EcoFOCI/data/1_SampleCollection/2023_SikuliaqDBO_CruiseData/CTD_raw_BottleFile_SKQ23-12S/proc/skq202312s_066svp.cnv
* Sea-Bird SBE 9 Data File:
* FileName = D:\CTD\SKQ202312S\SKQ202312S_066.hex
* Software Version Seasave V 7.26.7.121
* Temperature SN = 6177
* Conductivity SN = 0369
* Number of Bytes Per Scan = 41
* Number of Voltage Words = 4
* Number of Scans Averaged by the Deck Unit = 1
* NMEA Latitude = 72 12.41 N
* NMEA Longitude = 166 57.30 W
* NMEA UTC (Time) = Sep 28 2023  13:08:17
* NMEA baud rate = 4800
** Ship: R/V Sikuliaq
** Station Number: 066
** Station Name: IC0.3
** Bottom Depth: 47
** Operator: SD
# nquan = 7
# nvalues = 4842                                  
# units = specified
# name 0 = depSM: Depth [salt water, m]
# name 1 = latitude: Latitude [deg]
# name 2 = longitude: Longitude [deg]
# name 3 = t090C: Temperature [ITS-90, deg C]
# name 4 = sal00: Salinity, Practical [PSU]
# name 5 = svCM: Sound Velocity [Chen-Millero, m/s]
# name 6 = flag:  0.000e+00
# span 0 =      2.489,     42.256                 
# span 1 =   72.20680,   72.20682                 
# span 2 = -166.95580, -166.95532                 
# span 3 =     0.2306,     4.3186                 
# span 4 =    30.9114,    32.4398                 
# span 5 =    1447.30,    1463.43                 
# span 6 = 0.0000e+00, 0.0000e+00                 
# interval = seconds: 0.0416667
# start_time = Sep 28 2023 13:12:40 [NMEA time, first data scan]
# bad_flag = -9.990e-29
*END*
[from data line 821]
      5.463   72.20680 -166.95536     4.1286    30.9132    1462.00  0.000e+00
      5.578   72.20680 -166.95536     4.1284    30.9130    1462.00  0.000e+00
      5.517   72.20680 -166.95536     4.1286    30.9131    1462.00  0.000e+00
      5.578   72.20680 -166.95536     4.1284    30.9129    1462.00  0.000e+00
      5.517   72.20680 -166.95536     4.1284    30.9130    1462.00  0.000e+00
      5.578   72.20680 -166.95536     4.1284    30.9131    1462.00  0.000e+00
      5.632   72.20680 -166.95536     4.1281    30.9134    1462.00  0.000e+00
      5.516   72.20680 -166.95536     4.1284    30.9134    1462.00  0.000e+00
      5.632   72.20680 -166.95536     4.1283    30.9133    1462.00  0.000e+00
      5.632   72.20680 -166.95536     4.1283    30.9130    1462.00  0.000e+00
      5.578   72.20680 -166.95536     4.1283    30.9134    1462.00  0.000e+00
      5.694   72.20680 -166.95536     4.1284    30.9129    1462.00  0.000e+00
      5.632   72.20680 -166.95536     4.1283    30.9132    1462.00  0.000e+00
      5.632   72.20680 -166.95536     4.1280    30.9133    1462.00  0.000e+00
      5.694   72.20680 -166.95536     4.1283    30.9129    1462.00  0.000e+00
      5.632   72.20680 -166.95536     4.1283    30.9132    1462.00  0.000e+00
      5.694   72.20680 -166.95536     4.1283    30.9130    1462.00  0.000e+00
      5.694   72.20680 -166.95536     4.1281    30.9132    1462.00  0.000e+00
      5.694   72.20680 -166.95536     4.1283    30.9132    1462.00  0.000e+00
      5.694   72.20680 -166.95538     4.1284    30.9131    1462.00  0.000e+00
      5.748   72.20680 -166.95538     4.1283    30.9130    1462.00  0.000e+00
      5.748   72.20680 -166.95538     4.1283    30.9135    1462.00  0.000e+00
      5.747   72.20680 -166.95538     4.1283    30.9131    1462.00  0.000e+00
      5.747   72.20680 -166.95538     4.1283    30.9133    1462.00  0.000e+00
      5.801   72.20680 -166.95538     4.1283    30.9134    1462.00  0.000e+00
      5.747   72.20680 -166.95538     4.1283    30.9132    1462.00  0.000e+00
      5.801   72.20680 -166.95538     4.1283    30.9132    1462.00  0.000e+00
      5.747   72.20680 -166.95538     4.1283    30.9134    1462.00  0.000e+00
      5.863   72.20680 -166.95538     4.1283    30.9136    1462.00  0.000e+00
      5.801   72.20680 -166.95538     4.1284    30.9135    1462.00  0.000e+00
      5.863   72.20680 -166.95538     4.1284    30.9135    1462.00  0.000e+00
      5.801   72.20680 -166.95538     4.1284    30.9133    1462.00  0.000e+00
      5.863   72.20680 -166.95538     4.1286    30.9135    1462.00  0.000e+00
      5.863   72.20680 -166.95538     4.1284    30.9136    1462.00  0.000e+00
      5.863   72.20680 -166.95538     4.1284    30.9133    1462.00  0.000e+00
      5.917   72.20680 -166.95538     4.1284    30.9132    1462.00  0.000e+00
      5.863   72.20680 -166.95538     4.1286    30.9133    1462.00  0.000e+00
      5.917   72.20680 -166.95538     4.1283    30.9136    1462.00  0.000e+00
      5.917   72.20680 -166.95538     4.1287    30.9132    1462.00  0.000e+00
      5.917   72.20680 -166.95538     4.1286    30.9133    1462.00  0.000e+00
      5.979   72.20680 -166.95538     4.1284    30.9134    1462.00  0.000e+00
      5.917   72.20680 -166.95538     4.1284    30.9139    1462.00  0.000e+00
      5.978   72.20680 -166.95538     4.1287    30.9131    1462.01  0.000e+00
      5.978   72.20680 -166.95538     4.1286    30.9134    1462.01  0.000e+00
      5.978   72.20680 -166.95538     4.1286    30.9138    1462.01  0.000e+00
      6.032   72.20680 -166.95538     4.1287    30.9133    1462.01  0.000e+00
      5.978   72.20680 -166.95538     4.1286    30.9137    1462.01  0.000e+00
      6.032   72.20680 -166.95538     4.1287    30.9136    1462.01  0.000e+00
      6.032   72.20680 -166.95538     4.1289    30.9137    1462.01  0.000e+00
      6.032   72.20680 -166.95538     4.1289    30.9138    1462.01  0.000e+00
      6.094   72.20680 -166.95538     4.1289    30.9133    1462.01  0.000e+00
      6.032   72.20680 -166.95538     4.1287    30.9136    1462.01  0.000e+00
      6.094   72.20680 -166.95538     4.1291    30.9129    1462.01  0.000e+00
      6.032   72.20680 -166.95538     4.1286    30.9134    1462.01  0.000e+00
      6.094   72.20680 -166.95538     4.1286    30.9133    1462.01  0.000e+00
      6.094   72.20680 -166.95538     4.1286    30.9135    1462.01  0.000e+00
      6.148   72.20680 -166.95538     4.1284    30.9136    1462.01  0.000e+00
      6.094   72.20680 -166.95538     4.1284    30.9136    1462.01  0.000e+00
      6.148   72.20680 -166.95538     4.1286    30.9135    1462.01  0.000e+00
      6.148   72.20680 -166.95538     4.1284    30.9134    1462.01  0.000e+00
      6.148   72.20680 -166.95538     4.1287    30.9130    1462.01  0.000e+00
      6.148   72.20680 -166.95538     4.1284    30.9133    1462.01  0.000e+00
      6.148   72.20680 -166.95538     4.1284    30.9136    1462.01  0.000e+00
      6.094   72.20680 -166.95538     4.1286    30.9133    1462.01  0.000e+00
      6.240   72.20680 -166.95538     4.1287    30.9130    1462.01  0.000e+00
      6.202   72.20680 -166.95538     4.1283    30.9137    1462.01  0.000e+00
      6.202   72.20680 -166.95538     4.1284    30.9138    1462.01  0.000e+00
      6.148   72.20680 -166.95538     4.1286    30.9135    1462.01  0.000e+00
      6.202   72.20680 -166.95538     4.1286    30.9136    1462.01  0.000e+00
      6.263   72.20680 -166.95538     4.1286    30.9137    1462.01  0.000e+00
      6.202   72.20680 -166.95538     4.1284    30.9135    1462.01  0.000e+00
      6.202   72.20680 -166.95538     4.1287    30.9132    1462.01  0.000e+00
      6.201   72.20680 -166.95538     4.1284    30.9134    1462.01  0.000e+00
      6.263   72.20680 -166.95538     4.1286    30.9134    1462.01  0.000e+00
      6.263   72.20680 -166.95538     4.1286    30.9134    1462.01  0.000e+00
      6.201   72.20680 -166.95538     4.1284    30.9138    1462.01  0.000e+00
      6.263   72.20680 -166.95538     4.1286    30.9133    1462.01  0.000e+00
      6.263   72.20680 -166.95538     4.1284    30.9131    1462.01  0.000e+00
      6.263   72.20680 -166.95538     4.1284    30.9136    1462.01  0.000e+00
      6.201   72.20680 -166.95538     4.1284    30.9137    1462.01  0.000e+00
      6.317   72.20680 -166.95538     4.1284    30.9135    1462.01  0.000e+00
      6.263   72.20680 -166.95538     4.1284    30.9136    1462.01  0.000e+00
      6.263   72.20680 -166.95538     4.1284    30.9136    1462.01  0.000e+00
      6.263   72.20680 -166.95538     4.1284    30.9134    1462.01  0.000e+00
      6.263   72.20680 -166.95538     4.1284    30.9135    1462.01  0.000e+00
      6.317   72.20680 -166.95538     4.1284    30.9136    1462.01  0.000e+00
      6.263   72.20680 -166.95538     4.1284    30.9134    1462.01  0.000e+00
      6.263   72.20680 -166.95538     4.1284    30.9135    1462.01  0.000e+00
      6.317   72.20680 -166.95538     4.1284    30.9133    1462.01  0.000e+00
      6.263   72.20680 -166.95538     4.1286    30.9133    1462.01  0.000e+00
      6.317   72.20680 -166.95538     4.1286    30.9136    1462.01  0.000e+00
      6.263   72.20680 -166.95538     4.1286    30.9135    1462.01  0.000e+00
      6.317   72.20680 -166.95538     4.1284    30.9136    1462.01  0.000e+00
      6.263   72.20680 -166.95538     4.1287    30.9133    1462.01  0.000e+00
      6.317   72.20680 -166.95538     4.1283    30.9135    1462.01  0.000e+00
      6.317   72.20680 -166.95538     4.1284    30.9133    1462.01  0.000e+00
      6.263   72.20680 -166.95538     4.1287    30.9134    1462.01  0.000e+00
      6.317   72.20680 -166.95538     4.1284    30.9134    1462.01  0.000e+00
      6.317   72.20680 -166.95538     4.1284    30.9135    1462.01  0.000e+00
      6.263   72.20680 -166.95538     4.1286    30.9132    1462.01  0.000e+00
      6.263   72.20680 -166.95538     4.1283    30.9138    1462.01  0.000e+00
      6.317   72.20680 -166.95538     4.1286    30.9136    1462.01  0.000e+00
      6.316   72.20680 -166.95538     4.1284    30.9136    1462.01  0.000e+00
      6.262   72.20680 -166.95538     4.1284    30.9136    1462.01  0.000e+00
      6.316   72.20680 -166.95538     4.1286    30.9134    1462.01  0.000e+00
      6.316   72.20680 -166.95538     4.1287    30.9135    1462.01  0.000e+00
      6.262   72.20680 -166.95538     4.1286    30.9137    1462.01  0.000e+00
      6.316   72.20680 -166.95538     4.1284    30.9138    1462.01  0.000e+00
      6.316   72.20680 -166.95538     4.1284    30.9138    1462.01  0.000e+00
      6.316   72.20680 -166.95538     4.1286    30.9136    1462.01  0.000e+00
      6.262   72.20680 -166.95538     4.1286    30.9137    1462.01  0.000e+00
      6.316   72.20680 -166.95538     4.1287    30.9137    1462.01  0.000e+00
      6.316   72.20680 -166.95538     4.1287    30.9136    1462.01  0.000e+00
      6.262   72.20680 -166.95538     4.1286    30.9139    1462.01  0.000e+00
      6.262   72.20680 -166.95538     4.1289    30.9137    1462.01  0.000e+00
      6.347   72.20680 -166.95538     4.1289    30.9136    1462.01  0.000e+00
      6.316   72.20680 -166.95538     4.1289    30.9139    1462.01  0.000e+00
      6.316   72.20680 -166.95538     4.1289    30.9135    1462.01  0.000e+00
      6.316   72.20680 -166.95538     4.1289    30.9138    1462.01  0.000e+00
      6.262   72.20680 -166.95538     4.1291    30.9136    1462.01  0.000e+00
      6.378   72.20680 -166.95538     4.1289    30.9134    1462.01  0.000e+00
      6.262   72.20680 -166.95538     4.1291    30.9130    1462.01  0.000e+00
      6.316   72.20680 -166.95538     4.1291    30.9131    1462.01  0.000e+00
      6.316   72.20680 -166.95538     4.1289    30.9136    1462.01  0.000e+00
      6.316   72.20680 -166.95538     4.1289    30.9132    1462.01  0.000e+00
      6.316   72.20680 -166.95538     4.1289    30.9133    1462.01  0.000e+00
      6.378   72.20680 -166.95538     4.1289    30.9131    1462.01  0.000e+00
      6.262   72.20680 -166.95538     4.1289    30.9133    1462.01  0.000e+00
      6.378   72.20680 -166.95538     4.1291    30.9128    1462.01  0.000e+00
      6.316   72.20680 -166.95538     4.1287    30.9133    1462.01  0.000e+00
      6.378   72.20680 -166.95538     4.1287    30.9135    1462.01  0.000e+00
      6.316   72.20680 -166.95538     4.1287    30.9137    1462.01  0.000e+00
      6.377   72.20680 -166.95538     4.1287    30.9138    1462.01  0.000e+00
      6.316   72.20680 -166.95538     4.1289    30.9134    1462.01  0.000e+00
      6.377   72.20680 -166.95538     4.1287    30.9137    1462.01  0.000e+00
      6.316   72.20680 -166.95538     4.1289    30.9137    1462.01  0.000e+00
      6.377   72.20680 -166.95538     4.1289    30.9138    1462.01  0.000e+00
      6.377   72.20680 -166.95538     4.1289    30.9137    1462.01  0.000e+00
      6.377   72.20680 -166.95538     4.1293    30.9135    1462.01  0.000e+00
      6.377   72.20680 -166.95538     4.1294    30.9134    1462.02  0.000e+00
      6.377   72.20680 -166.95538     4.1293    30.9135    1462.01  0.000e+00
      6.431   72.20680 -166.95538     4.1293    30.9137    1462.02  0.000e+00
      6.377   72.20680 -166.95538     4.1294    30.9134    1462.02  0.000e+00
      6.431   72.20680 -166.95538     4.1294    30.9136    1462.02  0.000e+00
      6.377   72.20680 -166.95538     4.1294    30.9132    1462.01  0.000e+00
      6.431   72.20680 -166.95538     4.1294    30.9131    1462.02  0.000e+00
      6.431   72.20680 -166.95538     4.1294    30.9131    1462.02  0.000e+00
      6.377   72.20680 -166.95538     4.1293    30.9137    1462.01  0.000e+00
      6.431   72.20680 -166.95538     4.1293    30.9136    1462.02  0.000e+00
      6.485   72.20680 -166.95538     4.1293    30.9137    1462.02  0.000e+00
      6.431   72.20680 -166.95538     4.1294    30.9139    1462.02  0.000e+00
      6.485   72.20680 -166.95538     4.1296    30.9135    1462.02  0.000e+00
      6.431   72.20680 -166.95538     4.1294    30.9134    1462.02  0.000e+00
      6.485   72.20680 -166.95538     4.1294    30.9135    1462.02  0.000e+00
      6.485   72.20680 -166.95538     4.1296    30.9135    1462.02  0.000e+00
      6.547   72.20680 -166.95538     4.1294    30.9134    1462.02  0.000e+00
      6.485   72.20680 -166.95538     4.1293    30.9135    1462.02  0.000e+00
      6.547   72.20680 -166.95538     4.1291    30.9132    1462.02  0.000e+00
      6.485   72.20680 -166.95538     4.1293    30.9138    1462.02  0.000e+00
      6.547   72.20680 -166.95538     4.1293    30.9136    1462.02  0.000e+00
      6.577   72.20680 -166.95538     4.1294    30.9135    1462.02  0.000e+00
      6.547   72.20680 -166.95538     4.1294    30.9138    1462.02  0.000e+00
      6.546   72.20680 -166.95538     4.1294    30.9141    1462.02  0.000e+00
      6.600   72.20680 -166.95538     4.1296    30.9139    1462.02  0.000e+00
      6.600   72.20680 -166.95538     4.1294    30.9141    1462.02  0.000e+00
      6.662   72.20680 -166.95538     4.1299    30.9137    1462.02  0.000e+00
      6.600   72.20680 -166.95538     4.1299    30.9134    1462.02  0.000e+00
      6.662   72.20680 -166.95538     4.1297    30.9135    1462.02  0.000e+00
      6.600   72.20680 -166.95538     4.1296    30.9137    1462.02  0.000e+00
      6.662   72.20680 -166.95538     4.1297    30.9135    1462.02  0.000e+00
      6.716   72.20680 -166.95538     4.1297    30.9132    1462.02  0.000e+00
      6.662   72.20680 -166.95538     4.1297    30.9134    1462.02  0.000e+00
      6.716   72.20680 -166.95538     4.1296    30.9134    1462.02  0.000e+00
      6.716   72.20680 -166.95538     4.1296    30.9134    1462.02  0.000e+00
      6.716   72.20680 -166.95538     4.1294    30.9137    1462.02  0.000e+00
      6.778   72.20680 -166.95538     4.1296    30.9136    1462.02  0.000e+00
      6.716   72.20680 -166.95538     4.1294    30.9136    1462.02  0.000e+00
      6.777   72.20680 -166.95538     4.1297    30.9129    1462.02  0.000e+00
      6.777   72.20680 -166.95538     4.1291    30.9137    1462.02  0.000e+00
      6.777   72.20680 -166.95538     4.1294    30.9132    1462.02  0.000e+00
      6.831   72.20680 -166.95538     4.1294    30.9134    1462.02  0.000e+00
      6.831   72.20680 -166.95538     4.1294    30.9132    1462.02  0.000e+00
      6.831   72.20680 -166.95538     4.1291    30.9131    1462.02  0.000e+00
      6.831   72.20680 -166.95538     4.1291    30.9130    1462.02  0.000e+00
      6.885   72.20680 -166.95538     4.1289    30.9131    1462.02  0.000e+00
      6.885   72.20680 -166.95538     4.1287    30.9128    1462.02  0.000e+00
      6.885   72.20680 -166.95538     4.1286    30.9141    1462.02  0.000e+00
      6.885   72.20680 -166.95538     4.1287    30.9141    1462.02  0.000e+00
      6.947   72.20680 -166.95538     4.1289    30.9137    1462.02  0.000e+00
      6.885   72.20680 -166.95538     4.1291    30.9141    1462.02  0.000e+00
      6.947   72.20680 -166.95538     4.1294    30.9140    1462.03  0.000e+00
      6.947   72.20680 -166.95538     4.1296    30.9138    1462.03  0.000e+00
      6.947   72.20680 -166.95538     4.1296    30.9134    1462.03  0.000e+00
      6.978   72.20680 -166.95538     4.1294    30.9131    1462.02  0.000e+00
      7.001   72.20680 -166.95538     4.1293    30.9126    1462.02  0.000e+00
      7.001   72.20680 -166.95538     4.1293    30.9126    1462.02  0.000e+00
      7.001   72.20680 -166.95538     4.1289    30.9126    1462.02  0.000e+00
      7.001   72.20680 -166.95538     4.1286    30.9128    1462.02  0.000e+00
      7.001   72.20680 -166.95538     4.1283    30.9127    1462.02  0.000e+00
      7.062   72.20680 -166.95538     4.1283    30.9127    1462.02  0.000e+00
      7.062   72.20680 -166.95538     4.1280    30.9133    1462.02  0.000e+00
      7.001   72.20680 -166.95538     4.1283    30.9123    1462.02  0.000e+00
      7.062   72.20680 -166.95538     4.1281    30.9123    1462.02  0.000e+00
      7.116   72.20680 -166.95538     4.1276    30.9124    1462.02  0.000e+00
