EcoFOCI/data/1_SampleCollection/2023_SikuliaqDBO_CruiseData/CTD_raw_BottleFile_SKQ23-12S/proc/skq202312s_035avg.cnv
* Sea-Bird SBE 9 Data File:
* FileName = D:\CTD\SKQ202312S\SKQ202312S_035.hex
* Software Version Seasave V 7.26.7.121
* Temperature SN = 6177
* Conductivity SN = 0369
* Number of Bytes Per Scan = 41
* Number of Voltage Words = 4
* Number of Scans Averaged by the Deck Unit = 1
* NMEA Latitude = 71 45.08 N
* NMEA Longitude = 154 27.66 W
* NMEA UTC (Time) = Sep 22 2023  01:56:11
* NMEA baud rate = 4800
** Ship: R/V Sikuliaq
** Station Number: 035
** Station Name: BF2
** Bottom Depth: 88
** Operator: SD
# nquan = 25
# nvalues = 79                          
# units = specified
# name 0 = depSM: Depth [salt water, m]
# name 1 = latitude: Latitude [deg]
# name 2 = longitude: Longitude [deg]
# name 3 = prDM: Pressure, Digiquartz [db]
# name 4 = t090C: Temperature [ITS-90, deg C]
# name 5 = t190C: Temperature, 2 [ITS-90, deg C]
# name 6 = potemp090C: Potential Temperature [ITS-90, deg C]
# name 7 = sal00: Salinity, Practical [PSU]
# name 8 = sal11: Salinity, Practical, 2 [PSU]
# name 9 = density00: Density [density, kg/m^3]
# name 10 = sigma-é00: Density [sigma-theta, kg/m^3]
# name 11 = sbox0Mm/Kg: Oxygen, SBE 43 [umol/kg]
# name 12 = sbox1Mm/Kg: Oxygen, SBE 43, 2 [umol/kg]
# name 13 = oxsolMm/Kg: Oxygen Saturation, Garcia & Gordon [umol/kg]
# name 14 = sbeox0PS: Oxygen, SBE 43 [% saturation]
# name 15 = sbeox1PS: Oxygen, SBE 43, 2 [% saturation]
# name 16 = v0: Voltage 0
# name 17 = flECO-AFL: Fluorescence, WET Labs ECO-AFL/FL [mg/m^3]
# name 18 = v1: Voltage 1
# name 19 = CStarAt0: Beam Attenuation, WET Labs C-Star [1/m]
# name 20 = par: PAR/Irradiance, Biospherical/Licor
# name 21 = scan: Scan Count
# name 22 = timeM: Time, Elapsed [minutes]
# name 23 = nbin: number of scans per bin
# name 24 = flag: flag
# span 0 =      1.979,     79.167       
# span 1 =   71.75106,   71.75126       
# span 2 = -154.46116, -154.46005       
# span 3 =      2.000,     80.000       
# span 4 =    -0.9591,     4.1356       
# span 5 =    -0.9580,     4.1365       
# span 6 =    -0.9609,     4.1355       
# span 7 =    28.0122,    32.3323       
# span 8 =    28.0227,    32.3440       
# span 9 =  1022.2330,  1026.3736       
# span 10 =    22.2209,    25.9903      
# span 11 =    312.293,    345.989      
# span 12 =    297.380,    330.476      
# span 13 =  327.16796,  364.38829      
# span 14 =     87.586,    101.353      
# span 15 =     82.553,     97.157      
# span 16 =     0.0804,     0.2338      
# span 17 =     0.1343,     1.0550      
# span 18 =     3.1139,     3.9310      
# span 19 =     0.7251,     1.6644      
# span 20 = 1.0518e-06, 9.5234e+01      
# span 21 =       -179,       8866      
# span 22 =    -0.1252,     6.1559      
# span 23 =         10,        769      
# span 24 = 0.0000e+00, 0.0000e+00      
# interval = decibars: 1                
# start_time = Sep 22 2023 02:02:56 [NMEA time, first data scan]
# bad_flag = -9.990e-29
*END*
      1.979   71.75126 -154.46109      2.000     4.1356     4.1365     4.1355    28.0158    28.0273  1022.2330    22.2236    316.313    300.874  330.69722     95.651     90.992     0.2265     1.0110     3.7237     0.9422 9.5234e+01       -179    -0.1252         10 0.0000e+00
      2.969   71.75126 -154.46112      3.000     4.1330     4.1341     4.1328    28.0133    28.0236  1022.2359    22.2218    316.385    301.494  330.72476     95.664     91.171     0.2282     1.0216     3.7256     0.9400 5.4191e+01        360     0.2491        321 0.0000e+00
      3.959   71.75126 -154.46114      4.000     4.1341     4.1349     4.1339    28.0136    28.0239  1022.2407    22.2219    316.474    300.678  330.71529     95.694     90.926     0.2273     1.0156     3.7277     0.9378 4.2512e+01        612     0.4240        108 0.0000e+00
      4.949   71.75126 -154.46114      5.000     4.1345     4.1356     4.1342    28.0140    28.0246  1022.2457    22.2222    316.494    301.566  330.71096     95.701     91.197     0.2300     1.0319     3.7267     0.9389 3.2410e+01        730     0.5061        116 0.0000e+00
      5.939   71.75126 -154.46115      6.000     4.1342     4.1353     4.1339    28.0146    28.0250  1022.2510    22.2228    316.355    300.666  330.71142     95.659     90.924     0.2261     1.0087     3.7257     0.9399 2.3665e+01        905     0.6276        152 0.0000e+00
      6.928   71.75126 -154.46115      7.000     4.1325     4.1337     4.1321    28.0122    28.0227  1022.2538    22.2209    316.177    301.236  330.73181     95.599     91.091     0.2338     1.0550     3.7263     0.9393 1.7514e+01       1059     0.7344        176 0.0000e+00
      7.918   71.75126 -154.46114      8.000     4.1345     4.1354     4.1340    28.0151    28.0252  1022.2607    22.2231    316.581    301.205  330.70861     95.728     91.088     0.2324     1.0466     3.7264     0.9392 1.3557e+01       1191     0.8267        127 0.0000e+00
      8.908   71.75126 -154.46113      9.000     4.1351     4.1357     4.1345    28.0190    28.0297  1022.2685    22.2261    316.387    300.790  330.69408     95.674     90.966     0.2253     1.0039     3.7253     0.9403 1.0610e+01       1363     0.9456        125 0.0000e+00
      9.897   71.75126 -154.46112     10.000     4.1306     4.1313     4.1300    28.0365    28.0482  1022.2875    22.2405    316.324    300.877  330.68647     95.657     90.995     0.2242     0.9970     3.7167     0.9496 8.0883e+00       1497     1.0386        137 0.0000e+00
     10.887   71.75126 -154.46112     11.000     4.0983     4.0971     4.0977    28.2020    28.2142  1022.4264    22.3747    316.041    301.254  330.53625     95.615     91.146     0.2213     0.9800     3.6872     0.9815 6.2672e+00       1654     1.1481        157 0.0000e+00
     11.877   71.75126 -154.46110     12.000     3.9879     3.9904     3.9871    29.1062    29.1071  1023.1586    23.1022    313.810    298.251  329.18304     95.330     90.610     0.1786     0.7234     3.1538     1.6012 4.9665e+00       1800     1.2496        146 0.0000e+00
     12.867   71.75126 -154.46110     13.000     3.9804     3.9752     3.9796    29.2643    29.2880  1023.2896    23.2285    313.484    298.101  328.85226     95.327     90.653     0.1752     0.7033     3.2440     1.4938 3.9286e+00       1924     1.3352        144 0.0000e+00
     13.856   71.75126 -154.46110     14.000     3.8196     3.8419     3.8187    29.9722    29.9747  1023.8703    23.8046    312.293    297.380  328.41256     95.089     90.599     0.1556     0.5858     3.3709     1.3408 3.2145e+00       2017     1.3998         50 0.0000e+00
     14.846   71.75126 -154.46110     15.000     3.8264     3.8042     3.8255    30.4447    30.4777  1024.2507    24.1804    323.084    304.979  327.16796     98.749     93.188     0.1110     0.3179     3.7282     0.9384 2.2458e+00       2114     1.4674        129 0.0000e+00
     15.836   71.75126 -154.46110     16.000     3.5170     3.4955     3.5161    30.6172    30.6572  1024.4199    24.3447    330.577    316.107  329.23692    100.408     95.990     0.1054     0.2842     3.9004     0.7572 1.9815e+00       2184     1.5160         32 0.0000e+00
     16.825   71.75126 -154.46110     17.000     2.7420     2.7694     2.7411    31.0003    31.0039  1024.7946    24.7144    338.304    319.157  334.62826    101.098     95.440     0.0948     0.2209     3.6349     1.0399 1.1102e+00       2271     1.5764        115 0.0000e+00
     17.815   71.75126 -154.46110     18.000     2.0024     2.0032     2.0016    31.4531    31.4840  1025.2158    25.1306    344.319    329.985  339.73172    101.353     97.157     0.0901     0.1928     3.1139     1.6644 1.1848e+00       2332     1.6190         31 0.0000e+00
     18.805   71.75126 -154.46110     19.000     1.6143     1.6288     1.6134    31.7411    31.7515  1025.4779    25.3878    343.886    321.680  342.32790    100.455     94.010     0.0830     0.1500     3.6264     1.0512 8.4340e-01       2406     1.6703        107 0.0000e+00
     19.794   71.75126 -154.46110     20.000     1.4279     1.4227     1.4271    31.8337    31.8613  1025.5689    25.4740    345.989    330.476  343.71335    100.663     96.156     0.0804     0.1343     3.8693     0.7895 7.8244e-01       2474     1.7171         37 0.0000e+00
     20.784   71.75126 -154.46110     21.000     1.2926     1.2922     1.2918    31.8991    31.9184  1025.6347    25.5350    340.686    324.543  344.72898     98.828     94.158     0.0822     0.1453     3.8199     0.8421 5.1039e-01       2537     1.7611         95 0.0000e+00
     21.774   71.75126 -154.46110     22.000     1.2624     1.2633     1.2615    31.9245    31.9402  1025.6617    25.5573    334.124    317.238  344.92803     96.868     91.985     0.0854     0.1644     3.9310     0.7251 4.2155e-01       2615     1.8155         43 0.0000e+00
     22.763   71.75126 -154.46110     23.000     1.1758     1.1745     1.1749    31.9297    31.9521  1025.6760    25.5667    333.675    317.244  345.68031     96.527     91.787     0.0805     0.1350     3.9181     0.7384 3.6332e-01       2652     1.8410         43 0.0000e+00
     23.753   71.75126 -154.46110     24.000     1.0204     1.0239     1.0195    31.9528    31.9697  1025.7086    25.5944    332.460    316.881  346.99951     95.810     91.341     0.0851     0.1625     3.8937     0.7638 2.4706e-01       2732     1.8963         94 0.0000e+00
     24.743   71.75126 -154.46110     25.000     0.9059     0.9081     0.9050    31.9773    31.9955  1025.7397    25.6207    336.058    318.770  347.95756     96.580     91.630     0.0812     0.1392     3.9094     0.7473 2.3301e-01       2787     1.9351         35 0.0000e+00
     25.733   71.75126 -154.46110     26.000     0.8510     0.8508     0.8501    31.9842    32.0018  1025.7531    25.6293    334.605    318.220  348.43177     96.032     91.341     0.0835     0.1530     3.8890     0.7683 1.7595e-01       2831     1.9653         53 0.0000e+00
     26.722   71.75126 -154.46110     27.000     0.8073     0.8079     0.8063    31.9895    32.0053  1025.7646    25.6361    332.977    316.158  348.81106     95.461     90.651     0.0841     0.1564     3.8751     0.7825 1.5006e-01       2887     2.0045         53 0.0000e+00
     27.712   71.75126 -154.46110     28.000     0.7894     0.7905     0.7884    31.9902    32.0052  1025.7710    25.6377    331.568    315.570  348.96963     95.013     90.442     0.0860     0.1680     3.8698     0.7881 1.1312e-01       2954     2.0510         91 0.0000e+00
     28.702   71.75126 -154.46112     29.000     0.7558     0.7558     0.7548    31.9940    32.0106  1025.7807    25.6426    331.426    316.213  349.26239     94.893     90.549     0.0864     0.1701     3.8683     0.7896 1.0191e-01       3026     2.1004         34 0.0000e+00
     29.691   71.75126 -154.46112     30.000     0.6716     0.6690     0.6705    32.0118    32.0316  1025.8044    25.6614    332.129    316.332  349.97613     94.900     90.395     0.0842     0.1574     3.8703     0.7876 7.6468e-02       3053     2.1196         30 0.0000e+00
     30.681   71.75126 -154.46112     31.000     0.5819     0.5808     0.5808    32.0339    32.0494  1025.8318    25.6840    332.347    316.017  350.72917     94.759     90.111     0.0875     0.1771     3.8753     0.7823 4.6265e-02       3134     2.1760        100 0.0000e+00
     31.670   71.75126 -154.46112     32.000     0.4438     0.4386     0.4427    32.0585    32.0836  1025.8636    25.7109    334.570    318.067  351.92230     95.069     90.385     0.0865     0.1712     3.8862     0.7712 3.1055e-02       3183     2.2099         30 0.0000e+00
     32.660   71.75126 -154.46112     33.000     0.2743     0.2730     0.2732    32.0954    32.1143  1025.9067    25.7490    334.443    317.908  353.37751     94.642     89.973     0.0860     0.1679     3.8735     0.7842 1.3057e-02       3230     2.2422         70 0.0000e+00
     33.650   71.75125 -154.46112     34.000     0.2030     0.2037     0.2019    32.1052    32.1213  1025.9229    25.7604    334.111    315.800  354.00729     94.380     89.220     0.0900     0.1922     3.8583     0.7999 9.4920e-03       3309     2.2974         54 0.0000e+00
     34.639   71.75124 -154.46113     35.000     0.1599     0.1602     0.1588    32.1128    32.1293  1025.9359    25.7686    332.848    316.251  354.38535     93.923     89.251     0.0865     0.1709     3.8638     0.7943 1.8657e-03       3345     2.3222         36 0.0000e+00
     35.629   71.75125 -154.46114     36.000     0.1257     0.1263     0.1246    32.1188    32.1338  1025.9471    25.7750    331.791    315.227  354.68559     93.545     88.887     0.0873     0.1755     3.8581     0.8002 4.5124e-04       3404     2.3633        107 0.0000e+00
     36.618   71.75124 -154.46114     37.000     0.1014     0.1021     0.1003    32.1212    32.1356  1025.9549    25.7780    330.317    314.870  354.90443     93.072     88.731     0.0885     0.1834     3.8417     0.8173 3.1145e-04       3500     2.4295         36 0.0000e+00
     37.608   71.75124 -154.46114     38.000     0.0884     0.0897     0.0871    32.1269    32.1418  1025.9650    25.7833    330.347    315.151  355.01030     93.053     88.786     0.0858     0.1667     3.8421     0.8168 4.6656e-06       3520     2.4436         25 0.0000e+00
     38.598   71.75124 -154.46114     39.000     0.0267     0.0271     0.0255    32.1377    32.1544  1025.9813    25.7948    330.614    315.143  355.55441     92.985     88.647     0.0867     0.1719     3.8413     0.8176 2.1072e-06       3548     2.4635         40 0.0000e+00
     39.587   71.75124 -154.46114     40.000    -0.0331    -0.0326    -0.0343    32.1465    32.1594  1025.9960    25.8046    330.512    313.607  356.08639     92.818     88.080     0.0921     0.2043     3.8375     0.8216 2.6792e-06       3648     2.5325         80 0.0000e+00
     40.577   71.75124 -154.46115     41.000    -0.0293    -0.0265    -0.0305    32.1464    32.1597  1026.0006    25.8044    329.938    312.982  356.05158     92.666     87.919     0.0904     0.1943     3.8365     0.8227 1.7707e-06       3691     2.5625         48 0.0000e+00
     41.566   71.75124 -154.46115     42.000    -0.0615    -0.0607    -0.0628    32.1515    32.1661  1026.0109    25.8098    329.661    312.961  356.33901     92.513     87.839     0.0899     0.1914     3.8366     0.8226 2.9359e-06       3743     2.5984         52 0.0000e+00
     42.556   71.75124 -154.46116     43.000    -0.0927    -0.0920    -0.0940    32.1579    32.1718  1026.0222    25.8164    329.387    312.524  356.61272     92.366     87.648     0.0920     0.2041     3.8277     0.8318 1.6510e-06       3793     2.6333         53 0.0000e+00
     43.545   71.75124 -154.46116     44.000    -0.1113    -0.1125    -0.1126    32.1608    32.1749  1026.0302    25.8196    328.561    312.097  356.77843     92.091     87.483     0.0923     0.2061     3.7896     0.8721 2.3559e-06       3856     2.6772         62 0.0000e+00
     44.535   71.75124 -154.46116     45.000    -0.1279    -0.1269    -0.1292    32.1648    32.1781  1026.0390    25.8235    328.125    311.934  356.92287     91.932     87.407     0.0918     0.2029     3.8201     0.8398 2.3920e-06       3906     2.7118         39 0.0000e+00
     45.525   71.75124 -154.46116     46.000    -0.1365    -0.1353    -0.1378    32.1663    32.1796  1026.0454    25.8251    327.974    311.256  356.99931     91.870     87.199     0.0917     0.2025     3.8233     0.8364 2.5365e-06       3948     2.7410         50 0.0000e+00
     46.514   71.75124 -154.46116     47.000    -0.1572    -0.1550    -0.1586    32.1691    32.1826  1026.0533    25.8282    328.140    311.801  357.18603     91.868     87.308     0.0991     0.2464     3.8236     0.8361 2.1989e-06       4012     2.7855         73 0.0000e+00
     47.504   71.75124 -154.46116     48.000    -0.2101    -0.2102    -0.2115    32.1821    32.1960  1026.0709    25.8410    329.441    313.398  357.64746     92.113     87.637     0.0969     0.2334     3.8325     0.8268 2.0630e-06       4069     2.8252         41 0.0000e+00
     48.493   71.75122 -154.46115     49.000    -0.2231    -0.2246    -0.2246    32.1840    32.1983  1026.0778    25.8430    331.643    315.061  357.76483     92.698     88.070     0.0994     0.2484     3.8253     0.8343 2.2168e-06       4109     2.8528         42 0.0000e+00
     49.483   71.75123 -154.46114     50.000    -0.2549    -0.2546    -0.2563    32.1901    32.2039  1026.0889    25.8493    330.738    314.494  358.04704     92.373     87.846     0.1043     0.2775     3.8131     0.8471 1.5155e-06       4160     2.8880         55 0.0000e+00
     50.472   71.75122 -154.46114     51.000    -0.2873    -0.2872    -0.2888    32.1944    32.2086  1026.0985    25.8541    328.698    312.796  358.34076     91.728     87.300     0.1038     0.2745     3.8083     0.8522 1.5403e-06       4206     2.9199         44 0.0000e+00
     51.462   71.75122 -154.46114     52.000    -0.3100    -0.3089    -0.3114    32.1984    32.2111  1026.1075    25.8582    329.005    313.284  358.54379     91.761     87.388     0.1030     0.2701     3.8067     0.8539 3.3035e-06       4273     2.9669         73 0.0000e+00
     52.451   71.75122 -154.46112     53.000    -0.3184    -0.3181    -0.3199    32.2017    32.2152  1026.1153    25.8613    329.893    314.053  358.61413     91.991     87.584     0.1027     0.2680     3.8081     0.8524 2.5799e-06       4322     3.0009         36 0.0000e+00
     53.441   71.75122 -154.46111     54.000    -0.3780    -0.3792    -0.3795    32.2154    32.2303  1026.1337    25.8748    329.817    314.167  359.13962     91.836     87.485     0.1028     0.2686     3.8075     0.8530 1.6440e-06       4370     3.0342         71 0.0000e+00
     54.431   71.75122 -154.46110     55.000    -0.4292    -0.4315    -0.4307    32.2257    32.2406  1026.1489    25.8851    327.712    311.853  359.59712     91.133     86.728     0.1073     0.2958     3.8002     0.8607 1.5915e-06       4431     3.0762         32 0.0000e+00
     55.420   71.75122 -154.46110     56.000    -0.4501    -0.4498    -0.4516    32.2332    32.2469  1026.1606    25.8919    327.415    311.544  359.77428     91.006     86.604     0.1032     0.2714     3.7851     0.8766 1.0518e-06       4455     3.0930         24 0.0000e+00
     56.409   71.75122 -154.46109     57.000    -0.5018    -0.5058    -0.5034    32.2395    32.2540  1026.1726    25.8991    326.601    310.816  360.24949     90.660     86.279     0.0973     0.2356     3.7778     0.8844 1.6202e-06       4520     3.1380        117 0.0000e+00
     57.399   71.75122 -154.46108     58.000    -0.5639    -0.5621    -0.5654    32.2439    32.2585  1026.1833    25.9049    324.707    309.225  360.82923     89.989     85.713     0.0944     0.2182     3.7826     0.8793 2.8232e-06       4595     3.1906         24 0.0000e+00
