EcoFOCI/data/1_SampleCollection/2023_SikuliaqDBO_CruiseData/CTD_raw_BottleFile_SKQ23-12S/proc/skq202312s_061.ros
* Sea-Bird SBE 9 Data File:
* FileName = D:\CTD\SKQ202312S\SKQ202312S_061.hex
* Software Version Seasave V 7.26.7.121
* Temperature SN = 6177
* Conductivity SN = 0369
* Number of Bytes Per Scan = 41
* Number of Voltage Words = 4
* Number of Scans Averaged by the Deck Unit = 1
* NMEA Latitude = 71 36.10 N
* NMEA Longitude = 165 18.30 W
* NMEA UTC (Time) = Sep 27 2023  23:24:16
* NMEA baud rate = 4800
** Ship: R/V Sikuliaq
** Station Number: 061
** Station Name: IC3
** Bottom Depth: 42
** Operator: SS
** Recast for bottom water
# nquan = 22
# nvalues = 196                                   
# units = specified
# name 0 = depSM: Depth [salt water, m]
# name 1 = latitude: Latitude [deg]
# name 2 = longitude: Longitude [deg]
# name 3 = prDM: Pressure, Digiquartz [db]
# name 4 = t090C: Temperature [ITS-90, deg C]
# name 5 = t190C: Temperature, 2 [ITS-90, deg C]
# name 6 = potemp090C: Potential Temperature [ITS-90, deg C]
# name 7 = sal00: Salinity, Practical [PSU]
# name 8 = sal11: Salinity, Practical, 2 [PSU]
# name 9 = density00: Density [density, kg/m^3]
# name 10 = sigma-é00: Density [sigma-theta, kg/m^3]
# name 11 = sbox0Mm/Kg: Oxygen, SBE 43 [umol/kg]
# name 12 = sbox1Mm/Kg: Oxygen, SBE 43, 2 [umol/kg]
# name 13 = oxsolMm/Kg: Oxygen Saturation, Garcia & Gordon [umol/kg]
# name 14 = sbeox0PS: Oxygen, SBE 43 [% saturation]
# name 15 = v0: Voltage 0
# name 16 = flECO-AFL: Fluorescence, WET Labs ECO-AFL/FL [mg/m^3]
# name 17 = CStarAt0: Beam Attenuation, WET Labs C-Star [1/m]
# name 18 = par: PAR/Irradiance, Biospherical/Licor
# name 19 = scan: Scan Count
# name 20 = nbf: Bottles Fired
# name 21 = flag:  0.000e+00
# interval = seconds: 0.0416667
# start_time = Sep 27 2023 23:27:17 [NMEA time, first data scan]
# bad_flag = -9.990e-29
*END*
[from data line 132]
     37.049   71.60162 -165.30506     37.435    -1.0655    -1.0647    -1.0663    32.4854    32.4969  1026.2978    26.1176    262.130    248.330  364.98575     71.819     0.1709     0.6776     1.6597 9.9951e-01       5507          3  0.000e+00
     37.049   71.60162 -165.30506     37.435    -1.0652    -1.0646    -1.0660    32.4846    32.4969  1026.2972    26.1170    262.139    248.310  364.98520     71.822     0.1722     0.6850     1.6597 9.9951e-01       5508          3  0.000e+00
     37.042   71.60162 -165.30506     37.427    -1.0653    -1.0647    -1.0662    32.4848    32.4970  1026.2973    26.1171    262.150    248.291  364.98594     71.825     0.1709     0.6776     1.6597 9.9951e-01       5509          3  0.000e+00
     36.995   71.60162 -165.30506     37.381    -1.0651    -1.0644    -1.0659    32.4849    32.4963  1026.2972    26.1172    262.106    248.269  364.98324     71.813     0.1722     0.6850     1.6597 9.9951e-01       5510          3  0.000e+00
     36.995   71.60162 -165.30506     37.381    -1.0650    -1.0647    -1.0658    32.4848    32.4965  1026.2971    26.1171    262.367    248.251  364.98248     71.885     0.1709     0.6776     1.6597 9.9951e-01       5511          3  0.000e+00
     37.042   71.60162 -165.30506     37.427    -1.0651    -1.0646    -1.0659    32.4846    32.4965  1026.2972    26.1170    262.424    248.233  364.98405     71.900     0.1722     0.6850     1.6597 1.0027e+00       5512          3  0.000e+00
     37.049   71.60162 -165.30506     37.435    -1.0651    -1.0648    -1.0659    32.4850    32.4968  1026.2975    26.1172    262.475    248.215  364.98309     71.914     0.1709     0.6776     1.6597 1.0122e+00       5513          3  0.000e+00
     36.995   71.60162 -165.30506     37.381    -1.0650    -1.0646    -1.0658    32.4851    32.4971  1026.2973    26.1173    262.268    248.192  364.98174     71.858     0.1709     0.6776     1.6597 1.0122e+00       5514          3  0.000e+00
     37.042   71.60162 -165.30506     37.427    -1.0648    -1.0648    -1.0656    32.4848    32.4969  1026.2973    26.1171    262.525    248.176  364.98030     71.928     0.1722     0.6850     1.6581 1.0090e+00       5515          3  0.000e+00
     36.995   71.60162 -165.30506     37.381    -1.0650    -1.0648    -1.0658    32.4846    32.4965  1026.2969    26.1169    261.810    248.156  364.98297     71.732     0.1709     0.6776     1.6566 1.0058e+00       5516          3  0.000e+00
     36.926   71.60162 -165.30506     37.310    -1.0648    -1.0647    -1.0656    32.4845    32.4964  1026.2965    26.1168    261.969    248.166  364.98108     71.776     0.1722     0.6850     1.6566 1.0058e+00       5517          3  0.000e+00
     37.111   71.60162 -165.30506     37.498    -1.0647    -1.0648    -1.0655    32.4842    32.4961  1026.2971    26.1166    261.934    248.187  364.98151     71.766     0.1709     0.6776     1.6566 1.0058e+00       5518          3  0.000e+00
     36.995   71.60162 -165.30506     37.381    -1.0648    -1.0649    -1.0656    32.4843    32.4963  1026.2966    26.1166    261.890    248.168  364.98182     71.754     0.1722     0.6850     1.6566 1.0122e+00       5519          3  0.000e+00
     37.042   71.60162 -165.30506     37.427    -1.0649    -1.0648    -1.0658    32.4844    32.4963  1026.2970    26.1168    262.109    248.183  364.98304     71.814     0.1709     0.6776     1.6566 1.0153e+00       5520          3  0.000e+00
     36.934   71.60162 -165.30506     37.318    -1.0650    -1.0649    -1.0658    32.4848    32.4964  1026.2967    26.1170    262.115    248.198  364.98262     71.816     0.1709     0.6776     1.6566 1.0153e+00       5521          3  0.000e+00
     36.934   71.60162 -165.30506     37.319    -1.0654    -1.0657    -1.0662    32.4844    32.4969  1026.2964    26.1168    262.165    248.427  364.98761     71.829     0.1624     0.6264     1.6550 1.0282e+00       5620          4  0.000e+00
     36.980   71.60162 -165.30506     37.365    -1.0656    -1.0657    -1.0664    32.4846    32.4968  1026.2968    26.1169    261.952    248.632  364.98921     71.770     0.1600     0.6117     1.6550 1.0282e+00       5621          4  0.000e+00
     36.934   71.60162 -165.30506     37.319    -1.0654    -1.0660    -1.0662    32.4844    32.4973  1026.2964    26.1168    262.195    248.639  364.98761     71.837     0.1612     0.6190     1.6550 1.0282e+00       5622          4  0.000e+00
     36.934   71.60162 -165.30506     37.319    -1.0656    -1.0658    -1.0664    32.4848    32.4970  1026.2968    26.1171    262.490    248.678  364.98851     71.917     0.1600     0.6117     1.6550 1.0314e+00       5623          4  0.000e+00
     36.980   71.60162 -165.30506     37.365    -1.0654    -1.0657    -1.0662    32.4849    32.4965  1026.2970    26.1171    262.271    248.492  364.98622     71.858     0.1612     0.6190     1.6550 1.0282e+00       5624          4  0.000e+00
     36.934   71.60162 -165.30506     37.319    -1.0656    -1.0657    -1.0664    32.4849    32.4966  1026.2969    26.1172    262.053    248.467  364.98777     71.798     0.1600     0.6117     1.6550 1.0282e+00       5625          4  0.000e+00
     36.934   71.60162 -165.30506     37.319    -1.0656    -1.0657    -1.0664    32.4843    32.4965  1026.2964    26.1167    261.995    248.445  364.99011     71.781     0.1636     0.6337     1.6550 1.0249e+00       5626          4  0.000e+00
     36.980   71.60162 -165.30506     37.365    -1.0656    -1.0657    -1.0664    32.4844    32.4961  1026.2967    26.1167    261.986    248.423  364.98932     71.779     0.1661     0.6483     1.6550 1.0249e+00       5627          4  0.000e+00
     36.934   71.60162 -165.30506     37.319    -1.0658    -1.0657    -1.0666    32.4848    32.4969  1026.2968    26.1171    261.977    248.397  364.99027     71.776     0.1648     0.6410     1.6550 1.0282e+00       5628          4  0.000e+00
     36.934   71.60162 -165.30506     37.319    -1.0658    -1.0657    -1.0667    32.4849    32.4968  1026.2968    26.1172    261.922    248.374  364.99065     71.761     0.1661     0.6483     1.6550 1.0379e+00       5629          4  0.000e+00
     36.926   71.60162 -165.30506     37.311    -1.0660    -1.0658    -1.0668    32.4850    32.4970  1026.2969    26.1173    261.866    248.384  364.99139     71.746     0.1648     0.6410     1.6550 1.0411e+00       5630          4  0.000e+00
     36.934   71.60162 -165.30506     37.319    -1.0660    -1.0656    -1.0668    32.4851    32.4961  1026.2970    26.1173    262.115    248.362  364.99179     71.814     0.1648     0.6410     1.6550 1.0379e+00       5631          4  0.000e+00
     36.934   71.60162 -165.30506     37.319    -1.0660    -1.0658    -1.0668    32.4851    32.4967  1026.2970    26.1173    262.107    248.566  364.99179     71.812     0.1648     0.6410     1.6550 1.0346e+00       5632          4  0.000e+00
     36.926   71.60162 -165.30506     37.311    -1.0661    -1.0657    -1.0669    32.4849    32.4966  1026.2968    26.1172    261.893    248.573  364.99277     71.753     0.1648     0.6410     1.6550 1.0346e+00       5633          4  0.000e+00
     36.880   71.60162 -165.30506     37.264    -1.0660    -1.0658    -1.0668    32.4852    32.4974  1026.2969    26.1175    262.139    248.352  364.99133     71.821     0.1661     0.6483     1.6550 1.0346e+00       5634          4  0.000e+00
     36.934   71.60162 -165.30506     37.319    -1.0660    -1.0656    -1.0668    32.4850    32.4967  1026.2970    26.1173    262.183    248.328  364.99129     71.833     0.1648     0.6410     1.6550 1.0282e+00       5635          4  0.000e+00
     36.926   71.60162 -165.30506     37.311    -1.0656    -1.0657    -1.0664    32.4848    32.4966  1026.2967    26.1171    262.221    248.305  364.98812     71.844     0.1661     0.6483     1.6581 1.0282e+00       5636          4  0.000e+00
     36.934   71.60162 -165.30506     37.319    -1.0660    -1.0658    -1.0668    32.4853    32.4968  1026.2972    26.1175    262.012    248.507  364.99055     71.786     0.1648     0.6410     1.6613 1.0282e+00       5637          4  0.000e+00
     36.934   71.60162 -165.30506     37.319    -1.0656    -1.0658    -1.0664    32.4845    32.4969  1026.2966    26.1169    262.260    248.319  364.98887     71.854     0.1648     0.6410     1.6613 1.0411e+00       5638          4  0.000e+00
     36.865   71.60162 -165.30506     37.248    -1.0656    -1.0656    -1.0664    32.4846    32.4967  1026.2962    26.1169    262.301    248.322  364.98875     71.866     0.1648     0.6410     1.6613 1.0477e+00       5639          4  0.000e+00
     36.934   71.60162 -165.30506     37.319    -1.0655    -1.0657    -1.0663    32.4847    32.4970  1026.2967    26.1170    262.601    248.334  364.98775     71.948     0.1661     0.6483     1.6613 1.0477e+00       5640          4  0.000e+00
     36.934   71.60162 -165.30506     37.319    -1.0656    -1.0657    -1.0664    32.4851    32.4968  1026.2970    26.1173    262.436    248.312  364.98728     71.903     0.1648     0.6410     1.6613 1.0346e+00       5641          4  0.000e+00
     36.865   71.60162 -165.30506     37.248    -1.0655    -1.0654    -1.0663    32.4847    32.4968  1026.2963    26.1170    262.222    248.511  364.98788     71.844     0.1661     0.6483     1.6613 1.0282e+00       5642          4  0.000e+00
     36.934   71.60162 -165.30506     37.319    -1.0654    -1.0654    -1.0662    32.4848    32.4968  1026.2968    26.1171    262.473    248.521  364.98638     71.913     0.1661     0.6483     1.6613 1.0282e+00       5643          4  0.000e+00
     36.880   71.60162 -165.30506     37.264    -1.0653    -1.0654    -1.0662    32.4847    32.4965  1026.2964    26.1170    262.261    248.527  364.98615     71.855     0.1648     0.6410     1.6613 1.0314e+00       5644          4  0.000e+00
     36.926   71.60162 -165.30506     37.311    -1.0654    -1.0654    -1.0662    32.4849    32.4970  1026.2968    26.1172    262.260    248.532  364.98612     71.855     0.1661     0.6483     1.6613 1.0346e+00       5645          4  0.000e+00
     36.880   71.60162 -165.30506     37.264    -1.0654    -1.0654    -1.0662    32.4848    32.4974  1026.2965    26.1171    262.463    248.309  364.98653     71.910     0.1648     0.6410     1.6613 1.0346e+00       5646          4  0.000e+00
     36.934   71.60162 -165.30506     37.319    -1.0653    -1.0652    -1.0662    32.4853    32.4967  1026.2971    26.1175    262.206    248.315  364.98453     71.840     0.1661     0.6483     1.6613 1.0346e+00       5647          4  0.000e+00
     36.865   71.60162 -165.30506     37.248    -1.0652    -1.0649    -1.0660    32.4850    32.4966  1026.2966    26.1172    262.151    248.317  364.98426     71.825     0.1648     0.6410     1.6613 1.0379e+00       5648          4  0.000e+00
     36.880   71.60162 -165.30506     37.264    -1.0652    -1.0649    -1.0660    32.4848    32.4969  1026.2965    26.1171    262.404    248.325  364.98428     71.895     0.1648     0.6410     1.6613 1.0379e+00       5649          4  0.000e+00
     36.865   71.60162 -165.30506     37.248    -1.0651    -1.0649    -1.0659    32.4851    32.4964  1026.2967    26.1173    262.094    248.334  364.98276     71.810     0.1661     0.6483     1.6613 1.0346e+00       5650          4  0.000e+00
     36.934   71.60162 -165.30506     37.319    -1.0652    -1.0646    -1.0660    32.4851    32.4967  1026.2970    26.1173    262.043    248.344  364.98339     71.796     0.1624     0.6264     1.6613 1.0282e+00       5651          4  0.000e+00
     36.880   71.60162 -165.30506     37.264    -1.0651    -1.0648    -1.0659    32.4850    32.4972  1026.2967    26.1172    262.037    248.322  364.98304     71.794     0.1600     0.6117     1.6613 1.0249e+00       5652          4  0.000e+00
     36.926   71.60162 -165.30506     37.311    -1.0651    -1.0644    -1.0659    32.4850    32.4968  1026.2969    26.1172    262.291    248.301  364.98312     71.864     0.1587     0.6044     1.6613 1.0282e+00       5653          4  0.000e+00
     36.880   71.60162 -165.30506     37.264    -1.0649    -1.0643    -1.0657    32.4848    32.4970  1026.2965    26.1170    262.284    248.310  364.98152     71.862     0.1587     0.6044     1.6613 1.0314e+00       5654          4  0.000e+00
     36.880   71.60162 -165.30506     37.264    -1.0648    -1.0638    -1.0656    32.4846    32.4965  1026.2964    26.1169    261.819    248.288  364.98076     71.735     0.1587     0.6044     1.6613 1.0346e+00       5655          4  0.000e+00
     36.926   71.60162 -165.30506     37.311    -1.0649    -1.0636    -1.0657    32.4847    32.4964  1026.2967    26.1170    262.282    248.268  364.98160     71.862     0.1587     0.6044     1.6644 1.0346e+00       5656          4  0.000e+00
     36.880   71.60162 -165.30506     37.264    -1.0646    -1.0633    -1.0655    32.4842    32.4960  1026.2960    26.1166    262.023    248.278  364.98073     71.791     0.1600     0.6117     1.6660 1.0379e+00       5657          4  0.000e+00
     36.880   71.60162 -165.30506     37.264    -1.0647    -1.0634    -1.0655    32.4845    32.4963  1026.2962    26.1168    262.227    248.261  364.98062     71.847     0.1587     0.6044     1.6660 1.0379e+00       5658          4  0.000e+00
     36.926   71.60162 -165.30506     37.311    -1.0646    -1.0635    -1.0655    32.4845    32.4965  1026.2964    26.1168    262.274    248.019  364.98008     71.860     0.1600     0.6117     1.6660 1.0411e+00       5659          4  0.000e+00
     36.880   71.60162 -165.30506     37.264    -1.0646    -1.0637    -1.0655    32.4847    32.4967  1026.2964    26.1170    261.760    247.971  364.97951     71.719     0.1587     0.6044     1.6660 1.0411e+00       5660          4  0.000e+00
     36.880   71.60162 -165.30506     37.264    -1.0645    -1.0634    -1.0654    32.4842    32.4963  1026.2960    26.1166    261.966    248.148  364.97973     71.776     0.1600     0.6117     1.6660 1.0444e+00       5661          4  0.000e+00
     36.865   71.60162 -165.30506     37.249    -1.0646    -1.0636    -1.0655    32.4842    32.4966  1026.2959    26.1166    261.969    248.133  364.98083     71.776     0.1587     0.6044     1.6660 1.0444e+00       5662          4  0.000e+00
     36.934   71.60162 -165.30506     37.319    -1.0647    -1.0637    -1.0655    32.4844    32.4967  1026.2965    26.1168    262.179    248.121  364.98072     71.834     0.1587     0.6044     1.6660 1.0411e+00       5663          4  0.000e+00
     36.880   71.60162 -165.30506     37.264    -1.0649    -1.0637    -1.0658    32.4846    32.4964  1026.2963    26.1169    262.229    248.104  364.98263     71.847     0.1600     0.6117     1.6660 1.0444e+00       5664          4  0.000e+00
     36.926   71.60162 -165.30506     37.311    -1.0647    -1.0638    -1.0655    32.4842    32.4962  1026.2963    26.1166    261.975    247.898  364.98132     71.778     0.1587     0.6044     1.6660 1.0444e+00       5665          4  0.000e+00
     36.880   71.60162 -165.30506     37.264    -1.0648    -1.0637    -1.0656    32.4845    32.4963  1026.2963    26.1169    262.180    248.109  364.98100     71.834     0.1600     0.6117     1.6660 1.0444e+00       5666          4  0.000e+00
     36.934   71.60162 -165.30506     37.319    -1.0649    -1.0638    -1.0658    32.4843    32.4966  1026.2964    26.1167    262.182    247.907  364.98334     71.834     0.1587     0.6044     1.6660 1.0444e+00       5667          4  0.000e+00
     36.865   71.60162 -165.30506     37.249    -1.0650    -1.0640    -1.0658    32.4847    32.4966  1026.2964    26.1170    261.971    247.898  364.98274     71.776     0.1600     0.6117     1.6660 1.0444e+00       5668          4  0.000e+00
