EcoFOCI/data/1_SampleCollection/2023_SikuliaqDBO_CruiseData/CTD_raw_BottleFile_SKQ23-12S/proc/skq202312s_030svp.cnv
* Sea-Bird SBE 9 Data File:
* FileName = D:\CTD\SKQ202312S\SKQ202312S_030.hex
* Software Version Seasave V 7.26.7.121
* Temperature SN = 6177
* Conductivity SN = 0369
* Number of Bytes Per Scan = 41
* Number of Voltage Words = 4
* Number of Scans Averaged by the Deck Unit = 1
* NMEA Latitude = 71 27.31 N
* NMEA Longitude = 157 35.45 W
* NMEA UTC (Time) = Sep 21 2023  07:26:33
* NMEA baud rate = 4800
** Ship: R/V Sikuliaq
** Station Number: 030
** Station Name: DBO5.6
** Bottom Depth: 109
** Operator: SS
# nquan = 7
# nvalues = 8117                                  
# units = specified
# name 0 = depSM: Depth [salt water, m]
# name 1 = latitude: Latitude [deg]
# name 2 = longitude: Longitude [deg]
# name 3 = t090C: Temperature [ITS-90, deg C]
# name 4 = sal00: Salinity, Practical [PSU]
# name 5 = svCM: Sound Velocity [Chen-Millero, m/s]
# name 6 = flag:  0.000e+00
# span 0 =      4.093,    104.318                 
# span 1 =   71.45512,   71.45518                 
# span 2 = -157.59108, -157.59050                 
# span 3 =    -1.7033,     4.4585                 
# span 4 =    30.3710,    32.9828                 
# span 5 =    1438.58,    1462.69                 
# span 6 = 0.0000e+00, 0.0000e+00                 
# interval = seconds: 0.0416667
# start_time = Sep 21 2023 07:30:42 [NMEA time, first data scan]
# bad_flag = -9.990e-29
*END*
[from data line 206]
      4.663   71.45516 -157.59052     4.4405    30.3929    1462.62  0.000e+00
      4.663   71.45516 -157.59052     4.4374    30.3927    1462.61  0.000e+00
      4.663   71.45516 -157.59052     4.4337    30.3925    1462.59  0.000e+00
      4.663   71.45516 -157.59052     4.4332    30.3929    1462.59  0.000e+00
      4.663   71.45516 -157.59052     4.4332    30.3937    1462.59  0.000e+00
      4.663   71.45516 -157.59052     4.4337    30.3931    1462.59  0.000e+00
      4.663   71.45516 -157.59052     4.4340    30.3929    1462.60  0.000e+00
      4.717   71.45516 -157.59052     4.4343    30.3926    1462.60  0.000e+00
      4.602   71.45516 -157.59052     4.4348    30.3926    1462.60  0.000e+00
      4.663   71.45516 -157.59052     4.4350    30.3924    1462.60  0.000e+00
      4.663   71.45516 -157.59052     4.4350    30.3925    1462.60  0.000e+00
      4.663   71.45516 -157.59052     4.4355    30.3925    1462.60  0.000e+00
      4.602   71.45516 -157.59052     4.4348    30.3921    1462.60  0.000e+00
      4.663   71.45516 -157.59052     4.4342    30.3921    1462.59  0.000e+00
      4.602   71.45516 -157.59052     4.4343    30.3919    1462.59  0.000e+00
      4.602   71.45516 -157.59052     4.4352    30.3925    1462.60  0.000e+00
      4.602   71.45516 -157.59052     4.4361    30.3925    1462.60  0.000e+00
      4.663   71.45516 -157.59052     4.4369    30.3927    1462.61  0.000e+00
      4.548   71.45516 -157.59052     4.4374    30.3926    1462.61  0.000e+00
      4.602   71.45516 -157.59052     4.4375    30.3918    1462.61  0.000e+00
      4.602   71.45516 -157.59052     4.4369    30.3916    1462.60  0.000e+00
      4.548   71.45516 -157.59052     4.4361    30.3915    1462.60  0.000e+00
      4.548   71.45516 -157.59052     4.4356    30.3914    1462.60  0.000e+00
      4.548   71.45516 -157.59052     4.4352    30.3915    1462.60  0.000e+00
      4.548   71.45516 -157.59052     4.4355    30.3917    1462.60  0.000e+00
      4.548   71.45516 -157.59052     4.4355    30.3921    1462.60  0.000e+00
      4.548   71.45516 -157.59052     4.4355    30.3922    1462.60  0.000e+00
      4.494   71.45516 -157.59052     4.4350    30.3925    1462.60  0.000e+00
      4.494   71.45516 -157.59052     4.4347    30.3925    1462.59  0.000e+00
      4.494   71.45516 -157.59052     4.4347    30.3928    1462.60  0.000e+00
      4.494   71.45516 -157.59052     4.4348    30.3928    1462.60  0.000e+00
      4.432   71.45516 -157.59052     4.4347    30.3926    1462.59  0.000e+00
      4.494   71.45516 -157.59052     4.4340    30.3918    1462.59  0.000e+00
      4.432   71.45516 -157.59052     4.4325    30.3919    1462.58  0.000e+00
      4.432   71.45516 -157.59052     4.4310    30.3911    1462.58  0.000e+00
      4.432   71.45516 -157.59052     4.4304    30.3916    1462.57  0.000e+00
      4.378   71.45516 -157.59052     4.4304    30.3922    1462.57  0.000e+00
      4.432   71.45516 -157.59052     4.4309    30.3919    1462.58  0.000e+00
      4.378   71.45516 -157.59052     4.4312    30.3925    1462.58  0.000e+00
      4.378   71.45516 -157.59052     4.4318    30.3925    1462.58  0.000e+00
      4.316   71.45516 -157.59052     4.4312    30.3925    1462.58  0.000e+00
      4.378   71.45516 -157.59052     4.4307    30.3924    1462.58  0.000e+00
      4.316   71.45516 -157.59052     4.4307    30.3932    1462.58  0.000e+00
      4.316   71.45516 -157.59052     4.4310    30.3936    1462.58  0.000e+00
      4.262   71.45516 -157.59052     4.4312    30.3940    1462.58  0.000e+00
      4.316   71.45516 -157.59052     4.4312    30.3947    1462.58  0.000e+00
      4.262   71.45516 -157.59052     4.4314    30.3948    1462.58  0.000e+00
      4.316   71.45516 -157.59052     4.4315    30.3946    1462.58  0.000e+00
      4.286   71.45516 -157.59052     4.4318    30.3950    1462.58  0.000e+00
      4.316   71.45516 -157.59052     4.4317    30.3953    1462.58  0.000e+00
      4.262   71.45516 -157.59052     4.4320    30.3954    1462.58  0.000e+00
      4.316   71.45516 -157.59052     4.4317    30.3956    1462.58  0.000e+00
      4.262   71.45516 -157.59052     4.4314    30.3959    1462.58  0.000e+00
      4.262   71.45516 -157.59052     4.4312    30.3964    1462.58  0.000e+00
      4.208   71.45516 -157.59052     4.4307    30.3966    1462.58  0.000e+00
      4.262   71.45516 -157.59052     4.4301    30.3968    1462.58  0.000e+00
      4.262   71.45516 -157.59052     4.4301    30.3971    1462.58  0.000e+00
      4.262   71.45516 -157.59052     4.4303    30.3972    1462.58  0.000e+00
      4.208   71.45516 -157.59052     4.4295    30.3975    1462.57  0.000e+00
      4.262   71.45516 -157.59052     4.4295    30.3972    1462.58  0.000e+00
      4.262   71.45516 -157.59052     4.4296    30.3970    1462.58  0.000e+00
      4.262   71.45516 -157.59052     4.4296    30.3969    1462.58  0.000e+00
      4.262   71.45516 -157.59052     4.4295    30.3969    1462.57  0.000e+00
      4.262   71.45516 -157.59052     4.4292    30.3967    1462.57  0.000e+00
      4.208   71.45516 -157.59052     4.4292    30.3970    1462.57  0.000e+00
      4.262   71.45516 -157.59052     4.4293    30.3966    1462.57  0.000e+00
      4.262   71.45516 -157.59052     4.4295    30.3965    1462.57  0.000e+00
      4.262   71.45516 -157.59052     4.4299    30.3961    1462.58  0.000e+00
      4.262   71.45516 -157.59052     4.4301    30.3958    1462.58  0.000e+00
      4.262   71.45516 -157.59052     4.4303    30.3959    1462.58  0.000e+00
      4.262   71.45516 -157.59052     4.4304    30.3957    1462.58  0.000e+00
      4.316   71.45516 -157.59052     4.4307    30.3957    1462.58  0.000e+00
      4.262   71.45516 -157.59052     4.4309    30.3958    1462.58  0.000e+00
      4.316   71.45516 -157.59052     4.4307    30.3959    1462.58  0.000e+00
      4.316   71.45516 -157.59052     4.4304    30.3962    1462.58  0.000e+00
      4.262   71.45516 -157.59052     4.4304    30.3959    1462.58  0.000e+00
      4.316   71.45516 -157.59052     4.4306    30.3957    1462.58  0.000e+00
      4.316   71.45516 -157.59052     4.4309    30.3955    1462.58  0.000e+00
      4.378   71.45516 -157.59052     4.4309    30.3952    1462.58  0.000e+00
      4.316   71.45516 -157.59052     4.4309    30.3956    1462.58  0.000e+00
      4.316   71.45516 -157.59052     4.4309    30.3951    1462.58  0.000e+00
      4.378   71.45516 -157.59052     4.4307    30.3954    1462.58  0.000e+00
      4.378   71.45516 -157.59052     4.4307    30.3956    1462.58  0.000e+00
      4.378   71.45516 -157.59052     4.4310    30.3951    1462.58  0.000e+00
      4.378   71.45516 -157.59052     4.4312    30.3949    1462.58  0.000e+00
      4.432   71.45516 -157.59052     4.4310    30.3950    1462.58  0.000e+00
      4.432   71.45516 -157.59052     4.4314    30.3947    1462.58  0.000e+00
      4.378   71.45516 -157.59052     4.4314    30.3949    1462.58  0.000e+00
      4.432   71.45516 -157.59052     4.4318    30.3941    1462.58  0.000e+00
      4.494   71.45516 -157.59052     4.4315    30.3939    1462.58  0.000e+00
      4.432   71.45516 -157.59052     4.4312    30.3934    1462.58  0.000e+00
      4.494   71.45516 -157.59052     4.4304    30.3939    1462.58  0.000e+00
      4.432   71.45516 -157.59052     4.4301    30.3932    1462.58  0.000e+00
      4.548   71.45516 -157.59052     4.4293    30.3936    1462.57  0.000e+00
      4.401   71.45516 -157.59052     4.4289    30.3940    1462.57  0.000e+00
      4.602   71.45516 -157.59052     4.4296    30.3941    1462.58  0.000e+00
      4.548   71.45516 -157.59052     4.4298    30.3942    1462.58  0.000e+00
      4.548   71.45516 -157.59052     4.4299    30.3937    1462.58  0.000e+00
      4.548   71.45516 -157.59052     4.4293    30.3933    1462.57  0.000e+00
      4.548   71.45516 -157.59052     4.4288    30.3932    1462.57  0.000e+00
      4.602   71.45516 -157.59052     4.4280    30.3933    1462.57  0.000e+00
      4.548   71.45516 -157.59052     4.4272    30.3937    1462.57  0.000e+00
      4.663   71.45516 -157.59052     4.4264    30.3937    1462.56  0.000e+00
      4.602   71.45516 -157.59052     4.4260    30.3936    1462.56  0.000e+00
      4.663   71.45516 -157.59052     4.4254    30.3939    1462.56  0.000e+00
      4.663   71.45516 -157.59052     4.4249    30.3944    1462.56  0.000e+00
      4.602   71.45516 -157.59052     4.4244    30.3951    1462.56  0.000e+00
      4.717   71.45516 -157.59052     4.4242    30.3950    1462.56  0.000e+00
      4.663   71.45516 -157.59052     4.4242    30.3950    1462.56  0.000e+00
      4.717   71.45516 -157.59052     4.4238    30.3956    1462.56  0.000e+00
      4.717   71.45516 -157.59052     4.4241    30.3960    1462.56  0.000e+00
      4.779   71.45516 -157.59054     4.4247    30.3964    1462.56  0.000e+00
      4.717   71.45516 -157.59054     4.4260    30.3960    1462.57  0.000e+00
      4.779   71.45516 -157.59054     4.4271    30.3956    1462.57  0.000e+00
      4.779   71.45516 -157.59054     4.4286    30.3949    1462.58  0.000e+00
      4.779   71.45516 -157.59054     4.4298    30.3953    1462.58  0.000e+00
      4.779   71.45516 -157.59054     4.4302    30.3952    1462.58  0.000e+00
      4.833   71.45516 -157.59054     4.4303    30.3946    1462.58  0.000e+00
      4.779   71.45516 -157.59054     4.4303    30.3941    1462.58  0.000e+00
      4.833   71.45516 -157.59054     4.4301    30.3941    1462.58  0.000e+00
      4.895   71.45516 -157.59054     4.4296    30.3939    1462.58  0.000e+00
      4.833   71.45516 -157.59054     4.4292    30.3939    1462.58  0.000e+00
      4.895   71.45516 -157.59054     4.4288    30.3940    1462.58  0.000e+00
      4.895   71.45516 -157.59054     4.4280    30.3942    1462.58  0.000e+00
      4.895   71.45516 -157.59054     4.4275    30.3935    1462.57  0.000e+00
      4.895   71.45516 -157.59054     4.4269    30.3938    1462.57  0.000e+00
      4.895   71.45516 -157.59054     4.4266    30.3941    1462.57  0.000e+00
      4.949   71.45516 -157.59054     4.4261    30.3939    1462.57  0.000e+00
      4.895   71.45516 -157.59054     4.4253    30.3940    1462.56  0.000e+00
      4.949   71.45516 -157.59054     4.4246    30.3946    1462.56  0.000e+00
      4.949   71.45516 -157.59054     4.4245    30.3948    1462.56  0.000e+00
      4.949   71.45516 -157.59054     4.4241    30.3951    1462.56  0.000e+00
      4.949   71.45516 -157.59054     4.4241    30.3952    1462.56  0.000e+00
      5.003   71.45516 -157.59054     4.4242    30.3953    1462.56  0.000e+00
      4.949   71.45516 -157.59054     4.4246    30.3955    1462.56  0.000e+00
      5.003   71.45516 -157.59054     4.4246    30.3948    1462.56  0.000e+00
      4.949   71.45516 -157.59054     4.4242    30.3949    1462.56  0.000e+00
      5.003   71.45516 -157.59054     4.4236    30.3952    1462.56  0.000e+00
      5.003   71.45516 -157.59054     4.4238    30.3948    1462.56  0.000e+00
      5.003   71.45516 -157.59054     4.4242    30.3943    1462.56  0.000e+00
      5.003   71.45516 -157.59054     4.4247    30.3939    1462.56  0.000e+00
      5.003   71.45516 -157.59054     4.4251    30.3937    1462.56  0.000e+00
      5.064   71.45516 -157.59054     4.4250    30.3934    1462.56  0.000e+00
      5.003   71.45516 -157.59054     4.4242    30.3941    1462.56  0.000e+00
      5.003   71.45516 -157.59054     4.4238    30.3945    1462.56  0.000e+00
      5.064   71.45516 -157.59054     4.4236    30.3944    1462.56  0.000e+00
      5.003   71.45516 -157.59054     4.4233    30.3942    1462.56  0.000e+00
      5.064   71.45516 -157.59054     4.4231    30.3942    1462.56  0.000e+00
      5.003   71.45516 -157.59054     4.4233    30.3937    1462.56  0.000e+00
      5.064   71.45516 -157.59054     4.4233    30.3937    1462.56  0.000e+00
      5.064   71.45516 -157.59054     4.4231    30.3933    1462.56  0.000e+00
      5.003   71.45516 -157.59054     4.4233    30.3933    1462.56  0.000e+00
      5.064   71.45516 -157.59054     4.4228    30.3933    1462.56  0.000e+00
      5.064   71.45516 -157.59054     4.4221    30.3934    1462.55  0.000e+00
      5.003   71.45516 -157.59054     4.4215    30.3936    1462.55  0.000e+00
      5.064   71.45516 -157.59054     4.4215    30.3932    1462.55  0.000e+00
      5.064   71.45516 -157.59054     4.4210    30.3929    1462.55  0.000e+00
      5.064   71.45516 -157.59054     4.4209    30.3928    1462.55  0.000e+00
      5.064   71.45516 -157.59054     4.4204    30.3935    1462.55  0.000e+00
      5.003   71.45516 -157.59054     4.4207    30.3935    1462.55  0.000e+00
      5.118   71.45516 -157.59054     4.4209    30.3935    1462.55  0.000e+00
      5.003   71.45516 -157.59054     4.4204    30.3939    1462.55  0.000e+00
      5.064   71.45516 -157.59054     4.4204    30.3940    1462.55  0.000e+00
      5.118   71.45516 -157.59054     4.4200    30.3940    1462.55  0.000e+00
      5.064   71.45516 -157.59054     4.4188    30.3947    1462.54  0.000e+00
      5.003   71.45516 -157.59054     4.4160    30.3960    1462.53  0.000e+00
      5.118   71.45516 -157.59054     4.4130    30.3978    1462.52  0.000e+00
      5.064   71.45516 -157.59054     4.4106    30.3986    1462.51  0.000e+00
      5.064   71.45516 -157.59054     4.4087    30.3994    1462.50  0.000e+00
      5.064   71.45516 -157.59054     4.4087    30.3994    1462.50  0.000e+00
      5.064   71.45516 -157.59054     4.4100    30.3989    1462.51  0.000e+00
      5.064   71.45516 -157.59054     4.4109    30.3982    1462.51  0.000e+00
      5.064   71.45516 -157.59054     4.4113    30.3981    1462.51  0.000e+00
      5.118   71.45516 -157.59054     4.4116    30.3983    1462.52  0.000e+00
      5.064   71.45516 -157.59054     4.4124    30.3985    1462.52  0.000e+00
      5.064   71.45516 -157.59054     4.4133    30.3985    1462.52  0.000e+00
      5.118   71.45516 -157.59054     4.4146    30.3981    1462.53  0.000e+00
      5.064   71.45516 -157.59054     4.4168    30.3981    1462.54  0.000e+00
      5.118   71.45516 -157.59054     4.4195    30.3974    1462.55  0.000e+00
      5.064   71.45516 -157.59054     4.4207    30.3977    1462.55  0.000e+00
      5.118   71.45516 -157.59054     4.4210    30.3972    1462.55  0.000e+00
      5.064   71.45516 -157.59054     4.4214    30.3969    1462.55  0.000e+00
      5.118   71.45516 -157.59054     4.4217    30.3962    1462.56  0.000e+00
      5.118   71.45516 -157.59054     4.4214    30.3959    1462.55  0.000e+00
      5.118   71.45516 -157.59054     4.4206    30.3955    1462.55  0.000e+00
      5.118   71.45516 -157.59054     4.4206    30.3954    1462.55  0.000e+00
      5.180   71.45516 -157.59054     4.4210    30.3948    1462.55  0.000e+00
      5.118   71.45516 -157.59054     4.4209    30.3947    1462.55  0.000e+00
      5.180   71.45516 -157.59054     4.4203    30.3954    1462.55  0.000e+00
      5.118   71.45516 -157.59054     4.4196    30.3961    1462.55  0.000e+00
      5.180   71.45516 -157.59054     4.4192    30.3960    1462.55  0.000e+00
      5.180   71.45516 -157.59054     4.4192    30.3957    1462.55  0.000e+00
      5.180   71.45516 -157.59054     4.4184    30.3964    1462.54  0.000e+00
      5.118   71.45516 -157.59054     4.4170    30.3978    1462.54  0.000e+00
      5.234   71.45516 -157.59054     4.4164    30.3979    1462.54  0.000e+00
      5.180   71.45516 -157.59054     4.4174    30.3972    1462.54  0.000e+00
      5.180   71.45516 -157.59054     4.4192    30.3965    1462.55  0.000e+00
      5.234   71.45516 -157.59054     4.4201    30.3962    1462.55  0.000e+00
      5.234   71.45516 -157.59054     4.4192    30.3960    1462.55  0.000e+00
      5.234   71.45516 -157.59054     4.4184    30.3960    1462.54  0.000e+00
      5.234   71.45516 -157.59054     4.4186    30.3957    1462.54  0.000e+00
      5.234   71.45516 -157.59054     4.4188    30.3958    1462.54  0.000e+00
      5.296   71.45516 -157.59054     4.4195    30.3949    1462.55  0.000e+00
      5.234   71.45516 -157.59054     4.4198    30.3940    1462.55  0.000e+00
