EcoFOCI/data/1_SampleCollection/2023_SikuliaqDBO_CruiseData/CTD_raw_BottleFile_SKQ23-12S/proc/skq202312s_068.ros
* Sea-Bird SBE 9 Data File:
* FileName = D:\CTD\SKQ202312S\SKQ202312S_068.hex
* Software Version Seasave V 7.26.7.121
* Temperature SN = 6177
* Conductivity SN = 0369
* Number of Bytes Per Scan = 41
* Number of Voltage Words = 4
* Number of Scans Averaged by the Deck Unit = 1
* NMEA Latitude = 67 40.62 N
* NMEA Longitude = 168 56.94 W
* NMEA UTC (Time) = Sep 29 2023  21:42:04
* NMEA baud rate = 4800
** Ship: R/V Sikuliaq
** Station Number: 068
** Station Name: DBO3.8
** Bottom Depth: 50
** Operator: SD
# nquan = 22
# nvalues = 1127                                  
# units = specified
# name 0 = depSM: Depth [salt water, m]
# name 1 = latitude: Latitude [deg]
# name 2 = longitude: Longitude [deg]
# name 3 = prDM: Pressure, Digiquartz [db]
# name 4 = t090C: Temperature [ITS-90, deg C]
# name 5 = t190C: Temperature, 2 [ITS-90, deg C]
# name 6 = potemp090C: Potential Temperature [ITS-90, deg C]
# name 7 = sal00: Salinity, Practical [PSU]
# name 8 = sal11: Salinity, Practical, 2 [PSU]
# name 9 = density00: Density [density, kg/m^3]
# name 10 = sigma-é00: Density [sigma-theta, kg/m^3]
# name 11 = sbox0Mm/Kg: Oxygen, SBE 43 [umol/kg]
# name 12 = sbox1Mm/Kg: Oxygen, SBE 43, 2 [umol/kg]
# name 13 = oxsolMm/Kg: Oxygen Saturation, Garcia & Gordon [umol/kg]
# name 14 = sbeox0PS: Oxygen, SBE 43 [% saturation]
# name 15 = v0: Voltage 0
# name 16 = flECO-AFL: Fluorescence, WET Labs ECO-AFL/FL [mg/m^3]
# name 17 = CStarAt0: Beam Attenuation, WET Labs C-Star [1/m]
# name 18 = par: PAR/Irradiance, Biospherical/Licor
# name 19 = scan: Scan Count
# name 20 = nbf: Bottles Fired
# name 21 = flag:  0.000e+00
# interval = seconds: 0.0416667
# start_time = Sep 29 2023 21:45:22 [NMEA time, first data scan]
# bad_flag = -9.990e-29
*END*
[from data line 922]
      2.300   67.67714 -168.95016      2.323     3.1674     3.1633     3.1673    26.1223    26.1389  1020.8056    20.7946    332.498    315.604  343.59354     96.771     0.1783     0.7216     0.7073 1.4967e+02      26669         19  0.000e+00
      2.300   67.67714 -168.95016      2.323     3.1648     3.1606     3.1647    26.1253    26.1403  1020.8082    20.7971    332.507    315.654  343.60787     96.769     0.1770     0.7143     0.7073 1.5136e+02      26670         19  0.000e+00
      2.300   67.67714 -168.95016      2.323     3.1636     3.1566     3.1635    26.1288    26.1429  1020.8111    20.8000    332.503    315.714  343.60924     96.768     0.1783     0.7216     0.7073 1.5179e+02      26671         19  0.000e+00
      2.300   67.67714 -168.95016      2.323     3.1625     3.1566     3.1624    26.1322    26.1450  1020.8138    20.8028    332.535    315.718  343.61019     96.777     0.1770     0.7143     0.7073 1.5179e+02      26672         19  0.000e+00
      2.238   67.67714 -168.95016      2.261     3.1620     3.1656     3.1619    26.1358    26.1420  1020.8164    20.8057    332.521    315.652  343.60487     96.774     0.1783     0.7216     0.7061 1.5222e+02      26673         19  0.000e+00
      2.300   67.67714 -168.95016      2.323     3.1638     3.1739     3.1636    26.1372    26.1387  1020.8177    20.8067    332.535    315.600  343.58614     96.784     0.1770     0.7143     0.7061 1.5222e+02      26674         19  0.000e+00
      2.300   67.67714 -168.95016      2.323     3.1666     3.1771     3.1665    26.1357    26.1380  1020.8163    20.8053    332.545    315.585  343.56562     96.792     0.1783     0.7216     0.7073 1.5264e+02      26675         19  0.000e+00
      2.300   67.67714 -168.95016      2.323     3.1696     3.1795     3.1695    26.1340    26.1368  1020.8148    20.8038    332.556    315.579  343.54424     96.801     0.1770     0.7143     0.7073 1.5394e+02      26676         19  0.000e+00
      2.238   67.67714 -168.95016      2.261     3.1719     3.1822     3.1718    26.1335    26.1350  1020.8139    20.8032    332.531    315.571  343.52547     96.799     0.1770     0.7143     0.7061 1.5437e+02      26677         19  0.000e+00
      2.242   67.67714 -168.95016      2.264     3.1628     3.1477     3.1627    26.1276    26.1402  1020.8099    20.7992    332.403    317.368  343.61921     96.736     0.1783     0.7216     0.7085 1.5094e+02      26773         20  0.000e+00
      2.242   67.67714 -168.95016      2.264     3.1633     3.1477     3.1632    26.1276    26.1396  1020.8098    20.7991    332.382    317.396  343.61525     96.731     0.1783     0.7216     0.7085 1.4716e+02      26774         20  0.000e+00
      2.242   67.67714 -168.95016      2.264     3.1634     3.1468     3.1633    26.1276    26.1394  1020.8098    20.7991    332.590    317.200  343.61384     96.792     0.1783     0.7216     0.7085 1.4675e+02      26775         20  0.000e+00
      2.219   67.67714 -168.95016      2.241     3.1634     3.1453     3.1633    26.1274    26.1402  1020.8095    20.7989    332.381    317.181  343.61437     96.731     0.1783     0.7216     0.7085 1.4389e+02      26776         20  0.000e+00
      2.242   67.67714 -168.95016      2.264     3.1638     3.1455     3.1636    26.1274    26.1398  1020.8096    20.7989    332.361    317.375  343.61157     96.726     0.1783     0.7216     0.7085 1.4108e+02      26777         20  0.000e+00
      2.242   67.67714 -168.95016      2.264     3.1638     3.1454     3.1636    26.1270    26.1398  1020.8093    20.7986    332.382    317.386  343.61260     96.732     0.1783     0.7216     0.7085 1.4068e+02      26778         20  0.000e+00
      2.242   67.67714 -168.95016      2.264     3.1638     3.1453     3.1636    26.1269    26.1399  1020.8092    20.7985    332.592    317.191  343.61297     96.793     0.1783     0.7216     0.7085 1.4029e+02      26779         20  0.000e+00
      2.242   67.67714 -168.95016      2.264     3.1638     3.1447     3.1636    26.1266    26.1406  1020.8090    20.7983    332.384    317.378  343.61353     96.732     0.1795     0.7289     0.7085 1.3989e+02      26780         20  0.000e+00
      2.242   67.67714 -168.95016      2.264     3.1636     3.1447     3.1635    26.1262    26.1402  1020.8087    20.7980    332.369    317.404  343.61606     96.727     0.1783     0.7216     0.7085 1.3989e+02      26781         20  0.000e+00
      2.242   67.67714 -168.95016      2.264     3.1636     3.1452     3.1635    26.1257    26.1390  1020.8083    20.7975    332.352    317.399  343.61745     96.722     0.1795     0.7289     0.7085 1.4068e+02      26782         20  0.000e+00
      2.242   67.67714 -168.95016      2.265     3.1631     3.1452     3.1630    26.1261    26.1385  1020.8087    20.7979    332.564    317.191  343.62039     96.782     0.1795     0.7289     0.7085 1.4268e+02      26783         20  0.000e+00
      2.242   67.67714 -168.95016      2.265     3.1626     3.1449     3.1625    26.1264    26.1383  1020.8089    20.7982    332.358    317.161  343.62389     96.721     0.1807     0.7362     0.7085 1.4348e+02      26784         20  0.000e+00
      2.242   67.67714 -168.95016      2.265     3.1620     3.1438     3.1619    26.1265    26.1388  1020.8091    20.7983    332.344    317.336  343.62907     96.716     0.1795     0.7289     0.7085 1.4429e+02      26785         20  0.000e+00
      2.242   67.67714 -168.95016      2.265     3.1616     3.1437     3.1615    26.1266    26.1387  1020.8091    20.7984    332.366    317.321  343.63259     96.721     0.1807     0.7362     0.7085 1.4841e+02      26786         20  0.000e+00
      2.242   67.67714 -168.95016      2.265     3.1611     3.1426     3.1610    26.1251    26.1391  1020.8080    20.7973    332.356    317.310  343.64046     96.716     0.1795     0.7289     0.7085 1.4967e+02      26787         20  0.000e+00
      2.304   67.67714 -168.95016      2.327     3.1598     3.1394     3.1597    26.1243    26.1405  1020.8078    20.7967    332.355    317.313  343.65361     96.712     0.1807     0.7362     0.7085 1.5009e+02      26788         20  0.000e+00
      2.242   67.67714 -168.95016      2.265     3.1581     3.1380     3.1580    26.1248    26.1408  1020.8080    20.7972    332.576    317.318  343.66706     96.773     0.1795     0.7289     0.7085 1.5351e+02      26789         20  0.000e+00
      2.242   67.67714 -168.95016      2.265     3.1563     3.1372     3.1562    26.1264    26.1410  1020.8094    20.7986    332.680    317.318  343.67805     96.800     0.1795     0.7289     0.7085 1.5524e+02      26790         20  0.000e+00
      2.242   67.67714 -168.95016      2.265     3.1556     3.1365     3.1555    26.1271    26.1410  1020.8100    20.7993    332.703    317.315  343.68254     96.805     0.1795     0.7289     0.7085 1.5524e+02      26791         20  0.000e+00
      2.242   67.67714 -168.95016      2.265     3.1551     3.1358     3.1550    26.1264    26.1410  1020.8095    20.7987    332.499    317.308  343.68855     96.744     0.1795     0.7289     0.7085 1.5612e+02      26792         20  0.000e+00
      2.242   67.67714 -168.95016      2.265     3.1546     3.1346     3.1545    26.1251    26.1410  1020.8084    20.7977    332.488    317.304  343.69623     96.739     0.1795     0.7289     0.7098 1.5700e+02      26793         20  0.000e+00
      2.304   67.67714 -168.95016      2.327     3.1533     3.1332     3.1532    26.1237    26.1410  1020.8077    20.7967    332.524    317.300  343.71088     96.745     0.1795     0.7289     0.7098 1.5700e+02      26794         20  0.000e+00
      2.242   67.67714 -168.95016      2.265     3.1516     3.1319     3.1515    26.1241    26.1405  1020.8079    20.7971    331.878    317.289  343.72443     96.553     0.1795     0.7289     0.7098 1.5700e+02      26795         20  0.000e+00
      2.242   67.67714 -168.95016      2.265     3.1507     3.1305     3.1506    26.1248    26.1404  1020.8085    20.7977    332.670    317.277  343.73096     96.782     0.1795     0.7289     0.7098 1.5656e+02      26796         20  0.000e+00
      2.242   67.67714 -168.95016      2.265     3.1499     3.1290     3.1498    26.1264    26.1409  1020.8098    20.7991    332.733    317.262  343.73312     96.800     0.1795     0.7289     0.7098 1.5700e+02      26797         20  0.000e+00
      2.304   67.67714 -168.95016      2.327     3.1502     3.1288     3.1501    26.1267    26.1405  1020.8103    20.7993    332.754    317.237  343.72971     96.807     0.1795     0.7289     0.7098 1.5700e+02      26798         20  0.000e+00
      2.219   67.67714 -168.95016      2.242     3.1499     3.1294     3.1498    26.1270    26.1405  1020.8102    20.7996    332.585    317.220  343.73151     96.757     0.1795     0.7289     0.7098 1.5700e+02      26799         20  0.000e+00
      2.242   67.67714 -168.95016      2.265     3.1501     3.1300     3.1500    26.1268    26.1406  1020.8102    20.7994    332.571    317.180  343.73068     96.753     0.1795     0.7289     0.7098 1.5744e+02      26800         20  0.000e+00
      2.304   67.67714 -168.95016      2.327     3.1501     3.1310     3.1500    26.1270    26.1404  1020.8106    20.7996    332.560    317.161  343.73019     96.750     0.1795     0.7289     0.7098 1.5833e+02      26801         20  0.000e+00
      2.243   67.67714 -168.95016      2.265     3.1498     3.1311     3.1497    26.1277    26.1408  1020.8109    20.8001    332.771    317.343  343.73118     96.812     0.1795     0.7289     0.7098 1.5922e+02      26802         20  0.000e+00
      2.243   67.67714 -168.95016      2.265     3.1499     3.1313     3.1498    26.1283    26.1411  1020.8113    20.8005    332.790    317.346  343.72837     96.818     0.1795     0.7289     0.7098 1.5967e+02      26803         20  0.000e+00
      2.243   67.67714 -168.95016      2.265     3.1501     3.1318     3.1500    26.1286    26.1410  1020.8116    20.8008    332.807    317.344  343.72602     96.823     0.1795     0.7289     0.7098 1.6057e+02      26804         20  0.000e+00
      2.243   67.67714 -168.95016      2.265     3.1505     3.1323     3.1504    26.1291    26.1413  1020.8119    20.8012    332.631    317.338  343.72110     96.773     0.1795     0.7289     0.7098 1.6285e+02      26805         20  0.000e+00
      2.243   67.67714 -168.95016      2.265     3.1513     3.1334     3.1512    26.1292    26.1406  1020.8120    20.8012    332.606    317.350  343.71385     96.768     0.1795     0.7289     0.7098 1.6331e+02      26806         20  0.000e+00
      2.243   67.67714 -168.95014      2.265     3.1521     3.1335     3.1520    26.1286    26.1409  1020.8114    20.8006    332.584    317.164  343.70873     96.763     0.1783     0.7216     0.7098 1.6469e+02      26807         20  0.000e+00
      2.243   67.67714 -168.95014      2.265     3.1529     3.1334     3.1528    26.1279    26.1412  1020.8108    20.8000    332.562    317.134  343.70362     96.758     0.1783     0.7216     0.7098 1.6703e+02      26808         20  0.000e+00
      2.243   67.67714 -168.95014      2.265     3.1532     3.1329     3.1531    26.1273    26.1411  1020.8103    20.7996    332.544    317.107  343.70281     96.753     0.1770     0.7143     0.7098 1.6797e+02      26809         20  0.000e+00
      2.243   67.67714 -168.95014      2.265     3.1533     3.1321     3.1532    26.1271    26.1412  1020.8101    20.7994    332.527    317.079  343.70205     96.748     0.1770     0.7143     0.7098 1.6844e+02      26810         20  0.000e+00
      2.243   67.67714 -168.95014      2.265     3.1535     3.1311     3.1534    26.1269    26.1412  1020.8100    20.7992    332.546    317.052  343.70101     96.755     0.1770     0.7143     0.7098 1.6987e+02      26811         20  0.000e+00
      2.243   67.67714 -168.95014      2.266     3.1535     3.1308     3.1534    26.1268    26.1408  1020.8098    20.7991    332.758    317.018  343.70148     96.816     0.1770     0.7143     0.7110 1.7083e+02      26812         20  0.000e+00
      2.243   67.67714 -168.95014      2.266     3.1537     3.1305     3.1536    26.1260    26.1408  1020.8093    20.7985    332.552    317.005  343.70193     96.756     0.1758     0.7069     0.7098 1.7083e+02      26813         20  0.000e+00
      2.243   67.67714 -168.95014      2.266     3.1533     3.1305     3.1532    26.1260    26.1411  1020.8092    20.7985    332.538    316.988  343.70494     96.751     0.1770     0.7143     0.7098 1.7179e+02      26814         20  0.000e+00
      2.243   67.67714 -168.95014      2.266     3.1529     3.1315     3.1528    26.1260    26.1407  1020.8093    20.7986    332.752    316.963  343.70837     96.812     0.1770     0.7143     0.7098 1.7179e+02      26815         20  0.000e+00
      2.243   67.67714 -168.95014      2.266     3.1526     3.1323     3.1525    26.1263    26.1407  1020.8095    20.7988    332.357    316.937  343.71054     96.697     0.1770     0.7143     0.7098 1.7228e+02      26816         20  0.000e+00
      2.243   67.67714 -168.95014      2.266     3.1524     3.1332     3.1523    26.1262    26.1402  1020.8095    20.7988    332.534    316.911  343.71205     96.748     0.1770     0.7143     0.7098 1.7131e+02      26817         20  0.000e+00
      2.243   67.67714 -168.95014      2.266     3.1518     3.1330     3.1517    26.1277    26.1405  1020.8108    20.8000    332.521    316.891  343.71361     96.744     0.1770     0.7143     0.7098 1.7083e+02      26818         20  0.000e+00
      2.189   67.67714 -168.95014      2.211     3.1515     3.1337     3.1514    26.1291    26.1399  1020.8116    20.8011    332.504    316.863  343.71293     96.739     0.1770     0.7143     0.7110 1.7083e+02      26819         20  0.000e+00
      2.243   67.67714 -168.95014      2.266     3.1512     3.1349     3.1510    26.1299    26.1397  1020.8125    20.8017    332.492    316.833  343.71359     96.735     0.1770     0.7143     0.7098 1.6892e+02      26820         20  0.000e+00
      2.243   67.67714 -168.95014      2.266     3.1507     3.1368     3.1506    26.1306    26.1395  1020.8131    20.8023    332.706    316.793  343.71587     96.797     0.1783     0.7216     0.7098 1.6703e+02      26821         20  0.000e+00
      2.246   67.67714 -168.95014      2.268     3.1441     3.1533     3.1440    26.1278    26.1394  1020.8113    20.8006    332.996    316.397  343.77973     96.863     0.1770     0.7143     0.7085 1.4883e+02      26891         21  0.000e+00
      2.192   67.67714 -168.95014      2.214     3.1439     3.1538     3.1438    26.1275    26.1396  1020.8109    20.8004    332.972    316.399  343.78173     96.856     0.1758     0.7069     0.7085 1.5009e+02      26892         21  0.000e+00
      2.192   67.67714 -168.95014      2.214     3.1435     3.1535     3.1434    26.1275    26.1398  1020.8109    20.8004    333.177    316.410  343.78607     96.914     0.1770     0.7143     0.7085 1.5179e+02      26893         21  0.000e+00
      2.223   67.67714 -168.95014      2.245     3.1431     3.1524     3.1430    26.1269    26.1406  1020.8106    20.7999    333.002    316.631  343.79033     96.862     0.1770     0.7143     0.7073 1.5222e+02      26894         21  0.000e+00
      2.192   67.67714 -168.95014      2.214     3.1427     3.1514     3.1426    26.1255    26.1416  1020.8093    20.7988    333.018    316.464  343.79817     96.864     0.1770     0.7143     0.7061 1.5351e+02      26895         21  0.000e+00
      2.246   67.67714 -168.95014      2.268     3.1416     3.1509     3.1415    26.1256    26.1419  1020.8098    20.7990    333.001    316.478  343.80695     96.857     0.1758     0.7069     0.7061 1.5612e+02      26896         21  0.000e+00
      2.246   67.67714 -168.95014      2.268     3.1406     3.1524     3.1405    26.1258    26.1408  1020.8100    20.7993    333.017    316.475  343.81470     96.860     0.1770     0.7143     0.7061 1.5744e+02      26897         21  0.000e+00
