EcoFOCI/data/1_SampleCollection/2023_SikuliaqDBO_CruiseData/CTD_raw_BottleFile_SKQ23-12S/proc/skq202312s_082svpavg.cnv
* Sea-Bird SBE 9 Data File:
* FileName = D:\CTD\SKQ202312S\SKQ202312S_082.hex
* Software Version Seasave V 7.26.7.121
* Temperature SN = 6177
* Conductivity SN = 0369
* Number of Bytes Per Scan = 41
* Number of Voltage Words = 4
* Number of Scans Averaged by the Deck Unit = 1
* NMEA Latitude = 65 40.20 N
* NMEA Longitude = 168 22.04 W
* NMEA UTC (Time) = Oct 03 2023  09:48:47
* NMEA baud rate = 4800
** Ship: R/V Sikuliaq
** Station Number: 082
** Station Name: BS3
** Bottom Depth: 54
** Operator: SD
# nquan = 7
# nvalues = 47                          
# units = specified
# name 0 = depSM: Depth [salt water, m]
# name 1 = latitude: Latitude [deg]
# name 2 = longitude: Longitude [deg]
# name 3 = t090C: Temperature [ITS-90, deg C]
# name 4 = sal00: Salinity, Practical [PSU]
# name 5 = svCM: Sound Velocity [Chen-Millero, m/s]
# name 6 = flag: flag
# span 0 =      2.000,     48.000       
# span 1 =   65.66981,   65.66992       
# span 2 = -168.36857, -168.36791       
# span 3 =     3.0194,     6.5076       
# span 4 =    26.3337,    32.8748       
# span 5 =    1460.22,    1472.22       
# span 6 = 0.0000e+00, 0.0000e+00       
# interval = meters: 1                  
# start_time = Oct 03 2023 09:52:12 [NMEA time, first data scan]
# bad_flag = -9.990e-29
*END*
      2.000   65.66992 -168.36791     6.2087    26.3944    1464.78 0.0000e+00
      3.000   65.66991 -168.36794     6.2103    26.4090    1464.82 0.0000e+00
      4.000   65.66990 -168.36796     6.2099    26.3834    1464.80 0.0000e+00
      5.000   65.66990 -168.36796     6.2112    26.3337    1464.76 0.0000e+00
      6.000   65.66990 -168.36796     6.2115    26.6823    1465.22 0.0000e+00
      7.000   65.66990 -168.36798     6.1880    27.2700    1465.88 0.0000e+00
      8.000   65.66990 -168.36798     6.3167    28.7438    1468.26 0.0000e+00
      9.000   65.66990 -168.36798     6.4116    29.1876    1469.21 0.0000e+00
     10.000   65.66990 -168.36798     6.4597    29.9184    1470.34 0.0000e+00
     11.000   65.66990 -168.36798     6.4879    30.4200    1471.09 0.0000e+00
     12.000   65.66990 -168.36798     6.5076    30.7677    1471.62 0.0000e+00
     13.000   65.66990 -168.36800     6.4858    30.8222    1471.62 0.0000e+00
     14.000   65.66990 -168.36800     6.4492    31.0435    1471.77 0.0000e+00
     15.000   65.66990 -168.36800     6.3192    31.3772    1471.69 0.0000e+00
     16.000   65.66990 -168.36800     6.4111    31.4959    1472.22 0.0000e+00
     17.000   65.66990 -168.36800     6.2499    31.5651    1471.69 0.0000e+00
     18.000   65.66990 -168.36800     5.9545    31.6220    1470.59 0.0000e+00
     19.000   65.66990 -168.36800     5.6005    31.6654    1469.24 0.0000e+00
     20.000   65.66989 -168.36800     5.3136    31.6923    1468.13 0.0000e+00
     21.000   65.66990 -168.36800     5.0386    31.7553    1467.10 0.0000e+00
     22.000   65.66990 -168.36800     4.7305    31.8546    1465.98 0.0000e+00
     23.000   65.66989 -168.36800     4.5224    31.9830    1465.30 0.0000e+00
     24.000   65.66990 -168.36802     4.5064    32.1005    1465.40 0.0000e+00
     25.000   65.66990 -168.36802     4.4192    32.1840    1465.16 0.0000e+00
     26.000   65.66990 -168.36802     4.1803    32.2674    1464.29 0.0000e+00
     27.000   65.66990 -168.36802     3.8420    32.3900    1463.04 0.0000e+00
     28.000   65.66990 -168.36802     3.3505    32.6484    1461.31 0.0000e+00
     29.000   65.66990 -168.36802     3.0723    32.8366    1460.39 0.0000e+00
     30.000   65.66990 -168.36804     3.0194    32.8737    1460.22 0.0000e+00
     31.000   65.66990 -168.36804     3.0217    32.8748    1460.25 0.0000e+00
     32.000   65.66990 -168.36804     3.0203    32.8729    1460.26 0.0000e+00
     33.000   65.66988 -168.36805     3.0219    32.8706    1460.28 0.0000e+00
     34.000   65.66988 -168.36806     3.0223    32.8698    1460.30 0.0000e+00
     35.000   65.66988 -168.36806     3.0226    32.8689    1460.31 0.0000e+00
     36.000   65.66988 -168.36806     3.0228    32.8679    1460.33 0.0000e+00
     37.000   65.66988 -168.36808     3.0232    32.8669    1460.35 0.0000e+00
     38.000   65.66988 -168.36808     3.0228    32.8661    1460.36 0.0000e+00
     39.000   65.66988 -168.36808     3.0231    32.8655    1460.38 0.0000e+00
     40.000   65.66988 -168.36811     3.0232    32.8645    1460.39 0.0000e+00
     41.000   65.66988 -168.36812     3.0231    32.8636    1460.41 0.0000e+00
     42.000   65.66987 -168.36821     3.0236    32.8620    1460.42 0.0000e+00
     43.000   65.66986 -168.36828     3.0234    32.8614    1460.44 0.0000e+00
     44.000   65.66986 -168.36830     3.0234    32.8613    1460.45 0.0000e+00
     45.000   65.66986 -168.36832     3.0238    32.8613    1460.47 0.0000e+00
     46.000   65.66983 -168.36845     3.0242    32.8612    1460.49 0.0000e+00
     47.000   65.66983 -168.36850     3.0243    32.8614    1460.51 0.0000e+00
     48.000   65.66981 -168.36857     3.0240    32.8612    1460.53 0.0000e+00
