EcoFOCI/data/1_SampleCollection/2023_SikuliaqDBO_CruiseData/CTD_raw_BottleFile_SKQ23-12S/proc/skq202312s_031svp.cnv
* Sea-Bird SBE 9 Data File:
* FileName = D:\CTD\SKQ202312S\SKQ202312S_031.hex
* Software Version Seasave V 7.26.7.121
* Temperature SN = 6177
* Conductivity SN = 0369
* Number of Bytes Per Scan = 41
* Number of Voltage Words = 4
* Number of Scans Averaged by the Deck Unit = 1
* NMEA Latitude = 71 29.95 N
* NMEA Longitude = 157 40.36 W
* NMEA UTC (Time) = Sep 21 2023  09:49:17
* NMEA baud rate = 4800
** Ship: R/V Sikuliaq
** Station Number: 031
** Station Name: DBO5.7
** Bottom Depth: 81
** Operator: SS
# nquan = 7
# nvalues = 7970                                  
# units = specified
# name 0 = depSM: Depth [salt water, m]
# name 1 = latitude: Latitude [deg]
# name 2 = longitude: Longitude [deg]
# name 3 = t090C: Temperature [ITS-90, deg C]
# name 4 = sal00: Salinity, Practical [PSU]
# name 5 = svCM: Sound Velocity [Chen-Millero, m/s]
# name 6 = flag:  0.000e+00
# span 0 =      2.872,     76.386                 
# span 1 =   71.49900,   71.49906                 
# span 2 = -157.67374, -157.67336                 
# span 3 =    -1.6844,     3.0301                 
# span 4 =    29.9724,    32.8984                 
# span 5 =    1438.97,    1456.52                 
# span 6 = 0.0000e+00, 0.0000e+00                 
# interval = seconds: 0.0416667
# start_time = Sep 21 2023 09:54:09 [NMEA time, first data scan]
# bad_flag = -9.990e-29
*END*
[from data line 4513]
     68.391   71.49902 -157.67360    -1.6749    32.8102    1439.43  0.000e+00
     68.391   71.49902 -157.67360    -1.6747    32.8111    1439.44  0.000e+00
     68.383   71.49902 -157.67360    -1.6742    32.8118    1439.44  0.000e+00
     68.453   71.49902 -157.67360    -1.6738    32.8121    1439.44  0.000e+00
     68.391   71.49902 -157.67360    -1.6736    32.8129    1439.45  0.000e+00
     68.491   71.49902 -157.67360    -1.6736    32.8131    1439.45  0.000e+00
     68.453   71.49902 -157.67360    -1.6731    32.8135    1439.45  0.000e+00
     68.507   71.49902 -157.67360    -1.6733    32.8142    1439.45  0.000e+00
     68.491   71.49902 -157.67360    -1.6733    32.8153    1439.45  0.000e+00
     68.507   71.49902 -157.67360    -1.6730    32.8168    1439.45  0.000e+00
     68.507   71.49902 -157.67360    -1.6730    32.8178    1439.46  0.000e+00
     68.491   71.49902 -157.67360    -1.6728    32.8185    1439.46  0.000e+00
     68.561   71.49902 -157.67360    -1.6726    32.8187    1439.46  0.000e+00
     68.561   71.49902 -157.67360    -1.6726    32.8181    1439.46  0.000e+00
     68.553   71.49902 -157.67360    -1.6726    32.8181    1439.46  0.000e+00
     68.561   71.49902 -157.67360    -1.6726    32.8188    1439.46  0.000e+00
     68.561   71.49902 -157.67360    -1.6724    32.8184    1439.46  0.000e+00
     68.607   71.49902 -157.67360    -1.6728    32.8173    1439.46  0.000e+00
     68.561   71.49902 -157.67360    -1.6731    32.8155    1439.45  0.000e+00
     68.622   71.49902 -157.67360    -1.6734    32.8147    1439.45  0.000e+00
     68.607   71.49902 -157.67360    -1.6733    32.8149    1439.45  0.000e+00
     68.560   71.49902 -157.67360    -1.6734    32.8161    1439.45  0.000e+00
     68.622   71.49902 -157.67360    -1.6734    32.8179    1439.46  0.000e+00
     68.607   71.49902 -157.67360    -1.6730    32.8196    1439.46  0.000e+00
     68.676   71.49902 -157.67360    -1.6730    32.8206    1439.46  0.000e+00
     68.622   71.49902 -157.67360    -1.6725    32.8214    1439.47  0.000e+00
     68.668   71.49902 -157.67360    -1.6725    32.8227    1439.47  0.000e+00
     68.676   71.49902 -157.67360    -1.6723    32.8230    1439.47  0.000e+00
     68.622   71.49902 -157.67360    -1.6722    32.8227    1439.47  0.000e+00
     68.722   71.49902 -157.67360    -1.6724    32.8232    1439.47  0.000e+00
     68.676   71.49902 -157.67360    -1.6722    32.8229    1439.47  0.000e+00
     68.676   71.49902 -157.67360    -1.6722    32.8226    1439.47  0.000e+00
     68.668   71.49902 -157.67360    -1.6722    32.8231    1439.47  0.000e+00
     68.738   71.49902 -157.67360    -1.6722    32.8229    1439.47  0.000e+00
     68.676   71.49902 -157.67360    -1.6722    32.8235    1439.47  0.000e+00
     68.722   71.49902 -157.67360    -1.6722    32.8237    1439.47  0.000e+00
     68.676   71.49902 -157.67360    -1.6721    32.8232    1439.47  0.000e+00
     68.738   71.49902 -157.67360    -1.6722    32.8235    1439.47  0.000e+00
     68.722   71.49902 -157.67360    -1.6722    32.8237    1439.47  0.000e+00
     68.738   71.49902 -157.67360    -1.6722    32.8250    1439.47  0.000e+00
     68.738   71.49902 -157.67360    -1.6722    32.8270    1439.48  0.000e+00
     68.792   71.49902 -157.67360    -1.6722    32.8288    1439.48  0.000e+00
     68.784   71.49902 -157.67360    -1.6723    32.8303    1439.48  0.000e+00
     68.792   71.49902 -157.67360    -1.6721    32.8305    1439.48  0.000e+00
     68.791   71.49902 -157.67360    -1.6723    32.8313    1439.48  0.000e+00
     68.838   71.49902 -157.67360    -1.6722    32.8306    1439.48  0.000e+00
     68.791   71.49902 -157.67360    -1.6722    32.8295    1439.48  0.000e+00
     68.907   71.49902 -157.67360    -1.6716    32.8294    1439.49  0.000e+00
     68.838   71.49902 -157.67358    -1.6713    32.8314    1439.49  0.000e+00
     68.853   71.49902 -157.67358    -1.6710    32.8314    1439.49  0.000e+00
     68.907   71.49902 -157.67358    -1.6707    32.8306    1439.49  0.000e+00
     68.892   71.49902 -157.67358    -1.6704    32.8312    1439.49  0.000e+00
     68.907   71.49902 -157.67358    -1.6697    32.8324    1439.50  0.000e+00
     69.023   71.49902 -157.67358    -1.6692    32.8333    1439.50  0.000e+00
     68.892   71.49902 -157.67358    -1.6687    32.8349    1439.51  0.000e+00
     68.961   71.49902 -157.67358    -1.6684    32.8353    1439.51  0.000e+00
     68.961   71.49902 -157.67358    -1.6682    32.8348    1439.51  0.000e+00
     69.069   71.49902 -157.67358    -1.6690    32.8326    1439.51  0.000e+00
     68.961   71.49902 -157.67358    -1.6692    32.8306    1439.50  0.000e+00
     69.069   71.49902 -157.67358    -1.6687    32.8336    1439.51  0.000e+00
     69.077   71.49902 -157.67358    -1.6676    32.8378    1439.52  0.000e+00
     69.077   71.49902 -157.67358    -1.6662    32.8418    1439.53  0.000e+00
     69.123   71.49902 -157.67358    -1.6647    32.8450    1439.54  0.000e+00
     69.138   71.49902 -157.67358    -1.6638    32.8478    1439.55  0.000e+00
     69.192   71.49902 -157.67358    -1.6626    32.8497    1439.56  0.000e+00
     69.185   71.49902 -157.67358    -1.6618    32.8520    1439.57  0.000e+00
     69.192   71.49902 -157.67358    -1.6612    32.8539    1439.57  0.000e+00
     69.254   71.49902 -157.67358    -1.6604    32.8552    1439.58  0.000e+00
     69.293   71.49902 -157.67358    -1.6599    32.8565    1439.59  0.000e+00
     69.254   71.49902 -157.67358    -1.6592    32.8575    1439.59  0.000e+00
     69.362   71.49902 -157.67358    -1.6589    32.8586    1439.59  0.000e+00
     69.292   71.49902 -157.67358    -1.6583    32.8589    1439.60  0.000e+00
     69.424   71.49902 -157.67358    -1.6583    32.8599    1439.60  0.000e+00
     69.362   71.49902 -157.67358    -1.6576    32.8600    1439.60  0.000e+00
     69.408   71.49902 -157.67358    -1.6576    32.8602    1439.60  0.000e+00
     69.478   71.49902 -157.67358    -1.6573    32.8604    1439.61  0.000e+00
     69.424   71.49902 -157.67358    -1.6573    32.8610    1439.61  0.000e+00
     69.524   71.49902 -157.67358    -1.6568    32.8610    1439.61  0.000e+00
     69.539   71.49902 -157.67358    -1.6568    32.8623    1439.61  0.000e+00
     69.539   71.49902 -157.67358    -1.6565    32.8627    1439.61  0.000e+00
     69.586   71.49902 -157.67358    -1.6562    32.8629    1439.62  0.000e+00
     69.593   71.49902 -157.67358    -1.6561    32.8631    1439.62  0.000e+00
     69.655   71.49902 -157.67358    -1.6557    32.8632    1439.62  0.000e+00
     69.694   71.49902 -157.67358    -1.6557    32.8635    1439.62  0.000e+00
     69.655   71.49902 -157.67358    -1.6552    32.8644    1439.62  0.000e+00
     69.709   71.49902 -157.67358    -1.6550    32.8652    1439.63  0.000e+00
     69.755   71.49902 -157.67358    -1.6550    32.8669    1439.63  0.000e+00
     69.763   71.49902 -157.67358    -1.6543    32.8680    1439.64  0.000e+00
     69.709   71.49902 -157.67358    -1.6542    32.8706    1439.64  0.000e+00
     69.925   71.49902 -157.67358    -1.6539    32.8719    1439.65  0.000e+00
     69.825   71.49902 -157.67358    -1.6531    32.8730    1439.65  0.000e+00
     69.871   71.49902 -157.67358    -1.6530    32.8738    1439.65  0.000e+00
     69.879   71.49902 -157.67358    -1.6526    32.8749    1439.65  0.000e+00
     69.940   71.49902 -157.67358    -1.6522    32.8757    1439.66  0.000e+00
     69.925   71.49902 -157.67358    -1.6519    32.8757    1439.66  0.000e+00
     69.940   71.49902 -157.67358    -1.6518    32.8768    1439.66  0.000e+00
     69.940   71.49904 -157.67358    -1.6519    32.8774    1439.66  0.000e+00
     70.041   71.49904 -157.67358    -1.6516    32.8770    1439.66  0.000e+00
     69.994   71.49904 -157.67358    -1.6514    32.8775    1439.67  0.000e+00
     70.056   71.49904 -157.67358    -1.6514    32.8788    1439.67  0.000e+00
     70.040   71.49904 -157.67358    -1.6514    32.8794    1439.67  0.000e+00
     70.056   71.49904 -157.67358    -1.6511    32.8791    1439.67  0.000e+00
     70.110   71.49904 -157.67358    -1.6511    32.8795    1439.67  0.000e+00
     70.094   71.49904 -157.67358    -1.6513    32.8801    1439.67  0.000e+00
     70.110   71.49904 -157.67358    -1.6511    32.8806    1439.67  0.000e+00
     70.094   71.49904 -157.67358    -1.6513    32.8811    1439.67  0.000e+00
     70.172   71.49904 -157.67358    -1.6510    32.8808    1439.68  0.000e+00
     70.172   71.49904 -157.67358    -1.6511    32.8813    1439.68  0.000e+00
     70.156   71.49904 -157.67358    -1.6509    32.8811    1439.68  0.000e+00
     70.172   71.49904 -157.67358    -1.6510    32.8810    1439.68  0.000e+00
     70.225   71.49904 -157.67358    -1.6510    32.8804    1439.68  0.000e+00
     70.156   71.49904 -157.67358    -1.6511    32.8799    1439.67  0.000e+00
     70.225   71.49904 -157.67358    -1.6511    32.8787    1439.67  0.000e+00
     70.225   71.49904 -157.67358    -1.6513    32.8771    1439.67  0.000e+00
     70.210   71.49904 -157.67358    -1.6514    32.8754    1439.67  0.000e+00
     70.225   71.49904 -157.67358    -1.6514    32.8734    1439.66  0.000e+00
     70.272   71.49904 -157.67358    -1.6517    32.8729    1439.66  0.000e+00
     70.279   71.49904 -157.67358    -1.6518    32.8723    1439.66  0.000e+00
     70.225   71.49904 -157.67358    -1.6524    32.8725    1439.66  0.000e+00
     70.210   71.49904 -157.67358    -1.6530    32.8721    1439.65  0.000e+00
     70.279   71.49904 -157.67358    -1.6533    32.8720    1439.65  0.000e+00
     70.279   71.49904 -157.67358    -1.6542    32.8737    1439.65  0.000e+00
     70.272   71.49904 -157.67358    -1.6545    32.8731    1439.65  0.000e+00
     70.225   71.49904 -157.67358    -1.6545    32.8714    1439.65  0.000e+00
     70.279   71.49904 -157.67358    -1.6548    32.8697    1439.64  0.000e+00
     70.271   71.49904 -157.67358    -1.6552    32.8678    1439.64  0.000e+00
     70.225   71.49904 -157.67358    -1.6557    32.8667    1439.63  0.000e+00
     70.271   71.49904 -157.67358    -1.6559    32.8658    1439.63  0.000e+00
     70.225   71.49904 -157.67358    -1.6559    32.8653    1439.63  0.000e+00
     70.279   71.49904 -157.67358    -1.6562    32.8649    1439.63  0.000e+00
     70.210   71.49904 -157.67358    -1.6563    32.8640    1439.63  0.000e+00
     70.225   71.49904 -157.67358    -1.6563    32.8633    1439.63  0.000e+00
     70.279   71.49904 -157.67358    -1.6566    32.8623    1439.62  0.000e+00
     70.210   71.49904 -157.67358    -1.6568    32.8602    1439.62  0.000e+00
     70.279   71.49904 -157.67358    -1.6573    32.8594    1439.62  0.000e+00
     70.225   71.49904 -157.67358    -1.6576    32.8579    1439.61  0.000e+00
     70.209   71.49904 -157.67358    -1.6589    32.8532    1439.60  0.000e+00
     70.225   71.49904 -157.67358    -1.6611    32.8439    1439.58  0.000e+00
     70.109   71.49904 -157.67358    -1.6628    32.8355    1439.56  0.000e+00
     70.325   71.49904 -157.67358    -1.6641    32.8312    1439.55  0.000e+00
     70.171   71.49904 -157.67358    -1.6655    32.8296    1439.54  0.000e+00
     70.155   71.49904 -157.67358    -1.6669    32.8266    1439.52  0.000e+00
     70.171   71.49904 -157.67358    -1.6682    32.8210    1439.51  0.000e+00
     70.171   71.49904 -157.67358    -1.6699    32.8147    1439.49  0.000e+00
     70.155   71.49904 -157.67358    -1.6713    32.8116    1439.48  0.000e+00
     70.171   71.49904 -157.67358    -1.6717    32.8123    1439.48  0.000e+00
     70.171   71.49904 -157.67358    -1.6721    32.8144    1439.48  0.000e+00
     70.093   71.49904 -157.67358    -1.6725    32.8116    1439.48  0.000e+00
     70.171   71.49904 -157.67358    -1.6737    32.8071    1439.47  0.000e+00
     70.109   71.49904 -157.67358    -1.6747    32.8022    1439.45  0.000e+00
     70.093   71.49904 -157.67358    -1.6753    32.7985    1439.44  0.000e+00
     70.109   71.49904 -157.67358    -1.6760    32.7962    1439.44  0.000e+00
     70.093   71.49904 -157.67358    -1.6768    32.7949    1439.43  0.000e+00
     70.109   71.49904 -157.67358    -1.6769    32.7932    1439.43  0.000e+00
     70.055   71.49904 -157.67358    -1.6774    32.7928    1439.43  0.000e+00
     70.093   71.49904 -157.67358    -1.6777    32.7926    1439.43  0.000e+00
     70.055   71.49904 -157.67358    -1.6777    32.7927    1439.43  0.000e+00
     70.109   71.49904 -157.67358    -1.6778    32.7929    1439.43  0.000e+00
     70.039   71.49904 -157.67358    -1.6777    32.7932    1439.43  0.000e+00
     70.055   71.49904 -157.67358    -1.6777    32.7926    1439.43  0.000e+00
     70.055   71.49904 -157.67358    -1.6780    32.7926    1439.42  0.000e+00
     70.093   71.49904 -157.67358    -1.6780    32.7925    1439.42  0.000e+00
     70.055   71.49904 -157.67358    -1.6781    32.7929    1439.42  0.000e+00
     70.055   71.49904 -157.67358    -1.6782    32.7931    1439.42  0.000e+00
     70.039   71.49904 -157.67358    -1.6778    32.7933    1439.42  0.000e+00
     70.055   71.49904 -157.67358    -1.6780    32.7939    1439.43  0.000e+00
     69.985   71.49904 -157.67358    -1.6778    32.7943    1439.43  0.000e+00
     70.055   71.49904 -157.67358    -1.6777    32.7940    1439.43  0.000e+00
     70.054   71.49904 -157.67358    -1.6777    32.7941    1439.43  0.000e+00
     70.039   71.49904 -157.67358    -1.6775    32.7938    1439.43  0.000e+00
     69.993   71.49904 -157.67358    -1.6775    32.7945    1439.43  0.000e+00
     70.054   71.49904 -157.67358    -1.6771    32.7952    1439.43  0.000e+00
     70.039   71.49904 -157.67358    -1.6757    32.7980    1439.44  0.000e+00
     69.993   71.49904 -157.67358    -1.6749    32.8023    1439.45  0.000e+00
     70.054   71.49904 -157.67358    -1.6747    32.8040    1439.46  0.000e+00
     70.039   71.49904 -157.67358    -1.6749    32.8037    1439.45  0.000e+00
     70.054   71.49904 -157.67358    -1.6749    32.8023    1439.45  0.000e+00
     70.054   71.49904 -157.67358    -1.6748    32.8009    1439.45  0.000e+00
     70.039   71.49904 -157.67358    -1.6748    32.7991    1439.45  0.000e+00
     70.054   71.49904 -157.67358    -1.6751    32.7970    1439.44  0.000e+00
     70.039   71.49904 -157.67358    -1.6754    32.7962    1439.44  0.000e+00
     70.108   71.49904 -157.67358    -1.6758    32.7965    1439.44  0.000e+00
     70.054   71.49904 -157.67358    -1.6760    32.7970    1439.44  0.000e+00
     70.093   71.49904 -157.67358    -1.6757    32.7989    1439.44  0.000e+00
     70.108   71.49904 -157.67358    -1.6748    32.8027    1439.45  0.000e+00
     70.108   71.49904 -157.67358    -1.6742    32.8061    1439.46  0.000e+00
     70.093   71.49904 -157.67358    -1.6738    32.8066    1439.46  0.000e+00
     70.108   71.49904 -157.67358    -1.6736    32.8060    1439.46  0.000e+00
     70.108   71.49904 -157.67358    -1.6733    32.8055    1439.46  0.000e+00
     70.154   71.49904 -157.67358    -1.6736    32.8057    1439.46  0.000e+00
     70.170   71.49904 -157.67358    -1.6733    32.8075    1439.47  0.000e+00
     70.154   71.49904 -157.67358    -1.6728    32.8097    1439.47  0.000e+00
     70.170   71.49904 -157.67358    -1.6725    32.8120    1439.48  0.000e+00
     70.170   71.49904 -157.67358    -1.6723    32.8143    1439.48  0.000e+00
     70.270   71.49904 -157.67358    -1.6716    32.8155    1439.49  0.000e+00
     70.170   71.49904 -157.67358    -1.6715    32.8170    1439.49  0.000e+00
     70.224   71.49904 -157.67358    -1.6711    32.8185    1439.49  0.000e+00
     70.270   71.49904 -157.67358    -1.6707    32.8195    1439.50  0.000e+00
     70.278   71.49904 -157.67358    -1.6702    32.8203    1439.50  0.000e+00
     70.278   71.49904 -157.67358    -1.6693    32.8230    1439.51  0.000e+00
     70.324   71.49904 -157.67358    -1.6679    32.8275    1439.52  0.000e+00
     70.278   71.49904 -157.67358    -1.6667    32.8313    1439.53  0.000e+00
     70.278   71.49904 -157.67358    -1.6661    32.8344    1439.54  0.000e+00
     70.386   71.49904 -157.67358    -1.6654    32.8357    1439.55  0.000e+00
