EcoFOCI/data/1_SampleCollection/2023_SikuliaqDBO_CruiseData/CTD_raw_BottleFile_SKQ23-12S/proc/skq202312s_009.cnv
* Sea-Bird SBE 9 Data File:
* FileName = D:\CTD\SKQ202312S\SKQ202312S_009.hex
* Software Version Seasave V 7.26.7.121
* Temperature SN = 6177
* Conductivity SN = 0369
* Number of Bytes Per Scan = 41
* Number of Voltage Words = 4
* Number of Scans Averaged by the Deck Unit = 1
* NMEA Latitude = 63 01.70 N
* NMEA Longitude = 173 27.64 W
* NMEA UTC (Time) = Sep 16 2023  10:53:46
* NMEA baud rate = 4800
** Ship: R/V Sikuliaq
** Station Number: 009
** Station Name: DBO1.8
** Bottom Depth: 71
** Operator: SD
# nquan = 24
# nvalues = 6445                                  
# units = specified
# name 0 = depSM: Depth [salt water, m]
# name 1 = latitude: Latitude [deg]
# name 2 = longitude: Longitude [deg]
# name 3 = prDM: Pressure, Digiquartz [db]
# name 4 = t090C: Temperature [ITS-90, deg C]
# name 5 = t190C: Temperature, 2 [ITS-90, deg C]
# name 6 = potemp090C: Potential Temperature [ITS-90, deg C]
# name 7 = sal00: Salinity, Practical [PSU]
# name 8 = sal11: Salinity, Practical, 2 [PSU]
# name 9 = density00: Density [density, kg/m^3]
# name 10 = sigma-é00: Density [sigma-theta, kg/m^3]
# name 11 = sbox0Mm/Kg: Oxygen, SBE 43 [umol/kg]
# name 12 = sbox1Mm/Kg: Oxygen, SBE 43, 2 [umol/kg]
# name 13 = oxsolMm/Kg: Oxygen Saturation, Garcia & Gordon [umol/kg]
# name 14 = sbeox0PS: Oxygen, SBE 43 [% saturation]
# name 15 = sbeox1PS: Oxygen, SBE 43, 2 [% saturation]
# name 16 = v0: Voltage 0
# name 17 = flECO-AFL: Fluorescence, WET Labs ECO-AFL/FL [mg/m^3]
# name 18 = v1: Voltage 1
# name 19 = CStarAt0: Beam Attenuation, WET Labs C-Star [1/m]
# name 20 = par: PAR/Irradiance, Biospherical/Licor
# name 21 = scan: Scan Count
# name 22 = timeM: Time, Elapsed [minutes]
# name 23 = flag:  0.000e+00
# span 0 =      1.077,     66.655                 
# span 1 =   63.02840,   63.02840                 
# span 2 = -173.46060, -173.46058                 
# span 3 =      1.088,     67.317                 
# span 4 =    -1.3989,     7.4412                 
# span 5 =    -1.3975,     7.4348                 
# span 6 =    -1.3999,     7.4411                 
# span 7 =    31.2990,    32.0983                 
# span 8 =    31.1780,    32.1134                 
# span 9 =  1024.4554,  1026.1344                 
# span 10 =    24.4499,    25.8128                
# span 11 =    257.562,    450.040                
# span 12 =    245.686,    411.351                
# span 13 =  298.49341,  369.40246                
# span 14 =     69.767,    124.889                
# span 15 =     66.551,    113.527                
# span 16 =     0.0818,     0.2112                
# span 17 =     0.1428,     0.9194                
# span 18 =     3.2894,     4.1917                
# span 19 =     0.4684,     1.4383                
# span 20 = 1.0000e-12, 1.3709e+00                
# span 21 =          1,       6445                
# span 22 =     0.0000,     4.4750                
# span 23 = 0.0000e+00, 0.0000e+00                
# interval = seconds: 0.0416667
# start_time = Sep 16 2023 10:56:36 [NMEA time, first data scan]
# bad_flag = -9.990e-29
*END*
[from data line 3804]
     54.286   63.02840 -173.46060     54.822    -1.3955    -1.3944    -1.3965    32.0935    32.1067  1026.0737    25.8090    262.199    248.608  369.37107     70.985     67.315     0.0904     0.1941     3.6886     0.9799 8.4714e-06       3805     2.6417  0.000e+00
     54.347   63.02840 -173.46060     54.885    -1.3956    -1.3946    -1.3966    32.0936    32.1064  1026.0741    25.8091    262.230    248.835  369.37133     70.994     67.376     0.0891     0.1868     3.6886     0.9799 8.4714e-06       3806     2.6424  0.000e+00
     54.340   63.02840 -173.46060     54.877    -1.3955    -1.3946    -1.3965    32.0932    32.1061  1026.0736    25.8087    262.280    248.838  369.37216     71.007     67.376     0.0904     0.1941     3.6886     0.9799 1.0000e-12       3807     2.6431  0.000e+00
     54.347   63.02840 -173.46060     54.885    -1.3956    -1.3950    -1.3966    32.0934    32.1066  1026.0739    25.8089    262.350    248.852  369.37207     71.026     67.380     0.0891     0.1868     3.6886     0.9799 1.0000e-12       3808     2.6437  0.000e+00
     54.401   63.02840 -173.46060     54.939    -1.3958    -1.3950    -1.3969    32.0932    32.1064  1026.0740    25.8088    262.394    248.646  369.37537     71.037     67.324     0.0904     0.1941     3.6886     0.9799 8.4714e-06       3809     2.6444  0.000e+00
     54.347   63.02840 -173.46060     54.885    -1.3958    -1.3953    -1.3968    32.0928    32.1063  1026.0734    25.8084    262.450    248.876  369.37613     71.052     67.386     0.0891     0.1868     3.6886     0.9799 8.4714e-06       3810     2.6451  0.000e+00
     54.401   63.02840 -173.46060     54.939    -1.3958    -1.3950    -1.3969    32.0932    32.1059  1026.0740    25.8087    262.528    248.688  369.37549     71.074     67.335     0.0891     0.1868     3.6899     0.9786 1.0000e-12       3811     2.6458  0.000e+00
     54.463   63.02840 -173.46060     55.002    -1.3958    -1.3950    -1.3969    32.0932    32.1059  1026.0743    25.8088    262.625    248.677  369.37548     71.100     67.332     0.0891     0.1868     3.6886     0.9799 8.4714e-06       3812     2.6465  0.000e+00
     54.401   63.02840 -173.46060     54.939    -1.3960    -1.3952    -1.3970    32.0934    32.1059  1026.0742    25.8090    262.531    248.672  369.37590     71.074     67.330     0.0891     0.1868     3.6886     0.9799 8.4714e-06       3813     2.6472  0.000e+00
     54.463   63.02840 -173.46060     55.002    -1.3961    -1.3951    -1.3972    32.0929    32.1062  1026.0741    25.8086    262.348    248.679  369.37905     71.024     67.332     0.0879     0.1795     3.6886     0.9799 1.0000e-12       3814     2.6479  0.000e+00
     54.463   63.02840 -173.46060     55.002    -1.3961    -1.3948    -1.3972    32.0929    32.1063  1026.0741    25.8086    262.389    248.691  369.37905     71.035     67.336     0.0891     0.1868     3.6899     0.9786 1.0000e-12       3815     2.6486  0.000e+00
     54.517   63.02840 -173.46060     55.056    -1.3964    -1.3946    -1.3974    32.0929    32.1059  1026.0743    25.8085    262.454    248.716  369.38210     71.052     67.343     0.0904     0.1941     3.6886     0.9799 1.0000e-12       3816     2.6493  0.000e+00
     54.517   63.02840 -173.46060     55.056    -1.3961    -1.3946    -1.3972    32.0927    32.1062  1026.0742    25.8084    262.322    248.749  369.37964     71.017     67.352     0.0891     0.1868     3.6886     0.9799 8.4714e-06       3817     2.6500  0.000e+00
     54.517   63.02840 -173.46060     55.056    -1.3962    -1.3946    -1.3973    32.0933    32.1062  1026.0746    25.8088    262.322    248.759  369.37918     71.017     67.355     0.0904     0.1941     3.6886     0.9799 1.0000e-12       3818     2.6507  0.000e+00
     54.579   63.02840 -173.46060     55.119    -1.3961    -1.3945    -1.3972    32.0930    32.1065  1026.0747    25.8086    262.342    248.776  369.37888     71.023     67.360     0.0891     0.1868     3.6886     0.9799 1.0000e-12       3819     2.6514  0.000e+00
     54.571   63.02840 -173.46060     55.111    -1.3963    -1.3944    -1.3973    32.0936    32.1060  1026.0751    25.8091    262.380    248.801  369.37893     71.033     67.367     0.0904     0.1941     3.6886     0.9799 8.4714e-06       3820     2.6521  0.000e+00
     54.633   63.02840 -173.46060     55.173    -1.3958    -1.3945    -1.3968    32.0933    32.1061  1026.0752    25.8089    262.382    248.871  369.37451     71.034     67.385     0.0891     0.1868     3.6886     0.9799 1.0000e-12       3821     2.6528  0.000e+00
     54.633   63.02840 -173.46060     55.173    -1.3957    -1.3945    -1.3967    32.0932    32.1060  1026.0751    25.8087    262.402    248.914  369.37385     71.040     67.397     0.0904     0.1941     3.6886     0.9799 1.0000e-12       3822     2.6535  0.000e+00
     54.633   63.02840 -173.46060     55.173    -1.3956    -1.3945    -1.3966    32.0931    32.1064  1026.0751    25.8087    262.438    248.734  369.37282     71.050     67.349     0.0891     0.1868     3.6850     0.9839 1.0000e-12       3823     2.6542  0.000e+00
     54.687   63.02840 -173.46060     55.228    -1.3958    -1.3946    -1.3968    32.0934    32.1064  1026.0755    25.8089    262.495    248.765  369.37436     71.065     67.357     0.0891     0.1868     3.6838     0.9852 1.0000e-12       3824     2.6549  0.000e+00
     54.687   63.02840 -173.46060     55.228    -1.3957    -1.3942    -1.3967    32.0930    32.1054  1026.0753    25.8086    262.306    248.801  369.37420     71.014     67.367     0.0879     0.1795     3.6838     0.9852 1.0000e-12       3825     2.6556  0.000e+00
     54.687   63.02840 -173.46060     55.228    -1.3955    -1.3945    -1.3965    32.0929    32.1061  1026.0751    25.8085    262.344    248.849  369.37290     71.024     67.379     0.0891     0.1868     3.6838     0.9852 8.4714e-06       3826     2.6563  0.000e+00
     54.803   63.02840 -173.46060     55.345    -1.3956    -1.3945    -1.3966    32.0930    32.1062  1026.0758    25.8086    262.354    248.909  369.37312     71.027     67.396     0.0867     0.1721     3.6838     0.9852 8.4714e-06       3827     2.6569  0.000e+00
     54.749   63.02840 -173.46060     55.290    -1.3956    -1.3945    -1.3966    32.0933    32.1064  1026.0758    25.8088    262.375    248.938  369.37228     71.033     67.404     0.0867     0.1721     3.6838     0.9852 8.4714e-06       3828     2.6576  0.000e+00
     54.749   63.02840 -173.46060     55.290    -1.3953    -1.3945    -1.3964    32.0927    32.1061  1026.0753    25.8084    262.413    248.979  369.37171     71.043     67.415     0.0879     0.1795     3.6838     0.9852 1.0000e-12       3829     2.6583  0.000e+00
     54.864   63.02840 -173.46060     55.407    -1.3956    -1.3944    -1.3966    32.0932    32.1059  1026.0762    25.8087    262.474    249.030  369.37273     71.059     67.429     0.0867     0.1721     3.6838     0.9852 1.0000e-12       3830     2.6590  0.000e+00
     54.803   63.02840 -173.46060     55.345    -1.3957    -1.3944    -1.3967    32.0931    32.1062  1026.0759    25.8087    262.493    248.820  369.37391     71.064     67.372     0.0879     0.1795     3.6838     0.9852 8.4714e-06       3831     2.6597  0.000e+00
     54.918   63.02840 -173.46060     55.462    -1.3953    -1.3942    -1.3964    32.0927    32.1058  1026.0761    25.8083    262.271    248.822  369.37176     71.005     67.373     0.0867     0.1721     3.6838     0.9852 8.4714e-06       3832     2.6604  0.000e+00
     54.864   63.02840 -173.46060     55.407    -1.3954    -1.3941    -1.3964    32.0928    32.1057  1026.0759    25.8085    262.272    248.827  369.37193     71.005     67.374     0.0867     0.1721     3.6838     0.9852 1.0000e-12       3833     2.6611  0.000e+00
     54.918   63.02840 -173.46060     55.462    -1.3956    -1.3944    -1.3966    32.0932    32.1059  1026.0765    25.8088    262.293    248.845  369.37258     71.010     67.379     0.0867     0.1721     3.6838     0.9852 8.4714e-06       3834     2.6618  0.000e+00
     54.980   63.02840 -173.46060     55.524    -1.3953    -1.3941    -1.3964    32.0931    32.1058  1026.0768    25.8087    262.277    248.868  369.37050     71.006     67.385     0.0867     0.1721     3.6838     0.9852 8.4714e-06       3835     2.6625  0.000e+00
     54.980   63.02840 -173.46060     55.524    -1.3956    -1.3944    -1.3966    32.0930    32.1066  1026.0767    25.8086    262.536    248.866  369.37306     71.076     67.385     0.0867     0.1721     3.6838     0.9852 8.4714e-06       3836     2.6632  0.000e+00
     54.980   63.02840 -173.46060     55.524    -1.3955    -1.3944    -1.3965    32.0931    32.1060  1026.0767    25.8087    262.387    249.100  369.37230     71.036     67.448     0.0867     0.1721     3.6838     0.9852 1.0000e-12       3837     2.6639  0.000e+00
     55.034   63.02840 -173.46060     55.579    -1.3956    -1.3945    -1.3966    32.0932    32.1063  1026.0771    25.8088    262.468    249.144  369.37253     71.058     67.460     0.0855     0.1648     3.6838     0.9852 8.4714e-06       3838     2.6646  0.000e+00
     55.088   63.02840 -173.46060     55.633    -1.3956    -1.3944    -1.3966    32.0929    32.1059  1026.0771    25.8085    262.514    248.963  369.37338     71.070     67.410     0.0867     0.1721     3.6838     0.9852 8.4714e-06       3839     2.6653  0.000e+00
     55.088   63.02840 -173.46060     55.633    -1.3957    -1.3942    -1.3967    32.0929    32.1060  1026.0771    25.8085    262.573    248.983  369.37466     71.086     67.416     0.0879     0.1795     3.6838     0.9852 1.0000e-12       3840     2.6660  0.000e+00
     55.088   63.02840 -173.46060     55.633    -1.3956    -1.3942    -1.3966    32.0928    32.1057  1026.0771    25.8085    262.592    249.011  369.37362     71.091     67.424     0.0867     0.1721     3.6838     0.9852 1.0000e-12       3841     2.6667  0.000e+00
     55.150   63.02840 -173.46060     55.695    -1.3957    -1.3945    -1.3967    32.0932    32.1060  1026.0776    25.8087    262.628    249.050  369.37377     71.101     67.434     0.0879     0.1795     3.6838     0.9852 8.4714e-06       3842     2.6674  0.000e+00
     55.150   63.02840 -173.46060     55.695    -1.3955    -1.3942    -1.3965    32.0928    32.1061  1026.0773    25.8085    262.672    249.089  369.37309     71.113     67.445     0.0867     0.1721     3.4774     1.2159 1.0000e-12       3843     2.6681  0.000e+00
     55.258   63.02840 -173.46060     55.805    -1.3956    -1.3944    -1.3966    32.0926    32.1062  1026.0777    25.8082    262.476    249.141  369.37442     71.060     67.459     0.0867     0.1721     3.3150     1.4072 8.4714e-06       3844     2.6688  0.000e+00
     55.204   63.02840 -173.46060     55.750    -1.3957    -1.3945    -1.3967    32.0930    32.1058  1026.0777    25.8086    262.497    249.196  369.37436     71.065     67.473     0.0855     0.1648     3.2894     1.4383 1.0000e-12       3845     2.6694  0.000e+00
     55.266   63.02840 -173.46060     55.812    -1.3957    -1.3944    -1.3967    32.0929    32.1056  1026.0780    25.8086    262.536    249.259  369.37447     71.076     67.490     0.0867     0.1721     3.3004     1.4250 8.4714e-06       3846     2.6701  0.000e+00
     55.266   63.02840 -173.46060     55.812    -1.3958    -1.3945    -1.3969    32.0931    32.1061  1026.0781    25.8087    262.589    249.064  369.37577     71.090     67.438     0.0867     0.1721     3.3077     1.4161 8.4714e-06       3847     2.6708  0.000e+00
     55.320   63.02840 -173.46060     55.867    -1.3957    -1.3942    -1.3967    32.0924    32.1054  1026.0779    25.8081    262.605    249.074  369.37593     71.094     67.441     0.0867     0.1721     3.3077     1.4161 8.4714e-06       3848     2.6715  0.000e+00
     55.320   63.02840 -173.46060     55.867    -1.3957    -1.3942    -1.3967    32.0931    32.1057  1026.0784    25.8087    262.371    249.090  369.37407     71.031     67.445     0.0855     0.1648     3.3077     1.4161 1.0000e-12       3849     2.6722  0.000e+00
     55.382   63.02840 -173.46060     55.929    -1.3958    -1.3945    -1.3969    32.0934    32.1064  1026.0789    25.8089    262.366    249.082  369.37498     71.030     67.443     0.0867     0.1721     3.3077     1.4161 8.4714e-06       3850     2.6729  0.000e+00
     55.436   63.02840 -173.46060     55.984    -1.3958    -1.3945    -1.3968    32.0926    32.1062  1026.0785    25.8083    262.375    249.079  369.37667     71.032     67.442     0.0879     0.1795     3.3077     1.4161 1.0000e-12       3851     2.6736  0.000e+00
     55.436   63.02840 -173.46060     55.984    -1.3957    -1.3944    -1.3967    32.0926    32.1058  1026.0786    25.8083    262.395    249.079  369.37539     71.037     67.442     0.0855     0.1648     3.3077     1.4161 1.0000e-12       3852     2.6743  0.000e+00
     55.436   63.02840 -173.46060     55.984    -1.3956    -1.3945    -1.3966    32.0925    32.1056  1026.0784    25.8082    262.378    249.086  369.37473     71.033     67.443     0.0842     0.1575     3.3077     1.4161 1.0000e-12       3853     2.6750  0.000e+00
     55.490   63.02840 -173.46060     56.038    -1.3957    -1.3942    -1.3967    32.0928    32.1055  1026.0790    25.8084    262.376    249.062  369.37487     71.032     67.438     0.0830     0.1502     3.3077     1.4161 1.0000e-12       3854     2.6757  0.000e+00
     55.544   63.02840 -173.46060     56.093    -1.3956    -1.3945    -1.3966    32.0929    32.1056  1026.0793    25.8085    262.385    249.081  369.37356     71.035     67.442     0.0855     0.1648     3.3077     1.4161 1.0000e-12       3855     2.6764  0.000e+00
     55.551   63.02840 -173.46060     56.101    -1.3957    -1.3944    -1.3967    32.0930    32.1055  1026.0795    25.8086    262.406    249.100  369.37423     71.041     67.448     0.0842     0.1575     3.3077     1.4161 8.4714e-06       3856     2.6771  0.000e+00
     55.605   63.02840 -173.46060     56.155    -1.3957    -1.3945    -1.3967    32.0932    32.1055  1026.0799    25.8088    262.441    249.129  369.37370     71.050     67.455     0.0842     0.1575     3.3077     1.4161 1.0000e-12       3857     2.6778  0.000e+00
     55.605   63.02840 -173.46060     56.155    -1.3956    -1.3945    -1.3966    32.0930    32.1058  1026.0797    25.8086    262.485    249.126  369.37304     71.062     67.454     0.0830     0.1502     3.3077     1.4161 8.4714e-06       3858     2.6785  0.000e+00
     55.605   63.02840 -173.46060     56.155    -1.3957    -1.3945    -1.3967    32.0930    32.1058  1026.0797    25.8086    262.544    248.931  369.37420     71.078     67.401     0.0842     0.1575     3.3077     1.4161 8.4714e-06       3859     2.6792  0.000e+00
     55.667   63.02840 -173.46060     56.218    -1.3958    -1.3945    -1.3969    32.0931    32.1055  1026.0801    25.8087    262.618    248.909  369.37561     71.098     67.395     0.0830     0.1502     3.3077     1.4161 8.4714e-06       3860     2.6799  0.000e+00
     55.721   63.02840 -173.46060     56.272    -1.3958    -1.3945    -1.3969    32.0929    32.1055  1026.0802    25.8085    262.703    249.122  369.37645     71.121     67.453     0.0842     0.1575     3.3077     1.4161 1.0000e-12       3861     2.6806  0.000e+00
     55.721   63.02840 -173.46060     56.272    -1.3957    -1.3945    -1.3967    32.0928    32.1058  1026.0801    25.8085    262.796    248.909  369.37478     71.146     67.396     0.0842     0.1575     3.3077     1.4161 1.0000e-12       3862     2.6812  0.000e+00
     55.721   63.02840 -173.46060     56.272    -1.3958    -1.3946    -1.3969    32.0926    32.1056  1026.0799    25.8083    262.854    248.901  369.37719     71.161     67.393     0.0842     0.1575     3.4579     1.2384 8.4714e-06       3863     2.6819  0.000e+00
     55.783   63.02840 -173.46060     56.335    -1.3958    -1.3945    -1.3969    32.0925    32.1056  1026.0801    25.8082    262.663    248.898  369.37755     71.110     67.393     0.0842     0.1575     3.6545     1.0172 8.4714e-06       3864     2.6826  0.000e+00
