EcoFOCI/data/1_SampleCollection/2023_SikuliaqDBO_CruiseData/CTD_raw_BottleFile_SKQ23-12S/proc/skq202312s_063.cnv
* Sea-Bird SBE 9 Data File:
* FileName = D:\CTD\SKQ202312S\SKQ202312S_063.hex
* Software Version Seasave V 7.26.7.121
* Temperature SN = 6177
* Conductivity SN = 0369
* Number of Bytes Per Scan = 41
* Number of Voltage Words = 4
* Number of Scans Averaged by the Deck Unit = 1
* NMEA Latitude = 71 49.84 N
* NMEA Longitude = 165 58.06 W
* NMEA UTC (Time) = Sep 28 2023  06:16:57
* NMEA baud rate = 4800
** Ship: R/V Sikuliaq
** Station Number: 063
** Station Name: IC1
** Bottom Depth: 44
** Operator: SD
# nquan = 24
# nvalues = 4818                                  
# units = specified
# name 0 = depSM: Depth [salt water, m]
# name 1 = latitude: Latitude [deg]
# name 2 = longitude: Longitude [deg]
# name 3 = prDM: Pressure, Digiquartz [db]
# name 4 = t090C: Temperature [ITS-90, deg C]
# name 5 = t190C: Temperature, 2 [ITS-90, deg C]
# name 6 = potemp090C: Potential Temperature [ITS-90, deg C]
# name 7 = sal00: Salinity, Practical [PSU]
# name 8 = sal11: Salinity, Practical, 2 [PSU]
# name 9 = density00: Density [density, kg/m^3]
# name 10 = sigma-é00: Density [sigma-theta, kg/m^3]
# name 11 = sbox0Mm/Kg: Oxygen, SBE 43 [umol/kg]
# name 12 = sbox1Mm/Kg: Oxygen, SBE 43, 2 [umol/kg]
# name 13 = oxsolMm/Kg: Oxygen Saturation, Garcia & Gordon [umol/kg]
# name 14 = sbeox0PS: Oxygen, SBE 43 [% saturation]
# name 15 = sbeox1PS: Oxygen, SBE 43, 2 [% saturation]
# name 16 = v0: Voltage 0
# name 17 = flECO-AFL: Fluorescence, WET Labs ECO-AFL/FL [mg/m^3]
# name 18 = v1: Voltage 1
# name 19 = CStarAt0: Beam Attenuation, WET Labs C-Star [1/m]
# name 20 = par: PAR/Irradiance, Biospherical/Licor
# name 21 = scan: Scan Count
# name 22 = timeM: Time, Elapsed [minutes]
# name 23 = flag:  0.000e+00
# span 0 =      2.371,     39.010                 
# span 1 =   71.83034,   71.83050                 
# span 2 = -165.96708, -165.96666                 
# span 3 =      2.395,     39.417                 
# span 4 =    -0.7761,     3.7917                 
# span 5 =    -0.7695,     3.7920                 
# span 6 =    -0.7770,     3.7904                 
# span 7 =    30.1534,    32.4386                 
# span 8 =    30.1663,    32.4304                 
# span 9 =  1024.0638,  1026.2423                 
# span 10 =    24.0409,    26.0592                
# span 11 =    296.104,    332.507                
# span 12 =    283.234,    312.167                
# span 13 =  324.28756,  362.47466                
# span 14 =     81.796,     99.825                
# span 15 =     78.246,     94.760                
# span 16 =     0.0781,     0.1722                
# span 17 =     0.1209,     0.6850                
# span 18 =     3.2882,     4.2405                
# span 19 =     0.4220,     1.4398                
# span 20 = 1.0000e-12, 7.7180e-01                
# span 21 =          1,       4818                
# span 22 =     0.0000,     3.3451                
# span 23 = 0.0000e+00, 0.0000e+00                
# interval = seconds: 0.0416667
# start_time = Sep 28 2023 06:20:37 [NMEA time, first data scan]
# bad_flag = -9.990e-29
*END*
[from data line 544]
      4.600   71.83048 -165.96702      4.648     2.7353     2.7350     2.7350    30.1722    30.1831  1024.0756    24.0537    325.668    309.044  336.80789     96.693     91.764     0.1123     0.3260     4.1868     0.4730 1.3266e-01        545     0.3778  0.000e+00
      4.546   71.83048 -165.96702      4.593     2.7354     2.7352     2.7352    30.1718    30.1827  1024.0751    24.0534    325.665    309.026  336.80735     96.692     91.759     0.1136     0.3333     4.1868     0.4730 1.0657e-01        546     0.3785  0.000e+00
      4.600   71.83048 -165.96702      4.648     2.7353     2.7352     2.7350    30.1724    30.1836  1024.0758    24.0539    325.445    308.988  336.80729     96.626     91.748     0.1123     0.3260     4.1880     0.4719 9.7879e-02        547     0.3792  0.000e+00
      4.600   71.83048 -165.96702      4.648     2.7352     2.7350     2.7350    30.1725    30.1835  1024.0759    24.0539    325.633    308.953  336.80752     96.682     91.737     0.1136     0.3333     4.1868     0.4730 1.0720e-01        548     0.3799  0.000e+00
      4.600   71.83048 -165.96702      4.648     2.7353     2.7354     2.7350    30.1722    30.1826  1024.0756    24.0537    325.635    308.941  336.80779     96.683     91.734     0.1123     0.3260     4.1868     0.4730 1.5172e-01        549     0.3806  0.000e+00
      4.662   71.83048 -165.96702      4.710     2.7353     2.7351     2.7350    30.1721    30.1831  1024.0759    24.0536    325.639    308.935  336.80797     96.684     91.732     0.1136     0.3333     4.1880     0.4719 1.7222e-01        550     0.3812  0.000e+00
      4.600   71.83048 -165.96702      4.648     2.7354     2.7354     2.7352    30.1722    30.1833  1024.0756    24.0537    325.414    308.922  336.80643     96.617     91.728     0.1123     0.3260     4.1868     0.4730 1.8389e-01        551     0.3819  0.000e+00
      4.600   71.83048 -165.96702      4.648     2.7354     2.7357     2.7351    30.1725    30.1839  1024.0759    24.0539    325.603    308.912  336.80605     96.674     91.727     0.1136     0.3333     4.1880     0.4719 3.0172e-01        552     0.3826  0.000e+00
      4.662   71.83048 -165.96702      4.710     2.7354     2.7355     2.7352    30.1721    30.1832  1024.0758    24.0536    325.610    308.714  336.80670     96.675     91.667     0.1123     0.3260     4.1880     0.4719 3.8035e-01        553     0.3833  0.000e+00
      4.600   71.83048 -165.96702      4.648     2.7354     2.7360     2.7352    30.1722    30.1827  1024.0756    24.0537    325.610    308.660  336.80643     96.676     91.652     0.1136     0.3333     4.1880     0.4719 3.8458e-01        554     0.3840  0.000e+00
      4.662   71.83048 -165.96702      4.710     2.7355     2.7360     2.7353    30.1721    30.1835  1024.0759    24.0536    325.614    308.614  336.80566     96.677     91.639     0.1136     0.3333     4.1868     0.4730 2.4455e-01        555     0.3847  0.000e+00
      4.662   71.83048 -165.96702      4.710     2.7353     2.7356     2.7350    30.1726    30.1841  1024.0763    24.0540    325.619    308.595  336.80678     96.678     91.633     0.1123     0.3260     4.1880     0.4719 1.7717e-01        556     0.3854  0.000e+00
      4.662   71.83048 -165.96702      4.710     2.7355     2.7360     2.7353    30.1724    30.1832  1024.0761    24.0539    325.620    308.576  336.80497     96.679     91.627     0.1136     0.3333     4.1880     0.4719 1.6897e-01        557     0.3861  0.000e+00
      4.662   71.83048 -165.96702      4.710     2.7354     2.7360     2.7352    30.1725    30.1831  1024.0762    24.0539    325.623    308.562  336.80561     96.680     91.623     0.1123     0.3260     4.1880     0.4719 1.9515e-01        558     0.3868  0.000e+00
      4.662   71.83048 -165.96702      4.710     2.7352     2.7362     2.7350    30.1727    30.1834  1024.0764    24.0541    325.628    308.349  336.80690     96.681     91.560     0.1136     0.3333     4.1868     0.4730 2.1706e-01        559     0.3875  0.000e+00
      4.716   71.83048 -165.96702      4.765     2.7354     2.7357     2.7352    30.1723    30.1842  1024.0762    24.0537    325.632    308.522  336.80628     96.682     91.611     0.1123     0.3260     4.1868     0.4730 2.2085e-01        560     0.3882  0.000e+00
      4.662   71.83048 -165.96702      4.710     2.7355     2.7360     2.7353    30.1725    30.1835  1024.0762    24.0539    325.631    308.513  336.80467     96.683     91.609     0.1123     0.3260     4.1880     0.4719 1.9960e-01        561     0.3889  0.000e+00
      4.754   71.83048 -165.96702      4.803     2.7353     2.7360     2.7350    30.1728    30.1830  1024.0768    24.0542    325.640    308.516  336.80630     96.685     91.609     0.1123     0.3260     4.1868     0.4730 1.7800e-01        562     0.3896  0.000e+00
      4.716   71.83048 -165.96702      4.765     2.7355     2.7358     2.7353    30.1724    30.1832  1024.0763    24.0538    325.640    308.517  336.80504     96.685     91.609     0.1123     0.3260     4.1880     0.4719 1.7304e-01        563     0.3903  0.000e+00
      4.662   71.83048 -165.96702      4.710     2.7353     2.7360     2.7350    30.1724    30.1841  1024.0761    24.0539    325.643    308.515  336.80718     96.685     91.610     0.1136     0.3333     4.1893     0.4707 2.0775e-01        564     0.3910  0.000e+00
      4.777   71.83048 -165.96702      4.827     2.7354     2.7363     2.7352    30.1718    30.1837  1024.0762    24.0534    325.651    308.525  336.80745     96.688     91.613     0.1099     0.3113     4.1905     0.4695 2.7099e-01        565     0.3917  0.000e+00
      4.716   71.83048 -165.96702      4.765     2.7354     2.7366     2.7352    30.1723    30.1832  1024.0763    24.0538    325.650    308.531  336.80618     96.688     91.615     0.1087     0.3040     4.1905     0.4695 2.9006e-01        566     0.3924  0.000e+00
      4.716   71.83048 -165.96702      4.765     2.7354     2.7366     2.7351    30.1727    30.1834  1024.0766    24.0541    325.653    308.543  336.80551     96.689     91.619     0.1074     0.2967     4.1905     0.4695 3.1982e-01        567     0.3931  0.000e+00
      4.716   71.83048 -165.96702      4.765     2.7353     2.7364     2.7350    30.1727    30.1841  1024.0766    24.0541    325.544    308.559  336.80655     96.656     91.624     0.1087     0.3040     4.1905     0.4695 4.0478e-01        568     0.3937  0.000e+00
      4.777   71.83048 -165.96702      4.827     2.7353     2.7365     2.7350    30.1728    30.1841  1024.0770    24.0542    325.583    308.778  336.80623     96.668     91.689     0.1074     0.2967     4.1905     0.4695 4.3817e-01        569     0.3944  0.000e+00
      4.777   71.83048 -165.96702      4.827     2.7354     2.7365     2.7351    30.1730    30.1839  1024.0771    24.0543    325.581    308.623  336.80489     96.668     91.643     0.1074     0.2967     4.1905     0.4695 4.1368e-01        570     0.3951  0.000e+00
      4.716   71.83048 -165.96702      4.765     2.7351     2.7363     2.7349    30.1735    30.1836  1024.0773    24.0548    325.580    308.646  336.80573     96.667     91.649     0.1074     0.2967     4.1905     0.4695 3.2603e-01        571     0.3958  0.000e+00
      4.777   71.83048 -165.96702      4.827     2.7353     2.7363     2.7350    30.1726    30.1840  1024.0768    24.0540    325.621    308.674  336.80673     96.679     91.657     0.1074     0.2967     4.1905     0.4695 2.9585e-01        572     0.3965  0.000e+00
      4.777   71.83048 -165.96702      4.827     2.7348     2.7365     2.7345    30.1728    30.1841  1024.0770    24.0542    325.626    308.701  336.81033     96.679     91.666     0.1087     0.3040     4.1905     0.4695 2.8549e-01        573     0.3972  0.000e+00
      4.831   71.83048 -165.96702      4.881     2.7346     2.7364     2.7343    30.1736    30.1842  1024.0779    24.0548    325.630    308.736  336.81020     96.681     91.676     0.1074     0.2967     4.1905     0.4695 2.0959e-01        574     0.3979  0.000e+00
      4.777   71.83048 -165.96702      4.827     2.7346     2.7366     2.7344    30.1738    30.1835  1024.0778    24.0550    325.666    308.744  336.80921     96.692     91.679     0.1087     0.3040     4.1905     0.4695 1.7800e-01        575     0.3986  0.000e+00
      4.831   71.83048 -165.96702      4.881     2.7344     2.7363     2.7342    30.1735    30.1846  1024.0778    24.0548    325.673    308.783  336.81134     96.693     91.690     0.1074     0.2967     4.1905     0.4695 1.7386e-01        576     0.3993  0.000e+00
      4.777   71.83048 -165.96702      4.827     2.7344     2.7363     2.7342    30.1731    30.1854  1024.0772    24.0544    325.898    308.795  336.81236     96.759     91.694     0.1074     0.2967     4.1905     0.4695 1.3408e-01        577     0.4000  0.000e+00
      4.831   71.83048 -165.96702      4.881     2.7344     2.7365     2.7342    30.1727    30.1856  1024.0772    24.0542    325.716    308.813  336.81375     96.705     91.700     0.1074     0.2967     4.1905     0.4695 1.1234e-01        578     0.4007  0.000e+00
      4.831   71.83048 -165.96702      4.881     2.7341     2.7366     2.7339    30.1729    30.1854  1024.0774    24.0543    325.720    308.832  336.81556     96.706     91.706     0.1074     0.2967     4.1905     0.4695 1.0976e-01        579     0.4014  0.000e+00
      4.777   71.83048 -165.96702      4.827     2.7338     2.7367     2.7336    30.1740    30.1854  1024.0780    24.0552    325.719    309.049  336.81544     96.706     91.771     0.1074     0.2967     4.1905     0.4695 1.3479e-01        580     0.4021  0.000e+00
      4.893   71.83048 -165.96702      4.944     2.7336     2.7367     2.7333    30.1748    30.1859  1024.0792    24.0559    325.726    308.899  336.81519     96.708     91.727     0.1074     0.2967     4.1905     0.4695 1.5632e-01        581     0.4028  0.000e+00
      4.777   71.83048 -165.96702      4.827     2.7337     2.7366     2.7335    30.1751    30.1865  1024.0789    24.0561    325.721    308.918  336.81351     96.707     91.732     0.1087     0.3040     4.1905     0.4695 1.5943e-01        582     0.4035  0.000e+00
      4.893   71.83048 -165.96702      4.944     2.7337     2.7365     2.7334    30.1755    30.1861  1024.0798    24.0564    325.726    308.951  336.81246     96.708     91.742     0.1074     0.2967     4.1905     0.4695 1.6336e-01        583     0.4042  0.000e+00
      4.831   71.83048 -165.96702      4.881     2.7338     2.7367     2.7336    30.1756    30.1858  1024.0796    24.0565    325.946    308.975  336.81134     96.774     91.749     0.1087     0.3040     4.1893     0.4707 1.6735e-01        584     0.4049  0.000e+00
      4.831   71.83048 -165.96702      4.881     2.7341     2.7367     2.7338    30.1757    30.1864  1024.0796    24.0566    325.757    309.004  336.80883     96.719     91.758     0.1074     0.2967     4.1893     0.4707 1.6816e-01        585     0.4056  0.000e+00
      4.893   71.83048 -165.96702      4.944     2.7341     2.7367     2.7339    30.1754    30.1865  1024.0797    24.0563    325.537    309.238  336.80919     96.653     91.828     0.1074     0.2967     4.1893     0.4707 2.0229e-01        586     0.4063  0.000e+00
      4.831   71.83048 -165.96702      4.881     2.7346     2.7366     2.7344    30.1748    30.1863  1024.0789    24.0558    325.720    309.269  336.80650     96.708     91.837     0.1074     0.2967     4.1893     0.4707 2.6019e-01        587     0.4069  0.000e+00
      4.893   71.83048 -165.96702      4.944     2.7344     2.7366     2.7342    30.1745    30.1859  1024.0790    24.0556    325.726    309.305  336.80864     96.710     91.847     0.1074     0.2967     4.1893     0.4707 2.7651e-01        588     0.4076  0.000e+00
      4.893   71.83048 -165.96702      4.944     2.7347     2.7363     2.7345    30.1743    30.1865  1024.0788    24.0554    325.725    309.338  336.80683     96.710     91.856     0.1074     0.2967     4.1893     0.4707 2.6019e-01        589     0.4083  0.000e+00
      4.947   71.83048 -165.96702      4.998     2.7348     2.7363     2.7345    30.1747    30.1870  1024.0793    24.0557    325.728    309.371  336.80548     96.711     91.867     0.1099     0.3113     4.1893     0.4707 2.2857e-01        590     0.4090  0.000e+00
      4.893   71.83048 -165.96702      4.944     2.7349     2.7366     2.7347    30.1744    30.1861  1024.0788    24.0555    325.726    309.401  336.80484     96.711     91.875     0.1123     0.3260     4.1893     0.4707 2.1895e-01        591     0.4097  0.000e+00
      4.893   71.83048 -165.96702      4.944     2.7349     2.7365     2.7346    30.1747    30.1854  1024.0790    24.0557    325.728    309.410  336.80467     96.711     91.878     0.1123     0.3260     4.1893     0.4707 2.3847e-01        592     0.4104  0.000e+00
      4.947   71.83048 -165.96702      4.998     2.7349     2.7366     2.7347    30.1747    30.1854  1024.0793    24.0557    325.731    309.443  336.80412     96.712     91.888     0.1136     0.3333     4.1893     0.4707 3.1736e-01        593     0.4111  0.000e+00
      4.893   71.83048 -165.96702      4.944     2.7349     2.7369     2.7347    30.1745    30.1858  1024.0789    24.0556    325.731    309.468  336.80455     96.712     91.896     0.1123     0.3260     4.1893     0.4707 3.5042e-01        594     0.4118  0.000e+00
      4.893   71.83048 -165.96702      4.944     2.7351     2.7367     2.7348    30.1733    30.1858  1024.0779    24.0546    325.734    309.501  336.80636     96.712     91.905     0.1123     0.3260     4.1893     0.4707 3.3614e-01        595     0.4125  0.000e+00
      4.947   71.83048 -165.96702      4.998     2.7352     2.7371     2.7350    30.1714    30.1849  1024.0767    24.0531    325.704    309.534  336.81025     96.702     91.915     0.1123     0.3260     4.1893     0.4707 2.5177e-01        596     0.4132  0.000e+00
      4.893   71.83048 -165.96702      4.944     2.7351     2.7367     2.7348    30.1689    30.1848  1024.0744    24.0511    325.709    309.565  336.81768     96.702     91.924     0.1123     0.3260     4.1893     0.4707 2.1800e-01        597     0.4139  0.000e+00
      4.947   71.83048 -165.96702      4.998     2.7348     2.7367     2.7345    30.1664    30.1852  1024.0727    24.0491    325.720    309.598  336.82664     96.703     91.934     0.1123     0.3260     4.1893     0.4707 2.1144e-01        598     0.4146  0.000e+00
      4.947   71.83048 -165.96702      4.998     2.7327     2.7366     2.7325    30.1635    30.1856  1024.0705    24.0469    325.746    309.630  336.85142     96.703     91.943     0.1123     0.3260     4.1893     0.4707 1.4275e-01        599     0.4153  0.000e+00
      4.947   71.83048 -165.96702      4.998     2.7298     2.7367     2.7296    30.1628    30.1847  1024.0702    24.0466    325.737    309.661  336.87760     96.693     91.952     0.1136     0.3333     4.1893     0.4707 1.0976e-01        600     0.4160  0.000e+00
      4.947   71.83048 -165.96702      4.998     2.7276     2.7358     2.7273    30.1626    30.1848  1024.0703    24.0466    325.757    309.700  336.89702     96.693     91.962     0.1123     0.3260     4.1893     0.4707 1.0657e-01        601     0.4167  0.000e+00
      5.001   71.83048 -165.96702      5.053     2.7260     2.7343     2.7258    30.1616    30.1856  1024.0698    24.0459    325.552    309.721  336.91291     96.628     91.965     0.1136     0.3333     4.1893     0.4707 1.1040e-01        602     0.4174  0.000e+00
      4.947   71.83048 -165.96702      4.998     2.7240     2.7337     2.7238    30.1624    30.1863  1024.0703    24.0467    325.753    309.728  336.92747     96.683     91.966     0.1123     0.3260     4.1893     0.4707 1.1234e-01        603     0.4181  0.000e+00
