EcoFOCI/data/1_SampleCollection/2023_SikuliaqDBO_CruiseData/CTD_raw_BottleFile_SKQ23-12S/proc/skq202312s_053svp.cnv
* Sea-Bird SBE 9 Data File:
* FileName = D:\CTD\SKQ202312S\SKQ202312S_053.hex
* Software Version Seasave V 7.26.7.121
* Temperature SN = 6177
* Conductivity SN = 0369
* Number of Bytes Per Scan = 41
* Number of Voltage Words = 4
* Number of Scans Averaged by the Deck Unit = 1
* NMEA Latitude = 70 50.92 N
* NMEA Longitude = 163 11.04 W
* NMEA UTC (Time) = Sep 26 2023  23:34:43
* NMEA baud rate = 4800
** Ship: R/V Sikuliaq
** Station Number: 053
** Station Name: IC9
** Bottom Depth: 44
** Operator: SS
# nquan = 7
# nvalues = 4192                                  
# units = specified
# name 0 = depSM: Depth [salt water, m]
# name 1 = latitude: Latitude [deg]
# name 2 = longitude: Longitude [deg]
# name 3 = t090C: Temperature [ITS-90, deg C]
# name 4 = sal00: Salinity, Practical [PSU]
# name 5 = svCM: Sound Velocity [Chen-Millero, m/s]
# name 6 = flag:  0.000e+00
# span 0 =      2.319,     38.959                 
# span 1 =   70.84866,   70.84870                 
# span 2 = -163.18456, -163.18434                 
# span 3 =     4.3929,     6.8622                 
# span 4 =    29.2773,    31.8033                 
# span 5 =    1464.58,    1473.92                 
# span 6 = 0.0000e+00, 0.0000e+00                 
# interval = seconds: 0.0416667
# start_time = Sep 26 2023 23:38:01 [NMEA time, first data scan]
# bad_flag = -9.990e-29
*END*
[from data line 2052]
     20.482   70.84868 -163.18444     5.5768    31.6152    1469.11  0.000e+00
     20.521   70.84868 -163.18444     5.5322    31.6198    1468.93  0.000e+00
     20.521   70.84868 -163.18444     5.4873    31.6254    1468.76  0.000e+00
     20.482   70.84868 -163.18444     5.4440    31.6363    1468.60  0.000e+00
     20.575   70.84868 -163.18444     5.4064    31.6492    1468.46  0.000e+00
     20.575   70.84868 -163.18444     5.3734    31.6602    1468.34  0.000e+00
     20.598   70.84868 -163.18444     5.3416    31.6715    1468.23  0.000e+00
     20.637   70.84868 -163.18444     5.3135    31.6833    1468.13  0.000e+00
     20.575   70.84868 -163.18444     5.2879    31.6953    1468.04  0.000e+00
     20.660   70.84868 -163.18444     5.2653    31.7057    1467.96  0.000e+00
     20.691   70.84868 -163.18444     5.2464    31.7150    1467.90  0.000e+00
     20.690   70.84868 -163.18444     5.2297    31.7225    1467.84  0.000e+00
     20.714   70.84868 -163.18444     5.2138    31.7295    1467.78  0.000e+00
     20.752   70.84868 -163.18444     5.1999    31.7361    1467.73  0.000e+00
     20.752   70.84868 -163.18444     5.1877    31.7412    1467.69  0.000e+00
     20.829   70.84868 -163.18444     5.1774    31.7449    1467.65  0.000e+00
     20.752   70.84868 -163.18444     5.1676    31.7470    1467.62  0.000e+00
     20.860   70.84868 -163.18444     5.1576    31.7489    1467.58  0.000e+00
     20.829   70.84868 -163.18444     5.1482    31.7522    1467.54  0.000e+00
     20.922   70.84868 -163.18444     5.1390    31.7559    1467.51  0.000e+00
     20.860   70.84868 -163.18444     5.1307    31.7575    1467.48  0.000e+00
     20.945   70.84868 -163.18444     5.1237    31.7572    1467.45  0.000e+00
     20.922   70.84868 -163.18444     5.1144    31.7562    1467.41  0.000e+00
     20.976   70.84868 -163.18444     5.1025    31.7573    1467.37  0.000e+00
     20.999   70.84868 -163.18444     5.0915    31.7593    1467.32  0.000e+00
     21.037   70.84868 -163.18444     5.0806    31.7618    1467.28  0.000e+00
     20.976   70.84868 -163.18444     5.0702    31.7642    1467.24  0.000e+00
     21.053   70.84868 -163.18444     5.0599    31.7666    1467.21  0.000e+00
     21.091   70.84868 -163.18444     5.0481    31.7640    1467.15  0.000e+00
     21.091   70.84868 -163.18444     5.0319    31.7597    1467.08  0.000e+00
     21.114   70.84868 -163.18444     5.0134    31.7628    1467.01  0.000e+00
     21.207   70.84868 -163.18444     4.9979    31.7673    1466.95  0.000e+00
     21.114   70.84868 -163.18444     4.9840    31.7669    1466.90  0.000e+00
     21.207   70.84868 -163.18444     4.9669    31.7627    1466.82  0.000e+00
     21.207   70.84868 -163.18444     4.9473    31.7619    1466.74  0.000e+00
     21.230   70.84868 -163.18444     4.9274    31.7627    1466.66  0.000e+00
     21.322   70.84868 -163.18444     4.9087    31.7666    1466.59  0.000e+00
     21.261   70.84868 -163.18444     4.8925    31.7708    1466.53  0.000e+00
     21.284   70.84868 -163.18444     4.8787    31.7721    1466.47  0.000e+00
     21.322   70.84868 -163.18444     4.8635    31.7760    1466.42  0.000e+00
     21.376   70.84868 -163.18444     4.8504    31.7809    1466.37  0.000e+00
     21.345   70.84868 -163.18444     4.8407    31.7855    1466.33  0.000e+00
     21.438   70.84868 -163.18444     4.8325    31.7851    1466.30  0.000e+00
     21.438   70.84868 -163.18444     4.8219    31.7840    1466.26  0.000e+00
     21.399   70.84868 -163.18444     4.8097    31.7847    1466.21  0.000e+00
     21.492   70.84868 -163.18444     4.7978    31.7874    1466.16  0.000e+00
     21.515   70.84868 -163.18444     4.7874    31.7864    1466.12  0.000e+00
     21.492   70.84868 -163.18444     4.7762    31.7864    1466.07  0.000e+00
     21.546   70.84868 -163.18444     4.7651    31.7907    1466.03  0.000e+00
     21.569   70.84868 -163.18444     4.7567    31.7950    1466.00  0.000e+00
     21.546   70.84868 -163.18444     4.7503    31.7982    1465.98  0.000e+00
     21.608   70.84868 -163.18444     4.7460    31.7997    1465.97  0.000e+00
     21.631   70.84868 -163.18444     4.7416    31.8014    1465.95  0.000e+00
     21.661   70.84868 -163.18444     4.7384    31.8015    1465.94  0.000e+00
     21.661   70.84868 -163.18444     4.7350    31.8020    1465.92  0.000e+00
     21.746   70.84868 -163.18444     4.7322    31.8020    1465.91  0.000e+00
     21.661   70.84868 -163.18444     4.7299    31.8028    1465.90  0.000e+00
     21.777   70.84868 -163.18444     4.7275    31.8010    1465.89  0.000e+00
     21.746   70.84868 -163.18444     4.7237    31.7997    1465.88  0.000e+00
     21.839   70.84868 -163.18444     4.7199    31.8007    1465.86  0.000e+00
     21.800   70.84868 -163.18444     4.7164    31.8001    1465.85  0.000e+00
     21.839   70.84868 -163.18444     4.7126    31.7999    1465.83  0.000e+00
     21.839   70.84868 -163.18444     4.7092    31.8005    1465.82  0.000e+00
     21.916   70.84868 -163.18444     4.7065    31.7996    1465.81  0.000e+00
     21.893   70.84868 -163.18444     4.7032    31.7986    1465.79  0.000e+00
     21.893   70.84868 -163.18444     4.7001    31.7985    1465.78  0.000e+00
     21.970   70.84868 -163.18444     4.6968    31.7982    1465.77  0.000e+00
     21.947   70.84868 -163.18444     4.6929    31.7988    1465.75  0.000e+00
     21.947   70.84868 -163.18444     4.6893    31.7983    1465.74  0.000e+00
     22.085   70.84868 -163.18444     4.6866    31.7965    1465.72  0.000e+00
     22.008   70.84868 -163.18444     4.6833    31.7959    1465.71  0.000e+00
     22.085   70.84868 -163.18444     4.6794    31.7954    1465.69  0.000e+00
     22.062   70.84868 -163.18444     4.6752    31.7958    1465.68  0.000e+00
     22.124   70.84868 -163.18444     4.6718    31.7983    1465.67  0.000e+00
     22.085   70.84868 -163.18444     4.6698    31.8016    1465.66  0.000e+00
     22.124   70.84868 -163.18444     4.6693    31.8022    1465.66  0.000e+00
     22.178   70.84868 -163.18444     4.6689    31.8033    1465.66  0.000e+00
     22.201   70.84868 -163.18444     4.6690    31.8033    1465.66  0.000e+00
     22.178   70.84868 -163.18444     4.6689    31.8021    1465.66  0.000e+00
     22.201   70.84868 -163.18444     4.6681    31.8001    1465.66  0.000e+00
     22.294   70.84868 -163.18444     4.6663    31.7971    1465.65  0.000e+00
     22.240   70.84868 -163.18444     4.6635    31.7953    1465.63  0.000e+00
     22.317   70.84868 -163.18444     4.6605    31.7948    1465.62  0.000e+00
     22.294   70.84868 -163.18444     4.6571    31.7941    1465.60  0.000e+00
     22.294   70.84868 -163.18444     4.6540    31.7936    1465.59  0.000e+00
     22.371   70.84868 -163.18444     4.6512    31.7952    1465.58  0.000e+00
     22.347   70.84868 -163.18444     4.6490    31.7966    1465.57  0.000e+00
     22.371   70.84868 -163.18444     4.6475    31.7983    1465.57  0.000e+00
     22.409   70.84868 -163.18444     4.6469    31.7996    1465.57  0.000e+00
     22.409   70.84868 -163.18444     4.6467    31.8004    1465.57  0.000e+00
     22.486   70.84868 -163.18444     4.6469    31.8003    1465.57  0.000e+00
     22.463   70.84868 -163.18444     4.6468    31.8000    1465.57  0.000e+00
     22.525   70.84868 -163.18444     4.6464    31.7997    1465.57  0.000e+00
     22.486   70.84868 -163.18444     4.6461    31.7997    1465.57  0.000e+00
     22.525   70.84868 -163.18444     4.6456    31.7966    1465.56  0.000e+00
     22.540   70.84868 -163.18444     4.6432    31.7937    1465.55  0.000e+00
     22.579   70.84868 -163.18444     4.6395    31.7917    1465.53  0.000e+00
     22.579   70.84868 -163.18444     4.6358    31.7891    1465.51  0.000e+00
     22.602   70.84868 -163.18444     4.6316    31.7883    1465.50  0.000e+00
     22.640   70.84868 -163.18444     4.6275    31.7872    1465.48  0.000e+00
     22.602   70.84868 -163.18444     4.6219    31.7847    1465.45  0.000e+00
     22.694   70.84868 -163.18444     4.6159    31.7839    1465.43  0.000e+00
     22.694   70.84868 -163.18444     4.6101    31.7848    1465.40  0.000e+00
     22.717   70.84868 -163.18444     4.6039    31.7850    1465.38  0.000e+00
     22.694   70.84868 -163.18444     4.5979    31.7875    1465.36  0.000e+00
     22.748   70.84868 -163.18444     4.5936    31.7908    1465.34  0.000e+00
     22.833   70.84868 -163.18444     4.5902    31.7897    1465.33  0.000e+00
     22.748   70.84868 -163.18444     4.5856    31.7896    1465.31  0.000e+00
     22.833   70.84868 -163.18444     4.5817    31.7898    1465.29  0.000e+00
     22.810   70.84868 -163.18444     4.5780    31.7892    1465.28  0.000e+00
     22.864   70.84868 -163.18444     4.5748    31.7897    1465.27  0.000e+00
     22.887   70.84868 -163.18444     4.5726    31.7898    1465.26  0.000e+00
     22.864   70.84868 -163.18444     4.5697    31.7894    1465.25  0.000e+00
     22.941   70.84868 -163.18444     4.5667    31.7901    1465.23  0.000e+00
     22.925   70.84868 -163.18444     4.5643    31.7907    1465.23  0.000e+00
     22.925   70.84868 -163.18444     4.5623    31.7912    1465.22  0.000e+00
     23.003   70.84868 -163.18444     4.5597    31.7933    1465.21  0.000e+00
     22.979   70.84868 -163.18444     4.5583    31.7934    1465.20  0.000e+00
     23.041   70.84868 -163.18444     4.5567    31.7933    1465.20  0.000e+00
     23.056   70.84868 -163.18444     4.5550    31.7919    1465.19  0.000e+00
     23.041   70.84868 -163.18444     4.5532    31.7918    1465.18  0.000e+00
     23.118   70.84868 -163.18444     4.5518    31.7928    1465.18  0.000e+00
     23.095   70.84868 -163.18444     4.5505    31.7926    1465.17  0.000e+00
     23.149   70.84868 -163.18444     4.5479    31.7922    1465.16  0.000e+00
     23.118   70.84868 -163.18444     4.5457    31.7910    1465.15  0.000e+00
     23.211   70.84868 -163.18444     4.5432    31.7893    1465.14  0.000e+00
     23.172   70.84868 -163.18444     4.5397    31.7867    1465.12  0.000e+00
     23.211   70.84868 -163.18444     4.5349    31.7832    1465.10  0.000e+00
     23.211   70.84868 -163.18444     4.5286    31.7823    1465.07  0.000e+00
     23.288   70.84868 -163.18444     4.5214    31.7827    1465.04  0.000e+00
     23.265   70.84868 -163.18444     4.5151    31.7836    1465.02  0.000e+00
     23.288   70.84868 -163.18444     4.5078    31.7841    1464.99  0.000e+00
     23.380   70.84868 -163.18444     4.5004    31.7845    1464.96  0.000e+00
     23.326   70.84868 -163.18444     4.4943    31.7857    1464.94  0.000e+00
     23.342   70.84868 -163.18444     4.4884    31.7884    1464.91  0.000e+00
     23.442   70.84868 -163.18444     4.4832    31.7911    1464.90  0.000e+00
     23.403   70.84868 -163.18446     4.4791    31.7939    1464.88  0.000e+00
     23.442   70.84868 -163.18446     4.4759    31.7927    1464.87  0.000e+00
     23.496   70.84868 -163.18446     4.4718    31.7909    1464.85  0.000e+00
     23.457   70.84868 -163.18446     4.4664    31.7905    1464.83  0.000e+00
     23.496   70.84868 -163.18446     4.4618    31.7917    1464.81  0.000e+00
     23.519   70.84868 -163.18446     4.4578    31.7931    1464.80  0.000e+00
     23.550   70.84868 -163.18446     4.4540    31.7950    1464.78  0.000e+00
     23.611   70.84868 -163.18446     4.4505    31.7960    1464.77  0.000e+00
     23.573   70.84868 -163.18446     4.4475    31.7957    1464.76  0.000e+00
     23.611   70.84868 -163.18446     4.4446    31.7958    1464.75  0.000e+00
     23.689   70.84868 -163.18446     4.4415    31.7953    1464.73  0.000e+00
     23.665   70.84868 -163.18446     4.4383    31.7938    1464.72  0.000e+00
     23.665   70.84868 -163.18446     4.4339    31.7939    1464.70  0.000e+00
     23.743   70.84868 -163.18446     4.4306    31.7940    1464.69  0.000e+00
     23.727   70.84868 -163.18446     4.4274    31.7960    1464.68  0.000e+00
     23.742   70.84868 -163.18446     4.4253    31.7982    1464.67  0.000e+00
     23.727   70.84868 -163.18446     4.4239    31.7991    1464.67  0.000e+00
     23.843   70.84868 -163.18446     4.4230    31.7987    1464.66  0.000e+00
     23.804   70.84868 -163.18446     4.4223    31.7987    1464.66  0.000e+00
     23.843   70.84868 -163.18446     4.4214    31.7986    1464.66  0.000e+00
     23.858   70.84868 -163.18446     4.4206    31.7986    1464.65  0.000e+00
     23.897   70.84868 -163.18446     4.4195    31.7988    1464.65  0.000e+00
     23.897   70.84868 -163.18446     4.4182    31.7992    1464.65  0.000e+00
     23.920   70.84868 -163.18446     4.4175    31.7993    1464.64  0.000e+00
     23.897   70.84868 -163.18446     4.4168    31.7993    1464.64  0.000e+00
     23.974   70.84868 -163.18446     4.4167    31.7996    1464.64  0.000e+00
     24.012   70.84868 -163.18446     4.4164    31.7998    1464.64  0.000e+00
     23.897   70.84868 -163.18446     4.4161    31.8004    1464.64  0.000e+00
     24.089   70.84868 -163.18446     4.4164    31.8005    1464.64  0.000e+00
     24.066   70.84868 -163.18446     4.4164    31.8012    1464.64  0.000e+00
     24.089   70.84868 -163.18446     4.4171    31.8016    1464.65  0.000e+00
     24.066   70.84868 -163.18446     4.4179    31.8016    1464.65  0.000e+00
     24.089   70.84868 -163.18446     4.4187    31.8013    1464.65  0.000e+00
     24.182   70.84868 -163.18446     4.4199    31.8017    1464.66  0.000e+00
     24.128   70.84868 -163.18446     4.4207    31.8020    1464.66  0.000e+00
     24.143   70.84868 -163.18446     4.4217    31.8005    1464.67  0.000e+00
     24.244   70.84868 -163.18446     4.4218    31.7997    1464.67  0.000e+00
     24.205   70.84868 -163.18446     4.4218    31.7990    1464.67  0.000e+00
     24.244   70.84868 -163.18446     4.4215    31.7979    1464.66  0.000e+00
     24.244   70.84868 -163.18446     4.4210    31.7981    1464.66  0.000e+00
     24.259   70.84868 -163.18446     4.4207    31.7982    1464.66  0.000e+00
     24.352   70.84868 -163.18446     4.4207    31.7978    1464.66  0.000e+00
     24.259   70.84868 -163.18446     4.4203    31.7983    1464.66  0.000e+00
     24.413   70.84868 -163.18446     4.4203    31.7982    1464.66  0.000e+00
     24.321   70.84868 -163.18446     4.4203    31.7988    1464.66  0.000e+00
     24.413   70.84868 -163.18446     4.4203    31.7978    1464.66  0.000e+00
     24.413   70.84868 -163.18446     4.4195    31.7966    1464.66  0.000e+00
     24.375   70.84868 -163.18446     4.4184    31.7959    1464.65  0.000e+00
     24.467   70.84868 -163.18446     4.4174    31.7966    1464.65  0.000e+00
     24.490   70.84868 -163.18446     4.4168    31.7956    1464.65  0.000e+00
     24.467   70.84868 -163.18446     4.4157    31.7950    1464.64  0.000e+00
     24.467   70.84868 -163.18446     4.4144    31.7958    1464.63  0.000e+00
     24.606   70.84868 -163.18446     4.4135    31.7958    1464.63  0.000e+00
     24.529   70.84868 -163.18446     4.4124    31.7945    1464.63  0.000e+00
     24.544   70.84868 -163.18446     4.4108    31.7942    1464.62  0.000e+00
     24.644   70.84868 -163.18446     4.4096    31.7944    1464.62  0.000e+00
     24.606   70.84868 -163.18446     4.4084    31.7937    1464.61  0.000e+00
     24.644   70.84868 -163.18446     4.4068    31.7928    1464.60  0.000e+00
     24.644   70.84868 -163.18446     4.4049    31.7935    1464.60  0.000e+00
     24.722   70.84868 -163.18446     4.4036    31.7939    1464.59  0.000e+00
     24.698   70.84868 -163.18446     4.4027    31.7945    1464.59  0.000e+00
     24.660   70.84868 -163.18446     4.4019    31.7944    1464.58  0.000e+00
     24.752   70.84868 -163.18446     4.4009    31.7946    1464.58  0.000e+00
     24.776   70.84868 -163.18446     4.4003    31.7946    1464.58  0.000e+00
     24.752   70.84868 -163.18446     4.3997    31.7955    1464.58  0.000e+00
     24.814   70.84868 -163.18446     4.3997    31.7951    1464.58  0.000e+00
     24.829   70.84868 -163.18446     4.3994    31.7949    1464.58  0.000e+00
     24.814   70.84868 -163.18446     4.3992    31.7953    1464.58  0.000e+00
