EcoFOCI/data/1_SampleCollection/2023_SikuliaqDBO_CruiseData/CTD_raw_BottleFile_SKQ23-12S/proc/skq202312s_018svp.cnv
* Sea-Bird SBE 9 Data File:
* FileName = D:\CTD\SKQ202312S\SKQ202312S_018.hex
* Software Version Seasave V 7.26.7.121
* Temperature SN = 6177
* Conductivity SN = 0369
* Number of Bytes Per Scan = 41
* Number of Voltage Words = 4
* Number of Scans Averaged by the Deck Unit = 1
* NMEA Latitude = 64 40.12 N
* NMEA Longitude = 168 14.25 W
* NMEA UTC (Time) = Sep 17 2023  18:54:46
* NMEA baud rate = 4800
** Ship: R/V Sikuliaq
** Station Number: 018
** Station Name: DBO2.3
** Bottom Depth: 38
** Operator: SD
# nquan = 7
# nvalues = 4087                                  
# units = specified
# name 0 = depSM: Depth [salt water, m]
# name 1 = latitude: Latitude [deg]
# name 2 = longitude: Longitude [deg]
# name 3 = t090C: Temperature [ITS-90, deg C]
# name 4 = sal00: Salinity, Practical [PSU]
# name 5 = svCM: Sound Velocity [Chen-Millero, m/s]
# name 6 = flag:  0.000e+00
# span 0 =      3.209,     33.032                 
# span 1 =   64.66886,   64.66890                 
# span 2 = -168.23718, -168.23714                 
# span 3 =     5.3066,     6.2563                 
# span 4 =    31.7797,    31.8869                 
# span 5 =    1468.55,    1471.82                 
# span 6 = 0.0000e+00, 0.0000e+00                 
# interval = seconds: 0.0416667
# start_time = Sep 17 2023 18:58:23 [NMEA time, first data scan]
# bad_flag = -9.990e-29
*END*
[from data line 3283]
     28.227   64.66888 -168.23718     6.0096    31.8180    1471.23  0.000e+00
     28.327   64.66888 -168.23718     6.0093    31.8181    1471.23  0.000e+00
     28.289   64.66888 -168.23718     6.0094    31.8178    1471.23  0.000e+00
     28.266   64.66888 -168.23718     6.0097    31.8176    1471.23  0.000e+00
     28.289   64.66888 -168.23718     6.0096    31.8176    1471.23  0.000e+00
     28.266   64.66888 -168.23718     6.0099    31.8175    1471.23  0.000e+00
     28.289   64.66888 -168.23718     6.0094    31.8181    1471.23  0.000e+00
     28.266   64.66888 -168.23718     6.0094    31.8180    1471.23  0.000e+00
     28.289   64.66888 -168.23718     6.0094    31.8180    1471.23  0.000e+00
     28.266   64.66888 -168.23718     6.0096    31.8180    1471.23  0.000e+00
     28.289   64.66888 -168.23718     6.0096    31.8179    1471.23  0.000e+00
     28.266   64.66888 -168.23718     6.0096    31.8182    1471.23  0.000e+00
     28.227   64.66888 -168.23718     6.0095    31.8180    1471.23  0.000e+00
     28.327   64.66888 -168.23718     6.0097    31.8177    1471.23  0.000e+00
     28.227   64.66888 -168.23718     6.0094    31.8175    1471.23  0.000e+00
     28.266   64.66888 -168.23718     6.0091    31.8180    1471.23  0.000e+00
     28.227   64.66888 -168.23718     6.0091    31.8180    1471.23  0.000e+00
     28.266   64.66888 -168.23718     6.0089    31.8173    1471.23  0.000e+00
     28.227   64.66888 -168.23718     6.0086    31.8173    1471.23  0.000e+00
     28.212   64.66888 -168.23718     6.0086    31.8171    1471.23  0.000e+00
     28.227   64.66888 -168.23718     6.0091    31.8179    1471.23  0.000e+00
     28.266   64.66888 -168.23718     6.0096    31.8178    1471.23  0.000e+00
     28.173   64.66888 -168.23718     6.0098    31.8174    1471.23  0.000e+00
     28.212   64.66888 -168.23718     6.0099    31.8177    1471.23  0.000e+00
     28.227   64.66888 -168.23718     6.0099    31.8176    1471.23  0.000e+00
     28.212   64.66888 -168.23718     6.0100    31.8174    1471.23  0.000e+00
     28.173   64.66888 -168.23718     6.0099    31.8171    1471.23  0.000e+00
     28.212   64.66888 -168.23718     6.0094    31.8176    1471.23  0.000e+00
     28.173   64.66888 -168.23718     6.0097    31.8168    1471.23  0.000e+00
     28.212   64.66888 -168.23718     6.0093    31.8168    1471.23  0.000e+00
     28.173   64.66888 -168.23718     6.0099    31.8168    1471.23  0.000e+00
     28.158   64.66888 -168.23718     6.0104    31.8170    1471.23  0.000e+00
     28.042   64.66888 -168.23718     6.0107    31.8171    1471.23  0.000e+00
     28.289   64.66888 -168.23718     6.0101    31.8169    1471.23  0.000e+00
     28.096   64.66888 -168.23718     6.0096    31.8175    1471.23  0.000e+00
     28.173   64.66888 -168.23718     6.0094    31.8179    1471.23  0.000e+00
     28.096   64.66888 -168.23718     6.0089    31.8182    1471.23  0.000e+00
     28.173   64.66888 -168.23718     6.0088    31.8175    1471.23  0.000e+00
     28.096   64.66888 -168.23718     6.0085    31.8169    1471.22  0.000e+00
     28.111   64.66888 -168.23718     6.0083    31.8175    1471.22  0.000e+00
     28.096   64.66888 -168.23718     6.0085    31.8176    1471.22  0.000e+00
     28.111   64.66888 -168.23718     6.0081    31.8183    1471.22  0.000e+00
     28.096   64.66888 -168.23718     6.0086    31.8184    1471.23  0.000e+00
     28.111   64.66888 -168.23718     6.0091    31.8181    1471.23  0.000e+00
     28.096   64.66888 -168.23718     6.0092    31.8178    1471.23  0.000e+00
     28.057   64.66888 -168.23718     6.0096    31.8175    1471.23  0.000e+00
     28.096   64.66888 -168.23718     6.0094    31.8180    1471.23  0.000e+00
     28.057   64.66888 -168.23718     6.0096    31.8183    1471.23  0.000e+00
     28.042   64.66888 -168.23718     6.0093    31.8183    1471.23  0.000e+00
     28.111   64.66888 -168.23718     6.0091    31.8182    1471.23  0.000e+00
     28.042   64.66888 -168.23718     6.0091    31.8183    1471.23  0.000e+00
     28.057   64.66888 -168.23718     6.0093    31.8184    1471.23  0.000e+00
     28.042   64.66888 -168.23718     6.0094    31.8181    1471.23  0.000e+00
     28.057   64.66888 -168.23718     6.0089    31.8186    1471.23  0.000e+00
     28.042   64.66888 -168.23718     6.0090    31.8182    1471.23  0.000e+00
     28.057   64.66888 -168.23718     6.0091    31.8183    1471.23  0.000e+00
     28.042   64.66888 -168.23718     6.0093    31.8185    1471.23  0.000e+00
     28.057   64.66888 -168.23718     6.0096    31.8180    1471.23  0.000e+00
     28.042   64.66888 -168.23718     6.0091    31.8180    1471.23  0.000e+00
     28.057   64.66888 -168.23718     6.0094    31.8179    1471.23  0.000e+00
     27.980   64.66888 -168.23718     6.0093    31.8183    1471.23  0.000e+00
     28.042   64.66888 -168.23718     6.0093    31.8184    1471.23  0.000e+00
     28.057   64.66888 -168.23718     6.0094    31.8177    1471.23  0.000e+00
     28.042   64.66888 -168.23718     6.0093    31.8179    1471.23  0.000e+00
     28.057   64.66888 -168.23718     6.0089    31.8185    1471.23  0.000e+00
     28.042   64.66888 -168.23718     6.0086    31.8184    1471.22  0.000e+00
     28.003   64.66888 -168.23718     6.0089    31.8180    1471.23  0.000e+00
     28.042   64.66888 -168.23718     6.0085    31.8184    1471.22  0.000e+00
     28.057   64.66888 -168.23718     6.0086    31.8187    1471.23  0.000e+00
     28.042   64.66888 -168.23718     6.0083    31.8191    1471.22  0.000e+00
     28.003   64.66888 -168.23718     6.0081    31.8185    1471.22  0.000e+00
     28.042   64.66888 -168.23718     6.0083    31.8186    1471.22  0.000e+00
     28.057   64.66888 -168.23718     6.0081    31.8190    1471.22  0.000e+00
     28.042   64.66888 -168.23718     6.0081    31.8186    1471.22  0.000e+00
     28.003   64.66888 -168.23718     6.0086    31.8184    1471.22  0.000e+00
     28.096   64.66888 -168.23718     6.0089    31.8183    1471.23  0.000e+00
     28.003   64.66888 -168.23718     6.0091    31.8182    1471.23  0.000e+00
     28.096   64.66888 -168.23718     6.0091    31.8183    1471.23  0.000e+00
     28.057   64.66888 -168.23718     6.0093    31.8182    1471.23  0.000e+00
     28.042   64.66888 -168.23718     6.0094    31.8181    1471.23  0.000e+00
     28.057   64.66888 -168.23718     6.0093    31.8180    1471.23  0.000e+00
     28.042   64.66888 -168.23718     6.0093    31.8179    1471.23  0.000e+00
     28.057   64.66888 -168.23718     6.0089    31.8185    1471.23  0.000e+00
     28.096   64.66888 -168.23718     6.0093    31.8182    1471.23  0.000e+00
     28.057   64.66888 -168.23718     6.0094    31.8178    1471.23  0.000e+00
     28.096   64.66888 -168.23718     6.0093    31.8181    1471.23  0.000e+00
     28.057   64.66888 -168.23718     6.0093    31.8178    1471.23  0.000e+00
     28.096   64.66888 -168.23718     6.0091    31.8182    1471.23  0.000e+00
     28.096   64.66888 -168.23718     6.0091    31.8182    1471.23  0.000e+00
     28.111   64.66888 -168.23718     6.0093    31.8179    1471.23  0.000e+00
     28.042   64.66888 -168.23718     6.0093    31.8180    1471.23  0.000e+00
     28.173   64.66888 -168.23718     6.0091    31.8180    1471.23  0.000e+00
     28.096   64.66888 -168.23718     6.0089    31.8180    1471.23  0.000e+00
     28.111   64.66888 -168.23718     6.0091    31.8178    1471.23  0.000e+00
     28.096   64.66888 -168.23718     6.0093    31.8180    1471.23  0.000e+00
     28.111   64.66888 -168.23718     6.0091    31.8179    1471.23  0.000e+00
     28.158   64.66888 -168.23718     6.0092    31.8181    1471.23  0.000e+00
     28.111   64.66888 -168.23718     6.0089    31.8183    1471.23  0.000e+00
     28.096   64.66888 -168.23718     6.0091    31.8177    1471.23  0.000e+00
     28.173   64.66888 -168.23718     6.0089    31.8180    1471.23  0.000e+00
     28.158   64.66888 -168.23718     6.0093    31.8179    1471.23  0.000e+00
     28.111   64.66888 -168.23718     6.0094    31.8182    1471.23  0.000e+00
     28.158   64.66888 -168.23718     6.0091    31.8186    1471.23  0.000e+00
     28.173   64.66888 -168.23718     6.0091    31.8188    1471.23  0.000e+00
     28.158   64.66888 -168.23718     6.0093    31.8187    1471.23  0.000e+00
     28.173   64.66888 -168.23718     6.0093    31.8185    1471.23  0.000e+00
     28.158   64.66888 -168.23718     6.0092    31.8183    1471.23  0.000e+00
     28.173   64.66888 -168.23718     6.0091    31.8181    1471.23  0.000e+00
     28.158   64.66888 -168.23718     6.0093    31.8176    1471.23  0.000e+00
     28.173   64.66888 -168.23718     6.0094    31.8172    1471.23  0.000e+00
     28.212   64.66888 -168.23718     6.0089    31.8173    1471.23  0.000e+00
     28.173   64.66888 -168.23718     6.0088    31.8170    1471.23  0.000e+00
     28.212   64.66888 -168.23718     6.0080    31.8179    1471.22  0.000e+00
     28.173   64.66888 -168.23718     6.0081    31.8176    1471.22  0.000e+00
     28.158   64.66888 -168.23718     6.0080    31.8179    1471.22  0.000e+00
     28.227   64.66888 -168.23718     6.0073    31.8179    1471.22  0.000e+00
     28.212   64.66888 -168.23718     6.0072    31.8185    1471.22  0.000e+00
     28.158   64.66888 -168.23718     6.0074    31.8185    1471.22  0.000e+00
     28.227   64.66888 -168.23718     6.0072    31.8187    1471.22  0.000e+00
     28.211   64.66888 -168.23718     6.0076    31.8183    1471.22  0.000e+00
     28.173   64.66888 -168.23718     6.0076    31.8183    1471.22  0.000e+00
     28.211   64.66888 -168.23718     6.0085    31.8181    1471.23  0.000e+00
     28.227   64.66888 -168.23718     6.0083    31.8189    1471.23  0.000e+00
     28.211   64.66888 -168.23718     6.0089    31.8185    1471.23  0.000e+00
     28.227   64.66888 -168.23718     6.0096    31.8177    1471.23  0.000e+00
     28.211   64.66888 -168.23718     6.0094    31.8181    1471.23  0.000e+00
     28.173   64.66888 -168.23718     6.0094    31.8183    1471.23  0.000e+00
     28.211   64.66888 -168.23718     6.0090    31.8184    1471.23  0.000e+00
     28.227   64.66888 -168.23718     6.0091    31.8185    1471.23  0.000e+00
     28.211   64.66888 -168.23718     6.0091    31.8186    1471.23  0.000e+00
     28.227   64.66888 -168.23718     6.0096    31.8181    1471.23  0.000e+00
     28.157   64.66888 -168.23718     6.0089    31.8188    1471.23  0.000e+00
     28.173   64.66888 -168.23718     6.0089    31.8186    1471.23  0.000e+00
     28.265   64.66888 -168.23718     6.0100    31.8174    1471.23  0.000e+00
     28.173   64.66888 -168.23718     6.0096    31.8176    1471.23  0.000e+00
     28.157   64.66888 -168.23718     6.0088    31.8183    1471.23  0.000e+00
     28.227   64.66888 -168.23718     6.0086    31.8189    1471.23  0.000e+00
     28.211   64.66888 -168.23718     6.0103    31.8179    1471.23  0.000e+00
     28.227   64.66888 -168.23718     6.0113    31.8177    1471.24  0.000e+00
     28.265   64.66888 -168.23718     6.0117    31.8173    1471.24  0.000e+00
     28.227   64.66888 -168.23718     6.0115    31.8174    1471.24  0.000e+00
     28.265   64.66888 -168.23718     6.0109    31.8178    1471.24  0.000e+00
     28.289   64.66888 -168.23718     6.0105    31.8174    1471.24  0.000e+00
     28.265   64.66888 -168.23718     6.0100    31.8179    1471.23  0.000e+00
     28.227   64.66888 -168.23718     6.0100    31.8182    1471.23  0.000e+00
     28.265   64.66888 -168.23718     6.0097    31.8183    1471.23  0.000e+00
     28.227   64.66888 -168.23718     6.0097    31.8182    1471.23  0.000e+00
     28.211   64.66888 -168.23718     6.0099    31.8179    1471.23  0.000e+00
     28.227   64.66888 -168.23718     6.0098    31.8181    1471.23  0.000e+00
     28.211   64.66888 -168.23718     6.0100    31.8180    1471.23  0.000e+00
     28.211   64.66888 -168.23718     6.0102    31.8183    1471.23  0.000e+00
     28.289   64.66888 -168.23718     6.0104    31.8182    1471.24  0.000e+00
     28.211   64.66888 -168.23718     6.0099    31.8189    1471.23  0.000e+00
     28.227   64.66888 -168.23718     6.0102    31.8184    1471.23  0.000e+00
     28.265   64.66888 -168.23718     6.0102    31.8185    1471.24  0.000e+00
     28.227   64.66888 -168.23718     6.0104    31.8184    1471.24  0.000e+00
     28.265   64.66888 -168.23718     6.0107    31.8179    1471.24  0.000e+00
     28.227   64.66888 -168.23718     6.0105    31.8179    1471.24  0.000e+00
     28.327   64.66888 -168.23718     6.0107    31.8182    1471.24  0.000e+00
     28.227   64.66888 -168.23718     6.0108    31.8181    1471.24  0.000e+00
     28.327   64.66888 -168.23718     6.0110    31.8172    1471.24  0.000e+00
     28.288   64.66888 -168.23718     6.0109    31.8176    1471.24  0.000e+00
     28.265   64.66888 -168.23718     6.0109    31.8175    1471.24  0.000e+00
     28.288   64.66888 -168.23718     6.0107    31.8178    1471.24  0.000e+00
     28.265   64.66888 -168.23718     6.0102    31.8179    1471.23  0.000e+00
     28.288   64.66888 -168.23718     6.0097    31.8180    1471.23  0.000e+00
     28.265   64.66888 -168.23718     6.0100    31.8179    1471.23  0.000e+00
     28.288   64.66888 -168.23718     6.0099    31.8176    1471.23  0.000e+00
     28.265   64.66888 -168.23718     6.0097    31.8181    1471.23  0.000e+00
     28.288   64.66888 -168.23718     6.0099    31.8176    1471.23  0.000e+00
     28.265   64.66888 -168.23718     6.0095    31.8181    1471.23  0.000e+00
     28.342   64.66888 -168.23718     6.0096    31.8176    1471.23  0.000e+00
     28.265   64.66888 -168.23718     6.0097    31.8178    1471.23  0.000e+00
     28.342   64.66888 -168.23718     6.0096    31.8181    1471.23  0.000e+00
     28.327   64.66888 -168.23718     6.0094    31.8182    1471.23  0.000e+00
     28.342   64.66888 -168.23718     6.0085    31.8187    1471.23  0.000e+00
     28.327   64.66888 -168.23718     6.0086    31.8182    1471.23  0.000e+00
     28.342   64.66888 -168.23718     6.0088    31.8178    1471.23  0.000e+00
     28.381   64.66888 -168.23718     6.0067    31.8184    1471.22  0.000e+00
     28.342   64.66888 -168.23718     6.0043    31.8192    1471.21  0.000e+00
     28.381   64.66888 -168.23718     6.0042    31.8195    1471.21  0.000e+00
     28.404   64.66888 -168.23718     6.0049    31.8188    1471.22  0.000e+00
     28.381   64.66888 -168.23718     6.0057    31.8178    1471.22  0.000e+00
     28.404   64.66888 -168.23718     6.0056    31.8181    1471.22  0.000e+00
     28.381   64.66888 -168.23718     6.0056    31.8182    1471.22  0.000e+00
     28.404   64.66888 -168.23718     6.0057    31.8184    1471.22  0.000e+00
     28.443   64.66888 -168.23718     6.0059    31.8180    1471.22  0.000e+00
     28.458   64.66888 -168.23718     6.0052    31.8180    1471.22  0.000e+00
     28.443   64.66888 -168.23718     6.0045    31.8182    1471.21  0.000e+00
     28.497   64.66888 -168.23718     6.0048    31.8180    1471.22  0.000e+00
     28.458   64.66888 -168.23718     6.0050    31.8185    1471.22  0.000e+00
     28.558   64.66888 -168.23718     6.0059    31.8184    1471.22  0.000e+00
     28.512   64.66888 -168.23718     6.0065    31.8192    1471.23  0.000e+00
     28.558   64.66888 -168.23718     6.0078    31.8193    1471.23  0.000e+00
     28.512   64.66888 -168.23718     6.0086    31.8195    1471.23  0.000e+00
     28.612   64.66888 -168.23718     6.0104    31.8188    1471.24  0.000e+00
     28.574   64.66888 -168.23718     6.0107    31.8194    1471.24  0.000e+00
     28.612   64.66888 -168.23718     6.0113    31.8176    1471.24  0.000e+00
     28.690   64.66888 -168.23718     6.0120    31.8169    1471.25  0.000e+00
     28.612   64.66888 -168.23718     6.0129    31.8185    1471.25  0.000e+00
     28.689   64.66888 -168.23718     6.0137    31.8187    1471.26  0.000e+00
     28.666   64.66888 -168.23718     6.0137    31.8181    1471.26  0.000e+00
     28.689   64.66888 -168.23718     6.0128    31.8179    1471.25  0.000e+00
     28.728   64.66888 -168.23718     6.0126    31.8174    1471.25  0.000e+00
