EcoFOCI/data/1_SampleCollection/2023_SikuliaqDBO_CruiseData/CTD_raw_BottleFile_SKQ23-12S/proc/skq202312s_039svp.cnv
* Sea-Bird SBE 9 Data File:
* FileName = D:\CTD\SKQ202312S\SKQ202312S_039.hex
* Software Version Seasave V 7.26.7.121
* Temperature SN = 6177
* Conductivity SN = 0369
* Number of Bytes Per Scan = 41
* Number of Voltage Words = 4
* Number of Scans Averaged by the Deck Unit = 1
* NMEA Latitude = 71 19.31 N
* NMEA Longitude = 160 39.09 W
* NMEA UTC (Time) = Sep 23 2023  11:49:51
* NMEA baud rate = 4800
** Ship: R/V Sikuliaq
** Station Number: 039
** Station Name: DBO4.2n
** Bottom Depth: 48
** Operator: SD
# nquan = 7
# nvalues = 5872                                  
# units = specified
# name 0 = depSM: Depth [salt water, m]
# name 1 = latitude: Latitude [deg]
# name 2 = longitude: Longitude [deg]
# name 3 = t090C: Temperature [ITS-90, deg C]
# name 4 = sal00: Salinity, Practical [PSU]
# name 5 = svCM: Sound Velocity [Chen-Millero, m/s]
# name 6 = flag:  0.000e+00
# span 0 =      2.663,     43.060                 
# span 1 =   71.32186,   71.32190                 
# span 2 = -160.65154, -160.65148                 
# span 3 =    -1.6695,     2.5696                 
# span 4 =    27.5123,    32.6614                 
# span 5 =    1438.64,    1451.04                 
# span 6 = 0.0000e+00, 0.0000e+00                 
# interval = seconds: 0.0416667
# start_time = Sep 23 2023 11:54:34 [NMEA time, first data scan]
# bad_flag = -9.990e-29
*END*
[from data line 2462]
     18.371   71.32186 -160.65154    -1.4248    32.3768    1439.23  0.000e+00
     18.317   71.32186 -160.65154    -1.4283    32.3821    1439.22  0.000e+00
     18.340   71.32186 -160.65154    -1.4319    32.3868    1439.21  0.000e+00
     18.433   71.32186 -160.65154    -1.4344    32.3901    1439.20  0.000e+00
     18.433   71.32186 -160.65154    -1.4366    32.3929    1439.20  0.000e+00
     18.371   71.32186 -160.65154    -1.4388    32.3956    1439.19  0.000e+00
     18.456   71.32186 -160.65154    -1.4416    32.3988    1439.18  0.000e+00
     18.486   71.32186 -160.65154    -1.4440    32.4019    1439.17  0.000e+00
     18.432   71.32186 -160.65154    -1.4465    32.4057    1439.17  0.000e+00
     18.548   71.32186 -160.65154    -1.4485    32.4090    1439.16  0.000e+00
     18.517   71.32186 -160.65154    -1.4497    32.4108    1439.16  0.000e+00
     18.486   71.32186 -160.65154    -1.4509    32.4131    1439.16  0.000e+00
     18.602   71.32186 -160.65154    -1.4522    32.4155    1439.15  0.000e+00
     18.571   71.32186 -160.65154    -1.4534    32.4169    1439.15  0.000e+00
     18.602   71.32186 -160.65154    -1.4545    32.4176    1439.15  0.000e+00
     18.602   71.32186 -160.65154    -1.4554    32.4154    1439.14  0.000e+00
     18.602   71.32186 -160.65154    -1.4560    32.4158    1439.14  0.000e+00
     18.687   71.32186 -160.65154    -1.4569    32.4179    1439.14  0.000e+00
     18.664   71.32186 -160.65154    -1.4578    32.4215    1439.14  0.000e+00
     18.718   71.32186 -160.65154    -1.4581    32.4243    1439.14  0.000e+00
     18.718   71.32186 -160.65154    -1.4592    32.4266    1439.14  0.000e+00
     18.687   71.32186 -160.65154    -1.4604    32.4287    1439.13  0.000e+00
     18.772   71.32186 -160.65154    -1.4611    32.4306    1439.13  0.000e+00
     18.772   71.32186 -160.65154    -1.4624    32.4350    1439.13  0.000e+00
     18.772   71.32186 -160.65154    -1.4647    32.4416    1439.13  0.000e+00
     18.802   71.32186 -160.65154    -1.4669    32.4461    1439.13  0.000e+00
     18.833   71.32186 -160.65154    -1.4707    32.4519    1439.12  0.000e+00
     18.887   71.32186 -160.65154    -1.4758    32.4600    1439.11  0.000e+00
     18.856   71.32186 -160.65154    -1.4805    32.4664    1439.09  0.000e+00
     18.887   71.32186 -160.65154    -1.4841    32.4713    1439.08  0.000e+00
     18.887   71.32186 -160.65154    -1.4876    32.4759    1439.07  0.000e+00
     18.949   71.32186 -160.65154    -1.4908    32.4801    1439.06  0.000e+00
     18.910   71.32186 -160.65154    -1.4926    32.4827    1439.06  0.000e+00
     19.003   71.32186 -160.65154    -1.4945    32.4846    1439.05  0.000e+00
     18.949   71.32186 -160.65154    -1.4964    32.4861    1439.04  0.000e+00
     19.003   71.32186 -160.65154    -1.4984    32.4879    1439.04  0.000e+00
     19.088   71.32186 -160.65154    -1.5003    32.4895    1439.03  0.000e+00
     19.003   71.32186 -160.65154    -1.5018    32.4898    1439.02  0.000e+00
     19.118   71.32186 -160.65154    -1.5031    32.4903    1439.02  0.000e+00
     19.026   71.32186 -160.65154    -1.5050    32.4914    1439.01  0.000e+00
     19.118   71.32186 -160.65154    -1.5073    32.4924    1439.00  0.000e+00
     19.118   71.32186 -160.65154    -1.5092    32.4940    1439.00  0.000e+00
     19.172   71.32186 -160.65154    -1.5113    32.4955    1438.99  0.000e+00
     19.142   71.32186 -160.65154    -1.5135    32.4966    1438.98  0.000e+00
     19.172   71.32186 -160.65154    -1.5153    32.4979    1438.97  0.000e+00
     19.172   71.32186 -160.65154    -1.5170    32.4989    1438.97  0.000e+00
     19.234   71.32186 -160.65154    -1.5188    32.4999    1438.96  0.000e+00
     19.203   71.32186 -160.65154    -1.5205    32.5009    1438.95  0.000e+00
     19.234   71.32186 -160.65154    -1.5224    32.5021    1438.95  0.000e+00
     19.288   71.32186 -160.65154    -1.5243    32.5037    1438.94  0.000e+00
     19.257   71.32186 -160.65154    -1.5266    32.5044    1438.93  0.000e+00
     19.288   71.32186 -160.65154    -1.5292    32.5062    1438.92  0.000e+00
     19.288   71.32186 -160.65154    -1.5312    32.5076    1438.91  0.000e+00
     19.350   71.32186 -160.65154    -1.5334    32.5093    1438.91  0.000e+00
     19.311   71.32186 -160.65154    -1.5349    32.5110    1438.90  0.000e+00
     19.404   71.32186 -160.65154    -1.5362    32.5123    1438.90  0.000e+00
     19.350   71.32186 -160.65154    -1.5376    32.5132    1438.89  0.000e+00
     19.373   71.32186 -160.65154    -1.5385    32.5137    1438.89  0.000e+00
     19.404   71.32186 -160.65154    -1.5395    32.5142    1438.88  0.000e+00
     19.465   71.32186 -160.65154    -1.5402    32.5150    1438.88  0.000e+00
     19.404   71.32186 -160.65154    -1.5411    32.5157    1438.88  0.000e+00
     19.427   71.32186 -160.65154    -1.5418    32.5160    1438.88  0.000e+00
     19.465   71.32186 -160.65154    -1.5432    32.5172    1438.87  0.000e+00
     19.519   71.32186 -160.65154    -1.5441    32.5179    1438.87  0.000e+00
     19.404   71.32186 -160.65154    -1.5455    32.5199    1438.86  0.000e+00
     19.604   71.32186 -160.65154    -1.5468    32.5212    1438.86  0.000e+00
     19.519   71.32186 -160.65154    -1.5474    32.5220    1438.86  0.000e+00
     19.519   71.32186 -160.65154    -1.5485    32.5230    1438.85  0.000e+00
     19.542   71.32186 -160.65154    -1.5488    32.5240    1438.85  0.000e+00
     19.573   71.32186 -160.65154    -1.5493    32.5251    1438.85  0.000e+00
     19.573   71.32186 -160.65154    -1.5502    32.5269    1438.85  0.000e+00
     19.573   71.32186 -160.65154    -1.5506    32.5274    1438.85  0.000e+00
     19.542   71.32186 -160.65154    -1.5513    32.5280    1438.85  0.000e+00
     19.635   71.32186 -160.65154    -1.5525    32.5287    1438.84  0.000e+00
     19.635   71.32186 -160.65154    -1.5542    32.5316    1438.84  0.000e+00
     19.604   71.32186 -160.65154    -1.5557    32.5341    1438.84  0.000e+00
     19.689   71.32186 -160.65154    -1.5555    32.5338    1438.84  0.000e+00
     19.635   71.32186 -160.65154    -1.5568    32.5358    1438.83  0.000e+00
     19.573   71.32186 -160.65154    -1.5579    32.5370    1438.83  0.000e+00
     19.774   71.32186 -160.65154    -1.5579    32.5327    1438.83  0.000e+00
     19.689   71.32186 -160.65154    -1.5513    32.5209    1438.84  0.000e+00
     19.689   71.32186 -160.65154    -1.5485    32.5212    1438.85  0.000e+00
     19.712   71.32186 -160.65154    -1.5509    32.5281    1438.85  0.000e+00
     19.750   71.32186 -160.65154    -1.5543    32.5338    1438.84  0.000e+00
     19.689   71.32186 -160.65154    -1.5566    32.5371    1438.84  0.000e+00
     19.774   71.32186 -160.65154    -1.5592    32.5409    1438.83  0.000e+00
     19.750   71.32186 -160.65154    -1.5617    32.5442    1438.82  0.000e+00
     19.750   71.32186 -160.65154    -1.5630    32.5460    1438.82  0.000e+00
     19.804   71.32186 -160.65154    -1.5636    32.5460    1438.82  0.000e+00
     19.773   71.32188 -160.65154    -1.5640    32.5474    1438.82  0.000e+00
     19.804   71.32188 -160.65154    -1.5640    32.5479    1438.82  0.000e+00
     19.804   71.32188 -160.65154    -1.5643    32.5479    1438.82  0.000e+00
     19.827   71.32188 -160.65154    -1.5652    32.5490    1438.81  0.000e+00
     19.866   71.32188 -160.65154    -1.5660    32.5502    1438.81  0.000e+00
     19.866   71.32188 -160.65154    -1.5670    32.5519    1438.81  0.000e+00
     19.866   71.32188 -160.65154    -1.5675    32.5529    1438.81  0.000e+00
     19.889   71.32188 -160.65154    -1.5675    32.5535    1438.81  0.000e+00
     19.866   71.32188 -160.65154    -1.5671    32.5535    1438.81  0.000e+00
     19.920   71.32188 -160.65154    -1.5666    32.5532    1438.81  0.000e+00
     19.889   71.32188 -160.65154    -1.5661    32.5528    1438.82  0.000e+00
     19.920   71.32188 -160.65154    -1.5662    32.5533    1438.82  0.000e+00
     19.920   71.32188 -160.65154    -1.5659    32.5533    1438.82  0.000e+00
     19.974   71.32188 -160.65154    -1.5668    32.5548    1438.82  0.000e+00
     19.943   71.32188 -160.65154    -1.5675    32.5558    1438.81  0.000e+00
     19.920   71.32188 -160.65154    -1.5687    32.5577    1438.81  0.000e+00
     19.974   71.32188 -160.65154    -1.5699    32.5594    1438.81  0.000e+00
     19.997   71.32188 -160.65154    -1.5703    32.5603    1438.81  0.000e+00
     19.974   71.32188 -160.65154    -1.5715    32.5615    1438.80  0.000e+00
     19.974   71.32188 -160.65154    -1.5717    32.5622    1438.80  0.000e+00
     20.059   71.32188 -160.65154    -1.5728    32.5632    1438.80  0.000e+00
     20.035   71.32188 -160.65154    -1.5737    32.5638    1438.80  0.000e+00
     20.035   71.32188 -160.65154    -1.5743    32.5652    1438.80  0.000e+00
     20.035   71.32188 -160.65154    -1.5750    32.5664    1438.79  0.000e+00
     20.059   71.32186 -160.65154    -1.5756    32.5672    1438.79  0.000e+00
     20.089   71.32186 -160.65154    -1.5760    32.5671    1438.79  0.000e+00
     20.089   71.32186 -160.65154    -1.5763    32.5675    1438.79  0.000e+00
     20.113   71.32186 -160.65154    -1.5768    32.5678    1438.79  0.000e+00
     20.089   71.32186 -160.65154    -1.5769    32.5680    1438.79  0.000e+00
     20.089   71.32186 -160.65154    -1.5777    32.5692    1438.79  0.000e+00
     20.205   71.32186 -160.65154    -1.5785    32.5704    1438.79  0.000e+00
     20.112   71.32186 -160.65154    -1.5795    32.5717    1438.78  0.000e+00
     20.205   71.32186 -160.65154    -1.5802    32.5714    1438.78  0.000e+00
     20.205   71.32186 -160.65154    -1.5804    32.5716    1438.78  0.000e+00
     20.228   71.32186 -160.65154    -1.5805    32.5722    1438.78  0.000e+00
     20.205   71.32186 -160.65154    -1.5807    32.5726    1438.78  0.000e+00
     20.205   71.32186 -160.65154    -1.5818    32.5741    1438.77  0.000e+00
     20.290   71.32186 -160.65154    -1.5826    32.5754    1438.77  0.000e+00
     20.267   71.32186 -160.65154    -1.5835    32.5763    1438.77  0.000e+00
     20.267   71.32186 -160.65154    -1.5835    32.5763    1438.77  0.000e+00
     20.321   71.32186 -160.65154    -1.5831    32.5756    1438.77  0.000e+00
     20.290   71.32186 -160.65154    -1.5837    32.5766    1438.77  0.000e+00
     20.321   71.32186 -160.65154    -1.5841    32.5774    1438.77  0.000e+00
     20.321   71.32186 -160.65154    -1.5845    32.5781    1438.77  0.000e+00
     20.398   71.32186 -160.65154    -1.5854    32.5784    1438.77  0.000e+00
     20.321   71.32186 -160.65154    -1.5859    32.5788    1438.76  0.000e+00
     20.374   71.32186 -160.65154    -1.5866    32.5797    1438.76  0.000e+00
     20.398   71.32186 -160.65154    -1.5870    32.5801    1438.76  0.000e+00
     20.436   71.32186 -160.65154    -1.5872    32.5802    1438.76  0.000e+00
     20.436   71.32186 -160.65154    -1.5875    32.5807    1438.76  0.000e+00
     20.436   71.32186 -160.65154    -1.5878    32.5815    1438.76  0.000e+00
     20.459   71.32186 -160.65154    -1.5881    32.5822    1438.76  0.000e+00
     20.490   71.32186 -160.65154    -1.5885    32.5825    1438.76  0.000e+00
     20.490   71.32186 -160.65154    -1.5893    32.5836    1438.76  0.000e+00
     20.513   71.32186 -160.65154    -1.5895    32.5833    1438.76  0.000e+00
     20.490   71.32186 -160.65154    -1.5901    32.5845    1438.75  0.000e+00
     20.552   71.32186 -160.65154    -1.5910    32.5859    1438.75  0.000e+00
     20.513   71.32186 -160.65154    -1.5911    32.5862    1438.75  0.000e+00
     20.552   71.32186 -160.65154    -1.5915    32.5863    1438.75  0.000e+00
     20.606   71.32186 -160.65154    -1.5919    32.5868    1438.75  0.000e+00
     20.575   71.32186 -160.65154    -1.5922    32.5872    1438.75  0.000e+00
     20.667   71.32186 -160.65154    -1.5924    32.5874    1438.75  0.000e+00
     20.606   71.32186 -160.65154    -1.5927    32.5874    1438.75  0.000e+00
     20.667   71.32186 -160.65154    -1.5927    32.5881    1438.75  0.000e+00
     20.690   71.32186 -160.65154    -1.5929    32.5879    1438.75  0.000e+00
     20.667   71.32186 -160.65154    -1.5933    32.5886    1438.75  0.000e+00
     20.721   71.32186 -160.65154    -1.5936    32.5888    1438.75  0.000e+00
     20.690   71.32186 -160.65154    -1.5937    32.5891    1438.75  0.000e+00
     20.775   71.32186 -160.65154    -1.5942    32.5894    1438.75  0.000e+00
     20.775   71.32186 -160.65154    -1.5941    32.5897    1438.75  0.000e+00
     20.744   71.32186 -160.65154    -1.5942    32.5897    1438.75  0.000e+00
     20.775   71.32186 -160.65154    -1.5946    32.5897    1438.74  0.000e+00
     20.837   71.32186 -160.65154    -1.5951    32.5898    1438.74  0.000e+00
     20.798   71.32186 -160.65154    -1.5956    32.5901    1438.74  0.000e+00
     20.891   71.32186 -160.65154    -1.5964    32.5914    1438.74  0.000e+00
     20.837   71.32186 -160.65154    -1.5970    32.5917    1438.74  0.000e+00
     20.837   71.32186 -160.65154    -1.5976    32.5918    1438.73  0.000e+00
     20.976   71.32186 -160.65154    -1.5981    32.5929    1438.73  0.000e+00
     20.891   71.32186 -160.65154    -1.5983    32.5936    1438.73  0.000e+00
     20.953   71.32186 -160.65154    -1.5986    32.5936    1438.73  0.000e+00
     20.976   71.32186 -160.65154    -1.5990    32.5937    1438.73  0.000e+00
     20.953   71.32186 -160.65154    -1.5994    32.5943    1438.73  0.000e+00
     21.007   71.32186 -160.65154    -1.5995    32.5940    1438.73  0.000e+00
     20.976   71.32186 -160.65154    -1.6000    32.5947    1438.73  0.000e+00
     21.068   71.32186 -160.65154    -1.6005    32.5951    1438.73  0.000e+00
     21.007   71.32186 -160.65154    -1.6008    32.5953    1438.73  0.000e+00
     21.084   71.32186 -160.65154    -1.6012    32.5960    1438.73  0.000e+00
     21.068   71.32186 -160.65154    -1.6020    32.5962    1438.72  0.000e+00
     21.122   71.32186 -160.65154    -1.6021    32.5964    1438.72  0.000e+00
     21.145   71.32186 -160.65154    -1.6024    32.5967    1438.72  0.000e+00
     21.122   71.32186 -160.65154    -1.6029    32.5970    1438.72  0.000e+00
     21.176   71.32186 -160.65154    -1.6026    32.5966    1438.72  0.000e+00
     21.145   71.32186 -160.65154    -1.6034    32.5977    1438.72  0.000e+00
     21.238   71.32186 -160.65154    -1.6035    32.5977    1438.72  0.000e+00
     21.238   71.32186 -160.65154    -1.6043    32.5984    1438.72  0.000e+00
     21.199   71.32186 -160.65154    -1.6046    32.5985    1438.71  0.000e+00
     21.238   71.32186 -160.65154    -1.6050    32.5987    1438.71  0.000e+00
     21.292   71.32186 -160.65154    -1.6054    32.5997    1438.71  0.000e+00
     21.292   71.32186 -160.65154    -1.6061    32.6005    1438.71  0.000e+00
     21.315   71.32186 -160.65154    -1.6064    32.6007    1438.71  0.000e+00
     21.292   71.32186 -160.65154    -1.6064    32.6011    1438.71  0.000e+00
     21.353   71.32186 -160.65154    -1.6066    32.6010    1438.71  0.000e+00
     21.376   71.32186 -160.65154    -1.6068    32.6008    1438.71  0.000e+00
     21.353   71.32186 -160.65154    -1.6069    32.6011    1438.71  0.000e+00
     21.407   71.32186 -160.65154    -1.6073    32.6017    1438.71  0.000e+00
     21.430   71.32186 -160.65154    -1.6076    32.6017    1438.71  0.000e+00
     21.407   71.32186 -160.65154    -1.6080    32.6018    1438.71  0.000e+00
     21.469   71.32186 -160.65154    -1.6083    32.6021    1438.71  0.000e+00
     21.430   71.32186 -160.65154    -1.6084    32.6025    1438.71  0.000e+00
     21.469   71.32186 -160.65154    -1.6086    32.6027    1438.71  0.000e+00
     21.523   71.32186 -160.65154    -1.6086    32.6021    1438.71  0.000e+00
     21.484   71.32186 -160.65154    -1.6087    32.6020    1438.70  0.000e+00
     21.577   71.32186 -160.65154    -1.6094    32.6033    1438.70  0.000e+00
     21.577   71.32186 -160.65154    -1.6098    32.6035    1438.70  0.000e+00
     21.546   71.32186 -160.65154    -1.6102    32.6037    1438.70  0.000e+00
