EcoFOCI/data/1_SampleCollection/2023_SikuliaqDBO_CruiseData/CTD_raw_BottleFile_SKQ23-12S/proc/skq202312s_019.cnv
* Sea-Bird SBE 9 Data File:
* FileName = D:\CTD\SKQ202312S\SKQ202312S_019.hex
* Software Version Seasave V 7.26.7.121
* Temperature SN = 6177
* Conductivity SN = 0369
* Number of Bytes Per Scan = 41
* Number of Voltage Words = 4
* Number of Scans Averaged by the Deck Unit = 1
* NMEA Latitude = 64 59.99 N
* NMEA Longitude = 168 13.30 W
* NMEA UTC (Time) = Sep 17 2023  22:28:58
* NMEA baud rate = 4800
** Ship: R/V Sikuliaq
** Station Number: 019
** Station Name: DBO2.7
** Bottom Depth: 45
** Operator: SD
# nquan = 24
# nvalues = 4581                                  
# units = specified
# name 0 = depSM: Depth [salt water, m]
# name 1 = latitude: Latitude [deg]
# name 2 = longitude: Longitude [deg]
# name 3 = prDM: Pressure, Digiquartz [db]
# name 4 = t090C: Temperature [ITS-90, deg C]
# name 5 = t190C: Temperature, 2 [ITS-90, deg C]
# name 6 = potemp090C: Potential Temperature [ITS-90, deg C]
# name 7 = sal00: Salinity, Practical [PSU]
# name 8 = sal11: Salinity, Practical, 2 [PSU]
# name 9 = density00: Density [density, kg/m^3]
# name 10 = sigma-é00: Density [sigma-theta, kg/m^3]
# name 11 = sbox0Mm/Kg: Oxygen, SBE 43 [umol/kg]
# name 12 = sbox1Mm/Kg: Oxygen, SBE 43, 2 [umol/kg]
# name 13 = oxsolMm/Kg: Oxygen Saturation, Garcia & Gordon [umol/kg]
# name 14 = sbeox0PS: Oxygen, SBE 43 [% saturation]
# name 15 = sbeox1PS: Oxygen, SBE 43, 2 [% saturation]
# name 16 = v0: Voltage 0
# name 17 = flECO-AFL: Fluorescence, WET Labs ECO-AFL/FL [mg/m^3]
# name 18 = v1: Voltage 1
# name 19 = CStarAt0: Beam Attenuation, WET Labs C-Star [1/m]
# name 20 = par: PAR/Irradiance, Biospherical/Licor
# name 21 = scan: Scan Count
# name 22 = timeM: Time, Elapsed [minutes]
# name 23 = flag:  0.000e+00
# span 0 =      1.992,     40.581                 
# span 1 =   64.99988,   64.99990                 
# span 2 = -168.22160, -168.22154                 
# span 3 =      2.012,     40.987                 
# span 4 =     4.3446,     7.4247                 
# span 5 =     4.3086,     7.4203                 
# span 6 =     4.3419,     7.4244                 
# span 7 =    27.1996,    32.0704                 
# span 8 =    27.2110,    32.0443                 
# span 9 =  1021.2397,  1025.5989                 
# span 10 =    21.2298,    25.4114                
# span 11 =    232.151,    299.294                
# span 12 =    259.575,    281.738                
# span 13 =  305.50502,  320.31280                
# span 14 =     72.494,     97.482                
# span 15 =     82.649,     92.134                
# span 16 =     0.1368,     0.4640                
# span 17 =     0.4725,     2.4359                
# span 18 =     3.1661,     3.8181                
# span 19 =     0.8419,     1.5912                
# span 20 = 1.0000e-12, 1.5833e+02                
# span 21 =          1,       4581                
# span 22 =     0.0000,     3.1806                
# span 23 = 0.0000e+00, 0.0000e+00                
# interval = seconds: 0.0416667
# start_time = Sep 17 2023 22:32:38 [NMEA time, first data scan]
# bad_flag = -9.990e-29
*END*
[from data line 2053]
     17.972   64.99990 -168.22158     18.150     6.2340     6.2392     6.2325    31.7121    31.7209  1025.0110    24.9272    292.810    280.152  305.99876     95.690     91.571     0.3626     1.8278     3.7643     0.8986 4.1083e+00       2054     1.4257  0.000e+00
     17.948   64.99990 -168.22158     18.127     6.2340     6.2394     6.2325    31.7121    31.7209  1025.0109    24.9272    292.818    279.971  305.99882     95.693     91.512     0.3639     1.8352     3.7643     0.8986 4.0846e+00       2055     1.4264  0.000e+00
     18.010   64.99990 -168.22158     18.189     6.2344     6.2391     6.2329    31.7114    31.7204  1025.0106    24.9266    292.830    279.959  305.99728     95.697     91.507     0.3626     1.8278     3.7643     0.8986 4.0728e+00       2056     1.4271  0.000e+00
     17.972   64.99990 -168.22158     18.150     6.2336     6.2389     6.2321    31.7119    31.7201  1025.0109    24.9271    292.847    279.943  306.00183     95.701     91.501     0.3639     1.8352     3.7643     0.8986 4.0846e+00       2057     1.4278  0.000e+00
     18.010   64.99990 -168.22158     18.189     6.2320     6.2391     6.2305    31.7135    31.7208  1025.0125    24.9286    292.873    280.105  306.00944     95.707     91.555     0.3626     1.8278     3.7668     0.8960 4.0610e+00       2058     1.4285  0.000e+00
     18.010   64.99990 -168.22158     18.189     6.2304     6.2394     6.2290    31.7146    31.7208  1025.0136    24.9296    293.069    279.932  306.01828     95.768     91.499     0.3626     1.8278     3.7729     0.8895 4.0376e+00       2059     1.4292  0.000e+00
     18.010   64.99990 -168.22158     18.189     6.2299     6.2394     6.2285    31.7147    31.7210  1025.0138    24.9298    292.894    279.922  306.02152     95.710     91.496     0.3626     1.8278     3.7753     0.8870 4.0493e+00       2060     1.4299  0.000e+00
     18.033   64.99990 -168.22158     18.213     6.2309     6.2394     6.2294    31.7141    31.7209  1025.0133    24.9292    292.908    279.916  306.01601     95.717     91.494     0.3626     1.8278     3.7753     0.8870 4.0259e+00       2061     1.4306  0.000e+00
     18.010   64.99990 -168.22158     18.189     6.2314     6.2391     6.2299    31.7137    31.7207  1025.0128    24.9288    292.898    279.913  306.01378     95.714     91.492     0.3639     1.8352     3.7753     0.8870 4.0143e+00       2062     1.4312  0.000e+00
     18.010   64.99990 -168.22158     18.189     6.2327     6.2378     6.2312    31.7127    31.7215  1025.0119    24.9279    292.884    279.917  306.00646     95.712     91.491     0.3626     1.8278     3.7753     0.8870 4.0143e+00       2063     1.4319  0.000e+00
     18.033   64.99990 -168.22158     18.213     6.2338     6.2373     6.2323    31.7119    31.7213  1025.0111    24.9271    292.874    279.921  306.00045     95.710     91.491     0.3639     1.8352     3.7741     0.8883 4.0027e+00       2064     1.4326  0.000e+00
     18.064   64.99990 -168.22158     18.244     6.2341     6.2368     6.2326    31.7118    31.7216  1025.0112    24.9270    292.869    279.926  305.99844     95.709     91.492     0.3639     1.8352     3.7753     0.8870 3.9911e+00       2065     1.4333  0.000e+00
     18.064   64.99990 -168.22158     18.244     6.2340     6.2370     6.2325    31.7119    31.7212  1025.0113    24.9271    292.868    279.930  305.99920     95.709     91.493     0.3639     1.8352     3.7741     0.8883 3.9911e+00       2066     1.4340  0.000e+00
     18.033   64.99990 -168.22158     18.213     6.2344     6.2392     6.2329    31.7118    31.7195  1025.0110    24.9269    292.891    279.922  305.99628     95.717     91.494     0.3626     1.8278     3.7753     0.8870 3.9796e+00       2067     1.4347  0.000e+00
     18.064   64.99990 -168.22158     18.244     6.2343     6.2403     6.2328    31.7117    31.7196  1025.0111    24.9269    292.895    279.905  305.99750     95.718     91.491     0.3639     1.8352     3.7753     0.8870 3.9566e+00       2068     1.4354  0.000e+00
     18.064   64.99990 -168.22158     18.244     6.2343     6.2408     6.2328    31.7111    31.7199  1025.0106    24.9264    292.898    279.910  305.99896     95.719     91.494     0.3626     1.8278     3.7741     0.8883 3.9452e+00       2069     1.4361  0.000e+00
     18.064   64.99990 -168.22158     18.244     6.2341     6.2406     6.2326    31.7110    31.7205  1025.0105    24.9263    292.903    279.922  306.00032     95.720     91.498     0.3639     1.8352     3.7753     0.8870 3.9337e+00       2070     1.4368  0.000e+00
     18.087   64.99990 -168.22158     18.267     6.2338     6.2411     6.2323    31.7111    31.7202  1025.0108    24.9264    292.911    279.935  306.00222     95.722     91.503     0.3626     1.8278     3.7741     0.8883 3.9224e+00       2071     1.4375  0.000e+00
     18.064   64.99990 -168.22158     18.244     6.2331     6.2408     6.2317    31.7112    31.7202  1025.0109    24.9266    292.725    279.952  306.00662     95.660     91.508     0.3626     1.8278     3.7753     0.8870 3.9110e+00       2072     1.4382  0.000e+00
     18.126   64.99990 -168.22158     18.306     6.2328     6.2408     6.2313    31.7117    31.7198  1025.0116    24.9270    292.904    279.955  306.00771     95.718     91.509     0.3639     1.8352     3.7753     0.8870 3.9110e+00       2073     1.4389  0.000e+00
     18.087   64.99990 -168.22158     18.267     6.2327     6.2419     6.2312    31.7119    31.7197  1025.0115    24.9272    292.913    279.948  306.00843     95.721     91.509     0.3626     1.8278     3.7741     0.8883 3.8997e+00       2074     1.4396  0.000e+00
     18.126   64.99990 -168.22158     18.306     6.2320     6.2426     6.2305    31.7119    31.7191  1025.0118    24.9273    292.930    279.772  306.01298     95.725     91.452     0.3639     1.8352     3.7741     0.8883 3.8884e+00       2075     1.4403  0.000e+00
     18.126   64.99990 -168.22158     18.306     6.2314     6.2426     6.2299    31.7120    31.7191  1025.0120    24.9275    292.946    279.760  306.01750     95.729     91.448     0.3639     1.8352     3.7741     0.8883 3.8884e+00       2076     1.4410  0.000e+00
     18.149   64.99990 -168.22158     18.329     6.2312     6.2422     6.2297    31.7122    31.7192  1025.0123    24.9276    292.960    279.771  306.01820     95.733     91.451     0.3651     1.8425     3.7753     0.8870 3.8660e+00       2077     1.4417  0.000e+00
     18.126   64.99990 -168.22158     18.306     6.2306     6.2423     6.2291    31.7125    31.7188  1025.0124    24.9279    292.977    279.763  306.02192     95.737     91.448     0.3651     1.8425     3.7729     0.8895 3.8436e+00       2078     1.4424  0.000e+00
     18.180   64.99990 -168.22158     18.360     6.2304     6.2426     6.2289    31.7123    31.7186  1025.0126    24.9278    292.801    279.777  306.02386     95.679     91.453     0.3663     1.8498     3.7619     0.9012 3.8436e+00       2079     1.4431  0.000e+00
     18.149   64.99990 -168.22158     18.329     6.2306     6.2424     6.2291    31.7116    31.7194  1025.0119    24.9273    292.789    279.773  306.02383     95.675     91.452     0.3651     1.8425     3.7570     0.9064 3.8436e+00       2080     1.4438  0.000e+00
     18.180   64.99990 -168.22158     18.360     6.2309     6.2422     6.2294    31.7112    31.7197  1025.0117    24.9269    292.781    279.598  306.02259     95.673     91.395     0.3663     1.8498     3.7570     0.9064 3.8436e+00       2081     1.4444  0.000e+00
     18.126   64.99990 -168.22158     18.306     6.2311     6.2426     6.2296    31.7108    31.7198  1025.0111    24.9266    292.772    279.578  306.02237     95.670     91.389     0.3651     1.8425     3.7570     0.9064 3.8436e+00       2082     1.4451  0.000e+00
     18.180   64.99990 -168.22158     18.360     6.2307     6.2422     6.2293    31.7108    31.7205  1025.0114    24.9266    292.773    279.569  306.02456     95.670     91.386     0.3663     1.8498     3.7570     0.9064 3.8214e+00       2083     1.4458  0.000e+00
     18.203   64.99990 -168.22158     18.384     6.2307     6.2416     6.2293    31.7107    31.7207  1025.0114    24.9265    292.773    279.565  306.02484     95.670     91.384     0.3651     1.8425     3.7582     0.9051 3.7993e+00       2084     1.4465  0.000e+00
     18.180   64.99990 -168.22158     18.360     6.2304     6.2411     6.2290    31.7113    31.7208  1025.0118    24.9270    292.775    279.562  306.02574     95.670     91.382     0.3651     1.8425     3.7570     0.9064 3.7883e+00       2085     1.4472  0.000e+00
     18.241   64.99990 -168.22158     18.423     6.2309     6.2410     6.2294    31.7115    31.7210  1025.0122    24.9271    293.030    279.562  306.02197     95.755     91.381     0.3663     1.8498     3.7570     0.9064 3.7883e+00       2086     1.4479  0.000e+00
     18.203   64.99990 -168.22158     18.384     6.2315     6.2414     6.2300    31.7120    31.7209  1025.0123    24.9274    292.833    279.362  306.01647     95.692     91.317     0.3651     1.8425     3.7582     0.9051 3.7883e+00       2087     1.4486  0.000e+00
     18.241   64.99990 -168.22158     18.423     6.2331     6.2416     6.2316    31.7116    31.7209  1025.0119    24.9269    292.998    279.347  306.00587     95.749     91.313     0.3663     1.8498     3.7570     0.9064 3.7883e+00       2088     1.4493  0.000e+00
     18.241   64.99990 -168.22158     18.423     6.2344     6.2419     6.2329    31.7110    31.7206  1025.0114    24.9263    292.829    279.492  305.99804     95.696     91.360     0.3651     1.8425     3.7570     0.9064 3.7883e+00       2089     1.4500  0.000e+00
     18.264   64.99990 -168.22158     18.446     6.2358     6.2422     6.2343    31.7105    31.7200  1025.0109    24.9257    292.802    279.324  305.98904     95.690     91.306     0.3663     1.8498     3.7582     0.9051 3.7664e+00       2090     1.4507  0.000e+00
     18.241   64.99990 -168.22158     18.423     6.2362     6.2424     6.2347    31.7112    31.7200  1025.0113    24.9262    292.751    279.317  305.98492     95.675     91.304     0.3651     1.8425     3.7570     0.9064 3.7664e+00       2091     1.4514  0.000e+00
     18.295   64.99990 -168.22158     18.477     6.2367     6.2422     6.2352    31.7110    31.7203  1025.0113    24.9260    292.732    279.318  305.98183     95.670     91.304     0.3651     1.8425     3.7570     0.9064 3.7555e+00       2092     1.4521  0.000e+00
     18.318   64.99990 -168.22158     18.501     6.2370     6.2426     6.2354    31.7111    31.7204  1025.0115    24.9261    292.744    279.300  305.97972     95.674     91.299     0.3651     1.8425     3.7570     0.9064 3.7446e+00       2093     1.4528  0.000e+00
     18.295   64.99990 -168.22158     18.477     6.2373     6.2424     6.2358    31.7110    31.7203  1025.0112    24.9259    292.951    279.287  305.97749     95.743     91.294     0.3663     1.8498     3.7570     0.9064 3.7446e+00       2094     1.4535  0.000e+00
     18.349   64.99990 -168.22158     18.532     6.2373     6.2405     6.2358    31.7114    31.7204  1025.0118    24.9262    292.772    279.292  305.97660     95.684     91.292     0.3651     1.8425     3.7570     0.9064 3.7338e+00       2095     1.4542  0.000e+00
     18.411   64.99990 -168.22158     18.594     6.2375     6.2376     6.2360    31.7107    31.7209  1025.0115    24.9257    292.763    279.306  305.97710     95.681     91.291     0.3651     1.8425     3.7582     0.9051 3.7230e+00       2096     1.4549  0.000e+00
     18.372   64.99990 -168.22158     18.555     6.2371     6.2359     6.2356    31.7109    31.7208  1025.0115    24.9259    292.557    279.136  305.97919     95.613     91.231     0.3663     1.8498     3.7570     0.9064 3.7230e+00       2097     1.4556  0.000e+00
     18.349   64.99990 -168.22158     18.532     6.2357     6.2349     6.2342    31.7111    31.7208  1025.0117    24.9262    292.727    279.123  305.98853     95.666     91.225     0.3651     1.8425     3.7582     0.9051 3.7230e+00       2098     1.4563  0.000e+00
     18.411   64.99990 -168.22158     18.594     6.2347     6.2341     6.2332    31.7111    31.7209  1025.0122    24.9263    292.730    279.116  305.99575     95.665     91.221     0.3663     1.8498     3.7729     0.8895 3.7122e+00       2099     1.4569  0.000e+00
     18.434   64.99990 -168.22158     18.617     6.2333     6.2335     6.2318    31.7116    31.7210  1025.0128    24.9269    292.735    279.110  306.00480     95.663     91.218     0.3651     1.8425     3.7814     0.8805 3.7014e+00       2100     1.4576  0.000e+00
     18.411   64.99990 -168.22158     18.594     6.2314     6.2321     6.2298    31.7123    31.7211  1025.0135    24.9277    292.546    279.093  306.01695     95.598     91.209     0.3663     1.8498     3.7827     0.8792 3.7014e+00       2101     1.4583  0.000e+00
     18.527   64.99990 -168.22158     18.711     6.2312     6.2312     6.2297    31.7115    31.7210  1025.0135    24.9271    292.524    279.080  306.01972     95.590     91.203     0.3712     1.8791     3.7814     0.8805 3.6907e+00       2102     1.4590  0.000e+00
     18.434   64.99990 -168.22158     18.617     6.2314     6.2305     6.2298    31.7114    31.7211  1025.0129    24.9269    292.687    279.080  306.01903     95.644     91.202     0.3761     1.9084     3.7814     0.8805 3.6800e+00       2103     1.4597  0.000e+00
     18.465   64.99990 -168.22158     18.649     6.2309     6.2310     6.2294    31.7113    31.7214  1025.0130    24.9269    292.498    279.061  306.02247     95.580     91.197     0.3748     1.9011     3.7814     0.8805 3.6800e+00       2104     1.4604  0.000e+00
     18.527   64.99990 -168.22158     18.711     6.2301     6.2313     6.2286    31.7117    31.7216  1025.0138    24.9274    292.677    279.047  306.02722     95.637     91.193     0.3761     1.9084     3.7814     0.8805 3.6587e+00       2105     1.4611  0.000e+00
     18.550   64.99990 -168.22158     18.734     6.2290     6.2311     6.2274    31.7120    31.7209  1025.0142    24.9277    292.494    279.040  306.03465     95.576     91.190     0.3748     1.9011     3.7814     0.8805 3.6481e+00       2106     1.4618  0.000e+00
     18.581   64.99990 -168.22158     18.765     6.2277     6.2289     6.2262    31.7116    31.7212  1025.0142    24.9276    292.485    278.890  306.04457     95.569     91.137     0.3761     1.9084     3.7814     0.8805 3.6481e+00       2107     1.4625  0.000e+00
     18.581   64.99990 -168.22158     18.765     6.2264     6.2270     6.2248    31.7110    31.7215  1025.0139    24.9273    292.703    278.883  306.05531     95.637     91.130     0.3761     1.9084     3.7814     0.8805 3.6375e+00       2108     1.4632  0.000e+00
     18.604   64.99990 -168.22158     18.789     6.2256     6.2265     6.2241    31.7111    31.7214  1025.0142    24.9275    292.525    278.693  306.06045     95.577     91.067     0.3761     1.9084     3.7814     0.8805 3.6270e+00       2109     1.4639  0.000e+00
     18.642   64.99990 -168.22158     18.828     6.2243     6.2249     6.2228    31.7116    31.7218  1025.0149    24.9280    292.521    278.851  306.06892     95.574     91.115     0.3761     1.9084     3.7814     0.8805 3.6165e+00       2110     1.4646  0.000e+00
     18.642   64.99990 -168.22158     18.828     6.2221     6.2216     6.2206    31.7117    31.7222  1025.0153    24.9284    292.526    278.864  306.08418     95.571     91.113     0.3748     1.9011     3.7814     0.8805 3.6060e+00       2111     1.4653  0.000e+00
     18.642   64.99990 -168.22158     18.828     6.2184     6.2173     6.2169    31.7122    31.7221  1025.0161    24.9292    292.544    279.067  306.10923     95.568     91.170     0.3761     1.9084     3.7814     0.8805 3.5955e+00       2112     1.4660  0.000e+00
     18.719   64.99990 -168.22158     18.906     6.2137     6.2130     6.2122    31.7128    31.7223  1025.0175    24.9302    292.574    278.938  306.14162     95.568     91.119     0.3748     1.9011     3.7814     0.8805 3.5955e+00       2113     1.4667  0.000e+00
