EcoFOCI/data/1_SampleCollection/2023_SikuliaqDBO_CruiseData/CTD_raw_BottleFile_SKQ23-12S/proc/skq202312s_003avg.cnv
* Sea-Bird SBE 9 Data File:
* FileName = D:\CTD\SKQ202312S\SKQ202312S_003.hex
* Software Version Seasave V 7.26.7.121
* Temperature SN = 6177
* Conductivity SN = 0369
* Number of Bytes Per Scan = 41
* Number of Voltage Words = 4
* Number of Scans Averaged by the Deck Unit = 1
* NMEA Latitude = 62 03.01 N
* NMEA Longitude = 175 12.54 W
* NMEA UTC (Time) = Sep 15 2023  07:57:54
* NMEA baud rate = 4800
** Ship: R/V Sikuliaq
** Station Number: 003
** Station Name: DBO1.2
** Bottom Depth: 78
** Operator: SD
# nquan = 25
# nvalues = 76                          
# units = specified
# name 0 = depSM: Depth [salt water, m]
# name 1 = latitude: Latitude [deg]
# name 2 = longitude: Longitude [deg]
# name 3 = prDM: Pressure, Digiquartz [db]
# name 4 = t090C: Temperature [ITS-90, deg C]
# name 5 = t190C: Temperature, 2 [ITS-90, deg C]
# name 6 = potemp090C: Potential Temperature [ITS-90, deg C]
# name 7 = sal00: Salinity, Practical [PSU]
# name 8 = sal11: Salinity, Practical, 2 [PSU]
# name 9 = density00: Density [density, kg/m^3]
# name 10 = sigma-é00: Density [sigma-theta, kg/m^3]
# name 11 = sbox0Mm/Kg: Oxygen, SBE 43 [umol/kg]
# name 12 = sbox1Mm/Kg: Oxygen, SBE 43, 2 [umol/kg]
# name 13 = oxsolMm/Kg: Oxygen Saturation, Garcia & Gordon [umol/kg]
# name 14 = sbeox0PS: Oxygen, SBE 43 [% saturation]
# name 15 = sbeox1PS: Oxygen, SBE 43, 2 [% saturation]
# name 16 = v0: Voltage 0
# name 17 = flECO-AFL: Fluorescence, WET Labs ECO-AFL/FL [mg/m^3]
# name 18 = v1: Voltage 1
# name 19 = CStarAt0: Beam Attenuation, WET Labs C-Star [1/m]
# name 20 = par: PAR/Irradiance, Biospherical/Licor
# name 21 = scan: Scan Count
# name 22 = timeM: Time, Elapsed [minutes]
# name 23 = nbin: number of scans per bin
# name 24 = flag: flag
# span 0 =      0.990,     75.258       
# span 1 =   62.05010,   62.05013       
# span 2 = -175.20902, -175.20879       
# span 3 =      1.000,     76.000       
# span 4 =    -1.3756,     7.3451       
# span 5 =    -1.3741,     7.3463       
# span 6 =    -1.3763,     7.3446       
# span 7 =    30.6569,    31.9143       
# span 8 =    30.5544,    31.9443       
# span 9 =  1023.9651,  1026.0183       
# span 10 =    23.9550,    25.6523      
# span 11 =    253.695,    411.422      
# span 12 =    236.873,    362.764      
# span 13 =  300.57255,  370.82795      
# span 14 =     69.354,    112.054      
# span 15 =     64.771,     98.454      
# span 16 =     0.0597,     0.5011      
# span 17 =     0.0100,     2.6585      
# span 18 =     3.2688,     4.2394      
# span 19 =     0.4231,     1.4629      
# span 20 = -1.007e-08, 8.3145e-01      
# span 21 =       -271,       7624      
# span 22 =    -0.1891,     5.2936      
# span 23 =         25,       1815      
# span 24 = 0.0000e+00, 0.0000e+00      
# interval = decibars: 1                
# start_time = Sep 15 2023 08:02:23 [NMEA time, first data scan]
# bad_flag = -9.990e-29
*END*
      0.990   62.05010 -175.20902      1.000     7.3414     7.3426     7.3413    30.6721    30.5544  1023.9713    23.9667    291.601    270.540  300.57255     97.015     89.933     0.1849     0.7615     4.0817     0.5748 8.3145e-01       -271    -0.1891         54 0.0000e+00
      1.981   62.05010 -175.20902      2.000     7.3435     7.3439     7.3433    30.6586    30.6373  1023.9651    23.9559    293.189    275.301  300.58772     97.538     91.574     0.1859     0.7674     4.0906     0.5661 6.1484e-01        585     0.4053        149 0.0000e+00
      2.971   62.05010 -175.20902      3.000     7.3440     7.3440     7.3437    30.6576    30.6283  1023.9689    23.9551    293.069    271.872  300.58622     97.499     90.428     0.1797     0.7302     4.0925     0.5641 3.8521e-01        782     0.5423        156 0.0000e+00
      3.962   62.05010 -175.20901      4.000     7.3447     7.3458     7.3443    30.6580    30.5924  1023.9737    23.9553    293.064    274.559  300.58081     97.499     91.301     0.1822     0.7451     4.0920     0.5647 2.9819e-01        877     0.6081        170 0.0000e+00
      4.952   62.05010 -175.20901      5.000     7.3451     7.3463     7.3446    30.6577    30.6435  1023.9780    23.9550    293.117    275.629  300.57862     97.517     91.692     0.1803     0.7339     4.0901     0.5666 2.1044e-01       1004     0.6966         49 0.0000e+00
      5.942   62.05010 -175.20901      6.000     7.3392     7.3425     7.3387    30.6572    30.6802  1023.9830    23.9554    293.063    273.005  300.61990     97.486     90.836     0.1828     0.7489     4.0909     0.5657 1.3146e-01       1127     0.7816        168 0.0000e+00
      6.933   62.05010 -175.20900      7.000     7.3292     7.3267     7.3286    30.6569    30.6769  1023.9887    23.9565    293.243    273.716  300.68945     97.524     91.038     0.1860     0.7682     4.0959     0.5608 9.0525e-02       1234     0.8565         89 0.0000e+00
      7.923   62.05010 -175.20902      8.000     7.3215     7.3180     7.3208    30.6569    30.6770  1023.9944    23.9576    293.556    274.817  300.74242     97.610     91.386     0.1737     0.6938     4.0965     0.5602 5.5035e-02       1399     0.9711         71 0.0000e+00
      8.914   62.05010 -175.20900      9.000     7.3015     7.3005     7.3007    30.6579    30.6781  1024.0023    23.9609    293.509    274.458  300.87783     97.551     91.231     0.1850     0.7620     4.1007     0.5562 2.2320e-02       1491     1.0348        149 0.0000e+00
      9.904   62.05010 -175.20900     10.000     7.2812     7.2810     7.2803    30.6594    30.6795  1024.0108    23.9648    293.453    273.669  301.01444     97.488     90.929     0.1905     0.7950     4.1050     0.5520 5.5747e-03       1609     1.1167        107 0.0000e+00
     10.894   62.05010 -175.20900     11.000     7.2557     7.2552     7.2547    30.6612    30.6814  1024.0203    23.9697    293.647    272.124  301.18613     97.497     90.363     0.1893     0.7876     4.1089     0.5482 6.0998e-05       1724     1.1966         93 0.0000e+00
     11.885   62.05010 -175.20900     12.000     7.1892     7.1874     7.1882    30.6690    30.6902  1024.0398    23.9845    293.978    275.138  301.62797     97.464     91.228     0.1991     0.8463     4.1185     0.5389 6.1909e-07       1803     1.2515         68 0.0000e+00
     12.875   62.05010 -175.20900     13.000     7.1467     7.1473     7.1455    30.6744    30.6946  1024.0542    23.9943    294.318    273.731  301.91049     97.485     90.681     0.2093     0.9078     4.1245     0.5330 1.0820e-07       1879     1.3038         72 0.0000e+00
     13.865   62.05010 -175.20900     14.000     7.1202     7.1191     7.1190    30.6758    30.6967  1024.0634    23.9989    295.112    274.696  302.09055     97.690     90.943     0.2079     0.8997     4.1255     0.5320 1.6230e-07       1936     1.3435         52 0.0000e+00
     14.856   62.05010 -175.20900     15.000     7.0775     7.0761     7.0762    30.6790    30.7000  1024.0760    24.0069    295.074    275.132  302.37993     97.584     91.000     0.2178     0.9591     4.1268     0.5308 -1.007e-08       1993     1.3832         54 0.0000e+00
     15.846   62.05010 -175.20900     16.000     7.0336     7.0327     7.0322    30.6834    30.7044  1024.0898    24.0161    295.121    276.432  302.67583     97.504     91.342     0.2110     0.9179     4.1304     0.5273 1.0000e-12       2043     1.4177         43 0.0000e+00
     16.836   62.05010 -175.20900     17.000     6.7951     6.7716     6.7937    30.7026    30.7282  1024.1401    24.0617    296.798    275.480  304.30097     97.534     90.497     0.2211     0.9784     4.1279     0.5297 1.8548e-07       2086     1.4481         47 0.0000e+00
     17.827   62.05010 -175.20900     18.000     6.6701     6.6977     6.6686    30.7110    30.7303  1024.1671    24.0841    297.134    275.457  305.16214     97.369     90.337     0.2272     1.0155     4.1267     0.5309 1.5938e-07       2137     1.4834         53 0.0000e+00
     18.817   62.05010 -175.20900     19.000     6.6470     6.6480     6.6454    30.7100    30.7324  1024.1739    24.0862    300.773    279.808  305.32768     98.508     91.659     0.2272     1.0152     4.1255     0.5321 -1.691e-09       2185     1.5167         42 0.0000e+00
     19.807   62.05010 -175.20900     20.000     6.4390     6.4444     6.4374    30.7220    30.7489  1024.2136    24.1212    302.397    281.185  306.78174     98.571     91.687     0.2149     0.9416     4.1272     0.5304 1.0000e-12       2227     1.5456         44 0.0000e+00
     20.798   62.05010 -175.20900     21.000     5.2486     5.2928     5.2470    30.8353    30.8672  1024.4440    24.3464    307.972    286.038  315.27695     97.689     90.849     0.2360     1.0680     4.1296     0.5282 1.0000e-12       2277     1.5809         56 0.0000e+00
     21.788   62.05010 -175.20900     22.000     2.9308     3.0064     2.9296    31.1004    31.1230  1024.8763    24.7726    328.825    299.610  333.00003     98.705     90.157     0.2364     1.0702     4.1383     0.5196 1.0000e-12       2328     1.6163         43 0.0000e+00
     22.778   62.05010 -175.20900     23.000    -0.1894    -0.1707    -0.1900    31.4244    31.4574  1025.3378    25.2275    369.930    328.649  359.59729    102.876     91.459     0.2234     0.9928     4.1547     0.5039 1.0000e-12       2368     1.6441         38 0.0000e+00
     23.768   62.05010 -175.20900     24.000    -0.7756    -0.7744    -0.7762    31.4214    31.4714  1025.3624    25.2468    385.219    331.303  365.21356    105.469     90.752     0.2306     1.0354     4.1419     0.5162 1.0000e-12       2412     1.6741         46 0.0000e+00
     24.759   62.05010 -175.20900     25.000    -0.9707    -0.9712    -0.9712    31.4032    31.4503  1025.3585    25.2379    411.422    355.576  367.17331    112.054     96.876     0.2716     1.2818     4.0971     0.5597 1.0000e-12       2460     1.7074         44 0.0000e+00
     25.749   62.05010 -175.20900     26.000    -1.1168    -1.1131    -1.1173    31.4021    31.4439  1025.3666    25.2411    394.477    362.764  368.61719    107.016     98.454     0.3593     1.8079     4.0633     0.5929 1.0000e-12       2502     1.7369         41 0.0000e+00
     26.739   62.05010 -175.20900     27.000    -1.1825    -1.1801    -1.1830    31.3922    31.4320  1025.3652    25.2348    383.990    360.508  369.29613    103.979     97.657     0.4583     2.4018     4.0421     0.6138 1.0000e-12       2558     1.7760         65 0.0000e+00
     27.730   62.05010 -175.20900     28.000    -1.2895    -1.2894    -1.2900    31.4038    31.4391  1025.3822    25.2469    380.576    359.962  370.32747    102.767     97.228     0.5011     2.6585     4.0402     0.6157 1.0000e-12       2618     1.8175         40 0.0000e+00
     28.720   62.05010 -175.20900     29.000    -1.3179    -1.3166    -1.3184    31.4084    31.4421  1025.3914    25.2512    378.689    359.213  370.59724    102.183     96.957     0.4592     2.4072     4.0860     0.5706 1.0000e-12       2649     1.8392         30 0.0000e+00
     29.710   62.05010 -175.20899     30.000    -1.3443    -1.3415    -1.3448    31.4197    31.4514  1025.4061    25.2611    375.848    355.387  370.82795    101.354     95.867     0.3610     1.8181     4.1712     0.4880 1.0000e-12       2683     1.8623         38 0.0000e+00
     30.700   62.05010 -175.20898     31.000    -1.3195    -1.3168    -1.3201    31.4455    31.4754  1025.4312    25.2814    369.246    349.561  370.50532     99.660     94.376     0.2268     1.0129     4.2174     0.4439 1.0000e-12       2731     1.8960         57 0.0000e+00
     31.691   62.05010 -175.20898     32.000    -1.2018    -1.1994    -1.2024    31.4878    31.5148  1025.4673    25.3128    356.611    338.256  369.21078     96.586     91.640     0.1909     0.7972     4.2343     0.4279 1.3749e-07       2790     1.9368         60 0.0000e+00
     32.681   62.05010 -175.20898     33.000    -1.1760    -1.1745    -1.1767    31.5115    31.5381  1025.4906    25.3313    348.729    329.501  368.88573     94.536     89.346     0.1611     0.6185     4.2394     0.4231 6.9547e-07       2851     1.9794         51 0.0000e+00
     33.671   62.05010 -175.20898     34.000    -1.2065    -1.2050    -1.2072    31.5422    31.5698  1025.5211    25.3570    349.081    329.478  369.09914     94.576     89.288     0.1460     0.5280     4.2391     0.4234 9.5013e-07       2888     2.0050         27 0.0000e+00
     34.662   62.05010 -175.20898     35.000    -1.2359    -1.2342    -1.2366    31.5735    31.6008  1025.5522    25.3832    349.066    329.728  369.29933     94.521     89.308     0.1308     0.4370     4.2351     0.4272 1.0148e-06       2912     2.0218         25 0.0000e+00
     35.652   62.05010 -175.20898     36.000    -1.2411    -1.2368    -1.2418    31.5693    31.5966  1025.5538    25.3799    339.448    322.411  369.36355     91.900     87.317     0.1168     0.3524     4.2257     0.4360 1.4619e-06       2964     2.0579         94 0.0000e+00
     36.642   62.05010 -175.20898     37.000    -1.2805    -1.2396    -1.2812    31.5940    31.5933  1025.5796    25.4009    318.494    302.850  369.68307     86.153     82.011     0.1172     0.3553     4.2258     0.4360 8.1941e-07       3039     2.1100         29 0.0000e+00
     37.632   62.05010 -175.20898     38.000    -1.3287    -1.3246    -1.3294    31.6405    31.6692  1025.6234    25.4398    321.688    303.375  370.02750     86.936     82.015     0.0982     0.2414     4.2131     0.4480 2.4264e-06       3064     2.1273         31 0.0000e+00
     38.622   62.05010 -175.20898     39.000    -1.3387    -1.3364    -1.3394    31.6548    31.6845  1025.6401    25.4517    321.480    305.453  370.08544     86.867     82.560     0.0893     0.1880     4.1884     0.4715 3.7047e-06       3107     2.1569         60 0.0000e+00
     39.613   62.05010 -175.20898     40.000    -1.3519    -1.3470    -1.3526    31.6671    31.6933  1025.6552    25.4619    309.238    296.738  370.18089     83.537     80.188     0.0901     0.1925     4.1858     0.4739 3.8939e-06       3160     2.1937         37 0.0000e+00
     40.603   62.05010 -175.20898     41.000    -1.3736    -1.3719    -1.3744    31.6803    31.7095  1025.6713    25.4732    302.501    286.895  370.35926     81.678     77.486     0.0890     0.1859     4.1784     0.4811 2.9263e-06       3198     2.2201         44 0.0000e+00
     41.593   62.05010 -175.20897     42.000    -1.3756    -1.3741    -1.3763    31.6889    31.7173  1025.6831    25.4802    297.401    279.695  370.35362     80.302     75.541     0.0927     0.2085     4.1644     0.4945 2.7082e-06       3259     2.2622         59 0.0000e+00
     42.583   62.05010 -175.20896     43.000    -1.3626    -1.3615    -1.3634    31.7004    31.7291  1025.6970    25.4892    295.096    277.645  370.19020     79.715     75.020     0.0811     0.1386     4.1491     0.5092 2.6292e-06       3296     2.2882         29 0.0000e+00
     43.573   62.05010 -175.20896     44.000    -1.3339    -1.3333    -1.3347    31.7052    31.7339  1025.7049    25.4924    291.940    274.776  369.89019     78.926     74.304     0.0827     0.1483     4.1311     0.5266 3.7173e-06       3327     2.3098         36 0.0000e+00
     44.564   62.05010 -175.20896     45.000    -1.2896    -1.3195    -1.2904    31.7078    31.7294  1025.7107    25.4934    284.259    267.049  369.44178     76.943     72.239     0.0742     0.0970     4.0989     0.5579 3.6861e-06       3392     2.3547         78 0.0000e+00
     45.554   62.05010 -175.20896     46.000    -1.3020    -1.3017    -1.3028    31.7147    31.7408  1025.7215    25.4994    279.921    262.309  369.54489     75.748     70.997     0.0714     0.0804     4.0956     0.5611 4.9209e-06       3448     2.3937         40 0.0000e+00
     46.544   62.05011 -175.20896     47.000    -1.3087    -1.3076    -1.3096    31.7180    31.7451  1025.7291    25.5022    279.774    263.072  369.60229     75.696     71.195     0.0782     0.1214     4.0882     0.5684 3.8901e-06       3484     2.4188         37 0.0000e+00
     47.534   62.05012 -175.20896     48.000    -1.3216    -1.3201    -1.3225    31.7206    31.7477  1025.7365    25.5047    279.548    263.109  369.72315     75.610     71.182     0.0668     0.0529     4.0885     0.5681 4.3431e-06       3523     2.4457         39 0.0000e+00
     48.525   62.05010 -175.20896     49.000    -1.3102    -1.3081    -1.3112    31.7246    31.7517  1025.7442    25.5075    278.916    261.126  369.59838     75.465     70.670     0.0658     0.0469     4.0885     0.5681 5.0646e-06       3572     2.4800         60 0.0000e+00
     49.515   62.05010 -175.20895     50.000    -1.2887    -1.2873    -1.2896    31.7296    31.7569  1025.7525    25.5111    279.539    260.923  369.36896     75.680     70.658     0.0616     0.0215     4.0858     0.5708 6.3166e-06       3632     2.5218         49 0.0000e+00
     50.505   62.05010 -175.20894     51.000    -1.2891    -1.2879    -1.2901    31.7362    31.7629  1025.7627    25.5165    279.423    260.681  369.35451     75.652     70.594     0.0651     0.0429     4.0851     0.5714 3.9895e-06       3668     2.5466         32 0.0000e+00
     51.495   62.05012 -175.20894     52.000    -1.2843    -1.2828    -1.2853    31.7386    31.7651  1025.7693    25.5183    278.563    260.152  369.29940     75.430     70.462     0.0651     0.0425     4.0806     0.5759 4.4628e-06       3705     2.5721         47 0.0000e+00
     52.485   62.05010 -175.20894     53.000    -1.2516    -1.2687    -1.2526    31.7431    31.7644  1025.7769    25.5211    277.108    258.657  368.96170     75.105     70.083     0.0679     0.0595     4.0763     0.5800 3.9270e-06       3779     2.6238         74 0.0000e+00
     53.475   62.05010 -175.20894     54.000    -1.2301    -1.2294    -1.2312    31.7505    31.7761  1025.7871    25.5265    276.394    257.602  368.72727     74.959     69.878     0.0667     0.0524     4.0753     0.5810 4.4736e-06       3825     2.6554         36 0.0000e+00
     54.465   62.05010 -175.20894     55.000    -1.2388    -1.2372    -1.2399    31.7635    31.7892  1025.8028    25.5373    276.210    258.243  368.77532     74.899     70.044     0.0597     0.0100     4.0674     0.5888 6.8684e-06       3861     2.6806         37 0.0000e+00
     55.455   62.05012 -175.20894     56.000    -1.2254    -1.2250    -1.2265    31.7779    31.8040  1025.8188    25.5486    275.327    257.444  368.60117     74.695     69.859     0.0655     0.0453     4.0398     0.6161 4.4848e-06       3904     2.7101         45 0.0000e+00
     56.446   62.05012 -175.20894     57.000    -1.2323    -1.2312    -1.2334    31.8068    31.8329  1025.8473    25.5722    274.894    255.867  368.58580     74.581     69.435     0.0597     0.0102     3.9005     0.7576 5.2328e-06       3953     2.7442         55 0.0000e+00
