EcoFOCI/data/1_SampleCollection/2023_SikuliaqDBO_CruiseData/CTD_raw_BottleFile_SKQ23-12S/proc/skq202312s_001avg.cnv
* Sea-Bird SBE 9 Data File:
* FileName = D:\CTD\SKQ202312S\SKQ202312S_001.hex
* Software Version Seasave V 7.26.7.121
* Temperature SN = 6177
* Conductivity SN = 0369
* Number of Bytes Per Scan = 41
* Number of Voltage Words = 4
* Number of Scans Averaged by the Deck Unit = 1
* NMEA Latitude = 62 11.69 N
* NMEA Longitude = 174 40.42 W
* NMEA UTC (Time) = Sep 14 2023  13:19:49
* NMEA baud rate = 4800
** Ship: R/V Sikuliaq
** Station Number: 001
** Station Name: Mooring M8
** Bottom Depth: 73
** Operator: SD
# nquan = 25
# nvalues = 68                          
# units = specified
# name 0 = depSM: Depth [salt water, m]
# name 1 = latitude: Latitude [deg]
# name 2 = longitude: Longitude [deg]
# name 3 = prDM: Pressure, Digiquartz [db]
# name 4 = t090C: Temperature [ITS-90, deg C]
# name 5 = t190C: Temperature, 2 [ITS-90, deg C]
# name 6 = potemp090C: Potential Temperature [ITS-90, deg C]
# name 7 = sal00: Salinity, Practical [PSU]
# name 8 = sal11: Salinity, Practical, 2 [PSU]
# name 9 = density00: Density [density, kg/m^3]
# name 10 = sigma-é00: Density [sigma-theta, kg/m^3]
# name 11 = sbox0Mm/Kg: Oxygen, SBE 43 [umol/kg]
# name 12 = sbox1Mm/Kg: Oxygen, SBE 43, 2 [umol/kg]
# name 13 = oxsolMm/Kg: Oxygen Saturation, Garcia & Gordon [umol/kg]
# name 14 = sbeox0PS: Oxygen, SBE 43 [% saturation]
# name 15 = sbeox1PS: Oxygen, SBE 43, 2 [% saturation]
# name 16 = v0: Voltage 0
# name 17 = flECO-AFL: Fluorescence, WET Labs ECO-AFL/FL [mg/m^3]
# name 18 = v1: Voltage 1
# name 19 = CStarAt0: Beam Attenuation, WET Labs C-Star [1/m]
# name 20 = par: PAR/Irradiance, Biospherical/Licor
# name 21 = scan: Scan Count
# name 22 = timeM: Time, Elapsed [minutes]
# name 23 = nbin: number of scans per bin
# name 24 = flag: flag
# span 0 =      0.990,     67.336       
# span 1 =   62.19444,   62.19452       
# span 2 = -174.67424, -174.67401       
# span 3 =      1.000,     68.000       
# span 4 =    -1.5243,     7.7718       
# span 5 =    -1.5231,     7.7717       
# span 6 =    -1.5253,     7.7708       
# span 7 =    30.7763,    31.8385       
# span 8 =    30.7869,    31.8516       
# span 9 =  1023.9955,  1025.9320       
# span 10 =    23.9911,    25.6051      
# span 11 =    280.642,    432.138      
# span 12 =    267.897,    369.329      
# span 13 =  297.41197,  371.41560      
# span 14 =     75.575,    116.942      
# span 15 =     72.140,     99.876      
# span 16 =     0.0701,     0.4061      
# span 17 =     0.0725,     2.0885      
# span 18 =     3.4462,     4.1624      
# span 19 =     0.4965,     1.2519      
# span 20 = -2.295e-08, 1.0710e+00      
# span 21 =       -375,       8150      
# span 22 =    -0.2609,     5.6590      
# span 23 =          1,        766      
# span 24 = 0.0000e+00, 0.0000e+00      
# interval = decibars: 1                
# start_time = Sep 14 2023 13:27:19 [NMEA time, first data scan]
# bad_flag = -9.990e-29
*END*
      0.990   62.19444 -174.67424      1.000     7.7666     7.7675     7.7664    30.7763    30.7881  1023.9955    23.9911    287.413    274.319  297.45081     96.625     92.232     0.1973     0.8359     3.8922     0.7638 1.0710e+00       -375    -0.2609          1 0.0000e+00
      1.981   62.19444 -174.67419      2.000     7.7657     7.7660     7.7655    30.7768    30.7872  1024.0008    23.9916    287.369    275.200  297.45563     96.609     92.526     0.2119     0.9233     3.8793     0.7795 5.5845e-01        456     0.3163        482 0.0000e+00
      2.971   62.19444 -174.67420      3.000     7.7659     7.7663     7.7656    30.7767    30.7873  1024.0053    23.9915    287.346    275.622  297.45465     96.601     92.668     0.2063     0.8900     3.9077     0.7491 3.9610e-01        633     0.4386        158 0.0000e+00
      3.961   62.19444 -174.67420      4.000     7.7629     7.7634     7.7625    30.7772    30.7875  1024.0107    23.9923    287.445    274.860  297.47369     96.629     92.406     0.2159     0.9473     3.9102     0.7466 2.4763e-01        813     0.5642        128 0.0000e+00
      4.952   62.19444 -174.67420      5.000     7.7623     7.7632     7.7619    30.7770    30.7876  1024.0152    23.9923    287.482    275.092  297.47779     96.640     92.484     0.2177     0.9581     3.9107     0.7460 1.7257e-01        935     0.6489        157 0.0000e+00
      5.942   62.19444 -174.67420      6.000     7.7629     7.7631     7.7623    30.7770    30.7877  1024.0197    23.9922    287.449    275.608  297.47407     96.630     92.657     0.2440     1.1158     3.9105     0.7462 1.1554e-01       1099     0.7625        141 0.0000e+00
      6.933   62.19444 -174.67420      7.000     7.7642     7.7643     7.7635    30.7773    30.7879  1024.0243    23.9922    287.440    275.518  297.46477     96.630     92.630     0.2165     0.9508     3.9101     0.7467 6.3974e-02       1215     0.8431         99 0.0000e+00
      7.923   62.19444 -174.67420      8.000     7.7693     7.7678     7.7686    30.7773    30.7878  1024.0283    23.9916    287.428    275.331  297.43014     96.637     92.574     0.2137     0.9344     3.9112     0.7455 2.6773e-02       1385     0.9612        121 0.0000e+00
      8.913   62.19444 -174.67418      9.000     7.7710     7.7713     7.7702    30.7775    30.7880  1024.0328    23.9915    287.432    275.189  297.41827     96.642     92.534     0.2102     0.9133     3.9109     0.7458 9.8137e-03       1506     1.0449        165 0.0000e+00
      9.904   62.19444 -174.67418     10.000     7.7707     7.7712     7.7698    30.7778    30.7883  1024.0377    23.9918    287.579    275.368  297.41945     96.691     92.594     0.2150     0.9423     3.9104     0.7463 7.5541e-04       1656     1.1490        120 0.0000e+00
     10.894   62.19444 -174.67418     11.000     7.7718     7.7717     7.7708    30.7778    30.7884  1024.0421    23.9916    287.393    275.104  297.41197     96.631     92.506     0.2097     0.9103     3.9101     0.7466 8.5088e-05       1784     1.2380        158 0.0000e+00
     11.885   62.19444 -174.67418     12.000     7.7506     7.7605     7.7495    30.7765    30.7875  1024.0486    23.9936    287.435    276.453  297.55776     96.598     92.936     0.2078     0.8987     3.9106     0.7461 1.1975e-06       1919     1.3323         79 0.0000e+00
     12.875   62.19444 -174.67418     13.000     7.7509     7.7401     7.7497    30.7769    30.7875  1024.0535    23.9939    287.508    275.467  297.55494     96.624     92.561     0.2099     0.9115     3.9125     0.7442 1.0000e-12       1995     1.3847         57 0.0000e+00
     13.865   62.19444 -174.67418     14.000     7.7507     7.7467     7.7494    30.7768    30.7869  1024.0580    23.9938    287.428    275.126  297.55687     96.596     92.460     0.2063     0.8896     3.9132     0.7435 9.1979e-08       2062     1.4310         86 0.0000e+00
     14.856   62.19444 -174.67418     15.000     7.7708     7.7558     7.7694    30.7771    30.7875  1024.0601    23.9913    287.615    275.562  297.42066     96.703     92.626     0.2232     0.9913     3.9093     0.7474 -2.295e-08       2169     1.5054         76 0.0000e+00
     15.846   62.19446 -174.67418     16.000     7.7480     7.7512     7.7466    30.7773    30.7877  1024.0680    23.9945    287.372    275.117  297.57360     96.572     92.467     0.2020     0.8643     3.9104     0.7463 1.0000e-12       2206     1.5313         33 0.0000e+00
     16.836   62.19445 -174.67418     17.000     7.7343     7.7313     7.7328    30.7764    30.7874  1024.0738    23.9958    287.291    274.690  297.66808     96.514     92.282     0.2131     0.9309     3.9126     0.7440 1.0000e-12       2263     1.5707         94 0.0000e+00
     17.826   62.19446 -174.67418     18.000     7.7356     7.7317     7.7339    30.7767    30.7871  1024.0784    23.9958    287.799    275.755  297.65900     96.688     92.640     0.2158     0.9470     3.9150     0.7416 1.0000e-12       2335     1.6212         36 0.0000e+00
     18.817   62.19446 -174.67418     19.000     7.7476     7.7495     7.7458    30.7768    30.7870  1024.0815    23.9943    288.116    275.623  297.57779     96.820     92.633     0.2010     0.8581     3.9132     0.7434 1.0000e-12       2371     1.6459         42 0.0000e+00
     19.807   62.19446 -174.67418     20.000     7.7382     7.7403     7.7364    30.7769    30.7874  1024.0874    23.9957    287.520    273.980  297.64034     96.600     92.062     0.2123     0.9257     3.9129     0.7438 1.0000e-12       2437     1.6919         70 0.0000e+00
     20.797   62.19446 -174.67416     21.000     7.7242     7.7330     7.7223    30.7765    30.7874  1024.0937    23.9973    287.614    274.865  297.73589     96.601     92.344     0.2064     0.8902     3.9125     0.7442 1.0000e-12       2485     1.7250         43 0.0000e+00
     21.788   62.19446 -174.67416     22.000     7.7141     7.7066     7.7121    30.7774    30.7877  1024.1003    23.9994    287.428    275.396  297.80230     96.516     92.467     0.2128     0.9287     3.9163     0.7403 1.0000e-12       2546     1.7671         65 0.0000e+00
     22.778   62.19446 -174.67416     23.000     2.2365     2.3006     2.2354    31.1538    31.3356  1024.9483    24.8395    330.997    318.156  339.50664     97.496     93.955     0.2214     0.9807     3.9325     0.7238 1.0000e-12       2593     1.7998         37 0.0000e+00
     23.768   62.19446 -174.67416     24.000    -0.8019    -0.7885    -0.8024    31.4824    31.5503  1025.4074    25.2918    337.939    297.307  365.44775     92.454     81.498     0.4061     2.0885     3.9372     0.7190 1.0000e-12       2644     1.8354         70 0.0000e+00
     24.759   62.19446 -174.67416     25.000    -1.2396    -1.2379    -1.2400    31.4845    31.5275  1025.4319    25.3111    432.138    357.684  369.59249    116.942     96.821     0.3635     1.8328     3.9713     0.6847 1.0000e-12       2708     1.8801         40 0.0000e+00
     25.749   62.19446 -174.67416     26.000    -1.2752    -1.2742    -1.2756    31.4959    31.5360  1025.4468    25.3212    397.997    369.329  369.91573    107.592     99.876     0.2344     1.0585     4.0828     0.5737 1.0000e-12       2738     1.9008         30 0.0000e+00
     26.739   62.19446 -174.67416     27.000    -1.2804    -1.2790    -1.2809    31.5018    31.5365  1025.4566    25.3261    378.854    363.619  369.95076    102.407     98.319     0.1620     0.6240     4.1260     0.5316 1.0000e-12       2779     1.9294         59 0.0000e+00
     27.729   62.19446 -174.67416     28.000    -1.2852    -1.2832    -1.2857    31.5023    31.5307  1025.4619    25.3266    362.502    352.947  369.99739     97.974     95.418     0.1348     0.4606     4.1331     0.5247 3.0422e-07       2854     1.9814         63 0.0000e+00
     28.720   62.19446 -174.67415     29.000    -1.2741    -1.2729    -1.2747    31.5244    31.5502  1025.4844    25.3443    359.322    347.355  369.82235     97.161     93.947     0.1272     0.4150     4.1389     0.5191 3.0342e-07       2893     2.0081         28 0.0000e+00
     29.710   62.19446 -174.67414     30.000    -1.2575    -1.2564    -1.2580    31.5449    31.5692  1025.5054    25.3605    357.825    344.550  369.59719     96.815     93.244     0.1228     0.3889     4.1402     0.5178 2.4439e-07       2923     2.0290         35 0.0000e+00
     30.700   62.19446 -174.67414     31.000    -1.2535    -1.2525    -1.2541    31.5726    31.5959  1025.5326    25.3829    358.014    343.601  369.47677     96.897     93.016     0.1323     0.4457     4.1385     0.5195 3.9463e-07       2976     2.0661         65 0.0000e+00
     31.690   62.19446 -174.67414     32.000    -1.2824    -1.2811    -1.2830    31.6022    31.6238  1025.5622    25.4076    360.826    348.547  369.67801     97.606     94.304     0.1336     0.4533     4.1393     0.5187 1.9800e-07       3030     2.1032         42 0.0000e+00
     32.681   62.19446 -174.67414     33.000    -1.3473    -1.3479    -1.3479    31.6197    31.6414  1025.5828    25.4234    362.765    350.592  370.27394     97.972     94.699     0.1420     0.5043     4.1365     0.5215 5.3419e-09       3071     2.1318         45 0.0000e+00
     33.671   62.19446 -174.67414     34.000    -1.3611    -1.3600    -1.3617    31.6436    31.6632  1025.6073    25.4431    356.632    343.626  370.34119     96.298     92.804     0.1277     0.4180     4.1624     0.4965 1.6809e-07       3123     2.1681         52 0.0000e+00
     34.661   62.19448 -174.67414     35.000    -1.3748    -1.3738    -1.3755    31.6529    31.6720  1025.6201    25.4510    354.368    340.400  370.45127     95.658     91.904     0.1196     0.3695     4.1613     0.4975 5.4403e-07       3173     2.2031         48 0.0000e+00
     35.651   62.19448 -174.67414     36.000    -1.3876    -1.3864    -1.3882    31.6627    31.6812  1025.6332    25.4593    350.913    337.804  370.54962     94.701     91.179     0.1178     0.3588     4.1521     0.5063 7.9249e-07       3219     2.2346         43 0.0000e+00
     36.642   62.19448 -174.67412     37.000    -1.3870    -1.3857    -1.3877    31.6677    31.6855  1025.6421    25.4633    348.053    335.231  370.52990     93.934     90.489     0.1134     0.3323     4.1539     0.5046 7.5316e-07       3263     2.2651         45 0.0000e+00
     37.632   62.19448 -174.67412     38.000    -1.4024    -1.4013    -1.4030    31.6778    31.6955  1025.6555    25.4718    345.531    333.137  370.65330     93.222     89.893     0.1069     0.2937     4.1595     0.4992 1.2380e-06       3315     2.3011         55 0.0000e+00
     38.622   62.19448 -174.67412     39.000    -1.4153    -1.4140    -1.4160    31.6836    31.7005  1025.6654    25.4769    342.353    330.280  370.76580     92.337     89.096     0.0972     0.2352     4.1548     0.5037 2.1102e-06       3365     2.3361         48 0.0000e+00
     39.612   62.19448 -174.67412     40.000    -1.4203    -1.4191    -1.4210    31.6877    31.7042  1025.6736    25.4803    338.039    324.206  370.80388     91.164     87.448     0.0942     0.2169     4.1473     0.5109 1.1711e-06       3411     2.3679         44 0.0000e+00
     40.602   62.19448 -174.67412     41.000    -1.4280    -1.4267    -1.4287    31.6934    31.7096  1025.6833    25.4851    334.001    320.657  370.86386     90.060     86.476     0.0927     0.2078     4.1272     0.5304 2.6294e-06       3456     2.3992         45 0.0000e+00
     41.593   62.19448 -174.67412     42.000    -1.4348    -1.4336    -1.4355    31.6976    31.7134  1025.6917    25.4887    328.582    317.148  370.91985     88.586     85.516     0.0903     0.1936     4.1161     0.5411 1.9854e-06       3503     2.4318         42 0.0000e+00
     42.583   62.19448 -174.67412     43.000    -1.4410    -1.4398    -1.4418    31.7073    31.7225  1025.7045    25.4967    324.108    312.496  370.95361     87.372     84.254     0.0897     0.1903     4.1052     0.5517 1.8771e-06       3542     2.4591         36 0.0000e+00
     43.573   62.19448 -174.67412     44.000    -1.4544    -1.4533    -1.4552    31.7387    31.7540  1025.7351    25.5225    321.470    308.900  370.99593     86.651     83.275     0.0865     0.1709     4.1067     0.5503 1.6701e-06       3579     2.4849         46 0.0000e+00
     44.563   62.19448 -174.67411     45.000    -1.4989    -1.4987    -1.4997    31.7734    31.7900  1025.7691    25.5516    319.345    306.684  371.34027     85.998     82.600     0.0839     0.1558     4.0399     0.6164 1.6720e-06       3647     2.5320         71 0.0000e+00
     45.553   62.19448 -174.67410     46.000    -1.5107    -1.5095    -1.5114    31.7959    31.8107  1025.7926    25.5702    313.263    303.716  371.39216     84.348     81.790     0.0777     0.1181     3.8645     0.7940 3.0344e-06       3694     2.5648         34 0.0000e+00
     46.544   62.19448 -174.67410     47.000    -1.5120    -1.5109    -1.5128    31.7980    31.8127  1025.7991    25.5719    301.676    291.324  371.39936     81.227     78.451     0.0731     0.0907     3.7721     0.8905 2.6414e-06       3729     2.5885         42 0.0000e+00
     47.534   62.19448 -174.67410     48.000    -1.5126    -1.5116    -1.5135    31.7993    31.8136  1025.8050    25.5729    290.952    279.154  371.40202     78.339     75.173     0.0736     0.0935     3.7591     0.9042 2.7865e-06       3787     2.6289         67 0.0000e+00
     48.524   62.19448 -174.67410     49.000    -1.5147    -1.5135    -1.5155    31.8017    31.8157  1025.8118    25.5749    288.416    276.481  371.41560     77.653     74.451     0.0719     0.0836     3.7637     0.8993 4.0284e-06       3838     2.6644         36 0.0000e+00
     49.514   62.19448 -174.67410     50.000    -1.5144    -1.5133    -1.5153    31.8110    31.8245  1025.8242    25.5825    288.482    276.072  371.38592     77.677     74.346     0.0725     0.0870     3.7543     0.9094 2.9256e-06       3874     2.6895         41 0.0000e+00
     50.504   62.19448 -174.67410     51.000    -1.5146    -1.5134    -1.5155    31.8237    31.8373  1025.8393    25.5928    288.462    275.883  371.35039     77.679     74.302     0.0737     0.0940     3.7864     0.8753 3.0622e-06       3919     2.7205         47 0.0000e+00
     51.494   62.19448 -174.67410     52.000    -1.5184    -1.5172    -1.5193    31.8306    31.8439  1025.8499    25.5985    287.538    273.752  371.36821     77.427     73.725     0.0725     0.0868     3.7122     0.9545 3.0797e-06       3973     2.7581         66 0.0000e+00
     52.485   62.19448 -174.67408     53.000    -1.5219    -1.5210    -1.5228    31.8364    31.8500  1025.8595    25.6033    285.394    271.836  371.38607     76.846     73.204     0.0716     0.0815     3.6068     1.0697 2.5422e-06       4040     2.8049         49 0.0000e+00
     53.475   62.19448 -174.67408     54.000    -1.5229    -1.5217    -1.5238    31.8373    31.8505  1025.8651    25.6041    284.429    270.101  371.39351     76.584     72.736     0.0701     0.0725     3.5614     1.1204 4.4023e-06       4073     2.8281         29 0.0000e+00
     54.465   62.19448 -174.67408     55.000    -1.5238    -1.5227    -1.5248    31.8384    31.8516  1025.8709    25.6050    284.016    269.912  371.39928     76.472     72.684     0.0714     0.0808     3.5145     1.1735 3.2947e-06       4104     2.8496         37 0.0000e+00
     55.455   62.19448 -174.67408     56.000    -1.5235    -1.5215    -1.5245    31.8384    31.8508  1025.8757    25.6049    282.707    270.591  371.39629     76.120     72.869     0.0730     0.0897     3.4943     1.1965 3.1887e-06       4172     2.8966         77 0.0000e+00
     56.445   62.19450 -174.67408     57.000    -1.5242    -1.5231    -1.5252    31.8385    31.8515  1025.8806    25.6051    282.140    269.703  371.40289     75.966     72.627     0.0732     0.0912     3.4769     1.2166 2.0776e-06       4222     2.9309         32 0.0000e+00
