EcoFOCI/data/1_SampleCollection/2023_SikuliaqDBO_CruiseData/CTD_raw_BottleFile_SKQ23-12S/proc/skq202312s_064svp.cnv
* Sea-Bird SBE 9 Data File:
* FileName = D:\CTD\SKQ202312S\SKQ202312S_064.hex
* Software Version Seasave V 7.26.7.121
* Temperature SN = 6177
* Conductivity SN = 0369
* Number of Bytes Per Scan = 41
* Number of Voltage Words = 4
* Number of Scans Averaged by the Deck Unit = 1
* NMEA Latitude = 71 57.82 N
* NMEA Longitude = 166 18.97 W
* NMEA UTC (Time) = Sep 28 2023  10:18:40
* NMEA baud rate = 4800
** Ship: R/V Sikuliaq
** Station Number: 064
** Station Name: IC0.1
** Bottom Depth: 46
** Operator: Bern
# nquan = 7
# nvalues = 3381                                  
# units = specified
# name 0 = depSM: Depth [salt water, m]
# name 1 = latitude: Latitude [deg]
# name 2 = longitude: Longitude [deg]
# name 3 = t090C: Temperature [ITS-90, deg C]
# name 4 = sal00: Salinity, Practical [PSU]
# name 5 = svCM: Sound Velocity [Chen-Millero, m/s]
# name 6 = flag:  0.000e+00
# span 0 =      2.287,     40.185                 
# span 1 =   71.96376,   71.96376                 
# span 2 = -166.31568, -166.31550                 
# span 3 =    -0.5402,     3.9940                 
# span 4 =    30.8512,    32.4561                 
# span 5 =    1443.69,    1462.39                 
# span 6 = 0.0000e+00, 0.0000e+00                 
# interval = seconds: 0.0416667
# start_time = Sep 28 2023 10:21:40 [NMEA time, first data scan]
# bad_flag = -9.990e-29
*END*
[from data line 1026]
     11.952   71.96376 -166.31562     3.8507    30.9500    1460.98  0.000e+00
     12.014   71.96376 -166.31562     3.8520    30.9501    1460.99  0.000e+00
     11.921   71.96376 -166.31562     3.8528    30.9495    1460.99  0.000e+00
     12.068   71.96376 -166.31562     3.8537    30.9514    1461.00  0.000e+00
     12.068   71.96376 -166.31562     3.8551    30.9534    1461.00  0.000e+00
     12.014   71.96376 -166.31562     3.8561    30.9573    1461.01  0.000e+00
     12.122   71.96376 -166.31562     3.8580    30.9617    1461.03  0.000e+00
     12.068   71.96376 -166.31562     3.8602    30.9622    1461.04  0.000e+00
     12.122   71.96376 -166.31562     3.8623    30.9629    1461.05  0.000e+00
     12.153   71.96376 -166.31562     3.8643    30.9629    1461.06  0.000e+00
     12.184   71.96376 -166.31562     3.8659    30.9621    1461.06  0.000e+00
     12.238   71.96376 -166.31562     3.8671    30.9613    1461.07  0.000e+00
     12.184   71.96376 -166.31562     3.8681    30.9616    1461.07  0.000e+00
     12.238   71.96376 -166.31562     3.8689    30.9619    1461.08  0.000e+00
     12.299   71.96376 -166.31562     3.8698    30.9618    1461.08  0.000e+00
     12.268   71.96376 -166.31562     3.8705    30.9617    1461.08  0.000e+00
     12.299   71.96376 -166.31562     3.8709    30.9610    1461.09  0.000e+00
     12.353   71.96376 -166.31562     3.8714    30.9611    1461.09  0.000e+00
     12.353   71.96376 -166.31562     3.8717    30.9618    1461.09  0.000e+00
     12.353   71.96376 -166.31562     3.8721    30.9622    1461.09  0.000e+00
     12.407   71.96376 -166.31562     3.8725    30.9623    1461.10  0.000e+00
     12.438   71.96376 -166.31562     3.8730    30.9632    1461.10  0.000e+00
     12.469   71.96376 -166.31562     3.8735    30.9637    1461.10  0.000e+00
     12.469   71.96376 -166.31562     3.8741    30.9627    1461.10  0.000e+00
     12.469   71.96376 -166.31562     3.8741    30.9615    1461.10  0.000e+00
     12.523   71.96376 -166.31562     3.8744    30.9596    1461.10  0.000e+00
     12.523   71.96376 -166.31562     3.8740    30.9597    1461.10  0.000e+00
     12.608   71.96376 -166.31562     3.8738    30.9610    1461.10  0.000e+00
     12.584   71.96376 -166.31562     3.8740    30.9617    1461.10  0.000e+00
     12.638   71.96376 -166.31562     3.8740    30.9622    1461.10  0.000e+00
     12.638   71.96376 -166.31562     3.8744    30.9625    1461.11  0.000e+00
     12.700   71.96376 -166.31562     3.8747    30.9648    1461.11  0.000e+00
     12.669   71.96376 -166.31562     3.8754    30.9665    1461.12  0.000e+00
     12.700   71.96376 -166.31562     3.8762    30.9681    1461.12  0.000e+00
     12.754   71.96376 -166.31562     3.8773    30.9686    1461.13  0.000e+00
     12.754   71.96376 -166.31562     3.8781    30.9680    1461.13  0.000e+00
     12.808   71.96376 -166.31562     3.8785    30.9680    1461.13  0.000e+00
     12.808   71.96376 -166.31562     3.8791    30.9689    1461.14  0.000e+00
     12.839   71.96376 -166.31562     3.8795    30.9698    1461.14  0.000e+00
     12.870   71.96376 -166.31562     3.8805    30.9694    1461.15  0.000e+00
     12.870   71.96376 -166.31562     3.8809    30.9710    1461.15  0.000e+00
     12.870   71.96376 -166.31562     3.8818    30.9717    1461.15  0.000e+00
     12.924   71.96376 -166.31562     3.8824    30.9702    1461.16  0.000e+00
     12.870   71.96376 -166.31562     3.8827    30.9654    1461.15  0.000e+00
     13.070   71.96376 -166.31562     3.8822    30.9593    1461.14  0.000e+00
     12.985   71.96376 -166.31562     3.8803    30.9543    1461.13  0.000e+00
     12.985   71.96376 -166.31562     3.8782    30.9531    1461.12  0.000e+00
     13.039   71.96376 -166.31562     3.8766    30.9563    1461.12  0.000e+00
     13.101   71.96376 -166.31562     3.8759    30.9603    1461.12  0.000e+00
     13.070   71.96376 -166.31562     3.8760    30.9597    1461.12  0.000e+00
     13.101   71.96376 -166.31562     3.8759    30.9576    1461.11  0.000e+00
     13.155   71.96376 -166.31562     3.8751    30.9573    1461.11  0.000e+00
     13.155   71.96376 -166.31562     3.8740    30.9545    1461.10  0.000e+00
     13.155   71.96376 -166.31562     3.8724    30.9477    1461.09  0.000e+00
     13.186   71.96376 -166.31562     3.8703    30.9401    1461.07  0.000e+00
     13.209   71.96376 -166.31562     3.8669    30.9363    1461.05  0.000e+00
     13.271   71.96376 -166.31562     3.8638    30.9353    1461.04  0.000e+00
     13.209   71.96376 -166.31562     3.8611    30.9357    1461.03  0.000e+00
     13.271   71.96376 -166.31562     3.8588    30.9380    1461.02  0.000e+00
     13.325   71.96376 -166.31562     3.8575    30.9399    1461.02  0.000e+00
     13.294   71.96376 -166.31562     3.8567    30.9422    1461.02  0.000e+00
     13.325   71.96376 -166.31562     3.8564    30.9435    1461.02  0.000e+00
     13.386   71.96376 -166.31562     3.8565    30.9442    1461.02  0.000e+00
     13.386   71.96376 -166.31562     3.8564    30.9441    1461.02  0.000e+00
     13.386   71.96376 -166.31562     3.8565    30.9427    1461.02  0.000e+00
     13.409   71.96376 -166.31562     3.8564    30.9418    1461.02  0.000e+00
     13.386   71.96376 -166.31562     3.8559    30.9414    1461.01  0.000e+00
     13.502   71.96376 -166.31562     3.8554    30.9411    1461.01  0.000e+00
     13.440   71.96376 -166.31562     3.8551    30.9410    1461.01  0.000e+00
     13.502   71.96376 -166.31562     3.8548    30.9403    1461.01  0.000e+00
     13.525   71.96376 -166.31562     3.8545    30.9407    1461.01  0.000e+00
     13.556   71.96376 -166.31562     3.8543    30.9424    1461.01  0.000e+00
     13.502   71.96376 -166.31562     3.8545    30.9423    1461.01  0.000e+00
     13.610   71.96376 -166.31562     3.8545    30.9414    1461.01  0.000e+00
     13.556   71.96376 -166.31562     3.8545    30.9413    1461.01  0.000e+00
     13.641   71.96376 -166.31562     3.8545    30.9403    1461.01  0.000e+00
     13.610   71.96376 -166.31562     3.8540    30.9402    1461.01  0.000e+00
     13.672   71.96376 -166.31562     3.8540    30.9402    1461.01  0.000e+00
     13.610   71.96376 -166.31562     3.8538    30.9403    1461.01  0.000e+00
     13.726   71.96376 -166.31562     3.8537    30.9400    1461.01  0.000e+00
     13.672   71.96376 -166.31562     3.8537    30.9399    1461.01  0.000e+00
     13.756   71.96376 -166.31562     3.8535    30.9405    1461.01  0.000e+00
     13.726   71.96376 -166.31562     3.8534    30.9399    1461.01  0.000e+00
     13.726   71.96376 -166.31562     3.8532    30.9402    1461.01  0.000e+00
     13.787   71.96376 -166.31562     3.8534    30.9413    1461.01  0.000e+00
     13.841   71.96376 -166.31562     3.8530    30.9425    1461.01  0.000e+00
     13.810   71.96376 -166.31562     3.8534    30.9439    1461.01  0.000e+00
     13.787   71.96376 -166.31562     3.8538    30.9459    1461.02  0.000e+00
     13.903   71.96376 -166.31562     3.8545    30.9476    1461.02  0.000e+00
     13.841   71.96376 -166.31562     3.8554    30.9490    1461.03  0.000e+00
     13.903   71.96376 -166.31562     3.8564    30.9495    1461.04  0.000e+00
     13.872   71.96376 -166.31562     3.8568    30.9503    1461.04  0.000e+00
     13.957   71.96376 -166.31562     3.8576    30.9502    1461.04  0.000e+00
     13.957   71.96376 -166.31562     3.8584    30.9490    1461.04  0.000e+00
     13.903   71.96376 -166.31562     3.8587    30.9474    1461.04  0.000e+00
     14.011   71.96376 -166.31562     3.8588    30.9461    1461.04  0.000e+00
     13.980   71.96376 -166.31562     3.8586    30.9466    1461.04  0.000e+00
     14.073   71.96376 -166.31562     3.8589    30.9468    1461.05  0.000e+00
     14.011   71.96376 -166.31562     3.8588    30.9474    1461.04  0.000e+00
     14.011   71.96376 -166.31562     3.8591    30.9467    1461.04  0.000e+00
     14.096   71.96376 -166.31562     3.8590    30.9465    1461.05  0.000e+00
     14.073   71.96376 -166.31562     3.8591    30.9467    1461.05  0.000e+00
     14.127   71.96376 -166.31562     3.8591    30.9464    1461.05  0.000e+00
     14.127   71.96376 -166.31562     3.8588    30.9461    1461.04  0.000e+00
     14.127   71.96376 -166.31562     3.8588    30.9472    1461.05  0.000e+00
     14.157   71.96376 -166.31562     3.8588    30.9485    1461.05  0.000e+00
     14.188   71.96376 -166.31562     3.8591    30.9494    1461.05  0.000e+00
     14.242   71.96376 -166.31562     3.8595    30.9496    1461.05  0.000e+00
     14.188   71.96376 -166.31562     3.8599    30.9495    1461.05  0.000e+00
     14.242   71.96376 -166.31562     3.8602    30.9496    1461.06  0.000e+00
     14.273   71.96376 -166.31562     3.8602    30.9504    1461.06  0.000e+00
     14.242   71.96376 -166.31562     3.8608    30.9505    1461.06  0.000e+00
     14.304   71.96376 -166.31562     3.8608    30.9501    1461.06  0.000e+00
     14.304   71.96376 -166.31562     3.8611    30.9501    1461.06  0.000e+00
     14.358   71.96376 -166.31562     3.8614    30.9503    1461.06  0.000e+00
     14.381   71.96376 -166.31562     3.8613    30.9508    1461.07  0.000e+00
     14.358   71.96376 -166.31562     3.8616    30.9503    1461.07  0.000e+00
     14.412   71.96376 -166.31562     3.8616    30.9493    1461.07  0.000e+00
     14.412   71.96376 -166.31562     3.8614    30.9472    1461.06  0.000e+00
     14.412   71.96376 -166.31562     3.8608    30.9459    1461.06  0.000e+00
     14.497   71.96376 -166.31562     3.8602    30.9447    1461.05  0.000e+00
     14.474   71.96376 -166.31562     3.8594    30.9446    1461.05  0.000e+00
     14.474   71.96376 -166.31562     3.8591    30.9454    1461.05  0.000e+00
     14.527   71.96376 -166.31562     3.8588    30.9460    1461.05  0.000e+00
     14.497   71.96376 -166.31562     3.8586    30.9448    1461.05  0.000e+00
     14.589   71.96376 -166.31562     3.8583    30.9429    1461.05  0.000e+00
     14.589   71.96376 -166.31562     3.8575    30.9411    1461.04  0.000e+00
     14.589   71.96376 -166.31562     3.8567    30.9408    1461.04  0.000e+00
     14.643   71.96376 -166.31562     3.8561    30.9406    1461.03  0.000e+00
     14.612   71.96376 -166.31562     3.8554    30.9404    1461.03  0.000e+00
     14.643   71.96376 -166.31562     3.8549    30.9410    1461.03  0.000e+00
     14.705   71.96376 -166.31562     3.8543    30.9405    1461.03  0.000e+00
     14.705   71.96376 -166.31562     3.8540    30.9394    1461.03  0.000e+00
     14.759   71.96376 -166.31562     3.8534    30.9390    1461.02  0.000e+00
     14.728   71.96376 -166.31562     3.8530    30.9385    1461.02  0.000e+00
     14.813   71.96376 -166.31562     3.8525    30.9398    1461.02  0.000e+00
     14.813   71.96376 -166.31560     3.8526    30.9425    1461.02  0.000e+00
     14.813   71.96376 -166.31560     3.8532    30.9442    1461.03  0.000e+00
     14.844   71.96376 -166.31560     3.8540    30.9453    1461.04  0.000e+00
     14.874   71.96376 -166.31560     3.8546    30.9470    1461.04  0.000e+00
     14.874   71.96376 -166.31560     3.8559    30.9498    1461.05  0.000e+00
     14.928   71.96376 -166.31560     3.8570    30.9514    1461.06  0.000e+00
     14.928   71.96376 -166.31560     3.8581    30.9500    1461.06  0.000e+00
     14.959   71.96376 -166.31560     3.8589    30.9487    1461.06  0.000e+00
     15.044   71.96376 -166.31560     3.8592    30.9472    1461.06  0.000e+00
     14.990   71.96376 -166.31560     3.8594    30.9469    1461.06  0.000e+00
     15.044   71.96376 -166.31560     3.8597    30.9488    1461.07  0.000e+00
     15.067   71.96376 -166.31560     3.8602    30.9507    1461.07  0.000e+00
     15.106   71.96376 -166.31560     3.8611    30.9487    1461.07  0.000e+00
     15.106   71.96376 -166.31560     3.8611    30.9445    1461.07  0.000e+00
     15.160   71.96376 -166.31560     3.8606    30.9425    1461.06  0.000e+00
     15.160   71.96376 -166.31560     3.8600    30.9429    1461.06  0.000e+00
     15.183   71.96376 -166.31560     3.8595    30.9407    1461.06  0.000e+00
     15.214   71.96376 -166.31560     3.8584    30.9386    1461.05  0.000e+00
     15.275   71.96376 -166.31560     3.8573    30.9374    1461.05  0.000e+00
     15.275   71.96376 -166.31560     3.8561    30.9376    1461.04  0.000e+00
     15.299   71.96376 -166.31560     3.8553    30.9377    1461.04  0.000e+00
     15.329   71.96376 -166.31560     3.8543    30.9378    1461.03  0.000e+00
     15.391   71.96376 -166.31560     3.8534    30.9377    1461.03  0.000e+00
     15.329   71.96376 -166.31560     3.8530    30.9382    1461.03  0.000e+00
     15.468   71.96376 -166.31560     3.8527    30.9418    1461.04  0.000e+00
     15.391   71.96376 -166.31560     3.8535    30.9442    1461.04  0.000e+00
     15.499   71.96376 -166.31560     3.8543    30.9426    1461.04  0.000e+00
     15.499   71.96376 -166.31560     3.8545    30.9404    1461.04  0.000e+00
     15.499   71.96376 -166.31560     3.8542    30.9391    1461.04  0.000e+00
     15.530   71.96376 -166.31560     3.8538    30.9388    1461.04  0.000e+00
     15.615   71.96376 -166.31560     3.8535    30.9382    1461.04  0.000e+00
     15.561   71.96376 -166.31560     3.8530    30.9409    1461.04  0.000e+00
     15.676   71.96376 -166.31560     3.8534    30.9426    1461.04  0.000e+00
     15.646   71.96376 -166.31560     3.8538    30.9409    1461.04  0.000e+00
     15.676   71.96376 -166.31560     3.8537    30.9391    1461.04  0.000e+00
     15.730   71.96376 -166.31560     3.8529    30.9387    1461.04  0.000e+00
     15.730   71.96376 -166.31560     3.8526    30.9390    1461.04  0.000e+00
     15.754   71.96376 -166.31560     3.8527    30.9418    1461.04  0.000e+00
     15.792   71.96376 -166.31560     3.8530    30.9479    1461.05  0.000e+00
     15.846   71.96376 -166.31560     3.8551    30.9519    1461.06  0.000e+00
     15.846   71.96376 -166.31560     3.8572    30.9535    1461.08  0.000e+00
     15.869   71.96376 -166.31560     3.8590    30.9546    1461.09  0.000e+00
     15.900   71.96376 -166.31560     3.8608    30.9542    1461.09  0.000e+00
     15.900   71.96376 -166.31560     3.8618    30.9520    1461.09  0.000e+00
     15.962   71.96376 -166.31560     3.8624    30.9507    1461.10  0.000e+00
     15.985   71.96376 -166.31560     3.8629    30.9497    1461.10  0.000e+00
     16.016   71.96376 -166.31560     3.8630    30.9481    1461.10  0.000e+00
     15.962   71.96376 -166.31560     3.8629    30.9505    1461.10  0.000e+00
     16.077   71.96376 -166.31562     3.8640    30.9541    1461.11  0.000e+00
     16.100   71.96376 -166.31562     3.8654    30.9577    1461.12  0.000e+00
     16.131   71.96376 -166.31562     3.8670    30.9582    1461.13  0.000e+00
     16.131   71.96376 -166.31562     3.8681    30.9576    1461.13  0.000e+00
     16.131   71.96376 -166.31562     3.8691    30.9584    1461.14  0.000e+00
     16.154   71.96376 -166.31562     3.8700    30.9585    1461.14  0.000e+00
     16.247   71.96376 -166.31562     3.8709    30.9570    1461.14  0.000e+00
     16.247   71.96376 -166.31562     3.8709    30.9564    1461.14  0.000e+00
     16.193   71.96376 -166.31562     3.8709    30.9572    1461.14  0.000e+00
     16.332   71.96376 -166.31562     3.8716    30.9582    1461.15  0.000e+00
     16.301   71.96376 -166.31562     3.8719    30.9577    1461.15  0.000e+00
     16.301   71.96376 -166.31562     3.8722    30.9560    1461.15  0.000e+00
     16.363   71.96376 -166.31562     3.8721    30.9551    1461.15  0.000e+00
     16.332   71.96376 -166.31562     3.8717    30.9556    1461.15  0.000e+00
     16.417   71.96376 -166.31562     3.8719    30.9564    1461.15  0.000e+00
     16.417   71.96376 -166.31562     3.8721    30.9561    1461.15  0.000e+00
     16.478   71.96376 -166.31562     3.8722    30.9560    1461.15  0.000e+00
     16.448   71.96376 -166.31562     3.8721    30.9564    1461.15  0.000e+00
     16.478   71.96376 -166.31562     3.8724    30.9561    1461.15  0.000e+00
     16.532   71.96376 -166.31562     3.8722    30.9563    1461.15  0.000e+00
