EcoFOCI/data/1_SampleCollection/2023_SikuliaqDBO_CruiseData/CTD_raw_BottleFile_SKQ23-12S/proc/skq202312s_031.cnv
* Sea-Bird SBE 9 Data File:
* FileName = D:\CTD\SKQ202312S\SKQ202312S_031.hex
* Software Version Seasave V 7.26.7.121
* Temperature SN = 6177
* Conductivity SN = 0369
* Number of Bytes Per Scan = 41
* Number of Voltage Words = 4
* Number of Scans Averaged by the Deck Unit = 1
* NMEA Latitude = 71 29.95 N
* NMEA Longitude = 157 40.36 W
* NMEA UTC (Time) = Sep 21 2023  09:49:17
* NMEA baud rate = 4800
** Ship: R/V Sikuliaq
** Station Number: 031
** Station Name: DBO5.7
** Bottom Depth: 81
** Operator: SS
# nquan = 24
# nvalues = 7970                                  
# units = specified
# name 0 = depSM: Depth [salt water, m]
# name 1 = latitude: Latitude [deg]
# name 2 = longitude: Longitude [deg]
# name 3 = prDM: Pressure, Digiquartz [db]
# name 4 = t090C: Temperature [ITS-90, deg C]
# name 5 = t190C: Temperature, 2 [ITS-90, deg C]
# name 6 = potemp090C: Potential Temperature [ITS-90, deg C]
# name 7 = sal00: Salinity, Practical [PSU]
# name 8 = sal11: Salinity, Practical, 2 [PSU]
# name 9 = density00: Density [density, kg/m^3]
# name 10 = sigma-é00: Density [sigma-theta, kg/m^3]
# name 11 = sbox0Mm/Kg: Oxygen, SBE 43 [umol/kg]
# name 12 = sbox1Mm/Kg: Oxygen, SBE 43, 2 [umol/kg]
# name 13 = oxsolMm/Kg: Oxygen Saturation, Garcia & Gordon [umol/kg]
# name 14 = sbeox0PS: Oxygen, SBE 43 [% saturation]
# name 15 = sbeox1PS: Oxygen, SBE 43, 2 [% saturation]
# name 16 = v0: Voltage 0
# name 17 = flECO-AFL: Fluorescence, WET Labs ECO-AFL/FL [mg/m^3]
# name 18 = v1: Voltage 1
# name 19 = CStarAt0: Beam Attenuation, WET Labs C-Star [1/m]
# name 20 = par: PAR/Irradiance, Biospherical/Licor
# name 21 = scan: Scan Count
# name 22 = timeM: Time, Elapsed [minutes]
# name 23 = flag:  0.000e+00
# span 0 =      2.872,     76.386                 
# span 1 =   71.49900,   71.49906                 
# span 2 = -157.67374, -157.67336                 
# span 3 =      2.901,     77.189                 
# span 4 =    -1.6844,     3.0301                 
# span 5 =    -1.6828,     3.0383                 
# span 6 =    -1.6855,     3.0294                 
# span 7 =    29.9724,    32.8984                 
# span 8 =    29.9816,    32.9084                 
# span 9 =  1023.9065,  1026.8396                 
# span 10 =    23.8808,    26.4687                
# span 11 =    253.027,    451.860                
# span 12 =    240.849,    429.158                
# span 13 =  334.23975,  370.21941                
# span 14 =     68.356,    128.194                
# span 15 =     65.077,    121.055                
# span 16 =     0.0745,     0.1746                
# span 17 =     0.0989,     0.6996                
# span 18 =     2.7094,     4.1685                
# span 19 =     0.4906,     2.2145                
# span 20 = 1.0000e-12, 5.4233e-01                
# span 21 =          1,       7970                
# span 22 =     0.0000,     5.5340                
# span 23 = 0.0000e+00, 0.0000e+00                
# interval = seconds: 0.0416667
# start_time = Sep 21 2023 09:54:09 [NMEA time, first data scan]
# bad_flag = -9.990e-29
*END*
[from data line 6280]
     75.014   71.49902 -157.67372     75.802    -1.6516    -1.6510    -1.6530    32.8752    32.8805  1026.8159    26.4500    260.558    248.570  369.64202     70.489     67.250     0.0781     0.1209     3.4212     1.2810 1.0000e-12       6281     4.3611  0.000e+00
     75.091   71.49902 -157.67372     75.880    -1.6517    -1.6507    -1.6530    32.8756    32.8805  1026.8167    26.4503    260.345    248.549  369.64128     70.432     67.245     0.0781     0.1209     3.4212     1.2810 8.4714e-06       6282     4.3618  0.000e+00
     75.091   71.49902 -157.67372     75.880    -1.6513    -1.6506    -1.6527    32.8753    32.8805  1026.8164    26.4501    260.336    248.524  369.63869     70.430     67.238     0.0781     0.1209     3.4212     1.2810 8.4714e-06       6283     4.3625  0.000e+00
     75.014   71.49902 -157.67372     75.802    -1.6514    -1.6508    -1.6528    32.8755    32.8809  1026.8162    26.4502    260.378    248.495  369.63933     70.441     67.230     0.0781     0.1209     3.4212     1.2810 8.4714e-06       6284     4.3632  0.000e+00
     75.030   71.49902 -157.67372     75.818    -1.6516    -1.6505    -1.6530    32.8757    32.8811  1026.8164    26.4504    260.372    248.497  369.64053     70.439     67.231     0.0781     0.1209     3.4212     1.2810 8.4714e-06       6285     4.3639  0.000e+00
     75.014   71.49902 -157.67372     75.802    -1.6516    -1.6508    -1.6530    32.8757    32.8816  1026.8163    26.4504    260.622    248.466  369.64050     70.507     67.223     0.0769     0.1135     3.4212     1.2810 1.0000e-12       6286     4.3646  0.000e+00
     74.976   71.49902 -157.67372     75.763    -1.6516    -1.6502    -1.6530    32.8751    32.8818  1026.8156    26.4499    260.396    248.426  369.64233     70.445     67.213     0.0781     0.1209     3.4212     1.2810 8.4714e-06       6287     4.3653  0.000e+00
     75.014   71.49902 -157.67372     75.802    -1.6513    -1.6506    -1.6527    32.8742    32.8825  1026.8151    26.4492    260.433    248.392  369.64185     70.455     67.204     0.0781     0.1209     3.4212     1.2810 1.0000e-12       6288     4.3660  0.000e+00
     74.976   71.49902 -157.67372     75.763    -1.6516    -1.6503    -1.6530    32.8745    32.8818  1026.8152    26.4494    260.678    248.616  369.64386     70.521     67.264     0.0781     0.1209     3.4212     1.2810 1.0000e-12       6289     4.3667  0.000e+00
     74.960   71.49902 -157.67372     75.747    -1.6516    -1.6503    -1.6530    32.8748    32.8816  1026.8153    26.4496    260.706    248.640  369.64319     70.529     67.271     0.0781     0.1209     3.4212     1.2810 1.0000e-12       6290     4.3674  0.000e+00
     74.922   71.49902 -157.67372     75.708    -1.6518    -1.6507    -1.6532    32.8750    32.8816  1026.8153    26.4498    260.731    248.663  369.64417     70.536     67.277     0.0781     0.1209     3.4212     1.2810 1.0000e-12       6291     4.3681  0.000e+00
     74.960   71.49902 -157.67372     75.747    -1.6516    -1.6505    -1.6530    32.8746    32.8814  1026.8152    26.4495    260.753    248.452  369.64370     70.542     67.219     0.0781     0.1209     3.4212     1.2810 8.4714e-06       6292     4.3688  0.000e+00
     74.976   71.49902 -157.67372     75.763    -1.6517    -1.6505    -1.6530    32.8748    32.8811  1026.8154    26.4497    260.770    248.438  369.64361     70.546     67.216     0.0781     0.1209     3.4249     1.2767 8.4714e-06       6293     4.3694  0.000e+00
     74.898   71.49902 -157.67372     75.685    -1.6518    -1.6504    -1.6532    32.8751    32.8810  1026.8153    26.4499    260.780    248.650  369.64400     70.549     67.273     0.0781     0.1209     3.4249     1.2767 1.0000e-12       6294     4.3701  0.000e+00
     74.922   71.49902 -157.67372     75.708    -1.6518    -1.6505    -1.6532    32.8751    32.8812  1026.8154    26.4499    260.790    248.664  369.64404     70.552     67.277     0.0794     0.1282     3.4261     1.2753 8.4714e-06       6295     4.3708  0.000e+00
     74.922   71.49902 -157.67372     75.708    -1.6516    -1.6505    -1.6530    32.8749    32.8811  1026.8152    26.4497    260.793    248.641  369.64287     70.553     67.271     0.0781     0.1209     3.4261     1.2753 8.4714e-06       6296     4.3715  0.000e+00
     74.844   71.49902 -157.67372     75.630    -1.6518    -1.6503    -1.6532    32.8751    32.8814  1026.8150    26.4499    260.791    248.643  369.64403     70.552     67.272     0.0781     0.1209     3.4249     1.2767 8.4714e-06       6297     4.3722  0.000e+00
     74.921   71.49902 -157.67372     75.708    -1.6514    -1.6505    -1.6528    32.8749    32.8818  1026.8152    26.4497    260.735    248.651  369.64107     70.537     67.274     0.0781     0.1209     3.4249     1.2767 1.0000e-12       6298     4.3729  0.000e+00
     74.898   71.49902 -157.67372     75.685    -1.6516    -1.6503    -1.6530    32.8758    32.8825  1026.8159    26.4505    260.723    248.648  369.64004     70.534     67.274     0.0781     0.1209     3.4261     1.2753 8.4714e-06       6299     4.3736  0.000e+00
     74.860   71.49902 -157.67372     75.646    -1.6516    -1.6502    -1.6530    32.8761    32.8839  1026.8159    26.4507    260.706    248.642  369.63933     70.530     67.273     0.0769     0.1135     3.4261     1.2753 1.0000e-12       6300     4.3743  0.000e+00
     74.898   71.49902 -157.67372     75.685    -1.6516    -1.6499    -1.6530    32.8763    32.8845  1026.8162    26.4509    260.793    248.636  369.63877     70.554     67.272     0.0781     0.1209     3.4261     1.2753 1.0000e-12       6301     4.3750  0.000e+00
     74.860   71.49902 -157.67372     75.646    -1.6514    -1.6494    -1.6528    32.8764    32.8854  1026.8162    26.4510    260.824    248.622  369.63664     70.562     67.270     0.0781     0.1209     3.4261     1.2753 1.0000e-12       6302     4.3757  0.000e+00
     74.844   71.49902 -157.67372     75.630    -1.6516    -1.6498    -1.6530    32.8775    32.8859  1026.8170    26.4519    260.802    248.614  369.63512     70.556     67.267     0.0781     0.1209     3.4261     1.2753 8.4714e-06       6303     4.3764  0.000e+00
     74.860   71.49902 -157.67372     75.646    -1.6512    -1.6492    -1.6526    32.8780    32.8852  1026.8175    26.4523    260.772    248.830  369.62963     70.550     67.326     0.0781     0.1209     3.4261     1.2753 1.0000e-12       6304     4.3771  0.000e+00
     74.844   71.49902 -157.67372     75.630    -1.6510    -1.6496    -1.6523    32.8798    32.8853  1026.8188    26.4537    260.737    248.618  369.62221     70.541     67.268     0.0781     0.1209     3.4249     1.2767 8.4714e-06       6305     4.3778  0.000e+00
     74.860   71.49902 -157.67372     75.646    -1.6507    -1.6496    -1.6521    32.8816    32.8845  1026.8203    26.4551    260.959    248.601  369.61408     70.603     67.263     0.0781     0.1209     3.4249     1.2767 8.4714e-06       6306     4.3785  0.000e+00
     74.844   71.49902 -157.67372     75.630    -1.6502    -1.6499    -1.6516    32.8829    32.8843  1026.8213    26.4562    260.754    248.581  369.60561     70.549     67.257     0.0781     0.1209     3.4261     1.2753 8.4714e-06       6307     4.3792  0.000e+00
     74.860   71.49902 -157.67372     75.646    -1.6498    -1.6499    -1.6511    32.8830    32.8843  1026.8214    26.4563    260.708    248.591  369.60074     70.538     67.260     0.0781     0.1209     3.4261     1.2753 1.0000e-12       6308     4.3799  0.000e+00
     74.860   71.49902 -157.67372     75.646    -1.6496    -1.6501    -1.6510    32.8829    32.8837  1026.8214    26.4562    260.922    248.602  369.59971     70.596     67.262     0.0794     0.1282     3.4261     1.2753 1.0000e-12       6309     4.3806  0.000e+00
     74.844   71.49902 -157.67372     75.630    -1.6495    -1.6502    -1.6508    32.8830    32.8843  1026.8214    26.4563    260.657    248.574  369.59775     70.524     67.255     0.0781     0.1209     3.4249     1.2767 8.4714e-06       6310     4.3812  0.000e+00
     74.860   71.49902 -157.67372     75.646    -1.6492    -1.6500    -1.6506    32.8825    32.8841  1026.8211    26.4559    260.913    248.544  369.59634     70.594     67.247     0.0794     0.1282     3.4249     1.2767 8.4714e-06       6311     4.3819  0.000e+00
     74.844   71.49902 -157.67372     75.630    -1.6495    -1.6500    -1.6508    32.8826    32.8843  1026.8210    26.4559    260.904    248.510  369.59902     70.591     67.238     0.0781     0.1209     3.4274     1.2739 1.0000e-12       6312     4.3826  0.000e+00
     74.860   71.49902 -157.67372     75.646    -1.6493    -1.6502    -1.6507    32.8827    32.8850  1026.8212    26.4560    260.939    248.509  369.59687     70.601     67.237     0.0781     0.1209     3.4396     1.2597 8.4714e-06       6313     4.3833  0.000e+00
     74.844   71.49902 -157.67372     75.630    -1.6495    -1.6499    -1.6508    32.8822    32.8850  1026.8207    26.4556    260.972    248.503  369.60016     70.609     67.237     0.0769     0.1135     3.4444     1.2540 8.4714e-06       6314     4.3840  0.000e+00
     74.860   71.49902 -157.67372     75.646    -1.6495    -1.6500    -1.6508    32.8817    32.8850  1026.8204    26.4552    260.949    248.501  369.60171     70.603     67.236     0.0781     0.1209     3.4457     1.2526 8.4714e-06       6315     4.3847  0.000e+00
     74.844   71.49902 -157.67372     75.630    -1.6495    -1.6500    -1.6508    32.8814    32.8851  1026.8201    26.4550    261.231    248.495  369.60244     70.679     67.234     0.0794     0.1282     3.4444     1.2540 8.4714e-06       6316     4.3854  0.000e+00
     74.860   71.49902 -157.67372     75.646    -1.6496    -1.6499    -1.6510    32.8806    32.8856  1026.8195    26.4543    261.039    248.486  369.60643     70.626     67.232     0.0781     0.1209     3.4444     1.2540 1.0000e-12       6317     4.3861  0.000e+00
     74.844   71.49902 -157.67372     75.630    -1.6498    -1.6498    -1.6511    32.8800    32.8860  1026.8189    26.4538    261.051    248.476  369.60946     70.629     67.230     0.0781     0.1209     3.4444     1.2540 1.0000e-12       6318     4.3868  0.000e+00
     74.860   71.49902 -157.67372     75.646    -1.6501    -1.6498    -1.6515    32.8798    32.8861  1026.8189    26.4537    261.061    248.467  369.61335     70.631     67.227     0.0781     0.1209     3.4444     1.2540 1.0000e-12       6319     4.3875  0.000e+00
     74.844   71.49902 -157.67372     75.630    -1.6501    -1.6498    -1.6515    32.8788    32.8857  1026.8180    26.4529    261.326    248.457  369.61637     70.702     67.224     0.0781     0.1209     3.4444     1.2540 8.4714e-06       6320     4.3882  0.000e+00
     74.921   71.49902 -157.67372     75.708    -1.6504    -1.6499    -1.6518    32.8781    32.8857  1026.8178    26.4523    261.117    248.447  369.62124     70.645     67.222     0.0769     0.1135     3.4444     1.2540 8.4714e-06       6321     4.3889  0.000e+00
     74.860   71.49902 -157.67372     75.646    -1.6504    -1.6498    -1.6518    32.8780    32.8860  1026.8174    26.4522    261.368    248.430  369.62177     70.712     67.217     0.0781     0.1209     3.4444     1.2540 8.4714e-06       6322     4.3896  0.000e+00
     74.898   71.49902 -157.67372     75.685    -1.6505    -1.6496    -1.6519    32.8769    32.8857  1026.8167    26.4514    261.461    248.416  369.62591     70.737     67.214     0.0781     0.1209     3.4444     1.2540 8.4714e-06       6323     4.3903  0.000e+00
     74.860   71.49902 -157.67372     75.646    -1.6507    -1.6498    -1.6521    32.8768    32.8866  1026.8165    26.4513    261.232    248.398  369.62803     70.674     67.209     0.0781     0.1209     3.4444     1.2540 1.0000e-12       6324     4.3910  0.000e+00
     74.898   71.49902 -157.67372     75.685    -1.6509    -1.6495    -1.6522    32.8761    32.8863  1026.8161    26.4507    261.213    248.645  369.63180     70.668     67.276     0.0794     0.1282     3.4444     1.2540 1.0000e-12       6325     4.3917  0.000e+00
     74.921   71.49902 -157.67372     75.708    -1.6510    -1.6496    -1.6523    32.8760    32.8865  1026.8161    26.4506    261.188    248.694  369.63338     70.661     67.289     0.0781     0.1209     3.4444     1.2540 1.0000e-12       6326     4.3924  0.000e+00
     74.898   71.49902 -157.67372     75.685    -1.6510    -1.6496    -1.6523    32.8757    32.8864  1026.8158    26.4504    261.470    248.705  369.63410     70.737     67.292     0.0794     0.1282     3.4444     1.2540 8.4714e-06       6327     4.3931  0.000e+00
     74.921   71.49902 -157.67372     75.708    -1.6512    -1.6498    -1.6526    32.8754    32.8865  1026.8157    26.4502    261.488    248.717  369.63722     70.742     67.295     0.0781     0.1209     3.4444     1.2540 8.4714e-06       6328     4.3937  0.000e+00
     74.898   71.49902 -157.67372     75.685    -1.6513    -1.6494    -1.6527    32.8754    32.8863  1026.8156    26.4502    261.496    248.721  369.63834     70.744     67.297     0.0794     0.1282     3.4444     1.2540 1.0000e-12       6329     4.3944  0.000e+00
     74.921   71.49902 -157.67372     75.708    -1.6511    -1.6498    -1.6525    32.8746    32.8861  1026.8150    26.4495    261.552    248.729  369.63912     70.759     67.298     0.0781     0.1209     3.4444     1.2540 8.4714e-06       6330     4.3951  0.000e+00
     74.960   71.49902 -157.67372     75.747    -1.6514    -1.6498    -1.6528    32.8751    32.8854  1026.8156    26.4499    261.292    248.733  369.64050     70.688     67.299     0.0794     0.1282     3.4444     1.2540 1.0000e-12       6331     4.3958  0.000e+00
     74.975   71.49902 -157.67372     75.763    -1.6513    -1.6498    -1.6527    32.8751    32.8851  1026.8157    26.4499    261.496    248.732  369.63924     70.743     67.299     0.0794     0.1282     3.4444     1.2540 1.0000e-12       6332     4.3965  0.000e+00
     74.898   71.49902 -157.67372     75.685    -1.6513    -1.6499    -1.6527    32.8749    32.8851  1026.8151    26.4497    261.481    248.496  369.63986     70.739     67.234     0.0794     0.1282     3.4493     1.2483 1.0000e-12       6333     4.3972  0.000e+00
     74.975   71.49902 -157.67372     75.763    -1.6514    -1.6499    -1.6528    32.8745    32.8848  1026.8152    26.4494    261.466    248.461  369.64230     70.735     67.225     0.0794     0.1282     3.4518     1.2455 1.0000e-12       6334     4.3979  0.000e+00
     74.975   71.49902 -157.67372     75.763    -1.6513    -1.6498    -1.6527    32.8746    32.8847  1026.8153    26.4495    261.492    248.652  369.64076     70.742     67.277     0.0781     0.1209     3.4518     1.2455 8.4714e-06       6335     4.3986  0.000e+00
     75.014   71.49902 -157.67372     75.802    -1.6514    -1.6503    -1.6528    32.8753    32.8850  1026.8160    26.4501    261.464    248.647  369.63984     70.735     67.275     0.0794     0.1282     3.4518     1.2455 8.4714e-06       6336     4.3993  0.000e+00
     74.975   71.49902 -157.67372     75.763    -1.6511    -1.6499    -1.6525    32.8752    32.8845  1026.8157    26.4500    261.424    248.400  369.63731     70.725     67.208     0.0781     0.1209     3.4518     1.2455 8.4714e-06       6337     4.4000  0.000e+00
     75.014   71.49902 -157.67372     75.802    -1.6514    -1.6500    -1.6528    32.8753    32.8846  1026.8160    26.4500    260.916    248.390  369.63997     70.587     67.205     0.0794     0.1282     3.4518     1.2455 8.4714e-06       6338     4.4007  0.000e+00
     75.029   71.49902 -157.67372     75.817    -1.6513    -1.6500    -1.6527    32.8748    32.8851  1026.8157    26.4497    261.871    248.608  369.64010     70.845     67.265     0.0806     0.1355     3.4518     1.2455 8.4714e-06       6339     4.4014  0.000e+00
