EcoFOCI/data/1_SampleCollection/2023_SikuliaqDBO_CruiseData/CTD_raw_BottleFile_SKQ23-12S/proc/skq202312s_032svpavg.cnv
* Sea-Bird SBE 9 Data File:
* FileName = D:\CTD\SKQ202312S\SKQ202312S_032.hex
* Software Version Seasave V 7.26.7.121
* Temperature SN = 6177
* Conductivity SN = 0369
* Number of Bytes Per Scan = 41
* Number of Voltage Words = 4
* Number of Scans Averaged by the Deck Unit = 1
* NMEA Latitude = 71 32.18 N
* NMEA Longitude = 157 45.08 W
* NMEA UTC (Time) = Sep 21 2023  12:37:07
* NMEA baud rate = 4800
** Ship: R/V Sikuliaq
** Station Number: 032
** Station Name: DBO5.8
** Bottom Depth: 72
** Operator: SD
# nquan = 7
# nvalues = 64                          
# units = specified
# name 0 = depSM: Depth [salt water, m]
# name 1 = latitude: Latitude [deg]
# name 2 = longitude: Longitude [deg]
# name 3 = t090C: Temperature [ITS-90, deg C]
# name 4 = sal00: Salinity, Practical [PSU]
# name 5 = svCM: Sound Velocity [Chen-Millero, m/s]
# name 6 = flag: flag
# span 0 =      3.000,     66.000       
# span 1 =   71.53636,   71.53644       
# span 2 = -157.75159, -157.75112       
# span 3 =    -1.6086,     2.3658       
# span 4 =    29.6889,    32.9339       
# span 5 =    1439.14,    1453.01       
# span 6 = 0.0000e+00, 0.0000e+00       
# interval = meters: 1                  
# start_time = Sep 21 2023 12:41:52 [NMEA time, first data scan]
# bad_flag = -9.990e-29
*END*
      3.000   71.53641 -157.75122     2.3499    29.6928    1452.73 0.0000e+00
      4.000   71.53644 -157.75116     2.3571    29.6889    1452.77 0.0000e+00
      5.000   71.53644 -157.75116     2.3608    29.6906    1452.81 0.0000e+00
      6.000   71.53644 -157.75112     2.3602    29.6933    1452.83 0.0000e+00
      7.000   71.53644 -157.75112     2.3627    29.6960    1452.86 0.0000e+00
      8.000   71.53643 -157.75113     2.3658    29.7071    1452.90 0.0000e+00
      9.000   71.53642 -157.75116     2.3611    29.7919    1453.01 0.0000e+00
     10.000   71.53642 -157.75119     1.4024    31.0334    1450.39 0.0000e+00
     11.000   71.53642 -157.75122    -0.0497    31.6468    1444.61 0.0000e+00
     12.000   71.53642 -157.75124    -0.2573    31.7580    1443.80 0.0000e+00
     13.000   71.53642 -157.75124    -0.7209    31.9692    1441.93 0.0000e+00
     14.000   71.53642 -157.75125    -0.8945    32.0308    1441.21 0.0000e+00
     15.000   71.53642 -157.75126    -0.9196    32.0637    1441.15 0.0000e+00
     16.000   71.53643 -157.75126    -0.9484    32.0889    1441.07 0.0000e+00
     17.000   71.53644 -157.75127    -0.9522    32.0870    1441.06 0.0000e+00
     18.000   71.53642 -157.75128    -1.1003    32.1472    1440.46 0.0000e+00
     19.000   71.53644 -157.75128    -1.0725    32.1995    1440.68 0.0000e+00
     20.000   71.53644 -157.75127    -1.1541    32.2264    1440.34 0.0000e+00
     21.000   71.53643 -157.75128    -1.1847    32.2453    1440.24 0.0000e+00
     22.000   71.53644 -157.75128    -1.2092    32.2791    1440.19 0.0000e+00
     23.000   71.53644 -157.75128    -1.2211    32.2885    1440.16 0.0000e+00
     24.000   71.53642 -157.75128    -1.2539    32.3100    1440.05 0.0000e+00
     25.000   71.53642 -157.75128    -1.3095    32.3357    1439.83 0.0000e+00
     26.000   71.53643 -157.75127    -1.3137    32.3383    1439.83 0.0000e+00
     27.000   71.53643 -157.75127    -1.3367    32.3567    1439.76 0.0000e+00
     28.000   71.53642 -157.75128    -1.4136    32.3850    1439.45 0.0000e+00
     29.000   71.53642 -157.75128    -1.4686    32.4047    1439.23 0.0000e+00
     30.000   71.53642 -157.75127    -1.4989    32.4348    1439.14 0.0000e+00
     31.000   71.53642 -157.75126    -1.5036    32.4515    1439.16 0.0000e+00
     32.000   71.53642 -157.75126    -1.5078    32.4674    1439.18 0.0000e+00
     33.000   71.53642 -157.75128    -1.5050    32.4905    1439.24 0.0000e+00
     34.000   71.53642 -157.75127    -1.4983    32.5043    1439.31 0.0000e+00
     35.000   71.53642 -157.75127    -1.5128    32.5213    1439.28 0.0000e+00
     36.000   71.53642 -157.75127    -1.5138    32.5312    1439.30 0.0000e+00
     37.000   71.53642 -157.75128    -1.5138    32.5418    1439.33 0.0000e+00
     38.000   71.53642 -157.75128    -1.5176    32.5634    1439.36 0.0000e+00
     39.000   71.53642 -157.75128    -1.5280    32.5812    1439.35 0.0000e+00
     40.000   71.53642 -157.75128    -1.5284    32.5924    1439.38 0.0000e+00
     41.000   71.53642 -157.75128    -1.5350    32.6252    1439.41 0.0000e+00
     42.000   71.53642 -157.75128    -1.5379    32.6396    1439.43 0.0000e+00
     43.000   71.53642 -157.75128    -1.5390    32.6625    1439.47 0.0000e+00
     44.000   71.53642 -157.75128    -1.5397    32.6830    1439.51 0.0000e+00
     45.000   71.53642 -157.75128    -1.5483    32.6927    1439.50 0.0000e+00
     46.000   71.53642 -157.75128    -1.5643    32.7034    1439.46 0.0000e+00
     47.000   71.53642 -157.75129    -1.5970    32.7224    1439.34 0.0000e+00
     48.000   71.53642 -157.75130    -1.6086    32.7406    1439.32 0.0000e+00
     49.000   71.53642 -157.75130    -1.6044    32.7543    1439.38 0.0000e+00
     50.000   71.53642 -157.75130    -1.5955    32.7671    1439.46 0.0000e+00
     51.000   71.53642 -157.75130    -1.5756    32.7745    1439.58 0.0000e+00
     52.000   71.53642 -157.75130    -1.5791    32.7978    1439.61 0.0000e+00
     53.000   71.53642 -157.75130    -1.5721    32.8130    1439.68 0.0000e+00
     54.000   71.53642 -157.75130    -1.5735    32.8146    1439.69 0.0000e+00
     55.000   71.53642 -157.75131    -1.5750    32.8045    1439.69 0.0000e+00
     56.000   71.53642 -157.75132    -1.5746    32.8143    1439.72 0.0000e+00
     57.000   71.53642 -157.75132    -1.5760    32.8189    1439.74 0.0000e+00
     58.000   71.53642 -157.75132    -1.5740    32.8154    1439.76 0.0000e+00
     59.000   71.53642 -157.75132    -1.5755    32.8573    1439.82 0.0000e+00
     60.000   71.53642 -157.75132    -1.5731    32.8637    1439.86 0.0000e+00
     61.000   71.53642 -157.75132    -1.5696    32.8722    1439.90 0.0000e+00
     62.000   71.53640 -157.75139    -1.5603    32.9008    1440.00 0.0000e+00
     63.000   71.53636 -157.75159    -1.5609    32.9081    1440.03 0.0000e+00
     64.000   71.53638 -157.75158    -1.5645    32.8901    1440.00 0.0000e+00
     65.000   71.53638 -157.75154    -1.5585    32.9143    1440.08 0.0000e+00
     66.000   71.53638 -157.75150    -1.5540    32.9339    1440.15 0.0000e+00
