EcoFOCI/data/1_SampleCollection/2023_SikuliaqDBO_CruiseData/CTD_raw_BottleFile_SKQ23-12S/proc/skq202312s_010.cnv
* Sea-Bird SBE 9 Data File:
* FileName = D:\CTD\SKQ202312S\SKQ202312S_010.hex
* Software Version Seasave V 7.26.7.121
* Temperature SN = 6177
* Conductivity SN = 0369
* Number of Bytes Per Scan = 41
* Number of Voltage Words = 4
* Number of Scans Averaged by the Deck Unit = 1
* NMEA Latitude = 63 16.77 N
* NMEA Longitude = 173 16.77 W
* NMEA UTC (Time) = Sep 16 2023  15:37:33
* NMEA baud rate = 4800
** Ship: R/V Sikuliaq
** Station Number: 010
** Station Name: DBO1.9
** Bottom Depth: 70
** Operator: SD
# nquan = 24
# nvalues = 5816                                  
# units = specified
# name 0 = depSM: Depth [salt water, m]
# name 1 = latitude: Latitude [deg]
# name 2 = longitude: Longitude [deg]
# name 3 = prDM: Pressure, Digiquartz [db]
# name 4 = t090C: Temperature [ITS-90, deg C]
# name 5 = t190C: Temperature, 2 [ITS-90, deg C]
# name 6 = potemp090C: Potential Temperature [ITS-90, deg C]
# name 7 = sal00: Salinity, Practical [PSU]
# name 8 = sal11: Salinity, Practical, 2 [PSU]
# name 9 = density00: Density [density, kg/m^3]
# name 10 = sigma-é00: Density [sigma-theta, kg/m^3]
# name 11 = sbox0Mm/Kg: Oxygen, SBE 43 [umol/kg]
# name 12 = sbox1Mm/Kg: Oxygen, SBE 43, 2 [umol/kg]
# name 13 = oxsolMm/Kg: Oxygen Saturation, Garcia & Gordon [umol/kg]
# name 14 = sbeox0PS: Oxygen, SBE 43 [% saturation]
# name 15 = sbeox1PS: Oxygen, SBE 43, 2 [% saturation]
# name 16 = v0: Voltage 0
# name 17 = flECO-AFL: Fluorescence, WET Labs ECO-AFL/FL [mg/m^3]
# name 18 = v1: Voltage 1
# name 19 = CStarAt0: Beam Attenuation, WET Labs C-Star [1/m]
# name 20 = par: PAR/Irradiance, Biospherical/Licor
# name 21 = scan: Scan Count
# name 22 = timeM: Time, Elapsed [minutes]
# name 23 = flag:  0.000e+00
# span 0 =      2.299,     64.361                 
# span 1 =   63.27950,   63.27952                 
# span 2 = -173.27952, -173.27950                 
# span 3 =      2.321,     65.000                 
# span 4 =    -1.4908,     7.4874                 
# span 5 =    -1.4897,     7.4875                 
# span 6 =    -1.4916,     7.4864                 
# span 7 =    31.3838,    32.1305                 
# span 8 =    31.3946,    32.1415                 
# span 9 =  1024.5191,  1026.1510                 
# span 10 =    24.5080,    25.8384                
# span 11 =    245.313,    439.527                
# span 12 =    233.348,    411.495                
# span 13 =  298.00874,  370.53946                
# span 14 =     66.478,    123.118                
# span 15 =     63.242,    114.736                
# span 16 =     0.0806,     0.2735                
# span 17 =     0.1355,     1.2930                
# span 18 =     2.9194,     4.2112                
# span 19 =     0.4498,     1.9158                
# span 20 = 1.0000e-12, 8.6111e-01                
# span 21 =          1,       5816                
# span 22 =     0.0000,     4.0382                
# span 23 = 0.0000e+00, 0.0000e+00                
# interval = seconds: 0.0416667
# start_time = Sep 16 2023 15:40:12 [NMEA time, first data scan]
# bad_flag = -9.990e-29
*END*
[from data line 2114]
     14.692   63.27952 -173.27950     14.836     7.4837     7.4842     7.4824    31.3874    31.3975  1024.5779    24.5099    289.806    276.571  298.03410     97.239     92.806     0.1648     0.6410     4.0037     0.6520 1.0000e-12       2115     1.4681  0.000e+00
     14.692   63.27952 -173.27950     14.836     7.4835     7.4843     7.4822    31.3875    31.3971  1024.5780    24.5099    289.802    276.532  298.03530     97.237     92.793     0.1636     0.6337     4.0037     0.6520 1.0000e-12       2116     1.4688  0.000e+00
     14.661   63.27952 -173.27950     14.805     7.4835     7.4845     7.4822    31.3872    31.3968  1024.5777    24.5097    289.606    276.511  298.03583     97.172     92.786     0.1648     0.6410     4.0037     0.6520 1.0000e-12       2117     1.4694  0.000e+00
     14.808   63.27952 -173.27950     14.953     7.4837     7.4843     7.4823    31.3871    31.3974  1024.5783    24.5096    289.579    276.498  298.03469     97.163     92.782     0.1636     0.6337     4.0037     0.6520 1.0000e-12       2118     1.4701  0.000e+00
     14.754   63.27952 -173.27950     14.898     7.4837     7.4845     7.4823    31.3872    31.3970  1024.5781    24.5097    289.545    276.480  298.03448     97.152     92.776     0.1648     0.6410     4.0024     0.6532 1.0000e-12       2119     1.4708  0.000e+00
     14.777   63.27952 -173.27950     14.922     7.4837     7.4843     7.4823    31.3872    31.3970  1024.5782    24.5097    289.514    276.468  298.03450     97.141     92.772     0.1636     0.6337     4.0012     0.6544 1.0000e-12       2120     1.4715  0.000e+00
     14.808   63.27952 -173.27950     14.953     7.4838     7.4843     7.4825    31.3874    31.3973  1024.5784    24.5098    289.509    276.457  298.03317     97.140     92.768     0.1648     0.6410     4.0012     0.6544 1.0000e-12       2121     1.4722  0.000e+00
     14.808   63.27952 -173.27950     14.953     7.4837     7.4845     7.4823    31.3875    31.3968  1024.5786    24.5099    289.668    276.448  298.03389     97.193     92.765     0.1636     0.6337     4.0012     0.6544 1.0000e-12       2122     1.4729  0.000e+00
     14.808   63.27952 -173.27950     14.953     7.4835     7.4842     7.4821    31.3878    31.3973  1024.5788    24.5102    289.500    276.441  298.03452     97.136     92.763     0.1648     0.6410     4.0012     0.6544 1.0000e-12       2123     1.4736  0.000e+00
     14.831   63.27952 -173.27950     14.976     7.4835     7.4842     7.4821    31.3883    31.3973  1024.5793    24.5106    289.496    276.266  298.03350     97.135     92.704     0.1636     0.6337     4.0012     0.6544 1.0000e-12       2124     1.4743  0.000e+00
     14.869   63.27952 -173.27950     15.015     7.4835     7.4843     7.4821    31.3882    31.3973  1024.5794    24.5105    289.494    276.247  298.03370     97.135     92.698     0.1648     0.6410     4.0012     0.6544 1.0000e-12       2125     1.4750  0.000e+00
     14.923   63.27952 -173.27950     15.070     7.4835     7.4842     7.4821    31.3881    31.3974  1024.5796    24.5105    289.656    276.234  298.03383     97.189     92.693     0.1636     0.6337     4.0012     0.6544 1.0000e-12       2126     1.4757  0.000e+00
     14.869   63.27952 -173.27950     15.015     7.4835     7.4843     7.4821    31.3883    31.3973  1024.5795    24.5106    289.488    276.217  298.03354     97.133     92.688     0.1648     0.6410     4.0012     0.6544 1.0000e-12       2127     1.4764  0.000e+00
     14.892   63.27952 -173.27950     15.038     7.4837     7.4845     7.4823    31.3880    31.3974  1024.5794    24.5103    289.485    276.206  298.03276     97.132     92.684     0.1636     0.6337     4.0012     0.6544 1.0000e-12       2128     1.4771  0.000e+00
     14.977   63.27952 -173.27950     15.124     7.4840     7.4846     7.4826    31.3878    31.3973  1024.5796    24.5102    289.486    276.200  298.03108     97.133     92.683     0.1636     0.6337     4.0012     0.6544 1.0000e-12       2129     1.4778  0.000e+00
     14.923   63.27952 -173.27950     15.069     7.4841     7.4846     7.4828    31.3882    31.3973  1024.5796    24.5104    289.482    276.363  298.02926     97.132     92.737     0.1636     0.6337     4.0012     0.6544 1.0000e-12       2130     1.4785  0.000e+00
     14.977   63.27952 -173.27950     15.124     7.4843     7.4845     7.4830    31.3875    31.3972  1024.5793    24.5099    289.485    276.379  298.02940     97.133     92.742     0.1636     0.6337     4.0012     0.6544 1.0000e-12       2131     1.4792  0.000e+00
     14.946   63.27952 -173.27950     15.093     7.4843     7.4846     7.4830    31.3878    31.3972  1024.5793    24.5101    289.485    276.222  298.02889     97.133     92.690     0.1636     0.6337     4.0012     0.6544 1.0000e-12       2132     1.4799  0.000e+00
     15.039   63.27952 -173.27950     15.186     7.4841     7.4845     7.4828    31.3876    31.3974  1024.5797    24.5100    289.494    276.397  298.03058     97.136     92.749     0.1636     0.6337     4.0012     0.6544 1.0000e-12       2133     1.4806  0.000e+00
     15.039   63.27952 -173.27950     15.186     7.4840     7.4845     7.4826    31.3882    31.3976  1024.5801    24.5104    289.498    276.417  298.03042     97.137     92.755     0.1648     0.6410     4.0012     0.6544 8.4714e-06       2134     1.4813  0.000e+00
     15.008   63.27952 -173.27950     15.155     7.4841     7.4842     7.4828    31.3881    31.3976  1024.5799    24.5104    289.501    276.252  298.02950     97.138     92.699     0.1636     0.6337     4.0012     0.6544 1.0000e-12       2135     1.4819  0.000e+00
     15.039   63.27952 -173.27950     15.186     7.4841     7.4842     7.4828    31.3878    31.3980  1024.5798    24.5101    289.509    276.430  298.03010     97.141     92.760     0.1648     0.6410     4.0012     0.6544 1.0000e-12       2136     1.4826  0.000e+00
     15.093   63.27952 -173.27950     15.241     7.4840     7.4840     7.4826    31.3881    31.3978  1024.5803    24.5104    289.493    276.289  298.03055     97.135     92.712     0.1636     0.6337     4.0012     0.6544 1.0000e-12       2137     1.4833  0.000e+00
     15.093   63.27952 -173.27950     15.241     7.4838     7.4842     7.4825    31.3876    31.3980  1024.5800    24.5100    289.502    276.300  298.03256     97.138     92.716     0.1648     0.6410     4.0012     0.6544 1.0000e-12       2138     1.4840  0.000e+00
     15.062   63.27952 -173.27950     15.209     7.4835     7.4843     7.4821    31.3876    31.3979  1024.5798    24.5100    289.459    276.313  298.03510     97.123     92.720     0.1636     0.6337     4.0012     0.6544 1.0000e-12       2139     1.4847  0.000e+00
     15.154   63.27952 -173.27950     15.303     7.4830     7.4842     7.4817    31.3877    31.3979  1024.5804    24.5102    289.473    276.335  298.03791     97.126     92.728     0.1648     0.6410     4.0012     0.6544 1.0000e-12       2140     1.4854  0.000e+00
     15.154   63.27952 -173.27950     15.303     7.4829     7.4842     7.4815    31.3877    31.3976  1024.5804    24.5102    289.456    276.339  298.03896     97.120     92.729     0.1636     0.6337     4.0024     0.6532 1.0000e-12       2141     1.4861  0.000e+00
     15.154   63.27952 -173.27950     15.303     7.4829     7.4840     7.4815    31.3875    31.3976  1024.5803    24.5101    289.439    276.346  298.03928     97.114     92.731     0.1648     0.6410     4.0024     0.6532 1.0000e-12       2142     1.4868  0.000e+00
     15.177   63.27952 -173.27950     15.326     7.4827     7.4840     7.4813    31.3874    31.3977  1024.5803    24.5100    289.450    276.354  298.04083     97.117     92.733     0.1636     0.6337     4.0024     0.6532 1.0000e-12       2143     1.4875  0.000e+00
     15.154   63.27952 -173.27950     15.303     7.4830     7.4839     7.4817    31.3877    31.3980  1024.5804    24.5102    289.482    276.363  298.03791     97.129     92.736     0.1648     0.6410     4.0024     0.6532 1.0000e-12       2144     1.4882  0.000e+00
     15.270   63.27952 -173.27950     15.420     7.4827     7.4837     7.4813    31.3877    31.3980  1024.5810    24.5102    289.312    276.380  298.04019     97.071     92.742     0.1636     0.6337     4.0024     0.6532 1.0000e-12       2145     1.4889  0.000e+00
     15.154   63.27952 -173.27950     15.303     7.4829     7.4837     7.4815    31.3872    31.3976  1024.5801    24.5099    289.484    276.390  298.03984     97.129     92.745     0.1648     0.6410     4.0024     0.6532 1.0000e-12       2146     1.4896  0.000e+00
     15.293   63.27952 -173.27950     15.443     7.4827     7.4839     7.4813    31.3877    31.3973  1024.5811    24.5102    289.504    276.428  298.04030     97.136     92.757     0.1636     0.6337     4.0024     0.6532 1.0000e-12       2147     1.4903  0.000e+00
     15.270   63.27952 -173.27950     15.420     7.4829     7.4837     7.4815    31.3879    31.3977  1024.5811    24.5103    289.491    276.446  298.03851     97.132     92.763     0.1636     0.6337     4.0024     0.6532 1.0000e-12       2148     1.4910  0.000e+00
     15.270   63.27952 -173.27950     15.420     7.4829     7.4834     7.4815    31.3880    31.3980  1024.5812    24.5104    289.480    276.639  298.03826     97.129     92.828     0.1636     0.6337     4.0024     0.6532 1.0000e-12       2149     1.4917  0.000e+00
     15.293   63.27952 -173.27950     15.443     7.4829     7.4831     7.4815    31.3877    31.3981  1024.5811    24.5102    289.471    276.509  298.03877     97.125     92.784     0.1636     0.6337     4.0024     0.6532 1.0000e-12       2150     1.4924  0.000e+00
     15.324   63.27952 -173.27950     15.474     7.4827     7.4826     7.4813    31.3881    31.3984  1024.5815    24.5105    289.489    276.520  298.03944     97.131     92.786     0.1636     0.6337     4.0024     0.6532 1.0000e-12       2151     1.4931  0.000e+00
     15.378   63.27952 -173.27950     15.529     7.4820     7.4823     7.4806    31.3885    31.3986  1024.5822    24.5109    289.485    276.531  298.04293     97.129     92.790     0.1636     0.6337     4.0024     0.6532 1.0000e-12       2152     1.4937  0.000e+00
     15.324   63.27952 -173.27950     15.474     7.4819     7.4826     7.4805    31.3888    31.3982  1024.5822    24.5112    289.474    276.367  298.04328     97.125     92.735     0.1648     0.6410     4.0024     0.6532 1.0000e-12       2153     1.4944  0.000e+00
     15.347   63.27952 -173.27950     15.497     7.4816     7.4823     7.4802    31.3892    31.3986  1024.5827    24.5116    289.493    276.535  298.04434     97.131     92.791     0.1648     0.6410     4.0024     0.6532 1.0000e-12       2154     1.4951  0.000e+00
     15.378   63.27952 -173.27950     15.528     7.4817     7.4821     7.4803    31.3892    31.3988  1024.5828    24.5115    289.511    276.550  298.04341     97.137     92.796     0.1661     0.6483     4.0024     0.6532 1.0000e-12       2155     1.4958  0.000e+00
     15.439   63.27952 -173.27950     15.591     7.4817     7.4823     7.4803    31.3890    31.3983  1024.5829    24.5114    289.506    276.396  298.04387     97.136     92.744     0.1661     0.6483     4.0024     0.6532 1.0000e-12       2156     1.4965  0.000e+00
     15.408   63.27952 -173.27950     15.560     7.4817     7.4823     7.4803    31.3885    31.3983  1024.5824    24.5110    289.499    276.395  298.04489     97.133     92.744     0.1661     0.6483     4.0024     0.6532 1.0000e-12       2157     1.4972  0.000e+00
     15.439   63.27952 -173.27950     15.591     7.4816     7.4824     7.4802    31.3885    31.3984  1024.5826    24.5110    289.520    276.397  298.04588     97.139     92.745     0.1648     0.6410     4.0024     0.6532 1.0000e-12       2158     1.4979  0.000e+00
     15.493   63.27952 -173.27950     15.645     7.4814     7.4821     7.4800    31.3891    31.3983  1024.5833    24.5115    289.542    276.576  298.04601     97.147     92.804     0.1661     0.6483     4.0024     0.6532 1.0000e-12       2159     1.4986  0.000e+00
     15.493   63.27952 -173.27950     15.645     7.4814     7.4819     7.4800    31.3896    31.3985  1024.5837    24.5119    289.536    276.598  298.04480     97.145     92.811     0.1648     0.6410     4.0037     0.6520 1.0000e-12       2160     1.4993  0.000e+00
     15.462   63.27952 -173.27950     15.614     7.4812     7.4814     7.4798    31.3892    31.3990  1024.5833    24.5116    289.558    276.623  298.04670     97.152     92.819     0.1661     0.6483     4.0049     0.6508 1.0000e-12       2161     1.5000  0.000e+00
     15.555   63.27952 -173.27950     15.707     7.4802     7.4810     7.4787    31.3892    31.3992  1024.5838    24.5117    289.565    276.654  298.05425     97.152     92.828     0.1648     0.6410     4.0049     0.6508 1.0000e-12       2162     1.5007  0.000e+00
     15.493   63.27952 -173.27950     15.645     7.4798     7.4810     7.4784    31.3895    31.3993  1024.5838    24.5120    289.587    276.660  298.05595     97.159     92.831     0.1661     0.6483     4.0049     0.6508 1.0000e-12       2163     1.5014  0.000e+00
     15.609   63.27952 -173.27950     15.762     7.4798     7.4810     7.4784    31.3897    31.3994  1024.5846    24.5122    289.614    276.503  298.05541     97.168     92.778     0.1648     0.6410     4.0049     0.6508 1.0000e-12       2164     1.5021  0.000e+00
     15.516   63.27952 -173.27950     15.668     7.4804     7.4814     7.4790    31.3898    31.3995  1024.5841    24.5122    289.630    276.491  298.05075     97.175     92.775     0.1661     0.6483     4.0049     0.6508 1.0000e-12       2165     1.5028  0.000e+00
     15.609   63.27952 -173.27950     15.762     7.4804     7.4818     7.4790    31.3894    31.3991  1024.5842    24.5119    289.633    276.659  298.05173     97.175     92.832     0.1648     0.6410     4.0049     0.6508 1.0000e-12       2166     1.5035  0.000e+00
     15.670   63.27952 -173.27950     15.824     7.4802     7.4823     7.4787    31.3888    31.3990  1024.5841    24.5114    289.638    276.501  298.05509     97.176     92.780     0.1661     0.6483     4.0049     0.6508 1.0000e-12       2167     1.5042  0.000e+00
     15.578   63.27952 -173.27950     15.731     7.4769     7.4823     7.4755    31.3888    31.3992  1024.5841    24.5119    289.845    276.495  298.07697     97.238     92.778     0.1648     0.6410     4.0049     0.6508 8.4714e-06       2168     1.5049  0.000e+00
     15.670   63.27952 -173.27950     15.824     7.4728     7.4826     7.4714    31.3902    31.3991  1024.5862    24.5136    289.710    276.496  298.10175     97.185     92.779     0.1648     0.6410     4.0049     0.6508 1.0000e-12       2169     1.5056  0.000e+00
     15.670   63.27952 -173.27950     15.824     7.4729     7.4824     7.4714    31.3905    31.3993  1024.5864    24.5138    289.707    276.667  298.10071     97.184     92.836     0.1636     0.6337     4.0049     0.6508 1.0000e-12       2170     1.5063  0.000e+00
     15.724   63.27952 -173.27950     15.879     7.4737     7.4823     7.4723    31.3910    31.3994  1024.5870    24.5141    289.726    276.688  298.09385     97.193     92.843     0.1648     0.6410     4.0049     0.6508 1.0000e-12       2171     1.5069  0.000e+00
     15.693   63.27952 -173.27950     15.847     7.4733     7.4819     7.4719    31.3913    31.3995  1024.5871    24.5144    289.726    276.707  298.09590     97.192     92.849     0.1661     0.6483     4.0049     0.6508 8.4714e-06       2172     1.5076  0.000e+00
     15.724   63.27952 -173.27950     15.879     7.4747     7.4808     7.4732    31.3910    31.3997  1024.5868    24.5139    289.717    276.718  298.08752     97.192     92.850     0.1648     0.6410     4.0049     0.6508 1.0000e-12       2173     1.5083  0.000e+00
