EcoFOCI/data/1_SampleCollection/2023_SikuliaqDBO_CruiseData/CTD_raw_BottleFile_SKQ23-12S/proc/skq202312s_002.cnv
* Sea-Bird SBE 9 Data File:
* FileName = D:\CTD\SKQ202312S\SKQ202312S_002.hex
* Software Version Seasave V 7.26.7.121
* Temperature SN = 6177
* Conductivity SN = 0369
* Number of Bytes Per Scan = 41
* Number of Voltage Words = 4
* Number of Scans Averaged by the Deck Unit = 1
* NMEA Latitude = 62 00.59 N
* NMEA Longitude = 175 03.64 W
* NMEA UTC (Time) = Sep 15 2023  05:21:43
* NMEA baud rate = 4800
** Ship: R/V Sikuliaq
** Station Number: 002
** Station Name: DBO1.1
** Bottom Depth: 78
** Operator: SD
# nquan = 24
# nvalues = 7179                                  
# units = specified
# name 0 = depSM: Depth [salt water, m]
# name 1 = latitude: Latitude [deg]
# name 2 = longitude: Longitude [deg]
# name 3 = prDM: Pressure, Digiquartz [db]
# name 4 = t090C: Temperature [ITS-90, deg C]
# name 5 = t190C: Temperature, 2 [ITS-90, deg C]
# name 6 = potemp090C: Potential Temperature [ITS-90, deg C]
# name 7 = sal00: Salinity, Practical [PSU]
# name 8 = sal11: Salinity, Practical, 2 [PSU]
# name 9 = density00: Density [density, kg/m^3]
# name 10 = sigma-é00: Density [sigma-theta, kg/m^3]
# name 11 = sbox0Mm/Kg: Oxygen, SBE 43 [umol/kg]
# name 12 = sbox1Mm/Kg: Oxygen, SBE 43, 2 [umol/kg]
# name 13 = oxsolMm/Kg: Oxygen Saturation, Garcia & Gordon [umol/kg]
# name 14 = sbeox0PS: Oxygen, SBE 43 [% saturation]
# name 15 = sbeox1PS: Oxygen, SBE 43, 2 [% saturation]
# name 16 = v0: Voltage 0
# name 17 = flECO-AFL: Fluorescence, WET Labs ECO-AFL/FL [mg/m^3]
# name 18 = v1: Voltage 1
# name 19 = CStarAt0: Beam Attenuation, WET Labs C-Star [1/m]
# name 20 = par: PAR/Irradiance, Biospherical/Licor
# name 21 = scan: Scan Count
# name 22 = timeM: Time, Elapsed [minutes]
# name 23 = flag:  0.000e+00
# span 0 =      1.934,     73.792                 
# span 1 =   62.00978,   62.00980                 
# span 2 = -175.06128, -175.06102                 
# span 3 =      1.952,     74.520                 
# span 4 =    -1.4431,     7.4774                 
# span 5 =    -1.4419,     7.4776                 
# span 6 =    -1.4440,     7.4772                 
# span 7 =    30.6601,    31.9548                 
# span 8 =    30.6754,    31.9646                 
# span 9 =  1023.9560,  1026.0363                 
# span 10 =    23.9463,    25.6780                
# span 11 =    249.460,    418.798                
# span 12 =    238.403,    402.059                
# span 13 =  299.64625,  370.98583                
# span 14 =     68.592,    113.447                
# span 15 =     65.562,    108.873                
# span 16 =     0.0427,     1.0147                
# span 17 =    -0.0916,     5.7399                
# span 18 =     3.3626,     4.2222                
# span 19 =     0.4393,     1.3502                
# span 20 = 1.0000e-12, 3.0131e+01                
# span 21 =          1,       7179                
# span 22 =     0.0000,     4.9847                
# span 23 = 0.0000e+00, 0.0000e+00                
# interval = seconds: 0.0416667
# start_time = Sep 15 2023 05:25:57 [NMEA time, first data scan]
# bad_flag = -9.990e-29
*END*
[from data line 1389]
      7.136   62.00980 -175.06102      7.206     7.4407     7.4384     7.4401    30.6710    30.6806  1023.9858    23.9527    292.107    280.959  299.89378     97.403     93.688     0.1832     0.7509     4.0525     0.6035 9.8452e+00       1390     0.9646  0.000e+00
      7.136   62.00980 -175.06102      7.206     7.4429     7.4371     7.4422    30.6691    30.6817  1023.9841    23.9509    292.078    280.930  299.88326     97.397     93.676     0.1832     0.7509     4.0525     0.6035 9.8452e+00       1391     0.9653  0.000e+00
      7.136   62.00980 -175.06102      7.206     7.4439     7.4374     7.4433    30.6683    30.6816  1023.9833    23.9502    292.055    280.876  299.87780     97.391     93.659     0.1819     0.7436     4.0525     0.6035 9.8452e+00       1392     0.9660  0.000e+00
      7.136   62.00980 -175.06102      7.206     7.4444     7.4381     7.4438    30.6682    30.6816  1023.9831    23.9500    292.061    280.836  299.87463     97.395     93.647     0.1807     0.7362     4.0525     0.6035 9.8452e+00       1393     0.9667  0.000e+00
      7.190   62.00980 -175.06102      7.260     7.4445     7.4390     7.4438    30.6684    30.6811  1023.9835    23.9501    292.047    280.626  299.87396     97.390     93.579     0.1819     0.7436     4.0525     0.6035 9.8452e+00       1394     0.9674  0.000e+00
      7.136   62.00980 -175.06102      7.206     7.4438     7.4397     7.4431    30.6688    30.6811  1023.9837    23.9506    292.033    280.588  299.87765     97.384     93.567     0.1807     0.7362     4.0525     0.6035 9.8452e+00       1395     0.9681  0.000e+00
      7.136   62.00980 -175.06102      7.206     7.4430     7.4398     7.4424    30.6693    30.6809  1023.9842    23.9510    292.022    280.557  299.88189     97.379     93.557     0.1807     0.7362     4.0525     0.6035 9.8733e+00       1396     0.9688  0.000e+00
      7.221   62.00980 -175.06102      7.291     7.4422     7.4402     7.4415    30.6697    30.6804  1023.9850    23.9515    292.041    280.530  299.88677     97.384     93.548     0.1807     0.7362     4.0525     0.6035 9.8733e+00       1397     0.9694  0.000e+00
      7.136   62.00980 -175.06102      7.206     7.4417     7.4398     7.4411    30.6693    30.6806  1023.9844    23.9513    292.053    280.503  299.89066     97.387     93.539     0.1807     0.7362     4.0525     0.6035 9.9014e+00       1398     0.9701  0.000e+00
      7.190   62.00980 -175.06102      7.260     7.4412     7.4398     7.4405    30.6699    30.6801  1023.9851    23.9518    292.045    280.482  299.89316     97.383     93.531     0.1807     0.7362     4.0525     0.6035 9.9014e+00       1399     0.9708  0.000e+00
      7.190   62.00980 -175.06102      7.260     7.4414     7.4395     7.4407    30.6694    30.6806  1023.9847    23.9514    292.030    280.289  299.89282     97.378     93.467     0.1807     0.7362     4.0537     0.6023 9.9014e+00       1400     0.9715  0.000e+00
      7.190   62.00980 -175.06102      7.260     7.4415     7.4390     7.4409    30.6692    30.6809  1023.9845    23.9512    292.069    280.256  299.89233     97.391     93.455     0.1819     0.7436     4.0525     0.6035 9.9014e+00       1401     0.9722  0.000e+00
      7.252   62.00980 -175.06102      7.322     7.4412     7.4387     7.4406    30.6690    30.6808  1023.9848    23.9511    292.062    280.228  299.89466     97.388     93.445     0.1807     0.7362     4.0525     0.6035 9.8733e+00       1402     0.9729  0.000e+00
      7.190   62.00980 -175.06102      7.260     7.4407     7.4384     7.4401    30.6693    30.6811  1023.9848    23.9514    292.051    280.197  299.89745     97.384     93.434     0.1819     0.7436     4.0525     0.6035 9.8733e+00       1403     0.9736  0.000e+00
      7.190   62.00980 -175.06102      7.260     7.4398     7.4383     7.4391    30.6699    30.6808  1023.9854    23.9520    292.045    280.171  299.90258     97.380     93.425     0.1807     0.7362     4.0525     0.6035 9.8733e+00       1404     0.9743  0.000e+00
      7.252   62.00980 -175.06102      7.322     7.4396     7.4378     7.4389    30.6696    30.6810  1023.9854    23.9518    292.038    280.151  299.90466     97.377     93.417     0.1819     0.7436     4.0525     0.6035 9.8733e+00       1405     0.9750  0.000e+00
      7.221   62.00980 -175.06102      7.291     7.4393     7.4378     7.4386    30.6700    30.6809  1023.9856    23.9521    292.027    280.129  299.90594     97.373     93.410     0.1807     0.7362     4.0525     0.6035 9.8452e+00       1406     0.9757  0.000e+00
      7.252   62.00980 -175.06102      7.322     7.4391     7.4383     7.4384    30.6699    30.6809  1023.9857    23.9521    291.855    280.107  299.90751     97.315     93.404     0.1819     0.7436     4.0525     0.6035 9.8452e+00       1407     0.9764  0.000e+00
      7.252   62.00980 -175.06102      7.322     7.4388     7.4390     7.4381    30.6704    30.6803  1023.9861    23.9525    292.010    280.086  299.90850     97.367     93.398     0.1807     0.7362     4.0525     0.6035 9.8173e+00       1408     0.9771  0.000e+00
      7.306   62.00980 -175.06102      7.377     7.4393     7.4390     7.4386    30.6696    30.6807  1023.9857    23.9518    292.001    280.056  299.90674     97.364     93.388     0.1819     0.7436     4.0525     0.6035 9.8173e+00       1409     0.9778  0.000e+00
      7.252   62.00980 -175.06102      7.322     7.4388     7.4389     7.4381    30.6700    30.6803  1023.9858    23.9522    291.992    280.045  299.90938     97.360     93.384     0.1807     0.7362     4.0525     0.6035 9.8173e+00       1410     0.9785  0.000e+00
      7.252   62.00980 -175.06102      7.322     7.4386     7.4378     7.4380    30.6703    30.6808  1023.9861    23.9524    291.820    280.042  299.90971     97.303     93.381     0.1819     0.7436     4.0525     0.6035 9.7894e+00       1411     0.9792  0.000e+00
      7.306   62.00980 -175.06102      7.377     7.4385     7.4371     7.4378    30.6703    30.6806  1023.9864    23.9525    291.980    280.060  299.91066     97.356     93.385     0.1807     0.7362     4.0525     0.6035 9.7894e+00       1412     0.9799  0.000e+00
      7.306   62.00980 -175.06102      7.377     7.4394     7.4366     7.4388    30.6703    30.6804  1023.9863    23.9524    291.776    280.233  299.90408     97.290     93.442     0.1819     0.7436     4.0525     0.6035 9.7894e+00       1413     0.9806  0.000e+00
      7.283   62.00980 -175.06102      7.354     7.4399     7.4363     7.4393    30.6702    30.6800  1023.9860    23.9522    291.956    280.251  299.90089     97.351     93.447     0.1807     0.7362     4.0525     0.6035 9.7616e+00       1414     0.9812  0.000e+00
      7.306   62.00980 -175.06102      7.377     7.4394     7.4360     7.4388    30.6701    30.6805  1023.9861    23.9522    291.982    280.271  299.90473     97.358     93.453     0.1807     0.7362     4.0525     0.6035 9.7616e+00       1415     0.9819  0.000e+00
      7.368   62.00980 -175.06102      7.439     7.4389     7.4361     7.4383    30.6703    30.6801  1023.9866    23.9524    292.010    280.293  299.90756     97.367     93.460     0.1807     0.7362     4.0525     0.6035 9.7338e+00       1416     0.9826  0.000e+00
      7.306   62.00980 -175.06102      7.377     7.4388     7.4360     7.4381    30.6701    30.6803  1023.9862    23.9523    292.006    280.313  299.90911     97.365     93.467     0.1807     0.7362     4.0525     0.6035 9.7062e+00       1417     0.9833  0.000e+00
      7.368   62.00980 -175.06102      7.439     7.4368     7.4365     7.4362    30.6704    30.6802  1023.9870    23.9528    292.045    280.165  299.92169     97.374     93.419     0.1770     0.7143     4.0525     0.6035 9.6786e+00       1418     0.9840  0.000e+00
      7.368   62.00980 -175.06102      7.439     7.4362     7.4365     7.4356    30.6701    30.6808  1023.9868    23.9526    292.048    280.345  299.92647     97.373     93.479     0.1770     0.7143     4.0525     0.6035 9.6511e+00       1419     0.9847  0.000e+00
      7.368   62.00980 -175.06102      7.439     7.4367     7.4370     7.4360    30.6698    30.6804  1023.9865    23.9523    292.070    280.372  299.92403     97.381     93.489     0.1783     0.7216     4.0525     0.6035 9.6236e+00       1420     0.9854  0.000e+00
      7.368   62.00980 -175.06102      7.439     7.4362     7.4371     7.4356    30.6699    30.6806  1023.9867    23.9525    292.098    280.401  299.92687     97.390     93.499     0.1770     0.7143     4.0525     0.6035 9.5690e+00       1421     0.9861  0.000e+00
      7.422   62.00980 -175.06102      7.494     7.4354     7.4371     7.4347    30.6701    30.6801  1023.9871    23.9527    292.106    280.266  299.93237     97.391     93.454     0.1783     0.7216     4.0525     0.6035 9.5690e+00       1422     0.9868  0.000e+00
      7.337   62.00980 -175.06102      7.408     7.4341     7.4371     7.4334    30.6701    30.6798  1023.9870    23.9529    292.112    280.454  299.94114     97.390     93.516     0.1770     0.7143     4.0525     0.6035 9.5147e+00       1423     0.9875  0.000e+00
      7.422   62.00980 -175.06102      7.494     7.4333     7.4370     7.4326    30.6708    30.6808  1023.9880    23.9536    292.120    280.494  299.94506     97.391     93.530     0.1783     0.7216     4.0525     0.6035 9.4338e+00       1424     0.9882  0.000e+00
      7.422   62.00980 -175.06102      7.494     7.4336     7.4374     7.4330    30.6715    30.6813  1023.9885    23.9541    292.142    280.513  299.94118     97.400     93.537     0.1770     0.7143     4.0525     0.6035 9.4338e+00       1425     0.9889  0.000e+00
      7.422   62.00980 -175.06102      7.494     7.4357     7.4381     7.4351    30.6717    30.6819  1023.9884    23.9540    292.128    280.548  299.92632     97.400     93.551     0.1783     0.7216     4.0525     0.6035 9.4070e+00       1426     0.9896  0.000e+00
      7.422   62.00980 -175.06102      7.494     7.4373     7.4394     7.4367    30.6721    30.6815  1023.9885    23.9540    292.116    280.583  299.91464     97.400     93.565     0.1770     0.7143     4.0525     0.6035 9.3270e+00       1427     0.9903  0.000e+00
      7.476   62.00980 -175.06102      7.548     7.4391     7.4400     7.4384    30.6713    30.6814  1023.9879    23.9532    292.134    280.609  299.90436     97.409     93.575     0.1783     0.7216     4.0525     0.6035 9.3004e+00       1428     0.9910  0.000e+00
      7.422   62.00980 -175.06102      7.494     7.4391     7.4402     7.4385    30.6712    30.6814  1023.9875    23.9531    292.161    280.636  299.90422     97.418     93.584     0.1770     0.7143     4.0525     0.6035 9.2740e+00       1429     0.9917  0.000e+00
      7.476   62.00980 -175.06102      7.548     7.4391     7.4403     7.4384    30.6708    30.6809  1023.9875    23.9528    292.167    280.669  299.90540     97.420     93.595     0.1783     0.7216     4.0525     0.6035 9.1951e+00       1430     0.9924  0.000e+00
      7.453   62.00980 -175.06102      7.525     7.4385     7.4407     7.4378    30.6702    30.6815  1023.9870    23.9524    292.175    280.697  299.91088     97.421     93.606     0.1770     0.7143     4.0525     0.6035 9.1429e+00       1431     0.9931  0.000e+00
      7.538   62.00980 -175.06102      7.611     7.4378     7.4417     7.4371    30.6694    30.6813  1023.9868    23.9518    292.188    280.727  299.91712     97.423     93.618     0.1783     0.7216     4.0525     0.6035 9.1429e+00       1432     0.9938  0.000e+00
      7.476   62.00980 -175.06102      7.548     7.4370     7.4426     7.4364    30.6688    30.6807  1023.9862    23.9515    292.196    280.738  299.92394     97.423     93.623     0.1770     0.7143     4.0513     0.6047 9.0910e+00       1433     0.9944  0.000e+00
      7.538   62.00980 -175.06102      7.611     7.4354     7.4422     7.4347    30.6691    30.6801  1023.9869    23.9519    292.213    280.779  299.93449     97.426     93.636     0.1770     0.7143     4.0513     0.6047 9.0393e+00       1434     0.9951  0.000e+00
      7.476   62.00980 -175.06102      7.548     7.4352     7.4421     7.4346    30.6690    30.6801  1023.9866    23.9519    292.216    280.815  299.93581     97.426     93.647     0.1770     0.7143     4.0501     0.6059 9.0393e+00       1435     0.9958  0.000e+00
      7.538   62.00980 -175.06102      7.611     7.4352     7.4419     7.4346    30.6693    30.6799  1023.9871    23.9522    292.220    280.857  299.93498     97.428     93.661     0.1770     0.7143     4.0501     0.6059 8.9880e+00       1436     0.9965  0.000e+00
      7.538   62.00980 -175.06102      7.611     7.4352     7.4410     7.4346    30.6697    30.6795  1023.9874    23.9524    292.223    280.733  299.93426     97.429     93.617     0.1783     0.7216     4.0501     0.6059 8.9369e+00       1437     0.9972  0.000e+00
      7.592   62.00980 -175.06102      7.665     7.4352     7.4390     7.4345    30.6703    30.6792  1023.9881    23.9529    292.416    280.757  299.93287     97.494     93.621     0.1770     0.7143     4.0501     0.6059 8.9369e+00       1438     0.9979  0.000e+00
      7.507   62.00980 -175.06102      7.579     7.4354     7.4378     7.4347    30.6701    30.6791  1023.9875    23.9527    292.250    280.773  299.93237     97.439     93.623     0.1783     0.7216     4.0501     0.6059 8.9115e+00       1439     0.9986  0.000e+00
      7.592   62.00980 -175.06102      7.665     7.4354     7.4368     7.4347    30.6702    30.6791  1023.9881    23.9528    292.255    280.794  299.93197     97.441     93.628     0.1770     0.7143     4.0501     0.6059 8.8608e+00       1440     0.9993  0.000e+00
      7.592   62.00980 -175.06102      7.665     7.4352     7.4359     7.4345    30.6695    30.6796  1023.9875    23.9523    292.260    280.983  299.93463     97.441     93.690     0.1783     0.7216     4.0501     0.6059 8.8608e+00       1441     1.0000  0.000e+00
      7.592   62.00980 -175.06102      7.665     7.4344     7.4347     7.4337    30.6693    30.6803  1023.9874    23.9522    292.269    281.019  299.94064     97.442     93.700     0.1770     0.7143     4.0501     0.6059 8.8356e+00       1442     1.0007  0.000e+00
      7.592   62.00980 -175.06102      7.665     7.4331     7.4344     7.4324    30.6703    30.6801  1023.9884    23.9532    292.278    281.035  299.94732     97.443     93.704     0.1734     0.6923     4.0501     0.6059 8.7854e+00       1443     1.0014  0.000e+00
      7.653   62.00980 -175.06102      7.727     7.4335     7.4340     7.4328    30.6701    30.6802  1023.9885    23.9530    292.280    281.053  299.94527     97.445     93.709     0.1709     0.6776     4.0501     0.6059 8.7854e+00       1444     1.0021  0.000e+00
      7.592   62.00980 -175.06102      7.665     7.4336     7.4339     7.4329    30.6699    30.6804  1023.9880    23.9528    292.280    281.064  299.94480     97.444     93.713     0.1709     0.6776     4.0501     0.6059 8.7604e+00       1445     1.0028  0.000e+00
      7.653   62.00980 -175.06102      7.727     7.4328     7.4336     7.4321    30.6701    30.6806  1023.9886    23.9530    292.290    281.081  299.94982     97.446     93.718     0.1709     0.6776     4.0513     0.6047 8.7355e+00       1446     1.0035  0.000e+00
      7.622   62.00980 -175.06102      7.696     7.4320     7.4336     7.4313    30.6695    30.6808  1023.9881    23.9527    292.298    281.093  299.95684     97.447     93.722     0.1709     0.6776     4.0501     0.6059 8.7355e+00       1447     1.0042  0.000e+00
      7.707   62.00980 -175.06102      7.782     7.4310     7.4332     7.4303    30.6691    30.6807  1023.9883    23.9525    292.311    281.112  299.96430     97.449     93.728     0.1709     0.6776     4.0501     0.6059 8.7355e+00       1448     1.0049  0.000e+00
      7.653   62.00980 -175.06102      7.727     7.4296     7.4328     7.4289    30.6691    30.6809  1023.9883    23.9527    292.322    281.108  299.97408     97.449     93.726     0.1722     0.6850     4.0513     0.6047 8.6611e+00       1449     1.0056  0.000e+00
