EcoFOCI/data/1_SampleCollection/2023_SikuliaqDBO_CruiseData/CTD_raw_BottleFile_SKQ23-12S/proc/skq202312s_051.ros
* Sea-Bird SBE 9 Data File:
* FileName = D:\CTD\SKQ202312S\SKQ202312S_051.hex
* Software Version Seasave V 7.26.7.121
* Temperature SN = 6177
* Conductivity SN = 0369
* Number of Bytes Per Scan = 41
* Number of Voltage Words = 4
* Number of Scans Averaged by the Deck Unit = 1
* NMEA Latitude = 70 43.03 N
* NMEA Longitude = 162 51.44 W
* NMEA UTC (Time) = Sep 26 2023  19:01:27
* NMEA baud rate = 4800
** Ship: R/V Sikuliaq
** Station Number: 051
** Station Name: IC10
** Bottom Depth: 42
** Operator: SD
# nquan = 22
# nvalues = 833                                   
# units = specified
# name 0 = depSM: Depth [salt water, m]
# name 1 = latitude: Latitude [deg]
# name 2 = longitude: Longitude [deg]
# name 3 = prDM: Pressure, Digiquartz [db]
# name 4 = t090C: Temperature [ITS-90, deg C]
# name 5 = t190C: Temperature, 2 [ITS-90, deg C]
# name 6 = potemp090C: Potential Temperature [ITS-90, deg C]
# name 7 = sal00: Salinity, Practical [PSU]
# name 8 = sal11: Salinity, Practical, 2 [PSU]
# name 9 = density00: Density [density, kg/m^3]
# name 10 = sigma-é00: Density [sigma-theta, kg/m^3]
# name 11 = sbox0Mm/Kg: Oxygen, SBE 43 [umol/kg]
# name 12 = sbox1Mm/Kg: Oxygen, SBE 43, 2 [umol/kg]
# name 13 = oxsolMm/Kg: Oxygen Saturation, Garcia & Gordon [umol/kg]
# name 14 = sbeox0PS: Oxygen, SBE 43 [% saturation]
# name 15 = v0: Voltage 0
# name 16 = flECO-AFL: Fluorescence, WET Labs ECO-AFL/FL [mg/m^3]
# name 17 = CStarAt0: Beam Attenuation, WET Labs C-Star [1/m]
# name 18 = par: PAR/Irradiance, Biospherical/Licor
# name 19 = scan: Scan Count
# name 20 = nbf: Bottles Fired
# name 21 = flag:  0.000e+00
# interval = seconds: 0.0416667
# start_time = Sep 26 2023 19:05:40 [NMEA time, first data scan]
# bad_flag = -9.990e-29
*END*
[from data line 593]
     10.194   70.71712 -162.85332     10.299     6.4752     6.4719     6.4744    28.6406    28.6557  1022.5250    22.4773    292.937    275.912  311.26049     94.113     0.1917     0.8022     0.6228 1.8691e+01      17532         13  0.000e+00
     10.364   70.71712 -162.85332     10.470     6.4759     6.4718     6.4751    28.6401    28.6558  1022.5253    22.4768    292.919    275.910  311.25654     94.109     0.1966     0.8315     0.6228 1.8691e+01      17533         13  0.000e+00
     10.194   70.71712 -162.85332     10.299     6.4763     6.4713     6.4755    28.6397    28.6560  1022.5242    22.4764    292.890    275.896  311.25410     94.100     0.1990     0.8461     0.6228 1.8744e+01      17534         13  0.000e+00
     10.310   70.71712 -162.85332     10.416     6.4771     6.4718     6.4763    28.6392    28.6555  1022.5242    22.4760    292.870    275.705  311.24966     94.095     0.1978     0.8388     0.6228 1.8744e+01      17535         13  0.000e+00
     10.279   70.71712 -162.85332     10.385     6.4777     6.4720     6.4769    28.6389    28.6555  1022.5238    22.4756    292.846    275.849  311.24640     94.088     0.1978     0.8388     0.6228 1.8744e+01      17536         13  0.000e+00
     10.256   70.71712 -162.85332     10.361     6.4779     6.4721     6.4771    28.6387    28.6554  1022.5235    22.4754    293.023    275.830  311.24502     94.145     0.1978     0.8388     0.6228 1.8744e+01      17537         13  0.000e+00
     10.310   70.71712 -162.85332     10.416     6.4780     6.4725     6.4772    28.6384    28.6550  1022.5235    22.4752    292.833    275.631  311.24530     94.084     0.1978     0.8388     0.6228 1.8744e+01      17538         13  0.000e+00
     10.256   70.71712 -162.85332     10.361     6.4786     6.4728     6.4778    28.6378    28.6548  1022.5227    22.4747    292.836    275.607  311.24180     94.086     0.1978     0.8388     0.6228 1.8744e+01      17539         13  0.000e+00
     10.256   70.71712 -162.85332     10.361     6.4787     6.4733     6.4779    28.6378    28.6546  1022.5226    22.4746    292.815    275.743  311.24126     94.080     0.1978     0.8388     0.6204 1.8797e+01      17540         13  0.000e+00
     10.310   70.71712 -162.85332     10.416     6.4786     6.4733     6.4778    28.6378    28.6543  1022.5229    22.4747    293.026    275.722  311.24186     94.147     0.1990     0.8461     0.6192 1.8797e+01      17541         13  0.000e+00
     10.256   70.71712 -162.85332     10.361     6.4790     6.4733     6.4782    28.6368    28.6540  1022.5218    22.4738    292.861    275.713  311.24136     94.095     0.1978     0.8388     0.6192 1.8850e+01      17542         13  0.000e+00
     10.279   70.71712 -162.85332     10.385     6.4789     6.4730     6.4781    28.6371    28.6543  1022.5222    22.4741    292.844    275.706  311.24127     94.089     0.1990     0.8461     0.6192 1.8850e+01      17543         13  0.000e+00
     10.256   70.71712 -162.85332     10.361     6.4791     6.4727     6.4783    28.6366    28.6539  1022.5217    22.4737    293.052    275.698  311.24125     94.156     0.1978     0.8388     0.6192 1.8850e+01      17544         13  0.000e+00
     10.256   70.71712 -162.85332     10.361     6.4790     6.4724     6.4782    28.6363    28.6545  1022.5214    22.4734    292.893    275.687  311.24243     94.104     0.1990     0.8461     0.6192 1.8903e+01      17545         13  0.000e+00
     10.310   70.71712 -162.85332     10.416     6.4789     6.4722     6.4781    28.6364    28.6544  1022.5218    22.4735    293.076    275.677  311.24286     94.163     0.1978     0.8388     0.6180 1.8850e+01      17546         13  0.000e+00
     10.256   70.71712 -162.85332     10.361     6.4785     6.4724     6.4777    28.6369    28.6541  1022.5220    22.4739    293.114    275.659  311.24472     94.175     0.1978     0.8388     0.6192 1.8903e+01      17547         13  0.000e+00
     10.256   70.71712 -162.85332     10.361     6.4781     6.4724     6.4773    28.6375    28.6538  1022.5225    22.4744    292.956    275.823  311.24640     94.123     0.1978     0.8388     0.6192 1.8903e+01      17548         13  0.000e+00
     10.310   70.71712 -162.85332     10.416     6.4777     6.4724     6.4769    28.6375    28.6539  1022.5228    22.4745    292.973    275.644  311.24963     94.128     0.1990     0.8461     0.6192 1.8903e+01      17549         13  0.000e+00
     10.225   70.71712 -162.85332     10.330     6.4774     6.4724     6.4766    28.6378    28.6537  1022.5227    22.4748    292.983    275.640  311.25073     94.131     0.1978     0.8388     0.6192 1.8957e+01      17550         13  0.000e+00
     10.256   70.71712 -162.85332     10.362     6.4772     6.4722     6.4764    28.6379    28.6536  1022.5229    22.4749    293.199    275.641  311.25245     94.200     0.1990     0.8461     0.6192 1.8957e+01      17551         13  0.000e+00
     10.256   70.71712 -162.85332     10.362     6.4771     6.4721     6.4763    28.6377    28.6537  1022.5227    22.4747    293.241    275.818  311.25329     94.213     0.1978     0.8388     0.6180 1.8903e+01      17552         13  0.000e+00
     10.310   70.71712 -162.85332     10.416     6.4767     6.4721     6.4759    28.6379    28.6537  1022.5233    22.4750    293.258    275.833  311.25559     94.218     0.1990     0.8461     0.6192 1.8957e+01      17553         13  0.000e+00
     10.256   70.71712 -162.85332     10.362     6.4763     6.4724     6.4755    28.6380    28.6531  1022.5231    22.4751    293.270    275.861  311.25793     94.221     0.1978     0.8388     0.6192 1.8957e+01      17554         13  0.000e+00
     10.310   70.71712 -162.85332     10.416     6.4758     6.4727     6.4750    28.6382    28.6526  1022.5236    22.4753    293.286    275.873  311.26127     94.225     0.1990     0.8461     0.6192 1.8957e+01      17555         13  0.000e+00
     10.256   70.71712 -162.85332     10.362     6.4754     6.4730     6.4746    28.6384    28.6525  1022.5235    22.4755    293.297    275.879  311.26422     94.228     0.1978     0.8388     0.6192 1.8903e+01      17556         13  0.000e+00
     10.225   70.71712 -162.85332     10.330     6.4747     6.4733     6.4739    28.6388    28.6525  1022.5238    22.4759    292.940    275.704  311.26804     94.112     0.1978     0.8388     0.6192 1.8903e+01      17557         13  0.000e+00
     10.256   70.71712 -162.85332     10.362     6.4743     6.4738     6.4735    28.6390    28.6524  1022.5242    22.4761    293.296    275.692  311.27076     94.225     0.1966     0.8315     0.6192 1.8903e+01      17558         13  0.000e+00
     10.310   70.71712 -162.85332     10.416     6.4738     6.4741     6.4730    28.6390    28.6516  1022.5244    22.4761    293.311    275.682  311.27459     94.229     0.1954     0.8242     0.6192 1.8903e+01      17559         13  0.000e+00
     10.256   70.71712 -162.85332     10.362     6.4736     6.4740     6.4728    28.6394    28.6517  1022.5245    22.4765    293.317    275.848  311.27469     94.231     0.1954     0.8242     0.6204 1.8903e+01      17560         13  0.000e+00
     10.256   70.71712 -162.85332     10.362     6.4732     6.4745     6.4723    28.6397    28.6512  1022.5248    22.4768    293.327    275.850  311.27729     94.233     0.1954     0.8242     0.6216 1.8903e+01      17561         13  0.000e+00
     10.256   70.71712 -162.85332     10.362     6.4726     6.4748     6.4718    28.6399    28.6513  1022.5250    22.4770    293.336    275.851  311.28057     94.235     0.1954     0.8242     0.6216 1.8903e+01      17562         13  0.000e+00
     10.256   70.71712 -162.85332     10.362     6.4722     6.4754     6.4714    28.6406    28.6506  1022.5256    22.4776    293.343    275.868  311.28228     94.237     0.1954     0.8242     0.6216 1.8850e+01      17563         13  0.000e+00
     10.279   70.71712 -162.85332     10.385     6.4722     6.4757     6.4714    28.6405    28.6505  1022.5257    22.4775    293.347    275.707  311.28246     94.238     0.1954     0.8242     0.6216 1.8850e+01      17564         13  0.000e+00
     10.256   70.71712 -162.85332     10.362     6.4721     6.4751     6.4713    28.6405    28.6512  1022.5256    22.4776    293.378    275.711  311.28279     94.248     0.1954     0.8242     0.6216 1.8850e+01      17565         13  0.000e+00
     10.256   70.71712 -162.85332     10.362     6.4718     6.4743     6.4710    28.6411    28.6516  1022.5261    22.4781    293.410    275.717  311.28360     94.258     0.1954     0.8242     0.6204 1.8903e+01      17566         13  0.000e+00
     10.256   70.71712 -162.85332     10.362     6.4723     6.4740     6.4715    28.6406    28.6522  1022.5256    22.4776    293.410    275.701  311.28149     94.259     0.1954     0.8242     0.6216 1.8850e+01      17567         13  0.000e+00
     10.256   70.71712 -162.85332     10.362     6.4726     6.4733     6.4718    28.6405    28.6525  1022.5255    22.4775    293.409    275.508  311.27918     94.259     0.1966     0.8315     0.6216 1.8850e+01      17568         13  0.000e+00
     10.256   70.71712 -162.85332     10.362     6.4728     6.4732     6.4720    28.6403    28.6525  1022.5253    22.4773    293.408    275.671  311.27861     94.259     0.1954     0.8242     0.6216 1.8903e+01      17569         13  0.000e+00
     10.310   70.71712 -162.85332     10.416     6.4731     6.4730     6.4723    28.6401    28.6526  1022.5254    22.4771    293.436    275.495  311.27671     94.268     0.1966     0.8315     0.6216 1.8903e+01      17570         13  0.000e+00
     10.225   70.71712 -162.85332     10.330     6.4732     6.4724     6.4723    28.6402    28.6528  1022.5251    22.4772    293.460    275.479  311.27619     94.276     0.1954     0.8242     0.6216 1.8903e+01      17571         13  0.000e+00
     10.256   70.71712 -162.85332     10.362     6.4736     6.4721     6.4728    28.6396    28.6528  1022.5247    22.4766    293.458    275.467  311.27428     94.276     0.1966     0.8315     0.6216 1.8957e+01      17572         13  0.000e+00
     10.256   70.71712 -162.85332     10.362     6.4738     6.4719     6.4730    28.6396    28.6526  1022.5247    22.4766    293.454    275.435  311.27314     94.275     0.1954     0.8242     0.6204 1.8957e+01      17573         13  0.000e+00
     10.310   70.71712 -162.85332     10.416     6.4741     6.4716     6.4733    28.6394    28.6530  1022.5247    22.4764    293.451    275.225  311.27113     94.275     0.1966     0.8315     0.6204 1.9011e+01      17574         13  0.000e+00
     10.194   70.71712 -162.85332     10.299     6.4744     6.4716     6.4736    28.6394    28.6532  1022.5241    22.4764    293.440    275.170  311.26925     94.272     0.1954     0.8242     0.6204 1.9011e+01      17575         13  0.000e+00
     10.311   70.71712 -162.85328     10.417     6.4747     6.4725     6.4739    28.6431    28.6543  1022.5276    22.4793    293.028    276.103  311.25804     94.143     0.2027     0.8681     0.6240 1.9446e+01      17700         14  0.000e+00
     10.195   70.71712 -162.85328     10.300     6.4747     6.4725     6.4739    28.6431    28.6540  1022.5270    22.4793    293.018    276.120  311.25809     94.140     0.2039     0.8754     0.6228 1.9501e+01      17701         14  0.000e+00
     10.257   70.71712 -162.85328     10.362     6.4747     6.4725     6.4739    28.6429    28.6541  1022.5272    22.4791    293.015    276.299  311.25848     94.139     0.2027     0.8681     0.6192 1.9446e+01      17702         14  0.000e+00
     10.280   70.71712 -162.85328     10.386     6.4747     6.4725     6.4739    28.6433    28.6541  1022.5275    22.4794    293.009    276.329  311.25777     94.137     0.2027     0.8681     0.6180 1.9446e+01      17703         14  0.000e+00
     10.195   70.71712 -162.85328     10.300     6.4746     6.4725     6.4738    28.6436    28.6544  1022.5274    22.4796    293.001    276.350  311.25817     94.134     0.2027     0.8681     0.6180 1.9446e+01      17704         14  0.000e+00
     10.311   70.71712 -162.85328     10.417     6.4747     6.4727     6.4739    28.6432    28.6541  1022.5276    22.4793    293.198    276.374  311.25796     94.198     0.2039     0.8754     0.6192 1.9446e+01      17705         14  0.000e+00
     10.195   70.71712 -162.85328     10.300     6.4746     6.4725     6.4738    28.6435    28.6542  1022.5273    22.4796    293.016    276.387  311.25833     94.139     0.2027     0.8681     0.6180 1.9391e+01      17706         14  0.000e+00
     10.257   70.71712 -162.85328     10.362     6.4744     6.4729     6.4736    28.6439    28.6540  1022.5280    22.4799    293.012    276.558  311.25890     94.138     0.2039     0.8754     0.6192 1.9446e+01      17707         14  0.000e+00
     10.257   70.71712 -162.85328     10.362     6.4744     6.4729     6.4736    28.6433    28.6539  1022.5275    22.4795    293.006    276.582  311.25978     94.135     0.2027     0.8681     0.6180 1.9391e+01      17708         14  0.000e+00
     10.257   70.71712 -162.85328     10.362     6.4743     6.4728     6.4735    28.6431    28.6540  1022.5273    22.4793    293.001    276.619  311.26149     94.133     0.2027     0.8681     0.6180 1.9391e+01      17709         14  0.000e+00
     10.226   70.71712 -162.85328     10.331     6.4746     6.4730     6.4738    28.6433    28.6540  1022.5274    22.4795    292.990    276.649  311.25869     94.131     0.2027     0.8681     0.6192 1.9336e+01      17710         14  0.000e+00
     10.257   70.71712 -162.85328     10.362     6.4744     6.4732     6.4736    28.6431    28.6534  1022.5273    22.4793    293.015    276.678  311.26035     94.138     0.2002     0.8535     0.6192 1.9336e+01      17711         14  0.000e+00
     10.257   70.71712 -162.85328     10.362     6.4746     6.4733     6.4738    28.6430    28.6534  1022.5272    22.4792    292.809    276.700  311.25954     94.072     0.1978     0.8388     0.6192 1.9336e+01      17712         14  0.000e+00
     10.195   70.71712 -162.85328     10.300     6.4747     6.4735     6.4739    28.6425    28.6534  1022.5265    22.4788    292.973    276.715  311.25949     94.125     0.1978     0.8388     0.6180 1.9282e+01      17713         14  0.000e+00
     10.257   70.71712 -162.85328     10.362     6.4746     6.4737     6.4738    28.6426    28.6530  1022.5269    22.4789    293.170    276.910  311.26036     94.188     0.1966     0.8315     0.6180 1.9282e+01      17714         14  0.000e+00
     10.257   70.71712 -162.85328     10.362     6.4749     6.4740     6.4741    28.6423    28.6531  1022.5266    22.4786    292.992    276.756  311.25890     94.131     0.1978     0.8388     0.6180 1.9336e+01      17715         14  0.000e+00
     10.257   70.71712 -162.85328     10.362     6.4749     6.4737     6.4741    28.6426    28.6532  1022.5269    22.4788    293.014    276.941  311.25781     94.139     0.1978     0.8388     0.6192 1.9336e+01      17716         14  0.000e+00
     10.226   70.71712 -162.85328     10.331     6.4747     6.4740     6.4739    28.6429    28.6528  1022.5270    22.4791    293.009    276.956  311.25853     94.137     0.1978     0.8388     0.6192 1.9282e+01      17717         14  0.000e+00
     10.257   70.71712 -162.85328     10.362     6.4744     6.4738     6.4736    28.6429    28.6532  1022.5272    22.4792    293.008    276.969  311.26068     94.136     0.1978     0.8388     0.6192 1.9336e+01      17718         14  0.000e+00
     10.195   70.71712 -162.85328     10.300     6.4744     6.4740     6.4736    28.6429    28.6532  1022.5269    22.4792    293.199    276.973  311.26070     94.197     0.1978     0.8388     0.6180 1.9336e+01      17719         14  0.000e+00
     10.311   70.71712 -162.85328     10.417     6.4744     6.4735     6.4736    28.6431    28.6533  1022.5276    22.4793    293.226    277.000  311.26068     94.206     0.1978     0.8388     0.6180 1.9336e+01      17720         14  0.000e+00
