EcoFOCI/data/1_SampleCollection/2023_SikuliaqDBO_CruiseData/CTD_raw_BottleFile_SKQ23-12S/proc/skq202312s_020svp.cnv
* Sea-Bird SBE 9 Data File:
* FileName = D:\CTD\SKQ202312S\SKQ202312S_020.hex
* Software Version Seasave V 7.26.7.121
* Temperature SN = 6177
* Conductivity SN = 0369
* Number of Bytes Per Scan = 41
* Number of Voltage Words = 4
* Number of Scans Averaged by the Deck Unit = 1
* NMEA Latitude = 65 00.05 N
* NMEA Longitude = 168 39.16 W
* NMEA UTC (Time) = Sep 18 2023  01:15:09
* NMEA baud rate = 4800
** Ship: R/V Sikuliaq
** Station Number: 020
** Station Name: DBO2.6
** Bottom Depth: 47
** Operator: SS
# nquan = 7
# nvalues = 4927                                  
# units = specified
# name 0 = depSM: Depth [salt water, m]
# name 1 = latitude: Latitude [deg]
# name 2 = longitude: Longitude [deg]
# name 3 = t090C: Temperature [ITS-90, deg C]
# name 4 = sal00: Salinity, Practical [PSU]
# name 5 = svCM: Sound Velocity [Chen-Millero, m/s]
# name 6 = flag:  0.000e+00
# span 0 =      1.495,     42.138                 
# span 1 =   65.00090,   65.00110                 
# span 2 = -168.65348, -168.65326                 
# span 3 =     2.9520,     4.5454                 
# span 4 =    32.0457,    32.6975                 
# span 5 =    1459.29,    1465.24                 
# span 6 = 0.0000e+00, 0.0000e+00                 
# interval = seconds: 0.0416667
# start_time = Sep 18 2023 01:19:33 [NMEA time, first data scan]
# bad_flag = -9.990e-29
*END*
[from data line 3898]
     36.474   65.00104 -168.65348     3.1233    32.5653    1460.38  0.000e+00
     36.466   65.00104 -168.65348     3.1232    32.5657    1460.37  0.000e+00
     36.528   65.00104 -168.65348     3.1233    32.5656    1460.38  0.000e+00
     36.474   65.00104 -168.65348     3.1233    32.5656    1460.38  0.000e+00
     36.520   65.00104 -168.65348     3.1235    32.5654    1460.38  0.000e+00
     36.528   65.00104 -168.65348     3.1232    32.5657    1460.38  0.000e+00
     36.589   65.00104 -168.65348     3.1235    32.5654    1460.38  0.000e+00
     36.528   65.00104 -168.65348     3.1235    32.5656    1460.38  0.000e+00
     36.574   65.00104 -168.65348     3.1233    32.5656    1460.38  0.000e+00
     36.528   65.00104 -168.65348     3.1236    32.5659    1460.38  0.000e+00
     36.589   65.00104 -168.65348     3.1236    32.5665    1460.38  0.000e+00
     36.636   65.00104 -168.65348     3.1241    32.5661    1460.38  0.000e+00
     36.589   65.00104 -168.65348     3.1241    32.5671    1460.38  0.000e+00
     36.643   65.00104 -168.65348     3.1244    32.5680    1460.39  0.000e+00
     36.636   65.00104 -168.65348     3.1248    32.5683    1460.39  0.000e+00
     36.643   65.00104 -168.65348     3.1249    32.5684    1460.39  0.000e+00
     36.643   65.00104 -168.65348     3.1251    32.5685    1460.39  0.000e+00
     36.643   65.00104 -168.65348     3.1252    32.5691    1460.39  0.000e+00
     36.636   65.00104 -168.65348     3.1252    32.5689    1460.39  0.000e+00
     36.697   65.00104 -168.65348     3.1252    32.5693    1460.39  0.000e+00
     36.697   65.00104 -168.65348     3.1256    32.5690    1460.39  0.000e+00
     36.690   65.00104 -168.65348     3.1256    32.5691    1460.39  0.000e+00
     36.697   65.00104 -168.65348     3.1256    32.5696    1460.39  0.000e+00
     36.759   65.00104 -168.65348     3.1257    32.5694    1460.40  0.000e+00
     36.697   65.00104 -168.65348     3.1257    32.5700    1460.40  0.000e+00
     36.751   65.00104 -168.65348     3.1257    32.5697    1460.40  0.000e+00
     36.697   65.00104 -168.65348     3.1259    32.5695    1460.40  0.000e+00
     36.759   65.00104 -168.65348     3.1259    32.5694    1460.40  0.000e+00
     36.805   65.00104 -168.65348     3.1260    32.5693    1460.40  0.000e+00
     36.759   65.00104 -168.65348     3.1260    32.5695    1460.40  0.000e+00
     36.759   65.00104 -168.65348     3.1259    32.5697    1460.40  0.000e+00
     36.813   65.00104 -168.65348     3.1262    32.5696    1460.40  0.000e+00
     36.805   65.00104 -168.65348     3.1259    32.5702    1460.40  0.000e+00
     36.813   65.00104 -168.65348     3.1263    32.5705    1460.40  0.000e+00
     36.813   65.00104 -168.65348     3.1265    32.5714    1460.40  0.000e+00
     36.805   65.00104 -168.65348     3.1270    32.5716    1460.40  0.000e+00
     36.875   65.00104 -168.65348     3.1271    32.5714    1460.41  0.000e+00
     36.874   65.00104 -168.65348     3.1274    32.5714    1460.41  0.000e+00
     36.867   65.00104 -168.65348     3.1278    32.5712    1460.41  0.000e+00
     36.813   65.00104 -168.65348     3.1276    32.5718    1460.41  0.000e+00
     36.928   65.00104 -168.65348     3.1278    32.5728    1460.41  0.000e+00
     36.874   65.00104 -168.65348     3.1279    32.5724    1460.41  0.000e+00
     36.867   65.00104 -168.65348     3.1278    32.5723    1460.41  0.000e+00
     36.874   65.00104 -168.65348     3.1281    32.5722    1460.41  0.000e+00
     36.928   65.00104 -168.65348     3.1282    32.5726    1460.41  0.000e+00
     36.975   65.00104 -168.65348     3.1282    32.5731    1460.41  0.000e+00
     36.874   65.00104 -168.65348     3.1288    32.5727    1460.42  0.000e+00
     36.990   65.00104 -168.65348     3.1288    32.5731    1460.42  0.000e+00
     36.928   65.00104 -168.65348     3.1288    32.5734    1460.42  0.000e+00
     36.975   65.00104 -168.65348     3.1290    32.5736    1460.42  0.000e+00
     36.928   65.00104 -168.65348     3.1296    32.5737    1460.42  0.000e+00
     36.990   65.00104 -168.65348     3.1295    32.5742    1460.42  0.000e+00
     37.036   65.00104 -168.65348     3.1298    32.5736    1460.42  0.000e+00
     36.990   65.00104 -168.65348     3.1298    32.5738    1460.42  0.000e+00
     36.990   65.00104 -168.65348     3.1301    32.5740    1460.42  0.000e+00
     37.044   65.00104 -168.65348     3.1301    32.5738    1460.42  0.000e+00
     37.036   65.00104 -168.65348     3.1303    32.5745    1460.43  0.000e+00
     37.044   65.00104 -168.65348     3.1304    32.5748    1460.43  0.000e+00
     37.044   65.00104 -168.65348     3.1307    32.5746    1460.43  0.000e+00
     37.036   65.00104 -168.65348     3.1309    32.5749    1460.43  0.000e+00
     37.098   65.00104 -168.65348     3.1312    32.5748    1460.43  0.000e+00
     37.098   65.00104 -168.65348     3.1312    32.5752    1460.43  0.000e+00
     37.044   65.00104 -168.65348     3.1317    32.5755    1460.43  0.000e+00
     37.152   65.00104 -168.65348     3.1318    32.5756    1460.44  0.000e+00
     37.098   65.00104 -168.65348     3.1320    32.5756    1460.44  0.000e+00
     37.160   65.00104 -168.65348     3.1323    32.5759    1460.44  0.000e+00
     37.090   65.00104 -168.65348     3.1326    32.5760    1460.44  0.000e+00
     37.160   65.00104 -168.65348     3.1329    32.5758    1460.44  0.000e+00
     37.160   65.00104 -168.65348     3.1329    32.5762    1460.44  0.000e+00
     37.160   65.00104 -168.65348     3.1333    32.5761    1460.44  0.000e+00
     37.206   65.00104 -168.65348     3.1333    32.5765    1460.44  0.000e+00
     37.214   65.00104 -168.65348     3.1336    32.5769    1460.45  0.000e+00
     37.213   65.00104 -168.65348     3.1337    32.5771    1460.45  0.000e+00
     37.206   65.00104 -168.65348     3.1339    32.5771    1460.45  0.000e+00
     37.213   65.00104 -168.65348     3.1342    32.5775    1460.45  0.000e+00
     37.213   65.00104 -168.65348     3.1343    32.5776    1460.45  0.000e+00
     37.275   65.00104 -168.65348     3.1345    32.5780    1460.45  0.000e+00
     37.267   65.00104 -168.65348     3.1345    32.5784    1460.45  0.000e+00
     37.275   65.00104 -168.65348     3.1345    32.5784    1460.45  0.000e+00
     37.275   65.00104 -168.65348     3.1350    32.5782    1460.45  0.000e+00
     37.275   65.00104 -168.65348     3.1350    32.5786    1460.46  0.000e+00
     37.321   65.00104 -168.65348     3.1350    32.5787    1460.46  0.000e+00
     37.329   65.00104 -168.65348     3.1353    32.5784    1460.46  0.000e+00
     37.329   65.00104 -168.65348     3.1353    32.5787    1460.46  0.000e+00
     37.321   65.00104 -168.65348     3.1354    32.5787    1460.46  0.000e+00
     37.391   65.00104 -168.65348     3.1358    32.5789    1460.46  0.000e+00
     37.329   65.00104 -168.65348     3.1356    32.5793    1460.46  0.000e+00
     37.391   65.00104 -168.65348     3.1356    32.5796    1460.46  0.000e+00
     37.375   65.00104 -168.65348     3.1356    32.5800    1460.46  0.000e+00
     37.391   65.00104 -168.65348     3.1359    32.5798    1460.46  0.000e+00
     37.391   65.00104 -168.65348     3.1359    32.5797    1460.46  0.000e+00
     37.437   65.00104 -168.65348     3.1359    32.5802    1460.46  0.000e+00
     37.391   65.00104 -168.65348     3.1361    32.5803    1460.46  0.000e+00
     37.445   65.00104 -168.65348     3.1361    32.5807    1460.47  0.000e+00
     37.445   65.00104 -168.65348     3.1363    32.5806    1460.47  0.000e+00
     37.437   65.00104 -168.65348     3.1361    32.5812    1460.47  0.000e+00
     37.499   65.00104 -168.65348     3.1361    32.5812    1460.47  0.000e+00
     37.445   65.00104 -168.65348     3.1366    32.5815    1460.47  0.000e+00
     37.499   65.00104 -168.65348     3.1364    32.5816    1460.47  0.000e+00
     37.491   65.00104 -168.65348     3.1364    32.5816    1460.47  0.000e+00
     37.499   65.00104 -168.65348     3.1364    32.5812    1460.47  0.000e+00
     37.560   65.00104 -168.65348     3.1366    32.5815    1460.47  0.000e+00
     37.553   65.00104 -168.65348     3.1364    32.5819    1460.47  0.000e+00
     37.560   65.00104 -168.65348     3.1364    32.5819    1460.47  0.000e+00
     37.499   65.00104 -168.65348     3.1367    32.5821    1460.47  0.000e+00
     37.560   65.00104 -168.65348     3.1367    32.5825    1460.47  0.000e+00
     37.607   65.00104 -168.65348     3.1368    32.5824    1460.47  0.000e+00
     37.560   65.00104 -168.65348     3.1367    32.5827    1460.47  0.000e+00
     37.614   65.00104 -168.65348     3.1367    32.5829    1460.47  0.000e+00
     37.560   65.00104 -168.65348     3.1368    32.5830    1460.47  0.000e+00
     37.607   65.00104 -168.65348     3.1367    32.5834    1460.47  0.000e+00
     37.614   65.00104 -168.65348     3.1368    32.5838    1460.48  0.000e+00
     37.614   65.00104 -168.65348     3.1367    32.5841    1460.48  0.000e+00
     37.668   65.00104 -168.65348     3.1367    32.5842    1460.48  0.000e+00
     37.614   65.00104 -168.65348     3.1368    32.5842    1460.48  0.000e+00
     37.676   65.00104 -168.65348     3.1367    32.5844    1460.48  0.000e+00
     37.676   65.00104 -168.65348     3.1367    32.5845    1460.48  0.000e+00
     37.668   65.00104 -168.65348     3.1368    32.5849    1460.48  0.000e+00
     37.676   65.00104 -168.65348     3.1368    32.5850    1460.48  0.000e+00
     37.676   65.00104 -168.65348     3.1367    32.5852    1460.48  0.000e+00
     37.730   65.00106 -168.65348     3.1369    32.5853    1460.48  0.000e+00
     37.722   65.00106 -168.65348     3.1367    32.5857    1460.48  0.000e+00
     37.730   65.00106 -168.65348     3.1368    32.5860    1460.48  0.000e+00
     37.730   65.00106 -168.65348     3.1367    32.5865    1460.48  0.000e+00
     37.776   65.00106 -168.65348     3.1366    32.5867    1460.48  0.000e+00
     37.730   65.00106 -168.65348     3.1367    32.5870    1460.48  0.000e+00
     37.730   65.00106 -168.65348     3.1367    32.5869    1460.48  0.000e+00
     37.792   65.00106 -168.65348     3.1368    32.5870    1460.48  0.000e+00
     37.722   65.00106 -168.65348     3.1367    32.5872    1460.48  0.000e+00
     37.792   65.00106 -168.65348     3.1368    32.5874    1460.48  0.000e+00
     37.792   65.00106 -168.65348     3.1368    32.5877    1460.48  0.000e+00
     37.792   65.00106 -168.65348     3.1368    32.5880    1460.48  0.000e+00
     37.838   65.00106 -168.65348     3.1372    32.5880    1460.49  0.000e+00
     37.846   65.00106 -168.65348     3.1368    32.5884    1460.49  0.000e+00
     37.846   65.00106 -168.65348     3.1372    32.5888    1460.49  0.000e+00
     37.838   65.00106 -168.65348     3.1376    32.5889    1460.49  0.000e+00
     37.846   65.00106 -168.65348     3.1376    32.5892    1460.49  0.000e+00
     37.900   65.00106 -168.65348     3.1381    32.5892    1460.49  0.000e+00
     37.845   65.00106 -168.65348     3.1383    32.5900    1460.49  0.000e+00
     37.892   65.00106 -168.65348     3.1386    32.5902    1460.50  0.000e+00
     37.845   65.00106 -168.65348     3.1388    32.5903    1460.50  0.000e+00
     37.899   65.00106 -168.65348     3.1391    32.5902    1460.50  0.000e+00
     37.899   65.00106 -168.65348     3.1393    32.5907    1460.50  0.000e+00
     37.953   65.00106 -168.65348     3.1397    32.5904    1460.50  0.000e+00
     37.899   65.00106 -168.65348     3.1398    32.5913    1460.50  0.000e+00
     37.961   65.00106 -168.65348     3.1401    32.5914    1460.51  0.000e+00
     37.961   65.00106 -168.65348     3.1403    32.5914    1460.51  0.000e+00
     37.953   65.00106 -168.65348     3.1405    32.5919    1460.51  0.000e+00
     37.961   65.00106 -168.65348     3.1406    32.5922    1460.51  0.000e+00
     38.015   65.00106 -168.65348     3.1411    32.5919    1460.51  0.000e+00
     37.953   65.00106 -168.65348     3.1413    32.5921    1460.51  0.000e+00
     38.015   65.00106 -168.65348     3.1413    32.5927    1460.51  0.000e+00
     38.015   65.00106 -168.65348     3.1416    32.5933    1460.52  0.000e+00
     38.015   65.00106 -168.65348     3.1422    32.5933    1460.52  0.000e+00
     38.007   65.00106 -168.65348     3.1427    32.5932    1460.52  0.000e+00
     38.077   65.00106 -168.65348     3.1430    32.5936    1460.52  0.000e+00
     38.015   65.00106 -168.65348     3.1431    32.5939    1460.52  0.000e+00
     38.077   65.00106 -168.65348     3.1433    32.5944    1460.52  0.000e+00
     38.069   65.00106 -168.65348     3.1435    32.5944    1460.53  0.000e+00
     38.077   65.00106 -168.65348     3.1439    32.5950    1460.53  0.000e+00
     38.077   65.00106 -168.65348     3.1438    32.5962    1460.53  0.000e+00
     38.131   65.00106 -168.65348     3.1443    32.5968    1460.53  0.000e+00
     38.123   65.00106 -168.65348     3.1446    32.5967    1460.53  0.000e+00
     38.077   65.00106 -168.65348     3.1450    32.5972    1460.54  0.000e+00
     38.131   65.00106 -168.65348     3.1455    32.5974    1460.54  0.000e+00
     38.131   65.00106 -168.65348     3.1457    32.5974    1460.54  0.000e+00
     38.177   65.00106 -168.65348     3.1460    32.5975    1460.54  0.000e+00
     38.131   65.00106 -168.65348     3.1463    32.5983    1460.54  0.000e+00
     38.131   65.00106 -168.65348     3.1466    32.5997    1460.55  0.000e+00
     38.239   65.00106 -168.65348     3.1473    32.6014    1460.55  0.000e+00
     38.131   65.00106 -168.65348     3.1476    32.6035    1460.56  0.000e+00
     38.192   65.00106 -168.65348     3.1477    32.6050    1460.56  0.000e+00
     38.246   65.00106 -168.65348     3.1477    32.6059    1460.56  0.000e+00
     38.177   65.00106 -168.65348     3.1485    32.6067    1460.56  0.000e+00
     38.192   65.00106 -168.65348     3.1491    32.6077    1460.57  0.000e+00
     38.246   65.00106 -168.65348     3.1499    32.6093    1460.58  0.000e+00
     38.246   65.00106 -168.65348     3.1502    32.6107    1460.58  0.000e+00
     38.239   65.00106 -168.65348     3.1505    32.6120    1460.58  0.000e+00
     38.246   65.00106 -168.65348     3.1510    32.6135    1460.59  0.000e+00
     38.246   65.00106 -168.65348     3.1515    32.6150    1460.59  0.000e+00
     38.246   65.00106 -168.65348     3.1521    32.6157    1460.59  0.000e+00
     38.293   65.00106 -168.65348     3.1526    32.6168    1460.60  0.000e+00
     38.246   65.00106 -168.65348     3.1526    32.6177    1460.60  0.000e+00
     38.300   65.00106 -168.65348     3.1528    32.6182    1460.60  0.000e+00
     38.300   65.00106 -168.65348     3.1528    32.6191    1460.60  0.000e+00
     38.293   65.00106 -168.65348     3.1532    32.6193    1460.60  0.000e+00
     38.300   65.00106 -168.65348     3.1535    32.6192    1460.60  0.000e+00
     38.300   65.00106 -168.65348     3.1532    32.6197    1460.60  0.000e+00
     38.300   65.00106 -168.65348     3.1535    32.6207    1460.61  0.000e+00
     38.354   65.00106 -168.65348     3.1538    32.6212    1460.61  0.000e+00
     38.362   65.00106 -168.65348     3.1543    32.6211    1460.61  0.000e+00
     38.362   65.00106 -168.65348     3.1548    32.6213    1460.61  0.000e+00
     38.354   65.00106 -168.65348     3.1553    32.6213    1460.62  0.000e+00
     38.362   65.00106 -168.65348     3.1556    32.6215    1460.62  0.000e+00
     38.362   65.00106 -168.65348     3.1562    32.6215    1460.62  0.000e+00
     38.362   65.00106 -168.65348     3.1565    32.6215    1460.62  0.000e+00
     38.354   65.00106 -168.65348     3.1567    32.6218    1460.62  0.000e+00
     38.416   65.00106 -168.65348     3.1568    32.6222    1460.62  0.000e+00
     38.362   65.00106 -168.65348     3.1570    32.6225    1460.62  0.000e+00
     38.416   65.00106 -168.65348     3.1571    32.6228    1460.63  0.000e+00
     38.408   65.00106 -168.65348     3.1571    32.6233    1460.63  0.000e+00
     38.416   65.00106 -168.65348     3.1573    32.6242    1460.63  0.000e+00
     38.416   65.00106 -168.65348     3.1575    32.6243    1460.63  0.000e+00
     38.416   65.00106 -168.65348     3.1575    32.6245    1460.63  0.000e+00
