EcoFOCI/data/1_SampleCollection/2023_SikuliaqDBO_CruiseData/CTD_raw_BottleFile_SKQ23-12S/proc/skq202312s_009svp.cnv
* Sea-Bird SBE 9 Data File:
* FileName = D:\CTD\SKQ202312S\SKQ202312S_009.hex
* Software Version Seasave V 7.26.7.121
* Temperature SN = 6177
* Conductivity SN = 0369
* Number of Bytes Per Scan = 41
* Number of Voltage Words = 4
* Number of Scans Averaged by the Deck Unit = 1
* NMEA Latitude = 63 01.70 N
* NMEA Longitude = 173 27.64 W
* NMEA UTC (Time) = Sep 16 2023  10:53:46
* NMEA baud rate = 4800
** Ship: R/V Sikuliaq
** Station Number: 009
** Station Name: DBO1.8
** Bottom Depth: 71
** Operator: SD
# nquan = 7
# nvalues = 6445                                  
# units = specified
# name 0 = depSM: Depth [salt water, m]
# name 1 = latitude: Latitude [deg]
# name 2 = longitude: Longitude [deg]
# name 3 = t090C: Temperature [ITS-90, deg C]
# name 4 = sal00: Salinity, Practical [PSU]
# name 5 = svCM: Sound Velocity [Chen-Millero, m/s]
# name 6 = flag:  0.000e+00
# span 0 =      1.077,     66.655                 
# span 1 =   63.02840,   63.02840                 
# span 2 = -173.46060, -173.46058                 
# span 3 =    -1.3989,     7.4412                 
# span 4 =    31.2990,    32.0983                 
# span 5 =    1439.48,    1475.89                 
# span 6 = 0.0000e+00, 0.0000e+00                 
# interval = seconds: 0.0416667
# start_time = Sep 16 2023 10:56:36 [NMEA time, first data scan]
# bad_flag = -9.990e-29
*END*
[from data line 1847]
     14.002   63.02840 -173.46060     7.2637    31.3939    1475.41  0.000e+00
     14.056   63.02840 -173.46060     7.2629    31.3942    1475.40  0.000e+00
     14.025   63.02840 -173.46060     7.2624    31.3942    1475.40  0.000e+00
     14.056   63.02840 -173.46060     7.2619    31.3946    1475.40  0.000e+00
     14.056   63.02840 -173.46060     7.2614    31.3947    1475.40  0.000e+00
     14.118   63.02840 -173.46060     7.2609    31.3945    1475.40  0.000e+00
     14.087   63.02840 -173.46060     7.2606    31.3944    1475.40  0.000e+00
     14.118   63.02840 -173.46060     7.2605    31.3941    1475.40  0.000e+00
     14.118   63.02840 -173.46060     7.2598    31.3946    1475.39  0.000e+00
     14.172   63.02840 -173.46060     7.2598    31.3949    1475.40  0.000e+00
     14.172   63.02840 -173.46060     7.2597    31.3944    1475.39  0.000e+00
     14.087   63.02840 -173.46060     7.2593    31.3949    1475.39  0.000e+00
     14.234   63.02840 -173.46060     7.2592    31.3945    1475.39  0.000e+00
     14.172   63.02840 -173.46060     7.2588    31.3950    1475.39  0.000e+00
     14.172   63.02840 -173.46060     7.2587    31.3951    1475.39  0.000e+00
     14.257   63.02840 -173.46060     7.2585    31.3950    1475.39  0.000e+00
     14.233   63.02840 -173.46060     7.2585    31.3948    1475.39  0.000e+00
     14.233   63.02840 -173.46060     7.2587    31.3947    1475.39  0.000e+00
     14.233   63.02840 -173.46060     7.2584    31.3950    1475.39  0.000e+00
     14.233   63.02840 -173.46060     7.2584    31.3948    1475.39  0.000e+00
     14.256   63.02840 -173.46060     7.2585    31.3949    1475.39  0.000e+00
     14.287   63.02840 -173.46060     7.2584    31.3948    1475.39  0.000e+00
     14.233   63.02840 -173.46060     7.2584    31.3948    1475.39  0.000e+00
     14.287   63.02840 -173.46060     7.2584    31.3948    1475.39  0.000e+00
     14.310   63.02840 -173.46060     7.2584    31.3946    1475.39  0.000e+00
     14.341   63.02840 -173.46060     7.2584    31.3946    1475.39  0.000e+00
     14.287   63.02840 -173.46060     7.2585    31.3946    1475.39  0.000e+00
     14.287   63.02840 -173.46060     7.2582    31.3946    1475.39  0.000e+00
     14.310   63.02840 -173.46060     7.2585    31.3947    1475.39  0.000e+00
     14.341   63.02840 -173.46060     7.2584    31.3943    1475.39  0.000e+00
     14.341   63.02840 -173.46060     7.2584    31.3943    1475.39  0.000e+00
     14.341   63.02840 -173.46060     7.2582    31.3949    1475.39  0.000e+00
     14.341   63.02840 -173.46060     7.2584    31.3947    1475.39  0.000e+00
     14.372   63.02840 -173.46060     7.2582    31.3948    1475.39  0.000e+00
     14.341   63.02840 -173.46060     7.2580    31.3951    1475.39  0.000e+00
     14.403   63.02840 -173.46060     7.2582    31.3950    1475.39  0.000e+00
     14.341   63.02840 -173.46060     7.2580    31.3953    1475.39  0.000e+00
     14.372   63.02840 -173.46060     7.2582    31.3948    1475.39  0.000e+00
     14.403   63.02840 -173.46060     7.2579    31.3949    1475.39  0.000e+00
     14.403   63.02840 -173.46060     7.2580    31.3951    1475.39  0.000e+00
     14.403   63.02840 -173.46060     7.2580    31.3950    1475.39  0.000e+00
     14.372   63.02840 -173.46060     7.2580    31.3953    1475.39  0.000e+00
     14.403   63.02840 -173.46060     7.2580    31.3949    1475.39  0.000e+00
     14.403   63.02840 -173.46060     7.2582    31.3949    1475.39  0.000e+00
     14.403   63.02840 -173.46060     7.2580    31.3952    1475.39  0.000e+00
     14.457   63.02840 -173.46060     7.2582    31.3946    1475.39  0.000e+00
     14.372   63.02840 -173.46060     7.2582    31.3946    1475.39  0.000e+00
     14.457   63.02840 -173.46060     7.2579    31.3952    1475.39  0.000e+00
     14.403   63.02840 -173.46060     7.2582    31.3948    1475.39  0.000e+00
     14.457   63.02840 -173.46060     7.2580    31.3947    1475.39  0.000e+00
     14.426   63.02840 -173.46060     7.2580    31.3949    1475.39  0.000e+00
     14.456   63.02840 -173.46060     7.2580    31.3949    1475.39  0.000e+00
     14.456   63.02840 -173.46060     7.2580    31.3953    1475.39  0.000e+00
     14.456   63.02840 -173.46060     7.2587    31.3943    1475.40  0.000e+00
     14.341   63.02840 -173.46060     7.2621    31.3933    1475.41  0.000e+00
     14.541   63.02840 -173.46060     7.2645    31.3927    1475.42  0.000e+00
     14.456   63.02840 -173.46060     7.2659    31.3912    1475.42  0.000e+00
     14.518   63.02840 -173.46060     7.2646    31.3916    1475.42  0.000e+00
     14.456   63.02840 -173.46060     7.2629    31.3929    1475.41  0.000e+00
     14.425   63.02840 -173.46060     7.2630    31.3945    1475.41  0.000e+00
     14.518   63.02840 -173.46060     7.2656    31.3945    1475.42  0.000e+00
     14.456   63.02840 -173.46060     7.2683    31.3933    1475.43  0.000e+00
     14.518   63.02840 -173.46060     7.2703    31.3917    1475.44  0.000e+00
     14.541   63.02840 -173.46060     7.2717    31.3916    1475.44  0.000e+00
     14.456   63.02840 -173.46060     7.2724    31.3919    1475.45  0.000e+00
     14.572   63.02840 -173.46060     7.2738    31.3911    1475.45  0.000e+00
     14.518   63.02840 -173.46060     7.2746    31.3909    1475.45  0.000e+00
     14.487   63.02840 -173.46060     7.2753    31.3910    1475.46  0.000e+00
     14.572   63.02840 -173.46060     7.2762    31.3912    1475.46  0.000e+00
     14.518   63.02840 -173.46060     7.2769    31.3908    1475.46  0.000e+00
     14.572   63.02840 -173.46060     7.2770    31.3898    1475.46  0.000e+00
     14.572   63.02840 -173.46060     7.2745    31.3897    1475.45  0.000e+00
     14.541   63.02840 -173.46060     7.2711    31.3900    1475.44  0.000e+00
     14.572   63.02840 -173.46060     7.2675    31.3914    1475.43  0.000e+00
     14.572   63.02840 -173.46060     7.2650    31.3924    1475.42  0.000e+00
     14.572   63.02840 -173.46060     7.2634    31.3925    1475.41  0.000e+00
     14.595   63.02840 -173.46060     7.2619    31.3929    1475.41  0.000e+00
     14.626   63.02840 -173.46060     7.2613    31.3934    1475.41  0.000e+00
     14.626   63.02840 -173.46060     7.2609    31.3938    1475.41  0.000e+00
     14.626   63.02840 -173.46060     7.2601    31.3940    1475.40  0.000e+00
     14.657   63.02840 -173.46060     7.2599    31.3939    1475.40  0.000e+00
     14.626   63.02840 -173.46060     7.2595    31.3943    1475.40  0.000e+00
     14.626   63.02840 -173.46060     7.2593    31.3947    1475.40  0.000e+00
     14.687   63.02840 -173.46060     7.2590    31.3946    1475.40  0.000e+00
     14.687   63.02840 -173.46060     7.2588    31.3952    1475.40  0.000e+00
     14.656   63.02840 -173.46060     7.2588    31.3955    1475.40  0.000e+00
     14.687   63.02840 -173.46060     7.2592    31.3954    1475.40  0.000e+00
     14.741   63.02840 -173.46060     7.2592    31.3952    1475.40  0.000e+00
     14.687   63.02840 -173.46060     7.2593    31.3948    1475.40  0.000e+00
     14.710   63.02840 -173.46060     7.2592    31.3949    1475.40  0.000e+00
     14.803   63.02840 -173.46060     7.2593    31.3947    1475.40  0.000e+00
     14.741   63.02840 -173.46060     7.2588    31.3953    1475.40  0.000e+00
     14.803   63.02840 -173.46060     7.2590    31.3946    1475.40  0.000e+00
     14.826   63.02840 -173.46060     7.2587    31.3949    1475.40  0.000e+00
     14.803   63.02840 -173.46060     7.2587    31.3947    1475.40  0.000e+00
     14.857   63.02840 -173.46060     7.2588    31.3946    1475.40  0.000e+00
     14.857   63.02840 -173.46060     7.2588    31.3948    1475.40  0.000e+00
     14.826   63.02840 -173.46060     7.2590    31.3951    1475.40  0.000e+00
     14.857   63.02840 -173.46060     7.2597    31.3960    1475.41  0.000e+00
     14.918   63.02840 -173.46060     7.2609    31.3968    1475.41  0.000e+00
     14.918   63.02840 -173.46060     7.2616    31.3980    1475.42  0.000e+00
     14.880   63.02840 -173.46060     7.2625    31.3985    1475.42  0.000e+00
     14.972   63.02840 -173.46060     7.2638    31.3985    1475.43  0.000e+00
     14.918   63.02840 -173.46060     7.2648    31.3985    1475.43  0.000e+00
     15.026   63.02840 -173.46060     7.2654    31.3984    1475.44  0.000e+00
     14.918   63.02840 -173.46060     7.2658    31.3986    1475.44  0.000e+00
     15.111   63.02840 -173.46060     7.2654    31.3985    1475.44  0.000e+00
     15.026   63.02840 -173.46060     7.2651    31.3982    1475.43  0.000e+00
     15.088   63.02840 -173.46060     7.2646    31.3981    1475.43  0.000e+00
     15.088   63.02840 -173.46060     7.2642    31.3980    1475.43  0.000e+00
     15.111   63.02840 -173.46060     7.2634    31.3983    1475.43  0.000e+00
     15.088   63.02840 -173.46060     7.2629    31.3983    1475.43  0.000e+00
     15.142   63.02840 -173.46060     7.2624    31.3984    1475.43  0.000e+00
     15.204   63.02840 -173.46060     7.2621    31.3983    1475.43  0.000e+00
     15.173   63.02840 -173.46060     7.2617    31.3987    1475.42  0.000e+00
     15.204   63.02840 -173.46060     7.2616    31.3984    1475.42  0.000e+00
     15.258   63.02840 -173.46060     7.2614    31.3988    1475.42  0.000e+00
     15.204   63.02840 -173.46060     7.2609    31.3989    1475.42  0.000e+00
     15.281   63.02840 -173.46060     7.2608    31.3989    1475.42  0.000e+00
     15.258   63.02840 -173.46060     7.2606    31.3985    1475.42  0.000e+00
     15.319   63.02840 -173.46060     7.2603    31.3989    1475.42  0.000e+00
     15.373   63.02840 -173.46060     7.2601    31.3986    1475.42  0.000e+00
     15.342   63.02840 -173.46060     7.2598    31.3987    1475.42  0.000e+00
     15.427   63.02840 -173.46060     7.2598    31.3988    1475.42  0.000e+00
     15.427   63.02840 -173.46060     7.2598    31.3987    1475.42  0.000e+00
     15.489   63.02840 -173.46060     7.2595    31.3985    1475.42  0.000e+00
     15.396   63.02840 -173.46060     7.2595    31.3988    1475.42  0.000e+00
     15.543   63.02840 -173.46060     7.2593    31.3986    1475.42  0.000e+00
     15.489   63.02840 -173.46060     7.2592    31.3991    1475.42  0.000e+00
     15.605   63.02840 -173.46060     7.2590    31.3986    1475.42  0.000e+00
     15.574   63.02840 -173.46060     7.2590    31.3987    1475.42  0.000e+00
     15.543   63.02840 -173.46060     7.2587    31.3987    1475.42  0.000e+00
     15.659   63.02840 -173.46060     7.2585    31.3990    1475.42  0.000e+00
     15.658   63.02840 -173.46060     7.2584    31.3984    1475.42  0.000e+00
     15.628   63.02840 -173.46060     7.2582    31.3989    1475.42  0.000e+00
     15.720   63.02840 -173.46060     7.2579    31.3990    1475.42  0.000e+00
     15.720   63.02840 -173.46060     7.2580    31.3989    1475.42  0.000e+00
     15.797   63.02840 -173.46060     7.2579    31.3987    1475.42  0.000e+00
     15.774   63.02840 -173.46060     7.2577    31.3989    1475.42  0.000e+00
     15.828   63.02840 -173.46060     7.2579    31.3988    1475.42  0.000e+00
     15.828   63.02840 -173.46060     7.2577    31.3992    1475.42  0.000e+00
     15.859   63.02840 -173.46060     7.2574    31.3990    1475.42  0.000e+00
     15.890   63.02840 -173.46060     7.2571    31.3988    1475.42  0.000e+00
     15.890   63.02840 -173.46060     7.2571    31.3984    1475.42  0.000e+00
     16.005   63.02840 -173.46060     7.2566    31.3988    1475.42  0.000e+00
     15.975   63.02840 -173.46060     7.2569    31.3988    1475.42  0.000e+00
     16.005   63.02840 -173.46060     7.2563    31.3989    1475.42  0.000e+00
     16.005   63.02840 -173.46060     7.2564    31.3985    1475.42  0.000e+00
     16.059   63.02840 -173.46060     7.2559    31.3989    1475.42  0.000e+00
     16.083   63.02840 -173.46060     7.2559    31.3988    1475.42  0.000e+00
     16.121   63.02840 -173.46060     7.2558    31.3990    1475.42  0.000e+00
     16.121   63.02840 -173.46060     7.2556    31.3989    1475.42  0.000e+00
     16.175   63.02840 -173.46060     7.2551    31.3991    1475.42  0.000e+00
     16.198   63.02840 -173.46060     7.2551    31.3990    1475.42  0.000e+00
     16.229   63.02840 -173.46060     7.2548    31.3988    1475.42  0.000e+00
     16.291   63.02840 -173.46060     7.2545    31.3989    1475.42  0.000e+00
     16.260   63.02840 -173.46060     7.2540    31.3992    1475.41  0.000e+00
     16.345   63.02840 -173.46060     7.2539    31.3986    1475.41  0.000e+00
     16.291   63.02840 -173.46060     7.2537    31.3986    1475.41  0.000e+00
     16.406   63.02840 -173.46060     7.2534    31.3986    1475.41  0.000e+00
     16.430   63.02840 -173.46060     7.2532    31.3986    1475.41  0.000e+00
     16.406   63.02840 -173.46060     7.2531    31.3988    1475.41  0.000e+00
     16.460   63.02840 -173.46060     7.2526    31.3989    1475.41  0.000e+00
     16.460   63.02840 -173.46060     7.2527    31.3989    1475.41  0.000e+00
     16.545   63.02840 -173.46060     7.2525    31.3993    1475.41  0.000e+00
     16.522   63.02840 -173.46060     7.2526    31.3986    1475.41  0.000e+00
     16.576   63.02840 -173.46060     7.2524    31.3988    1475.41  0.000e+00
     16.545   63.02840 -173.46060     7.2521    31.3989    1475.41  0.000e+00
     16.630   63.02840 -173.46060     7.2519    31.3989    1475.41  0.000e+00
     16.692   63.02840 -173.46060     7.2516    31.3988    1475.41  0.000e+00
     16.630   63.02840 -173.46060     7.2513    31.3989    1475.41  0.000e+00
     16.715   63.02840 -173.46060     7.2513    31.3987    1475.41  0.000e+00
     16.746   63.02840 -173.46060     7.2510    31.3987    1475.41  0.000e+00
     16.746   63.02840 -173.46060     7.2508    31.3986    1475.41  0.000e+00
     16.807   63.02840 -173.46060     7.2506    31.3987    1475.41  0.000e+00
     16.769   63.02840 -173.46060     7.2503    31.3989    1475.41  0.000e+00
     16.807   63.02840 -173.46060     7.2502    31.3991    1475.41  0.000e+00
     16.861   63.02840 -173.46060     7.2500    31.3988    1475.41  0.000e+00
     16.884   63.02840 -173.46060     7.2498    31.3992    1475.41  0.000e+00
     16.861   63.02840 -173.46060     7.2495    31.3990    1475.41  0.000e+00
     16.977   63.02840 -173.46060     7.2494    31.3985    1475.41  0.000e+00
     16.977   63.02840 -173.46060     7.2487    31.3989    1475.40  0.000e+00
     16.946   63.02840 -173.46060     7.2485    31.3985    1475.40  0.000e+00
     17.031   63.02840 -173.46060     7.2481    31.3991    1475.40  0.000e+00
     17.031   63.02840 -173.46060     7.2478    31.3986    1475.40  0.000e+00
     17.062   63.02840 -173.46060     7.2473    31.3988    1475.40  0.000e+00
     17.093   63.02840 -173.46060     7.2471    31.3986    1475.40  0.000e+00
     17.093   63.02840 -173.46060     7.2469    31.3987    1475.40  0.000e+00
     17.147   63.02840 -173.46060     7.2465    31.3990    1475.40  0.000e+00
     17.116   63.02840 -173.46060     7.2463    31.3989    1475.40  0.000e+00
     17.146   63.02840 -173.46060     7.2461    31.3988    1475.40  0.000e+00
     17.208   63.02840 -173.46060     7.2460    31.3985    1475.40  0.000e+00
     17.231   63.02840 -173.46060     7.2453    31.3989    1475.39  0.000e+00
     17.208   63.02840 -173.46060     7.2454    31.3988    1475.39  0.000e+00
     17.324   63.02840 -173.46060     7.2449    31.3989    1475.39  0.000e+00
     17.262   63.02840 -173.46060     7.2447    31.3990    1475.39  0.000e+00
     17.285   63.02840 -173.46060     7.2442    31.3985    1475.39  0.000e+00
     17.324   63.02840 -173.46060     7.2437    31.3988    1475.39  0.000e+00
     17.378   63.02840 -173.46060     7.2437    31.3989    1475.39  0.000e+00
     17.347   63.02840 -173.46060     7.2434    31.3990    1475.39  0.000e+00
     17.378   63.02840 -173.46060     7.2434    31.3985    1475.39  0.000e+00
     17.432   63.02840 -173.46060     7.2434    31.3987    1475.39  0.000e+00
     17.401   63.02840 -173.46060     7.2431    31.3990    1475.39  0.000e+00
     17.432   63.02840 -173.46060     7.2431    31.3990    1475.39  0.000e+00
