EcoFOCI/data/1_SampleCollection/2023_SikuliaqDBO_CruiseData/CTD_raw_BottleFile_SKQ23-12S/proc/skq202312s_021.cnv
* Sea-Bird SBE 9 Data File:
* FileName = D:\CTD\SKQ202312S\SKQ202312S_021.hex
* Software Version Seasave V 7.26.7.121
* Temperature SN = 6177
* Conductivity SN = 0369
* Number of Bytes Per Scan = 41
* Number of Voltage Words = 4
* Number of Scans Averaged by the Deck Unit = 1
* NMEA Latitude = 64 59.46 N
* NMEA Longitude = 169 08.29 W
* NMEA UTC (Time) = Sep 18 2023  02:53:31
* NMEA baud rate = 4800
** Ship: R/V Sikuliaq
** Station Number: 021
** Station Name: DBO2.5
** Bottom Depth: 48
** Operator: SS
# nquan = 24
# nvalues = 4195                                  
# units = specified
# name 0 = depSM: Depth [salt water, m]
# name 1 = latitude: Latitude [deg]
# name 2 = longitude: Longitude [deg]
# name 3 = prDM: Pressure, Digiquartz [db]
# name 4 = t090C: Temperature [ITS-90, deg C]
# name 5 = t190C: Temperature, 2 [ITS-90, deg C]
# name 6 = potemp090C: Potential Temperature [ITS-90, deg C]
# name 7 = sal00: Salinity, Practical [PSU]
# name 8 = sal11: Salinity, Practical, 2 [PSU]
# name 9 = density00: Density [density, kg/m^3]
# name 10 = sigma-é00: Density [sigma-theta, kg/m^3]
# name 11 = sbox0Mm/Kg: Oxygen, SBE 43 [umol/kg]
# name 12 = sbox1Mm/Kg: Oxygen, SBE 43, 2 [umol/kg]
# name 13 = oxsolMm/Kg: Oxygen Saturation, Garcia & Gordon [umol/kg]
# name 14 = sbeox0PS: Oxygen, SBE 43 [% saturation]
# name 15 = sbeox1PS: Oxygen, SBE 43, 2 [% saturation]
# name 16 = v0: Voltage 0
# name 17 = flECO-AFL: Fluorescence, WET Labs ECO-AFL/FL [mg/m^3]
# name 18 = v1: Voltage 1
# name 19 = CStarAt0: Beam Attenuation, WET Labs C-Star [1/m]
# name 20 = par: PAR/Irradiance, Biospherical/Licor
# name 21 = scan: Scan Count
# name 22 = timeM: Time, Elapsed [minutes]
# name 23 = flag:  0.000e+00
# span 0 =      1.605,     43.174                 
# span 1 =   64.99128,   64.99152                 
# span 2 = -169.13860, -169.13846                 
# span 3 =      1.621,     43.606                 
# span 4 =     1.9257,     3.2703                 
# span 5 =     1.9261,     3.2712                 
# span 6 =     1.9256,     3.2684                 
# span 7 =    32.0542,    32.8614                 
# span 8 =    32.2122,    32.8725                 
# span 9 =  1025.6193,  1026.3740                 
# span 10 =    25.6097,    26.1699                
# span 11 =    257.095,    312.645                
# span 12 =    246.532,    301.137                
# span 13 =  325.87922,  338.43836                
# span 14 =     78.695,     92.447                
# span 15 =     75.305,     89.019                
# span 16 =     0.1184,     0.3346                
# span 17 =     0.3626,     1.6593                
# span 18 =     3.5067,     3.9341                
# span 19 =     0.7222,     1.1823                
# span 20 = 3.7477e-01, 1.3224e+02                
# span 21 =          1,       4195                
# span 22 =     0.0000,     2.9125                
# span 23 = 0.0000e+00, 0.0000e+00                
# interval = seconds: 0.0416667
# start_time = Sep 18 2023 02:57:41 [NMEA time, first data scan]
# bad_flag = -9.990e-29
*END*
[from data line 302]
      2.122   64.99130 -169.13848      2.143     2.3183     2.1885     2.3182    32.3665    32.3092  1025.8485    25.8384    299.466    292.534  334.69293     89.475     87.082     0.2894     1.3883     3.8376     0.8215 1.0093e+02        303     0.2097  0.000e+00
      2.176   64.99130 -169.13848      2.197     2.3285     2.2217     2.3284    32.3621    32.3197  1025.8445    25.8341    299.234    292.236  334.61849     89.425     87.072     0.2894     1.3883     3.8376     0.8215 1.0093e+02        304     0.2104  0.000e+00
      2.176   64.99130 -169.13848      2.197     2.3375     2.2576     2.3373    32.3613    32.3324  1025.8432    25.8328    299.163    291.906  334.54571     89.424     87.061     0.2894     1.3883     3.8388     0.8202 1.0093e+02        305     0.2111  0.000e+00
      2.229   64.99130 -169.13848      2.252     2.3461     2.2842     2.3460    32.3624    32.3474  1025.8436    25.8330    299.105    291.650  334.47047     89.426     87.053     0.2906     1.3956     3.8376     0.8215 1.0150e+02        306     0.2118  0.000e+00
      2.291   64.99130 -169.13848      2.314     2.3535     2.3021     2.3534    32.3630    32.3555  1025.8438    25.8329    299.071    291.480  334.40691     89.433     87.046     0.2894     1.3883     3.8376     0.8215 1.0440e+02        307     0.2125  0.000e+00
      2.345   64.99130 -169.13848      2.368     2.3582     2.3216     2.3581    32.3637    32.3597  1025.8443    25.8331    299.071    291.304  334.36619     89.444     87.039     0.2906     1.3956     3.8388     0.8202 1.0528e+02        308     0.2132  0.000e+00
      2.291   64.99130 -169.13848      2.314     2.3616     2.3383     2.3615    32.3614    32.3665  1025.8420    25.8310    298.875    291.138  334.34304     89.392     87.030     0.2894     1.3883     3.8437     0.8151 1.0558e+02        309     0.2139  0.000e+00
      2.345   64.99130 -169.13848      2.368     2.3620     2.3519     2.3618    32.3614    32.3717  1025.8422    25.8311    298.903    291.004  334.34021     89.401     87.023     0.2906     1.3956     3.8462     0.8126 1.0647e+02        310     0.2146  0.000e+00
      2.314   64.99130 -169.13848      2.337     2.3649     2.3631     2.3648    32.3636    32.3762  1025.8436    25.8325    298.914    290.887  334.30989     89.412     87.016     0.2906     1.3956     3.8462     0.8126 1.0708e+02        311     0.2153  0.000e+00
      2.345   64.99130 -169.13848      2.368     2.3679     2.3726     2.3677    32.3703    32.3793  1025.8489    25.8377    298.894    290.787  334.26821     89.417     87.008     0.2906     1.3956     3.8462     0.8126 1.0678e+02        312     0.2160  0.000e+00
      2.291   64.99130 -169.13848      2.314     2.3727     2.3790     2.3726    32.3773    32.3829  1025.8538    25.8429    298.865    290.707  334.20972     89.424     87.001     0.2906     1.3956     3.8462     0.8126 1.0440e+02        313     0.2167  0.000e+00
      2.345   64.99130 -169.13848      2.368     2.3827     2.3820     2.3826    32.3817    32.3851  1025.8569    25.8457    298.815    290.684  334.11479     89.435     87.002     0.2894     1.3883     3.8462     0.8126 1.0323e+02        314     0.2174  0.000e+00
      2.345   64.99130 -169.13848      2.368     2.3908     2.3832     2.3907    32.3842    32.3854  1025.8582    25.8470    298.795    290.876  334.04084     89.449     87.062     0.2906     1.3956     3.8462     0.8126 1.0294e+02        315     0.2181  0.000e+00
      2.345   64.99130 -169.13848      2.368     2.3965     2.3775     2.3963    32.3903    32.3861  1025.8626    25.8514    298.763    290.947  333.97835     89.456     87.071     0.2906     1.3956     3.8462     0.8126 1.0265e+02        316     0.2188  0.000e+00
      2.407   64.99130 -169.13848      2.431     2.4061     2.3724     2.4060    32.3892    32.3837  1025.8613    25.8498    298.725    290.797  333.90026     89.465     87.014     0.2906     1.3956     3.8462     0.8126 1.0265e+02        317     0.2194  0.000e+00
      2.345   64.99130 -169.13848      2.368     2.4074     2.3719     2.4073    32.3881    32.3828  1025.8601    25.8489    298.986    290.774  333.89261     89.546     87.005     0.2894     1.3883     3.8462     0.8126 1.0236e+02        318     0.2201  0.000e+00
      2.461   64.99130 -169.13848      2.485     2.4075     2.3724     2.4074    32.3867    32.3847  1025.8595    25.8478    299.088    290.742  333.89483     89.575     86.998     0.2906     1.3956     3.8462     0.8126 1.0323e+02        319     0.2208  0.000e+00
      2.407   64.99130 -169.13848      2.431     2.4080     2.3724     2.4078    32.3844    32.3861  1025.8573    25.8458    299.192    290.731  333.89721     89.606     86.996     0.2918     1.4029     3.8462     0.8126 1.0410e+02        320     0.2215  0.000e+00
      2.461   64.99130 -169.13848      2.485     2.4068     2.3719     2.4067    32.3813    32.3859  1025.8552    25.8435    299.324    290.731  333.91495     89.641     86.994     0.2906     1.3956     3.8462     0.8126 1.0440e+02        321     0.2222  0.000e+00
      2.407   64.99130 -169.13848      2.431     2.4011     2.3685     2.4010    32.3772    32.3848  1025.8521    25.8406    299.502    290.727  333.97280     89.679     86.985     0.2906     1.3956     3.8462     0.8126 1.0528e+02        322     0.2229  0.000e+00
      2.461   64.99130 -169.13848      2.485     2.3919     2.3626     2.3918    32.3735    32.3836  1025.8501    25.8384    299.684    290.746  334.05900     89.710     86.977     0.2906     1.3956     3.8462     0.8126 1.0678e+02        323     0.2236  0.000e+00
      2.407   64.99132 -169.13848      2.431     2.3831     2.3567     2.3829    32.3698    32.3810  1025.8476    25.8361    299.868    290.761  334.14261     89.742     86.967     0.2906     1.3956     3.8462     0.8126 1.0708e+02        324     0.2243  0.000e+00
      2.461   64.99132 -169.13848      2.485     2.3752     2.3346     2.3751    32.3643    32.3885  1025.8441    25.8323    300.280    290.916  334.22204     89.844     86.970     0.2894     1.3883     3.8462     0.8126 1.0738e+02        325     0.2250  0.000e+00
      2.407   64.99132 -169.13848      2.431     2.3696     2.3168     2.3695    32.3551    32.3805  1025.8369    25.8254    300.460    291.039  334.29258     89.879     86.963     0.2906     1.3956     3.8462     0.8126 1.0829e+02        326     0.2257  0.000e+00
      2.407   64.99132 -169.13848      2.430     2.3595     2.3019     2.3594    32.3512    32.3679  1025.8345    25.8231    300.674    291.173  334.38718     89.918     86.962     0.2784     1.3223     3.8462     0.8126 1.0829e+02        327     0.2264  0.000e+00
      2.407   64.99132 -169.13848      2.430     2.3451     2.2868     2.3450    32.3507    32.3584  1025.8353    25.8238    301.143    291.301  334.50879     90.026     86.961     0.2589     1.2051     3.8462     0.8126 1.0859e+02        328     0.2271  0.000e+00
      2.407   64.99132 -169.13848      2.430     2.3304     2.2727     2.3302    32.3484    32.3531  1025.8345    25.8230    301.438    291.411  334.63806     90.079     86.960     0.2540     1.1758     3.8535     0.8050 1.0890e+02        329     0.2278  0.000e+00
      2.345   64.99132 -169.13848      2.368     2.3155     2.2604     2.3154    32.3471    32.3497  1025.8343    25.8232    301.732    291.499  334.76602     90.132     86.957     0.2540     1.1758     3.8596     0.7986 1.0890e+02        330     0.2285  0.000e+00
      2.407   64.99132 -169.13848      2.430     2.3054     2.2466     2.3053    32.3448    32.3437  1025.8335    25.8221    302.218    291.608  334.85643     90.253     86.955     0.2552     1.1831     3.8596     0.7986 1.0859e+02        331     0.2292  0.000e+00
      2.407   64.99132 -169.13848      2.430     2.2993     2.2277     2.2992    32.3375    32.3322  1025.8281    25.8167    302.457    291.794  334.92652     90.305     86.962     0.2540     1.1758     3.8596     0.7986 1.0738e+02        332     0.2299  0.000e+00
      2.345   64.99132 -169.13848      2.368     2.2821     2.1978     2.2820    32.3255    32.3183  1025.8196    25.8084    302.801    292.248  335.10167     90.361     87.023     0.2540     1.1758     3.8596     0.7986 1.0678e+02        333     0.2306  0.000e+00
      2.345   64.99132 -169.13848      2.368     2.2617     2.1656     2.2616    32.3096    32.3028  1025.8085    25.7973    303.184    292.751  335.31388     90.418     87.092     0.2540     1.1758     3.8596     0.7986 1.0647e+02        334     0.2313  0.000e+00
      2.345   64.99132 -169.13848      2.368     2.2428     2.1383     2.2427    32.3012    32.2912  1025.8031    25.7919    303.761    292.826  335.49419     90.541     87.047     0.2552     1.1831     3.8596     0.7986 1.0469e+02        335     0.2319  0.000e+00
      2.345   64.99132 -169.13848      2.368     2.2308     2.1182     2.2307    32.3032    32.2839  1025.8057    25.7945    304.066    293.030  335.58972     90.607     87.058     0.2540     1.1758     3.8596     0.7986 1.0352e+02        336     0.2326  0.000e+00
      2.345   64.99132 -169.13848      2.368     2.2307     2.1047     2.2306    32.3127    32.2803  1025.8133    25.8021    304.249    293.370  335.56678     90.667     87.128     0.2552     1.1831     3.8596     0.7986 1.0323e+02        337     0.2333  0.000e+00
      2.291   64.99132 -169.13848      2.314     2.2368     2.0984     2.2367    32.3237    32.2798  1025.8214    25.8105    304.555    293.438  335.48689     90.780     87.134     0.2552     1.1831     3.8596     0.7986 1.0179e+02        338     0.2340  0.000e+00
      2.345   64.99132 -169.13848      2.368     2.2450     2.0991     2.2449    32.3330    32.2825  1025.8284    25.8172    304.659    293.442  335.39431     90.836     87.138     0.2552     1.1831     3.8596     0.7986 1.0036e+02        339     0.2347  0.000e+00
      2.229   64.99132 -169.13848      2.251     2.2529     2.0978     2.2528    32.3390    32.2849  1025.8321    25.8214    304.762    293.678  335.31245     90.889     87.207     0.2552     1.1831     3.8596     0.7986 1.0008e+02        340     0.2354  0.000e+00
      2.291   64.99132 -169.13848      2.313     2.2630     2.0955     2.2629    32.3441    32.2828  1025.8357    25.8247    305.035    293.761  335.21468     90.997     87.225     0.2540     1.1758     3.8596     0.7986 9.8961e+01        341     0.2361  0.000e+00
      2.229   64.99132 -169.13848      2.251     2.2637     2.0975     2.2636    32.3216    32.2804  1025.8174    25.8067    305.256    294.001  335.26579     91.049     87.299     0.2552     1.1831     3.8596     0.7986 9.8129e+01        342     0.2368  0.000e+00
      2.229   64.99132 -169.13848      2.251     2.2378     2.0980     2.2377    32.2851    32.2818  1025.7901    25.7795    305.740    294.067  335.57728     91.109     87.321     0.2540     1.1758     3.8596     0.7986 9.7853e+01        343     0.2375  0.000e+00
      2.229   64.99132 -169.13848      2.251     2.2069     2.0976     2.2068    32.2630    32.2819  1025.7747    25.7641    306.229    294.339  335.89495     91.168     87.401     0.2552     1.1831     3.8596     0.7986 9.7030e+01        344     0.2382  0.000e+00
      2.229   64.99132 -169.13848      2.251     2.1756     2.0966     2.1755    32.2506    32.2789  1025.7671    25.7565    306.916    294.443  336.19087     91.292     87.427     0.2540     1.1758     3.8596     0.7986 9.5944e+01        345     0.2389  0.000e+00
      2.175   64.99132 -169.13848      2.197     2.1450     2.0902     2.1449    32.2437    32.2720  1025.7636    25.7533    307.163    294.594  336.46708     91.291     87.453     0.2540     1.1758     3.8596     0.7986 9.5405e+01        346     0.2396  0.000e+00
      2.198   64.99132 -169.13848      2.220     2.1197     2.0799     2.1196    32.2384    32.2656  1025.7613    25.7509    307.804    294.974  336.69493     91.419     87.540     0.2540     1.1758     3.8596     0.7986 9.4603e+01        347     0.2403  0.000e+00
      2.175   64.99132 -169.13846      2.197     2.0976     2.0732     2.0975    32.2366    32.2655  1025.7615    25.7511    308.136    295.127  336.88610     91.466     87.570     0.2552     1.1831     3.8596     0.7986 9.3019e+01        348     0.2410  0.000e+00
      2.121   64.99132 -169.13846      2.142     2.0799     2.0743     2.0798    32.2374    32.2711  1025.7631    25.7530    308.411    295.194  337.03443     91.507     87.596     0.2552     1.1831     3.8584     0.7999 9.2757e+01        349     0.2417  0.000e+00
      2.121   64.99132 -169.13846      2.142     2.0673     2.0750     2.0672    32.2404    32.2760  1025.7664    25.7563    308.626    295.461  337.13401     91.544     87.680     0.2540     1.1758     3.8559     0.8024 9.2236e+01        350     0.2424  0.000e+00
      2.121   64.99132 -169.13846      2.142     2.0597     2.0752     2.0596    32.2433    32.2752  1025.7694    25.7592    308.786    295.563  337.19094     91.576     87.710     0.2552     1.1831     3.8559     0.8024 9.1203e+01        351     0.2431  0.000e+00
      2.059   64.99132 -169.13846      2.080     2.0555     2.0743     2.0554    32.2472    32.2736  1025.7724    25.7626    308.938    295.867  337.21611     91.614     87.797     0.2552     1.1831     3.8559     0.8024 9.0947e+01        352     0.2437  0.000e+00
      2.059   64.99132 -169.13846      2.080     2.0558     2.0729     2.0557    32.2601    32.2721  1025.7828    25.7729    308.983    295.792  337.18091     91.637     87.771     0.2698     1.2710     3.8559     0.8024 9.1718e+01        353     0.2444  0.000e+00
      2.059   64.99132 -169.13846      2.080     2.0648     2.0732     2.0647    32.2777    32.2714  1025.7962    25.7864    308.926    296.071  337.05898     91.653     87.854     0.2772     1.3150     3.8559     0.8024 9.5944e+01        354     0.2451  0.000e+00
      2.005   64.99132 -169.13846      2.025     2.0756     2.0772     2.0755    32.2794    32.2719  1025.7965    25.7870    309.102    296.129  336.96233     91.732     87.880     0.2796     1.3297     3.8559     0.8024 9.8129e+01        355     0.2458  0.000e+00
      2.005   64.99132 -169.13846      2.025     2.0815     2.0765     2.0814    32.2729    32.2713  1025.7909    25.7813    308.921    296.224  336.92988     91.687     87.907     0.2772     1.3150     3.8559     0.8024 9.8406e+01        356     0.2465  0.000e+00
      2.005   64.99132 -169.13846      2.025     2.0860     2.0718     2.0859    32.2710    32.2672  1025.7890    25.7794    308.693    296.353  336.89660     91.628     87.932     0.2784     1.3223     3.8559     0.8024 1.0179e+02        357     0.2472  0.000e+00
      2.059   64.99132 -169.13846      2.080     2.0855     2.0693     2.0854    32.2624    32.2648  1025.7824    25.7726    308.891    296.654  336.92233     91.680     88.014     0.2784     1.3223     3.8559     0.8024 1.0381e+02        358     0.2479  0.000e+00
      1.943   64.99132 -169.13846      1.963     2.0768     2.0659     2.0767    32.2482    32.2648  1025.7712    25.7619    309.195    296.765  337.03318     91.740     88.039     0.2772     1.3150     3.8559     0.8024 1.0410e+02        359     0.2486  0.000e+00
      2.005   64.99132 -169.13846      2.025     2.0706     2.0608     2.0705    32.2445    32.2614  1025.7689    25.7593    309.034    296.896  337.09538     91.675     88.065     0.2784     1.3223     3.8559     0.8024 1.0618e+02        360     0.2493  0.000e+00
      2.005   64.99132 -169.13846      2.025     2.0699     2.0546     2.0698    32.2493    32.2568  1025.7729    25.7633    308.974    297.028  337.08832     91.660     88.087     0.2784     1.3223     3.8559     0.8024 1.0798e+02        361     0.2500  0.000e+00
      1.943   64.99132 -169.13846      1.963     2.0685     2.0499     2.0684    32.2498    32.2542  1025.7730    25.7638    308.692    297.132  337.09913     91.573     88.105     0.2784     1.3223     3.8559     0.8024 1.0829e+02        362     0.2507  0.000e+00
