EcoFOCI/data/1_SampleCollection/2023_SikuliaqDBO_CruiseData/CTD_raw_BottleFile_SKQ23-12S/proc/skq202312s_015svp.cnv
* Sea-Bird SBE 9 Data File:
* FileName = D:\CTD\SKQ202312S\SKQ202312S_015.hex
* Software Version Seasave V 7.26.7.121
* Temperature SN = 6177
* Conductivity SN = 0369
* Number of Bytes Per Scan = 41
* Number of Voltage Words = 4
* Number of Scans Averaged by the Deck Unit = 1
* NMEA Latitude = 64 40.48 N
* NMEA Longitude = 169 28.25 W
* NMEA UTC (Time) = Sep 17 2023  12:08:54
* NMEA baud rate = 4800
** Ship: R/V Sikuliaq
** Station Number: 015
** Station Name: DBO2.1A
** Bottom Depth: 44
** Operator: Bern
# nquan = 7
# nvalues = 3941                                  
# units = specified
# name 0 = depSM: Depth [salt water, m]
# name 1 = latitude: Latitude [deg]
# name 2 = longitude: Longitude [deg]
# name 3 = t090C: Temperature [ITS-90, deg C]
# name 4 = sal00: Salinity, Practical [PSU]
# name 5 = svCM: Sound Velocity [Chen-Millero, m/s]
# name 6 = flag:  0.000e+00
# span 0 =      1.660,     39.630                 
# span 1 =   64.67388,   64.67418                 
# span 2 = -169.47154, -169.47120                 
# span 3 =     1.9563,     2.5748                 
# span 4 =    31.9284,    32.7519                 
# span 5 =    1454.33,    1457.60                 
# span 6 = 0.0000e+00, 0.0000e+00                 
# interval = seconds: 0.0416667
# start_time = Sep 17 2023 12:12:19 [NMEA time, first data scan]
# bad_flag = -9.990e-29
*END*
[from data line 3077]
     34.812   64.67392 -169.47152     1.9730    32.7211    1455.56  0.000e+00
     34.766   64.67392 -169.47152     1.9729    32.7212    1455.56  0.000e+00
     34.820   64.67392 -169.47152     1.9726    32.7219    1455.56  0.000e+00
     34.812   64.67392 -169.47152     1.9728    32.7212    1455.56  0.000e+00
     34.766   64.67392 -169.47152     1.9728    32.7206    1455.55  0.000e+00
     34.766   64.67392 -169.47152     1.9731    32.7203    1455.55  0.000e+00
     34.812   64.67392 -169.47152     1.9731    32.7201    1455.56  0.000e+00
     34.766   64.67392 -169.47152     1.9731    32.7195    1455.55  0.000e+00
     34.704   64.67392 -169.47152     1.9733    32.7195    1455.55  0.000e+00
     34.751   64.67392 -169.47152     1.9733    32.7195    1455.55  0.000e+00
     34.766   64.67392 -169.47152     1.9733    32.7196    1455.55  0.000e+00
     34.704   64.67392 -169.47152     1.9731    32.7199    1455.55  0.000e+00
     34.751   64.67392 -169.47152     1.9733    32.7194    1455.55  0.000e+00
     34.704   64.67392 -169.47152     1.9731    32.7194    1455.55  0.000e+00
     34.697   64.67392 -169.47152     1.9734    32.7186    1455.55  0.000e+00
     34.704   64.67392 -169.47152     1.9734    32.7186    1455.55  0.000e+00
     34.704   64.67392 -169.47152     1.9733    32.7189    1455.55  0.000e+00
     34.697   64.67392 -169.47152     1.9734    32.7186    1455.55  0.000e+00
     34.650   64.67392 -169.47152     1.9733    32.7187    1455.55  0.000e+00
     34.704   64.67392 -169.47152     1.9734    32.7186    1455.55  0.000e+00
     34.643   64.67392 -169.47152     1.9734    32.7190    1455.55  0.000e+00
     34.704   64.67392 -169.47152     1.9734    32.7189    1455.55  0.000e+00
     34.650   64.67392 -169.47152     1.9735    32.7189    1455.55  0.000e+00
     34.643   64.67392 -169.47152     1.9733    32.7191    1455.55  0.000e+00
     34.650   64.67392 -169.47152     1.9734    32.7190    1455.55  0.000e+00
     34.650   64.67392 -169.47152     1.9731    32.7192    1455.55  0.000e+00
     34.697   64.67392 -169.47152     1.9731    32.7196    1455.55  0.000e+00
     34.650   64.67392 -169.47152     1.9733    32.7194    1455.55  0.000e+00
     34.650   64.67392 -169.47152     1.9734    32.7187    1455.55  0.000e+00
     34.643   64.67392 -169.47152     1.9734    32.7185    1455.55  0.000e+00
     34.650   64.67392 -169.47152     1.9734    32.7186    1455.55  0.000e+00
     34.596   64.67392 -169.47152     1.9733    32.7190    1455.55  0.000e+00
     34.643   64.67392 -169.47152     1.9733    32.7191    1455.55  0.000e+00
     34.650   64.67392 -169.47152     1.9734    32.7184    1455.55  0.000e+00
     34.697   64.67392 -169.47152     1.9734    32.7181    1455.55  0.000e+00
     34.596   64.67392 -169.47152     1.9734    32.7188    1455.55  0.000e+00
     34.650   64.67392 -169.47152     1.9734    32.7185    1455.55  0.000e+00
     34.642   64.67392 -169.47152     1.9734    32.7187    1455.55  0.000e+00
     34.650   64.67392 -169.47152     1.9734    32.7189    1455.55  0.000e+00
     34.650   64.67392 -169.47152     1.9733    32.7192    1455.55  0.000e+00
     34.581   64.67392 -169.47152     1.9734    32.7190    1455.55  0.000e+00
     34.650   64.67392 -169.47152     1.9733    32.7192    1455.55  0.000e+00
     34.650   64.67392 -169.47152     1.9733    32.7195    1455.55  0.000e+00
     34.642   64.67392 -169.47152     1.9729    32.7200    1455.55  0.000e+00
     34.650   64.67392 -169.47152     1.9733    32.7193    1455.55  0.000e+00
     34.650   64.67392 -169.47152     1.9733    32.7191    1455.55  0.000e+00
     34.642   64.67392 -169.47152     1.9731    32.7193    1455.55  0.000e+00
     34.650   64.67392 -169.47152     1.9733    32.7193    1455.55  0.000e+00
     34.650   64.67392 -169.47152     1.9731    32.7192    1455.55  0.000e+00
     34.696   64.67392 -169.47152     1.9733    32.7192    1455.55  0.000e+00
     34.596   64.67392 -169.47152     1.9731    32.7197    1455.55  0.000e+00
     34.704   64.67392 -169.47152     1.9734    32.7190    1455.55  0.000e+00
     34.642   64.67392 -169.47152     1.9733    32.7190    1455.55  0.000e+00
     34.704   64.67392 -169.47152     1.9731    32.7198    1455.55  0.000e+00
     34.642   64.67392 -169.47152     1.9731    32.7198    1455.55  0.000e+00
     34.650   64.67392 -169.47152     1.9731    32.7196    1455.55  0.000e+00
     34.704   64.67392 -169.47152     1.9734    32.7192    1455.55  0.000e+00
     34.696   64.67392 -169.47152     1.9733    32.7192    1455.55  0.000e+00
     34.650   64.67392 -169.47152     1.9733    32.7187    1455.55  0.000e+00
     34.650   64.67392 -169.47152     1.9734    32.7193    1455.55  0.000e+00
     34.750   64.67392 -169.47152     1.9733    32.7196    1455.55  0.000e+00
     34.650   64.67392 -169.47152     1.9731    32.7195    1455.55  0.000e+00
     34.704   64.67392 -169.47152     1.9733    32.7200    1455.55  0.000e+00
     34.696   64.67392 -169.47152     1.9729    32.7200    1455.55  0.000e+00
     34.704   64.67392 -169.47152     1.9731    32.7197    1455.55  0.000e+00
     34.704   64.67392 -169.47152     1.9728    32.7207    1455.55  0.000e+00
     34.696   64.67392 -169.47152     1.9731    32.7204    1455.55  0.000e+00
     34.704   64.67392 -169.47152     1.9731    32.7206    1455.55  0.000e+00
     34.704   64.67392 -169.47152     1.9731    32.7209    1455.55  0.000e+00
     34.750   64.67392 -169.47152     1.9730    32.7207    1455.55  0.000e+00
     34.704   64.67392 -169.47152     1.9728    32.7211    1455.55  0.000e+00
     34.704   64.67392 -169.47152     1.9728    32.7214    1455.55  0.000e+00
     34.696   64.67392 -169.47152     1.9726    32.7214    1455.55  0.000e+00
     34.704   64.67392 -169.47152     1.9728    32.7210    1455.55  0.000e+00
     34.750   64.67392 -169.47152     1.9726    32.7217    1455.55  0.000e+00
     34.704   64.67392 -169.47152     1.9724    32.7219    1455.55  0.000e+00
     34.766   64.67392 -169.47152     1.9727    32.7215    1455.55  0.000e+00
     34.696   64.67392 -169.47152     1.9724    32.7212    1455.55  0.000e+00
     34.766   64.67392 -169.47152     1.9728    32.7209    1455.55  0.000e+00
     34.704   64.67392 -169.47152     1.9726    32.7212    1455.55  0.000e+00
     34.696   64.67392 -169.47152     1.9727    32.7214    1455.55  0.000e+00
     34.766   64.67392 -169.47152     1.9729    32.7211    1455.55  0.000e+00
     34.704   64.67392 -169.47152     1.9728    32.7216    1455.55  0.000e+00
     34.750   64.67392 -169.47152     1.9728    32.7215    1455.55  0.000e+00
     34.766   64.67392 -169.47152     1.9729    32.7212    1455.56  0.000e+00
     34.704   64.67392 -169.47152     1.9728    32.7210    1455.55  0.000e+00
     34.750   64.67392 -169.47152     1.9729    32.7211    1455.55  0.000e+00
     34.704   64.67392 -169.47152     1.9728    32.7211    1455.55  0.000e+00
     34.766   64.67392 -169.47152     1.9728    32.7214    1455.55  0.000e+00
     34.750   64.67392 -169.47152     1.9726    32.7216    1455.55  0.000e+00
     34.704   64.67392 -169.47152     1.9728    32.7219    1455.55  0.000e+00
     34.766   64.67392 -169.47152     1.9728    32.7214    1455.55  0.000e+00
     34.696   64.67392 -169.47152     1.9727    32.7214    1455.55  0.000e+00
     34.766   64.67392 -169.47152     1.9726    32.7215    1455.55  0.000e+00
     34.704   64.67392 -169.47152     1.9727    32.7216    1455.55  0.000e+00
     34.750   64.67392 -169.47152     1.9724    32.7218    1455.55  0.000e+00
     34.766   64.67392 -169.47152     1.9728    32.7214    1455.55  0.000e+00
     34.696   64.67392 -169.47152     1.9728    32.7219    1455.55  0.000e+00
     34.766   64.67392 -169.47152     1.9729    32.7214    1455.56  0.000e+00
     34.766   64.67392 -169.47152     1.9728    32.7216    1455.56  0.000e+00
     34.696   64.67392 -169.47152     1.9726    32.7220    1455.55  0.000e+00
     34.766   64.67392 -169.47152     1.9728    32.7214    1455.55  0.000e+00
     34.704   64.67392 -169.47152     1.9728    32.7215    1455.55  0.000e+00
     34.750   64.67392 -169.47152     1.9727    32.7218    1455.55  0.000e+00
     34.704   64.67392 -169.47152     1.9726    32.7219    1455.55  0.000e+00
     34.766   64.67392 -169.47152     1.9726    32.7222    1455.55  0.000e+00
     34.696   64.67392 -169.47152     1.9727    32.7219    1455.55  0.000e+00
     34.766   64.67392 -169.47152     1.9728    32.7220    1455.56  0.000e+00
     34.704   64.67392 -169.47152     1.9723    32.7227    1455.55  0.000e+00
     34.750   64.67392 -169.47152     1.9726    32.7221    1455.55  0.000e+00
     34.704   64.67392 -169.47152     1.9728    32.7223    1455.55  0.000e+00
     34.766   64.67392 -169.47152     1.9728    32.7222    1455.56  0.000e+00
     34.750   64.67392 -169.47152     1.9725    32.7227    1455.55  0.000e+00
     34.704   64.67392 -169.47152     1.9724    32.7226    1455.55  0.000e+00
     34.704   64.67392 -169.47152     1.9723    32.7228    1455.55  0.000e+00
     34.750   64.67392 -169.47152     1.9725    32.7227    1455.55  0.000e+00
     34.704   64.67392 -169.47152     1.9723    32.7231    1455.55  0.000e+00
     34.750   64.67392 -169.47152     1.9723    32.7233    1455.55  0.000e+00
     34.704   64.67392 -169.47152     1.9723    32.7232    1455.55  0.000e+00
     34.704   64.67392 -169.47152     1.9723    32.7229    1455.55  0.000e+00
     34.750   64.67392 -169.47152     1.9724    32.7229    1455.55  0.000e+00
     34.704   64.67392 -169.47152     1.9726    32.7229    1455.55  0.000e+00
     34.704   64.67392 -169.47152     1.9723    32.7228    1455.55  0.000e+00
     34.750   64.67392 -169.47152     1.9723    32.7232    1455.55  0.000e+00
     34.704   64.67392 -169.47152     1.9725    32.7228    1455.55  0.000e+00
     34.704   64.67392 -169.47152     1.9724    32.7227    1455.55  0.000e+00
     34.750   64.67392 -169.47152     1.9723    32.7235    1455.56  0.000e+00
     34.704   64.67392 -169.47152     1.9723    32.7237    1455.55  0.000e+00
     34.766   64.67392 -169.47152     1.9723    32.7233    1455.55  0.000e+00
     34.696   64.67392 -169.47152     1.9722    32.7230    1455.55  0.000e+00
     34.766   64.67392 -169.47152     1.9724    32.7231    1455.56  0.000e+00
     34.704   64.67392 -169.47152     1.9723    32.7247    1455.56  0.000e+00
     34.750   64.67392 -169.47152     1.9728    32.7253    1455.56  0.000e+00
     34.704   64.67392 -169.47152     1.9737    32.7223    1455.56  0.000e+00
     34.766   64.67392 -169.47152     1.9734    32.6977    1455.53  0.000e+00
     34.696   64.67392 -169.47152     1.9737    32.6153    1455.42  0.000e+00
     34.766   64.67392 -169.47152     1.9735    32.5499    1455.33  0.000e+00
     34.704   64.67392 -169.47152     1.9733    32.5507    1455.33  0.000e+00
     34.750   64.67392 -169.47152     1.9736    32.4391    1455.19  0.000e+00
     34.766   64.67392 -169.47152     1.9733    32.3719    1455.10  0.000e+00
     34.750   64.67392 -169.47152     1.9737    32.4970    1455.26  0.000e+00
     34.704   64.67392 -169.47152     1.9731    32.6147    1455.41  0.000e+00
     34.766   64.67392 -169.47152     1.9728    32.6949    1455.52  0.000e+00
     34.750   64.67392 -169.47152     1.9729    32.7143    1455.55  0.000e+00
     34.704   64.67392 -169.47152     1.9728    32.7169    1455.55  0.000e+00
     34.766   64.67392 -169.47152     1.9728    32.7124    1455.54  0.000e+00
     34.750   64.67392 -169.47152     1.9731    32.7069    1455.54  0.000e+00
     34.766   64.67392 -169.47152     1.9727    32.7104    1455.54  0.000e+00
     34.766   64.67392 -169.47152     1.9731    32.7093    1455.54  0.000e+00
     34.750   64.67392 -169.47152     1.9728    32.7110    1455.54  0.000e+00
     34.766   64.67392 -169.47152     1.9731    32.7110    1455.54  0.000e+00
     34.766   64.67392 -169.47152     1.9731    32.7095    1455.54  0.000e+00
     34.750   64.67392 -169.47152     1.9731    32.7075    1455.54  0.000e+00
     34.766   64.67392 -169.47152     1.9733    32.7111    1455.54  0.000e+00
     34.766   64.67392 -169.47152     1.9734    32.7029    1455.53  0.000e+00
     34.812   64.67392 -169.47152     1.9733    32.6912    1455.52  0.000e+00
     34.766   64.67392 -169.47152     1.9734    32.6909    1455.52  0.000e+00
     34.766   64.67392 -169.47152     1.9735    32.6943    1455.52  0.000e+00
     34.812   64.67392 -169.47152     1.9737    32.6958    1455.53  0.000e+00
     34.766   64.67392 -169.47152     1.9733    32.6966    1455.52  0.000e+00
     34.750   64.67392 -169.47152     1.9734    32.6880    1455.51  0.000e+00
     34.820   64.67392 -169.47152     1.9734    32.6743    1455.50  0.000e+00
     34.766   64.67392 -169.47152     1.9734    32.6478    1455.46  0.000e+00
     34.812   64.67392 -169.47152     1.9733    32.6387    1455.45  0.000e+00
     34.766   64.67392 -169.47152     1.9734    32.6722    1455.49  0.000e+00
     34.820   64.67392 -169.47152     1.9731    32.6961    1455.52  0.000e+00
     34.812   64.67392 -169.47152     1.9737    32.6820    1455.51  0.000e+00
     34.766   64.67392 -169.47152     1.9734    32.6846    1455.51  0.000e+00
     34.820   64.67392 -169.47152     1.9734    32.7085    1455.54  0.000e+00
     34.812   64.67392 -169.47152     1.9735    32.7032    1455.53  0.000e+00
     34.766   64.67392 -169.47152     1.9736    32.6885    1455.52  0.000e+00
     34.820   64.67392 -169.47152     1.9733    32.6923    1455.52  0.000e+00
     34.812   64.67392 -169.47152     1.9736    32.6845    1455.51  0.000e+00
     34.820   64.67392 -169.47152     1.9731    32.7072    1455.54  0.000e+00
     34.766   64.67392 -169.47152     1.9728    32.7212    1455.55  0.000e+00
     34.812   64.67392 -169.47152     1.9728    32.7242    1455.56  0.000e+00
     34.820   64.67392 -169.47152     1.9730    32.7238    1455.56  0.000e+00
     34.766   64.67392 -169.47152     1.9726    32.7237    1455.56  0.000e+00
     34.812   64.67392 -169.47152     1.9728    32.7244    1455.56  0.000e+00
     34.820   64.67392 -169.47152     1.9728    32.7241    1455.56  0.000e+00
     34.766   64.67392 -169.47152     1.9726    32.7238    1455.56  0.000e+00
     34.812   64.67392 -169.47152     1.9725    32.7252    1455.56  0.000e+00
     34.820   64.67392 -169.47152     1.9726    32.7254    1455.56  0.000e+00
     34.766   64.67392 -169.47152     1.9723    32.7259    1455.56  0.000e+00
     34.812   64.67392 -169.47152     1.9724    32.7262    1455.56  0.000e+00
     34.766   64.67392 -169.47152     1.9724    32.7260    1455.56  0.000e+00
     34.812   64.67392 -169.47152     1.9725    32.7257    1455.56  0.000e+00
     34.766   64.67392 -169.47152     1.9723    32.7261    1455.56  0.000e+00
     34.820   64.67392 -169.47152     1.9723    32.7261    1455.56  0.000e+00
     34.750   64.67392 -169.47152     1.9723    32.7263    1455.56  0.000e+00
     34.766   64.67392 -169.47152     1.9725    32.7263    1455.56  0.000e+00
     34.766   64.67392 -169.47152     1.9723    32.7266    1455.56  0.000e+00
     34.812   64.67392 -169.47152     1.9723    32.7263    1455.56  0.000e+00
     34.704   64.67392 -169.47152     1.9723    32.7265    1455.56  0.000e+00
     34.766   64.67390 -169.47152     1.9722    32.7265    1455.56  0.000e+00
     34.812   64.67390 -169.47152     1.9723    32.7265    1455.56  0.000e+00
     34.766   64.67390 -169.47152     1.9723    32.7263    1455.56  0.000e+00
     34.704   64.67390 -169.47152     1.9725    32.7264    1455.56  0.000e+00
     34.750   64.67390 -169.47152     1.9724    32.7262    1455.56  0.000e+00
     34.766   64.67390 -169.47152     1.9723    32.7265    1455.56  0.000e+00
     34.704   64.67390 -169.47152     1.9723    32.7266    1455.56  0.000e+00
     34.750   64.67390 -169.47152     1.9723    32.7262    1455.56  0.000e+00
     34.704   64.67390 -169.47152     1.9723    32.7264    1455.56  0.000e+00
     34.766   64.67390 -169.47152     1.9724    32.7260    1455.56  0.000e+00
     34.696   64.67390 -169.47152     1.9722    32.7266    1455.56  0.000e+00
