EcoFOCI/data/1_SampleCollection/2023_SikuliaqDBO_CruiseData/CTD_raw_BottleFile_SKQ23-12S/proc/skq202312s_021.ros
* Sea-Bird SBE 9 Data File:
* FileName = D:\CTD\SKQ202312S\SKQ202312S_021.hex
* Software Version Seasave V 7.26.7.121
* Temperature SN = 6177
* Conductivity SN = 0369
* Number of Bytes Per Scan = 41
* Number of Voltage Words = 4
* Number of Scans Averaged by the Deck Unit = 1
* NMEA Latitude = 64 59.46 N
* NMEA Longitude = 169 08.29 W
* NMEA UTC (Time) = Sep 18 2023  02:53:31
* NMEA baud rate = 4800
** Ship: R/V Sikuliaq
** Station Number: 021
** Station Name: DBO2.5
** Bottom Depth: 48
** Operator: SS
# nquan = 22
# nvalues = 1127                                  
# units = specified
# name 0 = depSM: Depth [salt water, m]
# name 1 = latitude: Latitude [deg]
# name 2 = longitude: Longitude [deg]
# name 3 = prDM: Pressure, Digiquartz [db]
# name 4 = t090C: Temperature [ITS-90, deg C]
# name 5 = t190C: Temperature, 2 [ITS-90, deg C]
# name 6 = potemp090C: Potential Temperature [ITS-90, deg C]
# name 7 = sal00: Salinity, Practical [PSU]
# name 8 = sal11: Salinity, Practical, 2 [PSU]
# name 9 = density00: Density [density, kg/m^3]
# name 10 = sigma-é00: Density [sigma-theta, kg/m^3]
# name 11 = sbox0Mm/Kg: Oxygen, SBE 43 [umol/kg]
# name 12 = sbox1Mm/Kg: Oxygen, SBE 43, 2 [umol/kg]
# name 13 = oxsolMm/Kg: Oxygen Saturation, Garcia & Gordon [umol/kg]
# name 14 = sbeox0PS: Oxygen, SBE 43 [% saturation]
# name 15 = v0: Voltage 0
# name 16 = flECO-AFL: Fluorescence, WET Labs ECO-AFL/FL [mg/m^3]
# name 17 = CStarAt0: Beam Attenuation, WET Labs C-Star [1/m]
# name 18 = par: PAR/Irradiance, Biospherical/Licor
# name 19 = scan: Scan Count
# name 20 = nbf: Bottles Fired
# name 21 = flag:  0.000e+00
# interval = seconds: 0.0416667
# start_time = Sep 18 2023 02:57:41 [NMEA time, first data scan]
# bad_flag = -9.990e-29
*END*
[from data line 66]
     42.821   64.99154 -169.13858     43.249     3.1233     3.1158     3.1208    32.8419    32.8578  1026.3548    26.1520    257.942    247.450  326.88297     78.910     0.1294     0.4286     1.0900 3.5840e-01       4889          2  0.000e+00
     42.767   64.99154 -169.13858     43.195     3.1196     3.1181     3.1171    32.8445    32.8564  1026.3569    26.1544    257.787    247.422  326.90667     78.857     0.1282     0.4212     1.0900 3.5975e-01       4890          2  0.000e+00
     42.829   64.99154 -169.13858     43.257     3.1172     3.1199     3.1147    32.8467    32.8555  1026.3592    26.1564    257.961    247.402  326.92004     78.906     0.1294     0.4286     1.0887 3.6244e-01       4891          2  0.000e+00
     42.829   64.99154 -169.13858     43.257     3.1176     3.1210     3.1150    32.8467    32.8545  1026.3592    26.1564    257.794    247.411  326.91747     78.856     0.1282     0.4212     1.0900 3.6244e-01       4892          2  0.000e+00
     42.767   64.99154 -169.13858     43.195     3.1193     3.1201     3.1167    32.8455    32.8550  1026.3577    26.1552    257.770    247.408  326.90684     78.851     0.1294     0.4286     1.0900 3.6380e-01       4893          2  0.000e+00
     42.767   64.99154 -169.13858     43.195     3.1213     3.1177     3.1188    32.8440    32.8573  1026.3563    26.1538    257.753    247.414  326.89422     78.849     0.1282     0.4212     1.0900 3.6516e-01       4894          2  0.000e+00
     42.821   64.99154 -169.13858     43.249     3.1232     3.1154     3.1207    32.8424    32.8592  1026.3551    26.1524    257.744    247.426  326.88266     78.849     0.1294     0.4286     1.0900 3.6516e-01       4895          2  0.000e+00
     42.767   64.99154 -169.13858     43.195     3.1216     3.1143     3.1191    32.8439    32.8600  1026.3562    26.1537    257.757    247.429  326.89185     78.851     0.1306     0.4359     1.0900 3.6516e-01       4896          2  0.000e+00
     42.829   64.99154 -169.13858     43.257     3.1188     3.1157     3.1163    32.8464    32.8585  1026.3588    26.1560    257.786    247.231  326.90838     78.856     0.1294     0.4286     1.0900 3.6652e-01       4897          2  0.000e+00
     42.767   64.99154 -169.13858     43.195     3.1178     3.1171     3.1152    32.8472    32.8573  1026.3592    26.1567    257.807    247.203  326.91461     78.861     0.1380     0.4798     1.0669 3.6652e-01       4898          2  0.000e+00
     42.713   64.99154 -169.13858     43.140     3.1208     3.1181     3.1183    32.8441    32.8562  1026.3562    26.1540    257.776    247.181  326.89780     78.855     0.1416     0.5018     1.0521 3.6652e-01       4899          2  0.000e+00
     42.875   64.99154 -169.13858     43.304     3.1238     3.1181     3.1213    32.8411    32.8560  1026.3544    26.1514    257.757    247.173  326.88099     78.854     0.1429     0.5091     1.0507 3.6652e-01       4900          2  0.000e+00
     42.767   64.99154 -169.13858     43.195     3.1257     3.1182     3.1232    32.8398    32.8561  1026.3526    26.1501    257.774    247.352  326.86892     78.862     0.1416     0.5018     1.0521 3.6652e-01       4901          2  0.000e+00
     42.829   64.99154 -169.13858     43.257     3.1271     3.1181     3.1246    32.8387    32.8563  1026.3519    26.1491    257.553    247.175  326.86032     78.796     0.1416     0.5018     1.0521 3.6652e-01       4902          2  0.000e+00
     42.767   64.99154 -169.13858     43.195     3.1282     3.1184     3.1257    32.8385    32.8565  1026.3513    26.1489    257.733    247.165  326.85184     78.853     0.1404     0.4945     1.0521 3.6244e-01       4903          2  0.000e+00
     42.767   64.99154 -169.13858     43.195     3.1291     3.1171     3.1266    32.8372    32.8577  1026.3502    26.1477    257.740    247.168  326.84773     78.856     0.1416     0.5018     1.0521 3.5975e-01       4904          2  0.000e+00
     42.829   64.99154 -169.13858     43.257     3.1326     3.1166     3.1301    32.8341    32.8576  1026.3477    26.1449    257.739    247.174  326.82752     78.861     0.1404     0.4945     1.0521 3.5840e-01       4905          2  0.000e+00
     42.767   64.99154 -169.13858     43.195     3.1359     3.1165     3.1334    32.8314    32.8577  1026.3450    26.1425    257.739    247.152  326.80755     78.866     0.1416     0.5018     1.0521 3.6244e-01       4906          2  0.000e+00
     42.829   64.99154 -169.13858     43.257     3.1381     3.1166     3.1356    32.8293    32.8575  1026.3434    26.1406    257.538    247.135  326.79513     78.807     0.1429     0.5091     1.0521 3.6788e-01       4907          2  0.000e+00
     42.828   64.99154 -169.13858     43.257     3.1388     3.1162     3.1362    32.8289    32.8577  1026.3430    26.1402    257.530    247.121  326.79109     78.806     0.1416     0.5018     1.0521 3.6788e-01       4908          2  0.000e+00
     42.767   64.99154 -169.13858     43.195     3.1383     3.1155     3.1358    32.8293    32.8575  1026.3431    26.1406    257.532    247.326  326.79397     78.805     0.1416     0.5018     1.0521 3.6516e-01       4909          2  0.000e+00
     42.828   64.99154 -169.13858     43.257     3.1373     3.1143     3.1348    32.8308    32.8589  1026.3447    26.1419    257.545    247.172  326.79796     78.809     0.1416     0.5018     1.0521 3.6109e-01       4910          2  0.000e+00
     42.767   64.99154 -169.13858     43.195     3.1375     3.1124     3.1350    32.8306    32.8608  1026.3442    26.1417    257.555    247.169  326.79709     78.812     0.1416     0.5018     1.0521 3.6109e-01       4911          2  0.000e+00
     42.821   64.99154 -169.13858     43.249     3.1388     3.1106     3.1362    32.8295    32.8624  1026.3435    26.1407    257.569    247.172  326.78958     78.818     0.1404     0.4945     1.0521 3.5975e-01       4912          2  0.000e+00
     42.828   64.99154 -169.13858     43.257     3.1408     3.1087     3.1383    32.8278    32.8640  1026.3420    26.1392    257.546    247.176  326.77689     78.814     0.1416     0.5018     1.0521 3.6109e-01       4913          2  0.000e+00
     42.828   64.99154 -169.13858     43.257     3.1414     3.1073     3.1389    32.8269    32.8653  1026.3412    26.1384    257.572    247.202  326.77444     78.823     0.1404     0.4945     1.0521 3.6109e-01       4914          2  0.000e+00
     42.828   64.99154 -169.13858     43.257     3.1397     3.1066     3.1371    32.8290    32.8657  1026.3431    26.1403    257.579    247.204  326.78338     78.823     0.1416     0.5018     1.0521 3.6109e-01       4915          2  0.000e+00
     42.767   64.99154 -169.13858     43.195     3.1380     3.1064     3.1354    32.8305    32.8661  1026.3441    26.1416    257.625    247.202  326.79344     78.834     0.1404     0.4945     1.0521 3.6109e-01       4916          2  0.000e+00
     42.882   64.99154 -169.13858     43.311     3.1368     3.1070     3.1343    32.8314    32.8653  1026.3455    26.1424    257.644    247.206  326.80019     78.838     0.1416     0.5018     1.0521 3.6109e-01       4917          2  0.000e+00
     42.821   64.99154 -169.13858     43.249     3.1363     3.1078     3.1337    32.8318    32.8645  1026.3456    26.1428    257.442    247.204  326.80395     78.776     0.1416     0.5018     1.0588 3.6109e-01       4918          2  0.000e+00
     42.828   64.99154 -169.13858     43.257     3.1378     3.1084     3.1353    32.8300    32.8641  1026.3440    26.1412    257.455    247.206  326.79610     78.782     0.1416     0.5018     1.0656 3.6244e-01       4919          2  0.000e+00
     42.828   64.99154 -169.13858     43.257     3.1372     3.1084     3.1346    32.8299    32.8642  1026.3440    26.1412    257.631    247.213  326.80134     78.834     0.1416     0.5018     1.0669 3.6244e-01       4920          2  0.000e+00
     42.765   64.99154 -169.13860     43.193     3.0988     3.1001     3.0963    32.8578    32.8686  1026.3694    26.1669    258.208    246.668  327.04058     78.953     0.1343     0.4579     1.0887 3.6109e-01       5053          3  0.000e+00
     42.765   64.99154 -169.13860     43.193     3.0982     3.0998     3.0957    32.8588    32.8690  1026.3702    26.1677    258.055    246.500  327.04323     78.905     0.1355     0.4652     1.0887 3.6516e-01       5054          3  0.000e+00
     42.765   64.99154 -169.13860     43.193     3.0979     3.0997     3.0954    32.8591    32.8693  1026.3705    26.1679    258.231    246.701  327.04520     78.959     0.1343     0.4579     1.0887 3.6516e-01       5055          3  0.000e+00
     42.819   64.99154 -169.13860     43.248     3.0977     3.0998     3.0952    32.8590    32.8684  1026.3707    26.1679    258.192    246.542  327.04716     78.946     0.1355     0.4652     1.0887 3.6652e-01       5056          3  0.000e+00
     42.765   64.99154 -169.13860     43.193     3.0970     3.0992     3.0945    32.8601    32.8689  1026.3713    26.1688    257.786    246.556  327.05002     78.822     0.1368     0.4725     1.0887 3.6788e-01       5057          3  0.000e+00
     42.827   64.99154 -169.13860     43.256     3.0968     3.0989     3.0943    32.8600    32.8694  1026.3715    26.1687    257.969    246.553  327.05169     78.877     0.1355     0.4652     1.0873 3.6925e-01       5058          3  0.000e+00
     42.827   64.99154 -169.13860     43.256     3.0967     3.0987     3.0941    32.8602    32.8697  1026.3717    26.1689    257.717    246.550  327.05238     78.800     0.1355     0.4652     1.0927 3.7063e-01       5059          3  0.000e+00
     42.765   64.99154 -169.13860     43.193     3.0967     3.0984     3.0941    32.8603    32.8703  1026.3715    26.1690    258.116    246.548  327.05210     78.922     0.1343     0.4579     1.1091 3.6652e-01       5060          3  0.000e+00
     42.873   64.99154 -169.13860     43.302     3.0968     3.0984     3.0943    32.8594    32.8701  1026.3713    26.1683    258.196    246.530  327.05306     78.946     0.1355     0.4652     1.1146 3.6380e-01       5061          3  0.000e+00
     42.765   64.99154 -169.13860     43.193     3.0965     3.0981     3.0940    32.8600    32.8704  1026.3713    26.1688    257.765    246.509  327.05379     78.814     0.1343     0.4579     1.1146 3.6380e-01       5062          3  0.000e+00
     42.827   64.99154 -169.13860     43.256     3.0967     3.0982     3.0941    32.8598    32.8699  1026.3714    26.1686    257.742    246.493  327.05348     78.807     0.1355     0.4652     1.1146 3.6380e-01       5063          3  0.000e+00
     42.827   64.99154 -169.13860     43.256     3.0970     3.0979     3.0945    32.8598    32.8702  1026.3714    26.1686    258.117    246.478  327.05081     78.923     0.1343     0.4579     1.1146 3.6380e-01       5064          3  0.000e+00
     42.881   64.99154 -169.13860     43.310     3.0970     3.0979     3.0945    32.8597    32.8704  1026.3716    26.1685    257.698    246.295  327.05108     78.795     0.1355     0.4652     1.1132 3.6380e-01       5065          3  0.000e+00
     42.881   64.99154 -169.13860     43.310     3.0970     3.0979     3.0945    32.8596    32.8705  1026.3715    26.1685    257.428    246.285  327.05118     78.712     0.1343     0.4579     1.1132 3.5840e-01       5066          3  0.000e+00
     42.819   64.99154 -169.13860     43.248     3.0970     3.0978     3.0945    32.8594    32.8703  1026.3711    26.1683    257.559    246.279  327.05170     78.752     0.1355     0.4652     1.1146 3.5573e-01       5067          3  0.000e+00
     42.881   64.99154 -169.13860     43.310     3.0969     3.0977     3.0944    32.8594    32.8706  1026.3714    26.1683    257.732    246.279  327.05257     78.805     0.1368     0.4725     1.1146 3.5307e-01       5068          3  0.000e+00
     42.881   64.99154 -169.13860     43.310     3.0968     3.0977     3.0943    32.8597    32.8705  1026.3716    26.1685    257.505    246.281  327.05227     78.735     0.1355     0.4652     1.1146 3.5573e-01       5069          3  0.000e+00
     42.881   64.99154 -169.13860     43.310     3.0970     3.0975     3.0945    32.8598    32.8708  1026.3717    26.1686    257.389    246.288  327.05068     78.700     0.1368     0.4725     1.1146 3.5840e-01       5070          3  0.000e+00
     42.881   64.99154 -169.13860     43.310     3.0976     3.0978     3.0951    32.8597    32.8706  1026.3715    26.1684    257.307    246.272  327.04593     78.676     0.1355     0.4652     1.1146 3.5840e-01       5071          3  0.000e+00
     42.881   64.99154 -169.13860     43.310     3.0976     3.0975     3.0951    32.8596    32.8709  1026.3714    26.1684    257.266    246.262  327.04613     78.664     0.1355     0.4652     1.1132 3.5440e-01       5072          3  0.000e+00
     42.935   64.99154 -169.13860     43.365     3.0978     3.0977     3.0953    32.8594    32.8707  1026.3715    26.1682    257.519    246.254  327.04542     78.741     0.1343     0.4579     1.1132 3.4648e-01       5073          3  0.000e+00
     42.881   64.99154 -169.13860     43.310     3.0975     3.0975     3.0950    32.8592    32.8706  1026.3711    26.1681    257.304    246.248  327.04792     78.675     0.1355     0.4652     1.1146 3.4388e-01       5074          3  0.000e+00
     42.881   64.99154 -169.13860     43.310     3.0976     3.0973     3.0951    32.8596    32.8699  1026.3714    26.1684    257.055    246.248  327.04613     78.599     0.1343     0.4579     1.1132 3.4779e-01       5075          3  0.000e+00
     42.943   64.99154 -169.13860     43.372     3.0976     3.0977     3.0951    32.8594    32.8696  1026.3715    26.1682    257.033    246.054  327.04671     78.592     0.1355     0.4652     1.1146 3.5706e-01       5076          3  0.000e+00
     42.943   64.99154 -169.13860     43.372     3.0980     3.0975     3.0955    32.8588    32.8706  1026.3711    26.1677    257.013    246.035  327.04465     78.586     0.1355     0.4652     1.1146 3.6109e-01       5077          3  0.000e+00
     42.943   64.99154 -169.13860     43.372     3.0984     3.0975     3.0958    32.8589    32.8706  1026.3711    26.1677    256.961    246.020  327.04188     78.571     0.1368     0.4725     1.1132 3.6109e-01       5078          3  0.000e+00
     42.935   64.99154 -169.13860     43.364     3.0987     3.0973     3.0962    32.8589    32.8707  1026.3711    26.1677    256.913    246.009  327.03919     78.557     0.1380     0.4798     1.1160 3.6109e-01       5079          3  0.000e+00
     42.943   64.99154 -169.13860     43.372     3.0986     3.0973     3.0961    32.8588    32.8707  1026.3710    26.1677    256.910    246.002  327.03990     78.556     0.1368     0.4725     1.1311 3.5975e-01       5080          3  0.000e+00
     42.943   64.99154 -169.13860     43.372     3.0984     3.0972     3.0958    32.8592    32.8708  1026.3714    26.1680    256.912    245.999  327.04098     78.557     0.1368     0.4725     1.1393 3.6109e-01       5081          3  0.000e+00
     42.943   64.99154 -169.13860     43.372     3.0985     3.0970     3.0960    32.8585    32.8710  1026.3708    26.1674    257.064    245.999  327.04149     78.603     0.1368     0.4725     1.1393 3.6109e-01       5082          3  0.000e+00
     42.997   64.99154 -169.13860     43.427     3.0984     3.0967     3.0958    32.8582    32.8713  1026.3708    26.1672    256.858    246.007  327.04355     78.539     0.1368     0.4725     1.1380 3.6109e-01       5083          3  0.000e+00
     42.943   64.99154 -169.13860     43.372     3.0979     3.0972     3.0954    32.8589    32.8704  1026.3711    26.1678    256.835    245.987  327.04574     78.532     0.1368     0.4725     1.1380 3.6109e-01       5084          3  0.000e+00
     42.989   64.99154 -169.13860     43.419     3.0976     3.0967     3.0951    32.8594    32.8709  1026.3718    26.1682    257.072    246.001  327.04658     78.604     0.1368     0.4725     1.1380 3.5440e-01       5085          3  0.000e+00
