EcoFOCI/data/1_SampleCollection/2023_SikuliaqDBO_CruiseData/CTD_raw_BottleFile_SKQ23-12S/proc/skq202312s_069.ros
* Sea-Bird SBE 9 Data File:
* FileName = D:\CTD\SKQ202312S\SKQ202312S_069.hex
* Software Version Seasave V 7.26.7.121
* Temperature SN = 6177
* Conductivity SN = 0369
* Number of Bytes Per Scan = 41
* Number of Voltage Words = 4
* Number of Scans Averaged by the Deck Unit = 1
* NMEA Latitude = 67 46.99 N
* NMEA Longitude = 168 35.84 W
* NMEA UTC (Time) = Sep 30 2023  01:24:11
* NMEA baud rate = 4800
** Ship: R/V Sikuliaq
** Station Number: 069
** Station Name: DBO3.7
** Bottom Depth: 50
** Operator: SD
# nquan = 22
# nvalues = 882                                   
# units = specified
# name 0 = depSM: Depth [salt water, m]
# name 1 = latitude: Latitude [deg]
# name 2 = longitude: Longitude [deg]
# name 3 = prDM: Pressure, Digiquartz [db]
# name 4 = t090C: Temperature [ITS-90, deg C]
# name 5 = t190C: Temperature, 2 [ITS-90, deg C]
# name 6 = potemp090C: Potential Temperature [ITS-90, deg C]
# name 7 = sal00: Salinity, Practical [PSU]
# name 8 = sal11: Salinity, Practical, 2 [PSU]
# name 9 = density00: Density [density, kg/m^3]
# name 10 = sigma-é00: Density [sigma-theta, kg/m^3]
# name 11 = sbox0Mm/Kg: Oxygen, SBE 43 [umol/kg]
# name 12 = sbox1Mm/Kg: Oxygen, SBE 43, 2 [umol/kg]
# name 13 = oxsolMm/Kg: Oxygen Saturation, Garcia & Gordon [umol/kg]
# name 14 = sbeox0PS: Oxygen, SBE 43 [% saturation]
# name 15 = v0: Voltage 0
# name 16 = flECO-AFL: Fluorescence, WET Labs ECO-AFL/FL [mg/m^3]
# name 17 = CStarAt0: Beam Attenuation, WET Labs C-Star [1/m]
# name 18 = par: PAR/Irradiance, Biospherical/Licor
# name 19 = scan: Scan Count
# name 20 = nbf: Bottles Fired
# name 21 = flag:  0.000e+00
# interval = seconds: 0.0416667
# start_time = Sep 30 2023 01:27:32 [NMEA time, first data scan]
# bad_flag = -9.990e-29
*END*
     44.931   67.78288 -168.59756     45.389     3.2852     3.2861     3.2825    32.5324    32.5442  1026.1036    25.8909    218.579    208.998  326.34851     66.977     0.0940     0.2161     2.1911 2.7440e-02       5764          1  0.000e+00
     44.931   67.78288 -168.59756     45.389     3.2850     3.2864     3.2823    32.5329    32.5439  1026.1040    25.8913    218.518    208.992  326.34919     66.958     0.0928     0.2088     2.1929 2.7851e-02       5765          1  0.000e+00
     44.876   67.78288 -168.59756     45.334     3.2849     3.2864     3.2822    32.5331    32.5441  1026.1039    25.8914    218.527    208.791  326.34951     66.961     0.0928     0.2088     2.1911 2.9508e-02       5766          1  0.000e+00
     44.931   67.78288 -168.59756     45.389     3.2851     3.2862     3.2824    32.5334    32.5440  1026.1044    25.8917    218.540    208.959  326.34751     66.965     0.0928     0.2088     2.1911 3.1604e-02       5767          1  0.000e+00
     44.930   67.78288 -168.59756     45.389     3.2850     3.2862     3.2823    32.5331    32.5441  1026.1041    25.8914    218.556    208.952  326.34860     66.970     0.0928     0.2088     2.1893 3.2027e-02       5768          1  0.000e+00
     44.876   67.78288 -168.59756     45.334     3.2851     3.2862     3.2824    32.5329    32.5443  1026.1037    25.8913    218.574    208.967  326.34863     66.975     0.0928     0.2088     2.1875 2.7851e-02       5769          1  0.000e+00
     44.930   67.78288 -168.59756     45.389     3.2850     3.2864     3.2823    32.5331    32.5439  1026.1042    25.8915    218.345    208.960  326.34850     66.905     0.0928     0.2088     2.1875 2.4192e-02       5770          1  0.000e+00
     44.930   67.78288 -168.59756     45.389     3.2851     3.2862     3.2824    32.5327    32.5438  1026.1038    25.8911    218.515    208.953  326.34910     66.957     0.0928     0.2088     2.1875 2.3391e-02       5771          1  0.000e+00
     44.876   67.78288 -168.59756     45.334     3.2854     3.2864     3.2827    32.5327    32.5438  1026.1035    25.8911    218.502    208.941  326.34656     66.954     0.0928     0.2088     2.1875 1.9455e-02       5772          1  0.000e+00
     44.930   67.78288 -168.59756     45.389     3.2852     3.2864     3.2825    32.5328    32.5437  1026.1039    25.8912    218.712    208.933  326.34801     67.018     0.0928     0.2088     2.1875 1.4126e-02       5773          1  0.000e+00
     44.930   67.78288 -168.59756     45.389     3.2851     3.2864     3.2824    32.5333    32.5440  1026.1043    25.8916    218.953    208.921  326.34771     67.092     0.0928     0.2088     2.1875 1.2642e-02       5774          1  0.000e+00
     44.876   67.78288 -168.59756     45.334     3.2852     3.2864     3.2825    32.5328    32.5439  1026.1036    25.8912    219.011    208.908  326.34814     67.110     0.0928     0.2088     2.1875 1.5251e-02       5775          1  0.000e+00
     44.876   67.78288 -168.59756     45.334     3.2852     3.2862     3.2825    32.5331    32.5443  1026.1039    25.8914    218.239    208.895  326.34685     66.873     0.0928     0.2088     2.1875 2.0233e-02       5776          1  0.000e+00
     44.876   67.78288 -168.59756     45.334     3.2851     3.2864     3.2824    32.5335    32.5439  1026.1042    25.8917    218.849    208.904  326.34724     67.060     0.0940     0.2161     2.1875 2.1409e-02       5777          1  0.000e+00
     44.930   67.78288 -168.59756     45.389     3.2850     3.2864     3.2823    32.5331    32.5438  1026.1041    25.8914    218.917    208.892  326.34870     67.081     0.0928     0.2088     2.1875 2.1409e-02       5778          1  0.000e+00
     44.876   67.78288 -168.59756     45.334     3.2852     3.2862     3.2825    32.5330    32.5443  1026.1038    25.8913    218.730    208.899  326.34725     67.024     0.0940     0.2161     2.1875 2.1409e-02       5779          1  0.000e+00
     44.876   67.78288 -168.59756     45.334     3.2850     3.2864     3.2823    32.5330    32.5439  1026.1038    25.8914    219.198    208.907  326.34882     67.167     0.0928     0.2088     2.1875 2.1409e-02       5780          1  0.000e+00
     44.876   67.78288 -168.59756     45.334     3.2851     3.2864     3.2824    32.5331    32.5436  1026.1039    25.8915    219.049    208.892  326.34813     67.121     0.0928     0.2088     2.1875 2.1409e-02       5781          1  0.000e+00
     44.876   67.78288 -168.59756     45.334     3.2851     3.2864     3.2824    32.5330    32.5436  1026.1038    25.8913    219.118    208.683  326.34853     67.142     0.0928     0.2088     2.1875 1.9844e-02       5782          1  0.000e+00
     44.876   67.78288 -168.59756     45.334     3.2850     3.2866     3.2823    32.5332    32.5436  1026.1040    25.8916    219.368    208.838  326.34823     67.219     0.0928     0.2088     2.1875 1.9067e-02       5783          1  0.000e+00
     44.876   67.78288 -168.59756     45.334     3.2851     3.2864     3.2824    32.5334    32.5438  1026.1042    25.8917    219.003    208.628  326.34734     67.107     0.0928     0.2088     2.1875 1.9067e-02       5784          1  0.000e+00
     44.869   67.78288 -168.59756     45.326     3.2850     3.2864     3.2823    32.5335    32.5440  1026.1042    25.8918    219.255    208.782  326.34753     67.184     0.0928     0.2088     2.1875 1.9455e-02       5785          1  0.000e+00
     44.876   67.78288 -168.59756     45.334     3.2855     3.2864     3.2829    32.5330    32.5441  1026.1038    25.8913    219.037    208.764  326.34459     67.118     0.0916     0.2015     2.1875 1.9844e-02       5786          1  0.000e+00
     44.822   67.78288 -168.59756     45.280     3.2852     3.2864     3.2825    32.5332    32.5441  1026.1037    25.8915    219.003    208.768  326.34718     67.107     0.0928     0.2088     2.1893 1.9844e-02       5787          1  0.000e+00
     44.876   67.78288 -168.59756     45.334     3.2854     3.2866     3.2827    32.5335    32.5437  1026.1042    25.8917    218.968    208.773  326.34468     67.097     0.0928     0.2088     2.1947 1.9455e-02       5788          1  0.000e+00
     44.876   67.78288 -168.59756     45.334     3.2855     3.2864     3.2829    32.5331    32.5443  1026.1039    25.8914    219.149    208.778  326.34429     67.153     0.0928     0.2088     2.1983 1.9455e-02       5789          1  0.000e+00
     44.822   67.78288 -168.59756     45.280     3.2855     3.2866     3.2828    32.5331    32.5438  1026.1036    25.8914    219.146    208.781  326.34481     67.152     0.0940     0.2161     2.1983 1.9455e-02       5790          1  0.000e+00
     44.822   67.78288 -168.59756     45.280     3.2855     3.2866     3.2829    32.5330    32.5439  1026.1035    25.8913    219.143    208.785  326.34452     67.151     0.0928     0.2088     2.1983 2.4997e-02       5791          1  0.000e+00
     44.876   67.78288 -168.59756     45.334     3.2856     3.2866     3.2830    32.5328    32.5440  1026.1036    25.8911    219.140    208.791  326.34430     67.150     0.0940     0.2161     2.1983 3.0762e-02       5792          1  0.000e+00
     44.815   67.78288 -168.59756     45.272     3.2855     3.2866     3.2829    32.5332    32.5439  1026.1036    25.8915    219.133    208.795  326.34411     67.148     0.0928     0.2088     2.1983 3.2027e-02       5793          1  0.000e+00
     44.822   67.78288 -168.59756     45.280     3.2857     3.2867     3.2830    32.5331    32.5441  1026.1036    25.8914    219.413    208.775  326.34294     67.234     0.0928     0.2088     2.1983 3.0343e-02       5794          1  0.000e+00
     44.822   67.78288 -168.59756     45.280     3.2858     3.2869     3.2831    32.5330    32.5438  1026.1035    25.8913    219.404    208.778  326.34235     67.231     0.0928     0.2088     2.1983 2.8264e-02       5795          1  0.000e+00
     44.822   67.78288 -168.59756     45.280     3.2855     3.2866     3.2829    32.5333    32.5441  1026.1037    25.8916    219.428    208.783  326.34383     67.238     0.0928     0.2088     2.1983 2.7851e-02       5796          1  0.000e+00
     44.822   67.78288 -168.59756     45.280     3.2856     3.2867     3.2830    32.5334    32.5439  1026.1038    25.8916    219.519    208.786  326.34274     67.266     0.0928     0.2088     2.1983 2.8677e-02       5797          1  0.000e+00
     44.822   67.78288 -168.59756     45.280     3.2859     3.2867     3.2832    32.5328    32.5441  1026.1033    25.8911    219.574    208.767  326.34245     67.283     0.0928     0.2088     2.1983 2.9925e-02       5798          1  0.000e+00
     44.822   67.78288 -168.59756     45.280     3.2857     3.2870     3.2830    32.5329    32.5435  1026.1034    25.8912    219.630    208.769  326.34364     67.300     0.0916     0.2015     2.1983 3.0343e-02       5799          1  0.000e+00
     44.761   67.78288 -168.59756     45.217     3.2856     3.2867     3.2830    32.5326    32.5436  1026.1029    25.8910    219.718    208.771  326.34474     67.327     0.0928     0.2088     2.1983 3.0762e-02       5800          1  0.000e+00
     44.815   67.78288 -168.59756     45.272     3.2855     3.2866     3.2829    32.5331    32.5439  1026.1036    25.8914    219.556    208.583  326.34431     67.277     0.0940     0.2161     2.1983 3.2027e-02       5801          1  0.000e+00
     44.822   67.78288 -168.59756     45.280     3.2856     3.2869     3.2830    32.5334    32.5437  1026.1038    25.8916    219.790    208.756  326.34274     67.349     0.0928     0.2088     2.1983 3.2451e-02       5802          1  0.000e+00
     44.761   67.78288 -168.59756     45.217     3.2859     3.2867     3.2832    32.5325    32.5439  1026.1027    25.8909    219.624    208.759  326.34336     67.298     0.0940     0.2161     2.1983 3.3303e-02       5803          1  0.000e+00
     44.822   67.78288 -168.59756     45.279     3.2855     3.2869     3.2829    32.5329    32.5438  1026.1034    25.8912    219.644    208.763  326.34492     67.304     0.0928     0.2088     2.1983 3.7196e-02       5804          1  0.000e+00
     44.761   67.78288 -168.59756     45.217     3.2856     3.2869     3.2830    32.5329    32.5438  1026.1032    25.8913    219.623    208.765  326.34385     67.298     0.0904     0.1941     2.1983 3.8958e-02       5805          1  0.000e+00
     44.761   67.78288 -168.59756     45.217     3.2855     3.2870     3.2829    32.5331    32.5438  1026.1033    25.8914    219.639    208.768  326.34444     67.303     0.0891     0.1868     2.1983 3.8958e-02       5806          1  0.000e+00
     44.761   67.78288 -168.59756     45.217     3.2856     3.2870     3.2830    32.5331    32.5438  1026.1033    25.8914    219.870    208.579  326.34335     67.374     0.0891     0.1868     2.2001 3.4160e-02       5807          1  0.000e+00
     44.760   67.78288 -168.59756     45.217     3.2854     3.2869     3.2827    32.5334    32.5441  1026.1035    25.8916    219.668    208.755  326.34493     67.312     0.0891     0.1868     2.1929 3.1183e-02       5808          1  0.000e+00
     44.760   67.78288 -168.59756     45.217     3.2854     3.2870     3.2827    32.5328    32.5440  1026.1031    25.8912    219.646    208.565  326.34631     67.305     0.0891     0.1868     2.1893 3.1183e-02       5809          1  0.000e+00
     44.760   67.78288 -168.59756     45.217     3.2855     3.2870     3.2828    32.5329    32.5440  1026.1032    25.8913    219.837    208.742  326.34513     67.363     0.0879     0.1795     2.1893 2.7851e-02       5810          1  0.000e+00
     44.760   67.78288 -168.59756     45.217     3.2855     3.2870     3.2829    32.5331    32.5440  1026.1033    25.8914    219.628    208.554  326.34444     67.299     0.0891     0.1868     2.1893 2.5402e-02       5811          1  0.000e+00
     44.706   67.78288 -168.59756     45.162     3.2855     3.2870     3.2828    32.5329    32.5437  1026.1029    25.8912    220.030    208.731  326.34526     67.422     0.0879     0.1795     2.1893 2.4997e-02       5812          1  0.000e+00
     44.822   67.78288 -168.59756     45.279     3.2856     3.2864     3.2830    32.5326    32.5441  1026.1032    25.8910    219.413    207.998  326.34462     67.233     0.0952     0.2234     2.1679 1.9455e-02       5864          2  0.000e+00
     44.706   67.78288 -168.59756     45.162     3.2855     3.2862     3.2829    32.5330    32.5442  1026.1030    25.8913    219.401    207.995  326.34457     67.230     0.0940     0.2161     2.1679 1.9067e-02       5865          2  0.000e+00
     44.822   67.78288 -168.59756     45.279     3.2855     3.2864     3.2829    32.5331    32.5434  1026.1036    25.8914    219.395    207.807  326.34432     67.228     0.0952     0.2234     2.1679 2.2993e-02       5866          2  0.000e+00
     44.760   67.78288 -168.59756     45.217     3.2855     3.2864     3.2828    32.5331    32.5438  1026.1033    25.8914    219.385    207.787  326.34473     67.225     0.0940     0.2161     2.1679 3.1183e-02       5867          2  0.000e+00
     44.760   67.78288 -168.59756     45.217     3.2857     3.2864     3.2830    32.5327    32.5439  1026.1029    25.8910    219.376    207.966  326.34415     67.222     0.0940     0.2161     2.1697 3.3731e-02       5868          2  0.000e+00
     44.760   67.78288 -168.59756     45.217     3.2855     3.2864     3.2828    32.5328    32.5445  1026.1031    25.8912    219.368    207.781  326.34543     67.220     0.0940     0.2161     2.1768 3.2877e-02       5869          2  0.000e+00
     44.814   67.78288 -168.59756     45.271     3.2857     3.2866     3.2830    32.5330    32.5437  1026.1034    25.8913    219.540    207.772  326.34333     67.273     0.0940     0.2161     2.1786 2.9508e-02       5870          2  0.000e+00
     44.760   67.78288 -168.59756     45.217     3.2854     3.2866     3.2827    32.5329    32.5435  1026.1031    25.8912    219.347    207.764  326.34621     67.213     0.0928     0.2088     2.1804 2.8677e-02       5871          2  0.000e+00
     44.760   67.78288 -168.59756     45.217     3.2856     3.2866     3.2830    32.5330    32.5440  1026.1032    25.8913    219.334    207.758  326.34375     67.210     0.0940     0.2161     2.1804 2.8264e-02       5872          2  0.000e+00
     44.822   67.78288 -168.59756     45.279     3.2855     3.2867     3.2829    32.5331    32.5439  1026.1036    25.8914    219.325    207.951  326.34442     67.207     0.0928     0.2088     2.1786 2.6214e-02       5873          2  0.000e+00
     44.760   67.78288 -168.59756     45.217     3.2855     3.2866     3.2828    32.5332    32.5440  1026.1034    25.8915    219.528    207.779  326.34454     67.269     0.0940     0.2161     2.1786 2.5807e-02       5874          2  0.000e+00
     44.822   67.78288 -168.59756     45.279     3.2855     3.2864     3.2829    32.5330    32.5441  1026.1035    25.8913    219.335    207.784  326.34452     67.210     0.0952     0.2234     2.1804 2.6214e-02       5875          2  0.000e+00
     44.822   67.78288 -168.59756     45.279     3.2855     3.2864     3.2829    32.5330    32.5442  1026.1035    25.8913    218.674    207.983  326.34452     67.007     0.0940     0.2161     2.1786 3.1604e-02       5876          2  0.000e+00
     44.822   67.78288 -168.59756     45.279     3.2856     3.2864     3.2830    32.5327    32.5441  1026.1032    25.8911    219.426    207.819  326.34452     67.238     0.0952     0.2234     2.1804 3.4590e-02       5877          2  0.000e+00
     44.814   67.78288 -168.59756     45.271     3.2854     3.2866     3.2827    32.5331    32.5437  1026.1036    25.8914    219.487    208.022  326.34559     67.256     0.0940     0.2161     2.1804 3.4590e-02       5878          2  0.000e+00
     44.822   67.78288 -168.59756     45.279     3.2853     3.2866     3.2826    32.5328    32.5437  1026.1034    25.8912    219.513    208.034  326.34679     67.264     0.0952     0.2234     2.1804 3.5021e-02       5879          2  0.000e+00
