EcoFOCI/data/1_SampleCollection/2023_SikuliaqDBO_CruiseData/CTD_raw_BottleFile_SKQ23-12S/proc/skq202312s_003.ros
* Sea-Bird SBE 9 Data File:
* FileName = D:\CTD\SKQ202312S\SKQ202312S_003.hex
* Software Version Seasave V 7.26.7.121
* Temperature SN = 6177
* Conductivity SN = 0369
* Number of Bytes Per Scan = 41
* Number of Voltage Words = 4
* Number of Scans Averaged by the Deck Unit = 1
* NMEA Latitude = 62 03.01 N
* NMEA Longitude = 175 12.54 W
* NMEA UTC (Time) = Sep 15 2023  07:57:54
* NMEA baud rate = 4800
** Ship: R/V Sikuliaq
** Station Number: 003
** Station Name: DBO1.2
** Bottom Depth: 78
** Operator: SD
# nquan = 22
# nvalues = 1029                                  
# units = specified
# name 0 = depSM: Depth [salt water, m]
# name 1 = latitude: Latitude [deg]
# name 2 = longitude: Longitude [deg]
# name 3 = prDM: Pressure, Digiquartz [db]
# name 4 = t090C: Temperature [ITS-90, deg C]
# name 5 = t190C: Temperature, 2 [ITS-90, deg C]
# name 6 = potemp090C: Potential Temperature [ITS-90, deg C]
# name 7 = sal00: Salinity, Practical [PSU]
# name 8 = sal11: Salinity, Practical, 2 [PSU]
# name 9 = density00: Density [density, kg/m^3]
# name 10 = sigma-é00: Density [sigma-theta, kg/m^3]
# name 11 = sbox0Mm/Kg: Oxygen, SBE 43 [umol/kg]
# name 12 = sbox1Mm/Kg: Oxygen, SBE 43, 2 [umol/kg]
# name 13 = oxsolMm/Kg: Oxygen Saturation, Garcia & Gordon [umol/kg]
# name 14 = sbeox0PS: Oxygen, SBE 43 [% saturation]
# name 15 = v0: Voltage 0
# name 16 = flECO-AFL: Fluorescence, WET Labs ECO-AFL/FL [mg/m^3]
# name 17 = CStarAt0: Beam Attenuation, WET Labs C-Star [1/m]
# name 18 = par: PAR/Irradiance, Biospherical/Licor
# name 19 = scan: Scan Count
# name 20 = nbf: Bottles Fired
# name 21 = flag:  0.000e+00
# interval = seconds: 0.0416667
# start_time = Sep 15 2023 08:02:23 [NMEA time, first data scan]
# bad_flag = -9.990e-29
*END*
[from data line 264]
     50.260   62.05016 -175.20860     50.753    -1.2847    -1.2841    -1.2856    31.7305    31.7591  1025.7568    25.5117    274.877    257.178  369.32682     74.426     0.0720     0.0842     0.5735 8.4714e-06      13213          6  0.000e+00
     50.260   62.05016 -175.20860     50.753    -1.2845    -1.2841    -1.2855    31.7303    31.7591  1025.7566    25.5116    274.964    257.175  369.32564     74.450     0.0720     0.0842     0.5747 8.4714e-06      13214          6  0.000e+00
     50.260   62.05016 -175.20860     50.753    -1.2849    -1.2841    -1.2858    31.7303    31.7588  1025.7566    25.5116    274.905    257.208  369.32923     74.434     0.0720     0.0842     0.5747 8.4714e-06      13215          6  0.000e+00
     50.260   62.05016 -175.20860     50.753    -1.2849    -1.2839    -1.2858    31.7306    31.7590  1025.7569    25.5118    274.943    257.207  369.32825     74.444     0.0720     0.0842     0.5747 8.4714e-06      13216          6  0.000e+00
     50.260   62.05016 -175.20860     50.753    -1.2845    -1.2841    -1.2855    31.7303    31.7589  1025.7566    25.5116    274.931    257.245  369.32564     74.441     0.0720     0.0842     0.5747 8.4714e-06      13217          6  0.000e+00
     50.314   62.05016 -175.20860     50.807    -1.2845    -1.2839    -1.2855    31.7307    31.7588  1025.7572    25.5119    275.024    257.284  369.32463     74.467     0.0720     0.0842     0.5747 8.4714e-06      13218          6  0.000e+00
     50.260   62.05016 -175.20860     50.753    -1.2842    -1.2841    -1.2852    31.7304    31.7591  1025.7566    25.5116    275.014    257.291  369.32269     74.464     0.0733     0.0916     0.5747 8.4714e-06      13219          6  0.000e+00
     50.260   62.05016 -175.20860     50.753    -1.2847    -1.2838    -1.2856    31.7309    31.7595  1025.7570    25.5120    275.011    257.068  369.32584     74.463     0.0562    -0.0110     0.5747 8.4714e-06      13220          6  0.000e+00
     50.314   62.05016 -175.20860     50.807    -1.2845    -1.2836    -1.2855    31.7310    31.7593  1025.7574    25.5122    275.005    257.278  369.32364     74.462     0.0452    -0.0769     0.5747 1.0000e-12      13221          6  0.000e+00
     50.314   62.05016 -175.20860     50.807    -1.2845    -1.2834    -1.2855    31.7307    31.7598  1025.7572    25.5119    274.999    257.289  369.32451     74.460     0.0427    -0.0916     0.5735 8.4714e-06      13222          6  0.000e+00
     50.314   62.05016 -175.20860     50.807    -1.2844    -1.2834    -1.2854    31.7307    31.7601  1025.7572    25.5119    274.992    257.303  369.32335     74.458     0.0440    -0.0843     0.5747 8.4714e-06      13223          6  0.000e+00
     50.314   62.05016 -175.20860     50.807    -1.2844    -1.2833    -1.2854    31.7310    31.7601  1025.7574    25.5121    274.986    257.317  369.32261     74.457     0.0440    -0.0843     0.5735 8.4714e-06      13224          6  0.000e+00
     50.314   62.05016 -175.20860     50.807    -1.2844    -1.2831    -1.2854    31.7306    31.7598  1025.7571    25.5118    274.980    257.334  369.32372     74.455     0.0452    -0.0769     0.5735 1.0000e-12      13225          6  0.000e+00
     50.314   62.05016 -175.20860     50.807    -1.2845    -1.2831    -1.2855    31.7312    31.7602  1025.7576    25.5123    274.974    257.352  369.32303     74.453     0.0440    -0.0843     0.5747 8.4714e-06      13226          6  0.000e+00
     50.314   62.05016 -175.20860     50.807    -1.2844    -1.2831    -1.2854    31.7310    31.7599  1025.7574    25.5121    274.967    257.372  369.32273     74.452     0.0440    -0.0843     0.5747 1.0000e-12      13227          6  0.000e+00
     50.314   62.05016 -175.20860     50.807    -1.2845    -1.2833    -1.2855    31.7315    31.7598  1025.7578    25.5125    274.702    257.395  369.32229     74.380     0.0440    -0.0843     0.5747 8.4714e-06      13228          6  0.000e+00
     50.376   62.05016 -175.20860     50.870    -1.2845    -1.2833    -1.2855    31.7312    31.7596  1025.7579    25.5123    274.911    257.420  369.32301     74.436     0.0440    -0.0843     0.5747 1.0000e-12      13229          6  0.000e+00
     50.314   62.05016 -175.20860     50.807    -1.2844    -1.2831    -1.2854    31.7315    31.7595  1025.7579    25.5126    274.903    257.441  369.32101     74.435     0.0427    -0.0916     0.5747 8.4714e-06      13230          6  0.000e+00
     50.376   62.05016 -175.20860     50.870    -1.2845    -1.2833    -1.2855    31.7317    31.7593  1025.7583    25.5127    274.901    257.241  369.32178     74.434     0.0440    -0.0843     0.5771 8.4714e-06      13231          6  0.000e+00
     50.376   62.05016 -175.20860     50.870    -1.2842    -1.2837    -1.2852    31.7309    31.7591  1025.7577    25.5121    274.896    257.470  369.32105     74.433     0.0440    -0.0843     0.5771 8.4714e-06      13232          6  0.000e+00
     50.376   62.05016 -175.20860     50.870    -1.2844    -1.2837    -1.2854    31.7310    31.7589  1025.7577    25.5121    274.894    257.499  369.32260     74.432     0.0440    -0.0843     0.5771 8.4714e-06      13233          6  0.000e+00
     50.376   62.05016 -175.20860     50.870    -1.2844    -1.2841    -1.2854    31.7313    31.7590  1025.7579    25.5123    274.889    257.532  369.32186     74.431     0.0440    -0.0843     0.5771 8.4714e-06      13234          6  0.000e+00
     50.376   62.05016 -175.20860     50.870    -1.2844    -1.2841    -1.2854    31.7315    31.7590  1025.7581    25.5125    274.884    257.564  369.32112     74.430     0.0440    -0.0843     0.5771 8.4714e-06      13235          6  0.000e+00
     50.376   62.05016 -175.20860     50.870    -1.2844    -1.2841    -1.2854    31.7318    31.7590  1025.7583    25.5127    274.880    257.597  369.32038     74.429     0.0452    -0.0769     0.5771 8.4714e-06      13236          6  0.000e+00
     50.430   62.05016 -175.20860     50.924    -1.2842    -1.2839    -1.2852    31.7314    31.7590  1025.7583    25.5124    274.877    257.632  369.31979     74.428     0.0440    -0.0843     0.5771 8.4714e-06      13237          6  0.000e+00
     50.376   62.05016 -175.20860     50.870    -1.2844    -1.2842    -1.2854    31.7316    31.7594  1025.7582    25.5126    274.872    257.668  369.32075     74.426     0.0440    -0.0843     0.5771 8.4714e-06      13238          6  0.000e+00
     50.376   62.05016 -175.20860     50.870    -1.2841    -1.2841    -1.2850    31.7312    31.7591  1025.7579    25.5123    275.124    257.900  369.31864     74.495     0.0440    -0.0843     0.5771 1.0000e-12      13239          6  0.000e+00
     50.430   62.05016 -175.20860     50.924    -1.2841    -1.2841    -1.2850    31.7312    31.7592  1025.7581    25.5122    274.652    257.969  369.31873     74.367     0.0440    -0.0843     0.5771 8.4714e-06      13240          6  0.000e+00
     50.430   62.05016 -175.20860     50.924    -1.2838    -1.2842    -1.2847    31.7314    31.7592  1025.7582    25.5124    275.113    257.776  369.31529     74.493     0.0440    -0.0843     0.5771 8.4714e-06      13241          6  0.000e+00
     50.430   62.05016 -175.20860     50.924    -1.2839    -1.2839    -1.2849    31.7312    31.7588  1025.7581    25.5123    274.900    258.006  369.31745     74.434     0.0440    -0.0843     0.5771 8.4714e-06      13242          6  0.000e+00
     39.847   62.05018 -175.20846     40.237    -1.3523    -1.3592    -1.3530    31.6664    31.6933  1025.6558    25.4614    290.672    273.126  370.18657     78.520     0.0891     0.1868     0.4894 8.4714e-06      16930          7  0.000e+00
     39.855   62.05018 -175.20846     40.245    -1.3533    -1.3592    -1.3540    31.6662    31.6931  1025.6557    25.4612    290.690    273.076  370.19701     78.523     0.0879     0.1795     0.4906 8.4714e-06      16931          7  0.000e+00
     39.801   62.05018 -175.20846     40.190    -1.3542    -1.3593    -1.3549    31.6654    31.6930  1025.6548    25.4606    290.655    273.026  370.20843     78.511     0.0891     0.1868     0.4906 1.0000e-12      16932          7  0.000e+00
     39.855   62.05018 -175.20846     40.245    -1.3555    -1.3596    -1.3563    31.6655    31.6927  1025.6552    25.4608    290.624    272.984  370.22184     78.500     0.0879     0.1795     0.4894 1.0000e-12      16933          7  0.000e+00
     39.855   62.05018 -175.20846     40.245    -1.3560    -1.3604    -1.3567    31.6651    31.6934  1025.6548    25.4604    290.841    273.172  370.22720     78.557     0.0891     0.1868     0.4894 8.4714e-06      16934          7  0.000e+00
     39.848   62.05018 -175.20846     40.237    -1.3565    -1.3611    -1.3572    31.6648    31.6931  1025.6546    25.4602    290.895    273.164  370.23322     78.571     0.0879     0.1795     0.4894 1.0000e-12      16935          7  0.000e+00
     39.855   62.05018 -175.20846     40.245    -1.3571    -1.3619    -1.3578    31.6646    31.6934  1025.6545    25.4600    290.690    273.156  370.24005     78.514     0.0891     0.1868     0.4894 1.0000e-12      16936          7  0.000e+00
     39.917   62.05018 -175.20846     40.307    -1.3578    -1.3618    -1.3586    31.6647    31.6932  1025.6549    25.4601    290.646    273.143  370.24727     78.500     0.0891     0.1868     0.4894 8.4714e-06      16937          7  0.000e+00
     39.855   62.05018 -175.20846     40.245    -1.3583    -1.3622    -1.3590    31.6651    31.6931  1025.6549    25.4605    290.591    272.933  370.25070     78.485     0.0891     0.1868     0.4894 8.4714e-06      16938          7  0.000e+00
     39.909   62.05018 -175.20846     40.300    -1.3591    -1.3620    -1.3598    31.6654    31.6924  1025.6555    25.4608    290.593    273.121  370.25717     78.484     0.0891     0.1868     0.4894 8.4714e-06      16939          7  0.000e+00
     39.855   62.05018 -175.20846     40.245    -1.3592    -1.3624    -1.3599    31.6652    31.6928  1025.6551    25.4606    290.846    272.880  370.25937     78.552     0.0891     0.1868     0.4894 8.4714e-06      16940          7  0.000e+00
     39.917   62.05018 -175.20846     40.307    -1.3597    -1.3623    -1.3604    31.6650    31.6925  1025.6552    25.4605    290.894    272.840  370.26462     78.564     0.0891     0.1868     0.4894 1.0000e-12      16941          7  0.000e+00
     39.917   62.05018 -175.20846     40.307    -1.3601    -1.3625    -1.3609    31.6655    31.6928  1025.6556    25.4609    290.936    272.799  370.26778     78.575     0.0891     0.1868     0.4894 1.0000e-12      16942          7  0.000e+00
     39.855   62.05018 -175.20846     40.245    -1.3606    -1.3626    -1.3613    31.6652    31.6928  1025.6551    25.4606    290.976    272.791  370.27318     78.584     0.0891     0.1868     0.4894 8.4714e-06      16943          7  0.000e+00
     39.963   62.05018 -175.20846     40.354    -1.3609    -1.3629    -1.3616    31.6648    31.6932  1025.6553    25.4603    290.760    272.793  370.27733     78.525     0.0879     0.1795     0.4894 1.0000e-12      16944          7  0.000e+00
     39.917   62.05018 -175.20846     40.308    -1.3615    -1.3628    -1.3622    31.6654    31.6933  1025.6555    25.4608    290.748    272.560  370.28196     78.521     0.0879     0.1795     0.4906 8.4714e-06      16945          7  0.000e+00
     39.917   62.05018 -175.20846     40.308    -1.3614    -1.3628    -1.3621    31.6652    31.6930  1025.6554    25.4606    290.784    272.727  370.28078     78.531     0.0867     0.1721     0.4906 1.0000e-12      16946          7  0.000e+00
     39.971   62.05018 -175.20846     40.362    -1.3620    -1.3629    -1.3627    31.6654    31.6930  1025.6558    25.4608    290.779    272.701  370.28658     78.528     0.0879     0.1795     0.4894 1.0000e-12      16947          7  0.000e+00
     39.909   62.05018 -175.20846     40.300    -1.3624    -1.3627    -1.3632    31.6655    31.6928  1025.6556    25.4609    290.768    272.899  370.29062     78.524     0.0867     0.1721     0.4906 1.0000e-12      16948          7  0.000e+00
     39.971   62.05018 -175.20846     40.362    -1.3624    -1.3628    -1.3632    31.6650    31.6929  1025.6555    25.4605    290.759    272.676  370.29209     78.522     0.0879     0.1795     0.4906 8.4714e-06      16949          7  0.000e+00
     39.971   62.05018 -175.20846     40.362    -1.3624    -1.3624    -1.3632    31.6651    31.6927  1025.6556    25.4606    290.747    272.647  370.29197     78.518     0.0879     0.1795     0.4882 8.4714e-06      16950          7  0.000e+00
     39.971   62.05018 -175.20846     40.362    -1.3629    -1.3626    -1.3636    31.6652    31.6928  1025.6557    25.4607    290.738    272.623  370.29612     78.515     0.0879     0.1795     0.4882 8.4714e-06      16951          7  0.000e+00
     39.964   62.05018 -175.20846     40.354    -1.3638    -1.3624    -1.3645    31.6657    31.6930  1025.6560    25.4611    290.733    272.630  370.30404     78.512     0.0879     0.1795     0.4882 8.4714e-06      16952          7  0.000e+00
     39.971   62.05018 -175.20846     40.362    -1.3641    -1.3624    -1.3648    31.6649    31.6931  1025.6555    25.4605    290.726    272.642  370.30900     78.509     0.0879     0.1795     0.4882 1.0000e-12      16953          7  0.000e+00
     39.971   62.05018 -175.20846     40.362    -1.3643    -1.3619    -1.3650    31.6651    31.6926  1025.6556    25.4606    290.715    272.390  370.31031     78.506     0.0879     0.1795     0.4882 1.0000e-12      16954          7  0.000e+00
     39.971   62.05018 -175.20846     40.362    -1.3647    -1.3622    -1.3655    31.6652    31.6931  1025.6557    25.4607    290.706    272.377  370.31458     78.502     0.0879     0.1795     0.4871 1.0000e-12      16955          7  0.000e+00
     40.025   62.05018 -175.20846     40.417    -1.3652    -1.3618    -1.3659    31.6653    31.6932  1025.6561    25.4608    290.700    272.365  370.31895     78.500     0.0879     0.1795     0.4882 1.0000e-12      16956          7  0.000e+00
     40.018   62.05018 -175.20846     40.409    -1.3655    -1.3615    -1.3662    31.6657    31.6932  1025.6564    25.4612    290.638    272.356  370.32042     78.483     0.0867     0.1721     0.4882 1.0000e-12      16957          7  0.000e+00
     40.025   62.05018 -175.20846     40.417    -1.3653    -1.3615    -1.3660    31.6654    31.6929  1025.6562    25.4609    290.623    272.584  370.31962     78.479     0.0879     0.1795     0.4882 1.0000e-12      16958          7  0.000e+00
     39.971   62.05018 -175.20846     40.362    -1.3655    -1.3615    -1.3662    31.6656    31.6925  1025.6560    25.4610    290.607    272.351  370.32096     78.474     0.0867     0.1721     0.4871 8.4714e-06      16959          7  0.000e+00
     40.025   62.05018 -175.20846     40.417    -1.3654    -1.3615    -1.3661    31.6652    31.6925  1025.6560    25.4607    290.595    272.553  370.32088     78.471     0.0879     0.1795     0.4882 1.0000e-12      16960          7  0.000e+00
     40.079   62.05018 -175.20846     40.471    -1.3653    -1.3616    -1.3660    31.6651    31.6923  1025.6562    25.4606    290.582    272.558  370.32071     78.468     0.0879     0.1795     0.4882 1.0000e-12      16961          7  0.000e+00
     40.025   62.05018 -175.20846     40.417    -1.3655    -1.3622    -1.3662    31.6654    31.6923  1025.6562    25.4609    290.774    272.565  370.32130     78.519     0.0879     0.1795     0.4882 8.4714e-06      16962          7  0.000e+00
     40.025   62.05018 -175.20846     40.417    -1.3655    -1.3628    -1.3662    31.6668    31.6931  1025.6573    25.4620    290.543    272.344  370.31734     78.458     0.0879     0.1795     0.4882 1.0000e-12      16963          7  0.000e+00
     40.025   62.05018 -175.20846     40.417    -1.3649    -1.3627    -1.3656    31.6675    31.6926  1025.6578    25.4626    290.518    272.321  370.30968     78.453     0.0879     0.1795     0.4882 8.4714e-06      16964          7  0.000e+00
