EcoFOCI/data/1_SampleCollection/2023_SikuliaqDBO_CruiseData/CTD_raw_BottleFile_SKQ23-12S/proc/skq202312s_044.cnv
* Sea-Bird SBE 9 Data File:
* FileName = D:\CTD\SKQ202312S\SKQ202312S_044.hex
* Software Version Seasave V 7.26.7.121
* Temperature SN = 6177
* Conductivity SN = 0369
* Number of Bytes Per Scan = 41
* Number of Voltage Words = 4
* Number of Scans Averaged by the Deck Unit = 1
* NMEA Latitude = 71 35.18 N
* NMEA Longitude = 161 23.69 W
* NMEA UTC (Time) = Sep 24 2023  08:13:31
* NMEA baud rate = 4800
** Ship: R/V Sikuliaq
** Station Number: 044
** Station Name: DBO4.4n
** Bottom Depth: 47
** Operator: SS
# nquan = 24
# nvalues = 5956                                  
# units = specified
# name 0 = depSM: Depth [salt water, m]
# name 1 = latitude: Latitude [deg]
# name 2 = longitude: Longitude [deg]
# name 3 = prDM: Pressure, Digiquartz [db]
# name 4 = t090C: Temperature [ITS-90, deg C]
# name 5 = t190C: Temperature, 2 [ITS-90, deg C]
# name 6 = potemp090C: Potential Temperature [ITS-90, deg C]
# name 7 = sal00: Salinity, Practical [PSU]
# name 8 = sal11: Salinity, Practical, 2 [PSU]
# name 9 = density00: Density [density, kg/m^3]
# name 10 = sigma-é00: Density [sigma-theta, kg/m^3]
# name 11 = sbox0Mm/Kg: Oxygen, SBE 43 [umol/kg]
# name 12 = sbox1Mm/Kg: Oxygen, SBE 43, 2 [umol/kg]
# name 13 = oxsolMm/Kg: Oxygen Saturation, Garcia & Gordon [umol/kg]
# name 14 = sbeox0PS: Oxygen, SBE 43 [% saturation]
# name 15 = sbeox1PS: Oxygen, SBE 43, 2 [% saturation]
# name 16 = v0: Voltage 0
# name 17 = flECO-AFL: Fluorescence, WET Labs ECO-AFL/FL [mg/m^3]
# name 18 = v1: Voltage 1
# name 19 = CStarAt0: Beam Attenuation, WET Labs C-Star [1/m]
# name 20 = par: PAR/Irradiance, Biospherical/Licor
# name 21 = scan: Scan Count
# name 22 = timeM: Time, Elapsed [minutes]
# name 23 = flag:  0.000e+00
# span 0 =      2.237,     42.100                 
# span 1 =   71.58606,   71.58618                 
# span 2 = -161.39586, -161.39548                 
# span 3 =      2.260,     42.539                 
# span 4 =    -1.5499,     2.4597                 
# span 5 =    -1.5487,     2.4704                 
# span 6 =    -1.5507,     2.4591                 
# span 7 =    27.0614,    32.5734                 
# span 8 =    27.0709,    32.5865                 
# span 9 =  1021.6314,  1026.4054                 
# span 10 =    21.6181,    26.2023                
# span 11 =    256.557,    449.839                
# span 12 =    241.583,    421.391                
# span 13 =  342.43014,  369.90940                
# span 14 =     69.435,    124.080                
# span 15 =     65.389,    116.024                
# span 16 =     0.0806,     1.3309                
# span 17 =     0.1355,     7.6373                
# span 18 =     2.5092,     4.1807                
# span 19 =     0.4789,     2.5218                
# span 20 = 1.0000e-12, 1.4350e+00                
# span 21 =          1,       5956                
# span 22 =     0.0000,     4.1354                
# span 23 = 0.0000e+00, 0.0000e+00                
# interval = seconds: 0.0416667
# start_time = Sep 24 2023 08:17:11 [NMEA time, first data scan]
# bad_flag = -9.990e-29
*END*
[from data line 1087]
      6.986   71.58616 -161.39554      7.058     2.0221     2.0056     2.0218    27.1283    27.0986  1021.7032    21.6696    343.229    325.869  350.98965     97.789     92.783     0.1734     0.6923     4.0635     0.5927 1.5172e-01       1088     0.7549  0.000e+00
      6.932   71.58616 -161.39554      7.004     2.0224     2.0052     2.0222    27.1296    27.0971  1021.7040    21.6706    342.905    326.073  350.98333     97.698     92.839     0.1709     0.6776     4.0635     0.5927 1.5248e-01       1089     0.7556  0.000e+00
      6.986   71.58616 -161.39554      7.058     2.0228     2.0042     2.0225    27.1283    27.0965  1021.7032    21.6695    343.139    325.891  350.98382     97.765     92.784     0.1709     0.6776     4.0611     0.5951 1.2297e-01       1090     0.7562  0.000e+00
      6.986   71.58616 -161.39554      7.058     2.0229     2.0032     2.0226    27.1260    27.0963  1021.7014    21.6677    343.177    325.890  350.98841     97.774     92.781     0.1697     0.6703     4.0611     0.5951 9.3064e-02       1091     0.7569  0.000e+00
      6.986   71.58616 -161.39554      7.058     2.0229     2.0030     2.0226    27.1241    27.0950  1021.6998    21.6662    342.980    325.883  350.99358     97.717     92.778     0.1709     0.6776     4.0598     0.5963 8.7776e-02       1092     0.7576  0.000e+00
      6.986   71.58616 -161.39554      7.058     2.0234     2.0029     2.0231    27.1215    27.0946  1021.6977    21.6640    342.742    326.083  350.99676     97.648     92.834     0.1697     0.6703     4.0611     0.5951 8.8939e-02       1093     0.7583  0.000e+00
      6.986   71.58616 -161.39554      7.058     2.0228     2.0029     2.0225    27.1172    27.0946  1021.6943    21.6606    343.225    326.095  351.01369     97.781     92.838     0.1697     0.6703     4.0611     0.5951 9.0697e-02       1094     0.7590  0.000e+00
      7.048   71.58616 -161.39554      7.121     2.0217     2.0027     2.0214    27.1124    27.0944  1021.6909    21.6569    343.285    326.112  351.03615     97.792     92.842     0.1709     0.6776     4.0598     0.5963 9.0697e-02       1095     0.7597  0.000e+00
      6.986   71.58616 -161.39554      7.058     2.0207     2.0029     2.0204    27.1085    27.0938  1021.6875    21.6538    343.335    326.120  351.05554     97.801     92.844     0.1697     0.6703     4.0611     0.5951 9.9713e-02       1096     0.7604  0.000e+00
      6.986   71.58616 -161.39554      7.058     2.0198     2.0027     2.0195    27.1074    27.0946  1021.6867    21.6530    343.378    325.920  351.06668     97.810     92.787     0.1709     0.6776     4.0598     0.5963 1.2229e-01       1097     0.7611  0.000e+00
      6.986   71.58616 -161.39554      7.058     2.0190     2.0026     2.0187    27.1104    27.0949  1021.6891    21.6554    343.366    326.140  351.06548     97.807     92.850     0.1697     0.6703     4.0611     0.5951 1.2916e-01       1098     0.7618  0.000e+00
      7.048   71.58616 -161.39554      7.121     2.0185     2.0028     2.0182    27.1120    27.0951  1021.6907    21.6567    343.161    326.175  351.06563     97.749     92.861     0.1697     0.6703     4.0611     0.5951 1.2708e-01       1099     0.7625  0.000e+00
      6.986   71.58616 -161.39554      7.058     2.0185     2.0029     2.0182    27.1092    27.0958  1021.6882    21.6545    343.112    326.180  351.07302     97.732     92.863     0.1697     0.6703     4.0598     0.5963 1.1826e-01       1100     0.7632  0.000e+00
      7.048   71.58616 -161.39556      7.121     2.0182     2.0024     2.0180    27.1070    27.0963  1021.6867    21.6528    343.343    326.194  351.08148     97.796     92.866     0.1709     0.6776     4.0598     0.5963 1.1495e-01       1101     0.7639  0.000e+00
      7.048   71.58616 -161.39556      7.121     2.0193     2.0019     2.0191    27.1113    27.0953  1021.6901    21.6562    343.110    326.025  351.06009     97.735     92.816     0.1709     0.6776     4.0611     0.5951 1.1561e-01       1102     0.7646  0.000e+00
      6.986   71.58616 -161.39556      7.058     2.0217     2.0018     2.0214    27.1082    27.0944  1021.6872    21.6536    343.075    326.010  351.04742     97.729     92.811     0.1697     0.6703     4.0598     0.5963 1.2501e-01       1103     0.7653  0.000e+00
      7.048   71.58616 -161.39556      7.121     2.0220     2.0018     2.0217    27.0985    27.0941  1021.6797    21.6458    343.318    325.996  351.07062     97.792     92.807     0.1709     0.6776     4.0598     0.5963 1.2916e-01       1104     0.7660  0.000e+00
      7.048   71.58616 -161.39556      7.121     2.0198     2.0018     2.0195    27.0920    27.0939  1021.6747    21.6407    343.379    325.980  351.10808     97.799     92.802     0.1697     0.6703     4.0598     0.5963 1.2985e-01       1105     0.7667  0.000e+00
      7.102   71.58616 -161.39556      7.175     2.0168     2.0018     2.0165    27.0918    27.0944  1021.6749    21.6407    343.350    325.964  351.13555     97.783     92.798     0.1697     0.6703     4.0598     0.5963 1.3125e-01       1106     0.7674  0.000e+00
      7.048   71.58616 -161.39556      7.121     2.0142     2.0019     2.0139    27.0936    27.0963  1021.6762    21.6422    343.343    325.939  351.15418     97.776     92.792     0.1709     0.6776     4.0611     0.5951 1.3196e-01       1107     0.7681  0.000e+00
      7.048   71.58616 -161.39556      7.121     2.0125     2.0021     2.0122    27.0918    27.0980  1021.6749    21.6409    343.142    325.916  351.17399     97.713     92.787     0.1697     0.6703     4.0598     0.5963 1.3266e-01       1108     0.7688  0.000e+00
      7.102   71.58616 -161.39556      7.175     2.0102     2.0026     2.0099    27.0914    27.0984  1021.6750    21.6408    343.375    325.896  351.19547     97.773     92.783     0.1709     0.6776     4.0598     0.5963 1.5787e-01       1109     0.7694  0.000e+00
      7.048   71.58616 -161.39556      7.121     2.0084     2.0030     2.0081    27.0937    27.0983  1021.6767    21.6427    343.394    325.873  351.20548     97.776     92.778     0.1697     0.6703     4.0574     0.5987 1.7883e-01       1110     0.7701  0.000e+00
      7.048   71.58616 -161.39556      7.121     2.0074     2.0030     2.0071    27.0946    27.0980  1021.6774    21.6435    343.411    325.857  351.21237     97.779     92.773     0.1709     0.6776     4.0562     0.5999 1.8304e-01       1111     0.7708  0.000e+00
      7.102   71.58616 -161.39556      7.175     2.0072     2.0030     2.0069    27.0931    27.0977  1021.6765    21.6423    343.425    325.843  351.21781     97.781     92.769     0.1697     0.6703     4.0562     0.5999 1.7551e-01       1112     0.7715  0.000e+00
      7.102   71.58616 -161.39556      7.175     2.0068     2.0027     2.0065    27.0923    27.0975  1021.6759    21.6416    343.437    325.830  351.22400     97.783     92.764     0.1697     0.6703     4.0562     0.5999 1.6897e-01       1113     0.7722  0.000e+00
      7.048   71.58616 -161.39556      7.121     2.0067     2.0026     2.0064    27.0910    27.0970  1021.6746    21.6406    343.441    325.813  351.22788     97.783     92.758     0.1709     0.6776     4.0562     0.5999 1.6735e-01       1114     0.7729  0.000e+00
      7.133   71.58616 -161.39556      7.206     2.0068     2.0021     2.0065    27.0894    27.0971  1021.6737    21.6394    343.450    325.804  351.23161     97.785     92.755     0.1697     0.6703     4.0562     0.5999 1.3055e-01       1115     0.7736  0.000e+00
      7.102   71.58616 -161.39556      7.175     2.0064     2.0024     2.0061    27.0878    27.0961  1021.6723    21.6381    343.457    325.786  351.23939     97.784     92.750     0.1709     0.6776     4.0562     0.5999 8.5468e-02       1116     0.7743  0.000e+00
      7.102   71.58616 -161.39556      7.175     2.0068     2.0027     2.0065    27.0860    27.0958  1021.6709    21.6366    343.456    325.766  351.24074     97.784     92.745     0.1697     0.6703     4.0562     0.5999 7.5397e-02       1117     0.7750  0.000e+00
      7.102   71.58616 -161.39556      7.175     2.0069     2.0029     2.0066    27.0854    27.0955  1021.6704    21.6362    343.453    325.749  351.24141     97.783     92.740     0.1709     0.6776     4.0562     0.5999 8.7196e-02       1118     0.7757  0.000e+00
      7.102   71.58616 -161.39556      7.175     2.0064     2.0032     2.0062    27.0854    27.0957  1021.6704    21.6362    343.453    325.729  351.24541     97.781     92.735     0.1709     0.6776     4.0562     0.5999 1.1169e-01       1119     0.7764  0.000e+00
      7.164   71.58616 -161.39556      7.238     2.0055     2.0029     2.0052    27.0859    27.0962  1021.6711    21.6366    343.926    325.716  351.25281     97.914     92.731     0.1697     0.6703     4.0562     0.5999 1.1959e-01       1120     0.7771  0.000e+00
      7.102   71.58616 -161.39556      7.175     2.0044     2.0024     2.0041    27.0861    27.0959  1021.6710    21.6368    343.532    325.492  351.26218     97.799     92.666     0.1709     0.6776     4.0562     0.5999 1.1234e-01       1121     0.7778  0.000e+00
      7.102   71.58616 -161.39556      7.175     2.0032     2.0026     2.0029    27.0869    27.0950  1021.6717    21.6375    343.763    325.478  351.27076     97.863     92.662     0.1697     0.6703     4.0562     0.5999 9.1287e-02       1122     0.7785  0.000e+00
      7.164   71.58616 -161.39556      7.238     2.0022     2.0027     2.0019    27.0886    27.0940  1021.6734    21.6389    343.560    325.443  351.27498     97.804     92.651     0.1709     0.6776     4.0562     0.5999 8.3754e-02       1123     0.7792  0.000e+00
      7.164   71.58616 -161.39556      7.238     2.0020     2.0028     2.0018    27.0901    27.0937  1021.6747    21.6402    343.540    325.614  351.27229     97.799     92.700     0.1697     0.6703     4.0562     0.5999 8.5468e-02       1124     0.7799  0.000e+00
      7.102   71.58616 -161.39556      7.175     2.0027     2.0029     2.0024    27.0921    27.0937  1021.6760    21.6417    343.506    325.389  351.26098     97.792     92.636     0.1709     0.6776     4.0562     0.5999 9.7271e-02       1125     0.7806  0.000e+00
      7.164   71.58616 -161.39556      7.238     2.0030     2.0021     2.0027    27.0935    27.0943  1021.6773    21.6428    343.480    325.361  351.25449     97.787     92.627     0.1709     0.6776     4.0562     0.5999 1.0218e-01       1126     0.7813  0.000e+00
      7.164   71.58616 -161.39556      7.238     2.0036     2.0023     2.0033    27.0923    27.0943  1021.6764    21.6419    343.536    325.324  351.25210     97.803     92.616     0.1697     0.6703     4.0562     0.5999 1.0343e-01       1127     0.7819  0.000e+00
      7.164   71.58616 -161.39556      7.238     2.0039     2.0026     2.0037    27.0908    27.0944  1021.6752    21.6406    343.515    325.286  351.25321     97.797     92.606     0.1709     0.6776     4.0562     0.5999 1.2570e-01       1128     0.7826  0.000e+00
      7.164   71.58616 -161.39556      7.238     2.0039     2.0027     2.0036    27.0899    27.0944  1021.6744    21.6399    343.496    325.460  351.25636     97.791     92.656     0.1697     0.6703     4.0562     0.5999 1.3838e-01       1129     0.7833  0.000e+00
      7.164   71.58616 -161.39556      7.238     2.0035     2.0026     2.0032    27.0903    27.0937  1021.6748    21.6403    343.240    325.481  351.25896     97.717     92.662     0.1697     0.6703     4.0611     0.5951 1.3983e-01       1130     0.7840  0.000e+00
      7.218   71.58616 -161.39556      7.292     2.0027     2.0021     2.0024    27.0904    27.0931  1021.6751    21.6403    343.421    325.508  351.26571     97.767     92.668     0.1722     0.6850     4.0672     0.5890 1.2229e-01       1131     0.7847  0.000e+00
      7.164   71.58616 -161.39556      7.238     2.0024     2.0019     2.0021    27.0906    27.0922  1021.6751    21.6406    343.395    325.530  351.26792     97.759     92.673     0.1697     0.6703     4.0684     0.5878 1.1105e-01       1132     0.7854  0.000e+00
      7.217   71.58616 -161.39556      7.292     2.0020     2.0018     2.0018    27.0904    27.0916  1021.6752    21.6404    343.455    325.556  351.27146     97.775     92.680     0.1709     0.6776     4.0684     0.5878 1.0912e-01       1133     0.7861  0.000e+00
      7.164   71.58616 -161.39556      7.238     2.0014     2.0013     2.0012    27.0905    27.0916  1021.6751    21.6405    343.433    325.580  351.27648     97.767     92.685     0.1697     0.6703     4.0684     0.5878 1.2161e-01       1134     0.7868  0.000e+00
      7.217   71.58616 -161.39556      7.292     2.0006     2.0013     2.0003    27.0904    27.0913  1021.6753    21.6405    343.416    325.606  351.28408     97.760     92.693     0.1697     0.6703     4.0684     0.5878 1.3408e-01       1135     0.7875  0.000e+00
      7.217   71.58616 -161.39556      7.292     2.0005     2.0010     2.0002    27.0892    27.0918  1021.6743    21.6395    343.432    325.397  351.28840     97.763     92.633     0.1697     0.6703     4.0672     0.5890 1.3694e-01       1136     0.7882  0.000e+00
      7.217   71.58616 -161.39556      7.292     2.0009     2.0005     2.0007    27.0872    27.0911  1021.6727    21.6379    343.444    325.376  351.28998     97.766     92.625     0.1709     0.6776     4.0672     0.5890 1.5248e-01       1137     0.7889  0.000e+00
      7.164   71.58616 -161.39556      7.238     2.0011     1.9996     2.0008    27.0859    27.0910  1021.6714    21.6369    343.414    325.594  351.29181     97.757     92.685     0.1709     0.6776     4.0684     0.5878 1.7468e-01       1138     0.7896  0.000e+00
      7.271   71.58616 -161.39556      7.347     2.0006     1.9990     2.0003    27.0849    27.0908  1021.6711    21.6361    343.436    325.606  351.29890     97.762     92.687     0.1697     0.6703     4.0672     0.5890 1.8051e-01       1139     0.7903  0.000e+00
      7.217   71.58616 -161.39556      7.292     2.0005     1.9991     2.0002    27.0840    27.0903  1021.6701    21.6353    343.213    325.604  351.30245     97.697     92.686     0.1661     0.6483     4.0684     0.5878 1.6575e-01       1140     0.7910  0.000e+00
      7.217   71.58616 -161.39556      7.292     2.0000     1.9995     1.9997    27.0838    27.0904  1021.6700    21.6352    343.150    325.602  351.30731     97.678     92.686     0.1612     0.6190     4.0684     0.5878 1.4129e-01       1141     0.7917  0.000e+00
      7.271   71.58616 -161.39556      7.347     1.9995     1.9998     1.9993    27.0846    27.0897  1021.6710    21.6359    343.046    325.630  351.30945     97.648     92.695     0.1612     0.6190     4.0672     0.5890 1.3479e-01       1142     0.7924  0.000e+00
      7.217   71.58616 -161.39556      7.292     1.9997     2.0002     1.9994    27.0850    27.0886  1021.6710    21.6362    343.246    325.655  351.30690     97.705     92.702     0.1624     0.6264     4.0684     0.5878 1.1561e-01       1143     0.7931  0.000e+00
      7.271   71.58616 -161.39556      7.347     1.9997     2.0004     1.9994    27.0840    27.0874  1021.6705    21.6355    343.261    325.898  351.30956     97.709     92.771     0.1612     0.6190     4.0672     0.5890 6.8962e-02       1144     0.7937  0.000e+00
      7.271   71.58616 -161.39556      7.347     1.9999     1.9996     1.9996    27.0808    27.0869  1021.6679    21.6328    343.277    325.752  351.31684     97.712     92.727     0.1624     0.6264     4.0672     0.5890 5.4762e-02       1145     0.7944  0.000e+00
      7.271   71.58616 -161.39556      7.347     1.9997     1.9995     1.9994    27.0789    27.0878  1021.6664    21.6314    343.294    325.755  351.32331     97.714     92.728     0.1612     0.6190     4.0684     0.5878 5.4276e-02       1146     0.7951  0.000e+00
      7.271   71.58616 -161.39556      7.347     1.9994     2.0001     1.9991    27.0799    27.0887  1021.6672    21.6322    343.304    325.777  351.32313     97.717     92.737     0.1624     0.6264     4.0684     0.5878 5.3306e-02       1147     0.7958  0.000e+00
