EcoFOCI/data/1_SampleCollection/2023_SikuliaqDBO_CruiseData/CTD_raw_BottleFile_SKQ23-12S/proc/skq202312s_018.ros
* Sea-Bird SBE 9 Data File:
* FileName = D:\CTD\SKQ202312S\SKQ202312S_018.hex
* Software Version Seasave V 7.26.7.121
* Temperature SN = 6177
* Conductivity SN = 0369
* Number of Bytes Per Scan = 41
* Number of Voltage Words = 4
* Number of Scans Averaged by the Deck Unit = 1
* NMEA Latitude = 64 40.12 N
* NMEA Longitude = 168 14.25 W
* NMEA UTC (Time) = Sep 17 2023  18:54:46
* NMEA baud rate = 4800
** Ship: R/V Sikuliaq
** Station Number: 018
** Station Name: DBO2.3
** Bottom Depth: 38
** Operator: SD
# nquan = 22
# nvalues = 784                                   
# units = specified
# name 0 = depSM: Depth [salt water, m]
# name 1 = latitude: Latitude [deg]
# name 2 = longitude: Longitude [deg]
# name 3 = prDM: Pressure, Digiquartz [db]
# name 4 = t090C: Temperature [ITS-90, deg C]
# name 5 = t190C: Temperature, 2 [ITS-90, deg C]
# name 6 = potemp090C: Potential Temperature [ITS-90, deg C]
# name 7 = sal00: Salinity, Practical [PSU]
# name 8 = sal11: Salinity, Practical, 2 [PSU]
# name 9 = density00: Density [density, kg/m^3]
# name 10 = sigma-é00: Density [sigma-theta, kg/m^3]
# name 11 = sbox0Mm/Kg: Oxygen, SBE 43 [umol/kg]
# name 12 = sbox1Mm/Kg: Oxygen, SBE 43, 2 [umol/kg]
# name 13 = oxsolMm/Kg: Oxygen Saturation, Garcia & Gordon [umol/kg]
# name 14 = sbeox0PS: Oxygen, SBE 43 [% saturation]
# name 15 = v0: Voltage 0
# name 16 = flECO-AFL: Fluorescence, WET Labs ECO-AFL/FL [mg/m^3]
# name 17 = CStarAt0: Beam Attenuation, WET Labs C-Star [1/m]
# name 18 = par: PAR/Irradiance, Biospherical/Licor
# name 19 = scan: Scan Count
# name 20 = nbf: Bottles Fired
# name 21 = flag:  0.000e+00
# interval = seconds: 0.0416667
# start_time = Sep 17 2023 18:58:23 [NMEA time, first data scan]
# bad_flag = -9.990e-29
*END*
[from data line 659]
      3.650   64.66894 -168.23672      3.686     6.1119     6.1173     6.1116    31.8169    31.8255  1025.0417    25.0247    292.394    278.273  306.63262     95.357     0.3626     1.8278     0.7961 6.7289e+01      14717         14  0.000e+00
      3.650   64.66894 -168.23672      3.686     6.1119     6.1173     6.1116    31.8169    31.8254  1025.0417    25.0247    292.198    278.273  306.63262     95.293     0.3639     1.8352     0.7961 6.7289e+01      14718         14  0.000e+00
      3.650   64.66894 -168.23672      3.686     6.1119     6.1175     6.1116    31.8168    31.8254  1025.0416    25.0246    292.171    278.446  306.63297     95.284     0.3626     1.8278     0.7949 6.7100e+01      14719         14  0.000e+00
      3.650   64.66894 -168.23672      3.686     6.1117     6.1173     6.1115    31.8170    31.8254  1025.0418    25.0247    292.340    278.464  306.63356     95.339     0.3639     1.8352     0.7961 6.6723e+01      14720         14  0.000e+00
      3.673   64.66894 -168.23672      3.709     6.1119     6.1175     6.1116    31.8170    31.8254  1025.0419    25.0247    292.338    278.478  306.63247     95.338     0.3626     1.8278     0.7961 6.6348e+01      14721         14  0.000e+00
      3.596   64.66894 -168.23672      3.631     6.1119     6.1173     6.1116    31.8169    31.8257  1025.0415    25.0247    292.333    278.313  306.63256     95.337     0.3639     1.8352     0.7949 6.6348e+01      14722         14  0.000e+00
      3.650   64.66894 -168.23672      3.686     6.1119     6.1175     6.1116    31.8170    31.8254  1025.0418    25.0247    292.332    278.311  306.63245     95.336     0.3639     1.8352     0.7961 6.5975e+01      14723         14  0.000e+00
      3.596   64.66894 -168.23672      3.631     6.1119     6.1171     6.1116    31.8172    31.8255  1025.0416    25.0249    292.354    278.484  306.63205     95.343     0.3626     1.8278     0.7961 6.5790e+01      14724         14  0.000e+00
      3.650   64.66894 -168.23672      3.686     6.1119     6.1168     6.1116    31.8171    31.8257  1025.0418    25.0248    292.351    278.324  306.63228     95.343     0.3639     1.8352     0.7961 6.5790e+01      14725         14  0.000e+00
      3.650   64.66894 -168.23672      3.686     6.1119     6.1168     6.1116    31.8171    31.8257  1025.0419    25.0249    292.345    278.320  306.63210     95.341     0.3626     1.8278     0.7961 6.5790e+01      14726         14  0.000e+00
      3.596   64.66894 -168.23672      3.631     6.1119     6.1167     6.1116    31.8169    31.8254  1025.0414    25.0246    292.337    278.315  306.63274     95.338     0.3639     1.8352     0.7961 6.5790e+01      14727         14  0.000e+00
      3.596   64.66894 -168.23672      3.631     6.1117     6.1162     6.1115    31.8170    31.8258  1025.0415    25.0248    292.330    278.314  306.63350     95.335     0.3626     1.8278     0.7961 6.5790e+01      14728         14  0.000e+00
      3.650   64.66894 -168.23672      3.686     6.1119     6.1162     6.1116    31.8170    31.8254  1025.0418    25.0247    292.321    278.293  306.63245     95.333     0.3639     1.8352     0.7949 6.5790e+01      14729         14  0.000e+00
      3.596   64.66894 -168.23672      3.631     6.1119     6.1159     6.1116    31.8169    31.8257  1025.0415    25.0247    292.338    278.269  306.63256     95.338     0.3626     1.8278     0.7961 6.5975e+01      14730         14  0.000e+00
      3.596   64.66894 -168.23672      3.631     6.1117     6.1159     6.1115    31.8169    31.8255  1025.0415    25.0247    292.329    278.086  306.63368     95.335     0.3626     1.8278     0.7961 6.5975e+01      14731         14  0.000e+00
      3.650   64.66894 -168.23672      3.686     6.1117     6.1160     6.1115    31.8168    31.8255  1025.0416    25.0246    292.349    278.064  306.63408     95.341     0.3626     1.8278     0.7961 6.6348e+01      14732         14  0.000e+00
      3.534   64.66894 -168.23672      3.569     6.1117     6.1159     6.1115    31.8171    31.8252  1025.0413    25.0248    292.361    278.039  306.63326     95.345     0.3639     1.8352     0.7961 6.6723e+01      14733         14  0.000e+00
      3.650   64.66894 -168.23672      3.686     6.1119     6.1159     6.1116    31.8169    31.8256  1025.0417    25.0247    292.549    278.179  306.63262     95.407     0.3626     1.8278     0.7961 6.6723e+01      14734         14  0.000e+00
      3.596   64.66894 -168.23672      3.631     6.1119     6.1160     6.1116    31.8172    31.8253  1025.0417    25.0249    292.756    277.995  306.63196     95.475     0.3651     1.8425     0.7961 6.6911e+01      14735         14  0.000e+00
      3.596   64.66894 -168.23672      3.631     6.1119     6.1159     6.1116    31.8170    31.8254  1025.0415    25.0248    292.402    277.974  306.63239     95.359     0.3663     1.8498     0.7961 6.7100e+01      14736         14  0.000e+00
      3.596   64.66894 -168.23672      3.631     6.1121     6.1156     6.1118    31.8166    31.8257  1025.0412    25.0244    292.384    277.936  306.63214     95.353     0.3651     1.8425     0.7961 6.7289e+01      14737         14  0.000e+00
      3.534   64.66894 -168.23672      3.569     6.1121     6.1155     6.1118    31.8168    31.8252  1025.0410    25.0245    292.361    277.914  306.63190     95.346     0.3663     1.8498     0.7961 6.7100e+01      14738         14  0.000e+00
      3.596   64.66894 -168.23672      3.631     6.1117     6.1153     6.1115    31.8175    31.8253  1025.0420    25.0252    292.344    277.721  306.63230     95.340     0.3651     1.8425     0.7961 6.6911e+01      14739         14  0.000e+00
      3.534   64.66894 -168.23672      3.569     6.1117     6.1151     6.1115    31.8170    31.8255  1025.0413    25.0248    292.349    277.860  306.63344     95.342     0.3663     1.8498     0.7961 6.6723e+01      14740         14  0.000e+00
      3.596   64.66894 -168.23672      3.631     6.1121     6.1148     6.1118    31.8172    31.8256  1025.0416    25.0249    292.327    277.669  306.63093     95.335     0.3651     1.8425     0.7961 6.6911e+01      14741         14  0.000e+00
      3.534   64.66894 -168.23672      3.569     6.1121     6.1148     6.1118    31.8170    31.8255  1025.0412    25.0247    292.360    277.633  306.63138     95.346     0.3663     1.8498     0.7961 6.6911e+01      14742         14  0.000e+00
      3.596   64.66894 -168.23672      3.631     6.1119     6.1146     6.1116    31.8172    31.8256  1025.0417    25.0249    292.370    277.584  306.63196     95.349     0.3651     1.8425     0.7961 6.7100e+01      14743         14  0.000e+00
      3.418   64.66894 -168.23672      3.452     6.1141     6.1149     6.1139    31.8168    31.8260  1025.0403    25.0243    292.275    278.443  306.61680     95.323     0.3663     1.8498     0.7949 6.5236e+01      14852         15  0.000e+00
      3.364   64.66894 -168.23672      3.397     6.1140     6.1151     6.1137    31.8169    31.8257  1025.0401    25.0244    292.291    278.411  306.61768     95.328     0.3651     1.8425     0.7949 6.5236e+01      14853         15  0.000e+00
      3.364   64.66894 -168.23672      3.397     6.1136     6.1146     6.1134    31.8171    31.8260  1025.0403    25.0246    292.282    278.362  306.61981     95.324     0.3663     1.8498     0.7949 6.5420e+01      14854         15  0.000e+00
      3.364   64.66894 -168.23672      3.397     6.1138     6.1147     6.1135    31.8168    31.8259  1025.0400    25.0244    292.102    278.326  306.61939     95.265     0.3651     1.8425     0.7949 6.5790e+01      14855         15  0.000e+00
      3.364   64.66894 -168.23672      3.397     6.1136     6.1145     6.1134    31.8168    31.8260  1025.0401    25.0244    292.289    278.291  306.62050     95.326     0.3651     1.8425     0.7961 6.5790e+01      14856         15  0.000e+00
      3.302   64.66894 -168.23672      3.335     6.1138     6.1146     6.1135    31.8170    31.8173  1025.0399    25.0245    292.273    278.108  306.61898     95.321     0.3663     1.8498     0.7961 6.6161e+01      14857         15  0.000e+00
      3.302   64.66894 -168.23672      3.335     6.1138     6.1145     6.1135    31.8168    31.8149  1025.0397    25.0243    292.261    278.250  306.61950     95.317     0.3651     1.8425     0.7961 6.6723e+01      14858         15  0.000e+00
      3.302   64.66894 -168.23672      3.335     6.1136     6.1146     6.1134    31.8171    31.8238  1025.0400    25.0246    292.443    278.208  306.61975     95.377     0.3663     1.8498     0.7974 6.7100e+01      14859         15  0.000e+00
      3.364   64.66894 -168.23672      3.397     6.1136     6.1149     6.1134    31.8171    31.8259  1025.0403    25.0246    292.319    278.179  306.61981     95.336     0.3663     1.8498     0.7961 6.7289e+01      14860         15  0.000e+00
      3.302   64.66894 -168.23672      3.335     6.1135     6.1151     6.1132    31.8171    31.8259  1025.0400    25.0246    292.332    278.149  306.62086     95.340     0.3663     1.8498     0.7961 6.8629e+01      14861         15  0.000e+00
      3.302   64.66894 -168.23672      3.335     6.1136     6.1146     6.1134    31.8171    31.8264  1025.0400    25.0246    292.316    278.143  306.61992     95.335     0.3651     1.8425     0.7961 6.9211e+01      14862         15  0.000e+00
      3.302   64.66894 -168.23672      3.335     6.1136     6.1149     6.1134    31.8170    31.8261  1025.0399    25.0245    292.104    278.131  306.62009     95.266     0.3651     1.8425     0.7974 6.9211e+01      14863         15  0.000e+00
      3.302   64.66894 -168.23672      3.335     6.1138     6.1146     6.1135    31.8169    31.8258  1025.0398    25.0244    292.197    278.124  306.61915     95.296     0.3639     1.8352     0.7961 7.0589e+01      14864         15  0.000e+00
      3.302   64.66894 -168.23672      3.335     6.1136     6.1146     6.1134    31.8168    31.8258  1025.0398    25.0244    292.208    277.936  306.62052     95.299     0.3651     1.8425     0.7961 7.1188e+01      14865         15  0.000e+00
      3.364   64.66894 -168.23672      3.397     6.1136     6.1143     6.1134    31.8165    31.8264  1025.0398    25.0242    292.220    277.909  306.62111     95.303     0.3639     1.8352     0.7974 7.1388e+01      14866         15  0.000e+00
      3.302   64.66894 -168.23672      3.335     6.1135     6.1143     6.1132    31.8172    31.8260  1025.0401    25.0247    292.226    277.879  306.62069     95.306     0.3651     1.8425     0.7974 7.2401e+01      14867         15  0.000e+00
      3.302   64.66894 -168.23672      3.335     6.1136     6.1144     6.1134    31.8169    31.8258  1025.0399    25.0244    292.235    277.849  306.62026     95.308     0.3639     1.8352     0.7974 7.3015e+01      14868         15  0.000e+00
      3.325   64.66894 -168.23672      3.358     6.1138     6.1145     6.1135    31.8167    31.8258  1025.0398    25.0243    292.244    277.821  306.61952     95.312     0.3639     1.8352     0.7961 7.3015e+01      14869         15  0.000e+00
      3.302   64.66894 -168.23672      3.335     6.1136     6.1146     6.1134    31.8171    31.8263  1025.0400    25.0246    292.253    277.789  306.61992     95.315     0.3651     1.8425     0.7961 7.3634e+01      14870         15  0.000e+00
      3.302   64.66894 -168.23672      3.335     6.1140     6.1146     6.1137    31.8166    31.8258  1025.0396    25.0242    292.261    277.937  306.61830     95.317     0.3639     1.8352     0.7974 7.4259e+01      14871         15  0.000e+00
      3.364   64.66894 -168.23672      3.397     6.1136     6.1149     6.1134    31.8170    31.8259  1025.0402    25.0245    292.274    277.944  306.61999     95.321     0.3651     1.8425     0.7974 7.4259e+01      14872         15  0.000e+00
      3.302   64.66894 -168.23672      3.335     6.1138     6.1149     6.1135    31.8168    31.8264  1025.0398    25.0244    292.280    277.752  306.61932     95.324     0.3639     1.8352     0.7974 7.4678e+01      14873         15  0.000e+00
      3.364   64.66894 -168.23672      3.397     6.1138     6.1152     6.1135    31.8165    31.8259  1025.0398    25.0241    292.264    277.918  306.62017     95.318     0.3651     1.8425     0.7974 7.4889e+01      14874         15  0.000e+00
      3.302   64.66894 -168.23672      3.335     6.1135     6.1151     6.1132    31.8172    31.8259  1025.0401    25.0247    292.241    277.924  306.62069     95.310     0.3639     1.8352     0.7961 7.5100e+01      14875         15  0.000e+00
      3.364   64.66894 -168.23672      3.397     6.1138     6.1152     6.1135    31.8172    31.8256  1025.0403    25.0247    292.248    277.932  306.61853     95.313     0.3651     1.8425     0.7974 7.5312e+01      14876         15  0.000e+00
      3.364   64.66894 -168.23672      3.397     6.1136     6.1151     6.1134    31.8168    31.8260  1025.0401    25.0244    292.257    277.920  306.62050     95.316     0.3639     1.8352     0.7961 7.5524e+01      14877         15  0.000e+00
      3.364   64.66894 -168.23672      3.397     6.1136     6.1151     6.1134    31.8173    31.8261  1025.0404    25.0247    292.263    277.927  306.61947     95.318     0.3651     1.8425     0.7974 7.5737e+01      14878         15  0.000e+00
      3.418   64.66894 -168.23672      3.452     6.1138     6.1151     6.1135    31.8172    31.8256  1025.0406    25.0247    292.271    278.112  306.61850     95.321     0.3639     1.8352     0.7986 7.5951e+01      14879         15  0.000e+00
      3.364   64.66894 -168.23672      3.397     6.1140     6.1149     6.1137    31.8169    31.8259  1025.0401    25.0244    292.275    278.134  306.61768     95.322     0.3651     1.8425     0.7986 7.6595e+01      14880         15  0.000e+00
      3.364   64.66894 -168.23672      3.397     6.1138     6.1151     6.1135    31.8174    31.8259  1025.0405    25.0248    292.254    278.155  306.61810     95.315     0.3639     1.8352     0.7974 7.6811e+01      14881         15  0.000e+00
      3.418   64.66894 -168.23672      3.452     6.1138     6.1151     6.1135    31.8173    31.8259  1025.0407    25.0248    292.262    278.179  306.61816     95.318     0.3651     1.8425     0.7986 7.6811e+01      14882         15  0.000e+00
      3.418   64.66894 -168.23672      3.452     6.1136     6.1151     6.1134    31.8173    31.8256  1025.0407    25.0248    292.269    278.200  306.61927     95.320     0.3651     1.8425     0.7986 7.7028e+01      14883         15  0.000e+00
      3.480   64.66894 -168.23672      3.514     6.1140     6.1154     6.1137    31.8169    31.8255  1025.0406    25.0244    292.275    278.221  306.61780     95.322     0.3639     1.8352     0.7986 7.7028e+01      14884         15  0.000e+00
      3.418   64.66894 -168.23672      3.452     6.1141     6.1151     6.1139    31.8168    31.8258  1025.0403    25.0243    292.249    278.239  306.61680     95.314     0.3651     1.8425     0.7986 7.7028e+01      14885         15  0.000e+00
      3.418   64.66894 -168.23672      3.452     6.1140     6.1151     6.1137    31.8169    31.8259  1025.0403    25.0244    292.225    278.258  306.61774     95.306     0.3639     1.8352     0.7974 7.6380e+01      14886         15  0.000e+00
      3.480   64.66894 -168.23672      3.514     6.1136     6.1149     6.1133    31.8173    31.8260  1025.0410    25.0247    292.233    278.280  306.61942     95.308     0.3651     1.8425     0.7986 7.6165e+01      14887         15  0.000e+00
      3.480   64.66894 -168.23672      3.514     6.1135     6.1151     6.1132    31.8169    31.8259  1025.0407    25.0245    292.238    278.473  306.62140     95.309     0.3639     1.8352     0.7974 7.6165e+01      14888         15  0.000e+00
      3.480   64.66894 -168.23672      3.514     6.1136     6.1148     6.1133    31.8167    31.8261  1025.0405    25.0243    292.241    278.331  306.62072     95.310     0.3651     1.8425     0.7986 7.5100e+01      14889         15  0.000e+00
