EcoFOCI/data/1_SampleCollection/2023_SikuliaqDBO_CruiseData/CTD_raw_BottleFile_SKQ23-12S/proc/skq202312s_056.ros
* Sea-Bird SBE 9 Data File:
* FileName = D:\CTD\SKQ202312S\SKQ202312S_056.hex
* Software Version Seasave V 7.26.7.121
* Temperature SN = 6177
* Conductivity SN = 0369
* Number of Bytes Per Scan = 41
* Number of Voltage Words = 4
* Number of Scans Averaged by the Deck Unit = 1
* NMEA Latitude = 71 11.69 N
* NMEA Longitude = 164 11.92 W
* NMEA UTC (Time) = Sep 27 2023  06:41:16
* NMEA baud rate = 4800
** Ship: R/V Sikuliaq
** Station Number: 056
** Station Name: IC6
** Bottom Depth: 44
** Operator: SD
# nquan = 22
# nvalues = 784                                   
# units = specified
# name 0 = depSM: Depth [salt water, m]
# name 1 = latitude: Latitude [deg]
# name 2 = longitude: Longitude [deg]
# name 3 = prDM: Pressure, Digiquartz [db]
# name 4 = t090C: Temperature [ITS-90, deg C]
# name 5 = t190C: Temperature, 2 [ITS-90, deg C]
# name 6 = potemp090C: Potential Temperature [ITS-90, deg C]
# name 7 = sal00: Salinity, Practical [PSU]
# name 8 = sal11: Salinity, Practical, 2 [PSU]
# name 9 = density00: Density [density, kg/m^3]
# name 10 = sigma-é00: Density [sigma-theta, kg/m^3]
# name 11 = sbox0Mm/Kg: Oxygen, SBE 43 [umol/kg]
# name 12 = sbox1Mm/Kg: Oxygen, SBE 43, 2 [umol/kg]
# name 13 = oxsolMm/Kg: Oxygen Saturation, Garcia & Gordon [umol/kg]
# name 14 = sbeox0PS: Oxygen, SBE 43 [% saturation]
# name 15 = v0: Voltage 0
# name 16 = flECO-AFL: Fluorescence, WET Labs ECO-AFL/FL [mg/m^3]
# name 17 = CStarAt0: Beam Attenuation, WET Labs C-Star [1/m]
# name 18 = par: PAR/Irradiance, Biospherical/Licor
# name 19 = scan: Scan Count
# name 20 = nbf: Bottles Fired
# name 21 = flag:  0.000e+00
# interval = seconds: 0.0416667
# start_time = Sep 27 2023 06:45:52 [NMEA time, first data scan]
# bad_flag = -9.990e-29
*END*
[from data line 659]
      2.179   71.19488 -164.19864      2.201     3.5258     3.5291     3.5257    30.9202    30.9313  1024.5955    24.5852    317.356    303.218  328.40748     96.635     0.1282     0.4212     0.4976 4.8377e-01      21423         14  0.000e+00
      2.179   71.19488 -164.19864      2.201     3.5255     3.5288     3.5254    30.9210    30.9317  1024.5962    24.5859    317.499    303.391  328.40804     96.678     0.1270     0.4139     0.4976 5.2945e-01      21424         14  0.000e+00
      2.117   71.19488 -164.19864      2.139     3.5257     3.5291     3.5255    30.9207    30.9314  1024.5957    24.5856    317.524    303.190  328.40744     96.686     0.1282     0.4212     0.4976 5.6118e-01      21425         14  0.000e+00
      2.179   71.19488 -164.19864      2.201     3.5258     3.5291     3.5257    30.9206    30.9314  1024.5959    24.5856    317.338    303.359  328.40632     96.630     0.1282     0.4212     0.4976 6.4853e-01      21426         14  0.000e+00
      2.179   71.19488 -164.19864      2.202     3.5258     3.5293     3.5257    30.9206    30.9312  1024.5959    24.5856    317.334    303.351  328.40642     96.628     0.1282     0.4212     0.4976 6.7933e-01      21427         14  0.000e+00
      2.179   71.19488 -164.19864      2.202     3.5257     3.5293     3.5255    30.9208    30.9314  1024.5961    24.5857    317.332    303.341  328.40714     96.628     0.1282     0.4212     0.4976 7.3984e-01      21428         14  0.000e+00
      2.117   71.19488 -164.19864      2.139     3.5260     3.5291     3.5259    30.9208    30.9315  1024.5957    24.5857    317.325    303.327  328.40467     96.626     0.1282     0.4212     0.4976 1.0185e+00      21429         14  0.000e+00
      2.179   71.19488 -164.19864      2.202     3.5257     3.5288     3.5255    30.9210    30.9315  1024.5962    24.5859    317.330    303.316  328.40666     96.627     0.1282     0.4212     0.4976 1.1503e+00      21430         14  0.000e+00
      2.179   71.19488 -164.19864      2.202     3.5258     3.5274     3.5257    30.9208    30.9325  1024.5960    24.5857    317.296    303.308  328.40604     96.617     0.1270     0.4139     0.4976 1.0411e+00      21431         14  0.000e+00
      2.202   71.19488 -164.19864      2.225     3.5258     3.5266     3.5257    30.9213    30.9327  1024.5965    24.5861    317.512    303.123  328.40472     96.683     0.1282     0.4212     0.4976 5.0972e-01      21432         14  0.000e+00
      2.117   71.19488 -164.19864      2.139     3.5261     3.5269     3.5260    30.9206    30.9320  1024.5955    24.5855    317.507    303.075  328.40395     96.682     0.1270     0.4139     0.4976 3.5840e-01      21433         14  0.000e+00
      2.179   71.19488 -164.19864      2.202     3.5260     3.5279     3.5259    30.9205    30.9317  1024.5958    24.5855    317.330    303.218  328.40532     96.627     0.1282     0.4212     0.4976 3.4911e-01      21434         14  0.000e+00
      2.179   71.19488 -164.19864      2.202     3.5263     3.5287     3.5262    30.9205    30.9309  1024.5957    24.5854    317.329    303.187  328.40293     96.628     0.1270     0.4139     0.4964 3.2603e-01      21435         14  0.000e+00
      2.117   71.19488 -164.19864      2.139     3.5265     3.5288     3.5263    30.9205    30.9310  1024.5955    24.5854    317.542    303.177  328.40146     96.693     0.1282     0.4212     0.4964 3.1128e-01      21436         14  0.000e+00
      2.179   71.19488 -164.19864      2.202     3.5265     3.5293     3.5263    30.9206    30.9303  1024.5958    24.5855    317.366    302.975  328.40125     96.640     0.1270     0.4139     0.4953 3.0887e-01      21437         14  0.000e+00
      2.117   71.19488 -164.19864      2.139     3.5269     3.5293     3.5268    30.9206    30.9305  1024.5955    24.5855    317.364    302.941  328.39739     96.640     0.1282     0.4212     0.4953 4.1819e-01      21438         14  0.000e+00
      2.179   71.19488 -164.19864      2.202     3.5271     3.5288     3.5270    30.9209    30.9306  1024.5960    24.5857    317.335    303.109  328.39540     96.632     0.1270     0.4139     0.4964 5.1326e-01      21439         14  0.000e+00
      2.179   71.19488 -164.19864      2.202     3.5269     3.5285     3.5268    30.9211    30.9297  1024.5962    24.5858    317.236    303.102  328.39631     96.602     0.1282     0.4212     0.4953 5.2945e-01      21440         14  0.000e+00
      2.117   71.19488 -164.19864      2.139     3.5274     3.5252     3.5273    30.9204    30.9316  1024.5953    24.5852    317.233    303.109  328.39418     96.601     0.1294     0.4286     0.4964 3.9027e-01      21441         14  0.000e+00
      2.179   71.19488 -164.19864      2.202     3.5276     3.5237     3.5275    30.9206    30.9323  1024.5958    24.5854    317.203    302.914  328.39219     96.593     0.1282     0.4212     0.4964 2.8663e-01      21442         14  0.000e+00
      2.179   71.19488 -164.19864      2.202     3.5276     3.5241     3.5275    30.9205    30.9319  1024.5956    24.5853    317.173    302.873  328.39258     96.583     0.1282     0.4212     0.4964 2.6881e-01      21443         14  0.000e+00
      2.118   71.19488 -164.19864      2.139     3.5276     3.5247     3.5275    30.9209    30.9312  1024.5957    24.5856    317.173    303.021  328.39163     96.584     0.1282     0.4212     0.4953 4.1368e-01      21444         14  0.000e+00
      2.179   71.19488 -164.19864      2.202     3.5275     3.5246     3.5274    30.9205    30.9307  1024.5957    24.5853    317.148    302.813  328.39298     96.576     0.1282     0.4212     0.4964 7.1137e-01      21445         14  0.000e+00
      2.118   71.19488 -164.19864      2.139     3.5276     3.5238     3.5275    30.9206    30.9306  1024.5955    24.5854    317.150    302.775  328.39221     96.577     0.1270     0.4139     0.4964 8.1277e-01      21446         14  0.000e+00
      2.179   71.19488 -164.19864      2.202     3.5274     3.5229     3.5273    30.9198    30.9311  1024.5951    24.5848    317.163    302.742  328.39561     96.580     0.1282     0.4212     0.4953 6.7041e-01      21447         14  0.000e+00
      2.141   71.19488 -164.19864      2.163     3.5276     3.5222     3.5275    30.9188    30.9316  1024.5941    24.5840    317.171    302.724  328.39667     96.582     0.1270     0.4139     0.4964 4.5890e-01      21448         14  0.000e+00
      2.118   71.19488 -164.19864      2.139     3.5273     3.5224     3.5271    30.9185    30.9317  1024.5938    24.5837    317.078    302.484  328.40019     96.552     0.1282     0.4212     0.4964 4.0773e-01      21449         14  0.000e+00
      2.238   71.19488 -164.19864      2.261     3.5233     3.5266     3.5232    30.9195    30.9305  1024.5955    24.5849    317.438    302.568  328.42920     96.653     0.1282     0.4212     0.4953 4.0038e-01      21740         15  0.000e+00
      2.122   71.19488 -164.19864      2.144     3.5230     3.5264     3.5229    30.9192    30.9308  1024.5947    24.5846    317.444    302.573  328.43270     96.654     0.1270     0.4139     0.4953 3.6109e-01      21741         15  0.000e+00
      2.207   71.19488 -164.19864      2.230     3.5229     3.5268     3.5227    30.9193    30.9307  1024.5953    24.5848    317.456    302.558  328.43353     96.658     0.1282     0.4212     0.4953 3.4648e-01      21742         15  0.000e+00
      2.122   71.19488 -164.19864      2.144     3.5230     3.5266     3.5229    30.9191    30.9305  1024.5947    24.5846    317.458    302.541  328.43280     96.659     0.1270     0.4139     0.4964 3.1736e-01      21743         15  0.000e+00
      2.184   71.19488 -164.19864      2.207     3.5230     3.5268     3.5229    30.9187    30.9304  1024.5946    24.5843    317.399    302.333  328.43384     96.640     0.1282     0.4212     0.4953 3.1007e-01      21744         15  0.000e+00
      2.122   71.19488 -164.19864      2.144     3.5224     3.5265     3.5223    30.9196    30.9307  1024.5951    24.5850    317.404    302.487  328.43682     96.641     0.1270     0.4139     0.4964 4.0773e-01      21745         15  0.000e+00
      2.184   71.19488 -164.19864      2.207     3.5221     3.5265     3.5219    30.9197    30.9307  1024.5955    24.5852    317.413    302.473  328.43900     96.643     0.1270     0.4139     0.4964 7.7682e-01      21746         15  0.000e+00
      2.122   71.19488 -164.19864      2.144     3.5216     3.5266     3.5215    30.9204    30.9304  1024.5959    24.5858    317.417    302.451  328.44107     96.644     0.1282     0.4212     0.4964 9.5334e-01      21747         15  0.000e+00
      2.184   71.19488 -164.19864      2.207     3.5216     3.5268     3.5215    30.9198    30.9306  1024.5957    24.5853    317.425    302.456  328.44260     96.646     0.1282     0.4212     0.4964 8.6664e-01      21748         15  0.000e+00
      2.123   71.19488 -164.19864      2.144     3.5216     3.5268     3.5215    30.9194    30.9308  1024.5950    24.5850    317.428    302.456  328.44367     96.646     0.1282     0.4212     0.4953 5.9246e-01      21749         15  0.000e+00
      2.184   71.19488 -164.19864      2.207     3.5217     3.5266     3.5216    30.9188    30.9309  1024.5949    24.5845    317.435    302.464  328.44381     96.648     0.1270     0.4139     0.4964 5.1149e-01      21750         15  0.000e+00
      2.123   71.19488 -164.19864      2.144     3.5214     3.5266     3.5213    30.9192    30.9307  1024.5949    24.5848    317.438    302.465  328.44545     96.649     0.1282     0.4212     0.4953 5.0095e-01      21751         15  0.000e+00
      2.184   71.19488 -164.19864      2.207     3.5209     3.5266     3.5208    30.9184    30.9310  1024.5946    24.5842    317.451    302.448  328.45134     96.651     0.1270     0.4139     0.4964 4.4447e-01      21752         15  0.000e+00
      2.123   71.19488 -164.19864      2.144     3.5202     3.5265     3.5200    30.9183    30.9312  1024.5943    24.5842    317.460    302.426  328.45802     96.652     0.1282     0.4212     0.4964 4.1819e-01      21753         15  0.000e+00
      2.123   71.19488 -164.19864      2.144     3.5194     3.5266     3.5193    30.9183    30.9309  1024.5943    24.5843    317.471    302.234  328.46399     96.653     0.1270     0.4139     0.4953 4.1970e-01      21754         15  0.000e+00
      2.184   71.19488 -164.19864      2.207     3.5185     3.5266     3.5183    30.9186    30.9309  1024.5950    24.5846    317.486    302.218  328.47097     96.656     0.1282     0.4212     0.4953 5.8648e-01      21755         15  0.000e+00
      2.123   71.19488 -164.19864      2.144     3.5178     3.5266     3.5177    30.9187    30.9309  1024.5948    24.5847    317.493    302.390  328.47587     96.656     0.1258     0.4066     0.4964 7.0903e-01      21756         15  0.000e+00
      2.184   71.19488 -164.19864      2.207     3.5170     3.5263     3.5169    30.9192    30.9309  1024.5955    24.5852    317.721    302.399  328.48107     96.724     0.1258     0.4066     0.4953 7.2548e-01      21757         15  0.000e+00
      2.123   71.19488 -164.19864      2.145     3.5162     3.5263     3.5161    30.9202    30.9307  1024.5962    24.5861    317.544    302.207  328.48486     96.669     0.1245     0.3993     0.4964 6.2517e-01      21758         15  0.000e+00
      2.146   71.19488 -164.19864      2.168     3.5154     3.5262     3.5153    30.9211    30.9302  1024.5970    24.5869    317.337    302.193  328.48915     96.605     0.1245     0.3993     0.4964 5.5927e-01      21759         15  0.000e+00
      2.123   71.19488 -164.19864      2.145     3.5153     3.5263     3.5152    30.9221    30.9302  1024.5978    24.5877    317.270    302.175  328.48741     96.585     0.1245     0.3993     0.4964 5.4981e-01      21760         15  0.000e+00
      2.123   71.19488 -164.19864      2.145     3.5161     3.5260     3.5159    30.9218    30.9301  1024.5974    24.5874    317.415    302.355  328.48220     96.631     0.1258     0.4066     0.4964 8.5289e-01      21761         15  0.000e+00
      2.184   71.19488 -164.19864      2.207     3.5167     3.5257     3.5166    30.9216    30.9300  1024.5975    24.5872    317.415    302.367  328.47759     96.632     0.1258     0.4066     0.4964 1.3336e+00      21762         15  0.000e+00
      2.123   71.19488 -164.19864      2.145     3.5169     3.5249     3.5167    30.9215    30.9302  1024.5971    24.5871    317.379    302.377  328.47651     96.622     0.1258     0.4066     0.4964 1.4659e+00      21763         15  0.000e+00
      2.123   71.19488 -164.19864      2.145     3.5172     3.5244     3.5171    30.9207    30.9302  1024.5964    24.5864    317.380    302.194  328.47604     96.622     0.1258     0.4066     0.4964 9.2950e-01      21764         15  0.000e+00
      2.123   71.19488 -164.19864      2.145     3.5173     3.5236     3.5172    30.9208    30.9304  1024.5965    24.5864    317.164    302.379  328.47455     96.557     0.1245     0.3993     0.4964 4.6707e-01      21765         15  0.000e+00
      2.185   71.19488 -164.19864      2.207     3.5177     3.5224     3.5175    30.9213    30.9304  1024.5972    24.5868    317.347    302.398  328.47069     96.613     0.1258     0.4066     0.4964 3.8599e-01      21766         15  0.000e+00
      2.123   71.19488 -164.19864      2.145     3.5183     3.5218     3.5182    30.9213    30.9303  1024.5968    24.5868    317.342    302.216  328.46553     96.613     0.1245     0.3993     0.4964 3.6516e-01      21767         15  0.000e+00
      2.185   71.19488 -164.19864      2.207     3.5189     3.5216     3.5188    30.9203    30.9305  1024.5963    24.5859    317.344    302.399  328.46284     96.615     0.1258     0.4066     0.4964 3.1492e-01      21768         15  0.000e+00
      2.123   71.19488 -164.19864      2.145     3.5196     3.5213     3.5194    30.9200    30.9306  1024.5957    24.5857    317.304    302.384  328.45836     96.604     0.1245     0.3993     0.4964 2.9936e-01      21769         15  0.000e+00
      2.123   71.19488 -164.19864      2.145     3.5200     3.5209     3.5199    30.9203    30.9305  1024.5959    24.5858    317.301    302.202  328.45440     96.604     0.1245     0.3993     0.4964 3.1982e-01      21770         15  0.000e+00
      2.123   71.19488 -164.19864      2.145     3.5203     3.5207     3.5202    30.9205    30.9306  1024.5960    24.5859    317.084    302.190  328.45133     96.539     0.1245     0.3993     0.4964 3.9458e-01      21771         15  0.000e+00
      2.185   71.19488 -164.19864      2.207     3.5209     3.5207     3.5208    30.9197    30.9310  1024.5956    24.5853    317.052    302.179  328.44806     96.530     0.1258     0.4066     0.4964 4.2732e-01      21772         15  0.000e+00
      2.123   71.19488 -164.19864      2.145     3.5211     3.5213     3.5210    30.9196    30.9304  1024.5953    24.5852    317.018    302.161  328.44698     96.520     0.1245     0.3993     0.4964 4.3974e-01      21773         15  0.000e+00
      2.185   71.19488 -164.19864      2.207     3.5213     3.5213     3.5211    30.9192    30.9302  1024.5952    24.5848    316.992    302.152  328.44682     96.513     0.1245     0.3993     0.4964 5.2401e-01      21774         15  0.000e+00
      2.146   71.19488 -164.19864      2.168     3.5213     3.5214     3.5211    30.9187    30.9308  1024.5946    24.5844    317.181    302.138  328.44803     96.569     0.1258     0.4066     0.4964 5.6501e-01      21775         15  0.000e+00
      2.123   71.19488 -164.19864      2.145     3.5209     3.5213     3.5208    30.9192    30.9307  1024.5949    24.5848    317.188    302.130  328.44943     96.571     0.1245     0.3993     0.4964 5.6887e-01      21776         15  0.000e+00
      2.185   71.19488 -164.19864      2.207     3.5210     3.5210     3.5209    30.9189    30.9313  1024.5950    24.5846    317.198    302.125  328.44968     96.574     0.1258     0.4066     0.4964 5.5927e-01      21777         15  0.000e+00
