EcoFOCI/data/1_SampleCollection/2023_SikuliaqDBO_CruiseData/CTD_raw_BottleFile_SKQ23-12S/proc/skq202312s_070svp.cnv
* Sea-Bird SBE 9 Data File:
* FileName = D:\CTD\SKQ202312S\SKQ202312S_070.hex
* Software Version Seasave V 7.26.7.121
* Temperature SN = 6177
* Conductivity SN = 0369
* Number of Bytes Per Scan = 41
* Number of Voltage Words = 4
* Number of Scans Averaged by the Deck Unit = 1
* NMEA Latitude = 67 53.89 N
* NMEA Longitude = 168 14.05 W
* NMEA UTC (Time) = Sep 30 2023  04:20:28
* NMEA baud rate = 4800
** Ship: R/V Sikuliaq
** Station Number: 070
** Station Name: DBO3.6
** Bottom Depth: 50
** Operator: SD
# nquan = 7
# nvalues = 5805                                  
# units = specified
# name 0 = depSM: Depth [salt water, m]
# name 1 = latitude: Latitude [deg]
# name 2 = longitude: Longitude [deg]
# name 3 = t090C: Temperature [ITS-90, deg C]
# name 4 = sal00: Salinity, Practical [PSU]
# name 5 = svCM: Sound Velocity [Chen-Millero, m/s]
# name 6 = flag:  0.000e+00
# span 0 =      3.017,     53.217                 
# span 1 =   67.89816,   67.89818                 
# span 2 = -168.23388, -168.23360                 
# span 3 =     2.8533,     6.1063                 
# span 4 =    27.4081,    32.4348                 
# span 5 =    1456.30,    1467.93                 
# span 6 = 0.0000e+00, 0.0000e+00                 
# interval = seconds: 0.0416667
# start_time = Sep 30 2023 04:23:19 [NMEA time, first data scan]
# bad_flag = -9.990e-29
*END*
[from data line 2257]
     24.375   67.89816 -168.23372     4.6842    31.5097    1465.39  0.000e+00
     24.414   67.89816 -168.23372     4.6798    31.5139    1465.37  0.000e+00
     24.414   67.89816 -168.23372     4.6761    31.5171    1465.36  0.000e+00
     24.429   67.89816 -168.23372     4.6729    31.5207    1465.35  0.000e+00
     24.529   67.89816 -168.23372     4.6704    31.5232    1465.35  0.000e+00
     24.491   67.89816 -168.23372     4.6678    31.5258    1465.34  0.000e+00
     24.529   67.89816 -168.23372     4.6656    31.5287    1465.34  0.000e+00
     24.491   67.89816 -168.23372     4.6633    31.5311    1465.33  0.000e+00
     24.583   67.89816 -168.23372     4.6614    31.5344    1465.33  0.000e+00
     24.583   67.89816 -168.23372     4.6590    31.5371    1465.32  0.000e+00
     24.599   67.89816 -168.23372     4.6567    31.5400    1465.31  0.000e+00
     24.583   67.89816 -168.23372     4.6533    31.5438    1465.31  0.000e+00
     24.660   67.89816 -168.23372     4.6501    31.5480    1465.30  0.000e+00
     24.699   67.89816 -168.23372     4.6472    31.5519    1465.29  0.000e+00
     24.660   67.89816 -168.23372     4.6432    31.5573    1465.28  0.000e+00
     24.699   67.89816 -168.23372     4.6399    31.5606    1465.27  0.000e+00
     24.753   67.89816 -168.23372     4.6369    31.5644    1465.27  0.000e+00
     24.714   67.89816 -168.23372     4.6329    31.5692    1465.26  0.000e+00
     24.753   67.89816 -168.23372     4.6279    31.5742    1465.24  0.000e+00
     24.776   67.89816 -168.23372     4.6221    31.5803    1465.23  0.000e+00
     24.815   67.89816 -168.23372     4.6166    31.5865    1465.21  0.000e+00
     24.830   67.89816 -168.23372     4.6095    31.5939    1465.19  0.000e+00
     24.815   67.89816 -168.23372     4.6008    31.6032    1465.17  0.000e+00
     24.892   67.89816 -168.23372     4.5913    31.6127    1465.14  0.000e+00
     24.869   67.89816 -168.23372     4.5820    31.6219    1465.12  0.000e+00
     24.930   67.89816 -168.23372     4.5715    31.6318    1465.08  0.000e+00
     24.946   67.89816 -168.23372     4.5613    31.6415    1465.06  0.000e+00
     24.930   67.89816 -168.23372     4.5508    31.6511    1465.02  0.000e+00
     24.946   67.89816 -168.23372     4.5391    31.6606    1464.99  0.000e+00
     24.984   67.89816 -168.23372     4.5279    31.6668    1464.95  0.000e+00
     25.000   67.89816 -168.23372     4.5145    31.6734    1464.90  0.000e+00
     25.038   67.89816 -168.23372     4.5004    31.6843    1464.86  0.000e+00
     25.000   67.89816 -168.23372     4.4892    31.6920    1464.82  0.000e+00
     25.100   67.89816 -168.23372     4.4759    31.7010    1464.78  0.000e+00
     25.038   67.89816 -168.23372     4.4610    31.7100    1464.73  0.000e+00
     25.115   67.89816 -168.23372     4.4461    31.7166    1464.68  0.000e+00
     25.154   67.89816 -168.23372     4.4296    31.7263    1464.62  0.000e+00
     25.115   67.89816 -168.23372     4.4153    31.7302    1464.57  0.000e+00
     25.154   67.89816 -168.23372     4.3994    31.7352    1464.51  0.000e+00
     25.177   67.89816 -168.23372     4.3829    31.7440    1464.45  0.000e+00
     25.216   67.89816 -168.23372     4.3670    31.7537    1464.40  0.000e+00
     25.177   67.89816 -168.23372     4.3524    31.7633    1464.35  0.000e+00
     25.270   67.89816 -168.23372     4.3418    31.7663    1464.31  0.000e+00
     25.270   67.89816 -168.23372     4.3328    31.7689    1464.27  0.000e+00
     25.293   67.89816 -168.23372     4.3241    31.7729    1464.24  0.000e+00
     25.269   67.89816 -168.23372     4.3156    31.7734    1464.21  0.000e+00
     25.347   67.89816 -168.23372     4.3050    31.7767    1464.17  0.000e+00
     25.331   67.89816 -168.23372     4.2965    31.7797    1464.14  0.000e+00
     25.347   67.89816 -168.23372     4.2886    31.7762    1464.10  0.000e+00
     25.385   67.89816 -168.23372     4.2795    31.7739    1464.06  0.000e+00
     25.401   67.89816 -168.23372     4.2709    31.7769    1464.03  0.000e+00
     25.385   67.89816 -168.23372     4.2642    31.7792    1464.00  0.000e+00
     25.439   67.89816 -168.23372     4.2570    31.7827    1463.98  0.000e+00
     25.516   67.89816 -168.23372     4.2506    31.7851    1463.96  0.000e+00
     25.439   67.89816 -168.23372     4.2440    31.7889    1463.93  0.000e+00
     25.516   67.89816 -168.23372     4.2385    31.7881    1463.91  0.000e+00
     25.501   67.89816 -168.23372     4.2322    31.7831    1463.88  0.000e+00
     25.516   67.89816 -168.23372     4.2243    31.7842    1463.84  0.000e+00
     25.555   67.89816 -168.23372     4.2182    31.7851    1463.82  0.000e+00
     25.578   67.89816 -168.23372     4.2112    31.7839    1463.79  0.000e+00
     25.555   67.89816 -168.23372     4.2035    31.7816    1463.76  0.000e+00
     25.632   67.89816 -168.23372     4.1961    31.7760    1463.72  0.000e+00
     25.671   67.89816 -168.23372     4.1867    31.7759    1463.68  0.000e+00
     25.616   67.89816 -168.23372     4.1777    31.7757    1463.64  0.000e+00
     25.694   67.89816 -168.23372     4.1671    31.7762    1463.60  0.000e+00
     25.670   67.89816 -168.23372     4.1574    31.7808    1463.56  0.000e+00
     25.694   67.89816 -168.23372     4.1509    31.7828    1463.54  0.000e+00
     25.732   67.89816 -168.23372     4.1447    31.7865    1463.52  0.000e+00
     25.748   67.89816 -168.23372     4.1402    31.7869    1463.50  0.000e+00
     25.786   67.89816 -168.23372     4.1354    31.7857    1463.48  0.000e+00
     25.748   67.89816 -168.23372     4.1302    31.7867    1463.46  0.000e+00
     25.840   67.89816 -168.23372     4.1248    31.7822    1463.43  0.000e+00
     25.802   67.89816 -168.23372     4.1182    31.7797    1463.40  0.000e+00
     25.786   67.89816 -168.23372     4.1111    31.7776    1463.37  0.000e+00
     25.863   67.89816 -168.23372     4.1033    31.7759    1463.33  0.000e+00
     25.902   67.89816 -168.23372     4.0960    31.7762    1463.30  0.000e+00
     25.902   67.89816 -168.23372     4.0891    31.7769    1463.28  0.000e+00
     25.863   67.89816 -168.23372     4.0826    31.7762    1463.25  0.000e+00
     25.956   67.89816 -168.23372     4.0739    31.7775    1463.21  0.000e+00
     25.917   67.89816 -168.23372     4.0651    31.7781    1463.18  0.000e+00
     25.956   67.89816 -168.23372     4.0551    31.7789    1463.14  0.000e+00
     25.979   67.89816 -168.23372     4.0460    31.7801    1463.10  0.000e+00
     26.017   67.89816 -168.23372     4.0371    31.7801    1463.06  0.000e+00
     26.033   67.89816 -168.23372     4.0272    31.7812    1463.02  0.000e+00
     26.017   67.89816 -168.23372     4.0175    31.7812    1462.98  0.000e+00
     26.033   67.89816 -168.23372     4.0080    31.7795    1462.94  0.000e+00
     26.071   67.89816 -168.23372     3.9967    31.7831    1462.90  0.000e+00
     26.087   67.89816 -168.23372     3.9886    31.7812    1462.86  0.000e+00
     26.071   67.89816 -168.23372     3.9775    31.7785    1462.81  0.000e+00
     26.133   67.89816 -168.23372     3.9642    31.7818    1462.76  0.000e+00
     26.149   67.89816 -168.23372     3.9515    31.7777    1462.70  0.000e+00
     26.133   67.89816 -168.23372     3.9360    31.7681    1462.63  0.000e+00
     26.149   67.89816 -168.23372     3.9176    31.7674    1462.55  0.000e+00
     26.187   67.89816 -168.23372     3.8991    31.7623    1462.46  0.000e+00
     26.203   67.89816 -168.23372     3.8770    31.7536    1462.36  0.000e+00
     26.187   67.89816 -168.23372     3.8525    31.7570    1462.26  0.000e+00
     26.202   67.89816 -168.23372     3.8335    31.7569    1462.18  0.000e+00
     26.303   67.89816 -168.23372     3.8196    31.7379    1462.10  0.000e+00
     26.202   67.89816 -168.23372     3.7986    31.7268    1461.99  0.000e+00
     26.303   67.89816 -168.23372     3.7745    31.7339    1461.90  0.000e+00
     26.264   67.89816 -168.23372     3.7478    31.7346    1461.79  0.000e+00
     26.303   67.89816 -168.23372     3.7179    31.7238    1461.65  0.000e+00
     26.318   67.89816 -168.23372     3.6829    31.7236    1461.50  0.000e+00
     26.303   67.89816 -168.23372     3.6502    31.7357    1461.38  0.000e+00
     26.380   67.89816 -168.23372     3.6258    31.7310    1461.27  0.000e+00
     26.357   67.89816 -168.23372     3.5958    31.7221    1461.13  0.000e+00
     26.418   67.89816 -168.23372     3.5620    31.7250    1460.99  0.000e+00
     26.318   67.89816 -168.23372     3.5277    31.7284    1460.85  0.000e+00
     26.472   67.89816 -168.23372     3.4910    31.7216    1460.69  0.000e+00
     26.380   67.89816 -168.23372     3.4526    31.7289    1460.53  0.000e+00
     26.472   67.89816 -168.23372     3.4229    31.7512    1460.44  0.000e+00
     26.434   67.89816 -168.23372     3.4042    31.7562    1460.36  0.000e+00
     26.472   67.89816 -168.23372     3.3895    31.7585    1460.30  0.000e+00
     26.488   67.89816 -168.23372     3.3741    31.7725    1460.26  0.000e+00
     26.472   67.89816 -168.23372     3.3615    31.7814    1460.21  0.000e+00
     26.549   67.89816 -168.23372     3.3471    31.7891    1460.16  0.000e+00
     26.534   67.89816 -168.23372     3.3313    31.8055    1460.12  0.000e+00
     26.549   67.89816 -168.23372     3.3194    31.8250    1460.09  0.000e+00
     26.534   67.89816 -168.23372     3.3109    31.8421    1460.08  0.000e+00
     26.603   67.89816 -168.23372     3.3035    31.8560    1460.06  0.000e+00
     26.588   67.89816 -168.23372     3.2989    31.8672    1460.06  0.000e+00
     26.603   67.89816 -168.23372     3.2958    31.8769    1460.06  0.000e+00
     26.642   67.89816 -168.23372     3.2948    31.8836    1460.06  0.000e+00
     26.665   67.89816 -168.23370     3.2949    31.8869    1460.07  0.000e+00
     26.642   67.89816 -168.23370     3.2953    31.8900    1460.07  0.000e+00
     26.704   67.89816 -168.23370     3.2958    31.8910    1460.08  0.000e+00
     26.665   67.89816 -168.23370     3.2954    31.8901    1460.08  0.000e+00
     26.704   67.89816 -168.23370     3.2928    31.8881    1460.06  0.000e+00
     26.719   67.89816 -168.23370     3.2896    31.8841    1460.04  0.000e+00
     26.758   67.89816 -168.23370     3.2846    31.8795    1460.02  0.000e+00
     26.781   67.89816 -168.23370     3.2769    31.8775    1459.98  0.000e+00
     26.819   67.89816 -168.23370     3.2694    31.8683    1459.94  0.000e+00
     26.781   67.89816 -168.23370     3.2573    31.8626    1459.88  0.000e+00
     26.819   67.89816 -168.23370     3.2434    31.8636    1459.82  0.000e+00
     26.835   67.89816 -168.23370     3.2302    31.8612    1459.76  0.000e+00
     26.873   67.89816 -168.23370     3.2154    31.8637    1459.70  0.000e+00
     26.889   67.89816 -168.23370     3.2040    31.8626    1459.65  0.000e+00
     26.873   67.89816 -168.23370     3.1899    31.8666    1459.60  0.000e+00
     26.950   67.89816 -168.23370     3.1765    31.8716    1459.55  0.000e+00
     26.935   67.89816 -168.23370     3.1634    31.8733    1459.49  0.000e+00
     26.950   67.89816 -168.23370     3.1502    31.8790    1459.44  0.000e+00
     26.989   67.89816 -168.23370     3.1395    31.8825    1459.40  0.000e+00
     27.004   67.89816 -168.23370     3.1287    31.8897    1459.37  0.000e+00
     26.989   67.89816 -168.23370     3.1216    31.8957    1459.34  0.000e+00
     27.004   67.89816 -168.23370     3.1131    31.9024    1459.32  0.000e+00
     27.105   67.89816 -168.23370     3.1062    31.9081    1459.30  0.000e+00
     27.066   67.89816 -168.23370     3.1010    31.9136    1459.28  0.000e+00
     27.105   67.89816 -168.23370     3.0965    31.9194    1459.27  0.000e+00
     27.120   67.89816 -168.23370     3.0931    31.9244    1459.26  0.000e+00
     27.159   67.89816 -168.23370     3.0902    31.9290    1459.25  0.000e+00
     27.120   67.89816 -168.23370     3.0880    31.9345    1459.25  0.000e+00
     27.220   67.89816 -168.23370     3.0858    31.9418    1459.25  0.000e+00
     27.182   67.89816 -168.23370     3.0849    31.9513    1459.26  0.000e+00
     27.274   67.89816 -168.23370     3.0850    31.9635    1459.28  0.000e+00
     27.236   67.89816 -168.23370     3.0869    31.9816    1459.31  0.000e+00
     27.336   67.89816 -168.23370     3.0920    31.9975    1459.35  0.000e+00
     27.236   67.89816 -168.23370     3.0980    32.0117    1459.40  0.000e+00
     27.390   67.89816 -168.23370     3.1048    32.0241    1459.44  0.000e+00
     27.336   67.89816 -168.23370     3.1116    32.0354    1459.49  0.000e+00
     27.351   67.89816 -168.23370     3.1173    32.0424    1459.52  0.000e+00
     27.444   67.89816 -168.23370     3.1227    32.0468    1459.55  0.000e+00
     27.405   67.89816 -168.23370     3.1270    32.0502    1459.57  0.000e+00
     27.444   67.89816 -168.23370     3.1307    32.0518    1459.59  0.000e+00
     27.521   67.89816 -168.23370     3.1333    32.0523    1459.61  0.000e+00
     27.506   67.89816 -168.23370     3.1348    32.0525    1459.61  0.000e+00
     27.521   67.89816 -168.23370     3.1343    32.0530    1459.61  0.000e+00
     27.560   67.89816 -168.23370     3.1320    32.0555    1459.60  0.000e+00
     27.583   67.89816 -168.23370     3.1287    32.0596    1459.60  0.000e+00
     27.621   67.89816 -168.23370     3.1244    32.0638    1459.58  0.000e+00
     27.637   67.89816 -168.23370     3.1191    32.0698    1459.57  0.000e+00
     27.675   67.89816 -168.23370     3.1142    32.0773    1459.56  0.000e+00
     27.691   67.89816 -168.23370     3.1091    32.0851    1459.55  0.000e+00
     27.675   67.89816 -168.23370     3.1040    32.0924    1459.53  0.000e+00
     27.752   67.89816 -168.23370     3.1000    32.0979    1459.53  0.000e+00
     27.791   67.89816 -168.23370     3.0963    32.1019    1459.52  0.000e+00
     27.806   67.89816 -168.23370     3.0928    32.1062    1459.51  0.000e+00
     27.845   67.89816 -168.23370     3.0898    32.1100    1459.50  0.000e+00
     27.806   67.89816 -168.23370     3.0874    32.1135    1459.49  0.000e+00
     27.907   67.89816 -168.23370     3.0855    32.1184    1459.49  0.000e+00
     27.922   67.89816 -168.23370     3.0844    32.1233    1459.49  0.000e+00
     27.961   67.89816 -168.23370     3.0838    32.1255    1459.50  0.000e+00
     27.922   67.89816 -168.23370     3.0829    32.1277    1459.49  0.000e+00
     28.022   67.89816 -168.23370     3.0827    32.1304    1459.50  0.000e+00
     27.976   67.89816 -168.23370     3.0825    32.1371    1459.51  0.000e+00
     28.076   67.89816 -168.23370     3.0825    32.1439    1459.52  0.000e+00
     28.092   67.89816 -168.23370     3.0830    32.1494    1459.52  0.000e+00
     28.092   67.89816 -168.23370     3.0835    32.1550    1459.53  0.000e+00
     28.138   67.89816 -168.23370     3.0833    32.1637    1459.55  0.000e+00
     28.153   67.89816 -168.23370     3.0833    32.1709    1459.55  0.000e+00
     28.192   67.89816 -168.23370     3.0829    32.1772    1459.56  0.000e+00
     28.207   67.89816 -168.23370     3.0825    32.1816    1459.57  0.000e+00
     28.254   67.89816 -168.23370     3.0820    32.1869    1459.57  0.000e+00
     28.207   67.89816 -168.23370     3.0809    32.1909    1459.57  0.000e+00
     28.308   67.89816 -168.23370     3.0797    32.1910    1459.57  0.000e+00
     28.323   67.89816 -168.23370     3.0767    32.1900    1459.55  0.000e+00
     28.362   67.89816 -168.23370     3.0727    32.1892    1459.54  0.000e+00
     28.323   67.89816 -168.23370     3.0678    32.1948    1459.52  0.000e+00
     28.423   67.89816 -168.23370     3.0640    32.2041    1459.52  0.000e+00
     28.439   67.89816 -168.23370     3.0620    32.2104    1459.52  0.000e+00
     28.423   67.89816 -168.23370     3.0604    32.2141    1459.52  0.000e+00
     28.493   67.89816 -168.23370     3.0587    32.2165    1459.51  0.000e+00
     28.477   67.89816 -168.23370     3.0573    32.2194    1459.51  0.000e+00
     28.554   67.89816 -168.23370     3.0562    32.2222    1459.51  0.000e+00
     28.539   67.89816 -168.23370     3.0548    32.2246    1459.51  0.000e+00
