EcoFOCI/data/1_SampleCollection/2023_SikuliaqDBO_CruiseData/CTD_raw_BottleFile_SKQ23-12S/proc/skq202312s_016svp.cnv
* Sea-Bird SBE 9 Data File:
* FileName = D:\CTD\SKQ202312S\SKQ202312S_016.hex
* Software Version Seasave V 7.26.7.121
* Temperature SN = 6177
* Conductivity SN = 0369
* Number of Bytes Per Scan = 41
* Number of Voltage Words = 4
* Number of Scans Averaged by the Deck Unit = 1
* NMEA Latitude = 64 40.76 N
* NMEA Longitude = 169 06.00 W
* NMEA UTC (Time) = Sep 17 2023  13:39:04
* NMEA baud rate = 4800
** Ship: R/V Sikuliaq
** Station Number: 016
** Station Name: DBO2.2
** Bottom Depth: 45
** Operator: SD
# nquan = 7
# nvalues = 5501                                  
# units = specified
# name 0 = depSM: Depth [salt water, m]
# name 1 = latitude: Latitude [deg]
# name 2 = longitude: Longitude [deg]
# name 3 = t090C: Temperature [ITS-90, deg C]
# name 4 = sal00: Salinity, Practical [PSU]
# name 5 = svCM: Sound Velocity [Chen-Millero, m/s]
# name 6 = flag:  0.000e+00
# span 0 =      1.589,     40.001                 
# span 1 =   64.67940,   64.67944                 
# span 2 = -169.10002, -169.09998                 
# span 3 =     2.5710,     3.0505                 
# span 4 =    32.4382,    32.8462                 
# span 5 =    1457.27,    1460.31                 
# span 6 = 0.0000e+00, 0.0000e+00                 
# interval = seconds: 0.0416667
# start_time = Sep 17 2023 13:42:59 [NMEA time, first data scan]
# bad_flag = -9.990e-29
*END*
[from data line 1436]
      9.704   64.67942 -169.10000     2.5792    32.4402    1457.43  0.000e+00
      9.704   64.67942 -169.10000     2.5792    32.4403    1457.43  0.000e+00
      9.704   64.67942 -169.10000     2.5788    32.4403    1457.42  0.000e+00
      9.704   64.67942 -169.10000     2.5784    32.4403    1457.42  0.000e+00
      9.704   64.67942 -169.10000     2.5784    32.4401    1457.42  0.000e+00
      9.766   64.67942 -169.10000     2.5780    32.4405    1457.42  0.000e+00
      9.704   64.67942 -169.10000     2.5785    32.4395    1457.42  0.000e+00
      9.704   64.67942 -169.10000     2.5782    32.4398    1457.42  0.000e+00
      9.704   64.67942 -169.10000     2.5782    32.4399    1457.42  0.000e+00
      9.735   64.67942 -169.10000     2.5778    32.4400    1457.42  0.000e+00
      9.704   64.67942 -169.10000     2.5779    32.4401    1457.42  0.000e+00
      9.704   64.67942 -169.10000     2.5779    32.4402    1457.42  0.000e+00
      9.766   64.67942 -169.10000     2.5779    32.4404    1457.42  0.000e+00
      9.704   64.67942 -169.10000     2.5780    32.4404    1457.42  0.000e+00
      9.704   64.67942 -169.10000     2.5782    32.4399    1457.42  0.000e+00
      9.766   64.67942 -169.10000     2.5779    32.4402    1457.42  0.000e+00
      9.704   64.67942 -169.10000     2.5779    32.4400    1457.42  0.000e+00
      9.704   64.67942 -169.10000     2.5778    32.4395    1457.42  0.000e+00
      9.766   64.67942 -169.10000     2.5777    32.4399    1457.42  0.000e+00
      9.735   64.67942 -169.10000     2.5775    32.4398    1457.42  0.000e+00
      9.704   64.67942 -169.10000     2.5777    32.4395    1457.42  0.000e+00
      9.766   64.67942 -169.10000     2.5776    32.4400    1457.42  0.000e+00
      9.766   64.67942 -169.10000     2.5779    32.4399    1457.42  0.000e+00
      9.766   64.67942 -169.10000     2.5775    32.4402    1457.42  0.000e+00
      9.766   64.67942 -169.10000     2.5777    32.4401    1457.42  0.000e+00
      9.766   64.67942 -169.10000     2.5780    32.4400    1457.42  0.000e+00
      9.766   64.67942 -169.10000     2.5779    32.4402    1457.42  0.000e+00
      9.766   64.67942 -169.10002     2.5782    32.4401    1457.42  0.000e+00
      9.766   64.67942 -169.10002     2.5785    32.4405    1457.42  0.000e+00
      9.820   64.67942 -169.10002     2.5788    32.4410    1457.43  0.000e+00
      9.789   64.67942 -169.10002     2.5792    32.4408    1457.43  0.000e+00
      9.766   64.67942 -169.10002     2.5788    32.4408    1457.43  0.000e+00
      9.820   64.67942 -169.10002     2.5792    32.4396    1457.43  0.000e+00
      9.874   64.67942 -169.10002     2.5788    32.4402    1457.43  0.000e+00
      9.820   64.67942 -169.10002     2.5787    32.4405    1457.43  0.000e+00
      9.820   64.67942 -169.10002     2.5787    32.4405    1457.43  0.000e+00
      9.874   64.67942 -169.10002     2.5787    32.4400    1457.43  0.000e+00
      9.874   64.67942 -169.10002     2.5785    32.4405    1457.43  0.000e+00
      9.874   64.67942 -169.10002     2.5787    32.4404    1457.43  0.000e+00
      9.874   64.67942 -169.10002     2.5792    32.4402    1457.43  0.000e+00
      9.851   64.67942 -169.10002     2.5792    32.4403    1457.43  0.000e+00
      9.989   64.67942 -169.10002     2.5791    32.4405    1457.43  0.000e+00
      9.935   64.67942 -169.10002     2.5792    32.4400    1457.43  0.000e+00
      9.935   64.67942 -169.10002     2.5790    32.4403    1457.43  0.000e+00
      9.935   64.67942 -169.10002     2.5790    32.4404    1457.43  0.000e+00
      9.989   64.67942 -169.10002     2.5791    32.4398    1457.43  0.000e+00
      9.989   64.67942 -169.10002     2.5788    32.4399    1457.43  0.000e+00
     10.051   64.67942 -169.10002     2.5788    32.4403    1457.43  0.000e+00
      9.989   64.67942 -169.10002     2.5788    32.4403    1457.43  0.000e+00
     10.051   64.67942 -169.10002     2.5788    32.4400    1457.43  0.000e+00
     10.082   64.67942 -169.10002     2.5788    32.4403    1457.43  0.000e+00
     10.105   64.67942 -169.10002     2.5787    32.4402    1457.43  0.000e+00
     10.105   64.67942 -169.10002     2.5786    32.4403    1457.43  0.000e+00
     10.105   64.67942 -169.10002     2.5785    32.4405    1457.43  0.000e+00
     10.105   64.67942 -169.10002     2.5787    32.4404    1457.43  0.000e+00
     10.167   64.67942 -169.10002     2.5787    32.4401    1457.43  0.000e+00
     10.167   64.67942 -169.10002     2.5786    32.4407    1457.43  0.000e+00
     10.221   64.67942 -169.10002     2.5785    32.4406    1457.43  0.000e+00
     10.221   64.67942 -169.10002     2.5788    32.4403    1457.43  0.000e+00
     10.221   64.67942 -169.10002     2.5787    32.4408    1457.43  0.000e+00
     10.190   64.67942 -169.10002     2.5788    32.4407    1457.43  0.000e+00
     10.275   64.67942 -169.10002     2.5790    32.4405    1457.44  0.000e+00
     10.275   64.67942 -169.10002     2.5790    32.4405    1457.44  0.000e+00
     10.336   64.67942 -169.10002     2.5788    32.4404    1457.44  0.000e+00
     10.275   64.67942 -169.10002     2.5789    32.4400    1457.43  0.000e+00
     10.336   64.67942 -169.10002     2.5787    32.4404    1457.43  0.000e+00
     10.336   64.67942 -169.10002     2.5787    32.4403    1457.43  0.000e+00
     10.336   64.67942 -169.10002     2.5785    32.4404    1457.43  0.000e+00
     10.390   64.67942 -169.10002     2.5786    32.4403    1457.44  0.000e+00
     10.421   64.67942 -169.10002     2.5787    32.4401    1457.44  0.000e+00
     10.390   64.67942 -169.10002     2.5788    32.4404    1457.44  0.000e+00
     10.390   64.67942 -169.10002     2.5792    32.4403    1457.44  0.000e+00
     10.452   64.67942 -169.10002     2.5791    32.4408    1457.44  0.000e+00
     10.452   64.67942 -169.10002     2.5794    32.4403    1457.44  0.000e+00
     10.452   64.67942 -169.10002     2.5796    32.4405    1457.44  0.000e+00
     10.452   64.67942 -169.10002     2.5796    32.4404    1457.44  0.000e+00
     10.506   64.67942 -169.10002     2.5799    32.4405    1457.44  0.000e+00
     10.452   64.67942 -169.10002     2.5801    32.4404    1457.44  0.000e+00
     10.537   64.67942 -169.10002     2.5801    32.4406    1457.44  0.000e+00
     10.506   64.67942 -169.10002     2.5805    32.4405    1457.45  0.000e+00
     10.506   64.67942 -169.10002     2.5801    32.4410    1457.44  0.000e+00
     10.560   64.67942 -169.10002     2.5802    32.4405    1457.45  0.000e+00
     10.506   64.67942 -169.10002     2.5802    32.4407    1457.44  0.000e+00
     10.560   64.67942 -169.10002     2.5802    32.4404    1457.44  0.000e+00
     10.506   64.67942 -169.10002     2.5801    32.4406    1457.44  0.000e+00
     10.622   64.67942 -169.10002     2.5799    32.4406    1457.44  0.000e+00
     10.560   64.67942 -169.10002     2.5799    32.4405    1457.44  0.000e+00
     10.591   64.67942 -169.10002     2.5802    32.4405    1457.45  0.000e+00
     10.560   64.67942 -169.10002     2.5804    32.4407    1457.45  0.000e+00
     10.622   64.67942 -169.10002     2.5804    32.4409    1457.45  0.000e+00
     10.560   64.67942 -169.10002     2.5801    32.4410    1457.45  0.000e+00
     10.622   64.67942 -169.10002     2.5803    32.4408    1457.45  0.000e+00
     10.622   64.67942 -169.10002     2.5804    32.4404    1457.45  0.000e+00
     10.622   64.67942 -169.10002     2.5802    32.4405    1457.45  0.000e+00
     10.622   64.67942 -169.10002     2.5802    32.4405    1457.45  0.000e+00
     10.622   64.67942 -169.10002     2.5800    32.4407    1457.45  0.000e+00
     10.591   64.67942 -169.10002     2.5802    32.4407    1457.45  0.000e+00
     10.676   64.67942 -169.10002     2.5801    32.4409    1457.45  0.000e+00
     10.622   64.67942 -169.10002     2.5802    32.4406    1457.45  0.000e+00
     10.622   64.67942 -169.10002     2.5804    32.4405    1457.45  0.000e+00
     10.622   64.67942 -169.10002     2.5801    32.4407    1457.45  0.000e+00
     10.622   64.67942 -169.10002     2.5801    32.4404    1457.45  0.000e+00
     10.676   64.67942 -169.10002     2.5800    32.4406    1457.45  0.000e+00
     10.622   64.67942 -169.10002     2.5801    32.4408    1457.45  0.000e+00
     10.676   64.67942 -169.10002     2.5801    32.4409    1457.45  0.000e+00
     10.652   64.67942 -169.10002     2.5801    32.4405    1457.45  0.000e+00
     10.622   64.67942 -169.10002     2.5800    32.4406    1457.45  0.000e+00
     10.676   64.67942 -169.10002     2.5798    32.4407    1457.45  0.000e+00
     10.622   64.67942 -169.10002     2.5799    32.4405    1457.44  0.000e+00
     10.676   64.67942 -169.10002     2.5798    32.4406    1457.45  0.000e+00
     10.622   64.67942 -169.10002     2.5797    32.4407    1457.44  0.000e+00
     10.676   64.67942 -169.10002     2.5798    32.4406    1457.45  0.000e+00
     10.622   64.67942 -169.10002     2.5799    32.4403    1457.44  0.000e+00
     10.676   64.67942 -169.10002     2.5799    32.4402    1457.45  0.000e+00
     10.652   64.67942 -169.10002     2.5799    32.4403    1457.44  0.000e+00
     10.622   64.67942 -169.10002     2.5796    32.4406    1457.44  0.000e+00
     10.622   64.67942 -169.10002     2.5796    32.4406    1457.44  0.000e+00
     10.676   64.67942 -169.10002     2.5796    32.4403    1457.44  0.000e+00
     10.622   64.67942 -169.10002     2.5794    32.4407    1457.44  0.000e+00
     10.622   64.67942 -169.10002     2.5794    32.4405    1457.44  0.000e+00
     10.676   64.67942 -169.10002     2.5798    32.4403    1457.44  0.000e+00
     10.622   64.67942 -169.10002     2.5794    32.4405    1457.44  0.000e+00
     10.591   64.67942 -169.10002     2.5793    32.4406    1457.44  0.000e+00
     10.622   64.67942 -169.10002     2.5793    32.4406    1457.44  0.000e+00
     10.622   64.67942 -169.10002     2.5793    32.4404    1457.44  0.000e+00
     10.621   64.67942 -169.10002     2.5795    32.4398    1457.44  0.000e+00
     10.621   64.67942 -169.10002     2.5793    32.4402    1457.44  0.000e+00
     10.621   64.67942 -169.10002     2.5792    32.4408    1457.44  0.000e+00
     10.621   64.67942 -169.10002     2.5793    32.4404    1457.44  0.000e+00
     10.621   64.67942 -169.10002     2.5794    32.4402    1457.44  0.000e+00
     10.621   64.67942 -169.10002     2.5793    32.4405    1457.44  0.000e+00
     10.591   64.67942 -169.10002     2.5798    32.4399    1457.44  0.000e+00
     10.621   64.67942 -169.10002     2.5790    32.4408    1457.44  0.000e+00
     10.560   64.67942 -169.10002     2.5794    32.4405    1457.44  0.000e+00
     10.621   64.67942 -169.10002     2.5793    32.4404    1457.44  0.000e+00
     10.560   64.67942 -169.10002     2.5794    32.4406    1457.44  0.000e+00
     10.621   64.67942 -169.10002     2.5794    32.4405    1457.44  0.000e+00
     10.560   64.67942 -169.10002     2.5795    32.4408    1457.44  0.000e+00
     10.621   64.67942 -169.10002     2.5796    32.4406    1457.44  0.000e+00
     10.560   64.67942 -169.10002     2.5796    32.4408    1457.44  0.000e+00
     10.590   64.67942 -169.10002     2.5796    32.4406    1457.44  0.000e+00
     10.560   64.67942 -169.10002     2.5799    32.4403    1457.44  0.000e+00
     10.560   64.67942 -169.10002     2.5796    32.4406    1457.44  0.000e+00
     10.621   64.67942 -169.10002     2.5796    32.4406    1457.44  0.000e+00
     10.560   64.67942 -169.10002     2.5798    32.4404    1457.44  0.000e+00
     10.560   64.67942 -169.10002     2.5799    32.4405    1457.44  0.000e+00
     10.560   64.67942 -169.10002     2.5798    32.4405    1457.44  0.000e+00
     10.621   64.67942 -169.10000     2.5796    32.4406    1457.44  0.000e+00
     10.560   64.67942 -169.10000     2.5797    32.4405    1457.44  0.000e+00
     10.536   64.67942 -169.10000     2.5796    32.4408    1457.44  0.000e+00
     10.560   64.67942 -169.10000     2.5798    32.4403    1457.44  0.000e+00
     10.621   64.67942 -169.10000     2.5796    32.4405    1457.44  0.000e+00
     10.560   64.67942 -169.10000     2.5795    32.4402    1457.44  0.000e+00
     10.560   64.67942 -169.10000     2.5796    32.4402    1457.44  0.000e+00
     10.560   64.67942 -169.10000     2.5794    32.4405    1457.44  0.000e+00
     10.560   64.67942 -169.10000     2.5794    32.4402    1457.44  0.000e+00
     10.560   64.67942 -169.10000     2.5795    32.4405    1457.44  0.000e+00
     10.621   64.67942 -169.10000     2.5796    32.4401    1457.44  0.000e+00
     10.590   64.67942 -169.10000     2.5796    32.4404    1457.44  0.000e+00
     10.560   64.67942 -169.10000     2.5794    32.4403    1457.44  0.000e+00
     10.621   64.67942 -169.10000     2.5791    32.4405    1457.44  0.000e+00
     10.560   64.67942 -169.10000     2.5792    32.4400    1457.44  0.000e+00
     10.621   64.67942 -169.10000     2.5788    32.4402    1457.44  0.000e+00
     10.621   64.67942 -169.10000     2.5788    32.4402    1457.44  0.000e+00
     10.560   64.67942 -169.10000     2.5788    32.4400    1457.44  0.000e+00
     10.675   64.67942 -169.10000     2.5788    32.4396    1457.44  0.000e+00
     10.621   64.67942 -169.10000     2.5787    32.4400    1457.44  0.000e+00
     10.590   64.67942 -169.10000     2.5790    32.4402    1457.44  0.000e+00
     10.621   64.67942 -169.10000     2.5789    32.4404    1457.44  0.000e+00
     10.675   64.67942 -169.10000     2.5790    32.4407    1457.44  0.000e+00
     10.675   64.67942 -169.10000     2.5790    32.4406    1457.44  0.000e+00
     10.675   64.67942 -169.10000     2.5794    32.4401    1457.44  0.000e+00
     10.621   64.67942 -169.10000     2.5794    32.4406    1457.44  0.000e+00
     10.737   64.67942 -169.10000     2.5794    32.4404    1457.44  0.000e+00
     10.675   64.67942 -169.10000     2.5793    32.4403    1457.44  0.000e+00
     10.706   64.67942 -169.10000     2.5795    32.4402    1457.44  0.000e+00
     10.737   64.67942 -169.10000     2.5792    32.4402    1457.44  0.000e+00
     10.737   64.67942 -169.10000     2.5793    32.4402    1457.44  0.000e+00
     10.737   64.67942 -169.10000     2.5793    32.4400    1457.44  0.000e+00
     10.737   64.67942 -169.10000     2.5791    32.4408    1457.44  0.000e+00
     10.737   64.67942 -169.10000     2.5794    32.4407    1457.44  0.000e+00
     10.791   64.67942 -169.10000     2.5794    32.4408    1457.45  0.000e+00
     10.791   64.67942 -169.10000     2.5796    32.4407    1457.45  0.000e+00
     10.791   64.67942 -169.10000     2.5797    32.4410    1457.45  0.000e+00
     10.822   64.67942 -169.10000     2.5798    32.4409    1457.45  0.000e+00
     10.853   64.67942 -169.10000     2.5801    32.4405    1457.45  0.000e+00
     10.853   64.67942 -169.10000     2.5799    32.4407    1457.45  0.000e+00
     10.907   64.67942 -169.10000     2.5802    32.4406    1457.45  0.000e+00
     10.853   64.67942 -169.10000     2.5801    32.4408    1457.45  0.000e+00
     10.907   64.67942 -169.10000     2.5802    32.4406    1457.45  0.000e+00
     10.907   64.67942 -169.10000     2.5802    32.4401    1457.45  0.000e+00
     10.853   64.67942 -169.10000     2.5803    32.4408    1457.45  0.000e+00
     10.937   64.67942 -169.10000     2.5802    32.4411    1457.45  0.000e+00
     10.961   64.67942 -169.10000     2.5804    32.4410    1457.45  0.000e+00
     10.961   64.67942 -169.10000     2.5806    32.4406    1457.45  0.000e+00
     10.907   64.67942 -169.10002     2.5805    32.4408    1457.45  0.000e+00
     10.961   64.67942 -169.10002     2.5804    32.4403    1457.45  0.000e+00
     10.961   64.67942 -169.10002     2.5804    32.4403    1457.45  0.000e+00
     10.961   64.67942 -169.10002     2.5803    32.4405    1457.45  0.000e+00
     10.961   64.67942 -169.10002     2.5802    32.4403    1457.45  0.000e+00
     11.022   64.67942 -169.10002     2.5801    32.4408    1457.45  0.000e+00
     11.053   64.67942 -169.10002     2.5804    32.4408    1457.45  0.000e+00
     11.022   64.67942 -169.10002     2.5805    32.4406    1457.45  0.000e+00
     11.022   64.67942 -169.10002     2.5804    32.4409    1457.45  0.000e+00
     11.076   64.67942 -169.10002     2.5807    32.4408    1457.46  0.000e+00
