EcoFOCI/data/1_SampleCollection/2023_SikuliaqDBO_CruiseData/CTD_raw_BottleFile_SKQ23-12S/proc/skq202312s_056.ros
* Sea-Bird SBE 9 Data File:
* FileName = D:\CTD\SKQ202312S\SKQ202312S_056.hex
* Software Version Seasave V 7.26.7.121
* Temperature SN = 6177
* Conductivity SN = 0369
* Number of Bytes Per Scan = 41
* Number of Voltage Words = 4
* Number of Scans Averaged by the Deck Unit = 1
* NMEA Latitude = 71 11.69 N
* NMEA Longitude = 164 11.92 W
* NMEA UTC (Time) = Sep 27 2023  06:41:16
* NMEA baud rate = 4800
** Ship: R/V Sikuliaq
** Station Number: 056
** Station Name: IC6
** Bottom Depth: 44
** Operator: SD
# nquan = 22
# nvalues = 784                                   
# units = specified
# name 0 = depSM: Depth [salt water, m]
# name 1 = latitude: Latitude [deg]
# name 2 = longitude: Longitude [deg]
# name 3 = prDM: Pressure, Digiquartz [db]
# name 4 = t090C: Temperature [ITS-90, deg C]
# name 5 = t190C: Temperature, 2 [ITS-90, deg C]
# name 6 = potemp090C: Potential Temperature [ITS-90, deg C]
# name 7 = sal00: Salinity, Practical [PSU]
# name 8 = sal11: Salinity, Practical, 2 [PSU]
# name 9 = density00: Density [density, kg/m^3]
# name 10 = sigma-é00: Density [sigma-theta, kg/m^3]
# name 11 = sbox0Mm/Kg: Oxygen, SBE 43 [umol/kg]
# name 12 = sbox1Mm/Kg: Oxygen, SBE 43, 2 [umol/kg]
# name 13 = oxsolMm/Kg: Oxygen Saturation, Garcia & Gordon [umol/kg]
# name 14 = sbeox0PS: Oxygen, SBE 43 [% saturation]
# name 15 = v0: Voltage 0
# name 16 = flECO-AFL: Fluorescence, WET Labs ECO-AFL/FL [mg/m^3]
# name 17 = CStarAt0: Beam Attenuation, WET Labs C-Star [1/m]
# name 18 = par: PAR/Irradiance, Biospherical/Licor
# name 19 = scan: Scan Count
# name 20 = nbf: Bottles Fired
# name 21 = flag:  0.000e+00
# interval = seconds: 0.0416667
# start_time = Sep 27 2023 06:45:52 [NMEA time, first data scan]
# bad_flag = -9.990e-29
*END*
[from data line 725]
      2.185   71.19488 -164.19864      2.207     3.5203     3.5216     3.5202    30.9195    30.9307  1024.5955    24.5851    317.002    302.108  328.45381     96.513     0.1258     0.4066     0.4964 5.5547e-01      21779         15  0.000e+00
      2.123   71.19488 -164.19864      2.145     3.5203     3.5218     3.5202    30.9198    30.9307  1024.5955    24.5854    317.403    302.099  328.45287     96.636     0.1245     0.3993     0.4964 6.4853e-01      21780         15  0.000e+00
      2.185   71.19488 -164.19864      2.207     3.5202     3.5218     3.5200    30.9203    30.9310  1024.5962    24.5858    317.232    302.096  328.45289     96.584     0.1258     0.4066     0.4964 7.2548e-01      21781         15  0.000e+00
      2.123   71.19488 -164.19864      2.145     3.5203     3.5221     3.5202    30.9200    30.9305  1024.5956    24.5855    317.236    302.088  328.45258     96.585     0.1282     0.4212     0.4964 7.3984e-01      21782         15  0.000e+00
      2.185   71.19488 -164.19864      2.207     3.5205     3.5225     3.5203    30.9198    30.9302  1024.5958    24.5854    317.459    302.085  328.45165     96.653     0.1319     0.4432     0.4964 9.3838e-01      21783         15  0.000e+00
      2.185   71.19488 -164.19864      2.207     3.5203     3.5225     3.5202    30.9196    30.9306  1024.5956    24.5852    317.070    301.889  328.45353     96.534     0.1294     0.4286     0.4964 1.1902e+00      21784         15  0.000e+00
      2.123   71.19488 -164.19864      2.145     3.5200     3.5223     3.5199    30.9194    30.9307  1024.5952    24.5851    317.079    302.059  328.45612     96.536     0.1306     0.4359     0.4964 1.2465e+00      21785         15  0.000e+00
      2.185   71.19488 -164.19864      2.207     3.5200     3.5216     3.5199    30.9198    30.9315  1024.5958    24.5855    317.057    302.067  328.45544     96.530     0.1294     0.4286     0.4964 1.0058e+00      21786         15  0.000e+00
      2.123   71.19488 -164.19864      2.145     3.5198     3.5214     3.5197    30.9200    30.9317  1024.5957    24.5856    317.248    302.067  328.45637     96.588     0.1306     0.4359     0.4964 7.4468e-01      21787         15  0.000e+00
      2.185   71.19488 -164.19864      2.207     3.5200     3.5211     3.5199    30.9203    30.9315  1024.5962    24.5859    317.044    302.075  328.45419     96.526     0.1294     0.4286     0.4964 6.8836e-01      21788         15  0.000e+00
      2.189   71.19488 -164.19864      2.211     3.5196     3.5213     3.5194    30.9190    30.9299  1024.5952    24.5849    317.392    302.510  328.46085     96.630     0.1197     0.3699     0.4976 4.1970e-01      21985         16  0.000e+00
      2.189   71.19488 -164.19864      2.211     3.5192     3.5213     3.5191    30.9195    30.9302  1024.5956    24.5852    317.177    302.716  328.46238     96.564     0.1258     0.4066     0.4976 4.1518e-01      21986         16  0.000e+00
      2.189   71.19488 -164.19864      2.211     3.5189     3.5213     3.5188    30.9199    30.9304  1024.5960    24.5856    317.360    302.534  328.46391     96.620     0.1294     0.4286     0.4976 6.9978e-01      21987         16  0.000e+00
      2.212   71.19488 -164.19864      2.235     3.5189     3.5213     3.5188    30.9197    30.9301  1024.5959    24.5854    317.577    302.525  328.46442     96.685     0.1319     0.4432     0.4976 1.0642e+00      21988         16  0.000e+00
      2.189   71.19488 -164.19864      2.211     3.5191     3.5214     3.5190    30.9197    30.9301  1024.5958    24.5854    317.392    302.511  328.46310     96.629     0.1294     0.4286     0.4976 1.1432e+00      21989         16  0.000e+00
      2.189   71.19488 -164.19864      2.211     3.5191     3.5211     3.5190    30.9191    30.9306  1024.5953    24.5849    317.392    302.500  328.46464     96.629     0.1306     0.4359     0.4976 6.7709e-01      21990         16  0.000e+00
      2.189   71.19488 -164.19864      2.211     3.5191     3.5213     3.5190    30.9193    30.9305  1024.5955    24.5851    317.390    302.485  328.46406     96.628     0.1294     0.4286     0.4976 3.5840e-01      21991         16  0.000e+00
      2.189   71.19488 -164.19864      2.211     3.5192     3.5213     3.5191    30.9193    30.9305  1024.5955    24.5851    317.387    302.471  328.46267     96.628     0.1306     0.4359     0.4976 3.0647e-01      21992         16  0.000e+00
      2.189   71.19488 -164.19864      2.211     3.5192     3.5213     3.5191    30.9195    30.9301  1024.5956    24.5852    317.385    302.456  328.46238     96.628     0.1294     0.4286     0.4976 3.4648e-01      21993         16  0.000e+00
      2.189   71.19488 -164.19864      2.211     3.5194     3.5216     3.5193    30.9188    30.9301  1024.5951    24.5847    317.384    302.437  328.46273     96.627     0.1306     0.4359     0.4976 4.0625e-01      21994         16  0.000e+00
      2.189   71.19488 -164.19864      2.211     3.5192     3.5215     3.5191    30.9196    30.9306  1024.5957    24.5853    317.382    302.420  328.46200     96.627     0.1294     0.4286     0.4976 4.2274e-01      21995         16  0.000e+00
      2.127   71.19488 -164.19864      2.149     3.5192     3.5216     3.5191    30.9196    30.9303  1024.5954    24.5853    317.378    302.399  328.46201     96.626     0.1306     0.4359     0.4976 4.5890e-01      21996         16  0.000e+00
      2.189   71.19488 -164.19864      2.211     3.5194     3.5218     3.5193    30.9192    30.9304  1024.5954    24.5850    317.379    302.574  328.46167     96.626     0.1294     0.4286     0.4964 5.6501e-01      21997         16  0.000e+00
      2.189   71.19488 -164.19864      2.211     3.5194     3.5218     3.5193    30.9192    30.9304  1024.5954    24.5850    317.377    302.404  328.46176     96.625     0.1306     0.4359     0.4976 6.0659e-01      21998         16  0.000e+00
      2.127   71.19488 -164.19864      2.149     3.5192     3.5217     3.5191    30.9193    30.9306  1024.5951    24.5851    317.375    302.381  328.46288     96.624     0.1306     0.4359     0.4976 6.2517e-01      21999         16  0.000e+00
      2.189   71.19488 -164.19864      2.211     3.5194     3.5219     3.5193    30.9193    30.9303  1024.5955    24.5851    317.374    302.360  328.46138     96.625     0.1306     0.4359     0.4976 7.0903e-01      22000         16  0.000e+00
      2.189   71.19488 -164.19864      2.211     3.5194     3.5219     3.5193    30.9192    30.9306  1024.5954    24.5850    317.373    302.337  328.46167     96.624     0.1319     0.4432     0.4976 7.4711e-01      22001         16  0.000e+00
      2.127   71.19488 -164.19864      2.149     3.5194     3.5221     3.5193    30.9192    30.9305  1024.5951    24.5850    317.369    302.525  328.46168     96.623     0.1306     0.4359     0.4976 7.4226e-01      22002         16  0.000e+00
      2.127   71.19488 -164.19864      2.149     3.5192     3.5223     3.5191    30.9199    30.9305  1024.5956    24.5855    317.152    302.544  328.46134     96.557     0.1306     0.4359     0.4976 6.8158e-01      22003         16  0.000e+00
      2.150   71.19488 -164.19864      2.172     3.5189     3.5222     3.5188    30.9200    30.9304  1024.5959    24.5857    317.337    302.564  328.46357     96.613     0.1294     0.4286     0.4976 6.5286e-01      22004         16  0.000e+00
      2.127   71.19488 -164.19864      2.149     3.5191     3.5224     3.5190    30.9200    30.9304  1024.5957    24.5857    317.335    302.580  328.46235     96.612     0.1306     0.4359     0.4976 6.4638e-01      22005         16  0.000e+00
      2.127   71.19488 -164.19864      2.149     3.5191     3.5224     3.5190    30.9204    30.9305  1024.5961    24.5860    317.334    302.404  328.46138     96.612     0.1294     0.4286     0.4976 5.4606e-01      22006         16  0.000e+00
      2.189   71.19488 -164.19864      2.211     3.5194     3.5225     3.5193    30.9200    30.9301  1024.5961    24.5857    317.335    302.595  328.45964     96.613     0.1306     0.4359     0.4976 4.9230e-01      22007         16  0.000e+00
      2.127   71.19488 -164.19864      2.149     3.5196     3.5224     3.5194    30.9201    30.9304  1024.5958    24.5857    317.330    302.610  328.45817     96.612     0.1294     0.4286     0.4976 4.8547e-01      22008         16  0.000e+00
      2.073   71.19488 -164.19864      2.095     3.5194     3.5221     3.5193    30.9203    30.9309  1024.5957    24.5858    317.329    302.625  328.45911     96.612     0.1306     0.4359     0.4976 5.0972e-01      22009         16  0.000e+00
      2.127   71.19488 -164.19864      2.149     3.5197     3.5224     3.5196    30.9200    30.9302  1024.5957    24.5856    317.329    302.640  328.45717     96.612     0.1294     0.4286     0.4976 5.2582e-01      22010         16  0.000e+00
      2.189   71.19488 -164.19864      2.212     3.5198     3.5224     3.5197    30.9201    30.9302  1024.5961    24.5857    317.331    302.656  328.45606     96.613     0.1294     0.4286     0.4976 5.2945e-01      22011         16  0.000e+00
      2.073   71.19488 -164.19864      2.095     3.5202     3.5224     3.5200    30.9194    30.9304  1024.5949    24.5851    317.325    302.471  328.45526     96.611     0.1258     0.4066     0.4964 6.1686e-01      22012         16  0.000e+00
      2.127   71.19488 -164.19864      2.149     3.5200     3.5227     3.5199    30.9197    30.9302  1024.5954    24.5853    317.328    302.462  328.45585     96.612     0.1245     0.3993     0.4976 7.2548e-01      22013         16  0.000e+00
      2.127   71.19488 -164.19864      2.149     3.5200     3.5228     3.5199    30.9196    30.9302  1024.5953    24.5852    317.328    302.452  328.45614     96.612     0.1258     0.4066     0.4976 7.5200e-01      22014         16  0.000e+00
      2.127   71.19488 -164.19864      2.149     3.5200     3.5229     3.5199    30.9193    30.9301  1024.5952    24.5851    317.328    302.443  328.45622     96.612     0.1245     0.3993     0.4976 8.1539e-01      22015         16  0.000e+00
      2.073   71.19488 -164.19864      2.095     3.5200     3.5230     3.5199    30.9197    30.9300  1024.5952    24.5853    317.325    302.430  328.45578     96.611     0.1258     0.4066     0.4976 9.2656e-01      22016         16  0.000e+00
      2.127   71.19488 -164.19864      2.149     3.5200     3.5230     3.5199    30.9198    30.9299  1024.5955    24.5854    317.328    302.401  328.45556     96.612     0.1258     0.4066     0.4976 9.5939e-01      22017         16  0.000e+00
      2.073   71.19488 -164.19864      2.095     3.5197     3.5232     3.5196    30.9197    30.9300  1024.5952    24.5854    317.328    302.580  328.45787     96.611     0.1258     0.4066     0.4976 7.8187e-01      22018         16  0.000e+00
      2.127   71.19488 -164.19864      2.149     3.5200     3.5235     3.5199    30.9195    30.9298  1024.5953    24.5852    317.113    302.591  328.45633     96.546     0.1245     0.3993     0.4976 4.9058e-01      22019         16  0.000e+00
      2.097   71.19488 -164.19864      2.118     3.5198     3.5233     3.5197    30.9201    30.9297  1024.5956    24.5857    317.295    302.601  328.45614     96.602     0.1258     0.4066     0.4976 4.2122e-01      22020         16  0.000e+00
      2.127   71.19488 -164.19864      2.149     3.5197     3.5235     3.5196    30.9203    30.9301  1024.5959    24.5859    317.298    302.609  328.45640     96.603     0.1245     0.3993     0.4988 4.3661e-01      22021         16  0.000e+00
      2.128   71.19488 -164.19864      2.149     3.5202     3.5235     3.5200    30.9198    30.9302  1024.5955    24.5854    317.081    302.617  328.45427     96.537     0.1258     0.4066     0.5011 4.8887e-01      22022         16  0.000e+00
      2.074   71.19488 -164.19864      2.095     3.5199     3.5235     3.5198    30.9199    30.9303  1024.5954    24.5855    317.085    302.622  328.45610     96.538     0.1258     0.4066     0.5000 5.0795e-01      22023         16  0.000e+00
      2.074   71.19488 -164.19864      2.095     3.5203     3.5233     3.5202    30.9195    30.9304  1024.5950    24.5852    317.054    302.630  328.45367     96.529     0.1258     0.4066     0.5011 5.1326e-01      22024         16  0.000e+00
      2.128   71.19488 -164.19864      2.149     3.5202     3.5235     3.5200    30.9197    30.9301  1024.5954    24.5853    317.031    302.636  328.45446     96.522     0.1245     0.3993     0.5000 5.5169e-01      22025         16  0.000e+00
      2.074   71.19488 -164.19864      2.095     3.5206     3.5235     3.5205    30.9194    30.9303  1024.5949    24.5851    317.000    302.639  328.45128     96.513     0.1258     0.4066     0.5000 5.7080e-01      22026         16  0.000e+00
      2.128   71.19488 -164.19864      2.150     3.5205     3.5238     3.5203    30.9194    30.9296  1024.5951    24.5850    317.195    302.643  328.45274     96.572     0.1258     0.4066     0.5000 5.6694e-01      22027         16  0.000e+00
      2.074   71.19488 -164.19864      2.095     3.5205     3.5236     3.5203    30.9196    30.9297  1024.5951    24.5852    317.202    302.452  328.45209     96.575     0.1258     0.4066     0.5011 4.6872e-01      22028         16  0.000e+00
      2.128   71.19488 -164.19864      2.150     3.5203     3.5232     3.5202    30.9198    30.9305  1024.5955    24.5854    316.569    302.437  328.45307     96.382     0.1258     0.4066     0.5011 4.2122e-01      22029         16  0.000e+00
      2.128   71.19488 -164.19864      2.150     3.5203     3.5225     3.5202    30.9195    30.9311  1024.5953    24.5852    316.913    302.615  328.45365     96.486     0.1245     0.3993     0.5000 4.1819e-01      22030         16  0.000e+00
      2.074   71.19488 -164.19864      2.095     3.5202     3.5227     3.5201    30.9195    30.9309  1024.5950    24.5852    316.894    302.807  328.45457     96.480     0.1258     0.4066     0.5000 6.0252e-01      22031         16  0.000e+00
      2.128   71.19488 -164.19864      2.150     3.5202     3.5222     3.5200    30.9198    30.9315  1024.5955    24.5854    316.879    302.833  328.45427     96.476     0.1245     0.3993     0.5011 7.7934e-01      22032         16  0.000e+00
      2.074   71.19488 -164.19864      2.095     3.5202     3.5221     3.5200    30.9197    30.9318  1024.5952    24.5853    316.861    302.658  328.45449     96.470     0.1258     0.4066     0.5000 8.1015e-01      22033         16  0.000e+00
