EcoFOCI/data/1_SampleCollection/2023_SikuliaqDBO_CruiseData/CTD_raw_BottleFile_SKQ23-12S/proc/skq202312s_009.ros
* Sea-Bird SBE 9 Data File:
* FileName = D:\CTD\SKQ202312S\SKQ202312S_009.hex
* Software Version Seasave V 7.26.7.121
* Temperature SN = 6177
* Conductivity SN = 0369
* Number of Bytes Per Scan = 41
* Number of Voltage Words = 4
* Number of Scans Averaged by the Deck Unit = 1
* NMEA Latitude = 63 01.70 N
* NMEA Longitude = 173 27.64 W
* NMEA UTC (Time) = Sep 16 2023  10:53:46
* NMEA baud rate = 4800
** Ship: R/V Sikuliaq
** Station Number: 009
** Station Name: DBO1.8
** Bottom Depth: 71
** Operator: SD
# nquan = 22
# nvalues = 1029                                  
# units = specified
# name 0 = depSM: Depth [salt water, m]
# name 1 = latitude: Latitude [deg]
# name 2 = longitude: Longitude [deg]
# name 3 = prDM: Pressure, Digiquartz [db]
# name 4 = t090C: Temperature [ITS-90, deg C]
# name 5 = t190C: Temperature, 2 [ITS-90, deg C]
# name 6 = potemp090C: Potential Temperature [ITS-90, deg C]
# name 7 = sal00: Salinity, Practical [PSU]
# name 8 = sal11: Salinity, Practical, 2 [PSU]
# name 9 = density00: Density [density, kg/m^3]
# name 10 = sigma-é00: Density [sigma-theta, kg/m^3]
# name 11 = sbox0Mm/Kg: Oxygen, SBE 43 [umol/kg]
# name 12 = sbox1Mm/Kg: Oxygen, SBE 43, 2 [umol/kg]
# name 13 = oxsolMm/Kg: Oxygen Saturation, Garcia & Gordon [umol/kg]
# name 14 = sbeox0PS: Oxygen, SBE 43 [% saturation]
# name 15 = v0: Voltage 0
# name 16 = flECO-AFL: Fluorescence, WET Labs ECO-AFL/FL [mg/m^3]
# name 17 = CStarAt0: Beam Attenuation, WET Labs C-Star [1/m]
# name 18 = par: PAR/Irradiance, Biospherical/Licor
# name 19 = scan: Scan Count
# name 20 = nbf: Bottles Fired
# name 21 = flag:  0.000e+00
# interval = seconds: 0.0416667
# start_time = Sep 16 2023 10:56:36 [NMEA time, first data scan]
# bad_flag = -9.990e-29
*END*
[from data line 330]
     40.301   63.02840 -173.46060     40.698    -1.2394    -1.2363    -1.2402    32.0038    32.0130  1025.9285    25.7322    335.322    321.896  368.08416     91.099     0.1221     0.3846     0.5271 8.4714e-06      14489          7  0.000e+00
     40.362   63.02840 -173.46060     40.760    -1.2395    -1.2379    -1.2403    32.0031    32.0133  1025.9283    25.7316    335.382    322.141  368.08714     91.115     0.1209     0.3773     0.5283 1.0000e-12      14490          7  0.000e+00
     40.293   63.02840 -173.46060     40.690    -1.2402    -1.2391    -1.2410    32.0036    32.0136  1025.9284    25.7321    335.432    322.174  368.09242     91.127     0.1221     0.3846     0.5271 1.0000e-12      14491          7  0.000e+00
     40.301   63.02840 -173.46060     40.698    -1.2414    -1.2399    -1.2422    32.0041    32.0141  1025.9288    25.7324    335.739    322.197  368.10256     91.208     0.1221     0.3846     0.5271 8.4714e-06      14492          7  0.000e+00
     40.362   63.02840 -173.46060     40.760    -1.2423    -1.2403    -1.2431    32.0045    32.0143  1025.9295    25.7328    335.571    322.215  368.11037     91.160     0.1209     0.3773     0.5271 1.0000e-12      14493          7  0.000e+00
     40.301   63.02840 -173.46060     40.698    -1.2418    -1.2407    -1.2426    32.0042    32.0146  1025.9289    25.7326    335.584    322.219  368.10666     91.165     0.1197     0.3699     0.5283 8.4714e-06      14494          7  0.000e+00
     40.293   63.02840 -173.46060     40.690    -1.2418    -1.2402    -1.2426    32.0040    32.0146  1025.9288    25.7324    335.596    322.244  368.10714     91.168     0.1184     0.3626     0.5283 1.0000e-12      14495          7  0.000e+00
     40.362   63.02840 -173.46060     40.760    -1.2422    -1.2396    -1.2430    32.0045    32.0148  1025.9295    25.7329    335.606    322.265  368.10910     91.170     0.1197     0.3699     0.5271 1.0000e-12      14496          7  0.000e+00
     40.301   63.02840 -173.46060     40.698    -1.2423    -1.2370    -1.2431    32.0049    32.0144  1025.9295    25.7332    335.599    322.224  368.10915     91.168     0.1184     0.3626     0.5271 1.0000e-12      14497          7  0.000e+00
     40.301   63.02840 -173.46060     40.698    -1.2422    -1.2316    -1.2430    32.0049    32.0122  1025.9295    25.7331    335.843    322.382  368.10813     91.235     0.1184     0.3626     0.5271 1.0000e-12      14498          7  0.000e+00
     40.362   63.02840 -173.46060     40.760    -1.2418    -1.2267    -1.2426    32.0049    32.0108  1025.9298    25.7331    335.611    322.115  368.10467     91.173     0.1184     0.3626     0.5271 8.4714e-06      14499          7  0.000e+00
     40.293   63.02840 -173.46060     40.690    -1.2420    -1.2237    -1.2428    32.0055    32.0104  1025.9299    25.7336    335.578    322.309  368.10461     91.164     0.1197     0.3699     0.5283 1.0000e-12      14500          7  0.000e+00
     40.301   63.02840 -173.46060     40.698    -1.2406    -1.2218    -1.2414    32.0049    32.0097  1025.9295    25.7331    335.527    322.316  368.09270     91.153     0.1184     0.3626     0.5283 1.0000e-12      14501          7  0.000e+00
     29.897   63.02840 -173.46060     30.191    -0.4386    -0.4353    -0.4394    31.9171    31.9261  1025.7809    25.6360    420.625    404.569  360.55629    116.660     0.1844     0.7582     0.4953 1.0000e-12      17487          8  0.000e+00
     29.820   63.02840 -173.46060     30.113    -0.4393    -0.4368    -0.4401    31.9171    31.9265  1025.7806    25.6361    420.689    404.600  360.56252    116.676     0.1844     0.7582     0.4941 1.0000e-12      17488          8  0.000e+00
     29.897   63.02840 -173.46060     30.191    -0.4407    -0.4394    -0.4415    31.9177    31.9279  1025.7815    25.6366    420.473    404.651  360.57381    116.612     0.1844     0.7582     0.4941 1.0000e-12      17489          8  0.000e+00
     29.835   63.02840 -173.46060     30.128    -0.4406    -0.4389    -0.4414    31.9177    31.9280  1025.7812    25.6366    420.438    404.660  360.57285    116.603     0.1832     0.7509     0.4953 1.0000e-12      17490          8  0.000e+00
     29.820   63.02840 -173.46060     30.113    -0.4393    -0.4396    -0.4401    31.9171    31.9289  1025.7806    25.6360    420.643    404.686  360.56275    116.663     0.1844     0.7582     0.4941 1.0000e-12      17491          8  0.000e+00
     29.781   63.02840 -173.46060     30.074    -0.4386    -0.4392    -0.4394    31.9165    31.9284  1025.7799    25.6355    420.403    404.481  360.55799    116.598     0.1832     0.7509     0.4941 1.0000e-12      17492          8  0.000e+00
     29.881   63.02840 -173.46060     30.175    -0.4384    -0.4378    -0.4392    31.9165    31.9279  1025.7803    25.6355    420.627    404.467  360.55584    116.661     0.1844     0.7582     0.4941 1.0000e-12      17493          8  0.000e+00
     29.781   63.02840 -173.46060     30.074    -0.4379    -0.4370    -0.4387    31.9164    31.9282  1025.7797    25.6354    420.635    404.668  360.55127    116.664     0.1856     0.7656     0.4953 1.0000e-12      17494          8  0.000e+00
     29.881   63.02840 -173.46060     30.175    -0.4379    -0.4362    -0.4387    31.9165    31.9276  1025.7804    25.6355    420.410    404.694  360.55072    116.602     0.1844     0.7582     0.4941 1.0000e-12      17495          8  0.000e+00
     29.781   63.02840 -173.46060     30.074    -0.4378    -0.4355    -0.4386    31.9161    31.9272  1025.7795    25.6352    420.628    404.711  360.55088    116.663     0.1856     0.7656     0.4953 1.0000e-12      17496          8  0.000e+00
     29.820   63.02840 -173.46060     30.113    -0.4382    -0.4353    -0.4390    31.9167    31.9270  1025.7802    25.6357    420.655    404.742  360.55356    116.669     0.1844     0.7582     0.4941 1.0000e-12      17497          8  0.000e+00
     29.781   63.02840 -173.46060     30.074    -0.4381    -0.4355    -0.4389    31.9172    31.9269  1025.7804    25.6361    420.718    404.774  360.55049    116.688     0.1844     0.7582     0.4953 8.4714e-06      17498          8  0.000e+00
     29.835   63.02840 -173.46060     30.128    -0.4379    -0.4354    -0.4387    31.9172    31.9265  1025.7807    25.6361    420.741    404.811  360.54876    116.695     0.1844     0.7582     0.4941 1.0000e-12      17499          8  0.000e+00
     29.766   63.02840 -173.46060     30.058    -0.4379    -0.4358    -0.4387    31.9172    31.9265  1025.7804    25.6361    420.760    404.846  360.54876    116.700     0.1844     0.7582     0.4941 1.0000e-12      17500          8  0.000e+00
     29.835   63.02840 -173.46060     30.128    -0.4376    -0.4362    -0.4384    31.9164    31.9261  1025.7801    25.6354    420.786    404.892  360.54832    116.707     0.1844     0.7582     0.4953 1.0000e-12      17501          8  0.000e+00
     29.766   63.02840 -173.46060     30.058    -0.4382    -0.4367    -0.4390    31.9166    31.9256  1025.7799    25.6356    420.812    404.932  360.55371    116.713     0.1844     0.7582     0.4941 1.0000e-12      17502          8  0.000e+00
     29.781   63.02840 -173.46060     30.074    -0.4382    -0.4372    -0.4390    31.9164    31.9249  1025.7798    25.6354    420.836    404.980  360.55384    116.719     0.1844     0.7582     0.4953 1.0000e-12      17503          8  0.000e+00
     29.820   63.02840 -173.46060     30.113    -0.4384    -0.4388    -0.4392    31.9169    31.9263  1025.7804    25.6358    420.862    405.007  360.55468    116.726     0.1844     0.7582     0.4941 1.0000e-12      17504          8  0.000e+00
     29.781   63.02840 -173.46060     30.074    -0.4396    -0.4409    -0.4404    31.9182    31.9275  1025.7813    25.6369    420.894    405.035  360.56230    116.733     0.1856     0.7656     0.4953 1.0000e-12      17505          8  0.000e+00
     29.820   63.02840 -173.46060     30.113    -0.4429    -0.4425    -0.4437    31.9204    31.9278  1025.7834    25.6388    420.955    405.065  360.58796    116.741     0.1880     0.7802     0.4953 1.0000e-12      17506          8  0.000e+00
     29.781   63.02840 -173.46060     30.074    -0.4433    -0.4433    -0.4441    31.9181    31.9276  1025.7814    25.6370    420.989    405.082  360.59819    116.747     0.1880     0.7802     0.4941 1.0000e-12      17507          8  0.000e+00
     29.835   63.02840 -173.46060     30.128    -0.4475    -0.4451    -0.4483    31.9193    31.9282  1025.7827    25.6381    421.064    405.115  360.63429    116.757     0.1880     0.7802     0.4941 1.0000e-12      17508          8  0.000e+00
     29.766   63.02840 -173.46060     30.058    -0.4458    -0.4465    -0.4466    31.9185    31.9286  1025.7817    25.6374    421.064    405.135  360.62067    116.761     0.1880     0.7802     0.4941 1.0000e-12      17509          8  0.000e+00
     29.781   63.02840 -173.46060     30.074    -0.4424    -0.4485    -0.4432    31.9165    31.9287  1025.7800    25.6357    421.002    405.200  360.59352    116.753     0.1880     0.7802     0.4941 1.0000e-12      17510          8  0.000e+00
     29.820   63.02840 -173.46060     30.113    -0.4394    -0.4503    -0.4402    31.9158    31.9282  1025.7796    25.6350    420.989    405.457  360.56728    116.757     0.1880     0.7802     0.4941 1.0000e-12      17511          8  0.000e+00
     29.781   63.02840 -173.46060     30.074    -0.4384    -0.4516    -0.4392    31.9155    31.9288  1025.7791    25.6347    420.996    405.287  360.55840    116.762     0.1868     0.7729     0.4941 1.0000e-12      17512          8  0.000e+00
     29.820   63.02840 -173.46060     30.113    -0.4395    -0.4511    -0.4403    31.9158    31.9297  1025.7795    25.6350    421.032    405.509  360.56800    116.769     0.1880     0.7802     0.4941 1.0000e-12      17513          8  0.000e+00
     29.781   63.02840 -173.46060     30.074    -0.4399    -0.4486    -0.4407    31.9161    31.9291  1025.7796    25.6352    421.055    405.484  360.57090    116.774     0.1868     0.7729     0.4941 1.0000e-12      17514          8  0.000e+00
     29.820   63.02840 -173.46060     30.113    -0.4379    -0.4451    -0.4387    31.9148    31.9289  1025.7787    25.6341    421.056    405.257  360.55571    116.780     0.1880     0.7802     0.4941 1.0000e-12      17515          8  0.000e+00
     29.835   63.02840 -173.46060     30.129    -0.4378    -0.4416    -0.4386    31.9148    31.9287  1025.7788    25.6341    421.029    405.220  360.55451    116.773     0.1893     0.7875     0.4941 1.0000e-12      17516          8  0.000e+00
     29.781   63.02840 -173.46060     30.074    -0.4403    -0.4394    -0.4411    31.9163    31.9290  1025.7798    25.6354    421.026    405.193  360.57458    116.765     0.1880     0.7802     0.4941 1.0000e-12      17517          8  0.000e+00
     29.820   63.02840 -173.46060     30.113    -0.4457    -0.4380    -0.4465    31.9193    31.9287  1025.7826    25.6380    421.105    405.184  360.61704    116.773     0.1880     0.7802     0.4941 1.0000e-12      17518          8  0.000e+00
     29.781   63.02840 -173.46060     30.074    -0.4447    -0.4378    -0.4455    31.9173    31.9279  1025.7808    25.6364    421.066    405.187  360.61338    116.764     0.1880     0.7802     0.4941 1.0000e-12      17519          8  0.000e+00
     29.820   63.02840 -173.46060     30.113    -0.4431    -0.4382    -0.4439    31.9170    31.9277  1025.7806    25.6361    421.064    405.420  360.59924    116.768     0.1880     0.7802     0.4941 8.4714e-06      17520          8  0.000e+00
     29.835   63.02840 -173.46060     30.129    -0.4429    -0.4392    -0.4437    31.9181    31.9276  1025.7816    25.6370    421.073    405.466  360.59376    116.772     0.1868     0.7729     0.4941 1.0000e-12      17521          8  0.000e+00
     29.820   63.02840 -173.46060     30.113    -0.4429    -0.4397    -0.4437    31.9183    31.9276  1025.7817    25.6372    421.087    405.473  360.59315    116.776     0.1880     0.7802     0.4941 1.0000e-12      17522          8  0.000e+00
     29.835   63.02840 -173.46060     30.129    -0.4428    -0.4400    -0.4436    31.9185    31.9280  1025.7819    25.6373    421.101    405.476  360.59160    116.781     0.1868     0.7729     0.4941 1.0000e-12      17523          8  0.000e+00
     29.820   63.02840 -173.46060     30.113    -0.4425    -0.4402    -0.4433    31.9188    31.9276  1025.7821    25.6375    420.969    405.506  360.58867    116.745     0.1880     0.7802     0.4941 1.0000e-12      17524          8  0.000e+00
     29.835   63.02840 -173.46060     30.129    -0.4425    -0.4404    -0.4433    31.9188    31.9279  1025.7822    25.6375    420.979    405.534  360.58858    116.748     0.1880     0.7802     0.4941 1.0000e-12      17525          8  0.000e+00
     29.836   63.02840 -173.46060     30.129    -0.4425    -0.4405    -0.4433    31.9184    31.9278  1025.7819    25.6372    420.989    405.308  360.58915    116.750     0.1880     0.7802     0.4941 1.0000e-12      17526          8  0.000e+00
     29.820   63.02840 -173.46060     30.113    -0.4430    -0.4404    -0.4438    31.9189    31.9279  1025.7822    25.6376    421.050    405.269  360.59259    116.766     0.1880     0.7802     0.4941 1.0000e-12      17527          8  0.000e+00
     29.897   63.02840 -173.46060     30.191    -0.4427    -0.4404    -0.4435    31.9187    31.9279  1025.7824    25.6374    421.015    405.266  360.59001    116.757     0.1880     0.7802     0.4941 1.0000e-12      17528          8  0.000e+00
     29.882   63.02840 -173.46060     30.176    -0.4429    -0.4406    -0.4437    31.9190    31.9283  1025.7826    25.6377    421.025    405.258  360.59124    116.760     0.1893     0.7875     0.4941 1.0000e-12      17529          8  0.000e+00
     29.836   63.02840 -173.46060     30.129    -0.4427    -0.4404    -0.4435    31.9187    31.9283  1025.7821    25.6375    420.782    405.436  360.59052    116.693     0.1880     0.7802     0.4929 1.0000e-12      17530          8  0.000e+00
     29.882   63.02840 -173.46060     30.176    -0.4431    -0.4402    -0.4439    31.9192    31.9283  1025.7827    25.6379    421.003    405.235  360.59296    116.753     0.1978     0.8388     0.4941 1.0000e-12      17531          8  0.000e+00
     29.897   63.02840 -173.46060     30.191    -0.4430    -0.4403    -0.4438    31.9188    31.9279  1025.7824    25.6375    421.015    405.228  360.59307    116.756     0.2039     0.8754     0.4929 1.0000e-12      17532          8  0.000e+00
     29.820   63.02840 -173.46060     30.113    -0.4432    -0.4400    -0.4440    31.9190    31.9280  1025.7823    25.6377    421.023    405.211  360.59394    116.758     0.2051     0.8828     0.4941 1.0000e-12      17533          8  0.000e+00
     29.897   63.02840 -173.46060     30.191    -0.4434    -0.4402    -0.4442    31.9195    31.9282  1025.7830    25.6381    421.041    405.207  360.59485    116.763     0.2039     0.8754     0.4941 1.0000e-12      17534          8  0.000e+00
     29.897   63.02840 -173.46060     30.191    -0.4436    -0.4401    -0.4444    31.9194    31.9282  1025.7830    25.6381    420.759    405.196  360.59716    116.684     0.2039     0.8754     0.4941 1.0000e-12      17535          8  0.000e+00
     29.954   63.02840 -173.46060     30.248    -0.4463    -0.4472    -0.4471    31.9194    31.9294  1025.7834    25.6382    421.099    404.592  360.62302    116.770     0.1868     0.7729     0.4941 1.0000e-12      17699          9  0.000e+00
     30.016   63.02840 -173.46060     30.311    -0.4461    -0.4477    -0.4469    31.9189    31.9293  1025.7833    25.6378    420.945    404.829  360.62223    116.727     0.1868     0.7729     0.4953 1.0000e-12      17700          9  0.000e+00
     30.000   63.02840 -173.46060     30.295    -0.4463    -0.4477    -0.4471    31.9192    31.9294  1025.7834    25.6380    421.223    404.866  360.62320    116.804     0.1880     0.7802     0.4941 1.0000e-12      17701          9  0.000e+00
