EcoFOCI/data/1_SampleCollection/2023_SikuliaqDBO_CruiseData/CTD_raw_BottleFile_SKQ23-12S/proc/skq202312s_004svp.cnv
* Sea-Bird SBE 9 Data File:
* FileName = D:\CTD\SKQ202312S\SKQ202312S_004.hex
* Software Version Seasave V 7.26.7.121
* Temperature SN = 6177
* Conductivity SN = 0369
* Number of Bytes Per Scan = 41
* Number of Voltage Words = 4
* Number of Scans Averaged by the Deck Unit = 1
* NMEA Latitude = 62 13.13 N
* NMEA Longitude = 174 52.60 W
* NMEA UTC (Time) = Sep 15 2023  19:57:17
* NMEA baud rate = 4800
** Ship: R/V Sikuliaq
** Station Number: 004
** Station Name: DBO1.3
** Bottom Depth: 75
** Operator: SS
** Dry cast
# nquan = 7
# nvalues = 5544                                  
# units = specified
# name 0 = depSM: Depth [salt water, m]
# name 1 = latitude: Latitude [deg]
# name 2 = longitude: Longitude [deg]
# name 3 = t090C: Temperature [ITS-90, deg C]
# name 4 = sal00: Salinity, Practical [PSU]
# name 5 = svCM: Sound Velocity [Chen-Millero, m/s]
# name 6 = flag:  0.000e+00
# span 0 =      0.971,     70.345                 
# span 1 =   62.21878,   62.21880                 
# span 2 = -174.87668, -174.87664                 
# span 3 =    -1.5485,     7.7793                 
# span 4 =    30.8130,    31.9066                 
# span 5 =    1438.44,    1476.85                 
# span 6 = 0.0000e+00, 0.0000e+00                 
# interval = seconds: 0.0416667
# start_time = Sep 15 2023 20:01:28 [NMEA time, first data scan]
# bad_flag = -9.990e-29
*END*
[from data line 4103]
     60.247   62.21880 -174.87666    -1.5481    31.9009    1438.68  0.000e+00
     60.178   62.21880 -174.87666    -1.5479    31.9006    1438.67  0.000e+00
     60.301   62.21880 -174.87666    -1.5481    31.9006    1438.68  0.000e+00
     60.186   62.21880 -174.87666    -1.5482    31.9010    1438.67  0.000e+00
     60.301   62.21880 -174.87666    -1.5482    31.9007    1438.68  0.000e+00
     60.247   62.21880 -174.87666    -1.5482    31.9009    1438.67  0.000e+00
     60.294   62.21880 -174.87666    -1.5482    31.9007    1438.68  0.000e+00
     60.301   62.21880 -174.87666    -1.5482    31.9009    1438.68  0.000e+00
     60.301   62.21880 -174.87666    -1.5481    31.9009    1438.68  0.000e+00
     60.301   62.21880 -174.87666    -1.5482    31.9008    1438.68  0.000e+00
     60.294   62.21880 -174.87666    -1.5481    31.9006    1438.68  0.000e+00
     60.355   62.21880 -174.87666    -1.5481    31.9007    1438.68  0.000e+00
     60.355   62.21880 -174.87666    -1.5481    31.9006    1438.68  0.000e+00
     60.301   62.21880 -174.87666    -1.5481    31.9001    1438.68  0.000e+00
     60.348   62.21880 -174.87666    -1.5481    31.9006    1438.68  0.000e+00
     60.355   62.21880 -174.87666    -1.5482    31.9012    1438.68  0.000e+00
     60.355   62.21880 -174.87666    -1.5481    31.9006    1438.68  0.000e+00
     60.355   62.21880 -174.87666    -1.5481    31.9004    1438.68  0.000e+00
     60.348   62.21880 -174.87666    -1.5481    31.9007    1438.68  0.000e+00
     60.355   62.21880 -174.87666    -1.5482    31.9009    1438.68  0.000e+00
     60.355   62.21880 -174.87666    -1.5482    31.9012    1438.68  0.000e+00
     60.355   62.21880 -174.87666    -1.5481    31.9009    1438.68  0.000e+00
     60.348   62.21880 -174.87666    -1.5483    31.9009    1438.68  0.000e+00
     60.355   62.21880 -174.87666    -1.5482    31.9011    1438.68  0.000e+00
     60.417   62.21880 -174.87666    -1.5483    31.9011    1438.68  0.000e+00
     60.355   62.21880 -174.87666    -1.5479    31.9003    1438.68  0.000e+00
     60.348   62.21880 -174.87666    -1.5479    31.9007    1438.68  0.000e+00
     60.355   62.21880 -174.87666    -1.5477    31.9009    1438.68  0.000e+00
     60.417   62.21880 -174.87666    -1.5476    31.9006    1438.68  0.000e+00
     60.355   62.21880 -174.87666    -1.5476    31.9006    1438.68  0.000e+00
     60.348   62.21880 -174.87666    -1.5474    31.9008    1438.68  0.000e+00
     60.355   62.21880 -174.87666    -1.5468    31.9010    1438.68  0.000e+00
     60.355   62.21880 -174.87666    -1.5465    31.9009    1438.68  0.000e+00
     60.355   62.21880 -174.87666    -1.5464    31.9008    1438.68  0.000e+00
     60.409   62.21880 -174.87666    -1.5467    31.9010    1438.68  0.000e+00
     60.355   62.21880 -174.87666    -1.5462    31.9008    1438.69  0.000e+00
     60.355   62.21880 -174.87666    -1.5459    31.9007    1438.69  0.000e+00
     60.355   62.21880 -174.87666    -1.5455    31.9005    1438.69  0.000e+00
     60.348   62.21880 -174.87666    -1.5456    31.9008    1438.69  0.000e+00
     60.355   62.21880 -174.87666    -1.5455    31.9003    1438.69  0.000e+00
     60.355   62.21880 -174.87666    -1.5455    31.9005    1438.69  0.000e+00
     60.355   62.21880 -174.87666    -1.5456    31.9006    1438.69  0.000e+00
     60.409   62.21880 -174.87666    -1.5456    31.9009    1438.69  0.000e+00
     60.355   62.21880 -174.87666    -1.5457    31.9007    1438.69  0.000e+00
     60.355   62.21880 -174.87666    -1.5457    31.9006    1438.69  0.000e+00
     60.355   62.21880 -174.87666    -1.5457    31.9002    1438.69  0.000e+00
     60.348   62.21880 -174.87666    -1.5459    31.9000    1438.69  0.000e+00
     60.417   62.21880 -174.87666    -1.5459    31.9005    1438.69  0.000e+00
     60.355   62.21880 -174.87666    -1.5460    31.9005    1438.69  0.000e+00
     60.355   62.21880 -174.87666    -1.5462    31.9004    1438.69  0.000e+00
     60.348   62.21880 -174.87666    -1.5462    31.9005    1438.69  0.000e+00
     60.355   62.21880 -174.87666    -1.5462    31.9005    1438.69  0.000e+00
     60.355   62.21880 -174.87666    -1.5464    31.9003    1438.68  0.000e+00
     60.355   62.21880 -174.87666    -1.5464    31.9003    1438.68  0.000e+00
     60.409   62.21880 -174.87666    -1.5462    31.9002    1438.69  0.000e+00
     60.355   62.21880 -174.87666    -1.5462    31.9009    1438.69  0.000e+00
     60.355   62.21880 -174.87666    -1.5459    31.9006    1438.69  0.000e+00
     60.355   62.21880 -174.87666    -1.5458    31.9001    1438.69  0.000e+00
     60.355   62.21880 -174.87666    -1.5460    31.9003    1438.69  0.000e+00
     60.348   62.21880 -174.87666    -1.5462    31.9006    1438.69  0.000e+00
     60.417   62.21880 -174.87666    -1.5464    31.9007    1438.69  0.000e+00
     60.355   62.21880 -174.87666    -1.5462    31.9001    1438.68  0.000e+00
     60.355   62.21880 -174.87666    -1.5461    31.9005    1438.69  0.000e+00
     60.409   62.21880 -174.87666    -1.5462    31.9003    1438.69  0.000e+00
     60.417   62.21880 -174.87666    -1.5462    31.9004    1438.69  0.000e+00
     60.355   62.21880 -174.87666    -1.5464    31.9005    1438.68  0.000e+00
     60.417   62.21880 -174.87666    -1.5463    31.9004    1438.69  0.000e+00
     60.348   62.21880 -174.87666    -1.5462    31.9005    1438.69  0.000e+00
     60.417   62.21880 -174.87666    -1.5460    31.9001    1438.69  0.000e+00
     60.417   62.21880 -174.87666    -1.5462    31.9002    1438.69  0.000e+00
     60.417   62.21880 -174.87666    -1.5462    31.9002    1438.69  0.000e+00
     60.409   62.21880 -174.87666    -1.5461    31.9001    1438.69  0.000e+00
     60.417   62.21880 -174.87666    -1.5465    31.9009    1438.69  0.000e+00
     60.417   62.21880 -174.87666    -1.5464    31.9007    1438.69  0.000e+00
     60.417   62.21880 -174.87666    -1.5467    31.9004    1438.68  0.000e+00
     60.463   62.21880 -174.87666    -1.5465    31.9002    1438.69  0.000e+00
     60.417   62.21880 -174.87666    -1.5466    31.9003    1438.68  0.000e+00
     60.471   62.21880 -174.87666    -1.5465    31.9004    1438.69  0.000e+00
     60.417   62.21880 -174.87666    -1.5465    31.9009    1438.69  0.000e+00
     60.463   62.21880 -174.87666    -1.5460    31.9000    1438.69  0.000e+00
     60.533   62.21880 -174.87666    -1.5462    31.9001    1438.69  0.000e+00
     60.471   62.21880 -174.87666    -1.5463    31.9002    1438.69  0.000e+00
     60.471   62.21880 -174.87666    -1.5464    31.9005    1438.69  0.000e+00
     60.525   62.21880 -174.87666    -1.5464    31.9002    1438.69  0.000e+00
     60.471   62.21880 -174.87666    -1.5464    31.9003    1438.69  0.000e+00
     60.587   62.21880 -174.87666    -1.5464    31.9001    1438.69  0.000e+00
     60.533   62.21880 -174.87666    -1.5464    31.9001    1438.69  0.000e+00
     60.525   62.21880 -174.87666    -1.5462    31.9003    1438.69  0.000e+00
     60.533   62.21880 -174.87666    -1.5465    31.9005    1438.69  0.000e+00
     60.587   62.21880 -174.87666    -1.5467    31.9008    1438.69  0.000e+00
     60.587   62.21880 -174.87666    -1.5465    31.9004    1438.69  0.000e+00
     60.579   62.21880 -174.87666    -1.5463    31.9003    1438.69  0.000e+00
     60.587   62.21880 -174.87666    -1.5460    31.9004    1438.69  0.000e+00
     60.649   62.21880 -174.87666    -1.5459    31.9005    1438.69  0.000e+00
     60.587   62.21880 -174.87666    -1.5460    31.9010    1438.69  0.000e+00
     60.695   62.21880 -174.87666    -1.5456    31.9001    1438.69  0.000e+00
     60.649   62.21880 -174.87666    -1.5460    31.9007    1438.69  0.000e+00
     60.649   62.21880 -174.87666    -1.5459    31.9004    1438.69  0.000e+00
     60.703   62.21880 -174.87666    -1.5459    31.9000    1438.69  0.000e+00
     60.749   62.21880 -174.87666    -1.5462    31.9005    1438.69  0.000e+00
     60.703   62.21880 -174.87666    -1.5461    31.9005    1438.69  0.000e+00
     60.757   62.21880 -174.87666    -1.5460    31.9002    1438.69  0.000e+00
     60.703   62.21880 -174.87666    -1.5464    31.9003    1438.69  0.000e+00
     60.811   62.21880 -174.87666    -1.5464    31.9002    1438.69  0.000e+00
     60.818   62.21880 -174.87666    -1.5467    31.8998    1438.69  0.000e+00
     60.757   62.21880 -174.87666    -1.5470    31.9000    1438.69  0.000e+00
     60.872   62.21880 -174.87666    -1.5470    31.8998    1438.69  0.000e+00
     60.865   62.21880 -174.87666    -1.5473    31.9000    1438.69  0.000e+00
     60.872   62.21880 -174.87666    -1.5473    31.9000    1438.69  0.000e+00
     60.872   62.21880 -174.87666    -1.5474    31.9001    1438.69  0.000e+00
     60.934   62.21880 -174.87666    -1.5472    31.8996    1438.69  0.000e+00
     60.926   62.21880 -174.87666    -1.5479    31.9007    1438.69  0.000e+00
     60.988   62.21880 -174.87666    -1.5477    31.9002    1438.69  0.000e+00
     60.934   62.21880 -174.87666    -1.5477    31.9003    1438.69  0.000e+00
     61.035   62.21880 -174.87666    -1.5476    31.8999    1438.69  0.000e+00
     61.050   62.21880 -174.87666    -1.5479    31.9007    1438.69  0.000e+00
     60.988   62.21880 -174.87666    -1.5479    31.9004    1438.69  0.000e+00
     61.104   62.21880 -174.87666    -1.5479    31.9004    1438.69  0.000e+00
     61.096   62.21880 -174.87666    -1.5479    31.9005    1438.69  0.000e+00
     61.104   62.21880 -174.87666    -1.5481    31.9007    1438.69  0.000e+00
     61.104   62.21880 -174.87666    -1.5478    31.9004    1438.69  0.000e+00
     61.158   62.21880 -174.87666    -1.5482    31.9008    1438.69  0.000e+00
     61.150   62.21880 -174.87666    -1.5481    31.9005    1438.69  0.000e+00
     61.220   62.21880 -174.87666    -1.5481    31.9007    1438.69  0.000e+00
     61.220   62.21880 -174.87666    -1.5481    31.9006    1438.69  0.000e+00
     61.274   62.21880 -174.87666    -1.5479    31.9002    1438.69  0.000e+00
     61.266   62.21880 -174.87666    -1.5481    31.9003    1438.69  0.000e+00
     61.274   62.21880 -174.87666    -1.5479    31.9005    1438.69  0.000e+00
     61.336   62.21880 -174.87666    -1.5481    31.9006    1438.69  0.000e+00
     61.336   62.21880 -174.87666    -1.5481    31.9007    1438.69  0.000e+00
     61.382   62.21880 -174.87666    -1.5479    31.9003    1438.69  0.000e+00
     61.390   62.21880 -174.87666    -1.5482    31.9007    1438.69  0.000e+00
     61.390   62.21880 -174.87666    -1.5479    31.9006    1438.69  0.000e+00
     61.498   62.21880 -174.87666    -1.5481    31.9007    1438.70  0.000e+00
     61.451   62.21880 -174.87666    -1.5479    31.9001    1438.69  0.000e+00
     61.505   62.21880 -174.87666    -1.5482    31.9005    1438.69  0.000e+00
     61.505   62.21880 -174.87666    -1.5481    31.9002    1438.69  0.000e+00
     61.552   62.21880 -174.87666    -1.5479    31.9003    1438.70  0.000e+00
     61.560   62.21880 -174.87666    -1.5481    31.9005    1438.70  0.000e+00
     61.560   62.21880 -174.87666    -1.5481    31.9004    1438.70  0.000e+00
     61.621   62.21880 -174.87666    -1.5479    31.9004    1438.70  0.000e+00
     61.614   62.21880 -174.87666    -1.5481    31.9004    1438.70  0.000e+00
     61.675   62.21880 -174.87666    -1.5481    31.9005    1438.70  0.000e+00
     61.675   62.21880 -174.87666    -1.5482    31.9009    1438.70  0.000e+00
     61.729   62.21880 -174.87666    -1.5481    31.9004    1438.70  0.000e+00
     61.737   62.21880 -174.87666    -1.5481    31.9003    1438.70  0.000e+00
     61.737   62.21880 -174.87666    -1.5481    31.9004    1438.70  0.000e+00
     61.791   62.21880 -174.87666    -1.5481    31.9007    1438.70  0.000e+00
     61.783   62.21880 -174.87666    -1.5481    31.9002    1438.70  0.000e+00
     61.853   62.21880 -174.87666    -1.5482    31.9007    1438.70  0.000e+00
     61.853   62.21880 -174.87666    -1.5482    31.9006    1438.70  0.000e+00
     61.853   62.21880 -174.87666    -1.5482    31.9004    1438.70  0.000e+00
     61.899   62.21880 -174.87666    -1.5482    31.9005    1438.70  0.000e+00
     61.907   62.21880 -174.87666    -1.5481    31.9004    1438.70  0.000e+00
     61.969   62.21880 -174.87666    -1.5481    31.9003    1438.70  0.000e+00
     61.953   62.21880 -174.87666    -1.5482    31.9005    1438.70  0.000e+00
     61.969   62.21880 -174.87666    -1.5482    31.9001    1438.70  0.000e+00
     61.969   62.21880 -174.87666    -1.5481    31.9005    1438.70  0.000e+00
     62.023   62.21880 -174.87666    -1.5482    31.9008    1438.70  0.000e+00
     62.069   62.21880 -174.87666    -1.5481    31.9004    1438.70  0.000e+00
     62.077   62.21880 -174.87666    -1.5482    31.9005    1438.70  0.000e+00
     62.077   62.21880 -174.87666    -1.5482    31.9002    1438.70  0.000e+00
     62.069   62.21880 -174.87666    -1.5481    31.9002    1438.70  0.000e+00
     62.139   62.21880 -174.87666    -1.5482    31.9002    1438.70  0.000e+00
     62.139   62.21880 -174.87666    -1.5482    31.9004    1438.70  0.000e+00
     62.139   62.21880 -174.87666    -1.5482    31.9006    1438.71  0.000e+00
     62.185   62.21880 -174.87666    -1.5482    31.9004    1438.71  0.000e+00
     62.193   62.21880 -174.87666    -1.5482    31.9004    1438.71  0.000e+00
     62.139   62.21880 -174.87666    -1.5483    31.9004    1438.70  0.000e+00
     62.239   62.21880 -174.87666    -1.5479    31.9002    1438.71  0.000e+00
     62.193   62.21880 -174.87666    -1.5482    31.9006    1438.71  0.000e+00
     62.254   62.21880 -174.87666    -1.5481    31.9003    1438.71  0.000e+00
     62.254   62.21880 -174.87666    -1.5481    31.9002    1438.71  0.000e+00
     62.239   62.21880 -174.87666    -1.5482    31.9006    1438.71  0.000e+00
     62.254   62.21880 -174.87666    -1.5484    31.9006    1438.71  0.000e+00
     62.308   62.21880 -174.87666    -1.5482    31.9001    1438.71  0.000e+00
     62.301   62.21880 -174.87666    -1.5482    31.9005    1438.71  0.000e+00
     62.308   62.21880 -174.87666    -1.5481    31.9001    1438.71  0.000e+00
     62.308   62.21880 -174.87666    -1.5482    31.9001    1438.71  0.000e+00
     62.308   62.21880 -174.87666    -1.5481    31.9002    1438.71  0.000e+00
     62.355   62.21880 -174.87666    -1.5483    31.9007    1438.71  0.000e+00
     62.308   62.21880 -174.87666    -1.5482    31.9004    1438.71  0.000e+00
     62.370   62.21880 -174.87666    -1.5481    31.9002    1438.71  0.000e+00
     62.355   62.21880 -174.87666    -1.5482    31.9005    1438.71  0.000e+00
     62.370   62.21880 -174.87666    -1.5482    31.9004    1438.71  0.000e+00
     62.370   62.21880 -174.87666    -1.5482    31.9006    1438.71  0.000e+00
     62.370   62.21880 -174.87666    -1.5482    31.9004    1438.71  0.000e+00
     62.416   62.21880 -174.87666    -1.5482    31.9005    1438.71  0.000e+00
     62.370   62.21880 -174.87666    -1.5483    31.9005    1438.71  0.000e+00
     62.370   62.21880 -174.87666    -1.5481    31.8999    1438.71  0.000e+00
     62.416   62.21880 -174.87666    -1.5482    31.9000    1438.71  0.000e+00
     62.424   62.21880 -174.87666    -1.5482    31.9004    1438.71  0.000e+00
     62.370   62.21880 -174.87666    -1.5485    31.9010    1438.71  0.000e+00
     62.424   62.21880 -174.87666    -1.5483    31.9006    1438.71  0.000e+00
     62.355   62.21880 -174.87666    -1.5482    31.9004    1438.71  0.000e+00
     62.424   62.21880 -174.87666    -1.5483    31.9006    1438.71  0.000e+00
     62.424   62.21880 -174.87666    -1.5482    31.9003    1438.71  0.000e+00
     62.416   62.21880 -174.87666    -1.5476    31.9001    1438.71  0.000e+00
     62.370   62.21880 -174.87666    -1.5473    31.9003    1438.71  0.000e+00
     62.424   62.21880 -174.87666    -1.5466    31.9001    1438.72  0.000e+00
     62.370   62.21880 -174.87666    -1.5464    31.9001    1438.72  0.000e+00
     62.416   62.21880 -174.87666    -1.5464    31.9000    1438.72  0.000e+00
     62.424   62.21880 -174.87666    -1.5464    31.8999    1438.72  0.000e+00
     62.370   62.21880 -174.87666    -1.5465    31.9002    1438.72  0.000e+00
