EcoFOCI/data/1_SampleCollection/2023_SikuliaqDBO_CruiseData/CTD_raw_BottleFile_SKQ23-12S/proc/skq202312s_025.ros
* Sea-Bird SBE 9 Data File:
* FileName = D:\CTD\SKQ202312S\SKQ202312S_025.hex
* Software Version Seasave V 7.26.7.121
* Temperature SN = 6177
* Conductivity SN = 0369
* Number of Bytes Per Scan = 41
* Number of Voltage Words = 4
* Number of Scans Averaged by the Deck Unit = 1
* NMEA Latitude = 71 14.81 N
* NMEA Longitude = 157 09.84 W
* NMEA UTC (Time) = Sep 20 2023  21:07:47
* NMEA baud rate = 4800
** Ship: R/V Sikuliaq
** Station Number: 025
** Station Name: DBO5.1
** Bottom Depth: 46
** Operator: SD
# nquan = 22
# nvalues = 882                                   
# units = specified
# name 0 = depSM: Depth [salt water, m]
# name 1 = latitude: Latitude [deg]
# name 2 = longitude: Longitude [deg]
# name 3 = prDM: Pressure, Digiquartz [db]
# name 4 = t090C: Temperature [ITS-90, deg C]
# name 5 = t190C: Temperature, 2 [ITS-90, deg C]
# name 6 = potemp090C: Potential Temperature [ITS-90, deg C]
# name 7 = sal00: Salinity, Practical [PSU]
# name 8 = sal11: Salinity, Practical, 2 [PSU]
# name 9 = density00: Density [density, kg/m^3]
# name 10 = sigma-é00: Density [sigma-theta, kg/m^3]
# name 11 = sbox0Mm/Kg: Oxygen, SBE 43 [umol/kg]
# name 12 = sbox1Mm/Kg: Oxygen, SBE 43, 2 [umol/kg]
# name 13 = oxsolMm/Kg: Oxygen Saturation, Garcia & Gordon [umol/kg]
# name 14 = sbeox0PS: Oxygen, SBE 43 [% saturation]
# name 15 = v0: Voltage 0
# name 16 = flECO-AFL: Fluorescence, WET Labs ECO-AFL/FL [mg/m^3]
# name 17 = CStarAt0: Beam Attenuation, WET Labs C-Star [1/m]
# name 18 = par: PAR/Irradiance, Biospherical/Licor
# name 19 = scan: Scan Count
# name 20 = nbf: Bottles Fired
# name 21 = flag:  0.000e+00
# interval = seconds: 0.0416667
# start_time = Sep 20 2023 21:11:24 [NMEA time, first data scan]
# bad_flag = -9.990e-29
*END*
[from data line 856]
      3.831   71.24684 -157.16440      3.871     3.9940     4.0008     3.9938    30.1441    30.1548  1023.9442    23.9261    311.872    298.566  326.57219     95.499     0.1868     0.7729     1.8362 5.4782e+01      22119         18  0.000e+00
      3.885   71.24684 -157.16440      3.925     3.9949     4.0010     3.9947    30.1433    30.1553  1023.9438    23.9254    311.867    298.552  326.56686     95.499     0.1868     0.7729     1.8346 5.5559e+01      22120         18  0.000e+00
      3.831   71.24684 -157.16440      3.871     3.9966     4.0010     3.9963    30.1434    30.1550  1023.9435    23.9253    311.850    298.561  326.55326     95.498     0.1868     0.7729     1.8346 5.6030e+01      22121         18  0.000e+00
      3.831   71.24684 -157.16440      3.871     3.9981     4.0004     3.9978    30.1439    30.1552  1023.9437    23.9256    311.838    298.554  326.54027     95.497     0.1868     0.7729     1.8362 5.6189e+01      22122         18  0.000e+00
      3.831   71.24684 -157.16440      3.871     3.9988     4.0000     3.9986    30.1441    30.1556  1023.9438    23.9256    311.833    298.569  326.53361     95.498     0.1856     0.7656     1.8346 5.6986e+01      22123         18  0.000e+00
      3.831   71.24684 -157.16440      3.871     3.9985     3.9996     3.9982    30.1433    30.1572  1023.9432    23.9251    311.629    298.561  326.53833     95.434     0.1868     0.7729     1.8362 5.7469e+01      22124         18  0.000e+00
      3.746   71.24684 -157.16440      3.785     3.9979     3.9996     3.9977    30.1431    30.1572  1023.9427    23.9250    311.818    298.550  326.54350     95.491     0.1868     0.7729     1.8346 5.7631e+01      22125         18  0.000e+00
      3.831   71.24684 -157.16440      3.871     3.9980     3.9995     3.9978    30.1426    30.1573  1023.9427    23.9246    311.830    298.548  326.54384     95.494     0.1868     0.7729     1.8362 5.8449e+01      22126         18  0.000e+00
      3.770   71.24684 -157.16440      3.809     3.9988     3.9991     3.9986    30.1419    30.1575  1023.9417    23.9239    311.832    298.565  326.53905     95.496     0.1868     0.7729     1.8346 5.8945e+01      22127         18  0.000e+00
      3.770   71.24684 -157.16440      3.809     3.9997     3.9991     3.9995    30.1414    30.1588  1023.9413    23.9234    311.836    298.559  326.53301     95.499     0.1868     0.7729     1.8362 5.8945e+01      22128         18  0.000e+00
      3.770   71.24684 -157.16438      3.809     4.0007     3.9994     4.0005    30.1402    30.1594  1023.9403    23.9224    311.630    298.574  326.52796     95.437     0.1868     0.7729     1.8346 5.9613e+01      22129         18  0.000e+00
      3.716   71.24684 -157.16438      3.754     4.0015     3.9998     4.0013    30.1390    30.1591  1023.9390    23.9214    311.819    298.569  326.52470     95.496     0.1868     0.7729     1.8494 6.0119e+01      22130         18  0.000e+00
      3.770   71.24684 -157.16438      3.809     4.0024     4.0007     4.0022    30.1376    30.1568  1023.9380    23.9202    311.620    298.569  326.52097     95.436     0.1856     0.7656     1.8774 6.0289e+01      22131         18  0.000e+00
      3.654   71.24684 -157.16438      3.692     4.0025     4.0014     4.0023    30.1370    30.1544  1023.9370    23.9197    311.816    298.564  326.52193     95.496     0.1868     0.7729     1.8857 6.0800e+01      22132         18  0.000e+00
      3.716   71.24684 -157.16438      3.754     4.0022     4.0027     4.0019    30.1370    30.1527  1023.9373    23.9197    311.841    298.562  326.52455     95.503     0.1868     0.7729     1.8841 6.1144e+01      22133         18  0.000e+00
      3.716   71.24684 -157.16438      3.754     4.0021     4.0039     4.0019    30.1362    30.1513  1023.9367    23.9191    311.652    298.559  326.52691     95.445     0.1868     0.7729     1.8841 6.1489e+01      22134         18  0.000e+00
      3.716   71.24684 -157.16438      3.754     4.0018     4.0052     4.0016    30.1358    30.1490  1023.9364    23.9188    311.826    298.557  326.53009     95.497     0.1868     0.7729     1.8824 6.1663e+01      22135         18  0.000e+00
      3.654   71.24684 -157.16438      3.692     4.0024     4.0063     4.0022    30.1353    30.1473  1023.9357    23.9184    311.845    298.554  326.52653     95.504     0.1856     0.7656     1.8841 6.2186e+01      22136         18  0.000e+00
      3.654   71.24684 -157.16438      3.692     4.0041     4.0072     4.0038    30.1339    30.1465  1023.9344    23.9171    311.860    298.553  326.51703     95.511     0.1844     0.7582     1.8824 6.2361e+01      22137         18  0.000e+00
      3.654   71.24684 -157.16438      3.692     4.0058     4.0083     4.0056    30.1313    30.1449  1023.9322    23.9148    311.878    298.554  326.50964     95.519     0.1832     0.7509     1.8841 6.2537e+01      22138         18  0.000e+00
      3.600   71.24684 -157.16438      3.637     4.0069     4.0088     4.0066    30.1288    30.1443  1023.9298    23.9128    311.902    298.557  326.50731     95.527     0.1832     0.7509     1.8824 6.2714e+01      22139         18  0.000e+00
      3.654   71.24684 -157.16438      3.692     4.0072     4.0096     4.0070    30.1275    30.1435  1023.9290    23.9117    311.934    298.562  326.50770     95.536     0.1832     0.7509     1.8841 6.2891e+01      22140         18  0.000e+00
      3.654   71.24684 -157.16438      3.692     4.0076     4.0100     4.0074    30.1271    30.1426  1023.9286    23.9113    311.537    298.569  326.50530     95.415     0.1844     0.7582     1.8841 6.2891e+01      22141         18  0.000e+00
      3.600   71.24684 -157.16438      3.638     4.0086     4.0100     4.0084    30.1260    30.1425  1023.9274    23.9104    311.711    298.577  326.49999     95.471     0.1832     0.7509     1.8841 6.3068e+01      22142         18  0.000e+00
      3.654   71.24684 -157.16438      3.692     4.0094     4.0107     4.0092    30.1259    30.1419  1023.9275    23.9102    311.892    298.586  326.49445     95.527     0.1832     0.7509     1.8841 6.3068e+01      22143         18  0.000e+00
      3.485   71.24684 -157.16438      3.521     4.0101     4.0107     4.0099    30.1257    30.1420  1023.9265    23.9100    312.096    298.569  326.48932     95.592     0.1832     0.7509     1.8841 6.3246e+01      22144         18  0.000e+00
