EcoFOCI/data/1_SampleCollection/2023_SikuliaqDBO_CruiseData/CTD_raw_BottleFile_SKQ23-12S/proc/skq202312s_064svp.cnv
* Sea-Bird SBE 9 Data File:
* FileName = D:\CTD\SKQ202312S\SKQ202312S_064.hex
* Software Version Seasave V 7.26.7.121
* Temperature SN = 6177
* Conductivity SN = 0369
* Number of Bytes Per Scan = 41
* Number of Voltage Words = 4
* Number of Scans Averaged by the Deck Unit = 1
* NMEA Latitude = 71 57.82 N
* NMEA Longitude = 166 18.97 W
* NMEA UTC (Time) = Sep 28 2023  10:18:40
* NMEA baud rate = 4800
** Ship: R/V Sikuliaq
** Station Number: 064
** Station Name: IC0.1
** Bottom Depth: 46
** Operator: Bern
# nquan = 7
# nvalues = 3381                                  
# units = specified
# name 0 = depSM: Depth [salt water, m]
# name 1 = latitude: Latitude [deg]
# name 2 = longitude: Longitude [deg]
# name 3 = t090C: Temperature [ITS-90, deg C]
# name 4 = sal00: Salinity, Practical [PSU]
# name 5 = svCM: Sound Velocity [Chen-Millero, m/s]
# name 6 = flag:  0.000e+00
# span 0 =      2.287,     40.185                 
# span 1 =   71.96376,   71.96376                 
# span 2 = -166.31568, -166.31550                 
# span 3 =    -0.5402,     3.9940                 
# span 4 =    30.8512,    32.4561                 
# span 5 =    1443.69,    1462.39                 
# span 6 = 0.0000e+00, 0.0000e+00                 
# interval = seconds: 0.0416667
# start_time = Sep 28 2023 10:21:40 [NMEA time, first data scan]
# bad_flag = -9.990e-29
*END*
[from data line 1847]
     29.647   71.96376 -166.31556     2.7341    32.0800    1457.96  0.000e+00
     29.662   71.96376 -166.31556     2.7218    32.0758    1457.90  0.000e+00
     29.709   71.96376 -166.31556     2.7080    32.0737    1457.84  0.000e+00
     29.724   71.96376 -166.31556     2.6927    32.0753    1457.77  0.000e+00
     29.709   71.96376 -166.31556     2.6745    32.0814    1457.70  0.000e+00
     29.724   71.96376 -166.31556     2.6597    32.0865    1457.64  0.000e+00
     29.763   71.96376 -166.31556     2.6513    32.0846    1457.61  0.000e+00
     29.778   71.96376 -166.31556     2.6429    32.0810    1457.56  0.000e+00
     29.824   71.96376 -166.31556     2.6319    32.0802    1457.52  0.000e+00
     29.778   71.96376 -166.31556     2.6185    32.0835    1457.46  0.000e+00
     29.840   71.96376 -166.31556     2.6064    32.0855    1457.41  0.000e+00
     29.824   71.96376 -166.31554     2.5950    32.0838    1457.36  0.000e+00
     29.894   71.96376 -166.31554     2.5826    32.0833    1457.31  0.000e+00
     29.878   71.96376 -166.31554     2.5668    32.0858    1457.24  0.000e+00
     29.894   71.96376 -166.31554     2.5484    32.0876    1457.16  0.000e+00
     29.878   71.96376 -166.31554     2.5311    32.0880    1457.09  0.000e+00
     29.948   71.96376 -166.31554     2.5145    32.0885    1457.02  0.000e+00
     29.932   71.96376 -166.31554     2.4984    32.0919    1456.95  0.000e+00
     30.009   71.96376 -166.31554     2.4846    32.0946    1456.90  0.000e+00
     29.994   71.96376 -166.31554     2.4737    32.0922    1456.85  0.000e+00
     29.947   71.96376 -166.31554     2.4627    32.0893    1456.79  0.000e+00
     30.048   71.96376 -166.31554     2.4496    32.0888    1456.74  0.000e+00
     30.009   71.96376 -166.31554     2.4356    32.0889    1456.68  0.000e+00
     30.063   71.96376 -166.31554     2.4214    32.0871    1456.61  0.000e+00
     30.048   71.96376 -166.31554     2.4075    32.0869    1456.55  0.000e+00
     30.063   71.96376 -166.31554     2.3924    32.0881    1456.49  0.000e+00
     30.048   71.96376 -166.31554     2.3775    32.0909    1456.43  0.000e+00
     30.125   71.96376 -166.31554     2.3646    32.0896    1456.37  0.000e+00
     30.109   71.96376 -166.31554     2.3477    32.0897    1456.30  0.000e+00
     30.125   71.96376 -166.31554     2.3325    32.0851    1456.22  0.000e+00
     30.163   71.96376 -166.31554     2.3190    32.0804    1456.16  0.000e+00
     30.125   71.96376 -166.31554     2.3043    32.0852    1456.10  0.000e+00
     30.163   71.96376 -166.31554     2.2888    32.0918    1456.04  0.000e+00
     30.179   71.96376 -166.31554     2.2702    32.0991    1455.97  0.000e+00
     30.233   71.96376 -166.31554     2.2548    32.1060    1455.91  0.000e+00
     30.163   71.96376 -166.31554     2.2442    32.1083    1455.87  0.000e+00
     30.232   71.96376 -166.31554     2.2343    32.1081    1455.83  0.000e+00
     30.225   71.96376 -166.31554     2.2248    32.1090    1455.78  0.000e+00
     30.232   71.96376 -166.31554     2.2146    32.1114    1455.74  0.000e+00
     30.225   71.96376 -166.31554     2.2027    32.1149    1455.70  0.000e+00
     30.232   71.96376 -166.31554     2.1941    32.1160    1455.66  0.000e+00
     30.279   71.96376 -166.31554     2.1876    32.1159    1455.63  0.000e+00
     30.232   71.96376 -166.31554     2.1792    32.1173    1455.60  0.000e+00
     30.333   71.96376 -166.31554     2.1701    32.1212    1455.56  0.000e+00
     30.294   71.96376 -166.31554     2.1606    32.1269    1455.53  0.000e+00
     30.294   71.96376 -166.31554     2.1505    32.1297    1455.49  0.000e+00
     30.333   71.96376 -166.31554     2.1402    32.1286    1455.44  0.000e+00
     30.348   71.96376 -166.31554     2.1314    32.1215    1455.39  0.000e+00
     30.333   71.96376 -166.31554     2.1240    32.1080    1455.34  0.000e+00
     30.348   71.96376 -166.31554     2.1165    32.0937    1455.29  0.000e+00
     30.394   71.96376 -166.31554     2.1038    32.0884    1455.23  0.000e+00
     30.410   71.96376 -166.31554     2.0894    32.0856    1455.16  0.000e+00
     30.394   71.96376 -166.31554     2.0704    32.0905    1455.09  0.000e+00
     30.348   71.96376 -166.31554     2.0487    32.1004    1455.00  0.000e+00
     30.448   71.96376 -166.31554     2.0257    32.1117    1454.92  0.000e+00
     30.348   71.96376 -166.31554     2.0078    32.1215    1454.85  0.000e+00
     30.409   71.96376 -166.31554     1.9952    32.1265    1454.80  0.000e+00
     30.448   71.96376 -166.31554     1.9845    32.1322    1454.76  0.000e+00
     30.463   71.96376 -166.31554     1.9729    32.1427    1454.73  0.000e+00
     30.448   71.96376 -166.31554     1.9625    32.1489    1454.69  0.000e+00
     30.409   71.96376 -166.31554     1.9516    32.1539    1454.65  0.000e+00
     30.510   71.96376 -166.31554     1.9427    32.1551    1454.61  0.000e+00
     30.463   71.96376 -166.31554     1.9361    32.1472    1454.57  0.000e+00
     30.510   71.96376 -166.31554     1.9277    32.1405    1454.52  0.000e+00
     30.525   71.96376 -166.31554     1.9188    32.1395    1454.48  0.000e+00
     30.448   71.96376 -166.31554     1.9097    32.1409    1454.44  0.000e+00
     30.633   71.96376 -166.31554     1.9009    32.1424    1454.41  0.000e+00
     30.525   71.96376 -166.31554     1.8917    32.1486    1454.38  0.000e+00
     30.564   71.96376 -166.31554     1.8839    32.1542    1454.35  0.000e+00
     30.579   71.96376 -166.31554     1.8789    32.1557    1454.33  0.000e+00
     30.509   71.96376 -166.31554     1.8800    32.1496    1454.33  0.000e+00
     30.579   71.96376 -166.31554     1.8772    32.1447    1454.31  0.000e+00
     30.625   71.96376 -166.31554     1.8694    32.1468    1454.28  0.000e+00
     30.579   71.96376 -166.31554     1.8618    32.1468    1454.24  0.000e+00
     30.563   71.96376 -166.31554     1.8538    32.1427    1454.20  0.000e+00
     30.633   71.96376 -166.31554     1.8443    32.1390    1454.16  0.000e+00
     30.633   71.96376 -166.31554     1.8340    32.1377    1454.11  0.000e+00
     30.625   71.96376 -166.31554     1.8222    32.1390    1454.06  0.000e+00
     30.694   71.96376 -166.31554     1.8109    32.1372    1454.01  0.000e+00
     30.679   71.96376 -166.31554     1.8000    32.1359    1453.96  0.000e+00
     30.694   71.96376 -166.31554     1.7887    32.1373    1453.91  0.000e+00
     30.679   71.96376 -166.31554     1.7759    32.1385    1453.85  0.000e+00
     30.748   71.96376 -166.31554     1.7597    32.1411    1453.79  0.000e+00
     30.733   71.96376 -166.31554     1.7450    32.1441    1453.72  0.000e+00
     30.748   71.96376 -166.31554     1.7320    32.1459    1453.67  0.000e+00
     30.748   71.96376 -166.31554     1.7192    32.1482    1453.62  0.000e+00
     30.795   71.96376 -166.31554     1.7065    32.1510    1453.56  0.000e+00
     30.748   71.96376 -166.31554     1.6940    32.1484    1453.50  0.000e+00
     30.794   71.96376 -166.31554     1.6814    32.1456    1453.44  0.000e+00
     30.810   71.96376 -166.31554     1.6681    32.1443    1453.38  0.000e+00
     30.794   71.96376 -166.31554     1.6559    32.1437    1453.33  0.000e+00
     30.810   71.96376 -166.31554     1.6448    32.1440    1453.28  0.000e+00
     30.848   71.96376 -166.31554     1.6322    32.1445    1453.23  0.000e+00
     30.864   71.96376 -166.31554     1.6208    32.1401    1453.17  0.000e+00
     30.864   71.96376 -166.31554     1.6077    32.1365    1453.11  0.000e+00
     30.910   71.96376 -166.31554     1.5913    32.1387    1453.04  0.000e+00
     30.925   71.96376 -166.31554     1.5719    32.1436    1452.96  0.000e+00
     30.910   71.96376 -166.31554     1.5525    32.1480    1452.88  0.000e+00
     30.979   71.96376 -166.31554     1.5342    32.1515    1452.80  0.000e+00
     30.964   71.96376 -166.31554     1.5182    32.1528    1452.73  0.000e+00
     31.033   71.96376 -166.31554     1.5043    32.1536    1452.67  0.000e+00
     30.979   71.96376 -166.31554     1.4897    32.1558    1452.61  0.000e+00
     31.026   71.96376 -166.31554     1.4747    32.1603    1452.55  0.000e+00
     31.033   71.96376 -166.31554     1.4600    32.1648    1452.49  0.000e+00
     31.079   71.96376 -166.31554     1.4455    32.1700    1452.43  0.000e+00
     31.033   71.96376 -166.31554     1.4318    32.1752    1452.38  0.000e+00
     31.079   71.96376 -166.31554     1.4192    32.1756    1452.32  0.000e+00
     31.149   71.96376 -166.31554     1.4077    32.1727    1452.27  0.000e+00
     31.133   71.96376 -166.31554     1.3940    32.1705    1452.20  0.000e+00
     31.149   71.96376 -166.31554     1.3753    32.1743    1452.12  0.000e+00
     31.149   71.96376 -166.31554     1.3587    32.1773    1452.05  0.000e+00
     31.195   71.96376 -166.31554     1.3425    32.1796    1451.98  0.000e+00
     31.210   71.96376 -166.31554     1.3278    32.1827    1451.92  0.000e+00
     31.249   71.96376 -166.31554     1.3143    32.1850    1451.87  0.000e+00
     31.264   71.96376 -166.31554     1.3013    32.1856    1451.81  0.000e+00
     31.249   71.96376 -166.31554     1.2879    32.1869    1451.75  0.000e+00
     31.326   71.96376 -166.31554     1.2735    32.1894    1451.69  0.000e+00
     31.326   71.96376 -166.31554     1.2596    32.1897    1451.63  0.000e+00
     31.311   71.96376 -166.31554     1.2452    32.1896    1451.56  0.000e+00
     31.380   71.96376 -166.31554     1.2297    32.1893    1451.49  0.000e+00
     31.365   71.96376 -166.31554     1.2114    32.1921    1451.42  0.000e+00
     31.434   71.96376 -166.31554     1.1919    32.1962    1451.34  0.000e+00
     31.426   71.96376 -166.31554     1.1743    32.1994    1451.26  0.000e+00
     31.434   71.96376 -166.31554     1.1587    32.2029    1451.19  0.000e+00
     31.496   71.96376 -166.31554     1.1421    32.2106    1451.13  0.000e+00
     31.480   71.96376 -166.31554     1.1260    32.2177    1451.07  0.000e+00
     31.550   71.96376 -166.31554     1.1160    32.2177    1451.02  0.000e+00
     31.534   71.96376 -166.31554     1.1069    32.2147    1450.98  0.000e+00
     31.549   71.96376 -166.31554     1.0949    32.2145    1450.92  0.000e+00
     31.534   71.96376 -166.31554     1.0809    32.2148    1450.86  0.000e+00
     31.611   71.96376 -166.31554     1.0660    32.2171    1450.80  0.000e+00
     31.611   71.96376 -166.31552     1.0522    32.2194    1450.74  0.000e+00
     31.650   71.96376 -166.31552     1.0423    32.2154    1450.69  0.000e+00
     31.665   71.96376 -166.31552     1.0312    32.2099    1450.63  0.000e+00
     31.650   71.96376 -166.31552     1.0165    32.2065    1450.56  0.000e+00
     31.727   71.96376 -166.31552     1.0002    32.2045    1450.49  0.000e+00
     31.765   71.96376 -166.31552     0.9845    32.2025    1450.41  0.000e+00
     31.727   71.96376 -166.31552     0.9645    32.2036    1450.33  0.000e+00
     31.781   71.96376 -166.31552     0.9446    32.2051    1450.24  0.000e+00
     31.765   71.96376 -166.31552     0.9296    32.2026    1450.17  0.000e+00
     31.835   71.96376 -166.31552     0.9129    32.2031    1450.09  0.000e+00
     31.827   71.96376 -166.31552     0.8974    32.2011    1450.02  0.000e+00
     31.835   71.96376 -166.31552     0.8804    32.2040    1449.95  0.000e+00
     31.827   71.96376 -166.31552     0.8644    32.2091    1449.88  0.000e+00
     31.950   71.96376 -166.31552     0.8496    32.2141    1449.82  0.000e+00
     31.896   71.96376 -166.31552     0.8379    32.2137    1449.77  0.000e+00
     31.881   71.96376 -166.31552     0.8286    32.2084    1449.72  0.000e+00
     31.950   71.96376 -166.31552     0.8182    32.2034    1449.67  0.000e+00
     31.935   71.96376 -166.31552     0.8049    32.2007    1449.60  0.000e+00
     32.012   71.96376 -166.31552     0.7896    32.2006    1449.53  0.000e+00
     31.950   71.96376 -166.31552     0.7731    32.2048    1449.46  0.000e+00
     32.050   71.96376 -166.31552     0.7567    32.2110    1449.40  0.000e+00
     32.012   71.96376 -166.31552     0.7419    32.2142    1449.34  0.000e+00
     31.996   71.96376 -166.31552     0.7285    32.2150    1449.28  0.000e+00
     32.066   71.96376 -166.31552     0.7159    32.2153    1449.22  0.000e+00
     32.112   71.96376 -166.31552     0.7037    32.2198    1449.17  0.000e+00
     32.012   71.96376 -166.31552     0.6924    32.2245    1449.12  0.000e+00
     32.120   71.96376 -166.31552     0.6830    32.2266    1449.09  0.000e+00
     32.112   71.96376 -166.31552     0.6726    32.2304    1449.04  0.000e+00
     32.120   71.96376 -166.31552     0.6612    32.2334    1449.00  0.000e+00
     32.112   71.96376 -166.31552     0.6491    32.2361    1448.94  0.000e+00
     32.119   71.96376 -166.31552     0.6367    32.2404    1448.89  0.000e+00
     32.181   71.96376 -166.31552     0.6263    32.2436    1448.85  0.000e+00
     32.166   71.96376 -166.31552     0.6175    32.2459    1448.81  0.000e+00
     32.181   71.96376 -166.31552     0.6072    32.2504    1448.77  0.000e+00
     32.227   71.96376 -166.31552     0.5974    32.2522    1448.73  0.000e+00
     32.181   71.96376 -166.31552     0.5929    32.2473    1448.70  0.000e+00
     32.235   71.96376 -166.31552     0.5884    32.2419    1448.68  0.000e+00
     32.227   71.96376 -166.31552     0.5805    32.2427    1448.64  0.000e+00
     32.235   71.96376 -166.31552     0.5695    32.2513    1448.60  0.000e+00
     32.227   71.96376 -166.31552     0.5591    32.2587    1448.57  0.000e+00
     32.297   71.96376 -166.31552     0.5501    32.2636    1448.53  0.000e+00
     32.227   71.96376 -166.31552     0.5426    32.2712    1448.51  0.000e+00
     32.297   71.96376 -166.31552     0.5385    32.2773    1448.50  0.000e+00
     32.297   71.96376 -166.31552     0.5367    32.2798    1448.49  0.000e+00
     32.281   71.96376 -166.31552     0.5341    32.2824    1448.48  0.000e+00
     32.297   71.96376 -166.31552     0.5347    32.2862    1448.49  0.000e+00
     32.335   71.96376 -166.31552     0.5352    32.2927    1448.50  0.000e+00
     32.297   71.96376 -166.31552     0.5337    32.2921    1448.50  0.000e+00
     32.296   71.96376 -166.31552     0.5290    32.2860    1448.47  0.000e+00
     32.335   71.96376 -166.31552     0.5205    32.2852    1448.43  0.000e+00
     32.350   71.96376 -166.31552     0.5123    32.2885    1448.39  0.000e+00
     32.335   71.96376 -166.31552     0.5045    32.2975    1448.37  0.000e+00
     32.350   71.96376 -166.31552     0.5002    32.3061    1448.36  0.000e+00
     32.350   71.96376 -166.31552     0.4982    32.3126    1448.36  0.000e+00
     32.335   71.96376 -166.31552     0.4956    32.3289    1448.37  0.000e+00
     32.412   71.96376 -166.31552     0.4928    32.3576    1448.40  0.000e+00
     32.335   71.96376 -166.31552     0.4926    32.3899    1448.44  0.000e+00
     32.412   71.96376 -166.31552     0.4985    32.4173    1448.50  0.000e+00
     32.397   71.96376 -166.31552     0.5121    32.4474    1448.61  0.000e+00
     32.350   71.96376 -166.31552     0.5391    32.4561    1448.74  0.000e+00
     32.350   71.96376 -166.31552     0.5746    32.4404    1448.88  0.000e+00
     32.396   71.96376 -166.31552     0.6082    32.4278    1449.02  0.000e+00
     32.412   71.96376 -166.31552     0.6389    32.4192    1449.15  0.000e+00
     32.396   71.96376 -166.31552     0.6651    32.4041    1449.24  0.000e+00
     32.412   71.96376 -166.31552     0.6925    32.3796    1449.34  0.000e+00
     32.412   71.96376 -166.31552     0.7177    32.1936    1449.20  0.000e+00
     32.396   71.96376 -166.31552     0.7385    32.1947    1449.30  0.000e+00
     32.412   71.96376 -166.31552     0.7557    32.3072    1449.53  0.000e+00
     32.396   71.96376 -166.31552     0.7762    32.3422    1449.67  0.000e+00
     32.412   71.96376 -166.31552     0.7926    32.3515    1449.75  0.000e+00
     32.466   71.96376 -166.31552     0.8089    32.3563    1449.84  0.000e+00
     32.396   71.96376 -166.31552     0.8293    32.3285    1449.89  0.000e+00
     32.412   71.96376 -166.31552     0.8461    32.2792    1449.90  0.000e+00
