EcoFOCI/data/1_SampleCollection/2023_SikuliaqDBO_CruiseData/CTD_raw_BottleFile_SKQ23-12S/proc/skq202312s_038.cnv
* Sea-Bird SBE 9 Data File:
* FileName = D:\CTD\SKQ202312S\SKQ202312S_038.hex
* Software Version Seasave V 7.26.7.121
* Temperature SN = 6177
* Conductivity SN = 0369
* Number of Bytes Per Scan = 41
* Number of Voltage Words = 4
* Number of Scans Averaged by the Deck Unit = 1
* NMEA Latitude = 71 15.45 N
* NMEA Longitude = 160 27.73 W
* NMEA UTC (Time) = Sep 23 2023  10:47:29
* NMEA baud rate = 4800
** Ship: R/V Sikuliaq
** Station Number: 038
** Station Name: DBO4.1na
** Bottom Depth: 51
** Operator: SS
# nquan = 24
# nvalues = 4735                                  
# units = specified
# name 0 = depSM: Depth [salt water, m]
# name 1 = latitude: Latitude [deg]
# name 2 = longitude: Longitude [deg]
# name 3 = prDM: Pressure, Digiquartz [db]
# name 4 = t090C: Temperature [ITS-90, deg C]
# name 5 = t190C: Temperature, 2 [ITS-90, deg C]
# name 6 = potemp090C: Potential Temperature [ITS-90, deg C]
# name 7 = sal00: Salinity, Practical [PSU]
# name 8 = sal11: Salinity, Practical, 2 [PSU]
# name 9 = density00: Density [density, kg/m^3]
# name 10 = sigma-é00: Density [sigma-theta, kg/m^3]
# name 11 = sbox0Mm/Kg: Oxygen, SBE 43 [umol/kg]
# name 12 = sbox1Mm/Kg: Oxygen, SBE 43, 2 [umol/kg]
# name 13 = oxsolMm/Kg: Oxygen Saturation, Garcia & Gordon [umol/kg]
# name 14 = sbeox0PS: Oxygen, SBE 43 [% saturation]
# name 15 = sbeox1PS: Oxygen, SBE 43, 2 [% saturation]
# name 16 = v0: Voltage 0
# name 17 = flECO-AFL: Fluorescence, WET Labs ECO-AFL/FL [mg/m^3]
# name 18 = v1: Voltage 1
# name 19 = CStarAt0: Beam Attenuation, WET Labs C-Star [1/m]
# name 20 = par: PAR/Irradiance, Biospherical/Licor
# name 21 = scan: Scan Count
# name 22 = timeM: Time, Elapsed [minutes]
# name 23 = flag:  0.000e+00
# span 0 =      1.549,     46.173                 
# span 1 =   71.25746,   71.25746                 
# span 2 = -160.46242, -160.46232                 
# span 3 =      1.565,     46.654                 
# span 4 =    -1.6715,     2.4743                 
# span 5 =    -1.6700,     2.4754                 
# span 6 =    -1.6722,     2.4739                 
# span 7 =    27.5998,    32.6456                 
# span 8 =    27.6107,    32.6568                 
# span 9 =  1022.0312,  1026.4888                 
# span 10 =    22.0192,    26.2638                
# span 11 =    253.566,    482.884                
# span 12 =    240.163,    458.493                
# span 13 =  345.56869,  370.51856                
# span 14 =     68.437,    131.008                
# span 15 =     64.827,    124.397                
# span 16 =     0.0794,     0.2051                
# span 17 =     0.1282,     0.8828                
# span 18 =     3.2808,     4.1917                
# span 19 =     0.4684,     1.4487                
# span 20 = 1.0000e-12, 1.2737e+00                
# span 21 =          1,       4735                
# span 22 =     0.0000,     3.2875                
# span 23 = 0.0000e+00, 0.0000e+00                
# interval = seconds: 0.0416667
# start_time = Sep 23 2023 10:50:45 [NMEA time, first data scan]
# bad_flag = -9.990e-29
*END*
[from data line 1631]
     11.364   71.25746 -160.46238     11.482    -0.4022    -0.3982    -0.4025    30.9184    30.9462  1024.8828    24.8276    420.085    385.663  363.03374    115.715    106.268     0.1648     0.6410     4.1416     0.5164 1.0810e-02       1632     1.1326  0.000e+00
     11.302   71.25746 -160.46238     11.419    -0.4017    -0.3951    -0.4020    30.9167    30.9427  1024.8811    24.8262    420.655    386.284  363.03361    115.872    106.445     0.1636     0.6337     4.1416     0.5164 1.1906e-02       1633     1.1333  0.000e+00
     11.302   71.25746 -160.46238     11.419    -0.4016    -0.3906    -0.4019    30.9152    30.9380  1024.8799    24.8250    421.241    387.110  363.03732    116.033    106.681     0.1636     0.6337     4.1416     0.5164 1.1906e-02       1634     1.1340  0.000e+00
     11.364   71.25746 -160.46238     11.482    -0.4024    -0.3872    -0.4027    30.9155    30.9361  1024.8805    24.8253    421.594    387.902  363.04404    116.128    106.907     0.1648     0.6410     4.1404     0.5176 1.2274e-02       1635     1.1347  0.000e+00
     11.302   71.25746 -160.46238     11.419    -0.4037    -0.3684    -0.4040    30.9168    30.9186  1024.8813    24.8264    422.153    388.526  363.05281    116.279    107.118     0.1636     0.6337     4.1404     0.5176 1.2642e-02       1636     1.1354  0.000e+00
     11.302   71.25746 -160.46238     11.419    -0.4054    -0.3351    -0.4056    30.9190    30.8871  1024.8831    24.8282    422.472    388.995  363.06244    116.363    107.315     0.1648     0.6410     4.1416     0.5164 1.3012e-02       1637     1.1361  0.000e+00
     11.302   71.25746 -160.46238     11.419    -0.4028    -0.3133    -0.4031    30.9179    30.8671  1024.8822    24.8273    422.997    389.334  363.04099    116.515    107.454     0.1636     0.6337     4.1404     0.5176 1.3754e-02       1638     1.1368  0.000e+00
     11.333   71.25746 -160.46238     11.450    -0.3954    -0.2911    -0.3956    30.9123    30.8456  1024.8775    24.8225    422.973    389.875  362.98509    116.526    107.649     0.1648     0.6410     4.1416     0.5164 1.3754e-02       1639     1.1375  0.000e+00
     11.302   71.25746 -160.46238     11.419    -0.3885    -0.2813    -0.3887    30.9096    30.8362  1024.8750    24.8200    423.856    390.543  362.92637    116.788    107.853     0.1636     0.6337     4.1416     0.5164 1.3754e-02       1640     1.1382  0.000e+00
     11.302   71.25746 -160.46238     11.419    -0.3821    -0.2957    -0.3823    30.9087    30.8511  1024.8740    24.8191    424.085    391.426  362.86751    116.871    108.068     0.1636     0.6337     4.1429     0.5153 1.4500e-02       1641     1.1389  0.000e+00
     11.364   71.25746 -160.46238     11.482    -0.3683    -0.2896    -0.3686    30.9009    30.8453  1024.8675    24.8123    424.439    391.868  362.75775    117.003    108.203     0.1648     0.6410     4.1477     0.5105 1.4875e-02       1642     1.1396  0.000e+00
     11.302   71.25746 -160.46238     11.419    -0.3148    -0.2762    -0.3151    30.8518    30.8324  1024.8256    24.7707    424.396    392.396  362.38321    117.112    108.376     0.1636     0.6337     4.1490     0.5094 1.2642e-02       1643     1.1403  0.000e+00
     11.302   71.25746 -160.46238     11.419    -0.2410    -0.2630    -0.2413    30.7807    30.8199  1024.7655    24.7106    424.230    392.932  361.87782    117.230    108.552     0.1648     0.6410     4.1502     0.5082 4.7702e-03       1644     1.1410  0.000e+00
     11.364   71.25746 -160.46238     11.482    -0.1693    -0.2542    -0.1696    30.7117    30.8113  1024.7074    24.6522    423.997    393.516  361.38763    117.325    108.731     0.1636     0.6337     4.1490     0.5094 2.0263e-03       1645     1.1417  0.000e+00
     11.302   71.25746 -160.46238     11.419    -0.0985    -0.2379    -0.0988    30.6449    30.7955  1024.6504    24.5956    423.804    393.987  360.90160    117.429    108.895     0.1636     0.6337     4.1490     0.5094 2.3659e-03       1646     1.1424  0.000e+00
     11.279   71.25746 -160.46238     11.396    -0.0345    -0.1996    -0.0348    30.5829    30.7578  1024.5977    24.5430    423.441    394.019  360.46771    117.470    108.982     0.1575     0.5971     4.1502     0.5082 3.3905e-03       1647     1.1431  0.000e+00
     11.364   71.25746 -160.46238     11.482     0.0114    -0.1599     0.0111    30.5375    30.7186  1024.5597    24.5046    423.778    394.203  360.15972    117.664    109.113     0.1563     0.5897     4.1490     0.5094 3.7340e-03       1648     1.1438  0.000e+00
     11.302   71.25746 -160.46238     11.419     0.0280    -0.1580     0.0277    30.5216    30.7170  1024.5459    24.4911    423.922    394.745  360.04675    117.741    109.268     0.1563     0.5897     4.1490     0.5094 4.0784e-03       1649     1.1444  0.000e+00
     11.364   71.25746 -160.46238     11.482     0.0342    -0.1739     0.0339    30.5158    30.7343  1024.5413    24.4862    424.475    395.461  360.00450    117.908    109.435     0.1563     0.5897     4.1490     0.5094 2.7065e-03       1650     1.1451  0.000e+00
     11.302   71.25746 -160.46238     11.419     0.0433    -0.1783     0.0430    30.5070    30.7400  1024.5335    24.4787    424.980    396.051  359.94304    118.069    109.590     0.1563     0.5897     4.1490     0.5094 2.0263e-03       1651     1.1458  0.000e+00
     11.302   71.25746 -160.46238     11.419     0.0508    -0.1401     0.0505    30.4991    30.7027  1024.5269    24.4721    425.545    396.213  359.89378    118.242    109.713     0.1551     0.5824     4.1490     0.5094 1.6876e-03       1652     1.1465  0.000e+00
     11.302   71.25746 -160.46238     11.419     0.0519    -0.1076     0.0516    30.4986    30.6705  1024.5264    24.4716    425.968    396.423  359.88530    118.362    109.838     0.1563     0.5897     4.1490     0.5094 1.0131e-03       1653     1.1472  0.000e+00
     11.364   71.25746 -160.46238     11.482     0.0488    -0.0851     0.0485    30.5032    30.6489  1024.5306    24.4755    426.879    396.722  359.90143    118.610    109.968     0.1551     0.5824     4.1490     0.5094 8.4714e-06       1654     1.1479  0.000e+00
     11.333   71.25746 -160.46238     11.450     0.0436    -0.0632     0.0433    30.5093    30.6276  1024.5355    24.4806    427.643    396.822  359.93382    118.811    110.040     0.1563     0.5897     4.1490     0.5094 8.4714e-06       1655     1.1486  0.000e+00
     11.364   71.25746 -160.46238     11.482     0.0448    -0.0748     0.0445    30.5080    30.6390  1024.5346    24.4795    428.377    397.439  359.92574    119.018    110.188     0.1563     0.5897     4.1490     0.5094 1.6876e-03       1656     1.1493  0.000e+00
     11.302   71.25746 -160.46238     11.419     0.0494    -0.1222     0.0491    30.5036    30.6864  1024.5306    24.4758    429.056    398.397  359.89449    119.217    110.356     0.1563     0.5897     4.1490     0.5094 2.7065e-03       1657     1.1500  0.000e+00
     11.364   71.25746 -160.46238     11.481     0.0440    -0.1388     0.0437    30.5086    30.7029  1024.5351    24.4800    429.843    399.074  359.93155    119.424    110.510     0.1563     0.5897     4.1502     0.5082 3.0480e-03       1658     1.1507  0.000e+00
     11.302   71.25746 -160.46238     11.419     0.0358    -0.1268     0.0355    30.5163    30.6906  1024.5413    24.4865    430.641    399.443  359.98761    119.626    110.636     0.1563     0.5897     4.1490     0.5094 8.2880e-03       1659     1.1514  0.000e+00
     11.364   71.25746 -160.46238     11.481     0.0470    -0.1140     0.0466    30.5040    30.6779  1024.5313    24.4762    431.214    399.797  359.91686    119.809    110.760     0.1563     0.5897     4.1490     0.5094 1.6005e-02       1660     1.1521  0.000e+00
     11.364   71.25746 -160.46238     11.481     0.0696    -0.1056     0.0693    30.4811    30.6693  1024.5119    24.4568    431.678    399.985  359.76694    119.988    110.830     0.1551     0.5824     4.1477     0.5105 1.8295e-02       1661     1.1528  0.000e+00
     11.364   71.25746 -160.46238     11.481     0.0900    -0.1050     0.0896    30.4608    30.6682  1024.4947    24.4396    432.347    400.650  359.63117    120.220    111.015     0.1563     0.5897     4.1380     0.5200 1.4875e-02       1662     1.1535  0.000e+00
     11.333   71.25746 -160.46238     11.450     0.1032    -0.1076     0.1029    30.4469    30.6711  1024.4827    24.4278    432.916    400.945  359.54518    120.407    111.091     0.1551     0.5824     4.1343     0.5235 9.0035e-03       1663     1.1542  0.000e+00
     11.364   71.25746 -160.46238     11.481     0.0924    -0.1126     0.0921    30.4565    30.6758  1024.4911    24.4360    433.739    401.445  359.62006    120.610    111.219     0.1563     0.5897     4.1331     0.5247 7.2223e-03       1664     1.1549  0.000e+00
     11.364   71.25746 -160.46238     11.481     0.1052    -0.1130     0.1049    30.4414    30.6773  1024.4784    24.4233    434.516    401.905  359.54131    120.853    111.347     0.1563     0.5897     4.1343     0.5235 7.5765e-03       1665     1.1556  0.000e+00
     11.418   71.25746 -160.46238     11.536     0.0896    -0.0950     0.0893    30.4536    30.6598  1024.4891    24.4338    435.438    402.168  359.65462    121.071    111.457     0.1551     0.5824     4.1343     0.5235 8.6453e-03       1666     1.1563  0.000e+00
     11.364   71.25746 -160.46238     11.481     0.0162    -0.0702     0.0159    30.5231    30.6365  1024.5479    24.4928    436.991    402.553  360.15478    121.334    111.617     0.1563     0.5897     4.1343     0.5235 9.0035e-03       1667     1.1569  0.000e+00
     11.364   71.25746 -160.46238     11.481    -0.0402    -0.0529    -0.0406    30.5767    30.6200  1024.5934    24.5383    438.323    402.838  360.53946    121.574    111.733     0.1551     0.5824     4.1343     0.5235 3.7340e-03       1668     1.1576  0.000e+00
     11.418   71.25746 -160.46238     11.536    -0.0442    -0.0498    -0.0446    30.5809    30.6171  1024.5972    24.5418    439.305    403.282  360.56564    121.838    111.862     0.1563     0.5897     4.1343     0.5235 8.4714e-06       1669     1.1583  0.000e+00
     11.418   71.25746 -160.46238     11.536    -0.0545    -0.0583    -0.0548    30.5914    30.6251  1024.6061    24.5507    440.411    403.852  360.63323    122.122    112.002     0.1551     0.5824     4.1343     0.5235 1.0000e-12       1670     1.1590  0.000e+00
     11.387   71.25746 -160.46238     11.505    -0.0770    -0.0566    -0.0773    30.6128    30.6234  1024.6241    24.5689    441.426    404.293  360.78740    122.351    112.128     0.1563     0.5897     4.1343     0.5235 1.0000e-12       1671     1.1597  0.000e+00
     11.418   71.25746 -160.46238     11.536    -0.1104    -0.0463    -0.1107    30.6430    30.6141  1024.6499    24.5945    442.835    404.657  361.01993    122.662    112.251     0.1538     0.5751     4.1343     0.5235 1.0000e-12       1672     1.1604  0.000e+00
     11.418   71.25746 -160.46238     11.536    -0.1591    -0.0386    -0.1594    30.6867    30.6082  1024.6871    24.6316    444.189    405.271  361.36033    122.921    112.439     0.1490     0.5458     4.1343     0.5235 1.0000e-12       1673     1.1611  0.000e+00
     11.418   71.25746 -160.46238     11.536    -0.2110    -0.0496    -0.2113    30.7332    30.6183  1024.7265    24.6711    445.841    405.871  361.72486    123.254    112.582     0.1490     0.5458     4.1343     0.5235 1.0131e-03       1674     1.1618  0.000e+00
     11.418   71.25746 -160.46238     11.536    -0.2527    -0.0864    -0.2530    30.7715    30.6522  1024.7590    24.7036    447.121    406.746  362.01565    123.509    112.745     0.1477     0.5384     4.1343     0.5235 2.0263e-03       1675     1.1625  0.000e+00
     11.472   71.25746 -160.46238     11.591    -0.2835    -0.1006    -0.2838    30.7993    30.6638  1024.7829    24.7271    448.277    407.370  362.23205    123.754    112.886     0.1490     0.5458     4.1343     0.5235 2.0263e-03       1676     1.1632  0.000e+00
     11.418   71.25746 -160.46238     11.536    -0.3033    -0.1059    -0.3036    30.8180    30.6676  1024.7984    24.7430    449.489    408.119  362.36849    124.042    113.081     0.1477     0.5384     4.1343     0.5235 3.4241e-04       1677     1.1639  0.000e+00
     11.472   71.25746 -160.46238     11.591    -0.3204    -0.1107    -0.3206    30.8342    30.6723  1024.8124    24.7566    450.766    408.676  362.48628    124.354    113.225     0.1490     0.5458     4.1343     0.5235 1.0000e-12       1678     1.1646  0.000e+00
     11.449   71.25746 -160.46238     11.567    -0.3365    -0.1160    -0.3367    30.8496    30.6777  1024.8253    24.7697    451.772    409.237  362.59710    124.593    113.370     0.1502     0.5531     4.1343     0.5235 1.0000e-12       1679     1.1653  0.000e+00
     11.472   71.25746 -160.46238     11.591    -0.3446    -0.1236    -0.3449    30.8565    30.6858  1024.8313    24.7755    452.635    410.047  362.65566    124.811    113.579     0.1490     0.5458     4.1343     0.5235 1.0000e-12       1680     1.1660  0.000e+00
     11.534   71.25746 -160.46238     11.653    -0.3518    -0.1278    -0.3521    30.8631    30.6899  1024.8372    24.7811    453.479    410.419  362.70586    125.027    113.673     0.1490     0.5458     4.1331     0.5247 8.4714e-06       1681     1.1667  0.000e+00
     11.472   71.25746 -160.46238     11.591    -0.3587    -0.1269    -0.3590    30.8685    30.6881  1024.8415    24.7858    454.308    411.117  362.75716    125.237    113.867     0.1490     0.5458     4.1221     0.5354 8.4714e-06       1682     1.1674  0.000e+00
     11.534   71.25746 -160.46238     11.653    -0.3678    -0.1522    -0.3681    30.8750    30.7104  1024.8474    24.7913    455.168    412.131  362.82577    125.451    114.092     0.1490     0.5458     4.1136     0.5437 2.0263e-03       1683     1.1681  0.000e+00
     11.534   71.25746 -160.46238     11.653    -0.3765    -0.1985    -0.3768    30.8827    30.7534  1024.8539    24.7978    456.209    413.175  362.88771    125.716    114.279     0.1477     0.5384     4.1123     0.5448 3.0480e-03       1684     1.1688  0.000e+00
     11.534   71.25746 -160.46238     11.653    -0.3837    -0.2444    -0.3840    30.8899    30.7954  1024.8600    24.8040    457.013    414.441  362.93662    125.921    114.528     0.1490     0.5458     4.1123     0.5448 3.3905e-03       1685     1.1694  0.000e+00
     11.503   71.25746 -160.46238     11.622    -0.3887    -0.2842    -0.3890    30.8944    30.8312  1024.8637    24.8078    457.731    415.451  362.97168    126.107    114.718     0.1490     0.5458     4.1136     0.5437 1.3012e-02       1686     1.1701  0.000e+00
     11.588   71.25746 -160.46238     11.707    -0.3924    -0.3219    -0.3927    30.8968    30.8654  1024.8661    24.8098    458.431    416.635  363.00078    126.289    114.962     0.1490     0.5458     4.1136     0.5437 1.9844e-02       1687     1.1708  0.000e+00
     11.534   71.25746 -160.46238     11.653    -0.3944    -0.3442    -0.3947    30.8980    30.8833  1024.8669    24.8109    458.990    417.458  363.01646    126.438    115.137     0.1490     0.5458     4.1136     0.5437 2.0624e-02       1688     1.1715  0.000e+00
     11.649   71.25746 -160.46238     11.770    -0.3964    -0.3583    -0.3967    30.8918    30.8930  1024.8625    24.8059    459.665    418.200  363.05311    126.611    115.307     0.1490     0.5458     4.1136     0.5437 1.3012e-02       1689     1.1722  0.000e+00
     11.588   71.25746 -160.46238     11.707    -0.3980    -0.3692    -0.3982    30.8957    30.9014  1024.8654    24.8091    460.225    419.110  363.05736    126.764    115.532     0.1490     0.5458     4.1136     0.5437 6.5167e-03       1690     1.1729  0.000e+00
