EcoFOCI/data/1_SampleCollection/2023_SikuliaqDBO_CruiseData/CTD_raw_BottleFile_SKQ23-12S/proc/skq202312s_003svpavg.cnv
* Sea-Bird SBE 9 Data File:
* FileName = D:\CTD\SKQ202312S\SKQ202312S_003.hex
* Software Version Seasave V 7.26.7.121
* Temperature SN = 6177
* Conductivity SN = 0369
* Number of Bytes Per Scan = 41
* Number of Voltage Words = 4
* Number of Scans Averaged by the Deck Unit = 1
* NMEA Latitude = 62 03.01 N
* NMEA Longitude = 175 12.54 W
* NMEA UTC (Time) = Sep 15 2023  07:57:54
* NMEA baud rate = 4800
** Ship: R/V Sikuliaq
** Station Number: 003
** Station Name: DBO1.2
** Bottom Depth: 78
** Operator: SD
# nquan = 7
# nvalues = 75                          
# units = specified
# name 0 = depSM: Depth [salt water, m]
# name 1 = latitude: Latitude [deg]
# name 2 = longitude: Longitude [deg]
# name 3 = t090C: Temperature [ITS-90, deg C]
# name 4 = sal00: Salinity, Practical [PSU]
# name 5 = svCM: Sound Velocity [Chen-Millero, m/s]
# name 6 = flag: flag
# span 0 =      1.000,     75.000       
# span 1 =   62.05010,   62.05013       
# span 2 = -175.20902, -175.20880       
# span 3 =    -1.3757,     7.3449       
# span 4 =    30.6568,    31.9128       
# span 5 =    1438.47,    1474.66       
# span 6 = 0.0000e+00, 0.0000e+00       
# interval = meters: 1                  
# start_time = Sep 15 2023 08:02:23 [NMEA time, first data scan]
# bad_flag = -9.990e-29
*END*
      1.000   62.05010 -175.20902     7.3414    30.6718    1474.60 0.0000e+00
      2.000   62.05010 -175.20902     7.3435    30.6587    1474.60 0.0000e+00
      3.000   62.05010 -175.20902     7.3440    30.6576    1474.62 0.0000e+00
      4.000   62.05010 -175.20901     7.3447    30.6580    1474.64 0.0000e+00
      5.000   62.05010 -175.20901     7.3449    30.6577    1474.66 0.0000e+00
      6.000   62.05010 -175.20901     7.3386    30.6572    1474.65 0.0000e+00
      7.000   62.05010 -175.20901     7.3282    30.6569    1474.62 0.0000e+00
      8.000   62.05010 -175.20901     7.3215    30.6568    1474.61 0.0000e+00
      9.000   62.05010 -175.20900     7.3002    30.6579    1474.55 0.0000e+00
     10.000   62.05010 -175.20900     7.2787    30.6596    1474.48 0.0000e+00
     11.000   62.05010 -175.20900     7.2519    30.6616    1474.40 0.0000e+00
     12.000   62.05010 -175.20900     7.1806    30.6702    1474.15 0.0000e+00
     13.000   62.05010 -175.20900     7.1442    30.6745    1474.03 0.0000e+00
     14.000   62.05010 -175.20900     7.1149    30.6762    1473.93 0.0000e+00
     15.000   62.05010 -175.20900     7.0706    30.6796    1473.78 0.0000e+00
     16.000   62.05010 -175.20900     7.0189    30.6831    1473.60 0.0000e+00
     17.000   62.05010 -175.20900     6.7509    30.7072    1472.59 0.0000e+00
     18.000   62.05010 -175.20900     6.6652    30.7113    1472.28 0.0000e+00
     19.000   62.05010 -175.20900     6.6426    30.7096    1472.20 0.0000e+00
     20.000   62.05010 -175.20900     6.3464    30.7313    1471.07 0.0000e+00
     21.000   62.05010 -175.20900     4.8121    30.8793    1465.04 0.0000e+00
     22.000   62.05010 -175.20900     2.1701    31.1932    1454.12 0.0000e+00
     23.000   62.05010 -175.20900    -0.4234    31.4316    1442.77 0.0000e+00
     24.000   62.05010 -175.20900    -0.8290    31.4156    1440.86 0.0000e+00
     25.000   62.05010 -175.20900    -1.0088    31.4023    1440.00 0.0000e+00
     26.000   62.05010 -175.20900    -1.1406    31.4001    1439.39 0.0000e+00
     27.000   62.05010 -175.20900    -1.2018    31.3924    1439.10 0.0000e+00
     28.000   62.05010 -175.20900    -1.3076    31.4071    1438.63 0.0000e+00
     29.000   62.05010 -175.20900    -1.3201    31.4085    1438.59 0.0000e+00
     30.000   62.05010 -175.20898    -1.3538    31.4256    1438.47 0.0000e+00
     31.000   62.05010 -175.20898    -1.2893    31.4568    1438.84 0.0000e+00
     32.000   62.05010 -175.20898    -1.1744    31.4990    1439.46 0.0000e+00
     33.000   62.05010 -175.20898    -1.1843    31.5182    1439.45 0.0000e+00
     34.000   62.05010 -175.20898    -1.2191    31.5535    1439.35 0.0000e+00
     35.000   62.05010 -175.20898    -1.2490    31.5831    1439.26 0.0000e+00
     36.000   62.05010 -175.20898    -1.2381    31.5634    1439.31 0.0000e+00
     37.000   62.05010 -175.20898    -1.3159    31.6221    1439.03 0.0000e+00
     38.000   62.05010 -175.20898    -1.3297    31.6466    1439.01 0.0000e+00
     39.000   62.05010 -175.20898    -1.3434    31.6591    1438.98 0.0000e+00
     40.000   62.05010 -175.20898    -1.3616    31.6733    1438.93 0.0000e+00
     41.000   62.05010 -175.20898    -1.3757    31.6835    1438.89 0.0000e+00
     42.000   62.05010 -175.20896    -1.3713    31.6945    1438.95 0.0000e+00
     43.000   62.05010 -175.20896    -1.3602    31.7024    1439.03 0.0000e+00
     44.000   62.05010 -175.20896    -1.3086    31.7059    1439.29 0.0000e+00
     45.000   62.05010 -175.20896    -1.2938    31.7112    1439.39 0.0000e+00
     46.000   62.05010 -175.20896    -1.3055    31.7161    1439.35 0.0000e+00
     47.000   62.05012 -175.20896    -1.3138    31.7193    1439.34 0.0000e+00
     48.000   62.05011 -175.20896    -1.3180    31.7222    1439.34 0.0000e+00
     49.000   62.05010 -175.20896    -1.2997    31.7267    1439.45 0.0000e+00
     50.000   62.05010 -175.20894    -1.2883    31.7331    1439.52 0.0000e+00
     51.000   62.05011 -175.20894    -1.2883    31.7380    1439.55 0.0000e+00
     52.000   62.05011 -175.20894    -1.2703    31.7402    1439.65 0.0000e+00
     53.000   62.05010 -175.20894    -1.2362    31.7475    1439.84 0.0000e+00
     54.000   62.05010 -175.20894    -1.2285    31.7559    1439.91 0.0000e+00
     55.000   62.05011 -175.20894    -1.2451    31.7713    1439.87 0.0000e+00
     56.000   62.05012 -175.20894    -1.2069    31.7928    1440.09 0.0000e+00
     57.000   62.05011 -175.20894    -1.2677    31.8168    1439.85 0.0000e+00
     58.000   62.05010 -175.20894    -1.2743    31.8174    1439.84 0.0000e+00
     59.000   62.05012 -175.20893    -1.2801    31.8178    1439.83 0.0000e+00
     60.000   62.05012 -175.20892    -1.2839    31.8182    1439.82 0.0000e+00
     61.000   62.05012 -175.20892    -1.2838    31.8182    1439.84 0.0000e+00
     62.000   62.05012 -175.20892    -1.2799    31.8182    1439.88 0.0000e+00
     63.000   62.05012 -175.20892    -1.2845    31.8199    1439.87 0.0000e+00
     64.000   62.05010 -175.20892    -1.3010    31.8218    1439.81 0.0000e+00
     65.000   62.05012 -175.20892    -1.2764    31.8294    1439.96 0.0000e+00
     66.000   62.05012 -175.20892    -1.2119    31.8339    1440.29 0.0000e+00
     67.000   62.05012 -175.20892    -1.1972    31.8369    1440.38 0.0000e+00
     68.000   62.05012 -175.20891    -1.1920    31.8467    1440.43 0.0000e+00
     69.000   62.05012 -175.20890    -1.1452    31.8654    1440.70 0.0000e+00
     70.000   62.05012 -175.20890    -1.1194    31.8778    1440.85 0.0000e+00
     71.000   62.05012 -175.20888    -1.0993    31.8765    1440.96 0.0000e+00
     72.000   62.05012 -175.20887    -0.9959    31.9126    1441.52 0.0000e+00
     73.000   62.05012 -175.20886    -0.9980    31.9115    1441.52 0.0000e+00
     74.000   62.05012 -175.20886    -0.9972    31.9070    1441.54 0.0000e+00
     75.000   62.05013 -175.20880    -0.9841    31.9128    1441.62 0.0000e+00
