EcoFOCI/data/1_SampleCollection/2023_SikuliaqDBO_CruiseData/CTD_raw_BottleFile_SKQ23-12S/proc/skq202312s_037svp.cnv
* Sea-Bird SBE 9 Data File:
* FileName = D:\CTD\SKQ202312S\SKQ202312S_037.hex
* Software Version Seasave V 7.26.7.121
* Temperature SN = 6177
* Conductivity SN = 0369
* Number of Bytes Per Scan = 41
* Number of Voltage Words = 4
* Number of Scans Averaged by the Deck Unit = 1
* NMEA Latitude = 71 11.55 N
* NMEA Longitude = 160 15.97 W
* NMEA UTC (Time) = Sep 23 2023  07:57:53
* NMEA baud rate = 4800
** Ship: R/V Sikuliaq
** Station Number: 037
** Station Name: DBO4.1n
** Bottom Depth: 54
** Operator: SS
# nquan = 7
# nvalues = 6245                                  
# units = specified
# name 0 = depSM: Depth [salt water, m]
# name 1 = latitude: Latitude [deg]
# name 2 = longitude: Longitude [deg]
# name 3 = t090C: Temperature [ITS-90, deg C]
# name 4 = sal00: Salinity, Practical [PSU]
# name 5 = svCM: Sound Velocity [Chen-Millero, m/s]
# name 6 = flag:  0.000e+00
# span 0 =      1.857,     49.173                 
# span 1 =   71.19246,   71.19248                 
# span 2 = -160.26612, -160.26610                 
# span 3 =    -1.6781,     2.3758                 
# span 4 =    28.4791,    32.6600                 
# span 5 =    1438.51,    1452.45                 
# span 6 = 0.0000e+00, 0.0000e+00                 
# interval = seconds: 0.0416667
# start_time = Sep 23 2023 08:01:24 [NMEA time, first data scan]
# bad_flag = -9.990e-29
*END*
[from data line 2667]
     25.269   71.19248 -160.26610    -1.6717    32.6584    1438.54  0.000e+00
     25.346   71.19248 -160.26610    -1.6719    32.6586    1438.54  0.000e+00
     25.330   71.19248 -160.26610    -1.6717    32.6584    1438.54  0.000e+00
     25.346   71.19248 -160.26610    -1.6719    32.6582    1438.54  0.000e+00
     25.384   71.19248 -160.26610    -1.6722    32.6585    1438.54  0.000e+00
     25.400   71.19248 -160.26610    -1.6721    32.6587    1438.54  0.000e+00
     25.384   71.19248 -160.26610    -1.6722    32.6584    1438.54  0.000e+00
     25.400   71.19248 -160.26610    -1.6725    32.6584    1438.54  0.000e+00
     25.446   71.19248 -160.26610    -1.6723    32.6586    1438.54  0.000e+00
     25.461   71.19248 -160.26610    -1.6725    32.6587    1438.54  0.000e+00
     25.446   71.19248 -160.26610    -1.6726    32.6586    1438.54  0.000e+00
     25.515   71.19248 -160.26610    -1.6725    32.6585    1438.54  0.000e+00
     25.461   71.19248 -160.26610    -1.6726    32.6587    1438.54  0.000e+00
     25.446   71.19248 -160.26610    -1.6726    32.6585    1438.54  0.000e+00
     25.631   71.19248 -160.26610    -1.6726    32.6586    1438.54  0.000e+00
     25.500   71.19248 -160.26610    -1.6726    32.6587    1438.54  0.000e+00
     25.577   71.19248 -160.26610    -1.6728    32.6589    1438.54  0.000e+00
     25.616   71.19248 -160.26610    -1.6727    32.6587    1438.54  0.000e+00
     25.577   71.19248 -160.26610    -1.6726    32.6589    1438.54  0.000e+00
     25.616   71.19248 -160.26610    -1.6730    32.6591    1438.54  0.000e+00
     25.631   71.19248 -160.26610    -1.6726    32.6586    1438.54  0.000e+00
     25.670   71.19248 -160.26610    -1.6728    32.6590    1438.54  0.000e+00
     25.685   71.19248 -160.26610    -1.6730    32.6586    1438.54  0.000e+00
     25.670   71.19248 -160.26610    -1.6730    32.6591    1438.54  0.000e+00
     25.685   71.19248 -160.26610    -1.6731    32.6587    1438.54  0.000e+00
     25.731   71.19248 -160.26610    -1.6730    32.6590    1438.54  0.000e+00
     25.747   71.19248 -160.26610    -1.6731    32.6594    1438.54  0.000e+00
     25.785   71.19248 -160.26610    -1.6731    32.6591    1438.54  0.000e+00
     25.801   71.19248 -160.26610    -1.6731    32.6590    1438.54  0.000e+00
     25.785   71.19248 -160.26610    -1.6731    32.6591    1438.54  0.000e+00
     25.801   71.19248 -160.26610    -1.6733    32.6590    1438.54  0.000e+00
     25.901   71.19248 -160.26610    -1.6733    32.6589    1438.54  0.000e+00
     25.862   71.19248 -160.26610    -1.6734    32.6592    1438.54  0.000e+00
     25.847   71.19248 -160.26610    -1.6734    32.6593    1438.54  0.000e+00
     25.916   71.19248 -160.26610    -1.6734    32.6591    1438.54  0.000e+00
     25.916   71.19248 -160.26610    -1.6734    32.6592    1438.54  0.000e+00
     25.963   71.19248 -160.26610    -1.6736    32.6595    1438.54  0.000e+00
     25.978   71.19248 -160.26610    -1.6737    32.6594    1438.54  0.000e+00
     26.017   71.19248 -160.26610    -1.6737    32.6595    1438.54  0.000e+00
     25.978   71.19248 -160.26610    -1.6738    32.6598    1438.54  0.000e+00
     26.017   71.19248 -160.26610    -1.6737    32.6594    1438.54  0.000e+00
     26.032   71.19248 -160.26610    -1.6738    32.6596    1438.54  0.000e+00
     26.071   71.19248 -160.26610    -1.6738    32.6597    1438.54  0.000e+00
     26.148   71.19246 -160.26610    -1.6738    32.6593    1438.55  0.000e+00
     26.071   71.19246 -160.26610    -1.6738    32.6596    1438.54  0.000e+00
     26.148   71.19246 -160.26610    -1.6737    32.6595    1438.55  0.000e+00
     26.132   71.19246 -160.26610    -1.6740    32.6599    1438.54  0.000e+00
     26.148   71.19246 -160.26610    -1.6740    32.6596    1438.54  0.000e+00
     26.186   71.19246 -160.26610    -1.6740    32.6597    1438.55  0.000e+00
     26.202   71.19246 -160.26610    -1.6740    32.6596    1438.55  0.000e+00
     26.263   71.19246 -160.26610    -1.6741    32.6595    1438.55  0.000e+00
     26.248   71.19246 -160.26610    -1.6740    32.6595    1438.55  0.000e+00
     26.263   71.19246 -160.26610    -1.6743    32.6600    1438.55  0.000e+00
     26.302   71.19246 -160.26610    -1.6742    32.6599    1438.55  0.000e+00
     26.263   71.19246 -160.26610    -1.6745    32.6598    1438.54  0.000e+00
     26.364   71.19246 -160.26610    -1.6742    32.6596    1438.55  0.000e+00
     26.317   71.19246 -160.26610    -1.6744    32.6597    1438.55  0.000e+00
     26.418   71.19246 -160.26610    -1.6742    32.6595    1438.55  0.000e+00
     26.433   71.19246 -160.26610    -1.6743    32.6595    1438.55  0.000e+00
     26.418   71.19246 -160.26610    -1.6745    32.6598    1438.55  0.000e+00
     26.433   71.19246 -160.26610    -1.6745    32.6599    1438.55  0.000e+00
     26.472   71.19246 -160.26610    -1.6745    32.6596    1438.55  0.000e+00
     26.487   71.19246 -160.26610    -1.6743    32.6594    1438.55  0.000e+00
     26.472   71.19246 -160.26610    -1.6744    32.6597    1438.55  0.000e+00
     26.549   71.19246 -160.26610    -1.6745    32.6596    1438.55  0.000e+00
     26.549   71.19246 -160.26610    -1.6745    32.6595    1438.55  0.000e+00
     26.587   71.19246 -160.26610    -1.6743    32.6595    1438.55  0.000e+00
     26.549   71.19246 -160.26610    -1.6743    32.6594    1438.55  0.000e+00
     26.649   71.19246 -160.26610    -1.6745    32.6597    1438.55  0.000e+00
     26.603   71.19246 -160.26610    -1.6744    32.6595    1438.55  0.000e+00
     26.649   71.19246 -160.26610    -1.6747    32.6598    1438.55  0.000e+00
     26.664   71.19246 -160.26610    -1.6745    32.6595    1438.55  0.000e+00
     26.703   71.19246 -160.26610    -1.6743    32.6593    1438.55  0.000e+00
     26.664   71.19246 -160.26610    -1.6748    32.6598    1438.55  0.000e+00
     26.765   71.19246 -160.26610    -1.6745    32.6596    1438.55  0.000e+00
     26.718   71.19246 -160.26610    -1.6747    32.6595    1438.55  0.000e+00
     26.772   71.19246 -160.26610    -1.6747    32.6596    1438.55  0.000e+00
     26.765   71.19246 -160.26610    -1.6747    32.6596    1438.55  0.000e+00
     26.772   71.19246 -160.26610    -1.6748    32.6599    1438.55  0.000e+00
     26.819   71.19246 -160.26610    -1.6747    32.6594    1438.55  0.000e+00
     26.834   71.19246 -160.26610    -1.6748    32.6598    1438.55  0.000e+00
     26.873   71.19246 -160.26610    -1.6745    32.6592    1438.55  0.000e+00
     26.834   71.19246 -160.26610    -1.6745    32.6596    1438.55  0.000e+00
     26.934   71.19246 -160.26610    -1.6748    32.6592    1438.55  0.000e+00
     26.834   71.19246 -160.26610    -1.6745    32.6592    1438.55  0.000e+00
     26.934   71.19246 -160.26610    -1.6745    32.6595    1438.56  0.000e+00
     26.950   71.19246 -160.26610    -1.6747    32.6593    1438.55  0.000e+00
     26.950   71.19246 -160.26610    -1.6745    32.6590    1438.55  0.000e+00
     26.988   71.19246 -160.26610    -1.6745    32.6595    1438.56  0.000e+00
     26.950   71.19246 -160.26610    -1.6748    32.6599    1438.55  0.000e+00
     26.988   71.19246 -160.26610    -1.6748    32.6598    1438.56  0.000e+00
     27.004   71.19246 -160.26610    -1.6748    32.6596    1438.56  0.000e+00
     27.050   71.19246 -160.26610    -1.6748    32.6595    1438.56  0.000e+00
     27.004   71.19246 -160.26610    -1.6747    32.6597    1438.56  0.000e+00
     27.104   71.19246 -160.26610    -1.6747    32.6592    1438.56  0.000e+00
     27.066   71.19246 -160.26610    -1.6749    32.6594    1438.56  0.000e+00
     27.119   71.19246 -160.26610    -1.6748    32.6592    1438.56  0.000e+00
     27.104   71.19246 -160.26610    -1.6748    32.6596    1438.56  0.000e+00
     27.119   71.19246 -160.26610    -1.6751    32.6597    1438.56  0.000e+00
     27.104   71.19246 -160.26610    -1.6749    32.6594    1438.56  0.000e+00
     27.173   71.19246 -160.26610    -1.6749    32.6594    1438.56  0.000e+00
     27.166   71.19246 -160.26610    -1.6752    32.6596    1438.56  0.000e+00
     27.173   71.19246 -160.26610    -1.6749    32.6596    1438.56  0.000e+00
     27.220   71.19246 -160.26610    -1.6749    32.6592    1438.56  0.000e+00
     27.173   71.19246 -160.26610    -1.6751    32.6596    1438.56  0.000e+00
     27.235   71.19246 -160.26610    -1.6749    32.6594    1438.56  0.000e+00
     27.220   71.19246 -160.26610    -1.6752    32.6599    1438.56  0.000e+00
     27.235   71.19246 -160.26610    -1.6749    32.6594    1438.56  0.000e+00
     27.274   71.19246 -160.26610    -1.6750    32.6598    1438.56  0.000e+00
     27.235   71.19246 -160.26610    -1.6751    32.6596    1438.56  0.000e+00
     27.335   71.19246 -160.26610    -1.6751    32.6596    1438.56  0.000e+00
     27.289   71.19246 -160.26610    -1.6748    32.6594    1438.56  0.000e+00
     27.274   71.19246 -160.26610    -1.6752    32.6597    1438.56  0.000e+00
     27.351   71.19246 -160.26610    -1.6749    32.6592    1438.56  0.000e+00
     27.289   71.19246 -160.26610    -1.6752    32.6595    1438.56  0.000e+00
     27.389   71.19246 -160.26610    -1.6751    32.6596    1438.56  0.000e+00
     27.351   71.19246 -160.26610    -1.6752    32.6594    1438.56  0.000e+00
     27.389   71.19246 -160.26610    -1.6751    32.6593    1438.56  0.000e+00
     27.351   71.19246 -160.26610    -1.6752    32.6593    1438.56  0.000e+00
     27.389   71.19246 -160.26610    -1.6752    32.6595    1438.56  0.000e+00
     27.405   71.19246 -160.26610    -1.6751    32.6594    1438.56  0.000e+00
     27.451   71.19246 -160.26610    -1.6753    32.6594    1438.56  0.000e+00
     27.405   71.19246 -160.26610    -1.6752    32.6594    1438.56  0.000e+00
     27.467   71.19246 -160.26610    -1.6751    32.6591    1438.56  0.000e+00
     27.451   71.19246 -160.26610    -1.6751    32.6591    1438.56  0.000e+00
     27.467   71.19246 -160.26610    -1.6752    32.6594    1438.56  0.000e+00
     27.451   71.19246 -160.26610    -1.6752    32.6595    1438.56  0.000e+00
     27.521   71.19246 -160.26610    -1.6752    32.6590    1438.56  0.000e+00
     27.505   71.19246 -160.26610    -1.6752    32.6589    1438.56  0.000e+00
     27.520   71.19246 -160.26610    -1.6752    32.6589    1438.56  0.000e+00
     27.505   71.19246 -160.26610    -1.6755    32.6599    1438.56  0.000e+00
     27.520   71.19246 -160.26610    -1.6752    32.6593    1438.56  0.000e+00
     27.574   71.19246 -160.26610    -1.6751    32.6594    1438.56  0.000e+00
     27.567   71.19246 -160.26610    -1.6753    32.6592    1438.56  0.000e+00
     27.520   71.19246 -160.26610    -1.6752    32.6593    1438.56  0.000e+00
     27.621   71.19246 -160.26610    -1.6752    32.6594    1438.56  0.000e+00
     27.574   71.19246 -160.26610    -1.6754    32.6596    1438.56  0.000e+00
     27.621   71.19246 -160.26610    -1.6754    32.6596    1438.56  0.000e+00
     27.574   71.19246 -160.26610    -1.6752    32.6594    1438.56  0.000e+00
     27.636   71.19248 -160.26610    -1.6754    32.6593    1438.56  0.000e+00
     27.675   71.19248 -160.26610    -1.6753    32.6594    1438.56  0.000e+00
     27.636   71.19248 -160.26610    -1.6755    32.6594    1438.56  0.000e+00
     27.621   71.19248 -160.26610    -1.6754    32.6593    1438.56  0.000e+00
     27.690   71.19248 -160.26610    -1.6755    32.6596    1438.56  0.000e+00
     27.675   71.19248 -160.26610    -1.6754    32.6593    1438.56  0.000e+00
     27.690   71.19248 -160.26610    -1.6755    32.6594    1438.56  0.000e+00
     27.736   71.19248 -160.26610    -1.6753    32.6592    1438.56  0.000e+00
     27.690   71.19248 -160.26610    -1.6755    32.6594    1438.56  0.000e+00
     27.752   71.19248 -160.26610    -1.6755    32.6593    1438.56  0.000e+00
     27.736   71.19248 -160.26610    -1.6757    32.6593    1438.56  0.000e+00
     27.752   71.19248 -160.26610    -1.6754    32.6593    1438.56  0.000e+00
     27.790   71.19248 -160.26610    -1.6755    32.6596    1438.56  0.000e+00
     27.752   71.19248 -160.26610    -1.6755    32.6595    1438.56  0.000e+00
     27.790   71.19248 -160.26610    -1.6757    32.6595    1438.56  0.000e+00
     27.806   71.19248 -160.26610    -1.6755    32.6593    1438.56  0.000e+00
     27.806   71.19248 -160.26610    -1.6755    32.6593    1438.56  0.000e+00
     27.852   71.19248 -160.26610    -1.6755    32.6593    1438.56  0.000e+00
     27.868   71.19248 -160.26610    -1.6755    32.6595    1438.57  0.000e+00
     27.852   71.19248 -160.26610    -1.6754    32.6592    1438.57  0.000e+00
     27.868   71.19248 -160.26610    -1.6758    32.6596    1438.56  0.000e+00
     27.906   71.19248 -160.26610    -1.6755    32.6597    1438.57  0.000e+00
     27.868   71.19248 -160.26610    -1.6754    32.6591    1438.57  0.000e+00
     27.921   71.19248 -160.26610    -1.6755    32.6594    1438.57  0.000e+00
     27.968   71.19248 -160.26610    -1.6754    32.6594    1438.57  0.000e+00
     27.921   71.19248 -160.26610    -1.6755    32.6593    1438.57  0.000e+00
     27.968   71.19248 -160.26610    -1.6756    32.6595    1438.57  0.000e+00
     27.975   71.19248 -160.26610    -1.6754    32.6589    1438.57  0.000e+00
     27.968   71.19248 -160.26610    -1.6755    32.6593    1438.57  0.000e+00
     28.037   71.19248 -160.26610    -1.6757    32.6594    1438.57  0.000e+00
     27.975   71.19248 -160.26610    -1.6755    32.6592    1438.57  0.000e+00
     28.022   71.19248 -160.26610    -1.6759    32.6598    1438.57  0.000e+00
     28.091   71.19248 -160.26610    -1.6758    32.6595    1438.57  0.000e+00
     28.076   71.19248 -160.26610    -1.6755    32.6593    1438.57  0.000e+00
     28.037   71.19248 -160.26610    -1.6754    32.6591    1438.57  0.000e+00
     28.137   71.19248 -160.26610    -1.6757    32.6593    1438.57  0.000e+00
     28.091   71.19248 -160.26610    -1.6755    32.6593    1438.57  0.000e+00
     28.153   71.19248 -160.26610    -1.6757    32.6591    1438.57  0.000e+00
     28.137   71.19248 -160.26610    -1.6757    32.6594    1438.57  0.000e+00
     28.153   71.19248 -160.26610    -1.6756    32.6593    1438.57  0.000e+00
     28.191   71.19248 -160.26610    -1.6759    32.6594    1438.57  0.000e+00
     28.207   71.19248 -160.26610    -1.6757    32.6590    1438.57  0.000e+00
     28.253   71.19248 -160.26610    -1.6759    32.6591    1438.57  0.000e+00
     28.207   71.19248 -160.26610    -1.6759    32.6592    1438.57  0.000e+00
     28.269   71.19248 -160.26610    -1.6759    32.6593    1438.57  0.000e+00
     28.253   71.19248 -160.26610    -1.6759    32.6597    1438.57  0.000e+00
     28.323   71.19248 -160.26610    -1.6759    32.6594    1438.57  0.000e+00
     28.307   71.19248 -160.26610    -1.6759    32.6596    1438.57  0.000e+00
     28.323   71.19248 -160.26610    -1.6760    32.6598    1438.57  0.000e+00
     28.369   71.19248 -160.26610    -1.6759    32.6594    1438.57  0.000e+00
     28.323   71.19248 -160.26610    -1.6760    32.6595    1438.57  0.000e+00
     28.377   71.19248 -160.26610    -1.6761    32.6596    1438.57  0.000e+00
     28.423   71.19248 -160.26610    -1.6760    32.6594    1438.57  0.000e+00
     28.438   71.19248 -160.26610    -1.6759    32.6590    1438.57  0.000e+00
     28.423   71.19248 -160.26610    -1.6760    32.6593    1438.57  0.000e+00
     28.492   71.19248 -160.26610    -1.6762    32.6594    1438.57  0.000e+00
     28.438   71.19248 -160.26610    -1.6760    32.6593    1438.57  0.000e+00
     28.538   71.19248 -160.26610    -1.6760    32.6594    1438.57  0.000e+00
     28.554   71.19248 -160.26610    -1.6761    32.6597    1438.57  0.000e+00
     28.538   71.19248 -160.26610    -1.6762    32.6594    1438.57  0.000e+00
     28.554   71.19248 -160.26610    -1.6763    32.6599    1438.57  0.000e+00
     28.592   71.19248 -160.26610    -1.6762    32.6596    1438.57  0.000e+00
     28.608   71.19248 -160.26610    -1.6763    32.6595    1438.57  0.000e+00
     28.608   71.19248 -160.26610    -1.6762    32.6594    1438.57  0.000e+00
     28.654   71.19248 -160.26610    -1.6762    32.6595    1438.58  0.000e+00
