EcoFOCI/data/1_SampleCollection/2023_SikuliaqDBO_CruiseData/CTD_raw_BottleFile_SKQ23-12S/proc/skq202312s_043.cnv
* Sea-Bird SBE 9 Data File:
* FileName = D:\CTD\SKQ202312S\SKQ202312S_043.hex
* Software Version Seasave V 7.26.7.121
* Temperature SN = 6177
* Conductivity SN = 0369
* Number of Bytes Per Scan = 41
* Number of Voltage Words = 4
* Number of Scans Averaged by the Deck Unit = 1
* NMEA Latitude = 71 31.26 N
* NMEA Longitude = 161 13.81 W
* NMEA UTC (Time) = Sep 24 2023  07:15:57
* NMEA baud rate = 4800
** Ship: R/V Sikuliaq
** Station Number: 043
** Station Name: DBO4.3na
** Bottom Depth: 47
** Operator: SS
# nquan = 24
# nvalues = 4100                                  
# units = specified
# name 0 = depSM: Depth [salt water, m]
# name 1 = latitude: Latitude [deg]
# name 2 = longitude: Longitude [deg]
# name 3 = prDM: Pressure, Digiquartz [db]
# name 4 = t090C: Temperature [ITS-90, deg C]
# name 5 = t190C: Temperature, 2 [ITS-90, deg C]
# name 6 = potemp090C: Potential Temperature [ITS-90, deg C]
# name 7 = sal00: Salinity, Practical [PSU]
# name 8 = sal11: Salinity, Practical, 2 [PSU]
# name 9 = density00: Density [density, kg/m^3]
# name 10 = sigma-é00: Density [sigma-theta, kg/m^3]
# name 11 = sbox0Mm/Kg: Oxygen, SBE 43 [umol/kg]
# name 12 = sbox1Mm/Kg: Oxygen, SBE 43, 2 [umol/kg]
# name 13 = oxsolMm/Kg: Oxygen Saturation, Garcia & Gordon [umol/kg]
# name 14 = sbeox0PS: Oxygen, SBE 43 [% saturation]
# name 15 = sbeox1PS: Oxygen, SBE 43, 2 [% saturation]
# name 16 = v0: Voltage 0
# name 17 = flECO-AFL: Fluorescence, WET Labs ECO-AFL/FL [mg/m^3]
# name 18 = v1: Voltage 1
# name 19 = CStarAt0: Beam Attenuation, WET Labs C-Star [1/m]
# name 20 = par: PAR/Irradiance, Biospherical/Licor
# name 21 = scan: Scan Count
# name 22 = timeM: Time, Elapsed [minutes]
# name 23 = flag:  0.000e+00
# span 0 =      2.576,     41.910                 
# span 1 =   71.52086,   71.52090                 
# span 2 = -161.23048, -161.23030                 
# span 3 =      2.603,     42.347                 
# span 4 =    -1.6141,     2.1079                 
# span 5 =    -1.6128,     2.1086                 
# span 6 =    -1.6147,     2.1075                 
# span 7 =    27.1651,    32.5902                 
# span 8 =    27.1753,    32.6031                 
# span 9 =  1021.7071,  1026.4197                 
# span 10 =    21.6942,    26.2175                
# span 11 =    260.987,    436.225                
# span 12 =    246.481,    415.937                
# span 13 =  350.11976,  370.11915                
# span 14 =     70.524,    123.106                
# span 15 =     66.608,    116.847                
# span 16 =     0.0867,     2.5409                
# span 17 =     0.1721,    14.8974                
# span 18 =     2.3626,     4.1697                
# span 19 =     0.4894,     2.7626                
# span 20 = 1.0000e-12, 9.6242e-01                
# span 21 =          1,       4100                
# span 22 =     0.0000,     2.8465                
# span 23 = 0.0000e+00, 0.0000e+00                
# interval = seconds: 0.0416667
# start_time = Sep 24 2023 07:19:11 [NMEA time, first data scan]
# bad_flag = -9.990e-29
*END*
[from data line 3502]
     36.936   71.52088 -161.23044     37.320    -1.6042    -1.6100    -1.6048    32.5861    32.5994  1026.3943    26.2140    267.079    248.018  370.01342     72.181     67.026     0.1514     0.5604     2.7436     2.1643 1.0000e-12       3503     2.4319  0.000e+00
     36.982   71.52088 -161.23044     37.367    -1.6038    -1.6098    -1.6045    32.5852    32.5994  1026.3937    26.2132    267.096    248.220  370.01267     72.186     67.081     0.1526     0.5678     2.7424     2.1661 1.0000e-12       3504     2.4326  0.000e+00
     36.990   71.52088 -161.23044     37.375    -1.6042    -1.6097    -1.6048    32.5848    32.5992  1026.3934    26.2129    266.808    248.225  370.01743     72.107     67.082     0.1514     0.5604     2.7326     2.1804 1.0000e-12       3505     2.4333  0.000e+00
     36.990   71.52088 -161.23044     37.375    -1.6045    -1.6097    -1.6051    32.5844    32.5995  1026.3931    26.2126    267.041    248.231  370.02141     72.169     67.084     0.1514     0.5604     2.7277     2.1875 1.0000e-12       3506     2.4340  0.000e+00
     36.982   71.52088 -161.23044     37.367    -1.6054    -1.6095    -1.6060    32.5842    32.5986  1026.3930    26.2124    267.072    248.240  370.03119     72.176     67.086     0.1502     0.5531     2.7265     2.1893 8.4714e-06       3507     2.4347  0.000e+00
     36.990   71.52088 -161.23044     37.375    -1.6061    -1.6093    -1.6068    32.5846    32.5986  1026.3933    26.2128    266.843    248.248  370.03756     72.112     67.089     0.1343     0.4579     2.7277     2.1875 1.0000e-12       3508     2.4354  0.000e+00
     36.990   71.52088 -161.23044     37.375    -1.6064    -1.6096    -1.6071    32.5845    32.5988  1026.3933    26.2127    267.085    248.064  370.04065     72.177     67.039     0.1221     0.3846     2.7277     2.1875 1.0000e-12       3509     2.4361  0.000e+00
     37.036   71.52088 -161.23044     37.421    -1.6072    -1.6095    -1.6078    32.5852    32.5986  1026.3941    26.2133    267.122    248.081  370.04620     72.186     67.044     0.1221     0.3846     2.7277     2.1875 1.0000e-12       3510     2.4368  0.000e+00
     36.990   71.52088 -161.23044     37.375    -1.6075    -1.6098    -1.6082    32.5853    32.5992  1026.3940    26.2134    267.156    248.101  370.04923     72.195     67.049     0.1233     0.3919     2.7277     2.1875 1.0000e-12       3511     2.4375  0.000e+00
     36.989   71.52088 -161.23044     37.375    -1.6081    -1.6098    -1.6087    32.5859    32.5994  1026.3945    26.2139    266.936    248.321  370.05327     72.134     67.108     0.1221     0.3846     2.7277     2.1875 1.0000e-12       3512     2.4382  0.000e+00
     37.036   71.52088 -161.23044     37.421    -1.6083    -1.6098    -1.6089    32.5861    32.5993  1026.3948    26.2140    266.928    248.117  370.05453     72.132     67.053     0.1233     0.3919     2.7277     2.1875 8.4714e-06       3513     2.4389  0.000e+00
     37.051   71.52088 -161.23044     37.437    -1.6090    -1.6097    -1.6097    32.5873    32.5987  1026.3959    26.2150    266.926    248.113  370.05851     72.131     67.052     0.1221     0.3846     2.7277     2.1875 1.0000e-12       3514     2.4396  0.000e+00
     37.051   71.52088 -161.23044     37.437    -1.6089    -1.6100    -1.6096    32.5869    32.5996  1026.3956    26.2147    266.872    248.077  370.05848     72.116     67.042     0.1233     0.3919     2.7277     2.1875 8.4714e-06       3515     2.4403  0.000e+00
     37.036   71.52088 -161.23044     37.421    -1.6089    -1.6098    -1.6096    32.5865    32.5991  1026.3952    26.2144    266.820    248.075  370.05946     72.102     67.041     0.1221     0.3846     2.7277     2.1875 1.0000e-12       3516     2.4410  0.000e+00
     37.051   71.52088 -161.23044     37.437    -1.6092    -1.6100    -1.6098    32.5870    32.5991  1026.3957    26.2148    266.825    248.078  370.06107     72.103     67.042     0.1233     0.3919     2.7277     2.1875 1.0000e-12       3517     2.4417  0.000e+00
     37.105   71.52088 -161.23044     37.491    -1.6090    -1.6098    -1.6097    32.5866    32.5989  1026.3956    26.2145    266.832    248.049  370.06037     72.105     67.034     0.1245     0.3993     2.7277     2.1875 1.0000e-12       3518     2.4424  0.000e+00
     37.097   71.52088 -161.23044     37.483    -1.6095    -1.6100    -1.6101    32.5868    32.5989  1026.3958    26.2147    266.846    248.022  370.06437     72.108     67.027     0.1221     0.3846     2.7277     2.1875 1.0000e-12       3519     2.4431  0.000e+00
     37.105   71.52088 -161.23044     37.491    -1.6095    -1.6100    -1.6101    32.5869    32.5990  1026.3959    26.2148    267.120    247.995  370.06414     72.182     67.020     0.1233     0.3919     2.7277     2.1875 1.0000e-12       3520     2.4438  0.000e+00
     37.105   71.52088 -161.23044     37.491    -1.6095    -1.6100    -1.6101    32.5868    32.5989  1026.3958    26.2147    266.875    248.003  370.06439     72.116     67.022     0.1233     0.3919     2.7277     2.1875 8.4714e-06       3521     2.4444  0.000e+00
     37.097   71.52088 -161.23044     37.483    -1.6099    -1.6102    -1.6106    32.5870    32.5990  1026.3960    26.2149    266.897    248.015  370.06839     72.121     67.025     0.1233     0.3919     2.7277     2.1875 1.0000e-12       3522     2.4451  0.000e+00
     37.167   71.52088 -161.23044     37.554    -1.6099    -1.6104    -1.6106    32.5867    32.5989  1026.3961    26.2146    266.871    248.033  370.06927     72.114     67.029     0.1221     0.3846     2.7277     2.1875 1.0000e-12       3523     2.4458  0.000e+00
     37.105   71.52088 -161.23044     37.491    -1.6099    -1.6102    -1.6106    32.5871    32.5987  1026.3961    26.2149    266.893    248.046  370.06815     72.120     67.033     0.1233     0.3919     2.7277     2.1875 8.4714e-06       3524     2.4465  0.000e+00
     37.151   71.52088 -161.23044     37.538    -1.6099    -1.6107    -1.6106    32.5870    32.5994  1026.3962    26.2148    266.872    248.069  370.06849     72.114     67.038     0.1233     0.3919     2.7216     2.1965 1.0000e-12       3525     2.4472  0.000e+00
     37.105   71.52088 -161.23044     37.491    -1.6102    -1.6106    -1.6109    32.5873    32.5989  1026.3962    26.2151    266.903    248.055  370.07062     72.122     67.035     0.1221     0.3846     2.7179     2.2019 1.0000e-12       3526     2.4479  0.000e+00
     37.167   71.52088 -161.23044     37.554    -1.6102    -1.6106    -1.6109    32.5868    32.5990  1026.3961    26.2147    266.942    248.080  370.07186     72.132     67.041     0.1233     0.3919     2.7167     2.2037 1.0000e-12       3527     2.4486  0.000e+00
     37.151   71.52088 -161.23044     37.538    -1.6109    -1.6107    -1.6115    32.5874    32.5992  1026.3966    26.2152    266.933    248.072  370.07652     72.129     67.039     0.1221     0.3846     2.7167     2.2037 1.0000e-12       3528     2.4493  0.000e+00
     37.167   71.52088 -161.23044     37.554    -1.6107    -1.6106    -1.6113    32.5870    32.5991  1026.3963    26.2148    266.922    247.835  370.07613     72.126     66.975     0.1233     0.3919     2.7179     2.2019 1.0000e-12       3529     2.4500  0.000e+00
     37.167   71.52088 -161.23044     37.554    -1.6109    -1.6109    -1.6115    32.5873    32.5994  1026.3966    26.2151    266.655    247.801  370.07680     72.054     66.966     0.1221     0.3846     2.7167     2.2037 1.0000e-12       3530     2.4507  0.000e+00
     37.151   71.52088 -161.23044     37.538    -1.6110    -1.6107    -1.6117    32.5871    32.5992  1026.3963    26.2150    266.862    247.765  370.07909     72.109     66.956     0.1233     0.3919     2.7179     2.2019 1.0000e-12       3531     2.4514  0.000e+00
     37.167   71.52088 -161.23044     37.554    -1.6110    -1.6107    -1.6117    32.5870    32.5990  1026.3963    26.2148    266.861    247.735  370.07962     72.109     66.948     0.1233     0.3919     2.7167     2.2037 1.0000e-12       3532     2.4521  0.000e+00
     37.221   71.52088 -161.23044     37.608    -1.6110    -1.6107    -1.6117    32.5874    32.5986  1026.3969    26.2152    266.862    247.710  370.07833     72.110     66.941     0.1148     0.3406     2.7167     2.2037 8.4714e-06       3533     2.4528  0.000e+00
     37.213   71.52088 -161.23044     37.600    -1.6111    -1.6110    -1.6118    32.5874    32.5991  1026.3969    26.2152    266.865    247.915  370.07935     72.110     66.996     0.0977     0.2381     2.7167     2.2037 1.0000e-12       3534     2.4535  0.000e+00
     37.221   71.52088 -161.23044     37.608    -1.6110    -1.6108    -1.6117    32.5875    32.5991  1026.3969    26.2153    266.868    247.692  370.07807     72.111     66.936     0.0916     0.2015     2.7167     2.2037 8.4714e-06       3535     2.4542  0.000e+00
     37.221   71.52088 -161.23044     37.608    -1.6113    -1.6110    -1.6120    32.5876    32.5992  1026.3971    26.2154    266.617    247.672  370.08054     72.043     66.930     0.0928     0.2088     2.7167     2.2037 8.4714e-06       3536     2.4549  0.000e+00
     37.213   71.52088 -161.23044     37.600    -1.6115    -1.6109    -1.6122    32.5880    32.5990  1026.3973    26.2157    266.630    247.686  370.08119     72.046     66.934     0.0928     0.2088     2.7179     2.2019 8.4714e-06       3537     2.4556  0.000e+00
     37.275   71.52088 -161.23044     37.663    -1.6115    -1.6113    -1.6122    32.5875    32.5995  1026.3973    26.2153    266.600    247.709  370.08257     72.038     66.940     0.0928     0.2088     2.7179     2.2019 1.0000e-12       3538     2.4562  0.000e+00
     37.221   71.52088 -161.23044     37.608    -1.6116    -1.6112    -1.6123    32.5874    32.5996  1026.3969    26.2152    266.570    247.729  370.08414     72.030     66.946     0.0940     0.2161     2.7179     2.2019 1.0000e-12       3539     2.4569  0.000e+00
     37.267   71.52088 -161.23044     37.655    -1.6116    -1.6110    -1.6123    32.5873    32.5992  1026.3970    26.2151    266.547    247.953  370.08435     72.023     67.006     0.0928     0.2088     2.7167     2.2037 1.0000e-12       3540     2.4576  0.000e+00
     37.220   71.52088 -161.23044     37.608    -1.6118    -1.6112    -1.6124    32.5875    32.5990  1026.3970    26.2153    266.525    247.750  370.08544     72.017     66.951     0.0928     0.2088     2.7167     2.2037 8.4714e-06       3541     2.4583  0.000e+00
     37.274   71.52088 -161.23044     37.662    -1.6120    -1.6112    -1.6126    32.5877    32.5992  1026.3974    26.2154    266.512    247.749  370.08671     72.013     66.951     0.0928     0.2088     2.7167     2.2037 8.4714e-06       3542     2.4590  0.000e+00
     37.274   71.52088 -161.23044     37.662    -1.6118    -1.6110    -1.6124    32.5870    32.5986  1026.3969    26.2149    266.447    247.519  370.08692     71.996     66.889     0.0928     0.2088     2.7167     2.2037 8.4714e-06       3543     2.4597  0.000e+00
     37.321   71.52088 -161.23044     37.709    -1.6121    -1.6112    -1.6127    32.5876    32.5988  1026.3975    26.2154    266.440    247.723  370.08821     71.994     66.944     0.0916     0.2015     2.7167     2.2037 8.4714e-06       3544     2.4604  0.000e+00
     37.274   71.52088 -161.23044     37.662    -1.6122    -1.6113    -1.6129    32.5877    32.5994  1026.3975    26.2155    266.433    247.728  370.08943     71.992     66.945     0.0928     0.2088     2.7204     2.1983 1.0000e-12       3545     2.4611  0.000e+00
     37.274   71.52088 -161.23044     37.662    -1.6120    -1.6112    -1.6126    32.5869    32.5990  1026.3968    26.2148    266.430    247.704  370.08898     71.991     66.939     0.0940     0.2161     2.7253     2.1911 1.0000e-12       3546     2.4618  0.000e+00
     37.321   71.52088 -161.23044     37.709    -1.6121    -1.6111    -1.6127    32.5871    32.5988  1026.3971    26.2150    266.383    247.716  370.08960     71.978     66.942     0.0928     0.2088     2.7265     2.1893 1.0000e-12       3547     2.4625  0.000e+00
     37.336   71.52088 -161.23044     37.725    -1.6122    -1.6113    -1.6129    32.5871    32.5993  1026.3972    26.2150    266.389    247.731  370.09131     71.979     66.946     0.0928     0.2088     2.7253     2.1911 8.4714e-06       3548     2.4632  0.000e+00
     37.336   71.52088 -161.23044     37.725    -1.6121    -1.6112    -1.6127    32.5871    32.5993  1026.3972    26.2150    266.396    247.515  370.08963     71.981     66.888     0.0916     0.2015     2.7253     2.1911 8.4714e-06       3549     2.4639  0.000e+00
     37.321   71.52088 -161.23044     37.709    -1.6121    -1.6110    -1.6127    32.5872    32.5991  1026.3972    26.2150    266.407    247.732  370.08935     71.985     66.947     0.0928     0.2088     2.7253     2.1911 1.0000e-12       3550     2.4646  0.000e+00
     37.336   71.52088 -161.23044     37.725    -1.6124    -1.6113    -1.6130    32.5877    32.5992  1026.3977    26.2154    266.426    247.724  370.09083     71.989     66.944     0.0928     0.2088     2.7265     2.1893 8.4714e-06       3551     2.4653  0.000e+00
     37.336   71.52088 -161.23044     37.725    -1.6124    -1.6109    -1.6130    32.5875    32.5989  1026.3976    26.2153    266.187    247.712  370.09121     71.925     66.941     0.0928     0.2088     2.7253     2.1911 1.0000e-12       3552     2.4660  0.000e+00
     37.382   71.52088 -161.23044     37.771    -1.6124    -1.6110    -1.6130    32.5875    32.5991  1026.3978    26.2153    266.426    247.509  370.09142     71.989     66.887     0.0940     0.2161     2.7253     2.1911 1.0000e-12       3553     2.4667  0.000e+00
     37.390   71.52088 -161.23044     37.779    -1.6124    -1.6112    -1.6130    32.5877    32.5992  1026.3980    26.2154    266.145    247.508  370.09080     71.914     66.886     0.0928     0.2088     2.7253     2.1911 1.0000e-12       3554     2.4674  0.000e+00
     37.336   71.52088 -161.23044     37.725    -1.6122    -1.6110    -1.6129    32.5874    32.5989  1026.3975    26.2152    266.129    247.507  370.09042     71.909     66.886     0.0940     0.2161     2.7253     2.1911 8.4714e-06       3555     2.4681  0.000e+00
     37.382   71.52088 -161.23044     37.771    -1.6122    -1.6112    -1.6129    32.5873    32.5989  1026.3976    26.2152    266.382    247.515  370.09063     71.977     66.888     0.0928     0.2088     2.7265     2.1893 8.4714e-06       3556     2.4688  0.000e+00
     37.390   71.52088 -161.23044     37.779    -1.6122    -1.6112    -1.6129    32.5875    32.5989  1026.3978    26.2153    266.375    247.755  370.09014     71.976     66.952     0.0928     0.2088     2.7265     2.1893 8.4714e-06       3557     2.4694  0.000e+00
     37.390   71.52088 -161.23044     37.779    -1.6124    -1.6112    -1.6130    32.5875    32.5991  1026.3978    26.2153    266.165    247.765  370.09130     71.919     66.955     0.0928     0.2088     2.7253     2.1911 1.0000e-12       3558     2.4701  0.000e+00
     37.436   71.52088 -161.23044     37.826    -1.6124    -1.6112    -1.6130    32.5879    32.5987  1026.3983    26.2156    266.170    247.780  370.09025     71.920     66.959     0.0904     0.1941     2.7253     2.1911 1.0000e-12       3559     2.4708  0.000e+00
     37.390   71.52088 -161.23044     37.779    -1.6121    -1.6112    -1.6127    32.5873    32.5991  1026.3976    26.2151    266.177    247.561  370.08909     71.922     66.900     0.0916     0.2015     2.7253     2.1911 1.0000e-12       3560     2.4715  0.000e+00
     37.452   71.52088 -161.23044     37.842    -1.6122    -1.6110    -1.6129    32.5870    32.5992  1026.3977    26.2149    266.146    247.579  370.09151     71.914     66.905     0.0904     0.1941     2.7265     2.1893 1.0000e-12       3561     2.4722  0.000e+00
     37.436   71.52088 -161.23044     37.826    -1.6124    -1.6109    -1.6130    32.5873    32.5987  1026.3979    26.2152    266.115    247.566  370.09176     71.905     66.902     0.0904     0.1941     2.7253     2.1911 8.4714e-06       3562     2.4729  0.000e+00
