EcoFOCI/data/1_SampleCollection/2023_SikuliaqDBO_CruiseData/CTD_raw_BottleFile_SKQ23-12S/proc/skq202312s_041svp.cnv
* Sea-Bird SBE 9 Data File:
* FileName = D:\CTD\SKQ202312S\SKQ202312S_041.hex
* Software Version Seasave V 7.26.7.121
* Temperature SN = 6177
* Conductivity SN = 0369
* Number of Bytes Per Scan = 41
* Number of Voltage Words = 4
* Number of Scans Averaged by the Deck Unit = 1
* NMEA Latitude = 71 22.89 N
* NMEA Longitude = 160 50.39 W
* NMEA UTC (Time) = Sep 23 2023  21:13:19
* NMEA baud rate = 4800
** Ship: R/V Sikuliaq
** Station Number: 041
** Station Name: DBO4.2na
** Bottom Depth: 47
** Operator: SS
# nquan = 7
# nvalues = 4249                                  
# units = specified
# name 0 = depSM: Depth [salt water, m]
# name 1 = latitude: Latitude [deg]
# name 2 = longitude: Longitude [deg]
# name 3 = t090C: Temperature [ITS-90, deg C]
# name 4 = sal00: Salinity, Practical [PSU]
# name 5 = svCM: Sound Velocity [Chen-Millero, m/s]
# name 6 = flag:  0.000e+00
# span 0 =      2.260,     41.999                 
# span 1 =   71.38148,   71.38148                 
# span 2 = -160.83978, -160.83978                 
# span 3 =    -1.6599,     2.3096                 
# span 4 =    27.1591,    32.6568                 
# span 5 =    1438.58,    1449.46                 
# span 6 = 0.0000e+00, 0.0000e+00                 
# interval = seconds: 0.0416667
# start_time = Sep 23 2023 21:16:43 [NMEA time, first data scan]
# bad_flag = -9.990e-29
*END*
[from data line 2872]
     36.121   71.38148 -160.83978    -1.6338    32.6419    1438.88  0.000e+00
     36.114   71.38148 -160.83978    -1.6338    32.6419    1438.88  0.000e+00
     36.121   71.38148 -160.83978    -1.6334    32.6418    1438.88  0.000e+00
     36.183   71.38148 -160.83978    -1.6334    32.6416    1438.88  0.000e+00
     36.114   71.38148 -160.83978    -1.6331    32.6418    1438.88  0.000e+00
     36.183   71.38148 -160.83978    -1.6333    32.6418    1438.88  0.000e+00
     36.114   71.38148 -160.83978    -1.6328    32.6414    1438.88  0.000e+00
     36.183   71.38148 -160.83978    -1.6330    32.6419    1438.88  0.000e+00
     36.183   71.38148 -160.83978    -1.6326    32.6416    1438.88  0.000e+00
     36.168   71.38148 -160.83978    -1.6322    32.6411    1438.88  0.000e+00
     36.121   71.38148 -160.83978    -1.6324    32.6413    1438.88  0.000e+00
     36.183   71.38148 -160.83978    -1.6322    32.6410    1438.88  0.000e+00
     36.168   71.38148 -160.83978    -1.6321    32.6409    1438.88  0.000e+00
     36.237   71.38148 -160.83978    -1.6322    32.6411    1438.89  0.000e+00
     36.183   71.38148 -160.83978    -1.6319    32.6405    1438.88  0.000e+00
     36.168   71.38148 -160.83978    -1.6319    32.6406    1438.88  0.000e+00
     36.237   71.38148 -160.83978    -1.6318    32.6403    1438.89  0.000e+00
     36.183   71.38148 -160.83978    -1.6319    32.6403    1438.88  0.000e+00
     36.229   71.38148 -160.83978    -1.6318    32.6397    1438.89  0.000e+00
     36.237   71.38148 -160.83978    -1.6321    32.6408    1438.89  0.000e+00
     36.237   71.38148 -160.83978    -1.6316    32.6400    1438.89  0.000e+00
     36.229   71.38148 -160.83978    -1.6315    32.6397    1438.89  0.000e+00
     36.237   71.38148 -160.83978    -1.6316    32.6402    1438.89  0.000e+00
     36.229   71.38148 -160.83978    -1.6316    32.6402    1438.89  0.000e+00
     36.291   71.38148 -160.83978    -1.6316    32.6403    1438.89  0.000e+00
     36.291   71.38148 -160.83978    -1.6316    32.6400    1438.89  0.000e+00
     36.283   71.38148 -160.83978    -1.6318    32.6403    1438.89  0.000e+00
     36.291   71.38148 -160.83978    -1.6319    32.6404    1438.89  0.000e+00
     36.291   71.38148 -160.83978    -1.6322    32.6409    1438.89  0.000e+00
     36.337   71.38148 -160.83978    -1.6330    32.6422    1438.88  0.000e+00
     36.291   71.38148 -160.83978    -1.6334    32.6429    1438.88  0.000e+00
     36.353   71.38148 -160.83978    -1.6336    32.6433    1438.88  0.000e+00
     36.337   71.38148 -160.83978    -1.6339    32.6439    1438.88  0.000e+00
     36.353   71.38148 -160.83978    -1.6343    32.6448    1438.88  0.000e+00
     36.353   71.38148 -160.83978    -1.6348    32.6457    1438.88  0.000e+00
     36.399   71.38148 -160.83978    -1.6345    32.6455    1438.88  0.000e+00
     36.407   71.38148 -160.83978    -1.6345    32.6456    1438.88  0.000e+00
     36.407   71.38148 -160.83978    -1.6343    32.6458    1438.88  0.000e+00
     36.453   71.38148 -160.83978    -1.6345    32.6461    1438.88  0.000e+00
     36.407   71.38148 -160.83978    -1.6342    32.6460    1438.89  0.000e+00
     36.468   71.38148 -160.83978    -1.6342    32.6463    1438.89  0.000e+00
     36.453   71.38148 -160.83978    -1.6345    32.6473    1438.89  0.000e+00
     36.468   71.38148 -160.83978    -1.6350    32.6476    1438.88  0.000e+00
     36.522   71.38148 -160.83978    -1.6352    32.6479    1438.89  0.000e+00
     36.515   71.38148 -160.83978    -1.6352    32.6481    1438.89  0.000e+00
     36.584   71.38148 -160.83978    -1.6354    32.6480    1438.88  0.000e+00
     36.522   71.38148 -160.83978    -1.6361    32.6487    1438.88  0.000e+00
     36.569   71.38148 -160.83978    -1.6369    32.6494    1438.88  0.000e+00
     36.584   71.38148 -160.83978    -1.6379    32.6503    1438.88  0.000e+00
     36.569   71.38148 -160.83978    -1.6388    32.6509    1438.87  0.000e+00
     36.638   71.38148 -160.83978    -1.6395    32.6516    1438.87  0.000e+00
     36.584   71.38148 -160.83978    -1.6400    32.6523    1438.87  0.000e+00
     36.630   71.38148 -160.83978    -1.6400    32.6523    1438.87  0.000e+00
     36.638   71.38148 -160.83978    -1.6408    32.6531    1438.87  0.000e+00
     36.692   71.38148 -160.83978    -1.6409    32.6534    1438.87  0.000e+00
     36.684   71.38148 -160.83978    -1.6411    32.6533    1438.87  0.000e+00
     36.692   71.38148 -160.83978    -1.6414    32.6535    1438.87  0.000e+00
     36.692   71.38148 -160.83978    -1.6417    32.6541    1438.86  0.000e+00
     36.738   71.38148 -160.83978    -1.6416    32.6540    1438.87  0.000e+00
     36.754   71.38148 -160.83978    -1.6417    32.6543    1438.87  0.000e+00
     36.754   71.38148 -160.83978    -1.6419    32.6543    1438.87  0.000e+00
     36.738   71.38148 -160.83978    -1.6421    32.6547    1438.86  0.000e+00
     36.808   71.38148 -160.83978    -1.6421    32.6546    1438.87  0.000e+00
     36.808   71.38148 -160.83978    -1.6418    32.6539    1438.87  0.000e+00
     36.800   71.38148 -160.83978    -1.6420    32.6544    1438.87  0.000e+00
     36.870   71.38148 -160.83978    -1.6421    32.6547    1438.87  0.000e+00
     36.870   71.38148 -160.83978    -1.6420    32.6544    1438.87  0.000e+00
     36.854   71.38148 -160.83978    -1.6421    32.6545    1438.87  0.000e+00
     36.870   71.38148 -160.83978    -1.6421    32.6546    1438.87  0.000e+00
     36.870   71.38148 -160.83978    -1.6421    32.6545    1438.87  0.000e+00
     36.970   71.38148 -160.83978    -1.6424    32.6548    1438.87  0.000e+00
     36.870   71.38148 -160.83978    -1.6424    32.6547    1438.87  0.000e+00
     36.985   71.38148 -160.83978    -1.6426    32.6553    1438.87  0.000e+00
     36.916   71.38148 -160.83978    -1.6426    32.6553    1438.87  0.000e+00
     36.985   71.38148 -160.83978    -1.6428    32.6552    1438.87  0.000e+00
     37.039   71.38148 -160.83978    -1.6426    32.6552    1438.87  0.000e+00
     36.970   71.38148 -160.83978    -1.6428    32.6552    1438.87  0.000e+00
     37.039   71.38148 -160.83978    -1.6428    32.6551    1438.87  0.000e+00
     37.039   71.38148 -160.83978    -1.6426    32.6552    1438.87  0.000e+00
     37.032   71.38148 -160.83978    -1.6427    32.6551    1438.87  0.000e+00
     37.039   71.38148 -160.83978    -1.6429    32.6552    1438.87  0.000e+00
     37.093   71.38148 -160.83978    -1.6429    32.6556    1438.87  0.000e+00
     37.086   71.38148 -160.83978    -1.6431    32.6558    1438.87  0.000e+00
     37.093   71.38148 -160.83978    -1.6431    32.6557    1438.87  0.000e+00
     37.093   71.38148 -160.83978    -1.6429    32.6555    1438.87  0.000e+00
     37.140   71.38148 -160.83978    -1.6429    32.6555    1438.87  0.000e+00
     37.155   71.38148 -160.83978    -1.6431    32.6556    1438.87  0.000e+00
     37.155   71.38148 -160.83978    -1.6431    32.6556    1438.87  0.000e+00
     37.201   71.38148 -160.83978    -1.6434    32.6560    1438.87  0.000e+00
     37.209   71.38148 -160.83978    -1.6431    32.6554    1438.87  0.000e+00
     37.271   71.38148 -160.83978    -1.6432    32.6559    1438.87  0.000e+00
     37.201   71.38148 -160.83978    -1.6432    32.6558    1438.87  0.000e+00
     37.209   71.38148 -160.83978    -1.6434    32.6558    1438.87  0.000e+00
     37.271   71.38148 -160.83978    -1.6431    32.6559    1438.87  0.000e+00
     37.201   71.38148 -160.83978    -1.6426    32.6563    1438.87  0.000e+00
     37.155   71.38148 -160.83978    -1.6417    32.6557    1438.87  0.000e+00
     37.155   71.38148 -160.83978    -1.6402    32.6543    1438.88  0.000e+00
     37.201   71.38148 -160.83978    -1.6391    32.6532    1438.88  0.000e+00
     37.155   71.38148 -160.83978    -1.6388    32.6530    1438.88  0.000e+00
     37.093   71.38148 -160.83978    -1.6382    32.6524    1438.89  0.000e+00
     37.201   71.38148 -160.83978    -1.6383    32.6524    1438.89  0.000e+00
     37.155   71.38148 -160.83978    -1.6382    32.6525    1438.89  0.000e+00
     37.155   71.38148 -160.83978    -1.6380    32.6525    1438.89  0.000e+00
     37.201   71.38148 -160.83978    -1.6377    32.6520    1438.89  0.000e+00
     37.155   71.38148 -160.83978    -1.6379    32.6520    1438.89  0.000e+00
     37.209   71.38148 -160.83978    -1.6383    32.6525    1438.89  0.000e+00
     37.255   71.38148 -160.83978    -1.6385    32.6526    1438.89  0.000e+00
     37.209   71.38148 -160.83978    -1.6386    32.6525    1438.89  0.000e+00
     37.209   71.38148 -160.83978    -1.6386    32.6525    1438.89  0.000e+00
     37.255   71.38148 -160.83978    -1.6383    32.6522    1438.89  0.000e+00
     37.155   71.38148 -160.83978    -1.6379    32.6521    1438.89  0.000e+00
     37.209   71.38148 -160.83978    -1.6374    32.6513    1438.89  0.000e+00
     37.201   71.38148 -160.83978    -1.6369    32.6509    1438.89  0.000e+00
     37.155   71.38148 -160.83978    -1.6369    32.6507    1438.89  0.000e+00
     37.155   71.38148 -160.83978    -1.6367    32.6505    1438.89  0.000e+00
     37.201   71.38148 -160.83978    -1.6368    32.6512    1438.89  0.000e+00
     37.155   71.38148 -160.83978    -1.6369    32.6510    1438.89  0.000e+00
     37.155   71.38148 -160.83978    -1.6371    32.6513    1438.89  0.000e+00
     37.201   71.38148 -160.83978    -1.6373    32.6511    1438.89  0.000e+00
     37.155   71.38148 -160.83978    -1.6374    32.6513    1438.89  0.000e+00
     37.155   71.38148 -160.83978    -1.6373    32.6506    1438.89  0.000e+00
     37.140   71.38148 -160.83978    -1.6374    32.6508    1438.89  0.000e+00
     37.209   71.38148 -160.83978    -1.6377    32.6517    1438.89  0.000e+00
     37.155   71.38148 -160.83978    -1.6377    32.6516    1438.89  0.000e+00
     37.140   71.38148 -160.83978    -1.6379    32.6519    1438.89  0.000e+00
     37.155   71.38148 -160.83978    -1.6379    32.6517    1438.89  0.000e+00
     37.155   71.38148 -160.83978    -1.6379    32.6511    1438.89  0.000e+00
     37.140   71.38148 -160.83978    -1.6376    32.6509    1438.89  0.000e+00
     37.093   71.38148 -160.83978    -1.6374    32.6506    1438.89  0.000e+00
     37.155   71.38148 -160.83978    -1.6371    32.6506    1438.89  0.000e+00
     37.086   71.38148 -160.83978    -1.6367    32.6499    1438.89  0.000e+00
     37.093   71.38148 -160.83978    -1.6364    32.6495    1438.89  0.000e+00
     37.093   71.38148 -160.83978    -1.6364    32.6495    1438.89  0.000e+00
     37.086   71.38148 -160.83978    -1.6358    32.6488    1438.89  0.000e+00
     37.093   71.38148 -160.83978    -1.6356    32.6488    1438.89  0.000e+00
     37.039   71.38148 -160.83978    -1.6350    32.6485    1438.90  0.000e+00
     37.140   71.38148 -160.83978    -1.6345    32.6474    1438.90  0.000e+00
     37.039   71.38148 -160.83978    -1.6341    32.6467    1438.90  0.000e+00
     37.093   71.38148 -160.83978    -1.6339    32.6464    1438.90  0.000e+00
     37.086   71.38148 -160.83978    -1.6336    32.6458    1438.90  0.000e+00
     37.039   71.38148 -160.83978    -1.6333    32.6457    1438.90  0.000e+00
     37.039   71.38148 -160.83978    -1.6328    32.6449    1438.90  0.000e+00
     37.032   71.38148 -160.83978    -1.6322    32.6441    1438.90  0.000e+00
     37.039   71.38148 -160.83978    -1.6318    32.6443    1438.90  0.000e+00
     37.039   71.38148 -160.83978    -1.6316    32.6443    1438.91  0.000e+00
     36.970   71.38148 -160.83978    -1.6309    32.6435    1438.91  0.000e+00
     37.039   71.38148 -160.83978    -1.6305    32.6434    1438.91  0.000e+00
     36.985   71.38148 -160.83978    -1.6304    32.6433    1438.91  0.000e+00
     37.031   71.38148 -160.83978    -1.6304    32.6430    1438.91  0.000e+00
     36.985   71.38148 -160.83978    -1.6302    32.6425    1438.91  0.000e+00
     36.985   71.38148 -160.83978    -1.6302    32.6422    1438.91  0.000e+00
     36.970   71.38148 -160.83978    -1.6302    32.6417    1438.91  0.000e+00
     36.985   71.38148 -160.83978    -1.6301    32.6410    1438.91  0.000e+00
     36.923   71.38148 -160.83978    -1.6301    32.6405    1438.91  0.000e+00
     36.970   71.38148 -160.83978    -1.6302    32.6403    1438.91  0.000e+00
     36.985   71.38148 -160.83978    -1.6300    32.6396    1438.91  0.000e+00
     36.923   71.38148 -160.83978    -1.6298    32.6394    1438.91  0.000e+00
     36.970   71.38148 -160.83978    -1.6298    32.6397    1438.91  0.000e+00
     36.923   71.38148 -160.83978    -1.6292    32.6390    1438.91  0.000e+00
     36.923   71.38148 -160.83978    -1.6292    32.6392    1438.91  0.000e+00
     36.970   71.38148 -160.83978    -1.6295    32.6395    1438.91  0.000e+00
     36.923   71.38148 -160.83978    -1.6292    32.6395    1438.91  0.000e+00
     36.923   71.38148 -160.83978    -1.6296    32.6401    1438.91  0.000e+00
     36.916   71.38148 -160.83978    -1.6293    32.6395    1438.91  0.000e+00
     36.923   71.38148 -160.83978    -1.6298    32.6403    1438.91  0.000e+00
     36.869   71.38148 -160.83978    -1.6295    32.6398    1438.91  0.000e+00
     36.970   71.38148 -160.83978    -1.6296    32.6400    1438.91  0.000e+00
     36.869   71.38148 -160.83978    -1.6298    32.6404    1438.91  0.000e+00
     36.923   71.38148 -160.83978    -1.6298    32.6408    1438.91  0.000e+00
     36.916   71.38148 -160.83978    -1.6298    32.6404    1438.91  0.000e+00
     36.869   71.38148 -160.83978    -1.6300    32.6405    1438.91  0.000e+00
     36.923   71.38148 -160.83978    -1.6301    32.6407    1438.91  0.000e+00
     36.916   71.38148 -160.83978    -1.6301    32.6406    1438.91  0.000e+00
     36.869   71.38148 -160.83978    -1.6302    32.6411    1438.90  0.000e+00
     36.923   71.38148 -160.83978    -1.6304    32.6414    1438.91  0.000e+00
     36.916   71.38148 -160.83978    -1.6301    32.6412    1438.91  0.000e+00
     36.869   71.38148 -160.83978    -1.6304    32.6416    1438.90  0.000e+00
     36.869   71.38148 -160.83978    -1.6302    32.6414    1438.91  0.000e+00
     36.916   71.38148 -160.83978    -1.6304    32.6415    1438.91  0.000e+00
     36.869   71.38148 -160.83978    -1.6301    32.6416    1438.91  0.000e+00
     36.923   71.38148 -160.83978    -1.6302    32.6415    1438.91  0.000e+00
     36.916   71.38148 -160.83978    -1.6302    32.6417    1438.91  0.000e+00
     36.869   71.38148 -160.83978    -1.6304    32.6419    1438.91  0.000e+00
     36.923   71.38148 -160.83978    -1.6307    32.6422    1438.91  0.000e+00
     36.916   71.38148 -160.83978    -1.6309    32.6422    1438.90  0.000e+00
     36.923   71.38148 -160.83978    -1.6307    32.6424    1438.91  0.000e+00
     36.869   71.38148 -160.83978    -1.6305    32.6423    1438.91  0.000e+00
     36.916   71.38148 -160.83978    -1.6307    32.6422    1438.91  0.000e+00
     36.923   71.38148 -160.83978    -1.6305    32.6423    1438.91  0.000e+00
     36.923   71.38148 -160.83978    -1.6304    32.6419    1438.91  0.000e+00
     36.916   71.38148 -160.83978    -1.6304    32.6425    1438.91  0.000e+00
     36.985   71.38148 -160.83978    -1.6302    32.6424    1438.91  0.000e+00
     36.923   71.38148 -160.83978    -1.6300    32.6422    1438.91  0.000e+00
     36.916   71.38148 -160.83978    -1.6301    32.6421    1438.91  0.000e+00
     36.923   71.38148 -160.83978    -1.6307    32.6432    1438.91  0.000e+00
     36.923   71.38148 -160.83978    -1.6315    32.6447    1438.90  0.000e+00
     36.970   71.38148 -160.83978    -1.6321    32.6452    1438.90  0.000e+00
     36.923   71.38148 -160.83978    -1.6326    32.6457    1438.90  0.000e+00
     36.985   71.38148 -160.83978    -1.6328    32.6460    1438.90  0.000e+00
     36.970   71.38148 -160.83978    -1.6327    32.6460    1438.90  0.000e+00
     36.985   71.38148 -160.83978    -1.6331    32.6466    1438.90  0.000e+00
     36.985   71.38148 -160.83978    -1.6330    32.6465    1438.90  0.000e+00
     36.970   71.38148 -160.83978    -1.6330    32.6465    1438.90  0.000e+00
     36.985   71.38148 -160.83978    -1.6333    32.6466    1438.90  0.000e+00
