EcoFOCI/data/1_SampleCollection/2023_SikuliaqDBO_CruiseData/CTD_raw_BottleFile_SKQ23-12S/proc/skq202312s_023svpavg.cnv
* Sea-Bird SBE 9 Data File:
* FileName = D:\CTD\SKQ202312S\SKQ202312S_023.hex
* Software Version Seasave V 7.26.7.121
* Temperature SN = 6177
* Conductivity SN = 0369
* Number of Bytes Per Scan = 41
* Number of Voltage Words = 4
* Number of Scans Averaged by the Deck Unit = 1
* NMEA Latitude = 64 57.70 N
* NMEA Longitude = 169 53.01 W
* NMEA UTC (Time) = Sep 18 2023  07:03:01
* NMEA baud rate = 4800
** Ship: R/V Sikuliaq
** Station Number: 023
** Station Name: DBO2.4
** Bottom Depth: 48
** Operator: SD
# nquan = 7
# nvalues = 41                          
# units = specified
# name 0 = depSM: Depth [salt water, m]
# name 1 = latitude: Latitude [deg]
# name 2 = longitude: Longitude [deg]
# name 3 = t090C: Temperature [ITS-90, deg C]
# name 4 = sal00: Salinity, Practical [PSU]
# name 5 = svCM: Sound Velocity [Chen-Millero, m/s]
# name 6 = flag: flag
# span 0 =      3.000,     43.000       
# span 1 =   64.96160,   64.96167       
# span 2 = -169.88358, -169.88352       
# span 3 =     1.3005,     3.3428       
# span 4 =    32.1202,    32.7886       
# span 5 =    1451.50,    1461.47       
# span 6 = 0.0000e+00, 0.0000e+00       
# interval = meters: 1                  
# start_time = Sep 18 2023 07:06:42 [NMEA time, first data scan]
# bad_flag = -9.990e-29
*END*
      3.000   64.96160 -169.88352     1.3744    32.1202    1451.59 0.0000e+00
      4.000   64.96160 -169.88352     1.3730    32.1219    1451.60 0.0000e+00
      5.000   64.96160 -169.88352     1.3725    32.1219    1451.61 0.0000e+00
      6.000   64.96160 -169.88353     1.3771    32.1216    1451.65 0.0000e+00
      7.000   64.96160 -169.88354     1.3728    32.1219    1451.65 0.0000e+00
      8.000   64.96161 -169.88354     1.3734    32.1218    1451.67 0.0000e+00
      9.000   64.96162 -169.88354     1.3623    32.1224    1451.63 0.0000e+00
     10.000   64.96162 -169.88354     1.3567    32.1225    1451.63 0.0000e+00
     11.000   64.96162 -169.88354     1.3241    32.1251    1451.50 0.0000e+00
     12.000   64.96162 -169.88354     1.3349    32.1238    1451.56 0.0000e+00
     13.000   64.96162 -169.88354     1.3436    32.1230    1451.62 0.0000e+00
     14.000   64.96163 -169.88356     1.3249    32.1259    1451.55 0.0000e+00
     15.000   64.96164 -169.88356     1.3380    32.1236    1451.63 0.0000e+00
     16.000   64.96164 -169.88356     1.3397    32.1238    1451.65 0.0000e+00
     17.000   64.96164 -169.88356     1.3520    32.1225    1451.72 0.0000e+00
     18.000   64.96164 -169.88356     1.3421    32.1234    1451.69 0.0000e+00
     19.000   64.96164 -169.88356     1.3433    32.1244    1451.72 0.0000e+00
     20.000   64.96164 -169.88356     1.3597    32.1214    1451.80 0.0000e+00
     21.000   64.96164 -169.88356     1.3015    32.1261    1451.56 0.0000e+00
     22.000   64.96164 -169.88356     1.3005    32.1288    1451.58 0.0000e+00
     23.000   64.96164 -169.88356     1.3387    32.1399    1451.78 0.0000e+00
     24.000   64.96164 -169.88356     1.4149    32.1657    1452.17 0.0000e+00
     25.000   64.96164 -169.88356     1.4896    32.2012    1452.57 0.0000e+00
     26.000   64.96164 -169.88356     1.4514    32.3327    1452.59 0.0000e+00
     27.000   64.96164 -169.88356     1.5863    32.4341    1453.34 0.0000e+00
     28.000   64.96164 -169.88356     2.0656    32.4910    1455.55 0.0000e+00
     29.000   64.96164 -169.88356     2.4711    32.6001    1457.48 0.0000e+00
     30.000   64.96164 -169.88356     3.2603    32.7421    1461.08 0.0000e+00
     31.000   64.96164 -169.88356     3.3428    32.7591    1461.47 0.0000e+00
     32.000   64.96164 -169.88356     3.2430    32.7710    1461.08 0.0000e+00
     33.000   64.96166 -169.88356     3.1271    32.7771    1460.61 0.0000e+00
     34.000   64.96166 -169.88358     2.9573    32.7774    1459.90 0.0000e+00
     35.000   64.96166 -169.88358     2.7611    32.7842    1459.08 0.0000e+00
     36.000   64.96166 -169.88358     2.7049    32.7872    1458.86 0.0000e+00
     37.000   64.96166 -169.88358     2.5918    32.7886    1458.38 0.0000e+00
     38.000   64.96166 -169.88358     2.4179    32.7870    1457.64 0.0000e+00
     39.000   64.96166 -169.88358     2.2569    32.7862    1456.96 0.0000e+00
     40.000   64.96166 -169.88358     2.2317    32.7840    1456.86 0.0000e+00
     41.000   64.96166 -169.88358     2.2286    32.7841    1456.86 0.0000e+00
     42.000   64.96166 -169.88358     2.2241    32.7839    1456.86 0.0000e+00
     43.000   64.96167 -169.88358     2.2226    32.7828    1456.87 0.0000e+00
