EcoFOCI/data/1_SampleCollection/2023_SikuliaqDBO_CruiseData/CTD_raw_BottleFile_SKQ23-12S/proc/skq202312s_072avg.cnv
* Sea-Bird SBE 9 Data File:
* FileName = D:\CTD\SKQ202312S\SKQ202312S_072.hex
* Software Version Seasave V 7.26.7.121
* Temperature SN = 6177
* Conductivity SN = 0369
* Number of Bytes Per Scan = 41
* Number of Voltage Words = 4
* Number of Scans Averaged by the Deck Unit = 1
* NMEA Latitude = 68 00.76 N
* NMEA Longitude = 167 52.45 W
* NMEA UTC (Time) = Oct 01 2023  18:46:53
* NMEA baud rate = 4800
** Ship: R/V Sikuliaq
** Station Number: 072
** Station Name: DBO3.5
** Bottom Depth: 52
** Operator: SD
# nquan = 25
# nvalues = 46                          
# units = specified
# name 0 = depSM: Depth [salt water, m]
# name 1 = latitude: Latitude [deg]
# name 2 = longitude: Longitude [deg]
# name 3 = prDM: Pressure, Digiquartz [db]
# name 4 = t090C: Temperature [ITS-90, deg C]
# name 5 = t190C: Temperature, 2 [ITS-90, deg C]
# name 6 = potemp090C: Potential Temperature [ITS-90, deg C]
# name 7 = sal00: Salinity, Practical [PSU]
# name 8 = sal11: Salinity, Practical, 2 [PSU]
# name 9 = density00: Density [density, kg/m^3]
# name 10 = sigma-é00: Density [sigma-theta, kg/m^3]
# name 11 = sbox0Mm/Kg: Oxygen, SBE 43 [umol/kg]
# name 12 = sbox1Mm/Kg: Oxygen, SBE 43, 2 [umol/kg]
# name 13 = oxsolMm/Kg: Oxygen Saturation, Garcia & Gordon [umol/kg]
# name 14 = sbeox0PS: Oxygen, SBE 43 [% saturation]
# name 15 = sbeox1PS: Oxygen, SBE 43, 2 [% saturation]
# name 16 = v0: Voltage 0
# name 17 = flECO-AFL: Fluorescence, WET Labs ECO-AFL/FL [mg/m^3]
# name 18 = v1: Voltage 1
# name 19 = CStarAt0: Beam Attenuation, WET Labs C-Star [1/m]
# name 20 = par: PAR/Irradiance, Biospherical/Licor
# name 21 = scan: Scan Count
# name 22 = timeM: Time, Elapsed [minutes]
# name 23 = nbin: number of scans per bin
# name 24 = flag: flag
# span 0 =      2.970,     47.514       
# span 1 =   68.01181,   68.01235       
# span 2 = -167.87382, -167.87299       
# span 3 =      3.000,     48.000       
# span 4 =     2.8274,     5.3925       
# span 5 =     2.8321,     5.3959       
# span 6 =     2.8259,     5.3914       
# span 7 =    29.1843,    32.2885       
# span 8 =    29.1950,    32.2977       
# span 9 =  1023.1139,  1025.9457       
# span 10 =    23.0978,    25.7203      
# span 11 =    235.701,    306.474      
# span 12 =    225.270,    293.959      
# span 13 =  314.72857,  331.17941      
# span 14 =     71.605,     94.786      
# span 15 =     68.441,     90.934      
# span 16 =     0.0826,     0.4467      
# span 17 =     0.1476,     2.3319      
# span 18 =     3.0953,     4.1819      
# span 19 =     0.4777,     1.6836      
# span 20 = 2.8547e-06, 5.5740e+01      
# span 21 =       -105,       6342      
# span 22 =    -0.0737,     4.4033      
# span 23 =         27,       1105      
# span 24 = 0.0000e+00, 0.0000e+00      
# interval = decibars: 1                
# start_time = Oct 01 2023 18:50:54 [NMEA time, first data scan]
# bad_flag = -9.990e-29
*END*
      2.970   68.01235 -167.87382      3.000     4.7186     4.7159     4.7184    29.1891    29.1995  1023.1139    23.0998    305.068    292.419  323.19163     94.392     90.480     0.4467     2.3319     3.8340     0.8253 5.5740e+01       -105    -0.0737         51 0.0000e+00
      3.960   68.01232 -167.87377      4.000     4.7041     4.7068     4.7039    29.1862    29.1975  1023.1176    23.0989    305.289    293.508  323.31141     94.426     90.795     0.4183     2.1620     3.8347     0.8245 4.4732e+01        316     0.2191        182 0.0000e+00
      4.950   68.01230 -167.87374      5.000     4.7016     4.7012     4.7012    29.1857    29.1962  1023.1222    23.0988    306.474    293.368  323.33262     94.786     90.739     0.4246     2.2000     3.8281     0.8314 3.4564e+01        503     0.3484        131 0.0000e+00
      5.940   68.01228 -167.87373      6.000     4.6962     4.6951     4.6958    29.1843    29.1950  1023.1263    23.0983    306.015    293.556  323.37777     94.631     90.783     0.4337     2.2539     3.8332     0.8261 2.5703e+01        648     0.4491        161 0.0000e+00
      6.930   68.01226 -167.87372      7.000     4.6967     4.6987     4.6962    29.1852    29.1951  1023.1316    23.0989    305.603    292.937  323.37202     94.505     90.599     0.4327     2.2484     3.8340     0.8252 2.0955e+01        808     0.5601        127 0.0000e+00
      7.920   68.01225 -167.87372      8.000     4.7064     4.7083     4.7058    29.1850    29.1961  1023.1352    23.0978    306.073    293.703  323.29692     94.672     90.858     0.4232     2.1912     3.8332     0.8261 1.6379e+01        928     0.6435        146 0.0000e+00
      8.910   68.01223 -167.87371      9.000     4.7059     4.7070     4.7053    29.1851    29.1959  1023.1400    23.0979    306.227    293.959  323.30027     94.719     90.934     0.4277     2.2186     3.8208     0.8393 1.3259e+01       1067     0.7402        146 0.0000e+00
      9.900   68.01221 -167.87371     10.000     4.7056     4.7060     4.7050    29.1850    29.1952  1023.1447    23.0979    305.397    293.635  323.30261     94.461     90.831     0.4346     2.2597     3.6649     1.0216 1.0457e+01       1210     0.8396        107 0.0000e+00
     10.890   68.01219 -167.87371     11.000     4.7279     4.7295     4.7271    29.2580    29.2543  1023.2050    23.1535    305.415    293.295  322.95327     94.570     90.818     0.4359     2.2677     3.8590     0.7962 8.7024e+00       1353     0.9390        156 0.0000e+00
     11.880   68.01218 -167.87370     12.000     4.7843     4.7846     4.7836    29.5925    29.6057  1023.4691    23.4130    303.539    292.106  321.70774     94.352     90.808     0.3599     1.8113     3.9274     0.7290 7.1028e+00       1493     1.0363        147 0.0000e+00
     12.870   68.01216 -167.87367     13.000     4.7784     4.7832     4.7776    30.1662    30.1664  1023.9288    23.8681    299.368    288.225  320.37623     93.442     89.974     0.2493     1.1480     4.0359     0.6203 5.6769e+00       1612     1.1184        129 0.0000e+00
     13.859   68.01216 -167.87366     14.000     4.9531     4.9576     4.9521    30.4066    30.4112  1024.1058    24.0406    293.863    283.061  318.46469     92.275     88.896     0.1903     0.7936     4.1131     0.5441 4.6450e+00       1727     1.1984         78 0.0000e+00
     14.849   68.01214 -167.87364     15.000     5.2615     5.2862     5.2604    30.5523    30.5356  1024.1929    24.1231    291.791    281.262  315.78849     92.401     89.107     0.1694     0.6683     4.0943     0.5625 3.7399e+00       1784     1.2383         34 0.0000e+00
     15.839   68.01214 -167.87362     16.000     5.3925     5.3959     5.3914    30.5851    30.5931  1024.2092    24.1348    292.644    279.472  314.72857     92.983     88.810     0.1580     0.6003     4.1462     0.5120 3.2488e+00       1813     1.2586         31 0.0000e+00
     16.829   68.01214 -167.87361     17.000     5.3784     5.3674     5.3772    30.5962    30.5982  1024.2242    24.1452    289.828    278.607  314.80807     92.065     88.479     0.1553     0.5836     4.1572     0.5014 2.8619e+00       1904     1.3213        118 0.0000e+00
     17.819   68.01214 -167.87359     18.000     5.1252     5.0724     5.1239    30.6304    30.6913  1024.2831    24.1993    292.562    280.198  316.63697     92.396     88.420     0.1449     0.5215     4.1594     0.4994 2.4411e+00       1964     1.3630         31 0.0000e+00
     18.809   68.01214 -167.87357     19.000     4.9421     4.9529     4.9408    30.7687    30.7693  1024.4169    24.3284    291.083    279.801  317.69013     91.624     88.096     0.1229     0.3893     4.1819     0.4777 2.0783e+00       1994     1.3841         32 0.0000e+00
     19.799   68.01214 -167.87356     20.000     3.8396     3.8215     3.8383    30.7492    30.8151  1024.5124    24.4187    296.746    282.849  326.38443     90.918     86.671     0.1134     0.3322     4.1731     0.4862 1.9042e+00       2040     1.4162         70 0.0000e+00
     20.789   68.01212 -167.87355     21.000     3.6944     3.7029     3.6932    30.9626    30.9766  1024.7025    24.6040    297.904    278.033  326.94941     91.111     85.060     0.1082     0.3010     4.1515     0.5069 1.7762e+00       2113     1.4663         54 0.0000e+00
     21.779   68.01212 -167.87352     22.000     4.5420     4.5781     4.5405    31.3172    31.2903  1024.9069    24.8043    288.981    278.049  319.44553     90.461     87.100     0.1013     0.2600     4.1412     0.5168 1.5427e+00       2151     1.4933         31 0.0000e+00
     22.769   68.01212 -167.87351     23.000     3.9266     3.9204     3.9252    31.3959    31.4214  1025.0348    24.9271    297.568    284.319  324.04272     91.828     87.745     0.0857     0.1658     4.1052     0.5519 1.3560e+00       2184     1.5163         37 0.0000e+00
     23.759   68.01212 -167.87350     24.000     3.8480     3.7576     3.8465    31.5573    31.6115  1025.1744    25.0621    270.910    263.707  324.29220     83.570     81.209     0.0880     0.1800     4.0794     0.5770 1.3061e+00       2250     1.5615         85 0.0000e+00
     24.748   68.01212 -167.87348     25.000     2.9522     2.9643     2.9508    31.6772    31.6729  1025.3552    25.2376    259.944    249.735  331.17941     78.485     75.421     0.0898     0.1906     4.1249     0.5327 1.1918e+00       2311     1.6039         35 0.0000e+00
     25.738   68.01212 -167.87346     26.000     3.3627     3.3351     3.3611    32.0391    32.0707  1025.6126    25.4906    267.252    253.375  326.95169     81.736     77.458     0.0839     0.1556     4.1136     0.5439 1.0215e+00       2339     1.6236         27 0.0000e+00
     26.728   68.01212 -167.87345     27.000     2.9379     2.9215     2.9364    32.1690    32.2032  1025.7579    25.6310    289.661    271.004  330.06682     87.754     82.090     0.0826     0.1476     3.6964     0.9795 9.3954e-01       2369     1.6447         36 0.0000e+00
     27.718   68.01212 -167.87344     28.000     2.8274     2.8321     2.8259    32.1937    32.2110  1025.7917    25.6600    266.135    255.593  330.90771     80.425     77.258     0.0876     0.1774     3.3449     1.3721 9.2161e-01       2428     1.6856         82 0.0000e+00
     28.708   68.01210 -167.87342     29.000     2.8587     2.8628     2.8571    32.2011    32.2145  1025.7996    25.6633    248.584    236.608  330.63267     75.184     71.577     0.0879     0.1795     3.2852     1.4434 7.4654e-01       2495     1.7318         44 0.0000e+00
     29.698   68.01210 -167.87340     30.000     2.8784     2.8781     2.8768    32.2036    32.2169  1025.8047    25.6636    248.136    237.514  330.46484     75.087     71.879     0.0852     0.1630     3.2731     1.4582 5.9262e-01       2532     1.7573         33 0.0000e+00
     30.688   68.01210 -167.87339     31.000     2.8841     2.8848     2.8824    32.2035    32.2173  1025.8089    25.6631    248.350    236.886  330.41813     75.162     71.701     0.0857     0.1659     3.2832     1.4459 4.7313e-01       2569     1.7836         47 0.0000e+00
     31.677   68.01210 -167.87338     32.000     2.8878     2.8889     2.8860    32.2031    32.2160  1025.8129    25.6625    248.174    236.441  330.38920     75.116     71.573     0.0862     0.1693     3.2815     1.4479 3.5797e-01       2630     1.8255         69 0.0000e+00
     32.667   68.01210 -167.87337     33.000     2.8942     2.8978     2.8923    32.2045    32.2172  1025.8182    25.6631    248.559    236.609  330.33347     75.245     71.641     0.0852     0.1630     3.2771     1.4532 2.5956e-01       2689     1.8669         44 0.0000e+00
     33.657   68.01208 -167.87335     34.000     2.9111     2.9127     2.9092    32.2068    32.2193  1025.8233    25.6635    248.349    237.013  330.18959     75.214     71.791     0.0850     0.1621     3.2589     1.4756 2.0103e-01       2726     1.8921         30 0.0000e+00
     34.647   68.01208 -167.87334     35.000     2.9132     2.9138     2.9112    32.2071    32.2200  1025.8281    25.6636    247.612    236.817  330.17142     74.995     71.734     0.0855     0.1649     3.2418     1.4966 1.4536e-01       2759     1.9155         41 0.0000e+00
     35.637   68.01208 -167.87334     36.000     2.9141     2.9152     2.9121    32.2077    32.2203  1025.8331    25.6640    246.215    236.480  330.16273     74.574     71.634     0.0871     0.1746     3.2288     1.5127 9.6629e-02       2821     1.9580         75 0.0000e+00
     36.626   68.01208 -167.87332     37.000     2.9212     2.9221     2.9192    32.2102    32.2221  1025.8392    25.6654    246.052    236.479  330.09796     74.539     71.647     0.0869     0.1732     3.2360     1.5037 6.3029e-02       2882     2.0008         46 0.0000e+00
     37.617   68.01208 -167.87331     38.000     2.9268     2.9278     2.9247    32.2124    32.2246  1025.8452    25.6667    246.292    235.459  330.04688     74.623     71.349     0.0841     0.1566     3.2480     1.4889 3.5507e-02       2921     2.0278         33 0.0000e+00
     38.606   68.01208 -167.87330     39.000     2.9292     2.9300     2.9270    32.2145    32.2267  1025.8514    25.6682    246.547    235.428  330.02203     74.706     71.345     0.0846     0.1596     3.2367     1.5029 1.1866e-02       2964     2.0577         61 0.0000e+00
     39.596   68.01208 -167.87330     40.000     2.9289     2.9298     2.9267    32.2154    32.2276  1025.8568    25.6689    245.247    235.790  330.02175     74.312     71.455     0.0846     0.1593     3.2133     1.5319 8.5304e-04       3022     2.0980         43 0.0000e+00
     40.586   68.01206 -167.87328     41.000     2.9315     2.9324     2.9292    32.2169    32.2286  1025.8625    25.6699    244.952    234.388  329.99753     74.228     71.035     0.0845     0.1589     3.2075     1.5392 7.7255e-06       3057     2.1220         32 0.0000e+00
     41.576   68.01206 -167.87328     42.000     2.9474     2.9497     2.9450    32.2252    32.2365  1025.8725    25.6752    243.796    233.846  329.84680     73.912     70.905     0.0842     0.1573     3.1823     1.5708 3.9935e-06       3116     2.1631         87 0.0000e+00
     42.565   68.01206 -167.87326     43.000     2.9641     2.9656     2.9617    32.2320    32.2432  1025.8811    25.6792    243.159    232.804  329.69301     73.753     70.621     0.0833     0.1521     3.1647     1.5930 3.3737e-06       3187     2.2128         66 0.0000e+00
     43.555   68.01197 -167.87319     44.000     2.9798     2.9809     2.9773    32.2390    32.2499  1025.8901    25.6834    240.668    229.899  329.54764     73.030     69.770     0.0865     0.1708     3.0953     1.6836 2.8547e-06       4127     2.8650        174 0.0000e+00
     44.545   68.01196 -167.87320     45.000     2.9839     2.9851     2.9813    32.2434    32.2538  1025.8980    25.6866    240.636    229.871  329.50346     73.030     69.770     0.0838     0.1550     3.1269     1.6411 2.9386e-06       4130     2.8673         49 0.0000e+00
     45.535   68.01196 -167.87320     46.000     2.9905     2.9914     2.9879    32.2537    32.2644  1025.9103    25.6943    240.046    229.965  329.42377     72.868     69.815     0.0856     0.1657     3.1202     1.6496 3.4756e-06       4224     2.9323        104 0.0000e+00
     46.524   68.01195 -167.87318     47.000     2.9953     2.9965     2.9927    32.2659    32.2768  1025.9244    25.7037    237.537    227.693  329.35370     72.122     69.141     0.0849     0.1614     3.1354     1.6301 3.7168e-06       4347     3.0180        111 0.0000e+00
     47.514   68.01181 -167.87299     48.000     3.0111     3.0111     3.0084    32.2885    32.2977  1025.9457    25.7203    235.701    225.270  329.16903     71.605     68.441     0.0828     0.1488     3.1848     1.5674 3.0066e-06       6342     4.4033       1105 0.0000e+00
