EcoFOCI/data/1_SampleCollection/2023_SikuliaqDBO_CruiseData/CTD_raw_BottleFile_SKQ23-12S/proc/skq202312s_080svp.cnv
* Sea-Bird SBE 9 Data File:
* FileName = D:\CTD\SKQ202312S\SKQ202312S_080.hex
* Software Version Seasave V 7.26.7.121
* Temperature SN = 6177
* Conductivity SN = 0369
* Number of Bytes Per Scan = 41
* Number of Voltage Words = 4
* Number of Scans Averaged by the Deck Unit = 1
* NMEA Latitude = 65 42.89 N
* NMEA Longitude = 168 33.35 W
* NMEA UTC (Time) = Oct 03 2023  08:21:36
* NMEA baud rate = 4800
** Ship: R/V Sikuliaq
** Station Number: 080
** Station Name: BS5
** Bottom Depth: 52
** Operator: SD
# nquan = 7
# nvalues = 3507                                  
# units = specified
# name 0 = depSM: Depth [salt water, m]
# name 1 = latitude: Latitude [deg]
# name 2 = longitude: Longitude [deg]
# name 3 = t090C: Temperature [ITS-90, deg C]
# name 4 = sal00: Salinity, Practical [PSU]
# name 5 = svCM: Sound Velocity [Chen-Millero, m/s]
# name 6 = flag:  0.000e+00
# span 0 =      2.282,     47.360                 
# span 1 =   65.71490,   65.71494                 
# span 2 = -168.55594, -168.55572                 
# span 3 =     2.8346,     6.5651                 
# span 4 =    26.2910,    32.7164                 
# span 5 =    1459.42,    1472.75                 
# span 6 = 0.0000e+00, 0.0000e+00                 
# interval = seconds: 0.0416667
# start_time = Oct 03 2023 08:24:18 [NMEA time, first data scan]
# bad_flag = -9.990e-29
*END*
[from data line 3283]
     45.980   65.71494 -168.55572     2.8349    32.7133    1459.48  0.000e+00
     45.926   65.71494 -168.55572     2.8349    32.7130    1459.48  0.000e+00
     46.041   65.71494 -168.55572     2.8349    32.7130    1459.49  0.000e+00
     45.980   65.71494 -168.55572     2.8352    32.7132    1459.49  0.000e+00
     45.980   65.71494 -168.55572     2.8349    32.7130    1459.48  0.000e+00
     46.034   65.71494 -168.55572     2.8349    32.7128    1459.48  0.000e+00
     45.980   65.71494 -168.55572     2.8351    32.7131    1459.48  0.000e+00
     46.041   65.71494 -168.55572     2.8350    32.7128    1459.49  0.000e+00
     45.980   65.71494 -168.55572     2.8347    32.7132    1459.48  0.000e+00
     46.041   65.71494 -168.55572     2.8351    32.7129    1459.49  0.000e+00
     46.041   65.71494 -168.55572     2.8347    32.7134    1459.49  0.000e+00
     46.041   65.71494 -168.55572     2.8349    32.7131    1459.49  0.000e+00
     46.034   65.71494 -168.55572     2.8349    32.7131    1459.49  0.000e+00
     46.041   65.71494 -168.55572     2.8347    32.7130    1459.48  0.000e+00
     46.041   65.71494 -168.55572     2.8349    32.7130    1459.49  0.000e+00
     46.041   65.71494 -168.55572     2.8349    32.7133    1459.49  0.000e+00
     46.041   65.71494 -168.55572     2.8346    32.7134    1459.48  0.000e+00
     46.041   65.71494 -168.55572     2.8347    32.7134    1459.49  0.000e+00
     46.041   65.71494 -168.55572     2.8349    32.7131    1459.49  0.000e+00
     46.095   65.71494 -168.55572     2.8349    32.7130    1459.49  0.000e+00
     46.034   65.71494 -168.55572     2.8346    32.7132    1459.48  0.000e+00
     46.041   65.71494 -168.55572     2.8347    32.7130    1459.48  0.000e+00
     46.095   65.71494 -168.55572     2.8347    32.7125    1459.48  0.000e+00
     46.041   65.71494 -168.55572     2.8346    32.7130    1459.48  0.000e+00
     46.095   65.71494 -168.55572     2.8349    32.7125    1459.49  0.000e+00
     46.095   65.71494 -168.55572     2.8347    32.7130    1459.49  0.000e+00
     46.095   65.71494 -168.55572     2.8347    32.7126    1459.48  0.000e+00
     46.095   65.71494 -168.55572     2.8347    32.7128    1459.49  0.000e+00
     46.095   65.71494 -168.55572     2.8347    32.7129    1459.49  0.000e+00
     46.095   65.71494 -168.55572     2.8347    32.7133    1459.49  0.000e+00
     46.157   65.71494 -168.55572     2.8349    32.7133    1459.49  0.000e+00
     46.157   65.71494 -168.55572     2.8347    32.7130    1459.49  0.000e+00
     46.095   65.71494 -168.55572     2.8347    32.7138    1459.49  0.000e+00
     46.157   65.71494 -168.55572     2.8349    32.7130    1459.49  0.000e+00
     46.157   65.71494 -168.55572     2.8349    32.7131    1459.49  0.000e+00
     46.211   65.71494 -168.55572     2.8351    32.7127    1459.49  0.000e+00
     46.157   65.71494 -168.55572     2.8349    32.7133    1459.49  0.000e+00
     46.157   65.71494 -168.55572     2.8351    32.7130    1459.49  0.000e+00
     46.211   65.71494 -168.55572     2.8352    32.7131    1459.49  0.000e+00
     46.157   65.71494 -168.55572     2.8349    32.7136    1459.49  0.000e+00
     46.211   65.71494 -168.55572     2.8352    32.7132    1459.49  0.000e+00
     46.211   65.71494 -168.55572     2.8352    32.7130    1459.49  0.000e+00
     46.211   65.71494 -168.55572     2.8352    32.7134    1459.49  0.000e+00
     46.265   65.71494 -168.55572     2.8351    32.7141    1459.49  0.000e+00
     46.273   65.71494 -168.55572     2.8352    32.7138    1459.49  0.000e+00
     46.273   65.71494 -168.55572     2.8352    32.7142    1459.49  0.000e+00
     46.273   65.71494 -168.55572     2.8352    32.7139    1459.49  0.000e+00
     46.273   65.71494 -168.55572     2.8351    32.7142    1459.49  0.000e+00
     46.327   65.71494 -168.55572     2.8351    32.7142    1459.49  0.000e+00
     46.327   65.71494 -168.55572     2.8351    32.7142    1459.49  0.000e+00
     46.327   65.71494 -168.55572     2.8351    32.7135    1459.49  0.000e+00
     46.381   65.71494 -168.55572     2.8351    32.7133    1459.49  0.000e+00
     46.381   65.71494 -168.55572     2.8351    32.7137    1459.49  0.000e+00
     46.381   65.71494 -168.55572     2.8351    32.7139    1459.49  0.000e+00
     46.327   65.71494 -168.55572     2.8351    32.7139    1459.49  0.000e+00
     46.497   65.71494 -168.55572     2.8351    32.7140    1459.49  0.000e+00
     46.381   65.71494 -168.55572     2.8349    32.7139    1459.49  0.000e+00
     46.443   65.71494 -168.55572     2.8351    32.7138    1459.49  0.000e+00
     46.497   65.71494 -168.55572     2.8352    32.7139    1459.50  0.000e+00
     46.497   65.71494 -168.55572     2.8351    32.7141    1459.49  0.000e+00
     46.497   65.71494 -168.55572     2.8352    32.7144    1459.50  0.000e+00
     46.558   65.71494 -168.55572     2.8349    32.7146    1459.50  0.000e+00
     46.612   65.71494 -168.55572     2.8351    32.7143    1459.50  0.000e+00
     46.558   65.71494 -168.55572     2.8349    32.7149    1459.50  0.000e+00
     46.612   65.71494 -168.55572     2.8352    32.7147    1459.50  0.000e+00
     46.612   65.71494 -168.55572     2.8349    32.7151    1459.50  0.000e+00
     46.612   65.71494 -168.55572     2.8347    32.7152    1459.50  0.000e+00
     46.612   65.71494 -168.55572     2.8351    32.7149    1459.50  0.000e+00
     46.674   65.71494 -168.55572     2.8348    32.7153    1459.50  0.000e+00
     46.728   65.71494 -168.55572     2.8351    32.7156    1459.50  0.000e+00
     46.612   65.71494 -168.55572     2.8352    32.7154    1459.50  0.000e+00
     46.728   65.71494 -168.55572     2.8351    32.7152    1459.50  0.000e+00
     46.728   65.71494 -168.55572     2.8349    32.7155    1459.50  0.000e+00
     46.728   65.71494 -168.55572     2.8349    32.7158    1459.50  0.000e+00
     46.782   65.71494 -168.55572     2.8351    32.7155    1459.50  0.000e+00
     46.782   65.71494 -168.55572     2.8349    32.7162    1459.50  0.000e+00
     46.782   65.71494 -168.55572     2.8352    32.7157    1459.50  0.000e+00
     46.782   65.71494 -168.55572     2.8351    32.7157    1459.50  0.000e+00
     46.844   65.71494 -168.55572     2.8351    32.7157    1459.50  0.000e+00
     46.844   65.71494 -168.55572     2.8352    32.7157    1459.50  0.000e+00
     46.844   65.71494 -168.55572     2.8351    32.7155    1459.50  0.000e+00
     46.898   65.71494 -168.55572     2.8351    32.7160    1459.50  0.000e+00
     46.844   65.71494 -168.55572     2.8351    32.7158    1459.50  0.000e+00
     46.898   65.71494 -168.55572     2.8354    32.7155    1459.50  0.000e+00
     46.952   65.71494 -168.55572     2.8349    32.7158    1459.50  0.000e+00
     46.898   65.71494 -168.55572     2.8352    32.7157    1459.50  0.000e+00
     46.959   65.71494 -168.55572     2.8351    32.7156    1459.50  0.000e+00
     46.959   65.71494 -168.55572     2.8352    32.7152    1459.50  0.000e+00
     46.959   65.71494 -168.55572     2.8352    32.7154    1459.50  0.000e+00
     46.959   65.71494 -168.55572     2.8351    32.7158    1459.50  0.000e+00
     47.013   65.71494 -168.55572     2.8352    32.7155    1459.51  0.000e+00
     47.013   65.71494 -168.55572     2.8349    32.7157    1459.50  0.000e+00
     47.013   65.71494 -168.55572     2.8352    32.7152    1459.51  0.000e+00
     47.013   65.71494 -168.55572     2.8354    32.7156    1459.51  0.000e+00
     47.013   65.71494 -168.55572     2.8351    32.7161    1459.51  0.000e+00
     47.075   65.71494 -168.55572     2.8352    32.7159    1459.51  0.000e+00
     47.075   65.71494 -168.55572     2.8352    32.7151    1459.51  0.000e+00
     47.075   65.71494 -168.55572     2.8352    32.7152    1459.51  0.000e+00
     47.075   65.71494 -168.55572     2.8352    32.7154    1459.51  0.000e+00
     47.129   65.71494 -168.55572     2.8351    32.7157    1459.51  0.000e+00
     47.075   65.71494 -168.55572     2.8352    32.7161    1459.51  0.000e+00
     47.129   65.71494 -168.55572     2.8352    32.7160    1459.51  0.000e+00
     47.129   65.71494 -168.55572     2.8352    32.7159    1459.51  0.000e+00
     47.129   65.71494 -168.55572     2.8352    32.7161    1459.51  0.000e+00
     47.129   65.71494 -168.55572     2.8352    32.7160    1459.51  0.000e+00
     47.129   65.71494 -168.55572     2.8351    32.7161    1459.51  0.000e+00
     47.183   65.71494 -168.55572     2.8351    32.7163    1459.51  0.000e+00
     47.129   65.71494 -168.55572     2.8351    32.7164    1459.51  0.000e+00
     47.183   65.71494 -168.55572     2.8351    32.7163    1459.51  0.000e+00
     47.183   65.71494 -168.55572     2.8351    32.7161    1459.51  0.000e+00
     47.129   65.71494 -168.55572     2.8351    32.7163    1459.51  0.000e+00
     47.237   65.71494 -168.55572     2.8354    32.7160    1459.51  0.000e+00
     47.183   65.71494 -168.55572     2.8351    32.7163    1459.51  0.000e+00
     47.129   65.71494 -168.55572     2.8351    32.7164    1459.51  0.000e+00
     47.183   65.71494 -168.55572     2.8352    32.7162    1459.51  0.000e+00
     47.183   65.71494 -168.55572     2.8354    32.7158    1459.51  0.000e+00
     47.183   65.71494 -168.55572     2.8354    32.7159    1459.51  0.000e+00
     47.183   65.71494 -168.55572     2.8351    32.7161    1459.51  0.000e+00
     47.183   65.71494 -168.55572     2.8352    32.7161    1459.51  0.000e+00
     47.183   65.71494 -168.55572     2.8355    32.7156    1459.51  0.000e+00
     47.183   65.71494 -168.55572     2.8355    32.7156    1459.51  0.000e+00
     47.245   65.71494 -168.55572     2.8357    32.7151    1459.51  0.000e+00
     47.245   65.71494 -168.55572     2.8357    32.7153    1459.51  0.000e+00
     47.183   65.71494 -168.55572     2.8359    32.7154    1459.51  0.000e+00
     47.183   65.71494 -168.55572     2.8362    32.7152    1459.51  0.000e+00
     47.183   65.71494 -168.55572     2.8362    32.7150    1459.51  0.000e+00
     47.183   65.71494 -168.55572     2.8365    32.7142    1459.51  0.000e+00
     47.129   65.71494 -168.55572     2.8367    32.7138    1459.51  0.000e+00
     47.129   65.71494 -168.55572     2.8368    32.7140    1459.51  0.000e+00
     47.067   65.71494 -168.55572     2.8368    32.7145    1459.51  0.000e+00
     47.129   65.71494 -168.55572     2.8369    32.7140    1459.51  0.000e+00
     47.075   65.71494 -168.55572     2.8368    32.7143    1459.51  0.000e+00
     47.013   65.71494 -168.55572     2.8366    32.7146    1459.51  0.000e+00
     47.075   65.71494 -168.55572     2.8366    32.7138    1459.51  0.000e+00
     47.075   65.71494 -168.55572     2.8366    32.7132    1459.51  0.000e+00
     47.075   65.71494 -168.55572     2.8365    32.7143    1459.51  0.000e+00
     47.075   65.71494 -168.55572     2.8363    32.7146    1459.51  0.000e+00
     47.075   65.71494 -168.55572     2.8362    32.7151    1459.51  0.000e+00
     47.013   65.71494 -168.55572     2.8363    32.7147    1459.51  0.000e+00
     47.075   65.71494 -168.55572     2.8362    32.7149    1459.51  0.000e+00
     47.129   65.71494 -168.55572     2.8359    32.7153    1459.51  0.000e+00
     47.013   65.71494 -168.55572     2.8357    32.7150    1459.51  0.000e+00
     47.075   65.71494 -168.55572     2.8360    32.7150    1459.51  0.000e+00
     47.013   65.71494 -168.55572     2.8357    32.7152    1459.51  0.000e+00
     47.013   65.71494 -168.55572     2.8357    32.7150    1459.51  0.000e+00
     47.013   65.71494 -168.55572     2.8355    32.7148    1459.51  0.000e+00
     47.013   65.71494 -168.55572     2.8355    32.7150    1459.51  0.000e+00
     47.013   65.71494 -168.55572     2.8354    32.7146    1459.51  0.000e+00
     47.013   65.71494 -168.55572     2.8352    32.7147    1459.50  0.000e+00
     46.959   65.71494 -168.55572     2.8355    32.7147    1459.51  0.000e+00
     46.959   65.71494 -168.55572     2.8352    32.7149    1459.50  0.000e+00
     47.013   65.71494 -168.55572     2.8352    32.7150    1459.51  0.000e+00
     46.959   65.71494 -168.55572     2.8354    32.7147    1459.50  0.000e+00
     46.959   65.71494 -168.55572     2.8352    32.7150    1459.50  0.000e+00
     47.013   65.71494 -168.55572     2.8351    32.7153    1459.50  0.000e+00
     46.959   65.71494 -168.55572     2.8350    32.7153    1459.50  0.000e+00
     47.013   65.71494 -168.55572     2.8351    32.7155    1459.51  0.000e+00
     46.959   65.71494 -168.55572     2.8351    32.7156    1459.50  0.000e+00
     46.959   65.71494 -168.55572     2.8354    32.7155    1459.51  0.000e+00
     46.959   65.71494 -168.55572     2.8352    32.7155    1459.50  0.000e+00
     47.013   65.71494 -168.55572     2.8352    32.7156    1459.51  0.000e+00
     46.959   65.71494 -168.55572     2.8354    32.7156    1459.51  0.000e+00
     46.959   65.71494 -168.55572     2.8355    32.7154    1459.51  0.000e+00
     46.959   65.71494 -168.55572     2.8357    32.7154    1459.51  0.000e+00
     46.959   65.71494 -168.55572     2.8355    32.7157    1459.51  0.000e+00
     46.951   65.71494 -168.55572     2.8354    32.7158    1459.51  0.000e+00
     46.959   65.71494 -168.55572     2.8357    32.7155    1459.51  0.000e+00
     46.959   65.71494 -168.55572     2.8357    32.7155    1459.51  0.000e+00
     46.959   65.71494 -168.55572     2.8359    32.7154    1459.51  0.000e+00
     46.959   65.71494 -168.55572     2.8357    32.7155    1459.51  0.000e+00
     47.013   65.71494 -168.55572     2.8360    32.7154    1459.51  0.000e+00
     46.959   65.71494 -168.55572     2.8362    32.7149    1459.51  0.000e+00
     47.013   65.71494 -168.55572     2.8365    32.7146    1459.51  0.000e+00
     46.959   65.71494 -168.55572     2.8365    32.7145    1459.51  0.000e+00
     47.013   65.71494 -168.55572     2.8366    32.7143    1459.51  0.000e+00
     46.959   65.71494 -168.55572     2.8365    32.7143    1459.51  0.000e+00
     47.013   65.71494 -168.55572     2.8366    32.7144    1459.51  0.000e+00
     47.013   65.71494 -168.55572     2.8366    32.7139    1459.51  0.000e+00
     46.959   65.71494 -168.55572     2.8368    32.7138    1459.51  0.000e+00
     47.075   65.71494 -168.55572     2.8369    32.7134    1459.51  0.000e+00
     46.959   65.71494 -168.55572     2.8371    32.7139    1459.51  0.000e+00
     47.013   65.71494 -168.55572     2.8373    32.7132    1459.51  0.000e+00
     47.075   65.71494 -168.55572     2.8375    32.7129    1459.51  0.000e+00
     47.013   65.71494 -168.55572     2.8376    32.7132    1459.51  0.000e+00
     47.013   65.71494 -168.55572     2.8376    32.7133    1459.51  0.000e+00
     47.075   65.71494 -168.55572     2.8374    32.7132    1459.51  0.000e+00
     47.075   65.71494 -168.55572     2.8373    32.7135    1459.51  0.000e+00
     47.075   65.71494 -168.55572     2.8371    32.7140    1459.51  0.000e+00
     47.075   65.71494 -168.55572     2.8371    32.7140    1459.51  0.000e+00
     47.075   65.71494 -168.55572     2.8368    32.7146    1459.51  0.000e+00
     47.075   65.71494 -168.55572     2.8366    32.7144    1459.51  0.000e+00
     47.013   65.71494 -168.55572     2.8365    32.7146    1459.51  0.000e+00
     47.244   65.71494 -168.55572     2.8365    32.7148    1459.51  0.000e+00
     47.075   65.71494 -168.55572     2.8362    32.7150    1459.51  0.000e+00
     47.129   65.71494 -168.55572     2.8363    32.7145    1459.51  0.000e+00
     47.129   65.71494 -168.55572     2.8363    32.7145    1459.51  0.000e+00
     47.129   65.71494 -168.55572     2.8363    32.7147    1459.51  0.000e+00
     47.129   65.71494 -168.55572     2.8362    32.7149    1459.51  0.000e+00
     47.183   65.71494 -168.55572     2.8360    32.7148    1459.51  0.000e+00
     47.129   65.71494 -168.55572     2.8360    32.7148    1459.51  0.000e+00
     47.183   65.71494 -168.55572     2.8362    32.7152    1459.51  0.000e+00
     47.183   65.71494 -168.55572     2.8360    32.7154    1459.51  0.000e+00
     47.183   65.71494 -168.55572     2.8362    32.7149    1459.51  0.000e+00
     47.183   65.71494 -168.55572     2.8362    32.7151    1459.51  0.000e+00
