EcoFOCI/data/1_SampleCollection/2023_SikuliaqDBO_CruiseData/CTD_raw_BottleFile_SKQ23-12S/proc/skq202312s_032svp.cnv
* Sea-Bird SBE 9 Data File:
* FileName = D:\CTD\SKQ202312S\SKQ202312S_032.hex
* Software Version Seasave V 7.26.7.121
* Temperature SN = 6177
* Conductivity SN = 0369
* Number of Bytes Per Scan = 41
* Number of Voltage Words = 4
* Number of Scans Averaged by the Deck Unit = 1
* NMEA Latitude = 71 32.18 N
* NMEA Longitude = 157 45.08 W
* NMEA UTC (Time) = Sep 21 2023  12:37:07
* NMEA baud rate = 4800
** Ship: R/V Sikuliaq
** Station Number: 032
** Station Name: DBO5.8
** Bottom Depth: 72
** Operator: SD
# nquan = 7
# nvalues = 7300                                  
# units = specified
# name 0 = depSM: Depth [salt water, m]
# name 1 = latitude: Latitude [deg]
# name 2 = longitude: Longitude [deg]
# name 3 = t090C: Temperature [ITS-90, deg C]
# name 4 = sal00: Salinity, Practical [PSU]
# name 5 = svCM: Sound Velocity [Chen-Millero, m/s]
# name 6 = flag:  0.000e+00
# span 0 =      2.874,     65.566                 
# span 1 =   71.53636,   71.53644                 
# span 2 = -157.75158, -157.75112                 
# span 3 =    -1.6089,     2.4267                 
# span 4 =    29.6885,    32.9300                 
# span 5 =    1439.10,    1453.73                 
# span 6 = 0.0000e+00, 0.0000e+00                 
# interval = seconds: 0.0416667
# start_time = Sep 21 2023 12:41:52 [NMEA time, first data scan]
# bad_flag = -9.990e-29
*END*
[from data line 4103]
     53.496   71.53642 -157.75130    -1.5730    32.8142    1439.69  0.000e+00
     53.434   71.53642 -157.75130    -1.5728    32.8138    1439.69  0.000e+00
     53.550   71.53642 -157.75130    -1.5732    32.8140    1439.69  0.000e+00
     53.550   71.53642 -157.75130    -1.5730    32.8142    1439.69  0.000e+00
     53.550   71.53642 -157.75130    -1.5730    32.8141    1439.69  0.000e+00
     53.604   71.53642 -157.75130    -1.5730    32.8140    1439.69  0.000e+00
     53.604   71.53642 -157.75130    -1.5730    32.8140    1439.69  0.000e+00
     53.666   71.53642 -157.75130    -1.5731    32.8146    1439.69  0.000e+00
     53.720   71.53642 -157.75130    -1.5731    32.8142    1439.69  0.000e+00
     53.720   71.53642 -157.75130    -1.5730    32.8137    1439.69  0.000e+00
     53.720   71.53642 -157.75130    -1.5732    32.8140    1439.69  0.000e+00
     53.781   71.53642 -157.75130    -1.5731    32.8144    1439.69  0.000e+00
     53.781   71.53642 -157.75130    -1.5730    32.8140    1439.69  0.000e+00
     53.835   71.53642 -157.75130    -1.5734    32.8146    1439.69  0.000e+00
     53.897   71.53642 -157.75130    -1.5734    32.8149    1439.69  0.000e+00
     53.897   71.53642 -157.75130    -1.5731    32.8142    1439.69  0.000e+00
     53.897   71.53642 -157.75130    -1.5732    32.8141    1439.69  0.000e+00
     54.005   71.53642 -157.75130    -1.5732    32.8143    1439.69  0.000e+00
     53.951   71.53642 -157.75130    -1.5734    32.8144    1439.69  0.000e+00
     54.005   71.53642 -157.75130    -1.5736    32.8149    1439.69  0.000e+00
     54.005   71.53642 -157.75130    -1.5736    32.8148    1439.69  0.000e+00
     54.067   71.53642 -157.75130    -1.5736    32.8147    1439.69  0.000e+00
     54.121   71.53642 -157.75130    -1.5741    32.8152    1439.69  0.000e+00
     54.121   71.53642 -157.75130    -1.5737    32.8144    1439.69  0.000e+00
     54.121   71.53642 -157.75130    -1.5741    32.8148    1439.69  0.000e+00
     54.121   71.53642 -157.75130    -1.5739    32.8148    1439.69  0.000e+00
     54.236   71.53642 -157.75130    -1.5741    32.8151    1439.69  0.000e+00
     54.182   71.53642 -157.75130    -1.5737    32.8145    1439.69  0.000e+00
     54.236   71.53642 -157.75130    -1.5741    32.8151    1439.69  0.000e+00
     54.298   71.53642 -157.75130    -1.5739    32.8149    1439.70  0.000e+00
     54.236   71.53642 -157.75130    -1.5739    32.8149    1439.70  0.000e+00
     54.352   71.53642 -157.75130    -1.5740    32.8152    1439.70  0.000e+00
     54.298   71.53642 -157.75130    -1.5739    32.8150    1439.70  0.000e+00
     54.352   71.53642 -157.75130    -1.5739    32.8151    1439.70  0.000e+00
     54.406   71.53642 -157.75130    -1.5741    32.8153    1439.70  0.000e+00
     54.352   71.53642 -157.75130    -1.5741    32.8151    1439.70  0.000e+00
     54.406   71.53642 -157.75130    -1.5739    32.8151    1439.70  0.000e+00
     54.468   71.53642 -157.75130    -1.5741    32.8153    1439.70  0.000e+00
     54.406   71.53642 -157.75130    -1.5739    32.8147    1439.70  0.000e+00
     54.468   71.53642 -157.75130    -1.5739    32.8146    1439.70  0.000e+00
     54.468   71.53642 -157.75130    -1.5739    32.8148    1439.70  0.000e+00
     54.522   71.53642 -157.75130    -1.5741    32.8150    1439.70  0.000e+00
     54.468   71.53642 -157.75130    -1.5739    32.8148    1439.70  0.000e+00
     54.583   71.53642 -157.75130    -1.5739    32.8145    1439.70  0.000e+00
     54.522   71.53642 -157.75130    -1.5737    32.8142    1439.70  0.000e+00
     54.522   71.53642 -157.75130    -1.5739    32.8149    1439.70  0.000e+00
     54.522   71.53642 -157.75130    -1.5739    32.8148    1439.70  0.000e+00
     54.583   71.53642 -157.75130    -1.5740    32.8151    1439.70  0.000e+00
     54.583   71.53642 -157.75130    -1.5741    32.8149    1439.70  0.000e+00
     54.637   71.53642 -157.75130    -1.5737    32.8145    1439.70  0.000e+00
     54.583   71.53642 -157.75130    -1.5739    32.8147    1439.70  0.000e+00
     54.583   71.53642 -157.75130    -1.5739    32.8147    1439.70  0.000e+00
     54.637   71.53642 -157.75130    -1.5741    32.8146    1439.70  0.000e+00
     54.583   71.53642 -157.75130    -1.5741    32.8152    1439.70  0.000e+00
     54.637   71.53642 -157.75130    -1.5739    32.8148    1439.70  0.000e+00
     54.637   71.53642 -157.75130    -1.5741    32.8149    1439.70  0.000e+00
     54.637   71.53642 -157.75130    -1.5741    32.8149    1439.70  0.000e+00
     54.699   71.53642 -157.75130    -1.5741    32.8149    1439.70  0.000e+00
     54.637   71.53642 -157.75130    -1.5739    32.8146    1439.70  0.000e+00
     54.637   71.53642 -157.75130    -1.5739    32.8144    1439.70  0.000e+00
     54.637   71.53642 -157.75130    -1.5741    32.8148    1439.70  0.000e+00
     54.637   71.53642 -157.75130    -1.5739    32.8147    1439.70  0.000e+00
     54.637   71.53642 -157.75130    -1.5739    32.8142    1439.70  0.000e+00
     54.699   71.53642 -157.75130    -1.5739    32.8130    1439.70  0.000e+00
     54.637   71.53642 -157.75130    -1.5741    32.8117    1439.70  0.000e+00
     54.637   71.53642 -157.75130    -1.5741    32.8098    1439.69  0.000e+00
     54.637   71.53642 -157.75130    -1.5741    32.8080    1439.69  0.000e+00
     54.699   71.53642 -157.75130    -1.5742    32.8068    1439.69  0.000e+00
     54.637   71.53642 -157.75130    -1.5741    32.8062    1439.69  0.000e+00
     54.637   71.53642 -157.75130    -1.5741    32.8065    1439.69  0.000e+00
     54.637   71.53642 -157.75130    -1.5740    32.8064    1439.69  0.000e+00
     54.637   71.53642 -157.75130    -1.5741    32.8066    1439.69  0.000e+00
     54.699   71.53642 -157.75130    -1.5742    32.8070    1439.69  0.000e+00
     54.637   71.53642 -157.75130    -1.5739    32.8068    1439.69  0.000e+00
     54.583   71.53642 -157.75130    -1.5741    32.8074    1439.69  0.000e+00
     54.699   71.53642 -157.75130    -1.5741    32.8066    1439.69  0.000e+00
     54.637   71.53642 -157.75130    -1.5739    32.8056    1439.69  0.000e+00
     54.637   71.53642 -157.75130    -1.5743    32.8056    1439.69  0.000e+00
     54.637   71.53642 -157.75130    -1.5743    32.8042    1439.69  0.000e+00
     54.637   71.53642 -157.75130    -1.5746    32.8037    1439.68  0.000e+00
     54.637   71.53642 -157.75130    -1.5743    32.8017    1439.68  0.000e+00
     54.637   71.53642 -157.75130    -1.5751    32.8020    1439.68  0.000e+00
     54.637   71.53642 -157.75130    -1.5750    32.8014    1439.68  0.000e+00
     54.637   71.53642 -157.75130    -1.5753    32.8018    1439.68  0.000e+00
     54.637   71.53642 -157.75130    -1.5756    32.8024    1439.68  0.000e+00
     54.637   71.53642 -157.75130    -1.5754    32.8029    1439.68  0.000e+00
     54.637   71.53642 -157.75130    -1.5754    32.8037    1439.68  0.000e+00
     54.637   71.53642 -157.75130    -1.5753    32.8034    1439.68  0.000e+00
     54.637   71.53642 -157.75130    -1.5753    32.8038    1439.68  0.000e+00
     54.637   71.53642 -157.75130    -1.5753    32.8039    1439.68  0.000e+00
     54.637   71.53642 -157.75130    -1.5751    32.8035    1439.68  0.000e+00
     54.637   71.53642 -157.75130    -1.5750    32.8027    1439.68  0.000e+00
     54.699   71.53642 -157.75130    -1.5753    32.8017    1439.68  0.000e+00
     54.637   71.53642 -157.75130    -1.5752    32.8002    1439.68  0.000e+00
     54.637   71.53642 -157.75130    -1.5754    32.8003    1439.67  0.000e+00
     54.699   71.53642 -157.75130    -1.5754    32.8001    1439.68  0.000e+00
     54.699   71.53642 -157.75130    -1.5756    32.8008    1439.68  0.000e+00
     54.637   71.53642 -157.75130    -1.5754    32.8013    1439.68  0.000e+00
     54.699   71.53642 -157.75132    -1.5754    32.8021    1439.68  0.000e+00
     54.699   71.53642 -157.75132    -1.5754    32.8026    1439.68  0.000e+00
     54.753   71.53642 -157.75132    -1.5750    32.8028    1439.68  0.000e+00
     54.753   71.53642 -157.75132    -1.5752    32.8035    1439.68  0.000e+00
     54.699   71.53642 -157.75132    -1.5751    32.8036    1439.68  0.000e+00
     54.753   71.53642 -157.75132    -1.5750    32.8033    1439.68  0.000e+00
     54.807   71.53642 -157.75132    -1.5751    32.8033    1439.68  0.000e+00
     54.753   71.53642 -157.75132    -1.5750    32.8033    1439.68  0.000e+00
     54.807   71.53642 -157.75132    -1.5750    32.8048    1439.69  0.000e+00
     54.807   71.53642 -157.75132    -1.5746    32.8069    1439.69  0.000e+00
     54.806   71.53642 -157.75132    -1.5745    32.8078    1439.69  0.000e+00
     54.922   71.53642 -157.75132    -1.5746    32.8073    1439.69  0.000e+00
     54.868   71.53642 -157.75132    -1.5746    32.8063    1439.69  0.000e+00
     54.922   71.53642 -157.75132    -1.5748    32.8057    1439.69  0.000e+00
     54.868   71.53642 -157.75132    -1.5746    32.8056    1439.69  0.000e+00
     54.984   71.53642 -157.75132    -1.5746    32.8054    1439.69  0.000e+00
     54.984   71.53642 -157.75132    -1.5748    32.8046    1439.69  0.000e+00
     55.038   71.53642 -157.75132    -1.5750    32.8039    1439.69  0.000e+00
     54.984   71.53642 -157.75132    -1.5751    32.8036    1439.69  0.000e+00
     55.100   71.53642 -157.75132    -1.5749    32.8033    1439.69  0.000e+00
     55.100   71.53642 -157.75132    -1.5748    32.8036    1439.69  0.000e+00
     55.154   71.53642 -157.75132    -1.5750    32.8041    1439.69  0.000e+00
     55.154   71.53642 -157.75132    -1.5750    32.8033    1439.69  0.000e+00
     55.208   71.53642 -157.75132    -1.5751    32.8022    1439.69  0.000e+00
     55.208   71.53642 -157.75132    -1.5751    32.8011    1439.69  0.000e+00
     55.269   71.53642 -157.75132    -1.5753    32.8013    1439.69  0.000e+00
     55.323   71.53642 -157.75132    -1.5754    32.8023    1439.69  0.000e+00
     55.323   71.53642 -157.75132    -1.5751    32.8032    1439.69  0.000e+00
     55.385   71.53642 -157.75132    -1.5751    32.8051    1439.69  0.000e+00
     55.439   71.53642 -157.75132    -1.5750    32.8068    1439.70  0.000e+00
     55.439   71.53642 -157.75132    -1.5750    32.8085    1439.70  0.000e+00
     55.493   71.53642 -157.75132    -1.5750    32.8087    1439.70  0.000e+00
     55.555   71.53642 -157.75132    -1.5746    32.8080    1439.70  0.000e+00
     55.555   71.53642 -157.75132    -1.5746    32.8092    1439.71  0.000e+00
     55.670   71.53642 -157.75132    -1.5748    32.8113    1439.71  0.000e+00
     55.670   71.53642 -157.75132    -1.5745    32.8128    1439.71  0.000e+00
     55.724   71.53642 -157.75132    -1.5745    32.8137    1439.71  0.000e+00
     55.786   71.53642 -157.75132    -1.5743    32.8138    1439.72  0.000e+00
     55.786   71.53642 -157.75132    -1.5745    32.8143    1439.72  0.000e+00
     55.840   71.53642 -157.75132    -1.5745    32.8150    1439.72  0.000e+00
     55.902   71.53642 -157.75132    -1.5745    32.8150    1439.72  0.000e+00
     55.956   71.53642 -157.75132    -1.5745    32.8146    1439.72  0.000e+00
     55.956   71.53642 -157.75132    -1.5745    32.8148    1439.72  0.000e+00
     56.010   71.53642 -157.75132    -1.5746    32.8149    1439.72  0.000e+00
     56.126   71.53642 -157.75132    -1.5746    32.8151    1439.72  0.000e+00
     56.072   71.53642 -157.75132    -1.5743    32.8151    1439.72  0.000e+00
     56.187   71.53642 -157.75132    -1.5746    32.8154    1439.72  0.000e+00
     56.241   71.53642 -157.75132    -1.5750    32.8159    1439.72  0.000e+00
     56.241   71.53642 -157.75132    -1.5748    32.8156    1439.72  0.000e+00
     56.303   71.53642 -157.75132    -1.5748    32.8158    1439.73  0.000e+00
     56.357   71.53642 -157.75132    -1.5748    32.8160    1439.73  0.000e+00
     56.357   71.53642 -157.75132    -1.5749    32.8163    1439.73  0.000e+00
     56.411   71.53642 -157.75132    -1.5750    32.8166    1439.73  0.000e+00
     56.527   71.53642 -157.75132    -1.5751    32.8162    1439.73  0.000e+00
     56.527   71.53642 -157.75132    -1.5751    32.8164    1439.73  0.000e+00
     56.527   71.53642 -157.75132    -1.5754    32.8168    1439.73  0.000e+00
     56.642   71.53642 -157.75132    -1.5753    32.8164    1439.73  0.000e+00
     56.642   71.53642 -157.75132    -1.5757    32.8171    1439.73  0.000e+00
     56.704   71.53642 -157.75132    -1.5756    32.8170    1439.73  0.000e+00
     56.704   71.53642 -157.75132    -1.5760    32.8174    1439.73  0.000e+00
     56.758   71.53642 -157.75132    -1.5762    32.8179    1439.73  0.000e+00
     56.812   71.53642 -157.75132    -1.5763    32.8178    1439.73  0.000e+00
     56.874   71.53642 -157.75132    -1.5767    32.8181    1439.73  0.000e+00
     56.874   71.53642 -157.75132    -1.5767    32.8181    1439.73  0.000e+00
     56.928   71.53642 -157.75132    -1.5768    32.8182    1439.73  0.000e+00
     56.990   71.53642 -157.75132    -1.5768    32.8188    1439.73  0.000e+00
     56.928   71.53642 -157.75132    -1.5768    32.8191    1439.73  0.000e+00
     57.043   71.53642 -157.75132    -1.5771    32.8195    1439.73  0.000e+00
     57.043   71.53642 -157.75132    -1.5768    32.8191    1439.73  0.000e+00
     57.105   71.53642 -157.75132    -1.5765    32.8187    1439.73  0.000e+00
     57.105   71.53642 -157.75132    -1.5768    32.8193    1439.73  0.000e+00
     57.221   71.53642 -157.75132    -1.5768    32.8194    1439.74  0.000e+00
     57.159   71.53642 -157.75132    -1.5767    32.8196    1439.74  0.000e+00
     57.159   71.53642 -157.75132    -1.5763    32.8195    1439.74  0.000e+00
     57.275   71.53642 -157.75132    -1.5763    32.8201    1439.74  0.000e+00
     57.221   71.53642 -157.75132    -1.5766    32.8207    1439.74  0.000e+00
     57.275   71.53642 -157.75132    -1.5763    32.8204    1439.74  0.000e+00
     57.329   71.53642 -157.75132    -1.5762    32.8206    1439.74  0.000e+00
     57.275   71.53642 -157.75132    -1.5760    32.8204    1439.74  0.000e+00
     57.329   71.53642 -157.75132    -1.5763    32.8208    1439.74  0.000e+00
     57.391   71.53642 -157.75132    -1.5759    32.8206    1439.75  0.000e+00
     57.391   71.53642 -157.75132    -1.5759    32.8205    1439.74  0.000e+00
     57.391   71.53642 -157.75132    -1.5759    32.8207    1439.75  0.000e+00
     57.391   71.53642 -157.75132    -1.5758    32.8211    1439.75  0.000e+00
     57.445   71.53642 -157.75132    -1.5757    32.8209    1439.75  0.000e+00
     57.445   71.53642 -157.75132    -1.5757    32.8211    1439.75  0.000e+00
     57.445   71.53642 -157.75132    -1.5757    32.8209    1439.75  0.000e+00
     57.445   71.53642 -157.75132    -1.5757    32.8212    1439.75  0.000e+00
     57.445   71.53642 -157.75132    -1.5756    32.8216    1439.75  0.000e+00
     57.506   71.53642 -157.75132    -1.5756    32.8213    1439.75  0.000e+00
     57.506   71.53642 -157.75132    -1.5753    32.8209    1439.75  0.000e+00
     57.499   71.53642 -157.75132    -1.5756    32.8216    1439.75  0.000e+00
     57.506   71.53642 -157.75132    -1.5751    32.8208    1439.75  0.000e+00
     57.560   71.53642 -157.75132    -1.5754    32.8204    1439.75  0.000e+00
     57.506   71.53642 -157.75132    -1.5756    32.8205    1439.75  0.000e+00
     57.506   71.53642 -157.75132    -1.5754    32.8206    1439.75  0.000e+00
     57.560   71.53642 -157.75132    -1.5756    32.8206    1439.75  0.000e+00
     57.560   71.53642 -157.75132    -1.5756    32.8206    1439.75  0.000e+00
     57.506   71.53642 -157.75132    -1.5756    32.8208    1439.75  0.000e+00
     57.560   71.53642 -157.75132    -1.5756    32.8209    1439.75  0.000e+00
     57.506   71.53642 -157.75132    -1.5756    32.8208    1439.75  0.000e+00
     57.560   71.53642 -157.75132    -1.5754    32.8205    1439.75  0.000e+00
     57.560   71.53642 -157.75132    -1.5756    32.8201    1439.75  0.000e+00
     57.498   71.53642 -157.75132    -1.5754    32.8192    1439.75  0.000e+00
     57.506   71.53642 -157.75132    -1.5756    32.8191    1439.75  0.000e+00
     57.560   71.53642 -157.75132    -1.5751    32.8175    1439.75  0.000e+00
