EcoFOCI/data/1_SampleCollection/2023_SikuliaqDBO_CruiseData/CTD_raw_BottleFile_SKQ23-12S/proc/skq202312s_042svpavg.cnv
* Sea-Bird SBE 9 Data File:
* FileName = D:\CTD\SKQ202312S\SKQ202312S_042.hex
* Software Version Seasave V 7.26.7.121
* Temperature SN = 6177
* Conductivity SN = 0369
* Number of Bytes Per Scan = 41
* Number of Voltage Words = 4
* Number of Scans Averaged by the Deck Unit = 1
* NMEA Latitude = 71 27.22 N
* NMEA Longitude = 161 02.26 W
* NMEA UTC (Time) = Sep 24 2023  04:51:21
* NMEA baud rate = 4800
** Ship: R/V Sikuliaq
** Station Number: 042
** Station Name: DBO4.3n
** Bottom Depth: 47
** Operator: SD
# nquan = 7
# nvalues = 40                          
# units = specified
# name 0 = depSM: Depth [salt water, m]
# name 1 = latitude: Latitude [deg]
# name 2 = longitude: Longitude [deg]
# name 3 = t090C: Temperature [ITS-90, deg C]
# name 4 = sal00: Salinity, Practical [PSU]
# name 5 = svCM: Sound Velocity [Chen-Millero, m/s]
# name 6 = flag: flag
# span 0 =      3.000,     42.000       
# span 1 =   71.45354,   71.45358       
# span 2 = -161.03784, -161.03778       
# span 3 =    -1.6134,     2.1670       
# span 4 =    27.2198,    32.6056       
# span 5 =    1438.84,    1448.87       
# span 6 = 0.0000e+00, 0.0000e+00       
# interval = meters: 1                  
# start_time = Sep 24 2023 04:55:17 [NMEA time, first data scan]
# bad_flag = -9.990e-29
*END*
      3.000   71.45356 -161.03780     2.1563    27.2198    1448.65 0.0000e+00
      4.000   71.45356 -161.03780     2.1551    27.2198    1448.66 0.0000e+00
      5.000   71.45356 -161.03778     2.1559    27.2200    1448.68 0.0000e+00
      6.000   71.45356 -161.03778     2.1567    27.2204    1448.70 0.0000e+00
      7.000   71.45357 -161.03778     2.1567    27.2204    1448.72 0.0000e+00
      8.000   71.45358 -161.03778     2.1574    27.2207    1448.74 0.0000e+00
      9.000   71.45358 -161.03778     2.1598    27.2229    1448.77 0.0000e+00
     10.000   71.45358 -161.03778     2.1648    27.2284    1448.81 0.0000e+00
     11.000   71.45358 -161.03778     2.1670    27.2523    1448.87 0.0000e+00
     12.000   71.45358 -161.03778     1.1190    29.4969    1447.12 0.0000e+00
     13.000   71.45358 -161.03778     0.2006    30.3813    1444.10 0.0000e+00
     14.000   71.45358 -161.03778    -0.3909    30.7416    1441.85 0.0000e+00
     15.000   71.45358 -161.03778    -0.5993    31.0454    1441.29 0.0000e+00
     16.000   71.45358 -161.03778    -0.8040    31.2562    1440.63 0.0000e+00
     17.000   71.45358 -161.03778    -1.0544    31.5191    1439.81 0.0000e+00
     18.000   71.45358 -161.03778    -1.0366    31.7236    1440.19 0.0000e+00
     19.000   71.45358 -161.03778    -1.0639    31.9388    1440.37 0.0000e+00
     20.000   71.45358 -161.03778    -1.2301    32.1842    1439.92 0.0000e+00
     21.000   71.45358 -161.03778    -1.3015    32.3626    1439.84 0.0000e+00
     22.000   71.45358 -161.03778    -1.3736    32.4584    1439.64 0.0000e+00
     23.000   71.45358 -161.03778    -1.4584    32.5133    1439.33 0.0000e+00
     24.000   71.45358 -161.03778    -1.5039    32.5391    1439.16 0.0000e+00
     25.000   71.45358 -161.03780    -1.5390    32.5534    1439.03 0.0000e+00
     26.000   71.45358 -161.03780    -1.5645    32.5652    1438.94 0.0000e+00
     27.000   71.45358 -161.03780    -1.5686    32.5718    1438.95 0.0000e+00
     28.000   71.45358 -161.03780    -1.5782    32.5760    1438.92 0.0000e+00
     29.000   71.45358 -161.03780    -1.5980    32.5778    1438.84 0.0000e+00
     30.000   71.45358 -161.03780    -1.6006    32.5778    1438.85 0.0000e+00
     31.000   71.45358 -161.03780    -1.6004    32.5786    1438.87 0.0000e+00
     32.000   71.45358 -161.03780    -1.5976    32.5799    1438.90 0.0000e+00
     33.000   71.45358 -161.03780    -1.5972    32.5818    1438.92 0.0000e+00
     34.000   71.45358 -161.03780    -1.6040    32.5914    1438.92 0.0000e+00
     35.000   71.45358 -161.03781    -1.6108    32.5989    1438.91 0.0000e+00
     36.000   71.45358 -161.03782    -1.6132    32.6019    1438.92 0.0000e+00
     37.000   71.45356 -161.03782    -1.5922    32.5852    1439.01 0.0000e+00
     38.000   71.45356 -161.03782    -1.6134    32.6044    1438.95 0.0000e+00
     39.000   71.45356 -161.03782    -1.6134    32.6054    1438.97 0.0000e+00
     40.000   71.45356 -161.03782    -1.6133    32.6056    1438.99 0.0000e+00
     41.000   71.45356 -161.03782    -1.6133    32.6053    1439.01 0.0000e+00
     42.000   71.45354 -161.03784    -1.5954    32.5947    1439.09 0.0000e+00
