EcoFOCI/data/1_SampleCollection/2023_SikuliaqDBO_CruiseData/CTD_raw_BottleFile_SKQ23-12S/proc/skq202312s_035avg.cnv
* Sea-Bird SBE 9 Data File:
* FileName = D:\CTD\SKQ202312S\SKQ202312S_035.hex
* Software Version Seasave V 7.26.7.121
* Temperature SN = 6177
* Conductivity SN = 0369
* Number of Bytes Per Scan = 41
* Number of Voltage Words = 4
* Number of Scans Averaged by the Deck Unit = 1
* NMEA Latitude = 71 45.08 N
* NMEA Longitude = 154 27.66 W
* NMEA UTC (Time) = Sep 22 2023  01:56:11
* NMEA baud rate = 4800
** Ship: R/V Sikuliaq
** Station Number: 035
** Station Name: BF2
** Bottom Depth: 88
** Operator: SD
# nquan = 25
# nvalues = 79                          
# units = specified
# name 0 = depSM: Depth [salt water, m]
# name 1 = latitude: Latitude [deg]
# name 2 = longitude: Longitude [deg]
# name 3 = prDM: Pressure, Digiquartz [db]
# name 4 = t090C: Temperature [ITS-90, deg C]
# name 5 = t190C: Temperature, 2 [ITS-90, deg C]
# name 6 = potemp090C: Potential Temperature [ITS-90, deg C]
# name 7 = sal00: Salinity, Practical [PSU]
# name 8 = sal11: Salinity, Practical, 2 [PSU]
# name 9 = density00: Density [density, kg/m^3]
# name 10 = sigma-é00: Density [sigma-theta, kg/m^3]
# name 11 = sbox0Mm/Kg: Oxygen, SBE 43 [umol/kg]
# name 12 = sbox1Mm/Kg: Oxygen, SBE 43, 2 [umol/kg]
# name 13 = oxsolMm/Kg: Oxygen Saturation, Garcia & Gordon [umol/kg]
# name 14 = sbeox0PS: Oxygen, SBE 43 [% saturation]
# name 15 = sbeox1PS: Oxygen, SBE 43, 2 [% saturation]
# name 16 = v0: Voltage 0
# name 17 = flECO-AFL: Fluorescence, WET Labs ECO-AFL/FL [mg/m^3]
# name 18 = v1: Voltage 1
# name 19 = CStarAt0: Beam Attenuation, WET Labs C-Star [1/m]
# name 20 = par: PAR/Irradiance, Biospherical/Licor
# name 21 = scan: Scan Count
# name 22 = timeM: Time, Elapsed [minutes]
# name 23 = nbin: number of scans per bin
# name 24 = flag: flag
# span 0 =      1.979,     79.167       
# span 1 =   71.75106,   71.75126       
# span 2 = -154.46116, -154.46005       
# span 3 =      2.000,     80.000       
# span 4 =    -0.9591,     4.1356       
# span 5 =    -0.9580,     4.1365       
# span 6 =    -0.9609,     4.1355       
# span 7 =    28.0122,    32.3323       
# span 8 =    28.0227,    32.3440       
# span 9 =  1022.2330,  1026.3736       
# span 10 =    22.2209,    25.9903      
# span 11 =    312.293,    345.989      
# span 12 =    297.380,    330.476      
# span 13 =  327.16796,  364.38829      
# span 14 =     87.586,    101.353      
# span 15 =     82.553,     97.157      
# span 16 =     0.0804,     0.2338      
# span 17 =     0.1343,     1.0550      
# span 18 =     3.1139,     3.9310      
# span 19 =     0.7251,     1.6644      
# span 20 = 1.0518e-06, 9.5234e+01      
# span 21 =       -179,       8866      
# span 22 =    -0.1252,     6.1559      
# span 23 =         10,        769      
# span 24 = 0.0000e+00, 0.0000e+00      
# interval = decibars: 1                
# start_time = Sep 22 2023 02:02:56 [NMEA time, first data scan]
# bad_flag = -9.990e-29
*END*
[from data line 58]
     59.378   71.75121 -154.46106     60.000    -0.5989    -0.5980    -0.6004    32.2462    32.2593  1026.1962    25.9081    323.843    307.631  361.15756     89.668     85.190     0.0863     0.1698     3.8061     0.8545 2.7643e-06       4647     3.2261         37 0.0000e+00
     60.367   71.75121 -154.46105     61.000    -0.6149    -0.6231    -0.6165    32.2476    32.2632  1026.2027    25.9098    322.941    307.467  361.30711     89.381     85.090     0.0885     0.1829     3.8010     0.8598 2.6823e-06       4752     3.2990         69 0.0000e+00
     61.357   71.75120 -154.46103     62.000    -0.6952    -0.6974    -0.6968    32.2652    32.2835  1026.2248    25.9270    323.547    307.682  362.02813     89.371     84.996     0.0857     0.1660     3.8054     0.8553 1.1340e-06       4784     3.3214         23 0.0000e+00
     62.346   71.75120 -154.46102     63.000    -0.7545    -0.7565    -0.7561    32.2841    32.2984  1026.2471    25.9443    322.725    306.538  362.54526     89.016     84.557     0.0884     0.1826     3.7840     0.8778 2.2133e-06       4822     3.3479         66 0.0000e+00
     63.336   71.75120 -154.46101     64.000    -0.7877    -0.7953    -0.7893    32.2896    32.3065  1026.2575    25.9499    321.103    304.768  362.85006     88.495     83.987     0.0918     0.2028     3.7798     0.8823 3.6782e-06       4892     3.3968         41 0.0000e+00
     64.325   71.75120 -154.46100     65.000    -0.8164    -0.8176    -0.8180    32.2986    32.3127  1026.2707    25.9582    320.886    304.847  363.10154     88.374     83.963     0.0922     0.2053     3.7624     0.9007 2.1399e-06       4918     3.4145         28 0.0000e+00
     65.315   71.75120 -154.46099     66.000    -0.8340    -0.8385    -0.8356    32.3030    32.3173  1026.2797    25.9624    320.527    304.319  363.25882     88.237     83.774     0.0946     0.2198     3.7504     0.9135 1.7332e-06       4979     3.4567         99 0.0000e+00
     66.304   71.75120 -154.46096     67.000    -0.8432    -0.8427    -0.8448    32.3049    32.3171  1026.2863    25.9642    321.246    303.923  363.34216     88.414     83.656     0.0940     0.2163     3.7385     0.9262 1.6934e-06       5052     3.5079         35 0.0000e+00
     67.294   71.75120 -154.46096     68.000    -0.8471    -0.8461    -0.8487    32.3053    32.3177  1026.2916    25.9647    320.819    304.366  363.37895     88.288     83.770     0.0939     0.2154     3.7423     0.9222 1.3218e-06       5083     3.5289         32 0.0000e+00
     68.283   71.75120 -154.46094     69.000    -0.8613    -0.8689    -0.8629    32.3089    32.3235  1026.2998    25.9681    320.581    304.984  363.50572     88.192     83.893     0.0965     0.2312     3.7337     0.9314 2.1206e-06       5130     3.5619         79 0.0000e+00
     69.273   71.75119 -154.46092     70.000    -0.8819    -0.8855    -0.8836    32.3124    32.3275  1026.3082    25.9716    320.572    303.360  363.69590     88.143     83.412     0.0985     0.2431     3.7229     0.9429 1.9834e-06       5203     3.6125         38 0.0000e+00
     70.262   71.75118 -154.46092     71.000    -0.9285    -0.9264    -0.9302    32.3257    32.3393  1026.3254    25.9839    321.678    304.867  364.11008     88.346     83.743     0.0969     0.2335     3.7012     0.9664 2.2132e-06       5228     3.6302         23 0.0000e+00
     71.251   71.75118 -154.46090     72.000    -0.9363    -0.9369    -0.9380    32.3280    32.3407  1026.3323    25.9860    320.787    304.440  364.17901     88.085     83.603     0.0986     0.2437     3.7034     0.9640 1.3925e-06       5294     3.6758        126 0.0000e+00
     72.241   71.75118 -154.46086     73.000    -0.9488    -0.9507    -0.9505    32.3302    32.3436  1026.3394    25.9882    320.554    304.759  364.29453     87.993     83.662     0.1000     0.2519     3.7053     0.9619 1.5439e-06       5385     3.7390         33 0.0000e+00
     73.230   71.75118 -154.46086     74.000    -0.9519    -0.9508    -0.9536    32.3312    32.3431  1026.3451    25.9891    320.034    305.186  364.32124     87.844     83.779     0.0985     0.2428     3.7061     0.9610 1.6426e-06       5417     3.7611         36 0.0000e+00
     74.220   71.75118 -154.46083     75.000    -0.9480    -0.9483    -0.9498    32.3299    32.3419  1026.3487    25.9879    320.005    304.374  364.28781     87.844     83.560     0.1024     0.2666     3.7075     0.9595 1.3908e-06       5503     3.8212        156 0.0000e+00
     75.209   71.75116 -154.46079     76.000    -0.9591    -0.9580    -0.9609    32.3323    32.3440  1026.3559    25.9903    319.852    303.602  364.38829     87.778     83.328     0.1020     0.2639     3.6977     0.9700 1.2256e-06       5634     3.9121        112 0.0000e+00
     76.198   71.75113 -154.46057     77.000    -0.9575    -0.9572    -0.9593    32.3310    32.3422  1026.3595    25.9891    319.374    303.694  364.37638     87.649     83.354     0.1014     0.2605     3.6895     0.9790 2.2697e-06       6380     4.4300        270 0.0000e+00
     77.188   71.75111 -154.46053     78.000    -0.9587    -0.9577    -0.9605    32.3312    32.3423  1026.3645    25.9893    319.152    303.672  364.38773     87.586     83.347     0.1028     0.2691     3.6418     1.0314 1.9127e-06       6533     4.5358        172 0.0000e+00
     78.177   71.75108 -154.46039     79.000    -0.9572    -0.9566    -0.9591    32.3307    32.3396  1026.3689    25.9889    319.472    303.575  364.37483     87.677     83.321     0.1046     0.2793     3.6825     0.9883 1.5959e-06       7092     4.9243        584 0.0000e+00
     79.167   71.75106 -154.46005     80.000    -0.9563    -0.9552    -0.9581    32.3307    32.3420  1026.3736    25.9888    319.346    300.758  364.36551     87.645     82.553     0.1043     0.2781     3.7020     0.9649 1.5493e-06       8866     6.1559        769 0.0000e+00
