EcoFOCI/data/1_SampleCollection/2023_SikuliaqDBO_CruiseData/CTD_raw_BottleFile_SKQ23-12S/proc/skq202312s_063.ros
* Sea-Bird SBE 9 Data File:
* FileName = D:\CTD\SKQ202312S\SKQ202312S_063.hex
* Software Version Seasave V 7.26.7.121
* Temperature SN = 6177
* Conductivity SN = 0369
* Number of Bytes Per Scan = 41
* Number of Voltage Words = 4
* Number of Scans Averaged by the Deck Unit = 1
* NMEA Latitude = 71 49.84 N
* NMEA Longitude = 165 58.06 W
* NMEA UTC (Time) = Sep 28 2023  06:16:57
* NMEA baud rate = 4800
** Ship: R/V Sikuliaq
** Station Number: 063
** Station Name: IC1
** Bottom Depth: 44
** Operator: SD
# nquan = 22
# nvalues = 833                                   
# units = specified
# name 0 = depSM: Depth [salt water, m]
# name 1 = latitude: Latitude [deg]
# name 2 = longitude: Longitude [deg]
# name 3 = prDM: Pressure, Digiquartz [db]
# name 4 = t090C: Temperature [ITS-90, deg C]
# name 5 = t190C: Temperature, 2 [ITS-90, deg C]
# name 6 = potemp090C: Potential Temperature [ITS-90, deg C]
# name 7 = sal00: Salinity, Practical [PSU]
# name 8 = sal11: Salinity, Practical, 2 [PSU]
# name 9 = density00: Density [density, kg/m^3]
# name 10 = sigma-é00: Density [sigma-theta, kg/m^3]
# name 11 = sbox0Mm/Kg: Oxygen, SBE 43 [umol/kg]
# name 12 = sbox1Mm/Kg: Oxygen, SBE 43, 2 [umol/kg]
# name 13 = oxsolMm/Kg: Oxygen Saturation, Garcia & Gordon [umol/kg]
# name 14 = sbeox0PS: Oxygen, SBE 43 [% saturation]
# name 15 = v0: Voltage 0
# name 16 = flECO-AFL: Fluorescence, WET Labs ECO-AFL/FL [mg/m^3]
# name 17 = CStarAt0: Beam Attenuation, WET Labs C-Star [1/m]
# name 18 = par: PAR/Irradiance, Biospherical/Licor
# name 19 = scan: Scan Count
# name 20 = nbf: Bottles Fired
# name 21 = flag:  0.000e+00
# interval = seconds: 0.0416667
# start_time = Sep 28 2023 06:20:37 [NMEA time, first data scan]
# bad_flag = -9.990e-29
*END*
[from data line 264]
     30.185   71.83040 -165.96570     30.500    -0.1419    -0.1921    -0.1428    32.2623    32.2831  1026.0488    25.9028    312.478    296.636  356.78348     87.582     0.1038     0.2747     1.0105 1.0000e-12      10371          6  0.000e+00
     30.116   71.83040 -165.96570     30.429    -0.1419    -0.1927    -0.1428    32.2620    32.2840  1026.0483    25.9026    312.503    296.663  356.78419     87.589     0.1038     0.2747     1.0105 1.0000e-12      10372          6  0.000e+00
     30.247   71.83040 -165.96570     30.562    -0.1421    -0.1941    -0.1430    32.2615    32.2857  1026.0485    25.9022    312.537    296.702  356.78664     87.598     0.1038     0.2747     1.0105 1.0000e-12      10373          6  0.000e+00
     30.185   71.83040 -165.96570     30.500    -0.1425    -0.1949    -0.1434    32.2624    32.2872  1026.0489    25.9029    312.316    296.728  356.78851     87.535     0.1026     0.2674     1.0105 1.0000e-12      10374          6  0.000e+00
     30.170   71.83040 -165.96570     30.484    -0.1424    -0.1937    -0.1433    32.2620    32.2864  1026.0485    25.9026    312.294    296.741  356.78857     87.529     0.1038     0.2747     1.0105 1.0000e-12      10375          6  0.000e+00
     30.185   71.83040 -165.96570     30.500    -0.1426    -0.1895    -0.1435    32.2622    32.2818  1026.0488    25.9028    312.521    296.735  356.78945     87.593     0.1050     0.2820     1.0105 1.0000e-12      10376          6  0.000e+00
     30.170   71.83040 -165.96570     30.484    -0.1422    -0.1858    -0.1431    32.2620    32.2785  1026.0485    25.9025    312.540    296.760  356.78702     87.598     0.1038     0.2747     1.0105 8.4714e-06      10377          6  0.000e+00
     30.185   71.83040 -165.96570     30.500    -0.1425    -0.1825    -0.1434    32.2625    32.2750  1026.0490    25.9030    312.364    296.759  356.78827     87.549     0.1050     0.2820     1.0105 1.0000e-12      10378          6  0.000e+00
     30.170   71.83040 -165.96570     30.484    -0.1424    -0.1814    -0.1433    32.2628    32.2732  1026.0492    25.9032    312.584    296.772  356.78624     87.611     0.1038     0.2747     1.0105 1.0000e-12      10379          6  0.000e+00
     30.185   71.83040 -165.96570     30.500    -0.1424    -0.1823    -0.1433    32.2628    32.2740  1026.0492    25.9032    312.605    296.579  356.78638     87.617     0.1050     0.2820     1.0105 8.4714e-06      10380          6  0.000e+00
     30.232   71.83040 -165.96570     30.546    -0.1424    -0.1861    -0.1433    32.2631    32.2783  1026.0497    25.9034    312.380    296.813  356.78552     87.554     0.1038     0.2747     1.0105 1.0000e-12      10381          6  0.000e+00
     30.185   71.83040 -165.96570     30.500    -0.1422    -0.1910    -0.1431    32.2631    32.2831  1026.0495    25.9034    312.350    296.861  356.78389     87.546     0.1050     0.2820     1.0105 1.0000e-12      10382          6  0.000e+00
     30.185   71.83040 -165.96570     30.500    -0.1423    -0.1937    -0.1432    32.2632    32.2853  1026.0496    25.9036    312.325    296.866  356.78462     87.539     0.1038     0.2747     1.0105 1.0000e-12      10383          6  0.000e+00
     30.170   71.83040 -165.96570     30.484    -0.1422    -0.1945    -0.1431    32.2635    32.2857  1026.0498    25.9038    312.787    296.885  356.78270     87.669     0.1038     0.2747     1.0105 1.0000e-12      10384          6  0.000e+00
     30.185   71.83040 -165.96570     30.500    -0.1419    -0.1941    -0.1428    32.2631    32.2854  1026.0495    25.9035    312.355    296.864  356.78115     87.548     0.1026     0.2674     1.0105 1.0000e-12      10385          6  0.000e+00
     30.232   71.83040 -165.96570     30.546    -0.1416    -0.1921    -0.1425    32.2629    32.2833  1026.0495    25.9033    312.324    296.862  356.77858     87.540     0.1038     0.2747     1.0105 1.0000e-12      10386          6  0.000e+00
     30.131   71.83040 -165.96570     30.445    -0.1413    -0.1915    -0.1422    32.2625    32.2831  1026.0487    25.9029    312.534    296.862  356.77708     87.599     0.1050     0.2820     1.0078 1.0000e-12      10387          6  0.000e+00
     30.232   71.83040 -165.96570     30.546    -0.1412    -0.1919    -0.1421    32.2622    32.2843  1026.0490    25.9027    312.305    296.874  356.77627     87.535     0.1038     0.2747     1.0038 8.4714e-06      10388          6  0.000e+00
     30.247   71.83040 -165.96570     30.562    -0.1412    -0.1933    -0.1421    32.2624    32.2857  1026.0492    25.9029    312.274    296.890  356.77571     87.527     0.1050     0.2820     1.0038 1.0000e-12      10389          6  0.000e+00
     30.170   71.83040 -165.96570     30.484    -0.1413    -0.1948    -0.1422    32.2627    32.2876  1026.0491    25.9031    312.240    296.902  356.77644     87.517     0.1038     0.2747     1.0038 1.0000e-12      10390          6  0.000e+00
     30.185   71.83040 -165.96570     30.500    -0.1413    -0.1957    -0.1422    32.2629    32.2886  1026.0493    25.9033    312.454    296.911  356.77588     87.577     0.1062     0.2894     1.0038 1.0000e-12      10391          6  0.000e+00
     30.185   71.83040 -165.96570     30.500    -0.1413    -0.1956    -0.1422    32.2630    32.2882  1026.0493    25.9033    312.219    296.695  356.77529     87.511     0.1062     0.2894     1.0038 1.0000e-12      10392          6  0.000e+00
     30.232   71.83040 -165.96570     30.546    -0.1410    -0.1943    -0.1419    32.2624    32.2872  1026.0491    25.9028    311.895    296.850  356.77425     87.421     0.1074     0.2967     1.0038 1.0000e-12      10393          6  0.000e+00
     30.185   71.83040 -165.96570     30.500    -0.1409    -0.1924    -0.1418    32.2620    32.2856  1026.0485    25.9025    312.351    296.616  356.77427     87.549     0.1062     0.2894     1.0038 1.0000e-12      10394          6  0.000e+00
     30.232   71.83040 -165.96570     30.546    -0.1405    -0.1908    -0.1414    32.2613    32.2843  1026.0482    25.9019    312.409    296.796  356.77299     87.565     0.1062     0.2894     1.0038 1.0000e-12      10395          6  0.000e+00
     30.185   71.83040 -165.96570     30.500    -0.1409    -0.1900    -0.1418    32.2612    32.2844  1026.0479    25.9019    312.422    296.784  356.77637     87.568     0.1074     0.2967     1.0038 1.0000e-12      10396          6  0.000e+00
     30.232   71.83040 -165.96570     30.546    -0.1413    -0.1919    -0.1422    32.2613    32.2875  1026.0482    25.9019    312.192    296.794  356.78003     87.503     0.1062     0.2894     1.0038 8.4714e-06      10397          6  0.000e+00
     30.247   71.83040 -165.96570     30.562    -0.1421    -0.1913    -0.1430    32.2616    32.2882  1026.0486    25.9022    312.409    296.784  356.78653     87.562     0.1074     0.2967     1.0038 1.0000e-12      10398          6  0.000e+00
     30.170   71.83040 -165.96570     30.484    -0.1426    -0.1876    -0.1435    32.2614    32.2852  1026.0481    25.9021    312.418    296.750  356.79176     87.563     0.1062     0.2894     1.0038 8.4714e-06      10399          6  0.000e+00
     30.247   71.83040 -165.96570     30.562    -0.1432    -0.1817    -0.1441    32.2611    32.2801  1026.0482    25.9019    312.480    296.705  356.79844     87.579     0.1074     0.2967     1.0038 1.0000e-12      10400          6  0.000e+00
     30.131   71.83040 -165.96566     30.445    -0.1519    -0.2029    -0.1528    32.2645    32.2910  1026.0508    25.9050    311.663    295.773  356.87025     87.332     0.1001     0.2527     1.0012 1.0000e-12      10665          7  0.000e+00
     30.232   71.83040 -165.96566     30.546    -0.1520    -0.2026    -0.1529    32.2652    32.2913  1026.0518    25.9055    312.348    295.758  356.86950     87.525     0.1013     0.2601     1.0012 1.0000e-12      10666          7  0.000e+00
     30.131   71.83040 -165.96566     30.445    -0.1520    -0.2024    -0.1529    32.2654    32.2915  1026.0515    25.9058    312.423    295.740  356.86876     87.546     0.1026     0.2674     1.0012 8.4714e-06      10667          7  0.000e+00
     30.232   71.83040 -165.96566     30.546    -0.1518    -0.2017    -0.1527    32.2652    32.2905  1026.0518    25.9056    312.261    295.483  356.86783     87.500     0.1013     0.2601     1.0012 1.0000e-12      10668          7  0.000e+00
     30.131   71.83040 -165.96566     30.445    -0.1515    -0.2018    -0.1524    32.2652    32.2904  1026.0513    25.9055    312.245    295.416  356.86527     87.497     0.1026     0.2674     1.0012 1.0000e-12      10669          7  0.000e+00
     30.185   71.83040 -165.96566     30.500    -0.1511    -0.2016    -0.1520    32.2647    32.2895  1026.0512    25.9052    312.281    295.388  356.86223     87.507     0.1013     0.2601     1.0025 8.4714e-06      10670          7  0.000e+00
     30.232   71.83040 -165.96566     30.546    -0.1507    -0.2012    -0.1516    32.2643    32.2885  1026.0511    25.9048    312.518    295.364  356.86013     87.574     0.1013     0.2601     1.0038 1.0000e-12      10671          7  0.000e+00
     30.131   71.83040 -165.96566     30.445    -0.1504    -0.2008    -0.1513    32.2643    32.2874  1026.0505    25.9047    312.301    295.338  356.85721     87.514     0.1013     0.2601     1.0038 8.4714e-06      10672          7  0.000e+00
     30.232   71.83040 -165.96566     30.546    -0.1501    -0.2009    -0.1510    32.2642    32.2868  1026.0510    25.9047    312.340    295.329  356.85475     87.526     0.1013     0.2601     1.0038 1.0000e-12      10673          7  0.000e+00
     30.131   71.83040 -165.96566     30.445    -0.1498    -0.2009    -0.1507    32.2640    32.2870  1026.0503    25.9045    312.326    295.314  356.85218     87.522     0.1013     0.2601     1.0038 1.0000e-12      10674          7  0.000e+00
     30.170   71.83040 -165.96566     30.484    -0.1497    -0.2009    -0.1506    32.2640    32.2871  1026.0505    25.9045    312.319    295.091  356.85093     87.521     0.1013     0.2601     1.0038 8.4714e-06      10675          7  0.000e+00
     30.185   71.83040 -165.96566     30.500    -0.1494    -0.2002    -0.1503    32.2638    32.2863  1026.0504    25.9044    312.555    295.276  356.84891     87.587     0.1001     0.2527     1.0038 1.0000e-12      10676          7  0.000e+00
     30.170   71.83040 -165.96566     30.484    -0.1490    -0.1977    -0.1499    32.2636    32.2844  1026.0501    25.9042    312.341    295.263  356.84637     87.528     0.1013     0.2601     1.0038 1.0000e-12      10677          7  0.000e+00
     30.185   71.83040 -165.96566     30.500    -0.1489    -0.1931    -0.1498    32.2635    32.2802  1026.0501    25.9041    312.331    295.241  356.84507     87.526     0.1026     0.2674     1.0038 8.4714e-06      10678          7  0.000e+00
     30.232   71.83040 -165.96566     30.546    -0.1487    -0.1895    -0.1496    32.2633    32.2769  1026.0502    25.9039    312.568    295.232  356.84394     87.592     0.1013     0.2601     1.0038 1.0000e-12      10679          7  0.000e+00
     30.131   71.83040 -165.96566     30.445    -0.1487    -0.1882    -0.1496    32.2632    32.2767  1026.0496    25.9038    312.353    295.237  356.84436     87.532     0.1026     0.2674     1.0052 1.0000e-12      10680          7  0.000e+00
     30.185   71.83040 -165.96566     30.500    -0.1488    -0.1881    -0.1497    32.2634    32.2772  1026.0500    25.9040    312.344    295.231  356.84482     87.529     0.1013     0.2601     1.0038 1.0000e-12      10681          7  0.000e+00
     30.232   71.83040 -165.96566     30.546    -0.1485    -0.1880    -0.1494    32.2636    32.2785  1026.0504    25.9041    312.577    295.256  356.84169     87.595     0.1013     0.2601     1.0052 8.4714e-06      10682          7  0.000e+00
     30.131   71.83040 -165.96566     30.445    -0.1482    -0.1873    -0.1492    32.2635    32.2791  1026.0498    25.9040    312.602    295.278  356.83925     87.603     0.1001     0.2527     1.0038 8.4714e-06      10683          7  0.000e+00
     30.170   71.83040 -165.96566     30.484    -0.1482    -0.1853    -0.1492    32.2639    32.2782  1026.0503    25.9044    312.632    295.301  356.83814     87.612     0.1026     0.2674     1.0038 1.0000e-12      10684          7  0.000e+00
     30.185   71.83040 -165.96566     30.500    -0.1481    -0.1837    -0.1490    32.2634    32.2783  1026.0500    25.9040    312.415    295.110  356.83790     87.551     0.1013     0.2601     1.0038 8.4714e-06      10685          7  0.000e+00
     30.170   71.83040 -165.96566     30.484    -0.1477    -0.1838    -0.1486    32.2632    32.2794  1026.0497    25.9037    312.395    295.097  356.83547     87.546     0.1013     0.2601     1.0038 1.0000e-12      10686          7  0.000e+00
     30.185   71.83040 -165.96566     30.500    -0.1476    -0.1827    -0.1485    32.2629    32.2792  1026.0495    25.9035    312.425    295.083  356.83523     87.554     0.1026     0.2674     1.0052 1.0000e-12      10687          7  0.000e+00
     30.170   71.83040 -165.96566     30.484    -0.1476    -0.1789    -0.1485    32.2628    32.2759  1026.0494    25.9035    312.363    295.273  356.83533     87.537     0.1013     0.2601     1.0038 1.0000e-12      10688          7  0.000e+00
     30.185   71.83040 -165.96566     30.500    -0.1476    -0.1765    -0.1485    32.2630    32.2740  1026.0497    25.9036    312.546    295.257  356.83477     87.588     0.1013     0.2601     1.0038 8.4714e-06      10689          7  0.000e+00
     30.185   71.83040 -165.96566     30.500    -0.1475    -0.1776    -0.1484    32.2629    32.2760  1026.0496    25.9035    312.277    295.267  356.83345     87.513     0.1013     0.2601     1.0078 1.0000e-12      10690          7  0.000e+00
     30.170   71.83040 -165.96566     30.484    -0.1472    -0.1765    -0.1481    32.2627    32.2756  1026.0493    25.9034    312.252    295.292  356.83197     87.507     0.1013     0.2601     1.0105 8.4714e-06      10691          7  0.000e+00
     30.185   71.83040 -165.96566     30.500    -0.1473    -0.1730    -0.1483    32.2626    32.2738  1026.0493    25.9032    311.987    295.306  356.83342     87.432     0.1013     0.2601     1.0118 1.0000e-12      10692          7  0.000e+00
     30.170   71.83040 -165.96566     30.484    -0.1470    -0.1687    -0.1479    32.2617    32.2710  1026.0485    25.9025    312.411    295.317  356.83263     87.551     0.1026     0.2674     1.0118 8.4714e-06      10693          7  0.000e+00
     30.131   71.83040 -165.96566     30.445    -0.1473    -0.1650    -0.1482    32.2623    32.2687  1026.0489    25.9031    312.433    295.116  356.83404     87.557     0.1001     0.2527     1.0118 1.0000e-12      10694          7  0.000e+00
     30.170   71.83040 -165.96566     30.484    -0.1474    -0.1619    -0.1483    32.2623    32.2675  1026.0490    25.9031    312.456    295.116  356.83458     87.563     0.1026     0.2674     1.0118 8.4714e-06      10695          7  0.000e+00
     30.185   71.83040 -165.96566     30.500    -0.1475    -0.1597    -0.1484    32.2628    32.2668  1026.0495    25.9034    312.229    295.125  356.83391     87.500     0.1013     0.2601     1.0118 8.4714e-06      10696          7  0.000e+00
     30.170   71.83040 -165.96566     30.484    -0.1478    -0.1581    -0.1487    32.2630    32.2663  1026.0496    25.9037    312.205    295.114  356.83630     87.492     0.1026     0.2674     1.0118 8.4714e-06      10697          7  0.000e+00
     30.185   71.83040 -165.96566     30.500    -0.1478    -0.1589    -0.1487    32.2634    32.2682  1026.0500    25.9040    312.470    295.124  356.83527     87.567     0.1050     0.2820     1.0118 1.0000e-12      10698          7  0.000e+00
     30.170   71.83040 -165.96566     30.484    -0.1476    -0.1602    -0.1485    32.2634    32.2696  1026.0499    25.9039    312.533    295.359  356.83369     87.585     0.1038     0.2747     1.0118 1.0000e-12      10699          7  0.000e+00
