EcoFOCI/data/1_SampleCollection/2023_SikuliaqDBO_CruiseData/CTD_raw_BottleFile_SKQ23-12S/proc/skq202312s_047.ros
* Sea-Bird SBE 9 Data File:
* FileName = D:\CTD\SKQ202312S\SKQ202312S_047.hex
* Software Version Seasave V 7.26.7.121
* Temperature SN = 6177
* Conductivity SN = 0369
* Number of Bytes Per Scan = 41
* Number of Voltage Words = 4
* Number of Scans Averaged by the Deck Unit = 1
* NMEA Latitude = 71 43.16 N
* NMEA Longitude = 161 46.33 W
* NMEA UTC (Time) = Sep 25 2023  03:05:57
* NMEA baud rate = 4800
** Ship: R/V Sikuliaq
** Station Number: 047
** Station Name: DBO4.5n
** Bottom Depth: 44
** Operator: SS
# nquan = 22
# nvalues = 735                                   
# units = specified
# name 0 = depSM: Depth [salt water, m]
# name 1 = latitude: Latitude [deg]
# name 2 = longitude: Longitude [deg]
# name 3 = prDM: Pressure, Digiquartz [db]
# name 4 = t090C: Temperature [ITS-90, deg C]
# name 5 = t190C: Temperature, 2 [ITS-90, deg C]
# name 6 = potemp090C: Potential Temperature [ITS-90, deg C]
# name 7 = sal00: Salinity, Practical [PSU]
# name 8 = sal11: Salinity, Practical, 2 [PSU]
# name 9 = density00: Density [density, kg/m^3]
# name 10 = sigma-é00: Density [sigma-theta, kg/m^3]
# name 11 = sbox0Mm/Kg: Oxygen, SBE 43 [umol/kg]
# name 12 = sbox1Mm/Kg: Oxygen, SBE 43, 2 [umol/kg]
# name 13 = oxsolMm/Kg: Oxygen Saturation, Garcia & Gordon [umol/kg]
# name 14 = sbeox0PS: Oxygen, SBE 43 [% saturation]
# name 15 = v0: Voltage 0
# name 16 = flECO-AFL: Fluorescence, WET Labs ECO-AFL/FL [mg/m^3]
# name 17 = CStarAt0: Beam Attenuation, WET Labs C-Star [1/m]
# name 18 = par: PAR/Irradiance, Biospherical/Licor
# name 19 = scan: Scan Count
# name 20 = nbf: Bottles Fired
# name 21 = flag:  0.000e+00
# interval = seconds: 0.0416667
# start_time = Sep 25 2023 03:09:44 [NMEA time, first data scan]
# bad_flag = -9.990e-29
*END*
[from data line 330]
     20.064   71.71926 -161.77248     20.272    -0.5840    -0.5989    -0.5845    32.5897    32.6066  1026.2827    26.1854    335.851    317.316  360.04463     93.280     0.5617     3.0220     0.6508 4.4288e+00      13484          7  0.000e+00
     20.102   71.71926 -161.77248     20.311    -0.5851    -0.5999    -0.5856    32.5897    32.6073  1026.2829    26.1854    335.921    317.404  360.05505     93.297     0.5604     3.0146     0.6508 4.4288e+00      13485          7  0.000e+00
     20.102   71.71926 -161.77248     20.311    -0.5864    -0.6007    -0.5870    32.5902    32.6073  1026.2833    26.1859    336.004    317.499  360.06653     93.317     0.5617     3.0220     0.6508 4.4416e+00      13486          7  0.000e+00
     20.125   71.71926 -161.77248     20.334    -0.5877    -0.6014    -0.5882    32.5907    32.6072  1026.2839    26.1863    336.101    317.574  360.07695     93.341     0.5604     3.0146     0.6508 4.4416e+00      13487          7  0.000e+00
     20.102   71.71926 -161.77248     20.311    -0.5889    -0.6025    -0.5894    32.5911    32.6077  1026.2842    26.1867    336.208    317.657  360.08728     93.369     0.5617     3.0220     0.6508 4.4416e+00      13488          7  0.000e+00
     20.102   71.71926 -161.77248     20.311    -0.5905    -0.6031    -0.5910    32.5919    32.6072  1026.2849    26.1874    336.534    317.528  360.10000     93.456     0.5629     3.0293     0.6508 4.4288e+00      13489          7  0.000e+00
     20.125   71.71926 -161.77248     20.334    -0.5914    -0.6039    -0.5919    32.5920    32.6075  1026.2851    26.1875    336.461    317.790  360.10845     93.433     0.5604     3.0146     0.6569 4.4288e+00      13490          7  0.000e+00
     20.102   71.71926 -161.77248     20.311    -0.5931    -0.6043    -0.5936    32.5923    32.6081  1026.2853    26.1878    336.515    317.893  360.12378     93.444     0.5617     3.0220     0.6654 4.4288e+00      13491          7  0.000e+00
     20.156   71.71926 -161.77248     20.365    -0.5944    -0.6047    -0.5950    32.5928    32.6083  1026.2860    26.1882    336.626    317.977  360.13559     93.472     0.5617     3.0220     0.6667 4.4161e+00      13492          7  0.000e+00
     20.125   71.71926 -161.77248     20.334    -0.5958    -0.6056    -0.5963    32.5933    32.6089  1026.2863    26.1887    336.945    318.070  360.14702     93.558     0.5543     2.9780     0.6667 4.4161e+00      13493          7  0.000e+00
     20.102   71.71926 -161.77248     20.311    -0.5972    -0.6064    -0.5977    32.5936    32.6095  1026.2865    26.1890    336.975    318.169  360.15979     93.563     0.4664     2.4505     0.6654 4.4033e+00      13494          7  0.000e+00
     20.156   71.71926 -161.77248     20.365    -0.5983    -0.6069    -0.5988    32.5935    32.6094  1026.2867    26.1890    337.105    318.499  360.17036     93.596     0.4225     2.1868     0.6654 4.4033e+00      13495          7  0.000e+00
     20.125   71.71926 -161.77248     20.334    -0.5998    -0.6079    -0.6003    32.5944    32.6100  1026.2874    26.1898    337.241    318.391  360.18242     93.631     0.4176     2.1575     0.6667 4.4033e+00      13496          7  0.000e+00
     20.065   71.71926 -161.77248     20.273    -0.5500    -0.5480    -0.5505    32.5819    32.5852  1026.2750    26.1777    339.806    324.896  359.74304     94.458     0.4872     2.5751     0.7036 4.4545e+00      13704          8  0.000e+00
     20.042   71.71926 -161.77248     20.250    -0.5520    -0.5492    -0.5525    32.5834    32.5870  1026.2762    26.1790    339.725    324.838  359.75766     94.432     0.4860     2.5678     0.7036 4.4545e+00      13705          8  0.000e+00
     20.103   71.71926 -161.77248     20.312    -0.5517    -0.5506    -0.5523    32.5823    32.5884  1026.2756    26.1782    339.625    324.988  359.75796     94.404     0.4872     2.5751     0.7048 4.4545e+00      13706          8  0.000e+00
     20.065   71.71926 -161.77248     20.273    -0.5522    -0.5521    -0.5527    32.5817    32.5901  1026.2749    26.1776    339.521    324.734  359.76419     94.373     0.4872     2.5751     0.7048 4.4545e+00      13707          8  0.000e+00
     20.103   71.71926 -161.77248     20.312    -0.5540    -0.5513    -0.5546    32.5830    32.5895  1026.2763    26.1788    339.425    324.859  359.77818     94.343     0.4860     2.5678     0.7048 4.4545e+00      13708          8  0.000e+00
     20.103   71.71926 -161.77248     20.312    -0.5549    -0.5498    -0.5555    32.5832    32.5882  1026.2764    26.1790    339.362    324.548  359.78646     94.323     0.4872     2.5751     0.7048 4.4545e+00      13709          8  0.000e+00
     20.065   71.71926 -161.77248     20.273    -0.5563    -0.5490    -0.5568    32.5834    32.5866  1026.2765    26.1792    339.298    324.417  359.79881     94.302     0.4860     2.5678     0.7036 4.4545e+00      13710          8  0.000e+00
     20.103   71.71926 -161.77248     20.312    -0.5580    -0.5488    -0.5585    32.5840    32.5863  1026.2772    26.1797    339.236    324.305  359.81326     94.281     0.4872     2.5751     0.7048 4.4545e+00      13711          8  0.000e+00
     20.042   71.71926 -161.77248     20.250    -0.5593    -0.5484    -0.5598    32.5839    32.5859  1026.2769    26.1797    339.163    324.172  359.82531     94.258     0.4860     2.5678     0.6999 4.4545e+00      13712          8  0.000e+00
     20.126   71.71926 -161.77248     20.335    -0.5576    -0.5483    -0.5581    32.5802    32.5859  1026.2743    26.1767    339.071    324.030  359.81956     94.234     0.4872     2.5751     0.6802 4.4545e+00      13713          8  0.000e+00
     20.103   71.71926 -161.77248     20.312    -0.5578    -0.5480    -0.5584    32.5785    32.5851  1026.2727    26.1753    338.986    323.899  359.82722     94.208     0.4860     2.5678     0.6716 4.4545e+00      13714          8  0.000e+00
     20.103   71.71926 -161.77248     20.312    -0.5620    -0.5481    -0.5626    32.5806    32.5849  1026.2746    26.1771    338.977    323.757  359.86127     94.197     0.4872     2.5751     0.6716 4.4545e+00      13715          8  0.000e+00
     20.065   71.71926 -161.77248     20.273    -0.5679    -0.5480    -0.5684    32.5847    32.5843  1026.2780    26.1807    338.976    323.627  359.90534     94.185     0.4884     2.5824     0.6728 4.4545e+00      13716          8  0.000e+00
     20.103   71.71926 -161.77248     20.312    -0.5731    -0.5485    -0.5736    32.5878    32.5840  1026.2809    26.1834    338.724    323.272  359.94609     94.104     0.4860     2.5678     0.6728 4.4545e+00      13717          8  0.000e+00
     20.103   71.71926 -161.77248     20.312    -0.5771    -0.5503    -0.5776    32.5904    32.5843  1026.2832    26.1857    338.662    323.137  359.97665     94.079     0.4872     2.5751     0.6728 4.4545e+00      13718          8  0.000e+00
     20.126   71.71926 -161.77248     20.335    -0.5803    -0.5556    -0.5808    32.5917    32.5893  1026.2845    26.1869    338.596    323.015  360.00379     94.054     0.4860     2.5678     0.6728 4.4545e+00      13719          8  0.000e+00
     20.042   71.71926 -161.77248     20.250    -0.5818    -0.5599    -0.5824    32.5922    32.5922  1026.2845    26.1873    338.510    322.903  360.01694     94.026     0.4872     2.5751     0.6728 4.4545e+00      13720          8  0.000e+00
     20.157   71.71926 -161.77248     20.366    -0.5829    -0.5632    -0.5834    32.5929    32.5944  1026.2856    26.1879    338.427    322.782  360.02545     94.001     0.4860     2.5678     0.6728 4.4545e+00      13721          8  0.000e+00
     20.103   71.71926 -161.77248     20.312    -0.5825    -0.5653    -0.5830    32.5928    32.5971  1026.2853    26.1878    338.371    322.630  360.02122     93.986     0.4872     2.5751     0.6728 4.4416e+00      13722          8  0.000e+00
     20.065   71.71926 -161.77248     20.273    -0.5825    -0.5623    -0.5830    32.5941    32.5944  1026.2862    26.1889    338.318    322.431  360.01768     93.973     0.4933     2.6117     0.6728 4.4416e+00      13723          8  0.000e+00
     20.103   71.71926 -161.77248     20.312    -0.5817    -0.5578    -0.5822    32.5939    32.5909  1026.2862    26.1887    338.266    322.243  360.01055     93.960     0.5214     2.7802     0.6728 4.4545e+00      13724          8  0.000e+00
     20.103   71.71926 -161.77248     20.312    -0.5814    -0.5540    -0.5819    32.5945    32.5882  1026.2866    26.1891    338.218    322.051  360.00632     93.948     0.5348     2.8608     0.6728 4.4416e+00      13725          8  0.000e+00
     20.126   71.71926 -161.77248     20.335    -0.5810    -0.5519    -0.5816    32.5945    32.5873  1026.2867    26.1891    338.173    321.895  360.00307     93.936     0.5336     2.8535     0.6728 4.4416e+00      13726          8  0.000e+00
     20.103   71.71926 -161.77248     20.312    -0.5810    -0.5530    -0.5816    32.5946    32.5889  1026.2867    26.1892    338.132    321.754  360.00267     93.925     0.5336     2.8535     0.6728 4.4416e+00      13727          8  0.000e+00
     20.103   71.71926 -161.77248     20.312    -0.5807    -0.5555    -0.5813    32.5940    32.5913  1026.2862    26.1887    337.844    321.429  360.00167     93.845     0.5324     2.8461     0.6728 4.4545e+00      13728          8  0.000e+00
     20.126   71.71926 -161.77248     20.335    -0.5810    -0.5588    -0.5816    32.5945    32.5937  1026.2868    26.1892    337.767    321.299  360.00295     93.823     0.5324     2.8461     0.6728 4.4416e+00      13729          8  0.000e+00
     20.103   71.71926 -161.77248     20.312    -0.5810    -0.5623    -0.5816    32.5942    32.5967  1026.2864    26.1889    337.690    320.943  360.00387     93.802     0.5324     2.8461     0.6728 4.4416e+00      13730          8  0.000e+00
     20.103   71.71926 -161.77248     20.312    -0.5812    -0.5645    -0.5817    32.5944    32.5986  1026.2865    26.1890    337.619    321.014  360.00497     93.782     0.5324     2.8461     0.6728 4.4416e+00      13731          8  0.000e+00
     20.126   71.71926 -161.77248     20.335    -0.5805    -0.5655    -0.5810    32.5935    32.5989  1026.2859    26.1883    337.795    320.885  360.00046     93.832     0.5311     2.8388     0.6728 4.4416e+00      13732          8  0.000e+00
     20.103   71.71926 -161.77248     20.312    -0.5794    -0.5663    -0.5799    32.5924    32.5991  1026.2849    26.1874    337.516    320.749  359.99319     93.756     0.5324     2.8461     0.6802 4.4416e+00      13733          8  0.000e+00
     20.157   71.71926 -161.77248     20.367    -0.5780    -0.5672    -0.5785    32.5908    32.5995  1026.2838    26.1860    337.445    320.423  359.98431     93.739     0.5336     2.8535     0.6839 4.4545e+00      13734          8  0.000e+00
     20.065   71.71926 -161.77248     20.273    -0.5763    -0.5696    -0.5768    32.5892    32.6013  1026.2819    26.1846    337.368    320.322  359.97263     93.721     0.5324     2.8461     0.6851 4.4545e+00      13735          8  0.000e+00
     20.103   71.71926 -161.77248     20.312    -0.5743    -0.5722    -0.5748    32.5870    32.6039  1026.2803    26.1828    337.300    320.006  359.95993     93.705     0.5324     2.8461     0.6839 4.4545e+00      13736          8  0.000e+00
     20.157   71.71926 -161.77248     20.367    -0.5720    -0.5748    -0.5726    32.5850    32.6058  1026.2788    26.1811    337.233    319.885  359.94385     93.690     0.5324     2.8461     0.6851 4.4545e+00      13737          8  0.000e+00
     20.127   71.71926 -161.77248     20.335    -0.5689    -0.5767    -0.5694    32.5824    32.6071  1026.2765    26.1789    337.158    319.756  359.92152     93.676     0.5324     2.8461     0.6851 4.4416e+00      13738          8  0.000e+00
     20.103   71.71926 -161.77248     20.312    -0.5654    -0.5779    -0.5659    32.5793    32.6060  1026.2737    26.1763    336.932    319.658  359.89662     93.619     0.5311     2.8388     0.6839 4.4416e+00      13739          8  0.000e+00
     20.103   71.71926 -161.77248     20.312    -0.5626    -0.5786    -0.5631    32.5772    32.6068  1026.2719    26.1744    337.077    319.555  359.87620     93.665     0.5324     2.8461     0.6851 4.4416e+00      13740          8  0.000e+00
     20.127   71.71926 -161.77248     20.335    -0.5612    -0.5779    -0.5618    32.5767    32.6072  1026.2716    26.1740    337.283    319.442  359.86465     93.725     0.5324     2.8461     0.6851 4.4416e+00      13741          8  0.000e+00
     20.103   71.71926 -161.77248     20.312    -0.5603    -0.5747    -0.5609    32.5761    32.6039  1026.2709    26.1734    337.043    319.094  359.85777     93.660     0.5324     2.8461     0.6839 4.4416e+00      13742          8  0.000e+00
     20.103   71.71926 -161.77248     20.312    -0.5599    -0.5681    -0.5604    32.5773    32.5972  1026.2719    26.1744    337.058    318.916  359.85004     93.666     0.5336     2.8535     0.6839 4.4288e+00      13743          8  0.000e+00
     20.181   71.71926 -161.77248     20.390    -0.5591    -0.5611    -0.5596    32.5776    32.5898  1026.2725    26.1747    337.081    318.744  359.84143     93.675     0.5324     2.8461     0.6839 4.4288e+00      13744          8  0.000e+00
     20.103   71.71926 -161.77248     20.312    -0.5578    -0.5578    -0.5584    32.5778    32.5865  1026.2722    26.1747    337.299    318.595  359.82914     93.739     0.5324     2.8461     0.6839 4.4288e+00      13745          8  0.000e+00
     20.103   71.71926 -161.77248     20.312    -0.5566    -0.5594    -0.5572    32.5783    32.5877  1026.2726    26.1751    337.320    318.521  359.81627     93.748     0.5324     2.8461     0.6839 4.4288e+00      13746          8  0.000e+00
     20.127   71.71926 -161.77248     20.335    -0.5557    -0.5653    -0.5562    32.5787    32.5927  1026.2730    26.1754    337.393    318.484  359.80599     93.771     0.5324     2.8461     0.6839 4.4288e+00      13747          8  0.000e+00
     20.103   71.71926 -161.77248     20.312    -0.5549    -0.5731    -0.5555    32.5792    32.5992  1026.2733    26.1758    337.471    318.275  359.79746     93.795     0.5324     2.8461     0.6851 4.4288e+00      13748          8  0.000e+00
     20.157   71.71926 -161.77248     20.367    -0.5549    -0.5806    -0.5555    32.5804    32.6052  1026.2745    26.1767    337.562    318.266  359.79420     93.821     0.5324     2.8461     0.6839 4.4288e+00      13749          8  0.000e+00
     20.065   71.71926 -161.77248     20.273    -0.5536    -0.5865    -0.5541    32.5803    32.6085  1026.2739    26.1766    337.343    318.250  359.78163     93.763     0.5299     2.8315     0.6839 4.4161e+00      13750          8  0.000e+00
     20.157   71.71926 -161.77248     20.367    -0.5517    -0.5912    -0.5523    32.5784    32.6103  1026.2727    26.1750    337.586    318.240  359.76905     93.834     0.5311     2.8388     0.6851 4.4288e+00      13751          8  0.000e+00
     20.103   71.71926 -161.77248     20.312    -0.5493    -0.5943    -0.5498    32.5756    32.6115  1026.2701    26.1727    337.619    318.218  359.75362     93.847     0.5324     2.8461     0.6851 4.4288e+00      13752          8  0.000e+00
     20.128   71.71926 -161.77248     20.337    -0.6121    -0.6140    -0.6126    32.5978    32.6108  1026.2906    26.1930    338.361    317.730  360.28979     93.914     0.6252     3.4029     0.6642 4.4288e+00      13890          9  0.000e+00
     20.159   71.71926 -161.77248     20.368    -0.6124    -0.6144    -0.6129    32.5975    32.6106  1026.2905    26.1928    338.554    317.766  360.29325     93.966     0.6264     3.4102     0.6642 4.4288e+00      13891          9  0.000e+00
     20.159   71.71926 -161.77248     20.368    -0.6128    -0.6144    -0.6133    32.5976    32.6102  1026.2906    26.1929    338.547    318.029  360.29728     93.963     0.6252     3.4029     0.6642 4.4288e+00      13892          9  0.000e+00
