EcoFOCI/data/1_SampleCollection/2023_SikuliaqDBO_CruiseData/CTD_raw_BottleFile_SKQ23-12S/proc/skq202312s_049.ros
* Sea-Bird SBE 9 Data File:
* FileName = D:\CTD\SKQ202312S\SKQ202312S_049.hex
* Software Version Seasave V 7.26.7.121
* Temperature SN = 6177
* Conductivity SN = 0369
* Number of Bytes Per Scan = 41
* Number of Voltage Words = 4
* Number of Scans Averaged by the Deck Unit = 1
* NMEA Latitude = 71 51.00 N
* NMEA Longitude = 162 09.40 W
* NMEA UTC (Time) = Sep 25 2023  06:43:07
* NMEA baud rate = 4800
** Ship: R/V Sikuliaq
** Station Number: 049
** Station Name: DBO4.6n
** Bottom Depth: 41
** Operator: SS
# nquan = 22
# nvalues = 833                                   
# units = specified
# name 0 = depSM: Depth [salt water, m]
# name 1 = latitude: Latitude [deg]
# name 2 = longitude: Longitude [deg]
# name 3 = prDM: Pressure, Digiquartz [db]
# name 4 = t090C: Temperature [ITS-90, deg C]
# name 5 = t190C: Temperature, 2 [ITS-90, deg C]
# name 6 = potemp090C: Potential Temperature [ITS-90, deg C]
# name 7 = sal00: Salinity, Practical [PSU]
# name 8 = sal11: Salinity, Practical, 2 [PSU]
# name 9 = density00: Density [density, kg/m^3]
# name 10 = sigma-é00: Density [sigma-theta, kg/m^3]
# name 11 = sbox0Mm/Kg: Oxygen, SBE 43 [umol/kg]
# name 12 = sbox1Mm/Kg: Oxygen, SBE 43, 2 [umol/kg]
# name 13 = oxsolMm/Kg: Oxygen Saturation, Garcia & Gordon [umol/kg]
# name 14 = sbeox0PS: Oxygen, SBE 43 [% saturation]
# name 15 = v0: Voltage 0
# name 16 = flECO-AFL: Fluorescence, WET Labs ECO-AFL/FL [mg/m^3]
# name 17 = CStarAt0: Beam Attenuation, WET Labs C-Star [1/m]
# name 18 = par: PAR/Irradiance, Biospherical/Licor
# name 19 = scan: Scan Count
# name 20 = nbf: Bottles Fired
# name 21 = flag:  0.000e+00
# interval = seconds: 0.0416667
# start_time = Sep 25 2023 06:46:31 [NMEA time, first data scan]
# bad_flag = -9.990e-29
*END*
[from data line 66]
     35.820   71.85008 -162.15674     36.193    -0.6498    -0.6488    -0.6508    32.6458    32.6575  1026.4070    26.2333    283.176    267.628  360.51475     78.548     0.1404     0.4945     2.3094 1.0000e-12       5783          2  0.000e+00
     35.835   71.85008 -162.15674     36.209    -0.6499    -0.6487    -0.6509    32.6457    32.6570  1026.4070    26.2331    282.953    267.360  360.51624     78.486     0.1416     0.5018     2.3094 8.4714e-06       5784          2  0.000e+00
     35.874   71.85008 -162.15674     36.248    -0.6501    -0.6486    -0.6511    32.6462    32.6575  1026.4076    26.2336    282.688    267.501  360.51633     78.412     0.1404     0.4945     2.3112 1.0000e-12       5785          2  0.000e+00
     35.835   71.85008 -162.15674     36.209    -0.6501    -0.6486    -0.6511    32.6462    32.6573  1026.4074    26.2336    282.830    267.478  360.51638     78.451     0.1404     0.4945     2.3094 1.0000e-12       5786          2  0.000e+00
     35.835   71.85008 -162.15674     36.209    -0.6498    -0.6484    -0.6508    32.6460    32.6572  1026.4073    26.2335    283.068    267.421  360.51406     78.518     0.1404     0.4945     2.3094 8.4714e-06       5787          2  0.000e+00
     35.819   71.85008 -162.15674     36.193    -0.6498    -0.6487    -0.6507    32.6460    32.6576  1026.4071    26.2334    283.106    267.392  360.51366     78.528     0.1404     0.4945     2.3094 1.0000e-12       5788          2  0.000e+00
     35.889   71.85008 -162.15674     36.263    -0.6495    -0.6486    -0.6504    32.6461    32.6569  1026.4076    26.2335    283.146    267.365  360.51061     78.540     0.1392     0.4872     2.3094 8.4714e-06       5789          2  0.000e+00
     35.835   71.85008 -162.15674     36.208    -0.6498    -0.6488    -0.6507    32.6462    32.6578  1026.4074    26.2336    283.189    267.360  360.51309     78.552     0.1404     0.4945     2.3112 1.0000e-12       5790          2  0.000e+00
     35.873   71.85008 -162.15674     36.247    -0.6497    -0.6487    -0.6506    32.6458    32.6576  1026.4073    26.2333    283.186    267.326  360.51301     78.551     0.1404     0.4945     2.3112 1.0000e-12       5791          2  0.000e+00
     35.835   71.85008 -162.15674     36.208    -0.6493    -0.6486    -0.6503    32.6453    32.6572  1026.4067    26.2328    283.179    267.287  360.51121     78.549     0.1380     0.4798     2.3094 8.4714e-06       5792          2  0.000e+00
     35.819   71.85008 -162.15674     36.193    -0.6493    -0.6486    -0.6503    32.6459    32.6574  1026.4070    26.2333    283.221    267.025  360.50962     78.561     0.1368     0.4725     2.3094 1.0000e-12       5793          2  0.000e+00
     35.835   71.85008 -162.15674     36.208    -0.6495    -0.6488    -0.6504    32.6459    32.6577  1026.4071    26.2333    283.222    266.955  360.51124     78.561     0.1355     0.4652     2.3094 1.0000e-12       5794          2  0.000e+00
     35.889   71.85008 -162.15674     36.263    -0.6493    -0.6486    -0.6503    32.6459    32.6572  1026.4074    26.2333    283.268    266.885  360.50950     78.574     0.1368     0.4725     2.3112 1.0000e-12       5795          2  0.000e+00
     35.819   71.85008 -162.15674     36.193    -0.6493    -0.6488    -0.6503    32.6463    32.6575  1026.4074    26.2336    283.313    267.062  360.50842     78.587     0.1355     0.4652     2.3112 1.0000e-12       5796          2  0.000e+00
     35.889   71.85008 -162.15674     36.263    -0.6492    -0.6488    -0.6501    32.6460    32.6574  1026.4075    26.2334    283.365    267.051  360.50816     78.602     0.1368     0.4725     2.3186 1.0000e-12       5797          2  0.000e+00
     35.873   71.85008 -162.15674     36.247    -0.6492    -0.6487    -0.6501    32.6458    32.6574  1026.4072    26.2332    283.369    266.813  360.50886     78.603     0.1368     0.4725     2.3279 1.0000e-12       5798          2  0.000e+00
     35.835   71.85008 -162.15674     36.208    -0.6493    -0.6486    -0.6503    32.6460    32.6575  1026.4072    26.2334    283.372    266.988  360.50929     78.603     0.1368     0.4725     2.3298 1.0000e-12       5799          2  0.000e+00
     35.835   71.85008 -162.15674     36.208    -0.6490    -0.6488    -0.6500    32.6458    32.6577  1026.4070    26.2332    283.422    266.751  360.50720     78.618     0.1368     0.4725     2.3298 1.0000e-12       5800          2  0.000e+00
     35.873   71.85008 -162.15674     36.247    -0.6490    -0.6488    -0.6500    32.6458    32.6574  1026.4072    26.2332    283.429    266.707  360.50715     78.620     0.1368     0.4725     2.3279 1.0000e-12       5801          2  0.000e+00
     35.835   71.85008 -162.15674     36.208    -0.6492    -0.6489    -0.6501    32.6460    32.6574  1026.4072    26.2334    283.483    266.660  360.50831     78.634     0.1368     0.4725     2.3298 1.0000e-12       5802          2  0.000e+00
     35.889   71.85008 -162.15674     36.263    -0.6493    -0.6488    -0.6503    32.6463    32.6573  1026.4077    26.2336    283.493    266.615  360.50842     78.637     0.1380     0.4798     2.3298 1.0000e-12       5803          2  0.000e+00
     35.873   71.85008 -162.15674     36.247    -0.6493    -0.6488    -0.6503    32.6464    32.6575  1026.4077    26.2337    283.797    266.568  360.50827     78.721     0.1368     0.4725     2.3298 1.0000e-12       5804          2  0.000e+00
     35.835   71.85008 -162.15674     36.208    -0.6492    -0.6488    -0.6501    32.6459    32.6579  1026.4071    26.2333    283.600    266.520  360.50855     78.667     0.1368     0.4725     2.3298 1.0000e-12       5805          2  0.000e+00
     35.873   71.85008 -162.15674     36.247    -0.6495    -0.6488    -0.6504    32.6462    32.6577  1026.4076    26.2336    283.362    266.475  360.51034     78.600     0.1355     0.4652     2.3279 1.0000e-12       5806          2  0.000e+00
     35.889   71.85008 -162.15674     36.263    -0.6495    -0.6486    -0.6504    32.6460    32.6579  1026.4075    26.2334    283.326    266.428  360.51085     78.590     0.1368     0.4725     2.3279 1.0000e-12       5807          2  0.000e+00
     35.835   71.85008 -162.15674     36.208    -0.6492    -0.6488    -0.6501    32.6459    32.6581  1026.4071    26.2333    283.287    266.412  360.50843     78.580     0.1355     0.4652     2.3279 1.0000e-12       5808          2  0.000e+00
     35.873   71.85008 -162.15674     36.247    -0.6495    -0.6486    -0.6504    32.6461    32.6573  1026.4075    26.2335    283.258    266.369  360.51070     78.571     0.1368     0.4725     2.3298 8.4714e-06       5809          2  0.000e+00
     35.889   71.85008 -162.15674     36.263    -0.6493    -0.6486    -0.6503    32.6462    32.6575  1026.4077    26.2336    283.226    266.134  360.50866     78.563     0.1380     0.4798     2.3279 1.0000e-12       5810          2  0.000e+00
     35.819   71.85008 -162.15674     36.193    -0.6495    -0.6488    -0.6504    32.6464    32.6580  1026.4074    26.2337    283.445    266.059  360.50989     78.623     0.1368     0.4725     2.3298 1.0000e-12       5811          2  0.000e+00
     35.889   71.85008 -162.15674     36.263    -0.6493    -0.6486    -0.6503    32.6459    32.6581  1026.4074    26.2333    283.465    266.020  360.50962     78.629     0.1368     0.4725     2.3279 8.4714e-06       5812          2  0.000e+00
     35.835   71.85008 -162.15674     36.208    -0.6492    -0.6484    -0.6501    32.6461    32.6575  1026.4073    26.2335    283.478    265.981  360.50783     78.633     0.1368     0.4725     2.3298 1.0000e-12       5813          2  0.000e+00
     35.873   71.85008 -162.15674     36.247    -0.6495    -0.6485    -0.6504    32.6462    32.6578  1026.4075    26.2335    283.500    266.169  360.51046     78.638     0.1368     0.4725     2.3298 1.0000e-12       5814          2  0.000e+00
     35.833   71.85008 -162.15674     36.207    -0.6490    -0.6484    -0.6500    32.6465    32.6574  1026.4076    26.2338    284.001    266.011  360.50516     78.779     0.1429     0.5091     2.3409 1.0000e-12       5973          3  0.000e+00
     35.772   71.85008 -162.15674     36.145    -0.6492    -0.6487    -0.6501    32.6462    32.6578  1026.4071    26.2336    283.980    265.986  360.50760     78.772     0.1416     0.5018     2.3409 1.0000e-12       5974          3  0.000e+00
     35.872   71.85008 -162.15674     36.246    -0.6490    -0.6486    -0.6500    32.6462    32.6578  1026.4076    26.2336    284.007    266.190  360.50594     78.780     0.1416     0.5018     2.3409 1.0000e-12       5975          3  0.000e+00
     35.833   71.85008 -162.15674     36.207    -0.6492    -0.6486    -0.6501    32.6466    32.6580  1026.4077    26.2338    283.984    266.229  360.50662     78.773     0.1404     0.4945     2.3409 1.0000e-12       5976          3  0.000e+00
     35.818   71.85008 -162.15674     36.191    -0.6489    -0.6484    -0.6498    32.6460    32.6575  1026.4071    26.2334    283.956    266.241  360.50498     78.766     0.1416     0.5018     2.3409 1.0000e-12       5977          3  0.000e+00
     35.833   71.85008 -162.15674     36.207    -0.6490    -0.6487    -0.6500    32.6463    32.6578  1026.4075    26.2337    283.681    266.288  360.50564     78.690     0.1416     0.5018     2.3409 8.4714e-06       5978          3  0.000e+00
     35.833   71.85008 -162.15674     36.207    -0.6490    -0.6486    -0.6500    32.6464    32.6578  1026.4075    26.2337    283.857    266.303  360.50552     78.739     0.1416     0.5018     2.3521 1.0000e-12       5979          3  0.000e+00
     35.872   71.85008 -162.15674     36.246    -0.6492    -0.6484    -0.6501    32.6463    32.6578  1026.4076    26.2337    283.630    266.321  360.50729     78.675     0.1416     0.5018     2.3614 8.4714e-06       5980          3  0.000e+00
     35.833   71.85008 -162.15674     36.207    -0.6490    -0.6485    -0.6500    32.6461    32.6578  1026.4073    26.2335    283.554    266.339  360.50624     78.654     0.1404     0.4945     2.3614 1.0000e-12       5981          3  0.000e+00
     35.833   71.85008 -162.15674     36.207    -0.6490    -0.6484    -0.6500    32.6461    32.6574  1026.4073    26.2334    283.827    266.359  360.50636     78.730     0.1416     0.5018     2.3614 1.0000e-12       5982          3  0.000e+00
     35.818   71.85008 -162.15674     36.191    -0.6490    -0.6484    -0.6500    32.6463    32.6573  1026.4074    26.2337    283.801    266.348  360.50561     78.723     0.1429     0.5091     2.3614 1.0000e-12       5983          3  0.000e+00
     35.833   71.85008 -162.15674     36.207    -0.6490    -0.6485    -0.6500    32.6462    32.6576  1026.4073    26.2335    283.823    266.370  360.50612     78.729     0.1416     0.5018     2.3614 1.0000e-12       5984          3  0.000e+00
     35.818   71.85008 -162.15674     36.191    -0.6492    -0.6484    -0.6501    32.6463    32.6579  1026.4073    26.2336    283.797    266.360  360.50744     78.721     0.1416     0.5018     2.3614 1.0000e-12       5985          3  0.000e+00
     35.833   71.85008 -162.15674     36.207    -0.6490    -0.6483    -0.6500    32.6463    32.6578  1026.4075    26.2337    283.815    266.382  360.50564     78.727     0.1416     0.5018     2.3614 8.4714e-06       5986          3  0.000e+00
     35.833   71.85008 -162.15674     36.207    -0.6490    -0.6484    -0.6500    32.6464    32.6577  1026.4075    26.2337    283.786    266.407  360.50552     78.719     0.1416     0.5018     2.3614 1.0000e-12       5987          3  0.000e+00
     35.872   71.85008 -162.15674     36.246    -0.6490    -0.6482    -0.6500    32.6461    32.6571  1026.4075    26.2335    283.556    266.432  360.50618     78.655     0.1416     0.5018     2.3614 8.4714e-06       5988          3  0.000e+00
     35.833   71.85008 -162.15674     36.207    -0.6489    -0.6483    -0.6498    32.6461    32.6574  1026.4073    26.2335    283.526    266.457  360.50453     78.647     0.1416     0.5018     2.3614 1.0000e-12       5989          3  0.000e+00
     35.818   71.85008 -162.15674     36.191    -0.6490    -0.6484    -0.6500    32.6462    32.6579  1026.4073    26.2335    283.751    266.453  360.50609     78.709     0.1429     0.5091     2.3614 1.0000e-12       5990          3  0.000e+00
     35.833   71.85008 -162.15674     36.207    -0.6490    -0.6482    -0.6500    32.6461    32.6577  1026.4073    26.2334    283.773    266.448  360.50636     78.715     0.1416     0.5018     2.3614 1.0000e-12       5991          3  0.000e+00
     35.833   71.85008 -162.15674     36.207    -0.6490    -0.6483    -0.6500    32.6463    32.6576  1026.4075    26.2337    283.794    266.667  360.50564     78.721     0.1416     0.5018     2.3614 8.4714e-06       5992          3  0.000e+00
     35.818   71.85008 -162.15674     36.191    -0.6489    -0.6483    -0.6498    32.6462    32.6577  1026.4073    26.2335    283.765    266.691  360.50438     78.713     0.1404     0.4945     2.3614 1.0000e-12       5993          3  0.000e+00
     35.833   71.85008 -162.15674     36.207    -0.6492    -0.6485    -0.6501    32.6468    32.6581  1026.4079    26.2341    283.738    266.748  360.50590     78.706     0.1416     0.5018     2.3614 8.4714e-06       5994          3  0.000e+00
     35.764   71.85008 -162.15674     36.137    -0.6490    -0.6483    -0.6500    32.6465    32.6576  1026.4073    26.2338    283.455    266.578  360.50516     78.627     0.1404     0.4945     2.3614 1.0000e-12       5995          3  0.000e+00
     35.887   71.85008 -162.15674     36.261    -0.6490    -0.6483    -0.6500    32.6466    32.6577  1026.4079    26.2339    283.728    266.608  360.50489     78.703     0.1416     0.5018     2.3614 1.0000e-12       5996          3  0.000e+00
     35.833   71.85008 -162.15674     36.207    -0.6489    -0.6483    -0.6498    32.6461    32.6575  1026.4072    26.2334    283.697    266.634  360.50477     78.694     0.1416     0.5018     2.3614 1.0000e-12       5997          3  0.000e+00
     35.872   71.85008 -162.15674     36.246    -0.6489    -0.6483    -0.6498    32.6463    32.6573  1026.4076    26.2336    283.465    266.665  360.50411     78.630     0.1404     0.4945     2.3614 1.0000e-12       5998          3  0.000e+00
     35.833   71.85008 -162.15674     36.207    -0.6490    -0.6484    -0.6500    32.6462    32.6573  1026.4074    26.2336    283.688    266.694  360.50588     78.692     0.1404     0.4945     2.3484 1.0000e-12       5999          3  0.000e+00
     35.833   71.85008 -162.15674     36.207    -0.6490    -0.6484    -0.6500    32.6465    32.6575  1026.4076    26.2338    283.457    266.725  360.50504     78.628     0.1392     0.4872     2.3335 8.4714e-06       6000          3  0.000e+00
     35.818   71.85008 -162.15674     36.191    -0.6489    -0.6483    -0.6498    32.6463    32.6575  1026.4073    26.2336    283.431    266.756  360.50414     78.621     0.1404     0.4945     2.3298 1.0000e-12       6001          3  0.000e+00
     35.833   71.85008 -162.15674     36.207    -0.6490    -0.6484    -0.6500    32.6464    32.6576  1026.4075    26.2337    283.909    266.791  360.50552     78.753     0.1392     0.4872     2.3298 1.0000e-12       6002          3  0.000e+00
     35.818   71.85008 -162.15674     36.191    -0.6490    -0.6483    -0.6500    32.6464    32.6575  1026.4075    26.2337    283.726    267.015  360.50537     78.702     0.1404     0.4945     2.3298 1.0000e-12       6003          3  0.000e+00
     35.833   71.85008 -162.15674     36.207    -0.6489    -0.6483    -0.6498    32.6464    32.6575  1026.4075    26.2337    283.497    267.048  360.50393     78.639     0.1416     0.5018     2.3316 1.0000e-12       6004          3  0.000e+00
     35.833   71.85008 -162.15674     36.207    -0.6489    -0.6484    -0.6498    32.6461    32.6576  1026.4072    26.2334    283.474    267.080  360.50477     78.633     0.1392     0.4872     2.3316 1.0000e-12       6005          3  0.000e+00
