EcoFOCI/data/1_SampleCollection/2023_SikuliaqDBO_CruiseData/CTD_raw_BottleFile_SKQ23-12S/proc/skq202312s_008svpavg.cnv
* Sea-Bird SBE 9 Data File:
* FileName = D:\CTD\SKQ202312S\SKQ202312S_008.hex
* Software Version Seasave V 7.26.7.121
* Temperature SN = 6177
* Conductivity SN = 0369
* Number of Bytes Per Scan = 41
* Number of Voltage Words = 4
* Number of Scans Averaged by the Deck Unit = 1
* NMEA Latitude = 62 47.19 N
* NMEA Longitude = 173 30.00 W
* NMEA UTC (Time) = Sep 16 2023  08:58:03
* NMEA baud rate = 4800
** Ship: R/V Sikuliaq
** Station Number: 008
** Station Name: DBO1.7
** Bottom Depth: 69
** Operator: SD
# nquan = 7
# nvalues = 62                          
# units = specified
# name 0 = depSM: Depth [salt water, m]
# name 1 = latitude: Latitude [deg]
# name 2 = longitude: Longitude [deg]
# name 3 = t090C: Temperature [ITS-90, deg C]
# name 4 = sal00: Salinity, Practical [PSU]
# name 5 = svCM: Sound Velocity [Chen-Millero, m/s]
# name 6 = flag: flag
# span 0 =      2.000,     63.000       
# span 1 =   62.78648,   62.78650       
# span 2 = -173.49996, -173.49996       
# span 3 =    -1.5223,     7.0940       
# span 4 =    31.1003,    32.0188       
# span 5 =    1438.50,    1474.22       
# span 6 = 0.0000e+00, 0.0000e+00       
# interval = meters: 1                  
# start_time = Sep 16 2023 09:02:12 [NMEA time, first data scan]
# bad_flag = -9.990e-29
*END*
      2.000   62.78648 -173.49996     7.0750    31.1011    1474.11 0.0000e+00
      3.000   62.78648 -173.49996     7.0869    31.1010    1474.17 0.0000e+00
      4.000   62.78648 -173.49996     7.0940    31.1003    1474.21 0.0000e+00
      5.000   62.78648 -173.49996     7.0892    31.1031    1474.22 0.0000e+00
      6.000   62.78648 -173.49996     7.0618    31.1075    1474.13 0.0000e+00
      7.000   62.78648 -173.49996     7.0541    31.1069    1474.12 0.0000e+00
      8.000   62.78648 -173.49996     7.0461    31.1063    1474.10 0.0000e+00
      9.000   62.78648 -173.49996     7.0239    31.1058    1474.03 0.0000e+00
     10.000   62.78648 -173.49996     7.0061    31.1050    1473.98 0.0000e+00
     11.000   62.78648 -173.49996     6.9560    31.1055    1473.80 0.0000e+00
     12.000   62.78648 -173.49996     6.8951    31.1066    1473.58 0.0000e+00
     13.000   62.78648 -173.49996     6.8536    31.1091    1473.43 0.0000e+00
     14.000   62.78648 -173.49996     6.8172    31.1071    1473.30 0.0000e+00
     15.000   62.78648 -173.49996     6.7941    31.1078    1473.23 0.0000e+00
     16.000   62.78648 -173.49996     6.7788    31.1095    1473.19 0.0000e+00
     17.000   62.78648 -173.49996     6.7708    31.1115    1473.18 0.0000e+00
     18.000   62.78648 -173.49996     6.7624    31.1146    1473.17 0.0000e+00
     19.000   62.78648 -173.49996     6.7366    31.1169    1473.08 0.0000e+00
     20.000   62.78648 -173.49996     6.6720    31.1239    1472.85 0.0000e+00
     21.000   62.78648 -173.49996     6.6033    31.1363    1472.61 0.0000e+00
     22.000   62.78648 -173.49996     6.6307    31.1719    1472.78 0.0000e+00
     23.000   62.78648 -173.49996     6.1293    31.2261    1470.87 0.0000e+00
     24.000   62.78648 -173.49996     4.9599    31.3483    1466.31 0.0000e+00
     25.000   62.78648 -173.49996     3.6849    31.5199    1461.21 0.0000e+00
     26.000   62.78648 -173.49996     1.8049    31.7649    1453.41 0.0000e+00
     27.000   62.78648 -173.49996     1.1092    31.8052    1450.37 0.0000e+00
     28.000   62.78648 -173.49996     0.4641    31.8476    1447.51 0.0000e+00
     29.000   62.78648 -173.49996    -0.3118    31.9113    1444.03 0.0000e+00
     30.000   62.78648 -173.49996    -0.8070    31.9482    1441.77 0.0000e+00
     31.000   62.78648 -173.49996    -1.0671    31.9644    1440.58 0.0000e+00
     32.000   62.78648 -173.49996    -1.3747    31.9830    1439.16 0.0000e+00
     33.000   62.78650 -173.49996    -1.5043    31.9898    1438.56 0.0000e+00
     34.000   62.78648 -173.49996    -1.5108    31.9830    1438.54 0.0000e+00
     35.000   62.78648 -173.49996    -1.5223    31.9806    1438.50 0.0000e+00
     36.000   62.78650 -173.49996    -1.5082    31.9819    1438.58 0.0000e+00
     37.000   62.78650 -173.49996    -1.4630    31.9885    1438.82 0.0000e+00
     38.000   62.78649 -173.49996    -1.4752    32.0008    1438.80 0.0000e+00
     39.000   62.78649 -173.49996    -1.5042    32.0123    1438.69 0.0000e+00
     40.000   62.78650 -173.49996    -1.5107    32.0138    1438.68 0.0000e+00
     41.000   62.78650 -173.49996    -1.5076    32.0149    1438.71 0.0000e+00
     42.000   62.78650 -173.49996    -1.5090    32.0173    1438.72 0.0000e+00
     43.000   62.78650 -173.49996    -1.5132    32.0188    1438.72 0.0000e+00
     44.000   62.78650 -173.49996    -1.5152    32.0183    1438.73 0.0000e+00
     45.000   62.78648 -173.49996    -1.5174    32.0179    1438.73 0.0000e+00
     46.000   62.78649 -173.49996    -1.5187    32.0174    1438.74 0.0000e+00
     47.000   62.78650 -173.49996    -1.5194    32.0167    1438.75 0.0000e+00
     48.000   62.78650 -173.49996    -1.5193    32.0163    1438.77 0.0000e+00
     49.000   62.78650 -173.49996    -1.5193    32.0158    1438.79 0.0000e+00
     50.000   62.78648 -173.49996    -1.5182    32.0159    1438.81 0.0000e+00
     51.000   62.78648 -173.49996    -1.5167    32.0162    1438.83 0.0000e+00
     52.000   62.78648 -173.49996    -1.5148    32.0177    1438.86 0.0000e+00
     53.000   62.78649 -173.49996    -1.5142    32.0177    1438.88 0.0000e+00
     54.000   62.78650 -173.49996    -1.5135    32.0178    1438.90 0.0000e+00
     55.000   62.78650 -173.49996    -1.5132    32.0176    1438.92 0.0000e+00
     56.000   62.78648 -173.49996    -1.5127    32.0177    1438.93 0.0000e+00
     57.000   62.78649 -173.49996    -1.5124    32.0175    1438.95 0.0000e+00
     58.000   62.78650 -173.49996    -1.5072    32.0160    1438.99 0.0000e+00
     59.000   62.78650 -173.49996    -1.5113    32.0164    1438.99 0.0000e+00
     60.000   62.78649 -173.49996    -1.5113    32.0163    1439.01 0.0000e+00
     61.000   62.78650 -173.49996    -1.5114    32.0163    1439.02 0.0000e+00
     62.000   62.78648 -173.49996    -1.5084    32.0162    1439.05 0.0000e+00
     63.000   62.78648 -173.49996    -1.5097    32.0166    1439.06 0.0000e+00
