EcoFOCI/data/1_SampleCollection/2023_SikuliaqDBO_CruiseData/CTD_raw_BottleFile_SKQ23-12S/proc/skq202312s_011.cnv
* Sea-Bird SBE 9 Data File:
* FileName = D:\CTD\SKQ202312S\SKQ202312S_011.hex
* Software Version Seasave V 7.26.7.121
* Temperature SN = 6177
* Conductivity SN = 0369
* Number of Bytes Per Scan = 41
* Number of Voltage Words = 4
* Number of Scans Averaged by the Deck Unit = 1
* NMEA Latitude = 63 36.26 N
* NMEA Longitude = 172 35.70 W
* NMEA UTC (Time) = Sep 16 2023  18:45:33
* NMEA baud rate = 4800
** Ship: R/V Sikuliaq
** Station Number: 011
** Station Name: DBO1.10
** Bottom Depth: 53
** Operator: SD
# nquan = 24
# nvalues = 4826                                  
# units = specified
# name 0 = depSM: Depth [salt water, m]
# name 1 = latitude: Latitude [deg]
# name 2 = longitude: Longitude [deg]
# name 3 = prDM: Pressure, Digiquartz [db]
# name 4 = t090C: Temperature [ITS-90, deg C]
# name 5 = t190C: Temperature, 2 [ITS-90, deg C]
# name 6 = potemp090C: Potential Temperature [ITS-90, deg C]
# name 7 = sal00: Salinity, Practical [PSU]
# name 8 = sal11: Salinity, Practical, 2 [PSU]
# name 9 = density00: Density [density, kg/m^3]
# name 10 = sigma-é00: Density [sigma-theta, kg/m^3]
# name 11 = sbox0Mm/Kg: Oxygen, SBE 43 [umol/kg]
# name 12 = sbox1Mm/Kg: Oxygen, SBE 43, 2 [umol/kg]
# name 13 = oxsolMm/Kg: Oxygen Saturation, Garcia & Gordon [umol/kg]
# name 14 = sbeox0PS: Oxygen, SBE 43 [% saturation]
# name 15 = sbeox1PS: Oxygen, SBE 43, 2 [% saturation]
# name 16 = v0: Voltage 0
# name 17 = flECO-AFL: Fluorescence, WET Labs ECO-AFL/FL [mg/m^3]
# name 18 = v1: Voltage 1
# name 19 = CStarAt0: Beam Attenuation, WET Labs C-Star [1/m]
# name 20 = par: PAR/Irradiance, Biospherical/Licor
# name 21 = scan: Scan Count
# name 22 = timeM: Time, Elapsed [minutes]
# name 23 = flag:  0.000e+00
# span 0 =      1.795,     48.538                 
# span 1 =   63.60454,   63.60480                 
# span 2 = -172.59616, -172.59548                 
# span 3 =      1.813,     49.020                 
# span 4 =    -0.1031,     7.7200                 
# span 5 =    -0.1049,     7.7198                 
# span 6 =    -0.1046,     7.7187                 
# span 7 =    31.6487,    32.4655                 
# span 8 =    31.6485,    32.4726                 
# span 9 =  1024.6986,  1026.2796                 
# span 10 =    24.6842,    26.0462                
# span 11 =    234.728,    330.499                
# span 12 =    222.704,    313.854                
# span 13 =  295.71660,  356.04584                
# span 14 =     66.356,    100.109                
# span 15 =     63.052,     95.134                
# span 16 =     0.0830,     0.2979                
# span 17 =     0.1502,     1.4395                
# span 18 =     3.7021,     4.2051                
# span 19 =     0.4556,     0.9654                
# span 20 = 4.4764e-01, 6.1078e+02                
# span 21 =          1,       4826                
# span 22 =     0.0000,     3.3507                
# span 23 = 0.0000e+00, 0.0000e+00                
# interval = seconds: 0.0416667
# start_time = Sep 16 2023 18:47:53 [NMEA time, first data scan]
# bad_flag = -9.990e-29
*END*
[from data line 1510]
     11.179   63.60468 -172.59566     11.289     7.7102     7.7106     7.7092    31.6625    31.6731  1024.7465    24.6947    282.379    269.165  295.91013     95.427     90.969     0.2125     0.9267     4.0085     0.6471 5.5716e+01       1511     1.0486  0.000e+00
     11.179   63.60468 -172.59566     11.289     7.7100     7.7107     7.7090    31.6632    31.6732  1024.7470    24.6953    282.380    269.181  295.91011     95.427     90.975     0.2125     0.9267     4.0085     0.6471 5.5716e+01       1512     1.0493  0.000e+00
     11.125   63.60468 -172.59566     11.234     7.7104     7.7110     7.7093    31.6632    31.6730  1024.7467    24.6952    282.375    269.212  295.90769     95.427     90.986     0.2125     0.9267     4.0085     0.6471 5.6030e+01       1513     1.0500  0.000e+00
     11.148   63.60468 -172.59568     11.258     7.7103     7.7108     7.7093    31.6634    31.6734  1024.7470    24.6954    282.376    269.235  295.90754     95.427     90.994     0.2137     0.9341     4.0085     0.6471 5.6030e+01       1514     1.0507  0.000e+00
     11.179   63.60468 -172.59568     11.289     7.7104     7.7110     7.7093    31.6631    31.6733  1024.7469    24.6952    281.817    269.275  295.90790     95.238     91.008     0.2149     0.9414     4.0085     0.6471 5.6189e+01       1515     1.0514  0.000e+00
     11.179   63.60468 -172.59568     11.289     7.7104     7.7107     7.7093    31.6628    31.6729  1024.7466    24.6949    282.307    269.305  295.90862     95.403     91.017     0.2149     0.9414     4.0085     0.6471 5.6347e+01       1516     1.0521  0.000e+00
     11.179   63.60468 -172.59568     11.289     7.7103     7.7106     7.7093    31.6630    31.6728  1024.7468    24.6951    282.310    269.334  295.90854     95.404     91.026     0.2149     0.9414     4.0085     0.6471 5.6347e+01       1517     1.0528  0.000e+00
     11.179   63.60468 -172.59568     11.289     7.7102     7.7106     7.7092    31.6632    31.6723  1024.7470    24.6953    282.313    269.365  295.90861     95.405     91.037     0.2149     0.9414     4.0085     0.6471 5.6506e+01       1518     1.0535  0.000e+00
     11.210   63.60468 -172.59568     11.320     7.7103     7.7106     7.7093    31.6631    31.6721  1024.7470    24.6951    282.317    269.382  295.90833     95.407     91.042     0.2149     0.9414     4.0085     0.6471 5.6665e+01       1519     1.0542  0.000e+00
     11.125   63.60468 -172.59568     11.234     7.7100     7.7104     7.7090    31.6633    31.6726  1024.7469    24.6954    282.318    269.396  295.90974     95.407     91.047     0.2149     0.9414     4.0085     0.6471 5.6986e+01       1520     1.0549  0.000e+00
     11.233   63.60468 -172.59568     11.343     7.7102     7.7106     7.7092    31.6629    31.6727  1024.7470    24.6950    282.325    269.433  295.90938     95.409     91.060     0.2137     0.9341     4.0085     0.6471 5.6986e+01       1521     1.0556  0.000e+00
     11.179   63.60468 -172.59568     11.289     7.7103     7.7104     7.7093    31.6624    31.6722  1024.7464    24.6947    282.326    269.454  295.90966     95.410     91.066     0.2149     0.9414     4.0085     0.6471 5.7146e+01       1522     1.0562  0.000e+00
     11.179   63.60468 -172.59568     11.289     7.7102     7.7106     7.7092    31.6619    31.6718  1024.7460    24.6942    282.331    269.475  295.91149     95.411     91.073     0.2161     0.9487     4.0085     0.6471 5.7146e+01       1523     1.0569  0.000e+00
     11.179   63.60468 -172.59568     11.289     7.7102     7.7104     7.7091    31.6618    31.6720  1024.7459    24.6941    282.335    269.498  295.91213     95.412     91.081     0.2149     0.9414     4.0110     0.6447 5.7308e+01       1524     1.0576  0.000e+00
     11.148   63.60468 -172.59568     11.258     7.7099     7.7106     7.7088    31.6618    31.6719  1024.7458    24.6942    282.525    269.521  295.91399     95.476     91.089     0.2161     0.9487     4.0122     0.6435 5.7146e+01       1525     1.0583  0.000e+00
     11.179   63.60468 -172.59568     11.289     7.7100     7.7104     7.7090    31.6615    31.6715  1024.7457    24.6940    282.366    269.549  295.91363     95.422     91.098     0.2149     0.9414     4.0134     0.6423 5.6986e+01       1526     1.0590  0.000e+00
     11.179   63.60468 -172.59568     11.289     7.7098     7.7104     7.7088    31.6614    31.6714  1024.7456    24.6939    282.370    269.576  295.91530     95.423     91.107     0.2161     0.9487     4.0134     0.6423 5.6986e+01       1527     1.0597  0.000e+00
     11.179   63.60468 -172.59568     11.289     7.7099     7.7107     7.7088    31.6614    31.6713  1024.7457    24.6939    282.398    269.602  295.91482     95.432     91.116     0.2149     0.9414     4.0122     0.6435 5.6825e+01       1528     1.0604  0.000e+00
     11.179   63.60468 -172.59568     11.289     7.7098     7.7104     7.7088    31.6609    31.6717  1024.7452    24.6935    282.402    269.616  295.91634     95.433     91.121     0.2149     0.9414     4.0134     0.6423 5.6506e+01       1529     1.0611  0.000e+00
     11.148   63.60468 -172.59568     11.257     7.7096     7.7106     7.7085    31.6611    31.6713  1024.7453    24.6937    282.406    269.628  295.91765     95.434     91.125     0.2149     0.9414     4.0122     0.6435 5.6506e+01       1530     1.0618  0.000e+00
     11.179   63.60468 -172.59568     11.289     7.7099     7.7102     7.7088    31.6609    31.6716  1024.7452    24.6935    282.408    269.645  295.91594     95.435     91.130     0.2149     0.9414     4.0134     0.6423 5.6347e+01       1531     1.0625  0.000e+00
     11.179   63.60468 -172.59568     11.289     7.7097     7.7106     7.7086    31.6611    31.6716  1024.7454    24.6937    282.412    269.489  295.91680     95.436     91.078     0.2149     0.9414     4.0122     0.6435 5.5873e+01       1532     1.0632  0.000e+00
     11.179   63.60468 -172.59568     11.289     7.7097     7.7104     7.7087    31.6613    31.6722  1024.7455    24.6938    282.414    269.472  295.91617     95.437     91.072     0.2149     0.9414     4.0122     0.6435 5.5716e+01       1533     1.0639  0.000e+00
     11.179   63.60468 -172.59568     11.289     7.7097     7.7106     7.7086    31.6617    31.6715  1024.7459    24.6942    282.417    269.473  295.91552     95.438     91.072     0.2149     0.9414     4.0134     0.6423 5.5716e+01       1534     1.0646  0.000e+00
     11.148   63.60468 -172.59568     11.257     7.7099     7.7106     7.7088    31.6617    31.6708  1024.7458    24.6942    282.418    269.475  295.91415     95.439     91.073     0.2149     0.9414     4.0134     0.6423 5.5716e+01       1535     1.0653  0.000e+00
     11.125   63.60468 -172.59568     11.234     7.7099     7.7101     7.7088    31.6618    31.6701  1024.7457    24.6942    282.420    269.634  295.91405     95.440     91.125     0.2149     0.9414     4.0134     0.6423 5.5559e+01       1536     1.0660  0.000e+00
     11.179   63.60468 -172.59568     11.289     7.7098     7.7101     7.7088    31.6618    31.6695  1024.7460    24.6942    282.425    269.657  295.91434     95.441     91.132     0.2149     0.9414     4.0134     0.6423 5.5716e+01       1537     1.0667  0.000e+00
     11.125   63.60468 -172.59568     11.234     7.7099     7.7099     7.7088    31.6617    31.6695  1024.7456    24.6941    282.426    269.659  295.91429     95.442     91.133     0.2149     0.9414     4.0134     0.6423 5.5247e+01       1538     1.0674  0.000e+00
     11.125   63.60468 -172.59568     11.234     7.7098     7.7098     7.7088    31.6616    31.6697  1024.7456    24.6941    282.430    269.663  295.91476     95.443     91.134     0.2149     0.9414     4.0134     0.6423 5.5091e+01       1539     1.0681  0.000e+00
     11.148   63.60468 -172.59568     11.257     7.7100     7.7101     7.7090    31.6616    31.6690  1024.7456    24.6940    282.246    269.836  295.91352     95.381     91.193     0.2173     0.9560     4.0134     0.6423 5.4936e+01       1540     1.0688  0.000e+00
     11.125   63.60468 -172.59568     11.234     7.7099     7.7099     7.7088    31.6614    31.6694  1024.7453    24.6939    282.412    269.685  295.91501     95.437     91.141     0.2186     0.9634     4.0134     0.6423 5.4936e+01       1541     1.0694  0.000e+00
     11.179   63.60468 -172.59568     11.289     7.7098     7.7099     7.7088    31.6611    31.6693  1024.7454    24.6937    282.419    269.690  295.91578     95.439     91.143     0.2186     0.9634     4.0134     0.6423 5.5091e+01       1542     1.0701  0.000e+00
     11.125   63.60468 -172.59568     11.234     7.7100     7.7099     7.7090    31.6611    31.6695  1024.7451    24.6936    282.420    269.690  295.91462     95.440     91.143     0.2186     0.9634     4.0122     0.6435 5.5091e+01       1543     1.0708  0.000e+00
     11.125   63.60468 -172.59568     11.234     7.7098     7.7099     7.7088    31.6613    31.6694  1024.7453    24.6938    282.425    269.693  295.91548     95.441     91.144     0.2198     0.9707     4.0098     0.6459 5.5091e+01       1544     1.0715  0.000e+00
     11.094   63.60468 -172.59568     11.203     7.7100     7.7099     7.7090    31.6611    31.6695  1024.7450    24.6937    282.427    269.695  295.91451     95.442     91.145     0.2186     0.9634     4.0073     0.6483 5.4936e+01       1545     1.0722  0.000e+00
     11.125   63.60468 -172.59568     11.234     7.7097     7.7098     7.7087    31.6615    31.6699  1024.7455    24.6940    282.460    269.699  295.91571     95.453     91.146     0.2186     0.9634     4.0061     0.6496 5.4936e+01       1546     1.0729  0.000e+00
     11.125   63.60468 -172.59568     11.234     7.7098     7.7098     7.7088    31.6613    31.6698  1024.7453    24.6938    282.464    269.701  295.91540     95.454     91.147     0.2186     0.9634     4.0073     0.6483 5.4936e+01       1547     1.0736  0.000e+00
     11.125   63.60468 -172.59568     11.234     7.7100     7.7098     7.7090    31.6609    31.6697  1024.7449    24.6935    282.469    269.688  295.91502     95.456     91.142     0.2186     0.9634     4.0073     0.6483 5.4936e+01       1548     1.0743  0.000e+00
     11.125   63.60468 -172.59568     11.234     7.7097     7.7097     7.7086    31.6612    31.6697  1024.7452    24.6937    282.476    269.859  295.91675     95.458     91.200     0.2186     0.9634     4.0073     0.6483 5.4936e+01       1549     1.0750  0.000e+00
     11.125   63.60468 -172.59568     11.234     7.7099     7.7098     7.7088    31.6611    31.6697  1024.7451    24.6937    282.480    269.876  295.91557     95.460     91.206     0.2186     0.9634     4.0073     0.6483 5.4936e+01       1550     1.0757  0.000e+00
     11.094   63.60468 -172.59568     11.203     7.7099     7.7099     7.7088    31.6612    31.6694  1024.7451    24.6938    282.484    269.891  295.91530     95.461     91.211     0.2173     0.9560     4.0073     0.6483 5.4936e+01       1551     1.0764  0.000e+00
     11.063   63.60468 -172.59568     11.172     7.7098     7.7098     7.7088    31.6613    31.6692  1024.7450    24.6938    282.488    269.908  295.91542     95.462     91.216     0.2198     0.9707     4.0073     0.6483 5.4936e+01       1552     1.0771  0.000e+00
     11.125   63.60468 -172.59568     11.234     7.7099     7.7099     7.7088    31.6612    31.6694  1024.7452    24.6938    282.469    269.924  295.91525     95.456     91.222     0.2173     0.9560     4.0073     0.6483 5.5091e+01       1553     1.0778  0.000e+00
     11.125   63.60468 -172.59568     11.234     7.7097     7.7099     7.7086    31.6609    31.6698  1024.7450    24.6935    282.476    269.938  295.91731     95.458     91.227     0.2186     0.9634     4.0073     0.6483 5.5873e+01       1554     1.0785  0.000e+00
     11.063   63.60468 -172.59568     11.172     7.7099     7.7099     7.7088    31.6609    31.6702  1024.7447    24.6935    282.476    269.949  295.91599     95.458     91.231     0.2173     0.9560     4.0073     0.6483 5.6189e+01       1555     1.0792  0.000e+00
     11.148   63.60468 -172.59568     11.257     7.7097     7.7098     7.7087    31.6611    31.6701  1024.7453    24.6937    282.484    269.967  295.91654     95.461     91.237     0.2186     0.9634     4.0073     0.6483 5.6189e+01       1556     1.0799  0.000e+00
     11.063   63.60468 -172.59568     11.172     7.7097     7.7097     7.7086    31.6607    31.6701  1024.7446    24.6934    282.486    269.808  295.91765     95.461     91.183     0.2198     0.9707     4.0073     0.6483 5.6825e+01       1557     1.0806  0.000e+00
     11.125   63.60468 -172.59568     11.234     7.7096     7.7098     7.7085    31.6610    31.6701  1024.7451    24.6937    282.467    269.806  295.91770     95.455     91.183     0.2186     0.9634     4.0073     0.6483 5.7146e+01       1558     1.0813  0.000e+00
     11.063   63.60468 -172.59568     11.171     7.7098     7.7101     7.7088    31.6614    31.6700  1024.7451    24.6939    282.465    269.799  295.91518     95.455     91.181     0.2198     0.9707     4.0073     0.6483 5.7146e+01       1559     1.0819  0.000e+00
     11.125   63.60468 -172.59568     11.234     7.7102     7.7101     7.7092    31.6618    31.6705  1024.7456    24.6942    282.467    269.966  295.91168     95.456     91.237     0.2186     0.9634     4.0061     0.6496 5.7308e+01       1560     1.0826  0.000e+00
     11.094   63.60468 -172.59568     11.203     7.7099     7.7101     7.7088    31.6624    31.6710  1024.7460    24.6947    282.657    269.976  295.91281     95.520     91.241     0.2198     0.9707     4.0073     0.6483 5.7308e+01       1561     1.0833  0.000e+00
     11.124   63.60468 -172.59568     11.234     7.7100     7.7099     7.7090    31.6617    31.6714  1024.7456    24.6941    282.498    269.819  295.91326     95.467     91.188     0.2186     0.9634     4.0073     0.6483 5.7308e+01       1562     1.0840  0.000e+00
     11.063   63.60468 -172.59568     11.171     7.7100     7.7101     7.7090    31.6622    31.6709  1024.7457    24.6945    282.497    269.813  295.91208     95.467     91.186     0.2198     0.9707     4.0073     0.6483 5.7631e+01       1563     1.0847  0.000e+00
     11.124   63.60468 -172.59568     11.234     7.7102     7.7098     7.7091    31.6634    31.6707  1024.7469    24.6954    282.421    269.812  295.90863     95.442     91.185     0.2173     0.9560     4.0098     0.6459 5.7794e+01       1564     1.0854  0.000e+00
     11.124   63.60468 -172.59568     11.234     7.7109     7.7099     7.7098    31.6641    31.6711  1024.7474    24.6959    282.413    269.806  295.90237     95.441     91.183     0.2186     0.9634     4.0122     0.6435 5.7957e+01       1565     1.0861  0.000e+00
     11.148   63.60468 -172.59568     11.257     7.7114     7.7101     7.7103    31.6648    31.6708  1024.7479    24.6963    282.408    269.802  295.89763     95.441     91.182     0.2186     0.9634     4.0134     0.6423 5.7957e+01       1566     1.0868  0.000e+00
     11.063   63.60468 -172.59568     11.171     7.7110     7.7101     7.7099    31.6657    31.6705  1024.7483    24.6971    282.405    269.795  295.89831     95.440     91.180     0.2186     0.9634     4.0134     0.6423 5.7957e+01       1567     1.0875  0.000e+00
     11.178   63.60468 -172.59568     11.288     7.7112     7.7102     7.7101    31.6658    31.6705  1024.7489    24.6972    282.406    269.793  295.89676     95.441     91.179     0.2173     0.9560     4.0134     0.6423 5.7957e+01       1568     1.0882  0.000e+00
     11.124   63.60468 -172.59568     11.234     7.7113     7.7101     7.7103    31.6659    31.6707  1024.7487    24.6973    282.402    269.618  295.89544     95.440     91.120     0.2186     0.9634     4.0122     0.6435 5.7957e+01       1569     1.0889  0.000e+00
