EcoFOCI/data/1_SampleCollection/2023_SikuliaqDBO_CruiseData/CTD_raw_BottleFile_SKQ23-12S/proc/skq202312s_041.cnv
* Sea-Bird SBE 9 Data File:
* FileName = D:\CTD\SKQ202312S\SKQ202312S_041.hex
* Software Version Seasave V 7.26.7.121
* Temperature SN = 6177
* Conductivity SN = 0369
* Number of Bytes Per Scan = 41
* Number of Voltage Words = 4
* Number of Scans Averaged by the Deck Unit = 1
* NMEA Latitude = 71 22.89 N
* NMEA Longitude = 160 50.39 W
* NMEA UTC (Time) = Sep 23 2023  21:13:19
* NMEA baud rate = 4800
** Ship: R/V Sikuliaq
** Station Number: 041
** Station Name: DBO4.2na
** Bottom Depth: 47
** Operator: SS
# nquan = 24
# nvalues = 4249                                  
# units = specified
# name 0 = depSM: Depth [salt water, m]
# name 1 = latitude: Latitude [deg]
# name 2 = longitude: Longitude [deg]
# name 3 = prDM: Pressure, Digiquartz [db]
# name 4 = t090C: Temperature [ITS-90, deg C]
# name 5 = t190C: Temperature, 2 [ITS-90, deg C]
# name 6 = potemp090C: Potential Temperature [ITS-90, deg C]
# name 7 = sal00: Salinity, Practical [PSU]
# name 8 = sal11: Salinity, Practical, 2 [PSU]
# name 9 = density00: Density [density, kg/m^3]
# name 10 = sigma-é00: Density [sigma-theta, kg/m^3]
# name 11 = sbox0Mm/Kg: Oxygen, SBE 43 [umol/kg]
# name 12 = sbox1Mm/Kg: Oxygen, SBE 43, 2 [umol/kg]
# name 13 = oxsolMm/Kg: Oxygen Saturation, Garcia & Gordon [umol/kg]
# name 14 = sbeox0PS: Oxygen, SBE 43 [% saturation]
# name 15 = sbeox1PS: Oxygen, SBE 43, 2 [% saturation]
# name 16 = v0: Voltage 0
# name 17 = flECO-AFL: Fluorescence, WET Labs ECO-AFL/FL [mg/m^3]
# name 18 = v1: Voltage 1
# name 19 = CStarAt0: Beam Attenuation, WET Labs C-Star [1/m]
# name 20 = par: PAR/Irradiance, Biospherical/Licor
# name 21 = scan: Scan Count
# name 22 = timeM: Time, Elapsed [minutes]
# name 23 = flag:  0.000e+00
# span 0 =      2.260,     41.999                 
# span 1 =   71.38148,   71.38148                 
# span 2 = -160.83978, -160.83978                 
# span 3 =      2.283,     42.436                 
# span 4 =    -1.6599,     2.3096                 
# span 5 =    -1.6587,     2.3132                 
# span 6 =    -1.6604,     2.3095                 
# span 7 =    27.1591,    32.6568                 
# span 8 =    27.1694,    32.6689                 
# span 9 =  1021.6920,  1026.4766                 
# span 10 =    21.6779,    26.2723                
# span 11 =    250.426,    481.597                
# span 12 =    238.434,    450.553                
# span 13 =  348.14411,  370.44680                
# span 14 =     67.644,    132.120                
# span 15 =     64.418,    123.480                
# span 16 =     0.0855,     2.4151                
# span 17 =     0.1648,    14.1428                
# span 18 =     2.2759,     4.2076                
# span 19 =     0.4532,     2.9122                
# span 20 = 3.9401e-02, 2.2067e+02                
# span 21 =          1,       4249                
# span 22 =     0.0000,     2.9500                
# span 23 = 0.0000e+00, 0.0000e+00                
# interval = seconds: 0.0416667
# start_time = Sep 23 2023 21:16:43 [NMEA time, first data scan]
# bad_flag = -9.990e-29
*END*
[from data line 1510]
     11.781   71.38148 -160.83978     11.902     0.9871     0.9141     0.9867    29.4009    29.4889  1023.6029    23.5460    379.147    354.096  354.21187    107.039     99.846     0.1770     0.7143     4.1221     0.5354 4.2150e+01       1511     1.0486  0.000e+00
     11.781   71.38148 -160.83978     11.902     0.9539     0.8908     0.9535    29.4396    29.5184  1023.6357    23.5788    379.286    354.805  354.41105    107.019    100.009     0.1783     0.7216     4.1221     0.5354 4.2150e+01       1512     1.0493  0.000e+00
     11.781   71.38148 -160.83978     11.902     0.9280     0.8683     0.9276    29.4685    29.5452  1023.6602    23.6032    379.307    355.317  354.56985    106.977    100.115     0.1770     0.7143     4.1221     0.5354 4.2150e+01       1513     1.0500  0.000e+00
     11.835   71.38148 -160.83978     11.957     0.9056     0.8490     0.9052    29.4942    29.5686  1023.6822    23.6251    379.241    355.794  354.70531    106.917    100.217     0.1783     0.7216     4.1221     0.5354 4.2032e+01       1514     1.0507  0.000e+00
     11.835   71.38148 -160.83978     11.957     0.8786     0.8356     0.8782    29.5256    29.5851  1023.7088    23.6516    379.681    356.181  354.86750    106.992    100.304     0.1783     0.7216     4.1221     0.5354 4.1913e+01       1515     1.0514  0.000e+00
     11.804   71.38148 -160.83978     11.926     0.8534     0.8233     0.8530    29.5558    29.5992  1023.7341    23.6771    379.889    356.736  355.01617    107.006    100.439     0.1770     0.7143     4.1221     0.5354 4.1913e+01       1516     1.0521  0.000e+00
     11.896   71.38148 -160.83978     12.019     0.8328     0.8099     0.8324    29.5808    29.6143  1023.7557    23.6982    379.812    357.104  355.13808    106.948    100.520     0.1783     0.7216     4.1221     0.5354 4.1795e+01       1517     1.0528  0.000e+00
     11.834   71.38148 -160.83978     11.957     0.8137     0.7962     0.8133    29.6014    29.6283  1023.7728    23.7156    379.906    357.457  355.25700    106.938    100.594     0.1734     0.6923     4.1258     0.5318 4.1678e+01       1518     1.0535  0.000e+00
     11.896   71.38148 -160.83978     12.019     0.7942     0.7828     0.7938    29.6202    29.6436  1023.7892    23.7317    380.051    357.551  355.38533    106.941    100.598     0.1709     0.6776     4.1319     0.5259 4.1678e+01       1519     1.0542  0.000e+00
     11.896   71.38148 -160.83978     12.019     0.7778     0.7723     0.7774    29.6367    29.6572  1023.8032    23.7457    379.671    357.788  355.49172    106.802    100.647     0.1685     0.6630     4.1331     0.5247 4.1560e+01       1520     1.0549  0.000e+00
     11.896   71.38148 -160.83978     12.019     0.7629     0.7630     0.7625    29.6520    29.6689  1023.8162    23.7587    379.909    358.000  355.58703    106.840    100.692     0.1697     0.6703     4.1331     0.5247 4.1443e+01       1521     1.0556  0.000e+00
     11.950   71.38148 -160.83978     12.074     0.7513     0.7509     0.7509    29.6641    29.6827  1023.8268    23.7690    379.955    358.013  355.66081    106.831    100.675     0.1709     0.6776     4.1319     0.5259 4.1443e+01       1522     1.0562  0.000e+00
     11.919   71.38148 -160.83978     12.042     0.7437     0.7397     0.7433    29.6715    29.6963  1023.8329    23.7753    379.716    358.185  355.71092    106.749    100.704     0.1697     0.6703     4.1331     0.5247 4.1210e+01       1523     1.0569  0.000e+00
     11.950   71.38148 -160.83978     12.074     0.7388     0.7300     0.7384    29.6771    29.7087  1023.8378    23.7801    379.692    358.117  355.74112    106.733    100.670     0.1709     0.6776     4.1331     0.5247 4.1210e+01       1524     1.0576  0.000e+00
     11.950   71.38148 -160.83978     12.074     0.7317     0.7200     0.7313    29.6870    29.7225  1023.8461    23.7884    379.437    358.223  355.77958    106.649    100.684     0.1697     0.6703     4.1331     0.5247 4.1210e+01       1525     1.0583  0.000e+00
     12.004   71.38148 -160.83978     12.128     0.7233     0.7098     0.7230    29.6973    29.7363  1023.8551    23.7970    379.683    358.107  355.82829    106.704    100.635     0.1709     0.6776     4.1331     0.5247 4.1094e+01       1526     1.0590  0.000e+00
     11.950   71.38148 -160.83978     12.074     0.7163     0.7002     0.7160    29.7058    29.7505  1023.8620    23.8042    379.427    358.181  355.86977    106.620    100.642     0.1697     0.6703     4.1331     0.5247 4.0979e+01       1527     1.0597  0.000e+00
     12.004   71.38148 -160.83978     12.128     0.7116     0.6910     0.7112    29.7097    29.7631  1023.8656    23.8075    379.406    358.035  355.90318    106.604    100.587     0.1709     0.6776     4.1319     0.5259 4.0979e+01       1528     1.0604  0.000e+00
     12.004   71.38148 -160.83978     12.128     0.7081     0.6832     0.7077    29.7121    29.7718  1023.8677    23.8097    379.373    357.846  355.92883    106.587    100.520     0.1709     0.6776     4.1319     0.5259 4.0863e+01       1529     1.0611  0.000e+00
     12.066   71.38148 -160.83978     12.190     0.7063     0.6785     0.7060    29.7144    29.7764  1023.8699    23.8115    379.324    357.814  355.93867    106.570    100.502     0.1697     0.6703     4.1331     0.5247 4.0748e+01       1530     1.0618  0.000e+00
     11.981   71.38148 -160.83978     12.105     0.7054     0.6767     0.7050    29.7137    29.7781  1023.8690    23.8111    379.071    357.527  355.94917    106.496    100.418     0.1709     0.6776     4.1319     0.5259 4.0633e+01       1531     1.0625  0.000e+00
     12.066   71.38148 -160.83978     12.190     0.7060     0.6744     0.7056    29.7109    29.7800  1023.8671    23.8088    378.777    357.463  355.95126    106.413    100.396     0.1697     0.6703     4.1319     0.5259 4.0519e+01       1532     1.0632  0.000e+00
     12.066   71.38148 -160.83978     12.190     0.7063     0.6697     0.7060    29.7095    29.7849  1023.8660    23.8077    378.684    357.193  355.95201    106.386    100.311     0.1709     0.6776     4.1319     0.5259 4.0405e+01       1533     1.0639  0.000e+00
     12.066   71.38148 -160.83978     12.190     0.7056     0.6652     0.7052    29.7111    29.7901  1023.8673    23.8089    378.449    357.131  355.95496    106.319    100.286     0.1697     0.6703     4.1331     0.5247 4.0405e+01       1534     1.0646  0.000e+00
     12.066   71.38148 -160.83978     12.190     0.7018     0.6605     0.7015    29.7168    29.7959  1023.8720    23.8137    378.405    356.852  355.97368    106.301    100.200     0.1709     0.6776     4.1331     0.5247 4.0291e+01       1535     1.0653  0.000e+00
     12.120   71.38148 -160.83978     12.245     0.6970     0.6571     0.6966    29.7255    29.7997  1023.8796    23.8210    378.379    356.535  355.99424    106.288    100.105     0.1709     0.6776     4.1319     0.5259 4.0178e+01       1536     1.0660  0.000e+00
     12.120   71.38148 -160.83978     12.245     0.6918     0.6544     0.6914    29.7333    29.8030  1023.8860    23.8274    378.127    356.209  356.02135    106.209    100.009     0.1697     0.6703     4.1319     0.5259 4.0064e+01       1537     1.0667  0.000e+00
     12.035   71.38148 -160.83978     12.159     0.6875     0.6550     0.6871    29.7386    29.8009  1023.8901    23.8319    378.121    356.075  356.04624    106.200     99.972     0.1709     0.6776     4.1380     0.5200 4.0064e+01       1538     1.0674  0.000e+00
     12.235   71.38148 -160.83978     12.362     0.6826     0.6588     0.6822    29.7453    29.7915  1023.8967    23.8375    377.907    355.511  356.07366    106.132     99.816     0.1697     0.6703     4.1514     0.5070 3.9839e+01       1539     1.0681  0.000e+00
     12.181   71.38148 -160.83978     12.307     0.6787     0.6614     0.6783    29.7494    29.7846  1023.8999    23.8410    377.889    355.107  356.09833    106.119     99.704     0.1709     0.6776     4.1563     0.5023 3.9727e+01       1540     1.0688  0.000e+00
     12.120   71.38148 -160.83978     12.245     0.6754     0.6617     0.6750    29.7528    29.7827  1023.9025    23.8439    377.684    354.935  356.11949    106.055     99.655     0.1697     0.6703     4.1551     0.5035 3.9839e+01       1541     1.0694  0.000e+00
     12.181   71.38148 -160.83978     12.307     0.6717     0.6598     0.6713    29.7568    29.7844  1023.9062    23.8473    377.707    354.389  356.14231    106.055     99.498     0.1709     0.6776     4.1551     0.5035 3.9615e+01       1542     1.0701  0.000e+00
     12.181   71.38148 -160.83978     12.307     0.6687     0.6606     0.6683    29.7614    29.7823  1023.9100    23.8511    377.736    354.207  356.15757    106.059     99.447     0.1697     0.6703     4.1551     0.5035 3.9504e+01       1543     1.0708  0.000e+00
     12.181   71.38148 -160.83978     12.307     0.6666     0.6677     0.6662    29.7647    29.7691  1023.9128    23.8539    377.625    353.781  356.16793    106.024     99.336     0.1587     0.6044     4.1551     0.5035 3.9504e+01       1544     1.0715  0.000e+00
     12.150   71.38148 -160.83978     12.276     0.6640     0.6723     0.6636    29.7681    29.7573  1023.9155    23.8568    377.455    353.390  356.18276    105.972     99.229     0.1551     0.5824     4.1551     0.5035 3.9281e+01       1545     1.0722  0.000e+00
     12.235   71.38148 -160.83978     12.362     0.6633     0.6727     0.6629    29.7693    29.7563  1023.9169    23.8578    377.697    353.008  356.18613    106.039     99.122     0.1538     0.5751     4.1551     0.5035 3.9171e+01       1546     1.0729  0.000e+00
     12.235   71.38148 -160.83978     12.362     0.6617     0.6701     0.6613    29.7711    29.7632  1023.9184    23.8592    377.524    352.862  356.19577    105.988     99.080     0.1551     0.5824     4.1551     0.5035 3.9281e+01       1547     1.0736  0.000e+00
     12.235   71.38148 -160.83978     12.362     0.6603     0.6684     0.6599    29.7729    29.7704  1023.9200    23.8608    377.614    352.752  356.20354    106.011     99.050     0.1538     0.5751     4.1551     0.5035 3.9060e+01       1548     1.0743  0.000e+00
     12.235   71.38148 -160.83978     12.362     0.6588     0.6644     0.6584    29.7748    29.7796  1023.9216    23.8624    377.687    352.247  356.21274    106.028     98.905     0.1551     0.5824     4.1551     0.5035 3.8950e+01       1549     1.0750  0.000e+00
     12.297   71.38148 -160.83978     12.424     0.6572     0.6617     0.6568    29.7766    29.7861  1023.9233    23.8639    377.830    351.919  356.22236    106.066     98.811     0.1538     0.5751     4.1551     0.5035 3.8950e+01       1550     1.0757  0.000e+00
     12.297   71.38148 -160.83978     12.424     0.6558     0.6586     0.6554    29.7791    29.7902  1023.9254    23.8659    377.705    351.620  356.22838    106.029     98.722     0.1551     0.5824     4.1551     0.5035 3.8841e+01       1551     1.0764  0.000e+00
     12.266   71.38148 -160.83978     12.393     0.6547     0.6562     0.6543    29.7798    29.7905  1023.9259    23.8666    377.804    351.318  356.23668    106.054     98.631     0.1551     0.5824     4.1551     0.5035 3.8731e+01       1552     1.0771  0.000e+00
     12.297   71.38148 -160.83978     12.424     0.6537     0.6541     0.6533    29.7812    29.7900  1023.9272    23.8677    377.929    351.258  356.24262    106.087     98.609     0.1538     0.5751     4.1551     0.5035 3.8731e+01       1553     1.0778  0.000e+00
     12.297   71.38148 -160.83978     12.424     0.6526     0.6513     0.6522    29.7826    29.7923  1023.9284    23.8689    378.121    350.977  356.24851    106.140     98.524     0.1551     0.5824     4.1551     0.5035 3.8514e+01       1554     1.0785  0.000e+00
     12.351   71.38148 -160.83978     12.478     0.6516     0.6497     0.6512    29.7826    29.7948  1023.9287    23.8690    378.301    350.684  356.25784    106.187     98.440     0.1538     0.5751     4.1551     0.5035 3.8297e+01       1555     1.0792  0.000e+00
     12.297   71.38148 -160.83978     12.424     0.6512     0.6492     0.6508    29.7817    29.7971  1023.9278    23.8683    378.496    350.372  356.26374    106.240     98.353     0.1551     0.5824     4.1551     0.5035 3.8297e+01       1556     1.0799  0.000e+00
     12.351   71.38148 -160.83978     12.478     0.6513     0.6482     0.6509    29.7811    29.8000  1023.9275    23.8678    378.715    350.313  356.26509    106.301     98.336     0.1538     0.5751     4.1551     0.5035 3.8189e+01       1557     1.0806  0.000e+00
     12.351   71.38148 -160.83978     12.478     0.6518     0.6461     0.6514    29.7816    29.8045  1023.9279    23.8682    379.188    350.073  356.25834    106.436     98.267     0.1551     0.5824     4.1551     0.5035 3.8082e+01       1558     1.0813  0.000e+00
     12.320   71.38148 -160.83978     12.447     0.6516     0.6429     0.6512    29.7831    29.8102  1023.9289    23.8694    379.490    349.842  356.25648    106.522     98.198     0.1563     0.5897     4.1587     0.5000 3.7974e+01       1559     1.0819  0.000e+00
     12.405   71.38148 -160.83978     12.533     0.6514     0.6401     0.6510    29.7844    29.8134  1023.9304    23.8704    379.625    349.837  356.25490    106.560     98.192     0.1551     0.5824     4.1612     0.4976 3.7867e+01       1560     1.0826  0.000e+00
     12.351   71.38148 -160.83978     12.478     0.6502     0.6364     0.6498    29.7865    29.8154  1023.9320    23.8722    380.183    349.683  356.25980    106.715     98.141     0.1551     0.5824     4.1600     0.4988 3.7761e+01       1561     1.0833  0.000e+00
     12.405   71.38148 -160.83978     12.533     0.6483     0.6337     0.6479    29.7902    29.8158  1023.9353    23.8753    380.532    349.749  356.26771    106.811     98.152     0.1538     0.5751     4.1600     0.4988 3.7761e+01       1562     1.0840  0.000e+00
     12.405   71.38148 -160.83978     12.533     0.6465     0.6330     0.6461    29.7955    29.8133  1023.9396    23.8796    381.091    349.831  356.26972    106.967     98.172     0.1538     0.5751     4.1612     0.4976 3.7654e+01       1563     1.0847  0.000e+00
     12.405   71.38148 -160.83978     12.533     0.6429     0.6328     0.6425    29.8026    29.8100  1023.9454    23.8855    381.528    349.729  356.28365    107.086     98.140     0.1538     0.5751     4.1612     0.4976 3.7443e+01       1564     1.0854  0.000e+00
     12.466   71.38148 -160.83978     12.595     0.6385     0.6347     0.6381    29.8076    29.8037  1023.9500    23.8897    382.004    349.866  356.31013    107.211     98.179     0.1551     0.5824     4.1600     0.4988 3.7337e+01       1565     1.0861  0.000e+00
     12.381   71.38148 -160.83978     12.509     0.6353     0.6366     0.6349    29.8089    29.7988  1023.9508    23.8909    382.686    349.813  356.33640    107.395     98.165     0.1551     0.5824     4.1600     0.4988 3.7337e+01       1566     1.0868  0.000e+00
     12.405   71.38148 -160.83978     12.533     0.6339     0.6365     0.6335    29.8084    29.7987  1023.9505    23.8905    383.174    349.997  356.35127    107.527     98.216     0.1538     0.5751     4.1600     0.4988 3.7127e+01       1567     1.0875  0.000e+00
     12.466   71.38148 -160.83978     12.595     0.6325     0.6359     0.6321    29.8077    29.7988  1023.9504    23.8901    383.922    350.197  356.36547    107.733     98.271     0.1551     0.5824     4.1612     0.4976 3.7023e+01       1568     1.0882  0.000e+00
     12.466   71.38148 -160.83978     12.595     0.6305     0.6333     0.6301    29.8084    29.8009  1023.9510    23.8907    384.397    350.444  356.38260    107.861     98.335     0.1538     0.5751     4.1612     0.4976 3.7023e+01       1569     1.0889  0.000e+00
