EcoFOCI/data/1_SampleCollection/2023_SikuliaqDBO_CruiseData/CTD_raw_BottleFile_SKQ23-12S/proc/skq202312s_072.ros
* Sea-Bird SBE 9 Data File:
* FileName = D:\CTD\SKQ202312S\SKQ202312S_072.hex
* Software Version Seasave V 7.26.7.121
* Temperature SN = 6177
* Conductivity SN = 0369
* Number of Bytes Per Scan = 41
* Number of Voltage Words = 4
* Number of Scans Averaged by the Deck Unit = 1
* NMEA Latitude = 68 00.76 N
* NMEA Longitude = 167 52.45 W
* NMEA UTC (Time) = Oct 01 2023  18:46:53
* NMEA baud rate = 4800
** Ship: R/V Sikuliaq
** Station Number: 072
** Station Name: DBO3.5
** Bottom Depth: 52
** Operator: SD
# nquan = 22
# nvalues = 980                                   
# units = specified
# name 0 = depSM: Depth [salt water, m]
# name 1 = latitude: Latitude [deg]
# name 2 = longitude: Longitude [deg]
# name 3 = prDM: Pressure, Digiquartz [db]
# name 4 = t090C: Temperature [ITS-90, deg C]
# name 5 = t190C: Temperature, 2 [ITS-90, deg C]
# name 6 = potemp090C: Potential Temperature [ITS-90, deg C]
# name 7 = sal00: Salinity, Practical [PSU]
# name 8 = sal11: Salinity, Practical, 2 [PSU]
# name 9 = density00: Density [density, kg/m^3]
# name 10 = sigma-é00: Density [sigma-theta, kg/m^3]
# name 11 = sbox0Mm/Kg: Oxygen, SBE 43 [umol/kg]
# name 12 = sbox1Mm/Kg: Oxygen, SBE 43, 2 [umol/kg]
# name 13 = oxsolMm/Kg: Oxygen Saturation, Garcia & Gordon [umol/kg]
# name 14 = sbeox0PS: Oxygen, SBE 43 [% saturation]
# name 15 = v0: Voltage 0
# name 16 = flECO-AFL: Fluorescence, WET Labs ECO-AFL/FL [mg/m^3]
# name 17 = CStarAt0: Beam Attenuation, WET Labs C-Star [1/m]
# name 18 = par: PAR/Irradiance, Biospherical/Licor
# name 19 = scan: Scan Count
# name 20 = nbf: Bottles Fired
# name 21 = flag:  0.000e+00
# interval = seconds: 0.0416667
# start_time = Oct 01 2023 18:50:54 [NMEA time, first data scan]
# bad_flag = -9.990e-29
*END*
[from data line 198]
     40.372   68.01146 -167.87250     40.784     2.9311     2.9313     2.9288    32.2151    32.2262  1025.8601    25.6685    242.580    233.692  330.00467     73.508     0.0891     0.1868     1.5681 1.0000e-12       9968          5  0.000e+00
     40.364   68.01146 -167.87250     40.776     2.9310     2.9316     2.9287    32.2155    32.2262  1025.8604    25.6688    242.749    233.515  330.00517     73.559     0.0891     0.1868     1.5681 8.4714e-06       9969          5  0.000e+00
     40.372   68.01146 -167.87250     40.784     2.9306     2.9316     2.9284    32.2156    32.2260  1025.8605    25.6689    242.737    233.512  330.00750     73.555     0.0891     0.1868     1.5681 1.0000e-12       9970          5  0.000e+00
     40.372   68.01146 -167.87250     40.784     2.9310     2.9316     2.9287    32.2152    32.2263  1025.8602    25.6685    242.721    233.505  330.00588     73.550     0.0904     0.1941     1.5681 1.0000e-12       9971          5  0.000e+00
     40.318   68.01146 -167.87250     40.729     2.9310     2.9319     2.9287    32.2159    32.2261  1025.8605    25.6691    242.484    233.492  330.00400     73.479     0.0879     0.1795     1.5681 8.4714e-06       9972          5  0.000e+00
     40.372   68.01146 -167.87250     40.784     2.9308     2.9316     2.9285    32.2160    32.2260  1025.8608    25.6692    242.438    233.507  330.00519     73.465     0.0904     0.1941     1.5681 1.0000e-12       9973          5  0.000e+00
     40.364   68.01146 -167.87250     40.776     2.9310     2.9316     2.9287    32.2156    32.2262  1025.8605    25.6689    242.390    233.516  330.00477     73.450     0.0891     0.1868     1.5681 8.4714e-06       9974          5  0.000e+00
     40.372   68.01146 -167.87250     40.784     2.9311     2.9318     2.9288    32.2153    32.2265  1025.8603    25.6686    242.344    233.695  330.00427     73.437     0.0891     0.1868     1.5681 1.0000e-12       9975          5  0.000e+00
     40.372   68.01146 -167.87250     40.784     2.9308     2.9319     2.9285    32.2154    32.2262  1025.8604    25.6687    241.900    233.697  330.00669     73.302     0.0879     0.1795     1.5681 1.0000e-12       9976          5  0.000e+00
     40.318   68.01146 -167.87250     40.729     2.9310     2.9320     2.9287    32.2155    32.2260  1025.8602    25.6688    242.227    233.499  330.00511     73.401     0.0891     0.1868     1.5681 8.4714e-06       9977          5  0.000e+00
     40.364   68.01146 -167.87250     40.776     2.9311     2.9320     2.9288    32.2155    32.2264  1025.8604    25.6688    242.190    233.693  330.00366     73.390     0.0879     0.1795     1.5681 1.0000e-12       9978          5  0.000e+00
     40.372   68.01146 -167.87250     40.784     2.9310     2.9319     2.9287    32.2157    32.2266  1025.8606    25.6690    242.156    233.514  330.00448     73.379     0.0891     0.1868     1.5681 1.0000e-12       9979          5  0.000e+00
     40.372   68.01146 -167.87250     40.784     2.9313     2.9318     2.9290    32.2159    32.2263  1025.8608    25.6691    242.119    233.484  330.00135     73.369     0.0904     0.1941     1.5681 1.0000e-12       9980          5  0.000e+00
     40.372   68.01146 -167.87250     40.784     2.9311     2.9321     2.9288    32.2162    32.2261  1025.8610    25.6693    242.087    233.472  330.00206     73.359     0.0891     0.1868     1.5681 8.4714e-06       9981          5  0.000e+00
     40.318   68.01146 -167.87250     40.729     2.9313     2.9316     2.9290    32.2154    32.2267  1025.8600    25.6687    242.311    233.459  330.00279     73.427     0.0891     0.1868     1.5712 1.0000e-12       9982          5  0.000e+00
     40.418   68.01146 -167.87250     40.831     2.9313     2.9319     2.9290    32.2158    32.2261  1025.8609    25.6690    242.100    233.644  330.00162     73.363     0.0891     0.1868     1.5758 8.4714e-06       9983          5  0.000e+00
     40.372   68.01146 -167.87250     40.784     2.9313     2.9318     2.9290    32.2154    32.2261  1025.8603    25.6687    242.108    233.452  330.00276     73.366     0.0891     0.1868     1.5758 2.0263e-03       9984          5  0.000e+00
     40.372   68.01146 -167.87250     40.784     2.9311     2.9315     2.9288    32.2154    32.2266  1025.8603    25.6687    242.084    233.434  330.00407     73.358     0.0891     0.1868     1.5758 3.3905e-03       9985          5  0.000e+00
     40.372   68.01146 -167.87250     40.784     2.9310     2.9316     2.9287    32.2151    32.2266  1025.8601    25.6685    242.063    233.413  330.00618     73.351     0.0891     0.1868     1.5758 3.3905e-03       9986          5  0.000e+00
     40.418   68.01146 -167.87250     40.831     2.9313     2.9316     2.9290    32.2145    32.2265  1025.8599    25.6680    242.041    233.587  330.00483     73.345     0.0891     0.1868     1.5743 2.0263e-03       9987          5  0.000e+00
     40.372   68.01146 -167.87250     40.784     2.9308     2.9319     2.9285    32.2153    32.2264  1025.8603    25.6687    242.057    233.582  330.00679     73.349     0.0891     0.1868     1.5743 1.3499e-03       9988          5  0.000e+00
     40.372   68.01146 -167.87250     40.784     2.9310     2.9318     2.9287    32.2152    32.2262  1025.8602    25.6685    242.076    233.381  330.00588     73.355     0.0891     0.1868     1.5743 1.0131e-03       9989          5  0.000e+00
     40.426   68.01146 -167.87250     40.838     2.9306     2.9321     2.9284    32.2152    32.2262  1025.8605    25.6686    242.102    233.546  330.00838     73.362     0.0891     0.1868     1.5758 2.3659e-03       9990          5  0.000e+00
     40.372   68.01146 -167.87250     40.784     2.9308     2.9318     2.9285    32.2149    32.2265  1025.8600    25.6684    242.087    233.535  330.00779     73.358     0.0891     0.1868     1.5758 3.3905e-03       9991          5  0.000e+00
     40.480   68.01146 -167.87250     40.893     2.9305     2.9321     2.9283    32.2152    32.2264  1025.8608    25.6686    242.119    233.524  330.00925     73.367     0.0891     0.1868     1.5758 3.7340e-03       9992          5  0.000e+00
     40.372   68.01146 -167.87250     40.784     2.9306     2.9321     2.9284    32.2155    32.2259  1025.8605    25.6688    242.107    233.308  330.00770     73.364     0.0891     0.1868     1.5743 3.0480e-03       9993          5  0.000e+00
     40.426   68.01146 -167.87250     40.838     2.9305     2.9321     2.9282    32.2152    32.2265  1025.8605    25.6686    242.141    233.268  330.00979     73.374     0.0879     0.1795     1.5758 2.3659e-03       9994          5  0.000e+00
     40.426   68.01146 -167.87250     40.838     2.9305     2.9323     2.9283    32.2154    32.2263  1025.8607    25.6688    242.137    233.224  330.00878     73.373     0.0879     0.1795     1.5758 1.6876e-03       9995          5  0.000e+00
     40.418   68.01146 -167.87250     40.831     2.9302     2.9321     2.9279    32.2160    32.2264  1025.8612    25.6693    242.137    233.204  330.01029     73.373     0.0879     0.1795     1.5758 6.7730e-04       9996          5  0.000e+00
     40.488   68.01146 -167.87250     40.901     2.9305     2.9322     2.9282    32.2160    32.2261  1025.8615    25.6693    242.174    233.184  330.00766     73.384     0.0879     0.1795     1.5758 1.0000e-12       9997          5  0.000e+00
     40.426   68.01146 -167.87250     40.838     2.9306     2.9318     2.9284    32.2164    32.2264  1025.8615    25.6696    242.210    233.161  330.00537     73.396     0.0879     0.1795     1.5758 1.0000e-12       9998          5  0.000e+00
     40.488   68.01146 -167.87250     40.901     2.9310     2.9321     2.9287    32.2166    32.2264  1025.8618    25.6696    242.215    233.138  330.00242     73.398     0.0879     0.1795     1.5758 3.4241e-04       9999          5  0.000e+00
     40.418   68.01146 -167.87250     40.831     2.9313     2.9324     2.9290    32.2165    32.2267  1025.8614    25.6696    242.255    233.108  330.00001     73.411     0.0879     0.1795     1.5743 1.0131e-03      10000          5  0.000e+00
     40.488   68.01146 -167.87250     40.901     2.9316     2.9332     2.9293    32.2165    32.2264  1025.8617    25.6695    242.266    233.080  329.99738     73.414     0.0879     0.1795     1.5758 1.0131e-03      10001          5  0.000e+00
     40.488   68.01146 -167.87250     40.901     2.9319     2.9334     2.9296    32.2164    32.2271  1025.8616    25.6695    242.276    233.050  329.99536     73.418     0.0879     0.1795     1.5697 3.4241e-04      10002          5  0.000e+00
     40.488   68.01146 -167.87250     40.901     2.9320     2.9339     2.9298    32.2167    32.2269  1025.8619    25.6697    242.324    233.020  329.99325     73.433     0.0879     0.1795     1.5605 1.0000e-12      10003          5  0.000e+00
     40.488   68.01146 -167.87250     40.901     2.9321     2.9339     2.9298    32.2163    32.2269  1025.8615    25.6693    242.341    232.991  329.99395     73.438     0.0879     0.1795     1.5574 1.0000e-12      10004          5  0.000e+00
     40.534   68.01146 -167.87250     40.948     2.9324     2.9340     2.9301    32.2159    32.2265  1025.8614    25.6690    242.359    232.963  329.99270     73.444     0.0879     0.1795     1.5574 1.0000e-12      10005          5  0.000e+00
     40.488   68.01146 -167.87250     40.901     2.9324     2.9342     2.9301    32.2160    32.2265  1025.8612    25.6691    242.376    232.930  329.99253     73.449     0.0879     0.1795     1.5574 1.0000e-12      10006          5  0.000e+00
     40.542   68.01146 -167.87250     40.955     2.9324     2.9340     2.9301    32.2158    32.2270  1025.8613    25.6689    242.399    232.924  329.99260     73.456     0.0879     0.1795     1.5589 8.4714e-06      10007          5  0.000e+00
     40.488   68.01146 -167.87250     40.901     2.9320     2.9341     2.9298    32.2154    32.2268  1025.8608    25.6686    242.422    232.891  329.99656     73.462     0.0891     0.1868     1.5589 1.0000e-12      10008          5  0.000e+00
     40.534   68.01146 -167.87250     40.948     2.9322     2.9340     2.9299    32.2149    32.2268  1025.8606    25.6682    242.447    232.884  329.99662     73.470     0.0879     0.1795     1.5574 1.0000e-12      10009          5  0.000e+00
     40.542   68.01146 -167.87250     40.955     2.9322     2.9340     2.9300    32.2155    32.2267  1025.8611    25.6687    242.471    232.852  329.99462     73.477     0.0879     0.1795     1.5574 8.4714e-06      10010          5  0.000e+00
     40.542   68.01146 -167.87250     40.955     2.9317     2.9338     2.9294    32.2163    32.2265  1025.8618    25.6694    242.500    232.845  329.99695     73.485     0.0879     0.1795     1.5574 8.4714e-06      10011          5  0.000e+00
     40.603   68.01146 -167.87250     41.018     2.9320     2.9339     2.9297    32.2165    32.2260  1025.8622    25.6695    242.527    232.837  329.99391     73.494     0.0879     0.1795     1.5589 1.0000e-12      10012          5  0.000e+00
     40.542   68.01146 -167.87250     40.955     2.9322     2.9334     2.9300    32.2172    32.2263  1025.8625    25.6701    242.552    232.828  329.99030     73.503     0.0879     0.1795     1.5589 1.0131e-03      10013          5  0.000e+00
     40.596   68.01146 -167.87250     41.010     2.9325     2.9329     2.9302    32.2172    32.2264  1025.8627    25.6700    242.583    232.627  329.98816     73.513     0.0879     0.1795     1.5574 2.7065e-03      10014          5  0.000e+00
     40.487   68.01144 -167.87248     40.901     2.9303     2.9318     2.9280    32.2153    32.2265  1025.8609    25.6687    243.474    232.882  330.01078     73.778     0.0891     0.1868     1.5743 8.4714e-06      10171          6  0.000e+00
     40.487   68.01144 -167.87248     40.901     2.9303     2.9318     2.9280    32.2154    32.2264  1025.8610    25.6688    243.693    232.900  330.01058     73.844     0.0891     0.1868     1.5743 8.4714e-06      10172          6  0.000e+00
     40.487   68.01144 -167.87248     40.901     2.9304     2.9318     2.9281    32.2155    32.2264  1025.8610    25.6689    243.762    232.916  330.00987     73.865     0.0891     0.1868     1.5743 1.0000e-12      10173          6  0.000e+00
     40.487   68.01144 -167.87248     40.901     2.9305     2.9319     2.9282    32.2153    32.2260  1025.8609    25.6687    243.574    232.735  330.00947     73.808     0.0904     0.1941     1.5743 8.4714e-06      10174          6  0.000e+00
     40.534   68.01144 -167.87248     40.947     2.9306     2.9320     2.9284    32.2156    32.2263  1025.8613    25.6689    244.006    232.922  330.00742     73.939     0.0891     0.1868     1.5743 1.0000e-12      10175          6  0.000e+00
     40.541   68.01144 -167.87248     40.955     2.9304     2.9321     2.9281    32.2160    32.2262  1025.8617    25.6692    243.848    232.933  330.00874     73.892     0.0904     0.1941     1.5743 1.0000e-12      10176          6  0.000e+00
     40.487   68.01144 -167.87248     40.900     2.9305     2.9323     2.9282    32.2159    32.2263  1025.8613    25.6691    244.087    232.939  330.00806     73.964     0.0891     0.1868     1.5743 1.0000e-12      10177          6  0.000e+00
     40.541   68.01144 -167.87248     40.955     2.9306     2.9322     2.9284    32.2158    32.2264  1025.8615    25.6690    244.104    232.949  330.00702     73.969     0.0891     0.1868     1.5743 1.0000e-12      10178          6  0.000e+00
     40.595   68.01144 -167.87248     41.010     2.9305     2.9323     2.9282    32.2158    32.2262  1025.8617    25.6691    243.679    232.980  330.00790     73.840     0.0891     0.1868     1.5743 1.0000e-12      10179          6  0.000e+00
     40.487   68.01144 -167.87248     40.900     2.9306     2.9323     2.9284    32.2153    32.2260  1025.8608    25.6687    244.087    232.982  330.00826     73.964     0.0891     0.1868     1.5743 8.4714e-06      10180          6  0.000e+00
     40.603   68.01144 -167.87248     41.017     2.9308     2.9325     2.9285    32.2152    32.2263  1025.8613    25.6686    243.911    232.986  330.00710     73.911     0.0879     0.1795     1.5743 1.0000e-12      10181          6  0.000e+00
     40.541   68.01144 -167.87248     40.955     2.9306     2.9321     2.9284    32.2156    32.2265  1025.8614    25.6690    243.911    233.011  330.00733     73.911     0.0891     0.1868     1.5743 1.0000e-12      10182          6  0.000e+00
     40.603   68.01144 -167.87248     41.017     2.9308     2.9322     2.9285    32.2153    32.2263  1025.8614    25.6686    244.130    233.013  330.00700     73.977     0.0879     0.1795     1.5743 1.0000e-12      10183          6  0.000e+00
     40.595   68.01144 -167.87248     41.010     2.9305     2.9323     2.9282    32.2158    32.2264  1025.8618    25.6691    244.160    233.010  330.00821     73.986     0.0891     0.1868     1.5727 1.0000e-12      10184          6  0.000e+00
     40.541   68.01144 -167.87248     40.955     2.9308     2.9322     2.9285    32.2160    32.2264  1025.8616    25.6692    243.669    233.006  330.00521     73.838     0.0891     0.1868     1.5681 1.0000e-12      10185          6  0.000e+00
     40.603   68.01144 -167.87248     41.017     2.9310     2.9321     2.9287    32.2160    32.2263  1025.8619    25.6692    244.058    233.002  330.00388     73.956     0.0891     0.1868     1.5681 1.0000e-12      10186          6  0.000e+00
     40.603   68.01144 -167.87248     41.017     2.9310     2.9324     2.9287    32.2163    32.2260  1025.8622    25.6695    244.074    232.993  330.00298     73.961     0.0904     0.1941     1.5681 8.4714e-06      10187          6  0.000e+00
     40.595   68.01144 -167.87248     41.010     2.9311     2.9325     2.9288    32.2165    32.2262  1025.8623    25.6696    243.828    233.179  330.00126     73.887     0.0891     0.1868     1.5681 1.0000e-12      10188          6  0.000e+00
