EcoFOCI/data/1_SampleCollection/2023_SikuliaqDBO_CruiseData/CTD_raw_BottleFile_SKQ23-12S/proc/skq202312s_079.ros
* Sea-Bird SBE 9 Data File:
* FileName = D:\CTD\SKQ202312S\SKQ202312S_079.hex
* Software Version Seasave V 7.26.7.121
* Temperature SN = 6177
* Conductivity SN = 0369
* Number of Bytes Per Scan = 41
* Number of Voltage Words = 4
* Number of Scans Averaged by the Deck Unit = 1
* NMEA Latitude = 65 44.28 N
* NMEA Longitude = 168 38.83 W
* NMEA UTC (Time) = Oct 03 2023  07:05:08
* NMEA baud rate = 4800
** Ship: R/V Sikuliaq
** Station Number: 079
** Station Name: BS6
** Bottom Depth: 51
** Operator: SD
# nquan = 22
# nvalues = 784                                   
# units = specified
# name 0 = depSM: Depth [salt water, m]
# name 1 = latitude: Latitude [deg]
# name 2 = longitude: Longitude [deg]
# name 3 = prDM: Pressure, Digiquartz [db]
# name 4 = t090C: Temperature [ITS-90, deg C]
# name 5 = t190C: Temperature, 2 [ITS-90, deg C]
# name 6 = potemp090C: Potential Temperature [ITS-90, deg C]
# name 7 = sal00: Salinity, Practical [PSU]
# name 8 = sal11: Salinity, Practical, 2 [PSU]
# name 9 = density00: Density [density, kg/m^3]
# name 10 = sigma-é00: Density [sigma-theta, kg/m^3]
# name 11 = sbox0Mm/Kg: Oxygen, SBE 43 [umol/kg]
# name 12 = sbox1Mm/Kg: Oxygen, SBE 43, 2 [umol/kg]
# name 13 = oxsolMm/Kg: Oxygen Saturation, Garcia & Gordon [umol/kg]
# name 14 = sbeox0PS: Oxygen, SBE 43 [% saturation]
# name 15 = v0: Voltage 0
# name 16 = flECO-AFL: Fluorescence, WET Labs ECO-AFL/FL [mg/m^3]
# name 17 = CStarAt0: Beam Attenuation, WET Labs C-Star [1/m]
# name 18 = par: PAR/Irradiance, Biospherical/Licor
# name 19 = scan: Scan Count
# name 20 = nbf: Bottles Fired
# name 21 = flag:  0.000e+00
# interval = seconds: 0.0416667
# start_time = Oct 03 2023 07:08:37 [NMEA time, first data scan]
# bad_flag = -9.990e-29
*END*
[from data line 527]
     10.123   65.73762 -168.64868     10.224     5.7225     5.7450     5.7217    30.8991    30.9785  1024.3934    24.3460    279.218    267.602  311.55555     89.621     0.1624     0.6264     0.6520 1.0000e-12      16289         11  0.000e+00
     10.123   65.73762 -168.64868     10.224     5.7238     5.7436     5.7230    30.8982    30.9891  1024.3925    24.3451    279.207    267.587  311.54817     89.619     0.1636     0.6337     0.6508 1.0000e-12      16290         11  0.000e+00
     10.061   65.73762 -168.64868     10.161     5.7246     5.7422     5.7238    30.9007    30.9996  1024.3941    24.3470    279.227    267.753  311.53679     89.629     0.1648     0.6410     0.6508 1.0000e-12      16291         11  0.000e+00
     10.123   65.73762 -168.64868     10.224     5.7262     5.7387     5.7254    30.8964    31.0180  1024.3908    24.3434    279.235    267.762  311.53464     89.632     0.1636     0.6337     0.6520 1.0000e-12      16292         11  0.000e+00
     10.061   65.73762 -168.64868     10.161     5.7281     5.7339     5.7273    30.8850    31.0440  1024.3813    24.3342    279.229    267.603  311.54709     89.626     0.1648     0.6410     0.6532 1.0000e-12      16293         11  0.000e+00
     10.061   65.73762 -168.64868     10.161     5.7308     5.7284     5.7300    30.8699    31.0696  1024.3691    24.3219    279.060    267.779  311.56209     89.568     0.1636     0.6337     0.6557 1.0000e-12      16294         11  0.000e+00
     10.061   65.73762 -168.64868     10.161     5.7327     5.7237     5.7319    30.8727    31.0920  1024.3711    24.3239    279.040    267.615  311.54168     89.567     0.1612     0.6190     0.6569 1.0000e-12      16295         11  0.000e+00
     10.123   65.73762 -168.64868     10.224     5.7326     5.7198     5.7318    30.8953    31.1134  1024.3892    24.3418    278.972    267.615  311.49052     89.560     0.1563     0.5897     0.6569 1.0000e-12      16296         11  0.000e+00
      9.984   65.73762 -168.64868     10.084     5.7314     5.7128     5.7307    30.8973    31.1394  1024.3903    24.3435    278.953    267.803  311.49416     89.553     0.1563     0.5897     0.6569 1.0000e-12      16297         11  0.000e+00
     10.061   65.73762 -168.64868     10.161     5.7322     5.7090     5.7315    30.8779    31.1568  1024.3752    24.3281    278.978    267.654  311.53297     89.550     0.1563     0.5897     0.6569 1.0000e-12      16298         11  0.000e+00
     10.007   65.73762 -168.64868     10.107     5.7335     5.7139     5.7328    30.8713    31.1525  1024.3696    24.3227    278.975    267.649  311.53890     89.547     0.1563     0.5897     0.6569 1.0000e-12      16299         11  0.000e+00
     10.061   65.73762 -168.64868     10.161     5.7319     5.7196     5.7312    30.8884    31.1369  1024.3835    24.3364    278.953    267.667  311.51103     89.548     0.1563     0.5897     0.6569 1.0000e-12      16300         11  0.000e+00
     10.062   65.73762 -168.64868     10.163     5.6973     5.7098     5.6965    31.0234    31.1467  1024.4942    24.4471    276.151    267.290  311.45328     88.665     0.1648     0.6410     0.6544 1.0000e-12      16377         12  0.000e+00
     10.178   65.73762 -168.64868     10.280     5.6967     5.7074     5.6959    31.0310    31.1520  1024.5008    24.4531    276.130    267.336  311.44023     88.662     0.1636     0.6337     0.6557 1.0000e-12      16378         12  0.000e+00
     10.155   65.73762 -168.64868     10.256     5.6952     5.7036     5.6944    31.0390    31.1683  1024.5072    24.4597    276.117    267.366  311.43217     88.660     0.1648     0.6410     0.6557 1.0000e-12      16379         12  0.000e+00
     10.124   65.73762 -168.64868     10.225     5.6931     5.6996     5.6923    31.0459    31.1890  1024.5127    24.4653    276.149    267.191  311.43184     88.671     0.1624     0.6264     0.6557 1.0000e-12      16380         12  0.000e+00
     10.178   65.73762 -168.64868     10.280     5.6914     5.6961     5.6906    31.0542    31.2063  1024.5197    24.4721    275.959    267.206  311.42538     88.611     0.1636     0.6337     0.6557 1.0000e-12      16381         12  0.000e+00
     10.124   65.73762 -168.64868     10.225     5.6888     5.6935     5.6880    31.0618    31.2182  1024.5258    24.4784    276.152    267.386  311.42655     88.673     0.1636     0.6337     0.6557 1.0000e-12      16382         12  0.000e+00
     10.178   65.73762 -168.64868     10.280     5.6868     5.6917     5.6860    31.0664    31.2273  1024.5299    24.4822    276.190    267.429  311.43110     88.684     0.1636     0.6337     0.6557 1.0000e-12      16383         12  0.000e+00
     10.178   65.73762 -168.64868     10.280     5.6849     5.6907     5.6841    31.0691    31.2351  1024.5323    24.4846    276.006    267.450  311.43871     88.623     0.1648     0.6410     0.6557 1.0000e-12      16384         12  0.000e+00
     10.240   65.73762 -168.64868     10.342     5.6834     5.6904     5.6826    31.0709    31.2394  1024.5341    24.4862    276.003    267.296  311.44513     88.620     0.1636     0.6337     0.6544 1.0000e-12      16385         12  0.000e+00
     10.178   65.73762 -168.64868     10.280     5.6821     5.6901     5.6814    31.0735    31.2407  1024.5360    24.4884    276.001    267.309  311.44859     88.619     0.1648     0.6410     0.6557 1.0000e-12      16386         12  0.000e+00
     10.155   65.73762 -168.64868     10.256     5.6813     5.6901     5.6805    31.0735    31.2406  1024.5361    24.4885    276.011    267.306  311.45485     88.620     0.1636     0.6337     0.6557 1.0000e-12      16387         12  0.000e+00
     10.240   65.73762 -168.64868     10.342     5.6807     5.6904     5.6799    31.0721    31.2375  1024.5354    24.4875    276.034    267.312  311.46225     88.625     0.1648     0.6410     0.6557 1.0000e-12      16388         12  0.000e+00
     10.178   65.73762 -168.64868     10.280     5.6812     5.6917     5.6804    31.0701    31.2290  1024.5334    24.4858    275.855    267.318  311.46361     88.567     0.1636     0.6337     0.6557 1.0000e-12      16389         12  0.000e+00
     10.240   65.73762 -168.64868     10.342     5.6816     5.6925     5.6808    31.0728    31.2221  1024.5358    24.4879    275.850    267.331  311.45386     88.569     0.1648     0.6410     0.6557 1.0000e-12      16390         12  0.000e+00
     10.240   65.73762 -168.64868     10.342     5.6821     5.6912     5.6813    31.0774    31.2198  1024.5394    24.4915    275.819    267.348  311.43941     88.563     0.1636     0.6337     0.6557 1.0000e-12      16391         12  0.000e+00
     10.240   65.73762 -168.64868     10.342     5.6826     5.6915     5.6818    31.0802    31.2153  1024.5416    24.4937    275.801    267.361  311.42951     88.560     0.1636     0.6337     0.6557 1.0000e-12      16392         12  0.000e+00
     10.178   65.73762 -168.64868     10.280     5.6827     5.6925     5.6820    31.0835    31.2104  1024.5439    24.4962    275.789    267.369  311.42079     88.558     0.1636     0.6337     0.6557 1.0000e-12      16393         12  0.000e+00
     10.240   65.73762 -168.64868     10.342     5.6832     5.6933     5.6824    31.0838    31.2068  1024.5444    24.4964    275.795    267.201  311.41706     88.561     0.1636     0.6337     0.6544 1.0000e-12      16394         12  0.000e+00
     10.240   65.73762 -168.64868     10.342     5.6837     5.6935     5.6829    31.0819    31.2043  1024.5428    24.4949    275.611    267.377  311.41735     88.502     0.1636     0.6337     0.6496 1.0000e-12      16395         12  0.000e+00
     10.271   65.73762 -168.64868     10.373     5.6845     5.6924     5.6837    31.0794    31.2049  1024.5409    24.4928    275.608    267.377  311.41757     88.501     0.1648     0.6410     0.6483 1.0000e-12      16396         12  0.000e+00
     10.240   65.73762 -168.64868     10.342     5.6855     5.6912     5.6847    31.0728    31.2081  1024.5354    24.4875    275.589    267.372  311.42555     88.493     0.1624     0.6264     0.6483 1.0000e-12      16397         12  0.000e+00
     10.240   65.73762 -168.64868     10.342     5.6872     5.6901     5.6864    31.0621    31.2125  1024.5267    24.4788    275.583    267.365  311.43766     88.487     0.1624     0.6264     0.6483 1.0000e-12      16398         12  0.000e+00
     10.240   65.73762 -168.64868     10.342     5.6905     5.6879     5.6898    31.0485    31.2172  1024.5157    24.4677    275.579    267.366  311.44445     88.484     0.1636     0.6337     0.6483 1.0000e-12      16399         12  0.000e+00
     10.240   65.73762 -168.64868     10.342     5.6941     5.6871     5.6933    31.0400    31.2183  1024.5085    24.4606    275.573    267.385  311.43814     88.484     0.1624     0.6264     0.6483 1.0000e-12      16400         12  0.000e+00
     10.240   65.73762 -168.64868     10.342     5.6965     5.6865     5.6957    31.0381    31.2159  1024.5067    24.4588    275.569    267.392  311.42489     88.486     0.1636     0.6337     0.6483 1.0000e-12      16401         12  0.000e+00
     10.240   65.73762 -168.64868     10.342     5.6979     5.6884     5.6972    31.0350    31.2104  1024.5041    24.4561    275.383    267.388  311.42159     88.428     0.1624     0.6264     0.6483 1.0000e-12      16402         12  0.000e+00
     10.240   65.73762 -168.64868     10.342     5.6988     5.6948     5.6980    31.0296    31.2002  1024.4997    24.4518    275.357    267.364  311.42804     88.418     0.1624     0.6264     0.6483 1.0000e-12      16403         12  0.000e+00
     10.240   65.73762 -168.64868     10.342     5.6997     5.6984     5.6989    31.0283    31.1929  1024.4986    24.4507    275.360    267.353  311.42428     88.420     0.1624     0.6264     0.6483 1.0000e-12      16404         12  0.000e+00
     10.271   65.73762 -168.64868     10.373     5.7000     5.6958     5.6992    31.0328    31.1948  1024.5023    24.4542    275.337    267.369  311.41164     88.416     0.1636     0.6337     0.6483 1.0000e-12      16405         12  0.000e+00
     10.178   65.73762 -168.64868     10.280     5.6984     5.6954     5.6976    31.0349    31.1980  1024.5037    24.4560    275.136    267.364  311.41834     88.349     0.1624     0.6264     0.6483 1.0000e-12      16406         12  0.000e+00
     10.240   65.73762 -168.64868     10.342     5.6970     5.6963     5.6962    31.0265    31.1994  1024.4975    24.4496    275.201    267.359  311.44828     88.362     0.1636     0.6337     0.6483 1.0000e-12      16407         12  0.000e+00
     10.240   65.73762 -168.64868     10.342     5.6963     5.6966     5.6955    31.0106    31.1996  1024.4850    24.4370    275.227    267.360  311.49009     88.358     0.1624     0.6264     0.6483 1.0000e-12      16408         12  0.000e+00
     10.240   65.73762 -168.64868     10.342     5.6971     5.6946     5.6963    30.9939    31.2001  1024.4717    24.4238    275.253    267.377  311.52267     88.357     0.1624     0.6264     0.6483 1.0000e-12      16409         12  0.000e+00
     10.240   65.73762 -168.64868     10.342     5.6982     5.6925     5.6975    30.9819    31.2019  1024.4621    24.4141    275.046    267.392  311.54213     88.285     0.1624     0.6264     0.6483 1.0000e-12      16410         12  0.000e+00
     10.240   65.73762 -168.64868     10.342     5.7000     5.6896     5.6992    30.9739    31.2065  1024.4556    24.4077    275.008    267.589  311.54767     88.272     0.1636     0.6337     0.6483 1.0000e-12      16411         12  0.000e+00
     10.179   65.73762 -168.64868     10.280     5.7017     5.6898     5.7010    30.9675    31.2028  1024.4500    24.4024    274.974    267.417  311.54983     88.260     0.1636     0.6337     0.6483 1.0000e-12      16412         12  0.000e+00
     10.209   65.73762 -168.64868     10.311     5.7030     5.6936     5.7022    30.9602    31.1866  1024.4443    24.3965    274.758    267.410  311.55728     88.189     0.1624     0.6264     0.6483 1.0000e-12      16413         12  0.000e+00
     10.240   65.73762 -168.64868     10.342     5.7048     5.6974     5.7040    30.9506    31.1696  1024.4367    24.3887    274.725    267.604  311.56658     88.175     0.1636     0.6337     0.6483 1.0000e-12      16414         12  0.000e+00
     10.179   65.73762 -168.64868     10.280     5.7062     5.7017     5.7054    30.9397    31.1534  1024.4276    24.3799    274.705    267.629  311.58130     88.165     0.1624     0.6264     0.6483 1.0000e-12      16415         12  0.000e+00
     10.240   65.73762 -168.64868     10.342     5.7084     5.7048     5.7076    30.9278    31.1406  1024.4182    24.3703    274.697    267.659  311.59266     88.159     0.1624     0.6264     0.6483 1.0000e-12      16416         12  0.000e+00
     10.179   65.73762 -168.64868     10.280     5.7105     5.7057     5.7097    30.9190    31.1364  1024.4107    24.3630    274.689    267.683  311.59763     88.155     0.1624     0.6264     0.6483 1.0000e-12      16417         12  0.000e+00
     10.179   65.73764 -168.64868     10.280     5.7126     5.7069     5.7118    30.9153    31.1355  1024.4076    24.3599    274.654    267.700  311.59057     88.146     0.1636     0.6337     0.6483 1.0000e-12      16418         12  0.000e+00
     10.179   65.73764 -168.64868     10.280     5.7136     5.7101     5.7128    30.9189    31.1236  1024.4103    24.3626    274.422    267.726  311.57531     88.076     0.1624     0.6264     0.6483 1.0000e-12      16419         12  0.000e+00
     10.179   65.73764 -168.64868     10.280     5.7134     5.7161     5.7126    30.9258    31.0966  1024.4158    24.3681    274.573    267.942  311.56064     88.128     0.1636     0.6337     0.6483 1.0000e-12      16420         12  0.000e+00
     10.240   65.73764 -168.64868     10.343     5.7134     5.7226     5.7126    30.9292    31.0637  1024.4188    24.3708    274.371    268.007  311.55288     88.066     0.1624     0.6264     0.6483 1.0000e-12      16421         12  0.000e+00
     10.156   65.73764 -168.64868     10.257     5.7136     5.7268     5.7128    30.9194    31.0376  1024.4106    24.3630    274.371    268.068  311.57407     88.060     0.1624     0.6264     0.6483 1.0000e-12      16422         12  0.000e+00
     10.125   65.73764 -168.64868     10.226     5.7139     5.7299     5.7131    30.9196    31.0224  1024.4106    24.3632    274.162    267.936  311.57121     87.993     0.1612     0.6190     0.6483 1.0000e-12      16423         12  0.000e+00
     10.179   65.73764 -168.64868     10.280     5.7137     5.7327     5.7130    30.9312    31.0154  1024.4200    24.3724    274.120    268.135  311.54554     87.987     0.1612     0.6190     0.6483 1.0000e-12      16424         12  0.000e+00
     10.179   65.73764 -168.64868     10.280     5.7126     5.7326     5.7118    30.9364    31.0159  1024.4243    24.3766    274.108    268.174  311.54177     87.984     0.1612     0.6190     0.6483 1.0000e-12      16425         12  0.000e+00
     10.242   65.73762 -168.64868     10.345     5.6981     5.6871     5.6973    31.0687    31.2443  1024.5307    24.4827    276.015    268.717  311.34262     88.653     0.1709     0.6776     0.6508 1.0000e-12      16544         13  0.000e+00
     10.242   65.73762 -168.64868     10.345     5.6982     5.6884     5.6975    31.0680    31.2425  1024.5302    24.4822    275.798    268.668  311.34304     88.583     0.1709     0.6776     0.6508 1.0000e-12      16545         13  0.000e+00
     10.181   65.73762 -168.64868     10.282     5.6981     5.6901     5.6973    31.0668    31.2397  1024.5289    24.4812    275.753    268.615  311.34700     88.568     0.1709     0.6776     0.6508 1.0000e-12      16546         13  0.000e+00
     10.212   65.73762 -168.64868     10.313     5.6979     5.6906     5.6972    31.0658    31.2388  1024.5283    24.4805    275.709    268.749  311.35045     88.553     0.1709     0.6776     0.6496 1.0000e-12      16547         13  0.000e+00
