EcoFOCI/data/1_SampleCollection/2023_SikuliaqDBO_CruiseData/CTD_raw_BottleFile_SKQ23-12S/proc/skq202312s_051svpavg.cnv
* Sea-Bird SBE 9 Data File:
* FileName = D:\CTD\SKQ202312S\SKQ202312S_051.hex
* Software Version Seasave V 7.26.7.121
* Temperature SN = 6177
* Conductivity SN = 0369
* Number of Bytes Per Scan = 41
* Number of Voltage Words = 4
* Number of Scans Averaged by the Deck Unit = 1
* NMEA Latitude = 70 43.03 N
* NMEA Longitude = 162 51.44 W
* NMEA UTC (Time) = Sep 26 2023  19:01:27
* NMEA baud rate = 4800
** Ship: R/V Sikuliaq
** Station Number: 051
** Station Name: IC10
** Bottom Depth: 42
** Operator: SD
# nquan = 7
# nvalues = 36                          
# units = specified
# name 0 = depSM: Depth [salt water, m]
# name 1 = latitude: Latitude [deg]
# name 2 = longitude: Longitude [deg]
# name 3 = t090C: Temperature [ITS-90, deg C]
# name 4 = sal00: Salinity, Practical [PSU]
# name 5 = svCM: Sound Velocity [Chen-Millero, m/s]
# name 6 = flag: flag
# span 0 =      2.000,     37.000       
# span 1 =   70.71712,   70.71714       
# span 2 = -162.85629, -162.85580       
# span 3 =     5.3518,     7.2540       
# span 4 =    28.6303,    31.4755       
# span 5 =    1468.19,    1474.56       
# span 6 = 0.0000e+00, 0.0000e+00       
# interval = meters: 1                  
# start_time = Sep 26 2023 19:05:40 [NMEA time, first data scan]
# bad_flag = -9.990e-29
*END*
      2.000   70.71714 -162.85629     6.4425    28.6303    1468.52 0.0000e+00
      3.000   70.71714 -162.85624     6.4409    28.6304    1468.53 0.0000e+00
      4.000   70.71714 -162.85621     6.4402    28.6304    1468.54 0.0000e+00
      5.000   70.71714 -162.85619     6.4410    28.6305    1468.56 0.0000e+00
      6.000   70.71714 -162.85618     6.4413    28.6305    1468.58 0.0000e+00
      7.000   70.71714 -162.85616     6.4482    28.6307    1468.63 0.0000e+00
      8.000   70.71714 -162.85614     6.4424    28.6309    1468.62 0.0000e+00
      9.000   70.71714 -162.85612     6.4419    28.6310    1468.63 0.0000e+00
     10.000   70.71714 -162.85610     6.4420    28.6309    1468.65 0.0000e+00
     11.000   70.71714 -162.85608     6.4419    28.6309    1468.67 0.0000e+00
     12.000   70.71714 -162.85607     6.4438    28.6310    1468.69 0.0000e+00
     13.000   70.71714 -162.85606     6.4474    28.6322    1468.72 0.0000e+00
     14.000   70.71714 -162.85604     6.4624    28.6358    1468.80 0.0000e+00
     15.000   70.71714 -162.85604     6.5036    28.6820    1469.04 0.0000e+00
     16.000   70.71714 -162.85604     6.7149    29.0064    1470.31 0.0000e+00
     17.000   70.71714 -162.85602     7.0602    30.0620    1473.00 0.0000e+00
     18.000   70.71714 -162.85602     7.2540    30.6858    1474.55 0.0000e+00
     19.000   70.71714 -162.85602     7.1847    30.7955    1474.44 0.0000e+00
     20.000   70.71714 -162.85600     7.0839    30.8902    1474.18 0.0000e+00
     21.000   70.71714 -162.85600     7.1162    31.0806    1474.56 0.0000e+00
     22.000   70.71714 -162.85600     6.9885    31.1783    1474.20 0.0000e+00
     23.000   70.71714 -162.85598     6.7284    31.2422    1473.27 0.0000e+00
     24.000   70.71714 -162.85598     6.2302    31.3130    1471.41 0.0000e+00
     25.000   70.71714 -162.85598     5.9239    31.3865    1470.29 0.0000e+00
     26.000   70.71714 -162.85596     5.4877    31.4629    1468.64 0.0000e+00
     27.000   70.71714 -162.85596     5.3829    31.4752    1468.25 0.0000e+00
     28.000   70.71714 -162.85596     5.3692    31.4755    1468.21 0.0000e+00
     29.000   70.71714 -162.85594     5.3607    31.4741    1468.19 0.0000e+00
     30.000   70.71714 -162.85594     5.3571    31.4731    1468.19 0.0000e+00
     31.000   70.71714 -162.85594     5.3564    31.4717    1468.20 0.0000e+00
     32.000   70.71713 -162.85587     5.3578    31.4669    1468.22 0.0000e+00
     33.000   70.71712 -162.85584     5.3519    31.4664    1468.21 0.0000e+00
     34.000   70.71712 -162.85582     5.3522    31.4662    1468.23 0.0000e+00
     35.000   70.71712 -162.85582     5.3526    31.4661    1468.25 0.0000e+00
     36.000   70.71712 -162.85581     5.3518    31.4662    1468.26 0.0000e+00
     37.000   70.71712 -162.85580     5.3522    31.4662    1468.28 0.0000e+00
