EcoFOCI/data/1_SampleCollection/2023_SikuliaqDBO_CruiseData/CTD_raw_BottleFile_SKQ23-12S/proc/skq202312s_017svp.cnv
* Sea-Bird SBE 9 Data File:
* FileName = D:\CTD\SKQ202312S\SKQ202312S_017.hex
* Software Version Seasave V 7.26.7.121
* Temperature SN = 6177
* Conductivity SN = 0369
* Number of Bytes Per Scan = 41
* Number of Voltage Words = 4
* Number of Scans Averaged by the Deck Unit = 1
* NMEA Latitude = 64 40.58 N
* NMEA Longitude = 168 35.74 W
* NMEA UTC (Time) = Sep 17 2023  17:29:22
* NMEA baud rate = 4800
** Ship: R/V Sikuliaq
** Station Number: 017
** Station Name: DBO2.2a
** Bottom Depth: 43
** Operator: SD
# nquan = 7
# nvalues = 4343                                  
# units = specified
# name 0 = depSM: Depth [salt water, m]
# name 1 = latitude: Latitude [deg]
# name 2 = longitude: Longitude [deg]
# name 3 = t090C: Temperature [ITS-90, deg C]
# name 4 = sal00: Salinity, Practical [PSU]
# name 5 = svCM: Sound Velocity [Chen-Millero, m/s]
# name 6 = flag:  0.000e+00
# span 0 =      2.666,     37.762                 
# span 1 =   64.67642,   64.67646                 
# span 2 = -168.59560, -168.59556                 
# span 3 =     3.0589,     4.5338                 
# span 4 =    31.9894,    32.8255                 
# span 5 =    1459.30,    1465.08                 
# span 6 = 0.0000e+00, 0.0000e+00                 
# interval = seconds: 0.0416667
# start_time = Sep 17 2023 17:33:26 [NMEA time, first data scan]
# bad_flag = -9.990e-29
*END*
[from data line 2667]
     25.092   64.67644 -168.59558     3.0673    32.5906    1459.98  0.000e+00
     25.092   64.67644 -168.59558     3.0671    32.5918    1459.98  0.000e+00
     25.115   64.67644 -168.59558     3.0670    32.5924    1459.98  0.000e+00
     25.153   64.67644 -168.59558     3.0668    32.5931    1459.98  0.000e+00
     25.169   64.67644 -168.59558     3.0668    32.5936    1459.98  0.000e+00
     25.207   64.67644 -168.59558     3.0668    32.5942    1459.99  0.000e+00
     25.207   64.67644 -168.59558     3.0666    32.5948    1459.98  0.000e+00
     25.284   64.67644 -168.59560     3.0667    32.5947    1459.99  0.000e+00
     25.261   64.67644 -168.59560     3.0664    32.5961    1459.99  0.000e+00
     25.284   64.67644 -168.59560     3.0664    32.5968    1459.99  0.000e+00
     25.323   64.67644 -168.59560     3.0666    32.5968    1459.99  0.000e+00
     25.338   64.67644 -168.59560     3.0665    32.5975    1459.99  0.000e+00
     25.377   64.67644 -168.59560     3.0667    32.5978    1459.99  0.000e+00
     25.439   64.67644 -168.59560     3.0668    32.5981    1459.99  0.000e+00
     25.400   64.67644 -168.59560     3.0669    32.5986    1459.99  0.000e+00
     25.439   64.67644 -168.59560     3.0667    32.5994    1460.00  0.000e+00
     25.516   64.67644 -168.59560     3.0662    32.6001    1460.00  0.000e+00
     25.493   64.67644 -168.59560     3.0656    32.6008    1459.99  0.000e+00
     25.570   64.67644 -168.59560     3.0653    32.6014    1459.99  0.000e+00
     25.554   64.67644 -168.59560     3.0646    32.6023    1459.99  0.000e+00
     25.554   64.67644 -168.59560     3.0643    32.6020    1459.99  0.000e+00
     25.624   64.67644 -168.59560     3.0638    32.6023    1459.99  0.000e+00
     25.662   64.67644 -168.59560     3.0636    32.6027    1459.99  0.000e+00
     25.686   64.67644 -168.59560     3.0636    32.6034    1459.99  0.000e+00
     25.662   64.67644 -168.59560     3.0637    32.6037    1459.99  0.000e+00
     25.740   64.67644 -168.59560     3.0634    32.6045    1459.99  0.000e+00
     25.724   64.67644 -168.59560     3.0636    32.6054    1459.99  0.000e+00
     25.801   64.67644 -168.59560     3.0637    32.6061    1460.00  0.000e+00
     25.778   64.67644 -168.59560     3.0637    32.6070    1460.00  0.000e+00
     25.840   64.67644 -168.59560     3.0638    32.6075    1460.00  0.000e+00
     25.855   64.67644 -168.59560     3.0640    32.6080    1460.00  0.000e+00
     25.894   64.67644 -168.59560     3.0640    32.6087    1460.00  0.000e+00
     25.917   64.67644 -168.59560     3.0640    32.6091    1460.00  0.000e+00
     25.956   64.67644 -168.59560     3.0642    32.6098    1460.01  0.000e+00
     25.917   64.67644 -168.59560     3.0642    32.6108    1460.01  0.000e+00
     26.010   64.67644 -168.59560     3.0636    32.6121    1460.01  0.000e+00
     26.025   64.67644 -168.59560     3.0636    32.6130    1460.01  0.000e+00
     26.010   64.67644 -168.59560     3.0632    32.6142    1460.01  0.000e+00
     26.064   64.67644 -168.59560     3.0632    32.6146    1460.01  0.000e+00
     26.087   64.67644 -168.59560     3.0628    32.6160    1460.01  0.000e+00
     26.125   64.67644 -168.59560     3.0624    32.6168    1460.01  0.000e+00
     26.141   64.67644 -168.59560     3.0623    32.6173    1460.01  0.000e+00
     26.125   64.67644 -168.59560     3.0620    32.6179    1460.01  0.000e+00
     26.202   64.67644 -168.59560     3.0618    32.6183    1460.01  0.000e+00
     26.179   64.67644 -168.59560     3.0612    32.6201    1460.01  0.000e+00
     26.202   64.67644 -168.59560     3.0609    32.6214    1460.01  0.000e+00
     26.241   64.67644 -168.59560     3.0609    32.6233    1460.01  0.000e+00
     26.295   64.67644 -168.59560     3.0607    32.6254    1460.02  0.000e+00
     26.256   64.67644 -168.59560     3.0604    32.6278    1460.02  0.000e+00
     26.295   64.67644 -168.59560     3.0606    32.6297    1460.02  0.000e+00
     26.318   64.67644 -168.59560     3.0605    32.6316    1460.02  0.000e+00
     26.357   64.67644 -168.59560     3.0606    32.6331    1460.03  0.000e+00
     26.372   64.67644 -168.59560     3.0606    32.6344    1460.03  0.000e+00
     26.411   64.67644 -168.59560     3.0606    32.6353    1460.03  0.000e+00
     26.372   64.67644 -168.59560     3.0607    32.6361    1460.03  0.000e+00
     26.411   64.67644 -168.59560     3.0602    32.6368    1460.03  0.000e+00
     26.465   64.67644 -168.59560     3.0601    32.6377    1460.03  0.000e+00
     26.488   64.67644 -168.59560     3.0602    32.6377    1460.03  0.000e+00
     26.465   64.67644 -168.59560     3.0601    32.6384    1460.03  0.000e+00
     26.488   64.67644 -168.59560     3.0598    32.6385    1460.03  0.000e+00
     26.526   64.67644 -168.59560     3.0599    32.6383    1460.03  0.000e+00
     26.542   64.67644 -168.59560     3.0598    32.6384    1460.03  0.000e+00
     26.580   64.67644 -168.59560     3.0596    32.6391    1460.04  0.000e+00
     26.542   64.67644 -168.59560     3.0595    32.6390    1460.03  0.000e+00
     26.580   64.67644 -168.59560     3.0593    32.6395    1460.03  0.000e+00
     26.604   64.67644 -168.59560     3.0593    32.6400    1460.04  0.000e+00
     26.642   64.67644 -168.59560     3.0592    32.6401    1460.04  0.000e+00
     26.642   64.67644 -168.59560     3.0592    32.6398    1460.04  0.000e+00
     26.719   64.67644 -168.59560     3.0590    32.6403    1460.04  0.000e+00
     26.642   64.67644 -168.59560     3.0590    32.6403    1460.04  0.000e+00
     26.719   64.67644 -168.59560     3.0590    32.6401    1460.04  0.000e+00
     26.696   64.67644 -168.59560     3.0589    32.6401    1460.04  0.000e+00
     26.773   64.67644 -168.59560     3.0590    32.6401    1460.04  0.000e+00
     26.758   64.67644 -168.59560     3.0589    32.6405    1460.04  0.000e+00
     26.719   64.67644 -168.59560     3.0590    32.6402    1460.04  0.000e+00
     26.812   64.67644 -168.59560     3.0590    32.6405    1460.04  0.000e+00
     26.773   64.67644 -168.59560     3.0593    32.6399    1460.04  0.000e+00
     26.812   64.67644 -168.59560     3.0589    32.6406    1460.04  0.000e+00
     26.866   64.67644 -168.59560     3.0593    32.6407    1460.04  0.000e+00
     26.827   64.67644 -168.59558     3.0593    32.6410    1460.04  0.000e+00
     26.866   64.67644 -168.59558     3.0595    32.6414    1460.04  0.000e+00
     26.889   64.67644 -168.59558     3.0596    32.6423    1460.04  0.000e+00
     26.866   64.67644 -168.59558     3.0602    32.6422    1460.05  0.000e+00
     26.943   64.67644 -168.59558     3.0599    32.6432    1460.05  0.000e+00
     26.928   64.67644 -168.59558     3.0602    32.6436    1460.05  0.000e+00
     26.943   64.67644 -168.59558     3.0604    32.6435    1460.05  0.000e+00
     26.982   64.67644 -168.59558     3.0605    32.6432    1460.05  0.000e+00
     26.943   64.67644 -168.59558     3.0602    32.6431    1460.05  0.000e+00
     27.043   64.67644 -168.59558     3.0607    32.6431    1460.05  0.000e+00
     27.005   64.67644 -168.59558     3.0605    32.6426    1460.05  0.000e+00
     27.043   64.67644 -168.59558     3.0606    32.6425    1460.05  0.000e+00
     27.043   64.67644 -168.59558     3.0604    32.6431    1460.05  0.000e+00
     27.059   64.67644 -168.59558     3.0609    32.6435    1460.05  0.000e+00
     27.097   64.67644 -168.59558     3.0610    32.6447    1460.06  0.000e+00
     27.113   64.67644 -168.59558     3.0614    32.6449    1460.06  0.000e+00
     27.159   64.67644 -168.59558     3.0619    32.6449    1460.06  0.000e+00
     27.113   64.67644 -168.59558     3.0620    32.6457    1460.06  0.000e+00
     27.159   64.67644 -168.59558     3.0621    32.6467    1460.07  0.000e+00
     27.174   64.67644 -168.59558     3.0628    32.6481    1460.07  0.000e+00
     27.213   64.67644 -168.59558     3.0631    32.6486    1460.07  0.000e+00
     27.228   64.67644 -168.59558     3.0636    32.6495    1460.08  0.000e+00
     27.267   64.67644 -168.59558     3.0642    32.6497    1460.08  0.000e+00
     27.228   64.67644 -168.59558     3.0645    32.6500    1460.08  0.000e+00
     27.267   64.67644 -168.59558     3.0650    32.6513    1460.09  0.000e+00
     27.290   64.67646 -168.59558     3.0658    32.6527    1460.09  0.000e+00
     27.329   64.67646 -168.59558     3.0665    32.6546    1460.10  0.000e+00
     27.290   64.67646 -168.59558     3.0678    32.6543    1460.10  0.000e+00
     27.383   64.67646 -168.59558     3.0684    32.6552    1460.11  0.000e+00
     27.383   64.67646 -168.59558     3.0690    32.6568    1460.11  0.000e+00
     27.344   64.67646 -168.59558     3.0697    32.6579    1460.12  0.000e+00
     27.383   64.67646 -168.59558     3.0706    32.6587    1460.12  0.000e+00
     27.460   64.67646 -168.59558     3.0713    32.6603    1460.13  0.000e+00
     27.383   64.67646 -168.59558     3.0720    32.6614    1460.13  0.000e+00
     27.460   64.67646 -168.59558     3.0728    32.6619    1460.14  0.000e+00
     27.498   64.67646 -168.59558     3.0733    32.6625    1460.14  0.000e+00
     27.460   64.67646 -168.59558     3.0738    32.6629    1460.14  0.000e+00
     27.560   64.67646 -168.59558     3.0742    32.6639    1460.15  0.000e+00
     27.514   64.67646 -168.59558     3.0745    32.6641    1460.15  0.000e+00
     27.498   64.67646 -168.59558     3.0748    32.6645    1460.15  0.000e+00
     27.576   64.67646 -168.59558     3.0753    32.6644    1460.15  0.000e+00
     27.614   64.67646 -168.59558     3.0755    32.6646    1460.15  0.000e+00
     27.576   64.67646 -168.59558     3.0758    32.6649    1460.15  0.000e+00
     27.614   64.67646 -168.59558     3.0762    32.6655    1460.16  0.000e+00
     27.630   64.67646 -168.59558     3.0764    32.6658    1460.16  0.000e+00
     27.560   64.67646 -168.59558     3.0770    32.6659    1460.16  0.000e+00
     27.745   64.67646 -168.59558     3.0770    32.6664    1460.16  0.000e+00
     27.730   64.67646 -168.59558     3.0774    32.6672    1460.17  0.000e+00
     27.668   64.67644 -168.59558     3.0774    32.6681    1460.17  0.000e+00
     27.745   64.67644 -168.59558     3.0781    32.6686    1460.17  0.000e+00
     27.730   64.67644 -168.59558     3.0783    32.6693    1460.17  0.000e+00
     27.745   64.67644 -168.59558     3.0782    32.6706    1460.17  0.000e+00
     27.784   64.67644 -168.59558     3.0787    32.6710    1460.18  0.000e+00
     27.807   64.67644 -168.59558     3.0791    32.6713    1460.18  0.000e+00
     27.784   64.67644 -168.59558     3.0795    32.6714    1460.18  0.000e+00
     27.861   64.67644 -168.59558     3.0799    32.6716    1460.19  0.000e+00
     27.784   64.67644 -168.59558     3.0802    32.6721    1460.19  0.000e+00
     27.861   64.67644 -168.59558     3.0802    32.6729    1460.19  0.000e+00
     27.900   64.67644 -168.59558     3.0809    32.6734    1460.19  0.000e+00
     27.915   64.67644 -168.59558     3.0813    32.6741    1460.20  0.000e+00
     27.900   64.67644 -168.59558     3.0819    32.6743    1460.20  0.000e+00
     27.915   64.67644 -168.59558     3.0821    32.6752    1460.20  0.000e+00
     27.961   64.67644 -168.59558     3.0824    32.6754    1460.20  0.000e+00
     27.977   64.67644 -168.59558     3.0827    32.6758    1460.20  0.000e+00
     28.015   64.67644 -168.59558     3.0829    32.6764    1460.21  0.000e+00
     27.977   64.67644 -168.59558     3.0831    32.6770    1460.21  0.000e+00
     28.069   64.67644 -168.59558     3.0838    32.6774    1460.21  0.000e+00
     28.031   64.67644 -168.59558     3.0841    32.6778    1460.21  0.000e+00
     28.069   64.67644 -168.59558     3.0844    32.6779    1460.22  0.000e+00
     28.093   64.67644 -168.59558     3.0847    32.6778    1460.22  0.000e+00
     28.069   64.67644 -168.59558     3.0847    32.6787    1460.22  0.000e+00
     28.147   64.67644 -168.59558     3.0852    32.6785    1460.22  0.000e+00
     28.131   64.67644 -168.59558     3.0852    32.6788    1460.22  0.000e+00
     28.147   64.67644 -168.59558     3.0854    32.6786    1460.22  0.000e+00
     28.185   64.67644 -168.59558     3.0856    32.6786    1460.22  0.000e+00
     28.208   64.67644 -168.59558     3.0856    32.6788    1460.23  0.000e+00
     28.185   64.67644 -168.59558     3.0860    32.6792    1460.23  0.000e+00
     28.185   64.67644 -168.59558     3.0863    32.6794    1460.23  0.000e+00
     28.316   64.67644 -168.59558     3.0861    32.6806    1460.23  0.000e+00
     28.301   64.67644 -168.59558     3.0868    32.6811    1460.23  0.000e+00
     28.316   64.67644 -168.59558     3.0871    32.6811    1460.24  0.000e+00
     28.301   64.67644 -168.59558     3.0872    32.6816    1460.24  0.000e+00
     28.316   64.67644 -168.59558     3.0874    32.6821    1460.24  0.000e+00
     28.363   64.67644 -168.59558     3.0876    32.6823    1460.24  0.000e+00
     28.432   64.67644 -168.59558     3.0879    32.6826    1460.24  0.000e+00
     28.417   64.67644 -168.59558     3.0883    32.6833    1460.25  0.000e+00
     28.378   64.67644 -168.59558     3.0883    32.6838    1460.25  0.000e+00
     28.471   64.67644 -168.59558     3.0886    32.6839    1460.25  0.000e+00
     28.494   64.67644 -168.59558     3.0890    32.6839    1460.25  0.000e+00
     28.471   64.67644 -168.59558     3.0891    32.6849    1460.25  0.000e+00
     28.548   64.67644 -168.59558     3.0894    32.6853    1460.26  0.000e+00
     28.532   64.67644 -168.59558     3.0899    32.6861    1460.26  0.000e+00
     28.548   64.67644 -168.59558     3.0902    32.6874    1460.26  0.000e+00
     28.586   64.67644 -168.59558     3.0908    32.6883    1460.27  0.000e+00
     28.609   64.67644 -168.59558     3.0912    32.6892    1460.27  0.000e+00
     28.702   64.67644 -168.59558     3.0916    32.6894    1460.27  0.000e+00
     28.609   64.67644 -168.59558     3.0918    32.6907    1460.27  0.000e+00
     28.702   64.67644 -168.59558     3.0924    32.6911    1460.28  0.000e+00
     28.779   64.67644 -168.59558     3.0926    32.6913    1460.28  0.000e+00
     28.702   64.67644 -168.59558     3.0929    32.6918    1460.28  0.000e+00
     28.779   64.67644 -168.59558     3.0932    32.6918    1460.28  0.000e+00
     28.818   64.67644 -168.59558     3.0935    32.6923    1460.29  0.000e+00
     28.779   64.67644 -168.59558     3.0938    32.6924    1460.29  0.000e+00
     28.872   64.67644 -168.59558     3.0939    32.6934    1460.29  0.000e+00
     28.833   64.67644 -168.59558     3.0943    32.6944    1460.29  0.000e+00
     28.934   64.67644 -168.59558     3.0949    32.6952    1460.30  0.000e+00
     28.895   64.67644 -168.59558     3.0954    32.6951    1460.30  0.000e+00
     28.988   64.67644 -168.59558     3.0953    32.6954    1460.30  0.000e+00
     28.949   64.67644 -168.59558     3.0955    32.6960    1460.30  0.000e+00
     28.988   64.67644 -168.59558     3.0956    32.6971    1460.30  0.000e+00
     29.003   64.67644 -168.59558     3.0959    32.6963    1460.30  0.000e+00
     29.103   64.67644 -168.59558     3.0962    32.6969    1460.31  0.000e+00
     29.065   64.67644 -168.59558     3.0965    32.6981    1460.31  0.000e+00
     29.103   64.67644 -168.59558     3.0971    32.6995    1460.32  0.000e+00
     29.119   64.67644 -168.59558     3.0976    32.7002    1460.32  0.000e+00
     29.165   64.67644 -168.59558     3.0978    32.6994    1460.32  0.000e+00
     29.180   64.67644 -168.59558     3.0978    32.6989    1460.32  0.000e+00
     29.219   64.67644 -168.59558     3.0980    32.6990    1460.32  0.000e+00
     29.234   64.67644 -168.59558     3.0979    32.6991    1460.32  0.000e+00
     29.165   64.67644 -168.59558     3.0979    32.6993    1460.32  0.000e+00
     29.350   64.67644 -168.59560     3.0978    32.6995    1460.32  0.000e+00
     29.350   64.67644 -168.59560     3.0982    32.6997    1460.32  0.000e+00
     29.335   64.67644 -168.59560     3.0984    32.7000    1460.33  0.000e+00
     29.350   64.67644 -168.59560     3.0985    32.7004    1460.33  0.000e+00
     29.335   64.67644 -168.59560     3.0987    32.7011    1460.33  0.000e+00
