EcoFOCI/data/1_SampleCollection/2023_SikuliaqDBO_CruiseData/CTD_raw_BottleFile_SKQ23-12S/proc/skq202312s_052svp.cnv
* Sea-Bird SBE 9 Data File:
* FileName = D:\CTD\SKQ202312S\SKQ202312S_052.hex
* Software Version Seasave V 7.26.7.121
* Temperature SN = 6177
* Conductivity SN = 0369
* Number of Bytes Per Scan = 41
* Number of Voltage Words = 4
* Number of Scans Averaged by the Deck Unit = 1
* NMEA Latitude = 70 49.96 N
* NMEA Longitude = 163 07.13 W
* NMEA UTC (Time) = Sep 26 2023  20:42:12
* NMEA baud rate = 4800
** Ship: R/V Sikuliaq
** Station Number: 052
** Station Name: C1
** Bottom Depth: 45
** Operator: SD
** Moorings site C1
# nquan = 7
# nvalues = 3928                                  
# units = specified
# name 0 = depSM: Depth [salt water, m]
# name 1 = latitude: Latitude [deg]
# name 2 = longitude: Longitude [deg]
# name 3 = t090C: Temperature [ITS-90, deg C]
# name 4 = sal00: Salinity, Practical [PSU]
# name 5 = svCM: Sound Velocity [Chen-Millero, m/s]
# name 6 = flag:  0.000e+00
# span 0 =      2.356,     38.957                 
# span 1 =   70.83274,   70.83288                 
# span 2 = -163.11888, -163.11886                 
# span 3 =     4.4581,     7.1671                 
# span 4 =    28.7142,    31.7641                 
# span 5 =    1464.96,    1474.54                 
# span 6 = 0.0000e+00, 0.0000e+00                 
# interval = seconds: 0.0416667
# start_time = Sep 26 2023 20:44:50 [NMEA time, first data scan]
# bad_flag = -9.990e-29
*END*
[from data line 3283]
     33.913   70.83284 -163.11886     4.4906    31.7428    1465.04  0.000e+00
     33.844   70.83284 -163.11886     4.4905    31.7435    1465.04  0.000e+00
     33.859   70.83284 -163.11886     4.4906    31.7435    1465.04  0.000e+00
     33.960   70.83284 -163.11886     4.4908    31.7433    1465.04  0.000e+00
     33.859   70.83284 -163.11886     4.4908    31.7434    1465.04  0.000e+00
     33.859   70.83284 -163.11886     4.4908    31.7434    1465.04  0.000e+00
     33.906   70.83284 -163.11886     4.4908    31.7435    1465.04  0.000e+00
     33.913   70.83284 -163.11886     4.4908    31.7428    1465.04  0.000e+00
     33.859   70.83284 -163.11886     4.4909    31.7420    1465.04  0.000e+00
     33.844   70.83284 -163.11886     4.4903    31.7425    1465.04  0.000e+00
     33.913   70.83284 -163.11886     4.4903    31.7422    1465.04  0.000e+00
     33.844   70.83284 -163.11886     4.4901    31.7421    1465.04  0.000e+00
     33.859   70.83284 -163.11886     4.4900    31.7424    1465.04  0.000e+00
     33.913   70.83284 -163.11886     4.4900    31.7428    1465.04  0.000e+00
     33.844   70.83284 -163.11886     4.4903    31.7432    1465.04  0.000e+00
     33.859   70.83284 -163.11886     4.4903    31.7435    1465.04  0.000e+00
     33.913   70.83284 -163.11886     4.4907    31.7427    1465.04  0.000e+00
     33.844   70.83284 -163.11886     4.4905    31.7424    1465.04  0.000e+00
     33.859   70.83284 -163.11886     4.4901    31.7422    1465.04  0.000e+00
     33.913   70.83284 -163.11886     4.4897    31.7425    1465.04  0.000e+00
     33.844   70.83284 -163.11886     4.4889    31.7427    1465.03  0.000e+00
     33.859   70.83284 -163.11886     4.4887    31.7425    1465.03  0.000e+00
     33.960   70.83284 -163.11886     4.4886    31.7423    1465.03  0.000e+00
     33.859   70.83284 -163.11886     4.4881    31.7424    1465.03  0.000e+00
     33.859   70.83284 -163.11886     4.4876    31.7426    1465.03  0.000e+00
     33.906   70.83284 -163.11886     4.4874    31.7423    1465.03  0.000e+00
     33.913   70.83284 -163.11886     4.4870    31.7423    1465.02  0.000e+00
     33.913   70.83284 -163.11886     4.4866    31.7422    1465.02  0.000e+00
     33.906   70.83284 -163.11886     4.4865    31.7424    1465.02  0.000e+00
     33.913   70.83284 -163.11886     4.4862    31.7424    1465.02  0.000e+00
     33.844   70.83284 -163.11886     4.4859    31.7424    1465.02  0.000e+00
     33.913   70.83284 -163.11886     4.4857    31.7426    1465.02  0.000e+00
     33.913   70.83284 -163.11886     4.4854    31.7434    1465.02  0.000e+00
     33.906   70.83284 -163.11886     4.4859    31.7433    1465.02  0.000e+00
     33.913   70.83284 -163.11886     4.4860    31.7430    1465.02  0.000e+00
     33.913   70.83284 -163.11886     4.4860    31.7427    1465.02  0.000e+00
     33.960   70.83284 -163.11886     4.4860    31.7428    1465.02  0.000e+00
     33.913   70.83284 -163.11886     4.4860    31.7425    1465.02  0.000e+00
     33.906   70.83284 -163.11886     4.4857    31.7422    1465.02  0.000e+00
     33.975   70.83284 -163.11886     4.4857    31.7419    1465.02  0.000e+00
     33.913   70.83284 -163.11886     4.4855    31.7422    1465.02  0.000e+00
     33.960   70.83284 -163.11886     4.4854    31.7421    1465.02  0.000e+00
     33.975   70.83286 -163.11886     4.4851    31.7424    1465.02  0.000e+00
     33.913   70.83286 -163.11886     4.4849    31.7426    1465.02  0.000e+00
     33.960   70.83286 -163.11886     4.4852    31.7434    1465.02  0.000e+00
     33.975   70.83286 -163.11886     4.4854    31.7441    1465.02  0.000e+00
     34.021   70.83286 -163.11886     4.4857    31.7438    1465.02  0.000e+00
     33.913   70.83286 -163.11886     4.4860    31.7437    1465.02  0.000e+00
     34.029   70.83286 -163.11886     4.4860    31.7432    1465.02  0.000e+00
     33.960   70.83286 -163.11886     4.4865    31.7429    1465.02  0.000e+00
     33.975   70.83286 -163.11886     4.4866    31.7431    1465.02  0.000e+00
     34.029   70.83286 -163.11886     4.4868    31.7428    1465.03  0.000e+00
     34.021   70.83286 -163.11886     4.4866    31.7421    1465.02  0.000e+00
     34.029   70.83286 -163.11886     4.4863    31.7423    1465.02  0.000e+00
     34.021   70.83286 -163.11886     4.4863    31.7427    1465.02  0.000e+00
     34.029   70.83286 -163.11886     4.4862    31.7417    1465.02  0.000e+00
     34.029   70.83286 -163.11886     4.4857    31.7411    1465.02  0.000e+00
     34.021   70.83286 -163.11886     4.4852    31.7408    1465.02  0.000e+00
     34.091   70.83286 -163.11886     4.4846    31.7414    1465.02  0.000e+00
     34.029   70.83286 -163.11886     4.4841    31.7412    1465.01  0.000e+00
     34.075   70.83286 -163.11886     4.4840    31.7410    1465.01  0.000e+00
     34.029   70.83286 -163.11886     4.4834    31.7416    1465.01  0.000e+00
     34.091   70.83286 -163.11886     4.4830    31.7413    1465.01  0.000e+00
     34.075   70.83286 -163.11886     4.4827    31.7418    1465.01  0.000e+00
     34.091   70.83286 -163.11886     4.4826    31.7416    1465.01  0.000e+00
     34.137   70.83286 -163.11886     4.4823    31.7418    1465.01  0.000e+00
     34.091   70.83286 -163.11886     4.4820    31.7418    1465.01  0.000e+00
     34.145   70.83286 -163.11886     4.4820    31.7422    1465.01  0.000e+00
     34.137   70.83286 -163.11886     4.4820    31.7422    1465.01  0.000e+00
     34.091   70.83286 -163.11886     4.4819    31.7421    1465.01  0.000e+00
     34.145   70.83286 -163.11886     4.4817    31.7424    1465.01  0.000e+00
     34.137   70.83286 -163.11886     4.4817    31.7424    1465.01  0.000e+00
     34.145   70.83286 -163.11886     4.4816    31.7422    1465.01  0.000e+00
     34.191   70.83286 -163.11886     4.4813    31.7428    1465.01  0.000e+00
     34.145   70.83286 -163.11886     4.4811    31.7429    1465.00  0.000e+00
     34.206   70.83286 -163.11886     4.4814    31.7420    1465.01  0.000e+00
     34.191   70.83286 -163.11886     4.4811    31.7424    1465.00  0.000e+00
     34.206   70.83286 -163.11886     4.4809    31.7427    1465.00  0.000e+00
     34.206   70.83286 -163.11886     4.4811    31.7422    1465.00  0.000e+00
     34.191   70.83286 -163.11886     4.4809    31.7422    1465.00  0.000e+00
     34.260   70.83286 -163.11886     4.4808    31.7425    1465.00  0.000e+00
     34.206   70.83286 -163.11886     4.4809    31.7423    1465.00  0.000e+00
     34.245   70.83286 -163.11886     4.4806    31.7425    1465.00  0.000e+00
     34.260   70.83286 -163.11886     4.4806    31.7430    1465.00  0.000e+00
     34.245   70.83286 -163.11886     4.4809    31.7430    1465.01  0.000e+00
     34.260   70.83286 -163.11886     4.4813    31.7433    1465.01  0.000e+00
     34.260   70.83286 -163.11886     4.4811    31.7432    1465.01  0.000e+00
     34.307   70.83286 -163.11886     4.4813    31.7429    1465.01  0.000e+00
     34.260   70.83286 -163.11886     4.4814    31.7427    1465.01  0.000e+00
     34.314   70.83286 -163.11886     4.4813    31.7424    1465.01  0.000e+00
     34.307   70.83286 -163.11886     4.4809    31.7424    1465.01  0.000e+00
     34.314   70.83286 -163.11886     4.4813    31.7422    1465.01  0.000e+00
     34.376   70.83286 -163.11886     4.4809    31.7417    1465.01  0.000e+00
     34.307   70.83286 -163.11886     4.4802    31.7404    1465.00  0.000e+00
     34.430   70.83286 -163.11886     4.4786    31.7398    1464.99  0.000e+00
     34.361   70.83286 -163.11886     4.4775    31.7404    1464.99  0.000e+00
     34.376   70.83286 -163.11886     4.4762    31.7399    1464.98  0.000e+00
     34.376   70.83286 -163.11886     4.4752    31.7402    1464.98  0.000e+00
     34.422   70.83286 -163.11886     4.4741    31.7402    1464.98  0.000e+00
     34.376   70.83286 -163.11886     4.4732    31.7410    1464.97  0.000e+00
     34.430   70.83286 -163.11886     4.4729    31.7419    1464.97  0.000e+00
     34.422   70.83286 -163.11886     4.4722    31.7431    1464.97  0.000e+00
     34.430   70.83286 -163.11886     4.4724    31.7432    1464.97  0.000e+00
     34.430   70.83286 -163.11886     4.4722    31.7436    1464.97  0.000e+00
     34.476   70.83286 -163.11886     4.4722    31.7435    1464.97  0.000e+00
     34.492   70.83286 -163.11886     4.4719    31.7433    1464.97  0.000e+00
     34.476   70.83286 -163.11886     4.4717    31.7426    1464.97  0.000e+00
     34.492   70.83286 -163.11886     4.4714    31.7427    1464.97  0.000e+00
     34.546   70.83286 -163.11886     4.4711    31.7425    1464.97  0.000e+00
     34.538   70.83286 -163.11886     4.4708    31.7425    1464.97  0.000e+00
     34.546   70.83286 -163.11886     4.4702    31.7423    1464.96  0.000e+00
     34.546   70.83286 -163.11886     4.4697    31.7426    1464.96  0.000e+00
     34.592   70.83286 -163.11886     4.4691    31.7432    1464.96  0.000e+00
     34.546   70.83286 -163.11886     4.4691    31.7431    1464.96  0.000e+00
     34.600   70.83286 -163.11886     4.4688    31.7440    1464.96  0.000e+00
     34.592   70.83286 -163.11886     4.4692    31.7437    1464.96  0.000e+00
     34.600   70.83286 -163.11886     4.4692    31.7439    1464.96  0.000e+00
     34.600   70.83286 -163.11886     4.4694    31.7437    1464.96  0.000e+00
     34.646   70.83286 -163.11886     4.4695    31.7440    1464.97  0.000e+00
     34.662   70.83286 -163.11886     4.4699    31.7443    1464.97  0.000e+00
     34.646   70.83286 -163.11886     4.4702    31.7439    1464.97  0.000e+00
     34.662   70.83286 -163.11886     4.4702    31.7434    1464.97  0.000e+00
     34.662   70.83286 -163.11886     4.4702    31.7429    1464.97  0.000e+00
     34.708   70.83286 -163.11886     4.4700    31.7428    1464.97  0.000e+00
     34.716   70.83286 -163.11886     4.4699    31.7430    1464.97  0.000e+00
     34.716   70.83286 -163.11886     4.4697    31.7431    1464.97  0.000e+00
     34.762   70.83286 -163.11886     4.4695    31.7431    1464.97  0.000e+00
     34.777   70.83286 -163.11886     4.4691    31.7435    1464.97  0.000e+00
     34.777   70.83286 -163.11886     4.4689    31.7433    1464.96  0.000e+00
     34.762   70.83286 -163.11886     4.4688    31.7435    1464.96  0.000e+00
     34.777   70.83286 -163.11886     4.4690    31.7439    1464.97  0.000e+00
     34.831   70.83286 -163.11886     4.4692    31.7438    1464.97  0.000e+00
     34.823   70.83286 -163.11886     4.4695    31.7439    1464.97  0.000e+00
     34.831   70.83286 -163.11886     4.4695    31.7439    1464.97  0.000e+00
     34.831   70.83286 -163.11886     4.4699    31.7434    1464.97  0.000e+00
     34.823   70.83286 -163.11886     4.4699    31.7435    1464.97  0.000e+00
     34.893   70.83286 -163.11886     4.4699    31.7435    1464.97  0.000e+00
     34.877   70.83286 -163.11886     4.4699    31.7440    1464.97  0.000e+00
     34.831   70.83286 -163.11886     4.4700    31.7444    1464.97  0.000e+00
     34.947   70.83286 -163.11886     4.4706    31.7439    1464.97  0.000e+00
     34.877   70.83286 -163.11886     4.4711    31.7435    1464.98  0.000e+00
     34.947   70.83286 -163.11886     4.4713    31.7435    1464.98  0.000e+00
     34.947   70.83286 -163.11886     4.4714    31.7434    1464.98  0.000e+00
     34.993   70.83286 -163.11886     4.4717    31.7432    1464.98  0.000e+00
     34.947   70.83286 -163.11886     4.4716    31.7430    1464.98  0.000e+00
     35.001   70.83286 -163.11886     4.4716    31.7428    1464.98  0.000e+00
     34.993   70.83286 -163.11886     4.4716    31.7429    1464.98  0.000e+00
     34.947   70.83286 -163.11886     4.4716    31.7429    1464.98  0.000e+00
     35.063   70.83286 -163.11886     4.4714    31.7429    1464.98  0.000e+00
     34.993   70.83286 -163.11886     4.4714    31.7432    1464.98  0.000e+00
     35.001   70.83286 -163.11886     4.4711    31.7430    1464.98  0.000e+00
     35.063   70.83286 -163.11886     4.4713    31.7427    1464.98  0.000e+00
     35.047   70.83286 -163.11886     4.4713    31.7424    1464.98  0.000e+00
     35.063   70.83286 -163.11886     4.4710    31.7422    1464.98  0.000e+00
     35.047   70.83286 -163.11886     4.4702    31.7423    1464.97  0.000e+00
     35.117   70.83286 -163.11886     4.4699    31.7425    1464.97  0.000e+00
     35.117   70.83286 -163.11886     4.4694    31.7430    1464.97  0.000e+00
     35.109   70.83286 -163.11886     4.4694    31.7427    1464.97  0.000e+00
     35.117   70.83286 -163.11886     4.4689    31.7432    1464.97  0.000e+00
     35.178   70.83286 -163.11886     4.4689    31.7432    1464.97  0.000e+00
     35.109   70.83286 -163.11886     4.4686    31.7436    1464.97  0.000e+00
     35.178   70.83286 -163.11886     4.4686    31.7435    1464.97  0.000e+00
     35.178   70.83286 -163.11886     4.4689    31.7434    1464.97  0.000e+00
     35.163   70.83286 -163.11886     4.4688    31.7435    1464.97  0.000e+00
     35.178   70.83286 -163.11886     4.4691    31.7432    1464.97  0.000e+00
     35.178   70.83286 -163.11886     4.4690    31.7435    1464.97  0.000e+00
     35.225   70.83286 -163.11886     4.4691    31.7435    1464.97  0.000e+00
     35.232   70.83286 -163.11886     4.4692    31.7428    1464.97  0.000e+00
     35.178   70.83286 -163.11886     4.4689    31.7428    1464.97  0.000e+00
     35.279   70.83286 -163.11886     4.4688    31.7430    1464.97  0.000e+00
     35.232   70.83286 -163.11886     4.4686    31.7432    1464.97  0.000e+00
     35.232   70.83286 -163.11886     4.4684    31.7432    1464.97  0.000e+00
     35.279   70.83286 -163.11886     4.4684    31.7433    1464.97  0.000e+00
     35.294   70.83286 -163.11886     4.4684    31.7433    1464.97  0.000e+00
     35.294   70.83286 -163.11886     4.4683    31.7433    1464.97  0.000e+00
     35.279   70.83286 -163.11886     4.4683    31.7434    1464.97  0.000e+00
     35.294   70.83286 -163.11886     4.4683    31.7430    1464.97  0.000e+00
     35.348   70.83286 -163.11886     4.4684    31.7424    1464.97  0.000e+00
     35.340   70.83286 -163.11886     4.4681    31.7429    1464.97  0.000e+00
     35.348   70.83286 -163.11886     4.4680    31.7435    1464.97  0.000e+00
     35.348   70.83286 -163.11886     4.4680    31.7439    1464.97  0.000e+00
     35.340   70.83286 -163.11886     4.4684    31.7437    1464.97  0.000e+00
     35.348   70.83286 -163.11886     4.4688    31.7438    1464.97  0.000e+00
     35.402   70.83286 -163.11886     4.4689    31.7439    1464.98  0.000e+00
     35.394   70.83286 -163.11886     4.4691    31.7431    1464.97  0.000e+00
     35.402   70.83286 -163.11886     4.4693    31.7428    1464.98  0.000e+00
     35.448   70.83286 -163.11886     4.4691    31.7431    1464.98  0.000e+00
     35.402   70.83286 -163.11886     4.4689    31.7429    1464.97  0.000e+00
     35.402   70.83286 -163.11886     4.4691    31.7433    1464.98  0.000e+00
     35.448   70.83286 -163.11886     4.4691    31.7428    1464.98  0.000e+00
     35.464   70.83286 -163.11886     4.4691    31.7430    1464.98  0.000e+00
     35.518   70.83286 -163.11886     4.4689    31.7430    1464.98  0.000e+00
     35.448   70.83286 -163.11886     4.4689    31.7430    1464.97  0.000e+00
     35.518   70.83286 -163.11886     4.4689    31.7429    1464.98  0.000e+00
     35.518   70.83286 -163.11886     4.4688    31.7431    1464.98  0.000e+00
     35.510   70.83286 -163.11886     4.4688    31.7431    1464.98  0.000e+00
     35.579   70.83286 -163.11886     4.4689    31.7435    1464.98  0.000e+00
     35.518   70.83286 -163.11886     4.4691    31.7434    1464.98  0.000e+00
     35.564   70.83286 -163.11886     4.4691    31.7432    1464.98  0.000e+00
     35.579   70.83286 -163.11886     4.4691    31.7434    1464.98  0.000e+00
     35.579   70.83286 -163.11886     4.4692    31.7435    1464.98  0.000e+00
     35.626   70.83286 -163.11886     4.4694    31.7431    1464.98  0.000e+00
     35.579   70.83286 -163.11886     4.4691    31.7437    1464.98  0.000e+00
     35.633   70.83286 -163.11886     4.4698    31.7430    1464.98  0.000e+00
