EcoFOCI/data/1_SampleCollection/2023_SikuliaqDBO_CruiseData/CTD_raw_BottleFile_SKQ23-12S/proc/skq202312s_068.ros
* Sea-Bird SBE 9 Data File:
* FileName = D:\CTD\SKQ202312S\SKQ202312S_068.hex
* Software Version Seasave V 7.26.7.121
* Temperature SN = 6177
* Conductivity SN = 0369
* Number of Bytes Per Scan = 41
* Number of Voltage Words = 4
* Number of Scans Averaged by the Deck Unit = 1
* NMEA Latitude = 67 40.62 N
* NMEA Longitude = 168 56.94 W
* NMEA UTC (Time) = Sep 29 2023  21:42:04
* NMEA baud rate = 4800
** Ship: R/V Sikuliaq
** Station Number: 068
** Station Name: DBO3.8
** Bottom Depth: 50
** Operator: SD
# nquan = 22
# nvalues = 1127                                  
# units = specified
# name 0 = depSM: Depth [salt water, m]
# name 1 = latitude: Latitude [deg]
# name 2 = longitude: Longitude [deg]
# name 3 = prDM: Pressure, Digiquartz [db]
# name 4 = t090C: Temperature [ITS-90, deg C]
# name 5 = t190C: Temperature, 2 [ITS-90, deg C]
# name 6 = potemp090C: Potential Temperature [ITS-90, deg C]
# name 7 = sal00: Salinity, Practical [PSU]
# name 8 = sal11: Salinity, Practical, 2 [PSU]
# name 9 = density00: Density [density, kg/m^3]
# name 10 = sigma-é00: Density [sigma-theta, kg/m^3]
# name 11 = sbox0Mm/Kg: Oxygen, SBE 43 [umol/kg]
# name 12 = sbox1Mm/Kg: Oxygen, SBE 43, 2 [umol/kg]
# name 13 = oxsolMm/Kg: Oxygen Saturation, Garcia & Gordon [umol/kg]
# name 14 = sbeox0PS: Oxygen, SBE 43 [% saturation]
# name 15 = v0: Voltage 0
# name 16 = flECO-AFL: Fluorescence, WET Labs ECO-AFL/FL [mg/m^3]
# name 17 = CStarAt0: Beam Attenuation, WET Labs C-Star [1/m]
# name 18 = par: PAR/Irradiance, Biospherical/Licor
# name 19 = scan: Scan Count
# name 20 = nbf: Bottles Fired
# name 21 = flag:  0.000e+00
# interval = seconds: 0.0416667
# start_time = Sep 29 2023 21:45:22 [NMEA time, first data scan]
# bad_flag = -9.990e-29
*END*
[from data line 725]
     10.192   67.67716 -168.95032     10.295     3.2221     3.2103     3.2216    27.2150    27.2385  1021.7093    21.6605    316.252    300.198  340.29430     92.935     0.2112     0.9194     0.7061 3.5993e+01      23030         15  0.000e+00
     10.138   67.67716 -168.95032     10.240     3.2192     3.2210     3.2186    27.2177    27.2313  1021.7114    21.6629    316.297    300.075  340.31264     92.943     0.2100     0.9121     0.7048 3.5891e+01      23031         15  0.000e+00
     10.138   67.67716 -168.95032     10.240     3.2176     3.2489     3.2170    27.2197    27.2186  1021.7131    21.6646    316.338    299.827  340.32115     92.953     0.2100     0.9121     0.7061 3.5993e+01      23032         15  0.000e+00
     10.161   67.67716 -168.95032     10.264     3.2168     3.2709     3.2163    27.2218    27.2110  1021.7149    21.6663    316.376    299.424  340.32204     92.964     0.2100     0.9121     0.7061 3.5891e+01      23033         15  0.000e+00
     10.138   67.67716 -168.95032     10.240     3.2165     3.2702     3.2160    27.2256    27.2148  1021.7178    21.6693    316.409    299.364  340.31511     92.975     0.2100     0.9121     0.7061 3.5891e+01      23034         15  0.000e+00
     10.192   67.67716 -168.95032     10.295     3.2187     3.2669     3.2182    27.2281    27.2181  1021.7200    21.6712    316.430    299.136  340.28988     92.988     0.2088     0.9047     0.7061 3.5891e+01      23035         15  0.000e+00
     10.138   67.67716 -168.95032     10.240     3.2223     3.2643     3.2218    27.2287    27.2209  1021.7198    21.6714    316.443    299.284  340.25779     93.001     0.2100     0.9121     0.7061 3.5790e+01      23036         15  0.000e+00
     10.138   67.67716 -168.95032     10.240     3.2263     3.2601     3.2258    27.2305    27.2234  1021.7210    21.6725    316.456    299.075  340.21918     93.015     0.2100     0.9121     0.7061 3.5891e+01      23037         15  0.000e+00
     10.161   67.67716 -168.95032     10.264     3.2322     3.2513     3.2317    27.2324    27.2268  1021.7222    21.6736    316.644    299.088  340.16388     93.086     0.2100     0.9121     0.7061 3.5790e+01      23038         15  0.000e+00
     10.138   67.67716 -168.95032     10.241     3.2393     3.2402     3.2388    27.2279    27.2293  1021.7179    21.6695    316.462    299.126  340.11551     93.045     0.2088     0.9047     0.7061 3.5790e+01      23039         15  0.000e+00
     10.025   67.67716 -168.95032     10.126     3.3376     3.2615     3.3371    27.1183    27.0038  1021.6229    21.5750    319.595    304.975  339.56503     94.119     0.1648     0.6410     0.7098 3.7023e+01      23135         16  0.000e+00
      9.971   67.67716 -168.95032     10.072     3.3404     3.2654     3.3399    27.1224    27.0033  1021.6257    21.5781    319.495    305.093  339.53109     94.099     0.1636     0.6337     0.7098 3.7127e+01      23136         16  0.000e+00
      9.971   67.67716 -168.95032     10.072     3.3424     3.2750     3.3419    27.1118    27.0113  1021.6171    21.5695    319.396    304.782  339.54174     94.067     0.1636     0.6337     0.7098 3.7127e+01      23137         16  0.000e+00
      9.994   67.67716 -168.95032     10.095     3.3435     3.2802     3.3430    27.1034    27.0266  1021.6105    21.5628    319.368    304.664  339.55366     94.055     0.1636     0.6337     0.7085 3.7127e+01      23138         16  0.000e+00
      9.910   67.67716 -168.95032     10.010     3.3454     3.2767     3.3449    27.0985    27.0332  1021.6060    21.5587    319.315    304.629  339.55026     94.040     0.1636     0.6337     0.7085 3.7127e+01      23139         16  0.000e+00
     10.025   67.67716 -168.95032     10.127     3.3463     3.2724     3.3458    27.1017    27.0306  1021.6091    21.5612    319.255    304.624  339.53424     94.027     0.1636     0.6337     0.7085 3.7232e+01      23140         16  0.000e+00
      9.910   67.67716 -168.95032     10.010     3.3474     3.2678     3.3469    27.1214    27.0278  1021.6241    21.5767    319.140    304.806  339.47434     94.010     0.1636     0.6337     0.7098 3.7232e+01      23141         16  0.000e+00
      9.994   67.67716 -168.95032     10.095     3.3487     3.2626     3.3482    27.1462    27.0271  1021.6441    21.5964    319.237    304.812  339.39975     94.059     0.1636     0.6337     0.7098 3.7337e+01      23142         16  0.000e+00
      9.971   67.67716 -168.95032     10.072     3.3476     3.2754     3.3471    27.1647    27.0335  1021.6589    21.6112    318.728    304.458  339.36158     93.920     0.1648     0.6410     0.7098 3.7337e+01      23143         16  0.000e+00
     10.025   67.67716 -168.95032     10.127     3.3448     3.3029     3.3443    27.1758    27.0563  1021.6682    21.6203    318.850    304.116  339.35689     93.957     0.1636     0.6337     0.7085 3.7337e+01      23144         16  0.000e+00
      9.910   67.67716 -168.95032     10.010     3.3427     3.3214     3.3422    27.1837    27.0814  1021.6740    21.6266    318.812    303.833  339.35431     93.947     0.1636     0.6337     0.7085 3.7337e+01      23145         16  0.000e+00
     10.025   67.67716 -168.95032     10.127     3.3432     3.3270     3.3427    27.1867    27.0920  1021.6769    21.6290    318.508    303.698  339.34213     93.860     0.1636     0.6337     0.7098 3.7337e+01      23146         16  0.000e+00
      9.995   67.67716 -168.95032     10.096     3.3455     3.3294     3.3450    27.1852    27.0921  1021.6754    21.6276    318.415    303.603  339.32657     93.837     0.1636     0.6337     0.7085 3.7337e+01      23147         16  0.000e+00
      9.972   67.67716 -168.95032     10.072     3.3465     3.3378     3.3460    27.1827    27.0977  1021.6733    21.6256    318.334    303.462  339.32481     93.814     0.1636     0.6337     0.7085 3.7337e+01      23148         16  0.000e+00
     10.026   67.67716 -168.95032     10.127     3.3453     3.3476     3.3448    27.1828    27.1157  1021.6736    21.6257    318.269    303.280  339.33415     93.792     0.1636     0.6337     0.7098 3.7337e+01      23149         16  0.000e+00
      9.972   67.67716 -168.95032     10.072     3.3432     3.3547     3.3427    27.1853    27.1319  1021.6756    21.6279    318.200    303.138  339.34561     93.769     0.1636     0.6337     0.7098 3.7337e+01      23150         16  0.000e+00
     10.026   67.67716 -168.95032     10.127     3.3419     3.3604     3.3414    27.1860    27.1400  1021.6765    21.6285    318.132    302.829  339.35465     93.746     0.1636     0.6337     0.7098 3.7337e+01      23151         16  0.000e+00
      9.995   67.67716 -168.95032     10.096     3.3409     3.3622     3.3404    27.1860    27.1395  1021.6764    21.6286    318.057    302.943  339.36312     93.722     0.1636     0.6337     0.7085 3.7337e+01      23152         16  0.000e+00
      9.972   67.67716 -168.95032     10.072     3.3429     3.3612     3.3424    27.1851    27.1300  1021.6754    21.6278    317.993    302.721  339.34874     93.707     0.1636     0.6337     0.7098 3.7337e+01      23153         16  0.000e+00
     10.026   67.67716 -168.95032     10.127     3.3460     3.3591     3.3455    27.1859    27.1190  1021.6761    21.6281    317.919    302.689  339.32079     93.693     0.1636     0.6337     0.7085 3.7337e+01      23154         16  0.000e+00
      9.972   67.67716 -168.95032     10.073     3.3485     3.3552     3.3480    27.1876    27.1123  1021.6770    21.6293    317.843    302.679  339.29485     93.677     0.1636     0.6337     0.7061 3.7337e+01      23155         16  0.000e+00
     10.026   67.67716 -168.95032     10.127     3.3499     3.3482     3.3494    27.1887    27.1103  1021.6780    21.6301    317.783    302.888  339.28033     93.664     0.1685     0.6630     0.7061 3.7337e+01      23156         16  0.000e+00
     10.049   67.67716 -168.95032     10.150     3.3510     3.3434     3.3505    27.1888    27.1107  1021.6781    21.6301    317.727    302.690  339.27052     93.650     0.1746     0.6996     0.7061 3.7337e+01      23157         16  0.000e+00
     10.026   67.67716 -168.95032     10.127     3.3522     3.3438     3.3517    27.1893    27.1136  1021.6783    21.6304    317.667    302.616  339.25983     93.635     0.1746     0.6996     0.7061 3.7337e+01      23158         16  0.000e+00
     10.026   67.67716 -168.95032     10.127     3.3530     3.3485     3.3525    27.1896    27.1200  1021.6785    21.6306    317.576    302.497  339.25219     93.611     0.1758     0.7069     0.7061 3.7232e+01      23159         16  0.000e+00
     10.026   67.67716 -168.95032     10.127     3.3529     3.3557     3.3524    27.1902    27.1327  1021.6790    21.6311    317.304    302.340  339.25131     93.531     0.1746     0.6996     0.7061 3.7127e+01      23160         16  0.000e+00
     10.049   67.67716 -168.95032     10.151     3.3526     3.3625     3.3521    27.1902    27.1512  1021.6791    21.6311    317.448    302.173  339.25400     93.572     0.1746     0.6996     0.7061 3.7232e+01      23161         16  0.000e+00
     10.026   67.67716 -168.95032     10.127     3.3523     3.3676     3.3518    27.1902    27.1653  1021.6790    21.6311    317.403    302.027  339.25621     93.558     0.1734     0.6923     0.7061 3.7127e+01      23162         16  0.000e+00
     10.026   67.67716 -168.95032     10.127     3.3520     3.3692     3.3515    27.1911    27.1736  1021.6797    21.6318    317.170    301.922  339.25663     93.490     0.1758     0.7069     0.7061 3.7023e+01      23163         16  0.000e+00
     10.080   67.67716 -168.95032     10.182     3.3515     3.3685     3.3510    27.1904    27.1780  1021.6795    21.6314    317.322    301.870  339.26232     93.533     0.1746     0.6996     0.7061 3.7023e+01      23164         16  0.000e+00
     10.026   67.67716 -168.95032     10.127     3.3514     3.3688     3.3509    27.1879    27.1795  1021.6773    21.6294    317.283    301.610  339.27008     93.519     0.1746     0.6996     0.7061 3.6918e+01      23165         16  0.000e+00
     10.111   67.67716 -168.95032     10.213     3.3517     3.3668     3.3512    27.1839    27.1821  1021.6745    21.6261    317.063    301.574  339.27778     93.452     0.1746     0.6996     0.7048 3.6918e+01      23166         16  0.000e+00
     10.026   67.67716 -168.95032     10.127     3.3512     3.3518     3.3507    27.1783    27.1887  1021.6697    21.6218    317.037    301.632  339.29610     93.440     0.1758     0.7069     0.7061 3.6918e+01      23167         16  0.000e+00
     10.080   67.67716 -168.95032     10.182     3.3468     3.3054     3.3463    27.1736    27.2109  1021.6665    21.6184    317.053    301.925  339.34544     93.431     0.1734     0.6923     0.7061 3.6814e+01      23168         16  0.000e+00
     10.080   67.67716 -168.95032     10.182     3.3373     3.2572     3.3368    27.1743    27.2313  1021.6678    21.6196    317.103    302.237  339.42384     93.424     0.1758     0.7069     0.7061 3.6711e+01      23169         16  0.000e+00
     10.080   67.67716 -168.95032     10.182     3.3275     3.2466     3.3270    27.1773    27.2292  1021.6709    21.6227    317.375    302.284  339.49878     93.483     0.1746     0.6996     0.7061 3.6711e+01      23170         16  0.000e+00
     10.049   67.67716 -168.95032     10.151     3.3193     3.2590     3.3188    27.1827    27.2201  1021.6757    21.6277    317.254    302.153  339.55422     93.432     0.1746     0.6996     0.7061 3.6711e+01      23171         16  0.000e+00
     10.142   67.67716 -168.95032     10.244     3.3139     3.2734     3.3134    27.1873    27.2149  1021.6802    21.6317    317.270    301.802  339.58835     93.428     0.1746     0.6996     0.7061 3.6607e+01      23172         16  0.000e+00
     10.080   67.67716 -168.95032     10.182     3.3100     3.2790     3.3095    27.1912    27.2156  1021.6833    21.6351    317.271    301.886  339.61118     93.422     0.1746     0.6996     0.7061 3.6607e+01      23173         16  0.000e+00
     10.080   67.67716 -168.95032     10.182     3.3081     3.2851     3.3076    27.1947    27.2143  1021.6862    21.6380    317.260    301.594  339.61858     93.417     0.1746     0.6996     0.7061 3.6504e+01      23174         16  0.000e+00
     10.142   67.67716 -168.95032     10.245     3.3067     3.2915     3.3062    27.1956    27.2109  1021.6873    21.6388    317.294    301.488  339.62794     93.424     0.1746     0.6996     0.7048 3.6401e+01      23175         16  0.000e+00
     10.111   67.67716 -168.95032     10.213     3.3044     3.2877     3.3039    27.1944    27.2128  1021.6863    21.6380    317.080    301.477  339.65004     93.355     0.1734     0.6923     0.7036 3.6401e+01      23176         16  0.000e+00
     10.080   67.67716 -168.95032     10.182     3.3019     3.2830     3.3014    27.1889    27.2147  1021.6820    21.6339    317.072    301.476  339.68525     93.343     0.1746     0.6996     0.7036 3.6401e+01      23177         16  0.000e+00
     10.142   67.67716 -168.95032     10.245     3.2961     3.2792     3.2956    27.1822    27.2161  1021.6774    21.6289    317.104    301.476  339.75168     93.334     0.1758     0.7069     0.7036 3.6299e+01      23178         16  0.000e+00
     10.142   67.67716 -168.95032     10.245     3.2872     3.2729     3.2867    27.1863    27.2184  1021.6814    21.6329    317.139    301.495  339.81640     93.327     0.1746     0.6996     0.7036 3.6299e+01      23179         16  0.000e+00
     10.165   67.67716 -168.95032     10.268     3.2803     3.2657     3.2798    27.1879    27.2200  1021.6832    21.6346    317.169    301.326  339.87107     93.320     0.1758     0.7069     0.7036 3.6299e+01      23180         16  0.000e+00
     10.080   67.67716 -168.95032     10.182     3.2718     3.2601     3.2713    27.1884    27.2209  1021.6838    21.6357    317.252    301.322  339.94200     93.325     0.1770     0.7143     0.7036 3.6197e+01      23181         16  0.000e+00
     10.142   67.67716 -168.95032     10.245     3.2629     3.2565     3.2624    27.1919    27.2212  1021.6876    21.6391    317.306    301.313  340.00784     93.323     0.1893     0.7875     0.7036 3.6095e+01      23182         16  0.000e+00
     10.142   67.67716 -168.95032     10.245     3.2547     3.2535     3.2542    27.1966    27.2219  1021.6920    21.6435    317.130    301.324  340.06571     93.255     0.1929     0.8095     0.7036 3.6197e+01      23183         16  0.000e+00
      9.976   67.67716 -168.95032     10.077     3.3398     3.3557     3.3393    27.1763    27.1751  1021.6687    21.6210    318.563    301.859  339.39784     93.861     0.1941     0.8168     0.7085 3.6401e+01      23278         17  0.000e+00
     10.053   67.67716 -168.95032     10.155     3.3461     3.3613     3.3456    27.1709    27.1703  1021.6643    21.6162    318.543    301.843  339.35783     93.867     0.1929     0.8095     0.7085 3.6401e+01      23279         17  0.000e+00
      9.976   67.67716 -168.95032     10.077     3.3507     3.3655     3.3502    27.1681    27.1690  1021.6614    21.6137    318.557    301.822  339.32632     93.879     0.1941     0.8168     0.7085 3.6401e+01      23280         17  0.000e+00
     10.030   67.67716 -168.95032     10.131     3.3546     3.3691     3.3540    27.1652    27.1690  1021.6590    21.6111    318.800    301.981  339.30143     93.958     0.1929     0.8095     0.7085 3.6504e+01      23281         17  0.000e+00
     10.030   67.67716 -168.95032     10.131     3.3573     3.3710     3.3568    27.1623    27.1676  1021.6565    21.6086    318.819    301.998  339.28552     93.968     0.1941     0.8168     0.7085 3.6504e+01      23282         17  0.000e+00
     10.030   67.67716 -168.95032     10.131     3.3581     3.3707     3.3576    27.1602    27.1667  1021.6547    21.6068    318.658    302.204  339.28423     93.921     0.1929     0.8095     0.7073 3.6504e+01      23283         17  0.000e+00
