EcoFOCI/data/1_SampleCollection/2023_SikuliaqDBO_CruiseData/CTD_raw_BottleFile_SKQ23-12S/proc/skq202312s_061.cnv
* Sea-Bird SBE 9 Data File:
* FileName = D:\CTD\SKQ202312S\SKQ202312S_061.hex
* Software Version Seasave V 7.26.7.121
* Temperature SN = 6177
* Conductivity SN = 0369
* Number of Bytes Per Scan = 41
* Number of Voltage Words = 4
* Number of Scans Averaged by the Deck Unit = 1
* NMEA Latitude = 71 36.10 N
* NMEA Longitude = 165 18.30 W
* NMEA UTC (Time) = Sep 27 2023  23:24:16
* NMEA baud rate = 4800
** Ship: R/V Sikuliaq
** Station Number: 061
** Station Name: IC3
** Bottom Depth: 42
** Operator: SS
** Recast for bottom water
# nquan = 24
# nvalues = 3879                                  
# units = specified
# name 0 = depSM: Depth [salt water, m]
# name 1 = latitude: Latitude [deg]
# name 2 = longitude: Longitude [deg]
# name 3 = prDM: Pressure, Digiquartz [db]
# name 4 = t090C: Temperature [ITS-90, deg C]
# name 5 = t190C: Temperature, 2 [ITS-90, deg C]
# name 6 = potemp090C: Potential Temperature [ITS-90, deg C]
# name 7 = sal00: Salinity, Practical [PSU]
# name 8 = sal11: Salinity, Practical, 2 [PSU]
# name 9 = density00: Density [density, kg/m^3]
# name 10 = sigma-é00: Density [sigma-theta, kg/m^3]
# name 11 = sbox0Mm/Kg: Oxygen, SBE 43 [umol/kg]
# name 12 = sbox1Mm/Kg: Oxygen, SBE 43, 2 [umol/kg]
# name 13 = oxsolMm/Kg: Oxygen Saturation, Garcia & Gordon [umol/kg]
# name 14 = sbeox0PS: Oxygen, SBE 43 [% saturation]
# name 15 = sbeox1PS: Oxygen, SBE 43, 2 [% saturation]
# name 16 = v0: Voltage 0
# name 17 = flECO-AFL: Fluorescence, WET Labs ECO-AFL/FL [mg/m^3]
# name 18 = v1: Voltage 1
# name 19 = CStarAt0: Beam Attenuation, WET Labs C-Star [1/m]
# name 20 = par: PAR/Irradiance, Biospherical/Licor
# name 21 = scan: Scan Count
# name 22 = timeM: Time, Elapsed [minutes]
# name 23 = flag:  0.000e+00
# span 0 =      3.015,     37.164                 
# span 1 =   71.60162,   71.60162                 
# span 2 = -165.30500, -165.30498                 
# span 3 =      3.046,     37.551                 
# span 4 =    -1.0664,     3.2483                 
# span 5 =    -1.0654,     3.2537                 
# span 6 =    -1.0672,     3.2471                 
# span 7 =    30.4293,    32.5473                 
# span 8 =    30.4411,    32.5805                 
# span 9 =  1024.2787,  1026.3027                 
# span 10 =    24.2637,    26.1579                
# span 11 =    262.607,    381.097                
# span 12 =    240.094,    363.520                
# span 13 =  330.89105,  364.98977                
# span 14 =     71.959,    107.361                
# span 15 =     65.793,    102.304                
# span 16 =     0.0757,     0.5214                
# span 17 =     0.1062,     2.7802                
# span 18 =     3.0977,     4.2320                
# span 19 =     0.4301,     1.6786                
# span 20 = 1.1221e+00, 1.2430e+02                
# span 21 =          1,       3879                
# span 22 =     0.0000,     2.6931                
# span 23 = 0.0000e+00, 0.0000e+00                
# interval = seconds: 0.0416667
# start_time = Sep 27 2023 23:27:17 [NMEA time, first data scan]
# bad_flag = -9.990e-29
*END*
[from data line 1993]
     22.424   71.60162 -165.30500     22.657     1.5077     1.4625     1.5068    32.0403    32.1036  1025.7421    25.6347    330.491    320.473  342.46912     96.502     93.515     0.1172     0.3553     4.1856     0.4742 1.6362e+01       1994     1.3840  0.000e+00
     22.501   71.60162 -165.30500     22.735     1.4945     1.4503     1.4935    32.0497    32.1117  1025.7509    25.6431    330.099    320.297  342.56010     96.362     93.440     0.1172     0.3553     4.1856     0.4742 1.6316e+01       1995     1.3847  0.000e+00
     22.486   71.60162 -165.30500     22.719     1.4847     1.4381     1.4837    32.0565    32.1210  1025.7569    25.6491    329.656    320.296  342.62734     96.214     93.418     0.1172     0.3553     4.1856     0.4742 1.6270e+01       1996     1.3854  0.000e+00
     22.540   71.60162 -165.30500     22.774     1.4772     1.4377     1.4763    32.0598    32.1204  1025.7603    25.6523    329.184    320.008  342.68382     96.061     93.332     0.1172     0.3553     4.1832     0.4765 1.6270e+01       1997     1.3861  0.000e+00
     22.501   71.60162 -165.30500     22.735     1.4694     1.4403     1.4685    32.0631    32.1169  1025.7633    25.6555    328.464    319.673  342.74293     95.834     93.238     0.1148     0.3406     4.1734     0.4859 1.6316e+01       1998     1.3868  0.000e+00
     22.540   71.60162 -165.30500     22.774     1.4626     1.4392     1.4616    32.0664    32.1162  1025.7666    25.6585    327.917    319.348  342.79417     95.660     93.140     0.1184     0.3626     4.1709     0.4882 1.6224e+01       1999     1.3875  0.000e+00
     22.563   71.60162 -165.30500     22.797     1.4570     1.4389     1.4560    32.0700    32.1145  1025.7699    25.6618    327.344    318.997  342.83359     95.482     93.036     0.1319     0.4432     4.1709     0.4882 1.6270e+01       2000     1.3882  0.000e+00
     22.594   71.60162 -165.30500     22.828     1.4508     1.4369     1.4498    32.0745    32.1141  1025.7740    25.6658    326.534    318.640  342.87603     95.234     92.927     0.1355     0.4652     4.1709     0.4882 1.6224e+01       2001     1.3889  0.000e+00
     22.594   71.60162 -165.30500     22.828     1.4452     1.4365     1.4442    32.0777    32.1139  1025.7770    25.6687    325.863    318.275  342.91641     95.027     92.819     0.1368     0.4725     4.1709     0.4882 1.6178e+01       2002     1.3896  0.000e+00
     22.617   71.60162 -165.30500     22.852     1.4407     1.4371     1.4397    32.0811    32.1124  1025.7801    25.6717    325.217    317.888  342.94685     94.830     92.707     0.1343     0.4579     4.1709     0.4882 1.6224e+01       2003     1.3903  0.000e+00
     22.655   71.60162 -165.30500     22.891     1.4362     1.4349     1.4352    32.0850    32.1130  1025.7838    25.6752    324.567    317.508  342.97571     94.633     92.591     0.1355     0.4652     4.1722     0.4871 1.6178e+01       2004     1.3910  0.000e+00
     22.594   71.60162 -165.30500     22.828     1.4320     1.4323     1.4310    32.0880    32.1130  1025.7861    25.6778    323.910    317.115  343.00493     94.433     92.471     0.1343     0.4579     4.1722     0.4871 1.6087e+01       2005     1.3917  0.000e+00
     22.679   71.60162 -165.30500     22.914     1.4276     1.4291     1.4266    32.0908    32.1139  1025.7891    25.6804    323.261    316.718  343.03535     94.235     92.348     0.1343     0.4579     4.1709     0.4882 1.6087e+01       2006     1.3924  0.000e+00
     22.709   71.60162 -165.30500     22.945     1.4237     1.4261     1.4228    32.0932    32.1152  1025.7914    25.6825    322.607    316.305  343.06315     94.037     92.221     0.1368     0.4725     4.1722     0.4871 1.6087e+01       2007     1.3931  0.000e+00
     22.709   71.60162 -165.30500     22.945     1.4208     1.4249     1.4198    32.0954    32.1154  1025.7933    25.6845    321.716    315.839  343.08289     93.772     92.083     0.1343     0.4579     4.1709     0.4882 1.6041e+01       2008     1.3938  0.000e+00
     22.679   71.60162 -165.30500     22.914     1.4194     1.4250     1.4185    32.0959    32.1137  1025.7937    25.6850    320.319    315.380  343.09341     93.362     91.948     0.1355     0.4652     4.1722     0.4871 1.6041e+01       2009     1.3944  0.000e+00
     22.709   71.60162 -165.30500     22.945     1.4186     1.4272     1.4176    32.0953    32.1102  1025.7934    25.6845    320.203    314.695  343.10231     93.326     91.751     0.1343     0.4579     4.1709     0.4882 1.5996e+01       2010     1.3951  0.000e+00
     22.771   71.60162 -165.30500     23.007     1.4179     1.4272     1.4169    32.0948    32.1092  1025.7934    25.6842    319.522    314.173  343.11029     93.125     91.598     0.1355     0.4652     4.1722     0.4871 1.5951e+01       2011     1.3958  0.000e+00
     22.733   71.60162 -165.30500     22.969     1.4164     1.4277     1.4154    32.0951    32.1071  1025.7935    25.6845    318.853    313.433  343.12199     92.927     91.382     0.1343     0.4579     4.1722     0.4871 1.5951e+01       2012     1.3965  0.000e+00
     22.825   71.60162 -165.30500     23.062     1.4154     1.4268     1.4144    32.0957    32.1071  1025.7945    25.6851    318.198    312.881  343.12961     92.734     91.219     0.1343     0.4579     4.1722     0.4871 1.5906e+01       2013     1.3972  0.000e+00
     22.733   71.60162 -165.30500     22.969     1.4142     1.4234     1.4133    32.0966    32.1089  1025.7949    25.6859    317.781    312.364  343.13720     92.611     91.061     0.1368     0.4725     4.1722     0.4871 1.5861e+01       2014     1.3979  0.000e+00
     22.825   71.60162 -165.30500     23.062     1.4140     1.4188     1.4130    32.0980    32.1112  1025.7964    25.6870    317.145    312.067  343.13598     92.426     90.966     0.1343     0.4579     4.1722     0.4871 1.5861e+01       2015     1.3986  0.000e+00
     22.825   71.60162 -165.30500     23.062     1.4135     1.4159     1.4125    32.0988    32.1128  1025.7970    25.6876    316.523    311.571  343.13788     92.244     90.816     0.1355     0.4652     4.1709     0.4882 1.5861e+01       2016     1.3993  0.000e+00
     22.848   71.60162 -165.30500     23.085     1.4130     1.4142     1.4120    32.0983    32.1140  1025.7969    25.6873    316.004    311.068  343.14327     92.091     90.666     0.1343     0.4579     4.1709     0.4882 1.5816e+01       2017     1.4000  0.000e+00
     22.887   71.60162 -165.30500     23.124     1.4133     1.4144     1.4123    32.0966    32.1144  1025.7956    25.6859    315.652    310.577  343.14545     91.988     90.524     0.1355     0.4652     4.1636     0.4953 1.5771e+01       2018     1.4007  0.000e+00
     22.825   71.60162 -165.30500     23.062     1.4132     1.4118     1.4122    32.0958    32.1160  1025.7947    25.6853    315.355    309.902  343.14861     91.901     90.322     0.1343     0.4579     4.1587     0.5000 1.5771e+01       2019     1.4014  0.000e+00
     22.902   71.60162 -165.30500     23.140     1.4116     1.4099     1.4107    32.0950    32.1151  1025.7945    25.6848    314.902    309.417  343.16406     91.764     90.176     0.1343     0.4579     4.1600     0.4988 1.5726e+01       2020     1.4021  0.000e+00
     22.941   71.60162 -165.30500     23.179     1.4099     1.4089     1.4090    32.0943    32.1149  1025.7942    25.6843    314.700    308.722  343.18099     91.701     89.971     0.1368     0.4725     4.1600     0.4988 1.5726e+01       2021     1.4028  0.000e+00
     22.941   71.60162 -165.30500     23.179     1.4081     1.4068     1.4071    32.0946    32.1158  1025.7946    25.6846    314.554    308.194  343.19605     91.654     89.813     0.1355     0.4652     4.1600     0.4988 1.5682e+01       2022     1.4035  0.000e+00
     22.902   71.60162 -165.30500     23.140     1.4062     1.4064     1.4052    32.0964    32.1154  1025.7960    25.6862    314.462    307.661  343.20793     91.624     89.656     0.1355     0.4652     4.1600     0.4988 1.5682e+01       2023     1.4042  0.000e+00
     22.995   71.60162 -165.30500     23.233     1.4056     1.4070     1.4046    32.0970    32.1150  1025.7970    25.6868    314.427    307.368  343.21216     91.613     89.572     0.1343     0.4579     4.1600     0.4988 1.5638e+01       2024     1.4049  0.000e+00
     22.964   71.60162 -165.30500     23.202     1.4045     1.4087     1.4035    32.0980    32.1142  1025.7977    25.6876    314.449    306.864  343.21875     91.618     89.429     0.1465     0.5311     4.1600     0.4988 1.5682e+01       2025     1.4056  0.000e+00
     22.995   71.60162 -165.30500     23.233     1.4038     1.4098     1.4028    32.0978    32.1131  1025.7977    25.6875    314.533    306.612  343.22549     91.640     89.357     0.1587     0.6044     4.1600     0.4988 1.5638e+01       2026     1.4063  0.000e+00
     22.995   71.60162 -165.30500     23.233     1.4032     1.4104     1.4023    32.0980    32.1127  1025.7979    25.6877    314.631    306.400  343.22989     91.668     89.296     0.1600     0.6117     4.1600     0.4988 1.5593e+01       2027     1.4069  0.000e+00
     23.018   71.60162 -165.30500     23.257     1.4028     1.4096     1.4018    32.0972    32.1123  1025.7974    25.6870    315.061    306.031  343.23582     91.791     89.186     0.1600     0.6117     4.1587     0.5000 1.5593e+01       2028     1.4076  0.000e+00
     23.056   71.60162 -165.30500     23.296     1.4020     1.4081     1.4010    32.0971    32.1119  1025.7976    25.6870    315.318    305.655  343.24323     91.864     89.073     0.1587     0.6044     4.1600     0.4988 1.5593e+01       2029     1.4083  0.000e+00
     23.056   71.60162 -165.30500     23.296     1.4016     1.4061     1.4006    32.0970    32.1130  1025.7975    25.6870    315.857    305.496  343.24685     92.020     89.023     0.1587     0.6044     4.1600     0.4988 1.5505e+01       2030     1.4090  0.000e+00
     23.080   71.60162 -165.30500     23.319     1.4009     1.4027     1.3999    32.0969    32.1143  1025.7976    25.6870    316.452    305.389  343.25281     92.192     88.985     0.1587     0.6044     4.1587     0.5000 1.5505e+01       2031     1.4097  0.000e+00
     23.110   71.60162 -165.30500     23.350     1.4002     1.3976     1.3992    32.0961    32.1173  1025.7971    25.6864    317.141    305.330  343.26172     92.390     88.958     0.1587     0.6044     4.1587     0.5000 1.5505e+01       2032     1.4104  0.000e+00
     23.080   71.60162 -165.30500     23.319     1.3991     1.3945     1.3981    32.0952    32.1177  1025.7963    25.6857    317.647    305.296  343.27383     92.535     88.942     0.1600     0.6117     4.1587     0.5000 1.5418e+01       2033     1.4111  0.000e+00
     23.172   71.60162 -165.30500     23.413     1.3967     1.3929     1.3957    32.0939    32.1177  1025.7959    25.6848    318.449    305.295  343.29775     92.762     88.938     0.1587     0.6044     4.1600     0.4988 1.5374e+01       2034     1.4118  0.000e+00
     23.172   71.60162 -165.30500     23.413     1.3924     1.3906     1.3914    32.0928    32.1189  1025.7953    25.6842    319.540    305.330  343.33879     93.069     88.944     0.1600     0.6117     4.1587     0.5000 1.5418e+01       2035     1.4125  0.000e+00
     23.188   71.60162 -165.30500     23.428     1.3867     1.3884     1.3857    32.0957    32.1197  1025.7980    25.6869    320.524    305.405  343.38116     93.344     88.961     0.1587     0.6044     4.1600     0.4988 1.5330e+01       2036     1.4132  0.000e+00
     23.172   71.60162 -165.30500     23.413     1.3819     1.3859     1.3809    32.0994    32.1208  1025.8013    25.6902    321.535    305.725  343.41320     93.629     89.049     0.1587     0.6044     4.1600     0.4988 1.5287e+01       2037     1.4139  0.000e+00
     23.226   71.60162 -165.30500     23.467     1.3786     1.3836     1.3776    32.1026    32.1220  1025.8043    25.6929    322.803    305.903  343.43377     93.993     89.097     0.1587     0.6044     4.1514     0.5070 1.5287e+01       2038     1.4146  0.000e+00
     23.249   71.60162 -165.30500     23.491     1.3763     1.3819     1.3753    32.1039    32.1225  1025.8056    25.6941    323.945    306.320  343.45048     94.321     89.215     0.1587     0.6044     4.1465     0.5117 1.5244e+01       2039     1.4153  0.000e+00
     23.288   71.60162 -165.30500     23.530     1.3739     1.3809     1.3729    32.1042    32.1230  1025.8062    25.6945    325.119    306.561  343.47035     94.657     89.283     0.1612     0.6190     4.1453     0.5129 1.5244e+01       2040     1.4160  0.000e+00
     23.172   71.60162 -165.30500     23.413     1.3705     1.3799     1.3695    32.1068    32.1237  1025.8080    25.6969    326.316    307.036  343.49329     94.999     89.419     0.1587     0.6044     4.1465     0.5117 1.5244e+01       2041     1.4167  0.000e+00
     23.365   71.60162 -165.30500     23.607     1.3685     1.3796     1.3675    32.1075    32.1236  1025.8096    25.6976    327.539    307.346  343.50923     95.351     89.509     0.1600     0.6117     4.1465     0.5117 1.5201e+01       2042     1.4174  0.000e+00
     23.342   71.60162 -165.30500     23.584     1.3667     1.3778     1.3657    32.1075    32.1234  1025.8096    25.6977    329.234    308.108  343.52471     95.840     89.726     0.1587     0.6044     4.1465     0.5117 1.5158e+01       2043     1.4181  0.000e+00
     23.303   71.60162 -165.30500     23.545     1.3639     1.3690     1.3629    32.1053    32.1262  1025.8078    25.6960    330.572    308.564  343.55569     96.221     89.841     0.1587     0.6044     4.1465     0.5117 1.5158e+01       2044     1.4188  0.000e+00
     23.396   71.60162 -165.30500     23.639     1.3575     1.3562     1.3565    32.1047    32.1315  1025.8081    25.6959    332.187    309.498  343.61327     96.675     90.087     0.1587     0.6044     4.1465     0.5117 1.5115e+01       2045     1.4194  0.000e+00
     23.396   71.60162 -165.30500     23.639     1.3489     1.3452     1.3479    32.1044    32.1364  1025.8084    25.6963    333.863    310.261  343.68924     97.141     90.287     0.1600     0.6117     4.1465     0.5117 1.5072e+01       2046     1.4201  0.000e+00
     23.365   71.60162 -165.30500     23.607     1.3384     1.3371     1.3374    32.1015    32.1409  1025.8066    25.6946    334.866    311.023  343.78911     97.405     90.494     0.1600     0.6117     4.1465     0.5117 1.5029e+01       2047     1.4208  0.000e+00
     23.396   71.60162 -165.30500     23.639     1.3236     1.3272     1.3226    32.1015    32.1442  1025.8078    25.6956    336.986    311.830  343.91883     97.984     90.708     0.1587     0.6044     4.1465     0.5117 1.5029e+01       2048     1.4215  0.000e+00
     23.481   71.60162 -165.30500     23.724     1.3061     1.3149     1.3051    32.1059    32.1479  1025.8127    25.7001    338.772    312.888  344.06164     98.463     90.989     0.1600     0.6117     4.1465     0.5117 1.5029e+01       2049     1.4222  0.000e+00
     23.458   71.60162 -165.30500     23.701     1.2890     1.2978     1.2880    32.1112    32.1549  1025.8180    25.7055    340.531    313.606  344.19739     98.935     91.163     0.1600     0.6117     4.1465     0.5117 1.5029e+01       2050     1.4229  0.000e+00
     23.512   71.60162 -165.30500     23.756     1.2720     1.2748     1.2710    32.1168    32.1651  1025.8238    25.7110    342.080    314.780  344.33229     99.346     91.458     0.1648     0.6410     4.1465     0.5117 1.4987e+01       2051     1.4236  0.000e+00
     23.535   71.60162 -165.30500     23.779     1.2547     1.2525     1.2537    32.1263    32.1739  1025.8326    25.7197    343.597    315.783  344.45946     99.750     91.703     0.1661     0.6483     4.1465     0.5117 1.4902e+01       2052     1.4243  0.000e+00
