EcoFOCI/data/1_SampleCollection/2023_SikuliaqDBO_CruiseData/CTD_raw_BottleFile_SKQ23-12S/proc/skq202312s_012.cnv
* Sea-Bird SBE 9 Data File:
* FileName = D:\CTD\SKQ202312S\SKQ202312S_012.hex
* Software Version Seasave V 7.26.7.121
* Temperature SN = 6177
* Conductivity SN = 0369
* Number of Bytes Per Scan = 41
* Number of Voltage Words = 4
* Number of Scans Averaged by the Deck Unit = 1
* NMEA Latitude = 64 40.32 N
* NMEA Longitude = 170 38.51 W
* NMEA UTC (Time) = Sep 17 2023  03:44:23
* NMEA baud rate = 4800
** Ship: R/V Sikuliaq
** Station Number: 012
** Station Name: DBO2.0
** Bottom Depth: 48
** Operator: SD
# nquan = 24
# nvalues = 5209                                  
# units = specified
# name 0 = depSM: Depth [salt water, m]
# name 1 = latitude: Latitude [deg]
# name 2 = longitude: Longitude [deg]
# name 3 = prDM: Pressure, Digiquartz [db]
# name 4 = t090C: Temperature [ITS-90, deg C]
# name 5 = t190C: Temperature, 2 [ITS-90, deg C]
# name 6 = potemp090C: Potential Temperature [ITS-90, deg C]
# name 7 = sal00: Salinity, Practical [PSU]
# name 8 = sal11: Salinity, Practical, 2 [PSU]
# name 9 = density00: Density [density, kg/m^3]
# name 10 = sigma-é00: Density [sigma-theta, kg/m^3]
# name 11 = sbox0Mm/Kg: Oxygen, SBE 43 [umol/kg]
# name 12 = sbox1Mm/Kg: Oxygen, SBE 43, 2 [umol/kg]
# name 13 = oxsolMm/Kg: Oxygen Saturation, Garcia & Gordon [umol/kg]
# name 14 = sbeox0PS: Oxygen, SBE 43 [% saturation]
# name 15 = sbeox1PS: Oxygen, SBE 43, 2 [% saturation]
# name 16 = v0: Voltage 0
# name 17 = flECO-AFL: Fluorescence, WET Labs ECO-AFL/FL [mg/m^3]
# name 18 = v1: Voltage 1
# name 19 = CStarAt0: Beam Attenuation, WET Labs C-Star [1/m]
# name 20 = par: PAR/Irradiance, Biospherical/Licor
# name 21 = scan: Scan Count
# name 22 = timeM: Time, Elapsed [minutes]
# name 23 = flag:  0.000e+00
# span 0 =      2.948,     41.300                 
# span 1 =   64.67164,   64.67196                 
# span 2 = -170.64178, -170.64134                 
# span 3 =      2.977,     41.712                 
# span 4 =     3.2201,     3.4137                 
# span 5 =     3.2214,     3.4539                 
# span 6 =     3.2194,     3.4135                 
# span 7 =    32.9813,    33.0676                 
# span 8 =    33.0012,    33.0541                 
# span 9 =  1026.2598,  1026.4756                 
# span 10 =    26.2456,    26.3187                
# span 11 =    226.994,    229.870                
# span 12 =    215.657,    220.405                
# span 13 =  324.13752,  325.67415                
# span 14 =     69.705,     70.631                
# span 15 =     66.302,     67.732                
# span 16 =     0.1355,     0.3065                
# span 17 =     0.4652,     1.4908                
# span 18 =     3.7277,     3.8694                
# span 19 =     0.7885,     0.9377                
# span 20 = 1.3910e-01, 7.8340e+01                
# span 21 =          1,       5209                
# span 22 =     0.0000,     3.6167                
# span 23 = 0.0000e+00, 0.0000e+00                
# interval = seconds: 0.0416667
# start_time = Sep 17 2023 03:45:41 [NMEA time, first data scan]
# bad_flag = -9.990e-29
*END*
[from data line 121]
      3.296   64.67196 -170.64178      3.328     3.2525     3.2953     3.2523    33.0138    33.0260  1026.2930    26.2774    227.968    218.534  325.42154     70.053     67.231     0.1575     0.5971     3.8413     0.8177 7.4050e+01        122     0.0840  0.000e+00
      3.296   64.67196 -170.64178      3.328     3.2524     3.2962     3.2522    33.0129    33.0272  1026.2922    26.2766    227.944    218.508  325.42520     70.045     67.225     0.1600     0.6117     3.8413     0.8177 7.4259e+01        123     0.0847  0.000e+00
      3.296   64.67196 -170.64178      3.328     3.2522     3.2961     3.2520    33.0123    33.0278  1026.2918    26.2762    228.133    218.678  325.42825     70.102     67.278     0.1575     0.5971     3.8413     0.8177 7.4468e+01        124     0.0854  0.000e+00
      3.296   64.67196 -170.64178      3.328     3.2532     3.2975     3.2530    33.0109    33.0277  1026.2906    26.2750    227.921    218.476  325.42361     70.038     67.217     0.1587     0.6044     3.8413     0.8177 7.4259e+01        125     0.0861  0.000e+00
      3.296   64.67196 -170.64178      3.328     3.2525     3.3007     3.2523    33.0120    33.0265  1026.2915    26.2759    227.895    218.431  325.42611     70.030     67.208     0.1575     0.5971     3.8413     0.8177 7.4050e+01        126     0.0868  0.000e+00
      3.350   64.67196 -170.64178      3.383     3.2524     3.3035     3.2522    33.0128    33.0258  1026.2924    26.2766    227.867    218.196  325.42488     70.022     67.140     0.1587     0.6044     3.8413     0.8177 7.4050e+01        127     0.0875  0.000e+00
      3.296   64.67196 -170.64178      3.328     3.2516     3.3065     3.2514    33.0153    33.0245  1026.2942    26.2786    228.053    218.124  325.42569     70.078     67.122     0.1575     0.5971     3.8413     0.8177 7.4050e+01        128     0.0882  0.000e+00
      3.296   64.67196 -170.64178      3.328     3.2530     3.3088     3.2528    33.0157    33.0231  1026.2944    26.2788    228.047    218.057  325.41304     70.079     67.105     0.1587     0.6044     3.8413     0.8177 7.3634e+01        129     0.0889  0.000e+00
      3.296   64.67196 -170.64178      3.328     3.2560     3.3104     3.2558    33.0147    33.0209  1026.2934    26.2778    227.854    217.994  325.39163     70.024     67.087     0.1575     0.5971     3.8413     0.8177 7.3427e+01        130     0.0896  0.000e+00
      3.326   64.67196 -170.64178      3.359     3.2587     3.3108     3.2585    33.0138    33.0202  1026.2925    26.2767    227.810    217.957  325.37232     70.015     67.076     0.1587     0.6044     3.8413     0.8177 7.3634e+01        131     0.0903  0.000e+00
      3.296   64.67196 -170.64178      3.328     3.2607     3.3086     3.2605    33.0146    33.0218  1026.2928    26.2772    227.800    217.929  325.35414     70.016     67.064     0.1575     0.5971     3.8413     0.8177 7.3221e+01        132     0.0910  0.000e+00
      3.350   64.67196 -170.64178      3.383     3.2622     3.3071     3.2620    33.0184    33.0230  1026.2960    26.2801    227.758    217.899  325.33321     70.007     67.054     0.1587     0.6044     3.8413     0.8177 7.3221e+01        133     0.0917  0.000e+00
      3.350   64.67196 -170.64178      3.383     3.2703     3.3062     3.2701    33.0147    33.0244  1026.2923    26.2764    227.898    217.864  325.27767     70.063     67.042     0.1575     0.5971     3.8413     0.8177 7.3015e+01        134     0.0924  0.000e+00
      3.296   64.67196 -170.64178      3.328     3.2797     3.3071     3.2795    33.0094    33.0241  1026.2870    26.2714    227.636    217.625  325.21578     69.995     66.970     0.1575     0.5971     3.8413     0.8177 7.2605e+01        135     0.0931  0.000e+00
      3.350   64.67196 -170.64178      3.383     3.2889     3.3069     3.2887    33.0043    33.0239  1026.2823    26.2664    227.558    217.566  325.15444     69.985     66.951     0.1575     0.5971     3.8400     0.8190 7.2197e+01        136     0.0938  0.000e+00
      3.296   64.67196 -170.64178      3.328     3.3043     3.3076     3.3041    32.9912    33.0224  1026.2702    26.2546    227.452    217.501  325.06418     69.972     66.931     0.1575     0.5971     3.8400     0.8190 7.1994e+01        137     0.0944  0.000e+00
      3.350   64.67196 -170.64178      3.383     3.3145     3.3085     3.3143    32.9813    33.0212  1026.2616    26.2458    227.590    217.460  325.00710     70.026     66.920     0.1587     0.6044     3.8388     0.8202 7.1590e+01        138     0.0951  0.000e+00
      3.350   64.67196 -170.64178      3.383     3.3084     3.3079     3.3082    32.9858    33.0218  1026.2658    26.2499    227.411    217.424  325.04482     69.963     66.908     0.1587     0.6044     3.8388     0.8202 7.1188e+01        139     0.0958  0.000e+00
      3.350   64.67196 -170.64178      3.383     3.2921     3.3074     3.2919    33.0009    33.0220  1026.2793    26.2635    227.670    217.367  325.13717     70.023     66.890     0.1587     0.6044     3.8388     0.8202 7.0987e+01        140     0.0965  0.000e+00
      3.350   64.67196 -170.64178      3.383     3.2791     3.3087     3.2789    33.0126    33.0214  1026.2898    26.2740    227.556    217.300  325.21250     69.971     66.871     0.1587     0.6044     3.8388     0.8202 7.0589e+01        141     0.0972  0.000e+00
      3.350   64.67196 -170.64178      3.383     3.2711     3.3074     3.2709    33.0186    33.0227  1026.2953    26.2795    227.600    217.268  325.26127     69.975     66.860     0.1587     0.6044     3.8388     0.8202 6.9995e+01        142     0.0979  0.000e+00
      3.350   64.67196 -170.64178      3.383     3.2756     3.3071     3.2754    33.0119    33.0234  1026.2896    26.2737    227.554    217.232  325.24197     69.964     66.848     0.1575     0.5971     3.8388     0.8202 6.9798e+01        143     0.0986  0.000e+00
      3.296   64.67196 -170.64178      3.328     3.2767     3.3060     3.2765    33.0081    33.0239  1026.2862    26.2706    227.950    217.201  325.24273     70.086     66.837     0.1587     0.6044     3.8388     0.8202 6.9406e+01        144     0.0993  0.000e+00
      3.411   64.67196 -170.64178      3.445     3.2719     3.3049     3.2717    33.0103    33.0240  1026.2889    26.2728    227.801    217.176  325.27538     70.033     66.828     0.1575     0.5971     3.8388     0.8202 6.8822e+01        145     0.1000  0.000e+00
      3.350   64.67196 -170.64178      3.383     3.2673     3.3047     3.2671    33.0135    33.0235  1026.2916    26.2758    227.645    217.142  325.30433     69.979     66.817     0.1587     0.6044     3.8388     0.8202 6.8436e+01        146     0.1007  0.000e+00
      3.350   64.67196 -170.64178      3.383     3.2645     3.3049     3.2643    33.0154    33.0226  1026.2934    26.2776    227.626    217.110  325.32177     69.970     66.807     0.1600     0.6117     3.8388     0.8202 6.8243e+01        147     0.1014  0.000e+00
      3.411   64.67196 -170.64178      3.445     3.2636     3.3047     3.2634    33.0155    33.0223  1026.2938    26.2777    227.602    217.081  325.32929     69.960     66.798     0.1636     0.6337     3.8388     0.8202 6.7669e+01        148     0.1021  0.000e+00
      3.350   64.67196 -170.64178      3.383     3.2644     3.3049     3.2642    33.0151    33.0214  1026.2932    26.2773    227.812    217.049  325.32384     70.026     66.787     0.1636     0.6337     3.8388     0.8202 6.7479e+01        149     0.1028  0.000e+00
      3.411   64.67196 -170.64178      3.445     3.2649     3.3040     3.2646    33.0146    33.0213  1026.2930    26.2768    227.635    217.027  325.32130     69.972     66.779     0.1648     0.6410     3.8388     0.8202 6.7289e+01        150     0.1035  0.000e+00
      3.326   64.67196 -170.64178      3.359     3.2645     3.3016     3.2643    33.0153    33.0230  1026.2932    26.2775    227.851    216.815  325.32204     70.039     66.711     0.1648     0.6410     3.8388     0.8202 6.6723e+01        151     0.1042  0.000e+00
      3.411   64.67196 -170.64178      3.445     3.2656     3.2978     3.2654    33.0137    33.0259  1026.2922    26.2761    227.639    216.786  325.31752     69.974     66.697     0.1636     0.6337     3.8388     0.8202 6.6348e+01        152     0.1049  0.000e+00
      3.411   64.67196 -170.64178      3.445     3.2669     3.2968     3.2667    33.0120    33.0256  1026.2907    26.2746    227.816    216.745  325.31161     70.030     66.683     0.1648     0.6410     3.8388     0.8202 6.6161e+01        153     0.1056  0.000e+00
      3.411   64.67196 -170.64178      3.445     3.2674     3.2969     3.2672    33.0112    33.0242  1026.2900    26.2739    227.637    216.724  325.30969     69.976     66.676     0.1636     0.6337     3.8400     0.8190 6.5605e+01        154     0.1063  0.000e+00
      3.350   64.67196 -170.64178      3.383     3.2669     3.2959     3.2667    33.0114    33.0242  1026.2900    26.2741    227.821    216.708  325.31292     70.031     66.669     0.1648     0.6410     3.8388     0.8202 6.5420e+01        155     0.1069  0.000e+00
      3.411   64.67196 -170.64178      3.445     3.2660     3.2953     3.2658    33.0118    33.0242  1026.2907    26.2745    227.686    216.696  325.31925     69.989     66.664     0.1636     0.6337     3.8425     0.8164 6.5236e+01        156     0.1076  0.000e+00
      3.411   64.67196 -170.64178      3.445     3.2650     3.2942     3.2648    33.0127    33.0244  1026.2914    26.2753    227.661    216.688  325.32480     69.980     66.660     0.1648     0.6410     3.8535     0.8050 6.4687e+01        157     0.1083  0.000e+00
      3.411   64.67196 -170.64178      3.445     3.2642     3.2926     3.2640    33.0141    33.0248  1026.2927    26.2765    227.883    216.876  325.32758     70.047     66.716     0.1636     0.6337     3.8584     0.7999 6.4143e+01        158     0.1090  0.000e+00
      3.411   64.67196 -170.64178      3.445     3.2649     3.2922     3.2646    33.0152    33.0250  1026.2935    26.2773    227.703    216.890  325.31981     69.994     66.719     0.1636     0.6337     3.8584     0.7999 6.4143e+01        159     0.1097  0.000e+00
      3.411   64.67196 -170.64178      3.445     3.2688     3.2916     3.2686    33.0128    33.0249  1026.2912    26.2750    227.689    216.907  325.29426     69.995     66.724     0.1636     0.6337     3.8571     0.8012 6.3962e+01        160     0.1104  0.000e+00
      3.411   64.67196 -170.64178      3.445     3.2695     3.2911     3.2693    33.0137    33.0241  1026.2918    26.2757    227.905    216.927  325.28610     70.063     66.729     0.1636     0.6337     3.8571     0.8012 6.3603e+01        161     0.1111  0.000e+00
      3.411   64.67196 -170.64178      3.445     3.2680     3.2907     3.2678    33.0165    33.0242  1026.2943    26.2781    227.703    216.946  325.29137     70.000     66.734     0.1636     0.6337     3.8571     0.8012 6.3603e+01        162     0.1118  0.000e+00
      3.411   64.67196 -170.64178      3.445     3.2683     3.2911     3.2681    33.0177    33.0237  1026.2951    26.2790    227.886    216.773  325.28643     70.057     66.681     0.1636     0.6337     3.8584     0.7999 6.3962e+01        163     0.1125  0.000e+00
      3.465   64.67196 -170.64178      3.499     3.2686     3.2909     3.2684    33.0185    33.0239  1026.2960    26.2796    227.676    216.966  325.28148     69.994     66.740     0.1648     0.6410     3.8571     0.8012 6.4324e+01        164     0.1132  0.000e+00
      3.411   64.67196 -170.64178      3.445     3.2691     3.2913     3.2689    33.0190    33.0241  1026.2961    26.2799    227.678    216.986  325.27650     69.995     66.747     0.1636     0.6337     3.8571     0.8012 6.4324e+01        165     0.1139  0.000e+00
      3.465   64.67196 -170.64178      3.499     3.2709     3.2915     3.2707    33.0175    33.0234  1026.2950    26.2786    227.893    217.036  325.26557     70.064     66.762     0.1648     0.6410     3.8571     0.8012 6.4687e+01        166     0.1146  0.000e+00
      3.411   64.67196 -170.64178      3.445     3.2718     3.2913     3.2716    33.0159    33.0238  1026.2934    26.2772    227.682    217.063  325.26283     69.999     66.771     0.1636     0.6337     3.8571     0.8012 6.5420e+01        167     0.1153  0.000e+00
      3.465   64.67196 -170.64178      3.499     3.2729     3.2920     3.2727    33.0140    33.0236  1026.2920    26.2756    227.688    217.091  325.25857     70.002     66.780     0.1648     0.6410     3.8571     0.8012 6.5605e+01        168     0.1160  0.000e+00
      3.465   64.67196 -170.64178      3.499     3.2734     3.2945     3.2732    33.0129    33.0218  1026.2911    26.2747    227.696    217.111  325.25695     70.005     66.790     0.1636     0.6337     3.8571     0.8012 6.5790e+01        169     0.1167  0.000e+00
      3.350   64.67196 -170.64178      3.383     3.2746     3.2962     3.2744    33.0124    33.0212  1026.2901    26.2743    227.662    217.132  325.24869     69.996     66.799     0.1636     0.6337     3.8571     0.8012 6.6723e+01        170     0.1174  0.000e+00
      3.558   64.67196 -170.64178      3.593     3.2759     3.2964     3.2757    33.0107    33.0213  1026.2896    26.2727    227.639    217.364  325.24287     69.991     66.870     0.1636     0.6337     3.8571     0.8012 6.6911e+01        171     0.1181  0.000e+00
      3.411   64.67196 -170.64178      3.445     3.2764     3.2958     3.2762    33.0104    33.0225  1026.2886    26.2725    227.822    217.228  325.23927     70.047     66.828     0.1648     0.6410     3.8571     0.8012 6.7100e+01        172     0.1187  0.000e+00
      3.465   64.67196 -170.64178      3.499     3.2743     3.2953     3.2741    33.0125    33.0234  1026.2907    26.2743    227.877    217.484  325.25119     70.062     66.906     0.1673     0.6557     3.8571     0.8012 6.7860e+01        173     0.1194  0.000e+00
      3.465   64.67196 -170.64178      3.499     3.2709     3.2955     3.2707    33.0163    33.0233  1026.2940    26.2776    227.900    217.545  325.26865     70.065     66.926     0.1697     0.6703     3.8571     0.8012 6.8243e+01        174     0.1201  0.000e+00
      3.465   64.67196 -170.64178      3.499     3.2707     3.2964     3.2705    33.0171    33.0219  1026.2947    26.2784    227.694    217.414  325.26862     70.002     66.886     0.1685     0.6630     3.8571     0.8012 6.8243e+01        175     0.1208  0.000e+00
      3.465   64.67196 -170.64178      3.499     3.2713     3.2966     3.2711    33.0169    33.0216  1026.2945    26.2781    227.022    217.624  325.26423     69.796     66.951     0.1697     0.6703     3.8559     0.8024 6.9016e+01        176     0.1215  0.000e+00
      3.465   64.67196 -170.64178      3.499     3.2739     3.2967     3.2737    33.0143    33.0213  1026.2922    26.2758    227.776    217.666  325.24975     70.031     66.964     0.1697     0.6703     3.8486     0.8101 6.9211e+01        177     0.1222  0.000e+00
      3.411   64.67196 -170.64178      3.445     3.2772     3.2958     3.2770    33.0103    33.0218  1026.2884    26.2723    227.807    217.711  325.23360     70.044     66.976     0.1685     0.6630     3.8449     0.8139 6.9406e+01        178     0.1229  0.000e+00
      3.465   64.67196 -170.64178      3.499     3.2781     3.2948     3.2779    33.0077    33.0222  1026.2866    26.2702    227.819    217.760  325.23220     70.048     66.990     0.1697     0.6703     3.8449     0.8139 6.9798e+01        179     0.1236  0.000e+00
      3.465   64.67196 -170.64178      3.499     3.2773     3.2941     3.2771    33.0077    33.0225  1026.2866    26.2702    227.834    217.806  325.23866     70.051     67.003     0.1685     0.6630     3.8449     0.8139 7.0192e+01        180     0.1243  0.000e+00
      3.465   64.67196 -170.64178      3.499     3.2731     3.2930     3.2729    33.0093    33.0232  1026.2883    26.2719    227.866    217.853  325.26873     70.055     67.016     0.1697     0.6703     3.8449     0.8139 7.0192e+01        181     0.1250  0.000e+00
