EcoFOCI/data/1_SampleCollection/2023_SikuliaqDBO_CruiseData/CTD_raw_BottleFile_SKQ23-12S/proc/skq202312s_036svp.cnv
* Sea-Bird SBE 9 Data File:
* FileName = D:\CTD\SKQ202312S\SKQ202312S_036.hex
* Software Version Seasave V 7.26.7.121
* Temperature SN = 6177
* Conductivity SN = 0369
* Number of Bytes Per Scan = 41
* Number of Voltage Words = 4
* Number of Scans Averaged by the Deck Unit = 1
* NMEA Latitude = 72 27.93 N
* NMEA Longitude = 156 32.77 W
* NMEA UTC (Time) = Sep 22 2023  14:08:00
* NMEA baud rate = 4800
** Ship: R/V Sikuliaq
** Station Number: 036
** Station Name: CK9
** Bottom Depth: 990
** Operator: SD
# nquan = 7
# nvalues = 32773                                 
# units = specified
# name 0 = depSM: Depth [salt water, m]
# name 1 = latitude: Latitude [deg]
# name 2 = longitude: Longitude [deg]
# name 3 = t090C: Temperature [ITS-90, deg C]
# name 4 = sal00: Salinity, Practical [PSU]
# name 5 = svCM: Sound Velocity [Chen-Millero, m/s]
# name 6 = flag:  0.000e+00
# span 0 =      2.365,    980.988                 
# span 1 =   72.46518,   72.46554                 
# span 2 = -156.54650, -156.54608                 
# span 3 =    -1.6685,     3.6149                 
# span 4 =    27.5609,    34.8604                 
# span 5 =    1440.28,    1466.51                 
# span 6 = 0.0000e+00, 0.0000e+00                 
# interval = seconds: 0.0416667
# start_time = Sep 22 2023 14:11:59 [NMEA time, first data scan]
# bad_flag = -9.990e-29
*END*
[from data line 23385]
    772.243   72.46526 -156.54636     0.5288    34.8533    1464.15  0.000e+00
    772.306   72.46526 -156.54636     0.5284    34.8534    1464.15  0.000e+00
    772.306   72.46526 -156.54636     0.5279    34.8537    1464.15  0.000e+00
    772.360   72.46526 -156.54636     0.5278    34.8532    1464.15  0.000e+00
    772.422   72.46526 -156.54636     0.5275    34.8535    1464.15  0.000e+00
    772.368   72.46526 -156.54636     0.5275    34.8538    1464.15  0.000e+00
    772.422   72.46526 -156.54636     0.5274    34.8538    1464.15  0.000e+00
    772.477   72.46526 -156.54636     0.5270    34.8537    1464.15  0.000e+00
    772.477   72.46526 -156.54636     0.5268    34.8540    1464.15  0.000e+00
    772.477   72.46526 -156.54636     0.5270    34.8541    1464.15  0.000e+00
    772.602   72.46526 -156.54636     0.5270    34.8538    1464.15  0.000e+00
    772.539   72.46526 -156.54636     0.5268    34.8536    1464.15  0.000e+00
    772.656   72.46526 -156.54636     0.5268    34.8536    1464.15  0.000e+00
    772.602   72.46526 -156.54636     0.5267    34.8538    1464.15  0.000e+00
    772.656   72.46526 -156.54636     0.5268    34.8539    1464.15  0.000e+00
    772.719   72.46526 -156.54636     0.5266    34.8540    1464.15  0.000e+00
    772.719   72.46526 -156.54636     0.5267    34.8537    1464.15  0.000e+00
    772.773   72.46526 -156.54636     0.5266    34.8539    1464.15  0.000e+00
    772.773   72.46526 -156.54636     0.5268    34.8541    1464.16  0.000e+00
    772.835   72.46526 -156.54636     0.5267    34.8540    1464.16  0.000e+00
    772.835   72.46526 -156.54636     0.5267    34.8538    1464.16  0.000e+00
    772.898   72.46526 -156.54636     0.5268    34.8537    1464.16  0.000e+00
    772.952   72.46526 -156.54636     0.5268    34.8535    1464.16  0.000e+00
    772.952   72.46526 -156.54636     0.5267    34.8539    1464.16  0.000e+00
    772.952   72.46526 -156.54636     0.5268    34.8538    1464.16  0.000e+00
    773.007   72.46526 -156.54636     0.5267    34.8538    1464.16  0.000e+00
    773.069   72.46526 -156.54636     0.5267    34.8537    1464.16  0.000e+00
    773.069   72.46526 -156.54636     0.5267    34.8538    1464.16  0.000e+00
    773.124   72.46526 -156.54636     0.5267    34.8538    1464.16  0.000e+00
    773.186   72.46526 -156.54636     0.5267    34.8536    1464.16  0.000e+00
    773.186   72.46526 -156.54636     0.5268    34.8538    1464.16  0.000e+00
    773.186   72.46526 -156.54636     0.5267    34.8540    1464.16  0.000e+00
    773.303   72.46526 -156.54636     0.5268    34.8537    1464.16  0.000e+00
    773.303   72.46526 -156.54636     0.5267    34.8539    1464.16  0.000e+00
    773.303   72.46526 -156.54636     0.5268    34.8536    1464.16  0.000e+00
    773.420   72.46526 -156.54636     0.5268    34.8535    1464.17  0.000e+00
    773.420   72.46526 -156.54636     0.5268    34.8543    1464.17  0.000e+00
    773.420   72.46528 -156.54636     0.5268    34.8540    1464.17  0.000e+00
    773.474   72.46528 -156.54636     0.5268    34.8537    1464.17  0.000e+00
    773.537   72.46528 -156.54636     0.5268    34.8538    1464.17  0.000e+00
    773.537   72.46528 -156.54636     0.5266    34.8538    1464.17  0.000e+00
    773.653   72.46528 -156.54636     0.5264    34.8536    1464.17  0.000e+00
    773.599   72.46528 -156.54636     0.5266    34.8539    1464.17  0.000e+00
    773.708   72.46528 -156.54636     0.5265    34.8538    1464.17  0.000e+00
    773.708   72.46528 -156.54636     0.5260    34.8542    1464.17  0.000e+00
    773.770   72.46528 -156.54636     0.5266    34.8535    1464.17  0.000e+00
    773.825   72.46528 -156.54636     0.5262    34.8539    1464.17  0.000e+00
    773.833   72.46528 -156.54636     0.5264    34.8535    1464.17  0.000e+00
    773.887   72.46528 -156.54636     0.5264    34.8537    1464.17  0.000e+00
    773.942   72.46528 -156.54636     0.5263    34.8537    1464.17  0.000e+00
    773.942   72.46528 -156.54636     0.5264    34.8537    1464.17  0.000e+00
    774.004   72.46528 -156.54636     0.5262    34.8542    1464.17  0.000e+00
    774.066   72.46528 -156.54636     0.5262    34.8537    1464.17  0.000e+00
    774.121   72.46528 -156.54636     0.5262    34.8535    1464.17  0.000e+00
    774.121   72.46528 -156.54636     0.5262    34.8538    1464.18  0.000e+00
    774.238   72.46528 -156.54636     0.5260    34.8539    1464.18  0.000e+00
    774.238   72.46528 -156.54636     0.5260    34.8534    1464.18  0.000e+00
    774.238   72.46528 -156.54636     0.5260    34.8536    1464.18  0.000e+00
    774.355   72.46528 -156.54636     0.5260    34.8538    1464.18  0.000e+00
    774.355   72.46528 -156.54636     0.5260    34.8538    1464.18  0.000e+00
    774.409   72.46528 -156.54636     0.5262    34.8535    1464.18  0.000e+00
    774.471   72.46528 -156.54636     0.5259    34.8536    1464.18  0.000e+00
    774.471   72.46528 -156.54636     0.5259    34.8538    1464.18  0.000e+00
    774.588   72.46528 -156.54636     0.5259    34.8532    1464.18  0.000e+00
    774.588   72.46528 -156.54636     0.5260    34.8532    1464.18  0.000e+00
    774.643   72.46528 -156.54636     0.5259    34.8537    1464.18  0.000e+00
    774.651   72.46528 -156.54636     0.5258    34.8535    1464.18  0.000e+00
    774.760   72.46528 -156.54636     0.5259    34.8532    1464.18  0.000e+00
    774.760   72.46528 -156.54636     0.5255    34.8533    1464.18  0.000e+00
    774.822   72.46528 -156.54636     0.5254    34.8535    1464.18  0.000e+00
    774.884   72.46528 -156.54636     0.5252    34.8538    1464.18  0.000e+00
    774.876   72.46528 -156.54636     0.5252    34.8536    1464.18  0.000e+00
    774.993   72.46528 -156.54636     0.5253    34.8536    1464.19  0.000e+00
    774.993   72.46528 -156.54636     0.5253    34.8535    1464.19  0.000e+00
    775.056   72.46528 -156.54636     0.5251    34.8540    1464.19  0.000e+00
    775.056   72.46528 -156.54636     0.5250    34.8540    1464.19  0.000e+00
    775.172   72.46528 -156.54636     0.5250    34.8538    1464.19  0.000e+00
    775.172   72.46528 -156.54636     0.5250    34.8536    1464.19  0.000e+00
    775.289   72.46528 -156.54636     0.5248    34.8535    1464.19  0.000e+00
    775.235   72.46528 -156.54636     0.5248    34.8540    1464.19  0.000e+00
    775.352   72.46528 -156.54636     0.5250    34.8538    1464.19  0.000e+00
    775.352   72.46528 -156.54636     0.5249    34.8536    1464.19  0.000e+00
    775.406   72.46528 -156.54636     0.5247    34.8537    1464.19  0.000e+00
    775.468   72.46528 -156.54636     0.5248    34.8536    1464.19  0.000e+00
    775.523   72.46528 -156.54636     0.5247    34.8538    1464.19  0.000e+00
    775.585   72.46528 -156.54636     0.5245    34.8537    1464.19  0.000e+00
    775.585   72.46528 -156.54636     0.5248    34.8535    1464.19  0.000e+00
    775.640   72.46528 -156.54636     0.5245    34.8534    1464.19  0.000e+00
    775.702   72.46528 -156.54636     0.5247    34.8534    1464.19  0.000e+00
    775.702   72.46528 -156.54636     0.5245    34.8535    1464.19  0.000e+00
    775.819   72.46528 -156.54636     0.5240    34.8540    1464.19  0.000e+00
    775.819   72.46528 -156.54636     0.5244    34.8534    1464.19  0.000e+00
    775.819   72.46528 -156.54636     0.5244    34.8538    1464.20  0.000e+00
    775.936   72.46528 -156.54636     0.5242    34.8541    1464.20  0.000e+00
    775.990   72.46528 -156.54636     0.5242    34.8538    1464.20  0.000e+00
    775.936   72.46528 -156.54636     0.5245    34.8537    1464.20  0.000e+00
    776.053   72.46528 -156.54636     0.5245    34.8534    1464.20  0.000e+00
    776.053   72.46528 -156.54636     0.5240    34.8536    1464.20  0.000e+00
    776.107   72.46528 -156.54636     0.5240    34.8538    1464.20  0.000e+00
    776.170   72.46528 -156.54636     0.5239    34.8532    1464.20  0.000e+00
    776.224   72.46528 -156.54636     0.5239    34.8535    1464.20  0.000e+00
    776.224   72.46528 -156.54636     0.5236    34.8543    1464.20  0.000e+00
    776.286   72.46528 -156.54636     0.5236    34.8535    1464.20  0.000e+00
    776.286   72.46528 -156.54636     0.5234    34.8535    1464.20  0.000e+00
    776.403   72.46528 -156.54636     0.5234    34.8535    1464.20  0.000e+00
    776.403   72.46528 -156.54636     0.5233    34.8539    1464.20  0.000e+00
    776.403   72.46528 -156.54636     0.5231    34.8536    1464.20  0.000e+00
    776.466   72.46528 -156.54636     0.5232    34.8537    1464.20  0.000e+00
    776.575   72.46528 -156.54636     0.5230    34.8538    1464.20  0.000e+00
    776.520   72.46528 -156.54636     0.5230    34.8538    1464.20  0.000e+00
    776.575   72.46528 -156.54636     0.5233    34.8540    1464.20  0.000e+00
    776.637   72.46528 -156.54636     0.5234    34.8538    1464.20  0.000e+00
    776.691   72.46528 -156.54636     0.5233    34.8538    1464.20  0.000e+00
    776.754   72.46528 -156.54636     0.5234    34.8535    1464.21  0.000e+00
    776.692   72.46528 -156.54636     0.5234    34.8539    1464.21  0.000e+00
    776.816   72.46528 -156.54636     0.5232    34.8537    1464.21  0.000e+00
    776.808   72.46528 -156.54636     0.5233    34.8534    1464.21  0.000e+00
    776.871   72.46528 -156.54636     0.5232    34.8536    1464.21  0.000e+00
    776.925   72.46528 -156.54636     0.5232    34.8535    1464.21  0.000e+00
    776.933   72.46528 -156.54636     0.5230    34.8538    1464.21  0.000e+00
    776.988   72.46528 -156.54636     0.5231    34.8539    1464.21  0.000e+00
    776.988   72.46528 -156.54636     0.5233    34.8536    1464.21  0.000e+00
    777.050   72.46528 -156.54636     0.5234    34.8531    1464.21  0.000e+00
    777.104   72.46528 -156.54636     0.5233    34.8537    1464.21  0.000e+00
    777.159   72.46528 -156.54636     0.5233    34.8541    1464.21  0.000e+00
    777.159   72.46528 -156.54636     0.5234    34.8537    1464.21  0.000e+00
    777.167   72.46528 -156.54636     0.5234    34.8537    1464.21  0.000e+00
    777.276   72.46528 -156.54636     0.5234    34.8540    1464.22  0.000e+00
    777.276   72.46528 -156.54636     0.5234    34.8534    1464.21  0.000e+00
    777.338   72.46528 -156.54636     0.5234    34.8536    1464.22  0.000e+00
    777.400   72.46528 -156.54636     0.5234    34.8536    1464.22  0.000e+00
    777.393   72.46528 -156.54636     0.5236    34.8536    1464.22  0.000e+00
    777.455   72.46528 -156.54636     0.5236    34.8533    1464.22  0.000e+00
    777.455   72.46526 -156.54636     0.5234    34.8535    1464.22  0.000e+00
    777.572   72.46526 -156.54636     0.5233    34.8536    1464.22  0.000e+00
    777.510   72.46526 -156.54636     0.5232    34.8537    1464.22  0.000e+00
    777.634   72.46526 -156.54636     0.5232    34.8535    1464.22  0.000e+00
    777.689   72.46526 -156.54636     0.5230    34.8538    1464.22  0.000e+00
    777.689   72.46526 -156.54636     0.5232    34.8536    1464.22  0.000e+00
    777.689   72.46526 -156.54636     0.5231    34.8538    1464.22  0.000e+00
    777.806   72.46526 -156.54636     0.5232    34.8538    1464.22  0.000e+00
    777.806   72.46526 -156.54636     0.5233    34.8537    1464.22  0.000e+00
    777.868   72.46526 -156.54636     0.5230    34.8539    1464.22  0.000e+00
    777.922   72.46526 -156.54636     0.5230    34.8539    1464.22  0.000e+00
    777.922   72.46526 -156.54636     0.5232    34.8538    1464.22  0.000e+00
    777.985   72.46526 -156.54636     0.5232    34.8534    1464.23  0.000e+00
    778.039   72.46526 -156.54636     0.5229    34.8536    1464.23  0.000e+00
    778.102   72.46526 -156.54636     0.5230    34.8538    1464.23  0.000e+00
    778.156   72.46526 -156.54636     0.5228    34.8539    1464.23  0.000e+00
    778.156   72.46526 -156.54636     0.5230    34.8535    1464.23  0.000e+00
    778.102   72.46526 -156.54636     0.5228    34.8542    1464.23  0.000e+00
    778.335   72.46526 -156.54636     0.5230    34.8536    1464.23  0.000e+00
    778.335   72.46526 -156.54636     0.5228    34.8535    1464.23  0.000e+00
    778.335   72.46526 -156.54636     0.5228    34.8538    1464.23  0.000e+00
    778.390   72.46526 -156.54636     0.5230    34.8534    1464.23  0.000e+00
    778.507   72.46526 -156.54636     0.5228    34.8536    1464.23  0.000e+00
    778.507   72.46526 -156.54636     0.5227    34.8537    1464.23  0.000e+00
    778.507   72.46528 -156.54636     0.5228    34.8537    1464.23  0.000e+00
    778.569   72.46528 -156.54636     0.5230    34.8537    1464.23  0.000e+00
    778.623   72.46528 -156.54636     0.5228    34.8540    1464.24  0.000e+00
    778.686   72.46528 -156.54636     0.5230    34.8534    1464.24  0.000e+00
    778.803   72.46528 -156.54636     0.5230    34.8537    1464.24  0.000e+00
    778.740   72.46528 -156.54636     0.5230    34.8538    1464.24  0.000e+00
    778.857   72.46528 -156.54636     0.5228    34.8539    1464.24  0.000e+00
    778.857   72.46528 -156.54636     0.5230    34.8538    1464.24  0.000e+00
    778.974   72.46528 -156.54636     0.5228    34.8539    1464.24  0.000e+00
    778.974   72.46528 -156.54636     0.5229    34.8535    1464.24  0.000e+00
    778.974   72.46528 -156.54636     0.5228    34.8536    1464.24  0.000e+00
    779.153   72.46528 -156.54636     0.5228    34.8535    1464.24  0.000e+00
    779.091   72.46528 -156.54636     0.5228    34.8532    1464.24  0.000e+00
    779.208   72.46528 -156.54636     0.5225    34.8537    1464.24  0.000e+00
    779.208   72.46528 -156.54636     0.5228    34.8537    1464.24  0.000e+00
    779.325   72.46528 -156.54636     0.5227    34.8534    1464.25  0.000e+00
    779.325   72.46528 -156.54636     0.5223    34.8536    1464.24  0.000e+00
    779.387   72.46528 -156.54636     0.5222    34.8538    1464.25  0.000e+00
    779.441   72.46528 -156.54636     0.5224    34.8532    1464.25  0.000e+00
    779.504   72.46528 -156.54636     0.5224    34.8536    1464.25  0.000e+00
    779.558   72.46528 -156.54636     0.5224    34.8536    1464.25  0.000e+00
    779.621   72.46528 -156.54636     0.5224    34.8534    1464.25  0.000e+00
    779.621   72.46528 -156.54636     0.5222    34.8538    1464.25  0.000e+00
    779.737   72.46528 -156.54636     0.5224    34.8535    1464.25  0.000e+00
    779.737   72.46528 -156.54636     0.5222    34.8538    1464.25  0.000e+00
    779.792   72.46528 -156.54636     0.5220    34.8537    1464.25  0.000e+00
    779.854   72.46528 -156.54636     0.5220    34.8535    1464.25  0.000e+00
    779.917   72.46528 -156.54636     0.5222    34.8536    1464.25  0.000e+00
    779.917   72.46528 -156.54636     0.5220    34.8539    1464.25  0.000e+00
    780.088   72.46528 -156.54636     0.5220    34.8539    1464.26  0.000e+00
    780.033   72.46528 -156.54636     0.5222    34.8536    1464.26  0.000e+00
    780.033   72.46528 -156.54636     0.5220    34.8536    1464.25  0.000e+00
    780.259   72.46528 -156.54636     0.5222    34.8535    1464.26  0.000e+00
    780.205   72.46528 -156.54636     0.5220    34.8535    1464.26  0.000e+00
    780.259   72.46528 -156.54636     0.5218    34.8539    1464.26  0.000e+00
    780.322   72.46528 -156.54636     0.5218    34.8534    1464.26  0.000e+00
    780.322   72.46528 -156.54636     0.5216    34.8541    1464.26  0.000e+00
    780.376   72.46528 -156.54636     0.5218    34.8535    1464.26  0.000e+00
    780.501   72.46528 -156.54636     0.5218    34.8535    1464.26  0.000e+00
    780.501   72.46528 -156.54636     0.5218    34.8539    1464.26  0.000e+00
    780.555   72.46528 -156.54636     0.5218    34.8538    1464.26  0.000e+00
    780.618   72.46528 -156.54636     0.5218    34.8535    1464.26  0.000e+00
    780.618   72.46528 -156.54636     0.5218    34.8536    1464.26  0.000e+00
    780.734   72.46528 -156.54636     0.5219    34.8536    1464.27  0.000e+00
    780.735   72.46528 -156.54636     0.5218    34.8537    1464.27  0.000e+00
    780.789   72.46528 -156.54636     0.5219    34.8537    1464.27  0.000e+00
    780.789   72.46528 -156.54636     0.5216    34.8539    1464.27  0.000e+00
