EcoFOCI/data/1_SampleCollection/2023_SikuliaqDBO_CruiseData/CTD_raw_BottleFile_SKQ23-12S/proc/skq202312s_031svpavg.cnv
* Sea-Bird SBE 9 Data File:
* FileName = D:\CTD\SKQ202312S\SKQ202312S_031.hex
* Software Version Seasave V 7.26.7.121
* Temperature SN = 6177
* Conductivity SN = 0369
* Number of Bytes Per Scan = 41
* Number of Voltage Words = 4
* Number of Scans Averaged by the Deck Unit = 1
* NMEA Latitude = 71 29.95 N
* NMEA Longitude = 157 40.36 W
* NMEA UTC (Time) = Sep 21 2023  09:49:17
* NMEA baud rate = 4800
** Ship: R/V Sikuliaq
** Station Number: 031
** Station Name: DBO5.7
** Bottom Depth: 81
** Operator: SS
# nquan = 7
# nvalues = 74                          
# units = specified
# name 0 = depSM: Depth [salt water, m]
# name 1 = latitude: Latitude [deg]
# name 2 = longitude: Longitude [deg]
# name 3 = t090C: Temperature [ITS-90, deg C]
# name 4 = sal00: Salinity, Practical [PSU]
# name 5 = svCM: Sound Velocity [Chen-Millero, m/s]
# name 6 = flag: flag
# span 0 =      3.000,     76.000       
# span 1 =   71.49900,   71.49906       
# span 2 = -157.67370, -157.67337       
# span 3 =    -1.6841,     2.9362       
# span 4 =    29.9758,    32.8928       
# span 5 =    1439.06,    1456.03       
# span 6 = 0.0000e+00, 0.0000e+00       
# interval = meters: 1                  
# start_time = Sep 21 2023 09:54:09 [NMEA time, first data scan]
# bad_flag = -9.990e-29
*END*
      3.000   71.49906 -157.67340     2.8340    30.0183    1455.27 0.0000e+00
      4.000   71.49906 -157.67340     2.8679    29.9986    1455.41 0.0000e+00
      5.000   71.49906 -157.67340     2.8796    29.9927    1455.47 0.0000e+00
      6.000   71.49905 -157.67338     2.9092    29.9758    1455.59 0.0000e+00
      7.000   71.49906 -157.67338     2.9274    29.9805    1455.69 0.0000e+00
      8.000   71.49904 -157.67339     2.9249    29.9787    1455.70 0.0000e+00
      9.000   71.49904 -157.67337     2.9266    29.9799    1455.72 0.0000e+00
     10.000   71.49904 -157.67338     2.9242    29.9789    1455.73 0.0000e+00
     11.000   71.49904 -157.67337     2.9296    29.9823    1455.77 0.0000e+00
     12.000   71.49904 -157.67337     2.9362    30.1472    1456.03 0.0000e+00
     13.000   71.49904 -157.67337     1.3706    31.1559    1450.45 0.0000e+00
     14.000   71.49904 -157.67337     0.2391    31.5927    1445.92 0.0000e+00
     15.000   71.49904 -157.67338    -0.3872    31.8356    1443.35 0.0000e+00
     16.000   71.49904 -157.67338    -0.5978    31.9474    1442.53 0.0000e+00
     17.000   71.49904 -157.67339    -0.9780    32.1391    1441.01 0.0000e+00
     18.000   71.49904 -157.67340    -1.0504    32.1903    1440.75 0.0000e+00
     19.000   71.49904 -157.67339    -1.1159    32.2313    1440.51 0.0000e+00
     20.000   71.49904 -157.67341    -1.2169    32.2856    1440.12 0.0000e+00
     21.000   71.49904 -157.67342    -1.1817    32.3150    1440.35 0.0000e+00
     22.000   71.49904 -157.67340    -1.2388    32.3423    1440.13 0.0000e+00
     23.000   71.49904 -157.67341    -1.2696    32.3523    1440.01 0.0000e+00
     24.000   71.49904 -157.67342    -1.3060    32.3560    1439.86 0.0000e+00
     25.000   71.49904 -157.67344    -1.3841    32.3748    1439.53 0.0000e+00
     26.000   71.49904 -157.67344    -1.4277    32.3929    1439.36 0.0000e+00
     27.000   71.49904 -157.67344    -1.4498    32.4125    1439.30 0.0000e+00
     28.000   71.49904 -157.67345    -1.5066    32.4377    1439.08 0.0000e+00
     29.000   71.49904 -157.67345    -1.4905    32.4351    1439.17 0.0000e+00
     30.000   71.49904 -157.67346    -1.4915    32.4359    1439.18 0.0000e+00
     31.000   71.49904 -157.67348    -1.5340    32.4826    1439.06 0.0000e+00
     32.000   71.49904 -157.67348    -1.5282    32.4975    1439.12 0.0000e+00
     33.000   71.49904 -157.67347    -1.5367    32.5036    1439.10 0.0000e+00
     34.000   71.49904 -157.67348    -1.5223    32.4897    1439.17 0.0000e+00
     35.000   71.49904 -157.67348    -1.5005    32.5340    1439.35 0.0000e+00
     36.000   71.49904 -157.67349    -1.4940    32.5608    1439.44 0.0000e+00
     37.000   71.49904 -157.67350    -1.5014    32.5688    1439.43 0.0000e+00
     38.000   71.49904 -157.67350    -1.5129    32.5752    1439.40 0.0000e+00
     39.000   71.49904 -157.67350    -1.5216    32.5797    1439.38 0.0000e+00
     40.000   71.49904 -157.67351    -1.5290    32.5847    1439.37 0.0000e+00
     41.000   71.49904 -157.67352    -1.5354    32.5913    1439.36 0.0000e+00
     42.000   71.49904 -157.67352    -1.5433    32.6094    1439.36 0.0000e+00
     43.000   71.49904 -157.67352    -1.5470    32.6085    1439.36 0.0000e+00
     44.000   71.49904 -157.67352    -1.5695    32.6291    1439.30 0.0000e+00
     45.000   71.49903 -157.67353    -1.6191    32.6898    1439.16 0.0000e+00
     46.000   71.49902 -157.67354    -1.6279    32.7070    1439.16 0.0000e+00
     47.000   71.49904 -157.67352    -1.6222    32.6978    1439.19 0.0000e+00
     48.000   71.49903 -157.67353    -1.6318    32.7105    1439.18 0.0000e+00
     49.000   71.49902 -157.67354    -1.6430    32.7275    1439.16 0.0000e+00
     50.000   71.49902 -157.67355    -1.6492    32.7346    1439.16 0.0000e+00
     51.000   71.49904 -157.67354    -1.6544    32.7387    1439.15 0.0000e+00
     52.000   71.49902 -157.67355    -1.6582    32.7447    1439.16 0.0000e+00
     53.000   71.49902 -157.67356    -1.6602    32.7491    1439.17 0.0000e+00
     54.000   71.49902 -157.67356    -1.6617    32.7524    1439.18 0.0000e+00
     55.000   71.49902 -157.67356    -1.6587    32.7488    1439.21 0.0000e+00
     56.000   71.49902 -157.67356    -1.6604    32.7520    1439.22 0.0000e+00
     57.000   71.49902 -157.67356    -1.6649    32.7600    1439.23 0.0000e+00
     58.000   71.49902 -157.67356    -1.6700    32.7650    1439.23 0.0000e+00
     59.000   71.49902 -157.67358    -1.6717    32.7679    1439.24 0.0000e+00
     60.000   71.49902 -157.67357    -1.6737    32.7715    1439.25 0.0000e+00
     61.000   71.49902 -157.67358    -1.6782    32.7803    1439.26 0.0000e+00
     62.000   71.49902 -157.67358    -1.6825    32.7870    1439.26 0.0000e+00
     63.000   71.49902 -157.67358    -1.6840    32.7897    1439.28 0.0000e+00
     64.000   71.49902 -157.67358    -1.6838    32.7895    1439.29 0.0000e+00
     65.000   71.49902 -157.67358    -1.6795    32.7833    1439.32 0.0000e+00
     66.000   71.49902 -157.67360    -1.6841    32.7901    1439.32 0.0000e+00
     67.000   71.49903 -157.67359    -1.6816    32.7935    1439.36 0.0000e+00
     68.000   71.49904 -157.67358    -1.6777    32.7999    1439.40 0.0000e+00
     69.000   71.49902 -157.67359    -1.6677    32.8370    1439.52 0.0000e+00
     70.000   71.49904 -157.67358    -1.6645    32.8369    1439.55 0.0000e+00
     71.000   71.49903 -157.67358    -1.6573    32.8641    1439.64 0.0000e+00
     72.000   71.49902 -157.67362    -1.6541    32.8656    1439.67 0.0000e+00
     73.000   71.49900 -157.67364    -1.6508    32.8848    1439.73 0.0000e+00
     74.000   71.49902 -157.67365    -1.6516    32.8783    1439.73 0.0000e+00
     75.000   71.49901 -157.67366    -1.6511    32.8818    1439.75 0.0000e+00
     76.000   71.49903 -157.67370    -1.6467    32.8928    1439.81 0.0000e+00
