EcoFOCI/data/1_SampleCollection/2023_SikuliaqDBO_CruiseData/CTD_raw_BottleFile_SKQ23-12S/proc/skq202312s_017svp.cnv
* Sea-Bird SBE 9 Data File:
* FileName = D:\CTD\SKQ202312S\SKQ202312S_017.hex
* Software Version Seasave V 7.26.7.121
* Temperature SN = 6177
* Conductivity SN = 0369
* Number of Bytes Per Scan = 41
* Number of Voltage Words = 4
* Number of Scans Averaged by the Deck Unit = 1
* NMEA Latitude = 64 40.58 N
* NMEA Longitude = 168 35.74 W
* NMEA UTC (Time) = Sep 17 2023  17:29:22
* NMEA baud rate = 4800
** Ship: R/V Sikuliaq
** Station Number: 017
** Station Name: DBO2.2a
** Bottom Depth: 43
** Operator: SD
# nquan = 7
# nvalues = 4343                                  
# units = specified
# name 0 = depSM: Depth [salt water, m]
# name 1 = latitude: Latitude [deg]
# name 2 = longitude: Longitude [deg]
# name 3 = t090C: Temperature [ITS-90, deg C]
# name 4 = sal00: Salinity, Practical [PSU]
# name 5 = svCM: Sound Velocity [Chen-Millero, m/s]
# name 6 = flag:  0.000e+00
# span 0 =      2.666,     37.762                 
# span 1 =   64.67642,   64.67646                 
# span 2 = -168.59560, -168.59556                 
# span 3 =     3.0589,     4.5338                 
# span 4 =    31.9894,    32.8255                 
# span 5 =    1459.30,    1465.08                 
# span 6 = 0.0000e+00, 0.0000e+00                 
# interval = seconds: 0.0416667
# start_time = Sep 17 2023 17:33:26 [NMEA time, first data scan]
# bad_flag = -9.990e-29
*END*
[from data line 1026]
      6.670   64.67644 -168.59558     3.1328    32.2463    1459.51  0.000e+00
      6.670   64.67644 -168.59558     3.1590    32.2514    1459.63  0.000e+00
      6.608   64.67644 -168.59558     3.2218    32.2405    1459.88  0.000e+00
      6.608   64.67644 -168.59558     3.2382    32.2289    1459.94  0.000e+00
      6.608   64.67644 -168.59558     3.2169    32.2240    1459.84  0.000e+00
      6.608   64.67644 -168.59558     3.2190    32.2032    1459.82  0.000e+00
      6.669   64.67644 -168.59558     3.1801    32.2095    1459.67  0.000e+00
      6.554   64.67644 -168.59558     3.1383    32.2234    1459.50  0.000e+00
      6.608   64.67644 -168.59558     3.1131    32.2346    1459.41  0.000e+00
      6.608   64.67644 -168.59558     3.0984    32.2446    1459.36  0.000e+00
      6.554   64.67644 -168.59558     3.1146    32.2479    1459.43  0.000e+00
      6.554   64.67644 -168.59558     3.1667    32.2288    1459.63  0.000e+00
      6.554   64.67644 -168.59558     3.1853    32.2222    1459.70  0.000e+00
      6.584   64.67644 -168.59558     3.2256    32.2311    1459.89  0.000e+00
      6.554   64.67644 -168.59558     3.2676    32.2315    1460.07  0.000e+00
      6.607   64.67644 -168.59558     3.2537    32.2279    1460.00  0.000e+00
      6.499   64.67644 -168.59558     3.2026    32.2341    1459.79  0.000e+00
      6.607   64.67644 -168.59558     3.1779    32.2459    1459.70  0.000e+00
      6.499   64.67644 -168.59558     3.1991    32.2448    1459.79  0.000e+00
      6.607   64.67644 -168.59558     3.2135    32.2315    1459.84  0.000e+00
      6.499   64.67644 -168.59558     3.1938    32.2225    1459.74  0.000e+00
      6.553   64.67644 -168.59558     3.1573    32.2458    1459.61  0.000e+00
      6.553   64.67644 -168.59558     3.2136    32.2270    1459.83  0.000e+00
      6.553   64.67644 -168.59558     3.2729    32.1968    1460.05  0.000e+00
      6.607   64.67644 -168.59558     3.2666    32.1943    1460.02  0.000e+00
      6.553   64.67644 -168.59558     3.2358    32.2127    1459.91  0.000e+00
      6.553   64.67644 -168.59558     3.2459    32.2011    1459.94  0.000e+00
      6.553   64.67644 -168.59558     3.2288    32.2188    1459.89  0.000e+00
      6.607   64.67644 -168.59558     3.2213    32.2367    1459.88  0.000e+00
      6.607   64.67644 -168.59558     3.2666    32.2283    1460.06  0.000e+00
      6.553   64.67644 -168.59558     3.3289    32.2123    1460.30  0.000e+00
      6.607   64.67644 -168.59558     3.3626    32.1974    1460.43  0.000e+00
      6.607   64.67644 -168.59558     3.3438    32.2080    1460.36  0.000e+00
      6.607   64.67644 -168.59558     3.3626    32.2144    1460.45  0.000e+00
      6.669   64.67644 -168.59558     3.3882    32.1859    1460.52  0.000e+00
      6.607   64.67644 -168.59558     3.3368    32.1870    1460.31  0.000e+00
      6.669   64.67644 -168.59558     3.2567    32.2051    1459.99  0.000e+00
      6.669   64.67644 -168.59558     3.2106    32.2126    1459.80  0.000e+00
      6.723   64.67644 -168.59558     3.2007    32.2155    1459.76  0.000e+00
      6.669   64.67644 -168.59558     3.1856    32.2227    1459.71  0.000e+00
      6.723   64.67644 -168.59558     3.1669    32.2240    1459.63  0.000e+00
      6.723   64.67644 -168.59558     3.1438    32.2298    1459.54  0.000e+00
      6.784   64.67644 -168.59558     3.1304    32.2365    1459.49  0.000e+00
      6.699   64.67644 -168.59558     3.1211    32.2414    1459.46  0.000e+00
      6.784   64.67644 -168.59558     3.1131    32.2459    1459.43  0.000e+00
      6.838   64.67644 -168.59558     3.1233    32.2421    1459.47  0.000e+00
      6.838   64.67644 -168.59558     3.1219    32.2398    1459.46  0.000e+00
      6.838   64.67644 -168.59558     3.1095    32.2428    1459.41  0.000e+00
      6.838   64.67644 -168.59558     3.1029    32.2438    1459.38  0.000e+00
      6.900   64.67644 -168.59558     3.0976    32.2458    1459.36  0.000e+00
      6.900   64.67644 -168.59558     3.0930    32.2482    1459.35  0.000e+00
      6.900   64.67644 -168.59558     3.0924    32.2481    1459.34  0.000e+00
      6.954   64.67644 -168.59558     3.0896    32.2495    1459.34  0.000e+00
      6.954   64.67644 -168.59558     3.0871    32.2499    1459.33  0.000e+00
      6.954   64.67644 -168.59558     3.0844    32.2514    1459.32  0.000e+00
      7.008   64.67644 -168.59558     3.0829    32.2523    1459.31  0.000e+00
      7.008   64.67644 -168.59558     3.0821    32.2532    1459.31  0.000e+00
      7.069   64.67644 -168.59558     3.0819    32.2536    1459.31  0.000e+00
      7.069   64.67644 -168.59558     3.0817    32.2532    1459.31  0.000e+00
      7.069   64.67644 -168.59558     3.0814    32.2535    1459.31  0.000e+00
      7.123   64.67644 -168.59558     3.0816    32.2536    1459.31  0.000e+00
      7.185   64.67644 -168.59558     3.0822    32.2540    1459.31  0.000e+00
      7.123   64.67644 -168.59558     3.0825    32.2546    1459.31  0.000e+00
      7.185   64.67644 -168.59558     3.0831    32.2543    1459.32  0.000e+00
      7.239   64.67644 -168.59558     3.0835    32.2542    1459.32  0.000e+00
      7.185   64.67644 -168.59558     3.0839    32.2541    1459.32  0.000e+00
      7.239   64.67644 -168.59558     3.0844    32.2542    1459.32  0.000e+00
      7.239   64.67644 -168.59558     3.0847    32.2535    1459.32  0.000e+00
      7.331   64.67644 -168.59558     3.0850    32.2538    1459.33  0.000e+00
      7.301   64.67644 -168.59558     3.0856    32.2548    1459.33  0.000e+00
      7.355   64.67644 -168.59558     3.0879    32.2568    1459.34  0.000e+00
      7.301   64.67644 -168.59558     3.0916    32.2577    1459.36  0.000e+00
      7.408   64.67644 -168.59558     3.0946    32.2579    1459.38  0.000e+00
      7.354   64.67644 -168.59558     3.0970    32.2582    1459.39  0.000e+00
      7.408   64.67644 -168.59558     3.1007    32.2611    1459.41  0.000e+00
      7.408   64.67644 -168.59558     3.1065    32.2699    1459.44  0.000e+00
      7.408   64.67644 -168.59558     3.1127    32.2792    1459.48  0.000e+00
      7.470   64.67644 -168.59558     3.1248    32.2864    1459.54  0.000e+00
      7.408   64.67644 -168.59558     3.1370    32.2885    1459.60  0.000e+00
      7.524   64.67644 -168.59558     3.1411    32.2904    1459.62  0.000e+00
      7.408   64.67644 -168.59558     3.1476    32.2923    1459.65  0.000e+00
      7.524   64.67644 -168.59558     3.1562    32.2963    1459.69  0.000e+00
      7.524   64.67644 -168.59558     3.1651    32.3025    1459.74  0.000e+00
      7.524   64.67644 -168.59558     3.1781    32.3105    1459.80  0.000e+00
      7.524   64.67644 -168.59558     3.1894    32.3183    1459.86  0.000e+00
      7.586   64.67644 -168.59558     3.1993    32.3164    1459.90  0.000e+00
      7.524   64.67644 -168.59558     3.2046    32.3172    1459.93  0.000e+00
      7.524   64.67644 -168.59558     3.2129    32.3183    1459.96  0.000e+00
      7.616   64.67644 -168.59558     3.2241    32.3170    1460.01  0.000e+00
      7.586   64.67644 -168.59558     3.2288    32.3176    1460.03  0.000e+00
      7.586   64.67644 -168.59558     3.2314    32.3186    1460.04  0.000e+00
      7.639   64.67644 -168.59558     3.2329    32.3204    1460.05  0.000e+00
      7.639   64.67644 -168.59558     3.2333    32.3231    1460.06  0.000e+00
      7.585   64.67644 -168.59558     3.2362    32.3245    1460.07  0.000e+00
      7.585   64.67644 -168.59558     3.2400    32.3248    1460.09  0.000e+00
      7.639   64.67644 -168.59558     3.2448    32.3241    1460.11  0.000e+00
      7.639   64.67644 -168.59558     3.2517    32.3224    1460.14  0.000e+00
      7.639   64.67644 -168.59558     3.2565    32.3208    1460.15  0.000e+00
      7.701   64.67644 -168.59558     3.2593    32.3188    1460.16  0.000e+00
      7.639   64.67644 -168.59558     3.2599    32.3183    1460.17  0.000e+00
      7.639   64.67644 -168.59558     3.2603    32.3180    1460.17  0.000e+00
      7.639   64.67644 -168.59558     3.2599    32.3185    1460.17  0.000e+00
      7.639   64.67644 -168.59558     3.2606    32.3194    1460.17  0.000e+00
      7.701   64.67644 -168.59558     3.2615    32.3198    1460.17  0.000e+00
      7.639   64.67644 -168.59558     3.2622    32.3199    1460.18  0.000e+00
      7.639   64.67644 -168.59558     3.2629    32.3193    1460.18  0.000e+00
      7.670   64.67644 -168.59558     3.2641    32.3190    1460.18  0.000e+00
      7.639   64.67644 -168.59558     3.2653    32.3193    1460.19  0.000e+00
      7.639   64.67644 -168.59558     3.2666    32.3193    1460.19  0.000e+00
      7.701   64.67644 -168.59558     3.2674    32.3197    1460.20  0.000e+00
      7.639   64.67644 -168.59558     3.2683    32.3195    1460.20  0.000e+00
      7.639   64.67644 -168.59558     3.2684    32.3197    1460.20  0.000e+00
      7.639   64.67644 -168.59558     3.2688    32.3198    1460.20  0.000e+00
      7.639   64.67644 -168.59558     3.2686    32.3201    1460.20  0.000e+00
      7.639   64.67644 -168.59558     3.2687    32.3196    1460.20  0.000e+00
      7.701   64.67644 -168.59558     3.2682    32.3177    1460.20  0.000e+00
      7.585   64.67644 -168.59558     3.2670    32.3046    1460.18  0.000e+00
      7.639   64.67644 -168.59558     3.2631    32.2813    1460.13  0.000e+00
      7.639   64.67644 -168.59558     3.2456    32.2696    1460.04  0.000e+00
      7.639   64.67644 -168.59558     3.2237    32.2722    1459.95  0.000e+00
      7.639   64.67644 -168.59558     3.2157    32.2738    1459.92  0.000e+00
      7.585   64.67644 -168.59558     3.2070    32.2935    1459.91  0.000e+00
      7.585   64.67644 -168.59558     3.2028    32.3273    1459.93  0.000e+00
      7.639   64.67644 -168.59558     3.2237    32.3336    1460.03  0.000e+00
      7.616   64.67644 -168.59558     3.2423    32.3301    1460.10  0.000e+00
      7.585   64.67644 -168.59558     3.2537    32.3264    1460.15  0.000e+00
      7.585   64.67644 -168.59558     3.2603    32.3221    1460.17  0.000e+00
      7.639   64.67644 -168.59558     3.2642    32.3155    1460.18  0.000e+00
      7.585   64.67644 -168.59558     3.2666    32.3071    1460.18  0.000e+00
      7.585   64.67644 -168.59558     3.2678    32.3057    1460.18  0.000e+00
      7.585   64.67644 -168.59558     3.2683    32.3098    1460.19  0.000e+00
      7.523   64.67644 -168.59558     3.2681    32.3143    1460.19  0.000e+00
      7.639   64.67644 -168.59558     3.2660    32.3140    1460.19  0.000e+00
      7.523   64.67644 -168.59558     3.2467    32.3161    1460.10  0.000e+00
      7.585   64.67644 -168.59558     3.2260    32.3101    1460.01  0.000e+00
      7.585   64.67644 -168.59558     3.2119    32.3036    1459.94  0.000e+00
      7.584   64.67644 -168.59558     3.1993    32.2897    1459.87  0.000e+00
      7.523   64.67644 -168.59558     3.1685    32.2777    1459.72  0.000e+00
      7.584   64.67644 -168.59558     3.1473    32.2726    1459.62  0.000e+00
      7.584   64.67644 -168.59558     3.1389    32.2689    1459.58  0.000e+00
      7.523   64.67644 -168.59558     3.1342    32.2696    1459.56  0.000e+00
      7.584   64.67644 -168.59558     3.1346    32.2725    1459.57  0.000e+00
      7.584   64.67644 -168.59558     3.1350    32.2806    1459.58  0.000e+00
      7.553   64.67644 -168.59558     3.1393    32.2925    1459.61  0.000e+00
      7.584   64.67644 -168.59558     3.1573    32.2876    1459.69  0.000e+00
      7.523   64.67644 -168.59558     3.1724    32.2775    1459.74  0.000e+00
      7.584   64.67644 -168.59558     3.1820    32.2666    1459.76  0.000e+00
      7.584   64.67644 -168.59558     3.1895    32.2605    1459.79  0.000e+00
      7.584   64.67644 -168.59558     3.1988    32.2583    1459.83  0.000e+00
      7.584   64.67644 -168.59558     3.2040    32.2608    1459.85  0.000e+00
      7.584   64.67644 -168.59558     3.2017    32.2739    1459.86  0.000e+00
      7.584   64.67644 -168.59558     3.1949    32.2841    1459.84  0.000e+00
      7.584   64.67644 -168.59558     3.1957    32.2819    1459.84  0.000e+00
      7.638   64.67644 -168.59558     3.2039    32.2728    1459.87  0.000e+00
      7.584   64.67644 -168.59558     3.2040    32.2749    1459.87  0.000e+00
      7.638   64.67644 -168.59558     3.2099    32.2717    1459.89  0.000e+00
      7.584   64.67644 -168.59558     3.2152    32.2707    1459.91  0.000e+00
      7.638   64.67644 -168.59558     3.2187    32.2722    1459.93  0.000e+00
      7.700   64.67644 -168.59558     3.2229    32.2675    1459.94  0.000e+00
      7.638   64.67644 -168.59558     3.2288    32.2616    1459.96  0.000e+00
      7.638   64.67644 -168.59558     3.2322    32.2608    1459.97  0.000e+00
      7.700   64.67644 -168.59558     3.2347    32.2591    1459.98  0.000e+00
      7.669   64.67644 -168.59558     3.2360    32.2564    1459.98  0.000e+00
      7.700   64.67644 -168.59558     3.2350    32.2553    1459.98  0.000e+00
      7.700   64.67644 -168.59558     3.2360    32.2537    1459.98  0.000e+00
      7.700   64.67644 -168.59558     3.2355    32.2545    1459.98  0.000e+00
      7.754   64.67644 -168.59558     3.2355    32.2565    1459.98  0.000e+00
      7.700   64.67644 -168.59558     3.2344    32.2596    1459.98  0.000e+00
      7.808   64.67644 -168.59558     3.2347    32.2669    1459.99  0.000e+00
      7.699   64.67644 -168.59558     3.2390    32.2821    1460.03  0.000e+00
      7.807   64.67644 -168.59558     3.2460    32.2969    1460.08  0.000e+00
      7.807   64.67644 -168.59558     3.2525    32.3069    1460.12  0.000e+00
      7.807   64.67644 -168.59558     3.2571    32.3117    1460.15  0.000e+00
      7.807   64.67644 -168.59558     3.2595    32.3132    1460.16  0.000e+00
      7.807   64.67644 -168.59558     3.2617    32.3140    1460.17  0.000e+00
      7.807   64.67644 -168.59558     3.2644    32.3159    1460.18  0.000e+00
      7.923   64.67644 -168.59558     3.2670    32.3181    1460.20  0.000e+00
      7.869   64.67644 -168.59558     3.2703    32.3201    1460.22  0.000e+00
      7.869   64.67644 -168.59558     3.2735    32.3204    1460.23  0.000e+00
      7.900   64.67644 -168.59558     3.2753    32.3206    1460.24  0.000e+00
      7.923   64.67644 -168.59558     3.2773    32.3204    1460.25  0.000e+00
      7.985   64.67644 -168.59558     3.2781    32.3212    1460.25  0.000e+00
      7.923   64.67644 -168.59558     3.2792    32.3209    1460.26  0.000e+00
      7.985   64.67644 -168.59558     3.2797    32.3214    1460.26  0.000e+00
      7.985   64.67644 -168.59558     3.2803    32.3213    1460.26  0.000e+00
      7.985   64.67644 -168.59558     3.2806    32.3214    1460.26  0.000e+00
      8.039   64.67644 -168.59558     3.2809    32.3219    1460.27  0.000e+00
      8.039   64.67644 -168.59558     3.2816    32.3217    1460.27  0.000e+00
      8.039   64.67644 -168.59558     3.2821    32.3217    1460.27  0.000e+00
      8.038   64.67644 -168.59558     3.2823    32.3213    1460.27  0.000e+00
      8.092   64.67644 -168.59558     3.2827    32.3214    1460.27  0.000e+00
      8.038   64.67644 -168.59558     3.2828    32.3214    1460.27  0.000e+00
      8.092   64.67644 -168.59558     3.2828    32.3218    1460.27  0.000e+00
      8.154   64.67644 -168.59558     3.2828    32.3214    1460.28  0.000e+00
      8.092   64.67644 -168.59558     3.2830    32.3214    1460.27  0.000e+00
      8.131   64.67644 -168.59558     3.2833    32.3217    1460.28  0.000e+00
      8.154   64.67644 -168.59558     3.2833    32.3218    1460.28  0.000e+00
      8.154   64.67644 -168.59558     3.2833    32.3221    1460.28  0.000e+00
      8.208   64.67644 -168.59558     3.2835    32.3217    1460.28  0.000e+00
      8.154   64.67644 -168.59558     3.2833    32.3219    1460.28  0.000e+00
      8.208   64.67644 -168.59558     3.2836    32.3214    1460.28  0.000e+00
      8.208   64.67644 -168.59558     3.2833    32.3221    1460.28  0.000e+00
      8.270   64.67644 -168.59558     3.2835    32.3218    1460.28  0.000e+00
      8.208   64.67644 -168.59558     3.2835    32.3218    1460.28  0.000e+00
