EcoFOCI/data/1_SampleCollection/2023_SikuliaqDBO_CruiseData/CTD_raw_BottleFile_SKQ23-12S/proc/skq202312s_002.ros
* Sea-Bird SBE 9 Data File:
* FileName = D:\CTD\SKQ202312S\SKQ202312S_002.hex
* Software Version Seasave V 7.26.7.121
* Temperature SN = 6177
* Conductivity SN = 0369
* Number of Bytes Per Scan = 41
* Number of Voltage Words = 4
* Number of Scans Averaged by the Deck Unit = 1
* NMEA Latitude = 62 00.59 N
* NMEA Longitude = 175 03.64 W
* NMEA UTC (Time) = Sep 15 2023  05:21:43
* NMEA baud rate = 4800
** Ship: R/V Sikuliaq
** Station Number: 002
** Station Name: DBO1.1
** Bottom Depth: 78
** Operator: SD
# nquan = 22
# nvalues = 1029                                  
# units = specified
# name 0 = depSM: Depth [salt water, m]
# name 1 = latitude: Latitude [deg]
# name 2 = longitude: Longitude [deg]
# name 3 = prDM: Pressure, Digiquartz [db]
# name 4 = t090C: Temperature [ITS-90, deg C]
# name 5 = t190C: Temperature, 2 [ITS-90, deg C]
# name 6 = potemp090C: Potential Temperature [ITS-90, deg C]
# name 7 = sal00: Salinity, Practical [PSU]
# name 8 = sal11: Salinity, Practical, 2 [PSU]
# name 9 = density00: Density [density, kg/m^3]
# name 10 = sigma-é00: Density [sigma-theta, kg/m^3]
# name 11 = sbox0Mm/Kg: Oxygen, SBE 43 [umol/kg]
# name 12 = sbox1Mm/Kg: Oxygen, SBE 43, 2 [umol/kg]
# name 13 = oxsolMm/Kg: Oxygen Saturation, Garcia & Gordon [umol/kg]
# name 14 = sbeox0PS: Oxygen, SBE 43 [% saturation]
# name 15 = v0: Voltage 0
# name 16 = flECO-AFL: Fluorescence, WET Labs ECO-AFL/FL [mg/m^3]
# name 17 = CStarAt0: Beam Attenuation, WET Labs C-Star [1/m]
# name 18 = par: PAR/Irradiance, Biospherical/Licor
# name 19 = scan: Scan Count
# name 20 = nbf: Bottles Fired
# name 21 = flag:  0.000e+00
# interval = seconds: 0.0416667
# start_time = Sep 15 2023 05:25:57 [NMEA time, first data scan]
# bad_flag = -9.990e-29
*END*
[from data line 66]
     73.414   62.00980 -175.06118     74.138    -0.7690    -0.7694    -0.7708    31.9478    31.9583  1026.0292    25.6727    250.096    239.803  363.64350     68.775     0.0855     0.1648     1.1283 8.4714e-06       8478          2  0.000e+00
     73.452   62.00980 -175.06118     74.177    -0.7692    -0.7693    -0.7709    31.9483    31.9582  1026.0297    25.6730    249.622    239.828  363.64336     68.645     0.0842     0.1575     1.1283 1.0000e-12       8479          2  0.000e+00
     73.414   62.00980 -175.06118     74.138    -0.7692    -0.7691    -0.7710    31.9485    31.9583  1026.0297    25.6732    249.815    239.849  363.64332     68.698     0.0855     0.1648     1.1283 1.0000e-12       8480          2  0.000e+00
     73.452   62.00980 -175.06118     74.177    -0.7687    -0.7691    -0.7705    31.9472    31.9575  1026.0288    25.6722    250.059    239.873  363.64202     68.765     0.0842     0.1575     1.1283 8.4714e-06       8481          2  0.000e+00
     73.414   62.00980 -175.06118     74.138    -0.7685    -0.7690    -0.7703    31.9469    31.9577  1026.0284    25.6720    249.840    239.891  363.64105     68.705     0.0855     0.1648     1.1283 1.0000e-12       8482          2  0.000e+00
     73.391   62.00980 -175.06118     74.114    -0.7684    -0.7690    -0.7702    31.9465    31.9577  1026.0280    25.6716    250.085    239.909  363.64122     68.773     0.0842     0.1575     1.1283 1.0000e-12       8483          2  0.000e+00
     73.468   62.00980 -175.06118     74.192    -0.7694    -0.7689    -0.7712    31.9473    31.9577  1026.0290    25.6723    249.880    239.929  363.64889     68.715     0.0855     0.1648     1.1283 1.0000e-12       8484          2  0.000e+00
     73.391   62.00980 -175.06118     74.114    -0.7704    -0.7690    -0.7722    31.9484    31.9579  1026.0296    25.6732    250.131    240.169  363.65496     68.782     0.0855     0.1648     1.1283 8.4714e-06       8485          2  0.000e+00
     73.414   62.00980 -175.06118     74.138    -0.7709    -0.7689    -0.7726    31.9492    31.9580  1026.0303    25.6738    250.126    240.213  363.65731     68.781     0.0781     0.1209     1.1297 1.0000e-12       8486          2  0.000e+00
     73.452   62.00980 -175.06118     74.177    -0.7701    -0.7687    -0.7719    31.9482    31.9575  1026.0297    25.6730    250.163    240.257  363.65293     68.792     0.0586     0.0036     1.1311 8.4714e-06       8487          2  0.000e+00
     73.414   62.00980 -175.06118     74.138    -0.7697    -0.7689    -0.7715    31.9480    31.9577  1026.0293    25.6729    250.198    240.296  363.64899     68.802     0.0525    -0.0330     1.1311 8.4714e-06       8488          2  0.000e+00
     73.391   62.00980 -175.06118     74.114    -0.7698    -0.7689    -0.7716    31.9482    31.9576  1026.0293    25.6730    250.237    240.333  363.64971     68.813     0.0537    -0.0257     1.1311 1.0000e-12       8489          2  0.000e+00
     73.468   62.00980 -175.06118     74.192    -0.7697    -0.7690    -0.7715    31.9479    31.9578  1026.0295    25.6728    250.230    240.370  363.64920     68.811     0.0537    -0.0257     1.1311 8.4714e-06       8490          2  0.000e+00
     73.391   62.00980 -175.06118     74.114    -0.7692    -0.7689    -0.7709    31.9478    31.9578  1026.0291    25.6727    250.007    240.399  363.64458     68.750     0.0537    -0.0257     1.1311 8.4714e-06       8491          2  0.000e+00
     73.414   62.00980 -175.06118     74.138    -0.7690    -0.7689    -0.7708    31.9476    31.9573  1026.0290    25.6725    249.999    240.430  363.64422     68.748     0.0537    -0.0257     1.1311 1.0000e-12       8492          2  0.000e+00
     73.391   62.00980 -175.06118     74.114    -0.7692    -0.7689    -0.7710    31.9475    31.9581  1026.0288    25.6725    249.945    240.422  363.64592     68.733     0.0537    -0.0257     1.1311 1.0000e-12       8493          2  0.000e+00
     73.414   62.00980 -175.06118     74.138    -0.7692    -0.7690    -0.7709    31.9476    31.9577  1026.0290    25.6725    250.193    240.448  363.64522     68.801     0.0537    -0.0257     1.1311 8.4714e-06       8494          2  0.000e+00
     73.391   62.00980 -175.06118     74.114    -0.7692    -0.7689    -0.7710    31.9479    31.9577  1026.0291    25.6727    250.233    240.467  363.64496     68.813     0.0537    -0.0257     1.1311 1.0000e-12       8495          2  0.000e+00
     73.414   62.00980 -175.06118     74.138    -0.7693    -0.7690    -0.7711    31.9473    31.9579  1026.0287    25.6723    250.228    240.486  363.64780     68.811     0.0537    -0.0257     1.1311 8.4714e-06       8496          2  0.000e+00
     73.391   62.00980 -175.06118     74.114    -0.7695    -0.7690    -0.7713    31.9472    31.9579  1026.0286    25.6722    250.015    240.500  363.64962     68.752     0.0537    -0.0257     1.1311 8.4714e-06       8497          2  0.000e+00
     73.414   62.00980 -175.06118     74.138    -0.7692    -0.7691    -0.7709    31.9466    31.9580  1026.0282    25.6717    250.262    240.515  363.64811     68.820     0.0537    -0.0257     1.1311 8.4714e-06       8498          2  0.000e+00
     73.453   62.00980 -175.06118     74.177    -0.7697    -0.7690    -0.7715    31.9470    31.9573  1026.0287    25.6720    250.054    240.495  363.65194     68.762     0.0537    -0.0257     1.1311 8.4714e-06       8499          2  0.000e+00
     73.298   62.00980 -175.06118     74.021    -0.7707    -0.7691    -0.7725    31.9476    31.9579  1026.0285    25.6726    250.052    240.496  363.66056     68.760     0.0537    -0.0257     1.1311 8.4714e-06       8500          2  0.000e+00
     73.507   62.00980 -175.06118     74.231    -0.7711    -0.7689    -0.7729    31.9475    31.9578  1026.0294    25.6725    250.011    240.505  363.66477     68.748     0.0537    -0.0257     1.1311 8.4714e-06       8501          2  0.000e+00
     73.391   62.00980 -175.06118     74.114    -0.7710    -0.7689    -0.7728    31.9476    31.9575  1026.0290    25.6726    250.258    240.503  363.66334     68.816     0.0537    -0.0257     1.1311 1.0000e-12       8502          2  0.000e+00
     73.414   62.00980 -175.06118     74.138    -0.7711    -0.7689    -0.7729    31.9477    31.9577  1026.0292    25.6727    250.305    240.502  363.66413     68.829     0.0537    -0.0257     1.1311 8.4714e-06       8503          2  0.000e+00
     73.391   62.00980 -175.06118     74.114    -0.7713    -0.7689    -0.7731    31.9475    31.9578  1026.0289    25.6725    250.098    240.498  363.66631     68.771     0.0537    -0.0257     1.1311 1.0000e-12       8504          2  0.000e+00
     73.414   62.00980 -175.06118     74.138    -0.7709    -0.7687    -0.7726    31.9480    31.9578  1026.0294    25.6729    250.045    240.490  363.66068     68.758     0.0537    -0.0257     1.1324 1.0000e-12       8505          2  0.000e+00
     73.453   62.00980 -175.06118     74.177    -0.7705    -0.7690    -0.7723    31.9480    31.9579  1026.0295    25.6729    250.297    240.484  363.65739     68.828     0.0537    -0.0257     1.1311 1.0000e-12       8506          2  0.000e+00
     73.414   62.00980 -175.06118     74.138    -0.7702    -0.7687    -0.7720    31.9478    31.9579  1026.0292    25.6727    250.341    240.470  363.65507     68.840     0.0537    -0.0257     1.1352 8.4714e-06       8507          2  0.000e+00
     73.391   62.00980 -175.06118     74.114    -0.7702    -0.7690    -0.7720    31.9480    31.9577  1026.0292    25.6728    250.388    240.457  363.65467     68.853     0.0537    -0.0257     1.1366 8.4714e-06       8508          2  0.000e+00
     73.414   62.00980 -175.06118     74.138    -0.7698    -0.7687    -0.7716    31.9475    31.9576  1026.0289    25.6725    250.130    240.440  363.65155     68.783     0.0537    -0.0257     1.1380 1.0000e-12       8509          2  0.000e+00
     73.283   62.00980 -175.06118     74.006    -0.7692    -0.7684    -0.7709    31.9479    31.9578  1026.0286    25.6728    250.564    239.060  363.64428     68.904     0.0696     0.0696     1.1311 1.0000e-12       8670          3  0.000e+00
     73.299   62.00980 -175.06118     74.021    -0.7693    -0.7685    -0.7711    31.9480    31.9583  1026.0287    25.6728    250.639    238.833  363.64580     68.924     0.0696     0.0696     1.1311 1.0000e-12       8671          3  0.000e+00
     73.222   62.00980 -175.06118     73.943    -0.7692    -0.7685    -0.7709    31.9480    31.9585  1026.0284    25.6728    250.661    238.800  363.64406     68.930     0.0696     0.0696     1.1311 8.4714e-06       8672          3  0.000e+00
     73.353   62.00980 -175.06118     74.076    -0.7693    -0.7685    -0.7711    31.9478    31.9582  1026.0288    25.6727    250.644    238.973  363.64638     68.925     0.0684     0.0623     1.1311 8.4714e-06       8673          3  0.000e+00
     73.283   62.00980 -175.06118     74.006    -0.7690    -0.7682    -0.7708    31.9473    31.9581  1026.0281    25.6722    250.614    238.975  363.64509     68.917     0.0696     0.0696     1.1324 8.4714e-06       8674          3  0.000e+00
     73.353   62.00980 -175.06118     74.076    -0.7693    -0.7685    -0.7711    31.9480    31.9584  1026.0290    25.6729    251.401    238.988  363.64565     69.133     0.0684     0.0623     1.1311 1.0000e-12       8675          3  0.000e+00
     73.283   62.00980 -175.06118     74.006    -0.7693    -0.7687    -0.7711    31.9480    31.9584  1026.0287    25.6728    250.795    238.999  363.64578     68.967     0.0708     0.0769     1.1311 1.0000e-12       8676          3  0.000e+00
     73.299   62.00980 -175.06118     74.021    -0.7696    -0.7689    -0.7714    31.9478    31.9585  1026.0286    25.6727    250.814    238.757  363.64902     68.971     0.0696     0.0696     1.1311 8.4714e-06       8677          3  0.000e+00
     73.337   62.00980 -175.06118     74.060    -0.7697    -0.7686    -0.7714    31.9479    31.9582  1026.0288    25.6727    250.832    238.968  363.64946     68.976     0.0696     0.0696     1.1311 1.0000e-12       8678          3  0.000e+00
     73.299   62.00980 -175.06118     74.021    -0.7695    -0.7685    -0.7713    31.9476    31.9584  1026.0284    25.6725    250.796    238.953  363.64850     68.967     0.0696     0.0696     1.1311 1.0000e-12       8679          3  0.000e+00
     73.337   62.00980 -175.06118     74.060    -0.7698    -0.7685    -0.7716    31.9481    31.9582  1026.0290    25.6729    250.763    238.975  363.64998     68.957     0.0696     0.0696     1.1311 1.0000e-12       8680          3  0.000e+00
     73.299   62.00980 -175.06118     74.021    -0.7695    -0.7686    -0.7713    31.9479    31.9585  1026.0287    25.6727    250.468    238.997  363.64778     68.877     0.0696     0.0696     1.1311 8.4714e-06       8681          3  0.000e+00
     73.337   62.00980 -175.06118     74.060    -0.7694    -0.7687    -0.7712    31.9479    31.9581  1026.0289    25.6728    250.638    239.025  363.64711     68.923     0.0696     0.0696     1.1311 8.4714e-06       8682          3  0.000e+00
     73.353   62.00980 -175.06118     74.076    -0.7695    -0.7687    -0.7713    31.9480    31.9582  1026.0291    25.6729    250.599    238.829  363.64727     68.913     0.0708     0.0769     1.1311 1.0000e-12       8683          3  0.000e+00
     73.392   62.00980 -175.06118     74.115    -0.7693    -0.7687    -0.7711    31.9481    31.9583  1026.0293    25.6729    250.557    238.831  363.64548     68.902     0.0696     0.0696     1.1311 8.4714e-06       8684          3  0.000e+00
     73.299   62.00980 -175.06118     74.021    -0.7692    -0.7687    -0.7710    31.9478    31.9583  1026.0286    25.6727    250.510    238.833  363.64517     68.889     0.0708     0.0769     1.1311 1.0000e-12       8685          3  0.000e+00
     73.392   62.00980 -175.06118     74.115    -0.7697    -0.7689    -0.7714    31.9484    31.9585  1026.0296    25.6732    250.470    238.814  363.64787     68.877     0.0696     0.0696     1.1311 1.0000e-12       8686          3  0.000e+00
     73.353   62.00980 -175.06118     74.076    -0.7693    -0.7687    -0.7711    31.9478    31.9583  1026.0288    25.6727    250.420    238.791  363.64638     68.864     0.0696     0.0696     1.1311 8.4714e-06       8687          3  0.000e+00
     73.337   62.00980 -175.06118     74.060    -0.7695    -0.7687    -0.7713    31.9476    31.9583  1026.0286    25.6725    250.372    238.773  363.64857     68.850     0.0696     0.0696     1.1311 1.0000e-12       8688          3  0.000e+00
     73.353   62.00980 -175.06118     74.076    -0.7698    -0.7686    -0.7716    31.9477    31.9582  1026.0288    25.6726    250.372    238.758  363.65097     68.850     0.0708     0.0769     1.1324 8.4714e-06       8689          3  0.000e+00
     73.392   62.00980 -175.06118     74.115    -0.7700    -0.7687    -0.7717    31.9475    31.9580  1026.0288    25.6724    250.373    238.747  363.65325     68.849     0.0684     0.0623     1.1324 1.0000e-12       8690          3  0.000e+00
     73.415   62.00980 -175.06118     74.138    -0.7700    -0.7682    -0.7717    31.9470    31.9581  1026.0285    25.6720    250.373    238.734  363.65474     68.849     0.0684     0.0623     1.1338 8.4714e-06       8691          3  0.000e+00
     73.338   62.00980 -175.06118     74.061    -0.7702    -0.7683    -0.7720    31.9472    31.9583  1026.0283    25.6722    250.370    238.756  363.65686     68.848     0.0684     0.0623     1.1338 1.0000e-12       8692          3  0.000e+00
     73.415   62.00980 -175.06118     74.139    -0.7702    -0.7685    -0.7720    31.9470    31.9584  1026.0286    25.6721    250.371    238.788  363.65735     68.848     0.0684     0.0623     1.1324 8.4714e-06       8693          3  0.000e+00
     73.392   62.00980 -175.06118     74.115    -0.7705    -0.7685    -0.7723    31.9472    31.9582  1026.0286    25.6722    250.370    238.788  363.65957     68.847     0.0684     0.0623     1.1338 1.0000e-12       8694          3  0.000e+00
     73.415   62.00980 -175.06118     74.139    -0.7709    -0.7687    -0.7726    31.9473    31.9578  1026.0288    25.6723    250.372    238.793  363.66272     68.847     0.0684     0.0623     1.1338 8.4714e-06       8695          3  0.000e+00
     73.392   62.00980 -175.06118     74.115    -0.7709    -0.7690    -0.7726    31.9470    31.9579  1026.0285    25.6721    250.370    238.799  363.66340     68.847     0.0696     0.0696     1.1338 8.4714e-06       8696          3  0.000e+00
     73.415   62.00980 -175.06118     74.139    -0.7711    -0.7689    -0.7729    31.9474    31.9580  1026.0289    25.6724    250.320    238.807  363.66510     68.833     0.0684     0.0623     1.1338 6.7730e-04       8697          3  0.000e+00
     73.453   62.00980 -175.06118     74.178    -0.7710    -0.7691    -0.7728    31.9478    31.9580  1026.0294    25.6727    250.570    238.820  363.66284     68.902     0.0684     0.0623     1.1338 6.7730e-04       8698          3  0.000e+00
     73.415   62.00980 -175.06118     74.139    -0.7711    -0.7689    -0.7729    31.9475    31.9575  1026.0290    25.6725    250.358    238.831  363.66486     68.843     0.0684     0.0623     1.1324 3.4241e-04       8699          3  0.000e+00
     73.392   62.00980 -175.06118     74.115    -0.7713    -0.7691    -0.7731    31.9476    31.9578  1026.0289    25.6726    250.352    238.847  363.66619     68.841     0.0684     0.0623     1.1324 1.0000e-12       8700          3  0.000e+00
     73.469   62.00980 -175.06118     74.193    -0.7711    -0.7692    -0.7729    31.9473    31.9578  1026.0291    25.6723    250.299    238.868  363.66543     68.827     0.0684     0.0623     1.1324 1.0000e-12       8701          3  0.000e+00
     73.453   62.00980 -175.06118     74.178    -0.7712    -0.7691    -0.7730    31.9471    31.9580  1026.0288    25.6721    250.291    238.887  363.66662     68.824     0.0684     0.0623     1.1324 1.0000e-12       8702          3  0.000e+00
