EcoFOCI/data/1_SampleCollection/2023_SikuliaqDBO_CruiseData/CTD_raw_BottleFile_SKQ23-12S/proc/skq202312s_060.cnv
* Sea-Bird SBE 9 Data File:
* FileName = D:\CTD\SKQ202312S\SKQ202312S_060.hex
* Software Version Seasave V 7.26.7.121
* Temperature SN = 6177
* Conductivity SN = 0369
* Number of Bytes Per Scan = 41
* Number of Voltage Words = 4
* Number of Scans Averaged by the Deck Unit = 1
* NMEA Latitude = 71 36.06 N
* NMEA Longitude = 165 18.28 W
* NMEA UTC (Time) = Sep 27 2023  22:11:30
* NMEA baud rate = 4800
** Ship: R/V Sikuliaq
** Station Number: 060
** Station Name: IC3
** Bottom Depth: 42
** Operator: SD
# nquan = 24
# nvalues = 6164                                  
# units = specified
# name 0 = depSM: Depth [salt water, m]
# name 1 = latitude: Latitude [deg]
# name 2 = longitude: Longitude [deg]
# name 3 = prDM: Pressure, Digiquartz [db]
# name 4 = t090C: Temperature [ITS-90, deg C]
# name 5 = t190C: Temperature, 2 [ITS-90, deg C]
# name 6 = potemp090C: Potential Temperature [ITS-90, deg C]
# name 7 = sal00: Salinity, Practical [PSU]
# name 8 = sal11: Salinity, Practical, 2 [PSU]
# name 9 = density00: Density [density, kg/m^3]
# name 10 = sigma-é00: Density [sigma-theta, kg/m^3]
# name 11 = sbox0Mm/Kg: Oxygen, SBE 43 [umol/kg]
# name 12 = sbox1Mm/Kg: Oxygen, SBE 43, 2 [umol/kg]
# name 13 = oxsolMm/Kg: Oxygen Saturation, Garcia & Gordon [umol/kg]
# name 14 = sbeox0PS: Oxygen, SBE 43 [% saturation]
# name 15 = sbeox1PS: Oxygen, SBE 43, 2 [% saturation]
# name 16 = v0: Voltage 0
# name 17 = flECO-AFL: Fluorescence, WET Labs ECO-AFL/FL [mg/m^3]
# name 18 = v1: Voltage 1
# name 19 = CStarAt0: Beam Attenuation, WET Labs C-Star [1/m]
# name 20 = par: PAR/Irradiance, Biospherical/Licor
# name 21 = scan: Scan Count
# name 22 = timeM: Time, Elapsed [minutes]
# name 23 = flag:  0.000e+00
# span 0 =      1.992,     36.973                 
# span 1 =   71.60090,   71.60090                 
# span 2 = -165.30478, -165.30476                 
# span 3 =      2.013,     37.358                 
# span 4 =    -1.0353,     3.2514                 
# span 5 =    -1.0341,     3.2530                 
# span 6 =    -1.0361,     3.2502                 
# span 7 =    30.3820,    32.5335                 
# span 8 =    30.3908,    32.5669                 
# span 9 =  1024.2413,  1026.3071                 
# span 10 =    24.2304,    26.1525                
# span 11 =    265.823,    397.086                
# span 12 =    253.220,    368.479                
# span 13 =  330.97265,  364.69628                
# span 14 =     72.898,    111.769                
# span 15 =     69.448,    103.513                
# span 16 =     0.0696,     0.6020                
# span 17 =     0.0696,     3.2637                
# span 18 =     2.9536,     4.2393                
# span 19 =     0.4232,     1.8692                
# span 20 = 2.1843e+00, 2.5686e+02                
# span 21 =          1,       6164                
# span 22 =     0.0000,     4.2799                
# span 23 = 0.0000e+00, 0.0000e+00                
# interval = seconds: 0.0416667
# start_time = Sep 27 2023 22:14:51 [NMEA time, first data scan]
# bad_flag = -9.990e-29
*END*
[from data line 2838]
     31.767   71.60090 -165.30476     32.097    -0.8439    -0.7517    -0.8447    32.4647    32.4634  1026.2479    26.0936    290.354    273.622  362.89363     80.011     75.585     0.2125     0.9267     3.2540     1.4816 8.4418e+00       2839     1.9708  0.000e+00
     31.813   71.60090 -165.30476     32.144    -0.8410    -0.7647    -0.8418    32.4638    32.4640  1026.2474    26.0928    290.231    273.915  362.86802     79.983     75.639     0.2112     0.9194     3.2540     1.4816 8.4177e+00       2840     1.9715  0.000e+00
     31.882   71.60090 -165.30476     32.214    -0.8373    -0.7718    -0.8381    32.4617    32.4557  1026.2458    26.0909    290.337    274.197  362.83842     80.018     75.698     0.2112     0.9194     3.2540     1.4816 8.4177e+00       2841     1.9722  0.000e+00
     31.767   71.60090 -165.30476     32.097    -0.8344    -0.7976    -0.8352    32.4616    32.4666  1026.2451    26.0908    290.717    274.577  362.81048     80.129     75.758     0.2112     0.9194     3.2540     1.4816 8.4177e+00       2842     1.9729  0.000e+00
     31.813   71.60090 -165.30476     32.144    -0.8314    -0.8137    -0.8322    32.4623    32.4674  1026.2458    26.0912    290.873    274.924  362.77990     80.179     75.821     0.2112     0.9194     3.2540     1.4816 8.3699e+00       2843     1.9736  0.000e+00
     31.821   71.60090 -165.30476     32.152    -0.8275    -0.8239    -0.8283    32.4634    32.4676  1026.2466    26.0920    291.293    275.432  362.73877     80.304     75.941     0.2100     0.9121     3.2540     1.4816 8.3938e+00       2844     1.9743  0.000e+00
     31.813   71.60090 -165.30476     32.144    -0.8253    -0.8210    -0.8261    32.4666    32.4631  1026.2491    26.0945    291.239    275.631  362.70877     80.296     75.999     0.2125     0.9267     3.2515     1.4846 8.3938e+00       2845     1.9750  0.000e+00
     31.821   71.60090 -165.30476     32.152    -0.8240    -0.8329    -0.8248    32.4711    32.4774  1026.2527    26.0981    291.416    275.899  362.68295     80.350     76.057     0.2100     0.9121     3.2491     1.4876 8.3938e+00       2846     1.9757  0.000e+00
     31.867   71.60090 -165.30476     32.198    -0.8187    -0.8631    -0.8195    32.4736    32.5088  1026.2547    26.0999    291.586    276.523  362.62517     80.410     76.187     0.2112     0.9194     3.2491     1.4876 8.3938e+00       2847     1.9764  0.000e+00
     31.821   71.60090 -165.30476     32.152    -0.8084    -0.9000    -0.8092    32.4714    32.5466  1026.2524    26.0979    291.739    276.977  362.53187     80.473     76.260     0.2125     0.9267     3.2491     1.4876 8.3699e+00       2848     1.9771  0.000e+00
     31.821   71.60090 -165.30476     32.152    -0.7970    -0.9217    -0.7978    32.4645    32.5669  1026.2463    26.0918    291.868    277.354  362.44198     80.528     76.332     0.2112     0.9194     3.2491     1.4876 8.3460e+00       2849     1.9778  0.000e+00
     31.867   71.60090 -165.30476     32.198    -0.7888    -0.9186    -0.7896    32.4614    32.5620  1026.2438    26.0890    291.989    277.556  362.37173     80.577     76.391     0.2125     0.9267     3.2491     1.4876 8.3460e+00       2850     1.9785  0.000e+00
     31.821   71.60090 -165.30476     32.151    -0.7815    -0.8930    -0.7823    32.4620    32.5371  1026.2438    26.0893    292.374    277.840  362.29910     80.700     76.506     0.2112     0.9194     3.2491     1.4876 8.3460e+00       2851     1.9792  0.000e+00
     31.867   71.60090 -165.30476     32.198    -0.7738    -0.8371    -0.7746    32.4612    32.4820  1026.2431    26.0884    292.573    277.750  362.22743     80.771     76.562     0.2112     0.9194     3.2491     1.4876 8.3460e+00       2852     1.9799  0.000e+00
     31.820   71.60090 -165.30476     32.151    -0.7663    -0.7939    -0.7670    32.4570    32.4433  1026.2392    26.0847    292.745    277.704  362.16653     80.831     76.614     0.2112     0.9194     3.2491     1.4876 8.3223e+00       2853     1.9806  0.000e+00
     31.882   71.60090 -165.30476     32.214    -0.7595    -0.7757    -0.7603    32.4476    32.4355  1026.2316    26.0768    292.953    278.039  362.12809     80.897     76.739     0.2112     0.9194     3.2491     1.4876 8.3460e+00       2854     1.9813  0.000e+00
     31.867   71.60090 -165.30476     32.198    -0.7542    -0.7678    -0.7550    32.4381    32.4424  1026.2237    26.0690    293.136    278.431  362.10405     80.953     76.867     0.2112     0.9194     3.2491     1.4876 8.3223e+00       2855     1.9819  0.000e+00
     31.820   71.60090 -165.30476     32.151    -0.7512    -0.7665    -0.7520    32.4338    32.4538  1026.2199    26.0654    293.492    278.649  362.08743     81.056     76.937     0.2112     0.9194     3.2479     1.4891 8.3223e+00       2856     1.9826  0.000e+00
     31.867   71.60090 -165.30476     32.198    -0.7504    -0.7679    -0.7512    32.4326    32.4612  1026.2191    26.0644    293.763    278.904  362.08312     81.131     77.009     0.2125     0.9267     3.2491     1.4876 8.3223e+00       2857     1.9833  0.000e+00
     31.820   71.60090 -165.30476     32.151    -0.7501    -0.7643    -0.7509    32.4284    32.4570  1026.2154    26.0609    294.003    279.109  362.09240     81.196     77.071     0.2100     0.9121     3.2479     1.4891 8.3460e+00       2858     1.9840  0.000e+00
     31.928   71.60090 -165.30476     32.260    -0.7498    -0.7577    -0.7506    32.4193    32.4466  1026.2086    26.0536    294.268    279.501  362.11494     81.264     77.186     0.2088     0.9047     3.2491     1.4876 8.3460e+00       2859     1.9847  0.000e+00
     31.820   71.60090 -165.30476     32.151    -0.7513    -0.7534    -0.7521    32.4065    32.4392  1026.1978    26.0433    294.510    279.926  362.16659     81.319     77.308     0.2076     0.8974     3.2491     1.4876 8.3460e+00       2860     1.9854  0.000e+00
     31.882   71.60090 -165.30476     32.214    -0.7577    -0.7492    -0.7585    32.3956    32.4294  1026.1895    26.0347    295.103    280.169  362.25876     81.462     77.377     0.2076     0.8974     3.2491     1.4876 8.3460e+00       2861     1.9861  0.000e+00
     31.867   71.60090 -165.30476     32.198    -0.7643    -0.7522    -0.7651    32.3889    32.4239  1026.1842    26.0295    295.438    280.650  362.34098     81.536     77.501     0.2076     0.8974     3.2491     1.4876 8.3460e+00       2862     1.9868  0.000e+00
     31.882   71.60090 -165.30476     32.214    -0.7706    -0.7706    -0.7714    32.3798    32.4332  1026.1772    26.0224    295.734    281.261  362.42759     81.598     77.637     0.2076     0.8974     3.2491     1.4876 8.3699e+00       2863     1.9875  0.000e+00
     31.867   71.60090 -165.30476     32.198    -0.7794    -0.7926    -0.7802    32.3711    32.4457  1026.1704    26.0156    296.255    281.665  362.53755     81.717     77.711     0.2076     0.8974     3.2479     1.4891 8.3460e+00       2864     1.9882  0.000e+00
     31.882   71.60090 -165.30476     32.214    -0.7898    -0.8237    -0.7906    32.3667    32.4686  1026.1673    26.0124    296.625    282.345  362.65052     81.794     77.848     0.2076     0.8974     3.2491     1.4876 8.3460e+00       2865     1.9889  0.000e+00
     31.882   71.60090 -165.30476     32.214    -0.8007    -0.8497    -0.8015    32.3673    32.4869  1026.1682    26.0133    297.239    282.980  362.75410     81.940     77.980     0.2088     0.9047     3.2515     1.4846 8.3460e+00       2866     1.9896  0.000e+00
     31.867   71.60090 -165.30476     32.198    -0.8126    -0.8520    -0.8134    32.3738    32.4851  1026.1738    26.0189    297.593    283.245  362.85056     82.015     78.048     0.2076     0.8974     3.2515     1.4846 8.3223e+00       2867     1.9903  0.000e+00
     31.882   71.60090 -165.30476     32.214    -0.8283    -0.8492    -0.8290    32.3874    32.4833  1026.1854    26.0305    298.264    283.679  362.96259     82.175     78.172     0.2076     0.8974     3.2515     1.4846 8.3223e+00       2868     1.9910  0.000e+00
     31.928   71.60090 -165.30476     32.260    -0.8458    -0.8490    -0.8466    32.4079    32.4819  1026.2028    26.0477    298.681    283.899  363.07358     82.264     78.232     0.2076     0.8974     3.2515     1.4846 8.3223e+00       2869     1.9917  0.000e+00
     31.882   71.60090 -165.30476     32.213    -0.8590    -0.8497    -0.8597    32.4288    32.4784  1026.2199    26.0650    299.299    284.337  363.14145     82.419     78.349     0.2076     0.8974     3.2515     1.4846 8.3223e+00       2870     1.9924  0.000e+00
     31.882   71.60090 -165.30476     32.213    -0.8681    -0.8526    -0.8689    32.4467    32.4764  1026.2348    26.0799    299.879    284.585  363.17894     82.571     78.410     0.2076     0.8974     3.2515     1.4846 8.2986e+00       2871     1.9931  0.000e+00
     31.928   71.60090 -165.30476     32.260    -0.8751    -0.8538    -0.8759    32.4605    32.4741  1026.2464    26.0913    299.981    285.029  363.20693     82.592     78.529     0.2088     0.9047     3.2515     1.4846 8.2986e+00       2872     1.9937  0.000e+00
     31.882   71.60090 -165.30476     32.213    -0.8774    -0.8652    -0.8782    32.4683    32.4840  1026.2526    26.0977    300.449    285.325  363.20721     82.721     78.592     0.2063     0.8901     3.2515     1.4846 8.2986e+00       2873     1.9944  0.000e+00
     31.928   71.60090 -165.30476     32.260    -0.8779    -0.8784    -0.8787    32.4737    32.4959  1026.2572    26.1020    300.689    285.844  363.19633     82.790     78.715     0.2076     0.8974     3.2515     1.4846 8.2986e+00       2874     1.9951  0.000e+00
     31.882   71.60090 -165.30476     32.213    -0.8755    -0.8865    -0.8763    32.4738    32.5030  1026.2569    26.1020    300.898    286.304  363.17355     82.853     78.829     0.2063     0.8901     3.2503     1.4861 8.2986e+00       2875     1.9958  0.000e+00
     31.928   71.60090 -165.30476     32.260    -0.8733    -0.8976    -0.8740    32.4711    32.5121  1026.2549    26.0998    301.356    286.610  363.15907     82.982     78.896     0.2076     0.8974     3.2515     1.4846 8.2749e+00       2876     1.9965  0.000e+00
     31.882   71.60090 -165.30476     32.213    -0.8716    -0.8997    -0.8723    32.4665    32.5105  1026.2509    26.0960    301.600    287.059  363.15573     83.050     79.014     0.2088     0.9047     3.2515     1.4846 8.2514e+00       2877     1.9972  0.000e+00
     31.936   71.60090 -165.30476     32.268    -0.8717    -0.8907    -0.8725    32.4620    32.4967  1026.2475    26.0924    302.102    287.449  363.17018     83.185     79.131     0.2076     0.8974     3.2515     1.4846 8.2514e+00       2878     1.9979  0.000e+00
     31.928   71.60090 -165.30476     32.260    -0.8730    -0.8824    -0.8737    32.4596    32.4836  1026.2456    26.0904    302.384    287.625  363.18925     83.258     79.189     0.2076     0.8974     3.2515     1.4846 8.2279e+00       2879     1.9986  0.000e+00
     31.882   71.60090 -165.30476     32.213    -0.8753    -0.8706    -0.8761    32.4609    32.4643  1026.2465    26.0916    302.648    287.953  363.20811     83.326     79.292     0.2076     0.8974     3.2515     1.4846 8.2514e+00       2880     1.9993  0.000e+00
     31.928   71.60090 -165.30476     32.260    -0.8782    -0.8693    -0.8789    32.4663    32.4556  1026.2512    26.0961    303.146    288.138  363.22007     83.461     79.341     0.2088     0.9047     3.2515     1.4846 8.2749e+00       2881     2.0000  0.000e+00
     31.936   71.60090 -165.30476     32.268    -0.8802    -0.8838    -0.8809    32.4723    32.4669  1026.2562    26.1010    303.359    288.591  363.22232     83.519     79.442     0.2076     0.8974     3.2515     1.4846 8.2749e+00       2882     2.0007  0.000e+00
     31.882   71.60090 -165.30476     32.213    -0.8826    -0.8965    -0.8834    32.4780    32.4788  1026.2606    26.1057    303.553    288.804  363.22977     83.571     79.481     0.2076     0.8974     3.2515     1.4846 8.2514e+00       2883     2.0014  0.000e+00
     31.982   71.60090 -165.30476     32.315    -0.8840    -0.8906    -0.8848    32.4797    32.4718  1026.2625    26.1071    303.731    289.122  363.23836     83.618     79.577     0.2002     0.8535     3.2515     1.4846 8.2514e+00       2884     2.0021  0.000e+00
     31.882   71.60090 -165.30476     32.213    -0.8837    -0.8857    -0.8845    32.4764    32.4655  1026.2594    26.1044    303.875    289.445  363.24481     83.656     79.672     0.1966     0.8315     3.2491     1.4876 8.2514e+00       2885     2.0028  0.000e+00
     31.928   71.60090 -165.30476     32.260    -0.8808    -0.8927    -0.8816    32.4692    32.4718  1026.2537    26.0985    304.240    289.633  363.23725     83.758     79.713     0.1966     0.8315     3.2405     1.4982 8.2514e+00       2886     2.0035  0.000e+00
     31.936   71.60090 -165.30476     32.268    -0.8720    -0.9064    -0.8728    32.4560    32.4864  1026.2427    26.0875    304.331    290.059  363.19003     83.794     79.810     0.1966     0.8315     3.2369     1.5027 8.2514e+00       2887     2.0042  0.000e+00
     31.936   71.60090 -165.30476     32.268    -0.8625    -0.9193    -0.8633    32.4429    32.5004  1026.2317    26.0766    304.391    290.481  363.13537     83.823     79.907     0.1978     0.8388     3.2369     1.5027 8.2514e+00       2888     2.0049  0.000e+00
     31.928   71.60090 -165.30476     32.260    -0.8615    -0.9154    -0.8622    32.4421    32.4976  1026.2311    26.0759    304.432    290.560  363.12762     83.836     79.936     0.1966     0.8315     3.2369     1.5027 8.2514e+00       2889     2.0056  0.000e+00
     31.882   71.60090 -165.30476     32.213    -0.8651    -0.9151    -0.8659    32.4476    32.5027  1026.2354    26.0805    304.476    290.846  363.14735     83.844     80.018     0.1966     0.8315     3.2369     1.5027 8.2514e+00       2890     2.0063  0.000e+00
     31.982   71.60090 -165.30476     32.314    -0.8693    -0.9067    -0.8700    32.4531    32.5024  1026.2404    26.0850    304.554    291.074  363.17194     83.860     80.099     0.1966     0.8315     3.2369     1.5027 8.2514e+00       2891     2.0069  0.000e+00
     31.882   71.60090 -165.30476     32.213    -0.8717    -0.8732    -0.8725    32.4548    32.4764  1026.2414    26.0865    304.594    290.891  363.19073     83.866     80.104     0.1966     0.8315     3.2381     1.5012 8.2514e+00       2892     2.0076  0.000e+00
     31.928   71.60090 -165.30476     32.260    -0.8716    -0.8364    -0.8723    32.4530    32.4440  1026.2402    26.0851    304.899    290.920  363.19417     83.949     80.170     0.1966     0.8315     3.2381     1.5012 8.2279e+00       2893     2.0083  0.000e+00
     31.935   71.60090 -165.30476     32.268    -0.8717    -0.8277    -0.8725    32.4522    32.4398  1026.2396    26.0844    304.675    290.919  363.19823     83.887     80.185     0.1966     0.8315     3.2381     1.5012 8.2279e+00       2894     2.0090  0.000e+00
     31.935   71.60090 -165.30476     32.268    -0.8739    -0.8307    -0.8747    32.4538    32.4481  1026.2410    26.0858    304.645    291.190  363.21446     83.875     80.259     0.1978     0.8388     3.2381     1.5012 8.2279e+00       2895     2.0097  0.000e+00
     31.928   71.60090 -165.30476     32.260    -0.8775    -0.8301    -0.8783    32.4586    32.4525  1026.2449    26.0898    304.598    291.239  363.23622     83.857     80.276     0.1966     0.8315     3.2381     1.5012 8.2279e+00       2896     2.0104  0.000e+00
     31.935   71.60090 -165.30476     32.268    -0.8778    -0.8367    -0.8785    32.4623    32.4645  1026.2480    26.0928    305.002    291.306  363.22777     83.970     80.289     0.1966     0.8315     3.2369     1.5027 8.2279e+00       2897     2.0111  0.000e+00
     31.928   71.60090 -165.30476     32.260    -0.8733    -0.8432    -0.8740    32.4617    32.4749  1026.2473    26.0922    304.679    291.567  363.18579     83.891     80.353     0.1966     0.8315     3.2369     1.5027 8.2279e+00       2898     2.0118  0.000e+00
