EcoFOCI/data/1_SampleCollection/2023_SikuliaqDBO_CruiseData/CTD_raw_BottleFile_SKQ23-12S/proc/skq202312s_034.cnv
* Sea-Bird SBE 9 Data File:
* FileName = D:\CTD\SKQ202312S\SKQ202312S_034.hex
* Software Version Seasave V 7.26.7.121
* Temperature SN = 6177
* Conductivity SN = 0369
* Number of Bytes Per Scan = 41
* Number of Voltage Words = 4
* Number of Scans Averaged by the Deck Unit = 1
* NMEA Latitude = 71 37.15 N
* NMEA Longitude = 157 55.43 W
* NMEA UTC (Time) = Sep 21 2023  16:36:56
* NMEA baud rate = 4800
** Ship: R/V Sikuliaq
** Station Number: 034
** Station Name: DBO5.10
** Bottom Depth: 62
** Operator: SD
# nquan = 24
# nvalues = 4950                                  
# units = specified
# name 0 = depSM: Depth [salt water, m]
# name 1 = latitude: Latitude [deg]
# name 2 = longitude: Longitude [deg]
# name 3 = prDM: Pressure, Digiquartz [db]
# name 4 = t090C: Temperature [ITS-90, deg C]
# name 5 = t190C: Temperature, 2 [ITS-90, deg C]
# name 6 = potemp090C: Potential Temperature [ITS-90, deg C]
# name 7 = sal00: Salinity, Practical [PSU]
# name 8 = sal11: Salinity, Practical, 2 [PSU]
# name 9 = density00: Density [density, kg/m^3]
# name 10 = sigma-é00: Density [sigma-theta, kg/m^3]
# name 11 = sbox0Mm/Kg: Oxygen, SBE 43 [umol/kg]
# name 12 = sbox1Mm/Kg: Oxygen, SBE 43, 2 [umol/kg]
# name 13 = oxsolMm/Kg: Oxygen Saturation, Garcia & Gordon [umol/kg]
# name 14 = sbeox0PS: Oxygen, SBE 43 [% saturation]
# name 15 = sbeox1PS: Oxygen, SBE 43, 2 [% saturation]
# name 16 = v0: Voltage 0
# name 17 = flECO-AFL: Fluorescence, WET Labs ECO-AFL/FL [mg/m^3]
# name 18 = v1: Voltage 1
# name 19 = CStarAt0: Beam Attenuation, WET Labs C-Star [1/m]
# name 20 = par: PAR/Irradiance, Biospherical/Licor
# name 21 = scan: Scan Count
# name 22 = timeM: Time, Elapsed [minutes]
# name 23 = flag:  0.000e+00
# span 0 =      3.478,     56.893                 
# span 1 =   71.61914,   71.61918                 
# span 2 = -157.92404, -157.92392                 
# span 3 =      3.514,     57.488                 
# span 4 =    -1.6923,     2.3246                 
# span 5 =    -1.6915,     2.3255                 
# span 6 =    -1.6933,     2.3243                 
# span 7 =    29.6606,    32.9205                 
# span 8 =    29.6710,    32.9301                 
# span 9 =  1023.6974,  1026.7651                 
# span 10 =    23.6747,    26.4878                
# span 11 =    275.216,    402.341                
# span 12 =    261.786,    374.358                
# span 13 =  341.61769,  369.91648                
# span 14 =     74.503,    112.184                
# span 15 =     70.895,    105.255                
# span 16 =     0.0659,     0.1783                
# span 17 =     0.0476,     0.7216                
# span 18 =     3.0220,     4.1929                
# span 19 =     0.4672,     1.7776                
# span 20 = 1.0000e-12, 1.1349e+01                
# span 21 =          1,       4950                
# span 22 =     0.0000,     3.4368                
# span 23 = 0.0000e+00, 0.0000e+00                
# interval = seconds: 0.0416667
# start_time = Sep 21 2023 16:38:35 [NMEA time, first data scan]
# bad_flag = -9.990e-29
*END*
[from data line 302]
      4.681   71.61916 -157.92398      4.729     2.3060     2.3026     2.3057    29.6746    29.6871  1023.7097    23.6872    349.351    333.215  341.75129    102.224     97.503     0.1685     0.6630     4.1355     0.5223 8.6119e+00        303     0.2097  0.000e+00
      4.681   71.61916 -157.92398      4.729     2.3068     2.3025     2.3066    29.6740    29.6868  1023.7091    23.6867    349.347    333.213  341.74542    102.224     97.502     0.1673     0.6557     4.1355     0.5223 8.6119e+00        304     0.2104  0.000e+00
      4.681   71.61916 -157.92398      4.729     2.3086     2.3026     2.3084    29.6728    29.6870  1023.7080    23.6856    349.335    333.208  341.73326    102.225     97.501     0.1685     0.6630     4.1355     0.5223 8.6119e+00        305     0.2111  0.000e+00
      4.619   71.61916 -157.92398      4.667     2.3103     2.3027     2.3101    29.6716    29.6870  1023.7066    23.6845    349.322    333.202  341.72189    102.224     97.500     0.1673     0.6557     4.1355     0.5223 8.6119e+00        306     0.2118  0.000e+00
      4.681   71.61916 -157.92398      4.729     2.3119     2.3026     2.3117    29.6701    29.6869  1023.7057    23.6832    349.316    333.206  341.71173    102.225     97.500     0.1673     0.6557     4.1355     0.5223 8.5874e+00        307     0.2125  0.000e+00
      4.619   71.61916 -157.92398      4.667     2.3131     2.3021     2.3129    29.6692    29.6875  1023.7046    23.6824    349.306    333.206  341.70378    102.225     97.500     0.1697     0.6703     4.1355     0.5223 8.5874e+00        308     0.2132  0.000e+00
      4.619   71.61916 -157.92398      4.667     2.3144     2.3015     2.3142    29.6683    29.6878  1023.7037    23.6816    349.299    333.237  341.69504    102.225     97.507     0.1673     0.6557     4.1355     0.5223 8.5386e+00        309     0.2139  0.000e+00
      4.619   71.61916 -157.92398      4.667     2.3148     2.3009     2.3146    29.6677    29.6882  1023.7032    23.6811    349.299    333.270  341.69276    102.226     97.516     0.1648     0.6410     4.1355     0.5223 8.4900e+00        310     0.2146  0.000e+00
      4.642   71.61916 -157.92398      4.690     2.3152     2.3000     2.3150    29.6674    29.6886  1023.7031    23.6808    349.301    333.284  341.69089    102.227     97.518     0.1587     0.6044     4.1355     0.5223 8.4659e+00        311     0.2153  0.000e+00
      4.565   71.61916 -157.92398      4.612     2.3144     2.2992     2.3142    29.6681    29.6894  1023.7033    23.6815    349.306    333.292  341.69547    102.227     97.519     0.1587     0.6044     4.1355     0.5223 8.4418e+00        312     0.2160  0.000e+00
      4.619   71.61916 -157.92398      4.667     2.3134     2.2987     2.3132    29.6690    29.6896  1023.7044    23.6822    349.319    333.305  341.70157    102.229     97.522     0.1600     0.6117     4.1355     0.5223 8.3699e+00        313     0.2167  0.000e+00
      4.565   71.61916 -157.92398      4.612     2.3121     2.2981     2.3119    29.6701    29.6902  1023.7050    23.6832    349.330    333.316  341.71047    102.230     97.524     0.1587     0.6044     4.1355     0.5223 8.3699e+00        314     0.2174  0.000e+00
      4.619   71.61916 -157.92398      4.667     2.3101     2.2978     2.3099    29.6712    29.6904  1023.7064    23.6843    349.353    333.329  341.72421    102.232     97.527     0.1600     0.6117     4.1355     0.5223 8.3460e+00        315     0.2181  0.000e+00
      4.565   71.61916 -157.92398      4.612     2.3080     2.2973     2.3078    29.6728    29.6909  1023.7075    23.6857    349.370    333.340  341.73831    102.233     97.530     0.1587     0.6044     4.1355     0.5223 8.2986e+00        316     0.2188  0.000e+00
      4.565   71.61916 -157.92398      4.612     2.3061     2.2972     2.3059    29.6744    29.6911  1023.7089    23.6870    349.389    333.352  341.75107    102.235     97.533     0.1587     0.6044     4.1368     0.5212 8.2749e+00        317     0.2194  0.000e+00
      4.565   71.61916 -157.92398      4.612     2.3050     2.2978     2.3048    29.6753    29.6905  1023.7097    23.6878    349.173    333.385  341.75753    102.170     97.544     0.1575     0.5971     4.1355     0.5223 8.2749e+00        318     0.2201  0.000e+00
      4.565   71.61916 -157.92398      4.612     2.3043     2.2981     2.3041    29.6761    29.6902  1023.7104    23.6886    349.145    333.397  341.76138    102.160     97.548     0.1587     0.6044     4.1355     0.5223 8.2514e+00        319     0.2208  0.000e+00
      4.565   71.61916 -157.92398      4.612     2.3048     2.2987     2.3046    29.6759    29.6898  1023.7102    23.6884    349.109    333.408  341.75766    102.151     97.552     0.1600     0.6117     4.1355     0.5223 8.2514e+00        320     0.2215  0.000e+00
      4.565   71.61916 -157.92398      4.612     2.3055     2.2988     2.3053    29.6757    29.6895  1023.7100    23.6881    349.073    333.423  341.75220    102.142     97.557     0.1587     0.6044     4.1355     0.5223 8.2279e+00        321     0.2222  0.000e+00
      4.565   71.61916 -157.92398      4.612     2.3068     2.2990     2.3066    29.6744    29.6894  1023.7089    23.6870    349.263    333.439  341.74436    102.200     97.562     0.1600     0.6117     4.1355     0.5223 8.2514e+00        322     0.2229  0.000e+00
      4.565   71.61916 -157.92398      4.612     2.3080     2.2993     2.3078    29.6733    29.6890  1023.7079    23.6860    348.997    333.455  341.73710    102.125     97.567     0.1587     0.6044     4.1355     0.5223 8.2749e+00        323     0.2236  0.000e+00
      4.565   71.61916 -157.92398      4.612     2.3089     2.3004     2.3087    29.6729    29.6878  1023.7075    23.6856    348.962    333.467  341.73073    102.116     97.572     0.1587     0.6044     4.1355     0.5223 8.2749e+00        324     0.2243  0.000e+00
      4.565   71.61916 -157.92398      4.612     2.3103     2.3013     2.3101    29.6722    29.6875  1023.7069    23.6850    349.376    333.276  341.71977    102.241     97.518     0.1600     0.6117     4.1355     0.5223 8.3460e+00        325     0.2250  0.000e+00
      4.565   71.61916 -157.92398      4.612     2.3117     2.3025     2.3115    29.6708    29.6867  1023.7056    23.6838    349.186    333.468  341.71191    102.187     97.577     0.1587     0.6044     4.1355     0.5223 8.4177e+00        326     0.2257  0.000e+00
      4.511   71.61916 -157.92398      4.558     2.3128     2.3034     2.3126    29.6704    29.6859  1023.7050    23.6834    348.956    333.482  341.70309    102.122     97.582     0.1600     0.6117     4.1355     0.5223 8.3938e+00        327     0.2264  0.000e+00
      4.619   71.61916 -157.92398      4.667     2.3141     2.3037     2.3139    29.6692    29.6855  1023.7045    23.6824    348.925    333.509  341.69543    102.116     97.591     0.1587     0.6044     4.1355     0.5223 8.4900e+00        328     0.2271  0.000e+00
      4.527   71.61916 -157.92398      4.573     2.3148     2.3041     2.3146    29.6687    29.6852  1023.7036    23.6819    348.889    333.299  341.69022    102.107     97.530     0.1587     0.6044     4.1355     0.5223 8.5630e+00        329     0.2278  0.000e+00
      4.565   71.61916 -157.92398      4.612     2.3158     2.3051     2.3156    29.6683    29.6849  1023.7033    23.6815    348.859    333.472  341.68304    102.100     97.583     0.1600     0.6117     4.1355     0.5223 8.5630e+00        330     0.2285  0.000e+00
      4.511   71.61916 -157.92398      4.558     2.3167     2.3058     2.3165    29.6672    29.6843  1023.7021    23.6805    348.829    333.490  341.67798    102.093     97.590     0.1587     0.6044     4.1368     0.5212 8.6365e+00        331     0.2292  0.000e+00
      4.619   71.61916 -157.92398      4.667     2.3173     2.3063     2.3171    29.6668    29.6839  1023.7023    23.6802    348.769    333.493  341.67373    102.077     97.591     0.1600     0.6117     4.1368     0.5212 8.7355e+00        332     0.2299  0.000e+00
      4.565   71.61916 -157.92398      4.612     2.3178     2.3069     2.3176    29.6665    29.6837  1023.7018    23.6800    349.197    333.691  341.67025    102.203     97.651     0.1587     0.6044     4.1368     0.5212 8.7604e+00        333     0.2306  0.000e+00
      4.565   71.61916 -157.92398      4.612     2.3180     2.3069     2.3178    29.6662    29.6835  1023.7015    23.6796    348.795    333.717  341.66985    102.085     97.658     0.1600     0.6117     4.1368     0.5212 8.8356e+00        334     0.2313  0.000e+00
      4.565   71.61916 -157.92398      4.612     2.3175     2.3080     2.3173    29.6663    29.6830  1023.7016    23.6798    348.779    333.529  341.67323    102.080     97.605     0.1612     0.6190     4.1368     0.5212 8.9369e+00        335     0.2319  0.000e+00
      4.619   71.61916 -157.92398      4.667     2.3172     2.3091     2.3170    29.6665    29.6820  1023.7021    23.6800    348.765    333.523  341.67541    102.075     97.606     0.1648     0.6410     4.1368     0.5212 8.9624e+00        336     0.2326  0.000e+00
      4.565   71.61916 -157.92398      4.612     2.3171     2.3097     2.3168    29.6669    29.6818  1023.7022    23.6803    348.746    333.541  341.67584    102.069     97.612     0.1673     0.6557     4.1368     0.5212 9.0136e+00        337     0.2333  0.000e+00
      4.619   71.61916 -157.92398      4.667     2.3161     2.3101     2.3159    29.6676    29.6819  1023.7031    23.6810    348.741    333.566  341.68234    102.066     97.620     0.1661     0.6483     4.1368     0.5212 9.1169e+00        338     0.2340  0.000e+00
      4.619   71.61916 -157.92398      4.667     2.3150     2.3100     2.3148    29.6686    29.6818  1023.7039    23.6818    348.735    333.772  341.68914    102.062     97.680     0.1661     0.6483     4.1368     0.5212 9.1429e+00        339     0.2347  0.000e+00
      4.619   71.61916 -157.92398      4.667     2.3139     2.3098     2.3137    29.6696    29.6817  1023.7048    23.6827    348.958    333.596  341.69583    102.125     97.628     0.1661     0.6483     4.1368     0.5212 9.1690e+00        340     0.2354  0.000e+00
      4.681   71.61916 -157.92398      4.729     2.3141     2.3098     2.3139    29.6696    29.6819  1023.7051    23.6827    348.945    333.599  341.69440    102.122     97.629     0.1661     0.6483     4.1368     0.5212 9.2476e+00        341     0.2361  0.000e+00
      4.619   71.61916 -157.92398      4.667     2.3144     2.3100     2.3142    29.6692    29.6817  1023.7044    23.6823    348.737    333.596  341.69272    102.061     97.629     0.1673     0.6557     4.1355     0.5223 9.2740e+00        342     0.2368  0.000e+00
      4.681   71.61916 -157.92398      4.729     2.3139     2.3104     2.3137    29.6696    29.6816  1023.7051    23.6827    348.731    333.393  341.69591    102.059     97.570     0.1661     0.6483     4.1368     0.5212 9.3004e+00        343     0.2375  0.000e+00
      4.735   71.61916 -157.92398      4.784     2.3129     2.3095     2.3127    29.6702    29.6821  1023.7059    23.6832    348.730    333.558  341.70262    102.057     97.617     0.1661     0.6483     4.1368     0.5212 9.3270e+00        344     0.2382  0.000e+00
      4.619   71.61916 -157.92398      4.667     2.3121     2.3082     2.3119    29.6712    29.6835  1023.7062    23.6841    348.722    333.538  341.70742    102.053     97.609     0.1661     0.6483     4.1368     0.5212 9.3536e+00        345     0.2389  0.000e+00
      4.735   71.61916 -157.92398      4.784     2.3113     2.3074     2.3111    29.6712    29.6839  1023.7068    23.6841    348.766    333.347  341.71451    102.064     97.551     0.1661     0.6483     4.1368     0.5212 9.3536e+00        346     0.2396  0.000e+00
      4.681   71.61916 -157.92398      4.729     2.3113     2.3068     2.3111    29.6716    29.6840  1023.7069    23.6844    348.758    333.530  341.71353    102.062     97.603     0.1673     0.6557     4.1368     0.5212 9.3536e+00        347     0.2403  0.000e+00
      4.758   71.61916 -157.92398      4.807     2.3114     2.3065     2.3112    29.6716    29.6841  1023.7073    23.6845    348.758    333.740  341.71246    102.062     97.664     0.1661     0.6483     4.1368     0.5212 9.3536e+00        348     0.2410  0.000e+00
      4.735   71.61916 -157.92398      4.784     2.3114     2.3057     2.3112    29.6712    29.6846  1023.7068    23.6841    348.755    333.566  341.71310    102.061     97.612     0.1673     0.6557     4.1355     0.5223 9.3802e+00        349     0.2417  0.000e+00
      4.797   71.61916 -157.92398      4.846     2.3113     2.3051     2.3110    29.6716    29.6844  1023.7074    23.6844    348.759    333.575  341.71358    102.062     97.613     0.1661     0.6483     4.1355     0.5223 9.3536e+00        350     0.2424  0.000e+00
      4.735   71.61916 -157.92398      4.784     2.3113     2.3045     2.3111    29.6716    29.6854  1023.7071    23.6844    348.758    333.576  341.71360    102.061     97.612     0.1661     0.6483     4.1368     0.5212 9.3536e+00        351     0.2431  0.000e+00
      4.797   71.61916 -157.92398      4.846     2.3111     2.3041     2.3109    29.6710    29.6858  1023.7070    23.6840    348.767    333.581  341.71640    102.063     97.613     0.1673     0.6557     4.1355     0.5223 9.3536e+00        352     0.2437  0.000e+00
      4.797   71.61916 -157.92398      4.846     2.3108     2.3040     2.3106    29.6715    29.6860  1023.7073    23.6844    348.773    333.378  341.71757    102.065     97.554     0.1661     0.6483     4.1355     0.5223 9.3536e+00        353     0.2444  0.000e+00
      4.851   71.61916 -157.92398      4.901     2.3103     2.3043     2.3101    29.6719    29.6858  1023.7080    23.6847    348.786    333.559  341.72119    102.067     97.607     0.1673     0.6557     4.1355     0.5223 9.3270e+00        354     0.2451  0.000e+00
      4.851   71.61916 -157.92398      4.901     2.3098     2.3043     2.3096    29.6723    29.6858  1023.7083    23.6851    348.798    333.356  341.72430    102.070     97.548     0.1661     0.6483     4.1355     0.5223 9.3270e+00        355     0.2458  0.000e+00
      4.851   71.61916 -157.92398      4.901     2.3089     2.3046     2.3087    29.6731    29.6857  1023.7090    23.6858    348.813    333.332  341.72966    102.073     97.541     0.1673     0.6557     4.1355     0.5223 9.3270e+00        356     0.2465  0.000e+00
      4.851   71.61916 -157.92398      4.901     2.3086     2.3043     2.3083    29.6732    29.6860  1023.7092    23.6859    348.828    333.312  341.73261    102.076     97.535     0.1673     0.6557     4.1355     0.5223 9.3004e+00        357     0.2472  0.000e+00
      4.851   71.61916 -157.92398      4.901     2.3080     2.3039     2.3078    29.6733    29.6864  1023.7092    23.6860    348.846    333.295  341.73717    102.080     97.529     0.1661     0.6483     4.1355     0.5223 9.3004e+00        358     0.2479  0.000e+00
      4.904   71.61916 -157.92398      4.955     2.3075     2.3040     2.3073    29.6740    29.6857  1023.7101    23.6866    348.866    333.279  341.73988    102.085     97.524     0.1673     0.6557     4.1355     0.5223 9.2740e+00        359     0.2486  0.000e+00
      4.904   71.61916 -157.92398      4.955     2.3069     2.3035     2.3067    29.6747    29.6862  1023.7107    23.6872    348.885    333.265  341.74283    102.090     97.519     0.1661     0.6483     4.1355     0.5223 9.2476e+00        360     0.2493  0.000e+00
      4.904   71.61916 -157.92398      4.955     2.3068     2.3034     2.3066    29.6744    29.6868  1023.7105    23.6870    348.904    333.247  341.74451    102.095     97.514     0.1661     0.6483     4.1355     0.5223 9.2213e+00        361     0.2500  0.000e+00
      4.966   71.61916 -157.92398      5.017     2.3069     2.3032     2.3067    29.6745    29.6870  1023.7108    23.6871    348.924    333.235  341.74331    102.101     97.510     0.1624     0.6264     4.1355     0.5223 9.1951e+00        362     0.2507  0.000e+00
