EcoFOCI/data/1_SampleCollection/2023_SikuliaqDBO_CruiseData/CTD_raw_BottleFile_SKQ23-12S/proc/skq202312s_036avg.cnv
* Sea-Bird SBE 9 Data File:
* FileName = D:\CTD\SKQ202312S\SKQ202312S_036.hex
* Software Version Seasave V 7.26.7.121
* Temperature SN = 6177
* Conductivity SN = 0369
* Number of Bytes Per Scan = 41
* Number of Voltage Words = 4
* Number of Scans Averaged by the Deck Unit = 1
* NMEA Latitude = 72 27.93 N
* NMEA Longitude = 156 32.77 W
* NMEA UTC (Time) = Sep 22 2023  14:08:00
* NMEA baud rate = 4800
** Ship: R/V Sikuliaq
** Station Number: 036
** Station Name: CK9
** Bottom Depth: 990
** Operator: SD
# nquan = 25
# nvalues = 991                         
# units = specified
# name 0 = depSM: Depth [salt water, m]
# name 1 = latitude: Latitude [deg]
# name 2 = longitude: Longitude [deg]
# name 3 = prDM: Pressure, Digiquartz [db]
# name 4 = t090C: Temperature [ITS-90, deg C]
# name 5 = t190C: Temperature, 2 [ITS-90, deg C]
# name 6 = potemp090C: Potential Temperature [ITS-90, deg C]
# name 7 = sal00: Salinity, Practical [PSU]
# name 8 = sal11: Salinity, Practical, 2 [PSU]
# name 9 = density00: Density [density, kg/m^3]
# name 10 = sigma-é00: Density [sigma-theta, kg/m^3]
# name 11 = sbox0Mm/Kg: Oxygen, SBE 43 [umol/kg]
# name 12 = sbox1Mm/Kg: Oxygen, SBE 43, 2 [umol/kg]
# name 13 = oxsolMm/Kg: Oxygen Saturation, Garcia & Gordon [umol/kg]
# name 14 = sbeox0PS: Oxygen, SBE 43 [% saturation]
# name 15 = sbeox1PS: Oxygen, SBE 43, 2 [% saturation]
# name 16 = v0: Voltage 0
# name 17 = flECO-AFL: Fluorescence, WET Labs ECO-AFL/FL [mg/m^3]
# name 18 = v1: Voltage 1
# name 19 = CStarAt0: Beam Attenuation, WET Labs C-Star [1/m]
# name 20 = par: PAR/Irradiance, Biospherical/Licor
# name 21 = scan: Scan Count
# name 22 = timeM: Time, Elapsed [minutes]
# name 23 = nbin: number of scans per bin
# name 24 = flag: flag
# span 0 =      3.959,    981.449       
# span 1 =   72.46518,   72.46554       
# span 2 = -156.54650, -156.54612       
# span 3 =      4.000,    994.000       
# span 4 =    -1.6669,     3.5219       
# span 5 =    -1.6656,     3.5225       
# span 6 =    -1.6692,     3.5217       
# span 7 =    27.5792,    34.8590       
# span 8 =    27.5900,    34.8688       
# span 9 =  1021.9464,  1032.6561       
# span 10 =    21.9275,    27.9809      
# span 11 =    257.654,    386.366      
# span 12 =    243.681,    362.997      
# span 13 =  336.83840,  369.69062      
# span 14 =     73.070,    106.684      
# span 15 =     69.216,    101.004      
# span 16 =     0.0563,     0.1790      
# span 17 =    -0.0103,     0.7258      
# span 18 =     3.9564,     4.2681      
# span 19 =     0.3961,     0.6995      
# span 20 = -1.928e-04, 2.8560e-01      
# span 21 =        587,      33161      
# span 22 =     0.4072,    23.0277      
# span 23 =          1,        777      
# span 24 = 0.0000e+00, 0.0000e+00      
# interval = decibars: 1                
# start_time = Sep 22 2023 14:11:59 [NMEA time, first data scan]
# bad_flag = -9.990e-29
*END*
[from data line 58]
     61.354   72.46554 -156.54614     62.000    -1.1425    -1.1420    -1.1439    32.1921    32.2049  1026.1810    25.8822    320.996    304.919  366.58443     87.564     83.188     0.0676     0.0578     4.2251     0.4366 4.6262e-06       4944     3.4326         44 0.0000e+00
     62.344   72.46554 -156.54614     63.000    -1.1669    -1.1667    -1.1683    32.2143    32.2278  1026.2045    25.9009    317.976    302.677  366.76016     86.699     82.537     0.0653     0.0439     4.2333     0.4288 5.2314e-06       4984     3.4601         42 0.0000e+00
     63.333   72.46554 -156.54614     64.000    -1.1915    -1.1904    -1.1928    32.2345    32.2470  1026.2264    25.9179    310.205    295.411  366.94295     84.538     80.516     0.0647     0.0400     4.2306     0.4313 4.3952e-06       5037     3.4974         68 0.0000e+00
     64.323   72.46554 -156.54614     65.000    -1.1998    -1.1987    -1.2012    32.2510    32.2630  1026.2448    25.9316    308.951    293.219  366.97754     84.188     79.911     0.0676     0.0575     4.2249     0.4368 4.6342e-06       5099     3.5406         44 0.0000e+00
     65.312   72.46554 -156.54613     66.000    -1.2085    -1.2076    -1.2098    32.2602    32.2727  1026.2574    25.9393    311.078    296.080  367.03610     84.754     80.678     0.0662     0.0490     4.2264     0.4354 7.0071e-06       5133     3.5641         28 0.0000e+00
     66.302   72.46554 -156.54612     67.000    -1.2124    -1.2113    -1.2137    32.2710    32.2833  1026.2711    25.9482    311.716    295.930  367.04300     84.926     80.636     0.0665     0.0509     4.2270     0.4348 3.1797e-06       5159     3.5822         28 0.0000e+00
     67.291   72.46553 -156.54612     68.000    -1.2075    -1.2067    -1.2089    32.2722    32.2823  1026.2767    25.9490    310.589    295.075  366.99172     84.631     80.412     0.0677     0.0582     4.2272     0.4346 5.9459e-06       5251     3.6457         99 0.0000e+00
     68.280   72.46552 -156.54612     69.000    -1.2609    -1.2596    -1.2623    32.3131    32.3288  1026.3162    25.9836    309.924    294.924  367.40038     84.356     80.286     0.0639     0.0353     4.2258     0.4360 5.7970e-06       5286     3.6702         19 0.0000e+00
     69.270   72.46552 -156.54612     70.000    -1.2897    -1.2887    -1.2911    32.3316    32.3446  1026.3369    25.9994    310.358    295.310  367.63071     84.421     80.338     0.0647     0.0406     4.2231     0.4385 6.2335e-06       5306     3.6838         23 0.0000e+00
     70.259   72.46552 -156.54612     71.000    -1.2805    -1.2722    -1.2819    32.3244    32.3320  1026.3356    25.9933    308.627    293.709  367.56045     83.966     79.930     0.0644     0.0385     4.2293     0.4327 3.6959e-06       5387     3.7403         77 0.0000e+00
     71.249   72.46552 -156.54612     72.000    -1.2777    -1.2758    -1.2792    32.3498    32.3541  1026.3609    26.0138    308.077    292.582  367.45967     83.840     79.630     0.0637     0.0345     4.2271     0.4347 2.2160e-06       5427     3.7683         19 0.0000e+00
     72.238   72.46552 -156.54612     73.000    -1.2639    -1.2633    -1.2654    32.3586    32.3715  1026.3725    26.0206    307.853    292.583  367.29729     83.816     79.668     0.0636     0.0337     4.2107     0.4503 6.2804e-06       5446     3.7814         22 0.0000e+00
     73.227   72.46552 -156.54612     74.000    -1.2776    -1.2736    -1.2791    32.3604    32.3703  1026.3792    26.0224    310.013    294.664  367.42785     84.374     80.211     0.0673     0.0557     4.2122     0.4488 4.2439e-06       5521     3.8330        104 0.0000e+00
     74.217   72.46552 -156.54612     75.000    -1.2770    -1.2759    -1.2785    32.3871    32.3995  1026.4056    26.0441    311.550    296.912  367.34406     84.811     80.837     0.0661     0.0489     4.2075     0.4533 3.7396e-06       5584     3.8769         36 0.0000e+00
     75.206   72.46552 -156.54612     76.000    -1.2873    -1.2864    -1.2889    32.3932    32.4061  1026.4157    26.0493    311.171    297.183  367.42866     84.689     80.892     0.0675     0.0567     4.1787     0.4808 4.3604e-06       5616     3.8992         33 0.0000e+00
     76.196   72.46552 -156.54612     77.000    -1.3150    -1.3146    -1.3166    32.3988    32.4126  1026.4259    26.0546    311.412    296.245  367.68576     84.695     80.580     0.0682     0.0610     4.1856     0.4742 5.1954e-06       5651     3.9239         42 0.0000e+00
     77.185   72.46551 -156.54612     78.000    -1.3515    -1.3546    -1.3531    32.4106    32.4247  1026.4413    26.0652    313.362    297.502  368.01262     85.150     80.843     0.0675     0.0566     4.2091     0.4517 4.6057e-06       5721     3.9725         78 0.0000e+00
     78.174   72.46550 -156.54612     79.000    -1.3557    -1.3540    -1.3573    32.4282    32.4382  1026.4605    26.0796    310.218    295.281  368.00270     84.298     80.249     0.0661     0.0487     4.2123     0.4487 3.6256e-06       5771     4.0069         30 0.0000e+00
     79.164   72.46550 -156.54612     80.000    -1.3620    -1.3616    -1.3636    32.4404    32.4532  1026.4754    26.0897    309.090    293.729  368.02984     83.985     79.820     0.0662     0.0495     4.2005     0.4599 6.2086e-06       5798     4.0260         30 0.0000e+00
     80.153   72.46550 -156.54612     81.000    -1.3708    -1.3671    -1.3724    32.4529    32.4604  1026.4907    26.1000    307.987    292.834  368.07985     83.674     79.570     0.0643     0.0378     4.2132     0.4479 4.7922e-06       5862     4.0700         98 0.0000e+00
     81.142   72.46550 -156.54612     82.000    -1.3750    -1.3753    -1.3766    32.4594    32.4730  1026.5008    26.1054    303.534    287.811  368.10334     82.459     78.195     0.0625     0.0270     4.2134     0.4477 4.7911e-06       5929     4.1168         23 0.0000e+00
     82.132   72.46550 -156.54612     83.000    -1.3843    -1.3831    -1.3860    32.4693    32.4811  1026.5140    26.1137    303.182    287.391  368.16675     82.349     78.070     0.0624     0.0263     4.2146     0.4465 5.2490e-06       5946     4.1286         21 0.0000e+00
     83.121   72.46550 -156.54612     84.000    -1.3826    -1.3811    -1.3843    32.4733    32.4833  1026.5220    26.1169    303.451    288.305  368.13832     82.428     78.324     0.0653     0.0436     4.2038     0.4568 4.8112e-06       5995     4.1624         91 0.0000e+00
     84.110   72.46550 -156.54614     85.000    -1.3977    -1.3950    -1.3994    32.4911    32.5013  1026.5417    26.1318    306.484    290.111  368.23610     83.230     78.796     0.0669     0.0533     4.1991     0.4613 4.8033e-06       6067     4.2123         30 0.0000e+00
     85.100   72.46550 -156.54614     86.000    -1.4017    -1.4005    -1.4034    32.5002    32.5118  1026.5539    26.1392    306.646    291.446  368.24884     83.272     79.153     0.0675     0.0570     4.1943     0.4659 4.5423e-06       6092     4.2299         28 0.0000e+00
     86.089   72.46550 -156.54614     87.000    -1.4114    -1.4080    -1.4131    32.5137    32.5222  1026.5700    26.1505    307.513    292.218  368.30605     83.494     79.354     0.0674     0.0561     4.1930     0.4671 4.5180e-06       6152     4.2713         90 0.0000e+00
     87.078   72.46549 -156.54614     88.000    -1.4151    -1.4154    -1.4168    32.5281    32.5450  1026.5866    26.1622    307.418    293.550  368.30030     83.469     79.714     0.0704     0.0746     4.1854     0.4744 4.9039e-06       6213     4.3140         26 0.0000e+00
     88.068   72.46548 -156.54614     89.000    -1.4229    -1.4198    -1.4247    32.5367    32.5482  1026.5987    26.1694    307.593    293.424  368.35321     83.505     79.672     0.0677     0.0578     4.1728     0.4865 4.4047e-06       6236     4.3299         25 0.0000e+00
     89.057   72.46549 -156.54615     90.000    -1.4337    -1.4292    -1.4355    32.5407    32.5507  1026.6070    26.1729    308.581    294.103  368.44908     83.751     79.838     0.0704     0.0743     4.1158     0.5416 4.0056e-06       6297     4.3723         95 0.0000e+00
     90.046   72.46548 -156.54616     91.000    -1.4476    -1.4500    -1.4494    32.5485    32.5608  1026.6185    26.1796    310.216    294.971  368.56382     84.169     80.035     0.0711     0.0790     4.0933     0.5634 5.5890e-06       6358     4.4142         23 0.0000e+00
     91.036   72.46548 -156.54616     92.000    -1.4405    -1.4400    -1.4423    32.5589    32.5713  1026.6316    26.1878    310.044    295.235  368.46338     84.145     80.135     0.0722     0.0852     4.0667     0.5895 4.9246e-06       6375     4.4266         19 0.0000e+00
     92.025   72.46548 -156.54616     93.000    -1.4668    -1.4614    -1.4686    32.5651    32.5748  1026.6422    26.1936    308.887    293.963  368.70623     83.776     79.746     0.0693     0.0678     4.1212     0.5363 3.5587e-06       6440     4.4717        106 0.0000e+00
     93.014   72.46548 -156.54616     94.000    -1.4906    -1.4943    -1.4924    32.5772    32.5934  1026.6575    26.2041    305.994    291.847  368.90750     82.946     79.113     0.0712     0.0792     4.1087     0.5484 4.8714e-06       6504     4.5157         21 0.0000e+00
     94.003   72.46548 -156.54616     95.000    -1.5199    -1.5195    -1.5217    32.6018    32.6148  1026.6831    26.2247    305.769    291.477  369.12726     82.836     78.973     0.0704     0.0745     4.0702     0.5860 3.0111e-06       6523     4.5293         23 0.0000e+00
     94.993   72.46548 -156.54616     96.000    -1.5236    -1.5201    -1.5254    32.6073    32.6165  1026.6925    26.2292    304.835    289.928  369.14829     82.578     78.553     0.0726     0.0876     4.0872     0.5694 5.2277e-06       6576     4.5662         86 0.0000e+00
     95.982   72.46548 -156.54616     97.000    -1.5323    -1.5312    -1.5342    32.6234    32.6357  1026.7106    26.2426    302.800    288.621  369.18808     82.018     78.187     0.0717     0.0820     4.0925     0.5642 3.1825e-06       6637     4.6080         26 0.0000e+00
     96.971   72.46548 -156.54616     98.000    -1.5295    -1.5282    -1.5313    32.6365    32.6480  1026.7259    26.2531    302.031    287.147  369.12144     81.824     77.802     0.0691     0.0665     4.1016     0.5552 4.4745e-06       6662     4.6254         30 0.0000e+00
     97.960   72.46546 -156.54616     99.000    -1.5320    -1.5297    -1.5338    32.6502    32.6553  1026.7420    26.2643    301.043    285.914  369.10601     81.560     77.469     0.0704     0.0744     4.1172     0.5401 6.1451e-06       6726     4.6701         80 0.0000e+00
     98.950   72.46546 -156.54616    100.000    -1.5314    -1.5301    -1.5333    32.6680    32.6791  1026.7612    26.2787    299.612    285.481  369.04864     81.185     77.366     0.0665     0.0508     4.1237     0.5337 7.0848e-06       6774     4.7033         30 0.0000e+00
     99.939   72.46546 -156.54616    101.000    -1.5304    -1.5292    -1.5323    32.6812    32.6936  1026.7767    26.2894    299.142    285.427  369.00058     81.068     77.362     0.0678     0.0588     4.1144     0.5429 4.6009e-06       6822     4.7368         75 0.0000e+00
    100.928   72.46546 -156.54616    102.000    -1.5331    -1.5320    -1.5350    32.6932    32.7047  1026.7913    26.2993    298.286    284.187  368.99157     80.838     77.027     0.0686     0.0638     4.1094     0.5477 2.8292e-06       6882     4.7786         29 0.0000e+00
    101.917   72.46546 -156.54616    103.000    -1.5347    -1.5333    -1.5367    32.7061    32.7169  1026.8067    26.3098    297.341    282.859  368.97027     80.587     76.671     0.0690     0.0659     4.1060     0.5510 1.3434e-06       6907     4.7957         26 0.0000e+00
    102.907   72.46546 -156.54616    104.000    -1.5387    -1.5369    -1.5407    32.7079    32.7192  1026.8131    26.3114    296.480    281.252  369.00502     80.346     76.230     0.0680     0.0598     4.1189     0.5385 3.0108e-06       6966     4.8367         96 0.0000e+00
    103.896   72.46545 -156.54616    105.000    -1.5445    -1.5445    -1.5465    32.7161    32.7285  1026.8247    26.3182    295.871    281.454  369.03899     80.173     76.274     0.0676     0.0573     4.1069     0.5501 5.7068e-06       7030     4.8812         24 0.0000e+00
    104.885   72.46544 -156.54616    106.000    -1.5540    -1.5532    -1.5560    32.7293    32.7411  1026.8405    26.3291    295.894    281.690  369.09507     80.167     76.328     0.0674     0.0560     4.0951     0.5616 5.2467e-06       7051     4.8957         21 0.0000e+00
    105.874   72.46544 -156.54616    107.000    -1.5530    -1.5519    -1.5550    32.7363    32.7476  1026.8510    26.3348    295.877    281.577  369.06409     80.170     76.304     0.0665     0.0507     4.0974     0.5594 7.0452e-06       7073     4.9112         25 0.0000e+00
    106.864   72.46544 -156.54617    108.000    -1.5557    -1.5546    -1.5578    32.7418    32.7531  1026.8603    26.3393    295.613    280.931  369.07514     80.096     76.127     0.0676     0.0576     4.1054     0.5516 6.0165e-06       7106     4.9342         41 0.0000e+00
    107.853   72.46544 -156.54616    109.000    -1.5590    -1.5583    -1.5611    32.7517    32.7635  1026.8732    26.3474    295.141    280.297  369.07958     79.967     75.953     0.0673     0.0555     4.0975     0.5593 3.2485e-06       7145     4.9613         33 0.0000e+00
    108.842   72.46544 -156.54616    110.000    -1.5594    -1.5580    -1.5615    32.7569    32.7679  1026.8823    26.3517    294.908    280.623  369.06800     79.906     76.045     0.0675     0.0568     4.0793     0.5772 2.7153e-06       7176     4.9825         28 0.0000e+00
    109.831   72.46544 -156.54617    111.000    -1.5556    -1.5543    -1.5577    32.7637    32.7749  1026.8925    26.3571    294.884    280.062  369.01005     79.912     75.905     0.0675     0.0570     4.1021     0.5548 2.0241e-06       7202     5.0009         25 0.0000e+00
    110.820   72.46544 -156.54618    112.000    -1.5567    -1.5556    -1.5589    32.7744    32.7853  1026.9060    26.3658    294.904    279.915  368.99071     79.922     75.869     0.0675     0.0568     4.1372     0.5208 3.3135e-06       7226     5.0173         23 0.0000e+00
    111.810   72.46544 -156.54618    113.000    -1.5602    -1.5590    -1.5623    32.7883    32.7997  1026.9223    26.3772    295.118    280.025  368.98414     79.981     75.900     0.0662     0.0490     4.1525     0.5060 7.8243e-06       7249     5.0337         23 0.0000e+00
    112.799   72.46544 -156.54618    114.000    -1.5646    -1.5634    -1.5668    32.7977    32.8090  1026.9348    26.3849    295.589    280.902  369.00081     80.105     76.134     0.0673     0.0557     4.1606     0.4982 4.2624e-06       7274     5.0509         26 0.0000e+00
    113.788   72.46544 -156.54618    115.000    -1.5679    -1.5668    -1.5701    32.8059    32.8174  1026.9464    26.3917    295.800    281.690  369.00937     80.161     76.346     0.0675     0.0570     4.1596     0.4991 2.3783e-06       7300     5.0687         25 0.0000e+00
    114.777   72.46544 -156.54618    116.000    -1.5797    -1.5787    -1.5819    32.8197    32.8316  1026.9628    26.4032    296.333    282.089  369.08676     80.288     76.438     0.0663     0.0496     4.1560     0.5026 2.9318e-06       7325     5.0864         26 0.0000e+00
    115.766   72.46544 -156.54618    117.000    -1.5936    -1.5926    -1.5958    32.8331    32.8448  1026.9788    26.4144    296.765    281.812  369.18609     80.384     76.342     0.0662     0.0491     4.1291     0.5287 5.0763e-06       7351     5.1041         25 0.0000e+00
    116.756   72.46544 -156.54618    118.000    -1.5971    -1.5960    -1.5994    32.8489    32.8604  1026.9965    26.4273    296.703    281.756  369.17527     80.369     76.330     0.0675     0.0567     4.0631     0.5931 4.2472e-06       7375     5.1210         24 0.0000e+00
