EcoFOCI/data/1_SampleCollection/2023_SikuliaqDBO_CruiseData/CTD_raw_BottleFile_SKQ23-12S/proc/skq202312s_079svp.cnv
* Sea-Bird SBE 9 Data File:
* FileName = D:\CTD\SKQ202312S\SKQ202312S_079.hex
* Software Version Seasave V 7.26.7.121
* Temperature SN = 6177
* Conductivity SN = 0369
* Number of Bytes Per Scan = 41
* Number of Voltage Words = 4
* Number of Scans Averaged by the Deck Unit = 1
* NMEA Latitude = 65 44.28 N
* NMEA Longitude = 168 38.83 W
* NMEA UTC (Time) = Oct 03 2023  07:05:08
* NMEA baud rate = 4800
** Ship: R/V Sikuliaq
** Station Number: 079
** Station Name: BS6
** Bottom Depth: 51
** Operator: SD
# nquan = 7
# nvalues = 5201                                  
# units = specified
# name 0 = depSM: Depth [salt water, m]
# name 1 = latitude: Latitude [deg]
# name 2 = longitude: Longitude [deg]
# name 3 = t090C: Temperature [ITS-90, deg C]
# name 4 = sal00: Salinity, Practical [PSU]
# name 5 = svCM: Sound Velocity [Chen-Millero, m/s]
# name 6 = flag:  0.000e+00
# span 0 =      2.896,     46.217                 
# span 1 =   65.73778,   65.73788                 
# span 2 = -168.64800, -168.64748                 
# span 3 =     2.8054,     6.2234                 
# span 4 =    26.2108,    32.5771                 
# span 5 =    1456.41,    1469.77                 
# span 6 = 0.0000e+00, 0.0000e+00                 
# interval = seconds: 0.0416667
# start_time = Oct 03 2023 07:08:37 [NMEA time, first data scan]
# bad_flag = -9.990e-29
*END*
[from data line 3693]
     41.687   65.73780 -168.64782     2.8377    32.4529    1459.09  0.000e+00
     41.687   65.73780 -168.64782     2.8374    32.4535    1459.09  0.000e+00
     41.687   65.73780 -168.64782     2.8377    32.4520    1459.09  0.000e+00
     41.741   65.73780 -168.64782     2.8377    32.4528    1459.09  0.000e+00
     41.748   65.73780 -168.64782     2.8374    32.4530    1459.09  0.000e+00
     41.748   65.73780 -168.64782     2.8379    32.4522    1459.09  0.000e+00
     41.802   65.73780 -168.64782     2.8379    32.4527    1459.09  0.000e+00
     41.748   65.73780 -168.64782     2.8379    32.4516    1459.09  0.000e+00
     41.795   65.73780 -168.64782     2.8379    32.4525    1459.09  0.000e+00
     41.856   65.73780 -168.64782     2.8379    32.4527    1459.09  0.000e+00
     41.802   65.73780 -168.64782     2.8377    32.4528    1459.09  0.000e+00
     41.918   65.73780 -168.64782     2.8379    32.4530    1459.09  0.000e+00
     41.849   65.73780 -168.64782     2.8381    32.4534    1459.09  0.000e+00
     41.918   65.73780 -168.64782     2.8386    32.4539    1459.10  0.000e+00
     41.918   65.73780 -168.64782     2.8388    32.4535    1459.10  0.000e+00
     41.972   65.73780 -168.64782     2.8388    32.4538    1459.10  0.000e+00
     41.972   65.73780 -168.64782     2.8393    32.4528    1459.10  0.000e+00
     42.026   65.73780 -168.64782     2.8393    32.4525    1459.10  0.000e+00
     41.972   65.73780 -168.64782     2.8398    32.4534    1459.10  0.000e+00
     42.088   65.73780 -168.64782     2.8399    32.4542    1459.11  0.000e+00
     42.088   65.73780 -168.64782     2.8403    32.4547    1459.11  0.000e+00
     42.088   65.73780 -168.64782     2.8408    32.4559    1459.11  0.000e+00
     42.080   65.73780 -168.64782     2.8412    32.4560    1459.11  0.000e+00
     42.142   65.73780 -168.64782     2.8413    32.4562    1459.11  0.000e+00
     42.142   65.73780 -168.64782     2.8420    32.4564    1459.12  0.000e+00
     42.142   65.73780 -168.64782     2.8423    32.4574    1459.12  0.000e+00
     42.258   65.73780 -168.64782     2.8425    32.4586    1459.12  0.000e+00
     42.196   65.73780 -168.64782     2.8427    32.4576    1459.12  0.000e+00
     42.258   65.73780 -168.64784     2.8431    32.4575    1459.13  0.000e+00
     42.258   65.73780 -168.64784     2.8431    32.4578    1459.13  0.000e+00
     42.319   65.73780 -168.64784     2.8435    32.4573    1459.13  0.000e+00
     42.312   65.73780 -168.64784     2.8435    32.4579    1459.13  0.000e+00
     42.319   65.73780 -168.64784     2.8435    32.4590    1459.13  0.000e+00
     42.373   65.73780 -168.64784     2.8439    32.4584    1459.13  0.000e+00
     42.435   65.73780 -168.64784     2.8439    32.4587    1459.13  0.000e+00
     42.373   65.73780 -168.64784     2.8442    32.4586    1459.13  0.000e+00
     42.482   65.73780 -168.64784     2.8443    32.4588    1459.14  0.000e+00
     42.489   65.73780 -168.64784     2.8445    32.4590    1459.14  0.000e+00
     42.435   65.73780 -168.64784     2.8445    32.4588    1459.14  0.000e+00
     42.543   65.73780 -168.64784     2.8447    32.4581    1459.14  0.000e+00
     42.543   65.73780 -168.64784     2.8447    32.4595    1459.14  0.000e+00
     42.543   65.73780 -168.64784     2.8448    32.4590    1459.14  0.000e+00
     42.543   65.73780 -168.64784     2.8448    32.4580    1459.14  0.000e+00
     42.605   65.73780 -168.64784     2.8448    32.4575    1459.14  0.000e+00
     42.605   65.73780 -168.64784     2.8449    32.4587    1459.14  0.000e+00
     42.605   65.73780 -168.64784     2.8449    32.4589    1459.14  0.000e+00
     42.659   65.73780 -168.64784     2.8448    32.4582    1459.14  0.000e+00
     42.721   65.73780 -168.64784     2.8451    32.4586    1459.14  0.000e+00
     42.659   65.73780 -168.64784     2.8451    32.4593    1459.14  0.000e+00
     42.721   65.73780 -168.64784     2.8453    32.4591    1459.14  0.000e+00
     42.721   65.73780 -168.64784     2.8453    32.4592    1459.14  0.000e+00
     42.713   65.73780 -168.64784     2.8453    32.4591    1459.14  0.000e+00
     42.775   65.73780 -168.64784     2.8453    32.4587    1459.15  0.000e+00
     42.775   65.73780 -168.64784     2.8454    32.4596    1459.15  0.000e+00
     42.775   65.73780 -168.64784     2.8453    32.4586    1459.15  0.000e+00
     42.837   65.73780 -168.64784     2.8456    32.4590    1459.15  0.000e+00
     42.829   65.73780 -168.64784     2.8456    32.4599    1459.15  0.000e+00
     42.837   65.73780 -168.64784     2.8454    32.4598    1459.15  0.000e+00
     42.891   65.73780 -168.64784     2.8456    32.4594    1459.15  0.000e+00
     42.837   65.73780 -168.64784     2.8457    32.4595    1459.15  0.000e+00
     42.891   65.73780 -168.64784     2.8457    32.4591    1459.15  0.000e+00
     42.883   65.73780 -168.64784     2.8456    32.4606    1459.15  0.000e+00
     42.945   65.73780 -168.64784     2.8457    32.4603    1459.15  0.000e+00
     42.891   65.73780 -168.64784     2.8457    32.4599    1459.15  0.000e+00
     42.945   65.73780 -168.64784     2.8459    32.4611    1459.15  0.000e+00
     42.945   65.73780 -168.64784     2.8457    32.4620    1459.15  0.000e+00
     42.945   65.73780 -168.64784     2.8459    32.4617    1459.15  0.000e+00
     42.999   65.73780 -168.64784     2.8459    32.4608    1459.15  0.000e+00
     42.945   65.73780 -168.64784     2.8461    32.4601    1459.15  0.000e+00
     43.006   65.73780 -168.64784     2.8461    32.4607    1459.15  0.000e+00
     43.006   65.73780 -168.64784     2.8459    32.4615    1459.16  0.000e+00
     43.006   65.73780 -168.64784     2.8461    32.4623    1459.16  0.000e+00
     43.060   65.73780 -168.64784     2.8462    32.4622    1459.16  0.000e+00
     43.006   65.73780 -168.64784     2.8464    32.4624    1459.16  0.000e+00
     43.060   65.73780 -168.64784     2.8462    32.4627    1459.16  0.000e+00
     43.006   65.73780 -168.64784     2.8465    32.4622    1459.16  0.000e+00
     43.060   65.73780 -168.64784     2.8462    32.4628    1459.16  0.000e+00
     43.114   65.73780 -168.64784     2.8464    32.4623    1459.16  0.000e+00
     43.060   65.73780 -168.64784     2.8467    32.4628    1459.16  0.000e+00
     43.060   65.73780 -168.64784     2.8464    32.4623    1459.16  0.000e+00
     43.122   65.73780 -168.64784     2.8465    32.4624    1459.16  0.000e+00
     43.122   65.73780 -168.64784     2.8465    32.4605    1459.16  0.000e+00
     43.114   65.73780 -168.64784     2.8469    32.4607    1459.16  0.000e+00
     43.060   65.73780 -168.64784     2.8465    32.4624    1459.16  0.000e+00
     43.176   65.73780 -168.64784     2.8465    32.4626    1459.16  0.000e+00
     43.122   65.73780 -168.64784     2.8467    32.4622    1459.16  0.000e+00
     43.122   65.73780 -168.64784     2.8465    32.4617    1459.16  0.000e+00
     43.060   65.73780 -168.64784     2.8464    32.4619    1459.16  0.000e+00
     43.238   65.73780 -168.64784     2.8464    32.4627    1459.16  0.000e+00
     43.176   65.73780 -168.64784     2.8462    32.4626    1459.16  0.000e+00
     43.176   65.73780 -168.64784     2.8464    32.4631    1459.16  0.000e+00
     43.176   65.73780 -168.64784     2.8464    32.4620    1459.16  0.000e+00
     43.238   65.73780 -168.64784     2.8464    32.4624    1459.16  0.000e+00
     43.168   65.73780 -168.64784     2.8465    32.4622    1459.16  0.000e+00
     43.238   65.73780 -168.64784     2.8467    32.4621    1459.16  0.000e+00
     43.238   65.73780 -168.64784     2.8464    32.4625    1459.16  0.000e+00
     43.238   65.73780 -168.64784     2.8465    32.4623    1459.16  0.000e+00
     43.238   65.73780 -168.64784     2.8465    32.4629    1459.16  0.000e+00
     43.284   65.73780 -168.64784     2.8464    32.4633    1459.16  0.000e+00
     43.238   65.73780 -168.64784     2.8467    32.4632    1459.16  0.000e+00
     43.292   65.73780 -168.64784     2.8467    32.4630    1459.17  0.000e+00
     43.292   65.73780 -168.64784     2.8469    32.4621    1459.17  0.000e+00
     43.292   65.73780 -168.64784     2.8469    32.4623    1459.17  0.000e+00
     43.230   65.73780 -168.64784     2.8469    32.4619    1459.16  0.000e+00
     43.346   65.73780 -168.64784     2.8469    32.4620    1459.17  0.000e+00
     43.292   65.73780 -168.64784     2.8469    32.4631    1459.17  0.000e+00
     43.346   65.73780 -168.64784     2.8465    32.4632    1459.17  0.000e+00
     43.292   65.73780 -168.64784     2.8467    32.4631    1459.17  0.000e+00
     43.346   65.73780 -168.64784     2.8465    32.4634    1459.17  0.000e+00
     43.400   65.73780 -168.64784     2.8465    32.4633    1459.17  0.000e+00
     43.346   65.73780 -168.64784     2.8464    32.4635    1459.17  0.000e+00
     43.408   65.73780 -168.64784     2.8462    32.4630    1459.17  0.000e+00
     43.408   65.73780 -168.64784     2.8465    32.4633    1459.17  0.000e+00
     43.408   65.73780 -168.64784     2.8465    32.4636    1459.17  0.000e+00
     43.400   65.73780 -168.64784     2.8462    32.4643    1459.17  0.000e+00
     43.462   65.73780 -168.64784     2.8464    32.4637    1459.17  0.000e+00
     43.462   65.73780 -168.64784     2.8465    32.4631    1459.17  0.000e+00
     43.462   65.73780 -168.64784     2.8464    32.4647    1459.17  0.000e+00
     43.408   65.73780 -168.64784     2.8465    32.4639    1459.17  0.000e+00
     43.523   65.73780 -168.64784     2.8465    32.4631    1459.17  0.000e+00
     43.516   65.73780 -168.64784     2.8465    32.4632    1459.17  0.000e+00
     43.523   65.73780 -168.64784     2.8465    32.4635    1459.17  0.000e+00
     43.462   65.73780 -168.64784     2.8465    32.4640    1459.17  0.000e+00
     43.577   65.73780 -168.64784     2.8469    32.4642    1459.17  0.000e+00
     43.577   65.73780 -168.64784     2.8471    32.4658    1459.18  0.000e+00
     43.570   65.73780 -168.64784     2.8476    32.4665    1459.18  0.000e+00
     43.577   65.73780 -168.64784     2.8481    32.4673    1459.18  0.000e+00
     43.639   65.73780 -168.64784     2.8490    32.4682    1459.19  0.000e+00
     43.639   65.73780 -168.64784     2.8497    32.4690    1459.19  0.000e+00
     43.639   65.73780 -168.64784     2.8503    32.4701    1459.20  0.000e+00
     43.639   65.73780 -168.64784     2.8509    32.4701    1459.20  0.000e+00
     43.747   65.73780 -168.64784     2.8515    32.4695    1459.20  0.000e+00
     43.639   65.73780 -168.64784     2.8515    32.4693    1459.20  0.000e+00
     43.747   65.73780 -168.64784     2.8522    32.4688    1459.20  0.000e+00
     43.747   65.73780 -168.64784     2.8523    32.4687    1459.20  0.000e+00
     43.747   65.73780 -168.64784     2.8523    32.4690    1459.21  0.000e+00
     43.747   65.73780 -168.64784     2.8525    32.4682    1459.20  0.000e+00
     43.801   65.73780 -168.64784     2.8525    32.4673    1459.20  0.000e+00
     43.809   65.73780 -168.64784     2.8523    32.4666    1459.20  0.000e+00
     43.863   65.73780 -168.64784     2.8522    32.4668    1459.20  0.000e+00
     43.863   65.73780 -168.64784     2.8519    32.4660    1459.20  0.000e+00
     43.863   65.73780 -168.64784     2.8515    32.4664    1459.20  0.000e+00
     43.917   65.73780 -168.64784     2.8512    32.4671    1459.20  0.000e+00
     43.925   65.73780 -168.64784     2.8511    32.4673    1459.20  0.000e+00
     43.979   65.73780 -168.64784     2.8509    32.4670    1459.20  0.000e+00
     43.979   65.73780 -168.64784     2.8511    32.4682    1459.20  0.000e+00
     43.979   65.73780 -168.64784     2.8512    32.4690    1459.20  0.000e+00
     44.040   65.73780 -168.64784     2.8517    32.4686    1459.21  0.000e+00
     44.033   65.73780 -168.64784     2.8520    32.4683    1459.21  0.000e+00
     44.094   65.73780 -168.64784     2.8522    32.4690    1459.21  0.000e+00
     44.094   65.73780 -168.64784     2.8525    32.4687    1459.21  0.000e+00
     44.094   65.73780 -168.64784     2.8527    32.4691    1459.21  0.000e+00
     44.210   65.73780 -168.64784     2.8529    32.4687    1459.21  0.000e+00
     44.148   65.73780 -168.64784     2.8533    32.4699    1459.22  0.000e+00
     44.202   65.73780 -168.64784     2.8534    32.4713    1459.22  0.000e+00
     44.210   65.73780 -168.64784     2.8536    32.4715    1459.22  0.000e+00
     44.264   65.73780 -168.64784     2.8539    32.4716    1459.22  0.000e+00
     44.264   65.73780 -168.64784     2.8539    32.4726    1459.22  0.000e+00
     44.326   65.73780 -168.64784     2.8541    32.4718    1459.23  0.000e+00
     44.326   65.73780 -168.64784     2.8542    32.4701    1459.22  0.000e+00
     44.372   65.73780 -168.64784     2.8542    32.4703    1459.23  0.000e+00
     44.380   65.73780 -168.64784     2.8544    32.4701    1459.23  0.000e+00
     44.442   65.73780 -168.64784     2.8545    32.4713    1459.23  0.000e+00
     44.442   65.73780 -168.64784     2.8545    32.4714    1459.23  0.000e+00
     44.496   65.73780 -168.64784     2.8544    32.4716    1459.23  0.000e+00
     44.442   65.73780 -168.64784     2.8545    32.4718    1459.23  0.000e+00
     44.550   65.73780 -168.64784     2.8547    32.4710    1459.23  0.000e+00
     44.550   65.73780 -168.64784     2.8544    32.4704    1459.23  0.000e+00
     44.550   65.73780 -168.64784     2.8545    32.4696    1459.23  0.000e+00
     44.611   65.73780 -168.64784     2.8544    32.4700    1459.23  0.000e+00
     44.611   65.73780 -168.64784     2.8544    32.4700    1459.23  0.000e+00
     44.611   65.73780 -168.64784     2.8544    32.4705    1459.23  0.000e+00
     44.665   65.73780 -168.64784     2.8544    32.4715    1459.23  0.000e+00
     44.665   65.73780 -168.64784     2.8544    32.4716    1459.23  0.000e+00
     44.727   65.73780 -168.64784     2.8546    32.4706    1459.23  0.000e+00
     44.665   65.73780 -168.64784     2.8549    32.4696    1459.23  0.000e+00
     44.781   65.73780 -168.64784     2.8549    32.4700    1459.23  0.000e+00
     44.781   65.73780 -168.64784     2.8545    32.4714    1459.23  0.000e+00
     44.781   65.73780 -168.64784     2.8547    32.4737    1459.24  0.000e+00
     44.781   65.73780 -168.64784     2.8547    32.4726    1459.24  0.000e+00
     44.897   65.73780 -168.64784     2.8550    32.4719    1459.24  0.000e+00
     44.843   65.73780 -168.64784     2.8547    32.4718    1459.24  0.000e+00
     44.843   65.73780 -168.64784     2.8549    32.4722    1459.24  0.000e+00
     44.897   65.73780 -168.64784     2.8550    32.4718    1459.24  0.000e+00
     44.897   65.73780 -168.64784     2.8549    32.4723    1459.24  0.000e+00
     44.951   65.73780 -168.64784     2.8551    32.4723    1459.24  0.000e+00
     44.951   65.73780 -168.64784     2.8550    32.4729    1459.24  0.000e+00
     44.951   65.73780 -168.64784     2.8550    32.4722    1459.24  0.000e+00
     44.951   65.73780 -168.64784     2.8549    32.4721    1459.24  0.000e+00
     45.013   65.73780 -168.64784     2.8550    32.4723    1459.24  0.000e+00
     45.013   65.73780 -168.64784     2.8549    32.4732    1459.24  0.000e+00
     45.067   65.73780 -168.64784     2.8552    32.4727    1459.24  0.000e+00
     45.067   65.73780 -168.64784     2.8549    32.4721    1459.24  0.000e+00
     45.067   65.73780 -168.64784     2.8549    32.4720    1459.24  0.000e+00
     45.129   65.73780 -168.64784     2.8549    32.4722    1459.24  0.000e+00
     45.067   65.73780 -168.64784     2.8550    32.4718    1459.24  0.000e+00
     45.129   65.73780 -168.64784     2.8549    32.4719    1459.24  0.000e+00
     45.129   65.73780 -168.64784     2.8549    32.4718    1459.24  0.000e+00
     45.129   65.73780 -168.64784     2.8549    32.4723    1459.24  0.000e+00
     45.183   65.73780 -168.64784     2.8550    32.4727    1459.25  0.000e+00
     45.129   65.73780 -168.64784     2.8549    32.4742    1459.25  0.000e+00
     45.129   65.73780 -168.64784     2.8550    32.4744    1459.25  0.000e+00
     45.183   65.73780 -168.64784     2.8549    32.4734    1459.25  0.000e+00
     45.183   65.73780 -168.64784     2.8549    32.4733    1459.25  0.000e+00
