EcoFOCI/data/1_SampleCollection/2023_SikuliaqDBO_CruiseData/CTD_raw_BottleFile_SKQ23-12S/proc/skq202312s_082svp.cnv
* Sea-Bird SBE 9 Data File:
* FileName = D:\CTD\SKQ202312S\SKQ202312S_082.hex
* Software Version Seasave V 7.26.7.121
* Temperature SN = 6177
* Conductivity SN = 0369
* Number of Bytes Per Scan = 41
* Number of Voltage Words = 4
* Number of Scans Averaged by the Deck Unit = 1
* NMEA Latitude = 65 40.20 N
* NMEA Longitude = 168 22.04 W
* NMEA UTC (Time) = Oct 03 2023  09:48:47
* NMEA baud rate = 4800
** Ship: R/V Sikuliaq
** Station Number: 082
** Station Name: BS3
** Bottom Depth: 54
** Operator: SD
# nquan = 7
# nvalues = 4335                                  
# units = specified
# name 0 = depSM: Depth [salt water, m]
# name 1 = latitude: Latitude [deg]
# name 2 = longitude: Longitude [deg]
# name 3 = t090C: Temperature [ITS-90, deg C]
# name 4 = sal00: Salinity, Practical [PSU]
# name 5 = svCM: Sound Velocity [Chen-Millero, m/s]
# name 6 = flag:  0.000e+00
# span 0 =      1.748,     47.513                 
# span 1 =   65.66982,   65.66992                 
# span 2 = -168.36854, -168.36790                 
# span 3 =     3.0148,     6.5091                 
# span 4 =    26.2911,    32.8800                 
# span 5 =    1460.20,    1472.27                 
# span 6 = 0.0000e+00, 0.0000e+00                 
# interval = seconds: 0.0416667
# start_time = Oct 03 2023 09:52:12 [NMEA time, first data scan]
# bad_flag = -9.990e-29
*END*
[from data line 2462]
     40.879   65.66988 -168.36812     3.0230    32.8635    1460.40  0.000e+00
     40.879   65.66988 -168.36812     3.0231    32.8638    1460.41  0.000e+00
     40.933   65.66988 -168.36812     3.0228    32.8643    1460.41  0.000e+00
     40.925   65.66988 -168.36812     3.0231    32.8639    1460.41  0.000e+00
     40.933   65.66988 -168.36812     3.0231    32.8635    1460.41  0.000e+00
     40.933   65.66988 -168.36812     3.0231    32.8636    1460.41  0.000e+00
     40.987   65.66988 -168.36812     3.0231    32.8640    1460.41  0.000e+00
     40.979   65.66988 -168.36812     3.0233    32.8634    1460.41  0.000e+00
     40.933   65.66988 -168.36812     3.0231    32.8637    1460.41  0.000e+00
     40.987   65.66988 -168.36812     3.0233    32.8637    1460.41  0.000e+00
     41.048   65.66988 -168.36812     3.0233    32.8639    1460.41  0.000e+00
     40.979   65.66988 -168.36812     3.0234    32.8636    1460.41  0.000e+00
     41.102   65.66988 -168.36812     3.0233    32.8634    1460.41  0.000e+00
     41.048   65.66988 -168.36812     3.0234    32.8636    1460.41  0.000e+00
     41.048   65.66988 -168.36812     3.0233    32.8635    1460.41  0.000e+00
     41.048   65.66988 -168.36812     3.0233    32.8637    1460.41  0.000e+00
     41.095   65.66988 -168.36812     3.0234    32.8635    1460.41  0.000e+00
     41.102   65.66988 -168.36812     3.0236    32.8633    1460.41  0.000e+00
     41.102   65.66988 -168.36812     3.0233    32.8635    1460.41  0.000e+00
     41.102   65.66988 -168.36812     3.0236    32.8634    1460.41  0.000e+00
     41.094   65.66988 -168.36812     3.0234    32.8636    1460.41  0.000e+00
     41.164   65.66988 -168.36812     3.0236    32.8633    1460.41  0.000e+00
     41.102   65.66988 -168.36812     3.0234    32.8633    1460.41  0.000e+00
     41.164   65.66988 -168.36812     3.0234    32.8632    1460.41  0.000e+00
     41.210   65.66988 -168.36812     3.0231    32.8637    1460.41  0.000e+00
     41.164   65.66988 -168.36812     3.0231    32.8632    1460.41  0.000e+00
     41.218   65.66988 -168.36812     3.0230    32.8631    1460.41  0.000e+00
     41.164   65.66988 -168.36812     3.0228    32.8636    1460.41  0.000e+00
     41.210   65.66988 -168.36812     3.0226    32.8637    1460.41  0.000e+00
     41.218   65.66988 -168.36812     3.0226    32.8634    1460.41  0.000e+00
     41.218   65.66988 -168.36812     3.0226    32.8634    1460.41  0.000e+00
     41.218   65.66988 -168.36812     3.0223    32.8637    1460.41  0.000e+00
     41.272   65.66988 -168.36812     3.0226    32.8635    1460.41  0.000e+00
     41.279   65.66988 -168.36812     3.0226    32.8636    1460.41  0.000e+00
     41.218   65.66988 -168.36812     3.0226    32.8632    1460.41  0.000e+00
     41.279   65.66988 -168.36812     3.0223    32.8638    1460.41  0.000e+00
     41.279   65.66988 -168.36812     3.0225    32.8636    1460.41  0.000e+00
     41.326   65.66988 -168.36812     3.0225    32.8639    1460.41  0.000e+00
     41.279   65.66988 -168.36812     3.0226    32.8643    1460.41  0.000e+00
     41.333   65.66988 -168.36812     3.0228    32.8639    1460.41  0.000e+00
     41.333   65.66988 -168.36812     3.0230    32.8637    1460.41  0.000e+00
     41.326   65.66988 -168.36812     3.0231    32.8635    1460.41  0.000e+00
     41.333   65.66988 -168.36812     3.0230    32.8633    1460.41  0.000e+00
     41.333   65.66988 -168.36812     3.0231    32.8633    1460.41  0.000e+00
     41.333   65.66988 -168.36812     3.0233    32.8632    1460.41  0.000e+00
     41.325   65.66988 -168.36812     3.0234    32.8631    1460.41  0.000e+00
     41.387   65.66988 -168.36812     3.0231    32.8636    1460.41  0.000e+00
     41.387   65.66988 -168.36812     3.0233    32.8631    1460.41  0.000e+00
     41.333   65.66988 -168.36812     3.0231    32.8631    1460.41  0.000e+00
     41.379   65.66988 -168.36812     3.0231    32.8629    1460.41  0.000e+00
     41.387   65.66988 -168.36812     3.0228    32.8629    1460.41  0.000e+00
     41.387   65.66988 -168.36812     3.0228    32.8632    1460.41  0.000e+00
     41.387   65.66988 -168.36812     3.0228    32.8632    1460.41  0.000e+00
     41.387   65.66988 -168.36812     3.0226    32.8635    1460.41  0.000e+00
     41.441   65.66988 -168.36814     3.0226    32.8637    1460.41  0.000e+00
     41.387   65.66988 -168.36814     3.0225    32.8636    1460.41  0.000e+00
     41.387   65.66988 -168.36814     3.0226    32.8634    1460.41  0.000e+00
     41.449   65.66988 -168.36814     3.0228    32.8634    1460.41  0.000e+00
     41.441   65.66988 -168.36814     3.0230    32.8634    1460.41  0.000e+00
     41.387   65.66988 -168.36814     3.0228    32.8641    1460.41  0.000e+00
     41.449   65.66988 -168.36814     3.0230    32.8634    1460.41  0.000e+00
     41.449   65.66988 -168.36814     3.0230    32.8637    1460.41  0.000e+00
     41.441   65.66988 -168.36814     3.0233    32.8632    1460.42  0.000e+00
     41.449   65.66988 -168.36814     3.0231    32.8631    1460.41  0.000e+00
     41.449   65.66988 -168.36814     3.0231    32.8630    1460.41  0.000e+00
     41.449   65.66988 -168.36814     3.0231    32.8628    1460.41  0.000e+00
     41.449   65.66988 -168.36814     3.0230    32.8632    1460.41  0.000e+00
     41.441   65.66988 -168.36814     3.0230    32.8634    1460.41  0.000e+00
     41.448   65.66988 -168.36814     3.0230    32.8637    1460.41  0.000e+00
     41.448   65.66988 -168.36814     3.0230    32.8634    1460.41  0.000e+00
     41.448   65.66988 -168.36814     3.0230    32.8630    1460.41  0.000e+00
     41.495   65.66988 -168.36814     3.0230    32.8631    1460.41  0.000e+00
     41.448   65.66988 -168.36814     3.0230    32.8632    1460.41  0.000e+00
     41.502   65.66988 -168.36814     3.0228    32.8631    1460.41  0.000e+00
     41.448   65.66988 -168.36814     3.0228    32.8633    1460.41  0.000e+00
     41.495   65.66988 -168.36814     3.0231    32.8637    1460.42  0.000e+00
     41.448   65.66988 -168.36814     3.0231    32.8633    1460.41  0.000e+00
     41.448   65.66988 -168.36814     3.0230    32.8634    1460.41  0.000e+00
     41.502   65.66988 -168.36814     3.0230    32.8637    1460.42  0.000e+00
     41.502   65.66988 -168.36814     3.0230    32.8635    1460.42  0.000e+00
     41.495   65.66988 -168.36814     3.0231    32.8635    1460.42  0.000e+00
     41.448   65.66988 -168.36814     3.0231    32.8638    1460.42  0.000e+00
     41.502   65.66988 -168.36814     3.0233    32.8633    1460.42  0.000e+00
     41.448   65.66988 -168.36814     3.0233    32.8634    1460.42  0.000e+00
     41.494   65.66988 -168.36814     3.0233    32.8635    1460.42  0.000e+00
     41.502   65.66988 -168.36814     3.0231    32.8637    1460.42  0.000e+00
     41.502   65.66988 -168.36814     3.0233    32.8628    1460.42  0.000e+00
     41.448   65.66988 -168.36814     3.0234    32.8626    1460.42  0.000e+00
     41.494   65.66988 -168.36814     3.0233    32.8626    1460.42  0.000e+00
     41.564   65.66988 -168.36814     3.0233    32.8634    1460.42  0.000e+00
     41.448   65.66988 -168.36814     3.0231    32.8637    1460.42  0.000e+00
     41.502   65.66988 -168.36814     3.0234    32.8634    1460.42  0.000e+00
     41.440   65.66988 -168.36814     3.0234    32.8634    1460.42  0.000e+00
     41.564   65.66988 -168.36814     3.0236    32.8633    1460.42  0.000e+00
     41.502   65.66988 -168.36814     3.0236    32.8634    1460.42  0.000e+00
     41.502   65.66988 -168.36814     3.0239    32.8629    1460.42  0.000e+00
     41.564   65.66988 -168.36814     3.0238    32.8631    1460.42  0.000e+00
     41.494   65.66988 -168.36814     3.0240    32.8630    1460.42  0.000e+00
     41.502   65.66988 -168.36814     3.0239    32.8631    1460.42  0.000e+00
     41.502   65.66988 -168.36814     3.0239    32.8630    1460.42  0.000e+00
     41.564   65.66988 -168.36814     3.0240    32.8631    1460.42  0.000e+00
     41.494   65.66988 -168.36814     3.0239    32.8627    1460.42  0.000e+00
     41.564   65.66988 -168.36814     3.0238    32.8626    1460.42  0.000e+00
     41.502   65.66988 -168.36814     3.0238    32.8629    1460.42  0.000e+00
     41.563   65.66988 -168.36814     3.0238    32.8631    1460.42  0.000e+00
     41.563   65.66988 -168.36814     3.0236    32.8632    1460.42  0.000e+00
     41.556   65.66988 -168.36814     3.0238    32.8630    1460.42  0.000e+00
     41.563   65.66988 -168.36814     3.0238    32.8629    1460.42  0.000e+00
     41.563   65.66988 -168.36814     3.0236    32.8631    1460.42  0.000e+00
     41.563   65.66988 -168.36814     3.0238    32.8627    1460.42  0.000e+00
     41.610   65.66988 -168.36814     3.0238    32.8628    1460.42  0.000e+00
     41.563   65.66988 -168.36814     3.0238    32.8629    1460.42  0.000e+00
     41.617   65.66988 -168.36814     3.0239    32.8629    1460.42  0.000e+00
     41.617   65.66988 -168.36814     3.0238    32.8630    1460.42  0.000e+00
     41.610   65.66988 -168.36814     3.0238    32.8631    1460.42  0.000e+00
     41.617   65.66988 -168.36814     3.0240    32.8627    1460.42  0.000e+00
     41.617   65.66988 -168.36814     3.0239    32.8632    1460.42  0.000e+00
     41.617   65.66988 -168.36814     3.0239    32.8631    1460.42  0.000e+00
     41.679   65.66988 -168.36814     3.0239    32.8634    1460.42  0.000e+00
     41.609   65.66988 -168.36814     3.0239    32.8632    1460.42  0.000e+00
     41.679   65.66988 -168.36814     3.0239    32.8631    1460.42  0.000e+00
     41.733   65.66988 -168.36814     3.0241    32.8629    1460.42  0.000e+00
     41.679   65.66988 -168.36814     3.0240    32.8629    1460.42  0.000e+00
     41.725   65.66988 -168.36814     3.0241    32.8628    1460.42  0.000e+00
     41.733   65.66988 -168.36814     3.0242    32.8627    1460.42  0.000e+00
     41.733   65.66988 -168.36814     3.0242    32.8628    1460.42  0.000e+00
     41.787   65.66988 -168.36814     3.0241    32.8628    1460.42  0.000e+00
     41.725   65.66988 -168.36814     3.0240    32.8629    1460.42  0.000e+00
     41.733   65.66988 -168.36814     3.0244    32.8625    1460.42  0.000e+00
     41.787   65.66988 -168.36814     3.0241    32.8623    1460.42  0.000e+00
     41.787   65.66988 -168.36814     3.0240    32.8625    1460.42  0.000e+00
     41.733   65.66988 -168.36814     3.0241    32.8623    1460.42  0.000e+00
     41.841   65.66988 -168.36814     3.0240    32.8627    1460.42  0.000e+00
     41.733   65.66988 -168.36814     3.0236    32.8628    1460.42  0.000e+00
     41.787   65.66988 -168.36814     3.0238    32.8627    1460.42  0.000e+00
     41.787   65.66988 -168.36814     3.0236    32.8625    1460.42  0.000e+00
     41.779   65.66988 -168.36814     3.0236    32.8628    1460.42  0.000e+00
     41.733   65.66988 -168.36814     3.0238    32.8628    1460.42  0.000e+00
     41.787   65.66988 -168.36814     3.0238    32.8624    1460.42  0.000e+00
     41.787   65.66988 -168.36814     3.0234    32.8629    1460.42  0.000e+00
     41.732   65.66988 -168.36814     3.0236    32.8632    1460.42  0.000e+00
     41.779   65.66988 -168.36814     3.0233    32.8631    1460.42  0.000e+00
     41.786   65.66988 -168.36814     3.0236    32.8626    1460.42  0.000e+00
     41.786   65.66988 -168.36814     3.0234    32.8633    1460.42  0.000e+00
     41.848   65.66988 -168.36814     3.0236    32.8628    1460.42  0.000e+00
     41.779   65.66988 -168.36814     3.0236    32.8624    1460.42  0.000e+00
     41.848   65.66988 -168.36814     3.0234    32.8627    1460.42  0.000e+00
     41.848   65.66988 -168.36814     3.0238    32.8633    1460.42  0.000e+00
     41.902   65.66988 -168.36814     3.0236    32.8631    1460.42  0.000e+00
     41.848   65.66988 -168.36814     3.0236    32.8633    1460.42  0.000e+00
     41.894   65.66988 -168.36814     3.0236    32.8631    1460.42  0.000e+00
     41.902   65.66988 -168.36814     3.0238    32.8628    1460.42  0.000e+00
     41.848   65.66988 -168.36814     3.0238    32.8629    1460.42  0.000e+00
     41.902   65.66988 -168.36814     3.0238    32.8628    1460.42  0.000e+00
     41.840   65.66988 -168.36814     3.0239    32.8624    1460.42  0.000e+00
     41.902   65.66988 -168.36814     3.0238    32.8626    1460.42  0.000e+00
     41.848   65.66988 -168.36814     3.0236    32.8627    1460.42  0.000e+00
     41.902   65.66988 -168.36814     3.0238    32.8624    1460.42  0.000e+00
     41.848   65.66988 -168.36814     3.0236    32.8629    1460.42  0.000e+00
     41.956   65.66988 -168.36814     3.0236    32.8627    1460.42  0.000e+00
     41.902   65.66988 -168.36814     3.0239    32.8623    1460.42  0.000e+00
     41.902   65.66988 -168.36814     3.0234    32.8630    1460.42  0.000e+00
     41.963   65.66988 -168.36814     3.0238    32.8632    1460.43  0.000e+00
     41.956   65.66988 -168.36814     3.0238    32.8632    1460.43  0.000e+00
     41.902   65.66988 -168.36814     3.0241    32.8630    1460.43  0.000e+00
     41.963   65.66988 -168.36814     3.0242    32.8632    1460.43  0.000e+00
     42.017   65.66988 -168.36814     3.0242    32.8632    1460.43  0.000e+00
     41.902   65.66988 -168.36814     3.0244    32.8627    1460.43  0.000e+00
     42.010   65.66988 -168.36814     3.0244    32.8626    1460.43  0.000e+00
     41.963   65.66988 -168.36814     3.0244    32.8626    1460.43  0.000e+00
     41.963   65.66988 -168.36814     3.0245    32.8626    1460.43  0.000e+00
     41.963   65.66988 -168.36814     3.0244    32.8628    1460.43  0.000e+00
     41.956   65.66988 -168.36814     3.0244    32.8625    1460.43  0.000e+00
     42.017   65.66988 -168.36814     3.0244    32.8621    1460.43  0.000e+00
     41.963   65.66988 -168.36814     3.0242    32.8620    1460.43  0.000e+00
     41.963   65.66988 -168.36816     3.0240    32.8622    1460.43  0.000e+00
     42.017   65.66988 -168.36816     3.0240    32.8621    1460.43  0.000e+00
     41.956   65.66988 -168.36816     3.0238    32.8624    1460.42  0.000e+00
     42.017   65.66988 -168.36816     3.0239    32.8625    1460.43  0.000e+00
     41.963   65.66988 -168.36816     3.0238    32.8629    1460.43  0.000e+00
     42.017   65.66988 -168.36816     3.0238    32.8630    1460.43  0.000e+00
     42.071   65.66988 -168.36816     3.0239    32.8625    1460.43  0.000e+00
     42.017   65.66988 -168.36816     3.0241    32.8619    1460.43  0.000e+00
     42.017   65.66988 -168.36816     3.0239    32.8624    1460.43  0.000e+00
     42.017   65.66988 -168.36816     3.0239    32.8629    1460.43  0.000e+00
     41.963   65.66988 -168.36816     3.0236    32.8628    1460.42  0.000e+00
     42.071   65.66988 -168.36816     3.0239    32.8624    1460.43  0.000e+00
     42.017   65.66988 -168.36816     3.0238    32.8628    1460.43  0.000e+00
     41.963   65.66988 -168.36816     3.0236    32.8627    1460.42  0.000e+00
     42.017   65.66988 -168.36816     3.0236    32.8627    1460.43  0.000e+00
     42.009   65.66988 -168.36816     3.0236    32.8622    1460.42  0.000e+00
     42.017   65.66988 -168.36816     3.0236    32.8628    1460.43  0.000e+00
     42.017   65.66988 -168.36816     3.0238    32.8627    1460.43  0.000e+00
     42.017   65.66988 -168.36816     3.0236    32.8628    1460.43  0.000e+00
     42.017   65.66988 -168.36816     3.0238    32.8622    1460.43  0.000e+00
     42.009   65.66988 -168.36816     3.0238    32.8625    1460.43  0.000e+00
     42.017   65.66988 -168.36816     3.0238    32.8622    1460.43  0.000e+00
     42.017   65.66988 -168.36816     3.0238    32.8625    1460.43  0.000e+00
     42.017   65.66988 -168.36816     3.0238    32.8624    1460.43  0.000e+00
     42.009   65.66988 -168.36816     3.0236    32.8628    1460.43  0.000e+00
     42.017   65.66988 -168.36816     3.0236    32.8624    1460.42  0.000e+00
     41.963   65.66988 -168.36816     3.0234    32.8624    1460.42  0.000e+00
     42.017   65.66988 -168.36816     3.0236    32.8620    1460.42  0.000e+00
     42.017   65.66988 -168.36816     3.0238    32.8622    1460.43  0.000e+00
