EcoFOCI/data/1_SampleCollection/2023_SikuliaqDBO_CruiseData/CTD_raw_BottleFile_SKQ23-12S/proc/skq202312s_007.cnv
* Sea-Bird SBE 9 Data File:
* FileName = D:\CTD\SKQ202312S\SKQ202312S_007.hex
* Software Version Seasave V 7.26.7.121
* Temperature SN = 6177
* Conductivity SN = 0369
* Number of Bytes Per Scan = 41
* Number of Voltage Words = 4
* Number of Scans Averaged by the Deck Unit = 1
* NMEA Latitude = 62 33.56 N
* NMEA Longitude = 173 33.01 W
* NMEA UTC (Time) = Sep 16 2023  04:45:18
* NMEA baud rate = 4800
** Ship: R/V Sikuliaq
** Station Number: 007
** Station Name: DBO1.6
** Bottom Depth: 65
** Operator: SD
# nquan = 24
# nvalues = 7575                                  
# units = specified
# name 0 = depSM: Depth [salt water, m]
# name 1 = latitude: Latitude [deg]
# name 2 = longitude: Longitude [deg]
# name 3 = prDM: Pressure, Digiquartz [db]
# name 4 = t090C: Temperature [ITS-90, deg C]
# name 5 = t190C: Temperature, 2 [ITS-90, deg C]
# name 6 = potemp090C: Potential Temperature [ITS-90, deg C]
# name 7 = sal00: Salinity, Practical [PSU]
# name 8 = sal11: Salinity, Practical, 2 [PSU]
# name 9 = density00: Density [density, kg/m^3]
# name 10 = sigma-é00: Density [sigma-theta, kg/m^3]
# name 11 = sbox0Mm/Kg: Oxygen, SBE 43 [umol/kg]
# name 12 = sbox1Mm/Kg: Oxygen, SBE 43, 2 [umol/kg]
# name 13 = oxsolMm/Kg: Oxygen Saturation, Garcia & Gordon [umol/kg]
# name 14 = sbeox0PS: Oxygen, SBE 43 [% saturation]
# name 15 = sbeox1PS: Oxygen, SBE 43, 2 [% saturation]
# name 16 = v0: Voltage 0
# name 17 = flECO-AFL: Fluorescence, WET Labs ECO-AFL/FL [mg/m^3]
# name 18 = v1: Voltage 1
# name 19 = CStarAt0: Beam Attenuation, WET Labs C-Star [1/m]
# name 20 = par: PAR/Irradiance, Biospherical/Licor
# name 21 = scan: Scan Count
# name 22 = timeM: Time, Elapsed [minutes]
# name 23 = flag:  0.000e+00
# span 0 =      1.566,     60.986                 
# span 1 =   62.55918,   62.55922                 
# span 2 = -173.55038, -173.55032                 
# span 3 =      1.582,     61.588                 
# span 4 =    -1.5136,     7.6712                 
# span 5 =    -1.5124,     7.6732                 
# span 6 =    -1.5145,     7.6709                 
# span 7 =    31.0334,    31.9096                 
# span 8 =    31.0428,    31.9260                 
# span 9 =  1024.2197,  1025.9436                 
# span 10 =    24.2063,    25.6620                
# span 11 =    277.693,    400.630                
# span 12 =    263.671,    357.364                
# span 13 =  297.52962,  371.14876                
# span 14 =     74.822,    110.676                
# span 15 =     71.055,     97.856                
# span 16 =     0.0830,     0.3492                
# span 17 =     0.1502,     1.7472                
# span 18 =     3.0757,     4.1477                
# span 19 =     0.5105,     1.7071                
# span 20 = 1.0000e-12, 1.0618e+02                
# span 21 =          1,       7575                
# span 22 =     0.0000,     5.2597                
# span 23 = 0.0000e+00, 0.0000e+00                
# interval = seconds: 0.0416667
# start_time = Sep 16 2023 04:49:28 [NMEA time, first data scan]
# bad_flag = -9.990e-29
*END*
[from data line 2597]
     19.891   62.55922 -173.55034     20.085     7.4495     7.4467     7.4477    31.1980    31.2090  1024.4579    24.3657    292.507    277.814  298.67981     97.933     93.016     0.2222     0.9853     3.9902     0.6654 4.8151e+00       2598     1.8035  0.000e+00
     19.891   62.55922 -173.55034     20.085     7.4481     7.4458     7.4463    31.1985    31.2093  1024.4585    24.3663    292.528    277.846  298.68810     97.937     93.025     0.2222     0.9853     3.9902     0.6654 4.8151e+00       2599     1.8042  0.000e+00
     19.852   62.55922 -173.55034     20.046     7.4471     7.4448     7.4453    31.1988    31.2104  1024.4587    24.3667    292.545    277.859  298.69467     97.941     93.028     0.2222     0.9853     3.9890     0.6667 4.7875e+00       2600     1.8049  0.000e+00
     19.891   62.55922 -173.55034     20.085     7.4457     7.4443     7.4439    31.1997    31.2102  1024.4598    24.3676    292.566    278.045  298.70220     97.946     93.089     0.2234     0.9927     3.9902     0.6654 4.7737e+00       2601     1.8056  0.000e+00
     19.891   62.55922 -173.55034     20.085     7.4445     7.4435     7.4427    31.2003    31.2108  1024.4604    24.3682    292.559    278.075  298.70904     97.941     93.097     0.2222     0.9853     3.9902     0.6654 4.7600e+00       2602     1.8062  0.000e+00
     20.022   62.55922 -173.55034     20.217     7.4441     7.4432     7.4422    31.2002    31.2107  1024.4611    24.3682    292.551    278.106  298.71183     97.938     93.107     0.2222     0.9853     3.9890     0.6667 4.7463e+00       2603     1.8069  0.000e+00
     19.945   62.55922 -173.55034     20.139     7.4429     7.4429     7.4411    31.2011    31.2110  1024.4615    24.3691    292.538    278.147  298.71812     97.931     93.120     0.2222     0.9853     3.9890     0.6667 4.7190e+00       2604     1.8076  0.000e+00
     19.968   62.55922 -173.55034     20.163     7.4423     7.4424     7.4405    31.2009    31.2112  1024.4616    24.3690    292.526    278.175  298.72233     97.926     93.129     0.2234     0.9927     3.9890     0.6667 4.7326e+00       2605     1.8083  0.000e+00
     20.060   62.55922 -173.55034     20.256     7.4417     7.4421     7.4399    31.2014    31.2111  1024.4625    24.3695    292.729    278.204  298.72532     97.993     93.138     0.2222     0.9853     3.9902     0.6654 4.7054e+00       2606     1.8090  0.000e+00
     19.999   62.55922 -173.55034     20.194     7.4413     7.4419     7.4395    31.2014    31.2109  1024.4623    24.3695    292.735    278.225  298.72792     97.994     93.144     0.2222     0.9853     3.9890     0.6667 4.7054e+00       2607     1.8097  0.000e+00
     20.022   62.55922 -173.55034     20.217     7.4410     7.4417     7.4392    31.2016    31.2110  1024.4625    24.3697    292.605    278.249  298.72963     97.950     93.152     0.2210     0.9780     3.9890     0.6667 4.6919e+00       2608     1.8104  0.000e+00
     20.060   62.55922 -173.55034     20.256     7.4406     7.4414     7.4387    31.2017    31.2110  1024.4629    24.3699    292.614    278.274  298.73233     97.952     93.160     0.2222     0.9853     3.9890     0.6667 4.6784e+00       2609     1.8111  0.000e+00
     20.114   62.55922 -173.55034     20.311     7.4402     7.4410     7.4384    31.2020    31.2114  1024.4634    24.3701    292.597    278.299  298.73424     97.946     93.167     0.2198     0.9707     3.9890     0.6667 4.6649e+00       2610     1.8118  0.000e+00
     20.083   62.55922 -173.55034     20.280     7.4399     7.4405     7.4381    31.2018    31.2118  1024.4631    24.3700    292.603    278.492  298.73662     97.947     93.231     0.2210     0.9780     3.9890     0.6667 4.6649e+00       2611     1.8125  0.000e+00
     20.114   62.55922 -173.55034     20.311     7.4396     7.4405     7.4377    31.2020    31.2116  1024.4635    24.3702    292.611    278.357  298.73859     97.949     93.186     0.2198     0.9707     3.9890     0.6667 4.6381e+00       2612     1.8132  0.000e+00
     20.176   62.55922 -173.55034     20.373     7.4393     7.4400     7.4374    31.2025    31.2121  1024.4642    24.3706    292.808    278.568  298.73961     98.014     93.256     0.2210     0.9780     3.9890     0.6667 4.6114e+00       2613     1.8139  0.000e+00
     20.137   62.55922 -173.55034     20.334     7.4391     7.4402     7.4372    31.2025    31.2116  1024.4641    24.3707    292.810    278.600  298.74086     98.015     93.267     0.2222     0.9853     3.9890     0.6667 4.5981e+00       2614     1.8146  0.000e+00
     20.230   62.55922 -173.55034     20.428     7.4388     7.4398     7.4369    31.2025    31.2121  1024.4645    24.3707    292.653    278.637  298.74297     97.961     93.279     0.2210     0.9780     3.9890     0.6667 4.5849e+00       2615     1.8153  0.000e+00
     20.199   62.55922 -173.55034     20.396     7.4386     7.4398     7.4368    31.2028    31.2116  1024.4646    24.3710    292.464    278.668  298.74334     97.898     93.289     0.2222     0.9853     3.9890     0.6667 4.5585e+00       2616     1.8160  0.000e+00
     20.230   62.55922 -173.55034     20.428     7.4385     7.4394     7.4366    31.2027    31.2118  1024.4648    24.3710    292.685    278.701  298.74442     97.972     93.299     0.2210     0.9780     3.9890     0.6667 4.5585e+00       2617     1.8167  0.000e+00
     20.292   62.55922 -173.55034     20.490     7.4380     7.4392     7.4361    31.2029    31.2120  1024.4652    24.3711    292.669    278.733  298.74754     97.965     93.309     0.2210     0.9780     3.9890     0.6667 4.5323e+00       2618     1.8174  0.000e+00
     20.307   62.55922 -173.55034     20.506     7.4380     7.4390     7.4361    31.2030    31.2118  1024.4654    24.3712    292.646    278.762  298.74724     97.958     93.319     0.2210     0.9780     3.9890     0.6667 4.5062e+00       2619     1.8181  0.000e+00
     20.292   62.55922 -173.55034     20.490     7.4378     7.4389     7.4360    31.2032    31.2126  1024.4655    24.3714    292.648    278.769  298.74778     97.958     93.321     0.2210     0.9780     3.9890     0.6667 4.4932e+00       2620     1.8188  0.000e+00
     20.346   62.55922 -173.55034     20.545     7.4373     7.4388     7.4355    31.2032    31.2126  1024.4658    24.3715    292.440    278.794  298.75122     97.887     93.330     0.2210     0.9780     3.9890     0.6667 4.4803e+00       2621     1.8194  0.000e+00
     20.369   62.55922 -173.55034     20.568     7.4372     7.4387     7.4353    31.2032    31.2119  1024.4660    24.3715    292.392    278.820  298.75221     97.871     93.337     0.2210     0.9780     3.9890     0.6667 4.4416e+00       2622     1.8201  0.000e+00
     20.400   62.55922 -173.55034     20.599     7.4370     7.4384     7.4352    31.2033    31.2124  1024.4662    24.3716    292.560    278.843  298.75297     97.927     93.345     0.2198     0.9707     3.9890     0.6667 4.4288e+00       2623     1.8208  0.000e+00
     20.400   62.55922 -173.55034     20.599     7.4368     7.4381     7.4350    31.2035    31.2124  1024.4664    24.3718    292.563    278.847  298.75393     97.928     93.345     0.2210     0.9780     3.9890     0.6667 4.4288e+00       2624     1.8215  0.000e+00
     20.485   62.55922 -173.55034     20.685     7.4365     7.4379     7.4347    31.2033    31.2126  1024.4667    24.3717    292.571    278.680  298.75636     97.930     93.289     0.2210     0.9780     3.9890     0.6667 4.4033e+00       2625     1.8222  0.000e+00
     20.462   62.55922 -173.55034     20.661     7.4365     7.4376     7.4347    31.2034    31.2125  1024.4666    24.3718    292.572    278.663  298.75617     97.930     93.283     0.2210     0.9780     3.9890     0.6667 4.3780e+00       2626     1.8229  0.000e+00
     20.485   62.55922 -173.55034     20.685     7.4364     7.4373     7.4345    31.2034    31.2131  1024.4667    24.3718    292.576    278.646  298.75724     97.931     93.277     0.2222     0.9853     3.9890     0.6667 4.3780e+00       2627     1.8236  0.000e+00
     20.516   62.55922 -173.55034     20.716     7.4360     7.4371     7.4342    31.2034    31.2129  1024.4670    24.3719    292.582    278.628  298.75953     97.932     93.270     0.2210     0.9780     3.9890     0.6667 4.3402e+00       2628     1.8243  0.000e+00
     20.631   62.55922 -173.55034     20.833     7.4354     7.4366     7.4335    31.2035    31.2129  1024.4676    24.3720    291.837    278.613  298.76392     97.681     93.264     0.2222     0.9853     3.9890     0.6667 4.3152e+00       2629     1.8250  0.000e+00
     20.539   62.55922 -173.55034     20.739     7.4347     7.4363     7.4329    31.2042    31.2131  1024.4678    24.3726    292.308    278.588  298.76672     97.838     93.256     0.2210     0.9780     3.9890     0.6667 4.3152e+00       2630     1.8257  0.000e+00
     20.631   62.55922 -173.55034     20.833     7.4346     7.4360     7.4327    31.2041    31.2132  1024.4683    24.3726    292.269    278.569  298.76786     97.825     93.248     0.2222     0.9853     3.9890     0.6667 4.2656e+00       2631     1.8264  0.000e+00
     20.631   62.55922 -173.55034     20.833     7.4343     7.4357     7.4324    31.2043    31.2134  1024.4684    24.3728    292.441    278.373  298.76947     97.882     93.182     0.2210     0.9780     3.9890     0.6667 4.2411e+00       2632     1.8271  0.000e+00
     20.654   62.55922 -173.55034     20.856     7.4338     7.4347     7.4319    31.2048    31.2138  1024.4690    24.3732    292.237    278.336  298.77191     97.813     93.168     0.2210     0.9780     3.9927     0.6630 4.2288e+00       2633     1.8278  0.000e+00
     20.693   62.55922 -173.55034     20.895     7.4326     7.4339     7.4308    31.2048    31.2138  1024.4693    24.3733    292.202    278.299  298.77977     97.799     93.154     0.2222     0.9853     3.9939     0.6618 4.2166e+00       2634     1.8285  0.000e+00
     20.770   62.55922 -173.55034     20.973     7.4310     7.4323     7.4291    31.2054    31.2147  1024.4704    24.3741    292.387    278.438  298.78920     97.857     93.198     0.2234     0.9927     3.9939     0.6618 4.1923e+00       2635     1.8292  0.000e+00
     20.747   62.55922 -173.55034     20.950     7.4299     7.4314     7.4281    31.2055    31.2148  1024.4705    24.3743    292.023    278.413  298.79659     97.733     93.188     0.2234     0.9927     3.9939     0.6618 4.1802e+00       2636     1.8299  0.000e+00
     20.801   62.55922 -173.55034     21.004     7.4291     7.4305     7.4272    31.2059    31.2154  1024.4712    24.3748    292.367    278.389  298.80132     97.847     93.178     0.2234     0.9927     3.9927     0.6630 4.1561e+00       2637     1.8306  0.000e+00
     20.770   62.55922 -173.55034     20.973     7.4285     7.4301     7.4266    31.2061    31.2151  1024.4712    24.3749    292.190    278.188  298.80516     97.786     93.110     0.2234     0.9927     3.9939     0.6618 4.1202e+00       2638     1.8313  0.000e+00
     20.863   62.55922 -173.55034     21.067     7.4271     7.4295     7.4252    31.2067    31.2157  1024.4724    24.3756    292.187    278.162  298.81291     97.783     93.100     0.2234     0.9927     3.9939     0.6618 4.1083e+00       2639     1.8319  0.000e+00
     20.863   62.55922 -173.55034     21.067     7.4260     7.4282     7.4241    31.2067    31.2162  1024.4725    24.3758    292.371    278.137  298.82032     97.842     93.089     0.2247     1.0000     3.9939     0.6618 4.0964e+00       2640     1.8326  0.000e+00
     20.940   62.55922 -173.55034     21.145     7.4247     7.4270     7.4228    31.2068    31.2163  1024.4731    24.3760    292.206    278.116  298.82935     97.784     93.080     0.2234     0.9927     3.9939     0.6618 4.0728e+00       2641     1.8333  0.000e+00
     20.917   62.55922 -173.55034     21.121     7.4240     7.4263     7.4221    31.2072    31.2165  1024.4734    24.3764    292.197    278.087  298.83328     97.779     93.069     0.2247     1.0000     3.9927     0.6630 4.0493e+00       2642     1.8340  0.000e+00
     20.940   62.55922 -173.55034     21.145     7.4232     7.4254     7.4213    31.2077    31.2169  1024.4740    24.3769    292.190    278.060  298.83733     97.776     93.058     0.2234     0.9927     3.9939     0.6618 4.0493e+00       2643     1.8347  0.000e+00
     20.978   62.55922 -173.55034     21.183     7.4228     7.4248     7.4209    31.2080    31.2167  1024.4745    24.3772    292.184    278.034  298.83971     97.773     93.048     0.2247     1.0000     3.9927     0.6630 4.0143e+00       2644     1.8354  0.000e+00
     21.033   62.55922 -173.55034     21.238     7.4230     7.4245     7.4211    31.2078    31.2169  1024.4745    24.3770    292.365    278.005  298.83879     97.834     93.038     0.2234     0.9927     3.9939     0.6618 4.0143e+00       2645     1.8361  0.000e+00
     21.056   62.55922 -173.55034     21.261     7.4232     7.4241     7.4213    31.2077    31.2172  1024.4746    24.3770    292.001    277.976  298.83720     97.712     93.027     0.2234     0.9927     3.9939     0.6618 4.0027e+00       2646     1.8368  0.000e+00
     21.094   62.55922 -173.55034     21.300     7.4231     7.4240     7.4212    31.2077    31.2171  1024.4747    24.3769    292.160    277.774  298.83805     97.765     92.960     0.2222     0.9853     3.9939     0.6618 3.9566e+00       2647     1.8375  0.000e+00
     21.094   62.55922 -173.55034     21.300     7.4226     7.4242     7.4207    31.2079    31.2170  1024.4750    24.3772    291.779    277.725  298.84127     97.637     92.944     0.2234     0.9927     3.9939     0.6618 3.9337e+00       2648     1.8382  0.000e+00
     21.171   62.55922 -173.55034     21.378     7.4220     7.4239     7.4201    31.2079    31.2174  1024.4754    24.3772    292.110    277.682  298.84506     97.746     92.929     0.2222     0.9853     3.9939     0.6618 3.9337e+00       2649     1.8389  0.000e+00
     21.148   62.55922 -173.55034     21.355     7.4216     7.4240     7.4197    31.2081    31.2169  1024.4755    24.3775    291.920    277.480  298.84721     97.682     92.861     0.2234     0.9927     3.9939     0.6618 3.9110e+00       2650     1.8396  0.000e+00
     21.225   62.55922 -173.55034     21.433     7.4217     7.4236     7.4198    31.2083    31.2173  1024.4760    24.3776    292.086    277.612  298.84656     97.738     92.905     0.2222     0.9853     3.9939     0.6618 3.8997e+00       2651     1.8403  0.000e+00
     21.202   62.55922 -173.55034     21.409     7.4213     7.4229     7.4194    31.2081    31.2176  1024.4758    24.3775    292.090    277.418  298.84977     97.738     92.838     0.2234     0.9927     3.9927     0.6630 3.8997e+00       2652     1.8410  0.000e+00
     21.264   62.55922 -173.55034     21.472     7.4206     7.4220     7.4187    31.2085    31.2175  1024.4765    24.3779    292.098    277.386  298.85362     97.740     92.826     0.2247     1.0000     3.9976     0.6581 3.8772e+00       2653     1.8417  0.000e+00
     21.225   62.55922 -173.55034     21.433     7.4195     7.4211     7.4176    31.2088    31.2176  1024.4767    24.3783    292.107    277.351  298.86003     97.740     92.812     0.2234     0.9927     4.0000     0.6557 3.8548e+00       2654     1.8424  0.000e+00
     21.318   62.55922 -173.55034     21.526     7.4190     7.4203     7.4171    31.2091    31.2179  1024.4774    24.3786    292.145    277.323  298.86319     97.752     92.801     0.2247     1.0000     4.0000     0.6557 3.8548e+00       2655     1.8431  0.000e+00
     21.287   62.55922 -173.55034     21.495     7.4184     7.4199     7.4165    31.2090    31.2180  1024.4773    24.3786    292.181    277.290  298.86743     97.763     92.790     0.2234     0.9927     4.0000     0.6557 3.8214e+00       2656     1.8438  0.000e+00
