EcoFOCI/data/1_SampleCollection/2023_SikuliaqDBO_CruiseData/CTD_raw_BottleFile_SKQ23-12S/proc/skq202312s_015svp.cnv
* Sea-Bird SBE 9 Data File:
* FileName = D:\CTD\SKQ202312S\SKQ202312S_015.hex
* Software Version Seasave V 7.26.7.121
* Temperature SN = 6177
* Conductivity SN = 0369
* Number of Bytes Per Scan = 41
* Number of Voltage Words = 4
* Number of Scans Averaged by the Deck Unit = 1
* NMEA Latitude = 64 40.48 N
* NMEA Longitude = 169 28.25 W
* NMEA UTC (Time) = Sep 17 2023  12:08:54
* NMEA baud rate = 4800
** Ship: R/V Sikuliaq
** Station Number: 015
** Station Name: DBO2.1A
** Bottom Depth: 44
** Operator: Bern
# nquan = 7
# nvalues = 3941                                  
# units = specified
# name 0 = depSM: Depth [salt water, m]
# name 1 = latitude: Latitude [deg]
# name 2 = longitude: Longitude [deg]
# name 3 = t090C: Temperature [ITS-90, deg C]
# name 4 = sal00: Salinity, Practical [PSU]
# name 5 = svCM: Sound Velocity [Chen-Millero, m/s]
# name 6 = flag:  0.000e+00
# span 0 =      1.660,     39.630                 
# span 1 =   64.67388,   64.67418                 
# span 2 = -169.47154, -169.47120                 
# span 3 =     1.9563,     2.5748                 
# span 4 =    31.9284,    32.7519                 
# span 5 =    1454.33,    1457.60                 
# span 6 = 0.0000e+00, 0.0000e+00                 
# interval = seconds: 0.0416667
# start_time = Sep 17 2023 12:12:19 [NMEA time, first data scan]
# bad_flag = -9.990e-29
*END*
[from data line 1231]
      8.181   64.67404 -169.47136     2.0207    31.9729    1454.35  0.000e+00
      8.119   64.67404 -169.47136     2.0241    31.9726    1454.36  0.000e+00
      8.119   64.67404 -169.47136     2.0265    31.9716    1454.37  0.000e+00
      8.181   64.67404 -169.47136     2.0290    31.9704    1454.38  0.000e+00
      8.181   64.67404 -169.47136     2.0313    31.9700    1454.39  0.000e+00
      8.181   64.67404 -169.47136     2.0327    31.9692    1454.40  0.000e+00
      8.181   64.67404 -169.47136     2.0335    31.9692    1454.40  0.000e+00
      8.211   64.67404 -169.47136     2.0343    31.9692    1454.40  0.000e+00
      8.181   64.67404 -169.47136     2.0341    31.9693    1454.40  0.000e+00
      8.181   64.67404 -169.47136     2.0344    31.9694    1454.40  0.000e+00
      8.235   64.67404 -169.47136     2.0348    31.9692    1454.41  0.000e+00
      8.181   64.67404 -169.47136     2.0349    31.9692    1454.41  0.000e+00
      8.235   64.67404 -169.47136     2.0343    31.9691    1454.40  0.000e+00
      8.235   64.67404 -169.47136     2.0322    31.9704    1454.40  0.000e+00
      8.235   64.67404 -169.47136     2.0304    31.9703    1454.39  0.000e+00
      8.234   64.67404 -169.47136     2.0288    31.9705    1454.38  0.000e+00
      8.234   64.67404 -169.47136     2.0300    31.9702    1454.39  0.000e+00
      8.296   64.67404 -169.47136     2.0318    31.9695    1454.39  0.000e+00
      8.211   64.67404 -169.47136     2.0328    31.9689    1454.40  0.000e+00
      8.296   64.67404 -169.47136     2.0331    31.9695    1454.40  0.000e+00
      8.234   64.67404 -169.47136     2.0340    31.9687    1454.40  0.000e+00
      8.296   64.67404 -169.47136     2.0337    31.9682    1454.40  0.000e+00
      8.296   64.67404 -169.47136     2.0331    31.9686    1454.40  0.000e+00
      8.296   64.67404 -169.47136     2.0336    31.9679    1454.40  0.000e+00
      8.296   64.67404 -169.47136     2.0325    31.9683    1454.40  0.000e+00
      8.296   64.67404 -169.47136     2.0316    31.9684    1454.39  0.000e+00
      8.350   64.67404 -169.47136     2.0308    31.9692    1454.39  0.000e+00
      8.296   64.67404 -169.47136     2.0309    31.9692    1454.39  0.000e+00
      8.296   64.67404 -169.47136     2.0310    31.9695    1454.39  0.000e+00
      8.381   64.67404 -169.47136     2.0322    31.9693    1454.40  0.000e+00
      8.350   64.67404 -169.47136     2.0329    31.9693    1454.40  0.000e+00
      8.350   64.67404 -169.47136     2.0328    31.9695    1454.40  0.000e+00
      8.350   64.67404 -169.47136     2.0327    31.9691    1454.40  0.000e+00
      8.350   64.67404 -169.47136     2.0322    31.9699    1454.40  0.000e+00
      8.350   64.67404 -169.47136     2.0320    31.9692    1454.40  0.000e+00
      8.412   64.67404 -169.47136     2.0316    31.9688    1454.39  0.000e+00
      8.412   64.67404 -169.47136     2.0309    31.9685    1454.39  0.000e+00
      8.350   64.67404 -169.47136     2.0305    31.9680    1454.39  0.000e+00
      8.412   64.67404 -169.47136     2.0300    31.9676    1454.39  0.000e+00
      8.435   64.67404 -169.47136     2.0290    31.9682    1454.38  0.000e+00
      8.412   64.67404 -169.47136     2.0273    31.9691    1454.38  0.000e+00
      8.412   64.67404 -169.47136     2.0263    31.9698    1454.37  0.000e+00
      8.466   64.67404 -169.47136     2.0262    31.9694    1454.37  0.000e+00
      8.466   64.67404 -169.47136     2.0254    31.9699    1454.37  0.000e+00
      8.412   64.67404 -169.47136     2.0254    31.9702    1454.37  0.000e+00
      8.466   64.67404 -169.47136     2.0254    31.9710    1454.37  0.000e+00
      8.465   64.67404 -169.47136     2.0259    31.9709    1454.37  0.000e+00
      8.465   64.67404 -169.47136     2.0273    31.9698    1454.38  0.000e+00
      8.465   64.67404 -169.47136     2.0279    31.9695    1454.38  0.000e+00
      8.496   64.67404 -169.47136     2.0286    31.9691    1454.38  0.000e+00
      8.519   64.67404 -169.47136     2.0288    31.9687    1454.38  0.000e+00
      8.519   64.67404 -169.47136     2.0286    31.9691    1454.38  0.000e+00
      8.519   64.67404 -169.47136     2.0294    31.9687    1454.39  0.000e+00
      8.519   64.67404 -169.47136     2.0305    31.9679    1454.39  0.000e+00
      8.519   64.67404 -169.47136     2.0312    31.9677    1454.39  0.000e+00
      8.581   64.67404 -169.47136     2.0315    31.9668    1454.39  0.000e+00
      8.581   64.67404 -169.47136     2.0311    31.9671    1454.39  0.000e+00
      8.581   64.67404 -169.47136     2.0315    31.9672    1454.39  0.000e+00
      8.581   64.67404 -169.47136     2.0321    31.9671    1454.40  0.000e+00
      8.581   64.67404 -169.47136     2.0328    31.9671    1454.40  0.000e+00
      8.612   64.67404 -169.47136     2.0338    31.9666    1454.40  0.000e+00
      8.581   64.67404 -169.47136     2.0350    31.9658    1454.41  0.000e+00
      8.635   64.67404 -169.47136     2.0352    31.9658    1454.41  0.000e+00
      8.635   64.67404 -169.47136     2.0356    31.9653    1454.41  0.000e+00
      8.635   64.67404 -169.47136     2.0359    31.9655    1454.41  0.000e+00
      8.635   64.67404 -169.47136     2.0366    31.9653    1454.42  0.000e+00
      8.697   64.67404 -169.47136     2.0366    31.9654    1454.42  0.000e+00
      8.697   64.67404 -169.47136     2.0369    31.9654    1454.42  0.000e+00
      8.697   64.67404 -169.47136     2.0374    31.9647    1454.42  0.000e+00
      8.697   64.67404 -169.47136     2.0374    31.9647    1454.42  0.000e+00
      8.727   64.67404 -169.47136     2.0372    31.9646    1454.42  0.000e+00
      8.697   64.67404 -169.47136     2.0367    31.9648    1454.42  0.000e+00
      8.751   64.67404 -169.47136     2.0370    31.9647    1454.42  0.000e+00
      8.751   64.67404 -169.47136     2.0366    31.9645    1454.42  0.000e+00
      8.750   64.67404 -169.47136     2.0360    31.9645    1454.41  0.000e+00
      8.750   64.67404 -169.47136     2.0356    31.9651    1454.41  0.000e+00
      8.750   64.67404 -169.47136     2.0352    31.9653    1454.41  0.000e+00
      8.812   64.67404 -169.47136     2.0347    31.9656    1454.41  0.000e+00
      8.812   64.67404 -169.47136     2.0345    31.9660    1454.41  0.000e+00
      8.781   64.67404 -169.47136     2.0346    31.9656    1454.41  0.000e+00
      8.812   64.67404 -169.47136     2.0342    31.9658    1454.41  0.000e+00
      8.866   64.67404 -169.47136     2.0343    31.9659    1454.41  0.000e+00
      8.812   64.67404 -169.47136     2.0343    31.9662    1454.41  0.000e+00
      8.866   64.67404 -169.47136     2.0342    31.9659    1454.41  0.000e+00
      8.866   64.67404 -169.47136     2.0343    31.9655    1454.41  0.000e+00
      8.866   64.67404 -169.47136     2.0340    31.9662    1454.41  0.000e+00
      8.866   64.67404 -169.47136     2.0343    31.9664    1454.41  0.000e+00
      8.920   64.67404 -169.47136     2.0344    31.9660    1454.41  0.000e+00
      8.866   64.67404 -169.47136     2.0342    31.9663    1454.41  0.000e+00
      8.951   64.67404 -169.47136     2.0341    31.9660    1454.41  0.000e+00
      8.920   64.67404 -169.47136     2.0336    31.9661    1454.41  0.000e+00
      8.920   64.67404 -169.47136     2.0336    31.9663    1454.41  0.000e+00
      8.920   64.67404 -169.47136     2.0333    31.9660    1454.41  0.000e+00
      8.982   64.67404 -169.47136     2.0327    31.9670    1454.41  0.000e+00
      8.982   64.67404 -169.47136     2.0328    31.9673    1454.41  0.000e+00
      8.982   64.67404 -169.47136     2.0333    31.9678    1454.41  0.000e+00
      8.982   64.67404 -169.47136     2.0341    31.9677    1454.41  0.000e+00
      8.982   64.67404 -169.47136     2.0344    31.9681    1454.41  0.000e+00
      9.012   64.67404 -169.47136     2.0349    31.9683    1454.42  0.000e+00
      9.036   64.67404 -169.47136     2.0356    31.9677    1454.42  0.000e+00
      9.036   64.67404 -169.47136     2.0360    31.9673    1454.42  0.000e+00
      9.036   64.67404 -169.47136     2.0367    31.9670    1454.42  0.000e+00
      9.036   64.67404 -169.47136     2.0369    31.9672    1454.43  0.000e+00
      9.097   64.67404 -169.47136     2.0365    31.9668    1454.42  0.000e+00
      9.036   64.67404 -169.47136     2.0361    31.9671    1454.42  0.000e+00
      9.097   64.67404 -169.47136     2.0360    31.9677    1454.42  0.000e+00
      9.097   64.67404 -169.47136     2.0363    31.9673    1454.42  0.000e+00
      9.066   64.67404 -169.47136     2.0362    31.9673    1454.42  0.000e+00
      9.151   64.67404 -169.47136     2.0360    31.9675    1454.42  0.000e+00
      9.097   64.67404 -169.47136     2.0363    31.9670    1454.42  0.000e+00
      9.151   64.67404 -169.47136     2.0361    31.9678    1454.42  0.000e+00
      9.097   64.67404 -169.47136     2.0365    31.9672    1454.42  0.000e+00
      9.151   64.67404 -169.47136     2.0364    31.9667    1454.42  0.000e+00
      9.151   64.67404 -169.47136     2.0360    31.9670    1454.42  0.000e+00
      9.205   64.67404 -169.47136     2.0358    31.9671    1454.42  0.000e+00
      9.151   64.67404 -169.47136     2.0361    31.9671    1454.42  0.000e+00
      9.182   64.67404 -169.47136     2.0360    31.9670    1454.42  0.000e+00
      9.151   64.67404 -169.47136     2.0356    31.9669    1454.42  0.000e+00
      9.205   64.67404 -169.47136     2.0353    31.9668    1454.42  0.000e+00
      9.151   64.67404 -169.47136     2.0349    31.9670    1454.42  0.000e+00
      9.205   64.67404 -169.47136     2.0348    31.9670    1454.42  0.000e+00
      9.205   64.67404 -169.47136     2.0341    31.9677    1454.42  0.000e+00
      9.205   64.67404 -169.47136     2.0336    31.9679    1454.42  0.000e+00
      9.205   64.67404 -169.47136     2.0337    31.9675    1454.41  0.000e+00
      9.205   64.67404 -169.47136     2.0335    31.9669    1454.41  0.000e+00
      9.236   64.67404 -169.47136     2.0337    31.9672    1454.42  0.000e+00
      9.205   64.67404 -169.47136     2.0341    31.9669    1454.42  0.000e+00
      9.267   64.67404 -169.47136     2.0340    31.9667    1454.42  0.000e+00
      9.205   64.67404 -169.47136     2.0327    31.9680    1454.41  0.000e+00
      9.267   64.67404 -169.47136     2.0315    31.9694    1454.41  0.000e+00
      9.205   64.67404 -169.47136     2.0315    31.9708    1454.41  0.000e+00
      9.205   64.67404 -169.47136     2.0309    31.9711    1454.41  0.000e+00
      9.267   64.67404 -169.47136     2.0302    31.9710    1454.40  0.000e+00
      9.267   64.67404 -169.47136     2.0314    31.9704    1454.41  0.000e+00
      9.236   64.67404 -169.47136     2.0343    31.9692    1454.42  0.000e+00
      9.205   64.67404 -169.47136     2.0363    31.9688    1454.43  0.000e+00
      9.266   64.67404 -169.47136     2.0364    31.9688    1454.43  0.000e+00
      9.266   64.67404 -169.47136     2.0361    31.9692    1454.43  0.000e+00
      9.266   64.67404 -169.47136     2.0361    31.9682    1454.43  0.000e+00
      9.266   64.67404 -169.47136     2.0355    31.9687    1454.43  0.000e+00
      9.205   64.67404 -169.47136     2.0358    31.9687    1454.43  0.000e+00
      9.266   64.67404 -169.47136     2.0364    31.9684    1454.43  0.000e+00
      9.266   64.67404 -169.47136     2.0371    31.9676    1454.43  0.000e+00
      9.236   64.67404 -169.47136     2.0374    31.9676    1454.43  0.000e+00
      9.320   64.67404 -169.47136     2.0372    31.9675    1454.43  0.000e+00
      9.205   64.67404 -169.47136     2.0372    31.9674    1454.43  0.000e+00
      9.266   64.67404 -169.47136     2.0372    31.9671    1454.43  0.000e+00
      9.266   64.67404 -169.47136     2.0372    31.9673    1454.43  0.000e+00
      9.266   64.67404 -169.47136     2.0378    31.9667    1454.43  0.000e+00
      9.266   64.67404 -169.47136     2.0378    31.9667    1454.43  0.000e+00
      9.266   64.67404 -169.47136     2.0375    31.9672    1454.43  0.000e+00
      9.266   64.67404 -169.47136     2.0375    31.9667    1454.43  0.000e+00
      9.235   64.67404 -169.47136     2.0372    31.9673    1454.43  0.000e+00
      9.266   64.67404 -169.47136     2.0375    31.9666    1454.43  0.000e+00
      9.266   64.67404 -169.47136     2.0377    31.9667    1454.43  0.000e+00
      9.266   64.67404 -169.47136     2.0380    31.9668    1454.43  0.000e+00
      9.266   64.67404 -169.47136     2.0383    31.9661    1454.43  0.000e+00
      9.205   64.67404 -169.47136     2.0381    31.9659    1454.43  0.000e+00
      9.266   64.67404 -169.47136     2.0380    31.9658    1454.43  0.000e+00
      9.320   64.67404 -169.47136     2.0381    31.9653    1454.43  0.000e+00
      9.150   64.67404 -169.47136     2.0380    31.9657    1454.43  0.000e+00
      9.351   64.67404 -169.47136     2.0377    31.9653    1454.43  0.000e+00
      9.204   64.67404 -169.47136     2.0378    31.9648    1454.43  0.000e+00
      9.320   64.67404 -169.47136     2.0377    31.9658    1454.43  0.000e+00
      9.266   64.67404 -169.47136     2.0377    31.9654    1454.43  0.000e+00
      9.266   64.67404 -169.47136     2.0375    31.9657    1454.43  0.000e+00
      9.204   64.67404 -169.47136     2.0377    31.9656    1454.43  0.000e+00
      9.320   64.67404 -169.47136     2.0377    31.9652    1454.43  0.000e+00
      9.266   64.67404 -169.47136     2.0380    31.9649    1454.43  0.000e+00
      9.235   64.67404 -169.47136     2.0380    31.9651    1454.43  0.000e+00
      9.266   64.67404 -169.47136     2.0377    31.9650    1454.43  0.000e+00
      9.266   64.67404 -169.47136     2.0370    31.9653    1454.43  0.000e+00
      9.266   64.67404 -169.47136     2.0371    31.9655    1454.43  0.000e+00
      9.320   64.67404 -169.47136     2.0369    31.9657    1454.43  0.000e+00
      9.266   64.67404 -169.47136     2.0372    31.9658    1454.43  0.000e+00
      9.266   64.67404 -169.47136     2.0371    31.9657    1454.43  0.000e+00
      9.320   64.67404 -169.47136     2.0372    31.9652    1454.43  0.000e+00
      9.266   64.67404 -169.47136     2.0369    31.9654    1454.43  0.000e+00
      9.297   64.67404 -169.47136     2.0369    31.9650    1454.43  0.000e+00
      9.320   64.67404 -169.47136     2.0370    31.9647    1454.43  0.000e+00
      9.320   64.67404 -169.47136     2.0372    31.9649    1454.43  0.000e+00
      9.266   64.67404 -169.47136     2.0371    31.9653    1454.43  0.000e+00
      9.320   64.67404 -169.47136     2.0370    31.9650    1454.43  0.000e+00
      9.320   64.67404 -169.47136     2.0374    31.9655    1454.43  0.000e+00
      9.320   64.67404 -169.47136     2.0375    31.9652    1454.43  0.000e+00
      9.382   64.67404 -169.47136     2.0386    31.9643    1454.44  0.000e+00
      9.320   64.67404 -169.47136     2.0391    31.9642    1454.44  0.000e+00
      9.297   64.67404 -169.47136     2.0389    31.9647    1454.44  0.000e+00
      9.382   64.67404 -169.47136     2.0392    31.9644    1454.44  0.000e+00
      9.320   64.67404 -169.47136     2.0389    31.9650    1454.44  0.000e+00
      9.381   64.67404 -169.47136     2.0387    31.9649    1454.44  0.000e+00
      9.381   64.67404 -169.47136     2.0386    31.9646    1454.44  0.000e+00
      9.381   64.67404 -169.47136     2.0386    31.9646    1454.44  0.000e+00
      9.381   64.67402 -169.47136     2.0389    31.9647    1454.44  0.000e+00
      9.381   64.67402 -169.47136     2.0386    31.9646    1454.44  0.000e+00
      9.412   64.67402 -169.47136     2.0384    31.9647    1454.44  0.000e+00
      9.381   64.67402 -169.47136     2.0385    31.9644    1454.43  0.000e+00
      9.435   64.67402 -169.47136     2.0389    31.9645    1454.44  0.000e+00
      9.435   64.67402 -169.47136     2.0391    31.9645    1454.44  0.000e+00
      9.435   64.67402 -169.47136     2.0394    31.9642    1454.44  0.000e+00
      9.381   64.67402 -169.47136     2.0396    31.9645    1454.44  0.000e+00
      9.497   64.67402 -169.47136     2.0400    31.9641    1454.44  0.000e+00
      9.435   64.67402 -169.47136     2.0405    31.9637    1454.44  0.000e+00
      9.497   64.67402 -169.47136     2.0402    31.9640    1454.44  0.000e+00
