EcoFOCI/data/1_SampleCollection/2023_SikuliaqDBO_CruiseData/CTD_raw_BottleFile_SKQ23-12S/proc/skq202312s_079.cnv
* Sea-Bird SBE 9 Data File:
* FileName = D:\CTD\SKQ202312S\SKQ202312S_079.hex
* Software Version Seasave V 7.26.7.121
* Temperature SN = 6177
* Conductivity SN = 0369
* Number of Bytes Per Scan = 41
* Number of Voltage Words = 4
* Number of Scans Averaged by the Deck Unit = 1
* NMEA Latitude = 65 44.28 N
* NMEA Longitude = 168 38.83 W
* NMEA UTC (Time) = Oct 03 2023  07:05:08
* NMEA baud rate = 4800
** Ship: R/V Sikuliaq
** Station Number: 079
** Station Name: BS6
** Bottom Depth: 51
** Operator: SD
# nquan = 24
# nvalues = 5201                                  
# units = specified
# name 0 = depSM: Depth [salt water, m]
# name 1 = latitude: Latitude [deg]
# name 2 = longitude: Longitude [deg]
# name 3 = prDM: Pressure, Digiquartz [db]
# name 4 = t090C: Temperature [ITS-90, deg C]
# name 5 = t190C: Temperature, 2 [ITS-90, deg C]
# name 6 = potemp090C: Potential Temperature [ITS-90, deg C]
# name 7 = sal00: Salinity, Practical [PSU]
# name 8 = sal11: Salinity, Practical, 2 [PSU]
# name 9 = density00: Density [density, kg/m^3]
# name 10 = sigma-é00: Density [sigma-theta, kg/m^3]
# name 11 = sbox0Mm/Kg: Oxygen, SBE 43 [umol/kg]
# name 12 = sbox1Mm/Kg: Oxygen, SBE 43, 2 [umol/kg]
# name 13 = oxsolMm/Kg: Oxygen Saturation, Garcia & Gordon [umol/kg]
# name 14 = sbeox0PS: Oxygen, SBE 43 [% saturation]
# name 15 = sbeox1PS: Oxygen, SBE 43, 2 [% saturation]
# name 16 = v0: Voltage 0
# name 17 = flECO-AFL: Fluorescence, WET Labs ECO-AFL/FL [mg/m^3]
# name 18 = v1: Voltage 1
# name 19 = CStarAt0: Beam Attenuation, WET Labs C-Star [1/m]
# name 20 = par: PAR/Irradiance, Biospherical/Licor
# name 21 = scan: Scan Count
# name 22 = timeM: Time, Elapsed [minutes]
# name 23 = flag:  0.000e+00
# span 0 =      2.896,     46.217                 
# span 1 =   65.73778,   65.73788                 
# span 2 = -168.64800, -168.64748                 
# span 3 =      2.925,     46.682                 
# span 4 =     2.8054,     6.2234                 
# span 5 =     2.8063,     6.2270                 
# span 6 =     2.8035,     6.2227                 
# span 7 =    26.2108,    32.5771                 
# span 8 =    26.6702,    32.8149                 
# span 9 =  1020.6170,  1026.1827                 
# span 10 =    20.6023,    25.9638                
# span 11 =    242.550,    293.804                
# span 12 =    234.208,    281.904                
# span 13 =  309.52429,  335.50888                
# span 14 =     73.339,     92.086                
# span 15 =     71.166,     88.630                
# span 16 =     0.1026,     0.3407                
# span 17 =     0.2674,     1.6960                
# span 18 =     3.6642,     4.0867                
# span 19 =     0.5699,     1.0065                
# span 20 = 1.0000e-12, 3.8458e-01                
# span 21 =          1,       5201                
# span 22 =     0.0000,     3.6111                
# span 23 = 0.0000e+00, 0.0000e+00                
# interval = seconds: 0.0416667
# start_time = Oct 03 2023 07:08:37 [NMEA time, first data scan]
# bad_flag = -9.990e-29
*END*
[from data line 1208]
     10.052   65.73786 -168.64764     10.152     5.7428     5.7245     5.7420    30.6905    31.2190  1024.2260    24.1789    276.786    265.849  311.88890     88.745     85.537     0.1563     0.5897     3.9853     0.6703 1.0000e-12       1209     0.8389  0.000e+00
     10.114   65.73786 -168.64764     10.215     5.7402     5.7293     5.7395    30.7138    31.2387  1024.2449    24.1976    276.806    265.940  311.85386     88.761     85.588     0.1563     0.5897     3.9853     0.6703 1.0000e-12       1210     0.8396  0.000e+00
     10.052   65.73786 -168.64764     10.152     5.7387     5.7409     5.7379    30.7377    31.2627  1024.2637    24.2166    276.786    265.813  311.81018     88.767     85.586     0.1563     0.5897     3.9853     0.6703 1.0000e-12       1211     0.8403  0.000e+00
     10.114   65.73786 -168.64764     10.215     5.7374     5.7566     5.7366    30.7442    31.2976  1024.2693    24.2219    276.714    265.284  311.80464     88.746     85.469     0.1551     0.5824     3.9853     0.6703 1.0000e-12       1212     0.8410  0.000e+00
     10.114   65.73786 -168.64764     10.215     5.7351     5.7693     5.7343    30.7465    31.3330  1024.2713    24.2240    276.744    265.258  311.81584     88.752     85.509     0.1563     0.5897     4.0122     0.6435 1.0000e-12       1213     0.8417  0.000e+00
     10.145   65.73786 -168.64764     10.246     5.7326     5.7820     5.7318    30.7525    31.3575  1024.2765    24.2290    276.771    265.097  311.82088     88.759     85.498     0.1551     0.5824     4.0415     0.6144 1.0000e-12       1214     0.8424  0.000e+00
     10.114   65.73786 -168.64764     10.215     5.7301     5.7938     5.7294    30.7654    31.3765  1024.2868    24.2395    276.781    264.972  311.80865     88.766     85.493     0.1563     0.5897     4.0476     0.6083 1.0000e-12       1215     0.8431  0.000e+00
     10.168   65.73786 -168.64764     10.269     5.7294     5.8036     5.7286    30.7906    31.3934  1024.3071    24.2595    276.788    264.692  311.75597     88.784     85.433     0.1563     0.5897     4.0464     0.6095 1.0000e-12       1216     0.8438  0.000e+00
     10.114   65.73786 -168.64764     10.215     5.7324     5.8097     5.7316    30.8335    31.4041  1024.3404    24.2930    276.700    264.609  311.63453     88.790     85.426     0.1563     0.5897     4.0452     0.6107 1.0000e-12       1217     0.8444  0.000e+00
     10.168   65.73786 -168.64764     10.269     5.7402     5.8112     5.7395    30.8786    31.4084  1024.3753    24.3277    276.578    264.560  311.47285     88.797     85.415     0.1563     0.5897     4.0452     0.6107 1.0000e-12       1218     0.8451  0.000e+00
     10.168   65.73786 -168.64764     10.269     5.7508     5.8127     5.7500    30.9109    31.4111  1024.3996    24.3520    276.461    264.514  311.32080     88.803     85.405     0.1551     0.5824     4.0452     0.6107 1.0000e-12       1219     0.8458  0.000e+00
     10.168   65.73786 -168.64764     10.269     5.7623     5.8153     5.7615    30.9293    31.4174  1024.4128    24.3652    276.367    264.477  311.19416     88.809     85.402     0.1563     0.5897     4.0452     0.6107 1.0000e-12       1220     0.8465  0.000e+00
     10.229   65.73786 -168.64764     10.331     5.7738     5.8185     5.7730    30.9382    31.4237  1024.4188    24.3710    276.097    264.422  311.08919     88.752     85.395     0.1551     0.5824     4.0452     0.6107 1.0000e-12       1221     0.8472  0.000e+00
     10.199   65.73786 -168.64764     10.300     5.7842     5.8226     5.7834    30.9430    31.4283  1024.4213    24.3735    276.212    264.364  311.00201     88.814     85.387     0.1563     0.5897     4.0452     0.6107 1.0000e-12       1222     0.8479  0.000e+00
     10.168   65.73786 -168.64764     10.269     5.7920     5.8259     5.7912    30.9507    31.4329  1024.4264    24.3788    275.942    264.314  310.92716     88.748     85.381     0.1551     0.5824     4.0452     0.6107 1.0000e-12       1223     0.8486  0.000e+00
     10.229   65.73786 -168.64764     10.331     5.7992     5.8286     5.7984    30.9594    31.4374  1024.4327    24.3848    276.048    264.275  310.85434     88.803     85.377     0.1563     0.5897     4.0452     0.6107 8.4714e-06       1224     0.8493  0.000e+00
     10.283   65.73786 -168.64764     10.386     5.8058     5.8316     5.8050    30.9650    31.4414  1024.4366    24.3885    275.795    264.239  310.79348     88.739     85.373     0.1563     0.5897     4.0452     0.6107 1.0000e-12       1225     0.8500  0.000e+00
     10.229   65.73784 -168.64764     10.331     5.8119     5.8339     5.8111    30.9665    31.4457  1024.4368    24.3890    275.722    264.026  310.74550     88.729     85.312     0.1551     0.5824     4.0452     0.6107 1.0000e-12       1226     0.8507  0.000e+00
     10.229   65.73784 -168.64764     10.331     5.8174     5.8352     5.8167    30.9664    31.4484  1024.4360    24.3882    275.660    263.989  310.70518     88.721     85.304     0.1563     0.5897     4.0452     0.6107 1.0000e-12       1227     0.8514  0.000e+00
     10.283   65.73784 -168.64764     10.386     5.8216     5.8360     5.8209    30.9682    31.4506  1024.4372    24.3891    275.606    263.963  310.67037     88.713     85.299     0.1551     0.5824     4.0452     0.6107 1.0000e-12       1228     0.8521  0.000e+00
     10.283   65.73784 -168.64764     10.386     5.8252     5.8368     5.8244    30.9695    31.4520  1024.4378    24.3897    275.757    263.941  310.64157     88.770     85.294     0.1563     0.5897     4.0452     0.6107 1.0000e-12       1229     0.8528  0.000e+00
     10.283   65.73784 -168.64764     10.386     5.8276     5.8377     5.8268    30.9707    31.4533  1024.4385    24.3904    275.347    263.921  310.62112     88.644     85.290     0.1563     0.5897     4.0452     0.6107 1.0000e-12       1230     0.8535  0.000e+00
     10.314   65.73784 -168.64764     10.417     5.8295     5.8385     5.8287    30.9701    31.4543  1024.4380    24.3897    275.488    263.927  310.60864     88.693     85.295     0.1636     0.6337     4.0452     0.6107 1.0000e-12       1231     0.8542  0.000e+00
     10.283   65.73784 -168.64764     10.386     5.8319     5.8390     5.8311    30.9691    31.4553  1024.4368    24.3887    275.196    263.919  310.59336     88.603     85.293     0.1685     0.6630     4.0452     0.6107 1.0000e-12       1232     0.8549  0.000e+00
     10.345   65.73784 -168.64764     10.448     5.8332     5.8395     5.8324    30.9683    31.4548  1024.4363    24.3879    275.345    263.920  310.58592     88.653     85.294     0.1685     0.6630     4.0488     0.6071 1.0000e-12       1233     0.8556  0.000e+00
     10.345   65.73784 -168.64764     10.448     5.8344     5.8392     5.8336    30.9663    31.4533  1024.4346    24.3862    275.325    263.930  310.58119     88.648     85.296     0.1685     0.6630     4.0574     0.5987 1.0000e-12       1234     0.8562  0.000e+00
     10.345   65.73784 -168.64764     10.448     5.8356     5.8390     5.8348    30.9649    31.4513  1024.4333    24.3849    275.106    263.945  310.57613     88.579     85.299     0.1673     0.6557     4.0598     0.5963 1.0000e-12       1235     0.8569  0.000e+00
     10.345   65.73784 -168.64764     10.448     5.8362     5.8387     5.8354    30.9654    31.4506  1024.4337    24.3853    275.060    263.961  310.57052     88.566     85.304     0.1673     0.6557     4.0598     0.5963 1.0000e-12       1236     0.8576  0.000e+00
     10.399   65.73784 -168.64764     10.503     5.8369     5.8388     5.8360    30.9668    31.4503  1024.4349    24.3862    275.016    263.960  310.56254     88.554     85.303     0.1673     0.6557     4.0586     0.5975 1.0000e-12       1237     0.8583  0.000e+00
     10.345   65.73784 -168.64764     10.448     5.8374     5.8390     5.8366    30.9681    31.4515  1024.4356    24.3872    275.171    263.975  310.55576     88.606     85.309     0.1673     0.6557     4.0586     0.5975 1.0000e-12       1238     0.8590  0.000e+00
     10.368   65.73784 -168.64764     10.472     5.8381     5.8398     5.8373    30.9676    31.4525  1024.4353    24.3868    275.162    263.973  310.55163     88.604     85.311     0.1673     0.6557     4.0586     0.5975 1.0000e-12       1239     0.8597  0.000e+00
     10.453   65.73784 -168.64764     10.557     5.8385     5.8404     5.8377    30.9671    31.4534  1024.4352    24.3863    274.959    263.997  310.54978     88.540     85.320     0.1673     0.6557     4.0586     0.5975 1.0000e-12       1240     0.8604  0.000e+00
     10.399   65.73784 -168.64764     10.503     5.8386     5.8406     5.8378    30.9671    31.4544  1024.4349    24.3863    274.926    264.003  310.54884     88.529     85.323     0.1685     0.6630     4.0598     0.5963 1.0000e-12       1241     0.8611  0.000e+00
     10.453   65.73784 -168.64764     10.557     5.8387     5.8406     5.8379    30.9655    31.4536  1024.4339    24.3850    274.901    264.021  310.55174     88.520     85.329     0.1673     0.6557     4.0586     0.5975 1.0000e-12       1242     0.8618  0.000e+00
     10.399   65.73784 -168.64764     10.503     5.8391     5.8409     5.8383    30.9653    31.4528  1024.4335    24.3848    274.871    264.037  310.54956     88.511     85.334     0.1685     0.6630     4.0586     0.5975 1.0000e-12       1243     0.8625  0.000e+00
     10.453   65.73784 -168.64764     10.557     5.8391     5.8406     5.8382    30.9643    31.4528  1024.4329    24.3840    274.852    264.080  310.55222     88.504     85.347     0.1673     0.6557     4.0586     0.5975 1.0000e-12       1244     0.8632  0.000e+00
     10.453   65.73784 -168.64764     10.557     5.8386     5.8398     5.8378    30.9629    31.4530  1024.4319    24.3829    275.035    264.110  310.55850     88.562     85.355     0.1685     0.6630     4.0598     0.5963 1.0000e-12       1245     0.8639  0.000e+00
     10.453   65.73784 -168.64764     10.557     5.8381     5.8393     5.8373    30.9614    31.4525  1024.4308    24.3819    274.851    264.123  310.56556     88.500     85.358     0.1673     0.6557     4.0586     0.5975 1.0000e-12       1246     0.8646  0.000e+00
     10.515   65.73784 -168.64764     10.619     5.8375     5.8388     5.8367    30.9609    31.4517  1024.4307    24.3815    275.041    264.339  310.57168     88.559     85.427     0.1673     0.6557     4.0586     0.5975 1.0000e-12       1247     0.8653  0.000e+00
     10.484   65.73784 -168.64764     10.588     5.8367     5.8382     5.8359    30.9598    31.4510  1024.4298    24.3807    275.059    264.413  310.57978     88.563     85.449     0.1685     0.6630     4.0586     0.5975 1.0000e-12       1248     0.8660  0.000e+00
     10.515   65.73784 -168.64764     10.619     5.8357     5.8374     5.8349    30.9599    31.4501  1024.4302    24.3810    275.080    264.475  310.58650     88.568     85.467     0.1673     0.6557     4.0586     0.5975 1.0000e-12       1249     0.8667  0.000e+00
     10.515   65.73784 -168.64764     10.619     5.8354     5.8365     5.8346    30.9602    31.4483  1024.4304    24.3812    275.295    264.522  310.58818     88.637     85.479     0.1685     0.6630     4.0586     0.5975 1.0000e-12       1250     0.8674  0.000e+00
     10.515   65.73784 -168.64764     10.619     5.8346     5.8353     5.8338    30.9607    31.4467  1024.4309    24.3817    275.144    264.571  310.59304     88.587     85.492     0.1673     0.6557     4.0598     0.5963 1.0000e-12       1251     0.8681  0.000e+00
     10.569   65.73784 -168.64764     10.674     5.8337     5.8344     5.8329    30.9598    31.4451  1024.4306    24.3811    275.369    264.763  310.60177     88.656     85.551     0.1685     0.6630     4.0586     0.5975 1.0000e-12       1252     0.8688  0.000e+00
     10.515   65.73784 -168.64764     10.619     5.8332     5.8338     5.8324    30.9580    31.4443  1024.4289    24.3797    275.448    264.825  310.60973     88.680     85.569     0.1673     0.6557     4.0574     0.5987 1.0000e-12       1253     0.8694  0.000e+00
     10.569   65.73784 -168.64764     10.674     5.8330     5.8328     5.8322    30.9564    31.4439  1024.4279    24.3785    275.499    265.090  310.61457     88.695     85.653     0.1685     0.6630     4.0549     0.6011 1.0000e-12       1254     0.8701  0.000e+00
     10.630   65.73784 -168.64764     10.736     5.8327     5.8320     5.8319    30.9549    31.4436  1024.4271    24.3773    275.552    265.355  310.62021     88.710     85.736     0.1673     0.6557     4.0549     0.6011 1.0000e-12       1255     0.8708  0.000e+00
     10.545   65.73784 -168.64764     10.651     5.8319     5.8313     5.8311    30.9534    31.4425  1024.4256    24.3763    275.802    265.295  310.62956     88.788     85.715     0.1673     0.6557     4.0549     0.6011 1.0000e-12       1256     0.8715  0.000e+00
     10.630   65.73784 -168.64764     10.736     5.8313     5.8286     5.8304    30.9519    31.4405  1024.4249    24.3752    275.885    265.557  310.63751     88.813     85.793     0.1661     0.6483     4.0549     0.6011 1.0000e-12       1257     0.8722  0.000e+00
     10.515   65.73784 -168.64764     10.619     5.8308     5.8255     5.8299    30.9509    31.4368  1024.4236    24.3744    275.958    265.478  310.64368     88.834     85.759     0.1636     0.6337     4.0549     0.6011 1.0000e-12       1258     0.8729  0.000e+00
     10.684   65.73784 -168.64764     10.791     5.8301     5.8240     5.8293    30.9509    31.4339  1024.4244    24.3744    276.238    265.576  310.64817     88.923     85.785     0.1648     0.6410     4.0537     0.6023 1.0000e-12       1259     0.8736  0.000e+00
     10.569   65.73784 -168.64764     10.674     5.8295     5.8238     5.8287    30.9508    31.4340  1024.4239    24.3745    276.336    265.827  310.65315     88.953     85.866     0.1636     0.6337     4.0537     0.6023 1.0000e-12       1260     0.8743  0.000e+00
     10.630   65.73784 -168.64764     10.736     5.8287     5.8243     5.8279    30.9532    31.4357  1024.4262    24.3764    276.433    266.057  310.65330     88.984     85.942     0.1648     0.6410     4.0549     0.6011 1.0000e-12       1261     0.8750  0.000e+00
     10.630   65.73784 -168.64764     10.736     5.8274     5.8244     5.8266    30.9564    31.4381  1024.4289    24.3791    276.527    266.140  310.65527     89.014     85.971     0.1636     0.6337     4.0549     0.6011 1.0000e-12       1262     0.8757  0.000e+00
     10.630   65.73784 -168.64764     10.736     5.8259     5.8234     5.8251    30.9578    31.4409  1024.4302    24.3804    276.624    266.229  310.66280     89.043     85.999     0.1636     0.6337     4.0549     0.6011 1.0000e-12       1263     0.8764  0.000e+00
     10.661   65.73784 -168.64764     10.767     5.8242     5.8216     5.8234    30.9598    31.4440  1024.4321    24.3822    276.920    266.320  310.67092     89.136     86.027     0.1661     0.6483     4.0537     0.6023 1.0000e-12       1264     0.8771  0.000e+00
     10.630   65.73784 -168.64764     10.736     5.8225     5.8203     5.8217    30.9614    31.4468  1024.4334    24.3837    277.040    266.565  310.67957     89.172     86.106     0.1636     0.6337     4.0549     0.6011 1.0000e-12       1265     0.8778  0.000e+00
     10.684   65.73784 -168.64764     10.791     5.8213     5.8186     5.8205    30.9622    31.4493  1024.4344    24.3844    277.157    266.651  310.68634     89.208     86.132     0.1648     0.6410     4.0549     0.6011 1.0000e-12       1266     0.8785  0.000e+00
     10.630   65.73784 -168.64764     10.736     5.8207     5.8166     5.8199    30.9641    31.4515  1024.4358    24.3860    277.460    266.912  310.68671     89.305     86.213     0.1636     0.6337     4.0549     0.6011 1.0000e-12       1267     0.8792  0.000e+00
