EcoFOCI/data/1_SampleCollection/2023_SikuliaqDBO_CruiseData/CTD_raw_BottleFile_SKQ23-12S/proc/skq202312s_001svp.cnv
* Sea-Bird SBE 9 Data File:
* FileName = D:\CTD\SKQ202312S\SKQ202312S_001.hex
* Software Version Seasave V 7.26.7.121
* Temperature SN = 6177
* Conductivity SN = 0369
* Number of Bytes Per Scan = 41
* Number of Voltage Words = 4
* Number of Scans Averaged by the Deck Unit = 1
* NMEA Latitude = 62 11.69 N
* NMEA Longitude = 174 40.42 W
* NMEA UTC (Time) = Sep 14 2023  13:19:49
* NMEA baud rate = 4800
** Ship: R/V Sikuliaq
** Station Number: 001
** Station Name: Mooring M8
** Bottom Depth: 73
** Operator: SD
# nquan = 7
# nvalues = 8691                                  
# units = specified
# name 0 = depSM: Depth [salt water, m]
# name 1 = latitude: Latitude [deg]
# name 2 = longitude: Longitude [deg]
# name 3 = t090C: Temperature [ITS-90, deg C]
# name 4 = sal00: Salinity, Practical [PSU]
# name 5 = svCM: Sound Velocity [Chen-Millero, m/s]
# name 6 = flag:  0.000e+00
# span 0 =      1.206,     67.491                 
# span 1 =   62.19444,   62.19452                 
# span 2 = -174.67422, -174.67402                 
# span 3 =    -1.5247,     7.7743                 
# span 4 =    30.5765,    31.8394                 
# span 5 =    1438.47,    1476.65                 
# span 6 = 0.0000e+00, 0.0000e+00                 
# interval = seconds: 0.0416667
# start_time = Sep 14 2023 13:27:19 [NMEA time, first data scan]
# bad_flag = -9.990e-29
*END*
[from data line 6770]
     67.065   62.19452 -174.67402    -1.5187    31.8367    1438.84  0.000e+00
     67.080   62.19452 -174.67402    -1.5188    31.8367    1438.84  0.000e+00
     67.080   62.19452 -174.67402    -1.5187    31.8366    1438.84  0.000e+00
     67.003   62.19452 -174.67402    -1.5187    31.8371    1438.84  0.000e+00
     67.018   62.19452 -174.67402    -1.5185    31.8366    1438.84  0.000e+00
     67.003   62.19452 -174.67404    -1.5185    31.8364    1438.84  0.000e+00
     67.018   62.19452 -174.67404    -1.5185    31.8362    1438.84  0.000e+00
     67.003   62.19452 -174.67404    -1.5185    31.8359    1438.84  0.000e+00
     66.964   62.19452 -174.67404    -1.5183    31.8360    1438.84  0.000e+00
     66.964   62.19452 -174.67404    -1.5182    31.8363    1438.84  0.000e+00
     66.949   62.19452 -174.67404    -1.5184    31.8367    1438.84  0.000e+00
     66.964   62.19452 -174.67404    -1.5184    31.8364    1438.84  0.000e+00
     66.895   62.19452 -174.67404    -1.5185    31.8365    1438.84  0.000e+00
     66.903   62.19452 -174.67404    -1.5187    31.8367    1438.84  0.000e+00
     66.895   62.19452 -174.67404    -1.5188    31.8365    1438.84  0.000e+00
     66.903   62.19452 -174.67404    -1.5188    31.8366    1438.84  0.000e+00
     66.849   62.19452 -174.67404    -1.5184    31.8364    1438.84  0.000e+00
     66.895   62.19452 -174.67404    -1.5185    31.8365    1438.84  0.000e+00
     66.795   62.19452 -174.67404    -1.5184    31.8364    1438.84  0.000e+00
     66.833   62.19452 -174.67404    -1.5185    31.8368    1438.84  0.000e+00
     66.849   62.19452 -174.67404    -1.5184    31.8371    1438.84  0.000e+00
     66.779   62.19452 -174.67404    -1.5184    31.8371    1438.84  0.000e+00
     66.795   62.19452 -174.67404    -1.5181    31.8363    1438.84  0.000e+00
     66.733   62.19452 -174.67404    -1.5184    31.8365    1438.84  0.000e+00
     66.779   62.19452 -174.67404    -1.5185    31.8359    1438.84  0.000e+00
     66.679   62.19452 -174.67404    -1.5185    31.8360    1438.83  0.000e+00
     66.717   62.19452 -174.67404    -1.5186    31.8362    1438.83  0.000e+00
     66.733   62.19452 -174.67404    -1.5190    31.8365    1438.83  0.000e+00
     66.679   62.19452 -174.67404    -1.5193    31.8365    1438.83  0.000e+00
     66.663   62.19452 -174.67404    -1.5191    31.8366    1438.83  0.000e+00
     66.679   62.19452 -174.67404    -1.5190    31.8362    1438.83  0.000e+00
     66.663   62.19452 -174.67404    -1.5191    31.8370    1438.83  0.000e+00
     66.617   62.19452 -174.67404    -1.5185    31.8371    1438.83  0.000e+00
     66.602   62.19452 -174.67404    -1.5177    31.8368    1438.84  0.000e+00
     66.563   62.19452 -174.67404    -1.5168    31.8367    1438.84  0.000e+00
     66.617   62.19452 -174.67404    -1.5164    31.8368    1438.84  0.000e+00
     66.602   62.19452 -174.67404    -1.5160    31.8364    1438.85  0.000e+00
     66.563   62.19452 -174.67404    -1.5154    31.8359    1438.85  0.000e+00
     66.494   62.19452 -174.67404    -1.5154    31.8363    1438.85  0.000e+00
     66.563   62.19452 -174.67404    -1.5153    31.8359    1438.85  0.000e+00
     66.563   62.19452 -174.67404    -1.5148    31.8360    1438.85  0.000e+00
     66.494   62.19452 -174.67404    -1.5148    31.8364    1438.85  0.000e+00
     66.501   62.19452 -174.67404    -1.5147    31.8360    1438.85  0.000e+00
     66.494   62.19452 -174.67404    -1.5143    31.8355    1438.85  0.000e+00
     66.501   62.19452 -174.67404    -1.5145    31.8363    1438.85  0.000e+00
     66.494   62.19452 -174.67404    -1.5143    31.8358    1438.85  0.000e+00
     66.447   62.19452 -174.67404    -1.5142    31.8360    1438.85  0.000e+00
     66.447   62.19452 -174.67404    -1.5141    31.8360    1438.85  0.000e+00
     66.494   62.19452 -174.67404    -1.5141    31.8364    1438.85  0.000e+00
     66.393   62.19452 -174.67404    -1.5138    31.8359    1438.85  0.000e+00
     66.432   62.19452 -174.67404    -1.5139    31.8356    1438.85  0.000e+00
     66.447   62.19452 -174.67404    -1.5138    31.8359    1438.85  0.000e+00
     66.393   62.19452 -174.67404    -1.5136    31.8358    1438.85  0.000e+00
     66.432   62.19452 -174.67404    -1.5136    31.8362    1438.85  0.000e+00
     66.393   62.19452 -174.67404    -1.5133    31.8361    1438.85  0.000e+00
     66.432   62.19452 -174.67404    -1.5133    31.8361    1438.86  0.000e+00
     66.393   62.19452 -174.67404    -1.5130    31.8358    1438.86  0.000e+00
     66.432   62.19452 -174.67404    -1.5130    31.8358    1438.86  0.000e+00
     66.393   62.19452 -174.67404    -1.5131    31.8361    1438.86  0.000e+00
     66.393   62.19452 -174.67404    -1.5130    31.8361    1438.86  0.000e+00
     66.378   62.19452 -174.67404    -1.5130    31.8357    1438.85  0.000e+00
     66.393   62.19452 -174.67404    -1.5130    31.8355    1438.85  0.000e+00
     66.378   62.19452 -174.67404    -1.5130    31.8357    1438.86  0.000e+00
     66.394   62.19452 -174.67404    -1.5131    31.8361    1438.86  0.000e+00
     66.394   62.19452 -174.67404    -1.5130    31.8359    1438.86  0.000e+00
     66.378   62.19452 -174.67404    -1.5127    31.8354    1438.86  0.000e+00
     66.394   62.19452 -174.67404    -1.5128    31.8360    1438.86  0.000e+00
     66.432   62.19452 -174.67404    -1.5130    31.8361    1438.86  0.000e+00
     66.394   62.19452 -174.67404    -1.5130    31.8359    1438.86  0.000e+00
     66.378   62.19452 -174.67404    -1.5130    31.8358    1438.86  0.000e+00
     66.394   62.19452 -174.67404    -1.5131    31.8361    1438.86  0.000e+00
     66.394   62.19452 -174.67404    -1.5130    31.8359    1438.86  0.000e+00
     66.432   62.19452 -174.67404    -1.5126    31.8353    1438.86  0.000e+00
     66.448   62.19452 -174.67404    -1.5127    31.8354    1438.86  0.000e+00
     66.378   62.19452 -174.67404    -1.5130    31.8356    1438.85  0.000e+00
     66.448   62.19452 -174.67404    -1.5128    31.8355    1438.86  0.000e+00
     66.448   62.19452 -174.67404    -1.5133    31.8358    1438.85  0.000e+00
     66.432   62.19452 -174.67402    -1.5133    31.8355    1438.85  0.000e+00
     66.448   62.19452 -174.67402    -1.5136    31.8358    1438.85  0.000e+00
     66.432   62.19452 -174.67402    -1.5136    31.8358    1438.85  0.000e+00
     66.448   62.19452 -174.67402    -1.5135    31.8357    1438.85  0.000e+00
     66.502   62.19452 -174.67402    -1.5136    31.8356    1438.85  0.000e+00
     66.494   62.19452 -174.67402    -1.5136    31.8355    1438.85  0.000e+00
     66.448   62.19452 -174.67402    -1.5138    31.8357    1438.85  0.000e+00
     66.548   62.19452 -174.67402    -1.5136    31.8355    1438.85  0.000e+00
     66.502   62.19452 -174.67402    -1.5141    31.8360    1438.85  0.000e+00
     66.494   62.19452 -174.67402    -1.5138    31.8354    1438.85  0.000e+00
     66.563   62.19452 -174.67402    -1.5139    31.8362    1438.85  0.000e+00
     66.502   62.19452 -174.67402    -1.5139    31.8359    1438.85  0.000e+00
     66.548   62.19452 -174.67402    -1.5141    31.8366    1438.85  0.000e+00
     66.564   62.19452 -174.67402    -1.5139    31.8364    1438.85  0.000e+00
     66.602   62.19452 -174.67402    -1.5138    31.8358    1438.86  0.000e+00
     66.564   62.19452 -174.67402    -1.5139    31.8358    1438.85  0.000e+00
     66.679   62.19452 -174.67402    -1.5141    31.8363    1438.86  0.000e+00
     66.548   62.19452 -174.67402    -1.5139    31.8359    1438.85  0.000e+00
     66.618   62.19452 -174.67402    -1.5139    31.8355    1438.85  0.000e+00
     66.664   62.19452 -174.67402    -1.5143    31.8361    1438.85  0.000e+00
     66.618   62.19452 -174.67402    -1.5142    31.8357    1438.85  0.000e+00
     66.664   62.19452 -174.67402    -1.5143    31.8358    1438.85  0.000e+00
     66.679   62.19452 -174.67402    -1.5148    31.8358    1438.85  0.000e+00
     66.733   62.19452 -174.67402    -1.5148    31.8359    1438.85  0.000e+00
     66.718   62.19452 -174.67402    -1.5147    31.8360    1438.85  0.000e+00
     66.679   62.19452 -174.67402    -1.5147    31.8360    1438.85  0.000e+00
     66.718   62.19452 -174.67402    -1.5148    31.8365    1438.85  0.000e+00
     66.795   62.19452 -174.67402    -1.5145    31.8358    1438.85  0.000e+00
     66.718   62.19452 -174.67402    -1.5148    31.8359    1438.85  0.000e+00
     66.795   62.19452 -174.67402    -1.5147    31.8357    1438.85  0.000e+00
     66.795   62.19452 -174.67402    -1.5147    31.8358    1438.85  0.000e+00
     66.780   62.19452 -174.67402    -1.5148    31.8363    1438.85  0.000e+00
     66.795   62.19452 -174.67402    -1.5148    31.8361    1438.85  0.000e+00
     66.834   62.19452 -174.67402    -1.5148    31.8363    1438.85  0.000e+00
     66.795   62.19452 -174.67402    -1.5151    31.8363    1438.85  0.000e+00
     66.849   62.19452 -174.67402    -1.5151    31.8361    1438.85  0.000e+00
     66.896   62.19452 -174.67402    -1.5153    31.8357    1438.85  0.000e+00
     66.849   62.19452 -174.67402    -1.5156    31.8358    1438.85  0.000e+00
     66.896   62.19452 -174.67402    -1.5159    31.8362    1438.85  0.000e+00
     66.903   62.19452 -174.67402    -1.5161    31.8358    1438.85  0.000e+00
     66.834   62.19452 -174.67402    -1.5166    31.8361    1438.85  0.000e+00
     66.965   62.19452 -174.67402    -1.5168    31.8363    1438.85  0.000e+00
     66.903   62.19452 -174.67402    -1.5170    31.8362    1438.85  0.000e+00
     66.896   62.19452 -174.67402    -1.5171    31.8362    1438.84  0.000e+00
     66.965   62.19452 -174.67402    -1.5173    31.8365    1438.85  0.000e+00
     66.950   62.19452 -174.67402    -1.5173    31.8364    1438.84  0.000e+00
     66.965   62.19452 -174.67402    -1.5173    31.8363    1438.84  0.000e+00
     67.004   62.19452 -174.67402    -1.5171    31.8368    1438.85  0.000e+00
     66.965   62.19452 -174.67402    -1.5175    31.8369    1438.84  0.000e+00
     66.965   62.19452 -174.67402    -1.5175    31.8368    1438.84  0.000e+00
     67.004   62.19452 -174.67402    -1.5176    31.8367    1438.84  0.000e+00
     66.965   62.19452 -174.67402    -1.5175    31.8365    1438.84  0.000e+00
     67.004   62.19452 -174.67402    -1.5175    31.8367    1438.85  0.000e+00
     67.081   62.19452 -174.67402    -1.5174    31.8364    1438.85  0.000e+00
     67.004   62.19452 -174.67402    -1.5175    31.8365    1438.84  0.000e+00
     67.019   62.19452 -174.67402    -1.5175    31.8363    1438.84  0.000e+00
     67.019   62.19452 -174.67402    -1.5176    31.8367    1438.84  0.000e+00
     67.066   62.19452 -174.67402    -1.5174    31.8369    1438.85  0.000e+00
     67.019   62.19452 -174.67402    -1.5171    31.8364    1438.85  0.000e+00
     67.066   62.19452 -174.67402    -1.5170    31.8360    1438.85  0.000e+00
     67.019   62.19452 -174.67402    -1.5168    31.8362    1438.85  0.000e+00
     67.066   62.19452 -174.67402    -1.5166    31.8366    1438.85  0.000e+00
     67.081   62.19452 -174.67402    -1.5166    31.8356    1438.85  0.000e+00
     67.081   62.19452 -174.67402    -1.5166    31.8360    1438.85  0.000e+00
     67.066   62.19452 -174.67402    -1.5169    31.8363    1438.85  0.000e+00
     67.019   62.19452 -174.67402    -1.5166    31.8363    1438.85  0.000e+00
     67.066   62.19452 -174.67402    -1.5168    31.8366    1438.85  0.000e+00
     67.081   62.19452 -174.67402    -1.5171    31.8367    1438.85  0.000e+00
     67.066   62.19452 -174.67402    -1.5168    31.8368    1438.85  0.000e+00
     67.081   62.19452 -174.67402    -1.5166    31.8365    1438.85  0.000e+00
     67.081   62.19452 -174.67402    -1.5168    31.8368    1438.85  0.000e+00
     67.066   62.19452 -174.67402    -1.5166    31.8367    1438.85  0.000e+00
     67.081   62.19452 -174.67402    -1.5166    31.8365    1438.85  0.000e+00
     67.066   62.19452 -174.67402    -1.5165    31.8363    1438.85  0.000e+00
     67.135   62.19452 -174.67402    -1.5165    31.8358    1438.85  0.000e+00
     67.066   62.19452 -174.67402    -1.5164    31.8360    1438.85  0.000e+00
     67.019   62.19452 -174.67402    -1.5166    31.8365    1438.85  0.000e+00
     67.081   62.19452 -174.67402    -1.5165    31.8363    1438.85  0.000e+00
     67.066   62.19452 -174.67402    -1.5169    31.8365    1438.85  0.000e+00
     67.019   62.19452 -174.67402    -1.5175    31.8370    1438.85  0.000e+00
     67.120   62.19452 -174.67402    -1.5175    31.8364    1438.85  0.000e+00
     67.019   62.19452 -174.67402    -1.5172    31.8366    1438.85  0.000e+00
     67.066   62.19452 -174.67402    -1.5173    31.8368    1438.85  0.000e+00
     67.081   62.19452 -174.67402    -1.5175    31.8368    1438.85  0.000e+00
     67.020   62.19452 -174.67402    -1.5170    31.8364    1438.85  0.000e+00
     67.066   62.19452 -174.67402    -1.5168    31.8366    1438.85  0.000e+00
     67.020   62.19452 -174.67402    -1.5164    31.8368    1438.85  0.000e+00
     67.004   62.19452 -174.67402    -1.5157    31.8363    1438.85  0.000e+00
     67.020   62.19452 -174.67402    -1.5156    31.8361    1438.85  0.000e+00
     67.066   62.19452 -174.67402    -1.5156    31.8358    1438.85  0.000e+00
     67.020   62.19452 -174.67402    -1.5157    31.8362    1438.85  0.000e+00
     67.020   62.19452 -174.67402    -1.5160    31.8368    1438.85  0.000e+00
     66.950   62.19452 -174.67402    -1.5157    31.8364    1438.85  0.000e+00
     67.020   62.19452 -174.67402    -1.5157    31.8361    1438.85  0.000e+00
     67.004   62.19452 -174.67402    -1.5156    31.8360    1438.85  0.000e+00
     67.020   62.19452 -174.67402    -1.5157    31.8362    1438.85  0.000e+00
     66.950   62.19452 -174.67402    -1.5154    31.8363    1438.85  0.000e+00
     66.966   62.19452 -174.67402    -1.5153    31.8359    1438.85  0.000e+00
     66.966   62.19452 -174.67402    -1.5151    31.8360    1438.85  0.000e+00
     67.004   62.19452 -174.67402    -1.5151    31.8360    1438.86  0.000e+00
     66.904   62.19452 -174.67402    -1.5148    31.8361    1438.86  0.000e+00
     66.950   62.19452 -174.67402    -1.5148    31.8362    1438.86  0.000e+00
     66.966   62.19452 -174.67402    -1.5147    31.8359    1438.86  0.000e+00
     66.904   62.19452 -174.67402    -1.5147    31.8365    1438.86  0.000e+00
     66.950   62.19452 -174.67402    -1.5142    31.8360    1438.86  0.000e+00
     66.904   62.19452 -174.67402    -1.5143    31.8361    1438.86  0.000e+00
     66.950   62.19452 -174.67402    -1.5142    31.8357    1438.86  0.000e+00
     66.904   62.19452 -174.67402    -1.5143    31.8362    1438.86  0.000e+00
     66.896   62.19452 -174.67402    -1.5145    31.8357    1438.86  0.000e+00
     66.904   62.19452 -174.67402    -1.5147    31.8364    1438.86  0.000e+00
     66.850   62.19452 -174.67402    -1.5145    31.8359    1438.86  0.000e+00
     66.896   62.19452 -174.67402    -1.5143    31.8357    1438.86  0.000e+00
     66.904   62.19452 -174.67402    -1.5142    31.8356    1438.86  0.000e+00
     66.834   62.19452 -174.67402    -1.5142    31.8357    1438.86  0.000e+00
     66.904   62.19452 -174.67402    -1.5141    31.8355    1438.86  0.000e+00
     66.780   62.19452 -174.67402    -1.5139    31.8357    1438.86  0.000e+00
     66.904   62.19452 -174.67402    -1.5141    31.8356    1438.86  0.000e+00
     66.850   62.19452 -174.67402    -1.5142    31.8361    1438.86  0.000e+00
     66.834   62.19452 -174.67402    -1.5142    31.8365    1438.86  0.000e+00
     66.796   62.19452 -174.67402    -1.5141    31.8364    1438.86  0.000e+00
     66.834   62.19452 -174.67402    -1.5139    31.8362    1438.86  0.000e+00
     66.796   62.19452 -174.67402    -1.5139    31.8362    1438.86  0.000e+00
     66.834   62.19452 -174.67402    -1.5139    31.8364    1438.86  0.000e+00
     66.796   62.19452 -174.67402    -1.5139    31.8362    1438.86  0.000e+00
     66.796   62.19452 -174.67402    -1.5136    31.8363    1438.86  0.000e+00
     66.780   62.19452 -174.67402    -1.5138    31.8362    1438.86  0.000e+00
     66.796   62.19452 -174.67402    -1.5133    31.8358    1438.86  0.000e+00
