EcoFOCI/data/1_SampleCollection/2023_SikuliaqDBO_CruiseData/CTD_raw_BottleFile_SKQ23-12S/proc/skq202312s_030.cnv
* Sea-Bird SBE 9 Data File:
* FileName = D:\CTD\SKQ202312S\SKQ202312S_030.hex
* Software Version Seasave V 7.26.7.121
* Temperature SN = 6177
* Conductivity SN = 0369
* Number of Bytes Per Scan = 41
* Number of Voltage Words = 4
* Number of Scans Averaged by the Deck Unit = 1
* NMEA Latitude = 71 27.31 N
* NMEA Longitude = 157 35.45 W
* NMEA UTC (Time) = Sep 21 2023  07:26:33
* NMEA baud rate = 4800
** Ship: R/V Sikuliaq
** Station Number: 030
** Station Name: DBO5.6
** Bottom Depth: 109
** Operator: SS
# nquan = 24
# nvalues = 8117                                  
# units = specified
# name 0 = depSM: Depth [salt water, m]
# name 1 = latitude: Latitude [deg]
# name 2 = longitude: Longitude [deg]
# name 3 = prDM: Pressure, Digiquartz [db]
# name 4 = t090C: Temperature [ITS-90, deg C]
# name 5 = t190C: Temperature, 2 [ITS-90, deg C]
# name 6 = potemp090C: Potential Temperature [ITS-90, deg C]
# name 7 = sal00: Salinity, Practical [PSU]
# name 8 = sal11: Salinity, Practical, 2 [PSU]
# name 9 = density00: Density [density, kg/m^3]
# name 10 = sigma-é00: Density [sigma-theta, kg/m^3]
# name 11 = sbox0Mm/Kg: Oxygen, SBE 43 [umol/kg]
# name 12 = sbox1Mm/Kg: Oxygen, SBE 43, 2 [umol/kg]
# name 13 = oxsolMm/Kg: Oxygen Saturation, Garcia & Gordon [umol/kg]
# name 14 = sbeox0PS: Oxygen, SBE 43 [% saturation]
# name 15 = sbeox1PS: Oxygen, SBE 43, 2 [% saturation]
# name 16 = v0: Voltage 0
# name 17 = flECO-AFL: Fluorescence, WET Labs ECO-AFL/FL [mg/m^3]
# name 18 = v1: Voltage 1
# name 19 = CStarAt0: Beam Attenuation, WET Labs C-Star [1/m]
# name 20 = par: PAR/Irradiance, Biospherical/Licor
# name 21 = scan: Scan Count
# name 22 = timeM: Time, Elapsed [minutes]
# name 23 = flag:  0.000e+00
# span 0 =      4.093,    104.318                 
# span 1 =   71.45512,   71.45518                 
# span 2 = -157.59108, -157.59050                 
# span 3 =      4.135,    105.421                 
# span 4 =    -1.7033,     4.4585                 
# span 5 =    -1.7019,     4.4616                 
# span 6 =    -1.7046,     4.4581                 
# span 7 =    30.3710,    32.9828                 
# span 8 =    30.3980,    32.9927                 
# span 9 =  1024.0997,  1027.0467                 
# span 10 =    24.0769,    26.5384                
# span 11 =    262.182,    461.276                
# span 12 =    248.630,    443.767                
# span 13 =  322.31349,  370.84397                
# span 14 =     70.907,    125.916                
# span 15 =     67.252,    121.256                
# span 16 =     0.0476,     0.2002                
# span 17 =    -0.0623,     0.8535                
# span 18 =     3.2381,     4.2039                
# span 19 =     0.4567,     1.5012                
# span 20 = 1.0000e-12, 3.3871e-01                
# span 21 =          1,       8117                
# span 22 =     0.0000,     5.6361                
# span 23 = 0.0000e+00, 0.0000e+00                
# interval = seconds: 0.0416667
# start_time = Sep 21 2023 07:30:42 [NMEA time, first data scan]
# bad_flag = -9.990e-29
*END*
[from data line 7065]
    103.747   71.45514 -157.59104    104.844    -1.6919    -1.6912    -1.6938    32.9780    32.9891  1027.0405    26.5345    263.559    250.968  369.74335     71.282     67.883     0.0781     0.1209     3.2515     1.4846 8.4714e-06       7066     4.9063  0.000e+00
    103.631   71.45514 -157.59104    104.727    -1.6917    -1.6908    -1.6936    32.9782    32.9886  1027.0401    26.5346    263.513    250.959  369.74121     71.270     67.881     0.0794     0.1282     3.2515     1.4846 1.0000e-12       7067     4.9069  0.000e+00
    103.747   71.45514 -157.59104    104.844    -1.6917    -1.6907    -1.6936    32.9780    32.9881  1027.0405    26.5345    263.479    251.194  369.74167     71.260     67.945     0.0806     0.1355     3.2503     1.4861 1.0000e-12       7068     4.9076  0.000e+00
    103.708   71.45514 -157.59104    104.805    -1.6918    -1.6908    -1.6937    32.9781    32.9884  1027.0404    26.5345    263.179    251.259  369.74212     71.179     67.963     0.0794     0.1282     3.2515     1.4846 8.4714e-06       7069     4.9083  0.000e+00
    103.685   71.45514 -157.59104    104.781    -1.6915    -1.6908    -1.6934    32.9776    32.9886  1027.0399    26.5341    263.357    251.291  369.74116     71.227     67.971     0.0794     0.1282     3.2515     1.4846 1.0000e-12       7070     4.9090  0.000e+00
    103.685   71.45514 -157.59104    104.781    -1.6917    -1.6907    -1.6936    32.9780    32.9884  1027.0402    26.5344    263.328    251.091  369.74182     71.219     67.917     0.0794     0.1282     3.2503     1.4861 1.0000e-12       7071     4.9097  0.000e+00
    103.685   71.45514 -157.59104    104.781    -1.6915    -1.6907    -1.6934    32.9776    32.9884  1027.0399    26.5341    263.299    251.092  369.74116     71.212     67.918     0.0806     0.1355     3.2503     1.4861 8.4714e-06       7072     4.9104  0.000e+00
    103.747   71.45514 -157.59104    104.844    -1.6919    -1.6908    -1.6938    32.9779    32.9885  1027.0404    26.5344    263.278    251.098  369.74386     71.206     67.919     0.0781     0.1209     3.2503     1.4861 1.0000e-12       7073     4.9111  0.000e+00
    103.685   71.45514 -157.59104    104.781    -1.6918    -1.6908    -1.6937    32.9780    32.9888  1027.0402    26.5345    263.305    251.100  369.74233     71.213     67.920     0.0794     0.1282     3.2503     1.4861 1.0000e-12       7074     4.9118  0.000e+00
    103.747   71.45514 -157.59104    104.844    -1.6915    -1.6907    -1.6934    32.9778    32.9884  1027.0403    26.5343    263.549    251.107  369.74063     71.279     67.922     0.0794     0.1282     3.2503     1.4861 1.0000e-12       7075     4.9125  0.000e+00
    103.685   71.45514 -157.59104    104.781    -1.6915    -1.6908    -1.6934    32.9776    32.9888  1027.0399    26.5341    263.316    251.344  369.74116     71.216     67.986     0.0794     0.1282     3.2503     1.4861 1.0000e-12       7076     4.9132  0.000e+00
    103.747   71.45514 -157.59104    104.844    -1.6919    -1.6910    -1.6938    32.9781    32.9885  1027.0406    26.5346    263.566    251.156  369.74310     71.284     67.934     0.0806     0.1355     3.2503     1.4861 8.4714e-06       7077     4.9139  0.000e+00
    103.685   71.45514 -157.59104    104.781    -1.6915    -1.6910    -1.6934    32.9778    32.9892  1027.0401    26.5343    263.333    251.127  369.74052     71.221     67.927     0.0794     0.1282     3.2503     1.4861 1.0000e-12       7078     4.9146  0.000e+00
    103.685   71.45514 -157.59104    104.781    -1.6919    -1.6911    -1.6938    32.9780    32.9891  1027.0402    26.5345    263.584    251.136  369.74401     71.288     67.929     0.0794     0.1282     3.2503     1.4861 1.0000e-12       7079     4.9153  0.000e+00
    103.685   71.45514 -157.59104    104.781    -1.6917    -1.6913    -1.6936    32.9780    32.9893  1027.0402    26.5344    263.355    251.147  369.74182     71.227     67.932     0.0781     0.1209     3.2503     1.4861 1.0000e-12       7080     4.9160  0.000e+00
    103.685   71.45514 -157.59104    104.781    -1.6922    -1.6913    -1.6941    32.9783    32.9894  1027.0405    26.5347    263.346    251.158  369.74544     71.224     67.935     0.0794     0.1282     3.2503     1.4861 8.4714e-06       7081     4.9167  0.000e+00
    103.708   71.45514 -157.59104    104.805    -1.6919    -1.6914    -1.6938    32.9781    32.9893  1027.0404    26.5346    263.334    251.370  369.74303     71.221     67.992     0.0781     0.1209     3.2503     1.4861 1.0000e-12       7082     4.9174  0.000e+00
    103.685   71.45514 -157.59104    104.781    -1.6920    -1.6915    -1.6939    32.9781    32.9895  1027.0403    26.5346    263.588    251.146  369.74427     71.289     67.931     0.0794     0.1282     3.2503     1.4861 8.4714e-06       7083     4.9181  0.000e+00
    103.747   71.45514 -157.59104    104.844    -1.6918    -1.6913    -1.6937    32.9780    32.9894  1027.0405    26.5345    263.631    251.356  369.74232     71.301     67.988     0.0806     0.1355     3.2503     1.4861 8.4714e-06       7084     4.9188  0.000e+00
    103.631   71.45514 -157.59104    104.727    -1.6922    -1.6913    -1.6941    32.9783    32.9892  1027.0402    26.5348    263.410    251.396  369.74534     71.241     67.999     0.0794     0.1282     3.2503     1.4861 1.0000e-12       7085     4.9194  0.000e+00
    103.747   71.45514 -157.59104    104.844    -1.6922    -1.6916    -1.6941    32.9786    32.9896  1027.0410    26.5350    263.670    251.177  369.74454     71.311     67.939     0.0794     0.1282     3.2503     1.4861 1.0000e-12       7086     4.9201  0.000e+00
    103.685   71.45514 -157.59104    104.781    -1.6920    -1.6916    -1.6939    32.9786    32.9897  1027.0407    26.5350    263.711    251.382  369.74275     71.323     67.995     0.0781     0.1209     3.2503     1.4861 8.4714e-06       7087     4.9208  0.000e+00
    103.685   71.45514 -157.59104    104.781    -1.6920    -1.6920    -1.6939    32.9784    32.9902  1027.0405    26.5348    263.756    251.159  369.74351     71.335     67.934     0.0794     0.1282     3.2503     1.4861 1.0000e-12       7088     4.9215  0.000e+00
    103.685   71.45514 -157.59104    104.781    -1.6919    -1.6921    -1.6938    32.9783    32.9904  1027.0404    26.5347    263.538    251.134  369.74325     71.276     67.927     0.0794     0.1282     3.2503     1.4861 8.4714e-06       7089     4.9222  0.000e+00
    103.685   71.45514 -157.59104    104.781    -1.6917    -1.6922    -1.6936    32.9778    32.9904  1027.0400    26.5343    263.795    251.340  369.74232     71.346     67.983     0.0794     0.1282     3.2503     1.4861 1.0000e-12       7090     4.9229  0.000e+00
    103.685   71.45514 -157.59104    104.781    -1.6919    -1.6925    -1.6938    32.9785    32.9905  1027.0407    26.5349    263.842    251.115  369.74184     71.359     67.922     0.0769     0.1135     3.2515     1.4846 1.0000e-12       7091     4.9236  0.000e+00
    103.631   71.45514 -157.59104    104.727    -1.6915    -1.6923    -1.6934    32.9778    32.9905  1027.0398    26.5343    263.623    251.352  369.74068     71.299     67.986     0.0769     0.1135     3.2515     1.4846 8.4714e-06       7092     4.9243  0.000e+00
    103.631   71.45514 -157.59104    104.727    -1.6915    -1.6925    -1.6934    32.9775    32.9908  1027.0396    26.5341    263.096    251.392  369.74131     71.157     67.997     0.0769     0.1135     3.2515     1.4846 8.4714e-06       7093     4.9250  0.000e+00
    103.631   71.45514 -157.59104    104.727    -1.6915    -1.6922    -1.6934    32.9777    32.9902  1027.0397    26.5342    263.523    251.431  369.74029     71.272     68.008     0.0769     0.1135     3.2515     1.4846 1.0000e-12       7094     4.9257  0.000e+00
    103.577   71.45514 -157.59104    104.672    -1.6914    -1.6923    -1.6933    32.9775    32.9903  1027.0393    26.5341    263.790    251.470  369.74018     71.345     68.018     0.0781     0.1209     3.2515     1.4846 1.0000e-12       7095     4.9264  0.000e+00
    103.593   71.45514 -157.59104    104.688    -1.6914    -1.6920    -1.6933    32.9777    32.9902  1027.0395    26.5342    263.848    251.474  369.73983     71.360     68.019     0.0769     0.1135     3.2515     1.4846 8.4714e-06       7096     4.9271  0.000e+00
    103.577   71.45514 -157.59104    104.672    -1.6915    -1.6924    -1.6934    32.9777    32.9907  1027.0394    26.5342    263.906    251.514  369.74096     71.376     68.030     0.0769     0.1135     3.2515     1.4846 8.4714e-06       7097     4.9278  0.000e+00
    103.515   71.45514 -157.59104    104.610    -1.6915    -1.6920    -1.6934    32.9776    32.9901  1027.0391    26.5342    263.908    251.549  369.74110     71.376     68.040     0.0757     0.1062     3.2527     1.4831 1.0000e-12       7098     4.9285  0.000e+00
    103.515   71.45514 -157.59104    104.610    -1.6916    -1.6920    -1.6935    32.9779    32.9903  1027.0393    26.5344    263.963    251.587  369.74085     71.391     68.050     0.0769     0.1135     3.2515     1.4846 1.0000e-12       7099     4.9292  0.000e+00
    103.515   71.45514 -157.59104    104.610    -1.6920    -1.6917    -1.6939    32.9782    32.9898  1027.0396    26.5347    264.021    251.590  369.74396     71.406     68.051     0.0781     0.1209     3.2515     1.4846 8.4714e-06       7100     4.9299  0.000e+00
    103.461   71.45514 -157.59104    104.555    -1.6920    -1.6919    -1.6939    32.9784    32.9899  1027.0394    26.5348    264.074    251.592  369.74348     71.421     68.051     0.0769     0.1135     3.2527     1.4831 1.0000e-12       7101     4.9306  0.000e+00
    103.461   71.45514 -157.59104    104.555    -1.6920    -1.6914    -1.6939    32.9785    32.9896  1027.0395    26.5349    264.130    251.590  369.74323     71.436     68.052     0.0769     0.1135     3.2515     1.4846 1.0000e-12       7102     4.9313  0.000e+00
    103.515   71.45514 -157.59104    104.610    -1.6919    -1.6915    -1.6938    32.9783    32.9895  1027.0396    26.5347    264.186    251.593  369.74255     71.451     68.052     0.0757     0.1062     3.2515     1.4846 1.0000e-12       7103     4.9319  0.000e+00
    103.461   71.45514 -157.59104    104.555    -1.6918    -1.6911    -1.6937    32.9782    32.9890  1027.0393    26.5346    264.239    251.587  369.74167     71.466     68.051     0.0769     0.1135     3.2515     1.4846 1.0000e-12       7104     4.9326  0.000e+00
    103.400   71.45514 -157.59104    104.493    -1.6917    -1.6909    -1.6936    32.9780    32.9889  1027.0388    26.5344    264.239    251.582  369.74180     71.466     68.050     0.0769     0.1135     3.2515     1.4846 8.4714e-06       7105     4.9333  0.000e+00
    103.461   71.45514 -157.59104    104.555    -1.6917    -1.6907    -1.6936    32.9781    32.9882  1027.0392    26.5346    264.241    251.613  369.74141     71.466     68.058     0.0769     0.1135     3.2527     1.4831 1.0000e-12       7106     4.9340  0.000e+00
    103.400   71.45514 -157.59104    104.493    -1.6919    -1.6904    -1.6938    32.9784    32.9881  1027.0391    26.5348    264.291    251.605  369.74234     71.480     68.057     0.0757     0.1062     3.2527     1.4831 1.0000e-12       7107     4.9347  0.000e+00
    103.461   71.45514 -157.59104    104.555    -1.6920    -1.6902    -1.6939    32.9783    32.9883  1027.0394    26.5347    264.346    251.634  369.74425     71.494     68.065     0.0769     0.1135     3.2527     1.4831 8.4714e-06       7108     4.9354  0.000e+00
    103.361   71.45514 -157.59104    104.454    -1.6919    -1.6899    -1.6938    32.9781    32.9879  1027.0387    26.5346    264.445    251.391  369.74316     71.521     68.000     0.0781     0.1209     3.2515     1.4846 1.0000e-12       7109     4.9361  0.000e+00
    103.461   71.45514 -157.59104    104.555    -1.6919    -1.6895    -1.6938    32.9782    32.9869  1027.0393    26.5347    264.449    251.587  369.74270     71.522     68.053     0.0769     0.1135     3.2527     1.4831 1.0000e-12       7110     4.9368  0.000e+00
    103.346   71.45514 -157.59104    104.438    -1.6919    -1.6893    -1.6938    32.9786    32.9868  1027.0391    26.5350    264.232    251.610  369.74160     71.464     68.059     0.0769     0.1135     3.2552     1.4801 1.0000e-12       7111     4.9375  0.000e+00
    103.400   71.45514 -157.59104    104.493    -1.6920    -1.6891    -1.6939    32.9785    32.9867  1027.0393    26.5349    264.447    251.405  369.74299     71.522     68.004     0.0769     0.1135     3.2576     1.4771 1.0000e-12       7112     4.9382  0.000e+00
    103.400   71.45514 -157.59104    104.493    -1.6918    -1.6890    -1.6937    32.9780    32.9864  1027.0388    26.5345    264.444    251.366  369.74219     71.521     67.994     0.0769     0.1135     3.2576     1.4771 1.0000e-12       7113     4.9389  0.000e+00
    103.346   71.45514 -157.59104    104.438    -1.6920    -1.6889    -1.6939    32.9784    32.9863  1027.0389    26.5348    264.492    251.325  369.74327     71.534     67.983     0.0769     0.1135     3.2576     1.4771 1.0000e-12       7114     4.9396  0.000e+00
    103.400   71.45514 -157.59104    104.493    -1.6919    -1.6888    -1.6938    32.9782    32.9862  1027.0390    26.5346    264.489    251.288  369.74297     71.533     67.973     0.0769     0.1135     3.2564     1.4786 8.4714e-06       7115     4.9403  0.000e+00
    103.346   71.45514 -157.59104    104.438    -1.6917    -1.6883    -1.6936    32.9781    32.9858  1027.0387    26.5346    264.480    251.244  369.74132     71.531     67.962     0.0769     0.1135     3.2576     1.4771 8.4714e-06       7116     4.9410  0.000e+00
    103.346   71.45514 -157.59104    104.438    -1.6915    -1.6881    -1.6934    32.9780    32.9852  1027.0386    26.5345    264.470    251.472  369.73990     71.529     68.023     0.0745     0.0989     3.2576     1.4771 1.0000e-12       7117     4.9417  0.000e+00
    103.346   71.45514 -157.59104    104.438    -1.6916    -1.6883    -1.6935    32.9776    32.9856  1027.0382    26.5342    264.407    251.270  369.74169     71.511     67.968     0.0745     0.0989     3.2564     1.4786 1.0000e-12       7118     4.9424  0.000e+00
    103.346   71.45514 -157.59104    104.438    -1.6914    -1.6883    -1.6933    32.9778    32.9856  1027.0384    26.5343    264.391    251.266  369.73950     71.507     67.968     0.0745     0.0989     3.2564     1.4786 1.0000e-12       7119     4.9431  0.000e+00
    103.284   71.45514 -157.59104    104.375    -1.6914    -1.6884    -1.6933    32.9775    32.9858  1027.0378    26.5340    264.372    251.229  369.74041     71.502     67.957     0.0745     0.0989     3.2564     1.4786 8.4714e-06       7120     4.9437  0.000e+00
    103.346   71.45514 -157.59104    104.438    -1.6914    -1.6885    -1.6933    32.9779    32.9859  1027.0385    26.5344    263.566    251.196  369.73900     71.284     67.948     0.0745     0.0989     3.2576     1.4771 1.0000e-12       7121     4.9444  0.000e+00
    103.284   71.45514 -157.59104    104.375    -1.6911    -1.6883    -1.6930    32.9772    32.9857  1027.0376    26.5338    264.182    251.157  369.73769     71.451     67.938     0.0745     0.0989     3.2576     1.4771 1.0000e-12       7122     4.9451  0.000e+00
    103.284   71.45514 -157.59104    104.375    -1.6911    -1.6884    -1.6930    32.9770    32.9858  1027.0374    26.5337    264.166    251.122  369.73884     71.447     67.928     0.0733     0.0916     3.2576     1.4771 1.0000e-12       7123     4.9458  0.000e+00
    103.307   71.45514 -157.59104    104.399    -1.6911    -1.6885    -1.6930    32.9774    32.9857  1027.0379    26.5340    264.200    251.088  369.73710     71.456     67.919     0.0745     0.0989     3.2564     1.4786 1.0000e-12       7124     4.9465  0.000e+00
