EcoFOCI/data/1_SampleCollection/2023_SikuliaqDBO_CruiseData/CTD_raw_BottleFile_SKQ23-12S/proc/skq202312s_035svp.cnv
* Sea-Bird SBE 9 Data File:
* FileName = D:\CTD\SKQ202312S\SKQ202312S_035.hex
* Software Version Seasave V 7.26.7.121
* Temperature SN = 6177
* Conductivity SN = 0369
* Number of Bytes Per Scan = 41
* Number of Voltage Words = 4
* Number of Scans Averaged by the Deck Unit = 1
* NMEA Latitude = 71 45.08 N
* NMEA Longitude = 154 27.66 W
* NMEA UTC (Time) = Sep 22 2023  01:56:11
* NMEA baud rate = 4800
** Ship: R/V Sikuliaq
** Station Number: 035
** Station Name: BF2
** Bottom Depth: 88
** Operator: SD
# nquan = 7
# nvalues = 9209                                  
# units = specified
# name 0 = depSM: Depth [salt water, m]
# name 1 = latitude: Latitude [deg]
# name 2 = longitude: Longitude [deg]
# name 3 = t090C: Temperature [ITS-90, deg C]
# name 4 = sal00: Salinity, Practical [PSU]
# name 5 = svCM: Sound Velocity [Chen-Millero, m/s]
# name 6 = flag:  0.000e+00
# span 0 =      1.841,     79.392                 
# span 1 =   71.75104,   71.75126                 
# span 2 = -154.46116, -154.46000                 
# span 3 =    -0.9625,     4.2018                 
# span 4 =    28.0118,    32.3375                 
# span 5 =    1442.27,    1461.54                 
# span 6 = 0.0000e+00, 0.0000e+00                 
# interval = seconds: 0.0416667
# start_time = Sep 22 2023 02:02:56 [NMEA time, first data scan]
# bad_flag = -9.990e-29
*END*
[from data line 8001]
     78.541   71.75106 -154.46020    -0.9567    32.3309    1442.38  0.000e+00
     78.579   71.75106 -154.46020    -0.9568    32.3312    1442.38  0.000e+00
     78.579   71.75106 -154.46020    -0.9566    32.3307    1442.38  0.000e+00
     78.602   71.75106 -154.46020    -0.9567    32.3308    1442.38  0.000e+00
     78.579   71.75106 -154.46020    -0.9567    32.3308    1442.38  0.000e+00
     78.656   71.75106 -154.46020    -0.9567    32.3305    1442.38  0.000e+00
     78.633   71.75106 -154.46020    -0.9568    32.3308    1442.38  0.000e+00
     78.633   71.75106 -154.46020    -0.9567    32.3305    1442.38  0.000e+00
     78.602   71.75106 -154.46020    -0.9568    32.3310    1442.38  0.000e+00
     78.695   71.75106 -154.46020    -0.9568    32.3307    1442.38  0.000e+00
     78.718   71.75106 -154.46020    -0.9567    32.3304    1442.38  0.000e+00
     78.633   71.75106 -154.46020    -0.9567    32.3307    1442.38  0.000e+00
     78.749   71.75106 -154.46020    -0.9567    32.3307    1442.38  0.000e+00
     78.656   71.75106 -154.46020    -0.9567    32.3307    1442.38  0.000e+00
     78.749   71.75106 -154.46020    -0.9568    32.3309    1442.38  0.000e+00
     78.772   71.75106 -154.46020    -0.9567    32.3304    1442.38  0.000e+00
     78.695   71.75106 -154.46020    -0.9564    32.3301    1442.38  0.000e+00
     78.811   71.75106 -154.46020    -0.9567    32.3305    1442.38  0.000e+00
     78.772   71.75106 -154.46020    -0.9566    32.3307    1442.38  0.000e+00
     78.749   71.75106 -154.46020    -0.9564    32.3308    1442.38  0.000e+00
     78.772   71.75106 -154.46020    -0.9566    32.3308    1442.38  0.000e+00
     78.811   71.75106 -154.46020    -0.9566    32.3308    1442.38  0.000e+00
     78.865   71.75106 -154.46020    -0.9566    32.3307    1442.38  0.000e+00
     78.772   71.75106 -154.46020    -0.9564    32.3306    1442.38  0.000e+00
     78.865   71.75106 -154.46020    -0.9564    32.3303    1442.38  0.000e+00
     78.826   71.75106 -154.46020    -0.9567    32.3310    1442.38  0.000e+00
     78.865   71.75106 -154.46020    -0.9566    32.3310    1442.38  0.000e+00
     78.865   71.75106 -154.46020    -0.9564    32.3306    1442.38  0.000e+00
     78.888   71.75106 -154.46020    -0.9566    32.3307    1442.38  0.000e+00
     78.865   71.75106 -154.46020    -0.9564    32.3308    1442.38  0.000e+00
     78.888   71.75106 -154.46020    -0.9564    32.3306    1442.38  0.000e+00
     78.927   71.75106 -154.46020    -0.9565    32.3308    1442.38  0.000e+00
     78.865   71.75106 -154.46020    -0.9566    32.3310    1442.38  0.000e+00
     78.942   71.75106 -154.46020    -0.9566    32.3310    1442.38  0.000e+00
     78.927   71.75106 -154.46020    -0.9564    32.3306    1442.38  0.000e+00
     78.942   71.75106 -154.46020    -0.9564    32.3307    1442.39  0.000e+00
     78.865   71.75106 -154.46020    -0.9562    32.3309    1442.38  0.000e+00
     78.981   71.75106 -154.46020    -0.9562    32.3306    1442.39  0.000e+00
     78.942   71.75106 -154.46020    -0.9566    32.3310    1442.38  0.000e+00
     78.927   71.75106 -154.46020    -0.9564    32.3305    1442.38  0.000e+00
     79.004   71.75106 -154.46020    -0.9564    32.3306    1442.39  0.000e+00
     78.927   71.75106 -154.46020    -0.9566    32.3310    1442.38  0.000e+00
     78.981   71.75106 -154.46020    -0.9566    32.3307    1442.38  0.000e+00
     78.942   71.75106 -154.46020    -0.9562    32.3305    1442.39  0.000e+00
     78.981   71.75106 -154.46020    -0.9566    32.3307    1442.38  0.000e+00
     79.004   71.75106 -154.46020    -0.9566    32.3309    1442.39  0.000e+00
     78.981   71.75106 -154.46020    -0.9566    32.3312    1442.39  0.000e+00
     78.981   71.75106 -154.46020    -0.9564    32.3306    1442.39  0.000e+00
     79.004   71.75106 -154.46020    -0.9564    32.3309    1442.39  0.000e+00
     78.981   71.75106 -154.46020    -0.9564    32.3311    1442.39  0.000e+00
     78.942   71.75106 -154.46020    -0.9561    32.3308    1442.39  0.000e+00
     78.981   71.75108 -154.46018    -0.9562    32.3306    1442.39  0.000e+00
     78.981   71.75108 -154.46018    -0.9561    32.3309    1442.39  0.000e+00
     79.004   71.75108 -154.46018    -0.9559    32.3302    1442.39  0.000e+00
     78.981   71.75108 -154.46018    -0.9561    32.3308    1442.39  0.000e+00
     78.981   71.75108 -154.46018    -0.9561    32.3308    1442.39  0.000e+00
     78.942   71.75108 -154.46018    -0.9560    32.3303    1442.39  0.000e+00
     78.981   71.75108 -154.46018    -0.9561    32.3308    1442.39  0.000e+00
     79.004   71.75108 -154.46018    -0.9562    32.3307    1442.39  0.000e+00
     78.981   71.75108 -154.46018    -0.9562    32.3306    1442.39  0.000e+00
     78.981   71.75108 -154.46018    -0.9562    32.3306    1442.39  0.000e+00
     78.942   71.75108 -154.46018    -0.9562    32.3308    1442.39  0.000e+00
     78.981   71.75108 -154.46018    -0.9562    32.3306    1442.39  0.000e+00
     78.942   71.75108 -154.46018    -0.9564    32.3308    1442.39  0.000e+00
     78.981   71.75108 -154.46018    -0.9564    32.3305    1442.39  0.000e+00
     78.927   71.75108 -154.46018    -0.9562    32.3305    1442.39  0.000e+00
     78.943   71.75108 -154.46018    -0.9562    32.3306    1442.39  0.000e+00
     78.927   71.75108 -154.46018    -0.9562    32.3306    1442.39  0.000e+00
     78.943   71.75108 -154.46018    -0.9562    32.3310    1442.39  0.000e+00
     78.927   71.75108 -154.46018    -0.9561    32.3304    1442.39  0.000e+00
     78.927   71.75108 -154.46018    -0.9562    32.3305    1442.39  0.000e+00
     78.889   71.75108 -154.46018    -0.9564    32.3308    1442.38  0.000e+00
     78.927   71.75108 -154.46018    -0.9561    32.3307    1442.39  0.000e+00
     78.889   71.75108 -154.46018    -0.9564    32.3309    1442.38  0.000e+00
     78.865   71.75108 -154.46018    -0.9564    32.3306    1442.38  0.000e+00
     78.865   71.75108 -154.46018    -0.9561    32.3307    1442.39  0.000e+00
     78.889   71.75108 -154.46018    -0.9561    32.3304    1442.39  0.000e+00
     78.865   71.75108 -154.46018    -0.9562    32.3308    1442.38  0.000e+00
     78.827   71.75108 -154.46018    -0.9564    32.3309    1442.38  0.000e+00
     78.811   71.75108 -154.46018    -0.9562    32.3304    1442.38  0.000e+00
     78.865   71.75108 -154.46018    -0.9562    32.3306    1442.38  0.000e+00
     78.827   71.75108 -154.46018    -0.9564    32.3309    1442.38  0.000e+00
     78.811   71.75108 -154.46018    -0.9564    32.3311    1442.38  0.000e+00
     78.827   71.75108 -154.46018    -0.9562    32.3305    1442.38  0.000e+00
     78.750   71.75108 -154.46018    -0.9561    32.3305    1442.38  0.000e+00
     78.812   71.75108 -154.46018    -0.9564    32.3309    1442.38  0.000e+00
     78.773   71.75108 -154.46018    -0.9564    32.3309    1442.38  0.000e+00
     78.750   71.75108 -154.46018    -0.9562    32.3307    1442.38  0.000e+00
     78.719   71.75108 -154.46018    -0.9562    32.3305    1442.38  0.000e+00
     78.750   71.75108 -154.46018    -0.9564    32.3306    1442.38  0.000e+00
     78.750   71.75108 -154.46018    -0.9564    32.3306    1442.38  0.000e+00
     78.719   71.75108 -154.46018    -0.9564    32.3302    1442.38  0.000e+00
     78.696   71.75108 -154.46018    -0.9564    32.3305    1442.38  0.000e+00
     78.719   71.75108 -154.46018    -0.9566    32.3308    1442.38  0.000e+00
     78.696   71.75108 -154.46018    -0.9564    32.3304    1442.38  0.000e+00
     78.696   71.75108 -154.46018    -0.9566    32.3307    1442.38  0.000e+00
     78.657   71.75108 -154.46018    -0.9562    32.3307    1442.38  0.000e+00
     78.634   71.75108 -154.46018    -0.9566    32.3312    1442.38  0.000e+00
     78.657   71.75108 -154.46018    -0.9562    32.3305    1442.38  0.000e+00
     78.634   71.75108 -154.46018    -0.9564    32.3307    1442.38  0.000e+00
     78.634   71.75108 -154.46018    -0.9564    32.3307    1442.38  0.000e+00
     78.603   71.75108 -154.46018    -0.9564    32.3307    1442.38  0.000e+00
     78.634   71.75108 -154.46018    -0.9564    32.3305    1442.38  0.000e+00
     78.603   71.75108 -154.46018    -0.9562    32.3304    1442.38  0.000e+00
     78.580   71.75108 -154.46018    -0.9566    32.3311    1442.38  0.000e+00
     78.580   71.75108 -154.46018    -0.9564    32.3310    1442.38  0.000e+00
     78.542   71.75108 -154.46018    -0.9564    32.3308    1442.38  0.000e+00
     78.580   71.75108 -154.46018    -0.9564    32.3307    1442.38  0.000e+00
     78.542   71.75108 -154.46018    -0.9566    32.3314    1442.38  0.000e+00
     78.580   71.75108 -154.46018    -0.9564    32.3307    1442.38  0.000e+00
     78.526   71.75108 -154.46018    -0.9562    32.3305    1442.38  0.000e+00
     78.542   71.75108 -154.46018    -0.9564    32.3307    1442.38  0.000e+00
     78.526   71.75108 -154.46018    -0.9562    32.3304    1442.38  0.000e+00
     78.488   71.75108 -154.46018    -0.9564    32.3307    1442.38  0.000e+00
     78.526   71.75108 -154.46018    -0.9564    32.3310    1442.38  0.000e+00
     78.464   71.75108 -154.46018    -0.9564    32.3307    1442.38  0.000e+00
     78.488   71.75108 -154.46018    -0.9564    32.3307    1442.38  0.000e+00
     78.526   71.75108 -154.46018    -0.9564    32.3308    1442.38  0.000e+00
     78.488   71.75108 -154.46018    -0.9564    32.3308    1442.38  0.000e+00
     78.465   71.75108 -154.46018    -0.9564    32.3307    1442.38  0.000e+00
     78.465   71.75108 -154.46018    -0.9564    32.3307    1442.38  0.000e+00
     78.426   71.75108 -154.46018    -0.9562    32.3308    1442.38  0.000e+00
     78.465   71.75108 -154.46018    -0.9562    32.3306    1442.38  0.000e+00
     78.426   71.75108 -154.46018    -0.9561    32.3307    1442.38  0.000e+00
     78.465   71.75108 -154.46018    -0.9562    32.3306    1442.38  0.000e+00
     78.411   71.75108 -154.46018    -0.9564    32.3306    1442.38  0.000e+00
     78.426   71.75108 -154.46018    -0.9561    32.3306    1442.38  0.000e+00
     78.465   71.75108 -154.46018    -0.9562    32.3309    1442.38  0.000e+00
     78.426   71.75108 -154.46018    -0.9562    32.3307    1442.38  0.000e+00
     78.411   71.75108 -154.46018    -0.9562    32.3308    1442.38  0.000e+00
     78.426   71.75108 -154.46018    -0.9561    32.3305    1442.38  0.000e+00
     78.411   71.75108 -154.46018    -0.9564    32.3310    1442.38  0.000e+00
     78.349   71.75108 -154.46018    -0.9560    32.3304    1442.38  0.000e+00
     78.426   71.75108 -154.46018    -0.9562    32.3308    1442.38  0.000e+00
     78.411   71.75108 -154.46018    -0.9561    32.3308    1442.38  0.000e+00
     78.426   71.75108 -154.46018    -0.9559    32.3304    1442.38  0.000e+00
     78.349   71.75108 -154.46018    -0.9561    32.3308    1442.38  0.000e+00
     78.411   71.75108 -154.46018    -0.9559    32.3306    1442.38  0.000e+00
     78.372   71.75108 -154.46018    -0.9561    32.3310    1442.38  0.000e+00
     78.411   71.75108 -154.46018    -0.9559    32.3307    1442.38  0.000e+00
     78.372   71.75108 -154.46018    -0.9559    32.3304    1442.38  0.000e+00
     78.411   71.75108 -154.46018    -0.9559    32.3303    1442.38  0.000e+00
     78.349   71.75108 -154.46018    -0.9558    32.3304    1442.38  0.000e+00
     78.372   71.75108 -154.46018    -0.9559    32.3309    1442.38  0.000e+00
     78.411   71.75108 -154.46018    -0.9559    32.3309    1442.38  0.000e+00
     78.372   71.75108 -154.46018    -0.9559    32.3307    1442.38  0.000e+00
     78.349   71.75108 -154.46018    -0.9559    32.3309    1442.38  0.000e+00
     78.411   71.75106 -154.46018    -0.9561    32.3309    1442.38  0.000e+00
     78.372   71.75106 -154.46018    -0.9559    32.3309    1442.38  0.000e+00
     78.349   71.75106 -154.46018    -0.9558    32.3301    1442.38  0.000e+00
     78.372   71.75106 -154.46018    -0.9562    32.3308    1442.38  0.000e+00
     78.411   71.75106 -154.46018    -0.9561    32.3306    1442.38  0.000e+00
     78.349   71.75106 -154.46018    -0.9561    32.3306    1442.38  0.000e+00
     78.372   71.75106 -154.46018    -0.9561    32.3310    1442.38  0.000e+00
     78.349   71.75106 -154.46018    -0.9561    32.3307    1442.38  0.000e+00
     78.372   71.75106 -154.46018    -0.9559    32.3310    1442.38  0.000e+00
     78.411   71.75106 -154.46018    -0.9558    32.3304    1442.38  0.000e+00
     78.257   71.75106 -154.46018    -0.9559    32.3304    1442.38  0.000e+00
     78.465   71.75106 -154.46018    -0.9560    32.3308    1442.38  0.000e+00
     78.411   71.75106 -154.46018    -0.9559    32.3307    1442.38  0.000e+00
     78.372   71.75106 -154.46018    -0.9559    32.3307    1442.38  0.000e+00
     78.411   71.75106 -154.46018    -0.9559    32.3306    1442.38  0.000e+00
     78.372   71.75106 -154.46018    -0.9562    32.3307    1442.38  0.000e+00
     78.411   71.75106 -154.46018    -0.9561    32.3305    1442.38  0.000e+00
     78.349   71.75106 -154.46018    -0.9559    32.3306    1442.38  0.000e+00
     78.426   71.75106 -154.46018    -0.9559    32.3302    1442.38  0.000e+00
     78.349   71.75106 -154.46018    -0.9560    32.3304    1442.38  0.000e+00
     78.426   71.75106 -154.46018    -0.9561    32.3309    1442.38  0.000e+00
     78.411   71.75106 -154.46018    -0.9562    32.3308    1442.38  0.000e+00
     78.411   71.75106 -154.46018    -0.9561    32.3305    1442.38  0.000e+00
     78.426   71.75106 -154.46018    -0.9559    32.3303    1442.38  0.000e+00
     78.411   71.75106 -154.46018    -0.9559    32.3305    1442.38  0.000e+00
     78.426   71.75106 -154.46018    -0.9559    32.3306    1442.38  0.000e+00
     78.411   71.75106 -154.46018    -0.9561    32.3308    1442.38  0.000e+00
     78.465   71.75106 -154.46018    -0.9559    32.3306    1442.38  0.000e+00
     78.426   71.75106 -154.46018    -0.9560    32.3303    1442.38  0.000e+00
     78.411   71.75106 -154.46018    -0.9562    32.3304    1442.38  0.000e+00
     78.488   71.75106 -154.46018    -0.9561    32.3306    1442.38  0.000e+00
     78.411   71.75106 -154.46018    -0.9561    32.3308    1442.38  0.000e+00
     78.465   71.75106 -154.46018    -0.9561    32.3308    1442.38  0.000e+00
     78.488   71.75106 -154.46018    -0.9564    32.3308    1442.38  0.000e+00
     78.465   71.75106 -154.46018    -0.9561    32.3305    1442.38  0.000e+00
     78.488   71.75106 -154.46018    -0.9561    32.3303    1442.38  0.000e+00
     78.465   71.75106 -154.46018    -0.9562    32.3307    1442.38  0.000e+00
     78.465   71.75106 -154.46018    -0.9561    32.3305    1442.38  0.000e+00
     78.542   71.75106 -154.46018    -0.9562    32.3303    1442.38  0.000e+00
     78.465   71.75106 -154.46018    -0.9562    32.3307    1442.38  0.000e+00
     78.488   71.75106 -154.46018    -0.9562    32.3306    1442.38  0.000e+00
     78.527   71.75106 -154.46018    -0.9562    32.3306    1442.38  0.000e+00
     78.527   71.75106 -154.46018    -0.9562    32.3308    1442.38  0.000e+00
     78.542   71.75106 -154.46018    -0.9564    32.3308    1442.38  0.000e+00
     78.527   71.75106 -154.46018    -0.9564    32.3308    1442.38  0.000e+00
     78.542   71.75106 -154.46018    -0.9564    32.3310    1442.38  0.000e+00
     78.581   71.75106 -154.46018    -0.9564    32.3304    1442.38  0.000e+00
     78.542   71.75106 -154.46018    -0.9564    32.3306    1442.38  0.000e+00
     78.581   71.75106 -154.46016    -0.9566    32.3307    1442.38  0.000e+00
     78.527   71.75106 -154.46016    -0.9564    32.3307    1442.38  0.000e+00
     78.604   71.75106 -154.46016    -0.9562    32.3305    1442.38  0.000e+00
     78.581   71.75106 -154.46016    -0.9566    32.3312    1442.38  0.000e+00
     78.604   71.75106 -154.46016    -0.9566    32.3308    1442.38  0.000e+00
     78.581   71.75106 -154.46016    -0.9564    32.3306    1442.38  0.000e+00
     78.635   71.75106 -154.46016    -0.9562    32.3305    1442.38  0.000e+00
     78.604   71.75106 -154.46016    -0.9566    32.3309    1442.38  0.000e+00
     78.581   71.75106 -154.46016    -0.9564    32.3303    1442.38  0.000e+00
