EcoFOCI/data/1_SampleCollection/2023_SikuliaqDBO_CruiseData/CTD_raw_BottleFile_SKQ23-12S/proc/skq202312s_006.cnv
* Sea-Bird SBE 9 Data File:
* FileName = D:\CTD\SKQ202312S\SKQ202312S_006.hex
* Software Version Seasave V 7.26.7.121
* Temperature SN = 6177
* Conductivity SN = 0369
* Number of Bytes Per Scan = 41
* Number of Voltage Words = 4
* Number of Scans Averaged by the Deck Unit = 1
* NMEA Latitude = 62 28.06 N
* NMEA Longitude = 174 05.08 W
* NMEA UTC (Time) = Sep 16 2023  02:34:40
* NMEA baud rate = 4800
** Ship: R/V Sikuliaq
** Station Number: 006
** Station Name: DBO1.5
** Bottom Depth: 68
** Operator: SD
# nquan = 24
# nvalues = 5525                                  
# units = specified
# name 0 = depSM: Depth [salt water, m]
# name 1 = latitude: Latitude [deg]
# name 2 = longitude: Longitude [deg]
# name 3 = prDM: Pressure, Digiquartz [db]
# name 4 = t090C: Temperature [ITS-90, deg C]
# name 5 = t190C: Temperature, 2 [ITS-90, deg C]
# name 6 = potemp090C: Potential Temperature [ITS-90, deg C]
# name 7 = sal00: Salinity, Practical [PSU]
# name 8 = sal11: Salinity, Practical, 2 [PSU]
# name 9 = density00: Density [density, kg/m^3]
# name 10 = sigma-é00: Density [sigma-theta, kg/m^3]
# name 11 = sbox0Mm/Kg: Oxygen, SBE 43 [umol/kg]
# name 12 = sbox1Mm/Kg: Oxygen, SBE 43, 2 [umol/kg]
# name 13 = oxsolMm/Kg: Oxygen Saturation, Garcia & Gordon [umol/kg]
# name 14 = sbeox0PS: Oxygen, SBE 43 [% saturation]
# name 15 = sbeox1PS: Oxygen, SBE 43, 2 [% saturation]
# name 16 = v0: Voltage 0
# name 17 = flECO-AFL: Fluorescence, WET Labs ECO-AFL/FL [mg/m^3]
# name 18 = v1: Voltage 1
# name 19 = CStarAt0: Beam Attenuation, WET Labs C-Star [1/m]
# name 20 = par: PAR/Irradiance, Biospherical/Licor
# name 21 = scan: Scan Count
# name 22 = timeM: Time, Elapsed [minutes]
# name 23 = flag:  0.000e+00
# span 0 =      1.209,     62.412                 
# span 1 =   62.46776,   62.46776                 
# span 2 = -174.08478, -174.08474                 
# span 3 =      1.221,     63.028                 
# span 4 =    -1.5161,     7.8093                 
# span 5 =    -1.5148,     7.8159                 
# span 6 =    -1.5172,     7.8090                 
# span 7 =    30.8752,    31.9264                 
# span 8 =    30.9165,    31.9375                 
# span 9 =  1024.0764,  1025.9800                 
# span 10 =    24.0679,    25.6763                
# span 11 =    274.935,    437.727                
# span 12 =    262.284,    390.133                
# span 13 =  296.87291,  371.51009                
# span 14 =     74.085,    119.808                
# span 15 =     70.685,    106.408                
# span 16 =     0.0598,     0.4054                
# span 17 =     0.0110,     2.0842                
# span 18 =     3.4872,     4.1490                
# span 19 =     0.5094,     1.2046                
# span 20 = 1.0000e-12, 2.3409e+02                
# span 21 =          1,       5525                
# span 22 =     0.0000,     3.8361                
# span 23 = 0.0000e+00, 0.0000e+00                
# interval = seconds: 0.0416667
# start_time = Sep 16 2023 02:39:43 [NMEA time, first data scan]
# bad_flag = -9.990e-29
*END*
[from data line 302]
      1.957   62.46776 -174.08474      1.976     7.7890     7.7984     7.7888    30.9228    30.9268  1024.1120    24.1030    287.473    274.432  296.98206     96.798     92.429     0.1514     0.5604     3.9451     0.7110 1.7035e+02        303     0.2097  0.000e+00
      2.011   62.46776 -174.08474      2.030     7.7898     7.7981     7.7896    30.9222    30.9266  1024.1117    24.1024    287.475    274.411  296.97798     96.800     92.421     0.1514     0.5604     3.9451     0.7110 1.6892e+02        304     0.2104  0.000e+00
      1.957   62.46776 -174.08474      1.976     7.7900     7.7968     7.7898    30.9219    30.9278  1024.1111    24.1021    287.263    274.406  296.97713     96.729     92.418     0.1526     0.5678     3.9451     0.7110 1.6797e+02        305     0.2111  0.000e+00
      1.957   62.46776 -174.08474      1.976     7.7885     7.7955     7.7883    30.9230    30.9288  1024.1123    24.1032    287.438    274.419  296.98500     96.785     92.420     0.1514     0.5604     3.9451     0.7110 1.6797e+02        306     0.2118  0.000e+00
      1.957   62.46776 -174.08474      1.976     7.7869     7.7942     7.7868    30.9241    30.9298  1024.1133    24.1043    287.425    274.417  296.99295     96.779     92.418     0.1526     0.5678     3.9451     0.7110 1.6797e+02        307     0.2125  0.000e+00
      2.011   62.46776 -174.08474      2.030     7.7861     7.7933     7.7859    30.9248    30.9307  1024.1142    24.1049    287.435    274.382  296.99722     96.780     92.404     0.1514     0.5604     3.9451     0.7110 1.6750e+02        308     0.2132  0.000e+00
      1.957   62.46776 -174.08474      1.976     7.7856     7.7929     7.7854    30.9252    30.9312  1024.1143    24.1053    287.439    274.540  296.99972     96.781     92.457     0.1514     0.5604     3.9451     0.7110 1.6750e+02        309     0.2139  0.000e+00
      1.957   62.46776 -174.08474      1.976     7.7831     7.7934     7.7829    30.9274    30.9304  1024.1165    24.1074    287.455    274.392  297.01181     96.783     92.408     0.1514     0.5604     3.9451     0.7110 1.6892e+02        310     0.2146  0.000e+00
      2.011   62.46776 -174.08474      2.030     7.7816     7.7944     7.7814    30.9290    30.9299  1024.1182    24.1089    287.468    274.395  297.01847     96.785     92.410     0.1514     0.5604     3.9451     0.7110 1.7035e+02        311     0.2153  0.000e+00
      2.011   62.46776 -174.08474      2.030     7.7830     7.7957     7.7828    30.9273    30.9286  1024.1167    24.1074    287.200    274.007  297.01234     96.696     92.282     0.1514     0.5604     3.9451     0.7110 1.7083e+02        312     0.2160  0.000e+00
      1.957   62.46776 -174.08474      1.976     7.7845     7.7958     7.7843    30.9259    30.9286  1024.1151    24.1060    287.167    274.285  297.00552     96.687     92.376     0.1514     0.5604     3.9451     0.7110 1.7035e+02        313     0.2167  0.000e+00
      1.957   62.46776 -174.08474      1.976     7.7856     7.7968     7.7854    30.9249    30.9276  1024.1142    24.1051    287.325    274.439  297.00019     96.742     92.429     0.1514     0.5604     3.9451     0.7110 1.7035e+02        314     0.2174  0.000e+00
      2.011   62.46776 -174.08474      2.030     7.7842     7.7989     7.7840    30.9260    30.9261  1024.1155    24.1061    287.337    274.452  297.00756     96.744     92.437     0.1514     0.5604     3.9451     0.7110 1.7035e+02        315     0.2181  0.000e+00
      1.957   62.46776 -174.08474      1.976     7.7827     7.8011     7.7825    30.9278    30.9241  1024.1168    24.1078    287.344    274.242  297.01332     96.744     92.369     0.1514     0.5604     3.9451     0.7110 1.6939e+02        316     0.2188  0.000e+00
      2.011   62.46776 -174.08474      2.030     7.7809     7.8023     7.7807    30.9288    30.9235  1024.1181    24.1088    287.172    274.378  297.02323     96.683     92.417     0.1490     0.5458     3.9451     0.7110 1.6797e+02        317     0.2194  0.000e+00
      1.957   62.46776 -174.08474      1.976     7.7795     7.8032     7.7793    30.9296    30.9228  1024.1187    24.1096    287.344    274.205  297.03113     96.739     92.360     0.1429     0.5091     3.9438     0.7122 1.6750e+02        318     0.2201  0.000e+00
      2.011   62.46776 -174.08474      2.030     7.7786     7.8034     7.7785    30.9301    30.9227  1024.1194    24.1101    287.218    274.209  297.03580     96.695     92.362     0.1404     0.4945     3.9451     0.7110 1.6656e+02        319     0.2208  0.000e+00
      1.957   62.46776 -174.08474      1.976     7.7785     7.8036     7.7783    30.9301    30.9225  1024.1192    24.1101    287.199    274.379  297.03678     96.688     92.420     0.1404     0.4945     3.9463     0.7098 1.6377e+02        320     0.2215  0.000e+00
      1.957   62.46776 -174.08474      1.976     7.7803     7.8037     7.7801    30.9288    30.9228  1024.1179    24.1089    287.358    274.195  297.02763     96.745     92.358     0.1392     0.4872     3.9463     0.7098 1.6285e+02        321     0.2222  0.000e+00
      2.011   62.46776 -174.08474      2.030     7.7827     7.8040     7.7825    30.9269    30.9227  1024.1164    24.1071    287.354    274.165  297.01559     96.747     92.349     0.1404     0.4945     3.9463     0.7098 1.6194e+02        322     0.2229  0.000e+00
      1.957   62.46776 -174.08474      1.976     7.7846     7.8045     7.7844    30.9255    30.9225  1024.1148    24.1057    287.162    274.147  297.00560     96.686     92.343     0.1392     0.4872     3.9463     0.7098 1.5967e+02        323     0.2236  0.000e+00
      2.011   62.46776 -174.08474      2.030     7.7861     7.8048     7.7860    30.9248    30.9223  1024.1142    24.1049    287.325    274.319  296.99690     96.743     92.402     0.1404     0.4945     3.9463     0.7098 1.5833e+02        324     0.2243  0.000e+00
      1.918   62.46776 -174.08474      1.937     7.7885     7.8046     7.7883    30.9229    30.9225  1024.1120    24.1032    287.316    274.335  296.98512     96.744     92.407     0.1392     0.4872     3.9475     0.7085 1.5789e+02        325     0.2250  0.000e+00
      2.073   62.46776 -174.08474      2.093     7.7903     7.8050     7.7901    30.9219    30.9218  1024.1117    24.1021    287.133    274.172  296.97533     96.686     92.352     0.1404     0.4945     3.9463     0.7098 1.5744e+02        326     0.2257  0.000e+00
      1.957   62.46776 -174.08474      1.976     7.7917     7.8053     7.7915    30.9207    30.9216  1024.1100    24.1009    287.293    274.322  296.96870     96.742     92.403     0.1392     0.4872     3.9463     0.7098 1.5656e+02        327     0.2264  0.000e+00
      1.957   62.46776 -174.08474      1.976     7.7927     7.8051     7.7925    30.9201    30.9221  1024.1094    24.1003    287.296    274.154  296.96290     96.745     92.347     0.1404     0.4945     3.9463     0.7098 1.5656e+02        328     0.2271  0.000e+00
      2.011   62.46776 -174.08474      2.030     7.7938     7.8056     7.7937    30.9190    30.9219  1024.1086    24.0993    287.301    273.800  296.95754     96.748     92.228     0.1404     0.4945     3.9463     0.7098 1.5612e+02        329     0.2278  0.000e+00
      1.957   62.46776 -174.08474      1.976     7.7964     7.8056     7.7962    30.9172    30.9219  1024.1066    24.0975    287.294    274.091  296.94453     96.750     92.326     0.1404     0.4945     3.9463     0.7098 1.5612e+02        330     0.2285  0.000e+00
      2.011   62.46776 -174.08474      2.030     7.7982     7.8063     7.7980    30.9158    30.9214  1024.1055    24.0962    287.295    274.093  296.93544     96.753     92.328     0.1416     0.5018     3.9463     0.7098 1.5612e+02        331     0.2292  0.000e+00
      1.957   62.46776 -174.08474      1.976     7.7992     7.8064     7.7990    30.9153    30.9212  1024.1047    24.0956    287.110    274.078  296.92998     96.693     92.323     0.1404     0.4945     3.9463     0.7098 1.5744e+02        332     0.2299  0.000e+00
      1.957   62.46776 -174.08474      1.976     7.7995     7.8065     7.7993    30.9147    30.9216  1024.1042    24.0952    287.307    274.419  296.92918     96.759     92.438     0.1416     0.5018     3.9463     0.7098 1.5833e+02        333     0.2306  0.000e+00
      1.957   62.46776 -174.08474      1.976     7.7974     7.8063     7.7972    30.9163    30.9217  1024.1058    24.0967    287.330    274.455  296.93968     96.764     92.450     0.1392     0.4872     3.9463     0.7098 1.5878e+02        334     0.2313  0.000e+00
      1.957   62.46776 -174.08474      1.976     7.7971     7.8066     7.7969    30.9168    30.9208  1024.1062    24.0972    287.342    274.320  296.94056     96.768     92.405     0.1404     0.4945     3.9475     0.7085 1.6194e+02        335     0.2319  0.000e+00
      2.011   62.46776 -174.08474      2.030     7.7990     7.8064     7.7988    30.9157    30.9211  1024.1053    24.0960    287.345    274.342  296.93043     96.772     92.412     0.1392     0.4872     3.9463     0.7098 1.6609e+02        336     0.2326  0.000e+00
      1.957   62.46776 -174.08474      1.976     7.8006     7.8064     7.8004    30.9148    30.9214  1024.1041    24.0951    287.344    274.172  296.92132     96.774     92.355     0.1404     0.4945     3.9475     0.7085 1.6703e+02        337     0.2333  0.000e+00
      1.957   62.46776 -174.08474      1.976     7.7998     7.8067     7.7996    30.9155    30.9212  1024.1048    24.0958    287.359    274.173  296.92506     96.778     92.356     0.1404     0.4945     3.9475     0.7085 1.6797e+02        338     0.2340  0.000e+00
      1.895   62.46776 -174.08474      1.913     7.7992     7.8072     7.7990    30.9160    30.9213  1024.1050    24.0962    287.346    274.323  296.92842     96.773     92.407     0.1404     0.4945     3.9463     0.7098 1.6987e+02        339     0.2347  0.000e+00
      1.957   62.46776 -174.08474      1.976     7.7977     7.8077     7.7975    30.9172    30.9214  1024.1065    24.0974    287.180    274.324  296.93571     96.715     92.409     0.1392     0.4872     3.9389     0.7172 1.7035e+02        340     0.2354  0.000e+00
      1.957   62.46776 -174.08474      1.976     7.7966     7.8082     7.7964    30.9177    30.9207  1024.1070    24.0979    287.360    274.323  296.94199     96.773     92.409     0.1404     0.4945     3.9365     0.7197 1.7035e+02        341     0.2361  0.000e+00
      1.957   62.46776 -174.08474      1.976     7.7949     7.8080     7.7948    30.9189    30.9209  1024.1081    24.0991    287.568    274.342  296.95050     96.840     92.415     0.1404     0.4945     3.9353     0.7209 1.6987e+02        342     0.2368  0.000e+00
      1.895   62.46776 -174.08474      1.913     7.7931     7.8079     7.7929    30.9199    30.9210  1024.1089    24.1001    287.425    274.205  296.96069     96.789     92.369     0.1490     0.5458     3.9365     0.7197 1.6987e+02        343     0.2375  0.000e+00
      1.957   62.46776 -174.08474      1.976     7.7917     7.8075     7.7915    30.9209    30.9209  1024.1102    24.1011    287.445    274.229  296.96783     96.793     92.376     0.1587     0.6044     3.9365     0.7197 1.6987e+02        344     0.2382  0.000e+00
      1.957   62.46776 -174.08474      1.976     7.7916     7.8075     7.7914    30.9210    30.9206  1024.1102    24.1012    287.482    274.217  296.96870     96.806     92.372     0.1587     0.6044     3.9365     0.7197 1.6939e+02        345     0.2389  0.000e+00
      1.895   62.46776 -174.08474      1.913     7.7918     7.8076     7.7916    30.9204    30.9207  1024.1095    24.1007    287.491    274.202  296.96824     96.809     92.367     0.1587     0.6044     3.9365     0.7197 1.6939e+02        346     0.2396  0.000e+00
      1.895   62.46776 -174.08474      1.913     7.7921     7.8075     7.7919    30.9199    30.9206  1024.1090    24.1002    287.476    274.223  296.96776     96.804     92.374     0.1575     0.5971     3.9365     0.7197 1.6892e+02        347     0.2403  0.000e+00
      1.957   62.46776 -174.08474      1.976     7.7930     7.8072     7.7928    30.9195    30.9210  1024.1089    24.0998    287.482    274.248  296.96218     96.808     92.382     0.1587     0.6044     3.9365     0.7197 1.6703e+02        348     0.2410  0.000e+00
      1.841   62.46776 -174.08474      1.859     7.7949     7.8071     7.7947    30.9175    30.9210  1024.1065    24.0980    287.479    274.590  296.95379     96.809     92.497     0.1575     0.5971     3.9365     0.7197 1.6562e+02        349     0.2417  0.000e+00
      1.957   62.46776 -174.08474      1.976     7.7962     7.8066     7.7960    30.9169    30.9212  1024.1064    24.0973    287.485    274.619  296.94620     96.814     92.506     0.1587     0.6044     3.9365     0.7197 1.6609e+02        350     0.2424  0.000e+00
      1.895   62.46776 -174.08474      1.913     7.7962     7.8063     7.7961    30.9167    30.9211  1024.1060    24.0972    287.468    274.300  296.94645     96.808     92.398     0.1575     0.5971     3.9365     0.7197 1.6609e+02        351     0.2431  0.000e+00
      1.895   62.46776 -174.08474      1.913     7.7957     7.8050     7.7956    30.9170    30.9222  1024.1063    24.0975    287.480    274.464  296.94923     96.811     92.451     0.1587     0.6044     3.9365     0.7197 1.6703e+02        352     0.2437  0.000e+00
      1.895   62.46776 -174.08474      1.913     7.7951     7.8048     7.7950    30.9172    30.9223  1024.1065    24.0977    287.493    274.807  296.95281     96.814     92.566     0.1575     0.5971     3.9365     0.7197 1.6703e+02        353     0.2444  0.000e+00
      1.841   62.46776 -174.08474      1.859     7.7946     7.8044     7.7945    30.9177    30.9228  1024.1067    24.0982    287.477    274.502  296.95499     96.808     92.463     0.1587     0.6044     3.9365     0.7197 1.6750e+02        354     0.2451  0.000e+00
      1.841   62.46776 -174.08474      1.859     7.7941     7.8045     7.7939    30.9183    30.9226  1024.1072    24.0987    287.488    274.333  296.95745     96.811     92.406     0.1575     0.5971     3.9365     0.7197 1.6892e+02        355     0.2458  0.000e+00
      1.895   62.46776 -174.08474      1.913     7.7938     7.8037     7.7937    30.9186    30.9233  1024.1078    24.0990    287.499    274.323  296.95846     96.815     92.401     0.1587     0.6044     3.9365     0.7197 1.6892e+02        356     0.2465  0.000e+00
      1.841   62.46776 -174.08474      1.859     7.7932     7.8030     7.7930    30.9191    30.9232  1024.1080    24.0995    287.509    274.480  296.96167     96.817     92.453     0.1587     0.6044     3.9365     0.7197 1.6987e+02        357     0.2472  0.000e+00
      1.841   62.46776 -174.08474      1.859     7.7927     7.8023     7.7925    30.9191    30.9237  1024.1081    24.0996    287.521    274.839  296.96532     96.820     92.572     0.1587     0.6044     3.9365     0.7197 1.7131e+02        358     0.2479  0.000e+00
      1.841   62.46776 -174.08474      1.859     7.7924     7.8015     7.7922    30.9198    30.9246  1024.1087    24.1002    287.530    274.535  296.96580     96.823     92.469     0.1587     0.6044     3.9365     0.7197 1.7179e+02        359     0.2486  0.000e+00
      1.841   62.46776 -174.08474      1.859     7.7919     7.8003     7.7917    30.9199    30.9253  1024.1088    24.1003    287.542    274.370  296.96874     96.826     92.411     0.1587     0.6044     3.9353     0.7209 1.7228e+02        360     0.2493  0.000e+00
      1.841   62.46776 -174.08474      1.859     7.7917     7.7992     7.7915    30.9203    30.9261  1024.1092    24.1006    287.525    274.494  296.96946     96.820     92.451     0.1587     0.6044     3.9353     0.7209 1.7374e+02        361     0.2500  0.000e+00
      1.779   62.46776 -174.08474      1.796     7.7917     7.7981     7.7915    30.9202    30.9267  1024.1088    24.1006    287.504    274.325  296.96932     96.813     92.392     0.1575     0.5971     3.9353     0.7209 1.7374e+02        362     0.2507  0.000e+00
