EcoFOCI/data/1_SampleCollection/2023_SikuliaqDBO_CruiseData/CTD_raw_BottleFile_SKQ23-12S/proc/skq202312s_072.ros
* Sea-Bird SBE 9 Data File:
* FileName = D:\CTD\SKQ202312S\SKQ202312S_072.hex
* Software Version Seasave V 7.26.7.121
* Temperature SN = 6177
* Conductivity SN = 0369
* Number of Bytes Per Scan = 41
* Number of Voltage Words = 4
* Number of Scans Averaged by the Deck Unit = 1
* NMEA Latitude = 68 00.76 N
* NMEA Longitude = 167 52.45 W
* NMEA UTC (Time) = Oct 01 2023  18:46:53
* NMEA baud rate = 4800
** Ship: R/V Sikuliaq
** Station Number: 072
** Station Name: DBO3.5
** Bottom Depth: 52
** Operator: SD
# nquan = 22
# nvalues = 980                                   
# units = specified
# name 0 = depSM: Depth [salt water, m]
# name 1 = latitude: Latitude [deg]
# name 2 = longitude: Longitude [deg]
# name 3 = prDM: Pressure, Digiquartz [db]
# name 4 = t090C: Temperature [ITS-90, deg C]
# name 5 = t190C: Temperature, 2 [ITS-90, deg C]
# name 6 = potemp090C: Potential Temperature [ITS-90, deg C]
# name 7 = sal00: Salinity, Practical [PSU]
# name 8 = sal11: Salinity, Practical, 2 [PSU]
# name 9 = density00: Density [density, kg/m^3]
# name 10 = sigma-é00: Density [sigma-theta, kg/m^3]
# name 11 = sbox0Mm/Kg: Oxygen, SBE 43 [umol/kg]
# name 12 = sbox1Mm/Kg: Oxygen, SBE 43, 2 [umol/kg]
# name 13 = oxsolMm/Kg: Oxygen Saturation, Garcia & Gordon [umol/kg]
# name 14 = sbeox0PS: Oxygen, SBE 43 [% saturation]
# name 15 = v0: Voltage 0
# name 16 = flECO-AFL: Fluorescence, WET Labs ECO-AFL/FL [mg/m^3]
# name 17 = CStarAt0: Beam Attenuation, WET Labs C-Star [1/m]
# name 18 = par: PAR/Irradiance, Biospherical/Licor
# name 19 = scan: Scan Count
# name 20 = nbf: Bottles Fired
# name 21 = flag:  0.000e+00
# interval = seconds: 0.0416667
# start_time = Oct 01 2023 18:50:54 [NMEA time, first data scan]
# bad_flag = -9.990e-29
*END*
[from data line 856]
      2.736   68.01048 -167.87078      2.764     4.6538     4.6544     4.6536    29.1866    29.1965  1023.1171    23.1042    306.274    293.084  323.70348     94.616     0.4383     2.2820     0.8483 6.6723e+01      23349         18  0.000e+00
      2.682   68.01048 -167.87078      2.709     4.6536     4.6548     4.6535    29.1864    29.1966  1023.1167    23.1040    306.259    293.116  323.70511     94.611     0.4383     2.2820     0.8483 6.6535e+01      23350         18  0.000e+00
      2.682   68.01048 -167.87078      2.709     4.6538     4.6546     4.6537    29.1863    29.1965  1023.1166    23.1040    306.242    293.151  323.70366     94.606     0.4396     2.2894     0.8483 6.6348e+01      23351         18  0.000e+00
      2.682   68.01048 -167.87078      2.709     4.6538     4.6544     4.6536    29.1865    29.1966  1023.1168    23.1041    306.225    293.184  323.70368     94.600     0.4383     2.2820     0.8483 6.6348e+01      23352         18  0.000e+00
      2.736   68.01048 -167.87078      2.764     4.6536     4.6545     4.6534    29.1861    29.1966  1023.1167    23.1038    306.211    293.214  323.70580     94.595     0.4396     2.2894     0.8483 6.6348e+01      23353         18  0.000e+00
      2.736   68.01048 -167.87078      2.764     4.6538     4.6546     4.6537    29.1865    29.1966  1023.1170    23.1041    306.189    293.240  323.70336     94.589     0.4383     2.2820     0.8483 6.6161e+01      23354         18  0.000e+00
      2.736   68.01048 -167.87078      2.764     4.6538     4.6548     4.6536    29.1861    29.1964  1023.1167    23.1038    306.169    293.263  323.70455     94.583     0.4396     2.2894     0.8483 6.6161e+01      23355         18  0.000e+00
      2.682   68.01048 -167.87078      2.709     4.6538     4.6546     4.6537    29.1862    29.1966  1023.1165    23.1039    306.144    293.283  323.70393     94.575     0.4383     2.2820     0.8483 6.5975e+01      23356         18  0.000e+00
      2.736   68.01048 -167.87078      2.764     4.6539     4.6546     4.6538    29.1859    29.1969  1023.1165    23.1036    306.122    293.303  323.70393     94.569     0.4396     2.2894     0.8470 6.5420e+01      23357         18  0.000e+00
      2.798   68.01048 -167.87078      2.826     4.6538     4.6546     4.6537    29.1864    29.1968  1023.1173    23.1040    305.890    293.322  323.70343     94.497     0.4371     2.2747     0.8483 6.5236e+01      23358         18  0.000e+00
      2.736   68.01048 -167.87078      2.764     4.6536     4.6548     4.6534    29.1864    29.1963  1023.1170    23.1040    306.043    293.332  323.70517     94.544     0.4396     2.2894     0.8483 6.5053e+01      23359         18  0.000e+00
      2.736   68.01048 -167.87078      2.764     4.6539     4.6546     4.6538    29.1862    29.1969  1023.1168    23.1039    306.014    293.344  323.70313     94.535     0.4383     2.2820     0.8483 6.3962e+01      23360         18  0.000e+00
      2.798   68.01048 -167.87078      2.826     4.6538     4.6549     4.6537    29.1864    29.1964  1023.1172    23.1040    305.990    293.353  323.70352     94.528     0.4383     2.2820     0.8483 6.3603e+01      23361         18  0.000e+00
      2.798   68.01048 -167.87078      2.826     4.6538     4.6549     4.6537    29.1867    29.1963  1023.1175    23.1042    305.960    293.527  323.70280     94.519     0.4383     2.2820     0.8483 6.3603e+01      23362         18  0.000e+00
      2.798   68.01048 -167.87078      2.826     4.6539     4.6546     4.6538    29.1864    29.1967  1023.1172    23.1040    305.930    293.341  323.70275     94.509     0.4383     2.2820     0.8483 6.2891e+01      23363         18  0.000e+00
      2.798   68.01048 -167.87078      2.826     4.6538     4.6548     4.6537    29.1864    29.1966  1023.1172    23.1040    305.932    293.505  323.70352     94.510     0.4383     2.2820     0.8419 6.2537e+01      23364         18  0.000e+00
      2.852   68.01048 -167.87078      2.881     4.6538     4.6546     4.6536    29.1867    29.1966  1023.1177    23.1043    305.935    293.313  323.70316     94.511     0.4396     2.2894     0.8291 6.2537e+01      23365         18  0.000e+00
      2.798   68.01048 -167.87078      2.826     4.6538     4.6548     4.6537    29.1865    29.1966  1023.1173    23.1041    306.144    293.279  323.70334     94.576     0.4383     2.2820     0.8240 6.2714e+01      23366         18  0.000e+00
      2.852   68.01048 -167.87078      2.881     4.6540     4.6548     4.6538    29.1860    29.1965  1023.1172    23.1037    306.210    293.248  323.70323     94.596     0.4371     2.2747     0.8240 6.2714e+01      23367         18  0.000e+00
      2.852   68.01048 -167.87078      2.881     4.6538     4.6548     4.6536    29.1863    29.1964  1023.1174    23.1039    306.033    293.399  323.70423     94.541     0.4322     2.2454     0.8253 6.2714e+01      23368         18  0.000e+00
      2.852   68.01048 -167.87078      2.881     4.6538     4.6549     4.6537    29.1863    29.1966  1023.1174    23.1040    306.242    293.376  323.70367     94.606     0.4298     2.2308     0.8253 6.3068e+01      23369         18  0.000e+00
      2.914   68.01048 -167.87078      2.943     4.6538     4.6548     4.6536    29.1865    29.1965  1023.1179    23.1041    306.274    293.187  323.70320     94.616     0.4298     2.2308     0.8253 6.3246e+01      23370         18  0.000e+00
      2.914   68.01048 -167.87078      2.943     4.6539     4.6549     4.6538    29.1864    29.1964  1023.1178    23.1040    306.303    293.138  323.70270     94.625     0.4298     2.2308     0.8240 6.3246e+01      23371         18  0.000e+00
      2.914   68.01046 -167.87078      2.943     4.6538     4.6549     4.6536    29.1864    29.1966  1023.1178    23.1040    306.331    293.107  323.70356     94.633     0.4310     2.2381     0.8253 6.3068e+01      23372         18  0.000e+00
      2.914   68.01046 -167.87078      2.943     4.6540     4.6549     4.6538    29.1862    29.1966  1023.1176    23.1038    306.356    293.074  323.70276     94.641     0.4298     2.2308     0.8253 6.2891e+01      23373         18  0.000e+00
      2.914   68.01046 -167.87078      2.943     4.6538     4.6548     4.6536    29.1863    29.1966  1023.1177    23.1039    306.383    293.039  323.70421     94.649     0.4310     2.2381     0.8253 6.2714e+01      23374         18  0.000e+00
      3.200   68.01046 -167.87074      3.232     4.6557     4.6555     4.6555    29.1867    29.1964  1023.1192    23.1040    305.983    293.448  323.68819     94.530     0.4322     2.2454     0.8253 5.1199e+01      23466         19  0.000e+00
      3.138   68.01046 -167.87074      3.170     4.6557     4.6555     4.6555    29.1863    29.1968  1023.1186    23.1037    305.981    293.260  323.68911     94.529     0.4322     2.2454     0.8228 5.2811e+01      23467         19  0.000e+00
      3.138   68.01046 -167.87074      3.170     4.6557     4.6556     4.6555    29.1863    29.1964  1023.1186    23.1038    305.981    293.241  323.68902     94.529     0.4322     2.2454     0.8228 5.3260e+01      23468         19  0.000e+00
      3.084   68.01046 -167.87074      3.116     4.6557     4.6555     4.6555    29.1861    29.1965  1023.1182    23.1036    305.980    293.219  323.68950     94.529     0.4310     2.2381     0.8228 5.3863e+01      23469         19  0.000e+00
      3.084   68.01046 -167.87074      3.116     4.6557     4.6554     4.6555    29.1859    29.1964  1023.1180    23.1035    305.980    293.387  323.68995     94.529     0.4335     2.2527     0.8228 5.5559e+01      23470         19  0.000e+00
      3.084   68.01046 -167.87074      3.116     4.6557     4.6554     4.6555    29.1863    29.1962  1023.1183    23.1037    305.979    293.195  323.68914     94.529     0.4347     2.2601     0.8240 5.6189e+01      23471         19  0.000e+00
      3.023   68.01046 -167.87074      3.053     4.6554     4.6552     4.6552    29.1864    29.1968  1023.1182    23.1039    305.979    293.187  323.69121     94.528     0.4335     2.2527     0.8240 5.6506e+01      23472         19  0.000e+00
      3.023   68.01046 -167.87074      3.053     4.6554     4.6550     4.6552    29.1857    29.1968  1023.1176    23.1033    305.981    293.350  323.69309     94.528     0.4347     2.2601     0.8240 5.7794e+01      23473         19  0.000e+00
      2.969   68.01046 -167.87074      2.999     4.6549     4.6551     4.6547    29.1863    29.1967  1023.1178    23.1038    305.981    293.338  323.69563     94.528     0.4335     2.2527     0.8240 5.8285e+01      23474         19  0.000e+00
      2.969   68.01046 -167.87074      2.999     4.6552     4.6549     4.6551    29.1860    29.1968  1023.1176    23.1036    305.979    293.328  323.69347     94.527     0.4347     2.2601     0.8240 5.8614e+01      23475         19  0.000e+00
      2.915   68.01046 -167.87074      2.944     4.6549     4.6551     4.6547    29.1860    29.1966  1023.1173    23.1036    305.980    293.310  323.69600     94.527     0.4335     2.2527     0.8240 6.0459e+01      23476         19  0.000e+00
      2.915   68.01046 -167.87074      2.944     4.6549     4.6551     4.6547    29.1861    29.1965  1023.1175    23.1037    305.980    293.315  323.69602     94.527     0.4347     2.2601     0.8240 6.1489e+01      23477         19  0.000e+00
      2.853   68.01046 -167.87074      2.882     4.6549     4.6552     4.6547    29.1859    29.1967  1023.1170    23.1035    305.977    293.313  323.69619     94.526     0.4335     2.2527     0.8228 6.1663e+01      23478         19  0.000e+00
      2.799   68.01046 -167.87074      2.827     4.6547     4.6552     4.6545    29.1861    29.1965  1023.1169    23.1037    305.976    293.313  323.69732     94.525     0.4347     2.2601     0.8240 6.3424e+01      23479         19  0.000e+00
      2.853   68.01046 -167.87074      2.882     4.6545     4.6554     4.6543    29.1861    29.1965  1023.1172    23.1037    305.981    293.312  323.69931     94.526     0.4335     2.2527     0.8240 6.4505e+01      23480         19  0.000e+00
      2.799   68.01046 -167.87074      2.827     4.6546     4.6552     4.6544    29.1863    29.1966  1023.1171    23.1038    305.977    293.309  323.69773     94.525     0.4347     2.2601     0.8240 6.4687e+01      23481         19  0.000e+00
      2.737   68.01046 -167.87074      2.765     4.6544     4.6555     4.6542    29.1865    29.1962  1023.1169    23.1040    305.976    293.301  323.69885     94.525     0.4335     2.2527     0.8240 6.5790e+01      23482         19  0.000e+00
      2.737   68.01046 -167.87074      2.765     4.6546     4.6554     4.6544    29.1860    29.1964  1023.1166    23.1036    305.975    293.317  323.69829     94.525     0.4335     2.2527     0.8240 6.6723e+01      23483         19  0.000e+00
      2.683   68.01046 -167.87074      2.711     4.6546     4.6554     4.6544    29.1857    29.1967  1023.1161    23.1034    305.973    293.307  323.69904     94.524     0.4335     2.2527     0.8240 6.6911e+01      23484         19  0.000e+00
      2.683   68.01046 -167.87074      2.711     4.6543     4.6555     4.6541    29.1864    29.1966  1023.1167    23.1040    305.975    293.298  323.70021     94.524     0.4335     2.2527     0.8240 6.7669e+01      23485         19  0.000e+00
      2.630   68.01046 -167.87074      2.656     4.6545     4.6555     4.6543    29.1859    29.1964  1023.1159    23.1035    305.972    293.097  323.69995     94.523     0.4335     2.2527     0.8228 6.8629e+01      23486         19  0.000e+00
      2.630   68.01046 -167.87074      2.656     4.6543     4.6554     4.6541    29.1861    29.1964  1023.1162    23.1037    305.973    293.256  323.70057     94.523     0.4335     2.2527     0.8228 6.8822e+01      23487         19  0.000e+00
      2.568   68.01046 -167.87074      2.594     4.6543     4.6554     4.6541    29.1864    29.1969  1023.1161    23.1039    305.970    293.239  323.70035     94.523     0.4322     2.2454     0.8228 6.9016e+01      23488         19  0.000e+00
      2.568   68.01046 -167.87074      2.594     4.6541     4.6557     4.6540    29.1861    29.1964  1023.1159    23.1037    305.972    293.224  323.70184     94.523     0.4335     2.2527     0.8228 6.9602e+01      23489         19  0.000e+00
      2.568   68.01046 -167.87074      2.594     4.6541     4.6557     4.6539    29.1861    29.1968  1023.1159    23.1038    305.972    293.207  323.70214     94.523     0.4335     2.2527     0.8228 6.9798e+01      23490         19  0.000e+00
      2.514   68.01046 -167.87074      2.539     4.6543     4.6556     4.6541    29.1863    29.1967  1023.1157    23.1039    305.968    293.209  323.70017     94.522     0.4335     2.2527     0.8240 6.9602e+01      23491         19  0.000e+00
      2.514   68.01046 -167.87076      2.539     4.6543     4.6555     4.6541    29.1862    29.1967  1023.1156    23.1038    305.968    293.212  323.70044     94.522     0.4347     2.2601     0.8228 6.9406e+01      23492         19  0.000e+00
      2.514   68.01046 -167.87076      2.539     4.6543     4.6552     4.6541    29.1859    29.1966  1023.1154    23.1035    305.969    293.216  323.70155     94.522     0.4335     2.2527     0.8228 6.9211e+01      23493         19  0.000e+00
      2.452   68.01046 -167.87076      2.477     4.6541     4.6552     4.6540    29.1868    29.1967  1023.1159    23.1043    305.966    293.215  323.70019     94.521     0.4347     2.2601     0.8228 6.9798e+01      23494         19  0.000e+00
      2.421   68.01046 -167.87076      2.446     4.6541     4.6552     4.6540    29.1861    29.1966  1023.1152    23.1037    305.966    293.214  323.70186     94.521     0.4335     2.2527     0.8240 7.1994e+01      23495         19  0.000e+00
      2.452   68.01046 -167.87076      2.477     4.6541     4.6550     4.6539    29.1865    29.1969  1023.1156    23.1040    305.967    293.215  323.70129     94.521     0.4347     2.2601     0.8240 7.2810e+01      23496         19  0.000e+00
      2.398   68.01046 -167.87076      2.423     4.6540     4.6552     4.6538    29.1863    29.1967  1023.1153    23.1039    306.176    293.210  323.70245     94.585     0.4335     2.2527     0.8228 7.3221e+01      23497         19  0.000e+00
      2.452   68.01046 -167.87076      2.477     4.6539     4.6548     4.6538    29.1864    29.1965  1023.1156    23.1040    306.208    293.025  323.70272     94.595     0.4347     2.2601     0.8228 7.5951e+01      23498         19  0.000e+00
      2.452   68.01046 -167.87076      2.477     4.6540     4.6549     4.6538    29.1865    29.1968  1023.1157    23.1041    306.027    293.000  323.70197     94.540     0.4322     2.2454     0.8228 7.7463e+01      23499         19  0.000e+00
      2.337   68.01046 -167.87076      2.360     4.6540     4.6551     4.6538    29.1863    29.1969  1023.1149    23.1039    306.230    292.971  323.70256     94.602     0.4347     2.2601     0.8228 7.7681e+01      23500         19  0.000e+00
      2.452   68.01046 -167.87076      2.477     4.6541     4.6552     4.6539    29.1861    29.1969  1023.1153    23.1037    306.261    292.952  323.70228     94.612     0.4335     2.2527     0.8228 7.7245e+01      23501         19  0.000e+00
      2.398   68.01046 -167.87076      2.423     4.6540     4.6555     4.6538    29.1863    29.1970  1023.1152    23.1039    306.076    292.925  323.70254     94.555     0.4335     2.2527     0.8228 7.7245e+01      23502         19  0.000e+00
      2.398   68.01046 -167.87076      2.423     4.6541     4.6560     4.6540    29.1861    29.1965  1023.1151    23.1037    306.070    292.689  323.70183     94.553     0.4335     2.2527     0.8228 7.7245e+01      23503         19  0.000e+00
      2.514   68.01046 -167.87076      2.540     4.6541     4.6561     4.6539    29.1864    29.1969  1023.1159    23.1040    305.859    292.837  323.70145     94.488     0.4335     2.2527     0.8228 7.7245e+01      23504         19  0.000e+00
