EcoFOCI/data/1_SampleCollection/2023_SikuliaqDBO_CruiseData/CTD_raw_BottleFile_SKQ23-12S/proc/skq202312s_078svp.cnv
* Sea-Bird SBE 9 Data File:
* FileName = D:\CTD\SKQ202312S\SKQ202312S_078.hex
* Software Version Seasave V 7.26.7.121
* Temperature SN = 6177
* Conductivity SN = 0369
* Number of Bytes Per Scan = 41
* Number of Voltage Words = 4
* Number of Scans Averaged by the Deck Unit = 1
* NMEA Latitude = 65 45.65 N
* NMEA Longitude = 168 44.60 W
* NMEA UTC (Time) = Oct 03 2023  06:14:15
* NMEA baud rate = 4800
** Ship: R/V Sikuliaq
** Station Number: 078
** Station Name: BS7
** Bottom Depth: 53
** Operator: SD
# nquan = 7
# nvalues = 4230                                  
# units = specified
# name 0 = depSM: Depth [salt water, m]
# name 1 = latitude: Latitude [deg]
# name 2 = longitude: Longitude [deg]
# name 3 = t090C: Temperature [ITS-90, deg C]
# name 4 = sal00: Salinity, Practical [PSU]
# name 5 = svCM: Sound Velocity [Chen-Millero, m/s]
# name 6 = flag:  0.000e+00
# span 0 =      2.078,     47.760                 
# span 1 =   65.76066,   65.76074                 
# span 2 = -168.74416, -168.74384                 
# span 3 =     2.8525,     5.9264                 
# span 4 =    27.3708,    32.8741                 
# span 5 =    1459.32,    1470.13                 
# span 6 = 0.0000e+00, 0.0000e+00                 
# interval = seconds: 0.0416667
# start_time = Oct 03 2023 06:17:41 [NMEA time, first data scan]
# bad_flag = -9.990e-29
*END*
[from data line 3488]
     43.006   65.76066 -168.74410     2.9605    32.8609    1460.17  0.000e+00
     42.944   65.76066 -168.74410     2.9609    32.8606    1460.17  0.000e+00
     42.890   65.76066 -168.74410     2.9607    32.8608    1460.17  0.000e+00
     42.890   65.76066 -168.74410     2.9609    32.8610    1460.17  0.000e+00
     42.944   65.76066 -168.74410     2.9613    32.8604    1460.17  0.000e+00
     42.882   65.76066 -168.74410     2.9613    32.8603    1460.17  0.000e+00
     42.890   65.76066 -168.74410     2.9613    32.8603    1460.17  0.000e+00
     42.890   65.76066 -168.74410     2.9614    32.8604    1460.17  0.000e+00
     42.890   65.76066 -168.74410     2.9613    32.8606    1460.17  0.000e+00
     42.890   65.76066 -168.74410     2.9613    32.8607    1460.17  0.000e+00
     42.890   65.76066 -168.74410     2.9615    32.8605    1460.17  0.000e+00
     42.882   65.76066 -168.74410     2.9612    32.8607    1460.17  0.000e+00
     42.828   65.76066 -168.74410     2.9611    32.8608    1460.17  0.000e+00
     42.890   65.76066 -168.74410     2.9613    32.8606    1460.17  0.000e+00
     42.828   65.76066 -168.74410     2.9611    32.8604    1460.17  0.000e+00
     42.890   65.76066 -168.74410     2.9612    32.8604    1460.17  0.000e+00
     42.882   65.76066 -168.74410     2.9610    32.8611    1460.17  0.000e+00
     42.828   65.76066 -168.74410     2.9612    32.8609    1460.17  0.000e+00
     42.890   65.76066 -168.74410     2.9610    32.8611    1460.17  0.000e+00
     42.828   65.76066 -168.74410     2.9613    32.8607    1460.17  0.000e+00
     42.890   65.76066 -168.74410     2.9610    32.8617    1460.17  0.000e+00
     42.828   65.76066 -168.74410     2.9614    32.8612    1460.17  0.000e+00
     42.882   65.76066 -168.74410     2.9613    32.8618    1460.17  0.000e+00
     42.828   65.76066 -168.74410     2.9612    32.8627    1460.17  0.000e+00
     42.890   65.76066 -168.74410     2.9618    32.8631    1460.17  0.000e+00
     42.828   65.76066 -168.74410     2.9620    32.8634    1460.17  0.000e+00
     42.828   65.76066 -168.74410     2.9622    32.8636    1460.18  0.000e+00
     42.882   65.76066 -168.74410     2.9627    32.8632    1460.18  0.000e+00
     42.828   65.76066 -168.74410     2.9630    32.8635    1460.18  0.000e+00
     42.890   65.76066 -168.74410     2.9630    32.8635    1460.18  0.000e+00
     42.828   65.76066 -168.74410     2.9630    32.8629    1460.18  0.000e+00
     42.890   65.76066 -168.74410     2.9630    32.8627    1460.18  0.000e+00
     42.890   65.76066 -168.74410     2.9632    32.8620    1460.18  0.000e+00
     42.828   65.76066 -168.74410     2.9630    32.8613    1460.18  0.000e+00
     42.890   65.76066 -168.74410     2.9630    32.8604    1460.18  0.000e+00
     42.890   65.76066 -168.74410     2.9627    32.8602    1460.17  0.000e+00
     42.890   65.76066 -168.74410     2.9626    32.8596    1460.17  0.000e+00
     42.890   65.76066 -168.74410     2.9622    32.8601    1460.17  0.000e+00
     42.882   65.76066 -168.74410     2.9621    32.8591    1460.17  0.000e+00
     42.890   65.76066 -168.74410     2.9620    32.8592    1460.17  0.000e+00
     42.890   65.76066 -168.74410     2.9616    32.8600    1460.17  0.000e+00
     42.828   65.76066 -168.74410     2.9617    32.8600    1460.17  0.000e+00
     43.006   65.76066 -168.74410     2.9615    32.8605    1460.17  0.000e+00
     42.890   65.76066 -168.74410     2.9618    32.8605    1460.17  0.000e+00
     42.936   65.76066 -168.74410     2.9621    32.8601    1460.17  0.000e+00
     42.944   65.76066 -168.74410     2.9621    32.8602    1460.17  0.000e+00
     42.944   65.76066 -168.74410     2.9618    32.8611    1460.17  0.000e+00
     42.944   65.76066 -168.74410     2.9618    32.8617    1460.17  0.000e+00
     42.944   65.76066 -168.74410     2.9617    32.8620    1460.17  0.000e+00
     42.936   65.76066 -168.74410     2.9620    32.8610    1460.17  0.000e+00
     43.006   65.76066 -168.74410     2.9614    32.8617    1460.17  0.000e+00
     43.006   65.76066 -168.74410     2.9618    32.8615    1460.17  0.000e+00
     42.944   65.76066 -168.74410     2.9614    32.8617    1460.17  0.000e+00
     43.006   65.76066 -168.74410     2.9617    32.8623    1460.18  0.000e+00
     43.006   65.76066 -168.74410     2.9615    32.8636    1460.18  0.000e+00
     42.998   65.76066 -168.74410     2.9619    32.8638    1460.18  0.000e+00
     43.060   65.76066 -168.74410     2.9622    32.8630    1460.18  0.000e+00
     43.060   65.76066 -168.74410     2.9622    32.8625    1460.18  0.000e+00
     43.006   65.76066 -168.74410     2.9624    32.8619    1460.18  0.000e+00
     43.060   65.76066 -168.74410     2.9622    32.8617    1460.18  0.000e+00
     43.052   65.76066 -168.74410     2.9621    32.8622    1460.18  0.000e+00
     43.114   65.76066 -168.74410     2.9624    32.8616    1460.18  0.000e+00
     43.060   65.76066 -168.74410     2.9621    32.8618    1460.18  0.000e+00
     43.114   65.76066 -168.74410     2.9624    32.8618    1460.18  0.000e+00
     43.060   65.76066 -168.74410     2.9622    32.8628    1460.18  0.000e+00
     43.114   65.76066 -168.74410     2.9622    32.8639    1460.18  0.000e+00
     43.114   65.76066 -168.74410     2.9624    32.8638    1460.18  0.000e+00
     43.114   65.76066 -168.74410     2.9626    32.8642    1460.18  0.000e+00
     43.114   65.76066 -168.74410     2.9626    32.8651    1460.18  0.000e+00
     43.176   65.76066 -168.74410     2.9632    32.8649    1460.19  0.000e+00
     43.114   65.76066 -168.74410     2.9632    32.8652    1460.19  0.000e+00
     43.176   65.76066 -168.74410     2.9638    32.8648    1460.19  0.000e+00
     43.168   65.76066 -168.74410     2.9642    32.8645    1460.19  0.000e+00
     43.176   65.76066 -168.74410     2.9643    32.8650    1460.19  0.000e+00
     43.176   65.76066 -168.74410     2.9646    32.8649    1460.19  0.000e+00
     43.176   65.76066 -168.74410     2.9649    32.8648    1460.20  0.000e+00
     43.230   65.76066 -168.74410     2.9650    32.8648    1460.20  0.000e+00
     43.168   65.76066 -168.74410     2.9651    32.8650    1460.20  0.000e+00
     43.176   65.76066 -168.74410     2.9654    32.8647    1460.20  0.000e+00
     43.230   65.76066 -168.74410     2.9654    32.8646    1460.20  0.000e+00
     43.176   65.76066 -168.74410     2.9654    32.8653    1460.20  0.000e+00
     43.230   65.76066 -168.74410     2.9658    32.8653    1460.20  0.000e+00
     43.230   65.76066 -168.74410     2.9660    32.8649    1460.20  0.000e+00
     43.230   65.76066 -168.74410     2.9660    32.8646    1460.20  0.000e+00
     43.230   65.76066 -168.74410     2.9660    32.8648    1460.20  0.000e+00
     43.291   65.76066 -168.74410     2.9662    32.8645    1460.20  0.000e+00
     43.230   65.76066 -168.74410     2.9660    32.8646    1460.20  0.000e+00
     43.230   65.76066 -168.74410     2.9662    32.8644    1460.20  0.000e+00
     43.230   65.76066 -168.74410     2.9665    32.8646    1460.20  0.000e+00
     43.284   65.76066 -168.74410     2.9662    32.8645    1460.20  0.000e+00
     43.291   65.76066 -168.74410     2.9663    32.8641    1460.20  0.000e+00
     43.230   65.76066 -168.74410     2.9662    32.8646    1460.20  0.000e+00
     43.230   65.76066 -168.74410     2.9663    32.8644    1460.20  0.000e+00
     43.291   65.76066 -168.74410     2.9664    32.8640    1460.20  0.000e+00
     43.291   65.76066 -168.74410     2.9660    32.8640    1460.20  0.000e+00
     43.284   65.76066 -168.74410     2.9662    32.8636    1460.20  0.000e+00
     43.291   65.76066 -168.74410     2.9660    32.8635    1460.20  0.000e+00
     43.291   65.76066 -168.74410     2.9657    32.8636    1460.20  0.000e+00
     43.291   65.76066 -168.74410     2.9657    32.8632    1460.20  0.000e+00
     43.291   65.76066 -168.74410     2.9655    32.8638    1460.20  0.000e+00
     43.338   65.76066 -168.74410     2.9656    32.8634    1460.20  0.000e+00
     43.345   65.76066 -168.74410     2.9652    32.8632    1460.20  0.000e+00
     43.291   65.76066 -168.74410     2.9652    32.8629    1460.20  0.000e+00
     43.345   65.76066 -168.74410     2.9649    32.8633    1460.20  0.000e+00
     43.291   65.76066 -168.74410     2.9650    32.8635    1460.20  0.000e+00
     43.345   65.76066 -168.74410     2.9649    32.8637    1460.20  0.000e+00
     43.338   65.76066 -168.74410     2.9649    32.8630    1460.20  0.000e+00
     43.291   65.76066 -168.74410     2.9648    32.8632    1460.19  0.000e+00
     43.345   65.76066 -168.74410     2.9649    32.8626    1460.20  0.000e+00
     43.291   65.76066 -168.74410     2.9646    32.8626    1460.19  0.000e+00
     43.291   65.76066 -168.74410     2.9645    32.8629    1460.19  0.000e+00
     43.345   65.76066 -168.74410     2.9644    32.8631    1460.19  0.000e+00
     43.338   65.76066 -168.74410     2.9642    32.8633    1460.19  0.000e+00
     43.291   65.76066 -168.74410     2.9640    32.8637    1460.19  0.000e+00
     43.345   65.76066 -168.74410     2.9643    32.8631    1460.19  0.000e+00
     43.291   65.76066 -168.74410     2.9643    32.8635    1460.19  0.000e+00
     43.345   65.76066 -168.74410     2.9644    32.8638    1460.19  0.000e+00
     43.345   65.76066 -168.74410     2.9647    32.8632    1460.19  0.000e+00
     43.338   65.76066 -168.74410     2.9644    32.8638    1460.19  0.000e+00
     43.291   65.76066 -168.74410     2.9647    32.8632    1460.19  0.000e+00
     43.345   65.76066 -168.74410     2.9646    32.8633    1460.19  0.000e+00
     43.291   65.76066 -168.74410     2.9647    32.8631    1460.19  0.000e+00
     43.345   65.76066 -168.74410     2.9647    32.8630    1460.19  0.000e+00
     43.291   65.76066 -168.74410     2.9646    32.8629    1460.19  0.000e+00
     43.284   65.76066 -168.74410     2.9647    32.8634    1460.19  0.000e+00
     43.345   65.76066 -168.74412     2.9649    32.8631    1460.20  0.000e+00
     43.291   65.76066 -168.74412     2.9648    32.8634    1460.19  0.000e+00
     43.345   65.76066 -168.74412     2.9647    32.8629    1460.19  0.000e+00
     43.345   65.76066 -168.74412     2.9648    32.8629    1460.19  0.000e+00
     43.284   65.76066 -168.74412     2.9648    32.8630    1460.19  0.000e+00
     43.345   65.76066 -168.74412     2.9646    32.8633    1460.19  0.000e+00
     43.291   65.76066 -168.74412     2.9648    32.8632    1460.19  0.000e+00
     43.291   65.76066 -168.74412     2.9646    32.8637    1460.19  0.000e+00
     43.345   65.76066 -168.74412     2.9648    32.8633    1460.20  0.000e+00
     43.345   65.76066 -168.74412     2.9646    32.8638    1460.20  0.000e+00
     43.284   65.76066 -168.74412     2.9647    32.8642    1460.19  0.000e+00
     43.345   65.76066 -168.74412     2.9648    32.8634    1460.20  0.000e+00
     43.291   65.76066 -168.74412     2.9649    32.8634    1460.19  0.000e+00
     43.291   65.76066 -168.74412     2.9649    32.8632    1460.19  0.000e+00
     43.345   65.76066 -168.74412     2.9652    32.8628    1460.20  0.000e+00
     43.291   65.76066 -168.74412     2.9651    32.8630    1460.20  0.000e+00
     43.284   65.76066 -168.74412     2.9650    32.8628    1460.19  0.000e+00
     43.291   65.76066 -168.74412     2.9651    32.8633    1460.20  0.000e+00
     43.345   65.76066 -168.74412     2.9651    32.8635    1460.20  0.000e+00
     43.291   65.76066 -168.74412     2.9652    32.8638    1460.20  0.000e+00
     43.345   65.76066 -168.74412     2.9651    32.8643    1460.20  0.000e+00
     43.345   65.76066 -168.74412     2.9652    32.8642    1460.20  0.000e+00
     43.284   65.76066 -168.74412     2.9652    32.8643    1460.20  0.000e+00
     43.345   65.76066 -168.74412     2.9655    32.8641    1460.20  0.000e+00
     43.345   65.76066 -168.74412     2.9656    32.8643    1460.20  0.000e+00
     43.345   65.76066 -168.74412     2.9657    32.8640    1460.20  0.000e+00
     43.345   65.76066 -168.74412     2.9657    32.8640    1460.20  0.000e+00
     43.407   65.76066 -168.74412     2.9656    32.8641    1460.20  0.000e+00
     43.338   65.76066 -168.74412     2.9658    32.8636    1460.20  0.000e+00
     43.345   65.76066 -168.74412     2.9657    32.8635    1460.20  0.000e+00
     43.407   65.76066 -168.74412     2.9658    32.8631    1460.20  0.000e+00
     43.345   65.76066 -168.74412     2.9654    32.8634    1460.20  0.000e+00
     43.407   65.76066 -168.74412     2.9656    32.8633    1460.20  0.000e+00
     43.338   65.76066 -168.74412     2.9654    32.8637    1460.20  0.000e+00
     43.407   65.76066 -168.74412     2.9652    32.8639    1460.20  0.000e+00
     43.407   65.76066 -168.74412     2.9654    32.8640    1460.20  0.000e+00
     43.407   65.76066 -168.74412     2.9654    32.8645    1460.20  0.000e+00
     43.407   65.76066 -168.74412     2.9654    32.8648    1460.20  0.000e+00
     43.407   65.76066 -168.74412     2.9654    32.8649    1460.20  0.000e+00
     43.453   65.76066 -168.74412     2.9657    32.8649    1460.20  0.000e+00
     43.461   65.76066 -168.74412     2.9660    32.8648    1460.20  0.000e+00
     43.515   65.76066 -168.74412     2.9659    32.8644    1460.20  0.000e+00
     43.461   65.76066 -168.74412     2.9658    32.8649    1460.20  0.000e+00
     43.461   65.76066 -168.74412     2.9659    32.8647    1460.20  0.000e+00
     43.515   65.76066 -168.74412     2.9662    32.8645    1460.21  0.000e+00
     43.515   65.76066 -168.74412     2.9659    32.8651    1460.21  0.000e+00
     43.515   65.76066 -168.74412     2.9660    32.8652    1460.21  0.000e+00
     43.515   65.76066 -168.74412     2.9663    32.8652    1460.21  0.000e+00
     43.577   65.76066 -168.74412     2.9664    32.8655    1460.21  0.000e+00
     43.577   65.76066 -168.74412     2.9666    32.8655    1460.21  0.000e+00
     43.577   65.76066 -168.74412     2.9669    32.8653    1460.21  0.000e+00
     43.569   65.76066 -168.74412     2.9669    32.8655    1460.21  0.000e+00
     43.631   65.76066 -168.74412     2.9672    32.8650    1460.21  0.000e+00
     43.577   65.76066 -168.74412     2.9672    32.8656    1460.21  0.000e+00
     43.693   65.76066 -168.74412     2.9675    32.8667    1460.22  0.000e+00
     43.631   65.76066 -168.74412     2.9676    32.8682    1460.22  0.000e+00
     43.693   65.76066 -168.74412     2.9685    32.8681    1460.22  0.000e+00
     43.685   65.76066 -168.74412     2.9689    32.8686    1460.23  0.000e+00
     43.747   65.76066 -168.74412     2.9689    32.8686    1460.23  0.000e+00
     43.693   65.76066 -168.74412     2.9694    32.8686    1460.23  0.000e+00
     43.747   65.76066 -168.74412     2.9696    32.8689    1460.23  0.000e+00
     43.808   65.76066 -168.74412     2.9699    32.8690    1460.23  0.000e+00
     43.747   65.76066 -168.74412     2.9703    32.8691    1460.23  0.000e+00
     43.855   65.76066 -168.74412     2.9702    32.8690    1460.23  0.000e+00
     43.808   65.76066 -168.74412     2.9704    32.8688    1460.23  0.000e+00
     43.808   65.76066 -168.74412     2.9704    32.8686    1460.23  0.000e+00
     43.862   65.76066 -168.74412     2.9706    32.8681    1460.24  0.000e+00
     43.862   65.76066 -168.74412     2.9704    32.8684    1460.23  0.000e+00
     43.862   65.76066 -168.74412     2.9706    32.8689    1460.24  0.000e+00
     43.916   65.76066 -168.74412     2.9705    32.8687    1460.24  0.000e+00
     43.970   65.76066 -168.74412     2.9709    32.8688    1460.24  0.000e+00
     43.916   65.76066 -168.74412     2.9708    32.8693    1460.24  0.000e+00
     43.978   65.76066 -168.74412     2.9708    32.8691    1460.24  0.000e+00
     44.032   65.76066 -168.74412     2.9711    32.8690    1460.24  0.000e+00
     44.032   65.76066 -168.74412     2.9713    32.8689    1460.24  0.000e+00
     44.032   65.76066 -168.74412     2.9711    32.8691    1460.24  0.000e+00
     44.032   65.76066 -168.74412     2.9710    32.8690    1460.24  0.000e+00
     44.094   65.76066 -168.74412     2.9712    32.8687    1460.24  0.000e+00
     44.032   65.76066 -168.74412     2.9711    32.8686    1460.24  0.000e+00
