EcoFOCI/data/1_SampleCollection/2023_SikuliaqDBO_CruiseData/CTD_raw_BottleFile_SKQ23-12S/proc/skq202312s_009.cnv
* Sea-Bird SBE 9 Data File:
* FileName = D:\CTD\SKQ202312S\SKQ202312S_009.hex
* Software Version Seasave V 7.26.7.121
* Temperature SN = 6177
* Conductivity SN = 0369
* Number of Bytes Per Scan = 41
* Number of Voltage Words = 4
* Number of Scans Averaged by the Deck Unit = 1
* NMEA Latitude = 63 01.70 N
* NMEA Longitude = 173 27.64 W
* NMEA UTC (Time) = Sep 16 2023  10:53:46
* NMEA baud rate = 4800
** Ship: R/V Sikuliaq
** Station Number: 009
** Station Name: DBO1.8
** Bottom Depth: 71
** Operator: SD
# nquan = 24
# nvalues = 6445                                  
# units = specified
# name 0 = depSM: Depth [salt water, m]
# name 1 = latitude: Latitude [deg]
# name 2 = longitude: Longitude [deg]
# name 3 = prDM: Pressure, Digiquartz [db]
# name 4 = t090C: Temperature [ITS-90, deg C]
# name 5 = t190C: Temperature, 2 [ITS-90, deg C]
# name 6 = potemp090C: Potential Temperature [ITS-90, deg C]
# name 7 = sal00: Salinity, Practical [PSU]
# name 8 = sal11: Salinity, Practical, 2 [PSU]
# name 9 = density00: Density [density, kg/m^3]
# name 10 = sigma-é00: Density [sigma-theta, kg/m^3]
# name 11 = sbox0Mm/Kg: Oxygen, SBE 43 [umol/kg]
# name 12 = sbox1Mm/Kg: Oxygen, SBE 43, 2 [umol/kg]
# name 13 = oxsolMm/Kg: Oxygen Saturation, Garcia & Gordon [umol/kg]
# name 14 = sbeox0PS: Oxygen, SBE 43 [% saturation]
# name 15 = sbeox1PS: Oxygen, SBE 43, 2 [% saturation]
# name 16 = v0: Voltage 0
# name 17 = flECO-AFL: Fluorescence, WET Labs ECO-AFL/FL [mg/m^3]
# name 18 = v1: Voltage 1
# name 19 = CStarAt0: Beam Attenuation, WET Labs C-Star [1/m]
# name 20 = par: PAR/Irradiance, Biospherical/Licor
# name 21 = scan: Scan Count
# name 22 = timeM: Time, Elapsed [minutes]
# name 23 = flag:  0.000e+00
# span 0 =      1.077,     66.655                 
# span 1 =   63.02840,   63.02840                 
# span 2 = -173.46060, -173.46058                 
# span 3 =      1.088,     67.317                 
# span 4 =    -1.3989,     7.4412                 
# span 5 =    -1.3975,     7.4348                 
# span 6 =    -1.3999,     7.4411                 
# span 7 =    31.2990,    32.0983                 
# span 8 =    31.1780,    32.1134                 
# span 9 =  1024.4554,  1026.1344                 
# span 10 =    24.4499,    25.8128                
# span 11 =    257.562,    450.040                
# span 12 =    245.686,    411.351                
# span 13 =  298.49341,  369.40246                
# span 14 =     69.767,    124.889                
# span 15 =     66.551,    113.527                
# span 16 =     0.0818,     0.2112                
# span 17 =     0.1428,     0.9194                
# span 18 =     3.2894,     4.1917                
# span 19 =     0.4684,     1.4383                
# span 20 = 1.0000e-12, 1.3709e+00                
# span 21 =          1,       6445                
# span 22 =     0.0000,     4.4750                
# span 23 = 0.0000e+00, 0.0000e+00                
# interval = seconds: 0.0416667
# start_time = Sep 16 2023 10:56:36 [NMEA time, first data scan]
# bad_flag = -9.990e-29
*END*
[from data line 4167]
     59.964   63.02840 -173.46060     60.558    -1.3908    -1.3906    -1.3919    32.0920    32.1036  1026.1000    25.8077    261.330    248.124  369.32856     70.758     67.189     0.0842     0.1575     3.6606     1.0105 1.0000e-12       4168     2.8937  0.000e+00
     59.964   63.02840 -173.46060     60.558    -1.3910    -1.3906    -1.3921    32.0922    32.1039  1026.1002    25.8079    261.100    248.115  369.32961     70.696     67.187     0.0855     0.1648     3.6606     1.0105 1.0000e-12       4169     2.8944  0.000e+00
     59.964   63.02840 -173.46060     60.558    -1.3910    -1.3905    -1.3921    32.0925    32.1035  1026.1004    25.8081    261.343    248.107  369.32951     70.761     67.185     0.0855     0.1648     3.6606     1.0105 8.4714e-06       4170     2.8951  0.000e+00
     59.956   63.02840 -173.46060     60.550    -1.3910    -1.3904    -1.3921    32.0925    32.1036  1026.1003    25.8080    261.377    248.098  369.32898     70.771     67.182     0.0855     0.1648     3.6618     1.0092 8.4714e-06       4171     2.8958  0.000e+00
     60.018   63.02840 -173.46060     60.612    -1.3910    -1.3900    -1.3921    32.0922    32.1033  1026.1005    25.8079    261.418    248.090  369.33022     70.782     67.181     0.0855     0.1648     3.6606     1.0105 8.4714e-06       4172     2.8965  0.000e+00
     60.018   63.02840 -173.46060     60.612    -1.3910    -1.3903    -1.3921    32.0920    32.1037  1026.1003    25.8077    261.405    248.083  369.33033     70.778     67.178     0.0855     0.1648     3.6606     1.0105 8.4714e-06       4173     2.8972  0.000e+00
     60.018   63.02840 -173.46060     60.612    -1.3911    -1.3902    -1.3923    32.0923    32.1035  1026.1005    25.8079    261.445    248.075  369.33126     70.789     67.176     0.0855     0.1648     3.6606     1.0105 1.0000e-12       4174     2.8979  0.000e+00
     60.018   63.02840 -173.46060     60.612    -1.3912    -1.3906    -1.3923    32.0921    32.1039  1026.1004    25.8078    261.487    248.069  369.33227     70.800     67.174     0.0855     0.1648     3.6606     1.0105 1.0000e-12       4175     2.8986  0.000e+00
     59.956   63.02840 -173.46060     60.550    -1.3911    -1.3907    -1.3923    32.0923    32.1037  1026.1002    25.8079    262.047    248.060  369.33127     70.952     67.172     0.0855     0.1648     3.6606     1.0105 1.0000e-12       4176     2.8993  0.000e+00
     60.018   63.02840 -173.46060     60.612    -1.3912    -1.3907    -1.3924    32.0919    32.1035  1026.1002    25.8076    261.672    248.055  369.33353     70.850     67.170     0.0855     0.1648     3.6606     1.0105 8.4714e-06       4177     2.9000  0.000e+00
     59.910   63.02840 -173.46060     60.503    -1.3910    -1.3908    -1.3921    32.0920    32.1036  1026.0998    25.8077    261.710    248.044  369.33078     70.860     67.167     0.0855     0.1648     3.6606     1.0105 1.0000e-12       4178     2.9007  0.000e+00
     59.964   63.02840 -173.46060     60.558    -1.3911    -1.3906    -1.3923    32.0921    32.1035  1026.1001    25.8077    261.706    248.036  369.33178     70.859     67.165     0.0855     0.1648     3.6606     1.0105 1.0000e-12       4179     2.9014  0.000e+00
     59.910   63.02840 -173.46060     60.503    -1.3910    -1.3907    -1.3921    32.0917    32.1035  1026.0995    25.8074    261.541    248.027  369.33126     70.815     67.162     0.0855     0.1648     3.6606     1.0105 8.4714e-06       4180     2.9021  0.000e+00
     59.902   63.02840 -173.46060     60.495    -1.3910    -1.3903    -1.3921    32.0918    32.1030  1026.0995    25.8075    261.492    248.016  369.33151     70.801     67.160     0.0855     0.1648     3.6606     1.0105 1.0000e-12       4181     2.9028  0.000e+00
     59.848   63.02840 -173.46060     60.441    -1.3910    -1.3905    -1.3921    32.0919    32.1034  1026.0993    25.8076    261.701    248.007  369.33065     70.858     67.157     0.0855     0.1648     3.6606     1.0105 1.0000e-12       4182     2.9035  0.000e+00
     59.910   63.02840 -173.46060     60.503    -1.3908    -1.3904    -1.3919    32.0923    32.1032  1026.1000    25.8079    261.755    248.001  369.32760     70.873     67.156     0.0855     0.1648     3.6606     1.0105 8.4714e-06       4183     2.9042  0.000e+00
     59.848   63.02840 -173.46060     60.441    -1.3906    -1.3905    -1.3917    32.0921    32.1029  1026.0995    25.8078    261.755    248.222  369.32592     70.874     67.215     0.0855     0.1648     3.6606     1.0105 8.4714e-06       4184     2.9049  0.000e+00
     59.848   63.02840 -173.46060     60.441    -1.3903    -1.3904    -1.3915    32.0920    32.1034  1026.0994    25.8077    261.758    248.243  369.32398     70.875     67.221     0.0855     0.1648     3.6606     1.0105 1.0000e-12       4185     2.9056  0.000e+00
     59.910   63.02840 -173.46060     60.503    -1.3902    -1.3905    -1.3913    32.0916    32.1038  1026.0994    25.8073    261.556    248.300  369.32405     70.820     67.237     0.0855     0.1648     3.6606     1.0105 1.0000e-12       4186     2.9063  0.000e+00
     59.840   63.02840 -173.46060     60.433    -1.3901    -1.3902    -1.3912    32.0913    32.1033  1026.0988    25.8071    261.512    248.351  369.32377     70.808     67.251     0.0855     0.1648     3.6606     1.0105 1.0000e-12       4187     2.9069  0.000e+00
     59.910   63.02840 -173.46060     60.503    -1.3902    -1.3905    -1.3913    32.0918    32.1035  1026.0995    25.8075    261.475    248.147  369.32356     70.798     67.195     0.0855     0.1648     3.6606     1.0105 1.0000e-12       4188     2.9076  0.000e+00
     59.848   63.02840 -173.46060     60.441    -1.3903    -1.3904    -1.3914    32.0916    32.1036  1026.0991    25.8073    261.696    248.133  369.32459     70.858     67.192     0.0855     0.1648     3.6606     1.0105 8.4714e-06       4189     2.9083  0.000e+00
     59.910   63.02840 -173.46060     60.503    -1.3905    -1.3903    -1.3916    32.0918    32.1036  1026.0996    25.8075    261.453    248.124  369.32638     70.792     67.189     0.0855     0.1648     3.6618     1.0092 1.0000e-12       4190     2.9090  0.000e+00
     59.910   63.02840 -173.46060     60.503    -1.3902    -1.3905    -1.3913    32.0916    32.1033  1026.0994    25.8074    261.416    248.115  369.32393     70.782     67.187     0.0867     0.1721     3.6606     1.0105 1.0000e-12       4191     2.9097  0.000e+00
     59.902   63.02840 -173.46060     60.495    -1.3900    -1.3904    -1.3911    32.0916    32.1035  1026.0994    25.8073    261.380    248.103  369.32173     70.773     67.184     0.0842     0.1575     3.6606     1.0105 1.0000e-12       4192     2.9104  0.000e+00
     59.910   63.02840 -173.46060     60.503    -1.3896    -1.3905    -1.3907    32.0913    32.1037  1026.0991    25.8070    261.399    248.093  369.31875     70.779     67.181     0.0855     0.1648     3.6606     1.0105 8.4714e-06       4193     2.9111  0.000e+00
     59.964   63.02840 -173.46060     60.558    -1.3891    -1.3904    -1.3902    32.0915    32.1037  1026.0996    25.8072    261.318    248.084  369.31348     70.758     67.178     0.0842     0.1575     3.6606     1.0105 1.0000e-12       4194     2.9118  0.000e+00
     59.910   63.02840 -173.46060     60.503    -1.3886    -1.3901    -1.3897    32.0909    32.1032  1026.0988    25.8067    261.286    248.070  369.31011     70.750     67.175     0.0855     0.1648     3.6606     1.0105 1.0000e-12       4195     2.9125  0.000e+00
     59.910   63.02840 -173.46060     60.503    -1.3884    -1.3901    -1.3895    32.0912    32.1033  1026.0990    25.8070    261.207    248.289  369.30692     70.729     67.234     0.0855     0.1648     3.6606     1.0105 1.0000e-12       4196     2.9132  0.000e+00
     59.902   63.02840 -173.46060     60.495    -1.3877    -1.3901    -1.3889    32.0907    32.1030  1026.0986    25.8066    261.178    248.309  369.30198     70.722     67.240     0.0855     0.1648     3.6606     1.0105 8.4714e-06       4197     2.9139  0.000e+00
     59.848   63.02840 -173.46060     60.441    -1.3875    -1.3901    -1.3886    32.0908    32.1030  1026.0984    25.8066    261.100    248.096  369.29945     70.701     67.182     0.0867     0.1721     3.6606     1.0105 1.0000e-12       4198     2.9146  0.000e+00
     59.910   63.02840 -173.46060     60.503    -1.3873    -1.3903    -1.3884    32.0914    32.1030  1026.0991    25.8071    261.076    248.316  369.29551     70.696     67.241     0.0855     0.1648     3.6606     1.0105 1.0000e-12       4199     2.9153  0.000e+00
     59.848   63.02840 -173.46060     60.441    -1.3870    -1.3903    -1.3881    32.0912    32.1030  1026.0987    25.8069    261.051    248.365  369.29332     70.689     67.254     0.0855     0.1648     3.6606     1.0105 1.0000e-12       4200     2.9160  0.000e+00
     59.848   63.02840 -173.46060     60.440    -1.3868    -1.3902    -1.3879    32.0914    32.1033  1026.0988    25.8071    261.030    248.415  369.29038     70.684     67.268     0.0855     0.1648     3.6606     1.0105 1.0000e-12       4201     2.9167  0.000e+00
     59.910   63.02840 -173.46060     60.503    -1.3865    -1.3903    -1.3877    32.0911    32.1038  1026.0989    25.8069    261.015    248.237  369.28880     70.680     67.220     0.0855     0.1648     3.6606     1.0105 8.4714e-06       4202     2.9174  0.000e+00
     59.840   63.02840 -173.46060     60.433    -1.3864    -1.3899    -1.3875    32.0907    32.1036  1026.0983    25.8065    260.997    248.253  369.28825     70.676     67.225     0.0842     0.1575     3.6606     1.0105 1.0000e-12       4203     2.9181  0.000e+00
     59.848   63.02840 -173.46060     60.440    -1.3868    -1.3900    -1.3879    32.0905    32.1035  1026.0981    25.8063    260.989    248.242  369.29299     70.673     67.222     0.0855     0.1648     3.6606     1.0105 1.0000e-12       4204     2.9188  0.000e+00
     59.848   63.02840 -173.46060     60.440    -1.3868    -1.3897    -1.3879    32.0904    32.1029  1026.0980    25.8063    260.979    248.228  369.29376     70.670     67.218     0.0842     0.1575     3.6606     1.0105 8.4714e-06       4205     2.9194  0.000e+00
     59.848   63.02840 -173.46060     60.440    -1.3873    -1.3897    -1.3884    32.0904    32.1029  1026.0981    25.8063    260.975    248.216  369.29826     70.668     67.215     0.0855     0.1648     3.6618     1.0092 1.0000e-12       4206     2.9201  0.000e+00
     59.848   63.02840 -173.46060     60.440    -1.3877    -1.3897    -1.3888    32.0911    32.1030  1026.0986    25.8069    260.970    248.204  369.30038     70.666     67.212     0.0842     0.1575     3.6740     0.9958 8.4714e-06       4207     2.9208  0.000e+00
     59.902   63.02840 -173.46060     60.495    -1.3879    -1.3898    -1.3890    32.0915    32.1032  1026.0992    25.8072    260.969    248.194  369.30154     70.666     67.209     0.0855     0.1648     3.6825     0.9865 8.4714e-06       4208     2.9215  0.000e+00
     59.848   63.02840 -173.46060     60.440    -1.3879    -1.3897    -1.3890    32.0907    32.1027  1026.0983    25.8066    260.967    248.180  369.30368     70.665     67.205     0.0867     0.1721     3.6838     0.9852 1.0000e-12       4209     2.9222  0.000e+00
     59.909   63.02840 -173.46060     60.503    -1.3880    -1.3899    -1.3891    32.0904    32.1028  1026.0984    25.8063    260.970    248.402  369.30518     70.665     67.265     0.0867     0.1721     3.6825     0.9865 8.4714e-06       4210     2.9229  0.000e+00
     59.909   63.02840 -173.46060     60.503    -1.3877    -1.3898    -1.3889    32.0904    32.1030  1026.0983    25.8062    260.970    248.419  369.30311     70.666     67.270     0.0879     0.1795     3.6825     0.9865 8.4714e-06       4211     2.9236  0.000e+00
     59.848   63.02840 -173.46060     60.440    -1.3876    -1.3898    -1.3888    32.0904    32.1031  1026.0980    25.8062    260.971    248.434  369.30197     70.666     67.274     0.0867     0.1721     3.6825     0.9865 1.0000e-12       4212     2.9243  0.000e+00
     59.902   63.02840 -173.46060     60.495    -1.3884    -1.3898    -1.3896    32.0908    32.1032  1026.0987    25.8067    260.985    248.223  369.30854     70.669     67.217     0.0867     0.1721     3.6825     0.9865 1.0000e-12       4213     2.9250  0.000e+00
     59.909   63.02840 -173.46060     60.503    -1.3885    -1.3895    -1.3897    32.0905    32.1026  1026.0985    25.8064    260.995    248.205  369.31058     70.671     67.212     0.0867     0.1721     3.6825     0.9865 8.4714e-06       4214     2.9257  0.000e+00
     59.848   63.02840 -173.46060     60.440    -1.3887    -1.3895    -1.3898    32.0907    32.1030  1026.0983    25.8065    261.005    248.187  369.31190     70.673     67.208     0.0867     0.1721     3.6825     0.9865 1.0000e-12       4215     2.9264  0.000e+00
     59.909   63.02840 -173.46060     60.503    -1.3887    -1.3890    -1.3898    32.0903    32.1028  1026.0983    25.8062    261.019    248.169  369.31236     70.677     67.204     0.0867     0.1721     3.6825     0.9865 1.0000e-12       4216     2.9271  0.000e+00
     59.909   63.02840 -173.46060     60.503    -1.3890    -1.3888    -1.3901    32.0909    32.1027  1026.0988    25.8068    261.035    248.151  369.31396     70.681     67.199     0.0867     0.1721     3.6825     0.9865 1.0000e-12       4217     2.9278  0.000e+00
     59.840   63.02840 -173.46060     60.432    -1.3892    -1.3882    -1.3903    32.0905    32.1025  1026.0982    25.8064    261.000    248.129  369.31688     70.671     67.194     0.0855     0.1648     3.6825     0.9865 8.4714e-06       4218     2.9285  0.000e+00
     59.909   63.02840 -173.46060     60.503    -1.3893    -1.3884    -1.3904    32.0906    32.1024  1026.0986    25.8065    261.020    248.117  369.31779     70.676     67.190     0.0867     0.1721     3.6825     0.9865 1.0000e-12       4219     2.9292  0.000e+00
     59.848   63.02840 -173.46060     60.440    -1.3896    -1.3886    -1.3907    32.0908    32.1028  1026.0984    25.8067    260.779    248.100  369.32013     70.611     67.186     0.0879     0.1795     3.6825     0.9865 1.0000e-12       4220     2.9299  0.000e+00
     59.848   63.02840 -173.46060     60.440    -1.3898    -1.3889    -1.3909    32.0909    32.1029  1026.0985    25.8067    260.754    248.085  369.32220     70.603     67.181     0.0867     0.1721     3.6825     0.9865 8.4714e-06       4221     2.9306  0.000e+00
     59.848   63.02840 -173.46060     60.440    -1.3900    -1.3892    -1.3912    32.0908    32.1033  1026.0984    25.8066    260.993    248.071  369.32476     70.667     67.177     0.0879     0.1795     3.6825     0.9865 1.0000e-12       4222     2.9312  0.000e+00
     59.909   63.02840 -173.46060     60.503    -1.3899    -1.3893    -1.3910    32.0913    32.1030  1026.0991    25.8071    260.502    248.289  369.32158     70.535     67.235     0.0867     0.1721     3.6825     0.9865 1.0000e-12       4223     2.9319  0.000e+00
     59.840   63.02840 -173.46060     60.432    -1.3893    -1.3895    -1.3905    32.0908    32.1032  1026.0984    25.8067    260.951    248.073  369.31768     70.658     67.177     0.0879     0.1795     3.6825     0.9865 8.4714e-06       4224     2.9326  0.000e+00
     59.909   63.02840 -173.46060     60.503    -1.3888    -1.3898    -1.3900    32.0901    32.1032  1026.0981    25.8061    261.092    248.059  369.31478     70.696     67.173     0.0867     0.1721     3.6825     0.9865 1.0000e-12       4225     2.9333  0.000e+00
     59.848   63.02840 -173.46060     60.440    -1.3890    -1.3898    -1.3901    32.0901    32.1033  1026.0979    25.8061    261.134    248.040  369.31634     70.707     67.167     0.0867     0.1721     3.6825     0.9865 1.0000e-12       4226     2.9340  0.000e+00
