EcoFOCI/data/1_SampleCollection/2023_SikuliaqDBO_CruiseData/CTD_raw_BottleFile_SKQ23-12S/proc/skq202312s_020.cnv
* Sea-Bird SBE 9 Data File:
* FileName = D:\CTD\SKQ202312S\SKQ202312S_020.hex
* Software Version Seasave V 7.26.7.121
* Temperature SN = 6177
* Conductivity SN = 0369
* Number of Bytes Per Scan = 41
* Number of Voltage Words = 4
* Number of Scans Averaged by the Deck Unit = 1
* NMEA Latitude = 65 00.05 N
* NMEA Longitude = 168 39.16 W
* NMEA UTC (Time) = Sep 18 2023  01:15:09
* NMEA baud rate = 4800
** Ship: R/V Sikuliaq
** Station Number: 020
** Station Name: DBO2.6
** Bottom Depth: 47
** Operator: SS
# nquan = 24
# nvalues = 4927                                  
# units = specified
# name 0 = depSM: Depth [salt water, m]
# name 1 = latitude: Latitude [deg]
# name 2 = longitude: Longitude [deg]
# name 3 = prDM: Pressure, Digiquartz [db]
# name 4 = t090C: Temperature [ITS-90, deg C]
# name 5 = t190C: Temperature, 2 [ITS-90, deg C]
# name 6 = potemp090C: Potential Temperature [ITS-90, deg C]
# name 7 = sal00: Salinity, Practical [PSU]
# name 8 = sal11: Salinity, Practical, 2 [PSU]
# name 9 = density00: Density [density, kg/m^3]
# name 10 = sigma-é00: Density [sigma-theta, kg/m^3]
# name 11 = sbox0Mm/Kg: Oxygen, SBE 43 [umol/kg]
# name 12 = sbox1Mm/Kg: Oxygen, SBE 43, 2 [umol/kg]
# name 13 = oxsolMm/Kg: Oxygen Saturation, Garcia & Gordon [umol/kg]
# name 14 = sbeox0PS: Oxygen, SBE 43 [% saturation]
# name 15 = sbeox1PS: Oxygen, SBE 43, 2 [% saturation]
# name 16 = v0: Voltage 0
# name 17 = flECO-AFL: Fluorescence, WET Labs ECO-AFL/FL [mg/m^3]
# name 18 = v1: Voltage 1
# name 19 = CStarAt0: Beam Attenuation, WET Labs C-Star [1/m]
# name 20 = par: PAR/Irradiance, Biospherical/Licor
# name 21 = scan: Scan Count
# name 22 = timeM: Time, Elapsed [minutes]
# name 23 = flag:  0.000e+00
# span 0 =      1.495,     42.138                 
# span 1 =   65.00090,   65.00110                 
# span 2 = -168.65348, -168.65326                 
# span 3 =      1.509,     42.560                 
# span 4 =     2.9520,     4.5454                 
# span 5 =     2.9536,     4.5444                 
# span 6 =     2.9504,     4.5449                 
# span 7 =    32.0457,    32.6975                 
# span 8 =    32.1051,    32.7342                 
# span 9 =  1025.4052,  1026.2340                 
# span 10 =    25.3963,    26.0358                
# span 11 =    248.906,    302.527                
# span 12 =    238.023,    290.219                
# span 13 =  317.61083,  329.34434                
# span 14 =     75.924,     94.055                
# span 15 =     72.637,     90.580                
# span 16 =     0.1026,     0.4896                
# span 17 =     0.2674,     2.5897                
# span 18 =     3.5995,     4.0635                
# span 19 =     0.5927,     1.0778                
# span 20 = 6.4423e-01, 1.5094e+02                
# span 21 =          1,       4927                
# span 22 =     0.0000,     3.4208                
# span 23 = 0.0000e+00, 0.0000e+00                
# interval = seconds: 0.0416667
# start_time = Sep 18 2023 01:19:33 [NMEA time, first data scan]
# bad_flag = -9.990e-29
*END*
[from data line 2355]
     21.115   65.00098 -168.65344     21.326     3.1779     3.1784     3.1767    32.3230    32.3621  1025.8333    25.7333    301.316    288.768  327.73118     91.940     88.139     0.2308     1.0366     3.9951     0.6606 5.5758e+00       2356     1.6354  0.000e+00
     21.139   65.00098 -168.65344     21.349     3.1790     3.1795     3.1777    32.3231    32.3622  1025.8334    25.7333    301.542    288.925  327.72227     92.012     88.189     0.2308     1.0366     3.9951     0.6606 5.5598e+00       2357     1.6361  0.000e+00
     21.115   65.00098 -168.65344     21.326     3.1796     3.1803     3.1784    32.3236    32.3622  1025.8337    25.7336    301.578    288.929  327.71579     92.024     88.192     0.2295     1.0293     3.9951     0.6606 5.5598e+00       2358     1.6368  0.000e+00
     21.193   65.00098 -168.65344     21.403     3.1809     3.1809     3.1797    32.3232    32.3628  1025.8337    25.7332    301.244    288.932  327.70635     91.925     88.194     0.2308     1.0366     3.9951     0.6606 5.5598e+00       2359     1.6375  0.000e+00
     21.231   65.00098 -168.65344     21.442     3.1817     3.1819     3.1805    32.3239    32.3627  1025.8343    25.7337    301.221    288.926  327.69836     91.920     88.195     0.2295     1.0293     3.9951     0.6606 5.5280e+00       2360     1.6382  0.000e+00
     21.231   65.00098 -168.65344     21.442     3.1824     3.1825     3.1812    32.3235    32.3635  1025.8339    25.7333    301.408    288.914  327.69309     91.979     88.193     0.2308     1.0366     3.9951     0.6606 5.5280e+00       2361     1.6389  0.000e+00
     21.254   65.00098 -168.65344     21.466     3.1829     3.1834     3.1817    32.3237    32.3633  1025.8341    25.7334    301.476    288.896  327.68885     92.001     88.189     0.2295     1.0293     3.9951     0.6606 5.5280e+00       2362     1.6396  0.000e+00
     21.347   65.00098 -168.65344     21.559     3.1834     3.1839     3.1822    32.3244    32.3616  1025.8351    25.7340    301.467    288.906  327.68312     91.999     88.192     0.2295     1.0293     3.9951     0.6606 5.5121e+00       2363     1.6403  0.000e+00
     21.231   65.00098 -168.65344     21.442     3.1839     3.1845     3.1826    32.3240    32.3615  1025.8342    25.7336    301.441    289.092  327.68028     91.993     88.250     0.2295     1.0293     3.9951     0.6606 5.5121e+00       2364     1.6410  0.000e+00
     21.370   65.00098 -168.65344     21.583     3.1842     3.1847     3.1830    32.3241    32.3631  1025.8349    25.7336    301.489    288.918  327.67759     92.008     88.199     0.2308     1.0366     3.9951     0.6606 5.5121e+00       2365     1.6417  0.000e+00
     21.347   65.00098 -168.65344     21.559     3.1842     3.1848     3.1830    32.3249    32.3638  1025.8354    25.7343    301.668    288.906  327.67547     92.063     88.196     0.2308     1.0366     3.9951     0.6606 5.4963e+00       2366     1.6424  0.000e+00
     21.424   65.00098 -168.65344     21.637     3.1840     3.1848     3.1828    32.3246    32.3638  1025.8356    25.7340    301.913    288.896  327.67756     92.137     88.193     0.2295     1.0293     3.9951     0.6606 5.4805e+00       2367     1.6431  0.000e+00
     21.347   65.00098 -168.65344     21.559     3.1844     3.1850     3.1832    32.3241    32.3637  1025.8347    25.7336    301.740    288.875  327.67587     92.085     88.186     0.2308     1.0366     3.9951     0.6606 5.4805e+00       2368     1.6438  0.000e+00
     21.462   65.00098 -168.65344     21.676     3.1842     3.1848     3.1829    32.3247    32.3639  1025.8358    25.7341    301.747    289.051  327.67602     92.087     88.240     0.2295     1.0293     3.9951     0.6606 5.4648e+00       2369     1.6444  0.000e+00
     21.424   65.00098 -168.65344     21.637     3.1844     3.1852     3.1831    32.3249    32.3639  1025.8358    25.7342    301.737    289.041  327.67428     92.084     88.238     0.2308     1.0366     3.9951     0.6606 5.4648e+00       2370     1.6451  0.000e+00
     21.462   65.00098 -168.65344     21.676     3.1844     3.1850     3.1831    32.3249    32.3639  1025.8360    25.7343    301.721    288.862  327.67413     92.080     88.183     0.2308     1.0366     3.9951     0.6606 5.4491e+00       2371     1.6458  0.000e+00
     21.485   65.00098 -168.65344     21.699     3.1845     3.1855     3.1833    32.3252    32.3641  1025.8363    25.7344    301.693    289.015  327.67228     92.072     88.231     0.2308     1.0366     3.9951     0.6606 5.4491e+00       2372     1.6465  0.000e+00
     21.516   65.00098 -168.65344     21.730     3.1848     3.1856     3.1836    32.3256    32.3645  1025.8367    25.7348    301.869    289.188  327.66865     92.126     88.284     0.2295     1.0293     3.9951     0.6606 5.4335e+00       2373     1.6472  0.000e+00
     21.516   65.00098 -168.65344     21.730     3.1852     3.1863     3.1839    32.3257    32.3643  1025.8368    25.7349    301.852    289.202  327.66567     92.122     88.289     0.2295     1.0293     3.9951     0.6606 5.4335e+00       2374     1.6479  0.000e+00
     21.593   65.00098 -168.65344     21.808     3.1854     3.1864     3.1842    32.3259    32.3651  1025.8373    25.7350    301.862    289.215  327.66309     92.126     88.294     0.2295     1.0293     3.9927     0.6630 5.4335e+00       2375     1.6486  0.000e+00
     21.578   65.00098 -168.65344     21.793     3.1856     3.1869     3.1843    32.3257    32.3649  1025.8370    25.7348    301.861    289.218  327.66237     92.126     88.296     0.2308     1.0366     3.9890     0.6667 5.4179e+00       2376     1.6493  0.000e+00
     21.593   65.00098 -168.65344     21.808     3.1856     3.1870     3.1843    32.3258    32.3652  1025.8372    25.7349    302.067    289.219  327.66200     92.189     88.297     0.2295     1.0293     3.9890     0.6667 5.4024e+00       2377     1.6500  0.000e+00
     21.578   65.00098 -168.65344     21.793     3.1857     3.1872     3.1844    32.3260    32.3652  1025.8373    25.7350    301.862    289.213  327.66068     92.126     88.296     0.2308     1.0366     3.9902     0.6654 5.4024e+00       2378     1.6507  0.000e+00
     21.632   65.00098 -168.65344     21.847     3.1856     3.1871     3.1843    32.3259    32.3655  1025.8375    25.7350    302.050    289.206  327.66175     92.183     88.293     0.2308     1.0366     3.9902     0.6654 5.3869e+00       2379     1.6514  0.000e+00
     21.655   65.00098 -168.65344     21.871     3.1857     3.1869     3.1845    32.3257    32.3653  1025.8374    25.7348    302.041    289.217  327.66098     92.181     88.296     0.2295     1.0293     3.9902     0.6654 5.3714e+00       2380     1.6521  0.000e+00
     21.694   65.00098 -168.65344     21.910     3.1857     3.1869     3.1845    32.3263    32.3654  1025.8381    25.7353    302.021    289.222  327.65945     92.175     88.298     0.2308     1.0366     3.9890     0.6667 5.3714e+00       2381     1.6528  0.000e+00
     21.694   65.00098 -168.65344     21.910     3.1857     3.1867     3.1845    32.3261    32.3661  1025.8379    25.7351    302.026    289.222  327.66004     92.177     88.298     0.2295     1.0293     3.9890     0.6667 5.3560e+00       2382     1.6535  0.000e+00
     21.709   65.00098 -168.65344     21.925     3.1859     3.1867     3.1846    32.3262    32.3657  1025.8380    25.7352    302.020    289.411  327.65847     92.175     88.355     0.2308     1.0366     3.9902     0.6654 5.3560e+00       2383     1.6542  0.000e+00
     21.748   65.00098 -168.65344     21.964     3.1859     3.1867     3.1846    32.3265    32.3658  1025.8385    25.7354    302.005    289.423  327.65763     92.171     88.359     0.2295     1.0293     3.9890     0.6667 5.3560e+00       2384     1.6549  0.000e+00
     21.771   65.00098 -168.65344     21.987     3.1861     3.1869     3.1848    32.3267    32.3659  1025.8387    25.7355    301.978    289.451  327.65598     92.163     88.368     0.2308     1.0366     3.9890     0.6667 5.3406e+00       2385     1.6556  0.000e+00
     21.748   65.00098 -168.65344     21.964     3.1865     3.1873     3.1853    32.3267    32.3656  1025.8386    25.7355    301.937    289.472  327.65207     92.152     88.375     0.2295     1.0293     3.9902     0.6654 5.3253e+00       2386     1.6563  0.000e+00
     21.802   65.00098 -168.65344     22.019     3.1872     3.1878     3.1859    32.3272    32.3661  1025.8392    25.7359    302.139    289.465  327.64559     92.215     88.374     0.2308     1.0366     3.9902     0.6654 5.3253e+00       2387     1.6569  0.000e+00
     21.771   65.00098 -168.65344     21.987     3.1880     3.1882     3.1868    32.3276    32.3664  1025.8392    25.7361    301.927    289.451  327.63781     92.153     88.371     0.2295     1.0293     3.9902     0.6654 5.3100e+00       2388     1.6576  0.000e+00
     21.863   65.00098 -168.65344     22.081     3.1886     3.1889     3.1873    32.3277    32.3667  1025.8397    25.7361    302.114    289.627  327.63316     92.211     88.427     0.2308     1.0366     3.9902     0.6654 5.3100e+00       2389     1.6583  0.000e+00
     21.825   65.00098 -168.65344     22.042     3.1895     3.1895     3.1883    32.3275    32.3666  1025.8393    25.7359    302.100    289.645  327.62587     92.209     88.433     0.2308     1.0366     3.9890     0.6667 5.3100e+00       2390     1.6590  0.000e+00
     21.863   65.00098 -168.65344     22.081     3.1899     3.1904     3.1886    32.3279    32.3665  1025.8398    25.7362    302.084    289.635  327.62234     92.205     88.432     0.2308     1.0366     3.9902     0.6654 5.2948e+00       2391     1.6597  0.000e+00
     21.917   65.00098 -168.65344     22.135     3.1903     3.1909     3.1891    32.3284    32.3667  1025.8404    25.7365    302.056    289.427  327.61735     92.198     88.370     0.2308     1.0366     3.9890     0.6667 5.2948e+00       2392     1.6604  0.000e+00
     21.886   65.00098 -168.65344     22.104     3.1911     3.1916     3.1899    32.3276    32.3670  1025.8395    25.7358    302.051    289.598  327.61274     92.198     88.424     0.2295     1.0293     3.9902     0.6654 5.2796e+00       2393     1.6611  0.000e+00
     21.917   65.00098 -168.65344     22.135     3.1914     3.1922     3.1901    32.3285    32.3668  1025.8404    25.7365    302.041    289.596  327.60832     92.196     88.424     0.2308     1.0366     3.9902     0.6654 5.2796e+00       2394     1.6618  0.000e+00
     21.886   65.00098 -168.65344     22.104     3.1924     3.1927     3.1911    32.3280    32.3672  1025.8398    25.7361    301.981    289.585  327.60183     92.179     88.422     0.2295     1.0293     3.9951     0.6606 5.2644e+00       2395     1.6625  0.000e+00
     21.979   65.00098 -168.65344     22.198     3.1925     3.1933     3.1912    32.3287    32.3670  1025.8407    25.7365    302.172    289.574  327.59897     92.238     88.420     0.2308     1.0366     4.0073     0.6483 5.2644e+00       2396     1.6632  0.000e+00
     21.979   65.00098 -168.65344     22.198     3.1932     3.1939     3.1919    32.3285    32.3672  1025.8405    25.7364    302.382    289.576  327.59411     92.304     88.422     0.2295     1.0293     4.0110     0.6447 5.2644e+00       2397     1.6639  0.000e+00
     21.994   65.00098 -168.65344     22.213     3.1936     3.1946     3.1924    32.3284    32.3676  1025.8405    25.7362    302.184    289.573  327.59055     92.244     88.423     0.2308     1.0366     4.0098     0.6459 5.2493e+00       2398     1.6646  0.000e+00
     21.979   65.00098 -168.65344     22.198     3.1941     3.1950     3.1928    32.3290    32.3676  1025.8408    25.7367    302.155    289.544  327.58518     92.237     88.415     0.2295     1.0293     4.0098     0.6459 5.2343e+00       2399     1.6653  0.000e+00
     21.994   65.00098 -168.65344     22.213     3.1944     3.1956     3.1932    32.3293    32.3674  1025.8411    25.7368    302.155    289.533  327.58202     92.238     88.413     0.2308     1.0366     4.0098     0.6459 5.2343e+00       2400     1.6660  0.000e+00
     22.033   65.00098 -168.65344     22.252     3.1950     3.1962     3.1937    32.3289    32.3678  1025.8409    25.7365    302.147    289.710  327.57810     92.237     88.469     0.2295     1.0293     4.0098     0.6459 5.2042e+00       2401     1.6667  0.000e+00
     22.033   65.00098 -168.65344     22.252     3.1955     3.1967     3.1942    32.3294    32.3681  1025.8412    25.7368    302.127    289.710  327.57314     92.232     88.470     0.2320     1.0439     4.0098     0.6459 5.1893e+00       2402     1.6674  0.000e+00
     22.110   65.00098 -168.65344     22.330     3.1962     3.1972     3.1949    32.3294    32.3678  1025.8416    25.7368    302.066    289.708  327.56788     92.215     88.470     0.2320     1.0439     4.0098     0.6459 5.1893e+00       2403     1.6681  0.000e+00
     22.033   65.00098 -168.65344     22.252     3.1965     3.1975     3.1952    32.3295    32.3680  1025.8412    25.7368    302.063    289.696  327.56510     92.215     88.467     0.2320     1.0439     4.0098     0.6459 5.1744e+00       2404     1.6688  0.000e+00
     22.110   65.00098 -168.65344     22.330     3.1971     3.1981     3.1958    32.3291    32.3683  1025.8413    25.7365    302.021    289.682  327.56123     92.203     88.464     0.2320     1.0439     4.0098     0.6459 5.1744e+00       2405     1.6694  0.000e+00
     22.148   65.00098 -168.65344     22.369     3.1976     3.1985     3.1963    32.3293    32.3684  1025.8415    25.7366    302.005    289.686  327.55662     92.199     88.467     0.2320     1.0439     4.0098     0.6459 5.1595e+00       2406     1.6701  0.000e+00
     22.094   65.00098 -168.65344     22.314     3.1979     3.1988     3.1966    32.3293    32.3687  1025.8413    25.7366    302.197    289.681  327.55427     92.259     88.466     0.2320     1.0439     4.0098     0.6459 5.1595e+00       2407     1.6708  0.000e+00
     22.171   65.00098 -168.65344     22.392     3.1982     3.1991     3.1969    32.3296    32.3685  1025.8418    25.7368    302.166    289.678  327.55109     92.250     88.466     0.2320     1.0439     4.0098     0.6459 5.1447e+00       2408     1.6715  0.000e+00
     22.148   65.00098 -168.65344     22.369     3.1982     3.1992     3.1969    32.3300    32.3689  1025.8420    25.7371    302.124    289.667  327.55007     92.238     88.463     0.2320     1.0439     4.0098     0.6459 5.1299e+00       2409     1.6722  0.000e+00
     22.171   65.00098 -168.65344     22.392     3.1987     3.1997     3.1974    32.3302    32.3690  1025.8423    25.7372    301.890    289.651  327.54574     92.167     88.459     0.2308     1.0366     4.0098     0.6459 5.1152e+00       2410     1.6729  0.000e+00
     22.202   65.00098 -168.65346     22.423     3.1991     3.1999     3.1978    32.3301    32.3691  1025.8423    25.7371    302.048    289.633  327.54201     92.216     88.454     0.2320     1.0439     4.0098     0.6459 5.1005e+00       2411     1.6736  0.000e+00
     22.202   65.00098 -168.65346     22.423     3.1991     3.2000     3.1978    32.3302    32.3691  1025.8424    25.7372    302.017    289.803  327.54181     92.207     88.506     0.2308     1.0366     4.0098     0.6459 5.1005e+00       2412     1.6743  0.000e+00
     22.225   65.00098 -168.65346     22.447     3.1995     3.1994     3.1982    32.3299    32.3693  1025.8422    25.7369    301.978    289.826  327.54005     92.196     88.512     0.2320     1.0439     4.0098     0.6459 5.0859e+00       2413     1.6750  0.000e+00
     22.264   65.00098 -168.65346     22.486     3.1991     3.1983     3.1978    32.3297    32.3695  1025.8423    25.7368    301.935    289.826  327.54298     92.182     88.510     0.2308     1.0366     4.0098     0.6459 5.0859e+00       2414     1.6757  0.000e+00
     22.225   65.00098 -168.65346     22.447     3.1982     3.1973     3.1969    32.3297    32.3692  1025.8422    25.7369    302.138    289.817  327.55067     92.241     88.505     0.2320     1.0439     4.0098     0.6459 5.0712e+00       2415     1.6764  0.000e+00
