EcoFOCI/data/1_SampleCollection/2023_SikuliaqDBO_CruiseData/CTD_raw_BottleFile_SKQ23-12S/proc/skq202312s_014.ros
* Sea-Bird SBE 9 Data File:
* FileName = D:\CTD\SKQ202312S\SKQ202312S_014.hex
* Software Version Seasave V 7.26.7.121
* Temperature SN = 6177
* Conductivity SN = 0369
* Number of Bytes Per Scan = 41
* Number of Voltage Words = 4
* Number of Scans Averaged by the Deck Unit = 1
* NMEA Latitude = 64 40.15 N
* NMEA Longitude = 169 55.22 W
* NMEA UTC (Time) = Sep 17 2023  08:29:33
* NMEA baud rate = 4800
** Ship: R/V Sikuliaq
** Station Number: 014
** Station Name: DBO2.1
** Bottom Depth: 47
** Operator: SS
# nquan = 22
# nvalues = 931                                   
# units = specified
# name 0 = depSM: Depth [salt water, m]
# name 1 = latitude: Latitude [deg]
# name 2 = longitude: Longitude [deg]
# name 3 = prDM: Pressure, Digiquartz [db]
# name 4 = t090C: Temperature [ITS-90, deg C]
# name 5 = t190C: Temperature, 2 [ITS-90, deg C]
# name 6 = potemp090C: Potential Temperature [ITS-90, deg C]
# name 7 = sal00: Salinity, Practical [PSU]
# name 8 = sal11: Salinity, Practical, 2 [PSU]
# name 9 = density00: Density [density, kg/m^3]
# name 10 = sigma-é00: Density [sigma-theta, kg/m^3]
# name 11 = sbox0Mm/Kg: Oxygen, SBE 43 [umol/kg]
# name 12 = sbox1Mm/Kg: Oxygen, SBE 43, 2 [umol/kg]
# name 13 = oxsolMm/Kg: Oxygen Saturation, Garcia & Gordon [umol/kg]
# name 14 = sbeox0PS: Oxygen, SBE 43 [% saturation]
# name 15 = v0: Voltage 0
# name 16 = flECO-AFL: Fluorescence, WET Labs ECO-AFL/FL [mg/m^3]
# name 17 = CStarAt0: Beam Attenuation, WET Labs C-Star [1/m]
# name 18 = par: PAR/Irradiance, Biospherical/Licor
# name 19 = scan: Scan Count
# name 20 = nbf: Bottles Fired
# name 21 = flag:  0.000e+00
# interval = seconds: 0.0416667
# start_time = Sep 17 2023 08:33:36 [NMEA time, first data scan]
# bad_flag = -9.990e-29
*END*
[from data line 527]
     20.592   64.66928 -169.92014     20.797     2.8748     2.8783     2.8736    33.0167    33.0233  1026.4106    26.3129    238.224    225.814  328.45773     72.528     0.4176     2.1575     0.8599 1.0000e-12      16000         11  0.000e+00
     20.577   64.66928 -169.92014     20.781     2.8743     2.8778     2.8732    33.0168    33.0233  1026.4106    26.3131    238.260    225.816  328.46141     72.538     0.4188     2.1648     0.8599 1.0000e-12      16001         11  0.000e+00
     20.631   64.66928 -169.92014     20.836     2.8747     2.8774     2.8735    33.0167    33.0234  1026.4108    26.3129    238.510    225.822  328.45909     72.615     0.4176     2.1575     0.8599 1.0000e-12      16002         11  0.000e+00
     20.592   64.66928 -169.92014     20.797     2.8743     2.8767     2.8732    33.0170    33.0243  1026.4108    26.3132    238.574    225.827  328.46092     72.634     0.4188     2.1648     0.8612 1.0000e-12      16003         11  0.000e+00
     20.631   64.66928 -169.92014     20.836     2.8743     2.8762     2.8731    33.0167    33.0249  1026.4108    26.3130    238.420    225.836  328.46198     72.587     0.4176     2.1575     0.8612 1.0000e-12      16004         11  0.000e+00
     20.685   64.66928 -169.92014     20.890     2.8740     2.8759     2.8728    33.0169    33.0259  1026.4112    26.3131    238.666    225.845  328.46385     72.661     0.4188     2.1648     0.8599 1.0000e-12      16005         11  0.000e+00
     20.654   64.66928 -169.92014     20.859     2.8740     2.8759     2.8728    33.0169    33.0262  1026.4111    26.3132    238.722    225.853  328.46371     72.678     0.4176     2.1575     0.8599 1.0000e-12      16006         11  0.000e+00
     20.685   64.66928 -169.92014     20.890     2.8742     2.8756     2.8730    33.0170    33.0265  1026.4113    26.3132    238.776    225.867  328.46225     72.695     0.4176     2.1575     0.8599 1.0000e-12      16007         11  0.000e+00
     20.631   64.66928 -169.92014     20.836     2.8743     2.8755     2.8732    33.0169    33.0264  1026.4109    26.3131    238.824    225.880  328.46118     72.710     0.4164     2.1502     0.8599 1.0000e-12      16008         11  0.000e+00
     20.708   64.66928 -169.92014     20.914     2.8747     2.8756     2.8735    33.0165    33.0261  1026.4110    26.3128    238.873    225.897  328.45950     72.725     0.4176     2.1575     0.8599 1.0000e-12      16009         11  0.000e+00
     20.685   64.66928 -169.92014     20.890     2.8751     2.8756     2.8739    33.0163    33.0261  1026.4107    26.3126    238.879    225.913  328.45647     72.728     0.4188     2.1648     0.8560 1.0000e-12      16010         11  0.000e+00
     20.685   64.66928 -169.92014     20.890     2.8747     2.8756     2.8735    33.0166    33.0266  1026.4110    26.3129    238.849    225.931  328.45926     72.718     0.4176     2.1575     0.8496 1.0000e-12      16011         11  0.000e+00
     17.955   64.66934 -169.92010     18.133     2.7600     2.7847     2.7590    32.9288    32.9645  1026.3377    26.2525    257.170    244.106  329.61346     78.022     0.6020     3.2637     0.9351 1.0000e-12      18696         12  0.000e+00
     17.955   64.66934 -169.92010     18.133     2.7605     2.7831     2.7595    32.9317    32.9643  1026.3400    26.2548    256.917    244.073  329.60210     77.948     0.5995     3.2491     0.9338 1.0000e-12      18697         12  0.000e+00
     17.862   64.66934 -169.92010     18.039     2.7628     2.7826     2.7618    32.9335    32.9640  1026.3408    26.2560    257.048    244.022  329.57877     77.993     0.6007     3.2564     0.9377 1.0000e-12      18698         12  0.000e+00
     17.955   64.66934 -169.92010     18.133     2.7567     2.7831     2.7557    32.9294    32.9639  1026.3384    26.2532    256.635    243.963  329.63873     77.853     0.5995     3.2491     0.9614 1.0000e-12      18699         12  0.000e+00
     17.893   64.66934 -169.92010     18.071     2.7474     2.7831     2.7464    32.9176    32.9652  1026.3295    26.2446    257.056    243.916  329.74476     77.956     0.6007     3.2564     0.9746 1.0000e-12      18700         12  0.000e+00
     17.924   64.66934 -169.92010     18.102     2.7334     2.7834     2.7324    32.9097    32.9652  1026.3246    26.2395    256.918    243.865  329.87883     77.883     0.6020     3.2637     0.9746 1.0000e-12      18701         12  0.000e+00
     17.839   64.66934 -169.92010     18.016     2.7219     2.7830     2.7209    32.9062    32.9644  1026.3223    26.2376    257.148    243.811  329.98155     77.928     0.6068     3.2930     0.9746 1.0000e-12      18702         12  0.000e+00
     17.893   64.66934 -169.92010     18.071     2.7199     2.7822     2.7189    32.9038    32.9637  1026.3208    26.2358    256.905    243.756  330.00430     77.849     0.6056     3.2857     0.9733 1.0000e-12      18703         12  0.000e+00
     17.839   64.66934 -169.92010     18.016     2.7199     2.7815     2.7189    32.9090    32.9633  1026.3247    26.2400    257.027    243.690  329.99127     77.889     0.6068     3.2930     0.9733 1.0000e-12      18704         12  0.000e+00
     17.924   64.66934 -169.92010     18.102     2.7235     2.7814     2.7225    32.9166    32.9627  1026.3309    26.2458    256.936    243.619  329.94254     77.873     0.6068     3.2930     0.9733 1.0000e-12      18705         12  0.000e+00
     17.839   64.66934 -169.92010     18.016     2.7301     2.7806     2.7291    32.9216    32.9636  1026.3339    26.2492    256.635    243.537  329.87589     77.798     0.6068     3.2930     0.9733 1.0000e-12      18706         12  0.000e+00
     17.839   64.66934 -169.92010     18.016     2.7382     2.7807     2.7372    32.9248    32.9635  1026.3357    26.2511    256.513    243.470  329.80197     77.778     0.6068     3.2930     0.9733 1.0000e-12      18707         12  0.000e+00
     17.862   64.66934 -169.92010     18.040     2.7429     2.7811     2.7419    32.9298    32.9640  1026.3394    26.2547    256.410    243.397  329.75075     77.759     0.6056     3.2857     0.9733 1.0000e-12      18708         12  0.000e+00
     17.785   64.66934 -169.92010     17.962     2.7461     2.7811     2.7451    32.9326    32.9643  1026.3410    26.2566    256.319    243.340  329.71782     77.739     0.6081     3.3004     0.9733 1.0000e-12      18709         12  0.000e+00
     17.839   64.66934 -169.92010     18.016     2.7490     2.7815     2.7480    32.9322    32.9640  1026.3408    26.2561    256.238    243.281  329.69452     77.720     0.6056     3.2857     0.9733 1.0000e-12      18710         12  0.000e+00
     17.839   64.66934 -169.92010     18.016     2.7527     2.7818     2.7517    32.9331    32.9647  1026.3412    26.2565    256.146    243.238  329.66235     77.700     0.6068     3.2930     0.9733 1.0000e-12      18711         12  0.000e+00
     17.808   64.66934 -169.92010     17.985     2.7550     2.7826     2.7540    32.9352    32.9645  1026.3425    26.2580    256.060    243.190  329.63827     77.679     0.6068     3.2930     0.9733 1.0000e-12      18712         12  0.000e+00
     17.839   64.66934 -169.92010     18.016     2.7567     2.7828     2.7557    32.9348    32.9640  1026.3422    26.2576    255.327    243.144  329.62513     77.460     0.6068     3.2930     0.9733 1.0000e-12      18713         12  0.000e+00
     17.785   64.66934 -169.92010     17.962     2.7597     2.7822     2.7587    32.9348    32.9624  1026.3417    26.2573    255.790    242.903  329.60109     77.606     0.6056     3.2857     0.9733 1.0000e-12      18714         12  0.000e+00
     17.724   64.66934 -169.92010     17.899     2.7619     2.7802     2.7609    32.9359    32.9611  1026.3421    26.2580    255.705    242.841  329.58033     77.585     0.6068     3.2930     0.9733 1.0000e-12      18715         12  0.000e+00
     17.924   64.66934 -169.92010     18.102     2.7631     2.7790     2.7621    32.9368    32.9595  1026.3437    26.2586    255.671    242.779  329.56789     77.578     0.6056     3.2857     0.9733 1.0000e-12      18716         12  0.000e+00
     17.785   64.66934 -169.92010     17.962     2.7634     2.7790     2.7624    32.9375    32.9592  1026.3435    26.2592    255.634    242.693  329.56345     77.567     0.6068     3.2930     0.9733 1.0000e-12      18717         12  0.000e+00
     17.785   64.66934 -169.92010     17.962     2.7642     2.7787     2.7632    32.9366    32.9598  1026.3428    26.2584    255.674    242.610  329.55915     77.581     0.6081     3.3004     0.9733 1.0000e-12      18718         12  0.000e+00
     17.809   64.66934 -169.92010     17.985     2.7648     2.7767     2.7638    32.9366    32.9612  1026.3428    26.2583    255.644    242.557  329.55445     77.573     0.6068     3.2930     0.9985 1.0000e-12      18719         12  0.000e+00
     17.785   64.66934 -169.92010     17.962     2.7655     2.7744     2.7645    32.9374    32.9606  1026.3433    26.2589    255.610    242.508  329.54704     77.564     0.6068     3.2930     1.0158 1.0000e-12      18720         12  0.000e+00
     17.785   64.66934 -169.92010     17.962     2.7633     2.7722     2.7623    32.9408    32.9586  1026.3462    26.2618    255.593    242.654  329.55662     77.557     0.6056     3.2857     1.0185 1.0000e-12      18721         12  0.000e+00
     17.785   64.66934 -169.92010     17.962     2.7623     2.7716     2.7614    32.9415    32.9566  1026.3468    26.2624    255.572    242.638  329.56234     77.549     0.6081     3.3004     1.0185 1.0000e-12      18722         12  0.000e+00
     17.809   64.66934 -169.92010     17.985     2.7611     2.7697     2.7601    32.9418    32.9555  1026.3472    26.2627    255.118    242.433  329.57213     77.409     0.6056     3.2857     1.0172 1.0000e-12      18723         12  0.000e+00
     17.785   64.66934 -169.92010     17.962     2.7605     2.7685     2.7595    32.9419    32.9547  1026.3473    26.2629    255.464    242.220  329.57662     77.513     0.6068     3.2930     1.0172 1.0000e-12      18724         12  0.000e+00
     17.839   64.66934 -169.92010     18.016     2.7612     2.7666     2.7602    32.9408    32.9552  1026.3466    26.2620    255.220    242.162  329.57320     77.440     0.6056     3.2857     1.0172 1.0000e-12      18725         12  0.000e+00
     17.747   64.66934 -169.92010     17.923     2.7615     2.7647     2.7605    32.9400    32.9566  1026.3455    26.2613    255.414    242.122  329.57249     77.499     0.6081     3.3004     1.0172 1.0000e-12      18726         12  0.000e+00
     17.785   64.66934 -169.92010     17.962     2.7617     2.7641     2.7607    32.9388    32.9564  1026.3447    26.2603    255.433    242.081  329.57429     77.504     0.6264     3.4102     1.0158 1.0000e-12      18727         12  0.000e+00
     17.785   64.66934 -169.92010     17.962     2.7609     2.7630     2.7599    32.9398    32.9569  1026.3456    26.2612    255.199    242.041  329.57829     77.432     0.6361     3.4688     1.0172 1.0000e-12      18728         12  0.000e+00
     17.785   64.66934 -169.92010     17.962     2.7605     2.7618     2.7595    32.9408    32.9566  1026.3464    26.2620    255.366    241.982  329.57937     77.482     0.6386     3.4835     1.0172 1.0000e-12      18729         12  0.000e+00
     17.809   64.66934 -169.92010     17.985     2.7603     2.7597     2.7593    32.9420    32.9560  1026.3475    26.2630    255.166    241.757  329.57766     77.422     0.6361     3.4688     1.0158 1.0000e-12      18730         12  0.000e+00
     17.840   64.66934 -169.92010     18.016     2.7614     2.7574     2.7604    32.9418    32.9550  1026.3474    26.2628    255.147    241.710  329.56935     77.418     0.6374     3.4762     1.0158 1.0000e-12      18731         12  0.000e+00
     17.786   64.66934 -169.92010     17.962     2.7619     2.7553     2.7609    32.9416    32.9544  1026.3469    26.2625    255.131    241.660  329.56606     77.414     0.6361     3.4688     1.0172 1.0000e-12      18732         12  0.000e+00
     17.809   64.66934 -169.92010     17.985     2.7631     2.7553     2.7621    32.9399    32.9514  1026.3456    26.2611    255.119    241.604  329.56020     77.412     0.6374     3.4762     1.0172 1.0000e-12      18733         12  0.000e+00
     17.786   64.66934 -169.92010     17.962     2.7637     2.7556     2.7627    32.9371    32.9477  1026.3432    26.2588    255.078    241.352  329.56195     77.399     0.6361     3.4688     1.0172 1.0000e-12      18734         12  0.000e+00
     17.840   64.66934 -169.92010     18.017     2.7623     2.7553     2.7613    32.9363    32.9439  1026.3429    26.2583    255.088    241.283  329.57524     77.399     0.6374     3.4762     1.0172 1.0000e-12      18735         12  0.000e+00
     17.840   64.66934 -169.92010     18.017     2.7619     2.7541     2.7609    32.9367    32.9399  1026.3433    26.2587    255.091    241.244  329.57815     77.399     0.6361     3.4688     1.0172 1.0000e-12      18736         12  0.000e+00
     17.809   64.66934 -169.92010     17.985     2.7620     2.7511     2.7610    32.9379    32.9397  1026.3440    26.2595    255.090    241.214  329.57405     77.400     0.6374     3.4762     1.0172 1.0000e-12      18737         12  0.000e+00
     17.840   64.66934 -169.92010     18.017     2.7629     2.7489     2.7619    32.9394    32.9408  1026.3454    26.2607    255.087    241.182  329.56267     77.402     0.6361     3.4688     1.0158 1.0000e-12      18738         12  0.000e+00
     17.840   64.66934 -169.92010     18.017     2.7641     2.7493     2.7631    32.9386    32.9418  1026.3446    26.2599    255.089    241.136  329.55554     77.404     0.6361     3.4688     0.9998 1.0000e-12      18739         12  0.000e+00
     17.863   64.66934 -169.92010     18.040     2.7642     2.7520     2.7632    32.9352    32.9453  1026.3420    26.2572    255.107    241.074  329.56271     77.408     0.6361     3.4688     0.9799 1.0000e-12      18740         12  0.000e+00
     17.840   64.66934 -169.92010     18.017     2.7641     2.7545     2.7631    32.9322    32.9504  1026.3395    26.2548    255.128    241.013  329.57162     77.412     0.6361     3.4688     0.9746 1.0000e-12      18741         12  0.000e+00
     17.840   64.66934 -169.92010     18.017     2.7621     2.7566     2.7611    32.9317    32.9533  1026.3392    26.2546    255.161    240.963  329.58865     77.418     0.6374     3.4762     0.9759 1.0000e-12      18742         12  0.000e+00
     17.894   64.66934 -169.92010     18.071     2.7606     2.7581     2.7596    32.9331    32.9545  1026.3407    26.2558    255.191    240.925  329.59745     77.425     0.6361     3.4688     0.9773 1.0000e-12      18743         12  0.000e+00
     17.863   64.66934 -169.92010     18.040     2.7607     2.7602     2.7597    32.9335    32.9553  1026.3410    26.2562    255.212    240.886  329.59538     77.432     0.6374     3.4762     0.9773 1.0000e-12      18744         12  0.000e+00
     10.200   64.66934 -169.92004     10.301     2.2380     2.2392     2.2375    32.5605    32.5786  1026.0484    25.9998    297.860    282.598  334.86995     88.948     0.7033     3.8718     0.9720 1.0000e-12      22570         13  0.000e+00
     10.254   64.66934 -169.92004     10.356     2.2380     2.2391     2.2375    32.5602    32.5782  1026.0484    25.9996    297.898    282.415  334.87055     88.959     0.7009     3.8571     0.9720 1.0000e-12      22571         13  0.000e+00
     10.316   64.66934 -169.92004     10.418     2.2379     2.2394     2.2374    32.5605    32.5780  1026.0490    25.9998    297.859    282.631  334.87115     88.947     0.7021     3.8645     0.9720 1.0000e-12      22572         13  0.000e+00
     10.254   64.66934 -169.92004     10.356     2.2379     2.2392     2.2374    32.5604    32.5785  1026.0486    25.9997    297.889    282.645  334.87148     88.956     0.7021     3.8645     0.9720 1.0000e-12      22573         13  0.000e+00
