EcoFOCI/data/1_SampleCollection/2023_SikuliaqDBO_CruiseData/CTD_raw_BottleFile_SKQ23-12S/proc/skq202312s_063.cnv
* Sea-Bird SBE 9 Data File:
* FileName = D:\CTD\SKQ202312S\SKQ202312S_063.hex
* Software Version Seasave V 7.26.7.121
* Temperature SN = 6177
* Conductivity SN = 0369
* Number of Bytes Per Scan = 41
* Number of Voltage Words = 4
* Number of Scans Averaged by the Deck Unit = 1
* NMEA Latitude = 71 49.84 N
* NMEA Longitude = 165 58.06 W
* NMEA UTC (Time) = Sep 28 2023  06:16:57
* NMEA baud rate = 4800
** Ship: R/V Sikuliaq
** Station Number: 063
** Station Name: IC1
** Bottom Depth: 44
** Operator: SD
# nquan = 24
# nvalues = 4818                                  
# units = specified
# name 0 = depSM: Depth [salt water, m]
# name 1 = latitude: Latitude [deg]
# name 2 = longitude: Longitude [deg]
# name 3 = prDM: Pressure, Digiquartz [db]
# name 4 = t090C: Temperature [ITS-90, deg C]
# name 5 = t190C: Temperature, 2 [ITS-90, deg C]
# name 6 = potemp090C: Potential Temperature [ITS-90, deg C]
# name 7 = sal00: Salinity, Practical [PSU]
# name 8 = sal11: Salinity, Practical, 2 [PSU]
# name 9 = density00: Density [density, kg/m^3]
# name 10 = sigma-é00: Density [sigma-theta, kg/m^3]
# name 11 = sbox0Mm/Kg: Oxygen, SBE 43 [umol/kg]
# name 12 = sbox1Mm/Kg: Oxygen, SBE 43, 2 [umol/kg]
# name 13 = oxsolMm/Kg: Oxygen Saturation, Garcia & Gordon [umol/kg]
# name 14 = sbeox0PS: Oxygen, SBE 43 [% saturation]
# name 15 = sbeox1PS: Oxygen, SBE 43, 2 [% saturation]
# name 16 = v0: Voltage 0
# name 17 = flECO-AFL: Fluorescence, WET Labs ECO-AFL/FL [mg/m^3]
# name 18 = v1: Voltage 1
# name 19 = CStarAt0: Beam Attenuation, WET Labs C-Star [1/m]
# name 20 = par: PAR/Irradiance, Biospherical/Licor
# name 21 = scan: Scan Count
# name 22 = timeM: Time, Elapsed [minutes]
# name 23 = flag:  0.000e+00
# span 0 =      2.371,     39.010                 
# span 1 =   71.83034,   71.83050                 
# span 2 = -165.96708, -165.96666                 
# span 3 =      2.395,     39.417                 
# span 4 =    -0.7761,     3.7917                 
# span 5 =    -0.7695,     3.7920                 
# span 6 =    -0.7770,     3.7904                 
# span 7 =    30.1534,    32.4386                 
# span 8 =    30.1663,    32.4304                 
# span 9 =  1024.0638,  1026.2423                 
# span 10 =    24.0409,    26.0592                
# span 11 =    296.104,    332.507                
# span 12 =    283.234,    312.167                
# span 13 =  324.28756,  362.47466                
# span 14 =     81.796,     99.825                
# span 15 =     78.246,     94.760                
# span 16 =     0.0781,     0.1722                
# span 17 =     0.1209,     0.6850                
# span 18 =     3.2882,     4.2405                
# span 19 =     0.4220,     1.4398                
# span 20 = 1.0000e-12, 7.7180e-01                
# span 21 =          1,       4818                
# span 22 =     0.0000,     3.3451                
# span 23 = 0.0000e+00, 0.0000e+00                
# interval = seconds: 0.0416667
# start_time = Sep 28 2023 06:20:37 [NMEA time, first data scan]
# bad_flag = -9.990e-29
*END*
[from data line 423]
      4.091   71.83048 -165.96702      4.134     2.7338     2.7352     2.7336    30.1721    30.1832  1024.0733    24.0537    326.210    308.909  336.82021     96.850     91.724     0.1099     0.3113     4.1905     0.4695 2.9006e-01        424     0.2938  0.000e+00
      4.091   71.83048 -165.96702      4.134     2.7338     2.7354     2.7336    30.1722    30.1831  1024.0733    24.0538    326.180    308.901  336.82001     96.841     91.722     0.1087     0.3040     4.1905     0.4695 2.9819e-01        425     0.2944  0.000e+00
      4.091   71.83048 -165.96702      4.134     2.7341     2.7352     2.7339    30.1725    30.1837  1024.0736    24.0540    326.145    308.919  336.81691     96.832     91.727     0.1099     0.3113     4.1905     0.4695 3.4128e-01        426     0.2951  0.000e+00
      4.145   71.83048 -165.96702      4.188     2.7341     2.7354     2.7339    30.1723    30.1829  1024.0736    24.0538    326.115    308.940  336.81716     96.823     91.734     0.1087     0.3040     4.1905     0.4695 4.1518e-01        427     0.2958  0.000e+00
      4.145   71.83048 -165.96702      4.188     2.7341     2.7351     2.7339    30.1727    30.1829  1024.0740    24.0542    326.154    308.961  336.81596     96.835     91.739     0.1099     0.3113     4.1905     0.4695 4.3661e-01        428     0.2965  0.000e+00
      4.091   71.83048 -165.96702      4.134     2.7342     2.7354     2.7340    30.1726    30.1827  1024.0737    24.0541    326.118    308.978  336.81525     96.824     91.745     0.1087     0.3040     4.1905     0.4695 3.9458e-01        429     0.2972  0.000e+00
      4.199   71.83048 -165.96702      4.243     2.7346     2.7355     2.7344    30.1726    30.1833  1024.0741    24.0541    326.085    308.977  336.81224     96.815     91.745     0.1099     0.3113     4.1905     0.4695 3.1859e-01        430     0.2979  0.000e+00
      4.145   71.83048 -165.96702      4.188     2.7346     2.7355     2.7344    30.1728    30.1835  1024.0740    24.0542    326.084    308.971  336.81177     96.815     91.744     0.1087     0.3040     4.1905     0.4695 2.9819e-01        431     0.2986  0.000e+00
      4.199   71.83048 -165.96702      4.243     2.7349     2.7357     2.7347    30.1722    30.1830  1024.0738    24.0537    326.048    308.970  336.81050     96.805     91.743     0.1099     0.3113     4.1905     0.4695 2.7099e-01        432     0.2993  0.000e+00
      4.145   71.83048 -165.96702      4.188     2.7349     2.7358     2.7347    30.1725    30.1831  1024.0738    24.0540    326.231    308.963  336.81015     96.859     91.742     0.1099     0.3113     4.1905     0.4695 1.9252e-01        433     0.3000  0.000e+00
      4.199   71.83048 -165.96702      4.243     2.7348     2.7359     2.7346    30.1726    30.1836  1024.0741    24.0540    326.044    308.961  336.81087     96.803     91.742     0.1087     0.3040     4.1905     0.4695 1.6735e-01        434     0.3007  0.000e+00
      4.199   71.83048 -165.96702      4.243     2.7349     2.7358     2.7347    30.1722    30.1838  1024.0738    24.0537    326.041    308.982  336.81050     96.802     91.748     0.1099     0.3113     4.1905     0.4695 1.6336e-01        435     0.3014  0.000e+00
      4.199   71.83048 -165.96702      4.243     2.7349     2.7362     2.7347    30.1722    30.1830  1024.0737    24.0537    326.038    309.004  336.81060     96.802     91.754     0.1087     0.3040     4.1905     0.4695 1.4422e-01        436     0.3021  0.000e+00
      4.199   71.83048 -165.96702      4.243     2.7350     2.7360     2.7348    30.1721    30.1830  1024.0736    24.0536    326.257    309.029  336.80995     96.867     91.761     0.1099     0.3113     4.1905     0.4695 1.3551e-01        437     0.3028  0.000e+00
      4.199   71.83048 -165.96702      4.243     2.7353     2.7362     2.7350    30.1724    30.1836  1024.0739    24.0539    325.802    309.050  336.80717     96.733     91.769     0.1099     0.3113     4.1905     0.4695 1.3622e-01        438     0.3035  0.000e+00
      4.199   71.83048 -165.96702      4.243     2.7351     2.7362     2.7349    30.1724    30.1836  1024.0739    24.0539    325.986    309.051  336.80864     96.787     91.769     0.1123     0.3260     4.1905     0.4695 1.6416e-01        439     0.3042  0.000e+00
      4.261   71.83048 -165.96702      4.305     2.7351     2.7360     2.7349    30.1724    30.1833  1024.0742    24.0539    325.984    309.056  336.80862     96.786     91.770     0.1111     0.3187     4.1905     0.4695 1.8051e-01        440     0.3049  0.000e+00
      4.199   71.83048 -165.96702      4.243     2.7354     2.7363     2.7352    30.1723    30.1830  1024.0738    24.0537    325.975    309.053  336.80672     96.784     91.769     0.1111     0.3187     4.1905     0.4695 1.8304e-01        441     0.3056  0.000e+00
      4.261   71.83048 -165.96702      4.305     2.7353     2.7362     2.7350    30.1719    30.1833  1024.0738    24.0535    325.975    309.057  336.80844     96.784     91.771     0.1123     0.3260     4.1893     0.4707 2.2469e-01        442     0.3063  0.000e+00
      4.261   71.83048 -165.96702      4.305     2.7353     2.7360     2.7350    30.1722    30.1836  1024.0740    24.0537    325.970    309.258  336.80785     96.782     91.830     0.1111     0.3187     4.1868     0.4730 2.5807e-01        443     0.3069  0.000e+00
      4.261   71.83048 -165.96702      4.305     2.7354     2.7360     2.7351    30.1720    30.1829  1024.0739    24.0536    325.965    309.283  336.80730     96.781     91.837     0.1123     0.3260     4.1868     0.4730 2.6340e-01        444     0.3076  0.000e+00
      4.261   71.83048 -165.96702      4.305     2.7353     2.7362     2.7350    30.1717    30.1827  1024.0736    24.0533    325.962    309.305  336.80914     96.780     91.844     0.1111     0.3187     4.1868     0.4730 2.2469e-01        445     0.3083  0.000e+00
      4.199   71.83048 -165.96702      4.243     2.7354     2.7357     2.7352    30.1716    30.1835  1024.0733    24.0532    325.991    309.325  336.80789     96.788     91.849     0.1123     0.3260     4.1868     0.4730 1.9078e-01        446     0.3090  0.000e+00
      4.261   71.83048 -165.96702      4.305     2.7353     2.7362     2.7350    30.1720    30.1834  1024.0739    24.0536    325.991    309.345  336.80824     96.788     91.856     0.1111     0.3187     4.1868     0.4730 1.8389e-01        447     0.3097  0.000e+00
      4.315   71.83048 -165.96702      4.359     2.7354     2.7360     2.7351    30.1720    30.1833  1024.0741    24.0535    326.212    309.368  336.80747     96.854     91.862     0.1123     0.3260     4.1868     0.4730 2.0049e-01        448     0.3104  0.000e+00
      4.261   71.83048 -165.96702      4.305     2.7349     2.7357     2.7347    30.1721    30.1834  1024.0739    24.0536    326.023    309.387  336.81088     96.797     91.867     0.1111     0.3187     4.1868     0.4730 2.2085e-01        449     0.3111  0.000e+00
      4.261   71.83048 -165.96702      4.305     2.7353     2.7358     2.7350    30.1714    30.1829  1024.0734    24.0530    326.017    309.404  336.80993     96.796     91.873     0.1123     0.3260     4.1868     0.4730 2.2663e-01        450     0.3118  0.000e+00
      4.261   71.83048 -165.96702      4.305     2.7349     2.7358     2.7347    30.1720    30.1833  1024.0739    24.0535    326.051    309.420  336.81107     96.805     91.877     0.1123     0.3260     4.1868     0.4730 2.0592e-01        451     0.3125  0.000e+00
      4.261   71.83048 -165.96702      4.305     2.7352     2.7357     2.7350    30.1715    30.1835  1024.0734    24.0531    326.047    309.436  336.81016     96.804     91.882     0.1111     0.3187     4.1868     0.4730 1.6978e-01        452     0.3132  0.000e+00
      4.261   71.83048 -165.96702      4.305     2.7348     2.7358     2.7346    30.1717    30.1827  1024.0737    24.0534    326.048    309.451  336.81304     96.804     91.886     0.1123     0.3260     4.1868     0.4730 1.6021e-01        453     0.3139  0.000e+00
      4.315   71.83048 -165.96702      4.359     2.7353     2.7357     2.7350    30.1713    30.1831  1024.0735    24.0529    326.044    309.468  336.81020     96.803     91.891     0.1111     0.3187     4.1868     0.4730 1.5865e-01        454     0.3146  0.000e+00
      4.261   71.83048 -165.96702      4.305     2.7349     2.7357     2.7347    30.1714    30.1835  1024.0734    24.0531    326.041    309.676  336.81299     96.802     91.953     0.1123     0.3260     4.1868     0.4730 1.5324e-01        455     0.3153  0.000e+00
      4.261   71.83048 -165.96702      4.305     2.7348     2.7355     2.7346    30.1719    30.1837  1024.0738    24.0535    326.038    309.512  336.81274     96.801     91.904     0.1111     0.3187     4.1868     0.4730 1.5172e-01        456     0.3160  0.000e+00
      4.315   71.83048 -165.96702      4.359     2.7348     2.7359     2.7346    30.1720    30.1829  1024.0742    24.0536    326.037    309.722  336.81241     96.801     91.967     0.1123     0.3260     4.1868     0.4730 1.5787e-01        457     0.3167  0.000e+00
      4.261   71.83048 -165.96702      4.305     2.7349     2.7355     2.7347    30.1716    30.1831  1024.0736    24.0533    326.031    309.754  336.81197     96.799     91.976     0.1111     0.3187     4.1868     0.4730 1.9252e-01        458     0.3174  0.000e+00
      4.261   71.83048 -165.96702      4.305     2.7347     2.7357     2.7345    30.1724    30.1834  1024.0742    24.0539    326.028    309.781  336.81187     96.798     91.984     0.1123     0.3260     4.1868     0.4730 2.0867e-01        459     0.3181  0.000e+00
      4.261   71.83048 -165.96702      4.305     2.7349     2.7357     2.7347    30.1724    30.1836  1024.0742    24.0539    326.023    309.807  336.80998     96.797     91.992     0.1123     0.3260     4.1868     0.4730 2.0959e-01        460     0.3187  0.000e+00
      4.315   71.83048 -165.96702      4.359     2.7348     2.7357     2.7346    30.1723    30.1835  1024.0744    24.0538    326.025    309.811  336.81162     96.797     91.993     0.1111     0.3187     4.1868     0.4730 2.0775e-01        461     0.3194  0.000e+00
      4.261   71.83048 -165.96702      4.305     2.7349     2.7358     2.7347    30.1721    30.1827  1024.0740    24.0537    326.018    309.831  336.81068     96.796     91.999     0.1123     0.3260     4.1880     0.4719 2.0683e-01        462     0.3201  0.000e+00
      4.261   71.83048 -165.96702      4.305     2.7350     2.7357     2.7348    30.1718    30.1835  1024.0737    24.0534    326.015    309.851  336.81063     96.795     92.005     0.1111     0.3187     4.1893     0.4707 2.0683e-01        463     0.3208  0.000e+00
      4.261   71.83048 -165.96702      4.305     2.7349     2.7358     2.7347    30.1726    30.1840  1024.0744    24.0541    326.011    309.867  336.80939     96.794     92.011     0.1111     0.3187     4.1905     0.4695 2.3349e-01        464     0.3215  0.000e+00
      4.261   71.83048 -165.96702      4.305     2.7351     2.7358     2.7349    30.1728    30.1835  1024.0745    24.0542    325.783    309.885  336.80752     96.727     92.016     0.1111     0.3187     4.1905     0.4695 2.5385e-01        465     0.3222  0.000e+00
      4.261   71.83048 -165.96702      4.305     2.7349     2.7357     2.7347    30.1729    30.1834  1024.0746    24.0543    325.747    309.901  336.80869     96.716     92.020     0.1123     0.3260     4.1905     0.4695 2.5595e-01        466     0.3229  0.000e+00
      4.315   71.83048 -165.96702      4.359     2.7352     2.7357     2.7350    30.1726    30.1833  1024.0746    24.0540    325.934    310.116  336.80715     96.772     92.084     0.1123     0.3260     4.1905     0.4695 3.8316e-01        467     0.3236  0.000e+00
      4.261   71.83048 -165.96702      4.305     2.7354     2.7358     2.7352    30.1722    30.1839  1024.0740    24.0537    325.708    309.944  336.80638     96.705     92.034     0.1111     0.3187     4.1905     0.4695 5.3128e-01        468     0.3243  0.000e+00
      4.261   71.83048 -165.96702      4.305     2.7353     2.7359     2.7350    30.1723    30.1833  1024.0741    24.0538    325.675    309.953  336.80745     96.695     92.036     0.1123     0.3260     4.1905     0.4695 5.6309e-01        469     0.3250  0.000e+00
      4.261   71.83048 -165.96702      4.305     2.7352     2.7357     2.7350    30.1722    30.1828  1024.0740    24.0537    325.643    310.161  336.80827     96.685     92.097     0.1111     0.3187     4.1905     0.4695 5.9647e-01        470     0.3257  0.000e+00
      4.261   71.83048 -165.96702      4.305     2.7351     2.7357     2.7349    30.1723    30.1827  1024.0741    24.0538    325.612    310.188  336.80901     96.676     92.105     0.1123     0.3260     4.1905     0.4695 6.4423e-01        471     0.3264  0.000e+00
      4.261   71.83048 -165.96702      4.305     2.7351     2.7358     2.7349    30.1720    30.1830  1024.0739    24.0536    325.583    310.209  336.80961     96.667     92.112     0.1111     0.3187     4.1905     0.4695 6.5939e-01        472     0.3271  0.000e+00
      4.261   71.83048 -165.96702      4.305     2.7351     2.7355     2.7349    30.1716    30.1834  1024.0735    24.0532    325.555    310.231  336.81080     96.658     92.118     0.1123     0.3260     4.1905     0.4695 5.7469e-01        473     0.3278  0.000e+00
      4.199   71.83048 -165.96702      4.243     2.7349     2.7355     2.7347    30.1719    30.1832  1024.0735    24.0535    325.527    310.247  336.81181     96.649     92.122     0.1111     0.3187     4.1905     0.4695 4.5244e-01        474     0.3285  0.000e+00
      4.315   71.83048 -165.96702      4.359     2.7349     2.7353     2.7347    30.1716    30.1831  1024.0738    24.0532    325.506    310.069  336.81204     96.643     92.069     0.1123     0.3260     4.1905     0.4695 4.2122e-01        475     0.3292  0.000e+00
      4.261   71.83048 -165.96702      4.305     2.7346     2.7354     2.7344    30.1717    30.1836  1024.0736    24.0533    325.483    310.254  336.81460     96.636     92.124     0.1123     0.3260     4.1905     0.4695 4.4131e-01        476     0.3299  0.000e+00
      4.199   71.83048 -165.96702      4.243     2.7346     2.7352     2.7344    30.1717    30.1836  1024.0733    24.0533    325.458    310.262  336.81462     96.628     92.126     0.1111     0.3187     4.1905     0.4695 4.9402e-01        477     0.3306  0.000e+00
      4.261   71.83048 -165.96702      4.305     2.7346     2.7350     2.7343    30.1719    30.1831  1024.0738    24.0535    325.439    310.274  336.81453     96.623     92.129     0.1123     0.3260     4.1905     0.4695 5.1149e-01        478     0.3312  0.000e+00
      4.261   71.83048 -165.96702      4.305     2.7346     2.7350     2.7344    30.1719    30.1829  1024.0738    24.0535    325.419    310.278  336.81400     96.617     92.130     0.1111     0.3187     4.1905     0.4695 4.9747e-01        479     0.3319  0.000e+00
      4.261   71.83048 -165.96702      4.305     2.7344     2.7350     2.7342    30.1718    30.1831  1024.0738    24.0534    325.403    310.279  336.81557     96.612     92.131     0.1123     0.3260     4.1905     0.4695 4.3817e-01        480     0.3326  0.000e+00
      4.261   71.83048 -165.96702      4.305     2.7344     2.7349     2.7342    30.1717    30.1836  1024.0737    24.0534    325.165    310.277  336.81629     96.541     92.130     0.1111     0.3187     4.1905     0.4695 4.1668e-01        481     0.3333  0.000e+00
      4.261   71.83048 -165.96702      4.305     2.7344     2.7352     2.7342    30.1715    30.1832  1024.0735    24.0532    325.153    310.271  336.81636     96.537     92.129     0.1123     0.3260     4.1905     0.4695 4.1368e-01        482     0.3340  0.000e+00
      4.261   71.83048 -165.96702      4.305     2.7343     2.7350     2.7341    30.1719    30.1825  1024.0738    24.0535    325.108    310.266  336.81683     96.524     92.126     0.1111     0.3187     4.1917     0.4684 3.9314e-01        483     0.3347  0.000e+00
