EcoFOCI/data/1_SampleCollection/2023_SikuliaqDBO_CruiseData/CTD_raw_BottleFile_SKQ23-12S/proc/skq202312s_051svp.cnv
* Sea-Bird SBE 9 Data File:
* FileName = D:\CTD\SKQ202312S\SKQ202312S_051.hex
* Software Version Seasave V 7.26.7.121
* Temperature SN = 6177
* Conductivity SN = 0369
* Number of Bytes Per Scan = 41
* Number of Voltage Words = 4
* Number of Scans Averaged by the Deck Unit = 1
* NMEA Latitude = 70 43.03 N
* NMEA Longitude = 162 51.44 W
* NMEA UTC (Time) = Sep 26 2023  19:01:27
* NMEA baud rate = 4800
** Ship: R/V Sikuliaq
** Station Number: 051
** Station Name: IC10
** Bottom Depth: 42
** Operator: SD
# nquan = 7
# nvalues = 6154                                  
# units = specified
# name 0 = depSM: Depth [salt water, m]
# name 1 = latitude: Latitude [deg]
# name 2 = longitude: Longitude [deg]
# name 3 = t090C: Temperature [ITS-90, deg C]
# name 4 = sal00: Salinity, Practical [PSU]
# name 5 = svCM: Sound Velocity [Chen-Millero, m/s]
# name 6 = flag:  0.000e+00
# span 0 =      2.142,     36.901                 
# span 1 =   70.71704,   70.71714                 
# span 2 = -162.85630, -162.85552                 
# span 3 =     5.3511,     7.2761                 
# span 4 =    28.6250,    31.4787                 
# span 5 =    1468.18,    1474.66                 
# span 6 = 0.0000e+00, 0.0000e+00                 
# interval = seconds: 0.0416667
# start_time = Sep 26 2023 19:05:40 [NMEA time, first data scan]
# bad_flag = -9.990e-29
*END*
[from data line 1231]
      8.890   70.71714 -162.85612     6.4409    28.6311    1468.63  0.000e+00
      8.890   70.71714 -162.85612     6.4412    28.6308    1468.63  0.000e+00
      8.952   70.71714 -162.85612     6.4410    28.6311    1468.63  0.000e+00
      8.890   70.71714 -162.85612     6.4413    28.6309    1468.63  0.000e+00
      8.890   70.71714 -162.85612     6.4413    28.6311    1468.63  0.000e+00
      8.952   70.71714 -162.85612     6.4413    28.6310    1468.63  0.000e+00
      8.952   70.71714 -162.85612     6.4415    28.6311    1468.63  0.000e+00
      8.921   70.71714 -162.85612     6.4415    28.6316    1468.63  0.000e+00
      8.952   70.71714 -162.85612     6.4418    28.6311    1468.63  0.000e+00
      9.006   70.71714 -162.85612     6.4418    28.6310    1468.63  0.000e+00
      8.952   70.71714 -162.85612     6.4418    28.6312    1468.63  0.000e+00
      9.006   70.71714 -162.85612     6.4417    28.6313    1468.63  0.000e+00
      8.952   70.71714 -162.85612     6.4418    28.6307    1468.63  0.000e+00
      9.006   70.71714 -162.85612     6.4416    28.6308    1468.63  0.000e+00
      9.006   70.71714 -162.85612     6.4417    28.6310    1468.63  0.000e+00
      8.983   70.71714 -162.85612     6.4418    28.6312    1468.63  0.000e+00
      9.068   70.71714 -162.85612     6.4419    28.6313    1468.64  0.000e+00
      9.006   70.71714 -162.85612     6.4416    28.6317    1468.63  0.000e+00
      9.068   70.71714 -162.85612     6.4418    28.6311    1468.64  0.000e+00
      9.006   70.71714 -162.85612     6.4419    28.6309    1468.63  0.000e+00
      9.068   70.71714 -162.85612     6.4418    28.6311    1468.64  0.000e+00
      9.068   70.71714 -162.85612     6.4420    28.6307    1468.64  0.000e+00
      9.068   70.71714 -162.85612     6.4419    28.6308    1468.64  0.000e+00
      9.068   70.71714 -162.85612     6.4421    28.6309    1468.64  0.000e+00
      9.091   70.71714 -162.85612     6.4419    28.6309    1468.64  0.000e+00
      9.122   70.71714 -162.85612     6.4420    28.6310    1468.64  0.000e+00
      9.068   70.71714 -162.85612     6.4418    28.6312    1468.64  0.000e+00
      9.122   70.71714 -162.85612     6.4421    28.6311    1468.64  0.000e+00
      9.122   70.71714 -162.85612     6.4420    28.6310    1468.64  0.000e+00
      9.121   70.71714 -162.85612     6.4421    28.6310    1468.64  0.000e+00
      9.175   70.71714 -162.85612     6.4419    28.6307    1468.64  0.000e+00
      9.121   70.71714 -162.85612     6.4421    28.6308    1468.64  0.000e+00
      9.152   70.71714 -162.85612     6.4418    28.6312    1468.64  0.000e+00
      9.121   70.71714 -162.85612     6.4419    28.6311    1468.64  0.000e+00
      9.175   70.71714 -162.85612     6.4419    28.6310    1468.64  0.000e+00
      9.175   70.71714 -162.85612     6.4418    28.6311    1468.64  0.000e+00
      9.175   70.71714 -162.85612     6.4418    28.6312    1468.64  0.000e+00
      9.237   70.71714 -162.85612     6.4418    28.6310    1468.64  0.000e+00
      9.175   70.71714 -162.85612     6.4418    28.6309    1468.64  0.000e+00
      9.175   70.71714 -162.85612     6.4420    28.6308    1468.64  0.000e+00
      9.175   70.71714 -162.85612     6.4418    28.6311    1468.64  0.000e+00
      9.268   70.71714 -162.85612     6.4418    28.6311    1468.64  0.000e+00
      9.237   70.71714 -162.85612     6.4418    28.6309    1468.64  0.000e+00
      9.237   70.71714 -162.85612     6.4418    28.6313    1468.64  0.000e+00
      9.237   70.71714 -162.85612     6.4419    28.6307    1468.64  0.000e+00
      9.291   70.71714 -162.85612     6.4418    28.6308    1468.64  0.000e+00
      9.237   70.71714 -162.85612     6.4419    28.6308    1468.64  0.000e+00
      9.291   70.71714 -162.85612     6.4419    28.6311    1468.64  0.000e+00
      9.237   70.71714 -162.85612     6.4419    28.6309    1468.64  0.000e+00
      9.322   70.71714 -162.85612     6.4420    28.6313    1468.64  0.000e+00
      9.291   70.71714 -162.85612     6.4421    28.6311    1468.64  0.000e+00
      9.291   70.71714 -162.85612     6.4423    28.6307    1468.64  0.000e+00
      9.291   70.71714 -162.85612     6.4421    28.6307    1468.64  0.000e+00
      9.291   70.71714 -162.85612     6.4423    28.6308    1468.64  0.000e+00
      9.353   70.71714 -162.85612     6.4421    28.6307    1468.64  0.000e+00
      9.291   70.71714 -162.85612     6.4421    28.6310    1468.64  0.000e+00
      9.407   70.71714 -162.85612     6.4420    28.6310    1468.64  0.000e+00
      9.322   70.71714 -162.85612     6.4416    28.6312    1468.64  0.000e+00
      9.353   70.71714 -162.85612     6.4421    28.6306    1468.64  0.000e+00
      9.353   70.71714 -162.85612     6.4420    28.6307    1468.64  0.000e+00
      9.407   70.71714 -162.85612     6.4421    28.6311    1468.64  0.000e+00
      9.353   70.71714 -162.85612     6.4419    28.6311    1468.64  0.000e+00
      9.407   70.71714 -162.85612     6.4421    28.6311    1468.64  0.000e+00
      9.353   70.71714 -162.85612     6.4420    28.6313    1468.64  0.000e+00
      9.407   70.71714 -162.85612     6.4419    28.6312    1468.64  0.000e+00
      9.438   70.71714 -162.85612     6.4421    28.6308    1468.64  0.000e+00
      9.353   70.71714 -162.85612     6.4421    28.6310    1468.64  0.000e+00
      9.468   70.71714 -162.85612     6.4419    28.6312    1468.64  0.000e+00
      9.407   70.71714 -162.85612     6.4421    28.6308    1468.64  0.000e+00
      9.407   70.71714 -162.85612     6.4421    28.6310    1468.64  0.000e+00
      9.468   70.71714 -162.85612     6.4420    28.6309    1468.64  0.000e+00
      9.468   70.71714 -162.85612     6.4419    28.6308    1468.64  0.000e+00
      9.407   70.71714 -162.85612     6.4419    28.6311    1468.64  0.000e+00
      9.491   70.71714 -162.85612     6.4420    28.6307    1468.64  0.000e+00
      9.468   70.71714 -162.85612     6.4418    28.6310    1468.64  0.000e+00
      9.468   70.71714 -162.85612     6.4418    28.6309    1468.64  0.000e+00
      9.468   70.71714 -162.85612     6.4419    28.6307    1468.64  0.000e+00
      9.522   70.71714 -162.85612     6.4421    28.6310    1468.64  0.000e+00
      9.468   70.71714 -162.85612     6.4421    28.6309    1468.64  0.000e+00
      9.522   70.71714 -162.85612     6.4418    28.6311    1468.64  0.000e+00
      9.407   70.71714 -162.85612     6.4418    28.6312    1468.64  0.000e+00
      9.607   70.71714 -162.85612     6.4418    28.6310    1468.64  0.000e+00
      9.468   70.71714 -162.85612     6.4419    28.6311    1468.64  0.000e+00
      9.522   70.71714 -162.85612     6.4420    28.6308    1468.64  0.000e+00
      9.576   70.71714 -162.85612     6.4418    28.6306    1468.64  0.000e+00
      9.522   70.71714 -162.85612     6.4418    28.6311    1468.64  0.000e+00
      9.522   70.71714 -162.85612     6.4419    28.6310    1468.64  0.000e+00
      9.576   70.71714 -162.85612     6.4418    28.6314    1468.64  0.000e+00
      9.491   70.71714 -162.85612     6.4418    28.6311    1468.64  0.000e+00
      9.576   70.71714 -162.85612     6.4419    28.6311    1468.64  0.000e+00
      9.576   70.71714 -162.85612     6.4420    28.6311    1468.64  0.000e+00
      9.576   70.71714 -162.85612     6.4419    28.6313    1468.64  0.000e+00
      9.522   70.71714 -162.85612     6.4419    28.6310    1468.64  0.000e+00
      9.576   70.71714 -162.85612     6.4421    28.6309    1468.64  0.000e+00
      9.576   70.71714 -162.85612     6.4421    28.6310    1468.65  0.000e+00
      9.576   70.71714 -162.85612     6.4421    28.6308    1468.64  0.000e+00
      9.607   70.71714 -162.85612     6.4421    28.6307    1468.65  0.000e+00
      9.638   70.71714 -162.85612     6.4420    28.6310    1468.65  0.000e+00
      9.576   70.71714 -162.85612     6.4421    28.6312    1468.65  0.000e+00
      9.638   70.71714 -162.85612     6.4421    28.6310    1468.65  0.000e+00
      9.576   70.71714 -162.85612     6.4421    28.6310    1468.65  0.000e+00
      9.638   70.71714 -162.85612     6.4418    28.6315    1468.65  0.000e+00
      9.638   70.71714 -162.85612     6.4421    28.6311    1468.65  0.000e+00
      9.638   70.71714 -162.85612     6.4418    28.6312    1468.64  0.000e+00
      9.607   70.71714 -162.85612     6.4421    28.6309    1468.65  0.000e+00
      9.692   70.71714 -162.85612     6.4418    28.6312    1468.65  0.000e+00
      9.638   70.71714 -162.85612     6.4419    28.6308    1468.65  0.000e+00
      9.638   70.71714 -162.85612     6.4419    28.6310    1468.65  0.000e+00
      9.692   70.71714 -162.85610     6.4421    28.6307    1468.65  0.000e+00
      9.638   70.71714 -162.85610     6.4419    28.6308    1468.65  0.000e+00
      9.692   70.71714 -162.85610     6.4419    28.6310    1468.65  0.000e+00
      9.723   70.71714 -162.85610     6.4421    28.6309    1468.65  0.000e+00
      9.638   70.71714 -162.85610     6.4423    28.6308    1468.65  0.000e+00
      9.754   70.71714 -162.85610     6.4419    28.6312    1468.65  0.000e+00
      9.692   70.71714 -162.85610     6.4423    28.6309    1468.65  0.000e+00
      9.692   70.71714 -162.85610     6.4423    28.6308    1468.65  0.000e+00
      9.692   70.71714 -162.85610     6.4421    28.6313    1468.65  0.000e+00
      9.754   70.71714 -162.85610     6.4423    28.6309    1468.65  0.000e+00
      9.754   70.71714 -162.85610     6.4420    28.6308    1468.65  0.000e+00
      9.723   70.71714 -162.85610     6.4421    28.6310    1468.65  0.000e+00
      9.692   70.71714 -162.85610     6.4421    28.6308    1468.65  0.000e+00
      9.807   70.71714 -162.85610     6.4421    28.6308    1468.65  0.000e+00
      9.753   70.71714 -162.85610     6.4423    28.6309    1468.65  0.000e+00
      9.753   70.71714 -162.85610     6.4423    28.6310    1468.65  0.000e+00
      9.753   70.71714 -162.85610     6.4421    28.6309    1468.65  0.000e+00
      9.807   70.71714 -162.85610     6.4420    28.6310    1468.65  0.000e+00
      9.692   70.71714 -162.85610     6.4423    28.6312    1468.65  0.000e+00
      9.892   70.71714 -162.85610     6.4421    28.6309    1468.65  0.000e+00
      9.807   70.71714 -162.85610     6.4421    28.6310    1468.65  0.000e+00
      9.807   70.71714 -162.85610     6.4423    28.6307    1468.65  0.000e+00
      9.807   70.71714 -162.85610     6.4421    28.6310    1468.65  0.000e+00
      9.869   70.71714 -162.85610     6.4423    28.6307    1468.65  0.000e+00
      9.753   70.71714 -162.85610     6.4421    28.6311    1468.65  0.000e+00
      9.869   70.71714 -162.85610     6.4423    28.6306    1468.65  0.000e+00
      9.838   70.71714 -162.85610     6.4421    28.6310    1468.65  0.000e+00
      9.869   70.71714 -162.85610     6.4423    28.6306    1468.65  0.000e+00
      9.869   70.71714 -162.85610     6.4423    28.6306    1468.65  0.000e+00
      9.869   70.71714 -162.85610     6.4421    28.6309    1468.65  0.000e+00
      9.923   70.71714 -162.85610     6.4421    28.6310    1468.65  0.000e+00
      9.869   70.71714 -162.85610     6.4423    28.6309    1468.65  0.000e+00
      9.869   70.71714 -162.85610     6.4421    28.6307    1468.65  0.000e+00
      9.954   70.71714 -162.85610     6.4421    28.6310    1468.65  0.000e+00
      9.869   70.71714 -162.85610     6.4420    28.6308    1468.65  0.000e+00
      9.923   70.71714 -162.85610     6.4421    28.6307    1468.65  0.000e+00
      9.923   70.71714 -162.85610     6.4419    28.6306    1468.65  0.000e+00
      9.977   70.71714 -162.85610     6.4419    28.6307    1468.65  0.000e+00
      9.923   70.71714 -162.85610     6.4417    28.6309    1468.65  0.000e+00
      9.923   70.71714 -162.85610     6.4419    28.6309    1468.65  0.000e+00
      9.977   70.71714 -162.85610     6.4416    28.6310    1468.65  0.000e+00
      9.954   70.71714 -162.85610     6.4418    28.6310    1468.65  0.000e+00
      9.977   70.71714 -162.85610     6.4419    28.6306    1468.65  0.000e+00
      9.977   70.71714 -162.85610     6.4419    28.6308    1468.65  0.000e+00
     10.039   70.71714 -162.85610     6.4416    28.6309    1468.65  0.000e+00
      9.977   70.71714 -162.85610     6.4418    28.6307    1468.65  0.000e+00
     10.039   70.71714 -162.85610     6.4418    28.6310    1468.65  0.000e+00
      9.977   70.71714 -162.85610     6.4419    28.6309    1468.65  0.000e+00
     10.008   70.71714 -162.85610     6.4418    28.6309    1468.65  0.000e+00
     10.039   70.71714 -162.85610     6.4415    28.6312    1468.65  0.000e+00
     10.039   70.71714 -162.85610     6.4418    28.6310    1468.65  0.000e+00
     10.093   70.71714 -162.85610     6.4420    28.6310    1468.65  0.000e+00
     10.039   70.71714 -162.85610     6.4419    28.6310    1468.65  0.000e+00
     10.039   70.71714 -162.85610     6.4418    28.6312    1468.65  0.000e+00
     10.093   70.71714 -162.85610     6.4419    28.6309    1468.65  0.000e+00
     10.070   70.71714 -162.85610     6.4418    28.6310    1468.65  0.000e+00
     10.093   70.71714 -162.85610     6.4419    28.6309    1468.65  0.000e+00
     10.093   70.71714 -162.85610     6.4419    28.6311    1468.65  0.000e+00
     10.093   70.71714 -162.85610     6.4418    28.6312    1468.65  0.000e+00
     10.093   70.71714 -162.85610     6.4419    28.6309    1468.65  0.000e+00
     10.093   70.71714 -162.85610     6.4419    28.6308    1468.65  0.000e+00
     10.154   70.71714 -162.85610     6.4416    28.6307    1468.65  0.000e+00
     10.124   70.71714 -162.85610     6.4418    28.6306    1468.65  0.000e+00
     10.093   70.71714 -162.85610     6.4419    28.6306    1468.65  0.000e+00
     10.154   70.71714 -162.85610     6.4416    28.6311    1468.65  0.000e+00
     10.154   70.71714 -162.85610     6.4417    28.6311    1468.65  0.000e+00
     10.154   70.71714 -162.85610     6.4419    28.6311    1468.65  0.000e+00
     10.154   70.71714 -162.85610     6.4415    28.6313    1468.65  0.000e+00
     10.208   70.71714 -162.85610     6.4419    28.6307    1468.65  0.000e+00
     10.177   70.71714 -162.85610     6.4420    28.6310    1468.65  0.000e+00
     10.154   70.71714 -162.85610     6.4419    28.6309    1468.65  0.000e+00
     10.208   70.71714 -162.85610     6.4418    28.6312    1468.65  0.000e+00
     10.208   70.71714 -162.85610     6.4420    28.6311    1468.66  0.000e+00
     10.270   70.71714 -162.85610     6.4419    28.6311    1468.66  0.000e+00
     10.208   70.71714 -162.85610     6.4419    28.6311    1468.65  0.000e+00
     10.208   70.71714 -162.85610     6.4418    28.6310    1468.65  0.000e+00
     10.239   70.71714 -162.85610     6.4421    28.6309    1468.66  0.000e+00
     10.270   70.71714 -162.85610     6.4418    28.6310    1468.66  0.000e+00
     10.270   70.71714 -162.85610     6.4419    28.6308    1468.66  0.000e+00
     10.208   70.71714 -162.85610     6.4420    28.6308    1468.65  0.000e+00
     10.270   70.71714 -162.85610     6.4419    28.6312    1468.66  0.000e+00
     10.324   70.71714 -162.85610     6.4419    28.6311    1468.66  0.000e+00
     10.208   70.71714 -162.85610     6.4419    28.6311    1468.65  0.000e+00
     10.293   70.71714 -162.85610     6.4420    28.6311    1468.66  0.000e+00
     10.324   70.71714 -162.85610     6.4418    28.6310    1468.66  0.000e+00
     10.270   70.71714 -162.85610     6.4419    28.6308    1468.66  0.000e+00
     10.324   70.71714 -162.85610     6.4421    28.6308    1468.66  0.000e+00
     10.324   70.71714 -162.85610     6.4419    28.6307    1468.66  0.000e+00
     10.270   70.71714 -162.85610     6.4418    28.6311    1468.66  0.000e+00
     10.324   70.71714 -162.85610     6.4420    28.6308    1468.66  0.000e+00
     10.355   70.71714 -162.85610     6.4419    28.6310    1468.66  0.000e+00
     10.324   70.71714 -162.85610     6.4419    28.6311    1468.66  0.000e+00
     10.324   70.71714 -162.85610     6.4421    28.6309    1468.66  0.000e+00
     10.324   70.71714 -162.85610     6.4420    28.6310    1468.66  0.000e+00
     10.378   70.71714 -162.85610     6.4419    28.6310    1468.66  0.000e+00
     10.324   70.71714 -162.85610     6.4419    28.6309    1468.66  0.000e+00
