EcoFOCI/data/1_SampleCollection/2023_SikuliaqDBO_CruiseData/CTD_raw_BottleFile_SKQ23-12S/proc/skq202312s_029.ros
* Sea-Bird SBE 9 Data File:
* FileName = D:\CTD\SKQ202312S\SKQ202312S_029.hex
* Software Version Seasave V 7.26.7.121
* Temperature SN = 6177
* Conductivity SN = 0369
* Number of Bytes Per Scan = 41
* Number of Voltage Words = 4
* Number of Scans Averaged by the Deck Unit = 1
* NMEA Latitude = 71 24.54 N
* NMEA Longitude = 157 29.66 W
* NMEA UTC (Time) = Sep 21 2023  04:58:57
* NMEA baud rate = 4800
** Ship: R/V Sikuliaq
** Station Number: 029
** Station Name: DBO5.5
** Bottom Depth: 124
** Operator: SS
# nquan = 22
# nvalues = 1127                                  
# units = specified
# name 0 = depSM: Depth [salt water, m]
# name 1 = latitude: Latitude [deg]
# name 2 = longitude: Longitude [deg]
# name 3 = prDM: Pressure, Digiquartz [db]
# name 4 = t090C: Temperature [ITS-90, deg C]
# name 5 = t190C: Temperature, 2 [ITS-90, deg C]
# name 6 = potemp090C: Potential Temperature [ITS-90, deg C]
# name 7 = sal00: Salinity, Practical [PSU]
# name 8 = sal11: Salinity, Practical, 2 [PSU]
# name 9 = density00: Density [density, kg/m^3]
# name 10 = sigma-é00: Density [sigma-theta, kg/m^3]
# name 11 = sbox0Mm/Kg: Oxygen, SBE 43 [umol/kg]
# name 12 = sbox1Mm/Kg: Oxygen, SBE 43, 2 [umol/kg]
# name 13 = oxsolMm/Kg: Oxygen Saturation, Garcia & Gordon [umol/kg]
# name 14 = sbeox0PS: Oxygen, SBE 43 [% saturation]
# name 15 = v0: Voltage 0
# name 16 = flECO-AFL: Fluorescence, WET Labs ECO-AFL/FL [mg/m^3]
# name 17 = CStarAt0: Beam Attenuation, WET Labs C-Star [1/m]
# name 18 = par: PAR/Irradiance, Biospherical/Licor
# name 19 = scan: Scan Count
# name 20 = nbf: Bottles Fired
# name 21 = flag:  0.000e+00
# interval = seconds: 0.0416667
# start_time = Sep 21 2023 05:03:15 [NMEA time, first data scan]
# bad_flag = -9.990e-29
*END*
[from data line 461]
     40.571   71.40914 -157.48984     40.994    -1.5233    -1.5203    -1.5240    32.6021    32.6088  1026.4230    26.2250    290.792    277.543  369.15976     78.771     0.2210     0.9780     1.0265 1.0000e-12      25315         10  0.000e+00
     40.571   71.40914 -157.48984     40.994    -1.5229    -1.5202    -1.5236    32.6017    32.6084  1026.4226    26.2247    290.781    277.493  369.15704     78.769     0.2137     0.9341     1.0252 1.0000e-12      25316         10  0.000e+00
     40.502   71.40914 -157.48984     40.924    -1.5231    -1.5198    -1.5239    32.6016    32.6079  1026.4222    26.2246    290.775    277.435  369.15948     78.767     0.2149     0.9414     1.0265 1.0000e-12      25317         10  0.000e+00
     40.510   71.40914 -157.48984     40.931    -1.5228    -1.5198    -1.5236    32.6015    32.6079  1026.4222    26.2245    290.769    277.382  369.15691     78.766     0.2149     0.9414     1.0265 1.0000e-12      25318         10  0.000e+00
     40.510   71.40914 -157.48984     40.931    -1.5227    -1.5190    -1.5234    32.6014    32.6068  1026.4221    26.2244    290.507    277.552  369.15614     78.695     0.2149     0.9414     1.0252 1.0000e-12      25319         10  0.000e+00
     40.502   71.40914 -157.48984     40.924    -1.5229    -1.5190    -1.5237    32.6020    32.6071  1026.4225    26.2249    290.719    277.526  369.15680     78.752     0.2137     0.9341     1.0265 1.0000e-12      25320         10  0.000e+00
     40.456   71.40914 -157.48984     40.877    -1.5228    -1.5188    -1.5236    32.6017    32.6069  1026.4221    26.2247    290.462    277.265  369.15631     78.683     0.2149     0.9414     1.0252 1.0000e-12      25321         10  0.000e+00
     40.456   71.40914 -157.48984     40.877    -1.5228    -1.5184    -1.5236    32.6018    32.6066  1026.4221    26.2247    290.420    277.235  369.15619     78.671     0.2161     0.9487     1.0265 1.0000e-12      25322         10  0.000e+00
     40.456   71.40914 -157.48984     40.877    -1.5226    -1.5181    -1.5233    32.6013    32.6062  1026.4217    26.2243    290.641    277.171  369.15539     78.731     0.2149     0.9414     1.0265 1.0000e-12      25323         10  0.000e+00
     40.448   71.40914 -157.48984     40.869    -1.5222    -1.5184    -1.5229    32.5999    32.6064  1026.4205    26.2232    290.396    277.111  369.15529     78.665     0.2149     0.9414     1.0279 1.0000e-12      25324         10  0.000e+00
     40.394   71.40914 -157.48984     40.815    -1.5217    -1.5184    -1.5225    32.5991    32.6063  1026.4196    26.2226    290.360    277.045  369.15308     78.656     0.2149     0.9414     1.0279 1.0000e-12      25325         10  0.000e+00
     40.456   71.40914 -157.48984     40.877    -1.5214    -1.5183    -1.5222    32.5988    32.6062  1026.4197    26.2223    290.334    277.014  369.15112     78.649     0.2149     0.9414     1.0279 1.0000e-12      25326         10  0.000e+00
     40.394   71.40914 -157.48984     40.815    -1.5210    -1.5185    -1.5218    32.5981    32.6059  1026.4188    26.2217    289.789    276.983  369.14903     78.502     0.2149     0.9414     1.0279 1.0000e-12      25327         10  0.000e+00
     40.386   71.40914 -157.48984     40.807    -1.5208    -1.5185    -1.5215    32.5980    32.6053  1026.4187    26.2216    290.191    276.722  369.14709     78.611     0.2149     0.9414     1.0279 1.0000e-12      25328         10  0.000e+00
     40.340   71.40914 -157.48984     40.760    -1.5205    -1.5187    -1.5213    32.5972    32.6055  1026.4178    26.2210    290.178    276.659  369.14656     78.608     0.2149     0.9414     1.0279 1.0000e-12      25329         10  0.000e+00
     40.394   71.40914 -157.48984     40.815    -1.5207    -1.5190    -1.5215    32.5976    32.6053  1026.4184    26.2213    290.175    276.602  369.14772     78.607     0.2149     0.9414     1.0279 1.0000e-12      25330         10  0.000e+00
     40.394   71.40914 -157.48984     40.815    -1.5208    -1.5190    -1.5215    32.5974    32.6052  1026.4182    26.2212    290.174    276.542  369.14886     78.606     0.2149     0.9414     1.0279 1.0000e-12      25331         10  0.000e+00
     40.333   71.40914 -157.48984     40.752    -1.5202    -1.5189    -1.5209    32.5970    32.6046  1026.4176    26.2208    289.910    276.515  369.14371     78.536     0.2149     0.9414     1.0279 1.0000e-12      25332         10  0.000e+00
     40.340   71.40914 -157.48984     40.760    -1.5202    -1.5189    -1.5209    32.5965    32.6047  1026.4172    26.2204    289.870    276.459  369.14523     78.525     0.2149     0.9414     1.0279 1.0000e-12      25333         10  0.000e+00
     40.340   71.40914 -157.48984     40.760    -1.5198    -1.5189    -1.5206    32.5955    32.6045  1026.4164    26.2196    289.834    276.405  369.14466     78.515     0.2149     0.9414     1.0279 1.0000e-12      25334         10  0.000e+00
     40.340   71.40914 -157.48984     40.760    -1.5197    -1.5187    -1.5204    32.5954    32.6045  1026.4163    26.2195    289.805    276.383  369.14375     78.507     0.2149     0.9414     1.0279 1.0000e-12      25335         10  0.000e+00
     40.387   71.40914 -157.48984     40.807    -1.5197    -1.5185    -1.5205    32.5955    32.6046  1026.4166    26.2196    289.783    276.332  369.14346     78.502     0.2137     0.9341     1.0279 1.0000e-12      25336         10  0.000e+00
     40.279   71.40914 -157.48984     40.698    -1.5198    -1.5185    -1.5206    32.5953    32.6044  1026.4159    26.2194    289.764    276.312  369.14542     78.496     0.2149     0.9414     1.0279 1.0000e-12      25337         10  0.000e+00
     40.279   71.40914 -157.48984     40.698    -1.5199    -1.5185    -1.5206    32.5948    32.6044  1026.4155    26.2190    289.756    276.299  369.14745     78.493     0.2137     0.9341     1.0279 1.0000e-12      25338         10  0.000e+00
     40.333   71.40914 -157.48984     40.753    -1.5199    -1.5184    -1.5206    32.5948    32.6040  1026.4157    26.2190    289.754    276.290  369.14742     78.493     0.2149     0.9414     1.0279 1.0000e-12      25339         10  0.000e+00
     40.340   71.40914 -157.48984     40.760    -1.5200    -1.5184    -1.5208    32.5950    32.6031  1026.4160    26.2192    289.757    276.285  369.14848     78.493     0.2271     1.0146     1.0279 1.0000e-12      25340         10  0.000e+00
     40.279   71.40914 -157.48982     40.698    -1.5202    -1.5185    -1.5209    32.5950    32.6039  1026.4157    26.2192    289.764    276.243  369.14952     78.495     0.2393     1.0879     1.0279 1.0000e-12      25341         10  0.000e+00
     40.340   71.40914 -157.48982     40.760    -1.5202    -1.5183    -1.5209    32.5948    32.6032  1026.4158    26.2190    289.781    276.012  369.15013     78.500     0.2430     1.1099     1.0279 1.0000e-12      25342         10  0.000e+00
     40.271   71.40914 -157.48982     40.690    -1.5202    -1.5184    -1.5209    32.5947    32.6039  1026.4154    26.2190    289.489    275.977  369.15039     78.420     0.2405     1.0952     1.0279 1.0000e-12      25343         10  0.000e+00
     35.459   71.40914 -157.48952     35.828    -1.4710    -1.4694    -1.4716    32.5469    32.5571  1026.3519    26.1789    306.785    290.110  368.80056     83.184     0.3187     1.5641     1.0819 1.0000e-12      28036         11  0.000e+00
     35.521   71.40914 -157.48952     35.890    -1.4709    -1.4694    -1.4716    32.5471    32.5569  1026.3523    26.1790    306.743    290.121  368.79953     83.173     0.3199     1.5714     1.0819 1.0000e-12      28037         11  0.000e+00
     35.452   71.40914 -157.48952     35.820    -1.4712    -1.4694    -1.4718    32.5472    32.5571  1026.3520    26.1791    306.490    290.095  368.80159     83.104     0.3199     1.5714     1.0819 1.0000e-12      28038         11  0.000e+00
     35.459   71.40914 -157.48952     35.828    -1.4713    -1.4695    -1.4720    32.5471    32.5574  1026.3520    26.1791    306.658    290.075  368.80340     83.150     0.3199     1.5714     1.0819 1.0000e-12      28039         11  0.000e+00
     35.521   71.40914 -157.48952     35.890    -1.4713    -1.4692    -1.4720    32.5474    32.5569  1026.3525    26.1793    306.666    290.056  368.80263     83.152     0.3199     1.5714     1.0819 1.0000e-12      28040         11  0.000e+00
     35.506   71.40914 -157.48952     35.875    -1.4713    -1.4694    -1.4720    32.5473    32.5575  1026.3524    26.1792    306.672    290.037  368.80298     83.153     0.3199     1.5714     1.0819 1.0000e-12      28041         11  0.000e+00
     35.521   71.40914 -157.48952     35.891    -1.4713    -1.4695    -1.4720    32.5471    32.5576  1026.3523    26.1790    306.628    290.250  368.80351     83.141     0.3211     1.5787     1.0819 1.0000e-12      28042         11  0.000e+00
     35.506   71.40914 -157.48952     35.875    -1.4713    -1.4695    -1.4720    32.5465    32.5574  1026.3518    26.1786    306.633    290.264  368.80511     83.142     0.3199     1.5714     1.0819 1.0000e-12      28043         11  0.000e+00
     35.521   71.40914 -157.48952     35.891    -1.4718    -1.4692    -1.4725    32.5472    32.5574  1026.3524    26.1791    306.641    290.048  368.80787     83.144     0.3199     1.5714     1.0819 1.0000e-12      28044         11  0.000e+00
     35.575   71.40914 -157.48952     35.945    -1.4713    -1.4694    -1.4720    32.5469    32.5573  1026.3524    26.1789    306.592    290.003  368.80411     83.131     0.3199     1.5714     1.0819 1.0000e-12      28045         11  0.000e+00
     35.568   71.40914 -157.48952     35.937    -1.4719    -1.4692    -1.4726    32.5476    32.5571  1026.3529    26.1794    306.546    289.985  368.80785     83.118     0.3199     1.5714     1.0819 1.0000e-12      28046         11  0.000e+00
     35.521   71.40914 -157.48952     35.891    -1.4717    -1.4692    -1.4723    32.5472    32.5571  1026.3524    26.1792    306.491    289.936  368.80659     83.104     0.3162     1.5494     1.0819 1.0000e-12      28047         11  0.000e+00
     35.575   71.40914 -157.48952     35.945    -1.4718    -1.4694    -1.4725    32.5469    32.5571  1026.3524    26.1789    306.493    289.925  368.80859     83.104     0.3101     1.5128     1.0819 1.0000e-12      28048         11  0.000e+00
     35.568   71.40914 -157.48952     35.937    -1.4720    -1.4695    -1.4726    32.5473    32.5573  1026.3527    26.1793    306.492    289.912  368.80912     83.103     0.3077     1.4982     1.0819 1.0000e-12      28049         11  0.000e+00
     35.637   71.40914 -157.48952     36.008    -1.4719    -1.4695    -1.4726    32.5470    32.5574  1026.3528    26.1790    306.493    289.903  368.80948     83.103     0.3089     1.5055     1.0819 1.0000e-12      28050         11  0.000e+00
     35.568   71.40914 -157.48952     35.938    -1.4718    -1.4697    -1.4725    32.5471    32.5574  1026.3526    26.1791    306.486    289.890  368.80795     83.102     0.3101     1.5128     1.0819 1.0000e-12      28051         11  0.000e+00
     35.637   71.40914 -157.48952     36.008    -1.4720    -1.4697    -1.4726    32.5475    32.5569  1026.3532    26.1794    306.488    289.885  368.80849     83.102     0.3089     1.5055     1.0805 1.0000e-12      28052         11  0.000e+00
     35.575   71.40914 -157.48952     35.945    -1.4719    -1.4697    -1.4726    32.5473    32.5569  1026.3527    26.1792    306.225    289.874  368.80862     83.031     0.3089     1.5055     1.0791 1.0000e-12      28053         11  0.000e+00
     35.622   71.40914 -157.48952     35.992    -1.4718    -1.4698    -1.4725    32.5470    32.5568  1026.3527    26.1790    306.436    289.871  368.80843     83.088     0.3089     1.5055     1.0791 1.0000e-12      28054         11  0.000e+00
     35.637   71.40914 -157.48952     36.008    -1.4719    -1.4701    -1.4726    32.5474    32.5571  1026.3531    26.1793    305.920    289.869  368.80835     82.948     0.3089     1.5055     1.0791 1.0000e-12      28055         11  0.000e+00
     35.637   71.40914 -157.48952     36.008    -1.4714    -1.4700    -1.4721    32.5471    32.5571  1026.3528    26.1790    306.338    289.863  368.80474     83.062     0.3089     1.5055     1.0791 1.0000e-12      28056         11  0.000e+00
     35.622   71.40914 -157.48952     35.992    -1.4715    -1.4701    -1.4722    32.5473    32.5572  1026.3530    26.1792    306.083    289.861  368.80460     82.993     0.3089     1.5055     1.0791 1.0000e-12      28057         11  0.000e+00
     35.637   71.40914 -157.48952     36.008    -1.4713    -1.4703    -1.4720    32.5474    32.5574  1026.3531    26.1793    306.297    289.861  368.80271     83.052     0.3089     1.5055     1.0791 1.0000e-12      28058         11  0.000e+00
     35.637   71.40914 -157.48952     36.008    -1.4717    -1.4703    -1.4723    32.5474    32.5570  1026.3532    26.1793    306.307    289.862  368.80592     83.054     0.3089     1.5055     1.0791 1.0000e-12      28059         11  0.000e+00
     35.676   71.40914 -157.48952     36.047    -1.4716    -1.4705    -1.4723    32.5474    32.5573  1026.3533    26.1793    306.314    289.866  368.80548     83.056     0.3101     1.5128     1.0805 1.0000e-12      28060         11  0.000e+00
     35.637   71.40914 -157.48952     36.008    -1.4713    -1.4705    -1.4720    32.5468    32.5574  1026.3526    26.1788    306.369    289.867  368.80434     83.071     0.3089     1.5055     1.0791 1.0000e-12      28061         11  0.000e+00
     35.622   71.40914 -157.48952     35.992    -1.4714    -1.4706    -1.4721    32.5474    32.5572  1026.3530    26.1793    306.376    290.101  368.80384     83.073     0.3101     1.5128     1.0791 1.0000e-12      28062         11  0.000e+00
     35.691   71.40914 -157.48952     36.063    -1.4716    -1.4705    -1.4723    32.5473    32.5570  1026.3533    26.1793    306.389    289.910  368.80563     83.076     0.3089     1.5055     1.0791 1.0000e-12      28063         11  0.000e+00
     35.637   71.40914 -157.48952     36.008    -1.4715    -1.4706    -1.4722    32.5471    32.5571  1026.3529    26.1790    305.620    289.914  368.80526     82.867     0.3089     1.5055     1.0791 1.0000e-12      28064         11  0.000e+00
     35.622   71.40914 -157.48952     35.992    -1.4718    -1.4706    -1.4725    32.5471    32.5572  1026.3528    26.1791    306.004    289.920  368.80793     82.971     0.3077     1.4982     1.0805 1.0000e-12      28065         11  0.000e+00
     35.691   71.40914 -157.48952     36.063    -1.4715    -1.4705    -1.4722    32.5466    32.5573  1026.3527    26.1787    305.973    289.929  368.80661     82.963     0.3089     1.5055     1.0791 1.0000e-12      28066         11  0.000e+00
     35.637   71.40914 -157.48952     36.008    -1.4718    -1.4705    -1.4725    32.5468    32.5574  1026.3526    26.1788    305.942    289.707  368.80896     82.954     0.3077     1.4982     1.0791 1.0000e-12      28067         11  0.000e+00
     35.676   71.40914 -157.48952     36.047    -1.4718    -1.4707    -1.4725    32.5471    32.5574  1026.3530    26.1790    306.173    289.692  368.80815     83.017     0.3089     1.5055     1.0791 1.0000e-12      28068         11  0.000e+00
     35.637   71.40914 -157.48952     36.008    -1.4717    -1.4707    -1.4723    32.5470    32.5577  1026.3528    26.1790    306.191    289.672  368.80730     83.022     0.3101     1.5128     1.0791 1.0000e-12      28069         11  0.000e+00
     35.637   71.40914 -157.48952     36.008    -1.4718    -1.4706    -1.4725    32.5471    32.5570  1026.3529    26.1791    306.161    289.886  368.80808     83.014     0.3089     1.5055     1.0805 1.0000e-12      28070         11  0.000e+00
     35.676   71.40914 -157.48952     36.047    -1.4718    -1.4707    -1.4725    32.5472    32.5573  1026.3531    26.1791    305.922    289.645  368.80790     82.949     0.3101     1.5128     1.0805 1.0000e-12      28071         11  0.000e+00
