EcoFOCI/data/1_SampleCollection/2023_SikuliaqDBO_CruiseData/CTD_raw_BottleFile_SKQ23-12S/proc/skq202312s_009.ros
* Sea-Bird SBE 9 Data File:
* FileName = D:\CTD\SKQ202312S\SKQ202312S_009.hex
* Software Version Seasave V 7.26.7.121
* Temperature SN = 6177
* Conductivity SN = 0369
* Number of Bytes Per Scan = 41
* Number of Voltage Words = 4
* Number of Scans Averaged by the Deck Unit = 1
* NMEA Latitude = 63 01.70 N
* NMEA Longitude = 173 27.64 W
* NMEA UTC (Time) = Sep 16 2023  10:53:46
* NMEA baud rate = 4800
** Ship: R/V Sikuliaq
** Station Number: 009
** Station Name: DBO1.8
** Bottom Depth: 71
** Operator: SD
# nquan = 22
# nvalues = 1029                                  
# units = specified
# name 0 = depSM: Depth [salt water, m]
# name 1 = latitude: Latitude [deg]
# name 2 = longitude: Longitude [deg]
# name 3 = prDM: Pressure, Digiquartz [db]
# name 4 = t090C: Temperature [ITS-90, deg C]
# name 5 = t190C: Temperature, 2 [ITS-90, deg C]
# name 6 = potemp090C: Potential Temperature [ITS-90, deg C]
# name 7 = sal00: Salinity, Practical [PSU]
# name 8 = sal11: Salinity, Practical, 2 [PSU]
# name 9 = density00: Density [density, kg/m^3]
# name 10 = sigma-é00: Density [sigma-theta, kg/m^3]
# name 11 = sbox0Mm/Kg: Oxygen, SBE 43 [umol/kg]
# name 12 = sbox1Mm/Kg: Oxygen, SBE 43, 2 [umol/kg]
# name 13 = oxsolMm/Kg: Oxygen Saturation, Garcia & Gordon [umol/kg]
# name 14 = sbeox0PS: Oxygen, SBE 43 [% saturation]
# name 15 = v0: Voltage 0
# name 16 = flECO-AFL: Fluorescence, WET Labs ECO-AFL/FL [mg/m^3]
# name 17 = CStarAt0: Beam Attenuation, WET Labs C-Star [1/m]
# name 18 = par: PAR/Irradiance, Biospherical/Licor
# name 19 = scan: Scan Count
# name 20 = nbf: Bottles Fired
# name 21 = flag:  0.000e+00
# interval = seconds: 0.0416667
# start_time = Sep 16 2023 10:56:36 [NMEA time, first data scan]
# bad_flag = -9.990e-29
*END*
[from data line 856]
      1.041   63.02840 -173.46060      1.051     7.3872     7.3896     7.3871    31.2670    31.3212  1024.4330    24.4281    291.855    278.044  298.95342     97.626     0.1722     0.6850     0.6168 6.2727e-01      31533         18  0.000e+00
      1.041   63.02840 -173.46060      1.051     7.3872     7.3895     7.3871    31.2669    31.3212  1024.4329    24.4281    291.496    278.045  298.95358     97.505     0.1722     0.6850     0.6180 4.2886e-01      31534         18  0.000e+00
      0.987   63.02840 -173.46060      0.996     7.3873     7.3893     7.3872    31.2672    31.3215  1024.4328    24.4283    291.486    278.044  298.95199     97.502     0.1722     0.6850     0.6168 3.7895e-01      31535         18  0.000e+00
      1.041   63.02840 -173.46060      1.051     7.3872     7.3893     7.3871    31.2668    31.3214  1024.4328    24.4280    291.673    277.877  298.95374     97.565     0.1722     0.6850     0.6168 4.1819e-01      31536         18  0.000e+00
      1.041   63.02840 -173.46060      1.051     7.3872     7.3893     7.3871    31.2664    31.3213  1024.4325    24.4277    291.935    277.863  298.95463     97.652     0.1734     0.6923     0.6144 5.6501e-01      31537         18  0.000e+00
      1.041   63.02840 -173.46060      1.051     7.3873     7.3892     7.3872    31.2668    31.3214  1024.4328    24.4280    291.602    277.852  298.95269     97.541     0.1722     0.6850     0.6131 6.2727e-01      31538         18  0.000e+00
      1.041   63.02840 -173.46060      1.051     7.3873     7.3893     7.3872    31.2664    31.3215  1024.4325    24.4277    291.574    277.993  298.95358     97.531     0.1734     0.6923     0.6131 6.2517e-01      31539         18  0.000e+00
      0.987   63.02840 -173.46060      0.997     7.3870     7.3890     7.3869    31.2679    31.3217  1024.4335    24.4289    291.730    277.999  298.95239     97.584     0.1722     0.6850     0.6131 5.9647e-01      31540         18  0.000e+00
      1.041   63.02840 -173.46060      1.051     7.3873     7.3893     7.3872    31.2694    31.3215  1024.4348    24.4300    291.910    277.834  298.94719     97.646     0.1734     0.6923     0.6144 5.8451e-01      31541         18  0.000e+00
      1.103   63.02840 -173.46060      1.113     7.3872     7.3893     7.3871    31.2699    31.3216  1024.4355    24.4304    291.553    277.998  298.94700     97.527     0.1722     0.6850     0.6131 5.8451e-01      31542         18  0.000e+00
      1.002   63.02840 -173.46060      1.012     7.3872     7.3893     7.3871    31.2714    31.3217  1024.4362    24.4316    291.513    278.003  298.94383     97.514     0.1734     0.6923     0.6144 5.7860e-01      31543         18  0.000e+00
      1.103   63.02840 -173.46060      1.113     7.3870     7.3892     7.3869    31.2748    31.3217  1024.4394    24.4343    291.667    278.016  298.93728     97.568     0.1722     0.6850     0.6131 5.7469e-01      31544         18  0.000e+00
      1.041   63.02840 -173.46060      1.051     7.3872     7.3892     7.3871    31.2793    31.3218  1024.4426    24.4378    291.834    278.023  298.92646     97.627     0.1734     0.6923     0.6131 5.7469e-01      31545         18  0.000e+00
      1.041   63.02840 -173.46060      1.051     7.3870     7.3893     7.3869    31.2846    31.3212  1024.4468    24.4420    291.514    278.034  298.91593     97.524     0.1722     0.6850     0.6131 6.8836e-01      31546         18  0.000e+00
      1.103   63.02840 -173.46060      1.113     7.3872     7.3893     7.3871    31.2740    31.3211  1024.4388    24.4337    291.530    277.876  298.93802     97.522     0.1709     0.6776     0.6131 7.8440e-01      31547         18  0.000e+00
      1.103   63.02840 -173.46060      1.114     7.3870     7.3893     7.3869    31.2586    31.3217  1024.4267    24.4215    291.909    277.871  298.97282     97.637     0.1697     0.6703     0.6131 7.9719e-01      31548         18  0.000e+00
      1.041   63.02840 -173.46060      1.051     7.3872     7.3891     7.3871    31.2435    31.3216  1024.4145    24.4097    291.765    278.038  299.00473     97.579     0.1697     0.6703     0.6131 6.3570e-01      31549         18  0.000e+00
      1.103   63.02840 -173.46060      1.114     7.3870     7.3893     7.3869    31.2382    31.3213  1024.4106    24.4055    291.580    278.054  299.01750     97.513     0.1697     0.6703     0.6131 5.1682e-01      31550         18  0.000e+00
      1.103   63.02840 -173.46058      1.114     7.3872     7.3893     7.3871    31.2308    31.3213  1024.4048    24.3997    291.774    278.069  299.03255     97.573     0.1709     0.6776     0.6131 4.9574e-01      31551         18  0.000e+00
      1.103   63.02840 -173.46058      1.114     7.3873     7.3893     7.3872    31.2287    31.3217  1024.4032    24.3980    291.982    278.084  299.03611     97.641     0.1697     0.6703     0.6144 5.9647e-01      31552         18  0.000e+00
      1.157   63.02840 -173.46058      1.168     7.3873     7.3893     7.3872    31.2290    31.3214  1024.4036    24.3982    291.862    278.103  299.03560     97.601     0.1709     0.6776     0.6131 7.5200e-01      31553         18  0.000e+00
      1.103   63.02840 -173.46058      1.114     7.3875     7.3895     7.3874    31.2318    31.3211  1024.4055    24.4004    291.680    278.118  299.02843     97.542     0.1709     0.6776     0.6131 7.9719e-01      31554         18  0.000e+00
      1.103   63.02840 -173.46058      1.114     7.3875     7.3893     7.3874    31.2379    31.3213  1024.4103    24.4052    292.009    278.119  299.01507     97.657     0.1697     0.6703     0.6144 7.4711e-01      31555         18  0.000e+00
      1.157   63.02840 -173.46058      1.168     7.3875     7.3893     7.3874    31.2463    31.3217  1024.4172    24.4118    291.818    278.121  298.99660     97.599     0.1709     0.6776     0.6144 6.6598e-01      31556         18  0.000e+00
      1.157   63.02840 -173.46058      1.168     7.3875     7.3895     7.3874    31.2479    31.3212  1024.4185    24.4131    291.613    278.122  298.99304     97.532     0.1709     0.6776     0.6119 6.4423e-01      31557         18  0.000e+00
      1.103   63.02840 -173.46058      1.114     7.3875     7.3895     7.3874    31.2484    31.3211  1024.4186    24.4135    292.165    278.121  298.99209     97.717     0.1709     0.6776     0.6119 5.8847e-01      31558         18  0.000e+00
      1.106   63.02840 -173.46058      1.117     7.3875     7.3887     7.3874    31.3137    31.3215  1024.4699    24.4648    291.886    278.311  298.84920     97.670     0.1807     0.7362     0.6144 4.8377e-01      31694         19  0.000e+00
      1.044   63.02840 -173.46060      1.054     7.3873     7.3888     7.3872    31.3139    31.3214  1024.4698    24.4650    291.848    278.149  298.84971     97.657     0.1795     0.7289     0.6131 4.6215e-01      31695         19  0.000e+00
      1.044   63.02840 -173.46060      1.054     7.3875     7.3888     7.3874    31.3135    31.3216  1024.4695    24.4647    291.835    278.144  298.84955     97.653     0.1807     0.7362     0.6131 4.8039e-01      31696         19  0.000e+00
      1.044   63.02840 -173.46060      1.054     7.3873     7.3886     7.3872    31.3138    31.3218  1024.4698    24.4649    292.172    278.311  298.84987     97.766     0.1795     0.7289     0.6144 5.3311e-01      31697         19  0.000e+00
      1.044   63.02840 -173.46060      1.054     7.3873     7.3887     7.3872    31.3138    31.3218  1024.4698    24.4649    292.043    278.339  298.84987     97.722     0.1807     0.7362     0.6131 5.5358e-01      31698         19  0.000e+00
      0.990   63.02840 -173.46060      1.000     7.3875     7.3888     7.3874    31.3137    31.3215  1024.4694    24.4648    291.858    278.193  298.84909     97.661     0.1795     0.7289     0.6119 5.2945e-01      31699         19  0.000e+00
      1.044   63.02840 -173.46060      1.054     7.3873     7.3888     7.3872    31.3139    31.3219  1024.4698    24.4650    291.625    278.378  298.84971     97.583     0.1746     0.6996     0.6119 4.1970e-01      31700         19  0.000e+00
      0.990   63.02840 -173.46060      1.000     7.3873     7.3892     7.3872    31.3137    31.3213  1024.4694    24.4648    291.792    278.216  298.85022     97.638     0.1697     0.6703     0.6119 3.7755e-01      31701         19  0.000e+00
      1.044   63.02840 -173.46060      1.054     7.3875     7.3893     7.3874    31.3137    31.3215  1024.4696    24.4648    292.123    278.382  298.84914     97.749     0.1697     0.6703     0.6119 3.8316e-01      31702         19  0.000e+00
      0.990   63.02840 -173.46060      1.000     7.3875     7.3892     7.3874    31.3135    31.3215  1024.4693    24.4647    291.931    278.409  298.84949     97.685     0.1697     0.6703     0.6119 4.7871e-01      31703         19  0.000e+00
      0.990   63.02840 -173.46060      1.000     7.3877     7.3892     7.3876    31.3135    31.3219  1024.4692    24.4647    291.765    278.266  298.84812     97.630     0.1709     0.6776     0.6119 5.3494e-01      31704         19  0.000e+00
      0.929   63.02840 -173.46060      0.938     7.3875     7.3895     7.3874    31.3136    31.3219  1024.4690    24.4647    291.924    278.445  298.84943     97.683     0.1697     0.6703     0.6119 5.4048e-01      31705         19  0.000e+00
      0.990   63.02840 -173.46060      1.000     7.3873     7.3893     7.3872    31.3134    31.3217  1024.4692    24.4646    292.085    278.460  298.85087     97.736     0.1697     0.6703     0.6119 6.9978e-01      31706         19  0.000e+00
      0.929   63.02840 -173.46060      0.938     7.3875     7.3896     7.3874    31.3139    31.3214  1024.4692    24.4649    291.745    278.467  298.84878     97.623     0.1697     0.6703     0.6119 8.3395e-01      31707         19  0.000e+00
      0.929   63.02840 -173.46060      0.938     7.3875     7.3895     7.3874    31.3136    31.3215  1024.4691    24.4648    291.737    278.478  298.84927     97.620     0.1709     0.6776     0.6119 8.5562e-01      31708         19  0.000e+00
      0.990   63.02840 -173.46060      1.000     7.3873     7.3895     7.3872    31.3137    31.3217  1024.4694    24.4648    291.921    278.319  298.85022     97.681     0.1697     0.6703     0.6119 7.3984e-01      31709         19  0.000e+00
      0.952   63.02840 -173.46060      0.961     7.3873     7.3896     7.3872    31.3141    31.3217  1024.4695    24.4651    292.096    278.310  298.84937     97.740     0.1697     0.6703     0.6119 6.4853e-01      31710         19  0.000e+00
      0.929   63.02840 -173.46060      0.938     7.3875     7.3900     7.3874    31.3136    31.3214  1024.4690    24.4647    291.703    278.471  298.84935     97.609     0.1709     0.6776     0.6119 6.3358e-01      31711         19  0.000e+00
      0.929   63.02840 -173.46060      0.938     7.3875     7.3896     7.3874    31.3136    31.3219  1024.4690    24.4647    291.689    278.481  298.84943     97.604     0.1697     0.6703     0.6119 6.0455e-01      31712         19  0.000e+00
      0.875   63.02840 -173.46060      0.883     7.3876     7.3898     7.3875    31.3138    31.3216  1024.4689    24.4649    291.670    278.504  298.84784     97.598     0.1709     0.6776     0.6119 5.6887e-01      31713         19  0.000e+00
      0.929   63.02840 -173.46060      0.938     7.3875     7.3900     7.3874    31.3135    31.3216  1024.4689    24.4646    291.848    278.530  298.84959     97.657     0.1697     0.6703     0.6107 5.5927e-01      31714         19  0.000e+00
      0.875   63.02840 -173.46060      0.883     7.3877     7.3900     7.3876    31.3137    31.3213  1024.4688    24.4648    292.231    278.367  298.84776     97.786     0.1709     0.6776     0.6119 5.5547e-01      31715         19  0.000e+00
      0.929   63.02840 -173.46060      0.938     7.3875     7.3901     7.3874    31.3138    31.3214  1024.4692    24.4649    291.914    278.530  298.84887     97.679     0.1697     0.6703     0.6119 5.4606e-01      31716         19  0.000e+00
      0.875   63.02840 -173.46060      0.883     7.3877     7.3905     7.3876    31.3137    31.3215  1024.4688    24.4648    291.727    278.533  298.84785     97.617     0.1709     0.6776     0.6119 5.4420e-01      31717         19  0.000e+00
      0.929   63.02840 -173.46060      0.938     7.3875     7.3906     7.3874    31.3136    31.3219  1024.4690    24.4647    291.711    278.369  298.84943     97.611     0.1697     0.6703     0.6131 5.3863e-01      31718         19  0.000e+00
      0.875   63.02840 -173.46060      0.883     7.3875     7.3908     7.3874    31.3140    31.3214  1024.4691    24.4650    291.876    278.340  298.84857     97.667     0.1709     0.6776     0.6156 5.2221e-01      31719         19  0.000e+00
      0.875   63.02840 -173.46060      0.883     7.3875     7.3909     7.3874    31.3137    31.3214  1024.4688    24.4648    291.640    278.500  298.84922     97.588     0.1697     0.6703     0.6168 5.1682e-01      31720         19  0.000e+00
      0.929   63.02840 -173.46060      0.938     7.3877     7.3908     7.3876    31.3137    31.3214  1024.4691    24.4648    291.591    278.337  298.84766     97.572     0.1709     0.6776     0.6168 5.3311e-01      31721         19  0.000e+00
      0.875   63.02840 -173.46060      0.884     7.3876     7.3906     7.3875    31.3135    31.3213  1024.4687    24.4646    291.942    278.326  298.84849     97.689     0.1697     0.6703     0.6168 6.1068e-01      31722         19  0.000e+00
      0.875   63.02840 -173.46060      0.884     7.3877     7.3906     7.3876    31.3133    31.3212  1024.4685    24.4645    291.967    278.315  298.84857     97.697     0.1697     0.6703     0.6168 6.4853e-01      31723         19  0.000e+00
      0.929   63.02840 -173.46060      0.938     7.3877     7.3903     7.3876    31.3136    31.3212  1024.4690    24.4647    291.613    278.291  298.84806     97.579     0.1697     0.6703     0.6168 6.4423e-01      31724         19  0.000e+00
      0.813   63.02840 -173.46060      0.821     7.3875     7.3901     7.3874    31.3140    31.3213  1024.4688    24.4651    291.581    278.105  298.84843     97.568     0.1709     0.6776     0.6168 5.9647e-01      31725         19  0.000e+00
      0.929   63.02840 -173.46060      0.938     7.3877     7.3898     7.3876    31.3133    31.3217  1024.4688    24.4645    291.557    278.083  298.84863     97.560     0.1722     0.6850     0.6168 5.7274e-01      31726         19  0.000e+00
      0.837   63.02840 -173.46060      0.845     7.3877     7.3898     7.3876    31.3137    31.3217  1024.4687    24.4648    291.577    278.053  298.84773     97.567     0.1734     0.6923     0.6168 5.6887e-01      31727         19  0.000e+00
      0.929   63.02840 -173.46060      0.938     7.3876     7.3895     7.3875    31.3135    31.3219  1024.4689    24.4646    291.581    278.203  298.84863     97.568     0.1734     0.6923     0.6168 5.2221e-01      31728         19  0.000e+00
      0.875   63.02840 -173.46060      0.884     7.3877     7.3895     7.3876    31.3134    31.3219  1024.4686    24.4645    291.553    278.021  298.84841     97.559     0.1722     0.6850     0.6168 4.9402e-01      31729         19  0.000e+00
      0.875   63.02840 -173.46060      0.884     7.3877     7.3895     7.3876    31.3133    31.3216  1024.4685    24.4645    291.528    277.996  298.84857     97.550     0.1734     0.6923     0.6168 4.9058e-01      31730         19  0.000e+00
      0.875   63.02840 -173.46060      0.884     7.3876     7.3893     7.3875    31.3132    31.3217  1024.4685    24.4644    291.503    277.972  298.84914     97.542     0.1722     0.6850     0.6168 5.4048e-01      31731         19  0.000e+00
      0.875   63.02840 -173.46060      0.884     7.3877     7.3891     7.3876    31.3137    31.3216  1024.4688    24.4648    291.854    277.950  298.84776     97.660     0.1734     0.6923     0.6168 5.8253e-01      31732         19  0.000e+00
