EcoFOCI/data/1_SampleCollection/2023_SikuliaqDBO_CruiseData/CTD_raw_BottleFile_SKQ23-12S/proc/skq202312s_025svp.cnv
* Sea-Bird SBE 9 Data File:
* FileName = D:\CTD\SKQ202312S\SKQ202312S_025.hex
* Software Version Seasave V 7.26.7.121
* Temperature SN = 6177
* Conductivity SN = 0369
* Number of Bytes Per Scan = 41
* Number of Voltage Words = 4
* Number of Scans Averaged by the Deck Unit = 1
* NMEA Latitude = 71 14.81 N
* NMEA Longitude = 157 09.84 W
* NMEA UTC (Time) = Sep 20 2023  21:07:47
* NMEA baud rate = 4800
** Ship: R/V Sikuliaq
** Station Number: 025
** Station Name: DBO5.1
** Bottom Depth: 46
** Operator: SD
# nquan = 7
# nvalues = 4850                                  
# units = specified
# name 0 = depSM: Depth [salt water, m]
# name 1 = latitude: Latitude [deg]
# name 2 = longitude: Longitude [deg]
# name 3 = t090C: Temperature [ITS-90, deg C]
# name 4 = sal00: Salinity, Practical [PSU]
# name 5 = svCM: Sound Velocity [Chen-Millero, m/s]
# name 6 = flag:  0.000e+00
# span 0 =      1.605,     41.238                 
# span 1 =   71.24684,   71.24686                 
# span 2 = -157.16436, -157.16418                 
# span 3 =     2.4755,     4.5770                 
# span 4 =    30.1353,    31.6743                 
# span 5 =    1456.48,    1463.44                 
# span 6 = 0.0000e+00, 0.0000e+00                 
# interval = seconds: 0.0416667
# start_time = Sep 20 2023 21:11:24 [NMEA time, first data scan]
# bad_flag = -9.990e-29
*END*
[from data line 1642]
     11.791   71.24686 -157.16420     3.7814    30.7779    1460.46  0.000e+00
     11.729   71.24686 -157.16420     3.7730    30.7830    1460.43  0.000e+00
     11.814   71.24686 -157.16420     3.7673    30.7860    1460.41  0.000e+00
     11.791   71.24686 -157.16420     3.7614    30.7870    1460.39  0.000e+00
     11.791   71.24686 -157.16420     3.7548    30.7896    1460.36  0.000e+00
     11.845   71.24686 -157.16420     3.7506    30.7920    1460.35  0.000e+00
     11.753   71.24686 -157.16420     3.7464    30.7933    1460.33  0.000e+00
     11.845   71.24686 -157.16420     3.7431    30.7944    1460.32  0.000e+00
     11.899   71.24686 -157.16420     3.7418    30.7967    1460.32  0.000e+00
     11.845   71.24686 -157.16420     3.7418    30.7979    1460.32  0.000e+00
     11.899   71.24686 -157.16420     3.7414    30.7974    1460.32  0.000e+00
     11.868   71.24686 -157.16420     3.7409    30.7972    1460.32  0.000e+00
     11.899   71.24686 -157.16420     3.7414    30.7974    1460.32  0.000e+00
     11.961   71.24686 -157.16420     3.7407    30.7977    1460.32  0.000e+00
     11.961   71.24686 -157.16420     3.7387    30.7985    1460.31  0.000e+00
     11.930   71.24686 -157.16420     3.7369    30.8000    1460.30  0.000e+00
     11.961   71.24686 -157.16420     3.7368    30.8003    1460.30  0.000e+00
     12.015   71.24686 -157.16420     3.7363    30.8009    1460.30  0.000e+00
     11.961   71.24686 -157.16420     3.7366    30.8032    1460.31  0.000e+00
     12.046   71.24686 -157.16420     3.7366    30.8062    1460.31  0.000e+00
     12.015   71.24686 -157.16420     3.7368    30.8072    1460.31  0.000e+00
     12.015   71.24686 -157.16420     3.7366    30.8077    1460.31  0.000e+00
     12.130   71.24686 -157.16420     3.7371    30.8079    1460.32  0.000e+00
     12.076   71.24686 -157.16420     3.7372    30.8084    1460.32  0.000e+00
     12.045   71.24686 -157.16420     3.7371    30.8089    1460.32  0.000e+00
     12.130   71.24686 -157.16420     3.7368    30.8096    1460.32  0.000e+00
     12.130   71.24686 -157.16420     3.7368    30.8102    1460.32  0.000e+00
     12.130   71.24686 -157.16420     3.7369    30.8110    1460.32  0.000e+00
     12.153   71.24686 -157.16420     3.7368    30.8123    1460.32  0.000e+00
     12.184   71.24686 -157.16420     3.7366    30.8129    1460.32  0.000e+00
     12.184   71.24686 -157.16420     3.7360    30.8135    1460.32  0.000e+00
     12.184   71.24686 -157.16420     3.7351    30.8139    1460.32  0.000e+00
     12.215   71.24686 -157.16420     3.7340    30.8150    1460.32  0.000e+00
     12.246   71.24686 -157.16420     3.7331    30.8161    1460.31  0.000e+00
     12.246   71.24686 -157.16420     3.7325    30.8173    1460.31  0.000e+00
     12.246   71.24686 -157.16420     3.7320    30.8176    1460.31  0.000e+00
     12.300   71.24686 -157.16420     3.7317    30.8178    1460.31  0.000e+00
     12.269   71.24686 -157.16420     3.7313    30.8184    1460.31  0.000e+00
     12.300   71.24686 -157.16420     3.7306    30.8185    1460.31  0.000e+00
     12.300   71.24686 -157.16420     3.7290    30.8193    1460.30  0.000e+00
     12.362   71.24686 -157.16420     3.7278    30.8198    1460.30  0.000e+00
     12.331   71.24686 -157.16420     3.7275    30.8199    1460.30  0.000e+00
     12.362   71.24686 -157.16420     3.7256    30.8203    1460.29  0.000e+00
     12.362   71.24686 -157.16420     3.7232    30.8218    1460.28  0.000e+00
     12.416   71.24686 -157.16420     3.7226    30.8217    1460.28  0.000e+00
     12.385   71.24686 -157.16420     3.7210    30.8227    1460.27  0.000e+00
     12.416   71.24686 -157.16420     3.7201    30.8231    1460.27  0.000e+00
     12.416   71.24686 -157.16420     3.7196    30.8230    1460.27  0.000e+00
     12.477   71.24686 -157.16420     3.7182    30.8237    1460.26  0.000e+00
     12.439   71.24686 -157.16420     3.7174    30.8244    1460.26  0.000e+00
     12.477   71.24686 -157.16420     3.7168    30.8244    1460.26  0.000e+00
     12.477   71.24686 -157.16420     3.7163    30.8243    1460.26  0.000e+00
     12.477   71.24686 -157.16420     3.7155    30.8254    1460.26  0.000e+00
     12.500   71.24686 -157.16420     3.7153    30.8256    1460.26  0.000e+00
     12.531   71.24686 -157.16420     3.7143    30.8265    1460.25  0.000e+00
     12.531   71.24686 -157.16420     3.7132    30.8269    1460.25  0.000e+00
     12.531   71.24686 -157.16420     3.7127    30.8274    1460.25  0.000e+00
     12.554   71.24686 -157.16420     3.7128    30.8274    1460.25  0.000e+00
     12.585   71.24686 -157.16420     3.7125    30.8273    1460.25  0.000e+00
     12.531   71.24686 -157.16420     3.7119    30.8277    1460.24  0.000e+00
     12.585   71.24686 -157.16420     3.7110    30.8282    1460.24  0.000e+00
     12.585   71.24686 -157.16420     3.7106    30.8284    1460.24  0.000e+00
     12.616   71.24686 -157.16420     3.7108    30.8280    1460.24  0.000e+00
     12.647   71.24686 -157.16420     3.7101    30.8281    1460.24  0.000e+00
     12.585   71.24686 -157.16420     3.7096    30.8280    1460.24  0.000e+00
     12.647   71.24686 -157.16420     3.7089    30.8284    1460.23  0.000e+00
     12.670   71.24686 -157.16420     3.7084    30.8287    1460.23  0.000e+00
     12.647   71.24686 -157.16420     3.7083    30.8292    1460.23  0.000e+00
     12.647   71.24686 -157.16420     3.7078    30.8294    1460.23  0.000e+00
     12.701   71.24686 -157.16420     3.7072    30.8293    1460.23  0.000e+00
     12.670   71.24686 -157.16420     3.7064    30.8296    1460.23  0.000e+00
     12.701   71.24686 -157.16420     3.7057    30.8302    1460.22  0.000e+00
     12.647   71.24686 -157.16420     3.7054    30.8299    1460.22  0.000e+00
     12.701   71.24686 -157.16420     3.7047    30.8310    1460.22  0.000e+00
     12.732   71.24686 -157.16420     3.7045    30.8309    1460.22  0.000e+00
     12.701   71.24686 -157.16420     3.7042    30.8306    1460.22  0.000e+00
     12.762   71.24686 -157.16420     3.7040    30.8309    1460.22  0.000e+00
     12.701   71.24686 -157.16420     3.7037    30.8308    1460.22  0.000e+00
     12.732   71.24686 -157.16420     3.7037    30.8303    1460.22  0.000e+00
     12.762   71.24686 -157.16420     3.7034    30.8305    1460.22  0.000e+00
     12.762   71.24686 -157.16420     3.7033    30.8306    1460.21  0.000e+00
     12.762   71.24686 -157.16420     3.7031    30.8305    1460.21  0.000e+00
     12.786   71.24686 -157.16420     3.7031    30.8307    1460.21  0.000e+00
     12.762   71.24686 -157.16420     3.7029    30.8307    1460.21  0.000e+00
     12.762   71.24686 -157.16420     3.7028    30.8310    1460.21  0.000e+00
     12.762   71.24686 -157.16420     3.7029    30.8302    1460.21  0.000e+00
     12.785   71.24686 -157.16420     3.7026    30.8305    1460.21  0.000e+00
     12.816   71.24686 -157.16420     3.7025    30.8308    1460.21  0.000e+00
     12.762   71.24686 -157.16420     3.7020    30.8307    1460.21  0.000e+00
     12.816   71.24686 -157.16420     3.7018    30.8308    1460.21  0.000e+00
     12.785   71.24686 -157.16420     3.7018    30.8306    1460.21  0.000e+00
     12.816   71.24686 -157.16420     3.7017    30.8307    1460.21  0.000e+00
     12.816   71.24686 -157.16420     3.7015    30.8307    1460.21  0.000e+00
     12.816   71.24686 -157.16420     3.7014    30.8309    1460.21  0.000e+00
     12.785   71.24686 -157.16420     3.7015    30.8306    1460.21  0.000e+00
     12.816   71.24686 -157.16420     3.7015    30.8311    1460.21  0.000e+00
     12.816   71.24686 -157.16420     3.7015    30.8307    1460.21  0.000e+00
     12.816   71.24686 -157.16420     3.7015    30.8307    1460.21  0.000e+00
     12.839   71.24686 -157.16420     3.7017    30.8308    1460.21  0.000e+00
     12.762   71.24686 -157.16420     3.7015    30.8307    1460.21  0.000e+00
     12.878   71.24686 -157.16420     3.7012    30.8310    1460.21  0.000e+00
     12.816   71.24686 -157.16420     3.7015    30.8305    1460.21  0.000e+00
     12.785   71.24686 -157.16420     3.7014    30.8305    1460.21  0.000e+00
     12.816   71.24686 -157.16420     3.7014    30.8302    1460.21  0.000e+00
     12.878   71.24686 -157.16420     3.7010    30.8301    1460.21  0.000e+00
     12.816   71.24686 -157.16420     3.7007    30.8305    1460.20  0.000e+00
     12.839   71.24686 -157.16420     3.7009    30.8307    1460.21  0.000e+00
     12.878   71.24686 -157.16420     3.7007    30.8306    1460.21  0.000e+00
     12.878   71.24686 -157.16420     3.7007    30.8307    1460.21  0.000e+00
     12.878   71.24686 -157.16420     3.7006    30.8303    1460.20  0.000e+00
     12.839   71.24686 -157.16420     3.7006    30.8295    1460.20  0.000e+00
     12.816   71.24686 -157.16420     3.6996    30.8295    1460.20  0.000e+00
     12.878   71.24686 -157.16420     3.6990    30.8291    1460.20  0.000e+00
     12.816   71.24686 -157.16420     3.6982    30.8292    1460.19  0.000e+00
     12.901   71.24686 -157.16420     3.6977    30.8292    1460.19  0.000e+00
     12.878   71.24686 -157.16420     3.6970    30.8299    1460.19  0.000e+00
     12.878   71.24686 -157.16420     3.6973    30.8302    1460.19  0.000e+00
     12.878   71.24686 -157.16420     3.6982    30.8309    1460.20  0.000e+00
     12.839   71.24686 -157.16420     3.6993    30.8300    1460.20  0.000e+00
     12.932   71.24686 -157.16420     3.6998    30.8296    1460.20  0.000e+00
     12.932   71.24686 -157.16420     3.6996    30.8295    1460.20  0.000e+00
     12.878   71.24686 -157.16420     3.6998    30.8288    1460.20  0.000e+00
     12.955   71.24686 -157.16420     3.6998    30.8286    1460.20  0.000e+00
     12.932   71.24686 -157.16420     3.6991    30.8291    1460.20  0.000e+00
     12.932   71.24686 -157.16420     3.6990    30.8293    1460.20  0.000e+00
     12.932   71.24686 -157.16420     3.6985    30.8304    1460.20  0.000e+00
     12.901   71.24686 -157.16420     3.6990    30.8303    1460.20  0.000e+00
     12.932   71.24686 -157.16420     3.6996    30.8302    1460.20  0.000e+00
     12.932   71.24686 -157.16420     3.7002    30.8300    1460.20  0.000e+00
     12.932   71.24686 -157.16420     3.7004    30.8300    1460.20  0.000e+00
     12.955   71.24686 -157.16420     3.7002    30.8295    1460.20  0.000e+00
     12.986   71.24686 -157.16420     3.6996    30.8290    1460.20  0.000e+00
     12.986   71.24686 -157.16420     3.6988    30.8292    1460.20  0.000e+00
     12.986   71.24686 -157.16420     3.6985    30.8297    1460.20  0.000e+00
     13.017   71.24686 -157.16420     3.6988    30.8295    1460.20  0.000e+00
     12.986   71.24686 -157.16420     3.6990    30.8294    1460.20  0.000e+00
     13.047   71.24686 -157.16420     3.6991    30.8284    1460.20  0.000e+00
     12.986   71.24686 -157.16420     3.6983    30.8285    1460.19  0.000e+00
     13.017   71.24686 -157.16420     3.6964    30.8285    1460.19  0.000e+00
     13.047   71.24686 -157.16420     3.6946    30.8283    1460.18  0.000e+00
     12.986   71.24686 -157.16420     3.6924    30.8287    1460.17  0.000e+00
     13.047   71.24686 -157.16420     3.6903    30.8297    1460.16  0.000e+00
     13.017   71.24686 -157.16420     3.6886    30.8306    1460.16  0.000e+00
     13.047   71.24686 -157.16420     3.6878    30.8312    1460.15  0.000e+00
     13.047   71.24686 -157.16420     3.6870    30.8319    1460.15  0.000e+00
     13.101   71.24686 -157.16420     3.6876    30.8321    1460.16  0.000e+00
     13.070   71.24686 -157.16420     3.6875    30.8310    1460.15  0.000e+00
     13.163   71.24686 -157.16420     3.6862    30.8302    1460.15  0.000e+00
     13.101   71.24686 -157.16420     3.6853    30.8301    1460.14  0.000e+00
     13.163   71.24686 -157.16420     3.6828    30.8305    1460.13  0.000e+00
     13.132   71.24686 -157.16420     3.6792    30.8330    1460.12  0.000e+00
     13.163   71.24686 -157.16420     3.6769    30.8345    1460.11  0.000e+00
     13.217   71.24686 -157.16420     3.6760    30.8353    1460.11  0.000e+00
     13.163   71.24686 -157.16420     3.6746    30.8366    1460.11  0.000e+00
     13.186   71.24686 -157.16420     3.6735    30.8366    1460.10  0.000e+00
     13.217   71.24686 -157.16420     3.6714    30.8372    1460.10  0.000e+00
     13.217   71.24686 -157.16420     3.6704    30.8374    1460.09  0.000e+00
     13.217   71.24686 -157.16420     3.6695    30.8369    1460.09  0.000e+00
     13.240   71.24686 -157.16420     3.6669    30.8371    1460.08  0.000e+00
     13.279   71.24686 -157.16420     3.6632    30.8392    1460.06  0.000e+00
     13.279   71.24686 -157.16420     3.6600    30.8409    1460.05  0.000e+00
     13.279   71.24686 -157.16420     3.6562    30.8427    1460.04  0.000e+00
     13.356   71.24686 -157.16420     3.6524    30.8458    1460.03  0.000e+00
     13.279   71.24686 -157.16420     3.6502    30.8472    1460.02  0.000e+00
     13.387   71.24686 -157.16420     3.6480    30.8481    1460.01  0.000e+00
     13.333   71.24686 -157.16420     3.6460    30.8489    1460.00  0.000e+00
     13.356   71.24686 -157.16420     3.6434    30.8505    1460.00  0.000e+00
     13.448   71.24686 -157.16420     3.6413    30.8520    1459.99  0.000e+00
     13.387   71.24686 -157.16420     3.6399    30.8523    1459.98  0.000e+00
     13.387   71.24686 -157.16420     3.6375    30.8534    1459.98  0.000e+00
     13.533   71.24686 -157.16420     3.6350    30.8544    1459.97  0.000e+00
     13.448   71.24686 -157.16420     3.6323    30.8554    1459.96  0.000e+00
     13.502   71.24686 -157.16420     3.6283    30.8570    1459.94  0.000e+00
     13.533   71.24686 -157.16420     3.6252    30.8587    1459.93  0.000e+00
     13.502   71.24686 -157.16420     3.6223    30.8605    1459.92  0.000e+00
     13.564   71.24686 -157.16420     3.6186    30.8617    1459.91  0.000e+00
     13.618   71.24686 -157.16420     3.6152    30.8627    1459.90  0.000e+00
     13.587   71.24686 -157.16420     3.6122    30.8646    1459.89  0.000e+00
     13.618   71.24686 -157.16420     3.6100    30.8664    1459.88  0.000e+00
     13.679   71.24686 -157.16420     3.6087    30.8673    1459.88  0.000e+00
     13.679   71.24686 -157.16420     3.6073    30.8673    1459.87  0.000e+00
     13.703   71.24686 -157.16420     3.6066    30.8679    1459.87  0.000e+00
     13.733   71.24686 -157.16420     3.6060    30.8680    1459.87  0.000e+00
     13.733   71.24686 -157.16420     3.6045    30.8676    1459.86  0.000e+00
     13.787   71.24686 -157.16420     3.6028    30.8677    1459.85  0.000e+00
     13.757   71.24686 -157.16420     3.6020    30.8688    1459.85  0.000e+00
     13.849   71.24686 -157.16420     3.6013    30.8695    1459.85  0.000e+00
     13.849   71.24686 -157.16420     3.6012    30.8688    1459.85  0.000e+00
     13.818   71.24686 -157.16420     3.5997    30.8690    1459.84  0.000e+00
     13.903   71.24686 -157.16420     3.5986    30.8695    1459.84  0.000e+00
     13.903   71.24686 -157.16420     3.5977    30.8701    1459.84  0.000e+00
     13.965   71.24686 -157.16420     3.5973    30.8707    1459.84  0.000e+00
     13.926   71.24686 -157.16420     3.5976    30.8703    1459.84  0.000e+00
     14.019   71.24686 -157.16420     3.5973    30.8703    1459.84  0.000e+00
     14.019   71.24686 -157.16420     3.5969    30.8706    1459.84  0.000e+00
     14.019   71.24686 -157.16420     3.5964    30.8705    1459.83  0.000e+00
     14.042   71.24686 -157.16420     3.5957    30.8706    1459.83  0.000e+00
     14.134   71.24686 -157.16420     3.5952    30.8709    1459.83  0.000e+00
     14.080   71.24686 -157.16420     3.5950    30.8711    1459.83  0.000e+00
     14.219   71.24686 -157.16420     3.5947    30.8713    1459.83  0.000e+00
     14.134   71.24686 -157.16420     3.5942    30.8720    1459.83  0.000e+00
     14.188   71.24686 -157.16420     3.5943    30.8719    1459.83  0.000e+00
     14.188   71.24686 -157.16420     3.5937    30.8723    1459.83  0.000e+00
     14.273   71.24686 -157.16420     3.5938    30.8721    1459.83  0.000e+00
