EcoFOCI/data/1_SampleCollection/2023_SikuliaqDBO_CruiseData/CTD_raw_BottleFile_SKQ23-12S/proc/skq202312s_068svpavg.cnv
* Sea-Bird SBE 9 Data File:
* FileName = D:\CTD\SKQ202312S\SKQ202312S_068.hex
* Software Version Seasave V 7.26.7.121
* Temperature SN = 6177
* Conductivity SN = 0369
* Number of Bytes Per Scan = 41
* Number of Voltage Words = 4
* Number of Scans Averaged by the Deck Unit = 1
* NMEA Latitude = 67 40.62 N
* NMEA Longitude = 168 56.94 W
* NMEA UTC (Time) = Sep 29 2023  21:42:04
* NMEA baud rate = 4800
** Ship: R/V Sikuliaq
** Station Number: 068
** Station Name: DBO3.8
** Bottom Depth: 50
** Operator: SD
# nquan = 7
# nvalues = 44                          
# units = specified
# name 0 = depSM: Depth [salt water, m]
# name 1 = latitude: Latitude [deg]
# name 2 = longitude: Longitude [deg]
# name 3 = t090C: Temperature [ITS-90, deg C]
# name 4 = sal00: Salinity, Practical [PSU]
# name 5 = svCM: Sound Velocity [Chen-Millero, m/s]
# name 6 = flag: flag
# span 0 =      2.000,     45.000       
# span 1 =   67.67708,   67.67710       
# span 2 = -168.94940, -168.94924       
# span 3 =     2.3479,     4.1136       
# span 4 =    26.1392,    32.4288       
# span 5 =    1451.19,    1460.01       
# span 6 = 0.0000e+00, 0.0000e+00       
# interval = meters: 1                  
# start_time = Sep 29 2023 21:45:22 [NMEA time, first data scan]
# bad_flag = -9.990e-29
*END*
      2.000   67.67708 -168.94924     3.0695    26.1585    1451.28 0.0000e+00
      3.000   67.67708 -168.94926     3.0568    26.1529    1451.23 0.0000e+00
      4.000   67.67708 -168.94926     3.0443    26.1495    1451.19 0.0000e+00
      5.000   67.67708 -168.94926     3.0830    26.1392    1451.36 0.0000e+00
      6.000   67.67708 -168.94926     3.0557    26.2250    1451.37 0.0000e+00
      7.000   67.67708 -168.94927     3.1410    26.3142    1451.87 0.0000e+00
      8.000   67.67708 -168.94928     3.4187    26.3880    1453.19 0.0000e+00
      9.000   67.67708 -168.94928     3.5967    26.6486    1454.31 0.0000e+00
     10.000   67.67708 -168.94928     3.6623    26.7691    1454.77 0.0000e+00
     11.000   67.67708 -168.94928     3.6018    26.8912    1454.68 0.0000e+00
     12.000   67.67708 -168.94928     3.2973    27.1081    1453.66 0.0000e+00
     13.000   67.67708 -168.94928     3.0238    27.4133    1452.88 0.0000e+00
     14.000   67.67708 -168.94928     3.1915    27.5437    1453.80 0.0000e+00
     15.000   67.67708 -168.94928     3.4384    27.5911    1454.94 0.0000e+00
     16.000   67.67708 -168.94930     3.5571    27.6263    1455.52 0.0000e+00
     17.000   67.67708 -168.94930     3.6041    27.6410    1455.75 0.0000e+00
     18.000   67.67708 -168.94930     3.5705    27.6498    1455.64 0.0000e+00
     19.000   67.67708 -168.94930     3.2691    27.7355    1454.46 0.0000e+00
     20.000   67.67708 -168.94930     2.8171    27.9284    1452.76 0.0000e+00
     21.000   67.67708 -168.94930     3.8757    28.2022    1457.70 0.0000e+00
     22.000   67.67708 -168.94930     4.1136    28.2534    1458.79 0.0000e+00
     23.000   67.67708 -168.94930     3.8554    28.5380    1458.08 0.0000e+00
     24.000   67.67708 -168.94932     2.9688    28.8000    1454.62 0.0000e+00
     25.000   67.67708 -168.94932     3.0584    29.0338    1455.33 0.0000e+00
     26.000   67.67708 -168.94932     2.6964    29.3354    1454.16 0.0000e+00
     27.000   67.67708 -168.94932     2.5489    29.5410    1453.80 0.0000e+00
     28.000   67.67708 -168.94932     2.3602    29.7885    1453.31 0.0000e+00
     29.000   67.67708 -168.94932     2.3479    30.0423    1453.60 0.0000e+00
     30.000   67.67708 -168.94932     2.4306    30.0940    1454.05 0.0000e+00
     31.000   67.67708 -168.94932     2.4452    30.1651    1454.22 0.0000e+00
     32.000   67.67708 -168.94932     2.4687    30.3136    1454.54 0.0000e+00
     33.000   67.67708 -168.94932     2.8229    31.1766    1457.21 0.0000e+00
     34.000   67.67708 -168.94932     3.1798    32.1278    1460.01 0.0000e+00
     35.000   67.67708 -168.94934     3.0724    32.2313    1459.70 0.0000e+00
     36.000   67.67709 -168.94934     3.0674    32.2403    1459.71 0.0000e+00
     37.000   67.67708 -168.94934     3.0430    32.2616    1459.65 0.0000e+00
     38.000   67.67710 -168.94934     2.9755    32.2769    1459.39 0.0000e+00
     39.000   67.67710 -168.94934     2.9955    32.3051    1459.53 0.0000e+00
     40.000   67.67710 -168.94937     3.0009    32.3127    1459.58 0.0000e+00
     41.000   67.67710 -168.94938     2.9816    32.3262    1459.53 0.0000e+00
     42.000   67.67710 -168.94938     2.9550    32.3539    1459.47 0.0000e+00
     43.000   67.67710 -168.94940     2.9268    32.3846    1459.40 0.0000e+00
     44.000   67.67710 -168.94940     2.9183    32.4104    1459.42 0.0000e+00
     45.000   67.67710 -168.94940     2.9150    32.4288    1459.44 0.0000e+00
