EcoFOCI/data/1_SampleCollection/2023_SikuliaqDBO_CruiseData/CTD_raw_BottleFile_SKQ23-12S/proc/skq202312s_055.cnv
* Sea-Bird SBE 9 Data File:
* FileName = D:\CTD\SKQ202312S\SKQ202312S_055.hex
* Software Version Seasave V 7.26.7.121
* Temperature SN = 6177
* Conductivity SN = 0369
* Number of Bytes Per Scan = 41
* Number of Voltage Words = 4
* Number of Scans Averaged by the Deck Unit = 1
* NMEA Latitude = 71 05.09 N
* NMEA Longitude = 163 48.16 W
* NMEA UTC (Time) = Sep 27 2023  03:55:23
* NMEA baud rate = 4800
** Ship: R/V Sikuliaq
** Station Number: 055
** Station Name: IC7
** Bottom Depth: 43
** Operator: SD
# nquan = 24
# nvalues = 4207                                  
# units = specified
# name 0 = depSM: Depth [salt water, m]
# name 1 = latitude: Latitude [deg]
# name 2 = longitude: Longitude [deg]
# name 3 = prDM: Pressure, Digiquartz [db]
# name 4 = t090C: Temperature [ITS-90, deg C]
# name 5 = t190C: Temperature, 2 [ITS-90, deg C]
# name 6 = potemp090C: Potential Temperature [ITS-90, deg C]
# name 7 = sal00: Salinity, Practical [PSU]
# name 8 = sal11: Salinity, Practical, 2 [PSU]
# name 9 = density00: Density [density, kg/m^3]
# name 10 = sigma-é00: Density [sigma-theta, kg/m^3]
# name 11 = sbox0Mm/Kg: Oxygen, SBE 43 [umol/kg]
# name 12 = sbox1Mm/Kg: Oxygen, SBE 43, 2 [umol/kg]
# name 13 = oxsolMm/Kg: Oxygen Saturation, Garcia & Gordon [umol/kg]
# name 14 = sbeox0PS: Oxygen, SBE 43 [% saturation]
# name 15 = sbeox1PS: Oxygen, SBE 43, 2 [% saturation]
# name 16 = v0: Voltage 0
# name 17 = flECO-AFL: Fluorescence, WET Labs ECO-AFL/FL [mg/m^3]
# name 18 = v1: Voltage 1
# name 19 = CStarAt0: Beam Attenuation, WET Labs C-Star [1/m]
# name 20 = par: PAR/Irradiance, Biospherical/Licor
# name 21 = scan: Scan Count
# name 22 = timeM: Time, Elapsed [minutes]
# name 23 = flag:  0.000e+00
# span 0 =      2.116,     37.949                 
# span 1 =   71.08482,   71.08482                 
# span 2 = -163.80274, -163.80274                 
# span 3 =      2.138,     38.343                 
# span 4 =     0.6637,     4.2032                 
# span 5 =     0.6640,     4.2048                 
# span 6 =     0.6624,     4.2030                 
# span 7 =    30.6508,    32.2705                 
# span 8 =    30.6566,    32.2256                 
# span 9 =  1024.3214,  1026.0122                 
# span 10 =    24.3090,    25.8535                
# span 11 =    298.310,    321.139                
# span 12 =    282.173,    301.907                
# span 13 =  321.81449,  349.55777                
# span 14 =     85.791,     98.896                
# span 15 =     81.053,     93.704                
# span 16 =     0.0855,     0.1624                
# span 17 =     0.1648,     0.6264                
# span 18 =     0.3602,     4.1978                
# span 19 =     0.4625,    10.2974                
# span 20 = 1.7911e-02, 1.7763e+01                
# span 21 =          1,       4207                
# span 22 =     0.0000,     2.9208                
# span 23 = 0.0000e+00, 0.0000e+00                
# interval = seconds: 0.0416667
# start_time = Sep 27 2023 03:58:52 [NMEA time, first data scan]
# bad_flag = -9.990e-29
*END*
[from data line 3925]
     36.757   71.08482 -163.80274     37.139     0.6752     0.6741     0.6739    32.1885    32.2003  1025.9803    25.8034    300.378    286.007  349.46415     85.954     81.847     0.0940     0.2161     2.7619     2.1377 5.9205e-02       3926     2.7257  0.000e+00
     36.811   71.08482 -163.80274     37.193     0.6747     0.6744     0.6733    32.1885    32.2007  1025.9807    25.8035    300.351    286.012  349.46903     85.945     81.849     0.0940     0.2161     2.7619     2.1377 5.9706e-02       3927     2.7264  0.000e+00
     36.803   71.08482 -163.80274     37.186     0.6745     0.6748     0.6731    32.1884    32.2006  1025.9805    25.8034    300.797    286.013  349.47084     86.072     81.850     0.0940     0.2161     2.7619     2.1377 7.0019e-02       3928     2.7271  0.000e+00
     36.757   71.08482 -163.80274     37.139     0.6742     0.6750     0.6728    32.1889    32.2001  1025.9808    25.8038    300.567    286.014  349.47239     86.006     81.850     0.0952     0.2234     2.7619     2.1377 7.7591e-02       3929     2.7278  0.000e+00
     36.811   71.08482 -163.80274     37.193     0.6736     0.6751     0.6722    32.1890    32.1997  1025.9811    25.8039    300.347    286.018  349.47785     85.942     81.852     0.0916     0.2015     2.7619     2.1377 7.8698e-02       3930     2.7285  0.000e+00
     36.803   71.08482 -163.80274     37.186     0.6726     0.6752     0.6713    32.1899    32.2008  1025.9819    25.8047    300.520    286.016  349.48371     85.990     81.852     0.0891     0.1868     2.7619     2.1377 7.0550e-02       3931     2.7292  0.000e+00
     36.811   71.08482 -163.80274     37.193     0.6728     0.6750     0.6715    32.1895    32.2008  1025.9816    25.8044    300.489    286.018  349.48279     85.981     81.852     0.0879     0.1795     2.7631     2.1359 6.3762e-02       3932     2.7299  0.000e+00
     36.811   71.08482 -163.80274     37.193     0.6725     0.6751     0.6711    32.1899    32.2000  1025.9819    25.8047    300.505    286.018  349.48498     85.985     81.852     0.0879     0.1795     2.7619     2.1377 6.2230e-02       3933     2.7306  0.000e+00
     36.803   71.08482 -163.80274     37.186     0.6725     0.6750     0.6711    32.1899    32.2000  1025.9819    25.8047    300.521    286.228  349.48531     85.990     81.912     0.0867     0.1721     2.7619     2.1377 6.2739e-02       3934     2.7313  0.000e+00
     36.811   71.08482 -163.80274     37.193     0.6728     0.6751     0.6715    32.1895    32.2004  1025.9816    25.8044    300.493    286.065  349.48290     85.982     81.866     0.0879     0.1795     2.7619     2.1377 6.2230e-02       3935     2.7319  0.000e+00
     36.811   71.08482 -163.80274     37.193     0.6729     0.6749     0.6715    32.1897    32.2008  1025.9817    25.8045    300.466    286.302  349.48200     85.975     81.933     0.0879     0.1795     2.7619     2.1377 6.2230e-02       3936     2.7326  0.000e+00
     36.803   71.08482 -163.80274     37.186     0.6730     0.6746     0.6716    32.1891    32.2001  1025.9812    25.8040    300.440    286.356  349.48310     85.967     81.947     0.0879     0.1795     2.7619     2.1377 6.7386e-02       3937     2.7333  0.000e+00
     36.811   71.08482 -163.80274     37.193     0.6728     0.6743     0.6715    32.1893    32.2008  1025.9814    25.8042    300.415    286.377  349.48335     85.960     81.953     0.0879     0.1795     2.7631     2.1359 7.5944e-02       3938     2.7340  0.000e+00
     36.811   71.08482 -163.80274     37.193     0.6734     0.6742     0.6720    32.1887    32.2012  1025.9809    25.8037    300.385    286.395  349.48012     85.952     81.959     0.0879     0.1795     2.7619     2.1377 7.8698e-02       3939     2.7347  0.000e+00
     36.803   71.08482 -163.80274     37.186     0.6733     0.6742     0.6719    32.1888    32.2009  1025.9809    25.8038    300.359    286.411  349.48091     85.944     81.963     0.0879     0.1795     2.7631     2.1359 7.3228e-02       3940     2.7354  0.000e+00
     36.811   71.08482 -163.80274     37.193     0.6734     0.6744     0.6720    32.1886    32.2006  1025.9808    25.8037    300.376    286.424  349.48023     85.949     81.967     0.0879     0.1795     2.7656     2.1324 6.0711e-02       3941     2.7361  0.000e+00
     36.811   71.08482 -163.80274     37.193     0.6731     0.6748     0.6718    32.1881    32.2000  1025.9804    25.8032    300.399    286.462  349.48431     85.955     81.978     0.0879     0.1795     2.7668     2.1306 5.6231e-02       3942     2.7368  0.000e+00
     36.857   71.08482 -163.80274     37.240     0.6723     0.6749     0.6709    32.1891    32.2010  1025.9815    25.8041    300.515    286.471  349.48912     85.987     81.982     0.0879     0.1795     2.7668     2.1306 5.6231e-02       3943     2.7375  0.000e+00
     36.811   71.08482 -163.80274     37.193     0.6717     0.6750     0.6704    32.1896    32.2011  1025.9817    25.8045    300.305    286.688  349.49273     85.926     82.044     0.0879     0.1795     2.7668     2.1306 5.7712e-02       3944     2.7382  0.000e+00
     36.811   71.08482 -163.80274     37.193     0.6711     0.6751     0.6698    32.1902    32.2001  1025.9822    25.8050    300.491    286.509  349.49665     85.978     81.992     0.0891     0.1868     2.7668     2.1306 5.7712e-02       3945     2.7389  0.000e+00
     36.803   71.08482 -163.80274     37.185     0.6711     0.6750     0.6697    32.1898    32.1995  1025.9819    25.8047    300.522    286.513  349.49821     85.987     81.993     0.0879     0.1795     2.7668     2.1306 5.7217e-02       3946     2.7396  0.000e+00
     36.873   71.08482 -163.80274     37.256     0.6711     0.6748     0.6698    32.1896    32.2006  1025.9820    25.8045    300.556    286.515  349.49831     85.996     81.994     0.0891     0.1868     2.7668     2.1306 5.3306e-02       3947     2.7403  0.000e+00
     36.811   71.08482 -163.80274     37.193     0.6712     0.6747     0.6698    32.1895    32.2004  1025.9817    25.8045    300.586    286.511  349.49787     86.005     81.992     0.0879     0.1795     2.7668     2.1306 5.0907e-02       3948     2.7410  0.000e+00
     36.857   71.08482 -163.80274     37.240     0.6717     0.6744     0.6704    32.1891    32.2004  1025.9816    25.8042    300.575    286.511  349.49392     86.003     81.992     0.0879     0.1795     2.7668     2.1306 5.1384e-02       3949     2.7417  0.000e+00
     36.811   71.08482 -163.80274     37.193     0.6717     0.6745     0.6704    32.1895    32.2003  1025.9816    25.8044    300.326    286.502  349.49307     85.932     81.989     0.0879     0.1795     2.7668     2.1306 6.0711e-02       3950     2.7424  0.000e+00
     36.811   71.08482 -163.80274     37.193     0.6717     0.6746     0.6703    32.1900    32.2012  1025.9820    25.8049    300.276    286.490  349.49207     85.918     81.987     0.0879     0.1795     2.7668     2.1306 6.6343e-02       3951     2.7431  0.000e+00
     36.857   71.08482 -163.80274     37.240     0.6721     0.6745     0.6707    32.1895    32.2011  1025.9818    25.8044    300.272    286.482  349.48994     85.917     81.984     0.0867     0.1721     2.7668     2.1306 6.7386e-02       3952     2.7437  0.000e+00
     36.873   71.08482 -163.80274     37.256     0.6720     0.6746     0.6706    32.1896    32.2005  1025.9820    25.8045    300.706    286.470  349.49077     86.041     81.980     0.0879     0.1795     2.7668     2.1306 6.9490e-02       3953     2.7444  0.000e+00
     36.811   71.08482 -163.80274     37.193     0.6717     0.6746     0.6704    32.1897    32.2007  1025.9818    25.8046    300.268    286.451  349.49239     85.915     81.975     0.0891     0.1868     2.7668     2.1306 7.1617e-02       3954     2.7451  0.000e+00
     36.857   71.08482 -163.80274     37.240     0.6716     0.6748     0.6702    32.1897    32.2013  1025.9820    25.8046    300.271    286.431  349.49384     85.916     81.970     0.0879     0.1795     2.7668     2.1306 7.1617e-02       3955     2.7458  0.000e+00
     36.811   71.08482 -163.80274     37.193     0.6713     0.6747     0.6700    32.1897    32.2009  1025.9818    25.8046    300.469    286.411  349.49594     85.972     81.964     0.0904     0.1941     2.7668     2.1306 6.8435e-02       3956     2.7465  0.000e+00
     36.811   71.08482 -163.80274     37.193     0.6708     0.6748     0.6694    32.1904    32.2001  1025.9824    25.8052    300.280    286.389  349.49894     85.917     81.957     0.0904     0.1941     2.7668     2.1306 6.5306e-02       3957     2.7472  0.000e+00
     36.857   71.08482 -163.80274     37.240     0.6706     0.6746     0.6692    32.1903    32.2004  1025.9825    25.8051    300.291    286.396  349.50141     85.920     81.959     0.0916     0.2015     2.7668     2.1306 6.4275e-02       3958     2.7479  0.000e+00
     36.873   71.08482 -163.80274     37.256     0.6711     0.6746     0.6698    32.1893    32.2009  1025.9818    25.8043    300.537    286.397  349.49898     85.991     81.960     0.0916     0.2015     2.7668     2.1306 6.2230e-02       3959     2.7486  0.000e+00
     36.873   71.08482 -163.80274     37.256     0.6711     0.6740     0.6697    32.1895    32.2006  1025.9820    25.8045    300.115    286.616  349.49888     85.870     82.021     0.0916     0.2015     2.7668     2.1306 5.8208e-02       3960     2.7493  0.000e+00
     36.803   71.08482 -163.80274     37.185     0.6715     0.6738     0.6701    32.1895    32.2003  1025.9816    25.8044    300.323    286.430  349.49557     85.930     81.967     0.0928     0.2088     2.7717     2.1236 5.7217e-02       3961     2.7500  0.000e+00
     36.811   71.08482 -163.80274     37.193     0.6716     0.6736     0.6702    32.1898    32.2010  1025.9819    25.8047    300.104    286.428  349.49354     85.868     81.967     0.0916     0.2015     2.7741     2.1200 5.9706e-02       3962     2.7507  0.000e+00
     36.873   71.08482 -163.80274     37.255     0.6720     0.6740     0.6706    32.1896    32.2010  1025.9820    25.8045    300.521    286.396  349.49077     85.988     81.958     0.0916     0.2015     2.7741     2.1200 6.4790e-02       3963     2.7514  0.000e+00
     36.857   71.08482 -163.80274     37.240     0.6719     0.6735     0.6705    32.1896    32.2011  1025.9819    25.8045    300.307    286.365  349.49109     85.927     81.948     0.0904     0.1941     2.7741     2.1200 6.6864e-02       3964     2.7521  0.000e+00
     36.873   71.08482 -163.80274     37.255     0.6718     0.6736     0.6705    32.1899    32.2005  1025.9822    25.8047    300.292    286.330  349.49090     85.923     81.938     0.0928     0.2088     2.7741     2.1200 6.5306e-02       3965     2.7528  0.000e+00
     36.811   71.08482 -163.80274     37.193     0.6716     0.6735     0.6702    32.1907    32.2006  1025.9826    25.8054    300.319    286.290  349.49130     85.930     81.926     0.0916     0.2015     2.7741     2.1200 5.9706e-02       3966     2.7535  0.000e+00
     36.857   71.08482 -163.80274     37.240     0.6719     0.6734     0.6705    32.1905    32.2016  1025.9826    25.8052    300.265    286.277  349.48885     85.915     81.923     0.0916     0.2015     2.7729     2.1218 5.8208e-02       3967     2.7542  0.000e+00
     36.873   71.08482 -163.80274     37.255     0.6720     0.6735     0.6706    32.1904    32.2008  1025.9826    25.8051    300.254    286.266  349.48853     85.913     81.920     0.0928     0.2088     2.7741     2.1200 5.7712e-02       3968     2.7549  0.000e+00
     36.811   71.08482 -163.80274     37.193     0.6721     0.6734     0.6707    32.1905    32.2009  1025.9824    25.8052    300.242    286.461  349.48718     85.909     81.976     0.0916     0.2015     2.7741     2.1200 5.8208e-02       3969     2.7556  0.000e+00
     36.857   71.08482 -163.80274     37.240     0.6725     0.6738     0.6711    32.1899    32.2006  1025.9822    25.8047    300.278    286.470  349.48528     85.920     81.979     0.0928     0.2088     2.7741     2.1200 5.8208e-02       3970     2.7563  0.000e+00
     36.873   71.08482 -163.80274     37.255     0.6723     0.6740     0.6710    32.1904    32.2009  1025.9826    25.8051    300.275    286.477  349.48499     85.919     81.981     0.0916     0.2015     2.7741     2.1200 5.8208e-02       3971     2.7569  0.000e+00
     36.872   71.08482 -163.80274     37.255     0.6725     0.6739     0.6711    32.1902    32.2007  1025.9825    25.8050    300.273    286.484  349.48452     85.919     81.983     0.0928     0.2088     2.7729     2.1218 6.4790e-02       3972     2.7576  0.000e+00
     36.803   71.08482 -163.80274     37.185     0.6727     0.6740     0.6713    32.1897    32.2007  1025.9817    25.8046    300.313    286.272  349.48382     85.930     81.922     0.0916     0.2015     2.7729     2.1218 6.8962e-02       3973     2.7583  0.000e+00
     36.872   71.08482 -163.80274     37.255     0.6727     0.6743     0.6713    32.1899    32.2006  1025.9822    25.8047    300.232    286.486  349.48347     85.907     81.985     0.0916     0.2015     2.7741     2.1200 6.9490e-02       3974     2.7590  0.000e+00
     36.811   71.08482 -163.80274     37.193     0.6732     0.6746     0.6719    32.1891    32.2007  1025.9813    25.8041    300.184    286.483  349.48037     85.894     81.984     0.0904     0.1941     2.7729     2.1218 6.6864e-02       3975     2.7597  0.000e+00
     36.857   71.08482 -163.80274     37.240     0.6731     0.6746     0.6718    32.1889    32.2010  1025.9813    25.8039    300.145    286.271  349.48192     85.883     81.924     0.0916     0.2015     2.7741     2.1200 6.4790e-02       3976     2.7604  0.000e+00
     36.872   71.08482 -163.80274     37.255     0.6734     0.6748     0.6720    32.1890    32.2004  1025.9814    25.8040    299.951    286.454  349.47920     85.828     81.976     0.0928     0.2088     2.7741     2.1200 6.4275e-02       3977     2.7611  0.000e+00
     36.811   71.08482 -163.80274     37.193     0.6736     0.6746     0.6722    32.1890    32.2009  1025.9812    25.8040    300.150    286.448  349.47762     85.885     81.974     0.0916     0.2015     2.7741     2.1200 6.8435e-02       3978     2.7618  0.000e+00
     36.857   71.08482 -163.80274     37.240     0.6736     0.6745     0.6722    32.1890    32.2015  1025.9814    25.8039    300.117    286.230  349.47769     85.876     81.912     0.0916     0.2015     2.7741     2.1200 7.2152e-02       3979     2.7625  0.000e+00
     36.811   71.08482 -163.80274     37.193     0.6737     0.6746     0.6723    32.1891    32.2007  1025.9812    25.8040    300.122    286.194  349.47637     85.878     81.902     0.0916     0.2015     2.7741     2.1200 7.3228e-02       3980     2.7632  0.000e+00
     36.872   71.08482 -163.80274     37.255     0.6736     0.6747     0.6722    32.1890    32.2003  1025.9815    25.8040    300.137    286.160  349.47761     85.881     81.892     0.0928     0.2088     2.7668     2.1306 6.8435e-02       3981     2.7639  0.000e+00
     36.857   71.08482 -163.80274     37.240     0.6738     0.6748     0.6725    32.1889    32.2009  1025.9813    25.8039    300.384    286.332  349.47541     85.953     81.942     0.0952     0.2234     2.7631     2.1359 6.2739e-02       3982     2.7646  0.000e+00
     36.811   71.08482 -163.80274     37.193     0.6739     0.6750     0.6725    32.1890    32.2010  1025.9811    25.8039    300.198    286.344  349.47476     85.900     81.946     0.0977     0.2381     2.7619     2.1377 6.1722e-02       3983     2.7653  0.000e+00
     36.872   71.08482 -163.80274     37.255     0.6737     0.6751     0.6724    32.1895    32.2004  1025.9818    25.8044    300.214    286.333  349.47478     85.904     81.942     0.0977     0.2381     2.7619     2.1377 6.4790e-02       3984     2.7660  0.000e+00
