EcoFOCI/data/1_SampleCollection/2023_SikuliaqDBO_CruiseData/CTD_raw_BottleFile_SKQ23-12S/proc/skq202312s_027.ros
* Sea-Bird SBE 9 Data File:
* FileName = D:\CTD\SKQ202312S\SKQ202312S_027.hex
* Software Version Seasave V 7.26.7.121
* Temperature SN = 6177
* Conductivity SN = 0369
* Number of Bytes Per Scan = 41
* Number of Voltage Words = 4
* Number of Scans Averaged by the Deck Unit = 1
* NMEA Latitude = 71 19.80 N
* NMEA Longitude = 157 19.91 W
* NMEA UTC (Time) = Sep 21 2023  01:08:33
* NMEA baud rate = 4800
** Ship: R/V Sikuliaq
** Station Number: 027
** Station Name: DBO5.3
** Bottom Depth: 91
** Operator: SD
# nquan = 22
# nvalues = 1078                                  
# units = specified
# name 0 = depSM: Depth [salt water, m]
# name 1 = latitude: Latitude [deg]
# name 2 = longitude: Longitude [deg]
# name 3 = prDM: Pressure, Digiquartz [db]
# name 4 = t090C: Temperature [ITS-90, deg C]
# name 5 = t190C: Temperature, 2 [ITS-90, deg C]
# name 6 = potemp090C: Potential Temperature [ITS-90, deg C]
# name 7 = sal00: Salinity, Practical [PSU]
# name 8 = sal11: Salinity, Practical, 2 [PSU]
# name 9 = density00: Density [density, kg/m^3]
# name 10 = sigma-é00: Density [sigma-theta, kg/m^3]
# name 11 = sbox0Mm/Kg: Oxygen, SBE 43 [umol/kg]
# name 12 = sbox1Mm/Kg: Oxygen, SBE 43, 2 [umol/kg]
# name 13 = oxsolMm/Kg: Oxygen Saturation, Garcia & Gordon [umol/kg]
# name 14 = sbeox0PS: Oxygen, SBE 43 [% saturation]
# name 15 = v0: Voltage 0
# name 16 = flECO-AFL: Fluorescence, WET Labs ECO-AFL/FL [mg/m^3]
# name 17 = CStarAt0: Beam Attenuation, WET Labs C-Star [1/m]
# name 18 = par: PAR/Irradiance, Biospherical/Licor
# name 19 = scan: Scan Count
# name 20 = nbf: Bottles Fired
# name 21 = flag:  0.000e+00
# interval = seconds: 0.0416667
# start_time = Sep 21 2023 01:12:36 [NMEA time, first data scan]
# bad_flag = -9.990e-29
*END*
[from data line 988]
      2.184   71.32998 -157.33128      2.207     4.8489     4.8489     4.8488    30.1045    30.1261  1023.8223    23.8120    302.567    288.058  319.98186     94.558     0.1905     0.7949     0.7458 6.5790e+01      32791         21  0.000e+00
      2.215   71.32998 -157.33128      2.238     4.8482     4.8492     4.8480    30.1047    30.1257  1023.8227    23.8122    302.592    288.203  319.98689     94.564     0.1905     0.7949     0.7458 6.6348e+01      32792         21  0.000e+00
      2.161   71.32998 -157.33128      2.183     4.8485     4.8489     4.8484    30.1044    30.1262  1023.8221    23.8119    302.607    287.992  319.98538     94.569     0.1905     0.7949     0.7458 6.7289e+01      32793         21  0.000e+00
      2.107   71.32998 -157.33128      2.129     4.8480     4.8491     4.8479    30.1050    30.1259  1023.8224    23.8124    302.660    288.131  319.98745     94.585     0.1905     0.7949     0.7458 6.9406e+01      32794         21  0.000e+00
      2.161   71.32998 -157.33128      2.183     4.8483     4.8486     4.8482    30.1044    30.1261  1023.8221    23.8119    302.717    288.109  319.98689     94.603     0.1905     0.7949     0.7458 7.0192e+01      32795         21  0.000e+00
      2.107   71.32998 -157.33128      2.129     4.8480     4.8485     4.8479    30.1047    30.1261  1023.8221    23.8122    302.774    288.078  319.98817     94.620     0.1905     0.7949     0.7458 7.0589e+01      32796         21  0.000e+00
      2.107   71.32998 -157.33128      2.129     4.8479     4.8483     4.8477    30.1047    30.1256  1023.8222    23.8122    302.803    288.048  319.98930     94.629     0.1905     0.7949     0.7458 7.2401e+01      32797         21  0.000e+00
      2.046   71.32998 -157.33128      2.067     4.8479     4.8480     4.8477    30.1047    30.1263  1023.8219    23.8122    302.830    287.825  319.98932     94.638     0.1905     0.7949     0.7458 7.3015e+01      32798         21  0.000e+00
      2.046   71.32998 -157.33128      2.067     4.8477     4.8478     4.8475    30.1047    30.1261  1023.8219    23.8122    302.831    287.771  319.99100     94.637     0.1905     0.7949     0.7458 7.3221e+01      32799         21  0.000e+00
      2.046   71.32998 -157.33128      2.067     4.8477     4.8477     4.8476    30.1050    30.1260  1023.8221    23.8124    302.828    287.734  319.98991     94.637     0.1893     0.7875     0.7458 7.4889e+01      32800         21  0.000e+00
      2.046   71.32998 -157.33128      2.067     4.8476     4.8472     4.8474    30.1047    30.1262  1023.8219    23.8122    302.861    287.514  319.99185     94.647     0.1905     0.7949     0.7471 7.5524e+01      32801         21  0.000e+00
      2.046   71.32998 -157.33128      2.067     4.8476     4.8469     4.8474    30.1055    30.1256  1023.8225    23.8128    302.859    287.459  319.98996     94.647     0.1917     0.8022     0.7496 7.5524e+01      32802         21  0.000e+00
      1.992   71.32998 -157.33128      2.012     4.8478     4.8466     4.8477    30.1048    30.1259  1023.8217    23.8123    302.857    287.400  319.98954     94.646     0.1905     0.7949     0.7521 7.7028e+01      32803         21  0.000e+00
      2.007   71.32998 -157.33128      2.028     4.8476     4.8463     4.8474    30.1051    30.1261  1023.8221    23.8126    302.859    287.345  319.99073     94.646     0.1905     0.7949     0.7521 7.7681e+01      32804         21  0.000e+00
      1.992   71.32998 -157.33128      2.012     4.8476     4.8463     4.8474    30.1051    30.1260  1023.8219    23.8125    302.858    287.286  319.99089     94.646     0.1905     0.7949     0.7508 7.7681e+01      32805         21  0.000e+00
      2.046   71.32998 -157.33128      2.067     4.8476     4.8464     4.8474    30.1050    30.1259  1023.8221    23.8125    302.860    287.229  319.99113     94.647     0.1905     0.7949     0.7521 7.7900e+01      32806         21  0.000e+00
      1.992   71.32998 -157.33128      2.012     4.8477     4.8467     4.8476    30.1051    30.1263  1023.8219    23.8125    302.857    287.186  319.98967     94.646     0.1893     0.7875     0.7521 7.8120e+01      32807         21  0.000e+00
      1.992   71.32998 -157.33128      2.012     4.8478     4.8467     4.8477    30.1048    30.1263  1023.8217    23.8123    302.856    287.129  319.98945     94.646     0.1905     0.7949     0.7508 7.8120e+01      32808         21  0.000e+00
      2.046   71.32998 -157.33128      2.067     4.8477     4.8470     4.8476    30.1049    30.1262  1023.8220    23.8124    302.859    287.092  319.99018     94.646     0.1905     0.7949     0.7521 7.7245e+01      32809         21  0.000e+00
      2.046   71.32998 -157.33128      2.067     4.8477     4.8470     4.8476    30.1049    30.1262  1023.8220    23.8124    302.859    287.056  319.99018     94.646     0.1905     0.7949     0.7521 7.6595e+01      32810         21  0.000e+00
      1.992   71.32998 -157.33128      2.012     4.8479     4.8472     4.8477    30.1051    30.1261  1023.8219    23.8125    302.855    287.018  319.98836     94.646     0.1905     0.7949     0.7508 7.6165e+01      32811         21  0.000e+00
      2.046   71.32998 -157.33128      2.067     4.8481     4.8470     4.8480    30.1050    30.1260  1023.8221    23.8124    303.127    286.988  319.98663     94.731     0.1905     0.7949     0.7521 7.5312e+01      32812         21  0.000e+00
      2.046   71.32998 -157.33128      2.067     4.8484     4.8470     4.8482    30.1048    30.1259  1023.8219    23.8123    303.428    286.769  319.98548     94.826     0.1917     0.8022     0.7508 7.3842e+01      32813         21  0.000e+00
      2.046   71.32998 -157.33128      2.067     4.8480     4.8469     4.8479    30.1051    30.1260  1023.8222    23.8125    303.318    286.718  319.98720     94.791     0.1905     0.7949     0.7521 7.3634e+01      32814         21  0.000e+00
      2.108   71.32998 -157.33128      2.129     4.8480     4.8469     4.8479    30.1047    30.1258  1023.8221    23.8122    303.386    286.671  319.98826     94.812     0.1905     0.7949     0.7521 7.3221e+01      32815         21  0.000e+00
      2.108   71.32998 -157.33128      2.129     4.8475     4.8470     4.8474    30.1046    30.1258  1023.8221    23.8122    303.216    286.642  319.99247     94.757     0.1893     0.7875     0.7508 7.2401e+01      32816         21  0.000e+00
      2.046   71.32998 -157.33128      2.067     4.8471     4.8469     4.8470    30.1049    30.1262  1023.8221    23.8124    303.217    286.615  319.99496     94.757     0.1893     0.7875     0.7508 7.1994e+01      32817         21  0.000e+00
      2.185   71.32998 -157.33128      2.207     4.8469     4.8466     4.8468    30.1046    30.1261  1023.8225    23.8122    303.226    286.601  319.99688     94.759     0.1893     0.7875     0.7508 7.1792e+01      32818         21  0.000e+00
      2.162   71.32998 -157.33128      2.184     4.8469     4.8467     4.8468    30.1045    30.1261  1023.8223    23.8121    302.399    286.558  319.99712     94.501     0.1893     0.7875     0.7521 7.1188e+01      32819         21  0.000e+00
      2.162   71.32998 -157.33128      2.184     4.8467     4.8464     4.8466    30.1046    30.1262  1023.8225    23.8123    303.111    286.355  319.99827     94.723     0.1893     0.7875     0.7521 7.0987e+01      32820         21  0.000e+00
      2.216   71.32998 -157.33128      2.239     4.8463     4.8463     4.8461    30.1048    30.1260  1023.8229    23.8125    303.123    286.324  320.00145     94.726     0.1893     0.7875     0.7521 7.0788e+01      32821         21  0.000e+00
      2.216   71.32998 -157.33128      2.239     4.8461     4.8461     4.8460    30.1049    30.1261  1023.8230    23.8126    303.131    286.294  320.00240     94.728     0.1893     0.7875     0.7521 7.0987e+01      32822         21  0.000e+00
      2.216   71.32998 -157.33128      2.239     4.8460     4.8461     4.8458    30.1048    30.1261  1023.8230    23.8125    303.138    286.244  320.00380     94.730     0.1893     0.7875     0.7508 7.0987e+01      32823         21  0.000e+00
      2.331   71.32998 -157.33128      2.356     4.8458     4.8460     4.8456    30.1049    30.1261  1023.8236    23.8126    303.151    286.038  320.00488     94.733     0.1880     0.7802     0.7521 7.0987e+01      32824         21  0.000e+00
      2.278   71.32998 -157.33128      2.301     4.8459     4.8463     4.8458    30.1052    30.1257  1023.8236    23.8128    303.153    285.993  320.00334     94.734     0.1905     0.7949     0.7521 7.1188e+01      32825         21  0.000e+00
      2.332   71.32998 -157.33128      2.356     4.8464     4.8466     4.8463    30.1054    30.1255  1023.8239    23.8129    303.061    285.955  319.99883     94.707     0.1905     0.7949     0.7508 7.1388e+01      32826         21  0.000e+00
      2.393   71.32998 -157.33128      2.418     4.8469     4.8466     4.8468    30.1055    30.1258  1023.8242    23.8130    302.855    285.924  319.99460     94.644     0.1893     0.7875     0.7521 7.1388e+01      32827         21  0.000e+00
      2.393   71.32998 -157.33128      2.418     4.8477     4.8463     4.8476    30.1050    30.1259  1023.8237    23.8124    302.409    285.897  319.98994     94.506     0.1905     0.7949     0.7521 7.1188e+01      32828         21  0.000e+00
      2.447   71.32998 -157.33128      2.472     4.8480     4.8461     4.8478    30.1051    30.1261  1023.8240    23.8125    302.945    285.875  319.98768     94.674     0.1893     0.7875     0.7521 7.0987e+01      32829         21  0.000e+00
      2.447   71.32998 -157.33128      2.473     4.8480     4.8460     4.8479    30.1054    30.1260  1023.8243    23.8127    302.983    285.876  319.98658     94.686     0.1893     0.7875     0.7521 7.0788e+01      32830         21  0.000e+00
      2.447   71.32998 -157.33128      2.473     4.8484     4.8458     4.8482    30.1049    30.1260  1023.8239    23.8124    302.784    285.862  319.98522     94.624     0.1880     0.7802     0.7521 7.0390e+01      32831         21  0.000e+00
      2.111   71.32998 -157.33130      2.133     4.8458     4.8453     4.8457    30.1043    30.1259  1023.8221    23.8121    302.889    287.581  320.00633     94.651     0.1893     0.7875     0.7483 7.2401e+01      32956         22  0.000e+00
      2.165   71.32998 -157.33130      2.187     4.8458     4.8448     4.8456    30.1044    30.1261  1023.8224    23.8122    302.701    287.553  320.00650     94.592     0.1880     0.7802     0.7483 7.1994e+01      32957         22  0.000e+00
      2.111   71.32998 -157.33130      2.133     4.8458     4.8451     4.8457    30.1042    30.1259  1023.8220    23.8120    302.685    287.510  320.00651     94.587     0.1893     0.7875     0.7483 7.1994e+01      32958         22  0.000e+00
      2.111   71.32998 -157.33130      2.133     4.8456     4.8451     4.8455    30.1043    30.1254  1023.8221    23.8121    302.672    287.469  320.00746     94.583     0.1905     0.7949     0.7483 7.1994e+01      32959         22  0.000e+00
      2.111   71.32998 -157.33130      2.133     4.8456     4.8450     4.8455    30.1041    30.1257  1023.8219    23.8120    302.722    287.423  320.00800     94.598     0.1893     0.7875     0.7483 7.2401e+01      32960         22  0.000e+00
      2.072   71.32998 -157.33130      2.094     4.8453     4.8450     4.8451    30.1047    30.1261  1023.8223    23.8125    302.950    287.184  320.00924     94.669     0.1905     0.7949     0.7483 7.2605e+01      32961         22  0.000e+00
      2.049   71.32998 -157.33130      2.070     4.8453     4.8450     4.8452    30.1043    30.1260  1023.8218    23.8121    303.033    287.109  320.00992     94.695     0.1893     0.7875     0.7483 7.2605e+01      32962         22  0.000e+00
      2.049   71.32998 -157.33130      2.070     4.8453     4.8448     4.8452    30.1045    30.1261  1023.8220    23.8123    303.085    287.053  320.00947     94.711     0.1893     0.7875     0.7483 7.3221e+01      32963         22  0.000e+00
      2.049   71.32998 -157.33130      2.070     4.8450     4.8450     4.8449    30.1047    30.1257  1023.8222    23.8125    302.901    287.180  320.01137     94.653     0.1880     0.7802     0.7483 7.3427e+01      32964         22  0.000e+00
      2.049   71.32998 -157.33130      2.071     4.8449     4.8450     4.8447    30.1044    30.1258  1023.8219    23.8123    302.892    287.137  320.01331     94.650     0.1905     0.7949     0.7496 7.3634e+01      32965         22  0.000e+00
      2.049   71.32998 -157.33130      2.071     4.8447     4.8451     4.8445    30.1048    30.1258  1023.8223    23.8126    302.915    286.925  320.01382     94.657     0.1880     0.7802     0.7496 7.4050e+01      32966         22  0.000e+00
      2.049   71.32998 -157.33130      2.071     4.8447     4.8453     4.8446    30.1047    30.1256  1023.8222    23.8125    302.906    286.878  320.01372     94.654     0.1905     0.7949     0.7496 7.4468e+01      32967         22  0.000e+00
      1.995   71.32998 -157.33130      2.016     4.8446     4.8453     4.8444    30.1048    30.1261  1023.8221    23.8127    302.896    286.827  320.01460     94.651     0.1905     0.7949     0.7496 7.4468e+01      32968         22  0.000e+00
      2.049   71.32998 -157.33130      2.071     4.8446     4.8454     4.8444    30.1046    30.1262  1023.8221    23.8125    302.889    286.777  320.01520     94.648     0.1917     0.8022     0.7496 7.4889e+01      32969         22  0.000e+00
      2.050   71.32998 -157.33130      2.071     4.8444     4.8453     4.8442    30.1047    30.1263  1023.8223    23.8126    302.882    286.913  320.01644     94.646     0.1905     0.7949     0.7496 7.5312e+01      32970         22  0.000e+00
      2.050   71.32998 -157.33130      2.071     4.8447     4.8454     4.8446    30.1052    30.1259  1023.8226    23.8129    302.869    286.692  320.01255     94.643     0.1917     0.8022     0.7496 7.5312e+01      32971         22  0.000e+00
      2.050   71.32998 -157.33130      2.071     4.8450     4.8454     4.8449    30.1054    30.1260  1023.8227    23.8130    302.857    286.657  320.00975     94.640     0.1929     0.8095     0.7496 7.5524e+01      32972         22  0.000e+00
      2.050   71.32998 -157.33130      2.071     4.8456     4.8451     4.8455    30.1053    30.1262  1023.8226    23.8129    302.875    286.603  320.00515     94.647     0.1917     0.8022     0.7483 7.5524e+01      32973         22  0.000e+00
      2.050   71.32998 -157.33130      2.071     4.8455     4.8450     4.8454    30.1049    30.1262  1023.8223    23.8126    302.869    286.566  320.00717     94.645     0.1929     0.8095     0.7496 7.5737e+01      32974         22  0.000e+00
      2.073   71.32998 -157.33130      2.094     4.8458     4.8451     4.8456    30.1049    30.1261  1023.8224    23.8126    302.861    286.528  320.00523     94.642     0.1917     0.8022     0.7496 7.5524e+01      32975         22  0.000e+00
      2.050   71.32998 -157.33130      2.071     4.8456     4.8451     4.8455    30.1047    30.1256  1023.8221    23.8125    302.853    286.510  320.00649     94.640     0.1929     0.8095     0.7496 7.4889e+01      32976         22  0.000e+00
      2.111   71.32998 -157.33130      2.133     4.8458     4.8448     4.8457    30.1042    30.1258  1023.8220    23.8120    302.848    286.496  320.00651     94.638     0.1917     0.8022     0.7483 7.4889e+01      32977         22  0.000e+00
      2.111   71.32998 -157.33130      2.133     4.8453     4.8448     4.8452    30.1048    30.1258  1023.8225    23.8125    302.843    286.643  320.00873     94.636     0.1917     0.8022     0.7483 7.4678e+01      32978         22  0.000e+00
      2.111   71.32998 -157.33130      2.133     4.8453     4.8447     4.8451    30.1049    30.1259  1023.8226    23.8126    302.835    286.458  320.00884     94.633     0.1905     0.7949     0.7496 7.4050e+01      32979         22  0.000e+00
