EcoFOCI/data/1_SampleCollection/2023_SikuliaqDBO_CruiseData/CTD_raw_BottleFile_SKQ23-12S/proc/skq202312s_060.ros
* Sea-Bird SBE 9 Data File:
* FileName = D:\CTD\SKQ202312S\SKQ202312S_060.hex
* Software Version Seasave V 7.26.7.121
* Temperature SN = 6177
* Conductivity SN = 0369
* Number of Bytes Per Scan = 41
* Number of Voltage Words = 4
* Number of Scans Averaged by the Deck Unit = 1
* NMEA Latitude = 71 36.06 N
* NMEA Longitude = 165 18.28 W
* NMEA UTC (Time) = Sep 27 2023  22:11:30
* NMEA baud rate = 4800
** Ship: R/V Sikuliaq
** Station Number: 060
** Station Name: IC3
** Bottom Depth: 42
** Operator: SD
# nquan = 22
# nvalues = 784                                   
# units = specified
# name 0 = depSM: Depth [salt water, m]
# name 1 = latitude: Latitude [deg]
# name 2 = longitude: Longitude [deg]
# name 3 = prDM: Pressure, Digiquartz [db]
# name 4 = t090C: Temperature [ITS-90, deg C]
# name 5 = t190C: Temperature, 2 [ITS-90, deg C]
# name 6 = potemp090C: Potential Temperature [ITS-90, deg C]
# name 7 = sal00: Salinity, Practical [PSU]
# name 8 = sal11: Salinity, Practical, 2 [PSU]
# name 9 = density00: Density [density, kg/m^3]
# name 10 = sigma-é00: Density [sigma-theta, kg/m^3]
# name 11 = sbox0Mm/Kg: Oxygen, SBE 43 [umol/kg]
# name 12 = sbox1Mm/Kg: Oxygen, SBE 43, 2 [umol/kg]
# name 13 = oxsolMm/Kg: Oxygen Saturation, Garcia & Gordon [umol/kg]
# name 14 = sbeox0PS: Oxygen, SBE 43 [% saturation]
# name 15 = v0: Voltage 0
# name 16 = flECO-AFL: Fluorescence, WET Labs ECO-AFL/FL [mg/m^3]
# name 17 = CStarAt0: Beam Attenuation, WET Labs C-Star [1/m]
# name 18 = par: PAR/Irradiance, Biospherical/Licor
# name 19 = scan: Scan Count
# name 20 = nbf: Bottles Fired
# name 21 = flag:  0.000e+00
# interval = seconds: 0.0416667
# start_time = Sep 27 2023 22:14:51 [NMEA time, first data scan]
# bad_flag = -9.990e-29
*END*
     36.731   71.60090 -165.30478     37.113    -1.0190    -1.0324    -1.0198    32.4792    32.4944  1026.2897    26.1111    266.301    253.698  364.55013     73.049     0.1697     0.6703     1.6315 2.2768e+00       5564          1  0.000e+00
     36.777   71.60090 -165.30478     37.160    -1.0190    -1.0324    -1.0198    32.4790    32.4943  1026.2898    26.1110    266.511    253.498  364.55045     73.107     0.1685     0.6630     1.6315 2.2768e+00       5565          1  0.000e+00
     36.846   71.60090 -165.30478     37.230    -1.0185    -1.0322    -1.0194    32.4785    32.4943  1026.2897    26.1105    266.513    253.492  364.54766     73.108     0.1612     0.6190     1.6315 2.2835e+00       5566          1  0.000e+00
     36.792   71.60090 -165.30478     37.175    -1.0176    -1.0321    -1.0184    32.4771    32.4942  1026.2883    26.1093    266.508    253.709  364.54272     73.108     0.1600     0.6117     1.6315 2.2835e+00       5567          1  0.000e+00
     36.839   71.60090 -165.30478     37.222    -1.0171    -1.0318    -1.0180    32.4762    32.4941  1026.2878    26.1086    266.510    253.735  364.54087     73.108     0.1587     0.6044     1.6315 2.2835e+00       5568          1  0.000e+00
     36.792   71.60090 -165.30478     37.175    -1.0165    -1.0318    -1.0174    32.4752    32.4945  1026.2867    26.1078    266.507    253.533  364.53748     73.108     0.1612     0.6190     1.6315 2.2835e+00       5569          1  0.000e+00
     36.792   71.60090 -165.30478     37.175    -1.0168    -1.0315    -1.0176    32.4755    32.4940  1026.2870    26.1080    266.511    253.528  364.53950     73.109     0.1600     0.6117     1.6315 2.2835e+00       5570          1  0.000e+00
     36.846   71.60090 -165.30478     37.230    -1.0176    -1.0313    -1.0184    32.4761    32.4940  1026.2878    26.1086    267.077    253.493  364.54551     73.263     0.1600     0.6117     1.6315 2.2835e+00       5571          1  0.000e+00
     36.839   71.60090 -165.30478     37.222    -1.0186    -1.0313    -1.0195    32.4769    32.4943  1026.2884    26.1093    266.721    253.490  364.55318     73.164     0.1600     0.6117     1.6315 2.2835e+00       5572          1  0.000e+00
     36.792   71.60090 -165.30478     37.175    -1.0199    -1.0309    -1.0207    32.4783    32.4940  1026.2893    26.1104    266.729    253.516  364.56156     73.164     0.1600     0.6117     1.6315 2.2768e+00       5573          1  0.000e+00
     36.846   71.60090 -165.30478     37.230    -1.0215    -1.0309    -1.0224    32.4802    32.4942  1026.2912    26.1120    266.743    253.519  364.57216     73.166     0.1600     0.6117     1.6284 2.2768e+00       5574          1  0.000e+00
     36.777   71.60090 -165.30478     37.160    -1.0229    -1.0307    -1.0238    32.4812    32.4941  1026.2917    26.1128    266.802    253.518  364.58273     73.180     0.1600     0.6117     1.6253 2.2768e+00       5575          1  0.000e+00
     36.846   71.60090 -165.30478     37.230    -1.0242    -1.0307    -1.0250    32.4827    32.4941  1026.2933    26.1141    267.069    253.524  364.59058     73.252     0.1612     0.6190     1.6253 2.2701e+00       5576          1  0.000e+00
     36.792   71.60090 -165.30478     37.175    -1.0247    -1.0301    -1.0255    32.4832    32.4934  1026.2935    26.1145    266.866    253.524  364.59415     73.195     0.1600     0.6117     1.6253 2.2701e+00       5577          1  0.000e+00
     36.838   71.60090 -165.30478     37.222    -1.0247    -1.0304    -1.0256    32.4832    32.4937  1026.2937    26.1145    266.870    253.566  364.59473     73.196     0.1612     0.6190     1.6253 2.2701e+00       5578          1  0.000e+00
     36.792   71.60090 -165.30478     37.175    -1.0246    -1.0309    -1.0255    32.4826    32.4946  1026.2930    26.1141    266.871    253.576  364.59524     73.197     0.1600     0.6117     1.6253 2.2701e+00       5579          1  0.000e+00
     36.846   71.60090 -165.30478     37.230    -1.0238    -1.0311    -1.0246    32.4818    32.4946  1026.2925    26.1133    266.919    253.589  364.58940     73.211     0.1612     0.6190     1.6253 2.2768e+00       5580          1  0.000e+00
     36.777   71.60090 -165.30478     37.160    -1.0238    -1.0313    -1.0247    32.4817    32.4956  1026.2922    26.1133    266.921    253.599  364.59014     73.211     0.1600     0.6117     1.6253 2.2701e+00       5581          1  0.000e+00
     36.846   71.60090 -165.30478     37.230    -1.0238    -1.0309    -1.0247    32.4818    32.4948  1026.2926    26.1134    266.927    253.580  364.58978     73.213     0.1600     0.6117     1.6253 2.2701e+00       5582          1  0.000e+00
     36.792   71.60090 -165.30478     37.175    -1.0242    -1.0303    -1.0251    32.4821    32.4940  1026.2926    26.1136    266.982    253.587  364.59283     73.227     0.1587     0.6044     1.6253 2.2701e+00       5583          1  0.000e+00
     36.846   71.60090 -165.30478     37.230    -1.0249    -1.0301    -1.0258    32.4828    32.4938  1026.2934    26.1142    266.994    253.602  364.59759     73.230     0.1600     0.6117     1.6253 2.2701e+00       5584          1  0.000e+00
     36.838   71.60090 -165.30478     37.222    -1.0252    -1.0298    -1.0260    32.4829    32.4935  1026.2935    26.1143    267.002    253.584  364.60009     73.231     0.1612     0.6190     1.6253 2.2768e+00       5585          1  0.000e+00
     36.792   71.60090 -165.30478     37.175    -1.0259    -1.0295    -1.0267    32.4840    32.4934  1026.2942    26.1152    267.010    253.563  364.60358     73.233     0.1600     0.6117     1.6253 2.2768e+00       5586          1  0.000e+00
     36.846   71.60090 -165.30478     37.230    -1.0267    -1.0292    -1.0276    32.4844    32.4931  1026.2948    26.1156    267.024    253.804  364.61071     73.235     0.1612     0.6190     1.6253 2.2768e+00       5587          1  0.000e+00
     36.777   71.60090 -165.30478     37.160    -1.0275    -1.0294    -1.0283    32.4854    32.4931  1026.2953    26.1164    267.031    253.624  364.61503     73.237     0.1600     0.6117     1.6253 2.2701e+00       5588          1  0.000e+00
     36.846   71.60090 -165.30478     37.230    -1.0278    -1.0292    -1.0286    32.4859    32.4932  1026.2960    26.1168    266.788    253.609  364.61656     73.169     0.1612     0.6190     1.6253 2.2634e+00       5589          1  0.000e+00
     36.792   71.60090 -165.30478     37.175    -1.0275    -1.0292    -1.0283    32.4856    32.4933  1026.2955    26.1166    266.998    253.592  364.61457     73.227     0.1600     0.6117     1.6253 2.2634e+00       5590          1  0.000e+00
     36.838   71.60090 -165.30478     37.222    -1.0269    -1.0295    -1.0278    32.4852    32.4935  1026.2954    26.1162    267.004    253.580  364.61024     73.230     0.1612     0.6190     1.6253 2.2634e+00       5591          1  0.000e+00
     36.846   71.60090 -165.30478     37.230    -1.0262    -1.0304    -1.0271    32.4845    32.4944  1026.2948    26.1156    267.007    253.828  364.60546     73.232     0.1600     0.6117     1.6253 2.2634e+00       5592          1  0.000e+00
     36.792   71.60090 -165.30478     37.175    -1.0257    -1.0307    -1.0265    32.4835    32.4948  1026.2937    26.1148    266.807    253.843  364.60280     73.177     0.1612     0.6190     1.6253 2.2634e+00       5593          1  0.000e+00
     36.838   71.60090 -165.30478     37.222    -1.0255    -1.0311    -1.0264    32.4832    32.4951  1026.2937    26.1146    267.026    253.893  364.60249     73.238     0.1612     0.6190     1.6331 2.2768e+00       5594          1  0.000e+00
     36.792   71.60090 -165.30478     37.175    -1.0261    -1.0312    -1.0270    32.4834    32.4948  1026.2937    26.1147    267.294    253.939  364.60754     73.310     0.1600     0.6117     1.6378 2.2768e+00       5595          1  0.000e+00
     36.846   71.60090 -165.30478     37.230    -1.0273    -1.0310    -1.0282    32.4841    32.4938  1026.2946    26.1153    267.109    253.955  364.61719     73.257     0.1612     0.6190     1.6393 2.2768e+00       5596          1  0.000e+00
     36.846   71.60090 -165.30478     37.230    -1.0278    -1.0304    -1.0287    32.4839    32.4936  1026.2944    26.1152    267.124    253.739  364.62293     73.260     0.1600     0.6117     1.6378 2.2768e+00       5597          1  0.000e+00
     36.776   71.60090 -165.30478     37.159    -1.0283    -1.0301    -1.0291    32.4840    32.4932  1026.2941    26.1153    267.135    253.717  364.62707     73.262     0.1612     0.6190     1.6378 2.2768e+00       5598          1  0.000e+00
     36.846   71.60090 -165.30478     37.230    -1.0283    -1.0303    -1.0292    32.4837    32.4930  1026.2942    26.1150    266.845    253.735  364.62843     73.183     0.1600     0.6117     1.6393 2.2768e+00       5599          1  0.000e+00
     36.792   71.60090 -165.30478     37.175    -1.0279    -1.0303    -1.0288    32.4835    32.4931  1026.2938    26.1148    266.802    253.941  364.62519     73.172     0.1612     0.6190     1.6378 2.2835e+00       5600          1  0.000e+00
     36.838   71.60090 -165.30478     37.222    -1.0274    -1.0304    -1.0282    32.4831    32.4934  1026.2937    26.1145    266.764    253.989  364.62074     73.162     0.1587     0.6044     1.6393 2.2903e+00       5601          1  0.000e+00
     36.846   71.60090 -165.30478     37.230    -1.0270    -1.0305    -1.0278    32.4825    32.4933  1026.2932    26.1140    266.728    253.810  364.61847     73.153     0.1612     0.6190     1.6378 2.2903e+00       5602          1  0.000e+00
     36.846   71.60090 -165.30478     37.230    -1.0269    -1.0309    -1.0278    32.4821    32.4939  1026.2929    26.1137    266.697    254.020  364.61894     73.144     0.1600     0.6117     1.6378 2.2903e+00       5603          1  0.000e+00
     36.776   71.60090 -165.30478     37.159    -1.0272    -1.0313    -1.0280    32.4824    32.4942  1026.2929    26.1140    266.517    254.034  364.62084     73.094     0.1600     0.6117     1.6378 2.2835e+00       5604          1  0.000e+00
     36.846   71.60090 -165.30478     37.230    -1.0281    -1.0313    -1.0289    32.4831    32.4943  1026.2937    26.1145    266.492    254.047  364.62739     73.086     0.1612     0.6190     1.6393 2.2903e+00       5605          1  0.000e+00
     36.846   71.60090 -165.30478     37.229    -1.0286    -1.0314    -1.0294    32.4836    32.4945  1026.2942    26.1150    266.463    254.058  364.63092     73.078     0.1600     0.6117     1.6393 2.2903e+00       5606          1  0.000e+00
     36.838   71.60090 -165.30478     37.222    -1.0292    -1.0313    -1.0300    32.4843    32.4944  1026.2947    26.1155    266.437    254.066  364.63508     73.070     0.1612     0.6190     1.6393 2.2971e+00       5607          1  0.000e+00
     36.792   71.60090 -165.30478     37.175    -1.0294    -1.0314    -1.0303    32.4846    32.4946  1026.2947    26.1158    266.409    254.073  364.63652     73.062     0.1600     0.6117     1.6378 2.2971e+00       5608          1  0.000e+00
     36.846   71.60090 -165.30478     37.229    -1.0297    -1.0316    -1.0305    32.4852    32.4949  1026.2955    26.1163    266.590    253.889  364.63691     73.111     0.1612     0.6190     1.6378 2.2903e+00       5609          1  0.000e+00
     36.846   71.60090 -165.30478     37.229    -1.0298    -1.0318    -1.0307    32.4849    32.4952  1026.2952    26.1160    266.358    254.091  364.63951     73.047     0.1600     0.6117     1.6393 2.2971e+00       5610          1  0.000e+00
     36.776   71.60090 -165.30478     37.159    -1.0302    -1.0318    -1.0311    32.4849    32.4950  1026.2949    26.1161    266.587    254.096  364.64339     73.109     0.1612     0.6190     1.6378 2.2903e+00       5611          1  0.000e+00
     36.846   71.60090 -165.30478     37.229    -1.0297    -1.0316    -1.0305    32.4842    32.4947  1026.2947    26.1155    266.304    254.135  364.63984     73.032     0.1600     0.6117     1.6378 2.2971e+00       5612          1  0.000e+00
     36.728   71.60090 -165.30478     37.111    -1.0231    -1.0318    -1.0240    32.4816    32.4936  1026.2918    26.1132    266.899    253.543  364.58380     73.206     0.1587     0.6044     1.6284 2.3800e+00       5815          2  0.000e+00
     36.674   71.60090 -165.30478     37.056    -1.0225    -1.0321    -1.0233    32.4810    32.4944  1026.2911    26.1127    266.958    253.566  364.57866     73.224     0.1587     0.6044     1.6300 2.3800e+00       5816          2  0.000e+00
     36.721   71.60090 -165.30478     37.103    -1.0215    -1.0311    -1.0224    32.4796    32.4935  1026.2901    26.1115    266.463    253.587  364.57378     73.089     0.1600     0.6117     1.6315 2.3730e+00       5817          2  0.000e+00
     36.728   71.60090 -165.30478     37.111    -1.0213    -1.0305    -1.0221    32.4798    32.4934  1026.2903    26.1117    266.383    253.386  364.57043     73.068     0.1587     0.6044     1.6331 2.3730e+00       5818          2  0.000e+00
     36.728   71.60090 -165.30478     37.111    -1.0215    -1.0303    -1.0224    32.4797    32.4930  1026.2902    26.1116    266.614    253.608  364.57355     73.130     0.1600     0.6117     1.6331 2.3730e+00       5819          2  0.000e+00
     36.728   71.60090 -165.30478     37.111    -1.0220    -1.0298    -1.0228    32.4802    32.4925  1026.2907    26.1120    266.894    253.637  364.57658     73.207     0.1612     0.6190     1.6331 2.3800e+00       5820          2  0.000e+00
     36.721   71.60090 -165.30478     37.103    -1.0227    -1.0292    -1.0235    32.4808    32.4923  1026.2911    26.1125    266.716    253.632  364.58161     73.157     0.1758     0.7069     1.6331 2.3800e+00       5821          2  0.000e+00
     36.728   71.60090 -165.30478     37.111    -1.0234    -1.0289    -1.0242    32.4819    32.4927  1026.2921    26.1134    266.696    253.629  364.58507     73.151     0.1819     0.7436     1.6331 2.3800e+00       5822          2  0.000e+00
     36.728   71.60090 -165.30478     37.111    -1.0234    -1.0294    -1.0242    32.4821    32.4936  1026.2922    26.1136    266.672    253.631  364.58458     73.144     0.1832     0.7509     1.6331 2.3870e+00       5823          2  0.000e+00
     36.721   71.60090 -165.30478     37.103    -1.0229    -1.0296    -1.0238    32.4813    32.4940  1026.2916    26.1130    266.645    253.664  364.58227     73.137     0.1819     0.7436     1.6331 2.3870e+00       5824          2  0.000e+00
     36.728   71.60090 -165.30478     37.111    -1.0227    -1.0304    -1.0235    32.4815    32.4946  1026.2917    26.1131    266.620    253.671  364.57966     73.131     0.1819     0.7436     1.6331 2.3941e+00       5825          2  0.000e+00
     36.728   71.60090 -165.30478     37.111    -1.0222    -1.0309    -1.0230    32.4813    32.4953  1026.2915    26.1129    266.592    253.674  364.57527     73.124     0.1832     0.7509     1.6331 2.3941e+00       5826          2  0.000e+00
     36.775   71.60090 -165.30478     37.157    -1.0214    -1.0305    -1.0222    32.4805    32.4952  1026.2910    26.1122    266.565    253.707  364.56980     73.118     0.1819     0.7436     1.6331 2.3941e+00       5827          2  0.000e+00
     36.728   71.60090 -165.30478     37.111    -1.0208    -1.0298    -1.0216    32.4799    32.4948  1026.2903    26.1117    266.585    253.703  364.56593     73.124     0.1832     0.7509     1.6331 2.3941e+00       5828          2  0.000e+00
     36.728   71.60090 -165.30478     37.111    -1.0206    -1.0296    -1.0215    32.4797    32.4947  1026.2902    26.1115    266.563    253.704  364.56479     73.118     0.1819     0.7436     1.6331 2.3870e+00       5829          2  0.000e+00
     36.721   71.60090 -165.30478     37.103    -1.0208    -1.0296    -1.0216    32.4797    32.4949  1026.2901    26.1115    266.542    253.481  364.56652     73.112     0.1819     0.7436     1.6331 2.3800e+00       5830          2  0.000e+00
