EcoFOCI/data/1_SampleCollection/2023_SikuliaqDBO_CruiseData/CTD_raw_BottleFile_SKQ23-12S/proc/skq202312s_052svpavg.cnv
* Sea-Bird SBE 9 Data File:
* FileName = D:\CTD\SKQ202312S\SKQ202312S_052.hex
* Software Version Seasave V 7.26.7.121
* Temperature SN = 6177
* Conductivity SN = 0369
* Number of Bytes Per Scan = 41
* Number of Voltage Words = 4
* Number of Scans Averaged by the Deck Unit = 1
* NMEA Latitude = 70 49.96 N
* NMEA Longitude = 163 07.13 W
* NMEA UTC (Time) = Sep 26 2023  20:42:12
* NMEA baud rate = 4800
** Ship: R/V Sikuliaq
** Station Number: 052
** Station Name: C1
** Bottom Depth: 45
** Operator: SD
** Moorings site C1
# nquan = 7
# nvalues = 38                          
# units = specified
# name 0 = depSM: Depth [salt water, m]
# name 1 = latitude: Latitude [deg]
# name 2 = longitude: Longitude [deg]
# name 3 = t090C: Temperature [ITS-90, deg C]
# name 4 = sal00: Salinity, Practical [PSU]
# name 5 = svCM: Sound Velocity [Chen-Millero, m/s]
# name 6 = flag: flag
# span 0 =      2.000,     39.000       
# span 1 =   70.83272,   70.83288       
# span 2 = -163.11888, -163.11886       
# span 3 =     4.4579,     7.0938       
# span 4 =    28.7150,    31.7544       
# span 5 =    1464.97,    1474.37       
# span 6 = 0.0000e+00, 0.0000e+00       
# interval = meters: 1                  
# start_time = Sep 26 2023 20:44:50 [NMEA time, first data scan]
# bad_flag = -9.990e-29
*END*
      2.000   70.83272 -163.11888     6.3945    28.7158    1468.45 0.0000e+00
      3.000   70.83277 -163.11888     6.4006    28.7158    1468.47 0.0000e+00
      4.000   70.83276 -163.11888     6.3995    28.7157    1468.49 0.0000e+00
      5.000   70.83276 -163.11888     6.3975    28.7150    1468.50 0.0000e+00
      6.000   70.83276 -163.11888     6.3981    28.7151    1468.52 0.0000e+00
      7.000   70.83276 -163.11888     6.4041    28.7177    1468.56 0.0000e+00
      8.000   70.83277 -163.11888     6.4006    28.7178    1468.56 0.0000e+00
      9.000   70.83278 -163.11888     6.4014    28.7186    1468.58 0.0000e+00
     10.000   70.83278 -163.11888     6.3998    28.7169    1468.59 0.0000e+00
     11.000   70.83278 -163.11888     6.4190    28.7283    1468.70 0.0000e+00
     12.000   70.83278 -163.11888     6.4948    29.0187    1469.38 0.0000e+00
     13.000   70.83278 -163.11888     6.5769    29.2877    1470.06 0.0000e+00
     14.000   70.83278 -163.11888     6.7346    29.9044    1471.47 0.0000e+00
     15.000   70.83278 -163.11888     6.9741    30.6215    1473.33 0.0000e+00
     16.000   70.83278 -163.11888     7.0938    31.0668    1474.37 0.0000e+00
     17.000   70.83278 -163.11888     6.7955    31.1359    1473.31 0.0000e+00
     18.000   70.83280 -163.11888     6.4515    31.1630    1472.00 0.0000e+00
     19.000   70.83280 -163.11888     6.3582    31.2121    1471.71 0.0000e+00
     20.000   70.83280 -163.11888     6.2965    31.2560    1471.53 0.0000e+00
     21.000   70.83280 -163.11888     6.3174    31.2828    1471.67 0.0000e+00
     22.000   70.83280 -163.11888     6.2147    31.3003    1471.30 0.0000e+00
     23.000   70.83280 -163.11888     6.2002    31.3441    1471.31 0.0000e+00
     24.000   70.83280 -163.11886     6.2302    31.4300    1471.55 0.0000e+00
     25.000   70.83280 -163.11886     6.2695    31.5363    1471.86 0.0000e+00
     26.000   70.83280 -163.11886     6.2068    31.5670    1471.67 0.0000e+00
     27.000   70.83280 -163.11886     5.9863    31.6176    1470.86 0.0000e+00
     28.000   70.83280 -163.11886     5.8162    31.6604    1470.25 0.0000e+00
     29.000   70.83280 -163.11886     5.3253    31.7030    1468.33 0.0000e+00
     30.000   70.83281 -163.11886     4.7299    31.7527    1465.98 0.0000e+00
     31.000   70.83282 -163.11886     4.5633    31.7544    1465.31 0.0000e+00
     32.000   70.83282 -163.11886     4.5127    31.7499    1465.11 0.0000e+00
     33.000   70.83282 -163.11886     4.4851    31.7475    1465.01 0.0000e+00
     34.000   70.83284 -163.11886     4.4873    31.7435    1465.03 0.0000e+00
     35.000   70.83286 -163.11886     4.4697    31.7433    1464.97 0.0000e+00
     36.000   70.83286 -163.11886     4.4707    31.7427    1464.99 0.0000e+00
     37.000   70.83286 -163.11886     4.4682    31.7428    1465.00 0.0000e+00
     38.000   70.83288 -163.11886     4.4654    31.7429    1465.00 0.0000e+00
     39.000   70.83288 -163.11886     4.4579    31.7442    1464.99 0.0000e+00
