EcoFOCI/data/1_SampleCollection/2023_SikuliaqDBO_CruiseData/CTD_raw_BottleFile_SKQ23-12S/proc/skq202312s_068svp.cnv
* Sea-Bird SBE 9 Data File:
* FileName = D:\CTD\SKQ202312S\SKQ202312S_068.hex
* Software Version Seasave V 7.26.7.121
* Temperature SN = 6177
* Conductivity SN = 0369
* Number of Bytes Per Scan = 41
* Number of Voltage Words = 4
* Number of Scans Averaged by the Deck Unit = 1
* NMEA Latitude = 67 40.62 N
* NMEA Longitude = 168 56.94 W
* NMEA UTC (Time) = Sep 29 2023  21:42:04
* NMEA baud rate = 4800
** Ship: R/V Sikuliaq
** Station Number: 068
** Station Name: DBO3.8
** Bottom Depth: 50
** Operator: SD
# nquan = 7
# nvalues = 3703                                  
# units = specified
# name 0 = depSM: Depth [salt water, m]
# name 1 = latitude: Latitude [deg]
# name 2 = longitude: Longitude [deg]
# name 3 = t090C: Temperature [ITS-90, deg C]
# name 4 = sal00: Salinity, Practical [PSU]
# name 5 = svCM: Sound Velocity [Chen-Millero, m/s]
# name 6 = flag:  0.000e+00
# span 0 =      2.051,     45.081                 
# span 1 =   67.67708,   67.67710                 
# span 2 = -168.94940, -168.94924                 
# span 3 =     2.2800,     4.3266                 
# span 4 =    26.1225,    32.4304                 
# span 5 =    1451.18,    1460.66                 
# span 6 = 0.0000e+00, 0.0000e+00                 
# interval = seconds: 0.0416667
# start_time = Sep 29 2023 21:45:22 [NMEA time, first data scan]
# bad_flag = -9.990e-29
*END*
[from data line 2052]
     34.994   67.67708 -168.94934     3.0756    32.2286    1459.71  0.000e+00
     34.994   67.67708 -168.94934     3.0756    32.2284    1459.71  0.000e+00
     35.048   67.67708 -168.94934     3.0755    32.2287    1459.71  0.000e+00
     35.056   67.67708 -168.94934     3.0756    32.2286    1459.71  0.000e+00
     35.056   67.67708 -168.94934     3.0753    32.2291    1459.71  0.000e+00
     35.056   67.67708 -168.94934     3.0752    32.2291    1459.71  0.000e+00
     35.102   67.67708 -168.94934     3.0752    32.2294    1459.71  0.000e+00
     35.172   67.67708 -168.94934     3.0750    32.2298    1459.71  0.000e+00
     35.110   67.67708 -168.94934     3.0750    32.2298    1459.71  0.000e+00
     35.226   67.67708 -168.94934     3.0748    32.2299    1459.71  0.000e+00
     35.156   67.67708 -168.94934     3.0747    32.2298    1459.71  0.000e+00
     35.226   67.67708 -168.94934     3.0748    32.2298    1459.71  0.000e+00
     35.226   67.67708 -168.94934     3.0744    32.2304    1459.71  0.000e+00
     35.280   67.67708 -168.94934     3.0745    32.2302    1459.71  0.000e+00
     35.272   67.67708 -168.94934     3.0743    32.2307    1459.71  0.000e+00
     35.280   67.67708 -168.94934     3.0740    32.2307    1459.71  0.000e+00
     35.280   67.67708 -168.94934     3.0739    32.2310    1459.71  0.000e+00
     35.342   67.67708 -168.94934     3.0736    32.2314    1459.71  0.000e+00
     35.334   67.67708 -168.94934     3.0737    32.2313    1459.71  0.000e+00
     35.396   67.67708 -168.94934     3.0735    32.2315    1459.71  0.000e+00
     35.396   67.67708 -168.94934     3.0733    32.2320    1459.71  0.000e+00
     35.396   67.67708 -168.94934     3.0733    32.2322    1459.71  0.000e+00
     35.450   67.67708 -168.94934     3.0730    32.2325    1459.71  0.000e+00
     35.457   67.67708 -168.94934     3.0729    32.2324    1459.71  0.000e+00
     35.511   67.67708 -168.94934     3.0723    32.2328    1459.71  0.000e+00
     35.511   67.67708 -168.94934     3.0725    32.2331    1459.71  0.000e+00
     35.504   67.67708 -168.94934     3.0725    32.2330    1459.71  0.000e+00
     35.573   67.67708 -168.94934     3.0722    32.2329    1459.71  0.000e+00
     35.573   67.67708 -168.94934     3.0717    32.2339    1459.71  0.000e+00
     35.573   67.67708 -168.94934     3.0717    32.2338    1459.71  0.000e+00
     35.619   67.67708 -168.94934     3.0714    32.2342    1459.71  0.000e+00
     35.627   67.67708 -168.94934     3.0713    32.2344    1459.71  0.000e+00
     35.627   67.67708 -168.94934     3.0709    32.2347    1459.71  0.000e+00
     35.743   67.67708 -168.94934     3.0708    32.2348    1459.71  0.000e+00
     35.673   67.67710 -168.94934     3.0708    32.2351    1459.71  0.000e+00
     35.681   67.67710 -168.94934     3.0704    32.2356    1459.71  0.000e+00
     35.743   67.67710 -168.94934     3.0703    32.2354    1459.71  0.000e+00
     35.743   67.67710 -168.94934     3.0701    32.2357    1459.71  0.000e+00
     35.789   67.67710 -168.94934     3.0698    32.2363    1459.71  0.000e+00
     35.797   67.67710 -168.94934     3.0696    32.2366    1459.71  0.000e+00
     35.858   67.67710 -168.94934     3.0697    32.2365    1459.71  0.000e+00
     35.797   67.67710 -168.94934     3.0693    32.2368    1459.71  0.000e+00
     35.851   67.67710 -168.94934     3.0695    32.2370    1459.71  0.000e+00
     35.858   67.67710 -168.94934     3.0691    32.2378    1459.71  0.000e+00
     35.858   67.67710 -168.94934     3.0692    32.2380    1459.71  0.000e+00
     35.912   67.67710 -168.94934     3.0692    32.2384    1459.71  0.000e+00
     35.912   67.67710 -168.94934     3.0691    32.2385    1459.71  0.000e+00
     35.905   67.67710 -168.94934     3.0690    32.2391    1459.71  0.000e+00
     35.974   67.67710 -168.94934     3.0689    32.2397    1459.71  0.000e+00
     35.912   67.67710 -168.94934     3.0692    32.2397    1459.71  0.000e+00
     35.974   67.67710 -168.94934     3.0691    32.2400    1459.71  0.000e+00
     36.020   67.67710 -168.94934     3.0692    32.2404    1459.71  0.000e+00
     36.028   67.67710 -168.94934     3.0690    32.2411    1459.71  0.000e+00
     36.028   67.67710 -168.94934     3.0693    32.2411    1459.72  0.000e+00
     36.028   67.67710 -168.94934     3.0697    32.2410    1459.72  0.000e+00
     36.074   67.67710 -168.94934     3.0695    32.2417    1459.72  0.000e+00
     36.082   67.67710 -168.94934     3.0698    32.2420    1459.72  0.000e+00
     36.082   67.67710 -168.94934     3.0700    32.2424    1459.72  0.000e+00
     36.144   67.67710 -168.94934     3.0699    32.2419    1459.72  0.000e+00
     36.136   67.67710 -168.94934     3.0701    32.2425    1459.72  0.000e+00
     36.144   67.67710 -168.94934     3.0701    32.2427    1459.72  0.000e+00
     36.144   67.67710 -168.94934     3.0703    32.2427    1459.72  0.000e+00
     36.144   67.67710 -168.94934     3.0702    32.2431    1459.72  0.000e+00
     36.198   67.67710 -168.94934     3.0700    32.2431    1459.72  0.000e+00
     36.190   67.67710 -168.94934     3.0697    32.2431    1459.72  0.000e+00
     36.259   67.67710 -168.94934     3.0695    32.2434    1459.72  0.000e+00
     36.198   67.67710 -168.94934     3.0692    32.2433    1459.72  0.000e+00
     36.259   67.67710 -168.94934     3.0683    32.2439    1459.72  0.000e+00
     36.306   67.67710 -168.94934     3.0681    32.2440    1459.72  0.000e+00
     36.259   67.67710 -168.94934     3.0673    32.2444    1459.72  0.000e+00
     36.313   67.67710 -168.94934     3.0667    32.2442    1459.71  0.000e+00
     36.259   67.67710 -168.94934     3.0658    32.2445    1459.71  0.000e+00
     36.252   67.67710 -168.94934     3.0651    32.2442    1459.71  0.000e+00
     36.429   67.67710 -168.94934     3.0642    32.2444    1459.70  0.000e+00
     36.313   67.67710 -168.94934     3.0632    32.2445    1459.70  0.000e+00
     36.375   67.67710 -168.94934     3.0623    32.2450    1459.70  0.000e+00
     36.375   67.67710 -168.94934     3.0615    32.2446    1459.69  0.000e+00
     36.421   67.67710 -168.94934     3.0602    32.2454    1459.69  0.000e+00
     36.429   67.67710 -168.94934     3.0590    32.2463    1459.68  0.000e+00
     36.375   67.67710 -168.94934     3.0584    32.2462    1459.68  0.000e+00
     36.429   67.67710 -168.94934     3.0574    32.2467    1459.68  0.000e+00
     36.421   67.67710 -168.94934     3.0568    32.2471    1459.68  0.000e+00
     36.429   67.67708 -168.94934     3.0562    32.2474    1459.67  0.000e+00
     36.483   67.67708 -168.94934     3.0554    32.2475    1459.67  0.000e+00
     36.429   67.67708 -168.94934     3.0547    32.2480    1459.67  0.000e+00
     36.483   67.67708 -168.94934     3.0543    32.2486    1459.67  0.000e+00
     36.475   67.67708 -168.94934     3.0537    32.2497    1459.67  0.000e+00
     36.483   67.67708 -168.94934     3.0533    32.2502    1459.67  0.000e+00
     36.545   67.67708 -168.94934     3.0530    32.2511    1459.67  0.000e+00
     36.545   67.67708 -168.94934     3.0526    32.2519    1459.67  0.000e+00
     36.537   67.67708 -168.94934     3.0524    32.2528    1459.67  0.000e+00
     36.545   67.67708 -168.94934     3.0522    32.2535    1459.67  0.000e+00
     36.599   67.67708 -168.94934     3.0521    32.2534    1459.67  0.000e+00
     36.599   67.67708 -168.94934     3.0521    32.2542    1459.67  0.000e+00
     36.599   67.67708 -168.94934     3.0522    32.2542    1459.67  0.000e+00
     36.653   67.67708 -168.94934     3.0521    32.2548    1459.67  0.000e+00
     36.599   67.67708 -168.94934     3.0521    32.2548    1459.67  0.000e+00
     36.661   67.67708 -168.94934     3.0520    32.2550    1459.67  0.000e+00
     36.661   67.67708 -168.94934     3.0520    32.2549    1459.67  0.000e+00
     36.707   67.67708 -168.94934     3.0521    32.2547    1459.67  0.000e+00
     36.661   67.67708 -168.94934     3.0522    32.2549    1459.67  0.000e+00
     36.661   67.67708 -168.94934     3.0523    32.2550    1459.67  0.000e+00
     36.715   67.67708 -168.94934     3.0518    32.2553    1459.67  0.000e+00
     36.715   67.67708 -168.94934     3.0518    32.2555    1459.67  0.000e+00
     36.769   67.67708 -168.94934     3.0515    32.2556    1459.67  0.000e+00
     36.776   67.67708 -168.94934     3.0512    32.2557    1459.67  0.000e+00
     36.776   67.67708 -168.94934     3.0507    32.2563    1459.67  0.000e+00
     36.776   67.67708 -168.94934     3.0502    32.2566    1459.67  0.000e+00
     36.823   67.67708 -168.94934     3.0499    32.2566    1459.67  0.000e+00
     36.776   67.67708 -168.94934     3.0493    32.2572    1459.66  0.000e+00
     36.830   67.67708 -168.94934     3.0484    32.2581    1459.66  0.000e+00
     36.884   67.67708 -168.94934     3.0479    32.2585    1459.66  0.000e+00
     36.884   67.67708 -168.94934     3.0471    32.2591    1459.66  0.000e+00
     36.877   67.67708 -168.94934     3.0465    32.2592    1459.66  0.000e+00
     36.884   67.67708 -168.94934     3.0459    32.2595    1459.65  0.000e+00
     36.946   67.67708 -168.94934     3.0452    32.2601    1459.65  0.000e+00
     36.884   67.67708 -168.94934     3.0446    32.2609    1459.65  0.000e+00
     36.946   67.67708 -168.94934     3.0439    32.2610    1459.65  0.000e+00
     36.992   67.67708 -168.94934     3.0433    32.2613    1459.65  0.000e+00
     37.000   67.67708 -168.94934     3.0425    32.2619    1459.64  0.000e+00
     36.946   67.67708 -168.94934     3.0416    32.2628    1459.64  0.000e+00
     37.062   67.67708 -168.94934     3.0412    32.2626    1459.64  0.000e+00
     36.992   67.67708 -168.94934     3.0403    32.2632    1459.64  0.000e+00
     37.062   67.67708 -168.94934     3.0399    32.2632    1459.63  0.000e+00
     37.062   67.67708 -168.94934     3.0392    32.2643    1459.63  0.000e+00
     37.116   67.67708 -168.94934     3.0386    32.2645    1459.63  0.000e+00
     37.116   67.67708 -168.94934     3.0380    32.2655    1459.63  0.000e+00
     37.108   67.67708 -168.94934     3.0377    32.2661    1459.63  0.000e+00
     37.170   67.67708 -168.94934     3.0373    32.2668    1459.63  0.000e+00
     37.170   67.67708 -168.94934     3.0372    32.2667    1459.63  0.000e+00
     37.170   67.67708 -168.94934     3.0369    32.2670    1459.63  0.000e+00
     37.231   67.67708 -168.94934     3.0367    32.2670    1459.63  0.000e+00
     37.224   67.67708 -168.94934     3.0364    32.2670    1459.63  0.000e+00
     37.170   67.67708 -168.94934     3.0364    32.2672    1459.63  0.000e+00
     37.285   67.67708 -168.94934     3.0361    32.2674    1459.63  0.000e+00
     37.231   67.67708 -168.94934     3.0361    32.2671    1459.63  0.000e+00
     37.278   67.67708 -168.94934     3.0362    32.2671    1459.63  0.000e+00
     37.347   67.67708 -168.94934     3.0358    32.2678    1459.63  0.000e+00
     37.285   67.67708 -168.94934     3.0356    32.2676    1459.63  0.000e+00
     37.347   67.67708 -168.94934     3.0354    32.2674    1459.63  0.000e+00
     37.347   67.67708 -168.94934     3.0352    32.2677    1459.63  0.000e+00
     37.393   67.67708 -168.94934     3.0350    32.2673    1459.62  0.000e+00
     37.347   67.67708 -168.94934     3.0346    32.2676    1459.62  0.000e+00
     37.401   67.67708 -168.94934     3.0342    32.2682    1459.62  0.000e+00
     37.463   67.67708 -168.94934     3.0338    32.2685    1459.62  0.000e+00
     37.401   67.67708 -168.94934     3.0337    32.2683    1459.62  0.000e+00
     37.455   67.67708 -168.94934     3.0333    32.2688    1459.62  0.000e+00
     37.463   67.67708 -168.94934     3.0328    32.2690    1459.62  0.000e+00
     37.463   67.67708 -168.94934     3.0324    32.2690    1459.62  0.000e+00
     37.517   67.67708 -168.94934     3.0321    32.2694    1459.62  0.000e+00
     37.517   67.67708 -168.94934     3.0316    32.2699    1459.62  0.000e+00
     37.509   67.67708 -168.94934     3.0314    32.2697    1459.61  0.000e+00
     37.517   67.67708 -168.94934     3.0309    32.2701    1459.61  0.000e+00
     37.571   67.67708 -168.94934     3.0309    32.2697    1459.61  0.000e+00
     37.571   67.67710 -168.94934     3.0303    32.2698    1459.61  0.000e+00
     37.571   67.67710 -168.94934     3.0302    32.2700    1459.61  0.000e+00
     37.686   67.67710 -168.94934     3.0296    32.2694    1459.61  0.000e+00
     37.571   67.67710 -168.94934     3.0291    32.2692    1459.60  0.000e+00
     37.632   67.67710 -168.94934     3.0285    32.2692    1459.60  0.000e+00
     37.686   67.67710 -168.94934     3.0277    32.2690    1459.60  0.000e+00
     37.686   67.67710 -168.94934     3.0267    32.2694    1459.60  0.000e+00
     37.686   67.67710 -168.94934     3.0258    32.2699    1459.59  0.000e+00
     37.686   67.67710 -168.94934     3.0250    32.2703    1459.59  0.000e+00
     37.686   67.67710 -168.94934     3.0241    32.2709    1459.59  0.000e+00
     37.748   67.67710 -168.94934     3.0228    32.2711    1459.58  0.000e+00
     37.748   67.67710 -168.94934     3.0218    32.2715    1459.58  0.000e+00
     37.740   67.67710 -168.94934     3.0206    32.2720    1459.57  0.000e+00
     37.748   67.67710 -168.94934     3.0195    32.2722    1459.57  0.000e+00
     37.802   67.67710 -168.94934     3.0181    32.2728    1459.57  0.000e+00
     37.802   67.67710 -168.94934     3.0173    32.2727    1459.56  0.000e+00
     37.802   67.67710 -168.94934     3.0161    32.2731    1459.56  0.000e+00
     37.794   67.67710 -168.94934     3.0148    32.2733    1459.55  0.000e+00
     37.864   67.67710 -168.94934     3.0134    32.2727    1459.55  0.000e+00
     37.864   67.67710 -168.94934     3.0124    32.2726    1459.54  0.000e+00
     37.864   67.67710 -168.94934     3.0108    32.2727    1459.54  0.000e+00
     37.864   67.67710 -168.94934     3.0093    32.2726    1459.53  0.000e+00
     37.910   67.67710 -168.94934     3.0078    32.2718    1459.52  0.000e+00
     37.864   67.67710 -168.94934     3.0062    32.2706    1459.51  0.000e+00
     37.918   67.67710 -168.94934     3.0045    32.2706    1459.51  0.000e+00
     37.918   67.67710 -168.94934     3.0028    32.2702    1459.50  0.000e+00
     37.972   67.67710 -168.94934     3.0006    32.2699    1459.49  0.000e+00
     37.972   67.67710 -168.94934     2.9986    32.2660    1459.48  0.000e+00
     37.918   67.67710 -168.94934     2.9944    32.2605    1459.45  0.000e+00
     37.972   67.67710 -168.94934     2.9888    32.2573    1459.42  0.000e+00
     37.972   67.67710 -168.94934     2.9826    32.2552    1459.39  0.000e+00
     38.034   67.67710 -168.94934     2.9759    32.2552    1459.37  0.000e+00
     37.972   67.67710 -168.94934     2.9692    32.2568    1459.34  0.000e+00
     38.026   67.67710 -168.94934     2.9641    32.2573    1459.32  0.000e+00
     38.034   67.67710 -168.94934     2.9602    32.2569    1459.30  0.000e+00
     38.034   67.67710 -168.94934     2.9555    32.2567    1459.28  0.000e+00
     38.088   67.67710 -168.94934     2.9505    32.2583    1459.26  0.000e+00
     38.034   67.67710 -168.94934     2.9461    32.2603    1459.24  0.000e+00
     38.142   67.67710 -168.94934     2.9421    32.2626    1459.23  0.000e+00
     38.034   67.67710 -168.94934     2.9383    32.2644    1459.22  0.000e+00
     38.088   67.67710 -168.94934     2.9345    32.2668    1459.20  0.000e+00
     38.149   67.67710 -168.94934     2.9314    32.2692    1459.19  0.000e+00
     38.088   67.67710 -168.94934     2.9291    32.2709    1459.19  0.000e+00
     38.142   67.67710 -168.94934     2.9272    32.2723    1459.18  0.000e+00
     38.149   67.67710 -168.94934     2.9259    32.2740    1459.18  0.000e+00
     38.149   67.67710 -168.94934     2.9247    32.2763    1459.17  0.000e+00
     38.149   67.67710 -168.94934     2.9240    32.2782    1459.17  0.000e+00
     38.203   67.67710 -168.94934     2.9239    32.2794    1459.18  0.000e+00
     38.142   67.67710 -168.94934     2.9239    32.2811    1459.18  0.000e+00
     38.149   67.67710 -168.94934     2.9243    32.2830    1459.18  0.000e+00
