EcoFOCI/data/1_SampleCollection/2023_SikuliaqDBO_CruiseData/CTD_raw_BottleFile_SKQ23-12S/proc/skq202312s_077.ros
* Sea-Bird SBE 9 Data File:
* FileName = D:\CTD\SKQ202312S\SKQ202312S_077.hex
* Software Version Seasave V 7.26.7.121
* Temperature SN = 6177
* Conductivity SN = 0369
* Number of Bytes Per Scan = 41
* Number of Voltage Words = 4
* Number of Scans Averaged by the Deck Unit = 1
* NMEA Latitude = 65 46.95 N
* NMEA Longitude = 168 50.45 W
* NMEA UTC (Time) = Oct 03 2023  04:36:08
* NMEA baud rate = 4800
** Ship: R/V Sikuliaq
** Station Number: 077
** Station Name: BS8
** Bottom Depth: 47
** Operator: SD
# nquan = 22
# nvalues = 833                                   
# units = specified
# name 0 = depSM: Depth [salt water, m]
# name 1 = latitude: Latitude [deg]
# name 2 = longitude: Longitude [deg]
# name 3 = prDM: Pressure, Digiquartz [db]
# name 4 = t090C: Temperature [ITS-90, deg C]
# name 5 = t190C: Temperature, 2 [ITS-90, deg C]
# name 6 = potemp090C: Potential Temperature [ITS-90, deg C]
# name 7 = sal00: Salinity, Practical [PSU]
# name 8 = sal11: Salinity, Practical, 2 [PSU]
# name 9 = density00: Density [density, kg/m^3]
# name 10 = sigma-é00: Density [sigma-theta, kg/m^3]
# name 11 = sbox0Mm/Kg: Oxygen, SBE 43 [umol/kg]
# name 12 = sbox1Mm/Kg: Oxygen, SBE 43, 2 [umol/kg]
# name 13 = oxsolMm/Kg: Oxygen Saturation, Garcia & Gordon [umol/kg]
# name 14 = sbeox0PS: Oxygen, SBE 43 [% saturation]
# name 15 = v0: Voltage 0
# name 16 = flECO-AFL: Fluorescence, WET Labs ECO-AFL/FL [mg/m^3]
# name 17 = CStarAt0: Beam Attenuation, WET Labs C-Star [1/m]
# name 18 = par: PAR/Irradiance, Biospherical/Licor
# name 19 = scan: Scan Count
# name 20 = nbf: Bottles Fired
# name 21 = flag:  0.000e+00
# interval = seconds: 0.0416667
# start_time = Oct 03 2023 04:40:00 [NMEA time, first data scan]
# bad_flag = -9.990e-29
*END*
[from data line 791]
      2.962   65.78118 -168.84460      2.991     5.7009     5.7009     5.7006    27.9930    28.0059  1022.0674    22.0535    296.807    285.153  318.51024     93.186     0.2784     1.3223     0.8560 8.2595e-01      24256         17  0.000e+00
      2.908   65.78118 -168.84460      2.937     5.7006     5.7012     5.7004    27.9925    28.0058  1022.0668    22.0532    296.767    285.148  318.51322     93.173     0.2784     1.3223     0.8560 8.3395e-01      24257         17  0.000e+00
      2.908   65.78118 -168.84460      2.937     5.7008     5.7009     5.7006    27.9916    28.0063  1022.0661    22.0524    296.933    285.128  318.51393     93.224     0.2772     1.3150     0.8560 8.3932e-01      24258         17  0.000e+00
      2.908   65.78118 -168.84460      2.937     5.7006     5.7011     5.7004    27.9916    28.0061  1022.0661    22.0524    296.720    284.942  318.51550     93.157     0.2772     1.3150     0.8560 8.3932e-01      24259         17  0.000e+00
      2.908   65.78118 -168.84460      2.937     5.7006     5.7007     5.7004    27.9910    28.0063  1022.0656    22.0519    296.684    284.924  318.51685     93.145     0.2772     1.3150     0.8560 8.4473e-01      24260         17  0.000e+00
      2.908   65.78118 -168.84460      2.937     5.7006     5.7011     5.7004    27.9906    28.0058  1022.0653    22.0516    296.648    284.904  318.51778     93.134     0.2784     1.3223     0.8560 8.5016e-01      24261         17  0.000e+00
      2.962   65.78118 -168.84460      2.991     5.7004     5.7011     5.7002    27.9909    28.0057  1022.0658    22.0518    296.615    284.887  318.51836     93.123     0.2784     1.3223     0.8560 8.5016e-01      24262         17  0.000e+00
      2.908   65.78118 -168.84460      2.937     5.7004     5.7009     5.7002    27.9906    28.0058  1022.0653    22.0516    296.610    284.849  318.51906     93.122     0.2796     1.3297     0.8560 8.9758e-01      24263         17  0.000e+00
      2.908   65.78118 -168.84460      2.937     5.7004     5.7011     5.7002    27.9910    28.0057  1022.0656    22.0520    296.577    284.831  318.51805     93.112     0.2796     1.3297     0.8560 9.4135e-01      24264         17  0.000e+00
      2.908   65.78118 -168.84460      2.937     5.7004     5.7009     5.7002    27.9916    28.0064  1022.0661    22.0524    296.545    284.813  318.51670     93.102     0.2808     1.3370     0.8560 9.4733e-01      24265         17  0.000e+00
      2.962   65.78118 -168.84460      2.991     5.7004     5.7007     5.7002    27.9904    28.0070  1022.0654    22.0515    296.551    284.800  318.51954     93.103     0.2796     1.3297     0.8560 9.5033e-01      24266         17  0.000e+00
      2.908   65.78118 -168.84460      2.937     5.7006     5.7011     5.7004    27.9902    28.0071  1022.0650    22.0513    296.552    284.780  318.51879     93.103     0.2796     1.3297     0.8560 9.5636e-01      24267         17  0.000e+00
      2.908   65.78118 -168.84460      2.937     5.7006     5.7012     5.7004    27.9903    28.0071  1022.0651    22.0514    296.527    284.765  318.51845     93.096     0.2796     1.3297     0.8560 9.5939e-01      24268         17  0.000e+00
      2.962   65.78118 -168.84460      2.992     5.7007     5.7011     5.7005    27.9902    28.0072  1022.0653    22.0513    296.536    284.550  318.51793     93.099     0.2808     1.3370     0.8560 9.2070e-01      24269         17  0.000e+00
      2.908   65.78118 -168.84460      2.937     5.7008     5.7011     5.7006    27.9903    28.0069  1022.0651    22.0514    296.543    284.517  318.51688     93.101     0.2796     1.3297     0.8560 8.6111e-01      24270         17  0.000e+00
      2.962   65.78118 -168.84460      2.992     5.7008     5.7009     5.7006    27.9902    28.0070  1022.0652    22.0513    296.353    284.470  318.51728     93.041     0.2796     1.3297     0.8560 8.4744e-01      24271         17  0.000e+00
      2.962   65.78118 -168.84460      2.992     5.7008     5.7009     5.7006    27.9901    28.0066  1022.0652    22.0512    296.340    284.442  318.51736     93.037     0.2808     1.3370     0.8496 8.3932e-01      24272         17  0.000e+00
      2.908   65.78118 -168.84460      2.937     5.7011     5.7011     5.7009    27.9895    28.0058  1022.0644    22.0507    296.327    284.412  318.51651     93.033     0.2796     1.3297     0.8406 8.1539e-01      24273         17  0.000e+00
      2.962   65.78118 -168.84460      2.992     5.7013     5.7012     5.7011    27.9889    28.0057  1022.0642    22.0502    296.323    284.387  318.51680     93.032     0.2808     1.3370     0.8381 8.0755e-01      24274         17  0.000e+00
      2.962   65.78118 -168.84460      2.992     5.7013     5.7011     5.7011    27.9886    28.0064  1022.0639    22.0500    296.321    284.546  318.51756     93.031     0.2796     1.3297     0.8394 8.1539e-01      24275         17  0.000e+00
      2.962   65.78118 -168.84460      2.992     5.7014     5.7011     5.7012    27.9880    28.0064  1022.0634    22.0495    296.292    284.357  318.51771     93.022     0.2808     1.3370     0.8406 8.4202e-01      24276         17  0.000e+00
      2.962   65.78118 -168.84460      2.992     5.7011     5.7011     5.7009    27.9882    28.0063  1022.0636    22.0497    296.267    284.335  318.51968     93.014     0.2808     1.3370     0.8406 8.5289e-01      24277         17  0.000e+00
      2.962   65.78118 -168.84460      2.992     5.7014     5.7010     5.7012    27.9877    28.0063  1022.0632    22.0492    296.272    284.315  318.51847     93.016     0.2808     1.3370     0.8394 8.5016e-01      24278         17  0.000e+00
      2.962   65.78118 -168.84460      2.992     5.7014     5.7011     5.7012    27.9878    28.0065  1022.0633    22.0494    296.250    284.295  318.51813     93.009     0.2796     1.3297     0.8394 8.2861e-01      24279         17  0.000e+00
      2.908   65.78118 -168.84460      2.937     5.7013     5.7014     5.7011    27.9881    28.0061  1022.0632    22.0496    296.435    284.274  318.51877     93.067     0.2808     1.3370     0.8394 8.1802e-01      24280         17  0.000e+00
      2.962   65.78118 -168.84460      2.992     5.7013     5.7012     5.7011    27.9876    28.0062  1022.0632    22.0492    296.246    284.261  318.51975     93.007     0.2796     1.3297     0.8394 8.2066e-01      24281         17  0.000e+00
      3.024   65.78118 -168.84460      3.054     5.7013     5.7011     5.7011    27.9875    28.0063  1022.0633    22.0491    296.234    284.250  318.51978     93.003     0.2808     1.3370     0.8406 8.5289e-01      24282         17  0.000e+00
      2.908   65.78118 -168.84460      2.937     5.7013     5.7010     5.7011    27.9876    28.0065  1022.0628    22.0492    296.248    284.253  318.51995     93.008     0.2808     1.3370     0.8394 8.7219e-01      24283         17  0.000e+00
      2.962   65.78118 -168.84460      2.992     5.7011     5.7011     5.7009    27.9877    28.0070  1022.0632    22.0493    296.242    284.263  318.52086     93.006     0.2808     1.3370     0.8406 8.7498e-01      24284         17  0.000e+00
      2.962   65.78118 -168.84460      2.992     5.7013     5.7012     5.7011    27.9870    28.0068  1022.0626    22.0487    296.236    284.274  318.52135     93.004     0.2796     1.3297     0.8394 8.9473e-01      24285         17  0.000e+00
      2.962   65.78118 -168.84460      2.992     5.7010     5.7011     5.7007    27.9870    28.0066  1022.0627    22.0488    296.235    284.270  318.52350     93.003     0.2808     1.3370     0.8406 9.0908e-01      24286         17  0.000e+00
      3.024   65.78118 -168.84460      3.054     5.7011     5.7011     5.7009    27.9869    28.0065  1022.0629    22.0486    296.031    284.269  318.52270     92.939     0.2784     1.3223     0.8394 9.1487e-01      24287         17  0.000e+00
      2.962   65.78118 -168.84460      2.992     5.7010     5.7009     5.7007    27.9870    28.0069  1022.0627    22.0488    296.207    284.284  318.52350     92.994     0.2772     1.3150     0.8394 8.9189e-01      24288         17  0.000e+00
      2.939   65.78118 -168.84460      2.969     5.7011     5.7010     5.7009    27.9867    28.0067  1022.0623    22.0485    296.210    284.487  318.52312     92.995     0.2747     1.3004     0.8394 8.6941e-01      24289         17  0.000e+00
      2.962   65.78118 -168.84460      2.992     5.7011     5.7012     5.7009    27.9867    28.0060  1022.0624    22.0485    296.219    284.508  318.52323     92.998     0.2759     1.3077     0.8406 8.6387e-01      24290         17  0.000e+00
      2.962   65.78118 -168.84460      2.992     5.7010     5.7014     5.7007    27.9868    28.0057  1022.0625    22.0486    296.229    284.529  318.52409     93.001     0.2747     1.3004     0.8406 8.4473e-01      24291         17  0.000e+00
      2.963   65.78118 -168.84460      2.992     5.7010     5.7014     5.7007    27.9864    28.0057  1022.0622    22.0483    296.243    284.552  318.52502     93.004     0.2759     1.3077     0.8483 8.1802e-01      24292         17  0.000e+00
      2.963   65.78118 -168.84460      2.992     5.7010     5.7014     5.7007    27.9867    28.0055  1022.0624    22.0485    296.461    284.575  318.52443     93.073     0.2747     1.3004     0.8689 8.1015e-01      24293         17  0.000e+00
      2.963   65.78118 -168.84460      2.992     5.7011     5.7014     5.7009    27.9868    28.0054  1022.0626    22.0486    296.300    284.415  318.52280     93.023     0.2759     1.3077     0.8753 8.0235e-01      24294         17  0.000e+00
      2.963   65.78118 -168.84460      2.992     5.7011     5.7015     5.7009    27.9865    28.0048  1022.0623    22.0484    296.319    284.605  318.52356     93.029     0.2747     1.3004     0.8753 7.8695e-01      24295         17  0.000e+00
      2.963   65.78118 -168.84460      2.992     5.7010     5.7014     5.7008    27.9861    28.0052  1022.0620    22.0480    296.342    284.448  318.52532     93.036     0.2759     1.3077     0.8740 7.7934e-01      24296         17  0.000e+00
      2.963   65.78118 -168.84460      2.992     5.7008     5.7015     5.7006    27.9865    28.0048  1022.0623    22.0484    296.335    284.456  318.52588     93.033     0.2747     1.3004     0.8740 7.8187e-01      24297         17  0.000e+00
