EcoFOCI/data/1_SampleCollection/2023_SikuliaqDBO_CruiseData/CTD_raw_BottleFile_SKQ23-12S/proc/skq202312s_033.cnv
* Sea-Bird SBE 9 Data File:
* FileName = D:\CTD\SKQ202312S\SKQ202312S_033.hex
* Software Version Seasave V 7.26.7.121
* Temperature SN = 6177
* Conductivity SN = 0369
* Number of Bytes Per Scan = 41
* Number of Voltage Words = 4
* Number of Scans Averaged by the Deck Unit = 1
* NMEA Latitude = 71 34.65 N
* NMEA Longitude = 157 50.24 W
* NMEA UTC (Time) = Sep 21 2023  14:22:10
* NMEA baud rate = 4800
** Ship: R/V Sikuliaq
** Station Number: 033
** Station Name: DBO5.9
** Bottom Depth: 66
** Operator: SD
# nquan = 24
# nvalues = 6364                                  
# units = specified
# name 0 = depSM: Depth [salt water, m]
# name 1 = latitude: Latitude [deg]
# name 2 = longitude: Longitude [deg]
# name 3 = prDM: Pressure, Digiquartz [db]
# name 4 = t090C: Temperature [ITS-90, deg C]
# name 5 = t190C: Temperature, 2 [ITS-90, deg C]
# name 6 = potemp090C: Potential Temperature [ITS-90, deg C]
# name 7 = sal00: Salinity, Practical [PSU]
# name 8 = sal11: Salinity, Practical, 2 [PSU]
# name 9 = density00: Density [density, kg/m^3]
# name 10 = sigma-é00: Density [sigma-theta, kg/m^3]
# name 11 = sbox0Mm/Kg: Oxygen, SBE 43 [umol/kg]
# name 12 = sbox1Mm/Kg: Oxygen, SBE 43, 2 [umol/kg]
# name 13 = oxsolMm/Kg: Oxygen Saturation, Garcia & Gordon [umol/kg]
# name 14 = sbeox0PS: Oxygen, SBE 43 [% saturation]
# name 15 = sbeox1PS: Oxygen, SBE 43, 2 [% saturation]
# name 16 = v0: Voltage 0
# name 17 = flECO-AFL: Fluorescence, WET Labs ECO-AFL/FL [mg/m^3]
# name 18 = v1: Voltage 1
# name 19 = CStarAt0: Beam Attenuation, WET Labs C-Star [1/m]
# name 20 = par: PAR/Irradiance, Biospherical/Licor
# name 21 = scan: Scan Count
# name 22 = timeM: Time, Elapsed [minutes]
# name 23 = flag:  0.000e+00
# span 0 =      2.472,     59.570                 
# span 1 =   71.57744,   71.57752                 
# span 2 = -157.83780, -157.83732                 
# span 3 =      2.497,     60.194                 
# span 4 =    -1.6373,     2.2384                 
# span 5 =    -1.6358,     2.2397                 
# span 6 =    -1.6384,     2.2382                 
# span 7 =    29.9692,    32.9009                 
# span 8 =    30.0823,    32.9111                 
# span 9 =  1023.9801,  1026.7604                 
# span 10 =    23.9328,    26.4705                
# span 11 =    272.003,    453.888                
# span 12 =    258.249,    427.794                
# span 13 =  341.24442,  369.61372                
# span 14 =     73.633,    124.768                
# span 15 =     69.921,    117.528                
# span 16 =     0.0659,     0.1648                
# span 17 =     0.0476,     0.6410                
# span 18 =     2.7949,     4.1844                
# span 19 =     0.4754,     2.0902                
# span 20 = 1.0000e-12, 6.2309e-01                
# span 21 =          1,       6364                
# span 22 =     0.0000,     4.4188                
# span 23 = 0.0000e+00, 0.0000e+00                
# interval = seconds: 0.0416667
# start_time = Sep 21 2023 14:28:00 [NMEA time, first data scan]
# bad_flag = -9.990e-29
*END*
[from data line 5495]
     59.113   71.57750 -157.83740     59.732    -1.6359    -1.6343    -1.6370    32.8998    32.9100  1026.7580    26.4696    274.345    259.605  369.41318     74.265     70.284     0.0757     0.1062     2.8156     2.0606 8.4714e-06       5496     3.8160  0.000e+00
     59.113   71.57750 -157.83740     59.732    -1.6359    -1.6343    -1.6370    32.9000    32.9097  1026.7581    26.4698    274.347    259.624  369.41268     74.266     70.289     0.0769     0.1135     2.8144     2.0623 8.4714e-06       5497     3.8167  0.000e+00
     59.175   71.57750 -157.83740     59.794    -1.6360    -1.6346    -1.6371    32.9002    32.9099  1026.7586    26.4699    274.402    259.614  369.41331     74.280     70.285     0.0757     0.1062     2.8120     2.0658 8.4714e-06       5498     3.8174  0.000e+00
     59.113   71.57750 -157.83740     59.732    -1.6359    -1.6347    -1.6370    32.9000    32.9101  1026.7581    26.4697    274.399    259.596  369.41280     74.280     70.280     0.0757     0.1062     2.8107     2.0676 8.4714e-06       5499     3.8181  0.000e+00
     59.175   71.57750 -157.83740     59.794    -1.6357    -1.6352    -1.6368    32.9005    32.9106  1026.7588    26.4701    274.396    259.617  369.40959     74.280     70.286     0.0757     0.1062     2.8120     2.0658 8.4714e-06       5500     3.8188  0.000e+00
     59.167   71.57750 -157.83740     59.786    -1.6356    -1.6349    -1.6366    32.8999    32.9103  1026.7583    26.4697    274.131    259.632  369.40955     74.208     70.290     0.0757     0.1062     2.8107     2.0676 8.4714e-06       5501     3.8194  0.000e+00
     59.175   71.57750 -157.83740     59.794    -1.6357    -1.6352    -1.6368    32.9000    32.9108  1026.7584    26.4697    273.818    259.649  369.41099     74.123     70.294     0.0745     0.0989     2.8107     2.0676 1.0000e-12       5502     3.8201  0.000e+00
     59.175   71.57750 -157.83740     59.794    -1.6359    -1.6352    -1.6370    32.9003    32.9103  1026.7587    26.4700    273.717    259.667  369.41178     74.095     70.299     0.0757     0.1062     2.8107     2.0676 8.4714e-06       5503     3.8208  0.000e+00
     59.229   71.57750 -157.83740     59.849    -1.6356    -1.6354    -1.6366    32.8999    32.9106  1026.7586    26.4697    273.824    259.686  369.40941     74.125     70.304     0.0757     0.1062     2.8107     2.0676 1.0000e-12       5504     3.8215  0.000e+00
     59.175   71.57750 -157.83740     59.794    -1.6357    -1.6352    -1.6368    32.8999    32.9106  1026.7583    26.4697    273.771    259.929  369.41124     74.110     70.370     0.0745     0.0989     2.8107     2.0676 8.4714e-06       5505     3.8222  0.000e+00
     59.229   71.57750 -157.83740     59.849    -1.6359    -1.6352    -1.6370    32.8999    32.9105  1026.7586    26.4697    273.723    259.748  369.41301     74.097     70.321     0.0757     0.1062     2.8107     2.0676 1.0000e-12       5506     3.8229  0.000e+00
     59.229   71.57750 -157.83740     59.849    -1.6362    -1.6352    -1.6373    32.9003    32.9107  1026.7589    26.4700    273.672    259.729  369.41471     74.083     70.316     0.0745     0.0989     2.8107     2.0676 1.0000e-12       5507     3.8236  0.000e+00
     59.175   71.57750 -157.83740     59.794    -1.6361    -1.6352    -1.6372    32.9003    32.9106  1026.7587    26.4700    273.878    259.707  369.41409     74.138     70.310     0.0757     0.1062     2.8107     2.0676 8.4714e-06       5508     3.8243  0.000e+00
     59.229   71.57750 -157.83740     59.849    -1.6362    -1.6354    -1.6373    32.8998    32.9107  1026.7586    26.4696    273.617    259.688  369.41610     74.067     70.305     0.0769     0.1135     2.8120     2.0658 8.4714e-06       5509     3.8250  0.000e+00
     59.290   71.57750 -157.83740     59.911    -1.6362    -1.6352    -1.6373    32.9001    32.9102  1026.7591    26.4699    273.824    259.701  369.41520     74.124     70.308     0.0757     0.1062     2.8107     2.0676 1.0000e-12       5510     3.8257  0.000e+00
     59.229   71.57750 -157.83740     59.849    -1.6360    -1.6351    -1.6371    32.9002    32.9100  1026.7588    26.4699    273.814    259.675  369.41341     74.121     70.301     0.0757     0.1062     2.8107     2.0676 8.4714e-06       5511     3.8264  0.000e+00
     59.229   71.57750 -157.83740     59.849    -1.6360    -1.6352    -1.6371    32.8999    32.9104  1026.7586    26.4697    273.806    259.685  369.41417     74.119     70.304     0.0757     0.1062     2.8107     2.0676 8.4714e-06       5512     3.8271  0.000e+00
     59.290   71.57750 -157.83740     59.911    -1.6362    -1.6351    -1.6373    32.9003    32.9106  1026.7593    26.4700    273.799    259.695  369.41456     74.117     70.307     0.0757     0.1062     2.8107     2.0676 1.0000e-12       5513     3.8278  0.000e+00
     59.229   71.57752 -157.83740     59.849    -1.6359    -1.6351    -1.6370    32.8996    32.9105  1026.7584    26.4694    273.783    259.669  369.41377     74.113     70.300     0.0745     0.0989     2.8107     2.0676 8.4714e-06       5514     3.8285  0.000e+00
     59.290   71.57752 -157.83740     59.911    -1.6360    -1.6354    -1.6371    32.9004    32.9107  1026.7593    26.4701    273.822    259.647  369.41264     74.124     70.293     0.0757     0.1062     2.8107     2.0676 8.4714e-06       5515     3.8292  0.000e+00
     59.229   71.57752 -157.83740     59.849    -1.6359    -1.6352    -1.6370    32.9001    32.9105  1026.7587    26.4698    273.857    259.617  369.41251     74.133     70.285     0.0769     0.1135     2.8107     2.0676 8.4714e-06       5516     3.8299  0.000e+00
     59.290   71.57752 -157.83740     59.911    -1.6360    -1.6350    -1.6371    32.8999    32.9102  1026.7589    26.4696    273.846    259.854  369.41428     74.130     70.350     0.0757     0.1062     2.8107     2.0676 1.0000e-12       5517     3.8306  0.000e+00
     59.290   71.57752 -157.83740     59.911    -1.6360    -1.6351    -1.6371    32.8998    32.9103  1026.7588    26.4696    273.830    259.660  369.41441     74.125     70.297     0.0757     0.1062     2.8071     2.0728 8.4714e-06       5518     3.8312  0.000e+00
     59.290   71.57752 -157.83740     59.911    -1.6360    -1.6352    -1.6371    32.9000    32.9105  1026.7590    26.4698    273.810    259.631  369.41378     74.120     70.289     0.0745     0.0989     2.8034     2.0780 1.0000e-12       5519     3.8319  0.000e+00
     59.290   71.57752 -157.83740     59.911    -1.6362    -1.6352    -1.6373    32.9000    32.9105  1026.7590    26.4697    273.583    259.600  369.41571     74.058     70.281     0.0757     0.1062     2.8034     2.0780 1.0000e-12       5520     3.8326  0.000e+00
     59.283   71.57752 -157.83740     59.903    -1.6360    -1.6352    -1.6371    32.8998    32.9102  1026.7588    26.4696    273.825    259.602  369.41452     74.124     70.281     0.0769     0.1135     2.8034     2.0780 8.4714e-06       5521     3.8333  0.000e+00
     59.290   71.57752 -157.83740     59.911    -1.6362    -1.6352    -1.6373    32.9002    32.9106  1026.7592    26.4699    273.860    259.602  369.41495     74.133     70.282     0.0757     0.1062     2.8034     2.0780 8.4714e-06       5522     3.8340  0.000e+00
     59.290   71.57752 -157.83740     59.911    -1.6362    -1.6350    -1.6373    32.9002    32.9104  1026.7591    26.4699    273.893    259.603  369.41507     74.142     70.282     0.0781     0.1209     2.8034     2.0780 8.4714e-06       5523     3.8347  0.000e+00
     59.290   71.57752 -157.83740     59.911    -1.6362    -1.6354    -1.6373    32.9000    32.9107  1026.7590    26.4698    273.927    259.606  369.41545     74.151     70.282     0.0781     0.1209     2.8034     2.0780 8.4714e-06       5524     3.8354  0.000e+00
     59.290   71.57752 -157.83740     59.911    -1.6365    -1.6351    -1.6376    32.9003    32.9104  1026.7593    26.4700    273.962    259.606  369.41752     74.161     70.283     0.0781     0.1209     2.8034     2.0780 1.0000e-12       5525     3.8361  0.000e+00
     59.290   71.57752 -157.83740     59.911    -1.6365    -1.6354    -1.6376    32.9003    32.9107  1026.7593    26.4700    273.735    259.840  369.41752     74.099     70.346     0.0781     0.1209     2.8034     2.0780 8.4714e-06       5526     3.8368  0.000e+00
     59.290   71.57752 -157.83740     59.911    -1.6362    -1.6351    -1.6373    32.8999    32.9104  1026.7589    26.4696    273.719    259.870  369.41596     74.095     70.354     0.0781     0.1209     2.8034     2.0780 8.4714e-06       5527     3.8375  0.000e+00
     59.290   71.57752 -157.83740     59.911    -1.6365    -1.6354    -1.6376    32.9003    32.9104  1026.7592    26.4700    273.969    259.870  369.41765     74.162     70.354     0.0781     0.1209     2.8034     2.0780 1.0000e-12       5528     3.8382  0.000e+00
     59.344   71.57752 -157.83740     59.965    -1.6364    -1.6351    -1.6375    32.9002    32.9100  1026.7594    26.4699    273.747    259.899  369.41684     74.103     70.362     0.0781     0.1209     2.8034     2.0780 8.4714e-06       5529     3.8389  0.000e+00
     59.290   71.57752 -157.83740     59.911    -1.6364    -1.6353    -1.6375    32.9000    32.9105  1026.7590    26.4697    273.996    259.925  369.41802     74.170     70.369     0.0781     0.1209     2.8034     2.0780 1.0000e-12       5530     3.8396  0.000e+00
     59.283   71.57752 -157.83740     59.903    -1.6365    -1.6352    -1.6376    32.9002    32.9105  1026.7591    26.4699    273.983    259.949  369.41789     74.166     70.375     0.0781     0.1209     2.8034     2.0780 8.4714e-06       5531     3.8403  0.000e+00
     59.290   71.57752 -157.83740     59.911    -1.6364    -1.6351    -1.6375    32.9002    32.9101  1026.7592    26.4699    273.968    259.974  369.41675     74.162     70.382     0.0781     0.1209     2.8034     2.0780 8.4714e-06       5532     3.8410  0.000e+00
     59.229   71.57752 -157.83740     59.848    -1.6365    -1.6352    -1.6376    32.9006    32.9104  1026.7592    26.4702    273.949    259.961  369.41678     74.157     70.379     0.0769     0.1135     2.8034     2.0780 1.0000e-12       5533     3.8417  0.000e+00
     59.344   71.57752 -157.83740     59.965    -1.6362    -1.6351    -1.6373    32.9001    32.9100  1026.7594    26.4699    273.985    259.721  369.41517     74.167     70.314     0.0781     0.1209     2.8034     2.0780 8.4714e-06       5534     3.8424  0.000e+00
     59.228   71.57752 -157.83740     59.848    -1.6364    -1.6352    -1.6375    32.9005    32.9106  1026.7591    26.4702    273.755    259.934  369.41587     74.105     70.371     0.0794     0.1282     2.8034     2.0780 8.4714e-06       5535     3.8431  0.000e+00
     59.290   71.57752 -157.83740     59.911    -1.6362    -1.6352    -1.6373    32.9000    32.9103  1026.7590    26.4698    273.482    259.724  369.41545     74.031     70.314     0.0781     0.1209     2.8034     2.0780 1.0000e-12       5536     3.8438  0.000e+00
     59.290   71.57752 -157.83740     59.911    -1.6362    -1.6352    -1.6373    32.8999    32.9103  1026.7589    26.4696    273.682    259.939  369.41596     74.085     70.373     0.0781     0.1209     2.8034     2.0780 8.4714e-06       5537     3.8444  0.000e+00
     59.290   71.57752 -157.83740     59.911    -1.6360    -1.6354    -1.6371    32.9000    32.9104  1026.7590    26.4697    273.619    259.726  369.41390     74.068     70.315     0.0781     0.1209     2.8034     2.0780 1.0000e-12       5538     3.8451  0.000e+00
     59.228   71.57752 -157.83740     59.848    -1.6360    -1.6354    -1.6371    32.9002    32.9103  1026.7588    26.4699    273.608    259.708  369.41341     74.066     70.310     0.0781     0.1209     2.8059     2.0745 8.4714e-06       5539     3.8458  0.000e+00
     59.282   71.57752 -157.83740     59.903    -1.6362    -1.6352    -1.6373    32.9000    32.9101  1026.7589    26.4697    273.606    259.693  369.41569     74.064     70.306     0.0794     0.1282     2.8059     2.0745 8.4714e-06       5540     3.8465  0.000e+00
     59.290   71.57752 -157.83740     59.911    -1.6360    -1.6352    -1.6371    32.9000    32.9103  1026.7590    26.4697    273.600    259.676  369.41390     74.063     70.301     0.0781     0.1209     2.8059     2.0745 1.0000e-12       5541     3.8472  0.000e+00
     59.228   71.57752 -157.83740     59.848    -1.6359    -1.6355    -1.6370    32.9000    32.9111  1026.7587    26.4698    273.595    259.659  369.41263     74.062     70.297     0.0781     0.1209     2.8059     2.0745 1.0000e-12       5542     3.8479  0.000e+00
     59.228   71.57752 -157.83740     59.848    -1.6356    -1.6351    -1.6366    32.8999    32.9105  1026.7586    26.4696    273.332    259.640  369.40967     73.992     70.292     0.0769     0.1135     2.8059     2.0745 8.4714e-06       5543     3.8486  0.000e+00
     59.228   71.57752 -157.83740     59.848    -1.6356    -1.6353    -1.6366    32.8998    32.9101  1026.7585    26.4696    273.494    259.627  369.40979     74.035     70.288     0.0781     0.1209     2.8059     2.0745 1.0000e-12       5544     3.8493  0.000e+00
     59.228   71.57752 -157.83740     59.848    -1.6354    -1.6352    -1.6365    32.8996    32.9101  1026.7583    26.4694    273.238    259.610  369.40940     73.966     70.283     0.0781     0.1209     2.8059     2.0745 1.0000e-12       5545     3.8500  0.000e+00
     59.228   71.57752 -157.83740     59.848    -1.6352    -1.6354    -1.6362    32.8992    32.9101  1026.7580    26.4691    273.194    259.825  369.40758     73.955     70.341     0.0781     0.1209     2.8059     2.0745 8.4714e-06       5546     3.8507  0.000e+00
     59.228   71.57752 -157.83740     59.848    -1.6352    -1.6355    -1.6362    32.8991    32.9102  1026.7579    26.4690    273.417    259.841  369.40796     74.015     70.345     0.0794     0.1282     2.8059     2.0745 1.0000e-12       5547     3.8514  0.000e+00
     59.228   71.57752 -157.83740     59.848    -1.6350    -1.6352    -1.6361    32.8994    32.9101  1026.7582    26.4692    273.429    259.852  369.40527     74.019     70.349     0.0794     0.1282     2.8059     2.0745 8.4714e-06       5548     3.8521  0.000e+00
     59.228   71.57752 -157.83740     59.848    -1.6348    -1.6354    -1.6359    32.8987    32.9103  1026.7576    26.4687    273.446    259.635  369.40550     74.023     70.290     0.0806     0.1355     2.8059     2.0745 8.4714e-06       5549     3.8528  0.000e+00
     59.167   71.57752 -157.83740     59.786    -1.6350    -1.6353    -1.6361    32.8996    32.9101  1026.7580    26.4694    273.150    259.612  369.40465     73.943     70.284     0.0794     0.1282     2.8059     2.0745 1.0000e-12       5550     3.8535  0.000e+00
     59.228   71.57752 -157.83740     59.848    -1.6348    -1.6352    -1.6359    32.8994    32.9101  1026.7582    26.4692    273.277    259.593  369.40359     73.978     70.279     0.0806     0.1355     2.8059     2.0745 1.0000e-12       5551     3.8542  0.000e+00
     59.174   71.57752 -157.83740     59.794    -1.6348    -1.6352    -1.6358    32.8993    32.9102  1026.7579    26.4692    272.929    259.801  369.40311     73.884     70.335     0.0794     0.1282     2.8059     2.0745 1.0000e-12       5552     3.8549  0.000e+00
     59.174   71.57752 -157.83740     59.794    -1.6348    -1.6351    -1.6359    32.8990    32.9101  1026.7576    26.4689    272.847    259.811  369.40476     73.861     70.338     0.0806     0.1355     2.8059     2.0745 8.4714e-06       5553     3.8556  0.000e+00
     59.174   71.57752 -157.83740     59.794    -1.6348    -1.6351    -1.6359    32.8990    32.9101  1026.7576    26.4689    273.025    259.624  369.40476     73.910     70.287     0.0806     0.1355     2.8059     2.0745 8.4714e-06       5554     3.8563  0.000e+00
