EcoFOCI/data/1_SampleCollection/2023_SikuliaqDBO_CruiseData/CTD_raw_BottleFile_SKQ23-12S/proc/skq202312s_047.cnv
* Sea-Bird SBE 9 Data File:
* FileName = D:\CTD\SKQ202312S\SKQ202312S_047.hex
* Software Version Seasave V 7.26.7.121
* Temperature SN = 6177
* Conductivity SN = 0369
* Number of Bytes Per Scan = 41
* Number of Voltage Words = 4
* Number of Scans Averaged by the Deck Unit = 1
* NMEA Latitude = 71 43.16 N
* NMEA Longitude = 161 46.33 W
* NMEA UTC (Time) = Sep 25 2023  03:05:57
* NMEA baud rate = 4800
** Ship: R/V Sikuliaq
** Station Number: 047
** Station Name: DBO4.5n
** Bottom Depth: 44
** Operator: SS
# nquan = 24
# nvalues = 4426                                  
# units = specified
# name 0 = depSM: Depth [salt water, m]
# name 1 = latitude: Latitude [deg]
# name 2 = longitude: Longitude [deg]
# name 3 = prDM: Pressure, Digiquartz [db]
# name 4 = t090C: Temperature [ITS-90, deg C]
# name 5 = t190C: Temperature, 2 [ITS-90, deg C]
# name 6 = potemp090C: Potential Temperature [ITS-90, deg C]
# name 7 = sal00: Salinity, Practical [PSU]
# name 8 = sal11: Salinity, Practical, 2 [PSU]
# name 9 = density00: Density [density, kg/m^3]
# name 10 = sigma-é00: Density [sigma-theta, kg/m^3]
# name 11 = sbox0Mm/Kg: Oxygen, SBE 43 [umol/kg]
# name 12 = sbox1Mm/Kg: Oxygen, SBE 43, 2 [umol/kg]
# name 13 = oxsolMm/Kg: Oxygen Saturation, Garcia & Gordon [umol/kg]
# name 14 = sbeox0PS: Oxygen, SBE 43 [% saturation]
# name 15 = sbeox1PS: Oxygen, SBE 43, 2 [% saturation]
# name 16 = v0: Voltage 0
# name 17 = flECO-AFL: Fluorescence, WET Labs ECO-AFL/FL [mg/m^3]
# name 18 = v1: Voltage 1
# name 19 = CStarAt0: Beam Attenuation, WET Labs C-Star [1/m]
# name 20 = par: PAR/Irradiance, Biospherical/Licor
# name 21 = scan: Scan Count
# name 22 = timeM: Time, Elapsed [minutes]
# name 23 = flag:  0.000e+00
# span 0 =      2.553,     37.926                 
# span 1 =   71.71928,   71.71930                 
# span 2 = -161.77234, -161.77228                 
# span 3 =      2.579,     38.322                 
# span 4 =    -0.7205,     2.3194                 
# span 5 =    -0.7210,     2.3200                 
# span 6 =    -0.7210,     2.3189                 
# span 7 =    27.6069,    32.6544                 
# span 8 =    27.6335,    32.6662                 
# span 9 =  1022.0875,  1026.4219                 
# span 10 =    22.0579,    26.2392                
# span 11 =    288.827,    473.490                
# span 12 =    274.424,    447.819                
# span 13 =  345.07783,  361.78480                
# span 14 =     80.082,    130.885                
# span 15 =     76.082,    123.792                
# span 16 =     0.0952,     0.4554                
# span 17 =     0.2234,     2.3846                
# span 18 =     2.8278,     4.1722                
# span 19 =     0.4871,     2.0433                
# span 20 = 3.9846e-02, 3.9281e+01                
# span 21 =          1,       4426                
# span 22 =     0.0000,     3.0729                
# span 23 = 0.0000e+00, 0.0000e+00                
# interval = seconds: 0.0416667
# start_time = Sep 25 2023 03:09:44 [NMEA time, first data scan]
# bad_flag = -9.990e-29
*END*
[from data line 1691]
     11.146   71.71930 -161.77232     11.261     2.2616     2.2488     2.2611    28.0456    28.0672  1022.4419    22.3884    338.493    322.187  346.41914     97.712     92.990     0.1172     0.3553     4.1722     0.4871 1.3192e+01       1692     1.1743  0.000e+00
     11.123   71.71930 -161.77232     11.238     2.2590     2.2469     2.2585    28.0477    28.0688  1022.4436    22.3902    338.532    322.398  346.43648     97.718     93.048     0.1160     0.3480     4.1709     0.4882 1.3154e+01       1693     1.1750  0.000e+00
     11.177   71.71930 -161.77232     11.293     2.2570     2.2447     2.2565    28.0490    28.0706  1022.4451    22.3914    338.612    322.433  346.45002     97.738     93.054     0.1172     0.3553     4.1709     0.4882 1.3154e+01       1694     1.1757  0.000e+00
     11.177   71.71930 -161.77232     11.293     2.2539     2.2427     2.2534    28.0520    28.0723  1022.4477    22.3940    338.661    322.466  346.46979     97.746     93.060     0.1172     0.3553     4.1709     0.4882 1.3117e+01       1695     1.1764  0.000e+00
     11.239   71.71930 -161.77232     11.355     2.2516     2.2409     2.2512    28.0538    28.0736  1022.4496    22.3956    338.747    322.501  346.48450     97.767     93.067     0.1172     0.3553     4.1709     0.4882 1.3117e+01       1696     1.1771  0.000e+00
     11.177   71.71930 -161.77232     11.293     2.2495     2.2390     2.2490    28.0555    28.0751  1022.4508    22.3971    338.792    322.534  346.49909     97.776     93.073     0.1172     0.3553     4.1709     0.4882 1.3080e+01       1697     1.1778  0.000e+00
     11.239   71.71930 -161.77232     11.355     2.2474     2.2371     2.2469    28.0572    28.0766  1022.4526    22.3986    338.842    322.572  346.51255     97.786     93.080     0.1172     0.3553     4.1709     0.4882 1.3080e+01       1698     1.1785  0.000e+00
     11.208   71.71930 -161.77232     11.324     2.2456     2.2348     2.2451    28.0585    28.0785  1022.4536    22.3997    338.888    322.610  346.52539     97.796     93.087     0.1172     0.3553     4.1709     0.4882 1.3080e+01       1699     1.1792  0.000e+00
     11.238   71.71930 -161.77232     11.355     2.2435     2.2326     2.2430    28.0603    28.0804  1022.4553    22.4013    338.940    322.419  346.53872     97.807     93.028     0.1184     0.3626     4.1709     0.4882 1.3043e+01       1700     1.1799  0.000e+00
     11.292   71.71930 -161.77232     11.409     2.2416     2.2312     2.2411    28.0617    28.0814  1022.4568    22.4025    338.724    322.612  346.55217     97.741     93.081     0.1221     0.3846     4.1722     0.4871 1.3006e+01       1701     1.1806  0.000e+00
     11.292   71.71930 -161.77232     11.409     2.2399     2.2302     2.2394    28.0625    28.0824  1022.4576    22.4033    338.969    322.643  346.56470     97.808     93.089     0.1209     0.3773     4.1722     0.4871 1.3006e+01       1702     1.1812  0.000e+00
     11.238   71.71930 -161.77232     11.355     2.2382     2.2292     2.2377    28.0640    28.0830  1022.4586    22.4046    339.019    322.675  346.57547     97.820     93.096     0.1221     0.3846     4.1709     0.4882 1.2969e+01       1703     1.1819  0.000e+00
     11.292   71.71930 -161.77232     11.409     2.2365     2.2284     2.2360    28.0656    28.0839  1022.4602    22.4060    339.076    322.708  346.58653     97.833     93.104     0.1209     0.3773     4.1722     0.4871 1.2969e+01       1704     1.1826  0.000e+00
     11.346   71.71930 -161.77232     11.464     2.2346     2.2278     2.2341    28.0673    28.0848  1022.4619    22.4074    339.136    322.742  346.59884     97.847     93.113     0.1221     0.3846     4.1722     0.4871 1.2969e+01       1705     1.1833  0.000e+00
     11.292   71.71930 -161.77232     11.409     2.2332     2.2271     2.2327    28.0690    28.0859  1022.4632    22.4089    339.147    322.747  346.60656     97.848     93.114     0.1221     0.3846     4.1722     0.4871 1.2932e+01       1706     1.1840  0.000e+00
     11.323   71.71930 -161.77232     11.440     2.2316     2.2261     2.2311    28.0704    28.0871  1022.4645    22.4101    339.125    322.783  346.61665     97.839     93.123     0.1221     0.3846     4.1709     0.4882 1.2932e+01       1707     1.1847  0.000e+00
     11.346   71.71930 -161.77232     11.464     2.2305     2.2254     2.2300    28.0719    28.0880  1022.4659    22.4114    339.136    322.818  346.62228     97.840     93.132     0.1221     0.3846     4.1709     0.4882 1.2932e+01       1708     1.1854  0.000e+00
     11.346   71.71930 -161.77232     11.464     2.2293     2.2245     2.2288    28.0732    28.0894  1022.4670    22.4125    339.149    322.828  346.62982     97.842     93.134     0.1221     0.3846     4.1697     0.4894 1.2896e+01       1709     1.1861  0.000e+00
     11.346   71.71930 -161.77232     11.464     2.2283     2.2241     2.2279    28.0742    28.0896  1022.4679    22.4134    339.158    322.836  346.63527     97.843     93.135     0.1221     0.3846     4.1624     0.4964 1.2896e+01       1710     1.1868  0.000e+00
     11.346   71.71930 -161.77232     11.464     2.2275     2.2232     2.2271    28.0753    28.0910  1022.4688    22.4143    339.127    322.846  346.63942     97.833     93.137     0.1209     0.3773     4.1600     0.4988 1.2896e+01       1711     1.1875  0.000e+00
     11.408   71.71930 -161.77232     11.526     2.2266     2.2225     2.2261    28.0764    28.0919  1022.4700    22.4152    339.137    322.678  346.64475     97.834     93.087     0.1221     0.3846     4.1600     0.4988 1.2859e+01       1712     1.1882  0.000e+00
     11.408   71.71930 -161.77232     11.526     2.2257     2.2217     2.2252    28.0775    28.0926  1022.4710    22.4162    339.145    322.898  346.64990     97.835     93.149     0.1221     0.3846     4.1600     0.4988 1.2859e+01       1713     1.1889  0.000e+00
     11.377   71.71930 -161.77232     11.495     2.2249     2.2204     2.2244    28.0785    28.0937  1022.4717    22.4170    339.151    322.734  346.65441     97.835     93.100     0.1221     0.3846     4.1600     0.4988 1.2859e+01       1714     1.1896  0.000e+00
     11.408   71.71930 -161.77232     11.526     2.2242     2.2181     2.2237    28.0796    28.0953  1022.4727    22.4179    339.158    322.738  346.65780     97.837     93.097     0.1221     0.3846     4.1600     0.4988 1.2823e+01       1715     1.1903  0.000e+00
     11.408   71.71930 -161.77232     11.526     2.2231     2.2152     2.2227    28.0802    28.0973  1022.4733    22.4185    339.168    322.747  346.66514     97.837     93.094     0.1209     0.3773     4.1612     0.4976 1.2823e+01       1716     1.1910  0.000e+00
     11.462   71.71930 -161.77232     11.581     2.2224     2.2126     2.2219    28.0811    28.0983  1022.4743    22.4192    338.946    322.758  346.66941     97.772     93.092     0.1221     0.3846     4.1600     0.4988 1.2823e+01       1717     1.1917  0.000e+00
     11.408   71.71930 -161.77232     11.526     2.2211     2.2098     2.2207    28.0815    28.1000  1022.4745    22.4197    339.151    322.766  346.67928     97.828     93.089     0.1209     0.3773     4.1600     0.4988 1.2823e+01       1718     1.1924  0.000e+00
     11.462   71.71930 -161.77232     11.581     2.2196     2.2076     2.2191    28.0821    28.1016  1022.4753    22.4202    338.709    322.775  346.69149     97.697     93.087     0.1221     0.3846     4.1600     0.4988 1.2786e+01       1719     1.1931  0.000e+00
     11.462   71.71930 -161.77232     11.581     2.2177     2.2058     2.2172    28.0825    28.1032  1022.4757    22.4206    338.887    322.803  346.70723     97.745     93.092     0.1221     0.3846     4.1600     0.4988 1.2786e+01       1720     1.1938  0.000e+00
     11.493   71.71930 -161.77232     11.612     2.2162     2.2043     2.2157    28.0827    28.1055  1022.4761    22.4209    339.103    322.806  346.71961     97.803     93.091     0.1209     0.3773     4.1600     0.4988 1.2786e+01       1721     1.1944  0.000e+00
     11.462   71.71930 -161.77232     11.581     2.2134     2.2026     2.2130    28.0847    28.1082  1022.4777    22.4227    339.132    322.808  346.73861     97.806     93.089     0.1221     0.3846     4.1600     0.4988 1.2786e+01       1722     1.1951  0.000e+00
     11.462   71.71930 -161.77232     11.581     2.2108     2.2016     2.2103    28.0872    28.1114  1022.4799    22.4248    339.160    322.597  346.75536     97.809     93.029     0.1209     0.3773     4.1600     0.4988 1.2786e+01       1723     1.1958  0.000e+00
     11.524   71.71930 -161.77232     11.643     2.2081     2.2018     2.2076    28.0899    28.1132  1022.4825    22.4272    339.189    322.772  346.77150     97.814     93.081     0.1221     0.3846     4.1600     0.4988 1.2750e+01       1724     1.1965  0.000e+00
     11.524   71.71930 -161.77232     11.643     2.2061     2.2022     2.2056    28.0929    28.1154  1022.4850    22.4297    339.170    322.762  346.78136     97.805     93.080     0.1245     0.3993     4.1600     0.4988 1.2750e+01       1725     1.1972  0.000e+00
     11.523   71.71930 -161.77232     11.643     2.2041     2.2029     2.2036    28.0968    28.1170  1022.4883    22.4330    338.995    322.543  346.78897     97.752     93.020     0.1306     0.4359     4.1600     0.4988 1.2750e+01       1726     1.1979  0.000e+00
     11.523   71.71930 -161.77232     11.643     2.2031     2.2032     2.2027    28.1003    28.1178  1022.4911    22.4358    338.966    322.515  346.78794     97.745     93.013     0.1319     0.4432     4.1600     0.4988 1.2750e+01       1727     1.1986  0.000e+00
     11.493   71.71930 -161.77232     11.612     2.2021     2.2032     2.2016    28.1036    28.1195  1022.4937    22.4385    338.939    322.462  346.78817     97.737     92.999     0.1331     0.4505     4.1600     0.4988 1.2750e+01       1728     1.1993  0.000e+00
     11.523   71.71930 -161.77232     11.643     2.2014     2.2020     2.2009    28.1065    28.1225  1022.4962    22.4408    338.915    322.421  346.78677     97.730     92.987     0.1343     0.4579     4.1587     0.5000 1.2750e+01       1729     1.2000  0.000e+00
     11.577   71.71930 -161.77232     11.697     2.2011     2.2005     2.2006    28.1089    28.1252  1022.4984    22.4428    338.890    322.385  346.78325     97.724     92.975     0.1319     0.4432     4.1233     0.5342 1.2750e+01       1730     1.2007  0.000e+00
     11.523   71.71930 -161.77232     11.643     2.2008     2.2001     2.2003    28.1109    28.1261  1022.4998    22.4444    338.863    322.339  346.78024     97.717     92.961     0.1331     0.4505     4.1013     0.5556 1.2750e+01       1731     1.2014  0.000e+00
     11.577   71.71930 -161.77232     11.697     2.2011     2.2005     2.2006    28.1120    28.1254  1022.5009    22.4452    338.839    322.323  346.77507     97.712     92.957     0.1331     0.4505     4.0989     0.5579 1.2750e+01       1732     1.2021  0.000e+00
     11.577   71.71930 -161.77232     11.697     2.2012     2.1987     2.2008    28.1139    28.1268  1022.5024    22.4467    339.045    322.320  346.76863     97.773     92.953     0.1331     0.4505     4.1001     0.5567 1.2714e+01       1733     1.2028  0.000e+00
     11.523   71.71930 -161.77232     11.643     2.2012     2.1966     2.2008    28.1157    28.1276  1022.5035    22.4482    339.057    322.116  346.76387     97.777     92.889     0.1319     0.4432     4.1013     0.5556 1.2714e+01       1734     1.2035  0.000e+00
     11.608   71.71930 -161.77232     11.728     2.2014     2.1916     2.2009    28.1160    28.1305  1022.5042    22.4484    339.077    322.123  346.76153     97.784     92.882     0.1331     0.4505     4.1013     0.5556 1.2714e+01       1735     1.2042  0.000e+00
     11.577   71.71930 -161.77232     11.697     2.2013     2.1857     2.2008    28.1164    28.1338  1022.5043    22.4487    338.864    322.343  346.76159     97.723     92.934     0.1343     0.4579     4.1013     0.5556 1.2714e+01       1736     1.2049  0.000e+00
     11.577   71.71930 -161.77232     11.697     2.2008     2.1824     2.2003    28.1163    28.1350  1022.5043    22.4487    339.083    322.339  346.76604     97.784     92.926     0.1331     0.4505     4.1013     0.5556 1.2714e+01       1737     1.2056  0.000e+00
     11.577   71.71930 -161.77232     11.697     2.1998     2.1798     2.1993    28.1167    28.1366  1022.5048    22.4491    338.881    322.330  346.77344     97.724     92.918     0.1331     0.4505     4.1013     0.5556 1.2678e+01       1738     1.2063  0.000e+00
     11.577   71.71930 -161.77232     11.697     2.1987     2.1778     2.1983    28.1168    28.1371  1022.5048    22.4492    339.106    322.112  346.78293     97.786     92.851     0.1319     0.4432     4.1013     0.5556 1.2714e+01       1739     1.2069  0.000e+00
     11.639   71.71930 -161.77232     11.760     2.1977     2.1751     2.1972    28.1168    28.1384  1022.5052    22.4493    339.142    322.110  346.79241     97.794     92.845     0.1331     0.4505     4.1013     0.5556 1.2678e+01       1740     1.2076  0.000e+00
     11.577   71.71930 -161.77232     11.697     2.1959     2.1742     2.1954    28.1170    28.1381  1022.5052    22.4496    338.485    322.068  346.80713     97.600     92.830     0.1319     0.4432     4.1013     0.5556 1.2678e+01       1741     1.2083  0.000e+00
     11.608   71.71930 -161.77232     11.728     2.1939     2.1742     2.1934    28.1174    28.1376  1022.5058    22.4501    338.879    322.050  346.82361     97.709     92.825     0.1331     0.4505     4.1013     0.5556 1.2714e+01       1742     1.2090  0.000e+00
     11.639   71.71930 -161.77232     11.760     2.1919     2.1722     2.1914    28.1186    28.1386  1022.5071    22.4511    338.888    322.256  346.83855     97.708     92.880     0.1343     0.4579     4.1013     0.5556 1.2678e+01       1743     1.2097  0.000e+00
     11.577   71.71930 -161.77232     11.697     2.1901     2.1691     2.1896    28.1197    28.1398  1022.5077    22.4521    339.123    322.082  346.85108     97.772     92.824     0.1331     0.4505     4.1013     0.5556 1.2678e+01       1744     1.2104  0.000e+00
     11.639   71.71930 -161.77232     11.760     2.1886     2.1671     2.1881    28.1201    28.1407  1022.5084    22.4525    339.170    322.088  346.86346     97.782     92.821     0.1331     0.4505     4.1013     0.5556 1.2678e+01       1745     1.2111  0.000e+00
     11.639   71.71930 -161.77232     11.759     2.1875     2.1663     2.1870    28.1204    28.1410  1022.5088    22.4528    338.979    322.086  346.87206     97.725     92.819     0.1319     0.4432     4.1013     0.5556 1.2678e+01       1746     1.2118  0.000e+00
     11.577   71.71930 -161.77232     11.697     2.1869     2.1692     2.1864    28.1199    28.1395  1022.5081    22.4525    339.209    322.053  346.87908     97.789     92.815     0.1331     0.4505     4.1013     0.5556 1.2642e+01       1747     1.2125  0.000e+00
     11.639   71.71930 -161.77232     11.759     2.1861     2.1742     2.1856    28.1195    28.1360  1022.5081    22.4522    339.021    322.016  346.88751     97.732     92.814     0.1319     0.4432     4.1013     0.5556 1.2678e+01       1748     1.2132  0.000e+00
     11.662   71.71930 -161.77232     11.783     2.1845     2.1750     2.1840    28.1198    28.1349  1022.5086    22.4526    339.263    321.986  346.89984     97.798     92.806     0.1331     0.4505     4.1013     0.5556 1.2642e+01       1749     1.2139  0.000e+00
     11.639   71.71930 -161.77232     11.759     2.1833     2.1728     2.1828    28.1198    28.1359  1022.5086    22.4526    339.036    322.005  346.91087     97.730     92.807     0.1319     0.4432     4.1050     0.5520 1.2606e+01       1750     1.2146  0.000e+00
