EcoFOCI/data/1_SampleCollection/2023_SikuliaqDBO_CruiseData/CTD_raw_BottleFile_SKQ23-12S/proc/skq202312s_071.ros
* Sea-Bird SBE 9 Data File:
* FileName = D:\CTD\SKQ202312S\SKQ202312S_071.hex
* Software Version Seasave V 7.26.7.121
* Temperature SN = 6177
* Conductivity SN = 0369
* Number of Bytes Per Scan = 41
* Number of Voltage Words = 4
* Number of Scans Averaged by the Deck Unit = 1
* NMEA Latitude = 68 07.96 N
* NMEA Longitude = 167 29.16 W
* NMEA UTC (Time) = Oct 01 2023  15:37:48
* NMEA baud rate = 4800
** Ship: R/V Sikuliaq
** Station Number: 071
** Station Name: DBO3.4
** Bottom Depth: 48
** Operator: SD
# nquan = 22
# nvalues = 931                                   
# units = specified
# name 0 = depSM: Depth [salt water, m]
# name 1 = latitude: Latitude [deg]
# name 2 = longitude: Longitude [deg]
# name 3 = prDM: Pressure, Digiquartz [db]
# name 4 = t090C: Temperature [ITS-90, deg C]
# name 5 = t190C: Temperature, 2 [ITS-90, deg C]
# name 6 = potemp090C: Potential Temperature [ITS-90, deg C]
# name 7 = sal00: Salinity, Practical [PSU]
# name 8 = sal11: Salinity, Practical, 2 [PSU]
# name 9 = density00: Density [density, kg/m^3]
# name 10 = sigma-é00: Density [sigma-theta, kg/m^3]
# name 11 = sbox0Mm/Kg: Oxygen, SBE 43 [umol/kg]
# name 12 = sbox1Mm/Kg: Oxygen, SBE 43, 2 [umol/kg]
# name 13 = oxsolMm/Kg: Oxygen Saturation, Garcia & Gordon [umol/kg]
# name 14 = sbeox0PS: Oxygen, SBE 43 [% saturation]
# name 15 = v0: Voltage 0
# name 16 = flECO-AFL: Fluorescence, WET Labs ECO-AFL/FL [mg/m^3]
# name 17 = CStarAt0: Beam Attenuation, WET Labs C-Star [1/m]
# name 18 = par: PAR/Irradiance, Biospherical/Licor
# name 19 = scan: Scan Count
# name 20 = nbf: Bottles Fired
# name 21 = flag:  0.000e+00
# interval = seconds: 0.0416667
# start_time = Oct 01 2023 15:41:18 [NMEA time, first data scan]
# bad_flag = -9.990e-29
*END*
[from data line 791]
      2.433   68.13276 -167.48542      2.457     5.1293     5.1315     5.1291    29.7385    29.7495  1023.5047    23.4932    298.208    287.704  318.71069     93.567     0.4786     2.5238     0.9522 3.6652e-01      23185         17  0.000e+00
      2.433   68.13276 -167.48542      2.458     5.1294     5.1315     5.1292    29.7385    29.7492  1023.5047    23.4932    298.236    287.540  318.70986     93.576     0.4762     2.5091     0.9522 3.7477e-01      23186         17  0.000e+00
      2.410   68.13276 -167.48542      2.434     5.1292     5.1318     5.1291    29.7387    29.7491  1023.5048    23.4934    298.064    287.541  318.71051     93.522     0.4823     2.5458     0.9522 3.6380e-01      23187         17  0.000e+00
      2.433   68.13276 -167.48542      2.458     5.1292     5.1316     5.1291    29.7387    29.7493  1023.5049    23.4934    298.281    287.548  318.71053     93.590     0.4860     2.5678     0.9522 3.4911e-01      23188         17  0.000e+00
      2.495   68.13276 -167.48542      2.520     5.1294     5.1318     5.1292    29.7383    29.7493  1023.5048    23.4931    298.533    287.535  318.71028     93.669     0.4884     2.5824     0.9522 3.4648e-01      23189         17  0.000e+00
      2.379   68.13276 -167.48542      2.403     5.1292     5.1318     5.1291    29.7385    29.7499  1023.5044    23.4932    298.372    287.721  318.71109     93.618     0.4872     2.5751     0.9535 3.3106e-01      23190         17  0.000e+00
      2.433   68.13276 -167.48542      2.458     5.1292     5.1318     5.1291    29.7388    29.7497  1023.5050    23.4935    298.426    287.547  318.71027     93.636     0.4872     2.5751     0.9522 3.0409e-01      23191         17  0.000e+00
      2.433   68.13276 -167.48542      2.458     5.1291     5.1320     5.1289    29.7389    29.7493  1023.5050    23.4936    298.454    287.534  318.71130     93.644     0.4860     2.5678     0.9522 2.9585e-01      23192         17  0.000e+00
      2.433   68.13276 -167.48542      2.458     5.1291     5.1320     5.1290    29.7388    29.7495  1023.5050    23.4935    298.515    287.708  318.71110     93.663     0.4872     2.5751     0.9522 3.0409e-01      23193         17  0.000e+00
      2.379   68.13276 -167.48542      2.403     5.1291     5.1321     5.1289    29.7392    29.7493  1023.5051    23.4939    298.548    287.715  318.71044     93.674     0.4860     2.5678     0.9522 3.2979e-01      23194         17  0.000e+00
      2.433   68.13276 -167.48542      2.458     5.1292     5.1322     5.1291    29.7390    29.7494  1023.5051    23.4937    298.589    287.746  318.70983     93.687     0.4872     2.5751     0.9522 3.3999e-01      23195         17  0.000e+00
      2.433   68.13276 -167.48544      2.458     5.1294     5.1322     5.1292    29.7386    29.7495  1023.5048    23.4933    298.631    287.755  318.70959     93.700     0.4860     2.5678     0.9522 3.4779e-01      23196         17  0.000e+00
      2.495   68.13276 -167.48544      2.520     5.1291     5.1321     5.1289    29.7390    29.7490  1023.5054    23.4937    298.271    287.769  318.71101     93.587     0.4872     2.5751     0.9522 3.9314e-01      23197         17  0.000e+00
      2.433   68.13276 -167.48544      2.458     5.1294     5.1322     5.1292    29.7388    29.7490  1023.5050    23.4935    298.875    287.591  318.70906     93.777     0.4872     2.5751     0.9522 4.1368e-01      23198         17  0.000e+00
      2.433   68.13276 -167.48544      2.458     5.1294     5.1321     5.1292    29.7388    29.7493  1023.5050    23.4935    298.961    287.767  318.70906     93.804     0.4872     2.5751     0.9522 4.1070e-01      23199         17  0.000e+00
      2.433   68.13276 -167.48544      2.458     5.1294     5.1322     5.1292    29.7386    29.7492  1023.5048    23.4933    299.049    287.777  318.70959     93.831     0.4872     2.5751     0.9522 3.5440e-01      23200         17  0.000e+00
      2.433   68.13276 -167.48544      2.458     5.1294     5.1320     5.1293    29.7387    29.7493  1023.5049    23.4934    299.140    287.789  318.70895     93.860     0.4872     2.5751     0.9522 3.2603e-01      23201         17  0.000e+00
      2.433   68.13276 -167.48544      2.458     5.1294     5.1319     5.1292    29.7390    29.7494  1023.5051    23.4937    299.233    287.820  318.70862     93.889     0.4860     2.5678     0.9522 3.2478e-01      23202         17  0.000e+00
      2.433   68.13276 -167.48544      2.458     5.1295     5.1317     5.1294    29.7387    29.7494  1023.5049    23.4934    299.296    287.834  318.70812     93.909     0.4884     2.5824     0.9535 3.8316e-01      23203         17  0.000e+00
      2.495   68.13276 -167.48544      2.520     5.1295     5.1317     5.1294    29.7386    29.7499  1023.5051    23.4934    299.364    287.846  318.70828     93.930     0.4872     2.5751     0.9522 4.2732e-01      23204         17  0.000e+00
      2.433   68.13276 -167.48544      2.458     5.1295     5.1316     5.1294    29.7389    29.7497  1023.5050    23.4935    299.428    287.856  318.70777     93.951     0.4872     2.5751     0.9522 4.3349e-01      23205         17  0.000e+00
      2.495   68.13276 -167.48544      2.520     5.1295     5.1314     5.1294    29.7389    29.7496  1023.5053    23.4936    299.704    287.872  318.70766     94.037     0.4860     2.5678     0.9535 4.3817e-01      23206         17  0.000e+00
      2.433   68.13276 -167.48544      2.458     5.1294     5.1317     5.1292    29.7391    29.7493  1023.5052    23.4937    299.801    288.064  318.70844     94.067     0.4872     2.5751     0.9535 4.4605e-01      23207         17  0.000e+00
      2.495   68.13276 -167.48544      2.520     5.1295     5.1315     5.1294    29.7389    29.7493  1023.5053    23.4936    299.901    288.099  318.70766     94.099     0.4872     2.5751     0.9535 4.4764e-01      23208         17  0.000e+00
      2.495   68.13276 -167.48544      2.520     5.1297     5.1312     5.1295    29.7390    29.7494  1023.5054    23.4936    299.966    288.150  318.70628     94.120     0.4872     2.5751     0.9535 4.3040e-01      23209         17  0.000e+00
      2.464   68.13276 -167.48544      2.489     5.1294     5.1314     5.1293    29.7389    29.7490  1023.5051    23.4935    300.033    288.198  318.70855     94.140     0.4872     2.5751     0.9535 4.0921e-01      23210         17  0.000e+00
      2.495   68.13276 -167.48544      2.521     5.1294     5.1311     5.1292    29.7388    29.7494  1023.5052    23.4935    300.099    288.230  318.70913     94.161     0.4884     2.5824     0.9535 4.0625e-01      23211         17  0.000e+00
      2.495   68.13276 -167.48544      2.521     5.1295     5.1312     5.1294    29.7382    29.7494  1023.5048    23.4930    300.162    288.258  318.70925     94.180     0.4896     2.5897     0.9535 4.0625e-01      23212         17  0.000e+00
      2.495   68.13276 -167.48544      2.521     5.1291     5.1312     5.1289    29.7385    29.7494  1023.5050    23.4933    300.227    288.286  318.71216     94.200     0.5104     2.7143     0.9535 4.0625e-01      23213         17  0.000e+00
      2.495   68.13276 -167.48544      2.521     5.1289     5.1313     5.1288    29.7386    29.7494  1023.5052    23.4934    300.493    288.312  318.71301     94.283     0.5201     2.7729     0.9535 4.0625e-01      23214         17  0.000e+00
      2.495   68.13276 -167.48544      2.521     5.1292     5.1312     5.1291    29.7382    29.7494  1023.5048    23.4930    300.580    288.339  318.71175     94.311     0.5214     2.7802     0.9535 3.9170e-01      23215         17  0.000e+00
      2.495   68.13276 -167.48544      2.521     5.1289     5.1312     5.1288    29.7384    29.7496  1023.5050    23.4932    300.636    288.364  318.71363     94.328     0.5189     2.7656     0.9535 3.5042e-01      23216         17  0.000e+00
      2.495   68.13276 -167.48544      2.521     5.1289     5.1311     5.1288    29.7382    29.7496  1023.5048    23.4931    300.893    288.389  318.71407     94.408     0.5189     2.7656     0.9535 3.3614e-01      23217         17  0.000e+00
      2.549   68.13276 -167.48544      2.575     5.1290     5.1311     5.1288    29.7384    29.7495  1023.5052    23.4932    300.764    288.415  318.71314     94.368     0.5177     2.7582     0.9535 3.2353e-01      23218         17  0.000e+00
      2.496   68.13276 -167.48544      2.521     5.1288     5.1314     5.1286    29.7388    29.7490  1023.5053    23.4935    300.804    288.435  318.71387     94.381     0.5201     2.7729     0.9535 2.6881e-01      23219         17  0.000e+00
      2.496   68.13276 -167.48544      2.521     5.1289     5.1313     5.1288    29.7385    29.7354  1023.5050    23.4933    300.842    288.487  318.71346     94.393     0.5189     2.7656     0.9535 2.4762e-01      23220         17  0.000e+00
      2.496   68.13276 -167.48544      2.521     5.1288     5.1312     5.1286    29.7387    29.7068  1023.5052    23.4935    301.082    288.385  318.71405     94.468     0.5201     2.7729     0.9535 2.5177e-01      23221         17  0.000e+00
      2.550   68.13276 -167.48544      2.575     5.1288     5.1309     5.1286    29.7390    29.7249  1023.5057    23.4937    301.143    288.352  318.71340     94.487     0.5189     2.7656     0.9535 3.0172e-01      23222         17  0.000e+00
      2.496   68.13276 -167.48544      2.521     5.1291     5.1309     5.1289    29.7388    29.7456  1023.5053    23.4935    301.161    288.492  318.71146     94.493     0.5189     2.7656     0.9535 3.2979e-01      23223         17  0.000e+00
      2.496   68.13276 -167.48544      2.521     5.1289     5.1309     5.1288    29.7389    29.7494  1023.5054    23.4937    301.241    288.484  318.71231     94.518     0.5189     2.7656     0.9535 3.3106e-01      23224         17  0.000e+00
      2.550   68.13276 -167.48544      2.575     5.1292     5.1309     5.1291    29.7386    29.7495  1023.5054    23.4934    301.286    288.505  318.71066     94.533     0.5189     2.7656     0.9535 3.0767e-01      23225         17  0.000e+00
      2.496   68.13276 -167.48544      2.521     5.1294     5.1308     5.1292    29.7385    29.7493  1023.5050    23.4933    301.322    288.502  318.70975     94.544     0.5189     2.7656     0.9535 2.9468e-01      23226         17  0.000e+00
      2.958   68.13276 -167.48540      2.988     5.1313     5.1330     5.1311    29.7389    29.7492  1023.5073    23.4934    300.546    288.134  318.69417     94.306     0.4750     2.5018     0.9654 3.7200e-01      23487         18  0.000e+00
      2.904   68.13276 -167.48540      2.934     5.1315     5.1326     5.1313    29.7389    29.7496  1023.5070    23.4933    300.788    287.936  318.69317     94.382     0.4762     2.5091     0.9654 3.5840e-01      23488         18  0.000e+00
      2.958   68.13276 -167.48540      2.988     5.1315     5.1328     5.1313    29.7391    29.7496  1023.5075    23.4935    300.828    287.903  318.69215     94.395     0.4762     2.5091     0.9627 3.3232e-01      23489         18  0.000e+00
      2.959   68.13276 -167.48540      2.988     5.1315     5.1328     5.1313    29.7393    29.7496  1023.5076    23.4937    300.867    287.869  318.69208     94.407     0.4774     2.5165     0.9522 3.2478e-01      23490         18  0.000e+00
      2.959   68.13276 -167.48540      2.988     5.1312     5.1328     5.1309    29.7392    29.7496  1023.5076    23.4936    300.909    288.019  318.69476     94.419     0.4762     2.5091     0.9482 3.2353e-01      23491         18  0.000e+00
      3.020   68.13276 -167.48540      3.051     5.1316     5.1326     5.1314    29.7390    29.7497  1023.5077    23.4935    300.947    287.840  318.69156     94.432     0.4774     2.5165     0.9482 3.2105e-01      23492         18  0.000e+00
      2.959   68.13276 -167.48540      2.989     5.1315     5.1325     5.1313    29.7394    29.7496  1023.5077    23.4937    300.984    287.802  318.69199     94.444     0.4750     2.5018     0.9482 3.1859e-01      23493         18  0.000e+00
      3.020   68.13276 -167.48540      3.051     5.1315     5.1325     5.1313    29.7393    29.7495  1023.5079    23.4937    300.820    287.788  318.69215     94.392     0.4713     2.4798     0.9496 3.1614e-01      23494         18  0.000e+00
      3.020   68.13276 -167.48540      3.051     5.1315     5.1323     5.1313    29.7391    29.7501  1023.5077    23.4935    301.036    287.771  318.69259     94.460     0.4676     2.4579     0.9496 2.9702e-01      23495         18  0.000e+00
      3.020   68.13276 -167.48540      3.051     5.1315     5.1321     5.1313    29.7394    29.7500  1023.5080    23.4938    301.076    287.756  318.69189     94.472     0.4689     2.4652     0.9482 2.8892e-01      23496         18  0.000e+00
      3.020   68.13276 -167.48540      3.051     5.1315     5.1323     5.1313    29.7391    29.7497  1023.5078    23.4935    301.116    287.923  318.69213     94.485     0.4689     2.4652     0.9496 2.8777e-01      23497         18  0.000e+00
      3.074   68.13276 -167.48540      3.106     5.1316     5.1320     5.1314    29.7389    29.7495  1023.5078    23.4934    301.159    287.724  318.69189     94.498     0.4689     2.4652     0.9482 2.8663e-01      23498         18  0.000e+00
      3.020   68.13276 -167.48540      3.051     5.1315     5.1321     5.1313    29.7392    29.7497  1023.5078    23.4936    300.755    287.887  318.69233     94.372     0.4689     2.4652     0.9496 2.8663e-01      23499         18  0.000e+00
      3.074   68.13276 -167.48540      3.106     5.1315     5.1320     5.1312    29.7393    29.7497  1023.5081    23.4937    301.117    287.890  318.69221     94.485     0.4701     2.4725     0.9496 2.8663e-01      23500         18  0.000e+00
      3.051   68.13276 -167.48540      3.082     5.1315     5.1322     5.1312    29.7393    29.7495  1023.5081    23.4937    301.157    287.702  318.69210     94.498     0.4689     2.4652     0.9496 2.8892e-01      23501         18  0.000e+00
      3.075   68.13276 -167.48540      3.106     5.1315     5.1322     5.1312    29.7387    29.7494  1023.5077    23.4932    301.168    287.682  318.69362     94.501     0.4689     2.4652     0.9496 2.9121e-01      23502         18  0.000e+00
      3.075   68.13276 -167.48540      3.106     5.1315     5.1322     5.1312    29.7391    29.7490  1023.5080    23.4935    301.175    287.663  318.69265     94.503     0.4689     2.4652     0.9482 2.9006e-01      23503         18  0.000e+00
      3.021   68.13276 -167.48540      3.051     5.1316     5.1321     5.1314    29.7392    29.7494  1023.5078    23.4935    301.003    287.661  318.69130     94.450     0.4689     2.4652     0.9496 2.8663e-01      23504         18  0.000e+00
      3.075   68.13276 -167.48540      3.106     5.1315     5.1322     5.1313    29.7388    29.7495  1023.5078    23.4933    300.984    287.642  318.69281     94.443     0.4689     2.4652     0.9482 2.8323e-01      23505         18  0.000e+00
      3.075   68.13276 -167.48540      3.106     5.1315     5.1325     5.1312    29.7392    29.7496  1023.5080    23.4936    301.198    287.640  318.69248     94.511     0.4689     2.4652     0.9482 2.8210e-01      23506         18  0.000e+00
      3.075   68.13276 -167.48540      3.106     5.1316     5.1324     5.1314    29.7391    29.7494  1023.5080    23.4935    301.031    287.643  318.69136     94.458     0.4689     2.4652     0.9496 2.7873e-01      23507         18  0.000e+00
      3.075   68.13276 -167.48540      3.106     5.1315     5.1325     5.1312    29.7389    29.7494  1023.5078    23.4934    301.011    287.645  318.69309     94.452     0.4689     2.4652     0.9496 2.7319e-01      23508         18  0.000e+00
