EcoFOCI/data/1_SampleCollection/2023_SikuliaqDBO_CruiseData/CTD_raw_BottleFile_SKQ23-12S/proc/skq202312s_031.ros
* Sea-Bird SBE 9 Data File:
* FileName = D:\CTD\SKQ202312S\SKQ202312S_031.hex
* Software Version Seasave V 7.26.7.121
* Temperature SN = 6177
* Conductivity SN = 0369
* Number of Bytes Per Scan = 41
* Number of Voltage Words = 4
* Number of Scans Averaged by the Deck Unit = 1
* NMEA Latitude = 71 29.95 N
* NMEA Longitude = 157 40.36 W
* NMEA UTC (Time) = Sep 21 2023  09:49:17
* NMEA baud rate = 4800
** Ship: R/V Sikuliaq
** Station Number: 031
** Station Name: DBO5.7
** Bottom Depth: 81
** Operator: SS
# nquan = 22
# nvalues = 1029                                  
# units = specified
# name 0 = depSM: Depth [salt water, m]
# name 1 = latitude: Latitude [deg]
# name 2 = longitude: Longitude [deg]
# name 3 = prDM: Pressure, Digiquartz [db]
# name 4 = t090C: Temperature [ITS-90, deg C]
# name 5 = t190C: Temperature, 2 [ITS-90, deg C]
# name 6 = potemp090C: Potential Temperature [ITS-90, deg C]
# name 7 = sal00: Salinity, Practical [PSU]
# name 8 = sal11: Salinity, Practical, 2 [PSU]
# name 9 = density00: Density [density, kg/m^3]
# name 10 = sigma-é00: Density [sigma-theta, kg/m^3]
# name 11 = sbox0Mm/Kg: Oxygen, SBE 43 [umol/kg]
# name 12 = sbox1Mm/Kg: Oxygen, SBE 43, 2 [umol/kg]
# name 13 = oxsolMm/Kg: Oxygen Saturation, Garcia & Gordon [umol/kg]
# name 14 = sbeox0PS: Oxygen, SBE 43 [% saturation]
# name 15 = v0: Voltage 0
# name 16 = flECO-AFL: Fluorescence, WET Labs ECO-AFL/FL [mg/m^3]
# name 17 = CStarAt0: Beam Attenuation, WET Labs C-Star [1/m]
# name 18 = par: PAR/Irradiance, Biospherical/Licor
# name 19 = scan: Scan Count
# name 20 = nbf: Bottles Fired
# name 21 = flag:  0.000e+00
# interval = seconds: 0.0416667
# start_time = Sep 21 2023 09:54:09 [NMEA time, first data scan]
# bad_flag = -9.990e-29
*END*
[from data line 856]
      3.673   71.49900 -157.67402      3.711     2.9377     2.9398     2.9375    29.9871    30.0001  1023.9081    23.8906    340.592    247.532  335.58310    101.493     0.1538     0.5751     0.5365 2.2857e-01      33706         18  0.000e+00
      3.727   71.49900 -157.67402      3.765     2.9374     2.9401     2.9372    29.9873    29.9994  1023.9084    23.8907    340.593    247.389  335.58549    101.492     0.1563     0.5897     0.5377 2.3053e-01      33707         18  0.000e+00
      3.673   71.49900 -157.67402      3.711     2.9375     2.9399     2.9374    29.9869    30.0000  1023.9079    23.8903    340.585    247.234  335.58514    101.490     0.1538     0.5751     0.5377 2.0959e-01      33708         18  0.000e+00
      3.727   71.49900 -157.67402      3.765     2.9374     2.9400     2.9372    29.9867    30.0004  1023.9080    23.8902    340.585    247.270  335.58686    101.489     0.1563     0.5897     0.5377 1.9781e-01      33709         18  0.000e+00
      3.673   71.49900 -157.67402      3.711     2.9374     2.9399     2.9372    29.9869    30.0001  1023.9079    23.8904    340.578    247.119  335.58640    101.487     0.1563     0.5897     0.5377 1.9604e-01      33710         18  0.000e+00
      3.673   71.49900 -157.67402      3.711     2.9374     2.9398     2.9372    29.9869    29.9998  1023.9079    23.8904    340.574    246.959  335.58650    101.486     0.1575     0.5971     0.5365 2.1800e-01      33711         18  0.000e+00
      3.727   71.49900 -157.67402      3.765     2.9375     2.9399     2.9374    29.9868    29.9996  1023.9080    23.8903    340.570    246.789  335.58541    101.485     0.1563     0.5897     0.5365 2.3647e-01      33712         18  0.000e+00
      3.611   71.49900 -157.67402      3.649     2.9372     2.9400     2.9370    29.9872    30.0000  1023.9078    23.8906    340.563    246.825  335.58709    101.483     0.1563     0.5897     0.5377 2.3948e-01      33713         18  0.000e+00
      3.673   71.49900 -157.67402      3.711     2.9374     2.9399     2.9372    29.9872    30.0005  1023.9081    23.8906    340.560    246.681  335.58571    101.482     0.1575     0.5971     0.5365 2.3250e-01      33714         18  0.000e+00
      3.673   71.49900 -157.67402      3.711     2.9375     2.9399     2.9374    29.9869    30.0001  1023.9079    23.8903    340.554    246.525  335.58514    101.481     0.1563     0.5897     0.5365 2.2469e-01      33715         18  0.000e+00
      3.611   71.49900 -157.67402      3.649     2.9375     2.9400     2.9374    29.9870    29.9994  1023.9077    23.8905    340.547    246.556  335.58467    101.479     0.1575     0.5971     0.5377 2.2373e-01      33716         18  0.000e+00
      3.673   71.49900 -157.67402      3.711     2.9374     2.9398     2.9372    29.9870    30.0001  1023.9080    23.8905    340.547    246.403  335.58611    101.478     0.1563     0.5897     0.5377 2.3847e-01      33717         18  0.000e+00
      3.558   71.49900 -157.67402      3.594     2.9375     2.9398     2.9374    29.9869    30.0004  1023.9073    23.8904    340.536    246.256  335.58510    101.475     0.1575     0.5971     0.5365 2.6340e-01      33718         18  0.000e+00
      3.635   71.49900 -157.67402      3.672     2.9377     2.9398     2.9375    29.9865    30.0002  1023.9073    23.8900    340.313    246.106  335.58482    101.409     0.1563     0.5897     0.5365 2.6990e-01      33719         18  0.000e+00
      3.558   71.49900 -157.67402      3.594     2.9374     2.9398     2.9372    29.9868    30.0003  1023.9072    23.8903    340.495    246.137  335.58674    101.463     0.1575     0.5971     0.5365 2.6340e-01      33720         18  0.000e+00
      3.612   71.49900 -157.67402      3.649     2.9374     2.9398     2.9372    29.9865    29.9997  1023.9073    23.8901    340.495    245.988  335.58740    101.462     0.1563     0.5897     0.5377 2.5073e-01      33721         18  0.000e+00
      3.558   71.49900 -157.67402      3.594     2.9374     2.9398     2.9372    29.9863    29.9999  1023.9068    23.8899    340.490    246.020  335.58802    101.461     0.1563     0.5897     0.5365 2.4660e-01      33722         18  0.000e+00
      3.496   71.49900 -157.67402      3.532     2.9372     2.9398     2.9370    29.9866    30.0004  1023.9068    23.8902    340.522    245.888  335.58851    101.470     0.1575     0.5971     0.5377 2.3847e-01      33723         18  0.000e+00
      3.558   71.49900 -157.67402      3.594     2.9374     2.9398     2.9372    29.9864    30.0002  1023.9069    23.8900    340.522    245.750  335.58773    101.470     0.1563     0.5897     0.5377 2.0959e-01      33724         18  0.000e+00
      3.496   71.49900 -157.67402      3.532     2.9372     2.9397     2.9370    29.9866    30.0000  1023.9069    23.8902    340.519    245.795  335.58841    101.469     0.1575     0.5971     0.5377 1.9960e-01      33725         18  0.000e+00
      3.496   71.49900 -157.67402      3.532     2.9372     2.9398     2.9370    29.9864    30.0000  1023.9067    23.8900    340.518    245.454  335.58890    101.469     0.1563     0.5897     0.5377 2.0501e-01      33726         18  0.000e+00
      3.496   71.49900 -157.67402      3.532     2.9375     2.9397     2.9374    29.9863    30.0005  1023.9066    23.8899    340.292    245.476  335.58659    101.402     0.1563     0.5897     0.5377 2.5073e-01      33727         18  0.000e+00
      3.442   71.49900 -157.67402      3.478     2.9372     2.9398     2.9370    29.9871    30.0005  1023.9070    23.8905    340.256    245.308  335.58726    101.391     0.1563     0.5897     0.5377 2.7429e-01      33728         18  0.000e+00
      3.442   71.49900 -157.67402      3.478     2.9374     2.9397     2.9372    29.9869    30.0001  1023.9068    23.8904    340.221    245.354  335.58650    101.381     0.1575     0.5971     0.5377 2.8097e-01      33729         18  0.000e+00
      3.388   71.49900 -157.67402      3.423     2.9374     2.9397     2.9372    29.9868    30.0004  1023.9065    23.8903    340.186    245.208  335.58653    101.370     0.1563     0.5897     0.5377 3.9027e-01      33730         18  0.000e+00
      3.388   71.49900 -157.67402      3.423     2.9377     2.9397     2.9375    29.9869    30.0006  1023.9065    23.8904    340.373    245.250  335.58362    101.427     0.1563     0.5897     0.5377 4.6872e-01      33731         18  0.000e+00
      2.874   71.49898 -157.67402      2.904     2.9387     2.9407     2.9385    29.9870    29.9859  1023.9041    23.8904    339.969    242.428  335.57533    101.309     0.1526     0.5678     0.5401 4.1368e-01      33828         19  0.000e+00
      2.990   71.49898 -157.67402      3.020     2.9384     2.9407     2.9382    29.9870    29.9863  1023.9046    23.8904    340.004    242.554  335.57809    101.319     0.1538     0.5751     0.5401 4.2732e-01      33829         19  0.000e+00
      2.889   71.49898 -157.67402      2.919     2.9386     2.9407     2.9385    29.9870    29.9865  1023.9041    23.8903    339.916    242.661  335.57597    101.293     0.1526     0.5678     0.5389 4.5084e-01      33830         19  0.000e+00
      2.990   71.49898 -157.67402      3.021     2.9387     2.9407     2.9385    29.9871    29.9862  1023.9047    23.8904    339.910    242.764  335.57519    101.292     0.1538     0.5751     0.5401 4.9058e-01      33831         19  0.000e+00
      3.044   71.49898 -157.67402      3.075     2.9385     2.9406     2.9384    29.9871    29.9869  1023.9050    23.8904    339.944    242.875  335.57651    101.301     0.1526     0.5678     0.5401 5.0095e-01      33832         19  0.000e+00
      2.990   71.49898 -157.67402      3.021     2.9386     2.9407     2.9385    29.9874    29.9873  1023.9050    23.8907    339.935    242.967  335.57472    101.299     0.1538     0.5751     0.5401 4.1668e-01      33833         19  0.000e+00
      3.098   71.49898 -157.67402      3.130     2.9389     2.9406     2.9388    29.9871    29.9872  1023.9052    23.8904    339.935    243.053  335.57284    101.300     0.1526     0.5678     0.5401 2.8323e-01      33834         19  0.000e+00
      3.159   71.49898 -157.67402      3.192     2.9387     2.9407     2.9385    29.9875    29.9867  1023.9059    23.8908    339.900    243.145  335.57403    101.289     0.1538     0.5751     0.5401 2.4865e-01      33835         19  0.000e+00
      3.098   71.49898 -157.67402      3.130     2.9386     2.9407     2.9385    29.9873    29.9874  1023.9054    23.8906    339.860    243.241  335.57516    101.277     0.1538     0.5751     0.5401 2.5490e-01      33836         19  0.000e+00
      3.159   71.49898 -157.67402      3.192     2.9387     2.9406     2.9385    29.9875    29.9878  1023.9058    23.8907    339.861    243.326  335.57423    101.277     0.1538     0.5751     0.5401 2.7209e-01      33837         19  0.000e+00
      3.159   71.49898 -157.67402      3.192     2.9385     2.9407     2.9383    29.9875    29.9876  1023.9059    23.8908    339.862    243.393  335.57538    101.277     0.1551     0.5824     0.5401 2.7762e-01      33838         19  0.000e+00
      3.213   71.49898 -157.67402      3.247     2.9386     2.9406     2.9385    29.9871    29.9875  1023.9058    23.8905    339.866    243.271  335.57550    101.279     0.1551     0.5824     0.5389 2.7429e-01      33839         19  0.000e+00
      3.213   71.49898 -157.67402      3.247     2.9385     2.9409     2.9383    29.9872    29.9878  1023.9059    23.8905    339.611    243.525  335.57624    101.202     0.1551     0.5824     0.5401 2.5595e-01      33840         19  0.000e+00
      3.214   71.49898 -157.67402      3.247     2.9387     2.9407     2.9385    29.9872    29.9882  1023.9059    23.8906    339.763    243.614  335.57479    101.248     0.1538     0.5751     0.5389 2.4865e-01      33841         19  0.000e+00
      3.275   71.49898 -157.67400      3.309     2.9386     2.9409     2.9384    29.9873    29.9878  1023.9063    23.8906    339.734    243.686  335.57499    101.239     0.1551     0.5824     0.5401 2.4557e-01      33842         19  0.000e+00
      3.275   71.49898 -157.67400      3.309     2.9387     2.9406     2.9385    29.9871    29.9870  1023.9060    23.8904    339.701    243.766  335.57526    101.230     0.1538     0.5751     0.5401 2.0592e-01      33843         19  0.000e+00
      3.275   71.49898 -157.67400      3.309     2.9385     2.9409     2.9383    29.9877    29.9869  1023.9066    23.8910    339.705    243.847  335.57484    101.231     0.1551     0.5824     0.5401 1.8646e-01      33844         19  0.000e+00
      3.329   71.49898 -157.67400      3.364     2.9385     2.9407     2.9383    29.9875    29.9872  1023.9066    23.8907    339.715    244.136  335.57602    101.233     0.1551     0.5824     0.5425 1.8560e-01      33845         19  0.000e+00
      3.291   71.49898 -157.67400      3.325     2.9385     2.9407     2.9383    29.9876    29.9872  1023.9065    23.8908    339.720    244.226  335.57526    101.235     0.1538     0.5751     0.5425 2.3349e-01      33846         19  0.000e+00
      3.329   71.49898 -157.67400      3.364     2.9387     2.9409     2.9385    29.9873    29.9864  1023.9065    23.8906    339.656    244.126  335.57464    101.216     0.1551     0.5824     0.5425 2.6990e-01      33847         19  0.000e+00
      3.391   71.49898 -157.67400      3.426     2.9388     2.9406     2.9386    29.9869    29.9864  1023.9064    23.8903    339.666    244.183  335.57477    101.219     0.1538     0.5751     0.5425 2.7651e-01      33848         19  0.000e+00
      3.329   71.49898 -157.67400      3.364     2.9387     2.9409     2.9385    29.9872    29.9862  1023.9064    23.8905    339.672    244.436  335.57493    101.221     0.1551     0.5824     0.5425 2.7429e-01      33849         19  0.000e+00
      3.391   71.49898 -157.67400      3.426     2.9385     2.9407     2.9383    29.9876    29.9855  1023.9070    23.8909    339.649    244.523  335.57561    101.214     0.1538     0.5751     0.5425 2.7429e-01      33850         19  0.000e+00
      3.391   71.49898 -157.67400      3.426     2.9385     2.9407     2.9383    29.9871    29.9849  1023.9066    23.8904    339.882    244.611  335.57656    101.283     0.1551     0.5824     0.5425 2.7429e-01      33851         19  0.000e+00
      3.445   71.49898 -157.67400      3.481     2.9387     2.9407     2.9385    29.9870    29.9849  1023.9068    23.8904    339.707    244.678  335.57528    101.231     0.1538     0.5751     0.5425 2.6233e-01      33852         19  0.000e+00
      3.391   71.49898 -157.67400      3.426     2.9386     2.9407     2.9384    29.9875    29.9852  1023.9069    23.8907    339.716    244.742  335.57465    101.234     0.1551     0.5824     0.5425 2.4865e-01      33853         19  0.000e+00
      3.391   71.49898 -157.67400      3.426     2.9387     2.9407     2.9385    29.9873    29.9846  1023.9067    23.8906    339.730    244.813  335.57472    101.238     0.1563     0.5897     0.5425 2.4455e-01      33854         19  0.000e+00
      3.445   71.49898 -157.67400      3.481     2.9387     2.9407     2.9385    29.9870    29.9848  1023.9068    23.8903    339.747    244.861  335.57547    101.243     0.1538     0.5751     0.5425 2.5807e-01      33855         19  0.000e+00
      3.391   71.49898 -157.67400      3.426     2.9386     2.9404     2.9384    29.9878    29.9853  1023.9072    23.8910    339.760    244.908  335.57376    101.247     0.1551     0.5824     0.5425 2.7985e-01      33856         19  0.000e+00
      3.445   71.49898 -157.67400      3.481     2.9387     2.9407     2.9385    29.9875    29.9854  1023.9072    23.8907    339.780    244.956  335.57420    101.253     0.1551     0.5824     0.5425 2.8663e-01      33857         19  0.000e+00
      3.391   71.49898 -157.67400      3.426     2.9384     2.9406     2.9382    29.9872    29.9853  1023.9067    23.8905    339.801    245.006  335.57762    101.259     0.1551     0.5824     0.5425 2.9006e-01      33858         19  0.000e+00
      3.445   71.49898 -157.67400      3.481     2.9386     2.9406     2.9384    29.9869    29.9851  1023.9067    23.8903    339.822    245.059  335.57609    101.265     0.1538     0.5751     0.5425 2.9936e-01      33859         19  0.000e+00
      3.391   71.49898 -157.67400      3.426     2.9387     2.9406     2.9385    29.9870    29.9855  1023.9065    23.8903    339.841    245.108  335.57550    101.271     0.1551     0.5824     0.5425 3.0290e-01      33860         19  0.000e+00
      3.445   71.49898 -157.67400      3.481     2.9385     2.9406     2.9383    29.9869    29.9860  1023.9067    23.8903    339.869    245.336  335.57703    101.279     0.1538     0.5751     0.5425 3.2478e-01      33861         19  0.000e+00
      3.391   71.49898 -157.67400      3.426     2.9385     2.9406     2.9383    29.9871    29.9856  1023.9066    23.8904    339.892    245.188  335.57698    101.286     0.1563     0.5897     0.5425 4.4131e-01      33862         19  0.000e+00
      3.391   71.49898 -157.67400      3.426     2.9387     2.9407     2.9385    29.9870    29.9855  1023.9065    23.8903    339.880    245.413  335.57550    101.283     0.1587     0.6044     0.5425 5.0095e-01      33863         19  0.000e+00
      3.353   71.49898 -157.67400      3.388     2.9387     2.9406     2.9385    29.9868    29.9864  1023.9062    23.8902    339.868    245.659  335.57595    101.279     0.1587     0.6044     0.5425 5.0444e-01      33864         19  0.000e+00
      3.445   71.49898 -157.67400      3.481     2.9386     2.9404     2.9384    29.9867    29.9866  1023.9066    23.8902    339.789    245.734  335.57648    101.255     0.1600     0.6117     0.5401 5.0620e-01      33865         19  0.000e+00
      3.392   71.49898 -157.67400      3.427     2.9384     2.9406     2.9382    29.9872    29.9866  1023.9067    23.8905    339.774    245.776  335.57762    101.251     0.1587     0.6044     0.5389 5.0795e-01      33866         19  0.000e+00
