EcoFOCI/data/1_SampleCollection/2023_SikuliaqDBO_CruiseData/CTD_raw_BottleFile_SKQ23-12S/proc/skq202312s_074.cnv
* Sea-Bird SBE 9 Data File:
* FileName = D:\CTD\SKQ202312S\SKQ202312S_074.hex
* Software Version Seasave V 7.26.7.121
* Temperature SN = 6177
* Conductivity SN = 0369
* Number of Bytes Per Scan = 41
* Number of Voltage Words = 4
* Number of Scans Averaged by the Deck Unit = 1
* NMEA Latitude = 68 11.23 N
* NMEA Longitude = 167 17.73 W
* NMEA UTC (Time) = Oct 02 2023  03:41:14
* NMEA baud rate = 4800
** Ship: R/V Sikuliaq
** Station Number: 074
** Station Name: DBO3.3
** Bottom Depth: 47
** Operator: SD
# nquan = 24
# nvalues = 4146                                  
# units = specified
# name 0 = depSM: Depth [salt water, m]
# name 1 = latitude: Latitude [deg]
# name 2 = longitude: Longitude [deg]
# name 3 = prDM: Pressure, Digiquartz [db]
# name 4 = t090C: Temperature [ITS-90, deg C]
# name 5 = t190C: Temperature, 2 [ITS-90, deg C]
# name 6 = potemp090C: Potential Temperature [ITS-90, deg C]
# name 7 = sal00: Salinity, Practical [PSU]
# name 8 = sal11: Salinity, Practical, 2 [PSU]
# name 9 = density00: Density [density, kg/m^3]
# name 10 = sigma-é00: Density [sigma-theta, kg/m^3]
# name 11 = sbox0Mm/Kg: Oxygen, SBE 43 [umol/kg]
# name 12 = sbox1Mm/Kg: Oxygen, SBE 43, 2 [umol/kg]
# name 13 = oxsolMm/Kg: Oxygen Saturation, Garcia & Gordon [umol/kg]
# name 14 = sbeox0PS: Oxygen, SBE 43 [% saturation]
# name 15 = sbeox1PS: Oxygen, SBE 43, 2 [% saturation]
# name 16 = v0: Voltage 0
# name 17 = flECO-AFL: Fluorescence, WET Labs ECO-AFL/FL [mg/m^3]
# name 18 = v1: Voltage 1
# name 19 = CStarAt0: Beam Attenuation, WET Labs C-Star [1/m]
# name 20 = par: PAR/Irradiance, Biospherical/Licor
# name 21 = scan: Scan Count
# name 22 = timeM: Time, Elapsed [minutes]
# name 23 = flag:  0.000e+00
# span 0 =      2.364,     42.384                 
# span 1 =   68.18698,   68.18702                 
# span 2 = -167.29566, -167.29562                 
# span 3 =      2.388,     42.818                 
# span 4 =     3.3167,     6.4617                 
# span 5 =     3.3171,     6.4657                 
# span 6 =     3.3142,     6.4614                 
# span 7 =    25.7777,    32.2111                 
# span 8 =    25.7372,    32.1201                 
# span 9 =  1020.2402,  1025.7551                 
# span 10 =    20.2253,    25.5767                
# span 11 =    261.306,    294.063                
# span 12 =    246.444,    280.632                
# span 13 =  308.69516,  327.27067                
# span 14 =     81.523,     93.120                
# span 15 =     77.171,     88.559                
# span 16 =     0.0684,     0.3028                
# span 17 =     0.0623,     1.4688                
# span 18 =     3.3358,     4.0464                
# span 19 =     0.6095,     1.3823                
# span 20 = 1.0000e-12, 2.1108e+01                
# span 21 =          1,       4146                
# span 22 =     0.0000,     2.8785                
# span 23 = 0.0000e+00, 0.0000e+00                
# interval = seconds: 0.0416667
# start_time = Oct 02 2023 03:44:53 [NMEA time, first data scan]
# bad_flag = -9.990e-29
*END*
[from data line 3442]
     41.295   68.18700 -167.29562     41.717     3.3182     3.3181     3.3157    32.0610    32.0774  1025.7078    25.5122    268.507    254.626  327.25063     82.049     77.817     0.0745     0.0989     3.3602     1.3531 1.0000e-12       3443     2.3903  0.000e+00
     41.303   68.18700 -167.29562     41.725     3.3182     3.3179     3.3158    32.0611    32.0776  1025.7080    25.5123    268.559    254.626  327.24985     82.066     77.817     0.0757     0.1062     3.3590     1.3545 8.4714e-06       3444     2.3910  0.000e+00
     41.303   68.18700 -167.29562     41.725     3.3183     3.3179     3.3159    32.0611    32.0777  1025.7080    25.5123    268.841    254.610  327.24905     82.152     77.812     0.0745     0.0989     3.3590     1.3545 1.0000e-12       3445     2.3917  0.000e+00
     41.357   68.18700 -167.29562     41.780     3.3182     3.3177     3.3158    32.0612    32.0777  1025.7083    25.5124    268.415    254.604  327.24972     82.021     77.810     0.0745     0.0989     3.3590     1.3545 1.0000e-12       3446     2.3924  0.000e+00
     41.357   68.18700 -167.29562     41.780     3.3182     3.3180     3.3157    32.0612    32.0773  1025.7083    25.5124    268.433    254.603  327.25002     82.027     77.810     0.0745     0.0989     3.3590     1.3545 8.4714e-06       3447     2.3931  0.000e+00
     41.411   68.18700 -167.29562     41.834     3.3179     3.3177     3.3155    32.0612    32.0775  1025.7086    25.5124    268.467    254.612  327.25217     82.037     77.812     0.0745     0.0989     3.3590     1.3545 8.4714e-06       3448     2.3937  0.000e+00
     41.357   68.18700 -167.29562     41.780     3.3177     3.3177     3.3153    32.0616    32.0777  1025.7087    25.5128    268.508    254.624  327.25289     82.049     77.816     0.0745     0.0989     3.3590     1.3545 1.0000e-12       3449     2.3944  0.000e+00
     41.411   68.18700 -167.29562     41.834     3.3179     3.3177     3.3155    32.0612    32.0775  1025.7086    25.5124    268.530    254.648  327.25217     82.056     77.823     0.0745     0.0989     3.3590     1.3545 8.4714e-06       3450     2.3951  0.000e+00
     41.473   68.18700 -167.29562     41.897     3.3175     3.3177     3.3151    32.0615    32.0776  1025.7092    25.5127    268.565    254.484  327.25443     82.066     77.773     0.0733     0.0916     3.3590     1.3545 8.4714e-06       3451     2.3958  0.000e+00
     41.411   68.18700 -167.29562     41.834     3.3178     3.3179     3.3153    32.0609    32.0770  1025.7084    25.5122    268.390    254.668  327.25424     82.013     77.829     0.0745     0.0989     3.3590     1.3545 1.0000e-12       3452     2.3965  0.000e+00
     41.527   68.18700 -167.29562     41.951     3.3177     3.3179     3.3153    32.0610    32.0769  1025.7090    25.5123    268.632    254.499  327.25449     82.087     77.777     0.0745     0.0989     3.3590     1.3545 8.4714e-06       3453     2.3972  0.000e+00
     41.473   68.18700 -167.29562     41.897     3.3176     3.3177     3.3151    32.0609    32.0770  1025.7087    25.5123    268.265    254.309  327.25541     81.974     77.719     0.0757     0.1062     3.3590     1.3545 8.4714e-06       3454     2.3979  0.000e+00
     41.473   68.18700 -167.29562     41.897     3.3175     3.3179     3.3151    32.0610    32.0772  1025.7087    25.5123    268.243    254.494  327.25581     81.967     77.776     0.0769     0.1135     3.3590     1.3545 1.0000e-12       3455     2.3986  0.000e+00
     41.527   68.18700 -167.29562     41.951     3.3176     3.3179     3.3151    32.0613    32.0771  1025.7092    25.5125    268.234    254.711  327.25459     81.965     77.842     0.0757     0.1062     3.3553     1.3589 8.4714e-06       3456     2.3993  0.000e+00
     41.527   68.18700 -167.29562     41.951     3.3179     3.3179     3.3154    32.0607    32.0771  1025.7088    25.5121    268.452    254.544  327.25379     82.032     77.791     0.0757     0.1062     3.3480     1.3676 1.0000e-12       3457     2.4000  0.000e+00
     41.581   68.18700 -167.29562     42.006     3.3174     3.3179     3.3150    32.0608    32.0767  1025.7091    25.5121    268.506    254.558  327.25713     82.047     77.795     0.0757     0.1062     3.3443     1.3720 1.0000e-12       3458     2.4007  0.000e+00
     41.588   68.18700 -167.29562     42.014     3.3175     3.3177     3.3151    32.0610    32.0766  1025.7093    25.5123    268.565    254.382  327.25566     82.066     77.742     0.0757     0.1062     3.3455     1.3706 8.4714e-06       3459     2.4014  0.000e+00
     41.527   68.18700 -167.29562     41.951     3.3176     3.3179     3.3151    32.0607    32.0764  1025.7088    25.5121    268.599    254.383  327.25597     82.076     77.742     0.0757     0.1062     3.3455     1.3706 8.4714e-06       3460     2.4021  0.000e+00
     41.588   68.18700 -167.29562     42.013     3.3175     3.3177     3.3151    32.0604    32.0765  1025.7088    25.5118    268.648    254.419  327.25723     82.091     77.753     0.0757     0.1062     3.3455     1.3706 8.4714e-06       3461     2.4028  0.000e+00
     41.642   68.18700 -167.29562     42.068     3.3173     3.3177     3.3149    32.0605    32.0765  1025.7092    25.5119    268.707    254.439  327.25859     82.108     77.759     0.0745     0.0989     3.3455     1.3706 1.0000e-12       3462     2.4035  0.000e+00
     41.635   68.18700 -167.29562     42.060     3.3175     3.3179     3.3151    32.0605    32.0763  1025.7092    25.5119    268.735    254.465  327.25690     82.118     77.767     0.0757     0.1062     3.3455     1.3706 1.0000e-12       3463     2.4042  0.000e+00
     41.642   68.18700 -167.29562     42.068     3.3176     3.3177     3.3151    32.0607    32.0764  1025.7094    25.5121    268.774    254.499  327.25592     82.129     77.777     0.0757     0.1062     3.3455     1.3706 1.0000e-12       3464     2.4049  0.000e+00
     41.642   68.18700 -167.29562     42.068     3.3175     3.3179     3.3151    32.0606    32.0761  1025.7093    25.5120    268.605    254.539  327.25662     82.078     77.790     0.0757     0.1062     3.3455     1.3706 1.0000e-12       3465     2.4056  0.000e+00
     41.704   68.18700 -167.29562     42.130     3.3173     3.3177     3.3149    32.0603    32.0761  1025.7093    25.5118    268.632    254.397  327.25917     82.086     77.746     0.0757     0.1062     3.3455     1.3706 8.4714e-06       3466     2.4063  0.000e+00
     41.704   68.18700 -167.29562     42.130     3.3175     3.3177     3.3151    32.0606    32.0766  1025.7095    25.5120    268.627    254.407  327.25670     82.085     77.749     0.0757     0.1062     3.3455     1.3706 1.0000e-12       3467     2.4069  0.000e+00
     41.696   68.18700 -167.29562     42.123     3.3173     3.3177     3.3149    32.0604    32.0763  1025.7094    25.5119    268.887    254.233  327.25886     82.163     77.695     0.0757     0.1062     3.3455     1.3706 1.0000e-12       3468     2.4076  0.000e+00
     41.704   68.18700 -167.29562     42.130     3.3174     3.3175     3.3149    32.0601    32.0765  1025.7092    25.5116    268.720    254.409  327.25916     82.112     77.749     0.0757     0.1062     3.3455     1.3706 1.0000e-12       3469     2.4083  0.000e+00
     41.758   68.18700 -167.29562     42.185     3.3173     3.3177     3.3149    32.0606    32.0759  1025.7098    25.5120    268.744    254.227  327.25845     82.120     77.694     0.0757     0.1062     3.3455     1.3706 1.0000e-12       3470     2.4090  0.000e+00
     41.704   68.18700 -167.29562     42.130     3.3174     3.3179     3.3149    32.0603    32.0761  1025.7093    25.5117    268.774    254.219  327.25877     82.129     77.692     0.0757     0.1062     3.3455     1.3706 1.0000e-12       3471     2.4097  0.000e+00
     41.758   68.18700 -167.29562     42.185     3.3174     3.3177     3.3150    32.0603    32.0762  1025.7096    25.5117    268.599    254.225  327.25834     82.076     77.693     0.0757     0.1062     3.3455     1.3706 1.0000e-12       3472     2.4104  0.000e+00
     41.750   68.18700 -167.29562     42.177     3.3174     3.3179     3.3149    32.0606    32.0760  1025.7098    25.5120    268.831    254.233  327.25794     82.146     77.696     0.0757     0.1062     3.3455     1.3706 1.0000e-12       3473     2.4111  0.000e+00
     41.758   68.18700 -167.29562     42.185     3.3174     3.3177     3.3150    32.0604    32.0761  1025.7097    25.5118    269.106    254.059  327.25805     82.231     77.642     0.0757     0.1062     3.3455     1.3706 1.0000e-12       3474     2.4118  0.000e+00
     41.758   68.18700 -167.29562     42.185     3.3174     3.3181     3.3149    32.0604    32.0758  1025.7097    25.5119    268.739    254.037  327.25845     82.118     77.636     0.0757     0.1062     3.3455     1.3706 8.4714e-06       3475     2.4125  0.000e+00
     41.812   68.18700 -167.29562     42.239     3.3176     3.3180     3.3151    32.0602    32.0755  1025.7097    25.5116    268.744    254.028  327.25732     82.120     77.633     0.0757     0.1062     3.3443     1.3720 1.0000e-12       3476     2.4132  0.000e+00
     41.812   68.18700 -167.29562     42.239     3.3174     3.3180     3.3149    32.0606    32.0756  1025.7101    25.5120    268.325    253.829  327.25802     81.992     77.572     0.0745     0.0989     3.3382     1.3793 8.4714e-06       3477     2.4139  0.000e+00
     41.812   68.18700 -167.29562     42.239     3.3174     3.3177     3.3150    32.0606    32.0764  1025.7101    25.5120    268.712    253.811  327.25753     82.110     77.567     0.0757     0.1062     3.3358     1.3823 8.4714e-06       3478     2.4146  0.000e+00
     41.874   68.18700 -167.29562     42.302     3.3175     3.3179     3.3151    32.0605    32.0758  1025.7102    25.5119    268.963    253.997  327.25701     82.187     77.623     0.0769     0.1135     3.3358     1.3823 1.0000e-12       3479     2.4153  0.000e+00
     41.812   68.18700 -167.29562     42.239     3.3174     3.3180     3.3150    32.0601    32.0755  1025.7097    25.5116    268.821    253.797  327.25871     82.143     77.562     0.0769     0.1135     3.3358     1.3823 8.4714e-06       3480     2.4160  0.000e+00
     41.874   68.18700 -167.29562     42.302     3.3172     3.3179     3.3148    32.0600    32.0758  1025.7099    25.5115    268.874    253.780  327.26077     82.159     77.557     0.0781     0.1209     3.3358     1.3823 1.0000e-12       3481     2.4167  0.000e+00
     41.874   68.18700 -167.29562     42.302     3.3174     3.3182     3.3150    32.0599    32.0756  1025.7098    25.5114    269.362    253.768  327.25928     82.309     77.554     0.0769     0.1135     3.3358     1.3823 1.0000e-12       3482     2.4174  0.000e+00
     41.866   68.18700 -167.29562     42.294     3.3169     3.3179     3.3144    32.0605    32.0756  1025.7103    25.5120    269.028    253.572  327.26205     82.206     77.494     0.0769     0.1135     3.3358     1.3823 1.0000e-12       3483     2.4181  0.000e+00
     41.874   68.18700 -167.29562     42.302     3.3173     3.3182     3.3149    32.0601    32.0755  1025.7100    25.5116    269.061    253.553  327.25968     82.216     77.488     0.0769     0.1135     3.3358     1.3823 1.0000e-12       3484     2.4188  0.000e+00
     41.874   68.18700 -167.29562     42.302     3.3171     3.3179     3.3146    32.0601    32.0759  1025.7100    25.5117    269.104    253.522  327.26166     82.229     77.478     0.0769     0.1135     3.3358     1.3823 1.0000e-12       3485     2.4194  0.000e+00
     41.928   68.18700 -167.29562     42.356     3.3172     3.3177     3.3147    32.0601    32.0760  1025.7103    25.5117    269.118    253.305  327.26084     82.234     77.412     0.0769     0.1135     3.3358     1.3823 1.0000e-12       3486     2.4201  0.000e+00
     41.874   68.18700 -167.29562     42.302     3.3171     3.3177     3.3146    32.0601    32.0765  1025.7100    25.5117    269.136    253.263  327.26166     82.239     77.399     0.0769     0.1135     3.3358     1.3823 8.4714e-06       3487     2.4208  0.000e+00
     41.874   68.18700 -167.29562     42.302     3.3172     3.3183     3.3147    32.0606    32.0769  1025.7104    25.5120    269.158    253.228  327.25969     82.246     77.390     0.0757     0.1062     3.3358     1.3823 8.4714e-06       3488     2.4215  0.000e+00
     41.928   68.18700 -167.29562     42.356     3.3171     3.3193     3.3146    32.0615    32.0768  1025.7114    25.5128    268.973    253.201  327.25829     82.190     77.383     0.0769     0.1135     3.3358     1.3823 1.0000e-12       3489     2.4222  0.000e+00
     41.928   68.18700 -167.29562     42.356     3.3172     3.3224     3.3147    32.0618    32.0749  1025.7116    25.5130    268.974    253.169  327.25661     82.191     77.379     0.0769     0.1135     3.3358     1.3823 8.4714e-06       3490     2.4229  0.000e+00
     41.928   68.18700 -167.29562     42.356     3.3171     3.3242     3.3146    32.0627    32.0745  1025.7123    25.5137    268.983    253.128  327.25544     82.194     77.369     0.0769     0.1135     3.3358     1.3823 8.4714e-06       3491     2.4236  0.000e+00
     41.928   68.18700 -167.29562     42.356     3.3172     3.3248     3.3147    32.0628    32.0754  1025.7124    25.5138    269.216    253.101  327.25425     82.265     77.363     0.0781     0.1209     3.3358     1.3823 1.0000e-12       3492     2.4243  0.000e+00
     41.928   68.18700 -167.29562     42.356     3.3174     3.3250     3.3149    32.0628    32.0766  1025.7124    25.5137    269.055    252.890  327.25257     82.216     77.299     0.0769     0.1135     3.3358     1.3823 1.0000e-12       3493     2.4250  0.000e+00
     41.928   68.18700 -167.29562     42.356     3.3176     3.3256     3.3151    32.0637    32.0757  1025.7131    25.5144    269.118    252.859  327.24862     82.237     77.291     0.0781     0.1209     3.3358     1.3823 8.4714e-06       3494     2.4257  0.000e+00
     41.989   68.18700 -167.29562     42.418     3.3179     3.3262     3.3154    32.0641    32.0747  1025.7137    25.5148    269.120    252.840  327.24535     82.238     77.285     0.0769     0.1135     3.3358     1.3823 8.4714e-06       3495     2.4264  0.000e+00
     41.928   68.18700 -167.29562     42.356     3.3187     3.3270     3.3162    32.0643    32.0736  1025.7135    25.5148    269.120    252.823  327.23804     82.240     77.281     0.0769     0.1135     3.3358     1.3823 1.0000e-12       3496     2.4271  0.000e+00
     41.989   68.18700 -167.29562     42.418     3.3198     3.3262     3.3173    32.0635    32.0743  1025.7130    25.5141    269.130    252.826  327.23138     82.245     77.281     0.0769     0.1135     3.3443     1.3720 1.0000e-12       3497     2.4278  0.000e+00
     41.928   68.18700 -167.29562     42.356     3.3200     3.3266     3.3175    32.0634    32.0743  1025.7126    25.5140    269.147    252.828  327.23011     82.250     77.282     0.0769     0.1135     3.3480     1.3676 1.0000e-12       3498     2.4285  0.000e+00
     41.982   68.18700 -167.29562     42.411     3.3203     3.3273     3.3178    32.0639    32.0742  1025.7133    25.5144    269.171    252.838  327.22663     82.258     77.286     0.0769     0.1135     3.3492     1.3662 8.4714e-06       3499     2.4292  0.000e+00
     41.989   68.18700 -167.29562     42.418     3.3212     3.3290     3.3187    32.0641    32.0731  1025.7133    25.5144    268.979    252.634  327.21853     82.202     77.227     0.0769     0.1135     3.3492     1.3662 8.4714e-06       3500     2.4299  0.000e+00
     41.928   68.18700 -167.29562     42.356     3.3217     3.3294     3.3192    32.0655    32.0744  1025.7141    25.5155    268.939    252.636  327.21164     82.191     77.229     0.0769     0.1135     3.3492     1.3662 8.4714e-06       3501     2.4306  0.000e+00
