EcoFOCI/data/1_SampleCollection/2023_SikuliaqDBO_CruiseData/CTD_raw_BottleFile_SKQ23-12S/proc/skq202312s_069svp.cnv
* Sea-Bird SBE 9 Data File:
* FileName = D:\CTD\SKQ202312S\SKQ202312S_069.hex
* Software Version Seasave V 7.26.7.121
* Temperature SN = 6177
* Conductivity SN = 0369
* Number of Bytes Per Scan = 41
* Number of Voltage Words = 4
* Number of Scans Averaged by the Deck Unit = 1
* NMEA Latitude = 67 46.99 N
* NMEA Longitude = 168 35.84 W
* NMEA UTC (Time) = Sep 30 2023  01:24:11
* NMEA baud rate = 4800
** Ship: R/V Sikuliaq
** Station Number: 069
** Station Name: DBO3.7
** Bottom Depth: 50
** Operator: SD
# nquan = 7
# nvalues = 4111                                  
# units = specified
# name 0 = depSM: Depth [salt water, m]
# name 1 = latitude: Latitude [deg]
# name 2 = longitude: Longitude [deg]
# name 3 = t090C: Temperature [ITS-90, deg C]
# name 4 = sal00: Salinity, Practical [PSU]
# name 5 = svCM: Sound Velocity [Chen-Millero, m/s]
# name 6 = flag:  0.000e+00
# span 0 =      2.464,     45.002                 
# span 1 =   67.78290,   67.78294                 
# span 2 = -168.59750, -168.59740                 
# span 3 =     2.2539,     5.5342                 
# span 4 =    26.3141,    32.5375                 
# span 5 =    1450.24,    1468.18                 
# span 6 = 0.0000e+00, 0.0000e+00                 
# interval = seconds: 0.0416667
# start_time = Sep 30 2023 01:27:32 [NMEA time, first data scan]
# bad_flag = -9.990e-29
*END*
[from data line 1436]
     11.983   67.78294 -168.59744     2.8043    28.4932    1453.31  0.000e+00
     12.014   67.78294 -168.59744     2.8048    28.4948    1453.31  0.000e+00
     12.014   67.78294 -168.59744     2.8049    28.4980    1453.32  0.000e+00
     12.014   67.78294 -168.59744     2.8053    28.5009    1453.32  0.000e+00
     12.068   67.78294 -168.59744     2.8054    28.4988    1453.32  0.000e+00
     12.068   67.78294 -168.59744     2.8051    28.4952    1453.32  0.000e+00
     12.037   67.78294 -168.59744     2.8045    28.4921    1453.31  0.000e+00
     12.068   67.78294 -168.59744     2.8037    28.4904    1453.30  0.000e+00
     12.068   67.78294 -168.59744     2.8032    28.4905    1453.30  0.000e+00
     12.130   67.78294 -168.59744     2.8031    28.4891    1453.30  0.000e+00
     12.130   67.78294 -168.59744     2.8024    28.4871    1453.30  0.000e+00
     12.099   67.78294 -168.59744     2.8022    28.4903    1453.30  0.000e+00
     12.130   67.78294 -168.59744     2.8017    28.4974    1453.31  0.000e+00
     12.130   67.78294 -168.59744     2.8022    28.5009    1453.31  0.000e+00
     12.130   67.78294 -168.59744     2.8023    28.5036    1453.32  0.000e+00
     12.184   67.78294 -168.59744     2.8024    28.5028    1453.32  0.000e+00
     12.184   67.78294 -168.59744     2.8024    28.5007    1453.31  0.000e+00
     12.153   67.78294 -168.59744     2.8012    28.4991    1453.31  0.000e+00
     12.184   67.78294 -168.59744     2.7993    28.4953    1453.29  0.000e+00
     12.184   67.78294 -168.59744     2.7973    28.4921    1453.28  0.000e+00
     12.245   67.78294 -168.59744     2.7954    28.4899    1453.27  0.000e+00
     12.183   67.78294 -168.59744     2.7933    28.4907    1453.26  0.000e+00
     12.268   67.78294 -168.59744     2.7919    28.4916    1453.26  0.000e+00
     12.245   67.78294 -168.59744     2.7893    28.4917    1453.25  0.000e+00
     12.183   67.78294 -168.59744     2.7853    28.4902    1453.23  0.000e+00
     12.299   67.78294 -168.59744     2.7789    28.4914    1453.20  0.000e+00
     12.245   67.78294 -168.59744     2.7717    28.4954    1453.17  0.000e+00
     12.299   67.78294 -168.59744     2.7659    28.4990    1453.15  0.000e+00
     12.268   67.78294 -168.59744     2.7615    28.5005    1453.14  0.000e+00
     12.299   67.78294 -168.59744     2.7554    28.5013    1453.11  0.000e+00
     12.299   67.78294 -168.59744     2.7476    28.5031    1453.08  0.000e+00
     12.299   67.78294 -168.59744     2.7385    28.5070    1453.04  0.000e+00
     12.299   67.78294 -168.59744     2.7297    28.5113    1453.01  0.000e+00
     12.330   67.78294 -168.59744     2.7235    28.5146    1452.99  0.000e+00
     12.353   67.78294 -168.59744     2.7177    28.5189    1452.97  0.000e+00
     12.299   67.78294 -168.59744     2.7134    28.5216    1452.95  0.000e+00
     12.353   67.78294 -168.59744     2.7091    28.5177    1452.93  0.000e+00
     12.353   67.78294 -168.59744     2.7018    28.5134    1452.89  0.000e+00
     12.353   67.78294 -168.59744     2.6925    28.5151    1452.85  0.000e+00
     12.384   67.78294 -168.59744     2.6847    28.5209    1452.83  0.000e+00
     12.353   67.78294 -168.59744     2.6777    28.5274    1452.81  0.000e+00
     12.353   67.78294 -168.59744     2.6724    28.5298    1452.79  0.000e+00
     12.415   67.78294 -168.59744     2.6681    28.5314    1452.77  0.000e+00
     12.415   67.78294 -168.59744     2.6644    28.5325    1452.76  0.000e+00
     12.384   67.78294 -168.59744     2.6621    28.5296    1452.74  0.000e+00
     12.353   67.78294 -168.59744     2.6597    28.5225    1452.72  0.000e+00
     12.469   67.78294 -168.59744     2.6532    28.5169    1452.69  0.000e+00
     12.353   67.78294 -168.59744     2.6441    28.5157    1452.64  0.000e+00
     12.414   67.78294 -168.59744     2.6348    28.5184    1452.61  0.000e+00
     12.438   67.78294 -168.59744     2.6288    28.5248    1452.59  0.000e+00
     12.414   67.78294 -168.59744     2.6288    28.5270    1452.59  0.000e+00
     12.468   67.78294 -168.59744     2.6288    28.5287    1452.60  0.000e+00
     12.414   67.78294 -168.59744     2.6275    28.5295    1452.59  0.000e+00
     12.468   67.78294 -168.59744     2.6264    28.5274    1452.58  0.000e+00
     12.414   67.78294 -168.59744     2.6247    28.5236    1452.57  0.000e+00
     12.499   67.78294 -168.59744     2.6230    28.5204    1452.56  0.000e+00
     12.468   67.78294 -168.59744     2.6182    28.5209    1452.54  0.000e+00
     12.414   67.78294 -168.59744     2.6116    28.5242    1452.51  0.000e+00
     12.530   67.78294 -168.59744     2.6063    28.5246    1452.49  0.000e+00
     12.414   67.78294 -168.59744     2.5998    28.5241    1452.46  0.000e+00
     12.499   67.78294 -168.59744     2.5923    28.5239    1452.43  0.000e+00
     12.468   67.78294 -168.59744     2.5845    28.5250    1452.40  0.000e+00
     12.468   67.78294 -168.59744     2.5773    28.5262    1452.37  0.000e+00
     12.530   67.78294 -168.59744     2.5710    28.5277    1452.34  0.000e+00
     12.468   67.78294 -168.59744     2.5650    28.5303    1452.32  0.000e+00
     12.499   67.78294 -168.59744     2.5595    28.5333    1452.30  0.000e+00
     12.530   67.78294 -168.59744     2.5548    28.5364    1452.28  0.000e+00
     12.468   67.78294 -168.59744     2.5503    28.5390    1452.26  0.000e+00
     12.530   67.78294 -168.59744     2.5465    28.5403    1452.25  0.000e+00
     12.530   67.78294 -168.59744     2.5433    28.5403    1452.24  0.000e+00
     12.530   67.78294 -168.59744     2.5399    28.5412    1452.22  0.000e+00
     12.499   67.78294 -168.59744     2.5374    28.5410    1452.21  0.000e+00
     12.584   67.78294 -168.59744     2.5347    28.5415    1452.20  0.000e+00
     12.468   67.78294 -168.59744     2.5324    28.5418    1452.19  0.000e+00
     12.584   67.78294 -168.59744     2.5300    28.5419    1452.18  0.000e+00
     12.530   67.78294 -168.59744     2.5278    28.5422    1452.17  0.000e+00
     12.553   67.78294 -168.59744     2.5257    28.5426    1452.16  0.000e+00
     12.530   67.78294 -168.59744     2.5235    28.5429    1452.15  0.000e+00
     12.584   67.78294 -168.59744     2.5217    28.5436    1452.15  0.000e+00
     12.530   67.78294 -168.59744     2.5197    28.5445    1452.14  0.000e+00
     12.584   67.78294 -168.59744     2.5180    28.5458    1452.13  0.000e+00
     12.553   67.78294 -168.59744     2.5161    28.5466    1452.12  0.000e+00
     12.584   67.78294 -168.59744     2.5142    28.5472    1452.12  0.000e+00
     12.584   67.78294 -168.59744     2.5128    28.5468    1452.11  0.000e+00
     12.584   67.78294 -168.59744     2.5112    28.5471    1452.10  0.000e+00
     12.584   67.78294 -168.59744     2.5094    28.5473    1452.10  0.000e+00
     12.614   67.78294 -168.59744     2.5079    28.5476    1452.09  0.000e+00
     12.584   67.78294 -168.59744     2.5059    28.5514    1452.09  0.000e+00
     12.645   67.78294 -168.59744     2.5065    28.5538    1452.09  0.000e+00
     12.584   67.78294 -168.59744     2.5109    28.5504    1452.11  0.000e+00
     12.645   67.78294 -168.59744     2.5147    28.5454    1452.12  0.000e+00
     12.645   67.78294 -168.59744     2.5148    28.5433    1452.12  0.000e+00
     12.553   67.78294 -168.59744     2.5129    28.5432    1452.11  0.000e+00
     12.645   67.78294 -168.59744     2.5098    28.5433    1452.09  0.000e+00
     12.645   67.78294 -168.59744     2.5058    28.5443    1452.08  0.000e+00
     12.645   67.78294 -168.59744     2.5020    28.5478    1452.07  0.000e+00
     12.699   67.78294 -168.59744     2.4998    28.5506    1452.06  0.000e+00
     12.668   67.78294 -168.59744     2.5003    28.5499    1452.06  0.000e+00
     12.699   67.78294 -168.59744     2.5003    28.5486    1452.06  0.000e+00
     12.699   67.78294 -168.59744     2.4990    28.5479    1452.05  0.000e+00
     12.753   67.78294 -168.59744     2.4962    28.5491    1452.04  0.000e+00
     12.699   67.78294 -168.59744     2.4932    28.5510    1452.03  0.000e+00
     12.730   67.78294 -168.59744     2.4907    28.5540    1452.03  0.000e+00
     12.699   67.78294 -168.59744     2.4896    28.5555    1452.02  0.000e+00
     12.753   67.78294 -168.59744     2.4891    28.5546    1452.02  0.000e+00
     12.753   67.78294 -168.59744     2.4881    28.5542    1452.01  0.000e+00
     12.753   67.78294 -168.59744     2.4859    28.5556    1452.01  0.000e+00
     12.730   67.78294 -168.59744     2.4839    28.5576    1452.00  0.000e+00
     12.815   67.78294 -168.59744     2.4824    28.5595    1452.00  0.000e+00
     12.753   67.78294 -168.59744     2.4812    28.5612    1451.99  0.000e+00
     12.815   67.78294 -168.59744     2.4804    28.5616    1451.99  0.000e+00
     12.869   67.78294 -168.59744     2.4794    28.5634    1451.99  0.000e+00
     12.784   67.78294 -168.59744     2.4790    28.5645    1451.99  0.000e+00
     12.869   67.78294 -168.59744     2.4787    28.5660    1451.99  0.000e+00
     12.869   67.78294 -168.59744     2.4788    28.5677    1451.99  0.000e+00
     12.869   67.78294 -168.59744     2.4785    28.5698    1451.99  0.000e+00
     12.869   67.78294 -168.59744     2.4783    28.5719    1452.00  0.000e+00
     12.899   67.78294 -168.59744     2.4785    28.5748    1452.00  0.000e+00
     12.869   67.78294 -168.59744     2.4793    28.5775    1452.01  0.000e+00
     12.930   67.78294 -168.59744     2.4804    28.5795    1452.02  0.000e+00
     12.930   67.78294 -168.59744     2.4808    28.5828    1452.02  0.000e+00
     12.930   67.78294 -168.59744     2.4824    28.5860    1452.03  0.000e+00
     12.953   67.78294 -168.59744     2.4846    28.5880    1452.05  0.000e+00
     12.984   67.78294 -168.59744     2.4871    28.5879    1452.06  0.000e+00
     12.984   67.78294 -168.59744     2.4888    28.5902    1452.07  0.000e+00
     13.046   67.78294 -168.59744     2.4907    28.5961    1452.09  0.000e+00
     12.984   67.78294 -168.59744     2.4945    28.6008    1452.11  0.000e+00
     13.069   67.78294 -168.59744     2.4978    28.6086    1452.13  0.000e+00
     12.984   67.78294 -168.59744     2.5026    28.6187    1452.17  0.000e+00
     13.046   67.78294 -168.59744     2.5109    28.6229    1452.21  0.000e+00
     13.100   67.78294 -168.59744     2.5189    28.6215    1452.24  0.000e+00
     13.046   67.78294 -168.59744     2.5249    28.6237    1452.27  0.000e+00
     13.123   67.78294 -168.59744     2.5324    28.6261    1452.31  0.000e+00
     13.100   67.78294 -168.59744     2.5397    28.6236    1452.34  0.000e+00
     13.154   67.78294 -168.59744     2.5459    28.6231    1452.37  0.000e+00
     13.100   67.78294 -168.59744     2.5515    28.6297    1452.40  0.000e+00
     13.215   67.78294 -168.59744     2.5595    28.6347    1452.44  0.000e+00
     13.123   67.78294 -168.59744     2.5682    28.6375    1452.48  0.000e+00
     13.215   67.78294 -168.59744     2.5773    28.6402    1452.53  0.000e+00
     13.154   67.78294 -168.59744     2.5867    28.6386    1452.56  0.000e+00
     13.215   67.78294 -168.59744     2.5939    28.6352    1452.59  0.000e+00
     13.269   67.78294 -168.59744     2.5997    28.6336    1452.62  0.000e+00
     13.238   67.78294 -168.59744     2.6051    28.6317    1452.64  0.000e+00
     13.215   67.78294 -168.59744     2.6094    28.6300    1452.65  0.000e+00
     13.331   67.78294 -168.59744     2.6135    28.6335    1452.68  0.000e+00
     13.269   67.78294 -168.59744     2.6193    28.6417    1452.71  0.000e+00
     13.331   67.78294 -168.59744     2.6266    28.6480    1452.75  0.000e+00
     13.300   67.78294 -168.59744     2.6325    28.6553    1452.79  0.000e+00
     13.385   67.78294 -168.59744     2.6368    28.6660    1452.82  0.000e+00
     13.331   67.78294 -168.59744     2.6432    28.6716    1452.86  0.000e+00
     13.385   67.78294 -168.59744     2.6513    28.6724    1452.90  0.000e+00
     13.331   67.78294 -168.59744     2.6588    28.6737    1452.93  0.000e+00
     13.416   67.78294 -168.59744     2.6655    28.6766    1452.96  0.000e+00
     13.385   67.78294 -168.59744     2.6724    28.6748    1452.99  0.000e+00
     13.447   67.78294 -168.59744     2.6799    28.6693    1453.02  0.000e+00
     13.385   67.78294 -168.59744     2.6860    28.6666    1453.04  0.000e+00
     13.446   67.78294 -168.59744     2.6914    28.6678    1453.07  0.000e+00
     13.416   67.78294 -168.59744     2.6964    28.6693    1453.09  0.000e+00
     13.446   67.78294 -168.59744     2.7013    28.6673    1453.11  0.000e+00
     13.500   67.78294 -168.59744     2.7051    28.6639    1453.12  0.000e+00
     13.446   67.78294 -168.59744     2.7093    28.6611    1453.14  0.000e+00
     13.470   67.78294 -168.59744     2.7129    28.6603    1453.15  0.000e+00
     13.500   67.78294 -168.59744     2.7155    28.6606    1453.16  0.000e+00
     13.500   67.78294 -168.59744     2.7181    28.6601    1453.17  0.000e+00
     13.500   67.78294 -168.59744     2.7212    28.6584    1453.18  0.000e+00
     13.554   67.78294 -168.59744     2.7231    28.6567    1453.19  0.000e+00
     13.523   67.78294 -168.59744     2.7250    28.6550    1453.20  0.000e+00
     13.500   67.78294 -168.59744     2.7265    28.6538    1453.20  0.000e+00
     13.554   67.78294 -168.59744     2.7279    28.6535    1453.21  0.000e+00
     13.554   67.78294 -168.59744     2.7291    28.6535    1453.21  0.000e+00
     13.500   67.78294 -168.59744     2.7304    28.6527    1453.22  0.000e+00
     13.585   67.78294 -168.59744     2.7315    28.6520    1453.22  0.000e+00
     13.554   67.78294 -168.59744     2.7326    28.6516    1453.23  0.000e+00
     13.554   67.78294 -168.59744     2.7332    28.6513    1453.23  0.000e+00
     13.554   67.78294 -168.59744     2.7335    28.6503    1453.23  0.000e+00
     13.616   67.78294 -168.59744     2.7336    28.6496    1453.23  0.000e+00
     13.585   67.78294 -168.59744     2.7332    28.6500    1453.23  0.000e+00
     13.554   67.78294 -168.59744     2.7329    28.6504    1453.23  0.000e+00
     13.616   67.78294 -168.59744     2.7329    28.6509    1453.23  0.000e+00
     13.616   67.78294 -168.59744     2.7330    28.6510    1453.23  0.000e+00
     13.585   67.78294 -168.59744     2.7331    28.6514    1453.23  0.000e+00
     13.554   67.78294 -168.59744     2.7334    28.6516    1453.23  0.000e+00
     13.670   67.78294 -168.59744     2.7332    28.6519    1453.23  0.000e+00
     13.616   67.78294 -168.59744     2.7331    28.6527    1453.23  0.000e+00
     13.670   67.78294 -168.59744     2.7331    28.6537    1453.23  0.000e+00
     13.585   67.78294 -168.59744     2.7334    28.6542    1453.23  0.000e+00
     13.670   67.78294 -168.59744     2.7338    28.6550    1453.24  0.000e+00
     13.616   67.78294 -168.59744     2.7343    28.6557    1453.24  0.000e+00
     13.670   67.78294 -168.59744     2.7351    28.6560    1453.25  0.000e+00
     13.670   67.78294 -168.59744     2.7355    28.6568    1453.25  0.000e+00
     13.639   67.78294 -168.59744     2.7363    28.6571    1453.25  0.000e+00
     13.670   67.78294 -168.59744     2.7370    28.6575    1453.26  0.000e+00
     13.616   67.78294 -168.59744     2.7379    28.6574    1453.26  0.000e+00
     13.670   67.78294 -168.59744     2.7385    28.6577    1453.26  0.000e+00
     13.701   67.78294 -168.59744     2.7396    28.6571    1453.27  0.000e+00
     13.670   67.78294 -168.59744     2.7401    28.6580    1453.27  0.000e+00
     13.670   67.78294 -168.59744     2.7410    28.6586    1453.27  0.000e+00
     13.670   67.78294 -168.59744     2.7417    28.6594    1453.28  0.000e+00
     13.731   67.78294 -168.59744     2.7426    28.6601    1453.28  0.000e+00
     13.639   67.78294 -168.59744     2.7429    28.6607    1453.29  0.000e+00
     13.731   67.78294 -168.59744     2.7434    28.6612    1453.29  0.000e+00
     13.670   67.78294 -168.59744     2.7440    28.6613    1453.29  0.000e+00
     13.731   67.78294 -168.59744     2.7446    28.6623    1453.30  0.000e+00
     13.731   67.78294 -168.59744     2.7449    28.6628    1453.30  0.000e+00
     13.700   67.78294 -168.59744     2.7454    28.6638    1453.30  0.000e+00
