EcoFOCI/data/1_SampleCollection/2023_SikuliaqDBO_CruiseData/CTD_raw_BottleFile_SKQ23-12S/proc/skq202312s_045svp.cnv
* Sea-Bird SBE 9 Data File:
* FileName = D:\CTD\SKQ202312S\SKQ202312S_045.hex
* Software Version Seasave V 7.26.7.121
* Temperature SN = 6177
* Conductivity SN = 0369
* Number of Bytes Per Scan = 41
* Number of Voltage Words = 4
* Number of Scans Averaged by the Deck Unit = 1
* NMEA Latitude = 71 39.21 N
* NMEA Longitude = 161 35.21 W
* NMEA UTC (Time) = Sep 24 2023  11:43:57
* NMEA baud rate = 4800
** Ship: R/V Sikuliaq
** Station Number: 045
** Station Name: DBO4.4na
** Bottom Depth: 47
** Operator: Bern
# nquan = 7
# nvalues = 6596                                  
# units = specified
# name 0 = depSM: Depth [salt water, m]
# name 1 = latitude: Latitude [deg]
# name 2 = longitude: Longitude [deg]
# name 3 = t090C: Temperature [ITS-90, deg C]
# name 4 = sal00: Salinity, Practical [PSU]
# name 5 = svCM: Sound Velocity [Chen-Millero, m/s]
# name 6 = flag:  0.000e+00
# span 0 =      2.756,     39.988                 
# span 1 =   71.65350,   71.65352                 
# span 2 = -161.58680, -161.58674                 
# span 3 =    -1.4991,     2.4107                 
# span 4 =    27.3134,    32.5744                 
# span 5 =    1439.22,    1452.22                 
# span 6 = 0.0000e+00, 0.0000e+00                 
# interval = seconds: 0.0416667
# start_time = Sep 24 2023 11:47:11 [NMEA time, first data scan]
# bad_flag = -9.990e-29
*END*
[from data line 4513]
     35.941   71.65352 -161.58676    -1.3225    32.5725    1440.27  0.000e+00
     36.056   71.65352 -161.58676    -1.3226    32.5725    1440.27  0.000e+00
     35.987   71.65352 -161.58676    -1.3225    32.5724    1440.27  0.000e+00
     36.002   71.65352 -161.58676    -1.3226    32.5724    1440.27  0.000e+00
     36.056   71.65352 -161.58676    -1.3226    32.5722    1440.27  0.000e+00
     36.103   71.65352 -161.58676    -1.3226    32.5726    1440.27  0.000e+00
     36.056   71.65352 -161.58676    -1.3226    32.5722    1440.27  0.000e+00
     35.987   71.65352 -161.58676    -1.3226    32.5728    1440.27  0.000e+00
     36.172   71.65352 -161.58676    -1.3229    32.5729    1440.27  0.000e+00
     36.110   71.65352 -161.58676    -1.3227    32.5723    1440.27  0.000e+00
     36.103   71.65352 -161.58676    -1.3227    32.5725    1440.27  0.000e+00
     36.110   71.65352 -161.58676    -1.3227    32.5724    1440.27  0.000e+00
     36.172   71.65352 -161.58676    -1.3227    32.5723    1440.27  0.000e+00
     36.157   71.65352 -161.58676    -1.3229    32.5724    1440.27  0.000e+00
     36.172   71.65352 -161.58676    -1.3229    32.5729    1440.27  0.000e+00
     36.172   71.65352 -161.58676    -1.3229    32.5725    1440.27  0.000e+00
     36.218   71.65352 -161.58676    -1.3229    32.5721    1440.27  0.000e+00
     36.172   71.65352 -161.58676    -1.3229    32.5728    1440.27  0.000e+00
     36.226   71.65352 -161.58676    -1.3230    32.5729    1440.27  0.000e+00
     36.272   71.65352 -161.58676    -1.3229    32.5728    1440.27  0.000e+00
     36.226   71.65352 -161.58676    -1.3229    32.5730    1440.27  0.000e+00
     36.226   71.65352 -161.58676    -1.3230    32.5727    1440.27  0.000e+00
     36.272   71.65352 -161.58676    -1.3227    32.5722    1440.27  0.000e+00
     36.287   71.65352 -161.58676    -1.3229    32.5727    1440.27  0.000e+00
     36.272   71.65352 -161.58676    -1.3229    32.5728    1440.27  0.000e+00
     36.341   71.65352 -161.58676    -1.3229    32.5729    1440.28  0.000e+00
     36.287   71.65352 -161.58676    -1.3229    32.5729    1440.27  0.000e+00
     36.334   71.65352 -161.58676    -1.3229    32.5729    1440.27  0.000e+00
     36.287   71.65352 -161.58676    -1.3229    32.5727    1440.27  0.000e+00
     36.403   71.65352 -161.58676    -1.3227    32.5723    1440.28  0.000e+00
     36.334   71.65352 -161.58676    -1.3229    32.5726    1440.27  0.000e+00
     36.341   71.65352 -161.58676    -1.3227    32.5727    1440.28  0.000e+00
     36.403   71.65352 -161.58676    -1.3230    32.5728    1440.28  0.000e+00
     36.334   71.65352 -161.58676    -1.3227    32.5726    1440.28  0.000e+00
     36.403   71.65352 -161.58676    -1.3229    32.5726    1440.28  0.000e+00
     36.403   71.65352 -161.58676    -1.3229    32.5726    1440.28  0.000e+00
     36.387   71.65352 -161.58676    -1.3229    32.5725    1440.28  0.000e+00
     36.457   71.65352 -161.58676    -1.3226    32.5724    1440.28  0.000e+00
     36.403   71.65352 -161.58676    -1.3229    32.5725    1440.28  0.000e+00
     36.449   71.65352 -161.58676    -1.3227    32.5729    1440.28  0.000e+00
     36.403   71.65352 -161.58676    -1.3229    32.5727    1440.28  0.000e+00
     36.449   71.65352 -161.58676    -1.3230    32.5729    1440.28  0.000e+00
     36.457   71.65352 -161.58676    -1.3227    32.5729    1440.28  0.000e+00
     36.457   71.65352 -161.58676    -1.3227    32.5725    1440.28  0.000e+00
     36.449   71.65352 -161.58676    -1.3227    32.5728    1440.28  0.000e+00
     36.457   71.65352 -161.58676    -1.3227    32.5728    1440.28  0.000e+00
     36.457   71.65352 -161.58676    -1.3229    32.5727    1440.28  0.000e+00
     36.503   71.65352 -161.58676    -1.3229    32.5730    1440.28  0.000e+00
     36.403   71.65352 -161.58676    -1.3227    32.5724    1440.28  0.000e+00
     36.511   71.65352 -161.58676    -1.3227    32.5726    1440.28  0.000e+00
     36.503   71.65352 -161.58676    -1.3227    32.5727    1440.28  0.000e+00
     36.457   71.65352 -161.58676    -1.3229    32.5731    1440.28  0.000e+00
     36.511   71.65352 -161.58676    -1.3227    32.5725    1440.28  0.000e+00
     36.503   71.65352 -161.58676    -1.3229    32.5728    1440.28  0.000e+00
     36.457   71.65352 -161.58676    -1.3229    32.5727    1440.28  0.000e+00
     36.511   71.65352 -161.58676    -1.3229    32.5728    1440.28  0.000e+00
     36.503   71.65352 -161.58676    -1.3229    32.5730    1440.28  0.000e+00
     36.511   71.65352 -161.58676    -1.3229    32.5726    1440.28  0.000e+00
     36.449   71.65352 -161.58676    -1.3227    32.5726    1440.28  0.000e+00
     36.572   71.65352 -161.58676    -1.3226    32.5721    1440.28  0.000e+00
     36.510   71.65352 -161.58676    -1.3229    32.5727    1440.28  0.000e+00
     36.503   71.65352 -161.58676    -1.3227    32.5724    1440.28  0.000e+00
     36.510   71.65352 -161.58676    -1.3229    32.5728    1440.28  0.000e+00
     36.572   71.65352 -161.58676    -1.3229    32.5725    1440.28  0.000e+00
     36.503   71.65352 -161.58676    -1.3227    32.5728    1440.28  0.000e+00
     36.510   71.65352 -161.58676    -1.3226    32.5723    1440.28  0.000e+00
     36.510   71.65352 -161.58676    -1.3229    32.5727    1440.28  0.000e+00
     36.557   71.65352 -161.58676    -1.3229    32.5723    1440.28  0.000e+00
     36.510   71.65352 -161.58676    -1.3229    32.5727    1440.28  0.000e+00
     36.510   71.65352 -161.58676    -1.3226    32.5719    1440.28  0.000e+00
     36.557   71.65352 -161.58676    -1.3227    32.5724    1440.28  0.000e+00
     36.510   71.65352 -161.58676    -1.3227    32.5727    1440.28  0.000e+00
     36.572   71.65352 -161.58676    -1.3227    32.5722    1440.28  0.000e+00
     36.503   71.65352 -161.58676    -1.3230    32.5727    1440.28  0.000e+00
     36.572   71.65352 -161.58676    -1.3229    32.5726    1440.28  0.000e+00
     36.510   71.65352 -161.58676    -1.3227    32.5724    1440.28  0.000e+00
     36.557   71.65352 -161.58676    -1.3229    32.5724    1440.28  0.000e+00
     36.572   71.65352 -161.58676    -1.3227    32.5723    1440.28  0.000e+00
     36.510   71.65352 -161.58676    -1.3229    32.5726    1440.28  0.000e+00
     36.557   71.65352 -161.58676    -1.3227    32.5723    1440.28  0.000e+00
     36.572   71.65352 -161.58676    -1.3225    32.5723    1440.28  0.000e+00
     36.557   71.65352 -161.58676    -1.3227    32.5726    1440.28  0.000e+00
     36.572   71.65352 -161.58676    -1.3227    32.5726    1440.28  0.000e+00
     36.510   71.65352 -161.58676    -1.3226    32.5728    1440.28  0.000e+00
     36.618   71.65352 -161.58676    -1.3224    32.5723    1440.28  0.000e+00
     36.510   71.65352 -161.58676    -1.3226    32.5727    1440.28  0.000e+00
     36.572   71.65352 -161.58676    -1.3225    32.5723    1440.28  0.000e+00
     36.556   71.65352 -161.58676    -1.3225    32.5723    1440.28  0.000e+00
     36.626   71.65352 -161.58676    -1.3227    32.5728    1440.28  0.000e+00
     36.572   71.65352 -161.58676    -1.3226    32.5727    1440.28  0.000e+00
     36.556   71.65352 -161.58676    -1.3224    32.5722    1440.28  0.000e+00
     36.572   71.65352 -161.58676    -1.3225    32.5727    1440.28  0.000e+00
     36.572   71.65352 -161.58676    -1.3225    32.5722    1440.28  0.000e+00
     36.618   71.65352 -161.58676    -1.3226    32.5724    1440.28  0.000e+00
     36.572   71.65352 -161.58676    -1.3227    32.5731    1440.28  0.000e+00
     36.626   71.65352 -161.58676    -1.3226    32.5725    1440.28  0.000e+00
     36.618   71.65352 -161.58676    -1.3227    32.5729    1440.28  0.000e+00
     36.572   71.65352 -161.58676    -1.3226    32.5725    1440.28  0.000e+00
     36.626   71.65352 -161.58676    -1.3227    32.5726    1440.28  0.000e+00
     36.618   71.65352 -161.58676    -1.3226    32.5725    1440.28  0.000e+00
     36.626   71.65352 -161.58676    -1.3227    32.5728    1440.28  0.000e+00
     36.626   71.65352 -161.58676    -1.3227    32.5724    1440.28  0.000e+00
     36.618   71.65352 -161.58676    -1.3226    32.5725    1440.28  0.000e+00
     36.626   71.65352 -161.58676    -1.3227    32.5726    1440.28  0.000e+00
     36.672   71.65352 -161.58676    -1.3226    32.5725    1440.28  0.000e+00
     36.626   71.65352 -161.58676    -1.3226    32.5725    1440.28  0.000e+00
     36.626   71.65352 -161.58676    -1.3226    32.5725    1440.28  0.000e+00
     36.672   71.65352 -161.58676    -1.3226    32.5724    1440.28  0.000e+00
     36.687   71.65352 -161.58676    -1.3225    32.5723    1440.28  0.000e+00
     36.687   71.65352 -161.58676    -1.3224    32.5721    1440.28  0.000e+00
     36.672   71.65352 -161.58676    -1.3226    32.5728    1440.28  0.000e+00
     36.687   71.65352 -161.58676    -1.3226    32.5727    1440.28  0.000e+00
     36.687   71.65352 -161.58676    -1.3226    32.5726    1440.28  0.000e+00
     36.733   71.65352 -161.58676    -1.3226    32.5727    1440.28  0.000e+00
     36.687   71.65352 -161.58676    -1.3229    32.5726    1440.28  0.000e+00
     36.741   71.65352 -161.58676    -1.3226    32.5720    1440.28  0.000e+00
     36.733   71.65352 -161.58676    -1.3226    32.5724    1440.28  0.000e+00
     36.741   71.65352 -161.58676    -1.3229    32.5727    1440.28  0.000e+00
     36.741   71.65352 -161.58676    -1.3227    32.5725    1440.28  0.000e+00
     36.787   71.65352 -161.58676    -1.3226    32.5726    1440.28  0.000e+00
     36.741   71.65352 -161.58676    -1.3225    32.5723    1440.28  0.000e+00
     36.741   71.65352 -161.58676    -1.3227    32.5725    1440.28  0.000e+00
     36.787   71.65352 -161.58676    -1.3227    32.5727    1440.28  0.000e+00
     36.857   71.65352 -161.58676    -1.3226    32.5727    1440.28  0.000e+00
     36.741   71.65352 -161.58676    -1.3229    32.5728    1440.28  0.000e+00
     36.849   71.65352 -161.58676    -1.3227    32.5726    1440.28  0.000e+00
     36.803   71.65352 -161.58676    -1.3227    32.5729    1440.28  0.000e+00
     36.857   71.65352 -161.58676    -1.3227    32.5726    1440.28  0.000e+00
     36.849   71.65352 -161.58676    -1.3227    32.5720    1440.28  0.000e+00
     36.857   71.65352 -161.58676    -1.3227    32.5724    1440.28  0.000e+00
     36.911   71.65352 -161.58676    -1.3230    32.5730    1440.28  0.000e+00
     36.903   71.65352 -161.58676    -1.3229    32.5727    1440.28  0.000e+00
     36.857   71.65352 -161.58676    -1.3229    32.5727    1440.28  0.000e+00
     36.849   71.65352 -161.58676    -1.3227    32.5723    1440.28  0.000e+00
     37.026   71.65352 -161.58676    -1.3229    32.5729    1440.29  0.000e+00
     36.911   71.65352 -161.58676    -1.3227    32.5726    1440.28  0.000e+00
     36.957   71.65352 -161.58676    -1.3229    32.5725    1440.28  0.000e+00
     36.972   71.65352 -161.58676    -1.3227    32.5724    1440.29  0.000e+00
     36.972   71.65352 -161.58676    -1.3227    32.5726    1440.29  0.000e+00
     36.957   71.65352 -161.58676    -1.3226    32.5723    1440.29  0.000e+00
     36.972   71.65352 -161.58676    -1.3229    32.5725    1440.29  0.000e+00
     37.026   71.65352 -161.58676    -1.3229    32.5727    1440.29  0.000e+00
     37.018   71.65352 -161.58676    -1.3229    32.5724    1440.29  0.000e+00
     37.026   71.65352 -161.58676    -1.3230    32.5727    1440.29  0.000e+00
     37.026   71.65352 -161.58676    -1.3227    32.5721    1440.29  0.000e+00
     37.072   71.65352 -161.58676    -1.3227    32.5724    1440.29  0.000e+00
     37.026   71.65352 -161.58676    -1.3229    32.5726    1440.29  0.000e+00
     37.088   71.65352 -161.58676    -1.3229    32.5725    1440.29  0.000e+00
     37.134   71.65352 -161.58676    -1.3229    32.5725    1440.29  0.000e+00
     37.088   71.65352 -161.58676    -1.3229    32.5726    1440.29  0.000e+00
     37.088   71.65352 -161.58676    -1.3229    32.5727    1440.29  0.000e+00
     37.134   71.65352 -161.58676    -1.3229    32.5730    1440.29  0.000e+00
     37.088   71.65352 -161.58676    -1.3227    32.5729    1440.29  0.000e+00
     37.204   71.65352 -161.58676    -1.3226    32.5729    1440.29  0.000e+00
     37.134   71.65352 -161.58676    -1.3227    32.5732    1440.29  0.000e+00
     37.142   71.65352 -161.58676    -1.3226    32.5727    1440.29  0.000e+00
     37.204   71.65352 -161.58676    -1.3226    32.5731    1440.29  0.000e+00
     37.188   71.65352 -161.58676    -1.3225    32.5733    1440.29  0.000e+00
     37.142   71.65352 -161.58676    -1.3223    32.5728    1440.29  0.000e+00
     37.204   71.65352 -161.58676    -1.3224    32.5730    1440.29  0.000e+00
     37.250   71.65352 -161.58676    -1.3226    32.5732    1440.29  0.000e+00
     37.204   71.65352 -161.58676    -1.3221    32.5729    1440.29  0.000e+00
     37.257   71.65352 -161.58676    -1.3223    32.5731    1440.29  0.000e+00
     37.188   71.65352 -161.58676    -1.3221    32.5729    1440.29  0.000e+00
     37.257   71.65352 -161.58676    -1.3225    32.5731    1440.29  0.000e+00
     37.257   71.65352 -161.58676    -1.3221    32.5731    1440.29  0.000e+00
     37.304   71.65352 -161.58676    -1.3220    32.5728    1440.29  0.000e+00
     37.257   71.65352 -161.58676    -1.3223    32.5731    1440.29  0.000e+00
     37.257   71.65352 -161.58676    -1.3221    32.5723    1440.29  0.000e+00
     37.304   71.65352 -161.58676    -1.3221    32.5728    1440.29  0.000e+00
     37.257   71.65352 -161.58676    -1.3223    32.5732    1440.29  0.000e+00
     37.311   71.65352 -161.58676    -1.3223    32.5729    1440.29  0.000e+00
     37.304   71.65352 -161.58676    -1.3220    32.5726    1440.29  0.000e+00
     37.311   71.65352 -161.58676    -1.3221    32.5731    1440.30  0.000e+00
     37.311   71.65352 -161.58676    -1.3220    32.5728    1440.30  0.000e+00
     37.304   71.65352 -161.58676    -1.3221    32.5725    1440.29  0.000e+00
     37.373   71.65352 -161.58676    -1.3220    32.5727    1440.30  0.000e+00
     37.311   71.65352 -161.58676    -1.3221    32.5727    1440.29  0.000e+00
     37.304   71.65352 -161.58676    -1.3221    32.5728    1440.29  0.000e+00
     37.373   71.65352 -161.58676    -1.3218    32.5724    1440.30  0.000e+00
     37.311   71.65352 -161.58676    -1.3221    32.5724    1440.29  0.000e+00
     37.419   71.65352 -161.58676    -1.3223    32.5727    1440.30  0.000e+00
     37.311   71.65352 -161.58676    -1.3220    32.5726    1440.29  0.000e+00
     37.373   71.65352 -161.58676    -1.3223    32.5730    1440.30  0.000e+00
     37.357   71.65352 -161.58676    -1.3223    32.5729    1440.29  0.000e+00
     37.373   71.65352 -161.58676    -1.3220    32.5725    1440.30  0.000e+00
     37.373   71.65352 -161.58676    -1.3221    32.5725    1440.30  0.000e+00
     37.357   71.65352 -161.58676    -1.3220    32.5722    1440.30  0.000e+00
     37.373   71.65352 -161.58676    -1.3223    32.5729    1440.29  0.000e+00
     37.373   71.65352 -161.58676    -1.3223    32.5732    1440.30  0.000e+00
     37.419   71.65352 -161.58676    -1.3221    32.5727    1440.30  0.000e+00
     37.373   71.65352 -161.58676    -1.3221    32.5726    1440.30  0.000e+00
     37.373   71.65352 -161.58676    -1.3223    32.5729    1440.29  0.000e+00
     37.419   71.65352 -161.58676    -1.3221    32.5724    1440.30  0.000e+00
     37.373   71.65352 -161.58676    -1.3223    32.5727    1440.29  0.000e+00
     37.373   71.65352 -161.58676    -1.3223    32.5727    1440.29  0.000e+00
     37.419   71.65352 -161.58676    -1.3221    32.5723    1440.30  0.000e+00
     37.373   71.65352 -161.58676    -1.3221    32.5727    1440.30  0.000e+00
     37.427   71.65352 -161.58676    -1.3221    32.5724    1440.30  0.000e+00
     37.357   71.65352 -161.58676    -1.3221    32.5724    1440.29  0.000e+00
     37.427   71.65352 -161.58676    -1.3223    32.5729    1440.30  0.000e+00
     37.427   71.65352 -161.58676    -1.3223    32.5730    1440.30  0.000e+00
     37.357   71.65352 -161.58676    -1.3221    32.5725    1440.30  0.000e+00
     37.427   71.65352 -161.58676    -1.3226    32.5730    1440.29  0.000e+00
