EcoFOCI/data/1_SampleCollection/2023_SikuliaqDBO_CruiseData/CTD_raw_BottleFile_SKQ23-12S/proc/skq202312s_047.ros
* Sea-Bird SBE 9 Data File:
* FileName = D:\CTD\SKQ202312S\SKQ202312S_047.hex
* Software Version Seasave V 7.26.7.121
* Temperature SN = 6177
* Conductivity SN = 0369
* Number of Bytes Per Scan = 41
* Number of Voltage Words = 4
* Number of Scans Averaged by the Deck Unit = 1
* NMEA Latitude = 71 43.16 N
* NMEA Longitude = 161 46.33 W
* NMEA UTC (Time) = Sep 25 2023  03:05:57
* NMEA baud rate = 4800
** Ship: R/V Sikuliaq
** Station Number: 047
** Station Name: DBO4.5n
** Bottom Depth: 44
** Operator: SS
# nquan = 22
# nvalues = 735                                   
# units = specified
# name 0 = depSM: Depth [salt water, m]
# name 1 = latitude: Latitude [deg]
# name 2 = longitude: Longitude [deg]
# name 3 = prDM: Pressure, Digiquartz [db]
# name 4 = t090C: Temperature [ITS-90, deg C]
# name 5 = t190C: Temperature, 2 [ITS-90, deg C]
# name 6 = potemp090C: Potential Temperature [ITS-90, deg C]
# name 7 = sal00: Salinity, Practical [PSU]
# name 8 = sal11: Salinity, Practical, 2 [PSU]
# name 9 = density00: Density [density, kg/m^3]
# name 10 = sigma-é00: Density [sigma-theta, kg/m^3]
# name 11 = sbox0Mm/Kg: Oxygen, SBE 43 [umol/kg]
# name 12 = sbox1Mm/Kg: Oxygen, SBE 43, 2 [umol/kg]
# name 13 = oxsolMm/Kg: Oxygen Saturation, Garcia & Gordon [umol/kg]
# name 14 = sbeox0PS: Oxygen, SBE 43 [% saturation]
# name 15 = v0: Voltage 0
# name 16 = flECO-AFL: Fluorescence, WET Labs ECO-AFL/FL [mg/m^3]
# name 17 = CStarAt0: Beam Attenuation, WET Labs C-Star [1/m]
# name 18 = par: PAR/Irradiance, Biospherical/Licor
# name 19 = scan: Scan Count
# name 20 = nbf: Bottles Fired
# name 21 = flag:  0.000e+00
# interval = seconds: 0.0416667
# start_time = Sep 25 2023 03:09:44 [NMEA time, first data scan]
# bad_flag = -9.990e-29
*END*
     37.745   71.71928 -161.77236     38.139    -0.6560    -0.6639    -0.6570    32.6416    32.6562  1026.4131    26.2301    290.795    275.908  360.58533     80.645     0.1209     0.3773     1.8477 3.5454e-02       6133          1  0.000e+00
     37.630   71.71928 -161.77236     38.022    -0.6601    -0.6639    -0.6610    32.6461    32.6562  1026.4164    26.2339    290.865    275.846  360.61149     80.659     0.1197     0.3699     1.8494 3.4590e-02       6134          1  0.000e+00
     37.792   71.71928 -161.77236     38.186    -0.6631    -0.6641    -0.6641    32.6488    32.6566  1026.4195    26.2362    290.897    275.795  360.63341     80.663     0.1209     0.3773     1.8461 3.4590e-02       6135          1  0.000e+00
     37.691   71.71928 -161.77236     38.084    -0.6653    -0.6644    -0.6663    32.6505    32.6568  1026.4205    26.2377    290.914    275.958  360.64909     80.664     0.1197     0.3699     1.8444 3.5887e-02       6136          1  0.000e+00
     37.745   71.71928 -161.77236     38.139    -0.6664    -0.6639    -0.6673    32.6515    32.6564  1026.4216    26.2385    290.931    275.928  360.65656     80.667     0.1209     0.3773     1.8444 3.6758e-02       6137          1  0.000e+00
     37.738   71.71928 -161.77236     38.131    -0.6673    -0.6643    -0.6683    32.6523    32.6573  1026.4222    26.2391    290.697    275.708  360.66319     80.601     0.1209     0.3773     1.8444 3.7196e-02       6138          1  0.000e+00
     37.745   71.71928 -161.77236     38.139    -0.6676    -0.6638    -0.6685    32.6525    32.6570  1026.4224    26.2394    290.465    275.677  360.66517     80.536     0.1197     0.3699     1.8444 4.2089e-02       6139          1  0.000e+00
     37.691   71.71928 -161.77236     38.084    -0.6668    -0.6643    -0.6678    32.6513    32.6574  1026.4212    26.2383    290.638    275.684  360.66160     80.585     0.1209     0.3773     1.8444 4.6207e-02       6140          1  0.000e+00
     37.745   71.71928 -161.77236     38.139    -0.6664    -0.6639    -0.6673    32.6508    32.6568  1026.4211    26.2380    290.865    275.882  360.65849     80.648     0.1197     0.3699     1.8444 4.7603e-02       6141          1  0.000e+00
     37.738   71.71928 -161.77236     38.131    -0.6657    -0.6643    -0.6667    32.6494    32.6574  1026.4198    26.2367    290.890    275.668  360.65670     80.656     0.1209     0.3773     1.8444 4.3907e-02       6142          1  0.000e+00
     37.745   71.71928 -161.77236     38.139    -0.6657    -0.6641    -0.6667    32.6491    32.6574  1026.4196    26.2365    290.670    275.644  360.65743     80.594     0.1197     0.3699     1.8444 3.9846e-02       6143          1  0.000e+00
     37.745   71.71928 -161.77236     38.139    -0.6660    -0.6643    -0.6670    32.6492    32.6581  1026.4197    26.2366    290.909    275.592  360.66000     80.660     0.1209     0.3773     1.8444 3.8958e-02       6144          1  0.000e+00
     37.684   71.71928 -161.77236     38.076    -0.6664    -0.6641    -0.6673    32.6499    32.6576  1026.4200    26.2372    290.942    275.568  360.66115     80.669     0.1197     0.3699     1.8444 4.1638e-02       6145          1  0.000e+00
     37.745   71.71928 -161.77236     38.139    -0.6670    -0.6641    -0.6680    32.6501    32.6580  1026.4205    26.2374    290.938    275.328  360.66665     80.667     0.1197     0.3699     1.8444 4.8071e-02       6146          1  0.000e+00
     37.745   71.71928 -161.77236     38.139    -0.6677    -0.6643    -0.6687    32.6511    32.6583  1026.4213    26.2382    290.979    275.503  360.67085     80.677     0.1209     0.3773     1.8428 4.9483e-02       6147          1  0.000e+00
     37.738   71.71928 -161.77236     38.131    -0.6683    -0.6641    -0.6693    32.6517    32.6583  1026.4218    26.2387    290.772    275.485  360.67514     80.619     0.1197     0.3699     1.8444 5.1384e-02       6148          1  0.000e+00
     37.691   71.71928 -161.77236     38.084    -0.6686    -0.6639    -0.6696    32.6515    32.6582  1026.4214    26.2386    290.721    275.467  360.67836     80.604     0.1209     0.3773     1.8444 5.7712e-02       6149          1  0.000e+00
     37.745   71.71928 -161.77236     38.139    -0.6694    -0.6633    -0.6704    32.6524    32.6573  1026.4224    26.2393    290.726    275.674  360.68339     80.604     0.1197     0.3699     1.8444 6.0711e-02       6150          1  0.000e+00
     37.738   71.71928 -161.77236     38.131    -0.6695    -0.6629    -0.6705    32.6526    32.6572  1026.4226    26.2395    290.930    275.495  360.68387     80.661     0.1209     0.3773     1.8444 5.9706e-02       6151          1  0.000e+00
     37.745   71.71928 -161.77236     38.139    -0.6691    -0.6623    -0.6701    32.6523    32.6563  1026.4224    26.2393    290.725    275.512  360.68032     80.605     0.1197     0.3699     1.8444 5.4762e-02       6152          1  0.000e+00
     37.745   71.71928 -161.77236     38.139    -0.6682    -0.6618    -0.6692    32.6512    32.6561  1026.4214    26.2383    290.677    275.532  360.67489     80.593     0.1209     0.3773     1.8444 5.2824e-02       6153          1  0.000e+00
     37.691   71.71928 -161.77236     38.084    -0.6673    -0.6618    -0.6683    32.6499    32.6560  1026.4201    26.2373    290.928    275.524  360.66973     80.663     0.1209     0.3773     1.8444 5.1863e-02       6154          1  0.000e+00
     37.737   71.71928 -161.77236     38.131    -0.6660    -0.6626    -0.6670    32.6490    32.6570  1026.4195    26.2364    290.726    275.525  360.66059     80.609     0.1197     0.3699     1.8379 4.8540e-02       6155          1  0.000e+00
     37.745   71.71928 -161.77236     38.139    -0.6662    -0.6630    -0.6672    32.6488    32.6573  1026.4194    26.2363    290.742    275.524  360.66255     80.613     0.1209     0.3773     1.8297 4.6671e-02       6156          1  0.000e+00
     37.745   71.71928 -161.77236     38.139    -0.6671    -0.6638    -0.6681    32.6495    32.6580  1026.4200    26.2369    291.016    275.527  360.66943     80.688     0.1197     0.3699     1.8264 4.6207e-02       6157          1  0.000e+00
     37.683   71.71928 -161.77236     38.076    -0.6688    -0.6644    -0.6698    32.6520    32.6587  1026.4217    26.2389    291.041    275.527  360.67873     80.692     0.1209     0.3773     1.8280 4.2089e-02       6158          1  0.000e+00
     37.745   71.71928 -161.77236     38.139    -0.6699    -0.6641    -0.6709    32.6527    32.6583  1026.4226    26.2396    290.867    275.527  360.68706     80.642     0.1197     0.3699     1.8280 3.9401e-02       6159          1  0.000e+00
     37.691   71.71928 -161.77236     38.084    -0.6706    -0.6643    -0.6716    32.6534    32.6589  1026.4231    26.2402    290.893    275.527  360.69190     80.649     0.1209     0.3773     1.8280 3.8958e-02       6160          1  0.000e+00
     37.791   71.71928 -161.77236     38.185    -0.6711    -0.6641    -0.6721    32.6538    32.6585  1026.4238    26.2405    290.928    275.533  360.69588     80.657     0.1197     0.3699     1.8280 4.4823e-02       6161          1  0.000e+00
     37.691   71.71928 -161.77236     38.084    -0.6712    -0.6638    -0.6722    32.6537    32.6583  1026.4233    26.2404    290.907    275.530  360.69717     80.651     0.1209     0.3773     1.8280 5.0431e-02       6162          1  0.000e+00
     37.745   71.71928 -161.77236     38.139    -0.6712    -0.6633    -0.6722    32.6536    32.6579  1026.4235    26.2404    290.991    275.534  360.69738     80.674     0.1209     0.3773     1.8280 5.1384e-02       6163          1  0.000e+00
     37.745   71.71928 -161.77236     38.138    -0.6713    -0.6628    -0.6723    32.6537    32.6570  1026.4235    26.2404    290.982    275.538  360.69775     80.672     0.1197     0.3699     1.8280 4.9483e-02       6164          1  0.000e+00
     37.683   71.71928 -161.77236     38.076    -0.6711    -0.6626    -0.6721    32.6532    32.6570  1026.4228    26.2400    291.220    275.541  360.69689     80.738     0.1209     0.3773     1.8280 4.7603e-02       6165          1  0.000e+00
     37.745   71.71928 -161.77236     38.138    -0.6711    -0.6621    -0.6721    32.6531    32.6566  1026.4231    26.2400    291.012    275.550  360.69711     80.680     0.1197     0.3699     1.8280 4.7137e-02       6166          1  0.000e+00
     37.745   71.71928 -161.77236     38.138    -0.6710    -0.6618    -0.6719    32.6528    32.6562  1026.4228    26.2397    291.006    275.557  360.69710     80.679     0.1221     0.3846     1.8280 4.5745e-02       6167          1  0.000e+00
     37.683   71.71928 -161.77236     38.076    -0.6708    -0.6612    -0.6718    32.6526    32.6558  1026.4223    26.2395    290.998    275.562  360.69600     80.677     0.1270     0.4139     1.8280 4.3450e-02       6168          1  0.000e+00
     37.745   71.71928 -161.77236     38.138    -0.6711    -0.6614    -0.6721    32.6526    32.6556  1026.4226    26.2395    290.751    275.579  360.69868     80.608     0.1306     0.4359     1.8264 4.2542e-02       6169          1  0.000e+00
     37.745   71.71928 -161.77236     38.138    -0.6713    -0.6612    -0.6723    32.6526    32.6555  1026.4226    26.2395    290.709    275.813  360.70088     80.596     0.1319     0.4432     1.8280 4.2996e-02       6170          1  0.000e+00
     37.737   71.71928 -161.77236     38.131    -0.6711    -0.6611    -0.6721    32.6520    32.6557  1026.4222    26.2391    290.667    275.633  360.70023     80.584     0.1294     0.4286     1.8280 4.3907e-02       6171          1  0.000e+00
     37.691   71.71928 -161.77236     38.084    -0.6712    -0.6609    -0.6722    32.6524    32.6557  1026.4222    26.2394    291.129    275.867  360.70078     80.712     0.1306     0.4359     1.8280 4.3907e-02       6172          1  0.000e+00
     37.745   71.71928 -161.77236     38.138    -0.6714    -0.6605    -0.6724    32.6522    32.6552  1026.4223    26.2392    290.940    275.690  360.70306     80.659     0.1294     0.4286     1.8280 4.3450e-02       6173          1  0.000e+00
     37.683   71.71928 -161.77236     38.076    -0.6718    -0.6603    -0.6727    32.6528    32.6548  1026.4226    26.2398    290.950    275.703  360.70446     80.662     0.1306     0.4359     1.8280 3.9846e-02       6174          1  0.000e+00
     37.745   71.71928 -161.77236     38.138    -0.6720    -0.6603    -0.6730    32.6533    32.6549  1026.4232    26.2401    290.968    275.722  360.70593     80.666     0.1294     0.4286     1.8313 3.8516e-02       6175          1  0.000e+00
     37.745   71.71928 -161.77236     38.138    -0.6722    -0.6601    -0.6731    32.6532    32.6552  1026.4232    26.2401    290.985    275.739  360.70727     80.671     0.1306     0.4359     1.8362 3.8074e-02       6176          1  0.000e+00
     37.691   71.71928 -161.77236     38.084    -0.6719    -0.6606    -0.6729    32.6531    32.6552  1026.4228    26.2399    290.998    275.761  360.70497     80.675     0.1294     0.4286     1.8379 3.8958e-02       6177          1  0.000e+00
     37.737   71.71928 -161.77236     38.131    -0.6708    -0.6615    -0.6718    32.6522    32.6562  1026.4222    26.2392    291.011    275.790  360.69718     80.680     0.1306     0.4359     1.8379 3.9846e-02       6178          1  0.000e+00
     37.691   71.71928 -161.77236     38.084    -0.6691    -0.6620    -0.6701    32.6504    32.6571  1026.4205    26.2377    291.019    275.812  360.68577     80.685     0.1319     0.4432     1.8379 3.9846e-02       6179          1  0.000e+00
     37.745   71.71928 -161.77236     38.138    -0.6666    -0.6623    -0.6676    32.6480    32.6575  1026.4187    26.2356    290.980    275.840  360.66936     80.678     0.1294     0.4286     1.8379 4.2542e-02       6180          1  0.000e+00
     37.737   71.71928 -161.77236     38.131    -0.6645    -0.6624    -0.6655    32.6459    32.6576  1026.4170    26.2339    290.939    275.834  360.65446     80.670     0.1306     0.4359     1.8379 4.4364e-02       6181          1  0.000e+00
     37.858   71.71928 -161.77238     38.253    -0.6628    -0.6629    -0.6638    32.6453    32.6562  1026.4170    26.2334    290.314    275.761  360.63985     80.500     0.1087     0.3040     1.8461 3.0762e-02       6523          2  0.000e+00
     37.743   71.71928 -161.77238     38.136    -0.6615    -0.6633    -0.6625    32.6442    32.6571  1026.4155    26.2324    290.275    275.758  360.63055     80.491     0.1087     0.3040     1.8477 2.9925e-02       6524          2  0.000e+00
     37.851   71.71928 -161.77238     38.245    -0.6610    -0.6643    -0.6620    32.6438    32.6582  1026.4157    26.2321    290.501    275.988  360.62680     80.554     0.1074     0.2967     1.8461 3.2027e-02       6525          2  0.000e+00
     37.804   71.71928 -161.77238     38.198    -0.6606    -0.6646    -0.6616    32.6437    32.6587  1026.4153    26.2320    290.515    275.824  360.62379     80.559     0.1038     0.2747     1.8461 3.4160e-02       6526          2  0.000e+00
     37.858   71.71928 -161.77238     38.253    -0.6601    -0.6632    -0.6610    32.6429    32.6584  1026.4150    26.2313    290.531    276.067  360.62054     80.564     0.1050     0.2820     1.8477 3.4590e-02       6527          2  0.000e+00
     37.804   71.71928 -161.77238     38.198    -0.6602    -0.6608    -0.6612    32.6433    32.6563  1026.4150    26.2316    290.296    275.887  360.62108     80.499     0.1038     0.2747     1.8461 3.4160e-02       6528          2  0.000e+00
     37.789   71.71928 -161.77238     38.183    -0.6610    -0.6590    -0.6620    32.6440    32.6553  1026.4155    26.2322    290.519    275.873  360.62634     80.560     0.1050     0.2820     1.8461 3.4160e-02       6529          2  0.000e+00
     37.804   71.71928 -161.77238     38.198    -0.6612    -0.6578    -0.6622    32.6442    32.6551  1026.4158    26.2324    290.535    276.087  360.62833     80.564     0.1038     0.2747     1.8461 3.3731e-02       6530          2  0.000e+00
     37.804   71.71928 -161.77238     38.198    -0.6619    -0.6583    -0.6629    32.6445    32.6554  1026.4160    26.2326    290.254    276.119  360.63409     80.484     0.1038     0.2747     1.8461 3.5454e-02       6531          2  0.000e+00
     37.789   71.71928 -161.77238     38.183    -0.6616    -0.6615    -0.6626    32.6442    32.6579  1026.4157    26.2324    290.215    275.946  360.63161     80.474     0.1050     0.2820     1.8461 3.7635e-02       6532          2  0.000e+00
     37.804   71.71928 -161.77238     38.198    -0.6616    -0.6629    -0.6626    32.6440    32.6577  1026.4156    26.2323    290.034    276.178  360.63211     80.424     0.1038     0.2747     1.8461 3.8516e-02       6533          2  0.000e+00
     37.743   71.71928 -161.77238     38.136    -0.6617    -0.6618    -0.6627    32.6437    32.6558  1026.4151    26.2320    289.943    276.197  360.63407     80.398     0.1050     0.2820     1.8461 3.9846e-02       6534          2  0.000e+00
     37.789   71.71928 -161.77238     38.183    -0.6620    -0.6616    -0.6630    32.6443    32.6548  1026.4158    26.2325    290.200    276.224  360.63565     80.469     0.1038     0.2747     1.8461 4.4364e-02       6535          2  0.000e+00
     37.804   71.71928 -161.77238     38.198    -0.6630    -0.6623    -0.6640    32.6453    32.6546  1026.4167    26.2333    289.959    276.254  360.64220     80.401     0.1050     0.2820     1.8461 4.5283e-02       6536          2  0.000e+00
     37.743   71.71928 -161.77238     38.136    -0.6631    -0.6630    -0.6641    32.6458    32.6534  1026.4168    26.2337    289.960    276.283  360.64138     80.401     0.1038     0.2747     1.8461 4.5283e-02       6537          2  0.000e+00
     37.789   71.71928 -161.77238     38.183    -0.6628    -0.6646    -0.6638    32.6457    32.6541  1026.4169    26.2336    289.918    276.318  360.63950     80.390     0.1038     0.2747     1.8461 4.4823e-02       6538          2  0.000e+00
