EcoFOCI/data/1_SampleCollection/2023_SikuliaqDBO_CruiseData/CTD_raw_BottleFile_SKQ23-12S/proc/skq202312s_015.cnv
* Sea-Bird SBE 9 Data File:
* FileName = D:\CTD\SKQ202312S\SKQ202312S_015.hex
* Software Version Seasave V 7.26.7.121
* Temperature SN = 6177
* Conductivity SN = 0369
* Number of Bytes Per Scan = 41
* Number of Voltage Words = 4
* Number of Scans Averaged by the Deck Unit = 1
* NMEA Latitude = 64 40.48 N
* NMEA Longitude = 169 28.25 W
* NMEA UTC (Time) = Sep 17 2023  12:08:54
* NMEA baud rate = 4800
** Ship: R/V Sikuliaq
** Station Number: 015
** Station Name: DBO2.1A
** Bottom Depth: 44
** Operator: Bern
# nquan = 24
# nvalues = 3941                                  
# units = specified
# name 0 = depSM: Depth [salt water, m]
# name 1 = latitude: Latitude [deg]
# name 2 = longitude: Longitude [deg]
# name 3 = prDM: Pressure, Digiquartz [db]
# name 4 = t090C: Temperature [ITS-90, deg C]
# name 5 = t190C: Temperature, 2 [ITS-90, deg C]
# name 6 = potemp090C: Potential Temperature [ITS-90, deg C]
# name 7 = sal00: Salinity, Practical [PSU]
# name 8 = sal11: Salinity, Practical, 2 [PSU]
# name 9 = density00: Density [density, kg/m^3]
# name 10 = sigma-é00: Density [sigma-theta, kg/m^3]
# name 11 = sbox0Mm/Kg: Oxygen, SBE 43 [umol/kg]
# name 12 = sbox1Mm/Kg: Oxygen, SBE 43, 2 [umol/kg]
# name 13 = oxsolMm/Kg: Oxygen Saturation, Garcia & Gordon [umol/kg]
# name 14 = sbeox0PS: Oxygen, SBE 43 [% saturation]
# name 15 = sbeox1PS: Oxygen, SBE 43, 2 [% saturation]
# name 16 = v0: Voltage 0
# name 17 = flECO-AFL: Fluorescence, WET Labs ECO-AFL/FL [mg/m^3]
# name 18 = v1: Voltage 1
# name 19 = CStarAt0: Beam Attenuation, WET Labs C-Star [1/m]
# name 20 = par: PAR/Irradiance, Biospherical/Licor
# name 21 = scan: Scan Count
# name 22 = timeM: Time, Elapsed [minutes]
# name 23 = flag:  0.000e+00
# span 0 =      1.660,     39.630                 
# span 1 =   64.67388,   64.67418                 
# span 2 = -169.47154, -169.47120                 
# span 3 =      1.676,     40.026                 
# span 4 =     1.9563,     2.5748                 
# span 5 =     1.9573,     2.5759                 
# span 6 =     1.9544,     2.5738                 
# span 7 =    31.9284,    32.7519                 
# span 8 =    31.9263,    32.7624                 
# span 9 =  1025.4985,  1026.3629                 
# span 10 =    25.4832,    26.1741                
# span 11 =    242.033,    329.595                
# span 12 =    232.946,    315.416                
# span 13 =  332.31199,  338.33349                
# span 14 =     71.887,     97.655                
# span 15 =     69.187,     93.367                
# span 16 =     0.1587,     0.4969                
# span 17 =     0.6044,     2.6337                
# span 18 =     3.3162,     3.9109                
# span 19 =     0.7458,     1.4058                
# span 20 = 1.0000e-12, 6.4209e-01                
# span 21 =          1,       3941                
# span 22 =     0.0000,     2.7361                
# span 23 = 0.0000e+00, 0.0000e+00                
# interval = seconds: 0.0416667
# start_time = Sep 17 2023 12:12:19 [NMEA time, first data scan]
# bad_flag = -9.990e-29
*END*
[from data line 3744]
     36.136   64.67388 -169.47154     36.496     1.9719     1.9729     1.9701    32.7288    32.7382  1026.3268    26.1545    245.582    234.303  336.68294     72.942     69.598     0.1758     0.7069     3.7289     0.9364 1.0000e-12       3745     2.6000  0.000e+00
     36.252   64.67388 -169.47154     36.613     1.9709     1.9722     1.9691    32.7304    32.7395  1026.3287    26.1558    245.342    234.306  336.68722     72.869     69.599     0.1770     0.7143     3.7289     0.9364 1.0000e-12       3746     2.6007  0.000e+00
     36.183   64.67388 -169.47154     36.543     1.9699     1.9721     1.9681    32.7318    32.7400  1026.3296    26.1570    245.513    234.099  336.69239     72.919     69.537     0.1770     0.7143     3.7302     0.9351 1.0000e-12       3747     2.6014  0.000e+00
     36.252   64.67388 -169.47154     36.613     1.9701     1.9718     1.9683    32.7314    32.7406  1026.3296    26.1567    245.497    234.075  336.69143     72.915     69.530     0.1770     0.7143     3.7302     0.9351 1.0000e-12       3748     2.6021  0.000e+00
     36.252   64.67388 -169.47154     36.613     1.9703     1.9718     1.9685    32.7315    32.7406  1026.3296    26.1568    245.480    234.049  336.68943     72.910     69.522     0.1783     0.7216     3.7302     0.9351 1.0000e-12       3749     2.6028  0.000e+00
     36.298   64.67388 -169.47154     36.660     1.9704     1.9712     1.9686    32.7312    32.7415  1026.3296    26.1565    245.467    234.028  336.68939     72.906     69.516     0.1770     0.7143     3.7302     0.9351 1.0000e-12       3750     2.6035  0.000e+00
     36.368   64.67388 -169.47154     36.730     1.9695     1.9704     1.9677    32.7321    32.7424  1026.3307    26.1573    245.462    234.011  336.69487     72.903     69.510     0.1783     0.7216     3.7302     0.9351 1.0000e-12       3751     2.6042  0.000e+00
     36.368   64.67388 -169.47154     36.730     1.9685     1.9691     1.9667    32.7333    32.7441  1026.3318    26.1584    245.456    233.995  336.70045     72.900     69.503     0.1770     0.7143     3.7302     0.9351 1.0000e-12       3752     2.6049  0.000e+00
     36.414   64.67388 -169.47154     36.777     1.9679     1.9677     1.9661    32.7342    32.7454  1026.3327    26.1591    245.489    233.981  336.70284     72.910     69.498     0.1783     0.7216     3.7302     0.9351 1.0000e-12       3753     2.6056  0.000e+00
     36.422   64.67388 -169.47154     36.785     1.9674     1.9669     1.9656    32.7347    32.7459  1026.3333    26.1596    245.525    233.966  336.70601     72.920     69.492     0.1770     0.7143     3.7302     0.9351 1.0000e-12       3754     2.6063  0.000e+00
     36.538   64.67388 -169.47154     36.902     1.9667     1.9658     1.9649    32.7359    32.7473  1026.3348    26.1606    245.156    233.954  336.70902     72.809     69.487     0.1770     0.7143     3.7302     0.9351 1.0000e-12       3755     2.6069  0.000e+00
     36.530   64.67388 -169.47154     36.894     1.9659     1.9652     1.9641    32.7364    32.7482  1026.3352    26.1610    245.541    233.938  336.71428     72.923     69.482     0.1770     0.7143     3.7302     0.9351 1.0000e-12       3756     2.6076  0.000e+00
     36.537   64.67388 -169.47154     36.902     1.9657     1.9655     1.9639    32.7365    32.7479  1026.3354    26.1611    245.549    233.920  336.71577     72.925     69.477     0.1770     0.7143     3.7302     0.9351 1.0000e-12       3757     2.6083  0.000e+00
     36.599   64.67388 -169.47154     36.964     1.9660     1.9652     1.9642    32.7365    32.7484  1026.3356    26.1611    245.782    233.906  336.71301     72.995     69.473     0.1783     0.7216     3.7302     0.9351 8.4714e-06       3758     2.6090  0.000e+00
     36.599   64.67388 -169.47154     36.964     1.9668     1.9654     1.9650    32.7357    32.7486  1026.3349    26.1604    245.824    233.890  336.70858     73.008     69.468     0.1770     0.7143     3.7302     0.9351 1.0000e-12       3759     2.6097  0.000e+00
     36.700   64.67388 -169.47154     37.065     1.9668     1.9656     1.9650    32.7359    32.7484  1026.3355    26.1605    245.646    233.878  336.70767     72.955     69.465     0.1783     0.7216     3.7302     0.9351 1.0000e-12       3760     2.6104  0.000e+00
     36.769   64.67388 -169.47154     37.135     1.9669     1.9657     1.9651    32.7355    32.7480  1026.3356    26.1603    245.658    233.866  336.70809     72.959     69.461     0.1770     0.7143     3.7302     0.9351 1.0000e-12       3761     2.6111  0.000e+00
     36.707   64.67388 -169.47154     37.073     1.9676     1.9660     1.9658    32.7349    32.7481  1026.3347    26.1597    245.664    233.850  336.70378     72.961     69.457     0.1770     0.7143     3.7302     0.9351 1.0000e-12       3762     2.6118  0.000e+00
     36.761   64.67388 -169.47154     37.128     1.9678     1.9662     1.9660    32.7350    32.7476  1026.3351    26.1598    245.677    233.840  336.70207     72.966     69.454     0.1770     0.7143     3.7326     0.9325 8.4714e-06       3763     2.6125  0.000e+00
     36.885   64.67388 -169.47154     37.252     1.9681     1.9663     1.9663    32.7344    32.7472  1026.3351    26.1592    245.693    233.833  336.70056     72.971     69.452     0.1770     0.7143     3.7485     0.9155 1.0000e-12       3764     2.6132  0.000e+00
     36.823   64.67388 -169.47154     37.190     1.9687     1.9658     1.9669    32.7336    32.7478  1026.3342    26.1586    245.705    233.850  336.69783     72.975     69.457     0.1770     0.7143     3.7558     0.9077 1.0000e-12       3765     2.6139  0.000e+00
     36.931   64.67388 -169.47154     37.299     1.9689     1.9656     1.9671    32.7334    32.7484  1026.3345    26.1584    245.724    233.847  336.69651     72.981     69.455     0.1770     0.7143     3.7558     0.9077 8.4714e-06       3766     2.6146  0.000e+00
     36.939   64.67388 -169.47154     37.307     1.9679     1.9651     1.9661    32.7345    32.7488  1026.3355    26.1594    245.748    233.869  336.70190     72.987     69.461     0.1758     0.7069     3.7558     0.9077 1.0000e-12       3767     2.6153  0.000e+00
     36.993   64.67388 -169.47154     37.361     1.9666     1.9644     1.9648    32.7358    32.7496  1026.3369    26.1605    245.777    233.870  336.70978     72.994     69.461     0.1770     0.7143     3.7558     0.9077 1.0000e-12       3768     2.6160  0.000e+00
     36.985   64.67388 -169.47154     37.354     1.9659     1.9640     1.9641    32.7366    32.7503  1026.3376    26.1612    245.803    233.894  336.71367     73.001     69.468     0.1758     0.7069     3.7546     0.9090 1.0000e-12       3769     2.6167  0.000e+00
     37.054   64.67388 -169.47154     37.424     1.9657     1.9634     1.9639    32.7367    32.7508  1026.3379    26.1612    245.830    233.898  336.71493     73.008     69.468     0.1734     0.6923     3.7546     0.9090 1.0000e-12       3770     2.6174  0.000e+00
     37.108   64.67388 -169.47154     37.478     1.9655     1.9635     1.9637    32.7371    32.7514  1026.3386    26.1616    245.857    233.898  336.71553     73.016     69.469     0.1734     0.6923     3.7546     0.9090 1.0000e-12       3771     2.6181  0.000e+00
     37.170   64.67388 -169.47154     37.541     1.9662     1.9632     1.9644    32.7369    32.7514  1026.3386    26.1614    245.882    233.902  336.71066     73.025     69.469     0.1734     0.6923     3.7546     0.9090 1.0000e-12       3772     2.6187  0.000e+00
     37.162   64.67388 -169.47154     37.533     1.9657     1.9632     1.9639    32.7371    32.7515  1026.3388    26.1616    245.913    233.904  336.71413     73.033     69.470     0.1734     0.6923     3.7546     0.9090 1.0000e-12       3773     2.6194  0.000e+00
     37.170   64.67388 -169.47154     37.541     1.9651     1.9632     1.9633    32.7378    32.7514  1026.3394    26.1622    245.907    233.908  336.71751     73.031     69.471     0.1734     0.6923     3.7546     0.9090 8.4714e-06       3774     2.6201  0.000e+00
     37.224   64.67388 -169.47154     37.595     1.9645     1.9629     1.9627    32.7387    32.7518  1026.3405    26.1630    245.941    233.915  336.72023     73.040     69.473     0.1746     0.6996     3.7546     0.9090 1.0000e-12       3775     2.6208  0.000e+00
     37.332   64.67388 -169.47154     37.704     1.9638     1.9627     1.9620    32.7392    32.7518  1026.3414    26.1634    246.020    233.924  336.72502     73.062     69.475     0.1734     0.6923     3.7558     0.9077 1.0000e-12       3776     2.6215  0.000e+00
     37.286   64.67388 -169.47154     37.658     1.9635     1.9632     1.9617    32.7397    32.7517  1026.3416    26.1638    246.014    233.926  336.72601     73.061     69.477     0.1734     0.6923     3.7546     0.9090 1.0000e-12       3777     2.6222  0.000e+00
     37.340   64.67388 -169.47154     37.712     1.9624     1.9634     1.9606    32.7411    32.7514  1026.3431    26.1651    246.056    233.934  336.73157     73.072     69.479     0.1746     0.6996     3.7546     0.9090 1.0000e-12       3778     2.6229  0.000e+00
     37.340   64.67388 -169.47154     37.712     1.9613     1.9627     1.9595    32.7427    32.7522  1026.3444    26.1664    246.097    234.147  336.73684     73.083     69.542     0.1734     0.6923     3.7546     0.9090 1.0000e-12       3779     2.6236  0.000e+00
     37.386   64.67388 -169.47154     37.759     1.9607     1.9621     1.9589    32.7435    32.7524  1026.3453    26.1670    246.100    233.983  336.73985     73.083     69.492     0.1746     0.6996     3.7546     0.9090 1.0000e-12       3780     2.6243  0.000e+00
     37.456   64.67388 -169.47154     37.829     1.9602     1.9615     1.9584    32.7443    32.7536  1026.3464    26.1678    246.102    233.996  336.74174     73.083     69.496     0.1734     0.6923     3.7546     0.9090 1.0000e-12       3781     2.6250  0.000e+00
     37.456   64.67388 -169.47154     37.829     1.9598     1.9614     1.9579    32.7450    32.7540  1026.3470    26.1684    246.142    234.007  336.74417     73.095     69.499     0.1734     0.6923     3.7558     0.9077 1.0000e-12       3782     2.6257  0.000e+00
     37.502   64.67388 -169.47154     37.876     1.9596     1.9607     1.9578    32.7453    32.7551  1026.3475    26.1686    246.144    234.022  336.74476     73.095     69.503     0.1734     0.6923     3.7546     0.9090 1.0000e-12       3783     2.6264  0.000e+00
     37.510   64.67388 -169.47154     37.884     1.9592     1.9602     1.9573    32.7457    32.7564  1026.3478    26.1689    246.147    234.036  336.74751     73.095     69.506     0.1734     0.6923     3.7607     0.9025 1.0000e-12       3784     2.6271  0.000e+00
     37.571   64.67388 -169.47154     37.946     1.9593     1.9598     1.9575    32.7456    32.7564  1026.3480    26.1688    246.148    234.053  336.74644     73.096     69.511     0.1734     0.6923     3.7643     0.8986 1.0000e-12       3785     2.6278  0.000e+00
     37.502   64.67388 -169.47154     37.876     1.9592     1.9600     1.9573    32.7461    32.7563  1026.3481    26.1693    246.146    234.064  336.74645     73.095     69.515     0.1734     0.6923     3.7656     0.8973 1.0000e-12       3786     2.6285  0.000e+00
     37.687   64.67388 -169.47154     38.063     1.9592     1.9596     1.9573    32.7451    32.7564  1026.3482    26.1685    246.154    234.088  336.74893     73.097     69.521     0.1746     0.6996     3.7656     0.8973 1.0000e-12       3787     2.6292  0.000e+00
     37.625   64.67388 -169.47154     38.000     1.9590     1.9598     1.9572    32.7447    32.7565  1026.3476    26.1682    246.154    234.101  336.75148     73.097     69.525     0.1734     0.6923     3.7643     0.8986 1.0000e-12       3788     2.6299  0.000e+00
     37.687   64.67388 -169.47154     38.063     1.9588     1.9597     1.9570    32.7449    32.7561  1026.3480    26.1683    246.157    234.122  336.75241     73.097     69.531     0.1746     0.6996     3.7643     0.8986 1.0000e-12       3789     2.6306  0.000e+00
     37.672   64.67388 -169.47154     38.047     1.9587     1.9598     1.9568    32.7452    32.7556  1026.3482    26.1686    246.196    234.140  336.75302     73.109     69.536     0.1734     0.6923     3.7643     0.8986 1.0000e-12       3790     2.6313  0.000e+00
     37.687   64.67388 -169.47154     38.063     1.9587     1.9597     1.9568    32.7455    32.7564  1026.3486    26.1688    246.198    234.159  336.75209     73.109     69.542     0.1746     0.6996     3.7643     0.8986 8.4714e-06       3791     2.6319  0.000e+00
     37.741   64.67388 -169.47154     38.117     1.9583     1.9595     1.9565    32.7460    32.7565  1026.3493    26.1693    245.751    234.182  336.75354     72.976     69.549     0.1734     0.6923     3.7643     0.8986 1.0000e-12       3792     2.6326  0.000e+00
     37.733   64.67388 -169.47154     38.109     1.9583     1.9592     1.9565    32.7464    32.7568  1026.3496    26.1696    246.130    234.205  336.75247     73.089     69.555     0.1746     0.6996     3.7643     0.8986 1.0000e-12       3793     2.6333  0.000e+00
     37.741   64.67388 -169.47154     38.117     1.9581     1.9592     1.9562    32.7471    32.7573  1026.3501    26.1701    246.136    234.227  336.75312     73.091     69.562     0.1758     0.7069     3.7643     0.8986 1.0000e-12       3794     2.6340  0.000e+00
     37.795   64.67388 -169.47154     38.172     1.9577     1.9590     1.9559    32.7481    32.7574  1026.3512    26.1710    246.103    234.253  336.75330     73.081     69.569     0.1844     0.7582     3.7643     0.8986 1.0000e-12       3795     2.6347  0.000e+00
     37.795   64.67388 -169.47154     38.172     1.9577     1.9590     1.9559    32.7479    32.7573  1026.3511    26.1708    246.107    234.252  336.75372     73.082     69.569     0.1856     0.7656     3.7643     0.8986 8.4714e-06       3796     2.6354  0.000e+00
     37.787   64.67388 -169.47154     38.164     1.9574     1.9589     1.9556    32.7483    32.7577  1026.3513    26.1711    246.112    234.049  336.75561     73.083     69.509     0.1856     0.7656     3.7643     0.8986 1.0000e-12       3797     2.6361  0.000e+00
     37.795   64.67388 -169.47154     38.172     1.9574     1.9587     1.9556    32.7482    32.7582  1026.3513    26.1711    246.341    234.227  336.75583     73.151     69.562     0.1868     0.7729     3.7643     0.8986 1.0000e-12       3798     2.6368  0.000e+00
     37.857   64.67388 -169.47154     38.234     1.9576     1.9587     1.9557    32.7477    32.7587  1026.3512    26.1706    246.156    234.228  336.75581     73.096     69.562     0.1856     0.7656     3.7643     0.8986 1.0000e-12       3799     2.6375  0.000e+00
     37.787   64.67388 -169.47154     38.164     1.9576     1.9586     1.9557    32.7479    32.7588  1026.3510    26.1708    246.155    234.226  336.75529     73.096     69.561     0.1868     0.7729     3.7643     0.8986 1.0000e-12       3800     2.6382  0.000e+00
     37.911   64.67388 -169.47154     38.289     1.9576     1.9586     1.9557    32.7480    32.7587  1026.3517    26.1709    245.935    234.231  336.75483     73.031     69.563     0.1856     0.7656     3.7643     0.8986 1.0000e-12       3801     2.6389  0.000e+00
     37.857   64.67388 -169.47154     38.234     1.9573     1.9588     1.9554    32.7483    32.7585  1026.3517    26.1712    246.126    234.026  336.75687     73.087     69.502     0.1868     0.7729     3.7643     0.8986 8.4714e-06       3802     2.6396  0.000e+00
     37.911   64.67388 -169.47154     38.289     1.9573     1.9584     1.9554    32.7482    32.7593  1026.3519    26.1711    246.131    234.005  336.75726     73.089     69.496     0.1856     0.7656     3.7643     0.8986 1.0000e-12       3803     2.6403  0.000e+00
