EcoFOCI/data/1_SampleCollection/2023_SikuliaqDBO_CruiseData/CTD_raw_BottleFile_SKQ23-12S/proc/skq202312s_036.ros
* Sea-Bird SBE 9 Data File:
* FileName = D:\CTD\SKQ202312S\SKQ202312S_036.hex
* Software Version Seasave V 7.26.7.121
* Temperature SN = 6177
* Conductivity SN = 0369
* Number of Bytes Per Scan = 41
* Number of Voltage Words = 4
* Number of Scans Averaged by the Deck Unit = 1
* NMEA Latitude = 72 27.93 N
* NMEA Longitude = 156 32.77 W
* NMEA UTC (Time) = Sep 22 2023  14:08:00
* NMEA baud rate = 4800
** Ship: R/V Sikuliaq
** Station Number: 036
** Station Name: CK9
** Bottom Depth: 990
** Operator: SD
# nquan = 22
# nvalues = 1176                                  
# units = specified
# name 0 = depSM: Depth [salt water, m]
# name 1 = latitude: Latitude [deg]
# name 2 = longitude: Longitude [deg]
# name 3 = prDM: Pressure, Digiquartz [db]
# name 4 = t090C: Temperature [ITS-90, deg C]
# name 5 = t190C: Temperature, 2 [ITS-90, deg C]
# name 6 = potemp090C: Potential Temperature [ITS-90, deg C]
# name 7 = sal00: Salinity, Practical [PSU]
# name 8 = sal11: Salinity, Practical, 2 [PSU]
# name 9 = density00: Density [density, kg/m^3]
# name 10 = sigma-é00: Density [sigma-theta, kg/m^3]
# name 11 = sbox0Mm/Kg: Oxygen, SBE 43 [umol/kg]
# name 12 = sbox1Mm/Kg: Oxygen, SBE 43, 2 [umol/kg]
# name 13 = oxsolMm/Kg: Oxygen Saturation, Garcia & Gordon [umol/kg]
# name 14 = sbeox0PS: Oxygen, SBE 43 [% saturation]
# name 15 = v0: Voltage 0
# name 16 = flECO-AFL: Fluorescence, WET Labs ECO-AFL/FL [mg/m^3]
# name 17 = CStarAt0: Beam Attenuation, WET Labs C-Star [1/m]
# name 18 = par: PAR/Irradiance, Biospherical/Licor
# name 19 = scan: Scan Count
# name 20 = nbf: Bottles Fired
# name 21 = flag:  0.000e+00
# interval = seconds: 0.0416667
# start_time = Sep 22 2023 14:11:59 [NMEA time, first data scan]
# bad_flag = -9.990e-29
*END*
[from data line 659]
    125.110   72.46466 -156.54704    126.446    -1.6411    -1.6400    -1.6435    32.9493    32.9584  1027.1199    26.5100    284.249    269.278  369.32049     76.965     0.0696     0.0696     0.6826 1.0000e-12      88905         14  0.000e+00
    125.226   72.46466 -156.54704    126.563    -1.6411    -1.6401    -1.6435    32.9493    32.9584  1027.1205    26.5099    284.196    269.517  369.32057     76.951     0.0684     0.0623     0.6826 8.4714e-06      88906         14  0.000e+00
    125.171   72.46466 -156.54704    126.508    -1.6411    -1.6401    -1.6435    32.9493    32.9584  1027.1202    26.5099    284.399    269.551  369.32060     77.006     0.0696     0.0696     0.6826 8.4714e-06      88907         14  0.000e+00
    125.164   72.46466 -156.54704    126.500    -1.6411    -1.6404    -1.6435    32.9493    32.9585  1027.1202    26.5100    284.337    269.590  369.32046     76.989     0.0684     0.0623     0.6826 1.0000e-12      88908         14  0.000e+00
    125.172   72.46466 -156.54704    126.508    -1.6412    -1.6399    -1.6436    32.9496    32.9581  1027.1205    26.5102    284.324    269.626  369.32074     76.986     0.0696     0.0696     0.6826 8.4714e-06      88909         14  0.000e+00
    125.164   72.46466 -156.54704    126.501    -1.6411    -1.6402    -1.6435    32.9491    32.9580  1027.1200    26.5098    284.046    269.436  369.32109     76.910     0.0684     0.0623     0.6826 8.4714e-06      88910         14  0.000e+00
    125.226   72.46466 -156.54704    126.563    -1.6409    -1.6402    -1.6433    32.9488    32.9583  1027.1201    26.5095    284.298    269.447  369.32029     76.979     0.0684     0.0623     0.6826 8.4714e-06      88911         14  0.000e+00
    125.164   72.46466 -156.54704    126.501    -1.6412    -1.6399    -1.6436    32.9491    32.9583  1027.1200    26.5098    284.073    269.420  369.32225     76.917     0.0684     0.0623     0.6826 8.4714e-06      88912         14  0.000e+00
    125.172   72.46466 -156.54704    126.508    -1.6414    -1.6401    -1.6438    32.9489    32.9587  1027.1199    26.5096    283.748    269.400  369.32457     76.829     0.0684     0.0623     0.6826 8.4714e-06      88913         14  0.000e+00
    125.226   72.46466 -156.54704    126.563    -1.6412    -1.6402    -1.6436    32.9489    32.9583  1027.1202    26.5097    284.215    269.618  369.32274     76.956     0.0684     0.0623     0.6826 8.4714e-06      88914         14  0.000e+00
    125.172   72.46466 -156.54704    126.508    -1.6412    -1.6401    -1.6436    32.9488    32.9581  1027.1199    26.5096    284.202    269.629  369.32303     76.952     0.0684     0.0623     0.6826 1.0000e-12      88915         14  0.000e+00
    125.164   72.46466 -156.54704    126.501    -1.6412    -1.6401    -1.6436    32.9487    32.9578  1027.1197    26.5094    284.243    269.643  369.32352     76.963     0.0696     0.0696     0.6826 1.0000e-12      88916         14  0.000e+00
    125.226   72.46466 -156.54704    126.563    -1.6414    -1.6402    -1.6438    32.9485    32.9580  1027.1198    26.5093    284.288    269.660  369.32581     76.975     0.0684     0.0623     0.6826 8.4714e-06      88917         14  0.000e+00
    125.164   72.46466 -156.54704    126.501    -1.6415    -1.6401    -1.6439    32.9486    32.9578  1027.1196    26.5094    284.273    269.706  369.32660     76.971     0.0684     0.0623     0.6826 8.4714e-06      88918         14  0.000e+00
    125.226   72.46466 -156.54704    126.563    -1.6414    -1.6402    -1.6438    32.9486    32.9580  1027.1199    26.5094    284.260    269.525  369.32543     76.967     0.0684     0.0623     0.6826 1.0000e-12      88919         14  0.000e+00
    125.172   72.46466 -156.54704    126.509    -1.6416    -1.6404    -1.6439    32.9491    32.9581  1027.1201    26.5098    284.241    269.544  369.32574     76.962     0.0696     0.0696     0.6826 8.4714e-06      88920         14  0.000e+00
    125.226   72.46466 -156.54704    126.563    -1.6416    -1.6402    -1.6439    32.9492    32.9578  1027.1205    26.5099    284.014    269.533  369.32533     76.901     0.0684     0.0623     0.6826 1.0000e-12      88921         14  0.000e+00
    125.172   72.46466 -156.54704    126.509    -1.6417    -1.6399    -1.6441    32.9491    32.9577  1027.1201    26.5098    284.261    269.517  369.32677     76.967     0.0684     0.0623     0.6826 1.0000e-12      88922         14  0.000e+00
    125.226   72.46466 -156.54704    126.563    -1.6417    -1.6399    -1.6441    32.9495    32.9579  1027.1207    26.5101    284.245    269.742  369.32573     76.963     0.0684     0.0623     0.6826 8.4714e-06      88923         14  0.000e+00
    125.172   72.46466 -156.54704    126.509    -1.6417    -1.6400    -1.6441    32.9492    32.9583  1027.1202    26.5099    283.961    269.764  369.32664     76.886     0.0684     0.0623     0.6826 8.4714e-06      88924         14  0.000e+00
    125.226   72.46466 -156.54704    126.563    -1.6414    -1.6402    -1.6438    32.9489    32.9583  1027.1202    26.5096    284.208    269.558  369.32467     76.953     0.0696     0.0696     0.6826 1.0000e-12      88925         14  0.000e+00
    125.172   72.46466 -156.54704    126.509    -1.6416    -1.6401    -1.6439    32.9493    32.9583  1027.1202    26.5099    284.241    269.512  369.32523     76.962     0.0684     0.0623     0.6826 8.4714e-06      88926         14  0.000e+00
    125.226   72.46466 -156.54704    126.563    -1.6416    -1.6402    -1.6439    32.9494    32.9586  1027.1206    26.5100    284.276    269.471  369.32482     76.972     0.0684     0.0623     0.6826 8.4714e-06      88927         14  0.000e+00
    125.172   72.46466 -156.54704    126.509    -1.6414    -1.6401    -1.6438    32.9498    32.9585  1027.1207    26.5104    284.043    269.460  369.32191     76.909     0.0684     0.0623     0.6826 1.0000e-12      88928         14  0.000e+00
    125.164   72.46466 -156.54704    126.501    -1.6414    -1.6402    -1.6438    32.9501    32.9585  1027.1209    26.5106    284.290    269.454  369.32101     76.976     0.0684     0.0623     0.6826 8.4714e-06      88929         14  0.000e+00
    125.172   72.46466 -156.54704    126.509    -1.6411    -1.6400    -1.6435    32.9503    32.9586  1027.1210    26.5107    284.061    269.680  369.31768     76.915     0.0684     0.0623     0.6826 1.0000e-12      88930         14  0.000e+00
    125.226   72.46466 -156.54704    126.564    -1.6411    -1.6404    -1.6435    32.9509    32.9588  1027.1218    26.5113    284.258    269.712  369.31575     76.969     0.0684     0.0623     0.6826 1.0000e-12      88931         14  0.000e+00
     99.733   72.46464 -156.54704    100.792    -1.5021    -1.4994    -1.5041    32.7009    32.7071  1026.7909    26.3047    292.534    279.234  368.66162     79.350     0.0696     0.0696     0.5639 1.0000e-12      92348         15  0.000e+00
     99.672   72.46464 -156.54704    100.730    -1.5016    -1.4991    -1.5036    32.7001    32.7058  1026.7899    26.3041    292.292    279.245  368.65877     79.285     0.0684     0.0623     0.5663 8.4714e-06      92349         15  0.000e+00
     99.733   72.46464 -156.54704    100.792    -1.5017    -1.4990    -1.5036    32.7001    32.7053  1026.7902    26.3040    292.533    279.261  368.65952     79.351     0.0684     0.0623     0.5663 8.4714e-06      92350         15  0.000e+00
     99.787   72.46464 -156.54704    100.847    -1.5012    -1.4990    -1.5032    32.6991    32.7055  1026.7897    26.3033    292.299    279.242  368.65764     79.288     0.0684     0.0623     0.5663 8.4714e-06      92351         15  0.000e+00
     99.841   72.46464 -156.54704    100.901    -1.5013    -1.4990    -1.5033    32.6991    32.7055  1026.7899    26.3033    292.282    279.256  368.65889     79.282     0.0684     0.0623     0.5663 1.0000e-12      92352         15  0.000e+00
     99.787   72.46464 -156.54704    100.847    -1.5010    -1.4990    -1.5030    32.6990    32.7054  1026.7896    26.3032    292.258    279.035  368.65635     79.277     0.0684     0.0623     0.5663 8.4714e-06      92353         15  0.000e+00
     99.842   72.46464 -156.54704    100.902    -1.5009    -1.4986    -1.5028    32.6986    32.7048  1026.7895    26.3029    292.504    279.214  368.65566     79.343     0.0684     0.0623     0.5663 1.0000e-12      92354         15  0.000e+00
     99.842   72.46464 -156.54704    100.902    -1.5010    -1.4985    -1.5029    32.6987    32.7044  1026.7896    26.3029    292.538    279.192  368.65656     79.353     0.0684     0.0623     0.5663 8.4714e-06      92355         15  0.000e+00
     99.903   72.46464 -156.54704    100.964    -1.5012    -1.4980    -1.5032    32.6991    32.7037  1026.7902    26.3032    292.315    279.168  368.65785     79.292     0.0684     0.0623     0.5663 1.0000e-12      92356         15  0.000e+00
     99.903   72.46464 -156.54704    100.964    -1.5013    -1.4970    -1.5033    32.6986    32.7018  1026.7899    26.3029    292.302    278.908  368.66026     79.288     0.0696     0.0696     0.5663 8.4714e-06      92357         15  0.000e+00
     99.958   72.46464 -156.54704    101.019    -1.5007    -1.4960    -1.5026    32.6971    32.7004  1026.7888    26.3016    292.289    278.881  368.65847     79.285     0.0684     0.0623     0.5663 8.4714e-06      92358         15  0.000e+00
     99.958   72.46464 -156.54704    101.019    -1.5003    -1.4955    -1.5022    32.6962    32.6990  1026.7881    26.3008    292.538    279.089  368.65714     79.352     0.0684     0.0623     0.5663 1.0000e-12      92359         15  0.000e+00
     99.958   72.46464 -156.54704    101.019    -1.5000    -1.4951    -1.5020    32.6955    32.6983  1026.7876    26.3003    292.577    279.098  368.65608     79.363     0.0684     0.0623     0.5663 8.4714e-06      92360         15  0.000e+00
     99.958   72.46464 -156.54704    101.019    -1.4997    -1.4949    -1.5016    32.6953    32.6982  1026.7874    26.3001    292.353    279.107  368.65337     79.303     0.0684     0.0623     0.5663 8.4714e-06      92361         15  0.000e+00
    100.074   72.46464 -156.54704    101.136    -1.4998    -1.4948    -1.5018    32.6958    32.6978  1026.7883    26.3005    292.558    279.123  368.65374     79.359     0.0684     0.0623     0.5663 8.4714e-06      92362         15  0.000e+00
    100.020   72.46464 -156.54704    101.081    -1.4998    -1.4944    -1.5018    32.6956    32.6973  1026.7879    26.3004    292.335    279.129  368.65414     79.298     0.0684     0.0623     0.5663 1.0000e-12      92363         15  0.000e+00
    100.074   72.46464 -156.54704    101.136    -1.4993    -1.4942    -1.5013    32.6943    32.6969  1026.7871    26.2993    292.327    279.140  368.65276     79.296     0.0684     0.0623     0.5663 8.4714e-06      92364         15  0.000e+00
    100.074   72.46464 -156.54704    101.136    -1.4989    -1.4935    -1.5009    32.6937    32.6970  1026.7866    26.2988    292.057    279.146  368.65067     79.223     0.0684     0.0623     0.5663 8.4714e-06      92365         15  0.000e+00
    100.074   72.46464 -156.54704    101.136    -1.4983    -1.4926    -1.5002    32.6925    32.6972  1026.7856    26.2978    292.263    279.114  368.64778     79.280     0.0696     0.0696     0.5663 8.4714e-06      92366         15  0.000e+00
    100.190   72.46464 -156.54704    101.253    -1.4980    -1.4918    -1.4999    32.6920    32.6975  1026.7858    26.2974    292.213    279.120  368.64642     79.267     0.0684     0.0623     0.5663 1.0000e-12      92367         15  0.000e+00
    100.136   72.46464 -156.54704    101.199    -1.4977    -1.4906    -1.4997    32.6917    32.6970  1026.7853    26.2972    292.470    279.118  368.64439     79.337     0.0696     0.0696     0.5663 8.4714e-06      92368         15  0.000e+00
    100.190   72.46464 -156.54704    101.253    -1.4974    -1.4902    -1.4993    32.6911    32.6972  1026.7850    26.2966    292.521    279.125  368.64278     79.351     0.0684     0.0623     0.5675 1.0000e-12      92369         15  0.000e+00
    100.136   72.46464 -156.54704    101.199    -1.4971    -1.4897    -1.4990    32.6903    32.6971  1026.7841    26.2960    292.308    279.129  368.64225     79.293     0.0684     0.0623     0.5675 8.4714e-06      92370         15  0.000e+00
    100.244   72.46464 -156.54704    101.308    -1.4968    -1.4894    -1.4987    32.6902    32.6973  1026.7845    26.2959    292.573    279.140  368.63963     79.365     0.0684     0.0623     0.5687 8.4714e-06      92371         15  0.000e+00
    100.244   72.46464 -156.54704    101.308    -1.4964    -1.4888    -1.4984    32.6900    32.6972  1026.7844    26.2957    292.361    279.144  368.63680     79.309     0.0684     0.0623     0.5687 1.0000e-12      92372         15  0.000e+00
    100.244   72.46464 -156.54704    101.308    -1.4961    -1.4885    -1.4981    32.6898    32.6974  1026.7842    26.2956    292.363    279.150  368.63435     79.310     0.0672     0.0549     0.5687 8.4714e-06      92373         15  0.000e+00
    100.244   72.46464 -156.54704    101.308    -1.4959    -1.4882    -1.4978    32.6896    32.6975  1026.7840    26.2954    292.367    279.157  368.63216     79.311     0.0672     0.0549     0.5675 1.0000e-12      92374         15  0.000e+00
    100.244   72.46464 -156.54704    101.308    -1.4955    -1.4877    -1.4975    32.6888    32.6975  1026.7834    26.2947    292.374    278.897  368.63109     79.314     0.0684     0.0623     0.5687 1.0000e-12      92375         15  0.000e+00
    100.306   72.46464 -156.54704    101.371    -1.4955    -1.4879    -1.4975    32.6888    32.6976  1026.7837    26.2948    292.387    278.877  368.63095     79.317     0.0672     0.0549     0.5687 8.4714e-06      92376         15  0.000e+00
    100.306   72.46464 -156.54704    101.371    -1.4952    -1.4881    -1.4972    32.6890    32.6974  1026.7838    26.2949    292.605    278.858  368.62763     79.377     0.0684     0.0623     0.5675 1.0000e-12      92377         15  0.000e+00
    100.360   72.46464 -156.54704    101.425    -1.4949    -1.4880    -1.4969    32.6881    32.6975  1026.7834    26.2942    292.406    278.805  368.62729     79.323     0.0672     0.0549     0.5687 8.4714e-06      92378         15  0.000e+00
    100.306   72.46464 -156.54704    101.371    -1.4946    -1.4880    -1.4966    32.6882    32.6972  1026.7832    26.2943    292.414    278.749  368.62361     79.326     0.0684     0.0623     0.5687 8.4714e-06      92379         15  0.000e+00
    100.360   72.46464 -156.54704    101.426    -1.4945    -1.4882    -1.4964    32.6881    32.6974  1026.7833    26.2941    292.430    278.467  368.62293     79.330     0.0672     0.0549     0.5687 8.4714e-06      92380         15  0.000e+00
    100.360   72.46464 -156.54704    101.426    -1.4943    -1.4888    -1.4963    32.6880    32.6976  1026.7833    26.2941    292.445    278.651  368.62127     79.335     0.0684     0.0623     0.5687 8.4714e-06      92381         15  0.000e+00
    100.422   72.46464 -156.54704    101.488    -1.4943    -1.4890    -1.4963    32.6878    32.6978  1026.7834    26.2939    292.467    278.637  368.62188     79.341     0.0672     0.0549     0.5675 8.4714e-06      92382         15  0.000e+00
    100.360   72.46464 -156.54704    101.426    -1.4943    -1.4894    -1.4963    32.6880    32.6977  1026.7833    26.2941    292.485    278.622  368.62127     79.346     0.0672     0.0549     0.5687 1.0000e-12      92383         15  0.000e+00
    100.422   72.46464 -156.54704    101.488    -1.4942    -1.4900    -1.4962    32.6881    32.6980  1026.7837    26.2942    292.456    278.614  368.61985     79.338     0.0672     0.0549     0.5675 8.4714e-06      92384         15  0.000e+00
    100.360   72.46464 -156.54704    101.426    -1.4943    -1.4903    -1.4963    32.6882    32.6976  1026.7834    26.2942    292.478    278.370  368.62089     79.344     0.0672     0.0549     0.5675 8.4714e-06      92385         15  0.000e+00
