EcoFOCI/data/1_SampleCollection/2023_SikuliaqDBO_CruiseData/CTD_raw_BottleFile_SKQ23-12S/proc/skq202312s_061.ros
* Sea-Bird SBE 9 Data File:
* FileName = D:\CTD\SKQ202312S\SKQ202312S_061.hex
* Software Version Seasave V 7.26.7.121
* Temperature SN = 6177
* Conductivity SN = 0369
* Number of Bytes Per Scan = 41
* Number of Voltage Words = 4
* Number of Scans Averaged by the Deck Unit = 1
* NMEA Latitude = 71 36.10 N
* NMEA Longitude = 165 18.30 W
* NMEA UTC (Time) = Sep 27 2023  23:24:16
* NMEA baud rate = 4800
** Ship: R/V Sikuliaq
** Station Number: 061
** Station Name: IC3
** Bottom Depth: 42
** Operator: SS
** Recast for bottom water
# nquan = 22
# nvalues = 196                                   
# units = specified
# name 0 = depSM: Depth [salt water, m]
# name 1 = latitude: Latitude [deg]
# name 2 = longitude: Longitude [deg]
# name 3 = prDM: Pressure, Digiquartz [db]
# name 4 = t090C: Temperature [ITS-90, deg C]
# name 5 = t190C: Temperature, 2 [ITS-90, deg C]
# name 6 = potemp090C: Potential Temperature [ITS-90, deg C]
# name 7 = sal00: Salinity, Practical [PSU]
# name 8 = sal11: Salinity, Practical, 2 [PSU]
# name 9 = density00: Density [density, kg/m^3]
# name 10 = sigma-é00: Density [sigma-theta, kg/m^3]
# name 11 = sbox0Mm/Kg: Oxygen, SBE 43 [umol/kg]
# name 12 = sbox1Mm/Kg: Oxygen, SBE 43, 2 [umol/kg]
# name 13 = oxsolMm/Kg: Oxygen Saturation, Garcia & Gordon [umol/kg]
# name 14 = sbeox0PS: Oxygen, SBE 43 [% saturation]
# name 15 = v0: Voltage 0
# name 16 = flECO-AFL: Fluorescence, WET Labs ECO-AFL/FL [mg/m^3]
# name 17 = CStarAt0: Beam Attenuation, WET Labs C-Star [1/m]
# name 18 = par: PAR/Irradiance, Biospherical/Licor
# name 19 = scan: Scan Count
# name 20 = nbf: Bottles Fired
# name 21 = flag:  0.000e+00
# interval = seconds: 0.0416667
# start_time = Sep 27 2023 23:27:17 [NMEA time, first data scan]
# bad_flag = -9.990e-29
*END*
     36.933   71.60162 -165.30506     37.318    -1.0638    -1.0643    -1.0646    32.4847    32.4972  1026.2967    26.1170    261.839    247.589  364.97095     71.742     0.1624     0.6264     1.6425 1.0609e+00       5148          1  0.000e+00
     36.933   71.60162 -165.30506     37.318    -1.0637    -1.0642    -1.0646    32.4846    32.4973  1026.2966    26.1169    261.596    247.590  364.97070     71.676     0.1612     0.6190     1.6425 1.0609e+00       5149          1  0.000e+00
     36.925   71.60162 -165.30506     37.310    -1.0640    -1.0643    -1.0648    32.4844    32.4977  1026.2964    26.1167    262.075    247.595  364.97355     71.807     0.1624     0.6264     1.6425 1.0609e+00       5150          1  0.000e+00
     36.879   71.60162 -165.30506     37.263    -1.0640    -1.0640    -1.0648    32.4846    32.4974  1026.2963    26.1169    261.883    247.600  364.97361     71.754     0.1624     0.6264     1.6440 1.0576e+00       5151          1  0.000e+00
     36.933   71.60162 -165.30506     37.318    -1.0641    -1.0640    -1.0649    32.4844    32.4971  1026.2964    26.1168    261.903    247.613  364.97457     71.759     0.1612     0.6190     1.6440 1.0543e+00       5152          1  0.000e+00
     36.925   71.60162 -165.30506     37.310    -1.0642    -1.0643    -1.0650    32.4850    32.4976  1026.2968    26.1172    261.923    247.852  364.97421     71.765     0.1624     0.6264     1.6440 1.0543e+00       5153          1  0.000e+00
     36.933   71.60162 -165.30506     37.318    -1.0645    -1.0645    -1.0653    32.4853    32.4974  1026.2972    26.1175    261.693    247.899  364.97600     71.701     0.1612     0.6190     1.6440 1.0543e+00       5154          1  0.000e+00
     36.879   71.60162 -165.30506     37.263    -1.0642    -1.0648    -1.0651    32.4847    32.4975  1026.2964    26.1170    261.668    247.720  364.97549     71.695     0.1624     0.6264     1.6440 1.0510e+00       5155          1  0.000e+00
     36.925   71.60162 -165.30506     37.310    -1.0643    -1.0647    -1.0651    32.4851    32.4971  1026.2969    26.1173    261.652    247.740  364.97497     71.690     0.1612     0.6190     1.6440 1.0477e+00       5156          1  0.000e+00
     36.933   71.60162 -165.30506     37.318    -1.0642    -1.0649    -1.0651    32.4852    32.4971  1026.2970    26.1174    261.891    247.730  364.97412     71.756     0.1612     0.6190     1.6440 1.0477e+00       5157          1  0.000e+00
     36.879   71.60162 -165.30506     37.263    -1.0643    -1.0651    -1.0651    32.4853    32.4975  1026.2969    26.1175    261.671    247.719  364.97440     71.696     0.1624     0.6264     1.6425 1.0444e+00       5158          1  0.000e+00
     36.979   71.60162 -165.30506     37.364    -1.0644    -1.0646    -1.0652    32.4851    32.4969  1026.2972    26.1173    261.922    247.936  364.97607     71.764     0.1612     0.6190     1.6440 1.0411e+00       5159          1  0.000e+00
     36.933   71.60162 -165.30506     37.318    -1.0645    -1.0642    -1.0653    32.4849    32.4968  1026.2968    26.1171    261.709    247.953  364.97723     71.706     0.1624     0.6264     1.6440 1.0411e+00       5160          1  0.000e+00
     36.879   71.60162 -165.30506     37.263    -1.0646    -1.0634    -1.0655    32.4855    32.4957  1026.2970    26.1176    261.706    247.744  364.97717     71.705     0.1612     0.6190     1.6440 1.0477e+00       5161          1  0.000e+00
     36.925   71.60162 -165.30506     37.310    -1.0649    -1.0634    -1.0657    32.4856    32.4961  1026.2974    26.1177    261.711    247.737  364.97902     71.706     0.1612     0.6190     1.6425 1.0510e+00       5162          1  0.000e+00
     36.933   71.60162 -165.30506     37.318    -1.0654    -1.0635    -1.0662    32.4861    32.4965  1026.2978    26.1182    261.720    247.763  364.98258     71.708     0.1612     0.6190     1.6440 1.0477e+00       5163          1  0.000e+00
     36.933   71.60162 -165.30506     37.318    -1.0652    -1.0637    -1.0660    32.4861    32.4964  1026.2978    26.1181    261.729    247.793  364.98044     71.710     0.1612     0.6190     1.6440 1.0477e+00       5164          1  0.000e+00
     36.925   71.60162 -165.30506     37.310    -1.0649    -1.0644    -1.0658    32.4859    32.4969  1026.2976    26.1180    261.995    248.022  364.97866     71.784     0.1624     0.6264     1.6440 1.0477e+00       5165          1  0.000e+00
     36.933   71.60162 -165.30506     37.318    -1.0647    -1.0645    -1.0655    32.4857    32.4968  1026.2975    26.1178    261.803    248.052  364.97716     71.731     0.1636     0.6337     1.6440 1.0477e+00       5166          1  0.000e+00
     36.933   71.60162 -165.30506     37.318    -1.0645    -1.0648    -1.0653    32.4858    32.4969  1026.2976    26.1179    261.567    248.084  364.97453     71.667     0.1673     0.6557     1.6440 1.0510e+00       5167          1  0.000e+00
     36.925   71.60162 -165.30506     37.310    -1.0643    -1.0648    -1.0651    32.4858    32.4970  1026.2975    26.1179    261.494    248.113  364.97289     71.647     0.1673     0.6557     1.6440 1.0543e+00       5168          1  0.000e+00
     36.879   71.60162 -165.30506     37.263    -1.0640    -1.0643    -1.0648    32.4853    32.4970  1026.2968    26.1174    261.423    248.138  364.97114     71.628     0.1685     0.6630     1.6440 1.0543e+00       5169          1  0.000e+00
     36.995   71.60162 -165.30506     37.380    -1.0640    -1.0642    -1.0648    32.4852    32.4967  1026.2974    26.1174    261.618    248.170  364.97184     71.682     0.1673     0.6557     1.6440 1.0510e+00       5170          1  0.000e+00
     36.925   71.60162 -165.30506     37.310    -1.0638    -1.0642    -1.0646    32.4850    32.4972  1026.2968    26.1172    261.600    248.165  364.97020     71.677     0.1673     0.6557     1.6534 1.0510e+00       5171          1  0.000e+00
     36.933   71.60162 -165.30506     37.318    -1.0637    -1.0639    -1.0646    32.4849    32.4972  1026.2968    26.1171    261.737    248.191  364.96984     71.715     0.1685     0.6630     1.6597 1.0510e+00       5172          1  0.000e+00
     36.933   71.60162 -165.30506     37.318    -1.0637    -1.0637    -1.0646    32.4849    32.4975  1026.2968    26.1171    261.733    248.185  364.96984     71.714     0.1673     0.6557     1.6613 1.0510e+00       5173          1  0.000e+00
     36.925   71.60162 -165.30506     37.310    -1.0636    -1.0636    -1.0644    32.4843    32.4975  1026.2963    26.1167    261.681    248.179  364.97041     71.699     0.1685     0.6630     1.6597 1.0477e+00       5174          1  0.000e+00
     36.933   71.60162 -165.30506     37.318    -1.0636    -1.0634    -1.0644    32.4841    32.4971  1026.2962    26.1165    261.729    248.172  364.97041     71.713     0.1673     0.6557     1.6597 1.0477e+00       5175          1  0.000e+00
     36.933   71.60162 -165.30506     37.318    -1.0638    -1.0636    -1.0646    32.4846    32.4969  1026.2966    26.1169    261.683    248.166  364.97132     71.699     0.1673     0.6557     1.6613 1.0444e+00       5176          1  0.000e+00
     36.979   71.60162 -165.30506     37.364    -1.0636    -1.0637    -1.0644    32.4844    32.4969  1026.2966    26.1167    261.685    248.192  364.96964     71.700     0.1661     0.6483     1.6597 1.0346e+00       5177          1  0.000e+00
     36.933   71.60162 -165.30506     37.318    -1.0636    -1.0640    -1.0644    32.4847    32.4969  1026.2966    26.1170    261.687    248.216  364.96932     71.701     0.1673     0.6557     1.6613 1.0282e+00       5178          1  0.000e+00
     36.933   71.60162 -165.30506     37.318    -1.0636    -1.0638    -1.0644    32.4845    32.4964  1026.2965    26.1168    261.693    248.432  364.96943     71.703     0.1685     0.6630     1.6597 1.0282e+00       5179          1  0.000e+00
     36.979   71.60162 -165.30506     37.364    -1.0636    -1.0642    -1.0644    32.4842    32.4965  1026.2964    26.1165    261.703    248.487  364.97037     71.705     0.1673     0.6557     1.6597 1.0444e+00       5180          1  0.000e+00
     36.933   71.60162 -165.30506     37.318    -1.0636    -1.0643    -1.0644    32.4846    32.4970  1026.2966    26.1169    261.965    248.537  364.96957     71.777     0.1673     0.6557     1.6597 1.0510e+00       5181          1  0.000e+00
     36.995   71.60162 -165.30506     37.380    -1.0636    -1.0645    -1.0644    32.4846    32.4971  1026.2968    26.1169    261.771    248.589  364.96917     71.724     0.1661     0.6483     1.6597 1.0543e+00       5182          1  0.000e+00
     36.925   71.60162 -165.30506     37.310    -1.0635    -1.0644    -1.0643    32.4846    32.4971  1026.2965    26.1169    261.779    248.408  364.96843     71.727     0.1673     0.6557     1.6613 1.0510e+00       5183          1  0.000e+00
     36.933   71.60162 -165.30506     37.318    -1.0636    -1.0647    -1.0644    32.4845    32.4974  1026.2965    26.1168    261.794    248.426  364.96943     71.731     0.1673     0.6557     1.6597 1.0477e+00       5184          1  0.000e+00
     36.995   71.60162 -165.30506     37.380    -1.0635    -1.0648    -1.0643    32.4843    32.4974  1026.2966    26.1167    261.812    248.446  364.96928     71.735     0.1673     0.6557     1.6597 1.0477e+00       5185          1  0.000e+00
     36.979   71.60162 -165.30506     37.364    -1.0637    -1.0647    -1.0646    32.4843    32.4973  1026.2966    26.1167    261.782    248.462  364.97151     71.727     0.1685     0.6630     1.6597 1.0411e+00       5186          1  0.000e+00
     36.933   71.60162 -165.30506     37.318    -1.0636    -1.0646    -1.0644    32.4844    32.4970  1026.2964    26.1167    261.797    248.445  364.96980     71.731     0.1673     0.6557     1.6597 1.0379e+00       5187          1  0.000e+00
     36.995   71.60162 -165.30506     37.380    -1.0635    -1.0648    -1.0643    32.4841    32.4971  1026.2964    26.1165    261.819    248.431  364.97002     71.737     0.1685     0.6630     1.6597 1.0379e+00       5188          1  0.000e+00
     36.925   71.60162 -165.30506     37.310    -1.0637    -1.0646    -1.0646    32.4843    32.4974  1026.2963    26.1167    261.586    248.667  364.97154     71.673     0.1673     0.6557     1.6597 1.0411e+00       5189          1  0.000e+00
     36.995   71.60162 -165.30506     37.380    -1.0638    -1.0645    -1.0646    32.4846    32.4970  1026.2968    26.1169    261.616    248.713  364.97143     71.681     0.1685     0.6630     1.6613 1.0444e+00       5190          1  0.000e+00
     36.995   71.60162 -165.30506     37.380    -1.0637    -1.0648    -1.0646    32.4843    32.4973  1026.2966    26.1167    261.600    248.757  364.97154     71.677     0.1661     0.6483     1.6534 1.0444e+00       5191          1  0.000e+00
     36.979   71.60162 -165.30506     37.364    -1.0640    -1.0647    -1.0648    32.4843    32.4973  1026.2965    26.1166    261.589    248.539  364.97389     71.673     0.1636     0.6337     1.6456 1.0411e+00       5192          1  0.000e+00
     36.995   71.60162 -165.30506     37.380    -1.0642    -1.0648    -1.0650    32.4842    32.4972  1026.2966    26.1166    261.584    248.550  364.97630     71.671     0.1624     0.6264     1.6440 1.0379e+00       5193          1  0.000e+00
     36.995   71.60162 -165.30506     37.380    -1.0642    -1.0648    -1.0650    32.4844    32.4968  1026.2967    26.1167    261.480    248.785  364.97581     71.643     0.1612     0.6190     1.6440 1.0346e+00       5194          1  0.000e+00
     36.979   71.60162 -165.30506     37.364    -1.0645    -1.0649    -1.0654    32.4846    32.4971  1026.2968    26.1169    261.986    248.823  364.97855     71.781     0.1624     0.6264     1.6440 1.0379e+00       5195          1  0.000e+00
     36.933   71.60162 -165.30506     37.318    -1.0646    -1.0651    -1.0655    32.4847    32.4973  1026.2967    26.1170    261.823    248.828  364.97935     71.736     0.1612     0.6190     1.6440 1.0444e+00       5196          1  0.000e+00
     36.864   71.60162 -165.30506     37.248    -1.0651    -1.0628    -1.0659    32.4845    32.4957  1026.2962    26.1169    262.116    248.498  364.98436     71.816     0.1673     0.6557     1.6472 1.0609e+00       5301          2  0.000e+00
     36.933   71.60162 -165.30506     37.318    -1.0652    -1.0625    -1.0660    32.4853    32.4958  1026.2972    26.1175    262.084    248.484  364.98277     71.807     0.1673     0.6557     1.6472 1.0576e+00       5302          2  0.000e+00
     36.879   71.60162 -165.30506     37.263    -1.0649    -1.0622    -1.0658    32.4847    32.4955  1026.2964    26.1170    262.049    248.466  364.98214     71.798     0.1673     0.6557     1.6472 1.0543e+00       5303          2  0.000e+00
     36.925   71.60162 -165.30506     37.310    -1.0650    -1.0627    -1.0658    32.4849    32.4954  1026.2968    26.1172    262.226    248.457  364.98211     71.846     0.1673     0.6557     1.6472 1.0543e+00       5304          2  0.000e+00
     36.879   71.60162 -165.30506     37.263    -1.0649    -1.0633    -1.0658    32.4849    32.4958  1026.2965    26.1171    262.240    248.445  364.98177     71.850     0.1685     0.6630     1.6472 1.0543e+00       5305          2  0.000e+00
     36.933   71.60162 -165.30506     37.318    -1.0649    -1.0634    -1.0658    32.4845    32.4961  1026.2965    26.1169    262.258    248.434  364.98272     71.855     0.1673     0.6557     1.6456 1.0576e+00       5306          2  0.000e+00
     36.925   71.60162 -165.30506     37.310    -1.0650    -1.0631    -1.0658    32.4848    32.4962  1026.2968    26.1171    262.274    248.416  364.98236     71.859     0.1685     0.6630     1.6472 1.0609e+00       5307          2  0.000e+00
     36.879   71.60162 -165.30506     37.263    -1.0648    -1.0636    -1.0656    32.4842    32.4971  1026.2960    26.1166    262.238    248.403  364.98198     71.849     0.1673     0.6557     1.6456 1.0576e+00       5308          2  0.000e+00
     36.933   71.60162 -165.30506     37.318    -1.0652    -1.0640    -1.0660    32.4844    32.4967  1026.2965    26.1168    262.256    248.394  364.98523     71.854     0.1685     0.6630     1.6472 1.0576e+00       5309          2  0.000e+00
     36.925   71.60162 -165.30506     37.310    -1.0651    -1.0645    -1.0659    32.4846    32.4966  1026.2965    26.1169    262.219    248.384  364.98422     71.844     0.1661     0.6483     1.6472 1.0576e+00       5310          2  0.000e+00
     36.933   71.60162 -165.30506     37.318    -1.0650    -1.0648    -1.0658    32.4845    32.4972  1026.2965    26.1169    262.280    248.371  364.98323     71.861     0.1685     0.6630     1.6472 1.0576e+00       5311          2  0.000e+00
     36.879   71.60162 -165.30506     37.263    -1.0652    -1.0648    -1.0660    32.4848    32.4973  1026.2965    26.1171    262.294    248.355  364.98465     71.864     0.1685     0.6630     1.6440 1.0510e+00       5312          2  0.000e+00
     36.926   71.60162 -165.30506     37.310    -1.0649    -1.0649    -1.0658    32.4845    32.4970  1026.2965    26.1168    262.004    248.344  364.98283     71.785     0.1673     0.6557     1.6409 1.0477e+00       5313          2  0.000e+00
     36.933   71.60162 -165.30506     37.318    -1.0652    -1.0651    -1.0660    32.4841    32.4969  1026.2962    26.1165    262.227    248.332  364.98621     71.846     0.1685     0.6630     1.6378 1.0477e+00       5314          2  0.000e+00
     36.933   71.60162 -165.30506     37.318    -1.0649    -1.0652    -1.0658    32.4838    32.4970  1026.2959    26.1163    262.190    248.318  364.98481     71.836     0.1673     0.6557     1.6393 1.0444e+00       5315          2  0.000e+00
     36.926   71.60162 -165.30506     37.310    -1.0652    -1.0652    -1.0660    32.4841    32.4970  1026.2962    26.1165    262.153    248.304  364.98607     71.825     0.1673     0.6557     1.6393 1.0444e+00       5316          2  0.000e+00
