EcoFOCI/data/1_SampleCollection/2023_SikuliaqDBO_CruiseData/CTD_raw_BottleFile_SKQ23-12S/proc/skq202312s_007.ros
* Sea-Bird SBE 9 Data File:
* FileName = D:\CTD\SKQ202312S\SKQ202312S_007.hex
* Software Version Seasave V 7.26.7.121
* Temperature SN = 6177
* Conductivity SN = 0369
* Number of Bytes Per Scan = 41
* Number of Voltage Words = 4
* Number of Scans Averaged by the Deck Unit = 1
* NMEA Latitude = 62 33.56 N
* NMEA Longitude = 173 33.01 W
* NMEA UTC (Time) = Sep 16 2023  04:45:18
* NMEA baud rate = 4800
** Ship: R/V Sikuliaq
** Station Number: 007
** Station Name: DBO1.6
** Bottom Depth: 65
** Operator: SD
# nquan = 22
# nvalues = 1078                                  
# units = specified
# name 0 = depSM: Depth [salt water, m]
# name 1 = latitude: Latitude [deg]
# name 2 = longitude: Longitude [deg]
# name 3 = prDM: Pressure, Digiquartz [db]
# name 4 = t090C: Temperature [ITS-90, deg C]
# name 5 = t190C: Temperature, 2 [ITS-90, deg C]
# name 6 = potemp090C: Potential Temperature [ITS-90, deg C]
# name 7 = sal00: Salinity, Practical [PSU]
# name 8 = sal11: Salinity, Practical, 2 [PSU]
# name 9 = density00: Density [density, kg/m^3]
# name 10 = sigma-é00: Density [sigma-theta, kg/m^3]
# name 11 = sbox0Mm/Kg: Oxygen, SBE 43 [umol/kg]
# name 12 = sbox1Mm/Kg: Oxygen, SBE 43, 2 [umol/kg]
# name 13 = oxsolMm/Kg: Oxygen Saturation, Garcia & Gordon [umol/kg]
# name 14 = sbeox0PS: Oxygen, SBE 43 [% saturation]
# name 15 = v0: Voltage 0
# name 16 = flECO-AFL: Fluorescence, WET Labs ECO-AFL/FL [mg/m^3]
# name 17 = CStarAt0: Beam Attenuation, WET Labs C-Star [1/m]
# name 18 = par: PAR/Irradiance, Biospherical/Licor
# name 19 = scan: Scan Count
# name 20 = nbf: Bottles Fired
# name 21 = flag:  0.000e+00
# interval = seconds: 0.0416667
# start_time = Sep 16 2023 04:49:28 [NMEA time, first data scan]
# bad_flag = -9.990e-29
*END*
[from data line 593]
     20.699   62.55936 -173.55016     20.902     7.4451     7.4472     7.4432    31.2006    31.2073  1024.4643    24.3684    292.425    278.685  298.70396     97.898     0.2332     1.0513     0.6691 2.0280e+00      22620         13  0.000e+00
     20.715   62.55936 -173.55016     20.917     7.4449     7.4470     7.4430    31.2012    31.2070  1024.4649    24.3689    292.425    278.855  298.70429     97.898     0.2320     1.0439     0.6691 2.0220e+00      22621         13  0.000e+00
     20.699   62.55936 -173.55016     20.902     7.4448     7.4472     7.4429    31.2012    31.2072  1024.4649    24.3689    292.424    278.862  298.70468     97.897     0.2320     1.0439     0.6691 2.0220e+00      22622         13  0.000e+00
     20.753   62.55936 -173.55016     20.956     7.4446     7.4470     7.4427    31.2011    31.2075  1024.4651    24.3688    292.427    278.871  298.70659     97.898     0.2308     1.0366     0.6691 2.0220e+00      22623         13  0.000e+00
     20.661   62.55936 -173.55016     20.863     7.4448     7.4470     7.4429    31.2009    31.2076  1024.4644    24.3686    292.421    279.041  298.70537     97.896     0.2320     1.0439     0.6691 2.0220e+00      22624         13  0.000e+00
     20.754   62.55936 -173.55016     20.956     7.4444     7.4472     7.4425    31.2010    31.2073  1024.4650    24.3688    292.426    279.059  298.70788     97.897     0.2308     1.0366     0.6667 2.0280e+00      22625         13  0.000e+00
     20.754   62.55936 -173.55016     20.956     7.4442     7.4470     7.4423    31.2011    31.2073  1024.4652    24.3690    292.426    279.072  298.70917     97.897     0.2320     1.0439     0.6642 2.0341e+00      22626         13  0.000e+00
     20.715   62.55936 -173.55016     20.917     7.4439     7.4469     7.4420    31.2014    31.2074  1024.4652    24.3692    292.398    278.907  298.71033     97.887     0.2308     1.0366     0.6630 2.0280e+00      22627         13  0.000e+00
     20.754   62.55936 -173.55016     20.956     7.4438     7.4469     7.4419    31.2016    31.2075  1024.4656    24.3694    292.398    278.895  298.71053     97.887     0.2320     1.0439     0.6630 2.0220e+00      22628         13  0.000e+00
     20.715   62.55936 -173.55016     20.917     7.4438     7.4470     7.4419    31.2016    31.2073  1024.4654    24.3693    292.395    279.065  298.71098     97.886     0.2308     1.0366     0.6630 2.0220e+00      22629         13  0.000e+00
     20.754   62.55936 -173.55016     20.956     7.4437     7.4470     7.4418    31.2016    31.2072  1024.4656    24.3694    292.395    279.063  298.71158     97.885     0.2320     1.0439     0.6630 2.0220e+00      22630         13  0.000e+00
     20.754   62.55936 -173.55016     20.956     7.4439     7.4472     7.4420    31.2012    31.2075  1024.4652    24.3690    292.392    279.053  298.71086     97.885     0.2308     1.0366     0.6642 2.0160e+00      22631         13  0.000e+00
     20.715   62.55936 -173.55016     20.917     7.4437     7.4470     7.4418    31.2015    31.2076  1024.4654    24.3693    292.200    279.058  298.71170     97.820     0.2320     1.0439     0.6630 2.0160e+00      22632         13  0.000e+00
     20.754   62.55936 -173.55016     20.956     7.4441     7.4470     7.4422    31.2008    31.2075  1024.4649    24.3687    292.363    278.891  298.71062     97.875     0.2308     1.0366     0.6630 2.0160e+00      22633         13  0.000e+00
     20.754   62.55936 -173.55016     20.956     7.4439     7.4469     7.4420    31.2012    31.2074  1024.4653    24.3690    292.362    278.875  298.71070     97.875     0.2320     1.0439     0.6630 2.0220e+00      22634         13  0.000e+00
     20.715   62.55936 -173.55016     20.918     7.4442     7.4469     7.4423    31.2012    31.2078  1024.4650    24.3690    292.358    279.024  298.70913     97.874     0.2320     1.0439     0.6630 2.0220e+00      22635         13  0.000e+00
     20.754   62.55936 -173.55016     20.957     7.4444     7.4470     7.4425    31.2011    31.2077  1024.4651    24.3689    292.330    279.018  298.70755     97.865     0.2320     1.0439     0.6630 2.0220e+00      22636         13  0.000e+00
     20.715   62.55936 -173.55016     20.918     7.4443     7.4470     7.4424    31.2011    31.2073  1024.4649    24.3689    292.301    279.007  298.70832     97.855     0.2320     1.0439     0.6630 2.0280e+00      22637         13  0.000e+00
     20.754   62.55936 -173.55016     20.957     7.4446     7.4472     7.4427    31.2008    31.2075  1024.4648    24.3686    292.109    278.993  298.70723     97.791     0.2308     1.0366     0.6630 2.0401e+00      22638         13  0.000e+00
     20.754   62.55936 -173.55016     20.957     7.4446     7.4472     7.4427    31.2011    31.2075  1024.4651    24.3689    292.269    278.805  298.70618     97.845     0.2320     1.0439     0.6630 2.0401e+00      22639         13  0.000e+00
     20.715   62.55936 -173.55016     20.918     7.4446     7.4469     7.4427    31.2011    31.2074  1024.4649    24.3689    292.266    278.957  298.70655     97.844     0.2308     1.0366     0.6630 2.0341e+00      22640         13  0.000e+00
     20.754   62.55936 -173.55016     20.957     7.4446     7.4470     7.4427    31.2012    31.2074  1024.4651    24.3689    292.265    278.952  298.70602     97.844     0.2320     1.0439     0.6630 2.0280e+00      22641         13  0.000e+00
     20.700   62.55936 -173.55016     20.902     7.4449     7.4469     7.4430    31.2013    31.2079  1024.4649    24.3690    292.259    278.771  298.70412     97.842     0.2308     1.0366     0.6630 2.0280e+00      22642         13  0.000e+00
     20.715   62.55936 -173.55016     20.918     7.4453     7.4471     7.4434    31.2005    31.2076  1024.4644    24.3683    292.256    278.915  298.70301     97.842     0.2320     1.0439     0.6630 2.0341e+00      22643         13  0.000e+00
     20.700   62.55936 -173.55016     20.902     7.4452     7.4470     7.4433    31.2009    31.2073  1024.4645    24.3686    292.253    278.902  298.70267     97.841     0.2308     1.0366     0.6630 2.0462e+00      22644         13  0.000e+00
     20.715   62.55936 -173.55016     20.918     7.4451     7.4470     7.4432    31.2011    31.2074  1024.4648    24.3688    292.251    278.716  298.70284     97.840     0.2332     1.0513     0.6642 2.0462e+00      22645         13  0.000e+00
     20.754   62.55936 -173.55016     20.957     7.4452     7.4470     7.4433    31.2006    31.2075  1024.4646    24.3684    291.873    278.682  298.70329     97.713     0.2381     1.0806     0.6642 2.0462e+00      22646         13  0.000e+00
     20.638   62.55936 -173.55016     20.840     7.4451     7.4466     7.4432    31.2008    31.2078  1024.4642    24.3685    292.223    278.645  298.70349     97.830     0.2405     1.0952     0.6642 2.0523e+00      22647         13  0.000e+00
     20.715   62.55936 -173.55016     20.918     7.4449     7.4467     7.4430    31.2013    31.2073  1024.4650    24.3690    292.227    278.609  298.70413     97.832     0.2405     1.0952     0.6654 2.0523e+00      22648         13  0.000e+00
     20.700   62.55936 -173.55016     20.902     7.4447     7.4469     7.4428    31.2015    31.2075  1024.4651    24.3691    292.229    278.566  298.70476     97.832     0.2393     1.0879     0.6642 2.0584e+00      22649         13  0.000e+00
     20.700   62.55936 -173.55016     20.902     7.4450     7.4467     7.4431    31.2010    31.2076  1024.4647    24.3687    292.066    278.542  298.70404     97.778     0.2405     1.0952     0.6654 2.0584e+00      22650         13  0.000e+00
     20.662   62.55936 -173.55016     20.863     7.4451     7.4468     7.4432    31.2011    31.2075  1024.4646    24.3688    292.257    278.513  298.70311     97.842     0.2393     1.0879     0.6654 2.0646e+00      22651         13  0.000e+00
     20.700   62.55936 -173.55016     20.902     7.4454     7.4467     7.4435    31.2009    31.2073  1024.4645    24.3686    292.261    278.487  298.70130     97.844     0.2405     1.0952     0.6654 2.0646e+00      22652         13  0.000e+00
     20.662   62.55936 -173.55016     20.863     7.4454     7.4467     7.4435    31.2007    31.2074  1024.4642    24.3684    292.264    278.439  298.70199     97.845     0.2393     1.0879     0.6654 2.0707e+00      22653         13  0.000e+00
     20.638   62.55936 -173.55016     20.840     7.4454     7.4466     7.4435    31.2010    31.2077  1024.4643    24.3687    292.051    278.407  298.70100     97.774     0.2393     1.0879     0.6654 2.0707e+00      22654         13  0.000e+00
     20.638   62.55936 -173.55016     20.840     7.4455     7.4467     7.4436    31.2008    31.2076  1024.4642    24.3685    292.219    278.373  298.70067     97.830     0.2393     1.0879     0.6642 2.0769e+00      22655         13  0.000e+00
     20.608   62.55936 -173.55016     20.809     7.4453     7.4466     7.4434    31.2008    31.2082  1024.4640    24.3685    292.061    278.337  298.70250     97.777     0.2393     1.0879     0.6654 2.0892e+00      22656         13  0.000e+00
     20.639   62.55936 -173.55016     20.840     7.4452     7.4466     7.4433    31.2010    31.2078  1024.4644    24.3687    292.232    278.303  298.70237     97.834     0.2393     1.0879     0.6642 2.0955e+00      22657         13  0.000e+00
     20.639   62.55936 -173.55016     20.840     7.4454     7.4464     7.4435    31.2007    31.2078  1024.4641    24.3684    292.238    278.267  298.70172     97.836     0.2393     1.0879     0.6654 2.0955e+00      22658         13  0.000e+00
     20.608   62.55936 -173.55016     20.809     7.4452     7.4464     7.4433    31.2010    31.2078  1024.4642    24.3687    292.244    278.244  298.70233     97.838     0.2393     1.0879     0.6642 2.1079e+00      22659         13  0.000e+00
     20.585   62.55936 -173.55016     20.786     7.4450     7.4466     7.4431    31.2013    31.2074  1024.4644    24.3689    292.061    278.221  298.70344     97.776     0.2393     1.0879     0.6642 2.1205e+00      22660         13  0.000e+00
     20.585   62.55936 -173.55016     20.786     7.4452     7.4464     7.4433    31.2007    31.2082  1024.4638    24.3684    292.232    278.027  298.70312     97.834     0.2393     1.0879     0.6654 2.1268e+00      22661         13  0.000e+00
     20.608   62.55936 -173.55016     20.809     7.4451     7.4466     7.4432    31.2008    31.2081  1024.4641    24.3686    292.051    277.988  298.70346     97.773     0.2393     1.0879     0.6642 2.1395e+00      22662         13  0.000e+00
     20.585   62.55936 -173.55016     20.786     7.4452     7.4469     7.4433    31.2010    31.2077  1024.4641    24.3687    292.222    277.946  298.70231     97.830     0.2405     1.0952     0.6642 2.1522e+00      22663         13  0.000e+00
     20.718   62.55938 -173.55016     20.921     7.4463     7.4458     7.4444    31.1997    31.2072  1024.4636    24.3676    292.780    278.050  298.69761     98.019     0.2320     1.0439     0.6630 2.0646e+00      22780         14  0.000e+00
     20.703   62.55938 -173.55016     20.905     7.4463     7.4456     7.4444    31.1996    31.2075  1024.4634    24.3674    292.951    278.045  298.69832     98.076     0.2332     1.0513     0.6630 2.0584e+00      22781         14  0.000e+00
     20.780   62.55938 -173.55016     20.983     7.4459     7.4456     7.4440    31.1999    31.2075  1024.4641    24.3677    292.796    278.062  298.70041     98.023     0.2320     1.0439     0.6618 2.0523e+00      22782         14  0.000e+00
     20.703   62.55938 -173.55016     20.905     7.4456     7.4459     7.4437    31.2003    31.2077  1024.4641    24.3681    292.608    278.057  298.70114     97.960     0.2320     1.0439     0.6630 2.0523e+00      22783         14  0.000e+00
     20.757   62.55938 -173.55016     20.960     7.4457     7.4461     7.4438    31.2005    31.2079  1024.4645    24.3683    292.776    278.061  298.70031     98.017     0.2320     1.0439     0.6630 2.0462e+00      22784         14  0.000e+00
     20.780   62.55938 -173.55016     20.983     7.4454     7.4463     7.4435    31.2004    31.2074  1024.4645    24.3682    292.782    278.068  298.70235     98.018     0.2320     1.0439     0.6630 2.0462e+00      22785         14  0.000e+00
     20.757   62.55938 -173.55016     20.960     7.4457     7.4461     7.4438    31.2000    31.2074  1024.4641    24.3679    292.781    278.077  298.70144     98.018     0.2332     1.0513     0.6630 2.0401e+00      22786         14  0.000e+00
     20.757   62.55938 -173.55016     20.960     7.4456     7.4461     7.4437    31.2003    31.2079  1024.4643    24.3681    292.781    277.917  298.70120     98.018     0.2320     1.0439     0.6642 2.0401e+00      22787         14  0.000e+00
     20.780   62.55938 -173.55016     20.983     7.4457     7.4461     7.4438    31.2003    31.2076  1024.4644    24.3681    292.780    277.917  298.70082     98.018     0.2332     1.0513     0.6642 2.0401e+00      22788         14  0.000e+00
     20.757   62.55938 -173.55016     20.960     7.4453     7.4461     7.4434    31.2009    31.2079  1024.4648    24.3686    292.779    277.918  298.70224     98.017     0.2320     1.0439     0.6654 2.0401e+00      22789         14  0.000e+00
     20.780   62.55938 -173.55016     20.983     7.4454     7.4464     7.4435    31.2004    31.2080  1024.4646    24.3682    292.777    277.904  298.70259     98.016     0.2332     1.0513     0.6642 2.0401e+00      22790         14  0.000e+00
     20.819   62.55938 -173.55016     21.022     7.4451     7.4466     7.4432    31.2005    31.2077  1024.4648    24.3683    292.776    277.896  298.70416     98.015     0.2320     1.0439     0.6642 2.0401e+00      22791         14  0.000e+00
     20.757   62.55938 -173.55016     20.960     7.4447     7.4469     7.4428    31.2011    31.2075  1024.4651    24.3688    292.796    277.886  298.70554     98.022     0.2332     1.0513     0.6642 2.0401e+00      22792         14  0.000e+00
     20.780   62.55938 -173.55016     20.983     7.4445     7.4467     7.4426    31.2016    31.2078  1024.4656    24.3693    292.766    277.884  298.70613     98.011     0.2320     1.0439     0.6642 2.0401e+00      22793         14  0.000e+00
     20.819   62.55938 -173.55016     21.022     7.4446     7.4470     7.4427    31.2009    31.2072  1024.4653    24.3687    292.761    277.713  298.70689     98.009     0.2332     1.0513     0.6642 2.0584e+00      22794         14  0.000e+00
     20.757   62.55938 -173.55016     20.960     7.4447     7.4469     7.4428    31.2008    31.2073  1024.4649    24.3686    292.749    277.697  298.70611     98.006     0.2320     1.0439     0.6654 2.0646e+00      22795         14  0.000e+00
     20.780   62.55938 -173.55016     20.983     7.4450     7.4470     7.4431    31.2009    31.2074  1024.4650    24.3686    292.738    277.704  298.70436     98.003     0.2332     1.0513     0.6642 2.0646e+00      22796         14  0.000e+00
     20.757   62.55938 -173.55016     20.960     7.4449     7.4472     7.4430    31.2010    31.2071  1024.4650    24.3688    292.727    277.696  298.70466     97.999     0.2320     1.0439     0.6642 2.0646e+00      22797         14  0.000e+00
     20.780   62.55938 -173.55016     20.984     7.4448     7.4467     7.4429    31.2008    31.2077  1024.4650    24.3686    292.717    277.697  298.70541     97.995     0.2332     1.0513     0.6654 2.0584e+00      22798         14  0.000e+00
     20.757   62.55938 -173.55016     20.960     7.4447     7.4466     7.4428    31.2011    31.2077  1024.4651    24.3688    292.704    277.698  298.70554     97.991     0.2381     1.0806     0.6642 2.0584e+00      22799         14  0.000e+00
     20.819   62.55938 -173.55016     21.023     7.4448     7.4467     7.4429    31.2008    31.2075  1024.4651    24.3686    292.719    277.686  298.70544     97.996     0.2405     1.0952     0.6642 2.0646e+00      22800         14  0.000e+00
