EcoFOCI/data/1_SampleCollection/2023_SikuliaqDBO_CruiseData/CTD_raw_BottleFile_SKQ23-12S/proc/skq202312s_072.cnv
* Sea-Bird SBE 9 Data File:
* FileName = D:\CTD\SKQ202312S\SKQ202312S_072.hex
* Software Version Seasave V 7.26.7.121
* Temperature SN = 6177
* Conductivity SN = 0369
* Number of Bytes Per Scan = 41
* Number of Voltage Words = 4
* Number of Scans Averaged by the Deck Unit = 1
* NMEA Latitude = 68 00.76 N
* NMEA Longitude = 167 52.45 W
* NMEA UTC (Time) = Oct 01 2023  18:46:53
* NMEA baud rate = 4800
** Ship: R/V Sikuliaq
** Station Number: 072
** Station Name: DBO3.5
** Bottom Depth: 52
** Operator: SD
# nquan = 24
# nvalues = 7252                                  
# units = specified
# name 0 = depSM: Depth [salt water, m]
# name 1 = latitude: Latitude [deg]
# name 2 = longitude: Longitude [deg]
# name 3 = prDM: Pressure, Digiquartz [db]
# name 4 = t090C: Temperature [ITS-90, deg C]
# name 5 = t190C: Temperature, 2 [ITS-90, deg C]
# name 6 = potemp090C: Potential Temperature [ITS-90, deg C]
# name 7 = sal00: Salinity, Practical [PSU]
# name 8 = sal11: Salinity, Practical, 2 [PSU]
# name 9 = density00: Density [density, kg/m^3]
# name 10 = sigma-é00: Density [sigma-theta, kg/m^3]
# name 11 = sbox0Mm/Kg: Oxygen, SBE 43 [umol/kg]
# name 12 = sbox1Mm/Kg: Oxygen, SBE 43, 2 [umol/kg]
# name 13 = oxsolMm/Kg: Oxygen Saturation, Garcia & Gordon [umol/kg]
# name 14 = sbeox0PS: Oxygen, SBE 43 [% saturation]
# name 15 = sbeox1PS: Oxygen, SBE 43, 2 [% saturation]
# name 16 = v0: Voltage 0
# name 17 = flECO-AFL: Fluorescence, WET Labs ECO-AFL/FL [mg/m^3]
# name 18 = v1: Voltage 1
# name 19 = CStarAt0: Beam Attenuation, WET Labs C-Star [1/m]
# name 20 = par: PAR/Irradiance, Biospherical/Licor
# name 21 = scan: Scan Count
# name 22 = timeM: Time, Elapsed [minutes]
# name 23 = flag:  0.000e+00
# span 0 =      2.833,     47.830                 
# span 1 =   68.01172,   68.01234                 
# span 2 = -167.87380, -167.87292                 
# span 3 =      2.862,     48.319                 
# span 4 =     2.7499,     5.4276                 
# span 5 =     2.7158,     5.4304                 
# span 6 =     2.7486,     5.4263                 
# span 7 =    29.1809,    32.3130                 
# span 8 =    29.1907,    32.3236                 
# span 9 =  1023.1124,  1025.9651                 
# span 10 =    23.0953,    25.7383                
# span 11 =    233.439,    307.451                
# span 12 =    218.157,    294.815                
# span 13 =  314.30048,  332.97861                
# span 14 =     70.880,     95.102                
# span 15 =     66.257,     91.158                
# span 16 =     0.0781,     0.4615                
# span 17 =     0.1209,     2.4212                
# span 18 =     2.8400,     4.1868                
# span 19 =     0.4730,     2.0260                
# span 20 = 1.0000e-12, 6.5605e+01                
# span 21 =          1,       7252                
# span 22 =     0.0000,     5.0354                
# span 23 = 0.0000e+00, 0.0000e+00                
# interval = seconds: 0.0416667
# start_time = Oct 01 2023 18:50:54 [NMEA time, first data scan]
# bad_flag = -9.990e-29
*END*
[from data line 2174]
     22.524   68.01212 -167.87352     22.753     3.9398     3.8997     3.9384    31.2991    31.3640  1024.9556    24.8491    295.775    281.464  324.17166     91.240     86.783     0.0855     0.1648     4.1477     0.5105 1.3919e+00       2175     1.5097  0.000e+00
     22.540   68.01212 -167.87352     22.769     3.9227     3.8865     3.9213    31.3077    31.3669  1024.9641    24.8576    296.453    281.808  324.28599     91.417     86.863     0.0855     0.1648     4.1477     0.5105 1.3877e+00       2176     1.5104  0.000e+00
     22.578   68.01212 -167.87352     22.808     3.9073     3.8744     3.9059    31.3153    31.3706  1024.9718    24.8650    296.515    282.160  324.38875     91.407     86.949     0.0855     0.1648     4.1477     0.5105 1.3877e+00       2177     1.5111  0.000e+00
     22.601   68.01212 -167.87352     22.831     3.8925     3.8636     3.8911    31.3224    31.3736  1024.9789    24.8720    297.359    282.519  324.48862     91.639     87.038     0.0855     0.1648     4.1477     0.5105 1.3877e+00       2178     1.5118  0.000e+00
     22.640   68.01212 -167.87352     22.870     3.8776     3.8514     3.8762    31.3272    31.3771  1024.9843    24.8773    298.028    282.924  324.59449     91.816     87.139     0.0855     0.1648     4.1477     0.5105 1.3751e+00       2179     1.5125  0.000e+00
     22.694   68.01212 -167.87350     22.924     3.8630     3.8407     3.8616    31.3307    31.3792  1024.9887    24.8814    298.550    283.527  324.70127     91.946     87.304     0.0855     0.1648     4.1197     0.5377 1.3667e+00       2180     1.5132  0.000e+00
     22.655   68.01212 -167.87350     22.885     3.8495     3.8304     3.8480    31.3329    31.3816  1024.9916    24.8844    299.027    283.967  324.80336     92.064     87.419     0.0855     0.1648     4.0891     0.5675 1.3625e+00       2181     1.5139  0.000e+00
     22.748   68.01212 -167.87350     22.979     3.8344     3.8160     3.8330    31.3324    31.3851  1024.9930    24.8854    299.489    284.476  324.92376     92.172     87.547     0.0855     0.1648     4.0830     0.5735 1.3625e+00       2182     1.5146  0.000e+00
     22.771   68.01212 -167.87350     23.002     3.8171     3.8001     3.8157    31.3351    31.3872  1024.9969    24.8892    299.956    284.817  325.05455     92.279     87.619     0.0855     0.1648     4.0842     0.5723 1.3542e+00       2183     1.5153  0.000e+00
     22.748   68.01212 -167.87350     22.979     3.8014     3.7850     3.8000    31.3418    31.3909  1025.0036    24.8960    300.359    285.330  325.16221     92.372     87.747     0.0855     0.1648     4.0855     0.5711 1.3584e+00       2184     1.5160  0.000e+00
     22.809   68.01212 -167.87350     23.041     3.7880     3.7716     3.7866    31.3535    31.3983  1025.0144    24.9065    300.729    285.644  325.24018     92.464     87.820     0.0867     0.1721     4.0867     0.5699 1.3501e+00       2185     1.5167  0.000e+00
     22.825   68.01212 -167.87350     23.057     3.7776     3.7665     3.7762    31.3728    31.4053  1025.0308    24.9228    301.048    286.073  325.27550     92.552     87.946     0.0855     0.1648     4.0855     0.5711 1.3418e+00       2186     1.5174  0.000e+00
     22.863   68.01212 -167.87350     23.096     3.7713     3.7668     3.7699    31.3908    31.4136  1025.0459    24.9377    301.329    286.298  325.28131     92.636     88.021     0.0855     0.1648     4.0855     0.5711 1.3377e+00       2187     1.5181  0.000e+00
     22.887   68.01212 -167.87350     23.119     3.7694     3.7740     3.7680    31.4104    31.4208  1025.0617    24.9535    301.314    286.460  325.24834     92.641     88.091     0.0855     0.1648     4.0855     0.5711 1.3296e+00       2188     1.5188  0.000e+00
     22.925   68.01212 -167.87350     23.158     3.7722     3.7853     3.7708    31.4312    31.4297  1025.0782    24.9698    301.429    286.766  325.17458     92.698     88.215     0.0855     0.1648     4.0855     0.5711 1.3214e+00       2189     1.5194  0.000e+00
     22.940   68.01212 -167.87350     23.174     3.7785     3.8030     3.7771    31.4544    31.4417  1025.0961    24.9876    301.323    287.023  325.06788     92.696     88.341     0.0855     0.1648     4.0867     0.5699 1.3214e+00       2190     1.5201  0.000e+00
     22.925   68.01212 -167.87350     23.158     3.7912     3.8232     3.7898    31.4842    31.4562  1025.1185    25.0101    301.254    287.262  324.89460     92.724     88.468     0.0855     0.1648     4.0855     0.5711 1.3174e+00       2191     1.5208  0.000e+00
     22.979   68.01212 -167.87350     23.213     3.8114     3.8525     3.8099    31.5041    31.4644  1025.1328    25.0241    300.891    287.261  324.68577     92.672     88.536     0.0842     0.1575     4.0855     0.5711 1.3174e+00       2192     1.5215  0.000e+00
     23.056   68.01212 -167.87350     23.290     3.8318     3.8782     3.8303    31.5239    31.4753  1025.1470    25.0380    300.632    287.248  324.47586     92.652     88.594     0.0855     0.1648     4.0855     0.5711 1.3174e+00       2193     1.5222  0.000e+00
     23.041   68.01212 -167.87350     23.275     3.8548     3.9052     3.8533    31.5366    31.4833  1025.1548    25.0459    300.211    287.212  324.26292     92.582     88.647     0.0842     0.1575     4.0855     0.5711 1.3174e+00       2194     1.5229  0.000e+00
     23.002   68.01212 -167.87350     23.236     3.8773     3.9284     3.8758    31.5474    31.4905  1025.1611    25.0524    299.724    287.192  324.05878     92.491     88.696     0.0855     0.1648     4.0855     0.5711 1.3094e+00       2195     1.5236  0.000e+00
     23.095   68.01212 -167.87350     23.329     3.9013     3.9505     3.8998    31.5524    31.4971  1025.1632    25.0540    299.418    287.364  323.85728     92.454     88.801     0.0855     0.1648     4.0855     0.5711 1.3094e+00       2196     1.5243  0.000e+00
     23.095   68.01212 -167.87350     23.329     3.9247     3.9697     3.9233    31.5494    31.5046  1025.1586    25.0495    298.881    287.157  323.67987     92.338     88.783     0.0855     0.1648     4.0855     0.5711 1.3094e+00       2197     1.5250  0.000e+00
     23.118   68.01212 -167.87350     23.353     3.9430     3.9945     3.9415    31.5571    31.5109  1025.1631    25.0539    298.292    287.061  323.51735     92.203     88.812     0.0855     0.1648     4.0855     0.5711 1.3013e+00       2198     1.5257  0.000e+00
     23.149   68.01212 -167.87350     23.384     3.9644     4.0152     3.9629    31.5687    31.5231  1025.1704    25.0611    297.843    286.971  323.32087     92.120     88.837     0.0855     0.1648     4.0855     0.5711 1.2974e+00       2199     1.5264  0.000e+00
     23.172   68.01212 -167.87350     23.407     3.9870     4.0320     3.9856    31.5683    31.5292  1025.1680    25.0586    297.405    286.721  323.14374     92.035     88.799     0.0855     0.1648     4.0720     0.5842 1.2974e+00       2200     1.5271  0.000e+00
     23.210   68.01212 -167.87350     23.446     4.0067     4.0526     4.0053    31.5649    31.5279  1025.1636    25.0540    296.539    286.800  322.99739     91.808     88.868     0.0855     0.1648     4.0476     0.6083 1.2974e+00       2201     1.5278  0.000e+00
     23.210   68.01212 -167.87350     23.446     4.0246     4.0696     4.0231    31.5627    31.5263  1025.1602    25.0506    295.827    286.513  322.86298     91.626     88.814     0.0855     0.1648     4.0403     0.6156 1.2974e+00       2202     1.5285  0.000e+00
     23.172   68.01212 -167.87350     23.407     4.0399     4.0826     4.0384    31.5623    31.5277  1025.1582    25.0487    295.307    286.403  322.74348     91.499     88.809     0.0842     0.1575     4.0403     0.6156 1.2974e+00       2203     1.5292  0.000e+00
     23.264   68.01212 -167.87350     23.501     4.0536     4.0977     4.0521    31.5614    31.5287  1025.1566    25.0467    294.383    286.079  322.63879     91.242     88.742     0.0855     0.1648     4.0415     0.6144 1.2974e+00       2204     1.5299  0.000e+00
     23.226   68.01212 -167.87350     23.462     4.0657     4.1118     4.0642    31.5739    31.5332  1025.1652    25.0555    293.584    285.693  322.51328     91.030     88.655     0.0842     0.1575     4.0415     0.6144 1.2974e+00       2205     1.5306  0.000e+00
     23.264   68.01212 -167.87350     23.501     4.0809     4.1289     4.0794    31.5964    31.5448  1025.1818    25.0719    292.712    285.237  322.34007     90.809     88.558     0.0855     0.1648     4.0415     0.6144 1.3013e+00       2206     1.5313  0.000e+00
     23.264   68.01212 -167.87350     23.501     4.0986     4.1442     4.0971    31.6069    31.5595  1025.1883    25.0785    292.028    284.942  322.17655     90.642     88.509     0.0867     0.1721     4.0415     0.6144 1.2974e+00       2207     1.5319  0.000e+00
     23.287   68.01212 -167.87350     23.524     4.1161     4.1599     4.1146    31.6010    31.5644  1025.1821    25.0722    291.208    284.465  322.05360     90.422     88.398     0.0855     0.1648     4.0415     0.6144 1.2974e+00       2208     1.5326  0.000e+00
     23.326   68.01212 -167.87350     23.563     4.1302     4.1729     4.1287    31.5989    31.5638  1025.1792    25.0691    290.383    283.989  321.94872     90.195     88.277     0.0855     0.1648     4.0415     0.6144 1.2974e+00       2209     1.5333  0.000e+00
     23.341   68.01212 -167.87350     23.579     4.1403     4.1830     4.1388    31.6068    31.5699  1025.1846    25.0744    289.542    283.488  321.85085     89.962     88.147     0.0867     0.1721     4.0415     0.6144 1.3013e+00       2210     1.5340  0.000e+00
     23.326   68.01212 -167.87350     23.563     4.1489     4.1948     4.1474    31.6122    31.5776  1025.1880    25.0779    288.728    282.940  321.77085     89.731     88.007     0.0891     0.1868     4.0415     0.6144 1.3094e+00       2211     1.5347  0.000e+00
     23.403   68.01212 -167.87350     23.641     4.1583     4.2064     4.1568    31.6098    31.5817  1025.1855    25.0751    287.941    282.374  321.70296     89.505     87.858     0.0879     0.1795     4.0415     0.6144 1.3134e+00       2212     1.5354  0.000e+00
     23.380   68.01212 -167.87350     23.618     4.1682     4.2143     4.1666    31.6075    31.5854  1025.1826    25.0723    287.128    281.805  321.63204     89.272     87.701     0.0879     0.1795     4.0415     0.6144 1.3094e+00       2213     1.5361  0.000e+00
     23.380   68.01212 -167.87350     23.618     4.1777     4.2195     4.1762    31.6097    31.5890  1025.1834    25.0730    286.327    281.230  321.55275     89.045     87.535     0.0867     0.1721     4.0415     0.6144 1.2974e+00       2214     1.5368  0.000e+00
     23.403   68.01212 -167.87350     23.641     4.1855     4.2237     4.1839    31.6107    31.5918  1025.1835    25.0731    285.528    280.659  321.48975     88.814     87.368     0.0879     0.1795     4.0427     0.6131 1.2934e+00       2215     1.5375  0.000e+00
     23.380   68.01212 -167.87350     23.618     4.1933     4.2270     4.1918    31.6126    31.5933  1025.1842    25.0739    284.812    279.881  321.42371     88.609     87.134     0.0879     0.1795     4.0415     0.6144 1.2934e+00       2216     1.5382  0.000e+00
     23.457   68.01212 -167.87350     23.695     4.2019     4.2270     4.2004    31.6100    31.5946  1025.1816    25.0710    284.064    279.277  321.36339     88.393     86.947     0.0879     0.1795     4.0415     0.6144 1.3013e+00       2217     1.5389  0.000e+00
     23.442   68.01212 -167.87350     23.680     4.2081     4.2236     4.2066    31.6032    31.5955  1025.1755    25.0650    283.365    278.861  321.33164     88.185     86.810     0.0891     0.1868     4.0415     0.6144 1.3013e+00       2218     1.5396  0.000e+00
     23.442   68.01212 -167.87350     23.680     4.2124     4.2193     4.2109    31.5964    31.5955  1025.1697    25.0591    282.709    277.908  321.31464     87.985     86.505     0.0879     0.1795     4.0415     0.6144 1.3013e+00       2219     1.5403  0.000e+00
     23.457   68.01212 -167.87350     23.695     4.2152     4.2154     4.2136    31.5914    31.5946  1025.1655    25.0548    282.059    277.290  321.30521     87.785     86.304     0.0879     0.1795     4.0464     0.6095 1.3013e+00       2220     1.5410  0.000e+00
     23.442   68.01212 -167.87350     23.680     4.2170     4.2071     4.2154    31.5876    31.5972  1025.1623    25.0517    281.411    276.700  321.30033     87.585     86.104     0.0879     0.1795     4.0635     0.5927 1.3053e+00       2221     1.5417  0.000e+00
     23.519   68.01212 -167.87350     23.758     4.2174     4.1996     4.2159    31.5839    31.5991  1025.1597    25.0487    280.810    275.925  321.30554     87.396     85.849     0.0891     0.1868     4.0696     0.5866 1.3053e+00       2222     1.5424  0.000e+00
     23.496   68.01212 -167.87350     23.734     4.2171     4.1931     4.2156    31.5796    31.6020  1025.1562    25.0453    280.214    275.312  321.31840     87.208     85.646     0.0879     0.1795     4.0708     0.5854 1.3094e+00       2223     1.5431  0.000e+00
     23.519   68.01212 -167.87350     23.758     4.2146     4.1885     4.2130    31.5767    31.6040  1025.1542    25.0432    279.671    274.486  321.34560     87.031     85.382     0.0879     0.1795     4.0696     0.5866 1.3094e+00       2224     1.5438  0.000e+00
     23.495   68.01212 -167.87350     23.734     4.2087     4.1736     4.2072    31.5769    31.6134  1025.1548    25.0440    279.184    273.898  321.39032     86.867     85.174     0.0879     0.1795     4.0696     0.5866 1.3094e+00       2225     1.5444  0.000e+00
     23.495   68.01212 -167.87350     23.734     4.2016     4.1576     4.2000    31.5770    31.6208  1025.1556    25.0448    278.648    273.334  321.44554     86.686     84.970     0.0879     0.1795     4.0696     0.5866 1.3094e+00       2226     1.5451  0.000e+00
     23.573   68.01212 -167.87350     23.812     4.1932     4.1408     4.1916    31.5775    31.6271  1025.1572    25.0460    278.199    272.606  321.50991     86.529     84.713     0.0867     0.1721     4.0696     0.5866 1.3013e+00       2227     1.5458  0.000e+00
     23.549   68.01212 -167.87350     23.789     4.1842     4.1340     4.1827    31.5813    31.6219  1025.1610    25.0498    277.578    272.011  321.57068     86.319     84.511     0.0879     0.1795     4.0696     0.5866 1.3013e+00       2228     1.5465  0.000e+00
     23.519   68.01212 -167.87350     23.758     4.1782     4.1332     4.1767    31.5856    31.6130  1025.1649    25.0539    277.128    271.420  321.60674     86.170     84.321     0.0879     0.1795     4.0696     0.5866 1.3094e+00       2229     1.5472  0.000e+00
     23.549   68.01212 -167.87350     23.789     4.1739     4.1289     4.1724    31.5863    31.6131  1025.1660    25.0549    276.903    270.672  321.63867     86.091     84.079     0.0879     0.1795     4.0696     0.5866 1.3174e+00       2230     1.5479  0.000e+00
     23.611   68.01212 -167.87350     23.851     4.1697     4.1202     4.1682    31.5823    31.6188  1025.1635    25.0521    276.527    269.946  321.68070     85.963     83.840     0.0879     0.1795     4.0696     0.5866 1.3174e+00       2231     1.5486  0.000e+00
     23.573   68.01212 -167.87350     23.812     4.1638     4.1123     4.1622    31.5820    31.6205  1025.1637    25.0525    275.961    269.393  321.72797     85.775     83.653     0.0879     0.1795     4.0696     0.5866 1.3174e+00       2232     1.5493  0.000e+00
     23.549   68.01212 -167.87350     23.789     4.1588     4.1030     4.1573    31.5800    31.6195  1025.1625    25.0514    275.381    268.882  321.77132     85.583     83.475     0.0879     0.1795     4.0696     0.5866 1.3094e+00       2233     1.5500  0.000e+00
