EcoFOCI/data/1_SampleCollection/2023_SikuliaqDBO_CruiseData/CTD_raw_BottleFile_SKQ23-12S/proc/skq202312s_059svp.cnv
* Sea-Bird SBE 9 Data File:
* FileName = D:\CTD\SKQ202312S\SKQ202312S_059.hex
* Software Version Seasave V 7.26.7.121
* Temperature SN = 6177
* Conductivity SN = 0369
* Number of Bytes Per Scan = 41
* Number of Voltage Words = 4
* Number of Scans Averaged by the Deck Unit = 1
* NMEA Latitude = 71 13.10 N
* NMEA Longitude = 164 14.82 W
* NMEA UTC (Time) = Sep 27 2023  16:34:29
* NMEA baud rate = 4800
** Ship: R/V Sikuliaq
** Station Number: 059
** Station Name: C2
** Bottom Depth: 44
** Operator: SD
# nquan = 7
# nvalues = 4729                                  
# units = specified
# name 0 = depSM: Depth [salt water, m]
# name 1 = latitude: Latitude [deg]
# name 2 = longitude: Longitude [deg]
# name 3 = t090C: Temperature [ITS-90, deg C]
# name 4 = sal00: Salinity, Practical [PSU]
# name 5 = svCM: Sound Velocity [Chen-Millero, m/s]
# name 6 = flag:  0.000e+00
# span 0 =      2.829,     39.103                 
# span 1 =   71.21830,   71.21832                 
# span 2 = -164.24722, -164.24706                 
# span 3 =    -1.0799,     4.3368                 
# span 4 =    30.9439,    32.4387                 
# span 5 =    1441.00,    1463.54                 
# span 6 = 0.0000e+00, 0.0000e+00                 
# interval = seconds: 0.0416667
# start_time = Sep 27 2023 16:38:23 [NMEA time, first data scan]
# bad_flag = -9.990e-29
*END*
[from data line 3693]
     38.997   71.21832 -164.24710    -1.0715    32.3983    1441.28  0.000e+00
     38.951   71.21832 -164.24710    -1.0715    32.3985    1441.28  0.000e+00
     39.005   71.21832 -164.24710    -1.0715    32.3984    1441.28  0.000e+00
     38.951   71.21832 -164.24710    -1.0715    32.3982    1441.28  0.000e+00
     38.997   71.21832 -164.24710    -1.0717    32.3989    1441.28  0.000e+00
     39.005   71.21832 -164.24710    -1.0713    32.3983    1441.28  0.000e+00
     38.951   71.21832 -164.24710    -1.0713    32.3983    1441.28  0.000e+00
     38.951   71.21832 -164.24710    -1.0715    32.3981    1441.28  0.000e+00
     38.997   71.21832 -164.24710    -1.0713    32.3979    1441.28  0.000e+00
     38.951   71.21832 -164.24710    -1.0713    32.3981    1441.28  0.000e+00
     39.005   71.21832 -164.24710    -1.0716    32.3982    1441.28  0.000e+00
     38.951   71.21832 -164.24710    -1.0717    32.3987    1441.28  0.000e+00
     38.997   71.21832 -164.24710    -1.0713    32.3982    1441.28  0.000e+00
     38.951   71.21832 -164.24710    -1.0715    32.3985    1441.28  0.000e+00
     38.951   71.21832 -164.24710    -1.0713    32.3982    1441.28  0.000e+00
     38.951   71.21832 -164.24710    -1.0715    32.3981    1441.28  0.000e+00
     38.943   71.21832 -164.24710    -1.0715    32.3983    1441.28  0.000e+00
     38.951   71.21832 -164.24710    -1.0718    32.3987    1441.28  0.000e+00
     38.951   71.21832 -164.24710    -1.0715    32.3997    1441.28  0.000e+00
     38.951   71.21832 -164.24710    -1.0715    32.4002    1441.28  0.000e+00
     38.881   71.21832 -164.24710    -1.0709    32.3997    1441.28  0.000e+00
     39.005   71.21832 -164.24710    -1.0709    32.3986    1441.28  0.000e+00
     38.951   71.21832 -164.24710    -1.0709    32.3984    1441.28  0.000e+00
     38.951   71.21832 -164.24710    -1.0707    32.3981    1441.28  0.000e+00
     38.951   71.21832 -164.24710    -1.0709    32.3974    1441.28  0.000e+00
     38.881   71.21832 -164.24710    -1.0710    32.3981    1441.28  0.000e+00
     39.005   71.21832 -164.24710    -1.0709    32.3993    1441.28  0.000e+00
     38.889   71.21832 -164.24710    -1.0703    32.4009    1441.29  0.000e+00
     38.951   71.21832 -164.24710    -1.0692    32.4009    1441.29  0.000e+00
     38.943   71.21832 -164.24710    -1.0688    32.4009    1441.29  0.000e+00
     38.889   71.21832 -164.24710    -1.0682    32.3997    1441.29  0.000e+00
     38.951   71.21832 -164.24710    -1.0683    32.3991    1441.29  0.000e+00
     38.951   71.21832 -164.24710    -1.0680    32.3983    1441.29  0.000e+00
     38.943   71.21832 -164.24710    -1.0680    32.3983    1441.29  0.000e+00
     38.889   71.21832 -164.24710    -1.0680    32.3975    1441.29  0.000e+00
     38.951   71.21832 -164.24710    -1.0685    32.3975    1441.29  0.000e+00
     38.889   71.21832 -164.24710    -1.0689    32.3971    1441.29  0.000e+00
     38.943   71.21832 -164.24710    -1.0695    32.3971    1441.29  0.000e+00
     38.889   71.21832 -164.24710    -1.0700    32.3975    1441.28  0.000e+00
     38.951   71.21832 -164.24710    -1.0704    32.3978    1441.28  0.000e+00
     38.889   71.21832 -164.24710    -1.0706    32.3976    1441.28  0.000e+00
     38.943   71.21832 -164.24710    -1.0707    32.3978    1441.28  0.000e+00
     38.951   71.21832 -164.24710    -1.0709    32.3987    1441.28  0.000e+00
     38.889   71.21832 -164.24710    -1.0704    32.3982    1441.28  0.000e+00
     38.951   71.21832 -164.24710    -1.0705    32.3982    1441.28  0.000e+00
     38.881   71.21832 -164.24710    -1.0706    32.3982    1441.28  0.000e+00
     38.951   71.21832 -164.24710    -1.0707    32.3979    1441.28  0.000e+00
     38.889   71.21832 -164.24710    -1.0709    32.3982    1441.28  0.000e+00
     38.951   71.21832 -164.24710    -1.0709    32.3982    1441.28  0.000e+00
     38.951   71.21832 -164.24710    -1.0711    32.3986    1441.28  0.000e+00
     38.881   71.21832 -164.24710    -1.0709    32.3988    1441.28  0.000e+00
     38.889   71.21832 -164.24710    -1.0704    32.3981    1441.28  0.000e+00
     38.950   71.21832 -164.24710    -1.0703    32.3979    1441.28  0.000e+00
     38.950   71.21832 -164.24710    -1.0701    32.3979    1441.28  0.000e+00
     38.943   71.21832 -164.24710    -1.0700    32.3976    1441.28  0.000e+00
     38.889   71.21832 -164.24710    -1.0696    32.3970    1441.28  0.000e+00
     38.889   71.21832 -164.24710    -1.0698    32.3976    1441.28  0.000e+00
     38.950   71.21832 -164.24710    -1.0693    32.3973    1441.29  0.000e+00
     38.943   71.21832 -164.24710    -1.0690    32.3973    1441.29  0.000e+00
     38.889   71.21832 -164.24710    -1.0687    32.3971    1441.29  0.000e+00
     38.950   71.21832 -164.24710    -1.0686    32.3967    1441.29  0.000e+00
     38.950   71.21832 -164.24710    -1.0686    32.3968    1441.29  0.000e+00
     38.881   71.21832 -164.24710    -1.0689    32.3973    1441.29  0.000e+00
     38.950   71.21832 -164.24710    -1.0690    32.3975    1441.29  0.000e+00
     38.950   71.21832 -164.24710    -1.0692    32.3977    1441.29  0.000e+00
     38.889   71.21832 -164.24710    -1.0694    32.3981    1441.29  0.000e+00
     38.943   71.21832 -164.24710    -1.0695    32.3978    1441.29  0.000e+00
     38.950   71.21832 -164.24710    -1.0697    32.3977    1441.29  0.000e+00
     38.950   71.21832 -164.24710    -1.0700    32.3981    1441.28  0.000e+00
     38.950   71.21832 -164.24710    -1.0700    32.3979    1441.28  0.000e+00
     38.881   71.21832 -164.24710    -1.0703    32.3977    1441.28  0.000e+00
     38.950   71.21832 -164.24710    -1.0704    32.3971    1441.28  0.000e+00
     38.950   71.21832 -164.24710    -1.0708    32.3973    1441.28  0.000e+00
     38.950   71.21832 -164.24710    -1.0709    32.3976    1441.28  0.000e+00
     38.997   71.21832 -164.24710    -1.0712    32.3978    1441.28  0.000e+00
     38.889   71.21832 -164.24710    -1.0712    32.3978    1441.28  0.000e+00
     38.950   71.21832 -164.24710    -1.0712    32.3977    1441.28  0.000e+00
     38.950   71.21832 -164.24710    -1.0715    32.3982    1441.28  0.000e+00
     38.889   71.21832 -164.24710    -1.0715    32.3978    1441.28  0.000e+00
     38.997   71.21832 -164.24710    -1.0713    32.3981    1441.28  0.000e+00
     38.950   71.21832 -164.24710    -1.0718    32.3985    1441.28  0.000e+00
     38.950   71.21832 -164.24710    -1.0718    32.3979    1441.28  0.000e+00
     38.950   71.21832 -164.24710    -1.0720    32.3979    1441.27  0.000e+00
     38.942   71.21832 -164.24710    -1.0718    32.3978    1441.28  0.000e+00
     39.004   71.21832 -164.24710    -1.0723    32.3981    1441.27  0.000e+00
     38.950   71.21832 -164.24710    -1.0717    32.3977    1441.28  0.000e+00
     38.950   71.21832 -164.24710    -1.0721    32.3984    1441.27  0.000e+00
     38.942   71.21832 -164.24710    -1.0721    32.3982    1441.27  0.000e+00
     39.004   71.21832 -164.24710    -1.0720    32.3984    1441.28  0.000e+00
     38.950   71.21832 -164.24710    -1.0721    32.3984    1441.27  0.000e+00
     38.950   71.21832 -164.24710    -1.0717    32.3979    1441.28  0.000e+00
     38.996   71.21832 -164.24710    -1.0721    32.3981    1441.28  0.000e+00
     38.950   71.21832 -164.24710    -1.0720    32.3981    1441.27  0.000e+00
     39.004   71.21832 -164.24710    -1.0721    32.3983    1441.28  0.000e+00
     38.950   71.21832 -164.24710    -1.0718    32.3979    1441.28  0.000e+00
     38.942   71.21832 -164.24710    -1.0723    32.3984    1441.27  0.000e+00
     39.004   71.21832 -164.24710    -1.0723    32.3981    1441.27  0.000e+00
     39.004   71.21832 -164.24710    -1.0723    32.3984    1441.27  0.000e+00
     38.950   71.21832 -164.24710    -1.0720    32.3984    1441.28  0.000e+00
     38.996   71.21832 -164.24710    -1.0721    32.3981    1441.27  0.000e+00
     39.004   71.21832 -164.24710    -1.0721    32.3980    1441.28  0.000e+00
     38.950   71.21832 -164.24710    -1.0720    32.3977    1441.27  0.000e+00
     39.004   71.21832 -164.24710    -1.0721    32.3980    1441.27  0.000e+00
     38.950   71.21832 -164.24710    -1.0720    32.3982    1441.27  0.000e+00
     38.996   71.21832 -164.24710    -1.0723    32.3982    1441.27  0.000e+00
     39.004   71.21832 -164.24710    -1.0721    32.3983    1441.28  0.000e+00
     39.004   71.21832 -164.24710    -1.0723    32.3983    1441.27  0.000e+00
     39.004   71.21832 -164.24710    -1.0720    32.3981    1441.28  0.000e+00
     38.996   71.21832 -164.24710    -1.0721    32.3984    1441.28  0.000e+00
     39.004   71.21832 -164.24710    -1.0720    32.3980    1441.28  0.000e+00
     38.950   71.21832 -164.24710    -1.0721    32.3981    1441.27  0.000e+00
     39.004   71.21832 -164.24710    -1.0721    32.3978    1441.27  0.000e+00
     38.996   71.21832 -164.24710    -1.0721    32.3985    1441.28  0.000e+00
     39.004   71.21832 -164.24710    -1.0723    32.3981    1441.27  0.000e+00
     39.004   71.21832 -164.24710    -1.0721    32.3980    1441.27  0.000e+00
     39.004   71.21832 -164.24710    -1.0721    32.3983    1441.28  0.000e+00
     38.996   71.21832 -164.24710    -1.0721    32.3983    1441.28  0.000e+00
     39.004   71.21832 -164.24710    -1.0721    32.3982    1441.28  0.000e+00
     39.004   71.21832 -164.24710    -1.0721    32.3985    1441.28  0.000e+00
     39.004   71.21832 -164.24710    -1.0723    32.3985    1441.27  0.000e+00
     38.996   71.21832 -164.24710    -1.0721    32.3984    1441.28  0.000e+00
     39.004   71.21832 -164.24710    -1.0721    32.3980    1441.27  0.000e+00
     39.066   71.21832 -164.24710    -1.0721    32.3980    1441.28  0.000e+00
     38.950   71.21832 -164.24710    -1.0723    32.3984    1441.27  0.000e+00
     39.058   71.21832 -164.24710    -1.0720    32.3982    1441.28  0.000e+00
     38.950   71.21832 -164.24710    -1.0721    32.3981    1441.27  0.000e+00
     39.065   71.21832 -164.24710    -1.0723    32.3981    1441.28  0.000e+00
     39.004   71.21832 -164.24710    -1.0723    32.3982    1441.27  0.000e+00
     39.004   71.21832 -164.24710    -1.0720    32.3980    1441.28  0.000e+00
     38.996   71.21832 -164.24710    -1.0721    32.3984    1441.28  0.000e+00
     39.004   71.21832 -164.24710    -1.0721    32.3985    1441.28  0.000e+00
     39.004   71.21832 -164.24710    -1.0720    32.3978    1441.28  0.000e+00
     39.004   71.21832 -164.24710    -1.0723    32.3983    1441.27  0.000e+00
     38.996   71.21832 -164.24710    -1.0721    32.3981    1441.28  0.000e+00
     39.004   71.21832 -164.24710    -1.0720    32.3980    1441.28  0.000e+00
     39.004   71.21832 -164.24710    -1.0721    32.3982    1441.28  0.000e+00
     39.004   71.21832 -164.24710    -1.0720    32.3980    1441.28  0.000e+00
     38.996   71.21832 -164.24710    -1.0720    32.3982    1441.28  0.000e+00
     39.065   71.21832 -164.24710    -1.0721    32.3980    1441.28  0.000e+00
     38.950   71.21832 -164.24710    -1.0720    32.3980    1441.27  0.000e+00
     39.004   71.21832 -164.24710    -1.0720    32.3980    1441.28  0.000e+00
     39.058   71.21832 -164.24710    -1.0721    32.3980    1441.28  0.000e+00
     38.950   71.21832 -164.24710    -1.0720    32.3980    1441.27  0.000e+00
     39.065   71.21832 -164.24710    -1.0720    32.3981    1441.28  0.000e+00
     39.004   71.21832 -164.24710    -1.0721    32.3981    1441.28  0.000e+00
     38.996   71.21832 -164.24710    -1.0720    32.3979    1441.28  0.000e+00
     39.004   71.21832 -164.24710    -1.0720    32.3980    1441.28  0.000e+00
     39.004   71.21832 -164.24710    -1.0721    32.3978    1441.27  0.000e+00
     39.004   71.21832 -164.24710    -1.0721    32.3983    1441.28  0.000e+00
     39.004   71.21832 -164.24710    -1.0721    32.3984    1441.28  0.000e+00
     38.996   71.21832 -164.24710    -1.0720    32.3978    1441.28  0.000e+00
     38.950   71.21832 -164.24710    -1.0723    32.3984    1441.27  0.000e+00
     39.065   71.21832 -164.24710    -1.0720    32.3978    1441.28  0.000e+00
     38.950   71.21832 -164.24710    -1.0720    32.3977    1441.27  0.000e+00
     39.058   71.21832 -164.24710    -1.0720    32.3978    1441.28  0.000e+00
     38.950   71.21832 -164.24710    -1.0721    32.3981    1441.27  0.000e+00
     39.004   71.21832 -164.24710    -1.0720    32.3978    1441.28  0.000e+00
     39.003   71.21832 -164.24710    -1.0720    32.3982    1441.28  0.000e+00
     38.996   71.21832 -164.24710    -1.0721    32.3982    1441.28  0.000e+00
     39.003   71.21832 -164.24710    -1.0720    32.3982    1441.28  0.000e+00
     38.949   71.21832 -164.24710    -1.0720    32.3982    1441.27  0.000e+00
     39.065   71.21832 -164.24710    -1.0721    32.3986    1441.28  0.000e+00
     38.942   71.21832 -164.24710    -1.0718    32.3982    1441.28  0.000e+00
     39.003   71.21832 -164.24710    -1.0718    32.3977    1441.28  0.000e+00
     39.003   71.21832 -164.24710    -1.0721    32.3983    1441.28  0.000e+00
     38.949   71.21832 -164.24710    -1.0720    32.3979    1441.27  0.000e+00
     38.996   71.21832 -164.24710    -1.0721    32.3982    1441.27  0.000e+00
     39.003   71.21832 -164.24710    -1.0720    32.3982    1441.28  0.000e+00
     39.003   71.21832 -164.24710    -1.0721    32.3980    1441.27  0.000e+00
     38.949   71.21832 -164.24710    -1.0721    32.3980    1441.27  0.000e+00
     38.996   71.21832 -164.24710    -1.0720    32.3979    1441.28  0.000e+00
     38.949   71.21832 -164.24710    -1.0721    32.3979    1441.27  0.000e+00
     39.003   71.21832 -164.24710    -1.0718    32.3978    1441.28  0.000e+00
     39.003   71.21832 -164.24710    -1.0721    32.3984    1441.28  0.000e+00
     38.949   71.21832 -164.24710    -1.0720    32.3979    1441.27  0.000e+00
     38.996   71.21832 -164.24710    -1.0720    32.3976    1441.27  0.000e+00
     38.949   71.21832 -164.24710    -1.0721    32.3980    1441.27  0.000e+00
     39.003   71.21832 -164.24710    -1.0720    32.3978    1441.28  0.000e+00
     38.949   71.21832 -164.24710    -1.0720    32.3978    1441.27  0.000e+00
     38.996   71.21832 -164.24710    -1.0721    32.3983    1441.28  0.000e+00
     38.949   71.21832 -164.24710    -1.0720    32.3977    1441.27  0.000e+00
     38.949   71.21832 -164.24710    -1.0721    32.3984    1441.27  0.000e+00
     39.003   71.21832 -164.24710    -1.0721    32.3980    1441.28  0.000e+00
     38.941   71.21832 -164.24710    -1.0720    32.3979    1441.27  0.000e+00
     38.949   71.21832 -164.24710    -1.0721    32.3980    1441.27  0.000e+00
     38.949   71.21832 -164.24710    -1.0720    32.3982    1441.27  0.000e+00
     39.003   71.21832 -164.24710    -1.0720    32.3978    1441.28  0.000e+00
     38.941   71.21832 -164.24710    -1.0721    32.3980    1441.27  0.000e+00
     38.949   71.21832 -164.24710    -1.0718    32.3975    1441.27  0.000e+00
     39.003   71.21832 -164.24710    -1.0721    32.3978    1441.27  0.000e+00
     38.949   71.21832 -164.24710    -1.0721    32.3981    1441.27  0.000e+00
     38.941   71.21832 -164.24710    -1.0720    32.3979    1441.27  0.000e+00
     38.949   71.21832 -164.24710    -1.0720    32.3980    1441.27  0.000e+00
     38.949   71.21832 -164.24710    -1.0721    32.3979    1441.27  0.000e+00
     38.949   71.21832 -164.24710    -1.0721    32.3978    1441.27  0.000e+00
     38.941   71.21832 -164.24710    -1.0721    32.3979    1441.27  0.000e+00
     38.949   71.21832 -164.24710    -1.0720    32.3979    1441.27  0.000e+00
     38.949   71.21832 -164.24710    -1.0720    32.3977    1441.27  0.000e+00
     38.949   71.21832 -164.24710    -1.0721    32.3980    1441.27  0.000e+00
     38.949   71.21832 -164.24710    -1.0720    32.3980    1441.27  0.000e+00
     38.880   71.21832 -164.24710    -1.0721    32.3980    1441.27  0.000e+00
     38.949   71.21832 -164.24710    -1.0721    32.3979    1441.27  0.000e+00
     38.949   71.21832 -164.24710    -1.0720    32.3977    1441.27  0.000e+00
     38.949   71.21832 -164.24710    -1.0721    32.3978    1441.27  0.000e+00
