EcoFOCI/data/1_SampleCollection/2023_SikuliaqDBO_CruiseData/CTD_raw_BottleFile_SKQ23-12S/proc/skq202312s_002.cnv
* Sea-Bird SBE 9 Data File:
* FileName = D:\CTD\SKQ202312S\SKQ202312S_002.hex
* Software Version Seasave V 7.26.7.121
* Temperature SN = 6177
* Conductivity SN = 0369
* Number of Bytes Per Scan = 41
* Number of Voltage Words = 4
* Number of Scans Averaged by the Deck Unit = 1
* NMEA Latitude = 62 00.59 N
* NMEA Longitude = 175 03.64 W
* NMEA UTC (Time) = Sep 15 2023  05:21:43
* NMEA baud rate = 4800
** Ship: R/V Sikuliaq
** Station Number: 002
** Station Name: DBO1.1
** Bottom Depth: 78
** Operator: SD
# nquan = 24
# nvalues = 7179                                  
# units = specified
# name 0 = depSM: Depth [salt water, m]
# name 1 = latitude: Latitude [deg]
# name 2 = longitude: Longitude [deg]
# name 3 = prDM: Pressure, Digiquartz [db]
# name 4 = t090C: Temperature [ITS-90, deg C]
# name 5 = t190C: Temperature, 2 [ITS-90, deg C]
# name 6 = potemp090C: Potential Temperature [ITS-90, deg C]
# name 7 = sal00: Salinity, Practical [PSU]
# name 8 = sal11: Salinity, Practical, 2 [PSU]
# name 9 = density00: Density [density, kg/m^3]
# name 10 = sigma-é00: Density [sigma-theta, kg/m^3]
# name 11 = sbox0Mm/Kg: Oxygen, SBE 43 [umol/kg]
# name 12 = sbox1Mm/Kg: Oxygen, SBE 43, 2 [umol/kg]
# name 13 = oxsolMm/Kg: Oxygen Saturation, Garcia & Gordon [umol/kg]
# name 14 = sbeox0PS: Oxygen, SBE 43 [% saturation]
# name 15 = sbeox1PS: Oxygen, SBE 43, 2 [% saturation]
# name 16 = v0: Voltage 0
# name 17 = flECO-AFL: Fluorescence, WET Labs ECO-AFL/FL [mg/m^3]
# name 18 = v1: Voltage 1
# name 19 = CStarAt0: Beam Attenuation, WET Labs C-Star [1/m]
# name 20 = par: PAR/Irradiance, Biospherical/Licor
# name 21 = scan: Scan Count
# name 22 = timeM: Time, Elapsed [minutes]
# name 23 = flag:  0.000e+00
# span 0 =      1.934,     73.792                 
# span 1 =   62.00978,   62.00980                 
# span 2 = -175.06128, -175.06102                 
# span 3 =      1.952,     74.520                 
# span 4 =    -1.4431,     7.4774                 
# span 5 =    -1.4419,     7.4776                 
# span 6 =    -1.4440,     7.4772                 
# span 7 =    30.6601,    31.9548                 
# span 8 =    30.6754,    31.9646                 
# span 9 =  1023.9560,  1026.0363                 
# span 10 =    23.9463,    25.6780                
# span 11 =    249.460,    418.798                
# span 12 =    238.403,    402.059                
# span 13 =  299.64625,  370.98583                
# span 14 =     68.592,    113.447                
# span 15 =     65.562,    108.873                
# span 16 =     0.0427,     1.0147                
# span 17 =    -0.0916,     5.7399                
# span 18 =     3.3626,     4.2222                
# span 19 =     0.4393,     1.3502                
# span 20 = 1.0000e-12, 3.0131e+01                
# span 21 =          1,       7179                
# span 22 =     0.0000,     4.9847                
# span 23 = 0.0000e+00, 0.0000e+00                
# interval = seconds: 0.0416667
# start_time = Sep 15 2023 05:25:57 [NMEA time, first data scan]
# bad_flag = -9.990e-29
*END*
[from data line 7065]
     73.414   62.00980 -175.06124     74.138    -0.7704    -0.7712    -0.7722    31.9466    31.9582  1026.0282    25.6717    250.249    239.947  363.66029     68.814     65.986     0.0635     0.0330     3.5531     1.1297 1.0000e-12       7066     4.9063  0.000e+00
     73.391   62.00980 -175.06124     74.114    -0.7701    -0.7710    -0.7718    31.9467    31.9575  1026.0282    25.6718    250.249    239.923  363.65653     68.815     65.979     0.0635     0.0330     3.5531     1.1297 8.4714e-06       7067     4.9069  0.000e+00
     73.352   62.00980 -175.06124     74.075    -0.7702    -0.7705    -0.7720    31.9476    31.9569  1026.0287    25.6725    250.253    239.895  363.65580     68.816     65.972     0.0635     0.0330     3.5531     1.1297 1.0000e-12       7068     4.9076  0.000e+00
     73.391   62.00980 -175.06124     74.114    -0.7704    -0.7701    -0.7721    31.9480    31.9567  1026.0293    25.6729    250.263    239.868  363.65554     68.819     65.965     0.0635     0.0330     3.5531     1.1297 8.4714e-06       7069     4.9083  0.000e+00
     73.414   62.00980 -175.06124     74.138    -0.7702    -0.7698    -0.7720    31.9486    31.9568  1026.0298    25.6734    250.271    239.839  363.65278     68.821     65.958     0.0635     0.0330     3.5531     1.1297 1.0000e-12       7070     4.9090  0.000e+00
     73.391   62.00980 -175.06124     74.114    -0.7699    -0.7698    -0.7717    31.9486    31.9566  1026.0297    25.6734    250.230    239.842  363.64951     68.811     65.959     0.0647     0.0403     3.5531     1.1297 8.4714e-06       7071     4.9097  0.000e+00
     73.298   62.00980 -175.06124     74.021    -0.7695    -0.7697    -0.7713    31.9484    31.9566  1026.0291    25.6731    250.236    239.843  363.64634     68.813     65.959     0.0635     0.0330     3.5482     1.1352 1.0000e-12       7072     4.9104  0.000e+00
     73.452   62.00980 -175.06124     74.177    -0.7695    -0.7699    -0.7713    31.9487    31.9560  1026.0301    25.6734    250.255    239.629  363.64528     68.818     65.899     0.0635     0.0330     3.5433     1.1407 8.4714e-06       7073     4.9111  0.000e+00
     73.391   62.00980 -175.06124     74.114    -0.7692    -0.7703    -0.7709    31.9479    31.9567  1026.0291    25.6728    250.267    239.828  363.64434     68.822     65.954     0.0635     0.0330     3.5421     1.1421 1.0000e-12       7074     4.9118  0.000e+00
     73.352   62.00980 -175.06124     74.075    -0.7693    -0.7708    -0.7711    31.9482    31.9573  1026.0292    25.6730    250.285    239.803  363.64505     68.827     65.946     0.0647     0.0403     3.5421     1.1421 8.4714e-06       7075     4.9125  0.000e+00
     73.391   62.00980 -175.06124     74.114    -0.7692    -0.7708    -0.7709    31.9480    31.9572  1026.0292    25.6729    250.305    239.808  363.64398     68.832     65.948     0.0635     0.0330     3.5421     1.1421 8.4714e-06       7076     4.9132  0.000e+00
     73.414   62.00980 -175.06124     74.138    -0.7692    -0.7709    -0.7710    31.9480    31.9574  1026.0293    25.6729    250.328    239.781  363.64452     68.839     65.940     0.0647     0.0403     3.5433     1.1407 8.4714e-06       7077     4.9139  0.000e+00
     73.391   62.00980 -175.06124     74.114    -0.7693    -0.7713    -0.7711    31.9483    31.9577  1026.0294    25.6731    250.351    239.785  363.64488     68.845     65.941     0.0635     0.0330     3.5433     1.1407 8.4714e-06       7078     4.9146  0.000e+00
     73.352   62.00980 -175.06124     74.075    -0.7693    -0.7708    -0.7711    31.9480    31.9579  1026.0290    25.6728    250.376    239.782  363.64577     68.852     65.941     0.0635     0.0330     3.5421     1.1421 8.4714e-06       7079     4.9153  0.000e+00
     73.391   62.00980 -175.06124     74.114    -0.7693    -0.7701    -0.7711    31.9479    31.9577  1026.0291    25.6727    250.405    239.556  363.64608     68.860     65.880     0.0635     0.0330     3.5433     1.1407 8.4714e-06       7080     4.9160  0.000e+00
     73.414   62.00980 -175.06124     74.138    -0.7694    -0.7695    -0.7712    31.9478    31.9569  1026.0291    25.6727    250.437    239.752  363.64748     68.868     65.934     0.0635     0.0330     3.5433     1.1407 1.0000e-12       7081     4.9167  0.000e+00
     73.337   62.00980 -175.06124     74.060    -0.7701    -0.7696    -0.7719    31.9484    31.9574  1026.0293    25.6732    250.421    239.753  363.65237     68.863     65.935     0.0635     0.0330     3.5433     1.1407 1.0000e-12       7082     4.9174  0.000e+00
     73.414   62.00980 -175.06124     74.138    -0.7701    -0.7698    -0.7718    31.9479    31.9579  1026.0293    25.6728    250.455    239.760  363.65321     68.872     65.937     0.0659     0.0476     3.5433     1.1407 1.0000e-12       7083     4.9181  0.000e+00
     73.391   62.00980 -175.06124     74.114    -0.7707    -0.7695    -0.7725    31.9485    31.9582  1026.0297    25.6733    250.492    239.760  363.65796     68.881     65.937     0.0659     0.0476     3.5421     1.1421 8.4714e-06       7084     4.9188  0.000e+00
     73.414   62.00980 -175.06124     74.138    -0.7709    -0.7691    -0.7726    31.9487    31.9581  1026.0299    25.6734    250.480    239.763  363.65875     68.878     65.939     0.0672     0.0549     3.5433     1.1407 1.0000e-12       7085     4.9194  0.000e+00
     73.391   62.00980 -175.06124     74.114    -0.7711    -0.7686    -0.7729    31.9489    31.9578  1026.0300    25.6736    250.467    239.763  363.66085     68.874     65.939     0.0684     0.0623     3.5433     1.1407 8.4714e-06       7086     4.9201  0.000e+00
     73.414   62.00980 -175.06124     74.138    -0.7707    -0.7687    -0.7725    31.9485    31.9574  1026.0298    25.6733    250.452    239.736  363.65811     68.870     65.932     0.0672     0.0549     3.5433     1.1407 1.0000e-12       7087     4.9208  0.000e+00
     73.391   62.00980 -175.06124     74.114    -0.7705    -0.7695    -0.7723    31.9483    31.9573  1026.0295    25.6731    250.690    239.744  363.65644     68.936     65.932     0.0684     0.0623     3.5433     1.1407 8.4714e-06       7088     4.9215  0.000e+00
     73.352   62.00980 -175.06124     74.075    -0.7700    -0.7701    -0.7717    31.9477    31.9576  1026.0288    25.6726    250.209    239.750  363.65259     68.804     65.933     0.0672     0.0549     3.5433     1.1407 1.0000e-12       7089     4.9222  0.000e+00
     73.452   62.00980 -175.06124     74.177    -0.7701    -0.7705    -0.7719    31.9478    31.9574  1026.0293    25.6727    250.406    239.759  363.65413     68.858     65.935     0.0684     0.0623     3.5433     1.1407 1.0000e-12       7090     4.9229  0.000e+00
     73.414   62.00980 -175.06124     74.138    -0.7696    -0.7713    -0.7714    31.9473    31.9577  1026.0287    25.6723    250.388    239.765  363.65054     68.854     65.935     0.0672     0.0549     3.5421     1.1421 8.4714e-06       7091     4.9236  0.000e+00
     73.391   62.00980 -175.06124     74.114    -0.7698    -0.7719    -0.7716    31.9473    31.9581  1026.0286    25.6723    250.325    239.771  363.65224     68.836     65.936     0.0672     0.0549     3.5458     1.1380 1.0000e-12       7092     4.9243  0.000e+00
     73.352   62.00980 -175.06124     74.075    -0.7698    -0.7720    -0.7716    31.9478    31.9581  1026.0289    25.6727    250.307    239.773  363.65073     68.832     65.936     0.0672     0.0549     3.5495     1.1338 8.4714e-06       7093     4.9250  0.000e+00
     73.452   62.00980 -175.06124     74.177    -0.7698    -0.7718    -0.7716    31.9472    31.9578  1026.0289    25.6722    250.296    239.778  363.65246     68.828     65.938     0.0672     0.0549     3.5519     1.1311 8.4714e-06       7094     4.9257  0.000e+00
     73.352   62.00980 -175.06124     74.075    -0.7697    -0.7708    -0.7714    31.9473    31.9571  1026.0284    25.6722    250.529    239.771  363.65117     68.893     65.937     0.0672     0.0549     3.5507     1.1324 8.4714e-06       7095     4.9264  0.000e+00
     73.452   62.00980 -175.06124     74.177    -0.7698    -0.7701    -0.7716    31.9472    31.9566  1026.0289    25.6722    250.309    239.773  363.65234     68.832     65.939     0.0672     0.0549     3.5507     1.1324 1.0000e-12       7096     4.9271  0.000e+00
     73.414   62.00980 -175.06124     74.138    -0.7698    -0.7696    -0.7716    31.9473    31.9554  1026.0288    25.6723    250.340    239.772  363.65203     68.840     65.939     0.0672     0.0549     3.5507     1.1324 8.4714e-06       7097     4.9278  0.000e+00
     73.391   62.00980 -175.06124     74.114    -0.7698    -0.7691    -0.7716    31.9475    31.9549  1026.0288    25.6724    250.372    239.546  363.65163     68.849     65.877     0.0672     0.0549     3.5507     1.1324 1.0000e-12       7098     4.9285  0.000e+00
     73.414   62.00980 -175.06124     74.138    -0.7698    -0.7690    -0.7716    31.9475    31.9549  1026.0289    25.6725    250.359    239.519  363.65155     68.846     65.870     0.0672     0.0549     3.5507     1.1324 1.0000e-12       7099     4.9292  0.000e+00
     73.391   62.00980 -175.06124     74.114    -0.7696    -0.7689    -0.7714    31.9475    31.9551  1026.0288    25.6725    250.343    239.492  363.64978     68.842     65.863     0.0672     0.0549     3.5507     1.1324 8.4714e-06       7100     4.9299  0.000e+00
     73.414   62.00980 -175.06124     74.138    -0.7698    -0.7693    -0.7716    31.9479    31.9560  1026.0293    25.6728    250.380    239.695  363.65035     68.852     65.919     0.0672     0.0549     3.5519     1.1311 1.0000e-12       7101     4.9306  0.000e+00
     73.452   62.00980 -175.06124     74.177    -0.7695    -0.7695    -0.7713    31.9475    31.9566  1026.0291    25.6725    250.368    239.703  363.64876     68.849     65.921     0.0672     0.0549     3.5507     1.1324 8.4714e-06       7102     4.9313  0.000e+00
     73.414   62.00980 -175.06124     74.138    -0.7709    -0.7701    -0.7726    31.9485    31.9570  1026.0298    25.6733    250.364    239.712  363.65923     68.846     65.922     0.0684     0.0623     3.5507     1.1324 1.0000e-12       7103     4.9319  0.000e+00
     73.452   62.00980 -175.06124     74.177    -0.7718    -0.7706    -0.7736    31.9494    31.9578  1026.0307    25.6740    250.359    239.722  363.66610     68.843     65.925     0.0672     0.0549     3.5507     1.1324 8.4714e-06       7104     4.9326  0.000e+00
     73.414   62.00980 -175.06124     74.138    -0.7721    -0.7708    -0.7738    31.9493    31.9579  1026.0305    25.6740    250.348    239.503  363.66839     68.840     65.864     0.0684     0.0623     3.5507     1.1324 8.4714e-06       7105     4.9333  0.000e+00
     73.452   62.00980 -175.06124     74.177    -0.7718    -0.7703    -0.7736    31.9491    31.9577  1026.0305    25.6738    250.385    239.703  363.66694     68.850     65.920     0.0672     0.0549     3.5507     1.1324 1.0000e-12       7106     4.9340  0.000e+00
     73.414   62.00980 -175.06124     74.138    -0.7717    -0.7704    -0.7734    31.9487    31.9578  1026.0300    25.6735    250.373    239.710  363.66634     68.847     65.922     0.0684     0.0623     3.5507     1.1324 1.0000e-12       7107     4.9347  0.000e+00
     73.452   62.00980 -175.06124     74.177    -0.7714    -0.7704    -0.7732    31.9483    31.9577  1026.0298    25.6731    250.159    239.494  363.66537     68.788     65.862     0.0672     0.0549     3.5507     1.1324 1.0000e-12       7108     4.9354  0.000e+00
     73.468   62.00980 -175.06124     74.192    -0.7709    -0.7701    -0.7726    31.9473    31.9569  1026.0290    25.6723    250.358    239.697  363.66269     68.843     65.918     0.0684     0.0623     3.5507     1.1324 8.4714e-06       7109     4.9361  0.000e+00
     73.452   62.00980 -175.06124     74.177    -0.7710    -0.7704    -0.7728    31.9475    31.9573  1026.0292    25.6725    250.352    239.707  363.66306     68.842     65.921     0.0672     0.0549     3.5507     1.1324 8.4714e-06       7110     4.9368  0.000e+00
     73.468   62.00980 -175.06124     74.192    -0.7709    -0.7704    -0.7726    31.9475    31.9575  1026.0292    25.6725    250.346    239.716  363.66209     68.840     65.923     0.0684     0.0623     3.5507     1.1324 8.4714e-06       7111     4.9375  0.000e+00
     73.452   62.00980 -175.06124     74.177    -0.7709    -0.7706    -0.7726    31.9474    31.9571  1026.0291    25.6724    250.339    239.727  363.66230     68.838     65.926     0.0672     0.0549     3.5507     1.1324 1.0000e-12       7112     4.9382  0.000e+00
     73.468   62.00980 -175.06124     74.192    -0.7713    -0.7706    -0.7731    31.9477    31.9572  1026.0294    25.6727    250.436    239.736  363.66584     68.864     65.928     0.0672     0.0549     3.5531     1.1297 1.0000e-12       7113     4.9389  0.000e+00
     73.452   62.00980 -175.06124     74.177    -0.7712    -0.7713    -0.7730    31.9476    31.9577  1026.0292    25.6725    250.482    239.749  363.66518     68.877     65.931     0.0672     0.0549     3.5531     1.1297 8.4714e-06       7114     4.9396  0.000e+00
     73.452   62.00980 -175.06124     74.177    -0.7710    -0.7713    -0.7728    31.9475    31.9584  1026.0292    25.6725    250.481    239.982  363.66306     68.877     65.995     0.0684     0.0623     3.5531     1.1297 1.0000e-12       7115     4.9403  0.000e+00
     73.530   62.00980 -175.06124     74.255    -0.7706    -0.7713    -0.7724    31.9475    31.9583  1026.0295    25.6725    250.480    239.797  363.65934     68.878     65.944     0.0672     0.0549     3.5531     1.1297 1.0000e-12       7116     4.9410  0.000e+00
     73.452   62.00980 -175.06124     74.177    -0.7702    -0.7710    -0.7720    31.9472    31.9584  1026.0289    25.6722    250.476    239.800  363.65693     68.877     65.946     0.0672     0.0549     3.5531     1.1297 1.0000e-12       7117     4.9417  0.000e+00
     73.530   62.00980 -175.06124     74.255    -0.7706    -0.7704    -0.7724    31.9477    31.9573  1026.0296    25.6726    250.480    239.808  363.65886     68.878     65.948     0.0672     0.0549     3.5531     1.1297 1.0000e-12       7118     4.9424  0.000e+00
     73.506   62.00980 -175.06124     74.231    -0.7706    -0.7702    -0.7724    31.9473    31.9570  1026.0292    25.6723    250.480    239.814  363.65990     68.877     65.950     0.0684     0.0623     3.5531     1.1297 8.4714e-06       7119     4.9431  0.000e+00
     73.468   62.00980 -175.06124     74.192    -0.7702    -0.7704    -0.7720    31.9474    31.9572  1026.0291    25.6724    250.476    239.821  363.65636     68.877     65.952     0.0684     0.0623     3.5531     1.1297 1.0000e-12       7120     4.9437  0.000e+00
     73.506   62.00980 -175.06124     74.231    -0.7702    -0.7704    -0.7720    31.9474    31.9576  1026.0293    25.6724    250.477    239.830  363.65618     68.877     65.955     0.0672     0.0549     3.5531     1.1297 8.4714e-06       7121     4.9444  0.000e+00
     73.530   62.00980 -175.06124     74.255    -0.7704    -0.7708    -0.7721    31.9470    31.9581  1026.0291    25.6721    250.479    239.808  363.65842     68.878     65.948     0.0684     0.0623     3.5531     1.1297 8.4714e-06       7122     4.9451  0.000e+00
     73.506   62.00980 -175.06124     74.231    -0.7702    -0.7705    -0.7720    31.9470    31.9581  1026.0290    25.6721    250.478    239.812  363.65738     68.877     65.950     0.0672     0.0549     3.5531     1.1297 1.0000e-12       7123     4.9458  0.000e+00
     73.530   62.00980 -175.06124     74.255    -0.7710    -0.7701    -0.7728    31.9480    31.9579  1026.0300    25.6729    250.483    240.042  363.66213     68.878     66.013     0.0684     0.0623     3.5519     1.1311 8.4714e-06       7124     4.9465  0.000e+00
