EcoFOCI/data/1_SampleCollection/2023_SikuliaqDBO_CruiseData/CTD_raw_BottleFile_SKQ23-12S/proc/skq202312s_084svp.cnv
* Sea-Bird SBE 9 Data File:
* FileName = D:\CTD\SKQ202312S\SKQ202312S_084.hex
* Software Version Seasave V 7.26.7.121
* Temperature SN = 6177
* Conductivity SN = 0369
* Number of Bytes Per Scan = 41
* Number of Voltage Words = 4
* Number of Scans Averaged by the Deck Unit = 1
* NMEA Latitude = 65 37.11 N
* NMEA Longitude = 168 09.13 W
* NMEA UTC (Time) = Oct 03 2023  11:55:16
* NMEA baud rate = 4800
** Ship: R/V Sikuliaq
** Station Number: 084
** Station Name: BS1
** Bottom Depth: 28
** Operator: SD
# nquan = 7
# nvalues = 5332                                  
# units = specified
# name 0 = depSM: Depth [salt water, m]
# name 1 = latitude: Latitude [deg]
# name 2 = longitude: Longitude [deg]
# name 3 = t090C: Temperature [ITS-90, deg C]
# name 4 = sal00: Salinity, Practical [PSU]
# name 5 = svCM: Sound Velocity [Chen-Millero, m/s]
# name 6 = flag:  0.000e+00
# span 0 =      1.898,     23.896                 
# span 1 =   65.61820,   65.61824                 
# span 2 = -168.15362, -168.15330                 
# span 3 =     3.5396,     6.5815                 
# span 4 =    28.4930,    32.4703                 
# span 5 =    1461.81,    1472.13                 
# span 6 = 0.0000e+00, 0.0000e+00                 
# interval = seconds: 0.0416667
# start_time = Oct 03 2023 11:58:52 [NMEA time, first data scan]
# bad_flag = -9.990e-29
*END*
[from data line 3693]
     22.022   65.61820 -168.15348     3.6273    32.4338    1462.11  0.000e+00
     22.231   65.61820 -168.15348     3.6271    32.4340    1462.12  0.000e+00
     22.061   65.61820 -168.15348     3.6271    32.4343    1462.11  0.000e+00
     22.138   65.61820 -168.15348     3.6263    32.4347    1462.11  0.000e+00
     22.115   65.61820 -168.15348     3.6266    32.4341    1462.11  0.000e+00
     22.177   65.61820 -168.15348     3.6263    32.4344    1462.11  0.000e+00
     22.084   65.61820 -168.15348     3.6261    32.4350    1462.11  0.000e+00
     22.177   65.61820 -168.15348     3.6260    32.4347    1462.11  0.000e+00
     22.138   65.61820 -168.15348     3.6257    32.4352    1462.11  0.000e+00
     22.177   65.61820 -168.15348     3.6260    32.4344    1462.11  0.000e+00
     22.115   65.61820 -168.15348     3.6260    32.4348    1462.11  0.000e+00
     22.138   65.61820 -168.15348     3.6257    32.4352    1462.11  0.000e+00
     22.177   65.61820 -168.15348     3.6258    32.4351    1462.11  0.000e+00
     22.231   65.61820 -168.15348     3.6255    32.4355    1462.11  0.000e+00
     22.200   65.61820 -168.15348     3.6257    32.4356    1462.11  0.000e+00
     22.115   65.61820 -168.15348     3.6258    32.4356    1462.11  0.000e+00
     22.231   65.61820 -168.15348     3.6262    32.4354    1462.11  0.000e+00
     22.200   65.61820 -168.15348     3.6263    32.4356    1462.11  0.000e+00
     22.231   65.61820 -168.15348     3.6265    32.4357    1462.12  0.000e+00
     22.177   65.61820 -168.15348     3.6269    32.4354    1462.12  0.000e+00
     22.254   65.61820 -168.15348     3.6271    32.4351    1462.12  0.000e+00
     22.231   65.61820 -168.15348     3.6274    32.4353    1462.12  0.000e+00
     22.254   65.61820 -168.15348     3.6276    32.4355    1462.12  0.000e+00
     22.231   65.61820 -168.15348     3.6276    32.4351    1462.12  0.000e+00
     22.231   65.61820 -168.15348     3.6280    32.4345    1462.12  0.000e+00
     22.254   65.61820 -168.15348     3.6281    32.4349    1462.12  0.000e+00
     22.292   65.61820 -168.15348     3.6280    32.4348    1462.12  0.000e+00
     22.292   65.61820 -168.15348     3.6283    32.4348    1462.12  0.000e+00
     22.254   65.61820 -168.15348     3.6284    32.4343    1462.12  0.000e+00
     22.346   65.61820 -168.15348     3.6281    32.4348    1462.12  0.000e+00
     22.292   65.61820 -168.15348     3.6280    32.4348    1462.12  0.000e+00
     22.369   65.61820 -168.15348     3.6283    32.4347    1462.12  0.000e+00
     22.292   65.61820 -168.15348     3.6284    32.4345    1462.12  0.000e+00
     22.315   65.61820 -168.15348     3.6284    32.4340    1462.12  0.000e+00
     22.346   65.61820 -168.15348     3.6283    32.4342    1462.12  0.000e+00
     22.408   65.61820 -168.15348     3.6282    32.4336    1462.12  0.000e+00
     22.369   65.61820 -168.15348     3.6281    32.4340    1462.12  0.000e+00
     22.346   65.61820 -168.15348     3.6280    32.4344    1462.12  0.000e+00
     22.346   65.61820 -168.15348     3.6281    32.4337    1462.12  0.000e+00
     22.423   65.61820 -168.15348     3.6276    32.4340    1462.12  0.000e+00
     22.408   65.61820 -168.15348     3.6278    32.4336    1462.12  0.000e+00
     22.408   65.61820 -168.15348     3.6274    32.4337    1462.12  0.000e+00
     22.369   65.61820 -168.15348     3.6272    32.4333    1462.12  0.000e+00
     22.462   65.61820 -168.15348     3.6270    32.4339    1462.12  0.000e+00
     22.423   65.61820 -168.15348     3.6266    32.4337    1462.12  0.000e+00
     22.408   65.61820 -168.15348     3.6259    32.4340    1462.11  0.000e+00
     22.462   65.61820 -168.15348     3.6255    32.4341    1462.11  0.000e+00
     22.485   65.61820 -168.15348     3.6251    32.4347    1462.11  0.000e+00
     22.462   65.61820 -168.15348     3.6245    32.4349    1462.11  0.000e+00
     22.462   65.61820 -168.15348     3.6242    32.4351    1462.11  0.000e+00
     22.485   65.61820 -168.15348     3.6241    32.4354    1462.11  0.000e+00
     22.516   65.61820 -168.15348     3.6238    32.4355    1462.11  0.000e+00
     22.516   65.61820 -168.15348     3.6240    32.4352    1462.11  0.000e+00
     22.485   65.61820 -168.15348     3.6240    32.4357    1462.11  0.000e+00
     22.578   65.61820 -168.15348     3.6239    32.4355    1462.11  0.000e+00
     22.485   65.61820 -168.15348     3.6238    32.4355    1462.11  0.000e+00
     22.578   65.61820 -168.15348     3.6237    32.4353    1462.11  0.000e+00
     22.516   65.61820 -168.15348     3.6236    32.4347    1462.11  0.000e+00
     22.539   65.61820 -168.15348     3.6234    32.4349    1462.11  0.000e+00
     22.632   65.61820 -168.15348     3.6228    32.4355    1462.11  0.000e+00
     22.578   65.61820 -168.15348     3.6228    32.4355    1462.11  0.000e+00
     22.601   65.61820 -168.15348     3.6226    32.4358    1462.10  0.000e+00
     22.578   65.61820 -168.15348     3.6222    32.4359    1462.10  0.000e+00
     22.601   65.61820 -168.15348     3.6219    32.4359    1462.10  0.000e+00
     22.632   65.61820 -168.15348     3.6217    32.4360    1462.10  0.000e+00
     22.632   65.61820 -168.15348     3.6215    32.4361    1462.10  0.000e+00
     22.655   65.61820 -168.15348     3.6211    32.4361    1462.10  0.000e+00
     22.632   65.61820 -168.15348     3.6208    32.4366    1462.10  0.000e+00
     22.632   65.61820 -168.15348     3.6204    32.4366    1462.10  0.000e+00
     22.655   65.61820 -168.15348     3.6201    32.4367    1462.10  0.000e+00
     22.693   65.61820 -168.15348     3.6195    32.4370    1462.09  0.000e+00
     22.578   65.61820 -168.15348     3.6189    32.4375    1462.09  0.000e+00
     22.771   65.61820 -168.15348     3.6185    32.4377    1462.09  0.000e+00
     22.693   65.61820 -168.15348     3.6181    32.4378    1462.09  0.000e+00
     22.709   65.61820 -168.15348     3.6178    32.4384    1462.09  0.000e+00
     22.693   65.61820 -168.15348     3.6174    32.4385    1462.09  0.000e+00
     22.747   65.61820 -168.15348     3.6173    32.4388    1462.09  0.000e+00
     22.709   65.61820 -168.15348     3.6168    32.4393    1462.09  0.000e+00
     22.747   65.61820 -168.15348     3.6165    32.4393    1462.09  0.000e+00
     22.747   65.61820 -168.15348     3.6165    32.4396    1462.09  0.000e+00
     22.771   65.61820 -168.15348     3.6166    32.4390    1462.09  0.000e+00
     22.747   65.61820 -168.15348     3.6160    32.4396    1462.08  0.000e+00
     22.771   65.61820 -168.15348     3.6162    32.4393    1462.09  0.000e+00
     22.809   65.61820 -168.15348     3.6159    32.4395    1462.08  0.000e+00
     22.747   65.61820 -168.15348     3.6159    32.4391    1462.08  0.000e+00
     22.771   65.61820 -168.15348     3.6154    32.4396    1462.08  0.000e+00
     22.863   65.61820 -168.15348     3.6151    32.4397    1462.08  0.000e+00
     22.809   65.61820 -168.15348     3.6149    32.4397    1462.08  0.000e+00
     22.825   65.61820 -168.15348     3.6146    32.4396    1462.08  0.000e+00
     22.809   65.61820 -168.15348     3.6143    32.4397    1462.08  0.000e+00
     22.886   65.61820 -168.15348     3.6140    32.4394    1462.08  0.000e+00
     22.863   65.61820 -168.15348     3.6135    32.4401    1462.08  0.000e+00
     22.863   65.61820 -168.15348     3.6130    32.4401    1462.07  0.000e+00
     22.825   65.61820 -168.15348     3.6127    32.4403    1462.07  0.000e+00
     22.917   65.61820 -168.15348     3.6125    32.4407    1462.07  0.000e+00
     22.863   65.61820 -168.15348     3.6121    32.4406    1462.07  0.000e+00
     22.940   65.61820 -168.15348     3.6119    32.4409    1462.07  0.000e+00
     22.979   65.61820 -168.15348     3.6115    32.4413    1462.07  0.000e+00
     22.940   65.61820 -168.15348     3.6113    32.4414    1462.07  0.000e+00
     22.979   65.61820 -168.15348     3.6111    32.4416    1462.07  0.000e+00
     22.979   65.61820 -168.15348     3.6108    32.4416    1462.07  0.000e+00
     22.940   65.61820 -168.15348     3.6107    32.4415    1462.07  0.000e+00
     22.917   65.61820 -168.15348     3.6105    32.4417    1462.07  0.000e+00
     22.917   65.61820 -168.15348     3.6102    32.4422    1462.07  0.000e+00
     22.825   65.61820 -168.15348     3.6102    32.4421    1462.06  0.000e+00
     22.863   65.61820 -168.15348     3.6100    32.4413    1462.06  0.000e+00
     22.886   65.61820 -168.15348     3.6102    32.4415    1462.06  0.000e+00
     22.863   65.61820 -168.15348     3.6099    32.4423    1462.06  0.000e+00
     22.863   65.61820 -168.15348     3.6099    32.4421    1462.06  0.000e+00
     22.940   65.61820 -168.15348     3.6097    32.4428    1462.07  0.000e+00
     22.863   65.61820 -168.15348     3.6099    32.4423    1462.06  0.000e+00
     22.979   65.61820 -168.15348     3.6097    32.4424    1462.07  0.000e+00
     22.940   65.61820 -168.15348     3.6097    32.4425    1462.06  0.000e+00
     22.979   65.61820 -168.15348     3.6094    32.4423    1462.06  0.000e+00
     22.940   65.61820 -168.15348     3.6095    32.4425    1462.06  0.000e+00
     22.979   65.61820 -168.15348     3.6095    32.4424    1462.06  0.000e+00
     22.979   65.61820 -168.15348     3.6094    32.4425    1462.06  0.000e+00
     22.940   65.61820 -168.15348     3.6092    32.4433    1462.06  0.000e+00
     22.917   65.61820 -168.15348     3.6094    32.4429    1462.06  0.000e+00
     22.979   65.61820 -168.15348     3.6097    32.4428    1462.07  0.000e+00
     22.886   65.61820 -168.15348     3.6097    32.4428    1462.06  0.000e+00
     22.917   65.61820 -168.15348     3.6102    32.4425    1462.07  0.000e+00
     22.940   65.61820 -168.15348     3.6103    32.4421    1462.07  0.000e+00
     22.917   65.61820 -168.15348     3.6103    32.4417    1462.07  0.000e+00
     22.979   65.61820 -168.15348     3.6099    32.4415    1462.06  0.000e+00
     22.886   65.61820 -168.15348     3.6095    32.4420    1462.06  0.000e+00
     22.979   65.61820 -168.15348     3.6092    32.4423    1462.06  0.000e+00
     23.033   65.61820 -168.15348     3.6092    32.4425    1462.06  0.000e+00
     22.940   65.61820 -168.15348     3.6092    32.4424    1462.06  0.000e+00
     22.979   65.61820 -168.15348     3.6091    32.4418    1462.06  0.000e+00
     23.002   65.61820 -168.15348     3.6089    32.4411    1462.06  0.000e+00
     22.917   65.61820 -168.15350     3.6087    32.4414    1462.06  0.000e+00
     23.033   65.61820 -168.15350     3.6083    32.4418    1462.06  0.000e+00
     22.940   65.61820 -168.15350     3.6075    32.4420    1462.05  0.000e+00
     22.979   65.61820 -168.15350     3.6067    32.4421    1462.05  0.000e+00
     22.886   65.61820 -168.15350     3.6057    32.4430    1462.05  0.000e+00
     22.979   65.61820 -168.15350     3.6056    32.4444    1462.05  0.000e+00
     22.917   65.61820 -168.15350     3.6053    32.4452    1462.05  0.000e+00
     23.002   65.61820 -168.15350     3.6059    32.4445    1462.05  0.000e+00
     22.917   65.61820 -168.15350     3.6058    32.4442    1462.05  0.000e+00
     22.979   65.61820 -168.15350     3.6059    32.4431    1462.05  0.000e+00
     22.940   65.61820 -168.15350     3.6056    32.4429    1462.05  0.000e+00
     23.033   65.61820 -168.15350     3.6050    32.4434    1462.05  0.000e+00
     22.940   65.61820 -168.15350     3.6045    32.4437    1462.04  0.000e+00
     22.979   65.61820 -168.15350     3.6043    32.4444    1462.05  0.000e+00
     22.979   65.61820 -168.15350     3.6044    32.4454    1462.05  0.000e+00
     22.940   65.61820 -168.15350     3.6050    32.4458    1462.05  0.000e+00
     22.979   65.61820 -168.15350     3.6056    32.4449    1462.05  0.000e+00
     22.979   65.61820 -168.15350     3.6062    32.4448    1462.05  0.000e+00
     22.940   65.61820 -168.15350     3.6067    32.4446    1462.05  0.000e+00
     22.917   65.61820 -168.15350     3.6074    32.4441    1462.06  0.000e+00
     22.940   65.61820 -168.15350     3.6076    32.4442    1462.06  0.000e+00
     22.979   65.61820 -168.15350     3.6083    32.4435    1462.06  0.000e+00
     22.917   65.61820 -168.15350     3.6086    32.4428    1462.06  0.000e+00
     22.940   65.61820 -168.15350     3.6086    32.4429    1462.06  0.000e+00
     22.917   65.61820 -168.15350     3.6087    32.4426    1462.06  0.000e+00
     22.979   65.61820 -168.15350     3.6089    32.4426    1462.06  0.000e+00
     22.940   65.61820 -168.15350     3.6089    32.4422    1462.06  0.000e+00
     22.917   65.61820 -168.15350     3.6086    32.4424    1462.06  0.000e+00
     22.940   65.61820 -168.15350     3.6081    32.4425    1462.06  0.000e+00
     22.917   65.61820 -168.15350     3.6075    32.4418    1462.05  0.000e+00
     22.917   65.61820 -168.15350     3.6067    32.4427    1462.05  0.000e+00
     22.940   65.61820 -168.15350     3.6067    32.4437    1462.05  0.000e+00
     22.917   65.61820 -168.15350     3.6077    32.4436    1462.06  0.000e+00
     22.863   65.61820 -168.15350     3.6083    32.4431    1462.06  0.000e+00
     22.886   65.61820 -168.15350     3.6082    32.4420    1462.06  0.000e+00
     22.917   65.61820 -168.15350     3.6075    32.4428    1462.06  0.000e+00
     22.886   65.61820 -168.15350     3.6068    32.4430    1462.05  0.000e+00
     22.863   65.61820 -168.15350     3.6064    32.4430    1462.05  0.000e+00
     22.917   65.61820 -168.15350     3.6060    32.4426    1462.05  0.000e+00
     22.886   65.61820 -168.15350     3.6058    32.4427    1462.05  0.000e+00
     22.863   65.61820 -168.15350     3.6060    32.4435    1462.05  0.000e+00
     22.917   65.61820 -168.15350     3.6060    32.4438    1462.05  0.000e+00
     22.886   65.61820 -168.15350     3.6061    32.4433    1462.05  0.000e+00
     22.863   65.61820 -168.15350     3.6057    32.4436    1462.05  0.000e+00
     22.886   65.61820 -168.15350     3.6059    32.4438    1462.05  0.000e+00
     22.863   65.61820 -168.15350     3.6060    32.4445    1462.05  0.000e+00
     22.809   65.61820 -168.15350     3.6068    32.4450    1462.05  0.000e+00
     22.825   65.61820 -168.15350     3.6075    32.4447    1462.06  0.000e+00
     22.863   65.61820 -168.15350     3.6087    32.4436    1462.06  0.000e+00
     22.863   65.61820 -168.15350     3.6095    32.4433    1462.06  0.000e+00
     22.771   65.61820 -168.15350     3.6105    32.4426    1462.07  0.000e+00
     22.863   65.61820 -168.15350     3.6110    32.4418    1462.07  0.000e+00
     22.825   65.61820 -168.15350     3.6115    32.4411    1462.07  0.000e+00
     22.809   65.61820 -168.15350     3.6111    32.4416    1462.07  0.000e+00
     22.809   65.61820 -168.15350     3.6116    32.4420    1462.07  0.000e+00
     22.825   65.61820 -168.15350     3.6124    32.4424    1462.07  0.000e+00
     22.809   65.61820 -168.15350     3.6135    32.4418    1462.08  0.000e+00
     22.809   65.61820 -168.15350     3.6144    32.4410    1462.08  0.000e+00
     22.825   65.61820 -168.15350     3.6149    32.4407    1462.08  0.000e+00
     22.809   65.61820 -168.15350     3.6157    32.4400    1462.08  0.000e+00
     22.771   65.61820 -168.15350     3.6163    32.4394    1462.09  0.000e+00
     22.809   65.61820 -168.15350     3.6166    32.4394    1462.09  0.000e+00
     22.747   65.61820 -168.15350     3.6171    32.4387    1462.09  0.000e+00
     22.771   65.61820 -168.15350     3.6174    32.4384    1462.09  0.000e+00
     22.809   65.61820 -168.15350     3.6172    32.4387    1462.09  0.000e+00
     22.747   65.61820 -168.15350     3.6176    32.4384    1462.09  0.000e+00
     22.771   65.61820 -168.15350     3.6178    32.4384    1462.09  0.000e+00
     22.809   65.61820 -168.15350     3.6177    32.4379    1462.09  0.000e+00
     22.771   65.61820 -168.15350     3.6174    32.4384    1462.09  0.000e+00
     22.747   65.61820 -168.15350     3.6175    32.4384    1462.09  0.000e+00
     22.809   65.61820 -168.15350     3.6174    32.4383    1462.09  0.000e+00
     22.771   65.61820 -168.15350     3.6174    32.4381    1462.09  0.000e+00
     22.747   65.61820 -168.15350     3.6170    32.4378    1462.09  0.000e+00
