EcoFOCI/data/1_SampleCollection/2023_SikuliaqDBO_CruiseData/CTD_raw_BottleFile_SKQ23-12S/proc/skq202312s_003svp.cnv
* Sea-Bird SBE 9 Data File:
* FileName = D:\CTD\SKQ202312S\SKQ202312S_003.hex
* Software Version Seasave V 7.26.7.121
* Temperature SN = 6177
* Conductivity SN = 0369
* Number of Bytes Per Scan = 41
* Number of Voltage Words = 4
* Number of Scans Averaged by the Deck Unit = 1
* NMEA Latitude = 62 03.01 N
* NMEA Longitude = 175 12.54 W
* NMEA UTC (Time) = Sep 15 2023  07:57:54
* NMEA baud rate = 4800
** Ship: R/V Sikuliaq
** Station Number: 003
** Station Name: DBO1.2
** Bottom Depth: 78
** Operator: SD
# nquan = 7
# nvalues = 8410                                  
# units = specified
# name 0 = depSM: Depth [salt water, m]
# name 1 = latitude: Latitude [deg]
# name 2 = longitude: Longitude [deg]
# name 3 = t090C: Temperature [ITS-90, deg C]
# name 4 = sal00: Salinity, Practical [PSU]
# name 5 = svCM: Sound Velocity [Chen-Millero, m/s]
# name 6 = flag:  0.000e+00
# span 0 =      0.962,     75.423                 
# span 1 =   62.05010,   62.05014                 
# span 2 = -175.20902, -175.20876                 
# span 3 =    -1.3780,     7.3462                 
# span 4 =    30.5121,    31.9177                 
# span 5 =    1438.44,    1474.67                 
# span 6 = 0.0000e+00, 0.0000e+00                 
# interval = seconds: 0.0416667
# start_time = Sep 15 2023 08:02:23 [NMEA time, first data scan]
# bad_flag = -9.990e-29
*END*
[from data line 6770]
     74.690   62.05012 -175.20882    -0.9868    31.9123    1441.61  0.000e+00
     74.706   62.05012 -175.20882    -0.9865    31.9125    1441.61  0.000e+00
     74.629   62.05012 -175.20882    -0.9864    31.9119    1441.61  0.000e+00
     74.706   62.05012 -175.20882    -0.9865    31.9119    1441.61  0.000e+00
     74.690   62.05012 -175.20882    -0.9861    31.9117    1441.61  0.000e+00
     74.706   62.05012 -175.20882    -0.9863    31.9125    1441.61  0.000e+00
     74.629   62.05012 -175.20882    -0.9861    31.9125    1441.61  0.000e+00
     74.706   62.05012 -175.20882    -0.9861    31.9123    1441.61  0.000e+00
     74.629   62.05012 -175.20882    -0.9858    31.9124    1441.61  0.000e+00
     74.706   62.05012 -175.20882    -0.9854    31.9121    1441.61  0.000e+00
     74.628   62.05012 -175.20882    -0.9858    31.9121    1441.61  0.000e+00
     74.652   62.05012 -175.20882    -0.9858    31.9120    1441.61  0.000e+00
     74.744   62.05012 -175.20882    -0.9856    31.9119    1441.61  0.000e+00
     74.590   62.05012 -175.20882    -0.9859    31.9121    1441.61  0.000e+00
     74.690   62.05012 -175.20882    -0.9861    31.9124    1441.61  0.000e+00
     74.706   62.05012 -175.20882    -0.9858    31.9123    1441.61  0.000e+00
     74.628   62.05012 -175.20882    -0.9858    31.9122    1441.61  0.000e+00
     74.652   62.05012 -175.20882    -0.9858    31.9119    1441.61  0.000e+00
     74.690   62.05012 -175.20882    -0.9858    31.9121    1441.61  0.000e+00
     74.706   62.05012 -175.20882    -0.9854    31.9119    1441.61  0.000e+00
     74.628   62.05012 -175.20882    -0.9854    31.9115    1441.61  0.000e+00
     74.706   62.05012 -175.20882    -0.9853    31.9118    1441.61  0.000e+00
     74.628   62.05012 -175.20882    -0.9853    31.9117    1441.61  0.000e+00
     74.706   62.05012 -175.20882    -0.9850    31.9118    1441.61  0.000e+00
     74.690   62.05012 -175.20882    -0.9849    31.9116    1441.61  0.000e+00
     74.706   62.05012 -175.20882    -0.9848    31.9115    1441.61  0.000e+00
     74.690   62.05012 -175.20882    -0.9847    31.9118    1441.61  0.000e+00
     74.652   62.05012 -175.20882    -0.9847    31.9115    1441.61  0.000e+00
     74.744   62.05012 -175.20882    -0.9850    31.9118    1441.61  0.000e+00
     74.706   62.05012 -175.20882    -0.9850    31.9118    1441.61  0.000e+00
     74.628   62.05012 -175.20882    -0.9850    31.9113    1441.61  0.000e+00
     74.760   62.05012 -175.20882    -0.9852    31.9104    1441.61  0.000e+00
     74.690   62.05012 -175.20882    -0.9862    31.9112    1441.61  0.000e+00
     74.706   62.05012 -175.20882    -0.9865    31.9115    1441.61  0.000e+00
     74.744   62.05012 -175.20882    -0.9862    31.9107    1441.61  0.000e+00
     74.706   62.05012 -175.20882    -0.9868    31.9115    1441.60  0.000e+00
     74.744   62.05012 -175.20882    -0.9864    31.9112    1441.61  0.000e+00
     74.760   62.05012 -175.20882    -0.9858    31.9109    1441.61  0.000e+00
     74.744   62.05012 -175.20882    -0.9859    31.9117    1441.61  0.000e+00
     74.706   62.05012 -175.20882    -0.9858    31.9121    1441.61  0.000e+00
     74.806   62.05012 -175.20882    -0.9857    31.9121    1441.61  0.000e+00
     74.760   62.05012 -175.20882    -0.9858    31.9128    1441.61  0.000e+00
     74.744   62.05012 -175.20882    -0.9854    31.9122    1441.61  0.000e+00
     74.760   62.05012 -175.20882    -0.9853    31.9116    1441.61  0.000e+00
     74.744   62.05012 -175.20882    -0.9856    31.9119    1441.61  0.000e+00
     74.806   62.05012 -175.20882    -0.9858    31.9117    1441.61  0.000e+00
     74.821   62.05012 -175.20882    -0.9859    31.9114    1441.61  0.000e+00
     74.744   62.05012 -175.20882    -0.9861    31.9107    1441.61  0.000e+00
     74.821   62.05012 -175.20882    -0.9870    31.9115    1441.61  0.000e+00
     74.806   62.05012 -175.20882    -0.9872    31.9111    1441.60  0.000e+00
     74.759   62.05012 -175.20882    -0.9870    31.9109    1441.60  0.000e+00
     74.806   62.05012 -175.20882    -0.9872    31.9112    1441.60  0.000e+00
     74.875   62.05012 -175.20882    -0.9867    31.9117    1441.61  0.000e+00
     74.806   62.05012 -175.20882    -0.9867    31.9119    1441.61  0.000e+00
     74.821   62.05012 -175.20882    -0.9870    31.9116    1441.61  0.000e+00
     74.860   62.05012 -175.20882    -0.9867    31.9112    1441.61  0.000e+00
     74.821   62.05012 -175.20882    -0.9868    31.9118    1441.61  0.000e+00
     74.860   62.05012 -175.20882    -0.9867    31.9120    1441.61  0.000e+00
     74.821   62.05012 -175.20882    -0.9861    31.9115    1441.61  0.000e+00
     74.860   62.05012 -175.20882    -0.9861    31.9119    1441.61  0.000e+00
     74.875   62.05012 -175.20882    -0.9861    31.9122    1441.61  0.000e+00
     74.860   62.05012 -175.20882    -0.9858    31.9122    1441.61  0.000e+00
     74.875   62.05012 -175.20882    -0.9856    31.9119    1441.61  0.000e+00
     74.914   62.05012 -175.20882    -0.9858    31.9120    1441.61  0.000e+00
     74.875   62.05012 -175.20882    -0.9858    31.9122    1441.61  0.000e+00
     74.860   62.05012 -175.20882    -0.9856    31.9125    1441.61  0.000e+00
     74.875   62.05012 -175.20882    -0.9853    31.9120    1441.62  0.000e+00
     74.914   62.05012 -175.20882    -0.9853    31.9122    1441.62  0.000e+00
     74.875   62.05012 -175.20882    -0.9853    31.9127    1441.62  0.000e+00
     74.914   62.05012 -175.20882    -0.9850    31.9126    1441.62  0.000e+00
     74.937   62.05012 -175.20882    -0.9850    31.9123    1441.62  0.000e+00
     74.914   62.05012 -175.20882    -0.9847    31.9122    1441.62  0.000e+00
     74.875   62.05012 -175.20882    -0.9849    31.9126    1441.62  0.000e+00
     74.914   62.05012 -175.20882    -0.9847    31.9125    1441.62  0.000e+00
     74.937   62.05012 -175.20882    -0.9848    31.9126    1441.62  0.000e+00
     74.914   62.05012 -175.20882    -0.9847    31.9123    1441.62  0.000e+00
     74.937   62.05012 -175.20882    -0.9845    31.9126    1441.62  0.000e+00
     74.914   62.05012 -175.20882    -0.9845    31.9129    1441.62  0.000e+00
     74.937   62.05012 -175.20882    -0.9847    31.9131    1441.62  0.000e+00
     74.976   62.05012 -175.20882    -0.9846    31.9125    1441.62  0.000e+00
     74.875   62.05012 -175.20882    -0.9845    31.9125    1441.62  0.000e+00
     74.976   62.05012 -175.20882    -0.9844    31.9125    1441.62  0.000e+00
     74.937   62.05012 -175.20882    -0.9845    31.9129    1441.62  0.000e+00
     74.976   62.05012 -175.20882    -0.9844    31.9127    1441.62  0.000e+00
     74.937   62.05012 -175.20882    -0.9841    31.9123    1441.62  0.000e+00
     74.914   62.05012 -175.20882    -0.9842    31.9124    1441.62  0.000e+00
     74.991   62.05012 -175.20882    -0.9844    31.9127    1441.62  0.000e+00
     74.914   62.05012 -175.20882    -0.9842    31.9125    1441.62  0.000e+00
     74.937   62.05012 -175.20882    -0.9842    31.9124    1441.62  0.000e+00
     74.975   62.05012 -175.20882    -0.9841    31.9128    1441.62  0.000e+00
     74.937   62.05012 -175.20882    -0.9841    31.9128    1441.62  0.000e+00
     74.914   62.05012 -175.20882    -0.9845    31.9127    1441.62  0.000e+00
     74.975   62.05012 -175.20882    -0.9842    31.9125    1441.62  0.000e+00
     74.937   62.05012 -175.20882    -0.9841    31.9122    1441.62  0.000e+00
     74.975   62.05012 -175.20882    -0.9843    31.9121    1441.62  0.000e+00
     74.937   62.05012 -175.20882    -0.9842    31.9122    1441.62  0.000e+00
     74.914   62.05012 -175.20882    -0.9844    31.9123    1441.62  0.000e+00
     74.937   62.05012 -175.20882    -0.9844    31.9124    1441.62  0.000e+00
     74.975   62.05012 -175.20882    -0.9844    31.9123    1441.62  0.000e+00
     74.937   62.05012 -175.20882    -0.9844    31.9124    1441.62  0.000e+00
     74.914   62.05012 -175.20882    -0.9842    31.9121    1441.62  0.000e+00
     74.937   62.05012 -175.20882    -0.9844    31.9127    1441.62  0.000e+00
     74.975   62.05012 -175.20882    -0.9847    31.9125    1441.62  0.000e+00
     74.937   62.05012 -175.20882    -0.9847    31.9126    1441.62  0.000e+00
     74.914   62.05012 -175.20882    -0.9850    31.9127    1441.62  0.000e+00
     74.937   62.05012 -175.20882    -0.9854    31.9132    1441.62  0.000e+00
     74.914   62.05012 -175.20882    -0.9853    31.9128    1441.62  0.000e+00
     74.937   62.05012 -175.20882    -0.9853    31.9130    1441.62  0.000e+00
     74.914   62.05012 -175.20882    -0.9853    31.9130    1441.62  0.000e+00
     74.937   62.05012 -175.20882    -0.9855    31.9129    1441.62  0.000e+00
     74.975   62.05012 -175.20882    -0.9856    31.9133    1441.62  0.000e+00
     74.875   62.05012 -175.20882    -0.9853    31.9134    1441.62  0.000e+00
     74.914   62.05012 -175.20882    -0.9849    31.9128    1441.62  0.000e+00
     74.937   62.05012 -175.20882    -0.9845    31.9124    1441.62  0.000e+00
     74.914   62.05012 -175.20882    -0.9843    31.9119    1441.62  0.000e+00
     74.937   62.05012 -175.20882    -0.9844    31.9119    1441.62  0.000e+00
     74.914   62.05012 -175.20882    -0.9842    31.9119    1441.62  0.000e+00
     74.875   62.05012 -175.20882    -0.9845    31.9120    1441.62  0.000e+00
     74.914   62.05012 -175.20882    -0.9849    31.9122    1441.62  0.000e+00
     74.937   62.05012 -175.20882    -0.9849    31.9124    1441.62  0.000e+00
     74.914   62.05012 -175.20882    -0.9852    31.9125    1441.62  0.000e+00
     74.875   62.05012 -175.20882    -0.9850    31.9125    1441.62  0.000e+00
     74.914   62.05012 -175.20882    -0.9852    31.9127    1441.62  0.000e+00
     74.937   62.05012 -175.20882    -0.9850    31.9123    1441.62  0.000e+00
     74.914   62.05012 -175.20882    -0.9849    31.9120    1441.62  0.000e+00
     74.937   62.05012 -175.20882    -0.9844    31.9114    1441.62  0.000e+00
     74.859   62.05012 -175.20882    -0.9842    31.9118    1441.62  0.000e+00
     74.937   62.05012 -175.20882    -0.9842    31.9114    1441.62  0.000e+00
     74.914   62.05012 -175.20882    -0.9842    31.9116    1441.62  0.000e+00
     74.875   62.05012 -175.20882    -0.9843    31.9121    1441.62  0.000e+00
     74.913   62.05012 -175.20882    -0.9844    31.9121    1441.62  0.000e+00
     74.937   62.05012 -175.20882    -0.9844    31.9120    1441.62  0.000e+00
     74.913   62.05012 -175.20882    -0.9844    31.9124    1441.62  0.000e+00
     74.937   62.05012 -175.20882    -0.9842    31.9119    1441.62  0.000e+00
     74.859   62.05012 -175.20882    -0.9843    31.9124    1441.62  0.000e+00
     74.913   62.05012 -175.20882    -0.9844    31.9126    1441.62  0.000e+00
     74.937   62.05012 -175.20882    -0.9844    31.9127    1441.62  0.000e+00
     74.913   62.05012 -175.20882    -0.9842    31.9124    1441.62  0.000e+00
     74.937   62.05012 -175.20882    -0.9841    31.9120    1441.62  0.000e+00
     74.913   62.05012 -175.20882    -0.9838    31.9123    1441.62  0.000e+00
     74.937   62.05012 -175.20882    -0.9840    31.9126    1441.62  0.000e+00
     74.913   62.05012 -175.20882    -0.9840    31.9127    1441.62  0.000e+00
     74.937   62.05012 -175.20882    -0.9841    31.9126    1441.62  0.000e+00
     74.975   62.05012 -175.20882    -0.9838    31.9126    1441.62  0.000e+00
     74.937   62.05012 -175.20882    -0.9838    31.9123    1441.62  0.000e+00
     74.913   62.05012 -175.20882    -0.9838    31.9124    1441.62  0.000e+00
     74.991   62.05012 -175.20882    -0.9841    31.9130    1441.62  0.000e+00
     74.913   62.05012 -175.20882    -0.9838    31.9128    1441.62  0.000e+00
     74.937   62.05012 -175.20882    -0.9838    31.9125    1441.62  0.000e+00
     74.975   62.05012 -175.20882    -0.9838    31.9126    1441.62  0.000e+00
     74.937   62.05012 -175.20882    -0.9838    31.9129    1441.62  0.000e+00
     74.975   62.05012 -175.20882    -0.9836    31.9125    1441.63  0.000e+00
     74.937   62.05012 -175.20882    -0.9838    31.9127    1441.62  0.000e+00
     74.975   62.05012 -175.20882    -0.9838    31.9128    1441.63  0.000e+00
     74.991   62.05012 -175.20882    -0.9836    31.9127    1441.63  0.000e+00
     74.975   62.05012 -175.20882    -0.9840    31.9129    1441.62  0.000e+00
     74.937   62.05012 -175.20882    -0.9835    31.9126    1441.63  0.000e+00
     75.029   62.05012 -175.20882    -0.9840    31.9133    1441.63  0.000e+00
     74.937   62.05012 -175.20882    -0.9836    31.9129    1441.63  0.000e+00
     74.975   62.05012 -175.20882    -0.9835    31.9124    1441.63  0.000e+00
     74.991   62.05012 -175.20882    -0.9837    31.9128    1441.63  0.000e+00
     75.029   62.05012 -175.20882    -0.9838    31.9131    1441.63  0.000e+00
     74.991   62.05012 -175.20882    -0.9838    31.9130    1441.63  0.000e+00
     74.975   62.05012 -175.20882    -0.9835    31.9127    1441.63  0.000e+00
     75.052   62.05012 -175.20882    -0.9838    31.9127    1441.63  0.000e+00
     74.975   62.05012 -175.20882    -0.9837    31.9124    1441.63  0.000e+00
     74.991   62.05012 -175.20882    -0.9836    31.9122    1441.63  0.000e+00
     75.029   62.05012 -175.20882    -0.9838    31.9124    1441.63  0.000e+00
     74.990   62.05012 -175.20882    -0.9838    31.9124    1441.62  0.000e+00
     75.029   62.05012 -175.20882    -0.9838    31.9123    1441.63  0.000e+00
     75.052   62.05012 -175.20882    -0.9837    31.9122    1441.63  0.000e+00
     75.029   62.05012 -175.20882    -0.9840    31.9126    1441.62  0.000e+00
     75.052   62.05012 -175.20882    -0.9840    31.9121    1441.62  0.000e+00
     75.029   62.05012 -175.20882    -0.9841    31.9126    1441.62  0.000e+00
     74.990   62.05012 -175.20882    -0.9840    31.9124    1441.62  0.000e+00
     75.029   62.05012 -175.20882    -0.9837    31.9120    1441.63  0.000e+00
     75.091   62.05012 -175.20882    -0.9841    31.9121    1441.62  0.000e+00
     75.052   62.05012 -175.20882    -0.9841    31.9124    1441.62  0.000e+00
     75.029   62.05012 -175.20882    -0.9841    31.9124    1441.62  0.000e+00
     75.052   62.05012 -175.20882    -0.9840    31.9120    1441.62  0.000e+00
     75.091   62.05012 -175.20882    -0.9841    31.9124    1441.62  0.000e+00
     75.052   62.05012 -175.20882    -0.9841    31.9122    1441.62  0.000e+00
     75.029   62.05012 -175.20882    -0.9842    31.9127    1441.62  0.000e+00
     75.052   62.05012 -175.20882    -0.9841    31.9124    1441.62  0.000e+00
     75.029   62.05012 -175.20882    -0.9841    31.9123    1441.62  0.000e+00
     75.106   62.05012 -175.20882    -0.9841    31.9126    1441.63  0.000e+00
     75.091   62.05012 -175.20882    -0.9840    31.9125    1441.63  0.000e+00
     75.052   62.05012 -175.20882    -0.9840    31.9121    1441.62  0.000e+00
     75.029   62.05012 -175.20882    -0.9841    31.9124    1441.62  0.000e+00
     75.052   62.05012 -175.20882    -0.9840    31.9125    1441.63  0.000e+00
     75.091   62.05012 -175.20882    -0.9840    31.9125    1441.63  0.000e+00
     75.052   62.05012 -175.20882    -0.9841    31.9127    1441.62  0.000e+00
     75.091   62.05012 -175.20882    -0.9840    31.9126    1441.63  0.000e+00
     75.052   62.05012 -175.20882    -0.9840    31.9128    1441.63  0.000e+00
     75.091   62.05012 -175.20882    -0.9841    31.9129    1441.63  0.000e+00
     75.052   62.05012 -175.20882    -0.9840    31.9126    1441.63  0.000e+00
     75.091   62.05012 -175.20882    -0.9840    31.9126    1441.63  0.000e+00
     75.052   62.05012 -175.20882    -0.9841    31.9129    1441.63  0.000e+00
     75.029   62.05012 -175.20882    -0.9840    31.9126    1441.62  0.000e+00
     75.052   62.05012 -175.20882    -0.9841    31.9124    1441.62  0.000e+00
     75.091   62.05012 -175.20882    -0.9843    31.9127    1441.62  0.000e+00
     75.052   62.05012 -175.20882    -0.9838    31.9123    1441.63  0.000e+00
     75.091   62.05012 -175.20882    -0.9840    31.9125    1441.63  0.000e+00
     74.990   62.05012 -175.20882    -0.9840    31.9126    1441.62  0.000e+00
