EcoFOCI/data/1_SampleCollection/2023_SikuliaqDBO_CruiseData/CTD_raw_BottleFile_SKQ23-12S/proc/skq202312s_002svpavg.cnv
* Sea-Bird SBE 9 Data File:
* FileName = D:\CTD\SKQ202312S\SKQ202312S_002.hex
* Software Version Seasave V 7.26.7.121
* Temperature SN = 6177
* Conductivity SN = 0369
* Number of Bytes Per Scan = 41
* Number of Voltage Words = 4
* Number of Scans Averaged by the Deck Unit = 1
* NMEA Latitude = 62 00.59 N
* NMEA Longitude = 175 03.64 W
* NMEA UTC (Time) = Sep 15 2023  05:21:43
* NMEA baud rate = 4800
** Ship: R/V Sikuliaq
** Station Number: 002
** Station Name: DBO1.1
** Bottom Depth: 78
** Operator: SD
# nquan = 7
# nvalues = 73                          
# units = specified
# name 0 = depSM: Depth [salt water, m]
# name 1 = latitude: Latitude [deg]
# name 2 = longitude: Longitude [deg]
# name 3 = t090C: Temperature [ITS-90, deg C]
# name 4 = sal00: Salinity, Practical [PSU]
# name 5 = svCM: Sound Velocity [Chen-Millero, m/s]
# name 6 = flag: flag
# span 0 =      2.000,     74.000       
# span 1 =   62.00980,   62.00980       
# span 2 = -175.06128, -175.06102       
# span 3 =    -1.4355,     7.4750       
# span 4 =    30.6643,    31.9502       
# span 5 =    1438.78,    1475.14       
# span 6 = 0.0000e+00, 0.0000e+00       
# interval = meters: 1                  
# start_time = Sep 15 2023 05:25:57 [NMEA time, first data scan]
# bad_flag = -9.990e-29
*END*
      2.000   62.00980 -175.06104     7.4746    30.6701    1475.13 0.0000e+00
      3.000   62.00980 -175.06104     7.4750    30.6701    1475.14 0.0000e+00
      4.000   62.00980 -175.06104     7.4675    30.6701    1475.13 0.0000e+00
      5.000   62.00980 -175.06104     7.4660    30.6700    1475.14 0.0000e+00
      6.000   62.00980 -175.06102     7.4482    30.6703    1475.09 0.0000e+00
      7.000   62.00980 -175.06102     7.4441    30.6703    1475.09 0.0000e+00
      8.000   62.00980 -175.06102     7.4198    30.6700    1475.01 0.0000e+00
      9.000   62.00980 -175.06102     7.3910    30.6703    1474.92 0.0000e+00
     10.000   62.00980 -175.06102     7.3836    30.6700    1474.90 0.0000e+00
     11.000   62.00980 -175.06102     7.3704    30.6700    1474.87 0.0000e+00
     12.000   62.00980 -175.06102     7.3602    30.6699    1474.85 0.0000e+00
     13.000   62.00980 -175.06103     7.3462    30.6705    1474.81 0.0000e+00
     14.000   62.00980 -175.06104     7.3221    30.6702    1474.73 0.0000e+00
     15.000   62.00980 -175.06104     7.2969    30.6702    1474.65 0.0000e+00
     16.000   62.00980 -175.06104     7.2785    30.6692    1474.59 0.0000e+00
     17.000   62.00980 -175.06104     7.2333    30.6664    1474.43 0.0000e+00
     18.000   62.00980 -175.06104     7.0385    30.6643    1473.68 0.0000e+00
     19.000   62.00980 -175.06104     6.5378    30.6927    1471.76 0.0000e+00
     20.000   62.00980 -175.06104     5.5337    30.8049    1467.90 0.0000e+00
     21.000   62.00980 -175.06104     4.0535    30.9453    1461.97 0.0000e+00
     22.000   62.00980 -175.06104     2.4117    31.1254    1455.17 0.0000e+00
     23.000   62.00980 -175.06106     0.8610    31.2787    1448.49 0.0000e+00
     24.000   62.00980 -175.06106    -0.0450    31.3710    1444.47 0.0000e+00
     25.000   62.00980 -175.06106    -0.4530    31.3914    1442.61 0.0000e+00
     26.000   62.00980 -175.06106    -0.8691    31.4163    1440.70 0.0000e+00
     27.000   62.00980 -175.06106    -1.0975    31.4229    1439.64 0.0000e+00
     28.000   62.00980 -175.06106    -1.1705    31.4406    1439.33 0.0000e+00
     29.000   62.00980 -175.06108    -1.0647    31.4626    1439.88 0.0000e+00
     30.000   62.00980 -175.06108    -1.0684    31.4740    1439.90 0.0000e+00
     31.000   62.00980 -175.06108    -1.1066    31.5044    1439.77 0.0000e+00
     32.000   62.00980 -175.06108    -1.1329    31.5339    1439.70 0.0000e+00
     33.000   62.00980 -175.06109    -1.1365    31.5502    1439.72 0.0000e+00
     34.000   62.00980 -175.06110    -1.1340    31.5670    1439.78 0.0000e+00
     35.000   62.00980 -175.06110    -1.1811    31.5843    1439.59 0.0000e+00
     36.000   62.00980 -175.06110    -1.2187    31.6005    1439.45 0.0000e+00
     37.000   62.00980 -175.06110    -1.3048    31.6195    1439.08 0.0000e+00
     38.000   62.00980 -175.06110    -1.2839    31.6314    1439.21 0.0000e+00
     39.000   62.00980 -175.06112    -1.3135    31.6395    1439.10 0.0000e+00
     40.000   62.00980 -175.06112    -1.3456    31.6511    1438.98 0.0000e+00
     41.000   62.00980 -175.06112    -1.3615    31.6594    1438.93 0.0000e+00
     42.000   62.00980 -175.06112    -1.3667    31.6647    1438.93 0.0000e+00
     43.000   62.00980 -175.06113    -1.3685    31.6679    1438.94 0.0000e+00
     44.000   62.00980 -175.06114    -1.3746    31.6734    1438.94 0.0000e+00
     45.000   62.00980 -175.06114    -1.3728    31.6765    1438.96 0.0000e+00
     46.000   62.00980 -175.06114    -1.3770    31.6798    1438.96 0.0000e+00
     47.000   62.00980 -175.06114    -1.3780    31.6832    1438.98 0.0000e+00
     48.000   62.00980 -175.06115    -1.3844    31.6872    1438.97 0.0000e+00
     49.000   62.00980 -175.06116    -1.4067    31.6958    1438.89 0.0000e+00
     50.000   62.00980 -175.06116    -1.4355    31.7018    1438.78 0.0000e+00
     51.000   62.00980 -175.06116    -1.4295    31.7045    1438.83 0.0000e+00
     52.000   62.00980 -175.06116    -1.4091    31.7070    1438.94 0.0000e+00
     53.000   62.00980 -175.06118    -1.3856    31.7105    1439.08 0.0000e+00
     54.000   62.00980 -175.06118    -1.3757    31.7123    1439.14 0.0000e+00
     55.000   62.00980 -175.06118    -1.3487    31.7154    1439.29 0.0000e+00
     56.000   62.00980 -175.06118    -1.3171    31.7199    1439.47 0.0000e+00
     57.000   62.00980 -175.06119    -1.2878    31.7258    1439.63 0.0000e+00
     58.000   62.00980 -175.06120    -1.2509    31.7327    1439.83 0.0000e+00
     59.000   62.00980 -175.06120    -1.2126    31.7398    1440.04 0.0000e+00
     60.000   62.00980 -175.06120    -1.1950    31.7521    1440.16 0.0000e+00
     61.000   62.00980 -175.06120    -1.0957    31.7804    1440.69 0.0000e+00
     62.000   62.00980 -175.06121    -0.9470    31.8131    1441.45 0.0000e+00
     63.000   62.00980 -175.06122    -0.8691    31.8387    1441.87 0.0000e+00
     64.000   62.00980 -175.06122    -0.8771    31.8541    1441.87 0.0000e+00
     65.000   62.00980 -175.06122    -0.9003    31.8766    1441.81 0.0000e+00
     66.000   62.00980 -175.06122    -0.9002    31.8872    1441.84 0.0000e+00
     67.000   62.00980 -175.06123    -0.9076    31.8922    1441.83 0.0000e+00
     68.000   62.00980 -175.06124    -0.8849    31.9029    1441.97 0.0000e+00
     69.000   62.00980 -175.06126    -0.8643    31.9117    1442.09 0.0000e+00
     70.000   62.00980 -175.06128    -0.8326    31.9241    1442.27 0.0000e+00
     71.000   62.00980 -175.06128    -0.7988    31.9363    1442.47 0.0000e+00
     72.000   62.00980 -175.06128    -0.7844    31.9416    1442.56 0.0000e+00
     73.000   62.00980 -175.06127    -0.7717    31.9471    1442.64 0.0000e+00
     74.000   62.00980 -175.06124    -0.7624    31.9502    1442.71 0.0000e+00
