EcoFOCI/data/1_SampleCollection/2023_SikuliaqDBO_CruiseData/CTD_raw_BottleFile_SKQ23-12S/proc/skq202312s_067.cnv
* Sea-Bird SBE 9 Data File:
* FileName = D:\CTD\SKQ202312S\SKQ202312S_067.hex
* Software Version Seasave V 7.26.7.121
* Temperature SN = 6177
* Conductivity SN = 0369
* Number of Bytes Per Scan = 41
* Number of Voltage Words = 4
* Number of Scans Averaged by the Deck Unit = 1
* NMEA Latitude = 72 18.60 N
* NMEA Longitude = 167 16.17 W
* NMEA UTC (Time) = Sep 28 2023  14:28:44
* NMEA baud rate = 4800
** Ship: R/V Sikuliaq
** Station Number: 067
** Station Name: C15
** Bottom Depth: 49
** Operator: SD
# nquan = 24
# nvalues = 4750                                  
# units = specified
# name 0 = depSM: Depth [salt water, m]
# name 1 = latitude: Latitude [deg]
# name 2 = longitude: Longitude [deg]
# name 3 = prDM: Pressure, Digiquartz [db]
# name 4 = t090C: Temperature [ITS-90, deg C]
# name 5 = t190C: Temperature, 2 [ITS-90, deg C]
# name 6 = potemp090C: Potential Temperature [ITS-90, deg C]
# name 7 = sal00: Salinity, Practical [PSU]
# name 8 = sal11: Salinity, Practical, 2 [PSU]
# name 9 = density00: Density [density, kg/m^3]
# name 10 = sigma-é00: Density [sigma-theta, kg/m^3]
# name 11 = sbox0Mm/Kg: Oxygen, SBE 43 [umol/kg]
# name 12 = sbox1Mm/Kg: Oxygen, SBE 43, 2 [umol/kg]
# name 13 = oxsolMm/Kg: Oxygen Saturation, Garcia & Gordon [umol/kg]
# name 14 = sbeox0PS: Oxygen, SBE 43 [% saturation]
# name 15 = sbeox1PS: Oxygen, SBE 43, 2 [% saturation]
# name 16 = v0: Voltage 0
# name 17 = flECO-AFL: Fluorescence, WET Labs ECO-AFL/FL [mg/m^3]
# name 18 = v1: Voltage 1
# name 19 = CStarAt0: Beam Attenuation, WET Labs C-Star [1/m]
# name 20 = par: PAR/Irradiance, Biospherical/Licor
# name 21 = scan: Scan Count
# name 22 = timeM: Time, Elapsed [minutes]
# name 23 = flag:  0.000e+00
# span 0 =      2.138,     43.455                 
# span 1 =   72.30998,   72.31000                 
# span 2 = -167.26968, -167.26960                 
# span 3 =      2.160,     43.910                 
# span 4 =     0.6998,     4.8995                 
# span 5 =     0.6981,     4.9047                 
# span 6 =     0.6982,     4.8980                 
# span 7 =    30.7280,    32.5134                 
# span 8 =    30.7410,    32.5106                 
# span 9 =  1024.3957,  1026.1972                 
# span 10 =    24.3821,    26.0287                
# span 11 =    296.657,    317.723                
# span 12 =    279.902,    298.500                
# span 13 =  314.56922,  348.70026                
# span 14 =     85.150,     98.987                
# span 15 =     80.320,     93.064                
# span 16 =     0.0940,     0.1587                
# span 17 =     0.2161,     0.6044                
# span 18 =     2.6142,     4.1783                
# span 19 =     0.4812,     2.3577                
# span 20 = 1.0000e-12, 1.0911e+00                
# span 21 =          1,       4750                
# span 22 =     0.0000,     3.2979                
# span 23 = 0.0000e+00, 0.0000e+00                
# interval = seconds: 0.0416667
# start_time = Sep 28 2023 14:32:23 [NMEA time, first data scan]
# bad_flag = -9.990e-29
*END*
[from data line 1450]
     10.310   72.30998 -167.26962     10.417     4.1391     4.1374     4.1384    30.7528    30.7638  1024.4449    24.3961    308.709    291.789  323.93427     95.300     90.080     0.1368     0.4725     4.1209     0.5365 2.3659e-03       1451     1.0069  0.000e+00
     10.248   72.30998 -167.26962     10.355     4.1386     4.1376     4.1379    30.7526    30.7639  1024.4444    24.3960    308.727    291.819  323.93861     95.304     90.090     0.1380     0.4798     4.1197     0.5377 6.7730e-04       1452     1.0076  0.000e+00
     10.310   72.30998 -167.26962     10.417     4.1383     4.1375     4.1376    30.7526    30.7637  1024.4447    24.3960    308.747    291.857  323.94110     95.310     90.102     0.1368     0.4725     4.1209     0.5365 1.0000e-12       1453     1.0083  0.000e+00
     10.364   72.30998 -167.26962     10.471     4.1381     4.1374     4.1374    30.7536    30.7635  1024.4459    24.3969    308.762    292.084  323.93971     95.315     90.171     0.1380     0.4798     4.1209     0.5365 1.0000e-12       1454     1.0090  0.000e+00
     10.248   72.30998 -167.26962     10.355     4.1383     4.1371     4.1376    30.7545    30.7632  1024.4460    24.3975    308.766    292.135  323.93645     95.317     90.186     0.1368     0.4725     4.1209     0.5365 1.0000e-12       1455     1.0097  0.000e+00
     10.364   72.30998 -167.26962     10.471     4.1387     4.1371     4.1381    30.7560    30.7635  1024.4477    24.3987    308.774    292.189  323.92890     95.321     90.203     0.1380     0.4798     4.1209     0.5365 1.6876e-03       1456     1.0104  0.000e+00
     10.364   72.30998 -167.26962     10.471     4.1397     4.1373     4.1390    30.7566    30.7637  1024.4481    24.3991    308.774    292.236  323.92016     95.324     90.218     0.1392     0.4872     4.1209     0.5365 3.0480e-03       1457     1.0111  0.000e+00
     10.279   72.30998 -167.26962     10.386     4.1398     4.1384     4.1392    30.7571    30.7635  1024.4481    24.3995    308.742    292.250  323.91759     95.315     90.225     0.1368     0.4725     4.1209     0.5365 2.7065e-03       1458     1.0118  0.000e+00
     10.364   72.30998 -167.26962     10.471     4.1400     4.1393     4.1393    30.7574    30.7645  1024.4487    24.3997    308.538    292.267  323.91560     95.252     90.232     0.1380     0.4798     4.1221     0.5354 6.7730e-04       1459     1.0125  0.000e+00
     10.364   72.30998 -167.26962     10.471     4.1408     4.1402     4.1401    30.7563    30.7640  1024.4477    24.3987    308.718    292.280  323.91222     95.309     90.238     0.1380     0.4798     4.1221     0.5354 1.0000e-12       1460     1.0132  0.000e+00
     10.364   72.30998 -167.26962     10.471     4.1411     4.1399     4.1404    30.7558    30.7642  1024.4473    24.3983    308.720    292.300  323.91093     95.310     90.244     0.1380     0.4798     4.1209     0.5365 1.0000e-12       1461     1.0139  0.000e+00
     10.425   72.30998 -167.26962     10.534     4.1416     4.1403     4.1409    30.7538    30.7643  1024.4460    24.3967    308.726    292.504  323.91191     95.312     90.308     0.1368     0.4725     4.1209     0.5365 7.5765e-03       1462     1.0146  0.000e+00
     10.364   72.30998 -167.26962     10.471     4.1413     4.1413     4.1406    30.7531    30.7645  1024.4451    24.3961    308.729    292.335  323.91621     95.311     90.258     0.1380     0.4798     4.1209     0.5365 1.3012e-02       1463     1.0153  0.000e+00
     10.425   72.30998 -167.26962     10.534     4.1408     4.1426     4.1401    30.7537    30.7642  1024.4460    24.3967    308.734    292.337  323.91846     95.312     90.261     0.1392     0.4872     4.1209     0.5365 1.3754e-02       1464     1.0160  0.000e+00
     10.364   72.30998 -167.26962     10.471     4.1405     4.1429     4.1398    30.7540    30.7647  1024.4459    24.3969    308.310    292.527  323.92034     95.181     90.321     0.1380     0.4798     4.1209     0.5365 1.5251e-02       1465     1.0167  0.000e+00
     10.425   72.30998 -167.26962     10.534     4.1405     4.1431     4.1398    30.7541    30.7649  1024.4463    24.3970    308.670    292.551  323.92004     95.292     90.329     0.1380     0.4798     4.1221     0.5354 1.6764e-02       1466     1.0174  0.000e+00
     10.425   72.30998 -167.26962     10.534     4.1402     4.1429     4.1395    30.7538    30.7649  1024.4461    24.3968    308.706    292.572  323.92311     95.302     90.335     0.1368     0.4725     4.1221     0.5354 1.6764e-02       1467     1.0181  0.000e+00
     10.449   72.30998 -167.26962     10.557     4.1400     4.1432     4.1393    30.7539    30.7646  1024.4463    24.3969    308.707    292.588  323.92411     95.302     90.340     0.1380     0.4798     4.1209     0.5365 1.3754e-02       1468     1.0188  0.000e+00
     10.425   72.30998 -167.26962     10.534     4.1400     4.1434     4.1393    30.7538    30.7646  1024.4461    24.3968    308.703    292.599  323.92436     95.301     90.344     0.1368     0.4725     4.1221     0.5354 9.7231e-03       1469     1.0194  0.000e+00
     10.479   72.30998 -167.26962     10.588     4.1398     4.1434     4.1392    30.7537    30.7647  1024.4463    24.3967    308.703    292.800  323.92596     95.300     90.406     0.1392     0.4872     4.1209     0.5365 7.9318e-03       1470     1.0201  0.000e+00
     10.425   72.30998 -167.26962     10.534     4.1398     4.1434     4.1392    30.7542    30.7647  1024.4465    24.3972    308.694    292.824  323.92459     95.298     90.414     0.1416     0.5018     4.1209     0.5365 2.3659e-03       1471     1.0208  0.000e+00
     10.479   72.30998 -167.26962     10.588     4.1398     4.1440     4.1392    30.7546    30.7648  1024.4471    24.3975    308.689    292.843  323.92362     95.297     90.421     0.1404     0.4945     4.1209     0.5365 1.0000e-12       1472     1.0215  0.000e+00
     10.479   72.30998 -167.26962     10.588     4.1402     4.1445     4.1395    30.7548    30.7653  1024.4472    24.3976    308.677    292.856  323.92065     95.294     90.426     0.1416     0.5018     4.1209     0.5365 1.0000e-12       1473     1.0222  0.000e+00
     10.479   72.30998 -167.26962     10.588     4.1403     4.1464     4.1396    30.7538    30.7654  1024.4463    24.3968    308.669    292.854  323.92201     95.291     90.430     0.1404     0.4945     4.1209     0.5365 1.0000e-12       1474     1.0229  0.000e+00
     10.533   72.30998 -167.26962     10.643     4.1403     4.1471     4.1396    30.7536    30.7659  1024.4465    24.3967    308.661    292.857  323.92235     95.289     90.433     0.1404     0.4945     4.1209     0.5365 1.0000e-12       1475     1.0236  0.000e+00
     10.479   72.30998 -167.26962     10.588     4.1402     4.1481     4.1395    30.7541    30.7656  1024.4466    24.3970    308.647    292.853  323.92252     95.284     90.433     0.1392     0.4872     4.1209     0.5365 8.4714e-06       1476     1.0243  0.000e+00
     10.533   72.30998 -167.26962     10.643     4.1406     4.1490     4.1400    30.7539    30.7668  1024.4466    24.3968    308.666    292.845  323.91929     95.291     90.434     0.1404     0.4945     4.1209     0.5365 3.4241e-04       1477     1.0250  0.000e+00
     10.510   72.30998 -167.26962     10.619     4.1405     4.1485     4.1398    30.7543    30.7675  1024.4468    24.3971    308.652    292.841  323.91958     95.287     90.432     0.1392     0.4872     4.1221     0.5354 3.4241e-04       1478     1.0257  0.000e+00
     10.533   72.30998 -167.26962     10.643     4.1406     4.1479     4.1400    30.7542    30.7670  1024.4469    24.3971    308.637    292.840  323.91854     95.282     90.430     0.1404     0.4945     4.1221     0.5354 3.4241e-04       1479     1.0264  0.000e+00
     10.533   72.30998 -167.26962     10.643     4.1405     4.1476     4.1398    30.7558    30.7662  1024.4482    24.3984    307.984    292.853  323.91587     95.082     90.433     0.1416     0.5018     4.1221     0.5354 1.0000e-12       1480     1.0271  0.000e+00
     10.533   72.30998 -167.26962     10.643     4.1416     4.1475     4.1409    30.7573    30.7662  1024.4492    24.3994    308.495    293.049  323.90354     95.243     90.493     0.1392     0.4872     4.1221     0.5354 1.0000e-12       1481     1.0278  0.000e+00
     10.533   72.30998 -167.26962     10.643     4.1428     4.1473     4.1422    30.7584    30.7665  1024.4500    24.4002    308.467    292.860  323.89089     95.238     90.435     0.1404     0.4945     4.1221     0.5354 8.4714e-06       1482     1.0285  0.000e+00
     10.595   72.30998 -167.26962     10.705     4.1439     4.1479     4.1433    30.7579    30.7658  1024.4498    24.3997    308.445    292.855  323.88350     95.233     90.434     0.1404     0.4945     4.1221     0.5354 1.0000e-12       1483     1.0292  0.000e+00
     10.533   72.30998 -167.26962     10.643     4.1449     4.1485     4.1442    30.7566    30.7658  1024.4484    24.3986    308.420    293.030  323.87917     95.227     90.490     0.1404     0.4945     4.1221     0.5354 1.0000e-12       1484     1.0299  0.000e+00
     10.595   72.30998 -167.26962     10.705     4.1455     4.1490     4.1448    30.7559    30.7663  1024.4480    24.3979    308.400    293.038  323.87600     95.222     90.493     0.1392     0.4872     4.1221     0.5354 8.4714e-06       1485     1.0306  0.000e+00
     10.595   72.30998 -167.26962     10.705     4.1455     4.1492     4.1448    30.7564    30.7669  1024.4485    24.3984    308.378    293.062  323.87469     95.215     90.501     0.1404     0.4945     4.1221     0.5354 6.7730e-04       1486     1.0313  0.000e+00
     10.564   72.30998 -167.26962     10.674     4.1461     4.1503     4.1455    30.7569    30.7670  1024.4486    24.3987    308.349    293.053  323.86861     95.208     90.501     0.1416     0.5018     4.1221     0.5354 1.0131e-03       1487     1.0319  0.000e+00
     10.595   72.30998 -167.26962     10.705     4.1463     4.1514     4.1456    30.7576    30.7674  1024.4493    24.3993    308.324    293.064  323.86553     95.201     90.507     0.1404     0.4945     4.1221     0.5354 4.0784e-03       1488     1.0326  0.000e+00
     10.595   72.30998 -167.26962     10.705     4.1467     4.1517     4.1460    30.7573    30.7680  1024.4490    24.3989    308.298    293.054  323.86347     95.194     90.505     0.1416     0.5018     4.1221     0.5354 2.2199e-02       1489     1.0333  0.000e+00
     10.649   72.30998 -167.26962     10.760     4.1468     4.1520     4.1462    30.7556    30.7676  1024.4480    24.3976    308.277    293.045  323.86630     95.186     90.503     0.1404     0.4945     4.1221     0.5354 3.0762e-02       1490     1.0340  0.000e+00
     10.595   72.30998 -167.26962     10.705     4.1470     4.1520     4.1463    30.7544    30.7675  1024.4467    24.3966    308.283    293.028  323.86797     95.188     90.497     0.1404     0.4945     4.1221     0.5354 2.9925e-02       1491     1.0347  0.000e+00
     10.649   72.30998 -167.26962     10.760     4.1463     4.1518     4.1456    30.7556    30.7672  1024.4480    24.3977    308.295    293.012  323.87036     95.191     90.492     0.1392     0.4872     4.1221     0.5354 2.0233e-02       1492     1.0354  0.000e+00
     10.649   72.30998 -167.26962     10.760     4.1465     4.1517     4.1458    30.7563    30.7672  1024.4485    24.3982    308.299    292.990  323.86751     95.193     90.485     0.1404     0.4945     4.1221     0.5354 1.6005e-02       1493     1.0361  0.000e+00
     10.595   72.30998 -167.26962     10.705     4.1463     4.1515     4.1456    30.7565    30.7674  1024.4485    24.3984    308.304    293.173  323.86824     95.194     90.541     0.1416     0.5018     4.1221     0.5354 1.5251e-02       1494     1.0368  0.000e+00
     10.649   72.30998 -167.26962     10.760     4.1467     4.1517     4.1460    30.7571    30.7673  1024.4492    24.3988    308.308    292.973  323.86382     95.197     90.480     0.1404     0.4945     4.1221     0.5354 1.3754e-02       1495     1.0375  0.000e+00
     10.680   72.30998 -167.26962     10.791     4.1470     4.1515     4.1463    30.7567    30.7673  1024.4490    24.3985    308.314    292.938  323.86228     95.199     90.469     0.1416     0.5018     4.1209     0.5365 1.3012e-02       1496     1.0382  0.000e+00
     10.711   72.30998 -167.26962     10.822     4.1475     4.1517     4.1468    30.7565    30.7674  1024.4489    24.3983    308.319    292.919  323.85902     95.202     90.463     0.1416     0.5018     4.1233     0.5342 1.3012e-02       1497     1.0389  0.000e+00
     10.649   72.30998 -167.26962     10.760     4.1476     4.1512     4.1469    30.7570    30.7677  1024.4490    24.3986    308.321    292.897  323.85676     95.203     90.455     0.1416     0.5018     4.1233     0.5342 6.5167e-03       1498     1.0396  0.000e+00
     10.649   72.30998 -167.26962     10.760     4.1479     4.1511     4.1473    30.7574    30.7676  1024.4493    24.3989    308.146    292.872  323.85323     95.150     90.447     0.1416     0.5018     4.1233     0.5342 2.0263e-03       1499     1.0403  0.000e+00
     10.711   72.30998 -167.26962     10.822     4.1484     4.1509     4.1477    30.7579    30.7674  1024.4499    24.3993    308.332    292.846  323.84833     95.209     90.439     0.1416     0.5018     4.1233     0.5342 1.3499e-03       1500     1.0410  0.000e+00
     10.649   72.30998 -167.26962     10.760     4.1490     4.1506     4.1484    30.7574    30.7673  1024.4492    24.3989    308.335    292.813  323.84445     95.211     90.428     0.1416     0.5018     4.1233     0.5342 1.6876e-03       1501     1.0417  0.000e+00
     10.711   72.30998 -167.26962     10.822     4.1492     4.1504     4.1485    30.7570    30.7672  1024.4491    24.3985    308.346    292.971  323.84430     95.214     90.476     0.1416     0.5018     4.1233     0.5342 2.0263e-03       1502     1.0424  0.000e+00
     10.711   72.30998 -167.26962     10.822     4.1494     4.1511     4.1487    30.7572    30.7669  1024.4493    24.3986    308.354    292.968  323.84258     95.217     90.476     0.1429     0.5091     4.1233     0.5342 2.0263e-03       1503     1.0431  0.000e+00
     10.711   72.30998 -167.26962     10.822     4.1498     4.1529     4.1491    30.7582    30.7672  1024.4500    24.3994    308.358    292.761  323.83687     95.220     90.417     0.1416     0.5018     4.1233     0.5342 2.3659e-03       1504     1.0438  0.000e+00
     10.742   72.30998 -167.26962     10.853     4.1503     4.1534     4.1496    30.7599    30.7679  1024.4515    24.4007    308.360    292.731  323.82856     95.223     90.409     0.1416     0.5018     4.1233     0.5342 2.3659e-03       1505     1.0444  0.000e+00
     10.711   72.30998 -167.26962     10.822     4.1512     4.1556     4.1506    30.7588    30.7674  1024.4503    24.3997    308.363    292.686  323.82390     95.225     90.400     0.1416     0.5018     4.1233     0.5342 2.3659e-03       1506     1.0451  0.000e+00
     10.711   72.30998 -167.26962     10.822     4.1514     4.1577     4.1507    30.7571    30.7685  1024.4490    24.3984    308.374    292.636  323.82656     95.228     90.390     0.1416     0.5018     4.1233     0.5342 1.0131e-03       1507     1.0458  0.000e+00
     10.765   72.30998 -167.26962     10.877     4.1514     4.1602     4.1507    30.7555    30.7690  1024.4480    24.3971    308.356    292.774  323.83055     95.221     90.438     0.1416     0.5018     4.1245     0.5330 1.0000e-12       1508     1.0465  0.000e+00
     10.765   72.30998 -167.26962     10.877     4.1512     4.1632     4.1506    30.7545    30.7699  1024.4472    24.3963    308.368    292.733  323.83432     95.224     90.432     0.1416     0.5018     4.1233     0.5342 1.0000e-12       1509     1.0472  0.000e+00
