EcoFOCI/data/1_SampleCollection/2023_SikuliaqDBO_CruiseData/CTD_raw_BottleFile_SKQ23-12S/proc/skq202312s_074svp.cnv
* Sea-Bird SBE 9 Data File:
* FileName = D:\CTD\SKQ202312S\SKQ202312S_074.hex
* Software Version Seasave V 7.26.7.121
* Temperature SN = 6177
* Conductivity SN = 0369
* Number of Bytes Per Scan = 41
* Number of Voltage Words = 4
* Number of Scans Averaged by the Deck Unit = 1
* NMEA Latitude = 68 11.23 N
* NMEA Longitude = 167 17.73 W
* NMEA UTC (Time) = Oct 02 2023  03:41:14
* NMEA baud rate = 4800
** Ship: R/V Sikuliaq
** Station Number: 074
** Station Name: DBO3.3
** Bottom Depth: 47
** Operator: SD
# nquan = 7
# nvalues = 4146                                  
# units = specified
# name 0 = depSM: Depth [salt water, m]
# name 1 = latitude: Latitude [deg]
# name 2 = longitude: Longitude [deg]
# name 3 = t090C: Temperature [ITS-90, deg C]
# name 4 = sal00: Salinity, Practical [PSU]
# name 5 = svCM: Sound Velocity [Chen-Millero, m/s]
# name 6 = flag:  0.000e+00
# span 0 =      2.364,     42.384                 
# span 1 =   68.18698,   68.18702                 
# span 2 = -167.29566, -167.29562                 
# span 3 =     3.3167,     6.4617                 
# span 4 =    25.7777,    32.2111                 
# span 5 =    1460.63,    1470.25                 
# span 6 = 0.0000e+00, 0.0000e+00                 
# interval = seconds: 0.0416667
# start_time = Oct 02 2023 03:44:53 [NMEA time, first data scan]
# bad_flag = -9.990e-29
*END*
[from data line 411]
      5.279   68.18700 -167.29562     6.3720    28.6866    1468.36  0.000e+00
      5.225   68.18700 -167.29562     6.3703    28.7276    1468.41  0.000e+00
      5.225   68.18700 -167.29562     6.3674    28.7638    1468.44  0.000e+00
      5.279   68.18700 -167.29562     6.3649    28.7852    1468.46  0.000e+00
      5.279   68.18700 -167.29562     6.3622    28.7918    1468.46  0.000e+00
      5.279   68.18700 -167.29562     6.3605    28.7877    1468.44  0.000e+00
      5.279   68.18700 -167.29562     6.3597    28.7913    1468.45  0.000e+00
      5.279   68.18700 -167.29562     6.3586    28.7891    1468.44  0.000e+00
      5.340   68.18700 -167.29562     6.3582    28.7713    1468.42  0.000e+00
      5.340   68.18700 -167.29562     6.3590    28.7615    1468.41  0.000e+00
      5.279   68.18700 -167.29562     6.3590    28.7855    1468.44  0.000e+00
      5.340   68.18700 -167.29562     6.3579    28.8245    1468.48  0.000e+00
      5.340   68.18700 -167.29562     6.3553    28.8448    1468.50  0.000e+00
      5.371   68.18700 -167.29562     6.3538    28.8469    1468.49  0.000e+00
      5.340   68.18700 -167.29564     6.3516    28.8458    1468.48  0.000e+00
      5.394   68.18700 -167.29564     6.3500    28.8452    1468.48  0.000e+00
      5.340   68.18700 -167.29564     6.3490    28.8464    1468.47  0.000e+00
      5.394   68.18700 -167.29564     6.3484    28.8562    1468.48  0.000e+00
      5.394   68.18700 -167.29564     6.3468    28.8763    1468.50  0.000e+00
      5.340   68.18700 -167.29564     6.3443    28.8967    1468.52  0.000e+00
      5.394   68.18700 -167.29564     6.3417    28.9146    1468.53  0.000e+00
      5.394   68.18700 -167.29564     6.3389    28.9272    1468.54  0.000e+00
      5.456   68.18700 -167.29564     6.3362    28.9365    1468.54  0.000e+00
      5.394   68.18700 -167.29564     6.3343    28.9443    1468.54  0.000e+00
      5.394   68.18700 -167.29564     6.3331    28.9498    1468.54  0.000e+00
      5.456   68.18700 -167.29564     6.3327    28.9552    1468.55  0.000e+00
      5.394   68.18700 -167.29564     6.3322    28.9568    1468.55  0.000e+00
      5.394   68.18700 -167.29564     6.3317    28.9510    1468.54  0.000e+00
      5.456   68.18700 -167.29564     6.3314    28.9469    1468.53  0.000e+00
      5.456   68.18700 -167.29564     6.3307    28.9479    1468.53  0.000e+00
      5.456   68.18700 -167.29564     6.3301    28.9500    1468.53  0.000e+00
      5.456   68.18700 -167.29564     6.3285    28.9467    1468.52  0.000e+00
      5.394   68.18700 -167.29564     6.3277    28.9377    1468.50  0.000e+00
      5.456   68.18700 -167.29564     6.3272    28.9305    1468.49  0.000e+00
      5.456   68.18700 -167.29564     6.3266    28.9247    1468.48  0.000e+00
      5.456   68.18700 -167.29564     6.3264    28.9186    1468.48  0.000e+00
      5.456   68.18700 -167.29564     6.3264    28.9116    1468.47  0.000e+00
      5.456   68.18700 -167.29564     6.3261    28.9020    1468.45  0.000e+00
      5.456   68.18700 -167.29564     6.3274    28.8921    1468.45  0.000e+00
      5.456   68.18700 -167.29564     6.3299    28.8824    1468.44  0.000e+00
      5.425   68.18700 -167.29564     6.3317    28.8690    1468.43  0.000e+00
      5.456   68.18700 -167.29564     6.3352    28.8487    1468.42  0.000e+00
      5.456   68.18700 -167.29564     6.3392    28.8279    1468.41  0.000e+00
      5.456   68.18700 -167.29564     6.3432    28.8069    1468.40  0.000e+00
      5.394   68.18700 -167.29564     6.3463    28.7963    1468.40  0.000e+00
      5.456   68.18700 -167.29564     6.3490    28.7962    1468.41  0.000e+00
      5.456   68.18700 -167.29564     6.3514    28.7942    1468.42  0.000e+00
      5.456   68.18700 -167.29564     6.3530    28.7907    1468.42  0.000e+00
      5.394   68.18700 -167.29564     6.3536    28.7856    1468.42  0.000e+00
      5.456   68.18700 -167.29564     6.3546    28.7793    1468.41  0.000e+00
      5.394   68.18700 -167.29564     6.3543    28.7824    1468.41  0.000e+00
      5.394   68.18700 -167.29564     6.3506    28.7917    1468.41  0.000e+00
      5.456   68.18700 -167.29564     6.3490    28.7978    1468.41  0.000e+00
      5.394   68.18700 -167.29564     6.3509    28.8016    1468.43  0.000e+00
      5.456   68.18700 -167.29564     6.3541    28.8038    1468.44  0.000e+00
      5.394   68.18700 -167.29564     6.3569    28.8040    1468.45  0.000e+00
      5.394   68.18700 -167.29564     6.3583    28.8060    1468.46  0.000e+00
      5.456   68.18700 -167.29564     6.3588    28.8094    1468.47  0.000e+00
      5.394   68.18700 -167.29564     6.3588    28.8125    1468.47  0.000e+00
      5.394   68.18700 -167.29564     6.3591    28.8181    1468.48  0.000e+00
      5.394   68.18700 -167.29564     6.3596    28.8257    1468.49  0.000e+00
      5.456   68.18700 -167.29564     6.3585    28.8358    1468.50  0.000e+00
      5.394   68.18700 -167.29564     6.3532    28.8499    1468.50  0.000e+00
      5.456   68.18700 -167.29564     6.3466    28.8666    1468.49  0.000e+00
      5.394   68.18700 -167.29564     6.3405    28.8779    1468.48  0.000e+00
      5.394   68.18700 -167.29564     6.3362    28.8733    1468.46  0.000e+00
      5.425   68.18700 -167.29564     6.3356    28.8719    1468.45  0.000e+00
      5.456   68.18700 -167.29564     6.3359    28.8638    1468.44  0.000e+00
      5.394   68.18700 -167.29564     6.3379    28.8431    1468.43  0.000e+00
      5.456   68.18700 -167.29564     6.3408    28.8316    1468.42  0.000e+00
      5.456   68.18700 -167.29564     6.3439    28.8295    1468.43  0.000e+00
      5.456   68.18700 -167.29564     6.3469    28.8274    1468.44  0.000e+00
      5.456   68.18700 -167.29564     6.3469    28.8261    1468.44  0.000e+00
      5.510   68.18700 -167.29564     6.3461    28.8331    1468.45  0.000e+00
      5.456   68.18700 -167.29564     6.3471    28.8525    1468.48  0.000e+00
      5.510   68.18700 -167.29564     6.3469    28.8763    1468.51  0.000e+00
      5.510   68.18700 -167.29564     6.3458    28.8923    1468.52  0.000e+00
      5.456   68.18700 -167.29564     6.3447    28.8955    1468.52  0.000e+00
      5.510   68.18700 -167.29564     6.3434    28.8824    1468.50  0.000e+00
      5.564   68.18700 -167.29564     6.3424    28.8746    1468.49  0.000e+00
      5.510   68.18700 -167.29564     6.3424    28.8578    1468.46  0.000e+00
      5.625   68.18700 -167.29564     6.3429    28.8461    1468.45  0.000e+00
      5.564   68.18700 -167.29564     6.3436    28.8416    1468.45  0.000e+00
      5.625   68.18700 -167.29564     6.3440    28.8331    1468.44  0.000e+00
      5.564   68.18700 -167.29564     6.3453    28.8205    1468.43  0.000e+00
      5.625   68.18700 -167.29564     6.3466    28.8201    1468.44  0.000e+00
      5.625   68.18700 -167.29564     6.3471    28.8250    1468.44  0.000e+00
      5.679   68.18700 -167.29564     6.3471    28.8349    1468.46  0.000e+00
      5.679   68.18700 -167.29564     6.3461    28.8422    1468.46  0.000e+00
      5.679   68.18700 -167.29564     6.3458    28.8497    1468.47  0.000e+00
      5.679   68.18700 -167.29564     6.3458    28.8821    1468.51  0.000e+00
      5.772   68.18700 -167.29564     6.3452    28.9299    1468.57  0.000e+00
      5.741   68.18700 -167.29564     6.3436    28.9814    1468.63  0.000e+00
      5.741   68.18700 -167.29564     6.3415    29.0175    1468.66  0.000e+00
      5.795   68.18700 -167.29564     6.3391    29.0375    1468.68  0.000e+00
      5.795   68.18700 -167.29564     6.3373    29.0651    1468.71  0.000e+00
      5.795   68.18700 -167.29564     6.3359    29.0759    1468.72  0.000e+00
      5.857   68.18700 -167.29564     6.3347    29.0777    1468.71  0.000e+00
      5.857   68.18700 -167.29564     6.3338    29.0864    1468.72  0.000e+00
      5.857   68.18700 -167.29564     6.3327    29.0910    1468.72  0.000e+00
      5.857   68.18700 -167.29564     6.3322    29.0780    1468.71  0.000e+00
      5.911   68.18700 -167.29564     6.3327    29.0671    1468.69  0.000e+00
      5.911   68.18700 -167.29564     6.3330    29.0702    1468.70  0.000e+00
      5.911   68.18700 -167.29564     6.3326    29.0905    1468.72  0.000e+00
      5.965   68.18700 -167.29564     6.3320    29.1066    1468.74  0.000e+00
      5.965   68.18700 -167.29564     6.3309    29.1082    1468.74  0.000e+00
      6.026   68.18700 -167.29564     6.3304    29.1016    1468.73  0.000e+00
      5.965   68.18700 -167.29564     6.3312    29.0980    1468.73  0.000e+00
      6.026   68.18700 -167.29564     6.3315    29.1023    1468.74  0.000e+00
      6.026   68.18700 -167.29564     6.3312    29.1071    1468.74  0.000e+00
      6.080   68.18700 -167.29564     6.3312    29.1084    1468.74  0.000e+00
      6.057   68.18700 -167.29564     6.3315    29.1020    1468.74  0.000e+00
      6.080   68.18700 -167.29564     6.3327    29.0852    1468.72  0.000e+00
      6.080   68.18700 -167.29564     6.3341    29.0694    1468.71  0.000e+00
      6.142   68.18700 -167.29564     6.3352    29.0680    1468.71  0.000e+00
      6.142   68.18700 -167.29564     6.3367    29.0799    1468.73  0.000e+00
      6.142   68.18700 -167.29564     6.3373    29.0930    1468.75  0.000e+00
      6.196   68.18700 -167.29564     6.3373    29.1004    1468.76  0.000e+00
      6.142   68.18700 -167.29564     6.3367    29.1047    1468.76  0.000e+00
      6.196   68.18700 -167.29564     6.3364    29.1116    1468.77  0.000e+00
      6.258   68.18700 -167.29564     6.3356    29.1229    1468.78  0.000e+00
      6.196   68.18700 -167.29564     6.3345    29.1352    1468.79  0.000e+00
      6.258   68.18700 -167.29564     6.3338    29.1465    1468.80  0.000e+00
      6.258   68.18700 -167.29564     6.3333    29.1589    1468.82  0.000e+00
      6.258   68.18700 -167.29564     6.3317    29.1670    1468.82  0.000e+00
      6.312   68.18700 -167.29564     6.3301    29.1564    1468.80  0.000e+00
      6.258   68.18700 -167.29564     6.3285    29.1308    1468.76  0.000e+00
      6.312   68.18700 -167.29564     6.3288    29.1116    1468.74  0.000e+00
      6.312   68.18700 -167.29564     6.3293    29.1131    1468.75  0.000e+00
      6.366   68.18700 -167.29564     6.3298    29.1048    1468.74  0.000e+00
      6.342   68.18700 -167.29564     6.3309    29.0809    1468.71  0.000e+00
      6.312   68.18700 -167.29564     6.3327    29.0669    1468.70  0.000e+00
      6.366   68.18700 -167.29564     6.3336    29.0696    1468.71  0.000e+00
      6.366   68.18700 -167.29564     6.3341    29.0815    1468.73  0.000e+00
      6.427   68.18700 -167.29564     6.3344    29.0990    1468.75  0.000e+00
      6.366   68.18700 -167.29564     6.3343    29.1146    1468.77  0.000e+00
      6.427   68.18700 -167.29564     6.3338    29.1208    1468.77  0.000e+00
      6.366   68.18700 -167.29564     6.3340    29.1192    1468.77  0.000e+00
      6.427   68.18700 -167.29564     6.3338    29.1155    1468.77  0.000e+00
      6.481   68.18700 -167.29564     6.3330    29.1118    1468.76  0.000e+00
      6.427   68.18700 -167.29564     6.3322    29.1096    1468.75  0.000e+00
      6.427   68.18700 -167.29564     6.3322    29.1122    1468.76  0.000e+00
      6.481   68.18700 -167.29564     6.3325    29.1185    1468.77  0.000e+00
      6.481   68.18700 -167.29564     6.3325    29.1210    1468.77  0.000e+00
      6.481   68.18700 -167.29564     6.3322    29.1249    1468.77  0.000e+00
      6.481   68.18700 -167.29564     6.3322    29.1392    1468.79  0.000e+00
      6.481   68.18700 -167.29564     6.3307    29.1570    1468.81  0.000e+00
      6.512   68.18700 -167.29564     6.3283    29.1772    1468.83  0.000e+00
      6.481   68.18700 -167.29564     6.3246    29.2018    1468.84  0.000e+00
      6.481   68.18700 -167.29564     6.3200    29.2241    1468.85  0.000e+00
      6.543   68.18700 -167.29564     6.3162    29.2385    1468.85  0.000e+00
      6.481   68.18700 -167.29564     6.3130    29.2497    1468.85  0.000e+00
      6.543   68.18700 -167.29564     6.3103    29.2514    1468.85  0.000e+00
      6.543   68.18700 -167.29564     6.3078    29.2379    1468.82  0.000e+00
      6.481   68.18700 -167.29564     6.3057    29.2272    1468.80  0.000e+00
      6.543   68.18700 -167.29564     6.3040    29.2166    1468.78  0.000e+00
      6.543   68.18700 -167.29564     6.3029    29.2088    1468.76  0.000e+00
      6.543   68.18700 -167.29564     6.3039    29.2027    1468.76  0.000e+00
      6.543   68.18700 -167.29564     6.3037    29.1940    1468.75  0.000e+00
      6.481   68.18700 -167.29564     6.3037    29.1762    1468.72  0.000e+00
      6.543   68.18700 -167.29564     6.3029    29.1668    1468.71  0.000e+00
      6.543   68.18700 -167.29564     6.3016    29.1705    1468.71  0.000e+00
      6.481   68.18700 -167.29564     6.2989    29.1976    1468.73  0.000e+00
      6.512   68.18700 -167.29564     6.2965    29.2311    1468.77  0.000e+00
      6.543   68.18700 -167.29564     6.2953    29.2632    1468.80  0.000e+00
      6.543   68.18700 -167.29564     6.2942    29.2703    1468.81  0.000e+00
      6.543   68.18700 -167.29564     6.2937    29.2308    1468.75  0.000e+00
      6.481   68.18700 -167.29564     6.2950    29.1852    1468.70  0.000e+00
      6.543   68.18700 -167.29564     6.2982    29.1437    1468.66  0.000e+00
      6.481   68.18700 -167.29564     6.3035    29.1188    1468.65  0.000e+00
      6.543   68.18700 -167.29564     6.3085    29.1130    1468.67  0.000e+00
      6.481   68.18700 -167.29564     6.3123    29.1140    1468.68  0.000e+00
      6.543   68.18700 -167.29564     6.3146    29.1193    1468.70  0.000e+00
      6.481   68.18700 -167.29564     6.3160    29.1215    1468.71  0.000e+00
      6.481   68.18700 -167.29564     6.3170    29.1178    1468.70  0.000e+00
      6.543   68.18700 -167.29564     6.3185    29.1135    1468.71  0.000e+00
      6.481   68.18700 -167.29564     6.3195    29.1134    1468.71  0.000e+00
      6.481   68.18700 -167.29564     6.3195    29.1190    1468.72  0.000e+00
      6.481   68.18700 -167.29564     6.3175    29.1328    1468.73  0.000e+00
      6.458   68.18700 -167.29564     6.3157    29.1507    1468.74  0.000e+00
      6.481   68.18700 -167.29564     6.3139    29.1650    1468.75  0.000e+00
      6.427   68.18700 -167.29564     6.3120    29.1775    1468.76  0.000e+00
      6.481   68.18700 -167.29564     6.3101    29.1822    1468.76  0.000e+00
      6.481   68.18700 -167.29564     6.3086    29.1842    1468.75  0.000e+00
      6.427   68.18700 -167.29564     6.3059    29.1968    1468.76  0.000e+00
      6.481   68.18700 -167.29564     6.3034    29.2018    1468.76  0.000e+00
      6.427   68.18700 -167.29564     6.3013    29.2029    1468.75  0.000e+00
      6.427   68.18700 -167.29564     6.3005    29.2062    1468.75  0.000e+00
      6.427   68.18700 -167.29564     6.2995    29.1940    1468.73  0.000e+00
      6.481   68.18700 -167.29564     6.3003    29.1694    1468.70  0.000e+00
      6.427   68.18700 -167.29564     6.3011    29.1208    1468.64  0.000e+00
      6.365   68.18700 -167.29564     6.3035    29.0695    1468.59  0.000e+00
      6.481   68.18700 -167.29564     6.3071    29.0378    1468.56  0.000e+00
      6.365   68.18700 -167.29564     6.3117    28.9781    1468.51  0.000e+00
      6.481   68.18700 -167.29564     6.3171    28.9276    1468.47  0.000e+00
      6.427   68.18700 -167.29564     6.3216    28.9015    1468.45  0.000e+00
      6.396   68.18700 -167.29564     6.3256    28.8906    1468.45  0.000e+00
      6.427   68.18700 -167.29564     6.3290    28.8879    1468.46  0.000e+00
      6.427   68.18700 -167.29564     6.3314    28.8872    1468.47  0.000e+00
      6.365   68.18700 -167.29564     6.3330    28.8887    1468.48  0.000e+00
      6.427   68.18700 -167.29564     6.3338    28.8902    1468.49  0.000e+00
      6.481   68.18700 -167.29564     6.3351    28.8870    1468.49  0.000e+00
      6.365   68.18700 -167.29564     6.3354    28.8881    1468.49  0.000e+00
      6.427   68.18700 -167.29564     6.3357    28.8938    1468.50  0.000e+00
