EcoFOCI/data/1_SampleCollection/2023_SikuliaqDBO_CruiseData/CTD_raw_BottleFile_SKQ23-12S/proc/skq202312s_008svp.cnv
* Sea-Bird SBE 9 Data File:
* FileName = D:\CTD\SKQ202312S\SKQ202312S_008.hex
* Software Version Seasave V 7.26.7.121
* Temperature SN = 6177
* Conductivity SN = 0369
* Number of Bytes Per Scan = 41
* Number of Voltage Words = 4
* Number of Scans Averaged by the Deck Unit = 1
* NMEA Latitude = 62 47.19 N
* NMEA Longitude = 173 30.00 W
* NMEA UTC (Time) = Sep 16 2023  08:58:03
* NMEA baud rate = 4800
** Ship: R/V Sikuliaq
** Station Number: 008
** Station Name: DBO1.7
** Bottom Depth: 69
** Operator: SD
# nquan = 7
# nvalues = 5926                                  
# units = specified
# name 0 = depSM: Depth [salt water, m]
# name 1 = latitude: Latitude [deg]
# name 2 = longitude: Longitude [deg]
# name 3 = t090C: Temperature [ITS-90, deg C]
# name 4 = sal00: Salinity, Practical [PSU]
# name 5 = svCM: Sound Velocity [Chen-Millero, m/s]
# name 6 = flag:  0.000e+00
# span 0 =      1.066,     63.296                 
# span 1 =   62.78648,   62.78650                 
# span 2 = -173.49996, -173.49994                 
# span 3 =    -1.5262,     7.1119                 
# span 4 =    30.9959,    32.0193                 
# span 5 =    1438.48,    1474.28                 
# span 6 = 0.0000e+00, 0.0000e+00                 
# interval = seconds: 0.0416667
# start_time = Sep 16 2023 09:02:12 [NMEA time, first data scan]
# bad_flag = -9.990e-29
*END*
[from data line 821]
      2.837   62.78648 -173.49996     7.0769    31.1000    1474.13  0.000e+00
      2.899   62.78648 -173.49996     7.0753    31.0998    1474.12  0.000e+00
      2.899   62.78648 -173.49996     7.0744    31.1008    1474.12  0.000e+00
      2.953   62.78648 -173.49996     7.0742    31.1011    1474.12  0.000e+00
      2.899   62.78648 -173.49996     7.0737    31.1016    1474.12  0.000e+00
      2.953   62.78648 -173.49996     7.0733    31.1015    1474.12  0.000e+00
      2.953   62.78648 -173.49996     7.0720    31.1017    1474.11  0.000e+00
      2.899   62.78648 -173.49996     7.0710    31.1013    1474.11  0.000e+00
      2.899   62.78648 -173.49996     7.0692    31.1017    1474.10  0.000e+00
      2.953   62.78648 -173.49996     7.0676    31.1027    1474.10  0.000e+00
      2.899   62.78648 -173.49996     7.0663    31.1047    1474.09  0.000e+00
      2.953   62.78648 -173.49996     7.0676    31.1054    1474.10  0.000e+00
      2.953   62.78648 -173.49996     7.0690    31.1058    1474.11  0.000e+00
      3.007   62.78648 -173.49996     7.0703    31.1054    1474.11  0.000e+00
      3.007   62.78648 -173.49996     7.0725    31.1049    1474.12  0.000e+00
      3.007   62.78648 -173.49996     7.0764    31.1027    1474.13  0.000e+00
      3.007   62.78648 -173.49996     7.0789    31.0998    1474.14  0.000e+00
      3.007   62.78648 -173.49996     7.0774    31.0996    1474.13  0.000e+00
      3.068   62.78648 -173.49996     7.0747    31.1006    1474.12  0.000e+00
      3.007   62.78648 -173.49996     7.0731    31.1018    1474.12  0.000e+00
      3.068   62.78648 -173.49996     7.0723    31.1021    1474.12  0.000e+00
      3.007   62.78648 -173.49996     7.0720    31.1017    1474.11  0.000e+00
      3.007   62.78648 -173.49996     7.0709    31.1022    1474.11  0.000e+00
      3.068   62.78648 -173.49996     7.0706    31.1027    1474.11  0.000e+00
      3.068   62.78648 -173.49996     7.0703    31.1033    1474.11  0.000e+00
      3.068   62.78648 -173.49996     7.0709    31.1036    1474.11  0.000e+00
      3.122   62.78648 -173.49996     7.0718    31.1039    1474.12  0.000e+00
      3.068   62.78648 -173.49996     7.0733    31.1042    1474.12  0.000e+00
      3.122   62.78648 -173.49996     7.0766    31.1032    1474.14  0.000e+00
      3.068   62.78648 -173.49996     7.0798    31.1034    1474.15  0.000e+00
      3.122   62.78648 -173.49996     7.0824    31.1040    1474.16  0.000e+00
      3.122   62.78648 -173.49996     7.0854    31.1032    1474.17  0.000e+00
      3.122   62.78648 -173.49996     7.0892    31.1019    1474.18  0.000e+00
      3.122   62.78648 -173.49996     7.0920    31.1003    1474.19  0.000e+00
      3.122   62.78648 -173.49996     7.0920    31.1000    1474.19  0.000e+00
      3.122   62.78648 -173.49996     7.0912    31.0999    1474.19  0.000e+00
      3.184   62.78648 -173.49996     7.0905    31.0993    1474.19  0.000e+00
      3.122   62.78648 -173.49996     7.0891    31.1012    1474.18  0.000e+00
      3.184   62.78648 -173.49996     7.0889    31.1032    1474.19  0.000e+00
      3.184   62.78648 -173.49996     7.0904    31.1037    1474.19  0.000e+00
      3.184   62.78648 -173.49996     7.0910    31.1025    1474.19  0.000e+00
      3.238   62.78648 -173.49996     7.0905    31.1025    1474.19  0.000e+00
      3.184   62.78648 -173.49996     7.0913    31.1009    1474.19  0.000e+00
      3.184   62.78648 -173.49996     7.0908    31.0999    1474.19  0.000e+00
      3.238   62.78648 -173.49996     7.0896    31.0998    1474.18  0.000e+00
      3.184   62.78648 -173.49996     7.0892    31.1006    1474.18  0.000e+00
      3.238   62.78648 -173.49996     7.0893    31.1009    1474.18  0.000e+00
      3.238   62.78648 -173.49996     7.0900    31.1012    1474.19  0.000e+00
      3.238   62.78648 -173.49996     7.0886    31.1027    1474.18  0.000e+00
      3.184   62.78648 -173.49996     7.0883    31.1039    1474.18  0.000e+00
      3.238   62.78648 -173.49996     7.0894    31.1038    1474.19  0.000e+00
      3.300   62.78648 -173.49996     7.0907    31.1033    1474.19  0.000e+00
      3.238   62.78648 -173.49996     7.0923    31.1023    1474.20  0.000e+00
      3.238   62.78648 -173.49996     7.0939    31.1013    1474.20  0.000e+00
      3.238   62.78648 -173.49996     7.0952    31.1008    1474.21  0.000e+00
      3.238   62.78648 -173.49996     7.0957    31.1012    1474.21  0.000e+00
      3.238   62.78648 -173.49996     7.0967    31.1014    1474.21  0.000e+00
      3.300   62.78648 -173.49996     7.0979    31.1003    1474.22  0.000e+00
      3.238   62.78648 -173.49996     7.0976    31.0996    1474.22  0.000e+00
      3.299   62.78648 -173.49996     7.0971    31.0992    1474.21  0.000e+00
      3.299   62.78648 -173.49996     7.0963    31.0987    1474.21  0.000e+00
      3.238   62.78648 -173.49996     7.0947    31.0997    1474.20  0.000e+00
      3.299   62.78648 -173.49996     7.0948    31.0990    1474.20  0.000e+00
      3.299   62.78648 -173.49996     7.0945    31.0991    1474.20  0.000e+00
      3.238   62.78648 -173.49996     7.0937    31.0998    1474.20  0.000e+00
      3.299   62.78648 -173.49996     7.0939    31.0989    1474.20  0.000e+00
      3.299   62.78648 -173.49996     7.0932    31.0988    1474.20  0.000e+00
      3.299   62.78648 -173.49996     7.0928    31.0985    1474.20  0.000e+00
      3.299   62.78648 -173.49996     7.0913    31.0994    1474.19  0.000e+00
      3.299   62.78648 -173.49996     7.0904    31.0998    1474.19  0.000e+00
      3.299   62.78648 -173.49996     7.0894    31.1005    1474.19  0.000e+00
      3.299   62.78648 -173.49996     7.0899    31.0992    1474.19  0.000e+00
      3.299   62.78648 -173.49996     7.0867    31.1008    1474.18  0.000e+00
      3.353   62.78648 -173.49996     7.0823    31.1030    1474.16  0.000e+00
      3.299   62.78648 -173.49996     7.0838    31.1007    1474.16  0.000e+00
      3.353   62.78648 -173.49996     7.0861    31.0975    1474.17  0.000e+00
      3.299   62.78648 -173.49996     7.0876    31.0961    1474.17  0.000e+00
      3.299   62.78648 -173.49996     7.0886    31.0948    1474.18  0.000e+00
      3.299   62.78648 -173.49996     7.0886    31.0942    1474.17  0.000e+00
      3.353   62.78648 -173.49996     7.0868    31.0953    1474.17  0.000e+00
      3.299   62.78648 -173.49996     7.0833    31.0978    1474.16  0.000e+00
      3.299   62.78648 -173.49996     7.0810    31.0999    1474.15  0.000e+00
      3.384   62.78648 -173.49996     7.0816    31.0988    1474.15  0.000e+00
      3.353   62.78648 -173.49996     7.0814    31.0986    1474.15  0.000e+00
      3.299   62.78648 -173.49996     7.0807    31.0995    1474.15  0.000e+00
      3.299   62.78648 -173.49996     7.0821    31.0982    1474.15  0.000e+00
      3.353   62.78648 -173.49996     7.0833    31.0975    1474.16  0.000e+00
      3.353   62.78648 -173.49996     7.0836    31.0971    1474.16  0.000e+00
      3.353   62.78648 -173.49996     7.0834    31.0980    1474.16  0.000e+00
      3.353   62.78648 -173.49996     7.0835    31.0989    1474.16  0.000e+00
      3.353   62.78648 -173.49996     7.0823    31.1014    1474.16  0.000e+00
      3.299   62.78648 -173.49996     7.0813    31.1035    1474.16  0.000e+00
      3.407   62.78648 -173.49996     7.0809    31.1053    1474.16  0.000e+00
      3.353   62.78648 -173.49996     7.0781    31.1092    1474.15  0.000e+00
      3.299   62.78648 -173.49996     7.0767    31.1112    1474.15  0.000e+00
      3.353   62.78648 -173.49996     7.0786    31.1099    1474.16  0.000e+00
      3.353   62.78648 -173.49996     7.0823    31.1069    1474.17  0.000e+00
      3.353   62.78648 -173.49996     7.0840    31.1052    1474.17  0.000e+00
      3.353   62.78648 -173.49996     7.0850    31.1044    1474.17  0.000e+00
      3.299   62.78648 -173.49996     7.0860    31.1040    1474.18  0.000e+00
      3.353   62.78648 -173.49996     7.0870    31.1037    1474.18  0.000e+00
      3.353   62.78648 -173.49996     7.0881    31.1032    1474.18  0.000e+00
      3.353   62.78648 -173.49996     7.0892    31.1025    1474.19  0.000e+00
      3.353   62.78648 -173.49996     7.0896    31.1029    1474.19  0.000e+00
      3.299   62.78648 -173.49996     7.0899    31.1041    1474.19  0.000e+00
      3.353   62.78648 -173.49996     7.0907    31.1045    1474.20  0.000e+00
      3.353   62.78648 -173.49996     7.0924    31.1039    1474.20  0.000e+00
      3.299   62.78648 -173.49996     7.0931    31.1037    1474.20  0.000e+00
      3.353   62.78648 -173.49996     7.0948    31.1025    1474.21  0.000e+00
      3.299   62.78648 -173.49996     7.0947    31.1025    1474.21  0.000e+00
      3.353   62.78648 -173.49996     7.0953    31.1013    1474.21  0.000e+00
      3.299   62.78648 -173.49996     7.0960    31.1003    1474.21  0.000e+00
      3.353   62.78648 -173.49996     7.0959    31.1000    1474.21  0.000e+00
      3.299   62.78648 -173.49996     7.0952    31.1003    1474.21  0.000e+00
      3.299   62.78648 -173.49996     7.0947    31.1004    1474.21  0.000e+00
      3.353   62.78648 -173.49996     7.0944    31.1003    1474.21  0.000e+00
      3.299   62.78648 -173.49996     7.0945    31.1004    1474.21  0.000e+00
      3.299   62.78648 -173.49996     7.0945    31.1001    1474.21  0.000e+00
      3.299   62.78648 -173.49996     7.0940    31.1007    1474.20  0.000e+00
      3.299   62.78648 -173.49996     7.0939    31.1004    1474.20  0.000e+00
      3.299   62.78648 -173.49996     7.0937    31.1002    1474.20  0.000e+00
      3.299   62.78648 -173.49996     7.0934    31.1006    1474.20  0.000e+00
      3.299   62.78648 -173.49996     7.0937    31.1009    1474.20  0.000e+00
      3.237   62.78648 -173.49996     7.0937    31.1010    1474.20  0.000e+00
      3.299   62.78648 -173.49996     7.0937    31.1010    1474.20  0.000e+00
      3.299   62.78648 -173.49996     7.0945    31.1005    1474.21  0.000e+00
      3.237   62.78648 -173.49996     7.0947    31.1008    1474.21  0.000e+00
      3.237   62.78648 -173.49996     7.0942    31.1001    1474.20  0.000e+00
      3.299   62.78648 -173.49996     7.0936    31.1001    1474.20  0.000e+00
      3.237   62.78648 -173.49996     7.0931    31.1003    1474.20  0.000e+00
      3.299   62.78648 -173.49996     7.0926    31.1002    1474.20  0.000e+00
      3.237   62.78648 -173.49996     7.0924    31.1003    1474.20  0.000e+00
      3.299   62.78648 -173.49996     7.0924    31.1002    1474.20  0.000e+00
      3.237   62.78648 -173.49996     7.0920    31.1004    1474.19  0.000e+00
      3.237   62.78648 -173.49996     7.0918    31.1007    1474.19  0.000e+00
      3.299   62.78648 -173.49996     7.0916    31.1005    1474.19  0.000e+00
      3.237   62.78648 -173.49996     7.0913    31.1005    1474.19  0.000e+00
      3.237   62.78648 -173.49996     7.0913    31.1006    1474.19  0.000e+00
      3.237   62.78648 -173.49996     7.0908    31.1008    1474.19  0.000e+00
      3.237   62.78648 -173.49996     7.0910    31.1009    1474.19  0.000e+00
      3.237   62.78648 -173.49996     7.0913    31.1007    1474.19  0.000e+00
      3.237   62.78648 -173.49996     7.0915    31.1009    1474.19  0.000e+00
      3.299   62.78648 -173.49996     7.0913    31.1010    1474.19  0.000e+00
      3.237   62.78648 -173.49996     7.0910    31.1015    1474.19  0.000e+00
      3.299   62.78648 -173.49996     7.0913    31.1011    1474.19  0.000e+00
      3.237   62.78648 -173.49996     7.0918    31.1004    1474.19  0.000e+00
      3.299   62.78648 -173.49996     7.0916    31.1010    1474.19  0.000e+00
      3.237   62.78648 -173.49996     7.0915    31.1010    1474.19  0.000e+00
      3.298   62.78648 -173.49996     7.0915    31.1008    1474.19  0.000e+00
      3.237   62.78648 -173.49996     7.0916    31.1007    1474.19  0.000e+00
      3.237   62.78648 -173.49996     7.0916    31.1005    1474.19  0.000e+00
      3.237   62.78648 -173.49996     7.0915    31.1010    1474.19  0.000e+00
      3.298   62.78648 -173.49996     7.0916    31.1008    1474.19  0.000e+00
      3.237   62.78648 -173.49996     7.0920    31.1006    1474.19  0.000e+00
      3.298   62.78648 -173.49996     7.0916    31.1008    1474.19  0.000e+00
      3.298   62.78648 -173.49996     7.0921    31.1002    1474.20  0.000e+00
      3.237   62.78648 -173.49996     7.0920    31.1004    1474.19  0.000e+00
      3.298   62.78648 -173.49996     7.0920    31.1003    1474.20  0.000e+00
      3.298   62.78648 -173.49996     7.0918    31.1003    1474.19  0.000e+00
      3.298   62.78648 -173.49996     7.0916    31.1004    1474.19  0.000e+00
      3.237   62.78648 -173.49996     7.0916    31.1003    1474.19  0.000e+00
      3.298   62.78648 -173.49996     7.0916    31.1008    1474.19  0.000e+00
      3.298   62.78648 -173.49996     7.0912    31.1007    1474.19  0.000e+00
      3.237   62.78648 -173.49996     7.0913    31.1004    1474.19  0.000e+00
      3.298   62.78648 -173.49996     7.0915    31.1002    1474.19  0.000e+00
      3.298   62.78648 -173.49996     7.0912    31.1005    1474.19  0.000e+00
      3.298   62.78648 -173.49996     7.0910    31.1003    1474.19  0.000e+00
      3.298   62.78648 -173.49996     7.0905    31.1007    1474.19  0.000e+00
      3.298   62.78648 -173.49996     7.0905    31.1014    1474.19  0.000e+00
      3.298   62.78648 -173.49996     7.0908    31.1022    1474.19  0.000e+00
      3.298   62.78648 -173.49996     7.0918    31.1023    1474.20  0.000e+00
      3.352   62.78648 -173.49996     7.0928    31.1021    1474.20  0.000e+00
      3.298   62.78648 -173.49996     7.0940    31.1014    1474.20  0.000e+00
      3.298   62.78648 -173.49996     7.0942    31.1008    1474.20  0.000e+00
      3.298   62.78648 -173.49996     7.0942    31.1003    1474.20  0.000e+00
      3.298   62.78648 -173.49996     7.0937    31.1002    1474.20  0.000e+00
      3.298   62.78648 -173.49996     7.0936    31.1010    1474.20  0.000e+00
      3.352   62.78648 -173.49996     7.0936    31.1013    1474.20  0.000e+00
      3.298   62.78648 -173.49996     7.0934    31.1013    1474.20  0.000e+00
      3.352   62.78648 -173.49996     7.0934    31.1011    1474.20  0.000e+00
      3.352   62.78648 -173.49996     7.0939    31.1014    1474.21  0.000e+00
      3.352   62.78648 -173.49996     7.0945    31.1018    1474.21  0.000e+00
      3.406   62.78648 -173.49996     7.0953    31.1014    1474.21  0.000e+00
      3.352   62.78648 -173.49996     7.0965    31.1012    1474.22  0.000e+00
      3.406   62.78648 -173.49996     7.0967    31.1019    1474.22  0.000e+00
      3.352   62.78648 -173.49996     7.0976    31.1012    1474.22  0.000e+00
      3.406   62.78648 -173.49996     7.0991    31.1008    1474.23  0.000e+00
      3.406   62.78648 -173.49996     7.0997    31.1003    1474.23  0.000e+00
      3.406   62.78648 -173.49996     7.0999    31.1002    1474.23  0.000e+00
      3.406   62.78648 -173.49996     7.0999    31.1005    1474.23  0.000e+00
      3.406   62.78648 -173.49996     7.1002    31.1009    1474.23  0.000e+00
      3.406   62.78648 -173.49996     7.1005    31.1007    1474.23  0.000e+00
      3.468   62.78648 -173.49996     7.1002    31.1004    1474.23  0.000e+00
      3.468   62.78648 -173.49996     7.1000    31.1002    1474.23  0.000e+00
      3.468   62.78648 -173.49996     7.0994    31.1001    1474.23  0.000e+00
      3.468   62.78648 -173.49996     7.0990    31.1004    1474.23  0.000e+00
      3.522   62.78648 -173.49996     7.0988    31.1002    1474.23  0.000e+00
      3.468   62.78648 -173.49996     7.0986    31.1006    1474.22  0.000e+00
      3.468   62.78648 -173.49996     7.0983    31.1005    1474.22  0.000e+00
      3.468   62.78648 -173.49996     7.0983    31.1003    1474.22  0.000e+00
      3.522   62.78648 -173.49996     7.0984    31.1008    1474.22  0.000e+00
      3.522   62.78648 -173.49996     7.0991    31.1016    1474.23  0.000e+00
      3.522   62.78648 -173.49996     7.1003    31.1017    1474.23  0.000e+00
      3.583   62.78648 -173.49996     7.1009    31.1013    1474.24  0.000e+00
