EcoFOCI/data/1_SampleCollection/2023_SikuliaqDBO_CruiseData/CTD_raw_BottleFile_SKQ23-12S/proc/skq202312s_070svpavg.cnv
* Sea-Bird SBE 9 Data File:
* FileName = D:\CTD\SKQ202312S\SKQ202312S_070.hex
* Software Version Seasave V 7.26.7.121
* Temperature SN = 6177
* Conductivity SN = 0369
* Number of Bytes Per Scan = 41
* Number of Voltage Words = 4
* Number of Scans Averaged by the Deck Unit = 1
* NMEA Latitude = 67 53.89 N
* NMEA Longitude = 168 14.05 W
* NMEA UTC (Time) = Sep 30 2023  04:20:28
* NMEA baud rate = 4800
** Ship: R/V Sikuliaq
** Station Number: 070
** Station Name: DBO3.6
** Bottom Depth: 50
** Operator: SD
# nquan = 7
# nvalues = 51                          
# units = specified
# name 0 = depSM: Depth [salt water, m]
# name 1 = latitude: Latitude [deg]
# name 2 = longitude: Longitude [deg]
# name 3 = t090C: Temperature [ITS-90, deg C]
# name 4 = sal00: Salinity, Practical [PSU]
# name 5 = svCM: Sound Velocity [Chen-Millero, m/s]
# name 6 = flag: flag
# span 0 =      3.000,     53.000       
# span 1 =   67.89816,   67.89818       
# span 2 = -168.23388, -168.23361       
# span 3 =     2.8540,     6.0317       
# span 4 =    27.4806,    32.4301       
# span 5 =    1456.49,    1467.75       
# span 6 = 0.0000e+00, 0.0000e+00       
# interval = meters: 1                  
# start_time = Sep 30 2023 04:23:19 [NMEA time, first data scan]
# bad_flag = -9.990e-29
*END*
      3.000   67.89816 -168.23388     3.8766    27.4821    1456.49 0.0000e+00
      4.000   67.89816 -168.23386     3.9581    27.4806    1456.85 0.0000e+00
      5.000   67.89816 -168.23385     4.1276    27.6840    1457.84 0.0000e+00
      6.000   67.89816 -168.23384     3.8119    27.8099    1456.68 0.0000e+00
      7.000   67.89816 -168.23384     3.9133    28.0822    1457.48 0.0000e+00
      8.000   67.89816 -168.23382     3.8462    28.2056    1457.37 0.0000e+00
      9.000   67.89816 -168.23382     3.9327    28.3275    1457.91 0.0000e+00
     10.000   67.89816 -168.23381     4.1336    28.3706    1458.83 0.0000e+00
     11.000   67.89816 -168.23380     4.1765    28.3931    1459.06 0.0000e+00
     12.000   67.89816 -168.23380     4.3276    28.4805    1459.82 0.0000e+00
     13.000   67.89816 -168.23378     5.1020    28.8500    1463.52 0.0000e+00
     14.000   67.89816 -168.23378     6.0317    29.1743    1467.75 0.0000e+00
     15.000   67.89816 -168.23377     5.7767    29.3187    1466.92 0.0000e+00
     16.000   67.89816 -168.23376     5.3801    29.5307    1465.59 0.0000e+00
     17.000   67.89816 -168.23376     4.7338    29.6107    1463.04 0.0000e+00
     18.000   67.89816 -168.23376     4.8341    29.8895    1463.83 0.0000e+00
     19.000   67.89816 -168.23374     5.2179    30.1339    1465.74 0.0000e+00
     20.000   67.89816 -168.23374     5.2071    30.1012    1465.67 0.0000e+00
     21.000   67.89816 -168.23374     5.2890    30.7358    1466.83 0.0000e+00
     22.000   67.89816 -168.23374     5.3151    30.8785    1467.14 0.0000e+00
     23.000   67.89816 -168.23372     5.2838    30.9133    1467.07 0.0000e+00
     24.000   67.89816 -168.23372     4.8706    31.3356    1465.93 0.0000e+00
     25.000   67.89816 -168.23372     4.4890    31.6690    1464.79 0.0000e+00
     26.000   67.89816 -168.23372     3.9388    31.7650    1462.63 0.0000e+00
     27.000   67.89816 -168.23370     3.1512    31.9186    1459.50 0.0000e+00
     28.000   67.89816 -168.23370     3.0901    32.1377    1459.54 0.0000e+00
     29.000   67.89816 -168.23370     3.0557    32.2916    1459.61 0.0000e+00
     30.000   67.89816 -168.23370     2.9892    32.3520    1459.42 0.0000e+00
     31.000   67.89816 -168.23370     2.8815    32.3604    1458.98 0.0000e+00
     32.000   67.89816 -168.23368     2.8673    32.3599    1458.93 0.0000e+00
     33.000   67.89816 -168.23368     2.8540    32.3590    1458.89 0.0000e+00
     34.000   67.89816 -168.23368     2.8708    32.3639    1458.99 0.0000e+00
     35.000   67.89816 -168.23368     2.8875    32.3663    1459.08 0.0000e+00
     36.000   67.89816 -168.23368     2.9161    32.3722    1459.23 0.0000e+00
     37.000   67.89816 -168.23367     2.9834    32.3838    1459.55 0.0000e+00
     38.000   67.89816 -168.23366     3.0277    32.3993    1459.77 0.0000e+00
     39.000   67.89816 -168.23366     3.0212    32.4046    1459.77 0.0000e+00
     40.000   67.89816 -168.23366     3.0172    32.4074    1459.77 0.0000e+00
     41.000   67.89816 -168.23366     3.0108    32.4102    1459.77 0.0000e+00
     42.000   67.89816 -168.23365     3.0071    32.4109    1459.77 0.0000e+00
     43.000   67.89816 -168.23366     3.0040    32.4117    1459.77 0.0000e+00
     44.000   67.89816 -168.23365     3.0007    32.4121    1459.77 0.0000e+00
     45.000   67.89816 -168.23364     2.9923    32.4145    1459.76 0.0000e+00
     46.000   67.89816 -168.23364     2.9892    32.4150    1459.76 0.0000e+00
     47.000   67.89816 -168.23364     2.9849    32.4163    1459.76 0.0000e+00
     48.000   67.89818 -168.23364     2.9779    32.4170    1459.75 0.0000e+00
     49.000   67.89818 -168.23362     2.9733    32.4179    1459.75 0.0000e+00
     50.000   67.89818 -168.23362     2.9649    32.4206    1459.73 0.0000e+00
     51.000   67.89818 -168.23362     2.9591    32.4232    1459.73 0.0000e+00
     52.000   67.89818 -168.23362     2.9530    32.4268    1459.72 0.0000e+00
     53.000   67.89818 -168.23361     2.9490    32.4301    1459.72 0.0000e+00
