EcoFOCI/data/1_SampleCollection/2023_SikuliaqDBO_CruiseData/CTD_raw_BottleFile_SKQ23-12S/proc/skq202312s_077.cnv
* Sea-Bird SBE 9 Data File:
* FileName = D:\CTD\SKQ202312S\SKQ202312S_077.hex
* Software Version Seasave V 7.26.7.121
* Temperature SN = 6177
* Conductivity SN = 0369
* Number of Bytes Per Scan = 41
* Number of Voltage Words = 4
* Number of Scans Averaged by the Deck Unit = 1
* NMEA Latitude = 65 46.95 N
* NMEA Longitude = 168 50.45 W
* NMEA UTC (Time) = Oct 03 2023  04:36:08
* NMEA baud rate = 4800
** Ship: R/V Sikuliaq
** Station Number: 077
** Station Name: BS8
** Bottom Depth: 47
** Operator: SD
# nquan = 24
# nvalues = 4966                                  
# units = specified
# name 0 = depSM: Depth [salt water, m]
# name 1 = latitude: Latitude [deg]
# name 2 = longitude: Longitude [deg]
# name 3 = prDM: Pressure, Digiquartz [db]
# name 4 = t090C: Temperature [ITS-90, deg C]
# name 5 = t190C: Temperature, 2 [ITS-90, deg C]
# name 6 = potemp090C: Potential Temperature [ITS-90, deg C]
# name 7 = sal00: Salinity, Practical [PSU]
# name 8 = sal11: Salinity, Practical, 2 [PSU]
# name 9 = density00: Density [density, kg/m^3]
# name 10 = sigma-é00: Density [sigma-theta, kg/m^3]
# name 11 = sbox0Mm/Kg: Oxygen, SBE 43 [umol/kg]
# name 12 = sbox1Mm/Kg: Oxygen, SBE 43, 2 [umol/kg]
# name 13 = oxsolMm/Kg: Oxygen Saturation, Garcia & Gordon [umol/kg]
# name 14 = sbeox0PS: Oxygen, SBE 43 [% saturation]
# name 15 = sbeox1PS: Oxygen, SBE 43, 2 [% saturation]
# name 16 = v0: Voltage 0
# name 17 = flECO-AFL: Fluorescence, WET Labs ECO-AFL/FL [mg/m^3]
# name 18 = v1: Voltage 1
# name 19 = CStarAt0: Beam Attenuation, WET Labs C-Star [1/m]
# name 20 = par: PAR/Irradiance, Biospherical/Licor
# name 21 = scan: Scan Count
# name 22 = timeM: Time, Elapsed [minutes]
# name 23 = flag:  0.000e+00
# span 0 =      2.737,     43.126                 
# span 1 =   65.78198,   65.78216                 
# span 2 = -168.84226, -168.84170                 
# span 3 =      2.764,     43.560                 
# span 4 =     2.8089,     5.7676                 
# span 5 =     2.8092,     5.7722                 
# span 6 =     2.8076,     5.7673                 
# span 7 =    28.3176,    32.9114                 
# span 8 =    28.2585,    32.9230                 
# span 9 =  1022.3250,  1026.4158                 
# span 10 =    22.3085,    26.2122                
# span 11 =    238.650,    296.629                
# span 12 =    229.438,    284.369                
# span 13 =  314.12370,  329.72979                
# span 14 =     72.950,     93.563                
# span 15 =     70.140,     89.588                
# span 16 =     0.1563,     0.4371                
# span 17 =     0.5897,     2.2747                
# span 18 =     3.6752,     3.9731                
# span 19 =     0.6826,     0.9945                
# span 20 = 1.0000e-12, 2.7170e+00                
# span 21 =          1,       4966                
# span 22 =     0.0000,     3.4479                
# span 23 = 0.0000e+00, 0.0000e+00                
# interval = seconds: 0.0416667
# start_time = Oct 03 2023 04:40:00 [NMEA time, first data scan]
# bad_flag = -9.990e-29
*END*
[from data line 4227]
     41.807   65.78198 -168.84224     42.228     3.0689     3.0697     3.0664    32.9107    32.9224  1026.4097    26.2117    239.822    230.640  327.15102     73.306     70.507     0.2442     1.1172     3.7057     0.9614 1.0000e-12       4228     2.9354  0.000e+00
     41.807   65.78198 -168.84224     42.228     3.0687     3.0697     3.0663    32.9107    32.9223  1026.4097    26.2117    239.697    230.633  327.15201     73.268     70.505     0.2454     1.1245     3.7057     0.9614 1.0000e-12       4229     2.9361  0.000e+00
     41.807   65.78198 -168.84224     42.228     3.0687     3.0695     3.0663    32.9108    32.9226  1026.4098    26.2118    239.676    230.629  327.15161     73.261     70.503     0.2454     1.1245     3.7057     0.9614 1.0000e-12       4230     2.9368  0.000e+00
     41.807   65.78198 -168.84224     42.228     3.0690     3.0697     3.0666    32.9103    32.9223  1026.4093    26.2113    239.656    230.624  327.15084     73.256     70.502     0.2442     1.1172     3.7070     0.9601 1.0000e-12       4231     2.9375  0.000e+00
     41.869   65.78198 -168.84224     42.290     3.0687     3.0697     3.0663    32.9105    32.9225  1026.4098    26.2115    239.642    230.623  327.15240     73.251     70.502     0.2442     1.1172     3.7057     0.9614 1.0000e-12       4232     2.9382  0.000e+00
     41.807   65.78198 -168.84224     42.228     3.0689     3.0697     3.0664    32.9105    32.9221  1026.4095    26.2115    240.057    230.428  327.15152     73.378     70.442     0.2454     1.1245     3.7057     0.9614 1.0000e-12       4233     2.9389  0.000e+00
     41.807   65.78198 -168.84224     42.228     3.0687     3.0697     3.0663    32.9108    32.9222  1026.4098    26.2118    240.110    230.602  327.15161     73.394     70.496     0.2442     1.1172     3.7057     0.9614 1.0000e-12       4234     2.9396  0.000e+00
     41.869   65.78198 -168.84224     42.290     3.0689     3.0697     3.0664    32.9108    32.9225  1026.4101    26.2118    239.728    230.608  327.15080     73.278     70.498     0.2442     1.1172     3.7057     0.9614 1.0000e-12       4235     2.9403  0.000e+00
     41.869   65.78198 -168.84224     42.290     3.0690     3.0699     3.0666    32.9106    32.9224  1026.4099    26.2116    239.710    230.396  327.15002     73.272     70.433     0.2442     1.1172     3.7057     0.9614 1.0000e-12       4236     2.9410  0.000e+00
     41.807   65.78198 -168.84224     42.228     3.0690     3.0699     3.0666    32.9107    32.9222  1026.4096    26.2116    239.692    230.381  327.14993     73.267     70.428     0.2442     1.1172     3.7070     0.9601 1.0000e-12       4237     2.9417  0.000e+00
     41.923   65.78198 -168.84224     42.344     3.0687     3.0697     3.0663    32.9109    32.9223  1026.4104    26.2118    239.683    230.350  327.15157     73.263     70.419     0.2454     1.1245     3.7070     0.9601 1.0000e-12       4238     2.9424  0.000e+00
     41.869   65.78198 -168.84224     42.290     3.0689     3.0697     3.0664    32.9108    32.9225  1026.4101    26.2118    239.667    230.339  327.15080     73.259     70.415     0.2442     1.1172     3.7131     0.9535 1.0000e-12       4239     2.9431  0.000e+00
     41.923   65.78198 -168.84224     42.344     3.0689     3.0699     3.0664    32.9108    32.9224  1026.4103    26.2117    239.657    230.310  327.15098     73.256     70.407     0.2454     1.1245     3.7179     0.9482 1.0000e-12       4240     2.9438  0.000e+00
     41.923   65.78198 -168.84224     42.344     3.0689     3.0697     3.0664    32.9101    32.9223  1026.4097    26.2112    239.865    230.282  327.15258     73.319     70.398     0.2442     1.1172     3.7167     0.9496 1.0000e-12       4241     2.9444  0.000e+00
     41.923   65.78198 -168.84224     42.344     3.0689     3.0697     3.0665    32.9105    32.9227  1026.4100    26.2115    239.889    230.061  327.15128     73.327     70.331     0.2393     1.0879     3.7179     0.9482 1.0000e-12       4242     2.9451  0.000e+00
     41.923   65.78198 -168.84224     42.344     3.0689     3.0697     3.0664    32.9108    32.9224  1026.4103    26.2117    239.913    230.039  327.15088     73.334     70.324     0.2039     0.8754     3.7179     0.9482 1.0000e-12       4243     2.9458  0.000e+00
     41.923   65.78198 -168.84224     42.344     3.0687     3.0697     3.0663    32.9109    32.9220  1026.4104    26.2118    239.939    230.021  327.15157     73.342     70.318     0.1880     0.7802     3.7167     0.9496 1.0000e-12       4244     2.9465  0.000e+00
     41.923   65.78198 -168.84224     42.344     3.0687     3.0697     3.0663    32.9109    32.9221  1026.4104    26.2118    239.747    230.200  327.15157     73.283     70.373     0.1856     0.7656     3.7167     0.9496 1.0000e-12       4245     2.9472  0.000e+00
     41.923   65.78198 -168.84224     42.344     3.0689     3.0697     3.0665    32.9103    32.9227  1026.4099    26.2113    239.955    230.209  327.15178     73.347     70.376     0.1880     0.7802     3.7179     0.9482 1.0000e-12       4246     2.9479  0.000e+00
     41.984   65.78198 -168.84224     42.407     3.0687     3.0697     3.0663    32.9105    32.9224  1026.4104    26.2115    239.767    230.202  327.15245     73.289     70.373     0.1868     0.7729     3.7167     0.9496 1.0000e-12       4247     2.9486  0.000e+00
     41.984   65.78198 -168.84224     42.407     3.0689     3.0697     3.0664    32.9104    32.9224  1026.4103    26.2114    239.976    229.999  327.15176     73.353     70.311     0.1880     0.7802     3.7167     0.9496 1.0000e-12       4248     2.9493  0.000e+00
     41.984   65.78198 -168.84224     42.407     3.0689     3.0697     3.0664    32.9106    32.9225  1026.4105    26.2116    240.003    229.970  327.15126     73.361     70.303     0.1880     0.7802     3.7167     0.9496 1.0000e-12       4249     2.9500  0.000e+00
     41.984   65.78198 -168.84224     42.407     3.0687     3.0697     3.0663    32.9108    32.9223  1026.4106    26.2118    240.248    229.775  327.15165     73.436     70.243     0.1880     0.7802     3.7167     0.9496 1.0000e-12       4250     2.9507  0.000e+00
     41.977   65.78198 -168.84224     42.399     3.0689     3.0699     3.0664    32.9106    32.9223  1026.4104    26.2115    240.091    229.730  327.15145     73.388     70.229     0.1868     0.7729     3.7167     0.9496 1.0000e-12       4251     2.9514  0.000e+00
     41.984   65.78198 -168.84224     42.407     3.0689     3.0696     3.0664    32.9106    32.9225  1026.4105    26.2116    240.117    229.910  327.15126     73.396     70.284     0.1880     0.7802     3.7167     0.9496 1.0000e-12       4252     2.9521  0.000e+00
     42.039   65.78198 -168.84224     42.461     3.0686     3.0697     3.0661    32.9107    32.9224  1026.4108    26.2117    240.147    229.921  327.15321     73.405     70.288     0.1880     0.7802     3.7179     0.9482 1.0000e-12       4253     2.9528  0.000e+00
     41.984   65.78198 -168.84224     42.407     3.0689     3.0697     3.0665    32.9106    32.9227  1026.4104    26.2116    240.169    229.910  327.15096     73.412     70.284     0.1880     0.7802     3.7179     0.9482 1.0000e-12       4254     2.9535  0.000e+00
     42.038   65.78198 -168.84224     42.461     3.0689     3.0699     3.0664    32.9109    32.9224  1026.4109    26.2118    240.197    229.904  327.15053     73.421     70.283     0.1880     0.7802     3.7167     0.9496 1.0000e-12       4255     2.9542  0.000e+00
     42.038   65.78198 -168.84224     42.461     3.0687     3.0697     3.0663    32.9107    32.9220  1026.4108    26.2117    240.224    229.926  327.15202     73.429     70.289     0.1880     0.7802     3.7179     0.9482 1.0000e-12       4256     2.9549  0.000e+00
     42.038   65.78198 -168.84224     42.461     3.0690     3.0699     3.0666    32.9102    32.9221  1026.4104    26.2113    240.249    229.925  327.15095     73.437     70.289     0.1880     0.7802     3.7167     0.9496 1.0000e-12       4257     2.9556  0.000e+00
     42.093   65.78198 -168.84224     42.516     3.0689     3.0697     3.0664    32.9105    32.9230  1026.4109    26.2115    240.278    229.734  327.15111     73.445     70.231     0.1880     0.7802     3.7167     0.9496 1.0000e-12       4258     2.9562  0.000e+00
     42.038   65.78198 -168.84224     42.461     3.0689     3.0699     3.0664    32.9105    32.9223  1026.4106    26.2115    240.302    229.717  327.15153     73.453     70.225     0.1880     0.7802     3.7131     0.9535 1.0000e-12       4259     2.9569  0.000e+00
     42.093   65.78198 -168.84224     42.516     3.0690     3.0699     3.0666    32.9102    32.9222  1026.4106    26.2113    240.330    229.706  327.15102     73.461     70.222     0.1880     0.7802     3.7094     0.9575 1.0000e-12       4260     2.9576  0.000e+00
     42.038   65.78198 -168.84224     42.461     3.0689     3.0697     3.0664    32.9104    32.9225  1026.4105    26.2114    239.921    229.697  327.15183     73.336     70.219     0.1893     0.7875     3.7082     0.9588 1.0000e-12       4261     2.9583  0.000e+00
     42.093   65.78198 -168.84224     42.516     3.0691     3.0697     3.0666    32.9106    32.9225  1026.4109    26.2116    240.278    229.694  327.14962     73.446     70.218     0.1880     0.7802     3.7094     0.9575 1.0000e-12       4262     2.9590  0.000e+00
     42.093   65.78198 -168.84224     42.516     3.0687     3.0699     3.0663    32.9105    32.9221  1026.4109    26.2115    240.308    229.693  327.15250     73.454     70.218     0.1893     0.7875     3.7082     0.9588 1.0000e-12       4263     2.9597  0.000e+00
     42.093   65.78198 -168.84224     42.516     3.0689     3.0697     3.0664    32.9103    32.9226  1026.4107    26.2113    240.335    229.695  327.15211     73.463     70.219     0.1880     0.7802     3.7094     0.9575 1.0000e-12       4264     2.9604  0.000e+00
     42.147   65.78198 -168.84224     42.570     3.0689     3.0699     3.0664    32.9104    32.9221  1026.4110    26.2114    240.364    229.486  327.15198     73.472     70.155     0.1893     0.7875     3.7094     0.9575 1.0000e-12       4265     2.9611  0.000e+00
     42.093   65.78198 -168.84224     42.516     3.0687     3.0697     3.0663    32.9107    32.9224  1026.4110    26.2117    240.607    229.472  327.15199     73.546     70.150     0.1880     0.7802     3.7094     0.9575 1.0000e-12       4266     2.9618  0.000e+00
     42.154   65.78198 -168.84224     42.578     3.0692     3.0697     3.0667    32.9101    32.9226  1026.4108    26.2111    240.632    229.466  327.15011     73.554     70.149     0.1880     0.7802     3.7094     0.9575 1.0000e-12       4267     2.9625  0.000e+00
     42.093   65.78198 -168.84224     42.516     3.0689     3.0699     3.0664    32.9106    32.9222  1026.4110    26.2116    240.472    229.438  327.15130     73.505     70.140     0.1917     0.8022     3.7094     0.9575 1.0000e-12       4268     2.9632  0.000e+00
     42.154   65.78198 -168.84224     42.578     3.0687     3.0699     3.0663    32.9107    32.9222  1026.4114    26.2117    240.679    229.441  327.15188     73.568     70.141     0.1966     0.8315     3.7094     0.9575 1.0000e-12       4269     2.9639  0.000e+00
     42.154   65.78198 -168.84224     42.578     3.0687     3.0697     3.0663    32.9110    32.9223  1026.4115    26.2119    240.697    229.447  327.15127     73.574     70.143     0.1966     0.8315     3.7094     0.9575 1.0000e-12       4270     2.9646  0.000e+00
     42.154   65.78198 -168.84224     42.578     3.0689     3.0697     3.0664    32.9107    32.9226  1026.4113    26.2117    240.749    229.628  327.15108     73.590     70.198     0.1978     0.8388     3.7094     0.9575 1.0000e-12       4271     2.9653  0.000e+00
     42.208   65.78198 -168.84224     42.633     3.0689     3.0697     3.0664    32.9106    32.9223  1026.4115    26.2116    240.585    229.642  327.15126     73.539     70.202     0.1966     0.8315     3.7094     0.9575 1.0000e-12       4272     2.9660  0.000e+00
     42.208   65.78198 -168.84224     42.633     3.0689     3.0699     3.0664    32.9105    32.9220  1026.4114    26.2115    240.781    229.657  327.15106     73.599     70.207     0.1978     0.8388     3.7082     0.9588 1.0000e-12       4273     2.9667  0.000e+00
     42.154   65.78198 -168.84224     42.578     3.0689     3.0697     3.0664    32.9109    32.9221  1026.4114    26.2118    240.791    229.697  327.15068     73.602     70.219     0.1966     0.8315     3.7094     0.9575 1.0000e-12       4274     2.9674  0.000e+00
     42.154   65.78198 -168.84224     42.578     3.0689     3.0699     3.0664    32.9110    32.9222  1026.4115    26.2119    240.583    229.718  327.15048     73.539     70.226     0.1978     0.8388     3.7094     0.9575 1.0000e-12       4275     2.9681  0.000e+00
     42.208   65.78198 -168.84224     42.633     3.0689     3.0699     3.0664    32.9103    32.9222  1026.4113    26.2114    240.558    229.744  327.15206     73.531     70.233     0.1966     0.8315     3.7094     0.9575 1.0000e-12       4276     2.9688  0.000e+00
     42.208   65.78198 -168.84224     42.633     3.0689     3.0696     3.0664    32.9111    32.9225  1026.4119    26.2120    240.527    229.772  327.14976     73.522     70.242     0.1966     0.8315     3.7094     0.9575 1.0000e-12       4277     2.9694  0.000e+00
     42.208   65.78198 -168.84224     42.633     3.0690     3.0697     3.0665    32.9109    32.9224  1026.4117    26.2118    240.930    229.802  327.14937     73.645     70.251     0.1966     0.8315     3.7094     0.9575 1.0000e-12       4278     2.9701  0.000e+00
     42.262   65.78198 -168.84224     42.687     3.0687     3.0697     3.0663    32.9105    32.9224  1026.4117    26.2115    240.535    229.836  327.15242     73.524     70.262     0.1966     0.8315     3.7033     0.9640 1.0000e-12       4279     2.9708  0.000e+00
     42.208   65.78198 -168.84224     42.633     3.0689     3.0697     3.0664    32.9106    32.9222  1026.4115    26.2115    240.713    229.677  327.15146     73.579     70.213     0.1966     0.8315     3.6960     0.9720 1.0000e-12       4280     2.9715  0.000e+00
     42.208   65.78198 -168.84224     42.633     3.0687     3.0699     3.0663    32.9107    32.9222  1026.4116    26.2117    240.709    229.693  327.15195     73.577     70.218     0.1966     0.8315     3.6935     0.9746 1.0000e-12       4281     2.9722  0.000e+00
     42.208   65.78198 -168.84224     42.633     3.0689     3.0700     3.0664    32.9104    32.9223  1026.4113    26.2114    240.775    229.689  327.15196     73.597     70.217     0.1978     0.8388     3.6935     0.9746 1.0000e-12       4282     2.9729  0.000e+00
     42.270   65.78198 -168.84224     42.695     3.0689     3.0697     3.0664    32.9105    32.9224  1026.4117    26.2115    240.625    229.910  327.15164     73.551     70.284     0.1966     0.8315     3.6947     0.9733 1.0000e-12       4283     2.9736  0.000e+00
     42.270   65.78198 -168.84224     42.695     3.0689     3.0699     3.0664    32.9106    32.9220  1026.4118    26.2116    240.801    229.959  327.15134     73.605     70.299     0.1978     0.8388     3.6947     0.9733 1.0000e-12       4284     2.9743  0.000e+00
     42.270   65.78198 -168.84224     42.695     3.0689     3.0699     3.0664    32.9105    32.9221  1026.4117    26.2115    240.792    229.987  327.15114     73.603     70.308     0.1966     0.8315     3.6935     0.9746 1.0000e-12       4285     2.9750  0.000e+00
     42.262   65.78198 -168.84224     42.687     3.0690     3.0697     3.0665    32.9107    32.9224  1026.4118    26.2116    240.779    229.823  327.14994     73.599     70.257     0.1978     0.8388     3.6947     0.9733 1.0000e-12       4286     2.9757  0.000e+00
