EcoFOCI/data/1_SampleCollection/2023_SikuliaqDBO_CruiseData/CTD_raw_BottleFile_SKQ23-12S/proc/skq202312s_067svp.cnv
* Sea-Bird SBE 9 Data File:
* FileName = D:\CTD\SKQ202312S\SKQ202312S_067.hex
* Software Version Seasave V 7.26.7.121
* Temperature SN = 6177
* Conductivity SN = 0369
* Number of Bytes Per Scan = 41
* Number of Voltage Words = 4
* Number of Scans Averaged by the Deck Unit = 1
* NMEA Latitude = 72 18.60 N
* NMEA Longitude = 167 16.17 W
* NMEA UTC (Time) = Sep 28 2023  14:28:44
* NMEA baud rate = 4800
** Ship: R/V Sikuliaq
** Station Number: 067
** Station Name: C15
** Bottom Depth: 49
** Operator: SD
# nquan = 7
# nvalues = 4750                                  
# units = specified
# name 0 = depSM: Depth [salt water, m]
# name 1 = latitude: Latitude [deg]
# name 2 = longitude: Longitude [deg]
# name 3 = t090C: Temperature [ITS-90, deg C]
# name 4 = sal00: Salinity, Practical [PSU]
# name 5 = svCM: Sound Velocity [Chen-Millero, m/s]
# name 6 = flag:  0.000e+00
# span 0 =      2.138,     43.455                 
# span 1 =   72.30998,   72.31000                 
# span 2 = -167.26968, -167.26960                 
# span 3 =     0.6998,     4.8995                 
# span 4 =    30.7280,    32.5134                 
# span 5 =    1449.55,    1467.16                 
# span 6 = 0.0000e+00, 0.0000e+00                 
# interval = seconds: 0.0416667
# start_time = Sep 28 2023 14:32:23 [NMEA time, first data scan]
# bad_flag = -9.990e-29
*END*
[from data line 2667]
     26.848   72.30998 -167.26960     2.8022    32.3213    1458.52  0.000e+00
     26.925   72.30998 -167.26960     2.7699    32.3207    1458.38  0.000e+00
     26.848   72.30998 -167.26960     2.7381    32.3210    1458.24  0.000e+00
     26.925   72.30998 -167.26960     2.7078    32.3231    1458.11  0.000e+00
     26.963   72.30998 -167.26960     2.6801    32.3254    1458.00  0.000e+00
     26.963   72.30998 -167.26960     2.6542    32.3242    1457.88  0.000e+00
     27.040   72.30998 -167.26960     2.6259    32.3239    1457.76  0.000e+00
     26.963   72.30998 -167.26960     2.5955    32.3312    1457.64  0.000e+00
     27.094   72.30998 -167.26960     2.5672    32.3383    1457.53  0.000e+00
     27.017   72.30998 -167.26960     2.5412    32.3440    1457.42  0.000e+00
     27.156   72.30998 -167.26960     2.5166    32.3493    1457.32  0.000e+00
     27.079   72.30998 -167.26960     2.4946    32.3535    1457.23  0.000e+00
     27.156   72.30998 -167.26960     2.4749    32.3580    1457.15  0.000e+00
     27.194   72.30998 -167.26960     2.4571    32.3608    1457.08  0.000e+00
     27.156   72.30998 -167.26960     2.4409    32.3610    1457.01  0.000e+00
     27.248   72.30998 -167.26960     2.4249    32.3633    1456.94  0.000e+00
     27.264   72.30998 -167.26960     2.4100    32.3667    1456.88  0.000e+00
     27.248   72.30998 -167.26960     2.3966    32.3695    1456.83  0.000e+00
     27.302   72.30998 -167.26960     2.3843    32.3720    1456.78  0.000e+00
     27.325   72.30998 -167.26960     2.3733    32.3749    1456.73  0.000e+00
     27.364   72.30998 -167.26960     2.3646    32.3773    1456.70  0.000e+00
     27.325   72.30998 -167.26960     2.3568    32.3768    1456.66  0.000e+00
     27.418   72.30998 -167.26960     2.3487    32.3768    1456.63  0.000e+00
     27.441   72.30998 -167.26960     2.3404    32.3758    1456.59  0.000e+00
     27.418   72.30998 -167.26960     2.3316    32.3761    1456.56  0.000e+00
     27.495   72.30998 -167.26960     2.3230    32.3799    1456.52  0.000e+00
     27.480   72.30998 -167.26960     2.3171    32.3816    1456.50  0.000e+00
     27.495   72.30998 -167.26960     2.3120    32.3809    1456.48  0.000e+00
     27.595   72.30998 -167.26960     2.3068    32.3805    1456.46  0.000e+00
     27.549   72.30998 -167.26960     2.3012    32.3792    1456.43  0.000e+00
     27.595   72.30998 -167.26960     2.2949    32.3790    1456.40  0.000e+00
     27.649   72.30998 -167.26960     2.2890    32.3790    1456.38  0.000e+00
     27.611   72.30998 -167.26960     2.2838    32.3788    1456.35  0.000e+00
     27.649   72.30998 -167.26960     2.2783    32.3785    1456.33  0.000e+00
     27.726   72.30998 -167.26960     2.2720    32.3749    1456.30  0.000e+00
     27.703   72.30998 -167.26960     2.2646    32.3704    1456.26  0.000e+00
     27.726   72.30998 -167.26960     2.2554    32.3678    1456.22  0.000e+00
     27.765   72.30998 -167.26960     2.2444    32.3686    1456.17  0.000e+00
     27.780   72.30998 -167.26960     2.2338    32.3710    1456.13  0.000e+00
     27.819   72.30998 -167.26960     2.2246    32.3744    1456.09  0.000e+00
     27.780   72.30998 -167.26960     2.2161    32.3767    1456.06  0.000e+00
     27.819   72.30998 -167.26960     2.2089    32.3781    1456.03  0.000e+00
     27.842   72.30998 -167.26960     2.2030    32.3808    1456.01  0.000e+00
     27.934   72.30998 -167.26960     2.1978    32.3809    1455.98  0.000e+00
     27.842   72.30998 -167.26960     2.1928    32.3805    1455.96  0.000e+00
     27.934   72.30998 -167.26960     2.1880    32.3817    1455.94  0.000e+00
     27.950   72.30998 -167.26960     2.1842    32.3813    1455.93  0.000e+00
     27.934   72.30998 -167.26960     2.1800    32.3817    1455.91  0.000e+00
     27.996   72.30998 -167.26960     2.1756    32.3818    1455.89  0.000e+00
     27.950   72.30998 -167.26960     2.1709    32.3826    1455.87  0.000e+00
     28.050   72.30998 -167.26960     2.1659    32.3848    1455.85  0.000e+00
     28.011   72.30998 -167.26960     2.1614    32.3862    1455.83  0.000e+00
     28.050   72.30998 -167.26960     2.1580    32.3850    1455.82  0.000e+00
     28.065   72.30998 -167.26960     2.1545    32.3844    1455.80  0.000e+00
     28.050   72.30998 -167.26960     2.1506    32.3878    1455.79  0.000e+00
     28.065   72.30998 -167.26960     2.1478    32.3909    1455.78  0.000e+00
     28.104   72.30998 -167.26960     2.1464    32.3909    1455.78  0.000e+00
     28.127   72.30998 -167.26962     2.1450    32.3894    1455.77  0.000e+00
     28.165   72.30998 -167.26962     2.1436    32.3866    1455.76  0.000e+00
     28.127   72.30998 -167.26962     2.1423    32.3848    1455.75  0.000e+00
     28.165   72.30998 -167.26962     2.1400    32.3846    1455.74  0.000e+00
     28.181   72.30998 -167.26962     2.1367    32.3851    1455.73  0.000e+00
     28.165   72.30998 -167.26962     2.1338    32.3866    1455.72  0.000e+00
     28.242   72.30998 -167.26962     2.1303    32.3888    1455.70  0.000e+00
     28.165   72.30998 -167.26962     2.1289    32.3894    1455.70  0.000e+00
     28.242   72.30998 -167.26962     2.1286    32.3887    1455.70  0.000e+00
     28.281   72.30998 -167.26962     2.1264    32.3885    1455.69  0.000e+00
     28.242   72.30998 -167.26962     2.1238    32.3906    1455.68  0.000e+00
     28.281   72.30998 -167.26962     2.1227    32.3888    1455.67  0.000e+00
     28.296   72.30998 -167.26962     2.1215    32.3848    1455.66  0.000e+00
     28.281   72.30998 -167.26962     2.1192    32.3836    1455.65  0.000e+00
     28.281   72.30998 -167.26962     2.1169    32.3822    1455.64  0.000e+00
     28.350   72.30998 -167.26962     2.1144    32.3816    1455.63  0.000e+00
     28.335   72.30998 -167.26962     2.1121    32.3829    1455.62  0.000e+00
     28.296   72.30998 -167.26962     2.1111    32.3817    1455.61  0.000e+00
     28.396   72.30998 -167.26962     2.1100    32.3799    1455.61  0.000e+00
     28.350   72.30998 -167.26962     2.1089    32.3794    1455.60  0.000e+00
     28.396   72.30998 -167.26962     2.1077    32.3804    1455.60  0.000e+00
     28.350   72.30998 -167.26962     2.1072    32.3788    1455.59  0.000e+00
     28.450   72.30998 -167.26962     2.1054    32.3769    1455.58  0.000e+00
     28.412   72.30998 -167.26962     2.1030    32.3762    1455.57  0.000e+00
     28.396   72.30998 -167.26962     2.1005    32.3776    1455.56  0.000e+00
     28.466   72.30998 -167.26962     2.0994    32.3792    1455.56  0.000e+00
     28.450   72.30998 -167.26962     2.0972    32.3827    1455.55  0.000e+00
     28.466   72.30998 -167.26962     2.0966    32.3837    1455.55  0.000e+00
     28.450   72.30998 -167.26962     2.0961    32.3821    1455.55  0.000e+00
     28.527   72.30998 -167.26962     2.0950    32.3820    1455.54  0.000e+00
     28.504   72.30998 -167.26962     2.0940    32.3823    1455.54  0.000e+00
     28.466   72.30998 -167.26962     2.0935    32.3805    1455.54  0.000e+00
     28.566   72.30998 -167.26962     2.0920    32.3773    1455.53  0.000e+00
     28.527   72.30998 -167.26962     2.0904    32.3756    1455.52  0.000e+00
     28.566   72.30998 -167.26962     2.0891    32.3766    1455.51  0.000e+00
     28.581   72.30998 -167.26962     2.0885    32.3767    1455.51  0.000e+00
     28.566   72.30998 -167.26962     2.0866    32.3778    1455.50  0.000e+00
     28.581   72.30998 -167.26962     2.0840    32.3783    1455.49  0.000e+00
     28.620   72.30998 -167.26962     2.0818    32.3788    1455.48  0.000e+00
     28.643   72.30998 -167.26962     2.0804    32.3793    1455.48  0.000e+00
     28.620   72.30998 -167.26962     2.0796    32.3794    1455.48  0.000e+00
     28.697   72.30998 -167.26962     2.0788    32.3781    1455.47  0.000e+00
     28.620   72.30998 -167.26962     2.0780    32.3777    1455.47  0.000e+00
     28.697   72.30998 -167.26962     2.0773    32.3769    1455.46  0.000e+00
     28.681   72.30998 -167.26962     2.0765    32.3762    1455.46  0.000e+00
     28.697   72.30998 -167.26962     2.0748    32.3758    1455.45  0.000e+00
     28.735   72.30998 -167.26962     2.0730    32.3756    1455.44  0.000e+00
     28.751   72.30998 -167.26962     2.0707    32.3764    1455.43  0.000e+00
     28.735   72.30998 -167.26960     2.0690    32.3773    1455.43  0.000e+00
     28.751   72.30998 -167.26960     2.0675    32.3774    1455.42  0.000e+00
     28.851   72.30998 -167.26960     2.0662    32.3755    1455.41  0.000e+00
     28.851   72.30998 -167.26960     2.0648    32.3730    1455.41  0.000e+00
     28.812   72.30998 -167.26960     2.0618    32.3710    1455.39  0.000e+00
     28.797   72.30998 -167.26960     2.0572    32.3703    1455.37  0.000e+00
     28.866   72.30998 -167.26960     2.0516    32.3713    1455.35  0.000e+00
     28.851   72.30998 -167.26960     2.0465    32.3721    1455.32  0.000e+00
     28.928   72.30998 -167.26960     2.0419    32.3743    1455.31  0.000e+00
     28.905   72.30998 -167.26960     2.0386    32.3750    1455.29  0.000e+00
     28.928   72.30998 -167.26960     2.0358    32.3749    1455.28  0.000e+00
     28.905   72.30998 -167.26960     2.0327    32.3750    1455.27  0.000e+00
     28.982   72.30998 -167.26960     2.0296    32.3750    1455.26  0.000e+00
     28.966   72.30998 -167.26960     2.0273    32.3748    1455.25  0.000e+00
     28.982   72.30998 -167.26960     2.0249    32.3752    1455.24  0.000e+00
     29.020   72.30998 -167.26960     2.0234    32.3747    1455.23  0.000e+00
     29.043   72.30998 -167.26960     2.0221    32.3752    1455.22  0.000e+00
     29.082   72.30998 -167.26960     2.0207    32.3738    1455.22  0.000e+00
     29.043   72.30998 -167.26960     2.0190    32.3721    1455.21  0.000e+00
     29.136   72.30998 -167.26960     2.0168    32.3714    1455.20  0.000e+00
     29.097   72.30998 -167.26960     2.0143    32.3719    1455.19  0.000e+00
     29.136   72.30998 -167.26960     2.0114    32.3720    1455.17  0.000e+00
     29.151   72.30998 -167.26960     2.0088    32.3722    1455.16  0.000e+00
     29.136   72.30998 -167.26960     2.0062    32.3728    1455.15  0.000e+00
     29.213   72.30998 -167.26960     2.0039    32.3728    1455.14  0.000e+00
     29.198   72.30998 -167.26960     2.0016    32.3725    1455.13  0.000e+00
     29.267   72.30998 -167.26960     1.9993    32.3720    1455.12  0.000e+00
     29.251   72.30998 -167.26960     1.9975    32.3714    1455.11  0.000e+00
     29.267   72.30998 -167.26960     1.9959    32.3711    1455.11  0.000e+00
     29.305   72.30998 -167.26960     1.9941    32.3704    1455.10  0.000e+00
     29.267   72.30998 -167.26960     1.9919    32.3697    1455.09  0.000e+00
     29.367   72.30998 -167.26960     1.9891    32.3701    1455.08  0.000e+00
     29.383   72.30998 -167.26960     1.9867    32.3704    1455.07  0.000e+00
     29.367   72.30998 -167.26960     1.9845    32.3708    1455.06  0.000e+00
     29.436   72.30998 -167.26960     1.9825    32.3717    1455.05  0.000e+00
     29.367   72.30998 -167.26960     1.9806    32.3724    1455.04  0.000e+00
     29.436   72.30998 -167.26960     1.9797    32.3715    1455.04  0.000e+00
     29.483   72.30998 -167.26960     1.9781    32.3711    1455.03  0.000e+00
     29.436   72.30998 -167.26960     1.9773    32.3709    1455.03  0.000e+00
     29.537   72.30998 -167.26960     1.9764    32.3711    1455.03  0.000e+00
     29.498   72.30998 -167.26960     1.9751    32.3714    1455.02  0.000e+00
     29.537   72.30998 -167.26960     1.9736    32.3718    1455.01  0.000e+00
     29.552   72.30998 -167.26960     1.9726    32.3716    1455.01  0.000e+00
     29.483   72.30998 -167.26960     1.9713    32.3724    1455.00  0.000e+00
     29.729   72.30998 -167.26960     1.9702    32.3730    1455.00  0.000e+00
     29.614   72.30998 -167.26960     1.9693    32.3731    1455.00  0.000e+00
     29.652   72.30998 -167.26960     1.9686    32.3731    1455.00  0.000e+00
     29.668   72.30998 -167.26960     1.9679    32.3729    1454.99  0.000e+00
     29.652   72.30998 -167.26960     1.9672    32.3729    1454.99  0.000e+00
     29.729   72.30998 -167.26960     1.9668    32.3727    1454.99  0.000e+00
     29.768   72.30998 -167.26960     1.9660    32.3729    1454.99  0.000e+00
     29.729   72.30998 -167.26960     1.9660    32.3722    1454.98  0.000e+00
     29.768   72.30998 -167.26960     1.9653    32.3725    1454.98  0.000e+00
     29.783   72.30998 -167.26960     1.9644    32.3726    1454.98  0.000e+00
     29.822   72.30998 -167.26960     1.9638    32.3723    1454.98  0.000e+00
     29.837   72.30998 -167.26960     1.9633    32.3724    1454.97  0.000e+00
     29.822   72.30998 -167.26960     1.9624    32.3724    1454.97  0.000e+00
     29.899   72.30998 -167.26960     1.9615    32.3713    1454.97  0.000e+00
     29.883   72.30998 -167.26960     1.9602    32.3714    1454.96  0.000e+00
     29.953   72.30998 -167.26960     1.9592    32.3708    1454.96  0.000e+00
     29.937   72.30998 -167.26960     1.9576    32.3706    1454.95  0.000e+00
     29.953   72.30998 -167.26960     1.9561    32.3706    1454.94  0.000e+00
     29.999   72.30998 -167.26960     1.9545    32.3706    1454.94  0.000e+00
     30.014   72.30998 -167.26960     1.9529    32.3703    1454.93  0.000e+00
     30.053   72.30998 -167.26960     1.9512    32.3701    1454.92  0.000e+00
     30.014   72.30998 -167.26960     1.9497    32.3699    1454.91  0.000e+00
     30.053   72.30998 -167.26960     1.9484    32.3705    1454.91  0.000e+00
     30.130   72.30998 -167.26960     1.9470    32.3707    1454.90  0.000e+00
     30.115   72.30998 -167.26960     1.9460    32.3714    1454.90  0.000e+00
     30.130   72.30998 -167.26960     1.9452    32.3711    1454.90  0.000e+00
     30.168   72.30998 -167.26960     1.9440    32.3716    1454.89  0.000e+00
     30.184   72.30998 -167.26960     1.9432    32.3711    1454.89  0.000e+00
     30.222   72.30998 -167.26960     1.9423    32.3706    1454.89  0.000e+00
     30.184   72.30998 -167.26960     1.9410    32.3703    1454.88  0.000e+00
     30.284   72.30998 -167.26960     1.9400    32.3708    1454.88  0.000e+00
     30.238   72.30998 -167.26960     1.9390    32.3708    1454.87  0.000e+00
     30.300   72.30998 -167.26960     1.9384    32.3703    1454.87  0.000e+00
     30.338   72.30998 -167.26960     1.9377    32.3704    1454.87  0.000e+00
     30.299   72.30998 -167.26960     1.9368    32.3706    1454.86  0.000e+00
     30.338   72.30998 -167.26960     1.9360    32.3710    1454.86  0.000e+00
     30.415   72.30998 -167.26960     1.9352    32.3708    1454.86  0.000e+00
     30.338   72.30998 -167.26960     1.9344    32.3705    1454.85  0.000e+00
     30.415   72.30998 -167.26960     1.9336    32.3706    1454.85  0.000e+00
     30.454   72.30998 -167.26960     1.9330    32.3702    1454.85  0.000e+00
     30.469   72.30998 -167.26960     1.9323    32.3704    1454.85  0.000e+00
     30.454   72.30998 -167.26960     1.9319    32.3701    1454.84  0.000e+00
     30.531   72.30998 -167.26960     1.9307    32.3699    1454.84  0.000e+00
     30.515   72.30998 -167.26960     1.9295    32.3696    1454.83  0.000e+00
     30.531   72.30998 -167.26960     1.9282    32.3693    1454.83  0.000e+00
     30.623   72.30998 -167.26960     1.9264    32.3697    1454.82  0.000e+00
     30.531   72.30998 -167.26960     1.9255    32.3692    1454.81  0.000e+00
     30.623   72.30998 -167.26960     1.9241    32.3693    1454.81  0.000e+00
     30.639   72.30998 -167.26960     1.9228    32.3698    1454.81  0.000e+00
     30.585   72.30998 -167.26960     1.9219    32.3692    1454.80  0.000e+00
     30.685   72.30998 -167.26960     1.9206    32.3699    1454.80  0.000e+00
     30.700   72.30998 -167.26960     1.9194    32.3703    1454.79  0.000e+00
     30.685   72.30998 -167.26960     1.9183    32.3703    1454.79  0.000e+00
     30.754   72.30998 -167.26960     1.9177    32.3701    1454.79  0.000e+00
     30.685   72.30998 -167.26960     1.9167    32.3706    1454.78  0.000e+00
