EcoFOCI/data/1_SampleCollection/2023_SikuliaqDBO_CruiseData/CTD_raw_BottleFile_SKQ23-12S/proc/skq202312s_081avg.cnv
* Sea-Bird SBE 9 Data File:
* FileName = D:\CTD\SKQ202312S\SKQ202312S_081.hex
* Software Version Seasave V 7.26.7.121
* Temperature SN = 6177
* Conductivity SN = 0369
* Number of Bytes Per Scan = 41
* Number of Voltage Words = 4
* Number of Scans Averaged by the Deck Unit = 1
* NMEA Latitude = 65 41.58 N
* NMEA Longitude = 168 27.84 W
* NMEA UTC (Time) = Oct 03 2023  09:04:12
* NMEA baud rate = 4800
** Ship: R/V Sikuliaq
** Station Number: 081
** Station Name: BS4
** Bottom Depth: 54
** Operator: SD
# nquan = 25
# nvalues = 48                          
# units = specified
# name 0 = depSM: Depth [salt water, m]
# name 1 = latitude: Latitude [deg]
# name 2 = longitude: Longitude [deg]
# name 3 = prDM: Pressure, Digiquartz [db]
# name 4 = t090C: Temperature [ITS-90, deg C]
# name 5 = t190C: Temperature, 2 [ITS-90, deg C]
# name 6 = potemp090C: Potential Temperature [ITS-90, deg C]
# name 7 = sal00: Salinity, Practical [PSU]
# name 8 = sal11: Salinity, Practical, 2 [PSU]
# name 9 = density00: Density [density, kg/m^3]
# name 10 = sigma-é00: Density [sigma-theta, kg/m^3]
# name 11 = sbox0Mm/Kg: Oxygen, SBE 43 [umol/kg]
# name 12 = sbox1Mm/Kg: Oxygen, SBE 43, 2 [umol/kg]
# name 13 = oxsolMm/Kg: Oxygen Saturation, Garcia & Gordon [umol/kg]
# name 14 = sbeox0PS: Oxygen, SBE 43 [% saturation]
# name 15 = sbeox1PS: Oxygen, SBE 43, 2 [% saturation]
# name 16 = v0: Voltage 0
# name 17 = flECO-AFL: Fluorescence, WET Labs ECO-AFL/FL [mg/m^3]
# name 18 = v1: Voltage 1
# name 19 = CStarAt0: Beam Attenuation, WET Labs C-Star [1/m]
# name 20 = par: PAR/Irradiance, Biospherical/Licor
# name 21 = scan: Scan Count
# name 22 = timeM: Time, Elapsed [minutes]
# name 23 = nbin: number of scans per bin
# name 24 = flag: flag
# span 0 =      2.971,     49.502       
# span 1 =   65.69290,   65.69292       
# span 2 = -168.46470, -168.46459       
# span 3 =      3.000,     50.000       
# span 4 =     2.9665,     6.7110       
# span 5 =     2.9674,     6.7138       
# span 6 =     2.9642,     6.7097       
# span 7 =    25.9158,    32.8635       
# span 8 =    25.9263,    32.8743       
# span 9 =  1020.3809,  1026.4146       
# span 10 =    20.3576,    26.1800      
# span 11 =    246.636,    295.679      
# span 12 =    234.336,    281.501      
# span 13 =  302.99240,  328.20983      
# span 14 =     75.235,     92.669      
# span 15 =     71.490,     88.454      
# span 16 =     0.1078,     0.2670      
# span 17 =     0.2987,     1.2540      
# span 18 =     3.5799,     4.0434      
# span 19 =     0.6125,     1.0996      
# span 20 = -2.421e-08, 2.8847e-01      
# span 21 =        260,       3535      
# span 22 =     0.1799,     2.4538      
# span 23 =         32,        448      
# span 24 = 0.0000e+00, 0.0000e+00      
# interval = decibars: 1                
# start_time = Oct 03 2023 09:06:59 [NMEA time, first data scan]
# bad_flag = -9.990e-29
*END*
      2.971   65.69292 -168.46459      3.000     6.2350     6.2351     6.2347    26.1142    26.1402  1020.5288    20.5148    295.097    281.007  318.91292     92.532     88.131     0.2608     1.2166     3.6201     1.0550 2.8847e-01        260     0.1799        431 0.0000e+00
      3.961   65.69292 -168.46465      4.000     6.2436     6.2449     6.2433    25.9380    25.9489  1020.3938    20.3752    295.679    281.501  319.26309     92.613     88.182     0.2506     1.1557     3.5799     1.0996 1.7739e-01        494     0.3423         83 0.0000e+00
      4.951   65.69292 -168.46466      5.000     6.2441     6.2457     6.2437    25.9158    25.9263  1020.3809    20.3576    295.458    281.177  319.31148     92.530     88.067     0.2525     1.1671     3.5826     1.0967 9.1600e-02        548     0.3795         75 0.0000e+00
      5.941   65.69292 -168.46468      6.000     6.2607     6.2630     6.2602    26.0753    26.0570  1020.5094    20.4814    295.023    281.501  318.81071     92.539     88.290     0.2524     1.1662     3.5863     1.0925 3.0271e-02        614     0.4254         49 0.0000e+00
      6.931   65.69292 -168.46468      7.000     6.2669     6.2640     6.2664    26.1150    26.0948  1020.5446    20.5120    295.278    281.380  318.67014     92.659     88.279     0.2515     1.1607     3.5953     1.0825 3.9831e-03        665     0.4609         47 0.0000e+00
      7.921   65.69292 -168.46469      8.000     6.2204     6.2217     6.2198    26.5512    26.5454  1020.8979    20.8606    294.183    280.257  317.99394     92.512     88.132     0.2515     1.1611     3.6010     1.0761 1.1503e-04        709     0.4919         48 0.0000e+00
      8.911   65.69290 -168.46470      9.000     6.1710     6.1601     6.1703    27.2162    27.3172  1021.4319    21.3900    293.112    278.260  316.80463     92.522     87.876     0.2596     1.2093     3.6780     0.9918 3.5232e-07        758     0.5260         48 0.0000e+00
      9.901   65.69292 -168.46470     10.000     6.1349     6.1299     6.1341    27.6703    27.7083  1021.7983    21.7518    291.840    278.071  316.01148     92.351     88.008     0.2670     1.2540     3.8011     0.8598 -5.770e-09        810     0.5620         52 0.0000e+00
     10.891   65.69292 -168.46470     11.000     6.1806     6.1865     6.1798    28.2993    28.2978  1022.2935    22.2424    290.614    277.421  314.20741     92.491     88.304     0.2583     1.2016     3.8728     0.7850 1.0000e-12        855     0.5929         37 0.0000e+00
     11.881   65.69291 -168.46470     12.000     6.2705     6.2897     6.2695    29.0823    29.1138  1022.9048    22.8492    288.883    275.557  311.73848     92.669     88.454     0.2228     0.9886     3.9178     0.7387 1.0000e-12        892     0.6186         41 0.0000e+00
     12.871   65.69290 -168.46470     13.000     6.4424     6.4277     6.4414    30.3134    30.1702  1023.8590    23.7989    282.564    271.258  307.67815     91.837     88.039     0.1765     0.7112     3.9748     0.6810 3.3038e-07        943     0.6542         54 0.0000e+00
     13.862   65.69291 -168.46470     14.000     6.5030     6.5084     6.5018    30.7995    30.7978  1024.2392    24.1746    275.763    264.893  306.14747     90.074     86.533     0.1545     0.5790     4.0052     0.6505 5.7331e-07        989     0.6859         44 0.0000e+00
     14.852   65.69291 -168.46470     15.000     6.5951     6.6060     6.5939    31.3082    31.3097  1024.6330    24.5638    268.718    258.219  304.35112     88.291     84.864     0.1452     0.5233     4.0030     0.6527 3.5263e-07       1035     0.7178         49 0.0000e+00
     15.842   65.69290 -168.46470     16.000     6.7110     6.7138     6.7097    31.5516    31.5577  1024.8147    24.7410    263.069    251.943  302.99240     86.824     83.161     0.1317     0.4421     3.9697     0.6861 1.4419e-06       1091     0.7568         55 0.0000e+00
     16.832   65.69290 -168.46470     17.000     6.6972     6.6968     6.6958    31.5773    31.5866  1024.8413    24.7630    258.804    248.443  303.03190     85.405     81.991     0.1219     0.3831     3.9520     0.7040 1.8576e-06       1132     0.7854         32 0.0000e+00
     17.822   65.69290 -168.46470     18.000     6.6224     6.6179     6.6208    31.6081    31.6215  1024.8797    24.7968    256.950    245.569  303.48749     84.666     80.916     0.1185     0.3630     3.9479     0.7081 1.8486e-06       1173     0.8138         55 0.0000e+00
     18.812   65.69291 -168.46470     19.000     6.5007     6.4902     6.4991    31.6241    31.6421  1024.9124    24.8248    258.341    244.920  304.30689     84.895     80.475     0.1252     0.4030     3.9466     0.7095 1.5459e-06       1242     0.8620         59 0.0000e+00
     19.802   65.69290 -168.46470     20.000     6.2880     6.2711     6.2864    31.6119    31.6417  1024.9338    24.8415    261.415    248.688  305.84161     85.474     81.298     0.1196     0.3694     3.9568     0.6991 9.9514e-07       1283     0.8900         34 0.0000e+00
     20.792   65.69290 -168.46470     21.000     6.1033     6.0962     6.1017    31.6350    31.6546  1024.9793    24.8823    262.080    249.881  307.10720     85.338     81.364     0.1228     0.3888     3.9623     0.6935 1.3127e-06       1321     0.9169         45 0.0000e+00
     21.782   65.69290 -168.46470     22.000     5.9729     5.9664     5.9712    31.6609    31.6786  1025.0201    24.9184    265.621    252.628  307.98509     86.244     82.024     0.1303     0.4337     3.9605     0.6953 6.2146e-07       1374     0.9534         54 0.0000e+00
     22.772   65.69292 -168.46470     23.000     5.8046     5.7859     5.8028    31.7303    31.7592  1025.0996    24.9931    268.716    254.926  309.04410     86.951     82.470     0.1253     0.4036     3.9671     0.6887 1.3966e-06       1426     0.9895         49 0.0000e+00
     23.762   65.69292 -168.46470     24.000     5.6174     5.6145     5.6155    31.8310    31.8473  1025.2058    25.0946    269.374    255.077  310.17438     86.846     82.241     0.1148     0.3407     3.9886     0.6671 1.7745e-06       1471     1.0209         43 0.0000e+00
     24.752   65.69290 -168.46468     25.000     5.5192     5.5090     5.5173    31.8564    31.8799  1025.2419    25.1261    271.999    256.424  310.83385     87.506     82.490     0.1078     0.2987     3.9929     0.6628 2.1132e-06       1513     1.0499         40 0.0000e+00
     25.742   65.69291 -168.46468     26.000     5.0258     4.9850     5.0240    31.9559    32.0103  1025.3805    25.2597    275.859    261.950  314.26098     87.781     83.307     0.1085     0.3028     4.0089     0.6469 1.7673e-06       1557     1.0807         48 0.0000e+00
     26.732   65.69292 -168.46468     27.000     4.5287     4.5007     4.5269    32.0794    32.1223  1025.5363    25.4105    276.717    263.198  317.72260     87.094     82.810     0.1111     0.3186     4.0369     0.6189 1.5609e-06       1605     1.1138         49 0.0000e+00
     27.722   65.69292 -168.46468     28.000     4.1161     4.0779     4.1143    32.1994    32.2453  1025.6783    25.5477    282.663    266.652  320.60808     88.164     83.122     0.1130     0.3298     4.0434     0.6125 2.4127e-06       1661     1.1529         57 0.0000e+00
     28.712   65.69292 -168.46468     29.000     3.3203     3.2770     3.3186    32.5511    32.6205  1026.0382    25.9023    287.875    271.368  326.02811     88.299     83.191     0.1120     0.3242     4.0117     0.6441 1.2912e-06       1708     1.1851         39 0.0000e+00
     29.702   65.69292 -168.46468     30.000     3.0528     3.0511     3.0511    32.7321    32.7557  1026.2113    26.0705    281.928    266.606  327.72511     86.026     81.362     0.1166     0.3518     3.9437     0.7124 1.3176e-06       1748     1.2135         45 0.0000e+00
     30.692   65.69292 -168.46467     31.000     3.0131     3.0113     3.0113    32.7596    32.7793  1026.2414    26.0959    271.991    257.045  327.97780     82.930     78.381     0.1470     0.5338     3.8986     0.7584 1.0514e-06       1801     1.2500         56 0.0000e+00
     31.682   65.69292 -168.46466     32.000     2.9939     2.9944     2.9921    32.7801    32.7975  1026.2641    26.1140    260.773    248.822  328.08186     79.484     75.853     0.1562     0.5891     3.8739     0.7838 3.8021e-07       1850     1.2844         47 0.0000e+00
     32.672   65.69292 -168.46466     33.000     2.9841     2.9836     2.9822    32.7930    32.8095  1026.2799    26.1250    258.219    247.001  328.12915     78.694     75.284     0.1654     0.6445     3.8661     0.7919 6.0346e-07       1904     1.3216         56 0.0000e+00
     33.662   65.69292 -168.46466     34.000     2.9732     2.9742     2.9712    32.8029    32.8180  1026.2935    26.1339    257.355    245.154  328.19288     78.416     74.709     0.1740     0.6958     3.8545     0.8040 6.5279e-07       1953     1.3557         39 0.0000e+00
     34.652   65.69292 -168.46466     35.000     2.9687     2.9697     2.9668    32.8105    32.8251  1026.3046    26.1404    256.338    243.713  328.20983     78.102     74.265     0.1856     0.7655     3.8518     0.8067 7.2482e-07       1988     1.3801         35 0.0000e+00
     35.642   65.69292 -168.46466     36.000     2.9683     2.9706     2.9663    32.8161    32.8293  1026.3139    26.1449    255.534    243.013  328.19912     77.859     74.056     0.1856     0.7655     3.8434     0.8155 1.2427e-07       2043     1.4183         76 0.0000e+00
     36.632   65.69292 -168.46466     37.000     2.9674     2.9683     2.9653    32.8208    32.8344  1026.3224    26.1487    254.770    242.521  328.19514     77.628     73.905     0.1636     0.6333     3.8492     0.8094 2.0925e-07       2105     1.4608         41 0.0000e+00
     37.622   65.69292 -168.46466     38.000     2.9665     2.9674     2.9643    32.8253    32.8386  1026.3307    26.1524    253.830    241.944  328.19150     77.342     73.729     0.1664     0.6505     3.8464     0.8124 4.2485e-07       2141     1.4863         39 0.0000e+00
     38.612   65.69292 -168.46466     39.000     2.9665     2.9675     2.9642    32.8287    32.8416  1026.3382    26.1551    253.102    240.998  328.18287     77.122     73.443     0.1635     0.6331     3.8455     0.8132 9.0605e-07       2191     1.5211         56 0.0000e+00
     39.602   65.69292 -168.46464     40.000     2.9666     2.9676     2.9643    32.8335    32.8463  1026.3466    26.1589    252.506    240.763  328.16987     76.944     73.374     0.1631     0.6307     3.8452     0.8136 4.1669e-07       2240     1.5550         40 0.0000e+00
     40.592   65.69292 -168.46464     41.000     2.9670     2.9680     2.9647    32.8354    32.8479  1026.3528    26.1604    252.215    240.131  328.16179     76.857     73.183     0.1736     0.6938     3.8254     0.8343 6.0666e-07       2285     1.5859         55 0.0000e+00
     41.582   65.69292 -168.46464     42.000     2.9688     2.9701     2.9664    32.8380    32.8506  1026.3595    26.1624    251.875    239.246  328.14092     76.758     72.919     0.1947     0.8202     3.8198     0.8401 -2.421e-08       2359     1.6373         79 0.0000e+00
     42.572   65.69292 -168.46464     43.000     2.9719     2.9730     2.9694    32.8423    32.8544  1026.3673    26.1655    251.268    239.202  328.10545     76.582     72.913     0.1957     0.8264     3.8066     0.8539 1.2976e-07       2429     1.6859         65 0.0000e+00
     43.562   65.69292 -168.46463     44.000     2.9865     2.9841     2.9840    32.8285    32.8422  1026.3597    26.1533    250.999    238.918  328.02121     76.519     72.839     0.1811     0.7387     3.7797     0.8855 1.6390e-07       2646     1.8367        448 0.0000e+00
     44.552   65.69292 -168.46463     45.000     3.0087     3.0000     3.0061    32.8139    32.8329  1026.3508    26.1397    252.833    239.933  327.87748     77.112     73.172     0.1752     0.7035     3.8198     0.8402 4.4693e-07       2971     2.0625        131 0.0000e+00
     45.542   65.69292 -168.46462     46.000     2.9818     2.9822     2.9792    32.8432    32.8545  1026.3812    26.1654    251.456    239.741  328.02246     76.658     73.094     0.1897     0.7904     3.8040     0.8567 1.5070e-07       3070     2.1309         67 0.0000e+00
     46.532   65.69292 -168.46463     47.000     2.9822     2.9839     2.9795    32.8530    32.8640  1026.3937    26.1732    249.314    238.419  327.99453     76.012     72.699     0.1701     0.6726     3.7873     0.8743 3.0984e-07       3174     2.2032         89 0.0000e+00
     47.522   65.69292 -168.46464     48.000     2.9936     2.9947     2.9908    32.8607    32.8716  1026.4035    26.1783    248.454    237.410  327.88372     75.775     72.415     0.1974     0.8363     3.7545     0.9091 5.1886e-07       3256     2.2601         98 0.0000e+00
     48.512   65.69292 -168.46464     49.000     2.9975     2.9987     2.9947    32.8631    32.8738  1026.4098    26.1799    246.910    235.112  327.84546     75.313     71.722     0.2055     0.8848     3.7267     0.9389 1.2609e-07       3340     2.3188         75 0.0000e+00
     49.502   65.69291 -168.46464     50.000     3.0003     3.0011     2.9974    32.8635    32.8743  1026.4146    26.1800    246.636    234.336  327.82214     75.235     71.490     0.1917     0.8023     3.7328     0.9323 7.6144e-07       3535     2.4538         78 0.0000e+00
