EcoFOCI/data/1_SampleCollection/2023_SikuliaqDBO_CruiseData/CTD_raw_BottleFile_SKQ23-12S/proc/skq202312s_080.cnv
* Sea-Bird SBE 9 Data File:
* FileName = D:\CTD\SKQ202312S\SKQ202312S_080.hex
* Software Version Seasave V 7.26.7.121
* Temperature SN = 6177
* Conductivity SN = 0369
* Number of Bytes Per Scan = 41
* Number of Voltage Words = 4
* Number of Scans Averaged by the Deck Unit = 1
* NMEA Latitude = 65 42.89 N
* NMEA Longitude = 168 33.35 W
* NMEA UTC (Time) = Oct 03 2023  08:21:36
* NMEA baud rate = 4800
** Ship: R/V Sikuliaq
** Station Number: 080
** Station Name: BS5
** Bottom Depth: 52
** Operator: SD
# nquan = 24
# nvalues = 3507                                  
# units = specified
# name 0 = depSM: Depth [salt water, m]
# name 1 = latitude: Latitude [deg]
# name 2 = longitude: Longitude [deg]
# name 3 = prDM: Pressure, Digiquartz [db]
# name 4 = t090C: Temperature [ITS-90, deg C]
# name 5 = t190C: Temperature, 2 [ITS-90, deg C]
# name 6 = potemp090C: Potential Temperature [ITS-90, deg C]
# name 7 = sal00: Salinity, Practical [PSU]
# name 8 = sal11: Salinity, Practical, 2 [PSU]
# name 9 = density00: Density [density, kg/m^3]
# name 10 = sigma-é00: Density [sigma-theta, kg/m^3]
# name 11 = sbox0Mm/Kg: Oxygen, SBE 43 [umol/kg]
# name 12 = sbox1Mm/Kg: Oxygen, SBE 43, 2 [umol/kg]
# name 13 = oxsolMm/Kg: Oxygen Saturation, Garcia & Gordon [umol/kg]
# name 14 = sbeox0PS: Oxygen, SBE 43 [% saturation]
# name 15 = sbeox1PS: Oxygen, SBE 43, 2 [% saturation]
# name 16 = v0: Voltage 0
# name 17 = flECO-AFL: Fluorescence, WET Labs ECO-AFL/FL [mg/m^3]
# name 18 = v1: Voltage 1
# name 19 = CStarAt0: Beam Attenuation, WET Labs C-Star [1/m]
# name 20 = par: PAR/Irradiance, Biospherical/Licor
# name 21 = scan: Scan Count
# name 22 = timeM: Time, Elapsed [minutes]
# name 23 = flag:  0.000e+00
# span 0 =      2.282,     47.360                 
# span 1 =   65.71490,   65.71494                 
# span 2 = -168.55594, -168.55572                 
# span 3 =      2.305,     47.837                 
# span 4 =     2.8346,     6.5651                 
# span 5 =     2.8355,     6.5600                 
# span 6 =     2.8320,     6.5641                 
# span 7 =    26.2910,    32.7164                 
# span 8 =    26.3098,    32.7282                 
# span 9 =  1020.6964,  1026.3013                 
# span 10 =    20.6581,    26.0767                
# span 11 =    251.066,    292.212                
# span 12 =    245.051,    281.832                
# span 13 =  304.27959,  329.55503                
# span 14 =     76.190,     91.945                
# span 15 =     74.370,     88.557                
# span 16 =     0.1136,     0.5690                
# span 17 =     0.3333,     3.0659                
# span 18 =     3.6410,     4.0366                
# span 19 =     0.6192,     1.0319                
# span 20 = 1.0000e-12, 5.6501e-01                
# span 21 =          1,       3507                
# span 22 =     0.0000,     2.4347                
# span 23 = 0.0000e+00, 0.0000e+00                
# interval = seconds: 0.0416667
# start_time = Oct 03 2023 08:24:18 [NMEA time, first data scan]
# bad_flag = -9.990e-29
*END*
[from data line 61]
      2.969   65.71490 -168.55594      2.998     6.2069     6.2057     6.2067    26.4255    26.4244  1020.7770    20.7630    291.021    280.078  318.39083     91.404     87.964     0.2711     1.2784     3.6996     0.9680 3.3106e-01         62     0.0424  0.000e+00
      2.915   65.71490 -168.55594      2.944     6.2068     6.2061     6.2066    26.4233    26.4261  1020.7750    20.7613    291.033    280.095  318.39706     91.406     87.971     0.2698     1.2710     3.6996     0.9680 3.5706e-01         63     0.0431  0.000e+00
      2.969   65.71490 -168.55594      2.998     6.2071     6.2059     6.2069    26.4323    26.4265  1020.7824    20.7684    291.020    280.122  318.37354     91.408     87.979     0.2711     1.2784     3.6996     0.9680 3.5440e-01         64     0.0437  0.000e+00
      2.853   65.71490 -168.55594      2.882     6.2072     6.2062     6.2070    26.4392    26.4247  1020.7872    20.7738    291.006    280.145  318.35623     91.409     87.986     0.2698     1.2710     3.6996     0.9680 3.4388e-01         65     0.0444  0.000e+00
      2.915   65.71490 -168.55594      2.944     6.2074     6.2061     6.2072    26.4329    26.4226  1020.7825    20.7688    291.025    279.993  318.36981     91.411     87.936     0.2711     1.2784     3.6984     0.9693 3.3999e-01         66     0.0451  0.000e+00
      2.915   65.71490 -168.55594      2.944     6.2076     6.2062     6.2074    26.4233    26.4219  1020.7749    20.7612    291.048    280.184  318.39097     91.412     87.996     0.2698     1.2710     3.6996     0.9680 3.3232e-01         67     0.0458  0.000e+00
      2.853   65.71490 -168.55594      2.882     6.2072     6.2062     6.2070    26.4174    26.4219  1020.7700    20.7566    291.063    280.208  318.40758     91.412     88.004     0.2711     1.2784     3.6996     0.9680 2.6663e-01         68     0.0465  0.000e+00
      2.915   65.71490 -168.55594      2.944     6.2069     6.2061     6.2067    26.4144    26.4218  1020.7680    20.7543    291.076    280.053  318.41689     91.413     87.955     0.2698     1.2710     3.6996     0.9680 2.3847e-01         69     0.0472  0.000e+00
      2.853   65.71490 -168.55594      2.882     6.2066     6.2060     6.2064    26.4177    26.4195  1020.7703    20.7569    291.069    280.064  318.41146     91.413     87.956     0.2711     1.2784     3.6984     0.9693 2.3647e-01         70     0.0479  0.000e+00
      2.853   65.71490 -168.55594      2.882     6.2068     6.2059     6.2066    26.4269    26.4170  1020.7776    20.7641    291.046    280.262  318.38859     91.412     88.017     0.2711     1.2784     3.6996     0.9680 2.3747e-01         71     0.0486  0.000e+00
      2.799   65.71490 -168.55594      2.827     6.2069     6.2059     6.2067    26.4387    26.4165  1020.7866    20.7734    291.016    280.288  318.35977     91.411     88.025     0.2698     1.2710     3.6996     0.9680 2.3647e-01         72     0.0493  0.000e+00
      2.853   65.71490 -168.55594      2.882     6.2074     6.2059     6.2072    26.4459    26.4175  1020.7925    20.7790    290.995    280.315  318.33935     91.410     88.034     0.2711     1.2784     3.6996     0.9680 2.3547e-01         73     0.0500  0.000e+00
      2.799   65.71490 -168.55594      2.827     6.2076     6.2064     6.2074    26.4485    26.4187  1020.7942    20.7811    290.981    280.151  318.33167     91.408     87.984     0.2698     1.2710     3.6996     0.9680 2.2085e-01         74     0.0507  0.000e+00
      2.799   65.71490 -168.55594      2.827     6.2077     6.2066     6.2075    26.4467    26.4230  1020.7928    20.7796    290.978    280.130  318.33484     91.406     87.981     0.2711     1.2784     3.6984     0.9693 2.0867e-01         75     0.0514  0.000e+00
      2.799   65.71490 -168.55594      2.827     6.2076     6.2070     6.2074    26.4406    26.4280  1020.7880    20.7749    290.985    280.310  318.35019     91.404     88.041     0.2698     1.2710     3.6996     0.9680 2.0683e-01         76     0.0521  0.000e+00
      2.799   65.71490 -168.55594      2.827     6.2079     6.2078     6.2077    26.4363    26.4335  1020.7846    20.7714    290.983    280.137  318.35807     91.401     87.992     0.2698     1.2710     3.6996     0.9680 2.0049e-01         77     0.0528  0.000e+00
      2.738   65.71490 -168.55594      2.765     6.2077     6.2083     6.2075    26.4320    26.4393  1020.7809    20.7680    290.982    280.129  318.36940     91.398     87.995     0.2711     1.2784     3.6996     0.9680 1.9340e-01         78     0.0535  0.000e+00
      2.738   65.71490 -168.55594      2.765     6.2077     6.2088     6.2075    26.4274    26.4429  1020.7773    20.7644    290.981    280.110  318.38015     91.394     87.992     0.2674     1.2564     3.6996     0.9680 1.9165e-01         79     0.0542  0.000e+00
      2.738   65.71490 -168.55594      2.765     6.2076     6.2086     6.2074    26.4245    26.4447  1020.7750    20.7622    290.977    280.099  318.38814     91.391     87.989     0.2625     1.2271     3.6984     0.9693 2.1895e-01         80     0.0549  0.000e+00
      2.761   65.71490 -168.55594      2.788     6.2074     6.2089     6.2072    26.4231    26.4448  1020.7741    20.7611    290.939    280.089  318.39259     91.377     87.987     0.2589     1.2051     3.6984     0.9693 2.6340e-01         81     0.0556  0.000e+00
      2.684   65.71490 -168.55594      2.710     6.2074     6.2089     6.2072    26.4223    26.4453  1020.7731    20.7605    290.922    280.076  318.39482     91.372     87.983     0.2589     1.2051     3.6996     0.9680 2.7651e-01         82     0.0563  0.000e+00
      2.684   65.71490 -168.55594      2.710     6.2072     6.2091     6.2070    26.4217    26.4462  1020.7727    20.7600    290.908    280.065  318.39731     91.366     87.980     0.2589     1.2051     3.6984     0.9693 2.7429e-01         83     0.0569  0.000e+00
      2.684   65.71490 -168.55594      2.710     6.2071     6.2091     6.2069    26.4215    26.4474  1020.7725    20.7599    290.892    280.054  318.39899     91.361     87.978     0.2589     1.2051     3.6984     0.9693 2.7099e-01         84     0.0576  0.000e+00
      2.684   65.71490 -168.55594      2.710     6.2071     6.2091     6.2069    26.4216    26.4489  1020.7726    20.7600    290.872    280.042  318.39866     91.355     87.975     0.2589     1.2051     3.6984     0.9693 2.7099e-01         85     0.0583  0.000e+00
      2.630   65.71490 -168.55594      2.656     6.2071     6.2092     6.2069    26.4213    26.4494  1020.7721    20.7597    290.881    280.030  318.39942     91.357     87.972     0.2601     1.2124     3.6984     0.9693 2.9237e-01         86     0.0590  0.000e+00
      2.684   65.71490 -168.55594      2.710     6.2069     6.2094     6.2067    26.4199    26.4507  1020.7713    20.7586    290.866    280.019  318.40382     91.351     87.970     0.2601     1.2124     3.6984     0.9693 3.7755e-01         87     0.0597  0.000e+00
      2.630   65.71490 -168.55594      2.656     6.2068     6.2094     6.2066    26.4189    26.4518  1020.7702    20.7579    290.846    280.006  318.40738     91.344     87.966     0.2589     1.2051     3.6996     0.9680 4.1368e-01         88     0.0604  0.000e+00
      2.630   65.71490 -168.55594      2.656     6.2069     6.2094     6.2067    26.4175    26.4521  1020.7691    20.7567    290.826    279.997  318.40967     91.337     87.964     0.2601     1.2124     3.6984     0.9693 4.0478e-01         89     0.0611  0.000e+00
      2.630   65.71490 -168.55594      2.656     6.2066     6.2096     6.2064    26.4156    26.4518  1020.7677    20.7553    290.838    279.969  318.41626     91.339     87.955     0.2589     1.2051     3.6996     0.9680 3.4518e-01         90     0.0618  0.000e+00
      2.568   65.71490 -168.55594      2.593     6.2068     6.2097     6.2066    26.4139    26.4516  1020.7660    20.7539    290.234    279.956  318.41929     91.148     87.951     0.2601     1.2124     3.6984     0.9693 3.1982e-01         91     0.0625  0.000e+00
      2.630   65.71490 -168.55594      2.656     6.2064     6.2097     6.2062    26.4129    26.4516  1020.7656    20.7532    290.745    279.766  318.42413     91.307     87.891     0.2589     1.2051     3.6984     0.9693 3.1614e-01         92     0.0632  0.000e+00
      2.568   65.71490 -168.55594      2.593     6.2065     6.2096     6.2063    26.4122    26.4515  1020.7647    20.7526    290.722    279.738  318.42539     91.300     87.882     0.2601     1.2124     3.6984     0.9693 2.8892e-01         93     0.0639  0.000e+00
      2.568   65.71490 -168.55594      2.593     6.2063     6.2096     6.2061    26.4131    26.4511  1020.7654    20.7534    290.525    279.712  318.42440     91.238     87.874     0.2589     1.2051     3.6984     0.9693 2.7540e-01         94     0.0646  0.000e+00
      2.568   65.71490 -168.55594      2.593     6.2064     6.2092     6.2062    26.4146    26.4489  1020.7666    20.7545    290.704    279.694  318.42019     91.296     87.866     0.2589     1.2051     3.6984     0.9693 2.7319e-01         95     0.0653  0.000e+00
      2.568   65.71490 -168.55594      2.593     6.2061     6.2091     6.2059    26.4164    26.4455  1020.7681    20.7560    290.681    279.677  318.41820     91.289     87.858     0.2601     1.2124     3.6996     0.9680 2.9237e-01         96     0.0660  0.000e+00
      2.568   65.71490 -168.55594      2.593     6.2064     6.2086     6.2062    26.4178    26.4427  1020.7691    20.7570    290.480    279.662  318.41259     91.227     87.851     0.2589     1.2051     3.6984     0.9693 3.0767e-01         97     0.0667  0.000e+00
      2.568   65.71490 -168.55594      2.593     6.2063     6.2084     6.2061    26.4196    26.4402  1020.7705    20.7584    290.660    279.645  318.40928     91.285     87.844     0.2601     1.2124     3.6984     0.9693 3.1007e-01         98     0.0674  0.000e+00
      2.568   65.71490 -168.55594      2.593     6.2064     6.2084     6.2062    26.4204    26.4386  1020.7712    20.7591    290.666    279.626  318.40652     91.288     87.837     0.2589     1.2051     3.6984     0.9693 3.1370e-01         99     0.0681  0.000e+00
      2.514   65.71490 -168.55594      2.539     6.2065     6.2081     6.2063    26.4201    26.4369  1020.7706    20.7588    290.439    279.609  318.40699     91.216     87.829     0.2601     1.2124     3.6984     0.9693 3.1736e-01        100     0.0688  0.000e+00
      2.591   65.71490 -168.55594      2.617     6.2066     6.2081     6.2064    26.4189    26.4346  1020.7700    20.7578    290.423    279.595  318.40862     91.211     87.823     0.2589     1.2051     3.6996     0.9680 3.1736e-01        101     0.0694  0.000e+00
      2.514   65.71490 -168.55594      2.539     6.2065     6.2078     6.2063    26.4184    26.4335  1020.7693    20.7575    290.607    279.577  318.41095     91.268     87.816     0.2589     1.2051     3.6996     0.9680 3.0290e-01        102     0.0701  0.000e+00
      2.568   65.71490 -168.55594      2.593     6.2064     6.2079     6.2062    26.4177    26.4323  1020.7690    20.7569    290.620    279.561  318.41291     91.271     87.811     0.2613     1.2198     3.6984     0.9693 2.8436e-01        103     0.0708  0.000e+00
      2.514   65.71490 -168.55594      2.539     6.2065     6.2078     6.2063    26.4182    26.4317  1020.7692    20.7574    290.626    279.726  318.41127     91.274     87.862     0.2589     1.2051     3.6996     0.9680 2.7985e-01        104     0.0715  0.000e+00
      2.568   65.71490 -168.55594      2.593     6.2066     6.2076     6.2064    26.4183    26.4309  1020.7695    20.7574    290.636    279.547  318.40989     91.277     87.805     0.2662     1.2491     3.6996     0.9680 2.7540e-01        105     0.0722  0.000e+00
      2.568   65.71490 -168.55594      2.593     6.2066     6.2078     6.2064    26.4166    26.4300  1020.7681    20.7560    290.446    279.530  318.41401     91.217     87.799     0.2698     1.2710     3.6996     0.9680 2.6772e-01        106     0.0729  0.000e+00
      2.514   65.71490 -168.55594      2.539     6.2064     6.2078     6.2062    26.4158    26.4295  1020.7673    20.7554    290.603    279.531  318.41739     91.265     87.800     0.2711     1.2784     3.6996     0.9680 2.6447e-01        107     0.0736  0.000e+00
      2.568   65.71490 -168.55594      2.593     6.2066     6.2078     6.2064    26.4161    26.4292  1020.7677    20.7556    290.612    279.519  318.41523     91.268     87.795     0.2698     1.2710     3.6996     0.9680 2.7429e-01        108     0.0743  0.000e+00
      2.568   65.71490 -168.55594      2.593     6.2065     6.2075     6.2063    26.4163    26.4291  1020.7679    20.7558    290.623    279.506  318.41577     91.271     87.791     0.2711     1.2784     3.6996     0.9680 3.0290e-01        109     0.0750  0.000e+00
      2.568   65.71490 -168.55594      2.593     6.2064     6.2075     6.2062    26.4152    26.4278  1020.7670    20.7549    290.635    279.515  318.41889     91.274     87.792     0.2698     1.2710     3.6996     0.9680 3.1370e-01        110     0.0757  0.000e+00
      2.568   65.71490 -168.55594      2.593     6.2065     6.2072     6.2063    26.4126    26.4270  1020.7650    20.7529    290.650    279.525  318.42451     91.277     87.795     0.2711     1.2784     3.6996     0.9680 3.1614e-01        111     0.0764  0.000e+00
      2.630   65.71490 -168.55594      2.656     6.2061     6.2075     6.2059    26.4084    26.4282  1020.7620    20.7497    290.673    279.715  318.43702     91.281     87.856     0.2711     1.2784     3.6996     0.9680 3.3359e-01        112     0.0771  0.000e+00
      2.630   65.71490 -168.55594      2.656     6.2060     6.2076     6.2058    26.4035    26.4318  1020.7582    20.7458    290.695    279.735  318.44978     91.284     87.864     0.2698     1.2710     3.6996     0.9680 3.4128e-01        113     0.0778  0.000e+00
      2.568   65.71490 -168.55594      2.593     6.2058     6.2080     6.2056    26.4007    26.4346  1020.7557    20.7436    290.709    279.752  318.45746     91.287     87.873     0.2711     1.2784     3.6996     0.9680 3.4128e-01        114     0.0785  0.000e+00
      2.630   65.71490 -168.55594      2.656     6.2055     6.2081     6.2053    26.4019    26.4349  1020.7569    20.7446    290.721    279.763  318.45707     91.290     87.876     0.2698     1.2710     3.6996     0.9680 3.3486e-01        115     0.0792  0.000e+00
      2.684   65.71490 -168.55594      2.710     6.2053     6.2078     6.2051    26.4044    26.4326  1020.7592    20.7466    290.728    279.801  318.45270     91.294     87.886     0.2711     1.2784     3.6996     0.9680 3.3359e-01        116     0.0799  0.000e+00
      2.630   65.71490 -168.55594      2.656     6.2055     6.2072     6.2053    26.4053    26.4294  1020.7596    20.7472    290.732    279.841  318.44907     91.296     87.895     0.2698     1.2710     3.6996     0.9680 3.3232e-01        117     0.0806  0.000e+00
      2.684   65.71490 -168.55594      2.710     6.2052     6.2072     6.2050    26.4054    26.4257  1020.7600    20.7474    290.746    279.862  318.45139     91.300     87.900     0.2711     1.2784     3.6996     0.9680 3.3614e-01        118     0.0813  0.000e+00
      2.684   65.71490 -168.55594      2.710     6.2054     6.2066     6.2052    26.4044    26.4226  1020.7592    20.7465    290.757    279.884  318.45233     91.303     87.903     0.2711     1.2784     3.6996     0.9680 3.3742e-01        119     0.0819  0.000e+00
      2.630   65.71490 -168.55594      2.656     6.2053     6.2065     6.2051    26.4039    26.4204  1020.7586    20.7462    290.766    279.918  318.45378     91.305     87.912     0.2698     1.2710     3.6972     0.9706 3.3742e-01        120     0.0826  0.000e+00
