EcoFOCI/data/1_SampleCollection/2023_SikuliaqDBO_CruiseData/CTD_raw_BottleFile_SKQ23-12S/proc/skq202312s_065svp.cnv
* Sea-Bird SBE 9 Data File:
* FileName = D:\CTD\SKQ202312S\SKQ202312S_065.hex
* Software Version Seasave V 7.26.7.121
* Temperature SN = 6177
* Conductivity SN = 0369
* Number of Bytes Per Scan = 41
* Number of Voltage Words = 4
* Number of Scans Averaged by the Deck Unit = 1
* NMEA Latitude = 72 05.73 N
* NMEA Longitude = 166 38.74 W
* NMEA UTC (Time) = Sep 28 2023  11:45:18
* NMEA baud rate = 4800
** Ship: R/V Sikuliaq
** Station Number: 065
** Station Name: IC0.2
** Bottom Depth: 46
** Operator: Bern
# nquan = 7
# nvalues = 5154                                  
# units = specified
# name 0 = depSM: Depth [salt water, m]
# name 1 = latitude: Latitude [deg]
# name 2 = longitude: Longitude [deg]
# name 3 = t090C: Temperature [ITS-90, deg C]
# name 4 = sal00: Salinity, Practical [PSU]
# name 5 = svCM: Sound Velocity [Chen-Millero, m/s]
# name 6 = flag:  0.000e+00
# span 0 =      2.391,     41.018                 
# span 1 =   72.09544,   72.09544                 
# span 2 = -166.64596, -166.64570                 
# span 3 =    -0.3209,     4.4067                 
# span 4 =    30.8401,    32.3823                 
# span 5 =    1444.73,    1463.61                 
# span 6 = 0.0000e+00, 0.0000e+00                 
# interval = seconds: 0.0416667
# start_time = Sep 28 2023 11:48:51 [NMEA time, first data scan]
# bad_flag = -9.990e-29
*END*
[from data line 3488]
     36.731   72.09544 -166.64584    -0.2981    32.3419    1444.80  0.000e+00
     36.670   72.09544 -166.64584    -0.2979    32.3415    1444.80  0.000e+00
     36.677   72.09544 -166.64584    -0.2978    32.3408    1444.80  0.000e+00
     36.677   72.09544 -166.64584    -0.2980    32.3407    1444.80  0.000e+00
     36.723   72.09544 -166.64584    -0.2984    32.3408    1444.80  0.000e+00
     36.677   72.09544 -166.64584    -0.2982    32.3408    1444.80  0.000e+00
     36.677   72.09544 -166.64584    -0.2982    32.3406    1444.80  0.000e+00
     36.669   72.09544 -166.64584    -0.2979    32.3394    1444.80  0.000e+00
     36.677   72.09544 -166.64584    -0.2984    32.3392    1444.79  0.000e+00
     36.677   72.09544 -166.64584    -0.2992    32.3396    1444.79  0.000e+00
     36.723   72.09544 -166.64584    -0.2997    32.3395    1444.79  0.000e+00
     36.677   72.09544 -166.64584    -0.3008    32.3400    1444.78  0.000e+00
     36.677   72.09544 -166.64584    -0.3019    32.3399    1444.78  0.000e+00
     36.669   72.09544 -166.64584    -0.3027    32.3405    1444.78  0.000e+00
     36.677   72.09544 -166.64584    -0.3030    32.3418    1444.78  0.000e+00
     36.677   72.09544 -166.64584    -0.3027    32.3427    1444.78  0.000e+00
     36.669   72.09544 -166.64584    -0.3022    32.3425    1444.78  0.000e+00
     36.677   72.09544 -166.64584    -0.3018    32.3431    1444.78  0.000e+00
     36.677   72.09544 -166.64584    -0.3011    32.3424    1444.79  0.000e+00
     36.669   72.09544 -166.64584    -0.3010    32.3423    1444.79  0.000e+00
     36.731   72.09544 -166.64584    -0.3007    32.3422    1444.79  0.000e+00
     36.623   72.09544 -166.64584    -0.3005    32.3416    1444.79  0.000e+00
     36.669   72.09544 -166.64584    -0.3004    32.3413    1444.79  0.000e+00
     36.731   72.09544 -166.64584    -0.3002    32.3408    1444.79  0.000e+00
     36.677   72.09544 -166.64584    -0.3001    32.3408    1444.79  0.000e+00
     36.669   72.09544 -166.64584    -0.2999    32.3409    1444.79  0.000e+00
     36.677   72.09544 -166.64584    -0.3004    32.3413    1444.79  0.000e+00
     36.677   72.09544 -166.64584    -0.3001    32.3410    1444.79  0.000e+00
     36.723   72.09544 -166.64584    -0.3001    32.3413    1444.79  0.000e+00
     36.677   72.09544 -166.64584    -0.2999    32.3410    1444.79  0.000e+00
     36.677   72.09544 -166.64584    -0.2999    32.3409    1444.79  0.000e+00
     36.723   72.09544 -166.64584    -0.3001    32.3411    1444.79  0.000e+00
     36.677   72.09544 -166.64584    -0.2999    32.3405    1444.79  0.000e+00
     36.677   72.09544 -166.64584    -0.3001    32.3408    1444.79  0.000e+00
     36.723   72.09544 -166.64584    -0.2999    32.3409    1444.79  0.000e+00
     36.677   72.09544 -166.64584    -0.3001    32.3407    1444.79  0.000e+00
     36.677   72.09544 -166.64584    -0.2999    32.3399    1444.79  0.000e+00
     36.723   72.09544 -166.64584    -0.3005    32.3387    1444.78  0.000e+00
     36.677   72.09544 -166.64584    -0.3010    32.3380    1444.78  0.000e+00
     36.677   72.09544 -166.64584    -0.3016    32.3369    1444.78  0.000e+00
     36.723   72.09544 -166.64584    -0.3030    32.3367    1444.77  0.000e+00
     36.731   72.09544 -166.64584    -0.3042    32.3369    1444.76  0.000e+00
     36.677   72.09544 -166.64584    -0.3053    32.3368    1444.76  0.000e+00
     36.723   72.09544 -166.64584    -0.3065    32.3374    1444.75  0.000e+00
     36.677   72.09544 -166.64584    -0.3078    32.3382    1444.75  0.000e+00
     36.731   72.09544 -166.64584    -0.3087    32.3390    1444.75  0.000e+00
     36.723   72.09544 -166.64584    -0.3094    32.3400    1444.74  0.000e+00
     36.677   72.09544 -166.64584    -0.3096    32.3405    1444.74  0.000e+00
     36.731   72.09544 -166.64584    -0.3099    32.3413    1444.74  0.000e+00
     36.723   72.09544 -166.64584    -0.3100    32.3410    1444.74  0.000e+00
     36.677   72.09544 -166.64584    -0.3101    32.3411    1444.74  0.000e+00
     36.731   72.09544 -166.64584    -0.3106    32.3409    1444.74  0.000e+00
     36.723   72.09544 -166.64584    -0.3110    32.3407    1444.74  0.000e+00
     36.731   72.09544 -166.64584    -0.3111    32.3405    1444.74  0.000e+00
     36.731   72.09544 -166.64584    -0.3117    32.3411    1444.74  0.000e+00
     36.723   72.09544 -166.64584    -0.3120    32.3417    1444.73  0.000e+00
     36.677   72.09544 -166.64584    -0.3120    32.3422    1444.73  0.000e+00
     36.731   72.09544 -166.64584    -0.3122    32.3429    1444.74  0.000e+00
     36.723   72.09544 -166.64584    -0.3122    32.3433    1444.74  0.000e+00
     36.731   72.09544 -166.64584    -0.3116    32.3431    1444.74  0.000e+00
     36.731   72.09544 -166.64584    -0.3110    32.3428    1444.74  0.000e+00
     36.723   72.09544 -166.64584    -0.3106    32.3419    1444.74  0.000e+00
     36.731   72.09544 -166.64584    -0.3105    32.3416    1444.74  0.000e+00
     36.731   72.09544 -166.64584    -0.3102    32.3412    1444.74  0.000e+00
     36.777   72.09544 -166.64584    -0.3102    32.3416    1444.74  0.000e+00
     36.731   72.09544 -166.64584    -0.3103    32.3421    1444.74  0.000e+00
     36.731   72.09544 -166.64584    -0.3104    32.3422    1444.74  0.000e+00
     36.723   72.09544 -166.64584    -0.3104    32.3422    1444.74  0.000e+00
     36.731   72.09544 -166.64584    -0.3102    32.3423    1444.74  0.000e+00
     36.731   72.09544 -166.64584    -0.3101    32.3417    1444.74  0.000e+00
     36.777   72.09544 -166.64584    -0.3102    32.3413    1444.74  0.000e+00
     36.731   72.09544 -166.64584    -0.3104    32.3410    1444.74  0.000e+00
     36.731   72.09544 -166.64584    -0.3105    32.3407    1444.74  0.000e+00
     36.723   72.09544 -166.64584    -0.3108    32.3415    1444.74  0.000e+00
     36.792   72.09544 -166.64584    -0.3110    32.3418    1444.74  0.000e+00
     36.731   72.09544 -166.64584    -0.3108    32.3416    1444.74  0.000e+00
     36.777   72.09544 -166.64584    -0.3106    32.3412    1444.74  0.000e+00
     36.730   72.09544 -166.64584    -0.3110    32.3413    1444.74  0.000e+00
     36.730   72.09544 -166.64584    -0.3110    32.3412    1444.74  0.000e+00
     36.777   72.09544 -166.64584    -0.3108    32.3414    1444.74  0.000e+00
     36.730   72.09544 -166.64584    -0.3107    32.3415    1444.74  0.000e+00
     36.792   72.09544 -166.64584    -0.3110    32.3415    1444.74  0.000e+00
     36.777   72.09544 -166.64584    -0.3105    32.3410    1444.74  0.000e+00
     36.730   72.09544 -166.64584    -0.3106    32.3411    1444.74  0.000e+00
     36.792   72.09544 -166.64584    -0.3106    32.3411    1444.74  0.000e+00
     36.777   72.09544 -166.64584    -0.3106    32.3418    1444.74  0.000e+00
     36.730   72.09544 -166.64584    -0.3104    32.3417    1444.74  0.000e+00
     36.792   72.09544 -166.64584    -0.3103    32.3418    1444.74  0.000e+00
     36.777   72.09544 -166.64584    -0.3100    32.3420    1444.75  0.000e+00
     36.730   72.09544 -166.64584    -0.3100    32.3417    1444.74  0.000e+00
     36.792   72.09544 -166.64584    -0.3100    32.3414    1444.74  0.000e+00
     36.777   72.09544 -166.64584    -0.3103    32.3410    1444.74  0.000e+00
     36.846   72.09544 -166.64584    -0.3105    32.3411    1444.74  0.000e+00
     36.730   72.09544 -166.64584    -0.3105    32.3413    1444.74  0.000e+00
     36.838   72.09544 -166.64584    -0.3105    32.3414    1444.74  0.000e+00
     36.792   72.09544 -166.64584    -0.3105    32.3417    1444.74  0.000e+00
     36.792   72.09544 -166.64584    -0.3104    32.3418    1444.74  0.000e+00
     36.777   72.09544 -166.64584    -0.3102    32.3420    1444.74  0.000e+00
     36.792   72.09544 -166.64584    -0.3100    32.3415    1444.74  0.000e+00
     36.846   72.09544 -166.64584    -0.3099    32.3411    1444.75  0.000e+00
     36.838   72.09544 -166.64584    -0.3099    32.3416    1444.75  0.000e+00
     36.730   72.09544 -166.64584    -0.3097    32.3414    1444.75  0.000e+00
     36.846   72.09544 -166.64584    -0.3097    32.3412    1444.75  0.000e+00
     36.838   72.09544 -166.64584    -0.3097    32.3415    1444.75  0.000e+00
     36.846   72.09544 -166.64584    -0.3094    32.3410    1444.75  0.000e+00
     36.792   72.09544 -166.64584    -0.3099    32.3417    1444.75  0.000e+00
     36.892   72.09544 -166.64584    -0.3101    32.3415    1444.75  0.000e+00
     36.792   72.09544 -166.64584    -0.3099    32.3414    1444.75  0.000e+00
     36.846   72.09544 -166.64584    -0.3097    32.3419    1444.75  0.000e+00
     36.838   72.09544 -166.64584    -0.3096    32.3426    1444.75  0.000e+00
     36.908   72.09544 -166.64584    -0.3091    32.3426    1444.75  0.000e+00
     36.846   72.09544 -166.64584    -0.3085    32.3416    1444.75  0.000e+00
     36.838   72.09544 -166.64584    -0.3080    32.3403    1444.75  0.000e+00
     36.846   72.09544 -166.64584    -0.3084    32.3404    1444.75  0.000e+00
     36.908   72.09544 -166.64584    -0.3084    32.3402    1444.75  0.000e+00
     36.838   72.09544 -166.64584    -0.3085    32.3402    1444.75  0.000e+00
     36.908   72.09544 -166.64584    -0.3085    32.3395    1444.75  0.000e+00
     36.908   72.09544 -166.64584    -0.3086    32.3386    1444.75  0.000e+00
     36.892   72.09544 -166.64584    -0.3094    32.3386    1444.75  0.000e+00
     36.908   72.09544 -166.64584    -0.3100    32.3391    1444.74  0.000e+00
     36.846   72.09544 -166.64584    -0.3108    32.3399    1444.74  0.000e+00
     36.892   72.09544 -166.64584    -0.3109    32.3401    1444.74  0.000e+00
     36.908   72.09544 -166.64584    -0.3114    32.3407    1444.74  0.000e+00
     36.908   72.09544 -166.64584    -0.3117    32.3408    1444.74  0.000e+00
     36.892   72.09544 -166.64584    -0.3122    32.3406    1444.74  0.000e+00
     36.908   72.09544 -166.64584    -0.3128    32.3406    1444.73  0.000e+00
     36.962   72.09544 -166.64584    -0.3127    32.3401    1444.73  0.000e+00
     36.892   72.09544 -166.64584    -0.3131    32.3407    1444.73  0.000e+00
     36.908   72.09544 -166.64584    -0.3134    32.3413    1444.73  0.000e+00
     36.962   72.09544 -166.64584    -0.3130    32.3409    1444.73  0.000e+00
     36.892   72.09544 -166.64584    -0.3130    32.3418    1444.73  0.000e+00
     36.962   72.09544 -166.64584    -0.3127    32.3415    1444.74  0.000e+00
     36.908   72.09544 -166.64584    -0.3124    32.3415    1444.74  0.000e+00
     36.954   72.09544 -166.64584    -0.3122    32.3412    1444.74  0.000e+00
     36.962   72.09544 -166.64584    -0.3122    32.3415    1444.74  0.000e+00
     36.908   72.09544 -166.64584    -0.3120    32.3414    1444.74  0.000e+00
     36.954   72.09544 -166.64584    -0.3118    32.3416    1444.74  0.000e+00
     36.907   72.09544 -166.64584    -0.3119    32.3416    1444.74  0.000e+00
     36.961   72.09544 -166.64584    -0.3114    32.3408    1444.74  0.000e+00
     36.954   72.09544 -166.64584    -0.3114    32.3403    1444.74  0.000e+00
     36.961   72.09544 -166.64584    -0.3114    32.3396    1444.74  0.000e+00
     36.907   72.09544 -166.64584    -0.3114    32.3372    1444.73  0.000e+00
     37.008   72.09544 -166.64584    -0.3113    32.3385    1444.74  0.000e+00
     36.907   72.09544 -166.64584    -0.3115    32.3397    1444.74  0.000e+00
     36.961   72.09544 -166.64584    -0.3114    32.3393    1444.74  0.000e+00
     36.954   72.09544 -166.64584    -0.3117    32.3402    1444.74  0.000e+00
     36.907   72.09544 -166.64584    -0.3122    32.3406    1444.74  0.000e+00
     36.961   72.09544 -166.64584    -0.3120    32.3399    1444.74  0.000e+00
     36.892   72.09544 -166.64584    -0.3122    32.3401    1444.73  0.000e+00
     36.961   72.09544 -166.64584    -0.3125    32.3402    1444.73  0.000e+00
     36.961   72.09544 -166.64584    -0.3125    32.3403    1444.73  0.000e+00
     36.961   72.09544 -166.64584    -0.3124    32.3407    1444.74  0.000e+00
     36.892   72.09544 -166.64584    -0.3120    32.3412    1444.74  0.000e+00
     36.961   72.09544 -166.64584    -0.3119    32.3409    1444.74  0.000e+00
     36.907   72.09544 -166.64584    -0.3115    32.3407    1444.74  0.000e+00
     36.954   72.09544 -166.64584    -0.3116    32.3406    1444.74  0.000e+00
     36.907   72.09544 -166.64584    -0.3114    32.3405    1444.74  0.000e+00
     36.907   72.09544 -166.64584    -0.3114    32.3402    1444.74  0.000e+00
     36.954   72.09544 -166.64584    -0.3117    32.3400    1444.74  0.000e+00
     36.907   72.09544 -166.64584    -0.3119    32.3398    1444.74  0.000e+00
     36.907   72.09544 -166.64584    -0.3122    32.3401    1444.73  0.000e+00
     36.892   72.09544 -166.64584    -0.3123    32.3403    1444.73  0.000e+00
     36.907   72.09544 -166.64584    -0.3122    32.3405    1444.74  0.000e+00
     36.907   72.09544 -166.64584    -0.3119    32.3410    1444.74  0.000e+00
     36.838   72.09544 -166.64584    -0.3116    32.3409    1444.74  0.000e+00
     36.907   72.09544 -166.64584    -0.3115    32.3402    1444.74  0.000e+00
     36.846   72.09544 -166.64584    -0.3116    32.3394    1444.74  0.000e+00
     36.892   72.09544 -166.64584    -0.3117    32.3395    1444.74  0.000e+00
     36.846   72.09544 -166.64584    -0.3119    32.3398    1444.73  0.000e+00
     36.846   72.09544 -166.64584    -0.3118    32.3397    1444.74  0.000e+00
     36.892   72.09544 -166.64584    -0.3122    32.3401    1444.73  0.000e+00
     36.846   72.09544 -166.64584    -0.3123    32.3404    1444.73  0.000e+00
     36.846   72.09544 -166.64584    -0.3122    32.3396    1444.73  0.000e+00
     36.776   72.09544 -166.64584    -0.3126    32.3402    1444.73  0.000e+00
     36.846   72.09544 -166.64584    -0.3125    32.3397    1444.73  0.000e+00
     36.792   72.09544 -166.64584    -0.3128    32.3393    1444.73  0.000e+00
     36.838   72.09544 -166.64584    -0.3131    32.3398    1444.73  0.000e+00
     36.792   72.09544 -166.64584    -0.3131    32.3398    1444.73  0.000e+00
     36.792   72.09544 -166.64584    -0.3133    32.3397    1444.73  0.000e+00
     36.776   72.09544 -166.64584    -0.3134    32.3402    1444.73  0.000e+00
     36.792   72.09544 -166.64584    -0.3134    32.3405    1444.73  0.000e+00
     36.730   72.09544 -166.64584    -0.3134    32.3404    1444.73  0.000e+00
     36.776   72.09544 -166.64584    -0.3133    32.3398    1444.73  0.000e+00
     36.791   72.09544 -166.64584    -0.3134    32.3404    1444.73  0.000e+00
     36.730   72.09544 -166.64584    -0.3132    32.3398    1444.73  0.000e+00
     36.722   72.09544 -166.64584    -0.3136    32.3406    1444.73  0.000e+00
     36.730   72.09544 -166.64584    -0.3136    32.3408    1444.73  0.000e+00
     36.730   72.09544 -166.64584    -0.3131    32.3398    1444.73  0.000e+00
     36.722   72.09544 -166.64584    -0.3131    32.3402    1444.73  0.000e+00
     36.730   72.09544 -166.64584    -0.3134    32.3406    1444.73  0.000e+00
     36.676   72.09544 -166.64584    -0.3133    32.3405    1444.73  0.000e+00
     36.722   72.09544 -166.64584    -0.3132    32.3403    1444.73  0.000e+00
     36.676   72.09544 -166.64584    -0.3130    32.3405    1444.73  0.000e+00
     36.676   72.09544 -166.64584    -0.3128    32.3427    1444.73  0.000e+00
     36.668   72.09544 -166.64584    -0.3114    32.3438    1444.74  0.000e+00
     36.676   72.09544 -166.64584    -0.3089    32.3422    1444.75  0.000e+00
     36.676   72.09544 -166.64584    -0.3074    32.3407    1444.75  0.000e+00
     36.668   72.09544 -166.64584    -0.3065    32.3396    1444.76  0.000e+00
     36.622   72.09544 -166.64584    -0.3069    32.3414    1444.76  0.000e+00
     36.622   72.09544 -166.64584    -0.3065    32.3425    1444.76  0.000e+00
     36.668   72.09544 -166.64584    -0.3051    32.3428    1444.77  0.000e+00
     36.622   72.09544 -166.64584    -0.3033    32.3427    1444.78  0.000e+00
     36.622   72.09544 -166.64584    -0.3019    32.3417    1444.78  0.000e+00
     36.606   72.09544 -166.64584    -0.3005    32.3404    1444.78  0.000e+00
