EcoFOCI/data/1_SampleCollection/2023_SikuliaqDBO_CruiseData/CTD_raw_BottleFile_SKQ23-12S/proc/skq202312s_015svpavg.cnv
* Sea-Bird SBE 9 Data File:
* FileName = D:\CTD\SKQ202312S\SKQ202312S_015.hex
* Software Version Seasave V 7.26.7.121
* Temperature SN = 6177
* Conductivity SN = 0369
* Number of Bytes Per Scan = 41
* Number of Voltage Words = 4
* Number of Scans Averaged by the Deck Unit = 1
* NMEA Latitude = 64 40.48 N
* NMEA Longitude = 169 28.25 W
* NMEA UTC (Time) = Sep 17 2023  12:08:54
* NMEA baud rate = 4800
** Ship: R/V Sikuliaq
** Station Number: 015
** Station Name: DBO2.1A
** Bottom Depth: 44
** Operator: Bern
# nquan = 7
# nvalues = 38                          
# units = specified
# name 0 = depSM: Depth [salt water, m]
# name 1 = latitude: Latitude [deg]
# name 2 = longitude: Longitude [deg]
# name 3 = t090C: Temperature [ITS-90, deg C]
# name 4 = sal00: Salinity, Practical [PSU]
# name 5 = svCM: Sound Velocity [Chen-Millero, m/s]
# name 6 = flag: flag
# span 0 =      3.000,     40.000       
# span 1 =   64.67388,   64.67414       
# span 2 = -169.47154, -169.47125       
# span 3 =     1.9565,     2.5497       
# span 4 =    31.9618,    32.7523       
# span 5 =    1454.42,    1457.49       
# span 6 = 0.0000e+00, 0.0000e+00       
# interval = meters: 1                  
# start_time = Sep 17 2023 12:12:19 [NMEA time, first data scan]
# bad_flag = -9.990e-29
*END*
      3.000   64.67414 -169.47125     2.2471    31.9631    1455.24 0.0000e+00
      4.000   64.67411 -169.47129     2.1219    31.9632    1454.71 0.0000e+00
      5.000   64.67409 -169.47131     2.0870    31.9618    1454.57 0.0000e+00
      6.000   64.67408 -169.47133     2.0651    31.9620    1454.49 0.0000e+00
      7.000   64.67406 -169.47134     2.0488    31.9620    1454.44 0.0000e+00
      8.000   64.67405 -169.47135     2.0398    31.9661    1454.42 0.0000e+00
      9.000   64.67404 -169.47136     2.0364    31.9663    1454.42 0.0000e+00
     10.000   64.67402 -169.47136     2.0422    31.9632    1454.46 0.0000e+00
     11.000   64.67402 -169.47138     2.0424    31.9629    1454.48 0.0000e+00
     12.000   64.67401 -169.47138     2.0347    31.9651    1454.46 0.0000e+00
     13.000   64.67400 -169.47138     2.0281    31.9656    1454.45 0.0000e+00
     14.000   64.67400 -169.47140     2.0317    31.9642    1454.48 0.0000e+00
     15.000   64.67400 -169.47140     2.0318    31.9641    1454.50 0.0000e+00
     16.000   64.67399 -169.47141     2.0184    31.9710    1454.46 0.0000e+00
     17.000   64.67398 -169.47142     2.0108    31.9772    1454.45 0.0000e+00
     18.000   64.67398 -169.47142     2.0422    32.0081    1454.65 0.0000e+00
     19.000   64.67398 -169.47143     2.1880    32.1299    1455.47 0.0000e+00
     20.000   64.67398 -169.47144     2.5497    32.4604    1457.49 0.0000e+00
     21.000   64.67398 -169.47144     2.4208    32.5004    1457.00 0.0000e+00
     22.000   64.67396 -169.47145     2.1968    32.5282    1456.07 0.0000e+00
     23.000   64.67396 -169.47146     2.1560    32.5434    1455.93 0.0000e+00
     24.000   64.67396 -169.47146     2.1315    32.5716    1455.88 0.0000e+00
     25.000   64.67396 -169.47147     2.1130    32.6074    1455.86 0.0000e+00
     26.000   64.67394 -169.47148     2.0605    32.6270    1455.67 0.0000e+00
     27.000   64.67394 -169.47148     2.0090    32.6547    1455.50 0.0000e+00
     28.000   64.67394 -169.47148     1.9971    32.6790    1455.50 0.0000e+00
     29.000   64.67394 -169.47148     1.9801    32.7046    1455.47 0.0000e+00
     30.000   64.67394 -169.47150     1.9791    32.7067    1455.48 0.0000e+00
     31.000   64.67394 -169.47150     1.9751    32.7058    1455.48 0.0000e+00
     32.000   64.67394 -169.47150     1.9741    32.7117    1455.50 0.0000e+00
     33.000   64.67392 -169.47150     1.9738    32.7158    1455.52 0.0000e+00
     34.000   64.67392 -169.47150     1.9734    32.7177    1455.54 0.0000e+00
     35.000   64.67391 -169.47153     1.9726    32.7205    1455.56 0.0000e+00
     36.000   64.67390 -169.47154     1.9705    32.7315    1455.58 0.0000e+00
     37.000   64.67388 -169.47154     1.9649    32.7378    1455.58 0.0000e+00
     38.000   64.67388 -169.47154     1.9583    32.7470    1455.58 0.0000e+00
     39.000   64.67388 -169.47154     1.9568    32.7506    1455.59 0.0000e+00
     40.000   64.67388 -169.47154     1.9565    32.7523    1455.60 0.0000e+00
