EcoFOCI/data/1_SampleCollection/2023_SikuliaqDBO_CruiseData/CTD_raw_BottleFile_SKQ23-12S/proc/skq202312s_028svp.cnv
* Sea-Bird SBE 9 Data File:
* FileName = D:\CTD\SKQ202312S\SKQ202312S_028.hex
* Software Version Seasave V 7.26.7.121
* Temperature SN = 6177
* Conductivity SN = 0369
* Number of Bytes Per Scan = 41
* Number of Voltage Words = 4
* Number of Scans Averaged by the Deck Unit = 1
* NMEA Latitude = 71 22.34 N
* NMEA Longitude = 157 24.94 W
* NMEA UTC (Time) = Sep 21 2023  03:13:25
* NMEA baud rate = 4800
** Ship: R/V Sikuliaq
** Station Number: 028
** Station Name: DBO5.4
** Bottom Depth: 112
** Operator: SD
# nquan = 7
# nvalues = 10603                                 
# units = specified
# name 0 = depSM: Depth [salt water, m]
# name 1 = latitude: Latitude [deg]
# name 2 = longitude: Longitude [deg]
# name 3 = t090C: Temperature [ITS-90, deg C]
# name 4 = sal00: Salinity, Practical [PSU]
# name 5 = svCM: Sound Velocity [Chen-Millero, m/s]
# name 6 = flag:  0.000e+00
# span 0 =      2.421,    106.151                 
# span 1 =   71.37238,   71.37258                 
# span 2 = -157.41494, -157.41336                 
# span 3 =    -1.5020,     4.8902                 
# span 4 =    30.0278,    32.5827                 
# span 5 =    1440.00,    1464.93                 
# span 6 = 0.0000e+00, 0.0000e+00                 
# interval = seconds: 0.0416667
# start_time = Sep 21 2023 03:18:10 [NMEA time, first data scan]
# bad_flag = -9.990e-29
*END*
[from data line 7795]
    105.402   71.37254 -157.41382    -1.4878    32.5748    1440.62  0.000e+00
    105.456   71.37254 -157.41382    -1.4880    32.5748    1440.62  0.000e+00
    105.402   71.37254 -157.41382    -1.4881    32.5753    1440.62  0.000e+00
    105.456   71.37254 -157.41382    -1.4880    32.5751    1440.62  0.000e+00
    105.402   71.37254 -157.41382    -1.4883    32.5754    1440.62  0.000e+00
    105.425   71.37254 -157.41382    -1.4885    32.5756    1440.62  0.000e+00
    105.456   71.37254 -157.41382    -1.4887    32.5757    1440.62  0.000e+00
    105.456   71.37254 -157.41382    -1.4885    32.5758    1440.62  0.000e+00
    105.402   71.37254 -157.41382    -1.4887    32.5761    1440.62  0.000e+00
    105.456   71.37254 -157.41382    -1.4887    32.5758    1440.62  0.000e+00
    105.402   71.37254 -157.41382    -1.4885    32.5758    1440.62  0.000e+00
    105.402   71.37254 -157.41382    -1.4884    32.5760    1440.62  0.000e+00
    105.456   71.37254 -157.41382    -1.4883    32.5760    1440.62  0.000e+00
    105.402   71.37254 -157.41382    -1.4881    32.5759    1440.62  0.000e+00
    105.425   71.37254 -157.41382    -1.4878    32.5753    1440.62  0.000e+00
    105.402   71.37254 -157.41382    -1.4878    32.5754    1440.62  0.000e+00
    105.402   71.37254 -157.41382    -1.4881    32.5755    1440.62  0.000e+00
    105.456   71.37254 -157.41382    -1.4877    32.5752    1440.62  0.000e+00
    105.402   71.37254 -157.41382    -1.4877    32.5755    1440.62  0.000e+00
    105.402   71.37254 -157.41382    -1.4874    32.5749    1440.62  0.000e+00
    105.456   71.37254 -157.41382    -1.4874    32.5750    1440.62  0.000e+00
    105.402   71.37254 -157.41382    -1.4874    32.5753    1440.62  0.000e+00
    105.402   71.37254 -157.41382    -1.4874    32.5755    1440.62  0.000e+00
    105.425   71.37254 -157.41382    -1.4871    32.5748    1440.62  0.000e+00
    105.402   71.37254 -157.41382    -1.4872    32.5749    1440.62  0.000e+00
    105.456   71.37254 -157.41382    -1.4869    32.5747    1440.62  0.000e+00
    105.402   71.37254 -157.41382    -1.4871    32.5751    1440.62  0.000e+00
    105.402   71.37254 -157.41382    -1.4872    32.5749    1440.62  0.000e+00
    105.456   71.37254 -157.41382    -1.4873    32.5752    1440.62  0.000e+00
    105.402   71.37254 -157.41382    -1.4872    32.5753    1440.62  0.000e+00
    105.402   71.37254 -157.41382    -1.4871    32.5748    1440.62  0.000e+00
    105.456   71.37254 -157.41382    -1.4869    32.5746    1440.62  0.000e+00
    105.425   71.37254 -157.41382    -1.4873    32.5747    1440.62  0.000e+00
    105.402   71.37254 -157.41382    -1.4873    32.5752    1440.62  0.000e+00
    105.456   71.37254 -157.41382    -1.4871    32.5748    1440.62  0.000e+00
    105.402   71.37254 -157.41382    -1.4872    32.5749    1440.62  0.000e+00
    105.456   71.37254 -157.41382    -1.4869    32.5747    1440.62  0.000e+00
    105.402   71.37254 -157.41382    -1.4869    32.5751    1440.62  0.000e+00
    105.456   71.37254 -157.41382    -1.4871    32.5752    1440.62  0.000e+00
    105.456   71.37254 -157.41382    -1.4868    32.5746    1440.62  0.000e+00
    105.456   71.37254 -157.41382    -1.4867    32.5745    1440.62  0.000e+00
    105.425   71.37254 -157.41382    -1.4866    32.5744    1440.62  0.000e+00
    105.456   71.37254 -157.41382    -1.4869    32.5743    1440.62  0.000e+00
    105.456   71.37254 -157.41382    -1.4870    32.5744    1440.62  0.000e+00
    105.456   71.37254 -157.41382    -1.4873    32.5752    1440.62  0.000e+00
    105.402   71.37254 -157.41382    -1.4873    32.5751    1440.62  0.000e+00
    105.518   71.37254 -157.41382    -1.4877    32.5753    1440.62  0.000e+00
    105.402   71.37254 -157.41382    -1.4882    32.5756    1440.62  0.000e+00
    105.518   71.37254 -157.41382    -1.4884    32.5757    1440.62  0.000e+00
    105.456   71.37254 -157.41382    -1.4885    32.5758    1440.62  0.000e+00
    105.425   71.37254 -157.41382    -1.4882    32.5756    1440.62  0.000e+00
    105.518   71.37254 -157.41382    -1.4883    32.5756    1440.62  0.000e+00
    105.456   71.37254 -157.41382    -1.4882    32.5753    1440.62  0.000e+00
    105.456   71.37254 -157.41382    -1.4883    32.5757    1440.62  0.000e+00
    105.518   71.37254 -157.41382    -1.4878    32.5749    1440.62  0.000e+00
    105.456   71.37254 -157.41380    -1.4883    32.5754    1440.62  0.000e+00
    105.456   71.37254 -157.41380    -1.4881    32.5753    1440.62  0.000e+00
    105.518   71.37254 -157.41380    -1.4880    32.5751    1440.62  0.000e+00
    105.518   71.37254 -157.41380    -1.4880    32.5750    1440.62  0.000e+00
    105.479   71.37254 -157.41380    -1.4883    32.5753    1440.62  0.000e+00
    105.456   71.37254 -157.41380    -1.4883    32.5754    1440.62  0.000e+00
    105.518   71.37254 -157.41380    -1.4884    32.5756    1440.62  0.000e+00
    105.456   71.37254 -157.41380    -1.4885    32.5756    1440.62  0.000e+00
    105.518   71.37254 -157.41380    -1.4882    32.5754    1440.62  0.000e+00
    105.518   71.37254 -157.41380    -1.4881    32.5754    1440.62  0.000e+00
    105.456   71.37254 -157.41380    -1.4880    32.5751    1440.62  0.000e+00
    105.518   71.37254 -157.41380    -1.4878    32.5748    1440.62  0.000e+00
    105.533   71.37254 -157.41380    -1.4879    32.5753    1440.62  0.000e+00
    105.518   71.37254 -157.41380    -1.4880    32.5751    1440.62  0.000e+00
    105.518   71.37254 -157.41380    -1.4877    32.5751    1440.62  0.000e+00
    105.456   71.37254 -157.41380    -1.4878    32.5754    1440.62  0.000e+00
    105.518   71.37254 -157.41380    -1.4878    32.5754    1440.62  0.000e+00
    105.518   71.37254 -157.41380    -1.4876    32.5753    1440.62  0.000e+00
    105.518   71.37254 -157.41380    -1.4874    32.5750    1440.62  0.000e+00
    105.518   71.37254 -157.41380    -1.4876    32.5748    1440.62  0.000e+00
    105.518   71.37254 -157.41380    -1.4874    32.5747    1440.62  0.000e+00
    105.479   71.37254 -157.41380    -1.4876    32.5752    1440.62  0.000e+00
    105.572   71.37254 -157.41380    -1.4877    32.5751    1440.62  0.000e+00
    105.518   71.37254 -157.41380    -1.4876    32.5753    1440.62  0.000e+00
    105.456   71.37254 -157.41380    -1.4877    32.5749    1440.62  0.000e+00
    105.572   71.37254 -157.41380    -1.4876    32.5747    1440.62  0.000e+00
    105.518   71.37254 -157.41380    -1.4878    32.5751    1440.62  0.000e+00
    105.518   71.37254 -157.41380    -1.4878    32.5753    1440.62  0.000e+00
    105.518   71.37254 -157.41380    -1.4879    32.5755    1440.62  0.000e+00
    105.518   71.37254 -157.41380    -1.4878    32.5754    1440.62  0.000e+00
    105.479   71.37254 -157.41380    -1.4877    32.5751    1440.62  0.000e+00
    105.518   71.37254 -157.41380    -1.4878    32.5753    1440.62  0.000e+00
    105.572   71.37254 -157.41380    -1.4878    32.5756    1440.62  0.000e+00
    105.456   71.37254 -157.41380    -1.4878    32.5757    1440.62  0.000e+00
    105.517   71.37254 -157.41380    -1.4877    32.5753    1440.62  0.000e+00
    105.517   71.37254 -157.41380    -1.4878    32.5752    1440.62  0.000e+00
    105.517   71.37254 -157.41380    -1.4878    32.5754    1440.62  0.000e+00
    105.517   71.37254 -157.41380    -1.4878    32.5752    1440.62  0.000e+00
    105.517   71.37254 -157.41380    -1.4877    32.5752    1440.62  0.000e+00
    105.533   71.37254 -157.41380    -1.4878    32.5753    1440.62  0.000e+00
    105.517   71.37254 -157.41380    -1.4874    32.5749    1440.62  0.000e+00
    105.517   71.37254 -157.41380    -1.4876    32.5747    1440.62  0.000e+00
    105.456   71.37254 -157.41380    -1.4876    32.5750    1440.62  0.000e+00
    105.517   71.37254 -157.41380    -1.4874    32.5751    1440.62  0.000e+00
    105.517   71.37254 -157.41380    -1.4878    32.5752    1440.62  0.000e+00
    105.517   71.37254 -157.41380    -1.4877    32.5752    1440.62  0.000e+00
    105.517   71.37254 -157.41380    -1.4874    32.5751    1440.62  0.000e+00
    105.517   71.37254 -157.41380    -1.4874    32.5748    1440.62  0.000e+00
    105.479   71.37254 -157.41380    -1.4873    32.5747    1440.62  0.000e+00
    105.517   71.37254 -157.41380    -1.4873    32.5752    1440.62  0.000e+00
    105.517   71.37254 -157.41380    -1.4871    32.5745    1440.62  0.000e+00
    105.517   71.37254 -157.41380    -1.4876    32.5748    1440.62  0.000e+00
    105.456   71.37254 -157.41380    -1.4874    32.5751    1440.62  0.000e+00
    105.517   71.37254 -157.41380    -1.4876    32.5754    1440.62  0.000e+00
    105.517   71.37254 -157.41380    -1.4874    32.5754    1440.62  0.000e+00
    105.455   71.37254 -157.41380    -1.4876    32.5753    1440.62  0.000e+00
    105.533   71.37254 -157.41380    -1.4876    32.5757    1440.62  0.000e+00
    105.517   71.37254 -157.41380    -1.4873    32.5755    1440.62  0.000e+00
    105.455   71.37254 -157.41380    -1.4873    32.5751    1440.62  0.000e+00
    105.517   71.37254 -157.41380    -1.4869    32.5749    1440.62  0.000e+00
    105.455   71.37254 -157.41380    -1.4872    32.5753    1440.62  0.000e+00
    105.517   71.37254 -157.41380    -1.4869    32.5750    1440.62  0.000e+00
    105.455   71.37254 -157.41380    -1.4871    32.5749    1440.62  0.000e+00
    105.517   71.37254 -157.41380    -1.4870    32.5745    1440.62  0.000e+00
    105.455   71.37254 -157.41380    -1.4871    32.5746    1440.62  0.000e+00
    105.479   71.37254 -157.41380    -1.4873    32.5753    1440.62  0.000e+00
    105.517   71.37254 -157.41380    -1.4869    32.5747    1440.62  0.000e+00
    105.455   71.37254 -157.41380    -1.4873    32.5753    1440.62  0.000e+00
    105.517   71.37254 -157.41380    -1.4872    32.5752    1440.62  0.000e+00
    105.455   71.37254 -157.41380    -1.4876    32.5757    1440.62  0.000e+00
    105.455   71.37254 -157.41380    -1.4871    32.5749    1440.62  0.000e+00
    105.455   71.37254 -157.41380    -1.4872    32.5756    1440.62  0.000e+00
    105.455   71.37254 -157.41380    -1.4873    32.5755    1440.62  0.000e+00
    105.455   71.37254 -157.41380    -1.4872    32.5750    1440.62  0.000e+00
    105.478   71.37254 -157.41380    -1.4868    32.5748    1440.62  0.000e+00
    105.455   71.37254 -157.41380    -1.4868    32.5745    1440.62  0.000e+00
    105.455   71.37254 -157.41380    -1.4867    32.5742    1440.62  0.000e+00
    105.455   71.37254 -157.41380    -1.4869    32.5745    1440.62  0.000e+00
    105.455   71.37254 -157.41380    -1.4869    32.5751    1440.62  0.000e+00
    105.455   71.37254 -157.41380    -1.4870    32.5747    1440.62  0.000e+00
    105.455   71.37254 -157.41380    -1.4873    32.5750    1440.62  0.000e+00
    105.401   71.37254 -157.41380    -1.4872    32.5748    1440.62  0.000e+00
    105.455   71.37254 -157.41380    -1.4876    32.5751    1440.62  0.000e+00
    105.478   71.37254 -157.41380    -1.4878    32.5754    1440.62  0.000e+00
    105.401   71.37254 -157.41380    -1.4876    32.5756    1440.62  0.000e+00
    105.455   71.37254 -157.41380    -1.4878    32.5758    1440.62  0.000e+00
    105.455   71.37254 -157.41380    -1.4877    32.5754    1440.62  0.000e+00
    105.401   71.37254 -157.41380    -1.4873    32.5751    1440.62  0.000e+00
    105.401   71.37254 -157.41380    -1.4871    32.5749    1440.62  0.000e+00
    105.455   71.37254 -157.41380    -1.4870    32.5750    1440.62  0.000e+00
    105.455   71.37254 -157.41380    -1.4869    32.5752    1440.62  0.000e+00
    105.401   71.37254 -157.41380    -1.4868    32.5747    1440.62  0.000e+00
    105.424   71.37254 -157.41380    -1.4867    32.5745    1440.62  0.000e+00
    105.455   71.37254 -157.41380    -1.4868    32.5750    1440.62  0.000e+00
    105.401   71.37254 -157.41380    -1.4868    32.5750    1440.62  0.000e+00
    105.401   71.37254 -157.41380    -1.4869    32.5747    1440.62  0.000e+00
    105.455   71.37254 -157.41380    -1.4869    32.5754    1440.62  0.000e+00
    105.401   71.37254 -157.41380    -1.4870    32.5755    1440.62  0.000e+00
    105.401   71.37254 -157.41380    -1.4869    32.5751    1440.62  0.000e+00
    105.455   71.37254 -157.41380    -1.4868    32.5749    1440.62  0.000e+00
    105.401   71.37254 -157.41380    -1.4867    32.5752    1440.62  0.000e+00
    105.424   71.37254 -157.41380    -1.4868    32.5752    1440.62  0.000e+00
    105.455   71.37254 -157.41380    -1.4865    32.5748    1440.63  0.000e+00
    105.401   71.37254 -157.41380    -1.4866    32.5750    1440.62  0.000e+00
    105.401   71.37254 -157.41380    -1.4866    32.5750    1440.62  0.000e+00
    105.401   71.37254 -157.41380    -1.4870    32.5754    1440.62  0.000e+00
    105.401   71.37254 -157.41380    -1.4873    32.5757    1440.62  0.000e+00
    105.455   71.37254 -157.41380    -1.4873    32.5757    1440.62  0.000e+00
    105.401   71.37254 -157.41380    -1.4869    32.5750    1440.62  0.000e+00
    105.401   71.37254 -157.41380    -1.4869    32.5753    1440.62  0.000e+00
    105.424   71.37254 -157.41380    -1.4866    32.5748    1440.62  0.000e+00
    105.401   71.37254 -157.41380    -1.4867    32.5750    1440.62  0.000e+00
    105.455   71.37254 -157.41380    -1.4869    32.5751    1440.62  0.000e+00
    105.401   71.37254 -157.41380    -1.4872    32.5753    1440.62  0.000e+00
    105.401   71.37254 -157.41380    -1.4871    32.5750    1440.62  0.000e+00
    105.455   71.37254 -157.41380    -1.4871    32.5751    1440.62  0.000e+00
    105.401   71.37254 -157.41380    -1.4872    32.5753    1440.62  0.000e+00
    105.401   71.37254 -157.41380    -1.4871    32.5752    1440.62  0.000e+00
    105.455   71.37254 -157.41380    -1.4874    32.5755    1440.62  0.000e+00
    105.424   71.37254 -157.41380    -1.4876    32.5758    1440.62  0.000e+00
    105.401   71.37254 -157.41380    -1.4873    32.5752    1440.62  0.000e+00
    105.455   71.37254 -157.41380    -1.4872    32.5752    1440.62  0.000e+00
    105.401   71.37254 -157.41380    -1.4873    32.5756    1440.62  0.000e+00
    105.401   71.37254 -157.41380    -1.4871    32.5753    1440.62  0.000e+00
    105.455   71.37254 -157.41380    -1.4869    32.5749    1440.62  0.000e+00
    105.401   71.37254 -157.41380    -1.4866    32.5747    1440.62  0.000e+00
    105.455   71.37254 -157.41380    -1.4864    32.5741    1440.62  0.000e+00
    105.455   71.37254 -157.41380    -1.4862    32.5740    1440.63  0.000e+00
    105.424   71.37254 -157.41380    -1.4868    32.5746    1440.62  0.000e+00
    105.455   71.37254 -157.41380    -1.4872    32.5747    1440.62  0.000e+00
    105.401   71.37254 -157.41380    -1.4874    32.5752    1440.62  0.000e+00
    105.455   71.37254 -157.41380    -1.4876    32.5752    1440.62  0.000e+00
    105.401   71.37254 -157.41380    -1.4878    32.5752    1440.62  0.000e+00
    105.455   71.37254 -157.41380    -1.4880    32.5757    1440.62  0.000e+00
    105.455   71.37254 -157.41380    -1.4877    32.5752    1440.62  0.000e+00
    105.455   71.37254 -157.41380    -1.4876    32.5751    1440.62  0.000e+00
    105.455   71.37254 -157.41380    -1.4876    32.5749    1440.62  0.000e+00
    105.478   71.37254 -157.41380    -1.4876    32.5750    1440.62  0.000e+00
    105.401   71.37254 -157.41380    -1.4872    32.5745    1440.62  0.000e+00
    105.455   71.37254 -157.41380    -1.4871    32.5746    1440.62  0.000e+00
    105.455   71.37254 -157.41380    -1.4872    32.5744    1440.62  0.000e+00
    105.455   71.37254 -157.41380    -1.4873    32.5747    1440.62  0.000e+00
    105.517   71.37254 -157.41380    -1.4876    32.5748    1440.62  0.000e+00
    105.455   71.37254 -157.41380    -1.4876    32.5749    1440.62  0.000e+00
    105.517   71.37254 -157.41380    -1.4876    32.5745    1440.62  0.000e+00
    105.455   71.37254 -157.41380    -1.4876    32.5748    1440.62  0.000e+00
    105.478   71.37254 -157.41380    -1.4878    32.5746    1440.62  0.000e+00
    105.455   71.37254 -157.41380    -1.4880    32.5747    1440.62  0.000e+00
    105.517   71.37254 -157.41380    -1.4881    32.5748    1440.62  0.000e+00
    105.517   71.37254 -157.41380    -1.4882    32.5751    1440.62  0.000e+00
