EcoFOCI/data/1_SampleCollection/2023_SikuliaqDBO_CruiseData/CTD_raw_BottleFile_SKQ23-12S/proc/skq202312s_012.cnv
* Sea-Bird SBE 9 Data File:
* FileName = D:\CTD\SKQ202312S\SKQ202312S_012.hex
* Software Version Seasave V 7.26.7.121
* Temperature SN = 6177
* Conductivity SN = 0369
* Number of Bytes Per Scan = 41
* Number of Voltage Words = 4
* Number of Scans Averaged by the Deck Unit = 1
* NMEA Latitude = 64 40.32 N
* NMEA Longitude = 170 38.51 W
* NMEA UTC (Time) = Sep 17 2023  03:44:23
* NMEA baud rate = 4800
** Ship: R/V Sikuliaq
** Station Number: 012
** Station Name: DBO2.0
** Bottom Depth: 48
** Operator: SD
# nquan = 24
# nvalues = 5209                                  
# units = specified
# name 0 = depSM: Depth [salt water, m]
# name 1 = latitude: Latitude [deg]
# name 2 = longitude: Longitude [deg]
# name 3 = prDM: Pressure, Digiquartz [db]
# name 4 = t090C: Temperature [ITS-90, deg C]
# name 5 = t190C: Temperature, 2 [ITS-90, deg C]
# name 6 = potemp090C: Potential Temperature [ITS-90, deg C]
# name 7 = sal00: Salinity, Practical [PSU]
# name 8 = sal11: Salinity, Practical, 2 [PSU]
# name 9 = density00: Density [density, kg/m^3]
# name 10 = sigma-é00: Density [sigma-theta, kg/m^3]
# name 11 = sbox0Mm/Kg: Oxygen, SBE 43 [umol/kg]
# name 12 = sbox1Mm/Kg: Oxygen, SBE 43, 2 [umol/kg]
# name 13 = oxsolMm/Kg: Oxygen Saturation, Garcia & Gordon [umol/kg]
# name 14 = sbeox0PS: Oxygen, SBE 43 [% saturation]
# name 15 = sbeox1PS: Oxygen, SBE 43, 2 [% saturation]
# name 16 = v0: Voltage 0
# name 17 = flECO-AFL: Fluorescence, WET Labs ECO-AFL/FL [mg/m^3]
# name 18 = v1: Voltage 1
# name 19 = CStarAt0: Beam Attenuation, WET Labs C-Star [1/m]
# name 20 = par: PAR/Irradiance, Biospherical/Licor
# name 21 = scan: Scan Count
# name 22 = timeM: Time, Elapsed [minutes]
# name 23 = flag:  0.000e+00
# span 0 =      2.948,     41.300                 
# span 1 =   64.67164,   64.67196                 
# span 2 = -170.64178, -170.64134                 
# span 3 =      2.977,     41.712                 
# span 4 =     3.2201,     3.4137                 
# span 5 =     3.2214,     3.4539                 
# span 6 =     3.2194,     3.4135                 
# span 7 =    32.9813,    33.0676                 
# span 8 =    33.0012,    33.0541                 
# span 9 =  1026.2598,  1026.4756                 
# span 10 =    26.2456,    26.3187                
# span 11 =    226.994,    229.870                
# span 12 =    215.657,    220.405                
# span 13 =  324.13752,  325.67415                
# span 14 =     69.705,     70.631                
# span 15 =     66.302,     67.732                
# span 16 =     0.1355,     0.3065                
# span 17 =     0.4652,     1.4908                
# span 18 =     3.7277,     3.8694                
# span 19 =     0.7885,     0.9377                
# span 20 = 1.3910e-01, 7.8340e+01                
# span 21 =          1,       5209                
# span 22 =     0.0000,     3.6167                
# span 23 = 0.0000e+00, 0.0000e+00                
# interval = seconds: 0.0416667
# start_time = Sep 17 2023 03:45:41 [NMEA time, first data scan]
# bad_flag = -9.990e-29
*END*
[from data line 3925]
     40.211   64.67172 -170.64148     40.612     3.2237     3.2247     3.2213    33.0135    33.0239  1026.4701    26.2799    227.551    217.585  325.65297     69.875     66.822     0.1636     0.6337     3.8584     0.7999 1.8220e-01       3926     2.7257  0.000e+00
     40.149   64.67172 -170.64148     40.549     3.2238     3.2249     3.2214    33.0137    33.0239  1026.4699    26.2800    227.331    217.575  325.65131     69.808     66.819     0.1587     0.6044     3.8584     0.7999 1.8135e-01       3927     2.7264  0.000e+00
     40.149   64.67172 -170.64148     40.549     3.2238     3.2247     3.2214    33.0135    33.0240  1026.4698    26.2799    227.731    217.568  325.65171     69.931     66.817     0.1575     0.5971     3.8584     0.7999 1.7717e-01       3928     2.7271  0.000e+00
     40.095   64.67172 -170.64148     40.495     3.2237     3.2247     3.2213    33.0139    33.0239  1026.4699    26.2802    227.733    217.560  325.65202     69.931     66.814     0.1587     0.6044     3.8584     0.7999 1.7304e-01       3929     2.7278  0.000e+00
     40.095   64.67172 -170.64148     40.495     3.2238     3.2247     3.2214    33.0133    33.0239  1026.4694    26.2797    227.520    217.552  325.65214     69.866     66.812     0.1575     0.5971     3.8584     0.7999 1.7222e-01       3930     2.7285  0.000e+00
     40.095   64.67172 -170.64148     40.495     3.2238     3.2249     3.2214    33.0139    33.0238  1026.4698    26.2802    227.489    217.567  325.65084     69.857     66.817     0.1587     0.6044     3.8584     0.7999 1.7386e-01       3931     2.7292  0.000e+00
     40.095   64.67172 -170.64148     40.495     3.2237     3.2247     3.2213    33.0136    33.0241  1026.4696    26.2799    227.677    217.561  325.65282     69.914     66.815     0.1575     0.5971     3.8584     0.7999 1.7551e-01       3932     2.7299  0.000e+00
     40.095   64.67172 -170.64148     40.495     3.2237     3.2245     3.2213    33.0134    33.0242  1026.4695    26.2798    227.719    217.579  325.65331     69.927     66.820     0.1587     0.6044     3.8571     0.8012 1.7717e-01       3933     2.7306  0.000e+00
     40.087   64.67172 -170.64148     40.487     3.2237     3.2247     3.2213    33.0138    33.0236  1026.4698    26.2801    227.761    217.596  325.65221     69.940     66.825     0.1575     0.5971     3.8584     0.7999 1.8135e-01       3934     2.7313  0.000e+00
     40.149   64.67172 -170.64148     40.549     3.2237     3.2245     3.2213    33.0137    33.0239  1026.4700    26.2801    227.592    217.594  325.65249     69.888     66.824     0.1587     0.6044     3.8584     0.7999 1.8818e-01       3935     2.7319  0.000e+00
     40.095   64.67172 -170.64148     40.495     3.2237     3.2245     3.2213    33.0137    33.0241  1026.4697    26.2800    227.747    217.610  325.65262     69.936     66.830     0.1575     0.5971     3.8584     0.7999 1.9078e-01       3936     2.7326  0.000e+00
     40.095   64.67172 -170.64148     40.495     3.2237     3.2245     3.2213    33.0134    33.0238  1026.4695    26.2798    227.794    217.630  325.65321     69.950     66.836     0.1587     0.6044     3.8571     0.8012 1.8904e-01       3937     2.7333  0.000e+00
     40.095   64.67172 -170.64148     40.495     3.2238     3.2247     3.2214    33.0132    33.0238  1026.4693    26.2796    227.805    217.650  325.65244     69.953     66.842     0.1575     0.5971     3.8559     0.8024 1.8389e-01       3938     2.7340  0.000e+00
     40.087   64.67172 -170.64146     40.487     3.2235     3.2247     3.2211    33.0135    33.0239  1026.4696    26.2799    227.638    217.648  325.65418     69.902     66.841     0.1587     0.6044     3.8547     0.8037 1.8220e-01       3939     2.7347  0.000e+00
     40.095   64.67172 -170.64146     40.495     3.2238     3.2245     3.2214    33.0134    33.0241  1026.4695    26.2798    227.400    217.647  325.65194     69.829     66.841     0.1587     0.6044     3.8547     0.8037 1.8220e-01       3940     2.7354  0.000e+00
     40.095   64.67172 -170.64146     40.495     3.2238     3.2247     3.2214    33.0135    33.0239  1026.4695    26.2799    227.169    217.667  325.65174     69.758     66.847     0.1587     0.6044     3.8559     0.8024 1.8220e-01       3941     2.7361  0.000e+00
     40.095   64.67172 -170.64146     40.495     3.2237     3.2244     3.2213    33.0139    33.0242  1026.4699    26.2802    227.484    217.668  325.65212     69.855     66.847     0.1587     0.6044     3.8559     0.8024 1.8135e-01       3942     2.7368  0.000e+00
     40.033   64.67172 -170.64146     40.432     3.2235     3.2245     3.2211    33.0137    33.0236  1026.4694    26.2801    227.652    217.665  325.65381     69.906     66.846     0.1575     0.5971     3.8559     0.8024 1.8135e-01       3943     2.7375  0.000e+00
     40.033   64.67172 -170.64146     40.432     3.2237     3.2245     3.2213    33.0136    33.0239  1026.4694    26.2800    227.637    217.664  325.65273     69.902     66.846     0.1587     0.6044     3.8547     0.8037 1.7551e-01       3944     2.7382  0.000e+00
     40.087   64.67172 -170.64146     40.487     3.2235     3.2247     3.2211    33.0136    33.0236  1026.4696    26.2800    227.695    217.448  325.65408     69.919     66.780     0.1575     0.5971     3.8547     0.8037 1.7304e-01       3945     2.7389  0.000e+00
     39.979   64.67172 -170.64146     40.378     3.2235     3.2244     3.2211    33.0138    33.0237  1026.4693    26.2801    227.067    217.593  325.65354     69.727     66.824     0.1587     0.6044     3.8547     0.8037 1.7304e-01       3946     2.7396  0.000e+00
     40.033   64.67172 -170.64146     40.432     3.2237     3.2245     3.2213    33.0137    33.0236  1026.4694    26.2800    227.637    217.399  325.65253     69.902     66.764     0.1575     0.5971     3.8559     0.8024 1.7304e-01       3947     2.7403  0.000e+00
     40.033   64.67172 -170.64146     40.432     3.2237     3.2242     3.2213    33.0137    33.0241  1026.4694    26.2800    227.663    217.570  325.65253     69.910     66.817     0.1587     0.6044     3.8547     0.8037 1.7386e-01       3948     2.7410  0.000e+00
     39.979   64.67172 -170.64146     40.378     3.2237     3.2245     3.2213    33.0137    33.0240  1026.4692    26.2801    227.722    217.565  325.65246     69.928     66.816     0.1575     0.5971     3.8547     0.8037 1.7386e-01       3949     2.7417  0.000e+00
     40.033   64.67172 -170.64146     40.432     3.2234     3.2245     3.2210    33.0140    33.0238  1026.4697    26.2803    227.789    217.566  325.65429     69.948     66.816     0.1587     0.6044     3.8559     0.8024 1.7883e-01       3950     2.7424  0.000e+00
     40.033   64.67172 -170.64146     40.432     3.2235     3.2245     3.2211    33.0136    33.0240  1026.4694    26.2800    227.817    217.565  325.65401     69.957     66.816     0.1587     0.6044     3.8547     0.8037 1.8304e-01       3951     2.7431  0.000e+00
     39.979   64.67172 -170.64146     40.378     3.2237     3.2245     3.2213    33.0123    33.0239  1026.4681    26.2789    227.845    217.563  325.65595     69.965     66.815     0.1624     0.6264     3.8559     0.8024 1.8389e-01       3952     2.7437  0.000e+00
     40.033   64.67172 -170.64146     40.432     3.2237     3.2245     3.2213    33.0128    33.0240  1026.4687    26.2793    227.659    217.563  325.65473     69.908     66.815     0.1624     0.6264     3.8547     0.8037 1.8475e-01       3953     2.7444  0.000e+00
     39.979   64.67172 -170.64146     40.378     3.2235     3.2244     3.2211    33.0137    33.0243  1026.4692    26.2801    227.868    217.584  325.65374     69.973     66.821     0.1636     0.6337     3.8547     0.8037 1.8560e-01       3954     2.7451  0.000e+00
     40.033   64.67172 -170.64146     40.433     3.2235     3.2245     3.2211    33.0136    33.0241  1026.4694    26.2800    227.900    217.609  325.65401     69.982     66.829     0.1636     0.6337     3.8547     0.8037 1.8560e-01       3955     2.7458  0.000e+00
     40.033   64.67172 -170.64146     40.433     3.2235     3.2244     3.2211    33.0138    33.0240  1026.4695    26.2801    228.145    217.611  325.65361     70.058     66.829     0.1624     0.6264     3.8547     0.8037 1.8646e-01       3956     2.7465  0.000e+00
     40.033   64.67172 -170.64146     40.433     3.2235     3.2245     3.2211    33.0139    33.0240  1026.4696    26.2802    227.777    217.611  325.65341     69.945     66.830     0.1636     0.6337     3.8547     0.8037 1.8818e-01       3957     2.7472  0.000e+00
     40.033   64.67172 -170.64146     40.433     3.2237     3.2245     3.2213    33.0137    33.0238  1026.4694    26.2800    227.772    217.612  325.65253     69.943     66.830     0.1624     0.6264     3.8462     0.8126 1.8904e-01       3958     2.7479  0.000e+00
     39.979   64.67172 -170.64146     40.378     3.2238     3.2244     3.2214    33.0133    33.0240  1026.4689    26.2797    227.767    217.612  325.65218     69.942     66.830     0.1636     0.6337     3.8413     0.8177 1.8732e-01       3959     2.7486  0.000e+00
     40.033   64.67172 -170.64146     40.433     3.2235     3.2245     3.2211    33.0136    33.0238  1026.4693    26.2800    227.985    217.614  325.65411     70.008     66.830     0.1624     0.6264     3.8413     0.8177 1.8560e-01       3960     2.7493  0.000e+00
     40.033   64.67172 -170.64146     40.433     3.2237     3.2242     3.2213    33.0136    33.0241  1026.4694    26.2800    228.017    217.809  325.65273     70.018     66.890     0.1636     0.6337     3.8413     0.8177 1.8560e-01       3961     2.7500  0.000e+00
     39.971   64.67172 -170.64146     40.370     3.2235     3.2245     3.2211    33.0136    33.0238  1026.4691    26.2800    228.049    217.828  325.65393     70.028     66.896     0.1624     0.6264     3.8413     0.8177 1.8475e-01       3962     2.7507  0.000e+00
     40.033   64.67172 -170.64146     40.433     3.2238     3.2242     3.2214    33.0134    33.0238  1026.4692    26.2798    228.082    217.660  325.65186     70.039     66.844     0.1636     0.6337     3.8413     0.8177 1.8560e-01       3963     2.7514  0.000e+00
     39.979   64.67172 -170.64146     40.378     3.2237     3.2244     3.2213    33.0137    33.0244  1026.4692    26.2801    228.114    217.849  325.65246     70.048     66.903     0.1624     0.6264     3.8413     0.8177 1.8560e-01       3964     2.7521  0.000e+00
     40.033   64.67172 -170.64146     40.433     3.2235     3.2247     3.2211    33.0139    33.0235  1026.4696    26.2802    228.042    217.677  325.65341     70.026     66.850     0.1624     0.6264     3.8413     0.8177 1.8560e-01       3965     2.7528  0.000e+00
     40.033   64.67172 -170.64146     40.433     3.2235     3.2244     3.2211    33.0139    33.0238  1026.4696    26.2802    227.855    217.893  325.65341     69.968     66.916     0.1624     0.6264     3.8413     0.8177 1.8732e-01       3966     2.7535  0.000e+00
     40.033   64.67172 -170.64146     40.433     3.2235     3.2245     3.2211    33.0136    33.0240  1026.4694    26.2800    227.851    217.912  325.65401     69.967     66.922     0.1636     0.6337     3.8413     0.8177 1.8818e-01       3967     2.7542  0.000e+00
     40.033   64.67172 -170.64146     40.433     3.2237     3.2244     3.2213    33.0141    33.0243  1026.4697    26.2803    228.062    217.932  325.65164     70.032     66.928     0.1636     0.6337     3.8413     0.8177 1.8818e-01       3968     2.7549  0.000e+00
     40.033   64.67172 -170.64146     40.433     3.2235     3.2244     3.2211    33.0140    33.0240  1026.4697    26.2803    228.094    217.951  325.65311     70.042     66.934     0.1624     0.6264     3.8425     0.8164 1.8732e-01       3969     2.7556  0.000e+00
     40.033   64.67172 -170.64146     40.433     3.2235     3.2245     3.2211    33.0139    33.0238  1026.4696    26.2802    228.126    217.968  325.65341     70.052     66.939     0.1636     0.6337     3.8413     0.8177 1.8818e-01       3970     2.7563  0.000e+00
     40.033   64.67172 -170.64146     40.433     3.2237     3.2245     3.2213    33.0137    33.0238  1026.4694    26.2800    228.157    217.985  325.65253     70.061     66.944     0.1624     0.6264     3.8413     0.8177 1.8818e-01       3971     2.7569  0.000e+00
     40.095   64.67172 -170.64146     40.495     3.2235     3.2247     3.2211    33.0140    33.0236  1026.4700    26.2803    228.191    218.002  325.65299     70.072     66.950     0.1636     0.6337     3.8413     0.8177 1.9078e-01       3972     2.7576  0.000e+00
     40.087   64.67172 -170.64146     40.487     3.2235     3.2245     3.2211    33.0139    33.0240  1026.4698    26.2802    228.222    218.017  325.65338     70.081     66.954     0.1624     0.6264     3.8413     0.8177 1.9252e-01       3973     2.7583  0.000e+00
     40.033   64.67172 -170.64146     40.433     3.2237     3.2244     3.2213    33.0134    33.0240  1026.4692    26.2798    228.216    218.223  325.65313     70.079     67.017     0.1636     0.6337     3.8413     0.8177 1.9340e-01       3974     2.7590  0.000e+00
     40.095   64.67172 -170.64146     40.495     3.2237     3.2245     3.2213    33.0134    33.0239  1026.4695    26.2798    228.212    218.066  325.65331     70.078     66.969     0.1624     0.6264     3.8413     0.8177 1.9078e-01       3975     2.7597  0.000e+00
     40.095   64.67172 -170.64146     40.495     3.2235     3.2244     3.2211    33.0137    33.0240  1026.4698    26.2801    228.170    218.078  325.65369     70.065     66.973     0.1636     0.6337     3.8413     0.8177 1.8732e-01       3976     2.7604  0.000e+00
     40.095   64.67172 -170.64146     40.495     3.2237     3.2245     3.2213    33.0137    33.0237  1026.4697    26.2800    228.195    218.280  325.65262     70.073     67.035     0.1697     0.6703     3.8413     0.8177 1.8646e-01       3977     2.7611  0.000e+00
     40.095   64.67172 -170.64146     40.495     3.2237     3.2244     3.2213    33.0137    33.0239  1026.4697    26.2800    228.220    218.119  325.65262     70.081     66.985     0.1758     0.7069     3.8388     0.8202 1.9078e-01       3978     2.7618  0.000e+00
     40.087   64.67172 -170.64146     40.487     3.2237     3.2245     3.2213    33.0134    33.0240  1026.4695    26.2798    228.211    218.125  325.65320     70.078     66.987     0.1758     0.7069     3.8376     0.8215 1.9604e-01       3979     2.7625  0.000e+00
     40.095   64.67172 -170.64146     40.495     3.2235     3.2244     3.2211    33.0140    33.0240  1026.4700    26.2803    227.984    218.132  325.65309     70.008     66.990     0.1770     0.7143     3.8376     0.8215 1.9692e-01       3980     2.7632  0.000e+00
     40.149   64.67172 -170.64146     40.550     3.2237     3.2247     3.2213    33.0135    33.0235  1026.4698    26.2799    227.975    218.138  325.65309     70.006     66.992     0.1758     0.7069     3.8376     0.8215 1.9078e-01       3981     2.7639  0.000e+00
     40.149   64.67172 -170.64146     40.550     3.2235     3.2244     3.2211    33.0137    33.0241  1026.4700    26.2801    228.183    218.337  325.65376     70.069     67.052     0.1758     0.7069     3.8376     0.8215 1.7883e-01       3982     2.7646  0.000e+00
     40.149   64.67172 -170.64146     40.550     3.2235     3.2245     3.2211    33.0138    33.0238  1026.4701    26.2801    228.209    218.362  325.65356     70.077     67.060     0.1770     0.7143     3.8376     0.8215 1.7551e-01       3983     2.7653  0.000e+00
     40.095   64.67172 -170.64146     40.495     3.2235     3.2245     3.2211    33.0138    33.0237  1026.4698    26.2802    228.197    218.383  325.65349     70.074     67.067     0.1770     0.7143     3.8376     0.8215 1.8051e-01       3984     2.7660  0.000e+00
