EcoFOCI/data/1_SampleCollection/2023_SikuliaqDBO_CruiseData/CTD_raw_BottleFile_SKQ23-12S/proc/skq202312s_069.ros
* Sea-Bird SBE 9 Data File:
* FileName = D:\CTD\SKQ202312S\SKQ202312S_069.hex
* Software Version Seasave V 7.26.7.121
* Temperature SN = 6177
* Conductivity SN = 0369
* Number of Bytes Per Scan = 41
* Number of Voltage Words = 4
* Number of Scans Averaged by the Deck Unit = 1
* NMEA Latitude = 67 46.99 N
* NMEA Longitude = 168 35.84 W
* NMEA UTC (Time) = Sep 30 2023  01:24:11
* NMEA baud rate = 4800
** Ship: R/V Sikuliaq
** Station Number: 069
** Station Name: DBO3.7
** Bottom Depth: 50
** Operator: SD
# nquan = 22
# nvalues = 882                                   
# units = specified
# name 0 = depSM: Depth [salt water, m]
# name 1 = latitude: Latitude [deg]
# name 2 = longitude: Longitude [deg]
# name 3 = prDM: Pressure, Digiquartz [db]
# name 4 = t090C: Temperature [ITS-90, deg C]
# name 5 = t190C: Temperature, 2 [ITS-90, deg C]
# name 6 = potemp090C: Potential Temperature [ITS-90, deg C]
# name 7 = sal00: Salinity, Practical [PSU]
# name 8 = sal11: Salinity, Practical, 2 [PSU]
# name 9 = density00: Density [density, kg/m^3]
# name 10 = sigma-é00: Density [sigma-theta, kg/m^3]
# name 11 = sbox0Mm/Kg: Oxygen, SBE 43 [umol/kg]
# name 12 = sbox1Mm/Kg: Oxygen, SBE 43, 2 [umol/kg]
# name 13 = oxsolMm/Kg: Oxygen Saturation, Garcia & Gordon [umol/kg]
# name 14 = sbeox0PS: Oxygen, SBE 43 [% saturation]
# name 15 = v0: Voltage 0
# name 16 = flECO-AFL: Fluorescence, WET Labs ECO-AFL/FL [mg/m^3]
# name 17 = CStarAt0: Beam Attenuation, WET Labs C-Star [1/m]
# name 18 = par: PAR/Irradiance, Biospherical/Licor
# name 19 = scan: Scan Count
# name 20 = nbf: Bottles Fired
# name 21 = flag:  0.000e+00
# interval = seconds: 0.0416667
# start_time = Sep 30 2023 01:27:32 [NMEA time, first data scan]
# bad_flag = -9.990e-29
*END*
[from data line 132]
     44.758   67.78288 -168.59756     45.215     3.2859     3.2869     3.2832    32.5327    32.5441  1026.1030    25.8911    219.336    208.696  326.34267     67.210     0.0940     0.2161     2.1715 2.5807e-02       6083          3  0.000e+00
     44.704   67.78288 -168.59756     45.160     3.2858     3.2870     3.2831    32.5330    32.5436  1026.1029    25.8913    219.349    208.686  326.34240     67.214     0.0952     0.2234     2.1732 2.7030e-02       6084          3  0.000e+00
     44.820   67.78288 -168.59756     45.277     3.2859     3.2867     3.2832    32.5325    32.5441  1026.1031    25.8909    219.367    208.680  326.34314     67.220     0.0940     0.2161     2.1732 2.7030e-02       6085          3  0.000e+00
     44.704   67.78288 -168.59756     45.160     3.2857     3.2866     3.2830    32.5326    32.5442  1026.1026    25.8910    219.379    208.669  326.34417     67.223     0.0940     0.2161     2.1715 2.7440e-02       6086          3  0.000e+00
     44.758   67.78288 -168.59756     45.215     3.2858     3.2867     3.2831    32.5325    32.5438  1026.1028    25.8909    219.394    208.661  326.34365     67.228     0.0928     0.2088     2.1715 2.7851e-02       6087          3  0.000e+00
     44.812   67.78288 -168.59756     45.270     3.2855     3.2869     3.2829    32.5328    32.5437  1026.1033    25.8912    219.411    208.652  326.34500     67.233     0.0940     0.2161     2.1715 2.8264e-02       6088          3  0.000e+00
     44.704   67.78288 -168.59756     45.160     3.2856     3.2867     3.2830    32.5329    32.5442  1026.1029    25.8913    219.386    208.640  326.34387     67.225     0.0928     0.2088     2.1715 2.8677e-02       6089          3  0.000e+00
     44.758   67.78288 -168.59756     45.215     3.2855     3.2869     3.2829    32.5328    32.5439  1026.1031    25.8912    219.401    208.632  326.34503     67.230     0.0940     0.2161     2.1715 2.9508e-02       6090          3  0.000e+00
     44.758   67.78288 -168.59756     45.215     3.2854     3.2869     3.2827    32.5331    32.5435  1026.1033    25.8914    219.414    208.623  326.34552     67.234     0.0928     0.2088     2.1643 2.9092e-02       6091          3  0.000e+00
     44.820   67.78288 -168.59756     45.277     3.2855     3.2869     3.2828    32.5331    32.5436  1026.1036    25.8914    219.428    208.639  326.34481     67.238     0.0928     0.2088     2.1608 2.5807e-02       6092          3  0.000e+00
     44.704   67.78288 -168.59756     45.160     3.2855     3.2867     3.2829    32.5328    32.5443  1026.1028    25.8912    219.438    208.433  326.34496     67.241     0.0928     0.2088     2.1590 2.0624e-02       6093          3  0.000e+00
     44.758   67.78288 -168.59756     45.215     3.2855     3.2869     3.2828    32.5328    32.5438  1026.1031    25.8912    219.453    208.405  326.34542     67.246     0.0928     0.2088     2.1608 1.9455e-02       6094          3  0.000e+00
     44.820   67.78288 -168.59756     45.277     3.2855     3.2869     3.2829    32.5331    32.5438  1026.1036    25.8914    219.467    208.571  326.34422     67.250     0.0928     0.2088     2.1608 2.1016e-02       6095          3  0.000e+00
     44.758   67.78288 -168.59756     45.215     3.2855     3.2869     3.2828    32.5329    32.5438  1026.1032    25.8913    219.479    208.370  326.34513     67.253     0.0928     0.2088     2.1608 2.3791e-02       6096          3  0.000e+00
     44.758   67.78288 -168.59756     45.215     3.2855     3.2867     3.2829    32.5329    32.5441  1026.1031    25.8912    219.491    208.342  326.34493     67.257     0.0940     0.2161     2.1608 2.4997e-02       6097          3  0.000e+00
     40.113   67.78284 -168.59766     40.522     3.2891     3.2902     3.2867    32.5329    32.5434  1026.0808    25.8909    222.086    211.816  326.31613     68.058     0.0842     0.1575     1.7502 3.2478e-01       8492          4  0.000e+00
     40.105   67.78284 -168.59766     40.514     3.2890     3.2903     3.2866    32.5323    32.5435  1026.0803    25.8904    222.118    211.824  326.31849     68.068     0.0855     0.1648     1.7502 3.2229e-01       8493          4  0.000e+00
     40.051   67.78284 -168.59766     40.459     3.2891     3.2902     3.2867    32.5327    32.5439  1026.0803    25.8907    222.113    211.829  326.31674     68.067     0.0830     0.1502     1.7502 3.2105e-01       8494          4  0.000e+00
     40.167   67.78284 -168.59766     40.576     3.2890     3.2901     3.2866    32.5329    32.5437  1026.0810    25.8909    222.114    211.840  326.31709     68.067     0.0842     0.1575     1.7566 3.2353e-01       8495          4  0.000e+00
     40.113   67.78284 -168.59766     40.522     3.2889     3.2902     3.2865    32.5330    32.5434  1026.0809    25.8910    222.109    211.651  326.31731     68.065     0.0842     0.1575     1.7582 3.2979e-01       8496          4  0.000e+00
     40.105   67.78284 -168.59766     40.514     3.2892     3.2900     3.2868    32.5328    32.5435  1026.0806    25.8908    222.105    211.828  326.31612     68.064     0.0842     0.1575     1.7582 3.3232e-01       8497          4  0.000e+00
     40.051   67.78284 -168.59766     40.459     3.2892     3.2903     3.2868    32.5325    32.5434  1026.0802    25.8906    222.317    211.830  326.31665     68.129     0.0842     0.1575     1.7582 3.3232e-01       8498          4  0.000e+00
     40.113   67.78284 -168.59766     40.522     3.2891     3.2903     3.2867    32.5327    32.5435  1026.0807    25.8908    222.133    211.835  326.31663     68.073     0.0842     0.1575     1.7582 3.3871e-01       8499          4  0.000e+00
     40.113   67.78284 -168.59766     40.522     3.2892     3.2901     3.2868    32.5328    32.5437  1026.0807    25.8908    222.128    211.838  326.31613     68.072     0.0842     0.1575     1.7582 3.4128e-01       8500          4  0.000e+00
     40.113   67.78284 -168.59766     40.522     3.2891     3.2903     3.2867    32.5326    32.5432  1026.0805    25.8906    222.125    211.646  326.31702     68.070     0.0842     0.1575     1.7582 3.3999e-01       8501          4  0.000e+00
     40.043   67.78284 -168.59766     40.451     3.2888     3.2903     3.2864    32.5331    32.5437  1026.0806    25.8911    222.119    211.817  326.31791     68.068     0.0842     0.1575     1.7582 3.3359e-01       8502          4  0.000e+00
     40.113   67.78284 -168.59766     40.522     3.2892     3.2902     3.2868    32.5325    32.5437  1026.0805    25.8906    222.116    211.820  326.31673     68.068     0.0842     0.1575     1.7582 3.2853e-01       8503          4  0.000e+00
     40.051   67.78284 -168.59766     40.459     3.2889     3.2903     3.2865    32.5329    32.5431  1026.0805    25.8909    222.110    211.989  326.31743     68.066     0.0830     0.1502     1.7582 3.2728e-01       8504          4  0.000e+00
     40.167   67.78284 -168.59766     40.576     3.2892     3.2903     3.2868    32.5327    32.5433  1026.0809    25.8908    222.324    211.818  326.31620     68.132     0.0842     0.1575     1.7582 3.3486e-01       8505          4  0.000e+00
     40.043   67.78284 -168.59766     40.451     3.2891     3.2901     3.2867    32.5326    32.5437  1026.0802    25.8907    222.350    211.811  326.31693     68.139     0.0830     0.1502     1.7582 3.3871e-01       8506          4  0.000e+00
     40.113   67.78284 -168.59766     40.522     3.2892     3.2905     3.2868    32.5327    32.5434  1026.0806    25.8907    222.379    211.784  326.31633     68.148     0.0842     0.1575     1.7582 3.3999e-01       8507          4  0.000e+00
     40.113   67.78284 -168.59766     40.522     3.2889     3.2900     3.2865    32.5327    32.5440  1026.0807    25.8908    222.406    211.779  326.31791     68.156     0.0842     0.1575     1.7582 3.3871e-01       8508          4  0.000e+00
     40.051   67.78284 -168.59766     40.459     3.2892     3.2903     3.2868    32.5325    32.5438  1026.0801    25.8905    222.176    211.575  326.31684     68.086     0.0842     0.1575     1.7582 3.3614e-01       8509          4  0.000e+00
     40.105   67.78284 -168.59766     40.514     3.2890     3.2903     3.2866    32.5328    32.5434  1026.0807    25.8909    222.382    211.548  326.31721     68.149     0.0855     0.1648     1.7582 3.3614e-01       8510          4  0.000e+00
     40.051   67.78284 -168.59766     40.459     3.2891     3.2901     3.2867    32.5329    32.5436  1026.0805    25.8909    222.401    211.517  326.31625     68.155     0.0855     0.1648     1.7582 3.3359e-01       8511          4  0.000e+00
     40.113   67.78284 -168.59766     40.521     3.2890     3.2902     3.2866    32.5327    32.5436  1026.0806    25.8907    222.208    211.682  326.31761     68.096     0.0855     0.1648     1.7582 3.2853e-01       8512          4  0.000e+00
     40.113   67.78284 -168.59766     40.521     3.2893     3.2904     3.2869    32.5328    32.5437  1026.0807    25.8908    222.192    211.672  326.31525     68.091     0.0855     0.1648     1.7582 3.2728e-01       8513          4  0.000e+00
     40.051   67.78284 -168.59766     40.459     3.2892     3.2905     3.2868    32.5331    32.5436  1026.0806    25.8910    222.176    211.661  326.31536     68.086     0.0855     0.1648     1.7582 3.2979e-01       8514          4  0.000e+00
     40.105   67.78284 -168.59766     40.514     3.2892     3.2906     3.2868    32.5326    32.5436  1026.0805    25.8906    222.380    211.845  326.31662     68.149     0.0842     0.1575     1.7550 3.3871e-01       8515          4  0.000e+00
     40.113   67.78284 -168.59766     40.521     3.2893     3.2903     3.2869    32.5328    32.5435  1026.0807    25.8908    222.398    211.664  326.31525     68.154     0.0855     0.1648     1.7518 3.4128e-01       8516          4  0.000e+00
     40.051   67.78284 -168.59766     40.459     3.2893     3.2906     3.2869    32.5327    32.5434  1026.0803    25.8907    222.197    211.648  326.31507     68.093     0.0855     0.1648     1.7518 3.3871e-01       8517          4  0.000e+00
     40.051   67.78284 -168.59766     40.459     3.2891     3.2902     3.2867    32.5328    32.5435  1026.0805    25.8909    222.397    211.443  326.31635     68.154     0.0855     0.1648     1.7502 3.3106e-01       8518          4  0.000e+00
     40.105   67.78284 -168.59766     40.514     3.2890     3.2903     3.2866    32.5328    32.5434  1026.0807    25.8908    222.199    211.601  326.31740     68.093     0.0842     0.1575     1.7518 3.2853e-01       8519          4  0.000e+00
     40.113   67.78284 -168.59766     40.521     3.2893     3.2903     3.2869    32.5326    32.5437  1026.0805    25.8906    222.395    211.586  326.31574     68.153     0.0855     0.1648     1.7518 3.2853e-01       8520          4  0.000e+00
     40.051   67.78284 -168.59766     40.459     3.2892     3.2903     3.2868    32.5323    32.5440  1026.0800    25.8904    222.445    211.591  326.31724     68.168     0.0855     0.1648     1.7518 3.3359e-01       8521          4  0.000e+00
     40.113   67.78284 -168.59766     40.521     3.2892     3.2903     3.2868    32.5326    32.5438  1026.0805    25.8906    222.460    211.578  326.31653     68.173     0.0855     0.1648     1.7518 3.3742e-01       8522          4  0.000e+00
     39.989   67.78284 -168.59766     40.397     3.2891     3.2903     3.2867    32.5331    32.5436  1026.0803    25.8910    222.469    211.557  326.31577     68.176     0.0855     0.1648     1.7518 3.3614e-01       8523          4  0.000e+00
     40.167   67.78284 -168.59766     40.576     3.2892     3.2906     3.2868    32.5323    32.5430  1026.0806    25.8904    222.271    211.567  326.31719     68.115     0.0855     0.1648     1.7518 3.3614e-01       8524          4  0.000e+00
     40.051   67.78284 -168.59766     40.459     3.2889     3.2902     3.2865    32.5324    32.5438  1026.0801    25.8905    222.462    211.571  326.31872     68.173     0.0855     0.1648     1.7518 3.3614e-01       8525          4  0.000e+00
     40.113   67.78284 -168.59766     40.521     3.2890     3.2903     3.2866    32.5328    32.5438  1026.0807    25.8908    222.293    211.578  326.31741     68.122     0.0855     0.1648     1.7518 3.3486e-01       8526          4  0.000e+00
     40.051   67.78284 -168.59766     40.459     3.2892     3.2902     3.2868    32.5328    32.5435  1026.0804    25.8908    222.267    211.366  326.31595     68.114     0.0855     0.1648     1.7518 3.3742e-01       8527          4  0.000e+00
     40.105   67.78284 -168.59766     40.514     3.2891     3.2904     3.2867    32.5326    32.5433  1026.0805    25.8906    222.246    211.520  326.31701     68.107     0.0855     0.1648     1.7518 3.3742e-01       8528          4  0.000e+00
     40.051   67.78284 -168.59766     40.459     3.2890     3.2902     3.2866    32.5329    32.5439  1026.0805    25.8909    222.222    211.500  326.31713     68.100     0.0855     0.1648     1.7518 3.3742e-01       8529          4  0.000e+00
     40.113   67.78284 -168.59766     40.521     3.2889     3.2900     3.2865    32.5325    32.5437  1026.0805    25.8906    222.202    211.507  326.31850     68.094     0.0842     0.1575     1.7518 3.4388e-01       8530          4  0.000e+00
     40.051   67.78284 -168.59766     40.459     3.2890     3.2903     3.2866    32.5325    32.5434  1026.0802    25.8906    222.392    211.508  326.31793     68.152     0.0855     0.1648     1.7518 3.4779e-01       8531          4  0.000e+00
     40.105   67.78284 -168.59766     40.514     3.2892     3.2901     3.2868    32.5331    32.5435  1026.0809    25.8910    222.186    211.514  326.31533     68.089     0.0855     0.1648     1.7502 3.4911e-01       8532          4  0.000e+00
     40.051   67.78284 -168.59766     40.459     3.2888     3.2901     3.2864    32.5326    32.5436  1026.0803    25.8907    222.164    211.516  326.31950     68.082     0.0855     0.1648     1.7518 3.4128e-01       8533          4  0.000e+00
     40.113   67.78284 -168.59766     40.521     3.2890     3.2902     3.2866    32.5324    32.5438  1026.0804    25.8905    222.140    211.521  326.31820     68.075     0.0867     0.1721     1.7518 3.2853e-01       8534          4  0.000e+00
     40.051   67.78284 -168.59766     40.459     3.2889     3.2900     3.2865    32.5330    32.5440  1026.0806    25.8910    222.113    211.717  326.31733     68.067     0.0855     0.1648     1.7502 3.2478e-01       8535          4  0.000e+00
     40.051   67.78284 -168.59766     40.459     3.2890     3.2902     3.2866    32.5329    32.5436  1026.0805    25.8909    222.340    211.741  326.31694     68.136     0.0879     0.1795     1.7486 3.2979e-01       8536          4  0.000e+00
     40.105   67.78284 -168.59766     40.514     3.2889     3.2903     3.2865    32.5327    32.5435  1026.0806    25.8908    222.137    211.767  326.31790     68.074     0.0867     0.1721     1.7486 3.3999e-01       8537          4  0.000e+00
     40.051   67.78284 -168.59766     40.459     3.2892     3.2902     3.2868    32.5322    32.5434  1026.0800    25.8904    222.110    211.596  326.31744     68.066     0.0867     0.1721     1.7470 3.4128e-01       8538          4  0.000e+00
     40.051   67.78284 -168.59766     40.459     3.2888     3.2903     3.2864    32.5329    32.5437  1026.0806    25.8910    222.087    211.596  326.31822     68.058     0.0855     0.1648     1.7486 3.3999e-01       8539          4  0.000e+00
     40.051   67.78284 -168.59766     40.459     3.2888     3.2903     3.2864    32.5332    32.5436  1026.0807    25.8911    222.278    211.620  326.31812     68.117     0.0867     0.1721     1.7470 3.3614e-01       8540          4  0.000e+00
     39.927   67.78284 -168.59766     40.334     3.2890     3.2901     3.2866    32.5328    32.5438  1026.0798    25.8908    221.852    211.622  326.31737     67.987     0.0879     0.1795     1.7550 3.5042e-01       8615          5  0.000e+00
