EcoFOCI/data/1_SampleCollection/2023_SikuliaqDBO_CruiseData/CTD_raw_BottleFile_SKQ23-12S/proc/skq202312s_048svpavg.cnv
* Sea-Bird SBE 9 Data File:
* FileName = D:\CTD\SKQ202312S\SKQ202312S_048.hex
* Software Version Seasave V 7.26.7.121
* Temperature SN = 6177
* Conductivity SN = 0369
* Number of Bytes Per Scan = 41
* Number of Voltage Words = 4
* Number of Scans Averaged by the Deck Unit = 1
* NMEA Latitude = 71 47.13 N
* NMEA Longitude = 161 57.91 W
* NMEA UTC (Time) = Sep 25 2023  05:45:53
* NMEA baud rate = 4800
** Ship: R/V Sikuliaq
** Station Number: 048
** Station Name: DBO4.5na
** Bottom Depth: 42
** Operator: SS
# nquan = 7
# nvalues = 36                          
# units = specified
# name 0 = depSM: Depth [salt water, m]
# name 1 = latitude: Latitude [deg]
# name 2 = longitude: Longitude [deg]
# name 3 = t090C: Temperature [ITS-90, deg C]
# name 4 = sal00: Salinity, Practical [PSU]
# name 5 = svCM: Sound Velocity [Chen-Millero, m/s]
# name 6 = flag: flag
# span 0 =      2.000,     37.000       
# span 1 =   71.78546,   71.78546       
# span 2 = -161.96522, -161.96520       
# span 3 =    -0.6876,     2.0703       
# span 4 =    27.6131,    32.6598       
# span 5 =    1443.18,    1451.25       
# span 6 = 0.0000e+00, 0.0000e+00       
# interval = meters: 1                  
# start_time = Sep 25 2023 05:49:13 [NMEA time, first data scan]
# bad_flag = -9.990e-29
*END*
      2.000   71.78546 -161.96522     1.7840    27.7918    1447.72 0.0000e+00
      3.000   71.78546 -161.96522     1.7662    27.6188    1447.43 0.0000e+00
      4.000   71.78546 -161.96521     1.7638    27.6131    1447.42 0.0000e+00
      5.000   71.78546 -161.96520     1.7594    27.6610    1447.48 0.0000e+00
      6.000   71.78546 -161.96520     1.7640    27.6888    1447.56 0.0000e+00
      7.000   71.78546 -161.96520     1.7493    27.7717    1447.62 0.0000e+00
      8.000   71.78546 -161.96520     1.7442    27.8673    1447.73 0.0000e+00
      9.000   71.78546 -161.96521     1.8674    28.0854    1448.59 0.0000e+00
     10.000   71.78546 -161.96522     2.0703    28.4524    1449.99 0.0000e+00
     11.000   71.78546 -161.96522     1.8670    29.4239    1450.37 0.0000e+00
     12.000   71.78546 -161.96522     1.8344    30.1949    1451.25 0.0000e+00
     13.000   71.78546 -161.96522     1.5780    30.7183    1450.81 0.0000e+00
     14.000   71.78546 -161.96522     1.0450    30.9390    1448.72 0.0000e+00
     15.000   71.78546 -161.96522     0.3602    31.5114    1446.38 0.0000e+00
     16.000   71.78546 -161.96522     0.1411    32.1800    1446.28 0.0000e+00
     17.000   71.78546 -161.96522    -0.4761    32.5833    1443.97 0.0000e+00
     18.000   71.78546 -161.96522    -0.6474    32.6598    1443.29 0.0000e+00
     19.000   71.78546 -161.96522    -0.6698    32.6566    1443.20 0.0000e+00
     20.000   71.78546 -161.96522    -0.6765    32.6557    1443.18 0.0000e+00
     21.000   71.78546 -161.96522    -0.6797    32.6542    1443.18 0.0000e+00
     22.000   71.78546 -161.96522    -0.6815    32.6525    1443.18 0.0000e+00
     23.000   71.78546 -161.96522    -0.6850    32.6516    1443.18 0.0000e+00
     24.000   71.78546 -161.96522    -0.6867    32.6512    1443.19 0.0000e+00
     25.000   71.78546 -161.96522    -0.6873    32.6505    1443.20 0.0000e+00
     26.000   71.78546 -161.96522    -0.6875    32.6496    1443.22 0.0000e+00
     27.000   71.78546 -161.96522    -0.6876    32.6489    1443.23 0.0000e+00
     28.000   71.78546 -161.96522    -0.6875    32.6481    1443.25 0.0000e+00
     29.000   71.78546 -161.96522    -0.6876    32.6476    1443.26 0.0000e+00
     30.000   71.78546 -161.96522    -0.6876    32.6471    1443.28 0.0000e+00
     31.000   71.78546 -161.96522    -0.6876    32.6466    1443.29 0.0000e+00
     32.000   71.78546 -161.96522    -0.6479    32.6249    1443.47 0.0000e+00
     33.000   71.78546 -161.96521    -0.6611    32.6306    1443.43 0.0000e+00
     34.000   71.78546 -161.96520    -0.6866    32.6443    1443.34 0.0000e+00
     35.000   71.78546 -161.96520    -0.6875    32.6443    1443.36 0.0000e+00
     36.000   71.78546 -161.96520    -0.6865    32.6438    1443.38 0.0000e+00
     37.000   71.78546 -161.96520    -0.6838    32.6424    1443.40 0.0000e+00
