EcoFOCI/data/1_SampleCollection/2023_SikuliaqDBO_CruiseData/CTD_raw_BottleFile_SKQ23-12S/proc/skq202312s_024svp.cnv
* Sea-Bird SBE 9 Data File:
* FileName = D:\CTD\SKQ202312S\SKQ202312S_024.hex
* Software Version Seasave V 7.26.7.121
* Temperature SN = 6177
* Conductivity SN = 0369
* Number of Bytes Per Scan = 41
* Number of Voltage Words = 4
* Number of Scans Averaged by the Deck Unit = 1
* NMEA Latitude = 71 12.47 N
* NMEA Longitude = 158 00.01 W
* NMEA UTC (Time) = Sep 20 2023  13:29:26
* NMEA baud rate = 4800
** Ship: R/V Sikuliaq
** Station Number: 024
** Station Name: C5
** Bottom Depth: 49
** Operator: SD
** C5 Mooring Site pre-deployment
# nquan = 7
# nvalues = 4307                                  
# units = specified
# name 0 = depSM: Depth [salt water, m]
# name 1 = latitude: Latitude [deg]
# name 2 = longitude: Longitude [deg]
# name 3 = t090C: Temperature [ITS-90, deg C]
# name 4 = sal00: Salinity, Practical [PSU]
# name 5 = svCM: Sound Velocity [Chen-Millero, m/s]
# name 6 = flag:  0.000e+00
# span 0 =      2.333,     43.192                 
# span 1 =   71.20792,   71.20792                 
# span 2 = -157.99980, -157.99978                 
# span 3 =     0.8896,     4.9502                 
# span 4 =    30.0861,    32.1344                 
# span 5 =    1450.03,    1464.36                 
# span 6 = 0.0000e+00, 0.0000e+00                 
# interval = seconds: 0.0416667
# start_time = Sep 20 2023 13:33:23 [NMEA time, first data scan]
# bad_flag = -9.990e-29
*END*
[from data line 821]
      5.764   71.20792 -157.99980     4.8299    30.1130    1463.90  0.000e+00
      5.733   71.20792 -157.99980     4.8302    30.1125    1463.90  0.000e+00
      5.818   71.20792 -157.99980     4.8304    30.1122    1463.90  0.000e+00
      5.764   71.20792 -157.99980     4.8304    30.1124    1463.90  0.000e+00
      5.764   71.20792 -157.99980     4.8304    30.1122    1463.90  0.000e+00
      5.818   71.20792 -157.99980     4.8306    30.1117    1463.90  0.000e+00
      5.818   71.20792 -157.99980     4.8302    30.1124    1463.90  0.000e+00
      5.818   71.20792 -157.99980     4.8305    30.1125    1463.90  0.000e+00
      5.764   71.20792 -157.99980     4.8307    30.1125    1463.90  0.000e+00
      5.848   71.20792 -157.99980     4.8310    30.1119    1463.91  0.000e+00
      5.879   71.20792 -157.99980     4.8312    30.1116    1463.91  0.000e+00
      5.818   71.20792 -157.99980     4.8315    30.1116    1463.91  0.000e+00
      5.818   71.20792 -157.99980     4.8314    30.1116    1463.91  0.000e+00
      5.879   71.20792 -157.99980     4.8310    30.1120    1463.91  0.000e+00
      5.933   71.20792 -157.99980     4.8309    30.1116    1463.91  0.000e+00
      5.879   71.20792 -157.99980     4.8309    30.1116    1463.91  0.000e+00
      5.910   71.20792 -157.99980     4.8305    30.1122    1463.90  0.000e+00
      5.995   71.20792 -157.99980     4.8307    30.1118    1463.91  0.000e+00
      5.933   71.20792 -157.99980     4.8307    30.1118    1463.91  0.000e+00
      5.995   71.20792 -157.99980     4.8307    30.1120    1463.91  0.000e+00
      5.995   71.20792 -157.99980     4.8307    30.1123    1463.91  0.000e+00
      5.995   71.20792 -157.99980     4.8308    30.1123    1463.91  0.000e+00
      6.049   71.20792 -157.99980     4.8305    30.1127    1463.91  0.000e+00
      6.049   71.20792 -157.99980     4.8304    30.1127    1463.91  0.000e+00
      6.080   71.20792 -157.99980     4.8297    30.1127    1463.91  0.000e+00
      6.111   71.20792 -157.99980     4.8293    30.1120    1463.90  0.000e+00
      6.165   71.20792 -157.99980     4.8282    30.1127    1463.90  0.000e+00
      6.111   71.20792 -157.99980     4.8282    30.1126    1463.90  0.000e+00
      6.165   71.20792 -157.99980     4.8280    30.1132    1463.90  0.000e+00
      6.165   71.20792 -157.99980     4.8282    30.1136    1463.90  0.000e+00
      6.219   71.20792 -157.99980     4.8282    30.1135    1463.90  0.000e+00
      6.249   71.20792 -157.99980     4.8280    30.1137    1463.90  0.000e+00
      6.280   71.20792 -157.99980     4.8279    30.1139    1463.90  0.000e+00
      6.280   71.20792 -157.99980     4.8282    30.1134    1463.90  0.000e+00
      6.334   71.20792 -157.99980     4.8282    30.1131    1463.90  0.000e+00
      6.334   71.20792 -157.99980     4.8278    30.1136    1463.90  0.000e+00
      6.334   71.20792 -157.99980     4.8280    30.1139    1463.90  0.000e+00
      6.450   71.20792 -157.99980     4.8283    30.1137    1463.91  0.000e+00
      6.365   71.20792 -157.99980     4.8285    30.1143    1463.91  0.000e+00
      6.450   71.20792 -157.99980     4.8288    30.1144    1463.91  0.000e+00
      6.450   71.20792 -157.99980     4.8294    30.1144    1463.91  0.000e+00
      6.512   71.20792 -157.99980     4.8299    30.1143    1463.91  0.000e+00
      6.512   71.20792 -157.99980     4.8301    30.1146    1463.92  0.000e+00
      6.566   71.20792 -157.99980     4.8302    30.1146    1463.92  0.000e+00
      6.566   71.20792 -157.99980     4.8306    30.1144    1463.92  0.000e+00
      6.596   71.20792 -157.99980     4.8307    30.1146    1463.92  0.000e+00
      6.566   71.20792 -157.99980     4.8309    30.1147    1463.92  0.000e+00
      6.681   71.20792 -157.99980     4.8310    30.1150    1463.92  0.000e+00
      6.619   71.20792 -157.99980     4.8312    30.1150    1463.92  0.000e+00
      6.735   71.20792 -157.99980     4.8314    30.1148    1463.93  0.000e+00
      6.681   71.20792 -157.99980     4.8314    30.1150    1463.92  0.000e+00
      6.735   71.20792 -157.99980     4.8315    30.1151    1463.93  0.000e+00
      6.766   71.20792 -157.99980     4.8317    30.1148    1463.93  0.000e+00
      6.797   71.20792 -157.99980     4.8317    30.1154    1463.93  0.000e+00
      6.797   71.20792 -157.99980     4.8317    30.1154    1463.93  0.000e+00
      6.851   71.20792 -157.99980     4.8319    30.1153    1463.93  0.000e+00
      6.851   71.20792 -157.99980     4.8320    30.1157    1463.93  0.000e+00
      6.851   71.20792 -157.99980     4.8318    30.1159    1463.93  0.000e+00
      6.912   71.20792 -157.99980     4.8323    30.1157    1463.93  0.000e+00
      6.882   71.20792 -157.99980     4.8321    30.1157    1463.93  0.000e+00
      6.966   71.20792 -157.99980     4.8322    30.1158    1463.93  0.000e+00
      6.966   71.20792 -157.99980     4.8321    30.1156    1463.93  0.000e+00
      6.966   71.20792 -157.99980     4.8324    30.1153    1463.93  0.000e+00
      6.966   71.20792 -157.99980     4.8321    30.1152    1463.93  0.000e+00
      7.020   71.20792 -157.99980     4.8321    30.1146    1463.93  0.000e+00
      6.997   71.20792 -157.99980     4.8319    30.1141    1463.93  0.000e+00
      7.020   71.20792 -157.99980     4.8317    30.1141    1463.93  0.000e+00
      7.020   71.20792 -157.99980     4.8314    30.1142    1463.93  0.000e+00
      7.082   71.20792 -157.99980     4.8314    30.1141    1463.93  0.000e+00
      7.082   71.20792 -157.99980     4.8314    30.1139    1463.93  0.000e+00
      7.082   71.20792 -157.99980     4.8310    30.1147    1463.93  0.000e+00
      7.082   71.20792 -157.99980     4.8312    30.1141    1463.93  0.000e+00
      7.105   71.20792 -157.99980     4.8312    30.1140    1463.93  0.000e+00
      7.082   71.20792 -157.99980     4.8315    30.1143    1463.93  0.000e+00
      7.136   71.20792 -157.99980     4.8314    30.1144    1463.93  0.000e+00
      7.136   71.20792 -157.99980     4.8315    30.1142    1463.93  0.000e+00
      7.136   71.20792 -157.99980     4.8314    30.1149    1463.93  0.000e+00
      7.136   71.20792 -157.99980     4.8318    30.1147    1463.93  0.000e+00
      7.167   71.20792 -157.99980     4.8321    30.1150    1463.94  0.000e+00
      7.198   71.20792 -157.99980     4.8320    30.1154    1463.94  0.000e+00
      7.136   71.20792 -157.99980     4.8321    30.1152    1463.94  0.000e+00
      7.198   71.20792 -157.99980     4.8320    30.1153    1463.94  0.000e+00
      7.136   71.20792 -157.99980     4.8322    30.1152    1463.94  0.000e+00
      7.198   71.20792 -157.99980     4.8321    30.1152    1463.94  0.000e+00
      7.167   71.20792 -157.99980     4.8321    30.1153    1463.94  0.000e+00
      7.252   71.20792 -157.99980     4.8321    30.1152    1463.94  0.000e+00
      7.082   71.20792 -157.99980     4.8323    30.1153    1463.94  0.000e+00
      7.252   71.20792 -157.99980     4.8320    30.1156    1463.94  0.000e+00
      7.198   71.20792 -157.99980     4.8321    30.1153    1463.94  0.000e+00
      7.198   71.20792 -157.99980     4.8323    30.1149    1463.94  0.000e+00
      7.198   71.20792 -157.99980     4.8321    30.1147    1463.94  0.000e+00
      7.221   71.20792 -157.99980     4.8321    30.1147    1463.94  0.000e+00
      7.136   71.20792 -157.99980     4.8320    30.1146    1463.93  0.000e+00
      7.252   71.20792 -157.99980     4.8318    30.1144    1463.94  0.000e+00
      7.198   71.20792 -157.99980     4.8320    30.1147    1463.94  0.000e+00
      7.198   71.20792 -157.99980     4.8318    30.1150    1463.94  0.000e+00
      7.198   71.20792 -157.99980     4.8320    30.1144    1463.93  0.000e+00
      7.167   71.20792 -157.99980     4.8321    30.1144    1463.94  0.000e+00
      7.198   71.20792 -157.99980     4.8320    30.1145    1463.94  0.000e+00
      7.198   71.20792 -157.99980     4.8320    30.1148    1463.94  0.000e+00
      7.198   71.20792 -157.99980     4.8323    30.1143    1463.94  0.000e+00
      7.198   71.20792 -157.99980     4.8321    30.1144    1463.94  0.000e+00
      7.198   71.20792 -157.99980     4.8323    30.1146    1463.94  0.000e+00
      7.167   71.20792 -157.99980     4.8322    30.1145    1463.94  0.000e+00
      7.198   71.20792 -157.99980     4.8323    30.1145    1463.94  0.000e+00
      7.136   71.20792 -157.99980     4.8324    30.1145    1463.94  0.000e+00
      7.198   71.20792 -157.99980     4.8323    30.1146    1463.94  0.000e+00
      7.136   71.20792 -157.99980     4.8321    30.1139    1463.93  0.000e+00
      7.198   71.20792 -157.99980     4.8320    30.1141    1463.93  0.000e+00
      7.136   71.20792 -157.99980     4.8321    30.1140    1463.93  0.000e+00
      7.167   71.20792 -157.99980     4.8323    30.1139    1463.94  0.000e+00
      7.136   71.20792 -157.99980     4.8321    30.1142    1463.93  0.000e+00
      7.136   71.20792 -157.99980     4.8323    30.1138    1463.93  0.000e+00
      7.136   71.20792 -157.99980     4.8321    30.1141    1463.93  0.000e+00
      7.136   71.20792 -157.99980     4.8320    30.1140    1463.93  0.000e+00
      7.136   71.20792 -157.99980     4.8317    30.1143    1463.93  0.000e+00
      7.105   71.20792 -157.99980     4.8323    30.1148    1463.94  0.000e+00
      7.136   71.20792 -157.99980     4.8334    30.1153    1463.94  0.000e+00
      7.136   71.20792 -157.99980     4.8348    30.1150    1463.95  0.000e+00
      7.082   71.20792 -157.99980     4.8360    30.1145    1463.95  0.000e+00
      7.136   71.20792 -157.99980     4.8358    30.1137    1463.95  0.000e+00
      7.082   71.20792 -157.99980     4.8348    30.1136    1463.94  0.000e+00
      7.105   71.20792 -157.99980     4.8342    30.1135    1463.94  0.000e+00
      7.082   71.20792 -157.99980     4.8331    30.1144    1463.94  0.000e+00
      7.082   71.20792 -157.99980     4.8330    30.1141    1463.94  0.000e+00
      7.082   71.20792 -157.99980     4.8328    30.1148    1463.94  0.000e+00
      7.082   71.20792 -157.99980     4.8331    30.1149    1463.94  0.000e+00
      7.082   71.20792 -157.99980     4.8336    30.1143    1463.94  0.000e+00
      7.082   71.20792 -157.99980     4.8337    30.1141    1463.94  0.000e+00
      7.051   71.20792 -157.99980     4.8338    30.1146    1463.94  0.000e+00
      7.082   71.20792 -157.99980     4.8341    30.1142    1463.94  0.000e+00
      7.082   71.20792 -157.99980     4.8342    30.1141    1463.94  0.000e+00
      7.082   71.20792 -157.99980     4.8345    30.1133    1463.94  0.000e+00
      7.082   71.20792 -157.99980     4.8337    30.1138    1463.94  0.000e+00
      7.082   71.20792 -157.99980     4.8339    30.1138    1463.94  0.000e+00
      7.105   71.20792 -157.99980     4.8334    30.1135    1463.94  0.000e+00
      7.020   71.20792 -157.99980     4.8329    30.1134    1463.93  0.000e+00
      7.136   71.20792 -157.99980     4.8324    30.1136    1463.93  0.000e+00
      7.082   71.20792 -157.99980     4.8321    30.1139    1463.93  0.000e+00
      7.082   71.20792 -157.99980     4.8320    30.1143    1463.93  0.000e+00
      7.082   71.20792 -157.99980     4.8317    30.1144    1463.93  0.000e+00
      7.136   71.20792 -157.99980     4.8320    30.1144    1463.93  0.000e+00
      7.105   71.20792 -157.99980     4.8321    30.1140    1463.93  0.000e+00
      7.082   71.20792 -157.99980     4.8321    30.1141    1463.93  0.000e+00
      7.136   71.20792 -157.99980     4.8318    30.1139    1463.93  0.000e+00
      7.136   71.20792 -157.99980     4.8316    30.1145    1463.93  0.000e+00
      7.136   71.20792 -157.99980     4.8318    30.1144    1463.93  0.000e+00
      7.136   71.20792 -157.99980     4.8321    30.1140    1463.93  0.000e+00
      7.105   71.20792 -157.99980     4.8323    30.1144    1463.93  0.000e+00
      7.198   71.20792 -157.99980     4.8323    30.1146    1463.94  0.000e+00
      7.136   71.20792 -157.99980     4.8320    30.1149    1463.93  0.000e+00
      7.198   71.20792 -157.99980     4.8317    30.1149    1463.93  0.000e+00
      7.198   71.20792 -157.99980     4.8315    30.1154    1463.93  0.000e+00
      7.198   71.20792 -157.99980     4.8315    30.1149    1463.93  0.000e+00
      7.221   71.20792 -157.99980     4.8314    30.1150    1463.93  0.000e+00
      7.252   71.20792 -157.99980     4.8315    30.1150    1463.93  0.000e+00
      7.252   71.20792 -157.99980     4.8316    30.1155    1463.94  0.000e+00
      7.198   71.20792 -157.99980     4.8317    30.1158    1463.94  0.000e+00
      7.313   71.20792 -157.99980     4.8315    30.1156    1463.94  0.000e+00
      7.313   71.20792 -157.99980     4.8317    30.1153    1463.94  0.000e+00
      7.313   71.20792 -157.99980     4.8315    30.1153    1463.94  0.000e+00
      7.283   71.20792 -157.99980     4.8315    30.1152    1463.94  0.000e+00
      7.313   71.20792 -157.99980     4.8314    30.1153    1463.94  0.000e+00
      7.367   71.20792 -157.99980     4.8315    30.1150    1463.94  0.000e+00
      7.367   71.20792 -157.99980     4.8315    30.1153    1463.94  0.000e+00
      7.367   71.20792 -157.99980     4.8314    30.1154    1463.94  0.000e+00
      7.421   71.20792 -157.99980     4.8312    30.1152    1463.94  0.000e+00
      7.398   71.20792 -157.99980     4.8314    30.1149    1463.94  0.000e+00
      7.421   71.20792 -157.99980     4.8317    30.1149    1463.94  0.000e+00
      7.483   71.20792 -157.99980     4.8315    30.1151    1463.94  0.000e+00
      7.421   71.20792 -157.99980     4.8315    30.1157    1463.94  0.000e+00
      7.537   71.20792 -157.99980     4.8315    30.1157    1463.94  0.000e+00
      7.483   71.20792 -157.99980     4.8314    30.1155    1463.94  0.000e+00
      7.506   71.20792 -157.99980     4.8315    30.1158    1463.94  0.000e+00
      7.537   71.20792 -157.99980     4.8312    30.1158    1463.94  0.000e+00
      7.599   71.20792 -157.99980     4.8315    30.1153    1463.94  0.000e+00
      7.537   71.20792 -157.99980     4.8315    30.1156    1463.94  0.000e+00
      7.599   71.20792 -157.99980     4.8314    30.1159    1463.94  0.000e+00
      7.599   71.20792 -157.99980     4.8314    30.1161    1463.94  0.000e+00
      7.622   71.20792 -157.99980     4.8315    30.1165    1463.94  0.000e+00
      7.599   71.20792 -157.99980     4.8317    30.1177    1463.94  0.000e+00
      7.653   71.20792 -157.99980     4.8323    30.1183    1463.95  0.000e+00
      7.653   71.20792 -157.99980     4.8324    30.1176    1463.95  0.000e+00
      7.653   71.20792 -157.99980     4.8323    30.1169    1463.95  0.000e+00
      7.653   71.20792 -157.99980     4.8321    30.1164    1463.95  0.000e+00
      7.737   71.20792 -157.99980     4.8318    30.1162    1463.95  0.000e+00
      7.707   71.20792 -157.99980     4.8317    30.1162    1463.94  0.000e+00
      7.653   71.20792 -157.99980     4.8315    30.1162    1463.94  0.000e+00
      7.768   71.20792 -157.99980     4.8312    30.1159    1463.94  0.000e+00
      7.768   71.20792 -157.99980     4.8312    30.1161    1463.94  0.000e+00
      7.707   71.20792 -157.99980     4.8310    30.1157    1463.94  0.000e+00
      7.737   71.20792 -157.99980     4.8312    30.1167    1463.94  0.000e+00
      7.768   71.20792 -157.99980     4.8317    30.1179    1463.95  0.000e+00
      7.822   71.20792 -157.99980     4.8317    30.1172    1463.95  0.000e+00
      7.768   71.20792 -157.99980     4.8314    30.1168    1463.95  0.000e+00
      7.822   71.20792 -157.99980     4.8314    30.1165    1463.95  0.000e+00
      7.822   71.20792 -157.99980     4.8309    30.1163    1463.94  0.000e+00
      7.799   71.20792 -157.99980     4.8309    30.1159    1463.94  0.000e+00
      7.884   71.20792 -157.99980     4.8307    30.1151    1463.94  0.000e+00
      7.822   71.20792 -157.99980     4.8302    30.1149    1463.94  0.000e+00
      7.884   71.20792 -157.99980     4.8306    30.1148    1463.94  0.000e+00
      7.822   71.20792 -157.99980     4.8304    30.1156    1463.94  0.000e+00
      7.853   71.20792 -157.99980     4.8304    30.1153    1463.94  0.000e+00
      7.938   71.20792 -157.99980     4.8305    30.1152    1463.94  0.000e+00
