EcoFOCI/data/1_SampleCollection/2023_SikuliaqDBO_CruiseData/CTD_raw_BottleFile_SKQ23-12S/proc/skq202312s_048.cnv
* Sea-Bird SBE 9 Data File:
* FileName = D:\CTD\SKQ202312S\SKQ202312S_048.hex
* Software Version Seasave V 7.26.7.121
* Temperature SN = 6177
* Conductivity SN = 0369
* Number of Bytes Per Scan = 41
* Number of Voltage Words = 4
* Number of Scans Averaged by the Deck Unit = 1
* NMEA Latitude = 71 47.13 N
* NMEA Longitude = 161 57.91 W
* NMEA UTC (Time) = Sep 25 2023  05:45:53
* NMEA baud rate = 4800
** Ship: R/V Sikuliaq
** Station Number: 048
** Station Name: DBO4.5na
** Bottom Depth: 42
** Operator: SS
# nquan = 24
# nvalues = 4049                                  
# units = specified
# name 0 = depSM: Depth [salt water, m]
# name 1 = latitude: Latitude [deg]
# name 2 = longitude: Longitude [deg]
# name 3 = prDM: Pressure, Digiquartz [db]
# name 4 = t090C: Temperature [ITS-90, deg C]
# name 5 = t190C: Temperature, 2 [ITS-90, deg C]
# name 6 = potemp090C: Potential Temperature [ITS-90, deg C]
# name 7 = sal00: Salinity, Practical [PSU]
# name 8 = sal11: Salinity, Practical, 2 [PSU]
# name 9 = density00: Density [density, kg/m^3]
# name 10 = sigma-é00: Density [sigma-theta, kg/m^3]
# name 11 = sbox0Mm/Kg: Oxygen, SBE 43 [umol/kg]
# name 12 = sbox1Mm/Kg: Oxygen, SBE 43, 2 [umol/kg]
# name 13 = oxsolMm/Kg: Oxygen Saturation, Garcia & Gordon [umol/kg]
# name 14 = sbeox0PS: Oxygen, SBE 43 [% saturation]
# name 15 = sbeox1PS: Oxygen, SBE 43, 2 [% saturation]
# name 16 = v0: Voltage 0
# name 17 = flECO-AFL: Fluorescence, WET Labs ECO-AFL/FL [mg/m^3]
# name 18 = v1: Voltage 1
# name 19 = CStarAt0: Beam Attenuation, WET Labs C-Star [1/m]
# name 20 = par: PAR/Irradiance, Biospherical/Licor
# name 21 = scan: Scan Count
# name 22 = timeM: Time, Elapsed [minutes]
# name 23 = flag:  0.000e+00
# span 0 =      2.090,     36.939                 
# span 1 =   71.78546,   71.78546                 
# span 2 = -161.96522, -161.96520                 
# span 3 =      2.112,     37.324                 
# span 4 =    -0.6879,     2.1019                 
# span 5 =    -0.6867,     2.1123                 
# span 6 =    -0.6888,     2.1015                 
# span 7 =    27.4668,    32.6637                 
# span 8 =    27.5900,    32.6894                 
# span 9 =  1021.9728,  1026.4122                 
# span 10 =    21.9548,    26.2469                
# span 11 =    286.901,    452.442                
# span 12 =    265.956,    416.546                
# span 13 =  344.02346,  360.94926                
# span 14 =     79.500,    127.742                
# span 15 =     73.705,    116.755                
# span 16 =     0.0989,     1.0024                
# span 17 =     0.2454,     5.6667                
# span 18 =     2.7741,     4.1380                
# span 19 =     0.5200,     2.1200                
# span 20 = 1.0000e-12, 7.3743e-01                
# span 21 =          1,       4049                
# span 22 =     0.0000,     2.8111                
# span 23 = 0.0000e+00, 0.0000e+00                
# interval = seconds: 0.0416667
# start_time = Sep 25 2023 05:49:13 [NMEA time, first data scan]
# bad_flag = -9.990e-29
*END*
[from data line 785]
      5.741   71.78546 -161.96520      5.800     1.7614     1.7625     1.7611    27.6957    27.6955  1022.1658    22.1381    344.545    318.293  351.80551     97.936     90.476     0.1306     0.4359     4.1062     0.5508 1.4571e-01        786     0.5451  0.000e+00
      5.741   71.78546 -161.96520      5.800     1.7615     1.7625     1.7613    27.7025    27.6965  1022.1713    22.1436    344.528    318.308  351.78543     97.937     90.482     0.1294     0.4286     4.1062     0.5508 1.3551e-01        787     0.5458  0.000e+00
      5.795   71.78546 -161.96520      5.855     1.7623     1.7623     1.7621    27.7092    27.6973  1022.1768    22.1489    344.508    318.329  351.76062     97.938     90.488     0.1306     0.4359     4.1062     0.5508 1.1893e-01        788     0.5465  0.000e+00
      5.795   71.78546 -161.96520      5.855     1.7633     1.7625     1.7630    27.7137    27.6972  1022.1803    22.1524    344.490    318.348  351.73968     97.939     90.493     0.1319     0.4432     4.1062     0.5508 1.1495e-01        789     0.5472  0.000e+00
      5.741   71.78546 -161.96520      5.800     1.7642     1.7623     1.7640    27.7159    27.6974  1022.1818    22.1541    344.476    318.131  351.72532     97.939     90.432     0.1306     0.4359     4.1062     0.5508 1.3196e-01        790     0.5479  0.000e+00
      5.795   71.78546 -161.96520      5.855     1.7650     1.7624     1.7647    27.7166    27.6986  1022.1826    22.1547    344.707    318.311  351.71636     98.007     90.484     0.1306     0.4359     4.1062     0.5508 1.7967e-01        791     0.5486  0.000e+00
      5.795   71.78546 -161.96520      5.855     1.7657     1.7623     1.7655    27.7158    27.6998  1022.1819    22.1540    344.507    318.304  351.71169     97.952     90.482     0.1306     0.4359     4.1062     0.5508 1.9781e-01        792     0.5493  0.000e+00
      5.795   71.78546 -161.96520      5.855     1.7665     1.7623     1.7663    27.7132    27.7011  1022.1798    22.1519    344.507    318.296  351.71133     97.952     90.481     0.1306     0.4359     4.1062     0.5508 1.9960e-01        793     0.5500  0.000e+00
      5.795   71.78546 -161.96520      5.855     1.7671     1.7621     1.7669    27.7109    27.7027  1022.1779    22.1499    344.509    318.290  351.71232     97.952     90.480     0.1294     0.4286     4.1062     0.5508 2.0867e-01        794     0.5507  0.000e+00
      5.795   71.78546 -161.96520      5.855     1.7675     1.7621     1.7673    27.7075    27.7040  1022.1752    22.1472    344.516    318.282  351.71836     97.952     90.479     0.1306     0.4359     4.1062     0.5508 2.1237e-01        795     0.5514  0.000e+00
      5.856   71.78546 -161.96520      5.917     1.7676     1.7621     1.7674    27.7053    27.7043  1022.1737    22.1455    344.760    318.280  351.72274     98.020     90.478     0.1306     0.4359     4.1062     0.5508 2.0501e-01        796     0.5521  0.000e+00
      5.795   71.78546 -161.96520      5.855     1.7679     1.7621     1.7677    27.7030    27.7052  1022.1715    22.1436    344.565    318.061  351.72663     97.964     90.417     0.1306     0.4359     4.1050     0.5520 1.5096e-01        797     0.5528  0.000e+00
      5.856   71.78546 -161.96520      5.917     1.7681     1.7624     1.7679    27.7022    27.7055  1022.1712    22.1429    344.527    318.032  351.72735     97.953     90.409     0.1306     0.4359     4.1136     0.5437 1.2846e-01        798     0.5535  0.000e+00
      5.856   71.78546 -161.96520      5.917     1.7686     1.7621     1.7683    27.7056    27.7058  1022.1739    22.1457    344.511    318.216  351.71363     97.952     90.461     0.1294     0.4286     4.1233     0.5342 1.2570e-01        799     0.5542  0.000e+00
      5.910   71.78546 -161.96520      5.971     1.7688     1.7623     1.7686    27.7108    27.7054  1022.1783    22.1498    344.496    318.215  351.69727     97.952     90.461     0.1306     0.4359     4.1258     0.5318 1.1299e-01        800     0.5549  0.000e+00
      5.856   71.78546 -161.96520      5.917     1.7693     1.7623     1.7691    27.7108    27.7060  1022.1780    22.1498    344.722    318.026  351.69282     98.018     90.408     0.1319     0.4432     4.1258     0.5318 1.0531e-01        801     0.5556  0.000e+00
      5.910   71.78546 -161.96520      5.971     1.7692     1.7625     1.7689    27.7073    27.7061  1022.1755    22.1470    344.813    318.027  351.70372     98.041     90.408     0.1306     0.4359     4.1245     0.5330 1.0468e-01        802     0.5563  0.000e+00
      5.910   71.78546 -161.96520      5.971     1.7688     1.7627     1.7686    27.7042    27.7053  1022.1730    22.1445    344.625    318.003  351.71503     97.984     90.402     0.1306     0.4359     4.1245     0.5330 1.4275e-01        803     0.5569  0.000e+00
      5.856   71.78546 -161.96520      5.917     1.7682     1.7623     1.7680    27.7021    27.7060  1022.1711    22.1429    344.866    318.191  351.72606     98.050     90.455     0.1294     0.4286     4.1245     0.5330 1.7800e-01        804     0.5576  0.000e+00
      5.910   71.78546 -161.96520      5.971     1.7677     1.7625     1.7675    27.7006    27.7060  1022.1702    22.1417    344.677    318.011  351.73457     97.993     90.404     0.1306     0.4359     4.1245     0.5330 1.8389e-01        805     0.5583  0.000e+00
      5.910   71.78546 -161.96520      5.971     1.7671     1.7626     1.7669    27.7005    27.7054  1022.1702    22.1417    344.678    318.201  351.74018     97.992     90.458     0.1319     0.4432     4.1245     0.5330 1.7386e-01        806     0.5590  0.000e+00
      5.910   71.78546 -161.96520      5.971     1.7665     1.7629     1.7663    27.6999    27.7053  1022.1697    22.1412    344.681    318.205  351.74721     97.991     90.459     0.1331     0.4505     4.1245     0.5330 1.6495e-01        807     0.5597  0.000e+00
      5.910   71.78546 -161.96520      5.971     1.7659     1.7631     1.7657    27.6994    27.7050  1022.1693    22.1408    344.684    318.236  351.75461     97.990     90.468     0.1343     0.4579     4.1245     0.5330 1.6336e-01        808     0.5604  0.000e+00
      5.972   71.78546 -161.96520      6.033     1.7655     1.7634     1.7652    27.6987    27.7044  1022.1691    22.1403    344.688    318.060  351.76033     97.990     90.419     0.1331     0.4505     4.1245     0.5330 1.5401e-01        809     0.5611  0.000e+00
      5.933   71.78546 -161.96520      5.995     1.7653     1.7639     1.7651    27.6981    27.7039  1022.1684    22.1398    344.450    318.064  351.76350     97.921     90.421     0.1331     0.4505     4.1245     0.5330 1.3838e-01        810     0.5618  0.000e+00
      5.972   71.78546 -161.96520      6.033     1.7651     1.7639     1.7648    27.6974    27.7043  1022.1680    22.1392    344.648    318.050  351.76744     97.976     90.417     0.1331     0.4505     4.1245     0.5330 1.3479e-01        811     0.5625  0.000e+00
      5.972   71.78546 -161.96520      6.033     1.7646     1.7642     1.7644    27.6971    27.7044  1022.1678    22.1390    344.803    318.033  351.77217     98.019     90.413     0.1331     0.4505     4.1245     0.5330 1.3622e-01        812     0.5632  0.000e+00
      6.026   71.78546 -161.96520      6.088     1.7644     1.7643     1.7641    27.6955    27.7046  1022.1668    22.1378    344.608    318.021  351.77892     97.962     90.410     0.1319     0.4432     4.1245     0.5330 1.3983e-01        813     0.5639  0.000e+00
      5.972   71.78546 -161.96520      6.033     1.7639     1.7641     1.7636    27.6946    27.7044  1022.1659    22.1371    344.605    317.799  351.78557     97.959     90.346     0.1319     0.4432     4.1245     0.5330 1.4056e-01        814     0.5646  0.000e+00
      5.972   71.78546 -161.96520      6.033     1.7640     1.7645     1.7638    27.6948    27.7040  1022.1661    22.1373    344.830    317.972  351.78357     98.023     90.396     0.1331     0.4505     4.1245     0.5330 1.3838e-01        815     0.5653  0.000e+00
      6.026   71.78546 -161.96520      6.088     1.7638     1.7645     1.7636    27.6952    27.7030  1022.1666    22.1376    344.863    317.758  351.78458     98.032     90.334     0.1331     0.4505     4.1245     0.5330 1.2985e-01        816     0.5660  0.000e+00
      5.972   71.78546 -161.96520      6.033     1.7637     1.7646     1.7635    27.6951    27.7015  1022.1663    22.1375    344.890    317.936  351.78585     98.040     90.384     0.1331     0.4505     4.1245     0.5330 1.2708e-01        817     0.5667  0.000e+00
      6.025   71.78546 -161.96520      6.088     1.7639     1.7645     1.7636    27.6947    27.6987  1022.1662    22.1372    344.918    317.941  351.78554     98.048     90.383     0.1319     0.4432     4.1221     0.5354 1.2985e-01        818     0.5674  0.000e+00
      6.025   71.78546 -161.96520      6.088     1.7639     1.7648     1.7636    27.6930    27.6946  1022.1648    22.1358    344.712    317.944  351.79011     97.988     90.382     0.1331     0.4505     4.1172     0.5401 1.4720e-01        819     0.5681  0.000e+00
      6.025   71.78546 -161.96520      6.088     1.7639     1.7647     1.7636    27.6932    27.6926  1022.1650    22.1359    344.697    317.947  351.78960     97.984     90.381     0.1343     0.4579     4.1148     0.5425 1.5555e-01        820     0.5687  0.000e+00
      6.025   71.78546 -161.96520      6.088     1.7643     1.7648     1.7641    27.6937    27.6935  1022.1654    22.1364    344.911    317.941  351.78406     98.046     90.381     0.1331     0.4505     4.1148     0.5425 1.5478e-01        821     0.5694  0.000e+00
      6.025   71.78546 -161.96520      6.088     1.7642     1.7645     1.7640    27.6950    27.6947  1022.1665    22.1374    344.932    317.940  351.78153     98.053     90.380     0.1331     0.4505     4.1160     0.5413 1.2846e-01        822     0.5701  0.000e+00
      6.079   71.78546 -161.96520      6.142     1.7645     1.7645     1.7643    27.6965    27.6941  1022.1679    22.1386    344.949    317.734  351.77466     98.060     90.321     0.1319     0.4432     4.1160     0.5413 1.1430e-01        823     0.5708  0.000e+00
      6.025   71.78546 -161.96520      6.088     1.7646     1.7645     1.7644    27.6964    27.6912  1022.1675    22.1385    344.965    317.925  351.77407     98.064     90.374     0.1331     0.4505     4.1160     0.5413 1.1299e-01        824     0.5715  0.000e+00
      6.079   71.78546 -161.96520      6.142     1.7650     1.7641     1.7647    27.6957    27.6879  1022.1672    22.1379    344.749    317.732  351.77297     98.003     90.316     0.1319     0.4432     4.1160     0.5413 1.1759e-01        825     0.5722  0.000e+00
      6.079   71.78546 -161.96520      6.142     1.7650     1.7641     1.7647    27.6951    27.6860  1022.1668    22.1374    344.964    317.716  351.77450     98.064     90.310     0.1319     0.4432     4.1160     0.5413 1.2094e-01        826     0.5729  0.000e+00
      6.079   71.78546 -161.96520      6.142     1.7651     1.7641     1.7648    27.6931    27.6861  1022.1652    22.1359    345.220    317.698  351.77885     98.136     90.305     0.1331     0.4505     4.1160     0.5413 1.2094e-01        827     0.5736  0.000e+00
      6.079   71.78546 -161.96520      6.142     1.7648     1.7641     1.7646    27.6907    27.6873  1022.1633    22.1340    345.047    317.652  351.78777     98.084     90.293     0.1331     0.4505     4.1160     0.5413 1.2777e-01        828     0.5743  0.000e+00
      6.079   71.78546 -161.96520      6.142     1.7648     1.7640     1.7646    27.6876    27.6891  1022.1608    22.1315    344.831    317.634  351.79609     98.020     90.288     0.1331     0.4505     4.1160     0.5413 1.3408e-01        829     0.5750  0.000e+00
      6.079   71.78546 -161.96520      6.142     1.7645     1.7645     1.7643    27.6856    27.6905  1022.1592    22.1299    345.047    317.614  351.80410     98.079     90.285     0.1331     0.4505     4.1148     0.5425 1.3551e-01        830     0.5757  0.000e+00
      6.079   71.78546 -161.96520      6.142     1.7642     1.7643     1.7640    27.6856    27.6926  1022.1592    22.1299    345.060    317.809  351.80708     98.082     90.341     0.1416     0.5018     4.1160     0.5413 1.3125e-01        831     0.5764  0.000e+00
      6.079   71.78546 -161.96520      6.142     1.7641     1.7648     1.7639    27.6859    27.6931  1022.1594    22.1301    345.068    317.820  351.80674     98.084     90.346     0.1477     0.5384     4.1148     0.5425 1.2570e-01        832     0.5771  0.000e+00
      6.141   71.78546 -161.96520      6.204     1.7635     1.7649     1.7633    27.6863    27.6940  1022.1601    22.1305    344.847    317.836  351.81111     98.021     90.351     0.1465     0.5311     4.1160     0.5413 1.2433e-01        833     0.5778  0.000e+00
      6.141   71.78546 -161.96520      6.204     1.7635     1.7652     1.7633    27.6868    27.6941  1022.1605    22.1309    345.283    317.852  351.80979     98.145     90.356     0.1477     0.5384     4.1160     0.5413 1.2297e-01        834     0.5785  0.000e+00
      6.079   71.78546 -161.96520      6.142     1.7635     1.7654     1.7633    27.6871    27.6942  1022.1605    22.1311    345.087    318.076  351.80880     98.089     90.421     0.1453     0.5238     4.1160     0.5413 1.1893e-01        835     0.5792  0.000e+00
      6.141   71.78546 -161.96520      6.204     1.7637     1.7654     1.7635    27.6878    27.6951  1022.1613    22.1317    345.088    318.121  351.80556     98.091     90.434     0.1465     0.5311     4.1160     0.5413 1.1759e-01        836     0.5799  0.000e+00
      6.141   71.78546 -161.96520      6.204     1.7639     1.7659     1.7636    27.6885    27.6954  1022.1618    22.1322    345.085    317.951  351.80224     98.091     90.387     0.1465     0.5311     4.1148     0.5425 1.4945e-01        837     0.5806  0.000e+00
      6.141   71.78546 -161.96520      6.204     1.7638     1.7664     1.7636    27.6894    27.6948  1022.1626    22.1330    345.081    317.967  351.80016     98.090     90.393     0.1465     0.5311     4.1184     0.5389 2.7209e-01        838     0.5813  0.000e+00
      6.141   71.78546 -161.96520      6.204     1.7640     1.7668     1.7638    27.6904    27.6938  1022.1633    22.1337    345.073    318.171  351.79556     98.089     90.451     0.1477     0.5384     4.1294     0.5283 3.2853e-01        839     0.5819  0.000e+00
      6.141   71.78546 -161.96520      6.204     1.7646     1.7669     1.7644    27.6911    27.6939  1022.1639    22.1343    345.101    318.215  351.78812     98.099     90.464     0.1465     0.5311     4.1331     0.5247 3.1982e-01        840     0.5826  0.000e+00
      6.141   71.78546 -161.96520      6.204     1.7648     1.7668     1.7646    27.6918    27.6931  1022.1644    22.1348    345.093    318.055  351.78480     98.098     90.417     0.1465     0.5311     4.1331     0.5247 2.6990e-01        841     0.5833  0.000e+00
      6.195   71.78546 -161.96520      6.259     1.7648     1.7662     1.7646    27.6912    27.6889  1022.1642    22.1344    345.090    318.093  351.78639     98.097     90.424     0.1465     0.5311     4.1331     0.5247 2.5177e-01        842     0.5840  0.000e+00
      6.141   71.78546 -161.96520      6.204     1.7648     1.7666     1.7646    27.6903    27.6749  1022.1632    22.1336    345.082    318.144  351.78896     98.093     90.430     0.1465     0.5311     4.1331     0.5247 2.4251e-01        843     0.5847  0.000e+00
      6.141   71.78546 -161.96520      6.204     1.7646     1.7673     1.7644    27.6896    27.6481  1022.1627    22.1331    345.076    318.437  351.79218     98.091     90.496     0.1477     0.5384     4.1331     0.5247 1.5172e-01        844     0.5854  0.000e+00
      6.195   71.78546 -161.96520      6.259     1.7645     1.7680     1.7643    27.6891    27.6182  1022.1626    22.1327    345.110    318.555  351.79450     98.100     90.510     0.1465     0.5311     4.1331     0.5247 1.1299e-01        845     0.5861  0.000e+00
