EcoFOCI/data/1_SampleCollection/2023_SikuliaqDBO_CruiseData/CTD_raw_BottleFile_SKQ23-12S/proc/skq202312s_057.ros
* Sea-Bird SBE 9 Data File:
* FileName = D:\CTD\SKQ202312S\SKQ202312S_057.hex
* Software Version Seasave V 7.26.7.121
* Temperature SN = 6177
* Conductivity SN = 0369
* Number of Bytes Per Scan = 41
* Number of Voltage Words = 4
* Number of Scans Averaged by the Deck Unit = 1
* NMEA Latitude = 71 20.18 N
* NMEA Longitude = 164 36.58 W
* NMEA UTC (Time) = Sep 27 2023  08:27:58
* NMEA baud rate = 4800
** Ship: R/V Sikuliaq
** Station Number: 057
** Station Name: IC5
** Bottom Depth: 44
** Operator: SS
# nquan = 22
# nvalues = 784                                   
# units = specified
# name 0 = depSM: Depth [salt water, m]
# name 1 = latitude: Latitude [deg]
# name 2 = longitude: Longitude [deg]
# name 3 = prDM: Pressure, Digiquartz [db]
# name 4 = t090C: Temperature [ITS-90, deg C]
# name 5 = t190C: Temperature, 2 [ITS-90, deg C]
# name 6 = potemp090C: Potential Temperature [ITS-90, deg C]
# name 7 = sal00: Salinity, Practical [PSU]
# name 8 = sal11: Salinity, Practical, 2 [PSU]
# name 9 = density00: Density [density, kg/m^3]
# name 10 = sigma-é00: Density [sigma-theta, kg/m^3]
# name 11 = sbox0Mm/Kg: Oxygen, SBE 43 [umol/kg]
# name 12 = sbox1Mm/Kg: Oxygen, SBE 43, 2 [umol/kg]
# name 13 = oxsolMm/Kg: Oxygen Saturation, Garcia & Gordon [umol/kg]
# name 14 = sbeox0PS: Oxygen, SBE 43 [% saturation]
# name 15 = v0: Voltage 0
# name 16 = flECO-AFL: Fluorescence, WET Labs ECO-AFL/FL [mg/m^3]
# name 17 = CStarAt0: Beam Attenuation, WET Labs C-Star [1/m]
# name 18 = par: PAR/Irradiance, Biospherical/Licor
# name 19 = scan: Scan Count
# name 20 = nbf: Bottles Fired
# name 21 = flag:  0.000e+00
# interval = seconds: 0.0416667
# start_time = Sep 27 2023 08:31:38 [NMEA time, first data scan]
# bad_flag = -9.990e-29
*END*
[from data line 461]
     20.251   71.33678 -164.61084     20.461     3.4324     3.4309     3.4313    30.9182    30.9282  1024.6880    24.5919    321.209    304.120  329.16716     97.582     0.1026     0.2674     0.4324 1.0000e-12      13690         10  0.000e+00
     20.136   71.33678 -164.61084     20.344     3.4331     3.4307     3.4319    30.9174    30.9287  1024.6867    24.5912    321.206    304.309  329.16404     97.582     0.1013     0.2601     0.4324 8.4714e-06      13691         10  0.000e+00
     20.251   71.33678 -164.61084     20.461     3.4331     3.4312     3.4319    30.9173    30.9287  1024.6872    24.5911    321.217    304.352  329.16438     97.585     0.1026     0.2674     0.4324 1.0000e-12      13692         10  0.000e+00
     20.159   71.33678 -164.61084     20.368     3.4331     3.4314     3.4319    30.9173    30.9297  1024.6868    24.5911    321.218    304.389  329.16426     97.586     0.1038     0.2747     0.4324 1.0000e-12      13693         10  0.000e+00
     20.197   71.33678 -164.61084     20.407     3.4331     3.4320     3.4319    30.9175    30.9289  1024.6871    24.5913    321.225    304.433  329.16373     97.588     0.1026     0.2674     0.4324 8.4714e-06      13694         10  0.000e+00
     20.251   71.33678 -164.61084     20.461     3.4334     3.4322     3.4322    30.9177    30.9289  1024.6875    24.5914    321.230    304.286  329.16081     97.591     0.1038     0.2747     0.4324 1.0000e-12      13695         10  0.000e+00
     20.220   71.33678 -164.61084     20.430     3.4336     3.4323     3.4324    30.9174    30.9285  1024.6871    24.5912    321.017    304.504  329.16005     97.526     0.1026     0.2674     0.4324 1.0000e-12      13696         10  0.000e+00
     20.197   71.33678 -164.61084     20.407     3.4339     3.4326     3.4327    30.9173    30.9282  1024.6869    24.5910    321.238    304.527  329.15781     97.594     0.1038     0.2747     0.4324 1.0000e-12      13697         10  0.000e+00
     20.197   71.33678 -164.61084     20.407     3.4337     3.4334     3.4325    30.9175    30.9276  1024.6871    24.5912    321.248    304.571  329.15853     97.597     0.1013     0.2601     0.4347 1.0000e-12      13698         10  0.000e+00
     20.220   71.33678 -164.61084     20.430     3.4336     3.4336     3.4324    30.9177    30.9278  1024.6873    24.5914    321.258    304.596  329.15947     97.600     0.1026     0.2674     0.4359 1.0000e-12      13699         10  0.000e+00
     20.197   71.33678 -164.61084     20.407     3.4339     3.4342     3.4327    30.9174    30.9275  1024.6869    24.5911    321.264    304.618  329.15762     97.602     0.1026     0.2674     0.4359 1.0000e-12      13700         10  0.000e+00
     20.197   71.33678 -164.61084     20.407     3.4340     3.4342     3.4329    30.9168    30.9277  1024.6865    24.5906    321.272    304.644  329.15777     97.604     0.1026     0.2674     0.4359 1.0000e-12      13701         10  0.000e+00
     20.220   71.33678 -164.61084     20.430     3.4338     3.4339     3.4326    30.9162    30.9279  1024.6861    24.5902    321.285    304.674  329.16095     97.607     0.1038     0.2747     0.4359 8.4714e-06      13702         10  0.000e+00
     20.197   71.33678 -164.61084     20.407     3.4334     3.4339     3.4322    30.9154    30.9280  1024.6854    24.5896    321.299    304.700  329.16645     97.610     0.1026     0.2674     0.4359 8.4714e-06      13703         10  0.000e+00
     20.197   71.33678 -164.61084     20.407     3.4321     3.4340     3.4309    30.9161    30.9273  1024.6861    24.5902    321.317    304.727  329.17511     97.613     0.1026     0.2674     0.4359 1.0000e-12      13704         10  0.000e+00
     20.274   71.33678 -164.61084     20.484     3.4312     3.4345     3.4300    30.9171    30.9269  1024.6873    24.5911    321.335    304.753  329.18030     97.617     0.1087     0.3040     0.4359 8.4714e-06      13705         10  0.000e+00
     20.197   71.33678 -164.61084     20.407     3.4303     3.4353     3.4291    30.9175    30.9267  1024.6873    24.5915    321.347    304.771  329.18673     97.619     0.1148     0.3406     0.4370 8.4714e-06      13706         10  0.000e+00
     20.197   71.33678 -164.61084     20.407     3.4299     3.4355     3.4288    30.9178    30.9268  1024.6876    24.5917    321.358    304.796  329.18856     97.621     0.1136     0.3333     0.4359 1.0000e-12      13707         10  0.000e+00
     20.221   71.33678 -164.61084     20.430     3.4295     3.4355     3.4283    30.9189    30.9268  1024.6886    24.5927    321.369    304.824  329.18969     97.624     0.1148     0.3406     0.4370 8.4714e-06      13708         10  0.000e+00
     20.197   71.33678 -164.61084     20.407     3.4294     3.4350     3.4282    30.9183    30.9272  1024.6881    24.5923    321.379    304.853  329.19141     97.627     0.1136     0.3333     0.4359 1.0000e-12      13709         10  0.000e+00
     20.251   71.33678 -164.61084     20.461     3.4293     3.4344     3.4281    30.9185    30.9278  1024.6885    24.5924    321.390    304.862  329.19180     97.630     0.1148     0.3406     0.4359 1.0000e-12      13710         10  0.000e+00
     20.220   71.33678 -164.61084     20.430     3.4291     3.4328     3.4280    30.9184    30.9283  1024.6883    24.5923    321.399    305.070  329.19335     97.632     0.1123     0.3260     0.4359 1.0000e-12      13711         10  0.000e+00
     20.251   71.33678 -164.61084     20.461     3.4290     3.4329     3.4278    30.9178    30.9276  1024.6880    24.5919    321.412    305.095  329.19614     97.635     0.1148     0.3406     0.4359 1.0000e-12      13712         10  0.000e+00
     20.197   71.33678 -164.61084     20.407     3.4283     3.4331     3.4272    30.9185    30.9272  1024.6883    24.5924    321.422    305.114  329.19973     97.637     0.1148     0.3406     0.4359 1.0000e-12      13713         10  0.000e+00
     20.221   71.33678 -164.61084     20.430     3.4280     3.4322     3.4269    30.9184    30.9275  1024.6884    24.5924    321.435    305.141  329.20245     97.640     0.1136     0.3333     0.4359 8.4714e-06      13714         10  0.000e+00
     20.251   71.33678 -164.61084     20.461     3.4277     3.4306     3.4265    30.9190    30.9286  1024.6890    24.5929    321.411    305.171  329.20395     97.633     0.1148     0.3406     0.4359 8.4714e-06      13715         10  0.000e+00
     20.251   71.33678 -164.61084     20.461     3.4275     3.4303     3.4264    30.9187    30.9284  1024.6888    24.5927    321.420    305.189  329.20572     97.635     0.1136     0.3333     0.4359 1.0000e-12      13716         10  0.000e+00
     20.197   71.33678 -164.61084     20.407     3.4272     3.4309     3.4261    30.9194    30.9281  1024.6891    24.5933    321.426    305.196  329.20651     97.636     0.1148     0.3406     0.4370 1.0000e-12      13717         10  0.000e+00
     20.221   71.33678 -164.61084     20.430     3.4269     3.4325     3.4257    30.9193    30.9279  1024.6892    24.5932    321.437    305.197  329.20933     97.639     0.1136     0.3333     0.4347 1.0000e-12      13718         10  0.000e+00
     10.304   71.33686 -164.61114     10.410     2.8827     2.8906     2.8821    30.6403    30.6563  1024.4650    24.4159    324.505    309.526  334.37960     97.047     0.0733     0.0916     0.4209 1.6384e-02      16717         11  0.000e+00
     10.250   71.33686 -164.61114     10.356     2.8820     2.8901     2.8815    30.6407    30.6559  1024.4650    24.4162    324.506    309.515  334.38401     97.046     0.0745     0.0989     0.4197 2.1409e-02      16718         11  0.000e+00
     10.250   71.33686 -164.61114     10.356     2.8816     2.8897     2.8810    30.6408    30.6550  1024.4651    24.4163    324.730    309.506  334.38744     97.112     0.0733     0.0916     0.4209 3.4590e-02      16719         11  0.000e+00
     10.250   71.33686 -164.61114     10.356     2.8809     2.8890     2.8804    30.6408    30.6551  1024.4652    24.4164    324.547    309.494  334.39272     97.056     0.0745     0.0989     0.4209 3.9401e-02      16720         11  0.000e+00
     10.304   71.33686 -164.61114     10.410     2.8808     2.8892     2.8802    30.6407    30.6545  1024.4654    24.4163    324.548    309.501  334.39443     97.056     0.0745     0.0989     0.4209 4.5283e-02      16721         11  0.000e+00
     10.250   71.33686 -164.61114     10.356     2.8804     2.8890     2.8799    30.6409    30.6549  1024.4653    24.4165    324.546    309.503  334.39697     97.054     0.0745     0.0989     0.4209 7.1083e-02      16722         11  0.000e+00
     10.250   71.33686 -164.61114     10.356     2.8800     2.8883     2.8794    30.6413    30.6555  1024.4657    24.4168    324.546    309.487  334.39950     97.053     0.0757     0.1062     0.4209 8.2619e-02      16723         11  0.000e+00
     10.281   71.33686 -164.61114     10.387     2.8798     2.8878     2.8793    30.6425    30.6546  1024.4668    24.4178    324.543    309.471  334.39772     97.053     0.0745     0.0989     0.4209 8.3186e-02      16724         11  0.000e+00
     10.250   71.33686 -164.61114     10.356     2.8801     2.8870     2.8796    30.6433    30.6542  1024.4673    24.4184    324.533    309.453  334.39300     97.051     0.0745     0.0989     0.4209 9.0110e-02      16725         11  0.000e+00
     10.250   71.33686 -164.61114     10.356     2.8806     2.8865     2.8801    30.6431    30.6536  1024.4671    24.4182    324.527    309.432  334.38956     97.050     0.0733     0.0916     0.4209 9.3660e-02      16726         11  0.000e+00
     10.250   71.33686 -164.61114     10.356     2.8808     2.8857     2.8802    30.6422    30.6535  1024.4664    24.4175    324.561    309.434  334.39040     97.061     0.0745     0.0989     0.4197 9.3064e-02      16727         11  0.000e+00
     10.250   71.33686 -164.61114     10.356     2.8809     2.8854     2.8803    30.6414    30.6532  1024.4657    24.4169    324.561    309.432  334.39165     97.060     0.0733     0.0916     0.4209 7.3228e-02      16728         11  0.000e+00
     10.250   71.33686 -164.61114     10.356     2.8806     2.8853     2.8801    30.6416    30.6532  1024.4658    24.4170    324.561    309.427  334.39343     97.060     0.0745     0.0989     0.4209 6.2230e-02      16729         11  0.000e+00
     10.188   71.33686 -164.61114     10.294     2.8805     2.8852     2.8799    30.6411    30.6533  1024.4652    24.4166    324.560    309.417  334.39598     97.059     0.0733     0.0916     0.4220 6.1216e-02      16730         11  0.000e+00
     10.250   71.33686 -164.61114     10.356     2.8805     2.8850     2.8799    30.6398    30.6532  1024.4644    24.4156    324.564    309.412  334.39933     97.059     0.0733     0.0916     0.4220 5.0431e-02      16731         11  0.000e+00
     10.250   71.33686 -164.61114     10.356     2.8798     2.8849     2.8793    30.6383    30.6530  1024.4633    24.4145    324.572    309.405  334.40838     97.059     0.0733     0.0916     0.4220 4.2542e-02      16732         11  0.000e+00
     10.219   71.33686 -164.61114     10.325     2.8789     2.8846     2.8784    30.6380    30.6532  1024.4630    24.4143    324.579    309.395  334.41689     97.058     0.0745     0.0989     0.4220 4.0740e-02      16733         11  0.000e+00
     10.250   71.33686 -164.61114     10.356     2.8782     2.8842     2.8777    30.6378    30.6535  1024.4630    24.4142    324.585    309.387  334.42302     97.058     0.0745     0.0989     0.4220 4.7603e-02      16734         11  0.000e+00
     10.250   71.33686 -164.61114     10.356     2.8776     2.8842     2.8771    30.6381    30.6533  1024.4633    24.4145    324.589    309.375  334.42720     97.058     0.0745     0.0989     0.4220 5.4276e-02      16735         11  0.000e+00
     10.188   71.33686 -164.61114     10.294     2.8770     2.8841     2.8765    30.6397    30.6529  1024.4644    24.4158    324.586    309.361  334.42802     97.057     0.0745     0.0989     0.4220 5.6231e-02      16736         11  0.000e+00
     10.250   71.33686 -164.61114     10.356     2.8770     2.8842     2.8765    30.6399    30.6529  1024.4648    24.4160    324.366    309.151  334.42750     96.991     0.0745     0.0989     0.4220 6.1722e-02      16737         11  0.000e+00
     10.250   71.33686 -164.61114     10.356     2.8770     2.8839     2.8765    30.6402    30.6529  1024.4650    24.4162    324.513    309.313  334.42681     97.036     0.0745     0.0989     0.4220 7.1083e-02      16738         11  0.000e+00
     10.188   71.33686 -164.61114     10.294     2.8772     2.8836     2.8766    30.6403    30.6532  1024.4648    24.4163    324.508    309.322  334.42529     97.034     0.0733     0.0916     0.4209 7.3228e-02      16739         11  0.000e+00
     10.250   71.33686 -164.61114     10.356     2.8768     2.8834     2.8763    30.6399    30.6525  1024.4648    24.4160    324.513    309.312  334.42927     97.035     0.0745     0.0989     0.4220 8.0929e-02      16740         11  0.000e+00
     10.188   71.33686 -164.61114     10.294     2.8770     2.8831     2.8765    30.6391    30.6525  1024.4639    24.4153    324.509    309.296  334.42960     97.034     0.0733     0.0916     0.4220 9.8489e-02      16741         11  0.000e+00
     10.219   71.33686 -164.61114     10.325     2.8767     2.8826     2.8762    30.6392    30.6524  1024.4641    24.4154    324.512    309.284  334.43214     97.034     0.0745     0.0989     0.4220 1.0468e-01      16742         11  0.000e+00
     10.250   71.33686 -164.61114     10.356     2.8762     2.8826     2.8757    30.6389    30.6524  1024.4640    24.4152    324.517    309.465  334.43691     97.034     0.0733     0.0916     0.4220 1.0405e-01      16743         11  0.000e+00
     10.188   71.33686 -164.61114     10.294     2.8759     2.8824     2.8754    30.6389    30.6523  1024.4638    24.4152    324.516    309.491  334.43962     97.033     0.0733     0.0916     0.4220 1.0405e-01      16744         11  0.000e+00
     10.250   71.33686 -164.61114     10.356     2.8756     2.8823     2.8750    30.6388    30.6522  1024.4640    24.4152    324.741    309.299  334.44249     97.099     0.0757     0.1062     0.4220 1.0343e-01      16745         11  0.000e+00
     10.188   71.33686 -164.61114     10.294     2.8749     2.8820     2.8744    30.6390    30.6521  1024.4639    24.4154    324.555    309.301  334.44740     97.042     0.0745     0.0989     0.4220 1.0156e-01      16746         11  0.000e+00
     10.250   71.33686 -164.61114     10.356     2.8748     2.8817     2.8743    30.6390    30.6522  1024.4642    24.4154    324.556    309.308  334.44821     97.042     0.0745     0.0989     0.4220 8.7776e-02      16747         11  0.000e+00
     10.188   71.33686 -164.61114     10.294     2.8743     2.8814     2.8738    30.6394    30.6520  1024.4643    24.4158    324.554    309.484  334.45117     97.041     0.0745     0.0989     0.4220 8.2619e-02      16748         11  0.000e+00
     10.250   71.33686 -164.61114     10.356     2.8743     2.8808     2.8738    30.6393    30.6519  1024.4645    24.4157    324.554    309.516  334.45155     97.041     0.0745     0.0989     0.4220 8.2619e-02      16749         11  0.000e+00
     10.188   71.33686 -164.61114     10.294     2.8740     2.8803     2.8735    30.6394    30.6515  1024.4644    24.4158    324.109    309.540  334.45377     96.907     0.0745     0.0989     0.4220 9.4857e-02      16750         11  0.000e+00
     10.219   71.33686 -164.61114     10.325     2.8739     2.8797     2.8733    30.6397    30.6516  1024.4647    24.4160    324.703    309.346  334.45456     97.084     0.0745     0.0989     0.4220 1.0218e-01      16751         11  0.000e+00
     10.188   71.33686 -164.61114     10.294     2.8739     2.8790     2.8733    30.6400    30.6522  1024.4648    24.4163    324.551    309.346  334.45372     97.039     0.0733     0.0916     0.4209 1.0280e-01      16752         11  0.000e+00
