EcoFOCI/data/1_SampleCollection/2023_SikuliaqDBO_CruiseData/CTD_raw_BottleFile_SKQ23-12S/proc/skq202312s_063svp.cnv
* Sea-Bird SBE 9 Data File:
* FileName = D:\CTD\SKQ202312S\SKQ202312S_063.hex
* Software Version Seasave V 7.26.7.121
* Temperature SN = 6177
* Conductivity SN = 0369
* Number of Bytes Per Scan = 41
* Number of Voltage Words = 4
* Number of Scans Averaged by the Deck Unit = 1
* NMEA Latitude = 71 49.84 N
* NMEA Longitude = 165 58.06 W
* NMEA UTC (Time) = Sep 28 2023  06:16:57
* NMEA baud rate = 4800
** Ship: R/V Sikuliaq
** Station Number: 063
** Station Name: IC1
** Bottom Depth: 44
** Operator: SD
# nquan = 7
# nvalues = 4818                                  
# units = specified
# name 0 = depSM: Depth [salt water, m]
# name 1 = latitude: Latitude [deg]
# name 2 = longitude: Longitude [deg]
# name 3 = t090C: Temperature [ITS-90, deg C]
# name 4 = sal00: Salinity, Practical [PSU]
# name 5 = svCM: Sound Velocity [Chen-Millero, m/s]
# name 6 = flag:  0.000e+00
# span 0 =      2.371,     39.010                 
# span 1 =   71.83034,   71.83050                 
# span 2 = -165.96708, -165.96666                 
# span 3 =    -0.7761,     3.7917                 
# span 4 =    30.1534,    32.4386                 
# span 5 =    1442.60,    1461.89                 
# span 6 = 0.0000e+00, 0.0000e+00                 
# interval = seconds: 0.0416667
# start_time = Sep 28 2023 06:20:37 [NMEA time, first data scan]
# bad_flag = -9.990e-29
*END*
[from data line 1436]
     10.844   71.83044 -165.96694     2.7181    30.1728    1455.10  0.000e+00
     10.898   71.83044 -165.96694     2.7182    30.1736    1455.10  0.000e+00
     10.867   71.83044 -165.96694     2.7186    30.1740    1455.10  0.000e+00
     10.844   71.83044 -165.96694     2.7186    30.1741    1455.10  0.000e+00
     10.898   71.83044 -165.96694     2.7191    30.1731    1455.10  0.000e+00
     10.898   71.83044 -165.96694     2.7197    30.1712    1455.10  0.000e+00
     10.898   71.83044 -165.96694     2.7200    30.1703    1455.10  0.000e+00
     10.898   71.83044 -165.96694     2.7200    30.1706    1455.10  0.000e+00
     10.844   71.83044 -165.96694     2.7202    30.1702    1455.10  0.000e+00
     10.929   71.83044 -165.96694     2.7200    30.1698    1455.10  0.000e+00
     10.898   71.83044 -165.96694     2.7199    30.1692    1455.10  0.000e+00
     10.960   71.83044 -165.96694     2.7197    30.1695    1455.10  0.000e+00
     10.898   71.83044 -165.96694     2.7194    30.1704    1455.10  0.000e+00
     10.898   71.83044 -165.96694     2.7196    30.1699    1455.10  0.000e+00
     10.960   71.83044 -165.96694     2.7193    30.1697    1455.10  0.000e+00
     10.898   71.83044 -165.96694     2.7191    30.1699    1455.10  0.000e+00
     10.983   71.83044 -165.96694     2.7190    30.1703    1455.10  0.000e+00
     10.898   71.83044 -165.96694     2.7186    30.1703    1455.10  0.000e+00
     11.014   71.83044 -165.96694     2.7185    30.1711    1455.10  0.000e+00
     10.960   71.83044 -165.96694     2.7186    30.1716    1455.10  0.000e+00
     10.960   71.83044 -165.96694     2.7188    30.1726    1455.10  0.000e+00
     10.960   71.83044 -165.96694     2.7193    30.1731    1455.10  0.000e+00
     11.014   71.83044 -165.96694     2.7198    30.1736    1455.11  0.000e+00
     10.929   71.83044 -165.96694     2.7204    30.1739    1455.11  0.000e+00
     11.014   71.83044 -165.96694     2.7213    30.1750    1455.12  0.000e+00
     11.014   71.83044 -165.96694     2.7224    30.1756    1455.12  0.000e+00
     10.960   71.83044 -165.96694     2.7232    30.1764    1455.13  0.000e+00
     11.014   71.83044 -165.96694     2.7237    30.1769    1455.13  0.000e+00
     11.068   71.83044 -165.96694     2.7243    30.1767    1455.13  0.000e+00
     10.960   71.83044 -165.96694     2.7246    30.1768    1455.13  0.000e+00
     11.045   71.83044 -165.96694     2.7246    30.1766    1455.13  0.000e+00
     11.068   71.83044 -165.96694     2.7250    30.1761    1455.13  0.000e+00
     11.014   71.83044 -165.96694     2.7250    30.1771    1455.14  0.000e+00
     11.068   71.83044 -165.96694     2.7249    30.1778    1455.14  0.000e+00
     11.068   71.83044 -165.96694     2.7250    30.1779    1455.14  0.000e+00
     11.068   71.83044 -165.96694     2.7252    30.1780    1455.14  0.000e+00
     11.045   71.83044 -165.96694     2.7255    30.1780    1455.14  0.000e+00
     11.130   71.83044 -165.96694     2.7263    30.1781    1455.14  0.000e+00
     11.068   71.83044 -165.96694     2.7268    30.1782    1455.14  0.000e+00
     11.068   71.83044 -165.96694     2.7267    30.1781    1455.14  0.000e+00
     11.130   71.83044 -165.96694     2.7268    30.1775    1455.15  0.000e+00
     11.130   71.83044 -165.96694     2.7269    30.1754    1455.14  0.000e+00
     11.130   71.83044 -165.96694     2.7267    30.1739    1455.14  0.000e+00
     11.099   71.83044 -165.96694     2.7265    30.1737    1455.14  0.000e+00
     11.130   71.83044 -165.96694     2.7261    30.1736    1455.14  0.000e+00
     11.184   71.83044 -165.96694     2.7255    30.1734    1455.14  0.000e+00
     11.130   71.83044 -165.96694     2.7250    30.1733    1455.13  0.000e+00
     11.184   71.83044 -165.96694     2.7248    30.1728    1455.13  0.000e+00
     11.184   71.83044 -165.96694     2.7241    30.1729    1455.13  0.000e+00
     11.130   71.83044 -165.96694     2.7236    30.1726    1455.12  0.000e+00
     11.214   71.83044 -165.96694     2.7235    30.1722    1455.13  0.000e+00
     11.184   71.83044 -165.96694     2.7232    30.1714    1455.12  0.000e+00
     11.184   71.83044 -165.96694     2.7227    30.1707    1455.12  0.000e+00
     11.184   71.83044 -165.96694     2.7219    30.1708    1455.12  0.000e+00
     11.245   71.83044 -165.96694     2.7213    30.1702    1455.11  0.000e+00
     11.245   71.83044 -165.96694     2.7207    30.1699    1455.11  0.000e+00
     11.245   71.83044 -165.96694     2.7202    30.1696    1455.11  0.000e+00
     11.214   71.83044 -165.96694     2.7194    30.1689    1455.10  0.000e+00
     11.245   71.83044 -165.96694     2.7193    30.1692    1455.10  0.000e+00
     11.299   71.83044 -165.96694     2.7188    30.1714    1455.11  0.000e+00
     11.245   71.83044 -165.96694     2.7190    30.1718    1455.11  0.000e+00
     11.299   71.83044 -165.96694     2.7188    30.1694    1455.10  0.000e+00
     11.245   71.83044 -165.96694     2.7185    30.1654    1455.10  0.000e+00
     11.330   71.83044 -165.96694     2.7172    30.1632    1455.09  0.000e+00
     11.299   71.83044 -165.96694     2.7158    30.1634    1455.08  0.000e+00
     11.299   71.83044 -165.96694     2.7149    30.1634    1455.08  0.000e+00
     11.299   71.83044 -165.96694     2.7139    30.1626    1455.07  0.000e+00
     11.361   71.83044 -165.96694     2.7133    30.1621    1455.07  0.000e+00
     11.299   71.83044 -165.96694     2.7122    30.1617    1455.06  0.000e+00
     11.361   71.83044 -165.96694     2.7111    30.1624    1455.06  0.000e+00
     11.330   71.83044 -165.96694     2.7104    30.1639    1455.06  0.000e+00
     11.361   71.83044 -165.96694     2.7102    30.1653    1455.06  0.000e+00
     11.361   71.83044 -165.96694     2.7103    30.1649    1455.06  0.000e+00
     11.415   71.83044 -165.96694     2.7105    30.1657    1455.06  0.000e+00
     11.361   71.83044 -165.96694     2.7104    30.1707    1455.07  0.000e+00
     11.415   71.83044 -165.96694     2.7114    30.1764    1455.08  0.000e+00
     11.384   71.83044 -165.96694     2.7132    30.1829    1455.10  0.000e+00
     11.415   71.83044 -165.96694     2.7158    30.1863    1455.11  0.000e+00
     11.415   71.83044 -165.96694     2.7188    30.1884    1455.13  0.000e+00
     11.415   71.83044 -165.96694     2.7210    30.1907    1455.14  0.000e+00
     11.361   71.83044 -165.96694     2.7227    30.1932    1455.15  0.000e+00
     11.469   71.83044 -165.96694     2.7243    30.1969    1455.16  0.000e+00
     11.415   71.83044 -165.96694     2.7257    30.2004    1455.17  0.000e+00
     11.446   71.83044 -165.96694     2.7282    30.2025    1455.19  0.000e+00
     11.469   71.83044 -165.96694     2.7305    30.2039    1455.20  0.000e+00
     11.469   71.83044 -165.96694     2.7331    30.2021    1455.21  0.000e+00
     11.469   71.83044 -165.96694     2.7351    30.2007    1455.22  0.000e+00
     11.469   71.83044 -165.96694     2.7365    30.2008    1455.22  0.000e+00
     11.469   71.83044 -165.96694     2.7382    30.2013    1455.23  0.000e+00
     11.446   71.83044 -165.96694     2.7393    30.2011    1455.24  0.000e+00
     11.531   71.83044 -165.96694     2.7401    30.1990    1455.24  0.000e+00
     11.531   71.83044 -165.96694     2.7406    30.1967    1455.24  0.000e+00
     11.469   71.83044 -165.96694     2.7407    30.1952    1455.23  0.000e+00
     11.531   71.83044 -165.96694     2.7408    30.1938    1455.23  0.000e+00
     11.531   71.83044 -165.96694     2.7403    30.1942    1455.23  0.000e+00
     11.531   71.83044 -165.96694     2.7399    30.1953    1455.23  0.000e+00
     11.500   71.83044 -165.96694     2.7396    30.1970    1455.23  0.000e+00
     11.531   71.83044 -165.96694     2.7398    30.1997    1455.24  0.000e+00
     11.585   71.83044 -165.96694     2.7398    30.2025    1455.24  0.000e+00
     11.531   71.83044 -165.96694     2.7404    30.2048    1455.25  0.000e+00
     11.585   71.83044 -165.96694     2.7412    30.2094    1455.26  0.000e+00
     11.585   71.83044 -165.96694     2.7426    30.2150    1455.27  0.000e+00
     11.554   71.83044 -165.96694     2.7443    30.2177    1455.28  0.000e+00
     11.585   71.83044 -165.96694     2.7463    30.2163    1455.29  0.000e+00
     11.585   71.83044 -165.96694     2.7487    30.2117    1455.29  0.000e+00
     11.585   71.83044 -165.96694     2.7501    30.2087    1455.29  0.000e+00
     11.585   71.83044 -165.96694     2.7507    30.2066    1455.29  0.000e+00
     11.646   71.83044 -165.96694     2.7509    30.2048    1455.29  0.000e+00
     11.646   71.83044 -165.96694     2.7506    30.2061    1455.29  0.000e+00
     11.554   71.83044 -165.96694     2.7505    30.2071    1455.29  0.000e+00
     11.700   71.83044 -165.96694     2.7498    30.2062    1455.29  0.000e+00
     11.585   71.83044 -165.96694     2.7490    30.2057    1455.29  0.000e+00
     11.646   71.83044 -165.96694     2.7489    30.2053    1455.29  0.000e+00
     11.646   71.83044 -165.96694     2.7487    30.2048    1455.28  0.000e+00
     11.700   71.83044 -165.96694     2.7489    30.2046    1455.29  0.000e+00
     11.669   71.83044 -165.96694     2.7489    30.2053    1455.29  0.000e+00
     11.646   71.83044 -165.96694     2.7492    30.2070    1455.29  0.000e+00
     11.700   71.83044 -165.96694     2.7498    30.2080    1455.29  0.000e+00
     11.700   71.83044 -165.96694     2.7504    30.2082    1455.30  0.000e+00
     11.700   71.83044 -165.96694     2.7507    30.2066    1455.30  0.000e+00
     11.700   71.83044 -165.96694     2.7503    30.2042    1455.29  0.000e+00
     11.669   71.83044 -165.96694     2.7493    30.2038    1455.29  0.000e+00
     11.700   71.83044 -165.96694     2.7484    30.2055    1455.29  0.000e+00
     11.700   71.83044 -165.96694     2.7485    30.2060    1455.29  0.000e+00
     11.762   71.83044 -165.96694     2.7487    30.2059    1455.29  0.000e+00
     11.762   71.83044 -165.96694     2.7492    30.2048    1455.29  0.000e+00
     11.700   71.83044 -165.96694     2.7494    30.2034    1455.29  0.000e+00
     11.731   71.83044 -165.96694     2.7490    30.2010    1455.28  0.000e+00
     11.762   71.83044 -165.96694     2.7479    30.1994    1455.28  0.000e+00
     11.762   71.83044 -165.96694     2.7471    30.2014    1455.28  0.000e+00
     11.816   71.83042 -165.96694     2.7463    30.2056    1455.28  0.000e+00
     11.762   71.83042 -165.96694     2.7470    30.2068    1455.28  0.000e+00
     11.762   71.83042 -165.96694     2.7475    30.2070    1455.28  0.000e+00
     11.816   71.83042 -165.96694     2.7478    30.2055    1455.28  0.000e+00
     11.785   71.83042 -165.96694     2.7480    30.2028    1455.28  0.000e+00
     11.762   71.83042 -165.96694     2.7478    30.2008    1455.28  0.000e+00
     11.870   71.83042 -165.96694     2.7470    30.1996    1455.27  0.000e+00
     11.762   71.83042 -165.96694     2.7462    30.1997    1455.27  0.000e+00
     11.816   71.83042 -165.96694     2.7454    30.2016    1455.27  0.000e+00
     11.816   71.83042 -165.96694     2.7448    30.2027    1455.27  0.000e+00
     11.847   71.83042 -165.96694     2.7444    30.2025    1455.27  0.000e+00
     11.816   71.83042 -165.96694     2.7448    30.2040    1455.27  0.000e+00
     11.870   71.83042 -165.96694     2.7457    30.2082    1455.28  0.000e+00
     11.870   71.83042 -165.96694     2.7465    30.2168    1455.29  0.000e+00
     11.816   71.83042 -165.96694     2.7475    30.2243    1455.31  0.000e+00
     11.870   71.83042 -165.96694     2.7497    30.2263    1455.32  0.000e+00
     11.901   71.83042 -165.96694     2.7521    30.2254    1455.33  0.000e+00
     11.870   71.83042 -165.96694     2.7545    30.2236    1455.34  0.000e+00
     11.870   71.83042 -165.96694     2.7565    30.2227    1455.35  0.000e+00
     11.870   71.83042 -165.96694     2.7576    30.2222    1455.35  0.000e+00
     11.870   71.83042 -165.96694     2.7583    30.2229    1455.35  0.000e+00
     11.931   71.83042 -165.96694     2.7592    30.2239    1455.36  0.000e+00
     11.901   71.83042 -165.96694     2.7598    30.2260    1455.36  0.000e+00
     11.931   71.83042 -165.96694     2.7611    30.2272    1455.37  0.000e+00
     11.931   71.83042 -165.96694     2.7620    30.2284    1455.38  0.000e+00
     11.931   71.83042 -165.96694     2.7631    30.2281    1455.38  0.000e+00
     11.931   71.83042 -165.96694     2.7642    30.2265    1455.38  0.000e+00
     11.931   71.83042 -165.96694     2.7650    30.2247    1455.39  0.000e+00
     11.955   71.83042 -165.96694     2.7655    30.2233    1455.39  0.000e+00
     11.985   71.83042 -165.96694     2.7662    30.2214    1455.39  0.000e+00
     11.985   71.83042 -165.96694     2.7659    30.2198    1455.38  0.000e+00
     11.985   71.83042 -165.96694     2.7656    30.2183    1455.38  0.000e+00
     11.931   71.83042 -165.96694     2.7656    30.2190    1455.38  0.000e+00
     11.985   71.83042 -165.96694     2.7655    30.2203    1455.38  0.000e+00
     12.016   71.83042 -165.96694     2.7653    30.2196    1455.38  0.000e+00
     11.985   71.83042 -165.96694     2.7651    30.2188    1455.38  0.000e+00
     11.985   71.83042 -165.96694     2.7648    30.2185    1455.38  0.000e+00
     12.047   71.83042 -165.96694     2.7648    30.2186    1455.38  0.000e+00
     12.047   71.83042 -165.96694     2.7648    30.2185    1455.38  0.000e+00
     12.047   71.83042 -165.96694     2.7648    30.2178    1455.38  0.000e+00
     12.016   71.83042 -165.96694     2.7645    30.2178    1455.38  0.000e+00
     12.047   71.83042 -165.96694     2.7645    30.2177    1455.38  0.000e+00
     12.101   71.83042 -165.96694     2.7643    30.2179    1455.38  0.000e+00
     12.047   71.83042 -165.96694     2.7641    30.2190    1455.38  0.000e+00
     12.101   71.83042 -165.96694     2.7641    30.2203    1455.38  0.000e+00
     12.047   71.83042 -165.96694     2.7639    30.2204    1455.38  0.000e+00
     12.132   71.83042 -165.96694     2.7639    30.2208    1455.38  0.000e+00
     12.101   71.83042 -165.96694     2.7639    30.2204    1455.38  0.000e+00
     12.101   71.83042 -165.96694     2.7641    30.2200    1455.38  0.000e+00
     12.101   71.83042 -165.96694     2.7637    30.2200    1455.38  0.000e+00
     12.101   71.83042 -165.96694     2.7641    30.2204    1455.38  0.000e+00
     12.155   71.83042 -165.96694     2.7642    30.2204    1455.38  0.000e+00
     12.132   71.83042 -165.96694     2.7645    30.2200    1455.38  0.000e+00
     12.155   71.83042 -165.96694     2.7643    30.2192    1455.38  0.000e+00
     12.155   71.83042 -165.96694     2.7643    30.2180    1455.38  0.000e+00
     12.155   71.83042 -165.96694     2.7642    30.2168    1455.38  0.000e+00
     12.155   71.83042 -165.96694     2.7639    30.2165    1455.37  0.000e+00
     12.217   71.83042 -165.96694     2.7639    30.2166    1455.38  0.000e+00
     12.186   71.83042 -165.96694     2.7633    30.2173    1455.37  0.000e+00
     12.155   71.83042 -165.96694     2.7633    30.2147    1455.37  0.000e+00
     12.271   71.83042 -165.96694     2.7629    30.2131    1455.37  0.000e+00
     12.155   71.83042 -165.96694     2.7620    30.2153    1455.36  0.000e+00
     12.271   71.83042 -165.96694     2.7620    30.2176    1455.37  0.000e+00
     12.217   71.83042 -165.96694     2.7620    30.2184    1455.37  0.000e+00
     12.247   71.83042 -165.96694     2.7623    30.2153    1455.37  0.000e+00
     12.217   71.83042 -165.96694     2.7619    30.2101    1455.36  0.000e+00
     12.271   71.83042 -165.96694     2.7612    30.2063    1455.35  0.000e+00
     12.271   71.83042 -165.96694     2.7602    30.2062    1455.35  0.000e+00
     12.271   71.83042 -165.96694     2.7589    30.2067    1455.34  0.000e+00
     12.332   71.83042 -165.96694     2.7575    30.2064    1455.34  0.000e+00
     12.301   71.83042 -165.96694     2.7562    30.2062    1455.33  0.000e+00
     12.332   71.83042 -165.96694     2.7551    30.2062    1455.33  0.000e+00
     12.271   71.83042 -165.96694     2.7543    30.2068    1455.32  0.000e+00
     12.332   71.83042 -165.96694     2.7535    30.2068    1455.32  0.000e+00
     12.332   71.83042 -165.96694     2.7533    30.2075    1455.32  0.000e+00
