EcoFOCI/data/1_SampleCollection/2023_SikuliaqDBO_CruiseData/CTD_raw_BottleFile_SKQ23-12S/proc/skq202312s_010.cnv
* Sea-Bird SBE 9 Data File:
* FileName = D:\CTD\SKQ202312S\SKQ202312S_010.hex
* Software Version Seasave V 7.26.7.121
* Temperature SN = 6177
* Conductivity SN = 0369
* Number of Bytes Per Scan = 41
* Number of Voltage Words = 4
* Number of Scans Averaged by the Deck Unit = 1
* NMEA Latitude = 63 16.77 N
* NMEA Longitude = 173 16.77 W
* NMEA UTC (Time) = Sep 16 2023  15:37:33
* NMEA baud rate = 4800
** Ship: R/V Sikuliaq
** Station Number: 010
** Station Name: DBO1.9
** Bottom Depth: 70
** Operator: SD
# nquan = 24
# nvalues = 5816                                  
# units = specified
# name 0 = depSM: Depth [salt water, m]
# name 1 = latitude: Latitude [deg]
# name 2 = longitude: Longitude [deg]
# name 3 = prDM: Pressure, Digiquartz [db]
# name 4 = t090C: Temperature [ITS-90, deg C]
# name 5 = t190C: Temperature, 2 [ITS-90, deg C]
# name 6 = potemp090C: Potential Temperature [ITS-90, deg C]
# name 7 = sal00: Salinity, Practical [PSU]
# name 8 = sal11: Salinity, Practical, 2 [PSU]
# name 9 = density00: Density [density, kg/m^3]
# name 10 = sigma-é00: Density [sigma-theta, kg/m^3]
# name 11 = sbox0Mm/Kg: Oxygen, SBE 43 [umol/kg]
# name 12 = sbox1Mm/Kg: Oxygen, SBE 43, 2 [umol/kg]
# name 13 = oxsolMm/Kg: Oxygen Saturation, Garcia & Gordon [umol/kg]
# name 14 = sbeox0PS: Oxygen, SBE 43 [% saturation]
# name 15 = sbeox1PS: Oxygen, SBE 43, 2 [% saturation]
# name 16 = v0: Voltage 0
# name 17 = flECO-AFL: Fluorescence, WET Labs ECO-AFL/FL [mg/m^3]
# name 18 = v1: Voltage 1
# name 19 = CStarAt0: Beam Attenuation, WET Labs C-Star [1/m]
# name 20 = par: PAR/Irradiance, Biospherical/Licor
# name 21 = scan: Scan Count
# name 22 = timeM: Time, Elapsed [minutes]
# name 23 = flag:  0.000e+00
# span 0 =      2.299,     64.361                 
# span 1 =   63.27950,   63.27952                 
# span 2 = -173.27952, -173.27950                 
# span 3 =      2.321,     65.000                 
# span 4 =    -1.4908,     7.4874                 
# span 5 =    -1.4897,     7.4875                 
# span 6 =    -1.4916,     7.4864                 
# span 7 =    31.3838,    32.1305                 
# span 8 =    31.3946,    32.1415                 
# span 9 =  1024.5191,  1026.1510                 
# span 10 =    24.5080,    25.8384                
# span 11 =    245.313,    439.527                
# span 12 =    233.348,    411.495                
# span 13 =  298.00874,  370.53946                
# span 14 =     66.478,    123.118                
# span 15 =     63.242,    114.736                
# span 16 =     0.0806,     0.2735                
# span 17 =     0.1355,     1.2930                
# span 18 =     2.9194,     4.2112                
# span 19 =     0.4498,     1.9158                
# span 20 = 1.0000e-12, 8.6111e-01                
# span 21 =          1,       5816                
# span 22 =     0.0000,     4.0382                
# span 23 = 0.0000e+00, 0.0000e+00                
# interval = seconds: 0.0416667
# start_time = Sep 16 2023 15:40:12 [NMEA time, first data scan]
# bad_flag = -9.990e-29
*END*
[from data line 1933]
     12.467   63.27952 -173.27950     12.589     7.4858     7.4870     7.4846    31.3871    31.3969  1024.5671    24.5093    289.701    276.436  298.02053     97.208     92.767     0.1636     0.6337     4.0024     0.6532 1.0000e-12       1934     1.3424  0.000e+00
     12.521   63.27952 -173.27950     12.643     7.4856     7.4866     7.4844    31.3870    31.3973  1024.5673    24.5093    289.916    276.570  298.02210     97.280     92.811     0.1648     0.6410     4.0024     0.6532 1.0000e-12       1935     1.3431  0.000e+00
     12.490   63.27952 -173.27950     12.612     7.4856     7.4867     7.4845    31.3868    31.3967  1024.5670    24.5091    289.775    276.560  298.02224     97.233     92.808     0.1636     0.6337     4.0024     0.6532 1.0000e-12       1936     1.3438  0.000e+00
     12.582   63.27952 -173.27950     12.706     7.4858     7.4864     7.4846    31.3870    31.3970  1024.5675    24.5092    289.801    276.540  298.02080     97.242     92.800     0.1648     0.6410     4.0024     0.6532 1.0000e-12       1937     1.3444  0.000e+00
     12.521   63.27952 -173.27950     12.643     7.4859     7.4866     7.4848    31.3872    31.3970  1024.5674    24.5094    289.823    276.528  298.01929     97.250     92.797     0.1636     0.6337     4.0024     0.6532 1.0000e-12       1938     1.3451  0.000e+00
     12.521   63.27952 -173.27950     12.643     7.4863     7.4860     7.4851    31.3867    31.3972  1024.5670    24.5090    289.821    276.523  298.01794     97.250     92.794     0.1636     0.6337     4.0024     0.6532 1.0000e-12       1939     1.3458  0.000e+00
     12.605   63.27952 -173.27950     12.729     7.4862     7.4858     7.4851    31.3873    31.3974  1024.5678    24.5094    289.824    276.518  298.01705     97.251     92.792     0.1636     0.6337     4.0024     0.6532 1.0000e-12       1940     1.3465  0.000e+00
     12.582   63.27952 -173.27950     12.706     7.4862     7.4858     7.4851    31.3874    31.3971  1024.5678    24.5095    289.849    276.338  298.01679     97.259     92.731     0.1648     0.6410     4.0024     0.6532 1.0000e-12       1941     1.3472  0.000e+00
     12.636   63.27952 -173.27950     12.760     7.4864     7.4851     7.4853    31.3864    31.3969  1024.5673    24.5087    289.852    276.474  298.01757     97.260     92.775     0.1636     0.6337     4.0024     0.6532 1.0000e-12       1942     1.3479  0.000e+00
     12.636   63.27952 -173.27950     12.760     7.4861     7.4848     7.4849    31.3865    31.3969  1024.5674    24.5088    289.856    276.296  298.01974     97.261     92.715     0.1636     0.6337     4.0037     0.6520 1.0000e-12       1943     1.3486  0.000e+00
     12.636   63.27952 -173.27950     12.760     7.4853     7.4843     7.4841    31.3864    31.3965  1024.5674    24.5089    289.863    276.259  298.02535     97.261     92.701     0.1648     0.6410     4.0024     0.6532 1.0000e-12       1944     1.3493  0.000e+00
     12.659   63.27952 -173.27950     12.783     7.4845     7.4837     7.4833    31.3867    31.3964  1024.5678    24.5092    289.870    276.410  298.03026     97.262     92.751     0.1636     0.6337     4.0024     0.6532 1.0000e-12       1945     1.3500  0.000e+00
     12.690   63.27952 -173.27950     12.815     7.4841     7.4837     7.4830    31.3867    31.3963  1024.5680    24.5092    289.875    276.403  298.03262     97.263     92.748     0.1648     0.6410     4.0037     0.6520 1.0000e-12       1946     1.3507  0.000e+00
     12.690   63.27952 -173.27950     12.815     7.4840     7.4836     7.4828    31.3862    31.3961  1024.5676    24.5088    289.878    276.414  298.03479     97.263     92.751     0.1636     0.6337     4.0024     0.6532 1.0000e-12       1947     1.3514  0.000e+00
     12.690   63.27952 -173.27950     12.815     7.4835     7.4834     7.4823    31.3868    31.3963  1024.5682    24.5094    290.070    276.424  298.03687     97.327     92.754     0.1648     0.6410     4.0024     0.6532 1.0000e-12       1948     1.3521  0.000e+00
     12.752   63.27952 -173.27950     12.877     7.4832     7.4832     7.4820    31.3865    31.3965  1024.5683    24.5092    289.912    276.420  298.03934     97.273     92.753     0.1636     0.6337     4.0024     0.6532 1.0000e-12       1949     1.3528  0.000e+00
     12.721   63.27952 -173.27950     12.846     7.4829     7.4832     7.4817    31.3866    31.3965  1024.5683    24.5094    289.913    276.412  298.04115     97.273     92.750     0.1648     0.6410     4.0024     0.6532 1.0000e-12       1950     1.3535  0.000e+00
     12.752   63.27952 -173.27950     12.877     7.4827     7.4831     7.4815    31.3866    31.3969  1024.5684    24.5093    289.915    276.424  298.04262     97.273     92.754     0.1636     0.6337     4.0024     0.6532 1.0000e-12       1951     1.3542  0.000e+00
     12.752   63.27952 -173.27950     12.877     7.4824     7.4831     7.4812    31.3870    31.3967  1024.5688    24.5097    289.917    276.418  298.04374     97.273     92.752     0.1648     0.6410     4.0024     0.6532 1.0000e-12       1952     1.3549  0.000e+00
     12.806   63.27952 -173.27950     12.931     7.4825     7.4831     7.4814    31.3867    31.3968  1024.5688    24.5094    290.107    276.413  298.04340     97.337     92.751     0.1636     0.6337     4.0024     0.6532 1.0000e-12       1953     1.3556  0.000e+00
     12.775   63.27952 -173.27950     12.900     7.4825     7.4836     7.4814    31.3871    31.3969  1024.5690    24.5097    289.940    276.420  298.04256     97.282     92.754     0.1636     0.6337     4.0024     0.6532 1.0000e-12       1954     1.3563  0.000e+00
     12.806   63.27952 -173.27950     12.931     7.4829     7.4837     7.4817    31.3872    31.3972  1024.5692    24.5098    289.938    276.414  298.03986     97.282     92.752     0.1636     0.6337     4.0024     0.6532 1.0000e-12       1955     1.3569  0.000e+00
     12.806   63.27952 -173.27950     12.931     7.4832     7.4837     7.4820    31.3873    31.3968  1024.5692    24.5099    289.934    276.239  298.03761     97.281     92.693     0.1648     0.6410     4.0024     0.6532 1.0000e-12       1956     1.3576  0.000e+00
     12.867   63.27952 -173.27950     12.994     7.4835     7.4839     7.4823    31.3872    31.3967  1024.5693    24.5097    289.934    276.406  298.03599     97.281     92.750     0.1636     0.6337     4.0024     0.6532 1.0000e-12       1957     1.3583  0.000e+00
     12.806   63.27952 -173.27950     12.931     7.4837     7.4840     7.4825    31.3868    31.3972  1024.5687    24.5093    289.930    276.415  298.03546     97.280     92.753     0.1636     0.6337     4.0037     0.6520 1.0000e-12       1958     1.3590  0.000e+00
     12.890   63.27952 -173.27950     13.017     7.4838     7.4840     7.4827    31.3869    31.3972  1024.5692    24.5095    289.930    276.432  298.03409     97.281     92.759     0.1636     0.6337     4.0037     0.6520 1.0000e-12       1959     1.3597  0.000e+00
     12.867   63.27952 -173.27950     12.993     7.4841     7.4842     7.4830    31.3870    31.3971  1024.5691    24.5095    289.926    276.444  298.03183     97.280     92.764     0.1636     0.6337     4.0037     0.6520 1.0000e-12       1960     1.3604  0.000e+00
     12.867   63.27952 -173.27950     12.993     7.4841     7.4837     7.4830    31.3869    31.3973  1024.5690    24.5094    289.925    276.462  298.03215     97.280     92.769     0.1636     0.6337     4.0037     0.6520 1.0000e-12       1961     1.3611  0.000e+00
     12.921   63.27952 -173.27950     13.048     7.4841     7.4836     7.4830    31.3871    31.3969  1024.5694    24.5096    289.926    276.482  298.03164     97.280     92.775     0.1636     0.6337     4.0037     0.6520 1.0000e-12       1962     1.3618  0.000e+00
     12.890   63.27952 -173.27950     13.017     7.4843     7.4834     7.4832    31.3865    31.3969  1024.5688    24.5091    289.923    276.498  298.03161     97.279     92.780     0.1648     0.6410     4.0037     0.6520 1.0000e-12       1963     1.3625  0.000e+00
     12.921   63.27952 -173.27950     13.048     7.4838     7.4834     7.4827    31.3866    31.3967  1024.5691    24.5092    289.927    276.517  298.03485     97.280     92.786     0.1648     0.6410     4.0037     0.6520 1.0000e-12       1964     1.3632  0.000e+00
     12.921   63.27952 -173.27950     13.048     7.4832     7.4834     7.4820    31.3865    31.3963  1024.5691    24.5092    289.931    276.518  298.03950     97.279     92.786     0.1648     0.6410     4.0037     0.6520 1.0000e-12       1965     1.3639  0.000e+00
     12.983   63.27952 -173.27950     13.110     7.4833     7.4837     7.4822    31.3859    31.3962  1024.5689    24.5087    289.932    276.366  298.03973     97.280     92.736     0.1636     0.6337     4.0037     0.6520 1.0000e-12       1966     1.3646  0.000e+00
     12.921   63.27952 -173.27950     13.048     7.4830     7.4837     7.4819    31.3868    31.3967  1024.5693    24.5094    289.929    276.536  298.03990     97.279     92.793     0.1648     0.6410     4.0037     0.6520 1.0000e-12       1967     1.3653  0.000e+00
     13.006   63.27952 -173.27950     13.134     7.4833     7.4839     7.4822    31.3869    31.3967  1024.5697    24.5095    289.929    276.558  298.03766     97.279     92.801     0.1636     0.6337     4.0037     0.6520 1.0000e-12       1968     1.3660  0.000e+00
     12.983   63.27952 -173.27950     13.110     7.4833     7.4839     7.4822    31.3873    31.3967  1024.5700    24.5098    289.900    276.560  298.03675     97.270     92.801     0.1648     0.6410     4.0037     0.6520 1.0000e-12       1969     1.3667  0.000e+00
     12.983   63.27952 -173.27950     13.110     7.4835     7.4839     7.4823    31.3873    31.3970  1024.5700    24.5098    289.708    276.393  298.03562     97.206     92.745     0.1636     0.6337     4.0037     0.6520 1.0000e-12       1970     1.3674  0.000e+00
     13.037   63.27952 -173.27950     13.165     7.4838     7.4840     7.4827    31.3874    31.3971  1024.5703    24.5098    289.870    276.569  298.03303     97.261     92.805     0.1648     0.6410     4.0037     0.6520 1.0000e-12       1971     1.3681  0.000e+00
     13.006   63.27952 -173.27950     13.133     7.4841     7.4840     7.4830    31.3875    31.3969  1024.5702    24.5099    289.865    276.573  298.03075     97.260     92.806     0.1636     0.6337     4.0037     0.6520 1.0000e-12       1972     1.3687  0.000e+00
     13.037   63.27952 -173.27950     13.165     7.4845     7.4842     7.4833    31.3871    31.3965  1024.5699    24.5095    289.864    276.578  298.02943     97.260     92.808     0.1636     0.6337     4.0037     0.6520 1.0000e-12       1973     1.3694  0.000e+00
     13.037   63.27952 -173.27950     13.165     7.4850     7.4839     7.4838    31.3869    31.3969  1024.5697    24.5093    289.859    276.584  298.02630     97.260     92.810     0.1636     0.6337     4.0037     0.6520 1.0000e-12       1974     1.3701  0.000e+00
     13.037   63.27952 -173.27950     13.165     7.4851     7.4837     7.4839    31.3867    31.3965  1024.5695    24.5091    289.857    276.591  298.02574     97.259     92.811     0.1648     0.6410     4.0037     0.6520 1.0000e-12       1975     1.3708  0.000e+00
     13.060   63.27952 -173.27950     13.188     7.4851     7.4837     7.4839    31.3870    31.3964  1024.5698    24.5093    289.668    276.597  298.02520     97.196     92.813     0.1661     0.6483     4.0037     0.6520 1.0000e-12       1976     1.3715  0.000e+00
     13.091   63.27952 -173.27950     13.219     7.4853     7.4834     7.4841    31.3872    31.3966  1024.5702    24.5095    289.831    276.605  298.02362     97.251     92.815     0.1673     0.6557     4.0037     0.6520 1.0000e-12       1977     1.3722  0.000e+00
     13.091   63.27952 -173.27950     13.219     7.4850     7.4834     7.4838    31.3868    31.3964  1024.5698    24.5092    289.834    276.610  298.02668     97.251     92.817     0.1661     0.6483     4.0037     0.6520 1.0000e-12       1978     1.3729  0.000e+00
     13.091   63.27952 -173.27950     13.219     7.4848     7.4834     7.4836    31.3867    31.3968  1024.5698    24.5091    290.024    276.614  298.02820     97.314     92.818     0.1661     0.6483     4.0037     0.6520 1.0000e-12       1979     1.3736  0.000e+00
     13.091   63.27952 -173.27950     13.219     7.4843     7.4834     7.4831    31.3865    31.3968  1024.5697    24.5090    289.675    276.619  298.03173     97.196     92.820     0.1661     0.6483     4.0037     0.6520 1.0000e-12       1980     1.3743  0.000e+00
     13.121   63.27952 -173.27950     13.250     7.4838     7.4837     7.4826    31.3865    31.3965  1024.5699    24.5091    289.817    276.623  298.03505     97.243     92.822     0.1661     0.6483     4.0037     0.6520 1.0000e-12       1981     1.3750  0.000e+00
     13.152   63.27952 -173.27950     13.281     7.4830     7.4836     7.4818    31.3867    31.3971  1024.5704    24.5094    289.822    276.628  298.03997     97.243     92.824     0.1673     0.6557     4.0024     0.6532 1.0000e-12       1982     1.3757  0.000e+00
     13.152   63.27952 -173.27950     13.281     7.4825     7.4834     7.4813    31.3872    31.3967  1024.5708    24.5098    289.824    276.618  298.04237     97.242     92.820     0.1661     0.6483     4.0037     0.6520 1.0000e-12       1983     1.3764  0.000e+00
     13.090   63.27952 -173.27950     13.219     7.4824     7.4832     7.4812    31.3873    31.3971  1024.5706    24.5099    289.848    276.620  298.04319     97.250     92.821     0.1673     0.6557     4.0037     0.6520 1.0000e-12       1984     1.3771  0.000e+00
     13.121   63.27952 -173.27950     13.250     7.4825     7.4829     7.4813    31.3873    31.3970  1024.5707    24.5099    289.659    276.628  298.04218     97.187     92.822     0.1661     0.6483     4.0037     0.6520 1.0000e-12       1985     1.3778  0.000e+00
     13.206   63.27952 -173.27950     13.336     7.4827     7.4829     7.4815    31.3867    31.3964  1024.5706    24.5094    289.827    276.636  298.04235     97.243     92.825     0.1673     0.6557     4.0024     0.6532 1.0000e-12       1986     1.3785  0.000e+00
     13.152   63.27952 -173.27950     13.281     7.4827     7.4827     7.4815    31.3869    31.3964  1024.5705    24.5096    289.637    276.640  298.04205     97.180     92.826     0.1661     0.6483     4.0037     0.6520 1.0000e-12       1987     1.3792  0.000e+00
     13.152   63.27952 -173.27950     13.281     7.4827     7.4827     7.4815    31.3869    31.3960  1024.5706    24.5096    289.614    276.645  298.04189     97.172     92.827     0.1673     0.6557     4.0037     0.6520 1.0000e-12       1988     1.3799  0.000e+00
     13.237   63.27952 -173.27950     13.367     7.4827     7.4824     7.4815    31.3867    31.3965  1024.5707    24.5094    289.784    276.653  298.04246     97.229     92.829     0.1661     0.6483     4.0024     0.6532 1.0000e-12       1989     1.3806  0.000e+00
     13.206   63.27952 -173.27950     13.336     7.4827     7.4826     7.4815    31.3863    31.3963  1024.5703    24.5091    289.598    276.638  298.04323     97.167     92.825     0.1673     0.6557     4.0024     0.6532 1.0000e-12       1990     1.3813  0.000e+00
     13.206   63.27952 -173.27950     13.336     7.4827     7.4824     7.4815    31.3865    31.3966  1024.5705    24.5093    289.577    276.812  298.04283     97.159     92.883     0.1661     0.6483     4.0037     0.6520 1.0000e-12       1991     1.3819  0.000e+00
     13.206   63.27952 -173.27950     13.336     7.4827     7.4826     7.4815    31.3864    31.3965  1024.5704    24.5092    289.557    276.814  298.04307     97.153     92.884     0.1661     0.6483     4.0037     0.6520 1.0000e-12       1992     1.3826  0.000e+00
