EcoFOCI/data/1_SampleCollection/2023_SikuliaqDBO_CruiseData/CTD_raw_BottleFile_SKQ23-12S/proc/skq202312s_011.cnv
* Sea-Bird SBE 9 Data File:
* FileName = D:\CTD\SKQ202312S\SKQ202312S_011.hex
* Software Version Seasave V 7.26.7.121
* Temperature SN = 6177
* Conductivity SN = 0369
* Number of Bytes Per Scan = 41
* Number of Voltage Words = 4
* Number of Scans Averaged by the Deck Unit = 1
* NMEA Latitude = 63 36.26 N
* NMEA Longitude = 172 35.70 W
* NMEA UTC (Time) = Sep 16 2023  18:45:33
* NMEA baud rate = 4800
** Ship: R/V Sikuliaq
** Station Number: 011
** Station Name: DBO1.10
** Bottom Depth: 53
** Operator: SD
# nquan = 24
# nvalues = 4826                                  
# units = specified
# name 0 = depSM: Depth [salt water, m]
# name 1 = latitude: Latitude [deg]
# name 2 = longitude: Longitude [deg]
# name 3 = prDM: Pressure, Digiquartz [db]
# name 4 = t090C: Temperature [ITS-90, deg C]
# name 5 = t190C: Temperature, 2 [ITS-90, deg C]
# name 6 = potemp090C: Potential Temperature [ITS-90, deg C]
# name 7 = sal00: Salinity, Practical [PSU]
# name 8 = sal11: Salinity, Practical, 2 [PSU]
# name 9 = density00: Density [density, kg/m^3]
# name 10 = sigma-é00: Density [sigma-theta, kg/m^3]
# name 11 = sbox0Mm/Kg: Oxygen, SBE 43 [umol/kg]
# name 12 = sbox1Mm/Kg: Oxygen, SBE 43, 2 [umol/kg]
# name 13 = oxsolMm/Kg: Oxygen Saturation, Garcia & Gordon [umol/kg]
# name 14 = sbeox0PS: Oxygen, SBE 43 [% saturation]
# name 15 = sbeox1PS: Oxygen, SBE 43, 2 [% saturation]
# name 16 = v0: Voltage 0
# name 17 = flECO-AFL: Fluorescence, WET Labs ECO-AFL/FL [mg/m^3]
# name 18 = v1: Voltage 1
# name 19 = CStarAt0: Beam Attenuation, WET Labs C-Star [1/m]
# name 20 = par: PAR/Irradiance, Biospherical/Licor
# name 21 = scan: Scan Count
# name 22 = timeM: Time, Elapsed [minutes]
# name 23 = flag:  0.000e+00
# span 0 =      1.795,     48.538                 
# span 1 =   63.60454,   63.60480                 
# span 2 = -172.59616, -172.59548                 
# span 3 =      1.813,     49.020                 
# span 4 =    -0.1031,     7.7200                 
# span 5 =    -0.1049,     7.7198                 
# span 6 =    -0.1046,     7.7187                 
# span 7 =    31.6487,    32.4655                 
# span 8 =    31.6485,    32.4726                 
# span 9 =  1024.6986,  1026.2796                 
# span 10 =    24.6842,    26.0462                
# span 11 =    234.728,    330.499                
# span 12 =    222.704,    313.854                
# span 13 =  295.71660,  356.04584                
# span 14 =     66.356,    100.109                
# span 15 =     63.052,     95.134                
# span 16 =     0.0830,     0.2979                
# span 17 =     0.1502,     1.4395                
# span 18 =     3.7021,     4.2051                
# span 19 =     0.4556,     0.9654                
# span 20 = 4.4764e-01, 6.1078e+02                
# span 21 =          1,       4826                
# span 22 =     0.0000,     3.3507                
# span 23 = 0.0000e+00, 0.0000e+00                
# interval = seconds: 0.0416667
# start_time = Sep 16 2023 18:47:53 [NMEA time, first data scan]
# bad_flag = -9.990e-29
*END*
[from data line 846]
      6.149   63.60462 -172.59560      6.209     7.7071     7.7072     7.7066    31.6565    31.6662  1024.7188    24.6904    282.725    268.692  295.94382     95.533     90.798     0.2015     0.8608     4.0085     0.6471 1.6469e+02        847     0.5875  0.000e+00
      6.203   63.60462 -172.59560      6.263     7.7066     7.7073     7.7061    31.6565    31.6667  1024.7191    24.6904    282.738    268.690  295.94719     95.537     90.798     0.2002     0.8535     4.0085     0.6471 1.6285e+02        848     0.5882  0.000e+00
      6.256   63.60462 -172.59560      6.318     7.7063     7.7078     7.7057    31.6565    31.6667  1024.7195    24.6905    282.750    268.855  295.94946     95.540     90.855     0.2015     0.8608     4.0085     0.6471 1.6194e+02        849     0.5889  0.000e+00
      6.202   63.60462 -172.59560      6.263     7.7061     7.7078     7.7056    31.6564    31.6666  1024.7191    24.6904    282.755    268.868  295.95067     95.541     90.859     0.2015     0.8608     4.0085     0.6471 1.6148e+02        850     0.5896  0.000e+00
      6.202   63.60462 -172.59560      6.263     7.7063     7.7082     7.7057    31.6568    31.6669  1024.7195    24.6908    282.759    268.710  295.94876     95.543     90.807     0.2051     0.8828     4.0085     0.6471 1.5700e+02        851     0.5903  0.000e+00
      6.256   63.60462 -172.59560      6.318     7.7060     7.7078     7.7054    31.6571    31.6667  1024.7199    24.6910    282.766    268.882  295.95023     95.545     90.864     0.2051     0.8828     4.0085     0.6471 1.5351e+02        852     0.5910  0.000e+00
      6.287   63.60462 -172.59560      6.349     7.7061     7.7080     7.7056    31.6566    31.6665  1024.7197    24.6906    282.771    268.728  295.95027     95.547     90.812     0.2063     0.8901     4.0085     0.6471 1.5264e+02        853     0.5917  0.000e+00
      6.256   63.60462 -172.59560      6.318     7.7063     7.7076     7.7057    31.6564    31.6667  1024.7194    24.6904    282.771    268.897  295.94962     95.547     90.869     0.2051     0.8828     4.0085     0.6471 1.5009e+02        854     0.5924  0.000e+00
      6.318   63.60462 -172.59560      6.380     7.7061     7.7075     7.7056    31.6568    31.6664  1024.7200    24.6908    282.774    268.730  295.94982     95.548     90.812     0.2063     0.8901     4.0085     0.6471 1.4716e+02        855     0.5931  0.000e+00
      6.318   63.60462 -172.59560      6.380     7.7064     7.7075     7.7058    31.6570    31.6666  1024.7201    24.6909    282.772    268.713  295.94737     95.548     90.806     0.2051     0.8828     4.0085     0.6471 1.4675e+02        856     0.5938  0.000e+00
      6.372   63.60462 -172.59560      6.435     7.7066     7.7072     7.7060    31.6567    31.6667  1024.7201    24.6906    282.772    268.716  295.94664     95.548     90.806     0.2051     0.8828     4.0110     0.6447 1.4429e+02        857     0.5944  0.000e+00
      6.318   63.60462 -172.59560      6.380     7.7063     7.7071     7.7057    31.6572    31.6667  1024.7202    24.6910    282.744    268.883  295.94807     95.538     90.863     0.2051     0.8828     4.0122     0.6435 1.4068e+02        858     0.5951  0.000e+00
      6.372   63.60462 -172.59560      6.435     7.7061     7.7069     7.7055    31.6568    31.6664  1024.7202    24.6907    282.743    268.903  295.94995     95.538     90.869     0.2051     0.8828     4.0122     0.6435 1.3950e+02        859     0.5958  0.000e+00
      6.372   63.60462 -172.59560      6.435     7.7058     7.7070     7.7052    31.6564    31.6664  1024.7200    24.6905    282.741    269.088  295.95273     95.536     90.932     0.2051     0.8828     4.0122     0.6435 1.3911e+02        860     0.5965  0.000e+00
      6.434   63.60462 -172.59560      6.497     7.7060     7.7069     7.7054    31.6565    31.6665  1024.7203    24.6906    282.736    268.953  295.95144     95.535     90.886     0.2051     0.8828     4.0122     0.6435 1.3794e+02        861     0.5972  0.000e+00
      6.372   63.60462 -172.59560      6.435     7.7061     7.7070     7.7055    31.6566    31.6665  1024.7200    24.6906    282.725    268.949  295.95036     95.531     90.885     0.2039     0.8754     4.0110     0.6447 1.3755e+02        862     0.5979  0.000e+00
      6.434   63.60462 -172.59560      6.497     7.7060     7.7070     7.7054    31.6572    31.6664  1024.7209    24.6911    282.719    268.949  295.94992     95.529     90.885     0.2051     0.8828     4.0122     0.6435 1.3717e+02        863     0.5986  0.000e+00
      6.465   63.60462 -172.59560      6.528     7.7063     7.7070     7.7057    31.6568    31.6662  1024.7206    24.6907    282.710    269.133  295.94886     95.527     90.947     0.2063     0.8901     4.0110     0.6447 1.3525e+02        864     0.5993  0.000e+00
      6.488   63.60462 -172.59560      6.551     7.7063     7.7070     7.7057    31.6567    31.6666  1024.7206    24.6906    282.700    269.163  295.94912     95.523     90.957     0.2051     0.8828     4.0122     0.6435 1.3449e+02        865     0.6000  0.000e+00
      6.488   63.60462 -172.59560      6.551     7.7060     7.7071     7.7054    31.6565    31.6664  1024.7206    24.6905    282.691    269.175  295.95150     95.520     90.961     0.2063     0.8901     4.0110     0.6447 1.3411e+02        866     0.6007  0.000e+00
      6.488   63.60462 -172.59560      6.551     7.7060     7.7072     7.7054    31.6564    31.6662  1024.7205    24.6904    282.679    269.185  295.95174     95.515     90.965     0.2051     0.8828     4.0122     0.6435 1.3002e+02        867     0.6014  0.000e+00
      6.488   63.60462 -172.59560      6.551     7.7058     7.7070     7.7052    31.6569    31.6669  1024.7209    24.6908    282.479    269.211  295.95172     95.448     90.974     0.2051     0.8828     4.0122     0.6435 1.2821e+02        868     0.6021  0.000e+00
      6.549   63.60462 -172.59560      6.614     7.7060     7.7070     7.7054    31.6567    31.6663  1024.7210    24.6907    282.629    269.240  295.95116     95.499     90.983     0.2051     0.8828     4.0110     0.6447 1.2821e+02        869     0.6028  0.000e+00
      6.549   63.60462 -172.59560      6.614     7.7060     7.7070     7.7054    31.6566    31.6665  1024.7209    24.6906    282.802    269.265  295.95124     95.557     90.991     0.2063     0.8901     4.0122     0.6435 1.2535e+02        870     0.6035  0.000e+00
      6.549   63.60462 -172.59560      6.614     7.7060     7.7065     7.7054    31.6568    31.6667  1024.7211    24.6908    282.623    269.275  295.95076     95.497     90.994     0.2051     0.8828     4.0122     0.6435 1.2360e+02        871     0.6042  0.000e+00
      6.549   63.60462 -172.59560      6.614     7.7061     7.7069     7.7055    31.6570    31.6662  1024.7212    24.6909    282.604    269.279  295.94949     95.491     90.996     0.2051     0.8828     4.0110     0.6447 1.2360e+02        872     0.6049  0.000e+00
      6.603   63.60462 -172.59560      6.668     7.7061     7.7067     7.7055    31.6565    31.6664  1024.7211    24.6905    282.588    269.304  295.95042     95.485     91.004     0.2051     0.8828     4.0110     0.6447 1.2326e+02        873     0.6056  0.000e+00
      6.572   63.60462 -172.59560      6.637     7.7064     7.7067     7.7058    31.6562    31.6661  1024.7206    24.6902    282.566    269.324  295.94922     95.478     91.011     0.2051     0.8828     4.0122     0.6435 1.2326e+02        874     0.6062  0.000e+00
      6.603   63.60462 -172.59560      6.668     7.7063     7.7065     7.7057    31.6565    31.6666  1024.7211    24.6905    282.360    269.345  295.94940     95.408     91.018     0.2051     0.8828     4.0122     0.6435 1.2291e+02        875     0.6069  0.000e+00
      6.603   63.60462 -172.59560      6.668     7.7063     7.7065     7.7057    31.6560    31.6663  1024.7206    24.6901    282.503    269.534  295.95068     95.456     91.081     0.2051     0.8828     4.0110     0.6447 1.2291e+02        876     0.6076  0.000e+00
      6.657   63.60462 -172.59560      6.723     7.7064     7.7067     7.7058    31.6556    31.6665  1024.7206    24.6898    282.483    269.569  295.95042     95.449     91.094     0.2063     0.8901     4.0122     0.6435 1.2256e+02        877     0.6083  0.000e+00
      6.657   63.60462 -172.59560      6.723     7.7065     7.7067     7.7059    31.6553    31.6666  1024.7203    24.6895    282.833    269.601  295.95075     95.568     91.105     0.2063     0.8901     4.0134     0.6423 1.2222e+02        878     0.6090  0.000e+00
      6.657   63.60462 -172.59560      6.723     7.7066     7.7065     7.7060    31.6553    31.6665  1024.7203    24.6895    282.296    269.465  295.94972     95.387     91.058     0.2076     0.8974     4.0134     0.6423 1.2222e+02        879     0.6097  0.000e+00
      6.603   63.60462 -172.59560      6.668     7.7065     7.7064     7.7059    31.6556    31.6664  1024.7203    24.6897    282.270    269.479  295.95014     95.378     91.063     0.2063     0.8901     4.0134     0.6423 1.2188e+02        880     0.6104  0.000e+00
      6.719   63.60462 -172.59560      6.785     7.7066     7.7064     7.7060    31.6554    31.6665  1024.7207    24.6896    282.436    269.497  295.94954     95.434     91.069     0.2076     0.8974     4.0134     0.6423 1.2222e+02        881     0.6111  0.000e+00
      6.657   63.60462 -172.59560      6.723     7.7066     7.7067     7.7060    31.6556    31.6665  1024.7206    24.6898    282.435    269.658  295.94900     95.434     91.124     0.2063     0.8901     4.0134     0.6423 1.2291e+02        882     0.6118  0.000e+00
      6.719   63.60462 -172.59560      6.785     7.7066     7.7067     7.7060    31.6556    31.6664  1024.7208    24.6898    282.438    269.672  295.94906     95.435     91.128     0.2076     0.8974     4.0134     0.6423 1.2395e+02        883     0.6125  0.000e+00
      6.603   63.60462 -172.59560      6.668     7.7066     7.7067     7.7060    31.6557    31.6664  1024.7204    24.6898    282.435    269.693  295.94887     95.434     91.135     0.2063     0.8901     4.0134     0.6423 1.2430e+02        884     0.6132  0.000e+00
      6.804   63.60462 -172.59560      6.871     7.7064     7.7069     7.7058    31.6539    31.6667  1024.7200    24.6885    282.448    269.722  295.95401     95.436     91.146     0.2063     0.8901     4.0134     0.6423 1.2535e+02        885     0.6139  0.000e+00
      6.719   63.60462 -172.59560      6.785     7.7068     7.7068     7.7062    31.6547    31.6669  1024.7201    24.6890    282.442    269.725  295.95004     95.436     91.147     0.2063     0.8901     4.0134     0.6423 1.2857e+02        886     0.6146  0.000e+00
      6.719   63.60462 -172.59560      6.785     7.7068     7.7069     7.7062    31.6553    31.6665  1024.7205    24.6895    282.442    269.730  295.94884     95.436     91.148     0.2076     0.8974     4.0134     0.6423 1.3002e+02        887     0.6153  0.000e+00
      6.719   63.60462 -172.59560      6.785     7.7068     7.7067     7.7062    31.6554    31.6664  1024.7207    24.6896    282.443    269.733  295.94852     95.436     91.149     0.2063     0.8901     4.0134     0.6423 1.3002e+02        888     0.6160  0.000e+00
      6.719   63.60462 -172.59560      6.785     7.7070     7.7068     7.7064    31.6551    31.6664  1024.7204    24.6893    282.443    269.732  295.94781     95.437     91.149     0.2063     0.8901     4.0134     0.6423 1.3039e+02        889     0.6167  0.000e+00
      6.773   63.60462 -172.59560      6.839     7.7068     7.7069     7.7062    31.6548    31.6666  1024.7204    24.6891    282.261    269.900  295.94985     95.375     91.206     0.2051     0.8828     4.0134     0.6423 1.3076e+02        890     0.6174  0.000e+00
      6.719   63.60462 -172.59560      6.785     7.7066     7.7070     7.7060    31.6553    31.6664  1024.7206    24.6895    282.237    269.909  295.94986     95.366     91.209     0.2063     0.8901     4.0134     0.6423 1.3039e+02        891     0.6181  0.000e+00
      6.773   63.60462 -172.59560      6.839     7.7068     7.7069     7.7062    31.6550    31.6664  1024.7206    24.6893    282.217    269.921  295.94937     95.360     91.213     0.2051     0.8828     4.0134     0.6423 1.2749e+02        892     0.6188  0.000e+00
      6.719   63.60462 -172.59560      6.785     7.7065     7.7071     7.7059    31.6550    31.6660  1024.7204    24.6893    282.196    269.924  295.95137     95.352     91.214     0.2063     0.8901     4.0134     0.6423 1.2606e+02        893     0.6194  0.000e+00
      6.773   63.60462 -172.59560      6.839     7.7066     7.7070     7.7060    31.6550    31.6657  1024.7206    24.6893    282.364    270.100  295.95040     95.409     91.273     0.2051     0.8828     4.0134     0.6423 1.2571e+02        894     0.6201  0.000e+00
      6.804   63.60462 -172.59560      6.871     7.7063     7.7072     7.7057    31.6550    31.6655  1024.7208    24.6893    282.373    269.964  295.95280     95.411     91.227     0.2076     0.8974     4.0134     0.6423 1.2642e+02        895     0.6208  0.000e+00
      6.719   63.60462 -172.59560      6.785     7.7065     7.7072     7.7059    31.6549    31.6650  1024.7203    24.6892    282.374    270.129  295.95161     95.412     91.283     0.2076     0.8974     4.0134     0.6423 1.2677e+02        896     0.6215  0.000e+00
      6.773   63.60462 -172.59560      6.839     7.7061     7.7070     7.7055    31.6549    31.6651  1024.7206    24.6892    282.383    270.143  295.95403     95.415     91.287     0.2063     0.8901     4.0147     0.6410 1.2677e+02        897     0.6222  0.000e+00
      6.773   63.60462 -172.59560      6.839     7.7061     7.7072     7.7055    31.6551    31.6649  1024.7207    24.6894    282.388    270.166  295.95355     95.416     91.295     0.2076     0.8974     4.0159     0.6398 1.2929e+02        898     0.6229  0.000e+00
      6.773   63.60462 -172.59560      6.839     7.7063     7.7070     7.7057    31.6547    31.6646  1024.7204    24.6891    282.206    270.189  295.95333     95.355     91.303     0.2063     0.8901     4.0147     0.6410 1.3150e+02        899     0.6236  0.000e+00
      6.773   63.60462 -172.59560      6.839     7.7061     7.7070     7.7055    31.6549    31.6646  1024.7206    24.6893    282.375    270.191  295.95387     95.412     91.303     0.2063     0.8901     4.0147     0.6410 1.3187e+02        900     0.6243  0.000e+00
      6.773   63.60462 -172.59560      6.839     7.7063     7.7068     7.7057    31.6549    31.6649  1024.7206    24.6892    282.194    270.207  295.95301     95.351     91.308     0.2063     0.8901     4.0159     0.6398 1.3299e+02        901     0.6250  0.000e+00
      6.835   63.60462 -172.59560      6.902     7.7063     7.7069     7.7057    31.6553    31.6643  1024.7211    24.6895    282.364    270.375  295.95219     95.409     91.365     0.2039     0.8754     4.0147     0.6410 1.3411e+02        902     0.6257  0.000e+00
      6.773   63.60462 -172.59560      6.839     7.7064     7.7069     7.7058    31.6550    31.6646  1024.7207    24.6893    282.368    270.397  295.95166     95.410     91.373     0.2015     0.8608     4.0147     0.6410 1.3449e+02        903     0.6264  0.000e+00
      6.719   63.60462 -172.59560      6.785     7.7063     7.7070     7.7057    31.6551    31.6643  1024.7205    24.6894    282.374    270.569  295.95247     95.412     91.431     0.2015     0.8608     4.0147     0.6410 1.3449e+02        904     0.6271  0.000e+00
      6.804   63.60462 -172.59560      6.870     7.7066     7.7068     7.7060    31.6552    31.6643  1024.7209    24.6894    282.196    270.589  295.94995     95.352     91.437     0.2015     0.8608     4.0147     0.6410 1.3449e+02        905     0.6278  0.000e+00
