EcoFOCI/data/1_SampleCollection/2023_SikuliaqDBO_CruiseData/CTD_raw_BottleFile_SKQ23-12S/proc/skq202312s_021svpavg.cnv
* Sea-Bird SBE 9 Data File:
* FileName = D:\CTD\SKQ202312S\SKQ202312S_021.hex
* Software Version Seasave V 7.26.7.121
* Temperature SN = 6177
* Conductivity SN = 0369
* Number of Bytes Per Scan = 41
* Number of Voltage Words = 4
* Number of Scans Averaged by the Deck Unit = 1
* NMEA Latitude = 64 59.46 N
* NMEA Longitude = 169 08.29 W
* NMEA UTC (Time) = Sep 18 2023  02:53:31
* NMEA baud rate = 4800
** Ship: R/V Sikuliaq
** Station Number: 021
** Station Name: DBO2.5
** Bottom Depth: 48
** Operator: SS
# nquan = 7
# nvalues = 42                          
# units = specified
# name 0 = depSM: Depth [salt water, m]
# name 1 = latitude: Latitude [deg]
# name 2 = longitude: Longitude [deg]
# name 3 = t090C: Temperature [ITS-90, deg C]
# name 4 = sal00: Salinity, Practical [PSU]
# name 5 = svCM: Sound Velocity [Chen-Millero, m/s]
# name 6 = flag: flag
# span 0 =      2.000,     43.000       
# span 1 =   64.99130,   64.99150       
# span 2 = -169.13860, -169.13847       
# span 3 =     2.0857,     3.2701       
# span 4 =    32.2576,    32.8636       
# span 5 =    1454.90,    1461.21       
# span 6 = 0.0000e+00, 0.0000e+00       
# interval = meters: 1                  
# start_time = Sep 18 2023 02:57:41 [NMEA time, first data scan]
# bad_flag = -9.990e-29
*END*
      2.000   64.99130 -169.13848     2.0857    32.2576    1454.90 0.0000e+00
      3.000   64.99132 -169.13847     2.2428    32.3307    1455.71 0.0000e+00
      4.000   64.99133 -169.13848     2.1865    32.2981    1455.43 0.0000e+00
      5.000   64.99134 -169.13848     2.1873    32.2942    1455.45 0.0000e+00
      6.000   64.99135 -169.13848     2.4300    32.3956    1456.66 0.0000e+00
      7.000   64.99136 -169.13848     2.6689    32.5264    1457.88 0.0000e+00
      8.000   64.99136 -169.13848     2.7613    32.5723    1458.36 0.0000e+00
      9.000   64.99138 -169.13848     2.8660    32.5997    1458.86 0.0000e+00
     10.000   64.99138 -169.13848     2.8755    32.6334    1458.96 0.0000e+00
     11.000   64.99138 -169.13848     2.9077    32.6483    1459.14 0.0000e+00
     12.000   64.99140 -169.13850     2.8712    32.6546    1459.01 0.0000e+00
     13.000   64.99140 -169.13849     2.8496    32.6585    1458.93 0.0000e+00
     14.000   64.99140 -169.13850     2.7989    32.6589    1458.73 0.0000e+00
     15.000   64.99140 -169.13850     2.7664    32.6596    1458.61 0.0000e+00
     16.000   64.99140 -169.13850     2.7604    32.6597    1458.60 0.0000e+00
     17.000   64.99140 -169.13850     2.7752    32.6639    1458.69 0.0000e+00
     18.000   64.99142 -169.13850     2.7821    32.6649    1458.73 0.0000e+00
     19.000   64.99142 -169.13850     2.7754    32.6658    1458.72 0.0000e+00
     20.000   64.99142 -169.13850     2.7692    32.6667    1458.71 0.0000e+00
     21.000   64.99142 -169.13851     2.7440    32.6694    1458.62 0.0000e+00
     22.000   64.99142 -169.13852     2.7578    32.6768    1458.71 0.0000e+00
     23.000   64.99142 -169.13852     2.8751    32.6946    1459.26 0.0000e+00
     24.000   64.99142 -169.13852     2.9837    32.7073    1459.76 0.0000e+00
     25.000   64.99142 -169.13852     3.1290    32.7256    1460.42 0.0000e+00
     26.000   64.99144 -169.13852     3.1834    32.7324    1460.68 0.0000e+00
     27.000   64.99144 -169.13853     3.1834    32.7466    1460.71 0.0000e+00
     28.000   64.99144 -169.13854     3.1852    32.7496    1460.74 0.0000e+00
     29.000   64.99144 -169.13854     3.1861    32.7501    1460.76 0.0000e+00
     30.000   64.99144 -169.13854     3.1856    32.7503    1460.77 0.0000e+00
     31.000   64.99144 -169.13854     3.1827    32.7511    1460.78 0.0000e+00
     32.000   64.99144 -169.13855     3.2476    32.7649    1461.09 0.0000e+00
     33.000   64.99146 -169.13856     3.2701    32.7701    1461.21 0.0000e+00
     34.000   64.99146 -169.13856     3.2652    32.7715    1461.21 0.0000e+00
     35.000   64.99146 -169.13856     3.2456    32.7766    1461.15 0.0000e+00
     36.000   64.99146 -169.13856     3.2143    32.7857    1461.04 0.0000e+00
     37.000   64.99146 -169.13857     3.1938    32.7899    1460.98 0.0000e+00
     38.000   64.99147 -169.13858     3.1834    32.7932    1460.95 0.0000e+00
     39.000   64.99150 -169.13860     3.1753    32.7964    1460.94 0.0000e+00
     40.000   64.99150 -169.13860     3.1766    32.7966    1460.96 0.0000e+00
     41.000   64.99150 -169.13860     3.1969    32.8089    1461.08 0.0000e+00
     42.000   64.99150 -169.13860     3.1695    32.8309    1461.01 0.0000e+00
     43.000   64.99150 -169.13860     3.0878    32.8636    1460.72 0.0000e+00
