EcoFOCI/data/1_SampleCollection/2023_SikuliaqDBO_CruiseData/CTD_raw_BottleFile_SKQ23-12S/proc/skq202312s_027avg.cnv
* Sea-Bird SBE 9 Data File:
* FileName = D:\CTD\SKQ202312S\SKQ202312S_027.hex
* Software Version Seasave V 7.26.7.121
* Temperature SN = 6177
* Conductivity SN = 0369
* Number of Bytes Per Scan = 41
* Number of Voltage Words = 4
* Number of Scans Averaged by the Deck Unit = 1
* NMEA Latitude = 71 19.80 N
* NMEA Longitude = 157 19.91 W
* NMEA UTC (Time) = Sep 21 2023  01:08:33
* NMEA baud rate = 4800
** Ship: R/V Sikuliaq
** Station Number: 027
** Station Name: DBO5.3
** Bottom Depth: 91
** Operator: SD
# nquan = 25
# nvalues = 83                          
# units = specified
# name 0 = depSM: Depth [salt water, m]
# name 1 = latitude: Latitude [deg]
# name 2 = longitude: Longitude [deg]
# name 3 = prDM: Pressure, Digiquartz [db]
# name 4 = t090C: Temperature [ITS-90, deg C]
# name 5 = t190C: Temperature, 2 [ITS-90, deg C]
# name 6 = potemp090C: Potential Temperature [ITS-90, deg C]
# name 7 = sal00: Salinity, Practical [PSU]
# name 8 = sal11: Salinity, Practical, 2 [PSU]
# name 9 = density00: Density [density, kg/m^3]
# name 10 = sigma-é00: Density [sigma-theta, kg/m^3]
# name 11 = sbox0Mm/Kg: Oxygen, SBE 43 [umol/kg]
# name 12 = sbox1Mm/Kg: Oxygen, SBE 43, 2 [umol/kg]
# name 13 = oxsolMm/Kg: Oxygen Saturation, Garcia & Gordon [umol/kg]
# name 14 = sbeox0PS: Oxygen, SBE 43 [% saturation]
# name 15 = sbeox1PS: Oxygen, SBE 43, 2 [% saturation]
# name 16 = v0: Voltage 0
# name 17 = flECO-AFL: Fluorescence, WET Labs ECO-AFL/FL [mg/m^3]
# name 18 = v1: Voltage 1
# name 19 = CStarAt0: Beam Attenuation, WET Labs C-Star [1/m]
# name 20 = par: PAR/Irradiance, Biospherical/Licor
# name 21 = scan: Scan Count
# name 22 = timeM: Time, Elapsed [minutes]
# name 23 = nbin: number of scans per bin
# name 24 = flag: flag
# span 0 =      3.959,     85.105       
# span 1 =   71.32992,   71.32999       
# span 2 = -157.33170, -157.33125       
# span 3 =      4.000,     86.000       
# span 4 =    -1.1482,     4.8616       
# span 5 =    -1.1693,     4.8621       
# span 6 =    -1.1501,     4.8613       
# span 7 =    30.1083,    32.4297       
# span 8 =    30.1311,    32.4588       
# span 9 =  1023.8349,  1026.4890       
# span 10 =    23.8146,    26.0749      
# span 11 =    300.648,    337.991      
# span 12 =    285.138,    313.149      
# span 13 =  319.36912,  365.95513      
# span 14 =     86.192,     98.159      
# span 15 =     81.984,     93.107      
# span 16 =     0.0739,     0.2187      
# span 17 =     0.0956,     0.9643      
# span 18 =     3.5627,     4.2372      
# span 19 =     0.4252,     1.1189      
# span 20 = 3.9050e-08, 6.7938e+01      
# span 21 =        374,       6482      
# span 22 =     0.2594,     4.5005      
# span 23 =         17,        335      
# span 24 = 0.0000e+00, 0.0000e+00      
# interval = decibars: 1                
# start_time = Sep 21 2023 01:12:36 [NMEA time, first data scan]
# bad_flag = -9.990e-29
*END*
[from data line 58]
     61.358   71.32996 -157.33148     62.000    -0.4300    -0.4299    -0.4317    32.2839    32.3100  1026.2295    25.9322    316.617    302.764  359.44072     88.086     84.249     0.0961     0.2286     3.7502     0.9137 1.0465e-06       4180     2.9022         57 0.0000e+00
     62.348   71.32996 -157.33148     63.000    -0.4366    -0.4347    -0.4383    32.2853    32.3105  1026.2357    25.9336    316.304    302.618  359.49942     87.985     84.198     0.1038     0.2744     3.7534     0.9103 1.8698e-06       4231     2.9377         46 0.0000e+00
     63.337   71.32996 -157.33148     64.000    -0.4544    -0.4547    -0.4562    32.2889    32.3150  1026.2441    25.9372    316.256    300.296  359.65879     87.932     83.511     0.1041     0.2763     3.7478     0.9163 1.8839e-06       4278     2.9698         45 0.0000e+00
     64.327   71.32996 -157.33148     65.000    -0.4755    -0.4673    -0.4773    32.2930    32.3172  1026.2531    25.9413    316.313    299.887  359.84778     87.902     83.371     0.1007     0.2566     3.7465     0.9177 1.4758e-06       4324     3.0023         52 0.0000e+00
     65.316   71.32996 -157.33148     66.000    -0.4954    -0.4906    -0.4972    32.2967    32.3217  1026.2617    25.9450    316.203    301.806  360.02712     87.828     83.856     0.1094     0.3084     3.7454     0.9188 9.7875e-07       4377     3.0386         42 0.0000e+00
     66.306   71.32996 -157.33148     67.000    -0.5241    -0.5222    -0.5259    32.3010    32.3274  1026.2711    25.9497    316.007    301.276  360.28810     87.709     83.642     0.1065     0.2908     3.7388     0.9259 1.3007e-06       4415     3.0650         39 0.0000e+00
     67.295   71.32996 -157.33147     68.000    -0.5967    -0.6049    -0.5985    32.3120    32.3406  1026.2876    25.9613    316.238    300.340  360.95058     87.613     83.209     0.1087     0.3041     3.7545     0.9090 1.1417e-06       4469     3.1027         75 0.0000e+00
     68.285   71.32996 -157.33147     69.000    -0.6449    -0.6420    -0.6467    32.3198    32.3451  1026.3007    25.9694    316.051    299.148  361.38956     87.454     82.800     0.1013     0.2597     3.7715     0.8910 1.0230e-06       4538     3.1508         41 0.0000e+00
     69.274   71.32996 -157.33148     70.000    -0.6484    -0.6492    -0.6502    32.3199    32.3459  1026.3057    25.9696    316.147    299.208  361.42324     87.473     82.801     0.1026     0.2674     3.7621     0.9010 6.4577e-07       4566     3.1702         26 0.0000e+00
     70.264   71.32996 -157.33147     71.000    -0.6526    -0.6511    -0.6544    32.3199    32.3455  1026.3107    25.9697    315.943    300.069  361.46349     87.407     83.035     0.1018     0.2629     3.7734     0.8890 1.3511e-06       4594     3.1896         36 0.0000e+00
     71.253   71.32997 -157.33146     72.000    -0.6470    -0.6465    -0.6488    32.3187    32.3437  1026.3143    25.9686    315.150    299.625  361.41285     87.199     82.921     0.1162     0.3493     3.7404     0.9244 9.1968e-07       4687     3.2541         87 0.0000e+00
     72.242   71.32996 -157.33146     73.000    -0.6643    -0.6631    -0.6662    32.3201    32.3454  1026.3209    25.9703    315.579    299.304  361.57548     87.279     82.797     0.0939     0.2156     3.7713     0.8913 1.7015e-06       4714     3.2730         20 0.0000e+00
     73.232   71.32996 -157.33146     74.000    -0.6665    -0.6652    -0.6684    32.3203    32.3452  1026.3259    25.9705    315.555    299.649  361.59560     87.267     82.888     0.0922     0.2056     3.7866     0.8750 3.6256e-06       4735     3.2874         25 0.0000e+00
     74.221   71.32999 -157.33144     75.000    -0.6590    -0.6572    -0.6609    32.3188    32.3437  1026.3292    25.9691    314.939    298.911  361.52780     87.113     82.700     0.1108     0.3168     3.7793     0.8827 1.7717e-07       4819     3.3459         75 0.0000e+00
     75.211   71.32998 -157.33144     76.000    -0.6662    -0.6666    -0.6681    32.3198    32.3450  1026.3350    25.9701    314.859    298.964  361.59424     87.075     82.695     0.0951     0.2227     3.7754     0.8869 1.9911e-06       4863     3.3763         17 0.0000e+00
     76.200   71.32996 -157.33144     77.000    -0.6779    -0.6768    -0.6799    32.3196    32.3452  1026.3401    25.9704    315.436    298.808  361.70738     87.208     82.629     0.1024     0.2662     3.7868     0.8748 2.6400e-06       4880     3.3882         19 0.0000e+00
     77.190   71.32998 -157.33143     78.000    -0.6561    -0.6603    -0.6582    32.3175    32.3420  1026.3424    25.9679    314.817    299.940  361.50445     87.085     82.977     0.1010     0.2580     3.7706     0.8920 2.0626e-06       4957     3.4418        110 0.0000e+00
     78.179   71.32998 -157.33142     79.000    -0.6750    -0.6766    -0.6770    32.3187    32.3444  1026.3489    25.9696    315.513    300.366  361.68154     87.235     83.060     0.1011     0.2584     3.7569     0.9067 3.1345e-06       5014     3.4811         27 0.0000e+00
     79.169   71.32998 -157.33142     80.000    -0.7063    -0.7051    -0.7083    32.3199    32.3454  1026.3559    25.9716    315.338    300.371  361.97866     87.115     82.999     0.1003     0.2537     3.7796     0.8824 2.1973e-06       5044     3.5024         35 0.0000e+00
     80.158   71.32998 -157.33141     81.000    -0.7282    -0.7274    -0.7303    32.3228    32.3484  1026.3638    25.9747    314.794    299.686  362.18217     86.916     82.763     0.0988     0.2450     3.7569     0.9066 1.1137e-06       5093     3.5358         66 0.0000e+00
     81.147   71.32998 -157.33140     82.000    -0.7909    -0.8143    -0.7929    32.3354    32.3703  1026.3812    25.9872    312.910    297.503  362.75050     86.260     81.984     0.1037     0.2742     3.7500     0.9139 1.9767e-06       5210     3.6176        102 0.0000e+00
     82.137   71.32998 -157.33138     83.000    -1.0336    -1.0436    -1.0355    32.4039    32.4359  1026.4500    26.0506    314.522    299.254  364.90932     86.192     82.007     0.1439     0.5154     3.6650     1.0057 6.4864e-07       5254     3.6480         39 0.0000e+00
     83.126   71.32998 -157.33129     84.000    -1.1064    -1.1321    -1.1082    32.4208    32.4508  1026.4709    26.0665    316.143    301.649  365.57096     86.479     82.477     0.2058     0.8870     3.5841     1.0948 1.9740e-07       5889     4.0887        294 0.0000e+00
     84.116   71.32998 -157.33127     85.000    -1.1140    -1.1286    -1.1158    32.4205    32.4482  1026.4757    26.0665    316.439    300.074  365.64623     86.542     82.052     0.2037     0.8743     3.5736     1.1067 3.9050e-08       6139     4.2628        176 0.0000e+00
     85.105   71.32998 -157.33125     86.000    -1.1482    -1.1693    -1.1501    32.4297    32.4588  1026.4890    26.0749    316.161    301.714  365.95513     86.394     82.418     0.2187     0.9643     3.5627     1.1189 8.0197e-08       6482     4.5005        335 0.0000e+00
