EcoFOCI/data/1_SampleCollection/2023_SikuliaqDBO_CruiseData/CTD_raw_BottleFile_SKQ23-12S/proc/skq202312s_073.cnv
* Sea-Bird SBE 9 Data File:
* FileName = D:\CTD\SKQ202312S\SKQ202312S_073.hex
* Software Version Seasave V 7.26.7.121
* Temperature SN = 6177
* Conductivity SN = 0369
* Number of Bytes Per Scan = 41
* Number of Voltage Words = 4
* Number of Scans Averaged by the Deck Unit = 1
* NMEA Latitude = 67 54.34 N
* NMEA Longitude = 168 10.75 W
* NMEA UTC (Time) = Oct 01 2023  20:50:17
* NMEA baud rate = 4800
** Ship: R/V Sikuliaq
** Station Number: 073
** Station Name: C12
** Bottom Depth: 58
** Operator: SD
** Mooring C12
# nquan = 24
# nvalues = 4215                                  
# units = specified
# name 0 = depSM: Depth [salt water, m]
# name 1 = latitude: Latitude [deg]
# name 2 = longitude: Longitude [deg]
# name 3 = prDM: Pressure, Digiquartz [db]
# name 4 = t090C: Temperature [ITS-90, deg C]
# name 5 = t190C: Temperature, 2 [ITS-90, deg C]
# name 6 = potemp090C: Potential Temperature [ITS-90, deg C]
# name 7 = sal00: Salinity, Practical [PSU]
# name 8 = sal11: Salinity, Practical, 2 [PSU]
# name 9 = density00: Density [density, kg/m^3]
# name 10 = sigma-é00: Density [sigma-theta, kg/m^3]
# name 11 = sbox0Mm/Kg: Oxygen, SBE 43 [umol/kg]
# name 12 = sbox1Mm/Kg: Oxygen, SBE 43, 2 [umol/kg]
# name 13 = oxsolMm/Kg: Oxygen Saturation, Garcia & Gordon [umol/kg]
# name 14 = sbeox0PS: Oxygen, SBE 43 [% saturation]
# name 15 = sbeox1PS: Oxygen, SBE 43, 2 [% saturation]
# name 16 = v0: Voltage 0
# name 17 = flECO-AFL: Fluorescence, WET Labs ECO-AFL/FL [mg/m^3]
# name 18 = v1: Voltage 1
# name 19 = CStarAt0: Beam Attenuation, WET Labs C-Star [1/m]
# name 20 = par: PAR/Irradiance, Biospherical/Licor
# name 21 = scan: Scan Count
# name 22 = timeM: Time, Elapsed [minutes]
# name 23 = flag:  0.000e+00
# span 0 =      2.262,     53.673                 
# span 1 =   67.90534,   67.90552                 
# span 2 = -168.17942, -168.17918                 
# span 3 =      2.285,     54.223                 
# span 4 =     2.6735,     4.8323                 
# span 5 =     2.6498,     4.8608                 
# span 6 =     2.6719,     4.8310                 
# span 7 =    28.4800,    32.5035                 
# span 8 =    28.5093,    32.5154                 
# span 9 =  1022.6321,  1026.1524                 
# span 10 =    22.6175,    25.8990                
# span 11 =    189.263,    317.720                
# span 12 =    184.731,    303.337                
# span 13 =  318.83058,  332.73621                
# span 14 =     57.473,     95.806                
# span 15 =     56.103,     91.418                
# span 16 =     0.0720,     0.4005                
# span 17 =     0.0842,     2.0549                
# span 18 =     2.3944,     4.1587                
# span 19 =     0.5000,     2.7091                
# span 20 = 1.0000e-12, 1.5922e+02                
# span 21 =          1,       4215                
# span 22 =     0.0000,     2.9264                
# span 23 = 0.0000e+00, 0.0000e+00                
# interval = seconds: 0.0416667
# start_time = Oct 01 2023 20:53:49 [NMEA time, first data scan]
# bad_flag = -9.990e-29
*END*
[from data line 2536]
     45.883   67.90538 -168.17930     46.352     2.9772     2.9834     2.9746    32.3859    32.3963  1026.0186    25.8009    217.890    206.785  329.20089     66.188     62.829     0.0806     0.1355     3.2479     1.4891 1.2570e-01       2537     1.7611  0.000e+00
     45.945   67.90538 -168.17930     46.414     2.9779     2.9829     2.9753    32.3871    32.3959  1026.0198    25.8018    217.697    206.810  329.19264     66.130     62.836     0.0794     0.1282     3.2479     1.4891 1.2297e-01       2538     1.7618  0.000e+00
     45.883   67.90538 -168.17930     46.352     2.9786     2.9833     2.9760    32.3868    32.3956  1026.0192    25.8015    217.675    206.650  329.18724     66.125     62.787     0.0794     0.1282     3.2466     1.4906 1.2229e-01       2539     1.7625  0.000e+00
     45.945   67.90538 -168.17930     46.414     2.9791     2.9834     2.9765    32.3869    32.3957  1026.0195    25.8015    217.682    206.660  329.18321     66.128     62.791     0.0794     0.1282     3.2479     1.4891 1.2161e-01       2540     1.7632  0.000e+00
     45.883   67.90538 -168.17930     46.352     2.9798     2.9837     2.9771    32.3871    32.3956  1026.0193    25.8016    217.529    206.707  329.17751     66.082     62.805     0.0794     0.1282     3.2479     1.4891 1.1759e-01       2541     1.7639  0.000e+00
     45.945   67.90538 -168.17930     46.414     2.9807     2.9837     2.9781    32.3859    32.3956  1026.0185    25.8006    217.553    206.754  329.17267     66.091     62.819     0.0781     0.1209     3.2479     1.4891 1.1561e-01       2542     1.7646  0.000e+00
     45.999   67.90538 -168.17930     46.469     2.9810     2.9839     2.9784    32.3857    32.3959  1026.0186    25.8004    217.569    206.596  329.17094     66.096     62.772     0.0794     0.1282     3.2601     1.4741 1.1561e-01       2543     1.7653  0.000e+00
     45.945   67.90538 -168.17930     46.414     2.9812     2.9842     2.9785    32.3854    32.3963  1026.0181    25.8002    217.353    206.625  329.17037     66.031     62.781     0.0781     0.1209     3.2711     1.4607 1.1364e-01       2544     1.7660  0.000e+00
     45.999   67.90538 -168.17930     46.469     2.9813     2.9845     2.9787    32.3853    32.3963  1026.0183    25.8001    217.348    206.674  329.16923     66.029     62.797     0.0794     0.1282     3.2723     1.4592 1.1234e-01       2545     1.7667  0.000e+00
     45.999   67.90538 -168.17930     46.469     2.9815     2.9837     2.9789    32.3855    32.3962  1026.0184    25.8002    217.403    206.525  329.16753     66.046     62.750     0.0806     0.1355     3.2723     1.4592 1.1234e-01       2546     1.7674  0.000e+00
     45.999   67.90538 -168.17930     46.469     2.9816     2.9828     2.9790    32.3854    32.3968  1026.0183    25.8001    217.229    206.567  329.16652     65.994     62.762     0.0794     0.1282     3.2711     1.4607 1.1364e-01       2547     1.7681  0.000e+00
     46.061   67.90538 -168.17930     46.531     2.9818     2.9817     2.9792    32.3839    32.3974  1026.0174    25.7989    217.195    206.604  329.16891     65.983     62.772     0.0794     0.1282     3.2711     1.4607 1.1495e-01       2548     1.7688  0.000e+00
     46.060   67.90538 -168.17930     46.531     2.9810     2.9795     2.9784    32.3832    32.3984  1026.0169    25.7984    217.151    206.466  329.17724     65.968     62.727     0.0781     0.1209     3.2711     1.4607 1.1495e-01       2549     1.7694  0.000e+00
     46.114   67.90538 -168.17930     46.585     2.9806     2.9788     2.9779    32.3833    32.3985  1026.0172    25.7985    216.945    206.512  329.18052     65.905     62.740     0.0781     0.1209     3.2711     1.4607 1.1893e-01       2550     1.7701  0.000e+00
     46.114   67.90538 -168.17928     46.585     2.9794     2.9788     2.9768    32.3837    32.3985  1026.0177    25.7990    216.950    206.570  329.18845     65.904     62.757     0.0781     0.1209     3.2711     1.4607 1.2297e-01       2551     1.7708  0.000e+00
     46.060   67.90538 -168.17928     46.531     2.9786     2.9787     2.9760    32.3844    32.3988  1026.0181    25.7996    217.084    206.424  329.19339     65.944     62.713     0.0781     0.1209     3.2723     1.4592 1.2365e-01       2552     1.7715  0.000e+00
     46.114   67.90538 -168.17928     46.585     2.9777     2.9794     2.9751    32.3846    32.3981  1026.0186    25.7998    216.731    206.445  329.20029     65.836     62.720     0.0781     0.1209     3.2723     1.4592 1.1826e-01       2553     1.7722  0.000e+00
     46.176   67.90538 -168.17928     46.648     2.9769     2.9797     2.9743    32.3852    32.3978  1026.0194    25.8004    216.733    206.288  329.20529     65.835     62.673     0.0781     0.1209     3.2711     1.4607 1.1299e-01       2554     1.7729  0.000e+00
     46.230   67.90538 -168.17928     46.702     2.9762     2.9800     2.9735    32.3855    32.3980  1026.0200    25.8007    216.761    206.295  329.21068     65.843     62.676     0.0794     0.1282     3.2711     1.4607 1.1169e-01       2555     1.7736  0.000e+00
     46.114   67.90538 -168.17928     46.585     2.9752     2.9801     2.9726    32.3866    32.3978  1026.0203    25.8016    216.590    206.512  329.21585     65.790     62.742     0.0781     0.1209     3.2711     1.4607 1.1893e-01       2556     1.7743  0.000e+00
     46.230   67.90538 -168.17928     46.702     2.9747     2.9795     2.9721    32.3865    32.3980  1026.0209    25.8016    216.598    206.362  329.22002     65.791     62.695     0.0781     0.1209     3.2723     1.4592 1.2985e-01       2557     1.7750  0.000e+00
     46.176   67.90538 -168.17928     46.648     2.9740     2.9788     2.9713    32.3872    32.3987  1026.0213    25.8022    216.626    206.395  329.22426     65.799     62.704     0.0769     0.1135     3.2711     1.4607 1.3266e-01       2558     1.7757  0.000e+00
     46.230   67.90538 -168.17928     46.702     2.9734     2.9775     2.9708    32.3876    32.3990  1026.0218    25.8025    216.681    206.426  329.22775     65.815     62.712     0.0781     0.1209     3.2723     1.4592 1.2501e-01       2559     1.7764  0.000e+00
     46.284   67.90538 -168.17928     46.757     2.9729     2.9763     2.9702    32.3881    32.3994  1026.0226    25.8030    216.506    206.275  329.23123     65.761     62.664     0.0781     0.1209     3.2711     1.4607 1.0848e-01       2560     1.7771  0.000e+00
     46.230   67.90538 -168.17928     46.702     2.9730     2.9753     2.9703    32.3878    32.4000  1026.0221    25.8028    216.534    206.308  329.23106     65.770     62.673     0.0781     0.1209     3.2711     1.4607 1.0343e-01       2561     1.7778  0.000e+00
     46.284   67.90538 -168.17928     46.757     2.9725     2.9749     2.9699    32.3885    32.3998  1026.0229    25.8034    216.555    206.333  329.23274     65.776     62.680     0.0794     0.1282     3.2711     1.4607 1.0280e-01       2562     1.7785  0.000e+00
     46.284   67.90538 -168.17928     46.757     2.9724     2.9741     2.9697    32.3888    32.4005  1026.0232    25.8037    216.596    206.371  329.23324     65.788     62.691     0.0781     0.1209     3.2698     1.4621 1.0094e-01       2563     1.7792  0.000e+00
     46.346   67.90538 -168.17928     46.819     2.9721     2.9737     2.9695    32.3884    32.4000  1026.0232    25.8034    216.665    206.229  329.23643     65.808     62.647     0.0781     0.1209     3.2662     1.4666 9.9713e-02       2564     1.7799  0.000e+00
     46.284   67.90538 -168.17928     46.757     2.9717     2.9733     2.9691    32.3891    32.4004  1026.0235    25.8039    216.534    206.247  329.23786     65.768     62.652     0.0781     0.1209     3.2662     1.4666 1.0094e-01       2565     1.7806  0.000e+00
     46.400   67.90538 -168.17928     46.874     2.9717     2.9729     2.9691    32.3891    32.4011  1026.0241    25.8040    216.578    206.284  329.23771     65.782     62.663     0.0781     0.1209     3.2662     1.4666 1.0720e-01       2566     1.7813  0.000e+00
     46.346   67.90538 -168.17928     46.819     2.9715     2.9727     2.9688    32.3892    32.4010  1026.0239    25.8040    216.861    206.307  329.23975     65.867     62.669     0.0781     0.1209     3.2662     1.4666 1.1040e-01       2567     1.7819  0.000e+00
     46.400   67.90538 -168.17928     46.873     2.9716     2.9726     2.9689    32.3888    32.4011  1026.0238    25.8037    216.511    206.345  329.23992     65.761     62.681     0.0781     0.1209     3.2662     1.4666 1.1105e-01       2568     1.7826  0.000e+00
     46.400   67.90538 -168.17928     46.873     2.9711     2.9721     2.9685    32.3898    32.4014  1026.0247    25.8045    216.550    206.397  329.24082     65.772     62.696     0.0769     0.1135     3.2662     1.4666 1.0594e-01       2569     1.7833  0.000e+00
     46.461   67.90538 -168.17928     46.936     2.9711     2.9721     2.9684    32.3894    32.4011  1026.0246    25.8042    216.614    206.266  329.24231     65.792     62.656     0.0781     0.1209     3.2662     1.4666 1.0280e-01       2570     1.7840  0.000e+00
     46.400   67.90538 -168.17928     46.873     2.9711     2.9719     2.9685    32.3892    32.4017  1026.0241    25.8040    216.698    206.295  329.24243     65.817     62.665     0.0781     0.1209     3.2662     1.4666 1.0280e-01       2571     1.7847  0.000e+00
     46.515   67.90538 -168.17928     46.990     2.9708     2.9721     2.9681    32.3895    32.4016  1026.0250    25.8043    216.556    206.341  329.24469     65.774     62.679     0.0781     0.1209     3.2662     1.4666 1.0094e-01       2572     1.7854  0.000e+00
     46.461   67.90538 -168.17928     46.936     2.9708     2.9718     2.9682    32.3897    32.4017  1026.0249    25.8045    216.577    206.202  329.24372     65.780     62.636     0.0781     0.1209     3.2662     1.4666 9.9713e-02       2573     1.7861  0.000e+00
     46.461   67.90538 -168.17928     46.936     2.9708     2.9718     2.9681    32.3898    32.4012  1026.0250    25.8046    216.623    206.228  329.24392     65.794     62.644     0.0781     0.1209     3.2662     1.4666 9.9100e-02       2574     1.7868  0.000e+00
     46.515   67.90538 -168.17928     46.990     2.9707     2.9718     2.9680    32.3901    32.4014  1026.0255    25.8048    216.693    206.243  329.24409     65.815     62.649     0.0781     0.1209     3.2662     1.4666 9.9713e-02       2575     1.7875  0.000e+00
     46.515   67.90538 -168.17928     46.990     2.9706     2.9716     2.9680    32.3902    32.4016  1026.0256    25.8049    216.490    206.271  329.24419     65.754     62.657     0.0757     0.1062     3.2662     1.4666 9.9713e-02       2576     1.7882  0.000e+00
     46.569   67.90538 -168.17928     47.045     2.9703     2.9716     2.9676    32.3905    32.4015  1026.0261    25.8052    216.750    206.116  329.24607     65.832     62.610     0.0769     0.1135     3.2662     1.4666 9.9713e-02       2577     1.7889  0.000e+00
     46.515   67.90538 -168.17928     46.990     2.9705     2.9715     2.9679    32.3901    32.4019  1026.0255    25.8048    216.586    206.144  329.24499     65.783     62.618     0.0757     0.1062     3.2662     1.4666 1.0156e-01       2578     1.7896  0.000e+00
     46.577   67.90538 -168.17928     47.053     2.9703     2.9714     2.9676    32.3902    32.4017  1026.0259    25.8049    216.632    206.165  329.24678     65.796     62.624     0.0769     0.1135     3.2662     1.4666 1.0405e-01       2579     1.7903  0.000e+00
     46.631   67.90538 -168.17928     47.107     2.9704     2.9711     2.9677    32.3899    32.4019  1026.0258    25.8046    216.660    206.199  329.24685     65.805     62.634     0.0781     0.1209     3.2662     1.4666 1.0468e-01       2580     1.7910  0.000e+00
     46.577   67.90538 -168.17928     47.052     2.9704     2.9710     2.9678    32.3898    32.4021  1026.0255    25.8046    216.522    206.218  329.24658     65.763     62.640     0.0769     0.1135     3.2662     1.4666 1.0094e-01       2581     1.7917  0.000e+00
     46.631   67.90538 -168.17928     47.107     2.9702     2.9706     2.9676    32.3902    32.4024  1026.0261    25.8049    216.556    206.253  329.24736     65.773     62.650     0.0781     0.1209     3.2662     1.4666 9.3660e-02       2582     1.7924  0.000e+00
     46.631   67.90538 -168.17928     47.107     2.9701     2.9704     2.9675    32.3906    32.4029  1026.0264    25.8052    216.609    206.100  329.24726     65.789     62.604     0.0757     0.1062     3.2637     1.4696 9.1287e-02       2583     1.7931  0.000e+00
     46.685   67.90538 -168.17928     47.162     2.9699     2.9701     2.9673    32.3904    32.4032  1026.0266    25.8051    216.686    206.307  329.24944     65.812     62.666     0.0769     0.1135     3.2589     1.4756 9.3064e-02       2584     1.7938  0.000e+00
     46.685   67.90538 -168.17928     47.162     2.9697     2.9698     2.9670    32.3905    32.4030  1026.0267    25.8052    216.526    206.156  329.25094     65.763     62.620     0.0769     0.1135     3.2576     1.4771 9.8489e-02       2585     1.7944  0.000e+00
     46.685   67.90538 -168.17928     47.162     2.9694     2.9695     2.9667    32.3912    32.4032  1026.0273    25.8058    216.788    206.187  329.25175     65.843     62.629     0.0769     0.1135     3.2576     1.4771 9.9713e-02       2586     1.7951  0.000e+00
     46.746   67.90538 -168.17928     47.224     2.9693     2.9693     2.9666    32.3916    32.4041  1026.0279    25.8062    216.631    206.231  329.25153     65.795     62.642     0.0757     0.1062     3.2576     1.4771 9.9713e-02       2587     1.7958  0.000e+00
     46.685   67.90538 -168.17928     47.161     2.9687     2.9690     2.9661    32.3925    32.4046  1026.0283    25.8069    216.675    206.259  329.25376     65.808     62.651     0.0769     0.1135     3.2576     1.4771 9.4258e-02       2588     1.7965  0.000e+00
     46.746   67.90538 -168.17928     47.224     2.9685     2.9683     2.9659    32.3926    32.4056  1026.0287    25.8070    217.179    206.303  329.25535     65.961     62.663     0.0781     0.1209     3.2576     1.4771 9.2470e-02       2589     1.7972  0.000e+00
     46.800   67.90538 -168.17928     47.278     2.9681     2.9680     2.9654    32.3931    32.4056  1026.0294    25.8074    216.858    206.357  329.25753     65.863     62.679     0.0769     0.1135     3.2576     1.4771 9.3064e-02       2590     1.7979  0.000e+00
     46.746   67.90538 -168.17928     47.224     2.9677     2.9679     2.9651    32.3936    32.4063  1026.0296    25.8078    216.918    206.416  329.25936     65.881     62.697     0.0769     0.1135     3.2576     1.4771 9.7271e-02       2591     1.7986  0.000e+00
     46.800   67.90538 -168.17928     47.278     2.9673     2.9676     2.9647    32.3946    32.4067  1026.0307    25.8087    216.779    206.466  329.25984     65.838     62.712     0.0769     0.1135     3.2576     1.4771 9.9713e-02       2592     1.7993  0.000e+00
     46.800   67.90538 -168.17928     47.278     2.9674     2.9671     2.9648    32.3943    32.4074  1026.0304    25.8084    216.804    206.525  329.25984     65.846     62.730     0.0769     0.1135     3.2576     1.4771 9.9713e-02       2593     1.8000  0.000e+00
     46.800   67.90538 -168.17928     47.278     2.9669     2.9670     2.9642    32.3953    32.4076  1026.0313    25.8093    216.848    206.592  329.26165     65.859     62.750     0.0757     0.1062     3.2576     1.4771 9.5458e-02       2594     1.8007  0.000e+00
     46.862   67.90538 -168.17928     47.341     2.9665     2.9668     2.9639    32.3952    32.4075  1026.0315    25.8092    216.913    206.648  329.26494     65.878     62.767     0.0769     0.1135     3.2576     1.4771 9.2470e-02       2595     1.8014  0.000e+00
     46.800   67.90538 -168.17928     47.278     2.9665     2.9663     2.9638    32.3957    32.4085  1026.0317    25.8097    216.951    206.708  329.26396     65.890     62.785     0.0781     0.1209     3.2576     1.4771 9.1878e-02       2596     1.8021  0.000e+00
