EcoFOCI/data/1_SampleCollection/2023_SikuliaqDBO_CruiseData/CTD_raw_BottleFile_SKQ23-12S/proc/skq202312s_016svp.cnv
* Sea-Bird SBE 9 Data File:
* FileName = D:\CTD\SKQ202312S\SKQ202312S_016.hex
* Software Version Seasave V 7.26.7.121
* Temperature SN = 6177
* Conductivity SN = 0369
* Number of Bytes Per Scan = 41
* Number of Voltage Words = 4
* Number of Scans Averaged by the Deck Unit = 1
* NMEA Latitude = 64 40.76 N
* NMEA Longitude = 169 06.00 W
* NMEA UTC (Time) = Sep 17 2023  13:39:04
* NMEA baud rate = 4800
** Ship: R/V Sikuliaq
** Station Number: 016
** Station Name: DBO2.2
** Bottom Depth: 45
** Operator: SD
# nquan = 7
# nvalues = 5501                                  
# units = specified
# name 0 = depSM: Depth [salt water, m]
# name 1 = latitude: Latitude [deg]
# name 2 = longitude: Longitude [deg]
# name 3 = t090C: Temperature [ITS-90, deg C]
# name 4 = sal00: Salinity, Practical [PSU]
# name 5 = svCM: Sound Velocity [Chen-Millero, m/s]
# name 6 = flag:  0.000e+00
# span 0 =      1.589,     40.001                 
# span 1 =   64.67940,   64.67944                 
# span 2 = -169.10002, -169.09998                 
# span 3 =     2.5710,     3.0505                 
# span 4 =    32.4382,    32.8462                 
# span 5 =    1457.27,    1460.31                 
# span 6 = 0.0000e+00, 0.0000e+00                 
# interval = seconds: 0.0416667
# start_time = Sep 17 2023 13:42:59 [NMEA time, first data scan]
# bad_flag = -9.990e-29
*END*
[from data line 411]
      2.507   64.67940 -169.10002     2.5729    32.4382    1457.28  0.000e+00
      2.445   64.67940 -169.10002     2.5724    32.4386    1457.28  0.000e+00
      2.391   64.67940 -169.10002     2.5721    32.4389    1457.27  0.000e+00
      2.445   64.67940 -169.10002     2.5719    32.4384    1457.27  0.000e+00
      2.445   64.67940 -169.10002     2.5716    32.4389    1457.27  0.000e+00
      2.445   64.67940 -169.10002     2.5716    32.4388    1457.27  0.000e+00
      2.445   64.67940 -169.10002     2.5716    32.4388    1457.27  0.000e+00
      2.445   64.67940 -169.10002     2.5716    32.4394    1457.27  0.000e+00
      2.468   64.67940 -169.10002     2.5719    32.4391    1457.27  0.000e+00
      2.445   64.67940 -169.10002     2.5719    32.4390    1457.27  0.000e+00
      2.445   64.67940 -169.10002     2.5722    32.4388    1457.27  0.000e+00
      2.445   64.67940 -169.10002     2.5724    32.4390    1457.28  0.000e+00
      2.445   64.67940 -169.10002     2.5722    32.4391    1457.28  0.000e+00
      2.445   64.67940 -169.10002     2.5725    32.4387    1457.28  0.000e+00
      2.445   64.67940 -169.10002     2.5724    32.4389    1457.28  0.000e+00
      2.507   64.67940 -169.10002     2.5724    32.4393    1457.28  0.000e+00
      2.507   64.67940 -169.10002     2.5724    32.4392    1457.28  0.000e+00
      2.445   64.67940 -169.10002     2.5724    32.4389    1457.28  0.000e+00
      2.507   64.67940 -169.10002     2.5724    32.4393    1457.28  0.000e+00
      2.507   64.67940 -169.10002     2.5724    32.4396    1457.28  0.000e+00
      2.507   64.67940 -169.10002     2.5729    32.4388    1457.28  0.000e+00
      2.506   64.67940 -169.10002     2.5729    32.4391    1457.28  0.000e+00
      2.560   64.67940 -169.10002     2.5730    32.4392    1457.28  0.000e+00
      2.560   64.67940 -169.10002     2.5730    32.4393    1457.28  0.000e+00
      2.506   64.67940 -169.10002     2.5730    32.4391    1457.28  0.000e+00
      2.584   64.67940 -169.10002     2.5732    32.4391    1457.28  0.000e+00
      2.560   64.67940 -169.10002     2.5730    32.4395    1457.28  0.000e+00
      2.622   64.67940 -169.10002     2.5732    32.4387    1457.28  0.000e+00
      2.560   64.67940 -169.10002     2.5732    32.4392    1457.28  0.000e+00
      2.622   64.67940 -169.10002     2.5732    32.4392    1457.28  0.000e+00
      2.622   64.67940 -169.10002     2.5732    32.4391    1457.28  0.000e+00
      2.622   64.67940 -169.10002     2.5733    32.4387    1457.28  0.000e+00
      2.676   64.67940 -169.10002     2.5730    32.4392    1457.28  0.000e+00
      2.622   64.67940 -169.10002     2.5733    32.4394    1457.28  0.000e+00
      2.676   64.67940 -169.10002     2.5732    32.4390    1457.28  0.000e+00
      2.676   64.67940 -169.10002     2.5735    32.4389    1457.28  0.000e+00
      2.676   64.67940 -169.10002     2.5735    32.4386    1457.28  0.000e+00
      2.730   64.67940 -169.10002     2.5733    32.4390    1457.28  0.000e+00
      2.676   64.67940 -169.10002     2.5734    32.4393    1457.28  0.000e+00
      2.730   64.67940 -169.10002     2.5735    32.4391    1457.29  0.000e+00
      2.730   64.67940 -169.10002     2.5737    32.4391    1457.29  0.000e+00
      2.730   64.67940 -169.10002     2.5733    32.4392    1457.28  0.000e+00
      2.730   64.67940 -169.10002     2.5737    32.4395    1457.29  0.000e+00
      2.815   64.67940 -169.10002     2.5739    32.4393    1457.29  0.000e+00
      2.730   64.67940 -169.10002     2.5744    32.4391    1457.29  0.000e+00
      2.792   64.67940 -169.10002     2.5744    32.4389    1457.29  0.000e+00
      2.792   64.67940 -169.10002     2.5744    32.4391    1457.29  0.000e+00
      2.846   64.67940 -169.10002     2.5746    32.4396    1457.29  0.000e+00
      2.792   64.67940 -169.10002     2.5749    32.4395    1457.29  0.000e+00
      2.792   64.67940 -169.10002     2.5754    32.4391    1457.29  0.000e+00
      2.846   64.67940 -169.10002     2.5754    32.4396    1457.30  0.000e+00
      2.846   64.67940 -169.10002     2.5758    32.4392    1457.30  0.000e+00
      2.846   64.67940 -169.10002     2.5755    32.4392    1457.30  0.000e+00
      2.908   64.67940 -169.10002     2.5755    32.4393    1457.30  0.000e+00
      2.846   64.67940 -169.10002     2.5755    32.4392    1457.30  0.000e+00
      2.908   64.67940 -169.10002     2.5755    32.4394    1457.30  0.000e+00
      2.908   64.67940 -169.10002     2.5754    32.4393    1457.30  0.000e+00
      2.962   64.67940 -169.10002     2.5754    32.4390    1457.30  0.000e+00
      2.908   64.67940 -169.10002     2.5754    32.4390    1457.30  0.000e+00
      2.962   64.67940 -169.10002     2.5758    32.4389    1457.30  0.000e+00
      2.908   64.67940 -169.10002     2.5758    32.4396    1457.30  0.000e+00
      3.016   64.67940 -169.10002     2.5763    32.4394    1457.30  0.000e+00
      2.962   64.67940 -169.10002     2.5761    32.4396    1457.30  0.000e+00
      3.039   64.67940 -169.10002     2.5764    32.4395    1457.30  0.000e+00
      2.962   64.67940 -169.10002     2.5765    32.4396    1457.30  0.000e+00
      3.016   64.67940 -169.10002     2.5768    32.4394    1457.30  0.000e+00
      3.077   64.67940 -169.10002     2.5766    32.4396    1457.31  0.000e+00
      3.077   64.67940 -169.10002     2.5764    32.4398    1457.30  0.000e+00
      3.077   64.67942 -169.10002     2.5768    32.4395    1457.31  0.000e+00
      3.077   64.67942 -169.10002     2.5768    32.4393    1457.31  0.000e+00
      3.131   64.67942 -169.10002     2.5766    32.4395    1457.31  0.000e+00
      3.131   64.67942 -169.10002     2.5769    32.4396    1457.31  0.000e+00
      3.131   64.67942 -169.10002     2.5769    32.4393    1457.31  0.000e+00
      3.131   64.67942 -169.10002     2.5768    32.4395    1457.31  0.000e+00
      3.131   64.67942 -169.10002     2.5768    32.4394    1457.31  0.000e+00
      3.193   64.67942 -169.10002     2.5767    32.4394    1457.31  0.000e+00
      3.131   64.67942 -169.10002     2.5769    32.4395    1457.31  0.000e+00
      3.193   64.67942 -169.10002     2.5766    32.4396    1457.31  0.000e+00
      3.193   64.67942 -169.10002     2.5769    32.4394    1457.31  0.000e+00
      3.193   64.67942 -169.10002     2.5769    32.4392    1457.31  0.000e+00
      3.247   64.67942 -169.10002     2.5768    32.4395    1457.31  0.000e+00
      3.247   64.67942 -169.10002     2.5769    32.4393    1457.31  0.000e+00
      3.247   64.67942 -169.10002     2.5768    32.4396    1457.31  0.000e+00
      3.247   64.67942 -169.10002     2.5769    32.4395    1457.31  0.000e+00
      3.309   64.67942 -169.10002     2.5769    32.4392    1457.31  0.000e+00
      3.309   64.67942 -169.10002     2.5766    32.4399    1457.31  0.000e+00
      3.270   64.67942 -169.10002     2.5768    32.4397    1457.31  0.000e+00
      3.309   64.67942 -169.10002     2.5767    32.4399    1457.31  0.000e+00
      3.363   64.67942 -169.10002     2.5768    32.4397    1457.31  0.000e+00
      3.247   64.67942 -169.10002     2.5766    32.4398    1457.31  0.000e+00
      3.363   64.67942 -169.10002     2.5769    32.4394    1457.31  0.000e+00
      3.363   64.67942 -169.10002     2.5767    32.4396    1457.31  0.000e+00
      3.363   64.67942 -169.10002     2.5768    32.4394    1457.31  0.000e+00
      3.417   64.67942 -169.10002     2.5766    32.4395    1457.31  0.000e+00
      3.363   64.67942 -169.10002     2.5765    32.4400    1457.31  0.000e+00
      3.363   64.67942 -169.10002     2.5767    32.4395    1457.31  0.000e+00
      3.417   64.67942 -169.10002     2.5768    32.4395    1457.31  0.000e+00
      3.478   64.67942 -169.10002     2.5766    32.4395    1457.31  0.000e+00
      3.417   64.67942 -169.10002     2.5768    32.4395    1457.31  0.000e+00
      3.417   64.67942 -169.10002     2.5766    32.4396    1457.31  0.000e+00
      3.417   64.67942 -169.10002     2.5768    32.4393    1457.31  0.000e+00
      3.478   64.67942 -169.10002     2.5768    32.4393    1457.31  0.000e+00
      3.417   64.67942 -169.10002     2.5765    32.4398    1457.31  0.000e+00
      3.417   64.67942 -169.10002     2.5766    32.4398    1457.31  0.000e+00
      3.417   64.67942 -169.10002     2.5765    32.4395    1457.31  0.000e+00
      3.478   64.67942 -169.10002     2.5763    32.4397    1457.31  0.000e+00
      3.417   64.67942 -169.10002     2.5766    32.4390    1457.31  0.000e+00
      3.532   64.67942 -169.10002     2.5764    32.4395    1457.31  0.000e+00
      3.417   64.67942 -169.10002     2.5763    32.4396    1457.31  0.000e+00
      3.532   64.67942 -169.10002     2.5763    32.4397    1457.31  0.000e+00
      3.478   64.67942 -169.10002     2.5766    32.4392    1457.31  0.000e+00
      3.478   64.67942 -169.10002     2.5764    32.4393    1457.31  0.000e+00
      3.501   64.67942 -169.10002     2.5765    32.4393    1457.31  0.000e+00
      3.478   64.67942 -169.10002     2.5766    32.4394    1457.31  0.000e+00
      3.532   64.67942 -169.10002     2.5768    32.4392    1457.31  0.000e+00
      3.478   64.67942 -169.10002     2.5767    32.4393    1457.31  0.000e+00
      3.478   64.67942 -169.10002     2.5771    32.4389    1457.31  0.000e+00
      3.532   64.67942 -169.10002     2.5768    32.4397    1457.31  0.000e+00
      3.478   64.67942 -169.10002     2.5769    32.4395    1457.31  0.000e+00
      3.532   64.67942 -169.10002     2.5768    32.4395    1457.31  0.000e+00
      3.478   64.67942 -169.10002     2.5766    32.4397    1457.31  0.000e+00
      3.532   64.67942 -169.10002     2.5769    32.4391    1457.31  0.000e+00
      3.478   64.67942 -169.10002     2.5766    32.4399    1457.31  0.000e+00
      3.532   64.67942 -169.10002     2.5768    32.4396    1457.31  0.000e+00
      3.532   64.67942 -169.10002     2.5765    32.4396    1457.31  0.000e+00
      3.478   64.67942 -169.10002     2.5766    32.4396    1457.31  0.000e+00
      3.532   64.67942 -169.10002     2.5767    32.4395    1457.31  0.000e+00
      3.478   64.67942 -169.10002     2.5766    32.4399    1457.31  0.000e+00
      3.532   64.67942 -169.10002     2.5766    32.4395    1457.31  0.000e+00
      3.532   64.67942 -169.10002     2.5768    32.4395    1457.31  0.000e+00
      3.478   64.67942 -169.10002     2.5767    32.4396    1457.31  0.000e+00
      3.532   64.67942 -169.10002     2.5766    32.4397    1457.31  0.000e+00
      3.532   64.67942 -169.10002     2.5768    32.4395    1457.31  0.000e+00
      3.478   64.67942 -169.10002     2.5768    32.4400    1457.31  0.000e+00
      3.532   64.67942 -169.10002     2.5769    32.4395    1457.31  0.000e+00
      3.532   64.67942 -169.10002     2.5768    32.4395    1457.31  0.000e+00
      3.532   64.67942 -169.10002     2.5768    32.4395    1457.31  0.000e+00
      3.532   64.67942 -169.10002     2.5768    32.4395    1457.31  0.000e+00
      3.532   64.67942 -169.10002     2.5769    32.4394    1457.31  0.000e+00
      3.555   64.67942 -169.10002     2.5768    32.4397    1457.31  0.000e+00
      3.532   64.67942 -169.10002     2.5768    32.4396    1457.31  0.000e+00
      3.532   64.67942 -169.10002     2.5766    32.4395    1457.31  0.000e+00
      3.532   64.67942 -169.10002     2.5766    32.4394    1457.31  0.000e+00
      3.594   64.67942 -169.10002     2.5766    32.4391    1457.31  0.000e+00
      3.532   64.67942 -169.10002     2.5768    32.4394    1457.31  0.000e+00
      3.594   64.67942 -169.10002     2.5766    32.4397    1457.31  0.000e+00
      3.594   64.67942 -169.10002     2.5764    32.4398    1457.31  0.000e+00
      3.594   64.67942 -169.10002     2.5766    32.4399    1457.31  0.000e+00
      3.532   64.67942 -169.10002     2.5766    32.4395    1457.31  0.000e+00
      3.648   64.67942 -169.10002     2.5766    32.4393    1457.31  0.000e+00
      3.648   64.67942 -169.10002     2.5764    32.4393    1457.31  0.000e+00
      3.594   64.67942 -169.10002     2.5766    32.4393    1457.31  0.000e+00
      3.594   64.67942 -169.10002     2.5768    32.4396    1457.31  0.000e+00
      3.648   64.67942 -169.10002     2.5766    32.4397    1457.31  0.000e+00
      3.710   64.67942 -169.10002     2.5766    32.4394    1457.32  0.000e+00
      3.648   64.67942 -169.10002     2.5766    32.4400    1457.32  0.000e+00
      3.648   64.67942 -169.10002     2.5765    32.4399    1457.31  0.000e+00
      3.710   64.67942 -169.10002     2.5766    32.4394    1457.32  0.000e+00
      3.710   64.67942 -169.10002     2.5767    32.4394    1457.32  0.000e+00
      3.710   64.67942 -169.10002     2.5766    32.4396    1457.32  0.000e+00
      3.764   64.67942 -169.10002     2.5766    32.4396    1457.32  0.000e+00
      3.710   64.67942 -169.10002     2.5766    32.4396    1457.32  0.000e+00
      3.764   64.67942 -169.10002     2.5766    32.4394    1457.32  0.000e+00
      3.710   64.67942 -169.10002     2.5766    32.4397    1457.32  0.000e+00
      3.764   64.67942 -169.10002     2.5768    32.4397    1457.32  0.000e+00
      3.818   64.67942 -169.10002     2.5766    32.4398    1457.32  0.000e+00
      3.763   64.67942 -169.10002     2.5764    32.4398    1457.32  0.000e+00
      3.763   64.67942 -169.10002     2.5766    32.4398    1457.32  0.000e+00
      3.817   64.67942 -169.10002     2.5766    32.4394    1457.32  0.000e+00
      3.787   64.67942 -169.10002     2.5763    32.4402    1457.32  0.000e+00
      3.817   64.67942 -169.10002     2.5767    32.4393    1457.32  0.000e+00
      3.817   64.67942 -169.10002     2.5766    32.4392    1457.32  0.000e+00
      3.817   64.67942 -169.10002     2.5766    32.4395    1457.32  0.000e+00
      3.817   64.67942 -169.10002     2.5766    32.4395    1457.32  0.000e+00
      3.879   64.67942 -169.10002     2.5766    32.4393    1457.32  0.000e+00
      3.879   64.67942 -169.10002     2.5766    32.4394    1457.32  0.000e+00
      3.879   64.67942 -169.10002     2.5765    32.4397    1457.32  0.000e+00
      3.879   64.67942 -169.10002     2.5768    32.4395    1457.32  0.000e+00
      3.879   64.67942 -169.10002     2.5767    32.4396    1457.32  0.000e+00
      3.879   64.67942 -169.10002     2.5766    32.4397    1457.32  0.000e+00
      3.879   64.67942 -169.10002     2.5768    32.4394    1457.32  0.000e+00
      3.933   64.67942 -169.10002     2.5766    32.4397    1457.32  0.000e+00
      3.933   64.67942 -169.10002     2.5769    32.4392    1457.32  0.000e+00
      3.879   64.67942 -169.10002     2.5768    32.4395    1457.32  0.000e+00
      3.933   64.67942 -169.10002     2.5768    32.4396    1457.32  0.000e+00
      3.879   64.67942 -169.10002     2.5769    32.4395    1457.32  0.000e+00
      3.933   64.67942 -169.10002     2.5767    32.4394    1457.32  0.000e+00
      3.933   64.67942 -169.10002     2.5769    32.4395    1457.32  0.000e+00
      3.933   64.67942 -169.10002     2.5769    32.4397    1457.32  0.000e+00
      3.933   64.67942 -169.10002     2.5768    32.4396    1457.32  0.000e+00
      3.933   64.67942 -169.10002     2.5769    32.4392    1457.32  0.000e+00
      3.933   64.67942 -169.10002     2.5768    32.4395    1457.32  0.000e+00
      3.933   64.67942 -169.10002     2.5768    32.4398    1457.32  0.000e+00
      3.933   64.67942 -169.10002     2.5768    32.4396    1457.32  0.000e+00
      3.995   64.67942 -169.10002     2.5769    32.4392    1457.32  0.000e+00
      3.933   64.67942 -169.10002     2.5768    32.4395    1457.32  0.000e+00
      3.995   64.67942 -169.10002     2.5766    32.4393    1457.32  0.000e+00
      3.933   64.67942 -169.10002     2.5766    32.4396    1457.32  0.000e+00
      3.995   64.67942 -169.10002     2.5767    32.4398    1457.32  0.000e+00
      3.933   64.67942 -169.10002     2.5768    32.4390    1457.32  0.000e+00
      3.995   64.67942 -169.10002     2.5768    32.4391    1457.32  0.000e+00
      3.933   64.67942 -169.10002     2.5769    32.4391    1457.32  0.000e+00
      3.995   64.67942 -169.10002     2.5769    32.4394    1457.32  0.000e+00
      3.933   64.67942 -169.10002     2.5766    32.4397    1457.32  0.000e+00
