EcoFOCI/data/1_SampleCollection/2023_SikuliaqDBO_CruiseData/CTD_raw_BottleFile_SKQ23-12S/proc/skq202312s_070.cnv
* Sea-Bird SBE 9 Data File:
* FileName = D:\CTD\SKQ202312S\SKQ202312S_070.hex
* Software Version Seasave V 7.26.7.121
* Temperature SN = 6177
* Conductivity SN = 0369
* Number of Bytes Per Scan = 41
* Number of Voltage Words = 4
* Number of Scans Averaged by the Deck Unit = 1
* NMEA Latitude = 67 53.89 N
* NMEA Longitude = 168 14.05 W
* NMEA UTC (Time) = Sep 30 2023  04:20:28
* NMEA baud rate = 4800
** Ship: R/V Sikuliaq
** Station Number: 070
** Station Name: DBO3.6
** Bottom Depth: 50
** Operator: SD
# nquan = 24
# nvalues = 5805                                  
# units = specified
# name 0 = depSM: Depth [salt water, m]
# name 1 = latitude: Latitude [deg]
# name 2 = longitude: Longitude [deg]
# name 3 = prDM: Pressure, Digiquartz [db]
# name 4 = t090C: Temperature [ITS-90, deg C]
# name 5 = t190C: Temperature, 2 [ITS-90, deg C]
# name 6 = potemp090C: Potential Temperature [ITS-90, deg C]
# name 7 = sal00: Salinity, Practical [PSU]
# name 8 = sal11: Salinity, Practical, 2 [PSU]
# name 9 = density00: Density [density, kg/m^3]
# name 10 = sigma-é00: Density [sigma-theta, kg/m^3]
# name 11 = sbox0Mm/Kg: Oxygen, SBE 43 [umol/kg]
# name 12 = sbox1Mm/Kg: Oxygen, SBE 43, 2 [umol/kg]
# name 13 = oxsolMm/Kg: Oxygen Saturation, Garcia & Gordon [umol/kg]
# name 14 = sbeox0PS: Oxygen, SBE 43 [% saturation]
# name 15 = sbeox1PS: Oxygen, SBE 43, 2 [% saturation]
# name 16 = v0: Voltage 0
# name 17 = flECO-AFL: Fluorescence, WET Labs ECO-AFL/FL [mg/m^3]
# name 18 = v1: Voltage 1
# name 19 = CStarAt0: Beam Attenuation, WET Labs C-Star [1/m]
# name 20 = par: PAR/Irradiance, Biospherical/Licor
# name 21 = scan: Scan Count
# name 22 = timeM: Time, Elapsed [minutes]
# name 23 = flag:  0.000e+00
# span 0 =      3.017,     53.217                 
# span 1 =   67.89816,   67.89818                 
# span 2 = -168.23388, -168.23360                 
# span 3 =      3.047,     53.762                 
# span 4 =     2.8533,     6.1063                 
# span 5 =     2.8540,     6.1106                 
# span 6 =     2.8514,     6.1052                 
# span 7 =    27.4081,    32.4348                 
# span 8 =    27.4257,    32.4459                 
# span 9 =  1021.7815,  1026.0946                 
# span 10 =    21.7633,    25.8428                
# span 11 =    212.609,    332.027                
# span 12 =    203.443,    316.542                
# span 13 =  312.93920,  334.60675                
# span 14 =     64.562,    101.542                
# span 15 =     61.785,     97.739                
# span 16 =     0.0745,     0.4176                
# span 17 =     0.0989,     2.1575                
# span 18 =     1.9878,     4.1709                
# span 19 =     0.4882,     3.4540                
# span 20 = 1.0000e-12, 1.2859e+01                
# span 21 =          1,       5805                
# span 22 =     0.0000,     4.0306                
# span 23 = 0.0000e+00, 0.0000e+00                
# interval = seconds: 0.0416667
# start_time = Sep 30 2023 04:23:19 [NMEA time, first data scan]
# bad_flag = -9.990e-29
*END*
[from data line 2355]
     26.202   67.89816 -168.23372     26.469     3.7986     3.7230     3.7969    31.7268    31.8467  1025.3263    25.2024    277.885    262.803  324.24219     85.703     80.975     0.0830     0.1502     4.1380     0.5200 1.8304e-01       2356     1.6354  0.000e+00
     26.303   67.89816 -168.23372     26.570     3.7745     3.7003     3.7728    31.7339    31.8437  1025.3347    25.2103    278.080    262.770  324.41533     85.717     80.919     0.0830     0.1502     4.1380     0.5200 1.8304e-01       2357     1.6361  0.000e+00
     26.264   67.89816 -168.23372     26.531     3.7478     3.6747     3.7462    31.7346    31.8429  1025.3375    25.2133    278.077    262.941  324.62484     85.661     80.920     0.0830     0.1502     4.1380     0.5200 1.8135e-01       2358     1.6368  0.000e+00
     26.303   67.89816 -168.23372     26.570     3.7179     3.6369     3.7162    31.7238    31.8492  1025.3319    25.2075    278.326    263.186  324.88873     85.668     80.924     0.0830     0.1502     4.1380     0.5200 1.8051e-01       2359     1.6375  0.000e+00
     26.318   67.89816 -168.23372     26.586     3.6829     3.6121     3.6813    31.7236    31.8464  1025.3351    25.2106    278.610    263.187  325.16653     85.682     80.874     0.0830     0.1502     4.1380     0.5200 1.8051e-01       2360     1.6382  0.000e+00
     26.303   67.89816 -168.23372     26.570     3.6502     3.5776     3.6486    31.7357    31.8494  1025.3477    25.2233    278.872    263.414  325.39654     85.702     80.877     0.0830     0.1502     4.1380     0.5200 1.7468e-01       2361     1.6389  0.000e+00
     26.380   67.89816 -168.23372     26.648     3.6258     3.5452     3.6242    31.7310    31.8431  1025.3465    25.2217    278.918    263.478  325.60274     85.662     80.829     0.0830     0.1502     4.1368     0.5212 1.7140e-01       2362     1.6396  0.000e+00
     26.357   67.89816 -168.23372     26.625     3.5958     3.5258     3.5942    31.7221    31.8305  1025.3421    25.2174    279.179    263.437  325.86364     85.674     80.770     0.0830     0.1502     4.1368     0.5212 1.7059e-01       2363     1.6403  0.000e+00
     26.418   67.89816 -168.23372     26.687     3.5620     3.4865     3.5604    31.7250    31.8354  1025.3478    25.2227    279.434    263.698  326.12626     85.683     80.776     0.0818     0.1428     4.1380     0.5200 1.7551e-01       2364     1.6410  0.000e+00
     26.318   67.89816 -168.23372     26.586     3.5277     3.4339     3.5262    31.7284    31.8453  1025.3532    25.2285    279.491    263.845  326.39192     85.631     80.722     0.0830     0.1502     4.1368     0.5212 1.7883e-01       2365     1.6417  0.000e+00
     26.472   67.89816 -168.23372     26.741     3.4910     3.4070     3.4894    31.7216    31.8432  1025.3518    25.2264    279.620    264.037  326.70287     85.589     80.727     0.0830     0.1502     4.1319     0.5259 1.7883e-01       2366     1.6424  0.000e+00
     26.380   67.89816 -168.23372     26.648     3.4526     3.3894     3.4510    31.7289    31.8383  1025.3606    25.2357    280.073    264.162  326.99290     85.651     80.727     0.0830     0.1502     4.1233     0.5342 1.7883e-01       2367     1.6431  0.000e+00
     26.472   67.89816 -168.23372     26.741     3.4229     3.3526     3.4213    31.7512    31.8463  1025.3815    25.2561    280.274    264.425  327.17635     85.665     80.739     0.0830     0.1502     4.1209     0.5365 1.7883e-01       2368     1.6438  0.000e+00
     26.434   67.89816 -168.23372     26.702     3.4042     3.3239     3.4026    31.7562    31.8513  1025.3869    25.2617    280.121    264.461  327.31405     85.582     80.696     0.0830     0.1502     4.1209     0.5365 1.7800e-01       2369     1.6444  0.000e+00
     26.472   67.89816 -168.23372     26.741     3.3895     3.3142     3.3880    31.7585    31.8513  1025.3903    25.2649    280.467    264.546  327.42634     85.658     80.703     0.0855     0.1648     4.1221     0.5354 1.7967e-01       2370     1.6451  0.000e+00
     26.488   67.89816 -168.23372     26.757     3.3741     3.2988     3.3726    31.7725    31.8596  1025.4029    25.2774    280.379    264.290  327.51538     85.608     80.599     0.0842     0.1575     4.1221     0.5354 1.8135e-01       2371     1.6458  0.000e+00
     26.472   67.89816 -168.23372     26.741     3.3615     3.2903     3.3599    31.7814    31.8619  1025.4110    25.2856    280.482    264.340  327.59535     85.618     80.599     0.0842     0.1575     4.1221     0.5354 1.8220e-01       2372     1.6465  0.000e+00
     26.549   67.89816 -168.23372     26.819     3.3471     3.2948     3.3455    31.7891    31.8570  1025.4188    25.2930    280.408    264.314  327.69200     85.571     80.597     0.0830     0.1502     4.1221     0.5354 1.8135e-01       2373     1.6472  0.000e+00
     26.534   67.89816 -168.23372     26.804     3.3313     3.2903     3.3297    31.8055    31.8645  1025.4332    25.3074    280.490    264.153  327.77874     85.573     80.544     0.0842     0.1575     4.1221     0.5354 1.7800e-01       2374     1.6479  0.000e+00
     26.549   67.89816 -168.23372     26.819     3.3194     3.2817     3.3178    31.8250    31.8765  1025.4498    25.3240    280.342    264.208  327.82662     85.515     80.551     0.0855     0.1648     4.1221     0.5354 1.7717e-01       2375     1.6486  0.000e+00
     26.534   67.89816 -168.23372     26.804     3.3109     3.2814     3.3094    31.8421    31.8817  1025.4642    25.3384    280.338    264.218  327.85185     85.507     80.556     0.0842     0.1575     4.1221     0.5354 1.7800e-01       2376     1.6493  0.000e+00
     26.603   67.89816 -168.23372     26.874     3.3035     3.2833     3.3020    31.8560    31.8887  1025.4762    25.3501    280.392    264.232  327.87717     85.517     80.569     0.0842     0.1575     4.1221     0.5354 1.7967e-01       2377     1.6500  0.000e+00
     26.588   67.89816 -168.23372     26.858     3.2989     3.2855     3.2973    31.8672    31.8967  1025.4854    25.3594    280.197    264.045  327.88681     85.455     80.521     0.0842     0.1575     4.1221     0.5354 1.8051e-01       2378     1.6507  0.000e+00
     26.603   67.89816 -168.23372     26.874     3.2958     3.2881     3.2943    31.8769    31.9012  1025.4935    25.3674    280.197    264.057  327.88760     85.455     80.532     0.0842     0.1575     4.1221     0.5354 1.8051e-01       2379     1.6514  0.000e+00
     26.642   67.89816 -168.23372     26.913     3.2948     3.2903     3.2932    31.8836    31.9043  1025.4992    25.3729    279.959    264.098  327.87909     85.385     80.551     0.0830     0.1502     4.1221     0.5354 1.7717e-01       2380     1.6521  0.000e+00
     26.665   67.89816 -168.23370     26.936     3.2949     3.2919     3.2933    31.8869    31.9063  1025.5018    25.3755    279.993    263.973  327.87016     85.398     80.517     0.0842     0.1575     4.1221     0.5354 1.7551e-01       2381     1.6528  0.000e+00
     26.642   67.89816 -168.23370     26.913     3.2953     3.2926     3.2937    31.8900    31.9082  1025.5042    25.3779    279.761    263.831  327.85939     85.330     80.477     0.0830     0.1502     4.1221     0.5354 1.7551e-01       2382     1.6535  0.000e+00
     26.704   67.89816 -168.23370     26.975     3.2958     3.2934     3.2943    31.8910    31.9097  1025.5052    25.3787    279.740    263.863  327.85264     85.325     80.489     0.0842     0.1575     4.1221     0.5354 1.6897e-01       2383     1.6542  0.000e+00
     26.665   67.89816 -168.23370     26.936     3.2954     3.2930     3.2939    31.8901    31.9115  1025.5044    25.3780    279.497    263.900  327.85783     85.249     80.500     0.0830     0.1502     4.1221     0.5354 1.6575e-01       2384     1.6549  0.000e+00
     26.704   67.89816 -168.23370     26.975     3.2928     3.2911     3.2912    31.8881    31.9133  1025.5032    25.3767    279.481    263.776  327.88416     85.238     80.460     0.0842     0.1575     4.1221     0.5354 1.6495e-01       2385     1.6556  0.000e+00
     26.719   67.89816 -168.23370     26.991     3.2896     3.2870     3.2880    31.8841    31.9135  1025.5004    25.3737    279.496    263.647  327.91994     85.233     80.413     0.0855     0.1648     4.1087     0.5484 1.6655e-01       2386     1.6563  0.000e+00
     26.758   67.89816 -168.23370     27.030     3.2846     3.2799     3.2830    31.8795    31.9153  1025.4973    25.3705    279.333    263.514  327.97195     85.170     80.359     0.0842     0.1575     4.0696     0.5866 1.6816e-01       2387     1.6569  0.000e+00
     26.781   67.89816 -168.23370     27.053     3.2769     3.2713     3.2753    31.8775    31.9161  1025.4965    25.3696    279.139    263.588  328.03885     85.093     80.365     0.0842     0.1575     4.0562     0.5999 1.6816e-01       2388     1.6576  0.000e+00
     26.819   67.89816 -168.23370     27.092     3.2694     3.2585     3.2679    31.8683    31.9175  1025.4900    25.3629    278.948    263.495  328.12192     85.014     80.312     0.0830     0.1502     4.0574     0.5987 1.7386e-01       2389     1.6583  0.000e+00
     26.781   67.89816 -168.23370     27.053     3.2573     3.2473     3.2557    31.8626    31.9158  1025.4864    25.3594    278.955    263.589  328.23440     84.987     80.318     0.0842     0.1575     4.0586     0.5975 1.7967e-01       2390     1.6590  0.000e+00
     26.819   67.89816 -168.23370     27.092     3.2434     3.2359     3.2418    31.8636    31.9142  1025.4885    25.3614    278.988    263.514  328.34447     84.968     80.271     0.0830     0.1502     4.0598     0.5963 1.8051e-01       2391     1.6597  0.000e+00
     26.835   67.89816 -168.23370     27.108     3.2302     3.2164     3.2286    31.8612    31.9185  1025.4879    25.3607    278.613    263.656  328.45679     84.825     80.279     0.0842     0.1575     4.0598     0.5963 1.7800e-01       2392     1.6604  0.000e+00
     26.873   67.89816 -168.23370     27.146     3.2154     3.1973     3.2138    31.8637    31.9214  1025.4914    25.3640    278.632    263.627  328.57066     84.801     80.234     0.0830     0.1502     4.0586     0.5975 1.7551e-01       2393     1.6611  0.000e+00
     26.889   67.89816 -168.23370     27.162     3.2040     3.1819     3.2024    31.8626    31.9206  1025.4915    25.3640    278.442    263.752  328.66560     84.719     80.241     0.0830     0.1502     4.0586     0.5975 1.7386e-01       2394     1.6618  0.000e+00
     26.873   67.89816 -168.23370     27.146     3.1899     3.1691     3.1883    31.8666    31.9204  1025.4959    25.3685    278.436    263.853  328.77011     84.690     80.246     0.0806     0.1355     4.0586     0.5975 1.7634e-01       2395     1.6625  0.000e+00
     26.950   67.89816 -168.23370     27.224     3.1765     3.1560     3.1749    31.8716    31.9238  1025.5014    25.3736    278.200    263.586  328.86624     84.594     80.141     0.0806     0.1355     4.0598     0.5963 1.7883e-01       2396     1.6632  0.000e+00
     26.935   67.89816 -168.23370     27.209     3.1634     3.1455     3.1619    31.8733    31.9256  1025.5038    25.3761    278.175    263.644  328.96782     84.560     80.139     0.0806     0.1355     4.0598     0.5963 1.7967e-01       2397     1.6639  0.000e+00
     26.950   67.89816 -168.23370     27.224     3.1502     3.1304     3.1487    31.8790    31.9298  1025.5096    25.3817    277.953    263.536  329.06062     84.469     80.079     0.0806     0.1355     4.0598     0.5963 1.7883e-01       2398     1.6646  0.000e+00
     26.989   67.89816 -168.23370     27.263     3.1395     3.1154     3.1380    31.8825    31.9361  1025.5135    25.3855    277.676    263.618  329.13901     84.364     80.078     0.0806     0.1355     4.0598     0.5963 1.7551e-01       2399     1.6653  0.000e+00
     27.004   67.89816 -168.23370     27.279     3.1287     3.1035     3.1271    31.8897    31.9403  1025.5202    25.3921    277.820    263.509  329.20930     84.390     80.024     0.0806     0.1355     4.0586     0.5975 1.7468e-01       2400     1.6660  0.000e+00
     26.989   67.89816 -168.23370     27.263     3.1216     3.0985     3.1201    31.8957    31.9396  1025.5255    25.3975    277.564    263.337  329.25167     84.301     79.962     0.0806     0.1355     4.0586     0.5975 1.7468e-01       2401     1.6667  0.000e+00
     27.004   67.89816 -168.23370     27.279     3.1131     3.0928     3.1116    31.9024    31.9424  1025.5317    25.4036    277.530    263.337  329.30384     84.278     79.952     0.0794     0.1282     4.0586     0.5975 1.7222e-01       2402     1.6674  0.000e+00
     27.105   67.89816 -168.23370     27.380     3.1062     3.0894     3.1047    31.9081    31.9445  1025.5373    25.4087    277.301    263.152  329.34577     84.197     79.890     0.0806     0.1355     4.0598     0.5963 1.7059e-01       2403     1.6681  0.000e+00
     27.066   67.89816 -168.23370     27.341     3.1010     3.0877     3.0995    31.9136    31.9455  1025.5420    25.4136    277.267    263.126  329.37408     84.180     79.879     0.0794     0.1282     4.0586     0.5975 1.7059e-01       2404     1.6688  0.000e+00
     27.105   67.89816 -168.23370     27.380     3.0965     3.0852     3.0950    31.9194    31.9486  1025.5472    25.4186    277.007    262.930  329.39658     84.095     79.817     0.0806     0.1355     4.0598     0.5963 1.6735e-01       2405     1.6694  0.000e+00
     27.120   67.89816 -168.23370     27.396     3.0931     3.0829     3.0915    31.9244    31.9530  1025.5515    25.4228    276.953    262.707  329.41199     84.075     79.747     0.0794     0.1282     4.0562     0.5999 1.6655e-01       2406     1.6701  0.000e+00
     27.159   67.89816 -168.23370     27.435     3.0902     3.0813     3.0887    31.9290    31.9572  1025.5556    25.4268    276.890    262.676  329.42342     84.053     79.738     0.0806     0.1355     4.0305     0.6252 1.6575e-01       2407     1.6708  0.000e+00
     27.120   67.89816 -168.23370     27.396     3.0880     3.0802     3.0865    31.9345    31.9614  1025.5600    25.4313    276.630    262.468  329.42794     83.973     79.675     0.0818     0.1428     4.0183     0.6374 1.6978e-01       2408     1.6715  0.000e+00
     27.220   67.89816 -168.23370     27.497     3.0858     3.0803     3.0843    31.9418    31.9639  1025.5665    25.4373    276.584    262.432  329.42767     83.959     79.666     0.0806     0.1355     4.0171     0.6386 1.7386e-01       2409     1.6722  0.000e+00
     27.182   67.89816 -168.23370     27.458     3.0849     3.0819     3.0834    31.9513    31.9678  1025.5740    25.4450    276.549    262.208  329.41121     83.952     79.603     0.0806     0.1355     4.0183     0.6374 1.7304e-01       2410     1.6729  0.000e+00
     27.274   67.89816 -168.23370     27.552     3.0850     3.0853     3.0835    31.9635    31.9722  1025.5841    25.4547    276.282    262.147  329.38002     83.879     79.594     0.0806     0.1355     4.0195     0.6362 1.7140e-01       2411     1.6736  0.000e+00
     27.236   67.89816 -168.23370     27.513     3.0869     3.0923     3.0854    31.9816    31.9793  1025.5982    25.4690    275.980    261.856  329.31901     83.803     79.524     0.0806     0.1355     4.0195     0.6362 1.7059e-01       2412     1.6743  0.000e+00
     27.336   67.89816 -168.23370     27.614     3.0920     3.1015     3.0904    31.9975    31.9873  1025.6109    25.4812    275.661    261.748  329.23838     83.727     79.514     0.0806     0.1355     4.0195     0.6362 1.6978e-01       2413     1.6750  0.000e+00
     27.236   67.89816 -168.23370     27.513     3.0980     3.1120     3.0965    32.0117    31.9979  1025.6213    25.4920    275.512    261.426  329.15335     83.703     79.443     0.0806     0.1355     4.0195     0.6362 1.6735e-01       2414     1.6757  0.000e+00
     27.390   67.89816 -168.23370     27.668     3.1048     3.1198     3.1033    32.0241    32.0113  1025.6312    25.5013    275.366    261.125  329.06735     83.681     79.375     0.0794     0.1282     4.0195     0.6362 1.6416e-01       2415     1.6764  0.000e+00
