EcoFOCI/data/1_SampleCollection/2023_SikuliaqDBO_CruiseData/CTD_raw_BottleFile_SKQ23-12S/proc/skq202312s_022.cnv
* Sea-Bird SBE 9 Data File:
* FileName = D:\CTD\SKQ202312S\SKQ202312S_022.hex
* Software Version Seasave V 7.26.7.121
* Temperature SN = 6177
* Conductivity SN = 0369
* Number of Bytes Per Scan = 41
* Number of Voltage Words = 4
* Number of Scans Averaged by the Deck Unit = 1
* NMEA Latitude = 64 58.51 N
* NMEA Longitude = 169 29.22 W
* NMEA UTC (Time) = Sep 18 2023  05:33:31
* NMEA baud rate = 4800
** Ship: R/V Sikuliaq
** Station Number: 022
** Station Name: DBO2.4A
** Bottom Depth: 48
** Operator: SS
# nquan = 24
# nvalues = 4901                                  
# units = specified
# name 0 = depSM: Depth [salt water, m]
# name 1 = latitude: Latitude [deg]
# name 2 = longitude: Longitude [deg]
# name 3 = prDM: Pressure, Digiquartz [db]
# name 4 = t090C: Temperature [ITS-90, deg C]
# name 5 = t190C: Temperature, 2 [ITS-90, deg C]
# name 6 = potemp090C: Potential Temperature [ITS-90, deg C]
# name 7 = sal00: Salinity, Practical [PSU]
# name 8 = sal11: Salinity, Practical, 2 [PSU]
# name 9 = density00: Density [density, kg/m^3]
# name 10 = sigma-é00: Density [sigma-theta, kg/m^3]
# name 11 = sbox0Mm/Kg: Oxygen, SBE 43 [umol/kg]
# name 12 = sbox1Mm/Kg: Oxygen, SBE 43, 2 [umol/kg]
# name 13 = oxsolMm/Kg: Oxygen Saturation, Garcia & Gordon [umol/kg]
# name 14 = sbeox0PS: Oxygen, SBE 43 [% saturation]
# name 15 = sbeox1PS: Oxygen, SBE 43, 2 [% saturation]
# name 16 = v0: Voltage 0
# name 17 = flECO-AFL: Fluorescence, WET Labs ECO-AFL/FL [mg/m^3]
# name 18 = v1: Voltage 1
# name 19 = CStarAt0: Beam Attenuation, WET Labs C-Star [1/m]
# name 20 = par: PAR/Irradiance, Biospherical/Licor
# name 21 = scan: Scan Count
# name 22 = timeM: Time, Elapsed [minutes]
# name 23 = flag:  0.000e+00
# span 0 =      2.610,     43.772                 
# span 1 =   64.97508,   64.97508                 
# span 2 = -169.48730, -169.48722                 
# span 3 =      2.636,     44.210                 
# span 4 =     3.0715,     3.7795                 
# span 5 =     3.0724,     3.8005                 
# span 6 =     3.0690,     3.7793                 
# span 7 =    32.8153,    32.9431                 
# span 8 =    32.6914,    32.9548                 
# span 9 =  1026.0858,  1026.4427                 
# span 10 =    26.0706,    26.2367                
# span 11 =    245.166,    302.115                
# span 12 =    234.172,    289.928                
# span 13 =  321.72831,  327.09778                
# span 14 =     74.966,     93.307                
# span 15 =     71.614,     89.673                
# span 16 =     0.0818,     0.3907                
# span 17 =     0.1428,     1.9963                
# span 18 =     3.5971,     4.1380                
# span 19 =     0.5200,     1.0805                
# span 20 = 1.0000e-12, 3.6270e+00                
# span 21 =          1,       4901                
# span 22 =     0.0000,     3.4028                
# span 23 = 0.0000e+00, 0.0000e+00                
# interval = seconds: 0.0416667
# start_time = Sep 18 2023 05:37:18 [NMEA time, first data scan]
# bad_flag = -9.990e-29
*END*
[from data line 665]
      5.298   64.97508 -169.48728      5.351     3.7617     3.7623     3.7613    32.8201    32.8321  1026.1006    26.0756    299.900    288.366  321.86816     93.175     89.601     0.1465     0.5311     4.0891     0.5675 2.2104e+00        666     0.4618  0.000e+00
      5.298   64.97508 -169.48728      5.351     3.7615     3.7627     3.7612    32.8203    32.8317  1026.1008    26.0758    299.890    288.349  321.86892     93.171     89.596     0.1477     0.5384     4.0891     0.5675 2.2104e+00        667     0.4625  0.000e+00
      5.298   64.97508 -169.48728      5.351     3.7614     3.7631     3.7610    32.8209    32.8317  1026.1013    26.0763    299.845    288.328  321.86871     93.158     89.590     0.1490     0.5458     4.0891     0.5675 2.2170e+00        668     0.4632  0.000e+00
      5.298   64.97508 -169.48728      5.351     3.7614     3.7629     3.7610    32.8208    32.8321  1026.1012    26.0762    299.833    288.305  321.86890     93.154     89.583     0.1477     0.5384     4.0891     0.5675 2.2104e+00        669     0.4639  0.000e+00
      5.298   64.97508 -169.48728      5.351     3.7614     3.7632     3.7610    32.8206    32.8319  1026.1010    26.0760    299.821    288.298  321.86958     93.150     89.581     0.1490     0.5458     4.0891     0.5675 2.2104e+00        670     0.4646  0.000e+00
      5.244   64.97508 -169.48728      5.296     3.7615     3.7637     3.7612    32.8204    32.8317  1026.1006    26.0759    299.806    288.095  321.86875     93.145     89.519     0.1477     0.5384     4.0904     0.5663 2.2039e+00        671     0.4653  0.000e+00
      5.298   64.97508 -169.48728      5.351     3.7612     3.7637     3.7609    32.8206    32.8318  1026.1011    26.0761    299.798    288.064  321.87073     93.142     89.510     0.1477     0.5384     4.0891     0.5675 2.2039e+00        672     0.4660  0.000e+00
      5.298   64.97508 -169.48728      5.351     3.7612     3.7637     3.7609    32.8211    32.8320  1026.1014    26.0764    299.785    288.028  321.86956     93.139     89.499     0.1465     0.5311     4.0891     0.5675 2.2039e+00        673     0.4667  0.000e+00
      5.298   64.97508 -169.48728      5.351     3.7615     3.7637     3.7612    32.8205    32.8320  1026.1009    26.0759    299.561    288.179  321.86853     93.069     89.546     0.1477     0.5384     4.0940     0.5627 2.1973e+00        674     0.4674  0.000e+00
      5.298   64.97508 -169.48728      5.351     3.7614     3.7640     3.7610    32.8209    32.8313  1026.1013    26.0763    299.728    288.158  321.86871     93.121     89.539     0.1526     0.5678     4.0977     0.5591 2.1973e+00        675     0.4681  0.000e+00
      5.244   64.97508 -169.48728      5.296     3.7612     3.7640     3.7609    32.8210    32.8314  1026.1011    26.0764    299.716    288.132  321.86969     93.117     89.531     0.1722     0.6850     4.0977     0.5591 2.1973e+00        676     0.4688  0.000e+00
      5.298   64.97508 -169.48728      5.351     3.7612     3.7640     3.7609    32.8205    32.8317  1026.1010    26.0760    299.708    288.106  321.87092     93.114     89.523     0.1783     0.7216     4.0977     0.5591 2.1973e+00        677     0.4694  0.000e+00
      5.298   64.97508 -169.48728      5.351     3.7610     3.7643     3.7607    32.8208    32.8312  1026.1012    26.0762    299.698    287.885  321.87158     93.111     89.455     0.1783     0.7216     4.0977     0.5591 2.1973e+00        678     0.4701  0.000e+00
      5.244   64.97508 -169.48728      5.296     3.7609     3.7640     3.7605    32.8210    32.8317  1026.1011    26.0764    299.930    288.040  321.87237     93.183     89.503     0.1783     0.7216     4.0965     0.5603 2.1973e+00        679     0.4708  0.000e+00
      5.298   64.97508 -169.48728      5.351     3.7610     3.7638     3.7607    32.8206    32.8315  1026.1011    26.0761    299.743    287.841  321.87197     93.125     89.441     0.1770     0.7143     4.0977     0.5591 2.1908e+00        680     0.4715  0.000e+00
      5.298   64.97508 -169.48728      5.351     3.7610     3.7637     3.7607    32.8203    32.8317  1026.1008    26.0758    299.767    287.804  321.87265     93.132     89.429     0.1770     0.7143     4.0977     0.5591 2.1908e+00        681     0.4722  0.000e+00
      5.244   64.97508 -169.48728      5.296     3.7607     3.7637     3.7604    32.8208    32.8314  1026.1010    26.0763    299.757    287.786  321.87390     93.129     89.423     0.1770     0.7143     4.0977     0.5591 2.1843e+00        682     0.4729  0.000e+00
      5.298   64.97508 -169.48728      5.351     3.7609     3.7637     3.7605    32.8207    32.8317  1026.1012    26.0762    299.748    287.748  321.87292     93.126     89.411     0.1770     0.7143     4.0977     0.5591 2.1779e+00        683     0.4736  0.000e+00
      5.298   64.97508 -169.48728      5.351     3.7607     3.7635     3.7604    32.8206    32.8319  1026.1011    26.0761    299.740    287.707  321.87436     93.123     89.399     0.1770     0.7143     4.0977     0.5591 2.1650e+00        684     0.4743  0.000e+00
      5.244   64.97508 -169.48728      5.296     3.7609     3.7637     3.7605    32.8204    32.8318  1026.1006    26.0759    299.728    287.661  321.87382     93.120     89.384     0.1783     0.7216     4.0977     0.5591 2.1650e+00        685     0.4750  0.000e+00
      5.298   64.97508 -169.48728      5.351     3.7606     3.7635     3.7602    32.8211    32.8317  1026.1015    26.0765    299.722    287.641  321.87444     93.118     89.378     0.1783     0.7216     4.0977     0.5591 2.1586e+00        686     0.4757  0.000e+00
      5.298   64.97508 -169.48728      5.351     3.7609     3.7634     3.7605    32.8206    32.8319  1026.1011    26.0761    299.711    287.618  321.87331     93.114     89.371     0.1770     0.7143     4.0977     0.5591 2.1522e+00        687     0.4764  0.000e+00
      5.337   64.97508 -169.48728      5.389     3.7607     3.7637     3.7604    32.8206    32.8315  1026.1013    26.0761    299.704    287.594  321.87450     93.112     89.363     0.1783     0.7216     4.0977     0.5591 2.1458e+00        688     0.4771  0.000e+00
      5.298   64.97508 -169.48728      5.351     3.7609     3.7634     3.7605    32.8208    32.8318  1026.1013    26.0763    299.691    287.379  321.87263     93.109     89.296     0.1770     0.7143     4.0977     0.5591 2.1395e+00        689     0.4778  0.000e+00
      5.244   64.97508 -169.48728      5.296     3.7607     3.7635     3.7604    32.8210    32.8315  1026.1011    26.0764    299.714    287.330  321.87361     93.116     89.281     0.1783     0.7216     4.0977     0.5591 2.1268e+00        690     0.4785  0.000e+00
      5.298   64.97508 -169.48728      5.351     3.7609     3.7632     3.7605    32.8209    32.8319  1026.1013    26.0763    299.775    287.498  321.87244     93.135     89.333     0.1770     0.7143     4.0977     0.5591 2.1268e+00        691     0.4792  0.000e+00
      5.244   64.97508 -169.48728      5.296     3.7609     3.7632     3.7605    32.8208    32.8316  1026.1009    26.0762    299.768    287.493  321.87285     93.132     89.331     0.1783     0.7216     4.0965     0.5603 2.1205e+00        692     0.4799  0.000e+00
      5.298   64.97508 -169.48728      5.350     3.7607     3.7629     3.7604    32.8208    32.8319  1026.1013    26.0763    299.766    287.471  321.87387     93.131     89.324     0.1770     0.7143     4.0977     0.5591 2.1017e+00        693     0.4806  0.000e+00
      5.298   64.97508 -169.48728      5.350     3.7607     3.7631     3.7604    32.8204    32.8318  1026.1009    26.0759    299.585    287.254  321.87494     93.075     89.257     0.1783     0.7216     4.0952     0.5615 2.0955e+00        694     0.4813  0.000e+00
      5.244   64.97508 -169.48728      5.296     3.7604     3.7627     3.7601    32.8209    32.8318  1026.1011    26.0763    299.759    287.207  321.87629     93.129     89.241     0.1783     0.7216     4.0916     0.5651 2.0955e+00        695     0.4819  0.000e+00
      5.298   64.97508 -169.48728      5.350     3.7599     3.7627     3.7596    32.8209    32.8322  1026.1014    26.0764    299.797    287.183  321.87989     93.139     89.234     0.1770     0.7143     4.0916     0.5651 2.0892e+00        696     0.4826  0.000e+00
      5.298   64.97508 -169.48728      5.350     3.7598     3.7629     3.7594    32.8210    32.8319  1026.1015    26.0765    299.797    287.158  321.88104     93.139     89.226     0.1783     0.7216     4.0916     0.5651 2.0831e+00        697     0.4833  0.000e+00
      5.298   64.97508 -169.48728      5.350     3.7595     3.7629     3.7591    32.8212    32.8319  1026.1017    26.0767    299.797    287.111  321.88294     93.139     89.212     0.1770     0.7143     4.0916     0.5651 2.0892e+00        698     0.4840  0.000e+00
      5.298   64.97508 -169.48728      5.350     3.7593     3.7632     3.7590    32.8212    32.8321  1026.1017    26.0767    299.797    287.085  321.88418     93.138     89.205     0.1770     0.7143     4.0916     0.5651 2.0831e+00        699     0.4847  0.000e+00
      5.298   64.97508 -169.48728      5.350     3.7596     3.7634     3.7593    32.8210    32.8320  1026.1016    26.0766    299.794    287.061  321.88208     93.138     89.198     0.1770     0.7143     4.0916     0.5651 2.0831e+00        700     0.4854  0.000e+00
      5.298   64.97508 -169.48728      5.350     3.7596     3.7638     3.7593    32.8207    32.8316  1026.1013    26.0763    299.827    287.036  321.88296     93.148     89.191     0.1770     0.7143     4.0916     0.5651 2.0769e+00        701     0.4861  0.000e+00
      5.298   64.97508 -169.48728      5.350     3.7599     3.7640     3.7596    32.8204    32.8315  1026.1010    26.0760    299.825    287.014  321.88105     93.148     89.184     0.1770     0.7143     4.0928     0.5639 2.0707e+00        702     0.4868  0.000e+00
      5.298   64.97508 -169.48728      5.350     3.7599     3.7645     3.7596    32.8207    32.8312  1026.1013    26.0763    299.824    286.990  321.88037     93.148     89.177     0.1770     0.7143     4.0928     0.5639 2.0707e+00        703     0.4875  0.000e+00
      5.298   64.97508 -169.48728      5.350     3.7601     3.7646     3.7597    32.8206    32.8312  1026.1012    26.0762    299.613    286.781  321.87933     93.082     89.113     0.1783     0.7216     4.0916     0.5651 2.0646e+00        704     0.4882  0.000e+00
      5.360   64.97508 -169.48728      5.413     3.7598     3.7646     3.7594    32.8210    32.8316  1026.1018    26.0765    299.796    286.744  321.88082     93.139     89.101     0.1770     0.7143     4.0916     0.5651 2.0646e+00        705     0.4889  0.000e+00
      5.298   64.97508 -169.48728      5.350     3.7598     3.7642     3.7594    32.8208    32.8323  1026.1013    26.0763    299.796    286.706  321.88142     93.139     89.089     0.1783     0.7216     4.0916     0.5651 2.0646e+00        706     0.4896  0.000e+00
      5.298   64.97508 -169.48728      5.350     3.7596     3.7637     3.7593    32.8212    32.8323  1026.1017    26.0767    299.797    286.674  321.88160     93.139     89.078     0.1770     0.7143     4.0916     0.5651 2.0646e+00        707     0.4903  0.000e+00
      5.360   64.97508 -169.48728      5.413     3.7601     3.7631     3.7597    32.8209    32.8326  1026.1017    26.0764    299.377    286.647  321.87873     93.009     89.069     0.1783     0.7216     4.0916     0.5651 2.0646e+00        708     0.4910  0.000e+00
      5.360   64.97508 -169.48728      5.413     3.7599     3.7631     3.7596    32.8210    32.8322  1026.1018    26.0765    299.527    286.617  321.87958     93.056     89.059     0.1770     0.7143     4.0916     0.5651 2.0769e+00        709     0.4917  0.000e+00
      5.359   64.97508 -169.48728      5.413     3.7596     3.7626     3.7593    32.8211    32.8324  1026.1019    26.0766    299.713    286.590  321.88187     93.113     89.050     0.1783     0.7216     4.0916     0.5651 2.0769e+00        710     0.4924  0.000e+00
      5.359   64.97508 -169.48728      5.413     3.7596     3.7624     3.7593    32.8210    32.8322  1026.1018    26.0765    299.508    286.563  321.88216     93.049     89.041     0.1770     0.7143     4.0916     0.5651 2.0769e+00        711     0.4931  0.000e+00
      5.359   64.97508 -169.48728      5.413     3.7596     3.7627     3.7593    32.8206    32.8318  1026.1015    26.0762    299.483    286.535  321.88304     93.041     89.033     0.1770     0.7143     4.0916     0.5651 2.0769e+00        712     0.4938  0.000e+00
      5.413   64.97508 -169.48728      5.467     3.7591     3.7621     3.7588    32.8212    32.8317  1026.1023    26.0767    299.497    286.517  321.88547     93.045     89.026     0.1783     0.7216     4.0916     0.5651 2.0831e+00        713     0.4944  0.000e+00
      5.359   64.97508 -169.48728      5.413     3.7591     3.7616     3.7588    32.8213    32.8321  1026.1021    26.0768    299.473    286.495  321.88521     93.037     89.018     0.1770     0.7143     4.0891     0.5675 2.0831e+00        714     0.4951  0.000e+00
      5.359   64.97508 -169.48728      5.413     3.7596     3.7613     3.7593    32.8210    32.8320  1026.1018    26.0765    299.660    286.499  321.88216     93.096     89.018     0.1783     0.7216     4.0867     0.5699 2.0769e+00        715     0.4958  0.000e+00
      5.413   64.97508 -169.48728      5.467     3.7596     3.7609     3.7593    32.8208    32.8324  1026.1019    26.0764    299.464    286.507  321.88262     93.035     89.020     0.1770     0.7143     4.0855     0.5711 2.0769e+00        716     0.4965  0.000e+00
      5.413   64.97508 -169.48728      5.467     3.7599     3.7610     3.7596    32.8207    32.8321  1026.1018    26.0762    299.443    286.513  321.88052     93.029     89.022     0.1783     0.7216     4.0855     0.5711 2.0769e+00        717     0.4972  0.000e+00
      5.413   64.97508 -169.48728      5.467     3.7598     3.7609     3.7594    32.8213    32.8322  1026.1023    26.0767    299.425    286.523  321.88031     93.024     89.025     0.1770     0.7143     4.0855     0.5711 2.0831e+00        718     0.4979  0.000e+00
      5.413   64.97508 -169.48728      5.467     3.7598     3.7610     3.7594    32.8208    32.8321  1026.1019    26.0763    299.410    286.344  321.88147     93.019     88.970     0.1770     0.7143     4.0867     0.5699 2.0831e+00        719     0.4986  0.000e+00
      5.413   64.97508 -169.48728      5.467     3.7598     3.7612     3.7594    32.8202    32.8322  1026.1014    26.0759    299.396    286.503  321.88293     93.014     89.020     0.1770     0.7143     4.0855     0.5711 2.0831e+00        720     0.4993  0.000e+00
      5.413   64.97508 -169.48728      5.467     3.7593     3.7613     3.7589    32.8203    32.8323  1026.1015    26.0760    299.386    286.497  321.88637     93.010     89.018     0.1770     0.7143     4.0867     0.5699 2.0955e+00        721     0.5000  0.000e+00
      5.529   64.97508 -169.48728      5.584     3.7593     3.7613     3.7589    32.8208    32.8321  1026.1025    26.0764    299.377    286.498  321.88516     93.007     89.018     0.1783     0.7216     4.0855     0.5711 2.1079e+00        722     0.5007  0.000e+00
      5.413   64.97508 -169.48728      5.467     3.7593     3.7613     3.7589    32.8211    32.8324  1026.1022    26.0766    299.327    286.324  321.88443     92.992     88.964     0.1770     0.7143     4.0855     0.5711 2.1017e+00        723     0.5014  0.000e+00
      5.506   64.97508 -169.48728      5.560     3.7595     3.7613     3.7591    32.8211    32.8320  1026.1026    26.0766    299.740    286.331  321.88320     93.121     88.966     0.1783     0.7216     4.0867     0.5699 2.1017e+00        724     0.5021  0.000e+00
