EcoFOCI/data/1_SampleCollection/2023_SikuliaqDBO_CruiseData/CTD_raw_BottleFile_SKQ23-12S/proc/skq202312s_078svp.cnv
* Sea-Bird SBE 9 Data File:
* FileName = D:\CTD\SKQ202312S\SKQ202312S_078.hex
* Software Version Seasave V 7.26.7.121
* Temperature SN = 6177
* Conductivity SN = 0369
* Number of Bytes Per Scan = 41
* Number of Voltage Words = 4
* Number of Scans Averaged by the Deck Unit = 1
* NMEA Latitude = 65 45.65 N
* NMEA Longitude = 168 44.60 W
* NMEA UTC (Time) = Oct 03 2023  06:14:15
* NMEA baud rate = 4800
** Ship: R/V Sikuliaq
** Station Number: 078
** Station Name: BS7
** Bottom Depth: 53
** Operator: SD
# nquan = 7
# nvalues = 4230                                  
# units = specified
# name 0 = depSM: Depth [salt water, m]
# name 1 = latitude: Latitude [deg]
# name 2 = longitude: Longitude [deg]
# name 3 = t090C: Temperature [ITS-90, deg C]
# name 4 = sal00: Salinity, Practical [PSU]
# name 5 = svCM: Sound Velocity [Chen-Millero, m/s]
# name 6 = flag:  0.000e+00
# span 0 =      2.078,     47.760                 
# span 1 =   65.76066,   65.76074                 
# span 2 = -168.74416, -168.74384                 
# span 3 =     2.8525,     5.9264                 
# span 4 =    27.3708,    32.8741                 
# span 5 =    1459.32,    1470.13                 
# span 6 = 0.0000e+00, 0.0000e+00                 
# interval = seconds: 0.0416667
# start_time = Oct 03 2023 06:17:41 [NMEA time, first data scan]
# bad_flag = -9.990e-29
*END*
[from data line 1642]
     12.560   65.76070 -168.74394     5.5372    31.8348    1469.09  0.000e+00
     12.560   65.76070 -168.74394     5.5332    31.8315    1469.07  0.000e+00
     12.560   65.76070 -168.74394     5.5271    31.8294    1469.05  0.000e+00
     12.614   65.76070 -168.74394     5.5204    31.8297    1469.02  0.000e+00
     12.584   65.76070 -168.74394     5.5135    31.8313    1468.99  0.000e+00
     12.676   65.76070 -168.74394     5.5071    31.8336    1468.97  0.000e+00
     12.676   65.76070 -168.74394     5.5010    31.8362    1468.95  0.000e+00
     12.676   65.76070 -168.74394     5.4952    31.8383    1468.93  0.000e+00
     12.676   65.76070 -168.74394     5.4900    31.8406    1468.91  0.000e+00
     12.676   65.76070 -168.74394     5.4857    31.8420    1468.90  0.000e+00
     12.699   65.76070 -168.74394     5.4817    31.8428    1468.88  0.000e+00
     12.730   65.76070 -168.74394     5.4780    31.8428    1468.87  0.000e+00
     12.730   65.76070 -168.74394     5.4745    31.8418    1468.85  0.000e+00
     12.792   65.76070 -168.74394     5.4706    31.8413    1468.84  0.000e+00
     12.792   65.76070 -168.74394     5.4665    31.8418    1468.82  0.000e+00
     12.815   65.76070 -168.74394     5.4624    31.8416    1468.80  0.000e+00
     12.792   65.76070 -168.74394     5.4577    31.8413    1468.78  0.000e+00
     12.846   65.76070 -168.74394     5.4523    31.8413    1468.76  0.000e+00
     12.846   65.76070 -168.74394     5.4467    31.8421    1468.74  0.000e+00
     12.900   65.76070 -168.74394     5.4416    31.8425    1468.72  0.000e+00
     12.900   65.76070 -168.74394     5.4357    31.8437    1468.70  0.000e+00
     12.877   65.76070 -168.74394     5.4311    31.8421    1468.68  0.000e+00
     12.962   65.76070 -168.74394     5.4255    31.8419    1468.66  0.000e+00
     12.900   65.76070 -168.74394     5.4193    31.8420    1468.63  0.000e+00
     12.962   65.76070 -168.74394     5.4129    31.8422    1468.61  0.000e+00
     13.016   65.76070 -168.74394     5.4064    31.8432    1468.58  0.000e+00
     12.931   65.76070 -168.74394     5.3998    31.8438    1468.55  0.000e+00
     13.016   65.76070 -168.74396     5.3939    31.8439    1468.53  0.000e+00
     13.016   65.76070 -168.74396     5.3880    31.8449    1468.51  0.000e+00
     13.016   65.76070 -168.74396     5.3821    31.8456    1468.49  0.000e+00
     13.077   65.76070 -168.74396     5.3756    31.8469    1468.46  0.000e+00
     13.046   65.76070 -168.74396     5.3692    31.8483    1468.44  0.000e+00
     13.131   65.76070 -168.74396     5.3627    31.8505    1468.42  0.000e+00
     13.077   65.76070 -168.74396     5.3578    31.8517    1468.40  0.000e+00
     13.131   65.76070 -168.74396     5.3530    31.8523    1468.38  0.000e+00
     13.131   65.76070 -168.74396     5.3479    31.8529    1468.36  0.000e+00
     13.193   65.76070 -168.74396     5.3433    31.8534    1468.34  0.000e+00
     13.162   65.76070 -168.74396     5.3387    31.8550    1468.32  0.000e+00
     13.193   65.76070 -168.74396     5.3351    31.8545    1468.31  0.000e+00
     13.193   65.76070 -168.74396     5.3304    31.8542    1468.29  0.000e+00
     13.193   65.76070 -168.74396     5.3265    31.8543    1468.27  0.000e+00
     13.247   65.76070 -168.74396     5.3222    31.8546    1468.26  0.000e+00
     13.216   65.76070 -168.74396     5.3177    31.8547    1468.24  0.000e+00
     13.247   65.76070 -168.74396     5.3134    31.8546    1468.22  0.000e+00
     13.301   65.76070 -168.74396     5.3090    31.8552    1468.21  0.000e+00
     13.301   65.76070 -168.74396     5.3045    31.8557    1468.19  0.000e+00
     13.247   65.76070 -168.74396     5.2995    31.8549    1468.17  0.000e+00
     13.332   65.76070 -168.74396     5.2946    31.8552    1468.15  0.000e+00
     13.301   65.76070 -168.74396     5.2900    31.8581    1468.13  0.000e+00
     13.363   65.76070 -168.74396     5.2858    31.8596    1468.12  0.000e+00
     13.363   65.76070 -168.74396     5.2816    31.8609    1468.10  0.000e+00
     13.363   65.76070 -168.74396     5.2765    31.8618    1468.08  0.000e+00
     13.332   65.76070 -168.74396     5.2719    31.8607    1468.06  0.000e+00
     13.363   65.76070 -168.74396     5.2672    31.8602    1468.04  0.000e+00
     13.363   65.76070 -168.74396     5.2628    31.8602    1468.03  0.000e+00
     13.417   65.76070 -168.74396     5.2581    31.8603    1468.01  0.000e+00
     13.363   65.76070 -168.74396     5.2546    31.8600    1467.99  0.000e+00
     13.448   65.76070 -168.74396     5.2510    31.8600    1467.98  0.000e+00
     13.417   65.76070 -168.74396     5.2460    31.8608    1467.96  0.000e+00
     13.478   65.76070 -168.74396     5.2405    31.8619    1467.94  0.000e+00
     13.478   65.76070 -168.74396     5.2342    31.8641    1467.92  0.000e+00
     13.478   65.76070 -168.74396     5.2275    31.8667    1467.89  0.000e+00
     13.502   65.76070 -168.74396     5.2221    31.8683    1467.87  0.000e+00
     13.478   65.76070 -168.74396     5.2173    31.8691    1467.85  0.000e+00
     13.478   65.76070 -168.74396     5.2123    31.8704    1467.83  0.000e+00
     13.532   65.76070 -168.74396     5.2080    31.8717    1467.82  0.000e+00
     13.532   65.76070 -168.74396     5.2033    31.8733    1467.80  0.000e+00
     13.502   65.76070 -168.74396     5.1984    31.8744    1467.78  0.000e+00
     13.532   65.76070 -168.74396     5.1943    31.8757    1467.77  0.000e+00
     13.478   65.76070 -168.74396     5.1897    31.8773    1467.75  0.000e+00
     13.532   65.76070 -168.74396     5.1849    31.8791    1467.73  0.000e+00
     13.594   65.76070 -168.74396     5.1810    31.8801    1467.72  0.000e+00
     13.502   65.76070 -168.74396     5.1769    31.8789    1467.70  0.000e+00
     13.594   65.76070 -168.74396     5.1719    31.8773    1467.68  0.000e+00
     13.594   65.76070 -168.74396     5.1646    31.8801    1467.65  0.000e+00
     13.648   65.76070 -168.74396     5.1586    31.8833    1467.63  0.000e+00
     13.594   65.76070 -168.74396     5.1544    31.8851    1467.62  0.000e+00
     13.617   65.76070 -168.74396     5.1509    31.8855    1467.61  0.000e+00
     13.594   65.76070 -168.74396     5.1473    31.8857    1467.59  0.000e+00
     13.648   65.76070 -168.74396     5.1439    31.8854    1467.58  0.000e+00
     13.594   65.76070 -168.74396     5.1393    31.8856    1467.56  0.000e+00
     13.648   65.76070 -168.74396     5.1326    31.8864    1467.53  0.000e+00
     13.617   65.76070 -168.74396     5.1254    31.8865    1467.50  0.000e+00
     13.648   65.76070 -168.74396     5.1180    31.8881    1467.48  0.000e+00
     13.648   65.76070 -168.74396     5.1109    31.8911    1467.45  0.000e+00
     13.648   65.76070 -168.74396     5.1048    31.8938    1467.43  0.000e+00
     13.702   65.76070 -168.74396     5.0990    31.8963    1467.41  0.000e+00
     13.671   65.76070 -168.74396     5.0928    31.9000    1467.39  0.000e+00
     13.648   65.76070 -168.74396     5.0890    31.9020    1467.37  0.000e+00
     13.702   65.76070 -168.74396     5.0860    31.9031    1467.36  0.000e+00
     13.764   65.76070 -168.74396     5.0829    31.9036    1467.35  0.000e+00
     13.702   65.76070 -168.74396     5.0800    31.9052    1467.34  0.000e+00
     13.733   65.76070 -168.74396     5.0770    31.9068    1467.33  0.000e+00
     13.702   65.76070 -168.74396     5.0748    31.9080    1467.32  0.000e+00
     13.764   65.76070 -168.74396     5.0726    31.9092    1467.32  0.000e+00
     13.764   65.76070 -168.74396     5.0705    31.9099    1467.31  0.000e+00
     13.764   65.76070 -168.74396     5.0686    31.9102    1467.30  0.000e+00
     13.733   65.76070 -168.74396     5.0667    31.9107    1467.30  0.000e+00
     13.818   65.76070 -168.74396     5.0651    31.9109    1467.29  0.000e+00
     13.764   65.76070 -168.74396     5.0637    31.9116    1467.28  0.000e+00
     13.818   65.76070 -168.74396     5.0631    31.9114    1467.28  0.000e+00
     13.764   65.76070 -168.74396     5.0623    31.9108    1467.28  0.000e+00
     13.849   65.76070 -168.74396     5.0612    31.9106    1467.28  0.000e+00
     13.880   65.76070 -168.74396     5.0601    31.9102    1467.27  0.000e+00
     13.880   65.76070 -168.74396     5.0580    31.9105    1467.26  0.000e+00
     13.818   65.76070 -168.74396     5.0567    31.9105    1467.26  0.000e+00
     13.880   65.76070 -168.74396     5.0551    31.9098    1467.25  0.000e+00
     13.903   65.76070 -168.74396     5.0532    31.9081    1467.24  0.000e+00
     13.934   65.76070 -168.74396     5.0497    31.9054    1467.22  0.000e+00
     13.880   65.76070 -168.74396     5.0454    31.9019    1467.20  0.000e+00
     13.934   65.76070 -168.74396     5.0395    31.9010    1467.18  0.000e+00
     13.934   65.76070 -168.74396     5.0334    31.8996    1467.15  0.000e+00
     13.964   65.76070 -168.74396     5.0261    31.9000    1467.12  0.000e+00
     13.995   65.76070 -168.74396     5.0181    31.9024    1467.09  0.000e+00
     13.995   65.76070 -168.74396     5.0097    31.9043    1467.06  0.000e+00
     13.995   65.76070 -168.74396     5.0006    31.9061    1467.02  0.000e+00
     14.072   65.76070 -168.74396     4.9902    31.9102    1466.99  0.000e+00
     14.049   65.76070 -168.74396     4.9806    31.9142    1466.95  0.000e+00
     14.049   65.76070 -168.74396     4.9693    31.9196    1466.91  0.000e+00
     14.049   65.76070 -168.74396     4.9580    31.9255    1466.87  0.000e+00
     14.103   65.76070 -168.74396     4.9486    31.9299    1466.84  0.000e+00
     14.134   65.76070 -168.74396     4.9407    31.9332    1466.81  0.000e+00
     14.103   65.76070 -168.74396     4.9329    31.9363    1466.79  0.000e+00
     14.165   65.76070 -168.74396     4.9264    31.9377    1466.76  0.000e+00
     14.165   65.76070 -168.74396     4.9199    31.9397    1466.74  0.000e+00
     14.219   65.76070 -168.74396     4.9136    31.9419    1466.72  0.000e+00
     14.188   65.76070 -168.74396     4.9077    31.9435    1466.69  0.000e+00
     14.219   65.76070 -168.74396     4.9029    31.9445    1466.67  0.000e+00
     14.219   65.76070 -168.74396     4.8980    31.9458    1466.66  0.000e+00
     14.281   65.76070 -168.74396     4.8934    31.9474    1466.64  0.000e+00
     14.250   65.76070 -168.74396     4.8896    31.9485    1466.63  0.000e+00
     14.335   65.76070 -168.74396     4.8853    31.9509    1466.61  0.000e+00
     14.335   65.76070 -168.74396     4.8824    31.9528    1466.60  0.000e+00
     14.335   65.76070 -168.74396     4.8801    31.9550    1466.60  0.000e+00
     14.335   65.76070 -168.74396     4.8781    31.9559    1466.59  0.000e+00
     14.358   65.76070 -168.74396     4.8759    31.9561    1466.58  0.000e+00
     14.450   65.76070 -168.74396     4.8738    31.9560    1466.57  0.000e+00
     14.450   65.76070 -168.74396     4.8719    31.9568    1466.57  0.000e+00
     14.450   65.76070 -168.74396     4.8708    31.9566    1466.56  0.000e+00
     14.504   65.76070 -168.74396     4.8691    31.9553    1466.55  0.000e+00
     14.474   65.76070 -168.74396     4.8671    31.9546    1466.55  0.000e+00
     14.566   65.76070 -168.74396     4.8644    31.9544    1466.54  0.000e+00
     14.504   65.76070 -168.74396     4.8622    31.9545    1466.53  0.000e+00
     14.566   65.76070 -168.74396     4.8598    31.9554    1466.52  0.000e+00
     14.589   65.76070 -168.74396     4.8579    31.9565    1466.51  0.000e+00
     14.566   65.76070 -168.74396     4.8560    31.9573    1466.50  0.000e+00
     14.620   65.76070 -168.74396     4.8546    31.9579    1466.50  0.000e+00
     14.620   65.76070 -168.74396     4.8536    31.9579    1466.50  0.000e+00
     14.682   65.76070 -168.74396     4.8524    31.9586    1466.49  0.000e+00
     14.705   65.76070 -168.74396     4.8515    31.9582    1466.49  0.000e+00
     14.736   65.76070 -168.74396     4.8507    31.9587    1466.49  0.000e+00
     14.736   65.76070 -168.74396     4.8498    31.9585    1466.48  0.000e+00
     14.736   65.76070 -168.74396     4.8488    31.9567    1466.48  0.000e+00
     14.759   65.76070 -168.74396     4.8471    31.9551    1466.47  0.000e+00
     14.798   65.76070 -168.74396     4.8450    31.9542    1466.46  0.000e+00
     14.798   65.76070 -168.74396     4.8428    31.9532    1466.45  0.000e+00
     14.798   65.76070 -168.74396     4.8401    31.9526    1466.44  0.000e+00
     14.906   65.76070 -168.74396     4.8372    31.9523    1466.43  0.000e+00
     14.821   65.76070 -168.74396     4.8341    31.9524    1466.41  0.000e+00
     14.852   65.76070 -168.74396     4.8312    31.9530    1466.40  0.000e+00
     14.906   65.76070 -168.74396     4.8278    31.9540    1466.39  0.000e+00
     14.906   65.76070 -168.74396     4.8251    31.9545    1466.38  0.000e+00
     14.936   65.76070 -168.74396     4.8226    31.9548    1466.37  0.000e+00
     14.906   65.76070 -168.74396     4.8202    31.9553    1466.36  0.000e+00
     14.967   65.76070 -168.74396     4.8183    31.9554    1466.35  0.000e+00
     14.967   65.76070 -168.74396     4.8162    31.9545    1466.34  0.000e+00
     14.990   65.76070 -168.74396     4.8140    31.9549    1466.34  0.000e+00
     14.967   65.76070 -168.74396     4.8123    31.9542    1466.33  0.000e+00
     15.021   65.76070 -168.74396     4.8102    31.9536    1466.32  0.000e+00
     15.021   65.76070 -168.74396     4.8079    31.9538    1466.31  0.000e+00
     15.021   65.76070 -168.74396     4.8051    31.9547    1466.30  0.000e+00
     15.052   65.76070 -168.74398     4.8019    31.9560    1466.29  0.000e+00
     15.021   65.76070 -168.74398     4.7999    31.9569    1466.28  0.000e+00
     15.083   65.76070 -168.74398     4.7981    31.9575    1466.28  0.000e+00
     15.083   65.76070 -168.74398     4.7970    31.9570    1466.27  0.000e+00
     15.106   65.76070 -168.74398     4.7956    31.9555    1466.26  0.000e+00
     15.137   65.76070 -168.74398     4.7930    31.9548    1466.25  0.000e+00
     15.137   65.76070 -168.74398     4.7898    31.9562    1466.24  0.000e+00
     15.137   65.76070 -168.74398     4.7873    31.9571    1466.23  0.000e+00
     15.106   65.76070 -168.74398     4.7844    31.9580    1466.22  0.000e+00
     15.191   65.76070 -168.74398     4.7818    31.9584    1466.21  0.000e+00
     15.137   65.76070 -168.74398     4.7791    31.9598    1466.20  0.000e+00
     15.191   65.76070 -168.74398     4.7767    31.9604    1466.19  0.000e+00
     15.137   65.76070 -168.74398     4.7743    31.9608    1466.18  0.000e+00
     15.222   65.76070 -168.74398     4.7719    31.9624    1466.18  0.000e+00
     15.191   65.76070 -168.74398     4.7699    31.9634    1466.17  0.000e+00
     15.191   65.76070 -168.74398     4.7687    31.9638    1466.16  0.000e+00
     15.191   65.76070 -168.74398     4.7672    31.9643    1466.16  0.000e+00
     15.222   65.76070 -168.74398     4.7657    31.9638    1466.15  0.000e+00
     15.253   65.76070 -168.74398     4.7641    31.9642    1466.15  0.000e+00
     15.253   65.76070 -168.74398     4.7627    31.9651    1466.14  0.000e+00
     15.253   65.76070 -168.74398     4.7611    31.9650    1466.13  0.000e+00
     15.276   65.76070 -168.74398     4.7597    31.9650    1466.13  0.000e+00
     15.307   65.76070 -168.74398     4.7583    31.9659    1466.13  0.000e+00
     15.253   65.76070 -168.74398     4.7570    31.9666    1466.12  0.000e+00
     15.307   65.76070 -168.74398     4.7565    31.9667    1466.12  0.000e+00
     15.338   65.76070 -168.74398     4.7559    31.9664    1466.12  0.000e+00
     15.307   65.76070 -168.74398     4.7548    31.9658    1466.11  0.000e+00
     15.307   65.76070 -168.74398     4.7532    31.9664    1466.10  0.000e+00
     15.368   65.76070 -168.74398     4.7517    31.9663    1466.10  0.000e+00
     15.338   65.76070 -168.74398     4.7506    31.9672    1466.10  0.000e+00
     15.307   65.76070 -168.74398     4.7493    31.9669    1466.09  0.000e+00
     15.422   65.76070 -168.74398     4.7481    31.9668    1466.09  0.000e+00
     15.307   65.76070 -168.74398     4.7470    31.9677    1466.08  0.000e+00
