EcoFOCI/data/1_SampleCollection/2023_SikuliaqDBO_CruiseData/CTD_raw_BottleFile_SKQ23-12S/proc/skq202312s_050.cnv
* Sea-Bird SBE 9 Data File:
* FileName = D:\CTD\SKQ202312S\SKQ202312S_050.hex
* Software Version Seasave V 7.26.7.121
* Temperature SN = 6177
* Conductivity SN = 0369
* Number of Bytes Per Scan = 41
* Number of Voltage Words = 4
* Number of Scans Averaged by the Deck Unit = 1
* NMEA Latitude = 70 34.79 N
* NMEA Longitude = 162 29.45 W
* NMEA UTC (Time) = Sep 26 2023  15:58:50
* NMEA baud rate = 4800
** Ship: R/V Sikuliaq
** Station Number: 050
** Station Name: IC11
** Bottom Depth: 38
** Operator: SD
# nquan = 24
# nvalues = 4614                                  
# units = specified
# name 0 = depSM: Depth [salt water, m]
# name 1 = latitude: Latitude [deg]
# name 2 = longitude: Longitude [deg]
# name 3 = prDM: Pressure, Digiquartz [db]
# name 4 = t090C: Temperature [ITS-90, deg C]
# name 5 = t190C: Temperature, 2 [ITS-90, deg C]
# name 6 = potemp090C: Potential Temperature [ITS-90, deg C]
# name 7 = sal00: Salinity, Practical [PSU]
# name 8 = sal11: Salinity, Practical, 2 [PSU]
# name 9 = density00: Density [density, kg/m^3]
# name 10 = sigma-é00: Density [sigma-theta, kg/m^3]
# name 11 = sbox0Mm/Kg: Oxygen, SBE 43 [umol/kg]
# name 12 = sbox1Mm/Kg: Oxygen, SBE 43, 2 [umol/kg]
# name 13 = oxsolMm/Kg: Oxygen Saturation, Garcia & Gordon [umol/kg]
# name 14 = sbeox0PS: Oxygen, SBE 43 [% saturation]
# name 15 = sbeox1PS: Oxygen, SBE 43, 2 [% saturation]
# name 16 = v0: Voltage 0
# name 17 = flECO-AFL: Fluorescence, WET Labs ECO-AFL/FL [mg/m^3]
# name 18 = v1: Voltage 1
# name 19 = CStarAt0: Beam Attenuation, WET Labs C-Star [1/m]
# name 20 = par: PAR/Irradiance, Biospherical/Licor
# name 21 = scan: Scan Count
# name 22 = timeM: Time, Elapsed [minutes]
# name 23 = flag:  0.000e+00
# span 0 =      2.851,     34.023                 
# span 1 =   70.57986,   70.58002                 
# span 2 = -162.49076, -162.49074                 
# span 3 =      2.880,     34.375                 
# span 4 =     5.4639,     7.5769                 
# span 5 =     5.4654,     7.5814                 
# span 6 =     5.4623,     7.5751                 
# span 7 =    28.5417,    30.9913                 
# span 8 =    28.5550,    31.0027                 
# span 9 =  1022.4049,  1024.5482                 
# span 10 =    22.3910,    24.3894                
# span 11 =    182.588,    292.809                
# span 12 =    173.490,    274.524                
# span 13 =  299.45973,  314.40966                
# span 14 =     58.204,     94.299                
# span 15 =     55.298,     88.360                
# span 16 =     0.0781,     0.2161                
# span 17 =     0.1209,     0.9487                
# span 18 =     2.4799,     4.1111                
# span 19 =     0.5460,     2.5688                
# span 20 = 1.0000e-12, 9.5033e-01                
# span 21 =          1,       4614                
# span 22 =     0.0000,     3.2035                
# span 23 = 0.0000e+00, 0.0000e+00                
# interval = seconds: 0.0416667
# start_time = Sep 26 2023 16:02:32 [NMEA time, first data scan]
# bad_flag = -9.990e-29
*END*
[from data line 1510]
     10.825   70.57990 -162.49076     10.936     6.6040     6.6048     6.6032    28.5752    28.5861  1022.4612    22.4105    291.981    271.295  310.47583     94.043     87.389     0.2088     0.9047     4.0330     0.6228 1.0084e-02       1511     1.0486  0.000e+00
     10.771   70.57990 -162.49076     10.881     6.6044     6.6044     6.6035    28.5758    28.5858  1022.4613    22.4109    291.981    271.303  310.47202     94.044     87.391     0.2076     0.8974     4.0342     0.6216 9.7231e-03       1512     1.0493  0.000e+00
     10.825   70.57990 -162.49076     10.936     6.6046     6.6043     6.6038    28.5766    28.5857  1022.4622    22.4116    291.987    271.496  310.46820     94.047     87.453     0.2088     0.9047     4.0342     0.6216 7.2223e-03       1513     1.0500  0.000e+00
     10.794   70.57990 -162.49076     10.905     6.6052     6.6043     6.6043    28.5765    28.5861  1022.4619    22.4114    292.186    271.348  310.46448     94.113     87.405     0.2076     0.8974     4.0342     0.6216 5.1175e-03       1514     1.0507  0.000e+00
     10.825   70.57990 -162.49076     10.936     6.6060     6.6053     6.6051    28.5761    28.5865  1022.4616    22.4110    291.989    271.340  310.45998     94.051     87.405     0.2076     0.8974     4.0342     0.6216 4.7702e-03       1515     1.0514  0.000e+00
     10.825   70.57990 -162.49076     10.936     6.6062     6.6056     6.6053    28.5752    28.5869  1022.4610    22.4103    291.994    271.340  310.46045     94.052     87.406     0.2063     0.8901     4.0342     0.6216 6.1655e-03       1516     1.0521  0.000e+00
     10.825   70.57990 -162.49076     10.936     6.6062     6.6059     6.6053    28.5744    28.5867  1022.4603    22.4096    292.001    271.343  310.46232     94.053     87.407     0.2051     0.8828     4.0342     0.6216 7.5765e-03       1517     1.0528  0.000e+00
     10.886   70.57990 -162.49076     10.998     6.6058     6.6059     6.6049    28.5743    28.5867  1022.4606    22.4096    292.011    271.354  310.46543     94.056     87.410     0.2039     0.8754     4.0342     0.6216 7.9318e-03       1518     1.0535  0.000e+00
     10.855   70.57990 -162.49076     10.967     6.6055     6.6056     6.6046    28.5739    28.5867  1022.4602    22.4094    292.017    271.366  310.46813     94.057     87.414     0.2039     0.8754     4.0342     0.6216 4.7702e-03       1519     1.0542  0.000e+00
     10.886   70.57990 -162.49076     10.998     6.6052     6.6059     6.6043    28.5736    28.5862  1022.4601    22.4091    292.026    271.380  310.47116     94.059     87.419     0.2027     0.8681     4.0342     0.6216 3.4241e-04       1520     1.0549  0.000e+00
     10.886   70.57990 -162.49076     10.998     6.6048     6.6054     6.6040    28.5734    28.5866  1022.4599    22.4090    292.033    271.559  310.47419     94.060     87.476     0.2039     0.8754     4.0342     0.6216 1.0000e-12       1521     1.0556  0.000e+00
     10.886   70.57990 -162.49076     10.998     6.6047     6.6052     6.6038    28.5730    28.5867  1022.4596    22.4087    292.040    271.400  310.47622     94.062     87.424     0.2039     0.8754     4.0342     0.6216 3.4241e-04       1522     1.0562  0.000e+00
     10.909   70.57990 -162.49076     11.022     6.6044     6.6052     6.6035    28.5737    28.5864  1022.4603    22.4093    292.046    271.582  310.47680     94.064     87.483     0.2039     0.8754     4.0330     0.6228 1.6876e-03       1523     1.0569  0.000e+00
     10.886   70.57990 -162.49076     10.998     6.6042     6.6055     6.6033    28.5752    28.5862  1022.4615    22.4105    292.048    271.602  310.47476     94.065     87.489     0.2027     0.8681     4.0366     0.6192 2.0263e-03       1524     1.0576  0.000e+00
     10.886   70.57990 -162.49076     10.998     6.6050     6.6068     6.6041    28.5766    28.5867  1022.4625    22.4115    292.044    271.793  310.46572     94.066     87.554     0.2039     0.8754     4.0379     0.6180 3.3905e-03       1525     1.0583  0.000e+00
     10.940   70.57990 -162.49076     11.053     6.6055     6.6077     6.6046    28.5767    28.5873  1022.4628    22.4115    291.848    271.651  310.46178     94.005     87.510     0.2027     0.8681     4.0379     0.6180 6.8690e-03       1526     1.0590  0.000e+00
     10.940   70.57990 -162.49076     11.053     6.6058     6.6085     6.6049    28.5767    28.5873  1022.4627    22.4115    292.022    271.671  310.45976     94.061     87.518     0.2039     0.8754     4.0379     0.6180 7.9318e-03       1527     1.0597  0.000e+00
     10.909   70.57990 -162.49076     11.022     6.6063     6.6086     6.6054    28.5759    28.5877  1022.4619    22.4108    292.025    271.873  310.45777     94.063     87.584     0.2051     0.8828     4.0379     0.6180 7.9318e-03       1528     1.0604  0.000e+00
     10.940   70.57990 -162.49076     11.053     6.6064     6.6088     6.6055    28.5763    28.5876  1022.4623    22.4111    292.030    271.919  310.45628     94.065     87.599     0.2039     0.8754     4.0379     0.6180 6.5167e-03       1529     1.0611  0.000e+00
     10.994   70.57990 -162.49076     11.107     6.6066     6.6083     6.6057    28.5763    28.5870  1022.4625    22.4111    292.008    271.793  310.45477     94.058     87.557     0.2051     0.8828     4.0379     0.6180 6.1655e-03       1530     1.0618  0.000e+00
     10.940   70.57990 -162.49076     11.053     6.6070     6.6078     6.6061    28.5761    28.5873  1022.4621    22.4109    292.008    272.001  310.45250     94.059     87.623     0.2039     0.8754     4.0379     0.6180 6.5167e-03       1531     1.0625  0.000e+00
     10.940   70.57990 -162.49076     11.053     6.6073     6.6085     6.6064    28.5760    28.5870  1022.4620    22.4108    292.010    272.045  310.45064     94.060     87.639     0.2051     0.8828     4.0379     0.6180 7.2223e-03       1532     1.0632  0.000e+00
     10.963   70.57990 -162.49076     11.076     6.6073     6.6081     6.6064    28.5762    28.5874  1022.4622    22.4109    292.015    272.079  310.45018     94.062     87.649     0.2039     0.8754     4.0379     0.6180 7.5765e-03       1533     1.0639  0.000e+00
     10.994   70.57990 -162.49076     11.107     6.6074     6.6068     6.6065    28.5765    28.5872  1022.4626    22.4111    292.019    272.138  310.44842     94.064     87.665     0.2051     0.8828     4.0379     0.6180 7.5765e-03       1534     1.0646  0.000e+00
     10.940   70.57990 -162.49076     11.053     6.6079     6.6062     6.6070    28.5765    28.5860  1022.4623    22.4110    292.018    272.193  310.44521     94.064     87.681     0.2039     0.8754     4.0379     0.6180 1.0810e-02       1535     1.0653  0.000e+00
     10.994   70.57990 -162.49076     11.107     6.6079     6.6052     6.6071    28.5757    28.5865  1022.4619    22.4105    292.026    272.072  310.44655     94.067     87.640     0.2051     0.8828     4.0379     0.6180 1.2642e-02       1536     1.0660  0.000e+00
     10.994   70.57990 -162.49076     11.107     6.6077     6.6046     6.6068    28.5754    28.5858  1022.4617    22.4103    292.033    272.290  310.44868     94.068     87.709     0.2039     0.8754     4.0379     0.6180 1.3012e-02       1537     1.0667  0.000e+00
     11.025   70.57990 -162.49076     11.138     6.6081     6.6040     6.6072    28.5750    28.5856  1022.4615    22.4099    292.037    272.349  310.44699     94.070     87.727     0.2051     0.8828     4.0379     0.6180 1.6384e-02       1538     1.0674  0.000e+00
     10.994   70.57990 -162.49076     11.107     6.6077     6.6042     6.6068    28.5759    28.5861  1022.4621    22.4106    292.041    272.381  310.44762     94.071     87.737     0.2039     0.8754     4.0379     0.6180 1.9455e-02       1539     1.0681  0.000e+00
     11.056   70.57990 -162.49076     11.170     6.6077     6.6054     6.6068    28.5755    28.5861  1022.4621    22.4103    292.020    272.588  310.44850     94.064     87.807     0.2051     0.8828     4.0379     0.6180 1.9844e-02       1540     1.0688  0.000e+00
     10.994   70.57990 -162.49076     11.107     6.6077     6.6058     6.6068    28.5748    28.5865  1022.4612    22.4097    291.994    272.634  310.45015     94.055     87.823     0.2039     0.8754     4.0379     0.6180 1.2642e-02       1541     1.0694  0.000e+00
     11.025   70.57990 -162.49076     11.138     6.6076     6.6068     6.6067    28.5745    28.5867  1022.4611    22.4095    292.000    272.679  310.45188     94.056     87.839     0.2039     0.8754     4.0379     0.6180 3.7340e-03       1542     1.0701  0.000e+00
     11.056   70.57990 -162.49076     11.170     6.6073     6.6073     6.6064    28.5740    28.5870  1022.4609    22.4092    292.007    272.708  310.45532     94.057     87.850     0.2027     0.8681     4.0379     0.6180 2.0263e-03       1543     1.0708  0.000e+00
     11.056   70.57990 -162.49076     11.170     6.6070     6.6077     6.6061    28.5737    28.5871  1022.4608    22.4090    292.012    272.754  310.45799     94.058     87.866     0.2039     0.8754     4.0391     0.6168 2.3659e-03       1544     1.0715  0.000e+00
     11.056   70.57990 -162.49076     11.170     6.6065     6.6078     6.6056    28.5739    28.5873  1022.4610    22.4092    292.017    272.980  310.46126     94.059     87.939     0.2027     0.8681     4.0391     0.6168 3.3905e-03       1545     1.0722  0.000e+00
     11.056   70.57990 -162.49076     11.170     6.6064     6.6078     6.6055    28.5743    28.5869  1022.4613    22.4095    292.217    273.045  310.46079     94.124     87.959     0.2027     0.8681     4.0403     0.6156 3.3905e-03       1546     1.0729  0.000e+00
     11.079   70.57990 -162.49076     11.193     6.6062     6.6078     6.6053    28.5738    28.5869  1022.4610    22.4092    292.052    272.930  310.46371     94.069     87.923     0.2027     0.8681     4.0391     0.6168 1.0131e-03       1547     1.0736  0.000e+00
     11.056   70.57990 -162.49076     11.170     6.6057     6.6073     6.6048    28.5729    28.5872  1022.4602    22.4085    292.058    272.958  310.46948     94.070     87.931     0.2027     0.8681     4.0403     0.6156 1.0000e-12       1548     1.0743  0.000e+00
     11.110   70.57990 -162.49076     11.224     6.6048     6.6064     6.6040    28.5732    28.5877  1022.4608    22.4088    292.066    273.169  310.47465     94.071     87.997     0.2027     0.8681     4.0403     0.6156 1.0000e-12       1549     1.0750  0.000e+00
     11.056   70.57990 -162.49076     11.170     6.6044     6.6053     6.6035    28.5734    28.5885  1022.4608    22.4090    292.068    273.213  310.47751     94.071     88.009     0.2027     0.8681     4.0391     0.6168 2.0263e-03       1550     1.0757  0.000e+00
     11.110   70.57990 -162.49076     11.224     6.6040     6.6046     6.6031    28.5740    28.5884  1022.4616    22.4096    291.480    273.258  310.47899     93.881     88.022     0.2027     0.8681     4.0403     0.6156 5.1175e-03       1551     1.0764  0.000e+00
     11.141   70.57990 -162.49076     11.255     6.6037     6.6051     6.6028    28.5738    28.5878  1022.4616    22.4094    291.999    273.274  310.48134     94.047     88.028     0.2027     0.8681     4.0403     0.6156 5.8152e-03       1552     1.0771  0.000e+00
     11.110   70.57990 -162.49076     11.224     6.6036     6.6057     6.6027    28.5726    28.5873  1022.4605    22.4085    291.978    273.481  310.48513     94.039     88.096     0.2027     0.8681     4.0403     0.6156 6.5167e-03       1553     1.0778  0.000e+00
     11.110   70.57990 -162.49076     11.224     6.6026     6.6062     6.6017    28.5717    28.5871  1022.4599    22.4079    291.990    273.507  310.49416     94.040     88.105     0.2027     0.8681     4.0391     0.6168 8.6453e-03       1554     1.0785  0.000e+00
     11.171   70.57990 -162.49076     11.286     6.6021     6.6070     6.6012    28.5709    28.5865  1022.4597    22.4074    292.001    273.530  310.49961     94.042     88.114     0.2027     0.8681     4.0391     0.6168 9.0035e-03       1555     1.0792  0.000e+00
     11.056   70.57990 -162.49076     11.170     6.6013     6.6072     6.6004    28.5724    28.5868  1022.4604    22.4086    292.399    273.546  310.50252     94.170     88.119     0.2027     0.8681     4.0403     0.6156 7.5765e-03       1556     1.0799  0.000e+00
     11.195   70.57990 -162.49076     11.310     6.6010     6.6068     6.6001    28.5739    28.5870  1022.4623    22.4099    292.035    273.589  310.50075     94.053     88.133     0.2015     0.8608     4.0403     0.6156 3.3905e-03       1557     1.0806  0.000e+00
     11.110   70.57990 -162.49076     11.224     6.6012     6.6066     6.6003    28.5748    28.5869  1022.4625    22.4106    292.029    273.781  310.49766     94.052     88.194     0.2027     0.8681     4.0391     0.6168 2.0263e-03       1558     1.0813  0.000e+00
     11.171   70.57990 -162.49076     11.286     6.6014     6.6064     6.6005    28.5754    28.5868  1022.4632    22.4110    292.029    273.813  310.49493     94.053     88.204     0.2027     0.8681     4.0391     0.6168 2.3659e-03       1559     1.0819  0.000e+00
     11.171   70.57990 -162.49076     11.286     6.6017     6.6056     6.6008    28.5753    28.5871  1022.4632    22.4109    292.026    273.842  310.49283     94.053     88.212     0.2027     0.8681     4.0403     0.6156 3.7340e-03       1560     1.0826  0.000e+00
     11.141   70.57990 -162.49076     11.255     6.6019     6.6059     6.6010    28.5755    28.5870  1022.4631    22.4110    292.023    273.680  310.49063     94.052     88.160     0.2027     0.8681     4.0391     0.6168 4.4238e-03       1561     1.0833  0.000e+00
     11.225   70.57990 -162.49076     11.341     6.6026     6.6064     6.6017    28.5742    28.5867  1022.4625    22.4099    292.023    273.696  310.48833     94.053     88.166     0.2027     0.8681     4.0391     0.6168 4.7702e-03       1562     1.0840  0.000e+00
     11.171   70.57990 -162.49076     11.286     6.6025     6.6067     6.6016    28.5745    28.5869  1022.4624    22.4102    292.051    273.865  310.48884     94.062     88.221     0.2039     0.8754     4.0403     0.6156 7.2223e-03       1563     1.0847  0.000e+00
     11.171   70.57990 -162.49076     11.286     6.6025     6.6070     6.6016    28.5744    28.5870  1022.4624    22.4101    292.052    273.871  310.48900     94.062     88.224     0.2027     0.8681     4.0366     0.6192 9.0035e-03       1564     1.0854  0.000e+00
     11.225   70.57990 -162.49076     11.341     6.6025     6.6062     6.6016    28.5742    28.5866  1022.4624    22.4099    292.056    273.883  310.48963     94.063     88.226     0.2039     0.8754     4.0342     0.6216 9.0035e-03       1565     1.0861  0.000e+00
     11.195   70.57990 -162.49076     11.310     6.6025     6.6042     6.6016    28.5743    28.5858  1022.4624    22.4100    292.055    273.897  310.48927     94.063     88.226     0.2027     0.8681     4.0330     0.6228 5.8152e-03       1566     1.0868  0.000e+00
     11.225   70.57990 -162.49076     11.341     6.6026     6.6032     6.6017    28.5741    28.5854  1022.4623    22.4098    292.057    273.901  310.48909     94.064     88.225     0.2039     0.8754     4.0342     0.6216 3.7340e-03       1567     1.0875  0.000e+00
     11.171   70.57990 -162.49076     11.286     6.6025     6.6024     6.6016    28.5745    28.5853  1022.4624    22.4102    292.056    273.895  310.48884     94.063     88.221     0.2039     0.8754     4.0342     0.6216 2.3659e-03       1568     1.0882  0.000e+00
     11.287   70.57990 -162.49076     11.403     6.6025     6.6024     6.6016    28.5740    28.5852  1022.4626    22.4098    291.865    274.064  310.48993     94.001     88.275     0.2051     0.8828     4.0342     0.6216 3.4241e-04       1569     1.0889  0.000e+00
