EcoFOCI/data/1_SampleCollection/2023_SikuliaqDBO_CruiseData/CTD_raw_BottleFile_SKQ23-12S/proc/skq202312s_029avg.cnv
* Sea-Bird SBE 9 Data File:
* FileName = D:\CTD\SKQ202312S\SKQ202312S_029.hex
* Software Version Seasave V 7.26.7.121
* Temperature SN = 6177
* Conductivity SN = 0369
* Number of Bytes Per Scan = 41
* Number of Voltage Words = 4
* Number of Scans Averaged by the Deck Unit = 1
* NMEA Latitude = 71 24.54 N
* NMEA Longitude = 157 29.66 W
* NMEA UTC (Time) = Sep 21 2023  04:58:57
* NMEA baud rate = 4800
** Ship: R/V Sikuliaq
** Station Number: 029
** Station Name: DBO5.5
** Bottom Depth: 124
** Operator: SS
# nquan = 25
# nvalues = 118                         
# units = specified
# name 0 = depSM: Depth [salt water, m]
# name 1 = latitude: Latitude [deg]
# name 2 = longitude: Longitude [deg]
# name 3 = prDM: Pressure, Digiquartz [db]
# name 4 = t090C: Temperature [ITS-90, deg C]
# name 5 = t190C: Temperature, 2 [ITS-90, deg C]
# name 6 = potemp090C: Potential Temperature [ITS-90, deg C]
# name 7 = sal00: Salinity, Practical [PSU]
# name 8 = sal11: Salinity, Practical, 2 [PSU]
# name 9 = density00: Density [density, kg/m^3]
# name 10 = sigma-é00: Density [sigma-theta, kg/m^3]
# name 11 = sbox0Mm/Kg: Oxygen, SBE 43 [umol/kg]
# name 12 = sbox1Mm/Kg: Oxygen, SBE 43, 2 [umol/kg]
# name 13 = oxsolMm/Kg: Oxygen Saturation, Garcia & Gordon [umol/kg]
# name 14 = sbeox0PS: Oxygen, SBE 43 [% saturation]
# name 15 = sbeox1PS: Oxygen, SBE 43, 2 [% saturation]
# name 16 = v0: Voltage 0
# name 17 = flECO-AFL: Fluorescence, WET Labs ECO-AFL/FL [mg/m^3]
# name 18 = v1: Voltage 1
# name 19 = CStarAt0: Beam Attenuation, WET Labs C-Star [1/m]
# name 20 = par: PAR/Irradiance, Biospherical/Licor
# name 21 = scan: Scan Count
# name 22 = timeM: Time, Elapsed [minutes]
# name 23 = nbin: number of scans per bin
# name 24 = flag: flag
# span 0 =      3.959,    119.730       
# span 1 =   71.40904,   71.40908       
# span 2 = -157.49357, -157.49247       
# span 3 =      4.000,    121.000       
# span 4 =    -1.6678,     4.7423       
# span 5 =    -1.6665,     4.7429       
# span 6 =    -1.6700,     4.7414       
# span 7 =    30.2778,    32.7520       
# span 8 =    30.2878,    32.7622       
# span 9 =  1023.9903,  1026.9343       
# span 10 =    23.9634,    26.3502      
# span 11 =    245.002,    487.743      
# span 12 =    229.662,    446.218      
# span 13 =  319.55509,  370.18224      
# span 14 =     66.187,    132.890      
# span 15 =     62.051,    121.323      
# span 16 =     0.0728,     0.3417      
# span 17 =     0.0890,     1.7021      
# span 18 =     2.8935,     4.2170      
# span 19 =     0.4442,     1.9916      
# span 20 = -5.624e-09, 1.1419e+00      
# span 21 =        236,       8140      
# span 22 =     0.1632,     5.6519      
# span 23 =         18,        490      
# span 24 = 0.0000e+00, 0.0000e+00      
# interval = decibars: 1                
# start_time = Sep 21 2023 05:03:15 [NMEA time, first data scan]
# bad_flag = -9.990e-29
*END*
      3.959   71.40904 -157.49357      4.000     4.7069     4.7076     4.7066    30.2878    30.2954  1023.9903    23.9716    304.826    286.744  320.63570     95.069     89.437     0.1776     0.7175     3.8712     0.7866 1.1419e+00        236     0.1632        272 0.0000e+00
      4.949   71.40904 -157.49353      5.000     4.7088     4.7102     4.7085    30.2941    30.3047  1023.9998    23.9764    304.632    287.364  320.60547     95.018     89.642     0.1682     0.6610     3.8830     0.7745 8.7215e-01        507     0.3514         81 0.0000e+00
      5.939   71.40904 -157.49352      6.000     4.7103     4.7115     4.7099    30.2839    30.2932  1023.9962    23.9682    305.162    286.168  320.61864     95.179     89.264     0.1746     0.6994     3.8761     0.7816 6.6999e-01        652     0.4523         99 0.0000e+00
      6.928   71.40905 -157.49350      7.000     4.7093     4.7100     4.7088    30.2861    30.2970  1024.0027    23.9700    304.087    287.079  320.62167     94.843     89.547     0.1804     0.7344     3.8781     0.7795 5.0600e-01        815     0.5653        181 0.0000e+00
      7.918   71.40906 -157.49348      8.000     4.7099     4.7106     4.7093    30.2778    30.2878  1024.0008    23.9634    304.926    286.556  320.63680     95.100     89.379     0.1873     0.7759     3.8777     0.7799 3.7852e-01        972     0.6744        122 0.0000e+00
      8.908   71.40906 -157.49345      9.000     4.7092     4.7092     4.7086    30.3000    30.3008  1024.0231    23.9810    304.634    287.587  320.58857     95.023     89.706     0.1917     0.8021     3.8849     0.7724 2.9452e-01       1118     0.7757        172 0.0000e+00
      9.898   71.40906 -157.49344     10.000     4.7145     4.7152     4.7138    30.3369    30.3434  1024.0565    24.0098    304.652    287.171  320.45916     95.067     89.618     0.1758     0.7068     3.8988     0.7583 2.2405e-01       1269     0.8807        182 0.0000e+00
     10.887   71.40906 -157.49342     11.000     4.7196     4.7169     4.7189    30.3826    30.3659  1024.0968    24.0455    304.387    287.016  320.31021     95.029     89.588     0.1699     0.6716     3.9417     0.7145 1.6270e-01       1402     0.9727         81 0.0000e+00
     11.877   71.40906 -157.49340     12.000     4.7236     4.7244     4.7228    30.4158    30.4228  1024.1274    24.0714    304.413    286.286  320.20029     95.070     89.415     0.1664     0.6503     3.9502     0.7058 1.2498e-01       1555     1.0793         57 0.0000e+00
     12.867   71.40906 -157.49337     13.000     4.7423     4.7429     4.7414    30.5928    30.6013  1024.2705    24.2098    303.979    286.561  319.63287     95.103     89.660     0.1389     0.4852     4.0655     0.5911 8.8617e-02       1694     1.1756        192 0.0000e+00
     13.857   71.40906 -157.49336     14.000     4.7400     4.7410     4.7390    30.6328    30.6424  1024.3070    24.2417    304.024    287.142  319.55509     95.140     89.865     0.1188     0.3644     4.1519     0.5066 5.6864e-02       1814     1.2592         47 0.0000e+00
     14.846   71.40906 -157.49334     15.000     4.7299     4.7302     4.7289    30.6359    30.6461  1024.3152    24.2452    303.468    286.689  319.62469     94.945     89.703     0.1182     0.3614     4.1795     0.4801 4.8491e-02       1881     1.3053         84 0.0000e+00
     15.836   71.40906 -157.49334     16.000     4.6986     4.6995     4.6976    30.6421    30.6524  1024.3280    24.2533    303.555    288.100  319.85013     94.905     90.082     0.1155     0.3450     4.1896     0.4704 3.2255e-02       1946     1.3504         48 0.0000e+00
     16.826   71.40906 -157.49332     17.000     4.6571     4.6581     4.6559    30.6486    30.6591  1024.3420    24.2627    303.494    286.577  320.15443     94.796     89.521     0.1047     0.2801     4.1964     0.4639 1.0939e-02       1995     1.3846         51 0.0000e+00
     17.816   71.40906 -157.49332     18.000     4.6252     4.6258     4.6240    30.6537    30.6639  1024.3540    24.2700    304.750    287.299  320.38766     95.119     89.680     0.1116     0.3215     4.1965     0.4637 1.2171e-02       2061     1.4302         71 0.0000e+00
     18.805   71.40906 -157.49332     19.000     4.5943     4.5957     4.5931    30.6586    30.6697  1024.3656    24.2769    305.408    287.734  320.61400     95.257     89.755     0.1071     0.2946     4.1951     0.4651 1.0393e-02       2109     1.4641         29 0.0000e+00
     19.795   71.40906 -157.49331     20.000     4.5178     4.5194     4.5165    30.6747    30.6858  1024.3907    24.2973    305.893    288.122  321.16763     95.244     89.722     0.1049     0.2816     4.1971     0.4632 3.7120e-03       2137     1.4830         32 0.0000e+00
     20.785   71.40906 -157.49330     21.000     4.3032     4.3111     4.3018    30.7174    30.7294  1024.4505    24.3524    306.053    288.221  322.73321     94.831     89.331     0.0944     0.2181     4.2072     0.4536 6.8411e-04       2199     1.5267         78 0.0000e+00
     21.774   71.40906 -157.49330     22.000     4.1301     4.1263     4.1288    30.7461    30.7620  1024.4946    24.3917    310.761    290.836  324.02128     95.907     89.760     0.0907     0.1962     4.2016     0.4589 1.0398e-03       2247     1.5597         28 0.0000e+00
     22.764   71.40906 -157.49330     23.000     3.2167     3.2049     3.2154    30.9714    31.0020  1024.7593    24.6512    317.816    299.170  330.83201     96.068     90.423     0.0997     0.2500     4.2170     0.4442 8.0437e-05       2280     1.5824         46 0.0000e+00
     23.754   71.40906 -157.49328     24.000     1.2239     1.1923     1.2230    31.2900    31.3507  1025.1630    25.0489    334.820    305.895  347.00000     96.427     88.105     0.1409     0.4976     4.1872     0.4726 2.4652e-06       2350     1.6312         58 0.0000e+00
     24.743   71.40906 -157.49328     25.000    -0.4139    -0.4207    -0.4146    31.6487    31.6882  1025.5374    25.4174    377.021    340.815  361.10187    104.397     94.381     0.1417     0.5023     4.1563     0.5023 1.2041e-06       2386     1.6566         36 0.0000e+00
     25.733   71.40906 -157.49328     26.000    -0.9527    -0.9645    -0.9533    31.9404    31.9773  1025.7978    25.6726    433.868    379.339  365.44844    118.720    103.797     0.1226     0.3874     4.1964     0.4639 2.2786e-06       2440     1.6935         61 0.0000e+00
     26.723   71.40906 -157.49328     27.000    -1.1662    -1.1680    -1.1668    32.1171    32.1456  1025.9523    25.8221    487.743    435.508  367.03399    132.890    118.677     0.1200     0.3720     4.1771     0.4823 1.5000e-06       2490     1.7288         39 0.0000e+00
     27.712   71.40906 -157.49327     28.000    -1.2991    -1.2980    -1.2997    32.2800    32.3038  1026.0929    25.9578    477.972    446.218  367.87324    129.929    121.323     0.1335     0.4528     4.1602     0.4986 1.4754e-06       2530     1.7560         46 0.0000e+00
     28.702   71.40906 -157.49326     29.000    -1.3409    -1.3415    -1.3415    32.3659    32.3906  1026.1685    26.0286    450.119    429.485  368.03745    122.302    116.717     0.1628     0.6291     4.1331     0.5248 1.0448e-06       2582     1.7927         57 0.0000e+00
     29.692   71.40906 -157.49326     30.000    -1.3217    -1.3201    -1.3222    32.4517    32.4742  1026.2424    26.0977    416.092    400.130  367.59779    113.192    108.874     0.2809     1.3373     4.0329     0.6229 1.2920e-07       2640     1.8324         52 0.0000e+00
     30.681   71.40906 -157.49326     31.000    -1.3991    -1.3975    -1.3997    32.5472    32.5658  1026.3268    26.1772    401.769    385.333  368.08659    109.150    104.705     0.2722     1.2855     3.9406     0.7160 -5.624e-09       2688     1.8657         45 0.0000e+00
     31.671   71.40906 -157.49326     32.000    -1.3928    -1.3912    -1.3934    32.5615    32.5784  1026.3431    26.1887    389.702    375.287  367.98248    105.902    102.003     0.2745     1.2993     3.6694     1.0015 1.0000e-12       2734     1.8979         54 0.0000e+00
     32.661   71.40906 -157.49324     33.000    -1.4008    -1.4030    -1.4014    32.5571    32.5738  1026.3446    26.1853    330.146    330.249  368.07453     89.697     89.731     0.3105     1.5148     3.6130     1.0627 1.0000e-12       2796     1.9406         53 0.0000e+00
     33.650   71.40906 -157.49326     34.000    -1.4510    -1.4491    -1.4516    32.5626    32.5788  1026.3552    26.1911    304.482    296.965  368.55615     82.615     80.590     0.3134     1.5326     3.5959     1.0818 1.0000e-12       2836     1.9685         32 0.0000e+00
     34.640   71.40906 -157.49326     35.000    -1.4613    -1.4595    -1.4619    32.5642    32.5799  1026.3616    26.1927    301.506    289.004  368.65401     81.786     78.408     0.3077     1.4985     3.5936     1.0844 1.0000e-12       2872     1.9937         47 0.0000e+00
     35.629   71.40906 -157.49324     36.000    -1.4695    -1.4694    -1.4702    32.5670    32.5812  1026.3690    26.1952    306.850    292.371  368.72713     83.219     79.301     0.3417     1.7021     3.5991     1.0782 1.0000e-12       2939     2.0403         72 0.0000e+00
     36.619   71.40906 -157.49324     37.000    -1.4786    -1.4770    -1.4793    32.5737    32.5882  1026.3794    26.2008    309.182    293.224  368.79869     83.835     79.520     0.3299     1.6312     3.6037     1.0731 1.0000e-12       2989     2.0752         34 0.0000e+00
     37.609   71.40906 -157.49324     38.000    -1.4839    -1.4823    -1.4846    32.5796    32.5940  1026.3892    26.2058    309.067    292.283  368.83353     83.796     79.258     0.3105     1.5151     3.5854     1.0935 1.0000e-12       3025     2.1002         43 0.0000e+00
     38.598   71.40906 -157.49323     39.000    -1.4926    -1.4917    -1.4933    32.5824    32.5963  1026.3966    26.2083    307.981    291.272  368.91218     83.484     78.965     0.3314     1.6406     3.5955     1.0823 1.0000e-12       3078     2.1371         60 0.0000e+00
     39.588   71.40906 -157.49320     40.000    -1.5004    -1.4986    -1.5012    32.5881    32.6016  1026.4062    26.2131    305.408    287.531  368.97333     82.772     77.939     0.3318     1.6431     3.6049     1.0718 1.0000e-12       3133     2.1750         47 0.0000e+00
     40.577   71.40906 -157.49320     41.000    -1.5046    -1.5029    -1.5053    32.5932    32.6063  1026.4153    26.2173    304.238    286.282  368.99957     82.449     77.595     0.3078     1.4988     3.6142     1.0614 1.0000e-12       3182     2.2088         49 0.0000e+00
     41.567   71.40906 -157.49320     42.000    -1.5108    -1.5093    -1.5115    32.6042    32.6173  1026.4292    26.2264    303.325    284.868  369.02926     82.195     77.205     0.2769     1.3134     3.6312     1.0428 1.0000e-12       3225     2.2392         39 0.0000e+00
     42.557   71.40906 -157.49319     43.000    -1.5267    -1.5248    -1.5275    32.6213    32.6339  1026.4483    26.2407    302.075    283.446  369.13758     81.833     76.797     0.2399     1.0912     3.6376     1.0357 1.0000e-12       3268     2.2685         47 0.0000e+00
     43.546   71.40906 -157.49316     44.000    -1.5614    -1.5598    -1.5622    32.6348    32.6467  1026.4650    26.2525    295.484    279.125  369.44448     79.981     75.563     0.2433     1.1120     3.6350     1.0386 2.8292e-07       3334     2.3149         66 0.0000e+00
     44.536   71.40906 -157.49316     45.000    -1.5683    -1.5669    -1.5691    32.6368    32.6499  1026.4716    26.2543    288.757    272.325  369.50728     78.146     73.710     0.2464     1.1303     3.5836     1.0955 -3.681e-09       3382     2.3477         39 0.0000e+00
     45.525   71.40906 -157.49316     46.000    -1.5720    -1.5705    -1.5728    32.6392    32.6518  1026.4785    26.2563    287.857    270.115  369.53720     77.897     73.106     0.2424     1.1064     3.5823     1.0969 2.0227e-07       3419     2.3734         40 0.0000e+00
     46.515   71.40906 -157.49313     47.000    -1.5747    -1.5731    -1.5755    32.6411    32.6530  1026.4849    26.2579    287.799    270.455  369.55853     77.876     73.193     0.2574     1.1965     3.5967     1.0809 -1.487e-09       3473     2.4110         62 0.0000e+00
     47.505   71.40906 -157.49312     48.000    -1.5793    -1.5779    -1.5802    32.6438    32.6559  1026.4921    26.2603    286.983    269.465  369.59691     77.648     72.918     0.2461     1.1285     3.6175     1.0579 1.9321e-07       3528     2.4496         45 0.0000e+00
     48.494   71.40906 -157.49312     49.000    -1.5846    -1.5831    -1.5855    32.6483    32.6602  1026.5006    26.2640    286.179    268.763  369.63681     77.422     72.720     0.2078     0.8989     3.6378     1.0354 8.1566e-09       3570     2.4782         44 0.0000e+00
     49.484   71.40907 -157.49309     50.000    -1.5923    -1.5906    -1.5932    32.6517    32.6635  1026.5084    26.2670    285.299    268.342  369.70357     77.170     72.593     0.1828     0.7491     3.6761     0.9935 1.0000e-12       3622     2.5143         55 0.0000e+00
     50.473   71.40908 -157.49308     51.000    -1.6029    -1.6016    -1.6038    32.6576    32.6695  1026.5184    26.2721    283.011    266.281  369.79116     76.533     72.018     0.1810     0.7380     2.8935     1.9916 5.5482e-07       3678     2.5532         49 0.0000e+00
     51.463   71.40907 -157.49307     52.000    -1.6193    -1.6177    -1.6202    32.6685    32.6540  1026.5324    26.2812    281.049    265.669  369.92372     75.975     71.812     0.1507     0.5560     3.3323     1.3855 6.7369e-07       3721     2.5833         38 0.0000e+00
     52.452   71.40906 -157.49306     53.000    -1.6281    -1.6270    -1.6291    32.6760    32.6868  1026.5436    26.2876    279.329    262.990  369.98990     75.496     71.089     0.1424     0.5066     3.6574     1.0152 2.1229e-07       3759     2.6098         46 0.0000e+00
     53.442   71.40906 -157.49304     54.000    -1.6379    -1.6351    -1.6388    32.6844    32.6949  1026.5554    26.2946    274.464    258.515  370.06287     74.167     69.868     0.1380     0.4798     3.4899     1.2041 1.1103e-06       3825     2.6557         66 0.0000e+00
     54.431   71.40906 -157.49302     55.000    -1.6412    -1.6411    -1.6422    32.6686    32.7027  1026.5475    26.2819    270.549    255.508  370.14275     73.093     69.048     0.1236     0.3939     3.7243     0.9412 9.1347e-07       3873     2.6889         37 0.0000e+00
     55.421   71.40906 -157.49301     56.000    -1.6521    -1.6521    -1.6531    32.7048    32.7194  1026.5820    26.3115    267.853    253.017  370.14528     72.364     68.364     0.1193     0.3677     3.7815     0.8805 9.0796e-07       3918     2.7199         56 0.0000e+00
     56.410   71.40906 -157.49299     57.000    -1.6567    -1.6558    -1.6577    32.7202    32.7325  1026.5995    26.3242    264.587    250.493  370.14594     71.482     67.682     0.1150     0.3419     3.7716     0.8910 1.9112e-06       3971     2.7573         45 0.0000e+00
     57.400   71.40906 -157.49298     58.000    -1.6555    -1.6544    -1.6565    32.7258    32.7378  1026.6089    26.3287    262.146    247.517  370.11788     70.828     66.884     0.1101     0.3126     3.6651     1.0057 1.0085e-06       4009     2.7833         34 0.0000e+00
     58.390   71.40906 -157.49295     59.000    -1.6525    -1.6486    -1.6535    32.7234    32.7279  1026.6116    26.3267    256.142    241.573  370.09489     69.210     65.283     0.1006     0.2557     3.6273     1.0470 2.4814e-06       4073     2.8278         90 0.0000e+00
     59.379   71.40906 -157.49294     60.000    -1.6550    -1.6515    -1.6561    32.7254    32.7323  1026.6182    26.3283    252.546    237.417  370.11453     68.235     64.157     0.0988     0.2449     3.6218     1.0531 3.7241e-06       4135     2.8709         30 0.0000e+00
