EcoFOCI/data/1_SampleCollection/2023_SikuliaqDBO_CruiseData/CTD_raw_BottleFile_SKQ23-12S/proc/skq202312s_039.ros
* Sea-Bird SBE 9 Data File:
* FileName = D:\CTD\SKQ202312S\SKQ202312S_039.hex
* Software Version Seasave V 7.26.7.121
* Temperature SN = 6177
* Conductivity SN = 0369
* Number of Bytes Per Scan = 41
* Number of Voltage Words = 4
* Number of Scans Averaged by the Deck Unit = 1
* NMEA Latitude = 71 19.31 N
* NMEA Longitude = 160 39.09 W
* NMEA UTC (Time) = Sep 23 2023  11:49:51
* NMEA baud rate = 4800
** Ship: R/V Sikuliaq
** Station Number: 039
** Station Name: DBO4.2n
** Bottom Depth: 48
** Operator: SD
# nquan = 22
# nvalues = 1127                                  
# units = specified
# name 0 = depSM: Depth [salt water, m]
# name 1 = latitude: Latitude [deg]
# name 2 = longitude: Longitude [deg]
# name 3 = prDM: Pressure, Digiquartz [db]
# name 4 = t090C: Temperature [ITS-90, deg C]
# name 5 = t190C: Temperature, 2 [ITS-90, deg C]
# name 6 = potemp090C: Potential Temperature [ITS-90, deg C]
# name 7 = sal00: Salinity, Practical [PSU]
# name 8 = sal11: Salinity, Practical, 2 [PSU]
# name 9 = density00: Density [density, kg/m^3]
# name 10 = sigma-é00: Density [sigma-theta, kg/m^3]
# name 11 = sbox0Mm/Kg: Oxygen, SBE 43 [umol/kg]
# name 12 = sbox1Mm/Kg: Oxygen, SBE 43, 2 [umol/kg]
# name 13 = oxsolMm/Kg: Oxygen Saturation, Garcia & Gordon [umol/kg]
# name 14 = sbeox0PS: Oxygen, SBE 43 [% saturation]
# name 15 = v0: Voltage 0
# name 16 = flECO-AFL: Fluorescence, WET Labs ECO-AFL/FL [mg/m^3]
# name 17 = CStarAt0: Beam Attenuation, WET Labs C-Star [1/m]
# name 18 = par: PAR/Irradiance, Biospherical/Licor
# name 19 = scan: Scan Count
# name 20 = nbf: Bottles Fired
# name 21 = flag:  0.000e+00
# interval = seconds: 0.0416667
# start_time = Sep 23 2023 11:54:34 [NMEA time, first data scan]
# bad_flag = -9.990e-29
*END*
     42.764   71.32190 -160.65142     43.210    -1.6659    -1.6643    -1.6667    32.6598    32.6702  1026.4841    26.2753    250.673    237.934  370.41552     67.673     0.0879     0.1795     2.0554 8.4714e-06       6671          1  0.000e+00
     42.710   71.32190 -160.65142     43.155    -1.6659    -1.6641    -1.6667    32.6595    32.6701  1026.4836    26.2750    250.586    237.926  370.41656     67.650     0.0891     0.1868     2.0554 1.0000e-12       6672          1  0.000e+00
     42.757   71.32190 -160.65142     43.202    -1.6659    -1.6640    -1.6667    32.6593    32.6704  1026.4836    26.2749    250.504    238.151  370.41715     67.628     0.0879     0.1795     2.0554 1.0000e-12       6673          1  0.000e+00
     42.710   71.32190 -160.65142     43.155    -1.6661    -1.6643    -1.6668    32.6597    32.6708  1026.4838    26.2752    250.422    237.946  370.41761     67.605     0.0879     0.1795     2.0554 1.0000e-12       6674          1  0.000e+00
     42.764   71.32190 -160.65142     43.210    -1.6661    -1.6640    -1.6668    32.6595    32.6709  1026.4838    26.2751    250.605    237.939  370.41821     67.655     0.0867     0.1721     2.0554 8.4714e-06       6675          1  0.000e+00
     42.764   71.32190 -160.65142     43.210    -1.6662    -1.6641    -1.6670    32.6591    32.6707  1026.4835    26.2747    250.630    237.933  370.42065     67.661     0.0879     0.1795     2.0554 8.4714e-06       6676          1  0.000e+00
     42.757   71.32190 -160.65142     43.202    -1.6667    -1.6639    -1.6674    32.6595    32.6701  1026.4838    26.2750    250.658    237.926  370.42415     67.668     0.0891     0.1868     2.0554 8.4714e-06       6677          1  0.000e+00
     42.764   71.32190 -160.65142     43.210    -1.6666    -1.6641    -1.6673    32.6594    32.6703  1026.4837    26.2750    250.892    237.920  370.42325     67.731     0.0867     0.1721     2.0554 1.0000e-12       6678          1  0.000e+00
     42.764   71.32190 -160.65142     43.210    -1.6670    -1.6641    -1.6678    32.6597    32.6705  1026.4840    26.2752    250.919    237.913  370.42702     67.738     0.0879     0.1795     2.0554 1.0000e-12       6679          1  0.000e+00
     42.826   71.32190 -160.65142     43.272    -1.6670    -1.6644    -1.6678    32.6597    32.6703  1026.4843    26.2752    250.941    237.911  370.42688     67.744     0.0879     0.1795     2.0554 8.4714e-06       6680          1  0.000e+00
     42.818   71.32190 -160.65142     43.264    -1.6673    -1.6643    -1.6681    32.6600    32.6706  1026.4845    26.2754    251.014    237.903  370.42908     67.763     0.0879     0.1795     2.0554 1.0000e-12       6681          1  0.000e+00
     42.764   71.32190 -160.65142     43.210    -1.6672    -1.6643    -1.6679    32.6596    32.6708  1026.4839    26.2751    250.771    237.894  370.42909     67.697     0.0879     0.1795     2.0554 8.4714e-06       6682          1  0.000e+00
     42.826   71.32190 -160.65142     43.272    -1.6675    -1.6641    -1.6682    32.6602    32.6705  1026.4847    26.2756    251.003    237.888  370.43015     67.760     0.0879     0.1795     2.0537 1.0000e-12       6683          1  0.000e+00
     42.826   71.32190 -160.65142     43.272    -1.6675    -1.6643    -1.6682    32.6601    32.6705  1026.4847    26.2756    251.019    237.883  370.43027     67.764     0.0891     0.1868     2.0537 1.0000e-12       6684          1  0.000e+00
     42.764   71.32190 -160.65142     43.210    -1.6675    -1.6644    -1.6682    32.6600    32.6703  1026.4843    26.2755    251.032    237.875  370.43067     67.768     0.0879     0.1795     2.0537 1.0000e-12       6685          1  0.000e+00
     42.818   71.32190 -160.65142     43.264    -1.6676    -1.6648    -1.6684    32.6600    32.6706  1026.4845    26.2755    251.048    237.873  370.43193     67.772     0.0879     0.1795     2.0537 8.4714e-06       6686          1  0.000e+00
     42.880   71.32190 -160.65142     43.327    -1.6676    -1.6648    -1.6684    32.6601    32.6706  1026.4849    26.2756    251.060    237.868  370.43154     67.775     0.0879     0.1795     2.0519 1.0000e-12       6687          1  0.000e+00
     42.826   71.32190 -160.65142     43.272    -1.6678    -1.6650    -1.6685    32.6602    32.6711  1026.4847    26.2756    250.860    237.860  370.43312     67.721     0.0879     0.1795     2.0537 1.0000e-12       6688          1  0.000e+00
     42.826   71.32190 -160.65142     43.272    -1.6678    -1.6648    -1.6685    32.6600    32.6710  1026.4846    26.2755    251.081    237.852  370.43350     67.780     0.0879     0.1795     2.0537 1.0000e-12       6689          1  0.000e+00
     42.818   71.32190 -160.65142     43.264    -1.6678    -1.6651    -1.6685    32.6603    32.6710  1026.4848    26.2757    251.088    237.847  370.43273     67.782     0.0879     0.1795     2.0537 1.0000e-12       6690          1  0.000e+00
     42.880   71.32190 -160.65142     43.327    -1.6679    -1.6652    -1.6686    32.6605    32.6710  1026.4853    26.2759    251.097    237.843  370.43324     67.785     0.0891     0.1868     2.0519 8.4714e-06       6691          1  0.000e+00
     42.826   71.32190 -160.65142     43.272    -1.6678    -1.6650    -1.6685    32.6602    32.6708  1026.4847    26.2756    251.099    237.834  370.43312     67.785     0.0867     0.1721     2.0519 1.0000e-12       6692          1  0.000e+00
     42.880   71.32190 -160.65142     43.327    -1.6679    -1.6650    -1.6686    32.6606    32.6706  1026.4853    26.2760    250.895    237.829  370.43299     67.730     0.0867     0.1721     2.0537 1.0000e-12       6693          1  0.000e+00
     42.880   71.32190 -160.65142     43.327    -1.6679    -1.6651    -1.6686    32.6607    32.6708  1026.4854    26.2760    250.901    237.822  370.43274     67.732     0.0855     0.1648     2.0537 1.0000e-12       6694          1  0.000e+00
     42.818   71.32190 -160.65142     43.264    -1.6682    -1.6652    -1.6690    32.6605    32.6705  1026.4850    26.2759    251.171    237.815  370.43675     67.804     0.0867     0.1721     2.0537 1.0000e-12       6695          1  0.000e+00
     42.880   71.32190 -160.65142     43.327    -1.6681    -1.6655    -1.6688    32.6605    32.6706  1026.4853    26.2759    250.970    237.812  370.43493     67.750     0.0855     0.1648     2.0537 8.4714e-06       6696          1  0.000e+00
     42.880   71.32190 -160.65142     43.327    -1.6681    -1.6656    -1.6688    32.6602    32.6708  1026.4850    26.2757    250.981    237.806  370.43581     67.753     0.0867     0.1721     2.0537 1.0000e-12       6697          1  0.000e+00
     42.880   71.32190 -160.65142     43.327    -1.6681    -1.6657    -1.6688    32.6601    32.6711  1026.4849    26.2756    251.254    237.799  370.43619     67.826     0.0879     0.1795     2.0537 1.0000e-12       6698          1  0.000e+00
     42.872   71.32190 -160.65142     43.319    -1.6681    -1.6657    -1.6688    32.6607    32.6708  1026.4854    26.2760    251.055    237.793  370.43453     67.773     0.0867     0.1721     2.0537 8.4714e-06       6699          1  0.000e+00
     42.880   71.32190 -160.65142     43.327    -1.6681    -1.6659    -1.6688    32.6607    32.6710  1026.4855    26.2761    251.225    237.788  370.43429     67.819     0.0879     0.1795     2.0519 8.4714e-06       6700          1  0.000e+00
     42.880   71.32190 -160.65142     43.327    -1.6681    -1.6657    -1.6688    32.6607    32.6712  1026.4854    26.2761    250.973    237.779  370.43442     67.751     0.0855     0.1648     2.0537 1.0000e-12       6701          1  0.000e+00
     42.880   71.32190 -160.65142     43.327    -1.6682    -1.6661    -1.6690    32.6602    32.6719  1026.4851    26.2757    251.194    237.808  370.43750     67.810     0.0867     0.1721     2.0537 8.4714e-06       6702          1  0.000e+00
     42.880   71.32190 -160.65142     43.327    -1.6681    -1.6660    -1.6688    32.6602    32.6716  1026.4850    26.2756    250.939    238.066  370.43594     67.742     0.0855     0.1648     2.0537 1.0000e-12       6703          1  0.000e+00
     42.872   71.32190 -160.65142     43.319    -1.6682    -1.6653    -1.6690    32.6610    32.6708  1026.4856    26.2763    250.895    237.859  370.43533     67.730     0.0867     0.1721     2.0537 1.0000e-12       6704          1  0.000e+00
     42.826   71.32190 -160.65142     43.272    -1.6681    -1.6650    -1.6688    32.6608    32.6705  1026.4852    26.2761    251.109    237.884  370.43420     67.788     0.0879     0.1795     2.0537 8.4714e-06       6705          1  0.000e+00
     42.942   71.32190 -160.65142     43.389    -1.6682    -1.6653    -1.6690    32.6609    32.6708  1026.4858    26.2762    250.857    237.919  370.43571     67.720     0.0867     0.1721     2.0537 8.4714e-06       6706          1  0.000e+00
     42.826   71.32190 -160.65142     43.272    -1.6679    -1.6653    -1.6686    32.6609    32.6706  1026.4853    26.2762    250.805    237.914  370.43201     67.706     0.0867     0.1721     2.0537 8.4714e-06       6707          1  0.000e+00
     42.934   71.32190 -160.65142     43.381    -1.6675    -1.6656    -1.6682    32.6605    32.6710  1026.4855    26.2759    250.760    237.916  370.42920     67.694     0.0867     0.1721     2.0537 8.4714e-06       6708          1  0.000e+00
     42.826   71.32190 -160.65142     43.272    -1.6673    -1.6659    -1.6681    32.6606    32.6712  1026.4851    26.2760    250.709    237.911  370.42707     67.681     0.0867     0.1721     2.0537 1.0000e-12       6709          1  0.000e+00
     42.880   71.32190 -160.65142     43.327    -1.6673    -1.6656    -1.6681    32.6610    32.6710  1026.4856    26.2763    250.456    237.909  370.42615     67.613     0.0855     0.1648     2.0537 8.4714e-06       6710          1  0.000e+00
     42.880   71.32190 -160.65142     43.327    -1.6666    -1.6658    -1.6673    32.6604    32.6718  1026.4851    26.2758    250.672    237.906  370.42030     67.672     0.0867     0.1721     2.0537 1.0000e-12       6711          1  0.000e+00
     42.880   71.32190 -160.65142     43.327    -1.6662    -1.6661    -1.6670    32.6598    32.6718  1026.4846    26.2753    250.943    237.905  370.41858     67.746     0.0879     0.1795     2.0537 1.0000e-12       6712          1  0.000e+00
     42.818   71.32190 -160.65142     43.264    -1.6659    -1.6655    -1.6667    32.6597    32.6713  1026.4842    26.2752    250.741    237.897  370.41600     67.692     0.0867     0.1721     2.0554 8.4714e-06       6713          1  0.000e+00
     42.880   71.32190 -160.65142     43.327    -1.6659    -1.6653    -1.6667    32.6598    32.6714  1026.4846    26.2753    250.758    237.895  370.41573     67.696     0.0879     0.1795     2.0537 1.0000e-12       6714          1  0.000e+00
     42.880   71.32190 -160.65142     43.327    -1.6659    -1.6651    -1.6667    32.6596    32.6709  1026.4844    26.2751    250.723    237.891  370.41636     67.687     0.0855     0.1648     2.0537 1.0000e-12       6715          1  0.000e+00
     42.880   71.32190 -160.65142     43.327    -1.6658    -1.6647    -1.6666    32.6596    32.6705  1026.4844    26.2751    250.999    237.887  370.41520     67.761     0.0867     0.1721     2.0537 1.0000e-12       6716          1  0.000e+00
     42.818   71.32190 -160.65142     43.264    -1.6661    -1.6647    -1.6669    32.6599    32.6710  1026.4844    26.2754    250.752    237.881  370.41705     67.695     0.0830     0.1502     2.0537 8.4714e-06       6717          1  0.000e+00
     42.826   71.32190 -160.65142     43.272    -1.6662    -1.6644    -1.6670    32.6603    32.6711  1026.4848    26.2757    250.770    238.106  370.41708     67.699     0.0781     0.1209     2.0537 8.4714e-06       6718          1  0.000e+00
     42.880   71.32190 -160.65142     43.327    -1.6663    -1.6640    -1.6670    32.6598    32.6704  1026.4847    26.2753    250.792    238.135  370.41909     67.705     0.0769     0.1135     2.0537 1.0000e-12       6719          1  0.000e+00
     42.826   71.32190 -160.65142     43.272    -1.6669    -1.6629    -1.6676    32.6595    32.6700  1026.4841    26.2750    250.281    238.147  370.42583     67.566     0.0891     0.1868     2.1289 1.0000e-12       6872          2  0.000e+00
     42.818   71.32190 -160.65142     43.264    -1.6671    -1.6629    -1.6679    32.6599    32.6699  1026.4844    26.2754    250.784    238.366  370.42753     67.701     0.0879     0.1795     2.1306 1.0000e-12       6873          2  0.000e+00
     42.880   71.32190 -160.65142     43.327    -1.6671    -1.6629    -1.6679    32.6599    32.6699  1026.4848    26.2754    250.343    238.387  370.42738     67.582     0.0891     0.1868     2.1306 8.4714e-06       6874          2  0.000e+00
     42.826   71.32190 -160.65142     43.272    -1.6673    -1.6631    -1.6681    32.6600    32.6699  1026.4845    26.2754    250.580    238.403  370.42910     67.646     0.0904     0.1941     2.1289 1.0000e-12       6875          2  0.000e+00
     42.764   71.32190 -160.65142     43.210    -1.6673    -1.6631    -1.6681    32.6601    32.6701  1026.4843    26.2755    250.342    238.218  370.42873     67.582     0.0891     0.1868     2.1306 1.0000e-12       6876          2  0.000e+00
     42.872   71.32190 -160.65142     43.319    -1.6673    -1.6631    -1.6681    32.6601    32.6701  1026.4849    26.2756    250.321    238.236  370.42867     67.576     0.0891     0.1868     2.1306 1.0000e-12       6877          2  0.000e+00
     42.764   71.32190 -160.65142     43.210    -1.6670    -1.6631    -1.6678    32.6599    32.6706  1026.4842    26.2754    250.550    238.246  370.42639     67.638     0.0891     0.1868     2.1306 8.4714e-06       6878          2  0.000e+00
     42.764   71.32190 -160.65142     43.210    -1.6670    -1.6631    -1.6678    32.6605    32.6706  1026.4847    26.2759    250.312    238.261  370.42449     67.574     0.0891     0.1868     2.1289 1.0000e-12       6879          2  0.000e+00
     42.826   71.32190 -160.65142     43.272    -1.6667    -1.6631    -1.6674    32.6601    32.6699  1026.4846    26.2755    250.337    238.510  370.42238     67.582     0.0879     0.1795     2.1306 1.0000e-12       6880          2  0.000e+00
     42.703   71.32190 -160.65142     43.147    -1.6666    -1.6632    -1.6673    32.6602    32.6702  1026.4841    26.2756    250.359    238.518  370.42086     67.588     0.0891     0.1868     2.1306 8.4714e-06       6881          2  0.000e+00
     42.826   71.32190 -160.65142     43.272    -1.6667    -1.6633    -1.6674    32.6604    32.6704  1026.4849    26.2758    250.393    238.567  370.42149     67.597     0.0904     0.1941     2.1289 1.0000e-12       6882          2  0.000e+00
     42.710   71.32190 -160.65142     43.155    -1.6666    -1.6633    -1.6673    32.6603    32.6705  1026.4842    26.2757    250.367    238.571  370.42049     67.590     0.0891     0.1868     2.1306 1.0000e-12       6883          2  0.000e+00
     42.764   71.32190 -160.65142     43.210    -1.6664    -1.6631    -1.6671    32.6601    32.6699  1026.4843    26.2755    250.660    238.346  370.41942     67.669     0.0891     0.1868     2.1289 8.4714e-06       6884          2  0.000e+00
     42.710   71.32190 -160.65142     43.155    -1.6664    -1.6635    -1.6671    32.6598    32.6706  1026.4838    26.2753    250.427    238.352  370.42020     67.606     0.0879     0.1795     2.1253 1.0000e-12       6885          2  0.000e+00
     42.757   71.32190 -160.65142     43.202    -1.6666    -1.6635    -1.6673    32.6597    32.6706  1026.4840    26.2752    250.670    238.359  370.42223     67.671     0.0891     0.1868     2.1200 1.0000e-12       6886          2  0.000e+00
     42.710   71.32190 -160.65142     43.155    -1.6667    -1.6635    -1.6674    32.6601    32.6699  1026.4840    26.2755    250.436    238.364  370.42242     67.608     0.0879     0.1795     2.1200 1.0000e-12       6887          2  0.000e+00
