EcoFOCI/data/1_SampleCollection/2023_SikuliaqDBO_CruiseData/CTD_raw_BottleFile_SKQ23-12S/proc/skq202312s_063.cnv
* Sea-Bird SBE 9 Data File:
* FileName = D:\CTD\SKQ202312S\SKQ202312S_063.hex
* Software Version Seasave V 7.26.7.121
* Temperature SN = 6177
* Conductivity SN = 0369
* Number of Bytes Per Scan = 41
* Number of Voltage Words = 4
* Number of Scans Averaged by the Deck Unit = 1
* NMEA Latitude = 71 49.84 N
* NMEA Longitude = 165 58.06 W
* NMEA UTC (Time) = Sep 28 2023  06:16:57
* NMEA baud rate = 4800
** Ship: R/V Sikuliaq
** Station Number: 063
** Station Name: IC1
** Bottom Depth: 44
** Operator: SD
# nquan = 24
# nvalues = 4818                                  
# units = specified
# name 0 = depSM: Depth [salt water, m]
# name 1 = latitude: Latitude [deg]
# name 2 = longitude: Longitude [deg]
# name 3 = prDM: Pressure, Digiquartz [db]
# name 4 = t090C: Temperature [ITS-90, deg C]
# name 5 = t190C: Temperature, 2 [ITS-90, deg C]
# name 6 = potemp090C: Potential Temperature [ITS-90, deg C]
# name 7 = sal00: Salinity, Practical [PSU]
# name 8 = sal11: Salinity, Practical, 2 [PSU]
# name 9 = density00: Density [density, kg/m^3]
# name 10 = sigma-é00: Density [sigma-theta, kg/m^3]
# name 11 = sbox0Mm/Kg: Oxygen, SBE 43 [umol/kg]
# name 12 = sbox1Mm/Kg: Oxygen, SBE 43, 2 [umol/kg]
# name 13 = oxsolMm/Kg: Oxygen Saturation, Garcia & Gordon [umol/kg]
# name 14 = sbeox0PS: Oxygen, SBE 43 [% saturation]
# name 15 = sbeox1PS: Oxygen, SBE 43, 2 [% saturation]
# name 16 = v0: Voltage 0
# name 17 = flECO-AFL: Fluorescence, WET Labs ECO-AFL/FL [mg/m^3]
# name 18 = v1: Voltage 1
# name 19 = CStarAt0: Beam Attenuation, WET Labs C-Star [1/m]
# name 20 = par: PAR/Irradiance, Biospherical/Licor
# name 21 = scan: Scan Count
# name 22 = timeM: Time, Elapsed [minutes]
# name 23 = flag:  0.000e+00
# span 0 =      2.371,     39.010                 
# span 1 =   71.83034,   71.83050                 
# span 2 = -165.96708, -165.96666                 
# span 3 =      2.395,     39.417                 
# span 4 =    -0.7761,     3.7917                 
# span 5 =    -0.7695,     3.7920                 
# span 6 =    -0.7770,     3.7904                 
# span 7 =    30.1534,    32.4386                 
# span 8 =    30.1663,    32.4304                 
# span 9 =  1024.0638,  1026.2423                 
# span 10 =    24.0409,    26.0592                
# span 11 =    296.104,    332.507                
# span 12 =    283.234,    312.167                
# span 13 =  324.28756,  362.47466                
# span 14 =     81.796,     99.825                
# span 15 =     78.246,     94.760                
# span 16 =     0.0781,     0.1722                
# span 17 =     0.1209,     0.6850                
# span 18 =     3.2882,     4.2405                
# span 19 =     0.4220,     1.4398                
# span 20 = 1.0000e-12, 7.7180e-01                
# span 21 =          1,       4818                
# span 22 =     0.0000,     3.3451                
# span 23 = 0.0000e+00, 0.0000e+00                
# interval = seconds: 0.0416667
# start_time = Sep 28 2023 06:20:37 [NMEA time, first data scan]
# bad_flag = -9.990e-29
*END*
[from data line 967]
      7.467   71.83046 -165.96698      7.545     2.6952     2.6975     2.6948    30.1558    30.1703  1024.0793    24.0437    326.473    309.632  337.18725     96.822     91.843     0.1160     0.3480     4.1807     0.4789 1.6416e-01        968     0.6715  0.000e+00
      7.521   71.83046 -165.96698      7.599     2.6950     2.6973     2.6947    30.1562    30.1699  1024.0798    24.0439    326.480    309.444  337.18779     96.825     91.787     0.1172     0.3553     4.1844     0.4754 1.4422e-01        969     0.6722  0.000e+00
      7.467   71.83046 -165.96698      7.545     2.6950     2.6974     2.6947    30.1560    30.1701  1024.0795    24.0438    326.445    309.426  337.18812     96.814     91.782     0.1172     0.3553     4.1844     0.4754 1.2846e-01        970     0.6729  0.000e+00
      7.436   71.83046 -165.96698      7.513     2.6949     2.6967     2.6945    30.1556    30.1702  1024.0790    24.0435    326.412    309.617  337.19064     96.803     91.837     0.1160     0.3480     4.1844     0.4754 1.2639e-01        971     0.6736  0.000e+00
      7.521   71.83046 -165.96698      7.599     2.6949     2.6961     2.6945    30.1555    30.1706  1024.0793    24.0434    326.417    309.435  337.19075     96.805     91.782     0.1172     0.3553     4.1844     0.4754 1.0156e-01        972     0.6743  0.000e+00
      7.521   71.83046 -165.96698      7.599     2.6947     2.6960     2.6943    30.1555    30.1714  1024.0794    24.0435    326.420    309.421  337.19212     96.805     91.778     0.1136     0.3333     4.1844     0.4754 7.5944e-02        973     0.6750  0.000e+00
      7.467   71.83046 -165.96698      7.545     2.6950     2.6967     2.6947    30.1550    30.1706  1024.0786    24.0430    326.418    309.403  337.19080     96.805     91.774     0.1136     0.3333     4.1844     0.4754 7.0550e-02        974     0.6757  0.000e+00
      7.521   71.83046 -165.96698      7.599     2.6945     2.6973     2.6942    30.1551    30.1707  1024.0791    24.0432    326.426    309.589  337.19448     96.806     91.830     0.1123     0.3260     4.1832     0.4765 5.5740e-02        975     0.6764  0.000e+00
      7.521   71.83046 -165.96698      7.599     2.6947     2.6976     2.6943    30.1549    30.1710  1024.0789    24.0430    326.426    309.398  337.19361     96.807     91.775     0.1123     0.3260     4.1832     0.4765 3.3303e-02        976     0.6771  0.000e+00
      7.467   71.83046 -165.96698      7.545     2.6944     2.6979     2.6940    30.1552    30.1704  1024.0789    24.0432    326.651    309.560  337.19558     96.873     91.823     0.1123     0.3260     4.1832     0.4765 2.7440e-02        977     0.6778  0.000e+00
      7.575   71.83046 -165.96698      7.654     2.6943     2.6984     2.6939    30.1553    30.1712  1024.0794    24.0433    326.469    309.571  337.19637     96.819     91.828     0.1123     0.3260     4.1832     0.4765 2.8677e-02        978     0.6785  0.000e+00
      7.521   71.83046 -165.96698      7.599     2.6942     2.6990     2.6938    30.1554    30.1713  1024.0793    24.0434    326.467    309.576  337.19652     96.818     91.831     0.1136     0.3333     4.1832     0.4765 3.1604e-02        979     0.6792  0.000e+00
      7.521   71.83046 -165.96698      7.599     2.6941     2.7001     2.6937    30.1555    30.1708  1024.0794    24.0435    326.468    309.581  337.19717     96.818     91.834     0.1123     0.3260     4.1832     0.4765 3.2451e-02        980     0.6799  0.000e+00
      7.575   71.83046 -165.96698      7.654     2.6940     2.7003     2.6936    30.1552    30.1716  1024.0794    24.0432    326.435    309.592  337.19931     96.808     91.839     0.1136     0.3333     4.1832     0.4765 3.2451e-02        981     0.6806  0.000e+00
      7.521   71.83046 -165.96698      7.599     2.6937     2.6993     2.6934    30.1555    30.1717  1024.0794    24.0435    326.432    309.611  337.20033     96.807     91.842     0.1123     0.3260     4.1844     0.4754 3.2027e-02        982     0.6813  0.000e+00
      7.521   71.83046 -165.96698      7.599     2.6938     2.6986     2.6934    30.1555    30.1704  1024.0794    24.0435    326.653    309.433  337.19991     96.872     91.787     0.1136     0.3333     4.1844     0.4754 3.1604e-02        983     0.6819  0.000e+00
      7.575   71.83046 -165.96698      7.654     2.6936     2.6977     2.6932    30.1553    30.1701  1024.0795    24.0433    326.468    309.633  337.20227     96.817     91.844     0.1123     0.3260     4.1844     0.4754 3.2451e-02        984     0.6826  0.000e+00
      7.552   71.83046 -165.96698      7.630     2.6938     2.6970     2.6934    30.1556    30.1693  1024.0796    24.0435    326.462    309.654  337.19975     96.815     91.848     0.1123     0.3260     4.1844     0.4754 3.9401e-02        985     0.6833  0.000e+00
      7.637   71.83046 -165.96698      7.716     2.6936     2.6968     2.6932    30.1553    30.1688  1024.0798    24.0433    326.464    309.674  337.20183     96.816     91.853     0.1123     0.3260     4.1844     0.4754 4.2542e-02        986     0.6840  0.000e+00
      7.575   71.83046 -165.96698      7.654     2.6936     2.6966     2.6932    30.1554    30.1695  1024.0796    24.0434    326.459    309.686  337.20207     96.814     91.857     0.1123     0.3260     4.1832     0.4765 4.4364e-02        987     0.6847  0.000e+00
      7.575   71.83046 -165.96698      7.654     2.6935     2.6968     2.6931    30.1553    30.1689  1024.0795    24.0434    326.457    309.699  337.20311     96.813     91.861     0.1136     0.3333     4.1905     0.4695 8.0369e-02        988     0.6854  0.000e+00
      7.637   71.83046 -165.96698      7.716     2.6933     2.6968     2.6929    30.1558    30.1684  1024.0802    24.0438    326.458    309.516  337.20369     96.813     91.806     0.1123     0.3260     4.1954     0.4649 1.0594e-01        989     0.6861  0.000e+00
      7.575   71.83046 -165.96698      7.654     2.6936     2.6965     2.6933    30.1550    30.1688  1024.0793    24.0431    326.450    309.507  337.20244     96.811     91.803     0.1123     0.3260     4.1954     0.4649 1.0912e-01        990     0.6868  0.000e+00
      7.637   71.83046 -165.96698      7.716     2.6933     2.6966     2.6929    30.1553    30.1674  1024.0798    24.0434    326.452    309.704  337.20446     96.811     91.861     0.1123     0.3260     4.1954     0.4649 1.0280e-01        991     0.6875  0.000e+00
      7.637   71.83046 -165.96698      7.716     2.6936     2.6965     2.6932    30.1553    30.1675  1024.0798    24.0434    326.447    309.720  337.20215     96.810     91.865     0.1123     0.3260     4.1954     0.4649 9.8489e-02        992     0.6882  0.000e+00
      7.637   71.83046 -165.96698      7.716     2.6935     2.6967     2.6931    30.1555    30.1674  1024.0800    24.0435    326.667    309.734  337.20260     96.876     91.870     0.1123     0.3260     4.1954     0.4649 9.7879e-02        993     0.6889  0.000e+00
      7.637   71.83046 -165.96698      7.716     2.6934     2.6963     2.6930    30.1558    30.1674  1024.0802    24.0437    326.476    309.753  337.20242     96.819     91.875     0.1136     0.3333     4.1954     0.4649 9.2470e-02        994     0.6896  0.000e+00
      7.637   71.83046 -165.96698      7.716     2.6935     2.6961     2.6931    30.1564    30.1680  1024.0807    24.0442    326.469    309.570  337.20041     96.818     91.820     0.1111     0.3187     4.1954     0.4649 8.6618e-02        995     0.6903  0.000e+00
      7.691   71.83046 -165.96698      7.770     2.6938     2.6956     2.6934    30.1568    30.1683  1024.0813    24.0445    326.425    309.568  337.19655     96.806     91.819     0.1123     0.3260     4.1954     0.4649 8.4895e-02        996     0.6910  0.000e+00
      7.637   71.83046 -165.96698      7.716     2.6937     2.6956     2.6934    30.1585    30.1678  1024.0824    24.0459    326.413    309.562  337.19262     96.803     91.816     0.1136     0.3333     4.1954     0.4649 9.7879e-02        997     0.6917  0.000e+00
      7.691   71.83046 -165.96698      7.770     2.6943     2.6951     2.6939    30.1599    30.1684  1024.0837    24.0470    326.401    309.761  337.18458     96.802     91.875     0.1099     0.3113     4.1954     0.4649 1.1826e-01        998     0.6924  0.000e+00
      7.722   71.83046 -165.96698      7.802     2.6949     2.6951     2.6945    30.1593    30.1683  1024.0833    24.0465    326.392    309.557  337.18096     96.800     91.814     0.1062     0.2894     4.1954     0.4649 1.2433e-01        999     0.6931  0.000e+00
      7.691   71.83046 -165.96698      7.770     2.6954     2.6950     2.6950    30.1588    30.1685  1024.0827    24.0460    326.382    309.727  337.17831     96.798     91.865     0.1050     0.2820     4.1954     0.4649 1.1234e-01       1000     0.6937  0.000e+00
      7.691   71.83046 -165.96698      7.770     2.6957     2.6951     2.6953    30.1581    30.1685  1024.0821    24.0454    326.375    309.544  337.17746     96.796     91.810     0.1050     0.2820     4.1954     0.4649 8.8357e-02       1001     0.6944  0.000e+00
      7.691   71.83046 -165.96698      7.770     2.6958     2.6948     2.6954    30.1572    30.1687  1024.0814    24.0447    326.370    309.741  337.17870     96.794     91.868     0.1050     0.2820     4.1954     0.4649 8.2054e-02       1002     0.6951  0.000e+00
      7.753   71.83046 -165.96698      7.833     2.6960     2.6953     2.6956    30.1566    30.1684  1024.0812    24.0442    326.366    309.559  337.17849     96.793     91.815     0.1050     0.2820     4.1954     0.4649 7.9253e-02       1003     0.6958  0.000e+00
      7.691   71.83046 -165.96698      7.770     2.6958     2.6954     2.6955    30.1563    30.1685  1024.0807    24.0440    326.582    309.551  337.18057     96.857     91.813     0.1062     0.2894     4.1954     0.4649 7.0550e-02       1004     0.6965  0.000e+00
      7.753   71.83046 -165.96698      7.833     2.6956     2.6955     2.6952    30.1566    30.1681  1024.0812    24.0442    326.430    309.551  337.18175     96.811     91.813     0.1050     0.2820     4.1954     0.4649 6.6864e-02       1005     0.6972  0.000e+00
      7.807   71.83046 -165.96698      7.887     2.6957     2.6956     2.6953    30.1563    30.1687  1024.0813    24.0440    326.426    309.549  337.18189     96.810     91.813     0.1062     0.2894     4.1954     0.4649 6.6343e-02       1006     0.6979  0.000e+00
      7.753   71.83046 -165.96698      7.833     2.6958     2.6953     2.6954    30.1572    30.1691  1024.0817    24.0447    326.414    309.747  337.17879     96.808     91.872     0.1050     0.2820     4.1954     0.4649 6.3250e-02       1007     0.6986  0.000e+00
      7.753   71.83046 -165.96698      7.833     2.6960     2.6954     2.6956    30.1579    30.1685  1024.0823    24.0453    326.405    309.570  337.17510     96.806     91.819     0.1050     0.2820     4.1954     0.4649 6.2230e-02       1008     0.6993  0.000e+00
      7.807   71.83046 -165.96698      7.887     2.6960     2.6953     2.6956    30.1577    30.1686  1024.0823    24.0451    326.401    309.573  337.17567     96.805     91.820     0.1050     0.2820     4.1966     0.4637 6.4275e-02       1009     0.7000  0.000e+00
      7.807   71.83046 -165.96698      7.887     2.6961     2.6953     2.6957    30.1565    30.1682  1024.0814    24.0441    326.174    309.575  337.17791     96.737     91.820     0.1050     0.2820     4.1966     0.4637 1.1040e-01       1010     0.7007  0.000e+00
      7.807   71.83046 -165.96698      7.887     2.6960     2.6952     2.6956    30.1563    30.1677  1024.0812    24.0439    326.358    309.554  337.17935     96.791     91.813     0.1050     0.2820     4.1966     0.4637 1.3983e-01       1011     0.7014  0.000e+00
      7.837   71.83046 -165.96698      7.918     2.6959     2.6955     2.6956    30.1565    30.1682  1024.0815    24.0441    326.355    309.530  337.17922     96.790     91.807     0.1050     0.2820     4.1966     0.4637 1.4349e-01       1012     0.7021  0.000e+00
      7.807   71.83046 -165.96698      7.887     2.6958     2.6959     2.6954    30.1569    30.1681  1024.0817    24.0444    326.349    309.503  337.17913     96.788     91.800     0.1062     0.2894     4.1966     0.4637 1.1040e-01       1013     0.7028  0.000e+00
      7.807   71.83046 -165.96698      7.887     2.6957     2.6961     2.6953    30.1577    30.1684  1024.0824    24.0451    326.567    309.477  337.17841     96.853     91.793     0.1050     0.2820     4.1966     0.4637 9.0110e-02       1014     0.7035  0.000e+00
      7.868   71.83046 -165.96698      7.950     2.6959     2.6967     2.6956    30.1582    30.1689  1024.0830    24.0455    326.373    309.452  337.17488     96.796     91.787     0.1062     0.2894     4.1966     0.4637 8.7776e-02       1015     0.7042  0.000e+00
      7.868   71.83046 -165.96698      7.950     2.6958     2.6968     2.6954    30.1587    30.1691  1024.0835    24.0459    326.367    309.452  337.17443     96.795     91.788     0.1050     0.2820     4.1966     0.4637 7.3228e-02       1016     0.7049  0.000e+00
      7.868   71.83046 -165.96698      7.950     2.6959     2.6968     2.6956    30.1581    30.1696  1024.0829    24.0454    326.362    309.454  337.17518     96.793     91.788     0.1062     0.2894     4.1966     0.4637 5.9706e-02       1017     0.7056  0.000e+00
      7.922   71.83046 -165.96698      8.004     2.6958     2.6968     2.6954    30.1575    30.1697  1024.0828    24.0450    326.360    309.436  337.17749     96.792     91.783     0.1050     0.2820     4.1966     0.4637 5.7712e-02       1018     0.7063  0.000e+00
      7.868   71.83046 -165.96698      7.950     2.6958     2.6967     2.6954    30.1574    30.1685  1024.0824    24.0449    326.352    309.417  337.17772     96.789     91.776     0.1062     0.2894     4.1966     0.4637 5.3790e-02       1019     0.7069  0.000e+00
      7.868   71.83046 -165.96698      7.950     2.6959     2.6965     2.6956    30.1567    30.1685  1024.0819    24.0443    326.347    309.422  337.17856     96.788     91.777     0.1050     0.2820     4.1966     0.4637 4.7603e-02       1020     0.7076  0.000e+00
      7.922   71.83046 -165.96698      8.004     2.6958     2.6965     2.6954    30.1570    30.1684  1024.0823    24.0445    326.343    309.405  337.17888     96.786     91.772     0.1050     0.2820     4.1966     0.4637 4.6207e-02       1021     0.7083  0.000e+00
      7.922   71.83046 -165.96698      8.004     2.6961     2.6961     2.6957    30.1575    30.1679  1024.0827    24.0449    326.334    309.390  337.17537     96.785     91.767     0.1062     0.2894     4.1966     0.4637 6.0711e-02       1022     0.7090  0.000e+00
      7.976   71.83046 -165.96698      8.059     2.6959     2.6956     2.6955    30.1578    30.1677  1024.0833    24.0452    326.331    309.377  337.17582     96.784     91.762     0.1050     0.2820     4.1966     0.4637 9.1287e-02       1023     0.7097  0.000e+00
      7.868   71.83046 -165.96698      7.950     2.6963     2.6951     2.6959    30.1567    30.1675  1024.0819    24.0443    326.320    309.582  337.17582     96.780     91.821     0.1062     0.2894     4.1966     0.4637 1.0156e-01       1024     0.7104  0.000e+00
      8.007   71.83046 -165.96698      8.090     2.6961     2.6949     2.6957    30.1562    30.1670  1024.0821    24.0439    326.322    309.595  337.17867     96.780     91.824     0.1062     0.2894     4.1966     0.4637 1.0657e-01       1025     0.7111  0.000e+00
      7.976   71.83046 -165.96698      8.059     2.6961     2.6945     2.6957    30.1561    30.1678  1024.0819    24.0438    326.353    309.623  337.17893     96.789     91.832     0.1074     0.2967     4.1966     0.4637 1.2229e-01       1026     0.7118  0.000e+00
