EcoFOCI/data/1_SampleCollection/2023_SikuliaqDBO_CruiseData/CTD_raw_BottleFile_SKQ23-12S/proc/skq202312s_050svp.cnv
* Sea-Bird SBE 9 Data File:
* FileName = D:\CTD\SKQ202312S\SKQ202312S_050.hex
* Software Version Seasave V 7.26.7.121
* Temperature SN = 6177
* Conductivity SN = 0369
* Number of Bytes Per Scan = 41
* Number of Voltage Words = 4
* Number of Scans Averaged by the Deck Unit = 1
* NMEA Latitude = 70 34.79 N
* NMEA Longitude = 162 29.45 W
* NMEA UTC (Time) = Sep 26 2023  15:58:50
* NMEA baud rate = 4800
** Ship: R/V Sikuliaq
** Station Number: 050
** Station Name: IC11
** Bottom Depth: 38
** Operator: SD
# nquan = 7
# nvalues = 4614                                  
# units = specified
# name 0 = depSM: Depth [salt water, m]
# name 1 = latitude: Latitude [deg]
# name 2 = longitude: Longitude [deg]
# name 3 = t090C: Temperature [ITS-90, deg C]
# name 4 = sal00: Salinity, Practical [PSU]
# name 5 = svCM: Sound Velocity [Chen-Millero, m/s]
# name 6 = flag:  0.000e+00
# span 0 =      2.851,     34.023                 
# span 1 =   70.57986,   70.58002                 
# span 2 = -162.49076, -162.49074                 
# span 3 =     5.4639,     7.5769                 
# span 4 =    28.5417,    30.9913                 
# span 5 =    1467.25,    1475.53                 
# span 6 = 0.0000e+00, 0.0000e+00                 
# interval = seconds: 0.0416667
# start_time = Sep 26 2023 16:02:32 [NMEA time, first data scan]
# bad_flag = -9.990e-29
*END*
[from data line 4513]
     33.854   70.58002 -162.49074     5.9778    30.9897    1470.15  0.000e+00
     33.900   70.58002 -162.49074     5.9778    30.9901    1470.15  0.000e+00
     33.853   70.58002 -162.49074     5.9779    30.9899    1470.15  0.000e+00
     33.853   70.58002 -162.49074     5.9778    30.9896    1470.15  0.000e+00
     33.900   70.58002 -162.49074     5.9781    30.9895    1470.15  0.000e+00
     33.853   70.58002 -162.49074     5.9779    30.9897    1470.15  0.000e+00
     33.853   70.58002 -162.49074     5.9778    30.9895    1470.15  0.000e+00
     33.907   70.58002 -162.49074     5.9781    30.9896    1470.15  0.000e+00
     33.900   70.58002 -162.49074     5.9776    30.9901    1470.15  0.000e+00
     33.792   70.58002 -162.49074     5.9780    30.9894    1470.15  0.000e+00
     33.907   70.58002 -162.49074     5.9776    30.9891    1470.15  0.000e+00
     33.846   70.58002 -162.49074     5.9779    30.9888    1470.15  0.000e+00
     33.853   70.58002 -162.49074     5.9778    30.9893    1470.15  0.000e+00
     33.907   70.58002 -162.49074     5.9778    30.9898    1470.15  0.000e+00
     33.846   70.58002 -162.49074     5.9778    30.9896    1470.15  0.000e+00
     33.853   70.58002 -162.49074     5.9779    30.9893    1470.15  0.000e+00
     33.853   70.58002 -162.49074     5.9778    30.9897    1470.15  0.000e+00
     33.900   70.58002 -162.49074     5.9779    30.9897    1470.15  0.000e+00
     33.853   70.58002 -162.49074     5.9778    30.9902    1470.15  0.000e+00
     33.792   70.58002 -162.49074     5.9779    30.9899    1470.15  0.000e+00
     33.907   70.58002 -162.49074     5.9778    30.9895    1470.15  0.000e+00
     33.846   70.58002 -162.49074     5.9778    30.9892    1470.15  0.000e+00
     33.853   70.58002 -162.49074     5.9779    30.9887    1470.15  0.000e+00
     33.853   70.58002 -162.49074     5.9778    30.9884    1470.15  0.000e+00
     33.900   70.58002 -162.49074     5.9776    30.9881    1470.15  0.000e+00
     33.792   70.58002 -162.49074     5.9777    30.9879    1470.15  0.000e+00
     33.907   70.58002 -162.49074     5.9776    30.9876    1470.15  0.000e+00
     33.846   70.58002 -162.49074     5.9775    30.9877    1470.15  0.000e+00
     33.853   70.58002 -162.49074     5.9775    30.9873    1470.15  0.000e+00
     33.853   70.58002 -162.49074     5.9775    30.9875    1470.15  0.000e+00
     33.853   70.58002 -162.49074     5.9773    30.9872    1470.15  0.000e+00
     33.900   70.58002 -162.49074     5.9773    30.9880    1470.15  0.000e+00
     33.853   70.58002 -162.49074     5.9772    30.9878    1470.15  0.000e+00
     33.853   70.58002 -162.49074     5.9773    30.9875    1470.15  0.000e+00
     33.846   70.58002 -162.49074     5.9772    30.9879    1470.15  0.000e+00
     33.853   70.58002 -162.49074     5.9772    30.9879    1470.15  0.000e+00
     33.853   70.58002 -162.49074     5.9773    30.9879    1470.15  0.000e+00
     33.900   70.58002 -162.49074     5.9773    30.9877    1470.15  0.000e+00
     33.853   70.58002 -162.49074     5.9775    30.9876    1470.15  0.000e+00
     33.853   70.58002 -162.49074     5.9773    30.9883    1470.15  0.000e+00
     33.900   70.58002 -162.49074     5.9773    30.9881    1470.15  0.000e+00
     33.853   70.58002 -162.49074     5.9775    30.9880    1470.15  0.000e+00
     33.853   70.58002 -162.49074     5.9773    30.9881    1470.15  0.000e+00
     33.907   70.58002 -162.49074     5.9776    30.9876    1470.15  0.000e+00
     33.900   70.58002 -162.49074     5.9772    30.9885    1470.15  0.000e+00
     33.853   70.58002 -162.49074     5.9775    30.9877    1470.15  0.000e+00
     33.907   70.58002 -162.49074     5.9775    30.9877    1470.15  0.000e+00
     33.846   70.58002 -162.49074     5.9775    30.9880    1470.15  0.000e+00
     33.907   70.58002 -162.49074     5.9775    30.9880    1470.15  0.000e+00
     33.907   70.58002 -162.49074     5.9775    30.9881    1470.15  0.000e+00
     33.846   70.58002 -162.49074     5.9775    30.9880    1470.15  0.000e+00
     33.907   70.58002 -162.49074     5.9775    30.9883    1470.15  0.000e+00
     33.853   70.58002 -162.49074     5.9773    30.9883    1470.15  0.000e+00
     33.899   70.58002 -162.49074     5.9775    30.9875    1470.15  0.000e+00
     33.907   70.58002 -162.49074     5.9773    30.9880    1470.15  0.000e+00
     33.907   70.58002 -162.49074     5.9775    30.9877    1470.15  0.000e+00
     33.907   70.58002 -162.49074     5.9773    30.9883    1470.15  0.000e+00
     33.899   70.58002 -162.49074     5.9773    30.9894    1470.15  0.000e+00
     33.907   70.58002 -162.49074     5.9775    30.9894    1470.15  0.000e+00
     33.907   70.58002 -162.49074     5.9775    30.9895    1470.15  0.000e+00
     33.899   70.58002 -162.49074     5.9775    30.9898    1470.15  0.000e+00
     33.907   70.58002 -162.49074     5.9776    30.9891    1470.15  0.000e+00
     33.907   70.58002 -162.49074     5.9775    30.9888    1470.15  0.000e+00
     33.953   70.58002 -162.49074     5.9776    30.9884    1470.15  0.000e+00
     33.907   70.58002 -162.49074     5.9775    30.9890    1470.15  0.000e+00
     33.907   70.58002 -162.49074     5.9775    30.9891    1470.15  0.000e+00
     33.907   70.58002 -162.49074     5.9775    30.9892    1470.15  0.000e+00
     33.953   70.58002 -162.49074     5.9775    30.9895    1470.15  0.000e+00
     33.907   70.58002 -162.49074     5.9776    30.9896    1470.15  0.000e+00
     33.969   70.58002 -162.49074     5.9776    30.9897    1470.15  0.000e+00
     33.953   70.58002 -162.49074     5.9777    30.9900    1470.15  0.000e+00
     33.907   70.58002 -162.49074     5.9778    30.9899    1470.15  0.000e+00
     33.969   70.58002 -162.49074     5.9776    30.9901    1470.15  0.000e+00
     33.899   70.58002 -162.49074     5.9778    30.9897    1470.15  0.000e+00
     33.969   70.58002 -162.49074     5.9776    30.9894    1470.15  0.000e+00
     33.969   70.58002 -162.49074     5.9778    30.9891    1470.15  0.000e+00
     33.899   70.58002 -162.49074     5.9777    30.9900    1470.15  0.000e+00
     33.969   70.58002 -162.49074     5.9779    30.9897    1470.15  0.000e+00
     33.969   70.58002 -162.49074     5.9779    30.9893    1470.15  0.000e+00
     33.969   70.58002 -162.49074     5.9778    30.9896    1470.15  0.000e+00
     33.953   70.58002 -162.49074     5.9779    30.9897    1470.15  0.000e+00
     33.907   70.58002 -162.49074     5.9778    30.9897    1470.15  0.000e+00
     33.969   70.58002 -162.49074     5.9778    30.9896    1470.15  0.000e+00
     33.953   70.58002 -162.49074     5.9779    30.9891    1470.15  0.000e+00
     33.969   70.58002 -162.49074     5.9776    30.9888    1470.15  0.000e+00
     33.969   70.58002 -162.49074     5.9778    30.9886    1470.15  0.000e+00
     33.953   70.58002 -162.49074     5.9777    30.9886    1470.15  0.000e+00
     33.969   70.58002 -162.49074     5.9775    30.9881    1470.15  0.000e+00
     33.969   70.58002 -162.49074     5.9775    30.9877    1470.15  0.000e+00
     33.969   70.58002 -162.49074     5.9775    30.9885    1470.15  0.000e+00
     33.953   70.58002 -162.49074     5.9776    30.9894    1470.15  0.000e+00
     33.969   70.58002 -162.49074     5.9773    30.9906    1470.15  0.000e+00
     33.969   70.58002 -162.49074     5.9778    30.9901    1470.15  0.000e+00
     33.953   70.58002 -162.49074     5.9776    30.9905    1470.15  0.000e+00
     33.969   70.58002 -162.49074     5.9778    30.9905    1470.16  0.000e+00
     33.969   70.58002 -162.49074     5.9778    30.9904    1470.16  0.000e+00
     33.953   70.58002 -162.49074     5.9778    30.9905    1470.16  0.000e+00
     33.969   70.58002 -162.49074     5.9778    30.9907    1470.16  0.000e+00
     33.969   70.58002 -162.49074     5.9781    30.9905    1470.16  0.000e+00
     33.899   70.58002 -162.49074     5.9779    30.9910    1470.16  0.000e+00
     34.023   70.58002 -162.49074     5.9781    30.9910    1470.16  0.000e+00
