EcoFOCI/data/1_SampleCollection/2023_SikuliaqDBO_CruiseData/CTD_raw_BottleFile_SKQ23-12S/proc/skq202312s_036svpavg.cnv
* Sea-Bird SBE 9 Data File:
* FileName = D:\CTD\SKQ202312S\SKQ202312S_036.hex
* Software Version Seasave V 7.26.7.121
* Temperature SN = 6177
* Conductivity SN = 0369
* Number of Bytes Per Scan = 41
* Number of Voltage Words = 4
* Number of Scans Averaged by the Deck Unit = 1
* NMEA Latitude = 72 27.93 N
* NMEA Longitude = 156 32.77 W
* NMEA UTC (Time) = Sep 22 2023  14:08:00
* NMEA baud rate = 4800
** Ship: R/V Sikuliaq
** Station Number: 036
** Station Name: CK9
** Bottom Depth: 990
** Operator: SD
# nquan = 7
# nvalues = 978                         
# units = specified
# name 0 = depSM: Depth [salt water, m]
# name 1 = latitude: Latitude [deg]
# name 2 = longitude: Longitude [deg]
# name 3 = t090C: Temperature [ITS-90, deg C]
# name 4 = sal00: Salinity, Practical [PSU]
# name 5 = svCM: Sound Velocity [Chen-Millero, m/s]
# name 6 = flag: flag
# span 0 =      4.000,    981.000       
# span 1 =   72.46518,   72.46554       
# span 2 = -156.54650, -156.54612       
# span 3 =    -1.6662,     3.5207       
# span 4 =    27.5795,    34.8588       
# span 5 =    1440.31,    1466.47       
# span 6 = 0.0000e+00, 0.0000e+00       
# interval = meters: 1                  
# start_time = Sep 22 2023 14:11:59 [NMEA time, first data scan]
# bad_flag = -9.990e-29
*END*
[from data line 821]
    825.000   72.46526 -156.54636     0.5031    34.8539    1464.92 0.0000e+00
    826.000   72.46526 -156.54636     0.5018    34.8538    1464.93 0.0000e+00
    827.000   72.46526 -156.54636     0.5009    34.8538    1464.95 0.0000e+00
    828.000   72.46526 -156.54636     0.5008    34.8536    1464.96 0.0000e+00
    829.000   72.46526 -156.54636     0.4949    34.8537    1464.95 0.0000e+00
    830.000   72.46526 -156.54637     0.4907    34.8540    1464.95 0.0000e+00
    831.000   72.46526 -156.54638     0.4881    34.8541    1464.95 0.0000e+00
    832.000   72.46526 -156.54638     0.4871    34.8542    1464.97 0.0000e+00
    833.000   72.46526 -156.54638     0.4847    34.8540    1464.97 0.0000e+00
    834.000   72.46526 -156.54638     0.4821    34.8544    1464.98 0.0000e+00
    835.000   72.46526 -156.54638     0.4816    34.8542    1464.99 0.0000e+00
    836.000   72.46526 -156.54638     0.4775    34.8539    1464.99 0.0000e+00
    837.000   72.46526 -156.54638     0.4768    34.8544    1465.00 0.0000e+00
    838.000   72.46526 -156.54638     0.4748    34.8543    1465.01 0.0000e+00
    839.000   72.46526 -156.54638     0.4749    34.8544    1465.03 0.0000e+00
    840.000   72.46526 -156.54639     0.4743    34.8540    1465.04 0.0000e+00
    841.000   72.46526 -156.54640     0.4711    34.8543    1465.05 0.0000e+00
    842.000   72.46525 -156.54640     0.4697    34.8543    1465.06 0.0000e+00
    843.000   72.46524 -156.54640     0.4691    34.8544    1465.07 0.0000e+00
    844.000   72.46524 -156.54640     0.4689    34.8543    1465.08 0.0000e+00
    845.000   72.46524 -156.54640     0.4687    34.8543    1465.10 0.0000e+00
    846.000   72.46524 -156.54640     0.4690    34.8543    1465.12 0.0000e+00
    847.000   72.46524 -156.54640     0.4668    34.8540    1465.13 0.0000e+00
    848.000   72.46524 -156.54641     0.4620    34.8543    1465.12 0.0000e+00
    849.000   72.46524 -156.54642     0.4586    34.8545    1465.12 0.0000e+00
    850.000   72.46524 -156.54642     0.4565    34.8544    1465.13 0.0000e+00
    851.000   72.46524 -156.54642     0.4549    34.8546    1465.14 0.0000e+00
    852.000   72.46524 -156.54642     0.4534    34.8546    1465.15 0.0000e+00
    853.000   72.46524 -156.54642     0.4523    34.8546    1465.16 0.0000e+00
    854.000   72.46524 -156.54642     0.4520    34.8546    1465.18 0.0000e+00
    855.000   72.46524 -156.54642     0.4521    34.8545    1465.19 0.0000e+00
    856.000   72.46524 -156.54642     0.4524    34.8544    1465.21 0.0000e+00
    857.000   72.46524 -156.54644     0.4530    34.8545    1465.23 0.0000e+00
    858.000   72.46524 -156.54644     0.4529    34.8544    1465.25 0.0000e+00
    859.000   72.46524 -156.54644     0.4528    34.8544    1465.26 0.0000e+00
    860.000   72.46524 -156.54644     0.4514    34.8544    1465.28 0.0000e+00
    861.000   72.46524 -156.54644     0.4508    34.8544    1465.29 0.0000e+00
    862.000   72.46523 -156.54644     0.4483    34.8544    1465.29 0.0000e+00
    863.000   72.46522 -156.54644     0.4459    34.8545    1465.30 0.0000e+00
    864.000   72.46522 -156.54644     0.4447    34.8545    1465.31 0.0000e+00
    865.000   72.46522 -156.54644     0.4430    34.8545    1465.32 0.0000e+00
    866.000   72.46522 -156.54644     0.4420    34.8546    1465.33 0.0000e+00
    867.000   72.46522 -156.54645     0.4398    34.8542    1465.34 0.0000e+00
    868.000   72.46522 -156.54646     0.4341    34.8548    1465.33 0.0000e+00
    869.000   72.46522 -156.54646     0.4325    34.8548    1465.34 0.0000e+00
    870.000   72.46522 -156.54646     0.4324    34.8550    1465.36 0.0000e+00
    871.000   72.46522 -156.54646     0.4329    34.8547    1465.38 0.0000e+00
    872.000   72.46522 -156.54646     0.4311    34.8547    1465.38 0.0000e+00
    873.000   72.46522 -156.54646     0.4294    34.8549    1465.39 0.0000e+00
    874.000   72.46522 -156.54646     0.4290    34.8549    1465.41 0.0000e+00
    875.000   72.46522 -156.54646     0.4288    34.8548    1465.42 0.0000e+00
    876.000   72.46522 -156.54646     0.4284    34.8549    1465.44 0.0000e+00
    877.000   72.46522 -156.54646     0.4282    34.8550    1465.45 0.0000e+00
    878.000   72.46522 -156.54646     0.4281    34.8548    1465.47 0.0000e+00
    879.000   72.46522 -156.54646     0.4275    34.8549    1465.49 0.0000e+00
    880.000   72.46522 -156.54646     0.4248    34.8548    1465.49 0.0000e+00
    881.000   72.46522 -156.54646     0.4236    34.8549    1465.50 0.0000e+00
    882.000   72.46522 -156.54646     0.4218    34.8548    1465.51 0.0000e+00
    883.000   72.46522 -156.54646     0.4184    34.8551    1465.51 0.0000e+00
    884.000   72.46522 -156.54646     0.4167    34.8552    1465.52 0.0000e+00
    885.000   72.46522 -156.54646     0.4150    34.8550    1465.53 0.0000e+00
    886.000   72.46522 -156.54646     0.4128    34.8552    1465.54 0.0000e+00
    887.000   72.46521 -156.54646     0.4120    34.8552    1465.55 0.0000e+00
    888.000   72.46520 -156.54646     0.4121    34.8551    1465.57 0.0000e+00
    889.000   72.46520 -156.54646     0.4110    34.8553    1465.58 0.0000e+00
    890.000   72.46520 -156.54646     0.4088    34.8550    1465.58 0.0000e+00
    891.000   72.46520 -156.54646     0.4066    34.8552    1465.59 0.0000e+00
    892.000   72.46520 -156.54646     0.4058    34.8552    1465.61 0.0000e+00
    893.000   72.46520 -156.54646     0.4045    34.8554    1465.62 0.0000e+00
    894.000   72.46520 -156.54646     0.4018    34.8555    1465.62 0.0000e+00
    895.000   72.46520 -156.54646     0.3991    34.8553    1465.62 0.0000e+00
    896.000   72.46520 -156.54646     0.3941    34.8553    1465.62 0.0000e+00
    897.000   72.46520 -156.54646     0.3896    34.8556    1465.61 0.0000e+00
    898.000   72.46520 -156.54646     0.3845    34.8558    1465.61 0.0000e+00
    899.000   72.46520 -156.54646     0.3827    34.8559    1465.62 0.0000e+00
    900.000   72.46520 -156.54646     0.3803    34.8561    1465.62 0.0000e+00
    901.000   72.46520 -156.54646     0.3810    34.8560    1465.64 0.0000e+00
    902.000   72.46520 -156.54646     0.3803    34.8558    1465.66 0.0000e+00
    903.000   72.46520 -156.54646     0.3737    34.8558    1465.64 0.0000e+00
    904.000   72.46520 -156.54646     0.3705    34.8564    1465.65 0.0000e+00
    905.000   72.46520 -156.54646     0.3706    34.8562    1465.66 0.0000e+00
    906.000   72.46520 -156.54646     0.3707    34.8561    1465.68 0.0000e+00
    907.000   72.46520 -156.54646     0.3709    34.8561    1465.70 0.0000e+00
    908.000   72.46520 -156.54646     0.3706    34.8561    1465.71 0.0000e+00
    909.000   72.46520 -156.54646     0.3710    34.8558    1465.73 0.0000e+00
    910.000   72.46520 -156.54646     0.3674    34.8560    1465.73 0.0000e+00
    911.000   72.46518 -156.54646     0.3667    34.8560    1465.75 0.0000e+00
    912.000   72.46518 -156.54646     0.3655    34.8561    1465.76 0.0000e+00
    913.000   72.46518 -156.54646     0.3615    34.8559    1465.76 0.0000e+00
    914.000   72.46518 -156.54646     0.3597    34.8563    1465.76 0.0000e+00
    915.000   72.46518 -156.54646     0.3604    34.8562    1465.78 0.0000e+00
    916.000   72.46518 -156.54646     0.3602    34.8560    1465.80 0.0000e+00
    917.000   72.46518 -156.54646     0.3584    34.8561    1465.81 0.0000e+00
    918.000   72.46518 -156.54646     0.3572    34.8563    1465.82 0.0000e+00
    919.000   72.46518 -156.54646     0.3558    34.8563    1465.83 0.0000e+00
    920.000   72.46518 -156.54646     0.3552    34.8564    1465.85 0.0000e+00
    921.000   72.46518 -156.54647     0.3551    34.8563    1465.86 0.0000e+00
    922.000   72.46518 -156.54648     0.3548    34.8562    1465.88 0.0000e+00
    923.000   72.46518 -156.54648     0.3554    34.8561    1465.90 0.0000e+00
    924.000   72.46518 -156.54648     0.3547    34.8561    1465.91 0.0000e+00
    925.000   72.46518 -156.54648     0.3523    34.8563    1465.92 0.0000e+00
    926.000   72.46518 -156.54648     0.3523    34.8562    1465.93 0.0000e+00
    927.000   72.46518 -156.54648     0.3527    34.8561    1465.95 0.0000e+00
    928.000   72.46518 -156.54648     0.3523    34.8561    1465.96 0.0000e+00
    929.000   72.46518 -156.54650     0.3491    34.8561    1465.97 0.0000e+00
    930.000   72.46518 -156.54650     0.3459    34.8562    1465.97 0.0000e+00
    931.000   72.46518 -156.54650     0.3430    34.8563    1465.97 0.0000e+00
    932.000   72.46518 -156.54650     0.3413    34.8563    1465.98 0.0000e+00
    933.000   72.46518 -156.54650     0.3401    34.8562    1465.99 0.0000e+00
    934.000   72.46518 -156.54650     0.3369    34.8562    1466.00 0.0000e+00
    935.000   72.46518 -156.54650     0.3362    34.8562    1466.01 0.0000e+00
    936.000   72.46518 -156.54650     0.3360    34.8561    1466.03 0.0000e+00
    937.000   72.46518 -156.54650     0.3350    34.8562    1466.04 0.0000e+00
    938.000   72.46518 -156.54650     0.3343    34.8561    1466.05 0.0000e+00
    939.000   72.46518 -156.54650     0.3340    34.8562    1466.07 0.0000e+00
    940.000   72.46520 -156.54648     0.3361    34.8561    1466.09 0.0000e+00
    941.000   72.46522 -156.54646     0.3357    34.8563    1466.11 0.0000e+00
    942.000   72.46522 -156.54646     0.3353    34.8563    1466.12 0.0000e+00
    943.000   72.46522 -156.54644     0.3350    34.8564    1466.14 0.0000e+00
    944.000   72.46522 -156.54644     0.3349    34.8563    1466.16 0.0000e+00
    945.000   72.46522 -156.54642     0.3356    34.8563    1466.18 0.0000e+00
    946.000   72.46522 -156.54642     0.3347    34.8564    1466.19 0.0000e+00
    947.000   72.46522 -156.54642     0.3346    34.8564    1466.20 0.0000e+00
    948.000   72.46522 -156.54640     0.3337    34.8564    1466.22 0.0000e+00
    949.000   72.46522 -156.54640     0.3301    34.8566    1466.22 0.0000e+00
    950.000   72.46522 -156.54640     0.3206    34.8568    1466.19 0.0000e+00
    951.000   72.46522 -156.54640     0.3234    34.8568    1466.22 0.0000e+00
    952.000   72.46522 -156.54640     0.3202    34.8568    1466.22 0.0000e+00
    953.000   72.46522 -156.54640     0.3211    34.8567    1466.24 0.0000e+00
    954.000   72.46522 -156.54640     0.3185    34.8566    1466.25 0.0000e+00
    955.000   72.46522 -156.54640     0.3146    34.8570    1466.25 0.0000e+00
    956.000   72.46522 -156.54640     0.3120    34.8570    1466.25 0.0000e+00
    957.000   72.46522 -156.54640     0.3109    34.8571    1466.27 0.0000e+00
    958.000   72.46522 -156.54640     0.3096    34.8571    1466.28 0.0000e+00
    959.000   72.46522 -156.54641     0.3092    34.8571    1466.29 0.0000e+00
    960.000   72.46522 -156.54642     0.3088    34.8569    1466.31 0.0000e+00
    961.000   72.46522 -156.54642     0.3061    34.8571    1466.31 0.0000e+00
    962.000   72.46522 -156.54642     0.3069    34.8571    1466.33 0.0000e+00
    963.000   72.46522 -156.54642     0.3041    34.8572    1466.34 0.0000e+00
    964.000   72.46522 -156.54642     0.3048    34.8571    1466.35 0.0000e+00
    965.000   72.46522 -156.54642     0.3037    34.8570    1466.37 0.0000e+00
    966.000   72.46522 -156.54642     0.3007    34.8572    1466.37 0.0000e+00
    967.000   72.46522 -156.54643     0.3022    34.8571    1466.39 0.0000e+00
    968.000   72.46522 -156.54644     0.2938    34.8574    1466.37 0.0000e+00
    969.000   72.46522 -156.54643     0.2862    34.8577    1466.36 0.0000e+00
    970.000   72.46522 -156.54644     0.2837    34.8577    1466.36 0.0000e+00
    971.000   72.46522 -156.54644     0.2853    34.8577    1466.39 0.0000e+00
    972.000   72.46522 -156.54644     0.2785    34.8579    1466.37 0.0000e+00
    973.000   72.46522 -156.54644     0.2793    34.8578    1466.39 0.0000e+00
    974.000   72.46522 -156.54644     0.2768    34.8578    1466.40 0.0000e+00
    975.000   72.46522 -156.54644     0.2732    34.8580    1466.40 0.0000e+00
    976.000   72.46522 -156.54644     0.2736    34.8579    1466.42 0.0000e+00
    977.000   72.46522 -156.54644     0.2723    34.8580    1466.43 0.0000e+00
    978.000   72.46522 -156.54644     0.2644    34.8583    1466.41 0.0000e+00
    979.000   72.46520 -156.54644     0.2663    34.8581    1466.43 0.0000e+00
    980.000   72.46520 -156.54644     0.2713    34.8578    1466.47 0.0000e+00
    981.000   72.46520 -156.54647     0.2574    34.8588    1466.43 0.0000e+00
