EcoFOCI/data/1_SampleCollection/2023_SikuliaqDBO_CruiseData/CTD_raw_BottleFile_SKQ23-12S/proc/skq202312s_010.cnv
* Sea-Bird SBE 9 Data File:
* FileName = D:\CTD\SKQ202312S\SKQ202312S_010.hex
* Software Version Seasave V 7.26.7.121
* Temperature SN = 6177
* Conductivity SN = 0369
* Number of Bytes Per Scan = 41
* Number of Voltage Words = 4
* Number of Scans Averaged by the Deck Unit = 1
* NMEA Latitude = 63 16.77 N
* NMEA Longitude = 173 16.77 W
* NMEA UTC (Time) = Sep 16 2023  15:37:33
* NMEA baud rate = 4800
** Ship: R/V Sikuliaq
** Station Number: 010
** Station Name: DBO1.9
** Bottom Depth: 70
** Operator: SD
# nquan = 24
# nvalues = 5816                                  
# units = specified
# name 0 = depSM: Depth [salt water, m]
# name 1 = latitude: Latitude [deg]
# name 2 = longitude: Longitude [deg]
# name 3 = prDM: Pressure, Digiquartz [db]
# name 4 = t090C: Temperature [ITS-90, deg C]
# name 5 = t190C: Temperature, 2 [ITS-90, deg C]
# name 6 = potemp090C: Potential Temperature [ITS-90, deg C]
# name 7 = sal00: Salinity, Practical [PSU]
# name 8 = sal11: Salinity, Practical, 2 [PSU]
# name 9 = density00: Density [density, kg/m^3]
# name 10 = sigma-é00: Density [sigma-theta, kg/m^3]
# name 11 = sbox0Mm/Kg: Oxygen, SBE 43 [umol/kg]
# name 12 = sbox1Mm/Kg: Oxygen, SBE 43, 2 [umol/kg]
# name 13 = oxsolMm/Kg: Oxygen Saturation, Garcia & Gordon [umol/kg]
# name 14 = sbeox0PS: Oxygen, SBE 43 [% saturation]
# name 15 = sbeox1PS: Oxygen, SBE 43, 2 [% saturation]
# name 16 = v0: Voltage 0
# name 17 = flECO-AFL: Fluorescence, WET Labs ECO-AFL/FL [mg/m^3]
# name 18 = v1: Voltage 1
# name 19 = CStarAt0: Beam Attenuation, WET Labs C-Star [1/m]
# name 20 = par: PAR/Irradiance, Biospherical/Licor
# name 21 = scan: Scan Count
# name 22 = timeM: Time, Elapsed [minutes]
# name 23 = flag:  0.000e+00
# span 0 =      2.299,     64.361                 
# span 1 =   63.27950,   63.27952                 
# span 2 = -173.27952, -173.27950                 
# span 3 =      2.321,     65.000                 
# span 4 =    -1.4908,     7.4874                 
# span 5 =    -1.4897,     7.4875                 
# span 6 =    -1.4916,     7.4864                 
# span 7 =    31.3838,    32.1305                 
# span 8 =    31.3946,    32.1415                 
# span 9 =  1024.5191,  1026.1510                 
# span 10 =    24.5080,    25.8384                
# span 11 =    245.313,    439.527                
# span 12 =    233.348,    411.495                
# span 13 =  298.00874,  370.53946                
# span 14 =     66.478,    123.118                
# span 15 =     63.242,    114.736                
# span 16 =     0.0806,     0.2735                
# span 17 =     0.1355,     1.2930                
# span 18 =     2.9194,     4.2112                
# span 19 =     0.4498,     1.9158                
# span 20 = 1.0000e-12, 8.6111e-01                
# span 21 =          1,       5816                
# span 22 =     0.0000,     4.0382                
# span 23 = 0.0000e+00, 0.0000e+00                
# interval = seconds: 0.0416667
# start_time = Sep 16 2023 15:40:12 [NMEA time, first data scan]
# bad_flag = -9.990e-29
*END*
[from data line 1751]
     10.804   63.27952 -173.27950     10.909     7.4840     7.4866     7.4830    31.3869    31.3977  1024.5594    24.5094    289.759    276.973  298.03325     97.224     92.947     0.1673     0.6557     3.9976     0.6581 1.0000e-12       1752     1.2160  0.000e+00
     10.919   63.27952 -173.27950     11.026     7.4840     7.4869     7.4830    31.3869    31.3975  1024.5600    24.5094    289.763    277.145  298.03320     97.225     93.005     0.1673     0.6557     3.9976     0.6581 1.0000e-12       1753     1.2167  0.000e+00
     10.865   63.27952 -173.27950     10.972     7.4838     7.4872     7.4829    31.3867    31.3974  1024.5596    24.5093    289.761    277.155  298.03451     97.224     93.009     0.1673     0.6557     3.9976     0.6581 1.0000e-12       1754     1.2174  0.000e+00
     10.888   63.27952 -173.27950     10.995     7.4840     7.4867     7.4830    31.3869    31.3977  1024.5598    24.5094    289.759    277.170  298.03317     97.224     93.013     0.1685     0.6630     3.9976     0.6581 1.0000e-12       1755     1.2181  0.000e+00
     10.919   63.27952 -173.27950     11.026     7.4840     7.4866     7.4830    31.3870    31.3970  1024.5601    24.5095    289.947    277.183  298.03288     97.287     93.017     0.1661     0.6483     4.0000     0.6557 1.0000e-12       1756     1.2188  0.000e+00
     10.919   63.27952 -173.27950     11.026     7.4843     7.4863     7.4833    31.3871    31.3969  1024.5601    24.5095    289.591    277.193  298.03031     97.168     93.019     0.1685     0.6630     4.0000     0.6557 1.0000e-12       1757     1.2194  0.000e+00
     10.919   63.27952 -173.27950     11.026     7.4848     7.4856     7.4838    31.3877    31.3971  1024.5605    24.5099    289.749    277.203  298.02605     97.223     93.021     0.1685     0.6630     4.0000     0.6557 1.0000e-12       1758     1.2201  0.000e+00
     10.981   63.27952 -173.27950     11.089     7.4851     7.4853     7.4841    31.3874    31.3970  1024.5605    24.5096    289.748    277.211  298.02427     97.223     93.023     0.1673     0.6557     4.0000     0.6557 1.0000e-12       1759     1.2208  0.000e+00
     10.865   63.27952 -173.27950     10.972     7.4854     7.4851     7.4844    31.3872    31.3972  1024.5598    24.5094    289.741    277.226  298.02264     97.221     93.028     0.1685     0.6630     4.0000     0.6557 1.0000e-12       1760     1.2215  0.000e+00
     11.066   63.27952 -173.27950     11.174     7.4856     7.4855     7.4846    31.3873    31.3970  1024.5607    24.5095    289.746    277.419  298.02115     97.223     93.093     0.1685     0.6630     4.0000     0.6557 1.0000e-12       1761     1.2222  0.000e+00
     10.981   63.27952 -173.27950     11.088     7.4856     7.4851     7.4846    31.3877    31.3970  1024.5607    24.5098    289.553    277.449  298.02066     97.159     93.103     0.1685     0.6630     4.0000     0.6557 1.0000e-12       1762     1.2229  0.000e+00
     10.981   63.27952 -173.27950     11.088     7.4858     7.4850     7.4848    31.3873    31.3969  1024.5604    24.5095    289.715    277.480  298.02002     97.213     93.113     0.1673     0.6557     4.0000     0.6557 1.0000e-12       1763     1.2236  0.000e+00
     11.035   63.27952 -173.27950     11.143     7.4861     7.4856     7.4851    31.3870    31.3968  1024.5603    24.5092    289.527    277.505  298.01872     97.151     93.122     0.1685     0.6630     4.0000     0.6557 1.0000e-12       1764     1.2243  0.000e+00
     10.981   63.27952 -173.27950     11.088     7.4861     7.4856     7.4851    31.3872    31.3974  1024.5602    24.5093    289.553    277.510  298.01826     97.160     93.124     0.1673     0.6557     4.0000     0.6557 1.0000e-12       1765     1.2250  0.000e+00
     11.066   63.27952 -173.27950     11.174     7.4862     7.4863     7.4852    31.3873    31.3970  1024.5607    24.5094    289.722    277.532  298.01698     97.217     93.133     0.1685     0.6630     4.0000     0.6557 1.0000e-12       1766     1.2257  0.000e+00
     11.035   63.27952 -173.27950     11.143     7.4863     7.4867     7.4853    31.3877    31.3975  1024.5608    24.5097    289.724    277.718  298.01582     97.218     93.197     0.1673     0.6557     4.0012     0.6544 1.0000e-12       1767     1.2264  0.000e+00
     11.035   63.27952 -173.27950     11.143     7.4866     7.4869     7.4856    31.3876    31.3973  1024.5607    24.5096    289.726    277.768  298.01398     97.219     93.214     0.1685     0.6630     4.0000     0.6557 1.0000e-12       1768     1.2271  0.000e+00
     11.089   63.27952 -173.27950     11.197     7.4869     7.4869     7.4859    31.3876    31.3970  1024.5609    24.5095    289.757    277.820  298.01211     97.230     93.231     0.1673     0.6557     4.0000     0.6557 1.0000e-12       1769     1.2278  0.000e+00
     11.089   63.27952 -173.27950     11.197     7.4871     7.4869     7.4861    31.3872    31.3970  1024.5606    24.5092    289.762    277.850  298.01147     97.232     93.241     0.1685     0.6630     4.0000     0.6557 1.0000e-12       1770     1.2285  0.000e+00
     11.066   63.27952 -173.27950     11.174     7.4870     7.4867     7.4860    31.3876    31.3972  1024.5608    24.5095    289.765    277.877  298.01096     97.233     93.250     0.1661     0.6483     4.0000     0.6557 1.0000e-12       1771     1.2292  0.000e+00
     11.150   63.27952 -173.27950     11.260     7.4872     7.4867     7.4862    31.3875    31.3974  1024.5611    24.5095    289.773    278.075  298.00976     97.236     93.316     0.1648     0.6410     4.0012     0.6544 1.0000e-12       1772     1.2299  0.000e+00
     11.089   63.27952 -173.27950     11.197     7.4874     7.4869     7.4864    31.3876    31.3969  1024.5608    24.5094    289.586    278.110  298.00874     97.174     93.328     0.1636     0.6337     4.0000     0.6557 1.0000e-12       1773     1.2306  0.000e+00
     11.150   63.27952 -173.27950     11.260     7.4870     7.4872     7.4860    31.3876    31.3970  1024.5612    24.5095    289.760    278.144  298.01105     97.231     93.340     0.1636     0.6337     4.0000     0.6557 1.0000e-12       1774     1.2313  0.000e+00
     11.150   63.27952 -173.27950     11.260     7.4869     7.4872     7.4859    31.3876    31.3974  1024.5612    24.5095    289.768    278.174  298.01201     97.234     93.351     0.1636     0.6337     4.0000     0.6557 1.0000e-12       1775     1.2319  0.000e+00
     11.150   63.27952 -173.27950     11.260     7.4869     7.4872     7.4859    31.3877    31.3976  1024.5613    24.5096    289.773    278.201  298.01137     97.236     93.360     0.1636     0.6337     4.0012     0.6544 1.0000e-12       1776     1.2326  0.000e+00
     11.173   63.27952 -173.27950     11.283     7.4869     7.4872     7.4859    31.3870    31.3970  1024.5609    24.5091    289.756    278.227  298.01324     97.229     93.368     0.1648     0.6410     4.0012     0.6544 2.0263e-03       1777     1.2333  0.000e+00
     11.204   63.27952 -173.27950     11.314     7.4866     7.4869     7.4856    31.3866    31.3967  1024.5607    24.5088    289.954    278.251  298.01624     97.295     93.375     0.1636     0.6337     4.0024     0.6532 4.7702e-03       1778     1.2340  0.000e+00
     11.204   63.27952 -173.27950     11.314     7.4861     7.4867     7.4851    31.3865    31.3971  1024.5607    24.5088    289.611    278.269  298.01985     97.178     93.381     0.1648     0.6410     4.0024     0.6532 4.7702e-03       1779     1.2347  0.000e+00
     11.204   63.27952 -173.27950     11.314     7.4861     7.4869     7.4851    31.3861    31.3972  1024.5604    24.5085    289.591    278.452  298.02074     97.172     93.443     0.1636     0.6337     4.0012     0.6544 1.6876e-03       1780     1.2354  0.000e+00
     11.204   63.27952 -173.27950     11.314     7.4853     7.4869     7.4843    31.3870    31.3975  1024.5612    24.5093    289.576    278.477  298.02418     97.165     93.452     0.1648     0.6410     4.0024     0.6532 1.0000e-12       1781     1.2361  0.000e+00
     11.235   63.27952 -173.27950     11.345     7.4851     7.4867     7.4841    31.3868    31.3973  1024.5612    24.5091    289.373    278.501  298.02565     97.097     93.459     0.1636     0.6337     4.0024     0.6532 1.0000e-12       1782     1.2368  0.000e+00
     11.266   63.27952 -173.27950     11.376     7.4848     7.4866     7.4838    31.3865    31.3967  1024.5612    24.5090    289.498    278.523  298.02857     97.138     93.466     0.1648     0.6410     4.0024     0.6532 1.0000e-12       1783     1.2375  0.000e+00
     11.266   63.27952 -173.27950     11.376     7.4841     7.4860     7.4831    31.3866    31.3965  1024.5613    24.5091    289.487    278.541  298.03282     97.133     93.471     0.1636     0.6337     4.0024     0.6532 1.0000e-12       1784     1.2382  0.000e+00
     11.320   63.27952 -173.27950     11.431     7.4840     7.4858     7.4830    31.3868    31.3964  1024.5617    24.5093    289.475    278.554  298.03343     97.128     93.474     0.1636     0.6337     4.0024     0.6532 1.0000e-12       1785     1.2389  0.000e+00
     11.266   63.27952 -173.27950     11.376     7.4840     7.4851     7.4830    31.3864    31.3968  1024.5612    24.5090    289.460    278.561  298.03419     97.123     93.476     0.1636     0.6337     4.0012     0.6544 1.0000e-12       1786     1.2396  0.000e+00
     11.289   63.27952 -173.27950     11.400     7.4840     7.4848     7.4830    31.3870    31.3969  1024.5618    24.5095    289.447    278.565  298.03284     97.119     93.477     0.1648     0.6410     4.0024     0.6532 1.0000e-12       1787     1.2403  0.000e+00
     11.320   63.27952 -173.27950     11.431     7.4843     7.4846     7.4833    31.3871    31.3967  1024.5619    24.5095    289.622    278.565  298.03046     97.179     93.476     0.1636     0.6337     4.0024     0.6532 1.0000e-12       1788     1.2410  0.000e+00
     11.382   63.27952 -173.27950     11.493     7.4845     7.4845     7.4835    31.3875    31.3963  1024.5625    24.5098    289.448    278.563  298.02843     97.121     93.474     0.1648     0.6410     4.0012     0.6544 1.0000e-12       1789     1.2417  0.000e+00
     11.320   63.27952 -173.27950     11.431     7.4850     7.4845     7.4840    31.3877    31.3966  1024.5624    24.5099    289.431    278.549  298.02460     97.116     93.470     0.1636     0.6337     4.0024     0.6532 1.0000e-12       1790     1.2424  0.000e+00
     11.320   63.27952 -173.27950     11.431     7.4853     7.4842     7.4843    31.3874    31.3964  1024.5620    24.5096    289.420    278.553  298.02332     97.113     93.471     0.1648     0.6410     4.0024     0.6532 1.0000e-12       1791     1.2431  0.000e+00
     11.405   63.27952 -173.27950     11.516     7.4856     7.4842     7.4845    31.3868    31.3965  1024.5620    24.5091    289.414    278.708  298.02253     97.111     93.523     0.1636     0.6337     4.0012     0.6544 1.0000e-12       1792     1.2437  0.000e+00
     11.381   63.27952 -173.27950     11.493     7.4856     7.4840     7.4845    31.3870    31.3965  1024.5620    24.5092    289.405    278.549  298.02219     97.109     93.469     0.1648     0.6410     4.0024     0.6532 1.0000e-12       1793     1.2444  0.000e+00
     11.381   63.27952 -173.27950     11.493     7.4854     7.4842     7.4844    31.3871    31.3962  1024.5621    24.5093    289.400    278.692  298.02299     97.107     93.517     0.1636     0.6337     4.0024     0.6532 1.0000e-12       1794     1.2451  0.000e+00
     11.381   63.27952 -173.27950     11.493     7.4850     7.4839     7.4840    31.3867    31.3963  1024.5618    24.5091    289.398    278.679  298.02684     97.105     93.512     0.1636     0.6337     4.0012     0.6544 1.0000e-12       1795     1.2458  0.000e+00
     11.435   63.27952 -173.27950     11.547     7.4845     7.4840     7.4834    31.3865    31.3960  1024.5620    24.5090    289.400    278.660  298.03075     97.104     93.506     0.1648     0.6410     4.0012     0.6544 1.0000e-12       1796     1.2465  0.000e+00
     11.435   63.27952 -173.27950     11.547     7.4841     7.4839     7.4831    31.3864    31.3962  1024.5620    24.5090    289.211    278.654  298.03315     97.040     93.504     0.1636     0.6337     4.0000     0.6557 1.0000e-12       1797     1.2472  0.000e+00
     11.466   63.27952 -173.27950     11.579     7.4838     7.4837     7.4828    31.3864    31.3966  1024.5622    24.5090    289.377    278.626  298.03519     97.095     93.494     0.1648     0.6410     4.0000     0.6557 1.0000e-12       1798     1.2479  0.000e+00
     11.435   63.27952 -173.27950     11.547     7.4838     7.4839     7.4828    31.3862    31.3963  1024.5618    24.5088    289.376    278.608  298.03580     97.094     93.488     0.1636     0.6337     4.0000     0.6557 1.0000e-12       1799     1.2486  0.000e+00
     11.489   63.27952 -173.27950     11.602     7.4832     7.4837     7.4821    31.3862    31.3963  1024.5622    24.5090    289.384    278.591  298.04002     97.096     93.482     0.1648     0.6410     4.0000     0.6557 1.0000e-12       1800     1.2493  0.000e+00
     11.435   63.27952 -173.27950     11.547     7.4833     7.4837     7.4823    31.3866    31.3966  1024.5622    24.5092    289.382    278.564  298.03828     97.096     93.473     0.1636     0.6337     4.0000     0.6557 1.0000e-12       1801     1.2500  0.000e+00
     11.489   63.27952 -173.27950     11.602     7.4833     7.4839     7.4823    31.3868    31.3965  1024.5626    24.5094    289.387    278.553  298.03785     97.097     93.470     0.1648     0.6410     4.0000     0.6557 1.0000e-12       1802     1.2507  0.000e+00
     11.520   63.27952 -173.27950     11.633     7.4833     7.4839     7.4823    31.3868    31.3965  1024.5628    24.5094    289.392    278.539  298.03780     97.099     93.465     0.1636     0.6337     4.0000     0.6557 1.0000e-12       1803     1.2514  0.000e+00
     11.489   63.27952 -173.27950     11.602     7.4832     7.4837     7.4821    31.3865    31.3966  1024.5624    24.5092    289.586    278.520  298.03946     97.164     93.459     0.1648     0.6410     4.0000     0.6557 1.0000e-12       1804     1.2521  0.000e+00
     11.551   63.27952 -173.27950     11.664     7.4832     7.4839     7.4821    31.3864    31.3963  1024.5626    24.5091    289.458    278.500  298.03976     97.120     93.452     0.1636     0.6337     4.0000     0.6557 1.0000e-12       1805     1.2528  0.000e+00
     11.489   63.27952 -173.27950     11.602     7.4833     7.4837     7.4823    31.3865    31.3963  1024.5624    24.5091    289.435    278.644  298.03850     97.113     93.500     0.1648     0.6410     4.0000     0.6557 1.0000e-12       1806     1.2535  0.000e+00
     11.551   63.27952 -173.27950     11.664     7.4835     7.4836     7.4824    31.3862    31.3964  1024.5624    24.5089    289.444    278.464  298.03816     97.116     93.439     0.1636     0.6337     4.0000     0.6557 1.0000e-12       1807     1.2542  0.000e+00
     11.574   63.27952 -173.27950     11.687     7.4833     7.4836     7.4823    31.3868    31.3962  1024.5630    24.5094    289.077    278.432  298.03785     96.993     93.429     0.1636     0.6337     4.0000     0.6557 1.0000e-12       1808     1.2549  0.000e+00
     11.551   63.27952 -173.27950     11.664     7.4832     7.4834     7.4821    31.3865    31.3962  1024.5627    24.5092    289.603    278.397  298.03936     97.170     93.416     0.1636     0.6337     4.0000     0.6557 1.0000e-12       1809     1.2556  0.000e+00
     11.551   63.27952 -173.27950     11.664     7.4830     7.4832     7.4820    31.3867    31.3966  1024.5629    24.5094    289.453    278.374  298.04000     97.119     93.409     0.1636     0.6337     4.0000     0.6557 1.0000e-12       1810     1.2563  0.000e+00
     11.605   63.27952 -173.27950     11.719     7.4830     7.4834     7.4820    31.3865    31.3965  1024.5630    24.5092    289.441    278.350  298.04037     97.115     93.401     0.1636     0.6337     4.0000     0.6557 1.0000e-12       1811     1.2569  0.000e+00
