EcoFOCI/data/1_SampleCollection/2023_SikuliaqDBO_CruiseData/CTD_raw_BottleFile_SKQ23-12S/proc/skq202312s_076.ros
* Sea-Bird SBE 9 Data File:
* FileName = D:\CTD\SKQ202312S\SKQ202312S_076.hex
* Software Version Seasave V 7.26.7.121
* Temperature SN = 6177
* Conductivity SN = 0369
* Number of Bytes Per Scan = 41
* Number of Voltage Words = 4
* Number of Scans Averaged by the Deck Unit = 1
* NMEA Latitude = 68 18.13 N
* NMEA Longitude = 166 55.58 W
* NMEA UTC (Time) = Oct 02 2023  08:17:28
* NMEA baud rate = 4800
** Ship: R/V Sikuliaq
** Station Number: 076
** Station Name: DBO3.1
** Bottom Depth: 34
** Operator: SD
# nquan = 22
# nvalues = 637                                   
# units = specified
# name 0 = depSM: Depth [salt water, m]
# name 1 = latitude: Latitude [deg]
# name 2 = longitude: Longitude [deg]
# name 3 = prDM: Pressure, Digiquartz [db]
# name 4 = t090C: Temperature [ITS-90, deg C]
# name 5 = t190C: Temperature, 2 [ITS-90, deg C]
# name 6 = potemp090C: Potential Temperature [ITS-90, deg C]
# name 7 = sal00: Salinity, Practical [PSU]
# name 8 = sal11: Salinity, Practical, 2 [PSU]
# name 9 = density00: Density [density, kg/m^3]
# name 10 = sigma-é00: Density [sigma-theta, kg/m^3]
# name 11 = sbox0Mm/Kg: Oxygen, SBE 43 [umol/kg]
# name 12 = sbox1Mm/Kg: Oxygen, SBE 43, 2 [umol/kg]
# name 13 = oxsolMm/Kg: Oxygen Saturation, Garcia & Gordon [umol/kg]
# name 14 = sbeox0PS: Oxygen, SBE 43 [% saturation]
# name 15 = v0: Voltage 0
# name 16 = flECO-AFL: Fluorescence, WET Labs ECO-AFL/FL [mg/m^3]
# name 17 = CStarAt0: Beam Attenuation, WET Labs C-Star [1/m]
# name 18 = par: PAR/Irradiance, Biospherical/Licor
# name 19 = scan: Scan Count
# name 20 = nbf: Bottles Fired
# name 21 = flag:  0.000e+00
# interval = seconds: 0.0416667
# start_time = Oct 02 2023 08:20:24 [NMEA time, first data scan]
# bad_flag = -9.990e-29
*END*
[from data line 527]
      2.672   68.30206 -166.92400      2.699     6.3250     6.3255     6.3248    25.4413    25.4509  1019.9879    19.9753    295.457    281.237  319.82042     92.382     0.2491     1.1465     0.8766 2.9702e-01      16517         11  0.000e+00
      2.610   68.30206 -166.92400      2.636     6.3251     6.3256     6.3250    25.4411    25.4516  1019.9874    19.9751    295.649    281.256  319.81980     92.443     0.2491     1.1465     0.8766 2.9352e-01      16518         11  0.000e+00
      2.610   68.30206 -166.92400      2.636     6.3251     6.3259     6.3250    25.4411    25.4510  1019.9874    19.9751    295.698    281.278  319.81980     92.458     0.2479     1.1392     0.8753 2.9121e-01      16519         11  0.000e+00
      2.610   68.30206 -166.92400      2.636     6.3250     6.3261     6.3248    25.4411    25.4510  1019.9875    19.9752    295.515    281.484  319.82076     92.400     0.2491     1.1465     0.8766 2.9237e-01      16520         11  0.000e+00
      2.610   68.30206 -166.92400      2.636     6.3250     6.3264     6.3248    25.4408    25.4513  1019.9872    19.9749    295.506    281.338  319.82156     92.397     0.2491     1.1465     0.8766 2.4251e-01      16521         11  0.000e+00
      2.610   68.30206 -166.92400      2.636     6.3248     6.3261     6.3246    25.4405    25.4517  1019.9870    19.9747    295.498    281.361  319.82385     92.394     0.2491     1.1465     0.8766 1.8732e-01      16522         11  0.000e+00
      2.610   68.30206 -166.92400      2.636     6.3248     6.3261     6.3246    25.4401    25.4513  1019.9867    19.9744    295.490    281.569  319.82480     92.391     0.2479     1.1392     0.8766 1.7468e-01      16523         11  0.000e+00
      2.610   68.30206 -166.92400      2.636     6.3245     6.3262     6.3243    25.4402    25.4512  1019.9868    19.9745    295.482    281.608  319.82688     92.388     0.2491     1.1465     0.8753 1.4870e-01      16524         11  0.000e+00
      2.610   68.30206 -166.92400      2.636     6.3245     6.3259     6.3243    25.4397    25.4510  1019.9864    19.9741    295.474    281.650  319.82807     92.385     0.2479     1.1392     0.8766 1.0531e-01      16525         11  0.000e+00
      2.556   68.30206 -166.92400      2.582     6.3240     6.3256     6.3238    25.4387    25.4505  1019.9854    19.9734    295.468    281.506  319.83377     92.382     0.2491     1.1465     0.8766 9.3064e-02      16526         11  0.000e+00
      2.610   68.30206 -166.92400      2.636     6.3232     6.3253     6.3230    25.4380    25.4506  1019.9852    19.9729    295.324    281.715  319.84163     92.334     0.2479     1.1392     0.8753 9.9713e-02      16527         11  0.000e+00
      2.556   68.30206 -166.92400      2.582     6.3227     6.3250     6.3225    25.4381    25.4505  1019.9851    19.9730    295.495    281.753  319.84515     92.387     0.2491     1.1465     0.8753 1.2026e-01      16528         11  0.000e+00
      2.440   68.30208 -166.92400      2.465     6.3231     6.3222     6.3229    25.4415    25.4499  1019.9872    19.9757    295.408    279.872  319.83441     92.363     0.2564     1.1905     0.8779 1.6816e-01      16810         12  0.000e+00
      2.386   68.30208 -166.92400      2.410     6.3229     6.3224     6.3227    25.4417    25.4500  1019.9871    19.9758    295.398    280.062  319.83553     92.359     0.2576     1.1978     0.8779 1.8646e-01      16811         12  0.000e+00
      2.386   68.30208 -166.92400      2.410     6.3231     6.3224     6.3229    25.4413    25.4500  1019.9867    19.9755    295.389    280.074  319.83507     92.357     0.2564     1.1905     0.8779 1.8818e-01      16812         12  0.000e+00
      2.440   68.30208 -166.92400      2.465     6.3231     6.3224     6.3229    25.4414    25.4504  1019.9871    19.9756    295.383    280.091  319.83465     92.355     0.2576     1.1978     0.8779 2.0410e-01      16813         12  0.000e+00
      2.386   68.30208 -166.92400      2.410     6.3231     6.3224     6.3229    25.4416    25.4500  1019.9869    19.9757    295.342    279.924  319.83436     92.342     0.2564     1.1905     0.8766 2.1611e-01      16814         12  0.000e+00
      2.440   68.30208 -166.92400      2.465     6.3232     6.3225     6.3230    25.4412    25.4500  1019.9869    19.9754    295.334    279.929  319.83400     92.340     0.2564     1.1905     0.8779 2.1800e-01      16815         12  0.000e+00
      2.325   68.30208 -166.92400      2.348     6.3231     6.3226     6.3229    25.4414    25.4499  1019.9865    19.9756    295.321    280.116  319.83478     92.336     0.2564     1.1905     0.8766 3.1736e-01      16816         12  0.000e+00
      2.386   68.30208 -166.92400      2.410     6.3231     6.3226     6.3229    25.4417    25.4499  1019.9870    19.9758    295.313    280.148  319.83412     92.333     0.2576     1.1978     0.8779 4.4447e-01      16817         12  0.000e+00
      2.440   68.30208 -166.92400      2.465     6.3232     6.3224     6.3230    25.4413    25.4499  1019.9870    19.9755    295.306    280.184  319.83384     92.331     0.2613     1.2198     0.8779 4.7370e-01      16818         12  0.000e+00
      2.325   68.30208 -166.92400      2.348     6.3234     6.3224     6.3232    25.4411    25.4498  1019.9863    19.9753    295.291    280.031  319.83301     92.327     0.2613     1.2198     0.8779 3.6380e-01      16819         12  0.000e+00
      2.386   68.30208 -166.92400      2.410     6.3232     6.3223     6.3230    25.4414    25.4501  1019.9868    19.9755    295.284    280.238  319.83363     92.324     0.2613     1.2198     0.8779 2.4969e-01      16820         12  0.000e+00
      2.386   68.30208 -166.92400      2.410     6.3234     6.3224     6.3232    25.4411    25.4498  1019.9866    19.9753    295.274    280.077  319.83307     92.321     0.2601     1.2124     0.8779 2.2566e-01      16821         12  0.000e+00
      2.386   68.30208 -166.92400      2.410     6.3232     6.3221     6.3230    25.4414    25.4502  1019.9868    19.9756    295.265    280.087  319.83385     92.318     0.2613     1.2198     0.8779 2.2566e-01      16822         12  0.000e+00
      2.386   68.30208 -166.92400      2.410     6.3232     6.3222     6.3230    25.4411    25.4498  1019.9866    19.9753    295.256    280.116  319.83427     92.315     0.2601     1.2124     0.8779 2.2373e-01      16823         12  0.000e+00
      2.386   68.30208 -166.92400      2.410     6.3232     6.3219     6.3230    25.4410    25.4501  1019.9865    19.9752    295.247    280.133  319.83459     92.312     0.2613     1.2198     0.8779 2.2277e-01      16824         12  0.000e+00
      2.386   68.30208 -166.92400      2.410     6.3234     6.3219     6.3232    25.4413    25.4499  1019.9867    19.9754    295.236    280.151  319.83275     92.309     0.2613     1.2198     0.8766 2.2955e-01      16825         12  0.000e+00
      2.325   68.30208 -166.92400      2.348     6.3231     6.3220     6.3229    25.4414    25.4499  1019.9865    19.9756    295.226    280.169  319.83470     92.306     0.2613     1.2198     0.8779 2.5490e-01      16826         12  0.000e+00
      2.386   68.30208 -166.92400      2.410     6.3232     6.3221     6.3230    25.4412    25.4497  1019.9867    19.9754    295.218    280.195  319.83403     92.303     0.2601     1.2124     0.8779 2.6340e-01      16827         12  0.000e+00
      2.386   68.30208 -166.92400      2.410     6.3232     6.3222     6.3230    25.4412    25.4496  1019.9867    19.9754    295.208    280.221  319.83395     92.300     0.2613     1.2198     0.8779 2.6019e-01      16828         12  0.000e+00
      2.325   68.30208 -166.92400      2.348     6.3229     6.3221     6.3227    25.4413    25.4501  1019.9865    19.9755    295.199    280.065  319.83614     92.297     0.2601     1.2124     0.8766 2.4150e-01      16829         12  0.000e+00
      2.386   68.30208 -166.92400      2.410     6.3229     6.3221     6.3227    25.4407    25.4500  1019.9863    19.9750    295.193    280.064  319.83754     92.295     0.2613     1.2198     0.8766 2.3448e-01      16830         12  0.000e+00
      2.386   68.30208 -166.92400      2.410     6.3229     6.3223     6.3227    25.4402    25.4498  1019.9859    19.9747    295.184    280.062  319.83866     92.292     0.2601     1.2124     0.8766 2.3847e-01      16831         12  0.000e+00
      2.325   68.30208 -166.92400      2.348     6.3224     6.3224     6.3222    25.4398    25.4501  1019.9853    19.9744    295.177    280.061  319.84353     92.288     0.2613     1.2198     0.8779 2.8549e-01      16832         12  0.000e+00
      2.386   68.30208 -166.92400      2.410     6.3222     6.3226     6.3220    25.4395    25.4497  1019.9854    19.9742    294.968    280.068  319.84571     92.222     0.2601     1.2124     0.8766 3.1249e-01      16833         12  0.000e+00
      2.386   68.30208 -166.92400      2.410     6.3216     6.3224     6.3214    25.4398    25.4499  1019.9857    19.9745    295.139    280.077  319.84956     92.274     0.2613     1.2198     0.8753 3.1492e-01      16834         12  0.000e+00
      2.325   68.30208 -166.92400      2.348     6.3214     6.3227     6.3213    25.4402    25.4497  1019.9857    19.9748    295.129    280.084  319.84991     92.271     0.2601     1.2124     0.8740 2.8323e-01      16835         12  0.000e+00
      2.386   68.30208 -166.92400      2.410     6.3208     6.3226     6.3207    25.4402    25.4503  1019.9861    19.9749    295.128    279.917  319.85445     92.269     0.2613     1.2198     0.8753 2.6555e-01      16836         12  0.000e+00
      2.325   68.30208 -166.92400      2.348     6.3206     6.3226     6.3205    25.4397    25.4504  1019.9855    19.9745    295.324    279.895  319.85716     92.330     0.2601     1.2124     0.8753 2.6233e-01      16837         12  0.000e+00
      2.386   68.30208 -166.92400      2.410     6.3203     6.3229     6.3201    25.4396    25.4502  1019.9857    19.9745    295.144    280.064  319.85962     92.273     0.2613     1.2198     0.8753 2.4353e-01      16838         12  0.000e+00
      2.409   68.30208 -166.92400      2.434     6.3199     6.3230     6.3197    25.4395    25.4499  1019.9858    19.9744    295.168    279.885  319.86332     92.280     0.2601     1.2124     0.8753 2.2663e-01      16839         12  0.000e+00
      2.325   68.30208 -166.92400      2.348     6.3194     6.3230     6.3192    25.4394    25.4504  1019.9854    19.9744    295.191    279.870  319.86738     92.285     0.2613     1.2198     0.8740 2.2373e-01      16840         12  0.000e+00
      2.386   68.30208 -166.92400      2.410     6.3191     6.3232     6.3189    25.4394    25.4503  1019.9857    19.9745    295.188    280.048  319.86968     92.284     0.2601     1.2124     0.8753 2.6126e-01      16841         12  0.000e+00
      2.325   68.30208 -166.92400      2.348     6.3191     6.3233     6.3189    25.4397    25.4506  1019.9856    19.9747    295.178    280.057  319.86906     92.281     0.2613     1.2198     0.8753 3.1007e-01      16842         12  0.000e+00
      2.386   68.30208 -166.92400      2.410     6.3187     6.3234     6.3185    25.4398    25.4505  1019.9861    19.9748    295.176    280.074  319.87142     92.280     0.2576     1.1978     0.8753 3.2353e-01      16843         12  0.000e+00
      2.386   68.30208 -166.92400      2.410     6.3187     6.3232     6.3186    25.4395    25.4511  1019.9858    19.9745    295.169    279.889  319.87184     92.277     0.2576     1.1978     0.8753 3.0054e-01      16844         12  0.000e+00
      2.325   68.30208 -166.92400      2.348     6.3184     6.3234     6.3182    25.4393    25.4509  1019.9854    19.9744    295.163    279.887  319.87504     92.274     0.2576     1.1978     0.8753 2.6555e-01      16845         12  0.000e+00
      2.386   68.30208 -166.92400      2.410     6.3179     6.3232     6.3178    25.4391    25.4510  1019.9856    19.9743    295.192    279.876  319.87885     92.282     0.2576     1.1978     0.8740 2.5595e-01      16846         12  0.000e+00
      2.386   68.30208 -166.92400      2.410     6.3178     6.3234     6.3176    25.4381    25.4509  1019.9848    19.9735    295.423    280.046  319.88244     92.354     0.2576     1.1978     0.8753 2.7540e-01      16847         12  0.000e+00
      2.386   68.30208 -166.92400      2.410     6.3174     6.3230     6.3173    25.4383    25.4511  1019.9850    19.9737    295.274    279.872  319.88474     92.306     0.2564     1.1905     0.8753 3.2979e-01      16848         12  0.000e+00
      2.386   68.30208 -166.92400      2.410     6.3171     6.3227     6.3169    25.4390    25.4510  1019.9856    19.9743    295.504    280.050  319.88523     92.378     0.2576     1.1978     0.8740 3.5042e-01      16849         12  0.000e+00
      2.386   68.30208 -166.92400      2.410     6.3170     6.3222     6.3168    25.4391    25.4508  1019.9857    19.9744    295.528    280.066  319.88619     92.386     0.2564     1.1905     0.8753 3.5840e-01      16850         12  0.000e+00
      2.386   68.30208 -166.92400      2.410     6.3168     6.3218     6.3166    25.4389    25.4507  1019.9855    19.9743    295.583    279.898  319.88787     92.402     0.2576     1.1978     0.8753 3.9602e-01      16851         12  0.000e+00
      2.440   68.30208 -166.92400      2.465     6.3164     6.3214     6.3162    25.4387    25.4506  1019.9857    19.9742    295.641    279.881  319.89139     92.419     0.2564     1.1905     0.8753 4.1368e-01      16852         12  0.000e+00
      2.386   68.30208 -166.92400      2.410     6.3165     6.3210     6.3163    25.4377    25.4506  1019.9846    19.9734    295.663    280.064  319.89343     92.426     0.2576     1.1978     0.8766 3.9027e-01      16853         12  0.000e+00
      2.386   68.30208 -166.92400      2.410     6.3159     6.3211     6.3157    25.4375    25.4504  1019.9845    19.9733    295.690    280.266  319.89839     92.432     0.2564     1.1905     0.8792 2.0592e-01      16854         12  0.000e+00
      2.440   68.30208 -166.92400      2.465     6.3155     6.3216     6.3154    25.4374    25.4502  1019.9847    19.9732    295.715    280.119  319.90108     92.439     0.2576     1.1978     0.8792 1.4056e-01      16855         12  0.000e+00
      2.440   68.30208 -166.92400      2.465     6.3155     6.3211     6.3154    25.4374    25.4506  1019.9847    19.9732    295.734    280.142  319.90108     92.445     0.2564     1.1905     0.8792 1.3766e-01      16856         12  0.000e+00
      2.386   68.30208 -166.92400      2.410     6.3150     6.3203     6.3149    25.4376    25.4507  1019.9847    19.9734    295.753    280.169  319.90437     92.450     0.2576     1.1978     0.8792 2.3250e-01      16857         12  0.000e+00
      2.440   68.30208 -166.92400      2.465     6.3150     6.3196     6.3149    25.4372    25.4496  1019.9846    19.9731    295.773    280.202  319.90529     92.456     0.2564     1.1905     0.8792 3.0767e-01      16858         12  0.000e+00
      2.325   68.30208 -166.92400      2.348     6.3172     6.3173     6.3171    25.4371    25.4467  1019.9837    19.9728    294.498    280.820  319.88911     92.063     0.2454     1.1245     0.8740 4.6379e-01      16966         13  0.000e+00
      2.440   68.30208 -166.92400      2.465     6.3171     6.3173     6.3169    25.4371    25.4471  1019.9844    19.9729    294.502    280.859  319.88973     92.064     0.2466     1.1319     0.8740 3.0887e-01      16967         13  0.000e+00
      2.440   68.30208 -166.92400      2.465     6.3171     6.3176     6.3169    25.4370    25.4471  1019.9842    19.9727    294.505    280.710  319.89013     92.064     0.2454     1.1245     0.8740 2.5177e-01      16968         13  0.000e+00
      2.386   68.30208 -166.92400      2.410     6.3171     6.3178     6.3169    25.4371    25.4472  1019.9841    19.9728    294.712    280.727  319.88984     92.129     0.2466     1.1319     0.8740 2.5073e-01      16969         13  0.000e+00
