EcoFOCI/data/1_SampleCollection/2023_SikuliaqDBO_CruiseData/CTD_raw_BottleFile_SKQ23-12S/proc/skq202312s_021.ros
* Sea-Bird SBE 9 Data File:
* FileName = D:\CTD\SKQ202312S\SKQ202312S_021.hex
* Software Version Seasave V 7.26.7.121
* Temperature SN = 6177
* Conductivity SN = 0369
* Number of Bytes Per Scan = 41
* Number of Voltage Words = 4
* Number of Scans Averaged by the Deck Unit = 1
* NMEA Latitude = 64 59.46 N
* NMEA Longitude = 169 08.29 W
* NMEA UTC (Time) = Sep 18 2023  02:53:31
* NMEA baud rate = 4800
** Ship: R/V Sikuliaq
** Station Number: 021
** Station Name: DBO2.5
** Bottom Depth: 48
** Operator: SS
# nquan = 22
# nvalues = 1127                                  
# units = specified
# name 0 = depSM: Depth [salt water, m]
# name 1 = latitude: Latitude [deg]
# name 2 = longitude: Longitude [deg]
# name 3 = prDM: Pressure, Digiquartz [db]
# name 4 = t090C: Temperature [ITS-90, deg C]
# name 5 = t190C: Temperature, 2 [ITS-90, deg C]
# name 6 = potemp090C: Potential Temperature [ITS-90, deg C]
# name 7 = sal00: Salinity, Practical [PSU]
# name 8 = sal11: Salinity, Practical, 2 [PSU]
# name 9 = density00: Density [density, kg/m^3]
# name 10 = sigma-é00: Density [sigma-theta, kg/m^3]
# name 11 = sbox0Mm/Kg: Oxygen, SBE 43 [umol/kg]
# name 12 = sbox1Mm/Kg: Oxygen, SBE 43, 2 [umol/kg]
# name 13 = oxsolMm/Kg: Oxygen Saturation, Garcia & Gordon [umol/kg]
# name 14 = sbeox0PS: Oxygen, SBE 43 [% saturation]
# name 15 = v0: Voltage 0
# name 16 = flECO-AFL: Fluorescence, WET Labs ECO-AFL/FL [mg/m^3]
# name 17 = CStarAt0: Beam Attenuation, WET Labs C-Star [1/m]
# name 18 = par: PAR/Irradiance, Biospherical/Licor
# name 19 = scan: Scan Count
# name 20 = nbf: Bottles Fired
# name 21 = flag:  0.000e+00
# interval = seconds: 0.0416667
# start_time = Sep 18 2023 02:57:41 [NMEA time, first data scan]
# bad_flag = -9.990e-29
*END*
[from data line 791]
     10.116   64.99206 -169.13878     10.217     2.7863     2.7966     2.7857    32.5782    32.5857  1026.0183    25.9702    275.685    265.846  330.27830     83.471     0.1954     0.8242     0.7408 2.9128e+01      17127         17  0.000e+00
     10.116   64.99206 -169.13878     10.217     2.7865     2.7971     2.7859    32.5771    32.5853  1026.0174    25.9693    275.484    265.836  330.27973     83.409     0.1917     0.8022     0.7408 2.9046e+01      17128         17  0.000e+00
     10.116   64.99206 -169.13878     10.217     2.7865     2.7974     2.7859    32.5762    32.5851  1026.0167    25.9687    275.468    265.824  330.28186     83.404     0.1880     0.7802     0.7396 2.9046e+01      17129         17  0.000e+00
     10.170   64.99206 -169.13878     10.271     2.7861     2.7975     2.7856    32.5765    32.5853  1026.0172    25.9689    275.674    265.814  330.28385     83.466     0.1868     0.7729     0.7396 2.9046e+01      17130         17  0.000e+00
     10.170   64.99206 -169.13878     10.271     2.7860     2.7977     2.7854    32.5762    32.5860  1026.0170    25.9687    275.477    265.800  330.28577     83.406     0.1868     0.7729     0.7396 2.9046e+01      17131         17  0.000e+00
     10.147   64.99206 -169.13878     10.248     2.7853     2.7975     2.7848    32.5759    32.5865  1026.0167    25.9685    275.467    265.591  330.29191     83.401     0.1868     0.7729     0.7396 2.9046e+01      17132         17  0.000e+00
     10.170   64.99206 -169.13878     10.271     2.7849     2.7977     2.7843    32.5754    32.5863  1026.0165    25.9682    275.459    265.556  330.29700     83.397     0.1880     0.7802     0.7396 2.9046e+01      17133         17  0.000e+00
     10.116   64.99206 -169.13878     10.217     2.7849     2.7974     2.7843    32.5746    32.5861  1026.0156    25.9675    275.666    265.717  330.29905     83.459     0.1856     0.7656     0.7396 2.9128e+01      17134         17  0.000e+00
     10.170   64.99206 -169.13878     10.271     2.7850     2.7975     2.7845    32.5739    32.5855  1026.0152    25.9669    275.692    265.534  330.29964     83.467     0.1868     0.7729     0.7396 2.9128e+01      17135         17  0.000e+00
     10.170   64.99206 -169.13878     10.271     2.7849     2.7971     2.7843    32.5743    32.5851  1026.0155    25.9673    275.715    265.527  330.29994     83.474     0.1868     0.7729     0.7396 2.9128e+01      17136         17  0.000e+00
     10.232   64.99206 -169.13878     10.333     2.7846     2.7969     2.7840    32.5735    32.5843  1026.0152    25.9667    275.745    265.717  330.30407     83.482     0.1868     0.7729     0.7396 2.9210e+01      17137         17  0.000e+00
     10.170   64.99206 -169.13878     10.271     2.7843     2.7959     2.7837    32.5735    32.5846  1026.0150    25.9667    275.550    265.735  330.30661     83.423     0.1856     0.7656     0.7408 2.9210e+01      17138         17  0.000e+00
     10.201   64.99206 -169.13878     10.302     2.7841     2.7954     2.7835    32.5737    32.5839  1026.0153    25.9669    275.760    265.753  330.30757     83.486     0.1868     0.7729     0.7396 2.9210e+01      17139         17  0.000e+00
     10.170   64.99206 -169.13878     10.271     2.7838     2.7938     2.7832    32.5742    32.5841  1026.0156    25.9673    275.786    265.775  330.30884     83.493     0.1880     0.7802     0.7396 2.9210e+01      17140         17  0.000e+00
     10.232   64.99206 -169.13878     10.333     2.7839     2.7924     2.7834    32.5757    32.5850  1026.0170    25.9685    275.809    265.799  330.30385     83.501     0.1868     0.7729     0.7396 2.9210e+01      17141         17  0.000e+00
     10.170   64.99206 -169.13878     10.271     2.7839     2.7910     2.7834    32.5777    32.5868  1026.0184    25.9701    275.827    265.792  330.29880     83.508     0.1868     0.7729     0.7408 2.9210e+01      17142         17  0.000e+00
     10.232   64.99206 -169.13878     10.333     2.7846     2.7903     2.7840    32.5796    32.5873  1026.0201    25.9716    275.845    265.786  330.28866     83.516     0.1868     0.7729     0.7396 2.9210e+01      17143         17  0.000e+00
     10.232   64.99206 -169.13878     10.333     2.7847     2.7903     2.7842    32.5815    32.5884  1026.0216    25.9730    275.865    265.771  330.28269     83.524     0.1880     0.7802     0.7396 2.9128e+01      17144         17  0.000e+00
     10.232   64.99206 -169.13878     10.333     2.7852     2.7915     2.7846    32.5817    32.5880  1026.0217    25.9732    275.668    265.748  330.27864     83.465     0.1868     0.7729     0.7396 2.9128e+01      17145         17  0.000e+00
     10.201   64.99206 -169.13878     10.302     2.7853     2.7924     2.7848    32.5824    32.5880  1026.0221    25.9737    275.655    265.749  330.27566     83.462     0.1868     0.7729     0.7396 2.9046e+01      17146         17  0.000e+00
     10.232   64.99206 -169.13878     10.333     2.7860     2.7932     2.7854    32.5829    32.5879  1026.0226    25.9740    275.861    265.753  330.26903     83.526     0.1868     0.7729     0.7396 2.9046e+01      17147         17  0.000e+00
     10.286   64.99206 -169.13878     10.388     2.7865     2.7940     2.7859    32.5829    32.5878  1026.0229    25.9740    275.887    265.562  330.26496     83.535     0.1868     0.7729     0.7383 2.9046e+01      17148         17  0.000e+00
     10.232   64.99206 -169.13878     10.334     2.7865     2.7946     2.7859    32.5833    32.5879  1026.0229    25.9743    275.913    265.542  330.26417     83.543     0.1868     0.7729     0.7371 2.8964e+01      17149         17  0.000e+00
     10.232   64.99206 -169.13878     10.334     2.7871     2.7944     2.7865    32.5827    32.5882  1026.0224    25.9738    275.937    265.530  330.26064     83.551     0.1868     0.7729     0.7371 2.8964e+01      17150         17  0.000e+00
     10.232   64.99206 -169.13878     10.334     2.7872     2.7943     2.7867    32.5820    32.5889  1026.0218    25.9732    275.747    265.495  330.26125     83.494     0.1856     0.7656     0.7371 2.8964e+01      17151         17  0.000e+00
     10.286   64.99206 -169.13878     10.388     2.7874     2.7943     2.7868    32.5817    32.5880  1026.0218    25.9730    275.742    265.683  330.26052     83.492     0.1868     0.7729     0.7371 2.8882e+01      17152         17  0.000e+00
     10.263   64.99206 -169.13878     10.365     2.7875     2.7941     2.7870    32.5819    32.5873  1026.0218    25.9731    275.954    265.696  330.25887     83.557     0.1856     0.7656     0.7371 2.8801e+01      17153         17  0.000e+00
     10.232   64.99206 -169.13878     10.334     2.7872     2.7938     2.7867    32.5825    32.5872  1026.0222    25.9736    275.985    265.685  330.25993     83.566     0.1929     0.8095     0.7371 2.8801e+01      17154         17  0.000e+00
     10.286   64.99206 -169.13878     10.388     2.7874     2.7935     2.7868    32.5834    32.5874  1026.0232    25.9744    276.015    265.699  330.25626     83.576     0.1990     0.8461     0.7371 2.8801e+01      17155         17  0.000e+00
     10.286   64.99206 -169.13878     10.388     2.7875     2.7931     2.7870    32.5839    32.5882  1026.0236    25.9747    276.006    265.516  330.25373     83.574     0.1978     0.8388     0.7371 2.8719e+01      17156         17  0.000e+00
     10.232   64.99206 -169.13878     10.334     2.7880     2.7935     2.7875    32.5839    32.5873  1026.0233    25.9747    276.212    265.501  330.24971     83.637     0.1990     0.8461     0.7371 2.8719e+01      17157         17  0.000e+00
     10.286   64.99206 -169.13878     10.388     2.7880     2.7932     2.7875    32.5838    32.5875  1026.0234    25.9746    276.057    265.494  330.25009     83.590     0.1978     0.8388     0.7371 2.8638e+01      17158         17  0.000e+00
     10.286   64.99206 -169.13878     10.388     2.7880     2.7923     2.7875    32.5835    32.5881  1026.0232    25.9744    275.866    265.490  330.25080     83.532     0.1990     0.8461     0.7371 2.8638e+01      17159         17  0.000e+00
     10.286   64.99206 -169.13878     10.388     2.7877     2.7915     2.7871    32.5838    32.5891  1026.0234    25.9746    275.824    265.486  330.25272     83.519     0.1978     0.8388     0.7371 2.8638e+01      17160         17  0.000e+00
     10.263   64.99206 -169.13878     10.365     2.7879     2.7918     2.7873    32.5839    32.5879  1026.0234    25.9747    276.033    265.477  330.25117     83.583     0.1978     0.8388     0.7371 2.8558e+01      17161         17  0.000e+00
     10.286   64.99206 -169.13878     10.388     2.7880     2.7915     2.7875    32.5831    32.5881  1026.0229    25.9740    275.843    265.473  330.25181     83.525     0.1978     0.8388     0.7371 2.8477e+01      17162         17  0.000e+00
     10.286   64.99206 -169.13878     10.388     2.7880     2.7915     2.7875    32.5818    32.5880  1026.0218    25.9730    275.840    265.444  330.25516     83.523     0.1978     0.8388     0.7371 2.8477e+01      17163         17  0.000e+00
     10.286   64.99206 -169.13878     10.388     2.7880     2.7907     2.7875    32.5812    32.5889  1026.0214    25.9725    275.837    265.418  330.25658     83.522     0.1978     0.8388     0.7371 2.8397e+01      17164         17  0.000e+00
     10.286   64.99206 -169.13878     10.388     2.7877     2.7909     2.7871    32.5810    32.5888  1026.0212    25.9724    276.055    265.412  330.25971     83.587     0.1978     0.8388     0.7371 2.8317e+01      17165         17  0.000e+00
     10.232   64.99206 -169.13878     10.334     2.7880     2.7912     2.7875    32.5807    32.5885  1026.0207    25.9721    275.866    265.403  330.25792     83.530     0.1978     0.8388     0.7371 2.8317e+01      17166         17  0.000e+00
     10.348   64.99206 -169.13878     10.450     2.7877     2.7915     2.7871    32.5808    32.5877  1026.0214    25.9723    276.052    265.403  330.26010     83.586     0.1978     0.8388     0.7371 2.8237e+01      17167         17  0.000e+00
     10.263   64.99206 -169.13878     10.365     2.7879     2.7913     2.7873    32.5803    32.5879  1026.0205    25.9718    276.045    265.398  330.26019     83.584     0.1990     0.8461     0.7383 2.8157e+01      17168         17  0.000e+00
     10.066   64.99208 -169.13876     10.166     2.7976     2.8254     2.7970    32.5864    32.5836  1026.0236    25.9758    272.621    264.450  330.16530     82.571     0.2100     0.9121     0.7309 2.9793e+01      17521         18  0.000e+00
     10.120   64.99208 -169.13876     10.220     2.8017     2.8291     2.8011    32.5816    32.5814  1026.0197    25.9717    272.610    264.447  330.14389     82.573     0.2100     0.9121     0.7309 2.9793e+01      17522         18  0.000e+00
     10.120   64.99208 -169.13876     10.220     2.8043     2.8326     2.8037    32.5781    32.5797  1026.0167    25.9687    272.575    264.420  330.13109     82.566     0.2100     0.9121     0.7309 2.9793e+01      17523         18  0.000e+00
     10.089   64.99208 -169.13876     10.189     2.8046     2.8362     2.8041    32.5771    32.5775  1026.0158    25.9679    272.556    264.612  330.13085     82.560     0.2100     0.9121     0.7309 2.9793e+01      17524         18  0.000e+00
     10.066   64.99208 -169.13876     10.166     2.8039     2.8390     2.8033    32.5780    32.5762  1026.0165    25.9687    272.727    264.634  330.13475     82.611     0.2100     0.9121     0.7309 2.9793e+01      17525         18  0.000e+00
     10.066   64.99208 -169.13876     10.166     2.8015     2.8413     2.8009    32.5809    32.5744  1026.0190    25.9712    272.545    264.662  330.14726     82.553     0.2100     0.9121     0.7309 2.9793e+01      17526         18  0.000e+00
     10.120   64.99208 -169.13876     10.220     2.7996     2.8424     2.7991    32.5825    32.5737  1026.0206    25.9726    272.550    264.676  330.15833     82.551     0.2100     0.9121     0.7309 2.9793e+01      17527         18  0.000e+00
     10.066   64.99208 -169.13876     10.166     2.7983     2.8418     2.7978    32.5837    32.5739  1026.0215    25.9737    272.553    264.719  330.16582     82.550     0.2100     0.9121     0.7309 2.9793e+01      17528         18  0.000e+00
     10.066   64.99208 -169.13876     10.166     2.7981     2.8406     2.7975    32.5844    32.5741  1026.0220    25.9743    272.555    264.745  330.16622     82.551     0.2100     0.9121     0.7309 2.9793e+01      17529         18  0.000e+00
     10.120   64.99208 -169.13876     10.220     2.7982     2.8381     2.7977    32.5837    32.5757  1026.0217    25.9737    272.345    264.802  330.16671     82.487     0.2100     0.9121     0.7309 2.9709e+01      17530         18  0.000e+00
     10.035   64.99208 -169.13876     10.135     2.7983     2.8338     2.7978    32.5832    32.5793  1026.0209    25.9733    272.537    264.863  330.16710     82.545     0.2100     0.9121     0.7309 2.9793e+01      17531         18  0.000e+00
     10.120   64.99208 -169.13876     10.220     2.7983     2.8270     2.7978    32.5824    32.5848  1026.0207    25.9726    272.557    264.945  330.16904     82.551     0.2100     0.9121     0.7296 2.9793e+01      17532         18  0.000e+00
     10.066   64.99208 -169.13876     10.166     2.7983     2.8214     2.7978    32.5819    32.5904  1026.0200    25.9722    272.359    265.013  330.17038     82.490     0.2100     0.9121     0.7284 2.9793e+01      17533         18  0.000e+00
     10.066   64.99208 -169.13876     10.166     2.7977     2.8194     2.7972    32.5821    32.5924  1026.0202    25.9724    272.572    265.040  330.17473     82.554     0.2112     0.9194     0.7284 2.9793e+01      17534         18  0.000e+00
     10.120   64.99208 -169.13876     10.220     2.7977     2.8214     2.7972    32.5824    32.5899  1026.0207    25.9727    272.605    265.243  330.17399     82.564     0.2100     0.9121     0.7284 2.9877e+01      17535         18  0.000e+00
     10.066   64.99208 -169.13876     10.166     2.7987     2.8239     2.7981    32.5829    32.5865  1026.0208    25.9730    272.375    265.070  330.16512     82.497     0.2112     0.9194     0.7284 2.9962e+01      17536         18  0.000e+00
     10.066   64.99208 -169.13876     10.166     2.7999     2.8235     2.7994    32.5830    32.5851  1026.0207    25.9729    272.588    265.283  330.15452     82.564     0.2015     0.8608     0.7284 2.9962e+01      17537         18  0.000e+00
     10.089   64.99208 -169.13876     10.189     2.8015     2.8206     2.8009    32.5820    32.5869  1026.0200    25.9721    272.622    265.312  330.14405     82.577     0.1978     0.8388     0.7284 3.0046e+01      17538         18  0.000e+00
     10.066   64.99208 -169.13876     10.166     2.8023     2.8189     2.8017    32.5812    32.5875  1026.0191    25.9713    272.411    265.377  330.14009     82.514     0.1966     0.8315     0.7284 3.0046e+01      17539         18  0.000e+00
     10.120   64.99208 -169.13876     10.220     2.8012     2.8186     2.8006    32.5818    32.5874  1026.0199    25.9719    272.401    265.411  330.14733     82.509     0.1966     0.8315     0.7284 3.0046e+01      17540         18  0.000e+00
     10.066   64.99208 -169.13876     10.166     2.8017     2.8157     2.8011    32.5810    32.5901  1026.0190    25.9712    272.382    265.476  330.14544     82.504     0.1966     0.8315     0.7284 3.0046e+01      17541         18  0.000e+00
     10.066   64.99208 -169.13876     10.166     2.8024     2.8144     2.8019    32.5803    32.5911  1026.0184    25.9706    272.367    265.511  330.14090     82.500     0.1966     0.8315     0.7284 3.0131e+01      17542         18  0.000e+00
