EcoFOCI/data/1_SampleCollection/2023_SikuliaqDBO_CruiseData/CTD_raw_BottleFile_SKQ23-12S/proc/skq202312s_067.ros
* Sea-Bird SBE 9 Data File:
* FileName = D:\CTD\SKQ202312S\SKQ202312S_067.hex
* Software Version Seasave V 7.26.7.121
* Temperature SN = 6177
* Conductivity SN = 0369
* Number of Bytes Per Scan = 41
* Number of Voltage Words = 4
* Number of Scans Averaged by the Deck Unit = 1
* NMEA Latitude = 72 18.60 N
* NMEA Longitude = 167 16.17 W
* NMEA UTC (Time) = Sep 28 2023  14:28:44
* NMEA baud rate = 4800
** Ship: R/V Sikuliaq
** Station Number: 067
** Station Name: C15
** Bottom Depth: 49
** Operator: SD
# nquan = 22
# nvalues = 735                                   
# units = specified
# name 0 = depSM: Depth [salt water, m]
# name 1 = latitude: Latitude [deg]
# name 2 = longitude: Longitude [deg]
# name 3 = prDM: Pressure, Digiquartz [db]
# name 4 = t090C: Temperature [ITS-90, deg C]
# name 5 = t190C: Temperature, 2 [ITS-90, deg C]
# name 6 = potemp090C: Potential Temperature [ITS-90, deg C]
# name 7 = sal00: Salinity, Practical [PSU]
# name 8 = sal11: Salinity, Practical, 2 [PSU]
# name 9 = density00: Density [density, kg/m^3]
# name 10 = sigma-é00: Density [sigma-theta, kg/m^3]
# name 11 = sbox0Mm/Kg: Oxygen, SBE 43 [umol/kg]
# name 12 = sbox1Mm/Kg: Oxygen, SBE 43, 2 [umol/kg]
# name 13 = oxsolMm/Kg: Oxygen Saturation, Garcia & Gordon [umol/kg]
# name 14 = sbeox0PS: Oxygen, SBE 43 [% saturation]
# name 15 = v0: Voltage 0
# name 16 = flECO-AFL: Fluorescence, WET Labs ECO-AFL/FL [mg/m^3]
# name 17 = CStarAt0: Beam Attenuation, WET Labs C-Star [1/m]
# name 18 = par: PAR/Irradiance, Biospherical/Licor
# name 19 = scan: Scan Count
# name 20 = nbf: Bottles Fired
# name 21 = flag:  0.000e+00
# interval = seconds: 0.0416667
# start_time = Sep 28 2023 14:32:23 [NMEA time, first data scan]
# bad_flag = -9.990e-29
*END*
[from data line 330]
     19.759   72.30998 -167.26964     19.964     4.7272     4.7216     4.7258    31.0828    31.0980  1024.6928    24.5998    302.978    285.906  318.57863     95.103     0.1490     0.5458     0.5035 1.0000e-12      13078          7  0.000e+00
     19.681   72.30998 -167.26964     19.886     4.7273     4.7215     4.7260    31.0823    31.0980  1024.6920    24.5993    302.985    285.945  318.57870     95.105     0.1477     0.5384     0.5058 1.0000e-12      13079          7  0.000e+00
     19.681   72.30998 -167.26964     19.886     4.7276     4.7211     4.7263    31.0824    31.0979  1024.6920    24.5994    302.993    285.988  318.57619     95.109     0.1490     0.5458     0.5058 1.0000e-12      13080          7  0.000e+00
     19.704   72.30998 -167.26964     19.910     4.7276     4.7215     4.7263    31.0825    31.0978  1024.6923    24.5995    303.036    286.028  318.57585     95.122     0.1477     0.5384     0.5058 1.0000e-12      13081          7  0.000e+00
     19.681   72.30998 -167.26964     19.886     4.7281     4.7215     4.7267    31.0821    31.0978  1024.6918    24.5991    302.837    286.089  318.57329     95.060     0.1477     0.5384     0.5058 1.0000e-12      13082          7  0.000e+00
     19.735   72.30998 -167.26964     19.941     4.7283     4.7210     4.7269    31.0817    31.0986  1024.6917    24.5987    303.028    286.342  318.57305     95.120     0.1465     0.5311     0.5047 1.0000e-12      13083          7  0.000e+00
     19.627   72.30998 -167.26964     19.832     4.7284     4.7207     4.7271    31.0821    31.0983  1024.6915    24.5991    303.034    286.403  318.57080     95.123     0.1490     0.5458     0.5047 1.0000e-12      13084          7  0.000e+00
     19.705   72.30998 -167.26964     19.910     4.7284     4.7203     4.7271    31.0819    31.0987  1024.6917    24.5989    302.637    286.470  318.57135     94.998     0.1502     0.5531     0.5047 1.0000e-12      13085          7  0.000e+00
     19.681   72.30998 -167.26964     19.886     4.7281     4.7200     4.7267    31.0824    31.0989  1024.6921    24.5994    303.005    286.530  318.57237     95.113     0.1514     0.5604     0.5058 1.0000e-12      13086          7  0.000e+00
     19.681   72.30998 -167.26964     19.886     4.7283     4.7197     4.7269    31.0820    31.0993  1024.6917    24.5990    302.813    286.592  318.57217     95.053     0.1514     0.5604     0.5058 1.0000e-12      13087          7  0.000e+00
     19.651   72.30998 -167.26964     19.855     4.7279     4.7196     4.7266    31.0824    31.0994  1024.6919    24.5994    303.006    286.650  318.57364     95.113     0.1514     0.5604     0.5058 1.0000e-12      13088          7  0.000e+00
     19.681   72.30998 -167.26964     19.886     4.7279     4.7191     4.7266    31.0825    31.0996  1024.6921    24.5994    303.024    286.712  318.57349     95.119     0.1526     0.5678     0.5047 1.0000e-12      13089          7  0.000e+00
     19.681   72.30998 -167.26964     19.886     4.7278     4.7191     4.7264    31.0824    31.0997  1024.6921    24.5994    303.042    286.748  318.57489     95.124     0.1514     0.5604     0.5058 1.0000e-12      13090          7  0.000e+00
     19.935   72.30998 -167.26964     20.143     4.7158     4.7199     4.7144    31.0961    31.1042  1024.7054    24.6115    303.256    286.288  318.63378     95.174     0.1563     0.5897     0.5035 1.0000e-12      13216          8  0.000e+00
     19.966   72.30998 -167.26964     20.174     4.7158     4.7199     4.7144    31.0962    31.1045  1024.7056    24.6116    303.268    286.105  318.63391     95.178     0.1563     0.5897     0.5035 1.0000e-12      13217          8  0.000e+00
     19.966   72.30998 -167.26964     20.174     4.7161     4.7199     4.7147    31.0960    31.1044  1024.7054    24.6113    303.276    286.089  318.63213     95.181     0.1551     0.5824     0.5035 1.0000e-12      13218          8  0.000e+00
     19.935   72.30998 -167.26964     20.143     4.7159     4.7196     4.7145    31.0963    31.1046  1024.7055    24.6116    303.318    286.074  318.63248     95.194     0.1563     0.5897     0.5035 1.0000e-12      13219          8  0.000e+00
     19.966   72.30998 -167.26964     20.174     4.7162     4.7191     4.7148    31.0959    31.1051  1024.7053    24.6112    302.709    286.062  318.63119     95.003     0.1563     0.5897     0.5047 1.0000e-12      13220          8  0.000e+00
     19.966   72.30998 -167.26964     20.174     4.7162     4.7188     4.7148    31.0960    31.1053  1024.7054    24.6114    303.252    286.050  318.63083     95.173     0.1563     0.5897     0.5035 1.0000e-12      13221          8  0.000e+00
     19.935   72.30998 -167.26964     20.143     4.7166     4.7186     4.7153    31.0957    31.1052  1024.7050    24.6111    303.263    286.037  318.62836     95.178     0.1551     0.5824     0.5047 1.0000e-12      13222          8  0.000e+00
     19.966   72.30998 -167.26964     20.174     4.7167     4.7186     4.7153    31.0954    31.1052  1024.7049    24.6108    303.280    286.025  318.62866     95.183     0.1563     0.5897     0.5047 1.0000e-12      13223          8  0.000e+00
     19.912   72.30998 -167.26964     20.119     4.7168     4.7185     4.7155    31.0955    31.1051  1024.7046    24.6108    303.292    286.199  318.62739     95.187     0.1551     0.5824     0.5047 1.0000e-12      13224          8  0.000e+00
     19.989   72.30998 -167.26964     20.197     4.7172     4.7186     4.7158    31.0952    31.1048  1024.7047    24.6106    303.309    286.024  318.62560     95.193     0.1563     0.5897     0.5047 1.0000e-12      13225          8  0.000e+00
     19.912   72.30998 -167.26964     20.119     4.7170     4.7185     4.7156    31.0952    31.1051  1024.7044    24.6106    303.323    286.010  318.62691     95.197     0.1563     0.5897     0.5035 1.0000e-12      13226          8  0.000e+00
     19.966   72.30998 -167.26964     20.174     4.7176     4.7185     4.7162    31.0947    31.1047  1024.7042    24.6102    303.304    286.003  318.62350     95.192     0.1563     0.5897     0.5047 1.0000e-12      13227          8  0.000e+00
     19.912   72.30998 -167.26964     20.119     4.7175     4.7189     4.7161    31.0949    31.1040  1024.7042    24.6104    303.284    285.990  318.62382     95.186     0.1563     0.5897     0.5047 8.4714e-06      13228          8  0.000e+00
     19.989   72.30998 -167.26964     20.197     4.7175     4.7186     4.7161    31.0947    31.1041  1024.7043    24.6102    303.269    285.987  318.62446     95.181     0.1551     0.5824     0.5047 1.0000e-12      13229          8  0.000e+00
     19.912   72.30998 -167.26964     20.119     4.7175     4.7186     4.7161    31.0951    31.1043  1024.7042    24.6105    303.244    285.976  318.62355     95.173     0.1563     0.5897     0.5047 1.0000e-12      13230          8  0.000e+00
     19.966   72.30998 -167.26964     20.174     4.7173     4.7189     4.7159    31.0951    31.1037  1024.7045    24.6105    303.225    285.970  318.62464     95.167     0.1551     0.5824     0.5035 1.0000e-12      13231          8  0.000e+00
     19.935   72.30998 -167.26964     20.143     4.7170     4.7185     4.7156    31.0956    31.1043  1024.7048    24.6109    303.235    285.965  318.62593     95.170     0.1563     0.5897     0.5047 1.0000e-12      13232          8  0.000e+00
     19.966   72.30998 -167.26964     20.174     4.7171     4.7188     4.7157    31.0957    31.1040  1024.7051    24.6110    303.212    285.960  318.62476     95.163     0.1563     0.5897     0.5047 8.4714e-06      13233          8  0.000e+00
     19.912   72.30998 -167.26964     20.119     4.7167     4.7189     4.7153    31.0958    31.1035  1024.7049    24.6111    303.220    285.953  318.62777     95.164     0.1563     0.5897     0.5047 1.0000e-12      13234          8  0.000e+00
     19.935   72.30998 -167.26964     20.143     4.7167     4.7189     4.7153    31.0954    31.1038  1024.7047    24.6109    303.230    285.950  318.62862     95.167     0.1551     0.5824     0.5047 1.0000e-12      13235          8  0.000e+00
     19.912   72.30998 -167.26964     20.119     4.7165     4.7189     4.7152    31.0951    31.1033  1024.7044    24.6106    303.239    285.762  318.63063     95.169     0.1563     0.5897     0.5035 1.0000e-12      13236          8  0.000e+00
     19.912   72.30998 -167.26964     20.119     4.7164     4.7189     4.7150    31.0953    31.1032  1024.7046    24.6108    303.454    285.741  318.63129     95.237     0.1563     0.5897     0.5047 1.0000e-12      13237          8  0.000e+00
     19.989   72.30998 -167.26964     20.197     4.7161     4.7190     4.7147    31.0959    31.1032  1024.7054    24.6113    303.257    285.910  318.63234     95.175     0.1563     0.5897     0.5047 1.0000e-12      13238          8  0.000e+00
     19.912   72.30998 -167.26964     20.119     4.7163     4.7189     4.7150    31.0957    31.1030  1024.7049    24.6111    303.464    285.910  318.63075     95.240     0.1575     0.5971     0.5047 1.0000e-12      13239          8  0.000e+00
     19.912   72.30998 -167.26964     20.119     4.7161     4.7186     4.7147    31.0960    31.1033  1024.7051    24.6113    303.294    285.914  318.63216     95.186     0.1563     0.5897     0.5070 1.0000e-12      13240          8  0.000e+00
     19.966   72.30998 -167.26964     20.174     4.7161     4.7185     4.7147    31.0960    31.1034  1024.7054    24.6113    303.300    285.921  318.63213     95.188     0.1575     0.5971     0.5082 1.0000e-12      13241          8  0.000e+00
     19.873   72.30998 -167.26964     20.080     4.7161     4.7185     4.7147    31.0956    31.1030  1024.7046    24.6110    303.301    285.922  318.63312     95.188     0.1563     0.5897     0.5082 1.0000e-12      13242          8  0.000e+00
     19.966   72.30998 -167.26964     20.174     4.7162     4.7185     4.7148    31.0957    31.1028  1024.7051    24.6111    303.307    285.931  318.63165     95.190     0.1563     0.5897     0.5082 1.0000e-12      13243          8  0.000e+00
     19.912   72.30998 -167.26964     20.119     4.7164     4.7185     4.7150    31.0955    31.1026  1024.7047    24.6109    303.308    285.935  318.63092     95.191     0.1563     0.5897     0.5082 1.0000e-12      13244          8  0.000e+00
     19.873   72.30998 -167.26964     20.080     4.7168     4.7185     4.7154    31.0954    31.1029  1024.7044    24.6108    303.307    285.940  318.62780     95.192     0.1563     0.5897     0.5082 1.0000e-12      13245          8  0.000e+00
     19.912   72.30998 -167.26964     20.119     4.7167     4.7185     4.7153    31.0957    31.1031  1024.7048    24.6110    303.312    286.134  318.62805     95.193     0.1563     0.5897     0.5082 1.0000e-12      13246          8  0.000e+00
     19.912   72.30998 -167.26964     20.119     4.7168     4.7183     4.7155    31.0953    31.1028  1024.7045    24.6107    303.284    285.978  318.62775     95.184     0.1563     0.5897     0.5082 1.0000e-12      13247          8  0.000e+00
     19.935   72.30998 -167.26964     20.142     4.7170     4.7183     4.7156    31.0951    31.1028  1024.7044    24.6105    303.286    286.174  318.62711     95.185     0.1575     0.5971     0.5082 1.0000e-12      13248          8  0.000e+00
     19.912   72.30998 -167.26964     20.119     4.7173     4.7180     4.7159    31.0946    31.1026  1024.7039    24.6101    303.254    286.204  318.62585     95.176     0.1563     0.5897     0.5082 1.0000e-12      13249          8  0.000e+00
     19.850   72.30998 -167.26964     20.057     4.7176     4.7169     4.7162    31.0941    31.1036  1024.7032    24.6097    303.459    286.050  318.62510     95.240     0.1575     0.5971     0.5082 8.4714e-06      13250          8  0.000e+00
     19.912   72.30998 -167.26964     20.119     4.7181     4.7167     4.7167    31.0937    31.1038  1024.7031    24.6093    303.314    286.249  318.62199     95.196     0.1563     0.5897     0.5082 8.4714e-06      13251          8  0.000e+00
     19.935   72.30998 -167.26964     20.142     4.7183     4.7167     4.7169    31.0932    31.1031  1024.7028    24.6089    303.523    286.280  318.62199     95.261     0.1575     0.5971     0.5082 1.0000e-12      13252          8  0.000e+00
     19.912   72.30998 -167.26964     20.119     4.7183     4.7170     4.7169    31.0931    31.1023  1024.7026    24.6088    303.347    286.308  318.62224     95.206     0.1563     0.5897     0.5082 1.0000e-12      13253          8  0.000e+00
     19.850   72.30998 -167.26964     20.057     4.7186     4.7169     4.7173    31.0926    31.1024  1024.7019    24.6084    303.310    286.336  318.62074     95.195     0.1575     0.5971     0.5082 1.0000e-12      13254          8  0.000e+00
     19.873   72.30998 -167.26964     20.080     4.7184     4.7170     4.7170    31.0929    31.1023  1024.7022    24.6087    303.518    286.365  318.62153     95.260     0.1563     0.5897     0.5082 1.0000e-12      13255          8  0.000e+00
     19.912   72.30998 -167.26964     20.119     4.7184     4.7172     4.7170    31.0926    31.1021  1024.7022    24.6084    303.549    286.396  318.62268     95.269     0.1575     0.5971     0.5082 1.0000e-12      13256          8  0.000e+00
     19.850   72.30998 -167.26964     20.057     4.7184     4.7177     4.7170    31.0922    31.1015  1024.7016    24.6081    303.367    286.399  318.62315     95.212     0.1563     0.5897     0.5082 1.0000e-12      13257          8  0.000e+00
     19.873   72.30998 -167.26964     20.080     4.7183     4.7183     4.7169    31.0923    31.1010  1024.7018    24.6082    302.952    286.404  318.62411     95.081     0.1563     0.5897     0.5082 1.0000e-12      13258          8  0.000e+00
     19.850   72.30998 -167.26964     20.057     4.7183     4.7185     4.7169    31.0923    31.1009  1024.7017    24.6082    303.508    286.595  318.62408     95.256     0.1575     0.5971     0.5082 1.0000e-12      13259          8  0.000e+00
     19.912   72.30998 -167.26964     20.119     4.7183     4.7188     4.7169    31.0923    31.1006  1024.7020    24.6082    303.332    286.641  318.62416     95.201     0.1563     0.5897     0.5035 1.0000e-12      13260          8  0.000e+00
     19.873   72.30998 -167.26964     20.080     4.7179     4.7188     4.7166    31.0921    31.1006  1024.7017    24.6081    303.331    286.499  318.62690     95.199     0.1575     0.5971     0.5000 1.0000e-12      13261          8  0.000e+00
     19.850   72.30998 -167.26964     20.057     4.7180     4.7185     4.7167    31.0919    31.1006  1024.7014    24.6079    303.327    286.712  318.62658     95.198     0.1563     0.5897     0.5000 1.0000e-12      13262          8  0.000e+00
     19.850   72.30998 -167.26964     20.057     4.7181     4.7188     4.7167    31.0917    31.1001  1024.7012    24.6077    303.324    286.755  318.62685     95.197     0.1612     0.6190     0.5000 1.0000e-12      13263          8  0.000e+00
     19.850   72.30998 -167.26964     20.057     4.7181     4.7189     4.7167    31.0918    31.1000  1024.7013    24.6078    303.321    286.797  318.62648     95.197     0.1636     0.6337     0.5000 1.0000e-12      13264          8  0.000e+00
     19.988   72.30998 -167.26964     20.196     4.7273     4.7208     4.7259    31.0898    31.0980  1024.6994    24.6053    303.159    285.953  318.56082     95.165     0.1490     0.5458     0.5023 1.0000e-12      13367          9  0.000e+00
     19.965   72.30998 -167.26964     20.173     4.7268     4.7210     4.7255    31.0900    31.0981  1024.6995    24.6055    303.162    285.945  318.56397     95.165     0.1490     0.5458     0.5023 1.0000e-12      13368          9  0.000e+00
     20.027   72.30998 -167.26964     20.235     4.7264     4.7213     4.7250    31.0904    31.0978  1024.7001    24.6058    303.167    285.922  318.56666     95.166     0.1502     0.5531     0.5023 1.0000e-12      13369          9  0.000e+00
