EcoFOCI/data/1_SampleCollection/2023_SikuliaqDBO_CruiseData/CTD_raw_BottleFile_SKQ23-12S/proc/skq202312s_082.ros
* Sea-Bird SBE 9 Data File:
* FileName = D:\CTD\SKQ202312S\SKQ202312S_082.hex
* Software Version Seasave V 7.26.7.121
* Temperature SN = 6177
* Conductivity SN = 0369
* Number of Bytes Per Scan = 41
* Number of Voltage Words = 4
* Number of Scans Averaged by the Deck Unit = 1
* NMEA Latitude = 65 40.20 N
* NMEA Longitude = 168 22.04 W
* NMEA UTC (Time) = Oct 03 2023  09:48:47
* NMEA baud rate = 4800
** Ship: R/V Sikuliaq
** Station Number: 082
** Station Name: BS3
** Bottom Depth: 54
** Operator: SD
# nquan = 22
# nvalues = 882                                   
# units = specified
# name 0 = depSM: Depth [salt water, m]
# name 1 = latitude: Latitude [deg]
# name 2 = longitude: Longitude [deg]
# name 3 = prDM: Pressure, Digiquartz [db]
# name 4 = t090C: Temperature [ITS-90, deg C]
# name 5 = t190C: Temperature, 2 [ITS-90, deg C]
# name 6 = potemp090C: Potential Temperature [ITS-90, deg C]
# name 7 = sal00: Salinity, Practical [PSU]
# name 8 = sal11: Salinity, Practical, 2 [PSU]
# name 9 = density00: Density [density, kg/m^3]
# name 10 = sigma-é00: Density [sigma-theta, kg/m^3]
# name 11 = sbox0Mm/Kg: Oxygen, SBE 43 [umol/kg]
# name 12 = sbox1Mm/Kg: Oxygen, SBE 43, 2 [umol/kg]
# name 13 = oxsolMm/Kg: Oxygen Saturation, Garcia & Gordon [umol/kg]
# name 14 = sbeox0PS: Oxygen, SBE 43 [% saturation]
# name 15 = v0: Voltage 0
# name 16 = flECO-AFL: Fluorescence, WET Labs ECO-AFL/FL [mg/m^3]
# name 17 = CStarAt0: Beam Attenuation, WET Labs C-Star [1/m]
# name 18 = par: PAR/Irradiance, Biospherical/Licor
# name 19 = scan: Scan Count
# name 20 = nbf: Bottles Fired
# name 21 = flag:  0.000e+00
# interval = seconds: 0.0416667
# start_time = Oct 03 2023 09:52:12 [NMEA time, first data scan]
# bad_flag = -9.990e-29
*END*
[from data line 461]
     20.365   65.66970 -168.36958     20.569     4.8737     4.9019     4.8722    31.7750    31.7796  1025.2286    25.1330    281.398    271.545  315.82444     89.099     0.1551     0.5824     0.6180 8.4714e-06      12783         10  0.000e+00
     20.342   65.66970 -168.36958     20.545     4.8731     4.8993     4.8717    31.7722    31.7805  1025.2264    25.1308    281.179    271.357  315.83491     89.027     0.1551     0.5824     0.6180 1.0000e-12      12784         10  0.000e+00
     20.342   65.66970 -168.36958     20.545     4.8722     4.8975     4.8708    31.7698    31.7811  1025.2246    25.1290    281.138    271.349  315.84770     89.011     0.1538     0.5751     0.6180 1.0000e-12      12785         10  0.000e+00
     20.365   65.66970 -168.36958     20.569     4.8689     4.8970     4.8674    31.7676    31.7815  1025.2234    25.1277    281.352    271.538  315.87780     89.070     0.1551     0.5824     0.6180 1.0000e-12      12786         10  0.000e+00
     20.342   65.66970 -168.36958     20.545     4.8646     4.8980     4.8631    31.7660    31.7814  1025.2224    25.1269    281.191    271.755  315.91417     89.009     0.1538     0.5751     0.6180 1.0000e-12      12787         10  0.000e+00
     20.342   65.66970 -168.36958     20.545     4.8595     4.8989     4.8581    31.7669    31.7824  1025.2237    25.1281    281.175    271.603  315.95013     88.993     0.1551     0.5824     0.6168 1.0000e-12      12788         10  0.000e+00
     20.365   65.66970 -168.36958     20.569     4.8547     4.8987     4.8533    31.7688    31.7826  1025.2258    25.1301    281.156    271.605  315.98166     88.978     0.1538     0.5751     0.6144 1.0000e-12      12789         10  0.000e+00
     20.342   65.66970 -168.36958     20.545     4.8503     4.8973     4.8488    31.7718    31.7817  1025.2285    25.1330    281.130    271.247  316.00839     88.963     0.1551     0.5824     0.6119 1.0000e-12      12790         10  0.000e+00
     20.342   65.66970 -168.36958     20.545     4.8466     4.8868     4.8451    31.7747    31.7840  1025.2312    25.1356    281.132    271.483  316.02947     88.957     0.1538     0.5751     0.6119 8.4714e-06      12791         10  0.000e+00
     20.342   65.66970 -168.36958     20.545     4.8439     4.8716     4.8424    31.7775    31.7862  1025.2338    25.1382    281.300    271.773  316.04313     89.007     0.1551     0.5824     0.6131 1.0000e-12      12792         10  0.000e+00
     20.419   65.66970 -168.36958     20.623     4.8422     4.8595     4.8407    31.7802    31.7875  1025.2364    25.1405    281.083    272.046  316.04974     88.936     0.1538     0.5751     0.6131 1.0000e-12      12793         10  0.000e+00
     20.342   65.66970 -168.36958     20.545     4.8417     4.8515     4.8403    31.7834    31.7893  1025.2387    25.1431    281.025    271.931  316.04565     88.919     0.1551     0.5824     0.6131 1.0000e-12      12794         10  0.000e+00
     20.342   65.66970 -168.36958     20.545     4.8433     4.8466     4.8418    31.7849    31.7915  1025.2396    25.1441    280.753    271.981  316.03055     88.837     0.1551     0.5824     0.6131 1.0000e-12      12795         10  0.000e+00
     20.365   65.66970 -168.36958     20.569     4.8450     4.8463     4.8435    31.7837    31.7926  1025.2386    25.1429    280.899    271.817  316.02040     88.886     0.1538     0.5751     0.6119 1.0000e-12      12796         10  0.000e+00
     20.404   65.66970 -168.36958     20.608     4.8460     4.8492     4.8445    31.7823    31.7903  1025.2376    25.1418    280.846    271.781  316.01613     88.871     0.1551     0.5824     0.6119 1.0000e-12      12797         10  0.000e+00
     20.404   65.66970 -168.36958     20.608     4.8460     4.8494     4.8445    31.7819    31.7907  1025.2373    25.1414    280.624    271.942  316.01714     88.800     0.1538     0.5751     0.6131 1.0000e-12      12798         10  0.000e+00
     20.365   65.66970 -168.36958     20.569     4.8466     4.8534     4.8451    31.7808    31.7881  1025.2362    25.1405    280.542    271.937  316.01498     88.775     0.1551     0.5824     0.6119 1.0000e-12      12799         10  0.000e+00
     20.404   65.66970 -168.36958     20.608     4.8475     4.8573     4.8461    31.7794    31.7866  1025.2352    25.1393    280.495    271.543  316.01117     88.761     0.1538     0.5751     0.6131 1.0000e-12      12800         10  0.000e+00
     20.342   65.66970 -168.36958     20.545     4.8485     4.8619     4.8471    31.7815    31.7847  1025.2364    25.1408    280.612    271.839  315.99893     88.802     0.1538     0.5751     0.6131 1.0000e-12      12801         10  0.000e+00
     20.365   65.66970 -168.36958     20.569     4.8503     4.8629     4.8488    31.7871    31.7852  1025.2407    25.1451    280.404    271.667  315.97236     88.743     0.1538     0.5751     0.6131 1.0000e-12      12802         10  0.000e+00
     20.404   65.66970 -168.36958     20.608     4.8541     4.8602     4.8526    31.7895    31.7882  1025.2425    25.1466    280.333    271.681  315.93792     88.730     0.1551     0.5824     0.6131 1.0000e-12      12803         10  0.000e+00
     20.404   65.66970 -168.36958     20.608     4.8589     4.8586     4.8575    31.7883    31.7891  1025.2410    25.1451    280.264    271.671  315.90433     88.718     0.1538     0.5751     0.6131 1.0000e-12      12804         10  0.000e+00
     20.365   65.66970 -168.36958     20.569     4.8627     4.8567     4.8613    31.7876    31.7899  1025.2399    25.1442    280.202    271.498  315.87720     88.706     0.1538     0.5751     0.6131 8.4714e-06      12805         10  0.000e+00
     20.342   65.66970 -168.36958     20.545     4.8663     4.8566     4.8649    31.7835    31.7903  1025.2361    25.1405    280.152    271.480  315.85950     88.695     0.1526     0.5678     0.6131 8.4714e-06      12806         10  0.000e+00
     20.404   65.66970 -168.36958     20.608     4.8676     4.8605     4.8662    31.7786    31.7884  1025.2324    25.1365    280.127    271.422  315.86127     88.687     0.1502     0.5531     0.6119 1.0000e-12      12807         10  0.000e+00
     20.419   65.66970 -168.36958     20.623     4.8668     4.8670     4.8654    31.7748    31.7859  1025.2295    25.1336    279.911    271.345  315.87654     88.614     0.1514     0.5604     0.6131 1.0000e-12      12808         10  0.000e+00
     20.404   65.66970 -168.36958     20.608     4.8638     4.8722     4.8623    31.7733    31.7839  1025.2286    25.1327    279.789    271.297  315.90277     88.568     0.1502     0.5531     0.6131 1.0000e-12      12809         10  0.000e+00
     20.342   65.66970 -168.36958     20.545     4.8602     4.8748     4.8587    31.7762    31.7818  1025.2310    25.1354    279.755    271.268  315.92339     88.552     0.1502     0.5531     0.6119 1.0000e-12      12810         10  0.000e+00
     20.365   65.66970 -168.36958     20.569     4.8573     4.8725     4.8558    31.7791    31.7808  1025.2337    25.1380    280.133    271.256  315.93817     88.667     0.1502     0.5531     0.6119 1.0000e-12      12811         10  0.000e+00
     20.134   65.66970 -168.36960     20.335     4.9730     5.0354     4.9716    31.7302    31.7290  1025.1814    25.0869    280.837    271.846  315.18172     89.103     0.1380     0.4798     0.6107 1.0000e-12      12953         11  0.000e+00
     20.172   65.66970 -168.36960     20.374     4.9732     5.0304     4.9718    31.7311    31.7303  1025.1823    25.0875    280.884    271.877  315.17849     89.119     0.1392     0.4872     0.6119 8.4714e-06      12954         11  0.000e+00
     20.110   65.66970 -168.36960     20.311     4.9724     5.0332     4.9709    31.7328    31.7303  1025.1834    25.0890    280.726    271.850  315.18062     89.068     0.1380     0.4798     0.6107 1.0000e-12      12955         11  0.000e+00
     20.195   65.66970 -168.36960     20.397     4.9713     5.0395     4.9698    31.7346    31.7323  1025.1853    25.0905    280.982    271.797  315.18474     89.148     0.1380     0.4798     0.6119 1.0000e-12      12956         11  0.000e+00
     20.110   65.66970 -168.36960     20.311     4.9702     5.0424     4.9687    31.7368    31.7332  1025.1868    25.0924    281.055    271.764  315.18775     89.171     0.1380     0.4798     0.6107 1.0000e-12      12957         11  0.000e+00
     20.172   65.66970 -168.36960     20.374     4.9697     5.0347     4.9682    31.7381    31.7337  1025.1882    25.0935    281.096    271.810  315.18856     89.183     0.1380     0.4798     0.6119 1.0000e-12      12958         11  0.000e+00
     20.195   65.66970 -168.36960     20.397     4.9691     5.0190     4.9676    31.7400    31.7377  1025.1899    25.0951    281.336    271.904  315.18869     89.259     0.1392     0.4872     0.6119 1.0000e-12      12959         11  0.000e+00
     20.172   65.66970 -168.36960     20.374     4.9687     5.0181     4.9672    31.7407    31.7345  1025.1904    25.0957    281.191    271.924  315.18967     89.213     0.1404     0.4945     0.6119 1.0000e-12      12960         11  0.000e+00
     20.172   65.66970 -168.36960     20.374     4.9675     5.0241     4.9660    31.7415    31.7350  1025.1912    25.0964    281.428    271.886  315.19678     89.287     0.1404     0.4945     0.6119 1.0000e-12      12961         11  0.000e+00
     20.195   65.66970 -168.36960     20.397     4.9662     5.0380     4.9647    31.7421    31.7338  1025.1919    25.0971    281.457    271.775  315.20509     89.293     0.1404     0.4945     0.6119 1.0000e-12      12962         11  0.000e+00
     20.172   65.66970 -168.36960     20.374     4.9663     5.0444     4.9649    31.7422    31.7305  1025.1918    25.0971    281.499    271.718  315.20425     89.307     0.1392     0.4872     0.6107 1.0000e-12      12963         11  0.000e+00
     20.172   65.66970 -168.36960     20.374     4.9667     5.0386     4.9653    31.7424    31.7292  1025.1919    25.0972    281.535    271.745  315.20052     89.319     0.1404     0.4945     0.6119 1.0000e-12      12964         11  0.000e+00
     20.172   65.66970 -168.36960     20.374     4.9669     5.0332     4.9655    31.7437    31.7308  1025.1929    25.0982    281.769    271.781  315.19606     89.395     0.1416     0.5018     0.6119 1.0000e-12      12965         11  0.000e+00
     20.134   65.66970 -168.36960     20.335     4.9670     5.0298     4.9656    31.7426    31.7330  1025.1919    25.0973    281.623    271.800  315.19774     89.348     0.1404     0.4945     0.6119 1.0000e-12      12966         11  0.000e+00
     20.226   65.66970 -168.36960     20.428     4.9669     5.0228     4.9654    31.7388    31.7366  1025.1893    25.0944    281.862    271.824  315.20783     89.421     0.1416     0.5018     0.6119 1.0000e-12      12967         11  0.000e+00
     20.226   65.66970 -168.36960     20.428     4.9645     5.0141     4.9631    31.7362    31.7400  1025.1875    25.0926    281.932    271.877  315.23148     89.437     0.1404     0.4945     0.6119 1.0000e-12      12968         11  0.000e+00
     20.134   65.66970 -168.36960     20.335     4.9596     5.0069     4.9581    31.7381    31.7399  1025.1891    25.0945    282.003    271.923  315.26463     89.450     0.1404     0.4945     0.6119 1.0000e-12      12969         11  0.000e+00
     20.226   65.66970 -168.36960     20.428     4.9532     5.0028     4.9518    31.7414    31.7372  1025.1928    25.0978    281.878    271.957  315.30447     89.399     0.1404     0.4945     0.6119 1.0000e-12      12970         11  0.000e+00
     20.172   65.66970 -168.36960     20.374     4.9475     5.0009     4.9461    31.7439    31.7370  1025.1952    25.1005    281.300    271.964  315.34132     89.205     0.1404     0.4945     0.6119 1.0000e-12      12971         11  0.000e+00
     20.249   65.66970 -168.36960     20.452     4.9424     4.9977     4.9409    31.7476    31.7398  1025.1990    25.1039    281.853    271.958  315.37142     89.372     0.1392     0.4872     0.6131 1.0000e-12      12972         11  0.000e+00
     20.226   65.66970 -168.36960     20.428     4.9380     4.9943     4.9366    31.7517    31.7413  1025.2026    25.1076    281.870    271.971  315.39458     89.370     0.1404     0.4945     0.6131 1.0000e-12      12973         11  0.000e+00
     20.172   65.66970 -168.36960     20.374     4.9353     4.9913     4.9339    31.7549    31.7422  1025.2052    25.1104    282.073    272.164  315.40739     89.431     0.1392     0.4872     0.6119 1.0000e-12      12974         11  0.000e+00
     20.249   65.66970 -168.36960     20.452     4.9338     4.9923     4.9323    31.7567    31.7410  1025.2072    25.1121    282.095    271.989  315.41469     89.436     0.1404     0.4945     0.6131 1.0000e-12      12975         11  0.000e+00
     20.226   65.66970 -168.36960     20.428     4.9328     4.9938     4.9313    31.7577    31.7406  1025.2080    25.1130    282.105    271.967  315.41978     89.438     0.1392     0.4872     0.6131 1.0000e-12      12976         11  0.000e+00
     20.226   65.66970 -168.36960     20.428     4.9325     4.9944     4.9310    31.7581    31.7411  1025.2083    25.1133    281.901    272.134  315.42133     89.373     0.1404     0.4945     0.6119 1.0000e-12      12977         11  0.000e+00
     20.249   65.66970 -168.36960     20.452     4.9323     4.9958     4.9309    31.7580    31.7418  1025.2083    25.1132    282.039    272.129  315.42273     89.416     0.1416     0.5018     0.6119 1.0000e-12      12978         11  0.000e+00
     20.226   65.66970 -168.36960     20.428     4.9323     4.9996     4.9309    31.7584    31.7423  1025.2085    25.1135    282.024    271.922  315.42179     89.412     0.1404     0.4945     0.6119 1.0000e-12      12979         11  0.000e+00
     20.226   65.66970 -168.36960     20.428     4.9323     5.0080     4.9309    31.7587    31.7393  1025.2088    25.1138    282.034    271.853  315.42106     89.415     0.1404     0.4945     0.6119 1.0000e-12      12980         11  0.000e+00
     20.311   65.66970 -168.36960     20.514     4.9322     5.0157     4.9307    31.7586    31.7357  1025.2092    25.1138    282.045    271.791  315.42235     89.418     0.1404     0.4945     0.6119 1.0000e-12      12981         11  0.000e+00
     20.226   65.66970 -168.36962     20.428     4.9322     5.0185     4.9307    31.7591    31.7353  1025.2091    25.1141    282.247    271.752  315.42125     89.482     0.1404     0.4945     0.6119 1.0000e-12      12982         11  0.000e+00
     20.288   65.66970 -168.36962     20.491     4.9322     5.0154     4.9307    31.7589    31.7384  1025.2093    25.1140    282.070    271.752  315.42159     89.426     0.1404     0.4945     0.6119 1.0000e-12      12983         11  0.000e+00
     20.249   65.66970 -168.36962     20.452     4.9320     5.0100     4.9305    31.7580    31.7424  1025.2084    25.1133    282.062    271.762  315.42491     89.423     0.1453     0.5238     0.6131 1.0000e-12      12984         11  0.000e+00
     20.288   65.66970 -168.36962     20.491     4.9322     5.0069     4.9307    31.7579    31.7441  1025.2085    25.1132    281.843    271.763  315.42405     89.354     0.1502     0.5531     0.6119 1.0000e-12      12985         11  0.000e+00
     20.288   65.66970 -168.36962     20.491     4.9323     5.0058     4.9309    31.7573    31.7437  1025.2080    25.1127    281.998    271.751  315.42432     89.403     0.1526     0.5678     0.6131 1.0000e-12      12986         11  0.000e+00
     20.249   65.66970 -168.36962     20.452     4.9318     4.9993     4.9304    31.7573    31.7474  1025.2078    25.1127    282.007    271.788  315.42783     89.405     0.1514     0.5604     0.6119 1.0000e-12      12987         11  0.000e+00
     20.288   65.66970 -168.36962     20.491     4.9312     4.9887     4.9298    31.7576    31.7545  1025.2084    25.1131    281.985    271.850  315.43170     89.397     0.1526     0.5678     0.6119 1.0000e-12      12988         11  0.000e+00
