EcoFOCI/data/1_SampleCollection/2023_SikuliaqDBO_CruiseData/CTD_raw_BottleFile_SKQ23-12S/proc/skq202312s_050avg.cnv
* Sea-Bird SBE 9 Data File:
* FileName = D:\CTD\SKQ202312S\SKQ202312S_050.hex
* Software Version Seasave V 7.26.7.121
* Temperature SN = 6177
* Conductivity SN = 0369
* Number of Bytes Per Scan = 41
* Number of Voltage Words = 4
* Number of Scans Averaged by the Deck Unit = 1
* NMEA Latitude = 70 34.79 N
* NMEA Longitude = 162 29.45 W
* NMEA UTC (Time) = Sep 26 2023  15:58:50
* NMEA baud rate = 4800
** Ship: R/V Sikuliaq
** Station Number: 050
** Station Name: IC11
** Bottom Depth: 38
** Operator: SD
# nquan = 25
# nvalues = 32                          
# units = specified
# name 0 = depSM: Depth [salt water, m]
# name 1 = latitude: Latitude [deg]
# name 2 = longitude: Longitude [deg]
# name 3 = prDM: Pressure, Digiquartz [db]
# name 4 = t090C: Temperature [ITS-90, deg C]
# name 5 = t190C: Temperature, 2 [ITS-90, deg C]
# name 6 = potemp090C: Potential Temperature [ITS-90, deg C]
# name 7 = sal00: Salinity, Practical [PSU]
# name 8 = sal11: Salinity, Practical, 2 [PSU]
# name 9 = density00: Density [density, kg/m^3]
# name 10 = sigma-é00: Density [sigma-theta, kg/m^3]
# name 11 = sbox0Mm/Kg: Oxygen, SBE 43 [umol/kg]
# name 12 = sbox1Mm/Kg: Oxygen, SBE 43, 2 [umol/kg]
# name 13 = oxsolMm/Kg: Oxygen Saturation, Garcia & Gordon [umol/kg]
# name 14 = sbeox0PS: Oxygen, SBE 43 [% saturation]
# name 15 = sbeox1PS: Oxygen, SBE 43, 2 [% saturation]
# name 16 = v0: Voltage 0
# name 17 = flECO-AFL: Fluorescence, WET Labs ECO-AFL/FL [mg/m^3]
# name 18 = v1: Voltage 1
# name 19 = CStarAt0: Beam Attenuation, WET Labs C-Star [1/m]
# name 20 = par: PAR/Irradiance, Biospherical/Licor
# name 21 = scan: Scan Count
# name 22 = timeM: Time, Elapsed [minutes]
# name 23 = nbin: number of scans per bin
# name 24 = flag: flag
# span 0 =      2.970,     33.652       
# span 1 =   70.57987,   70.58001       
# span 2 = -162.49076, -162.49075       
# span 3 =      3.000,     34.000       
# span 4 =     5.4693,     7.2737       
# span 5 =     5.4691,     7.2839       
# span 6 =     5.4677,     7.2720       
# span 7 =    28.5443,    30.9835       
# span 8 =    28.5562,    30.9948       
# span 9 =  1022.4075,  1024.5408       
# span 10 =    22.3936,    24.3835      
# span 11 =    183.701,    292.447      
# span 12 =    173.905,    273.056      
# span 13 =  301.69694,  314.36459      
# span 14 =     58.543,     94.126      
# span 15 =     55.427,     88.080      
# span 16 =     0.0808,     0.2084      
# span 17 =     0.1369,     0.9027      
# span 18 =     2.4876,     4.0676      
# span 19 =     0.5898,     2.5563      
# span 20 = -3.328e-05, 4.6512e-01      
# span 21 =        203,       4150      
# span 22 =     0.1400,     2.8815      
# span 23 =         46,        706      
# span 24 = 0.0000e+00, 0.0000e+00      
# interval = decibars: 1                
# start_time = Sep 26 2023 16:02:32 [NMEA time, first data scan]
# bad_flag = -9.990e-29
*END*
      2.970   70.57987 -162.49076      3.000     6.5457     6.5466     6.5455    28.5451    28.5567  1022.4075    22.3936    292.160    272.686  310.96756     93.952     87.699     0.1970     0.8341     4.0381     0.6177 4.6512e-01        203     0.1400        460 0.0000e+00
      3.959   70.57988 -162.49076      4.000     6.5425     6.5439     6.5422    28.5446    28.5565  1022.4122    22.3937    292.336    272.110  310.99153     94.001     87.508     0.1972     0.8353     4.0388     0.6171 2.8970e-01        538     0.3729        139 0.0000e+00
      4.949   70.57988 -162.49076      5.000     6.5407     6.5420     6.5403    28.5443    28.5562  1022.4168    22.3936    292.447    272.664  311.00579     94.033     87.682     0.1978     0.8388     4.0382     0.6177 2.2339e-01        680     0.4713        125 0.0000e+00
      5.939   70.57988 -162.49076      6.000     6.5524     6.5538     6.5519    28.5489    28.5609  1022.4237    22.3959    292.213    272.008  310.90992     93.986     87.498     0.1981     0.8405     4.0379     0.6180 1.4922e-01        819     0.5680        153 0.0000e+00
      6.929   70.57990 -162.49076      7.000     6.5528     6.5539     6.5522    28.5489    28.5607  1022.4283    22.3959    292.222    272.881  310.90732     93.990     87.779     0.2022     0.8654     4.0370     0.6189 9.7757e-02        960     0.6659        129 0.0000e+00
      7.919   70.57990 -162.49076      8.000     6.5570     6.5611     6.5564    28.5526    28.5651  1022.4354    22.3983    292.152    272.327  310.86806     93.979     87.618     0.2013     0.8597     4.0396     0.6163 6.2638e-02       1100     0.7635        142 0.0000e+00
      8.908   70.57990 -162.49076      9.000     6.5818     6.5828     6.5811    28.5641    28.5753  1022.4461    22.4044    292.159    272.103  310.66205     94.044     87.597     0.2042     0.8775     4.0369     0.6190 3.1615e-02       1243     0.8624        132 0.0000e+00
      9.898   70.57990 -162.49076     10.000     6.5959     6.5975     6.5951    28.5708    28.5825  1022.4544    22.4080    291.952    273.056  310.54495     94.013     87.939     0.2058     0.8871     4.0370     0.6188 2.0628e-02       1381     0.9587        133 0.0000e+00
     10.888   70.57990 -162.49076     11.000     6.6041     6.6039     6.6033    28.5748    28.5859  1022.4611    22.4102    291.990    272.418  310.47605     94.046     87.749     0.2048     0.8810     4.0367     0.6192 5.5572e-03       1521     1.0556        140 0.0000e+00
     11.878   70.57992 -162.49076     12.000     6.6094     6.6087     6.6085    28.5763    28.5872  1022.4663    22.4108    291.636    272.920  310.43444     93.944     87.921     0.2084     0.9027     4.0362     0.6196 1.7645e-04       1661     1.1526        127 0.0000e+00
     12.867   70.57992 -162.49076     13.000     6.6122     6.6126     6.6112    28.5771    28.5886  1022.4713    22.4110    291.752    271.780  310.41211     93.989     87.563     0.2077     0.8982     4.0370     0.6188 -3.328e-05       1790     1.2423        118 0.0000e+00
     13.857   70.57992 -162.49076     14.000     6.6163     6.6134     6.6152    28.5785    28.5886  1022.4765    22.4117    291.673    271.257  310.37956     93.973     87.396     0.1983     0.8416     4.0347     0.6211 1.2428e-07       1876     1.3020         68 0.0000e+00
     14.847   70.57992 -162.49076     15.000     6.6229     6.6235     6.6217    28.5808    28.5911  1022.4822    22.4127    292.079    273.055  310.32659     94.120     87.997     0.1993     0.8477     4.0371     0.6187 -5.879e-09       1946     1.3508         67 0.0000e+00
     15.837   70.57992 -162.49076     16.000     6.6892     6.6925     6.6879    28.6004    28.6089  1022.4943    22.4202    291.574    271.915  309.80368     94.116     87.782     0.1963     0.8299     4.0375     0.6183 1.0000e-12       2007     1.3928         63 0.0000e+00
     16.827   70.57992 -162.49076     17.000     6.7793     6.7863     6.7779    28.6600    28.6621  1022.5349    22.4562    290.556    270.790  309.02055     94.025     87.644     0.2009     0.8574     4.0392     0.6167 1.4491e-07       2071     1.4372         59 0.0000e+00
     17.816   70.57992 -162.49076     18.000     7.0125     7.0149     7.0110    28.8309    28.8340  1022.6452    22.5620    288.937    270.357  306.96953     94.126     88.080     0.1952     0.8230     4.0478     0.6081 2.7058e-10       2125     1.4749         49 0.0000e+00
     18.806   70.57994 -162.49076     19.000     7.2737     7.2839     7.2720    29.4275    29.3924  1023.0851    22.9975    283.639    266.274  303.80882     93.358     87.641     0.1902     0.7931     4.0615     0.5946 1.0000e-12       2182     1.5144         59 0.0000e+00
     19.796   70.57994 -162.49076     20.000     7.2427     7.2045     7.2410    30.4785    30.5241  1023.9192    23.8271    280.075    263.429  301.69694     92.837     87.267     0.1359     0.4677     4.0676     0.5898 5.3456e-07       2232     1.5496         47 0.0000e+00
     20.786   70.57994 -162.49076     21.000     5.8275     5.7708     5.8259    30.4771    30.5407  1024.0974    24.0001    262.215    258.605  311.77865     84.134     82.891     0.0912     0.1993     3.3931     1.3298 2.1344e-06       2282     1.5842         51 0.0000e+00
     21.775   70.57994 -162.49076     22.000     5.4693     5.4691     5.4677    30.4957    30.5140  1024.1580    24.0558    211.325    210.773  314.36459     67.220     67.054     0.0840     0.1561     2.8353     2.0318 2.0221e-06       2333     1.6193         46 0.0000e+00
     22.765   70.57994 -162.49076     23.000     5.5043     5.5070     5.5026    30.5013    30.5152  1024.1632    24.0563    188.976    180.359  314.09140     60.166     57.432     0.0849     0.1616     2.7330     2.1798 2.2453e-06       2379     1.6517         49 0.0000e+00
     23.755   70.57994 -162.49076     24.000     5.5355     5.5352     5.5338    30.5324    30.5474  1024.1889    24.0774    183.701    173.905  313.78709     58.543     55.427     0.0842     0.1573     2.7334     2.1793 2.7248e-06       2432     1.6881         53 0.0000e+00
     24.745   70.57994 -162.49076     25.000     5.5393     5.5442     5.5374    30.5611    30.5708  1024.2158    24.0997    188.837    176.309  313.69234     60.199     56.215     0.0827     0.1484     2.7107     2.2129 3.3074e-06       2480     1.7214         46 0.0000e+00
     25.734   70.57994 -162.49076     26.000     5.7293     5.7344     5.7274    30.6428    30.6472  1024.2635    24.1429    191.371    177.789  312.09853     61.317     56.974     0.0808     0.1369     2.6734     2.2680 3.9104e-06       2530     1.7560         50 0.0000e+00
     26.724   70.57994 -162.49076     27.000     5.7903     5.7919     5.7882    30.7072    30.7164  1024.3119    24.1867    194.141    177.720  311.50221     62.324     57.059     0.0824     0.1463     2.6142     2.3579 2.1830e-06       2586     1.7949         62 0.0000e+00
     27.714   70.57996 -162.49076     28.000     5.8021     5.8031     5.7999    30.7335    30.7452  1024.3360    24.2062    192.596    178.120  311.35455     61.857     57.215     0.0832     0.1513     2.5578     2.4451 2.5230e-06       2795     1.9400        415 0.0000e+00
     28.704   70.57997 -162.49076     29.000     5.8118     5.8159     5.8096    30.7655    30.7765  1024.3647    24.2303    191.007    176.994  311.20943     61.376     56.883     0.0812     0.1390     2.5171     2.5092 3.0080e-06       3096     2.1491        102 0.0000e+00
     29.693   70.57998 -162.49076     30.000     5.9479     5.9515     5.9456    30.8810    30.8859  1024.4447    24.3058    188.951    175.864  309.95085     60.962     56.746     0.0814     0.1403     2.5238     2.4986 3.2899e-06       3181     2.2080         75 0.0000e+00
     30.683   70.57998 -162.49076     31.000     5.9566     5.9586     5.9542    30.9059    30.9153  1024.4679    24.3244    196.461    181.138  309.83065     63.409     58.470     0.0821     0.1447     2.5468     2.4622 3.4786e-06       3262     2.2642         83 0.0000e+00
     31.672   70.57998 -162.49076     32.000     5.9658     5.9661     5.9633    30.9560    30.9629  1024.5110    24.3629    197.114    181.319  309.64880     63.657     58.560     0.0832     0.1511     2.5042     2.5297 2.6146e-06       3332     2.3134         65 0.0000e+00
     32.662   70.57999 -162.49076     33.000     5.9702     5.9710     5.9676    30.9702    30.9808  1024.5263    24.3736    197.641    183.067  309.58461     63.841     59.139     0.0841     0.1566     2.4936     2.5467 2.6870e-06       3600     2.4991        537 0.0000e+00
     33.652   70.58001 -162.49075     34.000     5.9752     5.9763     5.9726    30.9835    30.9948  1024.5408    24.3835    197.834    183.645  309.51736     63.917     59.339     0.0830     0.1504     2.4876     2.5563 3.1732e-06       4150     2.8815        706 0.0000e+00
