EcoFOCI/data/1_SampleCollection/2023_SikuliaqDBO_CruiseData/CTD_raw_BottleFile_SKQ23-12S/proc/skq202312s_058.ros
* Sea-Bird SBE 9 Data File:
* FileName = D:\CTD\SKQ202312S\SKQ202312S_058.hex
* Software Version Seasave V 7.26.7.121
* Temperature SN = 6177
* Conductivity SN = 0369
* Number of Bytes Per Scan = 41
* Number of Voltage Words = 4
* Number of Scans Averaged by the Deck Unit = 1
* NMEA Latitude = 71 26.88 N
* NMEA Longitude = 164 54.84 W
* NMEA UTC (Time) = Sep 27 2023  11:36:42
* NMEA baud rate = 4800
** Ship: R/V Sikuliaq
** Station Number: 058
** Station Name: IC4
** Bottom Depth: 42
** Operator: SS
# nquan = 22
# nvalues = 784                                   
# units = specified
# name 0 = depSM: Depth [salt water, m]
# name 1 = latitude: Latitude [deg]
# name 2 = longitude: Longitude [deg]
# name 3 = prDM: Pressure, Digiquartz [db]
# name 4 = t090C: Temperature [ITS-90, deg C]
# name 5 = t190C: Temperature, 2 [ITS-90, deg C]
# name 6 = potemp090C: Potential Temperature [ITS-90, deg C]
# name 7 = sal00: Salinity, Practical [PSU]
# name 8 = sal11: Salinity, Practical, 2 [PSU]
# name 9 = density00: Density [density, kg/m^3]
# name 10 = sigma-é00: Density [sigma-theta, kg/m^3]
# name 11 = sbox0Mm/Kg: Oxygen, SBE 43 [umol/kg]
# name 12 = sbox1Mm/Kg: Oxygen, SBE 43, 2 [umol/kg]
# name 13 = oxsolMm/Kg: Oxygen Saturation, Garcia & Gordon [umol/kg]
# name 14 = sbeox0PS: Oxygen, SBE 43 [% saturation]
# name 15 = v0: Voltage 0
# name 16 = flECO-AFL: Fluorescence, WET Labs ECO-AFL/FL [mg/m^3]
# name 17 = CStarAt0: Beam Attenuation, WET Labs C-Star [1/m]
# name 18 = par: PAR/Irradiance, Biospherical/Licor
# name 19 = scan: Scan Count
# name 20 = nbf: Bottles Fired
# name 21 = flag:  0.000e+00
# interval = seconds: 0.0416667
# start_time = Sep 27 2023 11:40:41 [NMEA time, first data scan]
# bad_flag = -9.990e-29
*END*
[from data line 593]
      2.578   71.44832 -164.91654      2.605     2.7880     2.7896     2.7879    30.5611    30.5716  1024.3723    24.3600    324.603    309.277  335.37073     96.789     0.0708     0.0769     0.4232 1.5943e-01      21486         13  0.000e+00
      2.517   71.44832 -164.91654      2.543     2.7880     2.7898     2.7879    30.5609    30.5714  1024.3718    24.3598    324.612    309.277  335.37125     96.792     0.0720     0.0842     0.4243 1.6099e-01      21487         13  0.000e+00
      2.578   71.44832 -164.91654      2.605     2.7880     2.7896     2.7879    30.5612    30.5715  1024.3724    24.3601    324.625    309.285  335.37043     96.796     0.0708     0.0769     0.4232 2.3053e-01      21488         13  0.000e+00
      2.517   71.44832 -164.91654      2.543     2.7882     2.7899     2.7881    30.5609    30.5714  1024.3719    24.3599    324.635    309.284  335.36980     96.799     0.0708     0.0769     0.4220 2.9468e-01      21489         13  0.000e+00
      2.578   71.44832 -164.91654      2.605     2.7882     2.7899     2.7881    30.5609    30.5711  1024.3721    24.3598    324.653    309.291  335.36988     96.804     0.0708     0.0769     0.4220 3.0647e-01      21490         13  0.000e+00
      2.540   71.44832 -164.91654      2.566     2.7882     2.7899     2.7881    30.5607    30.5714  1024.3718    24.3597    324.852    309.292  335.37032     96.864     0.0720     0.0842     0.4220 3.2853e-01      21491         13  0.000e+00
      2.578   71.44832 -164.91654      2.605     2.7882     2.7898     2.7881    30.5609    30.5714  1024.3721    24.3598    324.683    309.299  335.36998     96.813     0.0720     0.0842     0.4220 3.5573e-01      21492         13  0.000e+00
      2.517   71.44832 -164.91654      2.543     2.7883     2.7898     2.7882    30.5610    30.5714  1024.3719    24.3599    324.657    309.301  335.36824     96.806     0.0733     0.0916     0.4220 3.6109e-01      21493         13  0.000e+00
      2.578   71.44832 -164.91654      2.605     2.7879     2.7898     2.7877    30.5611    30.5713  1024.3723    24.3600    324.681    309.307  335.37209     96.812     0.0720     0.0842     0.4220 4.1970e-01      21494         13  0.000e+00
      2.578   71.44832 -164.91654      2.605     2.7882     2.7899     2.7881    30.5609    30.5713  1024.3721    24.3598    324.696    309.310  335.36998     96.817     0.0733     0.0916     0.4220 5.1682e-01      21495         13  0.000e+00
      2.517   71.44832 -164.91654      2.543     2.7879     2.7898     2.7877    30.5615    30.5716  1024.3723    24.3603    324.899    309.312  335.37111     96.877     0.0733     0.0916     0.4220 5.4606e-01      21496         13  0.000e+00
      2.578   71.44832 -164.91654      2.605     2.7883     2.7896     2.7882    30.5606    30.5716  1024.3719    24.3596    324.731    309.320  335.36922     96.828     0.0733     0.0916     0.4220 5.3863e-01      21497         13  0.000e+00
      2.578   71.44832 -164.91654      2.605     2.7880     2.7899     2.7879    30.5612    30.5714  1024.3724    24.3601    324.752    309.321  335.37043     96.834     0.0733     0.0916     0.4220 5.2763e-01      21498         13  0.000e+00
      2.517   71.44832 -164.91654      2.543     2.7882     2.7896     2.7881    30.5609    30.5716  1024.3719    24.3599    324.769    309.523  335.36980     96.839     0.0733     0.0916     0.4220 5.2582e-01      21499         13  0.000e+00
      2.578   71.44832 -164.91654      2.605     2.7880     2.7898     2.7879    30.5611    30.5713  1024.3723    24.3600    324.795    309.352  335.37083     96.847     0.0733     0.0916     0.4220 5.1149e-01      21500         13  0.000e+00
      2.578   71.44832 -164.91654      2.605     2.7880     2.7896     2.7879    30.5611    30.5716  1024.3723    24.3600    324.819    309.332  335.37073     96.854     0.0733     0.0916     0.4220 4.7038e-01      21501         13  0.000e+00
      2.517   71.44832 -164.91654      2.543     2.7883     2.7899     2.7882    30.5612    30.5715  1024.3721    24.3601    324.801    309.503  335.36775     96.849     0.0733     0.0916     0.4220 4.5728e-01      21502         13  0.000e+00
      2.517   71.44832 -164.91654      2.543     2.7883     2.7899     2.7882    30.5607    30.5713  1024.3717    24.3597    324.791    309.503  335.36894     96.846     0.0720     0.0842     0.4220 4.4605e-01      21503         13  0.000e+00
      2.578   71.44832 -164.91654      2.605     2.7882     2.7899     2.7881    30.5607    30.5714  1024.3719    24.3596    325.226    309.502  335.37047     96.975     0.0733     0.0916     0.4220 3.9027e-01      21504         13  0.000e+00
      2.517   71.44832 -164.91654      2.543     2.7880     2.7898     2.7879    30.5606    30.5717  1024.3716    24.3596    324.839    309.519  335.37195     96.859     0.0733     0.0916     0.4220 3.6652e-01      21505         13  0.000e+00
      2.517   71.44832 -164.91654      2.543     2.7880     2.7896     2.7879    30.5610    30.5714  1024.3719    24.3599    324.860    309.540  335.37105     96.866     0.0733     0.0916     0.4220 3.5573e-01      21506         13  0.000e+00
      2.517   71.44832 -164.91654      2.543     2.7882     2.7899     2.7881    30.5610    30.5714  1024.3719    24.3599    325.104    309.356  335.36970     96.939     0.0745     0.0989     0.4220 2.2277e-01      21507         13  0.000e+00
      2.517   71.44832 -164.91654      2.543     2.7883     2.7896     2.7882    30.5608    30.5716  1024.3718    24.3598    325.125    309.551  335.36874     96.946     0.0733     0.0916     0.4220 1.6575e-01      21508         13  0.000e+00
      2.517   71.44832 -164.91654      2.543     2.7880     2.7898     2.7879    30.5614    30.5716  1024.3723    24.3603    324.926    309.566  335.36986     96.886     0.0733     0.0916     0.4220 1.6178e-01      21509         13  0.000e+00
      2.540   71.44832 -164.91654      2.566     2.7882     2.7899     2.7881    30.5610    30.5713  1024.3721    24.3599    324.949    309.582  335.36953     96.893     0.0733     0.0916     0.4220 2.9585e-01      21510         13  0.000e+00
      2.517   71.44832 -164.91654      2.543     2.7883     2.7898     2.7882    30.5606    30.5715  1024.3716    24.3596    324.934    309.596  335.36934     96.888     0.0733     0.0916     0.4220 4.2426e-01      21511         13  0.000e+00
      2.517   71.44832 -164.91654      2.543     2.7880     2.7899     2.7879    30.5611    30.5712  1024.3720    24.3600    325.181    309.609  335.37085     96.962     0.0720     0.0842     0.4220 4.4764e-01      21512         13  0.000e+00
      2.463   71.44832 -164.91654      2.488     2.7883     2.7899     2.7882    30.5606    30.5714  1024.3713    24.3596    324.978    309.595  335.36927     96.901     0.0733     0.0916     0.4220 6.8158e-01      21513         13  0.000e+00
      2.517   71.44832 -164.91654      2.543     2.7882     2.7896     2.7881    30.5607    30.5716  1024.3717    24.3597    324.968    309.586  335.37039     96.898     0.0733     0.0916     0.4220 1.0282e+00      21514         13  0.000e+00
      2.517   71.44832 -164.91654      2.543     2.7882     2.7898     2.7881    30.5611    30.5714  1024.3720    24.3600    325.175    309.569  335.36940     96.960     0.0733     0.0916     0.4220 1.1151e+00      21515         13  0.000e+00
      2.517   71.44832 -164.91654      2.543     2.7882     2.7899     2.7881    30.5612    30.5714  1024.3721    24.3601    324.974    309.551  335.36900     96.900     0.0720     0.0842     0.4220 9.4434e-01      21516         13  0.000e+00
      2.463   71.44832 -164.91654      2.488     2.7882     2.7898     2.7881    30.5608    30.5714  1024.3715    24.3598    325.179    309.555  335.37002     96.961     0.0720     0.0842     0.4220 7.5200e-01      21517         13  0.000e+00
      2.517   71.44832 -164.91654      2.543     2.7879     2.7898     2.7877    30.5607    30.5714  1024.3717    24.3597    324.983    309.561  335.37310     96.902     0.0708     0.0769     0.4220 7.0903e-01      21518         13  0.000e+00
      2.463   71.44832 -164.91654      2.488     2.7882     2.7896     2.7881    30.5604    30.5715  1024.3712    24.3594    324.962    309.587  335.37112     96.896     0.0708     0.0769     0.4220 6.8609e-01      21519         13  0.000e+00
      2.463   71.44832 -164.91654      2.488     2.7882     2.7898     2.7881    30.5608    30.5714  1024.3715    24.3598    325.166    309.612  335.37002     96.957     0.0720     0.0842     0.4220 6.3570e-01      21520         13  0.000e+00
      2.517   71.44832 -164.91654      2.543     2.7882     2.7898     2.7881    30.5610    30.5712  1024.3719    24.3599    324.964    309.618  335.36970     96.897     0.0708     0.0769     0.4220 6.1893e-01      21521         13  0.000e+00
      2.463   71.44832 -164.91654      2.488     2.7883     2.7898     2.7882    30.5609    30.5716  1024.3715    24.3598    325.164    309.617  335.36867     96.957     0.0720     0.0842     0.4220 5.6694e-01      21522         13  0.000e+00
      2.517   71.44832 -164.91654      2.543     2.7880     2.7896     2.7879    30.5611    30.5716  1024.3720    24.3600    325.223    309.621  335.37065     96.974     0.0708     0.0769     0.4220 4.2886e-01      21523         13  0.000e+00
      2.463   71.44832 -164.91654      2.488     2.7883     2.7899     2.7882    30.5606    30.5714  1024.3713    24.3596    325.235    309.617  335.36927     96.978     0.0708     0.0769     0.4220 3.8599e-01      21524         13  0.000e+00
      2.517   71.44832 -164.91654      2.543     2.7882     2.7896     2.7881    30.5607    30.5719  1024.3717    24.3597    325.254    309.818  335.37039     96.983     0.0708     0.0769     0.4220 3.6925e-01      21525         13  0.000e+00
      2.463   71.44832 -164.91654      2.488     2.7882     2.7895     2.7881    30.5607    30.5718  1024.3714    24.3597    325.265    309.838  335.37032     96.987     0.0708     0.0769     0.4220 2.9352e-01      21526         13  0.000e+00
      2.463   71.44832 -164.91654      2.488     2.7880     2.7896     2.7879    30.5605    30.5714  1024.3712    24.3595    325.279    309.657  335.37237     96.990     0.0708     0.0769     0.4220 2.6555e-01      21527         13  0.000e+00
      2.424   71.44832 -164.91654      2.449     2.7880     2.7893     2.7879    30.5607    30.5718  1024.3712    24.3597    325.287    309.652  335.37182     96.993     0.0708     0.0769     0.4232 2.7873e-01      21528         13  0.000e+00
      2.517   71.44832 -164.91654      2.543     2.7880     2.7893     2.7879    30.5606    30.5713  1024.3716    24.3596    325.116    309.848  335.37195     96.942     0.0708     0.0769     0.4220 5.4981e-01      21529         13  0.000e+00
      2.519   71.44832 -164.91656      2.545     2.7875     2.7888     2.7874    30.5608    30.5717  1024.3718    24.3598    325.084    308.747  335.37551     96.931     0.0733     0.0916     0.4278 4.2886e-01      21708         14  0.000e+00
      2.465   71.44832 -164.91656      2.491     2.7879     2.7885     2.7877    30.5609    30.5717  1024.3716    24.3598    325.078    308.770  335.37264     96.930     0.0720     0.0842     0.4278 3.2229e-01      21709         14  0.000e+00
      2.465   71.44832 -164.91656      2.491     2.7877     2.7887     2.7876    30.5608    30.5719  1024.3715    24.3598    325.116    308.792  335.37429     96.941     0.0720     0.0842     0.4266 3.2728e-01      21710         14  0.000e+00
      2.519   71.44832 -164.91656      2.545     2.7875     2.7888     2.7874    30.5614    30.5719  1024.3723    24.3602    325.116    308.795  335.37412     96.941     0.0720     0.0842     0.4220 4.2732e-01      21711         14  0.000e+00
      2.411   71.44832 -164.91656      2.436     2.7879     2.7888     2.7877    30.5608    30.5720  1024.3713    24.3598    325.144    308.793  335.37276     96.950     0.0733     0.0916     0.4209 4.8377e-01      21712         14  0.000e+00
      2.519   71.44832 -164.91656      2.545     2.7877     2.7888     2.7876    30.5609    30.5716  1024.3718    24.3598    324.963    309.001  335.37406     96.896     0.0720     0.0842     0.4209 4.9058e-01      21713         14  0.000e+00
      2.489   71.44832 -164.91656      2.514     2.7877     2.7887     2.7876    30.5611    30.5718  1024.3719    24.3600    325.146    308.829  335.37342     96.950     0.0720     0.0842     0.4209 6.0659e-01      21714         14  0.000e+00
      2.465   71.44832 -164.91656      2.491     2.7875     2.7884     2.7874    30.5611    30.5721  1024.3718    24.3600    325.180    308.834  335.37475     96.960     0.0708     0.0769     0.4209 6.9748e-01      21715         14  0.000e+00
      2.465   71.44832 -164.91656      2.491     2.7877     2.7885     2.7876    30.5611    30.5717  1024.3718    24.3600    324.954    308.840  335.37339     96.893     0.0720     0.0842     0.4209 7.1137e-01      21716         14  0.000e+00
      2.465   71.44832 -164.91656      2.491     2.7877     2.7888     2.7876    30.5610    30.5718  1024.3717    24.3599    324.953    308.844  335.37379     96.893     0.0720     0.0842     0.4209 5.9446e-01      21717         14  0.000e+00
      2.465   71.44832 -164.91656      2.491     2.7877     2.7890     2.7876    30.5607    30.5715  1024.3714    24.3597    324.954    308.851  335.37449     96.893     0.0720     0.0842     0.4209 5.1149e-01      21718         14  0.000e+00
      2.466   71.44832 -164.91656      2.491     2.7875     2.7891     2.7874    30.5610    30.5715  1024.3717    24.3600    324.919    308.858  335.37504     96.882     0.0733     0.0916     0.4209 4.9747e-01      21719         14  0.000e+00
      2.466   71.44832 -164.91656      2.491     2.7874     2.7891     2.7873    30.5612    30.5717  1024.3719    24.3602    324.884    308.868  335.37580     96.872     0.0720     0.0842     0.4209 4.1819e-01      21720         14  0.000e+00
      2.466   71.44832 -164.91656      2.491     2.7875     2.7893     2.7874    30.5608    30.5717  1024.3716    24.3598    325.069    309.075  335.37544     96.927     0.0720     0.0842     0.4209 3.3871e-01      21721         14  0.000e+00
      2.466   71.44832 -164.91656      2.491     2.7875     2.7893     2.7874    30.5605    30.5716  1024.3713    24.3595    324.847    309.109  335.37634     96.860     0.0708     0.0769     0.4209 3.2105e-01      21722         14  0.000e+00
      2.466   71.44832 -164.91656      2.491     2.7875     2.7893     2.7874    30.5611    30.5714  1024.3718    24.3600    324.846    309.143  335.37475     96.860     0.0708     0.0769     0.4209 3.3742e-01      21723         14  0.000e+00
      2.412   71.44832 -164.91656      2.437     2.7875     2.7893     2.7874    30.5611    30.5717  1024.3716    24.3601    324.807    309.174  335.37468     96.849     0.0708     0.0769     0.4209 3.5975e-01      21724         14  0.000e+00
      2.466   71.44832 -164.91656      2.491     2.7877     2.7895     2.7876    30.5611    30.5714  1024.3718    24.3600    324.810    309.011  335.37339     96.850     0.0720     0.0842     0.4209 3.6652e-01      21725         14  0.000e+00
      2.466   71.44832 -164.91656      2.491     2.7874     2.7896     2.7873    30.5617    30.5714  1024.3723    24.3605    324.852    308.997  335.37461     96.862     0.0708     0.0769     0.4209 3.9458e-01      21726         14  0.000e+00
      2.466   71.44832 -164.91656      2.491     2.7875     2.7895     2.7874    30.5610    30.5717  1024.3717    24.3600    324.821    309.184  335.37504     96.853     0.0708     0.0769     0.4209 4.7536e-01      21727         14  0.000e+00
      2.466   71.44832 -164.91656      2.491     2.7875     2.7895     2.7874    30.5612    30.5716  1024.3719    24.3601    324.789    308.995  335.37455     96.844     0.0708     0.0769     0.4209 5.0620e-01      21728         14  0.000e+00
