EcoFOCI/data/1_SampleCollection/2023_SikuliaqDBO_CruiseData/CTD_raw_BottleFile_SKQ23-12S/proc/skq202312s_053.ros
* Sea-Bird SBE 9 Data File:
* FileName = D:\CTD\SKQ202312S\SKQ202312S_053.hex
* Software Version Seasave V 7.26.7.121
* Temperature SN = 6177
* Conductivity SN = 0369
* Number of Bytes Per Scan = 41
* Number of Voltage Words = 4
* Number of Scans Averaged by the Deck Unit = 1
* NMEA Latitude = 70 50.92 N
* NMEA Longitude = 163 11.04 W
* NMEA UTC (Time) = Sep 26 2023  23:34:43
* NMEA baud rate = 4800
** Ship: R/V Sikuliaq
** Station Number: 053
** Station Name: IC9
** Bottom Depth: 44
** Operator: SS
# nquan = 22
# nvalues = 833                                   
# units = specified
# name 0 = depSM: Depth [salt water, m]
# name 1 = latitude: Latitude [deg]
# name 2 = longitude: Longitude [deg]
# name 3 = prDM: Pressure, Digiquartz [db]
# name 4 = t090C: Temperature [ITS-90, deg C]
# name 5 = t190C: Temperature, 2 [ITS-90, deg C]
# name 6 = potemp090C: Potential Temperature [ITS-90, deg C]
# name 7 = sal00: Salinity, Practical [PSU]
# name 8 = sal11: Salinity, Practical, 2 [PSU]
# name 9 = density00: Density [density, kg/m^3]
# name 10 = sigma-é00: Density [sigma-theta, kg/m^3]
# name 11 = sbox0Mm/Kg: Oxygen, SBE 43 [umol/kg]
# name 12 = sbox1Mm/Kg: Oxygen, SBE 43, 2 [umol/kg]
# name 13 = oxsolMm/Kg: Oxygen Saturation, Garcia & Gordon [umol/kg]
# name 14 = sbeox0PS: Oxygen, SBE 43 [% saturation]
# name 15 = v0: Voltage 0
# name 16 = flECO-AFL: Fluorescence, WET Labs ECO-AFL/FL [mg/m^3]
# name 17 = CStarAt0: Beam Attenuation, WET Labs C-Star [1/m]
# name 18 = par: PAR/Irradiance, Biospherical/Licor
# name 19 = scan: Scan Count
# name 20 = nbf: Bottles Fired
# name 21 = flag:  0.000e+00
# interval = seconds: 0.0416667
# start_time = Sep 26 2023 23:38:01 [NMEA time, first data scan]
# bad_flag = -9.990e-29
*END*
     38.833   70.84870 -163.18464     39.236     4.4004     4.4012     4.3978    31.7880    31.7986  1025.3756    25.1926    234.953    220.877  319.39907     73.561     0.0879     0.1795     2.6746 1.0000e-12       5778          1  0.000e+00
     38.779   70.84870 -163.18464     39.181     4.4006     4.4010     4.3980    31.7879    31.7987  1025.3752    25.1925    234.954    220.914  319.39788     73.561     0.0879     0.1795     2.6746 1.0000e-12       5779          1  0.000e+00
     38.887   70.84870 -163.18464     39.291     4.4005     4.4010     4.3978    31.7876    31.7984  1025.3755    25.1923    234.963    220.916  319.39969     73.564     0.0879     0.1795     2.6746 8.4714e-06       5780          1  0.000e+00
     38.895   70.84870 -163.18464     39.298     4.4006     4.4008     4.3980    31.7875    31.7985  1025.3754    25.1922    234.966    220.939  319.39886     73.565     0.0879     0.1795     2.6746 1.0000e-12       5781          1  0.000e+00
     38.833   70.84870 -163.18464     39.236     4.4005     4.4012     4.3979    31.7880    31.7982  1025.3755    25.1926    234.968    220.938  319.39879     73.566     0.0879     0.1795     2.6746 1.0000e-12       5782          1  0.000e+00
     38.825   70.84870 -163.18464     39.228     4.4006     4.4013     4.3980    31.7881    31.7985  1025.3756    25.1927    234.971    220.941  319.39737     73.567     0.0879     0.1795     2.6746 1.0000e-12       5783          1  0.000e+00
     38.895   70.84870 -163.18464     39.298     4.4003     4.4013     4.3977    31.7880    31.7989  1025.3759    25.1927    234.979    220.948  319.39989     73.569     0.0879     0.1795     2.6746 8.4714e-06       5784          1  0.000e+00
     38.833   70.84870 -163.18464     39.236     4.4006     4.4016     4.3980    31.7876    31.7985  1025.3752    25.1923    234.980    220.953  319.39888     73.569     0.0879     0.1795     2.6746 8.4714e-06       5785          1  0.000e+00
     38.833   70.84870 -163.18464     39.236     4.4006     4.4015     4.3980    31.7876    31.7986  1025.3752    25.1922    234.984    220.963  319.39859     73.571     0.0879     0.1795     2.6746 8.4714e-06       5786          1  0.000e+00
     38.887   70.84870 -163.18464     39.290     4.4005     4.4013     4.3978    31.7880    31.7987  1025.3758    25.1926    234.781    220.955  319.39885     73.507     0.0879     0.1795     2.6746 1.0000e-12       5787          1  0.000e+00
     38.833   70.84870 -163.18464     39.236     4.4006     4.4013     4.3980    31.7875    31.7985  1025.3751    25.1922    234.962    220.966  319.39887     73.564     0.0891     0.1868     2.6746 8.4714e-06       5788          1  0.000e+00
     38.833   70.84870 -163.18464     39.236     4.4003     4.4010     4.3977    31.7876    31.7984  1025.3753    25.1923    234.969    220.960  319.40085     73.565     0.0879     0.1795     2.6746 1.0000e-12       5789          1  0.000e+00
     38.833   70.84870 -163.18464     39.236     4.4006     4.4009     4.3980    31.7873    31.7985  1025.3750    25.1920    234.764    220.976  319.39925     73.502     0.0879     0.1795     2.6746 1.0000e-12       5790          1  0.000e+00
     38.825   70.84870 -163.18464     39.228     4.4004     4.4009     4.3978    31.7877    31.7988  1025.3753    25.1924    234.706    220.991  319.39981     73.483     0.0879     0.1795     2.6625 8.4714e-06       5791          1  0.000e+00
     38.833   70.84870 -163.18464     39.236     4.4005     4.4012     4.3979    31.7879    31.7983  1025.3755    25.1925    234.680    220.987  319.39897     73.476     0.0891     0.1868     2.6544 1.0000e-12       5792          1  0.000e+00
     38.833   70.84870 -163.18464     39.236     4.4006     4.4013     4.3980    31.7878    31.7986  1025.3754    25.1925    234.655    220.983  319.39794     73.468     0.0879     0.1795     2.6524 8.4714e-06       5793          1  0.000e+00
     38.887   70.84870 -163.18464     39.290     4.4008     4.4018     4.3982    31.7875    31.7987  1025.3754    25.1922    234.810    220.980  319.39753     73.516     0.0879     0.1795     2.6524 1.0000e-12       5794          1  0.000e+00
     38.779   70.84870 -163.18464     39.181     4.4006     4.4020     4.3980    31.7876    31.7990  1025.3750    25.1923    234.607    221.162  319.39853     73.453     0.0867     0.1721     2.6544 1.0000e-12       5795          1  0.000e+00
     38.895   70.84870 -163.18464     39.298     4.4008     4.4021     4.3982    31.7874    31.7984  1025.3753    25.1921    234.796    220.998  319.39773     73.512     0.0879     0.1795     2.6524 8.4714e-06       5796          1  0.000e+00
     38.779   70.84870 -163.18464     39.181     4.4009     4.4018     4.3983    31.7872    31.7986  1025.3746    25.1919    234.801    220.996  319.39759     73.514     0.0855     0.1648     2.6544 1.0000e-12       5797          1  0.000e+00
     38.825   70.84870 -163.18464     39.228     4.4006     4.4015     4.3980    31.7878    31.7986  1025.3753    25.1924    234.604    221.187  319.39812     73.452     0.0842     0.1575     2.6544 8.4714e-06       5798          1  0.000e+00
     38.833   70.84870 -163.18464     39.236     4.4008     4.4015     4.3982    31.7879    31.7988  1025.3754    25.1925    234.790    221.209  319.39654     73.511     0.0855     0.1648     2.6524 1.0000e-12       5799          1  0.000e+00
     38.833   70.84870 -163.18464     39.236     4.4013     4.4018     4.3986    31.7877    31.7983  1025.3753    25.1923    234.798    221.042  319.39335     73.514     0.0842     0.1575     2.6544 8.4714e-06       5800          1  0.000e+00
     38.833   70.84870 -163.18464     39.236     4.4013     4.4026     4.3986    31.7877    31.7981  1025.3752    25.1923    234.600    221.039  319.39353     73.452     0.0842     0.1575     2.6544 1.0000e-12       5801          1  0.000e+00
     38.771   70.84870 -163.18464     39.173     4.4013     4.4032     4.3986    31.7878    31.7983  1025.3750    25.1923    234.787    221.036  319.39327     73.510     0.0842     0.1575     2.6544 1.0000e-12       5802          1  0.000e+00
     38.833   70.84870 -163.18464     39.236     4.4015     4.4030     4.3989    31.7876    31.7987  1025.3751    25.1922    234.799    221.229  319.39166     73.515     0.0855     0.1648     2.6544 1.0000e-12       5803          1  0.000e+00
     38.833   70.84870 -163.18464     39.236     4.4016     4.4024     4.3990    31.7886    31.7985  1025.3759    25.1929    234.600    221.257  319.38895     73.453     0.0842     0.1575     2.6544 1.0000e-12       5804          1  0.000e+00
     38.825   70.84870 -163.18464     39.228     4.4019     4.4020     4.3993    31.7899    31.7988  1025.3769    25.1940    234.786    221.283  319.38334     73.512     0.0842     0.1575     2.6544 8.4714e-06       5805          1  0.000e+00
     38.779   70.84870 -163.18464     39.181     4.4027     4.4018     4.4001    31.7902    31.7987  1025.3768    25.1941    234.792    221.307  319.37663     73.516     0.0842     0.1575     2.6544 1.0000e-12       5806          1  0.000e+00
     38.833   70.84870 -163.18464     39.236     4.4034     4.4016     4.4007    31.7893    31.7988  1025.3762    25.1933    234.805    221.333  319.37359     73.520     0.0842     0.1575     2.6524 1.0000e-12       5807          1  0.000e+00
     38.833   70.84870 -163.18464     39.236     4.4034     4.4016     4.4007    31.7886    31.7988  1025.3757    25.1928    234.819    221.358  319.37526     73.524     0.0842     0.1575     2.6544 1.0000e-12       5808          1  0.000e+00
     38.771   70.84870 -163.18464     39.173     4.4034     4.4012     4.4007    31.7894    31.7988  1025.3760    25.1934    234.620    221.383  319.37333     73.463     0.0842     0.1575     2.6524 1.0000e-12       5809          1  0.000e+00
     38.833   70.84870 -163.18464     39.236     4.4033     4.4012     4.4007    31.7892    31.7983  1025.3762    25.1932    234.814    221.409  319.37424     73.523     0.0842     0.1575     2.6544 1.0000e-12       5810          1  0.000e+00
     38.833   70.84870 -163.18464     39.235     4.4034     4.4012     4.4007    31.7883    31.7982  1025.3754    25.1925    234.797    221.433  319.37601     73.517     0.0842     0.1575     2.6625 8.4714e-06       5811          1  0.000e+00
     38.771   70.84870 -163.18464     39.173     4.4031     4.4012     4.4005    31.7879    31.7982  1025.3749    25.1923    234.810    221.247  319.37846     73.521     0.0842     0.1575     2.6685 1.0000e-12       5812          1  0.000e+00
     38.833   70.84870 -163.18464     39.235     4.4031     4.4010     4.4005    31.7879    31.7986  1025.3752    25.1922    234.826    221.252  319.37854     73.526     0.0842     0.1575     2.6706 8.4714e-06       5813          1  0.000e+00
     38.833   70.84870 -163.18464     39.235     4.4028     4.4010     4.4002    31.7876    31.7987  1025.3750    25.1920    234.633    221.256  319.38163     73.465     0.0842     0.1575     2.6685 8.4714e-06       5814          1  0.000e+00
     38.778   70.84870 -163.18464     39.181     4.4028     4.4010     4.4002    31.7879    31.7987  1025.3750    25.1923    234.613    221.260  319.38091     73.459     0.0842     0.1575     2.6685 8.4714e-06       5815          1  0.000e+00
     38.825   70.84870 -163.18464     39.228     4.4030     4.4010     4.4004    31.7880    31.7983  1025.3753    25.1924    234.598    221.268  319.37937     73.454     0.0842     0.1575     2.6685 1.0000e-12       5816          1  0.000e+00
     38.778   70.84870 -163.18464     39.181     4.4028     4.4010     4.4002    31.7877    31.7983  1025.3748    25.1922    234.583    221.461  319.38166     73.449     0.0830     0.1502     2.6685 1.0000e-12       5817          1  0.000e+00
     38.832   70.84870 -163.18464     39.235     4.4028     4.4009     4.4002    31.7866    31.7983  1025.3742    25.1912    234.782    221.491  319.38405     73.511     0.0842     0.1575     2.6685 1.0000e-12       5818          1  0.000e+00
     38.778   70.84870 -163.18464     39.181     4.4024     4.4012     4.3997    31.7858    31.7984  1025.3733    25.1907    234.595    221.493  319.38960     73.451     0.0830     0.1502     2.6685 1.0000e-12       5819          1  0.000e+00
     38.825   70.84870 -163.18464     39.227     4.4019     4.4010     4.3993    31.7858    31.7987  1025.3736    25.1907    234.587    221.313  319.39312     73.448     0.0842     0.1575     2.6685 8.4714e-06       5820          1  0.000e+00
     38.832   70.84870 -163.18464     39.235     4.4014     4.4012     4.3988    31.7863    31.7985  1025.3741    25.1911    234.579    221.297  319.39567     73.445     0.0855     0.1648     2.6685 1.0000e-12       5821          1  0.000e+00
     38.778   70.84870 -163.18464     39.181     4.4009     4.4012     4.3983    31.7868    31.7985  1025.3743    25.1916    234.779    221.301  319.39805     73.507     0.0830     0.1502     2.6685 1.0000e-12       5822          1  0.000e+00
     38.825   70.84870 -163.18464     39.227     4.4009     4.4013     4.3983    31.7872    31.7981  1025.3748    25.1919    234.802    221.309  319.39745     73.514     0.0830     0.1502     2.6685 1.0000e-12       5823          1  0.000e+00
     38.778   70.84870 -163.18464     39.181     4.4005     4.4008     4.3979    31.7876    31.7983  1025.3750    25.1923    234.617    221.506  319.39975     73.456     0.0818     0.1428     2.6685 8.4714e-06       5824          1  0.000e+00
     38.832   70.84870 -163.18464     39.235     4.4005     4.4007     4.3979    31.7873    31.7986  1025.3749    25.1920    234.402    221.514  319.40056     73.388     0.0818     0.1428     2.6685 1.0000e-12       5825          1  0.000e+00
     38.832   70.84870 -163.18464     39.235     4.4005     4.4007     4.3979    31.7870    31.7984  1025.3748    25.1918    234.783    221.333  319.40112     73.507     0.0806     0.1355     2.6685 8.4714e-06       5826          1  0.000e+00
     38.767   70.84872 -163.18466     39.169     4.3987     4.4009     4.3961    31.7872    31.7985  1025.3748    25.1922    234.458    221.566  319.41389     73.403     0.1038     0.2747     2.7255 1.0000e-12       6164          2  0.000e+00
     38.774   70.84872 -163.18466     39.176     4.3987     4.4009     4.3961    31.7878    31.7985  1025.3753    25.1926    234.612    221.550  319.41250     73.451     0.1038     0.2747     2.7255 1.0000e-12       6165          2  0.000e+00
     38.890   70.84872 -163.18466     39.293     4.3991     4.4006     4.3964    31.7883    31.7987  1025.3762    25.1930    234.623    221.537  319.40899     73.455     0.1050     0.2820     2.7255 1.0000e-12       6166          2  0.000e+00
     38.828   70.84872 -163.18466     39.231     4.3991     4.4007     4.3964    31.7884    31.7989  1025.3760    25.1931    234.776    221.516  319.40873     73.503     0.1038     0.2747     2.7255 1.0000e-12       6167          2  0.000e+00
     38.766   70.84872 -163.18466     39.169     4.3992     4.4013     4.3966    31.7877    31.7984  1025.3751    25.1925    234.782    221.514  319.40911     73.505     0.1050     0.2820     2.7235 1.0000e-12       6168          2  0.000e+00
     38.828   70.84872 -163.18466     39.231     4.3991     4.4016     4.3965    31.7877    31.7985  1025.3754    25.1925    234.549    221.495  319.41003     73.432     0.1038     0.2747     2.7255 1.0000e-12       6169          2  0.000e+00
     38.828   70.84872 -163.18466     39.231     4.3995     4.4015     4.3969    31.7872    31.7987  1025.3750    25.1921    234.730    221.310  319.40787     73.489     0.1050     0.2820     2.7255 1.0000e-12       6170          2  0.000e+00
     38.766   70.84872 -163.18466     39.169     4.3995     4.4015     4.3969    31.7871    31.7986  1025.3746    25.1920    234.490    221.290  319.40816     73.414     0.1038     0.2747     2.7255 8.4714e-06       6171          2  0.000e+00
     38.828   70.84872 -163.18466     39.231     4.3995     4.4016     4.3969    31.7866    31.7984  1025.3745    25.1916    234.464    221.462  319.40945     73.405     0.1050     0.2820     2.7255 1.0000e-12       6172          2  0.000e+00
     38.828   70.84872 -163.18466     39.231     4.3995     4.4013     4.3969    31.7863    31.7987  1025.3742    25.1913    234.853    221.466  319.41020     73.527     0.1038     0.2747     2.7235 8.4714e-06       6173          2  0.000e+00
     38.828   70.84872 -163.18466     39.231     4.3994     4.4007     4.3968    31.7863    31.7986  1025.3743    25.1914    234.644    221.265  319.41132     73.461     0.1038     0.2747     2.7235 1.0000e-12       6174          2  0.000e+00
     38.766   70.84872 -163.18466     39.169     4.3991     4.4006     4.3965    31.7868    31.7985  1025.3744    25.1918    234.431    221.225  319.41219     73.395     0.1050     0.2820     2.7091 1.0000e-12       6175          2  0.000e+00
     38.890   70.84872 -163.18466     39.293     4.3991     4.4003     4.3964    31.7865    31.7986  1025.3747    25.1915    234.610    221.192  319.41337     73.450     0.1038     0.2747     2.7030 1.0000e-12       6176          2  0.000e+00
     38.774   70.84872 -163.18466     39.176     4.3987     4.4000     4.3961    31.7867    31.7990  1025.3744    25.1917    234.429    221.172  319.41529     73.393     0.1050     0.2820     2.7030 1.0000e-12       6177          2  0.000e+00
     38.828   70.84872 -163.18466     39.231     4.3991     4.4006     4.3964    31.7866    31.7985  1025.3745    25.1916    234.636    221.133  319.41311     73.458     0.1038     0.2747     2.7030 1.0000e-12       6178          2  0.000e+00
     38.820   70.84872 -163.18466     39.223     4.3989     4.4010     4.3963    31.7866    31.7985  1025.3745    25.1916    234.634    221.114  319.41432     73.458     0.1050     0.2820     2.7051 1.0000e-12       6179          2  0.000e+00
