EcoFOCI/data/1_SampleCollection/2023_SikuliaqDBO_CruiseData/CTD_raw_BottleFile_SKQ23-12S/proc/skq202312s_050.cnv
* Sea-Bird SBE 9 Data File:
* FileName = D:\CTD\SKQ202312S\SKQ202312S_050.hex
* Software Version Seasave V 7.26.7.121
* Temperature SN = 6177
* Conductivity SN = 0369
* Number of Bytes Per Scan = 41
* Number of Voltage Words = 4
* Number of Scans Averaged by the Deck Unit = 1
* NMEA Latitude = 70 34.79 N
* NMEA Longitude = 162 29.45 W
* NMEA UTC (Time) = Sep 26 2023  15:58:50
* NMEA baud rate = 4800
** Ship: R/V Sikuliaq
** Station Number: 050
** Station Name: IC11
** Bottom Depth: 38
** Operator: SD
# nquan = 24
# nvalues = 4614                                  
# units = specified
# name 0 = depSM: Depth [salt water, m]
# name 1 = latitude: Latitude [deg]
# name 2 = longitude: Longitude [deg]
# name 3 = prDM: Pressure, Digiquartz [db]
# name 4 = t090C: Temperature [ITS-90, deg C]
# name 5 = t190C: Temperature, 2 [ITS-90, deg C]
# name 6 = potemp090C: Potential Temperature [ITS-90, deg C]
# name 7 = sal00: Salinity, Practical [PSU]
# name 8 = sal11: Salinity, Practical, 2 [PSU]
# name 9 = density00: Density [density, kg/m^3]
# name 10 = sigma-é00: Density [sigma-theta, kg/m^3]
# name 11 = sbox0Mm/Kg: Oxygen, SBE 43 [umol/kg]
# name 12 = sbox1Mm/Kg: Oxygen, SBE 43, 2 [umol/kg]
# name 13 = oxsolMm/Kg: Oxygen Saturation, Garcia & Gordon [umol/kg]
# name 14 = sbeox0PS: Oxygen, SBE 43 [% saturation]
# name 15 = sbeox1PS: Oxygen, SBE 43, 2 [% saturation]
# name 16 = v0: Voltage 0
# name 17 = flECO-AFL: Fluorescence, WET Labs ECO-AFL/FL [mg/m^3]
# name 18 = v1: Voltage 1
# name 19 = CStarAt0: Beam Attenuation, WET Labs C-Star [1/m]
# name 20 = par: PAR/Irradiance, Biospherical/Licor
# name 21 = scan: Scan Count
# name 22 = timeM: Time, Elapsed [minutes]
# name 23 = flag:  0.000e+00
# span 0 =      2.851,     34.023                 
# span 1 =   70.57986,   70.58002                 
# span 2 = -162.49076, -162.49074                 
# span 3 =      2.880,     34.375                 
# span 4 =     5.4639,     7.5769                 
# span 5 =     5.4654,     7.5814                 
# span 6 =     5.4623,     7.5751                 
# span 7 =    28.5417,    30.9913                 
# span 8 =    28.5550,    31.0027                 
# span 9 =  1022.4049,  1024.5482                 
# span 10 =    22.3910,    24.3894                
# span 11 =    182.588,    292.809                
# span 12 =    173.490,    274.524                
# span 13 =  299.45973,  314.40966                
# span 14 =     58.204,     94.299                
# span 15 =     55.298,     88.360                
# span 16 =     0.0781,     0.2161                
# span 17 =     0.1209,     0.9487                
# span 18 =     2.4799,     4.1111                
# span 19 =     0.5460,     2.5688                
# span 20 = 1.0000e-12, 9.5033e-01                
# span 21 =          1,       4614                
# span 22 =     0.0000,     3.2035                
# span 23 = 0.0000e+00, 0.0000e+00                
# interval = seconds: 0.0416667
# start_time = Sep 26 2023 16:02:32 [NMEA time, first data scan]
# bad_flag = -9.990e-29
*END*
[from data line 121]
      2.928   70.57986 -162.49076      2.958     6.5460     6.5487     6.5458    28.5448    28.5568  1022.4071    22.3934    292.331    272.291  310.96573     94.007     87.576     0.1941     0.8168     4.0391     0.6168 3.2853e-01        122     0.0840  0.000e+00
      2.928   70.57986 -162.49076      2.958     6.5456     6.5476     6.5454    28.5444    28.5566  1022.4068    22.3931    292.320    272.118  310.96988     94.003     87.518     0.1954     0.8242     4.0391     0.6168 3.3486e-01        123     0.0847  0.000e+00
      2.928   70.57986 -162.49076      2.958     6.5454     6.5462     6.5452    28.5450    28.5562  1022.4073    22.3936    292.333    272.113  310.97006     94.007     87.513     0.1941     0.8168     4.0391     0.6168 3.7477e-01        124     0.0854  0.000e+00
      2.990   70.57986 -162.49076      3.020     6.5452     6.5452     6.5450    28.5449    28.5563  1022.4075    22.3935    292.321    272.108  310.97134     94.003     87.510     0.1954     0.8242     4.0391     0.6168 5.1504e-01        125     0.0861  0.000e+00
      2.928   70.57986 -162.49076      2.958     6.5451     6.5447     6.5449    28.5451    28.5563  1022.4074    22.3937    292.302    272.099  310.97158     93.996     87.506     0.1941     0.8168     4.0391     0.6168 5.7274e-01        126     0.0868  0.000e+00
      2.990   70.57986 -162.49076      3.020     6.5452     6.5444     6.5450    28.5454    28.5564  1022.4079    22.3939    292.284    272.095  310.97020     93.991     87.504     0.1954     0.8242     4.0391     0.6168 5.8648e-01        127     0.0875  0.000e+00
      2.990   70.57986 -162.49076      3.020     6.5452     6.5446     6.5450    28.5460    28.5562  1022.4085    22.3945    292.263    272.090  310.96865     93.985     87.503     0.1941     0.8168     4.0391     0.6168 6.5503e-01        128     0.0882  0.000e+00
      2.990   70.57986 -162.49076      3.020     6.5456     6.5444     6.5454    28.5458    28.5566  1022.4082    22.3942    292.071    272.089  310.96675     93.924     87.502     0.1954     0.8242     4.0366     0.6192 6.8836e-01        129     0.0889  0.000e+00
      2.928   70.57986 -162.49076      2.958     6.5456     6.5444     6.5454    28.5460    28.5562  1022.4081    22.3944    292.219    272.268  310.96628     93.971     87.560     0.1941     0.8168     4.0366     0.6192 6.5939e-01        130     0.0896  0.000e+00
      2.990   70.57986 -162.49076      3.020     6.5459     6.5446     6.5457    28.5457    28.5561  1022.4081    22.3941    291.832    272.112  310.96437     93.847     87.510     0.1954     0.8242     4.0366     0.6192 4.1070e-01        131     0.0903  0.000e+00
      2.990   70.57986 -162.49076      3.020     6.5462     6.5443     6.5460    28.5456    28.5560  1022.4080    22.3940    291.955    272.121  310.96261     93.887     87.512     0.1941     0.8168     4.0366     0.6192 3.1736e-01        132     0.0910  0.000e+00
      2.990   70.57986 -162.49076      3.020     6.5463     6.5441     6.5461    28.5456    28.5560  1022.4080    22.3940    291.936    272.132  310.96164     93.882     87.515     0.1954     0.8242     4.0366     0.6192 3.1007e-01        133     0.0917  0.000e+00
      3.021   70.57986 -162.49076      3.052     6.5466     6.5438     6.5463    28.5450    28.5565  1022.4077    22.3935    292.090    272.326  310.96140     93.931     87.577     0.1941     0.8168     4.0366     0.6192 3.7477e-01        134     0.0924  0.000e+00
      2.990   70.57986 -162.49076      3.020     6.5466     6.5443     6.5463    28.5442    28.5562  1022.4068    22.3928    291.904    272.354  310.96341     93.871     87.587     0.1954     0.8242     4.0366     0.6192 4.1970e-01        135     0.0931  0.000e+00
      2.990   70.57986 -162.49076      3.020     6.5460     6.5441     6.5458    28.5439    28.5563  1022.4067    22.3927    292.090    272.390  310.96767     93.929     87.598     0.1941     0.8168     4.0366     0.6192 4.2426e-01        136     0.0938  0.000e+00
      2.990   70.57986 -162.49076      3.020     6.5456     6.5441     6.5454    28.5431    28.5563  1022.4061    22.3921    291.909    272.428  310.97288     93.869     87.610     0.1954     0.8242     4.0379     0.6180 4.5244e-01        137     0.0944  0.000e+00
      3.044   70.57986 -162.49076      3.075     6.5449     6.5443     6.5447    28.5436    28.5563  1022.4068    22.3926    292.098    272.468  310.97653     93.929     87.624     0.1966     0.8315     4.0366     0.6192 4.7871e-01        138     0.0951  0.000e+00
      2.990   70.57986 -162.49076      3.020     6.5445     6.5443     6.5442    28.5437    28.5562  1022.4067    22.3927    291.913    272.508  310.97948     93.869     87.637     0.1978     0.8388     4.0366     0.6192 4.8377e-01        139     0.0958  0.000e+00
      2.990   70.57986 -162.49076      3.020     6.5441     6.5443     6.5439    28.5441    28.5559  1022.4071    22.3931    292.297    272.552  310.98121     93.992     87.651     0.1978     0.8388     4.0366     0.6192 4.8208e-01        140     0.0965  0.000e+00
      3.044   70.57986 -162.49076      3.075     6.5438     6.5441     6.5436    28.5440    28.5562  1022.4073    22.3931    291.946    272.422  310.98354     93.878     87.609     0.1978     0.8388     4.0366     0.6192 4.8208e-01        141     0.0972  0.000e+00
      2.990   70.57986 -162.49076      3.020     6.5435     6.5439     6.5433    28.5440    28.5562  1022.4071    22.3931    292.102    272.434  310.98584     93.928     87.612     0.1990     0.8461     4.0366     0.6192 4.8039e-01        142     0.0979  0.000e+00
      3.044   70.57986 -162.49076      3.075     6.5433     6.5439     6.5431    28.5442    28.5566  1022.4075    22.3933    291.920    272.450  310.98673     93.869     87.618     0.1978     0.8388     4.0366     0.6192 4.6872e-01        143     0.0986  0.000e+00
      2.990   70.57986 -162.49076      3.020     6.5430     6.5438     6.5428    28.5446    28.5564  1022.4076    22.3936    291.905    272.467  310.98814     93.864     87.622     0.1990     0.8461     4.0366     0.6192 4.4764e-01        144     0.0993  0.000e+00
      3.044   70.57986 -162.49076      3.075     6.5429     6.5439     6.5426    28.5449    28.5559  1022.4081    22.3938    291.895    272.488  310.98860     93.860     87.629     0.1978     0.8388     4.0366     0.6192 4.4289e-01        145     0.1000  0.000e+00
      2.990   70.57986 -162.49076      3.020     6.5430     6.5436     6.5428    28.5441    28.5562  1022.4072    22.3932    292.080    272.688  310.98928     93.920     87.693     0.1990     0.8461     4.0366     0.6192 4.3817e-01        146     0.1007  0.000e+00
      3.044   70.57986 -162.49076      3.075     6.5427     6.5438     6.5425    28.5441    28.5562  1022.4075    22.3932    291.903    272.730  310.99153     93.862     87.707     0.1978     0.8388     4.0366     0.6192 4.2732e-01        147     0.1014  0.000e+00
      3.044   70.57986 -162.49076      3.075     6.5427     6.5435     6.5425    28.5437    28.5561  1022.4072    22.3929    291.893    272.774  310.99235     93.859     87.721     0.1990     0.8461     4.0366     0.6192 4.2426e-01        148     0.1021  0.000e+00
      2.990   70.57986 -162.49076      3.020     6.5423     6.5433     6.5421    28.5443    28.5563  1022.4074    22.3934    292.081    272.817  310.99370     93.919     87.734     0.1978     0.8388     4.0379     0.6180 4.2274e-01        149     0.1028  0.000e+00
      3.044   70.57986 -162.49076      3.075     6.5427     6.5431     6.5425    28.5439    28.5565  1022.4073    22.3931    291.902    272.847  310.99202     93.862     87.743     0.1990     0.8461     4.0391     0.6168 4.1368e-01        150     0.1035  0.000e+00
      3.044   70.57986 -162.49076      3.075     6.5422     6.5431     6.5420    28.5443    28.5565  1022.4077    22.3934    291.897    272.874  310.99481     93.859     87.752     0.1978     0.8388     4.0391     0.6168 4.1070e-01        151     0.1042  0.000e+00
      2.990   70.57986 -162.49076      3.020     6.5422     6.5435     6.5420    28.5443    28.5563  1022.4074    22.3934    291.888    272.899  310.99475     93.856     87.761     0.1978     0.8388     4.0391     0.6168 4.1219e-01        152     0.1049  0.000e+00
      3.044   70.57986 -162.49076      3.075     6.5422     6.5433     6.5420    28.5440    28.5559  1022.4075    22.3932    291.885    272.932  310.99530     93.855     87.771     0.1978     0.8388     4.0391     0.6168 4.2579e-01        153     0.1056  0.000e+00
      2.990   70.57986 -162.49076      3.020     6.5420     6.5431     6.5418    28.5438    28.5561  1022.4070    22.3930    292.078    272.960  310.99703     93.917     87.780     0.1990     0.8461     4.0391     0.6168 4.3194e-01        154     0.1063  0.000e+00
      3.044   70.57986 -162.49076      3.075     6.5419     6.5433     6.5417    28.5441    28.5561  1022.4076    22.3934    291.905    272.992  310.99725     93.861     87.790     0.1978     0.8388     4.0391     0.6168 4.3505e-01        155     0.1069  0.000e+00
      3.044   70.57986 -162.49076      3.075     6.5417     6.5433     6.5415    28.5444    28.5559  1022.4078    22.3936    292.100    273.023  310.99781     93.924     87.800     0.1978     0.8388     4.0391     0.6168 4.8717e-01        156     0.1076  0.000e+00
      2.990   70.57986 -162.49076      3.020     6.5416     6.5431     6.5414    28.5447    28.5561  1022.4078    22.3938    291.925    273.035  310.99816     93.867     87.804     0.1978     0.8388     4.0391     0.6168 5.2221e-01        157     0.1083  0.000e+00
      3.021   70.57986 -162.49076      3.052     6.5414     6.5433     6.5411    28.5445    28.5563  1022.4079    22.3937    291.926    273.048  311.00001     93.867     87.808     0.1978     0.8388     4.0391     0.6168 5.2582e-01        158     0.1090  0.000e+00
      2.990   70.57986 -162.49076      3.020     6.5416     6.5431     6.5414    28.5443    28.5564  1022.4075    22.3935    292.120    273.062  310.99914     93.930     87.812     0.1978     0.8388     4.0391     0.6168 4.9402e-01        159     0.1097  0.000e+00
      3.044   70.57986 -162.49076      3.075     6.5414     6.5431     6.5412    28.5451    28.5560  1022.4085    22.3942    291.950    273.256  310.99829     93.875     87.875     0.1990     0.8461     4.0391     0.6168 4.7038e-01        160     0.1104  0.000e+00
      2.990   70.57986 -162.49076      3.020     6.5417     6.5427     6.5415    28.5453    28.5563  1022.4083    22.3943    291.945    273.109  310.99564     93.874     87.827     0.1978     0.8388     4.0391     0.6168 4.6707e-01        161     0.1111  0.000e+00
      2.990   70.57986 -162.49076      3.020     6.5420     6.5425     6.5418    28.5448    28.5561  1022.4079    22.3939    291.945    273.123  310.99467     93.875     87.831     0.1978     0.8388     4.0391     0.6168 4.8377e-01        162     0.1118  0.000e+00
      3.044   70.57986 -162.49076      3.075     6.5420     6.5423     6.5418    28.5446    28.5560  1022.4080    22.3937    291.864    273.139  310.99505     93.848     87.835     0.1966     0.8315     4.0391     0.6168 5.0269e-01        163     0.1125  0.000e+00
      2.990   70.57986 -162.49076      3.020     6.5422     6.5427     6.5420    28.5443    28.5559  1022.4075    22.3935    291.862    273.129  310.99467     93.848     87.833     0.1978     0.8388     4.0391     0.6168 5.0620e-01        164     0.1132  0.000e+00
      2.990   70.57986 -162.49076      3.020     6.5422     6.5428     6.5420    28.5437    28.5561  1022.4070    22.3930    291.864    273.121  310.99606     93.848     87.831     0.1978     0.8388     4.0391     0.6168 4.9574e-01        165     0.1139  0.000e+00
      2.990   70.57986 -162.49076      3.020     6.5419     6.5431     6.5417    28.5443    28.5560  1022.4075    22.3935    291.867    273.111  310.99678     93.849     87.828     0.1978     0.8388     4.0391     0.6168 4.8039e-01        166     0.1146  0.000e+00
      2.990   70.57986 -162.49076      3.020     6.5420     6.5434     6.5418    28.5440    28.5562  1022.4072    22.3932    291.870    273.298  310.99646     93.850     87.889     0.1978     0.8388     4.0391     0.6168 4.7704e-01        167     0.1153  0.000e+00
      2.990   70.57986 -162.49076      3.020     6.5419     6.5435     6.5417    28.5438    28.5558  1022.4071    22.3931    292.074    273.147  310.99801     93.915     87.840     0.1978     0.8388     4.0391     0.6168 4.0038e-01        168     0.1160  0.000e+00
      2.990   70.57986 -162.49076      3.020     6.5419     6.5438     6.5417    28.5438    28.5560  1022.4071    22.3931    291.909    273.333  310.99809     93.862     87.901     0.1978     0.8388     4.0391     0.6168 2.6663e-01        169     0.1167  0.000e+00
      2.990   70.57986 -162.49076      3.020     6.5417     6.5433     6.5415    28.5439    28.5560  1022.4072    22.3932    292.113    273.185  310.99890     93.927     87.852     0.1978     0.8388     4.0391     0.6168 2.3250e-01        170     0.1174  0.000e+00
      2.928   70.57986 -162.49076      2.958     6.5417     6.5433     6.5415    28.5439    28.5560  1022.4069    22.3932    291.946    273.192  310.99884     93.874     87.854     0.1966     0.8315     4.0391     0.6168 2.6233e-01        171     0.1181  0.000e+00
      2.990   70.57986 -162.49076      3.020     6.5414     6.5431     6.5412    28.5438    28.5564  1022.4072    22.3932    292.156    273.363  311.00169     93.940     87.909     0.1978     0.8388     4.0391     0.6168 3.8458e-01        172     0.1187  0.000e+00
      2.990   70.57986 -162.49076      3.020     6.5414     6.5435     6.5412    28.5435    28.5565  1022.4069    22.3929    291.993    273.367  311.00208     93.888     87.911     0.1978     0.8388     4.0403     0.6156 4.3974e-01        173     0.1194  0.000e+00
      2.928   70.57986 -162.49076      2.958     6.5412     6.5435     6.5410    28.5440    28.5560  1022.4070    22.3933    292.197    273.192  311.00244     93.953     87.855     0.1978     0.8388     4.0391     0.6168 4.5728e-01        174     0.1201  0.000e+00
      2.928   70.57986 -162.49076      2.958     6.5411     6.5433     6.5409    28.5437    28.5561  1022.4068    22.3931    292.037    273.180  311.00424     93.901     87.851     0.1990     0.8461     4.0403     0.6156 5.9046e-01        175     0.1208  0.000e+00
      2.990   70.57986 -162.49076      3.020     6.5408     6.5428     6.5405    28.5437    28.5558  1022.4072    22.3932    292.050    273.172  311.00633     93.905     87.847     0.1978     0.8388     4.0403     0.6156 6.6598e-01        176     0.1215  0.000e+00
      2.990   70.57986 -162.49076      3.020     6.5409     6.5427     6.5407    28.5439    28.5561  1022.4073    22.3933    292.059    273.157  311.00470     93.908     87.842     0.1990     0.8461     4.0403     0.6156 6.5721e-01        177     0.1222  0.000e+00
      2.928   70.57986 -162.49076      2.958     6.5408     6.5431     6.5405    28.5450    28.5558  1022.4079    22.3942    292.038    273.137  311.00341     93.902     87.836     0.1978     0.8388     4.0403     0.6156 4.6872e-01        178     0.1229  0.000e+00
      2.928   70.57986 -162.49076      2.958     6.5412     6.5431     6.5410    28.5458    28.5559  1022.4084    22.3947    292.045    273.139  310.99828     93.906     87.837     0.1990     0.8461     4.0391     0.6168 3.8316e-01        179     0.1236  0.000e+00
      2.928   70.57986 -162.49076      2.958     6.5416     6.5433     6.5414    28.5454    28.5563  1022.4081    22.3944    291.998    273.121  310.99647     93.891     87.832     0.1978     0.8388     4.0403     0.6156 3.7616e-01        180     0.1243  0.000e+00
      2.874   70.57986 -162.49076      2.904     6.5420     6.5435     6.5418    28.5449    28.5565  1022.4074    22.3940    292.174    273.100  310.99431     93.948     87.826     0.1990     0.8461     4.0403     0.6156 3.9458e-01        181     0.1250  0.000e+00
