EcoFOCI/data/1_SampleCollection/2023_SikuliaqDBO_CruiseData/CTD_raw_BottleFile_SKQ23-12S/proc/skq202312s_058svp.cnv
* Sea-Bird SBE 9 Data File:
* FileName = D:\CTD\SKQ202312S\SKQ202312S_058.hex
* Software Version Seasave V 7.26.7.121
* Temperature SN = 6177
* Conductivity SN = 0369
* Number of Bytes Per Scan = 41
* Number of Voltage Words = 4
* Number of Scans Averaged by the Deck Unit = 1
* NMEA Latitude = 71 26.88 N
* NMEA Longitude = 164 54.84 W
* NMEA UTC (Time) = Sep 27 2023  11:36:42
* NMEA baud rate = 4800
** Ship: R/V Sikuliaq
** Station Number: 058
** Station Name: IC4
** Bottom Depth: 42
** Operator: SS
# nquan = 7
# nvalues = 5949                                  
# units = specified
# name 0 = depSM: Depth [salt water, m]
# name 1 = latitude: Latitude [deg]
# name 2 = longitude: Longitude [deg]
# name 3 = t090C: Temperature [ITS-90, deg C]
# name 4 = sal00: Salinity, Practical [PSU]
# name 5 = svCM: Sound Velocity [Chen-Millero, m/s]
# name 6 = flag:  0.000e+00
# span 0 =      2.346,     36.847                 
# span 1 =   71.44796,   71.44818                 
# span 2 = -164.91512, -164.91406                 
# span 3 =    -1.0936,     3.0468                 
# span 4 =    30.5526,    32.5356                 
# span 5 =    1441.19,    1457.42                 
# span 6 = 0.0000e+00, 0.0000e+00                 
# interval = seconds: 0.0416667
# start_time = Sep 27 2023 11:40:41 [NMEA time, first data scan]
# bad_flag = -9.990e-29
*END*
[from data line 1026]
      6.627   71.44802 -164.91432     2.7913    30.5611    1455.85  0.000e+00
      6.658   71.44802 -164.91432     2.7914    30.5607    1455.85  0.000e+00
      6.681   71.44802 -164.91432     2.7910    30.5612    1455.85  0.000e+00
      6.627   71.44802 -164.91432     2.7911    30.5612    1455.85  0.000e+00
      6.681   71.44802 -164.91432     2.7913    30.5612    1455.85  0.000e+00
      6.681   71.44802 -164.91432     2.7911    30.5612    1455.85  0.000e+00
      6.681   71.44802 -164.91432     2.7910    30.5613    1455.85  0.000e+00
      6.681   71.44802 -164.91432     2.7911    30.5611    1455.85  0.000e+00
      6.681   71.44802 -164.91432     2.7911    30.5615    1455.85  0.000e+00
      6.681   71.44802 -164.91432     2.7911    30.5611    1455.85  0.000e+00
      6.681   71.44802 -164.91432     2.7911    30.5611    1455.85  0.000e+00
      6.742   71.44802 -164.91432     2.7910    30.5611    1455.85  0.000e+00
      6.742   71.44802 -164.91432     2.7915    30.5606    1455.85  0.000e+00
      6.681   71.44802 -164.91432     2.7913    30.5611    1455.85  0.000e+00
      6.742   71.44802 -164.91432     2.7910    30.5613    1455.85  0.000e+00
      6.742   71.44802 -164.91432     2.7913    30.5610    1455.85  0.000e+00
      6.742   71.44802 -164.91432     2.7911    30.5609    1455.85  0.000e+00
      6.742   71.44802 -164.91432     2.7913    30.5609    1455.85  0.000e+00
      6.742   71.44802 -164.91432     2.7911    30.5609    1455.85  0.000e+00
      6.742   71.44802 -164.91432     2.7913    30.5611    1455.85  0.000e+00
      6.742   71.44802 -164.91432     2.7910    30.5611    1455.85  0.000e+00
      6.742   71.44802 -164.91432     2.7914    30.5608    1455.85  0.000e+00
      6.796   71.44802 -164.91432     2.7910    30.5612    1455.85  0.000e+00
      6.796   71.44802 -164.91432     2.7913    30.5607    1455.85  0.000e+00
      6.742   71.44802 -164.91432     2.7910    30.5610    1455.85  0.000e+00
      6.796   71.44802 -164.91432     2.7911    30.5610    1455.85  0.000e+00
      6.796   71.44802 -164.91432     2.7910    30.5608    1455.85  0.000e+00
      6.796   71.44802 -164.91432     2.7911    30.5608    1455.85  0.000e+00
      6.742   71.44802 -164.91432     2.7911    30.5610    1455.85  0.000e+00
      6.827   71.44802 -164.91432     2.7908    30.5612    1455.85  0.000e+00
      6.796   71.44802 -164.91432     2.7910    30.5612    1455.85  0.000e+00
      6.858   71.44802 -164.91432     2.7909    30.5605    1455.85  0.000e+00
      6.796   71.44802 -164.91432     2.7911    30.5608    1455.85  0.000e+00
      6.796   71.44802 -164.91432     2.7910    30.5610    1455.85  0.000e+00
      6.858   71.44802 -164.91432     2.7911    30.5608    1455.85  0.000e+00
      6.858   71.44802 -164.91432     2.7908    30.5610    1455.85  0.000e+00
      6.742   71.44802 -164.91432     2.7908    30.5609    1455.85  0.000e+00
      6.912   71.44802 -164.91432     2.7907    30.5613    1455.85  0.000e+00
      6.858   71.44802 -164.91432     2.7908    30.5612    1455.85  0.000e+00
      6.858   71.44802 -164.91432     2.7910    30.5607    1455.85  0.000e+00
      6.858   71.44802 -164.91432     2.7910    30.5609    1455.85  0.000e+00
      6.858   71.44802 -164.91432     2.7909    30.5612    1455.85  0.000e+00
      6.912   71.44802 -164.91432     2.7908    30.5615    1455.85  0.000e+00
      6.858   71.44802 -164.91432     2.7908    30.5614    1455.85  0.000e+00
      6.912   71.44802 -164.91432     2.7911    30.5612    1455.85  0.000e+00
      6.858   71.44802 -164.91432     2.7910    30.5612    1455.85  0.000e+00
      6.912   71.44802 -164.91432     2.7911    30.5612    1455.85  0.000e+00
      6.912   71.44802 -164.91432     2.7911    30.5611    1455.85  0.000e+00
      6.858   71.44802 -164.91432     2.7910    30.5613    1455.85  0.000e+00
      6.966   71.44802 -164.91432     2.7910    30.5612    1455.85  0.000e+00
      6.912   71.44802 -164.91432     2.7911    30.5610    1455.85  0.000e+00
      6.911   71.44802 -164.91432     2.7910    30.5611    1455.85  0.000e+00
      6.911   71.44802 -164.91432     2.7910    30.5614    1455.85  0.000e+00
      6.911   71.44802 -164.91432     2.7911    30.5613    1455.85  0.000e+00
      6.965   71.44802 -164.91432     2.7911    30.5613    1455.86  0.000e+00
      6.942   71.44802 -164.91432     2.7910    30.5616    1455.85  0.000e+00
      6.965   71.44802 -164.91432     2.7911    30.5615    1455.86  0.000e+00
      6.965   71.44802 -164.91432     2.7911    30.5611    1455.86  0.000e+00
      6.965   71.44802 -164.91432     2.7911    30.5612    1455.86  0.000e+00
      6.965   71.44802 -164.91434     2.7910    30.5612    1455.85  0.000e+00
      6.965   71.44802 -164.91434     2.7913    30.5610    1455.86  0.000e+00
      6.965   71.44802 -164.91434     2.7912    30.5612    1455.86  0.000e+00
      6.965   71.44802 -164.91434     2.7911    30.5610    1455.86  0.000e+00
      7.027   71.44802 -164.91434     2.7911    30.5612    1455.86  0.000e+00
      7.027   71.44802 -164.91434     2.7911    30.5612    1455.86  0.000e+00
      6.965   71.44802 -164.91434     2.7913    30.5613    1455.86  0.000e+00
      7.027   71.44802 -164.91434     2.7911    30.5619    1455.86  0.000e+00
      7.027   71.44802 -164.91434     2.7915    30.5617    1455.86  0.000e+00
      7.027   71.44802 -164.91434     2.7915    30.5615    1455.86  0.000e+00
      7.027   71.44802 -164.91434     2.7915    30.5617    1455.86  0.000e+00
      7.027   71.44802 -164.91434     2.7913    30.5615    1455.86  0.000e+00
      7.081   71.44802 -164.91434     2.7912    30.5612    1455.86  0.000e+00
      7.027   71.44802 -164.91434     2.7913    30.5615    1455.86  0.000e+00
      7.027   71.44802 -164.91434     2.7915    30.5614    1455.86  0.000e+00
      7.081   71.44802 -164.91434     2.7911    30.5615    1455.86  0.000e+00
      7.081   71.44802 -164.91434     2.7915    30.5614    1455.86  0.000e+00
      7.081   71.44802 -164.91434     2.7915    30.5614    1455.86  0.000e+00
      7.081   71.44802 -164.91434     2.7913    30.5616    1455.86  0.000e+00
      6.965   71.44802 -164.91434     2.7915    30.5613    1455.86  0.000e+00
      7.173   71.44802 -164.91434     2.7915    30.5609    1455.86  0.000e+00
      7.142   71.44802 -164.91434     2.7913    30.5610    1455.86  0.000e+00
      7.081   71.44802 -164.91434     2.7913    30.5611    1455.86  0.000e+00
      7.081   71.44802 -164.91434     2.7912    30.5612    1455.86  0.000e+00
      7.142   71.44802 -164.91434     2.7910    30.5613    1455.86  0.000e+00
      7.081   71.44802 -164.91434     2.7911    30.5612    1455.86  0.000e+00
      7.142   71.44802 -164.91434     2.7910    30.5612    1455.86  0.000e+00
      7.142   71.44802 -164.91434     2.7911    30.5613    1455.86  0.000e+00
      7.142   71.44802 -164.91434     2.7910    30.5614    1455.86  0.000e+00
      7.142   71.44802 -164.91434     2.7913    30.5612    1455.86  0.000e+00
      7.142   71.44802 -164.91434     2.7910    30.5612    1455.86  0.000e+00
      7.142   71.44802 -164.91434     2.7910    30.5611    1455.86  0.000e+00
      7.142   71.44802 -164.91434     2.7910    30.5611    1455.86  0.000e+00
      7.196   71.44802 -164.91434     2.7910    30.5612    1455.86  0.000e+00
      7.142   71.44802 -164.91434     2.7910    30.5607    1455.86  0.000e+00
      7.196   71.44802 -164.91434     2.7908    30.5610    1455.86  0.000e+00
      7.142   71.44802 -164.91434     2.7906    30.5611    1455.86  0.000e+00
      7.196   71.44802 -164.91434     2.7908    30.5609    1455.86  0.000e+00
      7.196   71.44802 -164.91434     2.7908    30.5611    1455.86  0.000e+00
      7.196   71.44802 -164.91434     2.7908    30.5611    1455.86  0.000e+00
      7.258   71.44802 -164.91434     2.7907    30.5611    1455.86  0.000e+00
      7.196   71.44802 -164.91434     2.7910    30.5608    1455.86  0.000e+00
      7.173   71.44802 -164.91434     2.7907    30.5611    1455.86  0.000e+00
      7.258   71.44802 -164.91434     2.7908    30.5609    1455.86  0.000e+00
      7.196   71.44802 -164.91434     2.7907    30.5611    1455.86  0.000e+00
      7.258   71.44802 -164.91434     2.7906    30.5609    1455.86  0.000e+00
      7.258   71.44802 -164.91434     2.7907    30.5611    1455.86  0.000e+00
      7.196   71.44802 -164.91434     2.7907    30.5607    1455.86  0.000e+00
      7.258   71.44802 -164.91434     2.7908    30.5608    1455.86  0.000e+00
      7.258   71.44802 -164.91434     2.7907    30.5608    1455.86  0.000e+00
      7.258   71.44802 -164.91434     2.7907    30.5611    1455.86  0.000e+00
      7.312   71.44802 -164.91434     2.7907    30.5608    1455.86  0.000e+00
      7.258   71.44802 -164.91434     2.7906    30.5612    1455.86  0.000e+00
      7.312   71.44802 -164.91434     2.7907    30.5611    1455.86  0.000e+00
      7.258   71.44802 -164.91434     2.7906    30.5605    1455.86  0.000e+00
      7.365   71.44802 -164.91434     2.7908    30.5606    1455.86  0.000e+00
      7.258   71.44802 -164.91434     2.7907    30.5611    1455.86  0.000e+00
      7.311   71.44802 -164.91434     2.7907    30.5612    1455.86  0.000e+00
      7.311   71.44802 -164.91434     2.7907    30.5611    1455.86  0.000e+00
      7.311   71.44802 -164.91434     2.7906    30.5607    1455.86  0.000e+00
      7.365   71.44802 -164.91434     2.7907    30.5609    1455.86  0.000e+00
      7.365   71.44802 -164.91434     2.7907    30.5610    1455.86  0.000e+00
      7.311   71.44802 -164.91434     2.7906    30.5611    1455.86  0.000e+00
      7.342   71.44802 -164.91434     2.7907    30.5611    1455.86  0.000e+00
      7.365   71.44802 -164.91434     2.7908    30.5607    1455.86  0.000e+00
      7.365   71.44802 -164.91434     2.7907    30.5605    1455.86  0.000e+00
      7.365   71.44802 -164.91434     2.7907    30.5611    1455.86  0.000e+00
      7.365   71.44802 -164.91434     2.7907    30.5611    1455.86  0.000e+00
      7.427   71.44802 -164.91434     2.7907    30.5607    1455.86  0.000e+00
      7.427   71.44802 -164.91434     2.7907    30.5609    1455.86  0.000e+00
      7.365   71.44802 -164.91434     2.7907    30.5608    1455.86  0.000e+00
      7.427   71.44802 -164.91434     2.7907    30.5611    1455.86  0.000e+00
      7.427   71.44802 -164.91436     2.7906    30.5613    1455.86  0.000e+00
      7.427   71.44802 -164.91436     2.7908    30.5607    1455.86  0.000e+00
      7.427   71.44802 -164.91436     2.7907    30.5609    1455.86  0.000e+00
      7.481   71.44802 -164.91436     2.7907    30.5608    1455.86  0.000e+00
      7.427   71.44802 -164.91436     2.7907    30.5609    1455.86  0.000e+00
      7.481   71.44802 -164.91436     2.7907    30.5610    1455.86  0.000e+00
      7.427   71.44802 -164.91436     2.7908    30.5606    1455.86  0.000e+00
      7.481   71.44802 -164.91436     2.7908    30.5607    1455.86  0.000e+00
      7.481   71.44802 -164.91436     2.7907    30.5613    1455.86  0.000e+00
      7.543   71.44802 -164.91436     2.7910    30.5607    1455.86  0.000e+00
      7.512   71.44802 -164.91436     2.7907    30.5609    1455.86  0.000e+00
      7.481   71.44802 -164.91436     2.7907    30.5610    1455.86  0.000e+00
      7.543   71.44802 -164.91436     2.7910    30.5606    1455.86  0.000e+00
      7.542   71.44802 -164.91436     2.7906    30.5612    1455.86  0.000e+00
      7.481   71.44802 -164.91436     2.7907    30.5612    1455.86  0.000e+00
      7.596   71.44802 -164.91436     2.7906    30.5608    1455.86  0.000e+00
      7.542   71.44802 -164.91436     2.7907    30.5608    1455.86  0.000e+00
      7.542   71.44802 -164.91436     2.7907    30.5607    1455.86  0.000e+00
      7.596   71.44802 -164.91436     2.7907    30.5608    1455.86  0.000e+00
      7.596   71.44802 -164.91436     2.7906    30.5608    1455.86  0.000e+00
      7.596   71.44802 -164.91436     2.7904    30.5611    1455.86  0.000e+00
      7.542   71.44802 -164.91436     2.7906    30.5610    1455.86  0.000e+00
      7.596   71.44802 -164.91436     2.7907    30.5607    1455.86  0.000e+00
      7.658   71.44802 -164.91436     2.7907    30.5608    1455.86  0.000e+00
      7.596   71.44802 -164.91436     2.7906    30.5612    1455.86  0.000e+00
      7.658   71.44802 -164.91436     2.7907    30.5611    1455.86  0.000e+00
      7.596   71.44802 -164.91436     2.7907    30.5613    1455.86  0.000e+00
      7.658   71.44802 -164.91436     2.7907    30.5609    1455.86  0.000e+00
      7.658   71.44802 -164.91436     2.7907    30.5608    1455.86  0.000e+00
      7.627   71.44802 -164.91436     2.7907    30.5610    1455.86  0.000e+00
      7.712   71.44802 -164.91436     2.7907    30.5610    1455.87  0.000e+00
      7.658   71.44802 -164.91436     2.7907    30.5609    1455.86  0.000e+00
      7.712   71.44802 -164.91436     2.7907    30.5610    1455.87  0.000e+00
      7.658   71.44802 -164.91436     2.7907    30.5607    1455.86  0.000e+00
      7.712   71.44802 -164.91436     2.7906    30.5610    1455.86  0.000e+00
      7.712   71.44802 -164.91436     2.7907    30.5613    1455.87  0.000e+00
      7.712   71.44802 -164.91436     2.7907    30.5610    1455.87  0.000e+00
      7.712   71.44802 -164.91436     2.7906    30.5609    1455.86  0.000e+00
      7.766   71.44802 -164.91436     2.7907    30.5610    1455.87  0.000e+00
      7.712   71.44802 -164.91436     2.7908    30.5609    1455.87  0.000e+00
      7.766   71.44802 -164.91436     2.7907    30.5607    1455.87  0.000e+00
      7.766   71.44802 -164.91436     2.7907    30.5609    1455.87  0.000e+00
      7.766   71.44802 -164.91436     2.7908    30.5611    1455.87  0.000e+00
      7.766   71.44802 -164.91436     2.7908    30.5614    1455.87  0.000e+00
      7.766   71.44802 -164.91436     2.7908    30.5614    1455.87  0.000e+00
      7.766   71.44802 -164.91436     2.7908    30.5610    1455.87  0.000e+00
      7.796   71.44802 -164.91436     2.7908    30.5609    1455.87  0.000e+00
      7.766   71.44802 -164.91436     2.7908    30.5607    1455.87  0.000e+00
      7.766   71.44802 -164.91436     2.7908    30.5608    1455.87  0.000e+00
      7.881   71.44802 -164.91436     2.7908    30.5610    1455.87  0.000e+00
      7.766   71.44802 -164.91436     2.7907    30.5610    1455.87  0.000e+00
      7.827   71.44802 -164.91436     2.7907    30.5612    1455.87  0.000e+00
      7.881   71.44802 -164.91436     2.7908    30.5608    1455.87  0.000e+00
      7.827   71.44802 -164.91436     2.7910    30.5611    1455.87  0.000e+00
      7.827   71.44802 -164.91436     2.7908    30.5610    1455.87  0.000e+00
      7.881   71.44802 -164.91436     2.7908    30.5608    1455.87  0.000e+00
      7.827   71.44802 -164.91436     2.7907    30.5610    1455.87  0.000e+00
      7.881   71.44802 -164.91436     2.7908    30.5604    1455.87  0.000e+00
      7.881   71.44802 -164.91436     2.7907    30.5608    1455.87  0.000e+00
      7.881   71.44802 -164.91436     2.7909    30.5610    1455.87  0.000e+00
      7.881   71.44802 -164.91436     2.7907    30.5615    1455.87  0.000e+00
      7.881   71.44802 -164.91436     2.7906    30.5618    1455.87  0.000e+00
      7.943   71.44802 -164.91436     2.7908    30.5610    1455.87  0.000e+00
      7.858   71.44802 -164.91436     2.7907    30.5612    1455.87  0.000e+00
      7.943   71.44802 -164.91436     2.7907    30.5611    1455.87  0.000e+00
      7.943   71.44802 -164.91436     2.7908    30.5606    1455.87  0.000e+00
      7.881   71.44802 -164.91436     2.7907    30.5607    1455.87  0.000e+00
      7.943   71.44802 -164.91436     2.7908    30.5609    1455.87  0.000e+00
      7.943   71.44802 -164.91436     2.7908    30.5608    1455.87  0.000e+00
      7.997   71.44802 -164.91436     2.7907    30.5609    1455.87  0.000e+00
      7.943   71.44802 -164.91436     2.7908    30.5608    1455.87  0.000e+00
      7.997   71.44802 -164.91436     2.7907    30.5611    1455.87  0.000e+00
      7.943   71.44802 -164.91438     2.7906    30.5609    1455.87  0.000e+00
