EcoFOCI/data/1_SampleCollection/2023_SikuliaqDBO_CruiseData/CTD_raw_BottleFile_SKQ23-12S/proc/skq202312s_031.cnv
* Sea-Bird SBE 9 Data File:
* FileName = D:\CTD\SKQ202312S\SKQ202312S_031.hex
* Software Version Seasave V 7.26.7.121
* Temperature SN = 6177
* Conductivity SN = 0369
* Number of Bytes Per Scan = 41
* Number of Voltage Words = 4
* Number of Scans Averaged by the Deck Unit = 1
* NMEA Latitude = 71 29.95 N
* NMEA Longitude = 157 40.36 W
* NMEA UTC (Time) = Sep 21 2023  09:49:17
* NMEA baud rate = 4800
** Ship: R/V Sikuliaq
** Station Number: 031
** Station Name: DBO5.7
** Bottom Depth: 81
** Operator: SS
# nquan = 24
# nvalues = 7970                                  
# units = specified
# name 0 = depSM: Depth [salt water, m]
# name 1 = latitude: Latitude [deg]
# name 2 = longitude: Longitude [deg]
# name 3 = prDM: Pressure, Digiquartz [db]
# name 4 = t090C: Temperature [ITS-90, deg C]
# name 5 = t190C: Temperature, 2 [ITS-90, deg C]
# name 6 = potemp090C: Potential Temperature [ITS-90, deg C]
# name 7 = sal00: Salinity, Practical [PSU]
# name 8 = sal11: Salinity, Practical, 2 [PSU]
# name 9 = density00: Density [density, kg/m^3]
# name 10 = sigma-é00: Density [sigma-theta, kg/m^3]
# name 11 = sbox0Mm/Kg: Oxygen, SBE 43 [umol/kg]
# name 12 = sbox1Mm/Kg: Oxygen, SBE 43, 2 [umol/kg]
# name 13 = oxsolMm/Kg: Oxygen Saturation, Garcia & Gordon [umol/kg]
# name 14 = sbeox0PS: Oxygen, SBE 43 [% saturation]
# name 15 = sbeox1PS: Oxygen, SBE 43, 2 [% saturation]
# name 16 = v0: Voltage 0
# name 17 = flECO-AFL: Fluorescence, WET Labs ECO-AFL/FL [mg/m^3]
# name 18 = v1: Voltage 1
# name 19 = CStarAt0: Beam Attenuation, WET Labs C-Star [1/m]
# name 20 = par: PAR/Irradiance, Biospherical/Licor
# name 21 = scan: Scan Count
# name 22 = timeM: Time, Elapsed [minutes]
# name 23 = flag:  0.000e+00
# span 0 =      2.872,     76.386                 
# span 1 =   71.49900,   71.49906                 
# span 2 = -157.67374, -157.67336                 
# span 3 =      2.901,     77.189                 
# span 4 =    -1.6844,     3.0301                 
# span 5 =    -1.6828,     3.0383                 
# span 6 =    -1.6855,     3.0294                 
# span 7 =    29.9724,    32.8984                 
# span 8 =    29.9816,    32.9084                 
# span 9 =  1023.9065,  1026.8396                 
# span 10 =    23.8808,    26.4687                
# span 11 =    253.027,    451.860                
# span 12 =    240.849,    429.158                
# span 13 =  334.23975,  370.21941                
# span 14 =     68.356,    128.194                
# span 15 =     65.077,    121.055                
# span 16 =     0.0745,     0.1746                
# span 17 =     0.0989,     0.6996                
# span 18 =     2.7094,     4.1685                
# span 19 =     0.4906,     2.2145                
# span 20 = 1.0000e-12, 5.4233e-01                
# span 21 =          1,       7970                
# span 22 =     0.0000,     5.5340                
# span 23 = 0.0000e+00, 0.0000e+00                
# interval = seconds: 0.0416667
# start_time = Sep 21 2023 09:54:09 [NMEA time, first data scan]
# bad_flag = -9.990e-29
*END*
[from data line 484]
      3.558   71.49906 -157.67340      3.595     2.8883     2.8890     2.8882    29.9871    29.9968  1023.9113    23.8944    342.074    326.686  335.99612    101.809     97.238     0.1538     0.5751     4.1197     0.5377 2.4251e-01        485     0.3361  0.000e+00
      3.612   71.49906 -157.67340      3.649     2.8885     2.8893     2.8883    29.9872    29.9964  1023.9116    23.8944    342.275    326.468  335.99473    101.869     97.173     0.1526     0.5678     4.1197     0.5377 2.4557e-01        486     0.3368  0.000e+00
      3.558   71.49906 -157.67340      3.595     2.8891     2.8895     2.8889    29.9865    29.9963  1023.9108    23.8938    342.062    326.425  335.99152    101.807     97.161     0.1538     0.5751     4.1197     0.5377 2.6126e-01        487     0.3375  0.000e+00
      3.612   71.49906 -157.67340      3.649     2.8892     2.8890     2.8891    29.9866    29.9967  1023.9111    23.8939    342.043    326.395  335.98974    101.802     97.151     0.1538     0.5751     4.1197     0.5377 2.6881e-01        488     0.3382  0.000e+00
      3.612   71.49906 -157.67340      3.649     2.8895     2.8881     2.8893    29.9864    29.9968  1023.9109    23.8937    342.024    326.371  335.98865    101.796     97.142     0.1526     0.5678     4.1197     0.5377 2.7209e-01        489     0.3389  0.000e+00
      3.612   71.49906 -157.67340      3.649     2.8891     2.8872     2.8889    29.9867    29.9972  1023.9112    23.8939    341.789    326.573  335.99100    101.726     97.200     0.1538     0.5751     4.1197     0.5377 3.1492e-01        490     0.3396  0.000e+00
      3.612   71.49906 -157.67340      3.649     2.8888     2.8862     2.8886    29.9866    29.9980  1023.9111    23.8939    341.965    326.381  335.99401    101.777     97.141     0.1526     0.5678     4.1197     0.5377 3.3871e-01        491     0.3403  0.000e+00
      3.674   71.49906 -157.67340      3.712     2.8888     2.8841     2.8886    29.9864    29.9991  1023.9113    23.8938    341.956    326.380  335.99438    101.774     97.136     0.1538     0.5751     4.1184     0.5389 3.4128e-01        492     0.3410  0.000e+00
      3.612   71.49906 -157.67340      3.649     2.8886     2.8822     2.8884    29.9870    30.0004  1023.9114    23.8942    341.943    326.176  335.99429    101.771     97.072     0.1526     0.5678     4.1184     0.5389 3.1492e-01        493     0.3417  0.000e+00
      3.728   71.49906 -157.67340      3.766     2.8885     2.8814     2.8883    29.9869    30.0011  1023.9120    23.8942    341.941    326.152  335.99527    101.769     97.064     0.1538     0.5751     4.1197     0.5377 2.9936e-01        494     0.3424  0.000e+00
      3.674   71.49906 -157.67340      3.712     2.8880     2.8809     2.8878    29.9870    30.0010  1023.9118    23.8943    341.935    326.323  335.99928    101.767     97.113     0.1538     0.5751     4.1197     0.5377 2.9702e-01        495     0.3431  0.000e+00
      3.728   71.49906 -157.67340      3.766     2.8877     2.8806     2.8875    29.9873    30.0014  1023.9123    23.8946    341.934    326.125  336.00108    101.766     97.054     0.1538     0.5751     4.1197     0.5377 2.7099e-01        496     0.3438  0.000e+00
      3.789   71.49906 -157.67340      3.828     2.8875     2.8802     2.8873    29.9873    30.0023  1023.9126    23.8945    341.934    326.308  336.00251    101.765     97.108     0.1538     0.5751     4.1184     0.5389 2.4865e-01        497     0.3444  0.000e+00
      3.728   71.49906 -157.67340      3.766     2.8869     2.8797     2.8867    29.9879    30.0024  1023.9128    23.8951    341.933    326.116  336.00639    101.764     97.050     0.1526     0.5678     4.1197     0.5377 2.4455e-01        498     0.3451  0.000e+00
      3.843   71.49906 -157.67340      3.883     2.8859     2.8792     2.8857    29.9885    30.0030  1023.9140    23.8957    342.167    326.111  336.01323    101.831     97.048     0.1538     0.5751     4.1184     0.5389 2.4969e-01        499     0.3458  0.000e+00
      3.789   71.49906 -157.67340      3.828     2.8853     2.8784     2.8851    29.9888    30.0031  1023.9140    23.8959    342.203    326.108  336.01697    101.841     97.045     0.1538     0.5751     4.1197     0.5377 2.5595e-01        500     0.3465  0.000e+00
      3.866   71.49906 -157.67340      3.906     2.8844     2.8772     2.8842    29.9896    30.0029  1023.9151    23.8966    342.026    326.120  336.02305    101.786     97.045     0.1538     0.5751     4.1197     0.5377 2.5701e-01        501     0.3472  0.000e+00
      3.897   71.49906 -157.67340      3.937     2.8839     2.8756     2.8837    29.9900    30.0049  1023.9156    23.8970    342.252    326.133  336.02566    101.853     97.047     0.1538     0.5751     4.1197     0.5377 2.4969e-01        502     0.3479  0.000e+00
      3.897   71.49906 -157.67340      3.937     2.8835     2.8744     2.8833    29.9901    30.0055  1023.9157    23.8971    342.071    326.149  336.02953    101.798     97.049     0.1526     0.5678     4.1197     0.5377 2.3647e-01        503     0.3486  0.000e+00
      3.897   71.49906 -157.67340      3.937     2.8831     2.8741     2.8829    29.9904    30.0053  1023.9160    23.8974    342.074    326.164  336.03136    101.798     97.053     0.1538     0.5751     4.1197     0.5377 2.3349e-01        504     0.3493  0.000e+00
      3.959   71.49906 -157.67340      4.000     2.8830     2.8746     2.8828    29.9905    30.0060  1023.9164    23.8975    342.081    326.177  336.03189    101.800     97.058     0.1538     0.5751     4.1197     0.5377 2.5385e-01        505     0.3500  0.000e+00
      4.013   71.49906 -157.67340      4.054     2.8830     2.8750     2.8828    29.9904    30.0054  1023.9165    23.8974    342.089    326.198  336.03277    101.802     97.065     0.1551     0.5824     4.1197     0.5377 3.1492e-01        506     0.3507  0.000e+00
      4.075   71.49906 -157.67340      4.117     2.8828     2.8759     2.8826    29.9906    30.0045  1023.9170    23.8976    342.098    326.221  336.03352    101.805     97.073     0.1563     0.5897     4.1197     0.5377 3.3742e-01        507     0.3514  0.000e+00
      4.075   71.49906 -157.67340      4.117     2.8823     2.8758     2.8821    29.9907    30.0052  1023.9171    23.8977    342.110    326.251  336.03720    101.807     97.083     0.1563     0.5897     4.1197     0.5377 3.3999e-01        508     0.3521  0.000e+00
      4.128   71.49906 -157.67340      4.171     2.8813     2.8748     2.8810    29.9912    30.0053  1023.9178    23.8981    342.131    326.273  336.04507    101.811     97.087     0.1563     0.5897     4.1197     0.5377 3.5706e-01        509     0.3528  0.000e+00
      4.128   71.49906 -157.67340      4.171     2.8789     2.8746     2.8787    29.9927    30.0055  1023.9192    23.8995    342.160    326.092  336.06109    101.815     97.033     0.1551     0.5824     4.1184     0.5389 3.6516e-01        510     0.3535  0.000e+00
      4.190   71.49906 -157.67340      4.233     2.8765     2.8738     2.8763    29.9941    30.0064  1023.9208    23.9008    341.973    326.097  336.07760    101.754     97.033     0.1563     0.5897     4.1184     0.5389 3.5307e-01        511     0.3542  0.000e+00
      4.190   71.49906 -157.67340      4.233     2.8743     2.8727     2.8741    29.9953    30.0067  1023.9219    23.9020    342.191    326.307  336.09253    101.815     97.093     0.1551     0.5824     4.1197     0.5377 2.6126e-01        512     0.3549  0.000e+00
      4.244   71.49906 -157.67340      4.288     2.8725     2.8715     2.8722    29.9964    30.0075  1023.9232    23.9030    342.226    326.171  336.10543    101.821     97.050     0.1563     0.5897     4.1184     0.5389 2.2277e-01        513     0.3556  0.000e+00
      4.298   71.49906 -157.67340      4.343     2.8717     2.8702     2.8714    29.9968    30.0087  1023.9239    23.9034    342.475    326.194  336.11121    101.893     97.055     0.1563     0.5897     4.1184     0.5389 2.2085e-01        514     0.3563  0.000e+00
      4.298   71.49906 -157.67340      4.342     2.8710     2.8697     2.8708    29.9975    30.0084  1023.9245    23.9040    342.273    326.192  336.11467    101.832     97.053     0.1563     0.5897     4.1197     0.5377 2.5595e-01        515     0.3569  0.000e+00
      4.360   71.49906 -157.67340      4.405     2.8720     2.8691     2.8718    29.9971    30.0088  1023.9243    23.9036    342.064    326.196  336.10778    101.772     97.053     0.1563     0.5897     4.1184     0.5389 2.7985e-01        516     0.3576  0.000e+00
      4.360   71.49906 -157.67340      4.405     2.8734     2.8691     2.8731    29.9965    30.0095  1023.9238    23.9030    342.259    326.218  336.09755    101.833     97.060     0.1551     0.5824     4.1184     0.5389 2.8210e-01        517     0.3583  0.000e+00
      4.360   71.49906 -157.67340      4.405     2.8750     2.8693     2.8748    29.9956    30.0085  1023.9229    23.9021    342.268    326.248  336.08643    101.839     97.068     0.1563     0.5897     4.1184     0.5389 2.9936e-01        518     0.3590  0.000e+00
      4.475   71.49906 -157.67340      4.522     2.8757     2.8695     2.8755    29.9952    30.0089  1023.9231    23.9017    342.291    326.283  336.08119    101.848     97.080     0.1551     0.5824     4.1197     0.5377 3.1370e-01        519     0.3597  0.000e+00
      4.414   71.49906 -157.67340      4.459     2.8764     2.8699     2.8761    29.9949    30.0087  1023.9225    23.9015    342.271    326.292  336.07656    101.843     97.083     0.1563     0.5897     4.1197     0.5377 3.1614e-01        520     0.3604  0.000e+00
      4.475   71.49906 -157.67340      4.522     2.8772     2.8700     2.8770    29.9939    30.0082  1023.9220    23.9006    342.293    326.114  336.07221    101.851     97.030     0.1563     0.5897     4.1184     0.5389 2.6340e-01        521     0.3611  0.000e+00
      4.529   71.49906 -157.67340      4.576     2.8770     2.8698     2.8768    29.9944    30.0089  1023.9226    23.9010    342.323    326.316  336.07236    101.860     97.090     0.1563     0.5897     4.1184     0.5389 2.1330e-01        522     0.3618  0.000e+00
      4.529   71.49906 -157.67340      4.576     2.8759     2.8702     2.8757    29.9950    30.0081  1023.9232    23.9016    342.360    326.341  336.08029    101.869     97.098     0.1563     0.5897     4.1184     0.5389 2.0320e-01        523     0.3625  0.000e+00
      4.529   71.49906 -157.67340      4.576     2.8751     2.8702     2.8749    29.9950    30.0081  1023.9232    23.9016    342.398    326.372  336.08708    101.878     97.107     0.1551     0.5824     4.1184     0.5389 2.1424e-01        524     0.3632  0.000e+00
      4.591   71.49906 -157.67340      4.639     2.8742     2.8703     2.8739    29.9956    30.0084  1023.9241    23.9022    342.402    326.582  336.09312    101.877     97.170     0.1563     0.5897     4.1184     0.5389 2.2760e-01        525     0.3639  0.000e+00
      4.591   71.49906 -157.67340      4.639     2.8737     2.8705     2.8735    29.9960    30.0083  1023.9245    23.9026    342.400    326.442  336.09602    101.876     97.129     0.1551     0.5824     4.1197     0.5377 2.3151e-01        526     0.3646  0.000e+00
      4.645   71.49906 -157.67340      4.693     2.8731     2.8705     2.8728    29.9964    30.0080  1023.9251    23.9029    342.402    326.461  336.10053    101.875     97.134     0.1563     0.5897     4.1184     0.5389 2.3948e-01        527     0.3653  0.000e+00
      4.645   71.49906 -157.67340      4.693     2.8726     2.8705     2.8724    29.9965    30.0082  1023.9252    23.9031    342.843    326.480  336.10380    102.005     97.140     0.1563     0.5897     4.1184     0.5389 2.5701e-01        528     0.3660  0.000e+00
      4.645   71.49906 -157.67340      4.693     2.8720     2.8707     2.8717    29.9973    30.0076  1023.9259    23.9037    342.503    326.502  336.10726    101.903     97.147     0.1551     0.5824     4.1197     0.5377 2.6233e-01        529     0.3667  0.000e+00
      4.699   71.49906 -157.67340      4.748     2.8717     2.8710     2.8714    29.9978    30.0079  1023.9266    23.9042    342.537    326.526  336.10857    101.913     97.155     0.1563     0.5897     4.1197     0.5377 2.6019e-01        530     0.3674  0.000e+00
      4.699   71.49906 -157.67340      4.748     2.8718     2.8711     2.8716    29.9973    30.0079  1023.9262    23.9038    342.531    326.354  336.10849    101.911     97.104     0.1551     0.5824     4.1184     0.5389 2.4969e-01        531     0.3681  0.000e+00
      4.699   71.49906 -157.67340      4.748     2.8720     2.8714     2.8717    29.9968    30.0072  1023.9258    23.9034    342.525    326.536  336.10841    101.909     97.158     0.1551     0.5824     4.1197     0.5377 2.4660e-01        532     0.3688  0.000e+00
      4.815   71.49906 -157.67340      4.864     2.8725     2.8715     2.8722    29.9967    30.0076  1023.9262    23.9032    342.520    326.572  336.10478    101.909     97.170     0.1563     0.5897     4.1184     0.5389 2.4455e-01        533     0.3694  0.000e+00
      4.761   71.49906 -157.67340      4.810     2.8731     2.8713     2.8728    29.9969    30.0078  1023.9260    23.9033    342.505    326.609  336.09930    101.906     97.180     0.1551     0.5824     4.1197     0.5377 2.2955e-01        534     0.3701  0.000e+00
      4.815   71.49906 -157.67340      4.864     2.8737     2.8711     2.8734    29.9966    30.0077  1023.9260    23.9031    342.533    326.629  336.09453    101.916     97.185     0.1551     0.5824     4.1197     0.5377 2.2277e-01        535     0.3708  0.000e+00
      4.784   71.49906 -157.67340      4.833     2.8743     2.8710     2.8741    29.9963    30.0083  1023.9256    23.9028    342.522    326.644  336.08994    101.914     97.190     0.1538     0.5751     4.1197     0.5377 2.2181e-01        536     0.3715  0.000e+00
      4.876   71.49906 -157.67340      4.927     2.8749     2.8714     2.8747    29.9958    30.0076  1023.9256    23.9023    342.517    326.665  336.08633    101.913     97.197     0.1551     0.5824     4.1184     0.5389 2.1424e-01        537     0.3722  0.000e+00
      4.876   71.49906 -157.67340      4.927     2.8750     2.8726     2.8747    29.9955    30.0065  1023.9253    23.9021    342.513    326.679  336.08660    101.912     97.203     0.1538     0.5751     4.1197     0.5377 2.0959e-01        538     0.3729  0.000e+00
      4.876   71.49906 -157.67340      4.927     2.8743     2.8736     2.8741    29.9957    30.0070  1023.9255    23.9023    341.811    326.715  336.09154    101.702     97.217     0.1551     0.5824     4.1184     0.5389 2.0867e-01        539     0.3736  0.000e+00
      4.876   71.49906 -157.67340      4.927     2.8739     2.8748     2.8736    29.9964    30.0053  1023.9261    23.9029    342.371    326.933  336.09384    101.868     97.283     0.1551     0.5824     4.1197     0.5377 1.7967e-01        540     0.3743  0.000e+00
      4.930   71.49906 -157.67340      4.981     2.8735     2.8746     2.8733    29.9964    30.0059  1023.9264    23.9029    342.375    326.986  336.09643    101.868     97.299     0.1551     0.5824     4.1197     0.5377 1.5943e-01        541     0.3750  0.000e+00
      4.930   71.49906 -157.67340      4.981     2.8728     2.8746     2.8725    29.9968    30.0060  1023.9268    23.9033    342.380    326.814  336.10182    101.868     97.248     0.1551     0.5824     4.1197     0.5377 1.5555e-01        542     0.3757  0.000e+00
      4.930   71.49906 -157.67340      4.981     2.8721     2.8739     2.8719    29.9971    30.0060  1023.9271    23.9036    342.162    326.825  336.10637    101.802     97.249     0.1538     0.5751     4.1197     0.5377 1.5478e-01        543     0.3764  0.000e+00
