EcoFOCI/data/1_SampleCollection/2023_SikuliaqDBO_CruiseData/CTD_raw_BottleFile_SKQ23-12S/proc/skq202312s_055.ros
* Sea-Bird SBE 9 Data File:
* FileName = D:\CTD\SKQ202312S\SKQ202312S_055.hex
* Software Version Seasave V 7.26.7.121
* Temperature SN = 6177
* Conductivity SN = 0369
* Number of Bytes Per Scan = 41
* Number of Voltage Words = 4
* Number of Scans Averaged by the Deck Unit = 1
* NMEA Latitude = 71 05.09 N
* NMEA Longitude = 163 48.16 W
* NMEA UTC (Time) = Sep 27 2023  03:55:23
* NMEA baud rate = 4800
** Ship: R/V Sikuliaq
** Station Number: 055
** Station Name: IC7
** Bottom Depth: 43
** Operator: SD
# nquan = 22
# nvalues = 784                                   
# units = specified
# name 0 = depSM: Depth [salt water, m]
# name 1 = latitude: Latitude [deg]
# name 2 = longitude: Longitude [deg]
# name 3 = prDM: Pressure, Digiquartz [db]
# name 4 = t090C: Temperature [ITS-90, deg C]
# name 5 = t190C: Temperature, 2 [ITS-90, deg C]
# name 6 = potemp090C: Potential Temperature [ITS-90, deg C]
# name 7 = sal00: Salinity, Practical [PSU]
# name 8 = sal11: Salinity, Practical, 2 [PSU]
# name 9 = density00: Density [density, kg/m^3]
# name 10 = sigma-é00: Density [sigma-theta, kg/m^3]
# name 11 = sbox0Mm/Kg: Oxygen, SBE 43 [umol/kg]
# name 12 = sbox1Mm/Kg: Oxygen, SBE 43, 2 [umol/kg]
# name 13 = oxsolMm/Kg: Oxygen Saturation, Garcia & Gordon [umol/kg]
# name 14 = sbeox0PS: Oxygen, SBE 43 [% saturation]
# name 15 = v0: Voltage 0
# name 16 = flECO-AFL: Fluorescence, WET Labs ECO-AFL/FL [mg/m^3]
# name 17 = CStarAt0: Beam Attenuation, WET Labs C-Star [1/m]
# name 18 = par: PAR/Irradiance, Biospherical/Licor
# name 19 = scan: Scan Count
# name 20 = nbf: Bottles Fired
# name 21 = flag:  0.000e+00
# interval = seconds: 0.0416667
# start_time = Sep 27 2023 03:58:52 [NMEA time, first data scan]
# bad_flag = -9.990e-29
*END*
[from data line 527]
     10.221   71.08482 -163.80274     10.327     3.7636     3.7676     3.7630    30.8772    30.8880  1024.5782    24.5298    315.205    298.899  326.60568     96.509     0.1441     0.5165     0.5070 2.7090e+00      18260         11  0.000e+00
     10.314   71.08482 -163.80274     10.420     3.7639     3.7674     3.7633    30.8787    30.8884  1024.5799    24.5310    315.390    298.873  326.59943     96.568     0.1441     0.5165     0.5058 2.7011e+00      18261         11  0.000e+00
     10.283   71.08482 -163.80274     10.389     3.7647     3.7674     3.7641    30.8777    30.8883  1024.5789    24.5302    315.533    298.841  326.59548     96.613     0.1441     0.5165     0.5058 2.7011e+00      18262         11  0.000e+00
     10.283   71.08482 -163.80274     10.389     3.7648     3.7674     3.7642    30.8774    30.8888  1024.5786    24.5299    315.349    298.809  326.59505     96.556     0.1429     0.5091     0.5058 2.7011e+00      18263         11  0.000e+00
     10.283   71.08482 -163.80274     10.389     3.7648     3.7676     3.7642    30.8776    30.8891  1024.5788    24.5301    315.273    298.777  326.59439     96.534     0.1441     0.5165     0.5058 2.6931e+00      18264         11  0.000e+00
     10.283   71.08482 -163.80274     10.389     3.7652     3.7676     3.7645    30.8780    30.8891  1024.5790    24.5303    315.293    298.746  326.59098     96.541     0.1441     0.5165     0.5058 2.7011e+00      18265         11  0.000e+00
     10.283   71.08482 -163.80274     10.389     3.7653     3.7670     3.7647    30.8772    30.8896  1024.5784    24.5297    315.316    298.720  326.59170     96.547     0.1441     0.5165     0.5058 2.7011e+00      18266         11  0.000e+00
     10.283   71.08482 -163.80274     10.389     3.7644     3.7660     3.7637    30.8768    30.8894  1024.5782    24.5294    315.346    298.720  326.60032     96.554     0.1453     0.5238     0.5058 2.7011e+00      18267         11  0.000e+00
     10.283   71.08482 -163.80274     10.389     3.7642     3.7660     3.7636    30.8764    30.8898  1024.5779    24.5291    315.368    298.712  326.60255     96.560     0.1429     0.5091     0.5058 2.6931e+00      18268         11  0.000e+00
     10.283   71.08482 -163.80274     10.389     3.7645     3.7668     3.7639    30.8758    30.8893  1024.5774    24.5287    315.350    298.700  326.60142     96.555     0.1441     0.5165     0.5058 2.6931e+00      18269         11  0.000e+00
     10.314   71.08482 -163.80274     10.421     3.7644     3.7666     3.7637    30.8751    30.8892  1024.5770    24.5281    315.369    298.697  326.60445     96.560     0.1441     0.5165     0.5058 2.7090e+00      18270         11  0.000e+00
     10.283   71.08482 -163.80274     10.389     3.7645     3.7671     3.7639    30.8745    30.8892  1024.5763    24.5276    315.347    298.496  326.60475     96.553     0.1441     0.5165     0.5058 2.7170e+00      18271         11  0.000e+00
     10.285   71.08482 -163.80274     10.391     3.7987     3.7730     3.7981    30.8712    30.8910  1024.5706    24.5219    314.527    298.813  326.33986     96.380     0.1453     0.5238     0.5047 2.7011e+00      18411         12  0.000e+00
     10.339   71.08482 -163.80274     10.445     3.7891     3.7734     3.7885    30.8669    30.8891  1024.5683    24.5193    314.649    298.847  326.42725     96.392     0.1441     0.5165     0.5047 2.7011e+00      18412         12  0.000e+00
     10.339   71.08482 -163.80274     10.445     3.7806     3.7727     3.7800    30.8672    30.8892  1024.5693    24.5203    314.750    298.882  326.49436     96.403     0.1465     0.5311     0.5047 2.7011e+00      18413         12  0.000e+00
     10.285   71.08482 -163.80274     10.391     3.7792     3.7712     3.7786    30.8753    30.8903  1024.5756    24.5269    314.736    298.921  326.48580     96.401     0.1441     0.5165     0.5047 2.6931e+00      18414         12  0.000e+00
     10.339   71.08482 -163.80274     10.445     3.7863     3.7690     3.7856    30.8847    30.8913  1024.5827    24.5338    314.683    298.969  326.40600     96.408     0.1453     0.5238     0.5047 2.6852e+00      18415         12  0.000e+00
     10.339   71.08482 -163.80274     10.445     3.7943     3.7680     3.7937    30.8912    30.8915  1024.5871    24.5382    314.593    299.007  326.32562     96.405     0.1441     0.5165     0.5047 2.6774e+00      18416         12  0.000e+00
     10.285   71.08482 -163.80274     10.391     3.8011     3.7685     3.8005    30.8931    30.8913  1024.5878    24.5391    314.523    299.032  326.26693     96.401     0.1453     0.5238     0.5047 2.6774e+00      18417         12  0.000e+00
     10.339   71.08482 -163.80274     10.445     3.8077     3.7698     3.8071    30.8946    30.8903  1024.5886    24.5397    314.460    299.034  326.21063     96.398     0.1465     0.5311     0.5047 2.6774e+00      18418         12  0.000e+00
     10.339   71.08482 -163.80274     10.445     3.8142     3.7712     3.8136    30.8946    30.8896  1024.5880    24.5391    314.613    299.054  326.15876     96.460     0.1453     0.5238     0.5047 2.6774e+00      18419         12  0.000e+00
     10.254   71.08482 -163.80274     10.360     3.8182     3.7730     3.8176    30.8898    30.8896  1024.5835    24.5349    314.401    299.065  326.13897     96.401     0.1465     0.5311     0.5047 2.6774e+00      18420         12  0.000e+00
     10.339   71.08482 -163.80274     10.445     3.8168     3.7737     3.8161    30.8847    30.8902  1024.5800    24.5310    314.423    299.091  326.16289     96.401     0.1453     0.5238     0.5047 2.6774e+00      18421         12  0.000e+00
     10.339   71.08482 -163.80274     10.445     3.8103     3.7738     3.8096    30.8834    30.8927  1024.5794    24.5305    314.477    299.114  326.21808     96.401     0.1453     0.5238     0.5047 2.6774e+00      18422         12  0.000e+00
     10.285   71.08482 -163.80274     10.391     3.8037     3.7757     3.8030    30.8870    30.8959  1024.5827    24.5340    313.878    299.096  326.26184     96.204     0.1453     0.5238     0.5047 2.6774e+00      18423         12  0.000e+00
     10.339   71.08482 -163.80274     10.445     3.8010     3.7778     3.8003    30.8912    30.8999  1024.5865    24.5376    314.468    299.101  326.27293     96.382     0.1453     0.5238     0.5047 2.6695e+00      18424         12  0.000e+00
     10.285   71.08482 -163.80274     10.391     3.8011     3.7782     3.8005    30.8936    30.9025  1024.5882    24.5395    314.459    299.118  326.26570     96.381     0.1453     0.5238     0.5047 2.6695e+00      18425         12  0.000e+00
     10.339   71.08482 -163.80274     10.445     3.8033     3.7761     3.8027    30.8927    30.9052  1024.5875    24.5386    314.444    299.161  326.25020     96.381     0.1453     0.5238     0.5047 2.6774e+00      18426         12  0.000e+00
     10.339   71.08482 -163.80274     10.445     3.8048     3.7778     3.8041    30.8897    30.9053  1024.5850    24.5360    314.225    299.153  326.24623     96.315     0.1441     0.5165     0.5047 2.6617e+00      18427         12  0.000e+00
     10.285   71.08482 -163.80274     10.391     3.8044     3.7849     3.8038    30.8880    30.9004  1024.5834    24.5347    314.446    299.109  326.25299     96.381     0.1453     0.5238     0.5047 2.6617e+00      18428         12  0.000e+00
     10.370   71.08482 -163.80274     10.477     3.8054     3.7936     3.8048    30.8874    30.8949  1024.5833    24.5342    314.445    299.058  326.24678     96.383     0.1465     0.5311     0.5047 2.6617e+00      18429         12  0.000e+00
     10.285   71.08482 -163.80274     10.391     3.8054     3.8025     3.8048    30.8857    30.8884  1024.5815    24.5328    314.448    299.000  326.25114     96.382     0.1477     0.5384     0.5047 2.6695e+00      18430         12  0.000e+00
     10.285   71.08482 -163.80274     10.391     3.8033     3.8055     3.8027    30.8810    30.8856  1024.5780    24.5293    314.480    298.985  326.27902     96.384     0.1490     0.5458     0.5047 2.6695e+00      18431         12  0.000e+00
     10.339   71.08482 -163.80274     10.445     3.8003     3.7997     3.7997    30.8772    30.8895  1024.5755    24.5265    314.555    299.027  326.31244     96.397     0.1477     0.5384     0.5047 2.6617e+00      18432         12  0.000e+00
     10.285   71.08482 -163.80274     10.391     3.7964     3.7931     3.7957    30.8798    30.8928  1024.5776    24.5289    314.585    299.072  326.33761     96.399     0.1490     0.5458     0.5070 2.6617e+00      18433         12  0.000e+00
     10.339   71.08482 -163.80274     10.446     3.7952     3.7903     3.7946    30.8826    30.8925  1024.5802    24.5313    314.595    299.098  326.33956     96.401     0.1477     0.5384     0.5070 2.6617e+00      18434         12  0.000e+00
     10.339   71.08482 -163.80274     10.446     3.7954     3.7892     3.7947    30.8841    30.8905  1024.5814    24.5324    314.594    299.110  326.33507     96.402     0.1477     0.5384     0.5070 2.6539e+00      18435         12  0.000e+00
     10.223   71.08482 -163.80274     10.329     3.7960     3.7862     3.7954    30.8857    30.8904  1024.5820    24.5336    314.584    299.129  326.32572     96.402     0.1465     0.5311     0.5070 2.6539e+00      18436         12  0.000e+00
     10.339   71.08482 -163.80274     10.446     3.7967     3.7813     3.7960    30.8856    30.8927  1024.5825    24.5335    314.374    299.358  326.32077     96.339     0.1477     0.5384     0.5070 2.6539e+00      18437         12  0.000e+00
     10.316   71.08482 -163.80274     10.422     3.7973     3.7767     3.7967    30.8854    30.8953  1024.5822    24.5333    314.554    299.214  326.31621     96.395     0.1465     0.5311     0.5070 2.6539e+00      18438         12  0.000e+00
     10.285   71.08482 -163.80274     10.391     3.7991     3.7734     3.7984    30.8848    30.8964  1024.5813    24.5326    314.544    299.401  326.30395     96.396     0.1477     0.5384     0.5070 2.6617e+00      18439         12  0.000e+00
     10.285   71.08482 -163.80274     10.391     3.8003     3.7718     3.7997    30.8826    30.8957  1024.5795    24.5308    314.544    299.215  326.29916     96.397     0.1477     0.5384     0.5070 2.6617e+00      18440         12  0.000e+00
     10.339   71.08482 -163.80274     10.446     3.7991     3.7715     3.7984    30.8790    30.8939  1024.5771    24.5281    314.571    299.214  326.31799     96.400     0.1477     0.5384     0.5070 2.6617e+00      18441         12  0.000e+00
     10.285   71.08482 -163.80274     10.391     3.7940     3.7715     3.7934    30.8773    30.8923  1024.5759    24.5272    314.836    299.205  326.36233     96.468     0.1490     0.5458     0.5070 2.6695e+00      18442         12  0.000e+00
     10.285   71.08482 -163.80274     10.391     3.7863     3.7721     3.7856    30.8795    30.8903  1024.5783    24.5296    314.722    299.000  326.41896     96.417     0.1477     0.5384     0.5070 2.6774e+00      18443         12  0.000e+00
     10.285   71.08482 -163.80274     10.391     3.7828     3.7754     3.7822    30.8822    30.8875  1024.5808    24.5321    314.963    298.946  326.43960     96.484     0.1490     0.5458     0.5070 2.6774e+00      18444         12  0.000e+00
     10.285   71.08482 -163.80274     10.391     3.7836     3.7807     3.7830    30.8860    30.8847  1024.5837    24.5350    314.770    299.068  326.42409     96.430     0.1477     0.5384     0.5070 2.6774e+00      18445         12  0.000e+00
     10.285   71.08482 -163.80274     10.391     3.7850     3.7839     3.7844    30.8891    30.8839  1024.5861    24.5374    314.753    299.032  326.40529     96.430     0.1490     0.5458     0.5082 2.6774e+00      18446         12  0.000e+00
     10.316   71.08482 -163.80274     10.422     3.7867     3.7818     3.7861    30.8909    30.8858  1024.5875    24.5387    314.738    299.032  326.38692     96.431     0.1477     0.5384     0.5070 2.6774e+00      18447         12  0.000e+00
     10.285   71.08482 -163.80274     10.391     3.7891     3.7787     3.7885    30.8916    30.8878  1024.5877    24.5390    314.717    299.037  326.36641     96.431     0.1477     0.5384     0.5070 2.6774e+00      18448         12  0.000e+00
     10.285   71.08482 -163.80274     10.391     3.7913     3.7770     3.7907    30.8918    30.8880  1024.5876    24.5389    314.700    299.035  326.34817     96.431     0.1477     0.5384     0.5070 2.6852e+00      18449         12  0.000e+00
     10.285   71.08482 -163.80274     10.391     3.7942     3.7767     3.7936    30.8900    30.8876  1024.5860    24.5373    314.896    299.023  326.32968     96.496     0.1477     0.5384     0.5070 2.6852e+00      18450         12  0.000e+00
     10.285   71.08482 -163.80274     10.391     3.7979     3.7757     3.7973    30.8821    30.8880  1024.5794    24.5306    314.703    299.012  326.31924     96.440     0.1465     0.5311     0.5070 2.6852e+00      18451         12  0.000e+00
     10.223   71.08482 -163.80274     10.329     3.7976     3.7751     3.7970    30.8752    30.8882  1024.5736    24.5252    314.721    298.997  326.33873     96.440     0.1477     0.5384     0.5070 2.6931e+00      18452         12  0.000e+00
     10.285   71.08482 -163.80274     10.391     3.7910     3.7738     3.7904    30.8773    30.8889  1024.5762    24.5275    314.777    298.989  326.38629     96.443     0.1465     0.5311     0.5070 2.7011e+00      18453         12  0.000e+00
     10.285   71.08482 -163.80274     10.391     3.7833     3.7732     3.7827    30.8841    30.8893  1024.5822    24.5335    314.830    298.974  326.43121     96.446     0.1477     0.5384     0.5070 2.7011e+00      18454         12  0.000e+00
     10.223   71.08482 -163.80274     10.329     3.7811     3.7737     3.7805    30.8889    30.8891  1024.5860    24.5376    315.050    298.947  326.43702     96.512     0.1490     0.5458     0.5070 2.7090e+00      18455         12  0.000e+00
     10.285   71.08482 -163.80274     10.391     3.7839     3.7741     3.7833    30.8914    30.8887  1024.5880    24.5393    314.842    298.925  326.40822     96.456     0.1477     0.5384     0.5070 2.7170e+00      18456         12  0.000e+00
     10.254   71.08482 -163.80274     10.360     3.7874     3.7735     3.7867    30.8906    30.8896  1024.5869    24.5383    314.812    298.927  326.38269     96.455     0.1477     0.5384     0.5058 2.7170e+00      18457         12  0.000e+00
     10.285   71.08482 -163.80274     10.391     3.7890     3.7740     3.7883    30.8874    30.8892  1024.5843    24.5356    315.021    298.926  326.37806     96.520     0.1477     0.5384     0.5070 2.7249e+00      18458         12  0.000e+00
     10.224   71.08482 -163.80274     10.329     3.7888     3.7744     3.7882    30.8840    30.8890  1024.5814    24.5330    314.846    298.920  326.38753     96.464     0.1477     0.5384     0.5058 2.7249e+00      18459         12  0.000e+00
     10.287   71.08482 -163.80274     10.393     3.7755     3.7702     3.7749    30.8795    30.8813  1024.5793    24.5306    314.957    298.418  326.50452     96.463     0.1465     0.5311     0.5094 2.7329e+00      18572         13  0.000e+00
     10.287   71.08482 -163.80274     10.393     3.7740     3.7709     3.7734    30.8779    30.8819  1024.5782    24.5295    314.995    298.230  326.52060     96.470     0.1477     0.5384     0.5094 2.7329e+00      18573         13  0.000e+00
     10.287   71.08482 -163.80274     10.393     3.7719     3.7710     3.7713    30.8779    30.8829  1024.5784    24.5297    315.034    298.216  326.53711     96.477     0.1465     0.5311     0.5117 2.7249e+00      18574         13  0.000e+00
     10.287   71.08482 -163.80274     10.393     3.7702     3.7718     3.7696    30.8790    30.8834  1024.5794    24.5306    315.033    298.201  326.54850     96.473     0.1477     0.5384     0.5129 2.7170e+00      18575         13  0.000e+00
