EcoFOCI/data/1_SampleCollection/2023_SikuliaqDBO_CruiseData/CTD_raw_BottleFile_SKQ23-12S/proc/skq202312s_015svp.cnv
* Sea-Bird SBE 9 Data File:
* FileName = D:\CTD\SKQ202312S\SKQ202312S_015.hex
* Software Version Seasave V 7.26.7.121
* Temperature SN = 6177
* Conductivity SN = 0369
* Number of Bytes Per Scan = 41
* Number of Voltage Words = 4
* Number of Scans Averaged by the Deck Unit = 1
* NMEA Latitude = 64 40.48 N
* NMEA Longitude = 169 28.25 W
* NMEA UTC (Time) = Sep 17 2023  12:08:54
* NMEA baud rate = 4800
** Ship: R/V Sikuliaq
** Station Number: 015
** Station Name: DBO2.1A
** Bottom Depth: 44
** Operator: Bern
# nquan = 7
# nvalues = 3941                                  
# units = specified
# name 0 = depSM: Depth [salt water, m]
# name 1 = latitude: Latitude [deg]
# name 2 = longitude: Longitude [deg]
# name 3 = t090C: Temperature [ITS-90, deg C]
# name 4 = sal00: Salinity, Practical [PSU]
# name 5 = svCM: Sound Velocity [Chen-Millero, m/s]
# name 6 = flag:  0.000e+00
# span 0 =      1.660,     39.630                 
# span 1 =   64.67388,   64.67418                 
# span 2 = -169.47154, -169.47120                 
# span 3 =     1.9563,     2.5748                 
# span 4 =    31.9284,    32.7519                 
# span 5 =    1454.33,    1457.60                 
# span 6 = 0.0000e+00, 0.0000e+00                 
# interval = seconds: 0.0416667
# start_time = Sep 17 2023 12:12:19 [NMEA time, first data scan]
# bad_flag = -9.990e-29
*END*
[from data line 411]
      3.378   64.67412 -169.47126     2.2885    31.9652    1455.44  0.000e+00
      3.378   64.67412 -169.47126     2.2890    31.9667    1455.44  0.000e+00
      3.378   64.67412 -169.47126     2.2924    31.9676    1455.46  0.000e+00
      3.378   64.67412 -169.47126     2.2981    31.9662    1455.48  0.000e+00
      3.378   64.67412 -169.47126     2.3026    31.9605    1455.49  0.000e+00
      3.378   64.67412 -169.47126     2.2997    31.9592    1455.48  0.000e+00
      3.378   64.67412 -169.47126     2.2973    31.9610    1455.47  0.000e+00
      3.324   64.67412 -169.47126     2.2987    31.9632    1455.48  0.000e+00
      3.378   64.67412 -169.47126     2.3019    31.9640    1455.49  0.000e+00
      3.324   64.67412 -169.47126     2.3032    31.9628    1455.50  0.000e+00
      3.324   64.67412 -169.47126     2.3015    31.9634    1455.49  0.000e+00
      3.324   64.67412 -169.47126     2.3036    31.9634    1455.50  0.000e+00
      3.263   64.67412 -169.47126     2.3072    31.9635    1455.51  0.000e+00
      3.263   64.67412 -169.47126     2.3128    31.9646    1455.54  0.000e+00
      3.262   64.67412 -169.47126     2.3146    31.9637    1455.55  0.000e+00
      3.262   64.67412 -169.47126     2.3141    31.9615    1455.54  0.000e+00
      3.208   64.67412 -169.47126     2.3116    31.9575    1455.52  0.000e+00
      3.147   64.67412 -169.47126     2.3152    31.9646    1455.55  0.000e+00
      3.147   64.67412 -169.47126     2.3392    31.9710    1455.66  0.000e+00
      3.093   64.67412 -169.47126     2.3615    31.9735    1455.76  0.000e+00
      3.093   64.67412 -169.47126     2.3758    31.9712    1455.82  0.000e+00
      3.039   64.67412 -169.47126     2.3812    31.9662    1455.84  0.000e+00
      2.977   64.67412 -169.47126     2.3812    31.9580    1455.82  0.000e+00
      2.977   64.67412 -169.47126     2.3793    31.9580    1455.82  0.000e+00
      2.923   64.67412 -169.47126     2.3849    31.9590    1455.84  0.000e+00
      2.923   64.67412 -169.47126     2.3840    31.9599    1455.84  0.000e+00
      2.923   64.67412 -169.47126     2.3694    31.9530    1455.77  0.000e+00
      2.807   64.67412 -169.47126     2.3370    31.9508    1455.62  0.000e+00
      2.807   64.67412 -169.47128     2.3136    31.9525    1455.52  0.000e+00
      2.807   64.67412 -169.47128     2.3012    31.9539    1455.47  0.000e+00
      2.753   64.67412 -169.47128     2.2901    31.9554    1455.42  0.000e+00
      2.692   64.67412 -169.47128     2.2810    31.9572    1455.38  0.000e+00
      2.691   64.67412 -169.47128     2.2706    31.9595    1455.34  0.000e+00
      2.576   64.67412 -169.47128     2.2616    31.9617    1455.30  0.000e+00
      2.691   64.67412 -169.47128     2.2560    31.9639    1455.28  0.000e+00
      2.576   64.67412 -169.47128     2.2551    31.9665    1455.28  0.000e+00
      2.576   64.67412 -169.47128     2.2574    31.9673    1455.29  0.000e+00
      2.522   64.67412 -169.47128     2.2585    31.9675    1455.29  0.000e+00
      2.522   64.67412 -169.47128     2.2592    31.9665    1455.29  0.000e+00
      2.460   64.67412 -169.47128     2.2586    31.9658    1455.29  0.000e+00
      2.460   64.67412 -169.47128     2.2574    31.9645    1455.28  0.000e+00
      2.406   64.67412 -169.47128     2.2553    31.9642    1455.27  0.000e+00
      2.406   64.67412 -169.47128     2.2532    31.9647    1455.26  0.000e+00
      2.352   64.67412 -169.47128     2.2520    31.9652    1455.26  0.000e+00
      2.352   64.67412 -169.47128     2.2514    31.9651    1455.26  0.000e+00
      2.290   64.67412 -169.47128     2.2515    31.9654    1455.26  0.000e+00
      2.367   64.67412 -169.47128     2.2523    31.9654    1455.26  0.000e+00
      2.290   64.67412 -169.47128     2.2528    31.9660    1455.26  0.000e+00
      2.290   64.67412 -169.47128     2.2531    31.9660    1455.26  0.000e+00
      2.236   64.67412 -169.47128     2.2542    31.9657    1455.27  0.000e+00
      2.290   64.67412 -169.47128     2.2548    31.9665    1455.27  0.000e+00
      2.236   64.67412 -169.47128     2.2570    31.9657    1455.28  0.000e+00
      2.236   64.67412 -169.47128     2.2586    31.9647    1455.28  0.000e+00
      2.236   64.67412 -169.47128     2.2589    31.9642    1455.29  0.000e+00
      2.174   64.67412 -169.47128     2.2593    31.9634    1455.28  0.000e+00
      2.290   64.67412 -169.47128     2.2586    31.9634    1455.28  0.000e+00
      2.174   64.67412 -169.47128     2.2576    31.9634    1455.28  0.000e+00
      2.236   64.67412 -169.47128     2.2568    31.9633    1455.28  0.000e+00
      2.290   64.67412 -169.47128     2.2568    31.9637    1455.28  0.000e+00
      2.236   64.67412 -169.47128     2.2567    31.9643    1455.28  0.000e+00
      2.290   64.67412 -169.47128     2.2562    31.9650    1455.28  0.000e+00
      2.290   64.67412 -169.47128     2.2560    31.9651    1455.27  0.000e+00
      2.352   64.67412 -169.47128     2.2564    31.9654    1455.28  0.000e+00
      2.290   64.67412 -169.47128     2.2562    31.9649    1455.28  0.000e+00
      2.352   64.67412 -169.47128     2.2553    31.9648    1455.27  0.000e+00
      2.406   64.67412 -169.47128     2.2550    31.9649    1455.27  0.000e+00
      2.406   64.67412 -169.47128     2.2567    31.9656    1455.28  0.000e+00
      2.406   64.67412 -169.47128     2.2604    31.9664    1455.30  0.000e+00
      2.460   64.67412 -169.47128     2.2624    31.9668    1455.31  0.000e+00
      2.460   64.67412 -169.47128     2.2625    31.9661    1455.31  0.000e+00
      2.521   64.67412 -169.47128     2.2659    31.9662    1455.32  0.000e+00
      2.521   64.67412 -169.47128     2.2727    31.9671    1455.35  0.000e+00
      2.575   64.67412 -169.47128     2.2795    31.9667    1455.38  0.000e+00
      2.637   64.67412 -169.47128     2.2846    31.9647    1455.41  0.000e+00
      2.637   64.67412 -169.47128     2.2853    31.9636    1455.41  0.000e+00
      2.637   64.67412 -169.47128     2.2853    31.9631    1455.41  0.000e+00
      2.753   64.67412 -169.47128     2.2852    31.9619    1455.41  0.000e+00
      2.768   64.67412 -169.47128     2.2834    31.9622    1455.40  0.000e+00
      2.753   64.67412 -169.47128     2.2825    31.9628    1455.40  0.000e+00
      2.807   64.67412 -169.47128     2.2831    31.9628    1455.40  0.000e+00
      2.861   64.67412 -169.47128     2.2823    31.9623    1455.40  0.000e+00
      2.922   64.67412 -169.47128     2.2819    31.9620    1455.39  0.000e+00
      2.922   64.67412 -169.47128     2.2800    31.9566    1455.38  0.000e+00
      2.976   64.67412 -169.47128     2.2622    31.9561    1455.30  0.000e+00
      2.976   64.67412 -169.47128     2.2550    31.9608    1455.28  0.000e+00
      3.038   64.67412 -169.47128     2.2554    31.9614    1455.28  0.000e+00
      3.146   64.67412 -169.47128     2.2521    31.9658    1455.27  0.000e+00
      3.092   64.67412 -169.47128     2.2598    31.9661    1455.31  0.000e+00
      3.208   64.67412 -169.47128     2.2661    31.9667    1455.34  0.000e+00
      3.208   64.67412 -169.47128     2.2709    31.9648    1455.35  0.000e+00
      3.262   64.67412 -169.47128     2.2698    31.9634    1455.35  0.000e+00
      3.262   64.67412 -169.47128     2.2626    31.9597    1455.31  0.000e+00
      3.377   64.67412 -169.47128     2.2481    31.9623    1455.25  0.000e+00
      3.377   64.67412 -169.47128     2.2451    31.9618    1455.24  0.000e+00
      3.377   64.67412 -169.47128     2.2410    31.9623    1455.22  0.000e+00
      3.439   64.67412 -169.47128     2.2372    31.9630    1455.21  0.000e+00
      3.493   64.67412 -169.47128     2.2389    31.9654    1455.22  0.000e+00
      3.493   64.67412 -169.47128     2.2459    31.9671    1455.25  0.000e+00
      3.547   64.67412 -169.47128     2.2562    31.9675    1455.30  0.000e+00
      3.547   64.67412 -169.47128     2.2607    31.9624    1455.31  0.000e+00
      3.547   64.67412 -169.47128     2.2453    31.9611    1455.24  0.000e+00
      3.609   64.67412 -169.47128     2.2382    31.9598    1455.21  0.000e+00
      3.663   64.67412 -169.47128     2.2338    31.9617    1455.20  0.000e+00
      3.663   64.67412 -169.47128     2.2318    31.9637    1455.19  0.000e+00
      3.724   64.67412 -169.47128     2.2328    31.9638    1455.20  0.000e+00
      3.724   64.67412 -169.47128     2.2300    31.9590    1455.18  0.000e+00
      3.778   64.67412 -169.47128     2.2127    31.9533    1455.09  0.000e+00
      3.778   64.67412 -169.47128     2.1894    31.9508    1454.99  0.000e+00
      3.778   64.67412 -169.47128     2.1736    31.9558    1454.93  0.000e+00
      3.840   64.67412 -169.47128     2.1701    31.9601    1454.92  0.000e+00
      3.840   64.67412 -169.47128     2.1635    31.9601    1454.89  0.000e+00
      3.894   64.67412 -169.47128     2.1487    31.9581    1454.82  0.000e+00
      3.840   64.67412 -169.47128     2.1347    31.9571    1454.76  0.000e+00
      3.948   64.67412 -169.47128     2.1273    31.9592    1454.73  0.000e+00
      3.894   64.67412 -169.47128     2.1224    31.9608    1454.71  0.000e+00
      3.894   64.67412 -169.47128     2.1131    31.9586    1454.67  0.000e+00
      3.948   64.67412 -169.47128     2.0989    31.9581    1454.60  0.000e+00
      3.948   64.67412 -169.47128     2.0860    31.9612    1454.55  0.000e+00
      3.948   64.67412 -169.47128     2.0815    31.9653    1454.54  0.000e+00
      4.010   64.67412 -169.47128     2.0815    31.9671    1454.54  0.000e+00
      4.009   64.67412 -169.47128     2.0791    31.9669    1454.53  0.000e+00
      3.948   64.67412 -169.47128     2.0762    31.9654    1454.51  0.000e+00
      4.063   64.67412 -169.47128     2.0718    31.9664    1454.50  0.000e+00
      4.009   64.67412 -169.47128     2.0678    31.9677    1454.48  0.000e+00
      4.009   64.67412 -169.47128     2.0658    31.9677    1454.47  0.000e+00
      4.009   64.67412 -169.47128     2.0649    31.9682    1454.47  0.000e+00
      4.009   64.67412 -169.47128     2.0649    31.9690    1454.47  0.000e+00
      4.063   64.67412 -169.47128     2.0657    31.9695    1454.47  0.000e+00
      4.009   64.67412 -169.47128     2.0658    31.9720    1454.48  0.000e+00
      4.009   64.67412 -169.47128     2.0659    31.9728    1454.48  0.000e+00
      4.009   64.67412 -169.47128     2.0657    31.9731    1454.48  0.000e+00
      4.009   64.67412 -169.47128     2.0687    31.9829    1454.50  0.000e+00
      4.009   64.67412 -169.47128     2.0950    31.9842    1454.62  0.000e+00
      3.948   64.67412 -169.47128     2.1263    31.9768    1454.75  0.000e+00
      4.009   64.67412 -169.47128     2.1517    31.9699    1454.85  0.000e+00
      4.009   64.67412 -169.47128     2.1711    31.9668    1454.93  0.000e+00
      3.894   64.67412 -169.47128     2.1883    31.9675    1455.01  0.000e+00
      4.009   64.67412 -169.47128     2.2027    31.9647    1455.07  0.000e+00
      3.948   64.67412 -169.47128     2.2132    31.9624    1455.11  0.000e+00
      3.948   64.67412 -169.47128     2.2214    31.9633    1455.15  0.000e+00
      3.894   64.67412 -169.47128     2.2266    31.9643    1455.17  0.000e+00
      3.948   64.67412 -169.47128     2.2338    31.9627    1455.20  0.000e+00
      3.894   64.67412 -169.47128     2.2282    31.9616    1455.17  0.000e+00
      3.894   64.67412 -169.47128     2.2202    31.9612    1455.14  0.000e+00
      3.894   64.67412 -169.47128     2.2223    31.9593    1455.15  0.000e+00
      3.894   64.67412 -169.47128     2.2161    31.9478    1455.10  0.000e+00
      3.840   64.67412 -169.47128     2.1767    31.9382    1454.92  0.000e+00
      3.840   64.67412 -169.47128     2.1334    31.9397    1454.73  0.000e+00
      3.839   64.67412 -169.47128     2.1055    31.9470    1454.62  0.000e+00
      3.839   64.67412 -169.47128     2.0906    31.9543    1454.56  0.000e+00
      3.839   64.67412 -169.47128     2.0819    31.9626    1454.53  0.000e+00
      3.778   64.67412 -169.47128     2.0915    31.9748    1454.59  0.000e+00
      3.778   64.67412 -169.47128     2.1203    31.9765    1454.72  0.000e+00
      3.778   64.67412 -169.47128     2.1289    31.9672    1454.74  0.000e+00
      3.724   64.67412 -169.47128     2.1124    31.9634    1454.67  0.000e+00
      3.724   64.67412 -169.47128     2.1054    31.9654    1454.64  0.000e+00
      3.724   64.67412 -169.47128     2.1136    31.9698    1454.68  0.000e+00
      3.662   64.67412 -169.47128     2.1258    31.9700    1454.73  0.000e+00
      3.724   64.67412 -169.47128     2.1294    31.9680    1454.75  0.000e+00
      3.608   64.67412 -169.47128     2.1289    31.9692    1454.74  0.000e+00
      3.662   64.67412 -169.47128     2.1362    31.9716    1454.78  0.000e+00
      3.608   64.67412 -169.47128     2.1423    31.9702    1454.80  0.000e+00
      3.608   64.67412 -169.47128     2.1362    31.9637    1454.77  0.000e+00
      3.608   64.67412 -169.47128     2.1247    31.9591    1454.71  0.000e+00
      3.546   64.67412 -169.47128     2.1200    31.9585    1454.69  0.000e+00
      3.546   64.67412 -169.47128     2.1235    31.9616    1454.71  0.000e+00
      3.546   64.67412 -169.47128     2.1297    31.9676    1454.74  0.000e+00
      3.546   64.67412 -169.47128     2.1412    31.9731    1454.80  0.000e+00
      3.438   64.67412 -169.47128     2.1561    31.9756    1454.87  0.000e+00
      3.492   64.67412 -169.47128     2.1683    31.9719    1454.92  0.000e+00
      3.492   64.67412 -169.47128     2.1758    31.9726    1454.95  0.000e+00
      3.438   64.67412 -169.47128     2.1948    31.9666    1455.03  0.000e+00
      3.438   64.67410 -169.47128     2.1955    31.9644    1455.03  0.000e+00
      3.438   64.67410 -169.47128     2.2013    31.9645    1455.05  0.000e+00
      3.438   64.67410 -169.47128     2.2104    31.9659    1455.09  0.000e+00
      3.376   64.67410 -169.47128     2.2147    31.9660    1455.11  0.000e+00
      3.376   64.67410 -169.47128     2.2175    31.9649    1455.12  0.000e+00
      3.376   64.67410 -169.47128     2.2249    31.9660    1455.16  0.000e+00
      3.438   64.67410 -169.47128     2.2412    31.9649    1455.23  0.000e+00
      3.376   64.67410 -169.47128     2.2477    31.9636    1455.25  0.000e+00
      3.376   64.67410 -169.47128     2.2470    31.9626    1455.25  0.000e+00
      3.376   64.67410 -169.47128     2.2506    31.9615    1455.26  0.000e+00
      3.376   64.67410 -169.47128     2.2543    31.9597    1455.28  0.000e+00
      3.376   64.67410 -169.47128     2.2496    31.9589    1455.26  0.000e+00
      3.376   64.67410 -169.47128     2.2407    31.9603    1455.22  0.000e+00
      3.322   64.67410 -169.47128     2.2380    31.9592    1455.21  0.000e+00
      3.438   64.67410 -169.47128     2.2363    31.9598    1455.20  0.000e+00
      3.376   64.67410 -169.47128     2.2341    31.9583    1455.19  0.000e+00
      3.376   64.67410 -169.47128     2.2192    31.9588    1455.12  0.000e+00
      3.376   64.67410 -169.47128     2.2108    31.9626    1455.09  0.000e+00
      3.376   64.67410 -169.47128     2.2139    31.9643    1455.11  0.000e+00
      3.438   64.67410 -169.47128     2.2125    31.9639    1455.10  0.000e+00
      3.376   64.67410 -169.47128     2.2104    31.9630    1455.09  0.000e+00
      3.438   64.67410 -169.47128     2.2178    31.9648    1455.13  0.000e+00
      3.492   64.67410 -169.47128     2.2296    31.9639    1455.18  0.000e+00
      3.438   64.67410 -169.47128     2.2289    31.9631    1455.17  0.000e+00
      3.492   64.67410 -169.47128     2.2249    31.9616    1455.15  0.000e+00
      3.492   64.67410 -169.47130     2.2224    31.9622    1455.14  0.000e+00
      3.546   64.67410 -169.47130     2.2210    31.9663    1455.14  0.000e+00
      3.546   64.67410 -169.47130     2.2266    31.9657    1455.17  0.000e+00
      3.546   64.67410 -169.47130     2.2249    31.9602    1455.15  0.000e+00
      3.607   64.67410 -169.47130     2.2104    31.9559    1455.08  0.000e+00
      3.607   64.67410 -169.47130     2.1892    31.9543    1454.99  0.000e+00
      3.607   64.67410 -169.47130     2.1679    31.9534    1454.89  0.000e+00
