EcoFOCI/data/1_SampleCollection/2023_SikuliaqDBO_CruiseData/CTD_raw_BottleFile_SKQ23-12S/proc/skq202312s_042svp.cnv
* Sea-Bird SBE 9 Data File:
* FileName = D:\CTD\SKQ202312S\SKQ202312S_042.hex
* Software Version Seasave V 7.26.7.121
* Temperature SN = 6177
* Conductivity SN = 0369
* Number of Bytes Per Scan = 41
* Number of Voltage Words = 4
* Number of Scans Averaged by the Deck Unit = 1
* NMEA Latitude = 71 27.22 N
* NMEA Longitude = 161 02.26 W
* NMEA UTC (Time) = Sep 24 2023  04:51:21
* NMEA baud rate = 4800
** Ship: R/V Sikuliaq
** Station Number: 042
** Station Name: DBO4.3n
** Bottom Depth: 47
** Operator: SD
# nquan = 7
# nvalues = 5011                                  
# units = specified
# name 0 = depSM: Depth [salt water, m]
# name 1 = latitude: Latitude [deg]
# name 2 = longitude: Longitude [deg]
# name 3 = t090C: Temperature [ITS-90, deg C]
# name 4 = sal00: Salinity, Practical [PSU]
# name 5 = svCM: Sound Velocity [Chen-Millero, m/s]
# name 6 = flag:  0.000e+00
# span 0 =      2.349,     41.855                 
# span 1 =   71.45354,   71.45358                 
# span 2 = -161.03786, -161.03778                 
# span 3 =    -1.6139,     2.1756                 
# span 4 =    27.2189,    32.6070                 
# span 5 =    1438.84,    1449.16                 
# span 6 = 0.0000e+00, 0.0000e+00                 
# interval = seconds: 0.0416667
# start_time = Sep 24 2023 04:55:17 [NMEA time, first data scan]
# bad_flag = -9.990e-29
*END*
[from data line 3283]
     37.163   71.45356 -161.03782    -1.5870    32.5827    1439.04  0.000e+00
     37.224   71.45356 -161.03782    -1.5863    32.5814    1439.04  0.000e+00
     37.217   71.45356 -161.03782    -1.5861    32.5815    1439.04  0.000e+00
     37.224   71.45356 -161.03782    -1.5858    32.5811    1439.04  0.000e+00
     37.224   71.45356 -161.03782    -1.5854    32.5807    1439.04  0.000e+00
     37.278   71.45356 -161.03782    -1.5846    32.5795    1439.05  0.000e+00
     37.271   71.45356 -161.03782    -1.5840    32.5787    1439.05  0.000e+00
     37.224   71.45356 -161.03782    -1.5841    32.5787    1439.05  0.000e+00
     37.340   71.45356 -161.03782    -1.5854    32.5794    1439.04  0.000e+00
     37.278   71.45356 -161.03782    -1.5878    32.5814    1439.03  0.000e+00
     37.332   71.45356 -161.03782    -1.5901    32.5834    1439.03  0.000e+00
     37.340   71.45356 -161.03782    -1.5919    32.5850    1439.02  0.000e+00
     37.340   71.45356 -161.03782    -1.5939    32.5865    1439.01  0.000e+00
     37.340   71.45356 -161.03782    -1.5962    32.5884    1439.00  0.000e+00
     37.386   71.45356 -161.03782    -1.5981    32.5901    1439.00  0.000e+00
     37.394   71.45356 -161.03782    -1.6000    32.5918    1438.99  0.000e+00
     37.394   71.45356 -161.03782    -1.6011    32.5928    1438.99  0.000e+00
     37.394   71.45356 -161.03782    -1.6021    32.5943    1438.99  0.000e+00
     37.394   71.45356 -161.03782    -1.6026    32.5946    1438.98  0.000e+00
     37.440   71.45356 -161.03782    -1.6029    32.5948    1438.98  0.000e+00
     37.448   71.45356 -161.03782    -1.6038    32.5955    1438.98  0.000e+00
     37.448   71.45356 -161.03782    -1.6043    32.5963    1438.98  0.000e+00
     37.448   71.45356 -161.03782    -1.6047    32.5968    1438.98  0.000e+00
     37.440   71.45356 -161.03782    -1.6054    32.5977    1438.97  0.000e+00
     37.510   71.45356 -161.03782    -1.6055    32.5981    1438.98  0.000e+00
     37.510   71.45356 -161.03782    -1.6055    32.5978    1438.98  0.000e+00
     37.510   71.45356 -161.03782    -1.6058    32.5982    1438.97  0.000e+00
     37.556   71.45356 -161.03782    -1.6058    32.5980    1438.97  0.000e+00
     37.510   71.45356 -161.03782    -1.6065    32.5984    1438.97  0.000e+00
     37.564   71.45356 -161.03782    -1.6071    32.5990    1438.97  0.000e+00
     37.564   71.45356 -161.03782    -1.6076    32.5993    1438.97  0.000e+00
     37.564   71.45356 -161.03782    -1.6087    32.6004    1438.96  0.000e+00
     37.618   71.45356 -161.03782    -1.6095    32.6008    1438.96  0.000e+00
     37.564   71.45356 -161.03782    -1.6101    32.6014    1438.96  0.000e+00
     37.625   71.45356 -161.03782    -1.6106    32.6020    1438.96  0.000e+00
     37.625   71.45356 -161.03782    -1.6106    32.6021    1438.96  0.000e+00
     37.617   71.45356 -161.03782    -1.6107    32.6019    1438.96  0.000e+00
     37.625   71.45356 -161.03782    -1.6104    32.6016    1438.96  0.000e+00
     37.625   71.45356 -161.03782    -1.6109    32.6015    1438.96  0.000e+00
     37.679   71.45356 -161.03782    -1.6107    32.6012    1438.96  0.000e+00
     37.617   71.45356 -161.03782    -1.6111    32.6021    1438.96  0.000e+00
     37.679   71.45356 -161.03782    -1.6113    32.6021    1438.96  0.000e+00
     37.679   71.45356 -161.03782    -1.6115    32.6025    1438.96  0.000e+00
     37.741   71.45356 -161.03782    -1.6120    32.6028    1438.96  0.000e+00
     37.679   71.45356 -161.03782    -1.6122    32.6033    1438.95  0.000e+00
     37.787   71.45356 -161.03782    -1.6124    32.6032    1438.95  0.000e+00
     37.741   71.45356 -161.03782    -1.6125    32.6034    1438.95  0.000e+00
     37.741   71.45356 -161.03782    -1.6125    32.6034    1438.95  0.000e+00
     37.741   71.45356 -161.03782    -1.6128    32.6034    1438.95  0.000e+00
     37.787   71.45356 -161.03782    -1.6128    32.6036    1438.95  0.000e+00
     37.741   71.45356 -161.03782    -1.6132    32.6038    1438.95  0.000e+00
     37.795   71.45356 -161.03782    -1.6128    32.6032    1438.95  0.000e+00
     37.741   71.45356 -161.03782    -1.6132    32.6037    1438.95  0.000e+00
     37.795   71.45356 -161.03782    -1.6130    32.6037    1438.95  0.000e+00
     37.787   71.45356 -161.03782    -1.6127    32.6036    1438.95  0.000e+00
     37.795   71.45356 -161.03782    -1.6125    32.6029    1438.95  0.000e+00
     37.795   71.45356 -161.03782    -1.6127    32.6032    1438.95  0.000e+00
     37.849   71.45356 -161.03782    -1.6127    32.6031    1438.95  0.000e+00
     37.787   71.45356 -161.03782    -1.6127    32.6030    1438.95  0.000e+00
     37.849   71.45356 -161.03782    -1.6125    32.6029    1438.95  0.000e+00
     37.849   71.45356 -161.03782    -1.6127    32.6030    1438.95  0.000e+00
     37.849   71.45356 -161.03782    -1.6128    32.6033    1438.95  0.000e+00
     37.903   71.45356 -161.03782    -1.6130    32.6034    1438.95  0.000e+00
     37.849   71.45356 -161.03782    -1.6132    32.6039    1438.95  0.000e+00
     37.910   71.45356 -161.03782    -1.6132    32.6037    1438.95  0.000e+00
     37.910   71.45356 -161.03782    -1.6133    32.6038    1438.95  0.000e+00
     37.910   71.45356 -161.03782    -1.6130    32.6036    1438.95  0.000e+00
     37.903   71.45356 -161.03782    -1.6133    32.6039    1438.95  0.000e+00
     37.910   71.45356 -161.03782    -1.6132    32.6043    1438.95  0.000e+00
     37.910   71.45356 -161.03782    -1.6133    32.6042    1438.95  0.000e+00
     37.910   71.45356 -161.03782    -1.6135    32.6040    1438.95  0.000e+00
     37.957   71.45356 -161.03782    -1.6135    32.6044    1438.95  0.000e+00
     37.910   71.45356 -161.03782    -1.6133    32.6037    1438.95  0.000e+00
     37.964   71.45356 -161.03782    -1.6136    32.6047    1438.95  0.000e+00
     37.910   71.45356 -161.03782    -1.6133    32.6042    1438.95  0.000e+00
     37.964   71.45356 -161.03782    -1.6135    32.6046    1438.95  0.000e+00
     38.018   71.45356 -161.03782    -1.6135    32.6046    1438.95  0.000e+00
     37.964   71.45356 -161.03782    -1.6132    32.6040    1438.95  0.000e+00
     38.026   71.45356 -161.03782    -1.6133    32.6043    1438.96  0.000e+00
     38.026   71.45356 -161.03782    -1.6133    32.6041    1438.96  0.000e+00
     38.072   71.45356 -161.03782    -1.6133    32.6041    1438.96  0.000e+00
     38.026   71.45356 -161.03782    -1.6135    32.6045    1438.95  0.000e+00
     38.026   71.45356 -161.03782    -1.6133    32.6046    1438.96  0.000e+00
     38.080   71.45356 -161.03782    -1.6135    32.6043    1438.96  0.000e+00
     38.026   71.45356 -161.03782    -1.6133    32.6044    1438.96  0.000e+00
     38.072   71.45356 -161.03782    -1.6135    32.6045    1438.96  0.000e+00
     38.080   71.45356 -161.03782    -1.6135    32.6045    1438.96  0.000e+00
     38.080   71.45356 -161.03782    -1.6136    32.6047    1438.96  0.000e+00
     38.080   71.45356 -161.03782    -1.6135    32.6047    1438.96  0.000e+00
     38.134   71.45356 -161.03782    -1.6135    32.6046    1438.96  0.000e+00
     38.080   71.45356 -161.03782    -1.6135    32.6045    1438.96  0.000e+00
     38.080   71.45356 -161.03782    -1.6137    32.6050    1438.96  0.000e+00
     38.196   71.45356 -161.03782    -1.6135    32.6045    1438.96  0.000e+00
     38.142   71.45356 -161.03782    -1.6136    32.6048    1438.96  0.000e+00
     38.188   71.45356 -161.03782    -1.6135    32.6047    1438.96  0.000e+00
     38.196   71.45356 -161.03782    -1.6136    32.6049    1438.96  0.000e+00
     38.196   71.45356 -161.03782    -1.6136    32.6047    1438.96  0.000e+00
     38.250   71.45356 -161.03782    -1.6135    32.6041    1438.96  0.000e+00
     38.196   71.45356 -161.03782    -1.6135    32.6040    1438.96  0.000e+00
     38.242   71.45356 -161.03782    -1.6135    32.6047    1438.96  0.000e+00
     38.250   71.45356 -161.03782    -1.6133    32.6046    1438.96  0.000e+00
     38.250   71.45356 -161.03782    -1.6136    32.6049    1438.96  0.000e+00
     38.250   71.45356 -161.03782    -1.6135    32.6046    1438.96  0.000e+00
     38.304   71.45356 -161.03782    -1.6135    32.6046    1438.96  0.000e+00
     38.250   71.45356 -161.03782    -1.6136    32.6049    1438.96  0.000e+00
     38.311   71.45356 -161.03782    -1.6135    32.6047    1438.96  0.000e+00
     38.311   71.45356 -161.03782    -1.6136    32.6049    1438.96  0.000e+00
     38.365   71.45356 -161.03782    -1.6135    32.6048    1438.96  0.000e+00
     38.358   71.45356 -161.03782    -1.6135    32.6047    1438.96  0.000e+00
     38.365   71.45356 -161.03782    -1.6135    32.6046    1438.96  0.000e+00
     38.427   71.45356 -161.03782    -1.6135    32.6048    1438.96  0.000e+00
     38.365   71.45356 -161.03782    -1.6135    32.6050    1438.96  0.000e+00
     38.427   71.45356 -161.03782    -1.6133    32.6049    1438.96  0.000e+00
     38.473   71.45356 -161.03782    -1.6135    32.6051    1438.96  0.000e+00
     38.427   71.45356 -161.03782    -1.6136    32.6056    1438.96  0.000e+00
     38.481   71.45356 -161.03782    -1.6132    32.6051    1438.96  0.000e+00
     38.427   71.45356 -161.03782    -1.6135    32.6053    1438.96  0.000e+00
     38.535   71.45356 -161.03782    -1.6135    32.6053    1438.96  0.000e+00
     38.481   71.45356 -161.03782    -1.6136    32.6058    1438.96  0.000e+00
     38.535   71.45356 -161.03782    -1.6135    32.6052    1438.96  0.000e+00
     38.535   71.45356 -161.03782    -1.6133    32.6055    1438.97  0.000e+00
     38.535   71.45356 -161.03782    -1.6135    32.6059    1438.97  0.000e+00
     38.589   71.45356 -161.03782    -1.6135    32.6055    1438.97  0.000e+00
     38.535   71.45356 -161.03782    -1.6133    32.6047    1438.96  0.000e+00
     38.597   71.45356 -161.03782    -1.6133    32.6054    1438.97  0.000e+00
     38.651   71.45356 -161.03782    -1.6135    32.6056    1438.97  0.000e+00
     38.597   71.45356 -161.03782    -1.6135    32.6056    1438.97  0.000e+00
     38.705   71.45356 -161.03782    -1.6133    32.6051    1438.97  0.000e+00
     38.651   71.45356 -161.03782    -1.6135    32.6053    1438.97  0.000e+00
     38.712   71.45356 -161.03782    -1.6133    32.6048    1438.97  0.000e+00
     38.712   71.45356 -161.03782    -1.6134    32.6053    1438.97  0.000e+00
     38.712   71.45356 -161.03782    -1.6133    32.6054    1438.97  0.000e+00
     38.759   71.45356 -161.03782    -1.6135    32.6055    1438.97  0.000e+00
     38.766   71.45356 -161.03782    -1.6133    32.6047    1438.97  0.000e+00
     38.828   71.45356 -161.03782    -1.6135    32.6052    1438.97  0.000e+00
     38.766   71.45356 -161.03782    -1.6133    32.6053    1438.97  0.000e+00
     38.828   71.45356 -161.03782    -1.6133    32.6051    1438.97  0.000e+00
     38.874   71.45356 -161.03782    -1.6133    32.6054    1438.97  0.000e+00
     38.828   71.45356 -161.03782    -1.6133    32.6053    1438.97  0.000e+00
     38.882   71.45356 -161.03782    -1.6135    32.6059    1438.97  0.000e+00
     38.882   71.45356 -161.03782    -1.6135    32.6058    1438.97  0.000e+00
     38.936   71.45356 -161.03782    -1.6135    32.6055    1438.97  0.000e+00
     38.936   71.45356 -161.03782    -1.6133    32.6054    1438.97  0.000e+00
     38.936   71.45356 -161.03782    -1.6133    32.6055    1438.97  0.000e+00
     38.998   71.45356 -161.03782    -1.6133    32.6053    1438.97  0.000e+00
     38.998   71.45356 -161.03782    -1.6135    32.6054    1438.97  0.000e+00
     39.052   71.45356 -161.03782    -1.6132    32.6052    1438.97  0.000e+00
     39.052   71.45356 -161.03782    -1.6135    32.6058    1438.97  0.000e+00
     39.052   71.45356 -161.03782    -1.6135    32.6055    1438.97  0.000e+00
     39.113   71.45356 -161.03782    -1.6133    32.6055    1438.97  0.000e+00
     39.113   71.45356 -161.03782    -1.6135    32.6056    1438.97  0.000e+00
     39.106   71.45356 -161.03782    -1.6133    32.6055    1438.97  0.000e+00
     39.113   71.45356 -161.03782    -1.6133    32.6054    1438.97  0.000e+00
     39.167   71.45356 -161.03782    -1.6133    32.6056    1438.98  0.000e+00
     39.167   71.45356 -161.03782    -1.6135    32.6056    1438.97  0.000e+00
     39.167   71.45356 -161.03782    -1.6132    32.6050    1438.98  0.000e+00
     39.229   71.45356 -161.03782    -1.6133    32.6054    1438.98  0.000e+00
     39.275   71.45356 -161.03782    -1.6133    32.6053    1438.98  0.000e+00
     39.229   71.45356 -161.03782    -1.6135    32.6055    1438.98  0.000e+00
     39.283   71.45356 -161.03782    -1.6133    32.6051    1438.98  0.000e+00
     39.337   71.45356 -161.03782    -1.6133    32.6051    1438.98  0.000e+00
     39.283   71.45356 -161.03782    -1.6135    32.6053    1438.98  0.000e+00
     39.337   71.45356 -161.03782    -1.6133    32.6047    1438.98  0.000e+00
     39.399   71.45356 -161.03782    -1.6133    32.6051    1438.98  0.000e+00
     39.399   71.45356 -161.03782    -1.6132    32.6048    1438.98  0.000e+00
     39.399   71.45356 -161.03782    -1.6136    32.6053    1438.98  0.000e+00
     39.399   71.45356 -161.03782    -1.6133    32.6050    1438.98  0.000e+00
     39.453   71.45356 -161.03782    -1.6133    32.6056    1438.98  0.000e+00
     39.453   71.45356 -161.03782    -1.6132    32.6054    1438.98  0.000e+00
     39.453   71.45356 -161.03782    -1.6135    32.6058    1438.98  0.000e+00
     39.453   71.45356 -161.03782    -1.6135    32.6057    1438.98  0.000e+00
     39.514   71.45356 -161.03782    -1.6135    32.6054    1438.98  0.000e+00
     39.561   71.45356 -161.03782    -1.6133    32.6053    1438.98  0.000e+00
     39.514   71.45356 -161.03782    -1.6133    32.6054    1438.98  0.000e+00
     39.568   71.45356 -161.03782    -1.6135    32.6051    1438.98  0.000e+00
     39.568   71.45356 -161.03782    -1.6133    32.6052    1438.98  0.000e+00
     39.630   71.45356 -161.03782    -1.6133    32.6051    1438.98  0.000e+00
     39.622   71.45356 -161.03782    -1.6135    32.6050    1438.98  0.000e+00
     39.630   71.45356 -161.03782    -1.6133    32.6050    1438.98  0.000e+00
     39.684   71.45356 -161.03782    -1.6133    32.6050    1438.98  0.000e+00
     39.684   71.45356 -161.03782    -1.6135    32.6052    1438.98  0.000e+00
     39.738   71.45356 -161.03782    -1.6136    32.6056    1438.98  0.000e+00
     39.684   71.45356 -161.03782    -1.6135    32.6055    1438.98  0.000e+00
     39.792   71.45356 -161.03782    -1.6133    32.6055    1438.99  0.000e+00
     39.738   71.45356 -161.03782    -1.6133    32.6056    1438.99  0.000e+00
     39.800   71.45356 -161.03782    -1.6134    32.6057    1438.99  0.000e+00
     39.800   71.45356 -161.03782    -1.6133    32.6057    1438.99  0.000e+00
     39.800   71.45356 -161.03782    -1.6133    32.6054    1438.99  0.000e+00
     39.854   71.45356 -161.03782    -1.6133    32.6059    1438.99  0.000e+00
     39.800   71.45356 -161.03782    -1.6133    32.6059    1438.99  0.000e+00
     39.854   71.45356 -161.03782    -1.6135    32.6056    1438.99  0.000e+00
     39.915   71.45356 -161.03782    -1.6135    32.6057    1438.99  0.000e+00
     39.915   71.45356 -161.03782    -1.6133    32.6059    1438.99  0.000e+00
     39.915   71.45356 -161.03782    -1.6135    32.6060    1438.99  0.000e+00
     39.908   71.45356 -161.03782    -1.6133    32.6053    1438.99  0.000e+00
     39.969   71.45356 -161.03782    -1.6135    32.6059    1438.99  0.000e+00
     39.969   71.45356 -161.03782    -1.6132    32.6059    1438.99  0.000e+00
     40.031   71.45356 -161.03782    -1.6135    32.6062    1438.99  0.000e+00
     39.969   71.45356 -161.03782    -1.6135    32.6060    1438.99  0.000e+00
     40.023   71.45356 -161.03782    -1.6135    32.6061    1438.99  0.000e+00
     40.085   71.45356 -161.03782    -1.6133    32.6057    1438.99  0.000e+00
     40.031   71.45356 -161.03782    -1.6132    32.6056    1438.99  0.000e+00
     40.085   71.45356 -161.03782    -1.6132    32.6056    1438.99  0.000e+00
     40.139   71.45356 -161.03782    -1.6132    32.6053    1438.99  0.000e+00
