EcoFOCI/data/1_SampleCollection/2023_SikuliaqDBO_CruiseData/CTD_raw_BottleFile_SKQ23-12S/proc/skq202312s_005.cnv
* Sea-Bird SBE 9 Data File:
* FileName = D:\CTD\SKQ202312S\SKQ202312S_005.hex
* Software Version Seasave V 7.26.7.121
* Temperature SN = 6177
* Conductivity SN = 0369
* Number of Bytes Per Scan = 41
* Number of Voltage Words = 4
* Number of Scans Averaged by the Deck Unit = 1
* NMEA Latitude = 62 23.39 N
* NMEA Longitude = 174 34.17 W
* NMEA UTC (Time) = Sep 15 2023  22:10:54
* NMEA baud rate = 4800
** Ship: R/V Sikuliaq
** Station Number: 005
** Station Name: DBO1.4
** Bottom Depth: 70
** Operator: SD
# nquan = 24
# nvalues = 8201                                  
# units = specified
# name 0 = depSM: Depth [salt water, m]
# name 1 = latitude: Latitude [deg]
# name 2 = longitude: Longitude [deg]
# name 3 = prDM: Pressure, Digiquartz [db]
# name 4 = t090C: Temperature [ITS-90, deg C]
# name 5 = t190C: Temperature, 2 [ITS-90, deg C]
# name 6 = potemp090C: Potential Temperature [ITS-90, deg C]
# name 7 = sal00: Salinity, Practical [PSU]
# name 8 = sal11: Salinity, Practical, 2 [PSU]
# name 9 = density00: Density [density, kg/m^3]
# name 10 = sigma-é00: Density [sigma-theta, kg/m^3]
# name 11 = sbox0Mm/Kg: Oxygen, SBE 43 [umol/kg]
# name 12 = sbox1Mm/Kg: Oxygen, SBE 43, 2 [umol/kg]
# name 13 = oxsolMm/Kg: Oxygen Saturation, Garcia & Gordon [umol/kg]
# name 14 = sbeox0PS: Oxygen, SBE 43 [% saturation]
# name 15 = sbeox1PS: Oxygen, SBE 43, 2 [% saturation]
# name 16 = v0: Voltage 0
# name 17 = flECO-AFL: Fluorescence, WET Labs ECO-AFL/FL [mg/m^3]
# name 18 = v1: Voltage 1
# name 19 = CStarAt0: Beam Attenuation, WET Labs C-Star [1/m]
# name 20 = par: PAR/Irradiance, Biospherical/Licor
# name 21 = scan: Scan Count
# name 22 = timeM: Time, Elapsed [minutes]
# name 23 = flag:  0.000e+00
# span 0 =      1.585,     65.999                 
# span 1 =   62.38976,   62.38978                 
# span 2 = -174.56960, -174.56958                 
# span 3 =      1.600,     66.650                 
# span 4 =    -1.5350,     7.8557                 
# span 5 =    -1.5339,     7.8588                 
# span 6 =    -1.5357,     7.8556                 
# span 7 =    30.9756,    31.9002                 
# span 8 =    30.9875,    31.9107                 
# span 9 =  1024.1450,  1025.9767                 
# span 10 =    24.1358,    25.6551                
# span 11 =    279.759,    432.005                
# span 12 =    267.699,    386.650                
# span 13 =  296.41069,  371.39393                
# span 14 =     75.330,    120.021                
# span 15 =     72.094,    107.092                
# span 16 =     0.0537,     0.2442                
# span 17 =    -0.0257,     1.1172                
# span 18 =     3.5971,     4.2589                
# span 19 =     0.4048,     1.0805                
# span 20 = 1.0000e-12, 2.2569e+02                
# span 21 =          1,       8201                
# span 22 =     0.0000,     5.6944                
# span 23 = 0.0000e+00, 0.0000e+00                
# interval = seconds: 0.0416667
# start_time = Sep 15 2023 22:14:11 [NMEA time, first data scan]
# bad_flag = -9.990e-29
*END*
[from data line 7729]
     65.652   62.38978 -174.56958     66.300    -1.5252    -1.5236    -1.5263    31.8996    31.9094  1025.9751    25.6546    283.978    271.090  371.23365     76.496     73.033     0.0684     0.0623     3.6642     1.0065 4.4238e-03       7730     5.3674  0.000e+00
     65.644   62.38978 -174.56958     66.292    -1.5251    -1.5237    -1.5262    31.8994    31.9101  1025.9749    25.6545    284.040    271.140  371.23284     76.513     73.046     0.0672     0.0549     3.6654     1.0052 3.7340e-03       7731     5.3681  0.000e+00
     65.652   62.38978 -174.56958     66.300    -1.5251    -1.5234    -1.5262    31.8996    31.9099  1025.9751    25.6547    284.052    271.188  371.23235     76.516     73.060     0.0672     0.0549     3.6642     1.0065 1.3499e-03       7732     5.3688  0.000e+00
     65.598   62.38978 -174.56958     66.245    -1.5252    -1.5240    -1.5263    31.8996    31.9102  1025.9749    25.6547    284.064    271.241  371.23343     76.519     73.073     0.0672     0.0549     3.6642     1.0065 1.0000e-12       7733     5.3694  0.000e+00
     65.644   62.38978 -174.56958     66.292    -1.5251    -1.5237    -1.5262    31.8994    31.9097  1025.9749    25.6545    284.130    271.291  371.23284     76.537     73.087     0.0672     0.0549     3.6642     1.0065 1.0000e-12       7734     5.3701  0.000e+00
     65.652   62.38978 -174.56958     66.300    -1.5248    -1.5236    -1.5259    31.8993    31.9096  1025.9749    25.6544    284.142    271.341  371.23037     76.541     73.101     0.0684     0.0623     3.6642     1.0065 1.0131e-03       7735     5.3708  0.000e+00
     65.652   62.38978 -174.56958     66.300    -1.5252    -1.5237    -1.5264    31.8997    31.9097  1025.9752    25.6547    284.108    271.392  371.23392     76.531     73.114     0.0672     0.0549     3.6618     1.0092 2.0263e-03       7736     5.3715  0.000e+00
     65.644   62.38978 -174.56958     66.292    -1.5250    -1.5237    -1.5261    31.8994    31.9097  1025.9749    25.6545    284.119    271.408  371.23244     76.534     73.118     0.0684     0.0623     3.6606     1.0105 2.3659e-03       7737     5.3722  0.000e+00
     65.598   62.38978 -174.56958     66.245    -1.5251    -1.5238    -1.5262    31.8995    31.9096  1025.9747    25.6546    284.182    271.456  371.23276     76.551     73.131     0.0672     0.0549     3.6606     1.0105 3.7340e-03       7738     5.3729  0.000e+00
     65.652   62.38978 -174.56958     66.300    -1.5249    -1.5239    -1.5261    31.8993    31.9098  1025.9749    25.6544    284.198    271.507  371.23206     76.555     73.145     0.0672     0.0549     3.6606     1.0105 5.8152e-03       7739     5.3736  0.000e+00
     65.644   62.38978 -174.56958     66.292    -1.5251    -1.5237    -1.5262    31.8994    31.9095  1025.9749    25.6545    284.266    271.786  371.23284     76.573     73.220     0.0672     0.0549     3.6606     1.0105 6.5167e-03       7740     5.3743  0.000e+00
     65.652   62.38978 -174.56958     66.300    -1.5250    -1.5237    -1.5261    31.8998    31.9094  1025.9752    25.6548    284.282    271.866  371.23133     76.578     73.242     0.0696     0.0696     3.6606     1.0105 9.3628e-03       7741     5.3750  0.000e+00
     65.598   62.38978 -174.56958     66.245    -1.5249    -1.5236    -1.5261    31.8995    31.9096  1025.9747    25.6546    284.297    271.676  371.23159     76.582     73.191     0.0794     0.1282     3.6606     1.0105 1.7145e-02       7742     5.3757  0.000e+00
     65.644   62.38978 -174.56958     66.292    -1.5252    -1.5240    -1.5264    31.8996    31.9101  1025.9751    25.6547    284.265    271.692  371.23403     76.573     73.195     0.0842     0.1575     3.6606     1.0105 2.0233e-02       7743     5.3764  0.000e+00
     65.652   62.38978 -174.56960     66.300    -1.5251    -1.5236    -1.5262    31.8992    31.9096  1025.9748    25.6543    284.279    271.930  371.23360     76.577     73.259     0.0842     0.1575     3.6606     1.0105 1.8295e-02       7744     5.3771  0.000e+00
     65.652   62.38978 -174.56960     66.300    -1.5255    -1.5239    -1.5266    31.8996    31.9101  1025.9751    25.6547    284.297    271.971  371.23651     76.581     73.270     0.0842     0.1575     3.6593     1.0118 9.7231e-03       7745     5.3778  0.000e+00
     65.598   62.38978 -174.56960     66.245    -1.5251    -1.5237    -1.5262    31.8994    31.9096  1025.9747    25.6545    284.568    272.005  371.23301     76.655     73.279     0.0842     0.1575     3.6606     1.0105 6.1655e-03       7746     5.3785  0.000e+00
     65.644   62.38978 -174.56960     66.292    -1.5251    -1.5239    -1.5262    31.8992    31.9096  1025.9747    25.6543    284.371    271.811  371.23359     76.602     73.227     0.0830     0.1502     3.6606     1.0105 6.5167e-03       7747     5.3792  0.000e+00
     65.598   62.38978 -174.56960     66.245    -1.5253    -1.5237    -1.5264    31.8998    31.9094  1025.9750    25.6548    284.383    271.808  371.23409     76.605     73.226     0.0855     0.1648     3.6606     1.0105 7.9318e-03       7748     5.3799  0.000e+00
     65.652   62.38978 -174.56960     66.300    -1.5251    -1.5237    -1.5262    31.8995    31.9096  1025.9750    25.6546    284.657    271.808  371.23273     76.679     73.226     0.0842     0.1575     3.6606     1.0105 8.6453e-03       7749     5.3806  0.000e+00
     65.582   62.38978 -174.56960     66.230    -1.5251    -1.5238    -1.5262    31.8995    31.9098  1025.9747    25.6546    284.454    271.803  371.23273     76.624     73.225     0.0855     0.1648     3.6606     1.0105 8.6453e-03       7750     5.3812  0.000e+00
     65.652   62.38978 -174.56960     66.300    -1.5251    -1.5239    -1.5262    31.8994    31.9099  1025.9750    25.6545    284.729    272.034  371.23285     76.698     73.287     0.0842     0.1575     3.6606     1.0105 4.4238e-03       7751     5.3819  0.000e+00
     65.652   62.38978 -174.56960     66.300    -1.5252    -1.5236    -1.5263    31.8993    31.9094  1025.9749    25.6544    284.527    272.024  371.23440     76.644     73.285     0.0842     0.1575     3.6606     1.0105 2.0263e-03       7752     5.3826  0.000e+00
     65.582   62.38978 -174.56960     66.230    -1.5252    -1.5239    -1.5264    31.8996    31.9096  1025.9748    25.6547    284.533    272.011  371.23417     76.645     73.281     0.0830     0.1502     3.6606     1.0105 1.6876e-03       7753     5.3833  0.000e+00
     65.652   62.38978 -174.56960     66.300    -1.5251    -1.5239    -1.5262    31.8990    31.9098  1025.9746    25.6542    284.544    272.031  371.23423     76.648     73.286     0.0842     0.1575     3.6606     1.0105 5.4659e-03       7754     5.3840  0.000e+00
     65.598   62.38978 -174.56960     66.245    -1.5251    -1.5238    -1.5262    31.8991    31.9098  1025.9744    25.6543    284.341    272.275  371.23388     76.593     73.352     0.0830     0.1502     3.6593     1.0118 9.0035e-03       7755     5.3847  0.000e+00
     65.582   62.38978 -174.56960     66.230    -1.5253    -1.5237    -1.5264    31.8996    31.9095  1025.9748    25.6547    284.565    272.086  371.23457     76.654     73.301     0.0842     0.1575     3.6606     1.0105 7.2223e-03       7756     5.3854  0.000e+00
     65.598   62.38978 -174.56960     66.245    -1.5252    -1.5240    -1.5264    31.8994    31.9100  1025.9747    25.6545    284.578    272.328  371.23470     76.657     73.366     0.0830     0.1502     3.6606     1.0105 1.6876e-03       7757     5.3861  0.000e+00
     65.652   62.38978 -174.56960     66.300    -1.5252    -1.5237    -1.5264    31.8995    31.9097  1025.9751    25.6546    284.592    272.133  371.23429     76.661     73.314     0.0842     0.1575     3.6606     1.0105 1.0000e-12       7758     5.3868  0.000e+00
     65.582   62.38978 -174.56960     66.230    -1.5252    -1.5239    -1.5264    31.8994    31.9099  1025.9746    25.6545    284.602    272.133  371.23467     76.664     73.314     0.0830     0.1502     3.6606     1.0105 1.0000e-12       7759     5.3875  0.000e+00
     65.598   62.38978 -174.56960     66.245    -1.5252    -1.5239    -1.5263    31.8990    31.9094  1025.9744    25.6542    284.616    272.365  371.23518     76.667     73.376     0.0842     0.1575     3.6606     1.0105 2.7065e-03       7760     5.3882  0.000e+00
     65.598   62.38978 -174.56960     66.245    -1.5252    -1.5239    -1.5264    31.8997    31.9095  1025.9749    25.6548    284.575    272.160  371.23382     76.657     73.321     0.0842     0.1575     3.6606     1.0105 4.7702e-03       7761     5.3889  0.000e+00
     65.582   62.38978 -174.56960     66.230    -1.5251    -1.5236    -1.5262    31.8991    31.9098  1025.9743    25.6542    284.533    272.148  371.23398     76.645     73.318     0.0842     0.1575     3.6606     1.0105 5.1175e-03       7762     5.3896  0.000e+00
     65.598   62.38978 -174.56960     66.245    -1.5250    -1.5239    -1.5261    31.8994    31.9098  1025.9747    25.6545    284.488    272.372  371.23236     76.633     73.378     0.0855     0.1648     3.6593     1.0118 7.5765e-03       7763     5.3903  0.000e+00
     65.598   62.38978 -174.56960     66.245    -1.5252    -1.5237    -1.5264    31.8993    31.9097  1025.9746    25.6544    284.444    272.388  371.23507     76.621     73.383     0.0830     0.1502     3.6606     1.0105 9.7231e-03       7764     5.3910  0.000e+00
     65.582   62.38978 -174.56960     66.230    -1.5251    -1.5237    -1.5262    31.8993    31.9095  1025.9745    25.6544    284.394    272.170  371.23323     76.608     73.324     0.0842     0.1575     3.6606     1.0105 1.0084e-02       7765     5.3917  0.000e+00
     65.598   62.38978 -174.56960     66.245    -1.5251    -1.5237    -1.5262    31.8990    31.9097  1025.9744    25.6542    284.345    272.149  371.23413     76.594     73.318     0.0842     0.1575     3.6606     1.0105 6.5167e-03       7766     5.3924  0.000e+00
     65.598   62.38978 -174.56960     66.245    -1.5250    -1.5239    -1.5261    31.8990    31.9099  1025.9744    25.6542    284.292    272.125  371.23349     76.580     73.312     0.0781     0.1209     3.6606     1.0105 2.7065e-03       7767     5.3931  0.000e+00
     65.582   62.38978 -174.56960     66.230    -1.5252    -1.5237    -1.5264    31.8996    31.9095  1025.9748    25.6547    284.238    272.328  371.23417     76.566     73.366     0.0696     0.0696     3.6606     1.0105 1.6876e-03       7768     5.3937  0.000e+00
     65.536   62.38978 -174.56960     66.183    -1.5249    -1.5239    -1.5261    31.8996    31.9097  1025.9745    25.6546    284.229    272.329  371.23135     76.564     73.366     0.0696     0.0696     3.6593     1.0118 3.4241e-04       7769     5.3944  0.000e+00
     65.598   62.38978 -174.56960     66.245    -1.5251    -1.5237    -1.5262    31.8993    31.9094  1025.9746    25.6544    284.229    272.096  371.23326     76.563     73.304     0.0684     0.0623     3.6606     1.0105 1.0000e-12       7770     5.3951  0.000e+00
     65.582   62.38978 -174.56960     66.230    -1.5250    -1.5237    -1.5261    31.8993    31.9097  1025.9745    25.6545    284.224    272.289  371.23258     76.562     73.356     0.0696     0.0696     3.6606     1.0105 1.0000e-12       7771     5.3958  0.000e+00
     65.536   62.38978 -174.56960     66.183    -1.5252    -1.5237    -1.5264    31.8994    31.9098  1025.9744    25.6545    284.219    272.277  371.23459     76.561     73.353     0.0708     0.0769     3.6593     1.0118 8.4714e-06       7772     5.3965  0.000e+00
     65.598   62.38978 -174.56960     66.245    -1.5249    -1.5239    -1.5261    31.8994    31.9099  1025.9747    25.6545    284.215    272.267  371.23171     76.560     73.350     0.0696     0.0696     3.6606     1.0105 8.4714e-06       7773     5.3972  0.000e+00
     65.528   62.38978 -174.56960     66.175    -1.5249    -1.5237    -1.5261    31.8992    31.9096  1025.9742    25.6544    284.209    272.246  371.23234     76.558     73.344     0.0708     0.0769     3.6606     1.0105 8.4714e-06       7774     5.3979  0.000e+00
     65.536   62.38978 -174.56960     66.183    -1.5252    -1.5239    -1.5263    31.8995    31.9097  1025.9745    25.6546    284.206    272.226  371.23369     76.557     73.339     0.0696     0.0696     3.6606     1.0105 8.4714e-06       7775     5.3986  0.000e+00
     65.598   62.38978 -174.56960     66.245    -1.5252    -1.5239    -1.5264    31.8997    31.9096  1025.9749    25.6547    284.205    272.237  371.23395     76.557     73.341     0.0708     0.0769     3.6618     1.0092 8.4714e-06       7776     5.3993  0.000e+00
     65.528   62.38978 -174.56960     66.175    -1.5249    -1.5237    -1.5261    31.8994    31.9095  1025.9743    25.6545    284.196    272.238  371.23184     76.555     73.342     0.0696     0.0696     3.6667     1.0038 1.0000e-12       7777     5.4000  0.000e+00
     65.536   62.38978 -174.56960     66.183    -1.5248    -1.5239    -1.5260    31.8990    31.9097  1025.9740    25.6542    284.192    272.243  371.23181     76.554     73.343     0.0708     0.0769     3.6691     1.0012 1.0000e-12       7778     5.4007  0.000e+00
     65.536   62.38978 -174.56960     66.183    -1.5249    -1.5238    -1.5261    31.8997    31.9095  1025.9746    25.6548    284.187    272.242  371.23085     76.553     73.343     0.0696     0.0696     3.6691     1.0012 1.0000e-12       7779     5.4014  0.000e+00
     65.528   62.38978 -174.56960     66.175    -1.5249    -1.5237    -1.5261    31.8995    31.9097  1025.9744    25.6546    284.183    272.238  371.23147     76.551     73.342     0.0696     0.0696     3.6679     1.0025 1.0131e-03       7780     5.4021  0.000e+00
     65.536   62.38978 -174.56960     66.183    -1.5248    -1.5239    -1.5259    31.8992    31.9097  1025.9742    25.6543    284.178    272.234  371.23066     76.550     73.341     0.0684     0.0623     3.6679     1.0025 3.3905e-03       7781     5.4028  0.000e+00
     65.482   62.38978 -174.56960     66.128    -1.5250    -1.5239    -1.5261    31.8995    31.9092  1025.9742    25.6546    284.173    272.225  371.23216     76.549     73.338     0.0696     0.0696     3.6679     1.0025 3.7340e-03       7782     5.4035  0.000e+00
     65.528   62.38978 -174.56960     66.175    -1.5251    -1.5236    -1.5262    31.8995    31.9091  1025.9744    25.6546    284.171    272.214  371.23263     76.548     73.336     0.0696     0.0696     3.6691     1.0012 4.0784e-03       7783     5.4042  0.000e+00
     65.536   62.38978 -174.56960     66.183    -1.5248    -1.5237    -1.5259    31.8992    31.9097  1025.9742    25.6543    284.166    272.200  371.23066     76.547     73.332     0.0696     0.0696     3.6679     1.0025 4.7702e-03       7784     5.4049  0.000e+00
     65.536   62.38978 -174.56960     66.183    -1.5251    -1.5236    -1.5262    31.8992    31.9097  1025.9743    25.6544    284.164    272.183  371.23340     76.546     73.328     0.0708     0.0769     3.6691     1.0012 4.7702e-03       7785     5.4056  0.000e+00
     65.467   62.38978 -174.56960     66.113    -1.5248    -1.5237    -1.5260    31.8990    31.9098  1025.9737    25.6542    284.156    272.162  371.23181     76.544     73.322     0.0696     0.0696     3.6691     1.0012 1.6876e-03       7786     5.4063  0.000e+00
     65.482   62.38978 -174.56960     66.128    -1.5251    -1.5240    -1.5262    31.8996    31.9102  1025.9743    25.6547    284.153    272.143  371.23230     76.543     73.316     0.0708     0.0769     3.6679     1.0025 8.4714e-06       7787     5.4069  0.000e+00
     65.536   62.38978 -174.56960     66.183    -1.5249    -1.5237    -1.5261    31.8992    31.9098  1025.9742    25.6544    284.150    272.119  371.23235     76.542     73.310     0.0696     0.0696     3.6679     1.0025 1.0000e-12       7788     5.4076  0.000e+00
