EcoFOCI/data/1_SampleCollection/2023_SikuliaqDBO_CruiseData/CTD_raw_BottleFile_SKQ23-12S/proc/skq202312s_023.cnv
* Sea-Bird SBE 9 Data File:
* FileName = D:\CTD\SKQ202312S\SKQ202312S_023.hex
* Software Version Seasave V 7.26.7.121
* Temperature SN = 6177
* Conductivity SN = 0369
* Number of Bytes Per Scan = 41
* Number of Voltage Words = 4
* Number of Scans Averaged by the Deck Unit = 1
* NMEA Latitude = 64 57.70 N
* NMEA Longitude = 169 53.01 W
* NMEA UTC (Time) = Sep 18 2023  07:03:01
* NMEA baud rate = 4800
** Ship: R/V Sikuliaq
** Station Number: 023
** Station Name: DBO2.4
** Bottom Depth: 48
** Operator: SD
# nquan = 24
# nvalues = 5745                                  
# units = specified
# name 0 = depSM: Depth [salt water, m]
# name 1 = latitude: Latitude [deg]
# name 2 = longitude: Longitude [deg]
# name 3 = prDM: Pressure, Digiquartz [db]
# name 4 = t090C: Temperature [ITS-90, deg C]
# name 5 = t190C: Temperature, 2 [ITS-90, deg C]
# name 6 = potemp090C: Potential Temperature [ITS-90, deg C]
# name 7 = sal00: Salinity, Practical [PSU]
# name 8 = sal11: Salinity, Practical, 2 [PSU]
# name 9 = density00: Density [density, kg/m^3]
# name 10 = sigma-é00: Density [sigma-theta, kg/m^3]
# name 11 = sbox0Mm/Kg: Oxygen, SBE 43 [umol/kg]
# name 12 = sbox1Mm/Kg: Oxygen, SBE 43, 2 [umol/kg]
# name 13 = oxsolMm/Kg: Oxygen Saturation, Garcia & Gordon [umol/kg]
# name 14 = sbeox0PS: Oxygen, SBE 43 [% saturation]
# name 15 = sbeox1PS: Oxygen, SBE 43, 2 [% saturation]
# name 16 = v0: Voltage 0
# name 17 = flECO-AFL: Fluorescence, WET Labs ECO-AFL/FL [mg/m^3]
# name 18 = v1: Voltage 1
# name 19 = CStarAt0: Beam Attenuation, WET Labs C-Star [1/m]
# name 20 = par: PAR/Irradiance, Biospherical/Licor
# name 21 = scan: Scan Count
# name 22 = timeM: Time, Elapsed [minutes]
# name 23 = flag:  0.000e+00
# span 0 =      2.982,     42.925                 
# span 1 =   64.96160,   64.96168                 
# span 2 = -169.88358, -169.88352                 
# span 3 =      3.012,     43.354                 
# span 4 =     1.2940,     3.3595                 
# span 5 =     1.2953,     3.3612                 
# span 6 =     1.2931,     3.3576                 
# span 7 =    31.7597,    32.8509                 
# span 8 =    32.1244,    32.8234                 
# span 9 =  1025.4330,  1026.3945                 
# span 10 =    25.4180,    26.2163                
# span 11 =    241.886,    315.274                
# span 12 =    230.917,    303.333                
# span 13 =  325.19330,  344.38432                
# span 14 =     72.332,     91.801                
# span 15 =     69.041,     88.334                
# span 16 =     0.1123,     0.4750                
# span 17 =     0.3260,     2.5018                
# span 18 =     3.3663,     4.0733                
# span 19 =     0.5830,     1.3458                
# span 20 = 1.0000e-12, 5.6694e-01                
# span 21 =          1,       5745                
# span 22 =     0.0000,     3.9889                
# span 23 = 0.0000e+00, 0.0000e+00                
# interval = seconds: 0.0416667
# start_time = Sep 18 2023 07:06:42 [NMEA time, first data scan]
# bad_flag = -9.990e-29
*END*
[from data line 3744]
     37.950   64.96166 -169.88358     38.329     2.4970     2.4965     2.4949    32.7827    32.8000  1026.3378    26.1574    266.066    254.517  332.14515     80.105     76.638     0.3260     1.6080     3.6886     0.9799 1.0000e-12       3745     2.6000  0.000e+00
     37.888   64.96166 -169.88358     38.267     2.4921     2.4960     2.4901    32.7796    32.7998  1026.3354    26.1553    266.133    254.512  332.19334     80.114     76.635     0.3272     1.6154     3.6874     0.9812 1.0000e-12       3746     2.6007  0.000e+00
     37.950   64.96166 -169.88358     38.329     2.4816     2.4934     2.4796    32.7886    32.7991  1026.3437    26.1633    266.443    254.530  332.25724     80.192     76.635     0.3284     1.6227     3.6886     0.9799 1.0000e-12       3747     2.6014  0.000e+00
     37.934   64.96166 -169.88358     38.313     2.4808     2.4895     2.4788    32.7910    32.7967  1026.3456    26.1653    266.505    254.559  332.25800     80.210     76.635     0.3272     1.6154     3.6886     0.9799 1.0000e-12       3748     2.6021  0.000e+00
     37.888   64.96166 -169.88358     38.266     2.4774     2.4867     2.4754    32.7951    32.7931  1026.3490    26.1689    266.580    254.583  332.27571     80.229     76.635     0.3284     1.6227     3.6886     0.9799 1.0000e-12       3749     2.6028  0.000e+00
     38.004   64.96166 -169.88358     38.383     2.4760     2.4822     2.4740    32.7992    32.7927  1026.3529    26.1723    266.644    254.621  332.27694     80.247     76.637     0.3272     1.6154     3.6886     0.9799 1.0000e-12       3750     2.6035  0.000e+00
     37.934   64.96166 -169.88358     38.313     2.4793     2.4797     2.4772    32.7996    32.7910  1026.3526    26.1723    266.672    254.643  332.24907     80.263     76.638     0.3272     1.6154     3.6886     0.9799 1.0000e-12       3751     2.6042  0.000e+00
     37.950   64.96166 -169.88358     38.329     2.4843     2.4780     2.4823    32.7969    32.7905  1026.3501    26.1697    266.657    254.662  332.21439     80.266     76.640     0.3260     1.6080     3.6886     0.9799 1.0000e-12       3752     2.6049  0.000e+00
     37.950   64.96166 -169.88358     38.329     2.4893     2.4760     2.4873    32.7914    32.7941  1026.3453    26.1649    266.681    254.676  332.18681     80.280     76.643     0.3272     1.6154     3.6935     0.9746 1.0000e-12       3753     2.6056  0.000e+00
     37.880   64.96166 -169.88358     38.259     2.4903     2.4767     2.4883    32.7875    32.7975  1026.3418    26.1618    266.729    254.869  332.18851     80.294     76.704     0.3272     1.6154     3.6972     0.9706 1.0000e-12       3754     2.6063  0.000e+00
     38.058   64.96166 -169.88358     38.438     2.4890     2.4755     2.4869    32.7874    32.8019  1026.3427    26.1618    266.794    254.908  332.19941     80.311     76.716     0.3272     1.6154     3.6972     0.9706 1.0000e-12       3755     2.6069  0.000e+00
     37.950   64.96166 -169.88358     38.329     2.4901     2.4722     2.4881    32.7860    32.8067  1026.3409    26.1606    267.053    254.755  332.19375     80.391     76.667     0.3284     1.6227     3.6972     0.9706 1.0000e-12       3756     2.6076  0.000e+00
     37.950   64.96166 -169.88358     38.329     2.4909     2.4718     2.4888    32.7844    32.8077  1026.3396    26.1593    267.130    254.967  332.19142     80.415     76.730     0.3272     1.6154     3.6972     0.9706 1.0000e-12       3757     2.6083  0.000e+00
     37.996   64.96166 -169.88358     38.376     2.4896     2.4739     2.4876    32.7840    32.8056  1026.3396    26.1590    267.220    254.995  332.20286     80.439     76.741     0.3272     1.6154     3.6960     0.9720 1.0000e-12       3758     2.6090  0.000e+00
     38.004   64.96166 -169.88358     38.383     2.4870     2.4760     2.4850    32.7817    32.8007  1026.3380    26.1574    267.319    255.028  332.23056     80.462     76.752     0.3272     1.6154     3.6972     0.9706 1.0000e-12       3759     2.6097  0.000e+00
     38.004   64.96166 -169.88358     38.383     2.4816     2.4767     2.4796    32.7820    32.7916  1026.3387    26.1580    267.615    255.080  332.27410     80.540     76.764     0.3284     1.6227     3.6972     0.9706 1.0000e-12       3760     2.6104  0.000e+00
     37.934   64.96166 -169.88358     38.313     2.4768     2.4739     2.4748    32.7851    32.7809  1026.3413    26.1609    267.707    254.960  332.30635     80.560     76.717     0.3272     1.6154     3.6972     0.9706 1.0000e-12       3761     2.6111  0.000e+00
     38.058   64.96166 -169.88358     38.438     2.4727     2.4696     2.4707    32.7889    32.7725  1026.3452    26.1643    267.792    255.030  332.33036     80.580     76.725     0.3272     1.6154     3.6972     0.9706 1.0000e-12       3762     2.6118  0.000e+00
     38.004   64.96166 -169.88358     38.383     2.4726     2.4611     2.4705    32.7896    32.7739  1026.3455    26.1648    267.880    255.108  332.32997     80.607     76.732     0.3272     1.6154     3.6972     0.9706 1.0000e-12       3763     2.6125  0.000e+00
     38.004   64.96166 -169.88358     38.383     2.4724     2.4522     2.4704    32.7908    32.7792  1026.3465    26.1658    267.887    255.184  332.32821     80.609     76.741     0.3272     1.6154     3.6972     0.9706 1.0000e-12       3764     2.6132  0.000e+00
     38.050   64.96166 -169.88358     38.430     2.4737     2.4482     2.4717    32.7856    32.7833  1026.3424    26.1616    267.891    255.430  332.33070     80.610     76.810     0.3284     1.6227     3.6972     0.9706 1.0000e-12       3765     2.6139  0.000e+00
     38.058   64.96166 -169.88358     38.438     2.4704     2.4474     2.4683    32.7788    32.7868  1026.3373    26.1564    267.925    255.478  332.37571     80.609     76.825     0.3272     1.6154     3.6972     0.9706 1.0000e-12       3766     2.6146  0.000e+00
     38.004   64.96166 -169.88358     38.383     2.4684     2.4474     2.4663    32.7706    32.7905  1026.3307    26.1500    268.017    255.519  332.41287     80.628     76.839     0.3272     1.6154     3.6972     0.9706 1.0000e-12       3767     2.6153  0.000e+00
     38.058   64.96166 -169.88358     38.438     2.4643     2.4448     2.4622    32.7656    32.7946  1026.3273    26.1464    268.119    255.583  332.45958     80.647     76.856     0.3236     1.5934     3.6972     0.9706 1.0000e-12       3768     2.6160  0.000e+00
     38.050   64.96166 -169.88358     38.430     2.4491     2.4440     2.4471    32.7705    32.7949  1026.3324    26.1515    268.241    255.616  332.57313     80.656     76.865     0.3236     1.5934     3.6972     0.9706 1.0000e-12       3769     2.6167  0.000e+00
     38.003   64.96166 -169.88358     38.383     2.4380     2.4432     2.4360    32.7718    32.7939  1026.3341    26.1534    268.369    255.848  332.66180     80.673     76.932     0.3236     1.5934     3.6960     0.9720 1.0000e-12       3770     2.6174  0.000e+00
     38.057   64.96166 -169.88358     38.438     2.4299     2.4414     2.4278    32.7744    32.7933  1026.3371    26.1561    268.655    255.914  332.72278     80.745     76.948     0.3236     1.5934     3.6972     0.9706 1.0000e-12       3771     2.6181  0.000e+00
     38.111   64.96166 -169.88358     38.492     2.4235     2.4382     2.4215    32.7754    32.7932  1026.3386    26.1574    268.776    255.988  332.77342     80.769     76.965     0.3223     1.5861     3.6960     0.9720 1.0000e-12       3772     2.6187  0.000e+00
     38.003   64.96166 -169.88358     38.383     2.4223     2.4338     2.4203    32.7712    32.7951  1026.3348    26.1541    268.855    256.062  332.79347     80.787     76.979     0.3236     1.5934     3.6923     0.9759 1.0000e-12       3773     2.6194  0.000e+00
     38.119   64.96166 -169.88358     38.500     2.4208     2.4313     2.4188    32.7686    32.7943  1026.3334    26.1522    269.343    256.133  332.81310     80.929     76.995     0.3248     1.6007     3.6874     0.9812 1.0000e-12       3774     2.6201  0.000e+00
     38.057   64.96166 -169.88358     38.438     2.4153     2.4271     2.4133    32.7724    32.7943  1026.3367    26.1557    268.792    256.406  332.84866     80.755     77.069     0.3236     1.5934     3.6874     0.9812 1.0000e-12       3775     2.6208  0.000e+00
     38.111   64.96166 -169.88358     38.492     2.4088     2.4168     2.4068    32.7771    32.7961  1026.3412    26.1599    269.064    256.546  332.89117     80.826     77.093     0.3248     1.6007     3.6874     0.9812 1.0000e-12       3776     2.6215  0.000e+00
     38.119   64.96166 -169.88358     38.500     2.4024     2.4066     2.4004    32.7814    32.7963  1026.3451    26.1638    269.141    256.687  332.93332     80.839     77.115     0.3236     1.5934     3.6874     0.9812 1.0000e-12       3777     2.6222  0.000e+00
     38.057   64.96166 -169.88358     38.438     2.3989     2.3930     2.3969    32.7854    32.7959  1026.3484    26.1674    269.372    256.849  332.95171     80.904     77.138     0.3248     1.6007     3.6874     0.9812 1.0000e-12       3778     2.6229  0.000e+00
     38.111   64.96166 -169.88358     38.492     2.3979     2.3675     2.3959    32.7791    32.8024  1026.3437    26.1624    269.415    257.061  332.97678     80.911     77.156     0.3223     1.5861     3.6874     0.9812 1.0000e-12       3779     2.6236  0.000e+00
     38.119   64.96166 -169.88358     38.500     2.3887     2.3467     2.3867    32.7712    32.8089  1026.3381    26.1568    269.552    257.236  333.07348     80.929     77.172     0.3236     1.5934     3.6886     0.9799 1.0000e-12       3780     2.6243  0.000e+00
     38.119   64.96166 -169.88358     38.500     2.3819     2.3377     2.3799    32.7646    32.8121  1026.3333    26.1520    269.882    257.327  333.14651     81.010     77.184     0.3236     1.5934     3.6886     0.9799 1.0000e-12       3781     2.6250  0.000e+00
     38.119   64.96166 -169.88358     38.500     2.3799     2.3381     2.3779    32.7540    32.8108  1026.3250    26.1437    270.211    257.579  333.19054     81.098     77.260     0.3236     1.5934     3.6874     0.9812 1.0000e-12       3782     2.6257  0.000e+00
     38.111   64.96166 -169.88358     38.492     2.3690     2.3412     2.3671    32.7547    32.8080  1026.3265    26.1452    270.128    257.611  333.27869     81.052     77.274     0.3248     1.6007     3.6886     0.9799 1.0000e-12       3783     2.6264  0.000e+00
     38.119   64.96166 -169.88358     38.500     2.3568     2.3419     2.3548    32.7607    32.8050  1026.3322    26.1509    270.260    257.459  333.36583     81.070     77.228     0.3236     1.5934     3.6874     0.9812 1.0000e-12       3784     2.6271  0.000e+00
     38.119   64.96166 -169.88358     38.500     2.3520     2.3363     2.3500    32.7631    32.8054  1026.3345    26.1532    270.331    257.718  333.39977     81.083     77.295     0.3248     1.6007     3.6886     0.9799 1.0000e-12       3785     2.6278  0.000e+00
     38.165   64.96166 -169.88358     38.547     2.3460     2.3285     2.3440    32.7656    32.8048  1026.3373    26.1557    270.403    257.817  333.44338     81.094     77.309     0.3223     1.5861     3.6874     0.9812 1.0000e-12       3786     2.6285  0.000e+00
     38.173   64.96166 -169.88358     38.554     2.3355     2.3236     2.3335    32.7723    32.8017  1026.3435    26.1619    270.492    258.093  333.51387     81.104     77.380     0.3248     1.6007     3.6874     0.9812 1.0000e-12       3787     2.6292  0.000e+00
     38.173   64.96166 -169.88358     38.554     2.3265     2.3207     2.3245    32.7795    32.8000  1026.3499    26.1683    270.781    258.171  333.57052     81.177     77.397     0.3236     1.5934     3.6886     0.9799 1.0000e-12       3788     2.6299  0.000e+00
     38.173   64.96166 -169.88358     38.554     2.3242     2.3154     2.3222    32.7804    32.8033  1026.3508    26.1692    270.834    258.053  333.58726     81.188     77.353     0.3236     1.5934     3.6874     0.9812 1.0000e-12       3789     2.6306  0.000e+00
     38.165   64.96166 -169.88358     38.547     2.3235     2.3165     2.3215    32.7797    32.8061  1026.3503    26.1687    270.867    258.259  333.59490     81.196     77.419     0.3236     1.5934     3.6874     0.9812 1.0000e-12       3790     2.6313  0.000e+00
     38.173   64.96166 -169.88358     38.554     2.3225     2.3253     2.3205    32.7817    32.8060  1026.3520    26.1703    270.887    258.235  333.59841     81.201     77.429     0.3236     1.5934     3.6874     0.9812 1.0000e-12       3791     2.6319  0.000e+00
     38.173   64.96166 -169.88358     38.554     2.3225     2.3392     2.3205    32.7845    32.8035  1026.3542    26.1726    270.885    258.172  333.59083     81.203     77.435     0.3248     1.6007     3.6874     0.9812 1.0000e-12       3792     2.6326  0.000e+00
     38.165   64.96166 -169.88358     38.547     2.3226     2.3556     2.3206    32.7862    32.7966  1026.3556    26.1740    270.874    258.095  333.58542     81.201     77.440     0.2979     1.4395     3.6813     0.9879 1.0000e-12       3793     2.6333  0.000e+00
     38.173   64.96166 -169.88358     38.554     2.3208     2.3658     2.3188    32.7880    32.7928  1026.3572    26.1756    270.868    258.052  333.59617     81.196     77.444     0.2808     1.3370     3.6740     0.9958 1.0000e-12       3794     2.6340  0.000e+00
     38.173   64.96166 -169.88358     38.554     2.3180     2.3709     2.3160    32.7891    32.7925  1026.3582    26.1766    270.861    258.034  333.61704     81.189     77.449     0.2784     1.3223     3.6728     0.9972 1.0000e-12       3795     2.6347  0.000e+00
     38.173   64.96166 -169.88358     38.554     2.3153     2.3704     2.3133    32.7880    32.7963  1026.3576    26.1759    270.884    258.245  333.64197     81.190     77.513     0.2796     1.3297     3.6728     0.9972 1.0000e-12       3796     2.6354  0.000e+00
     38.227   64.96166 -169.88358     38.609     2.3144     2.3651     2.3124    32.7850    32.8022  1026.3555    26.1736    270.890    258.307  333.65728     81.188     77.525     0.2796     1.3297     3.6728     0.9972 1.0000e-12       3797     2.6361  0.000e+00
     38.173   64.96166 -169.88358     38.554     2.3124     2.3632     2.3104    32.7849    32.8078  1026.3553    26.1737    270.886    258.334  333.67468     81.183     77.533     0.2808     1.3370     3.6728     0.9972 1.0000e-12       3798     2.6368  0.000e+00
     38.235   64.96166 -169.88358     38.617     2.3111     2.3620     2.3091    32.7860    32.8140  1026.3566    26.1747    270.868    258.354  333.68231     81.175     77.540     0.2796     1.3297     3.6728     0.9972 1.0000e-12       3799     2.6375  0.000e+00
     38.165   64.96166 -169.88358     38.547     2.3103     2.3629     2.3084    32.7875    32.8184  1026.3575    26.1759    270.831    258.550  333.68478     81.164     77.604     0.2808     1.3370     3.6728     0.9972 1.0000e-12       3800     2.6382  0.000e+00
     38.235   64.96166 -169.88358     38.617     2.3098     2.3726     2.3078    32.7888    32.8136  1026.3590    26.1771    270.789    258.522  333.68579     81.151     77.611     0.2808     1.3370     3.6728     0.9972 1.0000e-12       3801     2.6389  0.000e+00
     38.235   64.96166 -169.88358     38.617     2.3091     2.3823     2.3071    32.7876    32.8079  1026.3581    26.1761    270.742    258.288  333.69480     81.135     77.556     0.2796     1.3297     3.6728     0.9972 1.0000e-12       3802     2.6396  0.000e+00
     38.235   64.96166 -169.88358     38.617     2.3034     2.3882     2.3014    32.7880    32.8041  1026.3588    26.1769    270.944    258.272  333.74136     81.184     77.561     0.2808     1.3370     3.6728     0.9972 1.0000e-12       3803     2.6403  0.000e+00
