EcoFOCI/data/1_SampleCollection/2023_SikuliaqDBO_CruiseData/CTD_raw_BottleFile_SKQ23-12S/proc/skq202312s_036svp.cnv
* Sea-Bird SBE 9 Data File:
* FileName = D:\CTD\SKQ202312S\SKQ202312S_036.hex
* Software Version Seasave V 7.26.7.121
* Temperature SN = 6177
* Conductivity SN = 0369
* Number of Bytes Per Scan = 41
* Number of Voltage Words = 4
* Number of Scans Averaged by the Deck Unit = 1
* NMEA Latitude = 72 27.93 N
* NMEA Longitude = 156 32.77 W
* NMEA UTC (Time) = Sep 22 2023  14:08:00
* NMEA baud rate = 4800
** Ship: R/V Sikuliaq
** Station Number: 036
** Station Name: CK9
** Bottom Depth: 990
** Operator: SD
# nquan = 7
# nvalues = 32773                                 
# units = specified
# name 0 = depSM: Depth [salt water, m]
# name 1 = latitude: Latitude [deg]
# name 2 = longitude: Longitude [deg]
# name 3 = t090C: Temperature [ITS-90, deg C]
# name 4 = sal00: Salinity, Practical [PSU]
# name 5 = svCM: Sound Velocity [Chen-Millero, m/s]
# name 6 = flag:  0.000e+00
# span 0 =      2.365,    980.988                 
# span 1 =   72.46518,   72.46554                 
# span 2 = -156.54650, -156.54608                 
# span 3 =    -1.6685,     3.6149                 
# span 4 =    27.5609,    34.8604                 
# span 5 =    1440.28,    1466.51                 
# span 6 = 0.0000e+00, 0.0000e+00                 
# interval = seconds: 0.0416667
# start_time = Sep 22 2023 14:11:59 [NMEA time, first data scan]
# bad_flag = -9.990e-29
*END*
      3.570   72.46552 -156.54608     3.4949    27.5795    1454.98  0.000e+00
      3.570   72.46552 -156.54608     3.4949    27.5794    1454.98  0.000e+00
      3.516   72.46552 -156.54608     3.4946    27.5797    1454.98  0.000e+00
      3.570   72.46552 -156.54608     3.4948    27.5797    1454.98  0.000e+00
      3.516   72.46552 -156.54608     3.4944    27.5799    1454.98  0.000e+00
      3.570   72.46552 -156.54608     3.4944    27.5798    1454.98  0.000e+00
      3.454   72.46552 -156.54608     3.4944    27.5795    1454.98  0.000e+00
      3.454   72.46552 -156.54608     3.4943    27.5798    1454.98  0.000e+00
      3.516   72.46552 -156.54608     3.4942    27.5801    1454.98  0.000e+00
      3.400   72.46552 -156.54608     3.4942    27.5799    1454.98  0.000e+00
      3.454   72.46552 -156.54608     3.4940    27.5798    1454.98  0.000e+00
      3.400   72.46552 -156.54608     3.4937    27.5800    1454.98  0.000e+00
      3.346   72.46552 -156.54608     3.4937    27.5800    1454.98  0.000e+00
      3.346   72.46552 -156.54608     3.4939    27.5795    1454.98  0.000e+00
      3.284   72.46552 -156.54608     3.4940    27.5793    1454.98  0.000e+00
      3.284   72.46552 -156.54608     3.4937    27.5794    1454.97  0.000e+00
      3.284   72.46552 -156.54608     3.4940    27.5793    1454.98  0.000e+00
      3.284   72.46552 -156.54608     3.4942    27.5795    1454.98  0.000e+00
      3.169   72.46552 -156.54608     3.4943    27.5798    1454.98  0.000e+00
      3.230   72.46552 -156.54608     3.4946    27.5794    1454.98  0.000e+00
      3.169   72.46552 -156.54608     3.4948    27.5790    1454.98  0.000e+00
      3.115   72.46552 -156.54608     3.4944    27.5793    1454.97  0.000e+00
      3.169   72.46552 -156.54610     3.4946    27.5793    1454.98  0.000e+00
      3.061   72.46552 -156.54610     3.4948    27.5789    1454.97  0.000e+00
      3.061   72.46552 -156.54610     3.4951    27.5785    1454.98  0.000e+00
      2.999   72.46552 -156.54610     3.4952    27.5788    1454.98  0.000e+00
      2.999   72.46552 -156.54610     3.4956    27.5786    1454.98  0.000e+00
      2.999   72.46552 -156.54610     3.4956    27.5784    1454.98  0.000e+00
      2.945   72.46552 -156.54610     3.4956    27.5786    1454.98  0.000e+00
      2.883   72.46552 -156.54610     3.4954    27.5786    1454.97  0.000e+00
      2.945   72.46552 -156.54610     3.4956    27.5784    1454.98  0.000e+00
      2.883   72.46552 -156.54610     3.4956    27.5786    1454.97  0.000e+00
      2.883   72.46552 -156.54610     3.4954    27.5785    1454.97  0.000e+00
      2.829   72.46552 -156.54610     3.4952    27.5788    1454.97  0.000e+00
      2.829   72.46552 -156.54610     3.4954    27.5785    1454.97  0.000e+00
      2.768   72.46552 -156.54610     3.4954    27.5788    1454.97  0.000e+00
      2.768   72.46552 -156.54610     3.4952    27.5786    1454.97  0.000e+00
      2.768   72.46552 -156.54610     3.4954    27.5780    1454.97  0.000e+00
      2.714   72.46552 -156.54610     3.4951    27.5785    1454.97  0.000e+00
      2.714   72.46552 -156.54610     3.4952    27.5786    1454.97  0.000e+00
      2.714   72.46552 -156.54610     3.4954    27.5784    1454.97  0.000e+00
      2.714   72.46552 -156.54610     3.4951    27.5787    1454.97  0.000e+00
      2.714   72.46552 -156.54610     3.4952    27.5786    1454.97  0.000e+00
      2.660   72.46552 -156.54610     3.4954    27.5784    1454.97  0.000e+00
      2.660   72.46552 -156.54610     3.4951    27.5787    1454.97  0.000e+00
      2.660   72.46552 -156.54610     3.4954    27.5784    1454.97  0.000e+00
      2.660   72.46552 -156.54610     3.4952    27.5788    1454.97  0.000e+00
      2.660   72.46552 -156.54610     3.4952    27.5786    1454.97  0.000e+00
      2.660   72.46552 -156.54610     3.4954    27.5783    1454.97  0.000e+00
      2.660   72.46552 -156.54610     3.4951    27.5785    1454.97  0.000e+00
      2.660   72.46552 -156.54610     3.4956    27.5782    1454.97  0.000e+00
      2.660   72.46552 -156.54610     3.4954    27.5786    1454.97  0.000e+00
      2.660   72.46552 -156.54610     3.4957    27.5784    1454.97  0.000e+00
      2.660   72.46552 -156.54610     3.4955    27.5787    1454.97  0.000e+00
      2.660   72.46552 -156.54610     3.4956    27.5786    1454.97  0.000e+00
      2.713   72.46552 -156.54610     3.4957    27.5782    1454.97  0.000e+00
      2.660   72.46552 -156.54610     3.4952    27.5784    1454.97  0.000e+00
      2.713   72.46552 -156.54610     3.4952    27.5777    1454.97  0.000e+00
      2.713   72.46552 -156.54610     3.4954    27.5776    1454.97  0.000e+00
      2.690   72.46552 -156.54610     3.4952    27.5784    1454.97  0.000e+00
      2.767   72.46552 -156.54610     3.4951    27.5788    1454.97  0.000e+00
      2.713   72.46552 -156.54610     3.4951    27.5785    1454.97  0.000e+00
      2.767   72.46552 -156.54610     3.4949    27.5785    1454.97  0.000e+00
      2.767   72.46552 -156.54610     3.4949    27.5780    1454.97  0.000e+00
      2.829   72.46552 -156.54610     3.4949    27.5774    1454.97  0.000e+00
      2.829   72.46552 -156.54610     3.4948    27.5769    1454.97  0.000e+00
      2.829   72.46552 -156.54610     3.4946    27.5768    1454.97  0.000e+00
      2.829   72.46552 -156.54610     3.4948    27.5774    1454.97  0.000e+00
      2.883   72.46552 -156.54610     3.4946    27.5780    1454.97  0.000e+00
      2.945   72.46552 -156.54610     3.4948    27.5775    1454.97  0.000e+00
      2.945   72.46552 -156.54610     3.4946    27.5775    1454.97  0.000e+00
      2.945   72.46552 -156.54610     3.4949    27.5769    1454.97  0.000e+00
      2.999   72.46552 -156.54610     3.4949    27.5765    1454.97  0.000e+00
      2.999   72.46552 -156.54610     3.4948    27.5768    1454.97  0.000e+00
      3.060   72.46552 -156.54610     3.4949    27.5772    1454.97  0.000e+00
      3.060   72.46552 -156.54610     3.4947    27.5775    1454.97  0.000e+00
      3.060   72.46552 -156.54610     3.4946    27.5767    1454.97  0.000e+00
      3.114   72.46552 -156.54610     3.4946    27.5759    1454.97  0.000e+00
      3.168   72.46552 -156.54610     3.4946    27.5753    1454.97  0.000e+00
      3.168   72.46552 -156.54610     3.4948    27.5752    1454.97  0.000e+00
      3.168   72.46552 -156.54610     3.4948    27.5755    1454.97  0.000e+00
      3.230   72.46552 -156.54610     3.4949    27.5752    1454.97  0.000e+00
      3.230   72.46552 -156.54610     3.4949    27.5752    1454.97  0.000e+00
      3.284   72.46552 -156.54610     3.4951    27.5752    1454.97  0.000e+00
      3.284   72.46552 -156.54610     3.4949    27.5756    1454.97  0.000e+00
      3.284   72.46552 -156.54610     3.4951    27.5751    1454.97  0.000e+00
      3.345   72.46552 -156.54610     3.4951    27.5750    1454.98  0.000e+00
      3.399   72.46552 -156.54610     3.4949    27.5753    1454.98  0.000e+00
      3.345   72.46552 -156.54610     3.4949    27.5754    1454.98  0.000e+00
      3.453   72.46552 -156.54610     3.4949    27.5753    1454.98  0.000e+00
      3.399   72.46552 -156.54610     3.4949    27.5753    1454.98  0.000e+00
      3.453   72.46552 -156.54610     3.4949    27.5755    1454.98  0.000e+00
      3.453   72.46552 -156.54610     3.4948    27.5757    1454.98  0.000e+00
      3.515   72.46552 -156.54610     3.4946    27.5758    1454.98  0.000e+00
      3.515   72.46552 -156.54610     3.4949    27.5757    1454.98  0.000e+00
      3.453   72.46552 -156.54610     3.4949    27.5756    1454.98  0.000e+00
      3.515   72.46552 -156.54610     3.4951    27.5748    1454.98  0.000e+00
      3.569   72.46552 -156.54610     3.4951    27.5747    1454.98  0.000e+00
      3.569   72.46552 -156.54610     3.4951    27.5747    1454.98  0.000e+00
      3.569   72.46552 -156.54610     3.4952    27.5745    1454.98  0.000e+00
      3.569   72.46552 -156.54610     3.4951    27.5746    1454.98  0.000e+00
      3.630   72.46552 -156.54610     3.4952    27.5744    1454.98  0.000e+00
      3.569   72.46552 -156.54610     3.4952    27.5745    1454.98  0.000e+00
      3.630   72.46552 -156.54610     3.4951    27.5748    1454.98  0.000e+00
      3.630   72.46552 -156.54610     3.4949    27.5747    1454.98  0.000e+00
      3.630   72.46552 -156.54610     3.4952    27.5746    1454.98  0.000e+00
      3.569   72.46552 -156.54610     3.4949    27.5748    1454.98  0.000e+00
      3.630   72.46552 -156.54610     3.4952    27.5746    1454.98  0.000e+00
      3.630   72.46552 -156.54610     3.4951    27.5750    1454.98  0.000e+00
      3.569   72.46552 -156.54610     3.4951    27.5753    1454.98  0.000e+00
      3.715   72.46552 -156.54610     3.4949    27.5758    1454.98  0.000e+00
      3.630   72.46552 -156.54610     3.4949    27.5760    1454.98  0.000e+00
      3.630   72.46552 -156.54610     3.4949    27.5765    1454.98  0.000e+00
      3.630   72.46552 -156.54610     3.4949    27.5769    1454.98  0.000e+00
      3.630   72.46552 -156.54610     3.4949    27.5764    1454.98  0.000e+00
      3.630   72.46552 -156.54610     3.4949    27.5768    1454.98  0.000e+00
      3.569   72.46552 -156.54610     3.4948    27.5771    1454.98  0.000e+00
      3.630   72.46552 -156.54610     3.4949    27.5773    1454.98  0.000e+00
      3.630   72.46552 -156.54610     3.4948    27.5779    1454.98  0.000e+00
      3.569   72.46552 -156.54610     3.4951    27.5776    1454.98  0.000e+00
      3.569   72.46552 -156.54610     3.4951    27.5775    1454.98  0.000e+00
      3.569   72.46552 -156.54610     3.4951    27.5773    1454.98  0.000e+00
      3.515   72.46552 -156.54610     3.4952    27.5772    1454.98  0.000e+00
      3.569   72.46552 -156.54610     3.4952    27.5770    1454.98  0.000e+00
      3.515   72.46552 -156.54610     3.4949    27.5776    1454.98  0.000e+00
      3.515   72.46552 -156.54610     3.4951    27.5774    1454.98  0.000e+00
      3.569   72.46552 -156.54610     3.4952    27.5770    1454.98  0.000e+00
      3.453   72.46552 -156.54610     3.4949    27.5772    1454.98  0.000e+00
      3.515   72.46552 -156.54610     3.4951    27.5771    1454.98  0.000e+00
      3.453   72.46552 -156.54610     3.4951    27.5771    1454.98  0.000e+00
      3.453   72.46552 -156.54610     3.4951    27.5773    1454.98  0.000e+00
      3.453   72.46552 -156.54610     3.4951    27.5768    1454.98  0.000e+00
      3.399   72.46552 -156.54610     3.4952    27.5767    1454.98  0.000e+00
      3.453   72.46552 -156.54610     3.4952    27.5769    1454.98  0.000e+00
      3.345   72.46552 -156.54610     3.4952    27.5768    1454.98  0.000e+00
      3.399   72.46552 -156.54610     3.4954    27.5766    1454.98  0.000e+00
      3.345   72.46552 -156.54610     3.4954    27.5768    1454.98  0.000e+00
      3.283   72.46552 -156.54610     3.4954    27.5769    1454.98  0.000e+00
      3.345   72.46552 -156.54610     3.4956    27.5766    1454.98  0.000e+00
      3.283   72.46552 -156.54610     3.4952    27.5772    1454.98  0.000e+00
      3.229   72.46552 -156.54610     3.4954    27.5777    1454.98  0.000e+00
      3.168   72.46552 -156.54610     3.4955    27.5777    1454.98  0.000e+00
      3.229   72.46552 -156.54610     3.4956    27.5776    1454.98  0.000e+00
      3.168   72.46552 -156.54610     3.4954    27.5781    1454.98  0.000e+00
      3.167   72.46552 -156.54610     3.4956    27.5783    1454.98  0.000e+00
      3.167   72.46552 -156.54610     3.4957    27.5780    1454.98  0.000e+00
      3.114   72.46552 -156.54610     3.4957    27.5783    1454.98  0.000e+00
      3.060   72.46552 -156.54610     3.4957    27.5781    1454.98  0.000e+00
      3.060   72.46552 -156.54610     3.4960    27.5779    1454.98  0.000e+00
      2.998   72.46552 -156.54610     3.4960    27.5781    1454.98  0.000e+00
      2.998   72.46552 -156.54610     3.4962    27.5779    1454.98  0.000e+00
      2.944   72.46552 -156.54610     3.4964    27.5781    1454.98  0.000e+00
      2.998   72.46552 -156.54610     3.4964    27.5778    1454.98  0.000e+00
      2.944   72.46552 -156.54610     3.4964    27.5775    1454.98  0.000e+00
      2.766   72.46552 -156.54610     3.4964    27.5774    1454.97  0.000e+00
      2.975   72.46552 -156.54610     3.4964    27.5772    1454.98  0.000e+00
      2.828   72.46552 -156.54610     3.4962    27.5776    1454.98  0.000e+00
      2.828   72.46552 -156.54610     3.4960    27.5780    1454.97  0.000e+00
      2.766   72.46552 -156.54610     3.4964    27.5774    1454.97  0.000e+00
      2.828   72.46552 -156.54610     3.4962    27.5776    1454.98  0.000e+00
      2.712   72.46552 -156.54610     3.4962    27.5777    1454.97  0.000e+00
      2.712   72.46552 -156.54610     3.4962    27.5777    1454.97  0.000e+00
      2.712   72.46552 -156.54610     3.4966    27.5774    1454.97  0.000e+00
      2.658   72.46552 -156.54610     3.4962    27.5774    1454.97  0.000e+00
      2.658   72.46552 -156.54610     3.4962    27.5774    1454.97  0.000e+00
      2.597   72.46552 -156.54610     3.4962    27.5775    1454.97  0.000e+00
      2.658   72.46552 -156.54610     3.4960    27.5775    1454.97  0.000e+00
      2.543   72.46552 -156.54610     3.4960    27.5775    1454.97  0.000e+00
      2.597   72.46552 -156.54610     3.4964    27.5772    1454.97  0.000e+00
      2.543   72.46552 -156.54610     3.4960    27.5775    1454.97  0.000e+00
      2.481   72.46552 -156.54610     3.4960    27.5775    1454.97  0.000e+00
      2.543   72.46552 -156.54610     3.4960    27.5773    1454.97  0.000e+00
      2.481   72.46552 -156.54610     3.4960    27.5774    1454.97  0.000e+00
      2.427   72.46552 -156.54610     3.4962    27.5774    1454.97  0.000e+00
      2.481   72.46552 -156.54610     3.4962    27.5772    1454.97  0.000e+00
      2.427   72.46552 -156.54610     3.4962    27.5775    1454.97  0.000e+00
      2.427   72.46552 -156.54610     3.4960    27.5772    1454.97  0.000e+00
      2.427   72.46552 -156.54610     3.4962    27.5773    1454.97  0.000e+00
      2.427   72.46552 -156.54610     3.4962    27.5775    1454.97  0.000e+00
      2.427   72.46552 -156.54610     3.4962    27.5776    1454.97  0.000e+00
      2.365   72.46552 -156.54610     3.4960    27.5774    1454.97  0.000e+00
      2.365   72.46552 -156.54610     3.4962    27.5775    1454.97  0.000e+00
      2.427   72.46552 -156.54610     3.4962    27.5776    1454.97  0.000e+00
      2.365   72.46552 -156.54610     3.4963    27.5774    1454.97  0.000e+00
      2.427   72.46552 -156.54610     3.4962    27.5774    1454.97  0.000e+00
      2.427   72.46552 -156.54610     3.4962    27.5774    1454.97  0.000e+00
      2.365   72.46552 -156.54610     3.4964    27.5773    1454.97  0.000e+00
      2.427   72.46552 -156.54610     3.4962    27.5774    1454.97  0.000e+00
      2.427   72.46552 -156.54610     3.4964    27.5774    1454.97  0.000e+00
      2.481   72.46552 -156.54610     3.4960    27.5774    1454.97  0.000e+00
      2.427   72.46552 -156.54610     3.4962    27.5770    1454.97  0.000e+00
      2.481   72.46552 -156.54610     3.4962    27.5770    1454.97  0.000e+00
      2.481   72.46552 -156.54610     3.4962    27.5769    1454.97  0.000e+00
      2.481   72.46552 -156.54610     3.4964    27.5769    1454.97  0.000e+00
      2.543   72.46552 -156.54610     3.4962    27.5769    1454.97  0.000e+00
      2.543   72.46552 -156.54610     3.4962    27.5770    1454.97  0.000e+00
      2.542   72.46552 -156.54610     3.4960    27.5774    1454.97  0.000e+00
      2.596   72.46552 -156.54610     3.4962    27.5775    1454.97  0.000e+00
      2.596   72.46552 -156.54610     3.4960    27.5777    1454.97  0.000e+00
      2.658   72.46552 -156.54610     3.4960    27.5776    1454.97  0.000e+00
      2.712   72.46552 -156.54610     3.4962    27.5771    1454.97  0.000e+00
      2.658   72.46552 -156.54610     3.4960    27.5772    1454.97  0.000e+00
      2.766   72.46552 -156.54610     3.4962    27.5768    1454.97  0.000e+00
      2.766   72.46552 -156.54610     3.4959    27.5767    1454.97  0.000e+00
      2.766   72.46552 -156.54610     3.4960    27.5764    1454.97  0.000e+00
