EcoFOCI/data/1_SampleCollection/2023_SikuliaqDBO_CruiseData/CTD_raw_BottleFile_SKQ23-12S/proc/skq202312s_057.cnv
* Sea-Bird SBE 9 Data File:
* FileName = D:\CTD\SKQ202312S\SKQ202312S_057.hex
* Software Version Seasave V 7.26.7.121
* Temperature SN = 6177
* Conductivity SN = 0369
* Number of Bytes Per Scan = 41
* Number of Voltage Words = 4
* Number of Scans Averaged by the Deck Unit = 1
* NMEA Latitude = 71 20.18 N
* NMEA Longitude = 164 36.58 W
* NMEA UTC (Time) = Sep 27 2023  08:27:58
* NMEA baud rate = 4800
** Ship: R/V Sikuliaq
** Station Number: 057
** Station Name: IC5
** Bottom Depth: 44
** Operator: SS
# nquan = 24
# nvalues = 5121                                  
# units = specified
# name 0 = depSM: Depth [salt water, m]
# name 1 = latitude: Latitude [deg]
# name 2 = longitude: Longitude [deg]
# name 3 = prDM: Pressure, Digiquartz [db]
# name 4 = t090C: Temperature [ITS-90, deg C]
# name 5 = t190C: Temperature, 2 [ITS-90, deg C]
# name 6 = potemp090C: Potential Temperature [ITS-90, deg C]
# name 7 = sal00: Salinity, Practical [PSU]
# name 8 = sal11: Salinity, Practical, 2 [PSU]
# name 9 = density00: Density [density, kg/m^3]
# name 10 = sigma-é00: Density [sigma-theta, kg/m^3]
# name 11 = sbox0Mm/Kg: Oxygen, SBE 43 [umol/kg]
# name 12 = sbox1Mm/Kg: Oxygen, SBE 43, 2 [umol/kg]
# name 13 = oxsolMm/Kg: Oxygen Saturation, Garcia & Gordon [umol/kg]
# name 14 = sbeox0PS: Oxygen, SBE 43 [% saturation]
# name 15 = sbeox1PS: Oxygen, SBE 43, 2 [% saturation]
# name 16 = v0: Voltage 0
# name 17 = flECO-AFL: Fluorescence, WET Labs ECO-AFL/FL [mg/m^3]
# name 18 = v1: Voltage 1
# name 19 = CStarAt0: Beam Attenuation, WET Labs C-Star [1/m]
# name 20 = par: PAR/Irradiance, Biospherical/Licor
# name 21 = scan: Scan Count
# name 22 = timeM: Time, Elapsed [minutes]
# name 23 = flag:  0.000e+00
# span 0 =      2.121,     38.841                 
# span 1 =   71.33624,   71.33640                 
# span 2 = -164.61044, -164.61020                 
# span 3 =      2.143,     39.245                 
# span 4 =    -1.2715,     3.4471                 
# span 5 =    -1.2704,     3.4486                 
# span 6 =    -1.2723,     3.4459                 
# span 7 =    30.6016,    32.4982                 
# span 8 =    30.6134,    32.5263                 
# span 9 =  1024.4011,  1026.2900                 
# span 10 =    24.3907,    26.1332                
# span 11 =    258.029,    379.746                
# span 12 =    245.394,    358.171                
# span 13 =  329.09100,  367.09031                
# span 14 =     70.292,    106.033                
# span 15 =     66.859,     99.274                
# span 16 =     0.0647,     0.1868                
# span 17 =     0.0403,     0.7729                
# span 18 =     2.6874,     4.2943                
# span 19 =     0.3716,     2.2471                
# span 20 = 1.0000e-12, 1.3835e+00                
# span 21 =          1,       5121                
# span 22 =     0.0000,     3.5556                
# span 23 = 0.0000e+00, 0.0000e+00                
# interval = seconds: 0.0416667
# start_time = Sep 27 2023 08:31:38 [NMEA time, first data scan]
# bad_flag = -9.990e-29
*END*
[from data line 484]
      2.804   71.33624 -164.61024      2.833     2.7979     2.7990     2.7978    30.6029    30.6145  1024.4060    24.3926    324.773    310.824  335.18147     96.895     92.744     0.0684     0.0623     4.2259     0.4359 5.4793e-01        485     0.3361  0.000e+00
      2.742   71.33624 -164.61024      2.770     2.7977     2.7985     2.7976    30.6029    30.6149  1024.4057    24.3926    324.778    310.610  335.18294     96.896     92.679     0.0696     0.0696     4.2259     0.4359 4.9921e-01        486     0.3368  0.000e+00
      2.858   71.33624 -164.61024      2.887     2.7974     2.7982     2.7973    30.6031    30.6146  1024.4064    24.3928    324.793    310.601  335.18510     96.900     92.675     0.0684     0.0623     4.2259     0.4359 4.9058e-01        487     0.3375  0.000e+00
      2.804   71.33624 -164.61024      2.832     2.7976     2.7980     2.7974    30.6030    30.6149  1024.4060    24.3927    324.798    310.755  335.18407     96.902     92.721     0.0696     0.0696     4.2259     0.4359 3.6380e-01        488     0.3382  0.000e+00
      2.804   71.33624 -164.61024      2.832     2.7975     2.7977     2.7974    30.6024    30.6145  1024.4056    24.3922    324.811    310.563  335.18598     96.905     92.663     0.0684     0.0623     4.2259     0.4359 2.9819e-01        489     0.3389  0.000e+00
      2.857   71.33624 -164.61024      2.887     2.7973     2.7975     2.7971    30.6026    30.6145  1024.4060    24.3924    324.827    310.718  335.18764     96.909     92.709     0.0696     0.0696     4.2271     0.4347 2.9006e-01        490     0.3396  0.000e+00
      2.803   71.33624 -164.61024      2.832     2.7971     2.7972     2.7970    30.6029    30.6142  1024.4060    24.3926    324.839    310.693  335.18833     96.912     92.701     0.0733     0.0916     4.2259     0.4359 3.2105e-01        491     0.3403  0.000e+00
      2.857   71.33624 -164.61024      2.887     2.7971     2.7971     2.7970    30.6030    30.6142  1024.4064    24.3927    325.077    310.692  335.18800     96.984     92.700     0.0757     0.1062     4.2259     0.4359 3.4518e-01        492     0.3410  0.000e+00
      2.857   71.33624 -164.61024      2.887     2.7973     2.7972     2.7971    30.6023    30.6141  1024.4058    24.3922    324.906    310.684  335.18834     96.933     92.698     0.0769     0.1135     4.2259     0.4359 3.5042e-01        493     0.3417  0.000e+00
      2.857   71.33624 -164.61024      2.887     2.7969     2.7969     2.7968    30.6025    30.6139  1024.4060    24.3923    324.963    310.679  335.19065     96.949     92.695     0.0757     0.1062     4.2259     0.4359 3.5706e-01        494     0.3424  0.000e+00
      2.857   71.33624 -164.61024      2.887     2.7969     2.7968     2.7968    30.6026    30.6141  1024.4061    24.3925    324.723    310.669  335.19025     96.877     92.692     0.0757     0.1062     4.2259     0.4359 3.6516e-01        495     0.3431  0.000e+00
      2.911   71.33624 -164.61024      2.941     2.7966     2.7969     2.7965    30.6032    30.6145  1024.4068    24.3929    324.896    310.657  335.19153     96.929     92.689     0.0757     0.1062     4.2259     0.4359 3.6652e-01        496     0.3438  0.000e+00
      2.857   71.33624 -164.61024      2.887     2.7966     2.7972     2.7965    30.6037    30.6142  1024.4069    24.3933    324.876    310.638  335.19027     96.923     92.684     0.0757     0.1062     4.2259     0.4359 3.9458e-01        497     0.3444  0.000e+00
      2.911   71.33624 -164.61024      2.941     2.7966     2.7975     2.7965    30.6036    30.6144  1024.4071    24.3932    324.678    310.620  335.19054     96.864     92.680     0.0745     0.0989     4.2259     0.4359 4.4289e-01        498     0.3451  0.000e+00
      2.911   71.33624 -164.61024      2.941     2.7969     2.7977     2.7968    30.6032    30.6144  1024.4068    24.3929    324.627    310.601  335.18873     96.849     92.674     0.0757     0.1062     4.2308     0.4312 4.5728e-01        499     0.3458  0.000e+00
      2.911   71.33624 -164.61024      2.941     2.7968     2.7979     2.7966    30.6034    30.6143  1024.4070    24.3931    324.765    310.555  335.18968     96.890     92.661     0.0769     0.1135     4.2418     0.4209 4.5728e-01        500     0.3465  0.000e+00
      2.911   71.33624 -164.61024      2.941     2.7969     2.7978     2.7967    30.6033    30.6147  1024.4068    24.3930    324.567    310.532  335.18915     96.831     92.654     0.0757     0.1062     4.2466     0.4163 4.5566e-01        501     0.3472  0.000e+00
      2.934   71.33624 -164.61024      2.965     2.7969     2.7977     2.7968    30.6028    30.6144  1024.4066    24.3926    324.559    310.533  335.18985     96.828     92.654     0.0757     0.1062     4.2466     0.4163 4.5728e-01        502     0.3479  0.000e+00
      2.911   71.33624 -164.61024      2.941     2.7969     2.7977     2.7968    30.6033    30.6145  1024.4068    24.3930    324.551    310.530  335.18863     96.826     92.653     0.0757     0.1062     4.2466     0.4163 4.6872e-01        503     0.3486  0.000e+00
      2.911   71.33624 -164.61024      2.941     2.7971     2.7979     2.7970    30.6036    30.6139  1024.4071    24.3932    324.434    310.527  335.18658     96.792     92.652     0.0757     0.1062     4.2454     0.4174 5.1682e-01        504     0.3493  0.000e+00
      2.911   71.33624 -164.61024      2.941     2.7973     2.7980     2.7971    30.6035    30.6141  1024.4070    24.3931    324.391    310.498  335.18543     96.780     92.644     0.0745     0.0989     4.2454     0.4174 5.3494e-01        505     0.3500  0.000e+00
      2.973   71.33624 -164.61024      3.003     2.7974     2.7980     2.7973    30.6043    30.6142  1024.4079    24.3938    324.350    310.470  335.18197     96.768     92.636     0.0757     0.1062     4.2454     0.4174 5.1861e-01        506     0.3507  0.000e+00
      2.911   71.33624 -164.61024      2.941     2.7977     2.7980     2.7976    30.6050    30.6141  1024.4081    24.3943    324.342    310.634  335.17759     96.767     92.685     0.0757     0.1062     4.2454     0.4174 4.1518e-01        507     0.3514  0.000e+00
      2.973   71.33624 -164.61024      3.003     2.7981     2.7979     2.7979    30.6051    30.6141  1024.4085    24.3943    324.343    310.626  335.17467     96.768     92.682     0.0757     0.1062     4.2454     0.4174 3.7200e-01        508     0.3521  0.000e+00
      2.973   71.33624 -164.61024      3.003     2.7982     2.7977     2.7981    30.6039    30.6145  1024.4076    24.3934    324.348    310.637  335.17620     96.769     92.685     0.0757     0.1062     4.2466     0.4163 3.6516e-01        509     0.3528  0.000e+00
      2.973   71.33624 -164.61024      3.003     2.7982     2.7975     2.7981    30.6038    30.6142  1024.4074    24.3933    324.356    310.448  335.17660     96.772     92.628     0.0757     0.1062     4.2454     0.4174 3.0528e-01        510     0.3535  0.000e+00
      2.911   71.33624 -164.61024      2.941     2.7983     2.7972     2.7982    30.6034    30.6141  1024.4068    24.3930    324.364    310.432  335.17668     96.774     92.622     0.0757     0.1062     4.2454     0.4174 2.7319e-01        511     0.3542  0.000e+00
      2.973   71.33624 -164.61024      3.003     2.7982     2.7971     2.7981    30.6031    30.6142  1024.4069    24.3927    324.382    310.418  335.17829     96.779     92.618     0.0745     0.0989     4.2454     0.4174 2.6990e-01        512     0.3549  0.000e+00
      2.973   71.33624 -164.61024      3.003     2.7981     2.7972     2.7979    30.6030    30.6140  1024.4068    24.3927    324.362    310.399  335.17994     96.773     92.613     0.0757     0.1062     4.2454     0.4174 5.4233e-01        513     0.3556  0.000e+00
      2.973   71.33624 -164.61024      3.003     2.7981     2.7972     2.7980    30.6031    30.6140  1024.4069    24.3927    324.342    310.380  335.17922     96.767     92.607     0.0745     0.0989     4.2466     0.4163 8.7778e-01        514     0.3563  0.000e+00
      2.973   71.33624 -164.61024      3.003     2.7982     2.7971     2.7981    30.6031    30.6137  1024.4069    24.3927    323.659    310.362  335.17839     96.563     92.601     0.0757     0.1062     4.2454     0.4174 9.5033e-01        515     0.3569  0.000e+00
      2.973   71.33624 -164.61024      3.003     2.7982     2.7971     2.7981    30.6033    30.6140  1024.4070    24.3929    324.204    310.364  335.17789     96.726     92.602     0.0733     0.0916     4.2454     0.4174 8.8905e-01        516     0.3576  0.000e+00
      2.973   71.33624 -164.61024      3.003     2.7981     2.7969     2.7979    30.6027    30.6141  1024.4066    24.3924    324.234    310.368  335.18073     96.734     92.603     0.0733     0.0916     4.2454     0.4174 8.4473e-01        517     0.3583  0.000e+00
      2.973   71.33624 -164.61024      3.003     2.7982     2.7971     2.7981    30.6026    30.6134  1024.4065    24.3923    324.225    310.371  335.17958     96.732     92.603     0.0733     0.0916     4.2454     0.4174 8.3395e-01        518     0.3590  0.000e+00
      2.972   71.33624 -164.61024      3.003     2.7979     2.7969     2.7978    30.6031    30.6138  1024.4069    24.3927    324.258    310.374  335.18109     96.741     92.604     0.0720     0.0842     4.2442     0.4186 6.9291e-01        519     0.3597  0.000e+00
      2.972   71.33624 -164.61024      3.003     2.7979     2.7968     2.7978    30.6033    30.6139  1024.4071    24.3929    324.292    310.576  335.18050     96.751     92.664     0.0733     0.0916     4.2344     0.4278 5.2763e-01        520     0.3604  0.000e+00
      2.972   71.33624 -164.61024      3.003     2.7977     2.7969     2.7976    30.6031    30.6139  1024.4069    24.3928    324.331    310.600  335.18235     96.763     92.672     0.0720     0.0842     4.2283     0.4336 4.9058e-01        521     0.3611  0.000e+00
      2.972   71.33624 -164.61024      3.003     2.7979     2.7972     2.7978    30.6030    30.6138  1024.4069    24.3927    324.370    310.622  335.18119     96.774     92.679     0.0733     0.0916     4.2283     0.4336 5.0269e-01        522     0.3618  0.000e+00
      3.026   71.33624 -164.61024      3.058     2.7981     2.7975     2.7979    30.6029    30.6134  1024.4070    24.3926    324.377    310.646  335.18011     96.777     92.686     0.0733     0.0916     4.2295     0.4324 5.2221e-01        523     0.3625  0.000e+00
      2.934   71.33624 -164.61024      2.964     2.7977     2.7975     2.7976    30.6037    30.6137  1024.4072    24.3932    324.381    310.663  335.18090     96.778     92.692     0.0733     0.0916     4.2295     0.4324 5.2945e-01        524     0.3632  0.000e+00
      3.026   71.33624 -164.61024      3.058     2.7979     2.7975     2.7978    30.6036    30.6135  1024.4076    24.3932    324.393    310.665  335.17967     96.782     92.692     0.0745     0.0989     4.2295     0.4324 5.0269e-01        525     0.3639  0.000e+00
      2.972   71.33624 -164.61024      3.003     2.7980     2.7974     2.7978    30.6034    30.6139  1024.4071    24.3930    324.180    310.484  335.17988     96.718     92.638     0.0733     0.0916     4.2295     0.4324 4.3040e-01        526     0.3646  0.000e+00
      2.972   71.33624 -164.61024      3.003     2.7981     2.7974     2.7979    30.6038    30.6139  1024.4075    24.3933    324.377    310.654  335.17785     96.778     92.689     0.0733     0.0916     4.2295     0.4324 4.0478e-01        527     0.3653  0.000e+00
      2.972   71.33624 -164.61024      3.003     2.7979     2.7975     2.7978    30.6042    30.6139  1024.4078    24.3936    324.134    310.646  335.17831     96.705     92.687     0.0733     0.0916     4.2295     0.4324 3.8599e-01        528     0.3660  0.000e+00
      2.972   71.33624 -164.61024      3.003     2.7982     2.7975     2.7981    30.6039    30.6138  1024.4075    24.3934    324.112    310.662  335.17630     96.699     92.691     0.0733     0.0916     4.2295     0.4324 2.9352e-01        529     0.3667  0.000e+00
      2.972   71.33624 -164.61024      3.003     2.7983     2.7974     2.7982    30.6036    30.6141  1024.4073    24.3931    324.317    310.677  335.17626     96.760     92.696     0.0720     0.0842     4.2295     0.4324 2.5701e-01        530     0.3674  0.000e+00
      3.026   71.33624 -164.61024      3.057     2.7982     2.7975     2.7981    30.6036    30.6142  1024.4075    24.3931    324.341    310.691  335.17707     96.767     92.700     0.0733     0.0916     4.2295     0.4324 2.5595e-01        531     0.3681  0.000e+00
      2.972   71.33624 -164.61024      3.003     2.7983     2.7979     2.7982    30.6035    30.6138  1024.4072    24.3931    324.360    310.699  335.17636     96.773     92.703     0.0720     0.0842     4.2295     0.4324 2.6019e-01        532     0.3688  0.000e+00
      2.972   71.33624 -164.61024      3.003     2.7985     2.7980     2.7983    30.6031    30.6138  1024.4069    24.3927    324.383    310.710  335.17600     96.780     92.707     0.0733     0.0916     4.2295     0.4324 2.6126e-01        533     0.3694  0.000e+00
      3.026   71.33624 -164.61024      3.057     2.7982     2.7982     2.7981    30.6031    30.6140  1024.4071    24.3927    324.414    310.919  335.17836     96.788     92.770     0.0733     0.0916     4.2295     0.4324 2.6126e-01        534     0.3701  0.000e+00
      2.972   71.33624 -164.61024      3.003     2.7981     2.7985     2.7979    30.6034    30.6138  1024.4072    24.3930    324.439    310.922  335.17884     96.796     92.771     0.0733     0.0916     4.2295     0.4324 2.1800e-01        535     0.3708  0.000e+00
      2.972   71.33624 -164.61024      3.003     2.7979     2.7987     2.7978    30.6034    30.6138  1024.4072    24.3930    324.469    310.727  335.18020     96.804     92.714     0.0733     0.0916     4.2295     0.4324 1.9165e-01        536     0.3715  0.000e+00
      2.972   71.33624 -164.61024      3.003     2.7981     2.7985     2.7979    30.6032    30.6143  1024.4070    24.3928    324.497    310.731  335.17944     96.813     92.715     0.0733     0.0916     4.2295     0.4324 1.8818e-01        537     0.3722  0.000e+00
      2.972   71.33624 -164.61024      3.003     2.7979     2.7985     2.7978    30.6034    30.6147  1024.4071    24.3930    324.530    310.709  335.18030     96.822     92.708     0.0733     0.0916     4.2295     0.4324 2.1424e-01        538     0.3729  0.000e+00
      2.972   71.33624 -164.61024      3.003     2.7980     2.7985     2.7978    30.6033    30.6143  1024.4071    24.3929    324.562    310.711  335.17998     96.832     92.709     0.0733     0.0916     4.2295     0.4324 2.3847e-01        539     0.3736  0.000e+00
      3.026   71.33624 -164.61024      3.057     2.7979     2.7987     2.7978    30.6031    30.6144  1024.4072    24.3928    324.600    310.712  335.18096     96.843     92.709     0.0733     0.0916     4.2271     0.4347 2.4353e-01        540     0.3743  0.000e+00
      2.972   71.33624 -164.61024      3.003     2.7981     2.7987     2.7979    30.6033    30.6144  1024.4071    24.3929    324.668    310.708  335.17904     96.864     92.708     0.0745     0.0989     4.2259     0.4359 2.8663e-01        541     0.3750  0.000e+00
      3.026   71.33624 -164.61024      3.057     2.7979     2.7988     2.7978    30.6034    30.6147  1024.4074    24.3930    324.711    310.706  335.18027     96.876     92.708     0.0708     0.0769     4.2259     0.4359 3.4779e-01        542     0.3757  0.000e+00
      3.026   71.33624 -164.61024      3.057     2.7979     2.7996     2.7978    30.6037    30.6145  1024.4077    24.3933    324.750    310.697  335.17937     96.888     92.707     0.0708     0.0769     4.2259     0.4359 3.6516e-01        543     0.3764  0.000e+00
