EcoFOCI/data/1_SampleCollection/2023_SikuliaqDBO_CruiseData/CTD_raw_BottleFile_SKQ23-12S/proc/skq202312s_066avg.cnv
* Sea-Bird SBE 9 Data File:
* FileName = D:\CTD\SKQ202312S\SKQ202312S_066.hex
* Software Version Seasave V 7.26.7.121
* Temperature SN = 6177
* Conductivity SN = 0369
* Number of Bytes Per Scan = 41
* Number of Voltage Words = 4
* Number of Scans Averaged by the Deck Unit = 1
* NMEA Latitude = 72 12.41 N
* NMEA Longitude = 166 57.30 W
* NMEA UTC (Time) = Sep 28 2023  13:08:17
* NMEA baud rate = 4800
** Ship: R/V Sikuliaq
** Station Number: 066
** Station Name: IC0.3
** Bottom Depth: 47
** Operator: SD
# nquan = 25
# nvalues = 41                          
# units = specified
# name 0 = depSM: Depth [salt water, m]
# name 1 = latitude: Latitude [deg]
# name 2 = longitude: Longitude [deg]
# name 3 = prDM: Pressure, Digiquartz [db]
# name 4 = t090C: Temperature [ITS-90, deg C]
# name 5 = t190C: Temperature, 2 [ITS-90, deg C]
# name 6 = potemp090C: Potential Temperature [ITS-90, deg C]
# name 7 = sal00: Salinity, Practical [PSU]
# name 8 = sal11: Salinity, Practical, 2 [PSU]
# name 9 = density00: Density [density, kg/m^3]
# name 10 = sigma-é00: Density [sigma-theta, kg/m^3]
# name 11 = sbox0Mm/Kg: Oxygen, SBE 43 [umol/kg]
# name 12 = sbox1Mm/Kg: Oxygen, SBE 43, 2 [umol/kg]
# name 13 = oxsolMm/Kg: Oxygen Saturation, Garcia & Gordon [umol/kg]
# name 14 = sbeox0PS: Oxygen, SBE 43 [% saturation]
# name 15 = sbeox1PS: Oxygen, SBE 43, 2 [% saturation]
# name 16 = v0: Voltage 0
# name 17 = flECO-AFL: Fluorescence, WET Labs ECO-AFL/FL [mg/m^3]
# name 18 = v1: Voltage 1
# name 19 = CStarAt0: Beam Attenuation, WET Labs C-Star [1/m]
# name 20 = par: PAR/Irradiance, Biospherical/Licor
# name 21 = scan: Scan Count
# name 22 = timeM: Time, Elapsed [minutes]
# name 23 = nbin: number of scans per bin
# name 24 = flag: flag
# span 0 =      2.969,     42.554       
# span 1 =   72.20680,   72.20682       
# span 2 = -166.95576, -166.95533       
# span 3 =      3.000,     43.000       
# span 4 =     0.2310,     4.3118       
# span 5 =     0.2319,     4.3127       
# span 6 =     0.2298,     4.3102       
# span 7 =    30.9123,    32.4296       
# span 8 =    30.9232,    32.4683       
# span 9 =  1024.5386,  1026.2023       
# span 10 =    24.5242,    26.0168      
# span 11 =    305.151,    344.210      
# span 12 =    288.715,    310.379      
# span 13 =  321.60167,  352.92654      
# span 14 =     88.600,     97.979      
# span 15 =     83.844,     90.366      
# span 16 =     0.0969,     0.2088      
# span 17 =     0.2337,     0.9049      
# span 18 =     3.1683,     4.1485      
# span 19 =     0.5098,     1.5879      
# span 20 = -2.906e-05, 3.2931e-01      
# span 21 =        265,       4556      
# span 22 =     0.1833,     3.1630      
# span 23 =         19,        562      
# span 24 = 0.0000e+00, 0.0000e+00      
# interval = decibars: 1                
# start_time = Sep 28 2023 13:12:40 [NMEA time, first data scan]
# bad_flag = -9.990e-29
*END*
      2.969   72.20680 -166.95533      3.000     4.1285     4.1296     4.1283    30.9133    30.9244  1024.5386    24.5246    308.237    292.276  323.62621     95.245     90.323     0.1425     0.5071     4.1373     0.5206 3.2931e-01        265     0.1833        465 0.0000e+00
      3.959   72.20680 -166.95535      4.000     4.1278     4.1289     4.1275    30.9130    30.9240  1024.5431    24.5244    308.270    292.227  323.63270     95.253     90.306     0.1440     0.5161     4.1367     0.5213 2.4381e-01        576     0.3995        195 0.0000e+00
      4.949   72.20680 -166.95536      5.000     4.1285     4.1297     4.1282    30.9133    30.9243  1024.5480    24.5246    308.099    291.840  323.62614     95.202     90.188     0.1422     0.5051     4.1377     0.5203 1.6776e-01        720     0.4990        141 0.0000e+00
      5.938   72.20680 -166.95537      6.000     4.1286     4.1298     4.1282    30.9134    30.9244  1024.5527    24.5246    308.300    292.344  323.62531     95.265     90.344     0.1448     0.5208     4.1380     0.5200 1.1700e-01        871     0.6041        159 0.0000e+00
      6.928   72.20680 -166.95539      7.000     4.1280     4.1284     4.1276    30.9131    30.9240  1024.5572    24.5245    308.365    292.096  323.63050     95.283     90.264     0.1460     0.5282     4.1368     0.5212 8.1027e-02       1015     0.7041        113 0.0000e+00
      7.918   72.20680 -166.95540      8.000     4.1256     4.1270     4.1251    30.9126    30.9237  1024.5617    24.5243    308.289    292.209  323.65066     95.254     90.296     0.1492     0.5471     4.1363     0.5216 5.4621e-02       1165     0.8085        131 0.0000e+00
      8.908   72.20681 -166.95542      9.000     4.1248     4.1261     4.1242    30.9124    30.9235  1024.5663    24.5242    308.300    291.613  323.65811     95.255     90.110     0.1466     0.5315     4.1367     0.5213 1.5374e-02       1299     0.9014        152 0.0000e+00
      9.897   72.20682 -166.95544     10.000     4.1243     4.1254     4.1236    30.9123    30.9232  1024.5710    24.5242    308.306    292.305  323.66246     95.255     90.322     0.1469     0.5333     4.1357     0.5222 1.0010e-02       1436     0.9965        137 0.0000e+00
     10.887   72.20681 -166.95546     11.000     4.1256     4.1271     4.1249    30.9131    30.9241  1024.5762    24.5247    308.373    292.435  323.64956     95.280     90.366     0.1439     0.5152     4.1362     0.5217 5.6056e-03       1575     1.0933        146 0.0000e+00
     11.877   72.20681 -166.95548     12.000     4.1258     4.1269     4.1250    30.9135    30.9241  1024.5812    24.5251    308.442    292.383  323.64723     95.302     90.350     0.1384     0.4824     4.1362     0.5217 6.1692e-04       1710     1.1868        119 0.0000e+00
     12.866   72.20681 -166.95549     13.000     4.1419     4.1425     4.1411    30.9362    30.9451  1024.6024    24.5416    308.145    291.483  323.46553     95.264     90.120     0.1414     0.5006     4.1371     0.5208 -2.906e-05       1837     1.2748         77 0.0000e+00
     13.856   72.20680 -166.95550     14.000     4.1257     4.1333     4.1249    30.9584    30.9638  1024.6262    24.5607    308.043    292.071  323.53850     95.211     90.294     0.1457     0.5261     4.1403     0.5177 3.5304e-04       1922     1.3342         93 0.0000e+00
     14.846   72.20680 -166.95551     15.000     4.1009     4.1035     4.0999    30.9681    30.9788  1024.6409    24.5708    308.073    291.584  323.71023     95.169     90.089     0.1519     0.5638     4.1374     0.5206 2.2797e-05       1984     1.3774         65 0.0000e+00
     15.835   72.20680 -166.95552     16.000     4.0837     4.0853     4.0827    30.9795    30.9896  1024.6563    24.5815    308.563    292.235  323.81765     95.289     90.257     0.1497     0.5504     4.1372     0.5208 4.5041e-07       2062     1.4314         71 0.0000e+00
     16.825   72.20680 -166.95552     17.000     4.0840     4.0847     4.0830    30.9985    31.0100  1024.6760    24.5965    308.182    291.348  323.76886     95.186     89.996     0.1526     0.5679     4.1383     0.5197 7.3289e-07       2123     1.4736         47 0.0000e+00
     17.815   72.20681 -166.95553     18.000     4.0738     4.0743     4.0727    31.0064    31.0179  1024.6880    24.6038    308.600    291.390  323.83012     95.297     89.991     0.1530     0.5703     4.1389     0.5191 9.7417e-07       2180     1.5133         77 0.0000e+00
     18.804   72.20682 -166.95554     19.000     4.0807     4.0824     4.0795    31.0151    31.0255  1024.6990    24.6101    308.364    292.230  323.75438     95.246     90.274     0.1554     0.5846     4.1405     0.5175 3.0580e-07       2251     1.5626         48 0.0000e+00
     19.794   72.20682 -166.95554     20.000     4.1514     4.1558     4.1502    31.0528    31.0535  1024.7268    24.6332    307.769    290.784  323.10781     95.253     90.006     0.1597     0.6104     4.1408     0.5173 8.1793e-07       2303     1.5988         62 0.0000e+00
     20.784   72.20682 -166.95554     21.000     4.2621     4.2656     4.2608    31.0981    31.1039  1024.7566    24.6585    307.614    288.715  322.13204     95.493     89.638     0.1559     0.5878     4.1436     0.5146 6.3040e-07       2362     1.6393         54 0.0000e+00
     21.773   72.20682 -166.95556     22.000     4.2711     4.2720     4.2697    31.1146    31.1247  1024.7736    24.6708    305.962    290.014  322.02210     95.013     90.069     0.1542     0.5771     4.1452     0.5130 3.7042e-07       2426     1.6841         67 0.0000e+00
     22.763   72.20682 -166.95556     23.000     4.2822     4.2840     4.2807    31.1177    31.1278  1024.7796    24.6722    305.480    290.015  321.92845     94.891     90.098     0.1542     0.5770     4.1461     0.5121 6.9631e-07       2484     1.7242         49 0.0000e+00
     23.753   72.20682 -166.95556     24.000     4.2889     4.2916     4.2874    31.1279    31.1370  1024.7917    24.6796    305.332    289.563  321.85144     94.867     89.980     0.1528     0.5688     4.1470     0.5113 7.8373e-07       2535     1.7598         54 0.0000e+00
     24.742   72.20682 -166.95557     25.000     4.3118     4.3127     4.3102    31.1574    31.1685  1024.8175    24.7008    305.151    288.767  321.60167     94.885     89.799     0.1537     0.5740     4.1485     0.5098 5.8166e-07       2593     1.8002         58 0.0000e+00
     25.732   72.20682 -166.95558     26.000     4.2335     4.2268     4.2318    31.2252    31.2439  1024.8838    24.7623    305.217    289.466  322.04808     94.774     89.881     0.1559     0.5874     4.1460     0.5122 8.6956e-07       2649     1.8390         58 0.0000e+00
     26.722   72.20682 -166.95558     27.000     3.0063     2.8802     3.0048    31.8946    32.0618  1025.5307    25.4038    310.664    295.282  330.26829     94.076     89.245     0.1667     0.6521     4.1364     0.5215 8.3134e-08       2715     1.8846         62 0.0000e+00
     27.711   72.20682 -166.95558     28.000     0.9583     0.8925     0.9572    32.3395    32.4471  1026.0411    25.9080    318.719    301.796  346.54431     91.973     87.018     0.2088     0.9049     4.0627     0.5937 3.1832e-09       2762     1.9172         41 0.0000e+00
     28.701   72.20682 -166.95560     29.000     0.3990     0.3907     0.3980    32.4296    32.4683  1026.1506    26.0122    344.210    310.379  351.31601     97.979     88.353     0.1784     0.7221     3.8875     0.7699 6.2513e-07       2824     1.9605         72 0.0000e+00
     29.690   72.20682 -166.95560     30.000     0.2930     0.2912     0.2920    32.4288    32.4561  1026.1600    26.0168    329.307    309.862  352.29017     93.476     87.971     0.1343     0.4580     3.7103     0.9568 3.8994e-07       2880     1.9994         43 0.0000e+00
     30.680   72.20682 -166.95560     31.000     0.2721     0.2711     0.2711    32.4241    32.4475  1026.1621    26.0141    319.154    302.332  352.49487     90.541     85.782     0.1222     0.3850     3.5706     1.1103 1.1719e-06       2934     2.0367         65 0.0000e+00
     31.670   72.20682 -166.95562     32.000     0.2470     0.2464     0.2459    32.4196    32.4401  1026.1645    26.0117    316.203    300.313  352.73787     89.642     85.150     0.1116     0.3217     3.4747     1.2190 1.1913e-06       3000     2.0823         64 0.0000e+00
     32.659   72.20682 -166.95562     33.000     0.2361     0.2366     0.2350    32.4164    32.4350  1026.1673    26.0097    315.756    299.295  352.84696     89.488     84.836     0.1068     0.2927     3.4264     1.2751 1.7964e-06       3060     2.1240         48 0.0000e+00
     33.649   72.20682 -166.95562     34.000     0.2323     0.2329     0.2312    32.4142    32.4317  1026.1704    26.0081    315.447    298.160  352.88767     89.390     84.504     0.1064     0.2901     3.3508     1.3648 2.1024e-06       3111     2.1597         64 0.0000e+00
     34.638   72.20682 -166.95563     35.000     0.2310     0.2319     0.2298    32.4118    32.4280  1026.1734    26.0062    314.817    297.805  352.90661     89.207     84.399     0.1078     0.2988     3.3461     1.3699 5.7725e-07       3184     2.2106         74 0.0000e+00
     35.628   72.20682 -166.95564     36.000     0.2312     0.2322     0.2300    32.4095    32.4247  1026.1763    26.0043    314.388    298.157  352.91148     89.084     84.497     0.1068     0.2931     3.3349     1.3833 1.3807e-06       3260     2.2633         74 0.0000e+00
     36.618   72.20682 -166.95567     37.000     0.2355     0.2369     0.2343    32.4050    32.4188  1026.1772    26.0005    313.508    297.182  352.88381     88.842     84.228     0.1108     0.3165     3.2357     1.5090 1.6788e-06       3541     2.4583        562 0.0000e+00
     37.607   72.20682 -166.95572     38.000     0.2368     0.2379     0.2356    32.4011    32.4138  1026.1788    25.9973    312.869    296.573  352.88237     88.661     84.054     0.1061     0.2889     3.2971     1.4282 2.0070e-06       4013     2.7858        107 0.0000e+00
     38.597   72.20682 -166.95573     39.000     0.2366     0.2378     0.2353    32.4010    32.4137  1026.1835    25.9973    313.073    296.143  352.88497     88.718     83.931     0.1118     0.3230     3.2782     1.4520 1.0415e-06       4110     2.8531        126 0.0000e+00
     39.586   72.20682 -166.95574     40.000     0.2355     0.2366     0.2342    32.4008    32.4133  1026.1882    25.9971    312.839    296.680  352.89480     88.650     84.081     0.1043     0.2777     3.2472     1.4900 1.8233e-06       4216     2.9268         99 0.0000e+00
     40.576   72.20682 -166.95575     41.000     0.2361     0.2371     0.2348    32.4005    32.4129  1026.1927    25.9969    312.660    296.514  352.89010     88.600     84.035     0.1057     0.2859     3.2499     1.4866 1.9576e-06       4349     3.0192        110 0.0000e+00
     41.565   72.20682 -166.95576     42.000     0.2341     0.2357     0.2327    32.4002    32.4127  1026.1973    25.9968    312.783    296.433  352.90979     88.630     84.009     0.1085     0.3029     3.2427     1.4956 1.7732e-06       4454     3.0926        123 0.0000e+00
     42.554   72.20682 -166.95576     43.000     0.2322     0.2333     0.2308    32.4003    32.4122  1026.2023    25.9969    312.725    295.872  352.92654     88.609     83.844     0.0969     0.2337     3.1683     1.5879 3.9212e-06       4556     3.1630         19 0.0000e+00
