EcoFOCI/data/1_SampleCollection/2023_SikuliaqDBO_CruiseData/CTD_raw_BottleFile_SKQ23-12S/proc/skq202312s_083svp.cnv
* Sea-Bird SBE 9 Data File:
* FileName = D:\CTD\SKQ202312S\SKQ202312S_083.hex
* Software Version Seasave V 7.26.7.121
* Temperature SN = 6177
* Conductivity SN = 0369
* Number of Bytes Per Scan = 41
* Number of Voltage Words = 4
* Number of Scans Averaged by the Deck Unit = 1
* NMEA Latitude = 65 38.84 N
* NMEA Longitude = 168 16.47 W
* NMEA UTC (Time) = Oct 03 2023  11:08:11
* NMEA baud rate = 4800
** Ship: R/V Sikuliaq
** Station Number: 083
** Station Name: BS2
** Bottom Depth: 45
** Operator: SD
# nquan = 7
# nvalues = 2989                                  
# units = specified
# name 0 = depSM: Depth [salt water, m]
# name 1 = latitude: Latitude [deg]
# name 2 = longitude: Longitude [deg]
# name 3 = t090C: Temperature [ITS-90, deg C]
# name 4 = sal00: Salinity, Practical [PSU]
# name 5 = svCM: Sound Velocity [Chen-Millero, m/s]
# name 6 = flag:  0.000e+00
# span 0 =      2.442,     40.356                 
# span 1 =   65.64734,   65.64734                 
# span 2 = -168.27482, -168.27476                 
# span 3 =     2.9949,     6.6692                 
# span 4 =    28.0364,    32.7355                 
# span 5 =    1460.02,    1473.30                 
# span 6 = 0.0000e+00, 0.0000e+00                 
# interval = seconds: 0.0416667
# start_time = Oct 03 2023 11:11:32 [NMEA time, first data scan]
# bad_flag = -9.990e-29
*END*
[from data line 2872]
     39.487   65.64734 -168.27478     2.9956    32.7293    1460.09  0.000e+00
     39.610   65.64734 -168.27478     2.9957    32.7289    1460.09  0.000e+00
     39.556   65.64734 -168.27478     2.9957    32.7290    1460.09  0.000e+00
     39.556   65.64734 -168.27478     2.9955    32.7290    1460.09  0.000e+00
     39.549   65.64734 -168.27478     2.9954    32.7290    1460.09  0.000e+00
     39.610   65.64734 -168.27478     2.9955    32.7287    1460.09  0.000e+00
     39.556   65.64734 -168.27478     2.9954    32.7290    1460.09  0.000e+00
     39.610   65.64734 -168.27478     2.9955    32.7288    1460.09  0.000e+00
     39.603   65.64734 -168.27478     2.9954    32.7288    1460.09  0.000e+00
     39.610   65.64734 -168.27478     2.9955    32.7293    1460.09  0.000e+00
     39.610   65.64734 -168.27478     2.9956    32.7290    1460.09  0.000e+00
     39.672   65.64734 -168.27478     2.9955    32.7290    1460.09  0.000e+00
     39.656   65.64734 -168.27478     2.9956    32.7289    1460.09  0.000e+00
     39.610   65.64734 -168.27478     2.9955    32.7292    1460.09  0.000e+00
     39.672   65.64734 -168.27478     2.9956    32.7287    1460.09  0.000e+00
     39.718   65.64734 -168.27478     2.9953    32.7289    1460.09  0.000e+00
     39.610   65.64734 -168.27478     2.9954    32.7288    1460.09  0.000e+00
     39.726   65.64734 -168.27478     2.9952    32.7293    1460.09  0.000e+00
     39.726   65.64734 -168.27478     2.9953    32.7290    1460.09  0.000e+00
     39.656   65.64734 -168.27478     2.9954    32.7290    1460.09  0.000e+00
     39.726   65.64734 -168.27478     2.9953    32.7291    1460.09  0.000e+00
     39.726   65.64734 -168.27478     2.9956    32.7290    1460.09  0.000e+00
     39.780   65.64734 -168.27478     2.9952    32.7294    1460.09  0.000e+00
     39.718   65.64734 -168.27478     2.9956    32.7286    1460.09  0.000e+00
     39.726   65.64734 -168.27478     2.9955    32.7290    1460.09  0.000e+00
     39.780   65.64734 -168.27478     2.9952    32.7293    1460.09  0.000e+00
     39.772   65.64734 -168.27478     2.9955    32.7289    1460.09  0.000e+00
     39.780   65.64734 -168.27478     2.9956    32.7288    1460.09  0.000e+00
     39.780   65.64734 -168.27478     2.9952    32.7292    1460.09  0.000e+00
     39.780   65.64734 -168.27478     2.9954    32.7287    1460.09  0.000e+00
     39.834   65.64734 -168.27478     2.9955    32.7287    1460.09  0.000e+00
     39.780   65.64734 -168.27478     2.9952    32.7295    1460.09  0.000e+00
     39.841   65.64734 -168.27478     2.9953    32.7292    1460.09  0.000e+00
     39.841   65.64734 -168.27478     2.9954    32.7290    1460.09  0.000e+00
     39.833   65.64734 -168.27478     2.9952    32.7294    1460.09  0.000e+00
     39.841   65.64734 -168.27478     2.9952    32.7289    1460.09  0.000e+00
     39.841   65.64734 -168.27478     2.9953    32.7288    1460.09  0.000e+00
     39.895   65.64734 -168.27478     2.9952    32.7292    1460.10  0.000e+00
     39.887   65.64734 -168.27478     2.9951    32.7293    1460.09  0.000e+00
     39.895   65.64734 -168.27478     2.9954    32.7290    1460.10  0.000e+00
     39.841   65.64734 -168.27478     2.9952    32.7294    1460.09  0.000e+00
     39.949   65.64734 -168.27478     2.9952    32.7293    1460.10  0.000e+00
     39.895   65.64734 -168.27478     2.9954    32.7292    1460.10  0.000e+00
     39.957   65.64734 -168.27478     2.9952    32.7293    1460.10  0.000e+00
     39.957   65.64734 -168.27478     2.9951    32.7295    1460.10  0.000e+00
     39.949   65.64734 -168.27478     2.9952    32.7294    1460.10  0.000e+00
     39.895   65.64734 -168.27478     2.9954    32.7295    1460.10  0.000e+00
     40.011   65.64734 -168.27478     2.9953    32.7295    1460.10  0.000e+00
     39.957   65.64734 -168.27478     2.9952    32.7294    1460.10  0.000e+00
     40.003   65.64734 -168.27478     2.9953    32.7290    1460.10  0.000e+00
     40.011   65.64734 -168.27478     2.9954    32.7294    1460.10  0.000e+00
     40.011   65.64734 -168.27478     2.9955    32.7291    1460.10  0.000e+00
     40.011   65.64734 -168.27478     2.9952    32.7293    1460.10  0.000e+00
     40.057   65.64734 -168.27478     2.9952    32.7292    1460.10  0.000e+00
     40.126   65.64734 -168.27478     2.9952    32.7294    1460.10  0.000e+00
     40.072   65.64734 -168.27478     2.9951    32.7295    1460.10  0.000e+00
     40.126   65.64734 -168.27478     2.9951    32.7292    1460.10  0.000e+00
     40.119   65.64734 -168.27478     2.9951    32.7290    1460.10  0.000e+00
     40.072   65.64734 -168.27478     2.9949    32.7295    1460.10  0.000e+00
     40.072   65.64734 -168.27478     2.9951    32.7290    1460.10  0.000e+00
     40.010   65.64734 -168.27478     2.9949    32.7289    1460.10  0.000e+00
     40.003   65.64734 -168.27478     2.9951    32.7293    1460.10  0.000e+00
     39.956   65.64734 -168.27478     2.9951    32.7295    1460.10  0.000e+00
     39.956   65.64734 -168.27478     2.9951    32.7297    1460.10  0.000e+00
     40.003   65.64734 -168.27478     2.9951    32.7299    1460.10  0.000e+00
     39.956   65.64734 -168.27478     2.9953    32.7291    1460.10  0.000e+00
     40.010   65.64734 -168.27478     2.9952    32.7294    1460.10  0.000e+00
     40.010   65.64734 -168.27478     2.9953    32.7294    1460.10  0.000e+00
     40.003   65.64734 -168.27478     2.9951    32.7295    1460.10  0.000e+00
     40.072   65.64734 -168.27478     2.9954    32.7291    1460.10  0.000e+00
     40.010   65.64734 -168.27478     2.9951    32.7295    1460.10  0.000e+00
     40.126   65.64734 -168.27478     2.9952    32.7294    1460.10  0.000e+00
     40.118   65.64734 -168.27478     2.9952    32.7291    1460.10  0.000e+00
     40.072   65.64734 -168.27478     2.9952    32.7294    1460.10  0.000e+00
     40.072   65.64734 -168.27478     2.9951    32.7296    1460.10  0.000e+00
     40.126   65.64734 -168.27478     2.9954    32.7291    1460.10  0.000e+00
     40.118   65.64734 -168.27478     2.9953    32.7287    1460.10  0.000e+00
     40.072   65.64734 -168.27478     2.9954    32.7289    1460.10  0.000e+00
     40.072   65.64734 -168.27478     2.9953    32.7288    1460.10  0.000e+00
     40.072   65.64734 -168.27478     2.9952    32.7289    1460.10  0.000e+00
     40.002   65.64734 -168.27478     2.9953    32.7289    1460.10  0.000e+00
     40.072   65.64734 -168.27478     2.9952    32.7295    1460.10  0.000e+00
     40.072   65.64734 -168.27478     2.9952    32.7292    1460.10  0.000e+00
     40.118   65.64734 -168.27478     2.9954    32.7292    1460.10  0.000e+00
     40.072   65.64734 -168.27478     2.9952    32.7294    1460.10  0.000e+00
     40.072   65.64734 -168.27478     2.9954    32.7292    1460.10  0.000e+00
     40.180   65.64734 -168.27478     2.9953    32.7291    1460.10  0.000e+00
     40.118   65.64734 -168.27478     2.9954    32.7295    1460.10  0.000e+00
     40.126   65.64734 -168.27478     2.9953    32.7292    1460.10  0.000e+00
     40.180   65.64734 -168.27478     2.9952    32.7292    1460.10  0.000e+00
     40.180   65.64734 -168.27478     2.9953    32.7291    1460.10  0.000e+00
     40.172   65.64734 -168.27478     2.9952    32.7290    1460.10  0.000e+00
     40.180   65.64734 -168.27478     2.9952    32.7291    1460.10  0.000e+00
     40.179   65.64734 -168.27478     2.9952    32.7294    1460.10  0.000e+00
     40.179   65.64734 -168.27478     2.9952    32.7290    1460.10  0.000e+00
     40.172   65.64734 -168.27478     2.9953    32.7290    1460.10  0.000e+00
     40.125   65.64734 -168.27478     2.9954    32.7290    1460.10  0.000e+00
     40.179   65.64734 -168.27478     2.9953    32.7289    1460.10  0.000e+00
     40.179   65.64734 -168.27478     2.9952    32.7293    1460.10  0.000e+00
     40.172   65.64734 -168.27478     2.9952    32.7290    1460.10  0.000e+00
     40.241   65.64734 -168.27478     2.9952    32.7293    1460.10  0.000e+00
     40.179   65.64734 -168.27478     2.9955    32.7292    1460.10  0.000e+00
     40.241   65.64734 -168.27478     2.9954    32.7295    1460.10  0.000e+00
     40.287   65.64734 -168.27478     2.9955    32.7296    1460.10  0.000e+00
     40.241   65.64734 -168.27478     2.9952    32.7296    1460.10  0.000e+00
     40.241   65.64734 -168.27478     2.9955    32.7292    1460.10  0.000e+00
     40.295   65.64734 -168.27478     2.9954    32.7289    1460.10  0.000e+00
     40.287   65.64734 -168.27478     2.9955    32.7288    1460.10  0.000e+00
     40.241   65.64734 -168.27478     2.9956    32.7290    1460.10  0.000e+00
     40.295   65.64734 -168.27478     2.9953    32.7291    1460.10  0.000e+00
     40.295   65.64734 -168.27478     2.9956    32.7291    1460.10  0.000e+00
     40.287   65.64734 -168.27478     2.9952    32.7293    1460.10  0.000e+00
     40.295   65.64734 -168.27478     2.9952    32.7293    1460.10  0.000e+00
     40.295   65.64734 -168.27478     2.9952    32.7296    1460.10  0.000e+00
     40.287   65.64734 -168.27478     2.9954    32.7291    1460.10  0.000e+00
     40.241   65.64734 -168.27478     2.9952    32.7292    1460.10  0.000e+00
     40.356   65.64734 -168.27478     2.9952    32.7289    1460.10  0.000e+00
