EcoFOCI/data/1_SampleCollection/2023_SikuliaqDBO_CruiseData/CTD_raw_BottleFile_SKQ23-12S/proc/skq202312s_025.ros
* Sea-Bird SBE 9 Data File:
* FileName = D:\CTD\SKQ202312S\SKQ202312S_025.hex
* Software Version Seasave V 7.26.7.121
* Temperature SN = 6177
* Conductivity SN = 0369
* Number of Bytes Per Scan = 41
* Number of Voltage Words = 4
* Number of Scans Averaged by the Deck Unit = 1
* NMEA Latitude = 71 14.81 N
* NMEA Longitude = 157 09.84 W
* NMEA UTC (Time) = Sep 20 2023  21:07:47
* NMEA baud rate = 4800
** Ship: R/V Sikuliaq
** Station Number: 025
** Station Name: DBO5.1
** Bottom Depth: 46
** Operator: SD
# nquan = 22
# nvalues = 882                                   
# units = specified
# name 0 = depSM: Depth [salt water, m]
# name 1 = latitude: Latitude [deg]
# name 2 = longitude: Longitude [deg]
# name 3 = prDM: Pressure, Digiquartz [db]
# name 4 = t090C: Temperature [ITS-90, deg C]
# name 5 = t190C: Temperature, 2 [ITS-90, deg C]
# name 6 = potemp090C: Potential Temperature [ITS-90, deg C]
# name 7 = sal00: Salinity, Practical [PSU]
# name 8 = sal11: Salinity, Practical, 2 [PSU]
# name 9 = density00: Density [density, kg/m^3]
# name 10 = sigma-é00: Density [sigma-theta, kg/m^3]
# name 11 = sbox0Mm/Kg: Oxygen, SBE 43 [umol/kg]
# name 12 = sbox1Mm/Kg: Oxygen, SBE 43, 2 [umol/kg]
# name 13 = oxsolMm/Kg: Oxygen Saturation, Garcia & Gordon [umol/kg]
# name 14 = sbeox0PS: Oxygen, SBE 43 [% saturation]
# name 15 = v0: Voltage 0
# name 16 = flECO-AFL: Fluorescence, WET Labs ECO-AFL/FL [mg/m^3]
# name 17 = CStarAt0: Beam Attenuation, WET Labs C-Star [1/m]
# name 18 = par: PAR/Irradiance, Biospherical/Licor
# name 19 = scan: Scan Count
# name 20 = nbf: Bottles Fired
# name 21 = flag:  0.000e+00
# interval = seconds: 0.0416667
# start_time = Sep 20 2023 21:11:24 [NMEA time, first data scan]
# bad_flag = -9.990e-29
*END*
[from data line 791]
      3.881   71.24684 -157.16440      3.921     3.9938     4.0014     3.9936    30.1485    30.1528  1023.9480    23.9296    312.465    299.620  326.56249     95.683     0.1868     0.7729     1.8808 5.5247e+01      21970         17  0.000e+00
      3.943   71.24684 -157.16440      3.983     3.9939     3.9994     3.9937    30.1482    30.1531  1023.9480    23.9294    312.717    299.642  326.56252     95.760     0.1880     0.7802     1.8808 5.5247e+01      21971         17  0.000e+00
      3.943   71.24684 -157.16440      3.983     3.9938     3.9977     3.9936    30.1486    30.1524  1023.9484    23.9297    312.720    299.635  326.56228     95.761     0.1868     0.7729     1.8808 5.4936e+01      21972         17  0.000e+00
      3.881   71.24684 -157.16440      3.921     3.9936     3.9959     3.9934    30.1494    30.1532  1023.9487    23.9303    312.719    299.638  326.56210     95.761     0.1880     0.7802     1.8824 5.4474e+01      21973         17  0.000e+00
      3.943   71.24684 -157.16440      3.983     3.9937     3.9936     3.9934    30.1514    30.1543  1023.9506    23.9320    312.716    299.645  326.55664     95.762     0.1868     0.7729     1.8824 5.4474e+01      21974         17  0.000e+00
      3.943   71.24684 -157.16440      3.983     3.9938     3.9916     3.9935    30.1524    30.1554  1023.9514    23.9327    312.533    299.641  326.55342     95.706     0.1880     0.7802     1.8824 5.4168e+01      21975         17  0.000e+00
      3.881   71.24684 -157.16440      3.921     3.9939     3.9914     3.9937    30.1526    30.1554  1023.9513    23.9329    312.530    299.617  326.55160     95.706     0.1856     0.7656     1.8824 5.3712e+01      21976         17  0.000e+00
      3.943   71.24684 -157.16440      3.983     3.9942     3.9921     3.9939    30.1513    30.1548  1023.9505    23.9318    312.502    299.779  326.55328     95.697     0.1868     0.7729     1.8824 5.3561e+01      21977         17  0.000e+00
      3.943   71.24684 -157.16440      3.983     3.9946     3.9935     3.9943    30.1488    30.1544  1023.9485    23.9298    312.473    299.755  326.55593     95.687     0.1856     0.7656     1.8824 5.3410e+01      21978         17  0.000e+00
      3.881   71.24684 -157.16440      3.921     3.9945     3.9953     3.9942    30.1462    30.1547  1023.9461    23.9278    312.659    299.717  326.56309     95.742     0.1868     0.7729     1.8824 5.2960e+01      21979         17  0.000e+00
      3.943   71.24684 -157.16440      3.984     3.9943     3.9968     3.9940    30.1433    30.1553  1023.9441    23.9254    312.457    299.703  326.57203     95.678     0.1868     0.7729     1.8824 5.2960e+01      21980         17  0.000e+00
      3.943   71.24684 -157.16440      3.984     3.9933     3.9969     3.9931    30.1418    30.1561  1023.9430    23.9243    312.402    299.691  326.58333     95.658     0.1868     0.7729     1.8824 5.2811e+01      21981         17  0.000e+00
      3.943   71.24684 -157.16440      3.984     3.9919     3.9961     3.9917    30.1415    30.1579  1023.9429    23.9242    312.346    299.679  326.59488     95.637     0.1856     0.7656     1.8824 5.2515e+01      21982         17  0.000e+00
      3.943   71.24684 -157.16440      3.984     3.9912     3.9955     3.9909    30.1411    30.1595  1023.9427    23.9240    312.284    299.661  326.60210     95.616     0.1880     0.7802     1.8824 5.2367e+01      21983         17  0.000e+00
      3.881   71.24684 -157.16440      3.921     3.9902     3.9958     3.9900    30.1414    30.1606  1023.9427    23.9243    312.321    299.651  326.60912     95.625     0.1893     0.7875     1.8824 5.2367e+01      21984         17  0.000e+00
      3.943   71.24684 -157.16440      3.984     3.9896     3.9966     3.9893    30.1422    30.1603  1023.9437    23.9250    312.540    299.641  326.61215     95.691     0.1893     0.7875     1.8824 5.2219e+01      21985         17  0.000e+00
      3.943   71.24684 -157.16440      3.984     3.9889     3.9959     3.9887    30.1425    30.1609  1023.9440    23.9253    312.475    299.824  326.61641     95.670     0.1880     0.7802     1.8824 5.2073e+01      21986         17  0.000e+00
      3.858   71.24684 -157.16440      3.898     3.9888     3.9958     3.9885    30.1423    30.1603  1023.9435    23.9252    312.467    299.637  326.61805     95.668     0.1893     0.7875     1.8824 5.2073e+01      21987         17  0.000e+00
      3.943   71.24684 -157.16440      3.984     3.9889     3.9955     3.9887    30.1418    30.1598  1023.9434    23.9248    312.251    299.813  326.61800     95.601     0.1880     0.7802     1.8824 5.2073e+01      21988         17  0.000e+00
      3.943   71.24684 -157.16440      3.984     3.9888     3.9953     3.9885    30.1424    30.1599  1023.9439    23.9252    312.245    299.832  326.61796     95.600     0.1893     0.7875     1.8477 5.1926e+01      21989         17  0.000e+00
      3.881   71.24684 -157.16440      3.921     3.9881     3.9949     3.9879    30.1433    30.1594  1023.9444    23.9260    312.387    299.633  326.62066     95.642     0.1880     0.7802     1.8198 5.1926e+01      21990         17  0.000e+00
      3.881   71.24684 -157.16440      3.921     3.9885     3.9949     3.9882    30.1437    30.1593  1023.9447    23.9263    312.196    299.811  326.61726     95.585     0.1893     0.7875     1.8149 5.1926e+01      21991         17  0.000e+00
      3.943   71.24684 -157.16440      3.984     3.9893     3.9942     3.9890    30.1439    30.1602  1023.9451    23.9264    312.365    299.820  326.61030     95.638     0.1905     0.7949     1.8166 5.2073e+01      21992         17  0.000e+00
      3.882   71.24684 -157.16440      3.922     3.9900     3.9939     3.9898    30.1443    30.1610  1023.9450    23.9266    312.380    299.818  326.60310     95.645     0.1893     0.7875     1.8182 5.1926e+01      21993         17  0.000e+00
      3.882   71.24684 -157.16440      3.922     3.9912     3.9930     3.9909    30.1453    30.1625  1023.9457    23.9274    312.394    299.817  326.59174     95.653     0.1905     0.7949     1.8182 5.2073e+01      21994         17  0.000e+00
      3.882   71.24684 -157.16440      3.922     3.9924     3.9919     3.9922    30.1454    30.1632  1023.9456    23.9272    312.162    299.814  326.58163     95.585     0.1893     0.7875     1.8182 5.2219e+01      21995         17  0.000e+00
      3.882   71.24684 -157.16440      3.922     3.9925     3.9908     3.9923    30.1443    30.1634  1023.9448    23.9264    312.157    299.809  326.58346     95.583     0.1905     0.7949     1.8182 5.2219e+01      21996         17  0.000e+00
      3.882   71.24684 -157.16440      3.922     3.9925     3.9916     3.9923    30.1432    30.1629  1023.9439    23.9255    312.154    299.785  326.58608     95.581     0.1893     0.7875     1.8182 5.2219e+01      21997         17  0.000e+00
      3.828   71.24684 -157.16440      3.867     3.9929     3.9949     3.9927    30.1432    30.1605  1023.9436    23.9255    312.145    299.738  326.58326     95.579     0.1905     0.7949     1.8182 5.2367e+01      21998         17  0.000e+00
      3.882   71.24684 -157.16440      3.922     3.9932     3.9980     3.9929    30.1438    30.1587  1023.9444    23.9260    312.140    299.905  326.57948     95.579     0.1893     0.7875     1.8182 5.2515e+01      21999         17  0.000e+00
      3.828   71.24684 -157.16440      3.867     3.9931     4.0005     3.9928    30.1446    30.1609  1023.9447    23.9266    312.102    299.888  326.57843     95.567     0.1905     0.7949     1.8182 5.2663e+01      22000         17  0.000e+00
      3.882   71.24684 -157.16440      3.922     3.9938     4.0025     3.9936    30.1452    30.1653  1023.9454    23.9270    312.274    299.871  326.57102     95.622     0.1893     0.7875     1.8182 5.2960e+01      22001         17  0.000e+00
      3.766   71.24684 -157.16440      3.805     3.9963     4.0042     3.9961    30.1446    30.1689  1023.9441    23.9263    312.066    299.847  326.55253     95.564     0.1893     0.7875     1.8182 5.3110e+01      22002         17  0.000e+00
      3.882   71.24684 -157.16440      3.922     3.9982     4.0039     3.9979    30.1438    30.1704  1023.9439    23.9255    312.021    299.849  326.53973     95.554     0.1893     0.7875     1.8182 5.3260e+01      22003         17  0.000e+00
      3.828   71.24684 -157.16440      3.867     4.0004     4.0048     4.0002    30.1420    30.1695  1023.9420    23.9238    312.181    299.836  326.52619     95.607     0.1893     0.7875     1.8182 5.3561e+01      22004         17  0.000e+00
      3.766   71.24684 -157.16440      3.805     4.0024     4.0049     4.0022    30.1395    30.1686  1023.9396    23.9217    311.984    299.824  326.51620     95.549     0.1893     0.7875     1.8198 5.3863e+01      22005         17  0.000e+00
      3.797   71.24684 -157.16440      3.836     4.0037     4.0035     4.0035    30.1371    30.1632  1023.9376    23.9197    312.191    299.834  326.51171     95.614     0.1905     0.7949     1.8182 5.3863e+01      22006         17  0.000e+00
      3.766   71.24684 -157.16440      3.805     4.0028     4.0025     4.0026    30.1375    30.1564  1023.9379    23.9200    312.016    299.836  326.51839     95.558     0.1893     0.7875     1.8182 5.4321e+01      22007         17  0.000e+00
      3.766   71.24684 -157.16440      3.805     4.0020     4.0021     4.0017    30.1380    30.1517  1023.9383    23.9205    312.022    299.826  326.52385     95.559     0.1893     0.7875     1.8182 5.4628e+01      22008         17  0.000e+00
      3.766   71.24684 -157.16438      3.805     4.0026     4.0033     4.0024    30.1359    30.1477  1023.9366    23.9188    312.235    299.820  326.52350     95.624     0.1893     0.7875     1.8461 5.4628e+01      22009         17  0.000e+00
      3.712   71.24684 -157.16438      3.751     4.0031     4.0049     4.0028    30.1338    30.1445  1023.9347    23.9171    312.055    299.802  326.52533     95.569     0.1893     0.7875     1.8808 5.5247e+01      22010         17  0.000e+00
      3.766   71.24684 -157.16438      3.805     4.0036     4.0060     4.0034    30.1315    30.1423  1023.9331    23.9152    312.061    299.765  326.52669     95.570     0.1893     0.7875     1.8891 5.5559e+01      22011         17  0.000e+00
      4.000   71.24684 -157.16440      4.041     3.9948     3.9933     3.9945    30.1621    30.1563  1023.9592    23.9403    312.282    299.056  326.52169     95.639     0.1795     0.7289     1.8510 5.0058e+01      22096         18  0.000e+00
      4.000   71.24684 -157.16440      4.041     4.0012     3.9936     4.0010    30.1647    30.1566  1023.9607    23.9418    312.223    299.049  326.46412     95.638     0.1807     0.7362     1.8510 5.0058e+01      22097         18  0.000e+00
      4.000   71.24684 -157.16440      4.041     4.0042     3.9936     4.0040    30.1608    30.1575  1023.9574    23.9384    312.209    299.044  326.44973     95.638     0.1795     0.7289     1.8510 4.9777e+01      22098         18  0.000e+00
      4.000   71.24684 -157.16440      4.041     4.0039     3.9933     4.0036    30.1581    30.1580  1023.9553    23.9363    312.009    299.042  326.45930     95.574     0.1807     0.7362     1.8510 4.9777e+01      22099         18  0.000e+00
      4.000   71.24684 -157.16440      4.041     4.0031     3.9931     4.0029    30.1572    30.1579  1023.9547    23.9357    311.988    299.039  326.46725     95.565     0.1807     0.7362     1.8510 4.9777e+01      22100         18  0.000e+00
      4.000   71.24684 -157.16440      4.042     4.0018     3.9935     4.0016    30.1590    30.1577  1023.9562    23.9372    312.215    299.034  326.47344     95.633     0.1807     0.7362     1.8510 4.9777e+01      22101         18  0.000e+00
      4.000   71.24684 -157.16440      4.042     4.0015     3.9935     4.0013    30.1627    30.1574  1023.9591    23.9402    312.003    299.031  326.46644     95.570     0.1807     0.7362     1.8510 4.9917e+01      22102         18  0.000e+00
      3.946   71.24684 -157.16440      3.987     4.0028     3.9935     4.0026    30.1656    30.1572  1023.9611    23.9424    311.958    299.026  326.44926     95.561     0.1807     0.7362     1.8510 4.9917e+01      22103         18  0.000e+00
      4.000   71.24684 -157.16440      4.042     4.0040     3.9936     4.0038    30.1660    30.1571  1023.9615    23.9426    311.926    299.023  326.43859     95.554     0.1807     0.7362     1.8510 5.0058e+01      22104         18  0.000e+00
      3.946   71.24684 -157.16440      3.987     4.0050     3.9936     4.0048    30.1653    30.1569  1023.9607    23.9420    311.895    299.018  326.43226     95.547     0.1807     0.7362     1.8510 5.0341e+01      22105         18  0.000e+00
      4.031   71.24684 -157.16440      4.073     4.0054     3.9941     4.0052    30.1633    30.1568  1023.9594    23.9403    311.879    299.014  326.43389     95.541     0.1807     0.7362     1.8510 5.0341e+01      22106         18  0.000e+00
      3.946   71.24684 -157.16440      3.987     4.0050     3.9939     4.0048    30.1620    30.1571  1023.9580    23.9393    311.863    299.008  326.44039     95.534     0.1807     0.7362     1.8510 5.0626e+01      22107         18  0.000e+00
      4.000   71.24684 -157.16440      4.042     4.0047     3.9935     4.0044    30.1585    30.1575  1023.9555    23.9366    311.859    298.818  326.45160     95.530     0.1819     0.7436     1.8510 5.1055e+01      22108         18  0.000e+00
      3.947   71.24684 -157.16440      3.987     4.0035     3.9935     4.0033    30.1529    30.1571  1023.9509    23.9322    311.863    298.793  326.47469     95.524     0.1807     0.7362     1.8510 5.1055e+01      22109         18  0.000e+00
      3.947   71.24684 -157.16440      3.987     4.0000     3.9936     3.9997    30.1481    30.1572  1023.9474    23.9287    311.890    298.769  326.51492     95.521     0.1819     0.7436     1.8444 5.1344e+01      22110         18  0.000e+00
      3.947   71.24684 -157.16440      3.987     3.9971     3.9935     3.9968    30.1457    30.1566  1023.9458    23.9271    311.907    298.749  326.54378     95.518     0.1856     0.7656     1.8362 5.1926e+01      22111         18  0.000e+00
      3.947   71.24684 -157.16440      3.987     3.9955     3.9931     3.9953    30.1463    30.1559  1023.9464    23.9277    311.906    298.732  326.55445     95.514     0.1880     0.7802     1.8346 5.2073e+01      22112         18  0.000e+00
      3.947   71.24684 -157.16440      3.987     3.9955     3.9927     3.9953    30.1474    30.1559  1023.9473    23.9286    311.893    298.715  326.55183     95.511     0.1868     0.7729     1.8346 5.2367e+01      22113         18  0.000e+00
      3.885   71.24684 -157.16440      3.925     3.9959     3.9930     3.9957    30.1482    30.1558  1023.9476    23.9292    311.875    298.691  326.54655     95.507     0.1868     0.7729     1.8346 5.2960e+01      22114         18  0.000e+00
      3.885   71.24684 -157.16440      3.925     3.9971     3.9938     3.9969    30.1466    30.1559  1023.9462    23.9278    311.861    298.666  326.54125     95.504     0.1868     0.7729     1.8362 5.3260e+01      22115         18  0.000e+00
      3.947   71.24684 -157.16440      3.987     3.9974     3.9961     3.9971    30.1446    30.1555  1023.9449    23.9262    311.859    298.633  326.54394     95.503     0.1868     0.7729     1.8346 5.3410e+01      22116         18  0.000e+00
      3.885   71.24684 -157.16440      3.925     3.9965     3.9982     3.9962    30.1446    30.1556  1023.9447    23.9263    311.859    298.596  326.55112     95.501     0.1856     0.7656     1.8346 5.4321e+01      22117         18  0.000e+00
