EcoFOCI/data/1_SampleCollection/2023_SikuliaqDBO_CruiseData/CTD_raw_BottleFile_SKQ23-12S/proc/skq202312s_034avg.cnv
* Sea-Bird SBE 9 Data File:
* FileName = D:\CTD\SKQ202312S\SKQ202312S_034.hex
* Software Version Seasave V 7.26.7.121
* Temperature SN = 6177
* Conductivity SN = 0369
* Number of Bytes Per Scan = 41
* Number of Voltage Words = 4
* Number of Scans Averaged by the Deck Unit = 1
* NMEA Latitude = 71 37.15 N
* NMEA Longitude = 157 55.43 W
* NMEA UTC (Time) = Sep 21 2023  16:36:56
* NMEA baud rate = 4800
** Ship: R/V Sikuliaq
** Station Number: 034
** Station Name: DBO5.10
** Bottom Depth: 62
** Operator: SD
# nquan = 25
# nvalues = 54                          
# units = specified
# name 0 = depSM: Depth [salt water, m]
# name 1 = latitude: Latitude [deg]
# name 2 = longitude: Longitude [deg]
# name 3 = prDM: Pressure, Digiquartz [db]
# name 4 = t090C: Temperature [ITS-90, deg C]
# name 5 = t190C: Temperature, 2 [ITS-90, deg C]
# name 6 = potemp090C: Potential Temperature [ITS-90, deg C]
# name 7 = sal00: Salinity, Practical [PSU]
# name 8 = sal11: Salinity, Practical, 2 [PSU]
# name 9 = density00: Density [density, kg/m^3]
# name 10 = sigma-é00: Density [sigma-theta, kg/m^3]
# name 11 = sbox0Mm/Kg: Oxygen, SBE 43 [umol/kg]
# name 12 = sbox1Mm/Kg: Oxygen, SBE 43, 2 [umol/kg]
# name 13 = oxsolMm/Kg: Oxygen Saturation, Garcia & Gordon [umol/kg]
# name 14 = sbeox0PS: Oxygen, SBE 43 [% saturation]
# name 15 = sbeox1PS: Oxygen, SBE 43, 2 [% saturation]
# name 16 = v0: Voltage 0
# name 17 = flECO-AFL: Fluorescence, WET Labs ECO-AFL/FL [mg/m^3]
# name 18 = v1: Voltage 1
# name 19 = CStarAt0: Beam Attenuation, WET Labs C-Star [1/m]
# name 20 = par: PAR/Irradiance, Biospherical/Licor
# name 21 = scan: Scan Count
# name 22 = timeM: Time, Elapsed [minutes]
# name 23 = nbin: number of scans per bin
# name 24 = flag: flag
# span 0 =      3.959,     56.410       
# span 1 =   71.61914,   71.61918       
# span 2 = -157.92402, -157.92392       
# span 3 =      4.000,     57.000       
# span 4 =    -1.6560,     2.3198       
# span 5 =    -1.6731,     2.3165       
# span 6 =    -1.6570,     2.3196       
# span 7 =    29.6654,    32.8883       
# span 8 =    29.6776,    32.9122       
# span 9 =  1023.7026,  1026.7269       
# span 10 =    23.6789,    26.4607      
# span 11 =    278.515,    380.921      
# span 12 =    264.320,    360.766      
# span 13 =  341.65574,  369.77875      
# span 14 =     75.370,    106.946      
# span 15 =     71.487,    100.936      
# span 16 =     0.0691,     0.1704      
# span 17 =     0.0665,     0.6745      
# span 18 =     3.1872,     4.1918      
# span 19 =     0.4683,     1.5654      
# span 20 = -9.165e-05, 9.5907e+00      
# span 21 =       -173,       4804      
# span 22 =    -0.1208,     3.3356      
# span 23 =         22,        327      
# span 24 = 0.0000e+00, 0.0000e+00      
# interval = decibars: 1                
# start_time = Sep 21 2023 16:38:35 [NMEA time, first data scan]
# bad_flag = -9.990e-29
*END*
      3.959   71.61916 -157.92398      4.000     2.2818     2.2891     2.2817    29.6883    29.6940  1023.7188    23.6998    349.612    333.334  341.92342    102.249     97.510     0.1615     0.6211     4.1327     0.5251 9.5907e+00       -173    -0.1208         35 0.0000e+00
      4.949   71.61916 -157.92398      5.000     2.3198     2.3091     2.3196    29.6654    29.6824  1023.7026    23.6789    349.042    333.841  341.65574    102.162     97.699     0.1648     0.6409     4.1365     0.5214 8.4986e+00        356     0.2468        217 0.0000e+00
      5.939   71.61916 -157.92398      6.000     2.3117     2.3116     2.3115    29.6708    29.6806  1023.7123    23.6838    349.829    334.027  341.71142    102.375     97.758     0.1704     0.6745     4.1343     0.5234 7.4590e+00        530     0.3674        108 0.0000e+00
      6.928   71.61916 -157.92398      7.000     2.3135     2.3095     2.3131    29.6700    29.6825  1023.7162    23.6830    349.896    334.467  341.69865    102.399     97.883     0.1673     0.6558     4.1351     0.5228 6.5693e+00        636     0.4412        130 0.0000e+00
      7.918   71.61916 -157.92397      8.000     2.3181     2.3165     2.3177    29.6672    29.6776  1023.7184    23.6805    349.557    334.679  341.66659    102.309     97.959     0.1697     0.6700     4.1347     0.5231 5.8520e+00        771     0.5351        219 0.0000e+00
      8.908   71.61916 -157.92396      9.000     2.3151     2.3120     2.3147    29.6750    29.6868  1023.7296    23.6870    350.156    334.385  341.67125    102.483     97.868     0.1699     0.6715     4.1360     0.5219 5.3910e+00        935     0.6489         51 0.0000e+00
      9.898   71.61916 -157.92396     10.000     2.1990     2.2584     2.1986    29.7760    29.7339  1023.8229    23.7755    351.364    335.226  342.41087    102.615     98.017     0.1679     0.6595     4.1362     0.5217 4.5616e+00       1050     0.7285        166 0.0000e+00
     10.887   71.61916 -157.92396     11.000     1.0710     1.1293     1.0706    30.7316    30.6952  1024.6583    24.6059    358.889    342.946  349.97918    102.557     98.106     0.1686     0.6635     4.1270     0.5306 4.1766e+00       1222     0.8476        125 0.0000e+00
     11.877   71.61916 -157.92396     12.000     0.3872     0.3969     0.3868    31.2738    31.2758  1025.1378    25.0804    379.212    357.776  354.63569    106.946    100.936     0.1642     0.6372     4.1378     0.5202 3.7354e+00       1369     0.9498        193 0.0000e+00
     12.867   71.61916 -157.92396     13.000    -0.4587    -0.4909    -0.4590    31.9034    31.9383  1025.6881    25.6257    380.921    360.766  360.78412    105.581     99.939     0.1495     0.5494     4.1444     0.5138 3.4773e+00       1486     1.0313         43 0.0000e+00
     13.856   71.61917 -157.92395     14.000    -0.5058    -0.5080    -0.5062    31.8956    31.9024  1025.6883    25.6211    374.479    359.201  361.26103    103.659     99.428     0.1360     0.4681     4.1424     0.5157 2.8827e+00       1607     1.1150         86 0.0000e+00
     14.846   71.61918 -157.92395     15.000    -0.5793    -0.6146    -0.5797    31.9111    31.9409  1025.7084    25.6364    368.546    355.149  361.92008    101.829     98.058     0.1373     0.4755     4.1415     0.5165 2.6123e+00       1766     1.2259         97 0.0000e+00
     15.836   71.61916 -157.92396     16.000    -0.9353    -0.9404    -0.9357    32.0374    32.0509  1025.8276    25.7505    373.256    357.891  365.00330    102.261     98.049     0.1312     0.4392     4.1422     0.5159 2.4040e+00       1816     1.2606         43 0.0000e+00
     16.826   71.61917 -157.92395     17.000    -1.0257    -1.0246    -1.0261    32.0704    32.0795  1025.8620    25.7800    371.108    353.853  365.79037    101.454     96.747     0.1338     0.4545     4.1449     0.5133 2.1125e+00       1869     1.2972         63 0.0000e+00
     17.815   71.61918 -157.92394     18.000    -1.1738    -1.1786    -1.1742    32.1114    32.1245  1025.9044    25.8176    369.159    351.724  367.12514    100.554     95.802     0.1429     0.5098     4.1505     0.5079 1.8061e+00       1946     1.3510         70 0.0000e+00
     18.805   71.61918 -157.92394     19.000    -1.2794    -1.2821    -1.2798    32.1570    32.1706  1025.9492    25.8575    376.326    359.814  368.03494    102.253     97.770     0.1415     0.5008     4.1703     0.4889 1.6347e+00       1995     1.3845         34 0.0000e+00
     19.795   71.61918 -157.92394     20.000    -1.3639    -1.3650    -1.3643    32.1958    32.2090  1025.9878    25.8912    371.023    353.649  368.76011    100.615     95.911     0.1250     0.4020     4.1759     0.4834 1.4726e+00       2029     1.4082         38 0.0000e+00
     20.784   71.61918 -157.92394     21.000    -1.3981    -1.3940    -1.3985    32.2213    32.2301  1026.0142    25.9128    349.232    331.771  369.02430     94.636     89.921     0.1246     0.3996     4.1777     0.4817 1.2911e+00       2089     1.4499         69 0.0000e+00
     21.774   71.61918 -157.92394     22.000    -1.4243    -1.4242    -1.4247    32.2465    32.2582  1026.0401    25.9339    340.499    325.083  369.21180     92.223     88.056     0.1176     0.3576     4.1847     0.4752 1.1725e+00       2137     1.4834         32 0.0000e+00
     22.764   71.61918 -157.92394     23.000    -1.4662    -1.4666    -1.4667    32.2703    32.2822  1026.0653    25.9542    331.801    317.477  369.55990     89.783     85.915     0.1092     0.3070     4.1850     0.4748 1.0300e+00       2170     1.5059         38 0.0000e+00
     23.753   71.61918 -157.92394     24.000    -1.4928    -1.4501    -1.4933    32.2862    32.2729  1026.0837    25.9678    321.856    307.104  369.77875     87.040     83.137     0.1127     0.3279     4.1893     0.4707 9.4669e-01       2237     1.5527         77 0.0000e+00
     24.743   71.61918 -157.92394     25.000    -1.4552    -1.4522    -1.4557    32.3152    32.3251  1026.1111    25.9904    315.478    302.404  369.31942     85.422     81.894     0.1039     0.2754     4.1895     0.4705 8.7944e-01       2285     1.5861         36 0.0000e+00
     25.733   71.61918 -157.92394     26.000    -1.4350    -1.4332    -1.4354    32.3353    32.3458  1026.1318    26.0062    313.755    303.142  369.05898     85.015     82.150     0.0906     0.1955     4.1918     0.4683 7.6322e-01       2331     1.6177         56 0.0000e+00
     26.723   71.61918 -157.92394     27.000    -1.4428    -1.4415    -1.4433    32.3559    32.3669  1026.1535    26.0231    317.597    305.082  369.07657     86.052     82.671     0.0900     0.1917     4.1877     0.4722 6.9340e-01       2380     1.6520         35 0.0000e+00
     27.712   71.61918 -157.92394     28.000    -1.4284    -1.4254    -1.4289    32.3828    32.3922  1026.1798    26.0446    320.275    305.207  368.85576     86.829     82.757     0.0838     0.1549     4.1891     0.4709 6.2939e-01       2412     1.6746         39 0.0000e+00
     28.702   71.61918 -157.92394     29.000    -1.4116    -1.4185    -1.4121    32.3904    32.3835  1026.1903    26.0503    321.662    306.244  368.66663     87.250     83.048     0.0833     0.1517     4.1866     0.4732 5.7622e-01       2477     1.7192         84 0.0000e+00
     29.691   71.61918 -157.92394     30.000    -1.4612    -1.4707    -1.4617    32.3972    32.4181  1026.2019    26.0571    323.273    307.774  369.13968     87.575     83.369     0.0852     0.1632     4.1772     0.4823 5.3210e-01       2541     1.7639         36 0.0000e+00
     30.681   71.61918 -157.92392     31.000    -1.4635    -1.4608    -1.4641    32.4233    32.4329  1026.2280    26.0784    322.822    307.454  369.08674     87.465     83.314     0.0830     0.1504     4.1751     0.4843 4.7139e-01       2569     1.7832         26 0.0000e+00
     31.671   71.61918 -157.92392     32.000    -1.4820    -1.4813    -1.4825    32.4390    32.4499  1026.2461    26.0915    321.092    305.694  369.22423     86.964     82.802     0.0795     0.1287     4.1766     0.4828 4.2837e-01       2599     1.8040         37 0.0000e+00
     32.660   71.61918 -157.92392     33.000    -1.4779    -1.4732    -1.4785    32.4233    32.4369  1026.2381    26.0787    319.508    304.259  369.22999     86.534     82.423     0.0792     0.1274     4.1740     0.4853 3.8307e-01       2682     1.8620         88 0.0000e+00
     33.650   71.61918 -157.92392     34.000    -1.4741    -1.4746    -1.4747    32.4608    32.4735  1026.2733    26.1091    316.936    302.663  369.08261     85.871     82.011     0.0806     0.1356     4.1762     0.4832 3.6142e-01       2723     1.8904         24 0.0000e+00
     34.639   71.61918 -157.92392     35.000    -1.5232    -1.5227    -1.5239    32.4839    32.4952  1026.2981    26.1291    317.013    302.803  369.50429     85.794     81.957     0.0762     0.1092     4.1722     0.4869 3.1676e-01       2748     1.9074         28 0.0000e+00
     35.629   71.61918 -157.92392     36.000    -1.5030    -1.5087    -1.5037    32.4771    32.4933  1026.2968    26.1230    313.764    298.378  369.32279     84.956     80.788     0.0784     0.1227     4.1688     0.4902 2.8374e-01       2815     1.9540        101 0.0000e+00
     36.619   71.61918 -157.92392     37.000    -1.5046    -1.5037    -1.5053    32.5090    32.5324  1026.3276    26.1489    306.031    290.984  369.24580     82.880     78.821     0.0790     0.1256     4.1760     0.4833 2.6427e-01       2880     1.9994         27 0.0000e+00
     37.608   71.61918 -157.92392     38.000    -1.4922    -1.4902    -1.4929    32.5586    32.5690  1026.3723    26.1889    306.655    291.313  368.97753     83.110     78.962     0.0743     0.0980     4.0965     0.5606 2.3013e-01       2902     2.0144         22 0.0000e+00
     38.598   71.61918 -157.92392     39.000    -1.5239    -1.5231    -1.5246    32.5776    32.5885  1026.3934    26.2051    308.529    292.371  369.23719     83.558     79.191     0.0856     0.1659     4.0228     0.6335 2.0424e-01       2927     2.0321         32 0.0000e+00
     39.588   71.61917 -157.92393     40.000    -1.5082    -1.5140    -1.5089    32.5549    32.5744  1026.3794    26.1863    309.695    295.189  369.14697     83.895     79.965     0.0824     0.1462     4.1374     0.5201 1.8624e-01       3026     2.1004         55 0.0000e+00
     40.577   71.61916 -157.92394     41.000    -1.5304    -1.5393    -1.5311    32.6060    32.6359  1026.4263    26.2283    310.199    295.200  369.21916     84.015     79.952     0.0818     0.1431     4.1209     0.5366 1.5735e-01       3062     2.1258         24 0.0000e+00
     41.567   71.61916 -157.92394     42.000    -1.5315    -1.5303    -1.5322    32.6347    32.6458  1026.4545    26.2517    311.353    295.357  369.14626     84.344     80.020     0.0776     0.1173     4.1492     0.5091 1.3571e-01       3088     2.1441         33 0.0000e+00
     42.556   71.61918 -157.92394     43.000    -1.5303    -1.5278    -1.5311    32.6238    32.6337  1026.4505    26.2428    306.729    290.814  369.16645     83.087     78.787     0.0765     0.1109     4.0950     0.5617 1.2207e-01       3165     2.1969         88 0.0000e+00
     43.546   71.61917 -157.92394     44.000    -1.5337    -1.5329    -1.5346    32.6443    32.6598  1026.4720    26.2596    300.730    286.931  369.14097     81.467     77.741     0.0770     0.1139     4.1040     0.5529 1.1246e-01       3208     2.2272         23 0.0000e+00
     44.535   71.61916 -157.92394     45.000    -1.5446    -1.5436    -1.5454    32.6698    32.6805  1026.4977    26.2805    300.670    287.091  369.17502     81.444     77.774     0.0757     0.1063     4.1121     0.5450 9.7949e-02       3235     2.2457         35 0.0000e+00
     45.525   71.61918 -157.92394     46.000    -1.5497    -1.5459    -1.5505    32.6715    32.6779  1026.5041    26.2820    300.385    286.414  369.22019     81.357     77.585     0.0750     0.1017     4.1382     0.5197 8.4444e-02       3311     2.2987         86 0.0000e+00
     46.514   71.61917 -157.92394     47.000    -1.5583    -1.5569    -1.5592    32.7176    32.7284  1026.5466    26.3197    298.432    284.133  369.17185     80.838     76.974     0.0727     0.0883     4.1249     0.5327 7.6220e-02       3352     2.3271         29 0.0000e+00
     47.504   71.61916 -157.92395     48.000    -1.5824    -1.5802    -1.5833    32.7444    32.7549  1026.5738    26.3420    298.249    284.466  369.33372     80.753     77.032     0.0724     0.0863     4.0670     0.5893 6.1629e-02       3390     2.3535         50 0.0000e+00
     48.493   71.61916 -157.92394     49.000    -1.5661    -1.5605    -1.5670    32.7608    32.7713  1026.5915    26.3550    294.288    281.377  369.12376     79.726     76.246     0.0766     0.1116     3.9825     0.6732 5.2471e-02       3454     2.3983         57 0.0000e+00
     49.483   71.61916 -157.92395     50.000    -1.5653    -1.5636    -1.5662    32.7762    32.7863  1026.6088    26.3675    289.508    276.715  369.07053     78.443     74.986     0.0691     0.0665     3.8581     0.8006 4.5946e-02       3504     2.4323         49 0.0000e+00
     50.473   71.61916 -157.92396     51.000    -1.5667    -1.5648    -1.5676    32.7813    32.7913  1026.6178    26.3716    287.803    275.246  369.06930     77.981     74.588     0.0705     0.0748     3.7405     0.9242 4.0598e-02       3550     2.4645         48 0.0000e+00
     51.462   71.61916 -157.92396     52.000    -1.5670    -1.5657    -1.5680    32.7834    32.7939  1026.6244    26.3734    284.413    271.326  369.06657     77.063     73.526     0.0695     0.0691     3.6883     0.9804 2.5937e-02       3614     2.5093         86 0.0000e+00
     52.452   71.61916 -157.92398     53.000    -1.5574    -1.5553    -1.5584    32.7866    32.8018  1026.6315    26.3757    286.387    273.289  368.96181     77.620     74.083     0.0713     0.0798     3.9217     0.7328 1.3809e-02       4113     2.8556        327 0.0000e+00
     53.441   71.61916 -157.92399     54.000    -1.5818    -1.5835    -1.5828    32.8107    32.8234  1026.6566    26.3959    286.429    273.240  369.13408     77.595     74.026     0.0698     0.0711     3.7499     0.9151 4.1234e-03       4205     2.9194        116 0.0000e+00
     54.431   71.61916 -157.92400     55.000    -1.6560    -1.6581    -1.6570    32.8883    32.9019  1026.7263    26.4607    283.834    270.430  369.64779     76.785     73.162     0.0697     0.0704     3.5323     1.1581 2.0813e-03       4273     2.9670         27 0.0000e+00
     55.420   71.61916 -157.92400     56.000    -1.6533    -1.6448    -1.6543    32.8832    32.8858  1026.7269    26.4565    279.805    266.787  369.63570     75.697     72.194     0.0746     0.0996     3.2130     1.5334 1.6286e-03       4384     3.0435        119 0.0000e+00
     56.410   71.61914 -157.92402     57.000    -1.6375    -1.6731    -1.6386    32.8640    32.9122  1026.7158    26.4405    278.515    264.320  369.53420     75.370     71.487     0.0750     0.1017     3.1872     1.5654 -9.165e-05       4804     3.3356        206 0.0000e+00
