EcoFOCI/data/1_SampleCollection/2023_SikuliaqDBO_CruiseData/CTD_raw_BottleFile_SKQ23-12S/proc/skq202312s_005.cnv
* Sea-Bird SBE 9 Data File:
* FileName = D:\CTD\SKQ202312S\SKQ202312S_005.hex
* Software Version Seasave V 7.26.7.121
* Temperature SN = 6177
* Conductivity SN = 0369
* Number of Bytes Per Scan = 41
* Number of Voltage Words = 4
* Number of Scans Averaged by the Deck Unit = 1
* NMEA Latitude = 62 23.39 N
* NMEA Longitude = 174 34.17 W
* NMEA UTC (Time) = Sep 15 2023  22:10:54
* NMEA baud rate = 4800
** Ship: R/V Sikuliaq
** Station Number: 005
** Station Name: DBO1.4
** Bottom Depth: 70
** Operator: SD
# nquan = 24
# nvalues = 8201                                  
# units = specified
# name 0 = depSM: Depth [salt water, m]
# name 1 = latitude: Latitude [deg]
# name 2 = longitude: Longitude [deg]
# name 3 = prDM: Pressure, Digiquartz [db]
# name 4 = t090C: Temperature [ITS-90, deg C]
# name 5 = t190C: Temperature, 2 [ITS-90, deg C]
# name 6 = potemp090C: Potential Temperature [ITS-90, deg C]
# name 7 = sal00: Salinity, Practical [PSU]
# name 8 = sal11: Salinity, Practical, 2 [PSU]
# name 9 = density00: Density [density, kg/m^3]
# name 10 = sigma-é00: Density [sigma-theta, kg/m^3]
# name 11 = sbox0Mm/Kg: Oxygen, SBE 43 [umol/kg]
# name 12 = sbox1Mm/Kg: Oxygen, SBE 43, 2 [umol/kg]
# name 13 = oxsolMm/Kg: Oxygen Saturation, Garcia & Gordon [umol/kg]
# name 14 = sbeox0PS: Oxygen, SBE 43 [% saturation]
# name 15 = sbeox1PS: Oxygen, SBE 43, 2 [% saturation]
# name 16 = v0: Voltage 0
# name 17 = flECO-AFL: Fluorescence, WET Labs ECO-AFL/FL [mg/m^3]
# name 18 = v1: Voltage 1
# name 19 = CStarAt0: Beam Attenuation, WET Labs C-Star [1/m]
# name 20 = par: PAR/Irradiance, Biospherical/Licor
# name 21 = scan: Scan Count
# name 22 = timeM: Time, Elapsed [minutes]
# name 23 = flag:  0.000e+00
# span 0 =      1.585,     65.999                 
# span 1 =   62.38976,   62.38978                 
# span 2 = -174.56960, -174.56958                 
# span 3 =      1.600,     66.650                 
# span 4 =    -1.5350,     7.8557                 
# span 5 =    -1.5339,     7.8588                 
# span 6 =    -1.5357,     7.8556                 
# span 7 =    30.9756,    31.9002                 
# span 8 =    30.9875,    31.9107                 
# span 9 =  1024.1450,  1025.9767                 
# span 10 =    24.1358,    25.6551                
# span 11 =    279.759,    432.005                
# span 12 =    267.699,    386.650                
# span 13 =  296.41069,  371.39393                
# span 14 =     75.330,    120.021                
# span 15 =     72.094,    107.092                
# span 16 =     0.0537,     0.2442                
# span 17 =    -0.0257,     1.1172                
# span 18 =     3.5971,     4.2589                
# span 19 =     0.4048,     1.0805                
# span 20 = 1.0000e-12, 2.2569e+02                
# span 21 =          1,       8201                
# span 22 =     0.0000,     5.6944                
# span 23 = 0.0000e+00, 0.0000e+00                
# interval = seconds: 0.0416667
# start_time = Sep 15 2023 22:14:11 [NMEA time, first data scan]
# bad_flag = -9.990e-29
*END*
[from data line 3019]
     37.623   62.38978 -174.56960     37.991    -1.5329    -1.5319    -1.5335    31.8763    31.8957  1025.8196    25.6359    304.770    296.688  371.37934     82.064     79.903     0.0708     0.0769     3.7875     0.8740 4.4803e+00       3020     2.0965  0.000e+00
     37.615   62.38978 -174.56960     37.984    -1.5329    -1.5321    -1.5335    31.8760    31.8961  1025.8193    25.6356    304.303    296.319  371.38032     81.938     79.803     0.0696     0.0696     3.7875     0.8740 4.4803e+00       3021     2.0972  0.000e+00
     37.623   62.38978 -174.56960     37.991    -1.5332    -1.5319    -1.5338    31.8766    31.8958  1025.8199    25.6362    303.630    295.728  371.38132     81.757     79.644     0.0672     0.0549     3.7875     0.8740 4.4674e+00       3022     2.0979  0.000e+00
     37.684   62.38978 -174.56960     38.054    -1.5334    -1.5321    -1.5340    31.8768    31.8962  1025.8204    25.6364    302.965    294.884  371.38237     81.578     79.417     0.0672     0.0549     3.7875     0.8740 4.4545e+00       3023     2.0986  0.000e+00
     37.623   62.38978 -174.56960     37.991    -1.5331    -1.5319    -1.5337    31.8766    31.8955  1025.8198    25.6361    302.249    294.476  371.38028     81.385     79.307     0.0672     0.0549     3.7875     0.8740 4.4545e+00       3024     2.0993  0.000e+00
     37.731   62.38978 -174.56960     38.100    -1.5334    -1.5319    -1.5340    31.8764    31.8950  1025.8202    25.6360    301.813    293.887  371.38371     81.267     79.148     0.0684     0.0623     3.7875     0.8740 4.4416e+00       3025     2.1000  0.000e+00
     37.738   62.38978 -174.56960     38.108    -1.5332    -1.5322    -1.5338    31.8759    31.8953  1025.8199    25.6356    300.907    293.273  371.38340     81.023     78.982     0.0672     0.0549     3.7778     0.8844 4.4416e+00       3026     2.1007  0.000e+00
     37.792   62.38978 -174.56960     38.163    -1.5332    -1.5322    -1.5338    31.8751    31.8956  1025.8195    25.6350    300.489    292.670  371.38575     80.910     78.820     0.0672     0.0549     3.7631     0.8999 4.4288e+00       3027     2.1014  0.000e+00
     37.738   62.38978 -174.56960     38.108    -1.5334    -1.5325    -1.5340    31.8753    31.8962  1025.8194    25.6351    299.816    292.080  371.38684     80.729     78.660     0.0672     0.0549     3.7582     0.9051 4.4288e+00       3028     2.1021  0.000e+00
     37.785   62.38978 -174.56960     38.155    -1.5334    -1.5322    -1.5340    31.8760    31.8954  1025.8202    25.6357    299.416    291.472  371.38480     80.622     78.497     0.0684     0.0623     3.7582     0.9051 4.4161e+00       3029     2.1028  0.000e+00
     37.854   62.38978 -174.56960     38.225    -1.5334    -1.5322    -1.5340    31.8758    31.8954  1025.8203    25.6355    298.821    290.880  371.38555     80.461     78.338     0.0672     0.0549     3.7595     0.9038 4.4033e+00       3030     2.1035  0.000e+00
     37.792   62.38978 -174.56960     38.163    -1.5334    -1.5325    -1.5340    31.8757    31.8956  1025.8199    25.6354    298.185    290.302  371.38581     80.290     78.181     0.0672     0.0549     3.7595     0.9038 4.4033e+00       3031     2.1042  0.000e+00
     37.846   62.38978 -174.56960     38.217    -1.5334    -1.5322    -1.5340    31.8756    31.8949  1025.8202    25.6354    297.566    289.709  371.38591     80.123     78.022     0.0684     0.0623     3.7595     0.9038 4.3906e+00       3032     2.1049  0.000e+00
     37.908   62.38978 -174.56960     38.280    -1.5335    -1.5322    -1.5341    31.8759    31.8950  1025.8207    25.6356    296.965    289.134  371.38631     79.961     77.867     0.0672     0.0549     3.7595     0.9038 4.3780e+00       3033     2.1056  0.000e+00
     37.908   62.38978 -174.56960     38.280    -1.5334    -1.5322    -1.5340    31.8754    31.8946  1025.8203    25.6352    296.328    288.577  371.38652     79.790     77.717     0.0684     0.0623     3.7595     0.9038 4.3780e+00       3034     2.1063  0.000e+00
     37.970   62.38978 -174.56960     38.342    -1.5335    -1.5322    -1.5342    31.8755    31.8947  1025.8206    25.6352    295.974    288.008  371.38820     79.694     77.564     0.0672     0.0549     3.7595     0.9038 4.3780e+00       3035     2.1069  0.000e+00
     37.900   62.38978 -174.56960     38.272    -1.5335    -1.5325    -1.5342    31.8755    31.8953  1025.8204    25.6353    295.370    287.225  371.38795     79.531     77.352     0.0684     0.0623     3.7595     0.9038 4.3528e+00       3036     2.1076  0.000e+00
     37.970   62.38978 -174.56960     38.342    -1.5335    -1.5322    -1.5341    31.8754    31.8948  1025.8206    25.6352    294.841    286.632  371.38780     79.389     77.193     0.0672     0.0549     3.7595     0.9038 4.3528e+00       3037     2.1083  0.000e+00
     38.024   62.38978 -174.56960     38.397    -1.5335    -1.5324    -1.5342    31.8756    31.8947  1025.8210    25.6354    294.491    286.064  371.38767     79.295     77.040     0.0672     0.0549     3.7595     0.9038 4.3402e+00       3038     2.1090  0.000e+00
     37.970   62.38978 -174.56960     38.342    -1.5334    -1.5325    -1.5340    31.8753    31.8947  1025.8205    25.6351    293.945    285.747  371.38688     79.148     76.954     0.0672     0.0549     3.7595     0.9038 4.3277e+00       3039     2.1097  0.000e+00
     38.016   62.38978 -174.56960     38.389    -1.5335    -1.5324    -1.5342    31.8748    31.8946  1025.8204    25.6347    293.478    285.190  371.39003     79.022     76.804     0.0684     0.0623     3.7595     0.9038 4.3152e+00       3040     2.1104  0.000e+00
     38.024   62.38978 -174.56960     38.396    -1.5335    -1.5325    -1.5341    31.8754    31.8944  1025.8208    25.6352    293.187    284.690  371.38789     78.944     76.669     0.0672     0.0549     3.7595     0.9038 4.3028e+00       3041     2.1111  0.000e+00
     38.086   62.38978 -174.56960     38.459    -1.5334    -1.5324    -1.5340    31.8752    31.8944  1025.8210    25.6351    292.709    284.182  371.38708     78.815     76.533     0.0672     0.0549     3.7595     0.9038 4.2904e+00       3042     2.1118  0.000e+00
     38.086   62.38978 -174.56960     38.459    -1.5335    -1.5324    -1.5342    31.8760    31.8950  1025.8217    25.6357    292.201    283.663  371.38653     78.678     76.393     0.0672     0.0549     3.7595     0.9038 4.2904e+00       3043     2.1125  0.000e+00
     38.132   62.38978 -174.56960     38.506    -1.5332    -1.5325    -1.5338    31.8752    31.8948  1025.8212    25.6350    291.977    283.174  371.38547     78.618     76.261     0.0672     0.0549     3.7595     0.9038 4.2780e+00       3044     2.1132  0.000e+00
     38.086   62.38978 -174.56960     38.459    -1.5335    -1.5324    -1.5342    31.8752    31.8948  1025.8210    25.6351    291.253    282.672  371.38890     78.423     76.126     0.0684     0.0623     3.7595     0.9038 4.2533e+00       3045     2.1139  0.000e+00
     38.140   62.38978 -174.56960     38.513    -1.5334    -1.5325    -1.5340    31.8753    31.8947  1025.8214    25.6351    291.024    282.203  371.38680     78.361     76.000     0.0659     0.0476     3.7558     0.9077 4.2533e+00       3046     2.1146  0.000e+00
     38.140   62.38978 -174.56960     38.513    -1.5334    -1.5322    -1.5340    31.8752    31.8948  1025.8213    25.6350    290.557    281.724  371.38718     78.236     75.871     0.0635     0.0330     3.7448     0.9194 4.2411e+00       3047     2.1153  0.000e+00
     38.186   62.38978 -174.56960     38.560    -1.5336    -1.5322    -1.5343    31.8761    31.8945  1025.8222    25.6358    290.065    281.243  371.38750     78.103     75.742     0.0611     0.0183     3.7411     0.9234 4.2288e+00       3048     2.1160  0.000e+00
     38.194   62.38978 -174.56960     38.568    -1.5336    -1.5324    -1.5343    31.8759    31.8947  1025.8221    25.6356    290.118    280.790  371.38814     78.117     75.619     0.0611     0.0183     3.7411     0.9234 4.2166e+00       3049     2.1167  0.000e+00
     38.194   62.38978 -174.56960     38.568    -1.5335    -1.5322    -1.5341    31.8754    31.8944  1025.8217    25.6352    289.459    280.331  371.38782     77.940     75.496     0.0611     0.0183     3.7424     0.9221 4.2166e+00       3050     2.1174  0.000e+00
     38.194   62.38978 -174.56960     38.568    -1.5334    -1.5324    -1.5340    31.8751    31.8947  1025.8215    25.6350    289.036    279.869  371.38740     77.826     75.371     0.0623     0.0256     3.7411     0.9234 4.2044e+00       3051     2.1181  0.000e+00
     38.248   62.38978 -174.56960     38.622    -1.5334    -1.5325    -1.5340    31.8753    31.8949  1025.8219    25.6351    288.589    279.669  371.38687     77.706     75.317     0.0611     0.0183     3.7424     0.9221 4.1923e+00       3052     2.1187  0.000e+00
     38.255   62.38978 -174.56960     38.630    -1.5335    -1.5322    -1.5342    31.8756    31.8948  1025.8221    25.6353    288.378    279.263  371.38783     77.649     75.208     0.0611     0.0183     3.7411     0.9234 4.1923e+00       3053     2.1194  0.000e+00
     38.309   62.38978 -174.56960     38.685    -1.5335    -1.5325    -1.5341    31.8753    31.8944  1025.8222    25.6351    287.981    278.859  371.38803     77.542     75.099     0.0611     0.0183     3.7424     0.9221 4.1802e+00       3054     2.1201  0.000e+00
     38.255   62.38978 -174.56960     38.630    -1.5335    -1.5322    -1.5342    31.8753    31.8938  1025.8219    25.6351    287.818    278.477  371.38870     77.498     74.996     0.0611     0.0183     3.7411     0.9234 4.1802e+00       3055     2.1208  0.000e+00
     38.363   62.38978 -174.56960     38.739    -1.5335    -1.5322    -1.5342    31.8754    31.8946  1025.8225    25.6352    287.420    278.097  371.38827     77.391     74.894     0.0611     0.0183     3.7411     0.9234 4.1802e+00       3056     2.1215  0.000e+00
     38.309   62.38978 -174.56960     38.685    -1.5335    -1.5322    -1.5342    31.8753    31.8944  1025.8222    25.6351    287.044    277.711  371.38867     77.289     74.790     0.0611     0.0183     3.7411     0.9234 4.1561e+00       3057     2.1222  0.000e+00
     38.309   62.38978 -174.56960     38.685    -1.5335    -1.5324    -1.5341    31.8758    31.8941  1025.8226    25.6355    286.902    277.557  371.38652     77.252     74.748     0.0623     0.0256     3.7424     0.9221 4.1441e+00       3058     2.1229  0.000e+00
     38.371   62.38978 -174.56960     38.747    -1.5335    -1.5324    -1.5342    31.8757    31.8942  1025.8228    25.6354    286.528    276.969  371.38753     77.151     74.590     0.0611     0.0183     3.7424     0.9221 4.1441e+00       3059     2.1236  0.000e+00
     38.363   62.38978 -174.56960     38.739    -1.5335    -1.5325    -1.5342    31.8757    31.8942  1025.8227    25.6354    286.644    276.576  371.38752     77.182     74.484     0.0611     0.0183     3.7424     0.9221 4.1321e+00       3060     2.1243  0.000e+00
     38.371   62.38978 -174.56960     38.747    -1.5334    -1.5323    -1.5340    31.8756    31.8939  1025.8227    25.6353    286.151    276.409  371.38609     77.049     74.439     0.0611     0.0183     3.7411     0.9234 4.1321e+00       3061     2.1250  0.000e+00
     38.425   62.38978 -174.56960     38.802    -1.5332    -1.5322    -1.5338    31.8749    31.8945  1025.8224    25.6348    285.794    276.040  371.38624     76.953     74.341     0.0623     0.0256     3.7424     0.9221 4.1202e+00       3062     2.1257  0.000e+00
     38.425   62.38978 -174.56960     38.802    -1.5334    -1.5324    -1.5340    31.8748    31.8950  1025.8223    25.6347    285.410    275.899  371.38831     76.849     74.302     0.0611     0.0183     3.7411     0.9234 4.1202e+00       3063     2.1264  0.000e+00
     38.417   62.38978 -174.56960     38.794    -1.5332    -1.5321    -1.5338    31.8745    31.8938  1025.8220    25.6345    285.256    275.553  371.38748     76.808     74.209     0.0611     0.0183     3.7424     0.9221 4.1083e+00       3064     2.1271  0.000e+00
     38.425   62.38978 -174.56960     38.802    -1.5335    -1.5319    -1.5342    31.8755    31.8937  1025.8229    25.6353    285.177    275.433  371.38800     76.787     74.177     0.0611     0.0183     3.7424     0.9221 4.0964e+00       3065     2.1278  0.000e+00
     38.487   62.38978 -174.56960     38.864    -1.5334    -1.5319    -1.5340    31.8751    31.8936  1025.8229    25.6349    284.808    275.143  371.38755     76.688     74.099     0.0611     0.0183     3.7411     0.9234 4.0846e+00       3066     2.1285  0.000e+00
     38.487   62.38978 -174.56960     38.864    -1.5334    -1.5318    -1.5340    31.8752    31.8933  1025.8229    25.6350    284.770    274.845  371.38730     76.677     74.019     0.0611     0.0183     3.7350     0.9299 4.0610e+00       3067     2.1292  0.000e+00
     38.479   62.38978 -174.56960     38.856    -1.5332    -1.5319    -1.5338    31.8749    31.8932  1025.8227    25.6348    284.699    274.741  371.38634     76.659     73.990     0.0611     0.0183     3.7314     0.9338 4.0610e+00       3068     2.1299  0.000e+00
     38.487   62.38978 -174.56960     38.864    -1.5334    -1.5321    -1.5340    31.8752    31.8935  1025.8229    25.6350    284.387    274.430  371.38730     76.574     73.906     0.0611     0.0183     3.7314     0.9338 4.0610e+00       3069     2.1306  0.000e+00
     38.541   62.38978 -174.56960     38.919    -1.5332    -1.5319    -1.5338    31.8750    31.8936  1025.8231    25.6349    284.094    274.374  371.38595     76.496     73.892     0.0611     0.0183     3.7314     0.9338 4.0610e+00       3070     2.1313  0.000e+00
     38.541   62.38978 -174.56960     38.919    -1.5334    -1.5319    -1.5340    31.8748    31.8935  1025.8228    25.6347    284.031    273.882  371.38852     76.478     73.759     0.0623     0.0256     3.7314     0.9338 4.0493e+00       3071     2.1319  0.000e+00
     38.541   62.38978 -174.56960     38.919    -1.5335    -1.5321    -1.5342    31.8750    31.8930  1025.8231    25.6349    283.722    273.780  371.38946     76.395     73.731     0.0684     0.0623     3.7314     0.9338 4.0493e+00       3072     2.1326  0.000e+00
     38.533   62.38978 -174.56960     38.911    -1.5336    -1.5324    -1.5343    31.8749    31.8937  1025.8229    25.6348    283.642    273.502  371.39111     76.373     73.656     0.0745     0.0989     3.7314     0.9338 4.0259e+00       3073     2.1333  0.000e+00
     38.595   62.38978 -174.56960     38.973    -1.5336    -1.5322    -1.5343    31.8755    31.8941  1025.8237    25.6352    283.367    273.446  371.38935     76.299     73.642     0.0745     0.0989     3.7326     0.9325 4.0259e+00       3074     2.1340  0.000e+00
     38.541   62.38978 -174.56960     38.919    -1.5335    -1.5323    -1.5342    31.8754    31.8938  1025.8234    25.6352    283.264    273.183  371.38821     76.272     73.570     0.0757     0.1062     3.7314     0.9338 4.0259e+00       3075     2.1347  0.000e+00
     38.595   62.38978 -174.56960     38.973    -1.5336    -1.5322    -1.5343    31.8752    31.8936  1025.8235    25.6351    283.231    272.911  371.38997     76.262     73.497     0.0745     0.0989     3.7326     0.9325 4.0027e+00       3076     2.1354  0.000e+00
     38.649   62.38978 -174.56960     39.028    -1.5335    -1.5322    -1.5342    31.8747    31.8939  1025.8233    25.6346    282.949    272.860  371.39052     76.186     73.484     0.0745     0.0989     3.7314     0.9338 4.0027e+00       3077     2.1361  0.000e+00
     38.595   62.38978 -174.56960     38.973    -1.5335    -1.5321    -1.5341    31.8753    31.8933  1025.8235    25.6351    282.676    272.598  371.38816     76.113     73.413     0.0745     0.0989     3.7314     0.9338 4.0027e+00       3078     2.1368  0.000e+00
     38.657   62.38978 -174.56960     39.035    -1.5335    -1.5319    -1.5342    31.8756    31.8930  1025.8241    25.6354    282.634    272.328  371.38779     76.102     73.340     0.0745     0.0989     3.7314     0.9338 3.9911e+00       3079     2.1375  0.000e+00
