EcoFOCI/data/1_SampleCollection/2023_SikuliaqDBO_CruiseData/CTD_raw_BottleFile_SKQ23-12S/proc/skq202312s_069.cnv
* Sea-Bird SBE 9 Data File:
* FileName = D:\CTD\SKQ202312S\SKQ202312S_069.hex
* Software Version Seasave V 7.26.7.121
* Temperature SN = 6177
* Conductivity SN = 0369
* Number of Bytes Per Scan = 41
* Number of Voltage Words = 4
* Number of Scans Averaged by the Deck Unit = 1
* NMEA Latitude = 67 46.99 N
* NMEA Longitude = 168 35.84 W
* NMEA UTC (Time) = Sep 30 2023  01:24:11
* NMEA baud rate = 4800
** Ship: R/V Sikuliaq
** Station Number: 069
** Station Name: DBO3.7
** Bottom Depth: 50
** Operator: SD
# nquan = 24
# nvalues = 4111                                  
# units = specified
# name 0 = depSM: Depth [salt water, m]
# name 1 = latitude: Latitude [deg]
# name 2 = longitude: Longitude [deg]
# name 3 = prDM: Pressure, Digiquartz [db]
# name 4 = t090C: Temperature [ITS-90, deg C]
# name 5 = t190C: Temperature, 2 [ITS-90, deg C]
# name 6 = potemp090C: Potential Temperature [ITS-90, deg C]
# name 7 = sal00: Salinity, Practical [PSU]
# name 8 = sal11: Salinity, Practical, 2 [PSU]
# name 9 = density00: Density [density, kg/m^3]
# name 10 = sigma-é00: Density [sigma-theta, kg/m^3]
# name 11 = sbox0Mm/Kg: Oxygen, SBE 43 [umol/kg]
# name 12 = sbox1Mm/Kg: Oxygen, SBE 43, 2 [umol/kg]
# name 13 = oxsolMm/Kg: Oxygen Saturation, Garcia & Gordon [umol/kg]
# name 14 = sbeox0PS: Oxygen, SBE 43 [% saturation]
# name 15 = sbeox1PS: Oxygen, SBE 43, 2 [% saturation]
# name 16 = v0: Voltage 0
# name 17 = flECO-AFL: Fluorescence, WET Labs ECO-AFL/FL [mg/m^3]
# name 18 = v1: Voltage 1
# name 19 = CStarAt0: Beam Attenuation, WET Labs C-Star [1/m]
# name 20 = par: PAR/Irradiance, Biospherical/Licor
# name 21 = scan: Scan Count
# name 22 = timeM: Time, Elapsed [minutes]
# name 23 = flag:  0.000e+00
# span 0 =      2.464,     45.002                 
# span 1 =   67.78290,   67.78294                 
# span 2 = -168.59750, -168.59740                 
# span 3 =      2.489,     45.461                 
# span 4 =     2.2539,     5.5342                 
# span 5 =     2.2189,     5.5472                 
# span 6 =     2.2522,     5.5320                 
# span 7 =    26.3141,    32.5375                 
# span 8 =    26.5043,    32.5505                 
# span 9 =  1020.9897,  1026.1047                 
# span 10 =    20.9729,    25.8942                
# span 11 =    219.979,    336.915                
# span 12 =    208.681,    321.150                
# span 13 =  312.94888,  346.43338                
# span 14 =     67.409,     99.577                
# span 15 =     63.954,     94.501                
# span 16 =     0.0794,     0.3419                
# span 17 =     0.1282,     1.7033                
# span 18 =     2.7228,     4.1783                
# span 19 =     0.4812,     2.1947                
# span 20 = 6.7730e-04, 2.9070e+02                
# span 21 =          1,       4111                
# span 22 =     0.0000,     2.8542                
# span 23 = 0.0000e+00, 0.0000e+00                
# interval = seconds: 0.0416667
# start_time = Sep 30 2023 01:27:32 [NMEA time, first data scan]
# bad_flag = -9.990e-29
*END*
[from data line 2114]
     20.483   67.78294 -168.59746     20.691     2.7990     2.7999     2.7980    29.3086    29.3209  1023.4578    23.3599    323.118    307.760  338.48812     95.459     90.933     0.2357     1.0659     4.0061     0.6496 5.7382e+00       2115     1.4681  0.000e+00
     20.537   67.78294 -168.59746     20.745     2.7990     2.8007     2.7980    29.3121    29.3244  1023.4608    23.3627    323.171    307.820  338.47916     95.477     90.954     0.2369     1.0732     4.0061     0.6496 5.7053e+00       2116     1.4688  0.000e+00
     20.506   67.78294 -168.59746     20.714     2.7991     2.8024     2.7981    29.3158    29.3275  1023.4636    23.3657    323.223    307.847  338.46813     95.496     90.969     0.2369     1.0732     4.0061     0.6496 5.6890e+00       2117     1.4694  0.000e+00
     20.537   67.78294 -168.59746     20.745     2.7996     2.8033     2.7986    29.3206    29.3316  1023.4676    23.3695    323.276    307.884  338.45167     95.516     90.984     0.2369     1.0732     4.0061     0.6496 5.6890e+00       2118     1.4701  0.000e+00
     20.483   67.78294 -168.59746     20.691     2.8004     2.8044     2.7994    29.3251    29.3356  1023.4708    23.3730    323.290    307.918  338.43385     95.525     91.000     0.2357     1.0659     4.0061     0.6496 5.6402e+00       2119     1.4708  0.000e+00
     20.676   67.78294 -168.59746     20.886     2.8010     2.8055     2.8000    29.3301    29.3398  1023.4757    23.3770    323.318    307.963  338.41543     95.539     91.018     0.2369     1.0732     4.0061     0.6496 5.6240e+00       2120     1.4715  0.000e+00
     20.599   67.78294 -168.59746     20.808     2.8020     2.8071     2.8010    29.3338    29.3433  1023.4782    23.3798    323.338    307.972  338.39784     95.550     91.027     0.2357     1.0659     4.0061     0.6496 5.6240e+00       2121     1.4722  0.000e+00
     20.622   67.78294 -168.59746     20.831     2.8032     2.8082     2.8022    29.3384    29.3476  1023.4819    23.3834    323.584    307.989  338.37540     95.629     91.037     0.2369     1.0732     4.0061     0.6496 5.5918e+00       2122     1.4729  0.000e+00
     20.599   67.78294 -168.59746     20.808     2.8040     2.8091     2.8030    29.3426    29.3521  1023.4851    23.3867    323.422    308.006  338.35779     95.586     91.048     0.2357     1.0659     4.0061     0.6496 5.5758e+00       2123     1.4736  0.000e+00
     20.653   67.78294 -168.59746     20.862     2.8054     2.8094     2.8044    29.3461    29.3567  1023.4880    23.3894    323.676    308.032  338.33696     95.667     91.059     0.2369     1.0732     4.0061     0.6496 5.5598e+00       2124     1.4743  0.000e+00
     20.676   67.78294 -168.59746     20.886     2.8062     2.8095     2.8051    29.3500    29.3605  1023.4912    23.3924    323.746    308.060  338.32072     95.692     91.071     0.2369     1.0732     4.0061     0.6496 5.5439e+00       2125     1.4750  0.000e+00
     20.653   67.78294 -168.59746     20.862     2.8071     2.8091     2.8061    29.3527    29.3647  1023.4932    23.3945    323.817    308.294  338.30546     95.717     91.141     0.2369     1.0732     4.0061     0.6496 5.5121e+00       2126     1.4757  0.000e+00
     20.714   67.78294 -168.59746     20.925     2.8075     2.8077     2.8064    29.3550    29.3699  1023.4952    23.3963    323.863    308.359  338.29690     95.733     91.161     0.2369     1.0732     4.0061     0.6496 5.5280e+00       2127     1.4764  0.000e+00
     20.676   67.78294 -168.59746     20.886     2.8073     2.8063     2.8063    29.3581    29.3742  1023.4975    23.3988    323.906    308.197  338.29028     95.748     91.113     0.2357     1.0659     4.0061     0.6496 5.4963e+00       2128     1.4771  0.000e+00
     20.768   67.78294 -168.59746     20.979     2.8068     2.8044     2.8058    29.3610    29.3777  1023.5004    23.4012    323.959    308.424  338.28677     95.765     91.178     0.2369     1.0732     4.0061     0.6496 5.4805e+00       2129     1.4778  0.000e+00
     20.714   67.78294 -168.59746     20.924     2.8061     2.8015     2.8050    29.3635    29.3824  1023.5022    23.4032    324.009    308.473  338.28677     95.779     91.190     0.2466     1.1319     4.0049     0.6508 5.4648e+00       2130     1.4785  0.000e+00
     20.792   67.78294 -168.59746     21.002     2.8051     2.7985     2.8041    29.3657    29.3861  1023.5044    23.4051    324.067    308.530  338.28924     95.796     91.202     0.2589     1.2051     4.0012     0.6544 5.4491e+00       2131     1.4792  0.000e+00
     20.768   67.78294 -168.59746     20.979     2.8045     2.7952     2.8034    29.3678    29.3897  1023.5060    23.4068    324.118    308.584  338.28931     95.811     91.213     0.2613     1.2198     4.0000     0.6557 5.4179e+00       2132     1.4799  0.000e+00
     20.792   67.78294 -168.59746     21.002     2.8032     2.7919     2.8022    29.3695    29.3931  1023.5075    23.4082    324.364    308.816  338.29541     95.882     91.277     0.2613     1.2198     4.0000     0.6557 5.4024e+00       2133     1.4806  0.000e+00
     20.768   67.78294 -168.59746     20.979     2.8009     2.7888     2.7998    29.3716    29.3954  1023.5092    23.4101    324.464    308.868  338.31010     95.907     91.286     0.2613     1.2198     4.0012     0.6544 5.3869e+00       2134     1.4813  0.000e+00
     20.768   67.78294 -168.59746     20.979     2.7976     2.7851     2.7966    29.3741    29.3986  1023.5115    23.4123    324.534    308.920  338.33128     95.922     91.295     0.2613     1.2198     4.0000     0.6557 5.3560e+00       2135     1.4819  0.000e+00
     20.907   67.78294 -168.59746     21.119     2.7940     2.7814     2.7929    29.3766    29.4014  1023.5144    23.4146    324.647    309.201  338.35530     95.949     91.372     0.2613     1.2198     4.0000     0.6557 5.3560e+00       2136     1.4826  0.000e+00
     20.830   67.78294 -168.59746     21.041     2.7908     2.7772     2.7898    29.3790    29.4037  1023.5162    23.4167    324.708    309.299  338.37602     95.961     91.393     0.2613     1.2198     4.0000     0.6557 5.3406e+00       2137     1.4833  0.000e+00
     20.830   67.78294 -168.59746     21.041     2.7879     2.7731     2.7868    29.3810    29.4063  1023.5180    23.4185    324.768    309.371  338.39593     95.973     91.407     0.2613     1.2198     4.0000     0.6557 5.3100e+00       2138     1.4840  0.000e+00
     20.907   67.78294 -168.59746     21.119     2.7846     2.7691     2.7835    29.3829    29.4093  1023.5202    23.4203    324.832    309.440  338.41860     95.985     91.420     0.2613     1.2198     4.0012     0.6544 5.3100e+00       2139     1.4847  0.000e+00
     20.884   67.78294 -168.59746     21.096     2.7809     2.7652     2.7799    29.3856    29.4126  1023.5225    23.4227    324.890    309.500  338.44255     95.996     91.431     0.2613     1.2198     4.0000     0.6557 5.3100e+00       2140     1.4854  0.000e+00
     20.884   67.78294 -168.59746     21.096     2.7763     2.7622     2.7752    29.3896    29.4147  1023.5260    23.4263    324.952    309.576  338.47189     96.006     91.448     0.2601     1.2124     4.0000     0.6557 5.2796e+00       2141     1.4861  0.000e+00
     20.907   67.78294 -168.59746     21.119     2.7720     2.7592     2.7710    29.3936    29.4178  1023.5296    23.4298    325.047    309.648  338.49755     96.026     91.465     0.2613     1.2198     4.0012     0.6544 5.2644e+00       2142     1.4868  0.000e+00
     20.938   67.78294 -168.59746     21.150     2.7683     2.7565     2.7672    29.3979    29.4206  1023.5335    23.4335    325.321    309.892  338.51830     96.101     91.533     0.2601     1.2124     4.0012     0.6544 5.2644e+00       2143     1.4875  0.000e+00
     20.961   67.78294 -168.59746     21.174     2.7642     2.7534     2.7632    29.4030    29.4250  1023.5380    23.4378    325.403    309.953  338.53931     96.120     91.546     0.2613     1.2198     4.0000     0.6557 5.2343e+00       2144     1.4882  0.000e+00
     20.938   67.78294 -168.59746     21.150     2.7600     2.7504     2.7589    29.4087    29.4292  1023.5427    23.4427    324.806    310.006  338.56069     95.937     91.558     0.2601     1.2124     4.0000     0.6557 5.2042e+00       2145     1.4889  0.000e+00
     21.000   67.78294 -168.59746     21.213     2.7572     2.7490     2.7562    29.4136    29.4332  1023.5471    23.4468    325.026    309.845  338.57132     95.999     91.510     0.2613     1.2198     4.0012     0.6544 5.2042e+00       2146     1.4896  0.000e+00
     20.961   67.78294 -168.59746     21.174     2.7550     2.7484     2.7539    29.4191    29.4373  1023.5514    23.4513    325.909    310.045  338.57630     96.259     91.571     0.2613     1.2198     4.0012     0.6544 5.1893e+00       2147     1.4903  0.000e+00
     21.000   67.78294 -168.59746     21.213     2.7534     2.7484     2.7523    29.4246    29.4415  1023.5561    23.4558    325.842    310.062  338.57576     96.239     91.579     0.2613     1.2198     4.0000     0.6557 5.1893e+00       2148     1.4910  0.000e+00
     21.000   67.78294 -168.59746     21.213     2.7521     2.7496     2.7511    29.4307    29.4451  1023.5611    23.4608    325.914    310.263  338.57050     96.262     91.643     0.2613     1.2198     4.0000     0.6557 5.1744e+00       2149     1.4917  0.000e+00
     21.023   67.78294 -168.59746     21.236     2.7515     2.7515     2.7505    29.4374    29.4488  1023.5666    23.4662    325.974    310.276  338.55819     96.283     91.654     0.2601     1.2124     4.0000     0.6557 5.1595e+00       2150     1.4924  0.000e+00
     21.054   67.78294 -168.59746     21.267     2.7519     2.7540     2.7509    29.4442    29.4532  1023.5721    23.4716    326.018    310.277  338.53761     96.302     91.663     0.2613     1.2198     4.0037     0.6520 5.1299e+00       2151     1.4931  0.000e+00
     21.023   67.78294 -168.59746     21.236     2.7528     2.7576     2.7517    29.4501    29.4574  1023.5767    23.4763    326.052    310.259  338.51498     96.318     91.669     0.2613     1.2198     4.0049     0.6508 5.1299e+00       2152     1.4937  0.000e+00
     21.115   67.78294 -168.59746     21.329     2.7542     2.7613     2.7531    29.4555    29.4618  1023.5813    23.4805    326.081    310.264  338.48923     96.334     91.682     0.2613     1.2198     4.0049     0.6508 5.1152e+00       2153     1.4944  0.000e+00
     21.053   67.78294 -168.59746     21.267     2.7564     2.7652     2.7553    29.4618    29.4661  1023.5859    23.4853    326.087    310.256  338.45442     96.346     91.692     0.2601     1.2124     4.0049     0.6508 5.1005e+00       2154     1.4951  0.000e+00
     21.131   67.78294 -168.59746     21.345     2.7603     2.7689     2.7593    29.4679    29.4705  1023.5908    23.4899    326.303    310.451  338.40546     96.424     91.761     0.2601     1.2124     4.0049     0.6508 5.0859e+00       2155     1.4958  0.000e+00
     21.053   67.78294 -168.59746     21.267     2.7641     2.7733     2.7630    29.4727    29.4750  1023.5940    23.4934    326.320    310.451  338.36134     96.441     91.774     0.2564     1.1905     4.0049     0.6508 5.0712e+00       2156     1.4965  0.000e+00
     21.169   67.78294 -168.59746     21.384     2.7683     2.7784     2.7672    29.4778    29.4796  1023.5983    23.4972    326.334    310.446  338.31279     96.459     91.788     0.2552     1.1831     4.0049     0.6508 5.0567e+00       2157     1.4972  0.000e+00
     21.077   67.78294 -168.59746     21.290     2.7727     2.7850     2.7716    29.4853    29.4832  1023.6035    23.5029    325.650    310.392  338.25598     96.273     91.789     0.2564     1.1905     4.0049     0.6508 5.0421e+00       2158     1.4979  0.000e+00
     21.169   67.78294 -168.59746     21.384     2.7783     2.7903     2.7772    29.4922    29.4879  1023.6090    23.5080    326.198    310.371  338.19061     96.454     91.798     0.2564     1.1905     4.0049     0.6508 5.0421e+00       2159     1.4986  0.000e+00
     21.131   67.78294 -168.59746     21.345     2.7835     2.7968     2.7824    29.4985    29.4937  1023.6135    23.5126    326.175    310.325  338.13090     96.464     91.804     0.2564     1.1905     4.0049     0.6508 5.0132e+00       2160     1.4993  0.000e+00
     21.169   67.78294 -168.59746     21.384     2.7888     2.8030     2.7877    29.5038    29.4993  1023.6175    23.5164    326.372    310.281  338.07229     96.539     91.809     0.2552     1.1831     4.0049     0.6508 4.9988e+00       2161     1.5000  0.000e+00
     21.231   67.78294 -168.59746     21.446     2.7946     2.8082     2.7935    29.5079    29.5031  1023.6206    23.5192    326.596    310.244  338.01275     96.622     91.813     0.2564     1.1905     4.0049     0.6508 4.9988e+00       2162     1.5007  0.000e+00
     21.192   67.78294 -168.59746     21.407     2.7994     2.8135     2.7984    29.5120    29.5072  1023.6233    23.5222    326.178    310.196  337.96135     96.514     91.813     0.2564     1.1905     4.0049     0.6508 4.9844e+00       2163     1.5014  0.000e+00
     21.231   67.78294 -168.59746     21.446     2.8045     2.8197     2.8034    29.5167    29.5106  1023.6269    23.5256    326.129    310.139  337.90650     96.514     91.813     0.2564     1.1905     4.0049     0.6508 4.9701e+00       2164     1.5021  0.000e+00
     21.231   67.78294 -168.59746     21.446     2.8097     2.8253     2.8086    29.5228    29.5151  1023.6313    23.5300    326.065    310.277  337.84700     96.513     91.870     0.2552     1.1831     4.0049     0.6508 4.9701e+00       2165     1.5028  0.000e+00
     21.246   67.78294 -168.59746     21.462     2.8155     2.8303     2.8144    29.5269    29.5196  1023.6343    23.5329    325.993    310.238  337.78729     96.508     91.873     0.2564     1.1905     4.0049     0.6508 4.9274e+00       2166     1.5035  0.000e+00
     21.285   67.78294 -168.59746     21.501     2.8206     2.8362     2.8196    29.5313    29.5224  1023.6376    23.5360    325.921    310.189  337.73272     96.503     91.874     0.2552     1.1831     4.0049     0.6508 4.9132e+00       2167     1.5042  0.000e+00
     21.169   67.78294 -168.59746     21.384     2.8260     2.8413     2.8249    29.5359    29.5267  1023.6403    23.5393    326.279    310.130  337.67539     96.625     91.871     0.2564     1.1905     4.0049     0.6508 4.9132e+00       2168     1.5049  0.000e+00
     21.362   67.78294 -168.59746     21.578     2.8315     2.8455     2.8304    29.5379    29.5308  1023.6424    23.5405    326.046    310.085  337.62411     96.571     91.871     0.2564     1.1905     4.0049     0.6508 4.8850e+00       2169     1.5056  0.000e+00
     21.285   67.78294 -168.59746     21.501     2.8359     2.8493     2.8348    29.5397    29.5346  1023.6431    23.5415    325.991    310.027  337.58255     96.566     91.865     0.2552     1.1831     4.0049     0.6508 4.8850e+00       2170     1.5063  0.000e+00
     21.362   67.78294 -168.59746     21.578     2.8399     2.8516     2.8389    29.5429    29.5393  1023.6458    23.5438    325.971    309.980  337.53982     96.573     91.859     0.2564     1.1905     3.9927     0.6630 4.8709e+00       2171     1.5069  0.000e+00
     21.285   67.78294 -168.59746     21.501     2.8442     2.8540     2.8432    29.5454    29.5436  1023.6470    23.5455    325.899    309.919  337.49727     96.563     91.850     0.2564     1.1905     3.9853     0.6703 4.8569e+00       2172     1.5076  0.000e+00
     21.400   67.78294 -168.59746     21.617     2.8475     2.8560     2.8464    29.5468    29.5472  1023.6485    23.5463    326.100    309.865  337.46649     96.632     91.841     0.2564     1.1905     3.9841     0.6716 4.8430e+00       2173     1.5083  0.000e+00
