EcoFOCI/data/1_SampleCollection/2023_SikuliaqDBO_CruiseData/CTD_raw_BottleFile_SKQ23-12S/proc/skq202312s_032.cnv
* Sea-Bird SBE 9 Data File:
* FileName = D:\CTD\SKQ202312S\SKQ202312S_032.hex
* Software Version Seasave V 7.26.7.121
* Temperature SN = 6177
* Conductivity SN = 0369
* Number of Bytes Per Scan = 41
* Number of Voltage Words = 4
* Number of Scans Averaged by the Deck Unit = 1
* NMEA Latitude = 71 32.18 N
* NMEA Longitude = 157 45.08 W
* NMEA UTC (Time) = Sep 21 2023  12:37:07
* NMEA baud rate = 4800
** Ship: R/V Sikuliaq
** Station Number: 032
** Station Name: DBO5.8
** Bottom Depth: 72
** Operator: SD
# nquan = 24
# nvalues = 7300                                  
# units = specified
# name 0 = depSM: Depth [salt water, m]
# name 1 = latitude: Latitude [deg]
# name 2 = longitude: Longitude [deg]
# name 3 = prDM: Pressure, Digiquartz [db]
# name 4 = t090C: Temperature [ITS-90, deg C]
# name 5 = t190C: Temperature, 2 [ITS-90, deg C]
# name 6 = potemp090C: Potential Temperature [ITS-90, deg C]
# name 7 = sal00: Salinity, Practical [PSU]
# name 8 = sal11: Salinity, Practical, 2 [PSU]
# name 9 = density00: Density [density, kg/m^3]
# name 10 = sigma-é00: Density [sigma-theta, kg/m^3]
# name 11 = sbox0Mm/Kg: Oxygen, SBE 43 [umol/kg]
# name 12 = sbox1Mm/Kg: Oxygen, SBE 43, 2 [umol/kg]
# name 13 = oxsolMm/Kg: Oxygen Saturation, Garcia & Gordon [umol/kg]
# name 14 = sbeox0PS: Oxygen, SBE 43 [% saturation]
# name 15 = sbeox1PS: Oxygen, SBE 43, 2 [% saturation]
# name 16 = v0: Voltage 0
# name 17 = flECO-AFL: Fluorescence, WET Labs ECO-AFL/FL [mg/m^3]
# name 18 = v1: Voltage 1
# name 19 = CStarAt0: Beam Attenuation, WET Labs C-Star [1/m]
# name 20 = par: PAR/Irradiance, Biospherical/Licor
# name 21 = scan: Scan Count
# name 22 = timeM: Time, Elapsed [minutes]
# name 23 = flag:  0.000e+00
# span 0 =      2.874,     65.566                 
# span 1 =   71.53636,   71.53644                 
# span 2 = -157.75158, -157.75112                 
# span 3 =      2.904,     66.253                 
# span 4 =    -1.6089,     2.4267                 
# span 5 =    -1.6071,     2.3802                 
# span 6 =    -1.6098,     2.4263                 
# span 7 =    29.6885,    32.9300                 
# span 8 =    29.6972,    32.9391                 
# span 9 =  1023.7109,  1026.8110                 
# span 10 =    23.6949,    26.4921                
# span 11 =    271.464,    427.133                
# span 12 =    258.924,    403.894                
# span 13 =  339.54386,  369.62036                
# span 14 =     73.649,    119.309                
# span 15 =     70.259,    112.158                
# span 16 =     0.0659,     0.1746                
# span 17 =     0.0476,     0.6996                
# span 18 =     2.8742,     4.1770                
# span 19 =     0.4824,     1.9782                
# span 20 = 1.0000e-12, 7.9719e-01                
# span 21 =          1,       7300                
# span 22 =     0.0000,     5.0687                
# span 23 = 0.0000e+00, 0.0000e+00                
# interval = seconds: 0.0416667
# start_time = Sep 21 2023 12:41:52 [NMEA time, first data scan]
# bad_flag = -9.990e-29
*END*
[from data line 6038]
     62.881   71.53636 -157.75156     63.540    -1.5638    -1.5582    -1.5650    32.8981    32.9228  1026.7730    26.4664    276.381    264.172  368.70072     74.961     71.674     0.0720     0.0842     3.1722     1.5835 1.0000e-12       6039     4.1931  0.000e+00
     62.951   71.53636 -157.75156     63.610    -1.5633    -1.5579    -1.5645    32.9000    32.9233  1026.7749    26.4680    276.448    264.163  368.68991     74.981     71.673     0.0733     0.0916     3.1575     1.6020 1.0000e-12       6040     4.1937  0.000e+00
     62.951   71.53636 -157.75156     63.610    -1.5630    -1.5582    -1.5642    32.9011    32.9231  1026.7758    26.4688    276.514    264.154  368.68393     75.000     71.670     0.0733     0.0916     3.0928     1.6849 1.0000e-12       6041     4.1944  0.000e+00
     63.005   71.53636 -157.75156     63.665    -1.5627    -1.5580    -1.5639    32.9008    32.9218  1026.7758    26.4686    276.634    264.141  368.68132     75.033     71.666     0.0733     0.0916     3.0647     1.7214 1.0000e-12       6042     4.1951  0.000e+00
     63.059   71.53636 -157.75156     63.719    -1.5626    -1.5583    -1.5638    32.9003    32.9210  1026.7756    26.4682    276.705    264.127  368.68166     75.053     71.661     0.0733     0.0916     3.0647     1.7214 1.0000e-12       6043     4.1958  0.000e+00
     63.059   71.53636 -157.75156     63.719    -1.5630    -1.5584    -1.5642    32.8994    32.9207  1026.7749    26.4674    276.778    264.368  368.68892     75.071     71.726     0.0733     0.0916     3.0672     1.7182 8.4714e-06       6044     4.1965  0.000e+00
     63.120   71.53636 -157.75156     63.782    -1.5628    -1.5584    -1.5640    32.8989    32.9199  1026.7748    26.4671    276.844    264.410  368.68786     75.089     71.737     0.0745     0.0989     3.0684     1.7166 1.0000e-12       6045     4.1972  0.000e+00
     63.120   71.53636 -157.75156     63.782    -1.5630    -1.5589    -1.5642    32.8988    32.9193  1026.7747    26.4670    277.116    264.218  368.69055     75.162     71.684     0.0757     0.1062     3.0684     1.7166 8.4714e-06       6046     4.1979  0.000e+00
     63.120   71.53636 -157.75156     63.782    -1.5630    -1.5592    -1.5642    32.8984    32.9178  1026.7745    26.4667    276.963    264.223  368.69156     75.121     71.683     0.0745     0.0989     3.0684     1.7166 8.4714e-06       6047     4.1986  0.000e+00
     63.236   71.53636 -157.75156     63.898    -1.5635    -1.5598    -1.5647    32.8988    32.9169  1026.7753    26.4670    276.973    264.196  368.69524     75.123     71.674     0.0757     0.1062     3.0684     1.7166 8.4714e-06       6048     4.1993  0.000e+00
     63.167   71.53636 -157.75156     63.828    -1.5630    -1.5598    -1.5642    32.8983    32.9155  1026.7746    26.4666    277.225    264.155  368.69202     75.192     71.662     0.0745     0.0989     3.0684     1.7166 8.4714e-06       6049     4.2000  0.000e+00
     63.290   71.53636 -157.75158     63.953    -1.5632    -1.5601    -1.5644    32.8984    32.9147  1026.7752    26.4666    277.272    264.382  368.69289     75.204     71.723     0.0745     0.0989     3.0684     1.7166 8.4714e-06       6050     4.2007  0.000e+00
     63.236   71.53636 -157.75158     63.898    -1.5634    -1.5603    -1.5646    32.8988    32.9138  1026.7754    26.4670    277.307    264.399  368.69384     75.213     71.727     0.0733     0.0916     3.0684     1.7166 8.4714e-06       6051     4.2014  0.000e+00
     63.290   71.53636 -157.75158     63.953    -1.5632    -1.5604    -1.5644    32.8992    32.9135  1026.7759    26.4673    277.595    264.415  368.69062     75.292     71.731     0.0745     0.0989     3.0684     1.7166 8.4714e-06       6052     4.2021  0.000e+00
     63.344   71.53636 -157.75158     64.008    -1.5632    -1.5604    -1.5644    32.8997    32.9131  1026.7765    26.4677    277.407    264.426  368.68920     75.241     71.733     0.0745     0.0989     3.0684     1.7166 8.4714e-06       6053     4.2028  0.000e+00
     63.290   71.53636 -157.75158     63.953    -1.5630    -1.5604    -1.5642    32.8994    32.9135  1026.7761    26.4675    277.419    264.427  368.68871     75.245     71.734     0.0745     0.0989     3.0684     1.7166 1.0000e-12       6054     4.2035  0.000e+00
     63.406   71.53636 -157.75158     64.070    -1.5632    -1.5603    -1.5644    32.9000    32.9147  1026.7771    26.4679    277.431    264.427  368.68830     75.248     71.735     0.0745     0.0989     3.0684     1.7166 1.0000e-12       6055     4.2042  0.000e+00
     63.406   71.53636 -157.75158     64.070    -1.5626    -1.5597    -1.5638    32.9021    32.9174  1026.7788    26.4696    277.424    264.183  368.67648     75.249     71.671     0.0745     0.0989     3.0684     1.7166 1.0000e-12       6056     4.2049  0.000e+00
     63.406   71.53636 -157.75158     64.070    -1.5623    -1.5589    -1.5635    32.9046    32.9198  1026.7809    26.4717    277.463    264.132  368.66608     75.261     71.660     0.0745     0.0989     3.0684     1.7166 8.4714e-06       6057     4.2056  0.000e+00
     63.452   71.53636 -157.75158     64.117    -1.5619    -1.5584    -1.5631    32.9067    32.9211  1026.7828    26.4734    277.449    264.085  368.65600     75.260     71.649     0.0733     0.0916     3.0684     1.7166 8.4714e-06       6058     4.2062  0.000e+00
     63.460   71.53636 -157.75158     64.125    -1.5612    -1.5584    -1.5624    32.9083    32.9219  1026.7841    26.4747    277.425    264.269  368.64443     75.255     71.700     0.0745     0.0989     3.0684     1.7166 8.4714e-06       6059     4.2069  0.000e+00
     63.460   71.53636 -157.75158     64.125    -1.5609    -1.5582    -1.5621    32.9098    32.9229  1026.7853    26.4758    277.398    264.249  368.63731     75.250     71.695     0.0757     0.1062     3.0659     1.7198 1.0000e-12       6060     4.2076  0.000e+00
     63.522   71.53636 -157.75158     64.187    -1.5606    -1.5575    -1.5618    32.9103    32.9242  1026.7860    26.4763    277.369    263.993  368.63232     75.243     71.628     0.0745     0.0989     3.0293     1.7679 8.4714e-06       6061     4.2083  0.000e+00
     63.522   71.53636 -157.75158     64.187    -1.5604    -1.5573    -1.5617    32.9104    32.9261  1026.7861    26.4763    277.335    263.931  368.63092     75.234     71.613     0.0745     0.0989     3.0085     1.7954 8.4714e-06       6062     4.2090  0.000e+00
     63.568   71.53636 -157.75158     64.234    -1.5603    -1.5570    -1.5615    32.9103    32.9276  1026.7862    26.4762    277.296    264.133  368.62959     75.223     71.669     0.0733     0.0916     3.0073     1.7970 8.4714e-06       6063     4.2097  0.000e+00
     63.522   71.53636 -157.75158     64.187    -1.5604    -1.5566    -1.5616    32.9103    32.9281  1026.7860    26.4763    277.561    264.132  368.63053     75.295     71.670     0.0745     0.0989     3.0085     1.7954 8.4714e-06       6064     4.2104  0.000e+00
     63.637   71.53636 -157.75158     64.304    -1.5604    -1.5563    -1.5617    32.9097    32.9291  1026.7860    26.4758    277.098    264.102  368.63302     75.169     71.662     0.0733     0.0916     3.0098     1.7938 1.0000e-12       6065     4.2111  0.000e+00
     63.576   71.53636 -157.75158     64.242    -1.5606    -1.5560    -1.5618    32.9102    32.9298  1026.7861    26.4761    277.303    264.060  368.63280     75.225     71.652     0.0745     0.0989     3.0098     1.7938 8.4714e-06       6066     4.2118  0.000e+00
     63.637   71.53636 -157.75158     64.304    -1.5603    -1.5562    -1.5615    32.9112    32.9300  1026.7872    26.4770    277.294    263.828  368.62694     75.224     71.589     0.0757     0.1062     3.0098     1.7938 8.4714e-06       6067     4.2125  0.000e+00
     63.630   71.53636 -157.75158     64.296    -1.5601    -1.5560    -1.5613    32.9116    32.9286  1026.7876    26.4773    277.541    263.986  368.62387     75.291     71.632     0.0733     0.0916     3.0085     1.7954 1.0000e-12       6068     4.2132  0.000e+00
     63.637   71.53636 -157.75158     64.304    -1.5601    -1.5563    -1.5613    32.9112    32.9281  1026.7872    26.4769    277.316    263.716  368.62527     75.230     71.557     0.0745     0.0989     3.0098     1.7938 1.0000e-12       6069     4.2139  0.000e+00
     63.637   71.53636 -157.75158     64.304    -1.5602    -1.5565    -1.5614    32.9106    32.9271  1026.7867    26.4765    277.297    263.674  368.62819     75.224     71.545     0.0733     0.0916     3.0098     1.7938 8.4714e-06       6070     4.2146  0.000e+00
     63.691   71.53636 -157.75158     64.359    -1.5604    -1.5570    -1.5617    32.9105    32.9270  1026.7869    26.4764    277.588    263.633  368.63072     75.302     71.533     0.0745     0.0989     3.0098     1.7938 8.4714e-06       6071     4.2153  0.000e+00
     63.684   71.53636 -157.75158     64.351    -1.5606    -1.5568    -1.5618    32.9107    32.9265  1026.7871    26.4766    277.350    263.583  368.63123     75.238     71.519     0.0733     0.0916     3.0085     1.7954 8.4714e-06       6072     4.2160  0.000e+00
     63.691   71.53636 -157.75158     64.359    -1.5606    -1.5571    -1.5618    32.9105    32.9265  1026.7869    26.4764    277.577    263.536  368.63187     75.299     71.506     0.0745     0.0989     3.0098     1.7938 1.0000e-12       6073     4.2167  0.000e+00
     63.691   71.53636 -157.75158     64.359    -1.5604    -1.5573    -1.5617    32.9108    32.9263  1026.7872    26.4767    277.585    263.487  368.62971     75.302     71.492     0.0745     0.0989     3.0098     1.7938 1.0000e-12       6074     4.2174  0.000e+00
     63.753   71.53636 -157.75158     64.421    -1.5606    -1.5573    -1.5618    32.9101    32.9256  1026.7870    26.4761    277.335    263.472  368.63287     75.233     71.488     0.0745     0.0989     3.0098     1.7938 1.0000e-12       6075     4.2181  0.000e+00
     63.753   71.53636 -157.75158     64.421    -1.5608    -1.5573    -1.5620    32.9094    32.9254  1026.7864    26.4755    277.236    263.453  368.63732     75.206     71.483     0.0745     0.0989     3.0098     1.7938 8.4714e-06       6076     4.2188  0.000e+00
     63.745   71.53636 -157.75158     64.413    -1.5606    -1.5576    -1.5618    32.9088    32.9253  1026.7858    26.4750    277.439    263.437  368.63677     75.261     71.478     0.0733     0.0916     3.0098     1.7938 8.4714e-06       6077     4.2194  0.000e+00
     63.753   71.53636 -157.75158     64.421    -1.5606    -1.5575    -1.5618    32.9087    32.9246  1026.7858    26.4749    277.427    263.420  368.63716     75.257     71.473     0.0745     0.0989     3.0098     1.7938 8.4714e-06       6078     4.2201  0.000e+00
     63.753   71.53636 -157.75158     64.421    -1.5606    -1.5575    -1.5618    32.9087    32.9244  1026.7858    26.4749    277.148    263.401  368.63716     75.182     71.467     0.0733     0.0916     3.0098     1.7938 1.0000e-12       6079     4.2208  0.000e+00
     63.807   71.53636 -157.75158     64.476    -1.5606    -1.5579    -1.5618    32.9082    32.9248  1026.7857    26.4746    277.338    263.386  368.63839     75.233     71.463     0.0745     0.0989     3.0085     1.7954 8.4714e-06       6080     4.2215  0.000e+00
     63.807   71.53636 -157.75158     64.475    -1.5607    -1.5575    -1.5620    32.9085    32.9244  1026.7859    26.4748    277.310    263.365  368.63943     75.225     71.458     0.0745     0.0989     3.0110     1.7922 8.4714e-06       6081     4.2222  0.000e+00
     63.745   71.53636 -157.75158     64.413    -1.5607    -1.5575    -1.5619    32.9085    32.9247  1026.7856    26.4748    277.272    263.344  368.63880     75.215     71.452     0.0733     0.0916     3.0122     1.7905 8.4714e-06       6082     4.2229  0.000e+00
     63.807   71.53636 -157.75158     64.475    -1.5606    -1.5575    -1.5618    32.9080    32.9248  1026.7855    26.4744    277.233    263.327  368.63915     75.204     71.447     0.0745     0.0989     3.0134     1.7889 1.0000e-12       6083     4.2236  0.000e+00
     63.861   71.53636 -157.75158     64.530    -1.5607    -1.5577    -1.5620    32.9084    32.9242  1026.7860    26.4747    277.187    263.312  368.63978     75.192     71.443     0.0733     0.0916     3.0122     1.7905 8.4714e-06       6084     4.2243  0.000e+00
     63.807   71.53636 -157.75158     64.475    -1.5603    -1.5577    -1.5615    32.9091    32.9224  1026.7864    26.4753    277.178    263.262  368.63305     75.191     71.428     0.0745     0.0989     3.0122     1.7905 8.4714e-06       6085     4.2250  0.000e+00
     63.799   71.53636 -157.75158     64.468    -1.5604    -1.5580    -1.5617    32.9106    32.9211  1026.7876    26.4765    277.169    263.246  368.63028     75.189     71.423     0.0733     0.0916     3.0122     1.7905 8.4714e-06       6086     4.2257  0.000e+00
     63.807   71.53636 -157.75158     64.475    -1.5602    -1.5580    -1.5614    32.9115    32.9199  1026.7883    26.4772    277.155    263.229  368.62547     75.186     71.417     0.0745     0.0989     3.0122     1.7905 1.0000e-12       6087     4.2264  0.000e+00
     63.807   71.53636 -157.75158     64.475    -1.5600    -1.5584    -1.5612    32.9121    32.9191  1026.7888    26.4777    277.137    263.214  368.62127     75.182     71.412     0.0757     0.1062     3.0122     1.7905 1.0000e-12       6088     4.2271  0.000e+00
     63.861   71.53636 -157.75158     64.530    -1.5598    -1.5588    -1.5610    32.9114    32.9186  1026.7885    26.4771    276.861    263.200  368.62184     75.107     71.407     0.0745     0.0989     3.0122     1.7905 8.4714e-06       6089     4.2278  0.000e+00
     63.807   71.53636 -157.75158     64.475    -1.5600    -1.5591    -1.5612    32.9105    32.9185  1026.7875    26.4764    277.051    263.180  368.62594     75.158     71.401     0.0745     0.0989     3.0134     1.7889 8.4714e-06       6090     4.2285  0.000e+00
     63.853   71.53636 -157.75158     64.522    -1.5603    -1.5591    -1.5615    32.9083    32.9192  1026.7859    26.4746    277.035    263.160  368.63541     75.152     71.396     0.0745     0.0989     3.0122     1.7905 8.4714e-06       6091     4.2292  0.000e+00
     63.807   71.53636 -157.75158     64.475    -1.5606    -1.5589    -1.5618    32.9056    32.9195  1026.7835    26.4724    277.013    263.136  368.64622     75.143     71.390     0.0745     0.0989     3.0122     1.7905 8.4714e-06       6092     4.2299  0.000e+00
     63.861   71.53636 -157.75158     64.530    -1.5611    -1.5589    -1.5624    32.9034    32.9188  1026.7821    26.4707    276.991    263.153  368.65815     75.135     71.394     0.0757     0.1062     3.0122     1.7905 8.4714e-06       6093     4.2306  0.000e+00
     63.861   71.53636 -157.75158     64.530    -1.5615    -1.5588    -1.5627    32.9019    32.9171  1026.7808    26.4695    276.960    263.170  368.66602     75.125     71.398     0.0745     0.0989     3.0134     1.7889 8.4714e-06       6094     4.2313  0.000e+00
     63.861   71.53636 -157.75158     64.530    -1.5615    -1.5588    -1.5627    32.9003    32.9160  1026.7795    26.4682    276.974    263.155  368.67070     75.128     71.394     0.0757     0.1062     3.0134     1.7889 8.4714e-06       6095     4.2319  0.000e+00
     63.799   71.53636 -157.75158     64.468    -1.5621    -1.5595    -1.5633    32.8996    32.9144  1026.7787    26.4676    276.935    263.145  368.67914     75.116     71.388     0.0745     0.0989     3.0122     1.7905 8.4714e-06       6096     4.2326  0.000e+00
     63.861   71.53636 -157.75158     64.530    -1.5626    -1.5601    -1.5638    32.8984    32.9129  1026.7780    26.4667    276.896    263.138  368.68702     75.103     71.384     0.0757     0.1062     3.0134     1.7889 8.4714e-06       6097     4.2333  0.000e+00
     63.861   71.53638 -157.75156     64.530    -1.5626    -1.5598    -1.5638    32.8968    32.9120  1026.7767    26.4654    277.419    263.120  368.69169     75.244     71.380     0.0757     0.1062     3.0134     1.7889 8.4714e-06       6098     4.2340  0.000e+00
