EcoFOCI/data/1_SampleCollection/2023_SikuliaqDBO_CruiseData/CTD_raw_BottleFile_SKQ23-12S/proc/skq202312s_071svp.cnv
* Sea-Bird SBE 9 Data File:
* FileName = D:\CTD\SKQ202312S\SKQ202312S_071.hex
* Software Version Seasave V 7.26.7.121
* Temperature SN = 6177
* Conductivity SN = 0369
* Number of Bytes Per Scan = 41
* Number of Voltage Words = 4
* Number of Scans Averaged by the Deck Unit = 1
* NMEA Latitude = 68 07.96 N
* NMEA Longitude = 167 29.16 W
* NMEA UTC (Time) = Oct 01 2023  15:37:48
* NMEA baud rate = 4800
** Ship: R/V Sikuliaq
** Station Number: 071
** Station Name: DBO3.4
** Bottom Depth: 48
** Operator: SD
# nquan = 7
# nvalues = 5682                                  
# units = specified
# name 0 = depSM: Depth [salt water, m]
# name 1 = latitude: Latitude [deg]
# name 2 = longitude: Longitude [deg]
# name 3 = t090C: Temperature [ITS-90, deg C]
# name 4 = sal00: Salinity, Practical [PSU]
# name 5 = svCM: Sound Velocity [Chen-Millero, m/s]
# name 6 = flag:  0.000e+00
# span 0 =      2.762,     44.483                 
# span 1 =   68.13258,   68.13266                 
# span 2 = -167.48644, -167.48614                 
# span 3 =     3.5666,     5.2849                 
# span 4 =    29.7391,    32.1387                 
# span 5 =    1461.56,    1466.89                 
# span 6 = 0.0000e+00, 0.0000e+00                 
# interval = seconds: 0.0416667
# start_time = Oct 01 2023 15:41:18 [NMEA time, first data scan]
# bad_flag = -9.990e-29
*END*
[from data line 3077]
     36.685   68.13264 -167.48622     3.5878    32.0175    1461.65  0.000e+00
     36.739   68.13264 -167.48622     3.5878    32.0174    1461.65  0.000e+00
     36.739   68.13264 -167.48622     3.5878    32.0176    1461.65  0.000e+00
     36.793   68.13264 -167.48622     3.5876    32.0176    1461.65  0.000e+00
     36.785   68.13264 -167.48622     3.5876    32.0174    1461.65  0.000e+00
     36.855   68.13264 -167.48622     3.5876    32.0174    1461.65  0.000e+00
     36.909   68.13264 -167.48622     3.5876    32.0175    1461.65  0.000e+00
     36.855   68.13264 -167.48622     3.5878    32.0174    1461.65  0.000e+00
     36.963   68.13264 -167.48622     3.5874    32.0174    1461.65  0.000e+00
     36.971   68.13264 -167.48622     3.5874    32.0175    1461.65  0.000e+00
     36.971   68.13264 -167.48622     3.5876    32.0175    1461.65  0.000e+00
     36.971   68.13264 -167.48622     3.5873    32.0180    1461.65  0.000e+00
     37.086   68.13264 -167.48622     3.5876    32.0173    1461.65  0.000e+00
     37.017   68.13264 -167.48622     3.5874    32.0174    1461.65  0.000e+00
     37.086   68.13264 -167.48622     3.5874    32.0174    1461.65  0.000e+00
     37.140   68.13264 -167.48622     3.5874    32.0177    1461.66  0.000e+00
     37.140   68.13264 -167.48622     3.5873    32.0176    1461.65  0.000e+00
     37.133   68.13264 -167.48622     3.5873    32.0172    1461.65  0.000e+00
     37.194   68.13264 -167.48622     3.5874    32.0173    1461.66  0.000e+00
     37.194   68.13264 -167.48622     3.5871    32.0176    1461.65  0.000e+00
     37.256   68.13264 -167.48622     3.5873    32.0174    1461.66  0.000e+00
     37.256   68.13264 -167.48622     3.5871    32.0177    1461.66  0.000e+00
     37.248   68.13264 -167.48622     3.5870    32.0177    1461.66  0.000e+00
     37.310   68.13264 -167.48622     3.5873    32.0177    1461.66  0.000e+00
     37.310   68.13264 -167.48622     3.5871    32.0178    1461.66  0.000e+00
     37.310   68.13264 -167.48622     3.5870    32.0175    1461.66  0.000e+00
     37.372   68.13264 -167.48622     3.5871    32.0174    1461.66  0.000e+00
     37.364   68.13264 -167.48622     3.5870    32.0175    1461.66  0.000e+00
     37.426   68.13264 -167.48622     3.5871    32.0174    1461.66  0.000e+00
     37.372   68.13264 -167.48622     3.5870    32.0174    1461.66  0.000e+00
     37.426   68.13264 -167.48624     3.5871    32.0174    1461.66  0.000e+00
     37.418   68.13264 -167.48624     3.5868    32.0178    1461.66  0.000e+00
     37.426   68.13264 -167.48624     3.5873    32.0172    1461.66  0.000e+00
     37.480   68.13264 -167.48624     3.5870    32.0175    1461.66  0.000e+00
     37.480   68.13264 -167.48624     3.5870    32.0176    1461.66  0.000e+00
     37.480   68.13264 -167.48624     3.5871    32.0174    1461.66  0.000e+00
     37.534   68.13264 -167.48624     3.5870    32.0174    1461.66  0.000e+00
     37.541   68.13264 -167.48624     3.5871    32.0174    1461.66  0.000e+00
     37.541   68.13264 -167.48624     3.5871    32.0174    1461.66  0.000e+00
     37.541   68.13264 -167.48624     3.5871    32.0176    1461.66  0.000e+00
     37.595   68.13264 -167.48624     3.5870    32.0173    1461.66  0.000e+00
     37.534   68.13264 -167.48624     3.5870    32.0174    1461.66  0.000e+00
     37.657   68.13264 -167.48624     3.5870    32.0174    1461.66  0.000e+00
     37.541   68.13264 -167.48624     3.5870    32.0175    1461.66  0.000e+00
     37.657   68.13264 -167.48624     3.5870    32.0177    1461.66  0.000e+00
     37.595   68.13264 -167.48624     3.5870    32.0182    1461.66  0.000e+00
     37.649   68.13264 -167.48624     3.5866    32.0180    1461.66  0.000e+00
     37.657   68.13264 -167.48624     3.5868    32.0176    1461.66  0.000e+00
     37.657   68.13264 -167.48624     3.5868    32.0176    1461.66  0.000e+00
     37.711   68.13264 -167.48624     3.5868    32.0174    1461.66  0.000e+00
     37.657   68.13264 -167.48624     3.5868    32.0174    1461.66  0.000e+00
     37.703   68.13264 -167.48624     3.5868    32.0171    1461.66  0.000e+00
     37.773   68.13264 -167.48624     3.5868    32.0174    1461.66  0.000e+00
     37.711   68.13264 -167.48624     3.5870    32.0172    1461.66  0.000e+00
     37.711   68.13264 -167.48624     3.5870    32.0173    1461.66  0.000e+00
     37.703   68.13264 -167.48624     3.5868    32.0180    1461.66  0.000e+00
     37.773   68.13264 -167.48624     3.5868    32.0175    1461.66  0.000e+00
     37.711   68.13264 -167.48624     3.5866    32.0175    1461.66  0.000e+00
     37.773   68.13264 -167.48624     3.5870    32.0173    1461.66  0.000e+00
     37.773   68.13264 -167.48624     3.5868    32.0177    1461.66  0.000e+00
     37.703   68.13264 -167.48624     3.5866    32.0182    1461.66  0.000e+00
     37.773   68.13264 -167.48624     3.5866    32.0176    1461.66  0.000e+00
     37.827   68.13264 -167.48624     3.5868    32.0175    1461.66  0.000e+00
     37.773   68.13264 -167.48624     3.5866    32.0176    1461.66  0.000e+00
     37.827   68.13264 -167.48624     3.5868    32.0175    1461.66  0.000e+00
     37.765   68.13264 -167.48624     3.5871    32.0181    1461.66  0.000e+00
     37.827   68.13264 -167.48624     3.5871    32.0177    1461.67  0.000e+00
     37.827   68.13264 -167.48624     3.5871    32.0179    1461.67  0.000e+00
     37.827   68.13264 -167.48624     3.5874    32.0177    1461.67  0.000e+00
     37.827   68.13264 -167.48624     3.5878    32.0176    1461.67  0.000e+00
     37.765   68.13264 -167.48624     3.5879    32.0172    1461.67  0.000e+00
     37.827   68.13264 -167.48624     3.5878    32.0176    1461.67  0.000e+00
     37.827   68.13264 -167.48624     3.5881    32.0175    1461.67  0.000e+00
     37.827   68.13264 -167.48624     3.5881    32.0174    1461.67  0.000e+00
     37.827   68.13264 -167.48624     3.5882    32.0170    1461.67  0.000e+00
     37.881   68.13264 -167.48624     3.5881    32.0177    1461.67  0.000e+00
     37.827   68.13264 -167.48624     3.5881    32.0177    1461.67  0.000e+00
     37.827   68.13264 -167.48624     3.5881    32.0178    1461.67  0.000e+00
     37.881   68.13264 -167.48624     3.5882    32.0175    1461.67  0.000e+00
     37.827   68.13264 -167.48624     3.5882    32.0171    1461.67  0.000e+00
     37.881   68.13264 -167.48624     3.5881    32.0171    1461.67  0.000e+00
     37.881   68.13264 -167.48624     3.5879    32.0172    1461.67  0.000e+00
     37.881   68.13264 -167.48624     3.5879    32.0177    1461.67  0.000e+00
     37.827   68.13264 -167.48624     3.5879    32.0174    1461.67  0.000e+00
     37.881   68.13264 -167.48624     3.5878    32.0174    1461.67  0.000e+00
     37.881   68.13264 -167.48624     3.5878    32.0171    1461.67  0.000e+00
     37.827   68.13264 -167.48624     3.5878    32.0176    1461.67  0.000e+00
     37.881   68.13264 -167.48624     3.5876    32.0174    1461.67  0.000e+00
     37.943   68.13264 -167.48624     3.5878    32.0171    1461.67  0.000e+00
     37.881   68.13264 -167.48624     3.5873    32.0176    1461.67  0.000e+00
     37.935   68.13264 -167.48624     3.5876    32.0170    1461.67  0.000e+00
     37.881   68.13264 -167.48624     3.5874    32.0171    1461.67  0.000e+00
     37.943   68.13264 -167.48624     3.5876    32.0168    1461.67  0.000e+00
     37.881   68.13264 -167.48624     3.5871    32.0176    1461.67  0.000e+00
     37.881   68.13264 -167.48624     3.5871    32.0177    1461.67  0.000e+00
     37.935   68.13264 -167.48624     3.5873    32.0173    1461.67  0.000e+00
     37.943   68.13264 -167.48624     3.5868    32.0180    1461.67  0.000e+00
     37.943   68.13264 -167.48624     3.5870    32.0177    1461.67  0.000e+00
     37.881   68.13264 -167.48624     3.5871    32.0177    1461.67  0.000e+00
     37.943   68.13264 -167.48624     3.5871    32.0177    1461.67  0.000e+00
     37.997   68.13264 -167.48624     3.5870    32.0180    1461.67  0.000e+00
     37.943   68.13264 -167.48624     3.5873    32.0174    1461.67  0.000e+00
     37.943   68.13264 -167.48624     3.5870    32.0178    1461.67  0.000e+00
     37.997   68.13264 -167.48624     3.5873    32.0177    1461.67  0.000e+00
     37.943   68.13264 -167.48624     3.5871    32.0178    1461.67  0.000e+00
     37.997   68.13264 -167.48624     3.5873    32.0176    1461.67  0.000e+00
     37.997   68.13264 -167.48624     3.5871    32.0175    1461.67  0.000e+00
     37.997   68.13264 -167.48624     3.5871    32.0176    1461.67  0.000e+00
     37.997   68.13264 -167.48624     3.5873    32.0173    1461.67  0.000e+00
     38.058   68.13264 -167.48624     3.5871    32.0176    1461.67  0.000e+00
     37.997   68.13264 -167.48624     3.5871    32.0175    1461.67  0.000e+00
     38.058   68.13264 -167.48624     3.5871    32.0174    1461.67  0.000e+00
     37.997   68.13264 -167.48624     3.5870    32.0175    1461.67  0.000e+00
     38.058   68.13264 -167.48624     3.5871    32.0174    1461.67  0.000e+00
     38.058   68.13264 -167.48624     3.5871    32.0169    1461.67  0.000e+00
     38.105   68.13264 -167.48624     3.5868    32.0173    1461.67  0.000e+00
     38.058   68.13264 -167.48624     3.5871    32.0175    1461.67  0.000e+00
     38.058   68.13264 -167.48624     3.5870    32.0178    1461.67  0.000e+00
     38.112   68.13264 -167.48624     3.5871    32.0174    1461.67  0.000e+00
     38.112   68.13264 -167.48624     3.5873    32.0176    1461.67  0.000e+00
     38.166   68.13264 -167.48624     3.5871    32.0177    1461.67  0.000e+00
     38.112   68.13264 -167.48624     3.5874    32.0175    1461.67  0.000e+00
     38.174   68.13264 -167.48624     3.5873    32.0175    1461.67  0.000e+00
     38.174   68.13264 -167.48624     3.5873    32.0172    1461.67  0.000e+00
     38.174   68.13264 -167.48624     3.5874    32.0172    1461.67  0.000e+00
     38.220   68.13264 -167.48624     3.5873    32.0172    1461.67  0.000e+00
     38.174   68.13264 -167.48624     3.5871    32.0173    1461.67  0.000e+00
     38.228   68.13264 -167.48624     3.5870    32.0172    1461.67  0.000e+00
     38.228   68.13264 -167.48624     3.5870    32.0170    1461.67  0.000e+00
     38.228   68.13264 -167.48624     3.5871    32.0172    1461.67  0.000e+00
     38.220   68.13264 -167.48624     3.5868    32.0173    1461.67  0.000e+00
     38.228   68.13264 -167.48624     3.5870    32.0172    1461.67  0.000e+00
     38.282   68.13264 -167.48624     3.5868    32.0173    1461.67  0.000e+00
     38.282   68.13264 -167.48624     3.5870    32.0174    1461.67  0.000e+00
     38.228   68.13264 -167.48624     3.5870    32.0176    1461.67  0.000e+00
     38.336   68.13264 -167.48624     3.5871    32.0173    1461.67  0.000e+00
     38.282   68.13264 -167.48624     3.5868    32.0176    1461.67  0.000e+00
     38.344   68.13264 -167.48624     3.5871    32.0173    1461.67  0.000e+00
     38.344   68.13264 -167.48624     3.5870    32.0174    1461.67  0.000e+00
     38.344   68.13264 -167.48624     3.5870    32.0171    1461.67  0.000e+00
     38.344   68.13264 -167.48624     3.5870    32.0175    1461.67  0.000e+00
     38.398   68.13264 -167.48624     3.5871    32.0173    1461.67  0.000e+00
     38.344   68.13264 -167.48624     3.5870    32.0176    1461.67  0.000e+00
     38.344   68.13264 -167.48624     3.5868    32.0178    1461.67  0.000e+00
     38.460   68.13264 -167.48624     3.5868    32.0173    1461.67  0.000e+00
     38.398   68.13264 -167.48624     3.5866    32.0176    1461.67  0.000e+00
     38.398   68.13264 -167.48624     3.5868    32.0173    1461.67  0.000e+00
     38.460   68.13264 -167.48624     3.5865    32.0171    1461.67  0.000e+00
     38.398   68.13264 -167.48624     3.5866    32.0169    1461.67  0.000e+00
     38.514   68.13264 -167.48624     3.5865    32.0174    1461.67  0.000e+00
     38.460   68.13264 -167.48624     3.5866    32.0171    1461.67  0.000e+00
     38.452   68.13264 -167.48624     3.5865    32.0175    1461.67  0.000e+00
     38.514   68.13264 -167.48624     3.5863    32.0176    1461.67  0.000e+00
     38.514   68.13264 -167.48624     3.5865    32.0175    1461.67  0.000e+00
     38.514   68.13264 -167.48624     3.5865    32.0173    1461.67  0.000e+00
     38.514   68.13264 -167.48624     3.5865    32.0172    1461.67  0.000e+00
     38.568   68.13264 -167.48624     3.5863    32.0173    1461.67  0.000e+00
     38.514   68.13264 -167.48624     3.5863    32.0175    1461.67  0.000e+00
     38.575   68.13264 -167.48624     3.5863    32.0178    1461.67  0.000e+00
     38.575   68.13264 -167.48624     3.5862    32.0176    1461.67  0.000e+00
     38.575   68.13264 -167.48624     3.5863    32.0176    1461.67  0.000e+00
     38.629   68.13264 -167.48624     3.5863    32.0177    1461.68  0.000e+00
     38.622   68.13264 -167.48624     3.5863    32.0174    1461.67  0.000e+00
     38.629   68.13264 -167.48624     3.5863    32.0175    1461.68  0.000e+00
     38.629   68.13264 -167.48624     3.5862    32.0175    1461.67  0.000e+00
     38.629   68.13264 -167.48624     3.5862    32.0175    1461.67  0.000e+00
     38.683   68.13264 -167.48624     3.5863    32.0174    1461.68  0.000e+00
     38.737   68.13264 -167.48624     3.5863    32.0177    1461.68  0.000e+00
     38.683   68.13264 -167.48624     3.5863    32.0174    1461.68  0.000e+00
     38.683   68.13264 -167.48624     3.5862    32.0174    1461.68  0.000e+00
     38.683   68.13264 -167.48624     3.5863    32.0176    1461.68  0.000e+00
     38.745   68.13264 -167.48624     3.5862    32.0175    1461.68  0.000e+00
     38.683   68.13264 -167.48624     3.5862    32.0172    1461.67  0.000e+00
     38.799   68.13264 -167.48624     3.5862    32.0171    1461.68  0.000e+00
     38.799   68.13264 -167.48624     3.5862    32.0177    1461.68  0.000e+00
     38.745   68.13264 -167.48624     3.5860    32.0178    1461.68  0.000e+00
     38.799   68.13264 -167.48624     3.5862    32.0174    1461.68  0.000e+00
     38.799   68.13264 -167.48624     3.5863    32.0170    1461.68  0.000e+00
     38.799   68.13264 -167.48624     3.5858    32.0178    1461.68  0.000e+00
     38.861   68.13264 -167.48624     3.5862    32.0173    1461.68  0.000e+00
     38.861   68.13264 -167.48624     3.5860    32.0174    1461.68  0.000e+00
     38.799   68.13264 -167.48624     3.5860    32.0173    1461.68  0.000e+00
     38.915   68.13264 -167.48624     3.5860    32.0172    1461.68  0.000e+00
     38.853   68.13264 -167.48624     3.5860    32.0174    1461.68  0.000e+00
     38.861   68.13264 -167.48624     3.5860    32.0176    1461.68  0.000e+00
     38.915   68.13264 -167.48624     3.5862    32.0173    1461.68  0.000e+00
     38.915   68.13264 -167.48624     3.5862    32.0175    1461.68  0.000e+00
     38.915   68.13264 -167.48624     3.5860    32.0173    1461.68  0.000e+00
     38.915   68.13264 -167.48624     3.5858    32.0175    1461.68  0.000e+00
     38.907   68.13264 -167.48624     3.5860    32.0177    1461.68  0.000e+00
     39.030   68.13264 -167.48624     3.5860    32.0175    1461.68  0.000e+00
     38.976   68.13264 -167.48624     3.5858    32.0178    1461.68  0.000e+00
     38.976   68.13264 -167.48624     3.5858    32.0179    1461.68  0.000e+00
     38.976   68.13264 -167.48624     3.5858    32.0180    1461.68  0.000e+00
     39.030   68.13264 -167.48624     3.5860    32.0173    1461.68  0.000e+00
     39.023   68.13264 -167.48624     3.5858    32.0175    1461.68  0.000e+00
     39.030   68.13264 -167.48624     3.5858    32.0178    1461.68  0.000e+00
     39.084   68.13264 -167.48624     3.5857    32.0179    1461.68  0.000e+00
     39.030   68.13264 -167.48624     3.5858    32.0172    1461.68  0.000e+00
     39.084   68.13264 -167.48624     3.5857    32.0180    1461.68  0.000e+00
     39.138   68.13264 -167.48624     3.5860    32.0173    1461.68  0.000e+00
     39.146   68.13264 -167.48624     3.5857    32.0176    1461.68  0.000e+00
     39.146   68.13264 -167.48624     3.5860    32.0175    1461.68  0.000e+00
     39.146   68.13264 -167.48624     3.5858    32.0173    1461.68  0.000e+00
     39.146   68.13264 -167.48624     3.5857    32.0174    1461.68  0.000e+00
