EcoFOCI/data/1_SampleCollection/2023_SikuliaqDBO_CruiseData/CTD_raw_BottleFile_SKQ23-12S/proc/skq202312s_005svp.cnv
* Sea-Bird SBE 9 Data File:
* FileName = D:\CTD\SKQ202312S\SKQ202312S_005.hex
* Software Version Seasave V 7.26.7.121
* Temperature SN = 6177
* Conductivity SN = 0369
* Number of Bytes Per Scan = 41
* Number of Voltage Words = 4
* Number of Scans Averaged by the Deck Unit = 1
* NMEA Latitude = 62 23.39 N
* NMEA Longitude = 174 34.17 W
* NMEA UTC (Time) = Sep 15 2023  22:10:54
* NMEA baud rate = 4800
** Ship: R/V Sikuliaq
** Station Number: 005
** Station Name: DBO1.4
** Bottom Depth: 70
** Operator: SD
# nquan = 7
# nvalues = 8201                                  
# units = specified
# name 0 = depSM: Depth [salt water, m]
# name 1 = latitude: Latitude [deg]
# name 2 = longitude: Longitude [deg]
# name 3 = t090C: Temperature [ITS-90, deg C]
# name 4 = sal00: Salinity, Practical [PSU]
# name 5 = svCM: Sound Velocity [Chen-Millero, m/s]
# name 6 = flag:  0.000e+00
# span 0 =      1.585,     65.999                 
# span 1 =   62.38976,   62.38978                 
# span 2 = -174.56960, -174.56958                 
# span 3 =    -1.5350,     7.8557                 
# span 4 =    30.9756,    31.9002                 
# span 5 =    1438.34,    1477.08                 
# span 6 = 0.0000e+00, 0.0000e+00                 
# interval = seconds: 0.0416667
# start_time = Sep 15 2023 22:14:11 [NMEA time, first data scan]
# bad_flag = -9.990e-29
*END*
[from data line 4924]
     60.672   62.38978 -174.56960    -1.5266    31.8947    1438.78  0.000e+00
     60.726   62.38978 -174.56960    -1.5269    31.8948    1438.78  0.000e+00
     60.726   62.38978 -174.56960    -1.5265    31.8943    1438.78  0.000e+00
     60.664   62.38978 -174.56960    -1.5266    31.8940    1438.78  0.000e+00
     60.788   62.38978 -174.56960    -1.5266    31.8938    1438.78  0.000e+00
     60.788   62.38978 -174.56960    -1.5266    31.8936    1438.78  0.000e+00
     60.726   62.38978 -174.56960    -1.5264    31.8930    1438.78  0.000e+00
     60.788   62.38978 -174.56960    -1.5263    31.8931    1438.78  0.000e+00
     60.834   62.38978 -174.56960    -1.5262    31.8925    1438.78  0.000e+00
     60.842   62.38978 -174.56960    -1.5262    31.8925    1438.78  0.000e+00
     60.788   62.38978 -174.56960    -1.5260    31.8932    1438.78  0.000e+00
     60.842   62.38978 -174.56960    -1.5264    31.8934    1438.78  0.000e+00
     60.888   62.38978 -174.56960    -1.5264    31.8936    1438.78  0.000e+00
     60.842   62.38978 -174.56960    -1.5267    31.8941    1438.78  0.000e+00
     60.896   62.38978 -174.56960    -1.5268    31.8948    1438.78  0.000e+00
     60.896   62.38978 -174.56960    -1.5268    31.8946    1438.78  0.000e+00
     60.888   62.38978 -174.56960    -1.5269    31.8948    1438.78  0.000e+00
     60.896   62.38978 -174.56960    -1.5270    31.8954    1438.78  0.000e+00
     60.957   62.38978 -174.56960    -1.5269    31.8954    1438.78  0.000e+00
     60.957   62.38978 -174.56960    -1.5271    31.8958    1438.78  0.000e+00
     60.957   62.38978 -174.56960    -1.5269    31.8959    1438.78  0.000e+00
     60.950   62.38978 -174.56960    -1.5270    31.8954    1438.78  0.000e+00
     61.012   62.38978 -174.56960    -1.5272    31.8957    1438.78  0.000e+00
     60.957   62.38978 -174.56960    -1.5271    31.8954    1438.78  0.000e+00
     61.011   62.38978 -174.56960    -1.5272    31.8952    1438.78  0.000e+00
     61.004   62.38978 -174.56960    -1.5271    31.8952    1438.78  0.000e+00
     61.073   62.38978 -174.56960    -1.5272    31.8958    1438.78  0.000e+00
     61.011   62.38978 -174.56960    -1.5272    31.8954    1438.78  0.000e+00
     61.073   62.38978 -174.56960    -1.5274    31.8957    1438.78  0.000e+00
     61.065   62.38978 -174.56960    -1.5274    31.8961    1438.78  0.000e+00
     61.127   62.38978 -174.56960    -1.5274    31.8961    1438.78  0.000e+00
     61.073   62.38978 -174.56960    -1.5275    31.8961    1438.78  0.000e+00
     61.073   62.38978 -174.56960    -1.5272    31.8959    1438.78  0.000e+00
     61.189   62.38978 -174.56960    -1.5274    31.8957    1438.78  0.000e+00
     61.120   62.38978 -174.56960    -1.5274    31.8959    1438.78  0.000e+00
     61.127   62.38978 -174.56960    -1.5274    31.8956    1438.78  0.000e+00
     61.127   62.38978 -174.56960    -1.5272    31.8954    1438.78  0.000e+00
     61.189   62.38978 -174.56960    -1.5275    31.8959    1438.78  0.000e+00
     61.174   62.38978 -174.56960    -1.5274    31.8958    1438.78  0.000e+00
     61.189   62.38978 -174.56960    -1.5275    31.8960    1438.78  0.000e+00
     61.189   62.38978 -174.56960    -1.5274    31.8960    1438.78  0.000e+00
     61.189   62.38978 -174.56960    -1.5272    31.8963    1438.78  0.000e+00
     61.235   62.38978 -174.56960    -1.5272    31.8962    1438.78  0.000e+00
     61.243   62.38978 -174.56960    -1.5274    31.8963    1438.78  0.000e+00
     61.189   62.38978 -174.56960    -1.5272    31.8960    1438.78  0.000e+00
     61.297   62.38978 -174.56960    -1.5272    31.8958    1438.79  0.000e+00
     61.189   62.38978 -174.56960    -1.5275    31.8964    1438.78  0.000e+00
     61.289   62.38978 -174.56960    -1.5272    31.8959    1438.79  0.000e+00
     61.297   62.38978 -174.56960    -1.5274    31.8958    1438.78  0.000e+00
     61.297   62.38978 -174.56960    -1.5275    31.8961    1438.78  0.000e+00
     61.297   62.38978 -174.56960    -1.5274    31.8962    1438.79  0.000e+00
     61.351   62.38978 -174.56960    -1.5274    31.8964    1438.79  0.000e+00
     61.297   62.38978 -174.56960    -1.5274    31.8964    1438.79  0.000e+00
     61.359   62.38978 -174.56960    -1.5274    31.8960    1438.79  0.000e+00
     61.359   62.38978 -174.56960    -1.5275    31.8961    1438.79  0.000e+00
     61.351   62.38978 -174.56960    -1.5271    31.8956    1438.79  0.000e+00
     61.413   62.38978 -174.56960    -1.5272    31.8960    1438.79  0.000e+00
     61.359   62.38978 -174.56960    -1.5272    31.8961    1438.79  0.000e+00
     61.413   62.38978 -174.56960    -1.5275    31.8963    1438.79  0.000e+00
     61.405   62.38978 -174.56960    -1.5272    31.8965    1438.79  0.000e+00
     61.359   62.38978 -174.56960    -1.5274    31.8966    1438.79  0.000e+00
     61.413   62.38978 -174.56960    -1.5272    31.8965    1438.79  0.000e+00
     61.474   62.38978 -174.56960    -1.5271    31.8968    1438.79  0.000e+00
     61.405   62.38978 -174.56960    -1.5271    31.8968    1438.79  0.000e+00
     61.413   62.38978 -174.56960    -1.5269    31.8968    1438.79  0.000e+00
     61.474   62.38978 -174.56960    -1.5269    31.8966    1438.79  0.000e+00
     61.474   62.38978 -174.56960    -1.5269    31.8965    1438.79  0.000e+00
     61.467   62.38978 -174.56960    -1.5271    31.8970    1438.79  0.000e+00
     61.474   62.38978 -174.56960    -1.5271    31.8970    1438.79  0.000e+00
     61.474   62.38978 -174.56960    -1.5271    31.8972    1438.79  0.000e+00
     61.474   62.38978 -174.56960    -1.5271    31.8968    1438.79  0.000e+00
     61.528   62.38978 -174.56960    -1.5270    31.8968    1438.79  0.000e+00
     61.521   62.38978 -174.56960    -1.5269    31.8970    1438.79  0.000e+00
     61.528   62.38978 -174.56960    -1.5269    31.8968    1438.79  0.000e+00
     61.474   62.38978 -174.56960    -1.5271    31.8972    1438.79  0.000e+00
     61.528   62.38978 -174.56960    -1.5268    31.8972    1438.79  0.000e+00
     61.521   62.38978 -174.56960    -1.5269    31.8971    1438.79  0.000e+00
     61.528   62.38978 -174.56960    -1.5268    31.8970    1438.79  0.000e+00
     61.590   62.38978 -174.56960    -1.5270    31.8969    1438.79  0.000e+00
     61.528   62.38978 -174.56960    -1.5269    31.8965    1438.79  0.000e+00
     61.521   62.38978 -174.56960    -1.5268    31.8966    1438.79  0.000e+00
     61.590   62.38978 -174.56960    -1.5269    31.8969    1438.79  0.000e+00
     61.528   62.38978 -174.56960    -1.5267    31.8964    1438.79  0.000e+00
     61.528   62.38978 -174.56960    -1.5268    31.8966    1438.79  0.000e+00
     61.575   62.38978 -174.56960    -1.5272    31.8971    1438.79  0.000e+00
     61.528   62.38978 -174.56960    -1.5269    31.8963    1438.79  0.000e+00
     61.590   62.38978 -174.56960    -1.5271    31.8966    1438.79  0.000e+00
     61.590   62.38978 -174.56960    -1.5269    31.8967    1438.79  0.000e+00
     61.521   62.38978 -174.56960    -1.5271    31.8967    1438.79  0.000e+00
     61.590   62.38978 -174.56960    -1.5271    31.8966    1438.79  0.000e+00
     61.590   62.38978 -174.56960    -1.5270    31.8963    1438.79  0.000e+00
     61.590   62.38978 -174.56960    -1.5269    31.8964    1438.79  0.000e+00
     61.521   62.38978 -174.56960    -1.5269    31.8962    1438.79  0.000e+00
     61.590   62.38978 -174.56960    -1.5269    31.8961    1438.79  0.000e+00
     61.590   62.38978 -174.56960    -1.5268    31.8963    1438.79  0.000e+00
     61.528   62.38978 -174.56960    -1.5269    31.8960    1438.79  0.000e+00
     61.636   62.38978 -174.56960    -1.5269    31.8958    1438.79  0.000e+00
     61.528   62.38978 -174.56960    -1.5272    31.8965    1438.79  0.000e+00
     61.528   62.38978 -174.56960    -1.5272    31.8966    1438.79  0.000e+00
     61.590   62.38978 -174.56960    -1.5274    31.8962    1438.79  0.000e+00
     61.521   62.38978 -174.56960    -1.5271    31.8960    1438.79  0.000e+00
     61.590   62.38978 -174.56960    -1.5272    31.8963    1438.79  0.000e+00
     61.528   62.38978 -174.56960    -1.5271    31.8959    1438.79  0.000e+00
     61.590   62.38978 -174.56960    -1.5271    31.8960    1438.79  0.000e+00
     61.474   62.38978 -174.56960    -1.5269    31.8960    1438.79  0.000e+00
     61.575   62.38978 -174.56960    -1.5272    31.8964    1438.79  0.000e+00
     61.528   62.38978 -174.56960    -1.5269    31.8964    1438.79  0.000e+00
     61.528   62.38978 -174.56960    -1.5269    31.8961    1438.79  0.000e+00
     61.590   62.38978 -174.56960    -1.5266    31.8958    1438.79  0.000e+00
     61.521   62.38978 -174.56960    -1.5265    31.8958    1438.79  0.000e+00
     61.528   62.38978 -174.56960    -1.5268    31.8961    1438.79  0.000e+00
     61.528   62.38978 -174.56960    -1.5264    31.8957    1438.79  0.000e+00
     61.528   62.38978 -174.56960    -1.5268    31.8962    1438.79  0.000e+00
     61.521   62.38978 -174.56960    -1.5264    31.8957    1438.79  0.000e+00
     61.474   62.38978 -174.56960    -1.5263    31.8960    1438.79  0.000e+00
     61.528   62.38978 -174.56960    -1.5262    31.8955    1438.79  0.000e+00
     61.528   62.38978 -174.56960    -1.5263    31.8956    1438.79  0.000e+00
     61.466   62.38978 -174.56960    -1.5260    31.8955    1438.79  0.000e+00
     61.474   62.38978 -174.56960    -1.5259    31.8950    1438.79  0.000e+00
     61.528   62.38978 -174.56960    -1.5260    31.8953    1438.79  0.000e+00
     61.474   62.38978 -174.56960    -1.5258    31.8953    1438.79  0.000e+00
     61.466   62.38978 -174.56960    -1.5262    31.8955    1438.79  0.000e+00
     61.528   62.38978 -174.56960    -1.5263    31.8956    1438.79  0.000e+00
     61.474   62.38978 -174.56960    -1.5257    31.8951    1438.79  0.000e+00
     61.412   62.38978 -174.56960    -1.5262    31.8958    1438.79  0.000e+00
     61.520   62.38978 -174.56960    -1.5263    31.8959    1438.79  0.000e+00
     61.474   62.38978 -174.56960    -1.5266    31.8964    1438.79  0.000e+00
     61.412   62.38978 -174.56960    -1.5268    31.8961    1438.79  0.000e+00
     61.474   62.38978 -174.56960    -1.5270    31.8964    1438.79  0.000e+00
     61.466   62.38978 -174.56960    -1.5271    31.8969    1438.79  0.000e+00
     61.412   62.38978 -174.56960    -1.5272    31.8965    1438.79  0.000e+00
     61.412   62.38978 -174.56960    -1.5272    31.8963    1438.79  0.000e+00
     61.412   62.38978 -174.56960    -1.5272    31.8961    1438.79  0.000e+00
     61.474   62.38978 -174.56960    -1.5272    31.8962    1438.79  0.000e+00
     61.350   62.38978 -174.56960    -1.5269    31.8960    1438.79  0.000e+00
     61.412   62.38978 -174.56960    -1.5272    31.8965    1438.79  0.000e+00
     61.412   62.38978 -174.56960    -1.5270    31.8963    1438.79  0.000e+00
     61.412   62.38978 -174.56960    -1.5269    31.8960    1438.79  0.000e+00
     61.350   62.38978 -174.56960    -1.5271    31.8962    1438.79  0.000e+00
     61.412   62.38978 -174.56960    -1.5271    31.8960    1438.79  0.000e+00
     61.358   62.38978 -174.56960    -1.5274    31.8960    1438.79  0.000e+00
     61.412   62.38978 -174.56960    -1.5274    31.8961    1438.79  0.000e+00
     61.404   62.38978 -174.56960    -1.5275    31.8964    1438.79  0.000e+00
     61.358   62.38978 -174.56960    -1.5274    31.8960    1438.79  0.000e+00
     61.358   62.38978 -174.56960    -1.5274    31.8959    1438.79  0.000e+00
     61.412   62.38978 -174.56960    -1.5275    31.8961    1438.79  0.000e+00
     61.350   62.38978 -174.56960    -1.5277    31.8963    1438.78  0.000e+00
     61.358   62.38978 -174.56960    -1.5274    31.8959    1438.79  0.000e+00
     61.412   62.38978 -174.56960    -1.5274    31.8961    1438.79  0.000e+00
     61.296   62.38978 -174.56960    -1.5274    31.8965    1438.79  0.000e+00
     61.350   62.38978 -174.56960    -1.5272    31.8966    1438.79  0.000e+00
     61.412   62.38978 -174.56960    -1.5270    31.8965    1438.79  0.000e+00
     61.358   62.38978 -174.56960    -1.5269    31.8963    1438.79  0.000e+00
     61.358   62.38978 -174.56960    -1.5266    31.8970    1438.79  0.000e+00
     61.358   62.38978 -174.56960    -1.5264    31.8963    1438.79  0.000e+00
     61.404   62.38978 -174.56960    -1.5265    31.8968    1438.79  0.000e+00
     61.358   62.38978 -174.56960    -1.5264    31.8967    1438.79  0.000e+00
     61.358   62.38978 -174.56960    -1.5266    31.8964    1438.79  0.000e+00
     61.412   62.38978 -174.56960    -1.5266    31.8965    1438.79  0.000e+00
     61.350   62.38978 -174.56960    -1.5267    31.8966    1438.79  0.000e+00
     61.412   62.38978 -174.56960    -1.5268    31.8971    1438.79  0.000e+00
     61.358   62.38978 -174.56960    -1.5266    31.8967    1438.79  0.000e+00
     61.412   62.38978 -174.56960    -1.5267    31.8970    1438.79  0.000e+00
     61.404   62.38978 -174.56960    -1.5269    31.8972    1438.79  0.000e+00
     61.412   62.38978 -174.56960    -1.5264    31.8966    1438.79  0.000e+00
     61.412   62.38978 -174.56960    -1.5262    31.8967    1438.79  0.000e+00
     61.412   62.38978 -174.56960    -1.5262    31.8969    1438.79  0.000e+00
     61.404   62.38978 -174.56960    -1.5264    31.8967    1438.79  0.000e+00
     61.474   62.38978 -174.56960    -1.5268    31.8969    1438.79  0.000e+00
     61.412   62.38978 -174.56960    -1.5268    31.8966    1438.79  0.000e+00
     61.474   62.38978 -174.56960    -1.5267    31.8965    1438.79  0.000e+00
     61.466   62.38978 -174.56960    -1.5268    31.8967    1438.79  0.000e+00
     61.474   62.38978 -174.56960    -1.5269    31.8968    1438.79  0.000e+00
     61.474   62.38978 -174.56960    -1.5269    31.8968    1438.79  0.000e+00
     61.528   62.38978 -174.56960    -1.5267    31.8967    1438.79  0.000e+00
     61.520   62.38978 -174.56960    -1.5268    31.8965    1438.79  0.000e+00
     61.528   62.38978 -174.56960    -1.5268    31.8964    1438.79  0.000e+00
     61.528   62.38978 -174.56960    -1.5271    31.8964    1438.79  0.000e+00
     61.528   62.38978 -174.56960    -1.5271    31.8966    1438.79  0.000e+00
     61.589   62.38978 -174.56960    -1.5271    31.8968    1438.79  0.000e+00
     61.574   62.38978 -174.56960    -1.5269    31.8965    1438.79  0.000e+00
     61.589   62.38978 -174.56960    -1.5270    31.8965    1438.79  0.000e+00
     61.589   62.38978 -174.56960    -1.5269    31.8960    1438.79  0.000e+00
     61.644   62.38978 -174.56960    -1.5271    31.8964    1438.79  0.000e+00
     61.636   62.38978 -174.56960    -1.5268    31.8964    1438.79  0.000e+00
     61.643   62.38978 -174.56960    -1.5270    31.8967    1438.79  0.000e+00
     61.698   62.38978 -174.56960    -1.5271    31.8962    1438.79  0.000e+00
     61.698   62.38978 -174.56960    -1.5271    31.8962    1438.79  0.000e+00
     61.690   62.38978 -174.56960    -1.5272    31.8965    1438.79  0.000e+00
     61.698   62.38978 -174.56960    -1.5270    31.8964    1438.79  0.000e+00
     61.759   62.38978 -174.56960    -1.5268    31.8966    1438.80  0.000e+00
     61.813   62.38978 -174.56960    -1.5268    31.8970    1438.80  0.000e+00
     61.752   62.38978 -174.56960    -1.5271    31.8974    1438.80  0.000e+00
     61.813   62.38978 -174.56960    -1.5268    31.8967    1438.80  0.000e+00
     61.813   62.38978 -174.56960    -1.5271    31.8963    1438.80  0.000e+00
     61.813   62.38978 -174.56960    -1.5269    31.8954    1438.79  0.000e+00
     61.867   62.38978 -174.56960    -1.5272    31.8959    1438.79  0.000e+00
     61.875   62.38978 -174.56960    -1.5271    31.8961    1438.80  0.000e+00
     61.875   62.38978 -174.56960    -1.5272    31.8966    1438.80  0.000e+00
     61.875   62.38978 -174.56960    -1.5271    31.8967    1438.80  0.000e+00
     61.975   62.38978 -174.56960    -1.5268    31.8966    1438.80  0.000e+00
     61.929   62.38978 -174.56960    -1.5268    31.8965    1438.80  0.000e+00
     61.929   62.38978 -174.56960    -1.5271    31.8969    1438.80  0.000e+00
     61.991   62.38978 -174.56960    -1.5269    31.8950    1438.80  0.000e+00
