EcoFOCI/data/1_SampleCollection/2023_SikuliaqDBO_CruiseData/CTD_raw_BottleFile_SKQ23-12S/proc/skq202312s_031.cnv
* Sea-Bird SBE 9 Data File:
* FileName = D:\CTD\SKQ202312S\SKQ202312S_031.hex
* Software Version Seasave V 7.26.7.121
* Temperature SN = 6177
* Conductivity SN = 0369
* Number of Bytes Per Scan = 41
* Number of Voltage Words = 4
* Number of Scans Averaged by the Deck Unit = 1
* NMEA Latitude = 71 29.95 N
* NMEA Longitude = 157 40.36 W
* NMEA UTC (Time) = Sep 21 2023  09:49:17
* NMEA baud rate = 4800
** Ship: R/V Sikuliaq
** Station Number: 031
** Station Name: DBO5.7
** Bottom Depth: 81
** Operator: SS
# nquan = 24
# nvalues = 7970                                  
# units = specified
# name 0 = depSM: Depth [salt water, m]
# name 1 = latitude: Latitude [deg]
# name 2 = longitude: Longitude [deg]
# name 3 = prDM: Pressure, Digiquartz [db]
# name 4 = t090C: Temperature [ITS-90, deg C]
# name 5 = t190C: Temperature, 2 [ITS-90, deg C]
# name 6 = potemp090C: Potential Temperature [ITS-90, deg C]
# name 7 = sal00: Salinity, Practical [PSU]
# name 8 = sal11: Salinity, Practical, 2 [PSU]
# name 9 = density00: Density [density, kg/m^3]
# name 10 = sigma-é00: Density [sigma-theta, kg/m^3]
# name 11 = sbox0Mm/Kg: Oxygen, SBE 43 [umol/kg]
# name 12 = sbox1Mm/Kg: Oxygen, SBE 43, 2 [umol/kg]
# name 13 = oxsolMm/Kg: Oxygen Saturation, Garcia & Gordon [umol/kg]
# name 14 = sbeox0PS: Oxygen, SBE 43 [% saturation]
# name 15 = sbeox1PS: Oxygen, SBE 43, 2 [% saturation]
# name 16 = v0: Voltage 0
# name 17 = flECO-AFL: Fluorescence, WET Labs ECO-AFL/FL [mg/m^3]
# name 18 = v1: Voltage 1
# name 19 = CStarAt0: Beam Attenuation, WET Labs C-Star [1/m]
# name 20 = par: PAR/Irradiance, Biospherical/Licor
# name 21 = scan: Scan Count
# name 22 = timeM: Time, Elapsed [minutes]
# name 23 = flag:  0.000e+00
# span 0 =      2.872,     76.386                 
# span 1 =   71.49900,   71.49906                 
# span 2 = -157.67374, -157.67336                 
# span 3 =      2.901,     77.189                 
# span 4 =    -1.6844,     3.0301                 
# span 5 =    -1.6828,     3.0383                 
# span 6 =    -1.6855,     3.0294                 
# span 7 =    29.9724,    32.8984                 
# span 8 =    29.9816,    32.9084                 
# span 9 =  1023.9065,  1026.8396                 
# span 10 =    23.8808,    26.4687                
# span 11 =    253.027,    451.860                
# span 12 =    240.849,    429.158                
# span 13 =  334.23975,  370.21941                
# span 14 =     68.356,    128.194                
# span 15 =     65.077,    121.055                
# span 16 =     0.0745,     0.1746                
# span 17 =     0.0989,     0.6996                
# span 18 =     2.7094,     4.1685                
# span 19 =     0.4906,     2.2145                
# span 20 = 1.0000e-12, 5.4233e-01                
# span 21 =          1,       7970                
# span 22 =     0.0000,     5.5340                
# span 23 = 0.0000e+00, 0.0000e+00                
# interval = seconds: 0.0416667
# start_time = Sep 21 2023 09:54:09 [NMEA time, first data scan]
# bad_flag = -9.990e-29
*END*
[from data line 5495]
     71.636   71.49902 -157.67362     72.388    -1.6586    -1.6540    -1.6599    32.8416    32.8676  1026.7724    26.4228    260.693    248.240  369.81002     70.494     67.149     0.0781     0.1209     3.5433     1.1407 1.0000e-12       5496     3.8160  0.000e+00
     71.706   71.49902 -157.67362     72.458    -1.6588    -1.6535    -1.6601    32.8397    32.8675  1026.7712    26.4213    260.741    248.397  369.81715     70.505     67.192     0.0781     0.1209     3.5433     1.1407 1.0000e-12       5497     3.8167  0.000e+00
     71.706   71.49902 -157.67364     72.458    -1.6591    -1.6535    -1.6604    32.8379    32.8711  1026.7697    26.4199    260.730    248.345  369.82531     70.501     67.180     0.0781     0.1209     3.5433     1.1407 8.4714e-06       5498     3.8174  0.000e+00
     71.752   71.49902 -157.67364     72.505    -1.6595    -1.6527    -1.6608    32.8362    32.8750  1026.7685    26.4184    260.716    248.283  369.83512     70.495     67.166     0.0781     0.1209     3.5433     1.1407 8.4714e-06       5499     3.8181  0.000e+00
     71.767   71.49902 -157.67364     72.521    -1.6598    -1.6521    -1.6611    32.8348    32.8789  1026.7675    26.4173    260.693    248.252  369.84204     70.488     67.161     0.0769     0.1135     3.5433     1.1407 1.0000e-12       5500     3.8188  0.000e+00
     71.752   71.49902 -157.67364     72.505    -1.6599    -1.6516    -1.6612    32.8337    32.8827  1026.7666    26.4165    260.711    247.987  369.84570     70.492     67.093     0.0781     0.1209     3.5421     1.1421 8.4714e-06       5501     3.8194  0.000e+00
     71.821   71.49902 -157.67364     72.575    -1.6603    -1.6511    -1.6616    32.8331    32.8861  1026.7664    26.4160    260.731    248.154  369.85148     70.496     67.140     0.0794     0.1282     3.5421     1.1421 8.4714e-06       5502     3.8201  0.000e+00
     71.821   71.49902 -157.67364     72.575    -1.6602    -1.6507    -1.6615    32.8347    32.8876  1026.7677    26.4173    260.474    248.122  369.84575     70.428     67.133     0.0781     0.1209     3.5433     1.1407 1.0000e-12       5503     3.8208  0.000e+00
     71.868   71.49902 -157.67364     72.622    -1.6599    -1.6503    -1.6612    32.8387    32.8875  1026.7712    26.4205    260.682    248.092  369.83107     70.487     67.126     0.0781     0.1209     3.5385     1.1462 1.0000e-12       5504     3.8215  0.000e+00
     71.883   71.49902 -157.67364     72.638    -1.6595    -1.6507    -1.6608    32.8422    32.8854  1026.7741    26.4233    260.675    248.068  369.81747     70.487     67.118     0.0781     0.1209     3.5348     1.1504 1.0000e-12       5505     3.8222  0.000e+00
     71.922   71.49902 -157.67364     72.677    -1.6589    -1.6511    -1.6602    32.8427    32.8832  1026.7746    26.4237    260.668    248.044  369.81034     70.487     67.109     0.0781     0.1209     3.5336     1.1518 1.0000e-12       5506     3.8229  0.000e+00
     71.937   71.49902 -157.67364     72.692    -1.6591    -1.6514    -1.6604    32.8417    32.8810  1026.7740    26.4230    260.613    248.014  369.81419     70.471     67.099     0.0781     0.1209     3.5336     1.1518 8.4714e-06       5507     3.8236  0.000e+00
     71.937   71.49902 -157.67364     72.692    -1.6592    -1.6516    -1.6605    32.8413    32.8798  1026.7736    26.4226    260.602    248.012  369.81714     70.468     67.098     0.0781     0.1209     3.5336     1.1518 8.4714e-06       5508     3.8243  0.000e+00
     71.984   71.49902 -157.67364     72.739    -1.6585    -1.6518    -1.6598    32.8424    32.8801  1026.7747    26.4235    260.840    247.974  369.80696     70.534     67.087     0.0781     0.1209     3.5336     1.1518 1.0000e-12       5509     3.8250  0.000e+00
     71.991   71.49902 -157.67364     72.747    -1.6583    -1.6516    -1.6596    32.8473    32.8802  1026.7787    26.4274    260.595    247.929  369.79058     70.471     67.075     0.0769     0.1135     3.5336     1.1518 8.4714e-06       5510     3.8257  0.000e+00
     72.092   71.49902 -157.67364     72.848    -1.6576    -1.6519    -1.6589    32.8527    32.8808  1026.7836    26.4318    260.606    247.921  369.76717     70.478     67.073     0.0781     0.1209     3.5336     1.1518 1.0000e-12       5511     3.8264  0.000e+00
     72.053   71.49902 -157.67364     72.809    -1.6566    -1.6512    -1.6579    32.8555    32.8828  1026.7856    26.4341    260.562    247.666  369.74983     70.470     67.006     0.0769     0.1135     3.5336     1.1518 8.4714e-06       5512     3.8271  0.000e+00
     72.107   71.49902 -157.67364     72.864    -1.6566    -1.6511    -1.6579    32.8572    32.8856  1026.7873    26.4355    260.474    247.846  369.74472     70.447     67.057     0.0769     0.1135     3.5336     1.1518 1.0000e-12       5513     3.8278  0.000e+00
     72.153   71.49902 -157.67364     72.911    -1.6557    -1.6506    -1.6570    32.8594    32.8877  1026.7893    26.4372    260.423    247.824  369.72906     70.436     67.053     0.0769     0.1135     3.5336     1.1518 1.0000e-12       5514     3.8285  0.000e+00
     72.169   71.49902 -157.67364     72.926    -1.6556    -1.6503    -1.6569    32.8631    32.8896  1026.7923    26.4402    260.319    247.803  369.71714     70.410     67.049     0.0769     0.1135     3.5336     1.1518 8.4714e-06       5515     3.8292  0.000e+00
     72.153   71.49902 -157.67364     72.911    -1.6551    -1.6500    -1.6564    32.8657    32.8899  1026.7944    26.4423    260.258    247.551  369.70487     70.396     66.981     0.0781     0.1209     3.5336     1.1518 8.4714e-06       5516     3.8299  0.000e+00
     72.223   71.49902 -157.67364     72.981    -1.6545    -1.6496    -1.6558    32.8674    32.8918  1026.7961    26.4437    260.250    247.496  369.69348     70.396     66.968     0.0769     0.1135     3.5336     1.1518 1.0000e-12       5517     3.8306  0.000e+00
     72.284   71.49902 -157.67364     73.043    -1.6542    -1.6494    -1.6555    32.8692    32.8943  1026.7978    26.4452    260.189    247.672  369.68542     70.381     67.017     0.0781     0.1209     3.5336     1.1518 1.0000e-12       5518     3.8312  0.000e+00
     72.269   71.49902 -157.67364     73.028    -1.6540    -1.6491    -1.6553    32.8699    32.8954  1026.7983    26.4457    260.072    247.648  369.68105     70.350     67.012     0.0769     0.1135     3.5336     1.1518 1.0000e-12       5519     3.8319  0.000e+00
     72.338   71.49902 -157.67364     73.098    -1.6536    -1.6487    -1.6549    32.8709    32.8954  1026.7994    26.4465    260.001    247.396  369.67413     70.333     66.944     0.0769     0.1135     3.5336     1.1518 8.4714e-06       5520     3.8326  0.000e+00
     72.385   71.49902 -157.67364     73.145    -1.6535    -1.6488    -1.6548    32.8723    32.8954  1026.8008    26.4476    259.928    247.345  369.66900     70.314     66.930     0.0757     0.1062     3.5336     1.1518 8.4714e-06       5521     3.8333  0.000e+00
     72.338   71.49900 -157.67364     73.098    -1.6533    -1.6490    -1.6546    32.8718    32.8947  1026.8002    26.4473    259.902    247.293  369.66851     70.307     66.916     0.0769     0.1135     3.5336     1.1518 1.0000e-12       5522     3.8340  0.000e+00
     72.454   71.49900 -157.67364     73.215    -1.6531    -1.6490    -1.6544    32.8720    32.8946  1026.8009    26.4474    259.932    247.013  369.66628     70.315     66.840     0.0781     0.1209     3.5336     1.1518 1.0000e-12       5523     3.8347  0.000e+00
     72.385   71.49900 -157.67364     73.145    -1.6528    -1.6490    -1.6541    32.8759    32.8949  1026.8037    26.4506    259.894    246.959  369.65203     70.308     66.826     0.0769     0.1135     3.5189     1.1684 8.4714e-06       5524     3.8354  0.000e+00
     72.570   71.49900 -157.67364     73.332    -1.6522    -1.6487    -1.6536    32.8793    32.8949  1026.8074    26.4533    259.861    247.147  369.63629     70.302     66.877     0.0781     0.1209     3.4908     1.2004 1.0000e-12       5525     3.8361  0.000e+00
     72.493   71.49900 -157.67364     73.254    -1.6521    -1.6490    -1.6534    32.8799    32.8946  1026.8075    26.4538    259.826    247.133  369.63283     70.293     66.873     0.0757     0.1062     3.4823     1.2103 1.0000e-12       5526     3.8368  0.000e+00
     72.570   71.49900 -157.67364     73.332    -1.6521    -1.6488    -1.6534    32.8786    32.8942  1026.8068    26.4528    259.800    247.124  369.63652     70.285     66.870     0.0769     0.1135     3.4835     1.2089 8.4714e-06       5527     3.8375  0.000e+00
     72.609   71.49900 -157.67364     73.371    -1.6522    -1.6490    -1.6536    32.8776    32.8943  1026.8062    26.4519    259.771    246.884  369.64131     70.277     66.805     0.0769     0.1135     3.4847     1.2074 8.4714e-06       5528     3.8382  0.000e+00
     72.624   71.49900 -157.67364     73.386    -1.6519    -1.6491    -1.6532    32.8764    32.8939  1026.8053    26.4510    259.788    247.076  369.64116     70.281     66.856     0.0769     0.1135     3.4847     1.2074 8.4714e-06       5529     3.8389  0.000e+00
     72.686   71.49900 -157.67364     73.449    -1.6522    -1.6491    -1.6536    32.8762    32.8934  1026.8054    26.4508    259.758    247.072  369.64525     70.272     66.855     0.0781     0.1209     3.4847     1.2074 8.4714e-06       5530     3.8396  0.000e+00
     72.724   71.49900 -157.67364     73.488    -1.6524    -1.6493    -1.6537    32.8751    32.8928  1026.8047    26.4499    259.986    246.840  369.64978     70.333     66.792     0.0769     0.1135     3.4847     1.2074 1.0000e-12       5531     3.8403  0.000e+00
     72.740   71.49900 -157.67364     73.503    -1.6524    -1.6493    -1.6537    32.8752    32.8930  1026.8048    26.4500    259.733    246.804  369.64956     70.265     66.782     0.0781     0.1209     3.4847     1.2074 1.0000e-12       5532     3.8410  0.000e+00
     72.724   71.49900 -157.67364     73.488    -1.6525    -1.6494    -1.6539    32.8757    32.8933  1026.8052    26.4504    259.689    246.772  369.64968     70.253     66.773     0.0769     0.1135     3.4847     1.2074 8.4714e-06       5533     3.8417  0.000e+00
     72.794   71.49900 -157.67364     73.558    -1.6524    -1.6493    -1.6537    32.8756    32.8932  1026.8054    26.4503    259.644    246.743  369.64839     70.241     66.766     0.0769     0.1135     3.4847     1.2074 1.0000e-12       5534     3.8424  0.000e+00
     72.856   71.49900 -157.67364     73.620    -1.6524    -1.6490    -1.6537    32.8766    32.8945  1026.8066    26.4511    259.596    246.713  369.64533     70.228     66.759     0.0757     0.1062     3.4847     1.2074 8.4714e-06       5535     3.8431  0.000e+00
     72.894   71.49900 -157.67364     73.659    -1.6518    -1.6487    -1.6531    32.8787    32.8967  1026.8085    26.4528    259.537    246.684  369.63338     70.215     66.752     0.0769     0.1135     3.4847     1.2074 8.4714e-06       5536     3.8438  0.000e+00
     72.856   71.49900 -157.67364     73.620    -1.6518    -1.6484    -1.6531    32.8822    32.8982  1026.8111    26.4556    259.790    246.655  369.62330     70.285     66.746     0.0781     0.1209     3.4847     1.2074 8.4714e-06       5537     3.8444  0.000e+00
     72.956   71.49900 -157.67364     73.722    -1.6510    -1.6484    -1.6523    32.8845    32.8996  1026.8135    26.4576    259.569    246.602  369.60826     70.228     66.733     0.0769     0.1135     3.4847     1.2074 8.4714e-06       5538     3.8451  0.000e+00
     72.971   71.49900 -157.67364     73.737    -1.6509    -1.6481    -1.6522    32.8869    32.9003  1026.8155    26.4595    259.509    246.581  369.60015     70.214     66.728     0.0769     0.1135     3.4847     1.2074 1.0000e-12       5539     3.8458  0.000e+00
     73.010   71.49900 -157.67364     73.776    -1.6504    -1.6481    -1.6517    32.8888    32.9008  1026.8172    26.4610    259.499    246.567  369.59013     70.213     66.724     0.0757     0.1062     3.4847     1.2074 1.0000e-12       5540     3.8465  0.000e+00
     73.025   71.49900 -157.67364     73.792    -1.6501    -1.6478    -1.6514    32.8894    32.9007  1026.8178    26.4615    259.491    246.553  369.58529     70.212     66.721     0.0781     0.1209     3.4847     1.2074 8.4714e-06       5541     3.8472  0.000e+00
     73.087   71.49900 -157.67364     73.854    -1.6501    -1.6478    -1.6514    32.8902    32.9006  1026.8187    26.4622    259.488    246.545  369.58300     70.211     66.719     0.0757     0.1062     3.4847     1.2074 1.0000e-12       5542     3.8479  0.000e+00
     73.126   71.49900 -157.67364     73.893    -1.6501    -1.6479    -1.6514    32.8904    32.9015  1026.8190    26.4623    259.485    246.540  369.58256     70.210     66.717     0.0769     0.1135     3.4847     1.2074 1.0000e-12       5543     3.8486  0.000e+00
     73.087   71.49900 -157.67364     73.854    -1.6498    -1.6478    -1.6511    32.8907    32.9011  1026.8191    26.4625    259.476    246.303  369.57812     70.209     66.653     0.0781     0.1209     3.4811     1.2117 8.4714e-06       5544     3.8493  0.000e+00
     73.187   71.49900 -157.67364     73.956    -1.6495    -1.6478    -1.6508    32.8899    32.9013  1026.8189    26.4619    259.474    246.239  369.57763     70.208     66.636     0.0769     0.1135     3.4701     1.2243 1.0000e-12       5545     3.8500  0.000e+00
     73.195   71.49900 -157.67364     73.963    -1.6495    -1.6478    -1.6508    32.8905    32.9014  1026.8195    26.4624    259.469    246.209  369.57574     70.207     66.628     0.0769     0.1135     3.4664     1.2285 1.0000e-12       5546     3.8507  0.000e+00
     73.241   71.49900 -157.67364     74.010    -1.6496    -1.6478    -1.6510    32.8914    32.9011  1026.8204    26.4631    259.466    246.185  369.57496     70.207     66.622     0.0769     0.1135     3.4664     1.2285 1.0000e-12       5547     3.8514  0.000e+00
     73.257   71.49900 -157.67364     74.026    -1.6495    -1.6478    -1.6508    32.8909    32.9011  1026.8201    26.4627    259.462    246.164  369.57458     70.206     66.616     0.0769     0.1135     3.4664     1.2285 1.0000e-12       5548     3.8521  0.000e+00
     73.311   71.49900 -157.67364     74.080    -1.6498    -1.6478    -1.6511    32.8913    32.9016  1026.8207    26.4630    259.461    246.147  369.57637     70.205     66.611     0.0769     0.1135     3.4664     1.2285 8.4714e-06       5549     3.8528  0.000e+00
     73.295   71.49900 -157.67364     74.065    -1.6496    -1.6478    -1.6510    32.8915    32.9016  1026.8207    26.4632    259.455    246.099  369.57468     70.204     66.598     0.0769     0.1135     3.4676     1.2271 1.0000e-12       5550     3.8535  0.000e+00
     73.373   71.49900 -157.67364     74.143    -1.6496    -1.6478    -1.6510    32.8913    32.9012  1026.8209    26.4630    259.193    246.322  369.57533     70.133     66.659     0.0757     0.1062     3.4676     1.2271 1.0000e-12       5551     3.8542  0.000e+00
     73.357   71.49900 -157.67364     74.127    -1.6493    -1.6480    -1.6506    32.8910    32.9019  1026.8206    26.4627    259.346    246.116  369.57271     70.175     66.603     0.0769     0.1135     3.4664     1.2285 8.4714e-06       5552     3.8549  0.000e+00
     73.427   71.49900 -157.67364     74.197    -1.6495    -1.6479    -1.6508    32.8915    32.9017  1026.8214    26.4632    259.345    246.114  369.57299     70.174     66.602     0.0781     0.1209     3.4664     1.2285 1.0000e-12       5553     3.8556  0.000e+00
     73.373   71.49900 -157.67364     74.143    -1.6495    -1.6476    -1.6508    32.8918    32.9015  1026.8214    26.4634    259.338    245.879  369.57200     70.172     66.539     0.0769     0.1135     3.4676     1.2271 8.4714e-06       5554     3.8563  0.000e+00
