EcoFOCI/data/1_SampleCollection/2023_SikuliaqDBO_CruiseData/CTD_raw_BottleFile_SKQ23-12S/proc/skq202312s_082avg.cnv
* Sea-Bird SBE 9 Data File:
* FileName = D:\CTD\SKQ202312S\SKQ202312S_082.hex
* Software Version Seasave V 7.26.7.121
* Temperature SN = 6177
* Conductivity SN = 0369
* Number of Bytes Per Scan = 41
* Number of Voltage Words = 4
* Number of Scans Averaged by the Deck Unit = 1
* NMEA Latitude = 65 40.20 N
* NMEA Longitude = 168 22.04 W
* NMEA UTC (Time) = Oct 03 2023  09:48:47
* NMEA baud rate = 4800
** Ship: R/V Sikuliaq
** Station Number: 082
** Station Name: BS3
** Bottom Depth: 54
** Operator: SD
# nquan = 25
# nvalues = 47                          
# units = specified
# name 0 = depSM: Depth [salt water, m]
# name 1 = latitude: Latitude [deg]
# name 2 = longitude: Longitude [deg]
# name 3 = prDM: Pressure, Digiquartz [db]
# name 4 = t090C: Temperature [ITS-90, deg C]
# name 5 = t190C: Temperature, 2 [ITS-90, deg C]
# name 6 = potemp090C: Potential Temperature [ITS-90, deg C]
# name 7 = sal00: Salinity, Practical [PSU]
# name 8 = sal11: Salinity, Practical, 2 [PSU]
# name 9 = density00: Density [density, kg/m^3]
# name 10 = sigma-é00: Density [sigma-theta, kg/m^3]
# name 11 = sbox0Mm/Kg: Oxygen, SBE 43 [umol/kg]
# name 12 = sbox1Mm/Kg: Oxygen, SBE 43, 2 [umol/kg]
# name 13 = oxsolMm/Kg: Oxygen Saturation, Garcia & Gordon [umol/kg]
# name 14 = sbeox0PS: Oxygen, SBE 43 [% saturation]
# name 15 = sbeox1PS: Oxygen, SBE 43, 2 [% saturation]
# name 16 = v0: Voltage 0
# name 17 = flECO-AFL: Fluorescence, WET Labs ECO-AFL/FL [mg/m^3]
# name 18 = v1: Voltage 1
# name 19 = CStarAt0: Beam Attenuation, WET Labs C-Star [1/m]
# name 20 = par: PAR/Irradiance, Biospherical/Licor
# name 21 = scan: Scan Count
# name 22 = timeM: Time, Elapsed [minutes]
# name 23 = nbin: number of scans per bin
# name 24 = flag: flag
# span 0 =      1.980,     47.522       
# span 1 =   65.66982,   65.66992       
# span 2 = -168.36853, -168.36791       
# span 3 =      2.000,     48.000       
# span 4 =     3.0200,     6.5078       
# span 5 =     3.0209,     6.5090       
# span 6 =     3.0182,     6.5068       
# span 7 =    26.3359,    32.8764       
# span 8 =    26.3384,    32.8925       
# span 9 =  1020.7153,  1026.4014       
# span 10 =    20.6920,    26.1883      
# span 11 =    246.394,    293.965      
# span 12 =    236.998,    281.074      
# span 13 =  305.25381,  327.64253      
# span 14 =     75.204,     92.323      
# span 15 =     72.344,     88.235      
# span 16 =     0.1187,     0.2695      
# span 17 =     0.3644,     1.2688      
# span 18 =     3.3313,     4.0428      
# span 19 =     0.6131,     1.3876      
# span 20 = -2.635e-08, 4.0775e-01      
# span 21 =          4,       4274      
# span 22 =     0.0021,     2.9673      
# span 23 =         28,        564      
# span 24 = 0.0000e+00, 0.0000e+00      
# interval = decibars: 1                
# start_time = Oct 03 2023 09:52:12 [NMEA time, first data scan]
# bad_flag = -9.990e-29
*END*
      1.980   65.66992 -168.36791      2.000     6.2085     6.2083     6.2083    26.4005    26.4729  1020.7525    20.7432    293.845    279.504  318.43795     92.277     87.820     0.2567     1.1920     3.3548     1.3595 4.0775e-01          4     0.0021         52 0.0000e+00
      2.971   65.66991 -168.36794      3.000     6.2102     6.2118     6.2100    26.4067    26.4327  1020.7619    20.7479    293.965    280.814  318.41041     92.323     88.213     0.2683     1.2615     3.3458     1.3702 2.3016e-01        301     0.2083        290 0.0000e+00
      3.960   65.66990 -168.36796      4.000     6.2099     6.2112     6.2096    26.3885    26.4261  1020.7522    20.7335    293.627    280.077  318.45554     92.203     87.976     0.2689     1.2653     3.3434     1.3731 1.2180e-01        520     0.3602         48 0.0000e+00
      4.951   65.66990 -168.36796      5.000     6.2111     6.2125     6.2108    26.3359    26.3384  1020.7153    20.6920    293.930    281.074  318.57007     92.265     88.235     0.2695     1.2688     3.3313     1.3876 5.6640e-02        572     0.3965         87 0.0000e+00
      5.941   65.66990 -168.36796      6.000     6.2118     6.2126     6.2114    26.6413    26.6833  1020.9605    20.9325    293.149    279.818  317.84681     92.230     88.064     0.2632     1.2312     3.3399     1.3773 8.1615e-03        645     0.4475         46 0.0000e+00
      6.931   65.66990 -168.36798      7.000     6.1881     6.1853     6.1875    27.1979    27.2648  1021.4062    21.3736    292.244    278.480  316.72014     92.272     87.964     0.2570     1.1942     3.5329     1.1546 1.3861e-04        693     0.4807         55 0.0000e+00
      7.921   65.66990 -168.36798      8.000     6.3010     6.3107     6.3004    28.6463    28.6445  1022.5391    22.5020    287.897    275.051  312.52106     92.121     88.030     0.2408     1.0968     3.7683     0.8952 -3.023e-10        745     0.5164         46 0.0000e+00
      8.911   65.66990 -168.36798      9.000     6.4061     6.4023     6.4054    29.1531    29.1373  1022.9307    22.8890    286.081    273.344  310.58688     92.110     87.991     0.2233     0.9919     3.8926     0.7645 1.0000e-12        797     0.5525         55 0.0000e+00
      9.901   65.66990 -168.36798     10.000     6.4562     6.4597     6.4554    29.8375    29.8563  1023.4685    23.4222    277.987    267.102  308.66227     90.061     86.554     0.1906     0.7953     3.9487     0.7074 4.2144e-07        846     0.5868         41 0.0000e+00
     10.891   65.66990 -168.36798     11.000     6.4844     6.4872     6.4835    30.3569    30.3645  1023.8789    23.8280    275.559    263.996  307.28065     89.676     85.924     0.1637     0.6338     3.9893     0.6664 8.7780e-07        883     0.6127         38 0.0000e+00
     11.881   65.66990 -168.36798     12.000     6.5078     6.5090     6.5068    30.7534    30.7586  1024.1930    24.1376    271.481    259.489  306.21664     88.656     84.746     0.1551     0.5823     3.9963     0.6594 1.2738e-06        935     0.6485         60 0.0000e+00
     12.872   65.66990 -168.36799     13.000     6.4872     6.4870     6.4861    30.8074    30.8190  1024.2427    24.1827    268.104    256.628  306.24130     87.546     83.806     0.1510     0.5578     3.9896     0.6661 8.7346e-07        986     0.6839         38 0.0000e+00
     13.862   65.66990 -168.36800     14.000     6.4642     6.4600     6.4631    31.0122    31.0263  1024.4116    24.3469    267.470    254.330  305.94235     87.425     83.131     0.1477     0.5384     3.9852     0.6705 1.3377e-06       1024     0.7101         44 0.0000e+00
     14.852   65.66990 -168.36800     15.000     6.3275     6.3265     6.3263    31.3249    31.3376  1024.6796    24.6103    266.777    254.048  306.20810     87.123     82.971     0.1477     0.5379     3.9960     0.6596 1.0681e-06       1080     0.7490         63 0.0000e+00
     15.842   65.66990 -168.36800     16.000     6.4091     6.4150     6.4078    31.4910    31.4938  1024.8050    24.7312    266.180    253.166  305.25381     87.200     82.949     0.1413     0.4997     3.9337     0.7229 8.8479e-07       1130     0.7843         38 0.0000e+00
     16.832   65.66990 -168.36800     17.000     6.2968     6.2861     6.2954    31.5531    31.5761  1024.8725    24.7940    266.918    254.603  305.91180     87.254     83.221     0.1349     0.4612     3.9761     0.6797 1.2971e-06       1169     0.8111         45 0.0000e+00
     17.822   65.66990 -168.36800     18.000     6.0125     5.9966     6.0111    31.6139    31.6417  1024.9597    24.8765    264.076    252.430  307.80794     85.792     81.996     0.1395     0.4891     3.9823     0.6734 9.4948e-07       1229     0.8524         61 0.0000e+00
     18.812   65.66990 -168.36800     19.000     5.6572     5.6404     5.6557    31.6590    31.6931  1025.0420    24.9540    268.722    255.022  310.28131     86.605     82.178     0.1304     0.4342     3.9964     0.6592 1.2800e-06       1271     0.8823         33 0.0000e+00
     19.802   65.66989 -168.36800     20.000     5.3685     5.3548     5.3670    31.6887    31.7168  1025.1032    25.0104    272.526    258.294  312.33399     87.254     82.688     0.1310     0.4377     4.0121     0.6436 1.3201e-06       1316     0.9133         64 0.0000e+00
     20.792   65.66990 -168.36800     21.000     5.0916     5.0687     5.0901    31.7323    31.7665  1025.1732    25.0757    279.783    263.810  314.28809     89.021     83.915     0.1493     0.5475     4.0185     0.6372 5.4311e-07       1379     0.9566         43 0.0000e+00
     21.782   65.66990 -168.36800     22.000     4.8225     4.7996     4.8210    31.8283    31.8693  1025.2829    25.1806    282.692    266.591  316.08739     89.435     84.320     0.1313     0.4398     4.0331     0.6228 1.3620e-06       1414     0.9815         37 0.0000e+00
     22.772   65.66989 -168.36800     23.000     4.5407     4.5377     4.5392    31.9565    31.9763  1025.4190    25.3118    284.744    269.658  317.92133     89.564     84.825     0.1347     0.4602     4.0428     0.6131 1.3062e-06       1458     1.0116         52 0.0000e+00
     23.762   65.66989 -168.36801     24.000     4.4953     4.4991     4.4936    32.0743    32.0862  1025.5219    25.4101    288.125    272.100  317.98738     90.609     85.585     0.1402     0.4930     4.0013     0.6543 7.9751e-07       1514     1.0509         52 0.0000e+00
     24.752   65.66990 -168.36802     25.000     4.4895     4.4753     4.4878    32.1554    32.1839  1025.5914    25.4750    283.511    271.109  317.83895     89.200     85.287     0.1303     0.4337     3.9925     0.6632 1.2112e-06       1563     1.0848         49 0.0000e+00
     25.742   65.66990 -168.36802     26.000     4.2316     4.2250     4.2298    32.2563    32.2791  1025.7026    25.5814    278.387    267.502  319.57707     87.112     83.706     0.1209     0.3772     3.9903     0.6654 2.0341e-06       1613     1.1194         46 0.0000e+00
     26.732   65.66990 -168.36802     27.000     3.9452     3.9275     3.9435    32.3449    32.3818  1025.8061    25.6800    274.385    262.096  321.58763     85.323     81.489     0.1191     0.3667     3.9936     0.6621 1.6313e-06       1660     1.1520         47 0.0000e+00
     27.722   65.66990 -168.36802     28.000     3.4778     3.4493     3.4761    32.5758    32.6233  1026.0389    25.9078    272.805    260.664  324.70699     84.016     80.250     0.1187     0.3644     3.9781     0.6777 1.1789e-06       1710     1.1870         50 0.0000e+00
     28.712   65.66990 -168.36802     29.000     3.1380     3.1201     3.1363    32.7902    32.8279  1026.2454    26.1094    271.132    259.183  326.89346     82.943     79.275     0.1273     0.4157     3.9313     0.7250 1.7015e-06       1753     1.2164         35 0.0000e+00
     29.702   65.66990 -168.36803     30.000     3.0316     3.0401     3.0299    32.8636    32.8801  1026.3180    26.1773    264.629    252.014  327.56881     80.787     76.961     0.1375     0.4772     3.8701     0.7878 1.7614e-06       1797     1.2473         67 0.0000e+00
     30.692   65.66990 -168.36804     31.000     3.0230     3.0223     3.0212    32.8764    32.8925  1026.3337    26.1883    250.956    240.376  327.60668     76.603     73.381     0.1520     0.5641     3.8298     0.8297 -2.635e-08       1867     1.2958         43 0.0000e+00
     31.682   65.66990 -168.36804     32.000     3.0200     3.0209     3.0182    32.8733    32.8886  1026.3362    26.1861    249.856    239.365  327.63850     76.260     73.068     0.1494     0.5487     3.8033     0.8574 6.0324e-07       1895     1.3155         28 0.0000e+00
     32.672   65.66988 -168.36805     33.000     3.0215     3.0215     3.0196    32.8714    32.8859  1026.3392    26.1844    248.732    238.142  327.63128     75.918     72.694     0.1539     0.5758     3.8059     0.8547 5.3503e-07       1946     1.3504         80 0.0000e+00
     33.662   65.66988 -168.36806     34.000     3.0220     3.0229     3.0201    32.8700    32.8838  1026.3427    26.1832    249.060    238.220  327.63036     76.018     72.719     0.1547     0.5799     3.7973     0.8638 4.8238e-07       2010     1.3953         35 0.0000e+00
     34.652   65.66988 -168.36806     35.000     3.0226     3.0233     3.0206    32.8693    32.8829  1026.3468    26.1826    249.759    238.693  327.62766     76.233     72.864     0.1485     0.5433     3.7858     0.8759 1.2994e-06       2043     1.4178         33 0.0000e+00
     35.642   65.66988 -168.36806     36.000     3.0227     3.0236     3.0206    32.8683    32.8814  1026.3507    26.1818    249.040    238.231  327.62929     76.013     72.723     0.1607     0.6163     3.7817     0.8802 5.5873e-07       2091     1.4512         61 0.0000e+00
     36.632   65.66988 -168.36808     37.000     3.0232     3.0240     3.0211    32.8672    32.8801  1026.3544    26.1809    248.866    237.806  327.62790     75.960     72.593     0.1537     0.5741     3.7788     0.8832 6.0666e-07       2145     1.4890         42 0.0000e+00
     37.622   65.66988 -168.36808     38.000     3.0230     3.0238     3.0208    32.8664    32.8791  1026.3585    26.1803    248.673    237.537  327.63163     75.900     72.510     0.1560     0.5884     3.7863     0.8753 3.1928e-07       2192     1.5216         53 0.0000e+00
     38.612   65.66988 -168.36808     39.000     3.0230     3.0239     3.0207    32.8658    32.8782  1026.3627    26.1798    248.429    237.951  327.63318     75.826     72.636     0.1581     0.6005     3.7882     0.8733 1.9173e-07       2241     1.5554         44 0.0000e+00
     39.602   65.66988 -168.36810     40.000     3.0231     3.0240     3.0208    32.8650    32.8772  1026.3668    26.1792    247.649    237.510  327.63449     75.587     72.501     0.1705     0.6750     3.7876     0.8740 6.1790e-07       2316     1.6075        126 0.0000e+00
     40.592   65.66988 -168.36812     41.000     3.0235     3.0243     3.0211    32.8637    32.8756  1026.3704    26.1781    247.323    237.895  327.63437     75.487     72.618     0.1983     0.8416     3.7926     0.8688 1.4651e-07       2444     1.6964         85 0.0000e+00
     41.582   65.66988 -168.36815     42.000     3.0236     3.0246     3.0212    32.8627    32.8743  1026.3744    26.1774    247.341    237.513  327.63585     75.493     72.501     0.1798     0.7305     3.7857     0.8760 4.8716e-07       2640     1.8329        385 0.0000e+00
     42.572   65.66985 -168.36828     43.000     3.0232     3.0241     3.0207    32.8612    32.8721  1026.3779    26.1762    246.827    237.133  327.64253     75.334     72.383     0.1878     0.7789     3.7851     0.8766 3.4302e-07       3266     2.2674        192 0.0000e+00
     43.562   65.66986 -168.36829     44.000     3.0234     3.0244     3.0208    32.8613    32.8723  1026.3826    26.1763    246.699    237.178  327.64115     75.295     72.397     0.1670     0.6538     3.7854     0.8763 6.5221e-07       3278     2.2759        125 0.0000e+00
     44.552   65.66986 -168.36832     45.000     3.0236     3.0246     3.0210    32.8614    32.8722  1026.3873    26.1763    246.590    237.448  327.63887     75.263     72.480     0.1566     0.5915     3.7884     0.8731 3.7211e-07       3386     2.3509         44 0.0000e+00
     45.542   65.66985 -168.36839     46.000     3.0241     3.0249     3.0214    32.8613    32.8720  1026.3919    26.1761    246.394    237.330  327.63564     75.204     72.445     0.1658     0.6466     3.7825     0.8794 5.2229e-07       3679     2.5542        564 0.0000e+00
     46.532   65.66984 -168.36849     47.000     3.0242     3.0252     3.0215    32.8614    32.8721  1026.3967    26.1762    246.834    236.998  327.63413     75.338     72.344     0.1670     0.6542     3.7828     0.8791 3.3491e-07       4090     2.8394        119 0.0000e+00
     47.522   65.66982 -168.36853     48.000     3.0245     3.0253     3.0217    32.8614    32.8720  1026.4014    26.1762    246.504    237.479  327.63200     75.238     72.491     0.1732     0.6914     3.7850     0.8768 2.9678e-07       4274     2.9673        218 0.0000e+00
