EcoFOCI/data/1_SampleCollection/2023_SikuliaqDBO_CruiseData/CTD_raw_BottleFile_SKQ23-12S/proc/skq202312s_052.cnv
* Sea-Bird SBE 9 Data File:
* FileName = D:\CTD\SKQ202312S\SKQ202312S_052.hex
* Software Version Seasave V 7.26.7.121
* Temperature SN = 6177
* Conductivity SN = 0369
* Number of Bytes Per Scan = 41
* Number of Voltage Words = 4
* Number of Scans Averaged by the Deck Unit = 1
* NMEA Latitude = 70 49.96 N
* NMEA Longitude = 163 07.13 W
* NMEA UTC (Time) = Sep 26 2023  20:42:12
* NMEA baud rate = 4800
** Ship: R/V Sikuliaq
** Station Number: 052
** Station Name: C1
** Bottom Depth: 45
** Operator: SD
** Moorings site C1
# nquan = 24
# nvalues = 3928                                  
# units = specified
# name 0 = depSM: Depth [salt water, m]
# name 1 = latitude: Latitude [deg]
# name 2 = longitude: Longitude [deg]
# name 3 = prDM: Pressure, Digiquartz [db]
# name 4 = t090C: Temperature [ITS-90, deg C]
# name 5 = t190C: Temperature, 2 [ITS-90, deg C]
# name 6 = potemp090C: Potential Temperature [ITS-90, deg C]
# name 7 = sal00: Salinity, Practical [PSU]
# name 8 = sal11: Salinity, Practical, 2 [PSU]
# name 9 = density00: Density [density, kg/m^3]
# name 10 = sigma-é00: Density [sigma-theta, kg/m^3]
# name 11 = sbox0Mm/Kg: Oxygen, SBE 43 [umol/kg]
# name 12 = sbox1Mm/Kg: Oxygen, SBE 43, 2 [umol/kg]
# name 13 = oxsolMm/Kg: Oxygen Saturation, Garcia & Gordon [umol/kg]
# name 14 = sbeox0PS: Oxygen, SBE 43 [% saturation]
# name 15 = sbeox1PS: Oxygen, SBE 43, 2 [% saturation]
# name 16 = v0: Voltage 0
# name 17 = flECO-AFL: Fluorescence, WET Labs ECO-AFL/FL [mg/m^3]
# name 18 = v1: Voltage 1
# name 19 = CStarAt0: Beam Attenuation, WET Labs C-Star [1/m]
# name 20 = par: PAR/Irradiance, Biospherical/Licor
# name 21 = scan: Scan Count
# name 22 = timeM: Time, Elapsed [minutes]
# name 23 = flag:  0.000e+00
# span 0 =      2.356,     38.957                 
# span 1 =   70.83274,   70.83288                 
# span 2 = -163.11888, -163.11886                 
# span 3 =      2.380,     39.362                 
# span 4 =     4.4581,     7.1671                 
# span 5 =     4.4592,     7.1717                 
# span 6 =     4.4555,     7.1658                 
# span 7 =    28.7142,    31.7641                 
# span 8 =    28.7251,    31.7935                 
# span 9 =  1022.5562,  1025.3360                 
# span 10 =    22.5443,    25.1559                
# span 11 =    233.960,    294.036                
# span 12 =    219.192,    278.130                
# span 13 =  301.09939,  319.06002                
# span 14 =     73.343,     94.388                
# span 15 =     68.721,     89.256                
# span 16 =     0.0781,     0.2247                
# span 17 =     0.1209,     1.0000                
# span 18 =     2.3919,     4.1868                
# span 19 =     0.4730,     2.7132                
# span 20 = 7.5765e-03, 8.5005e+01                
# span 21 =          1,       3928                
# span 22 =     0.0000,     2.7271                
# span 23 = 0.0000e+00, 0.0000e+00                
# interval = seconds: 0.0416667
# start_time = Sep 26 2023 20:44:50 [NMEA time, first data scan]
# bad_flag = -9.990e-29
*END*
[from data line 3865]
     38.895   70.83288 -163.11886     39.299     4.4626     4.4625     4.4599    31.7428    31.7556  1025.3337    25.1505    234.880    220.691  319.02936     73.623     69.182     0.0830     0.1502     2.4139     2.6766 1.9455e-02       3866     2.6840  0.000e+00
     38.949   70.83288 -163.11886     39.353     4.4622     4.4624     4.4596    31.7432    31.7554  1025.3343    25.1508    234.680    220.675  319.03121     73.560     69.177     0.0842     0.1575     2.4139     2.6766 1.9455e-02       3867     2.6847  0.000e+00
     38.895   70.83288 -163.11886     39.299     4.4622     4.4624     4.4596    31.7433    31.7554  1025.3341    25.1509    234.686    220.654  319.03105     73.562     69.170     0.0830     0.1502     2.4139     2.6766 2.1803e-02       3868     2.6854  0.000e+00
     38.895   70.83288 -163.11886     39.299     4.4621     4.4622     4.4594    31.7435    31.7553  1025.3343    25.1511    234.665    220.656  319.03171     73.555     69.171     0.0842     0.1575     2.4139     2.6766 2.3391e-02       3869     2.6861  0.000e+00
     38.895   70.83288 -163.11886     39.299     4.4618     4.4624     4.4591    31.7438    31.7553  1025.3345    25.1513    234.820    220.635  319.03358     73.604     69.164     0.0830     0.1502     2.4139     2.6766 2.3791e-02       3870     2.6868  0.000e+00
     38.949   70.83288 -163.11886     39.353     4.4621     4.4624     4.4594    31.7432    31.7551  1025.3342    25.1508    234.764    220.428  319.03252     73.586     69.099     0.0830     0.1502     2.4127     2.6787 2.0233e-02       3871     2.6875  0.000e+00
     38.957   70.83288 -163.11886     39.361     4.4621     4.4625     4.4594    31.7430    31.7550  1025.3341    25.1507    234.772    220.386  319.03299     73.588     69.086     0.0830     0.1502     2.4127     2.6787 1.7528e-02       3872     2.6882  0.000e+00
     38.895   70.83288 -163.11886     39.299     4.4618     4.4625     4.4591    31.7434    31.7549  1025.3342    25.1510    234.778    220.342  319.03442     73.590     69.073     0.0830     0.1502     2.4127     2.6787 1.7528e-02       3873     2.6889  0.000e+00
     38.895   70.83288 -163.11886     39.299     4.4618     4.4623     4.4591    31.7433    31.7557  1025.3341    25.1509    234.784    220.300  319.03461     73.592     69.059     0.0830     0.1502     2.4139     2.6766 1.7528e-02       3874     2.6896  0.000e+00
     38.887   70.83288 -163.11886     39.291     4.4618     4.4625     4.4591    31.7436    31.7553  1025.3343    25.1512    234.757    220.279  319.03385     73.584     69.053     0.0830     0.1502     2.4139     2.6766 1.8295e-02       3875     2.6903  0.000e+00
     38.895   70.83288 -163.11886     39.299     4.4618     4.4627     4.4591    31.7433    31.7551  1025.3341    25.1509    234.763    220.259  319.03470     73.585     69.047     0.0818     0.1428     2.4127     2.6787 1.8295e-02       3876     2.6910  0.000e+00
     38.957   70.83288 -163.11886     39.361     4.4618     4.4625     4.4591    31.7437    31.7554  1025.3347    25.1512    234.737    220.242  319.03384     73.577     69.041     0.0830     0.1502     2.4139     2.6766 1.6005e-02       3877     2.6917  0.000e+00
     38.895   70.83288 -163.11886     39.299     4.4619     4.4625     4.4593    31.7434    31.7552  1025.3341    25.1510    234.947    220.202  319.03330     73.643     69.029     0.0842     0.1575     2.4139     2.6766 1.2642e-02       3878     2.6924  0.000e+00
     38.887   70.83288 -163.11886     39.291     4.4619     4.4622     4.4593    31.7433    31.7553  1025.3341    25.1509    234.773    220.164  319.03347     73.589     69.016     0.0830     0.1502     2.4139     2.6766 1.1906e-02       3879     2.6931  0.000e+00
     38.895   70.83288 -163.11886     39.299     4.4619     4.4624     4.4593    31.7438    31.7551  1025.3345    25.1513    234.775    220.145  319.03228     73.590     69.011     0.0830     0.1502     2.4139     2.6766 1.3754e-02       3880     2.6938  0.000e+00
     38.895   70.83288 -163.11886     39.299     4.4621     4.4622     4.4594    31.7435    31.7555  1025.3343    25.1511    234.777    220.129  319.03171     73.590     69.005     0.0830     0.1502     2.4139     2.6766 1.7528e-02       3881     2.6944  0.000e+00
     38.949   70.83288 -163.11886     39.353     4.4621     4.4624     4.4594    31.7433    31.7552  1025.3343    25.1509    234.781    220.113  319.03224     73.592     69.001     0.0830     0.1502     2.4139     2.6766 1.8681e-02       3882     2.6951  0.000e+00
     38.895   70.83288 -163.11886     39.299     4.4621     4.4623     4.4594    31.7436    31.7553  1025.3343    25.1511    234.782    220.075  319.03153     73.592     68.989     0.0830     0.1502     2.4139     2.6766 1.9067e-02       3883     2.6958  0.000e+00
     38.895   70.83288 -163.11886     39.299     4.4624     4.4624     4.4598    31.7434    31.7552  1025.3341    25.1509    234.782    220.038  319.02928     73.593     68.977     0.0830     0.1502     2.4139     2.6766 2.0624e-02       3884     2.6965  0.000e+00
     38.895   70.83288 -163.11886     39.299     4.4624     4.4622     4.4598    31.7435    31.7555  1025.3342    25.1510    234.785    220.023  319.02909     73.594     68.972     0.0818     0.1428     2.4139     2.6766 2.0624e-02       3885     2.6972  0.000e+00
     38.949   70.83288 -163.11886     39.353     4.4622     4.4624     4.4596    31.7436    31.7549  1025.3345    25.1511    234.790    220.010  319.03047     73.595     68.968     0.0806     0.1355     2.4139     2.6766 2.0624e-02       3886     2.6979  0.000e+00
     38.895   70.83288 -163.11886     39.299     4.4626     4.4623     4.4599    31.7436    31.7552  1025.3343    25.1511    234.789    219.807  319.02750     73.595     68.905     0.0806     0.1355     2.4139     2.6766 1.8295e-02       3887     2.6986  0.000e+00
     38.895   70.83288 -163.11886     39.299     4.4627     4.4622     4.4601    31.7435    31.7554  1025.3342    25.1510    234.791    219.775  319.02657     73.596     68.895     0.0806     0.1355     2.4139     2.6766 1.7528e-02       3888     2.6993  0.000e+00
     38.895   70.83288 -163.11886     39.299     4.4626     4.4620     4.4599    31.7437    31.7551  1025.3344    25.1512    234.794    219.746  319.02723     73.597     68.885     0.0806     0.1355     2.4139     2.6766 1.7528e-02       3889     2.7000  0.000e+00
     38.949   70.83288 -163.11886     39.353     4.4629     4.4620     4.4603    31.7435    31.7554  1025.3344    25.1510    234.797    219.718  319.02532     73.598     68.876     0.0806     0.1355     2.4139     2.6766 1.6764e-02       3890     2.7007  0.000e+00
     38.895   70.83288 -163.11886     39.299     4.4627     4.4620     4.4601    31.7436    31.7551  1025.3343    25.1511    234.799    219.690  319.02629     73.598     68.867     0.0806     0.1355     2.4139     2.6766 1.6384e-02       3891     2.7014  0.000e+00
     38.895   70.83288 -163.11886     39.299     4.4631     4.4622     4.4604    31.7435    31.7550  1025.3341    25.1510    234.799    219.663  319.02414     73.599     68.859     0.0806     0.1355     2.4139     2.6766 1.6005e-02       3892     2.7021  0.000e+00
     38.895   70.83288 -163.11886     39.299     4.4633     4.4619     4.4607    31.7435    31.7555  1025.3341    25.1509    234.800    219.453  319.02227     73.600     68.793     0.0806     0.1355     2.4139     2.6766 1.5251e-02       3893     2.7028  0.000e+00
     38.949   70.83288 -163.11886     39.353     4.4634     4.4620     4.4607    31.7437    31.7552  1025.3345    25.1511    234.804    219.600  319.02121     73.601     68.839     0.0794     0.1282     2.4139     2.6766 1.5251e-02       3894     2.7035  0.000e+00
     38.895   70.83288 -163.11886     39.299     4.4634     4.4620     4.4607    31.7434    31.7553  1025.3340    25.1508    234.597    219.391  319.02198     73.536     68.774     0.0806     0.1355     2.4176     2.6706 1.5251e-02       3895     2.7042  0.000e+00
     38.895   70.83288 -163.11886     39.299     4.4634     4.4619     4.4607    31.7438    31.7552  1025.3343    25.1511    234.777    219.354  319.02106     73.593     68.762     0.0794     0.1282     2.4225     2.6625 1.7528e-02       3896     2.7049  0.000e+00
     38.949   70.83288 -163.11886     39.353     4.4632     4.4619     4.4606    31.7440    31.7551  1025.3348    25.1513    234.783    219.508  319.02178     73.595     68.810     0.0806     0.1355     2.4225     2.6625 2.0233e-02       3897     2.7056  0.000e+00
     38.895   70.83288 -163.11886     39.299     4.4635     4.4617     4.4609    31.7433    31.7552  1025.3339    25.1507    234.785    219.495  319.02114     73.595     68.806     0.0806     0.1355     2.4225     2.6625 2.0624e-02       3898     2.7062  0.000e+00
     38.895   70.83288 -163.11886     39.299     4.4637     4.4620     4.4610    31.7431    31.7550  1025.3337    25.1506    234.788    219.482  319.02030     73.597     68.802     0.0806     0.1355     2.4225     2.6625 2.1409e-02       3899     2.7069  0.000e+00
     38.895   70.83288 -163.11886     39.299     4.4635     4.4622     4.4609    31.7436    31.7550  1025.3342    25.1510    234.792    219.472  319.02030     73.598     68.799     0.0806     0.1355     2.4225     2.6625 2.2993e-02       3900     2.7076  0.000e+00
     38.949   70.83288 -163.11886     39.353     4.4635     4.4622     4.4609    31.7431    31.7554  1025.3340    25.1506    234.590    219.278  319.02148     73.534     68.739     0.0806     0.1355     2.4212     2.6645 2.2993e-02       3901     2.7083  0.000e+00
     38.895   70.83288 -163.11886     39.299     4.4637     4.4624     4.4610    31.7431    31.7549  1025.3338    25.1506    234.770    219.271  319.02020     73.591     68.737     0.0806     0.1355     2.4225     2.6625 2.1409e-02       3902     2.7090  0.000e+00
     38.957   70.83288 -163.11886     39.361     4.4638     4.4624     4.4612    31.7431    31.7550  1025.3340    25.1505    234.568    219.272  319.01915     73.528     68.737     0.0794     0.1282     2.4225     2.6625 1.7911e-02       3903     2.7097  0.000e+00
     38.895   70.83288 -163.11886     39.299     4.4638     4.4620     4.4612    31.7434    31.7552  1025.3340    25.1508    234.540    219.275  319.01834     73.519     68.737     0.0806     0.1355     2.4212     2.6645 1.6764e-02       3904     2.7104  0.000e+00
     38.949   70.83288 -163.11886     39.353     4.4638     4.4622     4.4612    31.7434    31.7552  1025.3342    25.1508    234.726    219.469  319.01840     73.578     68.798     0.0794     0.1282     2.4225     2.6625 1.7528e-02       3905     2.7111  0.000e+00
     38.895   70.83288 -163.11886     39.299     4.4640     4.4619     4.4614    31.7435    31.7556  1025.3340    25.1508    234.523    219.289  319.01703     73.514     68.742     0.0806     0.1355     2.4225     2.6625 1.9844e-02       3906     2.7118  0.000e+00
     38.895   70.83288 -163.11886     39.299     4.4640     4.4619     4.4614    31.7434    31.7553  1025.3340    25.1508    234.501    219.300  319.01712     73.507     68.745     0.0806     0.1355     2.4225     2.6625 2.0233e-02       3907     2.7125  0.000e+00
     38.895   70.83288 -163.11886     39.299     4.4643     4.4619     4.4617    31.7432    31.7548  1025.3338    25.1506    234.478    219.294  319.01525     73.501     68.743     0.0806     0.1355     2.4212     2.6645 1.9844e-02       3908     2.7132  0.000e+00
     38.949   70.83288 -163.11886     39.353     4.4642     4.4619     4.4615    31.7432    31.7545  1025.3341    25.1506    234.461    219.292  319.01634     73.495     68.742     0.0806     0.1355     2.4212     2.6645 1.6384e-02       3909     2.7139  0.000e+00
     38.957   70.83288 -163.11886     39.361     4.4640     4.4617     4.4614    31.7432    31.7551  1025.3341    25.1506    234.444    219.312  319.01757     73.489     68.748     0.0806     0.1355     2.4212     2.6645 1.4875e-02       3910     2.7146  0.000e+00
     38.895   70.83288 -163.11886     39.299     4.4640     4.4617     4.4614    31.7435    31.7550  1025.3340    25.1508    234.424    219.333  319.01703     73.483     68.755     0.0830     0.1502     2.4212     2.6645 1.4875e-02       3911     2.7153  0.000e+00
     38.949   70.83288 -163.11886     39.353     4.4638     4.4616     4.4612    31.7433    31.7551  1025.3342    25.1507    234.411    219.528  319.01859     73.479     68.816     0.0830     0.1502     2.4212     2.6645 1.4500e-02       3912     2.7160  0.000e+00
     38.895   70.83288 -163.11886     39.298     4.4642     4.4617     4.4615    31.7435    31.7554  1025.3340    25.1508    234.393    219.387  319.01581     73.474     68.772     0.0830     0.1502     2.4212     2.6645 1.4126e-02       3913     2.7167  0.000e+00
     38.957   70.83288 -163.11886     39.361     4.4640     4.4619     4.4614    31.7434    31.7549  1025.3342    25.1507    234.383    219.398  319.01729     73.470     68.776     0.0830     0.1502     2.4212     2.6645 1.4126e-02       3914     2.7174  0.000e+00
     38.895   70.83288 -163.11886     39.298     4.4643     4.4619     4.4617    31.7430    31.7552  1025.3336    25.1505    234.368    219.596  319.01562     73.466     68.838     0.0830     0.1502     2.4212     2.6645 2.2199e-02       3915     2.7181  0.000e+00
     38.949   70.83288 -163.11886     39.353     4.4643     4.4620     4.4617    31.7436    31.7550  1025.3343    25.1509    234.325    219.632  319.01438     73.453     68.849     0.0830     0.1502     2.4225     2.6625 2.7440e-02       3916     2.7188  0.000e+00
     38.895   70.83288 -163.11886     39.298     4.4643     4.4619     4.4617    31.7435    31.7553  1025.3340    25.1509    234.280    219.668  319.01441     73.439     68.860     0.0830     0.1502     2.4225     2.6625 2.8677e-02       3917     2.7194  0.000e+00
     38.895   70.83288 -163.11886     39.298     4.4646     4.4620     4.4620    31.7433    31.7548  1025.3338    25.1506    234.443    219.706  319.01263     73.490     68.872     0.0830     0.1502     2.4212     2.6645 2.4192e-02       3918     2.7201  0.000e+00
     38.957   70.83288 -163.11886     39.361     4.4646     4.4620     4.4620    31.7432    31.7548  1025.3340    25.1505    234.256    219.748  319.01289     73.432     68.886     0.0830     0.1502     2.4225     2.6625 2.0233e-02       3919     2.7208  0.000e+00
     38.949   70.83288 -163.11886     39.353     4.4649     4.4619     4.4622    31.7426    31.7549  1025.3335    25.1500    234.245    219.582  319.01231     73.428     68.833     0.0830     0.1502     2.4225     2.6625 1.9844e-02       3920     2.7215  0.000e+00
     38.957   70.83288 -163.11886     39.361     4.4648     4.4616     4.4621    31.7427    31.7552  1025.3336    25.1501    234.236    219.585  319.01279     73.425     68.834     0.0830     0.1502     2.4225     2.6625 1.9067e-02       3921     2.7222  0.000e+00
     38.895   70.83288 -163.11886     39.298     4.4651     4.4617     4.4625    31.7425    31.7550  1025.3331    25.1499    234.225    219.774  319.01094     73.422     68.893     0.0830     0.1502     2.4225     2.6625 1.7911e-02       3922     2.7229  0.000e+00
     38.957   70.83288 -163.11886     39.361     4.4649     4.4617     4.4623    31.7427    31.7548  1025.3336    25.1501    234.221    219.801  319.01167     73.421     68.901     0.0830     0.1502     2.4225     2.6625 1.7911e-02       3923     2.7236  0.000e+00
     38.887   70.83288 -163.11886     39.291     4.4648     4.4614     4.4621    31.7422    31.7555  1025.3329    25.1497    234.215    220.012  319.01410     73.419     68.968     0.0830     0.1502     2.4225     2.6625 1.6764e-02       3924     2.7243  0.000e+00
