EcoFOCI/data/1_SampleCollection/2023_SikuliaqDBO_CruiseData/CTD_raw_BottleFile_SKQ23-12S/proc/skq202312s_058.cnv
* Sea-Bird SBE 9 Data File:
* FileName = D:\CTD\SKQ202312S\SKQ202312S_058.hex
* Software Version Seasave V 7.26.7.121
* Temperature SN = 6177
* Conductivity SN = 0369
* Number of Bytes Per Scan = 41
* Number of Voltage Words = 4
* Number of Scans Averaged by the Deck Unit = 1
* NMEA Latitude = 71 26.88 N
* NMEA Longitude = 164 54.84 W
* NMEA UTC (Time) = Sep 27 2023  11:36:42
* NMEA baud rate = 4800
** Ship: R/V Sikuliaq
** Station Number: 058
** Station Name: IC4
** Bottom Depth: 42
** Operator: SS
# nquan = 24
# nvalues = 5949                                  
# units = specified
# name 0 = depSM: Depth [salt water, m]
# name 1 = latitude: Latitude [deg]
# name 2 = longitude: Longitude [deg]
# name 3 = prDM: Pressure, Digiquartz [db]
# name 4 = t090C: Temperature [ITS-90, deg C]
# name 5 = t190C: Temperature, 2 [ITS-90, deg C]
# name 6 = potemp090C: Potential Temperature [ITS-90, deg C]
# name 7 = sal00: Salinity, Practical [PSU]
# name 8 = sal11: Salinity, Practical, 2 [PSU]
# name 9 = density00: Density [density, kg/m^3]
# name 10 = sigma-é00: Density [sigma-theta, kg/m^3]
# name 11 = sbox0Mm/Kg: Oxygen, SBE 43 [umol/kg]
# name 12 = sbox1Mm/Kg: Oxygen, SBE 43, 2 [umol/kg]
# name 13 = oxsolMm/Kg: Oxygen Saturation, Garcia & Gordon [umol/kg]
# name 14 = sbeox0PS: Oxygen, SBE 43 [% saturation]
# name 15 = sbeox1PS: Oxygen, SBE 43, 2 [% saturation]
# name 16 = v0: Voltage 0
# name 17 = flECO-AFL: Fluorescence, WET Labs ECO-AFL/FL [mg/m^3]
# name 18 = v1: Voltage 1
# name 19 = CStarAt0: Beam Attenuation, WET Labs C-Star [1/m]
# name 20 = par: PAR/Irradiance, Biospherical/Licor
# name 21 = scan: Scan Count
# name 22 = timeM: Time, Elapsed [minutes]
# name 23 = flag:  0.000e+00
# span 0 =      2.346,     36.847                 
# span 1 =   71.44796,   71.44818                 
# span 2 = -164.91512, -164.91406                 
# span 3 =      2.370,     37.230                 
# span 4 =    -1.0936,     3.0468                 
# span 5 =    -1.0920,     3.0529                 
# span 6 =    -1.0944,     3.0456                 
# span 7 =    30.5526,    32.5356                 
# span 8 =    30.4907,    32.5425                 
# span 9 =  1024.3647,  1026.3091                 
# span 10 =    24.3529,    26.1569                
# span 11 =    264.841,    404.710                
# span 12 =    251.967,    384.202                
# span 13 =  332.82347,  365.22153                
# span 14 =     72.525,    114.268                
# span 15 =     69.003,    107.687                
# span 16 =     0.0696,     0.1453                
# span 17 =     0.0696,     0.5238                
# span 18 =     3.2308,     4.2503                
# span 19 =     0.4128,     1.5102                
# span 20 = 1.0000e-12, 1.2050e+00                
# span 21 =          1,       5949                
# span 22 =     0.0000,     4.1306                
# span 23 = 0.0000e+00, 0.0000e+00                
# interval = seconds: 0.0416667
# start_time = Sep 27 2023 11:40:41 [NMEA time, first data scan]
# bad_flag = -9.990e-29
*END*
[from data line 4650]
     36.562   71.44816 -164.91510     36.942    -1.0892    -1.0868    -1.0900    32.4994    32.5111  1026.3076    26.1297    266.411    253.248  365.17672     72.954     69.360     0.1343     0.4579     3.2552     1.4801 1.0000e-12       4651     3.2292  0.000e+00
     36.554   71.44816 -164.91510     36.935    -1.0892    -1.0872    -1.0900    32.4996    32.5111  1026.3077    26.1298    266.392    253.440  365.17609     72.949     69.412     0.1368     0.4725     3.2552     1.4801 1.0000e-12       4652     3.2299  0.000e+00
     36.562   71.44816 -164.91510     36.942    -1.0891    -1.0876    -1.0899    32.4992    32.5112  1026.3073    26.1295    266.631    253.244  365.17632     73.014     69.358     0.1368     0.4725     3.2552     1.4801 1.0000e-12       4653     3.2306  0.000e+00
     36.562   71.44816 -164.91510     36.942    -1.0890    -1.0876    -1.0898    32.4991    32.5110  1026.3073    26.1294    266.408    253.240  365.17582     72.953     69.356     0.1416     0.5018     3.2552     1.4801 1.0000e-12       4654     3.2313  0.000e+00
     36.608   71.44816 -164.91510     36.989    -1.0891    -1.0878    -1.0899    32.4993    32.5110  1026.3077    26.1295    266.650    253.240  365.17603     73.020     69.356     0.1416     0.5018     3.2552     1.4801 1.0000e-12       4655     3.2319  0.000e+00
     36.562   71.44816 -164.91510     36.942    -1.0892    -1.0881    -1.0900    32.4998    32.5111  1026.3079    26.1300    266.428    253.465  365.17549     72.959     69.417     0.1416     0.5018     3.2552     1.4801 1.0000e-12       4656     3.2326  0.000e+00
     36.616   71.44816 -164.91510     36.997    -1.0887    -1.0879    -1.0895    32.4992    32.5111  1026.3077    26.1295    266.415    253.237  365.17278     72.956     69.355     0.1429     0.5091     3.2552     1.4801 1.0000e-12       4657     3.2333  0.000e+00
     36.554   71.44816 -164.91510     36.935    -1.0890    -1.0878    -1.0898    32.5002    32.5111  1026.3081    26.1303    266.658    253.201  365.17286     73.022     69.345     0.1416     0.5018     3.2552     1.4801 1.0000e-12       4658     3.2340  0.000e+00
     36.616   71.44816 -164.91510     36.997    -1.0886    -1.0879    -1.0894    32.4995    32.5106  1026.3079    26.1297    266.696    253.429  365.17092     73.033     69.408     0.1416     0.5018     3.2552     1.4801 1.0000e-12       4659     3.2347  0.000e+00
     36.616   71.44816 -164.91510     36.997    -1.0886    -1.0881    -1.0894    32.4997    32.5111  1026.3080    26.1299    266.479    253.234  365.16980     72.974     69.354     0.1416     0.5018     3.2552     1.4801 1.0000e-12       4660     3.2354  0.000e+00
     36.608   71.44816 -164.91510     36.989    -1.0884    -1.0881    -1.0893    32.4993    32.5112  1026.3077    26.1296    266.725    253.427  365.16976     73.041     69.407     0.1416     0.5018     3.2552     1.4801 1.0000e-12       4661     3.2361  0.000e+00
     36.562   71.44816 -164.91510     36.942    -1.0887    -1.0883    -1.0895    32.4995    32.5115  1026.3076    26.1297    266.765    253.230  365.17195     73.052     69.353     0.1416     0.5018     3.2552     1.4801 1.0000e-12       4662     3.2368  0.000e+00
     36.616   71.44816 -164.91510     36.997    -1.0884    -1.0879    -1.0893    32.4989    32.5111  1026.3074    26.1292    266.806    253.230  365.17088     73.063     69.353     0.1416     0.5018     3.2552     1.4801 1.0000e-12       4663     3.2375  0.000e+00
     36.608   71.44816 -164.91510     36.989    -1.0887    -1.0875    -1.0895    32.4989    32.5107  1026.3074    26.1293    266.848    253.228  365.17363     73.074     69.353     0.1416     0.5018     3.2552     1.4801 1.0000e-12       4664     3.2382  0.000e+00
     36.616   71.44816 -164.91510     36.997    -1.0886    -1.0876    -1.0894    32.4988    32.5111  1026.3073    26.1291    266.633    253.199  365.17300     73.015     69.345     0.1416     0.5018     3.2552     1.4801 1.0000e-12       4665     3.2389  0.000e+00
     36.562   71.44816 -164.91510     36.942    -1.0888    -1.0876    -1.0896    32.4988    32.5112  1026.3071    26.1292    266.881    253.168  365.17505     73.083     69.337     0.1429     0.5091     3.2540     1.4816 1.0000e-12       4666     3.2396  0.000e+00
     36.608   71.44816 -164.91510     36.989    -1.0889    -1.0875    -1.0897    32.4992    32.5111  1026.3076    26.1295    266.670    253.364  365.17452     73.025     69.391     0.1416     0.5018     3.2552     1.4801 1.0000e-12       4667     3.2403  0.000e+00
     36.616   71.44816 -164.91510     36.997    -1.0890    -1.0878    -1.0898    32.4988    32.5111  1026.3074    26.1292    266.972    253.399  365.17665     73.108     69.400     0.1416     0.5018     3.2552     1.4801 1.0000e-12       4668     3.2410  0.000e+00
     36.678   71.44816 -164.91510     37.059    -1.0891    -1.0878    -1.0899    32.4989    32.5112  1026.3077    26.1292    267.021    253.208  365.17714     73.121     69.347     0.1416     0.5018     3.2552     1.4801 1.0000e-12       4669     3.2417  0.000e+00
     36.608   71.44816 -164.91510     36.989    -1.0890    -1.0876    -1.0898    32.4989    32.5108  1026.3074    26.1293    267.063    253.401  365.17639     73.133     69.400     0.1416     0.5018     3.2589     1.4756 1.0000e-12       4670     3.2424  0.000e+00
     36.616   71.44816 -164.91510     36.997    -1.0894    -1.0875    -1.0902    32.4990    32.5108  1026.3075    26.1294    266.708    253.432  365.17942     73.035     69.409     0.1416     0.5018     3.2613     1.4726 1.0000e-12       4671     3.2431  0.000e+00
     36.678   71.44816 -164.91510     37.059    -1.0892    -1.0875    -1.0900    32.4988    32.5111  1026.3076    26.1292    266.704    253.465  365.17851     73.034     69.419     0.1416     0.5018     3.2613     1.4726 1.0000e-12       4672     3.2437  0.000e+00
     36.662   71.44816 -164.91510     37.044    -1.0892    -1.0876    -1.0900    32.4981    32.5112  1026.3070    26.1286    266.700    253.498  365.18033     73.032     69.427     0.1429     0.5091     3.2613     1.4726 1.0000e-12       4673     3.2444  0.000e+00
     36.616   71.44816 -164.91510     36.997    -1.0896    -1.0876    -1.0905    32.4991    32.5108  1026.3076    26.1294    266.698    253.304  365.18206     73.032     69.374     0.1416     0.5018     3.2613     1.4726 8.4714e-06       4674     3.2451  0.000e+00
     36.678   71.44816 -164.91510     37.059    -1.0896    -1.0878    -1.0905    32.4993    32.5109  1026.3080    26.1296    266.700    253.310  365.18156     73.032     69.375     0.1429     0.5091     3.2601     1.4741 1.0000e-12       4675     3.2458  0.000e+00
     36.662   71.44816 -164.91510     37.044    -1.0896    -1.0879    -1.0905    32.4997    32.5111  1026.3083    26.1299    266.701    253.314  365.18043     73.033     69.376     0.1416     0.5018     3.2601     1.4741 1.0000e-12       4676     3.2465  0.000e+00
     36.678   71.44816 -164.91510     37.059    -1.0894    -1.0883    -1.0902    32.4995    32.5113  1026.3082    26.1298    266.958    253.322  365.17806     73.103     69.378     0.1416     0.5018     3.2613     1.4726 1.0000e-12       4677     3.2472  0.000e+00
     36.678   71.44816 -164.91510     37.059    -1.0893    -1.0883    -1.0901    32.4995    32.5111  1026.3082    26.1297    267.009    253.329  365.17768     73.118     69.380     0.1404     0.4945     3.2613     1.4726 1.0000e-12       4678     3.2479  0.000e+00
     36.662   71.44816 -164.91510     37.044    -1.0892    -1.0879    -1.0900    32.4993    32.5112  1026.3080    26.1296    266.706    253.301  365.17689     73.035     69.373     0.1380     0.4798     3.2613     1.4726 1.0000e-12       4679     3.2486  0.000e+00
     36.678   71.44816 -164.91510     37.059    -1.0893    -1.0881    -1.0901    32.4995    32.5109  1026.3082    26.1297    266.709    253.537  365.17768     73.035     69.437     0.1368     0.4725     3.2613     1.4726 1.0000e-12       4680     3.2493  0.000e+00
     36.678   71.44816 -164.91510     37.059    -1.0892    -1.0881    -1.0900    32.4996    32.5111  1026.3082    26.1298    266.712    253.543  365.17630     73.036     69.439     0.1368     0.4725     3.2613     1.4726 8.4714e-06       4681     3.2500  0.000e+00
     36.662   71.44816 -164.91510     37.044    -1.0892    -1.0878    -1.0900    32.4996    32.5110  1026.3082    26.1299    266.972    253.578  365.17603     73.108     69.449     0.1380     0.4798     3.2601     1.4741 8.4714e-06       4682     3.2507  0.000e+00
     36.678   71.44816 -164.91510     37.059    -1.0891    -1.0876    -1.0899    32.4993    32.5109  1026.3080    26.1295    267.026    253.615  365.17603     73.122     69.459     0.1368     0.4725     3.2613     1.4726 1.0000e-12       4683     3.2514  0.000e+00
     36.732   71.44816 -164.91510     37.114    -1.0892    -1.0879    -1.0900    32.4997    32.5111  1026.3086    26.1299    266.777    253.623  365.17578     73.054     69.461     0.1368     0.4725     3.2613     1.4726 1.0000e-12       4684     3.2521  0.000e+00
     36.724   71.44816 -164.91510     37.106    -1.0891    -1.0876    -1.0899    32.4991    32.5110  1026.3081    26.1294    266.783    253.657  365.17636     73.056     69.471     0.1368     0.4725     3.2601     1.4741 1.0000e-12       4685     3.2528  0.000e+00
     36.678   71.44816 -164.91510     37.059    -1.0888    -1.0876    -1.0897    32.4987    32.5109  1026.3075    26.1291    266.993    253.660  365.17537     73.114     69.471     0.1368     0.4725     3.2601     1.4741 1.0000e-12       4686     3.2535  0.000e+00
     36.732   71.44816 -164.91510     37.114    -1.0892    -1.0879    -1.0900    32.4988    32.5111  1026.3079    26.1292    266.797    253.698  365.17848     73.059     69.481     0.1368     0.4725     3.2601     1.4741 1.0000e-12       4687     3.2542  0.000e+00
     36.778   71.44816 -164.91510     37.161    -1.0892    -1.0878    -1.0900    32.4989    32.5111  1026.3082    26.1293    266.807    253.734  365.17807     73.062     69.491     0.1368     0.4725     3.2601     1.4741 1.0000e-12       4688     3.2549  0.000e+00
     36.732   71.44816 -164.91510     37.114    -1.0891    -1.0878    -1.0899    32.4993    32.5105  1026.3083    26.1296    266.763    253.510  365.17588     73.051     69.430     0.1355     0.4652     3.2613     1.4726 1.0000e-12       4689     3.2556  0.000e+00
     36.732   71.44816 -164.91510     37.114    -1.0892    -1.0876    -1.0900    32.4993    32.5102  1026.3083    26.1296    266.979    253.707  365.17689     73.109     69.484     0.1368     0.4725     3.2601     1.4741 1.0000e-12       4690     3.2563  0.000e+00
     36.724   71.44816 -164.91510     37.106    -1.0891    -1.0879    -1.0899    32.4994    32.5111  1026.3083    26.1297    266.729    253.708  365.17562     73.041     69.484     0.1380     0.4798     3.2601     1.4741 1.0000e-12       4691     3.2569  0.000e+00
     36.678   71.44816 -164.91510     37.059    -1.0890    -1.0879    -1.0898    32.4990    32.5112  1026.3078    26.1293    266.736    253.707  365.17614     73.043     69.484     0.1368     0.4725     3.2601     1.4741 1.0000e-12       4692     3.2576  0.000e+00
     36.732   71.44816 -164.91510     37.114    -1.0889    -1.0876    -1.0897    32.4991    32.5106  1026.3081    26.1294    266.746    253.706  365.17474     73.046     69.484     0.1380     0.4798     3.2601     1.4741 8.4714e-06       4693     3.2583  0.000e+00
     36.662   71.44816 -164.91510     37.044    -1.0892    -1.0878    -1.0900    32.4999    32.5109  1026.3084    26.1300    266.757    253.702  365.17542     73.049     69.483     0.1368     0.4725     3.2601     1.4741 8.4714e-06       4694     3.2590  0.000e+00
     36.678   71.44816 -164.91510     37.059    -1.0889    -1.0879    -1.0897    32.4992    32.5113  1026.3079    26.1295    266.720    253.731  365.17465     73.039     69.491     0.1368     0.4725     3.2601     1.4741 1.0000e-12       4695     3.2597  0.000e+00
     36.678   71.44816 -164.91510     37.059    -1.0888    -1.0881    -1.0897    32.4988    32.5109  1026.3076    26.1291    266.685    253.761  365.17525     73.029     69.498     0.1368     0.4725     3.2601     1.4741 1.0000e-12       4696     3.2604  0.000e+00
     36.662   71.44816 -164.91510     37.044    -1.0889    -1.0878    -1.0897    32.4990    32.5108  1026.3077    26.1293    266.648    253.562  365.17523     73.019     69.444     0.1368     0.4725     3.2601     1.4741 1.0000e-12       4697     3.2611  0.000e+00
     36.678   71.44816 -164.91510     37.059    -1.0888    -1.0879    -1.0897    32.4990    32.5116  1026.3078    26.1293    266.613    253.528  365.17463     73.010     69.435     0.1355     0.4652     3.2601     1.4741 1.0000e-12       4698     3.2618  0.000e+00
     36.678   71.44816 -164.91510     37.059    -1.0889    -1.0876    -1.0897    32.4990    32.5108  1026.3078    26.1293    266.577    253.494  365.17501     73.000     69.426     0.1368     0.4725     3.2601     1.4741 1.0000e-12       4699     3.2625  0.000e+00
     36.662   71.44816 -164.91510     37.044    -1.0890    -1.0878    -1.0898    32.4994    32.5106  1026.3080    26.1296    266.541    253.461  365.17513     72.990     69.417     0.1368     0.4725     3.2601     1.4741 1.0000e-12       4700     3.2632  0.000e+00
     36.732   71.44816 -164.91510     37.114    -1.0889    -1.0878    -1.0897    32.4989    32.5110  1026.3079    26.1292    266.507    253.687  365.17548     72.981     69.479     0.1355     0.4652     3.2601     1.4741 1.0000e-12       4701     3.2639  0.000e+00
     36.678   71.44816 -164.91510     37.059    -1.0890    -1.0875    -1.0898    32.4993    32.5108  1026.3080    26.1296    266.520    253.681  365.17541     72.984     69.477     0.1368     0.4725     3.2601     1.4741 1.0000e-12       4702     3.2646  0.000e+00
     36.724   71.44816 -164.91510     37.106    -1.0891    -1.0875    -1.0899    32.4992    32.5108  1026.3082    26.1295    266.742    253.678  365.17611     73.045     69.477     0.1355     0.4652     3.2601     1.4741 1.0000e-12       4703     3.2653  0.000e+00
     36.732   71.44816 -164.91510     37.114    -1.0890    -1.0875    -1.0898    32.4989    32.5111  1026.3080    26.1293    266.805    253.447  365.17648     73.062     69.414     0.1368     0.4725     3.2601     1.4741 1.0000e-12       4704     3.2660  0.000e+00
     36.732   71.44816 -164.91510     37.114    -1.0894    -1.0873    -1.0902    32.4996    32.5111  1026.3086    26.1298    266.564    253.668  365.17778     72.996     69.474     0.1355     0.4652     3.2601     1.4741 1.0000e-12       4705     3.2667  0.000e+00
     36.778   71.44816 -164.91510     37.161    -1.0892    -1.0875    -1.0900    32.4998    32.5108  1026.3089    26.1300    266.527    253.666  365.17562     72.986     69.473     0.1355     0.4652     3.2601     1.4741 1.0000e-12       4706     3.2674  0.000e+00
     36.678   71.44816 -164.91510     37.059    -1.0891    -1.0873    -1.0899    32.4993    32.5110  1026.3081    26.1296    266.792    253.429  365.17579     73.059     69.409     0.1368     0.4725     3.2601     1.4741 1.0000e-12       4707     3.2681  0.000e+00
     36.732   71.44816 -164.91510     37.114    -1.0892    -1.0876    -1.0900    32.4995    32.5106  1026.3085    26.1298    266.602    253.429  365.17640     73.006     69.408     0.1355     0.4652     3.2601     1.4741 1.0000e-12       4708     3.2687  0.000e+00
     36.724   71.44816 -164.91510     37.106    -1.0892    -1.0876    -1.0900    32.4995    32.5105  1026.3084    26.1297    266.568    253.393  365.17651     72.997     69.398     0.1368     0.4725     3.2601     1.4741 1.0000e-12       4709     3.2694  0.000e+00
