EcoFOCI/data/1_SampleCollection/2023_SikuliaqDBO_CruiseData/CTD_raw_BottleFile_SKQ23-12S/proc/skq202312s_063.ros
* Sea-Bird SBE 9 Data File:
* FileName = D:\CTD\SKQ202312S\SKQ202312S_063.hex
* Software Version Seasave V 7.26.7.121
* Temperature SN = 6177
* Conductivity SN = 0369
* Number of Bytes Per Scan = 41
* Number of Voltage Words = 4
* Number of Scans Averaged by the Deck Unit = 1
* NMEA Latitude = 71 49.84 N
* NMEA Longitude = 165 58.06 W
* NMEA UTC (Time) = Sep 28 2023  06:16:57
* NMEA baud rate = 4800
** Ship: R/V Sikuliaq
** Station Number: 063
** Station Name: IC1
** Bottom Depth: 44
** Operator: SD
# nquan = 22
# nvalues = 833                                   
# units = specified
# name 0 = depSM: Depth [salt water, m]
# name 1 = latitude: Latitude [deg]
# name 2 = longitude: Longitude [deg]
# name 3 = prDM: Pressure, Digiquartz [db]
# name 4 = t090C: Temperature [ITS-90, deg C]
# name 5 = t190C: Temperature, 2 [ITS-90, deg C]
# name 6 = potemp090C: Potential Temperature [ITS-90, deg C]
# name 7 = sal00: Salinity, Practical [PSU]
# name 8 = sal11: Salinity, Practical, 2 [PSU]
# name 9 = density00: Density [density, kg/m^3]
# name 10 = sigma-é00: Density [sigma-theta, kg/m^3]
# name 11 = sbox0Mm/Kg: Oxygen, SBE 43 [umol/kg]
# name 12 = sbox1Mm/Kg: Oxygen, SBE 43, 2 [umol/kg]
# name 13 = oxsolMm/Kg: Oxygen Saturation, Garcia & Gordon [umol/kg]
# name 14 = sbeox0PS: Oxygen, SBE 43 [% saturation]
# name 15 = v0: Voltage 0
# name 16 = flECO-AFL: Fluorescence, WET Labs ECO-AFL/FL [mg/m^3]
# name 17 = CStarAt0: Beam Attenuation, WET Labs C-Star [1/m]
# name 18 = par: PAR/Irradiance, Biospherical/Licor
# name 19 = scan: Scan Count
# name 20 = nbf: Bottles Fired
# name 21 = flag:  0.000e+00
# interval = seconds: 0.0416667
# start_time = Sep 28 2023 06:20:37 [NMEA time, first data scan]
# bad_flag = -9.990e-29
*END*
[from data line 461]
     20.206   71.83036 -165.96468     20.416     3.6303     3.6671     3.6291    31.1227    30.9623  1024.8330    24.7372    314.308    296.444  327.06627     96.099     0.1600     0.6117     0.4649 1.0000e-12      17328         10  0.000e+00
     20.152   71.83036 -165.96468     20.362     3.6277     3.6661     3.6265    31.1200    30.9616  1024.8308    24.7353    314.341    296.459  327.09335     96.101     0.1600     0.6117     0.4649 1.0000e-12      17329         10  0.000e+00
     20.175   71.83036 -165.96468     20.385     3.6256     3.6633     3.6243    31.1095    30.9643  1024.8227    24.7271    314.390    296.484  327.13688     96.103     0.1477     0.5384     0.4649 1.0000e-12      17330         10  0.000e+00
     20.206   71.83036 -165.96468     20.416     3.6243     3.6610     3.6231    31.0976    30.9661  1024.8135    24.7178    314.433    296.317  327.17638     96.105     0.1392     0.4872     0.4649 1.0000e-12      17331         10  0.000e+00
     20.206   71.83036 -165.96468     20.416     3.6235     3.6573     3.6223    31.0893    30.9690  1024.8070    24.7113    314.461    296.522  327.20276     96.106     0.1380     0.4798     0.4660 1.0000e-12      17332         10  0.000e+00
     20.175   71.83036 -165.96468     20.385     3.6235     3.6530     3.6223    31.0867    30.9713  1024.8048    24.7092    314.466    296.585  327.20955     96.105     0.1392     0.4872     0.4660 1.0000e-12      17333         10  0.000e+00
     20.152   71.83036 -165.96468     20.362     3.6239     3.6499     3.6227    31.0906    30.9726  1024.8077    24.7122    314.451    296.620  327.19705     96.105     0.1380     0.4798     0.4649 1.0000e-12      17334         10  0.000e+00
     20.206   71.83036 -165.96466     20.416     3.6230     3.6466     3.6218    31.0973    30.9747  1024.8134    24.7176    314.477    296.658  327.18742     96.115     0.1392     0.4872     0.4660 8.4714e-06      17335         10  0.000e+00
     20.175   71.83036 -165.96466     20.385     3.6212     3.6435     3.6199    31.1048    30.9771  1024.8194    24.7237    314.687    296.693  327.18375     96.180     0.1380     0.4798     0.4660 1.0000e-12      17336         10  0.000e+00
     20.152   71.83036 -165.96466     20.362     3.6208     3.6415     3.6196    31.1087    30.9785  1024.8224    24.7269    314.493    296.529  327.17708     96.123     0.1392     0.4872     0.4649 1.0000e-12      17337         10  0.000e+00
     20.152   71.83036 -165.96466     20.362     3.6221     3.6408     3.6208    31.1112    30.9768  1024.8243    24.7288    314.254    296.534  327.16066     96.055     0.1392     0.4872     0.4649 1.0000e-12      17338         10  0.000e+00
     20.175   71.83036 -165.96466     20.385     3.6248     3.6388     3.6236    31.1110    30.9764  1024.8240    24.7284    314.190    296.551  327.13896     96.042     0.1392     0.4872     0.4660 1.0000e-12      17339         10  0.000e+00
     20.152   71.83036 -165.96466     20.362     3.6287     3.6330     3.6275    31.1103    30.9789  1024.8230    24.7275    314.332    296.784  327.10976     96.094     0.1392     0.4872     0.4660 1.0000e-12      17340         10  0.000e+00
     20.152   71.83036 -165.96466     20.362     3.6325     3.6268     3.6313    31.1108    30.9790  1024.8230    24.7275    314.109    296.857  327.07802     96.035     0.1380     0.4798     0.4660 1.0000e-12      17341         10  0.000e+00
     20.175   71.83036 -165.96466     20.385     3.6351     3.6240     3.6339    31.1130    30.9752  1024.8246    24.7290    314.256    296.913  327.05126     96.088     0.1392     0.4872     0.4660 1.0000e-12      17342         10  0.000e+00
     20.152   71.83036 -165.96466     20.362     3.6333     3.6250     3.6321    31.1172    30.9686  1024.8281    24.7326    314.252    296.943  327.05566     96.085     0.1392     0.4872     0.4660 8.4714e-06      17343         10  0.000e+00
     20.152   71.83036 -165.96466     20.362     3.6268     3.6268     3.6256    31.1261    30.9622  1024.8358    24.7403    314.278    296.946  327.08587     96.084     0.1392     0.4872     0.4660 8.4714e-06      17344         10  0.000e+00
     20.114   71.83036 -165.96466     20.323     3.6191     3.6280     3.6179    31.1386    30.9578  1024.8461    24.7508    314.088    296.947  327.11637     96.017     0.1392     0.4872     0.4660 1.0000e-12      17345         10  0.000e+00
     20.152   71.83036 -165.96466     20.362     3.6119     3.6279     3.6107    31.1516    30.9565  1024.8574    24.7619    314.291    296.978  327.14187     96.072     0.1392     0.4872     0.4660 8.4714e-06      17346         10  0.000e+00
     20.152   71.83036 -165.96466     20.362     3.6056     3.6253     3.6044    31.1640    30.9589  1024.8678    24.7723    314.090    297.212  327.16193     96.004     0.1392     0.4872     0.4660 1.0000e-12      17347         10  0.000e+00
     20.175   71.83036 -165.96466     20.385     3.6019     3.6221     3.6007    31.1693    30.9599  1024.8725    24.7769    314.279    297.286  327.17890     96.057     0.1392     0.4872     0.4660 1.0000e-12      17348         10  0.000e+00
     20.091   71.83036 -165.96466     20.299     3.6013     3.6218     3.6001    31.1664    30.9569  1024.8698    24.7746    314.273    297.340  327.19026     96.052     0.1392     0.4872     0.4660 1.0000e-12      17349         10  0.000e+00
     20.152   71.83036 -165.96466     20.362     3.6040     3.6218     3.6028    31.1596    30.9546  1024.8644    24.7689    314.288    297.395  327.18554     96.058     0.1392     0.4872     0.4660 1.0000e-12      17350         10  0.000e+00
     20.114   71.83036 -165.96466     20.323     3.6080     3.6204     3.6068    31.1548    30.9561  1024.8600    24.7647    314.068    297.427  327.16553     95.997     0.1392     0.4872     0.4660 1.0000e-12      17351         10  0.000e+00
     20.152   71.83036 -165.96466     20.362     3.6095     3.6174     3.6083    31.1549    30.9608  1024.8602    24.7647    314.043    297.467  327.15285     95.993     0.1380     0.4798     0.4660 1.0000e-12      17352         10  0.000e+00
     20.091   71.83036 -165.96466     20.299     3.6086     3.6140     3.6074    31.1585    30.9654  1024.8628    24.7676    313.994    297.506  327.15172     95.978     0.1392     0.4872     0.4660 1.0000e-12      17353         10  0.000e+00
     20.114   71.83036 -165.96466     20.323     3.6056     3.6135     3.6044    31.1609    30.9671  1024.8651    24.7698    314.219    297.530  327.16949     96.042     0.1392     0.4872     0.4660 1.0000e-12      17354         10  0.000e+00
     20.152   71.83036 -165.96466     20.362     3.6028     3.6203     3.6016    31.1600    30.9622  1024.8649    24.7694    314.270    297.509  327.19466     96.050     0.1404     0.4945     0.4660 1.0000e-12      17355         10  0.000e+00
     20.152   71.83036 -165.96466     20.362     3.6022     3.6210     3.6010    31.1570    30.9624  1024.8626    24.7671    314.270    297.523  327.20671     96.046     0.1429     0.5091     0.4660 1.0000e-12      17356         10  0.000e+00
     20.322   71.83034 -165.96466     20.533     3.6331     3.6563     3.6319    31.0927    30.9715  1024.8093    24.7130    314.473    297.132  327.11764     96.135     0.1380     0.4798     0.9958 1.0000e-12      17444         11  0.000e+00
     20.384   71.83034 -165.96466     20.595     3.6306     3.6558     3.6294    31.0997    30.9762  1024.8155    24.7189    314.484    296.957  327.12058     96.137     0.1392     0.4872     0.9826 1.0000e-12      17445         11  0.000e+00
     20.291   71.83034 -165.96466     20.502     3.6268     3.6540     3.6256    31.1052    30.9823  1024.8197    24.7236    314.502    297.148  327.13762     96.138     0.1368     0.4725     0.9799 1.0000e-12      17446         11  0.000e+00
     20.268   71.83034 -165.96466     20.479     3.6232     3.6521     3.6220    31.1115    30.9834  1024.8250    24.7289    314.517    297.185  327.15047     96.138     0.1392     0.4872     0.9812 1.0000e-12      17447         11  0.000e+00
     20.345   71.83034 -165.96466     20.557     3.6200     3.6513     3.6188    31.1186    30.9788  1024.8313    24.7349    314.745    297.230  327.15895     96.206     0.1380     0.4798     0.9812 1.0000e-12      17448         11  0.000e+00
     20.322   71.83034 -165.96466     20.533     3.6174     3.6509     3.6162    31.1239    30.9749  1024.8356    24.7393    314.569    297.460  327.16659     96.149     0.1380     0.4798     0.9812 1.0000e-12      17449         11  0.000e+00
     20.268   71.83034 -165.96466     20.479     3.6152     3.6541     3.6140    31.1269    30.9705  1024.8379    24.7419    314.573    297.298  327.17669     96.148     0.1368     0.4725     0.9812 1.0000e-12      17450         11  0.000e+00
     20.291   71.83034 -165.96466     20.502     3.6138     3.6561     3.6126    31.1278    30.9674  1024.8389    24.7428    314.577    297.316  327.18577     96.146     0.1380     0.4798     0.9812 1.0000e-12      17451         11  0.000e+00
     20.268   71.83034 -165.96466     20.479     3.6129     3.6591     3.6117    31.1302    30.9618  1024.8408    24.7448    314.355    297.525  327.18709     96.078     0.1368     0.4725     0.9812 1.0000e-12      17452         11  0.000e+00
     20.322   71.83034 -165.96466     20.533     3.6121     3.6608     3.6109    31.1349    30.9561  1024.8448    24.7485    314.526    297.575  327.18204     96.132     0.1380     0.4798     0.9799 8.4714e-06      17453         11  0.000e+00
     20.291   71.83034 -165.96466     20.502     3.6124     3.6635     3.6112    31.1371    30.9492  1024.8464    24.7502    314.292    297.595  327.17405     96.063     0.1368     0.4725     0.9812 1.0000e-12      17454         11  0.000e+00
     20.268   71.83034 -165.96466     20.479     3.6132     3.6666     3.6120    31.1387    30.9432  1024.8475    24.7515    314.452    297.608  327.16366     96.115     0.1380     0.4798     0.9812 1.0000e-12      17455         11  0.000e+00
     20.268   71.83034 -165.96466     20.479     3.6139     3.6691     3.6127    31.1408    30.9393  1024.8491    24.7531    314.179    297.623  327.15245     96.035     0.1392     0.4872     0.9812 1.0000e-12      17456         11  0.000e+00
     20.291   71.83034 -165.96466     20.502     3.6140     3.6703     3.6128    31.1436    30.9368  1024.8514    24.7553    314.377    297.643  327.14516     96.097     0.1368     0.4725     0.9812 1.0000e-12      17457         11  0.000e+00
     20.268   71.83034 -165.96466     20.479     3.6132     3.6719     3.6120    31.1479    30.9348  1024.8549    24.7588    314.360    297.658  327.14078     96.093     0.1368     0.4725     0.9812 8.4714e-06      17458         11  0.000e+00
     20.268   71.83034 -165.96466     20.479     3.6119     3.6742     3.6107    31.1501    30.9328  1024.8567    24.7607    314.137    297.666  327.14557     96.024     0.1355     0.4652     0.9812 1.0000e-12      17459         11  0.000e+00
     20.230   71.83034 -165.96466     20.440     3.6108     3.6756     3.6096    31.1504    30.9310  1024.8569    24.7610    314.312    297.679  327.15383     96.075     0.1355     0.4652     0.9812 1.0000e-12      17460         11  0.000e+00
     20.268   71.83034 -165.96466     20.479     3.6099     3.6773     3.6087    31.1491    30.9296  1024.8561    24.7601    314.094    297.690  327.16466     96.005     0.1343     0.4579     0.8637 1.0000e-12      17461         11  0.000e+00
     20.268   71.83034 -165.96466     20.479     3.6087     3.6806     3.6075    31.1473    30.9272  1024.8548    24.7587    314.274    297.689  327.17806     96.056     0.1355     0.4652     0.5496 1.0000e-12      17462         11  0.000e+00
     20.230   71.83034 -165.96466     20.440     3.6075     3.6827     3.6063    31.1455    30.9255  1024.8533    24.7574    313.841    297.693  327.19261     95.919     0.1343     0.4579     0.4474 1.0000e-12      17463         11  0.000e+00
     20.268   71.83034 -165.96466     20.479     3.6061     3.6822     3.6049    31.1455    30.9273  1024.8536    24.7575    314.272    297.713  327.20382     96.048     0.1355     0.4652     0.4509 1.0000e-12      17464         11  0.000e+00
     20.206   71.83034 -165.96466     20.416     3.6048     3.6825     3.6036    31.1471    30.9288  1024.8547    24.7589    314.048    297.914  327.20997     95.977     0.1343     0.4579     0.4649 1.0000e-12      17465         11  0.000e+00
     20.230   71.83034 -165.96466     20.440     3.6033     3.6830     3.6021    31.1486    30.9315  1024.8561    24.7602    314.046    297.942  327.21869     95.974     0.1355     0.4652     0.4684 1.0000e-12      17466         11  0.000e+00
     20.206   71.83034 -165.96466     20.416     3.6020     3.6814     3.6008    31.1496    30.9368  1024.8569    24.7611    314.043    297.978  327.22683     95.971     0.1343     0.4579     0.4684 1.0000e-12      17467         11  0.000e+00
     20.206   71.83034 -165.96466     20.416     3.6015     3.6800     3.6003    31.1502    30.9407  1024.8574    24.7617    314.001    298.014  327.22914     95.957     0.1355     0.4652     0.4672 1.0000e-12      17468         11  0.000e+00
     20.230   71.83034 -165.96466     20.440     3.6014     3.6792     3.6002    31.1508    30.9421  1024.8580    24.7621    313.956    298.050  327.22862     95.944     0.1355     0.4652     0.4672 1.0000e-12      17469         11  0.000e+00
     20.206   71.83034 -165.96466     20.416     3.6010     3.6787     3.5998    31.1500    30.9423  1024.8573    24.7616    313.951    297.890  327.23338     95.941     0.1355     0.4652     0.4672 1.0000e-12      17470         11  0.000e+00
     20.206   71.83034 -165.96466     20.416     3.6002     3.6792     3.5990    31.1491    30.9418  1024.8567    24.7609    313.951    298.087  327.24201     95.939     0.1355     0.4652     0.4672 1.0000e-12      17471         11  0.000e+00
     20.230   71.83034 -165.96466     20.440     3.5995     3.6795     3.5983    31.1490    30.9417  1024.8567    24.7609    313.952    298.113  327.24796     95.937     0.1355     0.4652     0.4672 1.0000e-12      17472         11  0.000e+00
     20.206   71.83034 -165.96466     20.416     3.5989     3.6808     3.5977    31.1494    30.9411  1024.8570    24.7613    313.949    298.128  327.25152     95.935     0.1355     0.4652     0.4672 1.0000e-12      17473         11  0.000e+00
     20.206   71.83034 -165.96466     20.416     3.5987     3.6845     3.5975    31.1424    30.9382  1024.8514    24.7557    314.143    298.105  327.27061     95.989     0.1343     0.4579     0.4672 8.4714e-06      17474         11  0.000e+00
     20.176   71.83034 -165.96466     20.385     3.5996     3.6854     3.5984    31.1314    30.9375  1024.8425    24.7469    313.974    298.096  327.29097     95.931     0.1368     0.4725     0.4684 1.0000e-12      17475         11  0.000e+00
     20.206   71.83034 -165.96466     20.416     3.6004     3.6833     3.5992    31.1236    30.9397  1024.8364    24.7406    313.982    298.105  327.30373     95.930     0.1343     0.4579     0.4672 1.0000e-12      17476         11  0.000e+00
     20.152   71.83034 -165.96466     20.362     3.6009     3.6817     3.5997    31.1201    30.9409  1024.8333    24.7378    314.161    297.913  327.30816     95.983     0.1355     0.4652     0.4672 1.0000e-12      17477         11  0.000e+00
     20.176   71.83034 -165.96466     20.385     3.6016     3.6798     3.6004    31.1087    30.9420  1024.8242    24.7286    313.997    298.089  327.33053     95.927     0.1343     0.4579     0.4672 1.0000e-12      17478         11  0.000e+00
     20.206   71.83034 -165.96466     20.416     3.6029     3.6778     3.6017    31.0898    30.9444  1024.8092    24.7135    313.994    298.112  327.36702     95.915     0.1355     0.4652     0.4672 1.0000e-12      17479         11  0.000e+00
