EcoFOCI/data/1_SampleCollection/2023_SikuliaqDBO_CruiseData/CTD_raw_BottleFile_SKQ23-12S/proc/skq202312s_006avg.cnv
* Sea-Bird SBE 9 Data File:
* FileName = D:\CTD\SKQ202312S\SKQ202312S_006.hex
* Software Version Seasave V 7.26.7.121
* Temperature SN = 6177
* Conductivity SN = 0369
* Number of Bytes Per Scan = 41
* Number of Voltage Words = 4
* Number of Scans Averaged by the Deck Unit = 1
* NMEA Latitude = 62 28.06 N
* NMEA Longitude = 174 05.08 W
* NMEA UTC (Time) = Sep 16 2023  02:34:40
* NMEA baud rate = 4800
** Ship: R/V Sikuliaq
** Station Number: 006
** Station Name: DBO1.5
** Bottom Depth: 68
** Operator: SD
# nquan = 25
# nvalues = 63                          
# units = specified
# name 0 = depSM: Depth [salt water, m]
# name 1 = latitude: Latitude [deg]
# name 2 = longitude: Longitude [deg]
# name 3 = prDM: Pressure, Digiquartz [db]
# name 4 = t090C: Temperature [ITS-90, deg C]
# name 5 = t190C: Temperature, 2 [ITS-90, deg C]
# name 6 = potemp090C: Potential Temperature [ITS-90, deg C]
# name 7 = sal00: Salinity, Practical [PSU]
# name 8 = sal11: Salinity, Practical, 2 [PSU]
# name 9 = density00: Density [density, kg/m^3]
# name 10 = sigma-é00: Density [sigma-theta, kg/m^3]
# name 11 = sbox0Mm/Kg: Oxygen, SBE 43 [umol/kg]
# name 12 = sbox1Mm/Kg: Oxygen, SBE 43, 2 [umol/kg]
# name 13 = oxsolMm/Kg: Oxygen Saturation, Garcia & Gordon [umol/kg]
# name 14 = sbeox0PS: Oxygen, SBE 43 [% saturation]
# name 15 = sbeox1PS: Oxygen, SBE 43, 2 [% saturation]
# name 16 = v0: Voltage 0
# name 17 = flECO-AFL: Fluorescence, WET Labs ECO-AFL/FL [mg/m^3]
# name 18 = v1: Voltage 1
# name 19 = CStarAt0: Beam Attenuation, WET Labs C-Star [1/m]
# name 20 = par: PAR/Irradiance, Biospherical/Licor
# name 21 = scan: Scan Count
# name 22 = timeM: Time, Elapsed [minutes]
# name 23 = nbin: number of scans per bin
# name 24 = flag: flag
# span 0 =      0.990,     62.384       
# span 1 =   62.46776,   62.46776       
# span 2 = -174.08476, -174.08474       
# span 3 =      1.000,     63.000       
# span 4 =    -1.5153,     7.7882       
# span 5 =    -1.5141,     7.7928       
# span 6 =    -1.5163,     7.7878       
# span 7 =    30.9177,    31.9200       
# span 8 =    30.9283,    31.9332       
# span 9 =  1024.1168,  1025.9748       
# span 10 =    24.0991,    25.6710      
# span 11 =    275.879,    424.654      
# span 12 =    262.767,    390.086      
# span 13 =  296.99834,  371.50782      
# span 14 =     74.341,    115.556      
# span 15 =     70.816,    106.175      
# span 16 =     0.0662,     0.3913      
# span 17 =     0.0493,     1.9999      
# span 18 =     3.4909,     4.1475      
# span 19 =     0.5108,     1.2003      
# span 20 = -5.003e-05, 2.3800e+02      
# span 21 =       -146,       5457      
# span 22 =    -0.1018,     3.7889      
# span 23 =         12,        430      
# span 24 = 0.0000e+00, 0.0000e+00      
# interval = decibars: 1                
# start_time = Sep 16 2023 02:39:43 [NMEA time, first data scan]
# bad_flag = -9.990e-29
*END*
      0.990   62.46776 -174.08474      1.000     7.7664     7.7720     7.7663    30.9375    30.9373  1024.1222    24.1176    287.234    275.347  297.10216     96.679     92.689     0.1509     0.5575     3.9544     0.7010 2.3800e+02       -146    -0.1018         12 0.0000e+00
      1.981   62.46776 -174.08474      2.000     7.7827     7.7885     7.7825    30.9276    30.9355  1024.1168    24.1076    287.410    274.047  297.01390     96.766     92.285     0.1614     0.6201     3.9207     0.7369 1.6305e+02        290     0.2009        430 0.0000e+00
      2.971   62.46776 -174.08474      3.000     7.7810     7.7864     7.7807    30.9285    30.9342  1024.1223    24.1085    287.379    274.335  297.02363     96.753     92.377     0.1498     0.5507     3.9477     0.7084 1.3425e+02        452     0.3128         37 0.0000e+00
      3.961   62.46776 -174.08474      4.000     7.7882     7.7928     7.7878    30.9177    30.9283  1024.1175    24.0991    287.257    274.120  296.99834     96.720     92.314     0.1621     0.6246     3.9327     0.7236 1.1059e+02        703     0.4872        313 0.0000e+00
      4.952   62.46776 -174.08474      5.000     7.7714     7.7715     7.7709    30.9235    30.9326  1024.1290    24.1060    287.380    274.031  297.09875     96.729     92.242     0.1589     0.6053     3.9137     0.7452 9.2404e+01        995     0.6903        230 0.0000e+00
      5.942   62.46776 -174.08474      6.000     7.7492     7.7510     7.7487    30.9304    30.9401  1024.1420    24.1145    287.349    274.435  297.23330     96.675     92.340     0.1673     0.6560     3.9553     0.7007 7.8543e+01       1154     0.8006        165 0.0000e+00
      6.933   62.46776 -174.08475      7.000     7.7479     7.7484     7.7473    30.9468    30.9554  1024.1597    24.1275    287.427    274.592  297.20655     96.710     92.398     0.1732     0.6910     3.9472     0.7088 6.6162e+01       1305     0.9053        126 0.0000e+00
      7.923   62.46776 -174.08475      8.000     7.7524     7.7526     7.7516    31.0018    31.0126  1024.2068    24.1701    288.726    275.383  297.05719     97.195     92.711     0.1867     0.7723     3.9361     0.7201 5.6769e+01       1463     1.0153        176 0.0000e+00
      8.913   62.46776 -174.08474      9.000     7.7253     7.7265     7.7244    31.0880    31.0965  1024.2828    24.2415    289.399    275.782  297.05281     97.423     92.848     0.2036     0.8738     3.9171     0.7395 4.7627e+01       1591     1.1038         94 0.0000e+00
      9.904   62.46776 -174.08475     10.000     7.6958     7.7004     7.6949    31.1094    31.1156  1024.3082    24.2624    289.983    276.157  297.20492     97.570     92.932     0.2176     0.9574     3.9116     0.7451 4.1638e+01       1754     1.2176         80 0.0000e+00
     10.894   62.46776 -174.08476     11.000     7.6569     7.6577     7.6559    31.1174    31.1274  1024.3245    24.2741    290.639    277.079  297.44970     97.710     93.160     0.2304     1.0341     3.9094     0.7473 3.5828e+01       1891     1.3123        181 0.0000e+00
     11.884   62.46776 -174.08476     12.000     7.6521     7.6529     7.6510    31.1172    31.1270  1024.3296    24.2746    290.651    277.003  297.48262     97.703     93.124     0.2381     1.0804     3.9056     0.7512 3.0671e+01       2030     1.4087         96 0.0000e+00
     12.875   62.46776 -174.08476     13.000     7.6422     7.6427     7.6410    31.1188    31.1286  1024.3368    24.2772    290.628    277.803  297.54591     97.675     93.372     0.2424     1.1068     3.9039     0.7529 2.6566e+01       2106     1.4615         79 0.0000e+00
     13.865   62.46776 -174.08476     14.000     7.6292     7.6305     7.6279    31.1208    31.1306  1024.3448    24.2806    290.609    276.904  297.62960     97.641     93.046     0.2439     1.1154     3.9164     0.7402 2.2738e+01       2187     1.5184         65 0.0000e+00
     14.855   62.46776 -174.08476     15.000     7.6080     7.6086     7.6066    31.1230    31.1330  1024.3540    24.2852    290.731    277.325  297.76825     97.637     93.143     0.2483     1.1419     3.9285     0.7279 1.9503e+01       2239     1.5541         48 0.0000e+00
     15.846   62.46776 -174.08476     16.000     7.5927     7.5937     7.5913    31.1274    31.1372  1024.3642    24.2908    290.738    277.046  297.86182     97.608     93.020     0.2784     1.3225     3.9326     0.7236 1.6904e+01       2299     1.5955         76 0.0000e+00
     16.836   62.46776 -174.08476     17.000     7.5255     7.5268     7.5240    31.1332    31.1450  1024.3825    24.3045    290.821    277.292  298.30507     97.491     92.967     0.2785     1.3228     3.9418     0.7143 1.4457e+01       2365     1.6418         48 0.0000e+00
     17.826   62.46776 -174.08476     18.000     7.3161     7.3223     7.3145    31.1440    31.1610  1024.4238    24.3411    291.557    278.727  299.71137     97.280     93.024     0.3023     1.4656     3.9637     0.6921 1.2436e+01       2411     1.6737         50 0.0000e+00
     18.816   62.46776 -174.08476     19.000     6.4392     6.4340     6.4376    31.1956    31.2244  1024.5814    24.4937    296.577    281.120  305.73000     97.003     91.961     0.3359     1.6674     3.9540     0.7020 1.0927e+01       2476     1.7187         69 0.0000e+00
     19.807   62.46776 -174.08476     20.000     3.5358     3.4967     3.5346    31.2835    31.3827  1024.9604    24.8666    323.527    304.609  327.62431     98.746     92.955     0.3311     1.6387     3.9854     0.6704 9.1368e+00       2535     1.7597         45 0.0000e+00
     20.797   62.46776 -174.08475     21.000     0.5511     0.5646     0.5504    31.4119    31.4793  1025.2838    25.1835    348.301    319.658  352.74778     98.730     90.708     0.2729     1.2895     4.0412     0.6146 7.7636e+00       2576     1.7882         39 0.0000e+00
     21.787   62.46776 -174.08475     22.000    -0.4563    -0.4546    -0.4568    31.4346    31.4869  1025.3517    25.2460    406.746    351.890  362.10948    112.283     97.192     0.3243     1.5980     4.0464     0.6095 6.8624e+00       2622     1.8201         57 0.0000e+00
     22.777   62.46776 -174.08476     23.000    -1.0211    -1.0230    -1.0216    31.4500    31.4914  1025.3883    25.2774    424.654    390.086  367.53259    115.556    106.175     0.3913     1.9999     4.0489     0.6071 5.9559e+00       2689     1.8669         62 0.0000e+00
     23.768   62.46776 -174.08476     24.000    -1.1833    -1.1852    -1.1838    31.4730    31.5077  1025.4162    25.3003    392.083    375.393  369.06972    106.235    101.736     0.2939     1.4154     4.1174     0.5400 4.9327e+00       2741     1.9026         43 0.0000e+00
     24.758   62.46776 -174.08474     25.000    -1.2381    -1.2378    -1.2386    31.5013    31.5317  1025.4454    25.3247    381.694    368.050  369.53130    103.292     99.624     0.2147     0.9403     4.1475     0.5108 4.2622e+00       2781     1.9307         39 0.0000e+00
     25.748   62.46776 -174.08475     26.000    -1.2775    -1.2782    -1.2780    31.5239    31.5511  1025.4696    25.3440    364.985    355.008  369.85719     98.683     96.004     0.1861     0.7685     4.1389     0.5191 3.9680e+00       2826     1.9615         49 0.0000e+00
     26.739   62.46776 -174.08476     27.000    -1.3508    -1.3511    -1.3513    31.5508    31.5769  1025.4980    25.3675    342.881    332.660  370.50993     92.544     89.803     0.1668     0.6529     4.1025     0.5545 3.5361e+00       2880     1.9996         61 0.0000e+00
     27.729   62.46776 -174.08476     28.000    -1.3909    -1.3913    -1.3914    31.5774    31.6000  1025.5255    25.3901    319.346    309.461  370.83265     86.116     83.464     0.1359     0.4672     4.0757     0.5807 3.1172e+00       2943     2.0432         59 0.0000e+00
     28.719   62.46776 -174.08475     29.000    -1.4017    -1.4016    -1.4022    31.6199    31.6415  1025.5650    25.4248    303.922    293.506  370.81662     81.960     79.165     0.1134     0.3324     4.0378     0.6181 2.8362e+00       2993     2.0780         41 0.0000e+00
     29.709   62.46776 -174.08476     30.000    -1.4294    -1.4287    -1.4299    31.6438    31.6638  1025.5899    25.4449    297.359    286.839  371.02366     80.145     77.324     0.1107     0.3165     3.9849     0.6708 2.7478e+00       3032     2.1050         38 0.0000e+00
     30.700   62.46776 -174.08476     31.000    -1.4459    -1.4455    -1.4464    31.6659    31.6858  1025.6130    25.4632    295.437    283.867  371.12390     79.606     76.501     0.0961     0.2285     3.9498     0.7063 2.5434e+00       3074     2.1338         47 0.0000e+00
     31.690   62.46776 -174.08476     32.000    -1.4712    -1.4708    -1.4717    31.6817    31.6996  1025.6313    25.4766    290.657    278.513  371.33086     78.274     75.016     0.0952     0.2234     3.9145     0.7421 2.2238e+00       3127     2.1710         53 0.0000e+00
     32.680   62.46776 -174.08476     33.000    -1.4802    -1.4797    -1.4808    31.6888    31.7070  1025.6421    25.4826    286.790    273.878  371.40109     77.219     73.754     0.0931     0.2107     3.8757     0.7820 1.9328e+00       3179     2.2068         47 0.0000e+00
     33.670   62.46776 -174.08475     34.000    -1.4885    -1.4877    -1.4890    31.6980    31.7152  1025.6546    25.4901    283.516    269.845  371.45676     76.325     72.656     0.0885     0.1833     3.8561     0.8023 1.8024e+00       3227     2.2406         53 0.0000e+00
     34.660   62.46776 -174.08476     35.000    -1.4942    -1.4936    -1.4948    31.7078    31.7243  1025.6675    25.4983    282.030    269.266  371.48584     75.920     72.494     0.0784     0.1225     3.8505     0.8081 1.6708e+00       3282     2.2787         56 0.0000e+00
     35.651   62.46776 -174.08476     36.000    -1.4970    -1.4963    -1.4976    31.7132    31.7293  1025.6768    25.5027    280.891    267.152  371.49759     75.610     71.923     0.0796     0.1297     3.8490     0.8097 1.4635e+00       3336     2.3163         46 0.0000e+00
     36.641   62.46776 -174.08476     37.000    -1.5003    -1.4993    -1.5009    31.7224    31.7379  1025.6892    25.5102    280.783    267.284  371.50409     75.580     71.958     0.0764     0.1103     3.8467     0.8120 1.2481e+00       3377     2.3444         39 0.0000e+00
     37.631   62.46776 -174.08475     38.000    -1.5036    -1.5026    -1.5042    31.7323    31.7475  1025.7021    25.5184    280.827    267.087  371.50782     75.591     71.903     0.0747     0.1004     3.8474     0.8114 1.0805e+00       3414     2.3705         41 0.0000e+00
     38.621   62.46776 -174.08476     39.000    -1.5055    -1.5042    -1.5061    31.7420    31.7566  1025.7148    25.5263    280.813    267.698  371.49810     75.589     72.070     0.0731     0.0904     3.8666     0.7914 9.7287e-01       3466     2.4061         59 0.0000e+00
     39.611   62.46776 -174.08476     40.000    -1.5059    -1.5048    -1.5065    31.7536    31.7678  1025.7291    25.5357    281.430    268.577  371.46805     75.762     72.312     0.0792     0.1271     3.8852     0.7722 8.5106e-01       3542     2.4593         66 0.0000e+00
     40.601   62.46776 -174.08476     41.000    -1.5063    -1.5052    -1.5070    31.7618    31.7758  1025.7406    25.5423    281.986    269.074  371.44814     75.915     72.449     0.0790     0.1260     3.8873     0.7700 7.0932e-01       3588     2.4910         37 0.0000e+00
     41.592   62.46776 -174.08476     42.000    -1.5048    -1.5038    -1.5055    31.7694    31.7833  1025.7516    25.5485    282.540    269.385  371.41137     76.072     72.540     0.0662     0.0493     3.8557     0.8028 6.3159e-01       3620     2.5134         31 0.0000e+00
     42.582   62.46776 -174.08476     43.000    -1.5032    -1.5021    -1.5040    31.7720    31.7856  1025.7585    25.5506    282.753    268.896  371.38772     76.134     72.413     0.0721     0.0843     3.8410     0.8180 5.5477e-01       3654     2.5371         38 0.0000e+00
     43.572   62.46776 -174.08476     44.000    -1.5024    -1.5009    -1.5032    31.7757    31.7886  1025.7663    25.5535    282.850    269.245  371.36897     76.164     72.511     0.0805     0.1350     3.8185     0.8415 4.9005e-01       3721     2.5835         91 0.0000e+00
     44.562   62.46776 -174.08476     45.000    -1.5024    -1.5012    -1.5032    31.7821    31.7950  1025.7763    25.5588    283.776    270.963  371.34960     76.418     72.977     0.0754     0.1046     3.8204     0.8395 4.1344e-01       3788     2.6302         39 0.0000e+00
     45.552   62.46776 -174.08476     46.000    -1.5047    -1.5035    -1.5055    31.7901    31.8031  1025.7877    25.5653    283.313    270.489  371.34927     76.293     72.849     0.0749     0.1013     3.7979     0.8632 3.5259e-01       3823     2.6545         36 0.0000e+00
     46.543   62.46776 -174.08476     47.000    -1.5057    -1.5044    -1.5065    31.7913    31.8039  1025.7935    25.5663    283.227    270.478  371.35585     76.268     72.845     0.0757     0.1061     3.7889     0.8727 3.0224e-01       3866     2.6841         49 0.0000e+00
     47.533   62.46776 -174.08476     48.000    -1.5069    -1.5056    -1.5077    31.7928    31.8054  1025.7996    25.5675    283.190    270.493  371.36308     76.257     72.848     0.0764     0.1103     3.7828     0.8791 2.5843e-01       3918     2.7199         51 0.0000e+00
     48.523   62.46776 -174.08476     49.000    -1.5104    -1.5093    -1.5112    31.8107    31.8230  1025.8191    25.5822    283.034    269.275  371.34595     76.218     72.522     0.0739     0.0952     3.7835     0.8783 2.1322e-01       3966     2.7535         50 0.0000e+00
     49.513   62.46776 -174.08476     50.000    -1.5112    -1.5100    -1.5121    31.8310    31.8432  1025.8404    25.5987    282.284    269.363  371.29497     76.027     72.556     0.0734     0.0924     3.7058     0.9614 1.7984e-01       4020     2.7907         55 0.0000e+00
     50.503   62.46776 -174.08476     51.000    -1.5114    -1.5102    -1.5123    31.8362    31.8484  1025.8495    25.6029    280.247    268.106  371.28154     75.481     72.220     0.0804     0.1346     3.6456     1.0268 1.5216e-01       4076     2.8298         54 0.0000e+00
     51.493   62.46776 -174.08476     52.000    -1.5111    -1.5099    -1.5120    31.8406    31.8526  1025.8578    25.6065    278.756    265.785  371.26536     75.083     71.598     0.0734     0.0921     3.6246     1.0500 1.1813e-01       4125     2.8639         41 0.0000e+00
     52.484   62.46776 -174.08476     53.000    -1.5114    -1.5103    -1.5123    31.8466    31.8585  1025.8675    25.6113    278.196    265.313  371.25087     74.935     71.473     0.0736     0.0936     3.6059     1.0707 9.6732e-02       4165     2.8913         43 0.0000e+00
     53.474   62.46776 -174.08476     54.000    -1.5118    -1.5106    -1.5128    31.8519    31.8637  1025.8767    25.6157    277.872    264.748  371.23952     74.850     71.324     0.0770     0.1141     3.5743     1.1059 7.5108e-02       4217     2.9277         64 0.0000e+00
     54.464   62.46776 -174.08476     55.000    -1.5122    -1.5110    -1.5132    31.8579    31.8696  1025.8864    25.6205    277.035    264.060  371.22609     74.627     71.141     0.0751     0.1024     3.5632     1.1183 4.7605e-02       4282     2.9729         52 0.0000e+00
     55.454   62.46776 -174.08476     56.000    -1.5126    -1.5115    -1.5136    31.8638    31.8754  1025.8960    25.6253    276.914    263.798  371.21279     74.597     71.073     0.0707     0.0759     3.5707     1.1100 3.8178e-02       4325     3.0026         42 0.0000e+00
     56.444   62.46776 -174.08476     57.000    -1.5131    -1.5119    -1.5141    31.8708    31.8823  1025.9065    25.6310    276.515    264.795  371.19705     74.493     71.344     0.0767     0.1126     3.5700     1.1107 2.4378e-02       4374     3.0367         61 0.0000e+00
