EcoFOCI/data/1_SampleCollection/2023_SikuliaqDBO_CruiseData/CTD_raw_BottleFile_SKQ23-12S/proc/skq202312s_001.cnv
* Sea-Bird SBE 9 Data File:
* FileName = D:\CTD\SKQ202312S\SKQ202312S_001.hex
* Software Version Seasave V 7.26.7.121
* Temperature SN = 6177
* Conductivity SN = 0369
* Number of Bytes Per Scan = 41
* Number of Voltage Words = 4
* Number of Scans Averaged by the Deck Unit = 1
* NMEA Latitude = 62 11.69 N
* NMEA Longitude = 174 40.42 W
* NMEA UTC (Time) = Sep 14 2023  13:19:49
* NMEA baud rate = 4800
** Ship: R/V Sikuliaq
** Station Number: 001
** Station Name: Mooring M8
** Bottom Depth: 73
** Operator: SD
# nquan = 24
# nvalues = 8691                                  
# units = specified
# name 0 = depSM: Depth [salt water, m]
# name 1 = latitude: Latitude [deg]
# name 2 = longitude: Longitude [deg]
# name 3 = prDM: Pressure, Digiquartz [db]
# name 4 = t090C: Temperature [ITS-90, deg C]
# name 5 = t190C: Temperature, 2 [ITS-90, deg C]
# name 6 = potemp090C: Potential Temperature [ITS-90, deg C]
# name 7 = sal00: Salinity, Practical [PSU]
# name 8 = sal11: Salinity, Practical, 2 [PSU]
# name 9 = density00: Density [density, kg/m^3]
# name 10 = sigma-é00: Density [sigma-theta, kg/m^3]
# name 11 = sbox0Mm/Kg: Oxygen, SBE 43 [umol/kg]
# name 12 = sbox1Mm/Kg: Oxygen, SBE 43, 2 [umol/kg]
# name 13 = oxsolMm/Kg: Oxygen Saturation, Garcia & Gordon [umol/kg]
# name 14 = sbeox0PS: Oxygen, SBE 43 [% saturation]
# name 15 = sbeox1PS: Oxygen, SBE 43, 2 [% saturation]
# name 16 = v0: Voltage 0
# name 17 = flECO-AFL: Fluorescence, WET Labs ECO-AFL/FL [mg/m^3]
# name 18 = v1: Voltage 1
# name 19 = CStarAt0: Beam Attenuation, WET Labs C-Star [1/m]
# name 20 = par: PAR/Irradiance, Biospherical/Licor
# name 21 = scan: Scan Count
# name 22 = timeM: Time, Elapsed [minutes]
# name 23 = flag:  0.000e+00
# span 0 =      1.206,     67.491                 
# span 1 =   62.19444,   62.19452                 
# span 2 = -174.67422, -174.67402                 
# span 3 =      1.218,     68.156                 
# span 4 =    -1.5247,     7.7743                 
# span 5 =    -1.5234,     7.7752                 
# span 6 =    -1.5258,     7.7733                 
# span 7 =    30.5765,    31.8394                 
# span 8 =    30.7825,    31.8524                 
# span 9 =  1023.9968,  1025.9340                 
# span 10 =    23.9517,    25.6058                
# span 11 =    279.688,    431.414                
# span 12 =    266.413,    370.586                
# span 13 =  297.39563,  371.45204                
# span 14 =     75.324,    116.877                
# span 15 =     71.754,    100.195                
# span 16 =     0.0684,     0.4896                
# span 17 =     0.0623,     2.5897                
# span 18 =     3.4286,     4.1673                
# span 19 =     0.4917,     1.2725                
# span 20 = 1.0000e-12, 1.5157e+00                
# span 21 =          1,       8691                
# span 22 =     0.0000,     6.0347                
# span 23 = 0.0000e+00, 0.0000e+00                
# interval = seconds: 0.0416667
# start_time = Sep 14 2023 13:27:19 [NMEA time, first data scan]
# bad_flag = -9.990e-29
*END*
[from data line 2295]
     17.079   62.19446 -174.67418     17.245     7.7308     7.7359     7.7292    30.7769    30.7881  1024.0758    23.9966    287.163    274.935  297.69083     96.464     92.374     0.2332     1.0513     3.9109     0.7458 1.0000e-12       2296     1.5938  0.000e+00
     17.102   62.19446 -174.67418     17.268     7.7308     7.7368     7.7292    30.7772    30.7882  1024.0761    23.9969    287.171    274.823  297.69006     96.467     92.338     0.2320     1.0439     3.9121     0.7446 1.0000e-12       2297     1.5944  0.000e+00
     17.079   62.19446 -174.67418     17.245     7.7312     7.7362     7.7297    30.7771    30.7877  1024.0759    23.9968    287.177    274.875  297.68724     96.469     92.354     0.2332     1.0513     3.9109     0.7458 1.0000e-12       2298     1.5951  0.000e+00
     17.102   62.19446 -174.67418     17.268     7.7311     7.7354     7.7295    30.7771    30.7873  1024.0760    23.9968    287.189    274.931  297.68822     96.473     92.371     0.2308     1.0366     3.9109     0.7458 1.0000e-12       2299     1.5958  0.000e+00
     17.133   62.19446 -174.67418     17.300     7.7316     7.7349     7.7300    30.7768    30.7871  1024.0758    23.9965    287.199    274.968  297.68561     96.477     92.382     0.2222     0.9853     3.9109     0.7458 1.0000e-12       2300     1.5965  0.000e+00
     17.133   62.19446 -174.67418     17.300     7.7332     7.7341     7.7317    30.7755    30.7869  1024.0746    23.9952    287.203    275.006  297.67745     96.481     92.393     0.2198     0.9707     3.9109     0.7458 1.0000e-12       2301     1.5972  0.000e+00
     17.102   62.19446 -174.67418     17.269     7.7329     7.7334     7.7313    30.7756    30.7873  1024.0746    23.9954    287.217    275.041  297.67950     96.485     92.404     0.2198     0.9707     3.9109     0.7458 1.0000e-12       2302     1.5979  0.000e+00
     17.195   62.19446 -174.67418     17.362     7.7319     7.7330     7.7304    30.7759    30.7867  1024.0754    23.9957    287.241    275.064  297.68526     96.492     92.411     0.2198     0.9707     3.9121     0.7446 1.0000e-12       2303     1.5986  0.000e+00
     17.133   62.19446 -174.67418     17.300     7.7308     7.7325     7.7292    30.7768    30.7871  1024.0759    23.9966    287.261    275.079  297.69104     96.496     92.415     0.2210     0.9780     3.9109     0.7458 1.0000e-12       2304     1.5993  0.000e+00
     17.102   62.19446 -174.67418     17.269     7.7307     7.7322     7.7291    30.7767    30.7873  1024.0758    23.9965    287.278    275.111  297.69221     96.502     92.425     0.2198     0.9707     3.9109     0.7458 1.0000e-12       2305     1.6000  0.000e+00
     17.195   62.19446 -174.67418     17.362     7.7306     7.7320     7.7290    30.7765    30.7873  1024.0760    23.9964    287.300    275.130  297.69302     96.509     92.431     0.2210     0.9780     3.9121     0.7446 1.0000e-12       2306     1.6007  0.000e+00
     17.218   62.19446 -174.67418     17.385     7.7302     7.7320     7.7286    30.7768    30.7865  1024.0764    23.9966    287.322    275.316  297.69544     96.515     92.493     0.2198     0.9707     3.9109     0.7458 1.0000e-12       2307     1.6014  0.000e+00
     17.195   62.19446 -174.67418     17.362     7.7302     7.7315     7.7286    30.7768    30.7872  1024.0763    23.9967    287.341    275.175  297.69534     96.522     92.445     0.2198     0.9707     3.9109     0.7458 1.0000e-12       2308     1.6021  0.000e+00
     17.195   62.19446 -174.67418     17.362     7.7303     7.7317     7.7287    30.7767    30.7870  1024.0762    23.9966    287.361    275.186  297.69454     96.529     92.449     0.2198     0.9707     3.9109     0.7458 1.0000e-12       2309     1.6028  0.000e+00
     17.218   62.19446 -174.67418     17.385     7.7305     7.7319     7.7289    30.7765    30.7872  1024.0762    23.9964    287.357    275.366  297.69400     96.528     92.510     0.2198     0.9707     3.9109     0.7458 1.0000e-12       2310     1.6035  0.000e+00
     17.310   62.19446 -174.67418     17.479     7.7311     7.7325     7.7295    30.7771    30.7874  1024.0770    23.9968    287.376    275.390  297.68827     96.536     92.520     0.2198     0.9707     3.9109     0.7458 1.0000e-12       2311     1.6042  0.000e+00
     17.249   62.19446 -174.67418     17.417     7.7327     7.7325     7.7311    30.7765    30.7873  1024.0760    23.9961    287.360    275.413  297.67861     96.534     92.527     0.2198     0.9707     3.9109     0.7458 1.0000e-12       2312     1.6049  0.000e+00
     17.326   62.19446 -174.67418     17.495     7.7331     7.7326     7.7315    30.7767    30.7874  1024.0765    23.9962    287.357    275.267  297.67574     96.534     92.478     0.2198     0.9707     3.9109     0.7458 1.0000e-12       2313     1.6056  0.000e+00
     17.311   62.19446 -174.67418     17.479     7.7334     7.7328     7.7318    30.7769    30.7874  1024.0765    23.9963    287.351    275.272  297.67325     96.532     92.480     0.2198     0.9707     3.9121     0.7446 1.0000e-12       2314     1.6063  0.000e+00
     17.326   62.19446 -174.67418     17.495     7.7342     7.7333     7.7326    30.7772    30.7874  1024.0767    23.9965    287.556    275.274  297.66720     96.603     92.482     0.2198     0.9707     3.9145     0.7421 1.0000e-12       2315     1.6069  0.000e+00
     17.365   62.19446 -174.67418     17.534     7.7352     7.7341     7.7336    30.7768    30.7873  1024.0764    23.9960    287.385    275.445  297.66140     96.548     92.541     0.2198     0.9707     3.9145     0.7421 1.0000e-12       2316     1.6076  0.000e+00
     17.365   62.19446 -174.67418     17.534     7.7355     7.7347     7.7339    30.7772    30.7876  1024.0767    23.9962    287.379    275.460  297.65861     96.546     92.548     0.2198     0.9707     3.9145     0.7421 1.0000e-12       2317     1.6083  0.000e+00
     17.388   62.19446 -174.67418     17.557     7.7368     7.7358     7.7352    30.7770    30.7873  1024.0765    23.9960    287.367    275.285  297.64985     96.545     92.491     0.2198     0.9707     3.9145     0.7421 1.0000e-12       2318     1.6090  0.000e+00
     17.365   62.19446 -174.67418     17.534     7.7377     7.7363     7.7361    30.7773    30.7875  1024.0765    23.9960    287.356    275.264  297.64329     96.544     92.485     0.2198     0.9707     3.9145     0.7421 1.0000e-12       2319     1.6097  0.000e+00
     17.480   62.19446 -174.67418     17.650     7.7394     7.7370     7.7378    30.7769    30.7878  1024.0764    23.9955    287.534    275.416  297.63278     96.607     92.538     0.2198     0.9707     3.9145     0.7421 1.0000e-12       2320     1.6104  0.000e+00
     17.442   62.19446 -174.67418     17.612     7.7396     7.7376     7.7380    30.7771    30.7877  1024.0764    23.9956    287.363    275.407  297.63067     96.550     92.536     0.2198     0.9707     3.9145     0.7421 1.0000e-12       2321     1.6111  0.000e+00
     17.480   62.19446 -174.67418     17.650     7.7394     7.7383     7.7378    30.7762    30.7872  1024.0759    23.9949    287.364    275.417  297.63428     96.549     92.540     0.2186     0.9634     3.9145     0.7421 1.0000e-12       2322     1.6118  0.000e+00
     17.503   62.19446 -174.67418     17.674     7.7366     7.7383     7.7349    30.7758    30.7870  1024.0761    23.9950    287.382    275.411  297.65426     96.549     92.538     0.2198     0.9707     3.9145     0.7421 1.0000e-12       2323     1.6125  0.000e+00
     17.534   62.19446 -174.67418     17.705     7.7319     7.7371     7.7303    30.7758    30.7874  1024.0769    23.9957    287.438    275.410  297.68535     96.558     92.536     0.2198     0.9707     3.9145     0.7421 1.0000e-12       2324     1.6132  0.000e+00
     17.534   62.19446 -174.67418     17.705     7.7293     7.7360     7.7277    30.7757    30.7868  1024.0772    23.9960    287.668    275.408  297.70340     96.629     92.533     0.2173     0.9560     3.9145     0.7421 1.0000e-12       2325     1.6139  0.000e+00
     17.558   62.19446 -174.67418     17.728     7.7284     7.7344     7.7267    30.7750    30.7866  1024.0769    23.9955    287.699    275.408  297.71132     96.637     92.529     0.2149     0.9414     3.9145     0.7421 1.0000e-12       2326     1.6146  0.000e+00
     17.650   62.19446 -174.67418     17.822     7.7274     7.7336     7.7258    30.7755    30.7861  1024.0778    23.9960    287.729    275.402  297.71661     96.645     92.525     0.2149     0.9414     3.9145     0.7421 1.0000e-12       2327     1.6153  0.000e+00
     17.619   62.19446 -174.67418     17.791     7.7285     7.7309     7.7269    30.7771    30.7863  1024.0788    23.9972    287.549    275.573  297.70566     96.588     92.577     0.2137     0.9341     3.9145     0.7421 1.0000e-12       2328     1.6160  0.000e+00
     17.650   62.19446 -174.67418     17.822     7.7308     7.7290     7.7292    30.7772    30.7868  1024.0787    23.9969    287.716    275.429  297.69003     96.650     92.525     0.2149     0.9414     3.9145     0.7421 1.0000e-12       2329     1.6167  0.000e+00
     17.712   62.19446 -174.67418     17.884     7.7309     7.7298     7.7293    30.7770    30.7869  1024.0788    23.9968    287.736    275.405  297.68945     96.657     92.518     0.2149     0.9414     3.9145     0.7421 1.0000e-12       2330     1.6174  0.000e+00
     17.673   62.19446 -174.67418     17.845     7.7293     7.7304     7.7277    30.7776    30.7871  1024.0793    23.9974    287.575    275.563  297.69933     96.599     92.573     0.2149     0.9414     3.9145     0.7421 1.0000e-12       2331     1.6181  0.000e+00
     17.766   62.19446 -174.67418     17.939     7.7308     7.7314     7.7292    30.7774    30.7870  1024.0794    23.9971    287.937    275.568  297.68967     96.724     92.576     0.2149     0.9414     3.9145     0.7421 1.0000e-12       2332     1.6187  0.000e+00
     17.766   62.19446 -174.67418     17.939     7.7325     7.7309     7.7309    30.7763    30.7872  1024.0782    23.9959    287.780    275.560  297.68039     96.674     92.573     0.2149     0.9414     3.9145     0.7421 1.0000e-12       2333     1.6194  0.000e+00
     17.789   62.19446 -174.67418     17.962     7.7298     7.7312     7.7282    30.7755    30.7875  1024.0781    23.9957    287.816    275.561  297.70061     96.680     92.574     0.2149     0.9414     3.9145     0.7421 1.0000e-12       2334     1.6201  0.000e+00
     17.828   62.19446 -174.67418     18.001     7.7292     7.7338     7.7275    30.7755    30.7875  1024.0784    23.9958    287.836    275.717  297.70480     96.685     92.632     0.2149     0.9414     3.9145     0.7421 1.0000e-12       2335     1.6208  0.000e+00
     17.843   62.19446 -174.67418     18.017     7.7279     7.7367     7.7262    30.7755    30.7877  1024.0786    23.9960    287.858    275.712  297.71360     96.690     92.637     0.2149     0.9414     3.9158     0.7408 1.0000e-12       2336     1.6215  0.000e+00
     17.936   62.19446 -174.67418     18.110     7.7258     7.7367     7.7241    30.7762    30.7877  1024.0799    23.9968    287.887    275.745  297.72616     96.695     92.648     0.2149     0.9414     3.9158     0.7408 1.0000e-12       2337     1.6222  0.000e+00
     17.882   62.19446 -174.67418     18.056     7.7259     7.7344     7.7243    30.7765    30.7873  1024.0799    23.9971    287.893    275.599  297.72443     96.698     92.593     0.2149     0.9414     3.9158     0.7408 1.0000e-12       2338     1.6229  0.000e+00
     17.959   62.19446 -174.67418     18.134     7.7254     7.7317     7.7238    30.7765    30.7867  1024.0803    23.9971    287.909    275.783  297.72778     96.702     92.649     0.2161     0.9487     3.9145     0.7421 1.0000e-12       2339     1.6236  0.000e+00
     17.997   62.19446 -174.67418     18.173     7.7281     7.7291     7.7264    30.7782    30.7868  1024.0815    23.9981    287.896    275.807  297.70636     96.705     92.652     0.2149     0.9414     3.9145     0.7421 1.0000e-12       2340     1.6243  0.000e+00
     17.959   62.19446 -174.67418     18.134     7.7376     7.7275     7.7359    30.7793    30.7869  1024.0808    23.9977    287.831    275.989  297.63950     96.705     92.710     0.2149     0.9414     3.9158     0.7408 1.0000e-12       2341     1.6250  0.000e+00
     18.051   62.19446 -174.67418     18.227     7.7434     7.7267     7.7417    30.7804    30.7867  1024.0813    23.9977    287.985    275.861  297.59818     96.770     92.665     0.2149     0.9414     3.9145     0.7421 1.0000e-12       2342     1.6257  0.000e+00
     18.052   62.19446 -174.67418     18.227     7.7470     7.7262     7.7453    30.7795    30.7873  1024.0801    23.9965    287.990    276.048  297.57574     96.779     92.727     0.2149     0.9414     3.9158     0.7408 1.0000e-12       2343     1.6264  0.000e+00
     18.129   62.19446 -174.67418     18.305     7.7491     7.7261     7.7475    30.7787    30.7870  1024.0795    23.9956    288.006    276.250  297.56312     96.788     92.794     0.2149     0.9414     3.9158     0.7408 1.0000e-12       2344     1.6271  0.000e+00
     18.113   62.19446 -174.67418     18.290     7.7506     7.7262     7.7489    30.7773    30.7871  1024.0782    23.9943    288.398    275.965  297.55630     96.922     92.699     0.2149     0.9414     3.9158     0.7408 1.0000e-12       2345     1.6278  0.000e+00
     18.190   62.19446 -174.67418     18.368     7.7508     7.7264     7.7491    30.7769    30.7874  1024.0782    23.9939    288.096    276.143  297.55589     96.821     92.760     0.2149     0.9414     3.9158     0.7408 1.0000e-12       2346     1.6285  0.000e+00
     18.167   62.19446 -174.67418     18.344     7.7491     7.7262     7.7475    30.7758    30.7873  1024.0775    23.9933    288.128    276.334  297.56934     96.827     92.823     0.2149     0.9414     3.9158     0.7408 1.0000e-12       2347     1.6292  0.000e+00
     18.229   62.19446 -174.67418     18.407     7.7463     7.7255     7.7446    30.7739    30.7872  1024.0767    23.9922    288.171    276.374  297.59283     96.834     92.835     0.2149     0.9414     3.9158     0.7408 1.0000e-12       2348     1.6299  0.000e+00
     18.244   62.19446 -174.67418     18.422     7.7394     7.7258     7.7377    30.7743    30.7870  1024.0779    23.9934    288.236    276.404  297.63843     96.841     92.845     0.2137     0.9341     3.9158     0.7408 1.0000e-12       2349     1.6306  0.000e+00
     18.283   62.19446 -174.67418     18.461     7.7355     7.7253     7.7338    30.7747    30.7870  1024.0790    23.9943    288.089    276.435  297.66394     96.783     92.855     0.2137     0.9341     3.9158     0.7408 1.0000e-12       2350     1.6313  0.000e+00
     18.306   62.19446 -174.67418     18.484     7.7371     7.7267     7.7354    30.7759    30.7871  1024.0798    23.9950    288.250    276.448  297.65033     96.842     92.863     0.2039     0.8754     3.9158     0.7408 1.0000e-12       2351     1.6319  0.000e+00
     18.337   62.19446 -174.67418     18.516     7.7401     7.7336     7.7384    30.7768    30.7874  1024.0802    23.9953    288.237    276.081  297.62794     96.845     92.754     0.2002     0.8535     3.9158     0.7408 1.0000e-12       2352     1.6326  0.000e+00
     18.337   62.19446 -174.67418     18.516     7.7399     7.7430     7.7382    30.7748    30.7885  1024.0788    23.9938    288.250    276.171  297.63381     96.847     92.804     0.1990     0.8461     3.9158     0.7408 1.0000e-12       2353     1.6333  0.000e+00
     18.360   62.19446 -174.67418     18.539     7.7358     7.7480     7.7341    30.7737    30.7879  1024.0785    23.9935    288.288    276.307  297.66424     96.850     92.861     0.2002     0.8535     3.9133     0.7433 1.0000e-12       2354     1.6340  0.000e+00
