EcoFOCI/data/1_SampleCollection/2023_SikuliaqDBO_CruiseData/CTD_raw_BottleFile_SKQ23-12S/proc/skq202312s_014.ros
* Sea-Bird SBE 9 Data File:
* FileName = D:\CTD\SKQ202312S\SKQ202312S_014.hex
* Software Version Seasave V 7.26.7.121
* Temperature SN = 6177
* Conductivity SN = 0369
* Number of Bytes Per Scan = 41
* Number of Voltage Words = 4
* Number of Scans Averaged by the Deck Unit = 1
* NMEA Latitude = 64 40.15 N
* NMEA Longitude = 169 55.22 W
* NMEA UTC (Time) = Sep 17 2023  08:29:33
* NMEA baud rate = 4800
** Ship: R/V Sikuliaq
** Station Number: 014
** Station Name: DBO2.1
** Bottom Depth: 47
** Operator: SS
# nquan = 22
# nvalues = 931                                   
# units = specified
# name 0 = depSM: Depth [salt water, m]
# name 1 = latitude: Latitude [deg]
# name 2 = longitude: Longitude [deg]
# name 3 = prDM: Pressure, Digiquartz [db]
# name 4 = t090C: Temperature [ITS-90, deg C]
# name 5 = t190C: Temperature, 2 [ITS-90, deg C]
# name 6 = potemp090C: Potential Temperature [ITS-90, deg C]
# name 7 = sal00: Salinity, Practical [PSU]
# name 8 = sal11: Salinity, Practical, 2 [PSU]
# name 9 = density00: Density [density, kg/m^3]
# name 10 = sigma-é00: Density [sigma-theta, kg/m^3]
# name 11 = sbox0Mm/Kg: Oxygen, SBE 43 [umol/kg]
# name 12 = sbox1Mm/Kg: Oxygen, SBE 43, 2 [umol/kg]
# name 13 = oxsolMm/Kg: Oxygen Saturation, Garcia & Gordon [umol/kg]
# name 14 = sbeox0PS: Oxygen, SBE 43 [% saturation]
# name 15 = v0: Voltage 0
# name 16 = flECO-AFL: Fluorescence, WET Labs ECO-AFL/FL [mg/m^3]
# name 17 = CStarAt0: Beam Attenuation, WET Labs C-Star [1/m]
# name 18 = par: PAR/Irradiance, Biospherical/Licor
# name 19 = scan: Scan Count
# name 20 = nbf: Bottles Fired
# name 21 = flag:  0.000e+00
# interval = seconds: 0.0416667
# start_time = Sep 17 2023 08:33:36 [NMEA time, first data scan]
# bad_flag = -9.990e-29
*END*
[from data line 659]
     10.257   64.66934 -169.92004     10.359     2.2358     2.2275     2.2353    32.5600    32.5723  1026.0485    25.9996    297.405    283.927  334.88972     88.807     0.5324     2.8461     0.9759 1.3499e-03      22817         14  0.000e+00
     10.257   64.66934 -169.92004     10.359     2.2362     2.2273     2.2356    32.5598    32.5724  1026.0483    25.9994    297.377    283.938  334.88753     88.799     0.5336     2.8535     0.9773 6.7730e-04      22818         14  0.000e+00
     10.204   64.66934 -169.92004     10.305     2.2363     2.2275     2.2357    32.5599    32.5718  1026.0481    25.9995    297.349    283.945  334.88631     88.791     0.5324     2.8461     0.9759 3.4241e-04      22819         14  0.000e+00
     10.234   64.66934 -169.92004     10.336     2.2362     2.2271     2.2356    32.5605    32.5717  1026.0487    26.0000    297.327    283.954  334.88573     88.785     0.5324     2.8461     0.9759 3.4241e-04      22820         14  0.000e+00
     10.319   64.66934 -169.92004     10.421     2.2368     2.2273     2.2363    32.5613    32.5717  1026.0497    26.0005    297.301    283.958  334.87835     88.779     0.5324     2.8461     0.9773 4.0784e-03      22821         14  0.000e+00
     10.258   64.66934 -169.92004     10.359     2.2372     2.2271     2.2367    32.5611    32.5718  1026.0492    26.0003    297.276    283.956  334.87524     88.772     0.5324     2.8461     0.9706 6.1655e-03      22822         14  0.000e+00
     10.258   64.66934 -169.92004     10.359     2.2380     2.2271     2.2375    32.5604    32.5717  1026.0486    25.9997    297.253    283.952  334.87065     88.766     0.5324     2.8461     0.9588 4.4238e-03      22823         14  0.000e+00
     10.204   64.66934 -169.92004     10.305     2.2379     2.2270     2.2374    32.5595    32.5721  1026.0476    25.9990    297.237    283.943  334.87370     88.761     0.5324     2.8461     0.9548 3.4241e-04      22824         14  0.000e+00
     10.319   64.66934 -169.92004     10.421     2.2371     2.2270     2.2365    32.5576    32.5719  1026.0467    25.9976    297.237    284.137  334.88542     88.758     0.5324     2.8461     0.9548 1.0000e-12      22825         14  0.000e+00
     10.319   64.66934 -169.92004     10.422     2.2358     2.2271     2.2353    32.5561    32.5719  1026.0456    25.9965    297.237    284.146  334.89969     88.754     0.5324     2.8461     0.9548 1.0000e-12      22826         14  0.000e+00
     10.258   64.66934 -169.92004     10.359     2.2344     2.2270     2.2339    32.5555    32.5721  1026.0449    25.9961    297.236    284.150  334.91315     88.750     0.5311     2.8388     0.9548 1.0000e-12      22827         14  0.000e+00
     10.289   64.66934 -169.92004     10.390     2.2327     2.2268     2.2322    32.5546    32.5720  1026.0445    25.9955    297.243    284.155  334.93008     88.748     0.5324     2.8461     0.9548 1.0000e-12      22828         14  0.000e+00
     10.319   64.66934 -169.92004     10.422     2.2312     2.2268     2.2306    32.5542    32.5717  1026.0444    25.9953    297.249    284.155  334.94377     88.746     0.5324     2.8461     0.9548 3.4241e-04      22829         14  0.000e+00
     10.319   64.66934 -169.92004     10.422     2.2304     2.2265     2.2298    32.5530    32.5721  1026.0436    25.9944    297.512    284.150  334.95357     88.822     0.5324     2.8461     0.9548 2.3659e-03      22830         14  0.000e+00
     10.258   64.66934 -169.92004     10.359     2.2294     2.2267     2.2289    32.5524    32.5721  1026.0428    25.9940    297.327    284.137  334.96296     88.764     0.5336     2.8535     0.9548 3.0480e-03      22831         14  0.000e+00
     10.319   64.66934 -169.92004     10.422     2.2283     2.2265     2.2278    32.5533    32.5717  1026.0440    25.9948    297.109    284.152  334.96962     88.697     0.5324     2.8461     0.9548 1.0131e-03      22832         14  0.000e+00
     10.319   64.66934 -169.92004     10.422     2.2278     2.2266     2.2272    32.5540    32.5720  1026.0446    25.9954    297.297    284.159  334.97286     88.753     0.5336     2.8535     0.9561 1.0000e-12      22833         14  0.000e+00
     10.319   64.66934 -169.92004     10.422     2.2274     2.2265     2.2268    32.5537    32.5717  1026.0443    25.9951    297.301    284.140  334.97702     88.753     0.5324     2.8461     0.9548 1.0000e-12      22834         14  0.000e+00
     10.374   64.66934 -169.92004     10.476     2.2271     2.2262     2.2266    32.5535    32.5716  1026.0445    25.9951    297.307    284.121  334.97960     88.754     0.5324     2.8461     0.9548 1.0000e-12      22835         14  0.000e+00
     10.289   64.66934 -169.92004     10.391     2.2266     2.2259     2.2261    32.5538    32.5713  1026.0444    25.9953    297.533    284.118  334.98292     88.820     0.5324     2.8461     0.9548 1.0000e-12      22836         14  0.000e+00
     10.374   64.66934 -169.92004     10.476     2.2261     2.2255     2.2256    32.5540    32.5710  1026.0449    25.9955    297.357    284.119  334.98659     88.767     0.5324     2.8461     0.9548 1.0000e-12      22837         14  0.000e+00
     10.320   64.66934 -169.92004     10.422     2.2260     2.2253     2.2255    32.5539    32.5712  1026.0446    25.9954    297.400    284.110  334.98787     88.779     0.5226     2.7875     0.9548 1.0000e-12      22838         14  0.000e+00
     10.320   64.66934 -169.92004     10.422     2.2257     2.2250     2.2252    32.5536    32.5712  1026.0443    25.9952    297.411    284.100  334.99141     88.782     0.5079     2.6996     0.9548 1.0000e-12      22839         14  0.000e+00
     10.374   64.66934 -169.92004     10.476     2.2257     2.2248     2.2252    32.5535    32.5710  1026.0445    25.9951    297.422    284.089  334.99159     88.785     0.5031     2.6703     0.9548 1.0000e-12      22840         14  0.000e+00
     10.320   64.66934 -169.92004     10.422     2.2255     2.2249     2.2250    32.5540    32.5709  1026.0447    25.9955    297.654    283.869  334.99173     88.854     0.5043     2.6776     0.9548 3.7340e-03      22841         14  0.000e+00
     10.374   64.66934 -169.92004     10.476     2.2254     2.2248     2.2248    32.5539    32.5709  1026.0449    25.9955    297.705    283.828  334.99316     88.869     0.5043     2.6776     0.9588 5.8152e-03      22842         14  0.000e+00
     10.374   64.66934 -169.92004     10.476     2.2253     2.2248     2.2247    32.5536    32.5709  1026.0446    25.9952    297.532    283.782  334.99503     88.817     0.5055     2.6850     0.9720 6.1655e-03      22843         14  0.000e+00
     10.378   64.66934 -169.92004     10.480     2.2250     2.2256     2.2245    32.5539    32.5706  1026.0449    25.9955    298.779    284.245  334.99608     89.189     0.5958     3.2271     0.9548 1.0000e-12      23052         15  0.000e+00
     10.493   64.66934 -169.92004     10.597     2.2250     2.2253     2.2245    32.5539    32.5705  1026.0455    25.9955    298.601    284.201  334.99604     89.136     0.5958     3.2271     0.9548 1.0000e-12      23053         15  0.000e+00
     10.355   64.66934 -169.92004     10.457     2.2252     2.2251     2.2247    32.5538    32.5704  1026.0447    25.9954    298.782    284.170  334.99490     89.190     0.5958     3.2271     0.9548 1.0000e-12      23054         15  0.000e+00
     10.378   64.66934 -169.92004     10.481     2.2254     2.2251     2.2248    32.5536    32.5706  1026.0447    25.9953    298.557    284.142  334.99400     89.123     0.5958     3.2271     0.9548 1.0000e-12      23055         15  0.000e+00
     10.378   64.66934 -169.92004     10.481     2.2254     2.2248     2.2248    32.5534    32.5707  1026.0446    25.9951    298.518    284.113  334.99441     89.111     0.5958     3.2271     0.9548 8.4714e-06      23056         15  0.000e+00
     10.324   64.66934 -169.92004     10.426     2.2254     2.2245     2.2249    32.5537    32.5707  1026.0445    25.9954    298.734    284.083  334.99319     89.176     0.5946     3.2198     0.9548 3.4241e-04      23057         15  0.000e+00
     10.378   64.66934 -169.92004     10.481     2.2255     2.2248     2.2250    32.5541    32.5705  1026.0451    25.9957    298.544    284.051  334.99129     89.120     0.5958     3.2271     0.9548 3.4241e-04      23058         15  0.000e+00
     10.324   64.66934 -169.92004     10.426     2.2258     2.2245     2.2253    32.5543    32.5704  1026.0449    25.9957    298.496    284.020  334.98871     89.106     0.5946     3.2198     0.9548 1.0000e-12      23059         15  0.000e+00
     10.324   64.66934 -169.92004     10.426     2.2263     2.2244     2.2258    32.5544    32.5704  1026.0450    25.9959    298.485    283.787  334.98412     89.104     0.5958     3.2271     0.9548 1.0000e-12      23060         15  0.000e+00
     10.324   64.66934 -169.92004     10.426     2.2261     2.2244     2.2256    32.5545    32.5702  1026.0451    25.9959    298.481    283.730  334.98537     89.103     0.5946     3.2198     0.9548 1.0000e-12      23061         15  0.000e+00
     10.293   64.66934 -169.92004     10.395     2.2262     2.2244     2.2257    32.5542    32.5704  1026.0447    25.9957    298.473    283.870  334.98554     89.100     0.5958     3.2271     0.9548 1.0000e-12      23062         15  0.000e+00
     10.262   64.66934 -169.92004     10.364     2.2258     2.2243     2.2253    32.5542    32.5703  1026.0446    25.9957    298.431    283.860  334.98883     89.087     0.5971     3.2344     0.9548 1.0000e-12      23063         15  0.000e+00
     10.262   64.66934 -169.92004     10.364     2.2258     2.2244     2.2253    32.5538    32.5704  1026.0443    25.9954    298.685    283.849  334.98977     89.163     0.5958     3.2271     0.9548 1.0000e-12      23064         15  0.000e+00
     10.262   64.66934 -169.92004     10.364     2.2257     2.2244     2.2252    32.5533    32.5702  1026.0438    25.9949    298.717    283.840  334.99217     89.171     0.5958     3.2271     0.9548 1.0000e-12      23065         15  0.000e+00
     10.208   64.66934 -169.92004     10.309     2.2254     2.2241     2.2248    32.5533    32.5706  1026.0436    25.9950    298.745    283.829  334.99490     89.179     0.5958     3.2271     0.9561 1.0000e-12      23066         15  0.000e+00
     10.262   64.66934 -169.92004     10.364     2.2254     2.2244     2.2249    32.5535    32.5702  1026.0440    25.9952    298.734    283.620  334.99383     89.176     0.5958     3.2271     0.9548 1.0000e-12      23067         15  0.000e+00
     10.208   64.66934 -169.92004     10.309     2.2254     2.2244     2.2248    32.5531    32.5706  1026.0434    25.9948    298.756    283.585  334.99542     89.182     0.5763     3.1099     0.9561 1.0000e-12      23068         15  0.000e+00
     10.208   64.66934 -169.92004     10.309     2.2250     2.2245     2.2245    32.5532    32.5704  1026.0436    25.9949    298.742    283.552  334.99782     89.177     0.5556     2.9853     0.9561 1.0000e-12      23069         15  0.000e+00
     10.208   64.66934 -169.92004     10.309     2.2250     2.2245     2.2245    32.5532    32.5704  1026.0436    25.9950    298.760    283.522  334.99772     89.183     0.5507     2.9560     0.9561 1.0000e-12      23070         15  0.000e+00
     10.123   64.66934 -169.92004     10.224     2.2246     2.2242     2.2240    32.5539    32.5705  1026.0438    25.9956    298.776    283.491  335.00000     89.187     0.5519     2.9634     0.9561 1.0000e-12      23071         15  0.000e+00
     10.147   64.66934 -169.92004     10.247     2.2244     2.2245     2.2239    32.5537    32.5705  1026.0437    25.9954    298.794    283.460  335.00160     89.192     0.5519     2.9634     0.9561 1.0000e-12      23072         15  0.000e+00
     10.147   64.66934 -169.92004     10.247     2.2244     2.2245     2.2239    32.5534    32.5707  1026.0435    25.9951    298.586    283.432  335.00285     89.129     0.5531     2.9707     0.9561 6.1655e-03      23073         15  0.000e+00
     10.147   64.66934 -169.92004     10.247     2.2244     2.2246     2.2239    32.5533    32.5702  1026.0434    25.9951    298.563    283.406  335.00295     89.123     0.5519     2.9634     0.9548 1.1540e-02      23074         15  0.000e+00
     10.093   64.66934 -169.92004     10.193     2.2246     2.2244     2.2240    32.5532    32.5703  1026.0431    25.9950    298.537    283.379  335.00183     89.115     0.5531     2.9707     0.9548 1.2642e-02      23075         15  0.000e+00
     10.147   64.66934 -169.92004     10.247     2.2244     2.2245     2.2239    32.5535    32.5701  1026.0436    25.9953    298.517    283.156  335.00243     89.109     0.5531     2.9707     0.9561 1.2274e-02      23076         15  0.000e+00
     10.093   64.66934 -169.92004     10.193     2.2243     2.2244     2.2238    32.5537    32.5700  1026.0435    25.9954    298.492    283.109  335.00246     89.101     0.5531     2.9707     0.9548 1.1540e-02      23077         15  0.000e+00
     10.039   64.66934 -169.92004     10.138     2.2246     2.2241     2.2240    32.5535    32.5702  1026.0430    25.9952    298.465    283.064  335.00113     89.094     0.5531     2.9707     0.9561 1.1906e-02      23078         15  0.000e+00
     10.062   64.66934 -169.92004     10.162     2.2246     2.2242     2.2240    32.5535    32.5701  1026.0432    25.9952    298.443    283.046  335.00106     89.087     0.5531     2.9707     0.9561 9.7231e-03      23079         15  0.000e+00
     10.093   64.66934 -169.92004     10.193     2.2246     2.2242     2.2240    32.5537    32.5703  1026.0434    25.9954    298.421    283.032  335.00069     89.081     0.5531     2.9707     0.9561 6.5167e-03      23080         15  0.000e+00
     10.039   64.66934 -169.92004     10.138     2.2246     2.2244     2.2240    32.5538    32.5703  1026.0433    25.9954    298.395    283.017  335.00040     89.073     0.5519     2.9634     0.9548 5.4659e-03      23081         15  0.000e+00
     10.039   64.66934 -169.92004     10.138     2.2244     2.2245     2.2239    32.5539    32.5702  1026.0434    25.9956    298.596    283.007  335.00134     89.133     0.5531     2.9707     0.9561 5.1175e-03      23082         15  0.000e+00
     10.039   64.66934 -169.92004     10.138     2.2248     2.2242     2.2243    32.5536    32.5702  1026.0431    25.9953    298.606    283.004  334.99915     89.136     0.5519     2.9634     0.9548 4.4238e-03      23083         15  0.000e+00
      9.977   64.66934 -169.92004     10.076     2.2246     2.2244     2.2240    32.5538    32.5702  1026.0430    25.9955    298.431    282.997  335.00021     89.084     0.5531     2.9707     0.9561 3.7340e-03      23084         15  0.000e+00
     10.039   64.66934 -169.92004     10.138     2.2246     2.2241     2.2240    32.5536    32.5702  1026.0431    25.9953    298.410    283.001  335.00092     89.077     0.5519     2.9634     0.9509 1.6876e-03      23085         15  0.000e+00
      9.977   64.66934 -169.92004     10.076     2.2246     2.2240     2.2240    32.5537    32.5705  1026.0429    25.9954    298.605    282.803  335.00052     89.136     0.5531     2.9707     0.9443 1.0000e-12      23086         15  0.000e+00
     10.008   64.66934 -169.92004     10.107     2.2249     2.2240     2.2244    32.5539    32.5703  1026.0432    25.9955    298.391    282.787  334.99744     89.073     0.5519     2.9634     0.9430 1.0000e-12      23087         15  0.000e+00
      9.923   64.66934 -169.92004     10.021     2.2249     2.2240     2.2244    32.5536    32.5705  1026.0425    25.9953    298.362    282.771  334.99774     89.064     0.5519     2.9634     0.9430 2.0263e-03      23088         15  0.000e+00
      9.977   64.66934 -169.92004     10.076     2.2249     2.2241     2.2244    32.5535    32.5703  1026.0427    25.9952    298.562    282.764  334.99833     89.123     0.5531     2.9707     0.9430 5.4659e-03      23089         15  0.000e+00
