EcoFOCI/data/1_SampleCollection/2023_SikuliaqDBO_CruiseData/CTD_raw_BottleFile_SKQ23-12S/proc/skq202312s_017.cnv
* Sea-Bird SBE 9 Data File:
* FileName = D:\CTD\SKQ202312S\SKQ202312S_017.hex
* Software Version Seasave V 7.26.7.121
* Temperature SN = 6177
* Conductivity SN = 0369
* Number of Bytes Per Scan = 41
* Number of Voltage Words = 4
* Number of Scans Averaged by the Deck Unit = 1
* NMEA Latitude = 64 40.58 N
* NMEA Longitude = 168 35.74 W
* NMEA UTC (Time) = Sep 17 2023  17:29:22
* NMEA baud rate = 4800
** Ship: R/V Sikuliaq
** Station Number: 017
** Station Name: DBO2.2a
** Bottom Depth: 43
** Operator: SD
# nquan = 24
# nvalues = 4343                                  
# units = specified
# name 0 = depSM: Depth [salt water, m]
# name 1 = latitude: Latitude [deg]
# name 2 = longitude: Longitude [deg]
# name 3 = prDM: Pressure, Digiquartz [db]
# name 4 = t090C: Temperature [ITS-90, deg C]
# name 5 = t190C: Temperature, 2 [ITS-90, deg C]
# name 6 = potemp090C: Potential Temperature [ITS-90, deg C]
# name 7 = sal00: Salinity, Practical [PSU]
# name 8 = sal11: Salinity, Practical, 2 [PSU]
# name 9 = density00: Density [density, kg/m^3]
# name 10 = sigma-é00: Density [sigma-theta, kg/m^3]
# name 11 = sbox0Mm/Kg: Oxygen, SBE 43 [umol/kg]
# name 12 = sbox1Mm/Kg: Oxygen, SBE 43, 2 [umol/kg]
# name 13 = oxsolMm/Kg: Oxygen Saturation, Garcia & Gordon [umol/kg]
# name 14 = sbeox0PS: Oxygen, SBE 43 [% saturation]
# name 15 = sbeox1PS: Oxygen, SBE 43, 2 [% saturation]
# name 16 = v0: Voltage 0
# name 17 = flECO-AFL: Fluorescence, WET Labs ECO-AFL/FL [mg/m^3]
# name 18 = v1: Voltage 1
# name 19 = CStarAt0: Beam Attenuation, WET Labs C-Star [1/m]
# name 20 = par: PAR/Irradiance, Biospherical/Licor
# name 21 = scan: Scan Count
# name 22 = timeM: Time, Elapsed [minutes]
# name 23 = flag:  0.000e+00
# span 0 =      2.666,     37.762                 
# span 1 =   64.67642,   64.67646                 
# span 2 = -168.59560, -168.59556                 
# span 3 =      2.692,     38.139                 
# span 4 =     3.0589,     4.5338                 
# span 5 =     3.0596,     4.5273                 
# span 6 =     3.0573,     4.5334                 
# span 7 =    31.9894,    32.8255                 
# span 8 =    32.0032,    32.8353                 
# span 9 =  1025.3533,  1026.3224                 
# span 10 =    25.3394,    26.1442                
# span 11 =    265.538,    297.425                
# span 12 =    252.500,    283.473                
# span 13 =  317.86679,  328.68613                
# span 14 =     81.168,     92.007                
# span 15 =     77.169,     88.055                
# span 16 =     0.1172,     0.3578                
# span 17 =     0.3553,     1.7985                
# span 18 =     2.7582,     4.0171                
# span 19 =     0.6386,     2.1430                
# span 20 = 9.5458e-02, 3.0819e+01                
# span 21 =          1,       4343                
# span 22 =     0.0000,     3.0153                
# span 23 = 0.0000e+00, 0.0000e+00                
# interval = seconds: 0.0416667
# start_time = Sep 17 2023 17:33:26 [NMEA time, first data scan]
# bad_flag = -9.990e-29
*END*
[from data line 544]
      3.637   64.67644 -168.59558      3.673     4.3870     4.4130     4.3868    32.0387    32.0382  1025.4099    25.3927    291.787    280.244  318.90193     91.497     87.933     0.3187     1.5641     3.7900     0.8715 2.2846e+01        545     0.3778  0.000e+00
      3.637   64.67644 -168.59558      3.673     4.3901     4.4153     4.3898    32.0370    32.0364  1025.4082    25.3911    291.569    280.253  318.88258     91.435     87.939     0.3187     1.5641     3.7900     0.8715 2.2653e+01        546     0.3785  0.000e+00
      3.699   64.67644 -168.59558      3.736     4.3915     4.4163     4.3912    32.0377    32.0360  1025.4089    25.3914    291.684    280.247  318.87023     91.474     87.939     0.3187     1.5641     3.7900     0.8715 2.2589e+01        547     0.3792  0.000e+00
      3.637   64.67644 -168.59558      3.673     4.3952     4.4166     4.3950    32.0353    32.0361  1025.4064    25.3892    291.671    280.441  318.84679     91.477     88.001     0.3199     1.5714     3.7888     0.8727 2.2399e+01        548     0.3799  0.000e+00
      3.699   64.67644 -168.59558      3.736     4.4017     4.4153     4.4015    32.0319    32.0379  1025.4032    25.3858    291.614    280.478  318.80529     91.471     88.011     0.3187     1.5641     3.7888     0.8727 2.2272e+01        549     0.3806  0.000e+00
      3.637   64.67644 -168.59558      3.673     4.4045     4.4169     4.4042    32.0320    32.0376  1025.4027    25.3856    291.609    280.324  318.78411     91.475     87.965     0.3199     1.5714     3.7888     0.8727 2.2210e+01        550     0.3812  0.000e+00
      3.637   64.67644 -168.59558      3.673     4.4035     4.4205     4.4033    32.0367    32.0361  1025.4066    25.3895    291.594    280.507  318.78000     91.472     88.029     0.3187     1.5641     3.7888     0.8727 2.2147e+01        551     0.3819  0.000e+00
      3.637   64.67644 -168.59558      3.673     4.4074     4.4243     4.4072    32.0373    32.0339  1025.4067    25.3896    291.377    280.334  318.74843     91.413     87.982     0.3187     1.5641     3.7888     0.8727 2.2022e+01        552     0.3826  0.000e+00
      3.637   64.67644 -168.59558      3.673     4.4128     4.4255     4.4126    32.0357    32.0331  1025.4049    25.3878    291.539    280.319  318.71081     91.475     87.979     0.3175     1.5568     3.7888     0.8727 2.2022e+01        553     0.3833  0.000e+00
      3.583   64.67644 -168.59558      3.619     4.4176     4.4260     4.4173    32.0324    32.0326  1025.4015    25.3846    291.503    280.488  318.68228     91.471     88.033     0.3199     1.5714     3.7888     0.8727 2.1960e+01        554     0.3840  0.000e+00
      3.637   64.67644 -168.59558      3.673     4.4220     4.4278     4.4217    32.0297    32.0326  1025.3991    25.3820    291.474    280.480  318.65500     91.470     88.034     0.3175     1.5568     3.7900     0.8715 2.1898e+01        555     0.3847  0.000e+00
      3.583   64.67644 -168.59558      3.619     4.4283     4.4310     4.4281    32.0264    32.0325  1025.3956    25.3788    291.428    280.473  318.61426     91.467     88.039     0.3199     1.5714     3.7900     0.8715 2.1898e+01        556     0.3854  0.000e+00
      3.637   64.67644 -168.59558      3.673     4.4345     4.4348     4.4342    32.0237    32.0311  1025.3931    25.3760    291.387    280.465  318.57347     91.466     88.043     0.3297     1.6300     3.7900     0.8715 2.1898e+01        557     0.3861  0.000e+00
      3.637   64.67644 -168.59558      3.673     4.4391     4.4372     4.4389    32.0217    32.0303  1025.3911    25.3740    291.389    280.460  318.54280     91.476     88.046     0.3321     1.6447     3.7888     0.8727 2.1898e+01        558     0.3868  0.000e+00
      3.583   64.67644 -168.59558      3.619     4.4415     4.4389     4.4413    32.0200    32.0296  1025.3892    25.3723    291.375    280.453  318.52847     91.475     88.047     0.3333     1.6520     3.7900     0.8715 2.1836e+01        559     0.3875  0.000e+00
      3.583   64.67644 -168.59558      3.619     4.4429     4.4403     4.4427    32.0188    32.0298  1025.3881    25.3713    291.165    280.445  318.52045     91.412     88.048     0.3321     1.6447     3.7888     0.8727 2.1836e+01        560     0.3882  0.000e+00
      3.545   64.67644 -168.59558      3.580     4.4418     4.4422     4.4416    32.0189    32.0293  1025.3881    25.3714    291.356    280.428  318.52870     91.469     88.046     0.3321     1.6447     3.7900     0.8715 2.1836e+01        561     0.3889  0.000e+00
      3.637   64.67644 -168.59558      3.673     4.4409     4.4442     4.4406    32.0195    32.0289  1025.3891    25.3720    291.168    280.411  318.53459     91.408     88.045     0.3309     1.6373     3.7888     0.8727 2.1898e+01        562     0.3896  0.000e+00
      3.583   64.67644 -168.59558      3.619     4.4421     4.4460     4.4419    32.0189    32.0283  1025.3882    25.3714    291.344    280.387  318.52642     91.466     88.041     0.3321     1.6447     3.7900     0.8715 2.1898e+01        563     0.3903  0.000e+00
      3.583   64.67644 -168.59558      3.619     4.4432     4.4466     4.4430    32.0195    32.0277  1025.3886    25.3718    291.347    280.369  318.51644     91.470     88.036     0.3333     1.6520     3.7900     0.8715 2.2022e+01        564     0.3910  0.000e+00
      3.529   64.67644 -168.59558      3.564     4.4446     4.4460     4.4444    32.0189    32.0281  1025.3877    25.3711    291.350    280.353  318.50715     91.474     88.030     0.3321     1.6447     3.7912     0.8702 2.2084e+01        565     0.3917  0.000e+00
      3.583   64.67644 -168.59558      3.619     4.4454     4.4452     4.4452    32.0185    32.0279  1025.3876    25.3708    291.362    280.338  318.50190     91.479     88.023     0.3321     1.6447     3.7912     0.8702 2.2084e+01        566     0.3924  0.000e+00
      3.529   64.67644 -168.59558      3.564     4.4457     4.4440     4.4455    32.0184    32.0282  1025.3873    25.3707    291.375    280.318  318.49978     91.483     88.015     0.3321     1.6447     3.7900     0.8715 2.2336e+01        567     0.3931  0.000e+00
      3.529   64.67644 -168.59558      3.564     4.4461     4.4414     4.4458    32.0177    32.0286  1025.3867    25.3700    291.457    280.305  318.49913     91.510     88.005     0.3321     1.6447     3.7900     0.8715 2.2399e+01        568     0.3937  0.000e+00
      3.529   64.67644 -168.59558      3.564     4.4443     4.4377     4.4441    32.0180    32.0300  1025.3870    25.3704    291.460    280.295  318.51172     91.507     87.995     0.3321     1.6447     3.7900     0.8715 2.2462e+01        569     0.3944  0.000e+00
      3.583   64.67644 -168.59558      3.619     4.4432     4.4355     4.4430    32.0190    32.0306  1025.3882    25.3714    291.490    280.272  318.51765     91.515     87.984     0.3321     1.6447     3.7900     0.8715 2.2718e+01        570     0.3951  0.000e+00
      3.468   64.67644 -168.59558      3.502     4.4451     4.4350     4.4449    32.0187    32.0299  1025.3872    25.3709    291.495    280.230  318.50400     91.520     87.969     0.3333     1.6520     3.7900     0.8715 2.2911e+01        571     0.3958  0.000e+00
      3.529   64.67644 -168.59558      3.564     4.4445     4.4328     4.4443    32.0194    32.0319  1025.3882    25.3716    291.733    280.217  318.50696     91.594     87.962     0.3321     1.6447     3.7900     0.8715 2.2911e+01        572     0.3965  0.000e+00
      3.529   64.67644 -168.59558      3.564     4.4453     4.4315     4.4450    32.0186    32.0322  1025.3875    25.3708    291.577    280.381  318.50295     91.546     88.011     0.3333     1.6520     3.7900     0.8715 2.3106e+01        573     0.3972  0.000e+00
      3.529   64.67644 -168.59558      3.564     4.4453     4.4300     4.4450    32.0175    32.0326  1025.3866    25.3700    291.606    280.378  318.50556     91.554     88.007     0.3321     1.6447     3.7912     0.8702 2.3369e+01        574     0.3979  0.000e+00
      3.468   64.67644 -168.59558      3.502     4.4439     4.4306     4.4436    32.0182    32.0321  1025.3870    25.3706    291.641    280.353  318.51481     91.563     88.000     0.3333     1.6520     3.7900     0.8715 2.3435e+01        575     0.3986  0.000e+00
      3.529   64.67644 -168.59558      3.564     4.4440     4.4294     4.4438    32.0189    32.0325  1025.3878    25.3712    291.669    280.340  318.51181     91.572     87.994     0.3321     1.6447     3.7912     0.8702 2.3568e+01        576     0.3993  0.000e+00
      3.468   64.67644 -168.59558      3.502     4.4440     4.4252     4.4437    32.0196    32.0340  1025.3881    25.3717    291.695    280.340  318.51071     91.581     87.986     0.3321     1.6447     3.7900     0.8715 2.3768e+01        577     0.4000  0.000e+00
      3.468   64.67644 -168.59558      3.502     4.4448     4.4213     4.4446    32.0196    32.0345  1025.3880    25.3717    291.720    280.358  318.50409     91.591     87.983     0.3309     1.6373     3.7912     0.8702 2.3835e+01        578     0.4007  0.000e+00
      3.529   64.67644 -168.59558      3.564     4.4457     4.4163     4.4455    32.0192    32.0366  1025.3879    25.3713    291.748    280.380  318.49792     91.601     87.981     0.3321     1.6447     3.7900     0.8715 2.3903e+01        579     0.4014  0.000e+00
      3.468   64.67644 -168.59558      3.502     4.4461     4.4130     4.4458    32.0188    32.0384  1025.3872    25.3709    291.985    280.382  318.49654     91.676     87.976     0.3333     1.6520     3.7900     0.8715 2.3971e+01        580     0.4021  0.000e+00
      3.529   64.67644 -168.59558      3.564     4.4450     4.4130     4.4447    32.0187    32.0384  1025.3875    25.3709    292.029    280.364  318.50519     91.687     87.970     0.3321     1.6447     3.7912     0.8702 2.3971e+01        581     0.4028  0.000e+00
      3.468   64.67644 -168.59558      3.502     4.4440     4.4161     4.4438    32.0186    32.0379  1025.3873    25.3710    292.065    280.501  318.51248     91.697     88.020     0.3321     1.6447     3.7900     0.8715 2.4038e+01        582     0.4035  0.000e+00
      3.468   64.67644 -168.59558      3.502     4.4432     4.4185     4.4430    32.0190    32.0381  1025.3877    25.3714    292.133    280.290  318.51770     91.717     87.958     0.3321     1.6447     3.7900     0.8715 2.4175e+01        583     0.4042  0.000e+00
      3.468   64.67644 -168.59558      3.502     4.4440     4.4212     4.4438    32.0179    32.0374  1025.3868    25.3704    292.159    280.240  318.51416     91.726     87.948     0.3321     1.6447     3.7900     0.8715 2.4175e+01        584     0.4049  0.000e+00
      3.468   64.67644 -168.59558      3.502     4.4442     4.4252     4.4439    32.0167    32.0350  1025.3857    25.3694    292.190    280.179  318.51602     91.735     87.936     0.3321     1.6447     3.7900     0.8715 2.4175e+01        585     0.4056  0.000e+00
      3.468   64.67644 -168.59558      3.502     4.4410     4.4278     4.4408    32.0177    32.0337  1025.3869    25.3705    292.240    280.146  318.53765     91.744     87.930     0.3321     1.6447     3.7900     0.8715 2.4243e+01        586     0.4063  0.000e+00
      3.468   64.67644 -168.59558      3.502     4.4372     4.4285     4.4370    32.0193    32.0337  1025.3886    25.3722    292.292    280.121  318.56301     91.753     87.924     0.3333     1.6520     3.7900     0.8715 2.4312e+01        587     0.4069  0.000e+00
      3.468   64.67644 -168.59558      3.502     4.4348     4.4279     4.4346    32.0204    32.0351  1025.3896    25.3733    292.334    280.101  318.57896     91.762     87.917     0.3321     1.6447     3.7900     0.8715 2.4312e+01        588     0.4076  0.000e+00
      3.468   64.67644 -168.59558      3.502     4.4345     4.4308     4.4343    32.0218    32.0343  1025.3908    25.3745    292.564    280.056  318.57784     91.834     87.909     0.3333     1.6520     3.7900     0.8715 2.4312e+01        589     0.4083  0.000e+00
      3.468   64.67644 -168.59558      3.502     4.4378     4.4355     4.4376    32.0212    32.0330  1025.3900    25.3737    292.384    280.183  318.55369     91.785     87.957     0.3321     1.6447     3.7912     0.8702 2.4243e+01        590     0.4090  0.000e+00
      3.414   64.67644 -168.59558      3.447     4.4391     4.4383     4.4389    32.0220    32.0324  1025.3902    25.3742    292.389    280.150  318.54215     91.790     87.953     0.3321     1.6447     3.7900     0.8715 2.4312e+01        591     0.4097  0.000e+00
      3.491   64.67644 -168.59558      3.525     4.4424     4.4395     4.4422    32.0206    32.0314  1025.3891    25.3727    292.387    280.154  318.51987     91.796     87.956     0.3309     1.6373     3.7900     0.8715 2.4243e+01        592     0.4104  0.000e+00
      3.468   64.67644 -168.59558      3.502     4.4462     4.4391     4.4460    32.0189    32.0315  1025.3873    25.3710    292.377    280.161  318.49505     91.800     87.957     0.3321     1.6447     3.7900     0.8715 2.4175e+01        593     0.4111  0.000e+00
      3.414   64.67644 -168.59558      3.447     4.4486     4.4400     4.4484    32.0186    32.0303  1025.3865    25.3705    292.579    280.157  318.47737     91.868     87.957     0.3333     1.6520     3.7912     0.8702 2.4175e+01        594     0.4118  0.000e+00
      3.468   64.67644 -168.59558      3.502     4.4503     4.4411     4.4501    32.0178    32.0291  1025.3860    25.3697    292.581    280.153  318.46597     91.872     87.958     0.3321     1.6447     3.7912     0.8702 2.4175e+01        595     0.4125  0.000e+00
      3.468   64.67644 -168.59558      3.502     4.4507     4.4383     4.4504    32.0185    32.0311  1025.3865    25.3702    292.617    280.168  318.46196     91.884     87.957     0.3321     1.6447     3.7900     0.8715 2.4038e+01        596     0.4132  0.000e+00
      3.468   64.67644 -168.59558      3.502     4.4513     4.4362     4.4511    32.0175    32.0321  1025.3857    25.3693    292.652    280.197  318.45954     91.896     87.963     0.3321     1.6447     3.7900     0.8715 2.4038e+01        597     0.4139  0.000e+00
      3.414   64.67644 -168.59558      3.447     4.4511     4.4350     4.4509    32.0181    32.0332  1025.3859    25.3698    292.685    280.217  318.45929     91.907     87.967     0.3321     1.6447     3.7900     0.8715 2.4038e+01        598     0.4146  0.000e+00
      3.468   64.67644 -168.59558      3.502     4.4518     4.4356     4.4516    32.0174    32.0332  1025.3855    25.3692    292.716    280.206  318.45572     91.917     87.965     0.3321     1.6447     3.7900     0.8715 2.3971e+01        599     0.4153  0.000e+00
      3.468   64.67644 -168.59558      3.502     4.4518     4.4379     4.4516    32.0171    32.0323  1025.3853    25.3690    292.746    280.200  318.45637     91.927     87.968     0.3321     1.6447     3.7900     0.8715 2.3903e+01        600     0.4160  0.000e+00
      3.414   64.67644 -168.59558      3.447     4.4516     4.4398     4.4514    32.0175    32.0319  1025.3854    25.3693    292.740    280.172  318.45705     91.924     87.963     0.3333     1.6520     3.7900     0.8715 2.3903e+01        601     0.4167  0.000e+00
      3.468   64.67644 -168.59558      3.502     4.4520     4.4419     4.4517    32.0167    32.0310  1025.3850    25.3687    292.764    280.145  318.45609     91.932     87.958     0.3321     1.6447     3.7900     0.8715 2.3835e+01        602     0.4174  0.000e+00
      3.414   64.67644 -168.59558      3.447     4.4516     4.4436     4.4514    32.0170    32.0299  1025.3850    25.3689    292.785    280.136  318.45827     91.938     87.958     0.3333     1.6520     3.7900     0.8715 2.3768e+01        603     0.4181  0.000e+00
