EcoFOCI/data/1_SampleCollection/2023_SikuliaqDBO_CruiseData/CTD_raw_BottleFile_SKQ23-12S/proc/skq202312s_033avg.cnv
* Sea-Bird SBE 9 Data File:
* FileName = D:\CTD\SKQ202312S\SKQ202312S_033.hex
* Software Version Seasave V 7.26.7.121
* Temperature SN = 6177
* Conductivity SN = 0369
* Number of Bytes Per Scan = 41
* Number of Voltage Words = 4
* Number of Scans Averaged by the Deck Unit = 1
* NMEA Latitude = 71 34.65 N
* NMEA Longitude = 157 50.24 W
* NMEA UTC (Time) = Sep 21 2023  14:22:10
* NMEA baud rate = 4800
** Ship: R/V Sikuliaq
** Station Number: 033
** Station Name: DBO5.9
** Bottom Depth: 66
** Operator: SD
# nquan = 25
# nvalues = 58                          
# units = specified
# name 0 = depSM: Depth [salt water, m]
# name 1 = latitude: Latitude [deg]
# name 2 = longitude: Longitude [deg]
# name 3 = prDM: Pressure, Digiquartz [db]
# name 4 = t090C: Temperature [ITS-90, deg C]
# name 5 = t190C: Temperature, 2 [ITS-90, deg C]
# name 6 = potemp090C: Potential Temperature [ITS-90, deg C]
# name 7 = sal00: Salinity, Practical [PSU]
# name 8 = sal11: Salinity, Practical, 2 [PSU]
# name 9 = density00: Density [density, kg/m^3]
# name 10 = sigma-é00: Density [sigma-theta, kg/m^3]
# name 11 = sbox0Mm/Kg: Oxygen, SBE 43 [umol/kg]
# name 12 = sbox1Mm/Kg: Oxygen, SBE 43, 2 [umol/kg]
# name 13 = oxsolMm/Kg: Oxygen Saturation, Garcia & Gordon [umol/kg]
# name 14 = sbeox0PS: Oxygen, SBE 43 [% saturation]
# name 15 = sbeox1PS: Oxygen, SBE 43, 2 [% saturation]
# name 16 = v0: Voltage 0
# name 17 = flECO-AFL: Fluorescence, WET Labs ECO-AFL/FL [mg/m^3]
# name 18 = v1: Voltage 1
# name 19 = CStarAt0: Beam Attenuation, WET Labs C-Star [1/m]
# name 20 = par: PAR/Irradiance, Biospherical/Licor
# name 21 = scan: Scan Count
# name 22 = timeM: Time, Elapsed [minutes]
# name 23 = nbin: number of scans per bin
# name 24 = flag: flag
# span 0 =      2.969,     59.378       
# span 1 =   71.57744,   71.57752       
# span 2 = -157.83779, -157.83734       
# span 3 =      3.000,     60.000       
# span 4 =    -1.6339,     2.2346       
# span 5 =    -1.6329,     2.2367       
# span 6 =    -1.6350,     2.2344       
# span 7 =    30.0738,    32.8990       
# span 8 =    30.0829,    32.9090       
# span 9 =  1024.0294,  1026.7580       
# span 10 =    24.0114,    26.4688      
# span 11 =    273.281,    442.323      
# span 12 =    259.069,    426.297      
# span 13 =  341.29863,  369.45600      
# span 14 =     73.980,    121.351      
# span 15 =     70.140,    116.955      
# span 16 =     0.0680,     0.1543      
# span 17 =     0.0597,     0.5781      
# span 18 =     2.8335,     4.1775      
# span 19 =     0.4819,     2.0354      
# span 20 = 2.1603e-06, 3.5821e-01      
# span 21 =         30,       5961      
# span 22 =     0.0202,     4.1386      
# span 23 =         21,        515      
# span 24 = 0.0000e+00, 0.0000e+00      
# interval = decibars: 1                
# start_time = Sep 21 2023 14:28:00 [NMEA time, first data scan]
# bad_flag = -9.990e-29
*END*
      2.969   71.57744 -157.83779      3.000     2.2328     2.2366     2.2327    30.0786    30.0878  1024.0294    24.0151    356.449    338.114  341.32788    104.430     99.075     0.1439     0.5153     4.1500     0.5084 3.5821e-01         30     0.0202         61 0.0000e+00
      3.959   71.57746 -157.83777      4.000     2.2346     2.2367     2.2344    30.0774    30.0858  1024.0330    24.0141    356.041    338.147  341.31564    104.314     99.083     0.1485     0.5431     4.1502     0.5082 3.2929e-01        285     0.1972        332 0.0000e+00
      4.949   71.57746 -157.83774      5.000     2.2325     2.2336     2.2323    30.0738    30.0829  1024.0351    24.0114    356.094    338.597  341.34264    104.322     99.205     0.1508     0.5570     4.1512     0.5072 2.2431e-01        539     0.3739        168 0.0000e+00
      5.939   71.57746 -157.83772      6.000     2.2311     2.2333     2.2308    30.0741    30.0833  1024.0401    24.0117    355.793    337.967  341.35405    104.230     99.020     0.1498     0.5506     4.1513     0.5071 1.6072e-01        681     0.4720        144 0.0000e+00
      6.928   71.57746 -157.83772      7.000     2.2337     2.2362     2.2334    30.0745    30.0837  1024.0450    24.0118    355.957    338.470  341.33075    104.285     99.175     0.1494     0.5485     4.1514     0.5070 8.7402e-02        845     0.5864        116 0.0000e+00
      7.918   71.57747 -157.83770      8.000     2.2340     2.2360     2.2336    30.0742    30.0835  1024.0495    24.0116    355.328    338.675  341.32896    104.101     99.235     0.1464     0.5301     4.1474     0.5108 1.4930e-02        974     0.6758        103 0.0000e+00
      8.908   71.57746 -157.83768      9.000     2.2314     2.2289     2.2310    30.0945    30.1204  1024.0706    24.0280    355.258    337.727  341.29863    104.090     98.967     0.1503     0.5536     4.1509     0.5074 3.3617e-02       1116     0.7743        166 0.0000e+00
      9.898   71.57746 -157.83768     10.000     2.0814     2.0953     2.0810    30.4130    30.4005  1024.3403    24.2929    357.267    339.071  341.76244    104.536     99.238     0.1482     0.5415     4.1523     0.5061 1.1551e-02       1220     0.8465         33 0.0000e+00
     10.887   71.57746 -157.83766     11.000     0.6470     0.6635     0.6466    31.4556    31.4453  1025.2669    25.2144    378.874    364.135  351.73105    107.747    103.580     0.1543     0.5781     4.1303     0.5274 2.4657e-03       1352     0.9382        102 0.0000e+00
     11.877   71.57746 -157.83764     12.000    -0.2855    -0.2976    -0.2859    31.7134    31.7341  1025.5244    25.4669    426.935    399.488  359.63004    118.753    111.090     0.1478     0.5390     4.1256     0.5320 8.2165e-04       1561     1.0833        185 0.0000e+00
     12.867   71.57746 -157.83763     13.000    -0.5173    -0.6171    -0.5177    31.7508    31.7990  1025.5665    25.5041    427.694    407.254  361.79272    118.216    112.306     0.1251     0.4026     4.1472     0.5111 1.6989e-04       1678     1.1643        172 0.0000e+00
     13.857   71.57746 -157.83762     14.000    -0.8343    -0.8366    -0.8347    31.8691    31.8784  1025.6784    25.6110    442.323    426.297  364.50192    121.351    116.955     0.1198     0.3707     4.1554     0.5032 2.9615e-06       1804     1.2521         37 0.0000e+00
     14.846   71.57748 -157.83762     15.000    -0.9210    -0.9378    -0.9213    31.9508    31.9723  1025.7522    25.6799    434.283    417.700  365.11143    118.946    114.372     0.1148     0.3408     4.1540     0.5045 2.8004e-06       1885     1.3082        124 0.0000e+00
     15.836   71.57748 -157.83760     16.000    -0.9099    -0.9068    -0.9103    32.0527    32.0623  1025.8392    25.7621    418.726    399.044  364.71105    114.810    109.431     0.1152     0.3430     4.1491     0.5092 4.1092e-06       1966     1.3647         37 0.0000e+00
     16.826   71.57748 -157.83760     17.000    -1.0029    -1.0123    -1.0032    32.1136    32.1272  1025.8962    25.8143    405.948    386.810  365.44283    111.087    105.835     0.1102     0.3132     4.1281     0.5296 3.1437e-06       2028     1.4078        101 0.0000e+00
     17.815   71.57748 -157.83758     18.000    -1.1018    -1.1027    -1.1021    32.1594    32.1710  1025.9412    25.8544    368.785    350.963  366.27881    100.684     95.824     0.1102     0.3130     4.1471     0.5111 2.1603e-06       2114     1.4672         42 0.0000e+00
     18.805   71.57748 -157.83758     19.000    -1.1516    -1.1493    -1.1520    32.1913    32.2015  1025.9734    25.8818    360.495    341.526  366.67567     98.314     93.154     0.1062     0.2889     4.1495     0.5088 3.4207e-06       2171     1.5071         90 0.0000e+00
     19.795   71.57748 -157.83758     20.000    -1.1399    -1.1387    -1.1403    32.2140    32.2244  1025.9962    25.8998    351.513    335.433  366.49528     95.912     91.535     0.1051     0.2825     4.1513     0.5071 3.0674e-06       2238     1.5535         33 0.0000e+00
     20.784   71.57749 -157.83756     21.000    -1.2013    -1.1997    -1.2017    32.2345    32.2447  1026.0195    25.9182    350.616    334.083  367.03982     95.525     91.032     0.0949     0.2214     4.1522     0.5062 4.1558e-06       2296     1.5938         94 0.0000e+00
     21.774   71.57748 -157.83756     22.000    -1.2597    -1.2587    -1.2601    32.2509    32.2648  1026.0392    25.9331    348.077    331.022  367.56893     94.697     90.069     0.0917     0.2022     4.1508     0.5077 4.5763e-06       2365     1.6418         26 0.0000e+00
     22.764   71.57748 -157.83755     23.000    -1.3353    -1.3332    -1.3357    32.2825    32.2927  1026.0718    25.9608    347.413    330.484  368.22370     94.348     89.763     0.0881     0.1803     4.1618     0.4970 5.6944e-06       2388     1.6578         28 0.0000e+00
     23.753   71.57750 -157.83754     24.000    -1.3464    -1.3528    -1.3469    32.2923    32.3077  1026.0848    25.9690    344.413    326.850  368.30574     93.513     88.740     0.0863     0.1696     4.1626     0.4963 6.5243e-06       2482     1.7229         94 0.0000e+00
     24.743   71.57750 -157.83754     25.000    -1.3195    -1.3164    -1.3200    32.3350    32.3442  1026.1236    26.0030    340.189    322.516  367.91529     92.464     87.674     0.0822     0.1451     4.1669     0.4921 5.3483e-06       2523     1.7514         27 0.0000e+00
     25.733   71.57749 -157.83752     26.000    -1.3744    -1.3730    -1.3749    32.3507    32.3617  1026.1426    26.0171    340.836    322.559  368.41353     92.515     87.564     0.0831     0.1510     4.1681     0.4910 5.4480e-06       2564     1.7800         59 0.0000e+00
     26.722   71.57750 -157.83751     27.000    -1.3268    -1.3223    -1.3273    32.3680    32.3776  1026.1601    26.0299    342.974    324.581  367.89180     93.227     88.245     0.0840     0.1561     4.1706     0.4886 4.8895e-06       2625     1.8224         59 0.0000e+00
     27.712   71.57750 -157.83750     28.000    -1.2987    -1.2986    -1.2992    32.3778    32.3891  1026.1722    26.0371    340.193    322.599  367.58489     92.548     87.770     0.0821     0.1448     4.1501     0.5083 6.1453e-06       2697     1.8722         62 0.0000e+00
     28.702   71.57750 -157.83750     29.000    -1.4471    -1.4489    -1.4476    32.3885    32.4014  1026.1897    26.0496    340.387    322.729  369.02507     92.239     87.459     0.0804     0.1344     4.1530     0.5055 4.5271e-06       2735     1.8985         28 0.0000e+00
     29.691   71.57750 -157.83750     30.000    -1.4781    -1.4766    -1.4787    32.4121    32.4226  1026.2145    26.0696    339.625    321.908  369.26435     91.973     87.186     0.0789     0.1253     4.1775     0.4819 7.0247e-06       2766     1.9203         39 0.0000e+00
     30.681   71.57750 -157.83749     31.000    -1.4830    -1.4822    -1.4836    32.4286    32.4404  1026.2328    26.0831    329.670    311.876  369.26501     89.278     84.468     0.0770     0.1143     4.1387     0.5194 4.1931e-06       2835     1.9679         78 0.0000e+00
     31.671   71.57750 -157.83748     32.000    -1.4963    -1.4947    -1.4968    32.4544    32.4651  1026.2589    26.1044    320.311    304.289  369.32183     86.730     82.402     0.0775     0.1173     4.1572     0.5014 5.0273e-06       2885     2.0025         42 0.0000e+00
     32.660   71.57750 -157.83748     33.000    -1.4931    -1.4906    -1.4937    32.4697    32.4803  1026.2761    26.1168    316.850    300.474  369.24575     85.810     81.387     0.0849     0.1616     4.1660     0.4929 5.2280e-06       2940     2.0407         60 0.0000e+00
     33.650   71.57750 -157.83748     34.000    -1.4821    -1.4808    -1.4827    32.4790    32.4897  1026.2882    26.1240    317.285    299.990  369.10890     85.960     81.284     0.0863     0.1699     4.1680     0.4910 3.9978e-06       2992     2.0768         47 0.0000e+00
     34.640   71.57750 -157.83747     35.000    -1.5047    -1.5051    -1.5054    32.4875    32.4989  1026.3005    26.1315    316.903    299.873  369.30961     85.810     81.205     0.0805     0.1350     4.1684     0.4907 4.6687e-06       3043     2.1125         56 0.0000e+00
     35.629   71.57750 -157.83746     36.000    -1.5288    -1.5264    -1.5294    32.5194    32.5319  1026.3318    26.1580    313.702    296.939  369.45600     84.909     80.385     0.0785     0.1234     4.1626     0.4963 5.0993e-06       3100     2.1519         50 0.0000e+00
     36.619   71.57750 -157.83746     37.000    -1.5060    -1.5041    -1.5067    32.5402    32.5502  1026.3530    26.1744    313.168    297.095  369.16875     84.831     80.487     0.0764     0.1104     4.1586     0.5001 5.6667e-06       3140     2.1801         33 0.0000e+00
     37.608   71.57750 -157.83745     38.000    -1.5031    -1.5014    -1.5038    32.5371    32.5496  1026.3552    26.1718    311.834    295.175  369.14823     84.474     79.973     0.0758     0.1069     4.1329     0.5250 5.4529e-06       3199     2.2211        103 0.0000e+00
     38.598   71.57750 -157.83744     39.000    -1.5034    -1.5023    -1.5041    32.5506    32.5630  1026.3710    26.1827    312.235    295.830  369.11206     84.591     80.157     0.0763     0.1096     4.1455     0.5127 6.0983e-06       3277     2.2753         28 0.0000e+00
     39.588   71.57750 -157.83744     40.000    -1.5153    -1.5140    -1.5160    32.5659    32.5765  1026.3886    26.1955    312.483    295.864  369.18603     84.641     80.149     0.0748     0.1005     4.1114     0.5457 5.4107e-06       3299     2.2906         25 0.0000e+00
     40.577   71.57750 -157.83743     41.000    -1.5181    -1.5160    -1.5189    32.5714    32.5807  1026.3979    26.1999    312.093    295.080  369.19837     84.532     79.935     0.0754     0.1045     4.1245     0.5331 5.9128e-06       3344     2.3213         87 0.0000e+00
     41.567   71.57752 -157.83742     42.000    -1.5214    -1.5204    -1.5221    32.5826    32.5935  1026.4119    26.2091    309.232    293.751  369.19767     83.758     79.573     0.0769     0.1135     4.1340     0.5238 5.7468e-06       3429     2.3805         44 0.0000e+00
     42.556   71.57750 -157.83742     43.000    -1.5265    -1.5249    -1.5273    32.5990    32.6092  1026.4302    26.2226    308.573    293.093  369.20066     83.579     79.395     0.0754     0.1043     4.1484     0.5099 5.4425e-06       3458     2.4006         28 0.0000e+00
     43.546   71.57751 -157.83742     44.000    -1.5334    -1.5326    -1.5342    32.6148    32.6264  1026.4480    26.2356    308.443    292.776  369.22385     83.538     79.304     0.0713     0.0800     4.1605     0.4982 6.3519e-06       3500     2.4296         68 0.0000e+00
     44.536   71.57752 -157.83740     45.000    -1.5376    -1.5377    -1.5384    32.6255    32.6394  1026.4616    26.2443    305.696    290.315  369.23395     82.792     78.635     0.0713     0.0796     4.1647     0.4943 5.1454e-06       3589     2.4918         60 0.0000e+00
     45.525   71.57752 -157.83740     46.000    -1.5446    -1.5432    -1.5455    32.6417    32.6523  1026.4798    26.2577    305.277    289.890  369.25693     82.673     78.516     0.0680     0.0597     4.1610     0.4978 4.9298e-06       3620     2.5131         31 0.0000e+00
     46.515   71.57752 -157.83739     47.000    -1.5548    -1.5540    -1.5556    32.6668    32.6792  1026.5053    26.2783    305.139    288.446  369.28459     82.630     78.119     0.0681     0.0605     4.1497     0.5086 5.7774e-06       3658     2.5399         48 0.0000e+00
     47.504   71.57752 -157.83738     48.000    -1.5560    -1.5536    -1.5569    32.7058    32.7185  1026.5418    26.3101    301.751    286.089  369.18271     81.735     77.505     0.0692     0.0671     4.1194     0.5380 6.7869e-06       3732     2.5908         76 0.0000e+00
     48.494   71.57752 -157.83738     49.000    -1.5610    -1.5597    -1.5619    32.7207    32.7312  1026.5588    26.3222    298.944    283.420  369.18968     80.973     76.777     0.0687     0.0643     4.1026     0.5543 5.5174e-06       3781     2.6253         32 0.0000e+00
     49.483   71.57752 -157.83738     50.000    -1.5661    -1.5645    -1.5670    32.7350    32.7454  1026.5754    26.3340    297.912    281.867  369.19832     80.692     76.355     0.0700     0.0721     4.0578     0.5984 6.8906e-06       3808     2.6438         28 0.0000e+00
     50.473   71.57752 -157.83736     51.000    -1.5639    -1.5622    -1.5649    32.7331    32.7432  1026.5786    26.3324    293.949    278.927  369.18295     79.622     75.562     0.0717     0.0825     3.9760     0.6798 5.7031e-06       3904     2.7107        114 0.0000e+00
     51.462   71.57752 -157.83738     52.000    -1.5707    -1.5697    -1.5716    32.7653    32.7782  1026.6098    26.3587    292.454    278.290  369.15574     79.222     75.395     0.0700     0.0720     3.9832     0.6726 7.2668e-06       3949     2.7418         21 0.0000e+00
     52.452   71.57752 -157.83738     53.000    -1.5702    -1.5685    -1.5712    32.7836    32.7948  1026.6294    26.3736    292.844    277.521  369.09753     79.341     75.199     0.0699     0.0713     3.8877     0.7698 6.9311e-06       3971     2.7566         22 0.0000e+00
     53.441   71.57752 -157.83736     54.000    -1.5723    -1.5743    -1.5733    32.8160    32.8349  1026.6606    26.4000    291.742    275.322  369.02385     79.058     74.615     0.0696     0.0696     3.8148     0.8454 5.7704e-06       4032     2.7991         87 0.0000e+00
     54.431   71.57752 -157.83736     55.000    -1.6125    -1.6198    -1.6135    32.8778    32.9023  1026.7167    26.4511    287.908    272.243  369.24404     77.972     73.730     0.0709     0.0775     3.5639     1.1294 5.1443e-06       4089     2.8389         38 0.0000e+00
     55.420   71.57752 -157.83734     56.000    -1.6285    -1.6279    -1.6295    32.8942    32.9061  1026.7353    26.4649    275.411    259.922  369.35559     74.565     70.379     0.0759     0.1071     2.8977     1.9387 4.9885e-06       4622     3.2088        515 0.0000e+00
     56.410   71.57752 -157.83735     57.000    -1.6295    -1.6273    -1.6305    32.8964    32.9064  1026.7419    26.4667    274.031    259.540  369.35875     74.191     70.277     0.0758     0.1070     2.8865     1.9607 5.6809e-06       5100     3.5412        119 0.0000e+00
     57.399   71.57752 -157.83736     58.000    -1.6335    -1.6314    -1.6345    32.8990    32.9088  1026.7489    26.4688    273.882    259.676  369.39116     74.144     70.308     0.0755     0.1051     2.8740     1.9786 6.2365e-06       5076     3.5241         31 0.0000e+00
     58.389   71.57752 -157.83738     59.000    -1.6316    -1.6317    -1.6327    32.8978    32.9090  1026.7527    26.4678    274.612    260.067  369.37675     74.345     70.413     0.0762     0.1094     2.8580     2.0009 5.5744e-06       5236     3.6351         52 0.0000e+00
