EcoFOCI/data/1_SampleCollection/2023_SikuliaqDBO_CruiseData/CTD_raw_BottleFile_SKQ23-12S/proc/skq202312s_014.cnv
* Sea-Bird SBE 9 Data File:
* FileName = D:\CTD\SKQ202312S\SKQ202312S_014.hex
* Software Version Seasave V 7.26.7.121
* Temperature SN = 6177
* Conductivity SN = 0369
* Number of Bytes Per Scan = 41
* Number of Voltage Words = 4
* Number of Scans Averaged by the Deck Unit = 1
* NMEA Latitude = 64 40.15 N
* NMEA Longitude = 169 55.22 W
* NMEA UTC (Time) = Sep 17 2023  08:29:33
* NMEA baud rate = 4800
** Ship: R/V Sikuliaq
** Station Number: 014
** Station Name: DBO2.1
** Bottom Depth: 47
** Operator: SS
# nquan = 24
# nvalues = 6248                                  
# units = specified
# name 0 = depSM: Depth [salt water, m]
# name 1 = latitude: Latitude [deg]
# name 2 = longitude: Longitude [deg]
# name 3 = prDM: Pressure, Digiquartz [db]
# name 4 = t090C: Temperature [ITS-90, deg C]
# name 5 = t190C: Temperature, 2 [ITS-90, deg C]
# name 6 = potemp090C: Potential Temperature [ITS-90, deg C]
# name 7 = sal00: Salinity, Practical [PSU]
# name 8 = sal11: Salinity, Practical, 2 [PSU]
# name 9 = density00: Density [density, kg/m^3]
# name 10 = sigma-é00: Density [sigma-theta, kg/m^3]
# name 11 = sbox0Mm/Kg: Oxygen, SBE 43 [umol/kg]
# name 12 = sbox1Mm/Kg: Oxygen, SBE 43, 2 [umol/kg]
# name 13 = oxsolMm/Kg: Oxygen Saturation, Garcia & Gordon [umol/kg]
# name 14 = sbeox0PS: Oxygen, SBE 43 [% saturation]
# name 15 = sbeox1PS: Oxygen, SBE 43, 2 [% saturation]
# name 16 = v0: Voltage 0
# name 17 = flECO-AFL: Fluorescence, WET Labs ECO-AFL/FL [mg/m^3]
# name 18 = v1: Voltage 1
# name 19 = CStarAt0: Beam Attenuation, WET Labs C-Star [1/m]
# name 20 = par: PAR/Irradiance, Biospherical/Licor
# name 21 = scan: Scan Count
# name 22 = timeM: Time, Elapsed [minutes]
# name 23 = flag:  0.000e+00
# span 0 =      1.589,     41.088                 
# span 1 =   64.66922,   64.66926                 
# span 2 = -169.92028, -169.92020                 
# span 3 =      1.605,     41.498                 
# span 4 =     2.2405,     2.8691                 
# span 5 =     2.2414,     2.8701                 
# span 6 =     2.2404,     2.8680                 
# span 7 =    32.5535,    33.0245                 
# span 8 =    32.5026,    33.0333                 
# span 9 =  1026.0000,  1026.5178                 
# span 10 =    25.9883,    26.3240                
# span 11 =    225.340,    299.157                
# span 12 =    212.933,    286.292                
# span 13 =  328.51818,  334.83536                
# span 14 =     68.503,     89.354                
# span 15 =     64.748,     85.518                
# span 16 =     0.2271,     0.6496                
# span 17 =     1.0146,     3.5494                
# span 18 =     3.5470,     3.8327                
# span 19 =     0.8266,     1.1366                
# span 20 = 1.0000e-12, 7.3263e-01                
# span 21 =          1,       6248                
# span 22 =     0.0000,     4.3382                
# span 23 = 0.0000e+00, 0.0000e+00                
# interval = seconds: 0.0416667
# start_time = Sep 17 2023 08:33:36 [NMEA time, first data scan]
# bad_flag = -9.990e-29
*END*
[from data line 5555]
     40.636   64.66924 -169.92022     41.042     2.8143     2.8131     2.8120    33.0209    33.0306  1026.5142    26.3215    226.516    216.927  328.93928     68.863     65.950     0.2845     1.3590     3.5922     1.0859 1.0000e-12       5556     3.8576  0.000e+00
     40.628   64.66924 -169.92022     41.034     2.8142     2.8130     2.8119    33.0211    33.0306  1026.5144    26.3217    226.561    216.916  328.93996     68.876     65.947     0.2857     1.3663     3.5922     1.0859 1.0000e-12       5557     3.8583  0.000e+00
     40.690   64.66924 -169.92022     41.096     2.8142     2.8131     2.8119    33.0207    33.0299  1026.5144    26.3214    226.572    216.903  328.94096     68.879     65.943     0.2845     1.3590     3.5922     1.0859 1.0000e-12       5558     3.8590  0.000e+00
     40.636   64.66924 -169.92022     41.042     2.8141     2.8131     2.8118    33.0213    33.0305  1026.5146    26.3219    226.579    216.884  328.94026     68.882     65.937     0.2857     1.3663     3.5910     1.0873 1.0000e-12       5559     3.8597  0.000e+00
     40.690   64.66924 -169.92022     41.096     2.8141     2.8130     2.8118    33.0206    33.0306  1026.5143    26.3213    226.554    216.866  328.94206     68.873     65.932     0.2845     1.3590     3.5836     1.0955 1.0000e-12       5560     3.8604  0.000e+00
     40.628   64.66924 -169.92022     41.034     2.8141     2.8131     2.8118    33.0208    33.0303  1026.5141    26.3215    226.559    217.036  328.94168     68.875     65.983     0.2857     1.3663     3.5751     1.1050 1.0000e-12       5561     3.8611  0.000e+00
     40.752   64.66924 -169.92022     41.159     2.8141     2.8130     2.8118    33.0209    33.0304  1026.5148    26.3215    226.570    216.841  328.94144     68.879     65.924     0.2845     1.3590     3.5726     1.1078 1.0000e-12       5562     3.8618  0.000e+00
     40.690   64.66924 -169.92022     41.096     2.8137     2.8128     2.8114    33.0210    33.0309  1026.5146    26.3217    226.396    216.810  328.94376     68.825     65.914     0.2845     1.3590     3.5739     1.1064 1.0000e-12       5563     3.8625  0.000e+00
     40.690   64.66924 -169.92022     41.096     2.8139     2.8131     2.8116    33.0205    33.0306  1026.5143    26.3213    226.333    216.800  328.94357     68.806     65.912     0.2857     1.3663     3.5739     1.1064 1.0000e-12       5564     3.8632  0.000e+00
     40.752   64.66924 -169.92022     41.159     2.8136     2.8131     2.8113    33.0210    33.0303  1026.5150    26.3217    226.237    216.987  328.94494     68.777     65.969     0.2845     1.3590     3.5751     1.1050 1.0000e-12       5565     3.8639  0.000e+00
     40.682   64.66924 -169.92022     41.088     2.8137     2.8130     2.8114    33.0205    33.0305  1026.5142    26.3213    226.427    216.800  328.94486     68.834     65.911     0.2857     1.3663     3.5751     1.1050 1.0000e-12       5566     3.8646  0.000e+00
     40.752   64.66924 -169.92022     41.159     2.8137     2.8131     2.8114    33.0208    33.0302  1026.5147    26.3215    226.438    216.762  328.94435     68.838     65.900     0.2845     1.3590     3.5739     1.1064 1.0000e-12       5567     3.8653  0.000e+00
     40.752   64.66924 -169.92022     41.159     2.8136     2.8131     2.8113    33.0211    33.0305  1026.5150    26.3218    226.447    216.719  328.94484     68.840     65.887     0.2857     1.3663     3.5751     1.1050 1.0000e-12       5568     3.8660  0.000e+00
     40.752   64.66924 -169.92022     41.159     2.8139     2.8133     2.8116    33.0205    33.0305  1026.5145    26.3213    226.600    216.673  328.94366     68.887     65.873     0.2845     1.3590     3.5751     1.1050 1.0000e-12       5569     3.8667  0.000e+00
     40.744   64.66924 -169.92022     41.151     2.8137     2.8133     2.8114    33.0208    33.0306  1026.5148    26.3216    226.203    216.625  328.94414     68.766     65.859     0.2857     1.3663     3.5751     1.1050 1.0000e-12       5570     3.8674  0.000e+00
     40.752   64.66924 -169.92022     41.159     2.8137     2.8133     2.8114    33.0209    33.0308  1026.5149    26.3216    226.173    216.379  328.94394     68.757     65.784     0.2845     1.3590     3.5739     1.1064 1.0000e-12       5571     3.8681  0.000e+00
     40.752   64.66924 -169.92022     41.159     2.8137     2.8135     2.8114    33.0208    33.0305  1026.5147    26.3215    226.145    216.522  328.94435     68.749     65.828     0.2857     1.3663     3.5739     1.1064 1.0000e-12       5572     3.8687  0.000e+00
     40.806   64.66924 -169.92022     41.213     2.8137     2.8136     2.8114    33.0210    33.0302  1026.5152    26.3217    226.557    216.493  328.94361     68.874     65.819     0.2857     1.3663     3.5751     1.1050 1.0000e-12       5573     3.8694  0.000e+00
     40.744   64.66924 -169.92022     41.151     2.8139     2.8136     2.8116    33.0206    33.0304  1026.5146    26.3213    226.379    216.458  328.94344     68.820     65.808     0.2845     1.3590     3.5739     1.1064 1.0000e-12       5574     3.8701  0.000e+00
     40.806   64.66924 -169.92022     41.213     2.8137     2.8136     2.8114    33.0208    33.0303  1026.5150    26.3215    226.352    216.230  328.94422     68.812     65.739     0.2894     1.3883     3.5751     1.1050 1.0000e-12       5575     3.8708  0.000e+00
     40.806   64.66924 -169.92022     41.213     2.8136     2.8136     2.8113    33.0208    33.0304  1026.5150    26.3215    226.359    216.171  328.94552     68.814     65.721     0.2906     1.3956     3.5739     1.1064 1.0000e-12       5576     3.8715  0.000e+00
     40.806   64.66924 -169.92022     41.213     2.8137     2.8137     2.8114    33.0206    33.0304  1026.5149    26.3214    226.364    216.135  328.94473     68.815     65.710     0.2918     1.4029     3.5751     1.1050 1.0000e-12       5577     3.8722  0.000e+00
     40.806   64.66924 -169.92022     41.213     2.8136     2.8136     2.8113    33.0208    33.0306  1026.5150    26.3215    226.371    216.100  328.94563     68.817     65.700     0.2906     1.3956     3.5739     1.1064 1.0000e-12       5578     3.8729  0.000e+00
     40.798   64.66924 -169.92022     41.205     2.8134     2.8138     2.8111    33.0208    33.0304  1026.5150    26.3215    226.378    216.064  328.94692     68.819     65.689     0.2918     1.4029     3.5739     1.1064 1.0000e-12       5579     3.8736  0.000e+00
     40.806   64.66924 -169.92022     41.213     2.8135     2.8138     2.8112    33.0206    33.0306  1026.5149    26.3214    226.384    216.028  328.94693     68.821     65.678     0.2906     1.3956     3.5861     1.0927 1.0000e-12       5580     3.8743  0.000e+00
     40.806   64.66924 -169.92022     41.213     2.8129     2.8139     2.8106    33.0211    33.0303  1026.5154    26.3219    226.392    215.992  328.94993     68.823     65.667     0.2906     1.3956     3.6056     1.0710 1.0000e-12       5581     3.8750  0.000e+00
     40.806   64.66924 -169.92022     41.213     2.8131     2.8138     2.8108    33.0207    33.0306  1026.5150    26.3215    226.398    215.957  328.94964     68.824     65.657     0.2930     1.4102     3.6105     1.0656 1.0000e-12       5582     3.8757  0.000e+00
     40.860   64.66924 -169.92022     41.268     2.8128     2.8138     2.8105    33.0208    33.0307  1026.5153    26.3216    225.970    215.899  328.95222     68.694     65.639     0.2918     1.4029     3.6105     1.0656 1.0000e-12       5583     3.8764  0.000e+00
     40.806   64.66924 -169.92022     41.213     2.8126     2.8139     2.8103    33.0211    33.0303  1026.5154    26.3219    226.344    215.861  328.95264     68.808     65.627     0.2930     1.4102     3.6093     1.0669 1.0000e-12       5584     3.8771  0.000e+00
     40.806   64.66924 -169.92022     41.213     2.8125     2.8139     2.8101    33.0214    33.0305  1026.5156    26.3221    226.354    215.824  328.95333     68.810     65.616     0.2918     1.4029     3.6093     1.0669 1.0000e-12       5585     3.8778  0.000e+00
     40.868   64.66924 -169.92022     41.275     2.8125     2.8139     2.8101    33.0212    33.0302  1026.5157    26.3219    226.365    215.594  328.95382     68.814     65.546     0.2918     1.4029     3.6081     1.0683 1.0000e-12       5586     3.8785  0.000e+00
     40.798   64.66924 -169.92022     41.205     2.8126     2.8136     2.8103    33.0211    33.0306  1026.5153    26.3219    226.371    215.559  328.95262     68.816     65.535     0.2906     1.3956     3.6081     1.0683 1.0000e-12       5587     3.8792  0.000e+00
     40.868   64.66924 -169.92022     41.275     2.8125     2.8138     2.8101    33.0211    33.0303  1026.5157    26.3219    226.383    215.528  328.95402     68.819     65.526     0.2918     1.4029     3.6093     1.0669 1.0000e-12       5588     3.8799  0.000e+00
     40.806   64.66924 -169.92022     41.213     2.8126     2.8138     2.8103    33.0209    33.0301  1026.5152    26.3217    226.389    215.496  328.95314     68.821     65.516     0.2906     1.3956     3.6093     1.0669 1.0000e-12       5589     3.8806  0.000e+00
     40.868   64.66924 -169.92022     41.275     2.8123     2.8136     2.8100    33.0212    33.0305  1026.5158    26.3220    226.401    215.470  328.95502     68.824     65.508     0.2918     1.4029     3.6081     1.0683 1.0000e-12       5590     3.8813  0.000e+00
     40.868   64.66924 -169.92022     41.275     2.8123     2.8136     2.8100    33.0214    33.0305  1026.5159    26.3221    226.191    215.443  328.95451     68.761     65.500     0.2930     1.4102     3.6081     1.0683 1.0000e-12       5591     3.8819  0.000e+00
     40.860   64.66924 -169.92022     41.268     2.8121     2.8138     2.8098    33.0212    33.0307  1026.5157    26.3220    226.167    215.416  328.95642     68.753     65.492     0.2906     1.3956     3.6093     1.0669 1.0000e-12       5592     3.8826  0.000e+00
     40.806   64.66924 -169.92022     41.213     2.8121     2.8139     2.8098    33.0212    33.0305  1026.5155    26.3219    226.142    215.195  328.95645     68.745     65.425     0.2918     1.4029     3.6093     1.0669 1.0000e-12       5593     3.8833  0.000e+00
     40.868   64.66924 -169.92022     41.275     2.8123     2.8139     2.8100    33.0205    33.0302  1026.5152    26.3214    226.122    215.155  328.95685     68.739     65.413     0.2906     1.3956     3.6081     1.0683 1.0000e-12       5594     3.8840  0.000e+00
     40.806   64.66924 -169.92022     41.213     2.8121     2.8141     2.8098    33.0207    33.0304  1026.5151    26.3216    226.100    215.111  328.95756     68.732     65.400     0.2930     1.4102     3.6081     1.0683 1.0000e-12       5595     3.8847  0.000e+00
     40.860   64.66924 -169.92022     41.268     2.8121     2.8141     2.8098    33.0212    33.0306  1026.5158    26.3220    226.081    215.075  328.95632     68.727     65.389     0.2906     1.3956     3.6081     1.0683 1.0000e-12       5596     3.8854  0.000e+00
     40.868   64.66924 -169.92022     41.275     2.8120     2.8141     2.8097    33.0212    33.0304  1026.5158    26.3220    226.283    215.041  328.95713     68.788     65.379     0.2906     1.3956     3.6093     1.0669 1.0000e-12       5597     3.8861  0.000e+00
     40.806   64.66924 -169.92022     41.213     2.8119     2.8142     2.8096    33.0211    33.0308  1026.5154    26.3219    226.300    215.007  328.95875     68.793     65.368     0.2906     1.3956     3.6081     1.0683 1.0000e-12       5598     3.8868  0.000e+00
     40.868   64.66924 -169.92022     41.275     2.8120     2.8142     2.8097    33.0211    33.0306  1026.5157    26.3219    226.319    214.980  328.95753     68.799     65.360     0.2906     1.3956     3.6093     1.0669 1.0000e-12       5599     3.8875  0.000e+00
     40.860   64.66924 -169.92022     41.268     2.8119     2.8144     2.8096    33.0210    33.0302  1026.5156    26.3218    226.119    214.954  328.95913     68.738     65.352     0.3016     1.4615     3.6093     1.0669 1.0000e-12       5600     3.8882  0.000e+00
     40.806   64.66924 -169.92022     41.213     2.8121     2.8144     2.8098    33.0210    33.0302  1026.5153    26.3218    226.318    214.929  328.95695     68.799     65.345     0.3419     1.7033     3.6105     1.0656 1.0000e-12       5601     3.8889  0.000e+00
     40.806   64.66924 -169.92022     41.213     2.8123     2.8142     2.8100    33.0212    33.0308  1026.5154    26.3219    226.336    214.909  328.95514     68.804     65.339     0.3602     1.8132     3.6117     1.0642 1.0000e-12       5602     3.8896  0.000e+00
     40.868   64.66924 -169.92022     41.275     2.8123     2.8144     2.8100    33.0214    33.0304  1026.5159    26.3221    226.356    214.893  328.95451     68.811     65.334     0.3602     1.8132     3.6129     1.0629 1.0000e-12       5603     3.8903  0.000e+00
     40.806   64.66924 -169.92022     41.213     2.8123     2.8144     2.8100    33.0217    33.0300  1026.5159    26.3224    226.373    214.682  328.95372     68.816     65.270     0.3602     1.8132     3.6117     1.0642 1.0000e-12       5604     3.8910  0.000e+00
     40.860   64.66924 -169.92022     41.268     2.8123     2.8142     2.8100    33.0211    33.0283  1026.5156    26.3219    226.395    214.654  328.95532     68.822     65.260     0.3578     1.7985     3.6117     1.0642 1.0000e-12       5605     3.8917  0.000e+00
     40.806   64.66924 -169.92022     41.213     2.8128     2.8142     2.8105    33.0213    33.0294  1026.5155    26.3220    226.409    214.621  328.95092     68.828     65.250     0.3578     1.7985     3.6117     1.0642 1.0000e-12       5606     3.8924  0.000e+00
     40.806   64.66924 -169.92022     41.213     2.8133     2.8144     2.8110    33.0213    33.0301  1026.5155    26.3220    226.207    214.593  328.94681     68.767     65.242     0.3578     1.7985     3.6117     1.0642 1.0000e-12       5607     3.8931  0.000e+00
     40.806   64.66924 -169.92022     41.213     2.8136     2.8141     2.8113    33.0208    33.0309  1026.5150    26.3215    226.409    214.571  328.94512     68.829     65.236     0.3590     1.8058     3.6117     1.0642 1.0000e-12       5608     3.8937  0.000e+00
     40.860   64.66924 -169.92022     41.268     2.8137     2.8142     2.8114    33.0210    33.0304  1026.5154    26.3217    226.430    214.555  328.94379     68.836     65.231     0.3590     1.8058     3.6117     1.0642 1.0000e-12       5609     3.8944  0.000e+00
     40.806   64.66924 -169.92022     41.213     2.8139     2.8142     2.8116    33.0206    33.0306  1026.5148    26.3213    226.449    214.562  328.94353     68.841     65.233     0.3578     1.7985     3.6117     1.0642 1.0000e-12       5610     3.8951  0.000e+00
     40.752   64.66924 -169.92022     41.159     2.8137     2.8142     2.8114    33.0204    33.0304  1026.5144    26.3212    226.470    214.552  328.94526     68.847     65.230     0.3590     1.8058     3.6117     1.0642 1.0000e-12       5611     3.8958  0.000e+00
     40.806   64.66924 -169.92022     41.213     2.8139     2.8141     2.8116    33.0202    33.0306  1026.5145    26.3210    226.454    214.548  328.94454     68.843     65.229     0.3578     1.7985     3.6117     1.0642 1.0000e-12       5612     3.8965  0.000e+00
     40.860   64.66924 -169.92022     41.268     2.8137     2.8139     2.8114    33.0205    33.0307  1026.5150    26.3213    226.439    214.352  328.94500     68.838     65.169     0.3590     1.8058     3.6117     1.0642 1.0000e-12       5613     3.8972  0.000e+00
     40.752   64.66924 -169.92022     41.159     2.8137     2.8138     2.8114    33.0211    33.0307  1026.5150    26.3218    226.415    214.550  328.94344     68.831     65.229     0.3578     1.7985     3.6129     1.0629 1.0000e-12       5614     3.8979  0.000e+00
     40.752   64.66924 -169.92022     41.159     2.8141     2.8142     2.8118    33.0211    33.0304  1026.5150    26.3217    226.429    214.556  328.94083     68.836     65.231     0.3578     1.7985     3.6117     1.0642 1.0000e-12       5615     3.8986  0.000e+00
