EcoFOCI/data/1_SampleCollection/2023_SikuliaqDBO_CruiseData/CTD_raw_BottleFile_SKQ23-12S/proc/skq202312s_060.cnv
* Sea-Bird SBE 9 Data File:
* FileName = D:\CTD\SKQ202312S\SKQ202312S_060.hex
* Software Version Seasave V 7.26.7.121
* Temperature SN = 6177
* Conductivity SN = 0369
* Number of Bytes Per Scan = 41
* Number of Voltage Words = 4
* Number of Scans Averaged by the Deck Unit = 1
* NMEA Latitude = 71 36.06 N
* NMEA Longitude = 165 18.28 W
* NMEA UTC (Time) = Sep 27 2023  22:11:30
* NMEA baud rate = 4800
** Ship: R/V Sikuliaq
** Station Number: 060
** Station Name: IC3
** Bottom Depth: 42
** Operator: SD
# nquan = 24
# nvalues = 6164                                  
# units = specified
# name 0 = depSM: Depth [salt water, m]
# name 1 = latitude: Latitude [deg]
# name 2 = longitude: Longitude [deg]
# name 3 = prDM: Pressure, Digiquartz [db]
# name 4 = t090C: Temperature [ITS-90, deg C]
# name 5 = t190C: Temperature, 2 [ITS-90, deg C]
# name 6 = potemp090C: Potential Temperature [ITS-90, deg C]
# name 7 = sal00: Salinity, Practical [PSU]
# name 8 = sal11: Salinity, Practical, 2 [PSU]
# name 9 = density00: Density [density, kg/m^3]
# name 10 = sigma-é00: Density [sigma-theta, kg/m^3]
# name 11 = sbox0Mm/Kg: Oxygen, SBE 43 [umol/kg]
# name 12 = sbox1Mm/Kg: Oxygen, SBE 43, 2 [umol/kg]
# name 13 = oxsolMm/Kg: Oxygen Saturation, Garcia & Gordon [umol/kg]
# name 14 = sbeox0PS: Oxygen, SBE 43 [% saturation]
# name 15 = sbeox1PS: Oxygen, SBE 43, 2 [% saturation]
# name 16 = v0: Voltage 0
# name 17 = flECO-AFL: Fluorescence, WET Labs ECO-AFL/FL [mg/m^3]
# name 18 = v1: Voltage 1
# name 19 = CStarAt0: Beam Attenuation, WET Labs C-Star [1/m]
# name 20 = par: PAR/Irradiance, Biospherical/Licor
# name 21 = scan: Scan Count
# name 22 = timeM: Time, Elapsed [minutes]
# name 23 = flag:  0.000e+00
# span 0 =      1.992,     36.973                 
# span 1 =   71.60090,   71.60090                 
# span 2 = -165.30478, -165.30476                 
# span 3 =      2.013,     37.358                 
# span 4 =    -1.0353,     3.2514                 
# span 5 =    -1.0341,     3.2530                 
# span 6 =    -1.0361,     3.2502                 
# span 7 =    30.3820,    32.5335                 
# span 8 =    30.3908,    32.5669                 
# span 9 =  1024.2413,  1026.3071                 
# span 10 =    24.2304,    26.1525                
# span 11 =    265.823,    397.086                
# span 12 =    253.220,    368.479                
# span 13 =  330.97265,  364.69628                
# span 14 =     72.898,    111.769                
# span 15 =     69.448,    103.513                
# span 16 =     0.0696,     0.6020                
# span 17 =     0.0696,     3.2637                
# span 18 =     2.9536,     4.2393                
# span 19 =     0.4232,     1.8692                
# span 20 = 2.1843e+00, 2.5686e+02                
# span 21 =          1,       6164                
# span 22 =     0.0000,     4.2799                
# span 23 = 0.0000e+00, 0.0000e+00                
# interval = seconds: 0.0416667
# start_time = Sep 27 2023 22:14:51 [NMEA time, first data scan]
# bad_flag = -9.990e-29
*END*
[from data line 4167]
     36.857   71.60090 -165.30476     37.241    -1.0134    -1.0159    -1.0143    32.4796    32.4907  1026.2905    26.1112    268.853    254.990  364.49498     73.761     69.959     0.1770     0.7143     3.1368     1.6284 2.2835e+00       4168     2.8937  0.000e+00
     36.857   71.60090 -165.30476     37.241    -1.0134    -1.0164    -1.0143    32.4799    32.4909  1026.2907    26.1115    268.867    255.005  364.49412     73.764     69.962     0.1783     0.7216     3.1368     1.6284 2.2768e+00       4169     2.8944  0.000e+00
     36.857   71.60090 -165.30476     37.241    -1.0136    -1.0162    -1.0144    32.4805    32.4911  1026.2912    26.1120    268.881    255.013  364.49404     73.768     69.965     0.1770     0.7143     3.1368     1.6284 2.2768e+00       4170     2.8951  0.000e+00
     36.850   71.60090 -165.30476     37.233    -1.0129    -1.0165    -1.0137    32.4803    32.4914  1026.2910    26.1118    268.888    255.024  364.48739     73.772     69.967     0.1783     0.7216     3.1368     1.6284 2.2768e+00       4171     2.8958  0.000e+00
     36.857   71.60090 -165.30476     37.241    -1.0121    -1.0170    -1.0129    32.4796    32.4915  1026.2904    26.1112    268.848    255.035  364.48160     73.762     69.969     0.1770     0.7143     3.1368     1.6284 2.2768e+00       4172     2.8965  0.000e+00
     36.857   71.60090 -165.30476     37.241    -1.0115    -1.0171    -1.0123    32.4785    32.4919  1026.2895    26.1103    268.857    255.010  364.47916     73.765     69.962     0.1783     0.7216     3.1368     1.6284 2.2903e+00       4173     2.8972  0.000e+00
     36.850   71.60090 -165.30476     37.233    -1.0108    -1.0172    -1.0116    32.4778    32.4920  1026.2890    26.1097    268.864    254.982  364.47435     73.768     69.955     0.1770     0.7143     3.1368     1.6284 2.2903e+00       4174     2.8979  0.000e+00
     36.803   71.60090 -165.30476     37.186    -1.0104    -1.0168    -1.0112    32.4775    32.4916  1026.2885    26.1095    268.872    255.204  364.47138     73.770     70.016     0.1770     0.7143     3.1368     1.6284 2.2903e+00       4175     2.8986  0.000e+00
     36.857   71.60090 -165.30476     37.241    -1.0101    -1.0156    -1.0109    32.4775    32.4906  1026.2887    26.1095    268.883    255.228  364.46797     73.774     70.024     0.1770     0.7143     3.1368     1.6284 2.2835e+00       4176     2.8993  0.000e+00
     36.850   71.60090 -165.30476     37.233    -1.0099    -1.0147    -1.0107    32.4777    32.4902  1026.2888    26.1096    268.893    255.248  364.46585     73.777     70.031     0.1770     0.7143     3.1368     1.6284 2.2835e+00       4177     2.9000  0.000e+00
     36.857   71.60090 -165.30476     37.241    -1.0098    -1.0142    -1.0106    32.4783    32.4899  1026.2893    26.1101    268.903    255.238  364.46302     73.781     70.029     0.1783     0.7216     3.1368     1.6284 2.2835e+00       4178     2.9007  0.000e+00
     36.803   71.60090 -165.30476     37.186    -1.0096    -1.0136    -1.0104    32.4786    32.4895  1026.2893    26.1103    268.911    255.252  364.46045     73.783     70.034     0.1770     0.7143     3.1368     1.6284 2.2835e+00       4179     2.9014  0.000e+00
     36.850   71.60090 -165.30476     37.233    -1.0090    -1.0124    -1.0099    32.4781    32.4887  1026.2891    26.1099    268.920    255.264  364.45649     73.787     70.039     0.1783     0.7216     3.1368     1.6284 2.2903e+00       4180     2.9021  0.000e+00
     36.803   71.60090 -165.30476     37.186    -1.0093    -1.0113    -1.0101    32.4774    32.4880  1026.2884    26.1094    268.934    255.270  364.46050     73.790     70.043     0.1770     0.7143     3.1368     1.6284 2.2903e+00       4181     2.9028  0.000e+00
     36.857   71.60090 -165.30476     37.241    -1.0107    -1.0113    -1.0115    32.4773    32.4881  1026.2886    26.1093    268.910    255.060  364.47471     73.780     69.985     0.1783     0.7216     3.1368     1.6284 2.2903e+00       4182     2.9035  0.000e+00
     36.803   71.60090 -165.30476     37.186    -1.0119    -1.0118    -1.0128    32.4779    32.4889  1026.2888    26.1098    268.724    255.041  364.48540     73.727     69.979     0.1770     0.7143     3.1368     1.6284 2.2903e+00       4183     2.9042  0.000e+00
     36.850   71.60090 -165.30476     37.233    -1.0133    -1.0125    -1.0142    32.4788    32.4893  1026.2898    26.1106    268.955    255.252  364.49617     73.788     70.036     0.1783     0.7216     3.1368     1.6284 2.2903e+00       4184     2.9049  0.000e+00
     36.803   71.60090 -165.30476     37.186    -1.0141    -1.0130    -1.0149    32.4803    32.4899  1026.2908    26.1119    268.921    255.004  364.49893     73.778     69.967     0.1770     0.7143     3.1368     1.6284 2.2903e+00       4185     2.9056  0.000e+00
     36.857   71.60090 -165.30476     37.241    -1.0139    -1.0139    -1.0147    32.4814    32.4906  1026.2920    26.1128    268.881    255.211  364.49410     73.768     70.023     0.1770     0.7143     3.1368     1.6284 2.2903e+00       4186     2.9063  0.000e+00
     36.788   71.60090 -165.30476     37.171    -1.0127    -1.0150    -1.0135    32.4812    32.4912  1026.2914    26.1125    268.879    255.218  364.48308     73.770     70.023     0.1758     0.7069     3.1368     1.6284 2.2903e+00       4187     2.9069  0.000e+00
     36.803   71.60090 -165.30476     37.186    -1.0111    -1.0153    -1.0119    32.4808    32.4916  1026.2911    26.1121    268.877    255.253  364.46871     73.772     70.032     0.1758     0.7069     3.1368     1.6284 2.2903e+00       4188     2.9076  0.000e+00
     36.857   71.60090 -165.30476     37.241    -1.0096    -1.0162    -1.0104    32.4802    32.4919  1026.2908    26.1116    268.877    255.292  364.45602     73.775     70.042     0.1758     0.7069     3.1355     1.6300 2.2903e+00       4189     2.9083  0.000e+00
     36.788   71.60090 -165.30476     37.171    -1.0084    -1.0165    -1.0092    32.4799    32.4920  1026.2903    26.1114    268.875    255.096  364.44500     73.777     69.987     0.1746     0.6996     3.1368     1.6284 2.2903e+00       4190     2.9090  0.000e+00
     36.803   71.60090 -165.30476     37.186    -1.0069    -1.0177    -1.0077    32.4779    32.4936  1026.2887    26.1097    268.623    255.295  364.43578     73.709     70.040     0.1758     0.7069     3.1368     1.6284 2.2903e+00       4191     2.9097  0.000e+00
     36.857   71.60090 -165.30476     37.241    -1.0050    -1.0186    -1.0058    32.4752    32.4947  1026.2867    26.1074    268.833    255.297  364.42520     73.769     70.040     0.1746     0.6996     3.1368     1.6284 2.2971e+00       4192     2.9104  0.000e+00
     36.788   71.60090 -165.30476     37.171    -1.0037    -1.0192    -1.0045    32.4739    32.4952  1026.2852    26.1063    268.074    255.290  364.41613     73.562     70.037     0.1746     0.6996     3.1368     1.6284 2.3039e+00       4193     2.9111  0.000e+00
     36.803   71.60090 -165.30476     37.186    -1.0030    -1.0202    -1.0039    32.4733    32.4959  1026.2848    26.1058    268.960    255.319  364.41186     73.806     70.044     0.1746     0.6996     3.1368     1.6284 2.2971e+00       4194     2.9118  0.000e+00
     36.857   71.60090 -165.30476     37.241    -1.0029    -1.0202    -1.0038    32.4731    32.4957  1026.2849    26.1057    268.771    255.310  364.41120     73.755     70.041     0.1746     0.6996     3.1368     1.6284 2.2971e+00       4195     2.9125  0.000e+00
     36.803   71.60090 -165.30476     37.186    -1.0031    -1.0202    -1.0039    32.4727    32.4956  1026.2843    26.1054    268.787    255.294  364.41395     73.759     70.037     0.1746     0.6996     3.1368     1.6284 2.2903e+00       4196     2.9132  0.000e+00
     36.788   71.60090 -165.30476     37.171    -1.0032    -1.0198    -1.0040    32.4735    32.4947  1026.2849    26.1060    268.548    255.275  364.41285     73.693     70.032     0.1746     0.6996     3.1368     1.6284 2.2971e+00       4197     2.9139  0.000e+00
     36.803   71.60090 -165.30476     37.186    -1.0032    -1.0186    -1.0040    32.4735    32.4932  1026.2850    26.1060    268.772    255.250  364.41275     73.755     70.026     0.1758     0.7069     3.1355     1.6300 2.3176e+00       4198     2.9146  0.000e+00
     36.803   71.60090 -165.30476     37.186    -1.0027    -1.0179    -1.0036    32.4727    32.4928  1026.2843    26.1054    268.534    255.223  364.41058     73.690     70.020     0.1746     0.6996     3.1380     1.6269 2.3244e+00       4199     2.9153  0.000e+00
     36.788   71.60090 -165.30476     37.171    -1.0020    -1.0174    -1.0028    32.4719    32.4918  1026.2836    26.1047    268.452    255.196  364.40575     73.668     70.013     0.1758     0.7069     3.1429     1.6206 2.3176e+00       4200     2.9160  0.000e+00
     36.803   71.60090 -165.30478     37.186    -1.0014    -1.0169    -1.0022    32.4708    32.4914  1026.2827    26.1037    268.929    255.167  364.40283     73.800     70.006     0.1746     0.6996     3.1453     1.6175 2.3244e+00       4201     2.9167  0.000e+00
     36.803   71.60090 -165.30478     37.186    -1.0011    -1.0168    -1.0019    32.4703    32.4918  1026.2823    26.1033    268.740    255.393  364.40143     73.748     70.068     0.1758     0.7069     3.1441     1.6191 2.3244e+00       4202     2.9174  0.000e+00
     36.788   71.60090 -165.30478     37.171    -1.0014    -1.0160    -1.0022    32.4698    32.4914  1026.2818    26.1029    268.507    255.386  364.40574     73.683     70.067     0.1746     0.6996     3.1453     1.6175 2.3244e+00       4203     2.9181  0.000e+00
     36.803   71.60090 -165.30478     37.186    -1.0013    -1.0157    -1.0021    32.4696    32.4907  1026.2817    26.1028    268.733    255.155  364.40513     73.746     70.004     0.1758     0.7069     3.1441     1.6191 2.3382e+00       4204     2.9188  0.000e+00
     36.857   71.60090 -165.30478     37.241    -1.0017    -1.0165    -1.0025    32.4694    32.4913  1026.2819    26.1026    268.709    255.155  364.40959     73.738     70.003     0.1746     0.6996     3.1441     1.6191 2.3451e+00       4205     2.9194  0.000e+00
     36.788   71.60090 -165.30478     37.171    -1.0017    -1.0171    -1.0025    32.4692    32.4922  1026.2814    26.1025    268.471    255.148  364.41008     73.673     70.001     0.1758     0.7069     3.1453     1.6175 2.3451e+00       4206     2.9201  0.000e+00
     36.803   71.60090 -165.30478     37.186    -1.0018    -1.0174    -1.0027    32.4689    32.4922  1026.2812    26.1022    268.699    255.143  364.41259     73.735     69.998     0.1758     0.7069     3.1453     1.6175 2.3451e+00       4207     2.9208  0.000e+00
     36.803   71.60090 -165.30478     37.186    -1.0019    -1.0178    -1.0027    32.4691    32.4927  1026.2814    26.1024    268.669    255.135  364.41260     73.727     69.996     0.1746     0.6996     3.1441     1.6191 2.3451e+00       4208     2.9215  0.000e+00
     36.788   71.60090 -165.30478     37.171    -1.0018    -1.0177    -1.0027    32.4689    32.4926  1026.2811    26.1022    268.687    255.121  364.41268     73.731     69.992     0.1758     0.7069     3.1453     1.6175 2.3382e+00       4209     2.9222  0.000e+00
     36.803   71.60090 -165.30478     37.186    -1.0027    -1.0170    -1.0036    32.4701    32.4921  1026.2822    26.1032    268.710    255.105  364.41828     73.737     69.989     0.1746     0.6996     3.1453     1.6175 2.3451e+00       4210     2.9229  0.000e+00
     36.803   71.60090 -165.30478     37.186    -1.0032    -1.0160    -1.0040    32.4710    32.4914  1026.2830    26.1040    268.681    255.084  364.41997     73.728     69.985     0.1758     0.7069     3.1441     1.6191 2.3520e+00       4211     2.9236  0.000e+00
     36.803   71.60090 -165.30478     37.186    -1.0039    -1.0152    -1.0047    32.4715    32.4909  1026.2834    26.1044    268.448    255.288  364.42525     73.663     70.042     0.1893     0.7875     3.1453     1.6175 2.3520e+00       4212     2.9243  0.000e+00
     36.788   71.60090 -165.30478     37.171    -1.0050    -1.0147    -1.0059    32.4733    32.4906  1026.2848    26.1058    268.423    255.072  364.43133     73.655     69.983     0.1990     0.8461     3.1453     1.6175 2.3451e+00       4213     2.9250  0.000e+00
     36.803   71.60090 -165.30478     37.186    -1.0069    -1.0147    -1.0077    32.4754    32.4912  1026.2867    26.1077    268.407    255.052  364.44287     73.648     69.978     0.2002     0.8535     3.1453     1.6175 2.3382e+00       4214     2.9257  0.000e+00
     36.803   71.60090 -165.30478     37.186    -1.0081    -1.0147    -1.0090    32.4768    32.4911  1026.2878    26.1088    268.389    255.032  364.45133     73.642     69.973     0.1990     0.8461     3.1453     1.6175 2.3451e+00       4215     2.9264  0.000e+00
     36.788   71.60090 -165.30478     37.171    -1.0093    -1.0147    -1.0101    32.4783    32.4908  1026.2889    26.1100    268.371    255.042  364.45815     73.636     69.975     0.2002     0.8535     3.1453     1.6175 2.3451e+00       4216     2.9271  0.000e+00
     36.803   71.60090 -165.30478     37.186    -1.0099    -1.0147    -1.0108    32.4792    32.4912  1026.2898    26.1109    268.353    255.020  364.46199     73.630     69.969     0.1990     0.8461     3.1453     1.6175 2.3451e+00       4217     2.9278  0.000e+00
     36.803   71.60090 -165.30478     37.186    -1.0096    -1.0147    -1.0104    32.4790    32.4911  1026.2896    26.1106    268.331    254.997  364.45947     73.624     69.963     0.1990     0.8461     3.1441     1.6191 2.3451e+00       4218     2.9285  0.000e+00
     36.850   71.60090 -165.30478     37.233    -1.0093    -1.0154    -1.0102    32.4788    32.4915  1026.2897    26.1105    268.313    254.979  364.45716     73.620     69.957     0.1990     0.8461     3.1441     1.6191 2.3451e+00       4219     2.9292  0.000e+00
     36.803   71.60090 -165.30478     37.186    -1.0095    -1.0160    -1.0104    32.4792    32.4919  1026.2898    26.1108    268.296    254.956  364.45836     73.615     69.950     0.2002     0.8535     3.1453     1.6175 2.3451e+00       4220     2.9299  0.000e+00
     36.803   71.60090 -165.30478     37.186    -1.0095    -1.0165    -1.0103    32.4791    32.4921  1026.2897    26.1108    268.282    254.933  364.45785     73.611     69.942     0.1990     0.8461     3.1453     1.6175 2.3451e+00       4221     2.9306  0.000e+00
     36.850   71.60090 -165.30478     37.233    -1.0093    -1.0169    -1.0102    32.4791    32.4924  1026.2900    26.1107    268.270    254.908  364.45619     73.608     69.935     0.2002     0.8535     3.1465     1.6160 2.3382e+00       4222     2.9312  0.000e+00
     36.742   71.60090 -165.30478     37.124    -1.0091    -1.0171    -1.0099    32.4790    32.4919  1026.2893    26.1107    268.255    254.878  364.45424     73.605     69.926     0.1990     0.8461     3.1453     1.6175 2.3313e+00       4223     2.9319  0.000e+00
     36.857   71.60090 -165.30478     37.241    -1.0087    -1.0174    -1.0095    32.4787    32.4928  1026.2896    26.1104    268.502    254.884  364.45130     73.673     69.928     0.1990     0.8461     3.1453     1.6175 2.3313e+00       4224     2.9326  0.000e+00
     36.803   71.60090 -165.30478     37.186    -1.0087    -1.0172    -1.0095    32.4788    32.4922  1026.2895    26.1105    268.540    254.883  364.45096     73.683     69.928     0.2002     0.8535     3.1465     1.6160 2.3313e+00       4225     2.9333  0.000e+00
     36.788   71.60090 -165.30478     37.171    -1.0082    -1.0170    -1.0091    32.4781    32.4921  1026.2888    26.1099    268.069    254.882  364.44851     73.555     69.928     0.1990     0.8461     3.1465     1.6160 2.3244e+00       4226     2.9340  0.000e+00
