EcoFOCI/data/1_SampleCollection/2023_SikuliaqDBO_CruiseData/CTD_raw_BottleFile_SKQ23-12S/proc/skq202312s_073.cnv
* Sea-Bird SBE 9 Data File:
* FileName = D:\CTD\SKQ202312S\SKQ202312S_073.hex
* Software Version Seasave V 7.26.7.121
* Temperature SN = 6177
* Conductivity SN = 0369
* Number of Bytes Per Scan = 41
* Number of Voltage Words = 4
* Number of Scans Averaged by the Deck Unit = 1
* NMEA Latitude = 67 54.34 N
* NMEA Longitude = 168 10.75 W
* NMEA UTC (Time) = Oct 01 2023  20:50:17
* NMEA baud rate = 4800
** Ship: R/V Sikuliaq
** Station Number: 073
** Station Name: C12
** Bottom Depth: 58
** Operator: SD
** Mooring C12
# nquan = 24
# nvalues = 4215                                  
# units = specified
# name 0 = depSM: Depth [salt water, m]
# name 1 = latitude: Latitude [deg]
# name 2 = longitude: Longitude [deg]
# name 3 = prDM: Pressure, Digiquartz [db]
# name 4 = t090C: Temperature [ITS-90, deg C]
# name 5 = t190C: Temperature, 2 [ITS-90, deg C]
# name 6 = potemp090C: Potential Temperature [ITS-90, deg C]
# name 7 = sal00: Salinity, Practical [PSU]
# name 8 = sal11: Salinity, Practical, 2 [PSU]
# name 9 = density00: Density [density, kg/m^3]
# name 10 = sigma-é00: Density [sigma-theta, kg/m^3]
# name 11 = sbox0Mm/Kg: Oxygen, SBE 43 [umol/kg]
# name 12 = sbox1Mm/Kg: Oxygen, SBE 43, 2 [umol/kg]
# name 13 = oxsolMm/Kg: Oxygen Saturation, Garcia & Gordon [umol/kg]
# name 14 = sbeox0PS: Oxygen, SBE 43 [% saturation]
# name 15 = sbeox1PS: Oxygen, SBE 43, 2 [% saturation]
# name 16 = v0: Voltage 0
# name 17 = flECO-AFL: Fluorescence, WET Labs ECO-AFL/FL [mg/m^3]
# name 18 = v1: Voltage 1
# name 19 = CStarAt0: Beam Attenuation, WET Labs C-Star [1/m]
# name 20 = par: PAR/Irradiance, Biospherical/Licor
# name 21 = scan: Scan Count
# name 22 = timeM: Time, Elapsed [minutes]
# name 23 = flag:  0.000e+00
# span 0 =      2.262,     53.673                 
# span 1 =   67.90534,   67.90552                 
# span 2 = -168.17942, -168.17918                 
# span 3 =      2.285,     54.223                 
# span 4 =     2.6735,     4.8323                 
# span 5 =     2.6498,     4.8608                 
# span 6 =     2.6719,     4.8310                 
# span 7 =    28.4800,    32.5035                 
# span 8 =    28.5093,    32.5154                 
# span 9 =  1022.6321,  1026.1524                 
# span 10 =    22.6175,    25.8990                
# span 11 =    189.263,    317.720                
# span 12 =    184.731,    303.337                
# span 13 =  318.83058,  332.73621                
# span 14 =     57.473,     95.806                
# span 15 =     56.103,     91.418                
# span 16 =     0.0720,     0.4005                
# span 17 =     0.0842,     2.0549                
# span 18 =     2.3944,     4.1587                
# span 19 =     0.5000,     2.7091                
# span 20 = 1.0000e-12, 1.5922e+02                
# span 21 =          1,       4215                
# span 22 =     0.0000,     2.9264                
# span 23 = 0.0000e+00, 0.0000e+00                
# interval = seconds: 0.0416667
# start_time = Oct 01 2023 20:53:49 [NMEA time, first data scan]
# bad_flag = -9.990e-29
*END*
[from data line 2597]
     46.862   67.90538 -168.17928     47.341     2.9658     2.9655     2.9632    32.3972    32.4100  1026.0332    25.8108    217.086    206.640  329.26565     65.930     62.763     0.0781     0.1209     3.2576     1.4771 8.3754e-02       2598     1.8035  0.000e+00
     46.916   67.90538 -168.17928     47.395     2.9649     2.9651     2.9623    32.3985    32.4107  1026.0345    25.8120    216.925    206.683  329.26974     65.880     62.776     0.0769     0.1135     3.2576     1.4771 8.3186e-02       2599     1.8042  0.000e+00
     46.862   67.90538 -168.17928     47.341     2.9649     2.9648     2.9623    32.3990    32.4116  1026.0347    25.8124    217.175    206.926  329.26836     65.957     62.850     0.0781     0.1209     3.2576     1.4771 8.3754e-02       2600     1.8049  0.000e+00
     46.916   67.90538 -168.17928     47.395     2.9646     2.9645     2.9619    32.3997    32.4121  1026.0355    25.8129    217.079    206.984  329.26944     65.927     62.867     0.0769     0.1135     3.2576     1.4771 8.4895e-02       2601     1.8056  0.000e+00
     46.970   67.90538 -168.17928     47.450     2.9643     2.9642     2.9617    32.4000    32.4121  1026.0360    25.8132    217.111    206.853  329.27082     65.937     62.827     0.0781     0.1209     3.2576     1.4771 8.4895e-02       2602     1.8062  0.000e+00
     46.916   67.90538 -168.17928     47.395     2.9638     2.9642     2.9611    32.4001    32.4126  1026.0359    25.8134    217.157    206.874  329.27486     65.950     62.834     0.0781     0.1209     3.2479     1.4891 8.8939e-02       2603     1.8069  0.000e+00
     46.978   67.90538 -168.17928     47.457     2.9639     2.9642     2.9612    32.4006    32.4127  1026.0366    25.8137    217.216    207.101  329.27324     65.968     62.903     0.0781     0.1209     3.1868     1.5651 9.6061e-02       2604     1.8076  0.000e+00
     46.978   67.90538 -168.17928     47.457     2.9636     2.9637     2.9610    32.4008    32.4132  1026.0368    25.8139    217.254    207.185  329.27454     65.980     62.928     0.0781     0.1209     3.1600     1.5989 9.8489e-02       2605     1.8083  0.000e+00
     46.978   67.90538 -168.17928     47.457     2.9635     2.9637     2.9609    32.4010    32.4134  1026.0369    25.8141    217.304    207.249  329.27485     65.995     62.947     0.0781     0.1209     3.1587     1.6005 9.6061e-02       2606     1.8090  0.000e+00
     46.977   67.90538 -168.17928     47.457     2.9632     2.9635     2.9605    32.4012    32.4136  1026.0371    25.8143    217.369    207.124  329.27695     66.014     62.909     0.0781     0.1209     3.1612     1.5974 8.8939e-02       2607     1.8097  0.000e+00
     47.031   67.90538 -168.17928     47.512     2.9632     2.9634     2.9605    32.4013    32.4143  1026.0375    25.8144    217.447    207.180  329.27703     66.038     62.926     0.0769     0.1135     3.1624     1.5958 8.6618e-02       2608     1.8104  0.000e+00
     46.977   67.90538 -168.17928     47.457     2.9627     2.9632     2.9601    32.4019    32.4147  1026.0377    25.8149    217.500    207.216  329.27916     66.053     62.937     0.0781     0.1209     3.1624     1.5958 8.6618e-02       2609     1.8111  0.000e+00
     47.031   67.90538 -168.17928     47.512     2.9627     2.9631     2.9601    32.4021    32.4148  1026.0382    25.8150    217.347    207.261  329.27863     66.007     62.951     0.0781     0.1209     3.1624     1.5958 8.6618e-02       2610     1.8118  0.000e+00
     47.085   67.90538 -168.17928     47.566     2.9626     2.9628     2.9599    32.4025    32.4153  1026.0388    25.8154    217.392    207.312  329.27881     66.021     62.966     0.0781     0.1209     3.1624     1.5958 8.6618e-02       2611     1.8125  0.000e+00
     47.031   67.90538 -168.17928     47.512     2.9626     2.9624     2.9599    32.4034    32.4159  1026.0393    25.8161    217.445    207.366  329.27653     66.037     62.982     0.0781     0.1209     3.1624     1.5958 8.6042e-02       2612     1.8132  0.000e+00
     47.031   67.90538 -168.17928     47.512     2.9624     2.9624     2.9597    32.4039    32.4166  1026.0396    25.8165    217.514    207.401  329.27673     66.058     62.993     0.0781     0.1209     3.1624     1.5958 8.0929e-02       2613     1.8139  0.000e+00
     47.085   67.90538 -168.17928     47.566     2.9620     2.9621     2.9593    32.4047    32.4175  1026.0406    25.8172    217.562    207.444  329.27821     66.073     63.006     0.0781     0.1209     3.1624     1.5958 7.8698e-02       2614     1.8146  0.000e+00
     47.085   67.90538 -168.17928     47.566     2.9622     2.9614     2.9596    32.4053    32.4190  1026.0410    25.8176    217.617    207.492  329.27460     66.090     63.020     0.0781     0.1209     3.1624     1.5958 7.8698e-02       2615     1.8153  0.000e+00
     47.085   67.90538 -168.17928     47.566     2.9618     2.9614     2.9591    32.4065    32.4200  1026.0420    25.8187    217.724    207.540  329.27490     66.122     63.035     0.0781     0.1209     3.1624     1.5958 8.5468e-02       2616     1.8160  0.000e+00
     47.147   67.90538 -168.17928     47.629     2.9614     2.9609     2.9588    32.4068    32.4211  1026.0426    25.8190    217.335    207.599  329.27719     66.004     63.053     0.0781     0.1209     3.1624     1.5958 8.9524e-02       2617     1.8167  0.000e+00
     47.085   67.90538 -168.17928     47.566     2.9612     2.9604     2.9585    32.4079    32.4220  1026.0432    25.8199    217.540    207.658  329.27661     66.066     63.071     0.0781     0.1209     3.1624     1.5958 9.0110e-02       2618     1.8174  0.000e+00
     47.147   67.90538 -168.17928     47.629     2.9610     2.9601     2.9583    32.4086    32.4225  1026.0440    25.8204    217.577    207.702  329.27629     66.077     63.084     0.0781     0.1209     3.1624     1.5958 9.1287e-02       2619     1.8181  0.000e+00
     47.147   67.90538 -168.17928     47.629     2.9608     2.9603     2.9581    32.4095    32.4230  1026.0448    25.8211    217.843    207.745  329.27579     66.158     63.097     0.0781     0.1209     3.1624     1.5958 9.3064e-02       2620     1.8188  0.000e+00
     47.139   67.90538 -168.17928     47.621     2.9605     2.9598     2.9579    32.4105    32.4243  1026.0455    25.8219    217.680    207.794  329.27558     66.109     63.112     0.0781     0.1209     3.1624     1.5958 9.3064e-02       2621     1.8194  0.000e+00
     47.201   67.90538 -168.17928     47.683     2.9602     2.9592     2.9575    32.4111    32.4267  1026.0463    25.8224    217.714    207.628  329.27667     66.119     63.062     0.0781     0.1209     3.1624     1.5958 9.3660e-02       2622     1.8201  0.000e+00
     47.147   67.90538 -168.17928     47.629     2.9599     2.9584     2.9572    32.4121    32.4296  1026.0470    25.8233    217.753    207.832  329.27659     66.131     63.124     0.0781     0.1209     3.1624     1.5958 9.4857e-02       2623     1.8208  0.000e+00
     47.201   67.90538 -168.17928     47.683     2.9596     2.9576     2.9569    32.4137    32.4313  1026.0485    25.8246    217.587    207.871  329.27526     66.081     63.135     0.0781     0.1209     3.1477     1.6144 9.5458e-02       2624     1.8215  0.000e+00
     47.201   67.90538 -168.17928     47.683     2.9590     2.9573     2.9563    32.4155    32.4324  1026.0500    25.8261    217.797    207.713  329.27557     66.144     63.087     0.0781     0.1209     3.1404     1.6238 9.4258e-02       2625     1.8222  0.000e+00
     47.201   67.90538 -168.17928     47.683     2.9585     2.9572     2.9558    32.4167    32.4336  1026.0510    25.8271    217.871    207.707  329.27647     66.166     63.086     0.0781     0.1209     3.1380     1.6269 9.3064e-02       2626     1.8229  0.000e+00
     47.201   67.90538 -168.17928     47.683     2.9579     2.9567     2.9552    32.4184    32.4343  1026.0524    25.8285    217.699    207.707  329.27758     66.114     63.085     0.0794     0.1282     3.1392     1.6253 9.2470e-02       2627     1.8236  0.000e+00
     47.263   67.90538 -168.17928     47.745     2.9574     2.9563     2.9547    32.4198    32.4356  1026.0538    25.8296    217.722    207.710  329.27806     66.121     63.086     0.0781     0.1209     3.1404     1.6238 9.2470e-02       2628     1.8243  0.000e+00
     47.201   67.90538 -168.17928     47.683     2.9572     2.9557     2.9545    32.4204    32.4361  1026.0540    25.8301    218.407    207.714  329.27778     66.329     63.087     0.0794     0.1282     3.1404     1.6238 9.2470e-02       2629     1.8250  0.000e+00
     47.317   67.90538 -168.17928     47.800     2.9571     2.9556     2.9544    32.4216    32.4364  1026.0556    25.8311    217.859    207.724  329.27603     66.163     63.090     0.0806     0.1355     3.1404     1.6238 9.2470e-02       2630     1.8257  0.000e+00
     47.201   67.90538 -168.17928     47.683     2.9566     2.9551     2.9539    32.4222    32.4376  1026.0555    25.8316    217.866    207.732  329.27798     66.165     63.092     0.0781     0.1209     3.1404     1.6238 9.1287e-02       2631     1.8264  0.000e+00
     47.316   67.90538 -168.17928     47.800     2.9561     2.9552     2.9535    32.4231    32.4383  1026.0568    25.8323    217.888    207.722  329.27984     66.171     63.090     0.0794     0.1282     3.1404     1.6238 8.7196e-02       2632     1.8271  0.000e+00
     47.262   67.90538 -168.17928     47.745     2.9558     2.9546     2.9531    32.4238    32.4394  1026.0571    25.8329    217.914    207.736  329.28068     66.179     63.094     0.0794     0.1282     3.1404     1.6238 8.5468e-02       2633     1.8278  0.000e+00
     47.316   67.90538 -168.17928     47.800     2.9553     2.9547     2.9526    32.4251    32.4398  1026.0585    25.8341    217.915    207.730  329.28115     66.179     63.092     0.0794     0.1282     3.1404     1.6238 8.5468e-02       2634     1.8285  0.000e+00
     47.316   67.90538 -168.17928     47.800     2.9553     2.9542     2.9526    32.4263    32.4410  1026.0594    25.8350    217.956    207.727  329.27834     66.192     63.091     0.0781     0.1209     3.1404     1.6238 8.8939e-02       2635     1.8292  0.000e+00
     47.316   67.90538 -168.17928     47.800     2.9549     2.9539     2.9522    32.4275    32.4418  1026.0604    25.8360    217.534    207.528  329.27924     66.064     63.030     0.0794     0.1282     3.1404     1.6238 9.0697e-02       2636     1.8299  0.000e+00
     47.316   67.90538 -168.17928     47.800     2.9547     2.9537     2.9521    32.4283    32.4422  1026.0611    25.8367    217.487    207.506  329.27794     66.050     63.023     0.0781     0.1209     3.1404     1.6238 9.0110e-02       2637     1.8306  0.000e+00
     47.316   67.90538 -168.17928     47.800     2.9541     2.9535     2.9514    32.4292    32.4430  1026.0619    25.8374    217.528    207.486  329.28095     66.062     63.017     0.0794     0.1282     3.1404     1.6238 8.0369e-02       2638     1.8313  0.000e+00
     47.378   67.90538 -168.17928     47.862     2.9535     2.9529     2.9508    32.4303    32.4441  1026.0631    25.8383    217.948    207.668  329.28364     66.188     63.072     0.0806     0.1355     3.1392     1.6253 7.5397e-02       2639     1.8319  0.000e+00
     47.316   67.90538 -168.17928     47.800     2.9533     2.9525     2.9506    32.4308    32.4452  1026.0632    25.8388    217.783    207.674  329.28356     66.138     63.074     0.0794     0.1282     3.1404     1.6238 7.4310e-02       2640     1.8326  0.000e+00
     47.432   67.90538 -168.17928     47.917     2.9528     2.9522     2.9501    32.4318    32.4464  1026.0646    25.8396    217.780    207.687  329.28512     66.137     63.078     0.0806     0.1355     3.1404     1.6238 7.7591e-02       2641     1.8333  0.000e+00
     47.378   67.90538 -168.17928     47.862     2.9524     2.9519     2.9497    32.4330    32.4472  1026.0653    25.8406    217.561    207.501  329.28555     66.070     63.022     0.0781     0.1209     3.1404     1.6238 8.0369e-02       2642     1.8340  0.000e+00
     47.378   67.90538 -168.17928     47.862     2.9523     2.9517     2.9496    32.4337    32.4478  1026.0659    25.8411    217.971    207.689  329.28425     66.195     63.079     0.0794     0.1282     3.1392     1.6253 8.0929e-02       2643     1.8347  0.000e+00
     47.378   67.90538 -168.17928     47.862     2.9519     2.9513     2.9492    32.4348    32.4490  1026.0668    25.8420    218.022    207.706  329.28545     66.211     63.084     0.0781     0.1209     3.1282     1.6393 8.0369e-02       2644     1.8354  0.000e+00
     47.432   67.90538 -168.17928     47.917     2.9519     2.9509     2.9492    32.4356    32.4499  1026.0678    25.8427    217.640    207.726  329.28281     66.095     63.090     0.0794     0.1282     3.1172     1.6534 8.0369e-02       2645     1.8361  0.000e+00
     47.432   67.90538 -168.17928     47.917     2.9519     2.9508     2.9492    32.4356    32.4505  1026.0677    25.8427    217.635    207.549  329.28342     66.093     63.036     0.0781     0.1209     3.1148     1.6566 8.0929e-02       2646     1.8368  0.000e+00
     47.432   67.90538 -168.17928     47.916     2.9517     2.9506     2.9491    32.4362    32.4514  1026.0682    25.8432    217.856    207.526  329.28281     66.161     63.029     0.0794     0.1282     3.1160     1.6550 7.9253e-02       2647     1.8375  0.000e+00
     47.486   67.90538 -168.17928     47.971     2.9513     2.9502     2.9486    32.4375    32.4522  1026.0695    25.8443    217.648    207.506  329.28349     66.098     63.023     0.0794     0.1282     3.1160     1.6550 7.8698e-02       2648     1.8382  0.000e+00
     47.432   67.90538 -168.17928     47.916     2.9511     2.9499     2.9484    32.4385    32.4526  1026.0701    25.8451    217.664    207.509  329.28211     66.103     63.024     0.0794     0.1282     3.1160     1.6550 7.7591e-02       2649     1.8389  0.000e+00
     47.486   67.90538 -168.17928     47.971     2.9505     2.9502     2.9478    32.4391    32.4527  1026.0709    25.8456    217.658    207.320  329.28550     66.100     62.967     0.0806     0.1355     3.1160     1.6550 7.2689e-02       2650     1.8396  0.000e+00
     47.486   67.90538 -168.17928     47.971     2.9503     2.9498     2.9476    32.4403    32.4534  1026.0719    25.8466    217.654    207.285  329.28419     66.099     62.956     0.0781     0.1209     3.1160     1.6550 6.1722e-02       2651     1.8403  0.000e+00
     47.432   67.90538 -168.17928     47.916     2.9502     2.9499     2.9475    32.4404    32.4533  1026.0717    25.8467    217.657    207.250  329.28492     66.100     62.945     0.0781     0.1209     3.1160     1.6550 5.8706e-02       2652     1.8410  0.000e+00
     47.548   67.90538 -168.17928     48.033     2.9498     2.9495     2.9471    32.4410    32.4538  1026.0727    25.8472    217.455    207.248  329.28648     66.038     62.944     0.0769     0.1135     3.1172     1.6534 6.2230e-02       2653     1.8417  0.000e+00
     47.486   67.90538 -168.17928     47.971     2.9493     2.9494     2.9466    32.4412    32.4541  1026.0727    25.8474    217.441    207.243  329.28981     66.033     62.943     0.0781     0.1209     3.1160     1.6550 7.5397e-02       2654     1.8424  0.000e+00
     47.548   67.90538 -168.17928     48.033     2.9494     2.9493     2.9467    32.4412    32.4544  1026.0730    25.8474    217.437    207.246  329.28939     66.032     62.943     0.0769     0.1135     3.1160     1.6550 8.0929e-02       2655     1.8431  0.000e+00
     47.547   67.90538 -168.17928     48.033     2.9490     2.9488     2.9463    32.4412    32.4547  1026.0730    25.8474    217.442    207.229  329.29251     66.033     62.938     0.0781     0.1209     3.1160     1.6550 7.9810e-02       2656     1.8438  0.000e+00
