EcoFOCI/data/1_SampleCollection/2023_SikuliaqDBO_CruiseData/CTD_raw_BottleFile_SKQ23-12S/proc/skq202312s_060svp.cnv
* Sea-Bird SBE 9 Data File:
* FileName = D:\CTD\SKQ202312S\SKQ202312S_060.hex
* Software Version Seasave V 7.26.7.121
* Temperature SN = 6177
* Conductivity SN = 0369
* Number of Bytes Per Scan = 41
* Number of Voltage Words = 4
* Number of Scans Averaged by the Deck Unit = 1
* NMEA Latitude = 71 36.06 N
* NMEA Longitude = 165 18.28 W
* NMEA UTC (Time) = Sep 27 2023  22:11:30
* NMEA baud rate = 4800
** Ship: R/V Sikuliaq
** Station Number: 060
** Station Name: IC3
** Bottom Depth: 42
** Operator: SD
# nquan = 7
# nvalues = 6164                                  
# units = specified
# name 0 = depSM: Depth [salt water, m]
# name 1 = latitude: Latitude [deg]
# name 2 = longitude: Longitude [deg]
# name 3 = t090C: Temperature [ITS-90, deg C]
# name 4 = sal00: Salinity, Practical [PSU]
# name 5 = svCM: Sound Velocity [Chen-Millero, m/s]
# name 6 = flag:  0.000e+00
# span 0 =      1.992,     36.973                 
# span 1 =   71.60090,   71.60090                 
# span 2 = -165.30478, -165.30476                 
# span 3 =    -1.0353,     3.2514                 
# span 4 =    30.3820,    32.5335                 
# span 5 =    1441.49,    1458.35                 
# span 6 = 0.0000e+00, 0.0000e+00                 
# interval = seconds: 0.0416667
# start_time = Sep 27 2023 22:14:51 [NMEA time, first data scan]
# bad_flag = -9.990e-29
*END*
[from data line 2257]
     26.506   71.60090 -165.30476    -0.4457    32.4197    1444.05  0.000e+00
     26.491   71.60090 -165.30476    -0.4618    32.4215    1443.98  0.000e+00
     26.560   71.60090 -165.30476    -0.4763    32.4217    1443.91  0.000e+00
     26.545   71.60090 -165.30476    -0.4903    32.4202    1443.84  0.000e+00
     26.622   71.60090 -165.30476    -0.5048    32.4191    1443.77  0.000e+00
     26.606   71.60090 -165.30476    -0.5199    32.4201    1443.70  0.000e+00
     26.622   71.60090 -165.30476    -0.5353    32.4232    1443.64  0.000e+00
     26.660   71.60090 -165.30476    -0.5498    32.4274    1443.57  0.000e+00
     26.676   71.60090 -165.30476    -0.5614    32.4295    1443.52  0.000e+00
     26.714   71.60090 -165.30476    -0.5721    32.4300    1443.47  0.000e+00
     26.676   71.60090 -165.30476    -0.5818    32.4304    1443.43  0.000e+00
     26.776   71.60090 -165.30476    -0.5912    32.4324    1443.39  0.000e+00
     26.738   71.60090 -165.30476    -0.6001    32.4348    1443.35  0.000e+00
     26.714   71.60090 -165.30476    -0.6071    32.4336    1443.32  0.000e+00
     26.792   71.60090 -165.30476    -0.6143    32.4315    1443.28  0.000e+00
     26.830   71.60090 -165.30476    -0.6225    32.4302    1443.24  0.000e+00
     26.792   71.60090 -165.30476    -0.6311    32.4326    1443.20  0.000e+00
     26.892   71.60090 -165.30476    -0.6388    32.4339    1443.17  0.000e+00
     26.830   71.60090 -165.30476    -0.6455    32.4359    1443.14  0.000e+00
     26.907   71.60090 -165.30476    -0.6506    32.4371    1443.12  0.000e+00
     26.892   71.60090 -165.30476    -0.6552    32.4378    1443.10  0.000e+00
     26.907   71.60090 -165.30476    -0.6593    32.4366    1443.08  0.000e+00
     26.946   71.60090 -165.30476    -0.6643    32.4369    1443.06  0.000e+00
     26.907   71.60090 -165.30476    -0.6697    32.4377    1443.03  0.000e+00
     27.007   71.60090 -165.30476    -0.6749    32.4378    1443.01  0.000e+00
     26.961   71.60090 -165.30476    -0.6798    32.4391    1442.99  0.000e+00
     27.007   71.60090 -165.30476    -0.6829    32.4392    1442.97  0.000e+00
     27.023   71.60090 -165.30476    -0.6857    32.4400    1442.96  0.000e+00
     27.061   71.60090 -165.30476    -0.6875    32.4403    1442.95  0.000e+00
     27.023   71.60090 -165.30476    -0.6902    32.4391    1442.94  0.000e+00
     27.061   71.60090 -165.30476    -0.6919    32.4379    1442.93  0.000e+00
     27.077   71.60090 -165.30476    -0.6941    32.4381    1442.92  0.000e+00
     27.115   71.60090 -165.30476    -0.6968    32.4394    1442.91  0.000e+00
     27.139   71.60090 -165.30476    -0.6999    32.4392    1442.89  0.000e+00
     27.115   71.60090 -165.30476    -0.7032    32.4396    1442.88  0.000e+00
     27.193   71.60090 -165.30476    -0.7066    32.4410    1442.87  0.000e+00
     27.177   71.60090 -165.30476    -0.7097    32.4423    1442.85  0.000e+00
     27.193   71.60090 -165.30476    -0.7126    32.4429    1442.84  0.000e+00
     27.177   71.60090 -165.30476    -0.7151    32.4441    1442.83  0.000e+00
     27.192   71.60090 -165.30476    -0.7171    32.4453    1442.82  0.000e+00
     27.231   71.60090 -165.30476    -0.7190    32.4454    1442.81  0.000e+00
     27.308   71.60090 -165.30476    -0.7205    32.4449    1442.81  0.000e+00
     27.293   71.60090 -165.30476    -0.7216    32.4451    1442.80  0.000e+00
     27.254   71.60090 -165.30476    -0.7225    32.4449    1442.80  0.000e+00
     27.293   71.60090 -165.30476    -0.7240    32.4450    1442.79  0.000e+00
     27.362   71.60090 -165.30476    -0.7251    32.4452    1442.79  0.000e+00
     27.293   71.60090 -165.30476    -0.7262    32.4462    1442.78  0.000e+00
     27.362   71.60090 -165.30476    -0.7264    32.4470    1442.78  0.000e+00
     27.408   71.60090 -165.30476    -0.7256    32.4445    1442.79  0.000e+00
     27.362   71.60090 -165.30476    -0.7259    32.4441    1442.78  0.000e+00
     27.408   71.60090 -165.30476    -0.7273    32.4451    1442.78  0.000e+00
     27.424   71.60090 -165.30476    -0.7285    32.4447    1442.77  0.000e+00
     27.462   71.60090 -165.30476    -0.7294    32.4452    1442.77  0.000e+00
     27.424   71.60090 -165.30476    -0.7305    32.4464    1442.76  0.000e+00
     27.516   71.60090 -165.30476    -0.7310    32.4460    1442.76  0.000e+00
     27.478   71.60090 -165.30476    -0.7311    32.4459    1442.76  0.000e+00
     27.516   71.60090 -165.30476    -0.7314    32.4456    1442.76  0.000e+00
     27.539   71.60090 -165.30476    -0.7322    32.4455    1442.76  0.000e+00
     27.578   71.60090 -165.30476    -0.7323    32.4458    1442.76  0.000e+00
     27.516   71.60090 -165.30476    -0.7326    32.4459    1442.76  0.000e+00
     27.593   71.60090 -165.30476    -0.7331    32.4456    1442.75  0.000e+00
     27.632   71.60090 -165.30476    -0.7334    32.4456    1442.75  0.000e+00
     27.593   71.60090 -165.30476    -0.7333    32.4462    1442.75  0.000e+00
     27.632   71.60090 -165.30476    -0.7333    32.4466    1442.76  0.000e+00
     27.593   71.60090 -165.30476    -0.7330    32.4470    1442.76  0.000e+00
     27.632   71.60090 -165.30476    -0.7326    32.4462    1442.76  0.000e+00
     27.655   71.60090 -165.30476    -0.7327    32.4444    1442.76  0.000e+00
     27.694   71.60090 -165.30476    -0.7334    32.4441    1442.75  0.000e+00
     27.655   71.60090 -165.30476    -0.7339    32.4435    1442.75  0.000e+00
     27.694   71.60090 -165.30476    -0.7348    32.4440    1442.75  0.000e+00
     27.709   71.60090 -165.30476    -0.7358    32.4448    1442.74  0.000e+00
     27.748   71.60090 -165.30476    -0.7362    32.4453    1442.74  0.000e+00
     27.709   71.60090 -165.30476    -0.7367    32.4449    1442.74  0.000e+00
     27.809   71.60090 -165.30476    -0.7378    32.4458    1442.74  0.000e+00
     27.709   71.60090 -165.30476    -0.7383    32.4462    1442.73  0.000e+00
     27.809   71.60090 -165.30476    -0.7385    32.4467    1442.73  0.000e+00
     27.763   71.60090 -165.30476    -0.7386    32.4457    1442.73  0.000e+00
     27.809   71.60090 -165.30476    -0.7392    32.4455    1442.73  0.000e+00
     27.825   71.60090 -165.30476    -0.7392    32.4456    1442.73  0.000e+00
     27.809   71.60090 -165.30476    -0.7396    32.4462    1442.73  0.000e+00
     27.879   71.60090 -165.30476    -0.7400    32.4465    1442.73  0.000e+00
     27.863   71.60090 -165.30476    -0.7399    32.4467    1442.73  0.000e+00
     27.879   71.60090 -165.30476    -0.7400    32.4465    1442.73  0.000e+00
     27.863   71.60090 -165.30476    -0.7403    32.4466    1442.73  0.000e+00
     27.879   71.60090 -165.30476    -0.7403    32.4469    1442.73  0.000e+00
     27.917   71.60090 -165.30476    -0.7404    32.4467    1442.73  0.000e+00
     27.940   71.60090 -165.30476    -0.7403    32.4465    1442.73  0.000e+00
     27.917   71.60090 -165.30476    -0.7399    32.4470    1442.73  0.000e+00
     27.994   71.60090 -165.30476    -0.7397    32.4472    1442.73  0.000e+00
     27.979   71.60090 -165.30476    -0.7393    32.4468    1442.73  0.000e+00
     27.940   71.60090 -165.30476    -0.7386    32.4466    1442.74  0.000e+00
     27.979   71.60090 -165.30476    -0.7381    32.4470    1442.74  0.000e+00
     28.048   71.60090 -165.30476    -0.7372    32.4466    1442.74  0.000e+00
     27.994   71.60090 -165.30476    -0.7371    32.4466    1442.74  0.000e+00
     28.033   71.60090 -165.30476    -0.7367    32.4465    1442.75  0.000e+00
     28.048   71.60090 -165.30476    -0.7368    32.4463    1442.74  0.000e+00
     28.094   71.60090 -165.30476    -0.7364    32.4462    1442.75  0.000e+00
     28.048   71.60090 -165.30476    -0.7360    32.4468    1442.75  0.000e+00
     28.148   71.60090 -165.30476    -0.7358    32.4472    1442.75  0.000e+00
     28.048   71.60090 -165.30476    -0.7356    32.4469    1442.75  0.000e+00
     28.148   71.60090 -165.30476    -0.7357    32.4474    1442.75  0.000e+00
     28.110   71.60090 -165.30476    -0.7355    32.4473    1442.75  0.000e+00
     28.148   71.60090 -165.30476    -0.7353    32.4475    1442.76  0.000e+00
     28.164   71.60090 -165.30476    -0.7347    32.4474    1442.76  0.000e+00
     28.148   71.60090 -165.30476    -0.7349    32.4474    1442.76  0.000e+00
     28.225   71.60090 -165.30476    -0.7342    32.4458    1442.76  0.000e+00
     28.148   71.60090 -165.30476    -0.7342    32.4462    1442.76  0.000e+00
     28.225   71.60090 -165.30476    -0.7342    32.4466    1442.76  0.000e+00
     28.210   71.60090 -165.30476    -0.7342    32.4469    1442.76  0.000e+00
     28.279   71.60090 -165.30476    -0.7341    32.4464    1442.76  0.000e+00
     28.264   71.60090 -165.30476    -0.7340    32.4460    1442.76  0.000e+00
     28.225   71.60090 -165.30476    -0.7334    32.4457    1442.76  0.000e+00
     28.326   71.60090 -165.30476    -0.7333    32.4461    1442.77  0.000e+00
     28.279   71.60090 -165.30476    -0.7327    32.4454    1442.77  0.000e+00
     28.326   71.60090 -165.30476    -0.7329    32.4453    1442.77  0.000e+00
     28.395   71.60090 -165.30476    -0.7325    32.4448    1442.77  0.000e+00
     28.326   71.60090 -165.30476    -0.7322    32.4449    1442.77  0.000e+00
     28.341   71.60090 -165.30476    -0.7317    32.4450    1442.77  0.000e+00
     28.379   71.60090 -165.30476    -0.7314    32.4443    1442.77  0.000e+00
     28.395   71.60090 -165.30476    -0.7313    32.4449    1442.77  0.000e+00
     28.379   71.60090 -165.30476    -0.7314    32.4451    1442.77  0.000e+00
     28.449   71.60090 -165.30476    -0.7314    32.4450    1442.78  0.000e+00
     28.433   71.60090 -165.30476    -0.7312    32.4450    1442.78  0.000e+00
     28.449   71.60090 -165.30476    -0.7313    32.4452    1442.78  0.000e+00
     28.495   71.60090 -165.30476    -0.7313    32.4449    1442.78  0.000e+00
     28.511   71.60090 -165.30476    -0.7311    32.4449    1442.78  0.000e+00
     28.495   71.60090 -165.30476    -0.7314    32.4447    1442.78  0.000e+00
     28.510   71.60090 -165.30476    -0.7313    32.4436    1442.77  0.000e+00
     28.549   71.60090 -165.30476    -0.7314    32.4442    1442.78  0.000e+00
     28.510   71.60090 -165.30476    -0.7314    32.4441    1442.78  0.000e+00
     28.611   71.60090 -165.30476    -0.7316    32.4440    1442.78  0.000e+00
     28.564   71.60090 -165.30476    -0.7317    32.4439    1442.77  0.000e+00
     28.549   71.60090 -165.30476    -0.7325    32.4449    1442.77  0.000e+00
     28.564   71.60090 -165.30476    -0.7328    32.4447    1442.77  0.000e+00
     28.611   71.60090 -165.30476    -0.7331    32.4448    1442.77  0.000e+00
     28.626   71.60090 -165.30476    -0.7334    32.4448    1442.77  0.000e+00
     28.611   71.60090 -165.30476    -0.7338    32.4443    1442.77  0.000e+00
     28.680   71.60090 -165.30476    -0.7338    32.4443    1442.77  0.000e+00
     28.680   71.60090 -165.30476    -0.7341    32.4441    1442.77  0.000e+00
     28.726   71.60090 -165.30476    -0.7345    32.4448    1442.77  0.000e+00
     28.680   71.60090 -165.30476    -0.7347    32.4453    1442.76  0.000e+00
     28.726   71.60090 -165.30476    -0.7348    32.4445    1442.76  0.000e+00
     28.742   71.60090 -165.30476    -0.7353    32.4443    1442.76  0.000e+00
     28.726   71.60090 -165.30476    -0.7354    32.4442    1442.76  0.000e+00
     28.796   71.60090 -165.30476    -0.7351    32.4437    1442.76  0.000e+00
     28.780   71.60090 -165.30476    -0.7355    32.4436    1442.76  0.000e+00
     28.742   71.60090 -165.30476    -0.7359    32.4441    1442.76  0.000e+00
     28.834   71.60090 -165.30476    -0.7363    32.4434    1442.76  0.000e+00
     28.796   71.60090 -165.30476    -0.7369    32.4436    1442.75  0.000e+00
     28.834   71.60090 -165.30476    -0.7373    32.4439    1442.75  0.000e+00
     28.796   71.60090 -165.30476    -0.7382    32.4444    1442.75  0.000e+00
     28.896   71.60090 -165.30476    -0.7382    32.4443    1442.75  0.000e+00
     28.850   71.60090 -165.30476    -0.7389    32.4444    1442.75  0.000e+00
     28.896   71.60090 -165.30476    -0.7393    32.4443    1442.74  0.000e+00
     28.911   71.60090 -165.30476    -0.7397    32.4438    1442.74  0.000e+00
     28.896   71.60090 -165.30476    -0.7404    32.4441    1442.74  0.000e+00
     28.911   71.60090 -165.30476    -0.7407    32.4437    1442.74  0.000e+00
     28.950   71.60090 -165.30476    -0.7412    32.4444    1442.74  0.000e+00
     28.965   71.60090 -165.30476    -0.7421    32.4445    1442.73  0.000e+00
     28.896   71.60090 -165.30476    -0.7425    32.4444    1442.73  0.000e+00
     29.027   71.60090 -165.30476    -0.7433    32.4453    1442.73  0.000e+00
     29.027   71.60090 -165.30476    -0.7433    32.4451    1442.73  0.000e+00
     29.012   71.60090 -165.30476    -0.7438    32.4454    1442.73  0.000e+00
     29.027   71.60090 -165.30476    -0.7440    32.4453    1442.73  0.000e+00
     29.012   71.60090 -165.30476    -0.7440    32.4448    1442.73  0.000e+00
     29.027   71.60090 -165.30476    -0.7438    32.4444    1442.73  0.000e+00
     29.011   71.60090 -165.30476    -0.7436    32.4447    1442.73  0.000e+00
     29.081   71.60090 -165.30476    -0.7436    32.4441    1442.73  0.000e+00
     29.127   71.60090 -165.30476    -0.7438    32.4441    1442.73  0.000e+00
     29.081   71.60090 -165.30476    -0.7440    32.4441    1442.73  0.000e+00
     29.127   71.60090 -165.30476    -0.7444    32.4438    1442.72  0.000e+00
     29.143   71.60090 -165.30476    -0.7447    32.4439    1442.72  0.000e+00
     29.127   71.60090 -165.30476    -0.7447    32.4437    1442.72  0.000e+00
     29.143   71.60090 -165.30476    -0.7449    32.4436    1442.72  0.000e+00
     29.181   71.60090 -165.30476    -0.7456    32.4443    1442.72  0.000e+00
     29.143   71.60090 -165.30476    -0.7456    32.4443    1442.72  0.000e+00
     29.181   71.60090 -165.30476    -0.7461    32.4450    1442.72  0.000e+00
     29.197   71.60090 -165.30476    -0.7465    32.4449    1442.72  0.000e+00
     29.197   71.60090 -165.30476    -0.7466    32.4441    1442.71  0.000e+00
     29.181   71.60090 -165.30476    -0.7467    32.4447    1442.71  0.000e+00
     29.197   71.60090 -165.30476    -0.7471    32.4453    1442.71  0.000e+00
     29.235   71.60090 -165.30476    -0.7475    32.4452    1442.71  0.000e+00
     29.196   71.60090 -165.30476    -0.7479    32.4445    1442.71  0.000e+00
     29.235   71.60090 -165.30476    -0.7484    32.4448    1442.71  0.000e+00
     29.312   71.60090 -165.30476    -0.7488    32.4445    1442.71  0.000e+00
     29.235   71.60090 -165.30476    -0.7491    32.4437    1442.70  0.000e+00
     29.312   71.60090 -165.30476    -0.7504    32.4452    1442.70  0.000e+00
     29.297   71.60090 -165.30476    -0.7505    32.4450    1442.70  0.000e+00
     29.312   71.60090 -165.30476    -0.7512    32.4451    1442.70  0.000e+00
     29.297   71.60090 -165.30476    -0.7516    32.4455    1442.69  0.000e+00
     29.312   71.60090 -165.30476    -0.7524    32.4461    1442.69  0.000e+00
     29.297   71.60090 -165.30476    -0.7527    32.4457    1442.69  0.000e+00
     29.312   71.60090 -165.30476    -0.7531    32.4453    1442.69  0.000e+00
     29.297   71.60090 -165.30476    -0.7540    32.4455    1442.68  0.000e+00
     29.428   71.60090 -165.30476    -0.7540    32.4456    1442.69  0.000e+00
     29.312   71.60090 -165.30476    -0.7544    32.4468    1442.68  0.000e+00
     29.351   71.60090 -165.30476    -0.7545    32.4469    1442.68  0.000e+00
     29.366   71.60090 -165.30476    -0.7545    32.4462    1442.68  0.000e+00
     29.351   71.60090 -165.30476    -0.7551    32.4455    1442.68  0.000e+00
     29.366   71.60090 -165.30476    -0.7560    32.4463    1442.68  0.000e+00
     29.412   71.60090 -165.30476    -0.7564    32.4473    1442.68  0.000e+00
     29.428   71.60090 -165.30476    -0.7574    32.4480    1442.67  0.000e+00
     29.412   71.60090 -165.30476    -0.7579    32.4481    1442.67  0.000e+00
     29.428   71.60090 -165.30476    -0.7583    32.4485    1442.67  0.000e+00
