EcoFOCI/data/1_SampleCollection/2023_SikuliaqDBO_CruiseData/CTD_raw_BottleFile_SKQ23-12S/proc/skq202312s_084.cnv
* Sea-Bird SBE 9 Data File:
* FileName = D:\CTD\SKQ202312S\SKQ202312S_084.hex
* Software Version Seasave V 7.26.7.121
* Temperature SN = 6177
* Conductivity SN = 0369
* Number of Bytes Per Scan = 41
* Number of Voltage Words = 4
* Number of Scans Averaged by the Deck Unit = 1
* NMEA Latitude = 65 37.11 N
* NMEA Longitude = 168 09.13 W
* NMEA UTC (Time) = Oct 03 2023  11:55:16
* NMEA baud rate = 4800
** Ship: R/V Sikuliaq
** Station Number: 084
** Station Name: BS1
** Bottom Depth: 28
** Operator: SD
# nquan = 24
# nvalues = 5332                                  
# units = specified
# name 0 = depSM: Depth [salt water, m]
# name 1 = latitude: Latitude [deg]
# name 2 = longitude: Longitude [deg]
# name 3 = prDM: Pressure, Digiquartz [db]
# name 4 = t090C: Temperature [ITS-90, deg C]
# name 5 = t190C: Temperature, 2 [ITS-90, deg C]
# name 6 = potemp090C: Potential Temperature [ITS-90, deg C]
# name 7 = sal00: Salinity, Practical [PSU]
# name 8 = sal11: Salinity, Practical, 2 [PSU]
# name 9 = density00: Density [density, kg/m^3]
# name 10 = sigma-é00: Density [sigma-theta, kg/m^3]
# name 11 = sbox0Mm/Kg: Oxygen, SBE 43 [umol/kg]
# name 12 = sbox1Mm/Kg: Oxygen, SBE 43, 2 [umol/kg]
# name 13 = oxsolMm/Kg: Oxygen Saturation, Garcia & Gordon [umol/kg]
# name 14 = sbeox0PS: Oxygen, SBE 43 [% saturation]
# name 15 = sbeox1PS: Oxygen, SBE 43, 2 [% saturation]
# name 16 = v0: Voltage 0
# name 17 = flECO-AFL: Fluorescence, WET Labs ECO-AFL/FL [mg/m^3]
# name 18 = v1: Voltage 1
# name 19 = CStarAt0: Beam Attenuation, WET Labs C-Star [1/m]
# name 20 = par: PAR/Irradiance, Biospherical/Licor
# name 21 = scan: Scan Count
# name 22 = timeM: Time, Elapsed [minutes]
# name 23 = flag:  0.000e+00
# span 0 =      1.898,     23.896                 
# span 1 =   65.61820,   65.61824                 
# span 2 = -168.15362, -168.15330                 
# span 3 =      1.917,     24.135                 
# span 4 =     3.5396,     6.5815                 
# span 5 =     3.5427,     6.5726                 
# span 6 =     3.5382,     6.5810                 
# span 7 =    28.4930,    32.4703                 
# span 8 =    28.5079,    32.4770                 
# span 9 =  1022.4684,  1025.9302                 
# span 10 =    22.4577,    25.8181                
# span 11 =    253.623,    289.336                
# span 12 =    244.295,    276.806                
# span 13 =  305.08159,  324.47944                
# span 14 =     82.628,     91.268                
# span 15 =     79.151,     87.327                
# span 16 =     0.1233,     0.3553                
# span 17 =     0.3919,     1.7839                
# span 18 =     1.5067,     3.8034                
# span 19 =     0.8573,     4.5631                
# span 20 = 1.0000e-12, 3.7063e-01                
# span 21 =          1,       5332                
# span 22 =     0.0000,     3.7021                
# span 23 = 0.0000e+00, 0.0000e+00                
# interval = seconds: 0.0416667
# start_time = Oct 03 2023 11:58:52 [NMEA time, first data scan]
# bad_flag = -9.990e-29
*END*
[from data line 2295]
     15.141   65.61822 -168.15346     15.292     4.0250     4.0263     4.0240    32.2607    32.2728  1025.6767    25.6052    277.252    265.085  321.16735     86.326     82.548     0.1587     0.6044     3.7302     0.9351 1.0000e-12       2296     1.5938  0.000e+00
     15.172   65.61822 -168.15346     15.323     4.0247     4.0259     4.0237    32.2605    32.2731  1025.6767    25.6051    277.255    265.118  321.17024     86.326     82.558     0.1587     0.6044     3.7302     0.9351 1.0000e-12       2297     1.5944  0.000e+00
     15.203   65.61822 -168.15346     15.355     4.0245     4.0258     4.0235    32.2606    32.2724  1025.6769    25.6052    277.054    265.155  321.17170     86.264     82.569     0.1600     0.6117     3.7302     0.9351 1.0000e-12       2298     1.5951  0.000e+00
     15.203   65.61822 -168.15346     15.355     4.0244     4.0249     4.0234    32.2607    32.2734  1025.6770    25.6053    277.039    265.198  321.17227     86.259     82.581     0.1587     0.6044     3.7302     0.9351 1.0000e-12       2299     1.5958  0.000e+00
     15.203   65.61822 -168.15346     15.355     4.0242     4.0245     4.0232    32.2606    32.2736  1025.6770    25.6053    277.033    265.224  321.17369     86.257     82.588     0.1600     0.6117     3.7302     0.9351 1.0000e-12       2300     1.5965  0.000e+00
     15.203   65.61822 -168.15346     15.355     4.0240     4.0232     4.0230    32.2606    32.2745  1025.6769    25.6052    277.038    265.258  321.17550     86.257     82.597     0.1587     0.6044     3.7302     0.9351 8.4714e-06       2301     1.5972  0.000e+00
     15.226   65.61822 -168.15346     15.378     4.0236     4.0226     4.0226    32.2617    32.2752  1025.6780    25.6062    277.052    265.293  321.17590     86.262     82.607     0.1600     0.6117     3.7302     0.9351 1.0000e-12       2302     1.5979  0.000e+00
     15.257   65.61822 -168.15346     15.409     4.0223     4.0220     4.0213    32.2641    32.2758  1025.6802    25.6082    277.079    265.145  321.18001     86.269     82.560     0.1587     0.6044     3.7302     0.9351 1.0000e-12       2303     1.5986  0.000e+00
     15.203   65.61822 -168.15346     15.355     4.0207     4.0220     4.0197    32.2665    32.2762  1025.6819    25.6102    276.905    265.162  321.18705     86.213     82.566     0.1587     0.6044     3.7302     0.9351 1.0000e-12       2304     1.5993  0.000e+00
     15.257   65.61822 -168.15346     15.409     4.0190     4.0227     4.0180    32.2680    32.2756  1025.6836    25.6116    276.892    265.164  321.19641     86.207     82.567     0.1587     0.6044     3.7302     0.9351 1.0000e-12       2305     1.6000  0.000e+00
     15.257   65.61822 -168.15346     15.409     4.0174     4.0235     4.0165    32.2699    32.2746  1025.6853    25.6133    276.222    265.168  321.20410     85.996     82.569     0.1587     0.6044     3.7289     0.9364 1.0000e-12       2306     1.6007  0.000e+00
     15.288   65.61822 -168.15346     15.440     4.0162     4.0241     4.0152    32.2710    32.2738  1025.6864    25.6143    276.760    265.178  321.21087     86.161     82.573     0.1600     0.6117     3.7302     0.9351 1.0000e-12       2307     1.6014  0.000e+00
     15.257   65.61822 -168.15346     15.409     4.0149     4.0235     4.0139    32.2721    32.2749  1025.6872    25.6153    276.773    265.218  321.21862     86.164     82.585     0.1587     0.6044     3.7302     0.9351 1.0000e-12       2308     1.6021  0.000e+00
     15.319   65.61822 -168.15346     15.471     4.0140     4.0200     4.0130    32.2725    32.2789  1025.6879    25.6157    276.764    265.281  321.22506     86.159     82.600     0.1600     0.6117     3.7302     0.9351 1.0000e-12       2309     1.6028  0.000e+00
     15.257   65.61822 -168.15346     15.409     4.0129     4.0171     4.0119    32.2734    32.2823  1025.6885    25.6165    276.549    265.320  321.23096     86.090     82.609     0.1587     0.6044     3.7326     0.9325 1.0000e-12       2310     1.6035  0.000e+00
     15.288   65.61822 -168.15346     15.440     4.0122     4.0152     4.0112    32.2738    32.2847  1025.6890    25.6169    276.732    265.172  321.23527     86.146     82.560     0.1600     0.6117     3.7485     0.9155 1.0000e-12       2311     1.6042  0.000e+00
     15.372   65.61822 -168.15346     15.526     4.0118     4.0139     4.0108    32.2741    32.2861  1025.6897    25.6172    276.536    265.197  321.23842     86.084     82.567     0.1587     0.6044     3.7534     0.9103 1.0000e-12       2312     1.6049  0.000e+00
     15.318   65.61822 -168.15346     15.471     4.0112     4.0132     4.0102    32.2745    32.2863  1025.6898    25.6176    276.556    265.200  321.24177     86.090     82.566     0.1587     0.6044     3.7546     0.9090 1.0000e-12       2313     1.6056  0.000e+00
     15.318   65.61822 -168.15346     15.471     4.0105     4.0119     4.0095    32.2754    32.2872  1025.6906    25.6184    276.765    265.210  321.24500     86.154     82.567     0.1612     0.6190     3.7534     0.9103 1.0000e-12       2314     1.6063  0.000e+00
     15.372   65.61822 -168.15346     15.526     4.0101     4.0105     4.0091    32.2759    32.2885  1025.6913    25.6188    276.596    265.228  321.24715     86.101     82.571     0.1587     0.6044     3.7521     0.9116 1.0000e-12       2315     1.6069  0.000e+00
     15.342   65.61822 -168.15346     15.495     4.0095     4.0100     4.0085    32.2766    32.2889  1025.6918    25.6194    276.611    265.219  321.24948     86.105     82.567     0.1600     0.6117     3.7534     0.9103 1.0000e-12       2316     1.6076  0.000e+00
     15.372   65.61822 -168.15346     15.526     4.0091     4.0104     4.0081    32.2774    32.2886  1025.6926    25.6201    276.637    265.213  321.25132     86.112     82.566     0.1587     0.6044     3.7534     0.9103 1.0000e-12       2317     1.6083  0.000e+00
     15.372   65.61822 -168.15346     15.526     4.0091     4.0100     4.0081    32.2774    32.2884  1025.6926    25.6201    276.669    265.024  321.25084     86.122     82.506     0.1600     0.6117     3.7534     0.9103 1.0000e-12       2318     1.6090  0.000e+00
     15.372   65.61822 -168.15346     15.526     4.0091     4.0097     4.0081    32.2775    32.2887  1025.6926    25.6201    276.711    265.028  321.25113     86.135     82.507     0.1587     0.6044     3.7521     0.9116 1.0000e-12       2319     1.6097  0.000e+00
     15.434   65.61822 -168.15346     15.588     4.0092     4.0092     4.0082    32.2773    32.2893  1025.6928    25.6200    276.553    265.041  321.25035     86.087     82.510     0.1600     0.6117     3.7534     0.9103 1.0000e-12       2320     1.6104  0.000e+00
     15.396   65.61822 -168.15346     15.549     4.0093     4.0086     4.0083    32.2766    32.2900  1025.6920    25.6194    277.003    265.012  321.25164     86.226     82.501     0.1587     0.6044     3.7534     0.9103 1.0000e-12       2321     1.6111  0.000e+00
     15.434   65.61822 -168.15346     15.588     4.0091     4.0090     4.0081    32.2761    32.2897  1025.6919    25.6191    276.865    264.984  321.25435     86.183     82.492     0.1587     0.6044     3.7521     0.9116 1.0000e-12       2322     1.6118  0.000e+00
     15.434   65.61822 -168.15346     15.588     4.0091     4.0085     4.0081    32.2760    32.2895  1025.6917    25.6189    276.700    264.964  321.25436     86.131     82.485     0.1612     0.6190     3.7534     0.9103 1.0000e-12       2323     1.6125  0.000e+00
     15.434   65.61822 -168.15346     15.588     4.0088     4.0070     4.0078    32.2765    32.2901  1025.6922    25.6194    276.723    264.953  321.25559     86.138     82.479     0.1587     0.6044     3.7534     0.9103 1.0000e-12       2324     1.6132  0.000e+00
     15.457   65.61822 -168.15346     15.612     4.0080     4.0047     4.0070    32.2771    32.2920  1025.6928    25.6199    276.759    264.762  321.26027     86.148     82.416     0.1600     0.6117     3.7534     0.9103 1.0000e-12       2325     1.6139  0.000e+00
     15.434   65.61822 -168.15346     15.588     4.0076     4.0027     4.0066    32.2765    32.2935  1025.6923    25.6195    276.769    264.928  321.26443     86.150     82.465     0.1538     0.5751     3.7534     0.9103 1.0000e-12       2326     1.6146  0.000e+00
     15.488   65.61822 -168.15346     15.643     4.0067     4.0011     4.0057    32.2763    32.2941  1025.6924    25.6194    276.793    264.742  321.27210     86.155     82.404     0.1429     0.5091     3.7534     0.9103 1.0000e-12       2327     1.6153  0.000e+00
     15.488   65.61822 -168.15346     15.643     4.0053     4.0007     4.0043    32.2765    32.2937  1025.6928    25.6197    276.826    264.743  321.28256     86.163     82.403     0.1380     0.4798     3.7534     0.9103 1.0000e-12       2328     1.6160  0.000e+00
     15.488   65.61822 -168.15346     15.643     4.0035     3.9999     4.0025    32.2780    32.2939  1025.6941    25.6211    276.868    264.750  321.29291     86.173     82.404     0.1392     0.4872     3.7534     0.9103 1.0000e-12       2329     1.6167  0.000e+00
     15.457   65.61822 -168.15346     15.612     4.0023     3.9994     4.0013    32.2790    32.2942  1025.6949    25.6220    276.913    264.759  321.29999     86.185     82.406     0.1380     0.4798     3.7546     0.9090 1.0000e-12       2330     1.6174  0.000e+00
     15.542   65.61822 -168.15346     15.697     4.0008     3.9983     3.9998    32.2795    32.2955  1025.6958    25.6225    276.973    264.946  321.31027     86.201     82.463     0.1392     0.4872     3.7705     0.8921 1.0000e-12       2331     1.6181  0.000e+00
     15.488   65.61822 -168.15346     15.643     3.9990     3.9972     3.9980    32.2808    32.2968  1025.6968    25.6238    277.037    264.776  321.32141     86.218     82.408     0.1404     0.4945     3.7802     0.8818 1.0000e-12       2332     1.6187  0.000e+00
     15.542   65.61822 -168.15346     15.697     3.9973     3.9957     3.9963    32.2823    32.2984  1025.6984    25.6251    277.499    264.783  321.33136     86.359     82.409     0.1392     0.4872     3.7802     0.8818 1.0000e-12       2333     1.6194  0.000e+00
     15.573   65.61822 -168.15346     15.728     3.9956     3.9944     3.9946    32.2838    32.2989  1025.6999    25.6265    277.188    264.795  321.34052     86.260     82.410     0.1392     0.4872     3.7790     0.8831 1.0000e-12       2334     1.6201  0.000e+00
     15.542   65.61822 -168.15346     15.697     3.9946     3.9928     3.9936    32.2848    32.2994  1025.7007    25.6274    277.233    264.789  321.34618     86.272     82.406     0.1392     0.4872     3.7790     0.8831 1.0000e-12       2335     1.6208  0.000e+00
     15.542   65.61822 -168.15346     15.697     3.9932     3.9914     3.9922    32.2851    32.3001  1025.7010    25.6277    277.290    264.620  321.35626     86.287     82.350     0.1392     0.4872     3.7790     0.8831 1.0000e-12       2336     1.6215  0.000e+00
     15.542   65.61822 -168.15346     15.697     3.9920     3.9903     3.9910    32.2855    32.3007  1025.7015    25.6282    277.352    264.788  321.36434     86.305     82.401     0.1392     0.4872     3.7790     0.8831 8.4714e-06       2337     1.6222  0.000e+00
     15.604   65.61822 -168.15346     15.760     3.9912     3.9892     3.9901    32.2860    32.3013  1025.7022    25.6286    277.177    264.816  321.37012     86.249     82.408     0.1392     0.4872     3.7790     0.8831 8.4714e-06       2338     1.6229  0.000e+00
     15.573   65.61822 -168.15346     15.728     3.9902     3.9886     3.9892    32.2858    32.3016  1025.7020    25.6286    277.151    264.632  321.37798     86.238     82.349     0.1380     0.4798     3.7790     0.8831 8.4714e-06       2339     1.6236  0.000e+00
     15.604   65.61822 -168.15346     15.760     3.9891     3.9877     3.9881    32.2871    32.3021  1025.7034    25.6298    277.198    264.624  321.38334     86.252     82.345     0.1392     0.4872     3.7790     0.8831 1.0000e-12       2340     1.6243  0.000e+00
     15.604   65.61822 -168.15346     15.760     3.9885     3.9869     3.9875    32.2878    32.3021  1025.7039    25.6303    277.217    264.619  321.38676     86.256     82.342     0.1404     0.4945     3.7802     0.8818 1.0000e-12       2341     1.6250  0.000e+00
     15.604   65.61822 -168.15346     15.760     3.9877     3.9861     3.9867    32.2883    32.3022  1025.7044    25.6308    277.243    264.618  321.39170     86.263     82.341     0.1392     0.4872     3.7790     0.8831 1.0000e-12       2342     1.6257  0.000e+00
     15.627   65.61822 -168.15346     15.783     3.9870     3.9853     3.9860    32.2886    32.3027  1025.7048    25.6311    277.276    264.433  321.39582     86.273     82.282     0.1392     0.4872     3.7790     0.8831 1.0000e-12       2343     1.6264  0.000e+00
     15.658   65.61822 -168.15346     15.814     3.9864     3.9846     3.9854    32.2887    32.3031  1025.7051    25.6313    277.107    264.609  321.40052     86.219     82.335     0.1392     0.4872     3.7790     0.8831 1.0000e-12       2344     1.6271  0.000e+00
     15.604   65.61822 -168.15346     15.760     3.9858     3.9842     3.9848    32.2888    32.3033  1025.7050    25.6314    277.120    264.618  321.40521     86.222     82.337     0.1392     0.4872     3.7802     0.8818 1.0000e-12       2345     1.6278  0.000e+00
     15.658   65.61822 -168.15346     15.814     3.9853     3.9836     3.9843    32.2889    32.3035  1025.7054    25.6315    277.355    264.447  321.40861     86.294     82.283     0.1392     0.4872     3.7790     0.8831 1.0000e-12       2346     1.6285  0.000e+00
     15.658   65.61822 -168.15346     15.814     3.9845     3.9826     3.9835    32.2896    32.3049  1025.7060    25.6322    277.384    264.637  321.41307     86.301     82.341     0.1392     0.4872     3.7790     0.8831 1.0000e-12       2347     1.6292  0.000e+00
     15.627   65.61822 -168.15346     15.783     3.9839     3.9819     3.9829    32.2905    32.3064  1025.7066    25.6329    277.205    264.660  321.41598     86.245     82.348     0.1380     0.4798     3.7802     0.8818 1.0000e-12       2348     1.6299  0.000e+00
     15.720   65.61822 -168.15346     15.876     3.9832     3.9810     3.9822    32.2917    32.3079  1025.7081    25.6340    277.215    264.693  321.41789     86.247     82.357     0.1392     0.4872     3.7790     0.8831 1.0000e-12       2349     1.6306  0.000e+00
     15.604   65.61822 -168.15346     15.760     3.9825     3.9804     3.9814    32.2930    32.3083  1025.7087    25.6351    277.225    264.534  321.42087     86.250     82.307     0.1404     0.4945     3.7790     0.8831 1.0000e-12       2350     1.6313  0.000e+00
     15.720   65.61822 -168.15346     15.876     3.9817     3.9795     3.9806    32.2940    32.3089  1025.7101    25.6359    277.040    264.558  321.42463     86.191     82.313     0.1392     0.4872     3.7912     0.8702 1.0000e-12       2351     1.6319  0.000e+00
     15.689   65.61822 -168.15346     15.845     3.9809     3.9786     3.9799    32.2944    32.3097  1025.7104    25.6363    277.247    264.560  321.42982     86.254     82.312     0.1441     0.5165     3.8010     0.8599 1.0000e-12       2352     1.6326  0.000e+00
     15.720   65.61822 -168.15346     15.876     3.9799     3.9773     3.9789    32.2954    32.3116  1025.7114    25.6373    277.252    264.569  321.43470     86.255     82.314     0.1465     0.5311     3.8034     0.8573 1.0000e-12       2353     1.6333  0.000e+00
     15.658   65.61822 -168.15346     15.814     3.9791     3.9763     3.9781    32.2987    32.3150  1025.7138    25.6399    277.254    264.386  321.43336     86.255     82.257     0.1477     0.5384     3.8022     0.8586 1.0000e-12       2354     1.6340  0.000e+00
