EcoFOCI/data/1_SampleCollection/2023_SikuliaqDBO_CruiseData/CTD_raw_BottleFile_SKQ23-12S/proc/skq202312s_044svp.cnv
* Sea-Bird SBE 9 Data File:
* FileName = D:\CTD\SKQ202312S\SKQ202312S_044.hex
* Software Version Seasave V 7.26.7.121
* Temperature SN = 6177
* Conductivity SN = 0369
* Number of Bytes Per Scan = 41
* Number of Voltage Words = 4
* Number of Scans Averaged by the Deck Unit = 1
* NMEA Latitude = 71 35.18 N
* NMEA Longitude = 161 23.69 W
* NMEA UTC (Time) = Sep 24 2023  08:13:31
* NMEA baud rate = 4800
** Ship: R/V Sikuliaq
** Station Number: 044
** Station Name: DBO4.4n
** Bottom Depth: 47
** Operator: SS
# nquan = 7
# nvalues = 5956                                  
# units = specified
# name 0 = depSM: Depth [salt water, m]
# name 1 = latitude: Latitude [deg]
# name 2 = longitude: Longitude [deg]
# name 3 = t090C: Temperature [ITS-90, deg C]
# name 4 = sal00: Salinity, Practical [PSU]
# name 5 = svCM: Sound Velocity [Chen-Millero, m/s]
# name 6 = flag:  0.000e+00
# span 0 =      2.237,     42.100                 
# span 1 =   71.58606,   71.58618                 
# span 2 = -161.39586, -161.39548                 
# span 3 =    -1.5499,     2.4597                 
# span 4 =    27.0614,    32.5734                 
# span 5 =    1439.01,    1452.35                 
# span 6 = 0.0000e+00, 0.0000e+00                 
# interval = seconds: 0.0416667
# start_time = Sep 24 2023 08:17:11 [NMEA time, first data scan]
# bad_flag = -9.990e-29
*END*
[from data line 821]
      4.989   71.58616 -161.39554     1.9844    27.0617    1447.71  0.000e+00
      5.043   71.58616 -161.39554     1.9840    27.0620    1447.71  0.000e+00
      5.043   71.58616 -161.39554     1.9842    27.0617    1447.71  0.000e+00
      5.043   71.58616 -161.39554     1.9840    27.0620    1447.71  0.000e+00
      5.097   71.58616 -161.39554     1.9839    27.0622    1447.71  0.000e+00
      5.043   71.58616 -161.39554     1.9840    27.0618    1447.71  0.000e+00
      5.043   71.58616 -161.39554     1.9840    27.0618    1447.71  0.000e+00
      5.043   71.58616 -161.39554     1.9839    27.0625    1447.71  0.000e+00
      5.097   71.58616 -161.39554     1.9840    27.0620    1447.71  0.000e+00
      5.097   71.58616 -161.39554     1.9839    27.0621    1447.71  0.000e+00
      5.043   71.58616 -161.39554     1.9842    27.0621    1447.71  0.000e+00
      5.097   71.58616 -161.39554     1.9841    27.0618    1447.71  0.000e+00
      5.097   71.58616 -161.39554     1.9842    27.0618    1447.71  0.000e+00
      5.097   71.58616 -161.39554     1.9841    27.0621    1447.71  0.000e+00
      5.043   71.58616 -161.39554     1.9842    27.0620    1447.71  0.000e+00
      5.159   71.58616 -161.39554     1.9842    27.0620    1447.71  0.000e+00
      5.097   71.58616 -161.39554     1.9843    27.0621    1447.71  0.000e+00
      5.097   71.58616 -161.39554     1.9842    27.0620    1447.71  0.000e+00
      5.097   71.58616 -161.39554     1.9843    27.0623    1447.71  0.000e+00
      5.097   71.58616 -161.39554     1.9842    27.0622    1447.71  0.000e+00
      5.159   71.58616 -161.39554     1.9845    27.0620    1447.71  0.000e+00
      5.120   71.58616 -161.39554     1.9844    27.0618    1447.71  0.000e+00
      5.159   71.58616 -161.39554     1.9843    27.0620    1447.71  0.000e+00
      5.097   71.58616 -161.39554     1.9842    27.0621    1447.71  0.000e+00
      5.159   71.58616 -161.39554     1.9843    27.0622    1447.71  0.000e+00
      5.159   71.58616 -161.39554     1.9844    27.0622    1447.71  0.000e+00
      5.159   71.58616 -161.39554     1.9843    27.0620    1447.71  0.000e+00
      5.159   71.58616 -161.39554     1.9845    27.0617    1447.71  0.000e+00
      5.159   71.58616 -161.39554     1.9845    27.0620    1447.71  0.000e+00
      5.159   71.58616 -161.39554     1.9844    27.0618    1447.71  0.000e+00
      5.159   71.58616 -161.39554     1.9846    27.0618    1447.71  0.000e+00
      5.159   71.58616 -161.39554     1.9845    27.0618    1447.71  0.000e+00
      5.159   71.58616 -161.39554     1.9845    27.0618    1447.71  0.000e+00
      5.213   71.58616 -161.39554     1.9846    27.0617    1447.71  0.000e+00
      5.159   71.58616 -161.39554     1.9845    27.0618    1447.71  0.000e+00
      5.213   71.58616 -161.39554     1.9845    27.0618    1447.71  0.000e+00
      5.213   71.58616 -161.39554     1.9845    27.0618    1447.71  0.000e+00
      5.159   71.58616 -161.39554     1.9846    27.0617    1447.71  0.000e+00
      5.213   71.58616 -161.39554     1.9845    27.0618    1447.71  0.000e+00
      5.213   71.58616 -161.39554     1.9843    27.0621    1447.71  0.000e+00
      5.213   71.58616 -161.39554     1.9847    27.0619    1447.71  0.000e+00
      5.213   71.58616 -161.39554     1.9845    27.0621    1447.71  0.000e+00
      5.213   71.58616 -161.39554     1.9845    27.0617    1447.71  0.000e+00
      5.213   71.58616 -161.39554     1.9845    27.0620    1447.71  0.000e+00
      5.213   71.58616 -161.39554     1.9845    27.0620    1447.71  0.000e+00
      5.213   71.58616 -161.39554     1.9845    27.0621    1447.71  0.000e+00
      5.274   71.58616 -161.39554     1.9847    27.0619    1447.71  0.000e+00
      5.274   71.58616 -161.39554     1.9846    27.0621    1447.71  0.000e+00
      5.213   71.58616 -161.39554     1.9844    27.0623    1447.71  0.000e+00
      5.274   71.58616 -161.39554     1.9845    27.0621    1447.71  0.000e+00
      5.213   71.58616 -161.39554     1.9844    27.0622    1447.71  0.000e+00
      5.274   71.58616 -161.39554     1.9845    27.0620    1447.71  0.000e+00
      5.274   71.58616 -161.39554     1.9845    27.0618    1447.71  0.000e+00
      5.274   71.58616 -161.39554     1.9844    27.0619    1447.71  0.000e+00
      5.274   71.58616 -161.39554     1.9843    27.0622    1447.71  0.000e+00
      5.328   71.58616 -161.39554     1.9844    27.0621    1447.71  0.000e+00
      5.274   71.58616 -161.39554     1.9843    27.0620    1447.71  0.000e+00
      5.274   71.58616 -161.39554     1.9844    27.0621    1447.71  0.000e+00
      5.328   71.58616 -161.39554     1.9843    27.0619    1447.71  0.000e+00
      5.274   71.58616 -161.39554     1.9845    27.0618    1447.71  0.000e+00
      5.328   71.58616 -161.39554     1.9841    27.0619    1447.71  0.000e+00
      5.328   71.58616 -161.39554     1.9842    27.0619    1447.71  0.000e+00
      5.328   71.58616 -161.39554     1.9843    27.0621    1447.71  0.000e+00
      5.328   71.58616 -161.39554     1.9842    27.0620    1447.71  0.000e+00
      5.382   71.58616 -161.39554     1.9843    27.0619    1447.71  0.000e+00
      5.328   71.58616 -161.39554     1.9842    27.0622    1447.71  0.000e+00
      5.328   71.58616 -161.39554     1.9845    27.0618    1447.71  0.000e+00
      5.382   71.58616 -161.39554     1.9844    27.0620    1447.71  0.000e+00
      5.382   71.58616 -161.39554     1.9842    27.0620    1447.71  0.000e+00
      5.382   71.58616 -161.39554     1.9843    27.0621    1447.71  0.000e+00
      5.382   71.58616 -161.39554     1.9845    27.0618    1447.71  0.000e+00
      5.382   71.58616 -161.39554     1.9841    27.0620    1447.71  0.000e+00
      5.382   71.58616 -161.39554     1.9842    27.0618    1447.71  0.000e+00
      5.444   71.58616 -161.39554     1.9841    27.0619    1447.71  0.000e+00
      5.382   71.58616 -161.39554     1.9842    27.0622    1447.71  0.000e+00
      5.406   71.58616 -161.39554     1.9843    27.0618    1447.71  0.000e+00
      5.498   71.58616 -161.39554     1.9842    27.0621    1447.71  0.000e+00
      5.444   71.58616 -161.39554     1.9841    27.0620    1447.71  0.000e+00
      5.444   71.58616 -161.39554     1.9844    27.0620    1447.71  0.000e+00
      5.444   71.58616 -161.39554     1.9841    27.0623    1447.71  0.000e+00
      5.498   71.58616 -161.39554     1.9842    27.0620    1447.71  0.000e+00
      5.444   71.58616 -161.39554     1.9843    27.0619    1447.71  0.000e+00
      5.498   71.58616 -161.39554     1.9842    27.0619    1447.71  0.000e+00
      5.498   71.58616 -161.39554     1.9843    27.0616    1447.71  0.000e+00
      5.560   71.58616 -161.39554     1.9842    27.0618    1447.72  0.000e+00
      5.498   71.58616 -161.39554     1.9842    27.0621    1447.71  0.000e+00
      5.560   71.58616 -161.39554     1.9843    27.0619    1447.72  0.000e+00
      5.560   71.58616 -161.39554     1.9842    27.0621    1447.72  0.000e+00
      5.560   71.58616 -161.39554     1.9841    27.0620    1447.72  0.000e+00
      5.560   71.58616 -161.39554     1.9842    27.0622    1447.72  0.000e+00
      5.560   71.58616 -161.39554     1.9843    27.0619    1447.72  0.000e+00
      5.614   71.58616 -161.39554     1.9844    27.0619    1447.72  0.000e+00
      5.614   71.58616 -161.39554     1.9841    27.0620    1447.72  0.000e+00
      5.560   71.58616 -161.39554     1.9840    27.0620    1447.71  0.000e+00
      5.675   71.58616 -161.39554     1.9840    27.0622    1447.72  0.000e+00
      5.614   71.58616 -161.39554     1.9844    27.0620    1447.72  0.000e+00
      5.614   71.58616 -161.39554     1.9843    27.0617    1447.72  0.000e+00
      5.675   71.58616 -161.39554     1.9840    27.0621    1447.72  0.000e+00
      5.675   71.58616 -161.39554     1.9843    27.0618    1447.72  0.000e+00
      5.675   71.58616 -161.39554     1.9844    27.0620    1447.72  0.000e+00
      5.675   71.58616 -161.39554     1.9843    27.0622    1447.72  0.000e+00
      5.729   71.58616 -161.39554     1.9842    27.0621    1447.72  0.000e+00
      5.675   71.58616 -161.39554     1.9844    27.0618    1447.72  0.000e+00
      5.729   71.58616 -161.39554     1.9841    27.0617    1447.72  0.000e+00
      5.783   71.58616 -161.39554     1.9842    27.0617    1447.72  0.000e+00
      5.729   71.58616 -161.39554     1.9840    27.0621    1447.72  0.000e+00
      5.729   71.58616 -161.39554     1.9840    27.0620    1447.72  0.000e+00
      5.783   71.58616 -161.39554     1.9840    27.0620    1447.72  0.000e+00
      5.783   71.58616 -161.39554     1.9840    27.0621    1447.72  0.000e+00
      5.783   71.58616 -161.39554     1.9839    27.0621    1447.72  0.000e+00
      5.783   71.58616 -161.39554     1.9842    27.0618    1447.72  0.000e+00
      5.845   71.58616 -161.39554     1.9839    27.0624    1447.72  0.000e+00
      5.783   71.58616 -161.39554     1.9842    27.0632    1447.72  0.000e+00
      5.845   71.58616 -161.39554     1.9846    27.0645    1447.73  0.000e+00
      5.845   71.58616 -161.39554     1.9853    27.0646    1447.73  0.000e+00
      5.899   71.58616 -161.39554     1.9856    27.0646    1447.73  0.000e+00
      5.845   71.58616 -161.39554     1.9856    27.0658    1447.73  0.000e+00
      5.899   71.58616 -161.39554     1.9859    27.0666    1447.73  0.000e+00
      5.845   71.58616 -161.39554     1.9863    27.0666    1447.74  0.000e+00
      5.961   71.58616 -161.39554     1.9863    27.0665    1447.74  0.000e+00
      5.899   71.58616 -161.39554     1.9866    27.0678    1447.74  0.000e+00
      5.899   71.58616 -161.39554     1.9872    27.0684    1447.74  0.000e+00
      5.961   71.58616 -161.39554     1.9881    27.0685    1447.75  0.000e+00
      5.899   71.58616 -161.39554     1.9886    27.0715    1447.75  0.000e+00
      5.961   71.58616 -161.39554     1.9902    27.0744    1447.77  0.000e+00
      6.015   71.58616 -161.39554     1.9919    27.0755    1447.77  0.000e+00
      5.899   71.58616 -161.39554     1.9932    27.0755    1447.78  0.000e+00
      6.015   71.58616 -161.39554     1.9944    27.0753    1447.79  0.000e+00
      6.015   71.58616 -161.39554     1.9952    27.0744    1447.79  0.000e+00
      5.961   71.58616 -161.39554     1.9958    27.0747    1447.79  0.000e+00
      6.015   71.58616 -161.39554     1.9960    27.0747    1447.79  0.000e+00
      6.015   71.58616 -161.39554     1.9963    27.0747    1447.79  0.000e+00
      6.076   71.58616 -161.39554     1.9966    27.0763    1447.80  0.000e+00
      6.015   71.58616 -161.39554     1.9969    27.0784    1447.80  0.000e+00
      6.015   71.58616 -161.39554     1.9977    27.0799    1447.81  0.000e+00
      6.076   71.58616 -161.39554     1.9988    27.0804    1447.81  0.000e+00
      6.076   71.58616 -161.39554     1.9994    27.0798    1447.82  0.000e+00
      6.076   71.58616 -161.39554     1.9991    27.0801    1447.81  0.000e+00
      6.076   71.58616 -161.39554     1.9993    27.0806    1447.82  0.000e+00
      6.076   71.58616 -161.39554     1.9995    27.0811    1447.82  0.000e+00
      6.076   71.58616 -161.39554     1.9999    27.0807    1447.82  0.000e+00
      6.076   71.58616 -161.39554     2.0000    27.0800    1447.82  0.000e+00
      6.130   71.58616 -161.39554     2.0000    27.0795    1447.82  0.000e+00
      6.130   71.58616 -161.39554     2.0005    27.0796    1447.82  0.000e+00
      6.130   71.58616 -161.39554     2.0008    27.0800    1447.82  0.000e+00
      6.130   71.58616 -161.39554     2.0009    27.0796    1447.82  0.000e+00
      6.130   71.58616 -161.39554     2.0005    27.0806    1447.82  0.000e+00
      6.076   71.58616 -161.39554     2.0008    27.0832    1447.83  0.000e+00
      6.184   71.58616 -161.39554     2.0013    27.0858    1447.83  0.000e+00
      6.130   71.58616 -161.39554     2.0016    27.0859    1447.83  0.000e+00
      6.130   71.58616 -161.39554     2.0016    27.0846    1447.83  0.000e+00
      6.184   71.58616 -161.39554     2.0006    27.0835    1447.83  0.000e+00
      6.130   71.58616 -161.39554     1.9995    27.0821    1447.82  0.000e+00
      6.184   71.58616 -161.39554     1.9986    27.0808    1447.81  0.000e+00
      6.184   71.58616 -161.39554     1.9984    27.0792    1447.81  0.000e+00
      6.184   71.58616 -161.39554     1.9982    27.0773    1447.81  0.000e+00
      6.184   71.58616 -161.39554     1.9975    27.0761    1447.80  0.000e+00
      6.130   71.58616 -161.39554     1.9971    27.0755    1447.80  0.000e+00
      6.246   71.58616 -161.39554     1.9968    27.0761    1447.80  0.000e+00
      6.184   71.58616 -161.39554     1.9966    27.0777    1447.80  0.000e+00
      6.184   71.58616 -161.39554     1.9963    27.0776    1447.80  0.000e+00
      6.246   71.58616 -161.39554     1.9957    27.0770    1447.80  0.000e+00
      6.184   71.58616 -161.39554     1.9958    27.0763    1447.80  0.000e+00
      6.184   71.58616 -161.39554     1.9957    27.0764    1447.80  0.000e+00
      6.246   71.58616 -161.39554     1.9956    27.0769    1447.80  0.000e+00
      6.184   71.58616 -161.39554     1.9958    27.0776    1447.80  0.000e+00
      6.246   71.58616 -161.39554     1.9958    27.0789    1447.80  0.000e+00
      6.246   71.58616 -161.39554     1.9964    27.0800    1447.80  0.000e+00
      6.246   71.58616 -161.39554     1.9968    27.0802    1447.81  0.000e+00
      6.246   71.58616 -161.39554     1.9971    27.0808    1447.81  0.000e+00
      6.246   71.58616 -161.39554     1.9972    27.0821    1447.81  0.000e+00
      6.246   71.58616 -161.39554     1.9978    27.0837    1447.82  0.000e+00
      6.246   71.58616 -161.39554     1.9981    27.0850    1447.82  0.000e+00
      6.300   71.58616 -161.39554     1.9986    27.0850    1447.82  0.000e+00
      6.246   71.58616 -161.39554     1.9994    27.0841    1447.82  0.000e+00
      6.246   71.58616 -161.39554     1.9995    27.0807    1447.82  0.000e+00
      6.300   71.58616 -161.39554     1.9995    27.0762    1447.81  0.000e+00
      6.300   71.58616 -161.39554     1.9989    27.0760    1447.81  0.000e+00
      6.300   71.58616 -161.39554     1.9983    27.0786    1447.81  0.000e+00
      6.246   71.58616 -161.39554     1.9989    27.0791    1447.81  0.000e+00
      6.300   71.58616 -161.39554     1.9989    27.0798    1447.82  0.000e+00
      6.300   71.58616 -161.39554     1.9988    27.0801    1447.82  0.000e+00
      6.300   71.58616 -161.39554     1.9988    27.0786    1447.81  0.000e+00
      6.362   71.58616 -161.39554     1.9977    27.0778    1447.81  0.000e+00
      6.300   71.58616 -161.39554     1.9975    27.0770    1447.81  0.000e+00
      6.300   71.58616 -161.39554     1.9970    27.0767    1447.80  0.000e+00
      6.362   71.58616 -161.39554     1.9966    27.0770    1447.80  0.000e+00
      6.362   71.58616 -161.39554     1.9964    27.0779    1447.80  0.000e+00
      6.300   71.58616 -161.39554     1.9964    27.0782    1447.80  0.000e+00
      6.362   71.58616 -161.39554     1.9968    27.0788    1447.81  0.000e+00
      6.362   71.58616 -161.39554     1.9972    27.0789    1447.81  0.000e+00
      6.362   71.58616 -161.39554     1.9972    27.0779    1447.81  0.000e+00
      6.416   71.58616 -161.39554     1.9972    27.0762    1447.81  0.000e+00
      6.362   71.58616 -161.39554     1.9969    27.0742    1447.80  0.000e+00
      6.416   71.58616 -161.39554     1.9962    27.0735    1447.80  0.000e+00
      6.362   71.58616 -161.39554     1.9953    27.0728    1447.79  0.000e+00
      6.416   71.58616 -161.39554     1.9949    27.0734    1447.79  0.000e+00
      6.416   71.58616 -161.39554     1.9944    27.0752    1447.79  0.000e+00
      6.416   71.58616 -161.39554     1.9943    27.0771    1447.79  0.000e+00
      6.416   71.58616 -161.39554     1.9944    27.0773    1447.79  0.000e+00
      6.477   71.58616 -161.39554     1.9941    27.0764    1447.79  0.000e+00
      6.416   71.58616 -161.39554     1.9942    27.0745    1447.79  0.000e+00
      6.477   71.58616 -161.39554     1.9944    27.0730    1447.79  0.000e+00
      6.416   71.58616 -161.39554     1.9936    27.0732    1447.79  0.000e+00
