EcoFOCI/data/1_SampleCollection/2023_SikuliaqDBO_CruiseData/CTD_raw_BottleFile_SKQ23-12S/proc/skq202312s_068.cnv
* Sea-Bird SBE 9 Data File:
* FileName = D:\CTD\SKQ202312S\SKQ202312S_068.hex
* Software Version Seasave V 7.26.7.121
* Temperature SN = 6177
* Conductivity SN = 0369
* Number of Bytes Per Scan = 41
* Number of Voltage Words = 4
* Number of Scans Averaged by the Deck Unit = 1
* NMEA Latitude = 67 40.62 N
* NMEA Longitude = 168 56.94 W
* NMEA UTC (Time) = Sep 29 2023  21:42:04
* NMEA baud rate = 4800
** Ship: R/V Sikuliaq
** Station Number: 068
** Station Name: DBO3.8
** Bottom Depth: 50
** Operator: SD
# nquan = 24
# nvalues = 3703                                  
# units = specified
# name 0 = depSM: Depth [salt water, m]
# name 1 = latitude: Latitude [deg]
# name 2 = longitude: Longitude [deg]
# name 3 = prDM: Pressure, Digiquartz [db]
# name 4 = t090C: Temperature [ITS-90, deg C]
# name 5 = t190C: Temperature, 2 [ITS-90, deg C]
# name 6 = potemp090C: Potential Temperature [ITS-90, deg C]
# name 7 = sal00: Salinity, Practical [PSU]
# name 8 = sal11: Salinity, Practical, 2 [PSU]
# name 9 = density00: Density [density, kg/m^3]
# name 10 = sigma-é00: Density [sigma-theta, kg/m^3]
# name 11 = sbox0Mm/Kg: Oxygen, SBE 43 [umol/kg]
# name 12 = sbox1Mm/Kg: Oxygen, SBE 43, 2 [umol/kg]
# name 13 = oxsolMm/Kg: Oxygen Saturation, Garcia & Gordon [umol/kg]
# name 14 = sbeox0PS: Oxygen, SBE 43 [% saturation]
# name 15 = sbeox1PS: Oxygen, SBE 43, 2 [% saturation]
# name 16 = v0: Voltage 0
# name 17 = flECO-AFL: Fluorescence, WET Labs ECO-AFL/FL [mg/m^3]
# name 18 = v1: Voltage 1
# name 19 = CStarAt0: Beam Attenuation, WET Labs C-Star [1/m]
# name 20 = par: PAR/Irradiance, Biospherical/Licor
# name 21 = scan: Scan Count
# name 22 = timeM: Time, Elapsed [minutes]
# name 23 = flag:  0.000e+00
# span 0 =      2.051,     45.081                 
# span 1 =   67.67708,   67.67710                 
# span 2 = -168.94940, -168.94924                 
# span 3 =      2.071,     45.540                 
# span 4 =     2.2800,     4.3266                 
# span 5 =     2.2714,     4.3271                 
# span 6 =     2.2787,     4.3252                 
# span 7 =    26.1225,    32.4304                 
# span 8 =    26.1366,    32.4429                 
# span 9 =  1020.8256,  1026.0550                 
# span 10 =    20.7999,    25.8417                
# span 11 =    236.439,    331.586                
# span 12 =    224.365,    316.898                
# span 13 =  326.96656,  344.61871                
# span 14 =     71.734,     98.278                
# span 15 =     68.080,     93.806                
# span 16 =     0.0757,     0.2686                
# span 17 =     0.1062,     1.2637                
# span 18 =     2.2198,     4.0696                
# span 19 =     0.5866,     3.0122                
# span 20 = 4.2089e-02, 2.5542e+02                
# span 21 =          1,       3703                
# span 22 =     0.0000,     2.5708                
# span 23 = 0.0000e+00, 0.0000e+00                
# interval = seconds: 0.0416667
# start_time = Sep 29 2023 21:45:22 [NMEA time, first data scan]
# bad_flag = -9.990e-29
*END*
[from data line 2174]
     36.992   67.67708 -168.94934     37.369     3.0403     3.0396     3.0382    32.2632    32.2775  1025.8730    25.6976    240.985    230.400  328.99427     73.249     70.038     0.0781     0.1209     3.2759     1.4547 7.3743e-01       2175     1.5097  0.000e+00
     37.062   67.67708 -168.94934     37.439     3.0399     3.0389     3.0377    32.2632    32.2777  1025.8734    25.6976    240.933    230.510  328.99816     73.232     70.070     0.0781     0.1209     3.2808     1.4487 7.3743e-01       2176     1.5104  0.000e+00
     37.062   67.67708 -168.94934     37.439     3.0392     3.0386     3.0371    32.2643    32.2780  1025.8744    25.6986    241.043    230.431  329.00058     73.265     70.046     0.0781     0.1209     3.2882     1.4398 7.3743e-01       2177     1.5111  0.000e+00
     37.116   67.67708 -168.94934     37.493     3.0386     3.0380     3.0365    32.2645    32.2790  1025.8749    25.6988    241.209    230.344  329.00526     73.315     70.019     0.0781     0.1209     3.2906     1.4368 7.2786e-01       2178     1.5118  0.000e+00
     37.116   67.67708 -168.94934     37.493     3.0380     3.0380     3.0359    32.2655    32.2787  1025.8757    25.6996    241.169    230.437  329.00757     73.302     70.047     0.0781     0.1209     3.2894     1.4383 7.2311e-01       2179     1.5125  0.000e+00
     37.108   67.67708 -168.94934     37.486     3.0377     3.0376     3.0356    32.2661    32.2788  1025.8761    25.7001    241.110    230.347  329.00877     73.284     70.019     0.0781     0.1209     3.2894     1.4383 7.2075e-01       2180     1.5132  0.000e+00
     37.170   67.67708 -168.94934     37.548     3.0373     3.0378     3.0352    32.2668    32.2791  1025.8771    25.7007    240.597    230.438  329.00996     73.128     70.047     0.0781     0.1209     3.2894     1.4383 7.1839e-01       2181     1.5139  0.000e+00
     37.170   67.67708 -168.94934     37.548     3.0372     3.0373     3.0351    32.2667    32.2794  1025.8769    25.7006    241.087    230.345  329.01126     73.276     70.018     0.0781     0.1209     3.2894     1.4383 7.1605e-01       2182     1.5146  0.000e+00
     37.170   67.67708 -168.94934     37.548     3.0369     3.0373     3.0348    32.2670    32.2796  1025.8772    25.7009    241.225    230.431  329.01257     73.318     70.045     0.0781     0.1209     3.2894     1.4383 7.1370e-01       2183     1.5153  0.000e+00
     37.231   67.67708 -168.94934     37.610     3.0367     3.0373     3.0346    32.2670    32.2796  1025.8776    25.7010    241.161    230.334  329.01425     73.298     70.015     0.0769     0.1135     3.2894     1.4383 7.0439e-01       2184     1.5160  0.000e+00
     37.224   67.67708 -168.94934     37.602     3.0364     3.0373     3.0343    32.2670    32.2792  1025.8775    25.7010    241.291    230.416  329.01645     73.337     70.040     0.0781     0.1209     3.2894     1.4383 6.9519e-01       2185     1.5167  0.000e+00
     37.170   67.67708 -168.94934     37.548     3.0364     3.0372     3.0343    32.2672    32.2797  1025.8774    25.7011    241.211    230.503  329.01598     73.313     70.066     0.0781     0.1209     3.2894     1.4383 6.9291e-01       2186     1.5174  0.000e+00
     37.285   67.67708 -168.94934     37.665     3.0361     3.0372     3.0339    32.2674    32.2797  1025.8781    25.7013    241.370    230.602  329.01864     73.360     70.096     0.0781     0.1209     3.2894     1.4383 6.9063e-01       2187     1.5181  0.000e+00
     37.231   67.67708 -168.94934     37.610     3.0361     3.0370     3.0340    32.2671    32.2797  1025.8776    25.7010    241.533    230.531  329.01896     73.410     70.074     0.0781     0.1209     3.2894     1.4383 6.8836e-01       2188     1.5188  0.000e+00
     37.278   67.67708 -168.94934     37.657     3.0362     3.0371     3.0341    32.2671    32.2794  1025.8779    25.7010    241.454    230.641  329.01802     73.386     70.108     0.0781     0.1209     3.2894     1.4383 6.8609e-01       2189     1.5194  0.000e+00
     37.347   67.67708 -168.94934     37.727     3.0358     3.0366     3.0337    32.2678    32.2800  1025.8788    25.7016    241.389    230.564  329.01982     73.366     70.084     0.0781     0.1209     3.2894     1.4383 6.9063e-01       2190     1.5201  0.000e+00
     37.285   67.67708 -168.94934     37.665     3.0356     3.0366     3.0335    32.2676    32.2798  1025.8784    25.7015    241.294    230.660  329.02154     73.337     70.113     0.0781     0.1209     3.2894     1.4383 6.9291e-01       2191     1.5208  0.000e+00
     37.347   67.67708 -168.94934     37.727     3.0354     3.0363     3.0333    32.2674    32.2800  1025.8785    25.7014    241.615    230.570  329.02373     73.434     70.085     0.0781     0.1209     3.2894     1.4383 6.9291e-01       2192     1.5215  0.000e+00
     37.347   67.67708 -168.94934     37.727     3.0352     3.0357     3.0330    32.2677    32.2805  1025.8787    25.7016    241.540    230.657  329.02533     73.411     70.111     0.0781     0.1209     3.2894     1.4383 6.9063e-01       2193     1.5222  0.000e+00
     37.393   67.67708 -168.94934     37.774     3.0350     3.0357     3.0329    32.2673    32.2804  1025.8787    25.7013    241.694    230.747  329.02740     73.457     70.138     0.0781     0.1209     3.2894     1.4383 6.8383e-01       2194     1.5229  0.000e+00
     37.347   67.67708 -168.94934     37.727     3.0346     3.0352     3.0325    32.2676    32.2809  1025.8788    25.7016    241.815    230.643  329.02974     73.493     70.106     0.0806     0.1355     3.2894     1.4383 6.8158e-01       2195     1.5236  0.000e+00
     37.401   67.67708 -168.94934     37.782     3.0342     3.0352     3.0321    32.2682    32.2804  1025.8795    25.7021    241.762    230.545  329.03142     73.477     70.076     0.0806     0.1355     3.2882     1.4398 6.7933e-01       2196     1.5243  0.000e+00
     37.463   67.67708 -168.94934     37.844     3.0338     3.0348     3.0316    32.2685    32.2805  1025.8800    25.7023    241.900    230.625  329.03461     73.518     70.100     0.0806     0.1355     3.2857     1.4428 6.7709e-01       2197     1.5250  0.000e+00
     37.401   67.67708 -168.94934     37.782     3.0337     3.0341     3.0316    32.2683    32.2812  1025.8796    25.7022    241.818    230.705  329.03553     73.493     70.123     0.0794     0.1282     3.2845     1.4443 6.7709e-01       2198     1.5257  0.000e+00
     37.455   67.67708 -168.94934     37.836     3.0333     3.0336     3.0311    32.2688    32.2816  1025.8803    25.7027    241.964    230.617  329.03761     73.537     70.096     0.0806     0.1355     3.2845     1.4443 6.7486e-01       2199     1.5264  0.000e+00
     37.463   67.67708 -168.94934     37.844     3.0328     3.0330     3.0306    32.2690    32.2819  1025.8805    25.7028    241.897    230.705  329.04163     73.516     70.122     0.0806     0.1355     3.2845     1.4443 6.7041e-01       2200     1.5271  0.000e+00
     37.463   67.67708 -168.94934     37.844     3.0324     3.0326     3.0302    32.2690    32.2823  1025.8806    25.7029    242.016    230.793  329.04464     73.551     70.148     0.0806     0.1355     3.2845     1.4443 6.6819e-01       2201     1.5278  0.000e+00
     37.517   67.67708 -168.94934     37.899     3.0321     3.0324     3.0299    32.2694    32.2826  1025.8812    25.7033    242.175    230.882  329.04612     73.599     70.175     0.0794     0.1282     3.2845     1.4443 6.6819e-01       2202     1.5285  0.000e+00
     37.517   67.67708 -168.94934     37.899     3.0316     3.0319     3.0295    32.2699    32.2829  1025.8817    25.7037    241.682    230.800  329.04833     73.449     70.149     0.0806     0.1355     3.2845     1.4443 6.5939e-01       2203     1.5292  0.000e+00
     37.509   67.67708 -168.94934     37.891     3.0314     3.0315     3.0293    32.2697    32.2835  1025.8815    25.7035    242.180    230.891  329.05062     73.600     70.176     0.0794     0.1282     3.2845     1.4443 6.5286e-01       2204     1.5299  0.000e+00
     37.517   67.67708 -168.94934     37.899     3.0309     3.0313     3.0288    32.2701    32.2832  1025.8818    25.7039    242.314    230.786  329.05364     73.640     70.144     0.0806     0.1355     3.2845     1.4443 6.5069e-01       2205     1.5306  0.000e+00
     37.571   67.67708 -168.94934     37.953     3.0309     3.0310     3.0287    32.2697    32.2833  1025.8818    25.7035    242.230    230.856  329.05511     73.614     70.165     0.0794     0.1282     3.2845     1.4443 6.5286e-01       2206     1.5313  0.000e+00
     37.571   67.67710 -168.94934     37.953     3.0303     3.0307     3.0282    32.2698    32.2835  1025.8819    25.7037    242.330    230.946  329.05902     73.643     70.192     0.0806     0.1355     3.2845     1.4443 6.5286e-01       2207     1.5319  0.000e+00
     37.571   67.67710 -168.94934     37.953     3.0302     3.0302     3.0280    32.2700    32.2837  1025.8821    25.7038    242.244    231.037  329.06002     73.617     70.219     0.0806     0.1355     3.2845     1.4443 6.5503e-01       2208     1.5326  0.000e+00
     37.686   67.67710 -168.94934     38.070     3.0296     3.0293     3.0274    32.2694    32.2836  1025.8822    25.7034    242.422    230.937  329.06629     73.670     70.187     0.0806     0.1355     3.2845     1.4443 6.5069e-01       2209     1.5333  0.000e+00
     37.571   67.67710 -168.94934     37.953     3.0291     3.0287     3.0269    32.2692    32.2839  1025.8816    25.7033    242.556    230.999  329.07104     73.709     70.204     0.0806     0.1355     3.2845     1.4443 6.4423e-01       2210     1.5340  0.000e+00
     37.632   67.67710 -168.94934     38.015     3.0285     3.0285     3.0263    32.2692    32.2838  1025.8819    25.7034    242.695    230.888  329.07583     73.750     70.171     0.0806     0.1355     3.2845     1.4443 6.4209e-01       2211     1.5347  0.000e+00
     37.686   67.67710 -168.94934     38.070     3.0277     3.0277     3.0255    32.2690    32.2839  1025.8820    25.7033    242.614    230.953  329.08292     73.724     70.189     0.0794     0.1282     3.2845     1.4443 6.4638e-01       2212     1.5354  0.000e+00
     37.686   67.67710 -168.94934     38.070     3.0267     3.0267     3.0246    32.2694    32.2841  1025.8825    25.7037    242.930    231.014  329.08964     73.819     70.206     0.0806     0.1355     3.2845     1.4443 6.4853e-01       2213     1.5361  0.000e+00
     37.686   67.67710 -168.94934     38.070     3.0258     3.0257     3.0236    32.2699    32.2848  1025.8829    25.7041    242.657    231.093  329.09596     73.734     70.228     0.0806     0.1355     3.2845     1.4443 6.5069e-01       2214     1.5368  0.000e+00
     37.686   67.67710 -168.94934     38.070     3.0250     3.0244     3.0228    32.2703    32.2851  1025.8833    25.7046    242.636    231.172  329.10138     73.727     70.250     0.0806     0.1355     3.2845     1.4443 6.4638e-01       2215     1.5375  0.000e+00
     37.686   67.67710 -168.94934     38.070     3.0241     3.0229     3.0219    32.2709    32.2856  1025.8839    25.7051    242.753    231.075  329.10720     73.761     70.218     0.0806     0.1355     3.2796     1.4502 6.3783e-01       2216     1.5382  0.000e+00
     37.748   67.67710 -168.94934     38.132     3.0228     3.0210     3.0206    32.2711    32.2862  1025.8844    25.7054    242.872    231.151  329.11731     73.795     70.239     0.0806     0.1355     3.2405     1.4982 6.3358e-01       2217     1.5389  0.000e+00
     37.748   67.67710 -168.94934     38.132     3.0218     3.0193     3.0197    32.2715    32.2873  1025.8848    25.7058    242.798    231.218  329.12413     73.771     70.257     0.0794     0.1282     3.2222     1.5208 6.3358e-01       2218     1.5396  0.000e+00
     37.740   67.67710 -168.94934     38.125     3.0206     3.0183     3.0185    32.2720    32.2877  1025.8853    25.7063    242.904    231.105  329.13285     73.801     70.221     0.0806     0.1355     3.2210     1.5224 6.2727e-01       2219     1.5403  0.000e+00
     37.748   67.67710 -168.94934     38.132     3.0195     3.0176     3.0174    32.2722    32.2878  1025.8856    25.7066    243.005    230.963  329.14098     73.830     70.177     0.0806     0.1355     3.2234     1.5193 6.2517e-01       2220     1.5410  0.000e+00
     37.802   67.67710 -168.94934     38.187     3.0181     3.0167     3.0159    32.2728    32.2880  1025.8864    25.7071    243.138    231.016  329.15139     73.868     70.191     0.0818     0.1428     3.2234     1.5193 6.2517e-01       2221     1.5417  0.000e+00
     37.802   67.67710 -168.94934     38.187     3.0173     3.0161     3.0152    32.2727    32.2882  1025.8864    25.7071    243.040    231.060  329.15770     73.837     70.203     0.0818     0.1428     3.2234     1.5193 6.2517e-01       2222     1.5424  0.000e+00
     37.802   67.67710 -168.94934     38.187     3.0161     3.0147     3.0139    32.2731    32.2888  1025.8869    25.7076    243.121    230.931  329.16703     73.859     70.162     0.0818     0.1428     3.2234     1.5193 6.2309e-01       2223     1.5431  0.000e+00
     37.794   67.67710 -168.94934     38.179     3.0148     3.0130     3.0126    32.2733    32.2895  1025.8871    25.7078    243.230    231.167  329.17696     73.890     70.231     0.0806     0.1355     3.2234     1.5193 6.2309e-01       2224     1.5438  0.000e+00
     37.864   67.67710 -168.94934     38.249     3.0134     3.0115     3.0112    32.2727    32.2894  1025.8871    25.7075    243.334    231.054  329.18988     73.919     70.194     0.0818     0.1428     3.2234     1.5193 6.1068e-01       2225     1.5444  0.000e+00
     37.864   67.67710 -168.94934     38.249     3.0124     3.0100     3.0103    32.2726    32.2901  1025.8871    25.7075    243.241    231.105  329.19781     73.889     70.208     0.0818     0.1428     3.2234     1.5193 6.0455e-01       2226     1.5451  0.000e+00
     37.864   67.67710 -168.94934     38.249     3.0108     3.0086     3.0086    32.2727    32.2900  1025.8873    25.7077    243.363    231.150  329.21115     73.923     70.219     0.0818     0.1428     3.2234     1.5193 6.0455e-01       2227     1.5458  0.000e+00
     37.864   67.67710 -168.94934     38.249     3.0093     3.0068     3.0071    32.2726    32.2902  1025.8874    25.7077    243.475    231.213  329.22359     73.954     70.235     0.0806     0.1355     3.2234     1.5193 6.0659e-01       2228     1.5465  0.000e+00
     37.910   67.67710 -168.94934     38.296     3.0078     3.0052     3.0056    32.2718    32.2899  1025.8871    25.7072    243.362    231.270  329.23779     73.917     70.249     0.0818     0.1428     3.2234     1.5193 6.0863e-01       2229     1.5472  0.000e+00
     37.864   67.67710 -168.94934     38.249     3.0062     3.0033     3.0041    32.2706    32.2896  1025.8861    25.7064    243.347    231.145  329.25337     73.909     70.208     0.0818     0.1428     3.2234     1.5193 6.0863e-01       2230     1.5479  0.000e+00
     37.918   67.67710 -168.94934     38.304     3.0045     3.0010     3.0023    32.2706    32.2898  1025.8864    25.7065    243.429    231.190  329.26750     73.930     70.218     0.0818     0.1428     3.2234     1.5193 6.1068e-01       2231     1.5486  0.000e+00
     37.918   67.67710 -168.94934     38.304     3.0028     2.9958     3.0006    32.2702    32.2915  1025.8863    25.7064    243.535    231.265  329.28235     73.959     70.232     0.0806     0.1355     3.2234     1.5193 6.1273e-01       2232     1.5493  0.000e+00
     37.972   67.67710 -168.94934     38.358     3.0006     2.9898     2.9984    32.2699    32.2916  1025.8865    25.7063    243.633    231.340  329.30099     73.985     70.245     0.0818     0.1428     3.2234     1.5193 6.1273e-01       2233     1.5500  0.000e+00
