EcoFOCI/data/1_SampleCollection/2023_SikuliaqDBO_CruiseData/CTD_raw_BottleFile_SKQ23-12S/proc/skq202312s_060.cnv
* Sea-Bird SBE 9 Data File:
* FileName = D:\CTD\SKQ202312S\SKQ202312S_060.hex
* Software Version Seasave V 7.26.7.121
* Temperature SN = 6177
* Conductivity SN = 0369
* Number of Bytes Per Scan = 41
* Number of Voltage Words = 4
* Number of Scans Averaged by the Deck Unit = 1
* NMEA Latitude = 71 36.06 N
* NMEA Longitude = 165 18.28 W
* NMEA UTC (Time) = Sep 27 2023  22:11:30
* NMEA baud rate = 4800
** Ship: R/V Sikuliaq
** Station Number: 060
** Station Name: IC3
** Bottom Depth: 42
** Operator: SD
# nquan = 24
# nvalues = 6164                                  
# units = specified
# name 0 = depSM: Depth [salt water, m]
# name 1 = latitude: Latitude [deg]
# name 2 = longitude: Longitude [deg]
# name 3 = prDM: Pressure, Digiquartz [db]
# name 4 = t090C: Temperature [ITS-90, deg C]
# name 5 = t190C: Temperature, 2 [ITS-90, deg C]
# name 6 = potemp090C: Potential Temperature [ITS-90, deg C]
# name 7 = sal00: Salinity, Practical [PSU]
# name 8 = sal11: Salinity, Practical, 2 [PSU]
# name 9 = density00: Density [density, kg/m^3]
# name 10 = sigma-é00: Density [sigma-theta, kg/m^3]
# name 11 = sbox0Mm/Kg: Oxygen, SBE 43 [umol/kg]
# name 12 = sbox1Mm/Kg: Oxygen, SBE 43, 2 [umol/kg]
# name 13 = oxsolMm/Kg: Oxygen Saturation, Garcia & Gordon [umol/kg]
# name 14 = sbeox0PS: Oxygen, SBE 43 [% saturation]
# name 15 = sbeox1PS: Oxygen, SBE 43, 2 [% saturation]
# name 16 = v0: Voltage 0
# name 17 = flECO-AFL: Fluorescence, WET Labs ECO-AFL/FL [mg/m^3]
# name 18 = v1: Voltage 1
# name 19 = CStarAt0: Beam Attenuation, WET Labs C-Star [1/m]
# name 20 = par: PAR/Irradiance, Biospherical/Licor
# name 21 = scan: Scan Count
# name 22 = timeM: Time, Elapsed [minutes]
# name 23 = flag:  0.000e+00
# span 0 =      1.992,     36.973                 
# span 1 =   71.60090,   71.60090                 
# span 2 = -165.30478, -165.30476                 
# span 3 =      2.013,     37.358                 
# span 4 =    -1.0353,     3.2514                 
# span 5 =    -1.0341,     3.2530                 
# span 6 =    -1.0361,     3.2502                 
# span 7 =    30.3820,    32.5335                 
# span 8 =    30.3908,    32.5669                 
# span 9 =  1024.2413,  1026.3071                 
# span 10 =    24.2304,    26.1525                
# span 11 =    265.823,    397.086                
# span 12 =    253.220,    368.479                
# span 13 =  330.97265,  364.69628                
# span 14 =     72.898,    111.769                
# span 15 =     69.448,    103.513                
# span 16 =     0.0696,     0.6020                
# span 17 =     0.0696,     3.2637                
# span 18 =     2.9536,     4.2393                
# span 19 =     0.4232,     1.8692                
# span 20 = 2.1843e+00, 2.5686e+02                
# span 21 =          1,       6164                
# span 22 =     0.0000,     4.2799                
# span 23 = 0.0000e+00, 0.0000e+00                
# interval = seconds: 0.0416667
# start_time = Sep 27 2023 22:14:51 [NMEA time, first data scan]
# bad_flag = -9.990e-29
*END*
[from data line 121]
      2.393   71.60090 -165.30478      2.418     2.6110     2.6127     2.6109    30.3865    30.3985  1024.2455    24.2341    326.541    311.735  337.30532     96.809     92.432     0.0757     0.1062     4.2369     0.4255 2.1155e+02        122     0.0840  0.000e+00
      2.339   71.60090 -165.30478      2.364     2.6112     2.6121     2.6110    30.3865    30.3982  1024.2452    24.2340    326.533    311.744  337.30398     96.807     92.433     0.0757     0.1062     4.2369     0.4255 2.0918e+02        123     0.0847  0.000e+00
      2.339   71.60090 -165.30478      2.364     2.6115     2.6117     2.6114    30.3860    30.3979  1024.2448    24.2336    326.526    311.755  337.30254     96.805     92.435     0.0757     0.1062     4.2369     0.4255 2.0918e+02        124     0.0854  0.000e+00
      2.339   71.60090 -165.30478      2.364     2.6113     2.6115     2.6112    30.3861    30.3974  1024.2449    24.2337    326.523    311.965  337.30351     96.804     92.497     0.0745     0.0989     4.2369     0.4255 2.0453e+02        125     0.0861  0.000e+00
      2.339   71.60090 -165.30478      2.364     2.6115     2.6110     2.6114    30.3861    30.3979  1024.2449    24.2337    326.517    311.976  337.30214     96.802     92.499     0.0757     0.1062     4.2357     0.4266 2.0054e+02        126     0.0868  0.000e+00
      2.339   71.60090 -165.30478      2.364     2.6115     2.6111     2.6114    30.3860    30.3978  1024.2448    24.2337    326.512    311.782  337.30234     96.801     92.441     0.0757     0.1062     4.2369     0.4255 1.9941e+02        127     0.0875  0.000e+00
      2.339   71.60090 -165.30478      2.364     2.6113     2.6114     2.6112    30.3865    30.3978  1024.2452    24.2340    326.508    311.761  337.30261     96.800     92.436     0.0757     0.1062     4.2369     0.4255 1.9941e+02        128     0.0882  0.000e+00
      2.278   71.60090 -165.30478      2.301     2.6116     2.6120     2.6115    30.3860    30.3982  1024.2445    24.2336    326.499    311.959  337.30119     96.798     92.496     0.0745     0.0989     4.2369     0.4255 1.9885e+02        129     0.0889  0.000e+00
      2.278   71.60090 -165.30478      2.301     2.6115     2.6125     2.6114    30.3861    30.3984  1024.2446    24.2338    326.496    311.760  337.30206     96.796     92.439     0.0757     0.1062     4.2369     0.4255 1.9885e+02        130     0.0896  0.000e+00
      2.339   71.60090 -165.30478      2.364     2.6115     2.6128     2.6114    30.3856    30.3985  1024.2445    24.2333    326.495    311.742  337.30354     96.796     92.434     0.0769     0.1135     4.2369     0.4255 2.0224e+02        131     0.0903  0.000e+00
      2.278   71.60090 -165.30478      2.301     2.6112     2.6131     2.6110    30.3856    30.3986  1024.2442    24.2333    326.491    311.743  337.30630     96.794     92.435     0.0757     0.1062     4.2369     0.4255 2.0801e+02        132     0.0910  0.000e+00
      2.278   71.60090 -165.30478      2.301     2.6112     2.6131     2.6110    30.3850    30.3985  1024.2438    24.2329    326.488    311.752  337.30760     96.792     92.438     0.0757     0.1062     4.2369     0.4255 2.0977e+02        133     0.0917  0.000e+00
      2.224   71.60090 -165.30478      2.247     2.6112     2.6128     2.6111    30.3846    30.3984  1024.2431    24.2325    326.482    311.761  337.30883     96.790     92.440     0.0757     0.1062     4.2357     0.4266 2.1036e+02        134     0.0924  0.000e+00
      2.278   71.60090 -165.30478      2.301     2.6109     2.6128     2.6108    30.3846    30.3979  1024.2434    24.2326    326.483    311.775  337.31102     96.790     92.443     0.0757     0.1062     4.2369     0.4255 2.1274e+02        135     0.0931  0.000e+00
      2.224   71.60090 -165.30478      2.247     2.6105     2.6123     2.6104    30.3849    30.3979  1024.2434    24.2328    326.925    311.787  337.31352     96.920     92.446     0.0757     0.1062     4.2369     0.4255 2.1334e+02        136     0.0938  0.000e+00
      2.224   71.60090 -165.30478      2.247     2.6104     2.6124     2.6103    30.3851    30.3973  1024.2436    24.2330    326.544    311.775  337.31396     96.807     92.442     0.0757     0.1062     4.2381     0.4243 2.1334e+02        137     0.0944  0.000e+00
      2.224   71.60090 -165.30478      2.247     2.6101     2.6119     2.6100    30.3857    30.3975  1024.2441    24.2335    326.538    311.767  337.31510     96.805     92.438     0.0757     0.1062     4.2381     0.4243 2.1394e+02        138     0.0951  0.000e+00
      2.224   71.60090 -165.30478      2.247     2.6102     2.6116     2.6101    30.3855    30.3969  1024.2440    24.2334    326.567    311.758  337.31413     96.814     92.435     0.0757     0.1062     4.2381     0.4243 2.1455e+02        139     0.0958  0.000e+00
      2.224   71.60090 -165.30478      2.247     2.6102     2.6115     2.6101    30.3856    30.3970  1024.2440    24.2334    326.561    311.945  337.31393     96.812     92.490     0.0757     0.1062     4.2381     0.4243 2.1455e+02        140     0.0965  0.000e+00
      2.224   71.60090 -165.30478      2.247     2.6102     2.6114     2.6101    30.3853    30.3969  1024.2438    24.2332    326.370    311.781  337.31463     96.755     92.441     0.0745     0.0989     4.2381     0.4243 2.1515e+02        141     0.0972  0.000e+00
      2.185   71.60090 -165.30478      2.208     2.6101     2.6117     2.6100    30.3855    30.3970  1024.2438    24.2333    326.553    311.788  337.31555     96.809     92.444     0.0757     0.1062     4.2381     0.4243 2.1515e+02        142     0.0979  0.000e+00
      2.170   71.60090 -165.30478      2.192     2.6102     2.6121     2.6101    30.3857    30.3976  1024.2439    24.2335    326.548    311.796  337.31366     96.808     92.448     0.0757     0.1062     4.2381     0.4243 2.1515e+02        143     0.0986  0.000e+00
      2.224   71.60090 -165.30478      2.247     2.6101     2.6119     2.6100    30.3859    30.3982  1024.2443    24.2337    326.325    311.812  337.31440     96.742     92.452     0.0757     0.1062     4.2393     0.4232 2.1881e+02        144     0.0993  0.000e+00
      2.170   71.60090 -165.30478      2.192     2.6101     2.6123     2.6100    30.3862    30.3981  1024.2443    24.2339    326.507    311.821  337.31373     96.796     92.456     0.0745     0.0989     4.2381     0.4243 2.2129e+02        145     0.1000  0.000e+00
      2.170   71.60090 -165.30478      2.192     2.6104     2.6122     2.6103    30.3861    30.3987  1024.2442    24.2338    326.503    312.011  337.31119     96.796     92.513     0.0757     0.1062     4.2393     0.4232 2.2129e+02        146     0.1007  0.000e+00
      2.170   71.60090 -165.30478      2.192     2.6102     2.6127     2.6101    30.3870    30.3985  1024.2449    24.2346    326.501    312.021  337.31025     96.795     92.516     0.0745     0.0989     4.2381     0.4243 2.2129e+02        147     0.1014  0.000e+00
      2.170   71.60090 -165.30478      2.192     2.6105     2.6124     2.6104    30.3875    30.3990  1024.2453    24.2349    326.495    311.836  337.30673     96.795     92.461     0.0757     0.1062     4.2381     0.4243 2.2129e+02        148     0.1021  0.000e+00
      2.224   71.60090 -165.30478      2.247     2.6109     2.6125     2.6108    30.3876    30.3990  1024.2456    24.2350    326.492    311.826  337.30334     96.795     92.459     0.0757     0.1062     4.2381     0.4243 2.2129e+02        149     0.1028  0.000e+00
      2.170   71.60090 -165.30478      2.192     2.6112     2.6124     2.6111    30.3876    30.3989  1024.2453    24.2349    326.486    311.814  337.30105     96.794     92.455     0.0757     0.1062     4.2381     0.4243 2.1820e+02        150     0.1035  0.000e+00
      2.170   71.60090 -165.30478      2.192     2.6112     2.6119     2.6111    30.3873    30.3978  1024.2451    24.2347    326.485    311.811  337.30185     96.793     92.452     0.0757     0.1062     4.2381     0.4243 2.1576e+02        151     0.1042  0.000e+00
      2.170   71.60090 -165.30478      2.192     2.6116     2.6111     2.6115    30.3864    30.3979  1024.2443    24.2340    326.481    311.806  337.29995     96.793     92.449     0.0757     0.1062     4.2381     0.4243 2.1515e+02        152     0.1049  0.000e+00
      2.108   71.60090 -165.30478      2.130     2.6115     2.6119     2.6114    30.3866    30.3975  1024.2442    24.2341    326.516    311.787  337.30083     96.803     92.445     0.0757     0.1062     4.2381     0.4243 2.0977e+02        153     0.1056  0.000e+00
      2.224   71.60090 -165.30478      2.247     2.6115     2.6125     2.6114    30.3863    30.3978  1024.2445    24.2339    326.522    311.999  337.30169     96.804     92.509     0.0745     0.0989     4.2381     0.4243 2.0281e+02        154     0.1063  0.000e+00
      2.170   71.60090 -165.30478      2.192     2.6116     2.6131     2.6115    30.3857    30.3985  1024.2438    24.2334    326.519    311.828  337.30175     96.803     92.460     0.0745     0.0989     4.2381     0.4243 2.0054e+02        155     0.1069  0.000e+00
      2.108   71.60090 -165.30478      2.130     2.6113     2.6134     2.6112    30.3865    30.3985  1024.2441    24.2341    326.518    311.837  337.30251     96.803     92.464     0.0733     0.0916     4.2381     0.4243 1.9774e+02        156     0.1076  0.000e+00
      2.170   71.60090 -165.30478      2.192     2.6113     2.6139     2.6112    30.3869    30.3989  1024.2447    24.2343    326.520    312.025  337.30159     96.803     92.521     0.0745     0.0989     4.2381     0.4243 1.9064e+02        157     0.1083  0.000e+00
      2.170   71.60090 -165.30478      2.192     2.6115     2.6142     2.6114    30.3869    30.3990  1024.2447    24.2343    326.518    312.036  337.30021     96.803     92.525     0.0745     0.0989     4.2381     0.4243 1.8850e+02        158     0.1090  0.000e+00
      2.224   71.60090 -165.30478      2.247     2.6115     2.6141     2.6114    30.3870    30.3991  1024.2451    24.2344    326.520    312.052  337.29989     96.804     92.529     0.0733     0.0916     4.2393     0.4232 1.8587e+02        159     0.1097  0.000e+00
      2.170   71.60090 -165.30478      2.192     2.6116     2.6148     2.6115    30.3864    30.3986  1024.2443    24.2339    326.518    312.056  337.30015     96.803     92.532     0.0757     0.1062     4.2381     0.4243 1.7669e+02        160     0.1104  0.000e+00
      2.170   71.60090 -165.30478      2.192     2.6112     2.6152     2.6111    30.3865    30.3988  1024.2445    24.2341    326.522    312.063  337.30376     96.804     92.535     0.0745     0.0989     4.2381     0.4243 1.7325e+02        161     0.1111  0.000e+00
      2.170   71.60090 -165.30478      2.192     2.6112     2.6148     2.6111    30.3862    30.3995  1024.2442    24.2338    326.523    312.074  337.30466     96.804     92.538     0.0745     0.0989     4.2393     0.4232 1.7325e+02        162     0.1118  0.000e+00
      2.170   71.60090 -165.30478      2.192     2.6112     2.6147     2.6111    30.3850    30.4000  1024.2433    24.2329    326.526    312.083  337.30766     96.804     92.541     0.0733     0.0916     4.2393     0.4232 1.7325e+02        163     0.1125  0.000e+00
      2.170   71.60090 -165.30478      2.192     2.6108     2.6148     2.6107    30.3855    30.3997  1024.2436    24.2333    326.528    312.091  337.30930     96.804     92.543     0.0745     0.0989     4.2393     0.4232 1.7276e+02        164     0.1132  0.000e+00
      2.170   71.60090 -165.30478      2.192     2.6108     2.6144     2.6107    30.3853    30.3993  1024.2435    24.2332    326.528    312.102  337.30960     96.804     92.545     0.0745     0.0989     4.2393     0.4232 1.7325e+02        165     0.1139  0.000e+00
      2.247   71.60090 -165.30478      2.270     2.6106     2.6139     2.6105    30.3865    30.3990  1024.2449    24.2341    326.531    312.116  337.30882     96.805     92.548     0.0745     0.0989     4.2381     0.4243 1.8071e+02        166     0.1146  0.000e+00
      2.170   71.60090 -165.30478      2.192     2.6108     2.6134     2.6107    30.3872    30.3989  1024.2450    24.2347    326.747    312.147  337.30479     96.870     92.556     0.0745     0.0989     4.2393     0.4232 1.8431e+02        167     0.1153  0.000e+00
      2.224   71.60090 -165.30478      2.247     2.6106     2.6127     2.6105    30.3871    30.3987  1024.2452    24.2346    326.563    312.161  337.30738     96.815     92.558     0.0745     0.0989     4.2393     0.4232 1.8483e+02        168     0.1160  0.000e+00
      2.170   71.60090 -165.30478      2.192     2.6105     2.6119     2.6104    30.3865    30.3991  1024.2445    24.2341    326.561    312.169  337.30924     96.814     92.559     0.0745     0.0989     4.2381     0.4243 2.0224e+02        169     0.1167  0.000e+00
      2.224   71.60090 -165.30478      2.247     2.6101     2.6121     2.6100    30.3876    30.3985  1024.2457    24.2350    326.563    312.198  337.31009     96.814     92.568     0.0745     0.0989     4.2393     0.4232 2.1515e+02        170     0.1174  0.000e+00
      2.170   71.60090 -165.30478      2.192     2.6102     2.6123     2.6101    30.3887    30.3979  1024.2463    24.2359    326.555    312.198  337.30585     96.813     92.568     0.0745     0.0989     4.2393     0.4232 2.1697e+02        171     0.1181  0.000e+00
      2.224   71.60090 -165.30478      2.247     2.6108     2.6127     2.6107    30.3885    30.3977  1024.2463    24.2357    326.551    312.200  337.30156     96.813     92.569     0.0733     0.0916     4.2393     0.4232 2.3213e+02        172     0.1187  0.000e+00
      2.224   71.60090 -165.30478      2.247     2.6113     2.6129     2.6112    30.3878    30.3986  1024.2457    24.2351    326.547    312.196  337.29905     96.812     92.569     0.0745     0.0989     4.2393     0.4232 2.4834e+02        173     0.1194  0.000e+00
      2.224   71.60090 -165.30478      2.247     2.6116     2.6130     2.6115    30.3870    30.3993  1024.2451    24.2345    326.544    312.219  337.29841     96.812     92.576     0.0733     0.0916     4.2393     0.4232 2.5186e+02        174     0.1201  0.000e+00
      2.224   71.60090 -165.30478      2.247     2.6116     2.6132     2.6115    30.3870    30.3995  1024.2450    24.2344    326.543    312.240  337.29861     96.811     92.583     0.0745     0.0989     4.2393     0.4232 2.5328e+02        175     0.1208  0.000e+00
      2.224   71.60090 -165.30478      2.247     2.6118     2.6135     2.6117    30.3865    30.3995  1024.2447    24.2340    326.541    312.238  337.29835     96.811     92.583     0.0757     0.1062     4.2393     0.4232 2.5614e+02        176     0.1215  0.000e+00
      2.170   71.60090 -165.30478      2.192     2.6116     2.6136     2.6115    30.3869    30.3993  1024.2447    24.2344    326.538    312.235  337.29874     96.810     92.582     0.0745     0.0989     4.2369     0.4255 2.5686e+02        177     0.1222  0.000e+00
      2.224   71.60090 -165.30478      2.247     2.6120     2.6134     2.6119    30.3862    30.3987  1024.2444    24.2338    326.537    312.262  337.29788     96.810     92.590     0.0745     0.0989     4.2357     0.4266 2.4974e+02        178     0.1229  0.000e+00
      2.224   71.60090 -165.30478      2.247     2.6116     2.6131     2.6115    30.3868    30.3991  1024.2449    24.2343    326.537    312.262  337.29902     96.809     92.589     0.0745     0.0989     4.2357     0.4266 2.3608e+02        179     0.1236  0.000e+00
      2.278   71.60090 -165.30478      2.301     2.6115     2.6129     2.6114    30.3866    30.3988  1024.2450    24.2341    326.540    312.264  337.30086     96.810     92.589     0.0757     0.1062     4.2357     0.4266 2.3278e+02        180     0.1243  0.000e+00
      2.224   71.60090 -165.30478      2.247     2.6113     2.6127     2.6112    30.3869    30.3986  1024.2450    24.2344    326.537    312.260  337.30146     96.809     92.587     0.0757     0.1062     4.2357     0.4266 2.2696e+02        181     0.1250  0.000e+00
