EcoFOCI/data/1_SampleCollection/2023_SikuliaqDBO_CruiseData/CTD_raw_BottleFile_SKQ23-12S/proc/skq202312s_032.cnv
* Sea-Bird SBE 9 Data File:
* FileName = D:\CTD\SKQ202312S\SKQ202312S_032.hex
* Software Version Seasave V 7.26.7.121
* Temperature SN = 6177
* Conductivity SN = 0369
* Number of Bytes Per Scan = 41
* Number of Voltage Words = 4
* Number of Scans Averaged by the Deck Unit = 1
* NMEA Latitude = 71 32.18 N
* NMEA Longitude = 157 45.08 W
* NMEA UTC (Time) = Sep 21 2023  12:37:07
* NMEA baud rate = 4800
** Ship: R/V Sikuliaq
** Station Number: 032
** Station Name: DBO5.8
** Bottom Depth: 72
** Operator: SD
# nquan = 24
# nvalues = 7300                                  
# units = specified
# name 0 = depSM: Depth [salt water, m]
# name 1 = latitude: Latitude [deg]
# name 2 = longitude: Longitude [deg]
# name 3 = prDM: Pressure, Digiquartz [db]
# name 4 = t090C: Temperature [ITS-90, deg C]
# name 5 = t190C: Temperature, 2 [ITS-90, deg C]
# name 6 = potemp090C: Potential Temperature [ITS-90, deg C]
# name 7 = sal00: Salinity, Practical [PSU]
# name 8 = sal11: Salinity, Practical, 2 [PSU]
# name 9 = density00: Density [density, kg/m^3]
# name 10 = sigma-é00: Density [sigma-theta, kg/m^3]
# name 11 = sbox0Mm/Kg: Oxygen, SBE 43 [umol/kg]
# name 12 = sbox1Mm/Kg: Oxygen, SBE 43, 2 [umol/kg]
# name 13 = oxsolMm/Kg: Oxygen Saturation, Garcia & Gordon [umol/kg]
# name 14 = sbeox0PS: Oxygen, SBE 43 [% saturation]
# name 15 = sbeox1PS: Oxygen, SBE 43, 2 [% saturation]
# name 16 = v0: Voltage 0
# name 17 = flECO-AFL: Fluorescence, WET Labs ECO-AFL/FL [mg/m^3]
# name 18 = v1: Voltage 1
# name 19 = CStarAt0: Beam Attenuation, WET Labs C-Star [1/m]
# name 20 = par: PAR/Irradiance, Biospherical/Licor
# name 21 = scan: Scan Count
# name 22 = timeM: Time, Elapsed [minutes]
# name 23 = flag:  0.000e+00
# span 0 =      2.874,     65.566                 
# span 1 =   71.53636,   71.53644                 
# span 2 = -157.75158, -157.75112                 
# span 3 =      2.904,     66.253                 
# span 4 =    -1.6089,     2.4267                 
# span 5 =    -1.6071,     2.3802                 
# span 6 =    -1.6098,     2.4263                 
# span 7 =    29.6885,    32.9300                 
# span 8 =    29.6972,    32.9391                 
# span 9 =  1023.7109,  1026.8110                 
# span 10 =    23.6949,    26.4921                
# span 11 =    271.464,    427.133                
# span 12 =    258.924,    403.894                
# span 13 =  339.54386,  369.62036                
# span 14 =     73.649,    119.309                
# span 15 =     70.259,    112.158                
# span 16 =     0.0659,     0.1746                
# span 17 =     0.0476,     0.6996                
# span 18 =     2.8742,     4.1770                
# span 19 =     0.4824,     1.9782                
# span 20 = 1.0000e-12, 7.9719e-01                
# span 21 =          1,       7300                
# span 22 =     0.0000,     5.0687                
# span 23 = 0.0000e+00, 0.0000e+00                
# interval = seconds: 0.0416667
# start_time = Sep 21 2023 12:41:52 [NMEA time, first data scan]
# bad_flag = -9.990e-29
*END*
[from data line 1812]
     12.999   71.53642 -157.75124     13.134    -0.7404    -0.7400    -0.7407    31.9918    31.9898  1025.7704    25.7072    399.114    388.097  363.24144    109.876    106.842     0.1282     0.4212     4.1319     0.5259 1.0000e-12       1813     1.2583  0.000e+00
     13.022   71.53642 -157.75124     13.157    -0.7445    -0.7525    -0.7448    31.9924    31.9954  1025.7712    25.7079    399.335    388.528  363.27925    109.925    106.930     0.1294     0.4286     4.1319     0.5259 1.0000e-12       1814     1.2590  0.000e+00
     12.999   71.53642 -157.75124     13.134    -0.7507    -0.7658    -0.7510    31.9933    32.0026  1025.7720    25.7088    399.378    388.724  363.33611    109.920    106.952     0.1282     0.4212     4.1319     0.5259 8.4714e-06       1815     1.2597  0.000e+00
     13.053   71.53642 -157.75124     13.188    -0.7572    -0.7769    -0.7575    31.9943    32.0087  1025.7733    25.7098    399.388    389.334  363.39599    109.904    107.093     0.1282     0.4212     4.1282     0.5294 1.0000e-12       1816     1.2604  0.000e+00
     12.999   71.53642 -157.75124     13.134    -0.7635    -0.7845    -0.7638    31.9934    32.0112  1025.7725    25.7093    399.405    389.921  363.46013    109.890    107.235     0.1270     0.4139     4.1258     0.5318 1.0000e-12       1817     1.2611  0.000e+00
     13.053   71.53642 -157.75124     13.188    -0.7717    -0.7917    -0.7720    31.9956    32.0131  1025.7748    25.7114    399.651    390.300  363.53259    109.935    107.321     0.1282     0.4212     4.1245     0.5330 1.0000e-12       1818     1.2618  0.000e+00
     13.053   71.53642 -157.75124     13.188    -0.7771    -0.8011    -0.7774    31.9970    32.0175  1025.7762    25.7127    399.871    390.675  363.58131    109.981    107.401     0.1270     0.4139     4.1258     0.5318 1.0000e-12       1819     1.2625  0.000e+00
     13.053   71.53642 -157.75124     13.188    -0.7809    -0.8091    -0.7812    31.9966    32.0199  1025.7760    25.7125    399.829    391.018  363.61880    109.958    107.474     0.1282     0.4212     4.1245     0.5330 1.0000e-12       1820     1.2632  0.000e+00
     13.084   71.53642 -157.75124     13.219    -0.7846    -0.8149    -0.7849    31.9948    32.0197  1025.7748    25.7112    400.001    391.131  363.65971    109.993    107.488     0.1282     0.4212     4.1245     0.5330 8.4714e-06       1821     1.2639  0.000e+00
     13.107   71.53642 -157.75124     13.243    -0.7886    -0.8219    -0.7889    31.9944    32.0208  1025.7747    25.7110    400.174    391.425  363.69950    110.029    107.550     0.1270     0.4139     4.1258     0.5318 8.4714e-06       1822     1.2646  0.000e+00
     13.107   71.53642 -157.75124     13.243    -0.7943    -0.8279    -0.7946    31.9952    32.0237  1025.7755    25.7118    400.159    391.900  363.75255    110.009    107.666     0.1282     0.4212     4.1258     0.5318 1.0000e-12       1823     1.2653  0.000e+00
     13.107   71.53642 -157.75124     13.243    -0.8006    -0.8302    -0.8009    31.9966    32.0233  1025.7769    25.7132    400.357    392.124  363.80967    110.046    107.720     0.1270     0.4139     4.1258     0.5318 1.0000e-12       1824     1.2660  0.000e+00
     13.107   71.53642 -157.75124     13.243    -0.8087    -0.8314    -0.8090    31.9997    32.0211  1025.7797    25.7159    400.320    392.313  363.87977    110.014    107.767     0.1282     0.4212     4.1245     0.5330 1.0000e-12       1825     1.2667  0.000e+00
     13.107   71.53642 -157.75124     13.243    -0.8150    -0.8344    -0.8153    32.0007    32.0206  1025.7807    25.7170    400.221    392.299  363.93814    109.970    107.754     0.1294     0.4286     4.1258     0.5318 1.0000e-12       1826     1.2674  0.000e+00
     13.169   71.53642 -157.75124     13.305    -0.8205    -0.8376    -0.8208    32.0029    32.0220  1025.7829    25.7189    400.064    392.483  363.98440    109.913    107.797     0.1282     0.4212     4.1258     0.5318 1.0000e-12       1827     1.2681  0.000e+00
     13.084   71.53642 -157.75124     13.219    -0.8267    -0.8403    -0.8270    32.0056    32.0201  1025.7850    25.7213    400.162    392.638  364.03721    109.923    107.830     0.1282     0.4212     4.1245     0.5330 1.0000e-12       1828     1.2688  0.000e+00
     13.169   71.53642 -157.75124     13.305    -0.8326    -0.8426    -0.8329    32.0093    32.0202  1025.7886    25.7245    400.261    392.762  364.08418    109.936    107.857     0.1270     0.4139     4.1245     0.5330 8.4714e-06       1829     1.2694  0.000e+00
     13.169   71.53642 -157.75124     13.305    -0.8378    -0.8412    -0.8381    32.0115    32.0196  1025.7905    25.7264    400.097    392.619  364.12776    109.878    107.821     0.1282     0.4212     4.1258     0.5318 1.0000e-12       1830     1.2701  0.000e+00
     13.169   71.53642 -157.75124     13.305    -0.8418    -0.8384    -0.8421    32.0121    32.0150  1025.7911    25.7271    400.129    392.634  364.16522    109.876    107.830     0.1270     0.4139     4.1258     0.5318 8.4714e-06       1831     1.2708  0.000e+00
     13.169   71.53642 -157.75124     13.305    -0.8450    -0.8384    -0.8453    32.0127    32.0142  1025.7917    25.7276    400.195    392.676  364.19458    109.885    107.841     0.1282     0.4212     4.1258     0.5318 8.4714e-06       1832     1.2715  0.000e+00
     13.223   71.53642 -157.75124     13.359    -0.8473    -0.8381    -0.8476    32.0142    32.0155  1025.7932    25.7289    400.042    392.681  364.21240    109.838    107.844     0.1282     0.4212     4.1245     0.5330 1.0000e-12       1833     1.2722  0.000e+00
     13.138   71.53642 -157.75124     13.274    -0.8489    -0.8344    -0.8492    32.0146    32.0163  1025.7932    25.7293    399.829    392.386  364.22676    109.775    107.774     0.1282     0.4212     4.1258     0.5318 1.0000e-12       1834     1.2729  0.000e+00
     13.223   71.53642 -157.75124     13.359    -0.8498    -0.8333    -0.8501    32.0146    32.0165  1025.7937    25.7294    399.821    392.359  364.23540    109.770    107.770     0.1306     0.4359     4.1258     0.5318 8.4714e-06       1835     1.2736  0.000e+00
     13.223   71.53642 -157.75124     13.359    -0.8499    -0.8333    -0.8502    32.0140    32.0149  1025.7932    25.7289    399.846    392.317  364.23833    109.776    107.757     0.1294     0.4286     4.1282     0.5294 1.0000e-12       1836     1.2743  0.000e+00
     13.222   71.53642 -157.75124     13.359    -0.8496    -0.8329    -0.8499    32.0137    32.0142  1025.7929    25.7286    399.609    392.046  364.23643    109.711    107.683     0.1306     0.4359     4.1331     0.5247 8.4714e-06       1837     1.2750  0.000e+00
     13.168   71.53642 -157.75124     13.305    -0.8502    -0.8326    -0.8505    32.0136    32.0137  1025.7926    25.7286    399.630    391.967  364.24282    109.715    107.662     0.1294     0.4286     4.1343     0.5235 1.0000e-12       1838     1.2757  0.000e+00
     13.284   71.53642 -157.75124     13.422    -0.8511    -0.8343    -0.8514    32.0127    32.0119  1025.7924    25.7278    399.661    391.705  364.25379    109.720    107.584     0.1306     0.4359     4.1343     0.5235 8.4714e-06       1839     1.2764  0.000e+00
     13.222   71.53642 -157.75124     13.359    -0.8522    -0.8360    -0.8525    32.0122    32.0105  1025.7918    25.7275    399.776    391.406  364.26623    109.748    107.496     0.1306     0.4359     4.1343     0.5235 8.4714e-06       1840     1.2771  0.000e+00
     13.199   71.53642 -157.75124     13.336    -0.8527    -0.8373    -0.8530    32.0118    32.0125  1025.7914    25.7272    399.581    391.038  364.27177    109.693    107.392     0.1294     0.4286     4.1343     0.5235 8.4714e-06       1841     1.2778  0.000e+00
     13.284   71.53642 -157.75124     13.422    -0.8527    -0.8373    -0.8530    32.0114    32.0141  1025.7914    25.7268    399.381    390.858  364.27300    109.638    107.344     0.1306     0.4359     4.1331     0.5247 8.4714e-06       1842     1.2785  0.000e+00
     13.222   71.53642 -157.75124     13.359    -0.8532    -0.8343    -0.8535    32.0105    32.0141  1025.7905    25.7262    399.382    390.644  364.27981    109.636    107.294     0.1294     0.4286     4.1343     0.5235 1.0000e-12       1843     1.2792  0.000e+00
     13.284   71.53642 -157.75124     13.422    -0.8538    -0.8300    -0.8541    32.0110    32.0143  1025.7912    25.7266    399.179    390.203  364.28507    109.579    107.185     0.1306     0.4359     4.1343     0.5235 1.0000e-12       1844     1.2799  0.000e+00
     13.284   71.53642 -157.75124     13.422    -0.8551    -0.8286    -0.8555    32.0114    32.0153  1025.7916    25.7270    399.280    389.767  364.29659    109.603    107.070     0.1319     0.4432     4.1343     0.5235 1.0000e-12       1845     1.2806  0.000e+00
     13.284   71.53642 -157.75124     13.421    -0.8561    -0.8248    -0.8564    32.0116    32.0132  1025.7917    25.7271    399.325    389.512  364.30497    109.613    107.010     0.1294     0.4286     4.1343     0.5235 8.4714e-06       1846     1.2813  0.000e+00
     13.284   71.53642 -157.75124     13.421    -0.8561    -0.8203    -0.8564    32.0106    32.0109  1025.7909    25.7263    399.106    389.033  364.30787    109.552    106.889     0.1319     0.4432     4.1343     0.5235 1.0000e-12       1847     1.2819  0.000e+00
     13.253   71.53642 -157.75124     13.390    -0.8559    -0.8182    -0.8562    32.0098    32.0135  1025.7901    25.7257    399.131    388.547  364.30899    109.558    106.763     0.1294     0.4286     4.1343     0.5235 1.0000e-12       1848     1.2826  0.000e+00
     13.338   71.53642 -157.75124     13.476    -0.8558    -0.8177    -0.8561    32.0086    32.0159  1025.7895    25.7247    398.953    388.095  364.31090    109.509    106.643     0.1306     0.4359     4.1331     0.5247 8.4714e-06       1849     1.2833  0.000e+00
     13.284   71.53642 -157.75124     13.421    -0.8558    -0.8169    -0.8561    32.0086    32.0174  1025.7893    25.7247    398.969    387.620  364.31143    109.513    106.516     0.1294     0.4286     4.1331     0.5247 1.0000e-12       1850     1.2840  0.000e+00
     13.284   71.53642 -157.75124     13.421    -0.8565    -0.8141    -0.8568    32.0098    32.0159  1025.7903    25.7257    399.033    387.340  364.31454    109.530    106.445     0.1306     0.4359     4.1343     0.5235 8.4714e-06       1851     1.2847  0.000e+00
     13.338   71.53642 -157.75124     13.476    -0.8567    -0.8123    -0.8570    32.0112    32.0139  1025.7917    25.7268    398.837    386.865  364.31226    109.477    106.319     0.1306     0.4359     4.1331     0.5247 8.4714e-06       1852     1.2854  0.000e+00
     13.284   71.53642 -157.75124     13.421    -0.8509    -0.8101    -0.8512    32.0092    32.0138  1025.7897    25.7251    398.618    386.553  364.26133    109.432    106.239     0.1294     0.4286     4.1343     0.5235 1.0000e-12       1853     1.2861  0.000e+00
     13.307   71.53642 -157.75124     13.445    -0.8456    -0.8071    -0.8459    32.0066    32.0147  1025.7875    25.7228    398.566    386.022  364.21796    109.431    106.102     0.1306     0.4359     4.1343     0.5235 1.0000e-12       1854     1.2868  0.000e+00
     13.338   71.53642 -157.75124     13.476    -0.8458    -0.8074    -0.8461    32.0056    32.0158  1025.7868    25.7220    398.617    385.769  364.22241    109.443    106.033     0.1294     0.4286     4.1331     0.5247 1.0000e-12       1855     1.2875  0.000e+00
     13.284   71.53642 -157.75124     13.421    -0.8445    -0.8094    -0.8449    32.0083    32.0154  1025.7887    25.7241    398.427    385.330  364.20273    109.397    105.906     0.1306     0.4359     4.1343     0.5235 1.0000e-12       1856     1.2882  0.000e+00
     13.338   71.53642 -157.75124     13.476    -0.8386    -0.8133    -0.8389    32.0100    32.0197  1025.7901    25.7253    398.390    384.891  364.13964    109.406    105.778     0.1294     0.4286     4.1380     0.5200 1.0000e-12       1857     1.2889  0.000e+00
     13.338   71.53642 -157.75124     13.476    -0.8353    -0.8146    -0.8356    32.0079    32.0229  1025.7883    25.7234    398.137    384.412  364.11426    109.344    105.645     0.1306     0.4359     4.1392     0.5188 8.4714e-06       1858     1.2896  0.000e+00
     13.338   71.53642 -157.75124     13.476    -0.8369    -0.8137    -0.8372    32.0035    32.0254  1025.7848    25.7199    398.196    383.899  364.14178    109.352    105.509     0.1319     0.4432     4.1392     0.5188 1.0000e-12       1859     1.2903  0.000e+00
     13.338   71.53642 -157.75124     13.476    -0.8406    -0.8126    -0.8409    32.0031    32.0283  1025.7846    25.7197    398.012    383.405  364.17878    109.290    105.379     0.1306     0.4359     4.1392     0.5188 8.4714e-06       1860     1.2910  0.000e+00
     13.369   71.53642 -157.75124     13.507    -0.8398    -0.8112    -0.8401    32.0025    32.0288  1025.7843    25.7193    398.023    382.910  364.17267    109.295    105.247     0.1331     0.4505     4.1392     0.5188 1.0000e-12       1861     1.2917  0.000e+00
     13.338   71.53642 -157.75124     13.476    -0.8362    -0.8112    -0.8365    32.0026    32.0271  1025.7841    25.7192    397.787    382.429  364.13820    109.241    105.113     0.1306     0.4359     4.1392     0.5188 1.0000e-12       1862     1.2924  0.000e+00
     13.338   71.53642 -157.75124     13.476    -0.8292    -0.8118    -0.8295    32.0026    32.0243  1025.7839    25.7190    397.509    381.958  364.06953    109.185    104.980     0.1319     0.4432     4.1392     0.5188 1.0000e-12       1863     1.2931  0.000e+00
     13.338   71.53642 -157.75124     13.476    -0.8216    -0.8122    -0.8220    32.0047    32.0217  1025.7853    25.7204    397.422    381.448  363.99073    109.185    104.836     0.1331     0.4505     4.1392     0.5188 1.0000e-12       1864     1.2938  0.000e+00
     13.338   71.53642 -157.75124     13.476    -0.8148    -0.8135    -0.8151    32.0077    32.0210  1025.7875    25.7227    397.588    381.196  363.91579    109.253    104.763     0.1319     0.4432     4.1392     0.5188 1.0000e-12       1865     1.2944  0.000e+00
     13.399   71.53642 -157.75124     13.538    -0.8037    -0.8131    -0.8040    32.0038    32.0188  1025.7842    25.7191    397.012    380.769  363.81893    109.124    104.645     0.1319     0.4432     4.1392     0.5188 1.0000e-12       1866     1.2951  0.000e+00
     13.338   71.53642 -157.75124     13.476    -0.7977    -0.8111    -0.7980    31.9956    32.0150  1025.7771    25.7122    396.957    380.323  363.78447    109.119    104.525     0.1306     0.4359     4.1392     0.5188 1.0000e-12       1867     1.2958  0.000e+00
     13.368   71.53642 -157.75124     13.507    -0.8006    -0.8070    -0.8009    31.9878    32.0084  1025.7711    25.7061    396.804    380.091  363.83519    109.061    104.467     0.1319     0.4432     4.1392     0.5188 1.0000e-12       1868     1.2965  0.000e+00
     13.399   71.53642 -157.75124     13.538    -0.8078    -0.8044    -0.8081    31.9850    32.0033  1025.7692    25.7040    396.886    379.683  363.91290    109.061    104.358     0.1306     0.4359     4.1392     0.5188 1.0000e-12       1869     1.2972  0.000e+00
     13.399   71.53642 -157.75124     13.538    -0.8148    -0.8081    -0.8151    31.9876    32.0050  1025.7715    25.7064    396.739    379.298  363.97267    109.002    104.243     0.1319     0.4432     4.1392     0.5188 1.0000e-12       1870     1.2979  0.000e+00
     13.399   71.53642 -157.75124     13.538    -0.8124    -0.8167    -0.8127    31.9852    32.0087  1025.7695    25.7043    396.745    378.965  363.95650    109.009    104.131     0.1319     0.4432     4.1392     0.5188 1.0000e-12       1871     1.2986  0.000e+00
