EcoFOCI/data/1_SampleCollection/2023_SikuliaqDBO_CruiseData/CTD_raw_BottleFile_SKQ23-12S/proc/skq202312s_009avg.cnv
* Sea-Bird SBE 9 Data File:
* FileName = D:\CTD\SKQ202312S\SKQ202312S_009.hex
* Software Version Seasave V 7.26.7.121
* Temperature SN = 6177
* Conductivity SN = 0369
* Number of Bytes Per Scan = 41
* Number of Voltage Words = 4
* Number of Scans Averaged by the Deck Unit = 1
* NMEA Latitude = 63 01.70 N
* NMEA Longitude = 173 27.64 W
* NMEA UTC (Time) = Sep 16 2023  10:53:46
* NMEA baud rate = 4800
** Ship: R/V Sikuliaq
** Station Number: 009
** Station Name: DBO1.8
** Bottom Depth: 71
** Operator: SD
# nquan = 25
# nvalues = 67                          
# units = specified
# name 0 = depSM: Depth [salt water, m]
# name 1 = latitude: Latitude [deg]
# name 2 = longitude: Longitude [deg]
# name 3 = prDM: Pressure, Digiquartz [db]
# name 4 = t090C: Temperature [ITS-90, deg C]
# name 5 = t190C: Temperature, 2 [ITS-90, deg C]
# name 6 = potemp090C: Potential Temperature [ITS-90, deg C]
# name 7 = sal00: Salinity, Practical [PSU]
# name 8 = sal11: Salinity, Practical, 2 [PSU]
# name 9 = density00: Density [density, kg/m^3]
# name 10 = sigma-é00: Density [sigma-theta, kg/m^3]
# name 11 = sbox0Mm/Kg: Oxygen, SBE 43 [umol/kg]
# name 12 = sbox1Mm/Kg: Oxygen, SBE 43, 2 [umol/kg]
# name 13 = oxsolMm/Kg: Oxygen Saturation, Garcia & Gordon [umol/kg]
# name 14 = sbeox0PS: Oxygen, SBE 43 [% saturation]
# name 15 = sbeox1PS: Oxygen, SBE 43, 2 [% saturation]
# name 16 = v0: Voltage 0
# name 17 = flECO-AFL: Fluorescence, WET Labs ECO-AFL/FL [mg/m^3]
# name 18 = v1: Voltage 1
# name 19 = CStarAt0: Beam Attenuation, WET Labs C-Star [1/m]
# name 20 = par: PAR/Irradiance, Biospherical/Licor
# name 21 = scan: Scan Count
# name 22 = timeM: Time, Elapsed [minutes]
# name 23 = nbin: number of scans per bin
# name 24 = flag: flag
# span 0 =      0.990,     66.342       
# span 1 =   63.02840,   63.02840       
# span 2 = -173.46060, -173.46058       
# span 3 =      1.000,     67.000       
# span 4 =    -1.3983,     7.4260       
# span 5 =    -1.3971,     7.4192       
# span 6 =    -1.3993,     7.4252       
# span 7 =    31.3036,    32.0973       
# span 8 =    31.2749,    32.1124       
# span 9 =  1024.4606,  1026.1319       
# span 10 =    24.4542,    25.8122      
# span 11 =    258.748,    441.132      
# span 12 =    246.126,    407.450      
# span 13 =  298.58537,  369.39687      
# span 14 =     70.089,    122.094      
# span 15 =     66.659,    112.148      
# span 16 =     0.0843,     0.2080      
# span 17 =     0.1581,     0.9001      
# span 18 =     3.4629,     4.1893      
# span 19 =     0.4707,     1.2379      
# span 20 = -4.453e-05, 7.0959e-01      
# span 21 =        140,       5920      
# span 22 =     0.0969,     4.1103      
# span 23 =         32,       1327      
# span 24 = 0.0000e+00, 0.0000e+00      
# interval = decibars: 1                
# start_time = Sep 16 2023 10:56:36 [NMEA time, first data scan]
# bad_flag = -9.990e-29
*END*
[from data line 58]
     58.422   63.02840 -173.46060     59.000    -1.3955    -1.3940    -1.3966    32.0915    32.1035  1026.0922    25.8073    261.739    248.018  369.37690     70.860     67.154     0.0867     0.1724     3.6829     0.9861 3.9171e-06       4052     2.8134         69 0.0000e+00
     59.412   63.02840 -173.46060     60.000    -1.3931    -1.3915    -1.3942    32.0918    32.1038  1026.0972    25.8076    261.212    247.974  369.35238     70.722     67.147     0.0851     0.1625     3.6807     0.9885 3.8936e-06       4121     2.8609         74 0.0000e+00
     60.402   63.02840 -173.46060     61.000    -1.3879    -1.3876    -1.3890    32.0908    32.1020  1026.1011    25.8067    260.431    247.777  369.30328     70.519     67.100     0.0890     0.1861     3.6729     0.9970 3.2567e-06       4545     3.1557        398 0.0000e+00
     61.392   63.02840 -173.46060     62.000    -1.3884    -1.3874    -1.3896    32.0919    32.1028  1026.1068    25.8075    260.357    246.620  369.30524     70.499     66.787     0.0850     0.1623     3.6461     1.0263 3.7520e-06       4692     3.2577         54 0.0000e+00
     62.382   63.02840 -173.46060     63.000    -1.3860    -1.3841    -1.3872    32.0924    32.1028  1026.1120    25.8079    259.777    246.126  369.27991     70.347     66.659     0.0914     0.2006     3.6269     1.0475 3.5803e-06       4810     3.3397        122 0.0000e+00
     63.372   63.02840 -173.46059     64.000    -1.3840    -1.3829    -1.3852    32.0930    32.1038  1026.1172    25.8083    259.727    247.260  369.25822     70.337     66.969     0.0855     0.1647     3.5849     1.0941 3.0518e-06       4884     3.3911         67 0.0000e+00
     64.362   63.02840 -173.46060     65.000    -1.3823    -1.3810    -1.3835    32.0934    32.1042  1026.1223    25.8086    259.468    247.111  369.24034     70.271     66.932     0.0892     0.1874     3.5602     1.1217 3.1739e-06       4974     3.4538         91 0.0000e+00
     65.352   63.02840 -173.46060     66.000    -1.3811    -1.3798    -1.3823    32.0937    32.1044  1026.1274    25.8088    259.335    246.787  369.22695     70.237     66.847     0.0879     0.1792     3.5566     1.1258 3.7309e-06       5061     3.5136         95 0.0000e+00
     66.342   63.02840 -173.46060     67.000    -1.3753    -1.3737    -1.3766    32.0935    32.1040  1026.1319    25.8085    258.748    246.850  369.17069     70.089     66.875     0.0918     0.2029     3.5649     1.1165 2.7553e-06       5920     4.1103       1327 0.0000e+00
