EcoFOCI/data/1_SampleCollection/2023_SikuliaqDBO_CruiseData/CTD_raw_BottleFile_SKQ23-12S/proc/skq202312s_082.cnv
* Sea-Bird SBE 9 Data File:
* FileName = D:\CTD\SKQ202312S\SKQ202312S_082.hex
* Software Version Seasave V 7.26.7.121
* Temperature SN = 6177
* Conductivity SN = 0369
* Number of Bytes Per Scan = 41
* Number of Voltage Words = 4
* Number of Scans Averaged by the Deck Unit = 1
* NMEA Latitude = 65 40.20 N
* NMEA Longitude = 168 22.04 W
* NMEA UTC (Time) = Oct 03 2023  09:48:47
* NMEA baud rate = 4800
** Ship: R/V Sikuliaq
** Station Number: 082
** Station Name: BS3
** Bottom Depth: 54
** Operator: SD
# nquan = 24
# nvalues = 4335                                  
# units = specified
# name 0 = depSM: Depth [salt water, m]
# name 1 = latitude: Latitude [deg]
# name 2 = longitude: Longitude [deg]
# name 3 = prDM: Pressure, Digiquartz [db]
# name 4 = t090C: Temperature [ITS-90, deg C]
# name 5 = t190C: Temperature, 2 [ITS-90, deg C]
# name 6 = potemp090C: Potential Temperature [ITS-90, deg C]
# name 7 = sal00: Salinity, Practical [PSU]
# name 8 = sal11: Salinity, Practical, 2 [PSU]
# name 9 = density00: Density [density, kg/m^3]
# name 10 = sigma-é00: Density [sigma-theta, kg/m^3]
# name 11 = sbox0Mm/Kg: Oxygen, SBE 43 [umol/kg]
# name 12 = sbox1Mm/Kg: Oxygen, SBE 43, 2 [umol/kg]
# name 13 = oxsolMm/Kg: Oxygen Saturation, Garcia & Gordon [umol/kg]
# name 14 = sbeox0PS: Oxygen, SBE 43 [% saturation]
# name 15 = sbeox1PS: Oxygen, SBE 43, 2 [% saturation]
# name 16 = v0: Voltage 0
# name 17 = flECO-AFL: Fluorescence, WET Labs ECO-AFL/FL [mg/m^3]
# name 18 = v1: Voltage 1
# name 19 = CStarAt0: Beam Attenuation, WET Labs C-Star [1/m]
# name 20 = par: PAR/Irradiance, Biospherical/Licor
# name 21 = scan: Scan Count
# name 22 = timeM: Time, Elapsed [minutes]
# name 23 = flag:  0.000e+00
# span 0 =      1.748,     47.513                 
# span 1 =   65.66982,   65.66992                 
# span 2 = -168.36854, -168.36790                 
# span 3 =      1.765,     47.991                 
# span 4 =     3.0148,     6.5091                 
# span 5 =     3.0152,     6.5102                 
# span 6 =     3.0130,     6.5081                 
# span 7 =    26.2911,    32.8800                 
# span 8 =    26.3032,    32.9084                 
# span 9 =  1020.6688,  1026.4015                 
# span 10 =    20.6565,    26.1912                
# span 11 =    245.087,    294.797                
# span 12 =    236.244,    281.753                
# span 13 =  305.14474,  327.68084                
# span 14 =     74.805,     92.588                
# span 15 =     72.113,     88.519                
# span 16 =     0.1160,     0.2930                
# span 17 =     0.3480,     1.4102                
# span 18 =     3.3248,     4.0537                
# span 19 =     0.6023,     1.3955                
# span 20 = 1.0000e-12, 5.6887e-01                
# span 21 =          1,       4335                
# span 22 =     0.0000,     3.0097                
# span 23 = 0.0000e+00, 0.0000e+00                
# interval = seconds: 0.0416667
# start_time = Oct 03 2023 09:52:12 [NMEA time, first data scan]
# bad_flag = -9.990e-29
*END*
[from data line 2838]
     41.844   65.66986 -168.36820     42.264     3.0225     3.0240     3.0200    32.8626    32.8734  1026.3756    26.1773    246.466    236.889  327.64514     75.223     72.309     0.1856     0.7656     3.7839     0.8779 1.0000e-12       2839     1.9708  0.000e+00
     41.844   65.66986 -168.36820     42.264     3.0228     3.0240     3.0204    32.8619    32.8734  1026.3750    26.1767    246.466    236.714  327.64436     75.224     72.256     0.1868     0.7729     3.7827     0.8792 1.0000e-12       2840     1.9715  0.000e+00
     41.890   65.66986 -168.36820     42.311     3.0226     3.0240     3.0202    32.8625    32.8736  1026.3757    26.1773    246.654    236.715  327.64401     75.281     72.256     0.1856     0.7656     3.7839     0.8779 1.0000e-12       2841     1.9722  0.000e+00
     41.844   65.66986 -168.36820     42.264     3.0226     3.0241     3.0202    32.8623    32.8733  1026.3753    26.1771    246.659    236.908  327.64455     75.282     72.315     0.1868     0.7729     3.7851     0.8766 1.0000e-12       2842     1.9729  0.000e+00
     41.844   65.66986 -168.36820     42.264     3.0226     3.0237     3.0202    32.8622    32.8737  1026.3752    26.1770    246.667    236.740  327.64485     75.285     72.263     0.1856     0.7656     3.7875     0.8740 1.0000e-12       2843     1.9736  0.000e+00
     41.960   65.66986 -168.36820     42.381     3.0226     3.0240     3.0202    32.8626    32.8731  1026.3761    26.1773    246.678    236.747  327.64390     75.289     72.266     0.1856     0.7656     3.7875     0.8740 1.0000e-12       2844     1.9743  0.000e+00
     41.890   65.66986 -168.36820     42.311     3.0225     3.0238     3.0200    32.8624    32.8738  1026.3757    26.1772    246.688    236.750  327.64550     75.291     72.267     0.1856     0.7656     3.7875     0.8740 1.0000e-12       2845     1.9750  0.000e+00
     41.898   65.66986 -168.36820     42.319     3.0230     3.0238     3.0205    32.8618    32.8739  1026.3752    26.1767    246.734    236.758  327.64314     75.306     72.269     0.1856     0.7656     3.7875     0.8740 1.0000e-12       2846     1.9757  0.000e+00
     41.959   65.66986 -168.36820     42.381     3.0228     3.0240     3.0204    32.8617    32.8734  1026.3754    26.1766    246.498    236.769  327.64472     75.233     72.272     0.1734     0.6923     3.7875     0.8740 1.0000e-12       2847     1.9764  0.000e+00
     41.898   65.66986 -168.36820     42.319     3.0228     3.0240     3.0204    32.8626    32.8734  1026.3758    26.1773    246.439    236.778  327.64263     75.216     72.275     0.1648     0.6410     3.7875     0.8740 8.4714e-06       2848     1.9771  0.000e+00
     41.959   65.66986 -168.36820     42.381     3.0230     3.0241     3.0205    32.8620    32.8732  1026.3756    26.1768    246.387    236.793  327.64262     75.200     72.280     0.1648     0.6410     3.7875     0.8740 1.0000e-12       2849     1.9778  0.000e+00
     41.952   65.66986 -168.36820     42.373     3.0226     3.0238     3.0202    32.8621    32.8735  1026.3757    26.1769    245.938    236.980  327.64509     75.062     72.337     0.1648     0.6410     3.7875     0.8740 1.0000e-12       2850     1.9785  0.000e+00
     42.013   65.66986 -168.36820     42.436     3.0228     3.0238     3.0204    32.8621    32.8732  1026.3760    26.1769    246.293    237.021  327.64368     75.171     72.349     0.1661     0.6483     3.7875     0.8740 1.0000e-12       2851     1.9792  0.000e+00
     41.959   65.66986 -168.36820     42.381     3.0228     3.0240     3.0204    32.8623    32.8735  1026.3758    26.1771    246.284    236.838  327.64331     75.168     72.293     0.1648     0.6410     3.7875     0.8740 1.0000e-12       2852     1.9799  0.000e+00
     42.013   65.66986 -168.36820     42.436     3.0228     3.0237     3.0204    32.8618    32.8740  1026.3757    26.1766    246.282    237.052  327.64459     75.168     72.359     0.1661     0.6483     3.7875     0.8740 1.0000e-12       2853     1.9806  0.000e+00
     41.952   65.66986 -168.36820     42.373     3.0228     3.0238     3.0204    32.8621    32.8736  1026.3757    26.1769    246.278    236.872  327.64370     75.166     72.304     0.1636     0.6337     3.7875     0.8740 1.0000e-12       2854     1.9813  0.000e+00
     42.075   65.66986 -168.36820     42.498     3.0226     3.0238     3.0202    32.8626    32.8730  1026.3767    26.1773    246.284    236.873  327.64385     75.168     72.304     0.1661     0.6483     3.7875     0.8740 1.0000e-12       2855     1.9819  0.000e+00
     42.075   65.66986 -168.36820     42.498     3.0228     3.0238     3.0204    32.8620    32.8730  1026.3762    26.1768    246.288    236.869  327.64397     75.169     72.302     0.1661     0.6483     3.7875     0.8740 1.0000e-12       2856     1.9826  0.000e+00
     42.013   65.66986 -168.36820     42.436     3.0228     3.0240     3.0204    32.8619    32.8730  1026.3758    26.1768    246.294    236.863  327.64419     75.171     72.301     0.1661     0.6483     3.7863     0.8753 1.0000e-12       2857     1.9833  0.000e+00
     42.075   65.66986 -168.36820     42.498     3.0226     3.0237     3.0202    32.8625    32.8735  1026.3766    26.1772    246.306    236.864  327.64415     75.175     72.301     0.1661     0.6483     3.7875     0.8740 1.0000e-12       2858     1.9840  0.000e+00
     42.067   65.66986 -168.36820     42.490     3.0226     3.0238     3.0202    32.8622    32.8732  1026.3763    26.1770    246.319    236.863  327.64475     75.179     72.301     0.1648     0.6410     3.7875     0.8740 8.4714e-06       2859     1.9847  0.000e+00
     42.075   65.66986 -168.36820     42.498     3.0228     3.0237     3.0204    32.8619    32.8733  1026.3761    26.1768    246.335    236.887  327.64417     75.184     72.308     0.1661     0.6483     3.7875     0.8740 1.0000e-12       2860     1.9854  0.000e+00
     42.075   65.66986 -168.36820     42.498     3.0228     3.0238     3.0204    32.8621    32.8733  1026.3762    26.1769    246.354    236.888  327.64387     75.190     72.308     0.1648     0.6410     3.7875     0.8740 1.0000e-12       2861     1.9861  0.000e+00
     42.075   65.66986 -168.36820     42.498     3.0228     3.0237     3.0204    32.8620    32.8734  1026.3762    26.1768    246.376    236.892  327.64407     75.196     72.309     0.1661     0.6483     3.7875     0.8740 1.0000e-12       2862     1.9868  0.000e+00
     42.129   65.66986 -168.36820     42.552     3.0226     3.0240     3.0202    32.8621    32.8735  1026.3765    26.1769    246.403    236.895  327.64513     75.204     72.311     0.1648     0.6410     3.7888     0.8727 1.0000e-12       2863     1.9875  0.000e+00
     42.121   65.66986 -168.36820     42.545     3.0230     3.0237     3.0205    32.8619    32.8737  1026.3763    26.1767    246.212    237.096  327.64304     75.146     72.372     0.1648     0.6410     3.7900     0.8715 1.0000e-12       2864     1.9882  0.000e+00
     42.129   65.66986 -168.36820     42.552     3.0228     3.0240     3.0204    32.8622    32.8730  1026.3765    26.1769    246.427    237.123  327.64364     75.212     72.380     0.1661     0.6483     3.7888     0.8727 1.0000e-12       2865     1.9889  0.000e+00
     42.075   65.66986 -168.36820     42.498     3.0228     3.0240     3.0204    32.8626    32.8731  1026.3766    26.1773    246.423    236.953  327.64256     75.211     72.329     0.1648     0.6410     3.7888     0.8727 1.0000e-12       2866     1.9896  0.000e+00
     42.129   65.66986 -168.36820     42.552     3.0228     3.0240     3.0204    32.8623    32.8733  1026.3767    26.1771    246.425    237.155  327.64324     75.211     72.390     0.1661     0.6483     3.7888     0.8727 1.0000e-12       2867     1.9903  0.000e+00
     42.175   65.66986 -168.36820     42.599     3.0228     3.0240     3.0203    32.8626    32.8732  1026.3771    26.1773    246.464    236.990  327.64259     75.223     72.340     0.1661     0.6483     3.7900     0.8715 1.0000e-12       2868     1.9910  0.000e+00
     42.129   65.66986 -168.36820     42.552     3.0226     3.0238     3.0202    32.8626    32.8729  1026.3769    26.1773    246.468    236.997  327.64372     75.224     72.342     0.1661     0.6483     3.7888     0.8727 1.0000e-12       2869     1.9917  0.000e+00
     42.129   65.66986 -168.36820     42.552     3.0230     3.0240     3.0205    32.8619    32.8733  1026.3763    26.1767    246.473    237.198  327.64305     75.226     72.403     0.1648     0.6410     3.7888     0.8727 1.0000e-12       2870     1.9924  0.000e+00
     42.183   65.66986 -168.36820     42.607     3.0228     3.0238     3.0203    32.8621    32.8735  1026.3767    26.1769    246.265    237.230  327.64381     75.162     72.413     0.1661     0.6483     3.7888     0.8727 1.0000e-12       2871     1.9931  0.000e+00
     42.129   65.66986 -168.36820     42.552     3.0230     3.0238     3.0205    32.8617    32.8734  1026.3762    26.1766    246.238    237.235  327.64335     75.154     72.414     0.1734     0.6923     3.7900     0.8715 1.0000e-12       2872     1.9937  0.000e+00
     42.237   65.66986 -168.36820     42.661     3.0228     3.0238     3.0203    32.8620    32.8734  1026.3769    26.1768    246.221    237.244  327.64398     75.149     72.417     0.1905     0.7949     3.7888     0.8727 1.0000e-12       2873     1.9944  0.000e+00
     42.129   65.66986 -168.36820     42.552     3.0230     3.0238     3.0205    32.8618    32.8734  1026.3762    26.1766    246.197    237.246  327.64325     75.142     72.418     0.1966     0.8315     3.7888     0.8727 1.0000e-12       2874     1.9951  0.000e+00
     42.183   65.66986 -168.36820     42.607     3.0228     3.0237     3.0203    32.8622    32.8733  1026.3769    26.1770    245.966    237.252  327.64341     75.071     72.419     0.1954     0.8242     3.7888     0.8727 1.0000e-12       2875     1.9958  0.000e+00
     42.183   65.66986 -168.36820     42.607     3.0228     3.0240     3.0203    32.8620    32.8732  1026.3767    26.1768    246.137    237.059  327.64401     75.123     72.361     0.1954     0.8242     3.7888     0.8727 1.0000e-12       2876     1.9965  0.000e+00
     42.175   65.66986 -168.36820     42.599     3.0231     3.0238     3.0207    32.8617    32.8734  1026.3764    26.1765    246.127    237.063  327.64222     75.121     72.362     0.1941     0.8168     3.7888     0.8727 1.0000e-12       2877     1.9972  0.000e+00
     42.183   65.66986 -168.36820     42.607     3.0226     3.0240     3.0202    32.8625    32.8732  1026.3771    26.1772    246.123    237.238  327.64410     75.119     72.416     0.1954     0.8242     3.7888     0.8727 1.0000e-12       2878     1.9979  0.000e+00
     42.183   65.66986 -168.36820     42.607     3.0230     3.0237     3.0205    32.8616    32.8738  1026.3763    26.1765    246.119    237.242  327.64372     75.118     72.416     0.1941     0.8168     3.7888     0.8727 1.0000e-12       2879     1.9986  0.000e+00
     42.183   65.66986 -168.36820     42.607     3.0228     3.0238     3.0203    32.8624    32.8732  1026.3770    26.1771    246.119    237.268  327.64311     75.118     72.424     0.1941     0.8168     3.7900     0.8715 1.0000e-12       2880     1.9993  0.000e+00
     42.183   65.66986 -168.36820     42.607     3.0226     3.0238     3.0202    32.8624    32.8731  1026.3771    26.1772    246.123    237.270  327.64420     75.119     72.425     0.1941     0.8168     3.7888     0.8727 1.0000e-12       2881     2.0000  0.000e+00
     42.175   65.66986 -168.36820     42.599     3.0228     3.0238     3.0203    32.8619    32.8730  1026.3766    26.1768    246.128    237.294  327.64420     75.121     72.432     0.1941     0.8168     3.7875     0.8740 1.0000e-12       2882     2.0007  0.000e+00
     42.183   65.66986 -168.36820     42.607     3.0228     3.0238     3.0203    32.8622    32.8730  1026.3769    26.1770    246.137    237.295  327.64341     75.123     72.433     0.1954     0.8242     3.7827     0.8792 1.0000e-12       2883     2.0014  0.000e+00
     42.183   65.66986 -168.36820     42.607     3.0228     3.0238     3.0203    32.8622    32.8730  1026.3768    26.1770    246.148    237.319  327.64351     75.127     72.440     0.1941     0.8168     3.7814     0.8805 1.0000e-12       2884     2.0021  0.000e+00
     42.183   65.66986 -168.36820     42.607     3.0231     3.0238     3.0207    32.8620    32.8731  1026.3766    26.1768    246.161    237.148  327.64153     75.131     72.388     0.1954     0.8242     3.7814     0.8805 1.0000e-12       2885     2.0028  0.000e+00
     42.183   65.66986 -168.36820     42.607     3.0228     3.0238     3.0203    32.8620    32.8736  1026.3767    26.1768    246.181    237.343  327.64401     75.137     72.448     0.1941     0.8168     3.7827     0.8792 1.0000e-12       2886     2.0035  0.000e+00
     42.175   65.66986 -168.36820     42.599     3.0230     3.0238     3.0205    32.8621    32.8732  1026.3767    26.1769    246.200    237.368  327.64241     75.143     72.455     0.1954     0.8242     3.7827     0.8792 1.0000e-12       2887     2.0042  0.000e+00
     42.183   65.66986 -168.36820     42.607     3.0228     3.0238     3.0203    32.8624    32.8732  1026.3770    26.1771    246.188    237.393  327.64311     75.139     72.463     0.1941     0.8168     3.7827     0.8792 1.0000e-12       2888     2.0049  0.000e+00
     42.183   65.66986 -168.36820     42.607     3.0228     3.0240     3.0203    32.8622    32.8734  1026.3768    26.1770    246.176    237.393  327.64351     75.135     72.463     0.1954     0.8242     3.7827     0.8792 1.0000e-12       2889     2.0056  0.000e+00
     42.183   65.66986 -168.36820     42.607     3.0230     3.0238     3.0205    32.8615    32.8735  1026.3763    26.1764    245.985    237.393  327.64392     75.077     72.463     0.1941     0.8168     3.7814     0.8805 8.4714e-06       2890     2.0063  0.000e+00
     42.175   65.66986 -168.36820     42.599     3.0230     3.0240     3.0205    32.8618    32.8729  1026.3764    26.1766    246.632    237.416  327.64331     75.275     72.470     0.1941     0.8168     3.7827     0.8792 1.0000e-12       2891     2.0069  0.000e+00
     42.129   65.66986 -168.36820     42.552     3.0230     3.0240     3.0205    32.8620    32.8731  1026.3764    26.1768    246.296    237.413  327.64275     75.172     72.469     0.1954     0.8242     3.7827     0.8792 1.0000e-12       2892     2.0076  0.000e+00
     42.183   65.66986 -168.36820     42.607     3.0230     3.0240     3.0205    32.8619    32.8734  1026.3766    26.1767    246.332    237.412  327.64292     75.183     72.469     0.1941     0.8168     3.7814     0.8805 1.0000e-12       2893     2.0083  0.000e+00
     42.129   65.66986 -168.36820     42.552     3.0228     3.0240     3.0204    32.8622    32.8730  1026.3765    26.1769    246.367    237.409  327.64364     75.194     72.467     0.1954     0.8242     3.7814     0.8805 1.0000e-12       2894     2.0090  0.000e+00
     42.183   65.66986 -168.36820     42.607     3.0230     3.0240     3.0205    32.8618    32.8729  1026.3765    26.1766    246.408    237.407  327.64332     75.206     72.467     0.1941     0.8168     3.7814     0.8805 1.0000e-12       2895     2.0097  0.000e+00
     42.121   65.66986 -168.36820     42.544     3.0230     3.0240     3.0205    32.8621    32.8732  1026.3765    26.1769    246.411    237.400  327.64244     75.207     72.465     0.1954     0.8242     3.7814     0.8805 1.0000e-12       2896     2.0104  0.000e+00
     42.129   65.66986 -168.36820     42.552     3.0228     3.0240     3.0204    32.8620    32.8733  1026.3764    26.1768    246.420    237.394  327.64394     75.210     72.463     0.1929     0.8095     3.7827     0.8792 1.0000e-12       2897     2.0111  0.000e+00
     42.129   65.66986 -168.36820     42.552     3.0231     3.0241     3.0207    32.8618    32.8728  1026.3762    26.1766    246.427    237.387  327.64196     75.212     72.461     0.1746     0.6996     3.7827     0.8792 1.0000e-12       2898     2.0118  0.000e+00
