EcoFOCI/data/1_SampleCollection/2023_SikuliaqDBO_CruiseData/CTD_raw_BottleFile_SKQ23-12S/proc/skq202312s_038avg.cnv
* Sea-Bird SBE 9 Data File:
* FileName = D:\CTD\SKQ202312S\SKQ202312S_038.hex
* Software Version Seasave V 7.26.7.121
* Temperature SN = 6177
* Conductivity SN = 0369
* Number of Bytes Per Scan = 41
* Number of Voltage Words = 4
* Number of Scans Averaged by the Deck Unit = 1
* NMEA Latitude = 71 15.45 N
* NMEA Longitude = 160 27.73 W
* NMEA UTC (Time) = Sep 23 2023  10:47:29
* NMEA baud rate = 4800
** Ship: R/V Sikuliaq
** Station Number: 038
** Station Name: DBO4.1na
** Bottom Depth: 51
** Operator: SS
# nquan = 25
# nvalues = 46                          
# units = specified
# name 0 = depSM: Depth [salt water, m]
# name 1 = latitude: Latitude [deg]
# name 2 = longitude: Longitude [deg]
# name 3 = prDM: Pressure, Digiquartz [db]
# name 4 = t090C: Temperature [ITS-90, deg C]
# name 5 = t190C: Temperature, 2 [ITS-90, deg C]
# name 6 = potemp090C: Potential Temperature [ITS-90, deg C]
# name 7 = sal00: Salinity, Practical [PSU]
# name 8 = sal11: Salinity, Practical, 2 [PSU]
# name 9 = density00: Density [density, kg/m^3]
# name 10 = sigma-é00: Density [sigma-theta, kg/m^3]
# name 11 = sbox0Mm/Kg: Oxygen, SBE 43 [umol/kg]
# name 12 = sbox1Mm/Kg: Oxygen, SBE 43, 2 [umol/kg]
# name 13 = oxsolMm/Kg: Oxygen Saturation, Garcia & Gordon [umol/kg]
# name 14 = sbeox0PS: Oxygen, SBE 43 [% saturation]
# name 15 = sbeox1PS: Oxygen, SBE 43, 2 [% saturation]
# name 16 = v0: Voltage 0
# name 17 = flECO-AFL: Fluorescence, WET Labs ECO-AFL/FL [mg/m^3]
# name 18 = v1: Voltage 1
# name 19 = CStarAt0: Beam Attenuation, WET Labs C-Star [1/m]
# name 20 = par: PAR/Irradiance, Biospherical/Licor
# name 21 = scan: Scan Count
# name 22 = timeM: Time, Elapsed [minutes]
# name 23 = nbin: number of scans per bin
# name 24 = flag: flag
# span 0 =      1.980,     46.516       
# span 1 =   71.25746,   71.25746       
# span 2 = -160.46242, -160.46231       
# span 3 =      2.000,     47.000       
# span 4 =    -1.6710,     2.4723       
# span 5 =    -1.6697,     2.4737       
# span 6 =    -1.6718,     2.4719       
# span 7 =    27.6037,    32.6447       
# span 8 =    27.6130,    32.6559       
# span 9 =  1022.0368,  1026.4900       
# span 10 =    22.0223,    26.2632      
# span 11 =    254.506,    481.673      
# span 12 =    240.426,    456.572      
# span 13 =  345.69665,  370.51431      
# span 14 =     68.691,    130.682      
# span 15 =     64.899,    123.879      
# span 16 =     0.0818,     0.1925      
# span 17 =     0.1426,     0.8068      
# span 18 =     3.2854,     4.1843      
# span 19 =     0.4754,     1.4432      
# span 20 = -1.177e-06, 4.3662e-01      
# span 21 =        257,       4758      
# span 22 =     0.1777,     3.3033      
# span 23 =         41,        609      
# span 24 = 0.0000e+00, 0.0000e+00      
# interval = decibars: 1                
# start_time = Sep 23 2023 10:50:45 [NMEA time, first data scan]
# bad_flag = -9.990e-29
*END*
      1.980   71.25746 -160.46237      2.000     2.4595     2.4598     2.4594    27.6120    27.6230  1022.0390    22.0294    339.695    323.128  345.83020     98.226     93.444     0.1769     0.7134     4.0745     0.5818 4.3662e-01        257     0.1777        487 0.0000e+00
      2.969   71.25746 -160.46238      3.000     2.4651     2.4659     2.4650    27.6038    27.6135  1022.0368    22.0225    339.388    322.891  345.80253     98.145     93.383     0.1759     0.7077     4.0746     0.5817 3.5595e-01        520     0.3607        130 0.0000e+00
      3.959   71.25746 -160.46238      4.000     2.4672     2.4681     2.4670    27.6037    27.6130  1022.0413    22.0223    338.813    322.576  345.78498     97.984     93.297     0.1798     0.7311     4.0744     0.5819 2.5412e-01        663     0.4598        101 0.0000e+00
      4.949   71.25746 -160.46238      5.000     2.4680     2.4691     2.4678    27.6052    27.6147  1022.0472    22.0235    339.393    322.453  345.77320     98.155     93.265     0.1815     0.7410     4.0743     0.5820 1.8808e-01        792     0.5493        155 0.0000e+00
      5.939   71.25746 -160.46238      6.000     2.4695     2.4704     2.4692    27.6069    27.6164  1022.0533    22.0247    339.080    322.380  345.75592     98.069     93.248     0.1817     0.7422     4.0750     0.5813 1.2802e-01        930     0.6448        105 0.0000e+00
      6.929   71.25746 -160.46238      7.000     2.4706     2.4725     2.4703    27.6091    27.6200  1022.0597    22.0265    338.951    322.511  345.74037     98.036     93.293     0.1868     0.7729     4.0741     0.5822 9.8311e-02       1060     0.7353        144 0.0000e+00
      7.918   71.25746 -160.46238      8.000     2.4723     2.4737     2.4719    27.6138    27.6236  1022.0681    22.0301    339.299    322.575  345.71352     98.145     93.317     0.1832     0.7512     4.0731     0.5831 6.7069e-02       1192     0.8274        132 0.0000e+00
      8.908   71.25746 -160.46238      9.000     2.4647     2.4736     2.4643    27.6453    27.6348  1022.0985    22.0557    339.416    322.715  345.69665     98.183     93.366     0.1836     0.7536     4.0667     0.5895 4.7806e-02       1318     0.9148        129 0.0000e+00
      9.898   71.25746 -160.46238     10.000     1.8229     1.8328     1.8225    28.7385    28.7168  1023.0167    22.9691    348.555    326.677  348.46389    100.014     93.750     0.1925     0.8068     4.0899     0.5667 2.8676e-02       1451     1.0073        134 0.0000e+00
     10.887   71.25746 -160.46238     11.000     0.3027     0.2756     0.3024    30.2664    30.3094  1024.3247    24.2720    394.470    368.561  358.23776    110.052    102.793     0.1759     0.7072     4.1252     0.5324 1.5314e-02       1579     1.0961        130 0.0000e+00
     11.877   71.25746 -160.46238     12.000    -0.5064    -0.4604    -0.5066    31.0226    31.0048  1024.9732    24.9154    459.953    428.595  363.74198    126.459    117.951     0.1430     0.5102     4.1355     0.5224 6.5269e-03       1709     1.1860         69 0.0000e+00
     12.867   71.25746 -160.46239     13.000    -0.9142    -0.9205    -0.9145    31.3630    31.3952  1025.2664    25.2037    465.203    436.988  366.73680    126.843    119.163     0.1304     0.4341     4.1769     0.4825 1.2759e-03       1780     1.2353         82 0.0000e+00
     13.857   71.25746 -160.46240     14.000    -1.2425    -1.2471    -1.2428    31.8423    31.8656  1025.6689    25.6013    481.673    456.572  368.58364    130.682    123.879     0.1476     0.5377     4.1230     0.5348 8.8101e-04       1839     1.2761         42 0.0000e+00
     14.846   71.25746 -160.46240     15.000    -1.3323    -1.3282    -1.3326    32.1011    32.1074  1025.8859    25.8135    477.002    454.448  368.72163    129.367    123.270     0.1721     0.6848     4.1245     0.5332 1.0472e-04       1886     1.3093         58 0.0000e+00
     15.836   71.25746 -160.46240     16.000    -1.3705    -1.3824    -1.3708    32.2246    32.2587  1025.9919    25.9147    446.220    431.299  368.74128    121.012    116.960     0.1298     0.4306     4.1843     0.4754 -1.177e-06       1948     1.3520         53 0.0000e+00
     16.826   71.25746 -160.46240     17.000    -1.4611    -1.4651    -1.4614    32.3918    32.4138  1026.1348    26.0527    423.580    409.252  369.15412    114.744    110.870     0.1085     0.3028     4.1807     0.4789 3.0875e-06       1995     1.3849         49 0.0000e+00
     17.816   71.25746 -160.46240     18.000    -1.5796    -1.5851    -1.5799    32.5666    32.5903  1026.2845    26.1976    398.130    385.370  369.82478    107.655    104.208     0.1077     0.2985     4.0865     0.5706 1.9476e-06       2053     1.4249         60 0.0000e+00
     18.806   71.25746 -160.46240     19.000    -1.6354    -1.6356    -1.6358    32.6255    32.6431  1026.3385    26.2467    366.733    357.177  370.21064     99.061     96.492     0.1120     0.3242     3.8379     0.8220 1.6092e-06       2105     1.4612         42 0.0000e+00
     19.795   71.25746 -160.46240     20.000    -1.6432    -1.6429    -1.6435    32.6265    32.6430  1026.3444    26.2477    316.436    313.890  370.28548     85.458     84.782     0.1066     0.2920     3.6721     0.9982 2.0162e-06       2147     1.4906         46 0.0000e+00
     20.785   71.25746 -160.46240     21.000    -1.6514    -1.6509    -1.6517    32.6272    32.6429  1026.3499    26.2484    268.019    261.905  370.36530     72.366     70.725     0.0973     0.2356     3.5514     1.1317 2.5818e-06       2200     1.5273         53 0.0000e+00
     21.775   71.25746 -160.46240     22.000    -1.6542    -1.6535    -1.6545    32.6277    32.6429  1026.3552    26.2489    259.386    250.086  370.39219     70.030     67.528     0.0840     0.1561     3.4876     1.2042 4.7656e-06       2249     1.5608         48 0.0000e+00
     22.764   71.25746 -160.46240     23.000    -1.6556    -1.6547    -1.6560    32.6272    32.6417  1026.3597    26.2485    259.808    248.672  370.40806     70.141     67.144     0.0838     0.1548     3.4581     1.2382 4.2303e-06       2299     1.5958         52 0.0000e+00
     23.754   71.25746 -160.46241     24.000    -1.6577    -1.6569    -1.6581    32.6275    32.6418  1026.3648    26.2488    261.659    248.157  370.42819     70.637     67.001     0.0823     0.1457     3.4271     1.2742 4.8069e-06       2353     1.6334         53 0.0000e+00
     24.744   71.25746 -160.46242     25.000    -1.6608    -1.6597    -1.6612    32.6299    32.6438  1026.3717    26.2508    262.724    247.884  370.45184     70.920     66.923     0.0818     0.1426     3.3714     1.3399 3.9014e-06       2401     1.6670         48 0.0000e+00
     25.733   71.25746 -160.46242     26.000    -1.6618    -1.6607    -1.6622    32.6303    32.6437  1026.3768    26.2512    262.689    247.405  370.46084     70.909     66.792     0.0865     0.1707     3.3219     1.3989 3.9339e-06       2456     1.7050         56 0.0000e+00
     26.723   71.25746 -160.46242     27.000    -1.6623    -1.6612    -1.6628    32.6302    32.6436  1026.3817    26.2512    262.980    247.009  370.46634     70.986     66.684     0.0850     0.1622     3.2975     1.4285 2.8722e-06       2506     1.7395         41 0.0000e+00
     27.713   71.25746 -160.46242     28.000    -1.6625    -1.6612    -1.6630    32.6300    32.6430  1026.3863    26.2510    262.833    247.170  370.46870     70.946     66.728     0.0844     0.1585     3.2882     1.4398 3.8900e-06       2550     1.7700         48 0.0000e+00
     28.702   71.25746 -160.46242     29.000    -1.6623    -1.6611    -1.6628    32.6294    32.6424  1026.3907    26.2505    262.462    246.324  370.46869     70.846     66.499     0.0845     0.1592     3.2896     1.4380 3.7153e-06       2603     1.8070         57 0.0000e+00
     29.692   71.25746 -160.46242     30.000    -1.6626    -1.6614    -1.6631    32.6293    32.6420  1026.3954    26.2504    261.845    245.807  370.47174     70.679     66.359     0.0866     0.1715     3.2854     1.4432 4.2409e-06       2655     1.8431         46 0.0000e+00
     30.682   71.25746 -160.46242     31.000    -1.6602    -1.6590    -1.6607    32.6327    32.6449  1026.4030    26.2532    261.571    245.341  370.43744     70.611     66.239     0.0887     0.1840     3.3737     1.3382 2.6190e-06       2706     1.8784         55 0.0000e+00
     31.671   71.25746 -160.46242     32.000    -1.6603    -1.6591    -1.6608    32.6341    32.6467  1026.4089    26.2543    261.963    245.131  370.43438     70.718     66.183     0.0954     0.2244     3.5382     1.1465 2.7676e-06       2759     1.9149         49 0.0000e+00
     32.661   71.25746 -160.46241     33.000    -1.6636    -1.6620    -1.6641    32.6363    32.6485  1026.4156    26.2561    263.964    247.560  370.46082     71.253     66.834     0.0989     0.2456     3.5397     1.1448 2.4168e-06       2808     1.9490         49 0.0000e+00
     33.650   71.25746 -160.46240     34.000    -1.6660    -1.6652    -1.6665    32.6375    32.6500  1026.4215    26.2572    264.747    248.483  370.48135     71.460     67.078     0.0984     0.2427     3.5291     1.1569 2.3382e-06       2860     1.9852         58 0.0000e+00
     34.640   71.25746 -160.46240     35.000    -1.6688    -1.6678    -1.6694    32.6390    32.6512  1026.4276    26.2584    264.464    248.582  370.50534     71.379     67.101     0.0936     0.2136     3.4985     1.1917 2.8147e-06       2923     2.0290         69 0.0000e+00
     35.630   71.25746 -160.46240     36.000    -1.6702    -1.6689    -1.6708    32.6408    32.6529  1026.4339    26.2600    263.238    248.232  370.51374     71.047     67.005     0.0885     0.1832     3.4592     1.2370 2.7945e-06       2997     2.0803         88 0.0000e+00
     36.619   71.25746 -160.46240     37.000    -1.6705    -1.6691    -1.6711    32.6416    32.6534  1026.4394    26.2606    261.023    246.400  370.51431     70.449     66.511     0.0874     0.1765     3.4281     1.2731 3.7816e-06       3097     2.1499         78 0.0000e+00
     37.609   71.25746 -160.46240     38.000    -1.6710    -1.6696    -1.6716    32.6438    32.6554  1026.4461    26.2624    260.148    245.388  370.51298     70.213     66.238     0.0856     0.1654     3.3717     1.3395 3.4724e-06       3173     2.2030        108 0.0000e+00
     38.599   71.25746 -160.46239     39.000    -1.6710    -1.6697    -1.6716    32.6438    32.6555  1026.4509    26.2624    258.166    243.818  370.51271     69.678     65.814     0.0857     0.1665     3.3613     1.3518 3.2931e-06       3278     2.2759         85 0.0000e+00
     39.588   71.25746 -160.46238     40.000    -1.6710    -1.6697    -1.6717    32.6440    32.6555  1026.4559    26.2626    257.741    243.588  370.51275     69.563     65.752     0.0862     0.1695     3.3497     1.3656 3.8132e-06       3373     2.3415        104 0.0000e+00
     40.578   71.25746 -160.46237     41.000    -1.6703    -1.6689    -1.6710    32.6442    32.6555  1026.4609    26.2627    256.592    242.743  370.50540     69.255     65.525     0.0877     0.1783     3.3437     1.3727 3.5984e-06       3669     2.5475        609 0.0000e+00
     41.567   71.25746 -160.46234     42.000    -1.6710    -1.6697    -1.6717    32.6444    32.6555  1026.4658    26.2629    255.401    241.233  370.51149     68.932     65.116     0.0857     0.1662     3.3325     1.3862 4.3353e-06       4121     2.8610        128 0.0000e+00
     42.557   71.25746 -160.46234     43.000    -1.6710    -1.6697    -1.6718    32.6444    32.6555  1026.4707    26.2629    255.546    241.613  370.51191     68.971     65.219     0.0844     0.1585     3.3048     1.4196 4.8245e-06       4208     2.9216         94 0.0000e+00
     43.547   71.25746 -160.46234     44.000    -1.6710    -1.6696    -1.6718    32.6447    32.6556  1026.4757    26.2631    255.460    241.745  370.51084     68.948     65.254     0.0846     0.1595     3.3129     1.4098 5.0013e-06       4310     2.9922         73 0.0000e+00
     44.536   71.25746 -160.46234     45.000    -1.6710    -1.6696    -1.6718    32.6447    32.6557  1026.4806    26.2631    254.814    241.314  370.51110     68.774     65.138     0.0851     0.1625     3.3097     1.4137 4.1981e-06       4382     3.0424         89 0.0000e+00
     45.526   71.25746 -160.46233     46.000    -1.6710    -1.6696    -1.6718    32.6447    32.6556  1026.4854    26.2632    254.506    241.369  370.51048     68.691     65.153     0.0846     0.1596     3.3050     1.4194 3.0412e-06       4461     3.0975         70 0.0000e+00
     46.516   71.25746 -160.46231     47.000    -1.6706    -1.6693    -1.6715    32.6444    32.6559  1026.4900    26.2629    254.726    240.426  370.50800     68.751     64.899     0.0934     0.2124     3.3033     1.4214 4.4193e-06       4758     3.3033         76 0.0000e+00
