EcoFOCI/data/1_SampleCollection/2023_SikuliaqDBO_CruiseData/CTD_raw_BottleFile_SKQ23-12S/proc/skq202312s_037.cnv
* Sea-Bird SBE 9 Data File:
* FileName = D:\CTD\SKQ202312S\SKQ202312S_037.hex
* Software Version Seasave V 7.26.7.121
* Temperature SN = 6177
* Conductivity SN = 0369
* Number of Bytes Per Scan = 41
* Number of Voltage Words = 4
* Number of Scans Averaged by the Deck Unit = 1
* NMEA Latitude = 71 11.55 N
* NMEA Longitude = 160 15.97 W
* NMEA UTC (Time) = Sep 23 2023  07:57:53
* NMEA baud rate = 4800
** Ship: R/V Sikuliaq
** Station Number: 037
** Station Name: DBO4.1n
** Bottom Depth: 54
** Operator: SS
# nquan = 24
# nvalues = 6245                                  
# units = specified
# name 0 = depSM: Depth [salt water, m]
# name 1 = latitude: Latitude [deg]
# name 2 = longitude: Longitude [deg]
# name 3 = prDM: Pressure, Digiquartz [db]
# name 4 = t090C: Temperature [ITS-90, deg C]
# name 5 = t190C: Temperature, 2 [ITS-90, deg C]
# name 6 = potemp090C: Potential Temperature [ITS-90, deg C]
# name 7 = sal00: Salinity, Practical [PSU]
# name 8 = sal11: Salinity, Practical, 2 [PSU]
# name 9 = density00: Density [density, kg/m^3]
# name 10 = sigma-é00: Density [sigma-theta, kg/m^3]
# name 11 = sbox0Mm/Kg: Oxygen, SBE 43 [umol/kg]
# name 12 = sbox1Mm/Kg: Oxygen, SBE 43, 2 [umol/kg]
# name 13 = oxsolMm/Kg: Oxygen Saturation, Garcia & Gordon [umol/kg]
# name 14 = sbeox0PS: Oxygen, SBE 43 [% saturation]
# name 15 = sbeox1PS: Oxygen, SBE 43, 2 [% saturation]
# name 16 = v0: Voltage 0
# name 17 = flECO-AFL: Fluorescence, WET Labs ECO-AFL/FL [mg/m^3]
# name 18 = v1: Voltage 1
# name 19 = CStarAt0: Beam Attenuation, WET Labs C-Star [1/m]
# name 20 = par: PAR/Irradiance, Biospherical/Licor
# name 21 = scan: Scan Count
# name 22 = timeM: Time, Elapsed [minutes]
# name 23 = flag:  0.000e+00
# span 0 =      1.857,     49.173                 
# span 1 =   71.19246,   71.19248                 
# span 2 = -160.26612, -160.26610                 
# span 3 =      1.876,     49.685                 
# span 4 =    -1.6781,     2.3758                 
# span 5 =    -1.6768,     2.3778                 
# span 6 =    -1.6787,     2.3754                 
# span 7 =    28.4791,    32.6600                 
# span 8 =    28.4902,    32.6740                 
# span 9 =  1022.7416,  1026.5149                 
# span 10 =    22.7301,    26.2756                
# span 11 =    260.460,    493.476                
# span 12 =    248.935,    471.618                
# span 13 =  342.08078,  370.53992                
# span 14 =     70.295,    134.726                
# span 15 =     67.192,    128.708                
# span 16 =     0.0733,     0.4811                
# span 17 =     0.0916,     2.5384                
# span 18 =     3.1819,     4.1697                
# span 19 =     0.4894,     1.5712                
# span 20 = 1.0000e-12, 1.0477e+00                
# span 21 =          1,       6245                
# span 22 =     0.0000,     4.3361                
# span 23 = 0.0000e+00, 0.0000e+00                
# interval = seconds: 0.0416667
# start_time = Sep 23 2023 08:01:24 [NMEA time, first data scan]
# bad_flag = -9.990e-29
*END*
[from data line 1993]
     15.244   71.19248 -160.26610     15.401    -1.2526    -1.2528    -1.2529    32.2188    32.2291  1025.9811    25.9069    459.361    444.148  367.59066    124.965    120.836     0.1734     0.6923     4.1490     0.5094 1.0000e-12       1994     1.3840  0.000e+00
     15.359   71.19248 -160.26610     15.518    -1.2523    -1.2526    -1.2526    32.2202    32.2313  1025.9829    25.9080    459.011    443.736  367.58374    124.873    120.726     0.1722     0.6850     4.1465     0.5117 1.0000e-12       1995     1.3847  0.000e+00
     15.329   71.19248 -160.26610     15.487    -1.2523    -1.2524    -1.2526    32.2227    32.2331  1025.9848    25.9100    458.403    443.101  367.57639    124.709    120.556     0.1734     0.6923     4.1294     0.5283 1.0000e-12       1996     1.3854  0.000e+00
     15.359   71.19248 -160.26610     15.518    -1.2523    -1.2524    -1.2526    32.2247    32.2359  1025.9865    25.9117    457.808    442.873  367.57064    124.550    120.497     0.1722     0.6850     4.1221     0.5354 1.0000e-12       1997     1.3861  0.000e+00
     15.359   71.19248 -160.26610     15.518    -1.2519    -1.2522    -1.2522    32.2264    32.2377  1025.9879    25.9131    457.217    442.235  367.56214    124.392    120.326     0.1722     0.6850     4.1209     0.5365 1.0000e-12       1998     1.3868  0.000e+00
     15.383   71.19248 -160.26610     15.542    -1.2519    -1.2517    -1.2522    32.2291    32.2397  1025.9902    25.9152    456.642    441.773  367.55452    124.238    120.203     0.1734     0.6923     4.1221     0.5354 1.0000e-12       1999     1.3875  0.000e+00
     15.421   71.19248 -160.26610     15.581    -1.2516    -1.2514    -1.2519    32.2310    32.2418  1025.9919    25.9168    456.030    441.102  367.54610    124.074    120.024     0.1722     0.6850     4.1221     0.5354 1.0000e-12       2000     1.3882  0.000e+00
     15.475   71.19248 -160.26610     15.635    -1.2515    -1.2511    -1.2518    32.2329    32.2436  1025.9937    25.9183    455.690    440.615  367.53898    123.984    119.894     0.1734     0.6923     4.1221     0.5354 1.0000e-12       2001     1.3889  0.000e+00
     15.444   71.19248 -160.26610     15.604    -1.2512    -1.2510    -1.2515    32.2346    32.2459  1025.9949    25.9197    454.896    440.141  367.53118    123.771    119.767     0.1722     0.6850     4.1221     0.5354 1.0000e-12       2002     1.3896  0.000e+00
     15.475   71.19248 -160.26610     15.635    -1.2510    -1.2505    -1.2513    32.2367    32.2479  1025.9968    25.9214    454.330    439.687  367.52340    123.619    119.647     0.1734     0.6923     4.1221     0.5354 1.0000e-12       2003     1.3903  0.000e+00
     15.537   71.19248 -160.26610     15.697    -1.2509    -1.2500    -1.2512    32.2388    32.2497  1025.9987    25.9230    454.044    438.997  367.51631    123.544    119.463     0.1722     0.6850     4.1221     0.5354 1.0000e-12       2004     1.3910  0.000e+00
     15.537   71.19248 -160.26610     15.697    -1.2505    -1.2499    -1.2509    32.2406    32.2519  1026.0003    25.9245    453.513    438.492  367.50744    123.402    119.328     0.1734     0.6923     4.1221     0.5354 1.0000e-12       2005     1.3917  0.000e+00
     15.560   71.19248 -160.26610     15.721    -1.2509    -1.2500    -1.2512    32.2434    32.2544  1026.0026    25.9268    453.011    438.012  367.50288    123.267    119.199     0.1722     0.6850     4.1221     0.5354 1.0000e-12       2006     1.3924  0.000e+00
     15.537   71.19248 -160.26610     15.697    -1.2510    -1.2500    -1.2513    32.2451    32.2564  1026.0039    25.9282    452.528    437.327  367.49892    123.137    119.015     0.1734     0.6923     4.1221     0.5354 1.0000e-12       2007     1.3931  0.000e+00
     15.645   71.19248 -160.26610     15.806    -1.2514    -1.2504    -1.2517    32.2466    32.2590  1026.0057    25.9294    451.775    436.840  367.49797    122.933    118.883     0.1722     0.6850     4.1221     0.5354 1.0000e-12       2008     1.3938  0.000e+00
     15.560   71.19248 -160.26610     15.721    -1.2518    -1.2505    -1.2521    32.2480    32.2614  1026.0064    25.9306    451.502    436.334  367.49856    122.858    118.748     0.1734     0.6923     4.1221     0.5354 1.0000e-12       2009     1.3944  0.000e+00
     15.645   71.19248 -160.26610     15.806    -1.2521    -1.2511    -1.2524    32.2496    32.2631  1026.0081    25.9319    451.054    435.905  367.49669    122.737    118.630     0.1722     0.6850     4.1221     0.5354 1.0000e-12       2010     1.3951  0.000e+00
     15.645   71.19248 -160.26610     15.806    -1.2527    -1.2516    -1.2530    32.2514    32.2652  1026.0096    25.9333    450.584    435.237  367.49785    122.609    118.449     0.1722     0.6850     4.1221     0.5354 1.0000e-12       2011     1.3958  0.000e+00
     15.668   71.19248 -160.26610     15.830    -1.2533    -1.2522    -1.2536    32.2520    32.2670  1026.0102    25.9339    450.146    434.767  367.50164    122.488    118.321     0.1722     0.6850     4.1221     0.5354 1.0000e-12       2012     1.3965  0.000e+00
     15.706   71.19248 -160.26610     15.869    -1.2539    -1.2527    -1.2542    32.2532    32.2688  1026.0114    25.9348    449.738    434.326  367.50447    122.376    118.201     0.1722     0.6850     4.1221     0.5354 1.0000e-12       2013     1.3972  0.000e+00
     15.706   71.19248 -160.26610     15.869    -1.2550    -1.2535    -1.2553    32.2550    32.2701  1026.0129    25.9363    449.569    433.919  367.50997    122.328    118.089     0.1722     0.6850     4.1221     0.5354 1.0000e-12       2014     1.3979  0.000e+00
     15.730   71.19248 -160.26610     15.892    -1.2559    -1.2546    -1.2563    32.2565    32.2717  1026.0143    25.9376    449.223    433.290  367.51459    122.233    117.916     0.1722     0.6850     4.1221     0.5354 1.0000e-12       2015     1.3986  0.000e+00
     15.822   71.19248 -160.26610     15.986    -1.2569    -1.2558    -1.2572    32.2585    32.2737  1026.0164    25.9392    448.861    432.926  367.51785    122.133    117.815     0.1722     0.6850     4.1233     0.5342 1.0000e-12       2016     1.3993  0.000e+00
     15.760   71.19248 -160.26610     15.923    -1.2574    -1.2569    -1.2577    32.2601    32.2754  1026.0173    25.9405    448.520    432.524  367.51901    122.040    117.704     0.1685     0.6630     4.1245     0.5330 1.0000e-12       2017     1.4000  0.000e+00
     15.784   71.19248 -160.26610     15.947    -1.2588    -1.2578    -1.2591    32.2626    32.2773  1026.0195    25.9426    448.224    432.127  367.52524    121.957    117.594     0.1648     0.6410     4.1258     0.5318 1.0000e-12       2018     1.4007  0.000e+00
     15.822   71.19248 -160.26610     15.986    -1.2599    -1.2592    -1.2602    32.2641    32.2800  1026.0210    25.9439    448.171    431.770  367.53166    121.941    117.495     0.1624     0.6264     4.1245     0.5330 1.0000e-12       2019     1.4014  0.000e+00
     15.822   71.19248 -160.26610     15.986    -1.2611    -1.2602    -1.2614    32.2656    32.2818  1026.0222    25.9451    447.945    431.218  367.53929    121.877    117.343     0.1636     0.6337     4.1245     0.5330 1.0000e-12       2020     1.4021  0.000e+00
     15.876   71.19248 -160.26610     16.040    -1.2624    -1.2619    -1.2627    32.2673    32.2838  1026.0239    25.9465    446.940    430.912  367.54690    121.601    117.257     0.1624     0.6264     4.1245     0.5330 1.0000e-12       2021     1.4028  0.000e+00
     15.899   71.19248 -160.26610     16.064    -1.2639    -1.2635    -1.2642    32.2689    32.2855  1026.0253    25.9478    447.368    430.352  367.55688    121.714    117.101     0.1636     0.6337     4.1245     0.5330 1.0000e-12       2022     1.4035  0.000e+00
     15.876   71.19248 -160.26610     16.040    -1.2654    -1.2654    -1.2657    32.2712    32.2882  1026.0272    25.9498    447.158    430.026  367.56542    121.654    117.009     0.1624     0.6264     4.1258     0.5318 1.0000e-12       2023     1.4042  0.000e+00
     15.938   71.19248 -160.26610     16.103    -1.2674    -1.2668    -1.2677    32.2736    32.2898  1026.0294    25.9518    446.946    429.710  367.57833    121.592    116.920     0.1636     0.6337     4.1245     0.5330 1.0000e-12       2024     1.4049  0.000e+00
     15.953   71.19248 -160.26610     16.118    -1.2691    -1.2687    -1.2694    32.2756    32.2923  1026.0312    25.9534    446.766    429.406  367.58908    121.540    116.833     0.1624     0.6264     4.1245     0.5330 1.0000e-12       2025     1.4056  0.000e+00
     15.938   71.19248 -160.26610     16.103    -1.2711    -1.2708    -1.2714    32.2776    32.2949  1026.0328    25.9551    446.835    429.110  367.60308    121.554    116.749     0.1636     0.6337     4.1245     0.5330 1.0000e-12       2026     1.4063  0.000e+00
     15.992   71.19248 -160.26610     16.157    -1.2729    -1.2728    -1.2732    32.2798    32.2972  1026.0348    25.9569    446.686    428.860  367.61494    121.509    116.676     0.1624     0.6264     4.1245     0.5330 1.0000e-12       2027     1.4069  0.000e+00
     16.015   71.19248 -160.26610     16.180    -1.2749    -1.2752    -1.2752    32.2817    32.3003  1026.0366    25.9585    446.525    428.621  367.62863    121.461    116.607     0.1636     0.6337     4.1245     0.5330 1.0000e-12       2028     1.4076  0.000e+00
     15.992   71.19248 -160.26610     16.157    -1.2769    -1.2772    -1.2772    32.2838    32.3024  1026.0382    25.9603    446.400    428.161  367.64238    121.422    116.477     0.1624     0.6264     4.1245     0.5330 1.0000e-12       2029     1.4083  0.000e+00
     16.046   71.19248 -160.26610     16.212    -1.2793    -1.2792    -1.2797    32.2867    32.3041  1026.0409    25.9627    446.784    428.140  367.65837    121.522    116.467     0.1636     0.6337     4.1245     0.5330 1.0000e-12       2030     1.4090  0.000e+00
     16.069   71.19248 -160.26610     16.235    -1.2818    -1.2819    -1.2821    32.2906    32.3071  1026.0442    25.9659    446.221    427.711  367.67082    121.364    116.345     0.1624     0.6264     4.1245     0.5330 1.0000e-12       2031     1.4097  0.000e+00
     16.046   71.19248 -160.26610     16.212    -1.2838    -1.2841    -1.2841    32.2930    32.3099  1026.0461    25.9679    446.317    427.480  367.68383    121.386    116.278     0.1636     0.6337     4.1245     0.5330 1.0000e-12       2032     1.4104  0.000e+00
     16.161   71.19248 -160.26610     16.328    -1.2856    -1.2866    -1.2859    32.2953    32.3134  1026.0486    25.9699    446.198    427.303  367.69505    121.350    116.225     0.1624     0.6264     4.1245     0.5330 1.0000e-12       2033     1.4111  0.000e+00
     16.069   71.19248 -160.26610     16.235    -1.2879    -1.2888    -1.2882    32.2980    32.3167  1026.0504    25.9721    446.061    427.125  367.71012    121.308    116.172     0.1624     0.6264     4.1245     0.5330 1.0000e-12       2034     1.4118  0.000e+00
     16.161   71.19248 -160.26610     16.328    -1.2907    -1.2916    -1.2910    32.3011    32.3198  1026.0535    25.9747    445.927    426.946  367.72824    121.265    116.118     0.1624     0.6264     4.1245     0.5330 1.0000e-12       2035     1.4125  0.000e+00
     16.161   71.19248 -160.26610     16.328    -1.2923    -1.2934    -1.2926    32.3035    32.3222  1026.0554    25.9766    446.019    426.795  367.73786    121.287    116.073     0.1624     0.6264     4.1258     0.5318 1.0000e-12       2036     1.4132  0.000e+00
     16.131   71.19248 -160.26610     16.297    -1.2944    -1.2960    -1.2947    32.3060    32.3247  1026.0574    25.9788    445.893    426.891  367.75087    121.249    116.094     0.1636     0.6337     4.1258     0.5318 1.0000e-12       2037     1.4139  0.000e+00
     16.223   71.19248 -160.26610     16.391    -1.2963    -1.2980    -1.2966    32.3083    32.3274  1026.0598    25.9807    445.808    426.576  367.76294    121.222    116.004     0.1624     0.6264     4.1258     0.5318 1.0000e-12       2038     1.4146  0.000e+00
     16.223   71.19248 -160.26610     16.391    -1.2978    -1.2999    -1.2982    32.3098    32.3301  1026.0611    25.9820    445.705    426.465  367.77377    121.190    115.970     0.1636     0.6337     4.1245     0.5330 1.0000e-12       2039     1.4153  0.000e+00
     16.246   71.19248 -160.26610     16.414    -1.3001    -1.3023    -1.3004    32.3129    32.3326  1026.0637    25.9845    445.800    426.340  367.78768    121.211    115.931     0.1624     0.6264     4.1258     0.5318 1.0000e-12       2040     1.4160  0.000e+00
     16.223   71.19248 -160.26610     16.391    -1.3024    -1.3041    -1.3027    32.3154    32.3343  1026.0657    25.9866    445.722    426.220  367.80300    121.185    115.895     0.1636     0.6337     4.1258     0.5318 1.0000e-12       2041     1.4167  0.000e+00
     16.277   71.19248 -160.26610     16.445    -1.3044    -1.3068    -1.3048    32.3181    32.3379  1026.0682    25.9888    445.630    426.121  367.81516    121.156    115.863     0.1636     0.6337     4.1258     0.5318 1.0000e-12       2042     1.4174  0.000e+00
     16.246   71.19248 -160.26610     16.414    -1.3061    -1.3092    -1.3064    32.3205    32.3408  1026.0701    25.9909    445.464    426.029  367.82448    121.108    115.833     0.1673     0.6557     4.1258     0.5318 1.0000e-12       2043     1.4181  0.000e+00
     16.339   71.19248 -160.26610     16.508    -1.3082    -1.3108    -1.3085    32.3234    32.3431  1026.0729    25.9933    445.344    425.947  367.83711    121.071    115.808     0.1685     0.6630     4.1258     0.5318 1.0000e-12       2044     1.4188  0.000e+00
     16.277   71.19248 -160.26610     16.445    -1.3105    -1.3120    -1.3108    32.3262    32.3453  1026.0750    25.9956    445.460    425.830  367.85162    121.098    115.774     0.1697     0.6703     4.1245     0.5330 1.0000e-12       2045     1.4194  0.000e+00
     16.393   71.19248 -160.26610     16.562    -1.3121    -1.3130    -1.3124    32.3284    32.3466  1026.0773    25.9974    445.356    425.766  367.86118    121.066    115.755     0.1685     0.6630     4.1258     0.5318 1.0000e-12       2046     1.4201  0.000e+00
     16.300   71.19248 -160.26610     16.469    -1.3142    -1.3144    -1.3145    32.3311    32.3481  1026.0792    25.9997    445.227    425.902  367.87372    121.027    115.789     0.1697     0.6703     4.1245     0.5330 1.0000e-12       2047     1.4208  0.000e+00
     16.393   71.19248 -160.26610     16.562    -1.3156    -1.3157    -1.3159    32.3326    32.3495  1026.0808    26.0009    445.089    425.861  367.88317    120.986    115.775     0.1685     0.6630     4.1258     0.5318 1.0000e-12       2048     1.4215  0.000e+00
     16.339   71.19248 -160.26610     16.508    -1.3171    -1.3167    -1.3174    32.3340    32.3514  1026.0818    26.0021    445.183    425.782  367.89377    121.009    115.752     0.1697     0.6703     4.1258     0.5318 1.0000e-12       2049     1.4222  0.000e+00
     16.416   71.19248 -160.26610     16.586    -1.3183    -1.3178    -1.3186    32.3353    32.3530  1026.0832    26.0032    445.107    425.721  367.90255    120.985    115.733     0.1685     0.6630     4.1258     0.5318 1.0000e-12       2050     1.4229  0.000e+00
     16.393   71.19248 -160.26610     16.562    -1.3195    -1.3187    -1.3199    32.3368    32.3536  1026.0843    26.0044    444.958    425.663  367.91015    120.942    115.715     0.1685     0.6630     4.1258     0.5318 1.0000e-12       2051     1.4236  0.000e+00
     16.447   71.19248 -160.26610     16.617    -1.3206    -1.3196    -1.3209    32.3381    32.3549  1026.0857    26.0055    444.793    425.615  367.91723    120.895    115.701     0.1685     0.6630     4.1258     0.5318 1.0000e-12       2052     1.4243  0.000e+00
