EcoFOCI/data/1_SampleCollection/2023_SikuliaqDBO_CruiseData/CTD_raw_BottleFile_SKQ23-12S/proc/skq202312s_075svp.cnv
* Sea-Bird SBE 9 Data File:
* FileName = D:\CTD\SKQ202312S\SKQ202312S_075.hex
* Software Version Seasave V 7.26.7.121
* Temperature SN = 6177
* Conductivity SN = 0369
* Number of Bytes Per Scan = 41
* Number of Voltage Words = 4
* Number of Scans Averaged by the Deck Unit = 1
* NMEA Latitude = 68 14.82 N
* NMEA Longitude = 167 07.33 W
* NMEA UTC (Time) = Oct 02 2023  05:40:29
* NMEA baud rate = 4800
** Ship: R/V Sikuliaq
** Station Number: 075
** Station Name: DBO3.3
** Bottom Depth: 43
** Operator: SD
# nquan = 7
# nvalues = 6111                                  
# units = specified
# name 0 = depSM: Depth [salt water, m]
# name 1 = latitude: Latitude [deg]
# name 2 = longitude: Longitude [deg]
# name 3 = t090C: Temperature [ITS-90, deg C]
# name 4 = sal00: Salinity, Practical [PSU]
# name 5 = svCM: Sound Velocity [Chen-Millero, m/s]
# name 6 = flag:  0.000e+00
# span 0 =      2.824,     38.685                 
# span 1 =   68.24652,   68.24672                 
# span 2 = -167.12266, -167.12246                 
# span 3 =     4.4215,     7.9027                 
# span 4 =    25.6333,    31.9134                 
# span 5 =    1464.53,    1475.69                 
# span 6 = 0.0000e+00, 0.0000e+00                 
# interval = seconds: 0.0416667
# start_time = Oct 02 2023 05:44:07 [NMEA time, first data scan]
# bad_flag = -9.990e-29
*END*
[from data line 5949]
     38.216   68.24654 -167.12266     4.4401    31.9017    1465.10  0.000e+00
     38.285   68.24654 -167.12266     4.4400    31.8997    1465.10  0.000e+00
     38.285   68.24654 -167.12266     4.4394    31.8978    1465.10  0.000e+00
     38.285   68.24654 -167.12266     4.4378    31.8976    1465.09  0.000e+00
     38.278   68.24654 -167.12266     4.4360    31.8978    1465.08  0.000e+00
     38.285   68.24654 -167.12266     4.4343    31.8984    1465.08  0.000e+00
     38.285   68.24654 -167.12266     4.4326    31.8994    1465.07  0.000e+00
     38.278   68.24654 -167.12266     4.4306    31.9008    1465.06  0.000e+00
     38.285   68.24654 -167.12266     4.4298    31.9012    1465.06  0.000e+00
     38.339   68.24654 -167.12266     4.4285    31.9024    1465.06  0.000e+00
     38.285   68.24654 -167.12266     4.4279    31.9030    1465.06  0.000e+00
     38.277   68.24654 -167.12266     4.4274    31.9039    1465.05  0.000e+00
     38.285   68.24654 -167.12266     4.4272    31.9038    1465.05  0.000e+00
     38.339   68.24654 -167.12266     4.4269    31.9039    1465.05  0.000e+00
     38.285   68.24654 -167.12266     4.4268    31.9041    1465.05  0.000e+00
     38.331   68.24654 -167.12266     4.4264    31.9041    1465.05  0.000e+00
     38.285   68.24654 -167.12266     4.4259    31.9046    1465.05  0.000e+00
     38.285   68.24654 -167.12266     4.4261    31.9044    1465.05  0.000e+00
     38.331   68.24654 -167.12266     4.4260    31.9041    1465.05  0.000e+00
     38.285   68.24654 -167.12266     4.4260    31.9047    1465.05  0.000e+00
     38.285   68.24654 -167.12266     4.4258    31.9052    1465.05  0.000e+00
     38.285   68.24654 -167.12266     4.4260    31.9051    1465.05  0.000e+00
     38.277   68.24654 -167.12266     4.4261    31.9060    1465.05  0.000e+00
     38.285   68.24654 -167.12266     4.4269    31.9077    1465.06  0.000e+00
     38.285   68.24654 -167.12266     4.4282    31.9089    1465.06  0.000e+00
     38.216   68.24654 -167.12266     4.4303    31.9100    1465.07  0.000e+00
     38.339   68.24654 -167.12266     4.4328    31.9087    1465.08  0.000e+00
     38.223   68.24654 -167.12266     4.4348    31.9061    1465.09  0.000e+00
     38.285   68.24654 -167.12266     4.4360    31.9045    1465.09  0.000e+00
     38.216   68.24654 -167.12266     4.4366    31.9043    1465.09  0.000e+00
     38.223   68.24654 -167.12266     4.4376    31.9035    1465.10  0.000e+00
     38.223   68.24654 -167.12266     4.4382    31.9029    1465.10  0.000e+00
     38.285   68.24654 -167.12266     4.4383    31.9029    1465.10  0.000e+00
     38.216   68.24654 -167.12266     4.4389    31.9026    1465.10  0.000e+00
     38.169   68.24654 -167.12266     4.4396    31.9021    1465.10  0.000e+00
     38.169   68.24654 -167.12266     4.4400    31.9023    1465.10  0.000e+00
     38.162   68.24654 -167.12266     4.4404    31.9031    1465.11  0.000e+00
     38.169   68.24654 -167.12266     4.4410    31.9025    1465.11  0.000e+00
     38.169   68.24654 -167.12266     4.4414    31.9021    1465.11  0.000e+00
     38.115   68.24654 -167.12266     4.4418    31.9027    1465.11  0.000e+00
     38.100   68.24654 -167.12266     4.4421    31.9034    1465.11  0.000e+00
     38.115   68.24654 -167.12266     4.4428    31.9034    1465.12  0.000e+00
     38.115   68.24654 -167.12266     4.4437    31.9022    1465.12  0.000e+00
     38.053   68.24654 -167.12266     4.4445    31.9017    1465.12  0.000e+00
     38.100   68.24654 -167.12266     4.4451    31.9019    1465.12  0.000e+00
     37.999   68.24654 -167.12266     4.4459    31.9018    1465.12  0.000e+00
     38.053   68.24654 -167.12266     4.4466    31.9010    1465.13  0.000e+00
     37.992   68.24654 -167.12266     4.4472    31.9009    1465.13  0.000e+00
     37.999   68.24654 -167.12266     4.4477    31.9016    1465.13  0.000e+00
     37.999   68.24654 -167.12266     4.4488    31.9049    1465.14  0.000e+00
     37.938   68.24654 -167.12266     4.4514    31.9066    1465.15  0.000e+00
     37.930   68.24654 -167.12266     4.4545    31.9072    1465.17  0.000e+00
     37.938   68.24654 -167.12266     4.4588    31.9093    1465.19  0.000e+00
     37.884   68.24654 -167.12266     4.4638    31.9094    1465.21  0.000e+00
     37.876   68.24654 -167.12266     4.4692    31.9078    1465.23  0.000e+00
     37.884   68.24654 -167.12266     4.4734    31.9065    1465.24  0.000e+00
     37.822   68.24654 -167.12266     4.4770    31.9047    1465.25  0.000e+00
     37.884   68.24654 -167.12266     4.4805    31.9019    1465.27  0.000e+00
     37.760   68.24654 -167.12266     4.4837    31.8995    1465.27  0.000e+00
     37.822   68.24654 -167.12266     4.4864    31.8967    1465.28  0.000e+00
     37.714   68.24654 -167.12266     4.4880    31.8945    1465.29  0.000e+00
     37.760   68.24654 -167.12266     4.4895    31.8931    1465.29  0.000e+00
     37.714   68.24654 -167.12266     4.4906    31.8914    1465.29  0.000e+00
     37.768   68.24654 -167.12266     4.4911    31.8909    1465.29  0.000e+00
     37.652   68.24654 -167.12266     4.4912    31.8904    1465.29  0.000e+00
     37.644   68.24654 -167.12266     4.4912    31.8900    1465.29  0.000e+00
     37.652   68.24654 -167.12266     4.4909    31.8899    1465.29  0.000e+00
     37.652   68.24654 -167.12266     4.4909    31.8903    1465.29  0.000e+00
     37.590   68.24652 -167.12266     4.4910    31.8907    1465.29  0.000e+00
     37.598   68.24652 -167.12266     4.4908    31.8908    1465.29  0.000e+00
     37.598   68.24652 -167.12266     4.4909    31.8908    1465.29  0.000e+00
     37.598   68.24652 -167.12266     4.4911    31.8913    1465.29  0.000e+00
     37.529   68.24652 -167.12266     4.4912    31.8912    1465.29  0.000e+00
     37.536   68.24652 -167.12266     4.4916    31.8910    1465.29  0.000e+00
     37.482   68.24652 -167.12266     4.4919    31.8910    1465.29  0.000e+00
     37.475   68.24652 -167.12266     4.4921    31.8905    1465.29  0.000e+00
     37.536   68.24652 -167.12266     4.4920    31.8901    1465.29  0.000e+00
     37.482   68.24652 -167.12266     4.4922    31.8908    1465.29  0.000e+00
     37.420   68.24652 -167.12266     4.4926    31.8920    1465.30  0.000e+00
     37.474   68.24652 -167.12266     4.4932    31.8922    1465.30  0.000e+00
     37.420   68.24652 -167.12266     4.4943    31.8926    1465.30  0.000e+00
     37.420   68.24652 -167.12266     4.4957    31.8928    1465.31  0.000e+00
     37.413   68.24652 -167.12266     4.4968    31.8924    1465.31  0.000e+00
     37.420   68.24652 -167.12266     4.4984    31.8918    1465.32  0.000e+00
     37.366   68.24652 -167.12266     4.4995    31.8907    1465.32  0.000e+00
     37.413   68.24652 -167.12266     4.5001    31.8894    1465.32  0.000e+00
     37.366   68.24652 -167.12266     4.5007    31.8878    1465.32  0.000e+00
     37.420   68.24652 -167.12266     4.5010    31.8861    1465.32  0.000e+00
     37.366   68.24652 -167.12266     4.5007    31.8849    1465.32  0.000e+00
     37.359   68.24652 -167.12266     4.4995    31.8856    1465.32  0.000e+00
     37.366   68.24652 -167.12266     4.4987    31.8856    1465.31  0.000e+00
     37.366   68.24652 -167.12266     4.4979    31.8872    1465.31  0.000e+00
     37.359   68.24652 -167.12264     4.4978    31.8875    1465.31  0.000e+00
     37.366   68.24652 -167.12264     4.4978    31.8870    1465.31  0.000e+00
     37.366   68.24652 -167.12264     4.4976    31.8874    1465.31  0.000e+00
     37.366   68.24652 -167.12264     4.4975    31.8879    1465.31  0.000e+00
     37.359   68.24652 -167.12264     4.4970    31.8876    1465.31  0.000e+00
     37.420   68.24652 -167.12264     4.4965    31.8874    1465.31  0.000e+00
     37.366   68.24652 -167.12264     4.4957    31.8874    1465.30  0.000e+00
     37.413   68.24652 -167.12264     4.4949    31.8869    1465.30  0.000e+00
     37.366   68.24652 -167.12264     4.4933    31.8872    1465.29  0.000e+00
     37.420   68.24652 -167.12264     4.4918    31.8870    1465.29  0.000e+00
     37.412   68.24652 -167.12264     4.4903    31.8875    1465.28  0.000e+00
     37.420   68.24652 -167.12264     4.4886    31.8876    1465.27  0.000e+00
     37.420   68.24652 -167.12264     4.4866    31.8887    1465.27  0.000e+00
     37.420   68.24652 -167.12264     4.4855    31.8904    1465.26  0.000e+00
     37.474   68.24652 -167.12264     4.4848    31.8915    1465.26  0.000e+00
     37.482   68.24652 -167.12264     4.4840    31.8926    1465.26  0.000e+00
     37.482   68.24652 -167.12264     4.4835    31.8922    1465.26  0.000e+00
     37.528   68.24652 -167.12264     4.4834    31.8927    1465.26  0.000e+00
     37.482   68.24652 -167.12264     4.4832    31.8923    1465.26  0.000e+00
     37.536   68.24652 -167.12264     4.4832    31.8915    1465.26  0.000e+00
     37.598   68.24652 -167.12264     4.4824    31.8919    1465.26  0.000e+00
     37.590   68.24652 -167.12264     4.4824    31.8925    1465.26  0.000e+00
     37.598   68.24652 -167.12264     4.4823    31.8930    1465.26  0.000e+00
     37.598   68.24652 -167.12264     4.4823    31.8935    1465.26  0.000e+00
     37.644   68.24652 -167.12264     4.4828    31.8939    1465.26  0.000e+00
     37.652   68.24652 -167.12264     4.4837    31.8944    1465.27  0.000e+00
     37.713   68.24652 -167.12264     4.4849    31.8942    1465.27  0.000e+00
     37.713   68.24652 -167.12264     4.4857    31.8945    1465.28  0.000e+00
     37.760   68.24652 -167.12264     4.4872    31.8939    1465.28  0.000e+00
     37.767   68.24652 -167.12264     4.4880    31.8917    1465.28  0.000e+00
     37.767   68.24652 -167.12264     4.4878    31.8900    1465.28  0.000e+00
     37.813   68.24652 -167.12264     4.4872    31.8916    1465.28  0.000e+00
     37.821   68.24652 -167.12264     4.4880    31.8929    1465.28  0.000e+00
     37.937   68.24652 -167.12264     4.4892    31.8915    1465.29  0.000e+00
     37.821   68.24652 -167.12264     4.4890    31.8887    1465.28  0.000e+00
     37.991   68.24652 -167.12264     4.4873    31.8854    1465.28  0.000e+00
     37.937   68.24652 -167.12264     4.4844    31.8837    1465.26  0.000e+00
     37.999   68.24652 -167.12264     4.4800    31.8821    1465.24  0.000e+00
     38.045   68.24652 -167.12264     4.4741    31.8819    1465.22  0.000e+00
     37.999   68.24652 -167.12264     4.4684    31.8831    1465.19  0.000e+00
     38.114   68.24652 -167.12264     4.4624    31.8856    1465.17  0.000e+00
     38.053   68.24652 -167.12264     4.4570    31.8886    1465.15  0.000e+00
     38.161   68.24652 -167.12264     4.4528    31.8916    1465.14  0.000e+00
     38.168   68.24652 -167.12264     4.4491    31.8944    1465.13  0.000e+00
     38.168   68.24652 -167.12264     4.4466    31.8965    1465.12  0.000e+00
     38.161   68.24652 -167.12264     4.4446    31.8981    1465.12  0.000e+00
     38.284   68.24652 -167.12264     4.4431    31.8993    1465.11  0.000e+00
     38.284   68.24652 -167.12264     4.4418    31.8998    1465.11  0.000e+00
     38.284   68.24652 -167.12264     4.4407    31.9004    1465.11  0.000e+00
     38.330   68.24652 -167.12264     4.4400    31.9016    1465.11  0.000e+00
     38.338   68.24652 -167.12264     4.4399    31.9018    1465.11  0.000e+00
     38.338   68.24652 -167.12264     4.4396    31.9018    1465.10  0.000e+00
     38.400   68.24652 -167.12264     4.4394    31.9019    1465.10  0.000e+00
     38.446   68.24652 -167.12264     4.4393    31.9022    1465.10  0.000e+00
     38.400   68.24652 -167.12264     4.4393    31.9021    1465.10  0.000e+00
     38.454   68.24652 -167.12264     4.4386    31.9013    1465.10  0.000e+00
     38.446   68.24652 -167.12264     4.4378    31.9005    1465.10  0.000e+00
     38.569   68.24652 -167.12264     4.4369    31.9007    1465.10  0.000e+00
     38.454   68.24652 -167.12264     4.4361    31.9012    1465.09  0.000e+00
     38.515   68.24652 -167.12264     4.4352    31.9020    1465.09  0.000e+00
     38.562   68.24652 -167.12264     4.4347    31.9018    1465.09  0.000e+00
     38.569   68.24652 -167.12264     4.4339    31.9009    1465.08  0.000e+00
     38.569   68.24652 -167.12264     4.4326    31.8998    1465.08  0.000e+00
     38.569   68.24652 -167.12264     4.4307    31.8999    1465.07  0.000e+00
     38.562   68.24652 -167.12264     4.4293    31.9007    1465.06  0.000e+00
     38.623   68.24652 -167.12264     4.4279    31.9016    1465.06  0.000e+00
     38.569   68.24652 -167.12264     4.4266    31.9023    1465.05  0.000e+00
     38.623   68.24652 -167.12264     4.4257    31.9030    1465.05  0.000e+00
     38.616   68.24652 -167.12264     4.4246    31.9039    1465.05  0.000e+00
     38.685   68.24652 -167.12264     4.4242    31.9041    1465.05  0.000e+00
