EcoFOCI/data/1_SampleCollection/2023_SikuliaqDBO_CruiseData/CTD_raw_BottleFile_SKQ23-12S/proc/skq202312s_054.ros
* Sea-Bird SBE 9 Data File:
* FileName = D:\CTD\SKQ202312S\SKQ202312S_054.hex
* Software Version Seasave V 7.26.7.121
* Temperature SN = 6177
* Conductivity SN = 0369
* Number of Bytes Per Scan = 41
* Number of Voltage Words = 4
* Number of Scans Averaged by the Deck Unit = 1
* NMEA Latitude = 70 58.30 N
* NMEA Longitude = 163 33.99 W
* NMEA UTC (Time) = Sep 27 2023  02:24:07
* NMEA baud rate = 4800
** Ship: R/V Sikuliaq
** Station Number: 054
** Station Name: IC8
** Bottom Depth: 45
** Operator: SD
# nquan = 22
# nvalues = 784                                   
# units = specified
# name 0 = depSM: Depth [salt water, m]
# name 1 = latitude: Latitude [deg]
# name 2 = longitude: Longitude [deg]
# name 3 = prDM: Pressure, Digiquartz [db]
# name 4 = t090C: Temperature [ITS-90, deg C]
# name 5 = t190C: Temperature, 2 [ITS-90, deg C]
# name 6 = potemp090C: Potential Temperature [ITS-90, deg C]
# name 7 = sal00: Salinity, Practical [PSU]
# name 8 = sal11: Salinity, Practical, 2 [PSU]
# name 9 = density00: Density [density, kg/m^3]
# name 10 = sigma-é00: Density [sigma-theta, kg/m^3]
# name 11 = sbox0Mm/Kg: Oxygen, SBE 43 [umol/kg]
# name 12 = sbox1Mm/Kg: Oxygen, SBE 43, 2 [umol/kg]
# name 13 = oxsolMm/Kg: Oxygen Saturation, Garcia & Gordon [umol/kg]
# name 14 = sbeox0PS: Oxygen, SBE 43 [% saturation]
# name 15 = v0: Voltage 0
# name 16 = flECO-AFL: Fluorescence, WET Labs ECO-AFL/FL [mg/m^3]
# name 17 = CStarAt0: Beam Attenuation, WET Labs C-Star [1/m]
# name 18 = par: PAR/Irradiance, Biospherical/Licor
# name 19 = scan: Scan Count
# name 20 = nbf: Bottles Fired
# name 21 = flag:  0.000e+00
# interval = seconds: 0.0416667
# start_time = Sep 27 2023 02:28:34 [NMEA time, first data scan]
# bad_flag = -9.990e-29
*END*
[from data line 198]
     30.238   70.97160 -163.56682     30.552     1.7488     1.7456     1.7474    32.0842    32.0967  1025.7984    25.6538    293.874    276.024  340.26384     86.366     0.1111     0.3187     2.2580 1.5813e+00      10146          5  0.000e+00
     30.277   70.97160 -163.56682     30.591     1.7486     1.7458     1.7472    32.0844    32.0968  1025.7988    25.6540    293.913    276.019  340.26455     86.378     0.1099     0.3113     2.2580 1.5813e+00      10147          5  0.000e+00
     30.238   70.97160 -163.56682     30.552     1.7486     1.7459     1.7472    32.0848    32.0965  1025.7990    25.6543    293.909    276.018  340.26354     86.377     0.1111     0.3187     2.2580 1.5861e+00      10148          5  0.000e+00
     30.292   70.97160 -163.56682     30.606     1.7488     1.7456     1.7474    32.0847    32.0964  1025.7991    25.6542    293.908    276.004  340.26243     86.377     0.1099     0.3113     2.2580 1.5861e+00      10149          5  0.000e+00
     30.223   70.97160 -163.56682     30.536     1.7490     1.7457     1.7476    32.0848    32.0966  1025.7988    25.6543    294.131    275.987  340.26082     86.443     0.1111     0.3187     2.2580 1.5861e+00      10150          5  0.000e+00
     30.238   70.97160 -163.56682     30.552     1.7491     1.7456     1.7477    32.0845    32.0967  1025.7987    25.6540    294.167    275.979  340.26062     86.453     0.1099     0.3113     2.2580 1.5813e+00      10151          5  0.000e+00
     30.277   70.97160 -163.56682     30.591     1.7491     1.7455     1.7477    32.0842    32.0971  1025.7986    25.6538    294.203    275.978  340.26142     86.464     0.1099     0.3113     2.2580 1.5765e+00      10152          5  0.000e+00
     30.238   70.97160 -163.56682     30.552     1.7492     1.7448     1.7478    32.0842    32.0976  1025.7984    25.6538    294.003    275.983  340.25996     86.405     0.1099     0.3113     2.2580 1.5765e+00      10153          5  0.000e+00
     30.277   70.97160 -163.56682     30.591     1.7492     1.7448     1.7478    32.0845    32.0968  1025.7988    25.6540    293.998    275.993  340.25927     86.404     0.1099     0.3113     2.2580 1.5813e+00      10154          5  0.000e+00
     30.238   70.97160 -163.56682     30.552     1.7492     1.7448     1.7478    32.0843    32.0966  1025.7985    25.6539    294.219    276.005  340.25964     86.469     0.1111     0.3187     2.2580 1.5861e+00      10155          5  0.000e+00
     30.277   70.97160 -163.56682     30.591     1.7496     1.7451     1.7482    32.0841    32.0967  1025.7985    25.6537    294.020    275.995  340.25732     86.411     0.1099     0.3113     2.2580 1.5861e+00      10156          5  0.000e+00
     30.238   70.97160 -163.56682     30.552     1.7492     1.7452     1.7478    32.0846    32.0971  1025.7987    25.6541    294.241    276.014  340.25901     86.475     0.1111     0.3187     2.2580 1.5861e+00      10157          5  0.000e+00
     30.223   70.97160 -163.56682     30.536     1.7496     1.7448     1.7482    32.0844    32.0973  1025.7985    25.6539    294.266    276.043  340.25661     86.484     0.1099     0.3113     2.2580 1.5861e+00      10158          5  0.000e+00
     30.292   70.97160 -163.56682     30.606     1.7497     1.7447     1.7483    32.0843    32.0976  1025.7987    25.6538    294.295    276.079  340.25562     86.492     0.1099     0.3113     2.2580 1.5861e+00      10159          5  0.000e+00
     30.238   70.97160 -163.56682     30.552     1.7497     1.7448     1.7483    32.0847    32.0971  1025.7988    25.6542    294.089    276.088  340.25438     86.432     0.1099     0.3113     2.2580 1.5861e+00      10160          5  0.000e+00
     30.223   70.97160 -163.56682     30.536     1.7497     1.7446     1.7483    32.0847    32.0974  1025.7987    25.6541    294.305    276.104  340.25457     86.495     0.1111     0.3187     2.2580 1.5813e+00      10161          5  0.000e+00
     30.292   70.97160 -163.56682     30.606     1.7497     1.7447     1.7483    32.0846    32.0968  1025.7989    25.6541    294.332    276.127  340.25477     86.503     0.1099     0.3113     2.2580 1.5765e+00      10162          5  0.000e+00
     30.223   70.97160 -163.56682     30.536     1.7502     1.7447     1.7488    32.0844    32.0970  1025.7984    25.6539    294.348    275.944  340.25154     86.509     0.1111     0.3187     2.2580 1.5813e+00      10163          5  0.000e+00
     30.238   70.97160 -163.56682     30.552     1.7501     1.7452     1.7487    32.0846    32.0966  1025.7986    25.6540    294.142    275.946  340.25200     86.448     0.1099     0.3113     2.2580 1.5861e+00      10164          5  0.000e+00
     30.277   70.97160 -163.56682     30.591     1.7499     1.7452     1.7485    32.0843    32.0966  1025.7986    25.6538    294.128    275.957  340.25420     86.443     0.1099     0.3113     2.2598 1.5909e+00      10165          5  0.000e+00
     30.177   70.97160 -163.56682     30.489     1.7494     1.7455     1.7480    32.0847    32.0962  1025.7985    25.6542    294.338    276.169  340.25730     86.504     0.1087     0.3040     2.2598 1.5909e+00      10166          5  0.000e+00
     30.277   70.97160 -163.56682     30.591     1.7492     1.7455     1.7478    32.0848    32.0962  1025.7991    25.6543    294.093    276.217  340.25842     86.432     0.1087     0.3040     2.2598 1.5861e+00      10167          5  0.000e+00
     30.238   70.97160 -163.56682     30.552     1.7491     1.7453     1.7477    32.0850    32.0966  1025.7991    25.6544    294.300    276.060  340.25935     86.493     0.1099     0.3113     2.2598 1.5813e+00      10168          5  0.000e+00
     30.238   70.97160 -163.56682     30.552     1.7491     1.7456     1.7477    32.0844    32.0962  1025.7986    25.6539    294.318    276.086  340.26094     86.498     0.1087     0.3040     2.2598 1.5813e+00      10169          5  0.000e+00
     30.277   70.97160 -163.56682     30.591     1.7490     1.7453     1.7476    32.0849    32.0968  1025.7992    25.6544    294.105    276.096  340.26058     86.435     0.1099     0.3113     2.2598 1.5861e+00      10170          5  0.000e+00
     30.177   70.97160 -163.56682     30.489     1.7492     1.7455     1.7478    32.0847    32.0966  1025.7985    25.6542    294.075    276.103  340.25881     86.427     0.1087     0.3040     2.2598 1.5909e+00      10171          5  0.000e+00
     30.277   70.97160 -163.56682     30.591     1.7494     1.7459     1.7480    32.0839    32.0966  1025.7984    25.6536    294.096    276.119  340.25925     86.433     0.1087     0.3040     2.2598 1.5909e+00      10172          5  0.000e+00
     30.238   70.97160 -163.56682     30.552     1.7494     1.7462     1.7480    32.0840    32.0962  1025.7983    25.6537    294.528    276.136  340.25898     86.560     0.1087     0.3040     2.2598 1.5909e+00      10173          5  0.000e+00
     30.223   70.97160 -163.56682     30.536     1.7494     1.7471     1.7480    32.0839    32.0957  1025.7981    25.6535    294.579    276.153  340.25939     86.575     0.1087     0.3040     2.2598 1.5909e+00      10174          5  0.000e+00
     30.177   70.97160 -163.56682     30.489     1.7492     1.7473     1.7478    32.0845    32.0959  1025.7983    25.6540    294.169    276.178  340.25934     86.454     0.1087     0.3040     2.2598 1.5909e+00      10175          5  0.000e+00
     30.277   70.97160 -163.56682     30.591     1.7497     1.7474     1.7483    32.0836    32.0956  1025.7981    25.6533    294.142    276.009  340.25730     86.447     0.1087     0.3040     2.2598 1.5909e+00      10176          5  0.000e+00
     30.238   70.97160 -163.56682     30.552     1.7497     1.7475     1.7483    32.0839    32.0957  1025.7982    25.6535    294.339    275.994  340.25650     86.505     0.1087     0.3040     2.2598 1.5909e+00      10177          5  0.000e+00
     30.223   70.97160 -163.56682     30.536     1.7497     1.7469     1.7483    32.0838    32.0960  1025.7980    25.6535    294.347    276.014  340.25669     86.507     0.1087     0.3040     2.2598 1.5909e+00      10178          5  0.000e+00
     30.177   70.97160 -163.56682     30.489     1.7496     1.7466     1.7482    32.0842    32.0962  1025.7981    25.6538    294.392    276.214  340.25718     86.520     0.1099     0.3113     2.2598 1.5957e+00      10179          5  0.000e+00
     30.292   70.97160 -163.56682     30.606     1.7494     1.7466     1.7480    32.0844    32.0961  1025.7988    25.6539    294.175    276.243  340.25811     86.457     0.1087     0.3040     2.2598 1.6005e+00      10180          5  0.000e+00
     30.169   70.97160 -163.56682     30.481     1.7494     1.7464     1.7480    32.0840    32.0961  1025.7979    25.6536    294.368    276.267  340.25910     86.513     0.1099     0.3113     2.2598 1.6005e+00      10181          5  0.000e+00
     30.238   70.97160 -163.56682     30.552     1.7491     1.7460     1.7477    32.0848    32.0964  1025.7989    25.6543    294.376    276.098  340.25988     86.515     0.1087     0.3040     2.2598 1.5957e+00      10182          5  0.000e+00
     30.223   70.97160 -163.56682     30.536     1.7491     1.7458     1.7477    32.0850    32.0961  1025.7990    25.6544    294.379    276.313  340.25932     86.516     0.1099     0.3113     2.2598 1.5957e+00      10183          5  0.000e+00
     30.177   70.97160 -163.56682     30.489     1.7491     1.7452     1.7477    32.0846    32.0966  1025.7985    25.6541    294.379    276.148  340.26032     86.516     0.1087     0.3040     2.2598 1.5957e+00      10184          5  0.000e+00
     30.277   70.97160 -163.56682     30.591     1.7494     1.7452     1.7480    32.0843    32.0963  1025.7987    25.6539    294.381    276.170  340.25830     86.517     0.1099     0.3113     2.2653 1.5957e+00      10185          5  0.000e+00
     30.177   70.97160 -163.56682     30.489     1.7494     1.7448     1.7480    32.0842    32.0966  1025.7981    25.6538    294.376    276.367  340.25858     86.515     0.1087     0.3040     2.2690 1.5957e+00      10186          5  0.000e+00
     30.223   70.97160 -163.56682     30.536     1.7496     1.7449     1.7482    32.0843    32.0965  1025.7984    25.6539    294.373    276.186  340.25682     86.515     0.1099     0.3113     2.2708 1.6005e+00      10187          5  0.000e+00
     30.177   70.97160 -163.56682     30.489     1.7496     1.7447     1.7482    32.0845    32.0970  1025.7984    25.6540    294.137    276.185  340.25633     86.446     0.1074     0.2967     2.2690 1.5957e+00      10188          5  0.000e+00
     30.223   70.97160 -163.56682     30.536     1.7497     1.7444     1.7483    32.0843    32.0968  1025.7984    25.6539    294.323    276.192  340.25542     86.501     0.1087     0.3040     2.2690 1.5957e+00      10189          5  0.000e+00
     30.238   70.97160 -163.56682     30.552     1.7497     1.7448     1.7483    32.0845    32.0962  1025.7986    25.6540    294.317    276.401  340.25491     86.499     0.1099     0.3113     2.2690 1.5957e+00      10190          5  0.000e+00
     30.177   70.97160 -163.56682     30.489     1.7499     1.7445     1.7485    32.0845    32.0968  1025.7983    25.6540    294.077    276.229  340.25363     86.429     0.1087     0.3040     2.2690 1.5909e+00      10191          5  0.000e+00
     30.223   70.97160 -163.56682     30.536     1.7502     1.7448     1.7488    32.0842    32.0963  1025.7983    25.6537    294.259    276.445  340.25207     86.483     0.1099     0.3113     2.2690 1.5957e+00      10192          5  0.000e+00
     30.176   70.97158 -163.56684     30.489     1.7450     1.7393     1.7436    32.0851    32.0970  1025.7991    25.6548    293.771    277.072  340.29386     86.329     0.1123     0.3260     2.2965 1.5717e+00      10371          6  0.000e+00
     30.169   70.97158 -163.56684     30.481     1.7455     1.7394     1.7441    32.0847    32.0973  1025.7987    25.6544    293.776    277.295  340.29071     86.331     0.1111     0.3187     2.2965 1.5717e+00      10372          6  0.000e+00
     30.238   70.97158 -163.56684     30.551     1.7454     1.7395     1.7440    32.0848    32.0971  1025.7992    25.6546    293.559    277.316  340.29178     86.267     0.1123     0.3260     2.2965 1.5717e+00      10373          6  0.000e+00
     30.238   70.97158 -163.56684     30.551     1.7455     1.7396     1.7441    32.0847    32.0976  1025.7990    25.6544    293.529    277.127  340.29081     86.258     0.1111     0.3187     2.2965 1.5717e+00      10374          6  0.000e+00
     30.169   70.97158 -163.56684     30.481     1.7452     1.7399     1.7438    32.0846    32.0972  1025.7987    25.6544    293.731    277.116  340.29383     86.317     0.1111     0.3187     2.2965 1.5717e+00      10375          6  0.000e+00
     30.238   70.97158 -163.56684     30.551     1.7455     1.7397     1.7441    32.0841    32.0974  1025.7986    25.6540    293.514    277.112  340.29229     86.254     0.1123     0.3260     2.2965 1.5717e+00      10376          6  0.000e+00
     30.223   70.97158 -163.56684     30.536     1.7455     1.7399     1.7441    32.0845    32.0973  1025.7988    25.6543    293.487    277.307  340.29121     86.246     0.1111     0.3187     2.2965 1.5670e+00      10377          6  0.000e+00
     30.176   70.97158 -163.56684     30.489     1.7450     1.7401     1.7436    32.0848    32.0974  1025.7989    25.6545    293.465    277.321  340.29482     86.238     0.1123     0.3260     2.2965 1.5670e+00      10378          6  0.000e+00
     30.223   70.97158 -163.56684     30.536     1.7447     1.7399     1.7433    32.0849    32.0974  1025.7992    25.6547    293.446    277.339  340.29716     86.232     0.1111     0.3187     2.2965 1.5670e+00      10379          6  0.000e+00
     30.238   70.97158 -163.56684     30.551     1.7444     1.7402     1.7430    32.0852    32.0972  1025.7996    25.6549    293.428    277.352  340.29881     86.227     0.1123     0.3260     2.2965 1.5670e+00      10380          6  0.000e+00
     30.223   70.97158 -163.56684     30.536     1.7437     1.7401     1.7423    32.0862    32.0976  1025.8003    25.6558    293.601    277.365  340.30282     86.276     0.1111     0.3187     2.2965 1.5717e+00      10381          6  0.000e+00
     30.176   70.97158 -163.56684     30.489     1.7438     1.7404     1.7424    32.0859    32.0977  1025.7999    25.6555    293.347    277.374  340.30220     86.202     0.1123     0.3260     2.2965 1.5717e+00      10382          6  0.000e+00
     30.223   70.97158 -163.56684     30.536     1.7438     1.7402     1.7424    32.0858    32.0977  1025.8000    25.6555    293.328    277.388  340.30237     86.196     0.1111     0.3187     2.2965 1.5717e+00      10383          6  0.000e+00
     30.238   70.97158 -163.56684     30.551     1.7438     1.7402     1.7424    32.0859    32.0981  1025.8001    25.6555    293.538    277.398  340.30272     86.258     0.1123     0.3260     2.2965 1.5717e+00      10384          6  0.000e+00
     30.176   70.97158 -163.56684     30.489     1.7439     1.7405     1.7426    32.0857    32.0977  1025.7997    25.6554    293.326    277.404  340.30165     86.196     0.1111     0.3187     2.2965 1.5717e+00      10385          6  0.000e+00
     30.223   70.97158 -163.56684     30.536     1.7441     1.7408     1.7427    32.0856    32.0972  1025.7998    25.6552    293.537    277.413  340.30074     86.258     0.1111     0.3187     2.2965 1.5717e+00      10386          6  0.000e+00
     30.238   70.97158 -163.56684     30.551     1.7441     1.7407     1.7427    32.0855    32.0972  1025.7998    25.6552    293.330    277.421  340.30076     86.197     0.1111     0.3187     2.2983 1.5717e+00      10387          6  0.000e+00
     30.169   70.97158 -163.56684     30.481     1.7441     1.7399     1.7427    32.0858    32.0977  1025.7997    25.6554    293.540    277.634  340.30013     86.259     0.1111     0.3187     2.3002 1.5670e+00      10388          6  0.000e+00
