EcoFOCI/data/1_SampleCollection/2023_SikuliaqDBO_CruiseData/CTD_raw_BottleFile_SKQ23-12S/proc/skq202312s_077.cnv
* Sea-Bird SBE 9 Data File:
* FileName = D:\CTD\SKQ202312S\SKQ202312S_077.hex
* Software Version Seasave V 7.26.7.121
* Temperature SN = 6177
* Conductivity SN = 0369
* Number of Bytes Per Scan = 41
* Number of Voltage Words = 4
* Number of Scans Averaged by the Deck Unit = 1
* NMEA Latitude = 65 46.95 N
* NMEA Longitude = 168 50.45 W
* NMEA UTC (Time) = Oct 03 2023  04:36:08
* NMEA baud rate = 4800
** Ship: R/V Sikuliaq
** Station Number: 077
** Station Name: BS8
** Bottom Depth: 47
** Operator: SD
# nquan = 24
# nvalues = 4966                                  
# units = specified
# name 0 = depSM: Depth [salt water, m]
# name 1 = latitude: Latitude [deg]
# name 2 = longitude: Longitude [deg]
# name 3 = prDM: Pressure, Digiquartz [db]
# name 4 = t090C: Temperature [ITS-90, deg C]
# name 5 = t190C: Temperature, 2 [ITS-90, deg C]
# name 6 = potemp090C: Potential Temperature [ITS-90, deg C]
# name 7 = sal00: Salinity, Practical [PSU]
# name 8 = sal11: Salinity, Practical, 2 [PSU]
# name 9 = density00: Density [density, kg/m^3]
# name 10 = sigma-é00: Density [sigma-theta, kg/m^3]
# name 11 = sbox0Mm/Kg: Oxygen, SBE 43 [umol/kg]
# name 12 = sbox1Mm/Kg: Oxygen, SBE 43, 2 [umol/kg]
# name 13 = oxsolMm/Kg: Oxygen Saturation, Garcia & Gordon [umol/kg]
# name 14 = sbeox0PS: Oxygen, SBE 43 [% saturation]
# name 15 = sbeox1PS: Oxygen, SBE 43, 2 [% saturation]
# name 16 = v0: Voltage 0
# name 17 = flECO-AFL: Fluorescence, WET Labs ECO-AFL/FL [mg/m^3]
# name 18 = v1: Voltage 1
# name 19 = CStarAt0: Beam Attenuation, WET Labs C-Star [1/m]
# name 20 = par: PAR/Irradiance, Biospherical/Licor
# name 21 = scan: Scan Count
# name 22 = timeM: Time, Elapsed [minutes]
# name 23 = flag:  0.000e+00
# span 0 =      2.737,     43.126                 
# span 1 =   65.78198,   65.78216                 
# span 2 = -168.84226, -168.84170                 
# span 3 =      2.764,     43.560                 
# span 4 =     2.8089,     5.7676                 
# span 5 =     2.8092,     5.7722                 
# span 6 =     2.8076,     5.7673                 
# span 7 =    28.3176,    32.9114                 
# span 8 =    28.2585,    32.9230                 
# span 9 =  1022.3250,  1026.4158                 
# span 10 =    22.3085,    26.2122                
# span 11 =    238.650,    296.629                
# span 12 =    229.438,    284.369                
# span 13 =  314.12370,  329.72979                
# span 14 =     72.950,     93.563                
# span 15 =     70.140,     89.588                
# span 16 =     0.1563,     0.4371                
# span 17 =     0.5897,     2.2747                
# span 18 =     3.6752,     3.9731                
# span 19 =     0.6826,     0.9945                
# span 20 = 1.0000e-12, 2.7170e+00                
# span 21 =          1,       4966                
# span 22 =     0.0000,     3.4479                
# span 23 = 0.0000e+00, 0.0000e+00                
# interval = seconds: 0.0416667
# start_time = Oct 03 2023 04:40:00 [NMEA time, first data scan]
# bad_flag = -9.990e-29
*END*
[from data line 2355]
     25.542   65.78204 -168.84206     25.798     3.0265     3.0290     3.0251    32.8961    32.9066  1026.3247    26.2036    260.960    251.356  327.52891     79.676     76.754     0.2674     1.2564     3.7705     0.8921 1.0000e-12       2356     1.6354  0.000e+00
     25.527   65.78204 -168.84206     25.783     3.0271     3.0295     3.0256    32.8965    32.9072  1026.3249    26.2039    260.745    251.374  327.52362     79.611     76.760     0.2698     1.2710     3.7705     0.8921 1.0000e-12       2357     1.6361  0.000e+00
     25.542   65.78204 -168.84206     25.798     3.0278     3.0299     3.0263    32.8961    32.9075  1026.3245    26.2035    260.528    251.218  327.51868     79.546     76.714     0.2698     1.2710     3.7705     0.8921 1.0000e-12       2358     1.6368  0.000e+00
     25.589   65.78204 -168.84206     25.845     3.0281     3.0305     3.0267    32.8967    32.9073  1026.3252    26.2040    260.495    251.039  327.51446     79.537     76.660     0.2698     1.2710     3.7656     0.8973 1.0000e-12       2359     1.6375  0.000e+00
     25.658   65.78204 -168.84206     25.915     3.0286     3.0307     3.0271    32.8967    32.9079  1026.3255    26.2039    260.279    251.054  327.51107     79.472     76.666     0.2698     1.2710     3.7619     0.9012 1.0000e-12       2360     1.6382  0.000e+00
     25.589   65.78204 -168.84206     25.845     3.0292     3.0310     3.0277    32.8966    32.9081  1026.3250    26.2038    260.237    250.891  327.50612     79.460     76.617     0.2686     1.2637     3.7619     0.9012 1.0000e-12       2361     1.6389  0.000e+00
     25.658   65.78204 -168.84206     25.915     3.0294     3.0313     3.0279    32.8962    32.9076  1026.3250    26.2035    260.021    250.903  327.50533     79.394     76.621     0.2698     1.2710     3.7619     0.9012 1.0000e-12       2362     1.6396  0.000e+00
     25.643   65.78204 -168.84206     25.899     3.0299     3.0315     3.0284    32.8964    32.9080  1026.3251    26.2036    259.979    250.715  327.50133     79.383     76.564     0.2698     1.2710     3.7619     0.9012 1.0000e-12       2363     1.6403  0.000e+00
     25.720   65.78204 -168.84206     25.977     3.0299     3.0318     3.0284    32.8963    32.9082  1026.3254    26.2035    259.761    250.722  327.50163     79.316     76.566     0.2698     1.2710     3.7631     0.8999 1.0000e-12       2364     1.6410  0.000e+00
     25.758   65.78204 -168.84206     26.016     3.0304     3.0318     3.0289    32.8962    32.9085  1026.3254    26.2034    259.754    250.726  327.49762     79.315     76.568     0.2686     1.2637     3.7619     0.9012 1.0000e-12       2365     1.6417  0.000e+00
     25.720   65.78204 -168.84206     25.977     3.0302     3.0319     3.0287    32.8967    32.9085  1026.3257    26.2038    259.531    250.530  327.49795     79.247     76.508     0.2698     1.2710     3.7619     0.9012 1.0000e-12       2366     1.6424  0.000e+00
     25.758   65.78204 -168.84206     26.016     3.0307     3.0324     3.0292    32.8963    32.9078  1026.3255    26.2034    259.307    250.333  327.49473     79.179     76.449     0.2686     1.2637     3.7619     0.9012 1.0000e-12       2367     1.6431  0.000e+00
     25.774   65.78204 -168.84206     26.032     3.0306     3.0321     3.0291    32.8968    32.9085  1026.3259    26.2038    259.267    250.329  327.49444     79.167     76.447     0.2698     1.2710     3.7619     0.9012 1.0000e-12       2368     1.6438  0.000e+00
     25.812   65.78204 -168.84206     26.071     3.0309     3.0325     3.0294    32.8968    32.9085  1026.3261    26.2038    258.827    250.150  327.49171     79.033     76.393     0.2686     1.2637     3.7619     0.9012 1.0000e-12       2369     1.6444  0.000e+00
     25.828   65.78204 -168.84206     26.086     3.0313     3.0326     3.0298    32.8967    32.9082  1026.3260    26.2037    259.004    250.142  327.48905     79.088     76.391     0.2698     1.2710     3.7619     0.9012 1.0000e-12       2370     1.6451  0.000e+00
     25.812   65.78204 -168.84206     26.071     3.0313     3.0326     3.0298    32.8969    32.9091  1026.3261    26.2038    258.784    250.152  327.48903     79.021     76.394     0.2686     1.2637     3.7619     0.9012 1.0000e-12       2371     1.6458  0.000e+00
     25.828   65.78204 -168.84206     26.086     3.0314     3.0327     3.0299    32.8968    32.9086  1026.3262    26.2038    258.529    249.968  327.48776     78.943     76.338     0.2698     1.2710     3.7619     0.9012 1.0000e-12       2372     1.6465  0.000e+00
     25.928   65.78204 -168.84206     26.188     3.0311     3.0329     3.0296    32.8974    32.9088  1026.3271    26.2043    258.280    249.783  327.48847     78.867     76.282     0.2686     1.2637     3.7619     0.9012 1.0000e-12       2373     1.6472  0.000e+00
     25.828   65.78204 -168.84206     26.086     3.0317     3.0329     3.0302    32.8964    32.9092  1026.3258    26.2034    258.025    249.568  327.48618     78.790     76.217     0.2698     1.2710     3.7619     0.9012 1.0000e-12       2374     1.6479  0.000e+00
     25.928   65.78204 -168.84206     26.188     3.0317     3.0330     3.0302    32.8972    32.9092  1026.3269    26.2040    257.962    249.552  327.48431     78.771     76.212     0.2686     1.2637     3.7619     0.9012 1.0000e-12       2375     1.6486  0.000e+00
     25.943   65.78204 -168.84206     26.203     3.0316     3.0329     3.0301    32.8974    32.9095  1026.3271    26.2042    257.682    249.363  327.48472     78.685     76.154     0.2698     1.2710     3.7631     0.8999 1.0000e-12       2376     1.6493  0.000e+00
     25.928   65.78204 -168.84206     26.188     3.0319     3.0332     3.0304    32.8969    32.9089  1026.3267    26.2038    257.620    249.342  327.48362     78.666     76.148     0.2686     1.2637     3.7619     0.9012 1.0000e-12       2377     1.6500  0.000e+00
     25.943   65.78204 -168.84206     26.203     3.0319     3.0332     3.0304    32.8974    32.9093  1026.3271    26.2042    257.379    249.149  327.48214     78.593     76.090     0.2576     1.1978     3.7619     0.9012 1.0000e-12       2378     1.6507  0.000e+00
     26.044   65.78204 -168.84206     26.305     3.0322     3.0333     3.0307    32.8974    32.9094  1026.3275    26.2041    257.109    249.130  327.47999     78.511     76.084     0.2271     1.0146     3.7546     0.9090 1.0000e-12       2379     1.6514  0.000e+00
     25.943   65.78204 -168.84206     26.203     3.0321     3.0335     3.0305    32.8975    32.9094  1026.3272    26.2043    256.839    248.932  327.48094     78.429     76.024     0.2173     0.9560     3.7448     0.9194 1.0000e-12       2380     1.6521  0.000e+00
     26.044   65.78204 -168.84206     26.305     3.0323     3.0335     3.0308    32.8973    32.9099  1026.3275    26.2041    256.760    248.716  327.47969     78.405     75.958     0.2173     0.9560     3.7436     0.9207 1.0000e-12       2381     1.6528  0.000e+00
     26.005   65.78204 -168.84206     26.266     3.0325     3.0339     3.0310    32.8978    32.9097  1026.3277    26.2045    256.498    248.472  327.47625     78.326     75.884     0.2186     0.9634     3.7436     0.9207 1.0000e-12       2382     1.6535  0.000e+00
     26.059   65.78204 -168.84206     26.320     3.0324     3.0338     3.0309    32.8979    32.9100  1026.3280    26.2046    256.211    248.233  327.47731     78.238     75.811     0.2186     0.9634     3.7448     0.9194 1.0000e-12       2383     1.6542  0.000e+00
     26.044   65.78204 -168.84206     26.305     3.0328     3.0338     3.0312    32.8979    32.9101  1026.3280    26.2046    255.889    247.992  327.47421     78.140     75.738     0.2186     0.9634     3.7436     0.9207 1.0000e-12       2384     1.6549  0.000e+00
     26.121   65.78204 -168.84206     26.382     3.0328     3.0341     3.0313    32.8979    32.9100  1026.3283    26.2045    255.794    247.755  327.47382     78.111     75.666     0.2198     0.9707     3.7436     0.9207 1.0000e-12       2385     1.6556  0.000e+00
     26.105   65.78204 -168.84206     26.367     3.0329     3.0341     3.0314    32.8981    32.9098  1026.3284    26.2047    255.303    247.690  327.47250     77.962     75.646     0.2186     0.9634     3.7436     0.9207 1.0000e-12       2386     1.6563  0.000e+00
     26.121   65.78204 -168.84206     26.382     3.0333     3.0342     3.0318    32.8980    32.9104  1026.3283    26.2045    255.218    247.430  327.46985     77.936     75.567     0.2198     0.9707     3.7436     0.9207 1.0000e-12       2387     1.6569  0.000e+00
     26.105   65.78204 -168.84206     26.367     3.0333     3.0345     3.0318    32.8983    32.9107  1026.3285    26.2048    254.925    247.172  327.46902     77.847     75.489     0.2186     0.9634     3.7448     0.9194 1.0000e-12       2388     1.6576  0.000e+00
     26.121   65.78204 -168.84206     26.382     3.0334     3.0346     3.0319    32.8984    32.9104  1026.3286    26.2049    254.858    246.919  327.46785     77.827     75.412     0.2198     0.9707     3.7436     0.9207 1.0000e-12       2389     1.6583  0.000e+00
     26.159   65.78204 -168.84206     26.421     3.0334     3.0347     3.0319    32.8983    32.9104  1026.3287    26.2048    254.800    246.841  327.46780     77.809     75.388     0.2186     0.9634     3.7436     0.9207 1.0000e-12       2390     1.6590  0.000e+00
     26.175   65.78204 -168.84206     26.437     3.0336     3.0349     3.0321    32.8986    32.9105  1026.3290    26.2050    254.348    246.569  327.46563     77.672     75.305     0.2186     0.9634     3.7448     0.9194 1.0000e-12       2391     1.6597  0.000e+00
     26.159   65.78204 -168.84206     26.421     3.0336     3.0348     3.0320    32.8985    32.9105  1026.3289    26.2049    254.053    246.301  327.46631     77.582     75.223     0.2173     0.9560     3.7436     0.9207 1.0000e-12       2392     1.6604  0.000e+00
     26.175   65.78204 -168.84206     26.437     3.0336     3.0349     3.0321    32.8985    32.9105  1026.3289    26.2049    253.949    246.013  327.46603     77.550     75.135     0.2186     0.9634     3.7448     0.9194 1.0000e-12       2393     1.6611  0.000e+00
     26.213   65.78204 -168.84206     26.476     3.0339     3.0349     3.0324    32.8989    32.9108  1026.3294    26.2052    253.670    245.730  327.46230     77.465     75.049     0.2186     0.9634     3.7436     0.9207 1.0000e-12       2394     1.6618  0.000e+00
     26.229   65.78204 -168.84206     26.492     3.0339     3.0349     3.0324    32.8985    32.9109  1026.3292    26.2049    253.405    245.450  327.46382     77.384     74.964     0.2186     0.9634     3.7436     0.9207 1.0000e-12       2395     1.6625  0.000e+00
     26.213   65.78204 -168.84206     26.476     3.0342     3.0352     3.0327    32.8981    32.9103  1026.3288    26.2046    253.110    245.345  327.46162     77.295     74.932     0.2186     0.9634     3.7448     0.9194 1.0000e-12       2396     1.6632  0.000e+00
     26.290   65.78204 -168.84206     26.554     3.0341     3.0352     3.0326    32.8985    32.9104  1026.3294    26.2048    252.833    244.884  327.46172     77.210     74.791     0.2186     0.9634     3.7436     0.9207 1.0000e-12       2397     1.6639  0.000e+00
     26.275   65.78204 -168.84206     26.538     3.0341     3.0352     3.0326    32.8986    32.9108  1026.3295    26.2050    252.529    244.791  327.46169     77.117     74.763     0.2186     0.9634     3.7436     0.9207 1.0000e-12       2398     1.6646  0.000e+00
     26.229   65.78204 -168.84206     26.491     3.0342     3.0352     3.0327    32.8987    32.9112  1026.3293    26.2051    252.163    244.532  327.46014     77.006     74.684     0.2186     0.9634     3.7485     0.9155 1.0000e-12       2399     1.6653  0.000e+00
     26.329   65.78204 -168.84206     26.593     3.0343     3.0356     3.0328    32.8986    32.9109  1026.3297    26.2049    252.068    244.260  327.46008     76.977     74.602     0.2173     0.9560     3.7558     0.9077 1.0000e-12       2400     1.6660  0.000e+00
     26.290   65.78204 -168.84206     26.554     3.0344     3.0353     3.0329    32.8988    32.9115  1026.3296    26.2051    251.582    243.994  327.45873     76.828     74.520     0.2186     0.9634     3.7570     0.9064 1.0000e-12       2401     1.6667  0.000e+00
     26.329   65.78204 -168.84206     26.593     3.0346     3.0357     3.0330    32.8986    32.9109  1026.3297    26.2050    251.476    243.714  327.45779     76.797     74.435     0.2173     0.9560     3.7582     0.9051 1.0000e-12       2402     1.6674  0.000e+00
     26.290   65.78204 -168.84206     26.554     3.0348     3.0357     3.0333    32.8989    32.9112  1026.3297    26.2052    250.983    243.417  327.45535     76.647     74.344     0.2186     0.9634     3.7570     0.9064 1.0000e-12       2403     1.6681  0.000e+00
     26.391   65.78204 -168.84206     26.655     3.0346     3.0357     3.0330    32.8992    32.9113  1026.3304    26.2054    250.914    243.133  327.45647     76.625     74.258     0.2100     0.9121     3.7570     0.9064 1.0000e-12       2404     1.6688  0.000e+00
     26.344   65.78204 -168.84206     26.608     3.0348     3.0360     3.0333    32.8992    32.9108  1026.3302    26.2054    250.636    242.853  327.45432     76.541     74.173     0.2027     0.8681     3.7570     0.9064 1.0000e-12       2405     1.6694  0.000e+00
     26.344   65.78204 -168.84206     26.608     3.0349     3.0361     3.0334    32.8989    32.9108  1026.3299    26.2051    250.342    242.585  327.45413     76.451     74.091     0.2015     0.8608     3.7570     0.9064 1.0000e-12       2406     1.6701  0.000e+00
     26.391   65.78204 -168.84206     26.655     3.0346     3.0361     3.0330    32.8997    32.9111  1026.3308    26.2058    250.033    242.500  327.45526     76.356     74.065     0.2015     0.8608     3.7570     0.9064 1.0000e-12       2407     1.6708  0.000e+00
     26.406   65.78204 -168.84206     26.671     3.0350     3.0361     3.0335    32.8991    32.9112  1026.3304    26.2053    249.737    242.036  327.45321     76.266     73.924     0.2027     0.8681     3.7570     0.9064 1.0000e-12       2408     1.6715  0.000e+00
     26.445   65.78204 -168.84206     26.710     3.0351     3.0363     3.0336    32.8994    32.9112  1026.3308    26.2055    249.424    241.755  327.45167     76.171     73.838     0.2015     0.8608     3.7570     0.9064 1.0000e-12       2409     1.6722  0.000e+00
     26.406   65.78204 -168.84206     26.671     3.0350     3.0363     3.0335    32.8996    32.9114  1026.3308    26.2057    249.347    241.461  327.45201     76.148     73.748     0.2027     0.8681     3.7570     0.9064 1.0000e-12       2410     1.6729  0.000e+00
     26.445   65.78204 -168.84206     26.710     3.0353     3.0366     3.0337    32.8992    32.9113  1026.3306    26.2053    249.071    241.180  327.45088     76.064     73.663     0.2015     0.8608     3.7570     0.9064 1.0000e-12       2411     1.6736  0.000e+00
     26.406   65.78204 -168.84206     26.671     3.0353     3.0365     3.0338    32.8995    32.9113  1026.3307    26.2056    248.812    240.889  327.44963     75.985     73.574     0.2015     0.8608     3.7570     0.9064 1.0000e-12       2412     1.6743  0.000e+00
     26.506   65.78204 -168.84206     26.772     3.0356     3.0365     3.0341    32.8992    32.9116  1026.3309    26.2053    248.540    240.808  327.44779     75.902     73.549     0.2015     0.8608     3.7570     0.9064 8.4714e-06       2413     1.6750  0.000e+00
     26.460   65.78204 -168.84206     26.725     3.0356     3.0366     3.0340    32.8993    32.9117  1026.3308    26.2054    248.286    240.564  327.44792     75.825     73.475     0.2027     0.8681     3.7570     0.9064 1.0000e-12       2414     1.6757  0.000e+00
     26.506   65.78204 -168.84206     26.772     3.0355     3.0366     3.0339    32.8994    32.9117  1026.3310    26.2054    248.021    240.314  327.44867     75.743     73.399     0.2015     0.8608     3.7570     0.9064 1.0000e-12       2415     1.6764  0.000e+00
