EcoFOCI/data/1_SampleCollection/2023_SikuliaqDBO_CruiseData/CTD_raw_BottleFile_SKQ23-12S/proc/skq202312s_010svp.cnv
* Sea-Bird SBE 9 Data File:
* FileName = D:\CTD\SKQ202312S\SKQ202312S_010.hex
* Software Version Seasave V 7.26.7.121
* Temperature SN = 6177
* Conductivity SN = 0369
* Number of Bytes Per Scan = 41
* Number of Voltage Words = 4
* Number of Scans Averaged by the Deck Unit = 1
* NMEA Latitude = 63 16.77 N
* NMEA Longitude = 173 16.77 W
* NMEA UTC (Time) = Sep 16 2023  15:37:33
* NMEA baud rate = 4800
** Ship: R/V Sikuliaq
** Station Number: 010
** Station Name: DBO1.9
** Bottom Depth: 70
** Operator: SD
# nquan = 7
# nvalues = 5816                                  
# units = specified
# name 0 = depSM: Depth [salt water, m]
# name 1 = latitude: Latitude [deg]
# name 2 = longitude: Longitude [deg]
# name 3 = t090C: Temperature [ITS-90, deg C]
# name 4 = sal00: Salinity, Practical [PSU]
# name 5 = svCM: Sound Velocity [Chen-Millero, m/s]
# name 6 = flag:  0.000e+00
# span 0 =      2.299,     64.361                 
# span 1 =   63.27950,   63.27952                 
# span 2 = -173.27952, -173.27950                 
# span 3 =    -1.4908,     7.4874                 
# span 4 =    31.3838,    32.1305                 
# span 5 =    1438.80,    1476.28                 
# span 6 = 0.0000e+00, 0.0000e+00                 
# interval = seconds: 0.0416667
# start_time = Sep 16 2023 15:40:12 [NMEA time, first data scan]
# bad_flag = -9.990e-29
*END*
[from data line 1847]
     11.751   63.27952 -173.27950     7.4845    31.3868    1476.22  0.000e+00
     11.782   63.27952 -173.27950     7.4845    31.3865    1476.22  0.000e+00
     11.782   63.27952 -173.27950     7.4845    31.3862    1476.22  0.000e+00
     11.782   63.27952 -173.27950     7.4846    31.3868    1476.22  0.000e+00
     11.782   63.27952 -173.27950     7.4843    31.3865    1476.22  0.000e+00
     11.751   63.27952 -173.27950     7.4841    31.3865    1476.21  0.000e+00
     11.781   63.27952 -173.27950     7.4841    31.3867    1476.21  0.000e+00
     11.781   63.27952 -173.27950     7.4840    31.3865    1476.21  0.000e+00
     11.781   63.27952 -173.27950     7.4838    31.3865    1476.21  0.000e+00
     11.781   63.27952 -173.27950     7.4835    31.3872    1476.21  0.000e+00
     11.751   63.27952 -173.27950     7.4837    31.3873    1476.21  0.000e+00
     11.835   63.27952 -173.27950     7.4835    31.3872    1476.21  0.000e+00
     11.720   63.27952 -173.27950     7.4837    31.3867    1476.21  0.000e+00
     11.781   63.27952 -173.27950     7.4837    31.3864    1476.21  0.000e+00
     11.835   63.27952 -173.27950     7.4840    31.3865    1476.21  0.000e+00
     11.750   63.27952 -173.27950     7.4840    31.3864    1476.21  0.000e+00
     11.835   63.27952 -173.27950     7.4837    31.3866    1476.21  0.000e+00
     11.781   63.27952 -173.27950     7.4837    31.3868    1476.21  0.000e+00
     11.781   63.27952 -173.27950     7.4838    31.3863    1476.21  0.000e+00
     11.835   63.27952 -173.27950     7.4837    31.3863    1476.21  0.000e+00
     11.750   63.27952 -173.27950     7.4837    31.3864    1476.21  0.000e+00
     11.835   63.27952 -173.27950     7.4833    31.3869    1476.21  0.000e+00
     11.781   63.27952 -173.27950     7.4835    31.3864    1476.21  0.000e+00
     11.781   63.27952 -173.27950     7.4838    31.3861    1476.21  0.000e+00
     11.889   63.27952 -173.27950     7.4835    31.3867    1476.21  0.000e+00
     11.689   63.27952 -173.27950     7.4833    31.3869    1476.21  0.000e+00
     11.889   63.27952 -173.27950     7.4835    31.3869    1476.21  0.000e+00
     11.835   63.27952 -173.27950     7.4833    31.3872    1476.21  0.000e+00
     11.835   63.27952 -173.27950     7.4833    31.3870    1476.21  0.000e+00
     11.835   63.27952 -173.27950     7.4835    31.3868    1476.21  0.000e+00
     11.804   63.27952 -173.27950     7.4837    31.3866    1476.21  0.000e+00
     11.835   63.27952 -173.27950     7.4838    31.3860    1476.21  0.000e+00
     11.835   63.27952 -173.27950     7.4848    31.3858    1476.22  0.000e+00
     11.835   63.27952 -173.27950     7.4853    31.3853    1476.22  0.000e+00
     11.889   63.27952 -173.27950     7.4848    31.3858    1476.22  0.000e+00
     11.858   63.27952 -173.27950     7.4846    31.3862    1476.22  0.000e+00
     11.835   63.27952 -173.27950     7.4843    31.3863    1476.22  0.000e+00
     11.835   63.27952 -173.27950     7.4841    31.3865    1476.22  0.000e+00
     11.889   63.27952 -173.27950     7.4840    31.3864    1476.22  0.000e+00
     11.889   63.27952 -173.27950     7.4840    31.3867    1476.22  0.000e+00
     11.858   63.27952 -173.27950     7.4838    31.3870    1476.21  0.000e+00
     11.889   63.27952 -173.27950     7.4843    31.3865    1476.22  0.000e+00
     11.889   63.27952 -173.27950     7.4840    31.3869    1476.22  0.000e+00
     11.951   63.27952 -173.27950     7.4841    31.3865    1476.22  0.000e+00
     11.889   63.27952 -173.27950     7.4838    31.3867    1476.22  0.000e+00
     11.920   63.27952 -173.27950     7.4838    31.3867    1476.22  0.000e+00
     11.950   63.27952 -173.27950     7.4838    31.3866    1476.22  0.000e+00
     11.889   63.27952 -173.27950     7.4838    31.3867    1476.22  0.000e+00
     11.950   63.27952 -173.27950     7.4837    31.3866    1476.22  0.000e+00
     12.004   63.27952 -173.27950     7.4837    31.3867    1476.22  0.000e+00
     11.974   63.27952 -173.27950     7.4835    31.3868    1476.22  0.000e+00
     11.950   63.27952 -173.27950     7.4833    31.3869    1476.21  0.000e+00
     12.004   63.27952 -173.27950     7.4832    31.3870    1476.21  0.000e+00
     12.004   63.27952 -173.27950     7.4835    31.3868    1476.22  0.000e+00
     12.004   63.27952 -173.27950     7.4835    31.3870    1476.22  0.000e+00
     12.035   63.27952 -173.27950     7.4837    31.3872    1476.22  0.000e+00
     12.004   63.27952 -173.27950     7.4838    31.3872    1476.22  0.000e+00
     12.066   63.27952 -173.27950     7.4841    31.3871    1476.22  0.000e+00
     12.066   63.27952 -173.27950     7.4845    31.3869    1476.22  0.000e+00
     12.089   63.27952 -173.27950     7.4843    31.3868    1476.22  0.000e+00
     12.120   63.27952 -173.27950     7.4845    31.3871    1476.22  0.000e+00
     12.066   63.27952 -173.27950     7.4846    31.3871    1476.22  0.000e+00
     12.120   63.27952 -173.27950     7.4848    31.3869    1476.22  0.000e+00
     12.120   63.27952 -173.27950     7.4848    31.3871    1476.22  0.000e+00
     12.151   63.27952 -173.27950     7.4845    31.3872    1476.22  0.000e+00
     12.182   63.27952 -173.27950     7.4850    31.3869    1476.22  0.000e+00
     12.120   63.27952 -173.27950     7.4851    31.3870    1476.22  0.000e+00
     12.235   63.27952 -173.27950     7.4853    31.3870    1476.23  0.000e+00
     12.181   63.27952 -173.27950     7.4853    31.3870    1476.23  0.000e+00
     12.205   63.27952 -173.27950     7.4854    31.3870    1476.23  0.000e+00
     12.235   63.27952 -173.27950     7.4854    31.3868    1476.23  0.000e+00
     12.235   63.27952 -173.27950     7.4853    31.3869    1476.23  0.000e+00
     12.235   63.27952 -173.27950     7.4854    31.3868    1476.23  0.000e+00
     12.289   63.27952 -173.27950     7.4851    31.3870    1476.23  0.000e+00
     12.259   63.27952 -173.27950     7.4853    31.3870    1476.23  0.000e+00
     12.289   63.27952 -173.27950     7.4854    31.3868    1476.23  0.000e+00
     12.351   63.27952 -173.27950     7.4856    31.3871    1476.23  0.000e+00
     12.351   63.27952 -173.27950     7.4856    31.3872    1476.23  0.000e+00
     12.351   63.27952 -173.27950     7.4856    31.3873    1476.23  0.000e+00
     12.374   63.27952 -173.27950     7.4858    31.3872    1476.23  0.000e+00
     12.351   63.27952 -173.27950     7.4858    31.3873    1476.23  0.000e+00
     12.405   63.27952 -173.27950     7.4858    31.3872    1476.23  0.000e+00
     12.405   63.27952 -173.27950     7.4861    31.3871    1476.23  0.000e+00
     12.436   63.27952 -173.27950     7.4859    31.3873    1476.23  0.000e+00
     12.467   63.27952 -173.27950     7.4861    31.3869    1476.23  0.000e+00
     12.467   63.27952 -173.27950     7.4861    31.3867    1476.23  0.000e+00
     12.467   63.27952 -173.27950     7.4858    31.3871    1476.23  0.000e+00
     12.521   63.27952 -173.27950     7.4856    31.3870    1476.23  0.000e+00
     12.490   63.27952 -173.27950     7.4856    31.3868    1476.23  0.000e+00
     12.582   63.27952 -173.27950     7.4858    31.3870    1476.23  0.000e+00
     12.521   63.27952 -173.27950     7.4859    31.3872    1476.23  0.000e+00
     12.521   63.27952 -173.27950     7.4863    31.3867    1476.24  0.000e+00
     12.605   63.27952 -173.27950     7.4862    31.3873    1476.24  0.000e+00
     12.582   63.27952 -173.27950     7.4862    31.3874    1476.24  0.000e+00
     12.636   63.27952 -173.27950     7.4864    31.3864    1476.24  0.000e+00
     12.636   63.27952 -173.27950     7.4861    31.3865    1476.24  0.000e+00
     12.636   63.27952 -173.27950     7.4853    31.3864    1476.23  0.000e+00
     12.659   63.27952 -173.27950     7.4845    31.3867    1476.23  0.000e+00
     12.690   63.27952 -173.27950     7.4841    31.3867    1476.23  0.000e+00
     12.690   63.27952 -173.27950     7.4840    31.3862    1476.23  0.000e+00
     12.690   63.27952 -173.27950     7.4835    31.3868    1476.23  0.000e+00
     12.752   63.27952 -173.27950     7.4832    31.3865    1476.23  0.000e+00
     12.721   63.27952 -173.27950     7.4829    31.3866    1476.23  0.000e+00
     12.752   63.27952 -173.27950     7.4827    31.3866    1476.22  0.000e+00
     12.752   63.27952 -173.27950     7.4824    31.3870    1476.22  0.000e+00
     12.806   63.27952 -173.27950     7.4825    31.3867    1476.23  0.000e+00
     12.775   63.27952 -173.27950     7.4825    31.3871    1476.23  0.000e+00
     12.806   63.27952 -173.27950     7.4829    31.3872    1476.23  0.000e+00
     12.806   63.27952 -173.27950     7.4832    31.3873    1476.23  0.000e+00
     12.867   63.27952 -173.27950     7.4835    31.3872    1476.23  0.000e+00
     12.806   63.27952 -173.27950     7.4837    31.3868    1476.23  0.000e+00
     12.890   63.27952 -173.27950     7.4838    31.3869    1476.23  0.000e+00
     12.867   63.27952 -173.27950     7.4841    31.3870    1476.23  0.000e+00
     12.867   63.27952 -173.27950     7.4841    31.3869    1476.23  0.000e+00
     12.921   63.27952 -173.27950     7.4841    31.3871    1476.23  0.000e+00
     12.890   63.27952 -173.27950     7.4843    31.3865    1476.23  0.000e+00
     12.921   63.27952 -173.27950     7.4838    31.3866    1476.23  0.000e+00
     12.921   63.27952 -173.27950     7.4832    31.3865    1476.23  0.000e+00
     12.983   63.27952 -173.27950     7.4833    31.3859    1476.23  0.000e+00
     12.921   63.27952 -173.27950     7.4830    31.3868    1476.23  0.000e+00
     13.006   63.27952 -173.27950     7.4833    31.3869    1476.23  0.000e+00
     12.983   63.27952 -173.27950     7.4833    31.3873    1476.23  0.000e+00
     12.983   63.27952 -173.27950     7.4835    31.3873    1476.23  0.000e+00
     13.037   63.27952 -173.27950     7.4838    31.3874    1476.23  0.000e+00
     13.006   63.27952 -173.27950     7.4841    31.3875    1476.24  0.000e+00
     13.037   63.27952 -173.27950     7.4845    31.3871    1476.24  0.000e+00
     13.037   63.27952 -173.27950     7.4850    31.3869    1476.24  0.000e+00
     13.037   63.27952 -173.27950     7.4851    31.3867    1476.24  0.000e+00
     13.060   63.27952 -173.27950     7.4851    31.3870    1476.24  0.000e+00
     13.091   63.27952 -173.27950     7.4853    31.3872    1476.24  0.000e+00
     13.091   63.27952 -173.27950     7.4850    31.3868    1476.24  0.000e+00
     13.091   63.27952 -173.27950     7.4848    31.3867    1476.24  0.000e+00
     13.091   63.27952 -173.27950     7.4843    31.3865    1476.24  0.000e+00
     13.121   63.27952 -173.27950     7.4838    31.3865    1476.24  0.000e+00
     13.152   63.27952 -173.27950     7.4830    31.3867    1476.23  0.000e+00
     13.152   63.27952 -173.27950     7.4825    31.3872    1476.23  0.000e+00
     13.090   63.27952 -173.27950     7.4824    31.3873    1476.23  0.000e+00
     13.121   63.27952 -173.27950     7.4825    31.3873    1476.23  0.000e+00
     13.206   63.27952 -173.27950     7.4827    31.3867    1476.23  0.000e+00
     13.152   63.27952 -173.27950     7.4827    31.3869    1476.23  0.000e+00
     13.152   63.27952 -173.27950     7.4827    31.3869    1476.23  0.000e+00
     13.237   63.27952 -173.27950     7.4827    31.3867    1476.23  0.000e+00
     13.206   63.27952 -173.27950     7.4827    31.3863    1476.23  0.000e+00
     13.206   63.27952 -173.27950     7.4827    31.3865    1476.23  0.000e+00
     13.206   63.27952 -173.27950     7.4827    31.3864    1476.23  0.000e+00
     13.268   63.27952 -173.27950     7.4822    31.3865    1476.23  0.000e+00
     13.237   63.27952 -173.27950     7.4824    31.3859    1476.23  0.000e+00
     13.206   63.27952 -173.27950     7.4820    31.3861    1476.23  0.000e+00
     13.268   63.27952 -173.27950     7.4820    31.3865    1476.23  0.000e+00
     13.268   63.27952 -173.27950     7.4820    31.3866    1476.23  0.000e+00
     13.237   63.27952 -173.27950     7.4819    31.3867    1476.23  0.000e+00
     13.268   63.27952 -173.27950     7.4819    31.3867    1476.23  0.000e+00
     13.268   63.27952 -173.27950     7.4819    31.3865    1476.23  0.000e+00
     13.268   63.27952 -173.27950     7.4817    31.3866    1476.23  0.000e+00
     13.291   63.27952 -173.27950     7.4819    31.3867    1476.23  0.000e+00
     13.322   63.27952 -173.27950     7.4819    31.3863    1476.23  0.000e+00
     13.322   63.27952 -173.27950     7.4816    31.3865    1476.23  0.000e+00
     13.322   63.27952 -173.27950     7.4814    31.3864    1476.23  0.000e+00
     13.322   63.27952 -173.27950     7.4812    31.3867    1476.23  0.000e+00
     13.291   63.27952 -173.27950     7.4811    31.3869    1476.23  0.000e+00
     13.375   63.27952 -173.27950     7.4812    31.3865    1476.23  0.000e+00
     13.321   63.27952 -173.27950     7.4814    31.3866    1476.23  0.000e+00
     13.321   63.27952 -173.27950     7.4814    31.3864    1476.23  0.000e+00
     13.345   63.27952 -173.27950     7.4814    31.3864    1476.23  0.000e+00
     13.375   63.27952 -173.27950     7.4814    31.3866    1476.23  0.000e+00
     13.321   63.27952 -173.27950     7.4814    31.3868    1476.23  0.000e+00
     13.375   63.27952 -173.27950     7.4816    31.3865    1476.23  0.000e+00
     13.344   63.27952 -173.27950     7.4814    31.3866    1476.23  0.000e+00
     13.375   63.27952 -173.27950     7.4816    31.3862    1476.23  0.000e+00
     13.437   63.27952 -173.27950     7.4817    31.3862    1476.23  0.000e+00
     13.437   63.27952 -173.27950     7.4816    31.3866    1476.23  0.000e+00
     13.406   63.27952 -173.27950     7.4820    31.3861    1476.23  0.000e+00
     13.437   63.27952 -173.27950     7.4817    31.3866    1476.23  0.000e+00
     13.437   63.27952 -173.27950     7.4819    31.3866    1476.23  0.000e+00
     13.437   63.27952 -173.27950     7.4820    31.3863    1476.23  0.000e+00
     13.437   63.27952 -173.27950     7.4819    31.3862    1476.23  0.000e+00
     13.460   63.27952 -173.27950     7.4820    31.3866    1476.23  0.000e+00
     13.437   63.27952 -173.27950     7.4820    31.3864    1476.23  0.000e+00
     13.491   63.27952 -173.27950     7.4817    31.3865    1476.23  0.000e+00
     13.437   63.27952 -173.27950     7.4820    31.3862    1476.23  0.000e+00
     13.460   63.27952 -173.27950     7.4822    31.3859    1476.23  0.000e+00
     13.491   63.27952 -173.27950     7.4820    31.3862    1476.23  0.000e+00
     13.491   63.27952 -173.27950     7.4817    31.3865    1476.23  0.000e+00
     13.491   63.27952 -173.27950     7.4819    31.3859    1476.23  0.000e+00
     13.522   63.27952 -173.27950     7.4817    31.3864    1476.23  0.000e+00
     13.552   63.27952 -173.27950     7.4816    31.3862    1476.23  0.000e+00
     13.552   63.27952 -173.27950     7.4816    31.3861    1476.23  0.000e+00
     13.552   63.27952 -173.27950     7.4819    31.3861    1476.23  0.000e+00
     13.521   63.27952 -173.27950     7.4817    31.3865    1476.23  0.000e+00
     13.606   63.27952 -173.27950     7.4817    31.3865    1476.24  0.000e+00
     13.552   63.27952 -173.27950     7.4819    31.3864    1476.23  0.000e+00
     13.552   63.27952 -173.27950     7.4819    31.3864    1476.23  0.000e+00
     13.606   63.27952 -173.27950     7.4820    31.3862    1476.24  0.000e+00
     13.575   63.27952 -173.27950     7.4820    31.3864    1476.24  0.000e+00
     13.606   63.27952 -173.27950     7.4822    31.3866    1476.24  0.000e+00
     13.606   63.27952 -173.27950     7.4822    31.3862    1476.24  0.000e+00
     13.606   63.27952 -173.27950     7.4822    31.3862    1476.24  0.000e+00
     13.629   63.27952 -173.27950     7.4820    31.3862    1476.24  0.000e+00
     13.668   63.27952 -173.27950     7.4819    31.3863    1476.24  0.000e+00
     13.668   63.27952 -173.27950     7.4819    31.3863    1476.24  0.000e+00
     13.668   63.27952 -173.27950     7.4822    31.3860    1476.24  0.000e+00
     13.691   63.27952 -173.27950     7.4819    31.3863    1476.24  0.000e+00
     13.668   63.27952 -173.27950     7.4819    31.3864    1476.24  0.000e+00
     13.668   63.27952 -173.27950     7.4819    31.3862    1476.24  0.000e+00
