EcoFOCI/data/1_SampleCollection/2023_SikuliaqDBO_CruiseData/CTD_raw_BottleFile_SKQ23-12S/proc/skq202312s_007.ros
* Sea-Bird SBE 9 Data File:
* FileName = D:\CTD\SKQ202312S\SKQ202312S_007.hex
* Software Version Seasave V 7.26.7.121
* Temperature SN = 6177
* Conductivity SN = 0369
* Number of Bytes Per Scan = 41
* Number of Voltage Words = 4
* Number of Scans Averaged by the Deck Unit = 1
* NMEA Latitude = 62 33.56 N
* NMEA Longitude = 173 33.01 W
* NMEA UTC (Time) = Sep 16 2023  04:45:18
* NMEA baud rate = 4800
** Ship: R/V Sikuliaq
** Station Number: 007
** Station Name: DBO1.6
** Bottom Depth: 65
** Operator: SD
# nquan = 22
# nvalues = 1078                                  
# units = specified
# name 0 = depSM: Depth [salt water, m]
# name 1 = latitude: Latitude [deg]
# name 2 = longitude: Longitude [deg]
# name 3 = prDM: Pressure, Digiquartz [db]
# name 4 = t090C: Temperature [ITS-90, deg C]
# name 5 = t190C: Temperature, 2 [ITS-90, deg C]
# name 6 = potemp090C: Potential Temperature [ITS-90, deg C]
# name 7 = sal00: Salinity, Practical [PSU]
# name 8 = sal11: Salinity, Practical, 2 [PSU]
# name 9 = density00: Density [density, kg/m^3]
# name 10 = sigma-é00: Density [sigma-theta, kg/m^3]
# name 11 = sbox0Mm/Kg: Oxygen, SBE 43 [umol/kg]
# name 12 = sbox1Mm/Kg: Oxygen, SBE 43, 2 [umol/kg]
# name 13 = oxsolMm/Kg: Oxygen Saturation, Garcia & Gordon [umol/kg]
# name 14 = sbeox0PS: Oxygen, SBE 43 [% saturation]
# name 15 = v0: Voltage 0
# name 16 = flECO-AFL: Fluorescence, WET Labs ECO-AFL/FL [mg/m^3]
# name 17 = CStarAt0: Beam Attenuation, WET Labs C-Star [1/m]
# name 18 = par: PAR/Irradiance, Biospherical/Licor
# name 19 = scan: Scan Count
# name 20 = nbf: Bottles Fired
# name 21 = flag:  0.000e+00
# interval = seconds: 0.0416667
# start_time = Sep 16 2023 04:49:28 [NMEA time, first data scan]
# bad_flag = -9.990e-29
*END*
[from data line 856]
     10.445   62.55946 -173.55006     10.547     7.4512     7.4553     7.4502    31.1540    31.1639  1024.3793    24.3308    292.737    278.400  298.76468     97.982     0.2308     1.0366     0.6814 7.8832e+00      27416         18  0.000e+00
     10.468   62.55946 -173.55006     10.570     7.4506     7.4558     7.4497    31.1543    31.1633  1024.3797    24.3311    292.728    278.397  298.76785     97.978     0.2320     1.0439     0.6814 7.8832e+00      27417         18  0.000e+00
     10.445   62.55946 -173.55006     10.547     7.4509     7.4553     7.4499    31.1544    31.1634  1024.3796    24.3312    292.737    278.396  298.76581     97.982     0.2308     1.0366     0.6814 7.8607e+00      27418         18  0.000e+00
     10.445   62.55946 -173.55006     10.547     7.4508     7.4558     7.4499    31.1544    31.1639  1024.3796    24.3312    292.751    278.388  298.76621     97.987     0.2320     1.0439     0.6802 7.8607e+00      27419         18  0.000e+00
     10.445   62.55946 -173.55006     10.547     7.4505     7.4562     7.4496    31.1546    31.1641  1024.3798    24.3314    292.768    278.552  298.76783     97.992     0.2320     1.0439     0.6814 7.8607e+00      27420         18  0.000e+00
     10.499   62.55946 -173.55006     10.601     7.4505     7.4567     7.4495    31.1546    31.1637  1024.3801    24.3314    292.760    278.392  298.76812     97.989     0.2308     1.0366     0.6814 7.8383e+00      27421         18  0.000e+00
     10.499   62.55946 -173.55006     10.601     7.4505     7.4570     7.4496    31.1548    31.1641  1024.3802    24.3315    292.775    278.383  298.76739     97.994     0.2308     1.0366     0.6814 7.8160e+00      27422         18  0.000e+00
     10.468   62.55946 -173.55006     10.570     7.4505     7.4570     7.4495    31.1547    31.1641  1024.3800    24.3315    292.791    278.375  298.76793     98.000     0.2295     1.0293     0.6814 7.8383e+00      27423         18  0.000e+00
     10.499   62.55946 -173.55006     10.601     7.4504     7.4571     7.4494    31.1551    31.1637  1024.3805    24.3318    292.973    278.368  298.76772     98.060     0.2308     1.0366     0.6814 7.7937e+00      27424         18  0.000e+00
     10.553   62.55946 -173.55006     10.656     7.4506     7.4573     7.4496    31.1560    31.1637  1024.3814    24.3325    292.824    278.361  298.76406     98.012     0.2295     1.0293     0.6814 7.7494e+00      27425         18  0.000e+00
     10.553   62.55946 -173.55006     10.656     7.4517     7.4573     7.4507    31.1562    31.1642  1024.3814    24.3325    293.023    278.522  298.75649     98.081     0.2308     1.0366     0.6814 7.7494e+00      27426         18  0.000e+00
     10.499   62.55946 -173.55006     10.601     7.4521     7.4575     7.4511    31.1565    31.1636  1024.3814    24.3327    292.845    278.526  298.75273     98.023     0.2295     1.0293     0.6814 7.7273e+00      27427         18  0.000e+00
     10.615   62.55946 -173.55006     10.718     7.4524     7.4571     7.4514    31.1568    31.1639  1024.3820    24.3328    292.838    278.554  298.75018     98.021     0.2308     1.0366     0.6814 7.6833e+00      27428         18  0.000e+00
     10.553   62.55946 -173.55006     10.656     7.4531     7.4570     7.4521    31.1567    31.1638  1024.3816    24.3327    292.822    278.557  298.74553     98.017     0.2295     1.0293     0.6814 7.6614e+00      27429         18  0.000e+00
     10.468   62.55946 -173.55006     10.570     7.4538     7.4575     7.4529    31.1564    31.1636  1024.3809    24.3324    292.995    278.554  298.74109     98.076     0.2308     1.0366     0.6814 7.6395e+00      27430         18  0.000e+00
     10.669   62.55946 -173.55006     10.773     7.4539     7.4577     7.4529    31.1569    31.1635  1024.3822    24.3328    292.854    278.560  298.73960     98.030     0.2295     1.0293     0.6814 7.5960e+00      27431         18  0.000e+00
     10.615   62.55946 -173.55006     10.718     7.4543     7.4575     7.4534    31.1566    31.1641  1024.3816    24.3324    292.841    278.559  298.73737     98.026     0.2308     1.0366     0.6814 7.5744e+00      27432         18  0.000e+00
     10.615   62.55946 -173.55006     10.718     7.4544     7.4573     7.4534    31.1563    31.1634  1024.3814    24.3322    293.022    278.578  298.73769     98.087     0.2295     1.0293     0.6814 7.5528e+00      27433         18  0.000e+00
     10.669   62.55946 -173.55006     10.773     7.4545     7.4568     7.4536    31.1561    31.1635  1024.3815    24.3320    293.039    278.410  298.73710     98.093     0.2308     1.0366     0.6814 7.5098e+00      27434         18  0.000e+00
     10.615   62.55946 -173.55006     10.718     7.4548     7.4568     7.4539    31.1564    31.1633  1024.3814    24.3322    293.075    278.577  298.73431     98.106     0.2295     1.0293     0.6814 7.4883e+00      27435         18  0.000e+00
     10.638   62.55946 -173.55006     10.742     7.4550     7.4568     7.4540    31.1568    31.1637  1024.3819    24.3326    293.089    278.420  298.73232     98.111     0.2295     1.0293     0.6802 7.4670e+00      27436         18  0.000e+00
     10.669   62.55946 -173.55006     10.773     7.4553     7.4576     7.4543    31.1563    31.1633  1024.3816    24.3321    293.103    278.413  298.73146     98.116     0.2308     1.0366     0.6765 7.4245e+00      27437         18  0.000e+00
     10.731   62.55946 -173.55006     10.835     7.4555     7.4576     7.4545    31.1562    31.1636  1024.3817    24.3320    293.117    278.412  298.73039     98.121     0.2295     1.0293     0.6765 7.4033e+00      27438         18  0.000e+00
     10.669   62.55946 -173.55006     10.773     7.4558     7.4571     7.4548    31.1560    31.1644  1024.3813    24.3318    293.124    278.580  298.72872     98.124     0.2308     1.0366     0.6765 7.3822e+00      27439         18  0.000e+00
     10.669   62.55946 -173.55006     10.773     7.4556     7.4569     7.4547    31.1565    31.1639  1024.3817    24.3322    293.135    278.595  298.72856     98.127     0.2308     1.0366     0.6765 7.3401e+00      27440         18  0.000e+00
     10.731   62.55946 -173.55006     10.835     7.4558     7.4560     7.4549    31.1565    31.1640  1024.3819    24.3322    293.145    278.616  298.72733     98.131     0.2308     1.0366     0.6765 7.3401e+00      27441         18  0.000e+00
      2.278   62.55952 -173.55000      2.300     7.7499     7.7381     7.7497    30.9529    30.9708  1024.1425    24.1320    289.706    276.039  297.17974     97.485     0.1880     0.7802     0.7122 3.4018e+01      31018         19  0.000e+00
      2.278   62.55952 -173.55000      2.300     7.7509     7.7383     7.7507    30.9526    30.9707  1024.1421    24.1316    289.860    276.039  297.17369     97.539     0.1880     0.7802     0.7110 3.4018e+01      31019         19  0.000e+00
      2.278   62.55952 -173.55000      2.300     7.7512     7.7383     7.7510    30.9524    30.9707  1024.1420    24.1314    289.855    276.038  297.17202     97.538     0.1893     0.7875     0.7110 3.3923e+01      31020         19  0.000e+00
      2.278   62.55952 -173.55000      2.300     7.7516     7.7386     7.7514    30.9521    30.9704  1024.1417    24.1311    289.662    275.880  297.17043     97.473     0.1905     0.7949     0.7110 3.3923e+01      31021         19  0.000e+00
      2.278   62.55952 -173.55000      2.300     7.7511     7.7389     7.7509    30.9525    30.9706  1024.1421    24.1315    290.061    276.044  297.17282     97.607     0.1929     0.8095     0.7110 3.3923e+01      31022         19  0.000e+00
      2.278   62.55952 -173.55000      2.300     7.7507     7.7388     7.7505    30.9527    30.9709  1024.1423    24.1318    289.710    275.869  297.17465     97.488     0.1917     0.8022     0.7110 3.3827e+01      31023         19  0.000e+00
      2.224   62.55952 -173.55000      2.245     7.7504     7.7391     7.7502    30.9531    30.9704  1024.1424    24.1321    289.706    276.013  297.17595     97.486     0.1917     0.8022     0.7110 3.3827e+01      31024         19  0.000e+00
      2.340   62.55952 -173.55000      2.362     7.7498     7.7394     7.7496    30.9536    30.9702  1024.1434    24.1326    289.925    276.006  297.17909     97.559     0.1929     0.8095     0.7110 3.3923e+01      31025         19  0.000e+00
      2.278   62.55952 -173.55000      2.300     7.7499     7.7394     7.7497    30.9531    30.9701  1024.1427    24.1321    289.572    275.994  297.17927     97.440     0.1917     0.8022     0.7110 3.3923e+01      31026         19  0.000e+00
      2.224   62.55952 -173.55000      2.246     7.7504     7.7397     7.7502    30.9527    30.9698  1024.1420    24.1317    289.892    275.978  297.17682     97.549     0.1929     0.8095     0.7122 3.3923e+01      31027         19  0.000e+00
      2.278   62.55952 -173.55000      2.300     7.7504     7.7402     7.7502    30.9527    30.9695  1024.1424    24.1318    289.732    275.979  297.17664     97.495     0.1917     0.8022     0.7110 3.4018e+01      31028         19  0.000e+00
      2.278   62.55952 -173.55000      2.300     7.7509     7.7407     7.7507    30.9523    30.9692  1024.1420    24.1314    289.730    275.977  297.17417     97.495     0.1929     0.8095     0.7122 3.4308e+01      31029         19  0.000e+00
      2.278   62.55952 -173.55000      2.300     7.7509     7.7408     7.7507    30.9521    30.9690  1024.1418    24.1312    289.894    275.975  297.17472     97.550     0.1917     0.8022     0.7110 3.4308e+01      31030         19  0.000e+00
      2.224   62.55952 -173.55000      2.246     7.7511     7.7405     7.7509    30.9523    30.9688  1024.1417    24.1314    289.729    275.974  297.17316     97.495     0.1929     0.8095     0.7110 3.4404e+01      31031         19  0.000e+00
      2.278   62.55952 -173.55000      2.300     7.7511     7.7400     7.7509    30.9521    30.9693  1024.1417    24.1312    289.895    275.975  297.17377     97.551     0.1917     0.8022     0.7110 3.4893e+01      31032         19  0.000e+00
      2.224   62.55952 -173.55000      2.246     7.7512     7.7399     7.7510    30.9518    30.9696  1024.1413    24.1310    289.731    275.969  297.17324     97.496     0.1929     0.8095     0.7122 3.5190e+01      31033         19  0.000e+00
      2.224   62.55952 -173.55000      2.246     7.7514     7.7400     7.7512    30.9520    30.9694  1024.1414    24.1311    289.893    276.131  297.17181     97.551     0.1917     0.8022     0.7122 3.5289e+01      31034         19  0.000e+00
      2.278   62.55952 -173.55000      2.300     7.7511     7.7400     7.7509    30.9518    30.9696  1024.1416    24.1310    289.762    276.141  297.17425     97.506     0.1917     0.8022     0.7184 3.5589e+01      31035         19  0.000e+00
      2.224   62.55952 -173.55000      2.246     7.7514     7.7399     7.7512    30.9520    30.9694  1024.1414    24.1311    289.947    276.147  297.17181     97.569     0.1917     0.8022     0.7222 3.5790e+01      31036         19  0.000e+00
      2.247   62.55952 -173.55000      2.269     7.7512     7.7399     7.7510    30.9522    30.9697  1024.1416    24.1312    289.951    275.964  297.17255     97.570     0.1917     0.8022     0.7222 3.5891e+01      31037         19  0.000e+00
      2.224   62.55952 -173.55000      2.246     7.7516     7.7402     7.7514    30.9517    30.9694  1024.1411    24.1308    289.976    276.118  297.17117     97.579     0.1905     0.7949     0.7222 3.5993e+01      31038         19  0.000e+00
      2.224   62.55952 -173.55000      2.246     7.7517     7.7405     7.7515    30.9518    30.9692  1024.1412    24.1309    289.975    276.116  297.16990     97.579     0.1917     0.8022     0.7222 3.6095e+01      31039         19  0.000e+00
      2.170   62.55952 -173.55000      2.191     7.7517     7.7410     7.7515    30.9518    30.9689  1024.1409    24.1309    289.786    276.109  297.17008     97.515     0.1905     0.7949     0.7222 3.6197e+01      31040         19  0.000e+00
      2.224   62.55952 -173.55000      2.246     7.7519     7.7419     7.7517    30.9517    30.9681  1024.1411    24.1308    289.975    276.119  297.16910     97.579     0.1917     0.8022     0.7222 3.6299e+01      31041         19  0.000e+00
      2.224   62.55952 -173.55000      2.246     7.7517     7.7424     7.7515    30.9517    30.9676  1024.1411    24.1308    289.603    275.942  297.17029     97.453     0.1917     0.8022     0.7222 3.6401e+01      31042         19  0.000e+00
      2.170   62.55952 -173.55000      2.191     7.7519     7.7434     7.7517    30.9515    30.9668  1024.1407    24.1306    289.951    275.912  297.16960     97.571     0.1917     0.8022     0.7222 3.6401e+01      31043         19  0.000e+00
      2.224   62.55952 -173.55000      2.246     7.7519     7.7448     7.7517    30.9515    30.9660  1024.1410    24.1306    289.767    275.899  297.16958     97.509     0.1917     0.8022     0.7222 3.6504e+01      31044         19  0.000e+00
      2.170   62.55952 -173.55000      2.191     7.7519     7.7458     7.7517    30.9516    30.9648  1024.1407    24.1307    289.928    275.885  297.16952     97.563     0.1917     0.8022     0.7222 3.6711e+01      31045         19  0.000e+00
      2.170   62.55952 -173.55000      2.191     7.7519     7.7464     7.7517    30.9519    30.9643  1024.1410    24.1309    289.954    275.873  297.16881     97.572     0.1893     0.7875     0.7222 3.6711e+01      31046         19  0.000e+00
      2.224   62.55952 -173.55000      2.246     7.7514     7.7468     7.7512    30.9523    30.9645  1024.1416    24.1313    289.958    275.862  297.17125     97.573     0.1868     0.7729     0.7222 3.6814e+01      31047         19  0.000e+00
      2.109   62.55952 -173.55000      2.129     7.7516     7.7471     7.7514    30.9521    30.9640  1024.1409    24.1312    289.978    275.847  297.17026     97.580     0.1880     0.7802     0.7222 3.7023e+01      31048         19  0.000e+00
      2.224   62.55952 -173.55000      2.246     7.7517     7.7471     7.7515    30.9517    30.9640  1024.1411    24.1308    289.981    275.841  297.17013     97.581     0.1868     0.7729     0.7222 3.7127e+01      31049         19  0.000e+00
      2.109   62.55952 -173.55000      2.129     7.7517     7.7476     7.7515    30.9523    30.9640  1024.1410    24.1312    289.999    275.822  297.16899     97.587     0.1868     0.7729     0.7222 3.7127e+01      31050         19  0.000e+00
      2.170   62.55952 -173.55000      2.191     7.7516     7.7487     7.7514    30.9520    30.9631  1024.1411    24.1311    289.814    275.806  297.17056     97.524     0.1868     0.7729     0.7222 3.7127e+01      31051         19  0.000e+00
      2.170   62.55952 -173.55000      2.192     7.7517     7.7493     7.7515    30.9519    30.9622  1024.1410    24.1310    290.160    275.791  297.16977     97.641     0.1880     0.7802     0.7222 3.7127e+01      31052         19  0.000e+00
      2.109   62.55952 -173.55000      2.129     7.7519     7.7498     7.7517    30.9518    30.9622  1024.1406    24.1309    290.016    275.603  297.16899     97.593     0.1868     0.7729     0.7222 3.7127e+01      31053         19  0.000e+00
      2.170   62.55952 -173.55000      2.192     7.7519     7.7501     7.7517    30.9518    30.9616  1024.1409    24.1309    290.066    275.574  297.16897     97.610     0.1868     0.7729     0.7222 3.6711e+01      31054         19  0.000e+00
      2.109   62.55952 -173.55000      2.129     7.7520     7.7504     7.7518    30.9517    30.9616  1024.1406    24.1308    290.060    275.541  297.16811     97.608     0.1868     0.7729     0.7172 3.6607e+01      31055         19  0.000e+00
      2.109   62.55952 -173.55000      2.129     7.7521     7.7501     7.7519    30.9519    30.9618  1024.1407    24.1309    290.081    275.512  297.16748     97.615     0.1868     0.7729     0.7110 3.6607e+01      31056         19  0.000e+00
