EcoFOCI/data/1_SampleCollection/2023_SikuliaqDBO_CruiseData/CTD_raw_BottleFile_SKQ23-12S/proc/skq202312s_059.ros
* Sea-Bird SBE 9 Data File:
* FileName = D:\CTD\SKQ202312S\SKQ202312S_059.hex
* Software Version Seasave V 7.26.7.121
* Temperature SN = 6177
* Conductivity SN = 0369
* Number of Bytes Per Scan = 41
* Number of Voltage Words = 4
* Number of Scans Averaged by the Deck Unit = 1
* NMEA Latitude = 71 13.10 N
* NMEA Longitude = 164 14.82 W
* NMEA UTC (Time) = Sep 27 2023  16:34:29
* NMEA baud rate = 4800
** Ship: R/V Sikuliaq
** Station Number: 059
** Station Name: C2
** Bottom Depth: 44
** Operator: SD
# nquan = 22
# nvalues = 147                                   
# units = specified
# name 0 = depSM: Depth [salt water, m]
# name 1 = latitude: Latitude [deg]
# name 2 = longitude: Longitude [deg]
# name 3 = prDM: Pressure, Digiquartz [db]
# name 4 = t090C: Temperature [ITS-90, deg C]
# name 5 = t190C: Temperature, 2 [ITS-90, deg C]
# name 6 = potemp090C: Potential Temperature [ITS-90, deg C]
# name 7 = sal00: Salinity, Practical [PSU]
# name 8 = sal11: Salinity, Practical, 2 [PSU]
# name 9 = density00: Density [density, kg/m^3]
# name 10 = sigma-é00: Density [sigma-theta, kg/m^3]
# name 11 = sbox0Mm/Kg: Oxygen, SBE 43 [umol/kg]
# name 12 = sbox1Mm/Kg: Oxygen, SBE 43, 2 [umol/kg]
# name 13 = oxsolMm/Kg: Oxygen Saturation, Garcia & Gordon [umol/kg]
# name 14 = sbeox0PS: Oxygen, SBE 43 [% saturation]
# name 15 = v0: Voltage 0
# name 16 = flECO-AFL: Fluorescence, WET Labs ECO-AFL/FL [mg/m^3]
# name 17 = CStarAt0: Beam Attenuation, WET Labs C-Star [1/m]
# name 18 = par: PAR/Irradiance, Biospherical/Licor
# name 19 = scan: Scan Count
# name 20 = nbf: Bottles Fired
# name 21 = flag:  0.000e+00
# interval = seconds: 0.0416667
# start_time = Sep 27 2023 16:38:23 [NMEA time, first data scan]
# bad_flag = -9.990e-29
*END*
[from data line 132]
     38.939   71.21830 -164.24704     39.344    -1.0667    -1.0704    -1.0676    32.3958    32.4086  1026.2345    26.0450    275.988    263.307  365.25498     75.560     0.1050     0.2820     1.4906 1.0000e-12       5341          3  0.000e+00
     38.993   71.21830 -164.24704     39.398    -1.0666    -1.0704    -1.0675    32.3954    32.4090  1026.2344    26.0447    275.948    263.100  365.25492     75.549     0.1062     0.2894     1.4906 1.0000e-12       5342          3  0.000e+00
     38.931   71.21830 -164.24704     39.336    -1.0665    -1.0704    -1.0674    32.3950    32.4089  1026.2338    26.0444    275.952    263.054  365.25554     75.550     0.1050     0.2820     1.4906 1.0000e-12       5343          3  0.000e+00
     38.939   71.21830 -164.24704     39.344    -1.0666    -1.0704    -1.0675    32.3944    32.4088  1026.2333    26.0439    275.910    263.043  365.25777     75.539     0.1050     0.2820     1.4906 1.0000e-12       5344          3  0.000e+00
     38.993   71.21830 -164.24704     39.398    -1.0667    -1.0706    -1.0676    32.3943    32.4090  1026.2335    26.0438    276.122    263.036  365.25912     75.596     0.1050     0.2820     1.4891 1.0000e-12       5345          3  0.000e+00
     38.939   71.21830 -164.24704     39.344    -1.0669    -1.0705    -1.0678    32.3943    32.4090  1026.2332    26.0438    275.916    263.024  365.26153     75.539     0.1050     0.2820     1.4906 1.0000e-12       5346          3  0.000e+00
     38.931   71.21830 -164.24704     39.336    -1.0673    -1.0704    -1.0682    32.3942    32.4090  1026.2332    26.0438    275.919    262.983  365.26553     75.539     0.1013     0.2601     1.4891 1.0000e-12       5347          3  0.000e+00
     38.993   71.21830 -164.24704     39.398    -1.0677    -1.0705    -1.0685    32.3943    32.4089  1026.2335    26.0438    275.924    262.946  365.26878     75.540     0.1001     0.2527     1.4891 1.0000e-12       5348          3  0.000e+00
     38.993   71.21830 -164.24704     39.398    -1.0677    -1.0706    -1.0685    32.3939    32.4088  1026.2332    26.0435    275.875    262.939  365.26989     75.526     0.1001     0.2527     1.4906 1.0000e-12       5349          3  0.000e+00
     38.939   71.21830 -164.24704     39.344    -1.0684    -1.0704    -1.0693    32.3943    32.4090  1026.2333    26.0438    275.827    262.929  365.27609     75.512     0.1001     0.2527     1.4891 1.0000e-12       5350          3  0.000e+00
     38.985   71.21830 -164.24704     39.391    -1.0686    -1.0702    -1.0695    32.3948    32.4087  1026.2339    26.0442    276.079    262.892  365.27634     75.581     0.1013     0.2601     1.4891 8.4714e-06       5351          3  0.000e+00
     38.993   71.21830 -164.24704     39.398    -1.0692    -1.0704    -1.0700    32.3950    32.4088  1026.2342    26.0444    276.126    262.856  365.28127     75.593     0.1001     0.2527     1.4891 1.0000e-12       5352          3  0.000e+00
     38.993   71.21830 -164.24704     39.398    -1.0697    -1.0702    -1.0705    32.3957    32.4086  1026.2347    26.0450    276.169    262.850  365.28433     75.604     0.1001     0.2527     1.4967 8.4714e-06       5353          3  0.000e+00
     38.993   71.21830 -164.24704     39.398    -1.0700    -1.0704    -1.0708    32.3959    32.4088  1026.2349    26.0452    275.954    262.847  365.28660     75.545     0.1001     0.2527     1.5269 1.0000e-12       5354          3  0.000e+00
     38.931   71.21830 -164.24704     39.336    -1.0698    -1.0704    -1.0707    32.3959    32.4088  1026.2346    26.0451    275.941    262.843  365.28549     75.541     0.1001     0.2527     1.5391 1.0000e-12       5355          3  0.000e+00
