EcoFOCI/data/1_SampleCollection/2023_SikuliaqDBO_CruiseData/CTD_raw_BottleFile_SKQ23-12S/proc/skq202312s_060svp.cnv
* Sea-Bird SBE 9 Data File:
* FileName = D:\CTD\SKQ202312S\SKQ202312S_060.hex
* Software Version Seasave V 7.26.7.121
* Temperature SN = 6177
* Conductivity SN = 0369
* Number of Bytes Per Scan = 41
* Number of Voltage Words = 4
* Number of Scans Averaged by the Deck Unit = 1
* NMEA Latitude = 71 36.06 N
* NMEA Longitude = 165 18.28 W
* NMEA UTC (Time) = Sep 27 2023  22:11:30
* NMEA baud rate = 4800
** Ship: R/V Sikuliaq
** Station Number: 060
** Station Name: IC3
** Bottom Depth: 42
** Operator: SD
# nquan = 7
# nvalues = 6164                                  
# units = specified
# name 0 = depSM: Depth [salt water, m]
# name 1 = latitude: Latitude [deg]
# name 2 = longitude: Longitude [deg]
# name 3 = t090C: Temperature [ITS-90, deg C]
# name 4 = sal00: Salinity, Practical [PSU]
# name 5 = svCM: Sound Velocity [Chen-Millero, m/s]
# name 6 = flag:  0.000e+00
# span 0 =      1.992,     36.973                 
# span 1 =   71.60090,   71.60090                 
# span 2 = -165.30478, -165.30476                 
# span 3 =    -1.0353,     3.2514                 
# span 4 =    30.3820,    32.5335                 
# span 5 =    1441.49,    1458.35                 
# span 6 = 0.0000e+00, 0.0000e+00                 
# interval = seconds: 0.0416667
# start_time = Sep 27 2023 22:14:51 [NMEA time, first data scan]
# bad_flag = -9.990e-29
*END*
[from data line 4718]
     36.856   71.60090 -165.30478    -1.0258    32.4883    1441.58  0.000e+00
     36.856   71.60090 -165.30478    -1.0263    32.4893    1441.58  0.000e+00
     36.848   71.60090 -165.30478    -1.0269    32.4902    1441.58  0.000e+00
     36.802   71.60090 -165.30478    -1.0267    32.4900    1441.58  0.000e+00
     36.856   71.60090 -165.30478    -1.0262    32.4896    1441.58  0.000e+00
     36.848   71.60090 -165.30478    -1.0258    32.4890    1441.58  0.000e+00
     36.802   71.60090 -165.30478    -1.0258    32.4892    1441.58  0.000e+00
     36.856   71.60090 -165.30478    -1.0253    32.4887    1441.58  0.000e+00
     36.787   71.60090 -165.30478    -1.0247    32.4881    1441.59  0.000e+00
     36.856   71.60090 -165.30478    -1.0246    32.4886    1441.59  0.000e+00
     36.802   71.60090 -165.30478    -1.0248    32.4893    1441.59  0.000e+00
     36.856   71.60090 -165.30478    -1.0252    32.4898    1441.59  0.000e+00
     36.848   71.60090 -165.30478    -1.0257    32.4903    1441.58  0.000e+00
     36.802   71.60090 -165.30478    -1.0261    32.4909    1441.58  0.000e+00
     36.802   71.60090 -165.30478    -1.0261    32.4908    1441.58  0.000e+00
     36.848   71.60090 -165.30478    -1.0261    32.4905    1441.58  0.000e+00
     36.802   71.60090 -165.30478    -1.0267    32.4911    1441.58  0.000e+00
     36.802   71.60090 -165.30478    -1.0269    32.4911    1441.58  0.000e+00
     36.848   71.60090 -165.30478    -1.0275    32.4917    1441.58  0.000e+00
     36.802   71.60090 -165.30478    -1.0278    32.4918    1441.58  0.000e+00
     36.802   71.60090 -165.30478    -1.0281    32.4916    1441.57  0.000e+00
     36.786   71.60090 -165.30478    -1.0283    32.4914    1441.57  0.000e+00
     36.856   71.60090 -165.30478    -1.0287    32.4918    1441.57  0.000e+00
     36.802   71.60090 -165.30478    -1.0283    32.4912    1441.57  0.000e+00
     36.802   71.60090 -165.30478    -1.0286    32.4918    1441.57  0.000e+00
     36.786   71.60090 -165.30478    -1.0281    32.4919    1441.57  0.000e+00
     36.802   71.60090 -165.30478    -1.0273    32.4912    1441.58  0.000e+00
     36.802   71.60090 -165.30478    -1.0257    32.4900    1441.58  0.000e+00
     36.848   71.60090 -165.30478    -1.0242    32.4886    1441.59  0.000e+00
     36.740   71.60090 -165.30478    -1.0223    32.4872    1441.59  0.000e+00
     36.802   71.60090 -165.30478    -1.0208    32.4860    1441.60  0.000e+00
     36.786   71.60090 -165.30478    -1.0199    32.4849    1441.60  0.000e+00
     36.802   71.60090 -165.30478    -1.0190    32.4837    1441.61  0.000e+00
     36.802   71.60090 -165.30478    -1.0179    32.4831    1441.61  0.000e+00
     36.786   71.60090 -165.30478    -1.0170    32.4819    1441.61  0.000e+00
     36.740   71.60090 -165.30478    -1.0159    32.4806    1441.62  0.000e+00
     36.802   71.60090 -165.30478    -1.0147    32.4793    1441.62  0.000e+00
     36.802   71.60090 -165.30478    -1.0142    32.4788    1441.62  0.000e+00
     36.786   71.60090 -165.30478    -1.0139    32.4790    1441.62  0.000e+00
     36.740   71.60090 -165.30478    -1.0133    32.4782    1441.63  0.000e+00
     36.802   71.60090 -165.30478    -1.0131    32.4781    1441.63  0.000e+00
     36.786   71.60090 -165.30478    -1.0130    32.4780    1441.63  0.000e+00
     36.740   71.60090 -165.30478    -1.0134    32.4779    1441.62  0.000e+00
     36.802   71.60090 -165.30478    -1.0142    32.4785    1441.62  0.000e+00
     36.786   71.60090 -165.30478    -1.0159    32.4798    1441.62  0.000e+00
     36.740   71.60090 -165.30478    -1.0174    32.4810    1441.61  0.000e+00
     36.802   71.60090 -165.30478    -1.0187    32.4824    1441.61  0.000e+00
     36.786   71.60090 -165.30478    -1.0193    32.4831    1441.60  0.000e+00
     36.740   71.60090 -165.30478    -1.0188    32.4826    1441.60  0.000e+00
     36.802   71.60090 -165.30478    -1.0181    32.4824    1441.61  0.000e+00
     36.786   71.60090 -165.30478    -1.0171    32.4812    1441.61  0.000e+00
     36.740   71.60090 -165.30478    -1.0161    32.4801    1441.61  0.000e+00
     36.802   71.60090 -165.30478    -1.0150    32.4788    1441.62  0.000e+00
     36.740   71.60090 -165.30478    -1.0142    32.4774    1441.62  0.000e+00
     36.786   71.60090 -165.30478    -1.0139    32.4767    1441.62  0.000e+00
     36.802   71.60090 -165.30478    -1.0134    32.4757    1441.62  0.000e+00
     36.802   71.60090 -165.30478    -1.0134    32.4756    1441.62  0.000e+00
     36.786   71.60090 -165.30478    -1.0131    32.4753    1441.62  0.000e+00
     36.740   71.60090 -165.30478    -1.0130    32.4751    1441.62  0.000e+00
     36.802   71.60090 -165.30478    -1.0131    32.4755    1441.62  0.000e+00
     36.786   71.60090 -165.30478    -1.0136    32.4758    1441.62  0.000e+00
     36.802   71.60090 -165.30478    -1.0141    32.4765    1441.62  0.000e+00
     36.740   71.60090 -165.30478    -1.0147    32.4767    1441.62  0.000e+00
     36.786   71.60090 -165.30478    -1.0156    32.4774    1441.61  0.000e+00
     36.802   71.60090 -165.30478    -1.0162    32.4780    1441.61  0.000e+00
     36.802   71.60090 -165.30478    -1.0171    32.4788    1441.61  0.000e+00
     36.802   71.60090 -165.30478    -1.0176    32.4795    1441.61  0.000e+00
     36.786   71.60090 -165.30478    -1.0182    32.4796    1441.60  0.000e+00
     36.802   71.60090 -165.30478    -1.0193    32.4800    1441.60  0.000e+00
     36.802   71.60090 -165.30478    -1.0197    32.4806    1441.60  0.000e+00
     36.786   71.60090 -165.30478    -1.0197    32.4804    1441.60  0.000e+00
     36.802   71.60090 -165.30478    -1.0199    32.4808    1441.60  0.000e+00
     36.802   71.60090 -165.30478    -1.0202    32.4816    1441.60  0.000e+00
     36.848   71.60090 -165.30478    -1.0200    32.4817    1441.60  0.000e+00
     36.802   71.60090 -165.30478    -1.0199    32.4815    1441.60  0.000e+00
     36.802   71.60090 -165.30478    -1.0197    32.4812    1441.60  0.000e+00
     36.786   71.60090 -165.30478    -1.0195    32.4813    1441.60  0.000e+00
     36.802   71.60090 -165.30478    -1.0197    32.4815    1441.60  0.000e+00
     36.856   71.60090 -165.30478    -1.0195    32.4815    1441.60  0.000e+00
     36.802   71.60090 -165.30478    -1.0195    32.4816    1441.60  0.000e+00
     36.786   71.60090 -165.30478    -1.0197    32.4822    1441.60  0.000e+00
     36.856   71.60090 -165.30478    -1.0195    32.4824    1441.60  0.000e+00
     36.802   71.60090 -165.30478    -1.0193    32.4824    1441.60  0.000e+00
     36.848   71.60090 -165.30478    -1.0199    32.4829    1441.60  0.000e+00
     36.802   71.60090 -165.30478    -1.0201    32.4833    1441.60  0.000e+00
     36.856   71.60090 -165.30478    -1.0194    32.4829    1441.60  0.000e+00
     36.786   71.60090 -165.30478    -1.0182    32.4816    1441.61  0.000e+00
     36.856   71.60090 -165.30478    -1.0167    32.4802    1441.61  0.000e+00
     36.802   71.60090 -165.30478    -1.0156    32.4787    1441.62  0.000e+00
     36.848   71.60090 -165.30478    -1.0154    32.4781    1441.62  0.000e+00
     36.855   71.60090 -165.30478    -1.0157    32.4781    1441.62  0.000e+00
     36.855   71.60090 -165.30478    -1.0162    32.4780    1441.61  0.000e+00
     36.732   71.60090 -165.30478    -1.0167    32.4785    1441.61  0.000e+00
     36.909   71.60090 -165.30478    -1.0173    32.4789    1441.61  0.000e+00
     36.855   71.60090 -165.30478    -1.0174    32.4784    1441.61  0.000e+00
     36.855   71.60090 -165.30478    -1.0177    32.4782    1441.61  0.000e+00
     36.786   71.60090 -165.30478    -1.0174    32.4777    1441.61  0.000e+00
     36.855   71.60090 -165.30478    -1.0173    32.4778    1441.61  0.000e+00
     36.855   71.60090 -165.30478    -1.0173    32.4773    1441.61  0.000e+00
     36.848   71.60090 -165.30478    -1.0177    32.4772    1441.60  0.000e+00
     36.855   71.60090 -165.30478    -1.0185    32.4770    1441.60  0.000e+00
     36.855   71.60090 -165.30478    -1.0193    32.4767    1441.60  0.000e+00
     36.848   71.60090 -165.30478    -1.0195    32.4765    1441.59  0.000e+00
     36.855   71.60090 -165.30478    -1.0199    32.4768    1441.59  0.000e+00
     36.855   71.60090 -165.30478    -1.0202    32.4765    1441.59  0.000e+00
     36.848   71.60090 -165.30478    -1.0209    32.4764    1441.59  0.000e+00
     36.801   71.60090 -165.30478    -1.0215    32.4764    1441.58  0.000e+00
     36.855   71.60090 -165.30478    -1.0227    32.4770    1441.58  0.000e+00
     36.855   71.60090 -165.30478    -1.0234    32.4772    1441.58  0.000e+00
     36.902   71.60090 -165.30478    -1.0246    32.4780    1441.57  0.000e+00
     36.801   71.60090 -165.30478    -1.0259    32.4793    1441.57  0.000e+00
     36.855   71.60090 -165.30478    -1.0269    32.4799    1441.56  0.000e+00
     36.902   71.60090 -165.30478    -1.0274    32.4800    1441.56  0.000e+00
     36.855   71.60090 -165.30478    -1.0277    32.4803    1441.56  0.000e+00
     36.801   71.60090 -165.30478    -1.0282    32.4807    1441.56  0.000e+00
     36.902   71.60090 -165.30478    -1.0287    32.4811    1441.56  0.000e+00
     36.855   71.60090 -165.30478    -1.0294    32.4818    1441.56  0.000e+00
     36.855   71.60090 -165.30478    -1.0299    32.4821    1441.55  0.000e+00
     36.848   71.60090 -165.30478    -1.0299    32.4826    1441.55  0.000e+00
     36.855   71.60090 -165.30478    -1.0303    32.4825    1441.55  0.000e+00
     36.855   71.60090 -165.30478    -1.0305    32.4823    1441.55  0.000e+00
     36.855   71.60090 -165.30478    -1.0309    32.4826    1441.55  0.000e+00
     36.848   71.60090 -165.30478    -1.0307    32.4827    1441.55  0.000e+00
     36.855   71.60090 -165.30478    -1.0310    32.4826    1441.55  0.000e+00
     36.855   71.60090 -165.30478    -1.0310    32.4827    1441.55  0.000e+00
     36.847   71.60090 -165.30478    -1.0309    32.4824    1441.55  0.000e+00
     36.855   71.60090 -165.30478    -1.0309    32.4820    1441.55  0.000e+00
     36.801   71.60090 -165.30478    -1.0309    32.4820    1441.55  0.000e+00
     36.847   71.60090 -165.30478    -1.0312    32.4826    1441.55  0.000e+00
     36.855   71.60090 -165.30478    -1.0311    32.4824    1441.55  0.000e+00
     36.855   71.60090 -165.30478    -1.0310    32.4824    1441.55  0.000e+00
     36.847   71.60090 -165.30478    -1.0310    32.4827    1441.55  0.000e+00
     36.855   71.60090 -165.30478    -1.0311    32.4829    1441.55  0.000e+00
     36.855   71.60090 -165.30478    -1.0313    32.4826    1441.55  0.000e+00
     36.855   71.60090 -165.30478    -1.0312    32.4830    1441.55  0.000e+00
     36.847   71.60090 -165.30478    -1.0314    32.4831    1441.55  0.000e+00
     36.855   71.60090 -165.30478    -1.0318    32.4841    1441.55  0.000e+00
     36.801   71.60090 -165.30478    -1.0315    32.4844    1441.55  0.000e+00
     36.847   71.60090 -165.30478    -1.0314    32.4841    1441.55  0.000e+00
     36.855   71.60090 -165.30478    -1.0307    32.4840    1441.55  0.000e+00
     36.855   71.60090 -165.30478    -1.0298    32.4836    1441.56  0.000e+00
     36.786   71.60090 -165.30478    -1.0291    32.4831    1441.56  0.000e+00
     36.909   71.60090 -165.30478    -1.0287    32.4823    1441.56  0.000e+00
     36.801   71.60090 -165.30478    -1.0290    32.4822    1441.56  0.000e+00
     36.847   71.60090 -165.30478    -1.0291    32.4824    1441.56  0.000e+00
     36.855   71.60090 -165.30478    -1.0294    32.4825    1441.56  0.000e+00
     36.801   71.60090 -165.30478    -1.0294    32.4833    1441.56  0.000e+00
     36.855   71.60090 -165.30478    -1.0291    32.4834    1441.56  0.000e+00
     36.847   71.60090 -165.30478    -1.0279    32.4818    1441.56  0.000e+00
     36.855   71.60090 -165.30478    -1.0275    32.4817    1441.56  0.000e+00
     36.801   71.60090 -165.30478    -1.0270    32.4817    1441.57  0.000e+00
     36.847   71.60090 -165.30478    -1.0272    32.4816    1441.57  0.000e+00
     36.855   71.60090 -165.30478    -1.0275    32.4825    1441.57  0.000e+00
     36.855   71.60090 -165.30478    -1.0278    32.4828    1441.56  0.000e+00
     36.786   71.60090 -165.30478    -1.0281    32.4833    1441.56  0.000e+00
     36.855   71.60090 -165.30478    -1.0277    32.4829    1441.57  0.000e+00
     36.801   71.60090 -165.30478    -1.0283    32.4841    1441.56  0.000e+00
     36.847   71.60090 -165.30478    -1.0289    32.4850    1441.56  0.000e+00
     36.855   71.60090 -165.30478    -1.0290    32.4854    1441.56  0.000e+00
     36.855   71.60090 -165.30478    -1.0289    32.4856    1441.56  0.000e+00
     36.801   71.60090 -165.30478    -1.0281    32.4850    1441.57  0.000e+00
     36.847   71.60090 -165.30478    -1.0278    32.4846    1441.57  0.000e+00
     36.855   71.60090 -165.30478    -1.0273    32.4835    1441.57  0.000e+00
     36.801   71.60090 -165.30478    -1.0265    32.4825    1441.57  0.000e+00
     36.847   71.60090 -165.30478    -1.0251    32.4805    1441.57  0.000e+00
     36.855   71.60090 -165.30478    -1.0234    32.4786    1441.58  0.000e+00
     36.801   71.60090 -165.30478    -1.0222    32.4771    1441.58  0.000e+00
     36.847   71.60090 -165.30478    -1.0214    32.4763    1441.59  0.000e+00
     36.801   71.60090 -165.30478    -1.0209    32.4761    1441.59  0.000e+00
     36.855   71.60090 -165.30478    -1.0214    32.4765    1441.59  0.000e+00
     36.847   71.60090 -165.30478    -1.0222    32.4779    1441.58  0.000e+00
     36.801   71.60090 -165.30478    -1.0223    32.4781    1441.58  0.000e+00
     36.855   71.60090 -165.30478    -1.0223    32.4784    1441.58  0.000e+00
     36.855   71.60090 -165.30478    -1.0228    32.4791    1441.58  0.000e+00
     36.785   71.60090 -165.30478    -1.0234    32.4799    1441.58  0.000e+00
     36.855   71.60090 -165.30478    -1.0242    32.4813    1441.58  0.000e+00
     36.801   71.60090 -165.30478    -1.0247    32.4816    1441.58  0.000e+00
     36.847   71.60090 -165.30478    -1.0254    32.4823    1441.58  0.000e+00
     36.801   71.60090 -165.30478    -1.0257    32.4832    1441.57  0.000e+00
     36.855   71.60090 -165.30478    -1.0258    32.4835    1441.57  0.000e+00
     36.847   71.60090 -165.30478    -1.0255    32.4834    1441.58  0.000e+00
     36.801   71.60090 -165.30478    -1.0254    32.4837    1441.58  0.000e+00
     36.855   71.60090 -165.30478    -1.0251    32.4832    1441.58  0.000e+00
     36.785   71.60090 -165.30478    -1.0255    32.4844    1441.58  0.000e+00
     36.855   71.60090 -165.30478    -1.0257    32.4850    1441.58  0.000e+00
     36.801   71.60090 -165.30478    -1.0259    32.4853    1441.58  0.000e+00
     36.847   71.60090 -165.30478    -1.0261    32.4853    1441.58  0.000e+00
     36.801   71.60090 -165.30478    -1.0261    32.4861    1441.58  0.000e+00
     36.855   71.60090 -165.30478    -1.0263    32.4871    1441.58  0.000e+00
     36.801   71.60090 -165.30478    -1.0260    32.4875    1441.58  0.000e+00
     36.847   71.60090 -165.30478    -1.0257    32.4871    1441.58  0.000e+00
     36.801   71.60090 -165.30478    -1.0248    32.4868    1441.58  0.000e+00
     36.855   71.60090 -165.30478    -1.0238    32.4860    1441.59  0.000e+00
     36.785   71.60090 -165.30478    -1.0229    32.4859    1441.59  0.000e+00
     36.855   71.60090 -165.30478    -1.0223    32.4851    1441.59  0.000e+00
     36.801   71.60090 -165.30478    -1.0217    32.4849    1441.60  0.000e+00
     36.847   71.60090 -165.30478    -1.0211    32.4845    1441.60  0.000e+00
     36.801   71.60090 -165.30478    -1.0199    32.4836    1441.60  0.000e+00
     36.801   71.60090 -165.30478    -1.0190    32.4821    1441.60  0.000e+00
     36.847   71.60090 -165.30478    -1.0183    32.4820    1441.61  0.000e+00
     36.801   71.60090 -165.30478    -1.0177    32.4817    1441.61  0.000e+00
     36.801   71.60090 -165.30478    -1.0173    32.4812    1441.61  0.000e+00
     36.855   71.60090 -165.30478    -1.0174    32.4817    1441.61  0.000e+00
     36.785   71.60090 -165.30478    -1.0176    32.4819    1441.61  0.000e+00
     36.801   71.60090 -165.30478    -1.0179    32.4828    1441.61  0.000e+00
