EcoFOCI/data/1_SampleCollection/2023_SikuliaqDBO_CruiseData/CTD_raw_BottleFile_SKQ23-12S/proc/skq202312s_005svpavg.cnv
* Sea-Bird SBE 9 Data File:
* FileName = D:\CTD\SKQ202312S\SKQ202312S_005.hex
* Software Version Seasave V 7.26.7.121
* Temperature SN = 6177
* Conductivity SN = 0369
* Number of Bytes Per Scan = 41
* Number of Voltage Words = 4
* Number of Scans Averaged by the Deck Unit = 1
* NMEA Latitude = 62 23.39 N
* NMEA Longitude = 174 34.17 W
* NMEA UTC (Time) = Sep 15 2023  22:10:54
* NMEA baud rate = 4800
** Ship: R/V Sikuliaq
** Station Number: 005
** Station Name: DBO1.4
** Bottom Depth: 70
** Operator: SD
# nquan = 7
# nvalues = 65                          
# units = specified
# name 0 = depSM: Depth [salt water, m]
# name 1 = latitude: Latitude [deg]
# name 2 = longitude: Longitude [deg]
# name 3 = t090C: Temperature [ITS-90, deg C]
# name 4 = sal00: Salinity, Practical [PSU]
# name 5 = svCM: Sound Velocity [Chen-Millero, m/s]
# name 6 = flag: flag
# span 0 =      2.000,     66.000       
# span 1 =   62.38977,   62.38978       
# span 2 = -174.56961, -174.56958       
# span 3 =    -1.5348,     7.8424       
# span 4 =    30.9795,    31.8996       
# span 5 =    1438.35,    1476.99       
# span 6 = 0.0000e+00, 0.0000e+00       
# interval = meters: 1                  
# start_time = Sep 15 2023 22:14:11 [NMEA time, first data scan]
# bad_flag = -9.990e-29
*END*
      2.000   62.38978 -174.56958     7.8424    30.9797    1476.93 0.0000e+00
      3.000   62.38978 -174.56959     7.8291    30.9795    1476.89 0.0000e+00
      4.000   62.38978 -174.56959     7.8081    30.9795    1476.83 0.0000e+00
      5.000   62.38978 -174.56959     7.7902    30.9801    1476.78 0.0000e+00
      6.000   62.38978 -174.56960     7.7776    30.9806    1476.74 0.0000e+00
      7.000   62.38978 -174.56959     7.7777    30.9810    1476.76 0.0000e+00
      8.000   62.38978 -174.56959     7.7821    31.0027    1476.82 0.0000e+00
      9.000   62.38978 -174.56960     7.7868    31.0151    1476.87 0.0000e+00
     10.000   62.38978 -174.56960     7.7862    31.0171    1476.89 0.0000e+00
     11.000   62.38978 -174.56960     7.7900    31.0240    1476.93 0.0000e+00
     12.000   62.38978 -174.56960     7.7869    31.0221    1476.93 0.0000e+00
     13.000   62.38978 -174.56960     7.7864    31.0313    1476.96 0.0000e+00
     14.000   62.38978 -174.56960     7.7864    31.0438    1476.99 0.0000e+00
     15.000   62.38978 -174.56960     7.7789    31.0551    1476.99 0.0000e+00
     16.000   62.38978 -174.56960     7.7592    31.0914    1476.98 0.0000e+00
     17.000   62.38978 -174.56960     7.7514    31.0960    1476.97 0.0000e+00
     18.000   62.38978 -174.56960     7.7425    31.0999    1476.96 0.0000e+00
     19.000   62.38978 -174.56960     7.7440    31.1039    1476.98 0.0000e+00
     20.000   62.38978 -174.56960     7.7384    31.1066    1476.98 0.0000e+00
     21.000   62.38978 -174.56960     7.7245    31.1107    1476.95 0.0000e+00
     22.000   62.38978 -174.56960     7.7179    31.1150    1476.95 0.0000e+00
     23.000   62.38978 -174.56960     7.7203    31.1232    1476.98 0.0000e+00
     24.000   62.38978 -174.56960     7.0410    31.1512    1474.39 0.0000e+00
     25.000   62.38978 -174.56960     4.2276    31.3279    1463.21 0.0000e+00
     26.000   62.38978 -174.56960     0.9212    31.6440    1449.30 0.0000e+00
     27.000   62.38978 -174.56960     0.0924    31.7077    1445.60 0.0000e+00
     28.000   62.38978 -174.56960    -0.4683    31.7250    1443.03 0.0000e+00
     29.000   62.38978 -174.56960    -0.9080    31.7443    1441.01 0.0000e+00
     30.000   62.38978 -174.56960    -0.9260    31.7592    1440.96 0.0000e+00
     31.000   62.38978 -174.56960    -1.0611    31.7662    1440.34 0.0000e+00
     32.000   62.38978 -174.56960    -1.1509    31.7732    1439.94 0.0000e+00
     33.000   62.38978 -174.56960    -1.2264    31.7864    1439.62 0.0000e+00
     34.000   62.38978 -174.56960    -1.3361    31.8058    1439.13 0.0000e+00
     35.000   62.38978 -174.56960    -1.4190    31.8240    1438.78 0.0000e+00
     36.000   62.38978 -174.56960    -1.5203    31.8719    1438.37 0.0000e+00
     37.000   62.38978 -174.56960    -1.5293    31.8764    1438.35 0.0000e+00
     38.000   62.38978 -174.56960    -1.5332    31.8756    1438.35 0.0000e+00
     39.000   62.38978 -174.56960    -1.5333    31.8759    1438.37 0.0000e+00
     40.000   62.38978 -174.56960    -1.5345    31.8855    1438.39 0.0000e+00
     41.000   62.38978 -174.56960    -1.5348    31.8866    1438.41 0.0000e+00
     42.000   62.38978 -174.56960    -1.5342    31.8855    1438.42 0.0000e+00
     43.000   62.38977 -174.56960    -1.5341    31.8845    1438.44 0.0000e+00
     44.000   62.38978 -174.56960    -1.5337    31.8850    1438.46 0.0000e+00
     45.000   62.38978 -174.56960    -1.5331    31.8842    1438.48 0.0000e+00
     46.000   62.38978 -174.56960    -1.5336    31.8832    1438.49 0.0000e+00
     47.000   62.38978 -174.56960    -1.5330    31.8826    1438.51 0.0000e+00
     48.000   62.38978 -174.56960    -1.5334    31.8819    1438.52 0.0000e+00
     49.000   62.38978 -174.56960    -1.5345    31.8815    1438.53 0.0000e+00
     50.000   62.38978 -174.56960    -1.5346    31.8809    1438.55 0.0000e+00
     51.000   62.38978 -174.56960    -1.5345    31.8802    1438.56 0.0000e+00
     52.000   62.38978 -174.56960    -1.5345    31.8800    1438.58 0.0000e+00
     53.000   62.38978 -174.56959    -1.5344    31.8808    1438.60 0.0000e+00
     54.000   62.38978 -174.56958    -1.5336    31.8835    1438.62 0.0000e+00
     55.000   62.38978 -174.56961    -1.5313    31.8813    1438.64 0.0000e+00
     56.000   62.38978 -174.56958    -1.5333    31.8835    1438.65 0.0000e+00
     57.000   62.38978 -174.56959    -1.5332    31.8841    1438.67 0.0000e+00
     58.000   62.38978 -174.56959    -1.5331    31.8859    1438.69 0.0000e+00
     59.000   62.38978 -174.56958    -1.5332    31.8874    1438.71 0.0000e+00
     60.000   62.38978 -174.56958    -1.5308    31.8875    1438.74 0.0000e+00
     61.000   62.38978 -174.56959    -1.5274    31.8947    1438.78 0.0000e+00
     62.000   62.38978 -174.56960    -1.5264    31.8974    1438.80 0.0000e+00
     63.000   62.38977 -174.56960    -1.5254    31.8976    1438.82 0.0000e+00
     64.000   62.38978 -174.56960    -1.5254    31.8987    1438.84 0.0000e+00
     65.000   62.38978 -174.56960    -1.5249    31.8984    1438.86 0.0000e+00
     66.000   62.38978 -174.56959    -1.5250    31.8996    1438.88 0.0000e+00
