EcoFOCI/data/1_SampleCollection/2023_SikuliaqDBO_CruiseData/CTD_raw_BottleFile_SKQ23-12S/proc/skq202312s_063svp.cnv
* Sea-Bird SBE 9 Data File:
* FileName = D:\CTD\SKQ202312S\SKQ202312S_063.hex
* Software Version Seasave V 7.26.7.121
* Temperature SN = 6177
* Conductivity SN = 0369
* Number of Bytes Per Scan = 41
* Number of Voltage Words = 4
* Number of Scans Averaged by the Deck Unit = 1
* NMEA Latitude = 71 49.84 N
* NMEA Longitude = 165 58.06 W
* NMEA UTC (Time) = Sep 28 2023  06:16:57
* NMEA baud rate = 4800
** Ship: R/V Sikuliaq
** Station Number: 063
** Station Name: IC1
** Bottom Depth: 44
** Operator: SD
# nquan = 7
# nvalues = 4818                                  
# units = specified
# name 0 = depSM: Depth [salt water, m]
# name 1 = latitude: Latitude [deg]
# name 2 = longitude: Longitude [deg]
# name 3 = t090C: Temperature [ITS-90, deg C]
# name 4 = sal00: Salinity, Practical [PSU]
# name 5 = svCM: Sound Velocity [Chen-Millero, m/s]
# name 6 = flag:  0.000e+00
# span 0 =      2.371,     39.010                 
# span 1 =   71.83034,   71.83050                 
# span 2 = -165.96708, -165.96666                 
# span 3 =    -0.7761,     3.7917                 
# span 4 =    30.1534,    32.4386                 
# span 5 =    1442.60,    1461.89                 
# span 6 = 0.0000e+00, 0.0000e+00                 
# interval = seconds: 0.0416667
# start_time = Sep 28 2023 06:20:37 [NMEA time, first data scan]
# bad_flag = -9.990e-29
*END*
[from data line 2462]
     25.399   71.83040 -165.96688     0.6313    32.2284    1448.74  0.000e+00
     25.376   71.83040 -165.96688     0.6239    32.2262    1448.71  0.000e+00
     25.453   71.83040 -165.96688     0.6162    32.2260    1448.67  0.000e+00
     25.492   71.83040 -165.96688     0.6081    32.2253    1448.63  0.000e+00
     25.453   71.83040 -165.96688     0.5999    32.2253    1448.60  0.000e+00
     25.492   71.83040 -165.96688     0.5915    32.2260    1448.56  0.000e+00
     25.492   71.83040 -165.96688     0.5819    32.2272    1448.52  0.000e+00
     25.569   71.83040 -165.96688     0.5729    32.2268    1448.48  0.000e+00
     25.492   71.83040 -165.96688     0.5633    32.2299    1448.44  0.000e+00
     25.569   71.83040 -165.96688     0.5547    32.2318    1448.40  0.000e+00
     25.607   71.83040 -165.96688     0.5472    32.2308    1448.37  0.000e+00
     25.569   71.83040 -165.96688     0.5383    32.2335    1448.33  0.000e+00
     25.607   71.83040 -165.96688     0.5286    32.2378    1448.29  0.000e+00
     25.623   71.83040 -165.96688     0.5199    32.2405    1448.25  0.000e+00
     25.661   71.83040 -165.96688     0.5123    32.2414    1448.22  0.000e+00
     25.684   71.83040 -165.96688     0.5058    32.2402    1448.19  0.000e+00
     25.661   71.83040 -165.96688     0.4990    32.2414    1448.16  0.000e+00
     25.723   71.83040 -165.96688     0.4922    32.2408    1448.13  0.000e+00
     25.738   71.83040 -165.96688     0.4850    32.2416    1448.10  0.000e+00
     25.777   71.83040 -165.96688     0.4780    32.2432    1448.07  0.000e+00
     25.738   71.83040 -165.96688     0.4716    32.2430    1448.04  0.000e+00
     25.777   71.83040 -165.96688     0.4645    32.2440    1448.01  0.000e+00
     25.800   71.83040 -165.96688     0.4578    32.2451    1447.98  0.000e+00
     25.838   71.83040 -165.96688     0.4510    32.2466    1447.95  0.000e+00
     25.854   71.83040 -165.96688     0.4444    32.2473    1447.92  0.000e+00
     25.838   71.83040 -165.96688     0.4373    32.2473    1447.89  0.000e+00
     25.908   71.83040 -165.96688     0.4294    32.2484    1447.86  0.000e+00
     25.892   71.83040 -165.96688     0.4217    32.2499    1447.82  0.000e+00
     25.946   71.83040 -165.96688     0.4141    32.2512    1447.79  0.000e+00
     25.969   71.83040 -165.96688     0.4060    32.2529    1447.76  0.000e+00
     25.946   71.83040 -165.96688     0.3981    32.2535    1447.72  0.000e+00
     25.969   71.83040 -165.96688     0.3904    32.2538    1447.69  0.000e+00
     26.008   71.83040 -165.96688     0.3829    32.2543    1447.65  0.000e+00
     26.085   71.83040 -165.96688     0.3754    32.2539    1447.62  0.000e+00
     26.062   71.83040 -165.96688     0.3680    32.2544    1447.59  0.000e+00
     26.085   71.83040 -165.96688     0.3603    32.2556    1447.55  0.000e+00
     26.062   71.83040 -165.96688     0.3524    32.2551    1447.51  0.000e+00
     26.139   71.83040 -165.96688     0.3447    32.2554    1447.48  0.000e+00
     26.124   71.83040 -165.96688     0.3375    32.2548    1447.45  0.000e+00
     26.193   71.83040 -165.96688     0.3292    32.2555    1447.41  0.000e+00
     26.178   71.83040 -165.96688     0.3205    32.2556    1447.37  0.000e+00
     26.255   71.83040 -165.96688     0.3114    32.2570    1447.33  0.000e+00
     26.239   71.83040 -165.96688     0.3030    32.2577    1447.29  0.000e+00
     26.293   71.83040 -165.96688     0.2956    32.2582    1447.26  0.000e+00
     26.255   71.83040 -165.96688     0.2880    32.2591    1447.23  0.000e+00
     26.347   71.83040 -165.96688     0.2813    32.2582    1447.20  0.000e+00
     26.309   71.83040 -165.96688     0.2740    32.2592    1447.16  0.000e+00
     26.409   71.83040 -165.96688     0.2667    32.2614    1447.14  0.000e+00
     26.309   71.83040 -165.96688     0.2599    32.2629    1447.10  0.000e+00
     26.463   71.83040 -165.96688     0.2534    32.2635    1447.08  0.000e+00
     26.424   71.83040 -165.96688     0.2479    32.2655    1447.05  0.000e+00
     26.463   71.83040 -165.96688     0.2428    32.2660    1447.03  0.000e+00
     26.486   71.83040 -165.96688     0.2380    32.2656    1447.01  0.000e+00
     26.524   71.83040 -165.96688     0.2324    32.2666    1446.99  0.000e+00
     26.540   71.83040 -165.96688     0.2273    32.2669    1446.96  0.000e+00
     26.578   71.83040 -165.96688     0.2223    32.2670    1446.94  0.000e+00
     26.594   71.83040 -165.96688     0.2170    32.2683    1446.92  0.000e+00
     26.640   71.83040 -165.96688     0.2119    32.2700    1446.90  0.000e+00
     26.656   71.83040 -165.96688     0.2073    32.2719    1446.88  0.000e+00
     26.694   71.83040 -165.96688     0.2039    32.2739    1446.87  0.000e+00
     26.694   71.83040 -165.96688     0.2014    32.2747    1446.86  0.000e+00
     26.710   71.83040 -165.96688     0.1991    32.2757    1446.85  0.000e+00
     26.810   71.83040 -165.96688     0.1974    32.2759    1446.84  0.000e+00
     26.771   71.83040 -165.96688     0.1959    32.2763    1446.84  0.000e+00
     26.864   71.83040 -165.96688     0.1946    32.2764    1446.83  0.000e+00
     26.825   71.83040 -165.96688     0.1934    32.2768    1446.83  0.000e+00
     26.864   71.83040 -165.96688     0.1928    32.2765    1446.82  0.000e+00
     26.887   71.83040 -165.96688     0.1916    32.2770    1446.82  0.000e+00
     26.925   71.83040 -165.96688     0.1914    32.2761    1446.82  0.000e+00
     26.941   71.83040 -165.96688     0.1906    32.2754    1446.81  0.000e+00
     26.979   71.83040 -165.96688     0.1892    32.2738    1446.81  0.000e+00
     26.995   71.83040 -165.96688     0.1866    32.2694    1446.79  0.000e+00
     27.095   71.83040 -165.96688     0.1812    32.2622    1446.75  0.000e+00
     27.056   71.83040 -165.96688     0.1718    32.2524    1446.70  0.000e+00
     27.095   71.83040 -165.96688     0.1575    32.2444    1446.62  0.000e+00
     27.110   71.83040 -165.96688     0.1398    32.2407    1446.54  0.000e+00
     27.149   71.83040 -165.96688     0.1205    32.2432    1446.45  0.000e+00
     27.172   71.83040 -165.96688     0.1013    32.2484    1446.37  0.000e+00
     27.211   71.83040 -165.96688     0.0844    32.2538    1446.30  0.000e+00
     27.172   71.83040 -165.96688     0.0696    32.2605    1446.24  0.000e+00
     27.265   71.83040 -165.96688     0.0576    32.2657    1446.19  0.000e+00
     27.288   71.83040 -165.96688     0.0480    32.2688    1446.15  0.000e+00
     27.265   71.83040 -165.96688     0.0399    32.2726    1446.12  0.000e+00
     27.342   71.83040 -165.96688     0.0331    32.2745    1446.09  0.000e+00
     27.326   71.83040 -165.96688     0.0270    32.2764    1446.07  0.000e+00
     27.342   71.83040 -165.96688     0.0213    32.2783    1446.04  0.000e+00
     27.442   71.83040 -165.96688     0.0163    32.2803    1446.02  0.000e+00
     27.396   71.83040 -165.96688     0.0122    32.2825    1446.01  0.000e+00
     27.496   71.83040 -165.96688     0.0085    32.2837    1445.99  0.000e+00
     27.457   71.83040 -165.96688     0.0054    32.2840    1445.98  0.000e+00
     27.496   71.83040 -165.96688     0.0024    32.2851    1445.97  0.000e+00
     27.457   71.83040 -165.96688    -0.0005    32.2867    1445.96  0.000e+00
     27.550   71.83040 -165.96688    -0.0029    32.2866    1445.95  0.000e+00
     27.573   71.83040 -165.96688    -0.0051    32.2866    1445.94  0.000e+00
     27.550   71.83040 -165.96688    -0.0071    32.2874    1445.93  0.000e+00
     27.627   71.83040 -165.96688    -0.0089    32.2875    1445.92  0.000e+00
     27.612   71.83040 -165.96688    -0.0102    32.2870    1445.91  0.000e+00
     27.550   71.83040 -165.96688    -0.0115    32.2872    1445.91  0.000e+00
     27.743   71.83040 -165.96688    -0.0127    32.2874    1445.90  0.000e+00
     27.665   71.83040 -165.96688    -0.0138    32.2880    1445.90  0.000e+00
     27.689   71.83040 -165.96688    -0.0149    32.2884    1445.89  0.000e+00
     27.781   71.83040 -165.96688    -0.0159    32.2881    1445.89  0.000e+00
     27.689   71.83040 -165.96688    -0.0169    32.2880    1445.88  0.000e+00
     27.781   71.83040 -165.96688    -0.0178    32.2882    1445.88  0.000e+00
     27.743   71.83040 -165.96688    -0.0189    32.2894    1445.88  0.000e+00
     27.781   71.83040 -165.96688    -0.0190    32.2886    1445.88  0.000e+00
     27.797   71.83040 -165.96688    -0.0200    32.2892    1445.87  0.000e+00
     27.843   71.83040 -165.96688    -0.0206    32.2898    1445.87  0.000e+00
     27.858   71.83040 -165.96688    -0.0214    32.2916    1445.87  0.000e+00
     27.897   71.83040 -165.96688    -0.0216    32.2930    1445.87  0.000e+00
     27.858   71.83040 -165.96688    -0.0221    32.2927    1445.87  0.000e+00
     27.897   71.83040 -165.96688    -0.0226    32.2922    1445.87  0.000e+00
     27.912   71.83040 -165.96688    -0.0229    32.2917    1445.87  0.000e+00
     27.951   71.83040 -165.96688    -0.0229    32.2922    1445.87  0.000e+00
     27.858   71.83040 -165.96688    -0.0232    32.2933    1445.87  0.000e+00
     27.951   71.83040 -165.96688    -0.0233    32.2917    1445.86  0.000e+00
     27.974   71.83040 -165.96688    -0.0236    32.2904    1445.86  0.000e+00
     28.028   71.83040 -165.96688    -0.0243    32.2917    1445.86  0.000e+00
     28.012   71.83040 -165.96688    -0.0242    32.2936    1445.86  0.000e+00
     27.974   71.83040 -165.96688    -0.0239    32.2912    1445.86  0.000e+00
     28.066   71.83040 -165.96688    -0.0241    32.2886    1445.86  0.000e+00
     28.028   71.83040 -165.96688    -0.0247    32.2875    1445.85  0.000e+00
     28.066   71.83040 -165.96688    -0.0255    32.2872    1445.85  0.000e+00
     28.028   71.83040 -165.96688    -0.0264    32.2873    1445.85  0.000e+00
     28.066   71.83040 -165.96688    -0.0272    32.2876    1445.84  0.000e+00
     28.143   71.83040 -165.96688    -0.0279    32.2878    1445.84  0.000e+00
     28.066   71.83040 -165.96688    -0.0289    32.2891    1445.84  0.000e+00
     28.143   71.83040 -165.96688    -0.0290    32.2915    1445.84  0.000e+00
     28.128   71.83040 -165.96688    -0.0298    32.2932    1445.84  0.000e+00
     28.143   71.83040 -165.96688    -0.0298    32.2910    1445.84  0.000e+00
     28.182   71.83040 -165.96688    -0.0304    32.2905    1445.83  0.000e+00
     28.143   71.83040 -165.96688    -0.0309    32.2917    1445.83  0.000e+00
     28.244   71.83040 -165.96688    -0.0315    32.2924    1445.83  0.000e+00
     28.197   71.83040 -165.96688    -0.0315    32.2921    1445.83  0.000e+00
     28.182   71.83040 -165.96688    -0.0318    32.2906    1445.83  0.000e+00
     28.259   71.83040 -165.96688    -0.0328    32.2910    1445.82  0.000e+00
     28.244   71.83040 -165.96688    -0.0336    32.2976    1445.83  0.000e+00
     28.259   71.83040 -165.96688    -0.0340    32.3063    1445.84  0.000e+00
     28.244   71.83040 -165.96688    -0.0344    32.3059    1445.84  0.000e+00
     28.313   71.83040 -165.96688    -0.0347    32.3029    1445.83  0.000e+00
     28.298   71.83040 -165.96688    -0.0351    32.2996    1445.83  0.000e+00
     28.313   71.83040 -165.96688    -0.0354    32.2977    1445.82  0.000e+00
     28.298   71.83040 -165.96688    -0.0355    32.2965    1445.82  0.000e+00
     28.375   71.83040 -165.96688    -0.0358    32.2965    1445.82  0.000e+00
     28.359   71.83040 -165.96688    -0.0358    32.2951    1445.82  0.000e+00
     28.375   71.83040 -165.96688    -0.0355    32.2953    1445.82  0.000e+00
     28.359   71.83040 -165.96688    -0.0353    32.3001    1445.83  0.000e+00
     28.429   71.83040 -165.96688    -0.0346    32.3016    1445.83  0.000e+00
     28.413   71.83040 -165.96688    -0.0334    32.3016    1445.84  0.000e+00
     28.429   71.83040 -165.96688    -0.0323    32.3006    1445.84  0.000e+00
     28.467   71.83040 -165.96688    -0.0308    32.3023    1445.85  0.000e+00
     28.429   71.83040 -165.96688    -0.0298    32.3110    1445.87  0.000e+00
     28.529   71.83040 -165.96688    -0.0294    32.3143    1445.88  0.000e+00
     28.483   71.83040 -165.96688    -0.0292    32.3122    1445.87  0.000e+00
     28.529   71.83040 -165.96688    -0.0277    32.3044    1445.87  0.000e+00
     28.544   71.83040 -165.96688    -0.0271    32.2951    1445.86  0.000e+00
     28.529   71.83040 -165.96688    -0.0284    32.2888    1445.85  0.000e+00
     28.598   71.83040 -165.96688    -0.0300    32.2849    1445.83  0.000e+00
     28.583   71.83040 -165.96688    -0.0316    32.2846    1445.83  0.000e+00
     28.598   71.83040 -165.96688    -0.0339    32.2844    1445.82  0.000e+00
     28.644   71.83038 -165.96688    -0.0367    32.2839    1445.80  0.000e+00
     28.660   71.83038 -165.96688    -0.0391    32.2834    1445.79  0.000e+00
     28.644   71.83038 -165.96688    -0.0414    32.2834    1445.78  0.000e+00
     28.714   71.83038 -165.96688    -0.0435    32.2838    1445.77  0.000e+00
     28.660   71.83038 -165.96688    -0.0448    32.2843    1445.77  0.000e+00
     28.760   71.83038 -165.96688    -0.0461    32.2834    1445.76  0.000e+00
     28.714   71.83038 -165.96688    -0.0485    32.2832    1445.75  0.000e+00
     28.814   71.83038 -165.96688    -0.0509    32.2831    1445.74  0.000e+00
     28.775   71.83038 -165.96688    -0.0534    32.2836    1445.73  0.000e+00
     28.814   71.83038 -165.96688    -0.0555    32.2830    1445.72  0.000e+00
     28.829   71.83038 -165.96688    -0.0579    32.2828    1445.71  0.000e+00
     28.868   71.83038 -165.96688    -0.0600    32.2828    1445.70  0.000e+00
     28.829   71.83038 -165.96688    -0.0622    32.2831    1445.69  0.000e+00
     28.868   71.83038 -165.96688    -0.0640    32.2830    1445.68  0.000e+00
     28.945   71.83038 -165.96688    -0.0659    32.2832    1445.67  0.000e+00
     28.930   71.83038 -165.96688    -0.0672    32.2831    1445.67  0.000e+00
     28.945   71.83038 -165.96688    -0.0685    32.2826    1445.66  0.000e+00
     28.984   71.83038 -165.96688    -0.0703    32.2827    1445.65  0.000e+00
     28.999   71.83038 -165.96688    -0.0716    32.2819    1445.64  0.000e+00
     28.984   71.83038 -165.96688    -0.0730    32.2826    1445.64  0.000e+00
     29.061   71.83038 -165.96688    -0.0740    32.2824    1445.64  0.000e+00
     29.099   71.83038 -165.96688    -0.0755    32.2822    1445.63  0.000e+00
     29.061   71.83038 -165.96688    -0.0768    32.2828    1445.62  0.000e+00
     29.099   71.83038 -165.96688    -0.0777    32.2824    1445.62  0.000e+00
     29.115   71.83038 -165.96688    -0.0791    32.2825    1445.61  0.000e+00
     29.045   71.83038 -165.96688    -0.0800    32.2818    1445.61  0.000e+00
     29.284   71.83038 -165.96688    -0.0817    32.2818    1445.60  0.000e+00
     29.176   71.83038 -165.96688    -0.0831    32.2813    1445.59  0.000e+00
     29.215   71.83038 -165.96688    -0.0848    32.2817    1445.59  0.000e+00
     29.230   71.83038 -165.96688    -0.0859    32.2804    1445.58  0.000e+00
     29.269   71.83038 -165.96688    -0.0877    32.2807    1445.57  0.000e+00
     29.284   71.83038 -165.96688    -0.0890    32.2817    1445.57  0.000e+00
     29.269   71.83038 -165.96688    -0.0901    32.2820    1445.56  0.000e+00
     29.284   71.83038 -165.96688    -0.0911    32.2810    1445.56  0.000e+00
     29.331   71.83038 -165.96688    -0.0928    32.2810    1445.55  0.000e+00
     29.400   71.83038 -165.96688    -0.0941    32.2813    1445.55  0.000e+00
     29.331   71.83038 -165.96688    -0.0959    32.2817    1445.54  0.000e+00
     29.400   71.83038 -165.96688    -0.0971    32.2822    1445.53  0.000e+00
     29.446   71.83038 -165.96688    -0.0981    32.2821    1445.53  0.000e+00
     29.400   71.83038 -165.96688    -0.0993    32.2825    1445.52  0.000e+00
     29.446   71.83038 -165.96688    -0.1002    32.2824    1445.52  0.000e+00
     29.516   71.83038 -165.96688    -0.1015    32.2823    1445.52  0.000e+00
     29.516   71.83038 -165.96688    -0.1022    32.2816    1445.51  0.000e+00
     29.500   71.83038 -165.96688    -0.1037    32.2819    1445.50  0.000e+00
