EcoFOCI/data/1_SampleCollection/2023_SikuliaqDBO_CruiseData/CTD_raw_BottleFile_SKQ23-12S/proc/skq202312s_037.ros
* Sea-Bird SBE 9 Data File:
* FileName = D:\CTD\SKQ202312S\SKQ202312S_037.hex
* Software Version Seasave V 7.26.7.121
* Temperature SN = 6177
* Conductivity SN = 0369
* Number of Bytes Per Scan = 41
* Number of Voltage Words = 4
* Number of Scans Averaged by the Deck Unit = 1
* NMEA Latitude = 71 11.55 N
* NMEA Longitude = 160 15.97 W
* NMEA UTC (Time) = Sep 23 2023  07:57:53
* NMEA baud rate = 4800
** Ship: R/V Sikuliaq
** Station Number: 037
** Station Name: DBO4.1n
** Bottom Depth: 54
** Operator: SS
# nquan = 22
# nvalues = 980                                   
# units = specified
# name 0 = depSM: Depth [salt water, m]
# name 1 = latitude: Latitude [deg]
# name 2 = longitude: Longitude [deg]
# name 3 = prDM: Pressure, Digiquartz [db]
# name 4 = t090C: Temperature [ITS-90, deg C]
# name 5 = t190C: Temperature, 2 [ITS-90, deg C]
# name 6 = potemp090C: Potential Temperature [ITS-90, deg C]
# name 7 = sal00: Salinity, Practical [PSU]
# name 8 = sal11: Salinity, Practical, 2 [PSU]
# name 9 = density00: Density [density, kg/m^3]
# name 10 = sigma-é00: Density [sigma-theta, kg/m^3]
# name 11 = sbox0Mm/Kg: Oxygen, SBE 43 [umol/kg]
# name 12 = sbox1Mm/Kg: Oxygen, SBE 43, 2 [umol/kg]
# name 13 = oxsolMm/Kg: Oxygen Saturation, Garcia & Gordon [umol/kg]
# name 14 = sbeox0PS: Oxygen, SBE 43 [% saturation]
# name 15 = v0: Voltage 0
# name 16 = flECO-AFL: Fluorescence, WET Labs ECO-AFL/FL [mg/m^3]
# name 17 = CStarAt0: Beam Attenuation, WET Labs C-Star [1/m]
# name 18 = par: PAR/Irradiance, Biospherical/Licor
# name 19 = scan: Scan Count
# name 20 = nbf: Bottles Fired
# name 21 = flag:  0.000e+00
# interval = seconds: 0.0416667
# start_time = Sep 23 2023 08:01:24 [NMEA time, first data scan]
# bad_flag = -9.990e-29
*END*
[from data line 856]
      1.933   71.19246 -160.26612      1.953     2.3367     2.3375     2.3366    28.5028    28.5110  1022.7581    22.7488    342.555    326.248  344.55543     99.420     0.1795     0.7289     0.5902 2.4762e-01      30875         18  0.000e+00
      1.995   71.19246 -160.26612      2.016     2.3365     2.3372     2.3365    28.5017    28.5105  1022.7575    22.7480    342.547    326.255  344.55973     99.416     0.1783     0.7216     0.5915 2.4251e-01      30876         18  0.000e+00
      1.879   71.19246 -160.26612      1.899     2.3362     2.3369     2.3361    28.5013    28.5100  1022.7567    22.7477    342.530    326.256  344.56354     99.410     0.1783     0.7216     0.5915 2.4557e-01      30877         18  0.000e+00
      1.933   71.19246 -160.26612      1.953     2.3359     2.3366     2.3358    28.5003    28.5096  1022.7562    22.7469    342.484    326.058  344.56905     99.395     0.1783     0.7216     0.5915 2.4557e-01      30878         18  0.000e+00
      1.880   71.19246 -160.26612      1.899     2.3353     2.3363     2.3352    28.5001    28.5093  1022.7558    22.7468    342.281    326.242  344.57476     99.334     0.1783     0.7216     0.5915 2.4455e-01      30879         18  0.000e+00
      1.880   71.19246 -160.26612      1.899     2.3350     2.3361     2.3349    28.4995    28.5093  1022.7553    22.7463    342.463    326.246  344.57921     99.386     0.1783     0.7216     0.5902 2.7429e-01      30880         18  0.000e+00
      1.818   71.19246 -160.26612      1.837     2.3350     2.3360     2.3349    28.4993    28.5090  1022.7549    22.7462    342.486    326.042  344.57973     99.392     0.1783     0.7216     0.5915 2.9819e-01      30881         18  0.000e+00
      1.818   71.19246 -160.26612      1.837     2.3345     2.3357     2.3344    28.4993    28.5092  1022.7549    22.7462    342.478    326.227  344.58392     99.389     0.1783     0.7216     0.5927 3.0172e-01      30882         18  0.000e+00
      1.818   71.19246 -160.26612      1.837     2.3343     2.3360     2.3342    28.4992    28.5089  1022.7548    22.7461    342.467    326.229  344.58575     99.385     0.1783     0.7216     0.5915 3.4779e-01      30883         18  0.000e+00
      1.764   71.19246 -160.26612      1.782     2.3342     2.3356     2.3341    28.4991    28.5094  1022.7545    22.7460    342.454    326.001  344.58741     99.381     0.1783     0.7216     0.5915 4.0038e-01      30884         18  0.000e+00
      1.764   71.19246 -160.26612      1.782     2.3342     2.3357     2.3341    28.4990    28.5089  1022.7545    22.7460    342.442    326.185  344.58751     99.377     0.1783     0.7216     0.5927 4.1219e-01      30885         18  0.000e+00
      1.702   71.19246 -160.26612      1.720     2.3340     2.3356     2.3339    28.4992    28.5091  1022.7543    22.7461    342.199    326.186  344.58846     99.307     0.1770     0.7143     0.5915 4.4447e-01      30886         18  0.000e+00
      1.703   71.19246 -160.26614      1.720     2.3337     2.3355     2.3337    28.4995    28.5091  1022.7545    22.7464    342.420    326.190  344.59018     99.370     0.1807     0.7362     0.5915 4.9921e-01      30887         18  0.000e+00
      1.703   71.19246 -160.26614      1.720     2.3338     2.3356     2.3338    28.4995    28.5089  1022.7546    22.7464    342.410    326.192  344.58900     99.368     0.1832     0.7509     0.5915 5.1326e-01      30888         18  0.000e+00
      1.649   71.19246 -160.26614      1.666     2.3341     2.3354     2.3340    28.4992    28.5094  1022.7541    22.7462    342.397    325.990  344.58795     99.364     0.1832     0.7509     0.5915 4.9574e-01      30889         18  0.000e+00
      1.649   71.19246 -160.26614      1.666     2.3340     2.3355     2.3339    28.4994    28.5089  1022.7542    22.7463    342.655    325.970  344.58790     99.439     0.1844     0.7582     0.5915 4.5890e-01      30890         18  0.000e+00
      1.703   71.19246 -160.26614      1.720     2.3341     2.3352     2.3340    28.4996    28.5090  1022.7546    22.7464    342.456    325.955  344.58702     99.382     0.1832     0.7509     0.5915 4.4924e-01      30891         18  0.000e+00
      1.595   71.19246 -160.26614      1.611     2.3338     2.3353     2.3338    28.4997    28.5089  1022.7542    22.7466    342.443    325.931  344.58856     99.377     0.1832     0.7509     0.5915 4.0038e-01      30892         18  0.000e+00
      1.649   71.19246 -160.26614      1.666     2.3339     2.3352     2.3338    28.4998    28.5090  1022.7545    22.7466    342.436    325.917  344.58789     99.375     0.1832     0.7509     0.5927 2.6663e-01      30893         18  0.000e+00
      1.533   71.19246 -160.26614      1.549     2.3340     2.3351     2.3339    28.4998    28.5090  1022.7540    22.7466    342.420    325.897  344.58695     99.371     0.1832     0.7509     0.5915 2.2566e-01      30894         18  0.000e+00
      1.595   71.19246 -160.26614      1.611     2.3339     2.3355     2.3338    28.4997    28.5087  1022.7542    22.7465    342.415    325.882  344.58822     99.369     0.1832     0.7509     0.5915 2.4865e-01      30895         18  0.000e+00
      1.649   71.19246 -160.26614      1.666     2.3340     2.3352     2.3339    28.4999    28.5092  1022.7546    22.7467    342.445    325.871  344.58670     99.379     0.1832     0.7509     0.5915 4.4131e-01      30896         18  0.000e+00
      1.533   71.19246 -160.26614      1.549     2.3341     2.3357     2.3340    28.5004    28.5086  1022.7544    22.7471    342.431    325.849  344.58492     99.375     0.1832     0.7509     0.5915 5.5927e-01      30897         18  0.000e+00
      1.595   71.19246 -160.26614      1.611     2.3342     2.3354     2.3341    28.5000    28.5091  1022.7544    22.7468    342.425    325.842  344.58490     99.373     0.1832     0.7509     0.5915 5.5737e-01      30898         18  0.000e+00
      1.595   71.19246 -160.26614      1.612     2.3343     2.3355     2.3343    28.4999    28.5093  1022.7543    22.7467    342.416    325.829  344.58377     99.371     0.1832     0.7509     0.5915 4.3505e-01      30899         18  0.000e+00
      1.533   71.19246 -160.26614      1.549     2.3342     2.3355     2.3341    28.4990    28.5096  1022.7533    22.7460    342.370    325.611  344.58761     99.357     0.1832     0.7509     0.5915 3.7755e-01      30900         18  0.000e+00
      1.541   71.19246 -160.26614      1.556     2.3362     2.3370     2.3361    28.5016    28.5106  1022.7553    22.7479    342.187    326.726  344.56280     99.311     0.1795     0.7289     0.5915 5.0269e-01      31056         19  0.000e+00
      1.541   71.19246 -160.26614      1.556     2.3364     2.3371     2.3363    28.5017    28.5107  1022.7553    22.7479    341.955    326.693  344.56127     99.244     0.1783     0.7216     0.5927 5.9446e-01      31057         19  0.000e+00
      1.541   71.19246 -160.26614      1.556     2.3361     2.3372     2.3360    28.5016    28.5108  1022.7553    22.7479    342.151    326.658  344.56423     99.300     0.1795     0.7289     0.5915 5.9246e-01      31058         19  0.000e+00
      1.541   71.19246 -160.26614      1.557     2.3361     2.3371     2.3360    28.5019    28.5110  1022.7555    22.7481    342.075    326.829  344.56353     99.278     0.1783     0.7216     0.5927 4.2579e-01      31059         19  0.000e+00
      1.448   71.19246 -160.26614      1.463     2.3365     2.3371     2.3365    28.5018    28.5108  1022.7550    22.7481    342.068    326.609  344.55942     99.277     0.1795     0.7289     0.5915 3.4911e-01      31060         19  0.000e+00
      1.541   71.19246 -160.26614      1.557     2.3367     2.3369     2.3366    28.5017    28.5111  1022.7554    22.7480    341.845    326.577  344.55831     99.213     0.1795     0.7289     0.5915 3.4128e-01      31061         19  0.000e+00
      1.602   71.19246 -160.26614      1.619     2.3367     2.3372     2.3366    28.5017    28.5108  1022.7556    22.7479    342.274    326.563  344.55839     99.337     0.1795     0.7289     0.5927 3.4388e-01      31062         19  0.000e+00
      1.602   71.19246 -160.26614      1.619     2.3368     2.3373     2.3367    28.5017    28.5105  1022.7557    22.7480    342.088    326.550  344.55730     99.283     0.1783     0.7216     0.5915 3.4388e-01      31063         19  0.000e+00
      1.603   71.19246 -160.26614      1.619     2.3365     2.3371     2.3365    28.5019    28.5104  1022.7558    22.7481    342.098    326.539  344.55932     99.286     0.1795     0.7289     0.5902 3.4388e-01      31064         19  0.000e+00
      1.657   71.19246 -160.26614      1.674     2.3365     2.3371     2.3365    28.5018    28.5107  1022.7560    22.7480    342.110    326.528  344.55949     99.289     0.1807     0.7362     0.5902 3.7477e-01      31065         19  0.000e+00
      1.603   71.19246 -160.26614      1.619     2.3368     2.3373     2.3367    28.5014    28.5107  1022.7554    22.7477    341.621    326.510  344.55830     99.147     0.1819     0.7436     0.5902 4.1070e-01      31066         19  0.000e+00
      1.657   71.19246 -160.26614      1.674     2.3367     2.3375     2.3366    28.5017    28.5110  1022.7559    22.7480    342.020    326.472  344.55826     99.263     0.1844     0.7582     0.5902 4.1819e-01      31067         19  0.000e+00
      1.657   71.19246 -160.26614      1.674     2.3365     2.3378     2.3365    28.5018    28.5115  1022.7560    22.7481    342.037    326.453  344.55939     99.268     0.1844     0.7582     0.5902 4.1219e-01      31068         19  0.000e+00
      1.657   71.19246 -160.26614      1.674     2.3365     2.3377     2.3365    28.5019    28.5112  1022.7561    22.7482    341.825    326.441  344.55909     99.206     0.1856     0.7656     0.5902 4.0773e-01      31069         19  0.000e+00
      1.657   71.19246 -160.26614      1.674     2.3364     2.3378     2.3363    28.5018    28.5111  1022.7560    22.7480    341.810    326.426  344.56092     99.202     0.1832     0.7509     0.5902 4.0625e-01      31070         19  0.000e+00
      1.711   71.19246 -160.26614      1.728     2.3365     2.3381     2.3365    28.5017    28.5109  1022.7562    22.7480    342.025    326.412  344.55976     99.264     0.1844     0.7582     0.5902 4.3505e-01      31071         19  0.000e+00
      1.711   71.19246 -160.26614      1.728     2.3364     2.3381     2.3363    28.5017    28.5115  1022.7562    22.7480    341.823    326.191  344.56119     99.205     0.1844     0.7582     0.5902 4.9921e-01      31072         19  0.000e+00
      1.711   71.19246 -160.26614      1.728     2.3365     2.3385     2.3365    28.5011    28.5112  1022.7557    22.7475    342.043    326.151  344.56135     99.269     0.1844     0.7582     0.5902 5.2041e-01      31073         19  0.000e+00
      1.711   71.19246 -160.26614      1.728     2.3364     2.3384     2.3363    28.5011    28.5114  1022.7557    22.7475    341.845    326.115  344.56268     99.211     0.1844     0.7582     0.5902 5.2582e-01      31074         19  0.000e+00
      1.773   71.19246 -160.26614      1.791     2.3364     2.3385     2.3363    28.5015    28.5116  1022.7563    22.7478    342.300    326.286  344.56177     99.344     0.1844     0.7582     0.5902 5.4793e-01      31075         19  0.000e+00
      1.865   71.19246 -160.26614      1.884     2.3364     2.3384     2.3363    28.5013    28.5117  1022.7566    22.7477    341.917    326.279  344.56209     99.232     0.1844     0.7582     0.5902 5.5737e-01      31076         19  0.000e+00
      1.827   71.19246 -160.26614      1.845     2.3364     2.3385     2.3363    28.5011    28.5115  1022.7563    22.7475    341.915    326.266  344.56263     99.231     0.1844     0.7582     0.5902 5.6887e-01      31077         19  0.000e+00
      1.827   71.19246 -160.26614      1.845     2.3362     2.3385     2.3361    28.5018    28.5112  1022.7568    22.7481    342.145    326.256  344.56227     99.298     0.1856     0.7656     0.5902 6.6819e-01      31078         19  0.000e+00
      1.888   71.19246 -160.26616      1.908     2.3365     2.3384     2.3365    28.5013    28.5115  1022.7567    22.7476    341.958    326.247  344.56089     99.244     0.1844     0.7582     0.5902 7.1605e-01      31079         19  0.000e+00
      1.888   71.19246 -160.26616      1.908     2.3364     2.3383     2.3363    28.5015    28.5116  1022.7569    22.7478    342.155    326.236  344.56172     99.301     0.1856     0.7656     0.5902 7.1839e-01      31080         19  0.000e+00
      1.888   71.19246 -160.26616      1.908     2.3367     2.3384     2.3366    28.5010    28.5114  1022.7565    22.7474    341.928    326.225  344.56005     99.236     0.1844     0.7582     0.5902 6.9978e-01      31081         19  0.000e+00
      1.942   71.19246 -160.26616      1.962     2.3367     2.3385     2.3366    28.5006    28.5109  1022.7564    22.7471    342.129    326.217  344.56122     99.294     0.1856     0.7656     0.5902 6.9063e-01      31082         19  0.000e+00
      1.943   71.19246 -160.26616      1.963     2.3367     2.3383     2.3366    28.5005    28.5111  1022.7563    22.7470    341.946    326.207  344.56152     99.241     0.1844     0.7582     0.5902 6.8836e-01      31083         19  0.000e+00
      2.004   71.19246 -160.26616      2.025     2.3368     2.3383     2.3367    28.4996    28.5114  1022.7559    22.7462    342.190    326.198  344.56300     99.311     0.1856     0.7656     0.5915 5.5169e-01      31084         19  0.000e+00
      2.004   71.19246 -160.26616      2.025     2.3364     2.3381     2.3363    28.4993    28.5112  1022.7557    22.7461    342.245    325.984  344.56744     99.326     0.1844     0.7582     0.5902 4.7038e-01      31085         19  0.000e+00
      2.004   71.19246 -160.26616      2.025     2.3362     2.3383     2.3361    28.4990    28.5109  1022.7554    22.7458    342.071    325.948  344.56977     99.275     0.1844     0.7582     0.5915 4.6052e-01      31086         19  0.000e+00
      2.004   71.19246 -160.26616      2.025     2.3359     2.3383     2.3358    28.4984    28.5107  1022.7550    22.7454    342.053    326.120  344.57412     99.268     0.1832     0.7509     0.5915 3.7895e-01      31087         19  0.000e+00
      2.058   71.19246 -160.26616      2.080     2.3356     2.3385     2.3355    28.4976    28.5106  1022.7547    22.7448    342.041    326.137  344.57894     99.263     0.1844     0.7582     0.5915 3.1249e-01      31088         19  0.000e+00
      2.058   71.19246 -160.26616      2.080     2.3352     2.3386     2.3352    28.4965    28.5108  1022.7538    22.7439    342.028    326.153  344.58469     99.258     0.1844     0.7582     0.5915 3.0054e-01      31089         19  0.000e+00
      2.112   71.19246 -160.26616      2.134     2.3348     2.3388     2.3347    28.4951    28.5113  1022.7530    22.7428    342.250    326.170  344.59209     99.320     0.1844     0.7582     0.5915 3.9314e-01      31090         19  0.000e+00
      2.113   71.19246 -160.26616      2.134     2.3343     2.3388     2.3342    28.4953    28.5111  1022.7532    22.7430    342.275    325.985  344.59579     99.326     0.1832     0.7509     0.5902 5.5169e-01      31091         19  0.000e+00
      2.113   71.19246 -160.26616      2.134     2.3339     2.3390     2.3338    28.4958    28.5105  1022.7536    22.7434    342.108    325.956  344.59834     99.277     0.1819     0.7436     0.5915 5.9848e-01      31092         19  0.000e+00
      2.113   71.19246 -160.26616      2.134     2.3335     2.3390     2.3334    28.4962    28.5109  1022.7539    22.7437    342.097    325.953  344.60075     99.273     0.1832     0.7509     0.5915 4.9402e-01      31093         19  0.000e+00
      2.174   71.19246 -160.26616      2.197     2.3334     2.3390     2.3333    28.4962    28.5108  1022.7542    22.7438    342.317    326.135  344.60152     99.337     0.1819     0.7436     0.5915 3.4128e-01      31094         19  0.000e+00
