EcoFOCI/data/1_SampleCollection/2023_SikuliaqDBO_CruiseData/CTD_raw_BottleFile_SKQ23-12S/proc/skq202312s_001.ros
* Sea-Bird SBE 9 Data File:
* FileName = D:\CTD\SKQ202312S\SKQ202312S_001.hex
* Software Version Seasave V 7.26.7.121
* Temperature SN = 6177
* Conductivity SN = 0369
* Number of Bytes Per Scan = 41
* Number of Voltage Words = 4
* Number of Scans Averaged by the Deck Unit = 1
* NMEA Latitude = 62 11.69 N
* NMEA Longitude = 174 40.42 W
* NMEA UTC (Time) = Sep 14 2023  13:19:49
* NMEA baud rate = 4800
** Ship: R/V Sikuliaq
** Station Number: 001
** Station Name: Mooring M8
** Bottom Depth: 73
** Operator: SD
# nquan = 22
# nvalues = 1127                                  
# units = specified
# name 0 = depSM: Depth [salt water, m]
# name 1 = latitude: Latitude [deg]
# name 2 = longitude: Longitude [deg]
# name 3 = prDM: Pressure, Digiquartz [db]
# name 4 = t090C: Temperature [ITS-90, deg C]
# name 5 = t190C: Temperature, 2 [ITS-90, deg C]
# name 6 = potemp090C: Potential Temperature [ITS-90, deg C]
# name 7 = sal00: Salinity, Practical [PSU]
# name 8 = sal11: Salinity, Practical, 2 [PSU]
# name 9 = density00: Density [density, kg/m^3]
# name 10 = sigma-é00: Density [sigma-theta, kg/m^3]
# name 11 = sbox0Mm/Kg: Oxygen, SBE 43 [umol/kg]
# name 12 = sbox1Mm/Kg: Oxygen, SBE 43, 2 [umol/kg]
# name 13 = oxsolMm/Kg: Oxygen Saturation, Garcia & Gordon [umol/kg]
# name 14 = sbeox0PS: Oxygen, SBE 43 [% saturation]
# name 15 = v0: Voltage 0
# name 16 = flECO-AFL: Fluorescence, WET Labs ECO-AFL/FL [mg/m^3]
# name 17 = CStarAt0: Beam Attenuation, WET Labs C-Star [1/m]
# name 18 = par: PAR/Irradiance, Biospherical/Licor
# name 19 = scan: Scan Count
# name 20 = nbf: Bottles Fired
# name 21 = flag:  0.000e+00
# interval = seconds: 0.0416667
# start_time = Sep 14 2023 13:27:19 [NMEA time, first data scan]
# bad_flag = -9.990e-29
*END*
[from data line 1054]
      1.161   62.19454 -174.67400      1.173     7.7494     7.7530     7.7493    30.7789    30.7874  1024.0009    23.9955    288.049    277.971  297.56058     96.803     0.2051     0.8828     0.7446 5.2763e-01      39934         22  0.000e+00
      1.100   62.19454 -174.67400      1.110     7.7493     7.7532     7.7492    30.7791    30.7875  1024.0008    23.9957    288.046    277.969  297.56084     96.802     0.2039     0.8754     0.7433 4.2732e-01      39935         22  0.000e+00
      1.100   62.19454 -174.67400      1.111     7.7494     7.7532     7.7493    30.7790    30.7875  1024.0006    23.9955    288.044    277.969  297.56052     96.802     0.2051     0.8828     0.7433 3.8316e-01      39936         22  0.000e+00
      1.100   62.19454 -174.67400      1.111     7.7493     7.7528     7.7492    30.7789    30.7873  1024.0006    23.9955    288.044    277.799  297.56132     96.802     0.2039     0.8754     0.7446 3.8316e-01      39937         22  0.000e+00
      1.100   62.19454 -174.67400      1.111     7.7493     7.7530     7.7492    30.7788    30.7870  1024.0005    23.9955    288.043    277.948  297.56179     96.801     0.2039     0.8754     0.7433 5.5358e-01      39938         22  0.000e+00
      1.100   62.19454 -174.67400      1.111     7.7491     7.7530     7.7490    30.7790    30.7872  1024.0007    23.9956    288.043    277.941  297.56244     96.801     0.2039     0.8754     0.7446 6.9291e-01      39939         22  0.000e+00
      1.046   62.19454 -174.67400      1.056     7.7491     7.7532     7.7490    30.7790    30.7870  1024.0004    23.9956    288.040    277.948  297.56246     96.800     0.2039     0.8754     0.7446 7.1370e-01      39940         22  0.000e+00
      1.046   62.19454 -174.67400      1.056     7.7493     7.7525     7.7492    30.7785    30.7874  1024.0000    23.9952    288.039    277.958  297.56222     96.799     0.2027     0.8681     0.7446 6.7263e-01      39941         22  0.000e+00
      1.046   62.19454 -174.67400      1.056     7.7488     7.7525     7.7487    30.7790    30.7874  1024.0005    23.9956    288.041    277.948  297.56486     96.799     0.2039     0.8754     0.7433 6.4209e-01      39942         22  0.000e+00
      1.046   62.19454 -174.67400      1.056     7.7485     7.7520     7.7484    30.7787    30.7879  1024.0003    23.9955    288.042    277.937  297.56741     96.799     0.2039     0.8754     0.7433 6.3783e-01      39943         22  0.000e+00
      1.046   62.19454 -174.67400      1.056     7.7485     7.7520     7.7484    30.7789    30.7876  1024.0005    23.9956    288.041    277.923  297.56701     96.799     0.2039     0.8754     0.7446 5.4233e-01      39944         22  0.000e+00
      0.992   62.19454 -174.67400      1.002     7.7482     7.7516     7.7481    30.7788    30.7878  1024.0001    23.9955    288.415    277.924  297.56935     96.924     0.2039     0.8754     0.7446 4.4924e-01      39945         22  0.000e+00
      0.992   62.19454 -174.67400      1.002     7.7485     7.7514     7.7484    30.7786    30.7878  1024.0000    23.9954    288.085    277.924  297.56759     96.813     0.2039     0.8754     0.7433 4.2886e-01      39946         22  0.000e+00
      0.992   62.19454 -174.67400      1.002     7.7482     7.7515     7.7481    30.7789    30.7875  1024.0002    23.9957    288.083    277.921  297.56903     96.812     0.2039     0.8754     0.7446 5.2763e-01      39947         22  0.000e+00
      0.992   62.19454 -174.67400      1.002     7.7483     7.7509     7.7482    30.7788    30.7878  1024.0001    23.9955    288.080    277.920  297.56863     96.811     0.2039     0.8754     0.7446 7.2548e-01      39948         22  0.000e+00
      0.993   62.19454 -174.67400      1.002     7.7483     7.7511     7.7483    30.7791    30.7871  1024.0004    23.9958    288.076    277.916  297.56768     96.810     0.2039     0.8754     0.7446 7.9205e-01      39949         22  0.000e+00
      0.931   62.19454 -174.67400      0.940     7.7483     7.7508     7.7483    30.7793    30.7872  1024.0002    23.9959    288.070    277.908  297.56722     96.808     0.2051     0.8828     0.7446 7.8187e-01      39950         22  0.000e+00
      0.931   62.19454 -174.67400      0.940     7.7481     7.7508     7.7481    30.7792    30.7874  1024.0002    23.9959    288.042    277.900  297.56874     96.799     0.2039     0.8754     0.7433 7.6681e-01      39951         22  0.000e+00
      0.931   62.19454 -174.67400      0.940     7.7478     7.7504     7.7478    30.7792    30.7878  1024.0003    23.9960    288.040    277.722  297.57065     96.797     0.2051     0.8828     0.7433 7.6432e-01      39952         22  0.000e+00
      0.931   62.19454 -174.67400      0.940     7.7481     7.7506     7.7481    30.7791    30.7877  1024.0001    23.9958    288.035    277.865  297.56905     96.796     0.2063     0.8901     0.7433 7.0671e-01      39953         22  0.000e+00
      0.877   62.19454 -174.67400      0.886     7.7478     7.7504     7.7478    30.7791    30.7879  1023.9999    23.9958    288.031    277.852  297.57108     96.794     0.2051     0.8828     0.7433 5.2582e-01      39954         22  0.000e+00
      0.931   62.19454 -174.67400      0.940     7.7478     7.7506     7.7478    30.7792    30.7874  1024.0003    23.9960    288.028    277.672  297.57065     96.793     0.2063     0.8901     0.7446 4.6543e-01      39955         22  0.000e+00
      0.931   62.19454 -174.67400      0.940     7.7477     7.7504     7.7476    30.7796    30.7873  1024.0005    23.9962    288.024    277.813  297.57098     96.792     0.2051     0.8828     0.7433 4.6379e-01      39956         22  0.000e+00
      0.816   62.19454 -174.67400      0.823     7.7476     7.7503     7.7476    30.7798    30.7874  1024.0002    23.9964    288.042    277.795  297.57079     96.798     0.2051     0.8828     0.7446 4.6543e-01      39957         22  0.000e+00
      1.225   62.19454 -174.67400      1.237     7.7463     7.7482     7.7461    30.7793    30.7881  1024.0019    23.9962    288.084    277.636  297.58131     96.809     0.2137     0.9341     0.7446 5.6694e-01      40117         23  0.000e+00
      1.287   62.19454 -174.67400      1.299     7.7462     7.7483     7.7461    30.7791    30.7875  1024.0020    23.9961    288.081    277.626  297.58201     96.807     0.2149     0.9414     0.7446 5.7469e-01      40118         23  0.000e+00
      1.225   62.19454 -174.67400      1.237     7.7461     7.7481     7.7460    30.7794    30.7878  1024.0020    23.9963    288.073    277.783  297.58203     96.804     0.2137     0.9341     0.7458 5.7274e-01      40119         23  0.000e+00
      1.341   62.19454 -174.67400      1.354     7.7461     7.7482     7.7459    30.7790    30.7875  1024.0023    23.9960    287.885    277.790  297.58317     96.741     0.2149     0.9414     0.7446 5.2221e-01      40120         23  0.000e+00
      1.287   62.19454 -174.67400      1.299     7.7461     7.7479     7.7460    30.7789    30.7881  1024.0019    23.9960    288.040    277.808  297.58304     96.793     0.2137     0.9341     0.7446 4.9402e-01      40121         23  0.000e+00
      1.225   62.19454 -174.67400      1.237     7.7464     7.7482     7.7462    30.7791    30.7877  1024.0017    23.9961    288.030    277.824  297.58099     96.791     0.2149     0.9414     0.7458 4.9230e-01      40122         23  0.000e+00
      1.341   62.19454 -174.67400      1.354     7.7463     7.7480     7.7461    30.7793    30.7876  1024.0024    23.9962    288.030    277.832  297.58126     96.790     0.2137     0.9341     0.7446 5.1861e-01      40123         23  0.000e+00
      1.287   62.19454 -174.67400      1.300     7.7465     7.7480     7.7464    30.7793    30.7878  1024.0021    23.9962    288.021    277.832  297.57969     96.788     0.2137     0.9341     0.7446 5.3678e-01      40124         23  0.000e+00
      1.287   62.19454 -174.67400      1.300     7.7464     7.7480     7.7463    30.7793    30.7881  1024.0021    23.9962    288.016    277.663  297.58033     96.786     0.2137     0.9341     0.7446 5.4048e-01      40125         23  0.000e+00
      1.341   62.19454 -174.67400      1.354     7.7464     7.7482     7.7462    30.7792    30.7878  1024.0024    23.9962    288.014    277.650  297.58070     96.785     0.2137     0.9341     0.7446 5.9046e-01      40126         23  0.000e+00
      1.341   62.19454 -174.67400      1.354     7.7464     7.7483     7.7463    30.7791    30.7875  1024.0023    23.9961    288.008    277.635  297.58062     96.783     0.2137     0.9341     0.7446 6.4638e-01      40127         23  0.000e+00
      1.341   62.19454 -174.67400      1.354     7.7462     7.7480     7.7461    30.7792    30.7878  1024.0023    23.9961    288.004    277.621  297.58190     96.782     0.2137     0.9341     0.7458 6.6159e-01      40128         23  0.000e+00
      1.341   62.19454 -174.67400      1.354     7.7464     7.7483     7.7463    30.7788    30.7880  1024.0021    23.9958    288.024    277.774  297.58126     96.788     0.2100     0.9121     0.7446 6.4423e-01      40129         23  0.000e+00
      1.403   62.19454 -174.67400      1.417     7.7462     7.7483     7.7461    30.7789    30.7877  1024.0024    23.9959    288.024    277.777  297.58251     96.788     0.2088     0.9047     0.7458 6.2727e-01      40130         23  0.000e+00
      1.287   62.19454 -174.67400      1.300     7.7461     7.7482     7.7460    30.7793    30.7878  1024.0022    23.9963    288.015    277.791  297.58225     96.785     0.2088     0.9047     0.7446 6.2309e-01      40131         23  0.000e+00
      1.434   62.19454 -174.67400      1.448     7.7462     7.7483     7.7461    30.7789    30.7876  1024.0026    23.9960    288.017    277.812  297.58239     96.786     0.2088     0.9047     0.7458 5.5927e-01      40132         23  0.000e+00
      1.342   62.19454 -174.67400      1.355     7.7463     7.7483     7.7461    30.7792    30.7876  1024.0023    23.9961    288.008    277.826  297.58158     96.783     0.2076     0.8974     0.7446 4.4764e-01      40133         23  0.000e+00
      1.403   62.19454 -174.67400      1.417     7.7462     7.7482     7.7461    30.7790    30.7880  1024.0025    23.9960    288.007    277.828  297.58236     96.782     0.2088     0.9047     0.7433 4.1819e-01      40134         23  0.000e+00
      1.403   62.19454 -174.67400      1.417     7.7463     7.7485     7.7461    30.7791    30.7877  1024.0026    23.9961    287.815    277.826  297.58164     96.718     0.2076     0.8974     0.7421 3.8316e-01      40135         23  0.000e+00
      1.403   62.19454 -174.67400      1.417     7.7462     7.7484     7.7461    30.7791    30.7878  1024.0026    23.9961    287.975    277.842  297.58196     96.772     0.2088     0.9047     0.7433 2.9121e-01      40136         23  0.000e+00
      1.458   62.19454 -174.67400      1.472     7.7464     7.7485     7.7463    30.7790    30.7877  1024.0027    23.9960    287.972    277.859  297.58089     96.771     0.2088     0.9047     0.7433 2.6233e-01      40137         23  0.000e+00
      1.404   62.19454 -174.67400      1.417     7.7461     7.7485     7.7460    30.7794    30.7877  1024.0028    23.9963    287.995    277.872  297.58204     96.778     0.2088     0.9047     0.7433 2.9006e-01      40138         23  0.000e+00
      1.404   62.19454 -174.67400      1.417     7.7462     7.7485     7.7461    30.7793    30.7879  1024.0027    23.9962    287.992    277.870  297.58164     96.777     0.2088     0.9047     0.7433 5.1861e-01      40139         23  0.000e+00
      1.458   62.19454 -174.67400      1.472     7.7461     7.7483     7.7460    30.7792    30.7879  1024.0029    23.9962    287.993    277.872  297.58249     96.777     0.2088     0.9047     0.7433 6.5939e-01      40140         23  0.000e+00
      1.404   62.19454 -174.67400      1.417     7.7462     7.7487     7.7461    30.7794    30.7876  1024.0028    23.9963    287.988    277.712  297.58133     96.776     0.2076     0.8974     0.7433 6.5286e-01      40141         23  0.000e+00
      1.512   62.19454 -174.67400      1.526     7.7461     7.7488     7.7460    30.7792    30.7879  1024.0032    23.9962    287.991    277.883  297.58239     96.777     0.2088     0.9047     0.7433 4.8887e-01      40142         23  0.000e+00
      1.404   62.19454 -174.67400      1.417     7.7461     7.7492     7.7459    30.7788    30.7880  1024.0024    23.9959    287.986    277.891  297.58371     96.775     0.2100     0.9121     0.7433 4.1668e-01      40143         23  0.000e+00
      1.458   62.19454 -174.67400      1.472     7.7459     7.7493     7.7458    30.7793    30.7874  1024.0031    23.9963    287.986    277.908  297.58353     96.775     0.2088     0.9047     0.7433 4.1070e-01      40144         23  0.000e+00
      1.512   62.19454 -174.67400      1.527     7.7462     7.7496     7.7461    30.7791    30.7873  1024.0031    23.9961    287.984    277.907  297.58206     96.775     0.2100     0.9121     0.7433 4.8039e-01      40145         23  0.000e+00
      1.458   62.19454 -174.67400      1.472     7.7461     7.7495     7.7460    30.7793    30.7880  1024.0030    23.9962    288.006    277.901  297.58233     96.782     0.2088     0.9047     0.7433 5.2945e-01      40146         23  0.000e+00
      1.458   62.19454 -174.67400      1.472     7.7462     7.7497     7.7461    30.7791    30.7877  1024.0028    23.9961    288.005    277.897  297.58201     96.782     0.2088     0.9047     0.7433 5.3863e-01      40147         23  0.000e+00
      1.512   62.19454 -174.67400      1.527     7.7461     7.7499     7.7460    30.7792    30.7876  1024.0032    23.9962    287.444    277.894  297.58239     96.593     0.2088     0.9047     0.7433 5.1326e-01      40148         23  0.000e+00
      1.458   62.19454 -174.67400      1.472     7.7462     7.7498     7.7461    30.7791    30.7878  1024.0028    23.9961    287.744    277.887  297.58201     96.694     0.2100     0.9121     0.7433 4.9574e-01      40149         23  0.000e+00
      1.512   62.19454 -174.67400      1.527     7.7461     7.7499     7.7460    30.7790    30.7874  1024.0030    23.9960    287.725    277.884  297.58286     96.687     0.2088     0.9047     0.7433 4.9230e-01      40150         23  0.000e+00
      1.512   62.19454 -174.67400      1.527     7.7461     7.7498     7.7459    30.7791    30.7875  1024.0031    23.9961    287.918    277.895  297.58294     96.752     0.2088     0.9047     0.7433 4.2886e-01      40151         23  0.000e+00
      1.512   62.19454 -174.67400      1.527     7.7463     7.7497     7.7461    30.7791    30.7881  1024.0031    23.9961    287.922    277.889  297.58167     96.754     0.2088     0.9047     0.7433 3.5706e-01      40152         23  0.000e+00
      1.458   62.19454 -174.67400      1.473     7.7464     7.7497     7.7462    30.7794    30.7873  1024.0030    23.9963    287.923    277.899  297.58042     96.755     0.2100     0.9121     0.7446 3.4128e-01      40153         23  0.000e+00
      1.513   62.19454 -174.67400      1.527     7.7461     7.7494     7.7460    30.7796    30.7872  1024.0035    23.9965    287.932    277.896  297.58167     96.757     0.2100     0.9121     0.7446 4.0038e-01      40154         23  0.000e+00
      1.574   62.19454 -174.67400      1.590     7.7467     7.7492     7.7466    30.7793    30.7876  1024.0034    23.9961    287.936    277.892  297.57830     96.760     0.2112     0.9194     0.7446 5.3311e-01      40155         23  0.000e+00
      1.513   62.19454 -174.67400      1.527     7.7469     7.7490     7.7468    30.7791    30.7874  1024.0030    23.9960    287.938    277.900  297.57728     96.761     0.2112     0.9194     0.7446 5.7664e-01      40156         23  0.000e+00
      1.513   62.19454 -174.67400      1.527     7.7478     7.7487     7.7477    30.7790    30.7875  1024.0027    23.9957    287.936    277.910  297.57129     96.762     0.2112     0.9194     0.7446 5.5737e-01      40157         23  0.000e+00
