EcoFOCI/data/1_SampleCollection/2023_SikuliaqDBO_CruiseData/CTD_raw_BottleFile_SKQ23-12S/proc/skq202312s_028svp.cnv
* Sea-Bird SBE 9 Data File:
* FileName = D:\CTD\SKQ202312S\SKQ202312S_028.hex
* Software Version Seasave V 7.26.7.121
* Temperature SN = 6177
* Conductivity SN = 0369
* Number of Bytes Per Scan = 41
* Number of Voltage Words = 4
* Number of Scans Averaged by the Deck Unit = 1
* NMEA Latitude = 71 22.34 N
* NMEA Longitude = 157 24.94 W
* NMEA UTC (Time) = Sep 21 2023  03:13:25
* NMEA baud rate = 4800
** Ship: R/V Sikuliaq
** Station Number: 028
** Station Name: DBO5.4
** Bottom Depth: 112
** Operator: SD
# nquan = 7
# nvalues = 10603                                 
# units = specified
# name 0 = depSM: Depth [salt water, m]
# name 1 = latitude: Latitude [deg]
# name 2 = longitude: Longitude [deg]
# name 3 = t090C: Temperature [ITS-90, deg C]
# name 4 = sal00: Salinity, Practical [PSU]
# name 5 = svCM: Sound Velocity [Chen-Millero, m/s]
# name 6 = flag:  0.000e+00
# span 0 =      2.421,    106.151                 
# span 1 =   71.37238,   71.37258                 
# span 2 = -157.41494, -157.41336                 
# span 3 =    -1.5020,     4.8902                 
# span 4 =    30.0278,    32.5827                 
# span 5 =    1440.00,    1464.93                 
# span 6 = 0.0000e+00, 0.0000e+00                 
# interval = seconds: 0.0416667
# start_time = Sep 21 2023 03:18:10 [NMEA time, first data scan]
# bad_flag = -9.990e-29
*END*
[from data line 10462]
    105.672   71.37258 -157.41340    -1.4983    32.5802    1440.58  0.000e+00
    105.618   71.37258 -157.41340    -1.4978    32.5798    1440.58  0.000e+00
    105.556   71.37258 -157.41340    -1.4972    32.5795    1440.58  0.000e+00
    105.579   71.37258 -157.41340    -1.4968    32.5795    1440.58  0.000e+00
    105.618   71.37258 -157.41340    -1.4969    32.5795    1440.58  0.000e+00
    105.502   71.37258 -157.41340    -1.4971    32.5794    1440.58  0.000e+00
    105.556   71.37258 -157.41340    -1.4969    32.5792    1440.58  0.000e+00
    105.502   71.37258 -157.41340    -1.4967    32.5792    1440.58  0.000e+00
    105.502   71.37258 -157.41340    -1.4968    32.5796    1440.58  0.000e+00
    105.502   71.37258 -157.41340    -1.4968    32.5788    1440.58  0.000e+00
    105.502   71.37258 -157.41340    -1.4967    32.5791    1440.58  0.000e+00
    105.386   71.37258 -157.41340    -1.4969    32.5796    1440.58  0.000e+00
    105.463   71.37258 -157.41340    -1.4961    32.5789    1440.58  0.000e+00
    105.332   71.37258 -157.41340    -1.4960    32.5789    1440.58  0.000e+00
    105.440   71.37258 -157.41340    -1.4954    32.5786    1440.59  0.000e+00
    105.386   71.37258 -157.41340    -1.4950    32.5782    1440.59  0.000e+00
    105.386   71.37258 -157.41340    -1.4950    32.5781    1440.59  0.000e+00
    105.270   71.37258 -157.41340    -1.4948    32.5779    1440.59  0.000e+00
    105.332   71.37258 -157.41340    -1.4948    32.5778    1440.59  0.000e+00
    105.332   71.37258 -157.41340    -1.4948    32.5783    1440.59  0.000e+00
    105.270   71.37258 -157.41340    -1.4945    32.5784    1440.59  0.000e+00
    105.232   71.37258 -157.41340    -1.4942    32.5775    1440.59  0.000e+00
    105.216   71.37258 -157.41340    -1.4941    32.5779    1440.59  0.000e+00
    105.216   71.37258 -157.41340    -1.4938    32.5775    1440.59  0.000e+00
    105.216   71.37258 -157.41340    -1.4937    32.5776    1440.59  0.000e+00
    105.216   71.37258 -157.41340    -1.4937    32.5771    1440.59  0.000e+00
    105.155   71.37258 -157.41340    -1.4932    32.5769    1440.59  0.000e+00
    105.101   71.37258 -157.41340    -1.4933    32.5774    1440.59  0.000e+00
    105.155   71.37258 -157.41340    -1.4929    32.5769    1440.59  0.000e+00
    105.101   71.37258 -157.41340    -1.4929    32.5766    1440.59  0.000e+00
    105.062   71.37258 -157.41340    -1.4926    32.5769    1440.59  0.000e+00
    105.101   71.37258 -157.41340    -1.4926    32.5766    1440.59  0.000e+00
    105.039   71.37258 -157.41340    -1.4923    32.5767    1440.59  0.000e+00
    104.985   71.37258 -157.41340    -1.4920    32.5765    1440.59  0.000e+00
    105.039   71.37258 -157.41340    -1.4923    32.5768    1440.59  0.000e+00
    105.039   71.37258 -157.41340    -1.4921    32.5760    1440.59  0.000e+00
    104.985   71.37258 -157.41340    -1.4923    32.5765    1440.59  0.000e+00
    104.931   71.37258 -157.41340    -1.4919    32.5763    1440.59  0.000e+00
    104.985   71.37258 -157.41340    -1.4919    32.5761    1440.59  0.000e+00
    104.985   71.37258 -157.41340    -1.4919    32.5761    1440.59  0.000e+00
    104.892   71.37258 -157.41340    -1.4920    32.5767    1440.59  0.000e+00
    104.869   71.37258 -157.41340    -1.4919    32.5763    1440.59  0.000e+00
    104.931   71.37258 -157.41340    -1.4915    32.5759    1440.59  0.000e+00
    104.869   71.37258 -157.41340    -1.4916    32.5761    1440.59  0.000e+00
    104.869   71.37258 -157.41340    -1.4915    32.5763    1440.59  0.000e+00
    104.869   71.37258 -157.41340    -1.4914    32.5762    1440.59  0.000e+00
    104.869   71.37258 -157.41340    -1.4914    32.5760    1440.59  0.000e+00
    104.815   71.37258 -157.41340    -1.4914    32.5760    1440.59  0.000e+00
    104.815   71.37258 -157.41340    -1.4915    32.5761    1440.59  0.000e+00
    104.815   71.37258 -157.41340    -1.4912    32.5762    1440.59  0.000e+00
    104.830   71.37258 -157.41340    -1.4912    32.5761    1440.59  0.000e+00
    104.815   71.37258 -157.41340    -1.4912    32.5758    1440.59  0.000e+00
    104.815   71.37258 -157.41338    -1.4911    32.5759    1440.59  0.000e+00
    104.753   71.37258 -157.41338    -1.4914    32.5760    1440.59  0.000e+00
    104.815   71.37258 -157.41338    -1.4914    32.5760    1440.59  0.000e+00
    104.753   71.37258 -157.41338    -1.4915    32.5761    1440.59  0.000e+00
    104.753   71.37258 -157.41338    -1.4914    32.5760    1440.59  0.000e+00
    104.815   71.37258 -157.41338    -1.4916    32.5762    1440.59  0.000e+00
    104.753   71.37258 -157.41338    -1.4915    32.5763    1440.59  0.000e+00
    104.753   71.37258 -157.41338    -1.4915    32.5762    1440.59  0.000e+00
    104.776   71.37258 -157.41338    -1.4917    32.5760    1440.59  0.000e+00
    104.815   71.37258 -157.41338    -1.4917    32.5762    1440.59  0.000e+00
    104.753   71.37258 -157.41338    -1.4917    32.5765    1440.59  0.000e+00
    104.753   71.37258 -157.41338    -1.4917    32.5764    1440.59  0.000e+00
    104.815   71.37258 -157.41338    -1.4920    32.5763    1440.59  0.000e+00
    104.753   71.37258 -157.41338    -1.4919    32.5762    1440.59  0.000e+00
    104.815   71.37258 -157.41338    -1.4917    32.5764    1440.59  0.000e+00
    104.815   71.37258 -157.41338    -1.4917    32.5763    1440.59  0.000e+00
    104.815   71.37258 -157.41338    -1.4917    32.5763    1440.59  0.000e+00
    104.815   71.37258 -157.41338    -1.4919    32.5765    1440.59  0.000e+00
    104.776   71.37258 -157.41338    -1.4917    32.5760    1440.59  0.000e+00
    104.869   71.37258 -157.41338    -1.4919    32.5761    1440.59  0.000e+00
    104.815   71.37258 -157.41338    -1.4919    32.5762    1440.59  0.000e+00
    104.869   71.37258 -157.41338    -1.4920    32.5763    1440.59  0.000e+00
    104.869   71.37258 -157.41338    -1.4919    32.5761    1440.59  0.000e+00
    104.869   71.37258 -157.41338    -1.4920    32.5765    1440.59  0.000e+00
    104.869   71.37258 -157.41338    -1.4920    32.5763    1440.59  0.000e+00
    104.931   71.37258 -157.41338    -1.4919    32.5763    1440.59  0.000e+00
    104.931   71.37258 -157.41338    -1.4920    32.5763    1440.59  0.000e+00
    104.931   71.37258 -157.41338    -1.4917    32.5759    1440.59  0.000e+00
    105.008   71.37258 -157.41338    -1.4919    32.5763    1440.59  0.000e+00
    104.931   71.37258 -157.41338    -1.4919    32.5766    1440.59  0.000e+00
    105.039   71.37258 -157.41338    -1.4917    32.5760    1440.59  0.000e+00
    104.985   71.37258 -157.41338    -1.4920    32.5762    1440.59  0.000e+00
    105.039   71.37258 -157.41338    -1.4919    32.5762    1440.59  0.000e+00
    105.101   71.37258 -157.41338    -1.4919    32.5760    1440.60  0.000e+00
    105.039   71.37258 -157.41338    -1.4920    32.5764    1440.59  0.000e+00
    105.101   71.37258 -157.41338    -1.4922    32.5764    1440.59  0.000e+00
    105.155   71.37258 -157.41338    -1.4922    32.5763    1440.60  0.000e+00
    105.116   71.37258 -157.41338    -1.4922    32.5765    1440.59  0.000e+00
    105.155   71.37258 -157.41338    -1.4923    32.5765    1440.59  0.000e+00
    105.216   71.37258 -157.41338    -1.4923    32.5764    1440.60  0.000e+00
    105.216   71.37258 -157.41338    -1.4925    32.5768    1440.60  0.000e+00
    105.270   71.37258 -157.41338    -1.4922    32.5769    1440.60  0.000e+00
    105.270   71.37258 -157.41338    -1.4922    32.5764    1440.60  0.000e+00
    105.270   71.37258 -157.41338    -1.4922    32.5766    1440.60  0.000e+00
    105.332   71.37258 -157.41338    -1.4922    32.5763    1440.60  0.000e+00
    105.332   71.37258 -157.41338    -1.4919    32.5759    1440.60  0.000e+00
    105.386   71.37258 -157.41338    -1.4922    32.5768    1440.60  0.000e+00
    105.409   71.37258 -157.41338    -1.4919    32.5765    1440.60  0.000e+00
    105.440   71.37258 -157.41338    -1.4919    32.5761    1440.60  0.000e+00
    105.440   71.37258 -157.41338    -1.4919    32.5763    1440.60  0.000e+00
    105.502   71.37258 -157.41338    -1.4920    32.5767    1440.60  0.000e+00
    105.502   71.37258 -157.41338    -1.4920    32.5765    1440.60  0.000e+00
    105.556   71.37258 -157.41338    -1.4921    32.5760    1440.60  0.000e+00
    105.618   71.37258 -157.41338    -1.4926    32.5762    1440.60  0.000e+00
    105.556   71.37258 -157.41338    -1.4929    32.5768    1440.60  0.000e+00
    105.633   71.37258 -157.41338    -1.4935    32.5771    1440.60  0.000e+00
    105.672   71.37258 -157.41338    -1.4941    32.5773    1440.60  0.000e+00
    105.672   71.37258 -157.41338    -1.4946    32.5777    1440.59  0.000e+00
    105.672   71.37258 -157.41338    -1.4952    32.5780    1440.59  0.000e+00
    105.734   71.37258 -157.41338    -1.4952    32.5782    1440.59  0.000e+00
    105.788   71.37258 -157.41338    -1.4952    32.5784    1440.59  0.000e+00
    105.734   71.37258 -157.41338    -1.4954    32.5786    1440.59  0.000e+00
    105.850   71.37258 -157.41338    -1.4955    32.5786    1440.59  0.000e+00
    105.788   71.37258 -157.41338    -1.4955    32.5787    1440.59  0.000e+00
    105.865   71.37258 -157.41338    -1.4957    32.5786    1440.59  0.000e+00
    105.850   71.37258 -157.41338    -1.4960    32.5788    1440.59  0.000e+00
    105.904   71.37258 -157.41338    -1.4959    32.5787    1440.59  0.000e+00
    105.904   71.37258 -157.41338    -1.4963    32.5792    1440.59  0.000e+00
    105.958   71.37258 -157.41338    -1.4964    32.5791    1440.59  0.000e+00
    105.958   71.37258 -157.41338    -1.4972    32.5796    1440.59  0.000e+00
    105.958   71.37258 -157.41338    -1.4974    32.5795    1440.59  0.000e+00
    106.019   71.37258 -157.41338    -1.4980    32.5798    1440.59  0.000e+00
    105.981   71.37258 -157.41336    -1.4987    32.5804    1440.58  0.000e+00
    106.019   71.37258 -157.41336    -1.4994    32.5808    1440.58  0.000e+00
    106.073   71.37258 -157.41336    -1.4998    32.5809    1440.58  0.000e+00
    106.019   71.37258 -157.41336    -1.5005    32.5814    1440.58  0.000e+00
    106.073   71.37258 -157.41336    -1.5007    32.5814    1440.58  0.000e+00
    106.073   71.37258 -157.41336    -1.5012    32.5821    1440.57  0.000e+00
    106.073   71.37258 -157.41336    -1.5010    32.5821    1440.58  0.000e+00
    106.073   71.37258 -157.41336    -1.5012    32.5824    1440.58  0.000e+00
    106.097   71.37258 -157.41336    -1.5010    32.5822    1440.58  0.000e+00
    106.135   71.37258 -157.41336    -1.5007    32.5818    1440.58  0.000e+00
    106.135   71.37258 -157.41336    -1.5006    32.5817    1440.58  0.000e+00
    106.073   71.37258 -157.41336    -1.5007    32.5821    1440.58  0.000e+00
    106.135   71.37258 -157.41336    -1.5005    32.5815    1440.58  0.000e+00
    106.135   71.37258 -157.41336    -1.5003    32.5815    1440.58  0.000e+00
    106.073   71.37258 -157.41336    -1.5003    32.5817    1440.58  0.000e+00
    106.135   71.37258 -157.41336    -1.4999    32.5815    1440.58  0.000e+00
    106.151   71.37258 -157.41336    -1.4998    32.5814    1440.58  0.000e+00
