EcoFOCI/data/1_SampleCollection/2023_SikuliaqDBO_CruiseData/CTD_raw_BottleFile_SKQ23-12S/proc/skq202312s_004.cnv
* Sea-Bird SBE 9 Data File:
* FileName = D:\CTD\SKQ202312S\SKQ202312S_004.hex
* Software Version Seasave V 7.26.7.121
* Temperature SN = 6177
* Conductivity SN = 0369
* Number of Bytes Per Scan = 41
* Number of Voltage Words = 4
* Number of Scans Averaged by the Deck Unit = 1
* NMEA Latitude = 62 13.13 N
* NMEA Longitude = 174 52.60 W
* NMEA UTC (Time) = Sep 15 2023  19:57:17
* NMEA baud rate = 4800
** Ship: R/V Sikuliaq
** Station Number: 004
** Station Name: DBO1.3
** Bottom Depth: 75
** Operator: SS
** Dry cast
# nquan = 24
# nvalues = 5544                                  
# units = specified
# name 0 = depSM: Depth [salt water, m]
# name 1 = latitude: Latitude [deg]
# name 2 = longitude: Longitude [deg]
# name 3 = prDM: Pressure, Digiquartz [db]
# name 4 = t090C: Temperature [ITS-90, deg C]
# name 5 = t190C: Temperature, 2 [ITS-90, deg C]
# name 6 = potemp090C: Potential Temperature [ITS-90, deg C]
# name 7 = sal00: Salinity, Practical [PSU]
# name 8 = sal11: Salinity, Practical, 2 [PSU]
# name 9 = density00: Density [density, kg/m^3]
# name 10 = sigma-é00: Density [sigma-theta, kg/m^3]
# name 11 = sbox0Mm/Kg: Oxygen, SBE 43 [umol/kg]
# name 12 = sbox1Mm/Kg: Oxygen, SBE 43, 2 [umol/kg]
# name 13 = oxsolMm/Kg: Oxygen Saturation, Garcia & Gordon [umol/kg]
# name 14 = sbeox0PS: Oxygen, SBE 43 [% saturation]
# name 15 = sbeox1PS: Oxygen, SBE 43, 2 [% saturation]
# name 16 = v0: Voltage 0
# name 17 = flECO-AFL: Fluorescence, WET Labs ECO-AFL/FL [mg/m^3]
# name 18 = v1: Voltage 1
# name 19 = CStarAt0: Beam Attenuation, WET Labs C-Star [1/m]
# name 20 = par: PAR/Irradiance, Biospherical/Licor
# name 21 = scan: Scan Count
# name 22 = timeM: Time, Elapsed [minutes]
# name 23 = flag:  0.000e+00
# span 0 =      0.971,     70.345                 
# span 1 =   62.21878,   62.21880                 
# span 2 = -174.87668, -174.87664                 
# span 3 =      0.980,     71.039                 
# span 4 =    -1.5485,     7.7793                 
# span 5 =    -1.5473,     7.7806                 
# span 6 =    -1.5496,     7.7777                 
# span 7 =    30.8130,    31.9066                 
# span 8 =    30.8229,    31.9223                 
# span 9 =  1024.0408,  1025.9989                 
# span 10 =    24.0293,    25.6608                
# span 11 =    282.429,    423.036                
# span 12 =    268.056,    397.249                
# span 13 =  297.08483,  371.46451                
# span 14 =     76.035,    119.545                
# span 15 =     72.172,    111.064                
# span 16 =     0.0586,     0.2711                
# span 17 =     0.0036,     1.2784                
# span 18 =     3.4847,     4.2625                
# span 19 =     0.4013,     1.2074                
# span 20 = 1.0000e-12, 4.8774e+02                
# span 21 =          1,       5544                
# span 22 =     0.0000,     3.8493                
# span 23 = 0.0000e+00, 0.0000e+00                
# interval = seconds: 0.0416667
# start_time = Sep 15 2023 20:01:28 [NMEA time, first data scan]
# bad_flag = -9.990e-29
*END*
[from data line 1450]
     11.511   62.21880 -174.87666     11.623     7.7677     7.7681     7.7666    30.8662    30.8757  1024.1149    24.0616    286.493    272.456  297.24830     96.382     91.667     0.2027     0.8681     4.0073     0.6483 2.5652e+01       1451     1.0069  0.000e+00
     11.511   62.21880 -174.87666     11.623     7.7679     7.7684     7.7668    30.8666    30.8766  1024.1152    24.0619    286.486    272.445  297.24600     96.380     91.664     0.1990     0.8461     4.0061     0.6496 2.5580e+01       1452     1.0076  0.000e+00
     11.534   62.21880 -174.87666     11.647     7.7678     7.7690     7.7667    30.8668    30.8781  1024.1155    24.0621    286.458    272.432  297.24618     96.370     91.662     0.1966     0.8315     4.0061     0.6496 2.5580e+01       1453     1.0083  0.000e+00
     11.565   62.21880 -174.87666     11.678     7.7677     7.7697     7.7666    30.8671    30.8794  1024.1159    24.0623    286.454    272.233  297.24622     96.369     91.598     0.1978     0.8388     4.0061     0.6496 2.5364e+01       1454     1.0090  0.000e+00
     11.627   62.21880 -174.87666     11.740     7.7678     7.7700     7.7667    30.8671    30.8802  1024.1161    24.0623    286.638    272.210  297.24564     96.431     91.591     0.1990     0.8461     4.0061     0.6496 2.5292e+01       1455     1.0097  0.000e+00
     11.681   62.21880 -174.87666     11.795     7.7682     7.7702     7.7671    30.8679    30.8806  1024.1170    24.0629    286.466    272.190  297.24116     96.375     91.585     0.1978     0.8388     4.0061     0.6496 2.5292e+01       1456     1.0104  0.000e+00
     11.650   62.21880 -174.87666     11.763     7.7686     7.7702     7.7675    30.8685    30.8802  1024.1173    24.0633    286.454    272.171  297.23684     96.372     91.578     0.1990     0.8461     4.0061     0.6496 2.5150e+01       1457     1.0111  0.000e+00
     11.681   62.21880 -174.87666     11.795     7.7690     7.7695     7.7679    30.8688    30.8795  1024.1176    24.0635    286.446    272.160  297.23385     96.371     91.573     0.1978     0.8388     4.0061     0.6496 2.5008e+01       1458     1.0118  0.000e+00
     11.735   62.21880 -174.87666     11.849     7.7693     7.7692     7.7682    30.8690    30.8780  1024.1180    24.0636    286.626    272.151  297.23103     96.432     91.568     0.1990     0.8461     4.0061     0.6496 2.5008e+01       1459     1.0125  0.000e+00
     11.735   62.21880 -174.87666     11.849     7.7698     7.7690     7.7687    30.8698    30.8778  1024.1185    24.0641    286.639    272.138  297.22642     96.438     91.563     0.1978     0.8388     4.0061     0.6496 2.4867e+01       1460     1.0132  0.000e+00
     11.797   62.21880 -174.87666     11.911     7.7700     7.7691     7.7689    30.8703    30.8776  1024.1191    24.0645    286.468    272.127  297.22394     96.381     91.559     0.1990     0.8461     4.0061     0.6496 2.4797e+01       1461     1.0139  0.000e+00
     11.766   62.21880 -174.87666     11.880     7.7699     7.7692     7.7688    30.8699    30.8777  1024.1187    24.0642    286.647    272.113  297.22518     96.441     91.555     0.1978     0.8388     4.0061     0.6496 2.4797e+01       1462     1.0146  0.000e+00
     11.851   62.21880 -174.87666     11.966     7.7698     7.7693     7.7687    30.8693    30.8785  1024.1186    24.0638    286.668    271.933  297.22709     96.447     91.495     0.1978     0.8388     4.0073     0.6483 2.4727e+01       1463     1.0153  0.000e+00
     11.851   62.21880 -174.87666     11.966     7.7698     7.7700     7.7687    30.8708    30.8792  1024.1198    24.0649    286.679    271.902  297.22384     96.452     91.487     0.1978     0.8388     4.0061     0.6496 2.4657e+01       1464     1.0160  0.000e+00
     11.851   62.21880 -174.87666     11.966     7.7708     7.7702     7.7698    30.8720    30.8808  1024.1206    24.0658    286.683    271.875  297.21414     96.457     91.479     0.1990     0.8461     4.0061     0.6496 2.4588e+01       1465     1.0167  0.000e+00
     11.882   62.21880 -174.87666     11.997     7.7720     7.7708     7.7709    30.8717    30.8816  1024.1204    24.0654    286.876    271.849  297.20677     96.524     91.472     0.1978     0.8388     4.0049     0.6508 2.4588e+01       1466     1.0174  0.000e+00
     11.966   62.21880 -174.87666     12.083     7.7715     7.7710     7.7704    30.8712    30.8825  1024.1204    24.0650    286.731    272.000  297.21130     96.474     91.524     0.1990     0.8461     4.0049     0.6508 2.4518e+01       1467     1.0181  0.000e+00
     11.912   62.21880 -174.87666     12.028     7.7712     7.7714     7.7701    30.8709    30.8825  1024.1200    24.0648    286.741    271.994  297.21387     96.476     91.523     0.1978     0.8388     4.0049     0.6508 2.4449e+01       1468     1.0188  0.000e+00
     11.912   62.21880 -174.87666     12.028     7.7715     7.7713     7.7704    30.8712    30.8829  1024.1202    24.0650    286.747    271.824  297.21125     96.479     91.466     0.1978     0.8388     4.0049     0.6508 2.4449e+01       1469     1.0194  0.000e+00
     11.966   62.21880 -174.87666     12.083     7.7720     7.7713     7.7709    30.8712    30.8820  1024.1204    24.0649    286.753    271.814  297.20827     96.482     91.461     0.1966     0.8315     4.0049     0.6508 2.4380e+01       1470     1.0201  0.000e+00
     11.990   62.21880 -174.87666     12.106     7.7722     7.7707     7.7711    30.8705    30.8821  1024.1199    24.0643    286.386    271.807  297.20853     96.358     91.458     0.1978     0.8388     4.0049     0.6508 2.4380e+01       1471     1.0208  0.000e+00
     11.966   62.21880 -174.87666     12.083     7.7722     7.7708     7.7711    30.8703    30.8811  1024.1196    24.0642    286.743    271.966  297.20890     96.479     91.511     0.1978     0.8388     4.0049     0.6508 2.4380e+01       1472     1.0215  0.000e+00
     12.028   62.21880 -174.87666     12.145     7.7724     7.7707     7.7713    30.8695    30.8808  1024.1192    24.0635    286.753    271.978  297.20935     96.482     91.514     0.1978     0.8388     4.0049     0.6508 2.4380e+01       1473     1.0222  0.000e+00
     12.028   62.21880 -174.87666     12.145     7.7717     7.7705     7.7706    30.8688    30.8797  1024.1188    24.0631    286.765    271.990  297.21508     96.484     91.517     0.1978     0.8388     4.0061     0.6496 2.4312e+01       1474     1.0229  0.000e+00
     11.990   62.21880 -174.87666     12.106     7.7712     7.7693     7.7701    30.8676    30.8796  1024.1177    24.0622    286.776    272.006  297.22148     96.485     91.520     0.1978     0.8388     4.0049     0.6508 2.4312e+01       1475     1.0236  0.000e+00
     12.082   62.21880 -174.87666     12.200     7.7696     7.7693     7.7685    30.8670    30.8784  1024.1180    24.0620    286.983    271.853  297.23334     96.551     91.468     0.1978     0.8388     4.0049     0.6508 2.4312e+01       1476     1.0243  0.000e+00
     12.028   62.21880 -174.87666     12.145     7.7683     7.7693     7.7672    30.8658    30.8784  1024.1169    24.0612    287.020    271.849  297.24514     96.560     91.467     0.1954     0.8242     4.0049     0.6508 2.4380e+01       1477     1.0250  0.000e+00
     12.082   62.21880 -174.87666     12.200     7.7669     7.7692     7.7658    30.8655    30.8786  1024.1171    24.0612    287.084    271.851  297.25514     96.578     91.467     0.1954     0.8242     4.0049     0.6508 2.4380e+01       1478     1.0257  0.000e+00
     12.028   62.21880 -174.87666     12.145     7.7658     7.7689     7.7647    30.8658    30.8783  1024.1172    24.0615    286.925    271.853  297.26186     96.523     91.467     0.1941     0.8168     4.0049     0.6508 2.4380e+01       1479     1.0264  0.000e+00
     12.105   62.21880 -174.87666     12.223     7.7653     7.7682     7.7642    30.8660    30.8776  1024.1179    24.0618    287.116    271.865  297.26432     96.586     91.469     0.1954     0.8242     4.0049     0.6508 2.4380e+01       1480     1.0271  0.000e+00
     12.028   62.21880 -174.87666     12.145     7.7653     7.7676     7.7642    30.8661    30.8765  1024.1176    24.0619    286.947    271.874  297.26449     96.529     91.470     0.1941     0.8168     4.0049     0.6508 2.4449e+01       1481     1.0278  0.000e+00
     12.082   62.21880 -174.87666     12.200     7.7649     7.7650     7.7638    30.8668    30.8747  1024.1185    24.0625    286.945    271.903  297.26558     96.528     91.474     0.1954     0.8242     4.0049     0.6508 2.4449e+01       1482     1.0285  0.000e+00
     12.082   62.21880 -174.87666     12.200     7.7640     7.7620     7.7629    30.8655    30.8717  1024.1176    24.0616    286.974    271.939  297.27441     96.535     91.477     0.1941     0.8168     4.0049     0.6508 2.4449e+01       1483     1.0292  0.000e+00
     12.051   62.21880 -174.87666     12.168     7.7629     7.7602     7.7617    30.8624    30.8677  1024.1151    24.0593    286.981    271.969  297.28892     96.533     91.481     0.1954     0.8242     4.0049     0.6508 2.4518e+01       1484     1.0299  0.000e+00
     12.082   62.21880 -174.87666     12.200     7.7610     7.7577     7.7598    30.8553    30.8665  1024.1099    24.0540    287.003    271.986  297.31707     96.531     91.481     0.1941     0.8168     4.0049     0.6508 2.4588e+01       1485     1.0306  0.000e+00
     12.028   62.21880 -174.87666     12.145     7.7535     7.7568     7.7524    30.8480    30.8660  1024.1050    24.0492    287.088    272.005  297.38323     96.538     91.485     0.1954     0.8242     4.0049     0.6508 2.4588e+01       1486     1.0313  0.000e+00
     12.082   62.21880 -174.87666     12.200     7.7473     7.7548     7.7462    30.8435    30.8651  1024.1026    24.0466    287.323    271.870  297.43440     96.600     91.435     0.1941     0.8168     4.0037     0.6520 2.4657e+01       1487     1.0319  0.000e+00
     12.051   62.21880 -174.87666     12.168     7.7440     7.7514     7.7429    30.8429    30.8613  1024.1024    24.0466    287.174    272.072  297.45852     96.543     91.493     0.1954     0.8242     4.0024     0.6532 2.4727e+01       1488     1.0326  0.000e+00
     12.028   62.21880 -174.87666     12.145     7.7426     7.7479     7.7415    30.8424    30.8571  1024.1021    24.0464    287.173    272.107  297.46870     96.539     91.495     0.1929     0.8095     4.0024     0.6532 2.4867e+01       1489     1.0333  0.000e+00
     12.082   62.21880 -174.87666     12.200     7.7417     7.7456     7.7406    30.8432    30.8547  1024.1031    24.0471    287.167    272.305  297.47307     96.536     91.555     0.1954     0.8242     4.0024     0.6532 2.4867e+01       1490     1.0340  0.000e+00
     12.028   62.21880 -174.87666     12.145     7.7425     7.7443     7.7414    30.8451    30.8542  1024.1042    24.0485    287.142    272.183  297.46386     96.530     91.511     0.1929     0.8095     4.0024     0.6532 2.4938e+01       1491     1.0347  0.000e+00
     11.966   62.21880 -174.87666     12.083     7.7440     7.7437     7.7429    30.8472    30.8540  1024.1054    24.0500    287.298    272.194  297.44916     96.587     91.513     0.1941     0.8168     4.0024     0.6532 2.5079e+01       1492     1.0354  0.000e+00
     11.989   62.21880 -174.87666     12.106     7.7451     7.7434     7.7440    30.8477    30.8538  1024.1057    24.0502    287.111    272.207  297.44073     96.527     91.517     0.1941     0.8168     4.0024     0.6532 2.5079e+01       1493     1.0361  0.000e+00
     12.028   62.21880 -174.87666     12.145     7.7458     7.7426     7.7446    30.8491    30.8523  1024.1070    24.0513    287.086    272.228  297.43289     96.521     91.522     0.1941     0.8168     4.0024     0.6532 2.5150e+01       1494     1.0368  0.000e+00
     12.028   62.21880 -174.87666     12.145     7.7470     7.7412     7.7459    30.8505    30.8513  1024.1078    24.0521    287.056    272.423  297.42167     96.515     91.583     0.1941     0.8168     4.0024     0.6532 2.5364e+01       1495     1.0375  0.000e+00
     11.912   62.21880 -174.87666     12.028     7.7477     7.7410     7.7466    30.8500    30.8507  1024.1069    24.0517    287.215    272.450  297.41789     96.570     91.592     0.1941     0.8168     4.0024     0.6532 2.5436e+01       1496     1.0382  0.000e+00
     11.989   62.21880 -174.87666     12.106     7.7465     7.7402     7.7454    30.8487    30.8511  1024.1064    24.0508    287.071    272.488  297.42879     96.518     91.603     0.1954     0.8242     4.0024     0.6532 2.5436e+01       1497     1.0389  0.000e+00
     11.966   62.21880 -174.87666     12.083     7.7455     7.7397     7.7444    30.8473    30.8498  1024.1053    24.0498    287.059    272.354  297.43895     96.510     91.556     0.1941     0.8168     4.0024     0.6532 2.5725e+01       1498     1.0396  0.000e+00
     11.966   62.21880 -174.87666     12.083     7.7451     7.7392     7.7440    30.8469    30.8502  1024.1050    24.0496    287.040    272.373  297.44246     96.503     91.562     0.1954     0.8242     4.0024     0.6532 2.5797e+01       1499     1.0403  0.000e+00
     11.851   62.21880 -174.87666     11.966     7.7448     7.7402     7.7437    30.8469    30.8514  1024.1045    24.0496    287.013    272.377  297.44410     96.493     91.566     0.1941     0.8168     4.0024     0.6532 2.5870e+01       1500     1.0410  0.000e+00
     11.912   62.21880 -174.87666     12.028     7.7454     7.7412     7.7443    30.8475    30.8530  1024.1052    24.0500    286.985    272.389  297.43882     96.485     91.573     0.1954     0.8242     4.0024     0.6532 2.6164e+01       1501     1.0417  0.000e+00
     11.935   62.21880 -174.87666     12.051     7.7461     7.7423     7.7450    30.8491    30.8538  1024.1065    24.0512    286.952    272.401  297.43065     96.477     91.580     0.2002     0.8535     4.0024     0.6532 2.6312e+01       1502     1.0424  0.000e+00
     11.912   62.21880 -174.87666     12.028     7.7475     7.7432     7.7464    30.8505    30.8547  1024.1073    24.0521    286.911    272.397  297.41821     96.467     91.581     0.2063     0.8901     4.0024     0.6532 2.6312e+01       1503     1.0431  0.000e+00
     11.850   62.21880 -174.87666     11.966     7.7483     7.7439     7.7472    30.8513    30.8551  1024.1075    24.0526    286.899    272.565  297.41082     96.466     91.639     0.2063     0.8901     4.0024     0.6532 2.6611e+01       1504     1.0438  0.000e+00
     11.850   62.21880 -174.87666     11.966     7.7491     7.7435     7.7480    30.8516    30.8550  1024.1076    24.0527    286.865    272.588  297.40469     96.456     91.646     0.2076     0.8974     4.0024     0.6532 2.6762e+01       1505     1.0444  0.000e+00
     11.820   62.21880 -174.87666     11.935     7.7495     7.7443     7.7484    30.8516    30.8547  1024.1074    24.0527    286.832    272.604  297.40243     96.446     91.653     0.2063     0.8901     4.0024     0.6532 2.6838e+01       1506     1.0451  0.000e+00
     11.796   62.21880 -174.87666     11.911     7.7503     7.7434     7.7492    30.8531    30.8552  1024.1084    24.0538    286.792    272.630  297.39374     96.435     91.660     0.2063     0.8901     4.0000     0.6557 2.7066e+01       1507     1.0458  0.000e+00
     11.796   62.21880 -174.87666     11.911     7.7527     7.7437     7.7516    30.8566    30.8543  1024.1108    24.0562    286.575    272.652  297.36979     96.370     91.667     0.2051     0.8828     4.0000     0.6557 2.7374e+01       1508     1.0465  0.000e+00
     11.796   62.21880 -174.87666     11.911     7.7547     7.7455     7.7536    30.8585    30.8554  1024.1120    24.0574    286.715    272.659  297.35259     96.423     91.674     0.2076     0.8974     4.0000     0.6557 2.7374e+01       1509     1.0472  0.000e+00
