EcoFOCI/data/1_SampleCollection/2023_SikuliaqDBO_CruiseData/CTD_raw_BottleFile_SKQ23-12S/proc/skq202312s_004.cnv
* Sea-Bird SBE 9 Data File:
* FileName = D:\CTD\SKQ202312S\SKQ202312S_004.hex
* Software Version Seasave V 7.26.7.121
* Temperature SN = 6177
* Conductivity SN = 0369
* Number of Bytes Per Scan = 41
* Number of Voltage Words = 4
* Number of Scans Averaged by the Deck Unit = 1
* NMEA Latitude = 62 13.13 N
* NMEA Longitude = 174 52.60 W
* NMEA UTC (Time) = Sep 15 2023  19:57:17
* NMEA baud rate = 4800
** Ship: R/V Sikuliaq
** Station Number: 004
** Station Name: DBO1.3
** Bottom Depth: 75
** Operator: SS
** Dry cast
# nquan = 24
# nvalues = 5544                                  
# units = specified
# name 0 = depSM: Depth [salt water, m]
# name 1 = latitude: Latitude [deg]
# name 2 = longitude: Longitude [deg]
# name 3 = prDM: Pressure, Digiquartz [db]
# name 4 = t090C: Temperature [ITS-90, deg C]
# name 5 = t190C: Temperature, 2 [ITS-90, deg C]
# name 6 = potemp090C: Potential Temperature [ITS-90, deg C]
# name 7 = sal00: Salinity, Practical [PSU]
# name 8 = sal11: Salinity, Practical, 2 [PSU]
# name 9 = density00: Density [density, kg/m^3]
# name 10 = sigma-é00: Density [sigma-theta, kg/m^3]
# name 11 = sbox0Mm/Kg: Oxygen, SBE 43 [umol/kg]
# name 12 = sbox1Mm/Kg: Oxygen, SBE 43, 2 [umol/kg]
# name 13 = oxsolMm/Kg: Oxygen Saturation, Garcia & Gordon [umol/kg]
# name 14 = sbeox0PS: Oxygen, SBE 43 [% saturation]
# name 15 = sbeox1PS: Oxygen, SBE 43, 2 [% saturation]
# name 16 = v0: Voltage 0
# name 17 = flECO-AFL: Fluorescence, WET Labs ECO-AFL/FL [mg/m^3]
# name 18 = v1: Voltage 1
# name 19 = CStarAt0: Beam Attenuation, WET Labs C-Star [1/m]
# name 20 = par: PAR/Irradiance, Biospherical/Licor
# name 21 = scan: Scan Count
# name 22 = timeM: Time, Elapsed [minutes]
# name 23 = flag:  0.000e+00
# span 0 =      0.971,     70.345                 
# span 1 =   62.21878,   62.21880                 
# span 2 = -174.87668, -174.87664                 
# span 3 =      0.980,     71.039                 
# span 4 =    -1.5485,     7.7793                 
# span 5 =    -1.5473,     7.7806                 
# span 6 =    -1.5496,     7.7777                 
# span 7 =    30.8130,    31.9066                 
# span 8 =    30.8229,    31.9223                 
# span 9 =  1024.0408,  1025.9989                 
# span 10 =    24.0293,    25.6608                
# span 11 =    282.429,    423.036                
# span 12 =    268.056,    397.249                
# span 13 =  297.08483,  371.46451                
# span 14 =     76.035,    119.545                
# span 15 =     72.172,    111.064                
# span 16 =     0.0586,     0.2711                
# span 17 =     0.0036,     1.2784                
# span 18 =     3.4847,     4.2625                
# span 19 =     0.4013,     1.2074                
# span 20 = 1.0000e-12, 4.8774e+02                
# span 21 =          1,       5544                
# span 22 =     0.0000,     3.8493                
# span 23 = 0.0000e+00, 0.0000e+00                
# interval = seconds: 0.0416667
# start_time = Sep 15 2023 20:01:28 [NMEA time, first data scan]
# bad_flag = -9.990e-29
*END*
[from data line 1751]
     13.855   62.21880 -174.87666     13.990     7.7737     7.7608     7.7724    30.8766    30.8718  1024.1331    24.0689    286.299    272.703  297.18524     96.337     91.732     0.2125     0.9267     4.0000     0.6557 2.0989e+01       1752     1.2160  0.000e+00
     13.855   62.21880 -174.87666     13.990     7.7711     7.7620     7.7698    30.8774    30.8746  1024.1341    24.0699    286.333    272.716  297.20092     96.343     91.741     0.2137     0.9341     4.0012     0.6544 2.0870e+01       1753     1.2167  0.000e+00
     13.878   62.21880 -174.87666     14.013     7.7730     7.7633     7.7717    30.8763    30.8767  1024.1331    24.0689    286.341    272.731  297.19043     96.349     91.750     0.2125     0.9267     4.0000     0.6557 2.0870e+01       1754     1.2174  0.000e+00
     13.916   62.21880 -174.87666     14.052     7.7733     7.7647     7.7720    30.8758    30.8787  1024.1328    24.0684    286.361    272.731  297.18927     96.356     91.754     0.2137     0.9341     4.0000     0.6557 2.0811e+01       1755     1.2181  0.000e+00
     13.916   62.21880 -174.87666     14.052     7.7737     7.7667     7.7724    30.8743    30.8797  1024.1317    24.0672    286.357    272.729  297.19005     96.355     91.758     0.2125     0.9267     4.0000     0.6557 2.0753e+01       1756     1.2188  0.000e+00
     13.916   62.21880 -174.87666     14.052     7.7735     7.7679     7.7722    30.8748    30.8806  1024.1320    24.0676    286.352    272.749  297.19045     96.353     91.768     0.2137     0.9341     4.0000     0.6557 2.0694e+01       1757     1.2194  0.000e+00
     13.940   62.21880 -174.87666     14.075     7.7737     7.7690     7.7724    30.8758    30.8819  1024.1329    24.0683    286.396    272.755  297.18691     96.369     91.773     0.2149     0.9414     4.0000     0.6557 2.0636e+01       1758     1.2201  0.000e+00
     13.916   62.21880 -174.87666     14.052     7.7741     7.7697     7.7728    30.8743    30.8822  1024.1316    24.0671    286.605    272.765  297.18703     96.439     91.778     0.2149     0.9414     4.0000     0.6557 2.0519e+01       1759     1.2208  0.000e+00
     13.970   62.21880 -174.87666     14.106     7.7730     7.7703     7.7717    30.8715    30.8824  1024.1297    24.0650    286.668    272.778  297.20066     96.456     91.784     0.2149     0.9414     4.0012     0.6544 2.0519e+01       1760     1.2215  0.000e+00
     13.970   62.21880 -174.87666     14.106     7.7714     7.7708     7.7701    30.8704    30.8826  1024.1291    24.0644    286.517    272.791  297.21394     96.401     91.790     0.2149     0.9414     4.0000     0.6557 2.0404e+01       1761     1.2222  0.000e+00
     13.994   62.21880 -174.87666     14.130     7.7702     7.7708     7.7689    30.8703    30.8833  1024.1293    24.0645    286.523    272.791  297.22232     96.400     91.790     0.2149     0.9414     4.0012     0.6544 2.0289e+01       1762     1.2229  0.000e+00
     14.024   62.21880 -174.87666     14.161     7.7701     7.7710     7.7688    30.8707    30.8840  1024.1298    24.0648    286.521    272.791  297.22204     96.400     91.791     0.2161     0.9487     4.0000     0.6557 2.0289e+01       1763     1.2236  0.000e+00
     13.970   62.21880 -174.87666     14.106     7.7701     7.7716     7.7688    30.8716    30.8853  1024.1303    24.0656    286.514    272.800  297.22040     96.398     91.796     0.2137     0.9341     4.0000     0.6557 2.0174e+01       1764     1.2243  0.000e+00
     14.055   62.21880 -174.87666     14.192     7.7700     7.7726     7.7687    30.8725    30.8857  1024.1313    24.0662    286.513    272.797  297.21922     96.398     91.797     0.2149     0.9414     4.0000     0.6557 2.0060e+01       1765     1.2250  0.000e+00
     14.024   62.21880 -174.87666     14.161     7.7700     7.7727     7.7687    30.8734    30.8860  1024.1319    24.0669    286.507    272.795  297.21729     96.397     91.797     0.2149     0.9414     4.0000     0.6557 2.0004e+01       1766     1.2257  0.000e+00
     14.024   62.21880 -174.87666     14.161     7.7706     7.7727     7.7693    30.8746    30.8861  1024.1328    24.0679    286.497    272.796  297.21053     96.395     91.798     0.2149     0.9414     4.0000     0.6557 1.9947e+01       1767     1.2264  0.000e+00
     14.140   62.21880 -174.87666     14.278     7.7714     7.7722     7.7701    30.8733    30.8858  1024.1322    24.0667    286.495    272.806  297.20769     96.396     91.800     0.2137     0.9341     4.0000     0.6557 1.9891e+01       1768     1.2271  0.000e+00
     14.055   62.21880 -174.87666     14.192     7.7701     7.7716     7.7688    30.8722    30.8847  1024.1311    24.0660    286.714    272.810  297.21922     96.466     91.799     0.2149     0.9414     4.0000     0.6557 1.9835e+01       1769     1.2278  0.000e+00
     14.140   62.21880 -174.87666     14.278     7.7695     7.7708     7.7681    30.8712    30.8835  1024.1308    24.0653    286.558    272.823  297.22534     96.411     91.801     0.2149     0.9414     4.0012     0.6544 1.9779e+01       1770     1.2285  0.000e+00
     14.086   62.21880 -174.87666     14.223     7.7696     7.7698     7.7683    30.8718    30.8821  1024.1310    24.0658    286.551    272.831  297.22298     96.409     91.801     0.2149     0.9414     4.0024     0.6532 1.9612e+01       1771     1.2292  0.000e+00
     14.140   62.21880 -174.87666     14.278     7.7699     7.7695     7.7686    30.8725    30.8812  1024.1317    24.0663    286.546    272.838  297.21954     96.409     91.802     0.2161     0.9487     4.0012     0.6544 1.9612e+01       1772     1.2299  0.000e+00
     14.163   62.21880 -174.87666     14.301     7.7695     7.7687     7.7681    30.8717    30.8814  1024.1313    24.0657    286.549    272.846  297.22433     96.408     91.803     0.2149     0.9414     4.0024     0.6532 1.9556e+01       1773     1.2306  0.000e+00
     14.140   62.21880 -174.87666     14.278     7.7676     7.7689     7.7663    30.8701    30.8811  1024.1302    24.0647    286.561    272.676  297.24013     96.407     91.746     0.2161     0.9487     4.0012     0.6544 1.9391e+01       1774     1.2313  0.000e+00
     14.202   62.21880 -174.87666     14.340     7.7670     7.7695     7.7657    30.8700    30.8821  1024.1305    24.0647    286.565    272.657  297.24433     96.407     91.742     0.2149     0.9414     4.0024     0.6532 1.9336e+01       1775     1.2319  0.000e+00
     14.202   62.21880 -174.87666     14.340     7.7673     7.7707     7.7660    30.8698    30.8825  1024.1303    24.0645    286.560    272.635  297.24266     96.406     91.737     0.2161     0.9487     4.0024     0.6532 1.9336e+01       1776     1.2326  0.000e+00
     14.225   62.21880 -174.87666     14.363     7.7674     7.7702     7.7661    30.8696    30.8825  1024.1302    24.0643    286.558    272.610  297.24292     96.405     91.727     0.2149     0.9414     4.0012     0.6544 1.9173e+01       1777     1.2333  0.000e+00
     14.202   62.21880 -174.87666     14.340     7.7670     7.7689     7.7657    30.8696    30.8813  1024.1302    24.0644    286.556    272.437  297.24520     96.404     91.666     0.2149     0.9414     4.0012     0.6544 1.9065e+01       1778     1.2340  0.000e+00
     14.256   62.21880 -174.87666     14.394     7.7668     7.7674     7.7655    30.8693    30.8791  1024.1302    24.0642    286.557    272.579  297.24724     96.404     91.709     0.2149     0.9414     4.0012     0.6544 1.9065e+01       1779     1.2347  0.000e+00
     14.279   62.21880 -174.87666     14.418     7.7669     7.7668     7.7656    30.8689    30.8777  1024.1300    24.0639    286.555    272.575  297.24774     96.403     91.705     0.2149     0.9414     4.0012     0.6544 1.8903e+01       1780     1.2354  0.000e+00
     14.256   62.21880 -174.87666     14.394     7.7665     7.7662     7.7652    30.8684    30.8771  1024.1295    24.0635    286.555    272.569  297.25153     96.402     91.702     0.2149     0.9414     4.0024     0.6532 1.8850e+01       1781     1.2361  0.000e+00
     14.317   62.21880 -174.87666     14.457     7.7661     7.7655     7.7648    30.8684    30.8758  1024.1299    24.0636    286.557    272.568  297.25406     96.401     91.699     0.2149     0.9414     4.0012     0.6544 1.8797e+01       1782     1.2368  0.000e+00
     14.317   62.21880 -174.87666     14.457     7.7662     7.7644     7.7649    30.8687    30.8753  1024.1301    24.0638    286.553    272.567  297.25247     96.400     91.696     0.2149     0.9414     4.0012     0.6544 1.8691e+01       1783     1.2375  0.000e+00
     14.341   62.21880 -174.87666     14.480     7.7662     7.7636     7.7648    30.8684    30.8736  1024.1300    24.0636    286.551    272.568  297.25337     96.400     91.694     0.2149     0.9414     4.0024     0.6532 1.8585e+01       1784     1.2382  0.000e+00
     14.317   62.21880 -174.87666     14.457     7.7662     7.7628     7.7649    30.8687    30.8724  1024.1301    24.0638    286.546    272.567  297.25247     96.398     91.691     0.2149     0.9414     4.0012     0.6544 1.8585e+01       1785     1.2389  0.000e+00
     14.371   62.21880 -174.87666     14.511     7.7662     7.7625     7.7648    30.8687    30.8721  1024.1303    24.0638    286.546    272.394  297.25292     96.398     91.632     0.2161     0.9487     4.0012     0.6544 1.8480e+01       1786     1.2396  0.000e+00
     14.395   62.21880 -174.87666     14.535     7.7661     7.7623     7.7647    30.8680    30.8729  1024.1300    24.0633    286.545    272.372  297.25493     96.397     91.625     0.2149     0.9414     4.0012     0.6544 1.8376e+01       1787     1.2403  0.000e+00
     14.425   62.21880 -174.87666     14.566     7.7661     7.7629     7.7647    30.8670    30.8744  1024.1293    24.0625    286.546    272.515  297.25710     96.397     91.675     0.2149     0.9414     4.0012     0.6544 1.8376e+01       1788     1.2410  0.000e+00
     14.371   62.21880 -174.87666     14.511     7.7657     7.7636     7.7644    30.8665    30.8761  1024.1287    24.0622    286.544    272.332  297.26086     96.395     91.616     0.2149     0.9414     4.0024     0.6532 1.8272e+01       1789     1.2417  0.000e+00
     14.425   62.21880 -174.87666     14.566     7.7651     7.7639     7.7638    30.8664    30.8765  1024.1289    24.0621    286.547    272.312  297.26490     96.395     91.610     0.2149     0.9414     4.0024     0.6532 1.8118e+01       1790     1.2424  0.000e+00
     14.456   62.21880 -174.87666     14.597     7.7649     7.7641     7.7635    30.8658    30.8758  1024.1287    24.0618    286.548    272.296  297.26771     96.394     91.604     0.2149     0.9414     4.0037     0.6520 1.8118e+01       1791     1.2431  0.000e+00
     14.487   62.21880 -174.87666     14.628     7.7646     7.7639     7.7633    30.8665    30.8756  1024.1294    24.0623    286.547    272.282  297.26806     96.393     91.599     0.2149     0.9414     4.0037     0.6520 1.8067e+01       1792     1.2437  0.000e+00
     14.487   62.21880 -174.87666     14.628     7.7645     7.7643     7.7632    30.8665    30.8753  1024.1294    24.0624    286.544    272.266  297.26854     96.392     91.594     0.2161     0.9487     4.0037     0.6520 1.7914e+01       1793     1.2444  0.000e+00
     14.487   62.21880 -174.87666     14.628     7.7648     7.7647     7.7634    30.8671    30.8771  1024.1298    24.0627    286.538    272.246  297.26576     96.391     91.590     0.2149     0.9414     4.0037     0.6520 1.7863e+01       1794     1.2451  0.000e+00
     14.510   62.21880 -174.87666     14.651     7.7653     7.7663     7.7639    30.8673    30.8791  1024.1300    24.0628    286.345    272.220  297.26188     96.327     91.586     0.2161     0.9487     4.0037     0.6520 1.7863e+01       1795     1.2458  0.000e+00
     14.603   62.21880 -174.87666     14.745     7.7657     7.7668     7.7643    30.8691    30.8805  1024.1318    24.0642    286.502    272.206  297.25538     96.382     91.583     0.2149     0.9414     4.0037     0.6520 1.7712e+01       1796     1.2465  0.000e+00
     14.541   62.21880 -174.87666     14.683     7.7674     7.7681     7.7660    30.8725    30.8811  1024.1340    24.0667    286.478    272.015  297.23648     96.381     91.522     0.2149     0.9414     4.0037     0.6520 1.7662e+01       1797     1.2472  0.000e+00
     14.626   62.21880 -174.87666     14.768     7.7680     7.7690     7.7666    30.8720    30.8821  1024.1339    24.0661    286.476    272.156  297.23369     96.381     91.572     0.2149     0.9414     4.0037     0.6520 1.7662e+01       1798     1.2479  0.000e+00
     14.603   62.21880 -174.87666     14.745     7.7672     7.7690     7.7659    30.8687    30.8823  1024.1313    24.0637    286.486    272.148  297.24582     96.380     91.570     0.2149     0.9414     4.0037     0.6520 1.7513e+01       1799     1.2486  0.000e+00
     14.657   62.21880 -174.87666     14.799     7.7663     7.7697     7.7650    30.8685    30.8830  1024.1315    24.0637    286.492    272.140  297.25216     96.380     91.569     0.2149     0.9414     4.0037     0.6520 1.7463e+01       1800     1.2493  0.000e+00
     14.657   62.21880 -174.87666     14.799     7.7674     7.7711     7.7660    30.8711    30.8853  1024.1334    24.0656    286.477    272.123  297.23953     96.379     91.567     0.2149     0.9414     4.0037     0.6520 1.7414e+01       1801     1.2500  0.000e+00
     14.680   62.21880 -174.87666     14.823     7.7692     7.7726     7.7678    30.8751    30.8878  1024.1364    24.0684    286.455    272.107  297.21881     96.378     91.567     0.2149     0.9414     4.0037     0.6520 1.7267e+01       1802     1.2507  0.000e+00
     14.719   62.21880 -174.87666     14.862     7.7712     7.7737     7.7698    30.8780    30.8895  1024.1386    24.0704    286.434    272.097  297.19882     96.378     91.567     0.2149     0.9414     4.0037     0.6520 1.7218e+01       1803     1.2514  0.000e+00
     14.719   62.21880 -174.87666     14.862     7.7725     7.7745     7.7712    30.8802    30.8911  1024.1401    24.0719    286.230    271.919  297.18515     96.314     91.510     0.2149     0.9414     4.0037     0.6520 1.7218e+01       1804     1.2521  0.000e+00
     14.742   62.21880 -174.87666     14.885     7.7731     7.7752     7.7718    30.8809    30.8924  1024.1407    24.0725    286.387    271.899  297.17945     96.368     91.505     0.2149     0.9414     4.0037     0.6520 1.7072e+01       1805     1.2528  0.000e+00
     14.773   62.21880 -174.87666     14.916     7.7740     7.7759     7.7726    30.8816    30.8929  1024.1413    24.0729    286.379    271.883  297.17232     96.368     91.502     0.2149     0.9414     4.0037     0.6520 1.7024e+01       1806     1.2535  0.000e+00
     14.773   62.21880 -174.87666     14.916     7.7741     7.7761     7.7728    30.8825    30.8934  1024.1420    24.0735    286.188    271.872  297.16939     96.305     91.498     0.2149     0.9414     4.0037     0.6520 1.7024e+01       1807     1.2542  0.000e+00
     14.827   62.21880 -174.87666     14.971     7.7749     7.7766     7.7735    30.8832    30.8936  1024.1426    24.0740    286.184    271.862  297.16252     96.305     91.497     0.2173     0.9560     4.0037     0.6520 1.6880e+01       1808     1.2549  0.000e+00
     14.796   62.21880 -174.87666     14.940     7.7751     7.7764     7.7737    30.8834    30.8944  1024.1427    24.0741    286.371    271.855  297.16067     96.369     91.494     0.2234     0.9927     4.0037     0.6520 1.6785e+01       1809     1.2556  0.000e+00
     14.827   62.21880 -174.87666     14.971     7.7754     7.7767     7.7740    30.8835    30.8948  1024.1429    24.0742    286.373    271.850  297.15839     96.371     91.494     0.2247     1.0000     4.0012     0.6544 1.6785e+01       1810     1.2563  0.000e+00
     14.888   62.21880 -174.87666     15.033     7.7759     7.7767     7.7745    30.8834    30.8949  1024.1430    24.0740    286.188    271.851  297.15535     96.309     91.494     0.2247     1.0000     4.0012     0.6544 1.6690e+01       1811     1.2569  0.000e+00
