EcoFOCI/data/1_SampleCollection/2023_SikuliaqDBO_CruiseData/CTD_raw_BottleFile_SKQ23-12S/proc/skq202312s_007.cnv
* Sea-Bird SBE 9 Data File:
* FileName = D:\CTD\SKQ202312S\SKQ202312S_007.hex
* Software Version Seasave V 7.26.7.121
* Temperature SN = 6177
* Conductivity SN = 0369
* Number of Bytes Per Scan = 41
* Number of Voltage Words = 4
* Number of Scans Averaged by the Deck Unit = 1
* NMEA Latitude = 62 33.56 N
* NMEA Longitude = 173 33.01 W
* NMEA UTC (Time) = Sep 16 2023  04:45:18
* NMEA baud rate = 4800
** Ship: R/V Sikuliaq
** Station Number: 007
** Station Name: DBO1.6
** Bottom Depth: 65
** Operator: SD
# nquan = 24
# nvalues = 7575                                  
# units = specified
# name 0 = depSM: Depth [salt water, m]
# name 1 = latitude: Latitude [deg]
# name 2 = longitude: Longitude [deg]
# name 3 = prDM: Pressure, Digiquartz [db]
# name 4 = t090C: Temperature [ITS-90, deg C]
# name 5 = t190C: Temperature, 2 [ITS-90, deg C]
# name 6 = potemp090C: Potential Temperature [ITS-90, deg C]
# name 7 = sal00: Salinity, Practical [PSU]
# name 8 = sal11: Salinity, Practical, 2 [PSU]
# name 9 = density00: Density [density, kg/m^3]
# name 10 = sigma-é00: Density [sigma-theta, kg/m^3]
# name 11 = sbox0Mm/Kg: Oxygen, SBE 43 [umol/kg]
# name 12 = sbox1Mm/Kg: Oxygen, SBE 43, 2 [umol/kg]
# name 13 = oxsolMm/Kg: Oxygen Saturation, Garcia & Gordon [umol/kg]
# name 14 = sbeox0PS: Oxygen, SBE 43 [% saturation]
# name 15 = sbeox1PS: Oxygen, SBE 43, 2 [% saturation]
# name 16 = v0: Voltage 0
# name 17 = flECO-AFL: Fluorescence, WET Labs ECO-AFL/FL [mg/m^3]
# name 18 = v1: Voltage 1
# name 19 = CStarAt0: Beam Attenuation, WET Labs C-Star [1/m]
# name 20 = par: PAR/Irradiance, Biospherical/Licor
# name 21 = scan: Scan Count
# name 22 = timeM: Time, Elapsed [minutes]
# name 23 = flag:  0.000e+00
# span 0 =      1.566,     60.986                 
# span 1 =   62.55918,   62.55922                 
# span 2 = -173.55038, -173.55032                 
# span 3 =      1.582,     61.588                 
# span 4 =    -1.5136,     7.6712                 
# span 5 =    -1.5124,     7.6732                 
# span 6 =    -1.5145,     7.6709                 
# span 7 =    31.0334,    31.9096                 
# span 8 =    31.0428,    31.9260                 
# span 9 =  1024.2197,  1025.9436                 
# span 10 =    24.2063,    25.6620                
# span 11 =    277.693,    400.630                
# span 12 =    263.671,    357.364                
# span 13 =  297.52962,  371.14876                
# span 14 =     74.822,    110.676                
# span 15 =     71.055,     97.856                
# span 16 =     0.0830,     0.3492                
# span 17 =     0.1502,     1.7472                
# span 18 =     3.0757,     4.1477                
# span 19 =     0.5105,     1.7071                
# span 20 = 1.0000e-12, 1.0618e+02                
# span 21 =          1,       7575                
# span 22 =     0.0000,     5.2597                
# span 23 = 0.0000e+00, 0.0000e+00                
# interval = seconds: 0.0416667
# start_time = Sep 16 2023 04:49:28 [NMEA time, first data scan]
# bad_flag = -9.990e-29
*END*
[from data line 967]
      3.401   62.55918 -173.55036      3.434     7.6615     7.6645     7.6612    31.0408    31.0491  1024.2290    24.2132    291.420    277.963  297.58543     97.928     93.418     0.1929     0.8095     3.9548     0.7011 5.9781e+01        968     0.6715  0.000e+00
      3.347   62.55918 -173.55036      3.380     7.6619     7.6645     7.6616    31.0407    31.0490  1024.2285    24.2130    291.232    277.957  297.58275     97.866     93.416     0.1941     0.8168     3.9560     0.6999 5.9278e+01        969     0.6722  0.000e+00
      3.401   62.55918 -173.55036      3.434     7.6625     7.6645     7.6622    31.0401    31.0491  1024.2282    24.2125    291.399    277.783  297.58000     97.923     93.358     0.1941     0.8168     3.9560     0.6999 5.9111e+01        970     0.6729  0.000e+00
      3.401   62.55918 -173.55036      3.434     7.6626     7.6641     7.6623    31.0398    31.0493  1024.2280    24.2122    291.404    277.931  297.58032     97.925     93.407     0.1929     0.8095     3.9548     0.7011 5.9111e+01        971     0.6736  0.000e+00
      3.401   62.55918 -173.55036      3.434     7.6628     7.6641     7.6625    31.0399    31.0492  1024.2280    24.2123    291.220    277.921  297.57873     97.863     93.404     0.1941     0.8168     3.9560     0.6999 5.8779e+01        972     0.6743  0.000e+00
      3.401   62.55918 -173.55038      3.434     7.6624     7.6641     7.6621    31.0401    31.0494  1024.2283    24.2125    291.204    277.910  297.58048     97.857     93.400     0.1929     0.8095     3.9548     0.7011 5.8779e+01        973     0.6750  0.000e+00
      3.401   62.55918 -173.55038      3.434     7.6625     7.6640     7.6622    31.0402    31.0494  1024.2283    24.2126    291.347    277.897  297.57968     97.905     93.395     0.1954     0.8242     3.9548     0.7011 5.8614e+01        974     0.6757  0.000e+00
      3.455   62.55918 -173.55038      3.489     7.6618     7.6637     7.6615    31.0406    31.0493  1024.2290    24.2130    291.359    277.886  297.58381     97.908     93.391     0.1954     0.8242     3.9548     0.7011 5.8449e+01        975     0.6764  0.000e+00
      3.401   62.55918 -173.55038      3.434     7.6616     7.6638     7.6613    31.0408    31.0492  1024.2289    24.2132    291.364    277.866  297.58448     97.910     93.384     0.1978     0.8388     3.9536     0.7023 5.8449e+01        976     0.6771  0.000e+00
      3.455   62.55918 -173.55038      3.489     7.6613     7.6640     7.6610    31.0407    31.0491  1024.2291    24.2131    291.375    277.847  297.58708     97.913     93.378     0.1966     0.8315     3.9536     0.7023 5.8285e+01        977     0.6778  0.000e+00
      3.401   62.55918 -173.55038      3.434     7.6609     7.6635     7.6606    31.0411    31.0496  1024.2293    24.2135    291.355    277.843  297.58847     97.905     93.376     0.1978     0.8388     3.9536     0.7023 5.8449e+01        978     0.6785  0.000e+00
      3.455   62.55918 -173.55038      3.489     7.6602     7.6634     7.6599    31.0417    31.0494  1024.2301    24.2141    291.179    277.840  297.59220     97.845     93.375     0.1954     0.8242     3.9536     0.7023 5.8614e+01        979     0.6792  0.000e+00
      3.455   62.55918 -173.55038      3.489     7.6602     7.6632     7.6599    31.0416    31.0495  1024.2300    24.2140    291.348    277.851  297.59251     97.902     93.378     0.1966     0.8315     3.9536     0.7023 5.8614e+01        980     0.6799  0.000e+00
      3.455   62.55918 -173.55038      3.489     7.6598     7.6629     7.6595    31.0418    31.0498  1024.2302    24.2142    291.382    277.844  297.59427     97.913     93.375     0.1966     0.8315     3.9524     0.7036 5.8449e+01        981     0.6806  0.000e+00
      3.455   62.55918 -173.55038      3.489     7.6602     7.6627     7.6599    31.0419    31.0499  1024.2302    24.2142    291.361    278.005  297.59188     97.906     93.429     0.1966     0.8315     3.9536     0.7023 5.8285e+01        982     0.6813  0.000e+00
      3.517   62.55918 -173.55038      3.551     7.6598     7.6627     7.6595    31.0420    31.0496  1024.2306    24.2143    291.372    277.843  297.59433     97.909     93.374     0.1978     0.8388     3.9536     0.7023 5.8285e+01        983     0.6819  0.000e+00
      3.455   62.55918 -173.55038      3.489     7.6598     7.6629     7.6595    31.0421    31.0495  1024.2304    24.2144    291.376    277.827  297.59379     97.911     93.369     0.1966     0.8315     3.9536     0.7023 5.8121e+01        984     0.6826  0.000e+00
      3.517   62.55918 -173.55038      3.551     7.6598     7.6629     7.6595    31.0418    31.0499  1024.2305    24.2142    291.385    277.814  297.59433     97.913     93.365     0.1978     0.8388     3.9524     0.7036 5.7957e+01        985     0.6833  0.000e+00
      3.517   62.55918 -173.55038      3.551     7.6598     7.6630     7.6595    31.0418    31.0494  1024.2305    24.2142    291.391    277.799  297.59441     97.916     93.360     0.1966     0.8315     3.9536     0.7023 5.7957e+01        986     0.6840  0.000e+00
      3.517   62.55918 -173.55038      3.551     7.6600     7.6627     7.6597    31.0417    31.0500  1024.2304    24.2141    291.396    277.783  297.59361     97.918     93.354     0.1978     0.8388     3.9536     0.7023 5.7957e+01        987     0.6847  0.000e+00
      3.517   62.55918 -173.55038      3.551     7.6595     7.6625     7.6592    31.0419    31.0504  1024.2306    24.2143    291.406    277.952  297.59649     97.920     93.411     0.1966     0.8315     3.9536     0.7023 5.8121e+01        988     0.6854  0.000e+00
      3.517   62.55918 -173.55038      3.551     7.6595     7.6630     7.6592    31.0422    31.0499  1024.2309    24.2146    291.385    277.963  297.59585     97.913     93.416     0.1966     0.8315     3.9536     0.7023 5.8285e+01        989     0.6861  0.000e+00
      3.517   62.55918 -173.55038      3.551     7.6597     7.6630     7.6594    31.0420    31.0501  1024.2307    24.2144    291.390    277.805  297.59497     97.915     93.363     0.1966     0.8315     3.9536     0.7023 5.8285e+01        990     0.6868  0.000e+00
      3.571   62.55918 -173.55038      3.606     7.6596     7.6634     7.6593    31.0417    31.0499  1024.2307    24.2142    291.210    277.800  297.59582     97.854     93.362     0.1978     0.8388     3.9536     0.7023 5.8779e+01        991     0.6875  0.000e+00
      3.517   62.55918 -173.55038      3.551     7.6600     7.6635     7.6597    31.0423    31.0496  1024.2309    24.2146    291.373    277.792  297.59218     97.910     93.359     0.1966     0.8315     3.9536     0.7023 5.8945e+01        992     0.6882  0.000e+00
      3.571   62.55918 -173.55038      3.606     7.6610     7.6637     7.6606    31.0418    31.0492  1024.2306    24.2141    291.375    277.788  297.58656     97.913     93.358     0.1966     0.8315     3.9536     0.7023 5.9111e+01        993     0.6889  0.000e+00
      3.571   62.55918 -173.55038      3.606     7.6626     7.6640     7.6622    31.0409    31.0494  1024.2296    24.2131    291.372    277.948  297.57793     97.915     93.412     0.1966     0.8315     3.9524     0.7036 5.9613e+01        994     0.6896  0.000e+00
      3.571   62.55918 -173.55038      3.606     7.6642     7.6641     7.6638    31.0399    31.0492  1024.2287    24.2121    291.369    277.956  297.56923     97.916     93.415     0.1966     0.8315     3.9536     0.7023 5.9613e+01        995     0.6903  0.000e+00
      3.571   62.55918 -173.55038      3.606     7.6647     7.6645     7.6644    31.0396    31.0491  1024.2283    24.2118    291.372    277.960  297.56628     97.918     93.417     0.1978     0.8388     3.9548     0.7011 5.9781e+01        996     0.6910  0.000e+00
      3.571   62.55918 -173.55036      3.606     7.6645     7.6645     7.6642    31.0396    31.0492  1024.2283    24.2118    291.379    277.966  297.56763     97.920     93.419     0.1966     0.8315     3.9548     0.7011 5.9613e+01        997     0.6917  0.000e+00
      3.571   62.55918 -173.55036      3.606     7.6644     7.6645     7.6640    31.0402    31.0489  1024.2288    24.2123    291.198    277.970  297.56731     97.859     93.420     0.1978     0.8388     3.9548     0.7011 5.9613e+01        998     0.6924  0.000e+00
      3.633   62.55918 -173.55036      3.668     7.6646     7.6640     7.6643    31.0400    31.0491  1024.2290    24.2121    291.369    277.978  297.56602     97.917     93.422     0.1966     0.8315     3.9548     0.7011 5.9613e+01        999     0.6931  0.000e+00
      3.632   62.55918 -173.55036      3.668     7.6654     7.6641     7.6650    31.0393    31.0491  1024.2283    24.2115    291.372    277.809  297.56250     97.920     93.366     0.1954     0.8242     3.9548     0.7011 5.9613e+01       1000     0.6937  0.000e+00
      3.632   62.55918 -173.55036      3.668     7.6654     7.6640     7.6650    31.0387    31.0495  1024.2278    24.2110    291.380    277.963  297.56386     97.922     93.417     0.1941     0.8168     3.9548     0.7011 5.9445e+01       1001     0.6944  0.000e+00
      3.632   62.55918 -173.55036      3.668     7.6652     7.6640     7.6648    31.0392    31.0491  1024.2282    24.2114    291.388    277.793  297.56410     97.924     93.360     0.1954     0.8242     3.9548     0.7011 5.9445e+01       1002     0.6951  0.000e+00
      3.632   62.55918 -173.55036      3.668     7.6656     7.6638     7.6653    31.0390    31.0498  1024.2281    24.2112    291.392    277.775  297.56139     97.927     93.354     0.1941     0.8168     3.9548     0.7011 5.9445e+01       1003     0.6958  0.000e+00
      3.686   62.55918 -173.55036      3.722     7.6652     7.6637     7.6648    31.0392    31.0497  1024.2285    24.2115    291.405    277.761  297.56399     97.930     93.349     0.1954     0.8242     3.9548     0.7011 5.9445e+01       1004     0.6965  0.000e+00
      3.632   62.55918 -173.55036      3.668     7.6649     7.6637     7.6645    31.0394    31.0494  1024.2284    24.2116    291.412    277.910  297.56570     97.932     93.399     0.1929     0.8095     3.9548     0.7011 5.9445e+01       1005     0.6972  0.000e+00
      3.632   62.55918 -173.55036      3.668     7.6644     7.6638     7.6640    31.0397    31.0491  1024.2287    24.2119    291.422    277.736  297.56841     97.934     93.340     0.1941     0.8168     3.9548     0.7011 5.9111e+01       1006     0.6979  0.000e+00
      3.686   62.55918 -173.55036      3.722     7.6642     7.6635     7.6638    31.0398    31.0496  1024.2291    24.2120    291.432    277.888  297.56950     97.938     93.391     0.1954     0.8242     3.9548     0.7011 5.8779e+01       1007     0.6986  0.000e+00
      3.686   62.55918 -173.55036      3.722     7.6639     7.6634     7.6635    31.0402    31.0498  1024.2294    24.2124    291.441    277.899  297.57070     97.940     93.395     0.1941     0.8168     3.9548     0.7011 5.8779e+01       1008     0.6993  0.000e+00
      3.748   62.55918 -173.55036      3.785     7.6637     7.6635     7.6634    31.0404    31.0492  1024.2299    24.2126    291.639    277.912  297.57124     98.006     93.399     0.1954     0.8242     3.9548     0.7011 5.8285e+01       1009     0.7000  0.000e+00
      3.686   62.55918 -173.55036      3.722     7.6644     7.6635     7.6640    31.0401    31.0496  1024.2293    24.2122    291.476    277.901  297.56751     97.953     93.396     0.1941     0.8168     3.9548     0.7011 5.7469e+01       1010     0.7007  0.000e+00
      3.686   62.55918 -173.55036      3.722     7.6646     7.6637     7.6643    31.0398    31.0498  1024.2291    24.2120    291.481    277.891  297.56639     97.955     93.393     0.1954     0.8242     3.9548     0.7011 5.7469e+01       1011     0.7014  0.000e+00
      3.748   62.55918 -173.55036      3.785     7.6654     7.6637     7.6650    31.0390    31.0494  1024.2286    24.2112    291.486    277.884  297.56317     97.958     93.390     0.1941     0.8168     3.9548     0.7011 5.6986e+01       1012     0.7021  0.000e+00
      3.748   62.55918 -173.55036      3.785     7.6664     7.6635     7.6661    31.0382    31.0494  1024.2278    24.2105    291.486    277.891  297.55750     97.960     93.392     0.1941     0.8168     3.9548     0.7011 5.6189e+01       1013     0.7028  0.000e+00
      3.748   62.55918 -173.55036      3.785     7.6674     7.6635     7.6671    31.0374    31.0496  1024.2271    24.2097    291.461    277.895  297.55255     97.953     93.394     0.1941     0.8168     3.9548     0.7011 5.5873e+01       1014     0.7035  0.000e+00
      3.802   62.55918 -173.55036      3.839     7.6670     7.6635     7.6667    31.0382    31.0496  1024.2280    24.2104    291.469    277.901  297.55341     97.955     93.396     0.1954     0.8242     3.9548     0.7011 5.5716e+01       1015     0.7042  0.000e+00
      3.748   62.55918 -173.55036      3.785     7.6677     7.6635     7.6674    31.0381    31.0497  1024.2276    24.2102    291.467    277.902  297.54904     97.956     93.396     0.1941     0.8168     3.9560     0.6999 5.5247e+01       1016     0.7049  0.000e+00
      3.802   62.55918 -173.55036      3.839     7.6686     7.6640     7.6682    31.0378    31.0494  1024.2275    24.2099    291.469    277.904  297.54391     97.958     93.397     0.1941     0.8168     3.9560     0.6999 5.5091e+01       1017     0.7056  0.000e+00
      3.802   62.55918 -173.55036      3.839     7.6700     7.6640     7.6697    31.0372    31.0493  1024.2268    24.2092    291.439    277.906  297.53552     97.951     93.398     0.1929     0.8095     3.9560     0.6999 5.4936e+01       1018     0.7063  0.000e+00
      3.802   62.55918 -173.55036      3.839     7.6712     7.6641     7.6709    31.0362    31.0491  1024.2258    24.2082    291.437    277.890  297.52962     97.952     93.393     0.1954     0.8242     3.9560     0.6999 5.4474e+01       1019     0.7069  0.000e+00
      3.802   62.55918 -173.55036      3.839     7.6710     7.6640     7.6706    31.0357    31.0492  1024.2255    24.2079    291.443    277.891  297.53225     97.954     93.393     0.1954     0.8242     3.9560     0.6999 5.4168e+01       1020     0.7076  0.000e+00
      3.802   62.55918 -173.55036      3.839     7.6700     7.6641     7.6697    31.0367    31.0491  1024.2264    24.2088    291.614    277.889  297.53648     98.009     93.393     0.1941     0.8168     3.9560     0.6999 5.4168e+01       1021     0.7083  0.000e+00
      3.856   62.55918 -173.55036      3.894     7.6702     7.6646     7.6699    31.0365    31.0491  1024.2265    24.2086    291.429    277.887  297.53566     97.947     93.393     0.1954     0.8242     3.9560     0.6999 5.3712e+01       1022     0.7090  0.000e+00
      3.856   62.55918 -173.55036      3.894     7.6703     7.6649     7.6700    31.0359    31.0490  1024.2260    24.2082    291.430    277.883  297.53621     97.948     93.392     0.1941     0.8168     3.9560     0.6999 5.3410e+01       1023     0.7097  0.000e+00
      3.856   62.55918 -173.55036      3.894     7.6697     7.6651     7.6693    31.0361    31.0486  1024.2262    24.2084    291.436    278.050  297.54020     97.948     93.448     0.1954     0.8242     3.9560     0.6999 5.3410e+01       1024     0.7104  0.000e+00
      3.802   62.55918 -173.55036      3.839     7.6687     7.6656     7.6684    31.0370    31.0483  1024.2268    24.2092    291.440    278.057  297.54470     97.948     93.452     0.1941     0.8168     3.9560     0.6999 5.2960e+01       1025     0.7111  0.000e+00
      3.918   62.55918 -173.55036      3.956     7.6678     7.6661     7.6675    31.0373    31.0481  1024.2277    24.2096    291.451    278.069  297.55001     97.950     93.457     0.1966     0.8315     3.9560     0.6999 5.2663e+01       1026     0.7118  0.000e+00
