EcoFOCI/data/1_SampleCollection/2023_SikuliaqDBO_CruiseData/CTD_raw_BottleFile_SKQ23-12S/proc/skq202312s_048.cnv
* Sea-Bird SBE 9 Data File:
* FileName = D:\CTD\SKQ202312S\SKQ202312S_048.hex
* Software Version Seasave V 7.26.7.121
* Temperature SN = 6177
* Conductivity SN = 0369
* Number of Bytes Per Scan = 41
* Number of Voltage Words = 4
* Number of Scans Averaged by the Deck Unit = 1
* NMEA Latitude = 71 47.13 N
* NMEA Longitude = 161 57.91 W
* NMEA UTC (Time) = Sep 25 2023  05:45:53
* NMEA baud rate = 4800
** Ship: R/V Sikuliaq
** Station Number: 048
** Station Name: DBO4.5na
** Bottom Depth: 42
** Operator: SS
# nquan = 24
# nvalues = 4049                                  
# units = specified
# name 0 = depSM: Depth [salt water, m]
# name 1 = latitude: Latitude [deg]
# name 2 = longitude: Longitude [deg]
# name 3 = prDM: Pressure, Digiquartz [db]
# name 4 = t090C: Temperature [ITS-90, deg C]
# name 5 = t190C: Temperature, 2 [ITS-90, deg C]
# name 6 = potemp090C: Potential Temperature [ITS-90, deg C]
# name 7 = sal00: Salinity, Practical [PSU]
# name 8 = sal11: Salinity, Practical, 2 [PSU]
# name 9 = density00: Density [density, kg/m^3]
# name 10 = sigma-é00: Density [sigma-theta, kg/m^3]
# name 11 = sbox0Mm/Kg: Oxygen, SBE 43 [umol/kg]
# name 12 = sbox1Mm/Kg: Oxygen, SBE 43, 2 [umol/kg]
# name 13 = oxsolMm/Kg: Oxygen Saturation, Garcia & Gordon [umol/kg]
# name 14 = sbeox0PS: Oxygen, SBE 43 [% saturation]
# name 15 = sbeox1PS: Oxygen, SBE 43, 2 [% saturation]
# name 16 = v0: Voltage 0
# name 17 = flECO-AFL: Fluorescence, WET Labs ECO-AFL/FL [mg/m^3]
# name 18 = v1: Voltage 1
# name 19 = CStarAt0: Beam Attenuation, WET Labs C-Star [1/m]
# name 20 = par: PAR/Irradiance, Biospherical/Licor
# name 21 = scan: Scan Count
# name 22 = timeM: Time, Elapsed [minutes]
# name 23 = flag:  0.000e+00
# span 0 =      2.090,     36.939                 
# span 1 =   71.78546,   71.78546                 
# span 2 = -161.96522, -161.96520                 
# span 3 =      2.112,     37.324                 
# span 4 =    -0.6879,     2.1019                 
# span 5 =    -0.6867,     2.1123                 
# span 6 =    -0.6888,     2.1015                 
# span 7 =    27.4668,    32.6637                 
# span 8 =    27.5900,    32.6894                 
# span 9 =  1021.9728,  1026.4122                 
# span 10 =    21.9548,    26.2469                
# span 11 =    286.901,    452.442                
# span 12 =    265.956,    416.546                
# span 13 =  344.02346,  360.94926                
# span 14 =     79.500,    127.742                
# span 15 =     73.705,    116.755                
# span 16 =     0.0989,     1.0024                
# span 17 =     0.2454,     5.6667                
# span 18 =     2.7741,     4.1380                
# span 19 =     0.5200,     2.1200                
# span 20 = 1.0000e-12, 7.3743e-01                
# span 21 =          1,       4049                
# span 22 =     0.0000,     2.8111                
# span 23 = 0.0000e+00, 0.0000e+00                
# interval = seconds: 0.0416667
# start_time = Sep 25 2023 05:49:13 [NMEA time, first data scan]
# bad_flag = -9.990e-29
*END*
[from data line 1691]
     11.741   71.78546 -161.96522     11.863     1.8463     1.8517     1.8458    29.9864    30.0844  1024.0233    23.9669    374.687    346.957  344.92929    108.627    100.677     0.2234     0.9927     4.0220     0.6337 5.4659e-03       1692     1.1743  0.000e+00
     11.741   71.78546 -161.96522     11.863     1.8465     1.8522     1.8460    29.9919    30.0995  1024.0276    23.9713    374.569    346.885  344.91336    108.598    100.669     0.2222     0.9853     4.0220     0.6337 3.4241e-04       1693     1.1750  0.000e+00
     11.741   71.78546 -161.96522     11.863     1.8463     1.8528     1.8458    29.9967    30.1160  1024.0315    23.9752    374.646    346.769  344.90196    108.624    100.650     0.2234     0.9927     4.0220     0.6337 1.0000e-12       1694     1.1757  0.000e+00
     11.741   71.78546 -161.96522     11.863     1.8471     1.8532     1.8466    30.0010    30.1290  1024.0349    23.9786    374.058    346.858  344.88403    108.459    100.687     0.2247     1.0000     4.0208     0.6350 3.4241e-04       1695     1.1764  0.000e+00
     11.803   71.78546 -161.96522     11.925     1.8469     1.8539     1.8464    30.0083    30.1350  1024.0411    23.9845    374.511    346.978  344.86598    108.596    100.728     0.2234     0.9927     4.0220     0.6337 4.4238e-03       1696     1.1771  0.000e+00
     11.741   71.78546 -161.96522     11.863     1.8471     1.8540     1.8466    30.0192    30.1329  1024.0495    23.9932    374.365    347.132  344.83577    108.563    100.771     0.2247     1.0000     4.0220     0.6337 5.8152e-03       1697     1.1778  0.000e+00
     11.741   71.78546 -161.96522     11.863     1.8476     1.8543     1.8471    30.0329    30.1295  1024.0605    24.0041    374.440    347.097  344.79521    108.598    100.759     0.2222     0.9853     4.0220     0.6337 6.1655e-03       1698     1.1785  0.000e+00
     11.803   71.78546 -161.96522     11.925     1.8478     1.8543     1.8473    30.0518    30.1305  1024.0758    24.0192    374.312    347.225  344.74293    108.577    100.797     0.2173     0.9560     4.0220     0.6337 7.2223e-03       1699     1.1792  0.000e+00
     11.772   71.78546 -161.96522     11.894     1.8483     1.8551     1.8478    30.0719    30.1343  1024.0917    24.0353    374.403    347.140  344.68553    108.622    100.778     0.2137     0.9341     4.0220     0.6337 7.9318e-03       1700     1.1799  0.000e+00
     11.741   71.78546 -161.96522     11.863     1.8487     1.8551     1.8482    30.0872    30.1400  1024.1038    24.0475    374.279    347.046  344.64231    108.599    100.755     0.2112     0.9194     4.0220     0.6337 4.7702e-03       1701     1.1806  0.000e+00
     11.803   71.78546 -161.96522     11.925     1.8494     1.8555     1.8489    30.0939    30.1449  1024.1094    24.0528    374.178    347.150  344.61784    108.578    100.790     0.2125     0.9267     4.0208     0.6350 6.7730e-04       1702     1.1812  0.000e+00
     11.803   71.78546 -161.96522     11.925     1.8499     1.8555     1.8494    30.0959    30.1500  1024.1110    24.0544    374.323    347.269  344.60814    108.623    100.828     0.2125     0.9267     4.0220     0.6337 1.0000e-12       1703     1.1819  0.000e+00
     11.803   71.78546 -161.96522     11.925     1.8504     1.8560     1.8499    30.0981    30.1535  1024.1127    24.0561    374.238    347.170  344.59858    108.601    100.804     0.2125     0.9267     4.0208     0.6350 3.4241e-04       1704     1.1826  0.000e+00
     11.803   71.78546 -161.96522     11.925     1.8508     1.8563     1.8503    30.1046    30.1558  1024.1179    24.0613    374.412    347.272  344.57717    108.658    100.836     0.2125     0.9267     4.0220     0.6337 3.7340e-03       1705     1.1833  0.000e+00
     11.803   71.78546 -161.96522     11.925     1.8512     1.8565     1.8507    30.1156    30.1591  1024.1267    24.0701    374.577    347.181  344.54518    108.716    100.812     0.2125     0.9267     4.0208     0.6350 5.1175e-03       1706     1.1840  0.000e+00
     11.803   71.78546 -161.96522     11.925     1.8519     1.8568     1.8514    30.1272    30.1628  1024.1359    24.0793    374.504    347.284  344.50787    108.707    100.846     0.2137     0.9341     4.0208     0.6350 5.4659e-03       1707     1.1847  0.000e+00
     11.803   71.78546 -161.96522     11.925     1.8524     1.8569     1.8519    30.1334    30.1665  1024.1409    24.0842    374.453    347.405  344.48774    108.698    100.884     0.2125     0.9267     4.0159     0.6398 8.2880e-03       1708     1.1854  0.000e+00
     11.834   71.78546 -161.96522     11.956     1.8529     1.8573     1.8524    30.1313    30.1698  1024.1393    24.0826    374.619    347.310  344.48887    108.746    100.860     0.2125     0.9267     4.0134     0.6423 1.0084e-02       1709     1.1861  0.000e+00
     11.803   71.78546 -161.96522     11.925     1.8532     1.8573     1.8527    30.1268    30.1738  1024.1356    24.0789    374.831    347.436  344.49788    108.805    100.900     0.2112     0.9194     4.0134     0.6423 5.8152e-03       1710     1.1868  0.000e+00
     11.857   71.78546 -161.96522     11.980     1.8532     1.8571     1.8527    30.1262    30.1761  1024.1353    24.0784    374.810    347.383  344.49950    108.798    100.886     0.2125     0.9267     4.0134     0.6423 6.7730e-04       1711     1.1875  0.000e+00
     11.803   71.78546 -161.96522     11.925     1.8532     1.8573     1.8527    30.1314    30.1797  1024.1392    24.0826    374.768    347.490  344.48585    108.791    100.920     0.2125     0.9267     4.0147     0.6410 1.0000e-12       1712     1.1882  0.000e+00
     11.857   71.78546 -161.96522     11.980     1.8530     1.8583     1.8525    30.1401    30.1873  1024.1465    24.0896    374.957    347.394  344.46414    108.852    100.901     0.2125     0.9267     4.0147     0.6410 1.0000e-12       1713     1.1889  0.000e+00
     11.857   71.78546 -161.96522     11.980     1.8536     1.8597     1.8531    30.1454    30.1989  1024.1506    24.0938    374.916    347.453  344.44506    108.846    100.930     0.2137     0.9341     4.0147     0.6410 1.0000e-12       1714     1.1896  0.000e+00
     11.857   71.78546 -161.96522     11.980     1.8540     1.8605     1.8534    30.1441    30.2091  1024.1496    24.0927    374.900    347.333  344.44561    108.842    100.906     0.2125     0.9267     4.0147     0.6410 1.0000e-12       1715     1.1903  0.000e+00
     11.857   71.78546 -161.96522     11.980     1.8544     1.8610     1.8539    30.1453    30.2150  1024.1505    24.0936    375.070    347.427  344.43820    108.893    100.939     0.2125     0.9267     4.0147     0.6410 1.0000e-12       1716     1.1910  0.000e+00
     11.803   71.78546 -161.96522     11.925     1.8544     1.8619     1.8539    30.1500    30.2173  1024.1540    24.0974    375.044    347.129  344.42579    108.890    100.856     0.2125     0.9267     4.0134     0.6423 1.0131e-03       1717     1.1917  0.000e+00
     12.003   71.78546 -161.96522     12.128     1.8549     1.8633     1.8544    30.1573    30.2199  1024.1608    24.1032    375.214    347.220  344.40261    108.946    100.888     0.2125     0.9267     4.0147     0.6410 2.3659e-03       1718     1.1924  0.000e+00
     11.857   71.78546 -161.96522     11.980     1.8550     1.8642     1.8545    30.1707    30.2232  1024.1708    24.1140    375.393    347.110  344.36573    109.010    100.861     0.2137     0.9341     4.0147     0.6410 2.3659e-03       1719     1.1931  0.000e+00
     11.918   71.78546 -161.96522     12.042     1.8557     1.8635     1.8552    30.1820    30.2256  1024.1802    24.1230    375.354    347.205  344.33012    109.010    100.889     0.2125     0.9267     4.0147     0.6410 3.4241e-04       1720     1.1938  0.000e+00
     11.857   71.78546 -161.96522     11.980     1.8558     1.8635     1.8553    30.1899    30.2263  1024.1862    24.1293    375.329    347.311  344.30830    109.010    100.920     0.2125     0.9267     4.0147     0.6410 1.0000e-12       1721     1.1944  0.000e+00
     11.918   71.78546 -161.96522     12.042     1.8563     1.8639     1.8558    30.1932    30.2293  1024.1890    24.1319    375.283    347.227  344.29548    109.000    100.899     0.2125     0.9267     4.0134     0.6423 1.0000e-12       1722     1.1951  0.000e+00
     11.918   71.78546 -161.96522     12.042     1.8569     1.8642     1.8564    30.2007    30.2327  1024.1950    24.1378    375.416    347.135  344.27039    109.047    100.876     0.2125     0.9267     4.0147     0.6410 3.0480e-03       1723     1.1958  0.000e+00
     11.972   71.78546 -161.96522     12.096     1.8583     1.8638     1.8578    30.2048    30.2367  1024.1985    24.1411    375.594    347.256  344.24702    109.106    100.913     0.2466     1.1319     4.0147     0.6410 5.8152e-03       1724     1.1965  0.000e+00
     11.918   71.78546 -161.96522     12.042     1.8594     1.8638     1.8589    30.2060    30.2402  1024.1991    24.1419    375.590    347.183  344.23446    109.109    100.894     0.3663     1.8498     4.0147     0.6410 6.5167e-03       1725     1.1972  0.000e+00
     11.949   71.78546 -161.96522     12.073     1.8603     1.8632     1.8598    30.2111    30.2461  1024.2033    24.1460    375.776    347.292  344.21321    109.170    100.929     0.4115     2.1209     4.0147     0.6410 7.2223e-03       1726     1.1979  0.000e+00
     11.972   71.78546 -161.96522     12.096     1.8605     1.8625     1.8600    30.2176    30.2527  1024.2086    24.1512    375.777    347.216  344.19415    109.176    100.910     0.4103     2.1135     4.0134     0.6423 8.2880e-03       1727     1.1986  0.000e+00
     11.918   71.78546 -161.96522     12.042     1.8612     1.8618     1.8606    30.2236    30.2602  1024.2131    24.1559    375.965    347.338  344.17258    109.237    100.950     0.4066     2.0916     4.0049     0.6508 8.6453e-03       1728     1.1993  0.000e+00
     12.034   71.78546 -161.96522     12.159     1.8613     1.8605     1.8608    30.2330    30.2704  1024.2211    24.1634    376.079    347.257  344.14652    109.279    100.931     0.4029     2.0696     3.9963     0.6593 7.5765e-03       1729     1.2000  0.000e+00
     11.972   71.78546 -161.96522     12.096     1.8612     1.8588     1.8606    30.2415    30.2812  1024.2277    24.1703    376.077    347.349  344.12536    109.285    100.961     0.4042     2.0769     3.9951     0.6606 5.8152e-03       1730     1.2007  0.000e+00
     11.972   71.78546 -161.96522     12.096     1.8615     1.8574     1.8610    30.2484    30.2873  1024.2332    24.1758    376.081    347.269  344.10435    109.293    100.939     0.4054     2.0842     3.9951     0.6606 5.1175e-03       1731     1.2014  0.000e+00
     11.972   71.78546 -161.96522     12.096     1.8612     1.8559     1.8606    30.2582    30.2925  1024.2410    24.1836    376.279    347.191  344.08148    109.357    100.917     0.4042     2.0769     3.9963     0.6593 1.6876e-03       1732     1.2021  0.000e+00
     12.034   71.78546 -161.96522     12.159     1.8610     1.8529     1.8605    30.2679    30.3008  1024.2491    24.1914    376.289    347.327  344.05727    109.368    100.955     0.4054     2.0842     3.9963     0.6593 1.0000e-12       1733     1.2028  0.000e+00
     12.088   71.78546 -161.96522     12.213     1.8605     1.8511     1.8600    30.2727    30.3086  1024.2532    24.1953    376.512    347.270  344.04888    109.436    100.940     0.4042     2.0769     3.9963     0.6593 1.0000e-12       1734     1.2035  0.000e+00
     12.003   71.78546 -161.96522     12.128     1.8597     1.8490     1.8592    30.2800    30.3154  1024.2587    24.2012    376.726    347.185  344.03672    109.502    100.915     0.4054     2.0842     3.9963     0.6593 2.3659e-03       1735     1.2042  0.000e+00
     12.034   71.78546 -161.96522     12.159     1.8572     1.8461     1.8567    30.2930    30.3241  1024.2694    24.2117    376.488    347.316  344.02397    109.437    100.953     0.4042     2.0769     3.9963     0.6593 5.8152e-03       1736     1.2049  0.000e+00
     12.034   71.78546 -161.96522     12.159     1.8543     1.8432     1.8538    30.3029    30.3331  1024.2776    24.2199    376.687    347.264  344.02346    109.495    100.937     0.4042     2.0769     3.9963     0.6593 7.2223e-03       1737     1.2056  0.000e+00
     12.088   71.78546 -161.96522     12.213     1.8514     1.8404     1.8509    30.3105    30.3410  1024.2841    24.2261    376.707    347.397  344.02836    109.499    100.974     0.4054     2.0842     3.9963     0.6593 6.8690e-03       1738     1.2063  0.000e+00
     12.088   71.78546 -161.96522     12.213     1.8478     1.8378     1.8473    30.3223    30.3471  1024.2938    24.2358    377.144    347.554  344.02848    109.626    101.018     0.4042     2.0769     3.9963     0.6593 6.8690e-03       1739     1.2069  0.000e+00
     12.088   71.78546 -161.96522     12.213     1.8445     1.8345     1.8439    30.3328    30.3544  1024.3024    24.2445    376.972    347.535  344.03034    109.575    101.010     0.4042     2.0769     3.9963     0.6593 6.5167e-03       1740     1.2076  0.000e+00
     12.088   71.78546 -161.96522     12.213     1.8413     1.8313     1.8408    30.3380    30.3616  1024.3067    24.2488    377.199    347.516  344.04446    109.637    101.002     0.4042     2.0769     3.9963     0.6593 9.0035e-03       1741     1.2083  0.000e+00
     12.142   71.78546 -161.96522     12.268     1.8390     1.8274     1.8384    30.3427    30.3678  1024.3110    24.2527    377.192    347.691  344.05244    109.632    101.048     0.4042     2.0769     3.9963     0.6593 1.4875e-02       1742     1.2090  0.000e+00
     12.057   71.78546 -161.96522     12.182     1.8362     1.8241     1.8357    30.3493    30.3735  1024.3160    24.2581    377.412    347.855  344.05950    109.694    101.091     0.4029     2.0696     3.9963     0.6593 1.6764e-02       1743     1.2097  0.000e+00
     12.142   71.78546 -161.96522     12.268     1.8318     1.8212     1.8313    30.3554    30.3783  1024.3216    24.2634    377.580    347.846  344.08139    109.736    101.084     0.4042     2.0769     3.9963     0.6593 1.6384e-02       1744     1.2104  0.000e+00
     12.142   71.78546 -161.96522     12.268     1.8273     1.8186     1.8268    30.3608    30.3819  1024.3262    24.2679    377.635    347.833  344.10689    109.743    101.077     0.4054     2.0842     3.9963     0.6593 1.2274e-02       1745     1.2111  0.000e+00
     12.204   71.78546 -161.96522     12.330     1.8231     1.8153     1.8226    30.3670    30.3867  1024.3317    24.2732    377.880    348.033  344.12721    109.808    101.130     0.4042     2.0769     3.9951     0.6606 1.0810e-02       1746     1.2118  0.000e+00
     12.142   71.78546 -161.96522     12.268     1.8197     1.8121     1.8191    30.3728    30.3913  1024.3363    24.2780    377.922    348.231  344.14201    109.816    101.183     0.4042     2.0769     3.9963     0.6593 1.0084e-02       1747     1.2125  0.000e+00
     12.142   71.78546 -161.96522     12.268     1.8162     1.8092     1.8157    30.3773    30.3955  1024.3401    24.2819    378.164    348.454  344.16011    109.880    101.244     0.4029     2.0696     3.9768     0.6789 6.5167e-03       1748     1.2132  0.000e+00
     12.203   71.78546 -161.96522     12.330     1.8137     1.8066     1.8132    30.3795    30.3998  1024.3424    24.2838    378.215    348.470  344.17619    109.890    101.245     0.4042     2.0769     3.9487     0.7073 5.1175e-03       1749     1.2139  0.000e+00
     12.203   71.78546 -161.96522     12.330     1.8114     1.8039     1.8108    30.3829    30.4044  1024.3452    24.2866    378.451    348.666  344.18794    109.955    101.298     0.3175     1.5568     3.9414     0.7147 4.7702e-03       1750     1.2146  0.000e+00
