EcoFOCI/data/1_SampleCollection/2023_SikuliaqDBO_CruiseData/CTD_raw_BottleFile_SKQ23-12S/proc/skq202312s_024avg.cnv
* Sea-Bird SBE 9 Data File:
* FileName = D:\CTD\SKQ202312S\SKQ202312S_024.hex
* Software Version Seasave V 7.26.7.121
* Temperature SN = 6177
* Conductivity SN = 0369
* Number of Bytes Per Scan = 41
* Number of Voltage Words = 4
* Number of Scans Averaged by the Deck Unit = 1
* NMEA Latitude = 71 12.47 N
* NMEA Longitude = 158 00.01 W
* NMEA UTC (Time) = Sep 20 2023  13:29:26
* NMEA baud rate = 4800
** Ship: R/V Sikuliaq
** Station Number: 024
** Station Name: C5
** Bottom Depth: 49
** Operator: SD
** C5 Mooring Site pre-deployment
# nquan = 25
# nvalues = 42                          
# units = specified
# name 0 = depSM: Depth [salt water, m]
# name 1 = latitude: Latitude [deg]
# name 2 = longitude: Longitude [deg]
# name 3 = prDM: Pressure, Digiquartz [db]
# name 4 = t090C: Temperature [ITS-90, deg C]
# name 5 = t190C: Temperature, 2 [ITS-90, deg C]
# name 6 = potemp090C: Potential Temperature [ITS-90, deg C]
# name 7 = sal00: Salinity, Practical [PSU]
# name 8 = sal11: Salinity, Practical, 2 [PSU]
# name 9 = density00: Density [density, kg/m^3]
# name 10 = sigma-é00: Density [sigma-theta, kg/m^3]
# name 11 = sbox0Mm/Kg: Oxygen, SBE 43 [umol/kg]
# name 12 = sbox1Mm/Kg: Oxygen, SBE 43, 2 [umol/kg]
# name 13 = oxsolMm/Kg: Oxygen Saturation, Garcia & Gordon [umol/kg]
# name 14 = sbeox0PS: Oxygen, SBE 43 [% saturation]
# name 15 = sbeox1PS: Oxygen, SBE 43, 2 [% saturation]
# name 16 = v0: Voltage 0
# name 17 = flECO-AFL: Fluorescence, WET Labs ECO-AFL/FL [mg/m^3]
# name 18 = v1: Voltage 1
# name 19 = CStarAt0: Beam Attenuation, WET Labs C-Star [1/m]
# name 20 = par: PAR/Irradiance, Biospherical/Licor
# name 21 = scan: Scan Count
# name 22 = timeM: Time, Elapsed [minutes]
# name 23 = nbin: number of scans per bin
# name 24 = flag: flag
# span 0 =      2.969,     43.547       
# span 1 =   71.20792,   71.20792       
# span 2 = -157.99980, -157.99978       
# span 3 =      3.000,     44.000       
# span 4 =     0.8852,     4.8828       
# span 5 =     0.8895,     4.8669       
# span 6 =     0.8835,     4.8825       
# span 7 =    30.1121,    32.1267       
# span 8 =    30.1251,    32.1411       
# span 9 =  1023.8329,  1025.9503       
# span 10 =    23.8157,    25.7410      
# span 11 =    300.858,    334.810      
# span 12 =    288.576,    312.688      
# span 13 =  319.70001,  347.74466      
# span 14 =     92.924,     97.453      
# span 15 =     89.023,     93.408      
# span 16 =     0.0844,     0.2001      
# span 17 =     0.1584,     0.8525      
# span 18 =     3.5614,     4.1815      
# span 19 =     0.4781,     1.1643      
# span 20 = 1.0000e-12, 3.2938e-01      
# span 21 =        266,       4394      
# span 22 =     0.1843,     3.0508      
# span 23 =         18,        562      
# span 24 = 0.0000e+00, 0.0000e+00      
# interval = decibars: 1                
# start_time = Sep 20 2023 13:33:23 [NMEA time, first data scan]
# bad_flag = -9.990e-29
*END*
      2.969   71.20792 -157.99980      3.000     4.8540     4.8483     4.8538    30.1139    30.1263  1023.8329    23.8189    302.909    290.601  319.92013     94.683     90.831     0.2001     0.8525     3.7798     0.8822 3.2938e-01        266     0.1843        333 0.0000e+00
      3.959   71.20792 -157.99980      4.000     4.8606     4.8550     4.8603    30.1126    30.1251  1023.8358    23.8172    302.889    289.955  319.87299     94.691     90.643     0.1979     0.8396     3.7858     0.8758 2.2875e-01        542     0.3757        146 0.0000e+00
      4.949   71.20792 -157.99980      5.000     4.8828     4.8669     4.8825    30.1136    30.1258  1023.8390    23.8157    302.821    290.773  319.70001     94.720     90.926     0.1987     0.8441     3.7841     0.8777 1.3688e-01        672     0.4663        137 0.0000e+00
      5.939   71.20792 -157.99980      6.000     4.8244     4.8246     4.8240    30.1121    30.1252  1023.8485    23.8205    303.183    291.032  320.15222     94.700     90.914     0.1952     0.8233     3.7864     0.8752 8.5110e-02        804     0.5579        139 0.0000e+00
      6.928   71.20792 -157.99980      7.000     4.8318     4.8324     4.8313    30.1144    30.1265  1023.8542    23.8216    303.066    291.259  320.08991     94.681     91.002     0.1962     0.8290     3.7855     0.8761 4.4973e-02        909     0.6307        131 0.0000e+00
      7.918   71.20792 -157.99980      8.000     4.8310     4.8319     4.8305    30.1157    30.1281  1023.8600    23.8227    303.027    291.055  320.09259     94.669     90.939     0.1996     0.8494     3.7845     0.8772 1.7653e-02       1043     0.7239        111 0.0000e+00
      8.908   71.20792 -157.99980      9.000     4.8310     4.8315     4.8303    30.1160    30.1275  1023.8650    23.8230    302.810    291.134  320.09238     94.601     90.962     0.1989     0.8457     3.7850     0.8767 2.6752e-03       1168     0.8106        133 0.0000e+00
      9.898   71.20792 -157.99980     10.000     4.8215     4.8216     4.8208    30.1265    30.1387  1023.8789    23.8322    302.698    290.947  320.13991     94.552     90.890     0.1995     0.8489     3.5715     1.1643 3.3781e-04       1286     0.8923        134 0.0000e+00
     10.888   71.20792 -157.99980     11.000     4.8356     4.8361     4.8349    30.1410    30.1530  1023.8936    23.8423    302.382    290.212  319.99676     94.495     90.701     0.1990     0.8458     3.7594     0.9073 1.0000e-12       1392     0.9660         52 0.0000e+00
     11.877   71.20792 -157.99980     12.000     4.8088     4.8098     4.8080    30.1413    30.1536  1023.9012    23.8452    302.313    289.507  320.20207     94.413     90.424     0.1922     0.8053     3.7951     0.8660 1.0000e-12       1523     1.0569         77 0.0000e+00
     12.867   71.20792 -157.99980     13.000     4.8088     4.8097     4.8079    30.1414    30.1535  1023.9060    23.8454    301.693    289.900  320.20201     94.220     90.547     0.1889     0.7857     3.8032     0.8576 1.0000e-12       1651     1.1461        134 0.0000e+00
     13.857   71.20792 -157.99980     14.000     4.8062     4.8070     4.8053    30.1422    30.1544  1023.9115    23.8462    301.834    289.746  320.21994     94.258     90.493     0.1805     0.7348     3.8067     0.8539 1.0000e-12       1713     1.1888         31 0.0000e+00
     14.846   71.20792 -157.99980     15.000     4.7959     4.7977     4.7949    30.1453    30.1570  1023.9198    23.8498    301.429    289.300  320.29187     94.111     90.336     0.1670     0.6541     3.8509     0.8076 1.6631e-07       1795     1.2457        113 0.0000e+00
     15.836   71.20792 -157.99980     16.000     4.7971     4.7984     4.7961    30.2381    30.2452  1023.9978    23.9232    301.031    288.974  320.06006     94.055     90.295     0.1531     0.5706     3.8780     0.7797 2.9166e-07       1858     1.2894         29 0.0000e+00
     16.826   71.20792 -157.99980     17.000     4.7308     4.7327     4.7297    30.4182    30.4247  1024.1520    24.0726    300.858    288.576  320.13869     93.978     90.149     0.1152     0.3432     4.0199     0.6364 5.2654e-07       1911     1.3262         91 0.0000e+00
     17.816   71.20792 -157.99980     18.000     4.6492     4.6500     4.6480    30.5858    30.5979  1024.2977    24.2137    301.215    289.080  320.36571     94.022     90.244     0.0966     0.2316     4.0917     0.5649 1.4314e-06       1987     1.3792         42 0.0000e+00
     18.805   71.20792 -157.99980     19.000     4.4191     4.4217     4.4179    30.7825    30.7929  1024.4813    24.3926    302.367    290.436  321.67439     93.998     90.301     0.0992     0.2471     4.0708     0.5858 1.5030e-06       2030     1.4088         56 0.0000e+00
     19.795   71.20792 -157.99980     20.000     4.1728     4.1704     4.1715    31.0871    31.1037  1024.7520    24.6585    306.255    289.457  322.85641     94.858     89.661     0.0980     0.2403     4.1606     0.4979 1.6101e-06       2098     1.4560         53 0.0000e+00
     20.785   71.20792 -157.99980     21.000     4.2044     4.2079     4.2030    31.2615    31.2746  1024.8921    24.7939    311.837    295.151  322.18718     96.787     91.625     0.0917     0.2020     4.1798     0.4800 1.3099e-06       2137     1.4832         39 0.0000e+00
     21.775   71.20792 -157.99979     22.000     3.8496     3.8527     3.8483    31.3121    31.3363  1024.9706    24.8676    316.581    303.364  324.85821     97.453     93.408     0.1037     0.2742     4.1080     0.5497 9.5012e-07       2195     1.5239         70 0.0000e+00
     22.764   71.20792 -157.99978     23.000     2.4460     2.4416     2.4448    31.6344    31.6955  1025.3497    25.2411    326.973    312.268  335.56227     97.439     93.088     0.0881     0.1802     4.1815     0.4781 2.1705e-06       2250     1.5619         43 0.0000e+00
     23.754   71.20792 -157.99978     24.000     1.3360     1.3383     1.3350    32.0679    32.1014  1025.7814    25.6675    328.762    311.337  343.90705     95.598     90.563     0.0844     0.1584     3.8250     0.8393 2.2781e-06       2296     1.5940         52 0.0000e+00
     24.744   71.20792 -157.99978     25.000     1.1592     1.1653     1.1582    32.1046    32.1269  1025.8269    25.7081    334.810    308.650  345.36018     96.945     89.399     0.0882     0.1816     3.7223     0.9436 1.3085e-06       2356     1.6352         57 0.0000e+00
     25.733   71.20792 -157.99978     26.000     1.1217     1.1230     1.1207    32.1057    32.1282  1025.8349    25.7113    326.069    312.105  345.68955     94.324     90.303     0.0906     0.1958     3.7128     0.9539 1.0311e-06       2409     1.6723         49 0.0000e+00
     26.723   71.20792 -157.99978     27.000     1.0668     1.0694     1.0657    32.1142    32.1348  1025.8498    25.7214    323.946    312.688  346.15476     93.584     90.352     0.0888     0.1847     3.6908     0.9776 1.5775e-06       2455     1.7042         43 0.0000e+00
     27.713   71.20792 -157.99978     28.000     1.0486     1.0503     1.0475    32.1145    32.1335  1025.8559    25.7228    324.714    311.796  346.31498     93.763     90.050     0.0887     0.1842     3.6739     0.9959 1.4729e-06       2501     1.7359         46 0.0000e+00
     28.702   71.20792 -157.99978     29.000     1.0272     1.0338     1.0261    32.1158    32.1329  1025.8630    25.7251    324.764    311.663  346.50203     93.727     89.973     0.0896     0.1895     3.6492     1.0229 1.1948e-06       2556     1.7742         64 0.0000e+00
     29.692   71.20792 -157.99978     30.000     0.9920     0.9958     0.9909    32.1202    32.1372  1025.8733    25.7306    324.808    311.843  346.80392     93.657     89.940     0.0935     0.2132     3.6304     1.0435 1.4522e-06       2619     1.8182         53 0.0000e+00
     30.682   71.20792 -157.99978     31.000     0.9880     0.9848     0.9868    32.1191    32.1374  1025.8774    25.7300    324.556    311.728  346.84311     93.574     89.881     0.0899     0.1915     3.6288     1.0454 1.7456e-06       2660     1.8463         34 0.0000e+00
     31.671   71.20792 -157.99978     32.000     0.9788     0.9786     0.9775    32.1195    32.1362  1025.8830    25.7309    324.189    310.993  346.92422     93.447     89.654     0.0911     0.1987     3.6224     1.0524 7.4467e-07       2706     1.8783         66 0.0000e+00
     32.661   71.20792 -157.99978     33.000     0.9788     0.9798     0.9775    32.1172    32.1329  1025.8859    25.7290    324.142    311.355  346.92988     93.432     89.759     0.0931     0.2108     3.6241     1.0506 1.6177e-06       2780     1.9298         56 0.0000e+00
     33.651   71.20792 -157.99978     34.000     0.9797     0.9807     0.9784    32.1162    32.1318  1025.8898    25.7281    324.277    311.385  346.92467     93.472     89.769     0.0891     0.1866     3.6253     1.0492 1.3292e-06       2815     1.9543         32 0.0000e+00
     34.640   71.20792 -157.99978     35.000     0.9782     0.9795     0.9769    32.1154    32.1309  1025.8941    25.7276    324.200    311.413  346.93965     93.446     89.773     0.0896     0.1897     3.6232     1.0515 8.5185e-07       2855     1.9822         52 0.0000e+00
     35.630   71.20792 -157.99978     36.000     0.9249     0.9294     0.9235    32.1253    32.1409  1025.9099    25.7387    324.166    310.908  347.39013     93.315     89.519     0.0961     0.2287     3.6248     1.0497 7.7447e-07       2934     2.0371         76 0.0000e+00
     36.620   71.20792 -157.99978     37.000     0.9360     0.9388     0.9346    32.1226    32.1371  1025.9119    25.7359    323.763    311.146  347.29732     93.224     89.607     0.0919     0.2036     3.5838     1.0953 2.8731e-07       2976     2.0659         30 0.0000e+00
     37.609   71.20792 -157.99978     38.000     0.9235     0.9266     0.9220    32.1242    32.1389  1025.9186    25.7378    323.754    311.172  347.40567     93.192     89.588     0.0905     0.1946     3.5862     1.0926 1.6216e-06       3007     2.0877         35 0.0000e+00
     38.599   71.20792 -157.99978     39.000     0.9076     0.9082     0.9061    32.1267    32.1411  1025.9263    25.7407    323.363    311.274  347.54048     93.043     89.576     0.0943     0.2180     3.5748     1.1054 1.0711e-06       3081     2.1391         88 0.0000e+00
     39.588   71.20792 -157.99978     40.000     0.9045     0.9046     0.9030    32.1247    32.1384  1025.9296    25.7393    323.568    310.464  347.57375     93.093     89.333     0.0958     0.2265     3.5677     1.1134 8.9896e-07       3386     2.3505        562 0.0000e+00
     40.578   71.20792 -157.99978     41.000     0.8934     0.8947     0.8918    32.1249    32.1379  1025.9352    25.7402    323.653    309.592  347.67268     93.091     89.059     0.1006     0.2556     3.5662     1.1150 7.5444e-07       3775     2.6206        191 0.0000e+00
     41.568   71.20792 -157.99978     42.000     0.8960     0.8942     0.8944    32.1241    32.1373  1025.9392    25.7394    323.772    310.438  347.65120     93.131     89.301     0.0983     0.2416     3.5614     1.1204 7.7564e-07       3945     2.7390        142 0.0000e+00
     42.557   71.20792 -157.99978     43.000     0.8997     0.9006     0.8980    32.1233    32.1361  1025.9431    25.7385    323.499    311.042  347.62057     93.061     89.488     0.0965     0.2311     3.5665     1.1146 1.0946e-06       4181     2.9029        264 0.0000e+00
     43.547   71.20792 -157.99978     44.000     0.8852     0.8895     0.8835    32.1253    32.1377  1025.9503    25.7410    323.137    309.507  347.74466     92.924     89.023     0.0898     0.1911     3.5648     1.1166 8.6279e-07       4394     3.0508         18 0.0000e+00
