EcoFOCI/data/1_SampleCollection/2023_SikuliaqDBO_CruiseData/CTD_raw_BottleFile_SKQ23-12S/proc/skq202312s_076.ros
* Sea-Bird SBE 9 Data File:
* FileName = D:\CTD\SKQ202312S\SKQ202312S_076.hex
* Software Version Seasave V 7.26.7.121
* Temperature SN = 6177
* Conductivity SN = 0369
* Number of Bytes Per Scan = 41
* Number of Voltage Words = 4
* Number of Scans Averaged by the Deck Unit = 1
* NMEA Latitude = 68 18.13 N
* NMEA Longitude = 166 55.58 W
* NMEA UTC (Time) = Oct 02 2023  08:17:28
* NMEA baud rate = 4800
** Ship: R/V Sikuliaq
** Station Number: 076
** Station Name: DBO3.1
** Bottom Depth: 34
** Operator: SD
# nquan = 22
# nvalues = 637                                   
# units = specified
# name 0 = depSM: Depth [salt water, m]
# name 1 = latitude: Latitude [deg]
# name 2 = longitude: Longitude [deg]
# name 3 = prDM: Pressure, Digiquartz [db]
# name 4 = t090C: Temperature [ITS-90, deg C]
# name 5 = t190C: Temperature, 2 [ITS-90, deg C]
# name 6 = potemp090C: Potential Temperature [ITS-90, deg C]
# name 7 = sal00: Salinity, Practical [PSU]
# name 8 = sal11: Salinity, Practical, 2 [PSU]
# name 9 = density00: Density [density, kg/m^3]
# name 10 = sigma-é00: Density [sigma-theta, kg/m^3]
# name 11 = sbox0Mm/Kg: Oxygen, SBE 43 [umol/kg]
# name 12 = sbox1Mm/Kg: Oxygen, SBE 43, 2 [umol/kg]
# name 13 = oxsolMm/Kg: Oxygen Saturation, Garcia & Gordon [umol/kg]
# name 14 = sbeox0PS: Oxygen, SBE 43 [% saturation]
# name 15 = v0: Voltage 0
# name 16 = flECO-AFL: Fluorescence, WET Labs ECO-AFL/FL [mg/m^3]
# name 17 = CStarAt0: Beam Attenuation, WET Labs C-Star [1/m]
# name 18 = par: PAR/Irradiance, Biospherical/Licor
# name 19 = scan: Scan Count
# name 20 = nbf: Bottles Fired
# name 21 = flag:  0.000e+00
# interval = seconds: 0.0416667
# start_time = Oct 02 2023 08:20:24 [NMEA time, first data scan]
# bad_flag = -9.990e-29
*END*
[from data line 198]
     19.965   68.30194 -166.92406     20.168     5.6308     5.6248     5.6293    31.4288    31.4447  1024.8686    24.7751    260.589    247.013  311.00378     83.790     0.0830     0.1502     1.1767 1.0000e-12       7866          5  0.000e+00
     19.942   68.30194 -166.92406     20.145     5.6308     5.6245     5.6293    31.4287    31.4450  1024.8685    24.7751    260.397    247.007  311.00393     83.728     0.0842     0.1575     1.1767 8.4714e-06       7867          5  0.000e+00
     19.942   68.30194 -166.92406     20.145     5.6310     5.6244     5.6295    31.4289    31.4456  1024.8686    24.7752    260.543    246.999  311.00199     83.775     0.0842     0.1575     1.1767 1.0000e-12       7868          5  0.000e+00
     19.904   68.30194 -166.92406     20.106     5.6314     5.6261     5.6299    31.4287    31.4444  1024.8682    24.7750    260.543    247.160  310.99948     83.776     0.0842     0.1575     1.1753 1.0000e-12       7869          5  0.000e+00
     19.888   68.30194 -166.92406     20.090     5.6313     5.6280     5.6297    31.4284    31.4423  1024.8679    24.7748    260.545    247.159  311.00131     83.776     0.0830     0.1502     1.1767 1.0000e-12       7870          5  0.000e+00
     19.942   68.30194 -166.92406     20.145     5.6313     5.6301     5.6297    31.4287    31.4408  1024.8684    24.7750    260.546    247.154  311.00067     83.777     0.0842     0.1575     1.1767 1.0000e-12       7871          5  0.000e+00
     19.904   68.30194 -166.92406     20.106     5.6312     5.6318     5.6296    31.4290    31.4392  1024.8684    24.7752    260.341    247.147  311.00080     83.711     0.0830     0.1502     1.1767 1.0000e-12       7872          5  0.000e+00
     19.888   68.30194 -166.92406     20.090     5.6313     5.6329     5.6297    31.4284    31.4384  1024.8679    24.7748    260.307    247.141  311.00131     83.700     0.0842     0.1575     1.1767 1.0000e-12       7873          5  0.000e+00
     19.888   68.30194 -166.92406     20.090     5.6311     5.6337     5.6296    31.4286    31.4377  1024.8681    24.7750    260.272    247.135  311.00193     83.688     0.0855     0.1648     1.1767 1.0000e-12       7874          5  0.000e+00
     19.904   68.30194 -166.92406     20.106     5.6309     5.6340     5.6293    31.4287    31.4374  1024.8682    24.7751    260.238    247.129  311.00362     83.677     0.0842     0.1575     1.1767 8.4714e-06       7875          5  0.000e+00
     19.888   68.30194 -166.92406     20.090     5.6308     5.6345     5.6293    31.4287    31.4372  1024.8682    24.7751    260.401    247.119  311.00396     83.729     0.0855     0.1648     1.1767 8.4714e-06       7876          5  0.000e+00
     19.888   68.30194 -166.92406     20.090     5.6310     5.6340     5.6294    31.4288    31.4378  1024.8682    24.7751    260.159    247.112  311.00273     83.652     0.0842     0.1575     1.1753 1.0000e-12       7877          5  0.000e+00
     19.850   68.30194 -166.92406     20.051     5.6309     5.6343     5.6293    31.4285    31.4372  1024.8678    24.7749    260.146    247.117  311.00409     83.647     0.0842     0.1575     1.1767 1.0000e-12       7878          5  0.000e+00
     19.888   68.30194 -166.92408     20.090     5.6310     5.6345     5.6294    31.4285    31.4372  1024.8680    24.7749    260.105    247.104  311.00334     83.634     0.0842     0.1575     1.1767 8.4714e-06       7879          5  0.000e+00
     19.826   68.30194 -166.92408     20.028     5.6305     5.6347     5.6290    31.4291    31.4372  1024.8682    24.7754    260.092    247.085  311.00549     83.629     0.0842     0.1575     1.1739 1.0000e-12       7880          5  0.000e+00
     19.849   68.30194 -166.92408     20.051     5.6305     5.6347     5.6290    31.4290    31.4371  1024.8683    24.7754    260.079    247.088  311.00551     83.625     0.0830     0.1502     1.1712 1.0000e-12       7881          5  0.000e+00
     19.888   68.30194 -166.92408     20.090     5.6302     5.6347     5.6287    31.4295    31.4372  1024.8689    24.7758    260.068    247.070  311.00671     83.621     0.0830     0.1502     1.1698 1.0000e-12       7882          5  0.000e+00
     19.826   68.30194 -166.92408     20.028     5.6306     5.6348     5.6291    31.4292    31.4367  1024.8683    24.7754    259.820    247.065  311.00407     83.542     0.0818     0.1428     1.1698 8.4714e-06       7883          5  0.000e+00
     19.849   68.30194 -166.92408     20.051     5.6305     5.6351     5.6290    31.4291    31.4367  1024.8683    24.7754    260.180    247.060  311.00542     83.658     0.0830     0.1502     1.1712 1.0000e-12       7884          5  0.000e+00
     19.826   68.30194 -166.92408     20.028     5.6307     5.6353     5.6292    31.4290    31.4367  1024.8682    24.7753    259.792    247.233  311.00398     83.533     0.0818     0.1428     1.1712 1.0000e-12       7885          5  0.000e+00
     19.772   68.30194 -166.92408     19.973     5.6313     5.6353     5.6297    31.4284    31.4366  1024.8673    24.7748    259.746    247.043  311.00136     83.519     0.0830     0.1502     1.1712 1.0000e-12       7886          5  0.000e+00
     19.849   68.30194 -166.92408     20.051     5.6314     5.6360     5.6299    31.4284    31.4360  1024.8676    24.7747    259.706    247.212  311.00029     83.507     0.0830     0.1502     1.1712 1.0000e-12       7887          5  0.000e+00
     19.826   68.30194 -166.92408     20.028     5.6316     5.6360     5.6301    31.4285    31.4362  1024.8677    24.7748    259.664    247.217  310.99877     83.494     0.0830     0.1502     1.1698 1.0000e-12       7888          5  0.000e+00
     19.795   68.30194 -166.92408     19.997     5.6321     5.6360     5.6306    31.4279    31.4359  1024.8669    24.7743    259.622    247.040  310.99617     83.481     0.0842     0.1575     1.1712 1.0000e-12       7889          5  0.000e+00
     19.826   68.30194 -166.92408     20.028     5.6325     5.6356     5.6310    31.4278    31.4363  1024.8670    24.7742    259.583    247.027  310.99329     83.469     0.0830     0.1502     1.1698 1.0000e-12       7890          5  0.000e+00
     19.826   68.30194 -166.92408     20.028     5.6325     5.6350     5.6310    31.4275    31.4366  1024.8667    24.7739    259.547    247.192  310.99399     83.457     0.0830     0.1502     1.1712 1.0000e-12       7891          5  0.000e+00
     19.795   68.30194 -166.92408     19.997     5.6331     5.6347     5.6316    31.4271    31.4369  1024.8662    24.7735    259.508    247.011  310.99077     83.446     0.0830     0.1502     1.1712 1.0000e-12       7892          5  0.000e+00
     19.826   68.30194 -166.92408     20.028     5.6332     5.6345     5.6316    31.4273    31.4372  1024.8665    24.7737    259.445    246.990  310.98992     83.425     0.0830     0.1502     1.1712 1.0000e-12       7893          5  0.000e+00
     19.826   68.30194 -166.92408     20.028     5.6332     5.6348     5.6316    31.4274    31.4370  1024.8666    24.7738    259.411    246.965  310.98975     83.415     0.0830     0.1502     1.1712 1.0000e-12       7894          5  0.000e+00
     19.734   68.30194 -166.92408     19.934     5.6329     5.6361     5.6314    31.4274    31.4362  1024.8662    24.7738    259.377    246.950  310.99150     83.403     0.0830     0.1502     1.1712 1.0000e-12       7895          5  0.000e+00
     19.826   68.30194 -166.92408     20.028     5.6333     5.6377     5.6318    31.4272    31.4344  1024.8664    24.7736    259.146    246.940  310.98913     83.330     0.0830     0.1502     1.1712 8.4714e-06       7896          5  0.000e+00
     19.772   68.30194 -166.92408     19.973     5.6332     5.6388     5.6316    31.4274    31.4334  1024.8663    24.7738    259.087    246.926  310.98969     83.310     0.0830     0.1502     1.1698 8.4714e-06       7897          5  0.000e+00
     19.795   68.30194 -166.92408     19.997     5.6333     5.6397     5.6318    31.4274    31.4329  1024.8664    24.7738    259.231    246.914  310.98857     83.357     0.0830     0.1502     1.1712 1.0000e-12       7898          5  0.000e+00
     19.826   68.30194 -166.92408     20.028     5.6334     5.6399     5.6319    31.4272    31.4327  1024.8664    24.7736    258.976    246.905  310.98833     83.275     0.0830     0.1502     1.1712 1.0000e-12       7899          5  0.000e+00
     19.772   68.30194 -166.92408     19.973     5.6335     5.6397     5.6320    31.4271    31.4325  1024.8661    24.7735    258.921    246.896  310.98810     83.258     0.0830     0.1502     1.1726 8.4714e-06       7900          5  0.000e+00
     19.795   68.30194 -166.92408     19.997     5.6337     5.6399     5.6322    31.4273    31.4325  1024.8663    24.7736    259.070    246.705  310.98618     83.306     0.0830     0.1502     1.1753 1.0000e-12       7901          5  0.000e+00
     19.826   68.30194 -166.92408     20.028     5.6337     5.6399     5.6322    31.4270    31.4327  1024.8662    24.7734    259.081    246.677  310.98656     83.309     0.0830     0.1502     1.1753 8.4714e-06       7902          5  0.000e+00
     19.772   68.30194 -166.92408     19.973     5.6338     5.6396     5.6323    31.4270    31.4326  1024.8659    24.7734    258.860    246.828  310.98580     83.239     0.0830     0.1502     1.1753 8.4714e-06       7903          5  0.000e+00
     19.795   68.30194 -166.92408     19.997     5.6341     5.6394     5.6326    31.4268    31.4330  1024.8658    24.7731    259.015    246.638  310.98406     83.289     0.0830     0.1502     1.1753 1.0000e-12       7904          5  0.000e+00
     19.826   68.30194 -166.92408     20.028     5.6344     5.6394     5.6329    31.4262    31.4330  1024.8655    24.7727    258.600    246.790  310.98302     83.156     0.0830     0.1502     1.1753 8.4714e-06       7905          5  0.000e+00
     19.772   68.30194 -166.92408     19.973     5.6346     5.6394     5.6330    31.4263    31.4326  1024.8653    24.7727    258.729    246.777  310.98208     83.197     0.0842     0.1575     1.1753 1.0000e-12       7906          5  0.000e+00
     19.795   68.30194 -166.92408     19.997     5.6346     5.6394     5.6331    31.4259    31.4329  1024.8651    24.7724    258.692    246.584  310.98263     83.185     0.0830     0.1502     1.1753 8.4714e-06       7907          5  0.000e+00
     19.826   68.30194 -166.92408     20.028     5.6343     5.6392     5.6328    31.4261    31.4332  1024.8654    24.7726    258.690    246.555  310.98452     83.184     0.0830     0.1502     1.1753 8.4714e-06       7908          5  0.000e+00
     19.826   68.30194 -166.92408     20.028     5.6342     5.6381     5.6327    31.4265    31.4341  1024.8658    24.7730    258.689    246.529  310.98418     83.184     0.0830     0.1502     1.1753 1.0000e-12       7909          5  0.000e+00
     19.795   68.30194 -166.92408     19.997     5.6340     5.6372     5.6325    31.4269    31.4348  1024.8659    24.7733    258.691    246.501  310.98485     83.184     0.0830     0.1502     1.1753 1.0000e-12       7910          5  0.000e+00
     19.826   68.30194 -166.92408     20.028     5.6340     5.6366     5.6325    31.4262    31.4356  1024.8656    24.7728    258.699    246.474  310.98638     83.187     0.0830     0.1502     1.1753 8.4714e-06       7911          5  0.000e+00
     19.826   68.30194 -166.92408     20.028     5.6337     5.6372     5.6322    31.4266    31.4350  1024.8659    24.7730    258.741    246.620  310.98788     83.200     0.0830     0.1502     1.1753 8.4714e-06       7912          5  0.000e+00
     19.794   68.30194 -166.92408     19.995     5.6327     5.6363     5.6312    31.4273    31.4357  1024.8664    24.7737    259.674    246.167  310.99342     83.498     0.0830     0.1502     1.1684 8.4714e-06       8137          6  0.000e+00
     19.886   68.30194 -166.92408     20.089     5.6329     5.6360     5.6314    31.4273    31.4362  1024.8668    24.7737    259.688    246.131  310.99193     83.503     0.0818     0.1428     1.1684 1.0000e-12       8138          6  0.000e+00
     19.825   68.30194 -166.92408     20.026     5.6327     5.6358     5.6312    31.4273    31.4364  1024.8666    24.7738    259.698    246.089  310.99328     83.506     0.0830     0.1502     1.1684 1.0000e-12       8139          6  0.000e+00
     19.848   68.30194 -166.92408     20.050     5.6327     5.6358     5.6312    31.4270    31.4360  1024.8664    24.7735    259.709    246.069  310.99400     83.509     0.0830     0.1502     1.1684 1.0000e-12       8140          6  0.000e+00
     19.825   68.30194 -166.92408     20.026     5.6328     5.6356     5.6312    31.4269    31.4365  1024.8663    24.7734    259.716    246.046  310.99380     83.512     0.0830     0.1502     1.1684 1.0000e-12       8141          6  0.000e+00
     19.825   68.30194 -166.92408     20.026     5.6327     5.6356     5.6312    31.4266    31.4366  1024.8660    24.7732    259.725    246.024  310.99503     83.514     0.0818     0.1428     1.1698 8.4714e-06       8142          6  0.000e+00
     19.848   68.30194 -166.92408     20.050     5.6329     5.6356     5.6313    31.4269    31.4365  1024.8663    24.7734    259.730    246.003  310.99321     83.516     0.0830     0.1502     1.1712 1.0000e-12       8143          6  0.000e+00
     19.886   68.30194 -166.92408     20.089     5.6329     5.6353     5.6313    31.4271    31.4368  1024.8666    24.7735    259.735    245.984  310.99272     83.518     0.0842     0.1575     1.1726 8.4714e-06       8144          6  0.000e+00
     19.825   68.30194 -166.92408     20.026     5.6328     5.6355     5.6312    31.4270    31.4367  1024.8663    24.7735    259.538    245.979  310.99371     83.454     0.0830     0.1502     1.1726 8.4714e-06       8145          6  0.000e+00
     19.902   68.30194 -166.92408     20.104     5.6330     5.6353     5.6315    31.4269    31.4366  1024.8665    24.7733    259.714    245.981  310.99212     83.511     0.0830     0.1502     1.1726 1.0000e-12       8146          6  0.000e+00
     19.825   68.30194 -166.92408     20.026     5.6329     5.6351     5.6313    31.4273    31.4370  1024.8666    24.7737    259.714    245.978  310.99213     83.511     0.0830     0.1502     1.1712 1.0000e-12       8147          6  0.000e+00
     19.886   68.30194 -166.92408     20.089     5.6329     5.6353     5.6314    31.4273    31.4365  1024.8668    24.7737    259.717    245.980  310.99176     83.512     0.0830     0.1502     1.1726 8.4714e-06       8148          6  0.000e+00
     19.848   68.30194 -166.92408     20.050     5.6335     5.6350     5.6319    31.4270    31.4368  1024.8663    24.7734    259.712    245.961  310.98835     83.512     0.0830     0.1502     1.1712 1.0000e-12       8149          6  0.000e+00
     19.886   68.30194 -166.92408     20.089     5.6335     5.6345     5.6319    31.4271    31.4371  1024.8666    24.7735    259.712    245.966  310.98822     83.512     0.0830     0.1502     1.1726 1.0000e-12       8150          6  0.000e+00
     19.886   68.30194 -166.92408     20.089     5.6335     5.6342     5.6319    31.4268    31.4375  1024.8664    24.7733    259.710    245.969  310.98884     83.511     0.0830     0.1502     1.1712 1.0000e-12       8151          6  0.000e+00
     19.848   68.30194 -166.92408     20.050     5.6334     5.6340     5.6319    31.4268    31.4375  1024.8662    24.7733    259.705    245.971  310.98915     83.509     0.0830     0.1502     1.1726 1.0000e-12       8152          6  0.000e+00
     19.886   68.30194 -166.92408     20.089     5.6335     5.6336     5.6319    31.4270    31.4379  1024.8665    24.7734    259.701    245.977  310.98840     83.508     0.0818     0.1428     1.1726 1.0000e-12       8153          6  0.000e+00
     19.886   68.30194 -166.92408     20.089     5.6333     5.6332     5.6318    31.4270    31.4381  1024.8665    24.7734    259.696    245.983  310.98954     83.506     0.0830     0.1502     1.1726 1.0000e-12       8154          6  0.000e+00
