EcoFOCI/data/1_SampleCollection/2023_SikuliaqDBO_CruiseData/CTD_raw_BottleFile_SKQ23-12S/proc/skq202312s_019svp.cnv
* Sea-Bird SBE 9 Data File:
* FileName = D:\CTD\SKQ202312S\SKQ202312S_019.hex
* Software Version Seasave V 7.26.7.121
* Temperature SN = 6177
* Conductivity SN = 0369
* Number of Bytes Per Scan = 41
* Number of Voltage Words = 4
* Number of Scans Averaged by the Deck Unit = 1
* NMEA Latitude = 64 59.99 N
* NMEA Longitude = 168 13.30 W
* NMEA UTC (Time) = Sep 17 2023  22:28:58
* NMEA baud rate = 4800
** Ship: R/V Sikuliaq
** Station Number: 019
** Station Name: DBO2.7
** Bottom Depth: 45
** Operator: SD
# nquan = 7
# nvalues = 4581                                  
# units = specified
# name 0 = depSM: Depth [salt water, m]
# name 1 = latitude: Latitude [deg]
# name 2 = longitude: Longitude [deg]
# name 3 = t090C: Temperature [ITS-90, deg C]
# name 4 = sal00: Salinity, Practical [PSU]
# name 5 = svCM: Sound Velocity [Chen-Millero, m/s]
# name 6 = flag:  0.000e+00
# span 0 =      1.992,     40.581                 
# span 1 =   64.99988,   64.99990                 
# span 2 = -168.22160, -168.22154                 
# span 3 =     4.3446,     7.4247                 
# span 4 =    27.1996,    32.0704                 
# span 5 =    1464.34,    1471.92                 
# span 6 = 0.0000e+00, 0.0000e+00                 
# interval = seconds: 0.0416667
# start_time = Sep 17 2023 22:32:38 [NMEA time, first data scan]
# bad_flag = -9.990e-29
*END*
[from data line 3898]
     39.266   64.99990 -168.22154     4.5782    32.0161    1465.84  0.000e+00
     39.258   64.99990 -168.22154     4.6049    32.0038    1465.93  0.000e+00
     39.266   64.99990 -168.22154     4.6196    31.9988    1465.99  0.000e+00
     39.212   64.99990 -168.22154     4.6271    31.9968    1466.02  0.000e+00
     39.266   64.99990 -168.22154     4.6354    31.9914    1466.05  0.000e+00
     39.204   64.99990 -168.22154     4.6378    31.9910    1466.05  0.000e+00
     39.266   64.99990 -168.22154     4.6477    31.9843    1466.09  0.000e+00
     39.212   64.99990 -168.22154     4.6595    31.9746    1466.12  0.000e+00
     39.266   64.99990 -168.22154     4.6527    31.9808    1466.10  0.000e+00
     39.204   64.99990 -168.22154     4.6456    31.9853    1466.08  0.000e+00
     39.266   64.99990 -168.22154     4.6462    31.9815    1466.08  0.000e+00
     39.266   64.99990 -168.22154     4.6364    31.9853    1466.04  0.000e+00
     39.212   64.99990 -168.22154     4.6254    31.9934    1466.01  0.000e+00
     39.204   64.99990 -168.22154     4.6345    31.9950    1466.05  0.000e+00
     39.212   64.99990 -168.22154     4.6454    31.9995    1466.10  0.000e+00
     39.212   64.99990 -168.22154     4.6560    31.9986    1466.14  0.000e+00
     39.212   64.99990 -168.22154     4.6667    31.9905    1466.17  0.000e+00
     39.143   64.99990 -168.22154     4.6728    31.9823    1466.19  0.000e+00
     39.212   64.99990 -168.22154     4.6633    31.9882    1466.16  0.000e+00
     39.150   64.99990 -168.22154     4.6619    31.9923    1466.15  0.000e+00
     39.212   64.99990 -168.22154     4.6685    31.9909    1466.18  0.000e+00
     39.143   64.99990 -168.22154     4.6739    31.9894    1466.20  0.000e+00
     39.150   64.99990 -168.22154     4.6657    31.9895    1466.17  0.000e+00
     39.150   64.99990 -168.22154     4.6497    31.9873    1466.10  0.000e+00
     39.150   64.99990 -168.22154     4.6323    31.9849    1466.02  0.000e+00
     39.204   64.99990 -168.22154     4.6218    31.9802    1465.97  0.000e+00
     39.150   64.99990 -168.22154     4.6113    31.9792    1465.93  0.000e+00
     39.150   64.99990 -168.22154     4.6006    31.9823    1465.89  0.000e+00
     39.150   64.99990 -168.22154     4.5807    31.9926    1465.82  0.000e+00
     39.089   64.99990 -168.22154     4.5626    31.9986    1465.75  0.000e+00
     39.150   64.99990 -168.22154     4.5514    32.0022    1465.71  0.000e+00
     39.096   64.99990 -168.22154     4.5451    32.0046    1465.69  0.000e+00
     39.150   64.99990 -168.22154     4.5419    32.0064    1465.68  0.000e+00
     39.088   64.99990 -168.22154     4.5413    32.0087    1465.67  0.000e+00
     39.150   64.99990 -168.22154     4.5476    32.0087    1465.70  0.000e+00
     39.096   64.99990 -168.22154     4.5582    32.0051    1465.74  0.000e+00
     39.096   64.99990 -168.22154     4.5651    32.0018    1465.77  0.000e+00
     39.088   64.99990 -168.22154     4.5665    32.0011    1465.77  0.000e+00
     39.096   64.99990 -168.22154     4.5658    32.0024    1465.77  0.000e+00
     39.096   64.99990 -168.22154     4.5670    32.0027    1465.77  0.000e+00
     39.150   64.99990 -168.22154     4.5691    32.0023    1465.78  0.000e+00
     39.088   64.99990 -168.22154     4.5711    32.0017    1465.79  0.000e+00
     39.096   64.99990 -168.22154     4.5735    32.0100    1465.81  0.000e+00
     39.096   64.99990 -168.22154     4.6103    31.9978    1465.95  0.000e+00
     39.096   64.99990 -168.22154     4.6565    31.9766    1466.11  0.000e+00
     39.088   64.99990 -168.22154     4.6831    31.9617    1466.20  0.000e+00
     39.096   64.99990 -168.22154     4.6584    31.9895    1466.14  0.000e+00
     39.096   64.99990 -168.22154     4.6731    31.9872    1466.19  0.000e+00
     39.096   64.99990 -168.22154     4.7188    31.9620    1466.35  0.000e+00
     39.088   64.99990 -168.22154     4.7479    31.9534    1466.46  0.000e+00
     39.096   64.99990 -168.22154     4.7602    31.9513    1466.51  0.000e+00
     39.096   64.99990 -168.22154     4.7517    31.9627    1466.49  0.000e+00
     39.042   64.99990 -168.22154     4.7563    31.9576    1466.50  0.000e+00
     39.142   64.99990 -168.22154     4.7657    31.9393    1466.51  0.000e+00
     39.096   64.99990 -168.22154     4.7710    31.9246    1466.52  0.000e+00
     39.096   64.99990 -168.22154     4.7630    31.9329    1466.49  0.000e+00
     39.027   64.99990 -168.22154     4.7517    31.9467    1466.46  0.000e+00
     39.150   64.99990 -168.22154     4.7281    31.9688    1466.40  0.000e+00
     39.096   64.99990 -168.22154     4.7109    31.9865    1466.35  0.000e+00
     39.150   64.99990 -168.22154     4.7255    31.9734    1466.39  0.000e+00
     38.973   64.99990 -168.22154     4.7303    31.9569    1466.39  0.000e+00
     39.212   64.99990 -168.22154     4.6831    31.9748    1466.22  0.000e+00
     39.150   64.99990 -168.22154     4.6387    31.9918    1466.06  0.000e+00
     39.096   64.99990 -168.22154     4.6127    31.9994    1465.96  0.000e+00
     39.142   64.99990 -168.22154     4.6028    31.9993    1465.92  0.000e+00
     39.150   64.99990 -168.22154     4.5988    31.9983    1465.90  0.000e+00
     39.096   64.99990 -168.22154     4.5966    31.9963    1465.89  0.000e+00
     39.150   64.99990 -168.22154     4.5966    31.9927    1465.88  0.000e+00
     39.142   64.99990 -168.22154     4.6006    31.9861    1465.89  0.000e+00
     39.150   64.99990 -168.22154     4.6056    31.9804    1465.91  0.000e+00
     39.150   64.99990 -168.22154     4.6028    31.9818    1465.90  0.000e+00
     39.150   64.99990 -168.22154     4.5880    31.9959    1465.85  0.000e+00
     39.142   64.99990 -168.22154     4.5745    32.0092    1465.81  0.000e+00
     39.212   64.99990 -168.22154     4.5673    32.0143    1465.79  0.000e+00
     39.150   64.99990 -168.22154     4.5707    32.0071    1465.80  0.000e+00
     39.150   64.99990 -168.22154     4.5629    32.0079    1465.76  0.000e+00
     39.204   64.99990 -168.22154     4.5530    32.0128    1465.73  0.000e+00
     39.150   64.99990 -168.22154     4.5484    32.0165    1465.72  0.000e+00
     39.212   64.99990 -168.22154     4.5490    32.0153    1465.72  0.000e+00
     39.212   64.99990 -168.22154     4.5607    32.0061    1465.75  0.000e+00
     39.204   64.99990 -168.22154     4.5647    32.0031    1465.77  0.000e+00
     39.212   64.99990 -168.22154     4.5613    32.0057    1465.76  0.000e+00
     39.212   64.99990 -168.22154     4.5615    32.0055    1465.76  0.000e+00
     39.212   64.99990 -168.22154     4.5607    32.0036    1465.75  0.000e+00
     39.204   64.99990 -168.22154     4.5578    32.0059    1465.74  0.000e+00
     39.266   64.99990 -168.22154     4.5697    31.9998    1465.78  0.000e+00
     39.212   64.99990 -168.22154     4.5853    31.9924    1465.84  0.000e+00
     39.266   64.99990 -168.22154     4.5909    31.9924    1465.86  0.000e+00
     39.204   64.99990 -168.22154     4.5915    31.9956    1465.87  0.000e+00
     39.327   64.99990 -168.22154     4.5910    31.9984    1465.87  0.000e+00
     39.266   64.99990 -168.22154     4.5898    31.9990    1465.87  0.000e+00
     39.266   64.99990 -168.22154     4.5920    31.9949    1465.87  0.000e+00
     39.266   64.99990 -168.22154     4.5940    31.9906    1465.87  0.000e+00
     39.258   64.99990 -168.22154     4.5913    31.9918    1465.86  0.000e+00
     39.266   64.99990 -168.22154     4.5891    31.9933    1465.86  0.000e+00
     39.266   64.99990 -168.22154     4.5873    31.9947    1465.85  0.000e+00
     39.327   64.99990 -168.22154     4.5843    31.9969    1465.84  0.000e+00
     39.320   64.99990 -168.22154     4.5853    31.9960    1465.85  0.000e+00
     39.266   64.99990 -168.22154     4.5887    31.9928    1465.85  0.000e+00
     39.327   64.99990 -168.22154     4.5852    31.9934    1465.84  0.000e+00
     39.266   64.99990 -168.22154     4.5839    31.9911    1465.83  0.000e+00
     39.320   64.99990 -168.22154     4.5834    31.9878    1465.83  0.000e+00
     39.327   64.99990 -168.22154     4.5656    32.0018    1465.77  0.000e+00
     39.327   64.99990 -168.22154     4.5468    32.0173    1465.71  0.000e+00
     39.327   64.99990 -168.22154     4.5418    32.0221    1465.70  0.000e+00
     39.320   64.99990 -168.22154     4.5577    32.0093    1465.75  0.000e+00
     39.327   64.99990 -168.22154     4.5707    31.9990    1465.79  0.000e+00
     39.381   64.99990 -168.22154     4.5713    31.9980    1465.79  0.000e+00
     39.327   64.99990 -168.22154     4.5746    31.9924    1465.80  0.000e+00
     39.374   64.99990 -168.22154     4.5847    31.9769    1465.82  0.000e+00
     39.266   64.99990 -168.22154     4.5856    31.9699    1465.81  0.000e+00
     39.381   64.99990 -168.22154     4.5813    31.9699    1465.80  0.000e+00
     39.327   64.99990 -168.22154     4.5807    31.9691    1465.79  0.000e+00
     39.374   64.99990 -168.22154     4.5825    31.9676    1465.80  0.000e+00
     39.327   64.99990 -168.22154     4.5727    31.9760    1465.77  0.000e+00
     39.327   64.99990 -168.22154     4.5518    31.9935    1465.70  0.000e+00
     39.327   64.99990 -168.22154     4.5279    32.0123    1465.63  0.000e+00
     39.374   64.99990 -168.22154     4.5116    32.0220    1465.57  0.000e+00
     39.327   64.99990 -168.22154     4.5030    32.0241    1465.54  0.000e+00
     39.381   64.99990 -168.22154     4.4992    32.0290    1465.53  0.000e+00
     39.327   64.99990 -168.22154     4.5097    32.0235    1465.57  0.000e+00
     39.374   64.99990 -168.22154     4.5160    32.0165    1465.59  0.000e+00
     39.266   64.99990 -168.22154     4.5102    32.0240    1465.57  0.000e+00
     39.327   64.99990 -168.22154     4.5298    32.0156    1465.64  0.000e+00
     39.327   64.99990 -168.22154     4.5594    31.9988    1465.74  0.000e+00
     39.374   64.99990 -168.22154     4.5762    31.9864    1465.80  0.000e+00
     39.266   64.99990 -168.22154     4.5825    31.9838    1465.82  0.000e+00
     39.327   64.99990 -168.22154     4.5907    31.9868    1465.86  0.000e+00
     39.327   64.99990 -168.22154     4.5973    31.9867    1465.88  0.000e+00
     39.320   64.99990 -168.22154     4.5990    31.9836    1465.89  0.000e+00
     39.327   64.99990 -168.22154     4.5991    31.9781    1465.88  0.000e+00
     39.266   64.99990 -168.22154     4.5913    31.9857    1465.86  0.000e+00
     39.327   64.99990 -168.22154     4.5962    31.9933    1465.89  0.000e+00
     39.258   64.99990 -168.22154     4.6119    31.9935    1465.95  0.000e+00
     39.266   64.99990 -168.22154     4.6286    31.9921    1466.02  0.000e+00
     39.266   64.99990 -168.22154     4.6248    32.0054    1466.02  0.000e+00
     39.327   64.99990 -168.22154     4.6294    31.9990    1466.03  0.000e+00
     39.204   64.99990 -168.22154     4.6162    31.9990    1465.97  0.000e+00
     39.266   64.99990 -168.22154     4.6062    32.0003    1465.94  0.000e+00
     39.266   64.99990 -168.22154     4.6210    31.9854    1465.98  0.000e+00
     39.212   64.99990 -168.22154     4.6206    31.9795    1465.97  0.000e+00
     39.258   64.99990 -168.22154     4.6045    31.9925    1465.92  0.000e+00
     39.212   64.99990 -168.22154     4.6244    31.9943    1466.00  0.000e+00
     39.266   64.99990 -168.22154     4.6484    31.9977    1466.11  0.000e+00
     39.212   64.99990 -168.22154     4.6748    31.9915    1466.21  0.000e+00
     39.142   64.99990 -168.22154     4.6963    31.9811    1466.28  0.000e+00
     39.212   64.99990 -168.22154     4.7021    31.9805    1466.31  0.000e+00
     39.212   64.99990 -168.22154     4.7184    31.9712    1466.36  0.000e+00
     39.150   64.99990 -168.22154     4.7307    31.9649    1466.40  0.000e+00
     39.204   64.99990 -168.22154     4.7465    31.9526    1466.45  0.000e+00
     39.150   64.99990 -168.22154     4.7505    31.9477    1466.46  0.000e+00
     39.150   64.99990 -168.22154     4.7314    31.9523    1466.39  0.000e+00
     39.150   64.99990 -168.22154     4.7045    31.9677    1466.30  0.000e+00
     39.142   64.99990 -168.22154     4.7075    31.9711    1466.32  0.000e+00
     39.150   64.99990 -168.22154     4.7203    31.9675    1466.36  0.000e+00
     39.096   64.99990 -168.22154     4.7320    31.9631    1466.41  0.000e+00
     39.150   64.99990 -168.22154     4.7360    31.9651    1466.43  0.000e+00
     39.088   64.99990 -168.22154     4.7289    31.9723    1466.40  0.000e+00
     39.150   64.99990 -168.22154     4.7311    31.9646    1466.40  0.000e+00
     39.096   64.99990 -168.22154     4.7216    31.9713    1466.37  0.000e+00
     39.042   64.99990 -168.22154     4.7091    31.9848    1466.34  0.000e+00
     39.088   64.99990 -168.22154     4.7098    31.9845    1466.34  0.000e+00
     39.096   64.99990 -168.22154     4.7115    31.9774    1466.34  0.000e+00
     39.096   64.99990 -168.22154     4.7073    31.9713    1466.31  0.000e+00
     39.042   64.99990 -168.22154     4.6858    31.9833    1466.24  0.000e+00
     39.026   64.99990 -168.22154     4.6440    32.0084    1466.10  0.000e+00
     39.042   64.99990 -168.22154     4.6290    32.0075    1466.04  0.000e+00
     39.042   64.99990 -168.22154     4.6522    31.9872    1466.11  0.000e+00
     39.042   64.99990 -168.22154     4.6746    31.9790    1466.19  0.000e+00
     39.026   64.99990 -168.22154     4.6832    31.9819    1466.23  0.000e+00
     39.042   64.99990 -168.22154     4.6861    31.9835    1466.24  0.000e+00
     39.042   64.99990 -168.22154     4.6928    31.9783    1466.26  0.000e+00
     38.980   64.99990 -168.22154     4.6949    31.9773    1466.27  0.000e+00
     39.026   64.99990 -168.22154     4.6931    31.9789    1466.26  0.000e+00
     38.980   64.99990 -168.22154     4.6845    31.9814    1466.23  0.000e+00
     38.980   64.99990 -168.22154     4.6731    31.9838    1466.19  0.000e+00
     39.042   64.99990 -168.22154     4.6617    31.9881    1466.15  0.000e+00
     38.972   64.99990 -168.22154     4.6584    31.9894    1466.13  0.000e+00
     38.980   64.99990 -168.22154     4.6574    31.9906    1466.13  0.000e+00
     38.980   64.99990 -168.22154     4.6632    31.9869    1466.15  0.000e+00
     38.980   64.99990 -168.22154     4.6761    31.9764    1466.19  0.000e+00
     38.972   64.99990 -168.22154     4.6860    31.9710    1466.22  0.000e+00
     38.980   64.99990 -168.22154     4.6883    31.9735    1466.24  0.000e+00
     38.926   64.99990 -168.22154     4.6929    31.9709    1466.25  0.000e+00
     38.980   64.99990 -168.22154     4.6791    31.9800    1466.21  0.000e+00
     38.972   64.99990 -168.22154     4.6833    31.9781    1466.22  0.000e+00
     38.926   64.99990 -168.22154     4.7210    31.9546    1466.35  0.000e+00
     38.980   64.99990 -168.22154     4.7252    31.9637    1466.38  0.000e+00
     38.980   64.99990 -168.22154     4.7300    31.9711    1466.41  0.000e+00
     38.918   64.99990 -168.22154     4.7481    31.9669    1466.47  0.000e+00
     38.980   64.99990 -168.22154     4.7665    31.9605    1466.54  0.000e+00
     38.926   64.99990 -168.22154     4.7832    31.9515    1466.60  0.000e+00
     38.980   64.99990 -168.22154     4.7949    31.9459    1466.64  0.000e+00
     38.918   64.99990 -168.22154     4.7995    31.9446    1466.66  0.000e+00
     38.980   64.99990 -168.22154     4.7976    31.9471    1466.65  0.000e+00
     38.980   64.99990 -168.22154     4.7987    31.9470    1466.66  0.000e+00
     38.926   64.99990 -168.22154     4.7969    31.9488    1466.65  0.000e+00
     38.972   64.99990 -168.22154     4.7854    31.9596    1466.62  0.000e+00
     38.926   64.99990 -168.22154     4.7771    31.9675    1466.59  0.000e+00
     38.980   64.99990 -168.22154     4.7844    31.9609    1466.62  0.000e+00
     38.980   64.99990 -168.22154     4.7906    31.9555    1466.64  0.000e+00
     38.918   64.99990 -168.22154     4.7973    31.9500    1466.66  0.000e+00
     38.980   64.99990 -168.22154     4.8001    31.9476    1466.66  0.000e+00
     38.926   64.99990 -168.22154     4.7960    31.9513    1466.65  0.000e+00
