EcoFOCI/data/1_SampleCollection/2023_SikuliaqDBO_CruiseData/CTD_raw_BottleFile_SKQ23-12S/proc/skq202312s_076.cnv
* Sea-Bird SBE 9 Data File:
* FileName = D:\CTD\SKQ202312S\SKQ202312S_076.hex
* Software Version Seasave V 7.26.7.121
* Temperature SN = 6177
* Conductivity SN = 0369
* Number of Bytes Per Scan = 41
* Number of Voltage Words = 4
* Number of Scans Averaged by the Deck Unit = 1
* NMEA Latitude = 68 18.13 N
* NMEA Longitude = 166 55.58 W
* NMEA UTC (Time) = Oct 02 2023  08:17:28
* NMEA baud rate = 4800
** Ship: R/V Sikuliaq
** Station Number: 076
** Station Name: DBO3.1
** Bottom Depth: 34
** Operator: SD
# nquan = 24
# nvalues = 4366                                  
# units = specified
# name 0 = depSM: Depth [salt water, m]
# name 1 = latitude: Latitude [deg]
# name 2 = longitude: Longitude [deg]
# name 3 = prDM: Pressure, Digiquartz [db]
# name 4 = t090C: Temperature [ITS-90, deg C]
# name 5 = t190C: Temperature, 2 [ITS-90, deg C]
# name 6 = potemp090C: Potential Temperature [ITS-90, deg C]
# name 7 = sal00: Salinity, Practical [PSU]
# name 8 = sal11: Salinity, Practical, 2 [PSU]
# name 9 = density00: Density [density, kg/m^3]
# name 10 = sigma-é00: Density [sigma-theta, kg/m^3]
# name 11 = sbox0Mm/Kg: Oxygen, SBE 43 [umol/kg]
# name 12 = sbox1Mm/Kg: Oxygen, SBE 43, 2 [umol/kg]
# name 13 = oxsolMm/Kg: Oxygen Saturation, Garcia & Gordon [umol/kg]
# name 14 = sbeox0PS: Oxygen, SBE 43 [% saturation]
# name 15 = sbeox1PS: Oxygen, SBE 43, 2 [% saturation]
# name 16 = v0: Voltage 0
# name 17 = flECO-AFL: Fluorescence, WET Labs ECO-AFL/FL [mg/m^3]
# name 18 = v1: Voltage 1
# name 19 = CStarAt0: Beam Attenuation, WET Labs C-Star [1/m]
# name 20 = par: PAR/Irradiance, Biospherical/Licor
# name 21 = scan: Scan Count
# name 22 = timeM: Time, Elapsed [minutes]
# name 23 = flag:  0.000e+00
# span 0 =      1.782,     29.736                 
# span 1 =   68.30194,   68.30202                 
# span 2 = -166.92538, -166.92412                 
# span 3 =      1.800,     30.039                 
# span 4 =     4.8244,     8.0163                 
# span 5 =     4.8265,     8.0182                 
# span 6 =     4.8223,     8.0150                 
# span 7 =    25.4268,    31.8301                 
# span 8 =    25.4391,    31.8363                 
# span 9 =  1019.9781,  1025.3181                 
# span 10 =    19.9643,    25.1806                
# span 11 =    240.134,    295.328                
# span 12 =    231.760,    280.292                
# span 13 =  300.49900,  319.93951                
# span 14 =     79.876,     93.579                
# span 15 =     77.073,     88.857                
# span 16 =     0.0745,     0.2650                
# span 17 =     0.0989,     1.2417                
# span 18 =     2.5897,     3.7851                
# span 19 =     0.8766,     2.3953                
# span 20 = 1.0000e-12, 6.4638e-01                
# span 21 =          1,       4366                
# span 22 =     0.0000,     3.0313                
# span 23 = 0.0000e+00, 0.0000e+00                
# interval = seconds: 0.0416667
# start_time = Oct 02 2023 08:20:24 [NMEA time, first data scan]
# bad_flag = -9.990e-29
*END*
[from data line 2295]
     27.238   68.30196 -166.92454     27.515     4.8834     4.8789     4.8814    31.8094    31.8290  1025.2873    25.1593    262.574    250.139  315.66976     83.180     79.244     0.0769     0.1135     3.2943     1.4324 1.0000e-12       2296     1.5938  0.000e+00
     27.222   68.30196 -166.92454     27.500     4.8818     4.8754     4.8798    31.8086    31.8300  1025.2867    25.1589    262.636    250.140  315.68381     83.196     79.238     0.0781     0.1209     3.2930     1.4339 8.4714e-06       2297     1.5944  0.000e+00
     27.300   68.30196 -166.92454     27.578     4.8792     4.8755     4.8773    31.8105    31.8293  1025.2888    25.1606    262.914    250.149  315.69862     83.280     79.241     0.0769     0.1135     3.2930     1.4339 1.0000e-12       2298     1.5951  0.000e+00
     27.222   68.30196 -166.92454     27.500     4.8777     4.8771     4.8758    31.8140    31.8274  1025.2914    25.1635    262.802    249.946  315.70174     83.244     79.178     0.0769     0.1135     3.2943     1.4324 1.0000e-12       2299     1.5958  0.000e+00
     27.300   68.30196 -166.92454     27.578     4.8778     4.8769     4.8759    31.8148    31.8268  1025.2924    25.1641    262.901    249.928  315.69909     83.276     79.172     0.0757     0.1062     3.2943     1.4324 1.0000e-12       2300     1.5965  0.000e+00
     27.276   68.30196 -166.92454     27.554     4.8775     4.8745     4.8756    31.8140    31.8279  1025.2917    25.1635    262.948    249.944  315.70336     83.290     79.173     0.0769     0.1135     3.2869     1.4413 1.0000e-12       2301     1.5972  0.000e+00
     27.300   68.30196 -166.92454     27.578     4.8771     4.8711     4.8751    31.8141    31.8289  1025.2919    25.1637    263.000    249.955  315.70622     83.305     79.171     0.0781     0.1209     3.2808     1.4487 1.0000e-12       2302     1.5979  0.000e+00
     27.276   68.30196 -166.92454     27.554     4.8764     4.8671     4.8744    31.8130    31.8304  1025.2910    25.1629    263.060    249.972  315.71422     83.322     79.169     0.0769     0.1135     3.2796     1.4502 8.4714e-06       2303     1.5986  0.000e+00
     27.354   68.30196 -166.92454     27.632     4.8750     4.8639     4.8730    31.8122    31.8321  1025.2909    25.1624    263.132    250.178  315.72674     83.342     79.229     0.0781     0.1209     3.2808     1.4487 1.0000e-12       2304     1.5993  0.000e+00
     27.338   68.30196 -166.92454     27.617     4.8732     4.8627     4.8712    31.8124    31.8328  1025.2912    25.1627    263.208    250.209  315.73961     83.362     79.238     0.0769     0.1135     3.2808     1.4487 1.0000e-12       2305     1.6000  0.000e+00
     27.299   68.30196 -166.92454     27.578     4.8717     4.8636     4.8697    31.8137    31.8322  1025.2922    25.1639    263.251    250.050  315.74797     83.374     79.188     0.0781     0.1209     3.2808     1.4487 8.4714e-06       2306     1.6007  0.000e+00
     27.338   68.30196 -166.92454     27.617     4.8708     4.8641     4.8689    31.8148    31.8319  1025.2934    25.1649    263.297    249.859  315.75186     83.387     79.129     0.0769     0.1135     3.2808     1.4487 8.4714e-06       2307     1.6014  0.000e+00
     27.407   68.30196 -166.92454     27.687     4.8702     4.8640     4.8682    31.8140    31.8318  1025.2931    25.1643    263.350    249.844  315.75861     83.402     79.124     0.0769     0.1135     3.2808     1.4487 1.0000e-12       2308     1.6021  0.000e+00
     27.338   68.30196 -166.92454     27.617     4.8681     4.8640     4.8661    31.8140    31.8318  1025.2930    25.1646    263.411    250.014  315.77453     83.418     79.178     0.0769     0.1135     3.2808     1.4487 1.0000e-12       2309     1.6028  0.000e+00
     27.407   68.30196 -166.92454     27.687     4.8662     4.8637     4.8642    31.8147    31.8320  1025.2941    25.1654    263.446    250.030  315.78695     83.425     79.182     0.0769     0.1135     3.2808     1.4487 1.0000e-12       2310     1.6035  0.000e+00
     27.392   68.30198 -166.92452     27.671     4.8644     4.8637     4.8625    31.8164    31.8323  1025.2956    25.1669    263.478    250.047  315.79636     83.433     79.188     0.0757     0.1062     3.2808     1.4487 8.4714e-06       2311     1.6042  0.000e+00
     27.407   68.30198 -166.92452     27.687     4.8633     4.8632     4.8614    31.8169    31.8328  1025.2962    25.1674    263.305    249.887  315.80333     83.376     79.137     0.0769     0.1135     3.2808     1.4487 8.4714e-06       2312     1.6049  0.000e+00
     27.392   68.30198 -166.92452     27.671     4.8616     4.8613     4.8596    31.8182    31.8337  1025.2973    25.1686    263.519    249.906  315.81374     83.441     79.139     0.0757     0.1062     3.2808     1.4487 1.0000e-12       2313     1.6056  0.000e+00
     27.469   68.30198 -166.92452     27.749     4.8605     4.8596     4.8585    31.8189    31.8340  1025.2984    25.1693    263.559    249.933  315.82015     83.452     79.145     0.0769     0.1135     3.2808     1.4487 8.4714e-06       2314     1.6063  0.000e+00
     27.392   68.30198 -166.92452     27.671     4.8598     4.8592     4.8579    31.8197    31.8339  1025.2986    25.1699    263.799    249.953  315.82317     83.527     79.151     0.0781     0.1209     3.2808     1.4487 1.0000e-12       2315     1.6069  0.000e+00
     27.469   68.30198 -166.92452     27.749     4.8595     4.8596     4.8576    31.8202    31.8338  1025.2995    25.1704    263.869    250.163  315.82418     83.549     79.218     0.0769     0.1135     3.2808     1.4487 8.4714e-06       2316     1.6076  0.000e+00
     27.454   68.30198 -166.92452     27.733     4.8598     4.8592     4.8579    31.8198    31.8341  1025.2990    25.1700    263.935    250.174  315.82287     83.571     79.221     0.0769     0.1135     3.2808     1.4487 1.0000e-12       2317     1.6083  0.000e+00
     27.523   68.30198 -166.92452     27.804     4.8600     4.8603     4.8580    31.8187    31.8335  1025.2985    25.1692    264.007    250.203  315.82423     83.593     79.232     0.0769     0.1135     3.2808     1.4487 1.0000e-12       2318     1.6090  0.000e+00
     27.508   68.30198 -166.92452     27.788     4.8593     4.8629     4.8574    31.8180    31.8320  1025.2979    25.1687    264.083    250.062  315.83098     83.615     79.191     0.0781     0.1209     3.2808     1.4487 8.4714e-06       2319     1.6097  0.000e+00
     27.469   68.30198 -166.92452     27.749     4.8583     4.8651     4.8563    31.8177    31.8313  1025.2976    25.1685    264.129    250.235  315.83962     83.628     79.249     0.0781     0.1209     3.2808     1.4487 8.4714e-06       2320     1.6104  0.000e+00
     27.508   68.30198 -166.92452     27.788     4.8568     4.8642     4.8548    31.8191    31.8326  1025.2991    25.1698    264.178    250.101  315.84754     83.641     79.206     0.0781     0.1209     3.2784     1.4517 1.0000e-12       2321     1.6111  0.000e+00
     27.469   68.30198 -166.92452     27.749     4.8560     4.8621     4.8540    31.8201    31.8330  1025.2997    25.1707    264.220    250.144  315.85124     83.653     79.216     0.0781     0.1209     3.2747     1.4562 1.0000e-12       2322     1.6118  0.000e+00
     27.562   68.30198 -166.92452     27.842     4.8559     4.8620     4.8539    31.8207    31.8320  1025.3007    25.1712    264.262    250.166  315.85044     83.667     79.222     0.0781     0.1209     3.2747     1.4562 1.0000e-12       2323     1.6125  0.000e+00
     27.523   68.30198 -166.92452     27.803     4.8554     4.8633     4.8534    31.8209    31.8313  1025.3007    25.1714    264.304    250.361  315.85406     83.679     79.286     0.0781     0.1209     3.2747     1.4562 8.4714e-06       2324     1.6132  0.000e+00
     27.508   68.30198 -166.92452     27.788     4.8552     4.8642     4.8533    31.8216    31.8312  1025.3012    25.1720    264.548    250.398  315.85349     83.756     79.299     0.0781     0.1209     3.2747     1.4562 8.4714e-06       2325     1.6139  0.000e+00
     27.523   68.30198 -166.92452     27.803     4.8551     4.8633     4.8531    31.8220    31.8321  1025.3016    25.1723    264.617    250.265  315.85360     83.778     79.256     0.0794     0.1282     3.2747     1.4562 1.0000e-12       2326     1.6146  0.000e+00
     27.561   68.30198 -166.92452     27.842     4.8553     4.8615     4.8533    31.8222    31.8323  1025.3019    25.1724    264.684    250.493  315.85164     83.800     79.325     0.0781     0.1209     3.2747     1.4562 1.0000e-12       2327     1.6153  0.000e+00
     27.523   68.30198 -166.92452     27.803     4.8551     4.8609     4.8531    31.8215    31.8321  1025.3012    25.1719    264.752    250.528  315.85479     83.821     79.335     0.0781     0.1209     3.2747     1.4562 1.0000e-12       2328     1.6160  0.000e+00
     27.623   68.30198 -166.92452     27.905     4.8552     4.8623     4.8532    31.8208    31.8319  1025.3011    25.1713    264.821    250.559  315.85536     83.843     79.347     0.0781     0.1209     3.2747     1.4562 1.0000e-12       2329     1.6167  0.000e+00
     27.523   68.30198 -166.92452     27.803     4.8551     4.8641     4.8531    31.8203    31.8311  1025.3003    25.1710    264.884    250.583  315.85771     83.862     79.358     0.0781     0.1209     3.2747     1.4562 8.4714e-06       2330     1.6174  0.000e+00
     27.623   68.30198 -166.92452     27.905     4.8545     4.8645     4.8525    31.8201    31.8311  1025.3007    25.1709    264.922    250.645  315.86240     83.873     79.378     0.0781     0.1209     3.2747     1.4562 1.0000e-12       2331     1.6181  0.000e+00
     27.639   68.30198 -166.92452     27.920     4.8539     4.8643     4.8519    31.8206    31.8313  1025.3011    25.1713    264.954    250.711  315.86572     83.882     79.399     0.0781     0.1209     3.2747     1.4562 1.0000e-12       2332     1.6187  0.000e+00
     27.623   68.30198 -166.92452     27.905     4.8541     4.8642     4.8521    31.8219    31.8312  1025.3021    25.1723    265.007    250.779  315.86150     83.900     79.420     0.0781     0.1209     3.2747     1.4562 1.0000e-12       2333     1.6194  0.000e+00
     27.585   68.30198 -166.92452     27.866     4.8557     4.8635     4.8537    31.8215    31.8315  1025.3014    25.1718    264.846    251.017  315.85029     83.852     79.494     0.0781     0.1209     3.2747     1.4562 1.0000e-12       2334     1.6201  0.000e+00
     27.623   68.30198 -166.92452     27.905     4.8567     4.8626     4.8547    31.8210    31.8314  1025.3011    25.1713    265.040    250.912  315.84402     83.915     79.459     0.0781     0.1209     3.2747     1.4562 8.4714e-06       2335     1.6208  0.000e+00
     27.639   68.30198 -166.92452     27.920     4.8568     4.8613     4.8548    31.8205    31.8323  1025.3008    25.1709    265.063    250.953  315.84440     83.922     79.470     0.0781     0.1209     3.2747     1.4562 8.4714e-06       2336     1.6215  0.000e+00
     27.623   68.30198 -166.92452     27.905     4.8566     4.8618     4.8547    31.8207    31.8320  1025.3009    25.1711    265.082    251.170  315.84503     83.928     79.540     0.0769     0.1135     3.2747     1.4562 1.0000e-12       2337     1.6222  0.000e+00
     27.638   68.30198 -166.92452     27.920     4.8562     4.8637     4.8542    31.8208    31.8308  1025.3011    25.1712    265.307    251.216  315.84834     83.998     79.557     0.0781     0.1209     3.2747     1.4562 1.0000e-12       2338     1.6229  0.000e+00
     27.623   68.30198 -166.92452     27.905     4.8559     4.8637     4.8539    31.8214    31.8314  1025.3015    25.1717    265.351    251.272  315.84896     84.012     79.575     0.0781     0.1209     3.2747     1.4562 8.4714e-06       2339     1.6236  0.000e+00
     27.638   68.30198 -166.92452     27.920     4.8555     4.8635     4.8536    31.8216    31.8318  1025.3018    25.1719    265.393    251.310  315.85118     84.025     79.587     0.0781     0.1209     3.2747     1.4562 1.0000e-12       2340     1.6243  0.000e+00
     27.677   68.30198 -166.92452     27.959     4.8560     4.8636     4.8540    31.8219    31.8315  1025.3022    25.1721    265.426    251.369  315.84683     84.036     79.606     0.0781     0.1209     3.2772     1.4532 1.0000e-12       2341     1.6250  0.000e+00
     27.638   68.30198 -166.92452     27.920     4.8571     4.8643     4.8551    31.8224    31.8312  1025.3023    25.1724    265.448    251.402  315.83746     84.046     79.617     0.0781     0.1209     3.2808     1.4487 1.0000e-12       2342     1.6257  0.000e+00
     27.677   68.30198 -166.92452     27.959     4.8591     4.8662     4.8571    31.8214    31.8300  1025.3014    25.1714    265.465    251.431  315.82497     84.055     79.629     0.0781     0.1209     3.2821     1.4472 1.0000e-12       2343     1.6264  0.000e+00
     27.692   68.30198 -166.92452     27.975     4.8603     4.8671     4.8583    31.8211    31.8295  1025.3011    25.1710    265.482    251.464  315.81621     84.062     79.641     0.0781     0.1209     3.2821     1.4472 8.4714e-06       2344     1.6271  0.000e+00
     27.623   68.30198 -166.92452     27.905     4.8612     4.8667     4.8593    31.8199    31.8293  1025.2998    25.1700    265.495    251.503  315.81192     84.068     79.653     0.0781     0.1209     3.2821     1.4472 1.0000e-12       2345     1.6278  0.000e+00
     27.692   68.30198 -166.92452     27.975     4.8617     4.8657     4.8597    31.8190    31.8286  1025.2993    25.1692    265.513    251.551  315.81062     84.073     79.666     0.0769     0.1135     3.2821     1.4472 1.0000e-12       2346     1.6285  0.000e+00
     27.677   68.30198 -166.92452     27.959     4.8620     4.8632     4.8601    31.8182    31.8297  1025.2986    25.1686    265.351    251.603  315.81005     84.022     79.678     0.0781     0.1209     3.2821     1.4472 1.0000e-12       2347     1.6292  0.000e+00
     27.692   68.30198 -166.92452     27.975     4.8619     4.8605     4.8599    31.8184    31.8316  1025.2988    25.1687    265.333    251.820  315.81080     84.017     79.743     0.0769     0.1135     3.2821     1.4472 1.0000e-12       2348     1.6299  0.000e+00
     27.739   68.30198 -166.92452     28.021     4.8616     4.8617     4.8596    31.8182    31.8312  1025.2989    25.1686    265.521    251.850  315.81369     84.075     79.754     0.0781     0.1209     3.2821     1.4472 1.0000e-12       2349     1.6306  0.000e+00
     27.638   68.30198 -166.92452     27.920     4.8617     4.8638     4.8597    31.8195    31.8308  1025.2995    25.1696    265.519    251.867  315.80937     84.076     79.764     0.0794     0.1282     3.2821     1.4472 8.4714e-06       2350     1.6313  0.000e+00
     27.739   68.30198 -166.92452     28.021     4.8620     4.8657     4.8600    31.8198    31.8297  1025.3001    25.1698    265.726    251.892  315.80648     84.142     79.775     0.0781     0.1209     3.2821     1.4472 8.4714e-06       2351     1.6319  0.000e+00
     27.692   68.30198 -166.92452     27.975     4.8627     4.8660     4.8607    31.8197    31.8294  1025.2998    25.1697    265.541    251.920  315.80148     84.085     79.784     0.0781     0.1209     3.2821     1.4472 1.0000e-12       2352     1.6326  0.000e+00
     27.739   68.30198 -166.92452     28.021     4.8638     4.8655     4.8618    31.8191    31.8298  1025.2994    25.1690    265.529    251.973  315.79477     84.083     79.800     0.0781     0.1209     3.2821     1.4472 1.0000e-12       2353     1.6333  0.000e+00
     27.692   68.30198 -166.92452     27.974     4.8641     4.8660     4.8621    31.8160    31.8298  1025.2967    25.1666    265.519    252.017  315.79973     84.078     79.815     0.0794     0.1282     3.2821     1.4472 8.4714e-06       2354     1.6340  0.000e+00
