EcoFOCI/data/1_SampleCollection/2023_SikuliaqDBO_CruiseData/CTD_raw_BottleFile_SKQ23-12S/proc/skq202312s_051.ros
* Sea-Bird SBE 9 Data File:
* FileName = D:\CTD\SKQ202312S\SKQ202312S_051.hex
* Software Version Seasave V 7.26.7.121
* Temperature SN = 6177
* Conductivity SN = 0369
* Number of Bytes Per Scan = 41
* Number of Voltage Words = 4
* Number of Scans Averaged by the Deck Unit = 1
* NMEA Latitude = 70 43.03 N
* NMEA Longitude = 162 51.44 W
* NMEA UTC (Time) = Sep 26 2023  19:01:27
* NMEA baud rate = 4800
** Ship: R/V Sikuliaq
** Station Number: 051
** Station Name: IC10
** Bottom Depth: 42
** Operator: SD
# nquan = 22
# nvalues = 833                                   
# units = specified
# name 0 = depSM: Depth [salt water, m]
# name 1 = latitude: Latitude [deg]
# name 2 = longitude: Longitude [deg]
# name 3 = prDM: Pressure, Digiquartz [db]
# name 4 = t090C: Temperature [ITS-90, deg C]
# name 5 = t190C: Temperature, 2 [ITS-90, deg C]
# name 6 = potemp090C: Potential Temperature [ITS-90, deg C]
# name 7 = sal00: Salinity, Practical [PSU]
# name 8 = sal11: Salinity, Practical, 2 [PSU]
# name 9 = density00: Density [density, kg/m^3]
# name 10 = sigma-é00: Density [sigma-theta, kg/m^3]
# name 11 = sbox0Mm/Kg: Oxygen, SBE 43 [umol/kg]
# name 12 = sbox1Mm/Kg: Oxygen, SBE 43, 2 [umol/kg]
# name 13 = oxsolMm/Kg: Oxygen Saturation, Garcia & Gordon [umol/kg]
# name 14 = sbeox0PS: Oxygen, SBE 43 [% saturation]
# name 15 = v0: Voltage 0
# name 16 = flECO-AFL: Fluorescence, WET Labs ECO-AFL/FL [mg/m^3]
# name 17 = CStarAt0: Beam Attenuation, WET Labs C-Star [1/m]
# name 18 = par: PAR/Irradiance, Biospherical/Licor
# name 19 = scan: Scan Count
# name 20 = nbf: Bottles Fired
# name 21 = flag:  0.000e+00
# interval = seconds: 0.0416667
# start_time = Sep 26 2023 19:05:40 [NMEA time, first data scan]
# bad_flag = -9.990e-29
*END*
[from data line 527]
     17.079   70.71708 -162.85398     17.256     7.1502     7.1684     7.1488    30.2561    30.1716  1023.7445    23.6650    268.147    251.479  302.81325     88.552     0.1758     0.7069     0.5711 4.1923e+00      14410         11  0.000e+00
     17.118   70.71708 -162.85398     17.295     7.1571     7.1538     7.1556    30.2465    30.1698  1023.7363    23.6566    268.286    251.584  302.78674     88.606     0.1746     0.6996     0.5711 4.1923e+00      14411         11  0.000e+00
     17.056   70.71708 -162.85398     17.232     7.1572     7.1490     7.1557    30.2365    30.1663  1023.7280    23.6487    268.113    251.620  302.80876     88.542     0.1758     0.7069     0.5723 4.1923e+00      14412         11  0.000e+00
     17.079   70.71708 -162.85398     17.256     7.1552     7.1432     7.1537    30.2465    30.1655  1023.7363    23.6568    268.472    251.687  302.80038     88.663     0.1746     0.6996     0.5711 4.1923e+00      14413         11  0.000e+00
     17.118   70.71708 -162.85398     17.295     7.1586     7.1213     7.1571    30.2632    30.1727  1023.7492    23.6695    267.876    251.831  302.73923     88.484     0.1758     0.7069     0.5711 4.1923e+00      14414         11  0.000e+00
     17.118   70.71708 -162.85398     17.295     7.1629     7.1060     7.1614    30.2789    30.1704  1023.7610    23.6813    267.970    251.787  302.67436     88.534     0.1746     0.6996     0.5711 4.1802e+00      14415         11  0.000e+00
     17.118   70.71708 -162.85398     17.295     7.1673     7.1057     7.1658    30.2909    30.1538  1023.7698    23.6902    267.909    251.825  302.61743     88.531     0.1758     0.7069     0.5723 4.1802e+00      14416         11  0.000e+00
     17.079   70.71708 -162.85398     17.256     7.1740     7.1197     7.1725    30.2980    30.1298  1023.7743    23.6948    267.845    251.796  302.55517     88.528     0.1783     0.7216     0.5711 4.1802e+00      14417         11  0.000e+00
     17.056   70.71708 -162.85398     17.232     7.1819     7.1287     7.1804    30.2922    30.1192  1023.7687    23.6893    267.803    251.783  302.51290     88.526     0.1868     0.7729     0.5711 4.1802e+00      14418         11  0.000e+00
     17.118   70.71708 -162.85398     17.295     7.1867     7.1221     7.1852    30.2719    30.1246  1023.7523    23.6727    267.819    251.675  302.52505     88.528     0.1880     0.7802     0.5723 4.1802e+00      14419         11  0.000e+00
     17.141   70.71708 -162.85398     17.318     7.1850     7.1202     7.1835    30.2513    30.1223  1023.7365    23.6567    267.881    251.527  302.58250     88.532     0.1893     0.7875     0.5711 4.1802e+00      14420         11  0.000e+00
     17.056   70.71708 -162.85398     17.232     7.1808     7.1186     7.1793    30.2359    30.1129  1023.7245    23.6452    267.951    251.552  302.64590     88.536     0.1880     0.7802     0.5723 4.1802e+00      14421         11  0.000e+00
     10.309   70.71712 -162.85336     10.415     6.4689     6.4720     6.4681    28.6339    28.6520  1022.5210    22.4727    293.081    274.975  311.32132     94.141     0.1990     0.8461     0.6277 1.8585e+01      17324         12  0.000e+00
     10.255   70.71712 -162.85336     10.360     6.4693     6.4722     6.4685    28.6338    28.6509  1022.5206    22.4726    293.076    275.136  311.31896     94.140     0.1978     0.8388     0.6265 1.8533e+01      17325         12  0.000e+00
     10.255   70.71712 -162.85336     10.360     6.4691     6.4722     6.4683    28.6340    28.6502  1022.5208    22.4727    293.076    275.132  311.31996     94.140     0.1978     0.8388     0.6265 1.8533e+01      17326         12  0.000e+00
     10.255   70.71712 -162.85336     10.360     6.4693     6.4722     6.4685    28.6338    28.6498  1022.5206    22.4726    293.073    275.143  311.31888     94.139     0.1978     0.8388     0.6265 1.8533e+01      17327         12  0.000e+00
     10.278   70.71712 -162.85336     10.384     6.4695     6.4721     6.4686    28.6339    28.6489  1022.5208    22.4726    293.072    274.973  311.31759     94.139     0.1929     0.8095     0.6265 1.8480e+01      17328         12  0.000e+00
     10.255   70.71712 -162.85336     10.360     6.4693     6.4721     6.4685    28.6348    28.6487  1022.5214    22.4734    293.069    274.958  311.31650     94.139     0.1868     0.7729     0.6277 1.8480e+01      17329         12  0.000e+00
     10.309   70.71712 -162.85336     10.415     6.4695     6.4714     6.4686    28.6351    28.6488  1022.5219    22.4736    293.068    274.947  311.31475     94.139     0.1856     0.7656     0.6277 1.8480e+01      17330         12  0.000e+00
     10.255   70.71712 -162.85336     10.360     6.4695     6.4712     6.4686    28.6354    28.6489  1022.5219    22.4738    293.064    275.105  311.31413     94.138     0.1856     0.7656     0.6277 1.8428e+01      17331         12  0.000e+00
     10.255   70.71712 -162.85336     10.360     6.4693     6.4713     6.4685    28.6361    28.6487  1022.5224    22.4744    293.063    275.097  311.31371     94.137     0.1856     0.7656     0.6265 1.8428e+01      17332         12  0.000e+00
     10.255   70.71712 -162.85336     10.360     6.4693     6.4711     6.4685    28.6361    28.6493  1022.5224    22.4744    293.061    275.087  311.31355     94.137     0.1856     0.7656     0.6265 1.8376e+01      17333         12  0.000e+00
     10.309   70.71712 -162.85336     10.415     6.4691     6.4712     6.4683    28.6364    28.6499  1022.5230    22.4747    293.262    275.073  311.31436     94.201     0.1868     0.7729     0.6265 1.8376e+01      17334         12  0.000e+00
     10.224   70.71712 -162.85336     10.329     6.4689     6.4710     6.4681    28.6364    28.6503  1022.5226    22.4747    293.285    275.071  311.31541     94.208     0.1856     0.7656     0.6277 1.8376e+01      17335         12  0.000e+00
     10.309   70.71712 -162.85336     10.415     6.4691     6.4710     6.4683    28.6366    28.6508  1022.5231    22.4748    293.113    275.071  311.31395     94.153     0.1856     0.7656     0.6265 1.8376e+01      17336         12  0.000e+00
     10.255   70.71712 -162.85336     10.360     6.4691     6.4710     6.4683    28.6371    28.6508  1022.5233    22.4752    293.106    275.064  311.31274     94.152     0.1856     0.7656     0.6265 1.8324e+01      17337         12  0.000e+00
     10.255   70.71712 -162.85336     10.360     6.4693     6.4705     6.4685    28.6375    28.6516  1022.5235    22.4755    293.100    275.057  311.31051     94.150     0.1856     0.7656     0.6240 1.8324e+01      17338         12  0.000e+00
     10.255   70.71712 -162.85336     10.360     6.4695     6.4710     6.4686    28.6375    28.6516  1022.5235    22.4755    293.096    275.043  311.30937     94.149     0.1868     0.7729     0.6228 1.8376e+01      17339         12  0.000e+00
     10.309   70.71712 -162.85336     10.415     6.4693     6.4710     6.4685    28.6377    28.6517  1022.5239    22.4756    293.095    275.209  311.30999     94.149     0.1856     0.7656     0.6228 1.8376e+01      17340         12  0.000e+00
     10.255   70.71712 -162.85336     10.360     6.4698     6.4715     6.4690    28.6376    28.6517  1022.5236    22.4755    293.086    275.204  311.30684     94.147     0.1868     0.7729     0.6240 1.8428e+01      17341         12  0.000e+00
     10.278   70.71712 -162.85336     10.384     6.4696     6.4716     6.4688    28.6382    28.6515  1022.5242    22.4760    293.083    275.201  311.30653     94.146     0.1856     0.7656     0.6240 1.8428e+01      17342         12  0.000e+00
     10.255   70.71712 -162.85336     10.360     6.4698     6.4716     6.4690    28.6384    28.6515  1022.5242    22.4762    293.077    275.192  311.30496     94.145     0.1868     0.7729     0.6240 1.8428e+01      17343         12  0.000e+00
     10.255   70.71712 -162.85336     10.360     6.4696     6.4716     6.4688    28.6390    28.6517  1022.5247    22.4766    293.074    275.181  311.30479     94.144     0.1856     0.7656     0.6240 1.8428e+01      17344         12  0.000e+00
     10.255   70.71712 -162.85336     10.360     6.4696     6.4714     6.4688    28.6391    28.6518  1022.5248    22.4767    293.070    274.987  311.30446     94.143     0.1856     0.7656     0.6240 1.8480e+01      17345         12  0.000e+00
     10.255   70.71712 -162.85336     10.360     6.4696     6.4712     6.4688    28.6399    28.6521  1022.5254    22.4773    293.065    275.132  311.30274     94.141     0.1856     0.7656     0.6228 1.8480e+01      17346         12  0.000e+00
     10.309   70.71712 -162.85336     10.415     6.4696     6.4713     6.4688    28.6401    28.6522  1022.5258    22.4775    293.063    275.130  311.30221     94.141     0.1868     0.7729     0.6240 1.8533e+01      17347         12  0.000e+00
     10.255   70.71712 -162.85336     10.360     6.4695     6.4711     6.4686    28.6409    28.6522  1022.5262    22.4782    293.057    275.123  311.30142     94.139     0.1856     0.7656     0.6240 1.8533e+01      17348         12  0.000e+00
     10.278   70.71712 -162.85336     10.384     6.4698     6.4710     6.4690    28.6408    28.6524  1022.5262    22.4780    293.052    275.115  311.29957     94.138     0.1868     0.7729     0.6240 1.8585e+01      17349         12  0.000e+00
     10.255   70.71712 -162.85336     10.360     6.4696     6.4713     6.4688    28.6411    28.6522  1022.5263    22.4783    293.048    274.940  311.30003     94.137     0.1856     0.7656     0.6240 1.8585e+01      17350         12  0.000e+00
     10.255   70.71712 -162.85336     10.360     6.4696     6.4713     6.4688    28.6415    28.6521  1022.5266    22.4786    293.044    275.107  311.29904     94.136     0.1856     0.7656     0.6240 1.8585e+01      17351         12  0.000e+00
     10.309   70.71712 -162.85336     10.415     6.4698     6.4715     6.4689    28.6413    28.6518  1022.5267    22.4784    293.042    275.111  311.29845     94.135     0.1856     0.7656     0.6240 1.8638e+01      17352         12  0.000e+00
     10.255   70.71712 -162.85336     10.360     6.4698     6.4718     6.4690    28.6414    28.6516  1022.5266    22.4785    293.036    275.108  311.29807     94.134     0.1868     0.7729     0.6240 1.8638e+01      17353         12  0.000e+00
     10.255   70.71712 -162.85336     10.360     6.4698     6.4713     6.4690    28.6413    28.6517  1022.5265    22.4784    293.033    275.092  311.29840     94.133     0.1893     0.7875     0.6240 1.8638e+01      17354         12  0.000e+00
     10.309   70.71712 -162.85336     10.415     6.4699     6.4712     6.4691    28.6415    28.6515  1022.5268    22.4785    293.030    274.892  311.29690     94.132     0.1917     0.8022     0.6240 1.8638e+01      17355         12  0.000e+00
     10.224   70.71712 -162.85336     10.329     6.4701     6.4702     6.4693    28.6415    28.6524  1022.5264    22.4786    293.022    274.851  311.29567     94.130     0.1905     0.7949     0.6240 1.8691e+01      17356         12  0.000e+00
     10.255   70.71712 -162.85336     10.360     6.4703     6.4697     6.4695    28.6419    28.6528  1022.5269    22.4788    293.414    274.828  311.29331     94.257     0.1917     0.8022     0.6240 1.8638e+01      17357         12  0.000e+00
     10.255   70.71712 -162.85336     10.360     6.4703     6.4697     6.4695    28.6432    28.6522  1022.5279    22.4799    293.064    274.800  311.29036     94.145     0.1905     0.7949     0.6216 1.8638e+01      17358         12  0.000e+00
     10.255   70.71712 -162.85336     10.360     6.4703     6.4696     6.4695    28.6445    28.6525  1022.5289    22.4809    293.056    274.771  311.28732     94.143     0.1905     0.7949     0.6216 1.8638e+01      17359         12  0.000e+00
     10.309   70.71712 -162.85336     10.415     6.4703     6.4694     6.4695    28.6460    28.6523  1022.5303    22.4821    293.049    274.743  311.28393     94.142     0.1905     0.7949     0.6204 1.8638e+01      17360         12  0.000e+00
     10.255   70.71712 -162.85336     10.360     6.4706     6.4696     6.4698    28.6473    28.6520  1022.5311    22.4830    293.036    274.707  311.27881     94.139     0.1905     0.7949     0.6216 1.8638e+01      17361         12  0.000e+00
     10.193   70.71712 -162.85336     10.298     6.4717     6.4693     6.4709    28.6488    28.6522  1022.5318    22.4841    293.413    274.672  311.26721     94.264     0.1905     0.7949     0.6216 1.8638e+01      17362         12  0.000e+00
     10.340   70.71712 -162.85336     10.446     6.4733     6.4695     6.4725    28.6503    28.6520  1022.5335    22.4851    293.053    274.640  311.25188     94.153     0.1905     0.7949     0.6216 1.8638e+01      17363         12  0.000e+00
     10.255   70.71712 -162.85336     10.361     6.4751     6.4693     6.4743    28.6510    28.6520  1022.5335    22.4854    293.254    274.620  311.23748     94.222     0.1917     0.8022     0.6216 1.8638e+01      17364         12  0.000e+00
     10.255   70.71712 -162.85336     10.361     6.4767     6.4694     6.4758    28.6505    28.6520  1022.5329    22.4848    293.263    274.599  311.22720     94.228     0.1905     0.7949     0.6216 1.8638e+01      17365         12  0.000e+00
     10.309   70.71712 -162.85336     10.415     6.4770     6.4695     6.4762    28.6497    28.6522  1022.5325    22.4842    293.084    274.580  311.22634     94.171     0.1917     0.8022     0.6216 1.8638e+01      17366         12  0.000e+00
     10.255   70.71712 -162.85336     10.361     6.4770     6.4691     6.4761    28.6488    28.6526  1022.5315    22.4835    293.075    274.559  311.22877     94.167     0.1905     0.7949     0.6216 1.8638e+01      17367         12  0.000e+00
     10.255   70.71712 -162.85336     10.361     6.4767     6.4697     6.4759    28.6490    28.6523  1022.5317    22.4837    293.266    274.534  311.23029     94.228     0.1917     0.8022     0.6216 1.8638e+01      17368         12  0.000e+00
     10.278   70.71712 -162.85336     10.384     6.4773     6.4692     6.4765    28.6485    28.6524  1022.5314    22.4832    293.082    274.515  311.22690     94.170     0.1905     0.7949     0.6216 1.8691e+01      17369         12  0.000e+00
     10.255   70.71712 -162.85336     10.361     6.4793     6.4691     6.4785    28.6474    28.6526  1022.5301    22.4821    293.058    274.492  311.21473     94.166     0.1917     0.8022     0.6216 1.8691e+01      17370         12  0.000e+00
     10.255   70.71712 -162.85336     10.361     6.4807     6.4688     6.4799    28.6465    28.6531  1022.5292    22.4812    293.039    274.469  311.20693     94.162     0.1905     0.7949     0.6204 1.8691e+01      17371         12  0.000e+00
     10.255   70.71712 -162.85336     10.361     6.4811     6.4687     6.4803    28.6442    28.6530  1022.5274    22.4794    293.229    274.445  311.20919     94.222     0.1917     0.8022     0.6216 1.8691e+01      17372         12  0.000e+00
     10.310   70.71712 -162.85332     10.416     6.4721     6.4725     6.4713    28.6426    28.6557  1022.5275    22.4792    293.027    275.838  311.27801     94.137     0.1893     0.7875     0.6228 1.8691e+01      17527         13  0.000e+00
     10.256   70.71712 -162.85332     10.361     6.4728     6.4722     6.4720    28.6422    28.6561  1022.5268    22.4788    293.002    275.999  311.27410     94.130     0.1893     0.7875     0.6228 1.8638e+01      17528         13  0.000e+00
     10.341   70.71712 -162.85332     10.447     6.4733     6.4722     6.4725    28.6418    28.6556  1022.5268    22.4784    292.984    275.822  311.27148     94.125     0.1893     0.7875     0.6228 1.8638e+01      17529         13  0.000e+00
     10.256   70.71712 -162.85332     10.361     6.4741     6.4722     6.4733    28.6415    28.6558  1022.5261    22.4781    293.155    275.798  311.26651     94.181     0.1893     0.7875     0.6228 1.8691e+01      17530         13  0.000e+00
