EcoFOCI/data/1_SampleCollection/2023_SikuliaqDBO_CruiseData/CTD_raw_BottleFile_SKQ23-12S/proc/skq202312s_021svp.cnv
* Sea-Bird SBE 9 Data File:
* FileName = D:\CTD\SKQ202312S\SKQ202312S_021.hex
* Software Version Seasave V 7.26.7.121
* Temperature SN = 6177
* Conductivity SN = 0369
* Number of Bytes Per Scan = 41
* Number of Voltage Words = 4
* Number of Scans Averaged by the Deck Unit = 1
* NMEA Latitude = 64 59.46 N
* NMEA Longitude = 169 08.29 W
* NMEA UTC (Time) = Sep 18 2023  02:53:31
* NMEA baud rate = 4800
** Ship: R/V Sikuliaq
** Station Number: 021
** Station Name: DBO2.5
** Bottom Depth: 48
** Operator: SS
# nquan = 7
# nvalues = 4195                                  
# units = specified
# name 0 = depSM: Depth [salt water, m]
# name 1 = latitude: Latitude [deg]
# name 2 = longitude: Longitude [deg]
# name 3 = t090C: Temperature [ITS-90, deg C]
# name 4 = sal00: Salinity, Practical [PSU]
# name 5 = svCM: Sound Velocity [Chen-Millero, m/s]
# name 6 = flag:  0.000e+00
# span 0 =      1.605,     43.174                 
# span 1 =   64.99128,   64.99152                 
# span 2 = -169.13860, -169.13846                 
# span 3 =     1.9257,     3.2703                 
# span 4 =    32.0542,    32.8614                 
# span 5 =    1454.13,    1461.22                 
# span 6 = 0.0000e+00, 0.0000e+00                 
# interval = seconds: 0.0416667
# start_time = Sep 18 2023 02:57:41 [NMEA time, first data scan]
# bad_flag = -9.990e-29
*END*
[from data line 2462]
     24.150   64.99142 -169.13852     3.0003    32.7080    1459.83  0.000e+00
     24.220   64.99142 -169.13852     3.0018    32.7083    1459.84  0.000e+00
     24.258   64.99142 -169.13852     3.0026    32.7083    1459.84  0.000e+00
     24.204   64.99142 -169.13852     3.0033    32.7079    1459.84  0.000e+00
     24.281   64.99142 -169.13852     3.0042    32.7079    1459.85  0.000e+00
     24.258   64.99142 -169.13852     3.0055    32.7104    1459.86  0.000e+00
     24.335   64.99142 -169.13852     3.0112    32.7118    1459.88  0.000e+00
     24.320   64.99142 -169.13852     3.0162    32.7156    1459.91  0.000e+00
     24.335   64.99142 -169.13852     3.0216    32.7178    1459.94  0.000e+00
     24.374   64.99142 -169.13852     3.0265    32.7193    1459.96  0.000e+00
     24.374   64.99142 -169.13852     3.0316    32.7176    1459.98  0.000e+00
     24.397   64.99142 -169.13852     3.0355    32.7158    1460.00  0.000e+00
     24.374   64.99142 -169.13852     3.0382    32.7162    1460.01  0.000e+00
     24.451   64.99142 -169.13852     3.0413    32.7178    1460.02  0.000e+00
     24.436   64.99142 -169.13852     3.0451    32.7185    1460.04  0.000e+00
     24.513   64.99142 -169.13852     3.0485    32.7182    1460.06  0.000e+00
     24.490   64.99142 -169.13852     3.0515    32.7167    1460.07  0.000e+00
     24.513   64.99142 -169.13852     3.0537    32.7139    1460.07  0.000e+00
     24.551   64.99142 -169.13852     3.0545    32.7117    1460.07  0.000e+00
     24.551   64.99142 -169.13852     3.0540    32.7116    1460.07  0.000e+00
     24.621   64.99142 -169.13852     3.0544    32.7128    1460.08  0.000e+00
     24.605   64.99142 -169.13852     3.0551    32.7127    1460.08  0.000e+00
     24.567   64.99142 -169.13852     3.0551    32.7125    1460.08  0.000e+00
     24.659   64.99142 -169.13852     3.0555    32.7124    1460.08  0.000e+00
     24.621   64.99142 -169.13852     3.0554    32.7120    1460.08  0.000e+00
     24.659   64.99142 -169.13852     3.0548    32.7118    1460.08  0.000e+00
     24.682   64.99142 -169.13852     3.0539    32.7113    1460.07  0.000e+00
     24.721   64.99142 -169.13852     3.0530    32.7112    1460.07  0.000e+00
     24.721   64.99142 -169.13852     3.0524    32.7127    1460.07  0.000e+00
     24.736   64.99142 -169.13852     3.0538    32.7164    1460.08  0.000e+00
     24.775   64.99142 -169.13852     3.0566    32.7162    1460.09  0.000e+00
     24.736   64.99142 -169.13852     3.0581    32.7181    1460.10  0.000e+00
     24.775   64.99142 -169.13852     3.0678    32.7217    1460.15  0.000e+00
     24.798   64.99142 -169.13852     3.0805    32.7286    1460.21  0.000e+00
     24.836   64.99142 -169.13852     3.0908    32.7353    1460.27  0.000e+00
     24.798   64.99142 -169.13852     3.0987    32.7375    1460.30  0.000e+00
     24.890   64.99142 -169.13852     3.1067    32.7367    1460.34  0.000e+00
     24.836   64.99142 -169.13852     3.1158    32.7351    1460.37  0.000e+00
     24.914   64.99142 -169.13852     3.1246    32.7351    1460.41  0.000e+00
     24.890   64.99142 -169.13852     3.1317    32.7338    1460.44  0.000e+00
     24.913   64.99142 -169.13852     3.1368    32.7317    1460.46  0.000e+00
     24.890   64.99142 -169.13852     3.1422    32.7308    1460.48  0.000e+00
     24.967   64.99142 -169.13852     3.1476    32.7320    1460.51  0.000e+00
     25.006   64.99142 -169.13852     3.1524    32.7320    1460.53  0.000e+00
     24.967   64.99142 -169.13852     3.1554    32.7305    1460.54  0.000e+00
     25.006   64.99142 -169.13852     3.1583    32.7302    1460.55  0.000e+00
     25.060   64.99142 -169.13852     3.1618    32.7305    1460.57  0.000e+00
     25.021   64.99142 -169.13852     3.1645    32.7302    1460.58  0.000e+00
     25.060   64.99142 -169.13852     3.1671    32.7297    1460.59  0.000e+00
     25.083   64.99142 -169.13852     3.1699    32.7290    1460.60  0.000e+00
     25.122   64.99142 -169.13852     3.1719    32.7287    1460.61  0.000e+00
     25.137   64.99142 -169.13852     3.1732    32.7291    1460.61  0.000e+00
     25.122   64.99142 -169.13852     3.1744    32.7289    1460.62  0.000e+00
     25.137   64.99142 -169.13852     3.1754    32.7290    1460.62  0.000e+00
     25.237   64.99142 -169.13852     3.1760    32.7291    1460.63  0.000e+00
     25.199   64.99142 -169.13852     3.1769    32.7285    1460.63  0.000e+00
     25.176   64.99142 -169.13852     3.1769    32.7284    1460.63  0.000e+00
     25.291   64.99142 -169.13852     3.1773    32.7286    1460.63  0.000e+00
     25.253   64.99142 -169.13852     3.1784    32.7280    1460.64  0.000e+00
     25.291   64.99142 -169.13852     3.1792    32.7281    1460.64  0.000e+00
     25.314   64.99142 -169.13852     3.1799    32.7281    1460.64  0.000e+00
     25.353   64.99142 -169.13852     3.1802    32.7287    1460.65  0.000e+00
     25.368   64.99142 -169.13852     3.1802    32.7288    1460.65  0.000e+00
     25.353   64.99142 -169.13852     3.1804    32.7283    1460.65  0.000e+00
     25.422   64.99142 -169.13852     3.1802    32.7281    1460.65  0.000e+00
     25.407   64.99142 -169.13852     3.1794    32.7285    1460.65  0.000e+00
     25.422   64.99142 -169.13852     3.1792    32.7281    1460.64  0.000e+00
     25.461   64.99142 -169.13852     3.1787    32.7286    1460.64  0.000e+00
     25.484   64.99142 -169.13852     3.1785    32.7284    1460.64  0.000e+00
     25.523   64.99144 -169.13852     3.1784    32.7288    1460.64  0.000e+00
     25.523   64.99144 -169.13852     3.1784    32.7288    1460.64  0.000e+00
     25.538   64.99144 -169.13852     3.1782    32.7290    1460.64  0.000e+00
     25.638   64.99144 -169.13852     3.1782    32.7291    1460.64  0.000e+00
     25.600   64.99144 -169.13852     3.1785    32.7288    1460.64  0.000e+00
     25.577   64.99144 -169.13852     3.1784    32.7293    1460.64  0.000e+00
     25.654   64.99144 -169.13852     3.1784    32.7288    1460.64  0.000e+00
     25.692   64.99144 -169.13852     3.1777    32.7292    1460.64  0.000e+00
     25.654   64.99144 -169.13852     3.1773    32.7293    1460.64  0.000e+00
     25.754   64.99144 -169.13852     3.1774    32.7289    1460.64  0.000e+00
     25.708   64.99144 -169.13852     3.1773    32.7289    1460.64  0.000e+00
     25.808   64.99144 -169.13852     3.1769    32.7292    1460.64  0.000e+00
     25.769   64.99144 -169.13852     3.1768    32.7297    1460.64  0.000e+00
     25.808   64.99144 -169.13852     3.1776    32.7291    1460.64  0.000e+00
     25.808   64.99144 -169.13852     3.1784    32.7299    1460.65  0.000e+00
     25.885   64.99144 -169.13852     3.1792    32.7308    1460.65  0.000e+00
     25.862   64.99144 -169.13852     3.1802    32.7313    1460.66  0.000e+00
     25.939   64.99144 -169.13852     3.1806    32.7323    1460.66  0.000e+00
     25.924   64.99144 -169.13852     3.1819    32.7318    1460.67  0.000e+00
     25.939   64.99144 -169.13852     3.1824    32.7320    1460.67  0.000e+00
     25.978   64.99144 -169.13852     3.1831    32.7319    1460.67  0.000e+00
     26.001   64.99144 -169.13852     3.1836    32.7319    1460.68  0.000e+00
     26.039   64.99144 -169.13852     3.1844    32.7317    1460.68  0.000e+00
     26.055   64.99144 -169.13852     3.1847    32.7321    1460.68  0.000e+00
     26.039   64.99144 -169.13852     3.1850    32.7323    1460.68  0.000e+00
     26.109   64.99144 -169.13852     3.1853    32.7324    1460.69  0.000e+00
     26.093   64.99144 -169.13852     3.1853    32.7326    1460.69  0.000e+00
     26.170   64.99144 -169.13852     3.1852    32.7326    1460.69  0.000e+00
     26.155   64.99144 -169.13852     3.1852    32.7325    1460.69  0.000e+00
     26.170   64.99144 -169.13852     3.1848    32.7331    1460.69  0.000e+00
     26.209   64.99144 -169.13852     3.1850    32.7331    1460.69  0.000e+00
     26.224   64.99144 -169.13852     3.1847    32.7336    1460.69  0.000e+00
     26.263   64.99144 -169.13852     3.1848    32.7342    1460.69  0.000e+00
     26.263   64.99144 -169.13852     3.1848    32.7343    1460.69  0.000e+00
     26.286   64.99144 -169.13852     3.1853    32.7348    1460.69  0.000e+00
     26.379   64.99144 -169.13852     3.1859    32.7361    1460.70  0.000e+00
     26.286   64.99144 -169.13852     3.1870    32.7367    1460.70  0.000e+00
     26.379   64.99144 -169.13852     3.1885    32.7376    1460.71  0.000e+00
     26.402   64.99144 -169.13852     3.1899    32.7385    1460.72  0.000e+00
     26.440   64.99144 -169.13852     3.1908    32.7392    1460.72  0.000e+00
     26.402   64.99144 -169.13852     3.1917    32.7397    1460.73  0.000e+00
     26.494   64.99144 -169.13852     3.1928    32.7394    1460.73  0.000e+00
     26.510   64.99144 -169.13852     3.1933    32.7403    1460.74  0.000e+00
     26.494   64.99144 -169.13852     3.1938    32.7407    1460.74  0.000e+00
     26.571   64.99144 -169.13852     3.1936    32.7412    1460.74  0.000e+00
     26.556   64.99144 -169.13852     3.1935    32.7414    1460.74  0.000e+00
     26.571   64.99144 -169.13852     3.1926    32.7415    1460.74  0.000e+00
     26.610   64.99144 -169.13852     3.1913    32.7418    1460.73  0.000e+00
     26.571   64.99144 -169.13852     3.1899    32.7418    1460.73  0.000e+00
     26.664   64.99144 -169.13852     3.1883    32.7419    1460.72  0.000e+00
     26.625   64.99144 -169.13852     3.1870    32.7426    1460.72  0.000e+00
     26.664   64.99144 -169.13852     3.1857    32.7437    1460.71  0.000e+00
     26.687   64.99144 -169.13852     3.1848    32.7444    1460.71  0.000e+00
     26.725   64.99144 -169.13852     3.1840    32.7456    1460.71  0.000e+00
     26.741   64.99144 -169.13852     3.1837    32.7459    1460.71  0.000e+00
     26.779   64.99144 -169.13852     3.1833    32.7461    1460.71  0.000e+00
     26.741   64.99144 -169.13852     3.1832    32.7467    1460.71  0.000e+00
     26.779   64.99144 -169.13852     3.1829    32.7467    1460.71  0.000e+00
     26.741   64.99144 -169.13852     3.1826    32.7471    1460.70  0.000e+00
     26.841   64.99144 -169.13852     3.1824    32.7468    1460.71  0.000e+00
     26.803   64.99144 -169.13852     3.1823    32.7469    1460.70  0.000e+00
     26.841   64.99144 -169.13852     3.1823    32.7469    1460.70  0.000e+00
     26.857   64.99144 -169.13852     3.1822    32.7469    1460.70  0.000e+00
     26.841   64.99144 -169.13852     3.1822    32.7472    1460.70  0.000e+00
     26.857   64.99144 -169.13852     3.1820    32.7474    1460.70  0.000e+00
     26.895   64.99144 -169.13852     3.1820    32.7472    1460.70  0.000e+00
     26.841   64.99144 -169.13852     3.1818    32.7475    1460.70  0.000e+00
     27.026   64.99144 -169.13852     3.1819    32.7475    1460.71  0.000e+00
     26.895   64.99144 -169.13852     3.1820    32.7474    1460.70  0.000e+00
     26.910   64.99144 -169.13852     3.1819    32.7478    1460.71  0.000e+00
     26.957   64.99144 -169.13852     3.1819    32.7478    1460.71  0.000e+00
     26.972   64.99144 -169.13852     3.1820    32.7477    1460.71  0.000e+00
     27.011   64.99144 -169.13854     3.1820    32.7478    1460.71  0.000e+00
     26.972   64.99144 -169.13854     3.1822    32.7480    1460.71  0.000e+00
     27.011   64.99144 -169.13854     3.1824    32.7475    1460.71  0.000e+00
     27.026   64.99144 -169.13854     3.1823    32.7479    1460.71  0.000e+00
     27.011   64.99144 -169.13854     3.1824    32.7478    1460.71  0.000e+00
     27.026   64.99144 -169.13854     3.1823    32.7480    1460.71  0.000e+00
     27.065   64.99144 -169.13854     3.1824    32.7481    1460.71  0.000e+00
     27.088   64.99144 -169.13854     3.1822    32.7483    1460.71  0.000e+00
     27.065   64.99144 -169.13854     3.1823    32.7482    1460.71  0.000e+00
     27.088   64.99144 -169.13854     3.1823    32.7480    1460.71  0.000e+00
     27.065   64.99144 -169.13854     3.1823    32.7481    1460.71  0.000e+00
     27.088   64.99144 -169.13854     3.1822    32.7483    1460.71  0.000e+00
     27.126   64.99144 -169.13854     3.1822    32.7483    1460.71  0.000e+00
     27.142   64.99144 -169.13854     3.1822    32.7484    1460.71  0.000e+00
     27.180   64.99144 -169.13854     3.1822    32.7483    1460.71  0.000e+00
     27.142   64.99144 -169.13854     3.1823    32.7481    1460.71  0.000e+00
     27.180   64.99144 -169.13854     3.1823    32.7481    1460.71  0.000e+00
     27.142   64.99144 -169.13854     3.1824    32.7482    1460.71  0.000e+00
     27.242   64.99144 -169.13854     3.1823    32.7484    1460.71  0.000e+00
     27.203   64.99144 -169.13854     3.1823    32.7484    1460.71  0.000e+00
     27.180   64.99144 -169.13854     3.1823    32.7482    1460.71  0.000e+00
     27.257   64.99144 -169.13854     3.1823    32.7483    1460.71  0.000e+00
     27.242   64.99144 -169.13854     3.1824    32.7482    1460.71  0.000e+00
     27.257   64.99144 -169.13854     3.1824    32.7480    1460.71  0.000e+00
     27.242   64.99144 -169.13854     3.1823    32.7481    1460.71  0.000e+00
     27.257   64.99144 -169.13854     3.1824    32.7479    1460.71  0.000e+00
     27.296   64.99144 -169.13854     3.1823    32.7485    1460.71  0.000e+00
     27.311   64.99144 -169.13854     3.1822    32.7485    1460.71  0.000e+00
     27.296   64.99144 -169.13854     3.1822    32.7484    1460.71  0.000e+00
     27.311   64.99144 -169.13854     3.1823    32.7484    1460.71  0.000e+00
     27.357   64.99144 -169.13854     3.1826    32.7484    1460.72  0.000e+00
     27.373   64.99144 -169.13854     3.1824    32.7485    1460.72  0.000e+00
     27.357   64.99144 -169.13854     3.1826    32.7483    1460.72  0.000e+00
     27.427   64.99144 -169.13854     3.1824    32.7487    1460.72  0.000e+00
     27.357   64.99144 -169.13854     3.1823    32.7485    1460.72  0.000e+00
     27.427   64.99144 -169.13854     3.1824    32.7481    1460.72  0.000e+00
     27.411   64.99144 -169.13854     3.1823    32.7483    1460.72  0.000e+00
     27.489   64.99144 -169.13854     3.1823    32.7484    1460.72  0.000e+00
     27.465   64.99144 -169.13854     3.1824    32.7480    1460.72  0.000e+00
     27.427   64.99144 -169.13854     3.1822    32.7485    1460.72  0.000e+00
     27.527   64.99144 -169.13854     3.1823    32.7488    1460.72  0.000e+00
     27.543   64.99144 -169.13854     3.1823    32.7488    1460.72  0.000e+00
     27.527   64.99144 -169.13854     3.1824    32.7487    1460.72  0.000e+00
     27.542   64.99144 -169.13854     3.1826    32.7487    1460.72  0.000e+00
     27.527   64.99144 -169.13854     3.1828    32.7488    1460.72  0.000e+00
     27.596   64.99144 -169.13854     3.1826    32.7486    1460.72  0.000e+00
     27.643   64.99144 -169.13854     3.1826    32.7489    1460.72  0.000e+00
     27.596   64.99144 -169.13854     3.1828    32.7488    1460.72  0.000e+00
     27.643   64.99144 -169.13854     3.1832    32.7497    1460.73  0.000e+00
     27.712   64.99144 -169.13854     3.1836    32.7498    1460.73  0.000e+00
     27.697   64.99144 -169.13854     3.1841    32.7498    1460.73  0.000e+00
     27.658   64.99144 -169.13854     3.1842    32.7498    1460.73  0.000e+00
     27.758   64.99144 -169.13854     3.1847    32.7491    1460.73  0.000e+00
     27.774   64.99144 -169.13854     3.1847    32.7491    1460.73  0.000e+00
     27.758   64.99144 -169.13854     3.1845    32.7495    1460.73  0.000e+00
     27.828   64.99144 -169.13854     3.1845    32.7496    1460.73  0.000e+00
     27.812   64.99144 -169.13854     3.1852    32.7493    1460.74  0.000e+00
     27.889   64.99144 -169.13854     3.1856    32.7499    1460.74  0.000e+00
     27.874   64.99144 -169.13854     3.1857    32.7498    1460.74  0.000e+00
     27.889   64.99144 -169.13854     3.1854    32.7494    1460.74  0.000e+00
     27.943   64.99144 -169.13854     3.1853    32.7491    1460.74  0.000e+00
     27.928   64.99144 -169.13854     3.1857    32.7494    1460.74  0.000e+00
     27.997   64.99144 -169.13854     3.1859    32.7497    1460.74  0.000e+00
