EcoFOCI/data/1_SampleCollection/2023_SikuliaqDBO_CruiseData/CTD_raw_BottleFile_SKQ23-12S/proc/skq202312s_022svp.cnv
* Sea-Bird SBE 9 Data File:
* FileName = D:\CTD\SKQ202312S\SKQ202312S_022.hex
* Software Version Seasave V 7.26.7.121
* Temperature SN = 6177
* Conductivity SN = 0369
* Number of Bytes Per Scan = 41
* Number of Voltage Words = 4
* Number of Scans Averaged by the Deck Unit = 1
* NMEA Latitude = 64 58.51 N
* NMEA Longitude = 169 29.22 W
* NMEA UTC (Time) = Sep 18 2023  05:33:31
* NMEA baud rate = 4800
** Ship: R/V Sikuliaq
** Station Number: 022
** Station Name: DBO2.4A
** Bottom Depth: 48
** Operator: SS
# nquan = 7
# nvalues = 4901                                  
# units = specified
# name 0 = depSM: Depth [salt water, m]
# name 1 = latitude: Latitude [deg]
# name 2 = longitude: Longitude [deg]
# name 3 = t090C: Temperature [ITS-90, deg C]
# name 4 = sal00: Salinity, Practical [PSU]
# name 5 = svCM: Sound Velocity [Chen-Millero, m/s]
# name 6 = flag:  0.000e+00
# span 0 =      2.610,     43.772                 
# span 1 =   64.97508,   64.97508                 
# span 2 = -169.48730, -169.48722                 
# span 3 =     3.0715,     3.7795                 
# span 4 =    32.8153,    32.9431                 
# span 5 =    1460.57,    1463.00                 
# span 6 = 0.0000e+00, 0.0000e+00                 
# interval = seconds: 0.0416667
# start_time = Sep 18 2023 05:37:18 [NMEA time, first data scan]
# bad_flag = -9.990e-29
*END*
[from data line 821]
      6.099   64.97508 -169.48728     3.7520    32.8212    1462.88  0.000e+00
      6.214   64.97508 -169.48728     3.7522    32.8216    1462.88  0.000e+00
      6.160   64.97508 -169.48728     3.7522    32.8220    1462.88  0.000e+00
      6.160   64.97508 -169.48728     3.7524    32.8217    1462.88  0.000e+00
      6.191   64.97508 -169.48728     3.7522    32.8218    1462.88  0.000e+00
      6.214   64.97508 -169.48728     3.7520    32.8217    1462.88  0.000e+00
      6.160   64.97508 -169.48728     3.7520    32.8212    1462.88  0.000e+00
      6.214   64.97508 -169.48728     3.7520    32.8209    1462.88  0.000e+00
      6.214   64.97508 -169.48728     3.7517    32.8209    1462.88  0.000e+00
      6.160   64.97508 -169.48728     3.7519    32.8206    1462.88  0.000e+00
      6.214   64.97508 -169.48728     3.7516    32.8203    1462.88  0.000e+00
      6.276   64.97508 -169.48728     3.7511    32.8201    1462.87  0.000e+00
      6.214   64.97508 -169.48728     3.7506    32.8200    1462.87  0.000e+00
      6.276   64.97508 -169.48728     3.7499    32.8203    1462.87  0.000e+00
      6.214   64.97508 -169.48728     3.7494    32.8204    1462.87  0.000e+00
      6.276   64.97508 -169.48728     3.7489    32.8209    1462.87  0.000e+00
      6.276   64.97508 -169.48728     3.7489    32.8210    1462.87  0.000e+00
      6.276   64.97508 -169.48728     3.7488    32.8207    1462.87  0.000e+00
      6.276   64.97508 -169.48728     3.7488    32.8209    1462.87  0.000e+00
      6.276   64.97508 -169.48728     3.7489    32.8207    1462.87  0.000e+00
      6.276   64.97508 -169.48728     3.7489    32.8207    1462.87  0.000e+00
      6.330   64.97508 -169.48728     3.7488    32.8208    1462.87  0.000e+00
      6.330   64.97508 -169.48728     3.7489    32.8207    1462.87  0.000e+00
      6.276   64.97508 -169.48728     3.7488    32.8206    1462.87  0.000e+00
      6.330   64.97508 -169.48728     3.7485    32.8212    1462.87  0.000e+00
      6.361   64.97508 -169.48728     3.7486    32.8208    1462.87  0.000e+00
      6.330   64.97508 -169.48728     3.7484    32.8209    1462.87  0.000e+00
      6.330   64.97508 -169.48728     3.7486    32.8211    1462.87  0.000e+00
      6.384   64.97508 -169.48728     3.7486    32.8210    1462.87  0.000e+00
      6.330   64.97508 -169.48728     3.7483    32.8213    1462.87  0.000e+00
      6.384   64.97508 -169.48728     3.7483    32.8210    1462.87  0.000e+00
      6.384   64.97508 -169.48728     3.7481    32.8214    1462.87  0.000e+00
      6.384   64.97508 -169.48728     3.7481    32.8212    1462.87  0.000e+00
      6.384   64.97508 -169.48728     3.7480    32.8215    1462.87  0.000e+00
      6.384   64.97508 -169.48728     3.7481    32.8212    1462.87  0.000e+00
      6.445   64.97508 -169.48728     3.7480    32.8214    1462.87  0.000e+00
      6.445   64.97508 -169.48728     3.7480    32.8211    1462.87  0.000e+00
      6.384   64.97508 -169.48728     3.7478    32.8211    1462.86  0.000e+00
      6.445   64.97508 -169.48728     3.7480    32.8212    1462.87  0.000e+00
      6.445   64.97508 -169.48728     3.7478    32.8212    1462.87  0.000e+00
      6.445   64.97508 -169.48728     3.7480    32.8210    1462.87  0.000e+00
      6.445   64.97508 -169.48728     3.7477    32.8213    1462.86  0.000e+00
      6.499   64.97508 -169.48728     3.7480    32.8207    1462.87  0.000e+00
      6.499   64.97508 -169.48728     3.7475    32.8216    1462.87  0.000e+00
      6.445   64.97508 -169.48728     3.7475    32.8209    1462.86  0.000e+00
      6.476   64.97508 -169.48728     3.7477    32.8211    1462.86  0.000e+00
      6.499   64.97508 -169.48728     3.7477    32.8215    1462.87  0.000e+00
      6.561   64.97508 -169.48728     3.7477    32.8213    1462.87  0.000e+00
      6.499   64.97508 -169.48728     3.7477    32.8211    1462.87  0.000e+00
      6.499   64.97508 -169.48728     3.7478    32.8209    1462.87  0.000e+00
      6.499   64.97508 -169.48728     3.7477    32.8212    1462.87  0.000e+00
      6.561   64.97508 -169.48728     3.7475    32.8212    1462.87  0.000e+00
      6.561   64.97508 -169.48728     3.7475    32.8215    1462.87  0.000e+00
      6.499   64.97508 -169.48728     3.7477    32.8216    1462.87  0.000e+00
      6.561   64.97508 -169.48728     3.7477    32.8211    1462.87  0.000e+00
      6.561   64.97508 -169.48728     3.7478    32.8210    1462.87  0.000e+00
      6.561   64.97508 -169.48728     3.7478    32.8213    1462.87  0.000e+00
      6.561   64.97508 -169.48728     3.7480    32.8210    1462.87  0.000e+00
      6.561   64.97508 -169.48728     3.7480    32.8213    1462.87  0.000e+00
      6.615   64.97508 -169.48728     3.7481    32.8211    1462.87  0.000e+00
      6.615   64.97508 -169.48728     3.7480    32.8214    1462.87  0.000e+00
      6.561   64.97508 -169.48728     3.7481    32.8214    1462.87  0.000e+00
      6.615   64.97508 -169.48728     3.7483    32.8207    1462.87  0.000e+00
      6.615   64.97508 -169.48728     3.7480    32.8213    1462.87  0.000e+00
      6.645   64.97508 -169.48728     3.7483    32.8211    1462.87  0.000e+00
      6.615   64.97508 -169.48728     3.7483    32.8209    1462.87  0.000e+00
      6.615   64.97508 -169.48728     3.7481    32.8210    1462.87  0.000e+00
      6.615   64.97508 -169.48728     3.7481    32.8210    1462.87  0.000e+00
      6.615   64.97508 -169.48728     3.7480    32.8210    1462.87  0.000e+00
      6.676   64.97508 -169.48728     3.7480    32.8210    1462.87  0.000e+00
      6.676   64.97508 -169.48728     3.7478    32.8211    1462.87  0.000e+00
      6.676   64.97508 -169.48728     3.7477    32.8214    1462.87  0.000e+00
      6.615   64.97508 -169.48728     3.7477    32.8211    1462.87  0.000e+00
      6.730   64.97508 -169.48728     3.7477    32.8209    1462.87  0.000e+00
      6.676   64.97508 -169.48728     3.7478    32.8211    1462.87  0.000e+00
      6.676   64.97508 -169.48728     3.7472    32.8212    1462.87  0.000e+00
      6.730   64.97508 -169.48728     3.7473    32.8211    1462.87  0.000e+00
      6.676   64.97508 -169.48728     3.7472    32.8212    1462.87  0.000e+00
      6.730   64.97508 -169.48728     3.7470    32.8215    1462.87  0.000e+00
      6.730   64.97508 -169.48728     3.7470    32.8213    1462.87  0.000e+00
      6.676   64.97508 -169.48728     3.7469    32.8216    1462.87  0.000e+00
      6.730   64.97508 -169.48728     3.7473    32.8212    1462.87  0.000e+00
      6.761   64.97508 -169.48728     3.7472    32.8211    1462.87  0.000e+00
      6.730   64.97508 -169.48728     3.7472    32.8211    1462.87  0.000e+00
      6.784   64.97508 -169.48728     3.7473    32.8212    1462.87  0.000e+00
      6.730   64.97508 -169.48728     3.7470    32.8216    1462.87  0.000e+00
      6.846   64.97508 -169.48728     3.7472    32.8215    1462.87  0.000e+00
      6.784   64.97508 -169.48728     3.7473    32.8215    1462.87  0.000e+00
      6.784   64.97508 -169.48728     3.7473    32.8212    1462.87  0.000e+00
      6.784   64.97508 -169.48728     3.7473    32.8212    1462.87  0.000e+00
      6.846   64.97508 -169.48728     3.7472    32.8217    1462.87  0.000e+00
      6.846   64.97508 -169.48728     3.7474    32.8212    1462.87  0.000e+00
      6.846   64.97508 -169.48728     3.7472    32.8213    1462.87  0.000e+00
      6.846   64.97508 -169.48728     3.7475    32.8209    1462.87  0.000e+00
      6.846   64.97508 -169.48728     3.7472    32.8213    1462.87  0.000e+00
      6.846   64.97508 -169.48728     3.7472    32.8217    1462.87  0.000e+00
      6.900   64.97508 -169.48728     3.7473    32.8215    1462.87  0.000e+00
      6.846   64.97508 -169.48728     3.7472    32.8213    1462.87  0.000e+00
      6.961   64.97508 -169.48728     3.7473    32.8213    1462.87  0.000e+00
      6.877   64.97508 -169.48728     3.7475    32.8210    1462.87  0.000e+00
      6.900   64.97508 -169.48728     3.7473    32.8211    1462.87  0.000e+00
      6.961   64.97508 -169.48728     3.7475    32.8209    1462.87  0.000e+00
      6.900   64.97508 -169.48728     3.7475    32.8209    1462.87  0.000e+00
      6.961   64.97508 -169.48728     3.7478    32.8210    1462.87  0.000e+00
      6.961   64.97508 -169.48728     3.7477    32.8211    1462.87  0.000e+00
      7.015   64.97508 -169.48728     3.7475    32.8210    1462.87  0.000e+00
      6.961   64.97508 -169.48728     3.7477    32.8210    1462.87  0.000e+00
      6.961   64.97508 -169.48728     3.7477    32.8213    1462.87  0.000e+00
      7.015   64.97508 -169.48728     3.7477    32.8210    1462.87  0.000e+00
      7.015   64.97508 -169.48728     3.7478    32.8209    1462.87  0.000e+00
      7.015   64.97508 -169.48728     3.7481    32.8211    1462.88  0.000e+00
      7.015   64.97508 -169.48728     3.7481    32.8214    1462.88  0.000e+00
      7.069   64.97508 -169.48728     3.7483    32.8216    1462.88  0.000e+00
      7.069   64.97508 -169.48728     3.7486    32.8208    1462.88  0.000e+00
      7.069   64.97508 -169.48728     3.7485    32.8209    1462.88  0.000e+00
      7.046   64.97508 -169.48728     3.7486    32.8213    1462.88  0.000e+00
      7.069   64.97508 -169.48728     3.7484    32.8212    1462.88  0.000e+00
      7.131   64.97508 -169.48728     3.7488    32.8209    1462.88  0.000e+00
      7.131   64.97508 -169.48728     3.7489    32.8208    1462.88  0.000e+00
      7.069   64.97508 -169.48728     3.7490    32.8210    1462.88  0.000e+00
      7.131   64.97508 -169.48728     3.7492    32.8208    1462.88  0.000e+00
      7.185   64.97508 -169.48728     3.7494    32.8205    1462.88  0.000e+00
      7.185   64.97508 -169.48728     3.7491    32.8207    1462.88  0.000e+00
      7.185   64.97508 -169.48728     3.7492    32.8200    1462.88  0.000e+00
      7.185   64.97508 -169.48728     3.7489    32.8211    1462.88  0.000e+00
      7.185   64.97508 -169.48728     3.7491    32.8207    1462.88  0.000e+00
      7.247   64.97508 -169.48728     3.7489    32.8210    1462.88  0.000e+00
      7.185   64.97508 -169.48728     3.7489    32.8209    1462.88  0.000e+00
      7.247   64.97508 -169.48728     3.7491    32.8208    1462.88  0.000e+00
      7.247   64.97508 -169.48728     3.7491    32.8207    1462.88  0.000e+00
      7.216   64.97508 -169.48728     3.7492    32.8206    1462.88  0.000e+00
      7.301   64.97508 -169.48728     3.7488    32.8211    1462.88  0.000e+00
      7.247   64.97508 -169.48728     3.7491    32.8209    1462.88  0.000e+00
      7.301   64.97508 -169.48728     3.7491    32.8211    1462.88  0.000e+00
      7.301   64.97508 -169.48728     3.7494    32.8206    1462.89  0.000e+00
      7.301   64.97508 -169.48728     3.7492    32.8209    1462.89  0.000e+00
      7.247   64.97508 -169.48728     3.7496    32.8207    1462.89  0.000e+00
      7.362   64.97508 -169.48728     3.7492    32.8207    1462.89  0.000e+00
      7.301   64.97508 -169.48728     3.7494    32.8206    1462.89  0.000e+00
      7.300   64.97508 -169.48728     3.7494    32.8203    1462.88  0.000e+00
      7.362   64.97508 -169.48728     3.7494    32.8204    1462.89  0.000e+00
      7.362   64.97508 -169.48728     3.7492    32.8204    1462.89  0.000e+00
      7.362   64.97508 -169.48728     3.7495    32.8206    1462.89  0.000e+00
      7.300   64.97508 -169.48728     3.7494    32.8206    1462.89  0.000e+00
      7.416   64.97508 -169.48728     3.7492    32.8209    1462.89  0.000e+00
      7.331   64.97508 -169.48728     3.7491    32.8207    1462.88  0.000e+00
      7.362   64.97508 -169.48728     3.7489    32.8207    1462.88  0.000e+00
      7.362   64.97508 -169.48728     3.7483    32.8207    1462.88  0.000e+00
      7.416   64.97508 -169.48728     3.7480    32.8207    1462.88  0.000e+00
      7.362   64.97508 -169.48728     3.7477    32.8211    1462.88  0.000e+00
      7.416   64.97508 -169.48728     3.7475    32.8210    1462.88  0.000e+00
      7.362   64.97508 -169.48728     3.7472    32.8213    1462.88  0.000e+00
      7.416   64.97508 -169.48728     3.7469    32.8218    1462.88  0.000e+00
      7.416   64.97508 -169.48728     3.7472    32.8213    1462.88  0.000e+00
      7.416   64.97508 -169.48728     3.7475    32.8214    1462.88  0.000e+00
      7.416   64.97508 -169.48728     3.7475    32.8213    1462.88  0.000e+00
      7.416   64.97508 -169.48728     3.7475    32.8217    1462.88  0.000e+00
      7.416   64.97508 -169.48728     3.7477    32.8219    1462.88  0.000e+00
      7.416   64.97508 -169.48728     3.7478    32.8217    1462.88  0.000e+00
      7.447   64.97508 -169.48728     3.7480    32.8215    1462.88  0.000e+00
      7.470   64.97508 -169.48728     3.7484    32.8211    1462.88  0.000e+00
      7.416   64.97508 -169.48728     3.7483    32.8213    1462.88  0.000e+00
      7.470   64.97508 -169.48728     3.7486    32.8207    1462.88  0.000e+00
      7.416   64.97508 -169.48728     3.7486    32.8207    1462.88  0.000e+00
      7.416   64.97508 -169.48728     3.7486    32.8211    1462.88  0.000e+00
      7.470   64.97508 -169.48728     3.7488    32.8206    1462.89  0.000e+00
      7.470   64.97508 -169.48728     3.7489    32.8206    1462.89  0.000e+00
      7.470   64.97508 -169.48728     3.7488    32.8209    1462.89  0.000e+00
      7.532   64.97508 -169.48728     3.7489    32.8209    1462.89  0.000e+00
      7.470   64.97508 -169.48728     3.7488    32.8206    1462.89  0.000e+00
      7.470   64.97508 -169.48728     3.7487    32.8209    1462.89  0.000e+00
      7.532   64.97508 -169.48728     3.7488    32.8208    1462.89  0.000e+00
      7.470   64.97508 -169.48728     3.7486    32.8207    1462.88  0.000e+00
      7.501   64.97508 -169.48728     3.7486    32.8207    1462.89  0.000e+00
      7.532   64.97508 -169.48728     3.7488    32.8207    1462.89  0.000e+00
      7.532   64.97508 -169.48728     3.7486    32.8207    1462.89  0.000e+00
      7.532   64.97508 -169.48728     3.7487    32.8209    1462.89  0.000e+00
      7.532   64.97508 -169.48728     3.7486    32.8206    1462.89  0.000e+00
      7.532   64.97508 -169.48728     3.7484    32.8212    1462.89  0.000e+00
      7.532   64.97508 -169.48728     3.7488    32.8208    1462.89  0.000e+00
      7.532   64.97508 -169.48728     3.7486    32.8207    1462.89  0.000e+00
      7.532   64.97508 -169.48728     3.7486    32.8209    1462.89  0.000e+00
      7.586   64.97508 -169.48728     3.7485    32.8208    1462.89  0.000e+00
      7.531   64.97508 -169.48728     3.7486    32.8209    1462.89  0.000e+00
      7.585   64.97508 -169.48728     3.7486    32.8204    1462.89  0.000e+00
      7.531   64.97508 -169.48728     3.7486    32.8205    1462.89  0.000e+00
      7.562   64.97508 -169.48728     3.7486    32.8208    1462.89  0.000e+00
      7.585   64.97508 -169.48728     3.7488    32.8205    1462.89  0.000e+00
      7.585   64.97508 -169.48728     3.7488    32.8211    1462.89  0.000e+00
      7.585   64.97508 -169.48728     3.7488    32.8209    1462.89  0.000e+00
      7.647   64.97508 -169.48728     3.7486    32.8213    1462.89  0.000e+00
      7.585   64.97508 -169.48728     3.7488    32.8211    1462.89  0.000e+00
      7.585   64.97508 -169.48728     3.7486    32.8212    1462.89  0.000e+00
      7.585   64.97508 -169.48728     3.7488    32.8205    1462.89  0.000e+00
      7.647   64.97508 -169.48728     3.7491    32.8205    1462.89  0.000e+00
      7.647   64.97508 -169.48728     3.7491    32.8207    1462.89  0.000e+00
      7.647   64.97508 -169.48728     3.7492    32.8203    1462.89  0.000e+00
      7.647   64.97508 -169.48728     3.7491    32.8202    1462.89  0.000e+00
      7.647   64.97508 -169.48728     3.7489    32.8205    1462.89  0.000e+00
      7.678   64.97508 -169.48728     3.7485    32.8205    1462.89  0.000e+00
      7.647   64.97508 -169.48728     3.7483    32.8206    1462.89  0.000e+00
      7.647   64.97508 -169.48728     3.7483    32.8208    1462.89  0.000e+00
      7.701   64.97508 -169.48728     3.7483    32.8213    1462.89  0.000e+00
      7.647   64.97508 -169.48728     3.7484    32.8213    1462.89  0.000e+00
