EcoFOCI/data/1_SampleCollection/2023_SikuliaqDBO_CruiseData/CTD_raw_BottleFile_SKQ23-12S/proc/skq202312s_056.cnv
* Sea-Bird SBE 9 Data File:
* FileName = D:\CTD\SKQ202312S\SKQ202312S_056.hex
* Software Version Seasave V 7.26.7.121
* Temperature SN = 6177
* Conductivity SN = 0369
* Number of Bytes Per Scan = 41
* Number of Voltage Words = 4
* Number of Scans Averaged by the Deck Unit = 1
* NMEA Latitude = 71 11.69 N
* NMEA Longitude = 164 11.92 W
* NMEA UTC (Time) = Sep 27 2023  06:41:16
* NMEA baud rate = 4800
** Ship: R/V Sikuliaq
** Station Number: 056
** Station Name: IC6
** Bottom Depth: 44
** Operator: SD
# nquan = 24
# nvalues = 3968                                  
# units = specified
# name 0 = depSM: Depth [salt water, m]
# name 1 = latitude: Latitude [deg]
# name 2 = longitude: Longitude [deg]
# name 3 = prDM: Pressure, Digiquartz [db]
# name 4 = t090C: Temperature [ITS-90, deg C]
# name 5 = t190C: Temperature, 2 [ITS-90, deg C]
# name 6 = potemp090C: Potential Temperature [ITS-90, deg C]
# name 7 = sal00: Salinity, Practical [PSU]
# name 8 = sal11: Salinity, Practical, 2 [PSU]
# name 9 = density00: Density [density, kg/m^3]
# name 10 = sigma-é00: Density [sigma-theta, kg/m^3]
# name 11 = sbox0Mm/Kg: Oxygen, SBE 43 [umol/kg]
# name 12 = sbox1Mm/Kg: Oxygen, SBE 43, 2 [umol/kg]
# name 13 = oxsolMm/Kg: Oxygen Saturation, Garcia & Gordon [umol/kg]
# name 14 = sbeox0PS: Oxygen, SBE 43 [% saturation]
# name 15 = sbeox1PS: Oxygen, SBE 43, 2 [% saturation]
# name 16 = v0: Voltage 0
# name 17 = flECO-AFL: Fluorescence, WET Labs ECO-AFL/FL [mg/m^3]
# name 18 = v1: Voltage 1
# name 19 = CStarAt0: Beam Attenuation, WET Labs C-Star [1/m]
# name 20 = par: PAR/Irradiance, Biospherical/Licor
# name 21 = scan: Scan Count
# name 22 = timeM: Time, Elapsed [minutes]
# name 23 = flag:  0.000e+00
# span 0 =      2.089,     38.866                 
# span 1 =   71.19488,   71.19490                 
# span 2 = -164.19864, -164.19862                 
# span 3 =      2.111,     39.270                 
# span 4 =    -0.8832,     4.6042                 
# span 5 =    -0.8819,     4.6065                 
# span 6 =    -0.8842,     4.6027                 
# span 7 =    30.9011,    32.4079                 
# span 8 =    30.9257,    32.4242                 
# span 9 =  1024.5989,  1026.2079                 
# span 10 =    24.5714,    26.0466                
# span 11 =    289.674,    389.805                
# span 12 =    275.106,    354.333                
# span 13 =  319.08269,  363.57910                
# span 14 =     79.678,    108.587                
# span 15 =     75.682,     98.445                
# span 16 =     0.0891,     0.1758                
# span 17 =     0.1868,     0.7069                
# span 18 =     3.0513,     4.2198                
# span 19 =     0.4416,     1.7390                
# span 20 = 1.0000e-12, 2.3870e+00                
# span 21 =          1,       3968                
# span 22 =     0.0000,     2.7549                
# span 23 = 0.0000e+00, 0.0000e+00                
# interval = seconds: 0.0416667
# start_time = Sep 27 2023 06:45:52 [NMEA time, first data scan]
# bad_flag = -9.990e-29
*END*
[from data line 3865]
     38.357   71.19488 -164.19864     38.755    -0.8755    -0.8731    -0.8765    32.3568    32.3704  1026.1937    26.0073    290.477    276.555  363.50740     79.910     76.093     0.1087     0.3040     3.1197     1.6503 1.0000e-12       3866     2.6840  0.000e+00
     38.364   71.19488 -164.19864     38.763    -0.8746    -0.8732    -0.8756    32.3556    32.3701  1026.1927    26.0063    290.456    276.554  363.50199     79.905     76.092     0.1099     0.3113     3.1197     1.6503 8.4714e-06       3867     2.6847  0.000e+00
     38.303   71.19488 -164.19864     38.701    -0.8745    -0.8731    -0.8754    32.3554    32.3700  1026.1923    26.0061    290.439    276.549  363.50149     79.900     76.091     0.1074     0.2967     3.1197     1.6503 1.0000e-12       3868     2.6854  0.000e+00
     38.357   71.19488 -164.19864     38.755    -0.8757    -0.8731    -0.8766    32.3565    32.3698  1026.1935    26.0071    290.438    276.548  363.50987     79.898     76.090     0.1087     0.3040     3.1197     1.6503 1.0000e-12       3869     2.6861  0.000e+00
     38.364   71.19488 -164.19864     38.763    -0.8768    -0.8737    -0.8777    32.3576    32.3703  1026.1945    26.0080    290.688    276.550  363.51717     79.965     76.090     0.1099     0.3113     3.1148     1.6566 1.0000e-12       3870     2.6868  0.000e+00
     38.364   71.19488 -164.19864     38.763    -0.8777    -0.8742    -0.8786    32.3592    32.3707  1026.1958    26.0093    290.478    276.551  363.52138     79.907     76.090     0.1087     0.3040     3.1111     1.6613 1.0000e-12       3871     2.6875  0.000e+00
     38.364   71.19488 -164.19864     38.763    -0.8783    -0.8748    -0.8793    32.3600    32.3714  1026.1964    26.0100    290.474    276.552  363.52529     79.905     76.089     0.1099     0.3113     3.1111     1.6613 1.0000e-12       3872     2.6882  0.000e+00
     38.357   71.19488 -164.19864     38.755    -0.8786    -0.8754    -0.8795    32.3604    32.3720  1026.1967    26.0103    290.469    276.553  363.52692     79.903     76.088     0.1087     0.3040     3.1111     1.6613 8.4714e-06       3873     2.6889  0.000e+00
     38.364   71.19488 -164.19864     38.763    -0.8783    -0.8755    -0.8793    32.3599    32.3719  1026.1963    26.0099    290.464    276.552  363.52566     79.902     76.088     0.1099     0.3113     3.1111     1.6613 1.0000e-12       3874     2.6896  0.000e+00
     38.418   71.19488 -164.19864     38.818    -0.8781    -0.8754    -0.8790    32.3600    32.3716  1026.1967    26.0100    290.461    276.551  363.52241     79.902     76.088     0.1087     0.3040     3.1111     1.6613 1.0000e-12       3875     2.6903  0.000e+00
     38.357   71.19488 -164.19864     38.755    -0.8774    -0.8749    -0.8783    32.3595    32.3709  1026.1959    26.0095    290.454    276.544  363.51791     79.901     76.086     0.1087     0.3040     3.1111     1.6613 8.4714e-06       3876     2.6910  0.000e+00
     38.364   71.19488 -164.19864     38.763    -0.8774    -0.8749    -0.8783    32.3598    32.3708  1026.1963    26.0098    290.456    276.542  363.51695     79.902     76.086     0.1087     0.3040     3.1111     1.6613 1.0000e-12       3877     2.6917  0.000e+00
     38.364   71.19488 -164.19864     38.763    -0.8771    -0.8751    -0.8780    32.3600    32.3710  1026.1964    26.0099    290.204    276.540  363.51323     79.833     76.085     0.1099     0.3113     3.1111     1.6613 1.0000e-12       3878     2.6924  0.000e+00
     38.357   71.19488 -164.19864     38.755    -0.8765    -0.8748    -0.8774    32.3598    32.3707  1026.1962    26.0097    290.412    276.535  363.50823     79.891     76.084     0.1099     0.3113     3.1111     1.6613 8.4714e-06       3879     2.6931  0.000e+00
     38.418   71.19488 -164.19864     38.818    -0.8745    -0.8746    -0.8754    32.3584    32.3705  1026.1952    26.0085    290.410    276.534  363.49296     79.894     76.084     0.1087     0.3040     3.1111     1.6613 1.0000e-12       3880     2.6938  0.000e+00
     38.418   71.19488 -164.19864     38.818    -0.8726    -0.8745    -0.8735    32.3566    32.3703  1026.1938    26.0071    290.408    276.531  363.47917     79.897     76.083     0.1099     0.3113     3.1111     1.6613 1.0000e-12       3881     2.6944  0.000e+00
     38.364   71.19488 -164.19864     38.763    -0.8722    -0.8732    -0.8731    32.3559    32.3690  1026.1929    26.0064    290.418    276.550  363.47740     79.900     76.090     0.1087     0.3040     3.1111     1.6613 8.4714e-06       3882     2.6951  0.000e+00
     38.411   71.19488 -164.19864     38.810    -0.8722    -0.8731    -0.8731    32.3560    32.3688  1026.1932    26.0065    290.435    276.582  363.47712     79.905     76.099     0.1099     0.3113     3.1111     1.6613 1.0000e-12       3883     2.6958  0.000e+00
     38.364   71.19488 -164.19864     38.763    -0.8722    -0.8734    -0.8731    32.3558    32.3689  1026.1928    26.0063    290.451    276.582  363.47777     79.909     76.099     0.1087     0.3040     3.1111     1.6613 1.0000e-12       3884     2.6965  0.000e+00
     38.418   71.19488 -164.19864     38.818    -0.8725    -0.8743    -0.8734    32.3569    32.3697  1026.1940    26.0073    290.473    276.366  363.47770     79.915     76.038     0.1099     0.3113     3.1111     1.6613 1.0000e-12       3885     2.6972  0.000e+00
     38.357   71.19488 -164.19864     38.755    -0.8722    -0.8748    -0.8731    32.3566    32.3701  1026.1934    26.0070    290.490    276.562  363.47533     79.920     76.091     0.1087     0.3040     3.1111     1.6613 1.0000e-12       3886     2.6979  0.000e+00
     38.418   71.19488 -164.19864     38.818    -0.8722    -0.8751    -0.8731    32.3559    32.3703  1026.1932    26.0065    290.518    276.568  363.47725     79.927     76.092     0.1099     0.3113     3.1111     1.6613 8.4714e-06       3887     2.6986  0.000e+00
     38.364   71.19488 -164.19864     38.763    -0.8724    -0.8761    -0.8733    32.3556    32.3710  1026.1926    26.0062    290.544    276.575  363.47999     79.934     76.092     0.1099     0.3113     3.1111     1.6613 1.0000e-12       3888     2.6993  0.000e+00
     38.480   71.19488 -164.19864     38.880    -0.8730    -0.8768    -0.8739    32.3563    32.3716  1026.1938    26.0068    290.481    276.584  363.48385     79.916     76.094     0.1087     0.3040     3.1111     1.6613 1.0000e-12       3889     2.7000  0.000e+00
     38.411   71.19488 -164.19864     38.810    -0.8733    -0.8761    -0.8742    32.3572    32.3711  1026.1942    26.0075    290.456    276.355  363.48478     79.909     76.032     0.1099     0.3113     3.1136     1.6581 1.0000e-12       3890     2.7007  0.000e+00
     38.418   71.19488 -164.19864     38.818    -0.8731    -0.8763    -0.8740    32.3570    32.3715  1026.1941    26.0074    290.431    276.552  363.48292     79.902     76.086     0.1087     0.3040     3.1160     1.6550 1.0000e-12       3891     2.7014  0.000e+00
     38.418   71.19488 -164.19864     38.818    -0.8728    -0.8761    -0.8737    32.3579    32.3722  1026.1948    26.0081    290.452    276.551  363.47776     79.909     76.087     0.1087     0.3040     3.1160     1.6550 1.0000e-12       3892     2.7021  0.000e+00
     38.411   71.19488 -164.19864     38.810    -0.8726    -0.8751    -0.8736    32.3576    32.3720  1026.1945    26.0078    290.479    276.545  363.47698     79.917     76.087     0.1087     0.3040     3.1160     1.6550 8.4714e-06       3893     2.7028  0.000e+00
     38.480   71.19488 -164.19864     38.880    -0.8720    -0.8743    -0.8729    32.3569    32.3719  1026.1943    26.0073    290.457    276.319  363.47283     79.912     76.026     0.1099     0.3113     3.1160     1.6550 1.0000e-12       3894     2.7035  0.000e+00
     38.418   71.19488 -164.19864     38.818    -0.8719    -0.8752    -0.8728    32.3568    32.3729  1026.1939    26.0072    290.484    276.296  363.47209     79.919     76.019     0.1087     0.3040     3.1160     1.6550 1.0000e-12       3895     2.7042  0.000e+00
     38.465   71.19488 -164.19864     38.864    -0.8716    -0.8763    -0.8725    32.3569    32.3729  1026.1942    26.0072    290.563    276.282  363.46846     79.942     76.012     0.1099     0.3113     3.1160     1.6550 1.0000e-12       3896     2.7049  0.000e+00
     38.418   71.19488 -164.19864     38.818    -0.8713    -0.8768    -0.8722    32.3581    32.3716  1026.1949    26.0082    290.289    276.263  363.46225     79.868     76.006     0.1099     0.3113     3.1160     1.6550 1.0000e-12       3897     2.7056  0.000e+00
     38.480   71.19488 -164.19864     38.880    -0.8691    -0.8777    -0.8700    32.3564    32.3713  1026.1938    26.0068    290.469    276.250  363.44559     79.921     76.000     0.1087     0.3040     3.1160     1.6550 1.0000e-12       3898     2.7062  0.000e+00
     38.480   71.19488 -164.19864     38.880    -0.8676    -0.8787    -0.8685    32.3544    32.3713  1026.1921    26.0051    290.498    276.238  363.43700     79.931     75.995     0.1099     0.3113     3.1160     1.6550 1.0000e-12       3899     2.7069  0.000e+00
     38.411   71.19488 -164.19864     38.810    -0.8667    -0.8793    -0.8676    32.3535    32.3716  1026.1910    26.0043    290.479    276.219  363.43073     79.927     75.988     0.1087     0.3040     3.1172     1.6534 1.0000e-12       3900     2.7076  0.000e+00
     38.480   71.19488 -164.19864     38.880    -0.8673    -0.8796    -0.8682    32.3536    32.3715  1026.1915    26.0045    290.575    276.206  363.43633     79.952     75.984     0.1099     0.3113     3.1160     1.6550 1.0000e-12       3901     2.7083  0.000e+00
     38.480   71.19488 -164.19864     38.880    -0.8691    -0.8801    -0.8700    32.3549    32.3714  1026.1925    26.0055    290.632    276.192  363.45045     79.965     75.979     0.1087     0.3040     3.1160     1.6550 1.0000e-12       3902     2.7090  0.000e+00
     38.465   71.19488 -164.19864     38.864    -0.8706    -0.8804    -0.8716    32.3555    32.3710  1026.1930    26.0061    290.640    276.178  363.46364     79.964     75.975     0.1087     0.3040     3.1160     1.6550 1.0000e-12       3903     2.7097  0.000e+00
     38.480   71.19488 -164.19864     38.880    -0.8711    -0.8798    -0.8720    32.3545    32.3704  1026.1923    26.0053    290.643    276.384  363.47080     79.963     76.032     0.1087     0.3040     3.1160     1.6550 1.0000e-12       3904     2.7104  0.000e+00
     38.534   71.19488 -164.19864     38.935    -0.8725    -0.8800    -0.8734    32.3549    32.3707  1026.1929    26.0056    290.654    276.402  363.48360     79.963     76.037     0.1087     0.3040     3.1160     1.6550 1.0000e-12       3905     2.7111  0.000e+00
     38.480   71.19488 -164.19864     38.880    -0.8740    -0.8800    -0.8749    32.3562    32.3705  1026.1938    26.0068    290.658    276.416  363.49366     79.962     76.040     0.1099     0.3113     3.1172     1.6534 1.0000e-12       3906     2.7118  0.000e+00
     38.465   71.19488 -164.19864     38.864    -0.8748    -0.8802    -0.8757    32.3575    32.3706  1026.1947    26.0078    290.707    276.208  363.49832     79.975     75.983     0.1087     0.3040     3.1160     1.6550 8.4714e-06       3907     2.7125  0.000e+00
     38.534   71.19488 -164.19864     38.935    -0.8753    -0.8801    -0.8762    32.3590    32.3702  1026.1963    26.0090    290.708    276.196  363.49842     79.975     75.980     0.1099     0.3113     3.1160     1.6550 1.0000e-12       3908     2.7132  0.000e+00
     38.534   71.19488 -164.19864     38.935    -0.8745    -0.8802    -0.8754    32.3589    32.3703  1026.1962    26.0090    290.700    276.185  363.49146     79.974     75.976     0.1087     0.3040     3.1160     1.6550 1.0000e-12       3909     2.7139  0.000e+00
     38.526   71.19490 -164.19864     38.927    -0.8736    -0.8801    -0.8745    32.3560    32.3701  1026.1938    26.0066    290.745    276.396  363.49037     79.987     76.035     0.1099     0.3113     3.1172     1.6534 1.0000e-12       3910     2.7146  0.000e+00
     38.480   71.19490 -164.19864     38.880    -0.8736    -0.8802    -0.8745    32.3546    32.3703  1026.1924    26.0054    290.746    276.415  363.49442     79.986     76.040     0.1087     0.3040     3.1221     1.6472 1.0000e-12       3911     2.7153  0.000e+00
     38.588   71.19490 -164.19864     38.989    -0.8739    -0.8802    -0.8748    32.3533    32.3700  1026.1919    26.0044    290.805    276.214  363.50135     80.001     75.984     0.1099     0.3113     3.1233     1.6456 1.0000e-12       3912     2.7160  0.000e+00
     38.526   71.19490 -164.19864     38.927    -0.8748    -0.8804    -0.8757    32.3532    32.3699  1026.1916    26.0043    290.814    276.428  363.51056     80.001     76.043     0.1062     0.2894     3.1233     1.6456 1.0000e-12       3913     2.7167  0.000e+00
     38.534   71.19490 -164.19864     38.935    -0.8761    -0.8802    -0.8770    32.3535    32.3701  1026.1919    26.0046    290.826    276.446  363.52178     80.002     76.048     0.1050     0.2820     3.1233     1.6456 1.0000e-12       3914     2.7174  0.000e+00
     38.534   71.19490 -164.19864     38.934    -0.8773    -0.8804    -0.8782    32.3543    32.3702  1026.1926    26.0053    290.837    276.244  363.53103     80.003     75.992     0.1062     0.2894     3.1233     1.6456 8.4714e-06       3915     2.7181  0.000e+00
     38.588   71.19490 -164.19864     38.989    -0.8781    -0.8809    -0.8790    32.3550    32.3706  1026.1934    26.0059    290.847    276.240  363.53689     80.005     75.990     0.1050     0.2820     3.1221     1.6472 8.4714e-06       3916     2.7188  0.000e+00
     38.526   71.19490 -164.19864     38.927    -0.8785    -0.8810    -0.8794    32.3560    32.3705  1026.1940    26.0068    290.849    276.456  363.53835     80.005     76.049     0.1062     0.2894     3.1233     1.6456 1.0000e-12       3917     2.7194  0.000e+00
     38.588   71.19490 -164.19864     38.989    -0.8790    -0.8810    -0.8799    32.3562    32.3702  1026.1945    26.0069    290.857    276.257  363.54220     80.006     75.995     0.1050     0.2820     3.1221     1.6472 8.4714e-06       3918     2.7201  0.000e+00
     38.588   71.19490 -164.19864     38.989    -0.8793    -0.8810    -0.8802    32.3558    32.3704  1026.1942    26.0066    290.911    276.251  363.54603     80.020     75.993     0.1062     0.2894     3.1233     1.6456 1.0000e-12       3919     2.7208  0.000e+00
     38.580   71.19490 -164.19864     38.981    -0.8801    -0.8811    -0.8810    32.3561    32.3701  1026.1944    26.0069    291.174    276.471  363.55287     80.091     76.053     0.1050     0.2820     3.1233     1.6456 1.0000e-12       3920     2.7215  0.000e+00
     38.588   71.19490 -164.19864     38.989    -0.8802    -0.8813    -0.8811    32.3560    32.3706  1026.1943    26.0068    290.720    276.497  363.55449     79.966     76.060     0.1050     0.2820     3.1221     1.6472 1.0000e-12       3921     2.7222  0.000e+00
     38.534   71.19490 -164.19864     38.934    -0.8808    -0.8811    -0.8817    32.3566    32.3699  1026.1946    26.0073    290.678    276.521  363.55867     79.954     76.067     0.1050     0.2820     3.1233     1.6456 1.0000e-12       3922     2.7229  0.000e+00
     38.650   71.19490 -164.19864     39.051    -0.8810    -0.8813    -0.8819    32.3564    32.3699  1026.1950    26.0072    290.644    276.552  363.56097     79.944     76.075     0.1050     0.2820     3.1233     1.6456 8.4714e-06       3923     2.7236  0.000e+00
     38.580   71.19490 -164.19864     38.981    -0.8814    -0.8811    -0.8823    32.3567    32.3704  1026.1949    26.0074    291.110    276.348  363.56448     80.071     76.019     0.1062     0.2894     3.1221     1.6472 1.0000e-12       3924     2.7243  0.000e+00
