EcoFOCI/data/1_SampleCollection/2023_SikuliaqDBO_CruiseData/CTD_raw_BottleFile_SKQ23-12S/proc/skq202312s_074svpavg.cnv
* Sea-Bird SBE 9 Data File:
* FileName = D:\CTD\SKQ202312S\SKQ202312S_074.hex
* Software Version Seasave V 7.26.7.121
* Temperature SN = 6177
* Conductivity SN = 0369
* Number of Bytes Per Scan = 41
* Number of Voltage Words = 4
* Number of Scans Averaged by the Deck Unit = 1
* NMEA Latitude = 68 11.23 N
* NMEA Longitude = 167 17.73 W
* NMEA UTC (Time) = Oct 02 2023  03:41:14
* NMEA baud rate = 4800
** Ship: R/V Sikuliaq
** Station Number: 074
** Station Name: DBO3.3
** Bottom Depth: 47
** Operator: SD
# nquan = 7
# nvalues = 39                          
# units = specified
# name 0 = depSM: Depth [salt water, m]
# name 1 = latitude: Latitude [deg]
# name 2 = longitude: Longitude [deg]
# name 3 = t090C: Temperature [ITS-90, deg C]
# name 4 = sal00: Salinity, Practical [PSU]
# name 5 = svCM: Sound Velocity [Chen-Millero, m/s]
# name 6 = flag: flag
# span 0 =      4.000,     42.000       
# span 1 =   68.18698,   68.18702       
# span 2 = -167.29566, -167.29562       
# span 3 =     3.3183,     6.3998       
# span 4 =    27.4896,    32.0639       
# span 5 =    1460.63,    1469.80       
# span 6 = 0.0000e+00, 0.0000e+00       
# interval = meters: 1                  
# start_time = Oct 02 2023 03:44:53 [NMEA time, first data scan]
# bad_flag = -9.990e-29
*END*
      4.000   68.18700 -167.29562     6.3998    27.4896    1466.95 0.0000e+00
      5.000   68.18700 -167.29563     6.3583    28.6248    1468.23 0.0000e+00
      6.000   68.18700 -167.29564     6.3368    29.0320    1468.67 0.0000e+00
      7.000   68.18698 -167.29564     6.2858    29.3119    1468.83 0.0000e+00
      8.000   68.18698 -167.29565     6.2471    29.5839    1469.04 0.0000e+00
      9.000   68.18698 -167.29566     6.2886    29.4427    1469.04 0.0000e+00
     10.000   68.18698 -167.29566     6.2186    29.7654    1469.18 0.0000e+00
     11.000   68.18699 -167.29566     6.1435    30.1588    1469.39 0.0000e+00
     12.000   68.18700 -167.29566     6.0975    30.3912    1469.52 0.0000e+00
     13.000   68.18700 -167.29566     6.0516    30.7473    1469.80 0.0000e+00
     14.000   68.18700 -167.29564     5.7987    31.4298    1469.66 0.0000e+00
     15.000   68.18700 -167.29566     5.7384    31.5033    1469.53 0.0000e+00
     16.000   68.18700 -167.29565     5.7326    31.5034    1469.52 0.0000e+00
     17.000   68.18700 -167.29564     5.7225    31.5171    1469.51 0.0000e+00
     18.000   68.18700 -167.29566     5.6829    31.5544    1469.42 0.0000e+00
     19.000   68.18700 -167.29564     5.5641    31.6051    1469.02 0.0000e+00
     20.000   68.18700 -167.29564     5.3555    31.6892    1468.29 0.0000e+00
     21.000   68.18701 -167.29564     5.2710    31.7654    1468.07 0.0000e+00
     22.000   68.18702 -167.29564     5.2395    31.7764    1467.97 0.0000e+00
     23.000   68.18702 -167.29564     5.2115    31.7836    1467.88 0.0000e+00
     24.000   68.18702 -167.29564     5.1864    31.7904    1467.80 0.0000e+00
     25.000   68.18702 -167.29564     5.1741    31.7931    1467.77 0.0000e+00
     26.000   68.18702 -167.29564     5.1234    31.8022    1467.59 0.0000e+00
     27.000   68.18702 -167.29562     5.0368    31.8205    1467.28 0.0000e+00
     28.000   68.18702 -167.29563     4.9942    31.8295    1467.13 0.0000e+00
     29.000   68.18702 -167.29564     4.9140    31.8495    1466.84 0.0000e+00
     30.000   68.18702 -167.29563     4.7816    31.8735    1466.34 0.0000e+00
     31.000   68.18702 -167.29562     4.6897    31.8942    1466.01 0.0000e+00
     32.000   68.18702 -167.29563     4.7230    31.8848    1466.15 0.0000e+00
     33.000   68.18702 -167.29564     4.5428    31.9005    1465.44 0.0000e+00
     34.000   68.18702 -167.29563     4.3828    31.9194    1464.82 0.0000e+00
     35.000   68.18702 -167.29562     4.1432    31.9443    1463.86 0.0000e+00
     36.000   68.18702 -167.29564     3.6909    32.0281    1462.09 0.0000e+00
     37.000   68.18702 -167.29564     3.7360    32.0255    1462.29 0.0000e+00
     38.000   68.18701 -167.29564     3.9547    31.9859    1463.18 0.0000e+00
     39.000   68.18700 -167.29562     3.7668    31.9698    1462.38 0.0000e+00
     40.000   68.18700 -167.29562     3.3670    32.0639    1460.82 0.0000e+00
     41.000   68.18700 -167.29562     3.3183    32.0616    1460.63 0.0000e+00
     42.000   68.18698 -167.29563     3.3757    32.0507    1460.88 0.0000e+00
