EcoFOCI/data/1_SampleCollection/2023_SikuliaqDBO_CruiseData/CTD_raw_BottleFile_SKQ23-12S/proc/skq202312s_019.ros
* Sea-Bird SBE 9 Data File:
* FileName = D:\CTD\SKQ202312S\SKQ202312S_019.hex
* Software Version Seasave V 7.26.7.121
* Temperature SN = 6177
* Conductivity SN = 0369
* Number of Bytes Per Scan = 41
* Number of Voltage Words = 4
* Number of Scans Averaged by the Deck Unit = 1
* NMEA Latitude = 64 59.99 N
* NMEA Longitude = 168 13.30 W
* NMEA UTC (Time) = Sep 17 2023  22:28:58
* NMEA baud rate = 4800
** Ship: R/V Sikuliaq
** Station Number: 019
** Station Name: DBO2.7
** Bottom Depth: 45
** Operator: SD
# nquan = 22
# nvalues = 882                                   
# units = specified
# name 0 = depSM: Depth [salt water, m]
# name 1 = latitude: Latitude [deg]
# name 2 = longitude: Longitude [deg]
# name 3 = prDM: Pressure, Digiquartz [db]
# name 4 = t090C: Temperature [ITS-90, deg C]
# name 5 = t190C: Temperature, 2 [ITS-90, deg C]
# name 6 = potemp090C: Potential Temperature [ITS-90, deg C]
# name 7 = sal00: Salinity, Practical [PSU]
# name 8 = sal11: Salinity, Practical, 2 [PSU]
# name 9 = density00: Density [density, kg/m^3]
# name 10 = sigma-é00: Density [sigma-theta, kg/m^3]
# name 11 = sbox0Mm/Kg: Oxygen, SBE 43 [umol/kg]
# name 12 = sbox1Mm/Kg: Oxygen, SBE 43, 2 [umol/kg]
# name 13 = oxsolMm/Kg: Oxygen Saturation, Garcia & Gordon [umol/kg]
# name 14 = sbeox0PS: Oxygen, SBE 43 [% saturation]
# name 15 = v0: Voltage 0
# name 16 = flECO-AFL: Fluorescence, WET Labs ECO-AFL/FL [mg/m^3]
# name 17 = CStarAt0: Beam Attenuation, WET Labs C-Star [1/m]
# name 18 = par: PAR/Irradiance, Biospherical/Licor
# name 19 = scan: Scan Count
# name 20 = nbf: Bottles Fired
# name 21 = flag:  0.000e+00
# interval = seconds: 0.0416667
# start_time = Sep 17 2023 22:32:38 [NMEA time, first data scan]
# bad_flag = -9.990e-29
*END*
[from data line 330]
     29.778   64.99990 -168.22158     30.075     5.6287     5.6242     5.6266    27.4826    31.7686  1021.7988    21.6584    160.277    263.184  320.26794     50.045     0.1636     0.6337     0.9799 4.5405e-01       9983          7  0.000e+00
     29.763   64.99990 -168.22158     30.060     5.6291     5.6250     5.6270    27.4808    31.7681  1021.7972    21.6569    160.284    263.202  320.26929     50.047     0.1648     0.6410     0.9799 4.5084e-01       9984          7  0.000e+00
     29.778   64.99990 -168.22158     30.075     5.6291     5.6255     5.6270    27.4812    31.7676  1021.7976    21.6573    160.296    263.222  320.26859     50.050     0.1636     0.6337     0.9799 4.4924e-01       9985          7  0.000e+00
     29.709   64.99990 -168.22158     30.005     5.6291     5.6257     5.6270    27.4810    31.7680  1021.7971    21.6571    160.278    263.058  320.26903     50.045     0.1648     0.6410     0.9799 4.4924e-01       9986          7  0.000e+00
     29.778   64.99990 -168.22158     30.075     5.6286     5.6257     5.6265    27.4809    31.7681  1021.7974    21.6571    160.062    263.041  320.27290     49.977     0.1636     0.6337     0.9799 4.4447e-01       9987          7  0.000e+00
     29.778   64.99990 -168.22158     30.075     5.6285     5.6260     5.6265    27.4802    31.7680  1021.7969    21.6566    160.260    263.199  320.27488     50.038     0.1648     0.6410     0.9799 4.4289e-01       9988          7  0.000e+00
     29.763   64.99990 -168.22158     30.060     5.6284     5.6268     5.6263    27.4789    31.7671  1021.7958    21.6555    160.256    263.191  320.27918     50.036     0.1636     0.6337     0.9799 4.4289e-01       9989          7  0.000e+00
     29.778   64.99990 -168.22158     30.075     5.6283     5.6279     5.6262    27.4772    31.7664  1021.7946    21.6542    160.255    263.179  320.28390     50.035     0.1648     0.6410     0.9799 4.4131e-01       9990          7  0.000e+00
     29.709   64.99990 -168.22158     30.005     5.6281     5.6279     5.6260    27.4800    31.7667  1021.7964    21.6564    160.312    263.168  320.27895     50.054     0.1636     0.6337     0.9799 4.4289e-01       9991          7  0.000e+00
     29.832   64.99990 -168.22158     30.130     5.6278     5.6277     5.6257    27.4810    31.7670  1021.7978    21.6572    160.112    263.181  320.27897     49.992     0.1648     0.6410     0.9799 4.4131e-01       9992          7  0.000e+00
     29.763   64.99990 -168.22158     30.060     5.6278     5.6265     5.6257    27.4802    31.7680  1021.7968    21.6566    160.089    263.012  320.28084     49.984     0.1673     0.6557     0.9799 4.4605e-01       9993          7  0.000e+00
     29.724   64.99990 -168.22158     30.021     5.6278     5.6263     5.6257    27.4790    31.7681  1021.7957    21.6557    160.277    262.999  320.28320     50.042     0.1685     0.6630     0.9799 4.4764e-01       9994          7  0.000e+00
     29.825   64.99990 -168.22158     30.122     5.6271     5.6257     5.6250    27.4807    31.7690  1021.7976    21.6571    159.881    262.992  320.28469     49.919     0.1685     0.6630     0.9799 4.4924e-01       9995          7  0.000e+00
     19.784   64.99990 -168.22158     19.980     6.1412     6.1513     6.1398    27.6095    31.7194  1021.7962    21.7032    167.643    274.486  316.10610     53.034     0.3150     1.5421     0.8394 2.8558e+00      13102          8  0.000e+00
     19.838   64.99990 -168.22158     20.035     6.1410     6.1506     6.1396    27.6100    31.7194  1021.7968    21.7036    167.635    274.519  316.10647     53.031     0.3162     1.5494     0.8394 2.8558e+00      13103          8  0.000e+00
     19.799   64.99990 -168.22158     19.996     6.1412     6.1491     6.1398    27.6091    31.7204  1021.7959    21.7029    167.619    274.554  316.10711     53.026     0.3150     1.5421     0.8394 2.8558e+00      13104          8  0.000e+00
     19.784   64.99990 -168.22158     19.980     6.1414     6.1474     6.1399    27.6091    31.7217  1021.7958    21.7029    168.031    274.593  316.10591     53.156     0.3162     1.5494     0.8394 2.8558e+00      13105          8  0.000e+00
     19.838   64.99990 -168.22158     20.035     6.1417     6.1464     6.1402    27.6106    31.7221  1021.7972    21.7040    167.682    274.614  316.10016     53.047     0.3138     1.5348     0.8394 2.8558e+00      13106          8  0.000e+00
     19.799   64.99990 -168.22158     19.996     6.1424     6.1461     6.1409    27.6098    31.7220  1021.7963    21.7033    167.646    274.630  316.09702     53.036     0.3150     1.5421     0.8394 2.8474e+00      13107          8  0.000e+00
     19.784   64.99990 -168.22158     19.980     6.1425     6.1461     6.1410    27.6104    31.7219  1021.7967    21.7038    167.837    274.646  316.09451     53.097     0.3004     1.4542     0.8394 2.8474e+00      13108          8  0.000e+00
     19.838   64.99990 -168.22158     20.035     6.1423     6.1461     6.1408    27.6094    31.7216  1021.7962    21.7030    167.854    274.667  316.09841     53.102     0.2857     1.3663     0.8394 2.8558e+00      13109          8  0.000e+00
     19.799   64.99990 -168.22158     19.996     6.1427     6.1453     6.1412    27.6103    31.7218  1021.7967    21.7037    167.857    274.690  316.09360     53.104     0.2821     1.3443     0.8394 2.8558e+00      13110          8  0.000e+00
     19.838   64.99990 -168.22158     20.035     6.1430     6.1449     6.1415    27.6115    31.7213  1021.7978    21.7046    167.857    274.717  316.08857     53.104     0.2833     1.3516     0.8394 2.8474e+00      13111          8  0.000e+00
     19.799   64.99990 -168.22158     19.996     6.1428     6.1444     6.1414    27.6128    31.7206  1021.7987    21.7057    167.850    274.724  316.08650     53.103     0.2833     1.3516     0.8381 2.8474e+00      13112          8  0.000e+00
     19.838   64.99990 -168.22158     20.035     6.1425     6.1422     6.1410    27.6154    31.7210  1021.8009    21.7077    168.041    274.764  316.08280     53.163     0.2845     1.3590     0.8381 2.8474e+00      13113          8  0.000e+00
     19.784   64.99990 -168.22158     19.980     6.1425     6.1398     6.1410    27.6130    31.7220  1021.7987    21.7058    168.053    274.801  316.08851     53.167     0.2845     1.3590     0.8394 2.8474e+00      13114          8  0.000e+00
     19.861   64.99990 -168.22158     20.058     6.1423     6.1379     6.1408    27.6128    31.7233  1021.7990    21.7057    167.857    274.841  316.09037     53.104     0.2833     1.3516     0.8406 2.8474e+00      13115          8  0.000e+00
     19.838   64.99990 -168.22158     20.035     6.1419     6.1371     6.1404    27.6132    31.7234  1021.7993    21.7061    168.059    275.050  316.09281     53.168     0.2845     1.3590     0.8432 2.8474e+00      13116          8  0.000e+00
     19.838   64.99990 -168.22158     20.035     6.1417     6.1373     6.1402    27.6142    31.7226  1021.8001    21.7069    168.080    274.902  316.09160     53.175     0.2833     1.3516     0.8432 2.8474e+00      13117          8  0.000e+00
     19.861   64.99990 -168.22158     20.058     6.1416     6.1371     6.1401    27.6111    31.7228  1021.7978    21.7045    168.101    274.914  316.09996     53.180     0.2845     1.3590     0.8432 2.8474e+00      13118          8  0.000e+00
     19.838   64.99990 -168.22158     20.035     6.1411     6.1373     6.1396    27.6128    31.7225  1021.7990    21.7058    168.110    274.924  316.09960     53.183     0.2833     1.3516     0.8432 2.8474e+00      13119          8  0.000e+00
     19.838   64.99990 -168.22158     20.035     6.1412     6.1371     6.1398    27.6134    31.7229  1021.7995    21.7063    168.315    274.936  316.09686     53.248     0.2845     1.3590     0.8432 2.8474e+00      13120          8  0.000e+00
     19.861   64.99990 -168.22158     20.058     6.1407     6.1365     6.1393    27.6136    31.7233  1021.7998    21.7065    168.140    274.935  316.10021     53.192     0.2833     1.3516     0.8432 2.8558e+00      13121          8  0.000e+00
     19.838   64.99990 -168.22158     20.035     6.1407     6.1360     6.1393    27.6134    31.7234  1021.7995    21.7063    168.332    274.931  316.10076     53.253     0.2845     1.3590     0.8432 2.8558e+00      13122          8  0.000e+00
     19.838   64.99990 -168.22158     20.035     6.1407     6.1356     6.1393    27.6137    31.7239  1021.7998    21.7066    168.142    274.945  316.10002     53.193     0.2845     1.3590     0.8432 2.8641e+00      13123          8  0.000e+00
     19.915   64.99990 -168.22158     20.113     6.1407     6.1363     6.1393    27.6131    31.7229  1021.7997    21.7061    168.526    275.136  316.10149     53.314     0.2845     1.3590     0.8432 2.8641e+00      13124          8  0.000e+00
     19.892   64.99990 -168.22158     20.090     6.1411     6.1359     6.1396    27.6140    31.7233  1021.8003    21.7068    168.347    275.169  316.09661     53.258     0.2833     1.3516     0.8432 2.8558e+00      13125          8  0.000e+00
     19.838   64.99990 -168.22158     20.035     6.1411     6.1360     6.1396    27.6147    31.7233  1021.8006    21.7074    168.365    275.021  316.09499     53.264     0.2845     1.3590     0.8432 2.8558e+00      13126          8  0.000e+00
     19.861   64.99990 -168.22158     20.058     6.1409     6.1359     6.1394    27.6151    31.7234  1021.8010    21.7077    168.380    275.195  316.09557     53.269     0.2833     1.3516     0.8432 2.8641e+00      13127          8  0.000e+00
     19.892   64.99990 -168.22158     20.090     6.1411     6.1355     6.1396    27.6159    31.7231  1021.8018    21.7083    168.387    275.035  316.09217     53.272     0.2845     1.3590     0.8432 2.8725e+00      13128          8  0.000e+00
     19.892   64.99990 -168.22158     20.090     6.1414     6.1358     6.1399    27.6132    31.7230  1021.7996    21.7061    168.392    275.028  316.09631     53.272     0.2833     1.3516     0.8432 2.8810e+00      13129          8  0.000e+00
     19.861   64.99990 -168.22158     20.058     6.1417     6.1372     6.1402    27.6135    31.7223  1021.7996    21.7063    168.386    275.013  316.09327     53.271     0.2845     1.3590     0.8432 2.8725e+00      13130          8  0.000e+00
     19.892   64.99990 -168.22158     20.090     6.1424     6.1393     6.1409    27.6135    31.7213  1021.7997    21.7062    168.374    275.173  316.08839     53.268     0.2845     1.3590     0.8432 2.8725e+00      13131          8  0.000e+00
     19.953   64.99990 -168.22158     20.152     6.1428     6.1412     6.1413    27.6140    31.7204  1021.8003    21.7066    168.357    274.999  316.08377     53.263     0.2845     1.3590     0.8432 2.8725e+00      13132          8  0.000e+00
     19.861   64.99990 -168.22158     20.058     6.1434     6.1403     6.1420    27.6137    31.7215  1021.7996    21.7063    168.564    275.171  316.08004     53.329     0.2857     1.3663     0.8432 2.8810e+00      13133          8  0.000e+00
     19.953   64.99990 -168.22158     20.152     6.1439     6.1385     6.1425    27.6120    31.7227  1021.7987    21.7049    168.364    275.018  316.08002     53.266     0.2943     1.4176     0.8432 2.8979e+00      13134          8  0.000e+00
     19.892   64.99990 -168.22158     20.090     6.1443     6.1367     6.1428    27.6127    31.7238  1021.7988    21.7054    168.529    275.197  316.07584     53.319     0.2979     1.4395     0.8432 2.8979e+00      13135          8  0.000e+00
     19.915   64.99990 -168.22158     20.113     6.1449     6.1357     6.1434    27.6114    31.7243  1021.7979    21.7043    168.517    275.056  316.07473     53.316     0.2979     1.4395     0.8406 2.8979e+00      13136          8  0.000e+00
     19.953   64.99990 -168.22158     20.152     6.1452     6.1355     6.1437    27.6125    31.7239  1021.7989    21.7051    168.496    275.230  316.06950     53.310     0.2979     1.4395     0.8381 2.9064e+00      13137          8  0.000e+00
     19.892   64.99990 -168.22158     20.090     6.1456     6.1358     6.1441    27.6106    31.7236  1021.7971    21.7036    168.469    275.255  316.07124     53.301     0.2979     1.4395     0.8368 2.9149e+00      13138          8  0.000e+00
     19.915   64.99990 -168.22158     20.113     6.1457     6.1361     6.1442    27.6103    31.7231  1021.7969    21.7034    168.466    275.285  316.07111     53.300     0.2979     1.4395     0.8368 2.9149e+00      13139          8  0.000e+00
     19.953   64.99990 -168.22158     20.152     6.1457     6.1363     6.1442    27.6095    31.7226  1021.7965    21.7028    168.458    275.296  316.07259     53.297     0.2967     1.4322     0.8381 2.9234e+00      13140          8  0.000e+00
     19.953   64.99990 -168.22158     20.152     6.1457     6.1354     6.1442    27.6115    31.7233  1021.7980    21.7043    168.440    275.311  316.06807     53.292     0.2979     1.4395     0.8381 2.9234e+00      13141          8  0.000e+00
     19.915   64.99990 -168.22158     20.113     6.1452     6.1342     6.1437    27.6121    31.7234  1021.7984    21.7049    168.419    275.327  316.07073     53.285     0.2967     1.4322     0.8381 2.9234e+00      13142          8  0.000e+00
     19.953   64.99990 -168.22158     20.152     6.1451     6.1332     6.1436    27.6124    31.7236  1021.7988    21.7051    168.393    275.166  316.07092     53.277     0.2979     1.4395     0.8381 2.9320e+00      13143          8  0.000e+00
     19.977   64.99990 -168.22158     20.175     6.1446     6.1326     6.1431    27.6127    31.7234  1021.7992    21.7053    168.564    275.339  316.07365     53.331     0.2967     1.4322     0.8381 2.9406e+00      13144          8  0.000e+00
     19.953   64.99990 -168.22158     20.152     6.1441     6.1322     6.1426    27.6141    31.7238  1021.8003    21.7065    168.552    275.347  316.07407     53.327     0.2979     1.4395     0.8381 2.9406e+00      13145          8  0.000e+00
     19.953   64.99990 -168.22158     20.152     6.1436     6.1314     6.1422    27.6132    31.7241  1021.7996    21.7059    168.566    275.359  316.07957     53.330     0.2979     1.4395     0.8381 2.9492e+00      13146          8  0.000e+00
     19.977   64.99990 -168.22158     20.175     6.1433     6.1295     6.1418    27.6140    31.7254  1021.8004    21.7065    168.571    275.377  316.07998     53.332     0.2979     1.4395     0.8381 2.9578e+00      13147          8  0.000e+00
     19.953   64.99990 -168.22158     20.152     6.1431     6.1281     6.1416    27.6146    31.7260  1021.8007    21.7070    168.570    275.390  316.08018     53.331     0.2979     1.4395     0.8381 2.9578e+00      13148          8  0.000e+00
     20.007   64.99990 -168.22158     20.206     6.1428     6.1254     6.1413    27.6144    31.7269  1021.8009    21.7069    168.565    275.414  316.08283     53.330     0.2979     1.4395     0.8381 2.9665e+00      13149          8  0.000e+00
     19.977   64.99990 -168.22158     20.175     6.1428     6.1233     6.1413    27.6148    31.7272  1021.8011    21.7073    168.551    275.430  316.08182     53.325     0.2979     1.4395     0.8381 2.9752e+00      13150          8  0.000e+00
     19.668   64.99990 -168.22158     19.864     6.1482     6.1512     6.1468    27.6296    31.7215  1021.8107    21.7183    170.252    275.827  316.00705     53.876     0.3077     1.4982     0.8342 2.9492e+00      13248          9  0.000e+00
     19.722   64.99990 -168.22158     19.918     6.1481     6.1496     6.1467    27.6315    31.7221  1021.8125    21.7198    170.264    275.698  316.00339     53.880     0.3065     1.4908     0.8342 2.9406e+00      13249          9  0.000e+00
     19.691   64.99990 -168.22158     19.887     6.1483     6.1485     6.1468    27.6322    31.7225  1021.8128    21.7203    170.473    275.721  316.00062     53.947     0.3077     1.4982     0.8342 2.9406e+00      13250          9  0.000e+00
