EcoFOCI/data/1_SampleCollection/2023_SikuliaqDBO_CruiseData/CTD_raw_BottleFile_SKQ23-12S/proc/skq202312s_008svp.cnv
* Sea-Bird SBE 9 Data File:
* FileName = D:\CTD\SKQ202312S\SKQ202312S_008.hex
* Software Version Seasave V 7.26.7.121
* Temperature SN = 6177
* Conductivity SN = 0369
* Number of Bytes Per Scan = 41
* Number of Voltage Words = 4
* Number of Scans Averaged by the Deck Unit = 1
* NMEA Latitude = 62 47.19 N
* NMEA Longitude = 173 30.00 W
* NMEA UTC (Time) = Sep 16 2023  08:58:03
* NMEA baud rate = 4800
** Ship: R/V Sikuliaq
** Station Number: 008
** Station Name: DBO1.7
** Bottom Depth: 69
** Operator: SD
# nquan = 7
# nvalues = 5926                                  
# units = specified
# name 0 = depSM: Depth [salt water, m]
# name 1 = latitude: Latitude [deg]
# name 2 = longitude: Longitude [deg]
# name 3 = t090C: Temperature [ITS-90, deg C]
# name 4 = sal00: Salinity, Practical [PSU]
# name 5 = svCM: Sound Velocity [Chen-Millero, m/s]
# name 6 = flag:  0.000e+00
# span 0 =      1.066,     63.296                 
# span 1 =   62.78648,   62.78650                 
# span 2 = -173.49996, -173.49994                 
# span 3 =    -1.5262,     7.1119                 
# span 4 =    30.9959,    32.0193                 
# span 5 =    1438.48,    1474.28                 
# span 6 = 0.0000e+00, 0.0000e+00                 
# interval = seconds: 0.0416667
# start_time = Sep 16 2023 09:02:12 [NMEA time, first data scan]
# bad_flag = -9.990e-29
*END*
[from data line 411]
      1.413   62.78648 -173.49996     7.0658    31.1049    1474.07  0.000e+00
      1.467   62.78648 -173.49996     7.0661    31.1042    1474.07  0.000e+00
      1.413   62.78648 -173.49996     7.0671    31.1027    1474.07  0.000e+00
      1.467   62.78648 -173.49996     7.0674    31.1021    1474.07  0.000e+00
      1.413   62.78648 -173.49996     7.0663    31.1027    1474.07  0.000e+00
      1.467   62.78648 -173.49996     7.0653    31.1035    1474.07  0.000e+00
      1.467   62.78648 -173.49996     7.0666    31.1033    1474.07  0.000e+00
      1.467   62.78648 -173.49996     7.0684    31.1032    1474.08  0.000e+00
      1.467   62.78648 -173.49996     7.0681    31.1048    1474.08  0.000e+00
      1.467   62.78648 -173.49996     7.0682    31.1057    1474.08  0.000e+00
      1.467   62.78648 -173.49996     7.0695    31.1061    1474.08  0.000e+00
      1.467   62.78648 -173.49996     7.0695    31.1064    1474.09  0.000e+00
      1.467   62.78648 -173.49996     7.0710    31.1062    1474.09  0.000e+00
      1.467   62.78648 -173.49996     7.0723    31.1056    1474.09  0.000e+00
      1.467   62.78648 -173.49996     7.0755    31.1027    1474.10  0.000e+00
      1.521   62.78648 -173.49996     7.0794    31.1006    1474.12  0.000e+00
      1.467   62.78648 -173.49996     7.0785    31.1008    1474.11  0.000e+00
      1.521   62.78648 -173.49996     7.0763    31.1005    1474.11  0.000e+00
      1.467   62.78648 -173.49996     7.0750    31.0993    1474.10  0.000e+00
      1.521   62.78648 -173.49996     7.0766    31.0977    1474.10  0.000e+00
      1.521   62.78648 -173.49996     7.0808    31.0953    1474.12  0.000e+00
      1.521   62.78648 -173.49996     7.0805    31.0964    1474.12  0.000e+00
      1.467   62.78648 -173.49996     7.0767    31.0990    1474.10  0.000e+00
      1.583   62.78648 -173.49996     7.0739    31.1001    1474.10  0.000e+00
      1.467   62.78648 -173.49996     7.0723    31.1006    1474.09  0.000e+00
      1.583   62.78648 -173.49996     7.0724    31.1007    1474.09  0.000e+00
      1.521   62.78648 -173.49996     7.0744    31.1004    1474.10  0.000e+00
      1.544   62.78648 -173.49996     7.0770    31.0996    1474.11  0.000e+00
      1.521   62.78648 -173.49996     7.0790    31.0983    1474.11  0.000e+00
      1.583   62.78648 -173.49996     7.0792    31.0978    1474.11  0.000e+00
      1.521   62.78648 -173.49996     7.0778    31.0984    1474.11  0.000e+00
      1.583   62.78648 -173.49996     7.0771    31.0986    1474.11  0.000e+00
      1.583   62.78648 -173.49996     7.0749    31.0998    1474.10  0.000e+00
      1.521   62.78648 -173.49996     7.0729    31.1017    1474.09  0.000e+00
      1.583   62.78648 -173.49996     7.0744    31.1012    1474.10  0.000e+00
      1.583   62.78648 -173.49996     7.0776    31.0992    1474.11  0.000e+00
      1.583   62.78648 -173.49996     7.0768    31.0993    1474.11  0.000e+00
      1.583   62.78648 -173.49996     7.0755    31.1014    1474.10  0.000e+00
      1.583   62.78648 -173.49996     7.0750    31.1029    1474.10  0.000e+00
      1.583   62.78648 -173.49996     7.0745    31.1031    1474.10  0.000e+00
      1.637   62.78648 -173.49996     7.0750    31.1023    1474.10  0.000e+00
      1.521   62.78648 -173.49996     7.0758    31.1014    1474.10  0.000e+00
      1.636   62.78648 -173.49996     7.0753    31.1017    1474.10  0.000e+00
      1.582   62.78648 -173.49996     7.0753    31.1009    1474.10  0.000e+00
      1.636   62.78648 -173.49996     7.0749    31.1008    1474.10  0.000e+00
      1.582   62.78648 -173.49996     7.0741    31.1011    1474.10  0.000e+00
      1.582   62.78648 -173.49996     7.0740    31.1004    1474.10  0.000e+00
      1.636   62.78648 -173.49996     7.0729    31.1012    1474.09  0.000e+00
      1.582   62.78648 -173.49996     7.0718    31.1020    1474.09  0.000e+00
      1.582   62.78648 -173.49996     7.0713    31.1025    1474.09  0.000e+00
      1.582   62.78648 -173.49996     7.0713    31.1024    1474.09  0.000e+00
      1.636   62.78648 -173.49996     7.0713    31.1028    1474.09  0.000e+00
      1.582   62.78648 -173.49996     7.0720    31.1021    1474.09  0.000e+00
      1.582   62.78648 -173.49996     7.0728    31.1015    1474.09  0.000e+00
      1.582   62.78648 -173.49996     7.0737    31.1007    1474.10  0.000e+00
      1.582   62.78648 -173.49996     7.0734    31.1008    1474.10  0.000e+00
      1.582   62.78648 -173.49996     7.0731    31.1013    1474.09  0.000e+00
      1.582   62.78648 -173.49996     7.0737    31.1029    1474.10  0.000e+00
      1.582   62.78648 -173.49996     7.0773    31.1015    1474.11  0.000e+00
      1.582   62.78648 -173.49996     7.0806    31.1003    1474.12  0.000e+00
      1.521   62.78648 -173.49996     7.0818    31.0998    1474.13  0.000e+00
      1.582   62.78648 -173.49996     7.0825    31.0990    1474.13  0.000e+00
      1.544   62.78648 -173.49996     7.0824    31.0989    1474.13  0.000e+00
      1.582   62.78648 -173.49996     7.0813    31.0995    1474.12  0.000e+00
      1.467   62.78648 -173.49996     7.0804    31.1008    1474.12  0.000e+00
      1.582   62.78648 -173.49996     7.0826    31.0995    1474.13  0.000e+00
      1.521   62.78648 -173.49996     7.0834    31.0993    1474.13  0.000e+00
      1.521   62.78648 -173.49996     7.0814    31.1008    1474.13  0.000e+00
      1.521   62.78648 -173.49996     7.0803    31.1012    1474.12  0.000e+00
      1.521   62.78648 -173.49996     7.0797    31.1018    1474.12  0.000e+00
      1.467   62.78648 -173.49996     7.0806    31.1021    1474.12  0.000e+00
      1.521   62.78648 -173.49996     7.0819    31.1014    1474.13  0.000e+00
      1.521   62.78648 -173.49996     7.0808    31.1024    1474.13  0.000e+00
      1.467   62.78648 -173.49996     7.0799    31.1023    1474.12  0.000e+00
      1.521   62.78648 -173.49996     7.0811    31.1007    1474.12  0.000e+00
      1.467   62.78648 -173.49996     7.0819    31.0997    1474.13  0.000e+00
      1.467   62.78648 -173.49996     7.0814    31.0996    1474.12  0.000e+00
      1.467   62.78648 -173.49996     7.0797    31.1003    1474.12  0.000e+00
      1.467   62.78648 -173.49996     7.0773    31.1018    1474.11  0.000e+00
      1.521   62.78648 -173.49996     7.0759    31.1022    1474.11  0.000e+00
      1.467   62.78648 -173.49996     7.0747    31.1035    1474.10  0.000e+00
      1.467   62.78648 -173.49996     7.0752    31.1033    1474.10  0.000e+00
      1.467   62.78648 -173.49996     7.0763    31.1027    1474.11  0.000e+00
      1.467   62.78648 -173.49996     7.0774    31.1018    1474.11  0.000e+00
      1.413   62.78648 -173.49996     7.0763    31.1028    1474.11  0.000e+00
      1.467   62.78648 -173.49996     7.0753    31.1024    1474.10  0.000e+00
      1.521   62.78648 -173.49996     7.0747    31.1020    1474.10  0.000e+00
      1.413   62.78648 -173.49996     7.0749    31.1019    1474.10  0.000e+00
      1.467   62.78648 -173.49996     7.0769    31.1010    1474.11  0.000e+00
      1.467   62.78648 -173.49996     7.0763    31.1018    1474.11  0.000e+00
      1.413   62.78648 -173.49996     7.0744    31.1031    1474.10  0.000e+00
      1.467   62.78648 -173.49996     7.0731    31.1037    1474.10  0.000e+00
      1.467   62.78648 -173.49996     7.0739    31.1032    1474.10  0.000e+00
      1.467   62.78648 -173.49996     7.0750    31.1019    1474.10  0.000e+00
      1.428   62.78648 -173.49996     7.0739    31.1024    1474.10  0.000e+00
      1.412   62.78648 -173.49996     7.0729    31.1026    1474.09  0.000e+00
      1.466   62.78648 -173.49996     7.0726    31.1026    1474.09  0.000e+00
      1.412   62.78648 -173.49996     7.0718    31.1039    1474.09  0.000e+00
      1.466   62.78648 -173.49996     7.0723    31.1039    1474.09  0.000e+00
      1.412   62.78648 -173.49996     7.0742    31.1025    1474.10  0.000e+00
      1.466   62.78648 -173.49996     7.0755    31.1012    1474.10  0.000e+00
      1.412   62.78648 -173.49996     7.0753    31.1014    1474.10  0.000e+00
      1.466   62.78648 -173.49996     7.0750    31.1020    1474.10  0.000e+00
      1.412   62.78648 -173.49996     7.0750    31.1019    1474.10  0.000e+00
      1.412   62.78648 -173.49996     7.0755    31.1012    1474.10  0.000e+00
      1.412   62.78648 -173.49996     7.0755    31.1014    1474.10  0.000e+00
      1.412   62.78648 -173.49996     7.0755    31.1013    1474.10  0.000e+00
      1.412   62.78648 -173.49996     7.0760    31.1011    1474.10  0.000e+00
      1.412   62.78648 -173.49996     7.0763    31.1005    1474.10  0.000e+00
      1.466   62.78648 -173.49996     7.0758    31.1010    1474.10  0.000e+00
      1.412   62.78648 -173.49996     7.0760    31.1010    1474.10  0.000e+00
      1.351   62.78648 -173.49996     7.0753    31.1012    1474.10  0.000e+00
      1.412   62.78648 -173.49996     7.0748    31.1013    1474.10  0.000e+00
      1.412   62.78648 -173.49996     7.0745    31.1016    1474.10  0.000e+00
      1.412   62.78648 -173.49996     7.0745    31.1015    1474.10  0.000e+00
      1.412   62.78648 -173.49996     7.0742    31.1014    1474.10  0.000e+00
      1.412   62.78648 -173.49996     7.0741    31.1017    1474.10  0.000e+00
      1.351   62.78648 -173.49996     7.0739    31.1019    1474.09  0.000e+00
      1.412   62.78648 -173.49996     7.0739    31.1022    1474.10  0.000e+00
      1.412   62.78648 -173.49996     7.0739    31.1017    1474.10  0.000e+00
      1.351   62.78648 -173.49996     7.0742    31.1016    1474.10  0.000e+00
      1.412   62.78648 -173.49996     7.0742    31.1019    1474.10  0.000e+00
      1.412   62.78648 -173.49996     7.0752    31.1015    1474.10  0.000e+00
      1.351   62.78648 -173.49996     7.0750    31.1022    1474.10  0.000e+00
      1.412   62.78648 -173.49996     7.0751    31.1027    1474.10  0.000e+00
      1.428   62.78648 -173.49996     7.0776    31.1011    1474.11  0.000e+00
      1.351   62.78648 -173.49996     7.0803    31.0991    1474.12  0.000e+00
      1.412   62.78648 -173.49996     7.0799    31.0990    1474.12  0.000e+00
      1.412   62.78648 -173.49996     7.0790    31.0994    1474.11  0.000e+00
      1.351   62.78648 -173.49996     7.0770    31.1007    1474.11  0.000e+00
      1.466   62.78648 -173.49996     7.0756    31.1016    1474.10  0.000e+00
      1.412   62.78648 -173.49996     7.0757    31.1019    1474.10  0.000e+00
      1.351   62.78648 -173.49996     7.0762    31.1016    1474.10  0.000e+00
      1.412   62.78648 -173.49996     7.0771    31.1011    1474.11  0.000e+00
      1.412   62.78648 -173.49996     7.0771    31.1004    1474.11  0.000e+00
      1.412   62.78648 -173.49996     7.0776    31.0998    1474.11  0.000e+00
      1.466   62.78648 -173.49996     7.0772    31.1005    1474.11  0.000e+00
      1.412   62.78648 -173.49996     7.0766    31.1009    1474.11  0.000e+00
      1.412   62.78648 -173.49996     7.0760    31.1015    1474.10  0.000e+00
      1.412   62.78648 -173.49996     7.0759    31.1016    1474.10  0.000e+00
      1.412   62.78648 -173.49996     7.0753    31.1013    1474.10  0.000e+00
      1.466   62.78648 -173.49996     7.0747    31.1017    1474.10  0.000e+00
      1.412   62.78648 -173.49996     7.0748    31.1017    1474.10  0.000e+00
      1.412   62.78648 -173.49996     7.0750    31.1017    1474.10  0.000e+00
      1.466   62.78648 -173.49996     7.0755    31.1011    1474.10  0.000e+00
      1.466   62.78648 -173.49996     7.0758    31.1013    1474.10  0.000e+00
      1.412   62.78648 -173.49996     7.0766    31.1016    1474.11  0.000e+00
      1.466   62.78648 -173.49996     7.0774    31.1016    1474.11  0.000e+00
      1.412   62.78648 -173.49996     7.0796    31.1011    1474.12  0.000e+00
      1.466   62.78648 -173.49996     7.0831    31.0989    1474.13  0.000e+00
      1.412   62.78648 -173.49996     7.0827    31.0994    1474.13  0.000e+00
      1.466   62.78648 -173.49996     7.0818    31.0994    1474.12  0.000e+00
      1.466   62.78648 -173.49996     7.0813    31.0995    1474.12  0.000e+00
      1.412   62.78648 -173.49996     7.0804    31.0991    1474.12  0.000e+00
      1.466   62.78648 -173.49996     7.0797    31.0995    1474.12  0.000e+00
      1.412   62.78648 -173.49996     7.0797    31.0993    1474.12  0.000e+00
      1.428   62.78648 -173.49996     7.0788    31.1002    1474.11  0.000e+00
      1.466   62.78648 -173.49996     7.0787    31.1002    1474.11  0.000e+00
      1.412   62.78648 -173.49996     7.0784    31.1002    1474.11  0.000e+00
      1.412   62.78648 -173.49996     7.0785    31.1002    1474.11  0.000e+00
      1.466   62.78648 -173.49996     7.0786    31.1000    1474.11  0.000e+00
      1.412   62.78648 -173.49996     7.0786    31.0997    1474.11  0.000e+00
      1.412   62.78648 -173.49996     7.0779    31.1003    1474.11  0.000e+00
      1.412   62.78648 -173.49996     7.0778    31.1004    1474.11  0.000e+00
      1.412   62.78648 -173.49996     7.0771    31.1010    1474.11  0.000e+00
      1.412   62.78648 -173.49996     7.0769    31.1011    1474.11  0.000e+00
      1.412   62.78648 -173.49996     7.0768    31.1011    1474.11  0.000e+00
      1.412   62.78648 -173.49996     7.0766    31.1012    1474.11  0.000e+00
      1.350   62.78648 -173.49996     7.0769    31.1010    1474.11  0.000e+00
      1.412   62.78648 -173.49996     7.0766    31.1011    1474.11  0.000e+00
      1.412   62.78648 -173.49996     7.0763    31.1012    1474.10  0.000e+00
      1.350   62.78648 -173.49996     7.0763    31.1013    1474.10  0.000e+00
      1.350   62.78648 -173.49996     7.0762    31.1014    1474.10  0.000e+00
      1.412   62.78648 -173.49996     7.0762    31.1011    1474.10  0.000e+00
      1.350   62.78648 -173.49996     7.0763    31.1009    1474.10  0.000e+00
      1.350   62.78648 -173.49996     7.0758    31.1014    1474.10  0.000e+00
      1.350   62.78648 -173.49996     7.0753    31.1010    1474.10  0.000e+00
      1.350   62.78648 -173.49996     7.0751    31.1013    1474.10  0.000e+00
      1.350   62.78648 -173.49996     7.0750    31.1011    1474.10  0.000e+00
      1.296   62.78648 -173.49996     7.0747    31.1009    1474.10  0.000e+00
      1.350   62.78648 -173.49996     7.0747    31.1008    1474.10  0.000e+00
      1.296   62.78648 -173.49996     7.0744    31.1009    1474.09  0.000e+00
      1.296   62.78648 -173.49996     7.0739    31.1010    1474.09  0.000e+00
      1.350   62.78648 -173.49996     7.0732    31.1010    1474.09  0.000e+00
      1.235   62.78648 -173.49996     7.0718    31.1021    1474.08  0.000e+00
      1.350   62.78648 -173.49996     7.0718    31.1014    1474.09  0.000e+00
      1.258   62.78648 -173.49996     7.0720    31.1021    1474.09  0.000e+00
      1.296   62.78648 -173.49996     7.0725    31.1020    1474.09  0.000e+00
      1.235   62.78648 -173.49996     7.0721    31.1012    1474.08  0.000e+00
      1.296   62.78648 -173.49996     7.0721    31.1011    1474.09  0.000e+00
      1.296   62.78648 -173.49996     7.0718    31.1003    1474.08  0.000e+00
      1.235   62.78648 -173.49996     7.0705    31.1012    1474.08  0.000e+00
      1.235   62.78648 -173.49996     7.0705    31.1011    1474.08  0.000e+00
      1.235   62.78648 -173.49996     7.0702    31.1016    1474.08  0.000e+00
      1.235   62.78648 -173.49996     7.0700    31.1016    1474.08  0.000e+00
      1.235   62.78648 -173.49996     7.0686    31.1025    1474.07  0.000e+00
      1.235   62.78648 -173.49996     7.0668    31.1029    1474.07  0.000e+00
      1.234   62.78648 -173.49996     7.0676    31.1016    1474.07  0.000e+00
      1.180   62.78648 -173.49996     7.0681    31.1013    1474.07  0.000e+00
      1.234   62.78648 -173.49996     7.0652    31.1023    1474.06  0.000e+00
      1.234   62.78648 -173.49996     7.0620    31.1036    1474.05  0.000e+00
      1.180   62.78648 -173.49996     7.0596    31.1041    1474.04  0.000e+00
      1.180   62.78648 -173.49996     7.0586    31.1040    1474.03  0.000e+00
      1.234   62.78648 -173.49996     7.0590    31.1037    1474.04  0.000e+00
