EcoFOCI/data/1_SampleCollection/2023_SikuliaqDBO_CruiseData/CTD_raw_BottleFile_SKQ23-12S/proc/skq202312s_080avg.cnv
* Sea-Bird SBE 9 Data File:
* FileName = D:\CTD\SKQ202312S\SKQ202312S_080.hex
* Software Version Seasave V 7.26.7.121
* Temperature SN = 6177
* Conductivity SN = 0369
* Number of Bytes Per Scan = 41
* Number of Voltage Words = 4
* Number of Scans Averaged by the Deck Unit = 1
* NMEA Latitude = 65 42.89 N
* NMEA Longitude = 168 33.35 W
* NMEA UTC (Time) = Oct 03 2023  08:21:36
* NMEA baud rate = 4800
** Ship: R/V Sikuliaq
** Station Number: 080
** Station Name: BS5
** Bottom Depth: 52
** Operator: SD
# nquan = 25
# nvalues = 46                          
# units = specified
# name 0 = depSM: Depth [salt water, m]
# name 1 = latitude: Latitude [deg]
# name 2 = longitude: Longitude [deg]
# name 3 = prDM: Pressure, Digiquartz [db]
# name 4 = t090C: Temperature [ITS-90, deg C]
# name 5 = t190C: Temperature, 2 [ITS-90, deg C]
# name 6 = potemp090C: Potential Temperature [ITS-90, deg C]
# name 7 = sal00: Salinity, Practical [PSU]
# name 8 = sal11: Salinity, Practical, 2 [PSU]
# name 9 = density00: Density [density, kg/m^3]
# name 10 = sigma-é00: Density [sigma-theta, kg/m^3]
# name 11 = sbox0Mm/Kg: Oxygen, SBE 43 [umol/kg]
# name 12 = sbox1Mm/Kg: Oxygen, SBE 43, 2 [umol/kg]
# name 13 = oxsolMm/Kg: Oxygen Saturation, Garcia & Gordon [umol/kg]
# name 14 = sbeox0PS: Oxygen, SBE 43 [% saturation]
# name 15 = sbeox1PS: Oxygen, SBE 43, 2 [% saturation]
# name 16 = v0: Voltage 0
# name 17 = flECO-AFL: Fluorescence, WET Labs ECO-AFL/FL [mg/m^3]
# name 18 = v1: Voltage 1
# name 19 = CStarAt0: Beam Attenuation, WET Labs C-Star [1/m]
# name 20 = par: PAR/Irradiance, Biospherical/Licor
# name 21 = scan: Scan Count
# name 22 = timeM: Time, Elapsed [minutes]
# name 23 = nbin: number of scans per bin
# name 24 = flag: flag
# span 0 =      2.971,     47.521       
# span 1 =   65.71490,   65.71494       
# span 2 = -168.55593, -168.55572       
# span 3 =      3.000,     48.000       
# span 4 =     2.8350,     6.5573       
# span 5 =     2.8359,     6.5540       
# span 6 =     2.8324,     6.5562       
# span 7 =    26.3355,    32.7157       
# span 8 =    26.3574,    32.7271       
# span 9 =  1020.7351,  1026.3015       
# span 10 =    20.6931,    26.0760      
# span 11 =    251.745,    291.800      
# span 12 =    245.589,    281.293      
# span 13 =  304.29909,  329.54926      
# span 14 =     76.396,     91.606      
# span 15 =     74.536,     88.346      
# span 16 =     0.1169,     0.3530      
# span 17 =     0.3531,     1.7699      
# span 18 =     3.6639,     4.0256      
# span 19 =     0.6302,     1.0069      
# span 20 = -1.094e-04, 2.4910e-01      
# span 21 =        227,       3494      
# span 22 =     0.1571,     2.4257      
# span 23 =         33,        375      
# span 24 = 0.0000e+00, 0.0000e+00      
# interval = decibars: 1                
# start_time = Oct 03 2023 08:24:18 [NMEA time, first data scan]
# bad_flag = -9.990e-29
*END*
      2.971   65.71490 -168.55593      3.000     6.2062     6.2079     6.2060    26.4094    26.4289  1020.7644    20.7504    291.034    279.922  318.43408     91.395     87.922     0.2621     1.2244     3.6950     0.9730 2.4910e-01        227     0.1571        375 0.0000e+00
      3.960   65.71492 -168.55590      4.000     6.2046     6.2067     6.2043    26.3808    26.4042  1020.7467    20.7281    291.023    280.560  318.51359     91.369     88.104     0.2553     1.1836     3.6943     0.9738 1.1841e-01        562     0.3894         76 0.0000e+00
      4.951   65.71492 -168.55590      5.000     6.2052     6.2068     6.2049    26.3854    26.4038  1020.7550    20.7317    291.398    280.501  318.49775     91.491     88.085     0.2627     1.2285     3.6904     0.9781 6.3611e-02        623     0.4319        114 0.0000e+00
      5.941   65.71492 -168.55588      6.000     6.2052     6.2063     6.2048    26.3869    26.3998  1020.7608    20.7328    291.593    280.404  318.49422     91.553     88.051     0.2652     1.2433     3.6916     0.9766 1.0542e-02        698     0.4841         40 0.0000e+00
      6.931   65.71492 -168.55588      7.000     6.2021     6.2025     6.2016    26.3768    26.3868  1020.7578    20.7252    291.563    280.907  318.54166     91.530     88.193     0.2677     1.2584     3.6936     0.9745 1.9144e-03        747     0.5184         72 0.0000e+00
      7.921   65.71492 -168.55588      8.000     6.2018     6.2038     6.2012    26.3470    26.3822  1020.7391    20.7018    291.800    280.799  318.61394     91.584     88.158     0.2740     1.2960     3.6804     0.9890 -1.094e-04        827     0.5738         53 0.0000e+00
      8.911   65.71492 -168.55588      9.000     6.1978     6.2000     6.1971    26.3355    26.3574  1020.7351    20.6931    291.612    281.293  318.67146     91.509     88.289     0.2585     1.2027     3.6867     0.9820 2.5364e-07        860     0.5963         33 0.0000e+00
      9.901   65.71492 -168.55586     10.000     6.2526     6.2487     6.2518    26.9799    26.9021  1021.2413    21.1948    290.160    280.022  316.74887     91.606     88.346     0.2700     1.2720     3.7273     0.9382 1.2644e-08        910     0.6316         71 0.0000e+00
     10.891   65.71492 -168.55586     11.000     6.3303     6.3553     6.3295    28.0653    28.1435  1022.0919    22.0408    286.259    276.058  313.66847     91.260     88.110     0.2640     1.2361     3.7573     0.9061 1.0000e-12        973     0.6752         40 0.0000e+00
     11.881   65.71492 -168.55586     12.000     6.5201     6.5202     6.5192    30.3795    30.3504  1023.8969    23.8415    280.824    270.107  306.97576     91.481     87.971     0.2126     0.9277     3.9350     0.7221 1.0000e-12       1008     0.6991         39 0.0000e+00
     12.871   65.71492 -168.55586     13.000     6.5573     6.5540     6.5562    31.1086    31.0857  1024.4713    24.4113    275.851    266.989  305.06627     90.421     87.496     0.1683     0.6619     4.0116     0.6441 5.1849e-07       1052     0.7299         49 0.0000e+00
     13.862   65.71492 -168.55584     14.000     6.5525     6.5533     6.5513    31.4297    31.4399  1024.7295    24.6650    263.440    256.263  304.37802     86.550     84.200     0.1559     0.5873     3.9709     0.6849 1.1335e-06       1099     0.7627         45 0.0000e+00
     14.852   65.71492 -168.55584     15.000     6.5517     6.5524     6.5504    31.4594    31.4700  1024.7577    24.6885    257.702    249.467  304.31735     84.682     81.984     0.1530     0.5700     3.9659     0.6899 1.0141e-06       1149     0.7969         50 0.0000e+00
     15.842   65.71492 -168.55584     16.000     6.5479     6.5479     6.5465    31.4795    31.4901  1024.7786    24.7048    256.839    250.028  304.29909     84.404     82.172     0.1385     0.4828     3.9624     0.6935 1.5109e-06       1191     0.8265         39 0.0000e+00
     16.832   65.71492 -168.55584     17.000     6.5079     6.5051     6.5065    31.4994    31.5123  1024.8039    24.7255    257.014    250.370  304.53599     84.395     82.216     0.1372     0.4749     3.9614     0.6944 1.1945e-06       1239     0.8599         57 0.0000e+00
     17.822   65.71492 -168.55582     18.000     6.2959     6.2932     6.2944    31.5971    31.6113  1024.9119    24.8288    258.013    251.141  305.81839     84.368     82.124     0.1402     0.4935     3.9626     0.6933 9.1633e-07       1293     0.8975         46 0.0000e+00
     18.812   65.71492 -168.55582     19.000     6.1583     6.1547     6.1568    31.6617    31.6772  1024.9844    24.8967    259.015    251.892  306.65312     84.465     82.145     0.1366     0.4717     3.9723     0.6835 1.1793e-06       1337     0.9281         43 0.0000e+00
     19.802   65.71492 -168.55582     20.000     5.6589     5.6457     5.6574    31.7938    31.8153  1025.1528    25.0601    264.284    256.239  309.96221     85.263     82.655     0.1302     0.4335     3.9864     0.6693 1.5423e-06       1388     0.9634         55 0.0000e+00
     20.792   65.71492 -168.55582     21.000     5.2355     5.2194     5.2340    31.8720    31.9016  1025.2678    25.1704    267.799    257.064  312.89086     85.587     82.144     0.1262     0.4097     3.9896     0.6661 1.8766e-06       1440     0.9990         41 0.0000e+00
     21.782   65.71492 -168.55582     22.000     4.8942     4.8854     4.8927    31.9268    31.9512  1025.3534    25.2511    274.570    262.291  315.31174     87.079     83.182     0.1213     0.3800     4.0207     0.6351 1.9700e-06       1480     1.0271         43 0.0000e+00
     22.772   65.71492 -168.55580     23.000     4.5240     4.5165     4.5224    32.0158    32.0374  1025.4677    25.3606    278.507    267.115  317.90882     87.605     84.020     0.1222     0.3850     4.0167     0.6390 2.4522e-06       1524     1.0575         48 0.0000e+00
     23.762   65.71492 -168.55580     24.000     4.3725     4.3715     4.3709    32.0416    32.0572  1025.5085    25.3966    282.288    270.809  319.00685     88.490     84.899     0.1224     0.3862     4.0245     0.6312 1.4204e-06       1579     1.0957         52 0.0000e+00
     24.752   65.71492 -168.55580     25.000     4.2494     4.2457     4.2477    32.0589    32.0777  1025.5395    25.4228    284.536    274.853  319.91383     88.941     85.919     0.1224     0.3865     4.0256     0.6302 1.7484e-06       1625     1.1276         39 0.0000e+00
     25.742   65.71492 -168.55580     26.000     4.1875     4.1857     4.1858    32.0738    32.0917  1025.5621    25.4408    284.592    276.687  320.35673     88.836     86.376     0.1169     0.3531     4.0238     0.6319 9.7435e-07       1664     1.1550         45 0.0000e+00
     26.732   65.71493 -168.55580     27.000     4.0993     4.0971     4.0976    32.0938    32.1111  1025.5914    25.4654    284.737    277.103  320.99270     88.705     86.334     0.1198     0.3711     4.0226     0.6331 1.2611e-06       1716     1.1913         54 0.0000e+00
     27.722   65.71494 -168.55579     28.000     4.0410     4.0399     4.0392    32.1217    32.1362  1025.6240    25.4933    284.650    276.487  321.37905     88.571     86.038     0.1184     0.3622     4.0229     0.6328 1.3055e-06       1764     1.2244         39 0.0000e+00
     28.712   65.71494 -168.55578     29.000     3.5634     3.5368     3.5617    32.4187    32.4697  1025.9103    25.7746    287.440    278.911  324.41896     88.602     85.950     0.1181     0.3608     4.0005     0.6553 1.8216e-06       1804     1.2521         42 0.0000e+00
     29.702   65.71494 -168.55578     30.000     3.0690     3.0619     3.0673    32.6082    32.6350  1026.1110    25.9703    282.332    274.874  327.90160     86.103     83.831     0.1254     0.4044     3.9220     0.7345 1.1096e-06       1853     1.2859         53 0.0000e+00
     30.692   65.71494 -168.55578     31.000     3.0087     3.0069     3.0070    32.6264    32.6453  1026.1355    25.9900    271.542    260.250  328.34459     82.700     79.269     0.1455     0.5247     3.8743     0.7834 1.0861e-06       1898     1.3173         39 0.0000e+00
     31.682   65.71494 -168.55578     32.000     2.9922     2.9915     2.9904    32.6302    32.6474  1026.1447    25.9945    263.418    254.101  328.46908     80.196     77.368     0.1791     0.7265     3.8443     0.8146 3.8939e-07       1939     1.3460         47 0.0000e+00
     32.672   65.71494 -168.55578     33.000     2.9728     2.9722     2.9709    32.6367    32.6535  1026.1562    26.0013    260.382    253.629  328.61066     79.237     77.191     0.1980     0.8400     3.8216     0.8382 1.3677e-07       1996     1.3852         59 0.0000e+00
     33.662   65.71494 -168.55578     34.000     2.9527     2.9521     2.9508    32.6459    32.6620  1026.1700    26.0104    260.367    253.474  328.75075     79.199     77.110     0.2181     0.9607     3.8114     0.8490 -5.129e-09       2043     1.4182         34 0.0000e+00
     34.652   65.71494 -168.55577     35.000     2.9396     2.9394     2.9376    32.6500    32.6651  1026.1791    26.0148    260.159    253.361  328.84705     79.113     77.054     0.2193     0.9678     3.7976     0.8634 4.1823e-07       2078     1.4424         40 0.0000e+00
     35.642   65.71494 -168.55576     36.000     2.9218     2.9208     2.9198    32.6513    32.6672  1026.1864    26.0173    260.009    252.542  328.98890     79.033     76.770     0.2938     1.4148     3.8123     0.8480 -1.238e-08       2132     1.4799         62 0.0000e+00
     36.632   65.71494 -168.55576     37.000     2.8933     2.8917     2.8912    32.6606    32.6769  1026.2009    26.0272    259.539    252.273  329.19757     78.840     76.639     0.3394     1.6881     3.8203     0.8396 2.2698e-07       2180     1.5129         37 0.0000e+00
     37.622   65.71494 -168.55576     38.000     2.8699     2.8700     2.8678    32.6742    32.6887  1026.2185    26.0400    259.287    251.865  329.35399     78.726     76.481     0.2147     0.9401     3.7992     0.8618 1.3311e-08       2220     1.5407         47 0.0000e+00
     38.612   65.71494 -168.55576     39.000     2.8617     2.8625     2.8595    32.6790    32.6923  1026.2277    26.0445    258.466    251.197  329.40934     78.464     76.266     0.2575     1.1971     3.7630     0.9000 1.0758e-07       2298     1.5950         86 0.0000e+00
     39.602   65.71494 -168.55576     40.000     2.8561     2.8576     2.8539    32.6821    32.6946  1026.2354    26.0475    257.735    250.258  329.44677     78.233     75.973     0.2699     1.2714     3.7522     0.9116 -8.452e-09       2403     1.6679        117 0.0000e+00
     40.592   65.71494 -168.55574     41.000     2.8497     2.8523     2.8474    32.6866    32.6984  1026.2443    26.0517    257.357    249.590  329.48799     78.108     75.762     0.2757     1.3064     3.7529     0.9108 8.0648e-08       2532     1.7574        120 0.0000e+00
     41.582   65.71494 -168.55574     42.000     2.8465     2.8480     2.8442    32.6901    32.7019  1026.2520    26.0547    256.092    249.120  329.50512     77.720     75.614     0.2847     1.3600     3.7496     0.9143 9.0389e-08       2685     1.8640        272 0.0000e+00
     42.572   65.71494 -168.55574     43.000     2.8431     2.8435     2.8407    32.6937    32.7056  1026.2598    26.0579    254.903    247.988  329.52430     77.355     75.264     0.2576     1.1977     3.7610     0.9021 6.8511e-08       2997     2.0805        124 0.0000e+00
     43.562   65.71494 -168.55573     44.000     2.8386     2.8395     2.8362    32.7002    32.7118  1026.2701    26.0634    254.602    247.748  329.54430     77.259     75.187     0.2353     1.0639     3.7617     0.9014 4.1485e-07       3080     2.1385         40 0.0000e+00
     44.552   65.71494 -168.55574     45.000     2.8373     2.8388     2.8348    32.7026    32.7136  1026.2768    26.0655    253.860    246.279  329.54926     77.032     74.741     0.2713     1.2796     3.7390     0.9256 5.6671e-08       3161     2.1943        104 0.0000e+00
     45.542   65.71494 -168.55573     46.000     2.8351     2.8361     2.8326    32.7103    32.7227  1026.2879    26.0718    253.800    246.657  329.54722     77.015     74.856     0.2656     1.2457     3.7068     0.9604 5.7888e-09       3239     2.2487         72 0.0000e+00
     46.532   65.71494 -168.55572     47.000     2.8350     2.8359     2.8324    32.7146    32.7255  1026.2960    26.0753    252.917    245.646  329.53769     76.749     74.551     0.3049     1.4815     3.6639     1.0069 1.0000e-12       3345     2.3225         88 0.0000e+00
     47.521   65.71494 -168.55572     48.000     2.8363     2.8372     2.8337    32.7157    32.7271  1026.3015    26.0760    251.745    245.589  329.52408     76.396     74.536     0.3530     1.7699     3.6680     1.0023 1.0000e-12       3494     2.4257         85 0.0000e+00
