EcoFOCI/data/1_SampleCollection/2023_SikuliaqDBO_CruiseData/CTD_raw_BottleFile_SKQ23-12S/proc/skq202312s_021.cnv
* Sea-Bird SBE 9 Data File:
* FileName = D:\CTD\SKQ202312S\SKQ202312S_021.hex
* Software Version Seasave V 7.26.7.121
* Temperature SN = 6177
* Conductivity SN = 0369
* Number of Bytes Per Scan = 41
* Number of Voltage Words = 4
* Number of Scans Averaged by the Deck Unit = 1
* NMEA Latitude = 64 59.46 N
* NMEA Longitude = 169 08.29 W
* NMEA UTC (Time) = Sep 18 2023  02:53:31
* NMEA baud rate = 4800
** Ship: R/V Sikuliaq
** Station Number: 021
** Station Name: DBO2.5
** Bottom Depth: 48
** Operator: SS
# nquan = 24
# nvalues = 4195                                  
# units = specified
# name 0 = depSM: Depth [salt water, m]
# name 1 = latitude: Latitude [deg]
# name 2 = longitude: Longitude [deg]
# name 3 = prDM: Pressure, Digiquartz [db]
# name 4 = t090C: Temperature [ITS-90, deg C]
# name 5 = t190C: Temperature, 2 [ITS-90, deg C]
# name 6 = potemp090C: Potential Temperature [ITS-90, deg C]
# name 7 = sal00: Salinity, Practical [PSU]
# name 8 = sal11: Salinity, Practical, 2 [PSU]
# name 9 = density00: Density [density, kg/m^3]
# name 10 = sigma-é00: Density [sigma-theta, kg/m^3]
# name 11 = sbox0Mm/Kg: Oxygen, SBE 43 [umol/kg]
# name 12 = sbox1Mm/Kg: Oxygen, SBE 43, 2 [umol/kg]
# name 13 = oxsolMm/Kg: Oxygen Saturation, Garcia & Gordon [umol/kg]
# name 14 = sbeox0PS: Oxygen, SBE 43 [% saturation]
# name 15 = sbeox1PS: Oxygen, SBE 43, 2 [% saturation]
# name 16 = v0: Voltage 0
# name 17 = flECO-AFL: Fluorescence, WET Labs ECO-AFL/FL [mg/m^3]
# name 18 = v1: Voltage 1
# name 19 = CStarAt0: Beam Attenuation, WET Labs C-Star [1/m]
# name 20 = par: PAR/Irradiance, Biospherical/Licor
# name 21 = scan: Scan Count
# name 22 = timeM: Time, Elapsed [minutes]
# name 23 = flag:  0.000e+00
# span 0 =      1.605,     43.174                 
# span 1 =   64.99128,   64.99152                 
# span 2 = -169.13860, -169.13846                 
# span 3 =      1.621,     43.606                 
# span 4 =     1.9257,     3.2703                 
# span 5 =     1.9261,     3.2712                 
# span 6 =     1.9256,     3.2684                 
# span 7 =    32.0542,    32.8614                 
# span 8 =    32.2122,    32.8725                 
# span 9 =  1025.6193,  1026.3740                 
# span 10 =    25.6097,    26.1699                
# span 11 =    257.095,    312.645                
# span 12 =    246.532,    301.137                
# span 13 =  325.87922,  338.43836                
# span 14 =     78.695,     92.447                
# span 15 =     75.305,     89.019                
# span 16 =     0.1184,     0.3346                
# span 17 =     0.3626,     1.6593                
# span 18 =     3.5067,     3.9341                
# span 19 =     0.7222,     1.1823                
# span 20 = 3.7477e-01, 1.3224e+02                
# span 21 =          1,       4195                
# span 22 =     0.0000,     2.9125                
# span 23 = 0.0000e+00, 0.0000e+00                
# interval = seconds: 0.0416667
# start_time = Sep 18 2023 02:57:41 [NMEA time, first data scan]
# bad_flag = -9.990e-29
*END*
[from data line 1450]
      8.949   64.99138 -169.13848      9.038     2.8407     2.8727     2.8402    32.5889    32.6023  1026.0168    25.9743    273.857    261.633  329.80619     83.036     79.400     0.1844     0.7582     3.8913     0.7659 3.6711e+01       1451     1.0069  0.000e+00
      8.972   64.99138 -169.13848      9.061     2.8420     2.8674     2.8415    32.5870    32.5992  1026.0152    25.9727    274.089    261.932  329.80049     83.108     79.479     0.1856     0.7656     3.8913     0.7659 3.6711e+01       1452     1.0076  0.000e+00
      8.918   64.99138 -169.13848      9.007     2.8435     2.8620     2.8430    32.5904    32.5993  1026.0175    25.9752    273.910    261.860  329.77933     83.059     79.446     0.1844     0.7582     3.8913     0.7659 3.6711e+01       1453     1.0083  0.000e+00
      8.918   64.99138 -169.13848      9.007     2.8453     2.8558     2.8448    32.5910    32.6012  1026.0179    25.9756    273.928    261.968  329.76321     83.068     79.468     0.1856     0.7656     3.8913     0.7659 3.6711e+01       1454     1.0090  0.000e+00
      8.918   64.99138 -169.13848      9.007     2.8427     2.8517     2.8422    32.5890    32.6057  1026.0165    25.9742    273.991    262.035  329.78932     83.081     79.483     0.1844     0.7582     3.8913     0.7659 3.6814e+01       1455     1.0097  0.000e+00
      8.972   64.99138 -169.13848      9.061     2.8387     2.8502     2.8382    32.5908    32.6143  1026.0186    25.9760    274.068    262.080  329.81810     83.097     79.499     0.1856     0.7656     3.8913     0.7659 3.6814e+01       1456     1.0104  0.000e+00
      8.918   64.99138 -169.13848      9.007     2.8344     2.8498     2.8339    32.5911    32.6229  1026.0189    25.9765    274.115    262.116  329.85209     83.102     79.514     0.1844     0.7582     3.8913     0.7659 3.6814e+01       1457     1.0111  0.000e+00
      8.918   64.99138 -169.13848      9.007     2.8294     2.8460     2.8289    32.5876    32.6235  1026.0165    25.9742    273.748    262.174  329.90173     82.979     79.525     0.1856     0.7656     3.8913     0.7659 3.6918e+01       1458     1.0118  0.000e+00
      8.918   64.99138 -169.13848      9.007     2.8236     2.8373     2.8231    32.5839    32.6128  1026.0140    25.9717    273.944    262.316  329.95834     83.024     79.544     0.1844     0.7582     3.8913     0.7659 3.6918e+01       1459     1.0125  0.000e+00
      8.949   64.99138 -169.13848      9.038     2.8160     2.8334     2.8155    32.5857    32.5939  1026.0163    25.9738    274.003    262.443  330.01669     83.027     79.563     0.1844     0.7582     3.8913     0.7659 3.6918e+01       1460     1.0132  0.000e+00
      8.918   64.99138 -169.13848      9.007     2.8085     2.8281     2.8080    32.5888    32.5858  1026.0192    25.9768    274.027    262.536  330.06961     83.021     79.576     0.1832     0.7509     3.8901     0.7671 3.6918e+01       1461     1.0139  0.000e+00
      8.918   64.99138 -169.13848      9.007     2.8031     2.8204     2.8026    32.5905    32.5895  1026.0210    25.9787    274.045    262.649  330.11019     83.016     79.598     0.1844     0.7582     3.8889     0.7684 3.7023e+01       1462     1.0146  0.000e+00
      8.918   64.99138 -169.13848      9.007     2.7993     2.8155     2.7988    32.5908    32.5928  1026.0216    25.9793    274.059    262.723  330.14048     83.013     79.612     0.1856     0.7656     3.8889     0.7684 3.7023e+01       1463     1.0153  0.000e+00
      8.918   64.99138 -169.13848      9.007     2.7966     2.8123     2.7961    32.5914    32.5926  1026.0222    25.9799    273.851    262.791  330.16068     82.945     79.627     0.1856     0.7656     3.8889     0.7684 3.7023e+01       1464     1.0160  0.000e+00
      8.972   64.99138 -169.13848      9.061     2.7969     2.8107     2.7964    32.5897    32.5908  1026.0212    25.9786    273.817    262.857  330.16208     82.934     79.642     0.1856     0.7656     3.8889     0.7684 3.7127e+01       1465     1.0167  0.000e+00
      8.918   64.99138 -169.13848      9.007     2.7971     2.8075     2.7966    32.5902    32.5918  1026.0213    25.9789    273.783    262.901  330.15968     82.924     79.650     0.1844     0.7582     3.8889     0.7684 3.7127e+01       1466     1.0174  0.000e+00
      8.918   64.99138 -169.13848      9.007     2.7987     2.8043     2.7982    32.5906    32.5956  1026.0215    25.9791    273.530    262.945  330.14594     82.851     79.659     0.1856     0.7656     3.8889     0.7684 3.7127e+01       1467     1.0181  0.000e+00
      8.918   64.99138 -169.13848      9.007     2.8015     2.8062     2.8010    32.5911    32.5996  1026.0216    25.9793    273.422    262.950  330.12139     82.825     79.667     0.1844     0.7582     3.8889     0.7684 3.7127e+01       1468     1.0188  0.000e+00
      8.949   64.99138 -169.13848      9.038     2.8037     2.8172     2.8032    32.5919    32.6027  1026.0223    25.9798    273.363    262.869  330.10123     82.812     79.666     0.1856     0.7656     3.8889     0.7684 3.7127e+01       1469     1.0194  0.000e+00
      8.918   64.99138 -169.13848      9.007     2.8057     2.8332     2.8053    32.5927    32.6017  1026.0226    25.9802    273.276    262.780  330.08251     82.790     79.670     0.1844     0.7582     3.8889     0.7684 3.7127e+01       1470     1.0201  0.000e+00
      8.918   64.99138 -169.13848      9.007     2.8063     2.8471     2.8058    32.5926    32.6026  1026.0224    25.9801    272.992    262.706  330.07796     82.705     79.676     0.1856     0.7656     3.8889     0.7684 3.7232e+01       1471     1.0208  0.000e+00
      8.918   64.99138 -169.13848      9.007     2.8056     2.8545     2.8051    32.5907    32.6073  1026.0210    25.9786    272.913    262.477  330.08888     82.679     79.624     0.1856     0.7656     3.8889     0.7684 3.7232e+01       1472     1.0215  0.000e+00
      8.918   64.99138 -169.13848      9.007     2.8035     2.8600     2.8031    32.5883    32.6070  1026.0192    25.9769    272.855    262.424  330.11172     82.655     79.618     0.1844     0.7582     3.8889     0.7684 3.7232e+01       1473     1.0222  0.000e+00
      8.918   64.99138 -169.13848      9.007     2.8020     2.8614     2.8015    32.5850    32.6039  1026.0167    25.9744    272.803    262.407  330.13275     82.634     79.614     0.1856     0.7656     3.8889     0.7684 3.7337e+01       1474     1.0229  0.000e+00
      8.918   64.99138 -169.13848      9.007     2.8009     2.8535     2.8004    32.5839    32.6026  1026.0159    25.9736    272.534    262.260  330.14478     82.550     79.553     0.1844     0.7582     3.8889     0.7684 3.7337e+01       1475     1.0236  0.000e+00
      8.972   64.99138 -169.13848      9.061     2.8018     2.8387     2.8013    32.5840    32.6020  1026.0162    25.9736    272.442    262.533  330.13657     82.524     79.606     0.1929     0.8095     3.8889     0.7684 3.7337e+01       1476     1.0243  0.000e+00
      8.918   64.99138 -169.13848      9.006     2.8054     2.8231     2.8049    32.5849    32.6022  1026.0164    25.9740    272.116    262.636  330.10478     82.433     79.607     0.2076     0.8974     3.8889     0.7684 3.7337e+01       1477     1.0250  0.000e+00
      8.949   64.99138 -169.13848      9.038     2.8073     2.8105     2.8068    32.5860    32.6048  1026.0173    25.9748    272.000    262.520  330.08654     82.403     79.548     0.2125     0.9267     3.8889     0.7684 3.7232e+01       1478     1.0257  0.000e+00
      8.918   64.99138 -169.13848      9.006     2.8046     2.8097     2.8041    32.5831    32.6014  1026.0150    25.9727    271.938    262.698  330.11580     82.376     79.598     0.2112     0.9194     3.8889     0.7684 3.7232e+01       1479     1.0264  0.000e+00
      8.918   64.99138 -169.13848      9.006     2.7977     2.8163     2.7973    32.5811    32.5958  1026.0140    25.9717    272.136    262.460  330.17712     82.421     79.536     0.2125     0.9267     3.8889     0.7684 3.7337e+01       1480     1.0271  0.000e+00
      8.972   64.99138 -169.13848      9.061     2.7935     2.8167     2.7930    32.5806    32.5935  1026.0142    25.9716    271.704    262.436  330.21327     82.281     79.528     0.2125     0.9267     3.8877     0.7696 3.7232e+01       1481     1.0278  0.000e+00
      8.918   64.99138 -169.13848      9.006     2.7954     2.8107     2.7949    32.5800    32.5892  1026.0133    25.9709    271.601    262.267  330.19936     82.254     79.463     0.2112     0.9194     3.8864     0.7709 3.7232e+01       1482     1.0285  0.000e+00
      8.972   64.99138 -169.13848      9.061     2.7981     2.7983     2.7976    32.5799    32.5868  1026.0133    25.9707    271.507    262.295  330.17751     82.231     79.445     0.2125     0.9267     3.8852     0.7722 3.7232e+01       1483     1.0292  0.000e+00
      8.918   64.99138 -169.13848      9.006     2.7995     2.7848     2.7990    32.5824    32.5867  1026.0149    25.9725    271.391    262.350  330.15984     82.200     79.435     0.2112     0.9194     3.8852     0.7722 3.7127e+01       1484     1.0299  0.000e+00
      8.972   64.99138 -169.13848      9.061     2.8015     2.7772     2.8010    32.5843    32.5855  1026.0165    25.9739    271.069    262.370  330.13828     82.108     79.426     0.2125     0.9267     3.8852     0.7722 3.7127e+01       1485     1.0306  0.000e+00
      8.918   64.99138 -169.13848      9.006     2.8051     2.7728     2.8046    32.5845    32.5837  1026.0161    25.9737    270.968    262.343  330.10842     82.084     79.408     0.2112     0.9194     3.8852     0.7722 3.7127e+01       1486     1.0313  0.000e+00
      8.949   64.99138 -169.13848      9.038     2.8076     2.7696     2.8071    32.5900    32.5804  1026.0204    25.9779    270.845    262.119  330.07399     82.056     79.332     0.2112     0.9194     3.8852     0.7722 3.7127e+01       1487     1.0319  0.000e+00
      8.972   64.99138 -169.13848      9.061     2.8121     2.7660     2.8116    32.5985    32.5780  1026.0269    25.9844    270.495    262.072  330.01561     81.964     79.309     0.2112     0.9194     3.8864     0.7709 3.7023e+01       1488     1.0326  0.000e+00
      8.972   64.99138 -169.13848      9.061     2.8177     2.7619     2.8172    32.6087    32.5793  1026.0346    25.9920    270.368    262.023  329.94479     81.943     79.287     0.2112     0.9194     3.8852     0.7722 3.7023e+01       1489     1.0333  0.000e+00
      8.972   64.99138 -169.13848      9.061     2.8184     2.7599     2.8179    32.6233    32.5820  1026.0462    26.0036    270.465    261.763  329.90209     81.984     79.206     0.2100     0.9121     3.8864     0.7709 3.7023e+01       1490     1.0340  0.000e+00
      8.972   64.99138 -169.13848      9.061     2.8303     2.7585     2.8298    32.6263    32.5829  1026.0476    26.0050    270.115    261.679  329.79721     81.903     79.178     0.2112     0.9194     3.8852     0.7722 3.7023e+01       1491     1.0347  0.000e+00
      8.972   64.99138 -169.13848      9.061     2.8566     2.7543     2.8561    32.6140    32.5855  1026.0356    25.9930    269.924    261.639  329.61353     81.891     79.159     0.2125     0.9267     3.8852     0.7722 3.6918e+01       1492     1.0354  0.000e+00
      8.918   64.99138 -169.13848      9.006     2.8791     2.7571     2.8786    32.6035    32.5821  1026.0250    25.9827    269.517    261.344  329.45662     81.807     79.073     0.2112     0.9194     3.8864     0.7709 3.6918e+01       1493     1.0361  0.000e+00
      9.034   64.99138 -169.13848      9.123     2.8924     2.7663     2.8919    32.5970    32.5730  1026.0192    25.9764    269.375    261.221  329.36386     81.787     79.049     0.2125     0.9267     3.8852     0.7722 3.6918e+01       1494     1.0368  0.000e+00
      8.972   64.99138 -169.13848      9.061     2.8929     2.7747     2.8924    32.5995    32.5632  1026.0209    25.9783    269.103    261.081  329.35380     81.706     79.017     0.2112     0.9194     3.8864     0.7709 3.6918e+01       1495     1.0375  0.000e+00
      9.003   64.99138 -169.13848      9.092     2.8895     2.7792     2.8890    32.6030    32.5542  1026.0241    25.9814    269.061    261.000  329.37290     81.689     78.996     0.2125     0.9267     3.8864     0.7709 3.6918e+01       1496     1.0382  0.000e+00
      8.972   64.99138 -169.13848      9.061     2.8911     2.7811     2.8906    32.5999    32.5474  1026.0214    25.9788    269.010    260.937  329.36706     81.675     78.976     0.2112     0.9194     3.8852     0.7722 3.6918e+01       1497     1.0389  0.000e+00
      9.033   64.99138 -169.13848      9.123     2.8955     2.7750     2.8950    32.5933    32.5502  1026.0160    25.9731    268.967    260.725  329.34792     81.667     78.902     0.2112     0.9194     3.8864     0.7709 3.6918e+01       1498     1.0396  0.000e+00
      9.033   64.99138 -169.13848      9.123     2.9000     2.7593     2.8995    32.5867    32.5634  1026.0104    25.9675    268.903    260.740  329.32808     81.652     78.884     0.2112     0.9194     3.8852     0.7722 3.6918e+01       1499     1.0403  0.000e+00
      9.033   64.99138 -169.13848      9.123     2.9049     2.7495     2.9044    32.5790    32.5705  1026.0038    25.9610    268.853    260.731  329.30706     81.642     78.866     0.2112     0.9194     3.8852     0.7722 3.6918e+01       1500     1.0410  0.000e+00
      9.033   64.99138 -169.13848      9.123     2.9098     2.7448     2.9093    32.5720    32.5725  1025.9978    25.9549    268.854    260.725  329.28452     81.648     78.857     0.2112     0.9194     3.8864     0.7709 3.6918e+01       1501     1.0417  0.000e+00
      9.033   64.99138 -169.13848      9.123     2.9097     2.7402     2.9092    32.5692    32.5772  1025.9955    25.9527    268.648    260.502  329.29287     81.583     78.783     0.1954     0.8242     3.8889     0.7684 3.6814e+01       1502     1.0424  0.000e+00
      9.087   64.99138 -169.13848      9.178     2.9020     2.7366     2.9015    32.5715    32.5819  1025.9984    25.9552    268.688    260.454  329.34938     81.582     78.764     0.1880     0.7802     3.8901     0.7671 3.6814e+01       1503     1.0431  0.000e+00
      8.972   64.99138 -169.13848      9.061     2.8945     2.7370     2.8939    32.5725    32.5833  1025.9992    25.9567    268.743    260.385  329.40851     81.583     78.745     0.1856     0.7656     3.8913     0.7659 3.6814e+01       1504     1.0438  0.000e+00
      9.118   64.99138 -169.13848      9.209     2.8889     2.7386     2.8884    32.5730    32.5863  1026.0007    25.9575    268.810    260.320  329.45253     81.593     78.730     0.1868     0.7729     3.8913     0.7659 3.6711e+01       1505     1.0444  0.000e+00
      9.087   64.99138 -169.13848      9.178     2.8808     2.7433     2.8803    32.5760    32.5883  1026.0037    25.9606    268.902    260.238  329.51149     81.606     78.716     0.1868     0.7729     3.8913     0.7659 3.6607e+01       1506     1.0451  0.000e+00
      9.033   64.99138 -169.13848      9.123     2.8701     2.7501     2.8696    32.5788    32.5885  1026.0066    25.9638    268.740    259.954  329.59138     81.537     78.643     0.1880     0.7802     3.8901     0.7671 3.6607e+01       1507     1.0458  0.000e+00
      9.149   64.99138 -169.13848      9.240     2.8577     2.7621     2.8571    32.5814    32.5907  1026.0103    25.9668    268.832    259.817  329.68664     81.542     78.626     0.1868     0.7729     3.8901     0.7671 3.6607e+01       1508     1.0465  0.000e+00
      9.033   64.99138 -169.13848      9.123     2.8465     2.7789     2.8460    32.5846    32.5955  1026.0132    25.9703    268.923    259.446  329.76926     81.549     78.550     0.1868     0.7729     3.8901     0.7671 3.6607e+01       1509     1.0472  0.000e+00
