EcoFOCI/data/1_SampleCollection/2023_SikuliaqDBO_CruiseData/CTD_raw_BottleFile_SKQ23-12S/proc/skq202312s_059.cnv
* Sea-Bird SBE 9 Data File:
* FileName = D:\CTD\SKQ202312S\SKQ202312S_059.hex
* Software Version Seasave V 7.26.7.121
* Temperature SN = 6177
* Conductivity SN = 0369
* Number of Bytes Per Scan = 41
* Number of Voltage Words = 4
* Number of Scans Averaged by the Deck Unit = 1
* NMEA Latitude = 71 13.10 N
* NMEA Longitude = 164 14.82 W
* NMEA UTC (Time) = Sep 27 2023  16:34:29
* NMEA baud rate = 4800
** Ship: R/V Sikuliaq
** Station Number: 059
** Station Name: C2
** Bottom Depth: 44
** Operator: SD
# nquan = 24
# nvalues = 4729                                  
# units = specified
# name 0 = depSM: Depth [salt water, m]
# name 1 = latitude: Latitude [deg]
# name 2 = longitude: Longitude [deg]
# name 3 = prDM: Pressure, Digiquartz [db]
# name 4 = t090C: Temperature [ITS-90, deg C]
# name 5 = t190C: Temperature, 2 [ITS-90, deg C]
# name 6 = potemp090C: Potential Temperature [ITS-90, deg C]
# name 7 = sal00: Salinity, Practical [PSU]
# name 8 = sal11: Salinity, Practical, 2 [PSU]
# name 9 = density00: Density [density, kg/m^3]
# name 10 = sigma-é00: Density [sigma-theta, kg/m^3]
# name 11 = sbox0Mm/Kg: Oxygen, SBE 43 [umol/kg]
# name 12 = sbox1Mm/Kg: Oxygen, SBE 43, 2 [umol/kg]
# name 13 = oxsolMm/Kg: Oxygen Saturation, Garcia & Gordon [umol/kg]
# name 14 = sbeox0PS: Oxygen, SBE 43 [% saturation]
# name 15 = sbeox1PS: Oxygen, SBE 43, 2 [% saturation]
# name 16 = v0: Voltage 0
# name 17 = flECO-AFL: Fluorescence, WET Labs ECO-AFL/FL [mg/m^3]
# name 18 = v1: Voltage 1
# name 19 = CStarAt0: Beam Attenuation, WET Labs C-Star [1/m]
# name 20 = par: PAR/Irradiance, Biospherical/Licor
# name 21 = scan: Scan Count
# name 22 = timeM: Time, Elapsed [minutes]
# name 23 = flag:  0.000e+00
# span 0 =      2.829,     39.103                 
# span 1 =   71.21830,   71.21832                 
# span 2 = -164.24722, -164.24706                 
# span 3 =      2.858,     39.510                 
# span 4 =    -1.0799,     4.3368                 
# span 5 =    -1.0798,     4.3438                 
# span 6 =    -1.0805,     4.3356                 
# span 7 =    30.9439,    32.4387                 
# span 8 =    30.9564,    32.4710                 
# span 9 =  1024.6493,  1026.2388                 
# span 10 =    24.6340,    26.0799                
# span 11 =    273.646,    395.251                
# span 12 =    262.269,    370.631                
# span 13 =  321.13438,  365.43801                
# span 14 =     74.912,    108.680                
# span 15 =     71.806,    101.626                
# span 16 =     0.0733,     0.1758                
# span 17 =     0.0916,     0.7069                
# span 18 =     2.1893,     4.2161                
# span 19 =     0.4451,     3.0676                
# span 20 = 1.0000e-12, 2.0955e+00                
# span 21 =          1,       4729                
# span 22 =     0.0000,     3.2833                
# span 23 = 0.0000e+00, 0.0000e+00                
# interval = seconds: 0.0416667
# start_time = Sep 27 2023 16:38:23 [NMEA time, first data scan]
# bad_flag = -9.990e-29
*END*
[from data line 2959]
     33.906   71.21832 -164.24714     34.259    -1.0562    -1.0052    -1.0570    32.4012    32.3950  1026.2140    26.0490    277.540    263.584  365.13734     76.010     72.283     0.1050     0.2820     3.2991     1.4264 1.0000e-12       2960     2.0549  0.000e+00
     33.860   71.21832 -164.24714     34.212    -1.0596    -1.0113    -1.0604    32.4018    32.3948  1026.2144    26.0497    277.772    263.443  365.16830     76.067     72.232     0.1050     0.2820     3.2991     1.4264 1.0000e-12       2961     2.0556  0.000e+00
     33.914   71.21832 -164.24712     34.266    -1.0622    -1.0269    -1.0629    32.4018    32.4048  1026.2148    26.0497    277.798    263.786  365.19349     76.069     72.302     0.1050     0.2820     3.3004     1.4250 1.0000e-12       2962     2.0562  0.000e+00
     33.906   71.21832 -164.24712     34.259    -1.0641    -1.0405    -1.0648    32.4023    32.4131  1026.2152    26.0502    277.817    263.694  365.21058     76.070     72.255     0.1062     0.2894     3.3004     1.4250 8.4714e-06       2963     2.0569  0.000e+00
     33.860   71.21832 -164.24712     34.212    -1.0657    -1.0447    -1.0664    32.4038    32.4131  1026.2162    26.0514    277.832    263.964  365.22191     76.072     72.321     0.1050     0.2820     3.2991     1.4264 1.0000e-12       2964     2.0576  0.000e+00
     33.914   71.21832 -164.24712     34.266    -1.0667    -1.0433    -1.0675    32.4039    32.4087  1026.2166    26.0516    277.851    264.007  365.23155     76.075     72.333     0.1062     0.2894     3.3004     1.4250 1.0000e-12       2965     2.0583  0.000e+00
     33.906   71.21832 -164.24712     34.258    -1.0677    -1.0454    -1.0684    32.4045    32.4094  1026.2171    26.0521    277.868    263.843  365.23936     76.078     72.284     0.1050     0.2820     3.3004     1.4250 8.4714e-06       2966     2.0590  0.000e+00
     33.914   71.21832 -164.24712     34.266    -1.0682    -1.0509    -1.0690    32.4049    32.4142  1026.2174    26.0524    277.884    263.863  365.24392     76.082     72.282     0.1062     0.2894     3.2991     1.4264 1.0000e-12       2967     2.0597  0.000e+00
     33.860   71.21832 -164.24712     34.212    -1.0688    -1.0537    -1.0695    32.4058    32.4160  1026.2179    26.0531    277.899    263.866  365.24640     76.085     72.278     0.1050     0.2820     3.3004     1.4250 1.0000e-12       2968     2.0604  0.000e+00
     33.906   71.21832 -164.24712     34.258    -1.0694    -1.0527    -1.0701    32.4068    32.4135  1026.2190    26.0540    277.919    263.852  365.24957     76.090     72.275     0.1050     0.2820     3.3016     1.4235 1.0000e-12       2969     2.0611  0.000e+00
     33.914   71.21832 -164.24712     34.266    -1.0696    -1.0527    -1.0704    32.4065    32.4123  1026.2188    26.0538    277.940    264.068  365.25258     76.095     72.333     0.1050     0.2820     3.3016     1.4235 1.0000e-12       2970     2.0618  0.000e+00
     33.906   71.21832 -164.24712     34.258    -1.0701    -1.0538    -1.0709    32.4050    32.4127  1026.2176    26.0526    277.968    264.095  365.26188     76.101     72.339     0.1050     0.2820     3.3016     1.4235 1.0000e-12       2971     2.0625  0.000e+00
     33.860   71.21832 -164.24712     34.212    -1.0705    -1.0557    -1.0713    32.4050    32.4142  1026.2173    26.0526    277.991    263.900  365.26593     76.107     72.283     0.1050     0.2820     3.3016     1.4235 1.0000e-12       2972     2.0632  0.000e+00
     33.914   71.21832 -164.24712     34.266    -1.0706    -1.0573    -1.0713    32.4051    32.4152  1026.2176    26.0526    278.018    263.903  365.26629     76.114     72.281     0.1050     0.2820     3.3016     1.4235 8.4714e-06       2973     2.0639  0.000e+00
     33.906   71.21832 -164.24712     34.258    -1.0705    -1.0580    -1.0713    32.4045    32.4156  1026.2172    26.0522    277.790    264.124  365.26724     76.051     72.340     0.1026     0.2674     3.3016     1.4235 1.0000e-12       2974     2.0646  0.000e+00
     33.860   71.21832 -164.24712     34.212    -1.0704    -1.0596    -1.0712    32.4040    32.4156  1026.2165    26.0518    278.024    264.157  365.26762     76.115     72.346     0.1026     0.2674     3.3016     1.4235 1.0000e-12       2975     2.0653  0.000e+00
     33.914   71.21832 -164.24712     34.266    -1.0704    -1.0617    -1.0712    32.4039    32.4172  1026.2167    26.0517    278.058    264.196  365.26784     76.125     72.354     0.1038     0.2747     3.3016     1.4235 1.0000e-12       2976     2.0660  0.000e+00
     33.906   71.21832 -164.24712     34.258    -1.0703    -1.0625    -1.0711    32.4034    32.4166  1026.2163    26.0513    278.092    264.224  365.26817     76.134     72.360     0.1026     0.2674     3.3016     1.4235 1.0000e-12       2977     2.0667  0.000e+00
     33.860   71.21832 -164.24712     34.212    -1.0703    -1.0642    -1.0711    32.4035    32.4176  1026.2161    26.0513    278.126    264.257  365.26809     76.143     72.366     0.1038     0.2747     3.3016     1.4235 1.0000e-12       2978     2.0674  0.000e+00
     33.914   71.21832 -164.24712     34.266    -1.0701    -1.0644    -1.0708    32.4033    32.4169  1026.2162    26.0512    278.164    264.059  365.26629     76.154     72.311     0.1026     0.2674     3.3016     1.4235 1.0000e-12       2979     2.0681  0.000e+00
     33.906   71.21832 -164.24712     34.258    -1.0700    -1.0656    -1.0707    32.4030    32.4182  1026.2159    26.0509    278.204    264.283  365.26613     76.165     72.371     0.1038     0.2747     3.3016     1.4235 1.0000e-12       2980     2.0688  0.000e+00
     33.914   71.21832 -164.24712     34.266    -1.0700    -1.0663    -1.0707    32.4031    32.4188  1026.2160    26.0510    278.196    264.311  365.26590     76.163     72.377     0.1026     0.2674     3.3016     1.4235 1.0000e-12       2981     2.0694  0.000e+00
     33.860   71.21832 -164.24712     34.212    -1.0701    -1.0667    -1.0709    32.4034    32.4186  1026.2160    26.0513    278.236    264.304  365.26658     76.173     72.374     0.1026     0.2674     3.3016     1.4235 1.0000e-12       2982     2.0701  0.000e+00
     33.906   71.21832 -164.24712     34.258    -1.0702    -1.0669    -1.0710    32.4035    32.4186  1026.2164    26.0514    278.283    264.297  365.26730     76.186     72.372     0.1026     0.2674     3.3016     1.4235 1.0000e-12       2983     2.0708  0.000e+00
     33.860   71.21832 -164.24712     34.212    -1.0706    -1.0666    -1.0713    32.4036    32.4191  1026.2162    26.0514    278.280    264.313  365.27048     76.185     72.377     0.1038     0.2747     3.3016     1.4235 1.0000e-12       2984     2.0715  0.000e+00
     33.914   71.21832 -164.24712     34.266    -1.0709    -1.0663    -1.0716    32.4032    32.4190  1026.2162    26.0512    278.331    264.333  365.27432     76.198     72.383     0.1026     0.2674     3.3016     1.4235 1.0000e-12       2985     2.0722  0.000e+00
     33.906   71.21832 -164.24712     34.258    -1.0711    -1.0663    -1.0718    32.4030    32.4188  1026.2160    26.0510    278.380    264.386  365.27668     76.211     72.398     0.1026     0.2674     3.3016     1.4235 1.0000e-12       2986     2.0729  0.000e+00
     33.860   71.21832 -164.24712     34.212    -1.0715    -1.0666    -1.0723    32.4035    32.4188  1026.2161    26.0514    278.431    264.408  365.27977     76.224     72.403     0.1026     0.2674     3.3016     1.4235 1.0000e-12       2987     2.0736  0.000e+00
     33.914   71.21832 -164.24712     34.266    -1.0716    -1.0666    -1.0724    32.4039    32.4183  1026.2168    26.0517    278.231    264.434  365.27964     76.169     72.410     0.1026     0.2674     3.3004     1.4250 1.0000e-12       2988     2.0743  0.000e+00
     33.906   71.21832 -164.24712     34.258    -1.0718    -1.0669    -1.0725    32.4043    32.4186  1026.2170    26.0520    278.444    264.457  365.28028     76.227     72.416     0.1038     0.2747     3.2967     1.4294 1.0000e-12       2989     2.0750  0.000e+00
     33.860   71.21832 -164.24712     34.211    -1.0718    -1.0666    -1.0725    32.4043    32.4176  1026.2168    26.0521    278.448    264.477  365.28008     76.229     72.421     0.1038     0.2747     3.2955     1.4309 1.0000e-12       2990     2.0757  0.000e+00
     33.914   71.21832 -164.24712     34.266    -1.0715    -1.0674    -1.0723    32.4039    32.4184  1026.2168    26.0517    278.454    264.505  365.27851     76.231     72.428     0.1038     0.2747     3.2967     1.4294 1.0000e-12       2991     2.0764  0.000e+00
     33.844   71.21832 -164.24712     34.196    -1.0715    -1.0674    -1.0722    32.4044    32.4183  1026.2168    26.0521    278.202    264.525  365.27654     76.162     72.434     0.1026     0.2674     3.2967     1.4294 1.0000e-12       2992     2.0771  0.000e+00
     33.914   71.21832 -164.24712     34.266    -1.0715    -1.0669    -1.0723    32.4046    32.4181  1026.2173    26.0523    278.419    264.546  365.27655     76.221     72.440     0.1038     0.2747     3.2967     1.4294 1.0000e-12       2993     2.0778  0.000e+00
     33.906   71.21832 -164.24712     34.258    -1.0710    -1.0667    -1.0717    32.4037    32.4180  1026.2165    26.0515    278.474    264.534  365.27409     76.237     72.437     0.1026     0.2674     3.2967     1.4294 1.0000e-12       2994     2.0785  0.000e+00
     33.860   71.21832 -164.24712     34.211    -1.0711    -1.0667    -1.0718    32.4036    32.4174  1026.2162    26.0514    278.229    264.554  365.27500     76.170     72.442     0.1026     0.2674     3.2967     1.4294 1.0000e-12       2995     2.0792  0.000e+00
     33.914   71.21832 -164.24712     34.266    -1.0709    -1.0674    -1.0716    32.4038    32.4178  1026.2166    26.0516    278.193    264.549  365.27285     76.160     72.440     0.1026     0.2674     3.2967     1.4294 1.0000e-12       2996     2.0799  0.000e+00
     33.844   71.21832 -164.24712     34.196    -1.0707    -1.0675    -1.0715    32.4037    32.4177  1026.2162    26.0515    278.155    264.567  365.27146     76.150     72.444     0.1026     0.2674     3.2967     1.4294 1.0000e-12       2997     2.0806  0.000e+00
     33.914   71.21832 -164.24712     34.266    -1.0708    -1.0676    -1.0715    32.4042    32.4180  1026.2169    26.0519    278.380    264.557  365.27049     76.212     72.442     0.1026     0.2674     3.2967     1.4294 1.0000e-12       2998     2.0812  0.000e+00
     33.860   71.21832 -164.24712     34.211    -1.0705    -1.0674    -1.0713    32.4041    32.4180  1026.2166    26.0519    278.137    264.539  365.26839     76.146     72.437     0.1050     0.2820     3.2955     1.4309 1.0000e-12       2999     2.0819  0.000e+00
     33.906   71.21832 -164.24712     34.258    -1.0708    -1.0663    -1.0715    32.4041    32.4172  1026.2169    26.0519    278.111    264.550  365.27060     76.138     72.442     0.1074     0.2967     3.2967     1.4294 1.0000e-12       3000     2.0826  0.000e+00
     33.860   71.21832 -164.24712     34.211    -1.0704    -1.0657    -1.0712    32.4036    32.4168  1026.2162    26.0515    278.030    264.561  365.26873     76.117     72.446     0.1074     0.2967     3.2967     1.4294 8.4714e-06       3001     2.0833  0.000e+00
     33.914   71.21832 -164.24712     34.266    -1.0706    -1.0657    -1.0713    32.4040    32.4169  1026.2168    26.0518    278.005    264.579  365.26923     76.110     72.451     0.1087     0.3040     3.2967     1.4294 1.0000e-12       3002     2.0840  0.000e+00
     33.906   71.21832 -164.24712     34.258    -1.0702    -1.0654    -1.0710    32.4036    32.4162  1026.2164    26.0514    277.976    264.595  365.26717     76.102     72.455     0.1074     0.2967     3.2967     1.4294 1.0000e-12       3003     2.0847  0.000e+00
     33.860   71.21832 -164.24712     34.211    -1.0706    -1.0656    -1.0713    32.4045    32.4165  1026.2169    26.0521    277.952    264.579  365.26803     76.095     72.451     0.1087     0.3040     3.2967     1.4294 8.4714e-06       3004     2.0854  0.000e+00
     33.860   71.21832 -164.24712     34.211    -1.0701    -1.0669    -1.0709    32.4040    32.4172  1026.2165    26.0518    277.927    264.571  365.26474     76.089     72.447     0.1074     0.2967     3.2967     1.4294 1.0000e-12       3005     2.0861  0.000e+00
     33.906   71.21832 -164.24712     34.258    -1.0702    -1.0680    -1.0710    32.4038    32.4173  1026.2166    26.0516    277.910    264.338  365.26644     76.084     72.381     0.1074     0.2967     3.2967     1.4294 1.0000e-12       3006     2.0868  0.000e+00
     33.860   71.21832 -164.24712     34.211    -1.0700    -1.0683    -1.0707    32.4034    32.4171  1026.2160    26.0513    277.889    264.291  365.26482     76.079     72.367     0.1074     0.2967     3.2967     1.4294 1.0000e-12       3007     2.0875  0.000e+00
     33.914   71.21832 -164.24712     34.266    -1.0701    -1.0687    -1.0708    32.4036    32.4168  1026.2164    26.0514    277.876    264.280  365.26555     76.075     72.363     0.1087     0.3040     3.2967     1.4294 1.0000e-12       3008     2.0882  0.000e+00
     33.906   71.21832 -164.24712     34.258    -1.0700    -1.0685    -1.0707    32.4033    32.4164  1026.2161    26.0512    277.811    264.264  365.26527     76.057     72.359     0.1074     0.2967     3.2967     1.4294 1.0000e-12       3009     2.0889  0.000e+00
     33.860   71.21832 -164.24712     34.211    -1.0698    -1.0689    -1.0705    32.4030    32.4167  1026.2156    26.0509    277.795    264.218  365.26454     76.053     72.346     0.1087     0.3040     3.2967     1.4294 1.0000e-12       3010     2.0896  0.000e+00
     33.860   71.21832 -164.24712     34.211    -1.0697    -1.0693    -1.0704    32.4022    32.4170  1026.2151    26.0503    277.784    264.207  365.26549     76.050     72.342     0.1074     0.2967     3.2967     1.4294 1.0000e-12       3011     2.0903  0.000e+00
     33.906   71.21832 -164.24712     34.258    -1.0698    -1.0700    -1.0705    32.4019    32.4170  1026.2151    26.0501    277.777    264.168  365.26744     76.048     72.330     0.1087     0.3040     3.2967     1.4294 1.0000e-12       3012     2.0910  0.000e+00
     33.914   71.21832 -164.24712     34.266    -1.0701    -1.0709    -1.0709    32.4018    32.4176  1026.2150    26.0500    277.773    264.162  365.27121     76.046     72.327     0.1062     0.2894     3.2967     1.4294 1.0000e-12       3013     2.0917  0.000e+00
     33.860   71.21832 -164.24712     34.211    -1.0706    -1.0712    -1.0713    32.4021    32.4175  1026.2150    26.0502    277.768    264.151  365.27490     76.044     72.323     0.1074     0.2967     3.2967     1.4294 1.0000e-12       3014     2.0924  0.000e+00
     33.906   71.21832 -164.24712     34.258    -1.0709    -1.0710    -1.0716    32.4016    32.4175  1026.2148    26.0498    277.769    264.109  365.27909     76.043     72.312     0.1087     0.3040     3.2967     1.4294 8.4714e-06       3015     2.0931  0.000e+00
     33.860   71.21832 -164.24712     34.211    -1.0715    -1.0693    -1.0723    32.4018    32.4169  1026.2148    26.0500    277.771    264.052  365.28467     76.042     72.300     0.1074     0.2967     3.2967     1.4294 1.0000e-12       3016     2.0938  0.000e+00
     33.906   71.21832 -164.24712     34.258    -1.0716    -1.0680    -1.0724    32.4024    32.4167  1026.2155    26.0505    278.026    264.001  365.28404     76.112     72.288     0.1087     0.3040     3.2967     1.4294 1.0000e-12       3017     2.0944  0.000e+00
     33.860   71.21832 -164.24712     34.211    -1.0718    -1.0670    -1.0725    32.4022    32.4165  1026.2151    26.0504    277.820    263.949  365.28621     76.055     72.275     0.1074     0.2967     3.2967     1.4294 1.0000e-12       3018     2.0951  0.000e+00
