EcoFOCI/data/1_SampleCollection/2023_SikuliaqDBO_CruiseData/CTD_raw_BottleFile_SKQ23-12S/proc/skq202312s_014svp.cnv
* Sea-Bird SBE 9 Data File:
* FileName = D:\CTD\SKQ202312S\SKQ202312S_014.hex
* Software Version Seasave V 7.26.7.121
* Temperature SN = 6177
* Conductivity SN = 0369
* Number of Bytes Per Scan = 41
* Number of Voltage Words = 4
* Number of Scans Averaged by the Deck Unit = 1
* NMEA Latitude = 64 40.15 N
* NMEA Longitude = 169 55.22 W
* NMEA UTC (Time) = Sep 17 2023  08:29:33
* NMEA baud rate = 4800
** Ship: R/V Sikuliaq
** Station Number: 014
** Station Name: DBO2.1
** Bottom Depth: 47
** Operator: SS
# nquan = 7
# nvalues = 6248                                  
# units = specified
# name 0 = depSM: Depth [salt water, m]
# name 1 = latitude: Latitude [deg]
# name 2 = longitude: Longitude [deg]
# name 3 = t090C: Temperature [ITS-90, deg C]
# name 4 = sal00: Salinity, Practical [PSU]
# name 5 = svCM: Sound Velocity [Chen-Millero, m/s]
# name 6 = flag:  0.000e+00
# span 0 =      1.589,     41.088                 
# span 1 =   64.66922,   64.66926                 
# span 2 = -169.92028, -169.92020                 
# span 3 =     2.2405,     2.8691                 
# span 4 =    32.5535,    33.0245                 
# span 5 =    1455.99,    1459.78                 
# span 6 = 0.0000e+00, 0.0000e+00                 
# interval = seconds: 0.0416667
# start_time = Sep 17 2023 08:33:36 [NMEA time, first data scan]
# bad_flag = -9.990e-29
*END*
[from data line 2257]
     20.547   64.66922 -169.92026     2.8671    33.0069    1459.59  0.000e+00
     20.524   64.66922 -169.92026     2.8674    33.0074    1459.59  0.000e+00
     20.547   64.66922 -169.92026     2.8676    33.0078    1459.59  0.000e+00
     20.639   64.66922 -169.92026     2.8679    33.0071    1459.59  0.000e+00
     20.639   64.66922 -169.92026     2.8682    33.0071    1459.59  0.000e+00
     20.601   64.66922 -169.92026     2.8685    33.0070    1459.59  0.000e+00
     20.693   64.66922 -169.92026     2.8687    33.0067    1459.60  0.000e+00
     20.693   64.66922 -169.92026     2.8687    33.0069    1459.60  0.000e+00
     20.778   64.66922 -169.92026     2.8687    33.0070    1459.60  0.000e+00
     20.755   64.66922 -169.92026     2.8690    33.0071    1459.60  0.000e+00
     20.755   64.66922 -169.92026     2.8691    33.0066    1459.60  0.000e+00
     20.832   64.66922 -169.92026     2.8689    33.0067    1459.60  0.000e+00
     20.871   64.66922 -169.92026     2.8688    33.0070    1459.60  0.000e+00
     20.871   64.66922 -169.92026     2.8688    33.0068    1459.60  0.000e+00
     20.886   64.66922 -169.92026     2.8688    33.0074    1459.60  0.000e+00
     20.925   64.66922 -169.92026     2.8691    33.0071    1459.60  0.000e+00
     20.986   64.66922 -169.92026     2.8691    33.0078    1459.60  0.000e+00
     21.002   64.66922 -169.92026     2.8691    33.0090    1459.61  0.000e+00
     21.040   64.66922 -169.92026     2.8688    33.0102    1459.61  0.000e+00
     21.040   64.66922 -169.92026     2.8690    33.0102    1459.61  0.000e+00
     21.117   64.66922 -169.92026     2.8685    33.0107    1459.61  0.000e+00
     21.040   64.66922 -169.92026     2.8684    33.0113    1459.61  0.000e+00
     21.156   64.66922 -169.92026     2.8687    33.0114    1459.61  0.000e+00
     21.179   64.66922 -169.92026     2.8685    33.0116    1459.61  0.000e+00
     21.210   64.66922 -169.92026     2.8685    33.0115    1459.61  0.000e+00
     21.233   64.66922 -169.92026     2.8685    33.0115    1459.61  0.000e+00
     21.272   64.66922 -169.92026     2.8687    33.0115    1459.61  0.000e+00
     21.272   64.66922 -169.92026     2.8684    33.0117    1459.61  0.000e+00
     21.349   64.66922 -169.92026     2.8682    33.0122    1459.61  0.000e+00
     21.326   64.66922 -169.92026     2.8685    33.0125    1459.61  0.000e+00
     21.441   64.66922 -169.92026     2.8682    33.0124    1459.61  0.000e+00
     21.403   64.66922 -169.92026     2.8681    33.0131    1459.61  0.000e+00
     21.379   64.66922 -169.92026     2.8682    33.0134    1459.61  0.000e+00
     21.495   64.66922 -169.92026     2.8682    33.0134    1459.62  0.000e+00
     21.518   64.66922 -169.92026     2.8684    33.0134    1459.62  0.000e+00
     21.495   64.66922 -169.92026     2.8684    33.0133    1459.62  0.000e+00
     21.495   64.66922 -169.92026     2.8682    33.0134    1459.62  0.000e+00
     21.634   64.66922 -169.92026     2.8682    33.0137    1459.62  0.000e+00
     21.611   64.66922 -169.92026     2.8684    33.0133    1459.62  0.000e+00
     21.634   64.66922 -169.92026     2.8681    33.0137    1459.62  0.000e+00
     21.673   64.66922 -169.92026     2.8682    33.0134    1459.62  0.000e+00
     21.673   64.66922 -169.92026     2.8679    33.0136    1459.62  0.000e+00
     21.750   64.66922 -169.92026     2.8681    33.0137    1459.62  0.000e+00
     21.727   64.66922 -169.92026     2.8679    33.0137    1459.62  0.000e+00
     21.781   64.66922 -169.92026     2.8679    33.0136    1459.62  0.000e+00
     21.750   64.66922 -169.92026     2.8677    33.0135    1459.62  0.000e+00
     21.842   64.66922 -169.92026     2.8676    33.0140    1459.62  0.000e+00
     21.804   64.66922 -169.92026     2.8676    33.0140    1459.62  0.000e+00
     21.896   64.66922 -169.92026     2.8676    33.0138    1459.62  0.000e+00
     21.896   64.66922 -169.92026     2.8668    33.0133    1459.62  0.000e+00
     21.919   64.66922 -169.92026     2.8651    33.0136    1459.61  0.000e+00
     21.958   64.66922 -169.92026     2.8621    33.0152    1459.60  0.000e+00
     21.958   64.66922 -169.92026     2.8608    33.0152    1459.59  0.000e+00
     21.973   64.66922 -169.92026     2.8596    33.0162    1459.59  0.000e+00
     22.012   64.66922 -169.92026     2.8588    33.0170    1459.59  0.000e+00
     22.074   64.66922 -169.92026     2.8583    33.0168    1459.59  0.000e+00
     22.035   64.66922 -169.92026     2.8574    33.0174    1459.58  0.000e+00
     22.074   64.66922 -169.92026     2.8569    33.0180    1459.58  0.000e+00
     22.089   64.66922 -169.92026     2.8570    33.0186    1459.58  0.000e+00
     22.128   64.66922 -169.92026     2.8577    33.0184    1459.59  0.000e+00
     22.182   64.66922 -169.92026     2.8580    33.0181    1459.59  0.000e+00
     22.151   64.66922 -169.92026     2.8580    33.0183    1459.59  0.000e+00
     22.182   64.66922 -169.92026     2.8583    33.0180    1459.59  0.000e+00
     22.182   64.66922 -169.92026     2.8586    33.0181    1459.59  0.000e+00
     22.205   64.66922 -169.92026     2.8593    33.0178    1459.59  0.000e+00
     22.243   64.66922 -169.92026     2.8593    33.0174    1459.59  0.000e+00
     22.266   64.66922 -169.92026     2.8593    33.0170    1459.59  0.000e+00
     22.297   64.66922 -169.92026     2.8586    33.0170    1459.59  0.000e+00
     22.297   64.66922 -169.92026     2.8574    33.0174    1459.59  0.000e+00
     22.320   64.66922 -169.92026     2.8569    33.0174    1459.59  0.000e+00
     22.359   64.66922 -169.92026     2.8559    33.0183    1459.58  0.000e+00
     22.320   64.66922 -169.92026     2.8555    33.0182    1459.58  0.000e+00
     22.359   64.66922 -169.92026     2.8556    33.0180    1459.58  0.000e+00
     22.413   64.66924 -169.92026     2.8555    33.0186    1459.58  0.000e+00
     22.374   64.66924 -169.92026     2.8558    33.0180    1459.58  0.000e+00
     22.475   64.66924 -169.92026     2.8561    33.0180    1459.59  0.000e+00
     22.413   64.66924 -169.92026     2.8558    33.0180    1459.58  0.000e+00
     22.436   64.66924 -169.92026     2.8555    33.0184    1459.58  0.000e+00
     22.475   64.66924 -169.92026     2.8555    33.0183    1459.58  0.000e+00
     22.490   64.66924 -169.92026     2.8552    33.0184    1459.58  0.000e+00
     22.529   64.66924 -169.92026     2.8550    33.0183    1459.58  0.000e+00
     22.529   64.66924 -169.92026     2.8550    33.0183    1459.58  0.000e+00
     22.490   64.66924 -169.92026     2.8547    33.0186    1459.58  0.000e+00
     22.583   64.66924 -169.92026     2.8544    33.0187    1459.58  0.000e+00
     22.529   64.66924 -169.92026     2.8545    33.0189    1459.58  0.000e+00
     22.606   64.66924 -169.92026     2.8545    33.0190    1459.58  0.000e+00
     22.583   64.66924 -169.92026     2.8549    33.0189    1459.58  0.000e+00
     22.606   64.66924 -169.92026     2.8547    33.0189    1459.58  0.000e+00
     22.644   64.66924 -169.92026     2.8548    33.0187    1459.58  0.000e+00
     22.582   64.66924 -169.92026     2.8547    33.0191    1459.58  0.000e+00
     22.667   64.66924 -169.92026     2.8547    33.0191    1459.58  0.000e+00
     22.698   64.66924 -169.92026     2.8547    33.0187    1459.58  0.000e+00
     22.667   64.66924 -169.92026     2.8549    33.0188    1459.58  0.000e+00
     22.698   64.66924 -169.92026     2.8547    33.0189    1459.58  0.000e+00
     22.698   64.66924 -169.92026     2.8547    33.0184    1459.58  0.000e+00
     22.721   64.66924 -169.92026     2.8547    33.0184    1459.58  0.000e+00
     22.760   64.66924 -169.92026     2.8547    33.0185    1459.59  0.000e+00
     22.644   64.66924 -169.92026     2.8549    33.0186    1459.58  0.000e+00
     22.837   64.66924 -169.92026     2.8545    33.0191    1459.59  0.000e+00
     22.814   64.66924 -169.92026     2.8546    33.0189    1459.59  0.000e+00
     22.775   64.66924 -169.92026     2.8547    33.0190    1459.59  0.000e+00
     22.814   64.66924 -169.92026     2.8544    33.0191    1459.59  0.000e+00
     22.814   64.66924 -169.92026     2.8544    33.0186    1459.58  0.000e+00
     22.837   64.66924 -169.92026     2.8545    33.0187    1459.59  0.000e+00
     22.876   64.66924 -169.92026     2.8544    33.0193    1459.59  0.000e+00
     22.891   64.66924 -169.92026     2.8542    33.0188    1459.59  0.000e+00
     22.875   64.66924 -169.92026     2.8542    33.0189    1459.59  0.000e+00
     22.875   64.66924 -169.92026     2.8542    33.0189    1459.59  0.000e+00
     22.953   64.66924 -169.92026     2.8542    33.0189    1459.59  0.000e+00
     22.929   64.66924 -169.92026     2.8539    33.0188    1459.58  0.000e+00
     22.953   64.66924 -169.92026     2.8537    33.0190    1459.58  0.000e+00
     22.929   64.66924 -169.92026     2.8537    33.0193    1459.58  0.000e+00
     22.983   64.66924 -169.92026     2.8539    33.0194    1459.59  0.000e+00
     23.007   64.66924 -169.92026     2.8542    33.0187    1459.59  0.000e+00
     23.045   64.66924 -169.92026     2.8539    33.0195    1459.59  0.000e+00
     23.007   64.66924 -169.92026     2.8542    33.0190    1459.59  0.000e+00
     23.045   64.66924 -169.92026     2.8541    33.0194    1459.59  0.000e+00
     23.099   64.66924 -169.92026     2.8541    33.0193    1459.59  0.000e+00
     23.068   64.66924 -169.92026     2.8541    33.0193    1459.59  0.000e+00
     23.099   64.66924 -169.92026     2.8539    33.0194    1459.59  0.000e+00
     23.122   64.66924 -169.92026     2.8541    33.0190    1459.59  0.000e+00
     23.099   64.66924 -169.92026     2.8542    33.0191    1459.59  0.000e+00
     23.215   64.66924 -169.92026     2.8544    33.0191    1459.59  0.000e+00
     23.122   64.66924 -169.92026     2.8542    33.0194    1459.59  0.000e+00
     23.215   64.66924 -169.92026     2.8545    33.0190    1459.59  0.000e+00
     23.215   64.66924 -169.92026     2.8544    33.0187    1459.59  0.000e+00
     23.238   64.66924 -169.92026     2.8542    33.0189    1459.59  0.000e+00
     23.277   64.66924 -169.92026     2.8544    33.0190    1459.59  0.000e+00
     23.238   64.66924 -169.92026     2.8541    33.0195    1459.59  0.000e+00
     23.331   64.66924 -169.92026     2.8537    33.0189    1459.59  0.000e+00
     23.331   64.66924 -169.92026     2.8536    33.0190    1459.59  0.000e+00
     23.354   64.66924 -169.92026     2.8533    33.0191    1459.59  0.000e+00
     23.331   64.66924 -169.92026     2.8526    33.0193    1459.59  0.000e+00
     23.408   64.66924 -169.92026     2.8523    33.0201    1459.59  0.000e+00
     23.385   64.66924 -169.92026     2.8523    33.0201    1459.59  0.000e+00
     23.446   64.66924 -169.92026     2.8522    33.0197    1459.59  0.000e+00
     23.408   64.66924 -169.92026     2.8520    33.0200    1459.59  0.000e+00
     23.500   64.66924 -169.92026     2.8522    33.0198    1459.59  0.000e+00
     23.462   64.66924 -169.92026     2.8520    33.0202    1459.59  0.000e+00
     23.562   64.66924 -169.92026     2.8525    33.0200    1459.59  0.000e+00
     23.523   64.66924 -169.92026     2.8523    33.0200    1459.59  0.000e+00
     23.562   64.66924 -169.92026     2.8528    33.0200    1459.59  0.000e+00
     23.562   64.66924 -169.92026     2.8528    33.0198    1459.59  0.000e+00
     23.639   64.66924 -169.92026     2.8530    33.0197    1459.59  0.000e+00
     23.616   64.66924 -169.92026     2.8528    33.0198    1459.59  0.000e+00
     23.639   64.66924 -169.92026     2.8527    33.0202    1459.59  0.000e+00
     23.732   64.66924 -169.92026     2.8530    33.0196    1459.60  0.000e+00
     23.678   64.66924 -169.92026     2.8528    33.0201    1459.59  0.000e+00
     23.755   64.66924 -169.92026     2.8528    33.0202    1459.60  0.000e+00
     23.732   64.66924 -169.92026     2.8531    33.0196    1459.60  0.000e+00
     23.755   64.66924 -169.92026     2.8531    33.0196    1459.60  0.000e+00
     23.847   64.66924 -169.92026     2.8530    33.0197    1459.60  0.000e+00
     23.786   64.66924 -169.92026     2.8530    33.0197    1459.60  0.000e+00
     23.809   64.66924 -169.92026     2.8533    33.0198    1459.60  0.000e+00
     23.901   64.66924 -169.92026     2.8531    33.0196    1459.60  0.000e+00
     23.924   64.66924 -169.92026     2.8531    33.0193    1459.60  0.000e+00
     23.901   64.66924 -169.92026     2.8528    33.0199    1459.60  0.000e+00
     23.963   64.66924 -169.92026     2.8528    33.0194    1459.60  0.000e+00
     23.924   64.66924 -169.92026     2.8525    33.0198    1459.60  0.000e+00
     24.017   64.66924 -169.92026     2.8525    33.0200    1459.60  0.000e+00
     24.040   64.66924 -169.92026     2.8525    33.0201    1459.60  0.000e+00
     24.017   64.66924 -169.92026     2.8523    33.0204    1459.60  0.000e+00
     24.094   64.66924 -169.92026     2.8523    33.0200    1459.60  0.000e+00
     24.079   64.66924 -169.92026     2.8522    33.0203    1459.60  0.000e+00
     24.133   64.66924 -169.92026     2.8523    33.0202    1459.60  0.000e+00
     24.094   64.66924 -169.92026     2.8525    33.0202    1459.60  0.000e+00
     24.187   64.66924 -169.92026     2.8523    33.0202    1459.60  0.000e+00
     24.156   64.66924 -169.92026     2.8522    33.0203    1459.60  0.000e+00
     24.248   64.66924 -169.92026     2.8523    33.0203    1459.60  0.000e+00
     24.187   64.66924 -169.92026     2.8523    33.0202    1459.60  0.000e+00
     24.264   64.66924 -169.92026     2.8522    33.0200    1459.60  0.000e+00
     24.302   64.66924 -169.92026     2.8520    33.0203    1459.60  0.000e+00
     24.264   64.66924 -169.92026     2.8519    33.0208    1459.60  0.000e+00
     24.364   64.66924 -169.92026     2.8519    33.0206    1459.60  0.000e+00
     24.325   64.66924 -169.92026     2.8515    33.0209    1459.60  0.000e+00
     24.364   64.66924 -169.92026     2.8517    33.0205    1459.60  0.000e+00
     24.418   64.66924 -169.92026     2.8517    33.0206    1459.60  0.000e+00
     24.379   64.66924 -169.92026     2.8519    33.0205    1459.60  0.000e+00
     24.418   64.66924 -169.92026     2.8522    33.0204    1459.60  0.000e+00
     24.495   64.66924 -169.92026     2.8520    33.0204    1459.60  0.000e+00
     24.480   64.66924 -169.92026     2.8520    33.0203    1459.60  0.000e+00
     24.495   64.66924 -169.92026     2.8519    33.0205    1459.60  0.000e+00
     24.534   64.66924 -169.92026     2.8519    33.0202    1459.60  0.000e+00
     24.534   64.66924 -169.92026     2.8519    33.0204    1459.60  0.000e+00
     24.557   64.66924 -169.92026     2.8519    33.0200    1459.60  0.000e+00
     24.588   64.66924 -169.92026     2.8515    33.0204    1459.60  0.000e+00
     24.611   64.66924 -169.92026     2.8514    33.0206    1459.60  0.000e+00
     24.588   64.66924 -169.92026     2.8517    33.0205    1459.60  0.000e+00
     24.665   64.66924 -169.92026     2.8517    33.0206    1459.61  0.000e+00
     24.649   64.66924 -169.92026     2.8519    33.0204    1459.61  0.000e+00
     24.703   64.66924 -169.92026     2.8517    33.0207    1459.61  0.000e+00
     24.665   64.66924 -169.92026     2.8517    33.0204    1459.61  0.000e+00
     24.765   64.66924 -169.92026     2.8515    33.0208    1459.61  0.000e+00
     24.727   64.66924 -169.92026     2.8514    33.0205    1459.61  0.000e+00
     24.765   64.66924 -169.92026     2.8512    33.0200    1459.60  0.000e+00
     24.781   64.66924 -169.92026     2.8511    33.0200    1459.60  0.000e+00
     24.765   64.66924 -169.92026     2.8511    33.0206    1459.61  0.000e+00
     24.819   64.66924 -169.92026     2.8511    33.0208    1459.61  0.000e+00
     24.842   64.66924 -169.92026     2.8511    33.0208    1459.61  0.000e+00
     24.881   64.66924 -169.92026     2.8509    33.0207    1459.61  0.000e+00
     24.842   64.66924 -169.92026     2.8511    33.0209    1459.61  0.000e+00
     24.881   64.66924 -169.92026     2.8509    33.0212    1459.61  0.000e+00
     24.896   64.66924 -169.92026     2.8508    33.0209    1459.61  0.000e+00
     24.935   64.66924 -169.92026     2.8508    33.0212    1459.61  0.000e+00
