EcoFOCI/data/1_SampleCollection/2023_SikuliaqDBO_CruiseData/CTD_raw_BottleFile_SKQ23-12S/proc/skq202312s_033.cnv
* Sea-Bird SBE 9 Data File:
* FileName = D:\CTD\SKQ202312S\SKQ202312S_033.hex
* Software Version Seasave V 7.26.7.121
* Temperature SN = 6177
* Conductivity SN = 0369
* Number of Bytes Per Scan = 41
* Number of Voltage Words = 4
* Number of Scans Averaged by the Deck Unit = 1
* NMEA Latitude = 71 34.65 N
* NMEA Longitude = 157 50.24 W
* NMEA UTC (Time) = Sep 21 2023  14:22:10
* NMEA baud rate = 4800
** Ship: R/V Sikuliaq
** Station Number: 033
** Station Name: DBO5.9
** Bottom Depth: 66
** Operator: SD
# nquan = 24
# nvalues = 6364                                  
# units = specified
# name 0 = depSM: Depth [salt water, m]
# name 1 = latitude: Latitude [deg]
# name 2 = longitude: Longitude [deg]
# name 3 = prDM: Pressure, Digiquartz [db]
# name 4 = t090C: Temperature [ITS-90, deg C]
# name 5 = t190C: Temperature, 2 [ITS-90, deg C]
# name 6 = potemp090C: Potential Temperature [ITS-90, deg C]
# name 7 = sal00: Salinity, Practical [PSU]
# name 8 = sal11: Salinity, Practical, 2 [PSU]
# name 9 = density00: Density [density, kg/m^3]
# name 10 = sigma-é00: Density [sigma-theta, kg/m^3]
# name 11 = sbox0Mm/Kg: Oxygen, SBE 43 [umol/kg]
# name 12 = sbox1Mm/Kg: Oxygen, SBE 43, 2 [umol/kg]
# name 13 = oxsolMm/Kg: Oxygen Saturation, Garcia & Gordon [umol/kg]
# name 14 = sbeox0PS: Oxygen, SBE 43 [% saturation]
# name 15 = sbeox1PS: Oxygen, SBE 43, 2 [% saturation]
# name 16 = v0: Voltage 0
# name 17 = flECO-AFL: Fluorescence, WET Labs ECO-AFL/FL [mg/m^3]
# name 18 = v1: Voltage 1
# name 19 = CStarAt0: Beam Attenuation, WET Labs C-Star [1/m]
# name 20 = par: PAR/Irradiance, Biospherical/Licor
# name 21 = scan: Scan Count
# name 22 = timeM: Time, Elapsed [minutes]
# name 23 = flag:  0.000e+00
# span 0 =      2.472,     59.570                 
# span 1 =   71.57744,   71.57752                 
# span 2 = -157.83780, -157.83732                 
# span 3 =      2.497,     60.194                 
# span 4 =    -1.6373,     2.2384                 
# span 5 =    -1.6358,     2.2397                 
# span 6 =    -1.6384,     2.2382                 
# span 7 =    29.9692,    32.9009                 
# span 8 =    30.0823,    32.9111                 
# span 9 =  1023.9801,  1026.7604                 
# span 10 =    23.9328,    26.4705                
# span 11 =    272.003,    453.888                
# span 12 =    258.249,    427.794                
# span 13 =  341.24442,  369.61372                
# span 14 =     73.633,    124.768                
# span 15 =     69.921,    117.528                
# span 16 =     0.0659,     0.1648                
# span 17 =     0.0476,     0.6410                
# span 18 =     2.7949,     4.1844                
# span 19 =     0.4754,     2.0902                
# span 20 = 1.0000e-12, 6.2309e-01                
# span 21 =          1,       6364                
# span 22 =     0.0000,     4.4188                
# span 23 = 0.0000e+00, 0.0000e+00                
# interval = seconds: 0.0416667
# start_time = Sep 21 2023 14:28:00 [NMEA time, first data scan]
# bad_flag = -9.990e-29
*END*
[from data line 1510]
     11.500   71.57746 -157.83764     11.619    -0.0517    -0.0577    -0.0520    31.6375    31.6523  1025.4502    25.3946    435.083    408.353  357.67742    121.641    114.163     0.1575     0.5971     4.1331     0.5247 8.4714e-06       1511     1.0486  0.000e+00
     11.477   71.57746 -157.83764     11.595    -0.0536    -0.0599    -0.0539    31.6382    31.6529  1025.4508    25.3952    434.883    408.355  357.69330    121.580    114.157     0.1587     0.6044     4.1331     0.5247 1.0000e-12       1512     1.0493  0.000e+00
     11.500   71.57746 -157.83764     11.619    -0.0553    -0.0619    -0.0556    31.6397    31.6538  1025.4522    25.3965    434.720    408.333  357.70500    121.530    114.146     0.1575     0.5971     4.1331     0.5247 8.4714e-06       1513     1.0500  0.000e+00
     11.500   71.57746 -157.83764     11.619    -0.0570    -0.0632    -0.0573    31.6395    31.6541  1025.4521    25.3964    434.514    408.281  357.72142    121.467    114.128     0.1575     0.5971     4.1331     0.5247 1.0000e-12       1514     1.0507  0.000e+00
     11.500   71.57746 -157.83764     11.619    -0.0588    -0.0640    -0.0591    31.6419    31.6547  1025.4541    25.3984    434.300    408.419  357.73222    121.404    114.165     0.1575     0.5971     4.1331     0.5247 1.0000e-12       1515     1.0514  0.000e+00
     11.500   71.57746 -157.83764     11.619    -0.0602    -0.0652    -0.0605    31.6428    31.6556  1025.4549    25.3992    434.037    408.352  357.74240    121.327    114.143     0.1575     0.5971     4.1331     0.5247 1.0000e-12       1516     1.0521  0.000e+00
     11.500   71.57746 -157.83764     11.619    -0.0617    -0.0664    -0.0621    31.6439    31.6561  1025.4559    25.4002    433.822    408.297  357.75403    121.263    114.125     0.1575     0.5971     4.1331     0.5247 1.0000e-12       1517     1.0528  0.000e+00
     11.500   71.57746 -157.83764     11.619    -0.0630    -0.0675    -0.0633    31.6441    31.6572  1025.4561    25.4004    433.656    408.440  357.76521    121.212    114.162     0.1563     0.5897     4.1343     0.5235 1.0000e-12       1518     1.0535  0.000e+00
     11.561   71.57746 -157.83764     11.681    -0.0645    -0.0690    -0.0649    31.6447    31.6586  1025.4569    25.4010    433.458    408.385  357.77822    121.153    114.144     0.1563     0.5897     4.1343     0.5235 1.0000e-12       1519     1.0542  0.000e+00
     11.500   71.57746 -157.83764     11.619    -0.0656    -0.0707    -0.0659    31.6447    31.6601  1025.4567    25.4010    433.253    408.528  357.78784    121.092    114.180     0.1551     0.5824     4.1343     0.5235 1.0000e-12       1520     1.0549  0.000e+00
     11.561   71.57746 -157.83764     11.681    -0.0664    -0.0730    -0.0667    31.6446    31.6610  1025.4569    25.4010    432.819    408.512  357.79597    120.968    114.169     0.1563     0.5897     4.1343     0.5235 1.0000e-12       1521     1.0556  0.000e+00
     11.531   71.57746 -157.83764     11.650    -0.0679    -0.0751    -0.0683    31.6456    31.6617  1025.4577    25.4018    432.598    408.477  357.80743    120.902    114.154     0.1551     0.5824     4.1343     0.5235 1.0000e-12       1522     1.0562  0.000e+00
     11.561   71.57746 -157.83764     11.681    -0.0714    -0.0782    -0.0717    31.6474    31.6644  1025.4594    25.4034    432.421    408.439  357.83539    120.844    114.136     0.1563     0.5897     4.1343     0.5235 1.0000e-12       1523     1.0569  0.000e+00
     11.561   71.57746 -157.83764     11.681    -0.0784    -0.0811    -0.0788    31.6511    31.6657  1025.4627    25.4067    432.303    408.391  357.89101    120.792    114.115     0.1563     0.5897     4.1343     0.5235 1.0000e-12       1524     1.0576  0.000e+00
     11.561   71.57746 -157.83764     11.681    -0.0866    -0.0840    -0.0869    31.6546    31.6667  1025.4658    25.4098    431.975    408.552  357.95816    120.678    114.153     0.1563     0.5897     4.1343     0.5235 1.0000e-12       1525     1.0583  0.000e+00
     11.561   71.57746 -157.83764     11.681    -0.0954    -0.0870    -0.0958    31.6582    31.6683  1025.4692    25.4132    432.124    408.513  358.03112    120.694    114.134     0.1563     0.5897     4.1343     0.5235 1.0000e-12       1526     1.0590  0.000e+00
     11.615   71.57746 -157.83764     11.736    -0.1027    -0.0894    -0.1030    31.6622    31.6691  1025.4730    25.4167    431.828    408.464  358.08824    120.592    114.114     0.1551     0.5824     4.1343     0.5235 1.0000e-12       1527     1.0597  0.000e+00
     11.561   71.57746 -157.83764     11.681    -0.1073    -0.0915    -0.1076    31.6648    31.6693  1025.4750    25.4190    431.718    408.400  358.12401    120.550    114.090     0.1563     0.5897     4.1343     0.5235 1.0000e-12       1528     1.0604  0.000e+00
     11.615   71.57746 -157.83764     11.736    -0.1132    -0.0961    -0.1136    31.6672    31.6702  1025.4774    25.4212    431.663    408.366  358.17343    120.518    114.067     0.1563     0.5897     4.1343     0.5235 1.0000e-12       1529     1.0611  0.000e+00
     11.615   71.57746 -157.83766     11.736    -0.1206    -0.1039    -0.1209    31.6699    31.6742  1025.4799    25.4237    431.407    408.357  358.23543    120.426    114.045     0.1551     0.5824     4.1343     0.5235 4.4238e-03       1530     1.0618  0.000e+00
     11.615   71.57746 -157.83766     11.736    -0.1271    -0.1102    -0.1275    31.6739    31.6762  1025.4834    25.4271    431.323    408.360  358.28591    120.385    114.029     0.1563     0.5897     4.1343     0.5235 8.6453e-03       1531     1.0625  0.000e+00
     11.615   71.57746 -157.83766     11.736    -0.1318    -0.1157    -0.1321    31.6790    31.6793  1025.4877    25.4315    430.705    408.348  358.31557    120.203    114.012     0.1551     0.5824     4.1343     0.5235 7.2223e-03       1532     1.0632  0.000e+00
     11.584   71.57746 -157.83766     11.704    -0.1333    -0.1186    -0.1336    31.6826    31.6826  1025.4905    25.4344    430.730    408.330  358.31938    120.208    114.001     0.1563     0.5897     4.1343     0.5235 1.6876e-03       1533     1.0639  0.000e+00
     11.669   71.57746 -157.83766     11.790    -0.1314    -0.1182    -0.1317    31.6831    31.6839  1025.4913    25.4348    430.315    408.252  358.30043    120.099    113.982     0.1551     0.5824     4.1343     0.5235 1.0000e-12       1534     1.0646  0.000e+00
     11.615   71.57746 -157.83766     11.736    -0.1280    -0.1203    -0.1284    31.6824    31.6854  1025.4903    25.4340    430.070    408.203  358.27065    120.041    113.963     0.1563     0.5897     4.1343     0.5235 1.0000e-12       1535     1.0653  0.000e+00
     11.669   71.57746 -157.83766     11.790    -0.1249    -0.1248    -0.1252    31.6805    31.6871  1025.4889    25.4324    429.787    408.222  358.24612    119.970    113.956     0.1563     0.5897     4.1331     0.5247 1.0000e-12       1536     1.0660  0.000e+00
     11.669   71.57746 -157.83766     11.790    -0.1220    -0.1271    -0.1223    31.6789    31.6864  1025.4875    25.4310    429.390    408.194  358.22357    119.867    113.941     0.1551     0.5824     4.1233     0.5342 1.0000e-12       1537     1.0667  0.000e+00
     11.615   71.57746 -157.83766     11.735    -0.1181    -0.1286    -0.1185    31.6761    31.6870  1025.4848    25.4286    429.181    408.155  358.19468    119.818    113.926     0.1563     0.5897     4.1172     0.5401 1.0000e-12       1538     1.0674  0.000e+00
     11.731   71.57746 -157.83766     11.852    -0.1168    -0.1287    -0.1171    31.6736    31.6875  1025.4833    25.4265    428.817    408.114  358.18908    119.718    113.915     0.1551     0.5824     4.1160     0.5413 1.0000e-12       1539     1.0681  0.000e+00
     11.669   71.57746 -157.83766     11.790    -0.1172    -0.1264    -0.1176    31.6718    31.6874  1025.4816    25.4251    428.624    407.823  358.19818    119.661    113.840     0.1563     0.5897     4.1172     0.5401 1.0000e-12       1540     1.0688  0.000e+00
     11.731   71.57746 -157.83766     11.852    -0.1178    -0.1220    -0.1182    31.6713    31.6862  1025.4814    25.4246    428.485    407.714  358.20568    119.620    113.822     0.1563     0.5897     4.1172     0.5401 1.0000e-12       1541     1.0694  0.000e+00
     11.669   71.57746 -157.83766     11.790    -0.1189    -0.1186    -0.1192    31.6715    31.6848  1025.4814    25.4249    428.146    407.627  358.21499    119.522    113.806     0.1502     0.5531     4.1172     0.5401 1.0000e-12       1542     1.0701  0.000e+00
     11.700   71.57746 -157.83766     11.821    -0.1199    -0.1174    -0.1202    31.6715    31.6834  1025.4816    25.4249    428.020    407.585  358.22395    119.484    113.797     0.1416     0.5018     4.1172     0.5401 1.0000e-12       1543     1.0708  0.000e+00
     11.731   71.57746 -157.83766     11.852    -0.1200    -0.1188    -0.1203    31.6719    31.6832  1025.4821    25.4253    427.689    407.340  358.22392    119.392    113.725     0.1392     0.4872     4.1172     0.5401 1.0000e-12       1544     1.0715  0.000e+00
     11.731   71.57746 -157.83766     11.852    -0.1211    -0.1232    -0.1214    31.6731    31.6842  1025.4830    25.4262    427.581    407.333  358.23138    119.359    113.711     0.1404     0.4945     4.1172     0.5401 1.0000e-12       1545     1.0722  0.000e+00
     11.785   71.57746 -157.83766     11.907    -0.1229    -0.1307    -0.1232    31.6732    31.6865  1025.4835    25.4264    427.253    407.384  358.24785    119.262    113.704     0.1392     0.4872     4.1172     0.5401 1.0000e-12       1546     1.0729  0.000e+00
     11.731   71.57746 -157.83766     11.852    -0.1231    -0.1385    -0.1234    31.6711    31.6894  1025.4816    25.4247    426.920    407.229  358.25537    119.166    113.640     0.1404     0.4945     4.1172     0.5401 1.0000e-12       1547     1.0736  0.000e+00
     11.785   71.57746 -157.83766     11.907    -0.1274    -0.1453    -0.1278    31.6708    31.6922  1025.4817    25.4246    426.861    407.247  358.29719    119.136    113.627     0.1404     0.4945     4.1172     0.5401 1.0000e-12       1548     1.0743  0.000e+00
     11.731   71.57746 -157.83766     11.852    -0.1351    -0.1502    -0.1355    31.6735    31.6961  1025.4840    25.4272    426.603    407.251  358.36229    119.042    113.617     0.1392     0.4872     4.1184     0.5389 1.0000e-12       1549     1.0750  0.000e+00
     11.785   71.57746 -157.83766     11.907    -0.1421    -0.1540    -0.1424    31.6772    31.6987  1025.4875    25.4304    426.603    407.055  358.41732    119.024    113.553     0.1404     0.4945     4.1172     0.5401 8.4714e-06       1550     1.0757  0.000e+00
     11.785   71.57746 -157.83766     11.907    -0.1480    -0.1567    -0.1483    31.6818    31.7001  1025.4914    25.4344    426.358    407.058  358.46033    118.942    113.547     0.1392     0.4872     4.1172     0.5401 1.0000e-12       1551     1.0764  0.000e+00
     11.847   71.57746 -157.83766     11.969    -0.1521    -0.1590    -0.1524    31.6849    31.7020  1025.4945    25.4371    426.320    407.053  358.49028    118.921    113.541     0.1404     0.4945     4.1172     0.5401 1.0000e-12       1552     1.0771  0.000e+00
     11.762   71.57746 -157.83766     11.884    -0.1555    -0.1610    -0.1559    31.6880    31.7031  1025.4967    25.4397    426.040    406.845  358.51397    118.835    113.478     0.1416     0.5018     4.1172     0.5401 8.4714e-06       1553     1.0778  0.000e+00
     11.847   71.57746 -157.83764     11.969    -0.1577    -0.1625    -0.1580    31.6899    31.7033  1025.4987    25.4413    425.783    406.612  358.52900    118.758    113.409     0.1404     0.4945     4.1172     0.5401 1.0000e-12       1554     1.0785  0.000e+00
     11.847   71.57746 -157.83764     11.969    -0.1598    -0.1639    -0.1601    31.6908    31.7040  1025.4996    25.4422    425.753    406.559  358.54658    118.744    113.390     0.1416     0.5018     4.1172     0.5401 1.0000e-12       1555     1.0792  0.000e+00
     11.847   71.57746 -157.83764     11.969    -0.1612    -0.1659    -0.1615    31.6918    31.7047  1025.5004    25.4430    425.494    406.544  358.55706    118.669    113.381     0.1392     0.4872     4.1172     0.5401 1.0000e-12       1556     1.0799  0.000e+00
     11.847   71.57746 -157.83764     11.969    -0.1631    -0.1680    -0.1634    31.6924    31.7050  1025.5009    25.4435    425.474    406.312  358.57315    118.658    113.310     0.1404     0.4945     4.1270     0.5306 1.0000e-12       1557     1.0806  0.000e+00
     11.847   71.57746 -157.83764     11.969    -0.1648    -0.1705    -0.1651    31.6930    31.7056  1025.5015    25.4441    425.236    406.086  358.58744    118.586    113.240     0.1392     0.4872     4.1355     0.5223 8.4714e-06       1558     1.0813  0.000e+00
     11.901   71.57746 -157.83764     12.024    -0.1671    -0.1731    -0.1674    31.6934    31.7060  1025.5022    25.4446    424.996    405.870  358.60796    118.513    113.173     0.1404     0.4945     4.1380     0.5200 1.0000e-12       1559     1.0819  0.000e+00
     11.847   71.57746 -157.83764     11.969    -0.1692    -0.1762    -0.1695    31.6936    31.7075  1025.5022    25.4448    424.983    405.847  358.62755    118.503    113.158     0.1404     0.4945     4.1368     0.5212 1.0000e-12       1560     1.0826  0.000e+00
     11.901   71.57746 -157.83764     12.024    -0.1715    -0.1783    -0.1719    31.6943    31.7074  1025.5031    25.4454    424.765    405.610  358.64761    118.435    113.086     0.1392     0.4872     4.1368     0.5212 8.4714e-06       1561     1.0833  0.000e+00
     11.901   71.57746 -157.83764     12.024    -0.1744    -0.1805    -0.1748    31.6956    31.7082  1025.5043    25.4466    424.541    405.564  358.67152    118.365    113.067     0.1404     0.4945     4.1368     0.5212 1.0000e-12       1562     1.0840  0.000e+00
     11.877   71.57746 -157.83764     12.000    -0.1771    -0.1820    -0.1774    31.6960    31.7084  1025.5046    25.4471    424.307    405.299  358.69530    118.292    112.989     0.1392     0.4872     4.1355     0.5223 1.0000e-12       1563     1.0847  0.000e+00
     11.901   71.57746 -157.83764     12.024    -0.1794    -0.1834    -0.1797    31.6961    31.7094  1025.5049    25.4472    424.312    405.260  358.71695    118.286    112.975     0.1404     0.4945     4.1368     0.5212 1.0000e-12       1564     1.0854  0.000e+00
     11.962   71.57746 -157.83764     12.086    -0.1820    -0.1846    -0.1823    31.6969    31.7098  1025.5060    25.4480    424.360    405.015  358.73910    118.292    112.903     0.1416     0.5018     4.1368     0.5212 1.0000e-12       1565     1.0861  0.000e+00
     11.901   71.57746 -157.83764     12.024    -0.1837    -0.1856    -0.1841    31.6982    31.7096  1025.5067    25.4491    424.181    404.744  358.75216    118.238    112.825     0.1404     0.4945     4.1368     0.5212 1.0000e-12       1566     1.0868  0.000e+00
     11.962   71.57746 -157.83764     12.086    -0.1849    -0.1862    -0.1853    31.6985    31.7097  1025.5073    25.4494    424.001    404.706  358.76256    118.184    112.812     0.1404     0.4945     4.1355     0.5223 1.0000e-12       1567     1.0875  0.000e+00
     11.962   71.57746 -157.83764     12.086    -0.1865    -0.1878    -0.1868    31.6992    31.7104  1025.5080    25.4500    423.819    404.468  358.77543    118.129    112.742     0.1368     0.4725     4.1355     0.5223 1.0000e-12       1568     1.0882  0.000e+00
     11.901   71.57746 -157.83764     12.024    -0.1874    -0.1888    -0.1877    31.6991    31.7102  1025.5076    25.4500    423.627    404.459  358.78425    118.073    112.736     0.1355     0.4652     4.1368     0.5212 1.0000e-12       1569     1.0889  0.000e+00
