EcoFOCI/data/1_SampleCollection/2023_SikuliaqDBO_CruiseData/CTD_raw_BottleFile_SKQ23-12S/proc/skq202312s_033.cnv
* Sea-Bird SBE 9 Data File:
* FileName = D:\CTD\SKQ202312S\SKQ202312S_033.hex
* Software Version Seasave V 7.26.7.121
* Temperature SN = 6177
* Conductivity SN = 0369
* Number of Bytes Per Scan = 41
* Number of Voltage Words = 4
* Number of Scans Averaged by the Deck Unit = 1
* NMEA Latitude = 71 34.65 N
* NMEA Longitude = 157 50.24 W
* NMEA UTC (Time) = Sep 21 2023  14:22:10
* NMEA baud rate = 4800
** Ship: R/V Sikuliaq
** Station Number: 033
** Station Name: DBO5.9
** Bottom Depth: 66
** Operator: SD
# nquan = 24
# nvalues = 6364                                  
# units = specified
# name 0 = depSM: Depth [salt water, m]
# name 1 = latitude: Latitude [deg]
# name 2 = longitude: Longitude [deg]
# name 3 = prDM: Pressure, Digiquartz [db]
# name 4 = t090C: Temperature [ITS-90, deg C]
# name 5 = t190C: Temperature, 2 [ITS-90, deg C]
# name 6 = potemp090C: Potential Temperature [ITS-90, deg C]
# name 7 = sal00: Salinity, Practical [PSU]
# name 8 = sal11: Salinity, Practical, 2 [PSU]
# name 9 = density00: Density [density, kg/m^3]
# name 10 = sigma-é00: Density [sigma-theta, kg/m^3]
# name 11 = sbox0Mm/Kg: Oxygen, SBE 43 [umol/kg]
# name 12 = sbox1Mm/Kg: Oxygen, SBE 43, 2 [umol/kg]
# name 13 = oxsolMm/Kg: Oxygen Saturation, Garcia & Gordon [umol/kg]
# name 14 = sbeox0PS: Oxygen, SBE 43 [% saturation]
# name 15 = sbeox1PS: Oxygen, SBE 43, 2 [% saturation]
# name 16 = v0: Voltage 0
# name 17 = flECO-AFL: Fluorescence, WET Labs ECO-AFL/FL [mg/m^3]
# name 18 = v1: Voltage 1
# name 19 = CStarAt0: Beam Attenuation, WET Labs C-Star [1/m]
# name 20 = par: PAR/Irradiance, Biospherical/Licor
# name 21 = scan: Scan Count
# name 22 = timeM: Time, Elapsed [minutes]
# name 23 = flag:  0.000e+00
# span 0 =      2.472,     59.570                 
# span 1 =   71.57744,   71.57752                 
# span 2 = -157.83780, -157.83732                 
# span 3 =      2.497,     60.194                 
# span 4 =    -1.6373,     2.2384                 
# span 5 =    -1.6358,     2.2397                 
# span 6 =    -1.6384,     2.2382                 
# span 7 =    29.9692,    32.9009                 
# span 8 =    30.0823,    32.9111                 
# span 9 =  1023.9801,  1026.7604                 
# span 10 =    23.9328,    26.4705                
# span 11 =    272.003,    453.888                
# span 12 =    258.249,    427.794                
# span 13 =  341.24442,  369.61372                
# span 14 =     73.633,    124.768                
# span 15 =     69.921,    117.528                
# span 16 =     0.0659,     0.1648                
# span 17 =     0.0476,     0.6410                
# span 18 =     2.7949,     4.1844                
# span 19 =     0.4754,     2.0902                
# span 20 = 1.0000e-12, 6.2309e-01                
# span 21 =          1,       6364                
# span 22 =     0.0000,     4.4188                
# span 23 = 0.0000e+00, 0.0000e+00                
# interval = seconds: 0.0416667
# start_time = Sep 21 2023 14:28:00 [NMEA time, first data scan]
# bad_flag = -9.990e-29
*END*
[from data line 785]
      6.762   71.57746 -157.83772      6.832     2.2328     2.2358     2.2325    30.0746    30.0835  1024.0443    24.0120    356.022    338.171  341.33781    104.302     99.087     0.1477     0.5384     4.1514     0.5070 5.7712e-02        786     0.5451  0.000e+00
      6.762   71.57746 -157.83772      6.832     2.2328     2.2358     2.2325    30.0744    30.0837  1024.0442    24.0118    356.057    338.178  341.33832    104.312     99.089     0.1477     0.5384     4.1514     0.5070 5.2342e-02        787     0.5458  0.000e+00
      6.816   71.57746 -157.83772      6.886     2.2330     2.2360     2.2327    30.0745    30.0836  1024.0445    24.0119    356.092    338.161  341.33658    104.323     99.084     0.1465     0.5311     4.1514     0.5070 3.0343e-02        788     0.5465  0.000e+00
      6.762   71.57746 -157.83772      6.832     2.2330     2.2360     2.2327    30.0749    30.0834  1024.0446    24.0122    356.122    338.165  341.33549    104.332     99.085     0.1477     0.5384     4.1514     0.5070 2.1409e-02        789     0.5472  0.000e+00
      6.816   71.57746 -157.83772      6.886     2.2333     2.2358     2.2330    30.0747    30.0837  1024.0446    24.0120    356.117    338.174  341.33336    104.331     99.088     0.1490     0.5458     4.1514     0.5070 2.1409e-02        790     0.5479  0.000e+00
      6.877   71.57746 -157.83772      6.949     2.2333     2.2357     2.2330    30.0744    30.0836  1024.0447    24.0118    356.154    338.184  341.33405    104.342     99.090     0.1477     0.5384     4.1514     0.5070 2.4594e-02        791     0.5486  0.000e+00
      6.816   71.57746 -157.83772      6.886     2.2335     2.2359     2.2332    30.0746    30.0834  1024.0446    24.0120    356.142    338.161  341.33205    104.339     99.084     0.1477     0.5384     4.1514     0.5070 2.6214e-02        792     0.5493  0.000e+00
      6.816   71.57746 -157.83772      6.886     2.2338     2.2357     2.2335    30.0745    30.0834  1024.0445    24.0118    356.132    338.143  341.32965    104.337     99.078     0.1477     0.5384     4.1514     0.5070 2.6214e-02        793     0.5500  0.000e+00
      6.931   71.57746 -157.83772      7.003     2.2338     2.2356     2.2335    30.0748    30.0833  1024.0452    24.0121    356.127    338.153  341.32889    104.335     99.081     0.1477     0.5384     4.1514     0.5070 1.9844e-02        794     0.5507  0.000e+00
      6.877   71.57746 -157.83772      6.948     2.2338     2.2356     2.2335    30.0747    30.0838  1024.0449    24.0120    356.153    338.154  341.32902    104.343     99.081     0.1490     0.5458     4.1514     0.5070 1.6005e-02        795     0.5514  0.000e+00
      6.877   71.57746 -157.83772      6.948     2.2339     2.2357     2.2336    30.0746    30.0836  1024.0448    24.0119    355.233    338.157  341.32846    104.074     99.082     0.1477     0.5384     4.1514     0.5070 1.5627e-02        796     0.5521  0.000e+00
      6.877   71.57746 -157.83772      6.948     2.2340     2.2356     2.2337    30.0743    30.0837  1024.0446    24.0117    356.024    338.162  341.32873    104.305     99.083     0.1477     0.5384     4.1514     0.5070 1.1174e-02        797     0.5528  0.000e+00
      6.931   71.57746 -157.83772      7.003     2.2340     2.2360     2.2337    30.0746    30.0831  1024.0451    24.0119    356.059    338.166  341.32789    104.316     99.085     0.1477     0.5384     4.1514     0.5070 7.9318e-03        798     0.5535  0.000e+00
      6.877   71.57746 -157.83772      6.948     2.2340     2.2360     2.2337    30.0744    30.0834  1024.0447    24.0118    356.050    338.142  341.32843    104.313     99.078     0.1477     0.5384     4.1514     0.5070 7.2223e-03        799     0.5542  0.000e+00
      6.877   71.57746 -157.83772      6.948     2.2343     2.2358     2.2339    30.0742    30.0833  1024.0445    24.0116    355.813    338.121  341.32666    104.244     99.072     0.1465     0.5311     4.1526     0.5058 1.9067e-02        800     0.5549  0.000e+00
      6.931   71.57746 -157.83772      7.003     2.2338     2.2363     2.2334    30.0743    30.0831  1024.0448    24.0117    355.775    338.122  341.33065    104.232     99.073     0.1477     0.5384     4.1514     0.5070 3.4590e-02        801     0.5556  0.000e+00
      6.931   71.57746 -157.83772      7.003     2.2340     2.2361     2.2337    30.0742    30.0839  1024.0448    24.0116    355.994    338.123  341.32901    104.297     99.074     0.1502     0.5531     4.1514     0.5070 3.8958e-02        802     0.5563  0.000e+00
      6.931   71.57746 -157.83772      7.003     2.2340     2.2361     2.2337    30.0744    30.0834  1024.0449    24.0118    356.025    338.101  341.32840    104.306     99.067     0.1502     0.5531     4.1514     0.5070 3.9401e-02        803     0.5569  0.000e+00
      6.931   71.57746 -157.83772      7.003     2.2338     2.2365     2.2335    30.0744    30.0833  1024.0450    24.0118    356.019    338.099  341.32980    104.303     99.067     0.1502     0.5531     4.1526     0.5058 4.2542e-02        804     0.5576  0.000e+00
      6.931   71.57746 -157.83772      7.003     2.2340     2.2365     2.2337    30.0742    30.0832  1024.0448    24.0116    356.047    337.898  341.32891    104.312     99.008     0.1502     0.5531     4.1514     0.5070 4.3450e-02        805     0.5583  0.000e+00
      6.931   71.57746 -157.83772      7.003     2.2339     2.2365     2.2336    30.0745    30.0837  1024.0450    24.0118    356.038    338.077  341.32873    104.309     99.061     0.1502     0.5531     4.1514     0.5070 3.7635e-02        806     0.5590  0.000e+00
      6.993   71.57746 -157.83772      7.065     2.2340     2.2365     2.2337    30.0742    30.0835  1024.0451    24.0116    356.030    338.108  341.32889    104.307     99.069     0.1514     0.5604     4.1514     0.5070 2.4192e-02        807     0.5597  0.000e+00
      6.931   71.57746 -157.83772      7.003     2.2341     2.2363     2.2338    30.0741    30.0834  1024.0447    24.0115    356.240    338.110  341.32791    104.369     99.070     0.1502     0.5531     4.1514     0.5070 1.9844e-02        808     0.5604  0.000e+00
      6.931   71.57746 -157.83772      7.003     2.2340     2.2365     2.2337    30.0743    30.0836  1024.0448    24.0116    355.848    338.314  341.32881    104.254     99.130     0.1514     0.5604     4.1514     0.5070 2.2595e-02        809     0.5611  0.000e+00
      6.993   71.57746 -157.83772      7.065     2.2339     2.2366     2.2336    30.0742    30.0836  1024.0451    24.0116    356.066    338.138  341.32932    104.317     99.079     0.1502     0.5531     4.1514     0.5070 3.3731e-02        810     0.5618  0.000e+00
      6.931   71.57746 -157.83772      7.003     2.2343     2.2366     2.2339    30.0742    30.0834  1024.0447    24.0115    356.046    338.138  341.32673    104.312     99.079     0.1502     0.5531     4.1514     0.5070 3.8958e-02        811     0.5625  0.000e+00
      6.931   71.57746 -157.83772      7.003     2.2341     2.2365     2.2338    30.0747    30.0832  1024.0452    24.0120    356.069    338.142  341.32618    104.319     99.079     0.1514     0.5604     4.1514     0.5070 4.1638e-02        812     0.5632  0.000e+00
      6.931   71.57746 -157.83772      7.003     2.2344     2.2366     2.2341    30.0746    30.0832  1024.0451    24.0119    356.051    338.142  341.32411    104.315     99.080     0.1502     0.5531     4.1514     0.5070 6.6343e-02        813     0.5639  0.000e+00
      6.931   71.57746 -157.83772      7.003     2.2346     2.2366     2.2343    30.0745    30.0835  1024.0450    24.0118    356.072    338.144  341.32311    104.321     99.080     0.1514     0.5604     4.1514     0.5070 8.0369e-02        814     0.5646  0.000e+00
      6.993   71.57746 -157.83772      7.065     2.2346     2.2365     2.2343    30.0745    30.0838  1024.0452    24.0117    356.096    338.149  341.32319    104.328     99.082     0.1502     0.5531     4.1514     0.5070 8.2054e-02        815     0.5653  0.000e+00
      6.877   71.57746 -157.83772      6.948     2.2351     2.2366     2.2347    30.0740    30.0836  1024.0443    24.0114    356.070    338.145  341.32004    104.321     99.081     0.1502     0.5531     4.1514     0.5070 1.0094e-01        816     0.5660  0.000e+00
      6.931   71.57746 -157.83772      7.003     2.2347     2.2366     2.2344    30.0743    30.0841  1024.0448    24.0116    356.056    338.148  341.32211    104.317     99.082     0.1490     0.5458     4.1514     0.5070 1.1430e-01        817     0.5667  0.000e+00
      6.931   71.57746 -157.83772      7.003     2.2349     2.2365     2.2346    30.0744    30.0837  1024.0448    24.0117    356.034    338.153  341.32060    104.311     99.083     0.1502     0.5531     4.1514     0.5070 1.1627e-01        818     0.5674  0.000e+00
      6.931   71.57746 -157.83772      7.003     2.2347     2.2366     2.2344    30.0742    30.0835  1024.0447    24.0115    356.015    338.154  341.32252    104.304     99.083     0.1514     0.5604     4.1514     0.5070 1.1169e-01        819     0.5681  0.000e+00
      6.931   71.57746 -157.83772      7.003     2.2349     2.2365     2.2346    30.0741    30.0833  1024.0446    24.0114    356.029    338.158  341.32131    104.309     99.084     0.1502     0.5531     4.1514     0.5070 1.0848e-01        820     0.5687  0.000e+00
      6.877   71.57746 -157.83772      6.948     2.2349     2.2363     2.2346    30.0742    30.0838  1024.0444    24.0115    355.775    338.158  341.32104    104.235     99.084     0.1514     0.5604     4.1514     0.5070 1.0784e-01        821     0.5694  0.000e+00
      6.877   71.57746 -157.83772      6.948     2.2347     2.2366     2.2344    30.0744    30.0834  1024.0446    24.0117    355.943    338.158  341.32204    104.284     99.084     0.1490     0.5458     4.1514     0.5070 1.0218e-01        822     0.5701  0.000e+00
      6.877   71.57746 -157.83772      6.948     2.2347     2.2365     2.2344    30.0744    30.0835  1024.0446    24.0117    355.957    338.161  341.32204    104.288     99.085     0.1502     0.5531     4.1514     0.5070 9.5458e-02        823     0.5708  0.000e+00
      6.877   71.57746 -157.83772      6.948     2.2349     2.2363     2.2346    30.0744    30.0838  1024.0446    24.0117    355.742    338.138  341.32053    104.225     99.078     0.1514     0.5604     4.1514     0.5070 9.3660e-02        824     0.5715  0.000e+00
      6.877   71.57746 -157.83772      6.948     2.2347     2.2365     2.2344    30.0744    30.0835  1024.0446    24.0117    355.949    338.139  341.32194    104.285     99.079     0.1502     0.5531     4.1514     0.5070 1.0156e-01        825     0.5722  0.000e+00
      6.877   71.57746 -157.83772      6.948     2.2346     2.2363     2.2343    30.0743    30.0838  1024.0445    24.0116    355.967    338.141  341.32365    104.290     99.079     0.1514     0.5604     4.1514     0.5070 1.1364e-01        826     0.5729  0.000e+00
      6.815   71.57746 -157.83772      6.885     2.2344     2.2366     2.2341    30.0744    30.0836  1024.0444    24.0117    355.981    338.136  341.32466    104.294     99.078     0.1502     0.5531     4.1514     0.5070 1.1627e-01        827     0.5736  0.000e+00
      6.877   71.57746 -157.83772      6.948     2.2344     2.2365     2.2341    30.0742    30.0838  1024.0444    24.0115    355.961    338.141  341.32536    104.288     99.080     0.1514     0.5604     4.1514     0.5070 1.2365e-01        828     0.5743  0.000e+00
      6.815   71.57746 -157.83772      6.885     2.2343     2.2365     2.2339    30.0743    30.0836  1024.0443    24.0117    355.973    338.343  341.32638    104.291     99.138     0.1502     0.5531     4.1514     0.5070 1.4056e-01        829     0.5750  0.000e+00
      6.815   71.57746 -157.83772      6.885     2.2343     2.2363     2.2339    30.0741    30.0837  1024.0441    24.0115    355.949    338.165  341.32688    104.284     99.086     0.1502     0.5531     4.1502     0.5082 1.4645e-01        830     0.5757  0.000e+00
      6.815   71.57746 -157.83772      6.885     2.2341     2.2365     2.2338    30.0742    30.0835  1024.0442    24.0116    356.189    338.164  341.32765    104.354     99.086     0.1514     0.5604     4.1502     0.5082 1.3622e-01        831     0.5764  0.000e+00
      6.815   71.57746 -157.83772      6.885     2.2338     2.2363     2.2335    30.0742    30.0839  1024.0443    24.0116    356.014    338.165  341.33026    104.302     99.086     0.1502     0.5531     4.1502     0.5082 1.0343e-01        832     0.5771  0.000e+00
      6.815   71.57746 -157.83772      6.885     2.2337     2.2363     2.2333    30.0739    30.0840  1024.0440    24.0114    356.027    338.165  341.33248    104.305     99.086     0.1514     0.5604     4.1502     0.5082 9.1287e-02        833     0.5778  0.000e+00
      6.761   71.57746 -157.83772      6.831     2.2335     2.2363     2.2332    30.0740    30.0838  1024.0438    24.0115    356.264    338.138  341.33371    104.374     99.078     0.1490     0.5458     4.1502     0.5082 9.1287e-02        834     0.5785  0.000e+00
      6.815   71.57746 -157.83772      6.885     2.2333     2.2363     2.2330    30.0741    30.0837  1024.0442    24.0115    356.088    338.139  341.33488    104.322     99.078     0.1514     0.5604     4.1502     0.5082 9.4258e-02        835     0.5792  0.000e+00
      6.761   71.57746 -157.83772      6.831     2.2332     2.2363     2.2329    30.0743    30.0837  1024.0441    24.0117    356.096    338.136  341.33581    104.324     99.077     0.1514     0.5604     4.1502     0.5082 9.4857e-02        836     0.5799  0.000e+00
      6.761   71.57746 -157.83772      6.831     2.2330     2.2363     2.2327    30.0742    30.0834  1024.0440    24.0117    356.107    338.135  341.33732    104.327     99.077     0.1502     0.5531     4.1502     0.5082 9.4857e-02        837     0.5806  0.000e+00
      6.761   71.57746 -157.83772      6.831     2.2328     2.2363     2.2325    30.0739    30.0833  1024.0438    24.0114    356.119    338.135  341.33954    104.330     99.077     0.1514     0.5604     4.1502     0.5082 9.9100e-02        838     0.5813  0.000e+00
      6.761   71.57746 -157.83772      6.831     2.2326     2.2363     2.2323    30.0744    30.0838  1024.0442    24.0119    356.130    338.132  341.34049    104.333     99.077     0.1502     0.5531     4.1502     0.5082 1.0156e-01        839     0.5819  0.000e+00
      6.699   71.57746 -157.83772      6.768     2.2327     2.2361     2.2324    30.0741    30.0837  1024.0437    24.0116    356.135    338.333  341.34002    104.334     99.135     0.1502     0.5531     4.1502     0.5082 1.0156e-01        840     0.5826  0.000e+00
      6.761   71.57746 -157.83772      6.831     2.2326     2.2363     2.2323    30.0744    30.0836  1024.0442    24.0119    356.148    338.357  341.34049    104.338     99.142     0.1490     0.5458     4.1502     0.5082 1.0657e-01        841     0.5833  0.000e+00
      6.699   71.57746 -157.83772      6.768     2.2326     2.2361     2.2323    30.0742    30.0834  1024.0438    24.0117    356.155    338.378  341.34102    104.340     99.148     0.1502     0.5531     4.1502     0.5082 1.0976e-01        842     0.5840  0.000e+00
      6.614   71.57746 -157.83772      6.683     2.2324     2.2360     2.2321    30.0745    30.0839  1024.0436    24.0119    356.162    338.394  341.34180    104.342     99.153     0.1514     0.5604     4.1502     0.5082 1.1040e-01        843     0.5847  0.000e+00
      6.761   71.57746 -157.83772      6.831     2.2324     2.2358     2.2321    30.0745    30.0834  1024.0443    24.0119    356.178    338.423  341.34179    104.346     99.160     0.1490     0.5458     4.1502     0.5082 1.2433e-01        844     0.5854  0.000e+00
      6.761   71.57746 -157.83772      6.831     2.2324     2.2357     2.2321    30.0743    30.0833  1024.0441    24.0118    356.032    338.239  341.34230    104.303     99.106     0.1514     0.5604     4.1502     0.5082 1.3838e-01        845     0.5861  0.000e+00
