EcoFOCI/data/1_SampleCollection/2023_SikuliaqDBO_CruiseData/CTD_raw_BottleFile_SKQ23-12S/proc/skq202312s_039.cnv
* Sea-Bird SBE 9 Data File:
* FileName = D:\CTD\SKQ202312S\SKQ202312S_039.hex
* Software Version Seasave V 7.26.7.121
* Temperature SN = 6177
* Conductivity SN = 0369
* Number of Bytes Per Scan = 41
* Number of Voltage Words = 4
* Number of Scans Averaged by the Deck Unit = 1
* NMEA Latitude = 71 19.31 N
* NMEA Longitude = 160 39.09 W
* NMEA UTC (Time) = Sep 23 2023  11:49:51
* NMEA baud rate = 4800
** Ship: R/V Sikuliaq
** Station Number: 039
** Station Name: DBO4.2n
** Bottom Depth: 48
** Operator: SD
# nquan = 24
# nvalues = 5872                                  
# units = specified
# name 0 = depSM: Depth [salt water, m]
# name 1 = latitude: Latitude [deg]
# name 2 = longitude: Longitude [deg]
# name 3 = prDM: Pressure, Digiquartz [db]
# name 4 = t090C: Temperature [ITS-90, deg C]
# name 5 = t190C: Temperature, 2 [ITS-90, deg C]
# name 6 = potemp090C: Potential Temperature [ITS-90, deg C]
# name 7 = sal00: Salinity, Practical [PSU]
# name 8 = sal11: Salinity, Practical, 2 [PSU]
# name 9 = density00: Density [density, kg/m^3]
# name 10 = sigma-é00: Density [sigma-theta, kg/m^3]
# name 11 = sbox0Mm/Kg: Oxygen, SBE 43 [umol/kg]
# name 12 = sbox1Mm/Kg: Oxygen, SBE 43, 2 [umol/kg]
# name 13 = oxsolMm/Kg: Oxygen Saturation, Garcia & Gordon [umol/kg]
# name 14 = sbeox0PS: Oxygen, SBE 43 [% saturation]
# name 15 = sbeox1PS: Oxygen, SBE 43, 2 [% saturation]
# name 16 = v0: Voltage 0
# name 17 = flECO-AFL: Fluorescence, WET Labs ECO-AFL/FL [mg/m^3]
# name 18 = v1: Voltage 1
# name 19 = CStarAt0: Beam Attenuation, WET Labs C-Star [1/m]
# name 20 = par: PAR/Irradiance, Biospherical/Licor
# name 21 = scan: Scan Count
# name 22 = timeM: Time, Elapsed [minutes]
# name 23 = flag:  0.000e+00
# span 0 =      2.663,     43.060                 
# span 1 =   71.32186,   71.32190                 
# span 2 = -160.65154, -160.65148                 
# span 3 =      2.691,     43.509                 
# span 4 =    -1.6695,     2.5696                 
# span 5 =    -1.6682,     2.5769                 
# span 6 =    -1.6702,     2.5692                 
# span 7 =    27.5123,    32.6614                 
# span 8 =    27.5271,    32.6724                 
# span 9 =  1021.9683,  1026.4864                 
# span 10 =    21.9438,    26.2767                
# span 11 =    249.625,    474.033                
# span 12 =    236.638,    448.684                
# span 13 =  345.01977,  370.72887                
# span 14 =     67.387,    129.538                
# span 15 =     63.890,    122.611                
# span 16 =     0.0635,     0.3492                
# span 17 =     0.0330,     1.7472                
# span 18 =     2.7473,     4.1770                
# span 19 =     0.4824,     2.1590                
# span 20 = 1.0000e-12, 7.7682e-01                
# span 21 =          1,       5872                
# span 22 =     0.0000,     4.0771                
# span 23 = 0.0000e+00, 0.0000e+00                
# interval = seconds: 0.0416667
# start_time = Sep 23 2023 11:54:34 [NMEA time, first data scan]
# bad_flag = -9.990e-29
*END*
[from data line 1148]
      7.507   71.32186 -160.65154      7.584     2.5468     2.5430     2.5465    27.5233    27.5348  1021.9890    21.9530    338.376    321.751  345.30114     97.995     93.179     0.1770     0.7143     4.0928     0.5639 9.9713e-02       1149     0.7972  0.000e+00
      7.507   71.32186 -160.65154      7.584     2.5452     2.5407     2.5449    27.5234    27.5367  1021.9892    21.9532    338.385    321.776  345.31445     97.993     93.182     0.1770     0.7143     4.0928     0.5639 8.8357e-02       1150     0.7979  0.000e+00
      7.507   71.32186 -160.65154      7.584     2.5442     2.5406     2.5438    27.5231    27.5366  1021.9891    21.9530    338.580    321.785  345.32462     98.047     93.184     0.1770     0.7143     4.0928     0.5639 8.5468e-02       1151     0.7986  0.000e+00
      7.445   71.32186 -160.65154      7.522     2.5435     2.5411     2.5432    27.5219    27.5359  1021.9879    21.9521    338.615    321.787  345.33340     98.054     93.186     0.1783     0.7216     4.0928     0.5639 8.3186e-02       1152     0.7993  0.000e+00
      7.507   71.32186 -160.65154      7.584     2.5433     2.5404     2.5429    27.5207    27.5358  1021.9872    21.9512    338.421    321.805  345.33902     97.997     93.189     0.1734     0.6923     4.0928     0.5639 7.5944e-02       1153     0.8000  0.000e+00
      7.507   71.32186 -160.65154      7.584     2.5412     2.5386     2.5408    27.5212    27.5366  1021.9878    21.9517    338.429    321.827  345.35591     97.994     93.192     0.1648     0.6410     4.0928     0.5639 7.3228e-02       1154     0.8007  0.000e+00
      7.507   71.32186 -160.65154      7.584     2.5393     2.5380     2.5389    27.5222    27.5368  1021.9887    21.9527    338.434    321.840  345.36975     97.992     93.195     0.1612     0.6190     4.0928     0.5639 7.2689e-02       1155     0.8014  0.000e+00
      7.507   71.32186 -160.65154      7.584     2.5373     2.5385     2.5369    27.5238    27.5356  1021.9901    21.9541    338.667    321.847  345.38292     98.056     93.197     0.1612     0.6190     4.0928     0.5639 6.8435e-02       1156     0.8021  0.000e+00
      7.561   71.32186 -160.65154      7.639     2.5363     2.5377     2.5360    27.5241    27.5360  1021.9906    21.9543    338.474    322.068  345.39072     97.998     93.259     0.1612     0.6190     4.0928     0.5639 6.6343e-02       1157     0.8028  0.000e+00
      7.445   71.32186 -160.65154      7.522     2.5365     2.5362     2.5361    27.5242    27.5368  1021.9901    21.9544    338.455    322.082  345.38914     97.992     93.260     0.1624     0.6264     4.0928     0.5639 6.6864e-02       1158     0.8035  0.000e+00
      7.507   71.32186 -160.65154      7.584     2.5371     2.5344     2.5368    27.5228    27.5383  1021.9893    21.9532    338.672    322.126  345.38709     98.056     93.270     0.1636     0.6337     4.0916     0.5651 7.1617e-02       1159     0.8042  0.000e+00
      7.561   71.32186 -160.65154      7.639     2.5369     2.5338     2.5366    27.5228    27.5389  1021.9896    21.9533    338.699    322.161  345.38849     98.063     93.279     0.1612     0.6190     4.0916     0.5651 7.4310e-02       1160     0.8049  0.000e+00
      7.507   71.32186 -160.65154      7.584     2.5362     2.5346     2.5359    27.5235    27.5380  1021.9899    21.9539    338.723    321.976  345.39275     98.069     93.227     0.1624     0.6264     4.0928     0.5639 7.4853e-02       1161     0.8056  0.000e+00
      7.507   71.32186 -160.65154      7.584     2.5357     2.5349     2.5354    27.5247    27.5376  1021.9909    21.9548    338.746    321.977  345.39438     98.075     93.227     0.1612     0.6190     4.0916     0.5651 1.2229e-01       1162     0.8063  0.000e+00
      7.507   71.32186 -160.65154      7.584     2.5355     2.5327     2.5352    27.5262    27.5398  1021.9921    21.9561    338.533    321.994  345.39182     98.014     93.229     0.1612     0.6190     4.0928     0.5639 1.6178e-01       1163     0.8069  0.000e+00
      7.507   71.32186 -160.65154      7.584     2.5366     2.5317     2.5363    27.5269    27.5403  1021.9926    21.9566    338.502    322.006  345.38047     98.008     93.230     0.1612     0.6190     4.0916     0.5651 1.6897e-01       1164     0.8076  0.000e+00
      7.561   71.32186 -160.65154      7.639     2.5376     2.5318     2.5373    27.5279    27.5391  1021.9936    21.9573    338.703    322.218  345.36929     98.070     93.291     0.1612     0.6190     4.0940     0.5627 1.3766e-01       1165     0.8083  0.000e+00
      7.507   71.32186 -160.65154      7.584     2.5377     2.5301     2.5374    27.5287    27.5396  1021.9940    21.9579    338.714    322.256  345.36629     98.074     93.298     0.1624     0.6264     4.0977     0.5591 1.1169e-01       1166     0.8090  0.000e+00
      7.507   71.32186 -160.65154      7.584     2.5385     2.5309     2.5382    27.5289    27.5379  1021.9940    21.9580    337.844    322.074  345.35882     97.824     93.246     0.1612     0.6190     4.0977     0.5591 1.0720e-01       1167     0.8097  0.000e+00
      7.561   71.32186 -160.65154      7.639     2.5390     2.5321     2.5387    27.5288    27.5361  1021.9942    21.9579    338.630    322.045  345.35424     98.053     93.239     0.1624     0.6264     4.0977     0.5591 9.7879e-02       1168     0.8104  0.000e+00
      7.561   71.32186 -160.65154      7.639     2.5394     2.5326     2.5391    27.5288    27.5356  1021.9942    21.9579    338.647    322.017  345.35112     98.059     93.232     0.1612     0.6190     4.0977     0.5591 8.4895e-02       1169     0.8111  0.000e+00
      7.507   71.32186 -160.65154      7.584     2.5404     2.5321     2.5401    27.5280    27.5356  1021.9932    21.9572    338.655    322.018  345.34460     98.063     93.231     0.1612     0.6190     4.0977     0.5591 8.1491e-02       1170     0.8118  0.000e+00
      7.561   71.32186 -160.65154      7.639     2.5416     2.5322     2.5413    27.5269    27.5353  1021.9925    21.9562    338.666    321.993  345.33676     98.068     93.224     0.1624     0.6264     4.0977     0.5591 8.2619e-02       1171     0.8125  0.000e+00
      7.561   71.32186 -160.65154      7.639     2.5430     2.5330     2.5427    27.5257    27.5343  1021.9915    21.9552    337.984    321.961  345.32771     97.873     93.216     0.1612     0.6190     4.0977     0.5591 8.3754e-02       1172     0.8132  0.000e+00
      7.507   71.32186 -160.65154      7.584     2.5434     2.5334     2.5430    27.5249    27.5336  1021.9906    21.9545    338.574    321.749  345.32692     98.044     93.155     0.1624     0.6264     4.0977     0.5591 8.4324e-02       1173     0.8139  0.000e+00
      7.561   71.32186 -160.65154      7.639     2.5432     2.5337     2.5429    27.5239    27.5332  1021.9900    21.9538    338.598    321.929  345.33095     98.050     93.207     0.1612     0.6190     4.0977     0.5591 8.6042e-02       1174     0.8146  0.000e+00
      7.561   71.32186 -160.65154      7.639     2.5429     2.5334     2.5426    27.5236    27.5325  1021.9898    21.9535    338.655    321.701  345.33406     98.066     93.140     0.1612     0.6190     4.0977     0.5591 9.0697e-02       1175     0.8153  0.000e+00
      7.561   71.32186 -160.65154      7.639     2.5427     2.5319     2.5424    27.5234    27.5335  1021.9897    21.9534    338.674    321.660  345.33652     98.071     93.126     0.1612     0.6190     4.0977     0.5591 9.2470e-02       1176     0.8160  0.000e+00
      7.615   71.32186 -160.65154      7.693     2.5413     2.5305     2.5410    27.5239    27.5344  1021.9904    21.9539    338.702    321.621  345.34739     98.076     93.112     0.1612     0.6190     4.0977     0.5591 9.4857e-02       1177     0.8167  0.000e+00
      7.561   71.32186 -160.65154      7.639     2.5406     2.5293     2.5402    27.5242    27.5354  1021.9904    21.9541    338.490    321.602  345.35327     98.013     93.104     0.1624     0.6264     4.0977     0.5591 1.0912e-01       1178     0.8174  0.000e+00
      7.561   71.32186 -160.65154      7.639     2.5409     2.5297     2.5405    27.5263    27.5346  1021.9921    21.9558    338.686    321.780  345.34504     98.072     93.156     0.1722     0.6850     4.0977     0.5591 1.1561e-01       1179     0.8181  0.000e+00
      7.561   71.32186 -160.65154      7.639     2.5412     2.5301     2.5408    27.5281    27.5341  1021.9935    21.9573    338.231    321.571  345.33774     97.942     93.096     0.1795     0.7289     4.0977     0.5591 1.1495e-01       1180     0.8187  0.000e+00
      7.591   71.32186 -160.65154      7.670     2.5438     2.5296     2.5435    27.5277    27.5339  1021.9932    21.9567    338.374    321.554  345.31541     97.990     93.090     0.1807     0.7362     4.0977     0.5591 1.0657e-01       1181     0.8194  0.000e+00
      7.615   71.32186 -160.65154      7.693     2.5465     2.5318     2.5462    27.5270    27.5324  1021.9925    21.9560    338.326    321.515  345.29375     97.982     93.083     0.1807     0.7362     4.0977     0.5591 1.0280e-01       1182     0.8201  0.000e+00
      7.614   71.32186 -160.65154      7.693     2.5485     2.5329     2.5482    27.5273    27.5321  1021.9926    21.9561    338.242    321.509  345.27562     97.963     93.083     0.1783     0.7216     4.0977     0.5591 1.0218e-01       1183     0.8208  0.000e+00
      7.614   71.32186 -160.65154      7.693     2.5506     2.5322     2.5503    27.5262    27.5335  1021.9917    21.9551    338.198    321.491  345.26045     97.955     93.078     0.1807     0.7362     4.0977     0.5591 9.0110e-02       1184     0.8215  0.000e+00
      7.676   71.32186 -160.65154      7.755     2.5515     2.5301     2.5512    27.5253    27.5354  1021.9911    21.9543    338.397    321.489  345.25500     98.014     93.073     0.1807     0.7362     4.0965     0.5603 8.2619e-02       1185     0.8222  0.000e+00
      7.614   71.32186 -160.65154      7.693     2.5531     2.5313     2.5527    27.5241    27.5353  1021.9898    21.9533    338.162    321.458  345.24445     97.949     93.067     0.1795     0.7289     4.0952     0.5615 8.2054e-02       1186     0.8229  0.000e+00
      7.614   71.32186 -160.65154      7.693     2.5539     2.5369     2.5535    27.5231    27.5337  1021.9890    21.9524    338.129    321.393  345.24002     97.940     93.060     0.1807     0.7362     4.0952     0.5615 8.3186e-02       1187     0.8236  0.000e+00
      7.676   71.32186 -160.65154      7.755     2.5538     2.5421     2.5535    27.5232    27.5341  1021.9893    21.9525    337.875    321.332  345.24034     97.867     93.055     0.1795     0.7289     4.0952     0.5615 8.3754e-02       1188     0.8243  0.000e+00
      7.614   71.32186 -160.65154      7.693     2.5534     2.5465     2.5531    27.5251    27.5350  1021.9906    21.9540    338.076    321.247  345.23896     97.925     93.041     0.1807     0.7362     4.0952     0.5615 8.3754e-02       1189     0.8250  0.000e+00
      7.676   71.32186 -160.65154      7.755     2.5536     2.5504     2.5532    27.5262    27.5346  1021.9917    21.9549    338.049    321.199  345.23477     97.919     93.036     0.1795     0.7289     4.0952     0.5615 9.4258e-02       1190     0.8257  0.000e+00
      7.730   71.32186 -160.65154      7.810     2.5542     2.5539     2.5539    27.5249    27.5336  1021.9909    21.9538    338.024    321.158  345.23242     97.912     93.032     0.1807     0.7362     4.0965     0.5603 1.0848e-01       1191     0.8264  0.000e+00
      7.676   71.32186 -160.65154      7.755     2.5540     2.5570     2.5537    27.5239    27.5322  1021.9898    21.9530    338.001    320.912  345.23661     97.904     92.967     0.1807     0.7362     4.0952     0.5615 1.1234e-01       1192     0.8271  0.000e+00
      7.676   71.32186 -160.65154      7.755     2.5540     2.5570     2.5536    27.5231    27.5326  1021.9892    21.9524    337.979    320.877  345.23920     97.897     92.957     0.1795     0.7289     4.0952     0.5615 1.0784e-01       1193     0.8278  0.000e+00
      7.730   71.32186 -160.65154      7.810     2.5536     2.5574     2.5532    27.5232    27.5325  1021.9896    21.9525    337.960    320.842  345.24254     97.891     92.948     0.1807     0.7362     4.0952     0.5615 1.0094e-01       1194     0.8285  0.000e+00
      7.676   71.32186 -160.65154      7.755     2.5529     2.5572     2.5526    27.5230    27.5332  1021.9892    21.9524    337.940    320.809  345.24869     97.883     92.938     0.1795     0.7289     4.0952     0.5615 9.9713e-02       1195     0.8292  0.000e+00
      7.730   71.32186 -160.65154      7.810     2.5523     2.5570     2.5520    27.5231    27.5337  1021.9896    21.9525    338.000    320.782  345.25366     97.899     92.931     0.1795     0.7289     4.0952     0.5615 9.6061e-02       1196     0.8299  0.000e+00
      7.792   71.32186 -160.65154      7.872     2.5517     2.5568     2.5513    27.5249    27.5338  1021.9913    21.9539    338.022    320.964  345.25469     97.905     92.983     0.1795     0.7289     4.0952     0.5615 8.8357e-02       1197     0.8306  0.000e+00
      7.730   71.32186 -160.65154      7.810     2.5522     2.5567     2.5518    27.5277    27.5337  1021.9933    21.9562    337.987    320.961  345.24300     97.898     92.982     0.1795     0.7289     4.0965     0.5603 8.5468e-02       1198     0.8313  0.000e+00
      7.792   71.32186 -160.65154      7.872     2.5541     2.5562     2.5538    27.5287    27.5338  1021.9942    21.9568    338.176    320.762  345.22300     97.959     92.923     0.1807     0.7362     4.0952     0.5615 8.5468e-02       1199     0.8319  0.000e+00
      7.730   71.32186 -160.65154      7.810     2.5570     2.5553     2.5567    27.5261    27.5343  1021.9917    21.9546    337.978    320.743  345.20489     97.907     92.916     0.1795     0.7289     4.0952     0.5615 8.7196e-02       1200     0.8326  0.000e+00
      7.846   71.32186 -160.65154      7.927     2.5575     2.5539     2.5571    27.5226    27.5345  1021.9894    21.9518    338.006    320.739  345.20979     97.913     92.911     0.1807     0.7362     4.0952     0.5615 8.7776e-02       1201     0.8333  0.000e+00
      7.792   71.32186 -160.65154      7.872     2.5559     2.5526     2.5556    27.5214    27.5342  1021.9883    21.9509    338.003    320.730  345.22663     97.908     92.906     0.1795     0.7289     4.0965     0.5603 8.6042e-02       1202     0.8340  0.000e+00
      7.792   71.32186 -160.65154      7.872     2.5539     2.5520     2.5535    27.5201    27.5335  1021.9874    21.9500    338.008    320.925  345.24803     97.903     92.960     0.1795     0.7289     4.0965     0.5603 7.6491e-02       1203     0.8347  0.000e+00
      7.846   71.32186 -160.65154      7.927     2.5489     2.5508     2.5485    27.5176    27.5343  1021.9860    21.9483    338.276    320.944  345.29828     97.966     92.963     0.1783     0.7216     4.0952     0.5615 7.1617e-02       1204     0.8354  0.000e+00
      7.846   71.32186 -160.65154      7.927     2.5429     2.5486     2.5425    27.5175    27.5358  1021.9863    21.9486    338.391    320.970  345.35075     97.985     92.967     0.1673     0.6557     4.0965     0.5603 7.1083e-02       1205     0.8361  0.000e+00
      7.846   71.32186 -160.65154      7.927     2.5383     2.5477     2.5380    27.5205    27.5352  1021.9890    21.9513    338.444    321.015  345.38243     97.991     92.977     0.1661     0.6483     4.0965     0.5603 6.1722e-02       1206     0.8368  0.000e+00
      7.846   71.32186 -160.65154      7.927     2.5361     2.5474     2.5358    27.5250    27.5355  1021.9927    21.9551    338.470    321.055  345.38977     97.996     92.988     0.1636     0.6337     4.0965     0.5603 5.5740e-02       1207     0.8375  0.000e+00
