EcoFOCI/data/1_SampleCollection/2023_SikuliaqDBO_CruiseData/CTD_raw_BottleFile_SKQ23-12S/proc/skq202312s_023.ros
* Sea-Bird SBE 9 Data File:
* FileName = D:\CTD\SKQ202312S\SKQ202312S_023.hex
* Software Version Seasave V 7.26.7.121
* Temperature SN = 6177
* Conductivity SN = 0369
* Number of Bytes Per Scan = 41
* Number of Voltage Words = 4
* Number of Scans Averaged by the Deck Unit = 1
* NMEA Latitude = 64 57.70 N
* NMEA Longitude = 169 53.01 W
* NMEA UTC (Time) = Sep 18 2023  07:03:01
* NMEA baud rate = 4800
** Ship: R/V Sikuliaq
** Station Number: 023
** Station Name: DBO2.4
** Bottom Depth: 48
** Operator: SD
# nquan = 22
# nvalues = 931                                   
# units = specified
# name 0 = depSM: Depth [salt water, m]
# name 1 = latitude: Latitude [deg]
# name 2 = longitude: Longitude [deg]
# name 3 = prDM: Pressure, Digiquartz [db]
# name 4 = t090C: Temperature [ITS-90, deg C]
# name 5 = t190C: Temperature, 2 [ITS-90, deg C]
# name 6 = potemp090C: Potential Temperature [ITS-90, deg C]
# name 7 = sal00: Salinity, Practical [PSU]
# name 8 = sal11: Salinity, Practical, 2 [PSU]
# name 9 = density00: Density [density, kg/m^3]
# name 10 = sigma-é00: Density [sigma-theta, kg/m^3]
# name 11 = sbox0Mm/Kg: Oxygen, SBE 43 [umol/kg]
# name 12 = sbox1Mm/Kg: Oxygen, SBE 43, 2 [umol/kg]
# name 13 = oxsolMm/Kg: Oxygen Saturation, Garcia & Gordon [umol/kg]
# name 14 = sbeox0PS: Oxygen, SBE 43 [% saturation]
# name 15 = v0: Voltage 0
# name 16 = flECO-AFL: Fluorescence, WET Labs ECO-AFL/FL [mg/m^3]
# name 17 = CStarAt0: Beam Attenuation, WET Labs C-Star [1/m]
# name 18 = par: PAR/Irradiance, Biospherical/Licor
# name 19 = scan: Scan Count
# name 20 = nbf: Bottles Fired
# name 21 = flag:  0.000e+00
# interval = seconds: 0.0416667
# start_time = Sep 18 2023 07:06:42 [NMEA time, first data scan]
# bad_flag = -9.990e-29
*END*
[from data line 791]
      3.222   64.96174 -169.88366      3.254     1.3651     1.3687     1.3649    32.1201    32.1318  1025.7232    25.7078    313.948    302.568  343.50592     91.395     0.4066     2.0916     0.9443 3.8316e-01      23447         17  0.000e+00
      3.161   64.96174 -169.88366      3.192     1.3647     1.3687     1.3645    32.1206    32.1312  1025.7234    25.7083    313.951    302.611  343.50783     91.396     0.4078     2.0989     0.9443 3.7063e-01      23448         17  0.000e+00
      3.222   64.96174 -169.88366      3.254     1.3646     1.3685     1.3645    32.1206    32.1314  1025.7237    25.7083    313.957    302.632  343.50837     91.397     0.4066     2.0916     0.9443 3.1736e-01      23449         17  0.000e+00
      3.222   64.96174 -169.88366      3.254     1.3648     1.3687     1.3647    32.1213    32.1308  1025.7242    25.7088    313.957    302.646  343.50465     91.398     0.4066     2.0916     0.9443 2.9702e-01      23450         17  0.000e+00
      3.222   64.96174 -169.88366      3.254     1.3657     1.3684     1.3656    32.1213    32.1310  1025.7242    25.7087    313.911    302.635  343.49695     91.387     0.4066     2.0916     0.9443 2.9819e-01      23451         17  0.000e+00
      3.222   64.96174 -169.88366      3.254     1.3660     1.3685     1.3659    32.1217    32.1314  1025.7245    25.7090    313.868    302.643  343.49345     91.375     0.4066     2.0916     0.9443 3.1007e-01      23452         17  0.000e+00
      3.276   64.96174 -169.88366      3.309     1.3665     1.3682     1.3664    32.1212    32.1318  1025.7243    25.7086    313.867    302.833  343.48999     91.376     0.4054     2.0842     0.9443 3.1492e-01      23453         17  0.000e+00
      3.222   64.96174 -169.88366      3.254     1.3673     1.3682     1.3671    32.1205    32.1318  1025.7235    25.7080    313.860    302.859  343.48548     91.375     0.4066     2.0916     0.9443 3.1492e-01      23454         17  0.000e+00
      3.276   64.96174 -169.88366      3.309     1.3673     1.3687     1.3671    32.1209    32.1313  1025.7240    25.7083    313.861    302.884  343.48448     91.376     0.4090     2.1062     0.9443 3.3232e-01      23455         17  0.000e+00
      3.276   64.96174 -169.88366      3.309     1.3678     1.3690     1.3677    32.1203    32.1312  1025.7235    25.7078    313.857    302.904  343.48126     91.375     0.4249     2.2015     0.9443 3.4258e-01      23456         17  0.000e+00
      3.276   64.96174 -169.88366      3.309     1.3680     1.3682     1.3679    32.1202    32.1319  1025.7234    25.7077    314.086    302.928  343.47971     91.442     0.4298     2.2308     0.9443 3.4388e-01      23457         17  0.000e+00
      3.338   64.96174 -169.88366      3.371     1.3676     1.3675     1.3674    32.1198    32.1319  1025.7234    25.7074    313.901    302.953  343.48441     91.387     0.4310     2.2381     0.9443 3.3999e-01      23458         17  0.000e+00
      3.276   64.96174 -169.88366      3.309     1.3675     1.3664     1.3673    32.1199    32.1323  1025.7232    25.7075    314.128    302.972  343.48531     91.453     0.4310     2.2381     0.9443 3.3742e-01      23459         17  0.000e+00
      3.338   64.96174 -169.88366      3.371     1.3673     1.3665     1.3671    32.1199    32.1316  1025.7235    25.7075    314.169    302.779  343.48716     91.464     0.4298     2.2308     0.9443 3.3742e-01      23460         17  0.000e+00
      3.338   64.96174 -169.88366      3.371     1.3670     1.3669     1.3669    32.1199    32.1315  1025.7235    25.7075    314.205    302.963  343.48903     91.475     0.4298     2.2308     0.9443 3.5840e-01      23461         17  0.000e+00
      3.338   64.96174 -169.88366      3.371     1.3668     1.3673     1.3666    32.1203    32.1316  1025.7238    25.7078    314.239    303.170  343.49048     91.484     0.4298     2.2308     0.9456 3.8316e-01      23462         17  0.000e+00
      3.338   64.96174 -169.88366      3.371     1.3665     1.3674     1.3663    32.1203    32.1318  1025.7239    25.7079    314.232    302.988  343.49290     91.481     0.4298     2.2308     0.9443 3.8884e-01      23463         17  0.000e+00
      3.338   64.96174 -169.88366      3.371     1.3661     1.3680     1.3660    32.1203    32.1315  1025.7239    25.7079    314.264    303.186  343.49631     91.490     0.4298     2.2308     0.9443 3.5307e-01      23464         17  0.000e+00
      3.392   64.96174 -169.88366      3.426     1.3657     1.3687     1.3656    32.1197    32.1313  1025.7237    25.7075    314.297    302.995  343.50110     91.498     0.4310     2.2381     0.9443 3.0409e-01      23465         17  0.000e+00
      3.338   64.96174 -169.88366      3.371     1.3650     1.3693     1.3648    32.1200    32.1318  1025.7237    25.7077    314.326    302.976  343.50708     91.505     0.4298     2.2308     0.9443 2.9237e-01      23466         17  0.000e+00
      3.392   64.96174 -169.88366      3.426     1.3642     1.3698     1.3641    32.1203    32.1309  1025.7243    25.7080    314.357    303.167  343.51267     91.512     0.4298     2.2308     0.9443 2.9006e-01      23467         17  0.000e+00
      3.338   64.96174 -169.88366      3.371     1.3639     1.3699     1.3637    32.1205    32.1309  1025.7242    25.7082    314.379    303.171  343.51536     91.518     0.4298     2.2308     0.9443 2.8436e-01      23468         17  0.000e+00
      3.392   64.96174 -169.88366      3.426     1.3635     1.3701     1.3633    32.1213    32.1310  1025.7252    25.7089    314.402    303.175  343.51657     91.525     0.4298     2.2308     0.9443 2.8210e-01      23469         17  0.000e+00
      3.392   64.96174 -169.88366      3.426     1.3637     1.3705     1.3635    32.1212    32.1307  1025.7250    25.7088    314.419    303.171  343.51503     91.530     0.4310     2.2381     0.9456 2.9121e-01      23470         17  0.000e+00
      3.446   64.96174 -169.88366      3.480     1.3641     1.3705     1.3640    32.1210    32.1308  1025.7251    25.7086    314.475    303.167  343.51180     91.547     0.4298     2.2308     0.9443 3.2478e-01      23471         17  0.000e+00
      3.392   64.96174 -169.88366      3.426     1.3645     1.3705     1.3644    32.1211    32.1312  1025.7249    25.7086    314.485    303.155  343.50809     91.551     0.4310     2.2381     0.9443 3.3742e-01      23472         17  0.000e+00
      3.392   64.96174 -169.88366      3.426     1.3646     1.3708     1.3645    32.1220    32.1308  1025.7256    25.7094    314.727    302.934  343.50472     91.622     0.4298     2.2308     0.9456 3.4388e-01      23473         17  0.000e+00
      3.392   64.96174 -169.88366      3.426     1.3651     1.3705     1.3649    32.1222    32.1307  1025.7258    25.7095    314.773    303.100  343.50022     91.637     0.4298     2.2308     0.9456 3.7895e-01      23474         17  0.000e+00
      3.446   64.96174 -169.88366      3.480     1.3661     1.3709     1.3660    32.1211    32.1305  1025.7251    25.7085    314.124    303.078  343.49409     91.450     0.4298     2.2308     0.9443 3.9602e-01      23475         17  0.000e+00
      3.392   64.96174 -169.88366      3.426     1.3667     1.3709     1.3665    32.1209    32.1308  1025.7246    25.7083    314.741    303.049  343.48982     91.630     0.4298     2.2308     0.9443 3.9458e-01      23476         17  0.000e+00
      3.392   64.96174 -169.88366      3.426     1.3671     1.3710     1.3670    32.1204    32.1311  1025.7242    25.7079    314.553    303.250  343.48727     91.576     0.4298     2.2308     0.9443 3.5174e-01      23477         17  0.000e+00
      3.446   64.96174 -169.88366      3.481     1.3674     1.3712     1.3672    32.1198    32.1310  1025.7239    25.7074    314.831    303.269  343.48655     91.657     0.4310     2.2381     0.9456 3.2979e-01      23478         17  0.000e+00
      3.392   64.96174 -169.88366      3.426     1.3671     1.3714     1.3670    32.1202    32.1305  1025.7240    25.7078    314.832    303.074  343.48770     91.657     0.4298     2.2308     0.9443 3.2728e-01      23479         17  0.000e+00
      3.446   64.96174 -169.88366      3.481     1.3672     1.3712     1.3671    32.1206    32.1306  1025.7246    25.7081    314.870    303.063  343.48582     91.669     0.4298     2.2308     0.9443 2.9936e-01      23480         17  0.000e+00
      3.392   64.96174 -169.88366      3.426     1.3680     1.3709     1.3679    32.1197    32.1305  1025.7236    25.7073    314.896    303.046  343.48086     91.678     0.4274     2.2161     0.9456 2.8097e-01      23481         17  0.000e+00
      3.446   64.96174 -169.88366      3.481     1.3682     1.3703     1.3680    32.1199    32.1306  1025.7239    25.7074    314.928    303.032  343.47907     91.688     0.4274     2.2161     0.9469 2.7762e-01      23482         17  0.000e+00
      3.392   64.96174 -169.88366      3.426     1.3685     1.3705     1.3683    32.1199    32.1306  1025.7237    25.7075    314.951    303.003  343.47646     91.695     0.4286     2.2234     0.9482 3.2229e-01      23483         17  0.000e+00
      3.446   64.96174 -169.88366      3.481     1.3685     1.3705     1.3683    32.1202    32.1306  1025.7242    25.7077    314.977    303.210  343.47568     91.703     0.4274     2.2161     0.9482 3.7339e-01      23484         17  0.000e+00
      3.446   64.96174 -169.88366      3.481     1.3688     1.3706     1.3687    32.1199    32.1305  1025.7240    25.7074    314.996    303.231  343.47358     91.709     0.4274     2.2161     0.9482 3.8316e-01      23485         17  0.000e+00
      3.393   64.96174 -169.88366      3.426     1.3686     1.3704     1.3684    32.1198    32.1305  1025.7236    25.7074    315.014    303.222  343.47580     91.714     0.4274     2.2161     0.9482 3.9027e-01      23486         17  0.000e+00
      3.447   64.96174 -169.88366      3.481     1.3686     1.3701     1.3685    32.1197    32.1305  1025.7238    25.7073    315.030    303.241  343.47555     91.718     0.4286     2.2234     0.9482 4.0331e-01      23487         17  0.000e+00
      3.393   64.96174 -169.88366      3.426     1.3682     1.3696     1.3681    32.1197    32.1312  1025.7235    25.7073    315.044    303.252  343.47953     91.721     0.4274     2.2161     0.9482 4.0625e-01      23488         17  0.000e+00
      3.108   64.96174 -169.88366      3.139     1.3707     1.3734     1.3705    32.1204    32.1311  1025.7226    25.7077    314.889    303.157  343.45604     91.682     0.4200     2.1721     0.9443 4.3194e-01      23558         18  0.000e+00
      3.108   64.96174 -169.88366      3.139     1.3709     1.3737     1.3708    32.1200    32.1306  1025.7223    25.7074    315.262    302.944  343.45459     91.791     0.4225     2.1868     0.9443 3.4648e-01      23559         18  0.000e+00
      3.108   64.96174 -169.88366      3.139     1.3713     1.3736     1.3711    32.1200    32.1307  1025.7222    25.7073    315.287    303.120  343.45173     91.799     0.4212     2.1795     0.9443 3.2353e-01      23560         18  0.000e+00
      3.108   64.96174 -169.88366      3.139     1.3711     1.3734     1.3710    32.1201    32.1308  1025.7223    25.7074    315.312    303.115  343.45284     91.807     0.4212     2.1795     0.9443 3.2728e-01      23561         18  0.000e+00
      3.108   64.96174 -169.88366      3.139     1.3713     1.3736     1.3711    32.1200    32.1304  1025.7223    25.7074    315.332    303.108  343.45162     91.813     0.4212     2.1795     0.9456 3.4128e-01      23562         18  0.000e+00
      3.162   64.96174 -169.88366      3.194     1.3714     1.3732     1.3713    32.1198    32.1309  1025.7223    25.7071    315.311    303.103  343.45092     91.807     0.4225     2.1868     0.9469 3.4648e-01      23563         18  0.000e+00
      3.162   64.96174 -169.88366      3.194     1.3713     1.3733     1.3711    32.1198    32.1310  1025.7223    25.7072    315.325    303.093  343.45225     91.811     0.4212     2.1795     0.9469 3.4518e-01      23564         18  0.000e+00
      3.162   64.96174 -169.88366      3.194     1.3714     1.3728     1.3713    32.1199    32.1312  1025.7224    25.7072    315.333    303.086  343.45060     91.813     0.4225     2.1868     0.9469 3.3742e-01      23565         18  0.000e+00
      3.162   64.96174 -169.88366      3.194     1.3714     1.3727     1.3713    32.1199    32.1314  1025.7224    25.7073    315.340    303.075  343.45049     91.815     0.4200     2.1721     0.9469 3.3486e-01      23566         18  0.000e+00
      3.162   64.96174 -169.88366      3.194     1.3714     1.3725     1.3713    32.1198    32.1312  1025.7223    25.7071    315.344    303.064  343.45092     91.816     0.4212     2.1795     0.9469 3.3614e-01      23567         18  0.000e+00
      3.162   64.96174 -169.88366      3.194     1.3713     1.3724     1.3711    32.1198    32.1305  1025.7223    25.7072    315.345    303.053  343.45225     91.816     0.4200     2.1721     0.9469 3.8458e-01      23568         18  0.000e+00
      3.224   64.96174 -169.88366      3.256     1.3713     1.3709     1.3711    32.1200    32.1312  1025.7228    25.7073    315.344    303.052  343.45180     91.816     0.4212     2.1795     0.9469 4.1368e-01      23569         18  0.000e+00
      3.162   64.96174 -169.88366      3.194     1.3714     1.3693     1.3713    32.1196    32.1312  1025.7221    25.7070    315.104    303.075  343.45146     91.746     0.4200     2.1721     0.9469 4.1668e-01      23570         18  0.000e+00
      3.224   64.96174 -169.88366      3.256     1.3713     1.3670     1.3711    32.1195    32.1313  1025.7224    25.7069    315.332    303.081  343.45309     91.812     0.4212     2.1795     0.9469 3.9747e-01      23571         18  0.000e+00
      3.224   64.96174 -169.88366      3.256     1.3713     1.3652     1.3711    32.1197    32.1314  1025.7226    25.7071    315.322    302.874  343.45244     91.809     0.4225     2.1868     0.9469 3.8316e-01      23572         18  0.000e+00
      3.224   64.96174 -169.88366      3.256     1.3714     1.3644     1.3713    32.1198    32.1318  1025.7226    25.7072    315.307    303.070  343.45080     91.805     0.4212     2.1795     0.9469 3.8176e-01      23573         18  0.000e+00
      3.224   64.96174 -169.88366      3.256     1.3714     1.3639     1.3713    32.1197    32.1317  1025.7225    25.7071    315.331    303.057  343.45101     91.813     0.4225     2.1868     0.9482 3.1249e-01      23574         18  0.000e+00
      3.224   64.96174 -169.88366      3.256     1.3714     1.3635     1.3713    32.1198    32.1317  1025.7226    25.7072    315.774    303.043  343.45080     91.942     0.4212     2.1795     0.9469 2.5385e-01      23575         18  0.000e+00
      3.278   64.96174 -169.88366      3.311     1.3718     1.3630     1.3716    32.1196    32.1321  1025.7227    25.7069    315.367    303.030  343.44856     91.824     0.4212     2.1795     0.9469 2.4251e-01      23576         18  0.000e+00
      3.224   64.96174 -169.88366      3.256     1.3718     1.3621     1.3716    32.1198    32.1323  1025.7225    25.7071    315.337    303.015  343.44805     91.815     0.4212     2.1795     0.9469 2.3948e-01      23577         18  0.000e+00
      3.340   64.96174 -169.88366      3.373     1.3714     1.3604     1.3713    32.1195    32.1328  1025.7229    25.7069    315.314    303.013  343.45162     91.807     0.4212     2.1795     0.9469 2.3250e-01      23578         18  0.000e+00
      3.224   64.96174 -169.88366      3.256     1.3713     1.3599     1.3711    32.1199    32.1326  1025.7227    25.7073    315.316    302.990  343.45190     91.808     0.4200     2.1721     0.9469 2.3053e-01      23579         18  0.000e+00
