EcoFOCI/data/1_SampleCollection/2023_SikuliaqDBO_CruiseData/CTD_raw_BottleFile_SKQ23-12S/proc/skq202312s_061svp.cnv
* Sea-Bird SBE 9 Data File:
* FileName = D:\CTD\SKQ202312S\SKQ202312S_061.hex
* Software Version Seasave V 7.26.7.121
* Temperature SN = 6177
* Conductivity SN = 0369
* Number of Bytes Per Scan = 41
* Number of Voltage Words = 4
* Number of Scans Averaged by the Deck Unit = 1
* NMEA Latitude = 71 36.10 N
* NMEA Longitude = 165 18.30 W
* NMEA UTC (Time) = Sep 27 2023  23:24:16
* NMEA baud rate = 4800
** Ship: R/V Sikuliaq
** Station Number: 061
** Station Name: IC3
** Bottom Depth: 42
** Operator: SS
** Recast for bottom water
# nquan = 7
# nvalues = 3879                                  
# units = specified
# name 0 = depSM: Depth [salt water, m]
# name 1 = latitude: Latitude [deg]
# name 2 = longitude: Longitude [deg]
# name 3 = t090C: Temperature [ITS-90, deg C]
# name 4 = sal00: Salinity, Practical [PSU]
# name 5 = svCM: Sound Velocity [Chen-Millero, m/s]
# name 6 = flag:  0.000e+00
# span 0 =      3.015,     37.164                 
# span 1 =   71.60162,   71.60162                 
# span 2 = -165.30500, -165.30498                 
# span 3 =    -1.0664,     3.2483                 
# span 4 =    30.4293,    32.5473                 
# span 5 =    1441.33,    1458.41                 
# span 6 = 0.0000e+00, 0.0000e+00                 
# interval = seconds: 0.0416667
# start_time = Sep 27 2023 23:27:17 [NMEA time, first data scan]
# bad_flag = -9.990e-29
*END*
[from data line 1642]
     15.206   71.60162 -165.30500     2.8065    30.5375    1456.03  0.000e+00
     15.206   71.60162 -165.30500     2.8073    30.5447    1456.04  0.000e+00
     15.291   71.60162 -165.30500     2.8087    30.5575    1456.06  0.000e+00
     15.268   71.60162 -165.30500     2.8120    30.5702    1456.09  0.000e+00
     15.322   71.60162 -165.30500     2.8177    30.5755    1456.13  0.000e+00
     15.322   71.60162 -165.30500     2.8231    30.5781    1456.15  0.000e+00
     15.383   71.60162 -165.30500     2.8305    30.5788    1456.19  0.000e+00
     15.352   71.60162 -165.30500     2.8373    30.5784    1456.22  0.000e+00
     15.383   71.60162 -165.30500     2.8421    30.5778    1456.24  0.000e+00
     15.437   71.60162 -165.30500     2.8459    30.5728    1456.25  0.000e+00
     15.437   71.60162 -165.30500     2.8481    30.5669    1456.25  0.000e+00
     15.437   71.60162 -165.30500     2.8486    30.5628    1456.25  0.000e+00
     15.468   71.60162 -165.30500     2.8490    30.5605    1456.25  0.000e+00
     15.437   71.60162 -165.30500     2.8492    30.5631    1456.25  0.000e+00
     15.553   71.60162 -165.30500     2.8501    30.5686    1456.26  0.000e+00
     15.499   71.60162 -165.30500     2.8515    30.5738    1456.27  0.000e+00
     15.553   71.60162 -165.30500     2.8534    30.5775    1456.29  0.000e+00
     15.576   71.60162 -165.30500     2.8555    30.5794    1456.30  0.000e+00
     15.607   71.60162 -165.30500     2.8585    30.5802    1456.31  0.000e+00
     15.607   71.60162 -165.30500     2.8611    30.5825    1456.33  0.000e+00
     15.607   71.60162 -165.30500     2.8640    30.5845    1456.34  0.000e+00
     15.638   71.60162 -165.30500     2.8663    30.5830    1456.35  0.000e+00
     15.669   71.60162 -165.30500     2.8681    30.5805    1456.36  0.000e+00
     15.723   71.60162 -165.30500     2.8690    30.5791    1456.36  0.000e+00
     15.723   71.60162 -165.30500     2.8690    30.5746    1456.35  0.000e+00
     15.723   71.60162 -165.30500     2.8676    30.5670    1456.34  0.000e+00
     15.692   71.60162 -165.30500     2.8646    30.5620    1456.32  0.000e+00
     15.784   71.60162 -165.30500     2.8616    30.5566    1456.30  0.000e+00
     15.784   71.60162 -165.30500     2.8583    30.5528    1456.28  0.000e+00
     15.838   71.60162 -165.30500     2.8547    30.5493    1456.26  0.000e+00
     15.784   71.60162 -165.30500     2.8508    30.5513    1456.25  0.000e+00
     15.861   71.60162 -165.30500     2.8487    30.5554    1456.24  0.000e+00
     15.900   71.60162 -165.30500     2.8476    30.5566    1456.24  0.000e+00
     15.900   71.60162 -165.30500     2.8465    30.5558    1456.24  0.000e+00
     15.900   71.60162 -165.30500     2.8457    30.5530    1456.23  0.000e+00
     15.923   71.60162 -165.30500     2.8441    30.5499    1456.22  0.000e+00
     15.954   71.60162 -165.30500     2.8421    30.5491    1456.21  0.000e+00
     15.954   71.60162 -165.30500     2.8404    30.5507    1456.20  0.000e+00
     16.008   71.60162 -165.30500     2.8390    30.5524    1456.20  0.000e+00
     16.008   71.60162 -165.30500     2.8386    30.5608    1456.21  0.000e+00
     16.039   71.60162 -165.30500     2.8406    30.5795    1456.24  0.000e+00
     16.070   71.60162 -165.30500     2.8454    30.5970    1456.29  0.000e+00
     16.008   71.60162 -165.30500     2.8520    30.6043    1456.32  0.000e+00
     16.124   71.60162 -165.30500     2.8594    30.6057    1456.36  0.000e+00
     16.154   71.60162 -165.30500     2.8657    30.6061    1456.39  0.000e+00
     16.070   71.60162 -165.30500     2.8717    30.6052    1456.41  0.000e+00
     16.185   71.60162 -165.30500     2.8764    30.5990    1456.43  0.000e+00
     16.185   71.60162 -165.30500     2.8788    30.5927    1456.43  0.000e+00
     16.185   71.60162 -165.30500     2.8801    30.5938    1456.43  0.000e+00
     16.208   71.60162 -165.30500     2.8820    30.5973    1456.45  0.000e+00
     16.239   71.60162 -165.30500     2.8838    30.5940    1456.45  0.000e+00
     16.239   71.60162 -165.30500     2.8828    30.5823    1456.43  0.000e+00
     16.239   71.60162 -165.30500     2.8796    30.5768    1456.41  0.000e+00
     16.324   71.60162 -165.30500     2.8748    30.5764    1456.39  0.000e+00
     16.301   71.60162 -165.30500     2.8704    30.5715    1456.37  0.000e+00
     16.301   71.60162 -165.30500     2.8669    30.5683    1456.35  0.000e+00
     16.355   71.60162 -165.30500     2.8647    30.5652    1456.33  0.000e+00
     16.355   71.60162 -165.30500     2.8625    30.5629    1456.32  0.000e+00
     16.378   71.60162 -165.30500     2.8599    30.5627    1456.31  0.000e+00
     16.355   71.60162 -165.30500     2.8575    30.5653    1456.30  0.000e+00
     16.471   71.60162 -165.30500     2.8564    30.5774    1456.32  0.000e+00
     16.409   71.60162 -165.30500     2.8579    30.5898    1456.34  0.000e+00
     16.440   71.60162 -165.30500     2.8613    30.5908    1456.35  0.000e+00
     16.471   71.60162 -165.30500     2.8638    30.5902    1456.36  0.000e+00
     16.525   71.60162 -165.30500     2.8668    30.5981    1456.39  0.000e+00
     16.471   71.60162 -165.30500     2.8720    30.6159    1456.43  0.000e+00
     16.471   71.60162 -165.30500     2.8787    30.6290    1456.48  0.000e+00
     16.609   71.60162 -165.30500     2.8863    30.6360    1456.52  0.000e+00
     16.586   71.60162 -165.30500     2.8958    30.6409    1456.57  0.000e+00
     16.586   71.60162 -165.30500     2.9054    30.6398    1456.61  0.000e+00
     16.640   71.60162 -165.30500     2.9140    30.6373    1456.65  0.000e+00
     16.609   71.60162 -165.30500     2.9210    30.6365    1456.67  0.000e+00
     16.640   71.60162 -165.30500     2.9263    30.6341    1456.69  0.000e+00
     16.694   71.60162 -165.30500     2.9300    30.6313    1456.71  0.000e+00
     16.640   71.60162 -165.30500     2.9330    30.6298    1456.72  0.000e+00
     16.725   71.60162 -165.30500     2.9354    30.6283    1456.73  0.000e+00
     16.756   71.60162 -165.30500     2.9371    30.6274    1456.73  0.000e+00
     16.756   71.60162 -165.30500     2.9387    30.6265    1456.74  0.000e+00
     16.756   71.60162 -165.30500     2.9396    30.6270    1456.74  0.000e+00
     16.779   71.60162 -165.30500     2.9405    30.6267    1456.75  0.000e+00
     16.810   71.60162 -165.30500     2.9413    30.6243    1456.75  0.000e+00
     16.810   71.60162 -165.30500     2.9416    30.6239    1456.75  0.000e+00
     16.872   71.60162 -165.30500     2.9416    30.6241    1456.75  0.000e+00
     16.926   71.60162 -165.30500     2.9418    30.6236    1456.75  0.000e+00
     16.841   71.60162 -165.30500     2.9419    30.6241    1456.75  0.000e+00
     16.926   71.60162 -165.30500     2.9419    30.6247    1456.75  0.000e+00
     16.926   71.60162 -165.30500     2.9419    30.6267    1456.76  0.000e+00
     16.926   71.60162 -165.30500     2.9426    30.6266    1456.76  0.000e+00
     16.949   71.60162 -165.30500     2.9427    30.6261    1456.76  0.000e+00
     17.041   71.60162 -165.30500     2.9429    30.6268    1456.76  0.000e+00
     16.987   71.60162 -165.30500     2.9434    30.6305    1456.77  0.000e+00
     17.041   71.60162 -165.30500     2.9445    30.6342    1456.78  0.000e+00
     17.064   71.60162 -165.30500     2.9461    30.6364    1456.79  0.000e+00
     17.041   71.60162 -165.30500     2.9475    30.6381    1456.80  0.000e+00
     17.157   71.60162 -165.30500     2.9490    30.6384    1456.81  0.000e+00
     17.095   71.60162 -165.30500     2.9500    30.6397    1456.81  0.000e+00
     17.126   71.60162 -165.30500     2.9514    30.6401    1456.82  0.000e+00
     17.157   71.60162 -165.30500     2.9527    30.6403    1456.83  0.000e+00
     17.157   71.60162 -165.30500     2.9536    30.6412    1456.83  0.000e+00
     17.211   71.60162 -165.30500     2.9549    30.6414    1456.84  0.000e+00
     17.242   71.60162 -165.30500     2.9558    30.6421    1456.84  0.000e+00
     17.273   71.60162 -165.30500     2.9565    30.6431    1456.85  0.000e+00
     17.273   71.60162 -165.30500     2.9577    30.6434    1456.85  0.000e+00
     17.273   71.60162 -165.30500     2.9585    30.6444    1456.86  0.000e+00
     17.350   71.60162 -165.30500     2.9596    30.6450    1456.86  0.000e+00
     17.327   71.60162 -165.30500     2.9605    30.6449    1456.87  0.000e+00
     17.327   71.60162 -165.30500     2.9612    30.6455    1456.87  0.000e+00
     17.388   71.60162 -165.30500     2.9621    30.6457    1456.88  0.000e+00
     17.411   71.60162 -165.30500     2.9629    30.6464    1456.88  0.000e+00
     17.388   71.60162 -165.30500     2.9636    30.6467    1456.88  0.000e+00
     17.442   71.60162 -165.30500     2.9647    30.6470    1456.89  0.000e+00
     17.442   71.60162 -165.30500     2.9654    30.6472    1456.89  0.000e+00
     17.465   71.60162 -165.30500     2.9664    30.6469    1456.90  0.000e+00
     17.496   71.60162 -165.30500     2.9673    30.6469    1456.90  0.000e+00
     17.496   71.60162 -165.30500     2.9680    30.6473    1456.91  0.000e+00
     17.558   71.60162 -165.30500     2.9690    30.6474    1456.91  0.000e+00
     17.527   71.60162 -165.30500     2.9699    30.6479    1456.92  0.000e+00
     17.612   71.60162 -165.30500     2.9706    30.6479    1456.92  0.000e+00
     17.612   71.60162 -165.30500     2.9715    30.6476    1456.92  0.000e+00
     17.612   71.60162 -165.30500     2.9724    30.6475    1456.93  0.000e+00
     17.697   71.60162 -165.30500     2.9728    30.6483    1456.93  0.000e+00
     17.674   71.60162 -165.30500     2.9737    30.6482    1456.93  0.000e+00
     17.674   71.60162 -165.30500     2.9744    30.6480    1456.94  0.000e+00
     17.728   71.60162 -165.30500     2.9750    30.6486    1456.94  0.000e+00
     17.751   71.60162 -165.30500     2.9756    30.6485    1456.94  0.000e+00
     17.789   71.60162 -165.30500     2.9763    30.6485    1456.95  0.000e+00
     17.728   71.60162 -165.30500     2.9768    30.6492    1456.95  0.000e+00
     17.843   71.60162 -165.30500     2.9772    30.6487    1456.95  0.000e+00
     17.812   71.60162 -165.30500     2.9779    30.6495    1456.96  0.000e+00
     17.897   71.60162 -165.30500     2.9786    30.6494    1456.96  0.000e+00
     17.897   71.60162 -165.30500     2.9790    30.6493    1456.96  0.000e+00
     17.897   71.60162 -165.30500     2.9796    30.6494    1456.97  0.000e+00
     17.928   71.60162 -165.30500     2.9798    30.6505    1456.97  0.000e+00
     17.959   71.60162 -165.30500     2.9807    30.6499    1456.97  0.000e+00
     17.959   71.60162 -165.30500     2.9809    30.6505    1456.97  0.000e+00
     18.013   71.60162 -165.30500     2.9816    30.6507    1456.98  0.000e+00
     17.982   71.60162 -165.30500     2.9821    30.6512    1456.98  0.000e+00
     18.075   71.60162 -165.30500     2.9828    30.6510    1456.98  0.000e+00
     18.075   71.60162 -165.30500     2.9830    30.6513    1456.99  0.000e+00
     18.098   71.60162 -165.30500     2.9834    30.6514    1456.99  0.000e+00
     18.075   71.60162 -165.30500     2.9840    30.6516    1456.99  0.000e+00
     18.190   71.60162 -165.30500     2.9848    30.6516    1457.00  0.000e+00
     18.129   71.60162 -165.30500     2.9852    30.6525    1457.00  0.000e+00
     18.213   71.60162 -165.30500     2.9859    30.6523    1457.00  0.000e+00
     18.190   71.60162 -165.30500     2.9866    30.6523    1457.00  0.000e+00
     18.244   71.60162 -165.30500     2.9875    30.6523    1457.01  0.000e+00
     18.244   71.60162 -165.30500     2.9881    30.6526    1457.01  0.000e+00
     18.329   71.60162 -165.30500     2.9886    30.6534    1457.02  0.000e+00
     18.244   71.60162 -165.30500     2.9891    30.6534    1457.02  0.000e+00
     18.360   71.60162 -165.30500     2.9897    30.6534    1457.02  0.000e+00
     18.298   71.60162 -165.30500     2.9905    30.6530    1457.02  0.000e+00
     18.383   71.60162 -165.30500     2.9908    30.6532    1457.03  0.000e+00
     18.414   71.60162 -165.30500     2.9913    30.6534    1457.03  0.000e+00
     18.414   71.60162 -165.30500     2.9919    30.6533    1457.03  0.000e+00
     18.437   71.60162 -165.30500     2.9924    30.6545    1457.04  0.000e+00
     18.414   71.60162 -165.30500     2.9928    30.6548    1457.04  0.000e+00
     18.476   71.60162 -165.30500     2.9934    30.6549    1457.04  0.000e+00
     18.530   71.60162 -165.30500     2.9941    30.6550    1457.05  0.000e+00
     18.499   71.60162 -165.30500     2.9945    30.6551    1457.05  0.000e+00
     18.530   71.60162 -165.30500     2.9951    30.6552    1457.05  0.000e+00
     18.591   71.60162 -165.30500     2.9959    30.6555    1457.06  0.000e+00
     18.591   71.60162 -165.30500     2.9965    30.6559    1457.06  0.000e+00
     18.614   71.60162 -165.30500     2.9966    30.6563    1457.06  0.000e+00
     18.645   71.60162 -165.30500     2.9971    30.6561    1457.06  0.000e+00
     18.591   71.60162 -165.30500     2.9976    30.6567    1457.06  0.000e+00
     18.730   71.60162 -165.30500     2.9981    30.6573    1457.07  0.000e+00
     18.645   71.60162 -165.30500     2.9988    30.6583    1457.07  0.000e+00
     18.699   71.60162 -165.30500     2.9995    30.6586    1457.08  0.000e+00
     18.761   71.60162 -165.30500     3.0001    30.6585    1457.08  0.000e+00
     18.730   71.60162 -165.30500     3.0009    30.6590    1457.08  0.000e+00
     18.761   71.60162 -165.30500     3.0017    30.6589    1457.09  0.000e+00
     18.815   71.60162 -165.30500     3.0020    30.6593    1457.09  0.000e+00
     18.784   71.60162 -165.30500     3.0026    30.6599    1457.09  0.000e+00
     18.815   71.60162 -165.30500     3.0034    30.6598    1457.10  0.000e+00
     18.815   71.60162 -165.30500     3.0037    30.6599    1457.10  0.000e+00
     18.877   71.60162 -165.30500     3.0042    30.6600    1457.10  0.000e+00
     18.900   71.60162 -165.30500     3.0040    30.6609    1457.10  0.000e+00
     18.877   71.60162 -165.30500     3.0043    30.6614    1457.10  0.000e+00
     18.992   71.60162 -165.30500     3.0045    30.6614    1457.11  0.000e+00
     18.877   71.60162 -165.30500     3.0047    30.6617    1457.11  0.000e+00
     18.954   71.60162 -165.30500     3.0048    30.6617    1457.11  0.000e+00
     18.992   71.60162 -165.30500     3.0050    30.6621    1457.11  0.000e+00
     18.992   71.60162 -165.30500     3.0048    30.6624    1457.11  0.000e+00
     19.069   71.60162 -165.30500     3.0048    30.6624    1457.11  0.000e+00
     18.992   71.60162 -165.30500     3.0048    30.6629    1457.11  0.000e+00
     19.046   71.60162 -165.30500     3.0048    30.6636    1457.11  0.000e+00
     19.100   71.60162 -165.30500     3.0047    30.6640    1457.11  0.000e+00
     19.069   71.60162 -165.30500     3.0048    30.6642    1457.11  0.000e+00
     19.100   71.60162 -165.30500     3.0048    30.6649    1457.11  0.000e+00
     19.100   71.60162 -165.30500     3.0047    30.6650    1457.11  0.000e+00
     19.185   71.60162 -165.30500     3.0048    30.6650    1457.12  0.000e+00
     19.162   71.60162 -165.30500     3.0045    30.6657    1457.12  0.000e+00
     19.162   71.60162 -165.30500     3.0047    30.6660    1457.12  0.000e+00
     19.216   71.60162 -165.30500     3.0047    30.6662    1457.12  0.000e+00
     19.185   71.60162 -165.30500     3.0047    30.6667    1457.12  0.000e+00
     19.278   71.60162 -165.30500     3.0047    30.6675    1457.12  0.000e+00
     19.216   71.60162 -165.30500     3.0047    30.6679    1457.12  0.000e+00
     19.301   71.60162 -165.30500     3.0048    30.6685    1457.12  0.000e+00
     19.278   71.60162 -165.30500     3.0052    30.6696    1457.13  0.000e+00
     19.332   71.60162 -165.30500     3.0055    30.6706    1457.13  0.000e+00
     19.332   71.60162 -165.30500     3.0062    30.6707    1457.13  0.000e+00
     19.355   71.60162 -165.30500     3.0067    30.6719    1457.14  0.000e+00
     19.393   71.60162 -165.30500     3.0079    30.6718    1457.14  0.000e+00
     19.393   71.60162 -165.30500     3.0081    30.6730    1457.14  0.000e+00
