EcoFOCI/data/1_SampleCollection/2023_SikuliaqDBO_CruiseData/CTD_raw_BottleFile_SKQ23-12S/proc/skq202312s_032svp.cnv
* Sea-Bird SBE 9 Data File:
* FileName = D:\CTD\SKQ202312S\SKQ202312S_032.hex
* Software Version Seasave V 7.26.7.121
* Temperature SN = 6177
* Conductivity SN = 0369
* Number of Bytes Per Scan = 41
* Number of Voltage Words = 4
* Number of Scans Averaged by the Deck Unit = 1
* NMEA Latitude = 71 32.18 N
* NMEA Longitude = 157 45.08 W
* NMEA UTC (Time) = Sep 21 2023  12:37:07
* NMEA baud rate = 4800
** Ship: R/V Sikuliaq
** Station Number: 032
** Station Name: DBO5.8
** Bottom Depth: 72
** Operator: SD
# nquan = 7
# nvalues = 7300                                  
# units = specified
# name 0 = depSM: Depth [salt water, m]
# name 1 = latitude: Latitude [deg]
# name 2 = longitude: Longitude [deg]
# name 3 = t090C: Temperature [ITS-90, deg C]
# name 4 = sal00: Salinity, Practical [PSU]
# name 5 = svCM: Sound Velocity [Chen-Millero, m/s]
# name 6 = flag:  0.000e+00
# span 0 =      2.874,     65.566                 
# span 1 =   71.53636,   71.53644                 
# span 2 = -157.75158, -157.75112                 
# span 3 =    -1.6089,     2.4267                 
# span 4 =    29.6885,    32.9300                 
# span 5 =    1439.10,    1453.73                 
# span 6 = 0.0000e+00, 0.0000e+00                 
# interval = seconds: 0.0416667
# start_time = Sep 21 2023 12:41:52 [NMEA time, first data scan]
# bad_flag = -9.990e-29
*END*
[from data line 2052]
     14.938   71.53642 -157.75126    -0.9064    32.0537    1441.20  0.000e+00
     14.992   71.53642 -157.75126    -0.9067    32.0541    1441.20  0.000e+00
     14.992   71.53642 -157.75126    -0.9049    32.0538    1441.21  0.000e+00
     14.992   71.53642 -157.75126    -0.9029    32.0534    1441.22  0.000e+00
     15.023   71.53642 -157.75126    -0.9027    32.0521    1441.22  0.000e+00
     14.992   71.53642 -157.75126    -0.9063    32.0513    1441.20  0.000e+00
     15.054   71.53642 -157.75126    -0.9122    32.0526    1441.17  0.000e+00
     14.992   71.53642 -157.75126    -0.9177    32.0554    1441.15  0.000e+00
     15.108   71.53642 -157.75126    -0.9225    32.0574    1441.13  0.000e+00
     15.077   71.53642 -157.75126    -0.9269    32.0601    1441.12  0.000e+00
     15.108   71.53642 -157.75126    -0.9322    32.0635    1441.10  0.000e+00
     15.169   71.53642 -157.75126    -0.9367    32.0663    1441.08  0.000e+00
     15.108   71.53642 -157.75126    -0.9403    32.0690    1441.07  0.000e+00
     15.169   71.53642 -157.75126    -0.9429    32.0715    1441.06  0.000e+00
     15.223   71.53642 -157.75126    -0.9445    32.0726    1441.05  0.000e+00
     15.192   71.53642 -157.75126    -0.9458    32.0740    1441.05  0.000e+00
     15.223   71.53642 -157.75126    -0.9469    32.0750    1441.04  0.000e+00
     15.285   71.53642 -157.75126    -0.9476    32.0757    1441.04  0.000e+00
     15.223   71.53642 -157.75126    -0.9484    32.0760    1441.04  0.000e+00
     15.339   71.53642 -157.75126    -0.9488    32.0759    1441.04  0.000e+00
     15.308   71.53642 -157.75126    -0.9488    32.0767    1441.04  0.000e+00
     15.285   71.53642 -157.75126    -0.9492    32.0771    1441.04  0.000e+00
     15.393   71.53642 -157.75126    -0.9495    32.0770    1441.04  0.000e+00
     15.339   71.53642 -157.75126    -0.9497    32.0773    1441.04  0.000e+00
     15.393   71.53642 -157.75126    -0.9498    32.0774    1441.04  0.000e+00
     15.423   71.53642 -157.75126    -0.9499    32.0770    1441.04  0.000e+00
     15.454   71.53642 -157.75126    -0.9501    32.0768    1441.03  0.000e+00
     15.508   71.53642 -157.75126    -0.9495    32.0771    1441.04  0.000e+00
     15.454   71.53642 -157.75126    -0.9488    32.0775    1441.04  0.000e+00
     15.508   71.53642 -157.75126    -0.9481    32.0775    1441.05  0.000e+00
     15.539   71.53642 -157.75126    -0.9476    32.0779    1441.05  0.000e+00
     15.570   71.53642 -157.75126    -0.9466    32.0775    1441.05  0.000e+00
     15.624   71.53642 -157.75126    -0.9458    32.0778    1441.06  0.000e+00
     15.624   71.53642 -157.75126    -0.9450    32.0776    1441.06  0.000e+00
     15.624   71.53642 -157.75126    -0.9455    32.0779    1441.06  0.000e+00
     15.655   71.53642 -157.75126    -0.9455    32.0769    1441.06  0.000e+00
     15.685   71.53642 -157.75126    -0.9459    32.0764    1441.06  0.000e+00
     15.739   71.53642 -157.75126    -0.9466    32.0765    1441.06  0.000e+00
     15.739   71.53642 -157.75126    -0.9481    32.0762    1441.05  0.000e+00
     15.739   71.53642 -157.75126    -0.9518    32.0743    1441.03  0.000e+00
     15.763   71.53642 -157.75126    -0.9576    32.0728    1441.00  0.000e+00
     15.855   71.53642 -157.75126    -0.9633    32.0726    1440.97  0.000e+00
     15.793   71.53642 -157.75126    -0.9681    32.0732    1440.95  0.000e+00
     15.855   71.53642 -157.75126    -0.9721    32.0739    1440.93  0.000e+00
     15.909   71.53642 -157.75126    -0.9752    32.0756    1440.92  0.000e+00
     15.878   71.53642 -157.75126    -0.9761    32.0774    1440.92  0.000e+00
     15.971   71.53642 -157.75126    -0.9740    32.0805    1440.94  0.000e+00
     15.909   71.53642 -157.75126    -0.9697    32.0856    1440.96  0.000e+00
     15.971   71.53642 -157.75126    -0.9639    32.0902    1441.00  0.000e+00
     16.025   71.53642 -157.75126    -0.9582    32.0928    1441.03  0.000e+00
     15.994   71.53642 -157.75126    -0.9532    32.0948    1441.05  0.000e+00
     16.086   71.53642 -157.75126    -0.9487    32.0956    1441.08  0.000e+00
     16.025   71.53642 -157.75126    -0.9449    32.0958    1441.09  0.000e+00
     16.086   71.53642 -157.75126    -0.9425    32.0961    1441.11  0.000e+00
     16.086   71.53642 -157.75126    -0.9400    32.0961    1441.12  0.000e+00
     16.109   71.53642 -157.75126    -0.9385    32.0966    1441.13  0.000e+00
     16.194   71.53642 -157.75126    -0.9372    32.0965    1441.13  0.000e+00
     16.140   71.53642 -157.75126    -0.9365    32.0964    1441.14  0.000e+00
     16.194   71.53642 -157.75126    -0.9363    32.0972    1441.14  0.000e+00
     16.225   71.53642 -157.75126    -0.9363    32.0973    1441.14  0.000e+00
     16.194   71.53642 -157.75126    -0.9369    32.0977    1441.14  0.000e+00
     16.256   71.53644 -157.75126    -0.9375    32.0983    1441.14  0.000e+00
     16.256   71.53644 -157.75126    -0.9381    32.0985    1441.13  0.000e+00
     16.256   71.53644 -157.75126    -0.9391    32.0989    1441.13  0.000e+00
     16.279   71.53644 -157.75126    -0.9398    32.0989    1441.13  0.000e+00
     16.310   71.53644 -157.75126    -0.9407    32.0990    1441.12  0.000e+00
     16.371   71.53644 -157.75126    -0.9417    32.0995    1441.12  0.000e+00
     16.310   71.53644 -157.75126    -0.9425    32.0997    1441.12  0.000e+00
     16.371   71.53644 -157.75126    -0.9427    32.0989    1441.11  0.000e+00
     16.394   71.53644 -157.75126    -0.9440    32.0989    1441.11  0.000e+00
     16.371   71.53644 -157.75126    -0.9452    32.0994    1441.10  0.000e+00
     16.371   71.53644 -157.75126    -0.9467    32.1005    1441.10  0.000e+00
     16.425   71.53644 -157.75126    -0.9486    32.1007    1441.09  0.000e+00
     16.394   71.53644 -157.75126    -0.9507    32.1012    1441.08  0.000e+00
     16.487   71.53644 -157.75126    -0.9527    32.1020    1441.07  0.000e+00
     16.371   71.53644 -157.75126    -0.9547    32.1028    1441.06  0.000e+00
     16.487   71.53644 -157.75126    -0.9570    32.1032    1441.05  0.000e+00
     16.487   71.53644 -157.75126    -0.9595    32.1041    1441.04  0.000e+00
     16.448   71.53644 -157.75126    -0.9616    32.1056    1441.04  0.000e+00
     16.487   71.53644 -157.75126    -0.9633    32.1065    1441.03  0.000e+00
     16.487   71.53644 -157.75126    -0.9640    32.1067    1441.03  0.000e+00
     16.541   71.53644 -157.75126    -0.9651    32.1072    1441.02  0.000e+00
     16.487   71.53644 -157.75126    -0.9658    32.1073    1441.02  0.000e+00
     16.510   71.53644 -157.75126    -0.9669    32.1081    1441.01  0.000e+00
     16.541   71.53644 -157.75126    -0.9679    32.1088    1441.01  0.000e+00
     16.487   71.53644 -157.75126    -0.9691    32.1099    1441.01  0.000e+00
     16.541   71.53644 -157.75126    -0.9697    32.1105    1441.01  0.000e+00
     16.564   71.53644 -157.75126    -0.9705    32.1104    1441.00  0.000e+00
     16.541   71.53644 -157.75126    -0.9712    32.1109    1441.00  0.000e+00
     16.541   71.53644 -157.75126    -0.9717    32.1112    1441.00  0.000e+00
     16.541   71.53644 -157.75126    -0.9723    32.1116    1440.99  0.000e+00
     16.541   71.53644 -157.75126    -0.9725    32.1119    1440.99  0.000e+00
     16.564   71.53644 -157.75126    -0.9720    32.1118    1441.00  0.000e+00
     16.541   71.53644 -157.75126    -0.9717    32.1113    1441.00  0.000e+00
     16.595   71.53644 -157.75126    -0.9716    32.1111    1441.00  0.000e+00
     16.541   71.53644 -157.75126    -0.9714    32.1112    1441.00  0.000e+00
     16.564   71.53644 -157.75126    -0.9711    32.1107    1441.00  0.000e+00
     16.595   71.53644 -157.75126    -0.9689    32.1086    1441.01  0.000e+00
     16.541   71.53644 -157.75126    -0.9657    32.1062    1441.02  0.000e+00
     16.595   71.53644 -157.75126    -0.9627    32.1038    1441.03  0.000e+00
     16.541   71.53644 -157.75126    -0.9600    32.1015    1441.04  0.000e+00
     16.564   71.53644 -157.75126    -0.9580    32.0994    1441.05  0.000e+00
     16.541   71.53644 -157.75126    -0.9556    32.0964    1441.05  0.000e+00
     16.594   71.53644 -157.75126    -0.9530    32.0924    1441.06  0.000e+00
     16.540   71.53644 -157.75126    -0.9504    32.0886    1441.07  0.000e+00
     16.564   71.53644 -157.75126    -0.9483    32.0855    1441.07  0.000e+00
     16.594   71.53644 -157.75126    -0.9466    32.0834    1441.08  0.000e+00
     16.540   71.53644 -157.75126    -0.9450    32.0818    1441.08  0.000e+00
     16.594   71.53644 -157.75126    -0.9434    32.0798    1441.09  0.000e+00
     16.594   71.53644 -157.75126    -0.9423    32.0775    1441.09  0.000e+00
     16.564   71.53644 -157.75126    -0.9401    32.0751    1441.10  0.000e+00
     16.594   71.53644 -157.75126    -0.9374    32.0730    1441.11  0.000e+00
     16.540   71.53644 -157.75126    -0.9357    32.0725    1441.11  0.000e+00
     16.594   71.53644 -157.75126    -0.9335    32.0711    1441.12  0.000e+00
     16.540   71.53644 -157.75126    -0.9308    32.0695    1441.13  0.000e+00
     16.625   71.53644 -157.75126    -0.9284    32.0678    1441.14  0.000e+00
     16.594   71.53644 -157.75126    -0.9260    32.0657    1441.15  0.000e+00
     16.540   71.53644 -157.75126    -0.9239    32.0642    1441.16  0.000e+00
     16.594   71.53644 -157.75126    -0.9219    32.0620    1441.17  0.000e+00
     16.563   71.53644 -157.75126    -0.9215    32.0615    1441.17  0.000e+00
     16.594   71.53644 -157.75126    -0.9211    32.0602    1441.17  0.000e+00
     16.540   71.53644 -157.75126    -0.9196    32.0592    1441.17  0.000e+00
     16.594   71.53644 -157.75126    -0.9177    32.0588    1441.18  0.000e+00
     16.594   71.53644 -157.75126    -0.9153    32.0575    1441.19  0.000e+00
     16.563   71.53644 -157.75126    -0.9133    32.0565    1441.20  0.000e+00
     16.540   71.53644 -157.75126    -0.9122    32.0561    1441.20  0.000e+00
     16.594   71.53644 -157.75126    -0.9121    32.0561    1441.21  0.000e+00
     16.594   71.53644 -157.75126    -0.9118    32.0557    1441.21  0.000e+00
     16.563   71.53644 -157.75126    -0.9116    32.0560    1441.21  0.000e+00
     16.594   71.53644 -157.75126    -0.9110    32.0553    1441.21  0.000e+00
     16.594   71.53644 -157.75126    -0.9115    32.0559    1441.21  0.000e+00
     16.594   71.53644 -157.75126    -0.9128    32.0572    1441.20  0.000e+00
     16.540   71.53644 -157.75126    -0.9150    32.0595    1441.20  0.000e+00
     16.625   71.53644 -157.75126    -0.9177    32.0630    1441.19  0.000e+00
     16.594   71.53644 -157.75126    -0.9191    32.0653    1441.18  0.000e+00
     16.594   71.53644 -157.75126    -0.9210    32.0688    1441.18  0.000e+00
     16.594   71.53644 -157.75126    -0.9253    32.0742    1441.17  0.000e+00
     16.625   71.53644 -157.75126    -0.9293    32.0795    1441.16  0.000e+00
     16.656   71.53644 -157.75126    -0.9323    32.0832    1441.15  0.000e+00
     16.594   71.53644 -157.75126    -0.9334    32.0849    1441.14  0.000e+00
     16.656   71.53644 -157.75126    -0.9342    32.0859    1441.14  0.000e+00
     16.594   71.53644 -157.75126    -0.9347    32.0865    1441.14  0.000e+00
     16.625   71.53644 -157.75126    -0.9358    32.0876    1441.14  0.000e+00
     16.656   71.53644 -157.75126    -0.9363    32.0875    1441.13  0.000e+00
     16.656   71.53644 -157.75126    -0.9363    32.0870    1441.13  0.000e+00
     16.656   71.53644 -157.75126    -0.9362    32.0866    1441.13  0.000e+00
     16.679   71.53644 -157.75126    -0.9363    32.0867    1441.13  0.000e+00
     16.710   71.53644 -157.75126    -0.9363    32.0867    1441.13  0.000e+00
     16.656   71.53644 -157.75126    -0.9360    32.0862    1441.13  0.000e+00
     16.710   71.53644 -157.75126    -0.9358    32.0856    1441.13  0.000e+00
     16.710   71.53644 -157.75126    -0.9349    32.0835    1441.14  0.000e+00
     16.740   71.53644 -157.75126    -0.9340    32.0807    1441.14  0.000e+00
     16.710   71.53644 -157.75126    -0.9331    32.0788    1441.14  0.000e+00
     16.771   71.53644 -157.75126    -0.9323    32.0769    1441.14  0.000e+00
     16.771   71.53644 -157.75126    -0.9311    32.0753    1441.14  0.000e+00
     16.740   71.53644 -157.75126    -0.9300    32.0740    1441.15  0.000e+00
     16.825   71.53644 -157.75126    -0.9293    32.0733    1441.15  0.000e+00
     16.825   71.53644 -157.75128    -0.9286    32.0729    1441.15  0.000e+00
     16.771   71.53644 -157.75128    -0.9289    32.0725    1441.15  0.000e+00
     16.887   71.53644 -157.75128    -0.9304    32.0734    1441.15  0.000e+00
     16.848   71.53644 -157.75128    -0.9325    32.0748    1441.14  0.000e+00
     16.887   71.53644 -157.75128    -0.9358    32.0772    1441.13  0.000e+00
     16.887   71.53644 -157.75128    -0.9387    32.0794    1441.12  0.000e+00
     16.941   71.53644 -157.75128    -0.9420    32.0822    1441.10  0.000e+00
     16.910   71.53644 -157.75128    -0.9458    32.0848    1441.09  0.000e+00
     16.941   71.53644 -157.75128    -0.9503    32.0883    1441.07  0.000e+00
     16.995   71.53644 -157.75128    -0.9550    32.0911    1441.06  0.000e+00
     16.941   71.53644 -157.75128    -0.9593    32.0951    1441.04  0.000e+00
     17.056   71.53644 -157.75128    -0.9634    32.0988    1441.03  0.000e+00
     16.964   71.53644 -157.75128    -0.9667    32.1010    1441.01  0.000e+00
     17.056   71.53644 -157.75128    -0.9703    32.1028    1441.00  0.000e+00
     17.110   71.53644 -157.75128    -0.9749    32.1058    1440.98  0.000e+00
     17.056   71.53644 -157.75128    -0.9793    32.1078    1440.96  0.000e+00
     17.141   71.53644 -157.75128    -0.9840    32.1100    1440.95  0.000e+00
     17.110   71.53644 -157.75128    -0.9887    32.1112    1440.93  0.000e+00
     17.172   71.53644 -157.75128    -0.9934    32.1134    1440.91  0.000e+00
     17.172   71.53644 -157.75128    -0.9983    32.1144    1440.89  0.000e+00
     17.195   71.53644 -157.75128    -1.0029    32.1147    1440.86  0.000e+00
     17.226   71.53644 -157.75128    -1.0081    32.1157    1440.84  0.000e+00
     17.226   71.53644 -157.75128    -1.0138    32.1170    1440.82  0.000e+00
     17.280   71.53644 -157.75128    -1.0197    32.1183    1440.79  0.000e+00
     17.280   71.53642 -157.75128    -1.0251    32.1185    1440.77  0.000e+00
     17.311   71.53642 -157.75128    -1.0304    32.1192    1440.74  0.000e+00
     17.396   71.53642 -157.75128    -1.0362    32.1204    1440.72  0.000e+00
     17.396   71.53642 -157.75128    -1.0421    32.1208    1440.69  0.000e+00
     17.396   71.53642 -157.75128    -1.0478    32.1224    1440.66  0.000e+00
     17.480   71.53642 -157.75128    -1.0533    32.1231    1440.64  0.000e+00
     17.511   71.53642 -157.75128    -1.0584    32.1239    1440.62  0.000e+00
     17.511   71.53642 -157.75128    -1.0629    32.1252    1440.60  0.000e+00
     17.511   71.53642 -157.75128    -1.0673    32.1264    1440.58  0.000e+00
     17.534   71.53642 -157.75128    -1.0709    32.1274    1440.56  0.000e+00
     17.627   71.53642 -157.75128    -1.0745    32.1285    1440.55  0.000e+00
     17.573   71.53642 -157.75128    -1.0776    32.1296    1440.54  0.000e+00
     17.681   71.53642 -157.75128    -1.0803    32.1306    1440.53  0.000e+00
     17.650   71.53642 -157.75128    -1.0831    32.1326    1440.52  0.000e+00
     17.742   71.53642 -157.75128    -1.0853    32.1332    1440.51  0.000e+00
     17.681   71.53642 -157.75128    -1.0874    32.1341    1440.50  0.000e+00
     17.796   71.53642 -157.75128    -1.0890    32.1349    1440.49  0.000e+00
     17.766   71.53642 -157.75128    -1.0909    32.1359    1440.48  0.000e+00
     17.796   71.53642 -157.75128    -1.0930    32.1374    1440.48  0.000e+00
     17.858   71.53642 -157.75128    -1.0948    32.1385    1440.47  0.000e+00
     17.858   71.53642 -157.75128    -1.0966    32.1397    1440.46  0.000e+00
     17.935   71.53642 -157.75128    -1.0985    32.1406    1440.46  0.000e+00
     17.912   71.53642 -157.75128    -1.1002    32.1420    1440.45  0.000e+00
