EcoFOCI/data/1_SampleCollection/2023_SikuliaqDBO_CruiseData/CTD_raw_BottleFile_SKQ23-12S/proc/skq202312s_026svp.cnv
* Sea-Bird SBE 9 Data File:
* FileName = D:\CTD\SKQ202312S\SKQ202312S_026.hex
* Software Version Seasave V 7.26.7.121
* Temperature SN = 6177
* Conductivity SN = 0369
* Number of Bytes Per Scan = 41
* Number of Voltage Words = 4
* Number of Scans Averaged by the Deck Unit = 1
* NMEA Latitude = 71 17.26 N
* NMEA Longitude = 157 14.75 W
* NMEA UTC (Time) = Sep 20 2023  23:14:47
* NMEA baud rate = 4800
** Ship: R/V Sikuliaq
** Station Number: 026
** Station Name: DBO5.2
** Bottom Depth: 56
** Operator: SD
# nquan = 7
# nvalues = 5478                                  
# units = specified
# name 0 = depSM: Depth [salt water, m]
# name 1 = latitude: Latitude [deg]
# name 2 = longitude: Longitude [deg]
# name 3 = t090C: Temperature [ITS-90, deg C]
# name 4 = sal00: Salinity, Practical [PSU]
# name 5 = svCM: Sound Velocity [Chen-Millero, m/s]
# name 6 = flag:  0.000e+00
# span 0 =      2.412,     51.387                 
# span 1 =   71.28776,   71.28778                 
# span 2 = -157.24544, -157.24540                 
# span 3 =     2.1595,     4.5957                 
# span 4 =    30.2644,    31.7894                 
# span 5 =    1455.34,    1463.73                 
# span 6 = 0.0000e+00, 0.0000e+00                 
# interval = seconds: 0.0416667
# start_time = Sep 20 2023 23:18:27 [NMEA time, first data scan]
# bad_flag = -9.990e-29
*END*
[from data line 2462]
     33.439   71.28778 -157.24544     3.1194    31.5219    1458.96  0.000e+00
     33.400   71.28778 -157.24544     3.1207    31.5211    1458.96  0.000e+00
     33.400   71.28778 -157.24544     3.1231    31.5193    1458.97  0.000e+00
     33.439   71.28778 -157.24544     3.1259    31.5170    1458.98  0.000e+00
     33.454   71.28778 -157.24544     3.1284    31.5149    1458.98  0.000e+00
     33.439   71.28778 -157.24544     3.1296    31.5140    1458.99  0.000e+00
     33.400   71.28778 -157.24544     3.1298    31.5144    1458.99  0.000e+00
     33.516   71.28778 -157.24544     3.1303    31.5142    1458.99  0.000e+00
     33.439   71.28778 -157.24544     3.1309    31.5149    1459.00  0.000e+00
     33.454   71.28778 -157.24544     3.1323    31.5148    1459.00  0.000e+00
     33.500   71.28778 -157.24544     3.1350    31.5143    1459.01  0.000e+00
     33.516   71.28778 -157.24544     3.1376    31.5125    1459.02  0.000e+00
     33.516   71.28778 -157.24544     3.1389    31.5111    1459.03  0.000e+00
     33.500   71.28778 -157.24544     3.1393    31.5098    1459.03  0.000e+00
     33.516   71.28778 -157.24544     3.1380    31.5078    1459.02  0.000e+00
     33.570   71.28778 -157.24544     3.1328    31.5076    1459.00  0.000e+00
     33.554   71.28778 -157.24544     3.1257    31.5121    1458.97  0.000e+00
     33.570   71.28778 -157.24544     3.1229    31.5149    1458.96  0.000e+00
     33.616   71.28778 -157.24544     3.1227    31.5168    1458.97  0.000e+00
     33.570   71.28778 -157.24544     3.1244    31.5162    1458.97  0.000e+00
     33.624   71.28778 -157.24544     3.1236    31.5139    1458.97  0.000e+00
     33.616   71.28778 -157.24544     3.1181    31.5145    1458.94  0.000e+00
     33.685   71.28778 -157.24544     3.1124    31.5159    1458.92  0.000e+00
     33.616   71.28778 -157.24544     3.1070    31.5182    1458.90  0.000e+00
     33.739   71.28778 -157.24544     3.1025    31.5204    1458.89  0.000e+00
     33.685   71.28778 -157.24544     3.0987    31.5226    1458.87  0.000e+00
     33.785   71.28778 -157.24544     3.0959    31.5241    1458.86  0.000e+00
     33.739   71.28778 -157.24544     3.0940    31.5257    1458.86  0.000e+00
     33.801   71.28778 -157.24544     3.0920    31.5276    1458.85  0.000e+00
     33.785   71.28778 -157.24544     3.0908    31.5283    1458.85  0.000e+00
     33.801   71.28778 -157.24544     3.0898    31.5291    1458.84  0.000e+00
     33.901   71.28778 -157.24544     3.0890    31.5301    1458.84  0.000e+00
     33.855   71.28778 -157.24544     3.0888    31.5304    1458.84  0.000e+00
     33.917   71.28778 -157.24544     3.0882    31.5316    1458.84  0.000e+00
     33.901   71.28778 -157.24544     3.0882    31.5321    1458.84  0.000e+00
     33.970   71.28778 -157.24544     3.0879    31.5332    1458.84  0.000e+00
     33.970   71.28778 -157.24544     3.0877    31.5347    1458.84  0.000e+00
     34.017   71.28778 -157.24544     3.0880    31.5358    1458.85  0.000e+00
     34.086   71.28778 -157.24544     3.0885    31.5371    1458.85  0.000e+00
     34.071   71.28778 -157.24544     3.0894    31.5387    1458.86  0.000e+00
     34.086   71.28778 -157.24544     3.0907    31.5407    1458.87  0.000e+00
     34.140   71.28778 -157.24544     3.0920    31.5422    1458.87  0.000e+00
     34.186   71.28778 -157.24544     3.0933    31.5428    1458.88  0.000e+00
     34.140   71.28778 -157.24544     3.0941    31.5438    1458.89  0.000e+00
     34.256   71.28778 -157.24544     3.0948    31.5446    1458.89  0.000e+00
     34.302   71.28778 -157.24544     3.0959    31.5449    1458.90  0.000e+00
     34.318   71.28778 -157.24544     3.0963    31.5462    1458.90  0.000e+00
     34.318   71.28778 -157.24544     3.0971    31.5465    1458.91  0.000e+00
     34.356   71.28778 -157.24544     3.0976    31.5469    1458.91  0.000e+00
     34.425   71.28778 -157.24544     3.0982    31.5478    1458.91  0.000e+00
     34.472   71.28778 -157.24544     3.0984    31.5491    1458.92  0.000e+00
     34.425   71.28778 -157.24544     3.0987    31.5499    1458.92  0.000e+00
     34.541   71.28778 -157.24544     3.0987    31.5516    1458.92  0.000e+00
     34.587   71.28778 -157.24544     3.0987    31.5529    1458.93  0.000e+00
     34.603   71.28778 -157.24544     3.0988    31.5536    1458.93  0.000e+00
     34.603   71.28778 -157.24544     3.0985    31.5548    1458.93  0.000e+00
     34.703   71.28778 -157.24544     3.0980    31.5566    1458.93  0.000e+00
     34.711   71.28778 -157.24544     3.0978    31.5574    1458.93  0.000e+00
     34.711   71.28778 -157.24544     3.0971    31.5584    1458.93  0.000e+00
     34.819   71.28778 -157.24544     3.0970    31.5590    1458.93  0.000e+00
     34.826   71.28778 -157.24544     3.0967    31.5597    1458.93  0.000e+00
     34.888   71.28778 -157.24544     3.0962    31.5604    1458.93  0.000e+00
     34.873   71.28778 -157.24544     3.0959    31.5608    1458.93  0.000e+00
     34.942   71.28778 -157.24544     3.0951    31.5613    1458.93  0.000e+00
     35.050   71.28778 -157.24544     3.0937    31.5622    1458.92  0.000e+00
     35.004   71.28778 -157.24544     3.0923    31.5630    1458.92  0.000e+00
     35.058   71.28778 -157.24544     3.0898    31.5647    1458.91  0.000e+00
     35.104   71.28778 -157.24544     3.0864    31.5673    1458.90  0.000e+00
     35.174   71.28778 -157.24544     3.0838    31.5686    1458.89  0.000e+00
     35.174   71.28778 -157.24544     3.0808    31.5702    1458.88  0.000e+00
     35.220   71.28778 -157.24544     3.0770    31.5716    1458.87  0.000e+00
     35.228   71.28778 -157.24544     3.0729    31.5734    1458.85  0.000e+00
     35.343   71.28778 -157.24544     3.0679    31.5755    1458.83  0.000e+00
     35.336   71.28778 -157.24544     3.0636    31.5779    1458.82  0.000e+00
     35.405   71.28778 -157.24544     3.0599    31.5799    1458.81  0.000e+00
     35.405   71.28778 -157.24544     3.0561    31.5812    1458.79  0.000e+00
     35.451   71.28778 -157.24544     3.0521    31.5830    1458.78  0.000e+00
     35.459   71.28778 -157.24544     3.0482    31.5849    1458.76  0.000e+00
     35.575   71.28778 -157.24544     3.0441    31.5867    1458.75  0.000e+00
     35.559   71.28778 -157.24544     3.0397    31.5888    1458.73  0.000e+00
     35.629   71.28778 -157.24544     3.0355    31.5896    1458.72  0.000e+00
     35.629   71.28778 -157.24544     3.0307    31.5904    1458.70  0.000e+00
     35.675   71.28778 -157.24544     3.0256    31.5927    1458.68  0.000e+00
     35.744   71.28778 -157.24544     3.0214    31.5933    1458.66  0.000e+00
     35.744   71.28778 -157.24544     3.0165    31.5951    1458.65  0.000e+00
     35.737   71.28778 -157.24544     3.0120    31.5963    1458.63  0.000e+00
     35.860   71.28778 -157.24544     3.0075    31.5969    1458.61  0.000e+00
     35.860   71.28778 -157.24544     3.0020    31.5974    1458.59  0.000e+00
     35.852   71.28778 -157.24544     2.9955    31.5991    1458.56  0.000e+00
     35.914   71.28778 -157.24544     2.9888    31.6003    1458.54  0.000e+00
     35.976   71.28778 -157.24544     2.9806    31.6015    1458.50  0.000e+00
     35.960   71.28778 -157.24544     2.9708    31.6045    1458.46  0.000e+00
     36.030   71.28778 -157.24544     2.9610    31.6068    1458.43  0.000e+00
     36.091   71.28778 -157.24544     2.9508    31.6093    1458.39  0.000e+00
     36.022   71.28778 -157.24544     2.9404    31.6127    1458.34  0.000e+00
     36.091   71.28778 -157.24544     2.9325    31.6158    1458.32  0.000e+00
     36.145   71.28778 -157.24544     2.9265    31.6174    1458.29  0.000e+00
     36.192   71.28778 -157.24544     2.9193    31.6204    1458.27  0.000e+00
     36.145   71.28778 -157.24544     2.9132    31.6215    1458.24  0.000e+00
     36.207   71.28778 -157.24544     2.9059    31.6224    1458.21  0.000e+00
     36.307   71.28778 -157.24544     2.8977    31.6246    1458.18  0.000e+00
     36.261   71.28778 -157.24544     2.8897    31.6270    1458.15  0.000e+00
     36.261   71.28778 -157.24544     2.8830    31.6285    1458.12  0.000e+00
     36.307   71.28778 -157.24544     2.8765    31.6310    1458.10  0.000e+00
     36.377   71.28778 -157.24544     2.8709    31.6315    1458.07  0.000e+00
     36.315   71.28778 -157.24544     2.8635    31.6333    1458.04  0.000e+00
     36.423   71.28778 -157.24544     2.8563    31.6342    1458.02  0.000e+00
     36.377   71.28778 -157.24544     2.8478    31.6353    1457.98  0.000e+00
     36.431   71.28778 -157.24544     2.8378    31.6376    1457.94  0.000e+00
     36.477   71.28778 -157.24544     2.8253    31.6410    1457.89  0.000e+00
     36.431   71.28778 -157.24544     2.8134    31.6443    1457.84  0.000e+00
     36.546   71.28778 -157.24544     2.8032    31.6467    1457.80  0.000e+00
     36.539   71.28778 -157.24544     2.7943    31.6478    1457.77  0.000e+00
     36.492   71.28778 -157.24544     2.7853    31.6514    1457.73  0.000e+00
     36.546   71.28778 -157.24544     2.7783    31.6553    1457.71  0.000e+00
     36.593   71.28778 -157.24544     2.7725    31.6585    1457.69  0.000e+00
     36.546   71.28778 -157.24544     2.7681    31.6597    1457.67  0.000e+00
     36.608   71.28778 -157.24544     2.7633    31.6624    1457.65  0.000e+00
     36.662   71.28778 -157.24544     2.7592    31.6637    1457.64  0.000e+00
     36.593   71.28778 -157.24544     2.7551    31.6654    1457.62  0.000e+00
     36.662   71.28778 -157.24544     2.7511    31.6658    1457.61  0.000e+00
     36.662   71.28778 -157.24544     2.7454    31.6672    1457.58  0.000e+00
     36.708   71.28778 -157.24544     2.7417    31.6686    1457.57  0.000e+00
     36.716   71.28778 -157.24544     2.7384    31.6700    1457.56  0.000e+00
     36.662   71.28778 -157.24544     2.7346    31.6719    1457.54  0.000e+00
     36.762   71.28778 -157.24544     2.7308    31.6737    1457.53  0.000e+00
     36.716   71.28778 -157.24544     2.7290    31.6730    1457.52  0.000e+00
     36.778   71.28778 -157.24544     2.7282    31.6718    1457.52  0.000e+00
     36.762   71.28778 -157.24544     2.7274    31.6719    1457.51  0.000e+00
     36.778   71.28778 -157.24544     2.7257    31.6721    1457.51  0.000e+00
     36.778   71.28778 -157.24544     2.7216    31.6742    1457.49  0.000e+00
     36.824   71.28778 -157.24544     2.7193    31.6740    1457.48  0.000e+00
     36.778   71.28778 -157.24544     2.7177    31.6747    1457.47  0.000e+00
     36.832   71.28778 -157.24544     2.7164    31.6756    1457.47  0.000e+00
     36.824   71.28778 -157.24544     2.7157    31.6749    1457.47  0.000e+00
     36.893   71.28778 -157.24544     2.7150    31.6742    1457.46  0.000e+00
     36.832   71.28778 -157.24544     2.7134    31.6734    1457.46  0.000e+00
     36.893   71.28778 -157.24544     2.7099    31.6754    1457.44  0.000e+00
     36.878   71.28778 -157.24544     2.7096    31.6748    1457.44  0.000e+00
     36.893   71.28778 -157.24544     2.7106    31.6730    1457.44  0.000e+00
     36.893   71.28778 -157.24544     2.7088    31.6740    1457.44  0.000e+00
     36.940   71.28778 -157.24544     2.7034    31.6759    1457.42  0.000e+00
     36.893   71.28778 -157.24544     2.6969    31.6785    1457.39  0.000e+00
     37.009   71.28778 -157.24544     2.6908    31.6821    1457.37  0.000e+00
     36.940   71.28778 -157.24544     2.6881    31.6820    1457.36  0.000e+00
     36.947   71.28778 -157.24544     2.6862    31.6789    1457.35  0.000e+00
     36.947   71.28778 -157.24544     2.6789    31.6822    1457.32  0.000e+00
     36.994   71.28778 -157.24544     2.6735    31.6855    1457.30  0.000e+00
     37.009   71.28778 -157.24544     2.6709    31.6855    1457.29  0.000e+00
     37.009   71.28778 -157.24544     2.6677    31.6850    1457.27  0.000e+00
     36.940   71.28778 -157.24544     2.6620    31.6863    1457.25  0.000e+00
     37.117   71.28778 -157.24544     2.6573    31.6879    1457.24  0.000e+00
     37.009   71.28778 -157.24544     2.6535    31.6897    1457.22  0.000e+00
     37.063   71.28778 -157.24544     2.6514    31.6902    1457.21  0.000e+00
     37.109   71.28778 -157.24544     2.6489    31.6910    1457.20  0.000e+00
     37.063   71.28778 -157.24544     2.6471    31.6912    1457.19  0.000e+00
     37.063   71.28778 -157.24544     2.6448    31.6909    1457.18  0.000e+00
     37.109   71.28778 -157.24544     2.6408    31.6920    1457.17  0.000e+00
     37.117   71.28778 -157.24544     2.6357    31.6951    1457.15  0.000e+00
     37.117   71.28778 -157.24544     2.6315    31.6972    1457.14  0.000e+00
     37.171   71.28778 -157.24544     2.6283    31.6975    1457.12  0.000e+00
     37.117   71.28778 -157.24544     2.6289    31.6942    1457.12  0.000e+00
     37.179   71.28778 -157.24544     2.6276    31.6936    1457.11  0.000e+00
     37.179   71.28778 -157.24544     2.6223    31.6976    1457.10  0.000e+00
     37.225   71.28778 -157.24544     2.6168    31.6991    1457.08  0.000e+00
     37.179   71.28778 -157.24544     2.6112    31.6998    1457.05  0.000e+00
     37.233   71.28778 -157.24544     2.6053    31.7007    1457.03  0.000e+00
     37.279   71.28778 -157.24544     2.5998    31.6985    1457.00  0.000e+00
     37.233   71.28778 -157.24544     2.5901    31.6984    1456.96  0.000e+00
     37.294   71.28778 -157.24544     2.5784    31.7015    1456.91  0.000e+00
     37.279   71.28778 -157.24544     2.5697    31.7019    1456.88  0.000e+00
     37.294   71.28778 -157.24544     2.5607    31.7028    1456.84  0.000e+00
     37.348   71.28778 -157.24544     2.5507    31.7062    1456.80  0.000e+00
     37.341   71.28778 -157.24544     2.5423    31.7108    1456.77  0.000e+00
     37.402   71.28778 -157.24544     2.5347    31.7154    1456.74  0.000e+00
     37.348   71.28778 -157.24544     2.5288    31.7156    1456.72  0.000e+00
     37.402   71.28778 -157.24544     2.5193    31.7158    1456.68  0.000e+00
     37.395   71.28778 -157.24544     2.5091    31.7173    1456.63  0.000e+00
     37.464   71.28778 -157.24544     2.4998    31.7192    1456.60  0.000e+00
     37.464   71.28778 -157.24544     2.4910    31.7213    1456.56  0.000e+00
     37.510   71.28778 -157.24544     2.4832    31.7237    1456.53  0.000e+00
     37.464   71.28778 -157.24544     2.4763    31.7268    1456.50  0.000e+00
     37.518   71.28778 -157.24544     2.4705    31.7298    1456.48  0.000e+00
     37.572   71.28778 -157.24544     2.4657    31.7314    1456.47  0.000e+00
     37.518   71.28778 -157.24544     2.4597    31.7324    1456.44  0.000e+00
     37.634   71.28778 -157.24544     2.4541    31.7328    1456.42  0.000e+00
     37.580   71.28778 -157.24544     2.4491    31.7341    1456.40  0.000e+00
     37.626   71.28778 -157.24544     2.4449    31.7349    1456.38  0.000e+00
     37.695   71.28778 -157.24544     2.4408    31.7351    1456.36  0.000e+00
     37.695   71.28778 -157.24544     2.4358    31.7338    1456.34  0.000e+00
     37.680   71.28778 -157.24544     2.4258    31.7330    1456.30  0.000e+00
     37.695   71.28778 -157.24544     2.4095    31.7355    1456.23  0.000e+00
     37.803   71.28778 -157.24544     2.3938    31.7374    1456.16  0.000e+00
     37.749   71.28778 -157.24544     2.3783    31.7432    1456.10  0.000e+00
     37.857   71.28778 -157.24544     2.3671    31.7480    1456.06  0.000e+00
     37.803   71.28778 -157.24544     2.3596    31.7513    1456.03  0.000e+00
     37.865   71.28778 -157.24544     2.3521    31.7518    1456.00  0.000e+00
     37.857   71.28778 -157.24544     2.3415    31.7519    1455.95  0.000e+00
     37.919   71.28778 -157.24544     2.3288    31.7554    1455.90  0.000e+00
     37.919   71.28778 -157.24544     2.3188    31.7592    1455.87  0.000e+00
     37.973   71.28778 -157.24544     2.3096    31.7625    1455.83  0.000e+00
     38.035   71.28778 -157.24544     2.3021    31.7651    1455.80  0.000e+00
     37.981   71.28778 -157.24544     2.2963    31.7677    1455.78  0.000e+00
     38.035   71.28778 -157.24544     2.2915    31.7699    1455.76  0.000e+00
