EcoFOCI/data/1_SampleCollection/2023_SikuliaqDBO_CruiseData/CTD_raw_BottleFile_SKQ23-12S/proc/skq202312s_028avg.cnv
* Sea-Bird SBE 9 Data File:
* FileName = D:\CTD\SKQ202312S\SKQ202312S_028.hex
* Software Version Seasave V 7.26.7.121
* Temperature SN = 6177
* Conductivity SN = 0369
* Number of Bytes Per Scan = 41
* Number of Voltage Words = 4
* Number of Scans Averaged by the Deck Unit = 1
* NMEA Latitude = 71 22.34 N
* NMEA Longitude = 157 24.94 W
* NMEA UTC (Time) = Sep 21 2023  03:13:25
* NMEA baud rate = 4800
** Ship: R/V Sikuliaq
** Station Number: 028
** Station Name: DBO5.4
** Bottom Depth: 112
** Operator: SD
# nquan = 25
# nvalues = 105                         
# units = specified
# name 0 = depSM: Depth [salt water, m]
# name 1 = latitude: Latitude [deg]
# name 2 = longitude: Longitude [deg]
# name 3 = prDM: Pressure, Digiquartz [db]
# name 4 = t090C: Temperature [ITS-90, deg C]
# name 5 = t190C: Temperature, 2 [ITS-90, deg C]
# name 6 = potemp090C: Potential Temperature [ITS-90, deg C]
# name 7 = sal00: Salinity, Practical [PSU]
# name 8 = sal11: Salinity, Practical, 2 [PSU]
# name 9 = density00: Density [density, kg/m^3]
# name 10 = sigma-é00: Density [sigma-theta, kg/m^3]
# name 11 = sbox0Mm/Kg: Oxygen, SBE 43 [umol/kg]
# name 12 = sbox1Mm/Kg: Oxygen, SBE 43, 2 [umol/kg]
# name 13 = oxsolMm/Kg: Oxygen Saturation, Garcia & Gordon [umol/kg]
# name 14 = sbeox0PS: Oxygen, SBE 43 [% saturation]
# name 15 = sbeox1PS: Oxygen, SBE 43, 2 [% saturation]
# name 16 = v0: Voltage 0
# name 17 = flECO-AFL: Fluorescence, WET Labs ECO-AFL/FL [mg/m^3]
# name 18 = v1: Voltage 1
# name 19 = CStarAt0: Beam Attenuation, WET Labs C-Star [1/m]
# name 20 = par: PAR/Irradiance, Biospherical/Licor
# name 21 = scan: Scan Count
# name 22 = timeM: Time, Elapsed [minutes]
# name 23 = nbin: number of scans per bin
# name 24 = flag: flag
# span 0 =      2.969,    105.881       
# span 1 =   71.37240,   71.37255       
# span 2 = -157.41495, -157.41360       
# span 3 =      3.000,    107.000       
# span 4 =    -1.4917,     4.8624       
# span 5 =    -1.4898,     4.8650       
# span 6 =    -1.4937,     4.8610       
# span 7 =    30.0427,    32.5766       
# span 8 =    30.0536,    32.5865       
# span 9 =  1023.7788,  1026.7189       
# span 10 =    23.7644,    26.2035      
# span 11 =    296.933,    386.006      
# span 12 =    282.071,    354.329      
# span 13 =  318.77258,  368.92050      
# span 14 =     80.488,    107.109      
# span 15 =     76.495,     98.339      
# span 16 =     0.0803,     0.3280      
# span 17 =     0.1336,     1.6197      
# span 18 =     3.4805,     4.2040      
# span 19 =     0.4566,     1.2123      
# span 20 = -1.238e-07, 1.3586e+01      
# span 21 =        -77,       9403      
# span 22 =    -0.0542,     6.5292      
# span 23 =         22,       1870      
# span 24 = 0.0000e+00, 0.0000e+00      
# interval = decibars: 1                
# start_time = Sep 21 2023 03:18:10 [NMEA time, first data scan]
# bad_flag = -9.990e-29
*END*
      2.969   71.37240 -157.41495      3.000     4.8307     4.8403     4.8305    30.0427    30.0561  1023.7788    23.7649    304.303    287.256  320.26981     95.015     89.721     0.2160     0.9477     3.8107     0.8496 1.3586e+01        -77    -0.0542         26 0.0000e+00
      3.959   71.37240 -157.41491      4.000     4.8209     4.8286     4.8206    30.0463    30.0536  1023.7874    23.7687    304.286    288.401  320.33698     94.989     90.052     0.2047     0.8802     3.8112     0.8492 9.5025e+00        321     0.2221        104 0.0000e+00
      4.949   71.37242 -157.41488      5.000     4.8501     4.8543     4.8497    30.0446    30.0544  1023.7878    23.7644    304.426    286.467  320.11649     95.098     89.504     0.2168     0.9530     3.8079     0.8526 7.4679e+00        674     0.4674        291 0.0000e+00
      5.939   71.37242 -157.41486      6.000     4.8274     4.8232     4.8270    30.0445    30.0558  1023.7947    23.7666    304.428    288.229  320.29088     95.047     89.988     0.2155     0.9450     3.8104     0.8499 6.0378e+00        910     0.6314        132 0.0000e+00
      6.929   71.37244 -157.41484      7.000     4.7949     4.7964     4.7944    30.0471    30.0569  1023.8047    23.7720    304.369    287.865  320.53499     94.957     89.818     0.2229     0.9893     3.8160     0.8441 4.8273e+00       1156     0.8021        157 0.0000e+00
      7.918   71.37244 -157.41483      8.000     4.7992     4.8005     4.7987    30.0483    30.0582  1023.8099    23.7725    304.354    287.163  320.49860     94.963     89.608     0.2267     1.0121     3.8180     0.8420 3.8332e+00       1309     0.9086        195 0.0000e+00
      8.908   71.37244 -157.41481      9.000     4.7994     4.8008     4.7988    30.0500    30.0598  1023.8159    23.7739    304.193    287.328  320.49278     94.914     89.661     0.2190     0.9661     3.8174     0.8426 3.0365e+00       1457     1.0114        163 0.0000e+00
      9.898   71.37244 -157.41480     10.000     4.7990     4.8004     4.7983    30.0512    30.0609  1023.8216    23.7749    304.250    286.378  320.49362     94.932     89.365     0.2132     0.9315     3.8184     0.8416 2.3428e+00       1597     1.1086         52 0.0000e+00
     10.888   71.37245 -157.41478     11.000     4.7987     4.8001     4.7979    30.0520    30.0615  1023.8269    23.7755    304.311    288.190  320.49413     94.951     89.930     0.2113     0.9200     3.8179     0.8421 1.8069e+00       1727     1.1989         76 0.0000e+00
     11.877   71.37246 -157.41477     12.000     4.7971     4.7977     4.7963    30.0539    30.0646  1023.8332    23.7772    304.244    287.161  320.50129     94.928     89.606     0.2071     0.8947     3.8141     0.8460 1.4124e+00       1871     1.2988        116 0.0000e+00
     12.867   71.37246 -157.41475     13.000     4.7940     4.7949     4.7931    30.0576    30.0677  1023.8411    23.7804    303.946    288.348  320.51686     94.830     89.972     0.2123     0.9260     3.8162     0.8439 1.1314e+00       2043     1.4184        175 0.0000e+00
     13.857   71.37246 -157.41474     14.000     4.7953     4.7969     4.7944    30.0562    30.0658  1023.8446    23.7792    303.930    287.552  320.50959     94.827     89.727     0.2166     0.9517     3.8164     0.8436 9.3724e-01       2169     1.5055         62 0.0000e+00
     14.846   71.37246 -157.41472     15.000     4.7885     4.7908     4.7875    30.0668    30.0752  1023.8584    23.7883    304.161    287.521  320.53674     94.891     89.711     0.2044     0.8784     3.8157     0.8444 7.8013e-01       2204     1.5296         37 0.0000e+00
     15.836   71.37246 -157.41470     16.000     4.7778     4.7705     4.7767    30.0814    30.1041  1023.8757    23.8010    304.086    288.615  320.58417     94.854     90.027     0.2047     0.8805     3.8096     0.8508 5.6119e-01       2285     1.5859        117 0.0000e+00
     16.826   71.37246 -157.41470     17.000     4.6388     4.6284     4.6377    30.3528    30.3802  1024.1094    24.0300    304.115    286.984  321.00561     94.738     89.398     0.1955     0.8251     3.7854     0.8763 5.1510e-01       2357     1.6358         33 0.0000e+00
     17.816   71.37246 -157.41469     18.000     4.6832     4.6881     4.6820    30.4525    30.4631  1024.1886    24.1046    302.683    285.920  320.42344     94.463     89.249     0.1523     0.5655     3.8115     0.8490 4.0674e-01       2394     1.6621         49 0.0000e+00
     18.805   71.37246 -157.41467     19.000     4.7520     4.7576     4.7508    30.4972    30.5073  1024.2217    24.1330    302.854    287.335  319.78666     94.705     89.871     0.1472     0.5352     3.8980     0.7591 2.9206e-01       2457     1.7055         75 0.0000e+00
     19.795   71.37246 -157.41466     20.000     4.7941     4.7996     4.7927    30.5244    30.5353  1024.2436    24.1503    302.458    286.046  319.39890     94.696     89.577     0.1331     0.4503     3.9526     0.7033 2.4825e-01       2547     1.7679         64 0.0000e+00
     20.785   71.37246 -157.41464     21.000     4.8624     4.8650     4.8610    30.5679    30.5753  1024.2757    24.1778    301.418    285.639  318.77258     94.556     89.616     0.1268     0.4130     4.0048     0.6509 2.0689e-01       2578     1.7893         26 0.0000e+00
     21.774   71.37246 -157.41463     22.000     4.7825     4.7760     4.7810    30.5815    30.5906  1024.2993    24.1967    301.931    285.838  319.35181     94.545     89.498     0.1194     0.3683     4.0884     0.5685 1.5613e-01       2623     1.8206         87 0.0000e+00
     22.764   71.37246 -157.41462     23.000     4.5567     4.4330     4.5552    30.5737    30.6039  1024.3207    24.2133    306.363    291.274  321.11343     95.406     90.458     0.1132     0.3311     4.0565     0.5996 1.1934e-01       2707     1.8790         38 0.0000e+00
     23.754   71.37246 -157.41462     24.000     4.1522     4.1463     4.1506    30.6133    30.6320  1024.3965    24.2842    307.966    291.885  324.17203     95.001     90.040     0.0981     0.2406     4.1630     0.4959 9.6032e-02       2732     1.8965         29 0.0000e+00
     24.743   71.37246 -157.41460     25.000     4.1006     4.1009     4.0991    30.6465    30.6581  1024.4325    24.3154    306.144    288.426  324.49609     94.345     88.893     0.0909     0.1975     4.1955     0.4648 8.8756e-02       2780     1.9300         70 0.0000e+00
     25.733   71.37246 -157.41459     26.000     4.1263     4.1266     4.1247    30.6498    30.6599  1024.4373    24.3156    313.076    295.255  324.28550     96.543     91.055     0.0900     0.1923     4.1878     0.4721 7.2982e-02       2841     1.9721         35 0.0000e+00
     26.723   71.37246 -157.41458     27.000     4.2298     4.2255     4.2281    30.6792    30.6949  1024.4554    24.3291    311.103    292.993  323.40147     96.197     90.598     0.0878     0.1787     4.1528     0.5057 5.6374e-02       2872     1.9935         33 0.0000e+00
     27.712   71.37246 -157.41457     28.000     2.4496     2.3445     2.4482    31.3583    31.4487  1025.1528    25.0206    318.156    304.185  336.22750     94.645     90.304     0.0966     0.2316     4.1688     0.4904 4.8413e-02       2923     2.0290         70 0.0000e+00
     28.702   71.37246 -157.41456     29.000     0.8316     0.7367     0.8305    31.8891    31.9732  1025.6917    25.5536    342.865    313.087  348.87484     98.246     89.568     0.1000     0.2519     4.2040     0.4566 3.9915e-02       2982     2.0702         44 0.0000e+00
     29.692   71.37246 -157.41456     30.000     0.1432     0.0730     0.1422    32.1064    32.1831  1025.9072    25.7638    372.303    343.067  354.57033    104.994     96.630     0.0803     0.1336     4.1791     0.4805 2.5482e-02       3028     2.1022         49 0.0000e+00
     30.681   71.37246 -157.41454     31.000    -0.5513    -0.5536    -0.5521    32.3563    32.3907  1026.1442    25.9954    386.006    354.329  360.39075    107.109     98.339     0.0921     0.2047     3.9480     0.7082 2.4930e-02       3072     2.1324         37 0.0000e+00
     31.671   71.37246 -157.41453     32.000    -0.6447    -0.6466    -0.6455    32.3770    32.4052  1026.1693    26.0156    367.392    341.592  361.22594    101.709     94.583     0.1143     0.3378     3.8337     0.8259 1.7694e-02       3115     2.1622         58 0.0000e+00
     32.661   71.37246 -157.41452     33.000    -0.6637    -0.6363    -0.6646    32.3706    32.3746  1026.1696    26.0110    324.678    310.501  361.42831     89.835     85.978     0.1215     0.3811     3.7552     0.9082 1.2319e-02       3191     2.2155         62 0.0000e+00
     33.650   71.37246 -157.41452     34.000    -0.7540    -0.7521    -0.7548    32.3834    32.4070  1026.1881    26.0247    317.495    304.843  362.25740     87.644     84.171     0.1232     0.3911     3.7280     0.9375 2.8899e-03       3227     2.2405         29 0.0000e+00
     34.640   71.37246 -157.41450     35.000    -0.8696    -0.8663    -0.8705    32.4051    32.4279  1026.2146    26.0462    317.991    302.951  363.31222     87.526     83.408     0.1328     0.4488     3.6908     0.9776 9.1829e-04       3257     2.2610         30 0.0000e+00
     35.629   71.37246 -157.41450     36.000    -0.8675    -0.8214    -0.8684    32.3984    32.4061  1026.2138    26.0407    318.040    300.627  363.31135     87.539     82.853     0.1503     0.5537     3.6702     0.9999 3.2786e-06       3315     2.3017         79 0.0000e+00
     36.619   71.37247 -157.41450     37.000    -0.8941    -0.8917    -0.8950    32.3974    32.4171  1026.2188    26.0408    319.433    303.099  363.57099     87.860     83.385     0.1444     0.5183     3.6659     1.0047 3.9840e-04       3368     2.3380         30 0.0000e+00
     37.609   71.37248 -157.41448     38.000    -0.9122    -0.9223    -0.9131    32.3986    32.4188  1026.2252    26.0424    318.372    302.573  363.74340     87.527     83.174     0.1443     0.5181     3.6706     0.9996 7.5768e-05       3413     2.3694         82 0.0000e+00
     38.598   71.37246 -157.41448     39.000    -0.9509    -0.9449    -0.9518    32.3993    32.4174  1026.2318    26.0441    318.628    300.692  364.11719     87.507     82.606     0.1427     0.5082     3.6633     1.0075 4.7910e-07       3491     2.4234         34 0.0000e+00
     39.588   71.37246 -157.41447     40.000    -0.9783    -0.9783    -0.9792    32.4069    32.4236  1026.2438    26.0513    318.020    301.239  364.36118     87.281     82.687     0.1417     0.5024     3.6784     0.9910 1.0608e-06       3511     2.4372         24 0.0000e+00
     40.578   71.37247 -157.41446     41.000    -0.9998    -0.9988    -1.0007    32.4100    32.4259  1026.2518    26.0545    317.311    299.813  364.56119     87.039     82.252     0.1485     0.5433     3.6747     0.9951 1.0013e-06       3553     2.4669         86 0.0000e+00
     41.567   71.37248 -157.41446     42.000    -1.0201    -1.0206    -1.0210    32.4097    32.4266  1026.2570    26.0548    317.101    299.428  364.76023     86.934     82.099     0.1521     0.5647     3.6652     1.0054 3.5604e-07       3638     2.5256         38 0.0000e+00
     42.557   71.37248 -157.41446     43.000    -1.0569    -1.0559    -1.0578    32.4183    32.4341  1026.2700    26.0630    316.806    299.680  365.09446     86.774     82.095     0.1472     0.5350     3.6782     0.9913 2.0040e-06       3661     2.5413         26 0.0000e+00
     43.546   71.37248 -157.41445     44.000    -1.1031    -1.1037    -1.1041    32.4277    32.4451  1026.2838    26.0719    316.981    300.606  365.51961     86.721     82.251     0.1517     0.5622     3.6843     0.9847 1.1644e-06       3690     2.5615         38 0.0000e+00
     44.536   71.37248 -157.41444     45.000    -1.1746    -1.1811    -1.1756    32.4421    32.4599  1026.3026    26.0858    316.701    300.269  366.17805     86.488     81.998     0.1858     0.7665     3.6896     0.9788 3.0845e-07       3750     2.6034         73 0.0000e+00
     45.526   71.37248 -157.41444     46.000    -1.2406    -1.2402    -1.2415    32.4553    32.4707  1026.3201    26.0984    317.817    299.160  366.78780     86.649     81.573     0.1939     0.8158     3.6853     0.9835 5.3937e-07       3808     2.6434         47 0.0000e+00
     46.515   71.37248 -157.41444     47.000    -1.2564    -1.2558    -1.2574    32.4591    32.4644  1026.3284    26.1019    318.899    300.613  366.93329     86.909     81.931     0.1970     0.8342     3.6880     0.9807 1.5879e-07       3858     2.6784         50 0.0000e+00
     47.505   71.37248 -157.41444     48.000    -1.2728    -1.2719    -1.2737    32.4686    32.4832  1026.3415    26.1101    319.706    301.233  367.06664     87.097     82.076     0.2029     0.8696     3.6513     1.0207 2.6372e-07       3897     2.7056         32 0.0000e+00
     48.494   71.37248 -157.41442     49.000    -1.2805    -1.2794    -1.2815    32.4707    32.4853  1026.3482    26.1119    319.066    300.497  367.13659     86.907     81.861     0.2118     0.9225     3.6247     1.0499 2.2602e-07       3930     2.7284         38 0.0000e+00
     49.484   71.37248 -157.41442     50.000    -1.2794    -1.2845    -1.2804    32.4689    32.4850  1026.3516    26.1105    315.369    296.338  367.13105     85.901     80.716     0.2240     0.9958     3.6147     1.0611 -9.884e-08       4027     2.7958         85 0.0000e+00
     50.474   71.37248 -157.41442     51.000    -1.3117    -1.3097    -1.3128    32.4829    32.4965  1026.3687    26.1228    315.715    297.733  367.40937     85.930     81.049     0.2139     0.9356     3.6318     1.0421 1.0000e-12       4052     2.8131         22 0.0000e+00
     51.463   71.37248 -157.41442     52.000    -1.3227    -1.3224    -1.3238    32.4892    32.5034  1026.3789    26.1281    315.507    298.287  367.50002     85.852     81.176     0.2121     0.9244     3.6101     1.0660 1.0000e-12       4075     2.8291         26 0.0000e+00
     52.452   71.37248 -157.41441     53.000    -1.3292    -1.3289    -1.3302    32.4916    32.5054  1026.3859    26.1303    314.576    297.243  367.55654     85.586     80.879     0.2409     1.0974     3.5983     1.0791 2.2660e-07       4138     2.8727        104 0.0000e+00
     53.442   71.37248 -157.41442     54.000    -1.3401    -1.3391    -1.3412    32.4963    32.5095  1026.3948    26.1344    313.522    295.411  367.65122     85.277     80.362     0.2412     1.0991     3.5960     1.0817 4.7118e-07       4225     2.9331         38 0.0000e+00
     54.431   71.37246 -157.41442     55.000    -1.3490    -1.3475    -1.3501    32.5008    32.5136  1026.4035    26.1383    313.523    295.914  367.72530     85.260     80.483     0.2346     1.0597     3.5877     1.0909 3.6612e-07       4247     2.9485         23 0.0000e+00
     55.421   71.37247 -157.41442     56.000    -1.3556    -1.3551    -1.3567    32.5039    32.5173  1026.4110    26.1410    312.968    295.561  367.78217     85.096     80.373     0.2297     1.0302     3.5829     1.0963 1.7248e-08       4268     2.9635         24 0.0000e+00
     56.411   71.37248 -157.41441     57.000    -1.3624    -1.3622    -1.3635    32.5066    32.5198  1026.4183    26.1434    311.889    294.405  367.84099     84.789     80.045     0.2503     1.1539     3.5584     1.1237 1.0000e-12       4343     3.0152        109 0.0000e+00
     57.400   71.37246 -157.41442     58.000    -1.3839    -1.3866    -1.3851    32.5161    32.5315  1026.4314    26.1516    310.596    292.555  368.02704     84.395     79.497     0.2466     1.1319     3.5712     1.1094 3.4698e-07       4405     3.0581         25 0.0000e+00
     58.390   71.37246 -157.41442     59.000    -1.3944    -1.3932    -1.3956    32.5218    32.5345  1026.4412    26.1566    310.590    291.949  368.11397     84.373     79.320     0.2411     1.0986     3.5692     1.1116 1.0982e-08       4428     3.0741         26 0.0000e+00
