EcoFOCI/data/1_SampleCollection/2023_SikuliaqDBO_CruiseData/CTD_raw_BottleFile_SKQ23-12S/proc/skq202312s_072.ros
* Sea-Bird SBE 9 Data File:
* FileName = D:\CTD\SKQ202312S\SKQ202312S_072.hex
* Software Version Seasave V 7.26.7.121
* Temperature SN = 6177
* Conductivity SN = 0369
* Number of Bytes Per Scan = 41
* Number of Voltage Words = 4
* Number of Scans Averaged by the Deck Unit = 1
* NMEA Latitude = 68 00.76 N
* NMEA Longitude = 167 52.45 W
* NMEA UTC (Time) = Oct 01 2023  18:46:53
* NMEA baud rate = 4800
** Ship: R/V Sikuliaq
** Station Number: 072
** Station Name: DBO3.5
** Bottom Depth: 52
** Operator: SD
# nquan = 22
# nvalues = 980                                   
# units = specified
# name 0 = depSM: Depth [salt water, m]
# name 1 = latitude: Latitude [deg]
# name 2 = longitude: Longitude [deg]
# name 3 = prDM: Pressure, Digiquartz [db]
# name 4 = t090C: Temperature [ITS-90, deg C]
# name 5 = t190C: Temperature, 2 [ITS-90, deg C]
# name 6 = potemp090C: Potential Temperature [ITS-90, deg C]
# name 7 = sal00: Salinity, Practical [PSU]
# name 8 = sal11: Salinity, Practical, 2 [PSU]
# name 9 = density00: Density [density, kg/m^3]
# name 10 = sigma-é00: Density [sigma-theta, kg/m^3]
# name 11 = sbox0Mm/Kg: Oxygen, SBE 43 [umol/kg]
# name 12 = sbox1Mm/Kg: Oxygen, SBE 43, 2 [umol/kg]
# name 13 = oxsolMm/Kg: Oxygen Saturation, Garcia & Gordon [umol/kg]
# name 14 = sbeox0PS: Oxygen, SBE 43 [% saturation]
# name 15 = v0: Voltage 0
# name 16 = flECO-AFL: Fluorescence, WET Labs ECO-AFL/FL [mg/m^3]
# name 17 = CStarAt0: Beam Attenuation, WET Labs C-Star [1/m]
# name 18 = par: PAR/Irradiance, Biospherical/Licor
# name 19 = scan: Scan Count
# name 20 = nbf: Bottles Fired
# name 21 = flag:  0.000e+00
# interval = seconds: 0.0416667
# start_time = Oct 01 2023 18:50:54 [NMEA time, first data scan]
# bad_flag = -9.990e-29
*END*
[from data line 659]
     10.036   68.01078 -167.87126     10.138     4.7123     4.7464     4.7116    29.4165    29.5679  1023.3281    23.2807    300.039    287.226  322.69128     92.980     0.4139     2.1355     0.7747 1.0814e+01      20042         14  0.000e+00
     10.090   68.01078 -167.87126     10.192     4.7130     4.7549     4.7124    29.4206    29.5861  1023.3315    23.2838    299.958    287.133  322.67537     92.960     0.4127     2.1282     0.7747 1.0814e+01      20043         14  0.000e+00
     10.090   68.01078 -167.87126     10.192     4.7141     4.7594     4.7134    29.4256    29.5979  1023.3353    23.2877    299.883    287.089  322.65523     92.942     0.4139     2.1355     0.7747 1.0814e+01      20044         14  0.000e+00
     10.036   68.01078 -167.87126     10.138     4.7148     4.7612     4.7141    29.4379    29.6031  1023.3448    23.2974    299.803    287.083  322.62023     92.928     0.4151     2.1428     0.7759 1.0814e+01      20045         14  0.000e+00
     10.121   68.01078 -167.87126     10.223     4.7168     4.7638     4.7162    29.4536    29.6054  1023.3574    23.3096    299.722    287.089  322.56616     92.918     0.4139     2.1355     0.7759 1.0814e+01      20046         14  0.000e+00
     10.036   68.01078 -167.87126     10.138     4.7192     4.7656     4.7186    29.4592    29.6045  1023.3612    23.3138    299.457    287.106  322.53401     92.845     0.4151     2.1428     0.7747 1.0814e+01      20047         14  0.000e+00
     10.090   68.01078 -167.87126     10.192     4.7213     4.7654     4.7206    29.4558    29.5979  1023.3586    23.3109    299.411    286.954  322.52631     92.833     0.4151     2.1428     0.7759 1.0814e+01      20048         14  0.000e+00
     10.090   68.01078 -167.87126     10.192     4.7229     4.7627     4.7222    29.4502    29.5914  1023.3540    23.3064    299.385    286.991  322.52727     92.825     0.4176     2.1575     0.7772 1.0814e+01      20049         14  0.000e+00
     10.090   68.01078 -167.87126     10.192     4.7240     4.7588     4.7233    29.4431    29.5925  1023.3483    23.3006    299.346    287.216  322.53591     92.810     0.4151     2.1428     0.7784 1.0814e+01      20050         14  0.000e+00
     10.090   68.01078 -167.87126     10.192     4.7240     4.7571     4.7233    29.4364    29.6000  1023.3429    23.2953    299.327    287.248  322.55223     92.800     0.4176     2.1575     0.7784 1.0814e+01      20051         14  0.000e+00
     10.152   68.01078 -167.87126     10.255     4.7234     4.7584     4.7227    29.4317    29.6057  1023.3396    23.2916    299.114    287.267  322.56837     92.729     0.4164     2.1502     0.7784 1.0814e+01      20052         14  0.000e+00
     10.059   68.01078 -167.87126     10.161     4.7229     4.7590     4.7222    29.4273    29.6074  1023.3357    23.2882    299.325    287.279  322.58265     92.790     0.4164     2.1502     0.7784 1.0814e+01      20053         14  0.000e+00
     10.090   68.01078 -167.87126     10.192     4.7223     4.7588     4.7216    29.4239    29.6038  1023.3332    23.2855    299.343    287.317  322.59571     92.792     0.4164     2.1502     0.7784 1.0814e+01      20054         14  0.000e+00
     10.152   68.01078 -167.87126     10.255     4.7216     4.7610     4.7209    29.4216    29.5962  1023.3317    23.2838    299.404    287.351  322.60650     92.808     0.4164     2.1502     0.7784 1.0814e+01      20055         14  0.000e+00
     10.090   68.01078 -167.87126     10.192     4.7216     4.7594     4.7209    29.4245    29.5845  1023.3337    23.2861    299.424    287.422  322.59953     92.816     0.4164     2.1502     0.7784 1.0783e+01      20056         14  0.000e+00
     10.090   68.01078 -167.87126     10.192     4.7243     4.7560     4.7236    29.4248    29.5626  1023.3337    23.2861    299.442    287.536  322.57773     92.828     0.4164     2.1502     0.7784 1.0783e+01      20057         14  0.000e+00
     10.152   68.01078 -167.87126     10.255     4.7268     4.7492     4.7262    29.4238    29.5427  1023.3330    23.2850    299.479    287.678  322.56029     92.844     0.4164     2.1502     0.7784 1.0753e+01      20058         14  0.000e+00
     10.090   68.01078 -167.87126     10.192     4.7273     4.7434     4.7267    29.4333    29.5301  1023.3401    23.2925    299.273    287.774  322.53382     92.788     0.4164     2.1502     0.7784 1.0783e+01      20059         14  0.000e+00
     10.152   68.01078 -167.87126     10.255     4.7287     4.7413     4.7281    29.4476    29.5220  1023.3516    23.3037    299.277    287.863  322.48823     92.802     0.4151     2.1428     0.7784 1.0783e+01      20060         14  0.000e+00
     10.121   68.01078 -167.87126     10.223     4.7311     4.7382     4.7305    29.4621    29.5226  1023.3627    23.3150    299.249    287.941  322.43464     92.809     0.4164     2.1502     0.7784 1.0783e+01      20061         14  0.000e+00
     10.152   68.01078 -167.87126     10.255     4.7324     4.7383     4.7317    29.4751    29.5329  1023.3730    23.3251    299.456    287.979  322.39366     92.885     0.4176     2.1575     0.7784 1.0783e+01      20062         14  0.000e+00
     10.152   68.01078 -167.87126     10.255     4.7330     4.7405     4.7324    29.4841    29.5507  1023.3801    23.3321    299.300    288.177  322.36681     92.845     0.4164     2.1502     0.7784 1.0783e+01      20063         14  0.000e+00
     10.152   68.01078 -167.87126     10.255     4.7342     4.7442     4.7335    29.4920    29.5670  1023.3862    23.3383    299.332    287.994  322.33884     92.863     0.4176     2.1575     0.7784 1.0783e+01      20064         14  0.000e+00
     10.152   68.01078 -167.87126     10.255     4.7348     4.7478     4.7341    29.5074    29.5842  1023.3984    23.3505    299.363    287.979  322.29715     92.884     0.4164     2.1502     0.7784 1.0753e+01      20065         14  0.000e+00
     10.152   68.01078 -167.87126     10.255     4.7364     4.7527     4.7357    29.5264    29.6030  1023.4132    23.3653    299.357    287.956  322.23893     92.899     0.4176     2.1575     0.7784 1.0753e+01      20066         14  0.000e+00
     10.152   68.01078 -167.87126     10.255     4.7378     4.7597     4.7371    29.5341    29.6243  1023.4193    23.3714    299.597    287.913  322.20923     92.982     0.4164     2.1502     0.7784 1.0722e+01      20067         14  0.000e+00
     10.121   68.01078 -167.87126     10.223     4.7392     4.7711     4.7385    29.5307    29.6544  1023.4163    23.3685    299.484    287.987  322.20651     92.948     0.4164     2.1502     0.7784 1.0753e+01      20068         14  0.000e+00
     10.492   68.01076 -167.87124     10.598     4.8655     4.8636     4.8648    29.9958    30.0109  1023.7737    23.7242    300.070    287.300  320.11450     93.738     0.4005     2.0549     0.6999 9.8733e+00      20173         15  0.000e+00
     10.438   68.01076 -167.87124     10.544     4.8657     4.8627     4.8650    29.9978    30.0119  1023.7750    23.7258    300.276    287.317  320.10810     93.805     0.4017     2.0623     0.6986 9.8733e+00      20174         15  0.000e+00
     10.461   68.01076 -167.87124     10.567     4.8652     4.8617     4.8645    29.9993    30.0130  1023.7763    23.7270    300.109    287.339  320.10811     93.752     0.3932     2.0110     0.6986 9.9014e+00      20175         15  0.000e+00
     10.438   68.01076 -167.87124     10.544     4.8650     4.8605     4.8643    29.9997    30.0133  1023.7766    23.7274    300.118    287.361  320.10869     93.755     0.3358     1.6667     0.6986 9.9296e+00      20176         15  0.000e+00
     10.438   68.01076 -167.87124     10.544     4.8646     4.8601     4.8639    29.9994    30.0125  1023.7763    23.7271    300.133    287.381  320.11316     93.758     0.3077     1.4982     0.6986 9.9579e+00      20177         15  0.000e+00
     10.438   68.01076 -167.87124     10.544     4.8643     4.8599     4.8635    29.9996    30.0119  1023.7765    23.7273    300.146    287.213  320.11506     93.762     0.3065     1.4908     0.6986 9.9579e+00      20178         15  0.000e+00
     10.438   68.01076 -167.87124     10.544     4.8643     4.8599     4.8635    30.0014    30.0114  1023.7780    23.7288    300.155    287.209  320.11058     93.766     0.3077     1.4982     0.6986 1.0015e+01      20179         15  0.000e+00
     10.438   68.01076 -167.87124     10.544     4.8641     4.8605     4.8634    30.0008    30.0109  1023.7775    23.7283    299.965    287.203  320.11332     93.706     0.3101     1.5128     0.6986 1.0043e+01      20180         15  0.000e+00
     10.438   68.01076 -167.87124     10.544     4.8639     4.8605     4.8632    29.9981    30.0123  1023.7754    23.7262    300.069    287.197  320.12099     93.736     0.3089     1.5055     0.6986 1.0043e+01      20181         15  0.000e+00
     10.407   68.01076 -167.87124     10.513     4.8638     4.8608     4.8631    29.9959    30.0127  1023.7735    23.7244    300.088    287.191  320.12755     93.740     0.3089     1.5055     0.6986 1.0101e+01      20182         15  0.000e+00
     10.438   68.01076 -167.87124     10.544     4.8636     4.8610     4.8629    29.9949    30.0119  1023.7729    23.7237    300.108    287.192  320.13114     93.745     0.3089     1.5055     0.6986 1.0129e+01      20183         15  0.000e+00
     10.376   68.01076 -167.87124     10.481     4.8636     4.8608     4.8629    29.9897    30.0095  1023.7685    23.7196    299.926    287.217  320.14343     93.685     0.3101     1.5128     0.6986 1.0129e+01      20184         15  0.000e+00
     10.376   68.01076 -167.87124     10.481     4.8632     4.8604     4.8625    29.9794    30.0043  1023.7604    23.7115    300.149    287.046  320.17173     93.746     0.3089     1.5055     0.6986 1.0187e+01      20185         15  0.000e+00
     10.438   68.01076 -167.87124     10.544     4.8629     4.8606     4.8621    29.9695    29.9973  1023.7528    23.7036    299.990    287.045  320.19789     93.689     0.3089     1.5055     0.6986 1.0216e+01      20186         15  0.000e+00
     10.376   68.01076 -167.87124     10.481     4.8622     4.8614     4.8615    29.9620    29.9895  1023.7467    23.6978    300.001    287.039  320.22062     93.686     0.3089     1.5055     0.6986 1.0216e+01      20187         15  0.000e+00
     10.376   68.01076 -167.87124     10.481     4.8614     4.8613     4.8607    29.9567    29.9815  1023.7425    23.6936    300.397    287.043  320.23973     93.804     0.3089     1.5055     0.6986 1.0304e+01      20188         15  0.000e+00
     10.407   68.01076 -167.87124     10.513     4.8602     4.8611     4.8594    29.9533    29.9744  1023.7402    23.6911    300.057    287.215  320.25724     93.692     0.3089     1.5055     0.6999 1.0333e+01      20189         15  0.000e+00
     10.376   68.01076 -167.87124     10.481     4.8592     4.8611     4.8585    29.9561    29.9701  1023.7423    23.6934    300.053    287.045  320.25789     93.691     0.3089     1.5055     0.6986 1.0362e+01      20190         15  0.000e+00
     10.322   68.01076 -167.87124     10.427     4.8587     4.8610     4.8580    29.9608    29.9708  1023.7459    23.6972    300.043    286.846  320.25058     93.690     0.3101     1.5128     0.6974 1.0422e+01      20191         15  0.000e+00
     10.376   68.01076 -167.87124     10.481     4.8589     4.8615     4.8581    29.9632    29.9753  1023.7480    23.6991    300.040    286.807  320.24369     93.691     0.3089     1.5055     0.6974 1.0451e+01      20192         15  0.000e+00
     10.376   68.01076 -167.87124     10.481     4.8595     4.8609     4.8588    29.9622    29.9807  1023.7472    23.6983    299.834    286.961  320.24114     93.627     0.3101     1.5128     0.6974 1.0481e+01      20193         15  0.000e+00
     10.322   68.01076 -167.87124     10.427     4.8597     4.8610     4.8590    29.9573    29.9823  1023.7430    23.6943    299.818    286.765  320.25139     93.620     0.3089     1.5055     0.6974 1.0541e+01      20194         15  0.000e+00
     10.322   68.01076 -167.87124     10.427     4.8595     4.8606     4.8588    29.9527    29.9812  1023.7394    23.6907    300.018    286.915  320.26392     93.678     0.3101     1.5128     0.6974 1.0601e+01      20195         15  0.000e+00
     10.322   68.01076 -167.87124     10.427     4.8589     4.8589     4.8582    29.9494    29.9736  1023.7368    23.6881    299.837    286.923  320.27678     93.618     0.3089     1.5055     0.6974 1.0601e+01      20196         15  0.000e+00
     10.292   68.01076 -167.87124     10.396     4.8584     4.8531     4.8577    29.9348    29.9523  1023.7252    23.6766    299.827    286.806  320.31516     93.604     0.3101     1.5128     0.6974 1.0661e+01      20197         15  0.000e+00
     10.322   68.01076 -167.87124     10.427     4.8559     4.8473     4.8552    29.8732    29.9181  1023.6767    23.6281    299.944    286.886  320.48197     93.592     0.3089     1.5055     0.6974 1.0722e+01      20198         15  0.000e+00
     10.322   68.01076 -167.87124     10.427     4.8479     4.8426     4.8472    29.7984    29.8910  1023.6183    23.5697    300.169    287.129  320.72276     93.591     0.3101     1.5128     0.6974 1.0722e+01      20199         15  0.000e+00
     10.261   68.01076 -167.87124     10.365     4.8404     4.8398     4.8397    29.7315    29.8726  1023.5658    23.5175    300.341    286.985  320.94084     93.581     0.3089     1.5055     0.6974 1.0753e+01      20200         15  0.000e+00
     10.261   68.01076 -167.87124     10.365     4.8332     4.8389     4.8325    29.6519    29.8564  1023.5035    23.4551    300.544    286.993  321.18732     93.573     0.3114     1.5201     0.6974 1.0845e+01      20201         15  0.000e+00
     10.207   68.01076 -167.87124     10.310     4.8219     4.8373     4.8213    29.6041    29.8412  1023.4665    23.4184    300.710    287.003  321.38927     93.566     0.3126     1.5275     0.6974 1.0876e+01      20202         15  0.000e+00
     10.261   68.01076 -167.87124     10.365     4.8102     4.8347     4.8095    29.5918    29.8222  1023.4583    23.4098    300.598    287.035  321.50918     93.496     0.3138     1.5348     0.6974 1.0876e+01      20203         15  0.000e+00
     10.238   68.01076 -167.87126     10.341     4.8005     4.8331     4.7998    29.5902    29.8004  1023.4578    23.4095    300.656    287.063  321.58832     93.491     0.3138     1.5348     0.6974 1.0969e+01      20204         15  0.000e+00
     10.207   68.01076 -167.87126     10.310     4.7942     4.8288     4.7935    29.6029    29.7818  1023.4684    23.4202    300.627    286.920  321.60686     93.477     0.3138     1.5348     0.6974 1.1000e+01      20205         15  0.000e+00
     10.207   68.01076 -167.87126     10.310     4.7897     4.8218     4.7890    29.6102    29.7643  1023.4746    23.4264    300.600    287.153  321.62400     93.463     0.3126     1.5275     0.6974 1.1000e+01      20206         15  0.000e+00
     10.207   68.01076 -167.87126     10.310     4.7856     4.8161     4.7849    29.6009    29.7424  1023.4676    23.4195    300.612    287.220  321.67816     93.451     0.3150     1.5421     0.6974 1.1063e+01      20207         15  0.000e+00
     10.153   68.01076 -167.87126     10.256     4.7819     4.8111     4.7813    29.5909    29.7116  1023.4598    23.4119    300.623    287.113  321.73037     93.439     0.3138     1.5348     0.6974 1.1063e+01      20208         15  0.000e+00
     10.153   68.01076 -167.87126     10.256     4.7788     4.8053     4.7781    29.5847    29.6720  1023.4552    23.4073    300.627    287.202  321.76990     93.429     0.3138     1.5348     0.6974 1.1094e+01      20209         15  0.000e+00
     10.153   68.01076 -167.87126     10.256     4.7751     4.8017     4.7744    29.5567    29.6365  1023.4334    23.3855    300.689    287.457  321.86601     93.421     0.3150     1.5421     0.7036 1.1126e+01      20210         15  0.000e+00
