EcoFOCI/data/1_SampleCollection/2023_SikuliaqDBO_CruiseData/CTD_raw_BottleFile_SKQ23-12S/proc/skq202312s_017.cnv
* Sea-Bird SBE 9 Data File:
* FileName = D:\CTD\SKQ202312S\SKQ202312S_017.hex
* Software Version Seasave V 7.26.7.121
* Temperature SN = 6177
* Conductivity SN = 0369
* Number of Bytes Per Scan = 41
* Number of Voltage Words = 4
* Number of Scans Averaged by the Deck Unit = 1
* NMEA Latitude = 64 40.58 N
* NMEA Longitude = 168 35.74 W
* NMEA UTC (Time) = Sep 17 2023  17:29:22
* NMEA baud rate = 4800
** Ship: R/V Sikuliaq
** Station Number: 017
** Station Name: DBO2.2a
** Bottom Depth: 43
** Operator: SD
# nquan = 24
# nvalues = 4343                                  
# units = specified
# name 0 = depSM: Depth [salt water, m]
# name 1 = latitude: Latitude [deg]
# name 2 = longitude: Longitude [deg]
# name 3 = prDM: Pressure, Digiquartz [db]
# name 4 = t090C: Temperature [ITS-90, deg C]
# name 5 = t190C: Temperature, 2 [ITS-90, deg C]
# name 6 = potemp090C: Potential Temperature [ITS-90, deg C]
# name 7 = sal00: Salinity, Practical [PSU]
# name 8 = sal11: Salinity, Practical, 2 [PSU]
# name 9 = density00: Density [density, kg/m^3]
# name 10 = sigma-é00: Density [sigma-theta, kg/m^3]
# name 11 = sbox0Mm/Kg: Oxygen, SBE 43 [umol/kg]
# name 12 = sbox1Mm/Kg: Oxygen, SBE 43, 2 [umol/kg]
# name 13 = oxsolMm/Kg: Oxygen Saturation, Garcia & Gordon [umol/kg]
# name 14 = sbeox0PS: Oxygen, SBE 43 [% saturation]
# name 15 = sbeox1PS: Oxygen, SBE 43, 2 [% saturation]
# name 16 = v0: Voltage 0
# name 17 = flECO-AFL: Fluorescence, WET Labs ECO-AFL/FL [mg/m^3]
# name 18 = v1: Voltage 1
# name 19 = CStarAt0: Beam Attenuation, WET Labs C-Star [1/m]
# name 20 = par: PAR/Irradiance, Biospherical/Licor
# name 21 = scan: Scan Count
# name 22 = timeM: Time, Elapsed [minutes]
# name 23 = flag:  0.000e+00
# span 0 =      2.666,     37.762                 
# span 1 =   64.67642,   64.67646                 
# span 2 = -168.59560, -168.59556                 
# span 3 =      2.692,     38.139                 
# span 4 =     3.0589,     4.5338                 
# span 5 =     3.0596,     4.5273                 
# span 6 =     3.0573,     4.5334                 
# span 7 =    31.9894,    32.8255                 
# span 8 =    32.0032,    32.8353                 
# span 9 =  1025.3533,  1026.3224                 
# span 10 =    25.3394,    26.1442                
# span 11 =    265.538,    297.425                
# span 12 =    252.500,    283.473                
# span 13 =  317.86679,  328.68613                
# span 14 =     81.168,     92.007                
# span 15 =     77.169,     88.055                
# span 16 =     0.1172,     0.3578                
# span 17 =     0.3553,     1.7985                
# span 18 =     2.7582,     4.0171                
# span 19 =     0.6386,     2.1430                
# span 20 = 9.5458e-02, 3.0819e+01                
# span 21 =          1,       4343                
# span 22 =     0.0000,     3.0153                
# span 23 = 0.0000e+00, 0.0000e+00                
# interval = seconds: 0.0416667
# start_time = Sep 17 2023 17:33:26 [NMEA time, first data scan]
# bad_flag = -9.990e-29
*END*
[from data line 1450]
      9.755   64.67644 -168.59558      9.852     3.2979     3.3003     3.2973    32.3364    32.3472  1025.7795    25.7333    290.261    276.580  326.73174     88.838     84.663     0.2344     1.0586     3.7717     0.8908 7.3401e+00       1451     1.0069  0.000e+00
      9.809   64.67644 -168.59558      9.906     3.2985     3.3009     3.2979    32.3362    32.3469  1025.7796    25.7331    290.256    276.525  326.72746     88.837     84.646     0.2357     1.0659     3.7875     0.8740 7.2983e+00       1452     1.0076  0.000e+00
      9.786   64.67644 -168.59558      9.883     3.2990     3.3014     3.2984    32.3373    32.3476  1025.7803    25.7340    290.459    276.463  326.72092     88.901     84.629     0.2344     1.0586     3.8071     0.8535 7.2983e+00       1453     1.0083  0.000e+00
      9.871   64.67644 -168.59558      9.969     3.2997     3.3013     3.2991    32.3371    32.3483  1025.7805    25.7337    290.484    276.432  326.71551     88.910     84.620     0.2357     1.0659     3.8107     0.8496 7.2983e+00       1454     1.0090  0.000e+00
      9.809   64.67644 -168.59558      9.906     3.3001     3.3014     3.2995    32.3365    32.3478  1025.7797    25.7333    289.859    276.397  326.71385     88.719     84.609     0.2344     1.0586     3.8095     0.8509 7.2567e+00       1455     1.0097  0.000e+00
      9.809   64.67644 -168.59558      9.906     3.2999     3.3013     3.2993    32.3368    32.3482  1025.7800    25.7335    290.428    276.364  326.71483     88.893     84.599     0.2357     1.0659     3.8095     0.8509 7.2567e+00       1456     1.0104  0.000e+00
      9.809   64.67644 -168.59558      9.906     3.3002     3.3017     3.2996    32.3368    32.3484  1025.7799    25.7335    290.448    276.328  326.71227     88.900     84.589     0.2344     1.0586     3.8095     0.8509 7.2567e+00       1457     1.0111  0.000e+00
      9.871   64.67644 -168.59558      9.968     3.3006     3.3019     3.3000    32.3372    32.3482  1025.7805    25.7337    290.252    276.296  326.70840     88.841     84.579     0.2357     1.0659     3.8095     0.8509 7.2153e+00       1458     1.0118  0.000e+00
      9.809   64.67644 -168.59558      9.906     3.3010     3.3020     3.3004    32.3380    32.3482  1025.7808    25.7343    290.443    276.067  326.70299     88.901     84.510     0.2357     1.0659     3.8095     0.8509 7.1948e+00       1459     1.0125  0.000e+00
      9.871   64.67644 -168.59558      9.968     3.3011     3.3022     3.3006    32.3382    32.3486  1025.7812    25.7345    290.460    276.205  326.70120     88.907     84.553     0.2344     1.0586     3.8095     0.8509 7.2153e+00       1460     1.0132  0.000e+00
      9.871   64.67644 -168.59558      9.968     3.3015     3.3021     3.3009    32.3381    32.3487  1025.7812    25.7344    290.470    276.196  326.69873     88.911     84.550     0.2357     1.0659     3.8095     0.8509 7.1742e+00       1461     1.0139  0.000e+00
      9.871   64.67644 -168.59558      9.968     3.3015     3.3019     3.3009    32.3382    32.3486  1025.7812    25.7345    290.480    275.997  326.69854     88.914     84.488     0.2344     1.0586     3.8095     0.8509 7.1742e+00       1462     1.0146  0.000e+00
      9.840   64.67644 -168.59558      9.937     3.3018     3.3020     3.3012    32.3376    32.3485  1025.7805    25.7339    290.484    275.968  326.69761     88.915     84.479     0.2357     1.0659     3.8095     0.8509 7.1537e+00       1463     1.0153  0.000e+00
      9.871   64.67644 -168.59558      9.968     3.3016     3.3023     3.3010    32.3377    32.3482  1025.7808    25.7341    290.276    276.133  326.69854     88.851     84.530     0.2344     1.0586     3.8095     0.8509 7.1537e+00       1464     1.0160  0.000e+00
      9.925   64.67644 -168.59558     10.023     3.3018     3.3021     3.3012    32.3380    32.3485  1025.7813    25.7343    290.460    276.132  326.69653     88.908     84.530     0.2357     1.0659     3.8095     0.8509 7.1537e+00       1465     1.0167  0.000e+00
      9.871   64.67644 -168.59558      9.968     3.3019     3.3024     3.3014    32.3377    32.3483  1025.7807    25.7340    290.457    276.125  326.69607     88.907     84.528     0.2357     1.0659     3.8095     0.8509 7.1333e+00       1466     1.0174  0.000e+00
      9.925   64.67644 -168.59558     10.023     3.3016     3.3025     3.3010    32.3384    32.3486  1025.7816    25.7346    290.457    276.124  326.69683     88.907     84.528     0.2357     1.0659     3.8095     0.8509 7.1333e+00       1467     1.0181  0.000e+00
      9.871   64.67644 -168.59558      9.968     3.3018     3.3026     3.3012    32.3380    32.3491  1025.7810    25.7343    290.520    275.927  326.69646     88.927     84.468     0.2357     1.0659     3.8095     0.8509 7.1130e+00       1468     1.0188  0.000e+00
      9.871   64.67644 -168.59558      9.968     3.3019     3.3024     3.3014    32.3378    32.3493  1025.7809    25.7341    290.728    275.906  326.69567     88.991     84.462     0.2344     1.0586     3.8095     0.8509 7.1130e+00       1469     1.0194  0.000e+00
      9.925   64.67644 -168.59558     10.023     3.3016     3.3029     3.3010    32.3383    32.3486  1025.7815    25.7345    290.541    275.887  326.69713     88.933     84.457     0.2357     1.0659     3.8095     0.8509 7.1130e+00       1470     1.0201  0.000e+00
      9.925   64.67644 -168.59558     10.023     3.3016     3.3028     3.3010    32.3378    32.3491  1025.7812    25.7342    290.459    275.870  326.69821     88.907     84.451     0.2344     1.0586     3.8095     0.8509 7.0927e+00       1471     1.0208  0.000e+00
      9.925   64.67644 -168.59558     10.023     3.3018     3.3029     3.3012    32.3383    32.3492  1025.7815    25.7345    290.473    275.853  326.69584     88.912     84.447     0.2344     1.0586     3.8107     0.8496 7.1130e+00       1472     1.0215  0.000e+00
      9.901   64.67644 -168.59558      9.999     3.3018     3.3028     3.3012    32.3384    32.3495  1025.7815    25.7346    290.667    275.839  326.69542     88.972     84.442     0.2344     1.0586     3.8144     0.8458 7.0927e+00       1473     1.0222  0.000e+00
      9.925   64.67644 -168.59558     10.023     3.3018     3.3029     3.3012    32.3382    32.3493  1025.7814    25.7344    290.678    275.827  326.69604     88.975     84.439     0.2344     1.0586     3.8156     0.8445 7.0927e+00       1474     1.0229  0.000e+00
      9.925   64.67644 -168.59558     10.023     3.3019     3.3029     3.3014    32.3376    32.3492  1025.7810    25.7340    290.719    275.817  326.69614     88.988     84.436     0.2357     1.0659     3.8156     0.8445 7.0927e+00       1475     1.0236  0.000e+00
      9.925   64.67644 -168.59558     10.023     3.3018     3.3029     3.3012    32.3380    32.3496  1025.7813    25.7343    290.758    276.000  326.69644     88.999     84.492     0.2393     1.0879     3.8156     0.8445 7.0927e+00       1476     1.0243  0.000e+00
      9.925   64.67644 -168.59558     10.023     3.3018     3.3030     3.3012    32.3382    32.3492  1025.7814    25.7344    291.223    276.038  326.69614     89.142     84.503     0.2442     1.1172     3.8156     0.8445 7.0724e+00       1477     1.0250  0.000e+00
      9.986   64.67644 -168.59558     10.085     3.3019     3.3029     3.3014    32.3380    32.3491  1025.7816    25.7343    290.892    275.865  326.69514     89.041     84.450     0.2442     1.1172     3.8144     0.8458 7.0724e+00       1478     1.0257  0.000e+00
      9.924   64.67644 -168.59558     10.023     3.3019     3.3027     3.3014    32.3380    32.3494  1025.7813    25.7343    290.667    275.860  326.69525     88.972     84.449     0.2442     1.1172     3.8156     0.8445 7.0724e+00       1479     1.0264  0.000e+00
      9.924   64.67644 -168.59558     10.023     3.3018     3.3031     3.3012    32.3384    32.3492  1025.7816    25.7346    290.657    275.856  326.69565     88.969     84.448     0.2430     1.1099     3.8156     0.8445 7.0724e+00       1480     1.0271  0.000e+00
      9.924   64.67644 -168.59558     10.023     3.3021     3.3030     3.3015    32.3384    32.3491  1025.7816    25.7346    290.823    276.049  326.69298     89.020     84.507     0.2430     1.1099     3.8156     0.8445 7.0724e+00       1481     1.0278  0.000e+00
      9.986   64.67644 -168.59558     10.085     3.3019     3.3029     3.3014    32.3390    32.3493  1025.7823    25.7350    290.808    276.075  326.69287     89.016     84.515     0.2442     1.1172     3.8156     0.8445 7.0724e+00       1482     1.0285  0.000e+00
      9.955   64.67644 -168.59558     10.054     3.3019     3.3029     3.3014    32.3385    32.3492  1025.7818    25.7346    291.037    276.098  326.69411     89.086     84.522     0.2442     1.1172     3.8156     0.8445 7.0724e+00       1483     1.0292  0.000e+00
      9.986   64.67644 -168.59558     10.085     3.3019     3.3029     3.3014    32.3386    32.3494  1025.7821    25.7348    290.867    276.124  326.69365     89.034     84.530     0.2442     1.1172     3.8156     0.8445 7.0724e+00       1484     1.0299  0.000e+00
      9.924   64.67644 -168.59558     10.023     3.3023     3.3029     3.3017    32.3382    32.3494  1025.7814    25.7344    290.870    276.147  326.69229     89.035     84.537     0.2430     1.1099     3.8156     0.8445 7.0724e+00       1485     1.0306  0.000e+00
      9.986   64.67644 -168.59558     10.085     3.3023     3.3029     3.3017    32.3379    32.3495  1025.7815    25.7342    290.877    276.176  326.69287     89.037     84.546     0.2442     1.1172     3.8156     0.8445 7.0724e+00       1486     1.0313  0.000e+00
      9.924   64.67644 -168.59558     10.023     3.3019     3.3029     3.3014    32.3385    32.3499  1025.7816    25.7346    290.878    276.200  326.69407     89.037     84.553     0.2430     1.1099     3.8156     0.8445 7.0927e+00       1487     1.0319  0.000e+00
      9.986   64.67644 -168.59558     10.085     3.3021     3.3031     3.3015    32.3388    32.3497  1025.7822    25.7349    290.877    276.423  326.69188     89.037     84.622     0.2442     1.1172     3.8156     0.8445 7.0927e+00       1488     1.0326  0.000e+00
      9.986   64.67644 -168.59558     10.085     3.3019     3.3029     3.3014    32.3387    32.3493  1025.7821    25.7348    290.874    276.475  326.69356     89.036     84.637     0.2454     1.1245     3.8156     0.8445 7.0927e+00       1489     1.0333  0.000e+00
      9.986   64.67644 -168.59558     10.085     3.3019     3.3031     3.3014    32.3385    32.3490  1025.7820    25.7347    290.903    276.525  326.69395     89.044     84.653     0.2430     1.1099     3.8156     0.8445 7.0927e+00       1490     1.0340  0.000e+00
      9.986   64.67644 -168.59558     10.085     3.3019     3.3029     3.3014    32.3386    32.3494  1025.7820    25.7347    290.894    276.576  326.69375     89.042     84.668     0.2442     1.1172     3.8156     0.8445 7.0927e+00       1491     1.0347  0.000e+00
      9.870   64.67644 -168.59558      9.968     3.3019     3.3029     3.3014    32.3388    32.3493  1025.7817    25.7349    290.913    276.623  326.69321     89.048     84.682     0.2430     1.1099     3.8168     0.8432 7.0927e+00       1492     1.0354  0.000e+00
     10.071   64.67644 -168.59558     10.171     3.3018     3.3032     3.3012    32.3383    32.3490  1025.7822    25.7345    290.911    276.656  326.69584     89.046     84.693     0.2442     1.1172     3.8181     0.8419 7.0927e+00       1493     1.0361  0.000e+00
      9.986   64.67644 -168.59558     10.085     3.3019     3.3031     3.3014    32.3384    32.3493  1025.7819    25.7346    290.890    276.872  326.69415     89.041     84.759     0.2430     1.1099     3.8205     0.8394 7.0927e+00       1494     1.0368  0.000e+00
      9.986   64.67644 -168.59558     10.085     3.3019     3.3031     3.3014    32.3383    32.3493  1025.7818    25.7345    290.872    276.919  326.69444     89.035     84.773     0.2442     1.1172     3.8193     0.8406 7.1130e+00       1495     1.0375  0.000e+00
      9.986   64.67644 -168.59558     10.085     3.3018     3.3032     3.3012    32.3382    32.3492  1025.7817    25.7344    290.852    276.964  326.69612     89.028     84.787     0.2430     1.1099     3.8205     0.8394 7.1130e+00       1496     1.0382  0.000e+00
      9.986   64.67644 -168.59558     10.085     3.3013     3.3029     3.3007    32.3374    32.3492  1025.7811    25.7338    291.049    277.032  326.70194     89.087     84.807     0.2430     1.1099     3.8205     0.8394 7.1130e+00       1497     1.0389  0.000e+00
      9.986   64.67644 -168.59558     10.085     3.3002     3.3029     3.2996    32.3369    32.3492  1025.7809    25.7336    291.065    277.097  326.71201     89.089     84.827     0.2442     1.1172     3.8193     0.8406 7.1130e+00       1498     1.0396  0.000e+00
      9.986   64.67644 -168.59558     10.085     3.2997     3.3031     3.2991    32.3360    32.3490  1025.7801    25.7328    290.857    277.161  326.71822     89.024     84.847     0.2430     1.1099     3.8193     0.8406 7.1130e+00       1499     1.0403  0.000e+00
      9.986   64.67644 -168.59558     10.085     3.2993     3.3029     3.2987    32.3351    32.3493  1025.7795    25.7322    291.042    277.201  326.72375     89.079     84.859     0.2442     1.1172     3.8193     0.8406 7.1130e+00       1500     1.0410  0.000e+00
      9.986   64.67644 -168.59558     10.085     3.2986     3.3030     3.2980    32.3351    32.3496  1025.7795    25.7322    291.042    277.431  326.72898     89.077     84.930     0.2442     1.1172     3.8193     0.8406 7.1130e+00       1501     1.0417  0.000e+00
      9.955   64.67644 -168.59558     10.054     3.2993     3.3031     3.2987    32.3346    32.3493  1025.7789    25.7318    291.062    277.488  326.72509     89.085     84.948     0.2503     1.1538     3.8193     0.8406 7.1130e+00       1502     1.0424  0.000e+00
      9.986   64.67644 -168.59558     10.085     3.2999     3.3029     3.2993    32.3343    32.3493  1025.7788    25.7315    291.082    277.546  326.72118     89.092     84.965     0.2515     1.1612     3.8193     0.8406 7.1130e+00       1503     1.0431  0.000e+00
     10.040   64.67644 -168.59558     10.139     3.2993     3.3031     3.2987    32.3356    32.3494  1025.7801    25.7326    291.214    277.599  326.72254     89.132     84.981     0.2527     1.1685     3.8193     0.8406 7.1130e+00       1504     1.0438  0.000e+00
      9.986   64.67644 -168.59558     10.085     3.2995     3.3030     3.2990    32.3375    32.3492  1025.7813    25.7340    291.036    277.647  326.71585     89.079     84.996     0.2540     1.1758     3.8193     0.8406 7.1130e+00       1505     1.0444  0.000e+00
      9.986   64.67644 -168.59558     10.085     3.3006     3.3031     3.3000    32.3381    32.3492  1025.7818    25.7345    291.035    277.694  326.70609     89.082     85.010     0.2515     1.1612     3.8205     0.8394 7.1130e+00       1506     1.0451  0.000e+00
     10.040   64.67644 -168.59558     10.139     3.3011     3.3031     3.3005    32.3382    32.3495  1025.7820    25.7345    291.217    277.739  326.70122     89.139     85.024     0.2527     1.1685     3.8205     0.8394 7.1130e+00       1507     1.0458  0.000e+00
      9.986   64.67644 -168.59558     10.085     3.3016     3.3029     3.3010    32.3382    32.3493  1025.7817    25.7344    291.030    277.950  326.69740     89.083     85.088     0.2515     1.1612     3.8193     0.8406 7.1130e+00       1508     1.0465  0.000e+00
      9.986   64.67644 -168.59558     10.085     3.3016     3.3029     3.3010    32.3383    32.3489  1025.7818    25.7345    291.242    278.009  326.69711     89.147     85.106     0.2527     1.1685     3.8205     0.8394 7.1130e+00       1509     1.0472  0.000e+00
