EcoFOCI/data/1_SampleCollection/2023_SikuliaqDBO_CruiseData/CTD_raw_BottleFile_SKQ23-12S/proc/skq202312s_081.cnv
* Sea-Bird SBE 9 Data File:
* FileName = D:\CTD\SKQ202312S\SKQ202312S_081.hex
* Software Version Seasave V 7.26.7.121
* Temperature SN = 6177
* Conductivity SN = 0369
* Number of Bytes Per Scan = 41
* Number of Voltage Words = 4
* Number of Scans Averaged by the Deck Unit = 1
* NMEA Latitude = 65 41.58 N
* NMEA Longitude = 168 27.84 W
* NMEA UTC (Time) = Oct 03 2023  09:04:12
* NMEA baud rate = 4800
** Ship: R/V Sikuliaq
** Station Number: 081
** Station Name: BS4
** Bottom Depth: 54
** Operator: SD
# nquan = 24
# nvalues = 3554                                  
# units = specified
# name 0 = depSM: Depth [salt water, m]
# name 1 = latitude: Latitude [deg]
# name 2 = longitude: Longitude [deg]
# name 3 = prDM: Pressure, Digiquartz [db]
# name 4 = t090C: Temperature [ITS-90, deg C]
# name 5 = t190C: Temperature, 2 [ITS-90, deg C]
# name 6 = potemp090C: Potential Temperature [ITS-90, deg C]
# name 7 = sal00: Salinity, Practical [PSU]
# name 8 = sal11: Salinity, Practical, 2 [PSU]
# name 9 = density00: Density [density, kg/m^3]
# name 10 = sigma-é00: Density [sigma-theta, kg/m^3]
# name 11 = sbox0Mm/Kg: Oxygen, SBE 43 [umol/kg]
# name 12 = sbox1Mm/Kg: Oxygen, SBE 43, 2 [umol/kg]
# name 13 = oxsolMm/Kg: Oxygen Saturation, Garcia & Gordon [umol/kg]
# name 14 = sbeox0PS: Oxygen, SBE 43 [% saturation]
# name 15 = sbeox1PS: Oxygen, SBE 43, 2 [% saturation]
# name 16 = v0: Voltage 0
# name 17 = flECO-AFL: Fluorescence, WET Labs ECO-AFL/FL [mg/m^3]
# name 18 = v1: Voltage 1
# name 19 = CStarAt0: Beam Attenuation, WET Labs C-Star [1/m]
# name 20 = par: PAR/Irradiance, Biospherical/Licor
# name 21 = scan: Scan Count
# name 22 = timeM: Time, Elapsed [minutes]
# name 23 = flag:  0.000e+00
# span 0 =      2.584,     49.454                 
# span 1 =   65.69290,   65.69292                 
# span 2 = -168.46470, -168.46450                 
# span 3 =      2.610,     49.952                 
# span 4 =     2.9660,     6.7152                 
# span 5 =     2.9670,     6.7166                 
# span 6 =     2.9638,     6.7139                 
# span 7 =    25.8991,    32.8646                 
# span 8 =    25.9061,    32.8755                 
# span 9 =  1020.3680,  1026.4150                 
# span 10 =    20.3443,    26.1810                
# span 11 =    245.834,    296.162                
# span 12 =    234.338,    282.145                
# span 13 =  302.97124,  328.21289                
# span 14 =     74.986,     92.813                
# span 15 =     71.488,     88.529                
# span 16 =     0.1062,     0.2796                
# span 17 =     0.2894,     1.3297                
# span 18 =     3.0317,     4.0488                
# span 19 =     0.6071,     1.7647                
# span 20 = 1.0000e-12, 5.1861e-01                
# span 21 =          1,       3554                
# span 22 =     0.0000,     2.4674                
# span 23 = 0.0000e+00, 0.0000e+00                
# interval = seconds: 0.0416667
# start_time = Oct 03 2023 09:06:59 [NMEA time, first data scan]
# bad_flag = -9.990e-29
*END*
[from data line 302]
      2.700   65.69292 -168.46460      2.727     6.2419     6.2408     6.2417    26.0756    26.1062  1020.4964    20.4837    294.889    280.716  318.95104     92.456     88.030     0.2576     1.1978     3.6190     1.0561 3.5042e-01        303     0.2097  0.000e+00
      2.754   65.69292 -168.46460      2.781     6.2418     6.2411     6.2416    26.0841    26.1032  1020.5033    20.4904    294.854    280.754  318.93174     92.451     88.041     0.2589     1.2051     3.6190     1.0561 3.1614e-01        304     0.2104  0.000e+00
      2.700   65.69292 -168.46460      2.727     6.2416     6.2413     6.2414    26.0923    26.1027  1020.5096    20.4968    295.022    280.765  318.91441     92.508     88.044     0.2589     1.2051     3.6190     1.0561 2.8436e-01        305     0.2111  0.000e+00
      2.646   65.69292 -168.46460      2.672     6.2416     6.2414     6.2414    26.0951    26.1026  1020.5115    20.4991    294.851    280.795  318.90769     92.456     88.054     0.2576     1.1978     3.6190     1.0561 2.7873e-01        306     0.2118  0.000e+00
      2.700   65.69292 -168.46460      2.727     6.2410     6.2414     6.2408    26.0955    26.1021  1020.5122    20.4994    295.044    280.648  318.91102     92.516     88.007     0.2589     1.2051     3.6190     1.0561 2.7873e-01        307     0.2125  0.000e+00
      2.700   65.69292 -168.46460      2.727     6.2411     6.2413     6.2409    26.0913    26.1025  1020.5088    20.4961    294.862    280.664  318.92017     92.456     88.012     0.2576     1.1978     3.6190     1.0561 2.7762e-01        308     0.2132  0.000e+00
      2.700   65.69292 -168.46460      2.727     6.2411     6.2414     6.2409    26.0870    26.1042  1020.5055    20.4928    294.857    280.677  318.93022     92.452     88.018     0.2576     1.1978     3.6190     1.0561 2.7651e-01        309     0.2139  0.000e+00
      2.646   65.69292 -168.46460      2.672     6.2410     6.2411     6.2408    26.0836    26.1048  1020.5025    20.4900    294.851    280.860  318.93919     92.447     88.075     0.2540     1.1758     3.6190     1.0561 2.9702e-01        310     0.2146  0.000e+00
      2.700   65.69292 -168.46460      2.727     6.2411     6.2413     6.2409    26.0819    26.1031  1020.5014    20.4887    295.047    280.699  318.94236     92.508     88.024     0.2540     1.1758     3.6190     1.0561 3.3999e-01        311     0.2153  0.000e+00
      2.646   65.69292 -168.46460      2.672     6.2413     6.2413     6.2411    26.0819    26.1010  1020.5011    20.4887    294.857    280.702  318.94119     92.449     88.023     0.2564     1.1905     3.6190     1.0561 3.5307e-01        312     0.2160  0.000e+00
      2.700   65.69292 -168.46460      2.727     6.2413     6.2418     6.2411    26.0826    26.0990  1020.5019    20.4892    294.846    280.687  318.93927     92.446     88.018     0.2540     1.1758     3.6190     1.0561 3.8176e-01        313     0.2167  0.000e+00
      2.646   65.69292 -168.46460      2.672     6.2416     6.2418     6.2414    26.0818    26.0989  1020.5010    20.4886    294.835    280.667  318.93912     92.442     88.012     0.2552     1.1831     3.6203     1.0548 4.8039e-01        314     0.2174  0.000e+00
      2.700   65.69292 -168.46460      2.727     6.2414     6.2418     6.2412    26.0808    26.0997  1020.5005    20.4878    294.832    280.650  318.94270     92.440     88.007     0.2540     1.1758     3.6203     1.0548 5.1861e-01        315     0.2181  0.000e+00
      2.646   65.69292 -168.46460      2.672     6.2415     6.2418     6.2413    26.0797    26.1005  1020.4994    20.4869    294.824    280.832  318.94440     92.437     88.064     0.2552     1.1831     3.6203     1.0548 5.0972e-01        316     0.2188  0.000e+00
      2.700   65.69292 -168.46460      2.727     6.2418     6.2418     6.2416    26.0786    26.0997  1020.4987    20.4860    294.821    280.836  318.94517     92.436     88.065     0.2540     1.1758     3.6203     1.0548 4.6215e-01        317     0.2194  0.000e+00
      2.661   65.69292 -168.46460      2.688     6.2416     6.2416     6.2414    26.0780    26.0998  1020.4981    20.4856    294.817    280.835  318.94798     92.434     88.065     0.2552     1.1831     3.6203     1.0548 4.4289e-01        318     0.2201  0.000e+00
      2.646   65.69292 -168.46460      2.672     6.2417     6.2414     6.2415    26.0773    26.1006  1020.4974    20.4850    294.814    280.650  318.94907     92.433     88.007     0.2540     1.1758     3.6203     1.0548 4.3349e-01        319     0.2208  0.000e+00
      2.646   65.69292 -168.46460      2.672     6.2418     6.2414     6.2416    26.0772    26.1025  1020.4974    20.4849    294.781    280.646  318.94849     92.423     88.007     0.2552     1.1831     3.6203     1.0548 3.2979e-01        320     0.2215  0.000e+00
      2.700   65.69292 -168.46460      2.727     6.2417     6.2413     6.2415    26.0771    26.1042  1020.4976    20.4849    294.955    280.627  318.94945     92.477     88.002     0.2552     1.1831     3.6203     1.0548 2.8323e-01        321     0.2222  0.000e+00
      2.646   65.69292 -168.46460      2.672     6.2418     6.2411     6.2416    26.0768    26.1055  1020.4971    20.4846    294.775    280.605  318.94929     92.421     87.995     0.2552     1.1831     3.6203     1.0548 2.7985e-01        322     0.2229  0.000e+00
      2.700   65.69292 -168.46460      2.727     6.2419     6.2411     6.2417    26.0759    26.1070  1020.4966    20.4839    294.775    280.788  318.95024     92.420     88.054     0.2564     1.1905     3.6203     1.0548 2.8663e-01        323     0.2236  0.000e+00
      2.646   65.69292 -168.46460      2.672     6.2417     6.2408     6.2415    26.0761    26.1078  1020.4965    20.4841    294.570    280.806  318.95181     92.356     88.059     0.2540     1.1758     3.6203     1.0548 2.9006e-01        324     0.2243  0.000e+00
      2.646   65.69292 -168.46460      2.672     6.2418     6.2413     6.2416    26.0767    26.1063  1020.4970    20.4845    294.744    280.806  318.94962     92.411     88.059     0.2552     1.1831     3.6203     1.0548 2.9121e-01        325     0.2250  0.000e+00
      2.700   65.69292 -168.46460      2.727     6.2418     6.2415     6.2416    26.0768    26.1045  1020.4973    20.4846    294.748    280.829  318.94943     92.412     88.066     0.2540     1.1758     3.6203     1.0548 2.8549e-01        326     0.2257  0.000e+00
      2.646   65.69292 -168.46460      2.672     6.2417     6.2414     6.2415    26.0765    26.1021  1020.4969    20.4844    294.751    280.851  318.95084     92.413     88.071     0.2552     1.1831     3.6203     1.0548 2.8097e-01        327     0.2264  0.000e+00
      2.700   65.69292 -168.46460      2.727     6.2419     6.2418     6.2417    26.0765    26.1003  1020.4971    20.4844    294.756    280.853  318.94887     92.415     88.071     0.2552     1.1831     3.6203     1.0548 2.7985e-01        328     0.2271  0.000e+00
      2.700   65.69292 -168.46460      2.727     6.2418     6.2419     6.2416    26.0762    26.0993  1020.4969    20.4842    294.764    280.853  318.95071     92.417     88.071     0.2552     1.1831     3.6203     1.0548 2.9237e-01        329     0.2278  0.000e+00
      2.646   65.69292 -168.46460      2.672     6.2417     6.2419     6.2415    26.0763    26.0981  1020.4967    20.4843    294.769    281.035  318.95124     92.418     88.127     0.2552     1.1831     3.6203     1.0548 3.0767e-01        330     0.2285  0.000e+00
      2.700   65.69292 -168.46460      2.727     6.2419     6.2421     6.2417    26.0757    26.0972  1020.4964    20.4837    294.779    280.868  318.95088     92.421     88.074     0.2540     1.1758     3.6203     1.0548 3.1007e-01        331     0.2292  0.000e+00
      2.700   65.69292 -168.46460      2.727     6.2419     6.2421     6.2417    26.0758    26.0967  1020.4965    20.4838    294.788    280.865  318.95056     92.424     88.073     0.2552     1.1831     3.6203     1.0548 3.2478e-01        332     0.2299  0.000e+00
      2.700   65.69292 -168.46460      2.727     6.2420     6.2421     6.2418    26.0761    26.0969  1020.4967    20.4840    294.798    281.043  318.94955     92.428     88.129     0.2540     1.1758     3.6203     1.0548 3.5042e-01        333     0.2306  0.000e+00
      2.700   65.69292 -168.46460      2.727     6.2418     6.2422     6.2416    26.0770    26.0963  1020.4975    20.4848    294.780    280.871  318.94894     92.422     88.075     0.2564     1.1905     3.6178     1.0575 3.5840e-01        334     0.2313  0.000e+00
      2.700   65.69292 -168.46460      2.727     6.2418     6.2422     6.2416    26.0774    26.0960  1020.4978    20.4851    294.791    281.047  318.94798     92.426     88.130     0.2625     1.2271     3.6178     1.0575 3.5573e-01        335     0.2319  0.000e+00
      2.700   65.69292 -168.46460      2.727     6.2420     6.2424     6.2418    26.0782    26.0958  1020.4984    20.4857    294.801    280.872  318.94464     92.430     88.075     0.2686     1.2637     3.6178     1.0575 3.5174e-01        336     0.2326  0.000e+00
      2.700   65.69292 -168.46460      2.727     6.2418     6.2422     6.2416    26.0789    26.0959  1020.4990    20.4863    295.019    280.882  318.94436     92.498     88.078     0.2698     1.2710     3.6178     1.0575 3.4911e-01        337     0.2333  0.000e+00
      2.700   65.69292 -168.46460      2.727     6.2417     6.2421     6.2415    26.0783    26.0964  1020.4985    20.4858    294.860    281.056  318.94655     92.448     88.133     0.2686     1.2637     3.6178     1.0575 3.4258e-01        338     0.2340  0.000e+00
      2.723   65.69292 -168.46460      2.750     6.2419     6.2419     6.2417    26.0776    26.0981  1020.4981    20.4853    294.876    280.878  318.94624     92.453     88.078     0.2686     1.2637     3.6178     1.0575 3.1128e-01        339     0.2347  0.000e+00
      2.754   65.69292 -168.46460      2.781     6.2419     6.2419     6.2417    26.0772    26.1002  1020.4979    20.4849    294.895    280.882  318.94732     92.459     88.080     0.2674     1.2564     3.6178     1.0575 2.9936e-01        340     0.2354  0.000e+00
      2.754   65.69292 -168.46460      2.781     6.2418     6.2418     6.2416    26.0767    26.1023  1020.4975    20.4845    294.885    281.050  318.94935     92.455     88.134     0.2674     1.2564     3.6178     1.0575 2.9585e-01        341     0.2361  0.000e+00
      2.700   65.69292 -168.46462      2.727     6.2421     6.2418     6.2419    26.0773    26.1034  1020.4977    20.4850    294.897    280.886  318.94583     92.460     88.083     0.2674     1.2564     3.6178     1.0575 2.7209e-01        342     0.2368  0.000e+00
      2.754   65.69292 -168.46462      2.781     6.2419     6.2419     6.2417    26.0779    26.1030  1020.4985    20.4855    294.889    281.076  318.94555     92.457     88.143     0.2686     1.2637     3.6178     1.0575 2.6126e-01        343     0.2375  0.000e+00
      2.754   65.69292 -168.46462      2.781     6.2420     6.2418     6.2418    26.0787    26.1016  1020.4990    20.4861    294.906    281.104  318.94349     92.463     88.150     0.2686     1.2637     3.6178     1.0575 2.6019e-01        344     0.2382  0.000e+00
      2.754   65.69292 -168.46462      2.781     6.2421     6.2419     6.2419    26.0839    26.1004  1020.5031    20.4901    294.914    281.128  318.93045     92.470     88.157     0.2686     1.2637     3.6178     1.0575 2.7429e-01        345     0.2389  0.000e+00
      2.754   65.69292 -168.46462      2.781     6.2418     6.2421     6.2416    26.0948    26.0994  1020.5118    20.4988    294.914    281.150  318.90695     92.476     88.164     0.2686     1.2637     3.6178     1.0575 2.8210e-01        346     0.2396  0.000e+00
      2.754   65.69292 -168.46462      2.781     6.2415     6.2422     6.2413    26.1024    26.0985  1020.5178    20.5048    294.922    281.172  318.89104     92.484     88.171     0.2674     1.2564     3.6178     1.0575 2.8436e-01        347     0.2403  0.000e+00
      2.754   65.69292 -168.46462      2.781     6.2411     6.2421     6.2409    26.1020    26.0987  1020.5175    20.5046    294.920    281.193  318.89489     92.482     88.177     0.2686     1.2637     3.6178     1.0575 2.8777e-01        348     0.2410  0.000e+00
      2.754   65.69292 -168.46462      2.781     6.2408     6.2416     6.2406    26.0991    26.1012  1020.5153    20.5023    295.156    281.210  318.90404     92.553     88.183     0.2674     1.2564     3.6178     1.0575 2.9121e-01        349     0.2417  0.000e+00
      2.700   65.69292 -168.46462      2.727     6.2407     6.2400     6.2405    26.1014    26.1169  1020.5168    20.5041    294.969    281.206  318.89950     92.496     88.189     0.2686     1.2637     3.6178     1.0575 2.9237e-01        350     0.2424  0.000e+00
      2.816   65.69292 -168.46462      2.844     6.2403     6.2378     6.2401    26.1201    26.1474  1020.5321    20.5189    294.930    281.181  318.85851     92.496     88.196     0.2674     1.2564     3.6178     1.0575 2.9702e-01        351     0.2431  0.000e+00
      2.754   65.69292 -168.46462      2.781     6.2397     6.2360     6.2395    26.1482    26.1697  1020.5541    20.5411    294.865    281.162  318.79686     92.493     88.201     0.2686     1.2637     3.6178     1.0575 3.0290e-01        352     0.2437  0.000e+00
      2.754   65.69292 -168.46462      2.781     6.2381     6.2368     6.2379    26.1632    26.1715  1020.5661    20.5531    294.838    281.169  318.77337     92.492     88.206     0.2686     1.2637     3.6178     1.0575 3.0409e-01        353     0.2444  0.000e+00
      2.816   65.69292 -168.46462      2.844     6.2373     6.2365     6.2371    26.1696    26.1779  1020.5714    20.5581    294.857    281.359  318.76464     92.500     88.269     0.2674     1.2564     3.6166     1.0588 2.9352e-01        354     0.2451  0.000e+00
      2.816   65.69292 -168.46462      2.844     6.2363     6.2341     6.2361    26.1786    26.1979  1020.5786    20.5654    294.840    281.368  318.75060     92.499     88.280     0.2686     1.2637     3.6154     1.0602 2.7762e-01        355     0.2458  0.000e+00
      2.870   65.69292 -168.46462      2.898     6.2355     6.2326     6.2353    26.1885    26.2162  1020.5868    20.5733    294.649    281.354  318.73332     92.444     88.285     0.2674     1.2564     3.6142     1.0615 2.7429e-01        356     0.2465  0.000e+00
      2.816   65.69292 -168.46462      2.844     6.2343     6.2314     6.2341    26.1886    26.2242  1020.5867    20.5734    294.829    281.353  318.74287     92.497     88.287     0.2686     1.2637     3.6142     1.0615 2.8892e-01        357     0.2472  0.000e+00
      2.870   65.69292 -168.46462      2.898     6.2333     6.2311     6.2331    26.1819    26.2230  1020.5818    20.5683    294.851    281.367  318.76592     92.498     88.290     0.2674     1.2564     3.6142     1.0615 3.2603e-01        358     0.2479  0.000e+00
      2.754   65.69292 -168.46462      2.781     6.2331     6.2313     6.2329    26.1837    26.2146  1020.5827    20.5697    294.638    281.403  318.76282     92.432     88.296     0.2686     1.2637     3.6142     1.0615 3.3871e-01        359     0.2486  0.000e+00
      2.839   65.69292 -168.46462      2.867     6.2330     6.2313     6.2328    26.1902    26.2032  1020.5882    20.5749    294.831    281.433  318.74863     92.496     88.298     0.2674     1.2564     3.6142     1.0615 3.3486e-01        360     0.2493  0.000e+00
      2.816   65.69292 -168.46462      2.844     6.2323     6.2311     6.2321    26.1949    26.1951  1020.5919    20.5786    294.825    281.451  318.74256     92.496     88.298     0.2650     1.2417     3.6154     1.0602 3.2229e-01        361     0.2500  0.000e+00
      2.870   65.69292 -168.46462      2.898     6.2317     6.2314     6.2315    26.1947    26.1934  1020.5921    20.5786    294.832    281.453  318.74747     92.497     88.298     0.2650     1.2417     3.6154     1.0602 3.1859e-01        362     0.2507  0.000e+00
