EcoFOCI/data/1_SampleCollection/2023_SikuliaqDBO_CruiseData/CTD_raw_BottleFile_SKQ23-12S/proc/skq202312s_014.cnv
* Sea-Bird SBE 9 Data File:
* FileName = D:\CTD\SKQ202312S\SKQ202312S_014.hex
* Software Version Seasave V 7.26.7.121
* Temperature SN = 6177
* Conductivity SN = 0369
* Number of Bytes Per Scan = 41
* Number of Voltage Words = 4
* Number of Scans Averaged by the Deck Unit = 1
* NMEA Latitude = 64 40.15 N
* NMEA Longitude = 169 55.22 W
* NMEA UTC (Time) = Sep 17 2023  08:29:33
* NMEA baud rate = 4800
** Ship: R/V Sikuliaq
** Station Number: 014
** Station Name: DBO2.1
** Bottom Depth: 47
** Operator: SS
# nquan = 24
# nvalues = 6248                                  
# units = specified
# name 0 = depSM: Depth [salt water, m]
# name 1 = latitude: Latitude [deg]
# name 2 = longitude: Longitude [deg]
# name 3 = prDM: Pressure, Digiquartz [db]
# name 4 = t090C: Temperature [ITS-90, deg C]
# name 5 = t190C: Temperature, 2 [ITS-90, deg C]
# name 6 = potemp090C: Potential Temperature [ITS-90, deg C]
# name 7 = sal00: Salinity, Practical [PSU]
# name 8 = sal11: Salinity, Practical, 2 [PSU]
# name 9 = density00: Density [density, kg/m^3]
# name 10 = sigma-é00: Density [sigma-theta, kg/m^3]
# name 11 = sbox0Mm/Kg: Oxygen, SBE 43 [umol/kg]
# name 12 = sbox1Mm/Kg: Oxygen, SBE 43, 2 [umol/kg]
# name 13 = oxsolMm/Kg: Oxygen Saturation, Garcia & Gordon [umol/kg]
# name 14 = sbeox0PS: Oxygen, SBE 43 [% saturation]
# name 15 = sbeox1PS: Oxygen, SBE 43, 2 [% saturation]
# name 16 = v0: Voltage 0
# name 17 = flECO-AFL: Fluorescence, WET Labs ECO-AFL/FL [mg/m^3]
# name 18 = v1: Voltage 1
# name 19 = CStarAt0: Beam Attenuation, WET Labs C-Star [1/m]
# name 20 = par: PAR/Irradiance, Biospherical/Licor
# name 21 = scan: Scan Count
# name 22 = timeM: Time, Elapsed [minutes]
# name 23 = flag:  0.000e+00
# span 0 =      1.589,     41.088                 
# span 1 =   64.66922,   64.66926                 
# span 2 = -169.92028, -169.92020                 
# span 3 =      1.605,     41.498                 
# span 4 =     2.2405,     2.8691                 
# span 5 =     2.2414,     2.8701                 
# span 6 =     2.2404,     2.8680                 
# span 7 =    32.5535,    33.0245                 
# span 8 =    32.5026,    33.0333                 
# span 9 =  1026.0000,  1026.5178                 
# span 10 =    25.9883,    26.3240                
# span 11 =    225.340,    299.157                
# span 12 =    212.933,    286.292                
# span 13 =  328.51818,  334.83536                
# span 14 =     68.503,     89.354                
# span 15 =     64.748,     85.518                
# span 16 =     0.2271,     0.6496                
# span 17 =     1.0146,     3.5494                
# span 18 =     3.5470,     3.8327                
# span 19 =     0.8266,     1.1366                
# span 20 = 1.0000e-12, 7.3263e-01                
# span 21 =          1,       6248                
# span 22 =     0.0000,     4.3382                
# span 23 = 0.0000e+00, 0.0000e+00                
# interval = seconds: 0.0416667
# start_time = Sep 17 2023 08:33:36 [NMEA time, first data scan]
# bad_flag = -9.990e-29
*END*
[from data line 182]
      2.392   64.66924 -169.92026      2.415     2.2858     2.2581     2.2857    32.5702    32.5783  1026.0153    26.0039    298.185    284.258  334.44441     89.158     84.940     0.5140     2.7362     3.7192     0.9469 4.7536e-01        183     0.1264  0.000e+00
      2.392   64.66924 -169.92026      2.415     2.2863     2.2593     2.2862    32.5678    32.5785  1026.0133    26.0019    298.392    284.268  334.44659     89.220     84.946     0.5153     2.7436     3.7192     0.9469 4.1368e-01        184     0.1271  0.000e+00
      2.454   64.66924 -169.92026      2.478     2.2856     2.2598     2.2855    32.5691    32.5786  1026.0147    26.0030    298.155    284.264  334.44896     89.148     84.946     0.5128     2.7289     3.7192     0.9469 4.0773e-01        185     0.1278  0.000e+00
      2.392   64.66924 -169.92026      2.415     2.2876     2.2587     2.2874    32.5712    32.5780  1026.0159    26.0045    298.334    284.094  334.42748     89.207     84.892     0.5128     2.7289     3.7192     0.9469 4.1368e-01        186     0.1285  0.000e+00
      2.392   64.66924 -169.92026      2.415     2.2915     2.2570     2.2913    32.5709    32.5779  1026.0154    26.0040    298.094    284.307  334.39559     89.144     84.952     0.5104     2.7143     3.7192     0.9469 4.1819e-01        187     0.1292  0.000e+00
      2.454   64.66924 -169.92026      2.478     2.2976     2.2561     2.2974    32.5687    32.5775  1026.0134    26.0017    298.028    284.342  334.34998     89.137     84.961     0.5055     2.6850     3.7192     0.9469 4.1819e-01        188     0.1299  0.000e+00
      2.454   64.66924 -169.92026      2.478     2.3066     2.2558     2.3064    32.5636    32.5779  1026.0087    25.9970    297.942    284.369  334.28779     89.127     84.968     0.5067     2.6923     3.7192     0.9469 3.5840e-01        189     0.1306  0.000e+00
      2.454   64.66924 -169.92026      2.478     2.3086     2.2561     2.3085    32.5646    32.5784  1026.0093    25.9976    298.161    284.392  334.26797     89.198     84.976     0.5055     2.6850     3.7204     0.9456 2.9936e-01        190     0.1313  0.000e+00
      2.392   64.66924 -169.92026      2.415     2.3111     2.2567     2.3110    32.5660    32.5796  1026.0100    25.9986    297.965    284.386  334.24350     89.146     84.976     0.5067     2.6923     3.7204     0.9456 2.8663e-01        191     0.1319  0.000e+00
      2.454   64.66924 -169.92026      2.478     2.3127     2.2568     2.3126    32.5662    32.5803  1026.0103    25.9986    298.194    284.388  334.22978     89.218     84.978     0.5055     2.6850     3.7192     0.9469 3.0290e-01        192     0.1326  0.000e+00
      2.392   64.66924 -169.92026      2.415     2.3202     2.2573     2.3201    32.5561    32.5793  1026.0014    25.9900    297.945    284.387  334.19264     89.154     84.978     0.5067     2.6923     3.7204     0.9456 3.2603e-01        193     0.1333  0.000e+00
      2.454   64.66924 -169.92026      2.478     2.3142     2.2575     2.3141    32.5535    32.5784  1026.0000    25.9883    297.984    284.393  334.24916     89.150     84.979     0.5055     2.6850     3.7192     0.9469 3.3359e-01        194     0.1340  0.000e+00
      2.454   64.66924 -169.92026      2.478     2.2991     2.2572     2.2990    32.5554    32.5781  1026.0027    25.9910    298.311    284.399  334.37072     89.216     84.980     0.5067     2.6923     3.7192     0.9469 3.3359e-01        195     0.1347  0.000e+00
      2.392   64.66924 -169.92026      2.415     2.2843     2.2568     2.2841    32.5584    32.5784  1026.0060    25.9946    298.445    284.427  334.48772     89.224     84.988     0.5079     2.6996     3.7204     0.9456 3.3742e-01        196     0.1354  0.000e+00
      2.469   64.66924 -169.92026      2.493     2.2748     2.2560     2.2747    32.5600    32.5786  1026.0083    25.9965    298.354    284.464  334.56267     89.177     84.998     0.5067     2.6923     3.7192     0.9469 3.3871e-01        197     0.1361  0.000e+00
      2.392   64.66924 -169.92026      2.415     2.2694     2.2558     2.2692    32.5614    32.5787  1026.0095    25.9981    297.707    284.468  334.60500     88.973     84.998     0.5079     2.6996     3.7192     0.9469 3.4648e-01        198     0.1368  0.000e+00
      2.392   64.66924 -169.92026      2.415     2.2650     2.2562     2.2649    32.5654    32.5787  1026.0130    26.0016    298.275    284.469  334.63142     89.135     85.000     0.5067     2.6923     3.7192     0.9469 3.7477e-01        199     0.1375  0.000e+00
      2.454   64.66924 -169.92026      2.478     2.2644     2.2570     2.2643    32.5697    32.5780  1026.0168    26.0052    298.516    284.472  334.62486     89.209     85.002     0.5067     2.6923     3.7192     0.9469 3.8599e-01        200     0.1382  0.000e+00
      2.392   64.66924 -169.92026      2.415     2.2670     2.2570     2.2669    32.5713    32.5778  1026.0176    26.0062    298.508    284.500  334.59899     89.214     85.010     0.5055     2.6850     3.7192     0.9469 3.7755e-01        201     0.1389  0.000e+00
      2.392   64.66924 -169.92026      2.415     2.2695     2.2565     2.2694    32.5696    32.5783  1026.0160    26.0046    298.286    284.533  334.58265     89.152     85.019     0.5067     2.6923     3.7192     0.9469 3.2478e-01        202     0.1396  0.000e+00
      2.392   64.66924 -169.92026      2.415     2.2682     2.2559     2.2680    32.5688    32.5786  1026.0155    26.0041    298.542    284.544  334.59607     89.225     85.021     0.5079     2.6996     3.7192     0.9469 3.0054e-01        203     0.1403  0.000e+00
      2.338   64.66924 -169.92026      2.361     2.2653     2.2564     2.2652    32.5662    32.5783  1026.0134    26.0023    298.811    284.546  334.62657     89.297     85.023     0.5055     2.6850     3.7167     0.9496 3.0054e-01        204     0.1410  0.000e+00
      2.338   64.66924 -169.92026      2.361     2.2607     2.2576     2.2606    32.5655    32.5774  1026.0131    26.0020    298.497    284.744  334.66672     89.192     85.084     0.5079     2.6996     3.7167     0.9496 3.5840e-01        205     0.1417  0.000e+00
      2.392   64.66924 -169.92026      2.415     2.2578     2.2575     2.2576    32.5653    32.5771  1026.0135    26.0021    298.543    284.777  334.69219     89.199     85.093     0.5067     2.6923     3.7167     0.9496 3.9458e-01        206     0.1424  0.000e+00
      2.338   64.66924 -169.92026      2.361     2.2550     2.2564     2.2548    32.5652    32.5777  1026.0134    26.0022    298.770    284.837  334.71605     89.261     85.109     0.5067     2.6923     3.7167     0.9496 3.9892e-01        207     0.1431  0.000e+00
      2.276   64.66924 -169.92026      2.299     2.2515     2.2553     2.2514    32.5656    32.5782  1026.0137    26.0028    298.813    284.895  334.74407     89.266     85.125     0.5067     2.6923     3.7167     0.9496 4.4924e-01        208     0.1437  0.000e+00
      2.276   64.66924 -169.92026      2.299     2.2501     2.2541     2.2500    32.5658    32.5777  1026.0140    26.0031    298.840    284.935  334.75531     89.271     85.134     0.5067     2.6923     3.7167     0.9496 4.9230e-01        209     0.1444  0.000e+00
      2.338   64.66924 -169.92026      2.361     2.2486     2.2527     2.2484    32.5664    32.5771  1026.0148    26.0037    298.868    284.779  334.76664     89.276     85.084     0.5055     2.6850     3.7167     0.9496 4.9921e-01        210     0.1451  0.000e+00
      2.276   64.66924 -169.92026      2.299     2.2482     2.2517     2.2481    32.5666    32.5773  1026.0147    26.0039    298.880    284.787  334.76885     89.279     85.084     0.5067     2.6923     3.7167     0.9496 4.8377e-01        211     0.1458  0.000e+00
      2.222   64.66924 -169.92026      2.244     2.2488     2.2509     2.2487    32.5666    32.5777  1026.0144    26.0038    298.883    284.994  334.76388     89.282     85.145     0.5201     2.7729     3.7167     0.9496 4.7038e-01        212     0.1465  0.000e+00
      2.276   64.66924 -169.92026      2.299     2.2492     2.2502     2.2490    32.5675    32.5776  1026.0153    26.0045    298.928    285.028  334.75885     89.296     85.153     0.5360     2.8681     3.7167     0.9496 4.6707e-01        213     0.1472  0.000e+00
      2.222   64.66924 -169.92026      2.244     2.2496     2.2500     2.2495    32.5678    32.5769  1026.0153    26.0047    298.968    285.055  334.75399     89.310     85.160     0.5409     2.8974     3.7167     0.9496 4.7704e-01        214     0.1479  0.000e+00
      2.222   64.66924 -169.92026      2.244     2.2493     2.2492     2.2492    32.5674    32.5777  1026.0150    26.0044    298.981    285.085  334.75774     89.313     85.168     0.5385     2.8828     3.7167     0.9496 4.9058e-01        215     0.1486  0.000e+00
      2.222   64.66924 -169.92026      2.244     2.2490     2.2496     2.2489    32.5663    32.5781  1026.0142    26.0036    298.994    284.906  334.76315     89.315     85.116     0.5397     2.8901     3.7167     0.9496 4.9402e-01        216     0.1493  0.000e+00
      2.222   64.66924 -169.92026      2.244     2.2481     2.2504     2.2480    32.5669    32.5778  1026.0147    26.0041    299.045    284.900  334.76929     89.329     85.115     0.5385     2.8828     3.7167     0.9496 4.9230e-01        217     0.1500  0.000e+00
      2.222   64.66924 -169.92026      2.244     2.2476     2.2516     2.2475    32.5667    32.5780  1026.0146    26.0040    299.055    284.890  334.77345     89.331     85.115     0.5385     2.8828     3.7167     0.9496 4.8887e-01        218     0.1507  0.000e+00
      2.160   64.66924 -169.92026      2.182     2.2471     2.2518     2.2470    32.5663    32.5780  1026.0140    26.0037    298.948    284.886  334.77920     89.297     85.114     0.5397     2.8901     3.7167     0.9496 4.8887e-01        219     0.1514  0.000e+00
      2.245   64.66924 -169.92026      2.267     2.2465     2.2528     2.2464    32.5656    32.5777  1026.0139    26.0032    298.957    284.882  334.78577     89.298     85.115     0.5385     2.8828     3.7167     0.9496 4.5890e-01        220     0.1521  0.000e+00
      2.160   64.66924 -169.92026      2.182     2.2459     2.2537     2.2457    32.5663    32.5780  1026.0141    26.0038    298.992    284.870  334.78951     89.308     85.114     0.5385     2.8828     3.7167     0.9496 3.7200e-01        221     0.1528  0.000e+00
      2.160   64.66924 -169.92026      2.182     2.2462     2.2546     2.2461    32.5665    32.5778  1026.0143    26.0040    298.986    284.863  334.78576     89.307     85.113     0.5385     2.8828     3.7167     0.9496 3.4388e-01        222     0.1535  0.000e+00
      2.160   64.66924 -169.92026      2.182     2.2471     2.2551     2.2470    32.5663    32.5779  1026.0140    26.0037    298.974    284.834  334.77899     89.305     85.106     0.5385     2.8828     3.7167     0.9496 3.5706e-01        223     0.1542  0.000e+00
      2.160   64.66924 -169.92026      2.182     2.2468     2.2554     2.2467    32.5666    32.5780  1026.0143    26.0040    298.970    284.806  334.78066     89.303     85.098     0.5372     2.8754     3.7179     0.9482 4.5728e-01        224     0.1549  0.000e+00
      2.160   64.66924 -169.92026      2.182     2.2470     2.2554     2.2469    32.5666    32.5776  1026.0142    26.0039    298.961    284.581  334.77930     89.301     85.031     0.5385     2.8828     3.7192     0.9469 5.0972e-01        225     0.1556  0.000e+00
      2.160   64.66924 -169.92026      2.182     2.2472     2.2553     2.2470    32.5665    32.5771  1026.0142    26.0039    298.950    284.558  334.77816     89.298     85.023     0.5397     2.8901     3.7192     0.9469 5.1149e-01        226     0.1563  0.000e+00
      2.222   64.66924 -169.92026      2.244     2.2470     2.2547     2.2469    32.5666    32.5771  1026.0146    26.0040    298.943    284.714  334.77918     89.296     85.069     0.5385     2.8828     3.7192     0.9469 4.9921e-01        227     0.1569  0.000e+00
      2.106   64.66924 -169.92026      2.127     2.2470     2.2542     2.2469    32.5667    32.5771  1026.0141    26.0040    298.742    284.687  334.77902     89.236     85.060     0.5397     2.8901     3.7192     0.9469 4.9230e-01        228     0.1576  0.000e+00
      2.160   64.66924 -169.92026      2.182     2.2470     2.2534     2.2469    32.5673    32.5773  1026.0148    26.0045    298.956    284.667  334.77753     89.300     85.052     0.5385     2.8828     3.7192     0.9469 4.9058e-01        229     0.1583  0.000e+00
      2.222   64.66924 -169.92026      2.244     2.2467     2.2532     2.2466    32.5669    32.5767  1026.0149    26.0043    298.729    284.644  334.78106     89.231     85.044     0.5385     2.8828     3.7192     0.9469 4.1970e-01        230     0.1590  0.000e+00
      2.160   64.66924 -169.92026      2.182     2.2459     2.2519     2.2457    32.5667    32.5773  1026.0144    26.0041    298.725    284.622  334.78857     89.228     85.035     0.5385     2.8828     3.7192     0.9469 3.7477e-01        231     0.1597  0.000e+00
      2.160   64.66924 -169.92026      2.182     2.2454     2.2511     2.2453    32.5661    32.5766  1026.0140    26.0037    298.906    284.624  334.79357     89.281     85.034     0.5385     2.8828     3.7192     0.9469 3.6788e-01        232     0.1604  0.000e+00
      2.160   64.66924 -169.92026      2.182     2.2448     2.2501     2.2447    32.5661    32.5770  1026.0140    26.0037    298.939    284.625  334.79877     89.289     85.032     0.5385     2.8828     3.7192     0.9469 4.3505e-01        233     0.1611  0.000e+00
      2.222   64.66924 -169.92026      2.244     2.2444     2.2497     2.2443    32.5661    32.5763  1026.0143    26.0038    298.934    284.427  334.80188     89.287     84.972     0.5385     2.8828     3.7192     0.9469 5.0444e-01        234     0.1618  0.000e+00
      2.160   64.66924 -169.92026      2.182     2.2440     2.2492     2.2439    32.5659    32.5767  1026.0139    26.0036    298.962    284.374  334.80606     89.294     84.955     0.5397     2.8901     3.7192     0.9469 5.1861e-01        235     0.1625  0.000e+00
      2.222   64.66924 -169.92026      2.244     2.2432     2.2491     2.2431    32.5660    32.5774  1026.0144    26.0038    298.959    284.347  334.81250     89.291     84.947     0.5385     2.8828     3.7192     0.9469 4.9574e-01        236     0.1632  0.000e+00
      2.222   64.66924 -169.92026      2.244     2.2423     2.2497     2.2422    32.5657    32.5772  1026.0142    26.0036    298.953    284.315  334.82063     89.288     84.939     0.5360     2.8681     3.7192     0.9469 4.6543e-01        237     0.1639  0.000e+00
      2.222   64.66924 -169.92026      2.244     2.2416     2.2495     2.2415    32.5659    32.5770  1026.0144    26.0038    298.721    284.290  334.82615     89.217     84.931     0.5006     2.6557     3.7192     0.9469 4.5890e-01        238     0.1646  0.000e+00
      2.160   64.66924 -169.92026      2.182     2.2415     2.2497     2.2414    32.5662    32.5767  1026.0144    26.0041    298.928    284.261  334.82658     89.278     84.922     0.4835     2.5531     3.7192     0.9469 4.5890e-01        239     0.1653  0.000e+00
      2.276   64.66924 -169.92026      2.299     2.2419     2.2499     2.2418    32.5666    32.5772  1026.0152    26.0043    298.690    284.239  334.82154     89.209     84.916     0.4811     2.5384     3.7192     0.9469 4.6052e-01        240     0.1660  0.000e+00
      2.245   64.66924 -169.92026      2.267     2.2423     2.2506     2.2422    32.5672    32.5772  1026.0155    26.0048    298.893    284.208  334.81733     89.271     84.909     0.4835     2.5531     3.7192     0.9469 4.6052e-01        241     0.1667  0.000e+00
