EcoFOCI/data/1_SampleCollection/2023_SikuliaqDBO_CruiseData/CTD_raw_BottleFile_SKQ23-12S/proc/skq202312s_020.cnv
* Sea-Bird SBE 9 Data File:
* FileName = D:\CTD\SKQ202312S\SKQ202312S_020.hex
* Software Version Seasave V 7.26.7.121
* Temperature SN = 6177
* Conductivity SN = 0369
* Number of Bytes Per Scan = 41
* Number of Voltage Words = 4
* Number of Scans Averaged by the Deck Unit = 1
* NMEA Latitude = 65 00.05 N
* NMEA Longitude = 168 39.16 W
* NMEA UTC (Time) = Sep 18 2023  01:15:09
* NMEA baud rate = 4800
** Ship: R/V Sikuliaq
** Station Number: 020
** Station Name: DBO2.6
** Bottom Depth: 47
** Operator: SS
# nquan = 24
# nvalues = 4927                                  
# units = specified
# name 0 = depSM: Depth [salt water, m]
# name 1 = latitude: Latitude [deg]
# name 2 = longitude: Longitude [deg]
# name 3 = prDM: Pressure, Digiquartz [db]
# name 4 = t090C: Temperature [ITS-90, deg C]
# name 5 = t190C: Temperature, 2 [ITS-90, deg C]
# name 6 = potemp090C: Potential Temperature [ITS-90, deg C]
# name 7 = sal00: Salinity, Practical [PSU]
# name 8 = sal11: Salinity, Practical, 2 [PSU]
# name 9 = density00: Density [density, kg/m^3]
# name 10 = sigma-é00: Density [sigma-theta, kg/m^3]
# name 11 = sbox0Mm/Kg: Oxygen, SBE 43 [umol/kg]
# name 12 = sbox1Mm/Kg: Oxygen, SBE 43, 2 [umol/kg]
# name 13 = oxsolMm/Kg: Oxygen Saturation, Garcia & Gordon [umol/kg]
# name 14 = sbeox0PS: Oxygen, SBE 43 [% saturation]
# name 15 = sbeox1PS: Oxygen, SBE 43, 2 [% saturation]
# name 16 = v0: Voltage 0
# name 17 = flECO-AFL: Fluorescence, WET Labs ECO-AFL/FL [mg/m^3]
# name 18 = v1: Voltage 1
# name 19 = CStarAt0: Beam Attenuation, WET Labs C-Star [1/m]
# name 20 = par: PAR/Irradiance, Biospherical/Licor
# name 21 = scan: Scan Count
# name 22 = timeM: Time, Elapsed [minutes]
# name 23 = flag:  0.000e+00
# span 0 =      1.495,     42.138                 
# span 1 =   65.00090,   65.00110                 
# span 2 = -168.65348, -168.65326                 
# span 3 =      1.509,     42.560                 
# span 4 =     2.9520,     4.5454                 
# span 5 =     2.9536,     4.5444                 
# span 6 =     2.9504,     4.5449                 
# span 7 =    32.0457,    32.6975                 
# span 8 =    32.1051,    32.7342                 
# span 9 =  1025.4052,  1026.2340                 
# span 10 =    25.3963,    26.0358                
# span 11 =    248.906,    302.527                
# span 12 =    238.023,    290.219                
# span 13 =  317.61083,  329.34434                
# span 14 =     75.924,     94.055                
# span 15 =     72.637,     90.580                
# span 16 =     0.1026,     0.4896                
# span 17 =     0.2674,     2.5897                
# span 18 =     3.5995,     4.0635                
# span 19 =     0.5927,     1.0778                
# span 20 = 6.4423e-01, 1.5094e+02                
# span 21 =          1,       4927                
# span 22 =     0.0000,     3.4208                
# span 23 = 0.0000e+00, 0.0000e+00                
# interval = seconds: 0.0416667
# start_time = Sep 18 2023 01:19:33 [NMEA time, first data scan]
# bad_flag = -9.990e-29
*END*
[from data line 2899]
     32.125   65.00100 -168.65348     32.445     3.0932     3.0956     3.0913    32.4630    32.5015  1026.0046    25.8524    266.087    255.285  328.06768     81.107     77.842     0.1111     0.3187     3.9121     0.7446 2.2170e+00       2900     2.0132  0.000e+00
     32.125   65.00100 -168.65348     32.445     3.0929     3.0953     3.0910    32.4631    32.5017  1026.0047    25.8525    266.015    255.018  328.06997     81.085     77.760     0.1123     0.3260     3.9133     0.7433 2.2170e+00       2901     2.0139  0.000e+00
     32.117   65.00100 -168.65348     32.438     3.0933     3.0954     3.0915    32.4625    32.5016  1026.0042    25.8520    265.762    254.759  328.06758     81.008     77.682     0.1123     0.3260     3.9133     0.7433 2.2104e+00       2902     2.0146  0.000e+00
     32.186   65.00100 -168.65348     32.508     3.0934     3.0953     3.0915    32.4624    32.5012  1026.0044    25.8519    265.485    254.686  328.06737     80.924     77.659     0.1123     0.3260     3.9133     0.7433 2.2039e+00       2903     2.0153  0.000e+00
     32.171   65.00100 -168.65348     32.492     3.0933     3.0953     3.0915    32.4625    32.5018  1026.0044    25.8519    265.212    254.422  328.06765     80.841     77.578     0.1111     0.3187     3.9133     0.7433 2.1973e+00       2904     2.0160  0.000e+00
     32.186   65.00100 -168.65348     32.508     3.0933     3.0956     3.0915    32.4625    32.5017  1026.0045    25.8519    264.949    253.972  328.06767     80.761     77.442     0.1123     0.3260     3.9133     0.7433 2.1973e+00       2905     2.0167  0.000e+00
     32.240   65.00100 -168.65348     32.562     3.0932     3.0953     3.0913    32.4630    32.5020  1026.0052    25.8524    264.879    253.905  328.06764     80.739     77.421     0.1111     0.3187     3.9133     0.7433 2.1779e+00       2906     2.0174  0.000e+00
     32.171   65.00100 -168.65348     32.492     3.0935     3.0953     3.0916    32.4631    32.5023  1026.0049    25.8524    264.592    253.454  328.06486     80.652     77.284     0.1123     0.3260     3.9133     0.7433 2.1714e+00       2907     2.0181  0.000e+00
     32.302   65.00100 -168.65348     32.625     3.0939     3.0953     3.0920    32.4627    32.5021  1026.0052    25.8521    264.320    253.193  328.06274     80.570     77.204     0.1111     0.3187     3.9133     0.7433 2.1714e+00       2908     2.0187  0.000e+00
     32.240   65.00100 -168.65348     32.562     3.0941     3.0954     3.0923    32.4631    32.5019  1026.0052    25.8524    264.016    253.110  328.05957     80.478     77.179     0.1123     0.3260     3.9133     0.7433 2.1779e+00       2909     2.0194  0.000e+00
     32.287   65.00100 -168.65348     32.609     3.0951     3.0956     3.0932    32.4630    32.5019  1026.0052    25.8522    263.939    252.870  328.05216     80.456     77.106     0.1111     0.3187     3.9133     0.7433 2.1843e+00       2910     2.0201  0.000e+00
     32.356   65.00100 -168.65348     32.679     3.0959     3.0959     3.0940    32.4635    32.5019  1026.0059    25.8525    263.690    252.619  328.04478     80.382     77.030     0.1111     0.3187     3.9133     0.7433 2.1843e+00       2911     2.0208  0.000e+00
     32.287   65.00100 -168.65348     32.609     3.0965     3.0964     3.0946    32.4636    32.5020  1026.0056    25.8526    263.378    252.376  328.03921     80.288     76.957     0.1111     0.3187     3.9133     0.7433 2.1714e+00       2912     2.0215  0.000e+00
     32.356   65.00100 -168.65348     32.679     3.0973     3.0972     3.0954    32.4634    32.5021  1026.0057    25.8523    263.080    252.126  328.03343     80.199     76.882     0.1123     0.3260     3.9133     0.7433 2.1714e+00       2913     2.0222  0.000e+00
     32.418   65.00100 -168.65348     32.741     3.0972     3.0977     3.0953    32.4634    32.5021  1026.0060    25.8523    262.979    251.892  328.03431     80.168     76.812     0.1136     0.3333     3.9133     0.7433 2.1650e+00       2914     2.0229  0.000e+00
     32.402   65.00100 -168.65348     32.726     3.0975     3.0982     3.0956    32.4635    32.5023  1026.0059    25.8524    262.521    251.646  328.03190     80.029     76.738     0.1123     0.3260     3.9133     0.7433 2.1586e+00       2915     2.0236  0.000e+00
     32.418   65.00100 -168.65348     32.741     3.0978     3.0985     3.0959    32.4635    32.5023  1026.0060    25.8524    262.477    251.394  328.02923     80.016     76.662     0.1136     0.3333     3.9133     0.7433 2.1395e+00       2916     2.0243  0.000e+00
     32.456   65.00100 -168.65348     32.780     3.0979     3.0987     3.0960    32.4639    32.5023  1026.0065    25.8527    262.195    251.160  328.02739     79.931     76.591     0.1123     0.3260     3.9133     0.7433 2.1331e+00       2917     2.0250  0.000e+00
     32.472   65.00100 -168.65348     32.796     3.0984     3.0991     3.0965    32.4638    32.5022  1026.0064    25.8525    261.923    250.916  328.02382     79.849     76.517     0.1136     0.3333     3.9133     0.7433 2.1395e+00       2918     2.0257  0.000e+00
     32.472   65.00100 -168.65348     32.796     3.0985     3.0990     3.0966    32.4639    32.5026  1026.0065    25.8526    261.667    250.689  328.02223     79.771     76.448     0.1123     0.3260     3.9133     0.7433 2.1395e+00       2919     2.0264  0.000e+00
     32.518   65.00100 -168.65348     32.843     3.0986     3.0998     3.0967    32.4638    32.5024  1026.0067    25.8526    261.610    250.453  328.02150     79.754     76.377     0.1136     0.3333     3.9133     0.7433 2.1395e+00       2920     2.0271  0.000e+00
     32.526   65.00100 -168.65348     32.850     3.0988     3.1000     3.0970    32.4634    32.5029  1026.0063    25.8522    261.348    250.212  328.02091     79.674     76.304     0.1123     0.3260     3.9072     0.7496 2.1395e+00       2921     2.0278  0.000e+00
     32.526   65.00100 -168.65348     32.850     3.0990     3.1006     3.0971    32.4636    32.5025  1026.0065    25.8523    261.099    249.986  328.01912     79.599     76.236     0.1136     0.3333     3.9035     0.7533 2.1268e+00       2922     2.0285  0.000e+00
     32.572   65.00100 -168.65348     32.897     3.0995     3.1009     3.0976    32.4636    32.5023  1026.0067    25.8523    260.829    249.952  328.01510     79.517     76.226     0.1123     0.3260     3.9035     0.7533 2.1205e+00       2923     2.0292  0.000e+00
     32.588   65.00100 -168.65348     32.913     3.0996     3.1011     3.0978    32.4638    32.5030  1026.0069    25.8525    260.576    249.543  328.01332     79.441     76.102     0.1136     0.3333     3.9035     0.7533 2.1205e+00       2924     2.0299  0.000e+00
     32.634   65.00100 -168.65348     32.960     3.0998     3.1014     3.0979    32.4637    32.5027  1026.0070    25.8524    260.523    249.497  328.01229     79.425     76.089     0.1136     0.3333     3.9035     0.7533 2.1079e+00       2925     2.0306  0.000e+00
     32.642   65.00100 -168.65348     32.967     3.0999     3.1017     3.0980    32.4639    32.5025  1026.0072    25.8525    260.266    249.295  328.01140     79.347     76.028     0.1123     0.3260     3.9035     0.7533 2.1079e+00       2926     2.0313  0.000e+00
     32.642   65.00100 -168.65348     32.967     3.1000     3.1019     3.0981    32.4636    32.5027  1026.0070    25.8523    259.990    249.110  328.01121     79.262     75.972     0.1136     0.3333     3.9035     0.7533 2.1079e+00       2927     2.0319  0.000e+00
     32.688   65.00100 -168.65348     33.014     3.1000     3.1020     3.0981    32.4635    32.5028  1026.0071    25.8522    259.514    248.899  328.01147     79.117     75.908     0.1123     0.3260     3.9035     0.7533 2.0955e+00       2928     2.0326  0.000e+00
     32.703   65.00100 -168.65348     33.030     3.1000     3.1021     3.0981    32.4635    32.5027  1026.0072    25.8522    259.455    248.682  328.01149     79.099     75.842     0.1136     0.3333     3.9035     0.7533 2.0955e+00       2929     2.0333  0.000e+00
     32.757   65.00100 -168.65348     33.084     3.1000     3.1023     3.0981    32.4637    32.5028  1026.0076    25.8524    259.197    248.484  328.01096     79.021     75.781     0.1123     0.3260     3.9035     0.7533 2.0892e+00       2930     2.0340  0.000e+00
     32.749   65.00100 -168.65348     33.076     3.1002     3.1021     3.0983    32.4635    32.5026  1026.0074    25.8522    258.702    248.281  328.00926     78.870     75.719     0.1136     0.3333     3.9035     0.7533 2.0831e+00       2931     2.0347  0.000e+00
     32.819   65.00100 -168.65348     33.146     3.1002     3.1020     3.0983    32.4637    32.5018  1026.0079    25.8524    258.847    248.077  328.00915     78.915     75.656     0.1123     0.3260     3.9035     0.7533 2.0769e+00       2932     2.0354  0.000e+00
     32.803   65.00100 -168.65348     33.131     3.1006     3.1023     3.0987    32.4643    32.5015  1026.0082    25.8528    258.641    247.886  328.00475     78.853     75.598     0.1123     0.3260     3.9035     0.7533 2.0769e+00       2933     2.0361  0.000e+00
     32.819   65.00100 -168.65348     33.146     3.1010     3.1023     3.0991    32.4638    32.5026  1026.0079    25.8524    258.420    247.691  328.00198     78.786     75.539     0.1123     0.3260     3.9035     0.7533 2.0707e+00       2934     2.0368  0.000e+00
     32.873   65.00100 -168.65348     33.201     3.1014     3.1028     3.0995    32.4639    32.5026  1026.0081    25.8523    258.185    247.492  327.99936     78.715     75.480     0.1123     0.3260     3.9035     0.7533 2.0646e+00       2935     2.0375  0.000e+00
     32.857   65.00100 -168.65348     33.185     3.1014     3.1023     3.0995    32.4640    32.5033  1026.0082    25.8525    257.934    247.316  327.99895     78.639     75.426     0.1123     0.3260     3.9035     0.7533 2.0646e+00       2936     2.0382  0.000e+00
     32.927   65.00100 -168.65348     33.256     3.1015     3.1024     3.0996    32.4643    32.5031  1026.0087    25.8527    257.922    247.114  327.99704     78.635     75.364     0.1123     0.3260     3.9035     0.7533 2.0584e+00       2937     2.0389  0.000e+00
     32.927   65.00100 -168.65348     33.256     3.1026     3.1026     3.1007    32.4646    32.5029  1026.0089    25.8528    257.703    247.100  327.98759     78.571     75.360     0.1087     0.3040     3.9035     0.7533 2.0462e+00       2938     2.0396  0.000e+00
     32.919   65.00100 -168.65348     33.248     3.1037     3.1032     3.1018    32.4650    32.5031  1026.0091    25.8530    257.467    246.929  327.97752     78.501     75.309     0.1050     0.2820     3.9035     0.7533 2.0462e+00       2939     2.0403  0.000e+00
     32.989   65.00100 -168.65348     33.318     3.1052     3.1043     3.1032    32.4653    32.5032  1026.0095    25.8532    257.252    246.754  327.96497     78.439     75.258     0.1074     0.2967     3.9035     0.7533 2.0401e+00       2940     2.0410  0.000e+00
     33.035   65.00100 -168.65348     33.365     3.1057     3.1056     3.1038    32.4656    32.5036  1026.0099    25.8534    257.028    246.572  327.95946     78.372     75.205     0.1050     0.2820     3.9011     0.7558 2.0280e+00       2941     2.0417  0.000e+00
     33.043   65.00100 -168.65348     33.372     3.1067     3.1066     3.1048    32.4654    32.5043  1026.0097    25.8531    256.786    246.387  327.95220     78.300     75.151     0.1062     0.2894     3.8999     0.7571 2.0220e+00       2942     2.0424  0.000e+00
     33.043   65.00100 -168.65348     33.372     3.1073     3.1078     3.1054    32.4657    32.5041  1026.0099    25.8533    256.531    246.176  327.94643     78.223     75.088     0.1050     0.2820     3.8987     0.7583 2.0220e+00       2943     2.0431  0.000e+00
     33.089   65.00100 -168.65348     33.419     3.1079     3.1083     3.1060    32.4661    32.5044  1026.0104    25.8536    256.299    245.987  327.94052     78.154     75.032     0.1062     0.2894     3.8987     0.7583 2.0160e+00       2944     2.0438  0.000e+00
     33.104   65.00100 -168.65348     33.435     3.1084     3.1092     3.1065    32.4662    32.5045  1026.0105    25.8536    256.452    245.986  327.93656     78.202     75.034     0.1050     0.2820     3.8987     0.7583 2.0160e+00       2945     2.0444  0.000e+00
     33.104   65.00100 -168.65348     33.435     3.1089     3.1098     3.1070    32.4660    32.5042  1026.0103    25.8534    256.477    245.640  327.93317     78.210     74.929     0.1062     0.2894     3.8987     0.7583 2.0100e+00       2946     2.0451  0.000e+00
     33.205   65.00100 -168.65348     33.536     3.1091     3.1101     3.1071    32.4658    32.5049  1026.0106    25.8533    256.090    245.661  327.93221     78.092     74.936     0.1050     0.2820     3.8987     0.7583 2.0040e+00       2947     2.0458  0.000e+00
     33.158   65.00100 -168.65348     33.489     3.1094     3.1106     3.1075    32.4659    32.5052  1026.0104    25.8533    256.117    245.501  327.92936     78.101     74.888     0.1062     0.2894     3.8987     0.7583 2.0040e+00       2948     2.0465  0.000e+00
     33.205   65.00100 -168.65348     33.536     3.1095     3.1109     3.1076    32.4657    32.5051  1026.0104    25.8531    255.950    245.342  327.92873     78.051     74.840     0.1050     0.2820     3.8987     0.7583 1.9981e+00       2949     2.0472  0.000e+00
     33.274   65.00100 -168.65348     33.606     3.1094     3.1112     3.1074    32.4663    32.5047  1026.0113    25.8536    255.804    245.375  327.92832     78.006     74.851     0.1050     0.2820     3.8987     0.7583 1.9862e+00       2950     2.0479  0.000e+00
     33.274   65.00100 -168.65348     33.606     3.1097     3.1113     3.1078    32.4660    32.5050  1026.0110    25.8534    255.858    245.228  327.92653     78.023     74.807     0.1062     0.2894     3.8987     0.7583 1.9744e+00       2951     2.0486  0.000e+00
     33.320   65.00100 -168.65348     33.653     3.1099     3.1115     3.1079    32.4658    32.5050  1026.0111    25.8532    255.716    245.103  327.92580     77.980     74.769     0.1050     0.2820     3.8987     0.7583 1.9744e+00       2952     2.0493  0.000e+00
     33.328   65.00100 -168.65348     33.661     3.1097     3.1116     3.1078    32.4657    32.5051  1026.0110    25.8531    255.558    244.972  327.92730     77.931     74.729     0.1062     0.2894     3.8987     0.7583 1.9685e+00       2953     2.0500  0.000e+00
     33.328   65.00100 -168.65348     33.661     3.1102     3.1118     3.1082    32.4663    32.5055  1026.0114    25.8535    255.379    245.008  327.92202     77.878     74.741     0.1050     0.2820     3.8987     0.7583 1.9627e+00       2954     2.0507  0.000e+00
     33.374   65.00100 -168.65348     33.707     3.1103     3.1121     3.1084    32.4662    32.5052  1026.0116    25.8534    255.441    244.892  327.92089     77.897     74.705     0.1062     0.2894     3.8987     0.7583 1.9627e+00       2955     2.0514  0.000e+00
     33.444   65.00100 -168.65348     33.778     3.1104     3.1123     3.1085    32.4666    32.5054  1026.0123    25.8538    255.306    244.942  327.91899     77.856     74.721     0.1050     0.2820     3.8987     0.7583 1.9568e+00       2956     2.0521  0.000e+00
     33.444   65.00100 -168.65348     33.778     3.1109     3.1121     3.1090    32.4666    32.5057  1026.0122    25.8537    255.151    244.814  327.91521     77.810     74.682     0.1062     0.2894     3.8987     0.7583 1.9452e+00       2957     2.0528  0.000e+00
     33.490   65.00100 -168.65348     33.824     3.1112     3.1126     3.1093    32.4665    32.5056  1026.0123    25.8536    255.417    244.700  327.91278     77.892     74.648     0.1050     0.2820     3.8987     0.7583 1.9452e+00       2958     2.0535  0.000e+00
