EcoFOCI/data/1_SampleCollection/2023_SikuliaqDBO_CruiseData/CTD_raw_BottleFile_SKQ23-12S/proc/skq202312s_026.ros
* Sea-Bird SBE 9 Data File:
* FileName = D:\CTD\SKQ202312S\SKQ202312S_026.hex
* Software Version Seasave V 7.26.7.121
* Temperature SN = 6177
* Conductivity SN = 0369
* Number of Bytes Per Scan = 41
* Number of Voltage Words = 4
* Number of Scans Averaged by the Deck Unit = 1
* NMEA Latitude = 71 17.26 N
* NMEA Longitude = 157 14.75 W
* NMEA UTC (Time) = Sep 20 2023  23:14:47
* NMEA baud rate = 4800
** Ship: R/V Sikuliaq
** Station Number: 026
** Station Name: DBO5.2
** Bottom Depth: 56
** Operator: SD
# nquan = 22
# nvalues = 1078                                  
# units = specified
# name 0 = depSM: Depth [salt water, m]
# name 1 = latitude: Latitude [deg]
# name 2 = longitude: Longitude [deg]
# name 3 = prDM: Pressure, Digiquartz [db]
# name 4 = t090C: Temperature [ITS-90, deg C]
# name 5 = t190C: Temperature, 2 [ITS-90, deg C]
# name 6 = potemp090C: Potential Temperature [ITS-90, deg C]
# name 7 = sal00: Salinity, Practical [PSU]
# name 8 = sal11: Salinity, Practical, 2 [PSU]
# name 9 = density00: Density [density, kg/m^3]
# name 10 = sigma-é00: Density [sigma-theta, kg/m^3]
# name 11 = sbox0Mm/Kg: Oxygen, SBE 43 [umol/kg]
# name 12 = sbox1Mm/Kg: Oxygen, SBE 43, 2 [umol/kg]
# name 13 = oxsolMm/Kg: Oxygen Saturation, Garcia & Gordon [umol/kg]
# name 14 = sbeox0PS: Oxygen, SBE 43 [% saturation]
# name 15 = v0: Voltage 0
# name 16 = flECO-AFL: Fluorescence, WET Labs ECO-AFL/FL [mg/m^3]
# name 17 = CStarAt0: Beam Attenuation, WET Labs C-Star [1/m]
# name 18 = par: PAR/Irradiance, Biospherical/Licor
# name 19 = scan: Scan Count
# name 20 = nbf: Bottles Fired
# name 21 = flag:  0.000e+00
# interval = seconds: 0.0416667
# start_time = Sep 20 2023 23:18:27 [NMEA time, first data scan]
# bad_flag = -9.990e-29
*END*
[from data line 791]
      9.864   71.28782 -157.24492      9.966     4.3314     4.3358     4.3307    30.2804    27.0765  1024.0493    24.0027    309.611    162.957  323.57322     95.685     0.2161     0.9487     0.7383 2.3106e+01      25657         17  0.000e+00
      9.864   71.28782 -157.24492      9.966     4.3314     4.3358     4.3307    30.2800    27.0768  1024.0490    24.0024    309.768    162.951  323.57405     95.733     0.2161     0.9487     0.7383 2.3171e+01      25658         17  0.000e+00
      9.864   71.28782 -157.24492      9.966     4.3312     4.3358     4.3305    30.2806    27.0768  1024.0495    24.0029    309.567    162.966  323.57439     95.671     0.2137     0.9341     0.7383 2.3171e+01      25659         17  0.000e+00
      9.864   71.28782 -157.24492      9.966     4.3312     4.3357     4.3306    30.2804    27.0768  1024.0494    24.0028    309.756    162.960  323.57428     95.729     0.2112     0.9194     0.7383 2.3237e+01      25660         17  0.000e+00
      9.810   71.28782 -157.24492      9.911     4.3312     4.3356     4.3306    30.2804    27.0768  1024.0491    24.0027    309.765    162.951  323.57431     95.732     0.2112     0.9194     0.7383 2.3303e+01      25661         17  0.000e+00
      9.810   71.28782 -157.24492      9.911     4.3312     4.3357     4.3305    30.2804    27.0769  1024.0491    24.0028    309.776    162.964  323.57470     95.735     0.2112     0.9194     0.7371 2.3369e+01      25662         17  0.000e+00
      9.779   71.28782 -157.24492      9.880     4.3314     4.3357     4.3308    30.2803    27.0767  1024.0488    24.0026    309.784    162.954  323.57349     95.738     0.2100     0.9121     0.7383 2.3369e+01      25663         17  0.000e+00
      9.864   71.28782 -157.24492      9.966     4.3312     4.3357     4.3305    30.2802    27.0769  1024.0492    24.0026    309.800    162.946  323.57522     95.743     0.2112     0.9194     0.7371 2.3501e+01      25664         17  0.000e+00
      9.748   71.28782 -157.24492      9.849     4.3312     4.3358     4.3306    30.2800    27.0768  1024.0485    24.0024    309.806    162.932  323.57544     95.745     0.2125     0.9267     0.7371 2.3568e+01      25665         17  0.000e+00
      9.748   71.28782 -157.24492      9.849     4.3311     4.3357     4.3304    30.2804    27.0769  1024.0489    24.0028    309.817    162.943  323.57549     95.748     0.2112     0.9194     0.7371 2.3634e+01      25666         17  0.000e+00
      9.748   71.28782 -157.24492      9.849     4.3312     4.3357     4.3305    30.2801    27.0770  1024.0486    24.0025    309.827    162.954  323.57555     95.751     0.2112     0.9194     0.7371 2.3768e+01      25667         17  0.000e+00
      9.810   71.28782 -157.24492      9.911     4.3312     4.3358     4.3306    30.2799    27.0766  1024.0487    24.0023    309.807    162.944  323.57570     95.745     0.2112     0.9194     0.7371 2.3971e+01      25668         17  0.000e+00
      9.694   71.28782 -157.24492      9.794     4.3309     4.3357     4.3303    30.2802    27.0768  1024.0484    24.0026    309.814    162.951  323.57732     95.746     0.2112     0.9194     0.7383 2.3971e+01      25669         17  0.000e+00
      9.748   71.28782 -157.24492      9.849     4.3313     4.3357     4.3307    30.2796    27.0767  1024.0482    24.0021    309.823    162.962  323.57550     95.750     0.2112     0.9194     0.7371 2.4175e+01      25670         17  0.000e+00
      9.694   71.28782 -157.24492      9.794     4.3311     4.3358     4.3304    30.2804    27.0767  1024.0486    24.0027    309.831    162.970  323.57561     95.752     0.2112     0.9194     0.7371 2.4449e+01      25671         17  0.000e+00
      9.725   71.28782 -157.24492      9.826     4.3315     4.3359     4.3309    30.2804    27.0763  1024.0487    24.0027    309.838    162.959  323.57228     95.755     0.2112     0.9194     0.7383 2.4518e+01      25672         17  0.000e+00
      9.694   71.28782 -157.24492      9.794     4.3317     4.3357     4.3311    30.2801    27.0765  1024.0483    24.0024    309.845    162.946  323.57144     95.758     0.2112     0.9194     0.7371 2.4657e+01      25673         17  0.000e+00
      9.640   71.28782 -157.24492      9.740     4.3314     4.3357     4.3308    30.2799    27.0767  1024.0479    24.0023    309.855    162.930  323.57434     95.760     0.2112     0.9194     0.7371 2.4938e+01      25674         17  0.000e+00
      9.694   71.28782 -157.24492      9.794     4.3313     4.3358     4.3307    30.2796    27.0766  1024.0479    24.0021    309.868    162.916  323.57543     95.764     0.2112     0.9194     0.7371 2.5079e+01      25675         17  0.000e+00
      9.640   71.28782 -157.24492      9.740     4.3312     4.3357     4.3306    30.2799    27.0768  1024.0479    24.0023    310.085    162.899  323.57559     95.831     0.2112     0.9194     0.7371 2.5150e+01      25676         17  0.000e+00
      9.640   71.28782 -157.24492      9.740     4.3309     4.3359     4.3303    30.2803    27.0763  1024.0482    24.0027    309.917    163.076  323.57717     95.778     0.2112     0.9194     0.7383 2.5508e+01      25677         17  0.000e+00
      9.640   71.28782 -157.24492      9.740     4.3312     4.3357     4.3306    30.2798    27.0765  1024.0478    24.0023    310.134    162.907  323.57625     95.846     0.2125     0.9267     0.7383 2.5652e+01      25678         17  0.000e+00
      9.579   71.28782 -157.24492      9.678     4.3308     4.3360     4.3301    30.2802    27.0765  1024.0479    24.0026    309.962    162.908  323.57862     95.792     0.2112     0.9194     0.7383 2.5725e+01      25679         17  0.000e+00
      9.579   71.28782 -157.24492      9.678     4.3309     4.3357     4.3302    30.2804    27.0768  1024.0481    24.0028    309.968    162.913  323.57720     95.794     0.2125     0.9267     0.7371 2.6090e+01      25680         17  0.000e+00
      9.556   71.28782 -157.24492      9.654     4.3309     4.3355     4.3303    30.2811    27.0767  1024.0485    24.0033    309.971    162.917  323.57504     95.796     0.2112     0.9194     0.7371 2.6312e+01      25681         17  0.000e+00
      9.579   71.28782 -157.24492      9.678     4.3314     4.3359     4.3308    30.2817    27.0762  1024.0490    24.0038    309.974    162.920  323.56994     95.798     0.2112     0.9194     0.7371 2.6312e+01      25682         17  0.000e+00
      9.525   71.28782 -157.24492      9.623     4.3318     4.3357     4.3312    30.2825    27.0765  1024.0493    24.0043    309.939    162.922  323.56485     95.789     0.2112     0.9194     0.7371 2.6762e+01      25683         17  0.000e+00
      9.525   71.28782 -157.24492      9.623     4.3323     4.3360     4.3317    30.2826    27.0762  1024.0494    24.0044    309.940    162.903  323.56035     95.790     0.2112     0.9194     0.7371 2.6990e+01      25684         17  0.000e+00
      9.525   71.28782 -157.24492      9.623     4.3325     4.3358     4.3319    30.2828    27.0762  1024.0495    24.0045    309.977    162.884  323.55864     95.802     0.2112     0.9194     0.7371 2.6990e+01      25685         17  0.000e+00
      9.525   71.28782 -157.24492      9.623     4.3327     4.3357     4.3321    30.2824    27.0762  1024.0492    24.0042    309.982    162.887  323.55754     95.804     0.2112     0.9194     0.7371 2.7374e+01      25686         17  0.000e+00
      9.463   71.28782 -157.24492      9.561     4.3325     4.3358     4.3319    30.2826    27.0759  1024.0491    24.0044    309.988    163.080  323.55912     95.806     0.2100     0.9121     0.7371 2.7684e+01      25687         17  0.000e+00
      9.463   71.28782 -157.24492      9.561     4.3327     4.3357     4.3321    30.2826    27.0763  1024.0491    24.0043    309.993    162.909  323.55709     95.808     0.2112     0.9194     0.7371 2.7684e+01      25688         17  0.000e+00
      9.463   71.28782 -157.24492      9.561     4.3326     4.3355     4.3320    30.2822    27.0763  1024.0487    24.0040    309.580    162.911  323.55897     95.680     0.2100     0.9121     0.7371 2.7999e+01      25689         17  0.000e+00
      9.440   71.28782 -157.24492      9.537     4.3326     4.3358     4.3320    30.2824    27.0761  1024.0488    24.0042    309.945    162.910  323.55848     95.793     0.2112     0.9194     0.7371 2.8317e+01      25690         17  0.000e+00
      9.463   71.28782 -157.24492      9.561     4.3327     4.3357     4.3321    30.2824    27.0765  1024.0489    24.0042    309.854    162.911  323.55756     95.765     0.2125     0.9267     0.7371 2.8397e+01      25691         17  0.000e+00
      9.409   71.28782 -157.24492      9.506     4.3325     4.3357     4.3319    30.2819    27.0762  1024.0483    24.0038    309.861    162.912  323.56090     95.766     0.2112     0.9194     0.7371 2.8638e+01      25692         17  0.000e+00
      9.409   71.28782 -157.24492      9.506     4.3323     4.3361     4.3317    30.2819    27.0756  1024.0483    24.0038    309.868    162.889  323.56205     95.768     0.2112     0.9194     0.7371 2.9128e+01      25693         17  0.000e+00
      9.409   71.28782 -157.24492      9.506     4.3323     4.3357     4.3317    30.2817    27.0760  1024.0481    24.0036    309.874    162.868  323.56308     95.769     0.2112     0.9194     0.7371 2.9128e+01      25694         17  0.000e+00
      9.355   71.28782 -157.24492      9.452     4.3320     4.3358     4.3314    30.2814    27.0759  1024.0477    24.0034    309.880    162.844  323.56578     95.770     0.2112     0.9194     0.7371 2.9375e+01      25695         17  0.000e+00
      9.409   71.28782 -157.24492      9.506     4.3318     4.3358     4.3312    30.2815    27.0757  1024.0480    24.0035    309.889    162.843  323.56729     95.773     0.2112     0.9194     0.7371 2.9793e+01      25696         17  0.000e+00
      9.355   71.28782 -157.24492      9.452     4.3319     4.3358     4.3313    30.2814    27.0760  1024.0477    24.0035    309.858    162.840  323.56694     95.763     0.2112     0.9194     0.7371 2.9877e+01      25697         17  0.000e+00
      9.355   71.28782 -157.24492      9.452     4.3319     4.3357     4.3313    30.2814    27.0761  1024.0477    24.0035    309.862    163.033  323.56694     95.765     0.2112     0.9194     0.7371 3.0046e+01      25698         17  0.000e+00
      9.295   71.28782 -157.24490      9.391     4.3301     4.3361     4.3295    30.2803    27.1041  1024.0467    24.0027    309.316    163.007  323.58329     95.591     0.2088     0.9047     0.7408 3.1523e+01      25850         18  0.000e+00
      9.296   71.28782 -157.24490      9.392     4.3300     4.3361     4.3294    30.2800    27.1045  1024.0465    24.0026    309.305    163.202  323.58470     95.587     0.2100     0.9121     0.7408 3.1612e+01      25851         18  0.000e+00
      9.242   71.28782 -157.24490      9.337     4.3300     4.3360     4.3294    30.2803    27.1049  1024.0465    24.0028    309.082    163.222  323.58438     95.518     0.2088     0.9047     0.7408 3.1881e+01      25852         18  0.000e+00
      9.242   71.28782 -157.24490      9.337     4.3300     4.3361     4.3294    30.2803    27.1050  1024.0464    24.0028    309.252    163.048  323.58447     95.571     0.2088     0.9047     0.7408 3.2243e+01      25853         18  0.000e+00
      9.242   71.28782 -157.24490      9.337     4.3299     4.3360     4.3293    30.2804    27.1054  1024.0465    24.0028    309.069    163.047  323.58515     95.514     0.2088     0.9047     0.7408 3.2334e+01      25854         18  0.000e+00
      9.180   71.28782 -157.24490      9.275     4.3298     4.3361     4.3292    30.2806    27.1056  1024.0464    24.0030    309.242    163.044  323.58491     95.568     0.2088     0.9047     0.7408 3.2517e+01      25855         18  0.000e+00
      9.126   71.28782 -157.24490      9.220     4.3300     4.3360     4.3294    30.2808    27.1058  1024.0463    24.0031    309.027    163.042  323.58332     95.501     0.2088     0.9047     0.7408 3.2793e+01      25856         18  0.000e+00
      9.272   71.28782 -157.24490      9.368     4.3299     4.3362     4.3293    30.2803    27.1060  1024.0466    24.0028    309.004    163.043  323.58537     95.494     0.2088     0.9047     0.7408 3.2979e+01      25857         18  0.000e+00
      9.180   71.28782 -157.24490      9.275     4.3301     4.3361     4.3295    30.2802    27.1060  1024.0461    24.0027    308.970    163.041  323.58343     95.484     0.2076     0.8974     0.7408 3.3072e+01      25858         18  0.000e+00
      9.180   71.28782 -157.24490      9.275     4.3300     4.3361     4.3294    30.2803    27.1062  1024.0461    24.0027    308.946    163.040  323.58411     95.476     0.2088     0.9047     0.7408 3.3447e+01      25859         18  0.000e+00
      9.180   71.28782 -157.24490      9.275     4.3300     4.3361     4.3294    30.2803    27.1062  1024.0461    24.0028    308.923    163.039  323.58449     95.469     0.2076     0.8974     0.7408 3.3542e+01      25860         18  0.000e+00
      9.180   71.28782 -157.24492      9.275     4.3300     4.3360     4.3294    30.2803    27.1070  1024.0461    24.0028    309.114    163.015  323.58449     95.528     0.2088     0.9047     0.7408 3.3637e+01      25861         18  0.000e+00
      9.180   71.28782 -157.24492      9.275     4.3299     4.3362     4.3293    30.2804    27.1066  1024.0462    24.0028    308.917    163.013  323.58508     95.467     0.2100     0.9121     0.7396 3.3923e+01      25862         18  0.000e+00
      9.180   71.28782 -157.24492      9.275     4.3300     4.3360     4.3294    30.2805    27.1071  1024.0463    24.0029    308.900    162.990  323.58403     95.462     0.2100     0.9121     0.7371 3.4115e+01      25863         18  0.000e+00
      9.126   71.28782 -157.24492      9.220     4.3301     4.3361     4.3295    30.2802    27.1073  1024.0458    24.0027    308.884    162.985  323.58346     95.457     0.2125     0.9267     0.7371 3.4115e+01      25864         18  0.000e+00
      9.180   71.28782 -157.24492      9.275     4.3299     4.3361     4.3293    30.2806    27.1074  1024.0464    24.0030    308.877    162.983  323.58462     95.455     0.2125     0.9267     0.7383 3.4404e+01      25865         18  0.000e+00
      9.064   71.28782 -157.24492      9.158     4.3301     4.3361     4.3295    30.2801    27.1079  1024.0454    24.0026    308.863    162.978  323.58385     95.451     0.2125     0.9267     0.7383 3.4502e+01      25866         18  0.000e+00
      9.273   71.28782 -157.24492      9.368     4.3300     4.3360     4.3294    30.2801    27.1080  1024.0464    24.0026    308.867    162.980  323.58449     95.452     0.2125     0.9267     0.7371 3.4502e+01      25867         18  0.000e+00
      9.180   71.28782 -157.24492      9.275     4.3301     4.3361     4.3295    30.2805    27.1080  1024.0463    24.0029    308.859    162.975  323.58269     95.450     0.2125     0.9267     0.7383 3.4697e+01      25868         18  0.000e+00
      9.126   71.28782 -157.24492      9.220     4.3300     4.3363     4.3294    30.2804    27.1080  1024.0460    24.0029    309.069    162.970  323.58415     95.514     0.2125     0.9267     0.7383 3.4795e+01      25869         18  0.000e+00
      9.180   71.28782 -157.24492      9.275     4.3302     4.3361     4.3296    30.2804    27.1084  1024.0462    24.0029    308.825    162.969  323.58249     95.439     0.2125     0.9267     0.7383 3.4893e+01      25870         18  0.000e+00
      9.242   71.28782 -157.24492      9.337     4.3301     4.3360     4.3295    30.2808    27.1089  1024.0469    24.0032    308.828    162.968  323.58193     95.441     0.2112     0.9194     0.7383 3.4893e+01      25871         18  0.000e+00
