EcoFOCI/data/1_SampleCollection/2023_SikuliaqDBO_CruiseData/CTD_raw_BottleFile_SKQ23-12S/proc/skq202312s_010.cnv
* Sea-Bird SBE 9 Data File:
* FileName = D:\CTD\SKQ202312S\SKQ202312S_010.hex
* Software Version Seasave V 7.26.7.121
* Temperature SN = 6177
* Conductivity SN = 0369
* Number of Bytes Per Scan = 41
* Number of Voltage Words = 4
* Number of Scans Averaged by the Deck Unit = 1
* NMEA Latitude = 63 16.77 N
* NMEA Longitude = 173 16.77 W
* NMEA UTC (Time) = Sep 16 2023  15:37:33
* NMEA baud rate = 4800
** Ship: R/V Sikuliaq
** Station Number: 010
** Station Name: DBO1.9
** Bottom Depth: 70
** Operator: SD
# nquan = 24
# nvalues = 5816                                  
# units = specified
# name 0 = depSM: Depth [salt water, m]
# name 1 = latitude: Latitude [deg]
# name 2 = longitude: Longitude [deg]
# name 3 = prDM: Pressure, Digiquartz [db]
# name 4 = t090C: Temperature [ITS-90, deg C]
# name 5 = t190C: Temperature, 2 [ITS-90, deg C]
# name 6 = potemp090C: Potential Temperature [ITS-90, deg C]
# name 7 = sal00: Salinity, Practical [PSU]
# name 8 = sal11: Salinity, Practical, 2 [PSU]
# name 9 = density00: Density [density, kg/m^3]
# name 10 = sigma-é00: Density [sigma-theta, kg/m^3]
# name 11 = sbox0Mm/Kg: Oxygen, SBE 43 [umol/kg]
# name 12 = sbox1Mm/Kg: Oxygen, SBE 43, 2 [umol/kg]
# name 13 = oxsolMm/Kg: Oxygen Saturation, Garcia & Gordon [umol/kg]
# name 14 = sbeox0PS: Oxygen, SBE 43 [% saturation]
# name 15 = sbeox1PS: Oxygen, SBE 43, 2 [% saturation]
# name 16 = v0: Voltage 0
# name 17 = flECO-AFL: Fluorescence, WET Labs ECO-AFL/FL [mg/m^3]
# name 18 = v1: Voltage 1
# name 19 = CStarAt0: Beam Attenuation, WET Labs C-Star [1/m]
# name 20 = par: PAR/Irradiance, Biospherical/Licor
# name 21 = scan: Scan Count
# name 22 = timeM: Time, Elapsed [minutes]
# name 23 = flag:  0.000e+00
# span 0 =      2.299,     64.361                 
# span 1 =   63.27950,   63.27952                 
# span 2 = -173.27952, -173.27950                 
# span 3 =      2.321,     65.000                 
# span 4 =    -1.4908,     7.4874                 
# span 5 =    -1.4897,     7.4875                 
# span 6 =    -1.4916,     7.4864                 
# span 7 =    31.3838,    32.1305                 
# span 8 =    31.3946,    32.1415                 
# span 9 =  1024.5191,  1026.1510                 
# span 10 =    24.5080,    25.8384                
# span 11 =    245.313,    439.527                
# span 12 =    233.348,    411.495                
# span 13 =  298.00874,  370.53946                
# span 14 =     66.478,    123.118                
# span 15 =     63.242,    114.736                
# span 16 =     0.0806,     0.2735                
# span 17 =     0.1355,     1.2930                
# span 18 =     2.9194,     4.2112                
# span 19 =     0.4498,     1.9158                
# span 20 = 1.0000e-12, 8.6111e-01                
# span 21 =          1,       5816                
# span 22 =     0.0000,     4.0382                
# span 23 = 0.0000e+00, 0.0000e+00                
# interval = seconds: 0.0416667
# start_time = Sep 16 2023 15:40:12 [NMEA time, first data scan]
# bad_flag = -9.990e-29
*END*
[from data line 2959]
     30.394   63.27950 -173.27952     30.694    -0.7385    -0.7359    -0.7393    31.8720    31.9050  1025.7579    25.6103    417.766    398.825  363.56474    114.908    109.735     0.2308     1.0366     4.1453     0.5129 1.0000e-12       2960     2.0549  0.000e+00
     30.502   63.27950 -173.27952     30.803    -0.7440    -0.7405    -0.7447    31.8732    31.9046  1025.7596    25.6114    417.380    398.610  363.61351    114.787    109.662     0.2295     1.0293     4.1453     0.5129 1.0000e-12       2961     2.0556  0.000e+00
     30.510   63.27950 -173.27952     30.811    -0.7478    -0.7441    -0.7485    31.8760    31.9051  1025.7620    25.6138    416.948    398.358  363.64252    114.659    109.582     0.2308     1.0366     4.1453     0.5129 1.0000e-12       2962     2.0562  0.000e+00
     30.510   63.27950 -173.27952     30.811    -0.7508    -0.7475    -0.7516    31.8753    31.9056  1025.7616    25.6134    416.503    398.086  363.67415    114.526    109.498     0.2295     1.0293     4.1453     0.5129 1.0000e-12       2963     2.0569  0.000e+00
     30.502   63.27950 -173.27952     30.803    -0.7542    -0.7510    -0.7550    31.8749    31.9054  1025.7613    25.6131    416.253    398.026  363.70841    114.447    109.471     0.2308     1.0366     4.1453     0.5129 1.0000e-12       2964     2.0576  0.000e+00
     30.572   63.27950 -173.27952     30.873    -0.7586    -0.7543    -0.7594    31.8749    31.9061  1025.7618    25.6133    415.799    397.756  363.75069    114.309    109.388     0.2295     1.0293     4.1453     0.5129 1.0000e-12       2965     2.0583  0.000e+00
     30.556   63.27950 -173.27952     30.857    -0.7655    -0.7579    -0.7662    31.8787    31.9071  1025.7650    25.6166    415.095    397.470  363.80665    114.098    109.300     0.2308     1.0366     4.1453     0.5129 1.0000e-12       2966     2.0590  0.000e+00
     30.572   63.27950 -173.27952     30.873    -0.7704    -0.7615    -0.7711    31.8798    31.9066  1025.7662    25.6177    414.825    397.401  363.85022    114.010    109.270     0.2295     1.0293     4.1453     0.5129 1.0000e-12       2967     2.0597  0.000e+00
     30.626   63.27950 -173.27952     30.928    -0.7760    -0.7657    -0.7767    31.8813    31.9058  1025.7678    25.6190    414.052    397.360  363.90074    113.782    109.246     0.2308     1.0366     4.1453     0.5129 1.0000e-12       2968     2.0604  0.000e+00
     30.610   63.27950 -173.27952     30.912    -0.7780    -0.7685    -0.7787    31.8797    31.9061  1025.7666    25.6178    413.487    397.313  363.92446    113.619    109.225     0.2295     1.0293     4.1526     0.5058 1.0000e-12       2969     2.0611  0.000e+00
     30.626   63.27950 -173.27952     30.927    -0.7800    -0.7712    -0.7807    31.8785    31.9061  1025.7657    25.6169    412.922    397.061  363.94789    113.456    109.148     0.2308     1.0366     4.1563     0.5023 1.0000e-12       2970     2.0618  0.000e+00
     30.672   63.27950 -173.27952     30.974    -0.7849    -0.7757    -0.7856    31.8785    31.9062  1025.7661    25.6171    412.339    397.013  363.99468    113.282    109.121     0.2247     1.0000     4.1563     0.5023 1.0000e-12       2971     2.0625  0.000e+00
     30.688   63.27950 -173.27952     30.990    -0.7916    -0.7816    -0.7923    31.8799    31.9066  1025.7675    25.6184    411.822    396.550  364.05589    113.121    108.977     0.2210     0.9780     4.1563     0.5023 1.0000e-12       2972     2.0632  0.000e+00
     30.688   63.27950 -173.27952     30.990    -0.7984    -0.7870    -0.7991    31.8816    31.9066  1025.7692    25.6200    411.260    396.487  364.11713    112.947    108.944     0.2186     0.9634     4.1551     0.5035 1.0000e-12       2973     2.0639  0.000e+00
     30.726   63.27950 -173.27952     31.029    -0.8050    -0.7930    -0.8057    31.8815    31.9084  1025.7695    25.6202    410.958    396.193  364.18151    112.844    108.848     0.2198     0.9707     4.1563     0.5023 1.0000e-12       2974     2.0646  0.000e+00
     30.688   63.27950 -173.27952     30.990    -0.8118    -0.8004    -0.8125    31.8815    31.9100  1025.7695    25.6204    410.200    395.903  364.24741    112.616    108.748     0.2210     0.9780     4.1563     0.5023 1.0000e-12       2975     2.0653  0.000e+00
     30.788   63.27950 -173.27952     31.091    -0.8202    -0.8084    -0.8209    31.8829    31.9092  1025.7715    25.6218    409.676    395.625  364.32447    112.448    108.648     0.2198     0.9707     4.1563     0.5023 1.0000e-12       2976     2.0660  0.000e+00
     30.742   63.27950 -173.27952     31.044    -0.8283    -0.8169    -0.8290    31.8850    31.9102  1025.7732    25.6238    408.896    395.331  364.39700    112.212    108.544     0.2210     0.9780     4.1563     0.5023 1.0000e-12       2977     2.0667  0.000e+00
     30.796   63.27950 -173.27952     31.099    -0.8377    -0.8254    -0.8384    31.8875    31.9111  1025.7757    25.6260    408.354    395.230  364.48138    112.037    108.492     0.2198     0.9707     4.1551     0.5035 1.0000e-12       2978     2.0674  0.000e+00
     30.842   63.27950 -173.27952     31.146    -0.8445    -0.8335    -0.8453    31.8867    31.9120  1025.7756    25.6256    407.857    394.729  364.55060    111.879    108.332     0.2210     0.9780     4.1551     0.5035 1.0000e-12       2979     2.0681  0.000e+00
     30.857   63.27950 -173.27952     31.161    -0.8535    -0.8419    -0.8543    31.8879    31.9127  1025.7770    25.6270    407.044    394.644  364.63450    111.631    108.285     0.2198     0.9707     4.1563     0.5023 1.0000e-12       2980     2.0688  0.000e+00
     30.904   63.27950 -173.27952     31.208    -0.8622    -0.8503    -0.8629    31.8876    31.9122  1025.7772    25.6270    406.459    394.367  364.71971    111.444    108.184     0.2210     0.9780     4.1563     0.5023 1.0000e-12       2981     2.0694  0.000e+00
     30.911   63.27950 -173.27952     31.216    -0.8685    -0.8582    -0.8692    31.8878    31.9133  1025.7776    25.6273    405.863    394.043  364.78079    111.262    108.073     0.2198     0.9707     4.1563     0.5023 1.0000e-12       2982     2.0701  0.000e+00
     30.911   63.27950 -173.27952     31.216    -0.8748    -0.8658    -0.8755    31.8890    31.9146  1025.7788    25.6285    404.983    393.711  364.83824    111.003    107.961     0.2198     0.9707     4.1563     0.5023 1.0000e-12       2983     2.0708  0.000e+00
     30.904   63.27950 -173.27952     31.208    -0.8783    -0.8714    -0.8790    31.8882    31.9152  1025.7782    25.6280    404.308    393.099  364.87494    110.807    107.778     0.2198     0.9707     4.1563     0.5023 1.0000e-12       2984     2.0715  0.000e+00
     31.027   63.27950 -173.27952     31.333    -0.8837    -0.8748    -0.8844    31.8887    31.9161  1025.7794    25.6285    403.431    392.884  364.92567    110.551    107.710     0.2210     0.9780     4.1551     0.5035 1.0000e-12       2985     2.0722  0.000e+00
     30.958   63.27950 -173.27952     31.262    -0.8886    -0.8789    -0.8893    31.8907    31.9170  1025.7808    25.6303    402.771    392.249  364.96771    110.358    107.525     0.2198     0.9707     4.1551     0.5035 1.0000e-12       2986     2.0729  0.000e+00
     30.973   63.27950 -173.27952     31.278    -0.8915    -0.8827    -0.8922    31.8906    31.9173  1025.7809    25.6303    402.131    391.814  364.99642    110.174    107.395     0.2210     0.9780     4.1563     0.5023 1.0000e-12       2987     2.0736  0.000e+00
     31.027   63.27950 -173.27952     31.333    -0.8934    -0.8865    -0.8941    31.8902    31.9176  1025.7809    25.6301    401.468    391.383  365.01577    109.987    107.266     0.2198     0.9707     4.1563     0.5023 1.0000e-12       2988     2.0743  0.000e+00
     31.073   63.27950 -173.27952     31.379    -0.8961    -0.8894    -0.8968    31.8907    31.9174  1025.7816    25.6305    400.594    390.723  365.04109    109.740    107.077     0.2198     0.9707     4.1636     0.4953 1.0000e-12       2989     2.0750  0.000e+00
     31.027   63.27950 -173.27952     31.333    -0.8984    -0.8921    -0.8991    31.8912    31.9189  1025.7819    25.6310    399.956    390.479  365.06186    109.558    107.003     0.2198     0.9707     4.1697     0.4894 1.0000e-12       2990     2.0757  0.000e+00
     31.073   63.27950 -173.27952     31.379    -0.8998    -0.8944    -0.9005    31.8925    31.9195  1025.7832    25.6321    399.301    389.792  365.07210    109.376    106.809     0.2198     0.9707     4.1709     0.4882 1.0000e-12       2991     2.0764  0.000e+00
     31.143   63.27950 -173.27952     31.449    -0.9008    -0.8964    -0.9015    31.8918    31.9187  1025.7830    25.6315    398.182    389.311  365.08305    109.066    106.671     0.2198     0.9707     4.1697     0.4894 1.0000e-12       2992     2.0771  0.000e+00
     31.089   63.27952 -173.27952     31.395    -0.9027    -0.8980    -0.9034    31.8917    31.9190  1025.7827    25.6315    397.528    388.601  365.10276    108.881    106.472     0.2198     0.9707     4.1697     0.4894 1.0000e-12       2993     2.0778  0.000e+00
     31.189   63.27952 -173.27952     31.496    -0.9046    -0.8996    -0.9053    31.8932    31.9201  1025.7845    25.6328    396.873    388.102  365.11625    108.698    106.332     0.2198     0.9707     4.1697     0.4894 1.0000e-12       2994     2.0785  0.000e+00
     31.197   63.27952 -173.27952     31.504    -0.9053    -0.9006    -0.9060    31.8926    31.9209  1025.7840    25.6323    396.258    387.384  365.12523    108.527    106.133     0.2198     0.9707     4.1697     0.4894 1.0000e-12       2995     2.0792  0.000e+00
     31.243   63.27952 -173.27952     31.551    -0.9059    -0.9021    -0.9066    31.8921    31.9206  1025.7839    25.6319    395.391    386.886  365.13278    108.287    105.992     0.2149     0.9414     4.1697     0.4894 1.0000e-12       2996     2.0799  0.000e+00
     31.197   63.27952 -173.27952     31.504    -0.9070    -0.9028    -0.9077    31.8932    31.9190  1025.7846    25.6329    394.779    386.395  365.14009    108.117    105.855     0.1978     0.8388     4.1697     0.4894 1.0000e-12       2997     2.0806  0.000e+00
     31.312   63.27952 -173.27952     31.621    -0.9078    -0.9035    -0.9085    31.8927    31.9201  1025.7848    25.6325    393.928    385.701  365.14865    107.882    105.663     0.1917     0.8022     4.1697     0.4894 1.0000e-12       2998     2.0812  0.000e+00
     31.305   63.27952 -173.27952     31.613    -0.9086    -0.9038    -0.9093    31.8934    31.9195  1025.7853    25.6331    393.332    385.183  365.15459    107.717    105.520     0.1917     0.8022     4.1697     0.4894 1.0000e-12       2999     2.0819  0.000e+00
     31.312   63.27952 -173.27952     31.621    -0.9092    -0.9048    -0.9099    31.8928    31.9186  1025.7849    25.6326    392.593    384.504  365.16232    107.512    105.330     0.1929     0.8095     4.1697     0.4894 1.0000e-12       3000     2.0826  0.000e+00
     31.243   63.27952 -173.27952     31.551    -0.9092    -0.9058    -0.9099    31.8928    31.9179  1025.7846    25.6327    392.015    383.783  365.16220    107.354    105.130     0.1917     0.8022     4.1697     0.4894 1.0000e-12       3001     2.0833  0.000e+00
     31.428   63.27952 -173.27952     31.738    -0.9095    -0.9064    -0.9102    31.8919    31.9179  1025.7847    25.6319    391.264    383.515  365.16770    107.146    105.054     0.1929     0.8095     4.1697     0.4894 1.0000e-12       3002     2.0840  0.000e+00
     31.374   63.27952 -173.27952     31.683    -0.9099    -0.9072    -0.9106    31.8907    31.9189  1025.7835    25.6310    390.729    382.809  365.17551    106.997    104.860     0.1917     0.8022     4.1697     0.4894 1.0000e-12       3003     2.0847  0.000e+00
     31.413   63.27952 -173.27952     31.722    -0.9110    -0.9084    -0.9117    31.8918    31.9191  1025.7847    25.6319    389.962    382.112  365.18284    106.785    104.666     0.1929     0.8095     4.1697     0.4894 1.0000e-12       3004     2.0854  0.000e+00
     31.428   63.27952 -173.27952     31.738    -0.9132    -0.9098    -0.9139    31.8930    31.9193  1025.7858    25.6329    389.431    381.609  365.20068    106.635    104.524     0.1917     0.8022     4.1697     0.4894 1.0000e-12       3005     2.0861  0.000e+00
     31.428   63.27952 -173.27952     31.738    -0.9144    -0.9111    -0.9151    31.8928    31.9188  1025.7856    25.6328    388.709    381.138  365.21307    106.433    104.391     0.1917     0.8022     4.1697     0.4894 1.0000e-12       3006     2.0868  0.000e+00
     31.474   63.27952 -173.27952     31.784    -0.9156    -0.9122    -0.9163    31.8922    31.9193  1025.7854    25.6324    388.220    380.470  365.22689    106.296    104.205     0.1917     0.8022     4.1697     0.4894 1.0000e-12       3007     2.0875  0.000e+00
     31.490   63.27952 -173.27952     31.800    -0.9184    -0.9139    -0.9191    31.8938    31.9192  1025.7869    25.6338    387.510    380.005  365.24892    106.095    104.073     0.1917     0.8022     4.1697     0.4894 1.0000e-12       3008     2.0882  0.000e+00
     31.528   63.27952 -173.27952     31.839    -0.9213    -0.9158    -0.9220    31.8948    31.9194  1025.7880    25.6347    387.085    379.354  365.27444    105.971    103.890     0.1905     0.7949     4.1722     0.4871 1.0000e-12       3009     2.0889  0.000e+00
     31.544   63.27952 -173.27952     31.855    -0.9231    -0.9176    -0.9238    31.8943    31.9206  1025.7877    25.6343    386.680    378.896  365.29386    105.855    103.760     0.1929     0.8095     4.1734     0.4859 1.0000e-12       3010     2.0896  0.000e+00
     31.544   63.27952 -173.27952     31.855    -0.9245    -0.9198    -0.9252    31.8954    31.9212  1025.7886    25.6352    386.038    378.222  365.30401    105.676    103.570     0.1917     0.8022     4.1746     0.4847 1.0000e-12       3011     2.0903  0.000e+00
     31.644   63.27952 -173.27952     31.956    -0.9262    -0.9215    -0.9269    31.8972    31.9208  1025.7906    25.6367    385.384    377.527  365.31555    105.494    103.375     0.1929     0.8095     4.1746     0.4847 1.0000e-12       3012     2.0910  0.000e+00
     31.659   63.27952 -173.27952     31.971    -0.9271    -0.9225    -0.9278    31.8968    31.9213  1025.7904    25.6365    385.266    377.052  365.32545    105.458    103.242     0.1905     0.7949     4.1746     0.4847 1.0000e-12       3013     2.0917  0.000e+00
     31.659   63.27952 -173.27952     31.971    -0.9280    -0.9237    -0.9287    31.8970    31.9217  1025.7906    25.6366    384.462    376.361  365.33388    105.236    103.051     0.1917     0.8022     4.1746     0.4847 1.0000e-12       3014     2.0924  0.000e+00
     31.706   63.27952 -173.27952     32.018    -0.9285    -0.9243    -0.9292    31.8962    31.9216  1025.7902    25.6360    384.312    375.874  365.34066    105.193    102.915     0.1929     0.8095     4.1746     0.4847 1.0000e-12       3015     2.0931  0.000e+00
     31.713   63.27952 -173.27952     32.026    -0.9293    -0.9257    -0.9300    31.8963    31.9227  1025.7903    25.6361    383.781    375.431  365.34821    105.045    102.791     0.1917     0.8022     4.1734     0.4859 1.0000e-12       3016     2.0938  0.000e+00
     31.706   63.27952 -173.27952     32.018    -0.9297    -0.9263    -0.9304    31.8960    31.9226  1025.7901    25.6359    383.186    374.801  365.35332    104.881    102.617     0.1917     0.8022     4.1746     0.4847 1.0000e-12       3017     2.0944  0.000e+00
     31.775   63.27952 -173.27952     32.088    -0.9302    -0.9271    -0.9310    31.8965    31.9227  1025.7908    25.6363    383.089    374.416  365.35701    104.853    102.509     0.1917     0.8022     4.1734     0.4859 1.0000e-12       3018     2.0951  0.000e+00
