EcoFOCI/data/1_SampleCollection/2023_SikuliaqDBO_CruiseData/CTD_raw_BottleFile_SKQ23-12S/proc/skq202312s_039.cnv
* Sea-Bird SBE 9 Data File:
* FileName = D:\CTD\SKQ202312S\SKQ202312S_039.hex
* Software Version Seasave V 7.26.7.121
* Temperature SN = 6177
* Conductivity SN = 0369
* Number of Bytes Per Scan = 41
* Number of Voltage Words = 4
* Number of Scans Averaged by the Deck Unit = 1
* NMEA Latitude = 71 19.31 N
* NMEA Longitude = 160 39.09 W
* NMEA UTC (Time) = Sep 23 2023  11:49:51
* NMEA baud rate = 4800
** Ship: R/V Sikuliaq
** Station Number: 039
** Station Name: DBO4.2n
** Bottom Depth: 48
** Operator: SD
# nquan = 24
# nvalues = 5872                                  
# units = specified
# name 0 = depSM: Depth [salt water, m]
# name 1 = latitude: Latitude [deg]
# name 2 = longitude: Longitude [deg]
# name 3 = prDM: Pressure, Digiquartz [db]
# name 4 = t090C: Temperature [ITS-90, deg C]
# name 5 = t190C: Temperature, 2 [ITS-90, deg C]
# name 6 = potemp090C: Potential Temperature [ITS-90, deg C]
# name 7 = sal00: Salinity, Practical [PSU]
# name 8 = sal11: Salinity, Practical, 2 [PSU]
# name 9 = density00: Density [density, kg/m^3]
# name 10 = sigma-é00: Density [sigma-theta, kg/m^3]
# name 11 = sbox0Mm/Kg: Oxygen, SBE 43 [umol/kg]
# name 12 = sbox1Mm/Kg: Oxygen, SBE 43, 2 [umol/kg]
# name 13 = oxsolMm/Kg: Oxygen Saturation, Garcia & Gordon [umol/kg]
# name 14 = sbeox0PS: Oxygen, SBE 43 [% saturation]
# name 15 = sbeox1PS: Oxygen, SBE 43, 2 [% saturation]
# name 16 = v0: Voltage 0
# name 17 = flECO-AFL: Fluorescence, WET Labs ECO-AFL/FL [mg/m^3]
# name 18 = v1: Voltage 1
# name 19 = CStarAt0: Beam Attenuation, WET Labs C-Star [1/m]
# name 20 = par: PAR/Irradiance, Biospherical/Licor
# name 21 = scan: Scan Count
# name 22 = timeM: Time, Elapsed [minutes]
# name 23 = flag:  0.000e+00
# span 0 =      2.663,     43.060                 
# span 1 =   71.32186,   71.32190                 
# span 2 = -160.65154, -160.65148                 
# span 3 =      2.691,     43.509                 
# span 4 =    -1.6695,     2.5696                 
# span 5 =    -1.6682,     2.5769                 
# span 6 =    -1.6702,     2.5692                 
# span 7 =    27.5123,    32.6614                 
# span 8 =    27.5271,    32.6724                 
# span 9 =  1021.9683,  1026.4864                 
# span 10 =    21.9438,    26.2767                
# span 11 =    249.625,    474.033                
# span 12 =    236.638,    448.684                
# span 13 =  345.01977,  370.72887                
# span 14 =     67.387,    129.538                
# span 15 =     63.890,    122.611                
# span 16 =     0.0635,     0.3492                
# span 17 =     0.0330,     1.7472                
# span 18 =     2.7473,     4.1770                
# span 19 =     0.4824,     2.1590                
# span 20 = 1.0000e-12, 7.7682e-01                
# span 21 =          1,       5872                
# span 22 =     0.0000,     4.0771                
# span 23 = 0.0000e+00, 0.0000e+00                
# interval = seconds: 0.0416667
# start_time = Sep 23 2023 11:54:34 [NMEA time, first data scan]
# bad_flag = -9.990e-29
*END*
[from data line 725]
      4.820   71.32186 -160.65154      4.870     2.5402     2.5528     2.5400    27.5229    27.5343  1021.9763    21.9531    338.648    320.648  345.35947     98.057     92.882     0.1697     0.6703     4.0977     0.5591 2.1144e-01        726     0.5035  0.000e+00
      4.874   71.32186 -160.65154      4.924     2.5399     2.5547     2.5397    27.5227    27.5336  1021.9763    21.9529    338.468    320.854  345.36299     98.003     92.946     0.1685     0.6630     4.0977     0.5591 2.1051e-01        727     0.5042  0.000e+00
      4.874   71.32186 -160.65154      4.924     2.5394     2.5551     2.5392    27.5226    27.5332  1021.9763    21.9529    338.706    320.889  345.36739     98.071     92.957     0.1685     0.6630     4.0977     0.5591 2.1051e-01        728     0.5049  0.000e+00
      4.874   71.32186 -160.65154      4.924     2.5392     2.5536     2.5389    27.5223    27.5343  1021.9761    21.9527    338.521    320.734  345.37040     98.017     92.909     0.1685     0.6630     4.0977     0.5591 2.0139e-01        729     0.5056  0.000e+00
      4.874   71.32186 -160.65154      4.924     2.5369     2.5517     2.5367    27.5230    27.5349  1021.9768    21.9534    338.773    320.739  345.38799     98.085     92.906     0.1685     0.6630     4.0977     0.5591 1.9427e-01        730     0.5062  0.000e+00
      4.874   71.32186 -160.65154      4.924     2.5352     2.5466     2.5350    27.5238    27.5375  1021.9776    21.9542    338.598    320.795  345.40133     98.030     92.912     0.1697     0.6703     4.0977     0.5591 1.9252e-01        731     0.5069  0.000e+00
      4.874   71.32186 -160.65154      4.924     2.5335     2.5431     2.5333    27.5253    27.5373  1021.9789    21.9555    338.841    321.048  345.41202     98.098     92.977     0.1685     0.6630     4.0977     0.5591 1.9604e-01        732     0.5076  0.000e+00
      4.936   71.32186 -160.65154      4.987     2.5328     2.5429     2.5326    27.5263    27.5351  1021.9800    21.9563    338.885    321.073  345.41511     98.109     92.983     0.1685     0.6630     4.0977     0.5591 1.9781e-01        733     0.5083  0.000e+00
      4.874   71.32186 -160.65154      4.924     2.5335     2.5411     2.5333    27.5256    27.5351  1021.9791    21.9557    338.874    321.101  345.41115     98.108     92.986     0.1685     0.6630     4.0977     0.5591 1.9870e-01        734     0.5090  0.000e+00
      4.936   71.32186 -160.65154      4.987     2.5349     2.5388     2.5347    27.5249    27.5356  1021.9788    21.9551    338.898    321.136  345.40081     98.117     92.992     0.1685     0.6630     4.0977     0.5591 2.2277e-01        735     0.5097  0.000e+00
      4.874   71.32186 -160.65154      4.924     2.5360     2.5374     2.5358    27.5246    27.5356  1021.9781    21.9547    339.145    321.184  345.39230     98.191     93.002     0.1685     0.6630     4.0977     0.5591 2.6019e-01        736     0.5104  0.000e+00
      4.936   71.32186 -160.65154      4.987     2.5368     2.5363     2.5366    27.5242    27.5360  1021.9781    21.9544    338.978    321.233  345.38628     98.145     93.014     0.1685     0.6630     4.0977     0.5591 2.6990e-01        737     0.5111  0.000e+00
      4.936   71.32186 -160.65154      4.987     2.5374     2.5360     2.5372    27.5237    27.5359  1021.9776    21.9539    338.999    321.248  345.38191     98.152     93.018     0.1697     0.6703     4.0977     0.5591 2.4353e-01        738     0.5118  0.000e+00
      4.936   71.32186 -160.65154      4.987     2.5371     2.5364     2.5368    27.5236    27.5350  1021.9776    21.9539    339.028    321.257  345.38532     98.159     93.021     0.1685     0.6630     4.0977     0.5591 1.9604e-01        739     0.5125  0.000e+00
      4.936   71.32186 -160.65154      4.987     2.5371     2.5364     2.5369    27.5235    27.5343  1021.9775    21.9538    339.051    321.269  345.38526     98.166     93.024     0.1697     0.6703     4.0977     0.5591 1.8220e-01        740     0.5132  0.000e+00
      4.936   71.32186 -160.65154      4.986     2.5369     2.5369     2.5367    27.5234    27.5332  1021.9774    21.9537    339.074    321.276  345.38689     98.172     93.026     0.1685     0.6630     4.0965     0.5603 1.7304e-01        741     0.5139  0.000e+00
      4.874   71.32186 -160.65154      4.924     2.5368     2.5376     2.5366    27.5235    27.5327  1021.9772    21.9539    339.093    321.277  345.38796     98.177     93.027     0.1697     0.6703     4.0965     0.5603 1.4275e-01        742     0.5146  0.000e+00
      4.990   71.32186 -160.65154      5.041     2.5361     2.5364     2.5359    27.5240    27.5329  1021.9782    21.9543    339.122    321.299  345.39228     98.185     93.031     0.1697     0.6703     4.0977     0.5591 1.3196e-01        743     0.5153  0.000e+00
      4.936   71.32186 -160.65154      4.986     2.5357     2.5349     2.5355    27.5244    27.5337  1021.9783    21.9546    339.140    321.520  345.39500     98.189     93.092     0.1685     0.6630     4.0965     0.5603 1.3694e-01        744     0.5160  0.000e+00
      4.936   71.32186 -160.65154      4.986     2.5355     2.5332     2.5353    27.5242    27.5349  1021.9782    21.9545    339.387    321.586  345.39702     98.260     93.108     0.1673     0.6557     4.0977     0.5591 1.7468e-01        745     0.5167  0.000e+00
      4.989   71.32186 -160.65154      5.041     2.5353     2.5322     2.5351    27.5244    27.5356  1021.9786    21.9546    339.211    321.647  345.39838     98.209     93.124     0.1648     0.6410     4.0977     0.5591 1.9340e-01        746     0.5174  0.000e+00
      4.936   71.32186 -160.65154      4.986     2.5349     2.5329     2.5347    27.5243    27.5348  1021.9783    21.9546    338.996    321.692  345.40246     98.145     93.138     0.1661     0.6483     4.0965     0.5603 1.9692e-01        747     0.5181  0.000e+00
      4.989   71.32186 -160.65154      5.041     2.5347     2.5341     2.5345    27.5242    27.5339  1021.9785    21.9545    339.202    321.736  345.40406     98.204     93.153     0.1648     0.6410     4.0977     0.5591 2.4969e-01        748     0.5188  0.000e+00
      4.935   71.32186 -160.65154      4.986     2.5346     2.5363     2.5344    27.5242    27.5326  1021.9782    21.9545    339.211    321.767  345.40543     98.207     93.166     0.1648     0.6410     4.0965     0.5603 2.8210e-01        749     0.5194  0.000e+00
      4.935   71.32186 -160.65154      4.986     2.5344     2.5376     2.5342    27.5243    27.5316  1021.9783    21.9546    339.142    321.780  345.40657     98.186     93.172     0.1661     0.6483     4.0977     0.5591 2.8549e-01        750     0.5201  0.000e+00
      5.043   71.32186 -160.65154      5.095     2.5344     2.5382     2.5342    27.5241    27.5317  1021.9786    21.9544    339.151    321.800  345.40729     98.189     93.180     0.1648     0.6410     4.0977     0.5591 2.6881e-01        751     0.5208  0.000e+00
      4.935   71.32186 -160.65154      4.986     2.5347     2.5379     2.5345    27.5240    27.5322  1021.9780    21.9543    339.144    321.816  345.40468     98.188     93.184     0.1661     0.6483     4.0965     0.5603 2.6019e-01        752     0.5215  0.000e+00
      4.989   71.32186 -160.65154      5.041     2.5349     2.5372     2.5347    27.5233    27.5330  1021.9778    21.9538    338.918    322.044  345.40497     98.122     93.249     0.1648     0.6410     4.0977     0.5591 2.5807e-01        753     0.5222  0.000e+00
      4.989   71.32186 -160.65154      5.041     2.5347     2.5360     2.5345    27.5230    27.5334  1021.9775    21.9535    339.113    322.093  345.40782     98.177     93.261     0.1661     0.6483     4.0965     0.5603 2.5281e-01        754     0.5229  0.000e+00
      4.989   71.32186 -160.65154      5.041     2.5341     2.5355     2.5339    27.5229    27.5330  1021.9775    21.9535    339.078    322.108  345.41267     98.166     93.264     0.1648     0.6410     4.0965     0.5603 2.4762e-01        755     0.5236  0.000e+00
      4.989   71.32186 -160.65154      5.041     2.5328     2.5346     2.5326    27.5237    27.5327  1021.9782    21.9543    338.855    322.149  345.42181     98.099     93.273     0.1648     0.6410     4.0977     0.5591 2.4557e-01        756     0.5243  0.000e+00
      5.066   71.32186 -160.65154      5.119     2.5313     2.5321     2.5311    27.5248    27.5332  1021.9795    21.9552    339.058    322.202  345.43268     98.154     93.283     0.1661     0.6483     4.0965     0.5603 2.2085e-01        757     0.5250  0.000e+00
      4.935   71.32186 -160.65154      4.986     2.5310     2.5290     2.5307    27.5256    27.5339  1021.9796    21.9559    339.008    322.223  345.43325     98.140     93.282     0.1648     0.6410     4.0977     0.5591 1.9078e-01        758     0.5257  0.000e+00
      4.989   71.32186 -160.65154      5.041     2.5310     2.5243     2.5307    27.5259    27.5363  1021.9801    21.9561    338.771    322.284  345.43253     98.072     93.290     0.1648     0.6410     4.0977     0.5591 1.8389e-01        759     0.5264  0.000e+00
      5.043   71.32186 -160.65154      5.095     2.5311     2.5223     2.5309    27.5259    27.5370  1021.9803    21.9561    338.725    322.116  345.43126     98.059     93.238     0.1648     0.6410     4.0965     0.5603 1.6897e-01        760     0.5271  0.000e+00
      5.043   71.32186 -160.65154      5.095     2.5311     2.5215     2.5309    27.5259    27.5375  1021.9803    21.9561    338.679    322.114  345.43116     98.045     93.236     0.1661     0.6483     4.0952     0.5615 1.4349e-01        761     0.5278  0.000e+00
      4.989   71.32186 -160.65154      5.041     2.5313     2.5218     2.5311    27.5256    27.5370  1021.9798    21.9558    338.629    322.125  345.43064     98.031     93.239     0.1648     0.6410     4.0952     0.5615 1.3551e-01        762     0.5285  0.000e+00
      5.043   71.32186 -160.65154      5.095     2.5314     2.5224     2.5312    27.5246    27.5367  1021.9793    21.9551    338.814    322.318  345.43171     98.084     93.296     0.1648     0.6410     4.0952     0.5615 1.4349e-01        763     0.5292  0.000e+00
      5.043   71.32186 -160.65154      5.095     2.5310     2.5227     2.5307    27.5242    27.5360  1021.9790    21.9548    338.580    322.326  345.43689     98.015     93.299     0.1661     0.6483     4.0952     0.5615 1.6495e-01        764     0.5299  0.000e+00
      5.043   71.32186 -160.65154      5.095     2.5307     2.5235     2.5305    27.5246    27.5347  1021.9793    21.9551    338.534    322.329  345.43824     98.001     93.300     0.1648     0.6410     4.0952     0.5615 1.7386e-01        765     0.5306  0.000e+00
      5.043   71.32186 -160.65154      5.095     2.5313     2.5232     2.5311    27.5245    27.5350  1021.9792    21.9549    338.480    322.335  345.43353     97.987     93.302     0.1648     0.6410     4.0952     0.5615 1.7967e-01        766     0.5313  0.000e+00
      4.989   71.32186 -160.65154      5.041     2.5314     2.5232     2.5312    27.5246    27.5354  1021.9790    21.9550    338.428    322.333  345.43184     97.972     93.301     0.1648     0.6410     4.0952     0.5615 2.0959e-01        767     0.5319  0.000e+00
      5.105   71.32186 -160.65154      5.158     2.5319     2.5239     2.5317    27.5243    27.5344  1021.9793    21.9548    338.609    322.332  345.42816     98.026     93.302     0.1661     0.6483     4.0952     0.5615 2.2277e-01        768     0.5326  0.000e+00
      5.043   71.32186 -160.65154      5.095     2.5321     2.5244     2.5319    27.5245    27.5338  1021.9791    21.9549    338.592    322.321  345.42646     98.022     93.300     0.1661     0.6483     4.0952     0.5615 2.2181e-01        769     0.5333  0.000e+00
      5.043   71.32186 -160.65154      5.095     2.5318     2.5256     2.5315    27.5249    27.5328  1021.9795    21.9553    338.351    322.305  345.42806     97.951     93.297     0.1661     0.6483     4.0952     0.5615 2.0501e-01        770     0.5340  0.000e+00
      5.105   71.32186 -160.65154      5.158     2.5321     2.5256     2.5319    27.5244    27.5323  1021.9793    21.9548    338.301    322.297  345.42673     97.937     93.294     0.1697     0.6703     4.0952     0.5615 1.9515e-01        771     0.5347  0.000e+00
      5.105   71.32186 -160.65154      5.158     2.5319     2.5249     2.5317    27.5237    27.5330  1021.9788    21.9543    338.254    322.288  345.43037     97.922     93.291     0.1685     0.6630     4.0952     0.5615 1.9604e-01        772     0.5354  0.000e+00
      5.043   71.32186 -160.65154      5.095     2.5313     2.5249     2.5311    27.5229    27.5333  1021.9779    21.9537    338.475    322.267  345.43773     97.984     93.285     0.1685     0.6630     4.0952     0.5615 2.3448e-01        773     0.5361  0.000e+00
      5.105   71.32186 -160.65154      5.158     2.5305     2.5241     2.5303    27.5226    27.5349  1021.9780    21.9535    338.243    322.253  345.44502     97.915     93.280     0.1685     0.6630     4.0952     0.5615 2.6126e-01        774     0.5368  0.000e+00
      5.159   71.32186 -160.65154      5.212     2.5302     2.5242     2.5300    27.5217    27.5355  1021.9776    21.9528    338.238    322.230  345.45011     97.912     93.274     0.1685     0.6630     4.0952     0.5615 2.6555e-01        775     0.5375  0.000e+00
      5.105   71.32186 -160.65154      5.158     2.5294     2.5254     2.5292    27.5218    27.5353  1021.9774    21.9529    338.652    322.216  345.45702     98.030     93.273     0.1697     0.6703     4.0952     0.5615 2.3647e-01        776     0.5382  0.000e+00
      5.105   71.32186 -160.65154      5.158     2.5285     2.5265     2.5283    27.5227    27.5355  1021.9782    21.9537    338.490    322.202  345.46274     97.982     93.271     0.1685     0.6630     4.0952     0.5615 2.1237e-01        777     0.5389  0.000e+00
      5.159   71.32186 -160.65154      5.212     2.5276     2.5280     2.5273    27.5229    27.5348  1021.9787    21.9540    338.256    322.162  345.47000     97.912     93.263     0.1697     0.6703     4.0952     0.5615 2.0867e-01        778     0.5396  0.000e+00
      5.159   71.32186 -160.65154      5.212     2.5269     2.5287     2.5267    27.5236    27.5349  1021.9793    21.9546    338.247    322.123  345.47389     97.908     93.253     0.1685     0.6630     4.0952     0.5615 1.8475e-01        779     0.5403  0.000e+00
      5.105   71.32186 -160.65154      5.157     2.5264     2.5296     2.5262    27.5242    27.5345  1021.9796    21.9551    337.967    322.076  345.47656     97.826     93.242     0.1685     0.6630     4.0952     0.5615 1.5709e-01        780     0.5410  0.000e+00
      5.220   71.32186 -160.65154      5.274     2.5263     2.5305     2.5261    27.5239    27.5343  1021.9799    21.9548    338.155    322.264  345.47828     97.880     93.298     0.1685     0.6630     4.0916     0.5651 1.5172e-01        781     0.5417  0.000e+00
      5.105   71.32186 -160.65154      5.157     2.5261     2.5310     2.5259    27.5246    27.5344  1021.9799    21.9554    338.141    322.056  345.47836     97.876     93.239     0.1685     0.6630     4.0879     0.5687 1.5478e-01        782     0.5424  0.000e+00
      5.220   71.32186 -160.65154      5.274     2.5263     2.5313     2.5260    27.5247    27.5346  1021.9806    21.9555    338.136    322.039  345.47658     97.875     93.235     0.1697     0.6703     4.0879     0.5687 1.5943e-01        783     0.5431  0.000e+00
      5.220   71.32186 -160.65154      5.274     2.5266     2.5318     2.5264    27.5251    27.5344  1021.9808    21.9557    338.126    322.014  345.47283     97.873     93.229     0.1685     0.6630     4.0879     0.5687 1.6021e-01        784     0.5437  0.000e+00
