EcoFOCI/data/1_SampleCollection/2023_SikuliaqDBO_CruiseData/CTD_raw_BottleFile_SKQ23-12S/proc/skq202312s_026.ros
* Sea-Bird SBE 9 Data File:
* FileName = D:\CTD\SKQ202312S\SKQ202312S_026.hex
* Software Version Seasave V 7.26.7.121
* Temperature SN = 6177
* Conductivity SN = 0369
* Number of Bytes Per Scan = 41
* Number of Voltage Words = 4
* Number of Scans Averaged by the Deck Unit = 1
* NMEA Latitude = 71 17.26 N
* NMEA Longitude = 157 14.75 W
* NMEA UTC (Time) = Sep 20 2023  23:14:47
* NMEA baud rate = 4800
** Ship: R/V Sikuliaq
** Station Number: 026
** Station Name: DBO5.2
** Bottom Depth: 56
** Operator: SD
# nquan = 22
# nvalues = 1078                                  
# units = specified
# name 0 = depSM: Depth [salt water, m]
# name 1 = latitude: Latitude [deg]
# name 2 = longitude: Longitude [deg]
# name 3 = prDM: Pressure, Digiquartz [db]
# name 4 = t090C: Temperature [ITS-90, deg C]
# name 5 = t190C: Temperature, 2 [ITS-90, deg C]
# name 6 = potemp090C: Potential Temperature [ITS-90, deg C]
# name 7 = sal00: Salinity, Practical [PSU]
# name 8 = sal11: Salinity, Practical, 2 [PSU]
# name 9 = density00: Density [density, kg/m^3]
# name 10 = sigma-é00: Density [sigma-theta, kg/m^3]
# name 11 = sbox0Mm/Kg: Oxygen, SBE 43 [umol/kg]
# name 12 = sbox1Mm/Kg: Oxygen, SBE 43, 2 [umol/kg]
# name 13 = oxsolMm/Kg: Oxygen Saturation, Garcia & Gordon [umol/kg]
# name 14 = sbeox0PS: Oxygen, SBE 43 [% saturation]
# name 15 = v0: Voltage 0
# name 16 = flECO-AFL: Fluorescence, WET Labs ECO-AFL/FL [mg/m^3]
# name 17 = CStarAt0: Beam Attenuation, WET Labs C-Star [1/m]
# name 18 = par: PAR/Irradiance, Biospherical/Licor
# name 19 = scan: Scan Count
# name 20 = nbf: Bottles Fired
# name 21 = flag:  0.000e+00
# interval = seconds: 0.0416667
# start_time = Sep 20 2023 23:18:27 [NMEA time, first data scan]
# bad_flag = -9.990e-29
*END*
[from data line 132]
     50.469   71.28776 -157.24540     50.996     2.1628     2.1626     2.1603    31.7844    31.7957  1025.6255    25.3846    314.777    301.196  337.50005     93.267     0.0928     0.2088     1.8117 1.0000e-12       6134          3  0.000e+00
     50.415   71.28776 -157.24540     50.941     2.1628     2.1626     2.1603    31.7843    31.7957  1025.6251    25.3845    314.735    300.973  337.50039     93.255     0.0928     0.2088     1.8166 1.0000e-12       6135          3  0.000e+00
     50.415   71.28776 -157.24540     50.941     2.1626     2.1627     2.1601    31.7843    31.7955  1025.6252    25.3846    314.697    301.132  337.50166     93.243     0.0928     0.2088     1.8182 1.0000e-12       6136          3  0.000e+00
     50.353   71.28776 -157.24540     50.879     2.1626     2.1629     2.1602    31.7848    31.7957  1025.6253    25.3850    314.616    301.108  337.50033     93.219     0.0928     0.2088     1.8182 1.0000e-12       6137          3  0.000e+00
     50.415   71.28776 -157.24540     50.941     2.1628     2.1627     2.1603    31.7845    31.7961  1025.6253    25.3847    314.541    300.888  337.49976     93.197     0.0940     0.2161     1.8182 8.4714e-06       6138          3  0.000e+00
     50.415   71.28776 -157.24540     50.941     2.1628     2.1630     2.1603    31.7845    31.7958  1025.6253    25.3847    314.542    300.841  337.49987     93.198     0.0952     0.2234     1.8182 1.0000e-12       6139          3  0.000e+00
     50.299   71.28776 -157.24540     50.824     2.1626     2.1630     2.1602    31.7847    31.7961  1025.6249    25.3848    314.504    300.791  337.50077     93.186     0.0940     0.2161     1.8182 1.0000e-12       6140          3  0.000e+00
     50.469   71.28776 -157.24540     50.996     2.1629     2.1632     2.1605    31.7841    31.7958  1025.6252    25.3843    314.477    300.778  337.49950     93.178     0.0940     0.2161     1.8182 8.4714e-06       6141          3  0.000e+00
     50.353   71.28776 -157.24540     50.879     2.1629     2.1632     2.1605    31.7838    31.7957  1025.6245    25.3841    314.441    300.730  337.50017     93.168     0.0928     0.2088     1.8182 1.0000e-12       6142          3  0.000e+00
     50.415   71.28776 -157.24540     50.941     2.1629     2.1630     2.1605    31.7842    31.7958  1025.6250    25.3844    314.866    300.892  337.49922     93.294     0.0940     0.2161     1.8182 1.0000e-12       6143          3  0.000e+00
     50.353   71.28776 -157.24540     50.879     2.1631     2.1629     2.1606    31.7840    31.7957  1025.6246    25.3843    314.680    300.668  337.49838     93.239     0.0928     0.2088     1.8182 1.0000e-12       6144          3  0.000e+00
     50.353   71.28776 -157.24540     50.879     2.1629     2.1627     2.1605    31.7842    31.7956  1025.6248    25.3845    314.726    300.651  337.49913     93.252     0.0940     0.2161     1.8182 1.0000e-12       6145          3  0.000e+00
     50.353   71.28776 -157.24540     50.879     2.1631     2.1627     2.1606    31.7842    31.7958  1025.6247    25.3844    314.733    300.632  337.49786     93.255     0.0940     0.2161     1.8182 8.4714e-06       6146          3  0.000e+00
     50.353   71.28776 -157.24540     50.879     2.1629     2.1627     2.1605    31.7845    31.7956  1025.6250    25.3847    314.741    300.615  337.49841     93.257     0.0940     0.2161     1.8182 1.0000e-12       6147          3  0.000e+00
     50.415   71.28776 -157.24540     50.941     2.1633     2.1630     2.1608    31.7845    31.7954  1025.6252    25.3846    314.749    300.599  337.49574     93.260     0.0952     0.2234     1.8182 8.4714e-06       6148          3  0.000e+00
     50.924   71.28776 -157.24540     51.455     2.1620     2.1615     2.1595    31.7842    31.7955  1025.6276    25.3845    315.222    301.882  337.50693     93.397     0.0952     0.2234     1.8247 1.0000e-12       6246          4  0.000e+00
     50.870   71.28776 -157.24540     51.401     2.1619     2.1613     2.1594    31.7844    31.7959  1025.6275    25.3847    314.992    301.880  337.50792     93.329     0.0965     0.2308     1.8247 1.0000e-12       6247          4  0.000e+00
     50.870   71.28776 -157.24540     51.401     2.1617     2.1615     2.1592    31.7844    31.7961  1025.6275    25.3847    314.273    301.876  337.50919     93.115     0.0952     0.2234     1.8247 8.4714e-06       6248          4  0.000e+00
     50.816   71.28776 -157.24540     51.346     2.1620     2.1615     2.1595    31.7840    31.7957  1025.6269    25.3843    315.025    301.871  337.50761     93.339     0.0952     0.2234     1.8247 8.4714e-06       6249          4  0.000e+00
     50.870   71.28776 -157.24540     51.401     2.1617     2.1616     2.1592    31.7846    31.7956  1025.6276    25.3848    315.029    301.866  337.50877     93.339     0.0940     0.2161     1.8247 1.0000e-12       6250          4  0.000e+00
     50.816   71.28776 -157.24540     51.346     2.1619     2.1616     2.1594    31.7842    31.7961  1025.6271    25.3845    315.024    301.854  337.50836     93.338     0.0952     0.2234     1.8247 1.0000e-12       6251          4  0.000e+00
     50.816   71.28776 -157.24540     51.346     2.1617     2.1615     2.1592    31.7844    31.7958  1025.6272    25.3847    314.835    301.846  337.50932     93.282     0.0952     0.2234     1.8247 8.4714e-06       6252          4  0.000e+00
     50.816   71.28776 -157.24540     51.346     2.1615     2.1618     2.1590    31.7843    31.7954  1025.6271    25.3846    315.063    301.832  337.51101     93.349     0.0952     0.2234     1.8247 1.0000e-12       6253          4  0.000e+00
     50.755   71.28776 -157.24540     51.284     2.1612     2.1616     2.1587    31.7849    31.7960  1025.6273    25.3851    314.834    301.816  337.51222     93.281     0.0952     0.2234     1.8247 1.0000e-12       6254          4  0.000e+00
     50.755   71.28776 -157.24540     51.284     2.1615     2.1616     2.1590    31.7843    31.7961  1025.6269    25.3846    314.833    301.799  337.51092     93.281     0.0952     0.2234     1.8231 1.0000e-12       6255          4  0.000e+00
     50.755   71.28776 -157.24540     51.284     2.1614     2.1620     2.1589    31.7841    31.7957  1025.6267    25.3844    315.063    301.779  337.51292     93.348     0.0952     0.2234     1.8084 1.0000e-12       6256          4  0.000e+00
     50.755   71.28776 -157.24540     51.284     2.1610     2.1618     2.1586    31.7846    31.7959  1025.6271    25.3849    314.838    301.785  337.51443     93.281     0.0940     0.2161     1.8003 1.0000e-12       6257          4  0.000e+00
     50.755   71.28776 -157.24540     51.284     2.1614     2.1616     2.1589    31.7847    31.7958  1025.6272    25.3850    314.836    301.765  337.51126     93.282     0.0965     0.2308     1.8003 1.0000e-12       6258          4  0.000e+00
     50.701   71.28776 -157.24540     51.229     2.1610     2.1616     2.1586    31.7850    31.7957  1025.6272    25.3852    315.027    301.740  337.51321     93.338     0.0952     0.2234     1.8003 8.4714e-06       6259          4  0.000e+00
     50.701   71.28776 -157.24540     51.229     2.1612     2.1616     2.1587    31.7847    31.7957  1025.6270    25.3850    315.065    301.714  337.51256     93.349     0.0952     0.2234     1.8003 8.4714e-06       6260          4  0.000e+00
     50.701   71.28776 -157.24540     51.229     2.1612     2.1616     2.1587    31.7848    31.7959  1025.6270    25.3850    314.878    301.686  337.51246     93.294     0.0952     0.2234     1.8003 1.0000e-12       6261          4  0.000e+00
     50.639   71.28776 -157.24540     51.167     2.1614     2.1615     2.1589    31.7851    31.7961  1025.6269    25.3852    314.876    301.656  337.51038     93.294     0.0952     0.2234     1.8003 1.0000e-12       6262          4  0.000e+00
     50.701   71.28776 -157.24540     51.229     2.1614     2.1615     2.1589    31.7848    31.7959  1025.6270    25.3850    314.619    301.652  337.51108     93.217     0.0965     0.2308     1.8003 1.0000e-12       6263          4  0.000e+00
     50.639   71.28776 -157.24540     51.167     2.1615     2.1616     2.1591    31.7849    31.7958  1025.6268    25.3851    314.809    301.642  337.50941     93.274     0.0952     0.2234     1.8003 1.0000e-12       6264          4  0.000e+00
     50.639   71.28776 -157.24540     51.167     2.1615     2.1615     2.1591    31.7850    31.7960  1025.6269    25.3852    314.817    301.634  337.50900     93.277     0.0952     0.2234     1.8003 1.0000e-12       6265          4  0.000e+00
     50.585   71.28776 -157.24540     51.112     2.1617     2.1615     2.1592    31.7851    31.7954  1025.6266    25.3852    314.822    301.599  337.50755     93.279     0.0940     0.2161     1.8003 1.0000e-12       6266          4  0.000e+00
     50.639   71.28776 -157.24540     51.167     2.1617     2.1615     2.1592    31.7848    31.7955  1025.6267    25.3850    314.836    301.387  337.50835     93.283     0.0940     0.2161     1.8003 1.0000e-12       6267          4  0.000e+00
     50.585   71.28776 -157.24540     51.112     2.1615     2.1617     2.1591    31.7846    31.7960  1025.6263    25.3849    314.849    301.347  337.51017     93.286     0.0928     0.2088     1.8019 8.4714e-06       6268          4  0.000e+00
     50.585   71.28776 -157.24540     51.112     2.1617     2.1615     2.1592    31.7848    31.7963  1025.6264    25.3850    314.861    301.312  337.50838     93.290     0.0940     0.2161     1.8003 8.4714e-06       6269          4  0.000e+00
     50.585   71.28776 -157.24540     51.112     2.1614     2.1615     2.1589    31.7850    31.7960  1025.6266    25.3852    314.879    301.277  337.51040     93.295     0.0928     0.2088     1.8003 1.0000e-12       6270          4  0.000e+00
     50.585   71.28776 -157.24540     51.112     2.1615     2.1616     2.1591    31.7846    31.7960  1025.6262    25.3848    314.896    301.240  337.51027     93.300     0.0940     0.2161     1.8003 8.4714e-06       6271          4  0.000e+00
     50.523   71.28776 -157.24540     51.050     2.1617     2.1616     2.1592    31.7844    31.7960  1025.6258    25.3847    314.872    301.202  337.50933     93.293     0.0952     0.2234     1.8003 1.0000e-12       6272          4  0.000e+00
     50.523   71.28776 -157.24540     51.050     2.1614     2.1615     2.1589    31.7849    31.7960  1025.6262    25.3851    314.892    301.168  337.51084     93.298     0.0940     0.2161     1.8003 1.0000e-12       6273          4  0.000e+00
     50.523   71.28776 -157.24540     51.050     2.1615     2.1616     2.1591    31.7846    31.7958  1025.6260    25.3849    314.912    301.131  337.51008     93.304     0.0952     0.2234     1.8003 8.4714e-06       6274          4  0.000e+00
     50.523   71.28776 -157.24540     51.050     2.1615     2.1615     2.1591    31.7847    31.7958  1025.6261    25.3849    314.894    301.097  337.50988     93.299     0.0940     0.2161     1.8019 1.0000e-12       6275          4  0.000e+00
     50.523   71.28776 -157.24540     51.050     2.1614     2.1616     2.1589    31.7848    31.7955  1025.6262    25.3850    314.918    301.061  337.51104     93.306     0.0940     0.2161     1.8019 1.0000e-12       6276          4  0.000e+00
     50.469   71.28776 -157.24540     50.995     2.1612     2.1616     2.1587    31.7847    31.7960  1025.6258    25.3849    314.941    301.022  337.51276     93.312     0.0940     0.2161     1.8035 8.4714e-06       6277          4  0.000e+00
     50.523   71.28776 -157.24540     51.050     2.1615     2.1616     2.1591    31.7845    31.7957  1025.6259    25.3848    314.927    300.989  337.51050     93.309     0.0940     0.2161     1.8052 1.0000e-12       6278          4  0.000e+00
     50.415   71.28776 -157.24540     50.941     2.1614     2.1618     2.1589    31.7845    31.7957  1025.6254    25.3848    314.909    300.948  337.51172     93.303     0.0940     0.2161     1.8035 8.4714e-06       6279          4  0.000e+00
     50.523   71.28776 -157.24540     51.050     2.1614     2.1616     2.1589    31.7844    31.7958  1025.6259    25.3847    314.900    300.943  337.51198     93.300     0.0940     0.2161     1.8052 1.0000e-12       6280          4  0.000e+00
     50.469   71.28776 -157.24540     50.995     2.1612     2.1616     2.1587    31.7846    31.7961  1025.6257    25.3849    314.924    300.931  337.51297     93.307     0.0952     0.2234     1.8052 1.0000e-12       6281          4  0.000e+00
     50.415   71.28776 -157.24540     50.941     2.1610     2.1617     2.1586    31.7846    31.7960  1025.6255    25.3849    314.950    300.920  337.51427     93.314     0.0940     0.2161     1.8035 8.4714e-06       6282          4  0.000e+00
     50.469   71.28776 -157.24540     50.995     2.1610     2.1616     2.1586    31.7845    31.7958  1025.6257    25.3848    314.941    300.916  337.51466     93.312     0.0940     0.2161     1.8052 8.4714e-06       6283          4  0.000e+00
     50.469   71.28776 -157.24540     50.995     2.1610     2.1616     2.1586    31.7845    31.7958  1025.6257    25.3848    314.930    300.910  337.51455     93.309     0.0940     0.2161     1.8035 8.4714e-06       6284          4  0.000e+00
     50.415   71.28776 -157.24540     50.941     2.1610     2.1618     2.1586    31.7847    31.7961  1025.6256    25.3850    314.916    300.901  337.51406     93.305     0.0940     0.2161     1.8035 8.4714e-06       6285          4  0.000e+00
     50.415   71.28776 -157.24540     50.941     2.1609     2.1616     2.1585    31.7847    31.7959  1025.6256    25.3850    314.906    300.873  337.51491     93.301     0.0928     0.2088     1.8035 1.0000e-12       6286          4  0.000e+00
     50.469   71.28776 -157.24540     50.995     2.1610     2.1618     2.1586    31.7847    31.7957  1025.6258    25.3849    314.897    301.073  337.51414     93.299     0.0940     0.2161     1.8035 1.0000e-12       6287          4  0.000e+00
     50.415   71.28776 -157.24540     50.941     2.1609     2.1616     2.1585    31.7845    31.7959  1025.6255    25.3848    314.885    301.092  337.51543     93.295     0.0928     0.2088     1.8035 1.0000e-12       6288          4  0.000e+00
     50.415   71.28776 -157.24540     50.941     2.1610     2.1618     2.1586    31.7847    31.7955  1025.6255    25.3849    314.912    300.909  337.51417     93.303     0.0940     0.2161     1.8052 1.0000e-12       6289          4  0.000e+00
     50.415   71.28776 -157.24540     50.941     2.1609     2.1618     2.1585    31.7843    31.7956  1025.6253    25.3846    314.944    300.906  337.51605     93.312     0.0952     0.2234     1.8052 8.4714e-06       6290          4  0.000e+00
     50.415   71.28776 -157.24540     50.941     2.1609     2.1618     2.1585    31.7845    31.7957  1025.6254    25.3848    314.935    300.904  337.51553     93.310     0.0952     0.2234     1.8052 8.4714e-06       6291          4  0.000e+00
     50.407   71.28776 -157.24540     50.933     2.1609     2.1618     2.1585    31.7844    31.7958  1025.6254    25.3848    314.888    300.902  337.51563     93.296     0.0952     0.2234     1.8052 1.0000e-12       6292          4  0.000e+00
     50.415   71.28776 -157.24540     50.941     2.1610     2.1616     2.1586    31.7842    31.7962  1025.6252    25.3846    314.878    300.903  337.51531     93.293     0.0952     0.2234     1.8052 8.4714e-06       6293          4  0.000e+00
     50.415   71.28776 -157.24540     50.941     2.1609     2.1620     2.1585    31.7846    31.7959  1025.6255    25.3849    314.721    301.104  337.51532     93.247     0.0952     0.2234     1.8052 1.0000e-12       6294          4  0.000e+00
     50.986   71.28776 -157.24542     51.517     2.1628     2.1630     2.1603    31.7843    31.7957  1025.6279    25.3846    315.351    299.524  337.50024     93.437     0.0965     0.2308     1.7631 1.0000e-12       6658          5  0.000e+00
