EcoFOCI/data/1_SampleCollection/2023_SikuliaqDBO_CruiseData/CTD_raw_BottleFile_SKQ23-12S/proc/skq202312s_081.cnv
* Sea-Bird SBE 9 Data File:
* FileName = D:\CTD\SKQ202312S\SKQ202312S_081.hex
* Software Version Seasave V 7.26.7.121
* Temperature SN = 6177
* Conductivity SN = 0369
* Number of Bytes Per Scan = 41
* Number of Voltage Words = 4
* Number of Scans Averaged by the Deck Unit = 1
* NMEA Latitude = 65 41.58 N
* NMEA Longitude = 168 27.84 W
* NMEA UTC (Time) = Oct 03 2023  09:04:12
* NMEA baud rate = 4800
** Ship: R/V Sikuliaq
** Station Number: 081
** Station Name: BS4
** Bottom Depth: 54
** Operator: SD
# nquan = 24
# nvalues = 3554                                  
# units = specified
# name 0 = depSM: Depth [salt water, m]
# name 1 = latitude: Latitude [deg]
# name 2 = longitude: Longitude [deg]
# name 3 = prDM: Pressure, Digiquartz [db]
# name 4 = t090C: Temperature [ITS-90, deg C]
# name 5 = t190C: Temperature, 2 [ITS-90, deg C]
# name 6 = potemp090C: Potential Temperature [ITS-90, deg C]
# name 7 = sal00: Salinity, Practical [PSU]
# name 8 = sal11: Salinity, Practical, 2 [PSU]
# name 9 = density00: Density [density, kg/m^3]
# name 10 = sigma-é00: Density [sigma-theta, kg/m^3]
# name 11 = sbox0Mm/Kg: Oxygen, SBE 43 [umol/kg]
# name 12 = sbox1Mm/Kg: Oxygen, SBE 43, 2 [umol/kg]
# name 13 = oxsolMm/Kg: Oxygen Saturation, Garcia & Gordon [umol/kg]
# name 14 = sbeox0PS: Oxygen, SBE 43 [% saturation]
# name 15 = sbeox1PS: Oxygen, SBE 43, 2 [% saturation]
# name 16 = v0: Voltage 0
# name 17 = flECO-AFL: Fluorescence, WET Labs ECO-AFL/FL [mg/m^3]
# name 18 = v1: Voltage 1
# name 19 = CStarAt0: Beam Attenuation, WET Labs C-Star [1/m]
# name 20 = par: PAR/Irradiance, Biospherical/Licor
# name 21 = scan: Scan Count
# name 22 = timeM: Time, Elapsed [minutes]
# name 23 = flag:  0.000e+00
# span 0 =      2.584,     49.454                 
# span 1 =   65.69290,   65.69292                 
# span 2 = -168.46470, -168.46450                 
# span 3 =      2.610,     49.952                 
# span 4 =     2.9660,     6.7152                 
# span 5 =     2.9670,     6.7166                 
# span 6 =     2.9638,     6.7139                 
# span 7 =    25.8991,    32.8646                 
# span 8 =    25.9061,    32.8755                 
# span 9 =  1020.3680,  1026.4150                 
# span 10 =    20.3443,    26.1810                
# span 11 =    245.834,    296.162                
# span 12 =    234.338,    282.145                
# span 13 =  302.97124,  328.21289                
# span 14 =     74.986,     92.813                
# span 15 =     71.488,     88.529                
# span 16 =     0.1062,     0.2796                
# span 17 =     0.2894,     1.3297                
# span 18 =     3.0317,     4.0488                
# span 19 =     0.6071,     1.7647                
# span 20 = 1.0000e-12, 5.1861e-01                
# span 21 =          1,       3554                
# span 22 =     0.0000,     2.4674                
# span 23 = 0.0000e+00, 0.0000e+00                
# interval = seconds: 0.0416667
# start_time = Oct 03 2023 09:06:59 [NMEA time, first data scan]
# bad_flag = -9.990e-29
*END*
[from data line 665]
      6.934   65.69292 -168.46468      7.004     6.2702     6.2607     6.2697    26.0633    26.1196  1020.5036    20.4709    295.513    281.465  318.76724     92.705     88.315     0.2503     1.1538     3.5958     1.0819 1.0131e-03        666     0.4618  0.000e+00
      6.996   65.69292 -168.46468      7.066     6.2707     6.2610     6.2702    26.0585    26.1113  1020.5000    20.4671    295.513    281.481  318.77511     92.703     88.315     0.2527     1.1685     3.5971     1.0805 5.1175e-03        667     0.4625  0.000e+00
      6.934   65.69292 -168.46468      7.004     6.2712     6.2634     6.2707    26.0574    26.0949  1020.4988    20.4662    295.498    281.494  318.77375     92.698     88.313     0.2564     1.1905     3.5958     1.0819 7.2223e-03        668     0.4632  0.000e+00
      6.996   65.69292 -168.46468      7.066     6.2715     6.2653     6.2710    26.0596    26.0766  1020.5008    20.4679    295.481    281.518  318.76629     92.695     88.313     0.2552     1.1831     3.5971     1.0805 4.7702e-03        669     0.4639  0.000e+00
      7.050   65.69292 -168.46468      7.120     6.2718     6.2667     6.2713    26.0616    26.0650  1020.5026    20.4695    295.463    281.531  318.75884     92.692     88.312     0.2564     1.1905     3.5958     1.0819 6.7730e-04        670     0.4646  0.000e+00
      7.050   65.69292 -168.46468      7.120     6.2729     6.2674     6.2724    26.0575    26.0580  1020.4993    20.4661    295.246    281.556  318.76044     92.623     88.317     0.2552     1.1831     3.5958     1.0819 1.0000e-12        671     0.4653  0.000e+00
      7.050   65.69292 -168.46468      7.120     6.2733     6.2680     6.2727    26.0530    26.0508  1020.4957    20.4625    295.210    281.582  318.76843     92.610     88.322     0.2564     1.1905     3.5971     1.0805 1.0000e-12        672     0.4660  0.000e+00
      7.112   65.69292 -168.46468      7.183     6.2738     6.2693     6.2733    26.0548    26.0400  1020.4973    20.4638    295.365    281.594  318.76044     92.661     88.321     0.2564     1.1905     3.5958     1.0819 2.0263e-03        673     0.4667  0.000e+00
      7.112   65.69292 -168.46468      7.183     6.2742     6.2695     6.2737    26.0701    26.0356  1020.5093    20.4758    295.313    281.597  318.72099     92.656     88.320     0.2552     1.1831     3.5971     1.0805 2.7065e-03        674     0.4674  0.000e+00
      7.166   65.69292 -168.46468      7.237     6.2731     6.2666     6.2725    26.1203    26.0600  1020.5493    20.5155    295.198    281.564  318.61156     92.651     88.319     0.2564     1.1905     3.5971     1.0805 1.6876e-03        675     0.4681  0.000e+00
      7.166   65.69292 -168.46468      7.237     6.2707     6.2618     6.2702    26.1817    26.1094  1020.5979    20.5641    295.064    281.489  318.48471     92.646     88.318     0.2552     1.1831     3.5958     1.0819 8.4714e-06        676     0.4688  0.000e+00
      7.228   65.69292 -168.46468      7.300     6.2660     6.2585     6.2655    26.2221    26.1478  1020.6304    20.5964    294.996    281.429  318.42501     92.642     88.317     0.2564     1.1905     3.5958     1.0819 1.0000e-12        677     0.4694  0.000e+00
      7.228   65.69292 -168.46468      7.300     6.2616     6.2547     6.2610    26.2312    26.1816  1020.6381    20.6041    294.787    281.379  318.43717     92.573     88.316     0.2552     1.1831     3.5971     1.0805 1.0000e-12        678     0.4701  0.000e+00
      7.228   65.69292 -168.46468      7.300     6.2581     6.2504     6.2576    26.2303    26.2224  1020.6378    20.6038    294.767    281.317  318.46518     92.559     88.314     0.2564     1.1905     3.5971     1.0805 1.0000e-12        679     0.4708  0.000e+00
      7.282   65.69292 -168.46468      7.354     6.2555     6.2486     6.2550    26.2495    26.2441  1020.6535    20.6192    294.698    281.277  318.43945     92.544     88.312     0.2552     1.1831     3.5971     1.0805 1.0000e-12        680     0.4715  0.000e+00
      7.336   65.69292 -168.46468      7.409     6.2528     6.2505     6.2522    26.2839    26.2246  1020.6811    20.6466    294.598    281.295  318.37921     92.530     88.309     0.2564     1.1905     3.5971     1.0805 1.0000e-12        681     0.4722  0.000e+00
      7.282   65.69292 -168.46468      7.354     6.2497     6.2547     6.2492    26.3150    26.1791  1020.7057    20.6714    294.503    281.347  318.32902     92.515     88.304     0.2564     1.1905     3.5971     1.0805 1.0000e-12        682     0.4729  0.000e+00
      7.336   65.69292 -168.46468      7.409     6.2464     6.2591     6.2459    26.3491    26.1329  1020.7331    20.6986    294.610    281.217  318.27373     92.565     88.243     0.2552     1.1831     3.5971     1.0805 1.0000e-12        683     0.4736  0.000e+00
      7.397   65.69292 -168.46468      7.471     6.2429     6.2628     6.2424    26.3747    26.1030  1020.7540    20.7192    294.592    281.409  318.23987     92.569     88.291     0.2564     1.1905     3.5971     1.0805 1.0000e-12        684     0.4743  0.000e+00
      7.397   65.69292 -168.46468      7.471     6.2399     6.2628     6.2394    26.3843    26.1066  1020.7619    20.7270    294.603    281.205  318.23983     92.573     88.229     0.2552     1.1831     3.5971     1.0805 1.0000e-12        685     0.4750  0.000e+00
      7.374   65.69292 -168.46468      7.448     6.2376     6.2594     6.2371    26.3854    26.1448  1020.7628    20.7281    294.626    281.302  318.25460     92.576     88.278     0.2564     1.1905     3.5971     1.0805 1.0000e-12        686     0.4757  0.000e+00
      7.451   65.69292 -168.46468      7.526     6.2365     6.2540     6.2359    26.3814    26.2058  1020.7602    20.7251    294.655    281.021  318.27226     92.579     88.218     0.2552     1.1831     3.5971     1.0805 1.0000e-12        687     0.4764  0.000e+00
      7.451   65.69292 -168.46468      7.526     6.2360     6.2480     6.2355    26.3715    26.2720  1020.7524    20.7173    294.688    280.895  318.29908     92.582     88.209     0.2564     1.1905     3.5971     1.0805 1.0000e-12        688     0.4771  0.000e+00
      7.513   65.69292 -168.46468      7.588     6.2362     6.2443     6.2356    26.3526    26.3166  1020.7378    20.7025    294.739    280.800  318.34224     92.585     88.200     0.2564     1.1905     3.5971     1.0805 1.0000e-12        689     0.4778  0.000e+00
      7.513   65.69292 -168.46468      7.588     6.2367     6.2416     6.2361    26.3479    26.3430  1020.7341    20.6987    294.580    280.732  318.34951     92.533     88.191     0.2552     1.1831     3.5971     1.0805 1.0000e-12        690     0.4785  0.000e+00
      7.513   65.69292 -168.46468      7.588     6.2368     6.2392     6.2363    26.3790    26.3658  1020.7585    20.7232    294.667    280.671  318.27567     92.582     88.181     0.2564     1.1905     3.5971     1.0805 1.0000e-12        691     0.4792  0.000e+00
      7.567   65.69292 -168.46468      7.642     6.2358     6.2368     6.2353    26.4260    26.3815  1020.7959    20.7603    294.381    280.626  318.17247     92.522     88.172     0.2527     1.1685     3.5971     1.0805 1.0000e-12        692     0.4799  0.000e+00
      7.629   65.69292 -168.46468      7.705     6.2338     6.2356     6.2332    26.4601    26.3895  1020.8233    20.7874    294.307    280.791  318.10759     92.518     88.227     0.2491     1.1465     3.5971     1.0805 1.0000e-12        693     0.4806  0.000e+00
      7.513   65.69292 -168.46468      7.588     6.2316     6.2347     6.2310    26.4789    26.3994  1020.8378    20.8024    294.262    280.779  318.08019     92.512     88.228     0.2479     1.1392     3.5971     1.0805 1.0000e-12        694     0.4813  0.000e+00
      7.683   65.69292 -168.46468      7.759     6.2291     6.2330     6.2286    26.5011    26.4176  1020.8563    20.8202    294.224    280.766  318.04643     92.510     88.232     0.2491     1.1465     3.5971     1.0805 1.0000e-12        695     0.4819  0.000e+00
      7.629   65.69292 -168.46468      7.705     6.2269     6.2318     6.2263    26.5304    26.4341  1020.8794    20.8435    294.161    280.745  317.99438     92.505     88.234     0.2466     1.1319     3.5971     1.0805 1.0000e-12        696     0.4826  0.000e+00
      7.683   65.69292 -168.46468      7.759     6.2247     6.2305     6.2241    26.5508    26.4481  1020.8960    20.8598    294.122    280.550  317.96282     92.502     88.179     0.2491     1.1465     3.5971     1.0805 1.0000e-12        697     0.4833  0.000e+00
      7.683   65.69292 -168.46468      7.759     6.2229     6.2291     6.2223    26.5675    26.4665  1020.9093    20.8732    294.291    280.511  317.93727     92.563     88.175     0.2491     1.1465     3.5995     1.0778 1.0000e-12        698     0.4840  0.000e+00
      7.737   65.69292 -168.46468      7.814     6.2210     6.2265     6.2204    26.5820    26.4999  1020.9212    20.8848    294.293    280.451  317.91739     92.569     88.173     0.2479     1.1392     3.6007     1.0764 1.0000e-12        699     0.4847  0.000e+00
      7.737   65.69292 -168.46468      7.814     6.2193     6.2230     6.2187    26.5880    26.5403  1020.9261    20.8897    293.903    280.566  317.91597     92.447     88.228     0.2491     1.1465     3.6007     1.0764 1.0000e-12        700     0.4854  0.000e+00
      7.737   65.69292 -168.46468      7.814     6.2178     6.2207     6.2173    26.5854    26.5704  1020.9242    20.8878    294.492    280.346  317.93316     92.627     88.174     0.2479     1.1392     3.6007     1.0764 1.0000e-12        701     0.4861  0.000e+00
      7.798   65.69292 -168.46470      7.876     6.2170     6.2180     6.2164    26.5844    26.5937  1020.9238    20.8871    294.143    280.310  317.94147     92.515     88.172     0.2491     1.1465     3.6007     1.0764 1.0000e-12        702     0.4868  0.000e+00
      7.798   65.69292 -168.46470      7.876     6.2162     6.2157     6.2157    26.5913    26.6161  1020.9293    20.8926    294.124    280.455  317.93106     92.512     88.227     0.2479     1.1392     3.6007     1.0764 1.0000e-12        703     0.4875  0.000e+00
      7.829   65.69292 -168.46470      7.907     6.2152     6.2141     6.2147    26.5960    26.6317  1020.9333    20.8964    294.115    280.445  317.92770     92.510     88.231     0.2479     1.1392     3.6007     1.0764 1.0000e-12        704     0.4882  0.000e+00
      7.852   65.69292 -168.46470      7.931     6.2148     6.2140     6.2142    26.5970    26.6346  1020.9342    20.8973    294.312    280.268  317.92833     92.572     88.177     0.2491     1.1465     3.6007     1.0764 1.0000e-12        705     0.4889  0.000e+00
      7.852   65.69292 -168.46470      7.931     6.2143     6.2141     6.2137    26.5963    26.6329  1020.9338    20.8968    294.136    280.262  317.93417     92.515     88.175     0.2479     1.1392     3.6020     1.0751 1.0000e-12        706     0.4896  0.000e+00
      7.914   65.69292 -168.46470      7.993     6.2142     6.2135     6.2136    26.5940    26.6352  1020.9323    20.8950    294.139    280.257  317.94031     92.514     88.173     0.2491     1.1465     3.6007     1.0764 1.0000e-12        707     0.4903  0.000e+00
      7.914   65.69292 -168.46470      7.993     6.2140     6.2138     6.2134    26.5937    26.6358  1020.9320    20.8948    294.136    280.431  317.94268     92.512     88.229     0.2479     1.1392     3.6007     1.0764 1.0000e-12        708     0.4910  0.000e+00
      7.914   65.69292 -168.46470      7.993     6.2138     6.2140     6.2132    26.5841    26.6298  1020.9245    20.8873    294.155    280.271  317.96623     92.511     88.175     0.2491     1.1465     3.6007     1.0764 1.0000e-12        709     0.4917  0.000e+00
      7.968   65.69292 -168.46470      8.048     6.2145     6.2154     6.2139    26.5625    26.6116  1020.9076    20.8701    294.196    280.295  318.01209     92.511     88.174     0.2479     1.1392     3.6007     1.0764 1.0000e-12        710     0.4924  0.000e+00
      7.968   65.69292 -168.46470      8.048     6.2156     6.2162     6.2150    26.5510    26.5962  1020.8984    20.8610    294.211    280.317  318.03076     92.510     88.172     0.2491     1.1465     3.6007     1.0764 1.0000e-12        711     0.4931  0.000e+00
      7.968   65.69292 -168.46470      8.048     6.2164     6.2164     6.2158    26.5471    26.5940  1020.8953    20.8578    294.213    280.316  318.03367     92.510     88.171     0.2479     1.1392     3.6007     1.0764 1.0000e-12        712     0.4938  0.000e+00
      8.022   65.69292 -168.46470      8.102     6.2167     6.2164     6.2161    26.5447    26.5909  1020.8937    20.8559    294.220    280.321  318.03701     92.511     88.171     0.2491     1.1465     3.6007     1.0764 1.0000e-12        713     0.4944  0.000e+00
      8.022   65.69292 -168.46470      8.102     6.2175     6.2172     6.2169    26.5572    26.5785  1020.9034    20.8656    294.189    280.339  318.00163     92.512     88.170     0.2491     1.1465     3.6007     1.0764 1.0000e-12        714     0.4951  0.000e+00
      8.022   65.69292 -168.46470      8.102     6.2173     6.2173     6.2167    26.5706    26.5753  1020.9139    20.8762    294.165    280.343  317.97178     92.513     88.169     0.2491     1.1465     3.6007     1.0764 1.0000e-12        715     0.4958  0.000e+00
      8.084   65.69292 -168.46470      8.164     6.2171     6.2167     6.2165    26.5784    26.5849  1020.9204    20.8824    294.157    280.329  317.95530     92.515     88.170     0.2491     1.1465     3.6007     1.0764 1.0000e-12        716     0.4965  0.000e+00
      8.084   65.69292 -168.46470      8.164     6.2169     6.2161     6.2163    26.5884    26.5971  1020.9284    20.8903    294.142    280.125  317.93322     92.517     88.112     0.2479     1.1392     3.6007     1.0764 1.0000e-12        717     0.4972  0.000e+00
      8.084   65.69292 -168.46470      8.164     6.2165     6.2156     6.2159    26.5915    26.6056  1020.9308    20.8928    294.146    280.094  317.92875     92.519     88.107     0.2527     1.1685     3.6032     1.0737 1.0000e-12        718     0.4979  0.000e+00
      8.138   65.69292 -168.46470      8.219     6.2159     6.2153     6.2153    26.5869    26.6120  1020.9275    20.8892    294.170    280.070  317.94364     92.523     88.103     0.2540     1.1758     3.6044     1.0724 1.0000e-12        719     0.4986  0.000e+00
      8.115   65.69292 -168.46470      8.196     6.2156     6.2146     6.2150    26.5817    26.6178  1020.9233    20.8851    293.960    280.047  317.95868     92.452     88.098     0.2552     1.1831     3.6056     1.0710 1.0000e-12        720     0.4993  0.000e+00
      8.200   65.69292 -168.46470      8.281     6.2154     6.2145     6.2148    26.5830    26.6199  1020.9248    20.8862    294.117    280.035  317.95671     92.502     88.095     0.2564     1.1905     3.6044     1.0724 1.0000e-12        721     0.5000  0.000e+00
      8.138   65.69292 -168.46470      8.219     6.2152     6.2148     6.2146    26.5940    26.6174  1020.9332    20.8949    293.900    280.025  317.93229     92.441     88.091     0.2540     1.1758     3.6044     1.0724 1.0000e-12        722     0.5007  0.000e+00
      8.200   65.69292 -168.46470      8.281     6.2145     6.2148     6.2139    26.6019    26.6169  1020.9398    20.9012    294.079    280.019  317.91950     92.501     88.089     0.2552     1.1831     3.6044     1.0724 1.0000e-12        723     0.5014  0.000e+00
      8.254   65.69292 -168.46470      8.336     6.2141     6.2145     6.2135    26.6023    26.6219  1020.9404    20.9015    294.097    280.005  317.92124     92.506     88.087     0.2540     1.1758     3.6044     1.0724 1.0000e-12        724     0.5021  0.000e+00
