EcoFOCI/data/1_SampleCollection/2023_SikuliaqDBO_CruiseData/CTD_raw_BottleFile_SKQ23-12S/proc/skq202312s_020svp.cnv
* Sea-Bird SBE 9 Data File:
* FileName = D:\CTD\SKQ202312S\SKQ202312S_020.hex
* Software Version Seasave V 7.26.7.121
* Temperature SN = 6177
* Conductivity SN = 0369
* Number of Bytes Per Scan = 41
* Number of Voltage Words = 4
* Number of Scans Averaged by the Deck Unit = 1
* NMEA Latitude = 65 00.05 N
* NMEA Longitude = 168 39.16 W
* NMEA UTC (Time) = Sep 18 2023  01:15:09
* NMEA baud rate = 4800
** Ship: R/V Sikuliaq
** Station Number: 020
** Station Name: DBO2.6
** Bottom Depth: 47
** Operator: SS
# nquan = 7
# nvalues = 4927                                  
# units = specified
# name 0 = depSM: Depth [salt water, m]
# name 1 = latitude: Latitude [deg]
# name 2 = longitude: Longitude [deg]
# name 3 = t090C: Temperature [ITS-90, deg C]
# name 4 = sal00: Salinity, Practical [PSU]
# name 5 = svCM: Sound Velocity [Chen-Millero, m/s]
# name 6 = flag:  0.000e+00
# span 0 =      1.495,     42.138                 
# span 1 =   65.00090,   65.00110                 
# span 2 = -168.65348, -168.65326                 
# span 3 =     2.9520,     4.5454                 
# span 4 =    32.0457,    32.6975                 
# span 5 =    1459.29,    1465.24                 
# span 6 = 0.0000e+00, 0.0000e+00                 
# interval = seconds: 0.0416667
# start_time = Sep 18 2023 01:19:33 [NMEA time, first data scan]
# bad_flag = -9.990e-29
*END*
[from data line 2462]
     23.065   65.00098 -168.65346     3.0891    32.3458    1459.72  0.000e+00
     23.081   65.00098 -168.65346     3.0899    32.3457    1459.73  0.000e+00
     23.065   65.00098 -168.65346     3.0908    32.3463    1459.73  0.000e+00
     23.143   65.00098 -168.65346     3.0916    32.3473    1459.74  0.000e+00
     23.119   65.00098 -168.65346     3.0930    32.3475    1459.74  0.000e+00
     23.181   65.00098 -168.65346     3.0939    32.3479    1459.75  0.000e+00
     23.142   65.00098 -168.65346     3.0951    32.3484    1459.75  0.000e+00
     23.181   65.00098 -168.65346     3.0959    32.3492    1459.76  0.000e+00
     23.196   65.00098 -168.65346     3.0970    32.3492    1459.76  0.000e+00
     23.235   65.00098 -168.65346     3.0978    32.3500    1459.77  0.000e+00
     23.119   65.00098 -168.65346     3.0984    32.3505    1459.77  0.000e+00
     23.374   65.00098 -168.65346     3.0991    32.3508    1459.78  0.000e+00
     23.235   65.00098 -168.65346     3.0996    32.3509    1459.78  0.000e+00
     23.258   65.00098 -168.65346     3.1001    32.3510    1459.78  0.000e+00
     23.351   65.00098 -168.65346     3.1007    32.3510    1459.78  0.000e+00
     23.312   65.00098 -168.65346     3.1009    32.3516    1459.79  0.000e+00
     23.297   65.00098 -168.65346     3.1012    32.3520    1459.79  0.000e+00
     23.405   65.00098 -168.65346     3.1013    32.3524    1459.79  0.000e+00
     23.312   65.00098 -168.65346     3.1018    32.3522    1459.79  0.000e+00
     23.405   65.00098 -168.65346     3.1020    32.3530    1459.79  0.000e+00
     23.428   65.00098 -168.65346     3.1022    32.3530    1459.79  0.000e+00
     23.404   65.00098 -168.65346     3.1022    32.3535    1459.79  0.000e+00
     23.428   65.00098 -168.65346     3.1022    32.3536    1459.80  0.000e+00
     23.466   65.00098 -168.65346     3.1021    32.3541    1459.80  0.000e+00
     23.466   65.00098 -168.65346     3.1022    32.3540    1459.80  0.000e+00
     23.543   65.00098 -168.65346     3.1020    32.3548    1459.80  0.000e+00
     23.466   65.00098 -168.65346     3.1018    32.3553    1459.80  0.000e+00
     23.543   65.00098 -168.65346     3.1018    32.3555    1459.80  0.000e+00
     23.582   65.00098 -168.65346     3.1017    32.3562    1459.80  0.000e+00
     23.543   65.00098 -168.65346     3.1015    32.3567    1459.80  0.000e+00
     23.636   65.00098 -168.65346     3.1016    32.3568    1459.80  0.000e+00
     23.582   65.00098 -168.65346     3.1012    32.3574    1459.80  0.000e+00
     23.659   65.00098 -168.65346     3.1012    32.3573    1459.80  0.000e+00
     23.636   65.00098 -168.65346     3.1010    32.3581    1459.80  0.000e+00
     23.659   65.00098 -168.65346     3.1014    32.3578    1459.80  0.000e+00
     23.751   65.00098 -168.65346     3.1014    32.3587    1459.80  0.000e+00
     23.659   65.00098 -168.65346     3.1015    32.3593    1459.80  0.000e+00
     23.751   65.00098 -168.65346     3.1018    32.3597    1459.81  0.000e+00
     23.751   65.00098 -168.65346     3.1027    32.3602    1459.81  0.000e+00
     23.767   65.00098 -168.65346     3.1039    32.3609    1459.82  0.000e+00
     23.867   65.00098 -168.65346     3.1057    32.3618    1459.83  0.000e+00
     23.767   65.00098 -168.65346     3.1086    32.3633    1459.84  0.000e+00
     23.867   65.00098 -168.65346     3.1120    32.3647    1459.86  0.000e+00
     23.882   65.00098 -168.65346     3.1154    32.3663    1459.88  0.000e+00
     23.921   65.00098 -168.65346     3.1188    32.3674    1459.89  0.000e+00
     23.882   65.00098 -168.65346     3.1224    32.3684    1459.91  0.000e+00
     23.921   65.00098 -168.65346     3.1256    32.3697    1459.92  0.000e+00
     23.983   65.00098 -168.65346     3.1290    32.3707    1459.94  0.000e+00
     23.998   65.00098 -168.65346     3.1337    32.3706    1459.96  0.000e+00
     23.983   65.00098 -168.65346     3.1373    32.3709    1459.98  0.000e+00
     24.060   65.00098 -168.65346     3.1414    32.3711    1460.00  0.000e+00
     24.037   65.00098 -168.65346     3.1465    32.3726    1460.02  0.000e+00
     24.114   65.00098 -168.65346     3.1540    32.3753    1460.06  0.000e+00
     24.098   65.00098 -168.65346     3.1631    32.3803    1460.10  0.000e+00
     24.114   65.00098 -168.65346     3.1718    32.3854    1460.15  0.000e+00
     24.152   65.00098 -168.65346     3.1809    32.3875    1460.19  0.000e+00
     24.206   65.00098 -168.65346     3.1884    32.3883    1460.22  0.000e+00
     24.168   65.00098 -168.65346     3.1938    32.3893    1460.25  0.000e+00
     24.206   65.00098 -168.65346     3.1993    32.3901    1460.27  0.000e+00
     24.283   65.00098 -168.65346     3.2038    32.3905    1460.29  0.000e+00
     24.268   65.00098 -168.65346     3.2071    32.3910    1460.31  0.000e+00
     24.283   65.00098 -168.65346     3.2094    32.3920    1460.32  0.000e+00
     24.322   65.00098 -168.65346     3.2106    32.3924    1460.32  0.000e+00
     24.399   65.00098 -168.65346     3.2103    32.3932    1460.33  0.000e+00
     24.384   65.00098 -168.65346     3.2097    32.3937    1460.32  0.000e+00
     24.384   65.00098 -168.65346     3.2079    32.3946    1460.32  0.000e+00
     24.399   65.00098 -168.65346     3.2054    32.3943    1460.31  0.000e+00
     24.499   65.00098 -168.65346     3.2025    32.3950    1460.30  0.000e+00
     24.515   65.00098 -168.65346     3.1987    32.3960    1460.28  0.000e+00
     24.499   65.00098 -168.65346     3.1947    32.3962    1460.26  0.000e+00
     24.515   65.00098 -168.65346     3.1903    32.3968    1460.25  0.000e+00
     24.553   65.00098 -168.65346     3.1857    32.3974    1460.23  0.000e+00
     24.630   65.00098 -168.65346     3.1816    32.3969    1460.21  0.000e+00
     24.607   65.00098 -168.65346     3.1769    32.3981    1460.19  0.000e+00
     24.669   65.00098 -168.65346     3.1730    32.3984    1460.18  0.000e+00
     24.684   65.00098 -168.65346     3.1693    32.3987    1460.16  0.000e+00
     24.723   65.00098 -168.65346     3.1656    32.3989    1460.15  0.000e+00
     24.684   65.00098 -168.65346     3.1625    32.3988    1460.13  0.000e+00
     24.784   65.00098 -168.65346     3.1588    32.3995    1460.12  0.000e+00
     24.746   65.00098 -168.65346     3.1562    32.3996    1460.11  0.000e+00
     24.838   65.00098 -168.65346     3.1538    32.4002    1460.10  0.000e+00
     24.862   65.00098 -168.65346     3.1526    32.4000    1460.10  0.000e+00
     24.838   65.00098 -168.65346     3.1518    32.3998    1460.09  0.000e+00
     24.916   65.00098 -168.65346     3.1512    32.4000    1460.09  0.000e+00
     24.900   65.00098 -168.65346     3.1507    32.3996    1460.09  0.000e+00
     24.954   65.00098 -168.65346     3.1502    32.4001    1460.09  0.000e+00
     24.970   65.00098 -168.65346     3.1501    32.4000    1460.09  0.000e+00
     25.008   65.00098 -168.65346     3.1494    32.4002    1460.08  0.000e+00
     25.031   65.00098 -168.65346     3.1494    32.3999    1460.08  0.000e+00
     25.070   65.00098 -168.65346     3.1493    32.4002    1460.08  0.000e+00
     25.085   65.00098 -168.65346     3.1491    32.4000    1460.08  0.000e+00
     25.070   65.00098 -168.65346     3.1491    32.4001    1460.08  0.000e+00
     25.147   65.00098 -168.65346     3.1488    32.4004    1460.08  0.000e+00
     25.124   65.00098 -168.65346     3.1491    32.3999    1460.08  0.000e+00
     25.201   65.00098 -168.65346     3.1490    32.4001    1460.09  0.000e+00
     25.185   65.00098 -168.65346     3.1491    32.4003    1460.09  0.000e+00
     25.255   65.00098 -168.65346     3.1494    32.4005    1460.09  0.000e+00
     25.239   65.00098 -168.65346     3.1498    32.4005    1460.09  0.000e+00
     25.239   65.00098 -168.65346     3.1501    32.4005    1460.09  0.000e+00
     25.370   65.00098 -168.65346     3.1494    32.4005    1460.09  0.000e+00
     25.355   65.00098 -168.65346     3.1485    32.4008    1460.09  0.000e+00
     25.316   65.00098 -168.65346     3.1465    32.4010    1460.08  0.000e+00
     25.409   65.00098 -168.65346     3.1439    32.4007    1460.07  0.000e+00
     25.370   65.00098 -168.65346     3.1403    32.4005    1460.05  0.000e+00
     25.409   65.00098 -168.65346     3.1357    32.3998    1460.03  0.000e+00
     25.486   65.00098 -168.65346     3.1295    32.3996    1460.01  0.000e+00
     25.471   65.00098 -168.65346     3.1226    32.3996    1459.98  0.000e+00
     25.486   65.00098 -168.65346     3.1155    32.3998    1459.95  0.000e+00
     25.525   65.00098 -168.65346     3.1091    32.3996    1459.92  0.000e+00
     25.548   65.00098 -168.65346     3.1032    32.4002    1459.90  0.000e+00
     25.525   65.00098 -168.65346     3.0982    32.3998    1459.87  0.000e+00
     25.602   65.00098 -168.65346     3.0923    32.4002    1459.85  0.000e+00
     25.640   65.00098 -168.65346     3.0861    32.4014    1459.82  0.000e+00
     25.602   65.00098 -168.65346     3.0817    32.4014    1459.81  0.000e+00
     25.640   65.00098 -168.65346     3.0780    32.4013    1459.79  0.000e+00
     25.640   65.00098 -168.65346     3.0742    32.4006    1459.77  0.000e+00
     25.771   65.00098 -168.65346     3.0689    32.4005    1459.75  0.000e+00
     25.756   65.00098 -168.65346     3.0631    32.4001    1459.73  0.000e+00
     25.717   65.00098 -168.65346     3.0573    32.3993    1459.70  0.000e+00
     25.756   65.00098 -168.65346     3.0498    32.4003    1459.67  0.000e+00
     25.771   65.00098 -168.65346     3.0436    32.4004    1459.64  0.000e+00
     25.810   65.00098 -168.65346     3.0395    32.3989    1459.62  0.000e+00
     25.833   65.00098 -168.65346     3.0353    32.3982    1459.61  0.000e+00
     25.872   65.00098 -168.65346     3.0310    32.3981    1459.59  0.000e+00
     25.887   65.00098 -168.65346     3.0260    32.3991    1459.57  0.000e+00
     25.871   65.00098 -168.65346     3.0211    32.4004    1459.55  0.000e+00
     25.949   65.00098 -168.65346     3.0179    32.4006    1459.54  0.000e+00
     25.925   65.00098 -168.65346     3.0145    32.4009    1459.52  0.000e+00
     25.949   65.00098 -168.65346     3.0110    32.4015    1459.51  0.000e+00
     25.987   65.00098 -168.65346     3.0079    32.4021    1459.50  0.000e+00
     26.003   65.00098 -168.65346     3.0056    32.4017    1459.49  0.000e+00
     25.987   65.00098 -168.65346     3.0037    32.4014    1459.48  0.000e+00
     26.057   65.00098 -168.65346     3.0015    32.4012    1459.47  0.000e+00
     26.041   65.00098 -168.65346     2.9991    32.4010    1459.46  0.000e+00
     26.057   65.00098 -168.65346     2.9966    32.3998    1459.45  0.000e+00
     26.103   65.00098 -168.65346     2.9937    32.3971    1459.43  0.000e+00
     26.118   65.00098 -168.65346     2.9908    32.3985    1459.42  0.000e+00
     26.157   65.00098 -168.65346     2.9879    32.3996    1459.41  0.000e+00
     26.118   65.00098 -168.65346     2.9840    32.3996    1459.39  0.000e+00
     26.157   65.00098 -168.65346     2.9804    32.3997    1459.38  0.000e+00
     26.172   65.00098 -168.65346     2.9768    32.4000    1459.36  0.000e+00
     26.211   65.00098 -168.65346     2.9733    32.4007    1459.35  0.000e+00
     26.211   65.00098 -168.65346     2.9701    32.4011    1459.34  0.000e+00
     26.288   65.00098 -168.65346     2.9677    32.4017    1459.33  0.000e+00
     26.211   65.00098 -168.65346     2.9654    32.4018    1459.32  0.000e+00
     26.288   65.00098 -168.65346     2.9634    32.4021    1459.31  0.000e+00
     26.326   65.00098 -168.65346     2.9621    32.4022    1459.30  0.000e+00
     26.288   65.00098 -168.65346     2.9607    32.4029    1459.30  0.000e+00
     26.326   65.00098 -168.65346     2.9601    32.4038    1459.30  0.000e+00
     26.349   65.00098 -168.65346     2.9599    32.4046    1459.30  0.000e+00
     26.388   65.00098 -168.65346     2.9594    32.4059    1459.30  0.000e+00
     26.349   65.00098 -168.65346     2.9594    32.4062    1459.30  0.000e+00
     26.442   65.00098 -168.65346     2.9597    32.4065    1459.30  0.000e+00
     26.457   65.00098 -168.65346     2.9602    32.4069    1459.30  0.000e+00
     26.388   65.00098 -168.65346     2.9604    32.4076    1459.31  0.000e+00
     26.519   65.00098 -168.65346     2.9611    32.4081    1459.31  0.000e+00
     26.442   65.00098 -168.65346     2.9620    32.4089    1459.31  0.000e+00
     26.519   65.00098 -168.65346     2.9629    32.4093    1459.32  0.000e+00
     26.504   65.00098 -168.65346     2.9640    32.4100    1459.33  0.000e+00
     26.519   65.00098 -168.65346     2.9649    32.4101    1459.33  0.000e+00
     26.558   65.00098 -168.65346     2.9658    32.4102    1459.33  0.000e+00
     26.573   65.00098 -168.65346     2.9665    32.4109    1459.34  0.000e+00
     26.558   65.00098 -168.65346     2.9674    32.4104    1459.34  0.000e+00
     26.635   65.00098 -168.65346     2.9681    32.4109    1459.35  0.000e+00
     26.612   65.00098 -168.65346     2.9690    32.4110    1459.35  0.000e+00
     26.689   65.00098 -168.65346     2.9696    32.4109    1459.35  0.000e+00
     26.611   65.00098 -168.65346     2.9700    32.4106    1459.35  0.000e+00
     26.689   65.00098 -168.65346     2.9701    32.4107    1459.36  0.000e+00
     26.727   65.00098 -168.65346     2.9701    32.4107    1459.36  0.000e+00
     26.750   65.00098 -168.65346     2.9702    32.4108    1459.36  0.000e+00
     26.673   65.00098 -168.65346     2.9703    32.4108    1459.36  0.000e+00
     26.804   65.00098 -168.65346     2.9702    32.4111    1459.36  0.000e+00
     26.727   65.00098 -168.65346     2.9700    32.4112    1459.36  0.000e+00
     26.804   65.00098 -168.65346     2.9700    32.4112    1459.36  0.000e+00
     26.843   65.00098 -168.65346     2.9699    32.4110    1459.36  0.000e+00
     26.804   65.00098 -168.65346     2.9699    32.4111    1459.36  0.000e+00
     26.843   65.00098 -168.65346     2.9696    32.4115    1459.36  0.000e+00
     26.858   65.00098 -168.65346     2.9697    32.4109    1459.36  0.000e+00
     26.904   65.00098 -168.65346     2.9697    32.4107    1459.36  0.000e+00
     26.920   65.00098 -168.65346     2.9694    32.4113    1459.36  0.000e+00
     26.904   65.00098 -168.65346     2.9693    32.4112    1459.36  0.000e+00
     26.920   65.00098 -168.65346     2.9694    32.4111    1459.36  0.000e+00
     26.958   65.00098 -168.65346     2.9689    32.4115    1459.36  0.000e+00
     26.974   65.00098 -168.65346     2.9686    32.4111    1459.35  0.000e+00
     27.012   65.00098 -168.65346     2.9686    32.4109    1459.35  0.000e+00
     27.036   65.00098 -168.65346     2.9685    32.4104    1459.35  0.000e+00
     27.012   65.00098 -168.65346     2.9679    32.4109    1459.35  0.000e+00
     27.090   65.00098 -168.65346     2.9680    32.4106    1459.35  0.000e+00
     27.074   65.00098 -168.65346     2.9679    32.4107    1459.35  0.000e+00
     27.089   65.00098 -168.65346     2.9679    32.4107    1459.35  0.000e+00
     27.128   65.00098 -168.65346     2.9675    32.4108    1459.35  0.000e+00
     27.143   65.00098 -168.65346     2.9673    32.4107    1459.35  0.000e+00
     27.128   65.00098 -168.65346     2.9669    32.4109    1459.35  0.000e+00
     27.205   65.00098 -168.65346     2.9667    32.4106    1459.35  0.000e+00
     27.190   65.00098 -168.65346     2.9667    32.4106    1459.35  0.000e+00
     27.205   65.00098 -168.65346     2.9665    32.4109    1459.35  0.000e+00
     27.244   65.00098 -168.65346     2.9667    32.4100    1459.35  0.000e+00
     27.259   65.00098 -168.65346     2.9665    32.4102    1459.35  0.000e+00
     27.244   65.00098 -168.65346     2.9662    32.4104    1459.35  0.000e+00
     27.321   65.00098 -168.65346     2.9658    32.4103    1459.35  0.000e+00
     27.305   65.00098 -168.65346     2.9649    32.4104    1459.34  0.000e+00
     27.321   65.00098 -168.65346     2.9644    32.4098    1459.34  0.000e+00
     27.359   65.00098 -168.65346     2.9637    32.4099    1459.34  0.000e+00
     27.375   65.00098 -168.65346     2.9627    32.4098    1459.33  0.000e+00
