EcoFOCI/data/1_SampleCollection/2023_SikuliaqDBO_CruiseData/CTD_raw_BottleFile_SKQ23-12S/proc/skq202312s_044svp.cnv
* Sea-Bird SBE 9 Data File:
* FileName = D:\CTD\SKQ202312S\SKQ202312S_044.hex
* Software Version Seasave V 7.26.7.121
* Temperature SN = 6177
* Conductivity SN = 0369
* Number of Bytes Per Scan = 41
* Number of Voltage Words = 4
* Number of Scans Averaged by the Deck Unit = 1
* NMEA Latitude = 71 35.18 N
* NMEA Longitude = 161 23.69 W
* NMEA UTC (Time) = Sep 24 2023  08:13:31
* NMEA baud rate = 4800
** Ship: R/V Sikuliaq
** Station Number: 044
** Station Name: DBO4.4n
** Bottom Depth: 47
** Operator: SS
# nquan = 7
# nvalues = 5956                                  
# units = specified
# name 0 = depSM: Depth [salt water, m]
# name 1 = latitude: Latitude [deg]
# name 2 = longitude: Longitude [deg]
# name 3 = t090C: Temperature [ITS-90, deg C]
# name 4 = sal00: Salinity, Practical [PSU]
# name 5 = svCM: Sound Velocity [Chen-Millero, m/s]
# name 6 = flag:  0.000e+00
# span 0 =      2.237,     42.100                 
# span 1 =   71.58606,   71.58618                 
# span 2 = -161.39586, -161.39548                 
# span 3 =    -1.5499,     2.4597                 
# span 4 =    27.0614,    32.5734                 
# span 5 =    1439.01,    1452.35                 
# span 6 = 0.0000e+00, 0.0000e+00                 
# interval = seconds: 0.0416667
# start_time = Sep 24 2023 08:17:11 [NMEA time, first data scan]
# bad_flag = -9.990e-29
*END*
[from data line 3283]
     36.894   71.58612 -161.39566    -1.5453    32.5710    1439.22  0.000e+00
     36.840   71.58612 -161.39566    -1.5455    32.5711    1439.22  0.000e+00
     36.886   71.58612 -161.39566    -1.5459    32.5718    1439.22  0.000e+00
     36.894   71.58612 -161.39566    -1.5462    32.5717    1439.21  0.000e+00
     36.840   71.58612 -161.39566    -1.5460    32.5717    1439.21  0.000e+00
     36.886   71.58612 -161.39566    -1.5461    32.5715    1439.21  0.000e+00
     36.894   71.58612 -161.39566    -1.5464    32.5715    1439.21  0.000e+00
     36.778   71.58612 -161.39566    -1.5462    32.5716    1439.21  0.000e+00
     36.940   71.58612 -161.39566    -1.5464    32.5717    1439.21  0.000e+00
     36.894   71.58612 -161.39566    -1.5460    32.5716    1439.22  0.000e+00
     36.894   71.58612 -161.39566    -1.5459    32.5715    1439.22  0.000e+00
     36.886   71.58612 -161.39566    -1.5457    32.5716    1439.22  0.000e+00
     36.894   71.58612 -161.39566    -1.5455    32.5716    1439.22  0.000e+00
     36.840   71.58612 -161.39566    -1.5453    32.5713    1439.22  0.000e+00
     36.886   71.58612 -161.39566    -1.5455    32.5709    1439.22  0.000e+00
     36.894   71.58612 -161.39566    -1.5458    32.5711    1439.22  0.000e+00
     36.886   71.58612 -161.39566    -1.5460    32.5716    1439.22  0.000e+00
     36.894   71.58612 -161.39566    -1.5462    32.5719    1439.21  0.000e+00
     36.894   71.58612 -161.39566    -1.5462    32.5716    1439.21  0.000e+00
     36.886   71.58612 -161.39566    -1.5468    32.5725    1439.21  0.000e+00
     36.894   71.58612 -161.39566    -1.5467    32.5724    1439.21  0.000e+00
     36.894   71.58612 -161.39566    -1.5470    32.5725    1439.21  0.000e+00
     36.886   71.58612 -161.39566    -1.5470    32.5728    1439.21  0.000e+00
     36.948   71.58612 -161.39566    -1.5468    32.5728    1439.21  0.000e+00
     36.840   71.58612 -161.39566    -1.5467    32.5732    1439.21  0.000e+00
     36.940   71.58612 -161.39566    -1.5462    32.5729    1439.22  0.000e+00
     36.894   71.58612 -161.39566    -1.5457    32.5723    1439.22  0.000e+00
     36.894   71.58612 -161.39566    -1.5456    32.5722    1439.22  0.000e+00
     36.940   71.58612 -161.39566    -1.5455    32.5722    1439.22  0.000e+00
     36.894   71.58612 -161.39566    -1.5451    32.5715    1439.22  0.000e+00
     36.894   71.58612 -161.39566    -1.5451    32.5717    1439.22  0.000e+00
     36.940   71.58612 -161.39566    -1.5448    32.5713    1439.22  0.000e+00
     36.894   71.58612 -161.39566    -1.5451    32.5717    1439.22  0.000e+00
     36.894   71.58612 -161.39566    -1.5450    32.5714    1439.22  0.000e+00
     36.940   71.58612 -161.39566    -1.5451    32.5719    1439.22  0.000e+00
     36.894   71.58612 -161.39566    -1.5450    32.5718    1439.22  0.000e+00
     36.940   71.58612 -161.39566    -1.5450    32.5719    1439.22  0.000e+00
     36.894   71.58612 -161.39566    -1.5447    32.5714    1439.22  0.000e+00
     36.948   71.58612 -161.39566    -1.5447    32.5715    1439.22  0.000e+00
     36.940   71.58612 -161.39566    -1.5446    32.5713    1439.22  0.000e+00
     36.948   71.58612 -161.39566    -1.5447    32.5713    1439.22  0.000e+00
     36.948   71.58612 -161.39566    -1.5445    32.5718    1439.22  0.000e+00
     36.940   71.58612 -161.39566    -1.5442    32.5714    1439.22  0.000e+00
     36.948   71.58612 -161.39566    -1.5437    32.5710    1439.23  0.000e+00
     36.948   71.58612 -161.39566    -1.5436    32.5717    1439.23  0.000e+00
     36.940   71.58612 -161.39566    -1.5434    32.5713    1439.23  0.000e+00
     36.948   71.58612 -161.39566    -1.5436    32.5713    1439.23  0.000e+00
     36.948   71.58612 -161.39566    -1.5441    32.5712    1439.22  0.000e+00
     36.994   71.58612 -161.39566    -1.5441    32.5705    1439.22  0.000e+00
     36.894   71.58612 -161.39568    -1.5441    32.5704    1439.22  0.000e+00
     36.948   71.58612 -161.39568    -1.5442    32.5701    1439.22  0.000e+00
     36.994   71.58612 -161.39568    -1.5444    32.5701    1439.22  0.000e+00
     36.948   71.58612 -161.39568    -1.5445    32.5699    1439.22  0.000e+00
     36.894   71.58612 -161.39568    -1.5446    32.5696    1439.22  0.000e+00
     36.994   71.58612 -161.39568    -1.5453    32.5700    1439.22  0.000e+00
     36.948   71.58612 -161.39568    -1.5460    32.5706    1439.21  0.000e+00
     36.940   71.58612 -161.39568    -1.5467    32.5712    1439.21  0.000e+00
     36.948   71.58612 -161.39568    -1.5468    32.5714    1439.21  0.000e+00
     36.948   71.58612 -161.39568    -1.5471    32.5715    1439.21  0.000e+00
     36.994   71.58612 -161.39568    -1.5470    32.5716    1439.21  0.000e+00
     36.894   71.58612 -161.39568    -1.5468    32.5715    1439.21  0.000e+00
     36.948   71.58612 -161.39568    -1.5468    32.5720    1439.21  0.000e+00
     36.994   71.58612 -161.39568    -1.5468    32.5722    1439.21  0.000e+00
     36.894   71.58612 -161.39568    -1.5464    32.5716    1439.21  0.000e+00
     37.009   71.58612 -161.39568    -1.5464    32.5719    1439.22  0.000e+00
     36.940   71.58612 -161.39568    -1.5459    32.5715    1439.22  0.000e+00
     36.948   71.58612 -161.39568    -1.5457    32.5716    1439.22  0.000e+00
     36.948   71.58612 -161.39568    -1.5453    32.5714    1439.22  0.000e+00
     36.940   71.58612 -161.39568    -1.5450    32.5718    1439.22  0.000e+00
     36.948   71.58612 -161.39568    -1.5441    32.5714    1439.23  0.000e+00
     36.948   71.58612 -161.39568    -1.5427    32.5700    1439.23  0.000e+00
     36.940   71.58612 -161.39568    -1.5415    32.5692    1439.23  0.000e+00
     36.894   71.58612 -161.39568    -1.5410    32.5689    1439.24  0.000e+00
     37.009   71.58612 -161.39568    -1.5408    32.5695    1439.24  0.000e+00
     36.940   71.58612 -161.39568    -1.5404    32.5692    1439.24  0.000e+00
     36.894   71.58612 -161.39568    -1.5406    32.5701    1439.24  0.000e+00
     36.940   71.58612 -161.39568    -1.5405    32.5705    1439.24  0.000e+00
     36.948   71.58612 -161.39568    -1.5402    32.5702    1439.24  0.000e+00
     36.948   71.58612 -161.39568    -1.5402    32.5693    1439.24  0.000e+00
     36.940   71.58612 -161.39568    -1.5411    32.5692    1439.24  0.000e+00
     36.894   71.58612 -161.39568    -1.5422    32.5692    1439.23  0.000e+00
     36.948   71.58612 -161.39568    -1.5430    32.5694    1439.23  0.000e+00
     36.940   71.58612 -161.39568    -1.5439    32.5704    1439.22  0.000e+00
     36.948   71.58612 -161.39568    -1.5442    32.5708    1439.22  0.000e+00
     36.894   71.58612 -161.39568    -1.5448    32.5711    1439.22  0.000e+00
     36.940   71.58612 -161.39568    -1.5449    32.5708    1439.22  0.000e+00
     36.948   71.58612 -161.39568    -1.5456    32.5712    1439.22  0.000e+00
     36.894   71.58612 -161.39568    -1.5457    32.5710    1439.22  0.000e+00
     36.886   71.58612 -161.39568    -1.5455    32.5711    1439.22  0.000e+00
     36.948   71.58612 -161.39568    -1.5453    32.5716    1439.22  0.000e+00
     36.948   71.58612 -161.39568    -1.5447    32.5713    1439.22  0.000e+00
     36.886   71.58612 -161.39568    -1.5445    32.5714    1439.22  0.000e+00
     36.894   71.58612 -161.39568    -1.5445    32.5713    1439.22  0.000e+00
     36.948   71.58612 -161.39568    -1.5441    32.5707    1439.22  0.000e+00
     36.886   71.58612 -161.39568    -1.5441    32.5711    1439.22  0.000e+00
     36.948   71.58612 -161.39568    -1.5438    32.5712    1439.23  0.000e+00
     36.886   71.58612 -161.39568    -1.5436    32.5684    1439.22  0.000e+00
     36.894   71.58612 -161.39568    -1.5434    32.5693    1439.22  0.000e+00
     36.894   71.58612 -161.39568    -1.5433    32.5716    1439.23  0.000e+00
     36.940   71.58612 -161.39568    -1.5429    32.5723    1439.23  0.000e+00
     36.894   71.58612 -161.39568    -1.5422    32.5722    1439.23  0.000e+00
     36.894   71.58612 -161.39568    -1.5416    32.5706    1439.24  0.000e+00
     36.886   71.58612 -161.39568    -1.5413    32.5700    1439.24  0.000e+00
     36.894   71.58612 -161.39568    -1.5410    32.5690    1439.24  0.000e+00
     36.894   71.58612 -161.39568    -1.5411    32.5678    1439.23  0.000e+00
     36.886   71.58612 -161.39568    -1.5422    32.5683    1439.23  0.000e+00
     36.894   71.58612 -161.39568    -1.5433    32.5688    1439.22  0.000e+00
     36.948   71.58612 -161.39568    -1.5447    32.5695    1439.22  0.000e+00
     36.886   71.58612 -161.39568    -1.5455    32.5704    1439.22  0.000e+00
     36.840   71.58612 -161.39568    -1.5459    32.5708    1439.21  0.000e+00
     36.894   71.58612 -161.39568    -1.5465    32.5708    1439.21  0.000e+00
     36.886   71.58612 -161.39568    -1.5470    32.5711    1439.21  0.000e+00
     36.894   71.58612 -161.39568    -1.5473    32.5715    1439.21  0.000e+00
     36.894   71.58612 -161.39568    -1.5473    32.5714    1439.21  0.000e+00
     36.886   71.58612 -161.39568    -1.5473    32.5713    1439.21  0.000e+00
     36.894   71.58612 -161.39568    -1.5474    32.5714    1439.21  0.000e+00
     36.886   71.58612 -161.39568    -1.5476    32.5714    1439.21  0.000e+00
     36.840   71.58612 -161.39568    -1.5477    32.5719    1439.21  0.000e+00
     36.894   71.58612 -161.39568    -1.5476    32.5719    1439.21  0.000e+00
     36.886   71.58612 -161.39568    -1.5476    32.5720    1439.21  0.000e+00
     36.894   71.58612 -161.39568    -1.5473    32.5718    1439.21  0.000e+00
     36.894   71.58612 -161.39568    -1.5471    32.5715    1439.21  0.000e+00
     36.886   71.58612 -161.39568    -1.5468    32.5713    1439.21  0.000e+00
     36.840   71.58612 -161.39568    -1.5468    32.5714    1439.21  0.000e+00
     36.894   71.58612 -161.39568    -1.5467    32.5708    1439.21  0.000e+00
     36.886   71.58612 -161.39568    -1.5467    32.5713    1439.21  0.000e+00
     36.840   71.58612 -161.39568    -1.5467    32.5715    1439.21  0.000e+00
     36.894   71.58612 -161.39568    -1.5465    32.5711    1439.21  0.000e+00
     36.886   71.58612 -161.39568    -1.5466    32.5709    1439.21  0.000e+00
     36.894   71.58612 -161.39568    -1.5467    32.5711    1439.21  0.000e+00
     36.840   71.58612 -161.39568    -1.5465    32.5713    1439.21  0.000e+00
     36.886   71.58612 -161.39568    -1.5467    32.5713    1439.21  0.000e+00
     36.894   71.58612 -161.39568    -1.5468    32.5710    1439.21  0.000e+00
     36.770   71.58612 -161.39568    -1.5466    32.5701    1439.21  0.000e+00
     37.009   71.58612 -161.39568    -1.5465    32.5702    1439.21  0.000e+00
     36.840   71.58612 -161.39568    -1.5468    32.5709    1439.21  0.000e+00
     36.886   71.58612 -161.39568    -1.5471    32.5707    1439.21  0.000e+00
     36.894   71.58612 -161.39568    -1.5473    32.5707    1439.21  0.000e+00
     36.894   71.58612 -161.39568    -1.5475    32.5712    1439.21  0.000e+00
     36.886   71.58612 -161.39568    -1.5476    32.5715    1439.21  0.000e+00
     36.840   71.58612 -161.39568    -1.5476    32.5710    1439.21  0.000e+00
     36.894   71.58612 -161.39568    -1.5476    32.5712    1439.21  0.000e+00
     36.886   71.58612 -161.39568    -1.5477    32.5719    1439.21  0.000e+00
     36.894   71.58612 -161.39568    -1.5475    32.5711    1439.21  0.000e+00
     36.894   71.58612 -161.39568    -1.5474    32.5715    1439.21  0.000e+00
     36.886   71.58612 -161.39568    -1.5474    32.5715    1439.21  0.000e+00
     36.894   71.58612 -161.39568    -1.5476    32.5714    1439.21  0.000e+00
     36.840   71.58612 -161.39568    -1.5476    32.5718    1439.21  0.000e+00
     36.886   71.58612 -161.39568    -1.5473    32.5713    1439.21  0.000e+00
     36.948   71.58612 -161.39568    -1.5477    32.5713    1439.21  0.000e+00
     36.840   71.58612 -161.39568    -1.5476    32.5717    1439.21  0.000e+00
     36.886   71.58612 -161.39568    -1.5477    32.5714    1439.21  0.000e+00
     36.894   71.58612 -161.39568    -1.5477    32.5720    1439.21  0.000e+00
     36.940   71.58612 -161.39568    -1.5475    32.5716    1439.21  0.000e+00
     36.840   71.58612 -161.39568    -1.5471    32.5712    1439.21  0.000e+00
     36.894   71.58612 -161.39568    -1.5470    32.5711    1439.21  0.000e+00
     36.940   71.58612 -161.39568    -1.5470    32.5709    1439.21  0.000e+00
     36.840   71.58612 -161.39568    -1.5465    32.5711    1439.21  0.000e+00
     36.840   71.58612 -161.39568    -1.5466    32.5714    1439.21  0.000e+00
     36.994   71.58612 -161.39568    -1.5467    32.5712    1439.21  0.000e+00
     36.894   71.58612 -161.39568    -1.5467    32.5715    1439.21  0.000e+00
     36.840   71.58612 -161.39568    -1.5470    32.5716    1439.21  0.000e+00
     36.940   71.58612 -161.39568    -1.5470    32.5718    1439.21  0.000e+00
     36.894   71.58612 -161.39568    -1.5465    32.5711    1439.21  0.000e+00
     36.894   71.58612 -161.39568    -1.5468    32.5716    1439.21  0.000e+00
     36.886   71.58612 -161.39568    -1.5467    32.5715    1439.21  0.000e+00
     36.894   71.58612 -161.39568    -1.5467    32.5717    1439.21  0.000e+00
     36.894   71.58612 -161.39568    -1.5466    32.5710    1439.21  0.000e+00
     36.940   71.58612 -161.39568    -1.5464    32.5710    1439.21  0.000e+00
     36.894   71.58612 -161.39568    -1.5459    32.4468    1439.05  0.000e+00
     36.894   71.58612 -161.39568    -1.5456    32.4216    1439.01  0.000e+00
     36.886   71.58612 -161.39568    -1.5457    32.5325    1439.16  0.000e+00
     36.894   71.58612 -161.39568    -1.5456    32.5672    1439.21  0.000e+00
     36.886   71.58612 -161.39568    -1.5455    32.5680    1439.21  0.000e+00
     36.894   71.58612 -161.39568    -1.5457    32.5698    1439.21  0.000e+00
     36.894   71.58612 -161.39568    -1.5457    32.5706    1439.22  0.000e+00
     36.940   71.58612 -161.39568    -1.5460    32.5709    1439.21  0.000e+00
     36.894   71.58612 -161.39568    -1.5458    32.5707    1439.22  0.000e+00
     36.840   71.58612 -161.39568    -1.5460    32.5707    1439.21  0.000e+00
     36.940   71.58612 -161.39568    -1.5459    32.5706    1439.22  0.000e+00
     36.894   71.58612 -161.39568    -1.5460    32.5710    1439.21  0.000e+00
     36.894   71.58612 -161.39568    -1.5460    32.5709    1439.21  0.000e+00
     36.886   71.58612 -161.39568    -1.5461    32.5709    1439.21  0.000e+00
     36.894   71.58612 -161.39568    -1.5460    32.5710    1439.21  0.000e+00
     36.894   71.58612 -161.39568    -1.5459    32.5710    1439.21  0.000e+00
     36.886   71.58612 -161.39568    -1.5459    32.5708    1439.21  0.000e+00
     36.894   71.58612 -161.39568    -1.5461    32.5710    1439.21  0.000e+00
     36.894   71.58612 -161.39568    -1.5462    32.5713    1439.21  0.000e+00
     36.886   71.58612 -161.39568    -1.5460    32.5715    1439.22  0.000e+00
     36.894   71.58612 -161.39568    -1.5457    32.5714    1439.22  0.000e+00
     36.894   71.58612 -161.39568    -1.5453    32.5709    1439.22  0.000e+00
     36.886   71.58612 -161.39568    -1.5455    32.5709    1439.22  0.000e+00
     36.840   71.58612 -161.39568    -1.5456    32.5709    1439.22  0.000e+00
     36.940   71.58612 -161.39568    -1.5456    32.5711    1439.22  0.000e+00
     36.840   71.58612 -161.39568    -1.5453    32.5706    1439.22  0.000e+00
     36.894   71.58612 -161.39568    -1.5455    32.5710    1439.22  0.000e+00
     36.886   71.58612 -161.39568    -1.5452    32.5707    1439.22  0.000e+00
     36.894   71.58612 -161.39568    -1.5451    32.5707    1439.22  0.000e+00
     36.840   71.58612 -161.39568    -1.5451    32.5705    1439.22  0.000e+00
     36.886   71.58612 -161.39568    -1.5453    32.5708    1439.22  0.000e+00
     36.894   71.58612 -161.39568    -1.5453    32.5711    1439.22  0.000e+00
     36.840   71.58612 -161.39568    -1.5452    32.5712    1439.22  0.000e+00
     36.886   71.58612 -161.39568    -1.5453    32.5710    1439.22  0.000e+00
     36.894   71.58612 -161.39568    -1.5459    32.5712    1439.22  0.000e+00
