EcoFOCI/data/1_SampleCollection/2023_SikuliaqDBO_CruiseData/CTD_raw_BottleFile_SKQ23-12S/proc/skq202312s_077.ros
* Sea-Bird SBE 9 Data File:
* FileName = D:\CTD\SKQ202312S\SKQ202312S_077.hex
* Software Version Seasave V 7.26.7.121
* Temperature SN = 6177
* Conductivity SN = 0369
* Number of Bytes Per Scan = 41
* Number of Voltage Words = 4
* Number of Scans Averaged by the Deck Unit = 1
* NMEA Latitude = 65 46.95 N
* NMEA Longitude = 168 50.45 W
* NMEA UTC (Time) = Oct 03 2023  04:36:08
* NMEA baud rate = 4800
** Ship: R/V Sikuliaq
** Station Number: 077
** Station Name: BS8
** Bottom Depth: 47
** Operator: SD
# nquan = 22
# nvalues = 833                                   
# units = specified
# name 0 = depSM: Depth [salt water, m]
# name 1 = latitude: Latitude [deg]
# name 2 = longitude: Longitude [deg]
# name 3 = prDM: Pressure, Digiquartz [db]
# name 4 = t090C: Temperature [ITS-90, deg C]
# name 5 = t190C: Temperature, 2 [ITS-90, deg C]
# name 6 = potemp090C: Potential Temperature [ITS-90, deg C]
# name 7 = sal00: Salinity, Practical [PSU]
# name 8 = sal11: Salinity, Practical, 2 [PSU]
# name 9 = density00: Density [density, kg/m^3]
# name 10 = sigma-é00: Density [sigma-theta, kg/m^3]
# name 11 = sbox0Mm/Kg: Oxygen, SBE 43 [umol/kg]
# name 12 = sbox1Mm/Kg: Oxygen, SBE 43, 2 [umol/kg]
# name 13 = oxsolMm/Kg: Oxygen Saturation, Garcia & Gordon [umol/kg]
# name 14 = sbeox0PS: Oxygen, SBE 43 [% saturation]
# name 15 = v0: Voltage 0
# name 16 = flECO-AFL: Fluorescence, WET Labs ECO-AFL/FL [mg/m^3]
# name 17 = CStarAt0: Beam Attenuation, WET Labs C-Star [1/m]
# name 18 = par: PAR/Irradiance, Biospherical/Licor
# name 19 = scan: Scan Count
# name 20 = nbf: Bottles Fired
# name 21 = flag:  0.000e+00
# interval = seconds: 0.0416667
# start_time = Oct 03 2023 04:40:00 [NMEA time, first data scan]
# bad_flag = -9.990e-29
*END*
[from data line 330]
     30.365   65.78176 -168.84292     30.669     3.0606     3.0615     3.0588    32.9078    32.9189  1026.3538    26.2100    242.175    231.754  327.22528     74.009     0.1868     0.7729     0.9260 1.0000e-12      10582          7  0.000e+00
     30.411   65.78176 -168.84292     30.716     3.0606     3.0614     3.0588    32.9074    32.9190  1026.3537    26.2097    242.165    231.745  327.22625     74.005     0.1868     0.7729     0.9260 1.0000e-12      10583          7  0.000e+00
     30.365   65.78176 -168.84292     30.669     3.0604     3.0614     3.0586    32.9076    32.9193  1026.3537    26.2099    242.114    231.733  327.22687     73.990     0.1880     0.7802     0.9260 1.0000e-12      10584          7  0.000e+00
     30.411   65.78176 -168.84292     30.716     3.0605     3.0614     3.0587    32.9073    32.9190  1026.3537    26.2097    242.096    231.725  327.22674     73.984     0.1868     0.7729     0.9260 1.0000e-12      10585          7  0.000e+00
     30.365   65.78176 -168.84292     30.669     3.0604     3.0614     3.0586    32.9078    32.9189  1026.3539    26.2101    242.073    231.716  327.22637     73.977     0.1880     0.7802     0.9273 1.0000e-12      10586          7  0.000e+00
     30.419   65.78176 -168.84292     30.724     3.0607     3.0612     3.0590    32.9072    32.9190  1026.3536    26.2095    241.832    231.710  327.22537     73.904     0.1868     0.7729     0.9286 1.0000e-12      10587          7  0.000e+00
     30.349   65.78176 -168.84292     30.654     3.0602     3.0614     3.0584    32.9081    32.9191  1026.3540    26.2103    241.988    231.701  327.22753     73.951     0.1880     0.7802     0.9286 1.0000e-12      10588          7  0.000e+00
     30.365   65.78176 -168.84292     30.669     3.0602     3.0614     3.0585    32.9077    32.9193  1026.3538    26.2100    241.743    231.695  327.22796     73.876     0.1868     0.7729     0.9273 1.0000e-12      10589          7  0.000e+00
     30.419   65.78176 -168.84292     30.724     3.0604     3.0615     3.0586    32.9076    32.9188  1026.3540    26.2099    241.715    231.669  327.22694     73.868     0.1880     0.7802     0.9273 1.0000e-12      10590          7  0.000e+00
     30.349   65.78176 -168.84292     30.654     3.0602     3.0612     3.0585    32.9079    32.9193  1026.3539    26.2101    241.685    231.663  327.22754     73.858     0.1868     0.7729     0.9286 1.0000e-12      10591          7  0.000e+00
     30.365   65.78176 -168.84292     30.669     3.0604     3.0617     3.0586    32.9078    32.9189  1026.3538    26.2100    241.619    231.657  327.22697     73.838     0.1880     0.7802     0.9273 1.0000e-12      10592          7  0.000e+00
     30.411   65.78176 -168.84292     30.716     3.0604     3.0614     3.0586    32.9077    32.9192  1026.3540    26.2099    241.807    231.634  327.22673     73.896     0.1868     0.7729     0.9286 1.0000e-12      10593          7  0.000e+00
     30.365   65.78176 -168.84292     30.669     3.0604     3.0615     3.0586    32.9079    32.9185  1026.3540    26.2101    241.555    231.630  327.22617     73.819     0.1880     0.7802     0.9286 1.0000e-12      10594          7  0.000e+00
     24.077   65.78164 -168.84330     24.318     2.8365     2.8449     2.8351    32.7381    32.7560  1026.2080    26.0938    260.433    251.864  329.46690     79.047     0.4274     2.2161     0.8934 1.0000e-12      13904          8  0.000e+00
     24.038   65.78164 -168.84330     24.279     2.8365     2.8446     2.8351    32.7392    32.7558  1026.2088    26.0947    260.438    251.864  329.46411     79.049     0.4261     2.2088     0.8947 1.0000e-12      13905          8  0.000e+00
     24.023   65.78164 -168.84330     24.263     2.8368     2.8445     2.8354    32.7405    32.7558  1026.2097    26.0957    260.480    251.866  329.45834     79.063     0.4261     2.2088     0.8934 1.0000e-12      13906          8  0.000e+00
     24.038   65.78164 -168.84330     24.279     2.8371     2.8451     2.8358    32.7406    32.7558  1026.2098    26.0957    260.346    251.864  329.45544     79.023     0.4261     2.2088     0.8934 1.0000e-12      13907          8  0.000e+00
     24.077   65.78164 -168.84330     24.318     2.8374     2.8463     2.8361    32.7406    32.7562  1026.2100    26.0957    260.584    251.838  329.45267     79.096     0.4261     2.2088     0.8934 1.0000e-12      13908          8  0.000e+00
     24.038   65.78164 -168.84330     24.279     2.8377     2.8473     2.8364    32.7409    32.7566  1026.2100    26.0960    260.383    252.006  329.44930     79.036     0.4249     2.2015     0.8947 1.0000e-12      13909          8  0.000e+00
     24.077   65.78164 -168.84330     24.318     2.8381     2.8474     2.8367    32.7405    32.7580  1026.2098    26.0956    260.554    252.032  329.44775     79.088     0.4261     2.2088     0.8947 1.0000e-12      13910          8  0.000e+00
     24.092   65.78164 -168.84330     24.334     2.8384     2.8474     2.8370    32.7405    32.7582  1026.2099    26.0956    259.922    252.038  329.44505     78.897     0.4249     2.2015     0.8947 1.0000e-12      13911          8  0.000e+00
     24.077   65.78164 -168.84330     24.318     2.8384     2.8466     2.8370    32.7405    32.7579  1026.2098    26.0955    260.502    252.049  329.44523     79.073     0.4261     2.2088     0.8947 1.0000e-12      13912          8  0.000e+00
     24.038   65.78164 -168.84330     24.279     2.8386     2.8456     2.8372    32.7405    32.7579  1026.2096    26.0955    260.313    252.085  329.44387     79.016     0.4261     2.2088     0.8934 1.0000e-12      13913          8  0.000e+00
     24.131   65.78164 -168.84330     24.373     2.8388     2.8455     2.8375    32.7408    32.7575  1026.2103    26.0958    260.532    252.096  329.44077     79.083     0.4261     2.2088     0.8934 1.0000e-12      13914          8  0.000e+00
     24.092   65.78164 -168.84330     24.334     2.8391     2.8457     2.8378    32.7410    32.7564  1026.2102    26.0959    260.565    251.907  329.43770     79.094     0.4261     2.2088     0.8947 1.0000e-12      13915          8  0.000e+00
     24.077   65.78164 -168.84330     24.318     2.8395     2.8452     2.8381    32.7409    32.7565  1026.2101    26.0958    260.600    251.894  329.43527     79.105     0.4261     2.2088     0.8934 1.0000e-12      13916          8  0.000e+00
     24.154   65.78164 -168.84330     24.396     2.8396     2.8445     2.8383    32.7408    32.7563  1026.2103    26.0957    260.642    251.888  329.43427     79.118     0.4261     2.2088     0.8934 1.0000e-12      13917          8  0.000e+00
     24.077   65.78164 -168.84330     24.318     2.8396     2.8440     2.8383    32.7402    32.7555  1026.2095    26.0952    260.682    252.072  329.43578     79.130     0.4261     2.2088     0.8934 1.0000e-12      13918          8  0.000e+00
     24.154   65.78164 -168.84330     24.396     2.8398     2.8431     2.8385    32.7404    32.7556  1026.2099    26.0953    260.725    252.090  329.43367     79.143     0.4274     2.2161     0.8947 1.0000e-12      13919          8  0.000e+00
     24.131   65.78164 -168.84330     24.373     2.8399     2.8430     2.8386    32.7401    32.7550  1026.2096    26.0951    260.768    252.101  329.43355     79.156     0.4261     2.2088     0.8934 1.0000e-12      13920          8  0.000e+00
     24.131   65.78164 -168.84330     24.373     2.8401     2.8424     2.8387    32.7402    32.7553  1026.2096    26.0952    260.812    252.114  329.43194     79.170     0.4127     2.1282     0.8934 1.0000e-12      13921          8  0.000e+00
     24.154   65.78164 -168.84330     24.396     2.8401     2.8422     2.8387    32.7405    32.7548  1026.2100    26.0954    260.896    252.151  329.43106     79.196     0.3907     1.9963     0.8947 1.0000e-12      13922          8  0.000e+00
     24.131   65.78164 -168.84330     24.373     2.8401     2.8419     2.8387    32.7402    32.7552  1026.2096    26.0952    260.946    251.966  329.43194     79.211     0.3858     1.9670     0.8947 1.0000e-12      13923          8  0.000e+00
     24.154   65.78162 -168.84330     24.396     2.8401     2.8435     2.8387    32.7400    32.7557  1026.2096    26.0950    260.998    251.944  329.43227     79.227     0.3858     1.9670     0.8947 1.0000e-12      13924          8  0.000e+00
     24.193   65.78162 -168.84330     24.435     2.8401     2.8447     2.8387    32.7402    32.7569  1026.2100    26.0952    261.016    251.924  329.43182     79.232     0.3871     1.9743     0.8947 1.0000e-12      13925          8  0.000e+00
     24.154   65.78162 -168.84330     24.396     2.8401     2.8449     2.8387    32.7401    32.7575  1026.2097    26.0951    261.031    251.910  329.43217     79.237     0.3871     1.9743     0.8947 1.0000e-12      13926          8  0.000e+00
     24.131   65.78162 -168.84330     24.373     2.8403     2.8446     2.8389    32.7388    32.7582  1026.2085    26.0940    261.047    251.902  329.43407     79.241     0.3883     1.9817     0.8947 1.0000e-12      13927          8  0.000e+00
     24.208   65.78162 -168.84330     24.451     2.8404     2.8452     2.8391    32.7358    32.7584  1026.2065    26.0917    261.071    251.892  329.44016     79.247     0.3871     1.9743     0.8947 1.0000e-12      13928          8  0.000e+00
     24.193   65.78162 -168.84330     24.435     2.8404     2.8452     2.8391    32.7335    32.7594  1026.2046    26.0898    261.091    251.883  329.44591     79.252     0.3883     1.9817     0.8947 1.0000e-12      13929          8  0.000e+00
     24.154   65.78162 -168.84330     24.396     2.8401     2.8452     2.8387    32.7303    32.7594  1026.2019    26.0873    261.115    251.876  329.45657     79.256     0.3871     1.9743     0.8947 1.0000e-12      13930          8  0.000e+00
     24.193   65.78162 -168.84330     24.435     2.8398     2.8451     2.8384    32.7275    32.7586  1026.1998    26.0851    261.140    251.874  329.46632     79.262     0.3871     1.9743     0.8947 1.0000e-12      13931          8  0.000e+00
     24.154   65.78162 -168.84330     24.396     2.8388     2.8446     2.8375    32.7276    32.7579  1026.1998    26.0852    261.162    252.070  329.47401     79.266     0.3871     1.9743     0.8947 1.0000e-12      13932          8  0.000e+00
     24.193   65.78162 -168.84330     24.435     2.8374     2.8443     2.8361    32.7289    32.7571  1026.2012    26.0864    261.150    252.094  329.48199     79.261     0.3871     1.9743     0.8947 1.0000e-12      13933          8  0.000e+00
     24.208   65.78162 -168.84330     24.451     2.8366     2.8441     2.8353    32.7295    32.7570  1026.2018    26.0869    261.170    251.919  329.48713     79.266     0.3871     1.9743     0.8947 1.0000e-12      13934          8  0.000e+00
     24.193   65.78162 -168.84330     24.435     2.8357     2.8430     2.8343    32.7310    32.7579  1026.2030    26.0882    261.188    251.922  329.49081     79.270     0.3883     1.9817     0.8947 1.0000e-12      13935          8  0.000e+00
     24.208   65.78162 -168.84330     24.451     2.8352     2.8438     2.8339    32.7322    32.7565  1026.2040    26.0892    261.205    251.918  329.49182     79.275     0.3871     1.9743     0.8947 1.0000e-12      13936          8  0.000e+00
     24.193   65.78162 -168.84330     24.435     2.8349     2.8439     2.8335    32.7333    32.7561  1026.2049    26.0901    261.219    251.917  329.49168     79.279     0.3871     1.9743     0.8947 1.0000e-12      13937          8  0.000e+00
     24.208   65.78162 -168.84330     24.451     2.8346     2.8443     2.8332    32.7345    32.7555  1026.2059    26.0911    261.234    251.915  329.49138     79.284     0.3871     1.9743     0.8947 1.0000e-12      13938          8  0.000e+00
     24.193   65.78162 -168.84330     24.435     2.8344     2.8443     2.8331    32.7346    32.7550  1026.2060    26.0912    261.250    251.893  329.49226     79.289     0.3871     1.9743     0.8947 1.0000e-12      13939          8  0.000e+00
     24.208   65.78162 -168.84330     24.451     2.8347     2.8438     2.8334    32.7336    32.7548  1026.2052    26.0904    261.228    251.898  329.49220     79.282     0.3858     1.9670     0.8947 1.0000e-12      13940          8  0.000e+00
     24.193   65.78162 -168.84330     24.435     2.8359     2.8430     2.8345    32.7323    32.7544  1026.2040    26.0892    261.235    251.906  329.48636     79.285     0.3871     1.9743     0.8960 1.0000e-12      13941          8  0.000e+00
     24.208   65.78162 -168.84330     24.451     2.8367     2.8427     2.8354    32.7309    32.7540  1026.2029    26.0881    261.208    251.912  329.48268     79.278     0.3858     1.9670     0.9051 1.0000e-12      13942          8  0.000e+00
     24.193   65.78162 -168.84330     24.435     2.8368     2.8423     2.8354    32.7296    32.7539  1026.2018    26.0870    261.440    251.918  329.48550     79.348     0.3871     1.9743     0.9103 1.0000e-12      13943          8  0.000e+00
     24.131   65.78162 -168.84330     24.373     2.8365     2.8421     2.8351    32.7292    32.7539  1026.2012    26.0867    261.268    251.923  329.48914     79.295     0.3858     1.9670     0.9103 1.0000e-12      13944          8  0.000e+00
     24.270   65.78162 -168.84330     24.513     2.8346     2.8421     2.8332    32.7301    32.7535  1026.2027    26.0875    261.732    251.934  329.50240     79.433     0.3871     1.9743     0.9103 1.0000e-12      13945          8  0.000e+00
     24.247   65.78162 -168.84330     24.490     2.8325     2.8429     2.8312    32.7319    32.7526  1026.2042    26.0892    261.602    252.131  329.51451     79.390     0.3858     1.9670     0.9103 1.0000e-12      13946          8  0.000e+00
     24.208   65.78162 -168.84330     24.451     2.8311     2.8424     2.8298    32.7340    32.7529  1026.2058    26.0909    261.648    252.162  329.52066     79.403     0.3651     1.8425     0.9103 1.0000e-12      13947          8  0.000e+00
     24.193   65.78162 -168.84330     24.435     2.8308     2.8421     2.8295    32.7345    32.7532  1026.2062    26.0914    261.689    251.998  329.52184     79.415     0.3541     1.7765     0.9103 1.0000e-12      13948          8  0.000e+00
     24.208   65.78162 -168.84330     24.451     2.8305     2.8418     2.8291    32.7335    32.7535  1026.2055    26.0907    261.658    251.984  329.52701     79.404     0.3516     1.7619     0.9103 1.0000e-12      13949          8  0.000e+00
     24.193   65.78162 -168.84330     24.435     2.8297     2.8414     2.8284    32.7328    32.7536  1026.2049    26.0901    261.699    251.993  329.53505     79.415     0.3541     1.7765     0.9103 1.0000e-12      13950          8  0.000e+00
     24.208   65.78162 -168.84330     24.451     2.8289     2.8407     2.8276    32.7326    32.7536  1026.2049    26.0901    261.738    252.007  329.54202     79.425     0.3529     1.7692     0.9103 1.0000e-12      13951          8  0.000e+00
     24.193   65.78162 -168.84330     24.435     2.8288     2.8399     2.8274    32.7326    32.7530  1026.2048    26.0900    261.770    251.999  329.54341     79.434     0.3541     1.7765     0.9103 1.0000e-12      13952          8  0.000e+00
     20.447   65.78152 -168.84360     20.652     3.0108     3.0246     3.0096    32.6174    32.6198  1026.0796    25.9826    276.120    266.883  328.35016     84.093     0.2711     1.2784     0.7847 4.4238e-03      16228          9  0.000e+00
     20.409   65.78152 -168.84360     20.613     3.0111     3.0251     3.0099    32.6176    32.6195  1026.0795    25.9827    275.956    266.880  328.34771     84.044     0.2711     1.2784     0.7847 2.3659e-03      16229          9  0.000e+00
     20.447   65.78152 -168.84360     20.652     3.0121     3.0257     3.0109    32.6173    32.6189  1026.0793    25.9824    275.973    266.878  328.34018     84.051     0.2711     1.2784     0.7847 2.0263e-03      16230          9  0.000e+00
