EcoFOCI/data/1_SampleCollection/2023_SikuliaqDBO_CruiseData/CTD_raw_BottleFile_SKQ23-12S/proc/skq202312s_037.ros
* Sea-Bird SBE 9 Data File:
* FileName = D:\CTD\SKQ202312S\SKQ202312S_037.hex
* Software Version Seasave V 7.26.7.121
* Temperature SN = 6177
* Conductivity SN = 0369
* Number of Bytes Per Scan = 41
* Number of Voltage Words = 4
* Number of Scans Averaged by the Deck Unit = 1
* NMEA Latitude = 71 11.55 N
* NMEA Longitude = 160 15.97 W
* NMEA UTC (Time) = Sep 23 2023  07:57:53
* NMEA baud rate = 4800
** Ship: R/V Sikuliaq
** Station Number: 037
** Station Name: DBO4.1n
** Bottom Depth: 54
** Operator: SS
# nquan = 22
# nvalues = 980                                   
# units = specified
# name 0 = depSM: Depth [salt water, m]
# name 1 = latitude: Latitude [deg]
# name 2 = longitude: Longitude [deg]
# name 3 = prDM: Pressure, Digiquartz [db]
# name 4 = t090C: Temperature [ITS-90, deg C]
# name 5 = t190C: Temperature, 2 [ITS-90, deg C]
# name 6 = potemp090C: Potential Temperature [ITS-90, deg C]
# name 7 = sal00: Salinity, Practical [PSU]
# name 8 = sal11: Salinity, Practical, 2 [PSU]
# name 9 = density00: Density [density, kg/m^3]
# name 10 = sigma-é00: Density [sigma-theta, kg/m^3]
# name 11 = sbox0Mm/Kg: Oxygen, SBE 43 [umol/kg]
# name 12 = sbox1Mm/Kg: Oxygen, SBE 43, 2 [umol/kg]
# name 13 = oxsolMm/Kg: Oxygen Saturation, Garcia & Gordon [umol/kg]
# name 14 = sbeox0PS: Oxygen, SBE 43 [% saturation]
# name 15 = v0: Voltage 0
# name 16 = flECO-AFL: Fluorescence, WET Labs ECO-AFL/FL [mg/m^3]
# name 17 = CStarAt0: Beam Attenuation, WET Labs C-Star [1/m]
# name 18 = par: PAR/Irradiance, Biospherical/Licor
# name 19 = scan: Scan Count
# name 20 = nbf: Bottles Fired
# name 21 = flag:  0.000e+00
# interval = seconds: 0.0416667
# start_time = Sep 23 2023 08:01:24 [NMEA time, first data scan]
# bad_flag = -9.990e-29
*END*
[from data line 593]
     13.150   71.19248 -160.26608     13.286    -1.0154    -1.0037    -1.0157    31.8776    31.8794  1025.6876    25.6236    465.533    443.696  366.24418    127.110     0.1783     0.7216     0.6863 1.0000e-12      24105         13  0.000e+00
     13.173   71.19248 -160.26608     13.310    -1.0142    -1.0042    -1.0145    31.8762    31.8800  1025.6865    25.6224    465.764    443.737  366.23662    127.176     0.1783     0.7216     0.6863 1.0000e-12      24106         13  0.000e+00
     13.204   71.19248 -160.26608     13.341    -1.0130    -1.0033    -1.0133    31.8741    31.8788  1025.6849    25.6206    465.789    443.763  366.23039    127.185     0.1783     0.7216     0.6863 1.0000e-12      24107         13  0.000e+00
     13.150   71.19248 -160.26608     13.286    -1.0116    -1.0005    -1.0119    31.8724    31.8755  1025.6833    25.6192    465.549    443.765  366.22167    127.122     0.1783     0.7216     0.6863 1.0000e-12      24108         13  0.000e+00
     13.204   71.19248 -160.26608     13.341    -1.0104    -0.9984    -1.0107    31.8711    31.8732  1025.6825    25.6182    465.524    443.746  366.21368    127.118     0.1783     0.7216     0.6753 1.0000e-12      24109         13  0.000e+00
     13.174   71.19248 -160.26608     13.310    -1.0098    -0.9962    -1.0101    31.8703    31.8711  1025.6816    25.6174    465.754    443.717  366.21000    127.182     0.1783     0.7216     0.5806 1.0000e-12      24110         13  0.000e+00
     13.150   71.19248 -160.26608     13.286    -1.0095    -0.9953    -1.0098    31.8701    31.8700  1025.6813    25.6173    465.779    443.732  366.20767    127.190     0.1783     0.7216     0.5377 1.0000e-12      24111         13  0.000e+00
     13.204   71.19248 -160.26608     13.341    -1.0091    -0.9953    -1.0094    31.8704    31.8702  1025.6818    25.6175    465.803    443.727  366.20300    127.198     0.1783     0.7216     0.5354 1.0000e-12      24112         13  0.000e+00
     13.151   71.19248 -160.26608     13.286    -1.0089    -0.9951    -1.0091    31.8694    31.8701  1025.6807    25.6167    465.572    443.711  366.20356    127.135     0.1783     0.7216     0.5389 1.6876e-03      24113         13  0.000e+00
     13.174   71.19248 -160.26608     13.310    -1.0090    -0.9951    -1.0093    31.8693    31.8701  1025.6808    25.6167    465.808    443.732  366.20536    127.199     0.1783     0.7216     0.5413 3.7340e-03      24114         13  0.000e+00
     13.151   71.19248 -160.26608     13.286    -1.0097    -0.9954    -1.0100    31.8706    31.8701  1025.6817    25.6177    465.836    443.753  366.20860    127.205     0.1783     0.7216     0.5413 4.4238e-03      24115         13  0.000e+00
     13.205   71.19248 -160.26608     13.341    -1.0101    -0.9951    -1.0103    31.8713    31.8699  1025.6826    25.6183    465.863    443.737  366.20991    127.212     0.1795     0.7289     0.5413 4.4238e-03      24116         13  0.000e+00
     13.151   71.19248 -160.26608     13.287    -1.0107    -0.9957    -1.0110    31.8723    31.8702  1025.6831    25.6191    465.631    443.723  366.21320    127.148     0.1783     0.7216     0.5413 5.1175e-03      24117         13  0.000e+00
     13.112   71.19248 -160.26608     13.248    -1.0107    -0.9970    -1.0110    31.8724    31.8719  1025.6830    25.6192    465.855    443.744  366.21289    127.209     0.1795     0.7289     0.5413 5.1175e-03      24118         13  0.000e+00
     13.151   71.19248 -160.26608     13.287    -1.0108    -0.9977    -1.0111    31.8720    31.8725  1025.6829    25.6189    465.878    443.539  366.21506    127.214     0.1783     0.7216     0.5413 1.6876e-03      24119         13  0.000e+00
     13.151   71.19248 -160.26608     13.287    -1.0107    -0.9983    -1.0110    31.8712    31.8731  1025.6822    25.6182    465.895    443.750  366.21636    127.219     0.1783     0.7216     0.5413 1.0000e-12      24120         13  0.000e+00
     13.151   71.19248 -160.26608     13.287    -1.0106    -0.9982    -1.0109    31.8712    31.8730  1025.6823    25.6182    465.858    443.758  366.21511    127.209     0.1770     0.7143     0.5413 1.0000e-12      24121         13  0.000e+00
     13.174   71.19248 -160.26608     13.310    -1.0102    -0.9980    -1.0105    31.8712    31.8725  1025.6823    25.6182    465.561    443.766  366.21186    127.129     0.1758     0.7069     0.5413 1.0000e-12      24122         13  0.000e+00
     13.089   71.19248 -160.26608     13.224    -1.0106    -0.9980    -1.0109    31.8704    31.8727  1025.6813    25.6176    465.778    443.767  366.21794    127.186     0.1758     0.7069     0.5413 1.0000e-12      24123         13  0.000e+00
     13.151   71.19248 -160.26608     13.287    -1.0110    -0.9968    -1.0113    31.8698    31.8713  1025.6811    25.6171    465.895    443.989  366.22366    127.216     0.1758     0.7069     0.5413 1.0000e-12      24124         13  0.000e+00
     13.151   71.19248 -160.26608     13.287    -1.0119    -0.9955    -1.0122    31.8695    31.8701  1025.6809    25.6168    465.918    443.784  366.23359    127.219     0.1758     0.7069     0.5413 1.0000e-12      24125         13  0.000e+00
     13.112   71.19248 -160.26608     13.248    -1.0116    -0.9939    -1.0119    31.8681    31.8677  1025.6796    25.6158    465.971    443.768  366.23402    127.233     0.1758     0.7069     0.5413 1.0000e-12      24126         13  0.000e+00
     13.151   71.19248 -160.26608     13.287    -1.0098    -0.9937    -1.0101    31.8658    31.8675  1025.6778    25.6138    465.707    443.994  366.22298    127.165     0.1758     0.7069     0.5413 1.0000e-12      24127         13  0.000e+00
     13.151   71.19248 -160.26608     13.287    -1.0063    -0.9940    -1.0066    31.8622    31.8679  1025.6748    25.6108    465.628    444.025  366.19913    127.152     0.1758     0.7069     0.5413 1.0000e-12      24128         13  0.000e+00
     13.151   71.19248 -160.26608     13.287    -1.0012    -0.9945    -1.0015    31.8564    31.8682  1025.6700    25.6060    466.041    443.799  366.16585    127.276     0.1770     0.7143     0.5413 1.0000e-12      24129         13  0.000e+00
     13.113   71.19248 -160.26608     13.248    -0.9963    -0.9949    -0.9966    31.8509    31.8688  1025.6652    25.6013    465.782    444.018  366.13378    127.216     0.1758     0.7069     0.5806 1.0000e-12      24130         13  0.000e+00
     13.090   71.19248 -160.26608     13.225    -0.9948    -0.9951    -0.9951    31.8490    31.8689  1025.6635    25.5998    465.766    443.814  366.12459    127.215     0.1758     0.7069     0.6059 1.0000e-12      24131         13  0.000e+00
     13.151   71.19248 -160.26608     13.287    -0.9960    -0.9951    -0.9963    31.8496    31.8690  1025.6643    25.6003    465.783    443.806  366.13472    127.216     0.1758     0.7069     0.6095 1.0000e-12      24132         13  0.000e+00
     13.151   71.19248 -160.26608     13.287    -0.9992    -0.9951    -0.9995    31.8528    31.8690  1025.6670    25.6029    465.815    443.793  366.15688    127.217     0.1758     0.7069     0.6071 1.0000e-12      24133         13  0.000e+00
     13.113   71.19248 -160.26608     13.248    -1.0019    -0.9940    -1.0022    31.8558    31.8679  1025.6694    25.6055    465.834    443.991  366.17429    127.217     0.1758     0.7069     0.6059 1.0000e-12      24134         13  0.000e+00
     13.151   71.19248 -160.26608     13.287    -1.0043    -0.9927    -1.0046    31.8588    31.8667  1025.6721    25.6080    466.106    443.993  366.18919    127.286     0.1758     0.7069     0.6059 1.0000e-12      24135         13  0.000e+00
     13.090   71.19248 -160.26608     13.225    -1.0055    -0.9904    -1.0058    31.8603    31.8641  1025.6730    25.6092    465.897    443.978  366.19668    127.226     0.1758     0.7069     0.6059 1.0000e-12      24136         13  0.000e+00
     13.151   71.19248 -160.26608     13.287    -1.0061    -0.9884    -1.0064    31.8614    31.8622  1025.6742    25.6101    465.892    443.970  366.19980    127.223     0.1758     0.7069     0.6059 1.0000e-12      24137         13  0.000e+00
     13.113   71.19248 -160.26608     13.248    -1.0046    -0.9872    -1.0049    31.8596    31.8607  1025.6725    25.6086    466.112    443.962  366.19034    127.287     0.1758     0.7069     0.6059 1.0000e-12      24138         13  0.000e+00
     13.152   71.19248 -160.26608     13.287    -1.0025    -0.9877    -1.0027    31.8571    31.8612  1025.6706    25.6065    466.169    443.973  366.17639    127.307     0.1758     0.7069     0.6059 1.0000e-12      24139         13  0.000e+00
     13.090   71.19248 -160.26608     13.225    -1.0006    -0.9898    -1.0009    31.8545    31.8632  1025.6682    25.6044    466.174    443.993  366.16579    127.312     0.1758     0.7069     0.6059 1.0000e-12      24140         13  0.000e+00
     13.090   71.19248 -160.26608     13.225    -1.0003    -0.9922    -1.0006    31.8543    31.8660  1025.6680    25.6042    466.445    444.016  366.16299    127.387     0.1758     0.7069     0.6059 1.0000e-12      24141         13  0.000e+00
     13.175   71.19248 -160.26608     13.311    -1.0008    -0.9946    -1.0011    31.8550    31.8685  1025.6690    25.6048    466.265    444.042  366.16612    127.337     0.1770     0.7143     0.6059 1.0000e-12      24142         13  0.000e+00
     13.090   71.19248 -160.26608     13.225    -1.0023    -0.9955    -1.0026    31.8543    31.8693  1025.6680    25.6043    466.296    444.040  366.18267    127.340     0.1758     0.7069     0.6059 1.0000e-12      24143         13  0.000e+00
     13.152   71.19248 -160.26608     13.288    -1.0037    -0.9961    -1.0039    31.8498    31.8700  1025.6647    25.6007    466.344    444.040  366.20904    127.344     0.1770     0.7143     0.6059 2.0263e-03      24144         13  0.000e+00
     13.152   71.19248 -160.26608     13.288    -1.0039    -0.9962    -1.0042    31.8552    31.8702  1025.6691    25.6051    466.382    444.029  366.19625    127.358     0.1758     0.7069     0.6059 4.4238e-03      24145         13  0.000e+00
     13.113   71.19248 -160.26608     13.249    -1.0046    -0.9957    -1.0049    31.8589    31.8699  1025.6719    25.6081    466.378    444.007  366.19241    127.359     0.1758     0.7069     0.6059 4.4238e-03      24146         13  0.000e+00
     13.090   71.19248 -160.26608     13.225    -1.0038    -0.9955    -1.0041    31.8589    31.8696  1025.6718    25.6080    466.412    444.213  366.18455    127.371     0.1722     0.6850     0.6059 1.3499e-03      24147         13  0.000e+00
     13.152   71.19248 -160.26608     13.288    -1.0032    -0.9954    -1.0035    31.8591    31.8692  1025.6722    25.6082    466.402    444.259  366.17786    127.370     0.1709     0.6776     0.6059 1.0000e-12      24148         13  0.000e+00
     10.251   71.19248 -160.26610     10.357     0.4473     0.4751     0.4470    30.7956    30.7884  1024.7432    24.6937    432.053    406.191  355.35650    121.583     0.1929     0.8095     0.5259 2.3391e-02      26734         14  0.000e+00
     10.220   71.19248 -160.26610     10.326     0.4466     0.4734     0.4462    30.7965    30.7898  1024.7438    24.6944    432.078    405.957  355.36120    121.588     0.1917     0.8022     0.5259 2.2993e-02      26735         14  0.000e+00
     10.274   71.19248 -160.26610     10.380     0.4455     0.4734     0.4452    30.7977    30.7895  1024.7452    24.6955    432.110    406.127  355.36750    121.595     0.1917     0.8022     0.5259 2.5807e-02      26736         14  0.000e+00
     10.220   71.19248 -160.26610     10.326     0.4452     0.4785     0.4448    30.7972    30.7838  1024.7445    24.6951    432.089    406.069  355.37217    121.588     0.1917     0.8022     0.5259 2.7851e-02      26737         14  0.000e+00
     10.220   71.19248 -160.26610     10.326     0.4445     0.4864     0.4442    30.7974    30.7752  1024.7447    24.6953    432.114    405.998  355.37717    121.593     0.1917     0.8022     0.5235 2.7851e-02      26738         14  0.000e+00
     10.274   71.19248 -160.26610     10.380     0.4443     0.4952     0.4439    30.7979    30.7663  1024.7454    24.6957    432.137    405.905  355.37840    121.599     0.1905     0.7949     0.5235 3.4160e-02      26739         14  0.000e+00
     10.251   71.19248 -160.26610     10.357     0.4447     0.5018     0.4444    30.7971    30.7602  1024.7446    24.6951    432.150    405.618  355.37647    121.603     0.1917     0.8022     0.5235 4.0292e-02      26740         14  0.000e+00
     10.274   71.19248 -160.26610     10.380     0.4450     0.5057     0.4447    30.7969    30.7567  1024.7445    24.6949    432.166    405.556  355.37446    121.609     0.1905     0.7949     0.5235 4.1638e-02      26741         14  0.000e+00
     10.220   71.19248 -160.26610     10.326     0.4450     0.5067     0.4447    30.7970    30.7556  1024.7443    24.6949    431.939    405.527  355.37427    121.545     0.1917     0.8022     0.5235 4.2996e-02      26742         14  0.000e+00
     10.220   71.19248 -160.26610     10.326     0.4450     0.5064     0.4447    30.7968    30.7558  1024.7442    24.6948    431.872    405.523  355.37483    121.526     0.1905     0.7949     0.5247 4.4823e-02      26743         14  0.000e+00
     10.274   71.19248 -160.26610     10.380     0.4463     0.5058     0.4459    30.7958    30.7568  1024.7436    24.6939    432.080    405.534  355.36567    121.587     0.1917     0.8022     0.5247 4.5283e-02      26744         14  0.000e+00
     10.251   71.19248 -160.26610     10.357     0.4504     0.5040     0.4501    30.7920    30.7589  1024.7402    24.6907    432.057    405.562  355.33776    121.591     0.1917     0.8022     0.5247 4.4364e-02      26745         14  0.000e+00
     10.220   71.19248 -160.26610     10.326     0.4564     0.5029     0.4561    30.7863    30.7602  1024.7352    24.6858    431.774    405.593  355.29785    121.525     0.1917     0.8022     0.5235 4.2542e-02      26746         14  0.000e+00
     10.221   71.19248 -160.26610     10.326     0.4594     0.5023     0.4591    30.7834    30.7607  1024.7327    24.6833    431.724    405.633  355.27840    121.517     0.1917     0.8022     0.5235 4.1638e-02      26747         14  0.000e+00
     10.275   71.19248 -160.26610     10.381     0.4597     0.5009     0.4594    30.7828    30.7619  1024.7325    24.6828    431.660    405.694  355.27686    121.500     0.1917     0.8022     0.5247 3.6758e-02      26748         14  0.000e+00
     10.275   71.19248 -160.26610     10.381     0.4589     0.4992     0.4586    30.7838    30.7631  1024.7333    24.6836    431.845    405.737  355.28149    121.550     0.1929     0.8095     0.5235 2.2595e-02      26749         14  0.000e+00
     10.190   71.19248 -160.26610     10.295     0.4577     0.4976     0.4574    30.7847    30.7646  1024.7337    24.6844    431.588    405.810  355.29035    121.475     0.1905     0.7949     0.5247 1.8295e-02      26750         14  0.000e+00
     10.275   71.19248 -160.26610     10.381     0.4564     0.4975     0.4561    30.7862    30.7645  1024.7354    24.6857    431.781    405.863  355.29805    121.526     0.1917     0.8022     0.5235 1.7528e-02      26751         14  0.000e+00
     10.221   71.19248 -160.26610     10.326     0.4560     0.4981     0.4557    30.7868    30.7635  1024.7356    24.6862    431.559    405.911  355.30053    121.463     0.1905     0.7949     0.5235 1.4875e-02      26752         14  0.000e+00
     10.275   71.19248 -160.26610     10.381     0.4558     0.5009     0.4555    30.7869    30.7604  1024.7360    24.6863    431.543    405.740  355.30170    121.458     0.1905     0.7949     0.5235 1.3754e-02      26753         14  0.000e+00
     10.221   71.19248 -160.26610     10.326     0.4563     0.5036     0.4560    30.7869    30.7576  1024.7357    24.6863    431.514    405.974  355.29724    121.452     0.1905     0.7949     0.5235 1.4126e-02      26754         14  0.000e+00
