EcoFOCI/data/1_SampleCollection/2023_SikuliaqDBO_CruiseData/CTD_raw_BottleFile_SKQ23-12S/proc/skq202312s_016avg.cnv
* Sea-Bird SBE 9 Data File:
* FileName = D:\CTD\SKQ202312S\SKQ202312S_016.hex
* Software Version Seasave V 7.26.7.121
* Temperature SN = 6177
* Conductivity SN = 0369
* Number of Bytes Per Scan = 41
* Number of Voltage Words = 4
* Number of Scans Averaged by the Deck Unit = 1
* NMEA Latitude = 64 40.76 N
* NMEA Longitude = 169 06.00 W
* NMEA UTC (Time) = Sep 17 2023  13:39:04
* NMEA baud rate = 4800
** Ship: R/V Sikuliaq
** Station Number: 016
** Station Name: DBO2.2
** Bottom Depth: 45
** Operator: SD
# nquan = 25
# nvalues = 39                          
# units = specified
# name 0 = depSM: Depth [salt water, m]
# name 1 = latitude: Latitude [deg]
# name 2 = longitude: Longitude [deg]
# name 3 = prDM: Pressure, Digiquartz [db]
# name 4 = t090C: Temperature [ITS-90, deg C]
# name 5 = t190C: Temperature, 2 [ITS-90, deg C]
# name 6 = potemp090C: Potential Temperature [ITS-90, deg C]
# name 7 = sal00: Salinity, Practical [PSU]
# name 8 = sal11: Salinity, Practical, 2 [PSU]
# name 9 = density00: Density [density, kg/m^3]
# name 10 = sigma-é00: Density [sigma-theta, kg/m^3]
# name 11 = sbox0Mm/Kg: Oxygen, SBE 43 [umol/kg]
# name 12 = sbox1Mm/Kg: Oxygen, SBE 43, 2 [umol/kg]
# name 13 = oxsolMm/Kg: Oxygen Saturation, Garcia & Gordon [umol/kg]
# name 14 = sbeox0PS: Oxygen, SBE 43 [% saturation]
# name 15 = sbeox1PS: Oxygen, SBE 43, 2 [% saturation]
# name 16 = v0: Voltage 0
# name 17 = flECO-AFL: Fluorescence, WET Labs ECO-AFL/FL [mg/m^3]
# name 18 = v1: Voltage 1
# name 19 = CStarAt0: Beam Attenuation, WET Labs C-Star [1/m]
# name 20 = par: PAR/Irradiance, Biospherical/Licor
# name 21 = scan: Scan Count
# name 22 = timeM: Time, Elapsed [minutes]
# name 23 = nbin: number of scans per bin
# name 24 = flag: flag
# span 0 =      1.980,     39.605       
# span 1 =   64.67940,   64.67944       
# span 2 = -169.10002, -169.09998       
# span 3 =      2.000,     40.000       
# span 4 =     2.5749,     3.0392       
# span 5 =     2.5765,     3.0378       
# span 6 =     2.5747,     3.0373       
# span 7 =    32.4392,    32.8437       
# span 8 =    32.4491,    32.8532       
# span 9 =  1025.8858,  1026.3561       
# span 10 =    25.8764,    26.1684      
# span 11 =    260.563,    299.556      
# span 12 =    247.505,    286.861      
# span 13 =  327.67773,  332.36965      
# span 14 =     78.879,     90.127      
# span 15 =     75.280,     86.329      
# span 16 =     0.1319,     0.2855      
# span 17 =     0.4436,     1.3652      
# span 18 =     3.8200,     3.9474      
# span 19 =     0.7087,     0.8399      
# span 20 = -1.461e-04, 4.0033e-01      
# span 21 =         91,       5037      
# span 22 =     0.0624,     3.4974      
# span 23 =         31,       1060      
# span 24 = 0.0000e+00, 0.0000e+00      
# interval = decibars: 1                
# start_time = Sep 17 2023 13:42:59 [NMEA time, first data scan]
# bad_flag = -9.990e-29
*END*
      1.980   64.67940 -169.10002      2.000     2.5761     2.5768     2.5760    32.4392    32.4491  1025.8858    25.8764    299.479    285.612  332.35979     90.107     85.942     0.2706     1.2759     3.8982     0.7588 4.0033e-01         91     0.0624        224 0.0000e+00
      2.971   64.67941 -169.10002      3.000     2.5749     2.5765     2.5747    32.4394    32.4492  1025.8907    25.8766    299.556    286.361  332.36965     90.127     86.167     0.2743     1.2976     3.8965     0.7606 2.9306e-01        490     0.3396        139 0.0000e+00
      3.961   64.67942 -169.10002      4.000     2.5768     2.5777     2.5766    32.4395    32.4494  1025.8954    25.8766    299.514    285.897  332.35320     90.119     86.030     0.2837     1.3541     3.8985     0.7586 2.3056e-01        621     0.4303        173 0.0000e+00
      4.951   64.67942 -169.10002      5.000     2.5765     2.5776     2.5763    32.4395    32.4493  1025.9001    25.8766    299.520    285.277  332.35592     90.120     85.844     0.2816     1.3414     3.8995     0.7575 1.5842e-01        763     0.5289        139 0.0000e+00
      5.941   64.67942 -169.10002      6.000     2.5777     2.5790     2.5774    32.4398    32.4496  1025.9050    25.8767    299.415    285.593  332.34536     90.091     85.942     0.2855     1.3652     3.8996     0.7574 1.1056e-01        896     0.6215        113 0.0000e+00
      6.931   64.67942 -169.10001      7.000     2.5787     2.5796     2.5784    32.4399    32.4497  1025.9097    25.8767    299.477    285.081  332.33685     90.113     85.789     0.2666     1.2515     3.8964     0.7607 5.6703e-02       1044     0.7240        116 0.0000e+00
      7.922   64.67942 -169.10001      8.000     2.5794     2.5802     2.5790    32.4399    32.4497  1025.9143    25.8767    299.176    286.496  332.33135     90.023     86.216     0.2732     1.2911     3.9003     0.7567 2.4240e-02       1184     0.8216        142 0.0000e+00
      8.912   64.67942 -169.10001      9.000     2.5807     2.5810     2.5803    32.4406    32.4503  1025.9195    25.8771    299.495    285.885  332.31827     90.123     86.034     0.2735     1.2932     3.8989     0.7581 1.8264e-02       1326     0.9200        152 0.0000e+00
      9.902   64.67942 -169.10001     10.000     2.5795     2.5814     2.5789    32.4403    32.4503  1025.9241    25.8771    299.192    285.834  332.32948     90.029     86.020     0.2778     1.3191     3.8978     0.7592 5.2610e-03       1461     1.0138        124 0.0000e+00
     10.892   64.67942 -169.10001     11.000     2.5801     2.5809     2.5795    32.4406    32.4504  1025.9290    25.8772    299.228    285.505  332.32381     90.041     85.920     0.2715     1.2808     3.8988     0.7582 -1.461e-04       1608     1.1160        159 0.0000e+00
     11.882   64.67942 -169.10000     12.000     2.5813     2.5826     2.5807    32.4408    32.4506  1025.9338    25.8773    299.368    286.305  332.31310     90.086     86.164     0.2787     1.3239     3.8998     0.7572 -3.498e-05       1717     1.1915         85 0.0000e+00
     12.873   64.67943 -169.10000     13.000     2.5809     2.5818     2.5803    32.4408    32.4506  1025.9385    25.8773    299.273    285.931  332.31596     90.057     86.050     0.2700     1.2721     3.9016     0.7553 2.8803e-07       1792     1.2436         61 0.0000e+00
     13.863   64.67944 -169.10000     14.000     2.5807     2.5816     2.5799    32.4413    32.4512  1025.9436    25.8777    298.997    286.143  332.31701     89.973     86.114     0.2780     1.3199     3.8983     0.7587 1.0421e-07       1862     1.2924        105 0.0000e+00
     14.853   64.67944 -169.10000     15.000     2.5799     2.5809     2.5791    32.4421    32.4516  1025.9491    25.8784    298.992    286.861  332.32184     89.971     86.329     0.2681     1.2604     3.8989     0.7581 -2.484e-09       1949     1.3526         44 0.0000e+00
     15.843   64.67944 -169.10000     16.000     2.5809     2.5821     2.5800    32.4420    32.4517  1025.9536    25.8783    298.995    285.622  332.31371     89.974     85.958     0.2747     1.2999     3.8980     0.7590 1.0000e-12       1996     1.3856         66 0.0000e+00
     16.833   64.67944 -169.10000     17.000     2.5798     2.5810     2.5789    32.4424    32.4519  1025.9587    25.8787    298.949    285.597  332.32130     89.958     85.949     0.2765     1.3109     3.8989     0.7580 1.0000e-12       2082     1.4450         67 0.0000e+00
     17.823   64.67944 -169.10000     18.000     2.5792     2.5799     2.5782    32.4421    32.4518  1025.9632    25.8785    298.990    284.586  332.32749     89.969     85.642     0.2640     1.2357     3.8996     0.7574 1.3854e-07       2125     1.4752         56 0.0000e+00
     18.813   64.67944 -169.09999     19.000     2.5796     2.5808     2.5786    32.4423    32.4524  1025.9681    25.8786    298.552    285.894  332.32353     89.838     86.038     0.2740     1.2963     3.8982     0.7588 -2.560e-08       2211     1.5350         67 0.0000e+00
     19.803   64.67944 -169.09999     20.000     2.5826     2.5835     2.5815    32.4444    32.4541  1025.9743    25.8801    299.061    285.341  332.29323     89.999     85.879     0.2591     1.2064     3.8953     0.7617 1.9797e-07       2253     1.5642         42 0.0000e+00
     20.794   64.67944 -169.09999     21.000     2.5817     2.5830     2.5806    32.4442    32.4542  1025.9789    25.8800    298.283    283.848  332.30082     89.763     85.428     0.2682     1.2611     3.8986     0.7584 1.1762e-07       2312     1.6045         72 0.0000e+00
     21.784   64.67944 -169.09998     22.000     2.5844     2.5834     2.5833    32.4459    32.4540  1025.9847    25.8811    297.859    284.491  332.27421     89.643     85.623     0.2595     1.2090     3.8998     0.7572 -7.909e-09       2373     1.6475         42 0.0000e+00
     22.774   64.67944 -169.09998     23.000     2.6131     2.6137     2.6118    32.4630    32.4713  1026.0008    25.8925    297.409    283.293  331.99439     89.582     85.337     0.2530     1.1698     3.9069     0.7499 1.0000e-12       2416     1.6768         54 0.0000e+00
     23.764   64.67944 -169.09998     24.000     2.6634     2.6636     2.6621    32.4829    32.4927  1026.0172    25.9043    294.327    281.651  331.52865     88.779     84.962     0.2381     1.0804     3.9214     0.7350 1.4387e-07       2496     1.7327         69 0.0000e+00
     24.754   64.67944 -169.09998     25.000     2.6875     2.6834     2.6861    32.4889    32.4956  1026.0248    25.9072    288.837    276.421  331.31465     87.179     83.427     0.2258     1.0067     3.9261     0.7302 2.6394e-07       2536     1.7605         32 0.0000e+00
     25.744   64.67944 -169.09998     26.000     2.7749     2.7795     2.7735    32.5184    32.5265  1026.0458    25.9235    287.995    273.936  330.52199     87.133     82.895     0.2125     0.9268     3.9321     0.7242 1.7533e-07       2575     1.7875         50 0.0000e+00
     26.734   64.67944 -169.09998     27.000     2.8773     2.8437     2.8758    32.5728    32.5684  1026.0853    25.9584    282.660    271.714  329.54762     85.772     82.378     0.2145     0.9393     3.9459     0.7102 4.0320e-07       2663     1.8487         45 0.0000e+00
     27.724   64.67944 -169.09998     28.000     2.8692     2.8710     2.8676    32.6402    32.6471  1026.1444    26.0129    280.685    267.888  329.44513     85.199     81.323     0.1617     0.6221     3.9474     0.7087 2.7463e-07       2691     1.8684         31 0.0000e+00
     28.714   64.67944 -169.09998     29.000     2.7423     2.7415     2.7407    32.6805    32.6908  1026.1920    26.0557    271.823    261.810  330.38194     82.277     79.251     0.1490     0.5460     3.9277     0.7287 7.0355e-07       2752     1.9105         94 0.0000e+00
     29.704   64.67944 -169.09998     30.000     2.6682     2.6686     2.6666    32.6910    32.7018  1026.2113    26.0702    261.389    249.836  330.96366     78.978     75.494     0.1464     0.5306     3.9151     0.7415 4.3388e-07       2825     1.9614         38 0.0000e+00
     30.695   64.67944 -169.09998     31.000     2.7341     2.7364     2.7324    32.7273    32.7314  1026.2395    26.0938    260.563    248.651  330.33177     78.879     75.280     0.1371     0.4744     3.8975     0.7596 5.1388e-07       2858     1.9842         33 0.0000e+00
     31.685   64.67944 -169.09998     32.000     2.9304     2.9360     2.9286    32.7698    32.7772  1026.2614    26.1111    261.182    247.505  328.62346     79.478     75.331     0.1447     0.5199     3.9004     0.7566 3.8321e-07       2918     2.0259         90 0.0000e+00
     32.675   64.67944 -169.09998     33.000     3.0392     3.0378     3.0373    32.7950    32.8022  1026.2767    26.1219    262.951    250.480  327.67773     80.247     76.442     0.1506     0.5558     3.8885     0.7688 6.2397e-07       2990     2.0757         41 0.0000e+00
     33.665   64.67944 -169.09998     34.000     3.0228     3.0236     3.0208    32.8142    32.8230  1026.2982    26.1387    264.206    252.297  327.76330     80.609     76.982     0.1359     0.4670     3.8329     0.8265 1.8345e-06       3030     2.1037         45 0.0000e+00
     34.655   64.67944 -169.09998     35.000     2.9939     2.9969     2.9919    32.8276    32.8358  1026.3161    26.1518    264.733    251.353  327.96321     80.720     76.651     0.1319     0.4436     3.8200     0.8399 1.6503e-06       3090     2.1452         61 0.0000e+00
     35.645   64.67942 -169.10000     36.000     2.9612     2.9613     2.9592    32.8403    32.8502  1026.3338    26.1648    263.887    250.748  328.19652     80.405     76.407     0.1394     0.4883     3.8279     0.8316 1.2994e-06       3452     2.3964        358 0.0000e+00
     36.635   64.67942 -169.10000     37.000     2.9674     2.9677     2.9653    32.8386    32.8481  1026.3365    26.1629    263.683    250.634  328.15087     80.354     76.384     0.1373     0.4760     3.8265     0.8330 1.0753e-06       3630     2.5203        113 0.0000e+00
     37.625   64.67942 -169.10001     38.000     2.9592     2.9608     2.9571    32.8411    32.8505  1026.3440    26.1657    263.937    251.287  328.21060     80.417     76.571     0.1376     0.4776     3.8281     0.8314 1.3693e-06       3753     2.6054        135 0.0000e+00
     38.615   64.67942 -169.10002     39.000     2.9538     2.9547     2.9516    32.8430    32.8526  1026.3507    26.1676    264.111    250.710  328.24990     80.460     76.385     0.1423     0.5062     3.8273     0.8322 1.5242e-06       3874     2.6896         72 0.0000e+00
     39.605   64.67944 -169.10001     40.000     2.9518     2.9527     2.9495    32.8437    32.8532  1026.3561    26.1684    263.856    251.416  328.26451     80.379     76.597     0.1472     0.5353     3.8287     0.8308 1.1285e-06       5037     3.4974       1060 0.0000e+00
