EcoFOCI/data/1_SampleCollection/2023_SikuliaqDBO_CruiseData/CTD_raw_BottleFile_SKQ23-12S/proc/skq202312s_043svp.cnv
* Sea-Bird SBE 9 Data File:
* FileName = D:\CTD\SKQ202312S\SKQ202312S_043.hex
* Software Version Seasave V 7.26.7.121
* Temperature SN = 6177
* Conductivity SN = 0369
* Number of Bytes Per Scan = 41
* Number of Voltage Words = 4
* Number of Scans Averaged by the Deck Unit = 1
* NMEA Latitude = 71 31.26 N
* NMEA Longitude = 161 13.81 W
* NMEA UTC (Time) = Sep 24 2023  07:15:57
* NMEA baud rate = 4800
** Ship: R/V Sikuliaq
** Station Number: 043
** Station Name: DBO4.3na
** Bottom Depth: 47
** Operator: SS
# nquan = 7
# nvalues = 4100                                  
# units = specified
# name 0 = depSM: Depth [salt water, m]
# name 1 = latitude: Latitude [deg]
# name 2 = longitude: Longitude [deg]
# name 3 = t090C: Temperature [ITS-90, deg C]
# name 4 = sal00: Salinity, Practical [PSU]
# name 5 = svCM: Sound Velocity [Chen-Millero, m/s]
# name 6 = flag:  0.000e+00
# span 0 =      2.576,     41.910                 
# span 1 =   71.52086,   71.52090                 
# span 2 = -161.23048, -161.23030                 
# span 3 =    -1.6141,     2.1079                 
# span 4 =    27.1651,    32.5902                 
# span 5 =    1438.83,    1448.46                 
# span 6 = 0.0000e+00, 0.0000e+00                 
# interval = seconds: 0.0416667
# start_time = Sep 24 2023 07:19:11 [NMEA time, first data scan]
# bad_flag = -9.990e-29
*END*
[from data line 1436]
     10.581   71.52090 -161.23030     1.3335    28.8196    1447.18  0.000e+00
     10.643   71.52090 -161.23030     1.3281    28.8236    1447.16  0.000e+00
     10.642   71.52090 -161.23030     1.3255    28.8257    1447.15  0.000e+00
     10.642   71.52090 -161.23030     1.3247    28.8276    1447.15  0.000e+00
     10.696   71.52090 -161.23030     1.3230    28.8298    1447.15  0.000e+00
     10.642   71.52090 -161.23030     1.3201    28.8323    1447.13  0.000e+00
     10.673   71.52090 -161.23030     1.3185    28.8313    1447.13  0.000e+00
     10.696   71.52090 -161.23030     1.3178    28.8304    1447.12  0.000e+00
     10.696   71.52090 -161.23030     1.3176    28.8304    1447.12  0.000e+00
     10.696   71.52090 -161.23030     1.3171    28.8299    1447.12  0.000e+00
     10.696   71.52090 -161.23030     1.3152    28.8304    1447.11  0.000e+00
     10.758   71.52090 -161.23030     1.3130    28.8318    1447.10  0.000e+00
     10.758   71.52090 -161.23030     1.3102    28.8352    1447.10  0.000e+00
     10.696   71.52090 -161.23030     1.3075    28.8404    1447.09  0.000e+00
     10.758   71.52090 -161.23030     1.3067    28.8441    1447.09  0.000e+00
     10.727   71.52090 -161.23030     1.3049    28.8553    1447.10  0.000e+00
     10.758   71.52090 -161.23030     1.3036    28.8806    1447.13  0.000e+00
     10.758   71.52090 -161.23030     1.3007    28.9194    1447.16  0.000e+00
     10.812   71.52090 -161.23030     1.2924    28.9593    1447.18  0.000e+00
     10.812   71.52090 -161.23030     1.2669    29.0064    1447.13  0.000e+00
     10.758   71.52090 -161.23030     1.2365    29.0548    1447.05  0.000e+00
     10.812   71.52090 -161.23030     1.2169    29.0967    1447.02  0.000e+00
     10.812   71.52090 -161.23030     1.1973    29.1421    1446.99  0.000e+00
     10.843   71.52090 -161.23030     1.1736    29.1836    1446.94  0.000e+00
     10.812   71.52090 -161.23030     1.1484    29.2206    1446.87  0.000e+00
     10.812   71.52090 -161.23030     1.1238    29.2553    1446.81  0.000e+00
     10.873   71.52090 -161.23030     1.1054    29.2819    1446.76  0.000e+00
     10.812   71.52090 -161.23030     1.0892    29.3041    1446.71  0.000e+00
     10.873   71.52090 -161.23030     1.0762    29.3201    1446.68  0.000e+00
     10.873   71.52090 -161.23030     1.0648    29.3348    1446.64  0.000e+00
     10.873   71.52090 -161.23030     1.0533    29.3508    1446.61  0.000e+00
     10.873   71.52090 -161.23030     1.0335    29.3734    1446.55  0.000e+00
     10.896   71.52090 -161.23030     1.0107    29.3959    1446.48  0.000e+00
     10.873   71.52090 -161.23030     0.9877    29.4174    1446.40  0.000e+00
     10.927   71.52090 -161.23030     0.9713    29.4331    1446.35  0.000e+00
     10.873   71.52090 -161.23030     0.9586    29.4471    1446.31  0.000e+00
     10.927   71.52090 -161.23030     0.9465    29.4623    1446.27  0.000e+00
     10.927   71.52090 -161.23030     0.9341    29.4781    1446.24  0.000e+00
     10.873   71.52090 -161.23030     0.9202    29.4947    1446.20  0.000e+00
     10.927   71.52090 -161.23030     0.9034    29.5129    1446.15  0.000e+00
     10.958   71.52090 -161.23030     0.8897    29.5277    1446.10  0.000e+00
     10.927   71.52090 -161.23030     0.8753    29.5441    1446.06  0.000e+00
     10.927   71.52090 -161.23030     0.8610    29.5579    1446.01  0.000e+00
     10.981   71.52090 -161.23030     0.8533    29.5635    1445.98  0.000e+00
     10.927   71.52090 -161.23030     0.8508    29.5656    1445.98  0.000e+00
     10.981   71.52090 -161.23030     0.8537    29.5646    1445.99  0.000e+00
     10.927   71.52090 -161.23030     0.8500    29.5702    1445.98  0.000e+00
     10.981   71.52090 -161.23030     0.8430    29.5776    1445.96  0.000e+00
     10.958   71.52090 -161.23030     0.8365    29.5848    1445.94  0.000e+00
     10.981   71.52090 -161.23030     0.8293    29.5917    1445.91  0.000e+00
     10.927   71.52090 -161.23030     0.8243    29.5966    1445.90  0.000e+00
     11.042   71.52090 -161.23030     0.8216    29.5982    1445.89  0.000e+00
     10.981   71.52090 -161.23030     0.8213    29.5962    1445.88  0.000e+00
     10.981   71.52090 -161.23030     0.8207    29.5974    1445.88  0.000e+00
     10.981   71.52090 -161.23030     0.8207    29.5978    1445.88  0.000e+00
     10.981   71.52090 -161.23030     0.8221    29.5959    1445.89  0.000e+00
     10.981   71.52090 -161.23030     0.8224    29.5954    1445.89  0.000e+00
     11.011   71.52090 -161.23030     0.8214    29.5944    1445.88  0.000e+00
     10.981   71.52090 -161.23030     0.8198    29.5950    1445.87  0.000e+00
     11.042   71.52090 -161.23030     0.8176    29.5984    1445.87  0.000e+00
     11.042   71.52090 -161.23030     0.8159    29.6023    1445.87  0.000e+00
     10.981   71.52090 -161.23030     0.8146    29.6056    1445.86  0.000e+00
     11.042   71.52090 -161.23030     0.8132    29.6075    1445.86  0.000e+00
     11.042   71.52090 -161.23030     0.8106    29.6087    1445.85  0.000e+00
     10.981   71.52090 -161.23030     0.8086    29.6108    1445.84  0.000e+00
     11.011   71.52090 -161.23030     0.8063    29.6137    1445.84  0.000e+00
     11.042   71.52090 -161.23030     0.8030    29.6156    1445.83  0.000e+00
     11.042   71.52090 -161.23030     0.8004    29.6177    1445.82  0.000e+00
     11.096   71.52090 -161.23030     0.7990    29.6210    1445.81  0.000e+00
     11.042   71.52090 -161.23030     0.7988    29.6226    1445.82  0.000e+00
     11.042   71.52090 -161.23030     0.7990    29.6219    1445.82  0.000e+00
     11.042   71.52090 -161.23030     0.8005    29.6184    1445.82  0.000e+00
     11.096   71.52090 -161.23030     0.8040    29.6093    1445.82  0.000e+00
     11.011   71.52090 -161.23030     0.8072    29.5980    1445.82  0.000e+00
     11.096   71.52090 -161.23030     0.8115    29.5849    1445.82  0.000e+00
     11.096   71.52090 -161.23030     0.8256    29.5619    1445.86  0.000e+00
     11.042   71.52090 -161.23030     0.8391    29.5504    1445.90  0.000e+00
     11.096   71.52090 -161.23030     0.8457    29.5517    1445.94  0.000e+00
     11.096   71.52090 -161.23030     0.8531    29.5509    1445.97  0.000e+00
     11.096   71.52090 -161.23030     0.8489    29.5591    1445.96  0.000e+00
     11.096   71.52090 -161.23030     0.8433    29.5685    1445.95  0.000e+00
     11.073   71.52090 -161.23030     0.8381    29.5759    1445.93  0.000e+00
     11.158   71.52090 -161.23030     0.8302    29.5835    1445.91  0.000e+00
     11.096   71.52090 -161.23030     0.8235    29.5879    1445.88  0.000e+00
     11.096   71.52090 -161.23030     0.8146    29.5936    1445.85  0.000e+00
     11.157   71.52090 -161.23030     0.8038    29.6020    1445.81  0.000e+00
     11.157   71.52090 -161.23030     0.7878    29.6161    1445.76  0.000e+00
     11.157   71.52090 -161.23030     0.7706    29.6301    1445.70  0.000e+00
     11.096   71.52090 -161.23030     0.7581    29.6424    1445.66  0.000e+00
     11.188   71.52090 -161.23030     0.7505    29.6525    1445.64  0.000e+00
     11.096   71.52090 -161.23030     0.7448    29.6585    1445.62  0.000e+00
     11.211   71.52090 -161.23030     0.7428    29.6558    1445.61  0.000e+00
     11.157   71.52090 -161.23030     0.7396    29.6540    1445.59  0.000e+00
     11.211   71.52090 -161.23030     0.7368    29.6540    1445.58  0.000e+00
     11.211   71.52090 -161.23030     0.7343    29.6550    1445.57  0.000e+00
     11.157   71.52090 -161.23030     0.7338    29.6576    1445.57  0.000e+00
     11.211   71.52090 -161.23030     0.7323    29.6639    1445.57  0.000e+00
     11.242   71.52090 -161.23030     0.7292    29.6716    1445.57  0.000e+00
     11.211   71.52090 -161.23030     0.7264    29.6776    1445.56  0.000e+00
     11.211   71.52090 -161.23030     0.7237    29.6827    1445.55  0.000e+00
     11.273   71.52090 -161.23030     0.7207    29.6870    1445.55  0.000e+00
     11.211   71.52090 -161.23030     0.7170    29.6916    1445.54  0.000e+00
     11.273   71.52090 -161.23030     0.7152    29.6930    1445.53  0.000e+00
     11.273   71.52090 -161.23030     0.7184    29.6893    1445.54  0.000e+00
     11.273   71.52090 -161.23030     0.7199    29.6875    1445.54  0.000e+00
     11.296   71.52090 -161.23030     0.7157    29.6918    1445.53  0.000e+00
     11.273   71.52090 -161.23030     0.7087    29.6991    1445.51  0.000e+00
     11.327   71.52090 -161.23030     0.7014    29.7059    1445.48  0.000e+00
     11.327   71.52090 -161.23030     0.6967    29.7102    1445.47  0.000e+00
     11.327   71.52090 -161.23030     0.6903    29.7157    1445.45  0.000e+00
     11.327   71.52090 -161.23030     0.6827    29.7225    1445.42  0.000e+00
     11.327   71.52090 -161.23030     0.6750    29.7292    1445.39  0.000e+00
     11.381   71.52090 -161.23030     0.6676    29.7345    1445.37  0.000e+00
     11.357   71.52090 -161.23030     0.6591    29.7390    1445.34  0.000e+00
     11.381   71.52090 -161.23030     0.6485    29.7447    1445.29  0.000e+00
     11.381   71.52090 -161.23030     0.6345    29.7554    1445.25  0.000e+00
     11.381   71.52090 -161.23030     0.6213    29.7649    1445.20  0.000e+00
     11.442   71.52090 -161.23030     0.6091    29.7739    1445.15  0.000e+00
     11.380   71.52090 -161.23030     0.5954    29.7852    1445.11  0.000e+00
     11.442   71.52090 -161.23030     0.5871    29.7912    1445.08  0.000e+00
     11.442   71.52090 -161.23030     0.5797    29.7970    1445.05  0.000e+00
     11.411   71.52090 -161.23030     0.5667    29.8086    1445.00  0.000e+00
     11.496   71.52090 -161.23030     0.5523    29.8224    1444.96  0.000e+00
     11.442   71.52090 -161.23030     0.5351    29.8392    1444.90  0.000e+00
     11.496   71.52090 -161.23030     0.5172    29.8570    1444.84  0.000e+00
     11.496   71.52090 -161.23030     0.4990    29.8749    1444.78  0.000e+00
     11.496   71.52090 -161.23030     0.4792    29.8927    1444.72  0.000e+00
     11.558   71.52090 -161.23030     0.4569    29.9116    1444.64  0.000e+00
     11.473   71.52090 -161.23030     0.4347    29.9309    1444.56  0.000e+00
     11.612   71.52090 -161.23030     0.4150    29.9486    1444.50  0.000e+00
     11.496   71.52090 -161.23030     0.4002    29.9608    1444.44  0.000e+00
     11.558   71.52090 -161.23030     0.3851    29.9720    1444.39  0.000e+00
     11.558   71.52090 -161.23030     0.3716    29.9836    1444.34  0.000e+00
     11.611   71.52090 -161.23030     0.3618    29.9924    1444.31  0.000e+00
     11.557   71.52090 -161.23030     0.3537    29.9979    1444.28  0.000e+00
     11.611   71.52090 -161.23030     0.3448    30.0040    1444.25  0.000e+00
     11.581   71.52090 -161.23030     0.3356    30.0098    1444.21  0.000e+00
     11.611   71.52090 -161.23030     0.3266    30.0155    1444.18  0.000e+00
     11.611   71.52090 -161.23030     0.3191    30.0205    1444.15  0.000e+00
     11.611   71.52090 -161.23030     0.3140    30.0243    1444.13  0.000e+00
     11.673   71.52090 -161.23030     0.3064    30.0299    1444.10  0.000e+00
     11.611   71.52090 -161.23030     0.2996    30.0346    1444.08  0.000e+00
     11.673   71.52090 -161.23030     0.2973    30.0342    1444.07  0.000e+00
     11.696   71.52090 -161.23030     0.2956    30.0341    1444.06  0.000e+00
     11.611   71.52090 -161.23030     0.2958    30.0316    1444.06  0.000e+00
     11.727   71.52090 -161.23030     0.2904    30.0342    1444.04  0.000e+00
     11.673   71.52090 -161.23030     0.2838    30.0380    1444.01  0.000e+00
     11.673   71.52090 -161.23030     0.2747    30.0446    1443.98  0.000e+00
     11.727   71.52090 -161.23030     0.2679    30.0499    1443.95  0.000e+00
     11.673   71.52090 -161.23030     0.2629    30.0529    1443.93  0.000e+00
     11.727   71.52090 -161.23030     0.2579    30.0565    1443.92  0.000e+00
     11.696   71.52090 -161.23030     0.2587    30.0550    1443.92  0.000e+00
     11.727   71.52090 -161.23030     0.2570    30.0547    1443.91  0.000e+00
     11.727   71.52090 -161.23030     0.2527    30.0567    1443.89  0.000e+00
     11.727   71.52090 -161.23030     0.2495    30.0571    1443.88  0.000e+00
     11.781   71.52090 -161.23030     0.2404    30.0638    1443.85  0.000e+00
     11.727   71.52090 -161.23030     0.2302    30.0725    1443.81  0.000e+00
     11.727   71.52090 -161.23030     0.2228    30.0782    1443.78  0.000e+00
     11.758   71.52090 -161.23030     0.2203    30.0788    1443.77  0.000e+00
     11.781   71.52090 -161.23030     0.2183    30.0790    1443.76  0.000e+00
     11.781   71.52090 -161.23030     0.2144    30.0810    1443.75  0.000e+00
     11.727   71.52090 -161.23030     0.2127    30.0814    1443.74  0.000e+00
     11.781   71.52090 -161.23030     0.2111    30.0823    1443.74  0.000e+00
     11.781   71.52090 -161.23032     0.2065    30.0860    1443.72  0.000e+00
     11.781   71.52090 -161.23032     0.2017    30.0904    1443.70  0.000e+00
     11.757   71.52090 -161.23032     0.1971    30.0945    1443.69  0.000e+00
     11.780   71.52090 -161.23032     0.1918    30.0983    1443.67  0.000e+00
     11.780   71.52090 -161.23032     0.1880    30.1031    1443.66  0.000e+00
     11.780   71.52090 -161.23032     0.1849    30.1094    1443.65  0.000e+00
     11.842   71.52090 -161.23032     0.1876    30.1086    1443.66  0.000e+00
     11.780   71.52090 -161.23032     0.1887    30.1057    1443.66  0.000e+00
     11.780   71.52090 -161.23032     0.1891    30.1024    1443.66  0.000e+00
     11.726   71.52090 -161.23032     0.1887    30.1012    1443.66  0.000e+00
     11.873   71.52090 -161.23032     0.1895    30.1007    1443.66  0.000e+00
     11.780   71.52090 -161.23032     0.1891    30.1009    1443.66  0.000e+00
     11.842   71.52090 -161.23032     0.1881    30.1015    1443.66  0.000e+00
     11.780   71.52090 -161.23032     0.1873    30.1013    1443.65  0.000e+00
     11.842   71.52090 -161.23032     0.1855    30.1021    1443.64  0.000e+00
     11.780   71.52090 -161.23032     0.1833    30.1041    1443.64  0.000e+00
     11.842   71.52090 -161.23032     0.1799    30.1076    1443.63  0.000e+00
     11.811   71.52090 -161.23032     0.1770    30.1104    1443.62  0.000e+00
     11.780   71.52090 -161.23032     0.1756    30.1104    1443.61  0.000e+00
     11.842   71.52090 -161.23032     0.1747    30.1095    1443.60  0.000e+00
     11.780   71.52090 -161.23032     0.1739    30.1099    1443.60  0.000e+00
     11.842   71.52090 -161.23032     0.1745    30.1100    1443.60  0.000e+00
     11.780   71.52090 -161.23032     0.1757    30.1097    1443.61  0.000e+00
     11.842   71.52090 -161.23032     0.1776    30.1097    1443.62  0.000e+00
     11.811   71.52090 -161.23032     0.1792    30.1117    1443.63  0.000e+00
     11.842   71.52090 -161.23032     0.1822    30.1131    1443.64  0.000e+00
     11.842   71.52090 -161.23032     0.1928    30.1071    1443.68  0.000e+00
     11.842   71.52090 -161.23032     0.2093    30.0928    1443.74  0.000e+00
     11.842   71.52090 -161.23032     0.2231    30.0787    1443.79  0.000e+00
     11.780   71.52090 -161.23032     0.2273    30.0747    1443.80  0.000e+00
     11.842   71.52090 -161.23032     0.2214    30.0831    1443.79  0.000e+00
     11.811   71.52090 -161.23032     0.2204    30.0864    1443.78  0.000e+00
     11.842   71.52090 -161.23032     0.2246    30.0850    1443.80  0.000e+00
     11.896   71.52090 -161.23032     0.2332    30.0794    1443.84  0.000e+00
     11.842   71.52090 -161.23032     0.2426    30.0708    1443.87  0.000e+00
     11.842   71.52090 -161.23032     0.2565    30.0544    1443.91  0.000e+00
     11.842   71.52090 -161.23032     0.2768    30.0309    1443.97  0.000e+00
     11.780   71.52090 -161.23032     0.2966    30.0092    1444.03  0.000e+00
     11.926   71.52090 -161.23032     0.2954    30.0098    1444.03  0.000e+00
     11.842   71.52090 -161.23032     0.2840    30.0206    1443.99  0.000e+00
     11.895   71.52090 -161.23032     0.2671    30.0361    1443.93  0.000e+00
     11.895   71.52090 -161.23032     0.2506    30.0512    1443.88  0.000e+00
