EcoFOCI/data/1_SampleCollection/2023_SikuliaqDBO_CruiseData/CTD_raw_BottleFile_SKQ23-12S/proc/skq202312s_010svp.cnv
* Sea-Bird SBE 9 Data File:
* FileName = D:\CTD\SKQ202312S\SKQ202312S_010.hex
* Software Version Seasave V 7.26.7.121
* Temperature SN = 6177
* Conductivity SN = 0369
* Number of Bytes Per Scan = 41
* Number of Voltage Words = 4
* Number of Scans Averaged by the Deck Unit = 1
* NMEA Latitude = 63 16.77 N
* NMEA Longitude = 173 16.77 W
* NMEA UTC (Time) = Sep 16 2023  15:37:33
* NMEA baud rate = 4800
** Ship: R/V Sikuliaq
** Station Number: 010
** Station Name: DBO1.9
** Bottom Depth: 70
** Operator: SD
# nquan = 7
# nvalues = 5816                                  
# units = specified
# name 0 = depSM: Depth [salt water, m]
# name 1 = latitude: Latitude [deg]
# name 2 = longitude: Longitude [deg]
# name 3 = t090C: Temperature [ITS-90, deg C]
# name 4 = sal00: Salinity, Practical [PSU]
# name 5 = svCM: Sound Velocity [Chen-Millero, m/s]
# name 6 = flag:  0.000e+00
# span 0 =      2.299,     64.361                 
# span 1 =   63.27950,   63.27952                 
# span 2 = -173.27952, -173.27950                 
# span 3 =    -1.4908,     7.4874                 
# span 4 =    31.3838,    32.1305                 
# span 5 =    1438.80,    1476.28                 
# span 6 = 0.0000e+00, 0.0000e+00                 
# interval = seconds: 0.0416667
# start_time = Sep 16 2023 15:40:12 [NMEA time, first data scan]
# bad_flag = -9.990e-29
*END*
[from data line 821]
      4.527   63.27952 -173.27952     7.4714    31.3849    1476.04  0.000e+00
      4.527   63.27952 -173.27952     7.4714    31.3853    1476.04  0.000e+00
      4.527   63.27952 -173.27952     7.4713    31.3851    1476.04  0.000e+00
      4.527   63.27952 -173.27952     7.4707    31.3849    1476.04  0.000e+00
      4.527   63.27952 -173.27952     7.4703    31.3857    1476.04  0.000e+00
      4.635   63.27952 -173.27952     7.4706    31.3860    1476.04  0.000e+00
      4.558   63.27952 -173.27952     7.4713    31.3865    1476.05  0.000e+00
      4.581   63.27952 -173.27952     7.4718    31.3866    1476.05  0.000e+00
      4.635   63.27952 -173.27952     7.4723    31.3864    1476.05  0.000e+00
      4.581   63.27952 -173.27952     7.4724    31.3858    1476.05  0.000e+00
      4.635   63.27952 -173.27952     7.4723    31.3855    1476.05  0.000e+00
      4.635   63.27952 -173.27952     7.4720    31.3854    1476.05  0.000e+00
      4.697   63.27952 -173.27952     7.4719    31.3848    1476.05  0.000e+00
      4.635   63.27952 -173.27952     7.4714    31.3851    1476.05  0.000e+00
      4.697   63.27952 -173.27952     7.4708    31.3846    1476.04  0.000e+00
      4.697   63.27952 -173.27952     7.4698    31.3847    1476.04  0.000e+00
      4.697   63.27952 -173.27952     7.4691    31.3848    1476.04  0.000e+00
      4.697   63.27952 -173.27952     7.4687    31.3846    1476.04  0.000e+00
      4.697   63.27952 -173.27952     7.4678    31.3851    1476.03  0.000e+00
      4.751   63.27952 -173.27952     7.4674    31.3854    1476.03  0.000e+00
      4.697   63.27952 -173.27952     7.4673    31.3855    1476.03  0.000e+00
      4.750   63.27952 -173.27952     7.4671    31.3862    1476.03  0.000e+00
      4.750   63.27952 -173.27952     7.4673    31.3859    1476.03  0.000e+00
      4.750   63.27952 -173.27952     7.4673    31.3858    1476.03  0.000e+00
      4.750   63.27952 -173.27952     7.4671    31.3859    1476.03  0.000e+00
      4.812   63.27952 -173.27952     7.4674    31.3854    1476.03  0.000e+00
      4.781   63.27952 -173.27952     7.4671    31.3860    1476.03  0.000e+00
      4.750   63.27952 -173.27952     7.4677    31.3862    1476.03  0.000e+00
      4.750   63.27952 -173.27952     7.4677    31.3869    1476.04  0.000e+00
      4.750   63.27952 -173.27952     7.4680    31.3876    1476.04  0.000e+00
      4.812   63.27952 -173.27952     7.4690    31.3875    1476.04  0.000e+00
      4.750   63.27952 -173.27952     7.4702    31.3865    1476.04  0.000e+00
      4.750   63.27952 -173.27952     7.4710    31.3861    1476.05  0.000e+00
      4.812   63.27952 -173.27952     7.4716    31.3863    1476.05  0.000e+00
      4.750   63.27952 -173.27952     7.4725    31.3857    1476.05  0.000e+00
      4.812   63.27952 -173.27952     7.4729    31.3856    1476.05  0.000e+00
      4.750   63.27952 -173.27952     7.4732    31.3855    1476.05  0.000e+00
      4.812   63.27952 -173.27952     7.4733    31.3851    1476.06  0.000e+00
      4.750   63.27952 -173.27952     7.4732    31.3851    1476.05  0.000e+00
      4.812   63.27952 -173.27952     7.4730    31.3855    1476.05  0.000e+00
      4.750   63.27952 -173.27952     7.4729    31.3863    1476.05  0.000e+00
      4.750   63.27952 -173.27952     7.4735    31.3859    1476.06  0.000e+00
      4.750   63.27952 -173.27952     7.4740    31.3859    1476.06  0.000e+00
      4.750   63.27952 -173.27952     7.4743    31.3861    1476.06  0.000e+00
      4.812   63.27952 -173.27952     7.4748    31.3858    1476.06  0.000e+00
      4.727   63.27952 -173.27952     7.4751    31.3857    1476.06  0.000e+00
      4.750   63.27952 -173.27952     7.4750    31.3859    1476.06  0.000e+00
      4.750   63.27952 -173.27952     7.4748    31.3855    1476.06  0.000e+00
      4.750   63.27952 -173.27952     7.4745    31.3857    1476.06  0.000e+00
      4.750   63.27952 -173.27952     7.4743    31.3864    1476.06  0.000e+00
      4.696   63.27952 -173.27952     7.4748    31.3855    1476.06  0.000e+00
      4.750   63.27952 -173.27952     7.4742    31.3856    1476.06  0.000e+00
      4.696   63.27952 -173.27952     7.4742    31.3856    1476.06  0.000e+00
      4.750   63.27952 -173.27952     7.4741    31.3856    1476.06  0.000e+00
      4.696   63.27952 -173.27952     7.4743    31.3857    1476.06  0.000e+00
      4.696   63.27952 -173.27952     7.4741    31.3855    1476.06  0.000e+00
      4.696   63.27952 -173.27952     7.4743    31.3854    1476.06  0.000e+00
      4.696   63.27952 -173.27952     7.4742    31.3858    1476.06  0.000e+00
      4.750   63.27952 -173.27952     7.4745    31.3856    1476.06  0.000e+00
      4.634   63.27952 -173.27952     7.4745    31.3856    1476.06  0.000e+00
      4.696   63.27952 -173.27952     7.4743    31.3857    1476.06  0.000e+00
      4.696   63.27952 -173.27952     7.4741    31.3855    1476.06  0.000e+00
      4.634   63.27952 -173.27952     7.4737    31.3851    1476.05  0.000e+00
      4.696   63.27952 -173.27952     7.4736    31.3852    1476.05  0.000e+00
      4.673   63.27952 -173.27952     7.4737    31.3854    1476.06  0.000e+00
      4.634   63.27952 -173.27952     7.4740    31.3854    1476.06  0.000e+00
      4.696   63.27952 -173.27952     7.4738    31.3860    1476.06  0.000e+00
      4.634   63.27952 -173.27952     7.4740    31.3856    1476.06  0.000e+00
      4.634   63.27952 -173.27952     7.4740    31.3853    1476.06  0.000e+00
      4.634   63.27952 -173.27952     7.4735    31.3857    1476.05  0.000e+00
      4.634   63.27952 -173.27952     7.4735    31.3859    1476.05  0.000e+00
      4.696   63.27952 -173.27952     7.4737    31.3853    1476.06  0.000e+00
      4.634   63.27952 -173.27952     7.4725    31.3851    1476.05  0.000e+00
      4.634   63.27952 -173.27952     7.4718    31.3855    1476.05  0.000e+00
      4.634   63.27952 -173.27952     7.4714    31.3855    1476.05  0.000e+00
      4.634   63.27952 -173.27952     7.4710    31.3851    1476.04  0.000e+00
      4.634   63.27952 -173.27952     7.4703    31.3855    1476.04  0.000e+00
      4.634   63.27952 -173.27952     7.4694    31.3853    1476.04  0.000e+00
      4.634   63.27952 -173.27952     7.4690    31.3849    1476.04  0.000e+00
      4.634   63.27952 -173.27952     7.4678    31.3857    1476.03  0.000e+00
      4.634   63.27952 -173.27952     7.4679    31.3849    1476.03  0.000e+00
      4.634   63.27952 -173.27952     7.4684    31.3851    1476.03  0.000e+00
      4.634   63.27952 -173.27952     7.4684    31.3855    1476.03  0.000e+00
      4.634   63.27952 -173.27952     7.4693    31.3848    1476.04  0.000e+00
      4.672   63.27952 -173.27952     7.4695    31.3850    1476.04  0.000e+00
      4.634   63.27952 -173.27952     7.4697    31.3852    1476.04  0.000e+00
      4.634   63.27952 -173.27952     7.4702    31.3849    1476.04  0.000e+00
      4.634   63.27952 -173.27952     7.4699    31.3853    1476.04  0.000e+00
      4.634   63.27952 -173.27952     7.4700    31.3859    1476.04  0.000e+00
      4.695   63.27952 -173.27952     7.4710    31.3850    1476.04  0.000e+00
      4.634   63.27952 -173.27952     7.4715    31.3853    1476.05  0.000e+00
      4.695   63.27952 -173.27952     7.4716    31.3854    1476.05  0.000e+00
      4.634   63.27952 -173.27952     7.4720    31.3855    1476.05  0.000e+00
      4.695   63.27952 -173.27952     7.4721    31.3854    1476.05  0.000e+00
      4.695   63.27952 -173.27952     7.4723    31.3853    1476.05  0.000e+00
      4.695   63.27952 -173.27952     7.4720    31.3856    1476.05  0.000e+00
      4.634   63.27952 -173.27952     7.4721    31.3856    1476.05  0.000e+00
      4.749   63.27952 -173.27952     7.4719    31.3857    1476.05  0.000e+00
      4.695   63.27952 -173.27952     7.4717    31.3857    1476.05  0.000e+00
      4.695   63.27952 -173.27952     7.4719    31.3858    1476.05  0.000e+00
      4.749   63.27952 -173.27952     7.4720    31.3859    1476.05  0.000e+00
      4.749   63.27952 -173.27952     7.4723    31.3856    1476.05  0.000e+00
      4.695   63.27952 -173.27952     7.4726    31.3855    1476.05  0.000e+00
      4.811   63.27952 -173.27952     7.4725    31.3854    1476.05  0.000e+00
      4.726   63.27952 -173.27952     7.4727    31.3858    1476.05  0.000e+00
      4.749   63.27952 -173.27952     7.4727    31.3861    1476.05  0.000e+00
      4.811   63.27952 -173.27952     7.4727    31.3858    1476.05  0.000e+00
      4.811   63.27952 -173.27952     7.4727    31.3860    1476.05  0.000e+00
      4.811   63.27952 -173.27952     7.4728    31.3857    1476.05  0.000e+00
      4.865   63.27952 -173.27952     7.4727    31.3855    1476.05  0.000e+00
      4.865   63.27952 -173.27952     7.4727    31.3857    1476.05  0.000e+00
      4.811   63.27952 -173.27952     7.4725    31.3859    1476.05  0.000e+00
      4.926   63.27952 -173.27952     7.4724    31.3858    1476.05  0.000e+00
      4.926   63.27952 -173.27952     7.4723    31.3854    1476.05  0.000e+00
      4.926   63.27952 -173.27952     7.4722    31.3852    1476.05  0.000e+00
      4.926   63.27952 -173.27952     7.4721    31.3856    1476.05  0.000e+00
      4.980   63.27952 -173.27952     7.4717    31.3855    1476.05  0.000e+00
      4.980   63.27952 -173.27952     7.4714    31.3853    1476.05  0.000e+00
      5.034   63.27952 -173.27952     7.4713    31.3849    1476.05  0.000e+00
      5.034   63.27952 -173.27952     7.4707    31.3851    1476.05  0.000e+00
      5.034   63.27952 -173.27952     7.4702    31.3853    1476.05  0.000e+00
      5.034   63.27952 -173.27952     7.4700    31.3856    1476.05  0.000e+00
      5.127   63.27952 -173.27952     7.4701    31.3858    1476.05  0.000e+00
      5.096   63.27952 -173.27952     7.4703    31.3856    1476.05  0.000e+00
      5.150   63.27952 -173.27952     7.4704    31.3859    1476.05  0.000e+00
      5.150   63.27952 -173.27952     7.4710    31.3857    1476.05  0.000e+00
      5.150   63.27952 -173.27952     7.4710    31.3858    1476.05  0.000e+00
      5.212   63.27952 -173.27952     7.4714    31.3856    1476.06  0.000e+00
      5.212   63.27952 -173.27952     7.4713    31.3862    1476.06  0.000e+00
      5.266   63.27952 -173.27952     7.4714    31.3858    1476.06  0.000e+00
      5.266   63.27952 -173.27952     7.4711    31.3857    1476.06  0.000e+00
      5.266   63.27952 -173.27952     7.4702    31.3855    1476.05  0.000e+00
      5.381   63.27952 -173.27952     7.4693    31.3848    1476.05  0.000e+00
      5.320   63.27952 -173.27952     7.4684    31.3851    1476.04  0.000e+00
      5.320   63.27952 -173.27952     7.4679    31.3851    1476.04  0.000e+00
      5.435   63.27952 -173.27952     7.4671    31.3850    1476.04  0.000e+00
      5.381   63.27952 -173.27952     7.4668    31.3853    1476.04  0.000e+00
      5.435   63.27952 -173.27952     7.4670    31.3864    1476.04  0.000e+00
      5.466   63.27952 -173.27952     7.4682    31.3867    1476.05  0.000e+00
      5.497   63.27952 -173.27952     7.4687    31.3864    1476.05  0.000e+00
      5.497   63.27952 -173.27952     7.4689    31.3867    1476.05  0.000e+00
      5.497   63.27952 -173.27952     7.4705    31.3872    1476.06  0.000e+00
      5.613   63.27952 -173.27952     7.4730    31.3879    1476.07  0.000e+00
      5.551   63.27952 -173.27952     7.4758    31.3882    1476.08  0.000e+00
      5.613   63.27952 -173.27952     7.4785    31.3868    1476.09  0.000e+00
      5.613   63.27952 -173.27952     7.4792    31.3858    1476.09  0.000e+00
      5.612   63.27952 -173.27952     7.4776    31.3850    1476.08  0.000e+00
      5.720   63.27952 -173.27952     7.4766    31.3847    1476.08  0.000e+00
      5.666   63.27952 -173.27952     7.4764    31.3854    1476.08  0.000e+00
      5.666   63.27952 -173.27952     7.4758    31.3853    1476.08  0.000e+00
      5.720   63.27952 -173.27952     7.4747    31.3846    1476.08  0.000e+00
      5.782   63.27952 -173.27952     7.4733    31.3845    1476.07  0.000e+00
      5.751   63.27952 -173.27952     7.4732    31.3856    1476.07  0.000e+00
      5.782   63.27952 -173.27952     7.4751    31.3863    1476.08  0.000e+00
      5.836   63.27952 -173.27952     7.4771    31.3868    1476.09  0.000e+00
      5.836   63.27952 -173.27952     7.4782    31.3871    1476.09  0.000e+00
      5.836   63.27952 -173.27952     7.4795    31.3867    1476.10  0.000e+00
      5.898   63.27952 -173.27952     7.4806    31.3862    1476.10  0.000e+00
      5.836   63.27952 -173.27952     7.4811    31.3865    1476.10  0.000e+00
      5.898   63.27952 -173.27952     7.4812    31.3870    1476.11  0.000e+00
      5.952   63.27952 -173.27952     7.4817    31.3862    1476.11  0.000e+00
      5.898   63.27952 -173.27952     7.4819    31.3862    1476.11  0.000e+00
      5.952   63.27952 -173.27952     7.4819    31.3867    1476.11  0.000e+00
      5.952   63.27952 -173.27952     7.4824    31.3863    1476.11  0.000e+00
      5.952   63.27952 -173.27952     7.4824    31.3867    1476.11  0.000e+00
      5.982   63.27952 -173.27952     7.4824    31.3865    1476.11  0.000e+00
      6.013   63.27952 -173.27952     7.4824    31.3865    1476.11  0.000e+00
      6.013   63.27952 -173.27952     7.4825    31.3862    1476.11  0.000e+00
      6.013   63.27952 -173.27952     7.4827    31.3861    1476.11  0.000e+00
      6.013   63.27952 -173.27952     7.4827    31.3863    1476.11  0.000e+00
      6.067   63.27952 -173.27952     7.4827    31.3863    1476.11  0.000e+00
      6.013   63.27952 -173.27952     7.4827    31.3860    1476.11  0.000e+00
      6.067   63.27952 -173.27952     7.4827    31.3862    1476.11  0.000e+00
      6.067   63.27952 -173.27952     7.4827    31.3857    1476.11  0.000e+00
      6.013   63.27952 -173.27952     7.4824    31.3858    1476.11  0.000e+00
      6.067   63.27952 -173.27952     7.4819    31.3860    1476.11  0.000e+00
      6.067   63.27952 -173.27952     7.4814    31.3857    1476.11  0.000e+00
      6.067   63.27952 -173.27952     7.4808    31.3863    1476.11  0.000e+00
      6.098   63.27952 -173.27952     7.4808    31.3862    1476.11  0.000e+00
      6.067   63.27952 -173.27952     7.4806    31.3866    1476.11  0.000e+00
      6.067   63.27952 -173.27952     7.4811    31.3859    1476.11  0.000e+00
      6.067   63.27952 -173.27952     7.4808    31.3861    1476.11  0.000e+00
      6.067   63.27952 -173.27952     7.4811    31.3858    1476.11  0.000e+00
      6.067   63.27952 -173.27952     7.4811    31.3861    1476.11  0.000e+00
      6.067   63.27952 -173.27952     7.4811    31.3859    1476.11  0.000e+00
      6.067   63.27952 -173.27952     7.4811    31.3858    1476.11  0.000e+00
      6.067   63.27952 -173.27952     7.4809    31.3864    1476.11  0.000e+00
      6.067   63.27952 -173.27952     7.4812    31.3856    1476.11  0.000e+00
      6.067   63.27952 -173.27952     7.4809    31.3860    1476.11  0.000e+00
      6.067   63.27952 -173.27952     7.4808    31.3857    1476.11  0.000e+00
      6.067   63.27952 -173.27952     7.4806    31.3859    1476.11  0.000e+00
      6.044   63.27952 -173.27952     7.4801    31.3865    1476.10  0.000e+00
      6.067   63.27952 -173.27952     7.4802    31.3862    1476.10  0.000e+00
      5.951   63.27952 -173.27952     7.4804    31.3861    1476.10  0.000e+00
      6.121   63.27952 -173.27952     7.4801    31.3860    1476.10  0.000e+00
      6.067   63.27952 -173.27952     7.4803    31.3861    1476.10  0.000e+00
      6.013   63.27952 -173.27952     7.4803    31.3859    1476.10  0.000e+00
      6.013   63.27952 -173.27952     7.4802    31.3860    1476.10  0.000e+00
      6.013   63.27952 -173.27952     7.4803    31.3862    1476.10  0.000e+00
      6.013   63.27952 -173.27952     7.4800    31.3860    1476.10  0.000e+00
      6.013   63.27952 -173.27952     7.4797    31.3858    1476.10  0.000e+00
      6.013   63.27952 -173.27952     7.4795    31.3859    1476.10  0.000e+00
      6.013   63.27952 -173.27952     7.4793    31.3861    1476.10  0.000e+00
      5.982   63.27952 -173.27952     7.4794    31.3861    1476.10  0.000e+00
