EcoFOCI/data/1_SampleCollection/2023_SikuliaqDBO_CruiseData/CTD_raw_BottleFile_SKQ23-12S/proc/skq202312s_075.ros
* Sea-Bird SBE 9 Data File:
* FileName = D:\CTD\SKQ202312S\SKQ202312S_075.hex
* Software Version Seasave V 7.26.7.121
* Temperature SN = 6177
* Conductivity SN = 0369
* Number of Bytes Per Scan = 41
* Number of Voltage Words = 4
* Number of Scans Averaged by the Deck Unit = 1
* NMEA Latitude = 68 14.82 N
* NMEA Longitude = 167 07.33 W
* NMEA UTC (Time) = Oct 02 2023  05:40:29
* NMEA baud rate = 4800
** Ship: R/V Sikuliaq
** Station Number: 075
** Station Name: DBO3.3
** Bottom Depth: 43
** Operator: SD
# nquan = 22
# nvalues = 833                                   
# units = specified
# name 0 = depSM: Depth [salt water, m]
# name 1 = latitude: Latitude [deg]
# name 2 = longitude: Longitude [deg]
# name 3 = prDM: Pressure, Digiquartz [db]
# name 4 = t090C: Temperature [ITS-90, deg C]
# name 5 = t190C: Temperature, 2 [ITS-90, deg C]
# name 6 = potemp090C: Potential Temperature [ITS-90, deg C]
# name 7 = sal00: Salinity, Practical [PSU]
# name 8 = sal11: Salinity, Practical, 2 [PSU]
# name 9 = density00: Density [density, kg/m^3]
# name 10 = sigma-é00: Density [sigma-theta, kg/m^3]
# name 11 = sbox0Mm/Kg: Oxygen, SBE 43 [umol/kg]
# name 12 = sbox1Mm/Kg: Oxygen, SBE 43, 2 [umol/kg]
# name 13 = oxsolMm/Kg: Oxygen Saturation, Garcia & Gordon [umol/kg]
# name 14 = sbeox0PS: Oxygen, SBE 43 [% saturation]
# name 15 = v0: Voltage 0
# name 16 = flECO-AFL: Fluorescence, WET Labs ECO-AFL/FL [mg/m^3]
# name 17 = CStarAt0: Beam Attenuation, WET Labs C-Star [1/m]
# name 18 = par: PAR/Irradiance, Biospherical/Licor
# name 19 = scan: Scan Count
# name 20 = nbf: Bottles Fired
# name 21 = flag:  0.000e+00
# interval = seconds: 0.0416667
# start_time = Oct 02 2023 05:44:07 [NMEA time, first data scan]
# bad_flag = -9.990e-29
*END*
[from data line 791]
      2.752   68.24604 -167.12312      2.780     6.1938     6.1958     6.1936    25.3035    25.3132  1019.8938    19.8808    298.835    285.593  321.14126     93.054     0.2674     1.2564     0.9286 1.9781e-01      23416         17  0.000e+00
      2.752   68.24604 -167.12312      2.780     6.1937     6.1954     6.1935    25.3037    25.3134  1019.8940    19.8810    298.854    285.642  321.14107     93.060     0.2662     1.2491     0.9286 1.9781e-01      23417         17  0.000e+00
      2.806   68.24604 -167.12312      2.835     6.1936     6.1955     6.1934    25.3037    25.3132  1019.8942    19.8810    298.672    285.690  321.14188     93.003     0.2674     1.2564     0.9286 2.0139e-01      23418         17  0.000e+00
      2.698   68.24604 -167.12312      2.726     6.1939     6.1953     6.1937    25.3035    25.3134  1019.8935    19.8808    298.866    285.732  321.14053     93.064     0.2662     1.2491     0.9286 2.0229e-01      23419         17  0.000e+00
      2.752   68.24604 -167.12312      2.780     6.1936     6.1953     6.1934    25.3037    25.3134  1019.8939    19.8810    298.893    285.779  321.14199     93.072     0.2674     1.2564     0.9286 2.0049e-01      23420         17  0.000e+00
      2.698   68.24604 -167.12312      2.726     6.1939     6.1953     6.1937    25.3037    25.3134  1019.8937    19.8810    298.915    285.820  321.13997     93.079     0.2662     1.2491     0.9286 1.7967e-01      23421         17  0.000e+00
      2.698   68.24604 -167.12312      2.726     6.1939     6.1951     6.1937    25.3037    25.3135  1019.8937    19.8810    298.736    285.864  321.13952     93.024     0.2650     1.2417     0.9286 1.6978e-01      23422         17  0.000e+00
      2.698   68.24604 -167.12312      2.726     6.1940     6.1952     6.1938    25.3033    25.3133  1019.8934    19.8806    298.736    285.907  321.13972     93.024     0.2552     1.1831     0.9286 1.6816e-01      23423         17  0.000e+00
      2.698   68.24604 -167.12312      2.726     6.1939     6.1950     6.1937    25.3037    25.3132  1019.8937    19.8810    298.738    285.950  321.13960     93.024     0.2503     1.1538     0.9286 1.8646e-01      23424         17  0.000e+00
      2.698   68.24604 -167.12312      2.726     6.1937     6.1950     6.1935    25.3036    25.3131  1019.8936    19.8809    298.745    285.991  321.14142     93.026     0.2503     1.1538     0.9286 1.9960e-01      23425         17  0.000e+00
      2.637   68.24604 -167.12312      2.663     6.1939     6.1948     6.1937    25.3036    25.3134  1019.8933    19.8809    298.748    286.029  321.13978     93.027     0.2515     1.1612     0.9286 2.0139e-01      23426         17  0.000e+00
      2.637   68.24604 -167.12312      2.663     6.1939     6.1945     6.1937    25.3035    25.3135  1019.8932    19.8808    298.963    286.070  321.14055     93.094     0.2503     1.1538     0.9286 2.2566e-01      23427         17  0.000e+00
      2.698   68.24604 -167.12312      2.726     6.1939     6.1947     6.1937    25.3033    25.3135  1019.8934    19.8806    299.005    285.905  321.14055     93.107     0.2515     1.1612     0.9286 2.4969e-01      23428         17  0.000e+00
      2.637   68.24604 -167.12312      2.663     6.1939     6.1950     6.1937    25.3036    25.3134  1019.8933    19.8809    298.839    285.900  321.14015     93.056     0.2503     1.1538     0.9286 2.5490e-01      23429         17  0.000e+00
      2.583   68.24604 -167.12312      2.609     6.1941     6.1947     6.1939    25.3031    25.3140  1019.8927    19.8805    298.851    285.877  321.13979     93.059     0.2515     1.1612     0.9286 2.3151e-01      23430         17  0.000e+00
      2.637   68.24604 -167.12312      2.663     6.1939     6.1947     6.1937    25.3033    25.3138  1019.8931    19.8806    298.841    285.877  321.14095     93.056     0.2503     1.1538     0.9286 2.0501e-01      23431         17  0.000e+00
      2.637   68.24604 -167.12312      2.663     6.1939     6.1948     6.1937    25.3033    25.3135  1019.8931    19.8807    298.828    285.853  321.14050     93.052     0.2515     1.1612     0.9260 1.9870e-01      23432         17  0.000e+00
      2.637   68.24604 -167.12312      2.663     6.1940     6.1947     6.1938    25.3033    25.3138  1019.8930    19.8806    299.022    285.828  321.13990     93.113     0.2515     1.1612     0.9260 2.2760e-01      23433         17  0.000e+00
      2.583   68.24604 -167.12312      2.609     6.1939     6.1945     6.1937    25.3032    25.3138  1019.8927    19.8805    298.834    285.801  321.14092     93.054     0.2503     1.1538     0.9260 2.9006e-01      23434         17  0.000e+00
      2.583   68.24604 -167.12312      2.609     6.1940     6.1948     6.1938    25.3031    25.3135  1019.8927    19.8805    298.823    285.586  321.14017     93.051     0.2515     1.1612     0.9260 3.0887e-01      23435         17  0.000e+00
      2.637   68.24604 -167.12312      2.663     6.1941     6.1948     6.1939    25.3032    25.3133  1019.8930    19.8805    298.786    285.541  321.13968     93.039     0.2515     1.1612     0.9260 2.9936e-01      23436         17  0.000e+00
      2.583   68.24604 -167.12312      2.609     6.1940     6.1951     6.1938    25.3033    25.3134  1019.8928    19.8806    298.776    285.488  321.13985     93.036     0.2515     1.1612     0.9260 2.7429e-01      23437         17  0.000e+00
      2.637   68.24604 -167.12312      2.663     6.1941     6.1950     6.1939    25.3032    25.3135  1019.8930    19.8805    298.771    285.257  321.13960     93.034     0.2515     1.1612     0.9260 2.6555e-01      23438         17  0.000e+00
      2.637   68.24604 -167.12312      2.663     6.1942     6.1948     6.1940    25.3033    25.3135  1019.8930    19.8806    298.764    285.375  321.13869     93.033     0.2515     1.1612     0.9260 2.5490e-01      23439         17  0.000e+00
      2.583   68.24604 -167.12312      2.609     6.1941     6.1948     6.1939    25.3034    25.3137  1019.8929    19.8807    298.757    285.137  321.13923     93.030     0.2503     1.1538     0.9260 2.0229e-01      23440         17  0.000e+00
      2.637   68.24604 -167.12312      2.663     6.1942     6.1950     6.1940    25.3033    25.3136  1019.8930    19.8806    298.785    285.069  321.13861     93.039     0.2515     1.1612     0.9260 1.8220e-01      23441         17  0.000e+00
      2.660   68.24604 -167.12312      2.687     6.1939     6.1951     6.1937    25.3034    25.3133  1019.8932    19.8807    298.787    285.001  321.14044     93.039     0.2515     1.1612     0.9260 1.8389e-01      23442         17  0.000e+00
      2.637   68.24604 -167.12312      2.663     6.1942     6.1950     6.1940    25.3031    25.3134  1019.8929    19.8805    298.784    284.932  321.13901     93.039     0.2503     1.1538     0.9260 2.1237e-01      23443         17  0.000e+00
      2.637   68.24604 -167.12312      2.663     6.1939     6.1950     6.1937    25.3031    25.3134  1019.8929    19.8805    298.583    284.864  321.14097     92.976     0.2503     1.1538     0.9260 2.2760e-01      23444         17  0.000e+00
      2.637   68.24604 -167.12312      2.663     6.1939     6.1952     6.1937    25.3031    25.3130  1019.8929    19.8805    298.763    284.794  321.14151     93.032     0.2515     1.1612     0.9260 2.2857e-01      23445         17  0.000e+00
      2.698   68.24604 -167.12312      2.726     6.1934     6.1951     6.1933    25.3034    25.3134  1019.8935    19.8807    298.773    284.727  321.14387     93.034     0.2503     1.1538     0.9260 2.1424e-01      23446         17  0.000e+00
      2.637   68.24604 -167.12312      2.663     6.1935     6.1953     6.1934    25.3034    25.3134  1019.8932    19.8807    298.775    284.655  321.14313     93.035     0.2515     1.1612     0.9260 2.0501e-01      23447         17  0.000e+00
      2.698   68.24604 -167.12312      2.726     6.1931     6.1953     6.1929    25.3039    25.3136  1019.8939    19.8811    298.757    284.608  321.14547     93.029     0.2576     1.1978     0.9260 2.0501e-01      23448         17  0.000e+00
      2.698   68.24604 -167.12312      2.726     6.1933     6.1953     6.1932    25.3035    25.3135  1019.8936    19.8809    298.763    284.559  321.14430     93.031     0.2674     1.2564     0.9260 2.3151e-01      23449         17  0.000e+00
      2.752   68.24604 -167.12312      2.780     6.1931     6.1950     6.1929    25.3037    25.3136  1019.8940    19.8810    298.806    284.516  321.14592     93.044     0.2686     1.2637     0.9260 2.5490e-01      23450         17  0.000e+00
      2.698   68.24604 -167.12312      2.726     6.1930     6.1950     6.1928    25.3038    25.3136  1019.8939    19.8811    298.815    284.282  321.14593     93.046     0.2686     1.2637     0.9273 2.6019e-01      23451         17  0.000e+00
      2.752   68.24604 -167.12312      2.780     6.1929     6.1951     6.1927    25.3040    25.3133  1019.8942    19.8813    298.829    284.219  321.14633     93.051     0.2674     1.2564     0.9273 2.4865e-01      23452         17  0.000e+00
      2.752   68.24604 -167.12312      2.780     6.1929     6.1950     6.1927    25.3037    25.3136  1019.8940    19.8810    298.843    284.157  321.14743     93.055     0.2686     1.2637     0.9273 2.3747e-01      23453         17  0.000e+00
      2.752   68.24604 -167.12312      2.780     6.1928     6.1948     6.1926    25.3038    25.3135  1019.8941    19.8812    298.858    284.117  321.14786     93.059     0.2674     1.2564     0.9273 2.3448e-01      23454         17  0.000e+00
      2.806   68.24604 -167.12312      2.835     6.1929     6.1950     6.1927    25.3041    25.3133  1019.8946    19.8814    298.875    284.079  321.14644     93.065     0.2686     1.2637     0.9286 2.5177e-01      23455         17  0.000e+00
      2.806   68.24604 -167.12312      2.835     6.1928     6.1951     6.1926    25.3039    25.3132  1019.8945    19.8812    298.863    284.042  321.14767     93.061     0.2686     1.2637     0.9273 2.7985e-01      23456         17  0.000e+00
      2.806   68.24604 -167.12312      2.835     6.1929     6.1947     6.1927    25.3039    25.3134  1019.8945    19.8812    299.084    284.010  321.14684     93.130     0.2686     1.2637     0.9286 2.8892e-01      23457         17  0.000e+00
