EcoFOCI/data/1_SampleCollection/2023_SikuliaqDBO_CruiseData/CTD_raw_BottleFile_SKQ23-12S/proc/skq202312s_053.ros
* Sea-Bird SBE 9 Data File:
* FileName = D:\CTD\SKQ202312S\SKQ202312S_053.hex
* Software Version Seasave V 7.26.7.121
* Temperature SN = 6177
* Conductivity SN = 0369
* Number of Bytes Per Scan = 41
* Number of Voltage Words = 4
* Number of Scans Averaged by the Deck Unit = 1
* NMEA Latitude = 70 50.92 N
* NMEA Longitude = 163 11.04 W
* NMEA UTC (Time) = Sep 26 2023  23:34:43
* NMEA baud rate = 4800
** Ship: R/V Sikuliaq
** Station Number: 053
** Station Name: IC9
** Bottom Depth: 44
** Operator: SS
# nquan = 22
# nvalues = 833                                   
# units = specified
# name 0 = depSM: Depth [salt water, m]
# name 1 = latitude: Latitude [deg]
# name 2 = longitude: Longitude [deg]
# name 3 = prDM: Pressure, Digiquartz [db]
# name 4 = t090C: Temperature [ITS-90, deg C]
# name 5 = t190C: Temperature, 2 [ITS-90, deg C]
# name 6 = potemp090C: Potential Temperature [ITS-90, deg C]
# name 7 = sal00: Salinity, Practical [PSU]
# name 8 = sal11: Salinity, Practical, 2 [PSU]
# name 9 = density00: Density [density, kg/m^3]
# name 10 = sigma-é00: Density [sigma-theta, kg/m^3]
# name 11 = sbox0Mm/Kg: Oxygen, SBE 43 [umol/kg]
# name 12 = sbox1Mm/Kg: Oxygen, SBE 43, 2 [umol/kg]
# name 13 = oxsolMm/Kg: Oxygen Saturation, Garcia & Gordon [umol/kg]
# name 14 = sbeox0PS: Oxygen, SBE 43 [% saturation]
# name 15 = v0: Voltage 0
# name 16 = flECO-AFL: Fluorescence, WET Labs ECO-AFL/FL [mg/m^3]
# name 17 = CStarAt0: Beam Attenuation, WET Labs C-Star [1/m]
# name 18 = par: PAR/Irradiance, Biospherical/Licor
# name 19 = scan: Scan Count
# name 20 = nbf: Bottles Fired
# name 21 = flag:  0.000e+00
# interval = seconds: 0.0416667
# start_time = Sep 26 2023 23:38:01 [NMEA time, first data scan]
# bad_flag = -9.990e-29
*END*
[from data line 198]
     30.110   70.84874 -163.18484     30.422     4.4602     4.4623     4.4581    31.7987    31.8097  1025.3368    25.1950    237.534    224.592  318.91412     74.482     0.0842     0.1575     2.3186 2.0867e-01       9591          5  0.000e+00
     30.110   70.84874 -163.18484     30.422     4.4602     4.4620     4.4581    31.7987    31.8098  1025.3368    25.1950    237.560    224.610  318.91412     74.490     0.0830     0.1502     2.3205 2.1237e-01       9592          5  0.000e+00
     30.033   70.84874 -163.18484     30.344     4.4600     4.4619     4.4580    31.7991    31.8098  1025.3368    25.1953    237.375    224.623  318.91441     74.432     0.0842     0.1575     2.3205 2.1237e-01       9593          5  0.000e+00
     30.110   70.84874 -163.18484     30.422     4.4603     4.4627     4.4583    31.7991    31.8094  1025.3371    25.1953    237.577    224.634  318.91216     74.496     0.0830     0.1502     2.3205 2.1706e-01       9594          5  0.000e+00
     30.033   70.84874 -163.18484     30.344     4.4605     4.4635     4.4585    31.7998    31.8098  1025.3373    25.1959    237.596    224.637  318.90909     74.503     0.0842     0.1575     2.3205 2.1990e-01       9595          5  0.000e+00
     30.048   70.84874 -163.18484     30.360     4.4608     4.4639     4.4588    31.7996    31.8098  1025.3372    25.1956    237.617    224.644  318.90724     74.510     0.0830     0.1502     2.3205 2.1990e-01       9596          5  0.000e+00
     30.095   70.84874 -163.18484     30.406     4.4608     4.4635     4.4588    31.7995    31.8097  1025.3373    25.1956    237.639    224.656  318.90738     74.517     0.0842     0.1575     2.3205 2.2181e-01       9597          5  0.000e+00
     30.048   70.84874 -163.18484     30.360     4.4611     4.4624     4.4591    31.7997    31.8095  1025.3372    25.1956    237.656    224.668  318.90471     74.522     0.0830     0.1502     2.3205 2.2373e-01       9598          5  0.000e+00
     30.033   70.84874 -163.18484     30.344     4.4614     4.4620     4.4594    31.8006    31.8093  1025.3378    25.1963    237.462    224.674  318.90013     74.463     0.0842     0.1575     2.3205 2.2469e-01       9599          5  0.000e+00
     30.048   70.84874 -163.18484     30.360     4.4621     4.4619     4.4600    31.7999    31.8096  1025.3372    25.1957    237.654    224.678  318.89696     74.524     0.0842     0.1575     2.3205 2.1990e-01       9600          5  0.000e+00
     30.033   70.84874 -163.18484     30.344     4.4622     4.4625     4.4602    31.8000    31.8088  1025.3372    25.1958    237.254    224.675  318.89545     74.399     0.0830     0.1502     2.3205 2.1424e-01       9601          5  0.000e+00
     30.110   70.84874 -163.18484     30.422     4.4624     4.4624     4.4604    31.7991    31.8091  1025.3368    25.1950    237.628    224.677  318.89609     74.516     0.0818     0.1428     2.3205 2.1237e-01       9602          5  0.000e+00
     29.994   70.84874 -163.18484     30.305     4.4626     4.4632     4.4605    31.7993    31.8095  1025.3365    25.1952    237.640    224.666  318.89427     74.520     0.0806     0.1355     2.3205 2.1895e-01       9603          5  0.000e+00
     30.095   70.84874 -163.18484     30.406     4.4626     4.4639     4.4605    31.7997    31.8097  1025.3373    25.1955    237.658    224.660  318.89337     74.526     0.0806     0.1355     2.3205 2.2857e-01       9604          5  0.000e+00
     29.994   70.84874 -163.18484     30.305     4.4627     4.4639     4.4607    31.7994    31.8098  1025.3366    25.1953    237.669    224.837  318.89278     74.529     0.0794     0.1282     2.3186 2.3053e-01       9605          5  0.000e+00
     30.095   70.84874 -163.18484     30.406     4.4629     4.4625     4.4609    31.7990    31.8093  1025.3366    25.1949    237.685    224.862  318.89271     74.534     0.0806     0.1355     2.3205 2.3250e-01       9606          5  0.000e+00
     30.048   70.84874 -163.18484     30.360     4.4627     4.4609     4.4607    31.8002    31.8088  1025.3374    25.1959    237.727    224.693  318.89108     74.548     0.0794     0.1282     2.3205 2.3647e-01       9607          5  0.000e+00
     29.979   70.84874 -163.18484     30.289     4.4632     4.4611     4.4612    31.7999    31.8087  1025.3368    25.1956    237.734    224.678  318.88819     74.551     0.0806     0.1355     2.3186 2.3747e-01       9608          5  0.000e+00
     30.048   70.84874 -163.18484     30.360     4.4631     4.4625     4.4610    31.7991    31.8094  1025.3365    25.1950    237.749    224.655  318.89125     74.555     0.0794     0.1282     2.3168 2.3547e-01       9609          5  0.000e+00
     30.033   70.84874 -163.18484     30.344     4.4634     4.4638     4.4613    31.7985    31.8096  1025.3359    25.1945    237.757    224.631  318.89020     74.558     0.0806     0.1355     2.3149 2.2857e-01       9610          5  0.000e+00
     30.048   70.84874 -163.18484     30.360     4.4632     4.4649     4.4612    31.7990    31.8102  1025.3365    25.1949    237.765    224.440  318.89013     74.560     0.0806     0.1355     2.3168 2.2566e-01       9611          5  0.000e+00
     29.979   70.84874 -163.18484     30.289     4.4635     4.4655     4.4615    31.8002    31.8105  1025.3370    25.1958    237.350    224.582  318.88502     74.431     0.0806     0.1355     2.3168 2.2566e-01       9612          5  0.000e+00
     30.048   70.84874 -163.18484     30.360     4.4643     4.4661     4.4623    31.8004    31.8101  1025.3374    25.1959    237.707    224.583  318.87838     74.545     0.0806     0.1355     2.3149 2.2663e-01       9613          5  0.000e+00
     30.033   70.84874 -163.18484     30.344     4.4653     4.4662     4.4632    31.8003    31.8097  1025.3372    25.1958    237.674    224.583  318.87135     74.536     0.0794     0.1282     2.3149 2.2760e-01       9614          5  0.000e+00
     30.048   70.84874 -163.18484     30.360     4.4662     4.4658     4.4642    31.8001    31.8096  1025.3370    25.1955    237.640    224.565  318.86473     74.527     0.0806     0.1355     2.3149 2.2760e-01       9615          5  0.000e+00
     29.994   70.84874 -163.18484     30.305     4.4667     4.4646     4.4646    31.8011    31.8100  1025.3375    25.1962    237.635    224.548  318.85880     74.527     0.0806     0.1355     2.3149 2.3250e-01       9616          5  0.000e+00
     30.033   70.84874 -163.18484     30.344     4.4673     4.4646     4.4653    31.8013    31.8097  1025.3377    25.1963    237.632    224.711  318.85352     74.527     0.0806     0.1355     2.3149 2.3647e-01       9617          5  0.000e+00
     29.994   70.84874 -163.18484     30.305     4.4678     4.4659     4.4658    31.8015    31.8096  1025.3377    25.1965    237.691    224.695  318.84881     74.547     0.0794     0.1282     2.3168 2.3747e-01       9618          5  0.000e+00
     30.033   70.84874 -163.18484     30.344     4.4681     4.4676     4.4661    31.8015    31.8099  1025.3378    25.1964    237.691    224.511  318.84661     74.547     0.0806     0.1355     2.3168 2.3151e-01       9619          5  0.000e+00
     29.940   70.84874 -163.18484     30.250     4.4686     4.4690     4.4666    31.8008    31.8105  1025.3368    25.1958    237.685    224.468  318.84453     74.546     0.0794     0.1282     2.3149 2.2760e-01       9620          5  0.000e+00
     30.033   70.84874 -163.18484     30.344     4.4686     4.4703     4.4666    31.8007    31.8102  1025.3371    25.1957    237.685    224.431  318.84483     74.546     0.0806     0.1355     2.3149 2.2760e-01       9621          5  0.000e+00
     29.994   70.84874 -163.18484     30.305     4.4690     4.4706     4.4669    31.8004    31.8105  1025.3367    25.1954    237.678    224.415  318.84282     74.544     0.0806     0.1355     2.3149 2.2663e-01       9622          5  0.000e+00
     30.033   70.84874 -163.18484     30.344     4.4688     4.4703     4.4667    31.8005    31.8107  1025.3370    25.1956    237.675    224.404  318.84399     74.543     0.0806     0.1355     2.3168 2.2566e-01       9623          5  0.000e+00
     29.994   70.84874 -163.18484     30.305     4.4686     4.4704     4.4666    31.8003    31.8101  1025.3366    25.1954    237.669    224.575  318.84580     74.540     0.0806     0.1355     2.3168 2.2566e-01       9624          5  0.000e+00
     29.979   70.84874 -163.18484     30.289     4.4689     4.4699     4.4669    31.8003    31.8099  1025.3365    25.1953    237.658    224.396  318.84345     74.538     0.0806     0.1355     2.3149 2.2760e-01       9625          5  0.000e+00
     29.994   70.84874 -163.18484     30.305     4.4694     4.4699     4.4673    31.8002    31.8098  1025.3365    25.1952    237.647    224.379  318.84001     74.535     0.0806     0.1355     2.3168 2.3053e-01       9626          5  0.000e+00
     29.979   70.84874 -163.18484     30.289     4.4694     4.4700     4.4673    31.8007    31.8099  1025.3368    25.1956    237.635    224.360  318.83888     74.531     0.0806     0.1355     2.3168 2.3053e-01       9627          5  0.000e+00
     29.994   70.84874 -163.18484     30.305     4.4694     4.4703     4.4673    31.8006    31.8097  1025.3368    25.1955    237.624    224.341  318.83908     74.528     0.0818     0.1428     2.3168 2.2857e-01       9628          5  0.000e+00
     29.994   70.84874 -163.18484     30.305     4.4695     4.4704     4.4675    31.8004    31.8105  1025.3366    25.1954    237.610    224.319  318.83833     74.524     0.0818     0.1428     2.3205 2.2277e-01       9629          5  0.000e+00
     29.979   70.84874 -163.18484     30.289     4.4694     4.4704     4.4673    31.8003    31.8104  1025.3365    25.1953    237.596    224.111  318.83971     74.519     0.0818     0.1428     2.3205 2.2181e-01       9630          5  0.000e+00
     29.994   70.84874 -163.18484     30.305     4.4694     4.4703     4.4673    31.7998    31.8108  1025.3362    25.1949    237.790    224.258  318.84094     74.579     0.0806     0.1355     2.3205 2.2277e-01       9631          5  0.000e+00
     29.979   70.84874 -163.18484     30.289     4.4694     4.4707     4.4673    31.7988    31.8108  1025.3353    25.1942    237.596    224.255  318.84325     74.518     0.0818     0.1428     2.3205 2.2566e-01       9632          5  0.000e+00
     29.940   70.84874 -163.18484     30.250     4.4691     4.4706     4.4670    31.7983    31.8108  1025.3347    25.1937    237.578    224.255  318.84702     74.512     0.0806     0.1355     2.3205 2.2566e-01       9633          5  0.000e+00
     30.033   70.84874 -163.18484     30.344     4.4689     4.4696     4.4669    31.7984    31.8104  1025.3353    25.1938    237.561    224.264  318.84797     74.506     0.0818     0.1428     2.3205 2.2566e-01       9634          5  0.000e+00
     29.940   70.84874 -163.18484     30.250     4.4686     4.4686     4.4666    31.7994    31.8098  1025.3357    25.1947    237.536    224.081  318.84788     74.498     0.0830     0.1502     2.3205 2.2373e-01       9635          5  0.000e+00
     29.979   70.84874 -163.18484     30.289     4.4686     4.4682     4.4666    31.7996    31.8100  1025.3360    25.1949    237.546    224.252  318.84736     74.501     0.0818     0.1428     2.3205 2.2373e-01       9636          5  0.000e+00
     29.994   70.84874 -163.18484     30.305     4.4688     4.4682     4.4667    31.7990    31.8101  1025.3356    25.1944    237.523    224.045  318.84766     74.494     0.0818     0.1428     2.3205 2.2373e-01       9637          5  0.000e+00
     29.925   70.84874 -163.18486     30.235     4.4740     4.4761     4.4720    31.8030    31.8124  1025.3379    25.1970    238.052    224.475  318.79794     74.672     0.0818     0.1428     2.3057 2.1800e-01       9757          6  0.000e+00
     29.994   70.84874 -163.18486     30.305     4.4745     4.4763     4.4724    31.8024    31.8120  1025.3377    25.1964    238.031    224.474  318.79587     74.666     0.0818     0.1428     2.3057 2.1800e-01       9758          6  0.000e+00
     29.979   70.84874 -163.18486     30.289     4.4746     4.4762     4.4726    31.8018    31.8121  1025.3372    25.1960    238.216    224.472  318.79603     74.724     0.0818     0.1428     2.3057 2.1800e-01       9759          6  0.000e+00
     29.994   70.84874 -163.18486     30.305     4.4746     4.4761     4.4726    31.8012    31.8122  1025.3368    25.1955    238.224    224.659  318.79744     74.726     0.0806     0.1355     2.3057 2.1990e-01       9760          6  0.000e+00
     29.940   70.84874 -163.18486     30.250     4.4746     4.4759     4.4726    31.8013    31.8122  1025.3366    25.1956    238.226    224.676  318.79719     74.727     0.0818     0.1428     2.3057 2.2085e-01       9761          6  0.000e+00
     29.979   70.84874 -163.18486     30.289     4.4748     4.4761     4.4727    31.8012    31.8121  1025.3367    25.1955    238.020    224.693  318.79621     74.662     0.0806     0.1355     2.3057 2.2085e-01       9762          6  0.000e+00
     29.940   70.84874 -163.18486     30.250     4.4748     4.4764     4.4727    31.8012    31.8119  1025.3365    25.1955    237.988    224.520  318.79616     74.652     0.0818     0.1428     2.3057 2.2566e-01       9763          6  0.000e+00
     29.979   70.84874 -163.18486     30.289     4.4748     4.4762     4.4727    31.8012    31.8119  1025.3367    25.1955    237.956    224.518  318.79621     74.642     0.0806     0.1355     2.3057 2.3250e-01       9764          6  0.000e+00
     29.940   70.84874 -163.18486     30.250     4.4748     4.4764     4.4727    31.8010    31.8124  1025.3363    25.1953    238.162    224.698  318.79672     74.706     0.0818     0.1428     2.3057 2.3349e-01       9765          6  0.000e+00
     29.979   70.84874 -163.18486     30.289     4.4748     4.4766     4.4727    31.8013    31.8125  1025.3368    25.1956    237.983    224.712  318.79593     74.651     0.0806     0.1355     2.3057 2.3250e-01       9766          6  0.000e+00
     29.994   70.84874 -163.18486     30.305     4.4746     4.4765     4.4726    31.8012    31.8120  1025.3367    25.1955    238.157    224.542  318.79754     74.705     0.0818     0.1428     2.3057 2.2955e-01       9767          6  0.000e+00
     29.979   70.84874 -163.18486     30.289     4.4749     4.4761     4.4729    31.8014    31.8125  1025.3368    25.1956    238.148    224.537  318.79463     74.703     0.0818     0.1428     2.3057 2.2857e-01       9768          6  0.000e+00
     29.994   70.84874 -163.18486     30.305     4.4748     4.4761     4.4727    31.8014    31.8123  1025.3369    25.1956    238.140    224.532  318.79586     74.700     0.0818     0.1428     2.3057 2.2760e-01       9769          6  0.000e+00
     29.979   70.84874 -163.18486     30.289     4.4749     4.4758     4.4729    31.8011    31.8123  1025.3365    25.1954    238.160    224.527  318.79537     74.706     0.0818     0.1428     2.2965 2.2469e-01       9770          6  0.000e+00
     29.940   70.84874 -163.18486     30.250     4.4749     4.4755     4.4729    31.8011    31.8122  1025.3364    25.1954    238.179    224.523  318.79532     74.712     0.0818     0.1428     2.2928 2.2373e-01       9771          6  0.000e+00
     29.979   70.84874 -163.18486     30.289     4.4746     4.4753     4.4726    31.8014    31.8120  1025.3368    25.1956    238.200    224.519  318.79705     74.718     0.0818     0.1428     2.2928 2.2277e-01       9772          6  0.000e+00
     29.994   70.84874 -163.18486     30.305     4.4748     4.4752     4.4727    31.8012    31.8124  1025.3367    25.1955    238.151    224.700  318.79623     74.703     0.0806     0.1355     2.2928 2.1611e-01       9773          6  0.000e+00
     29.994   70.84874 -163.18486     30.305     4.4748     4.4753     4.4727    31.8010    31.8120  1025.3366    25.1953    238.165    224.714  318.79679     74.707     0.0818     0.1428     2.2928 2.1330e-01       9774          6  0.000e+00
