EcoFOCI/data/1_SampleCollection/2023_SikuliaqDBO_CruiseData/CTD_raw_BottleFile_SKQ23-12S/proc/skq202312s_009.cnv
* Sea-Bird SBE 9 Data File:
* FileName = D:\CTD\SKQ202312S\SKQ202312S_009.hex
* Software Version Seasave V 7.26.7.121
* Temperature SN = 6177
* Conductivity SN = 0369
* Number of Bytes Per Scan = 41
* Number of Voltage Words = 4
* Number of Scans Averaged by the Deck Unit = 1
* NMEA Latitude = 63 01.70 N
* NMEA Longitude = 173 27.64 W
* NMEA UTC (Time) = Sep 16 2023  10:53:46
* NMEA baud rate = 4800
** Ship: R/V Sikuliaq
** Station Number: 009
** Station Name: DBO1.8
** Bottom Depth: 71
** Operator: SD
# nquan = 24
# nvalues = 6445                                  
# units = specified
# name 0 = depSM: Depth [salt water, m]
# name 1 = latitude: Latitude [deg]
# name 2 = longitude: Longitude [deg]
# name 3 = prDM: Pressure, Digiquartz [db]
# name 4 = t090C: Temperature [ITS-90, deg C]
# name 5 = t190C: Temperature, 2 [ITS-90, deg C]
# name 6 = potemp090C: Potential Temperature [ITS-90, deg C]
# name 7 = sal00: Salinity, Practical [PSU]
# name 8 = sal11: Salinity, Practical, 2 [PSU]
# name 9 = density00: Density [density, kg/m^3]
# name 10 = sigma-é00: Density [sigma-theta, kg/m^3]
# name 11 = sbox0Mm/Kg: Oxygen, SBE 43 [umol/kg]
# name 12 = sbox1Mm/Kg: Oxygen, SBE 43, 2 [umol/kg]
# name 13 = oxsolMm/Kg: Oxygen Saturation, Garcia & Gordon [umol/kg]
# name 14 = sbeox0PS: Oxygen, SBE 43 [% saturation]
# name 15 = sbeox1PS: Oxygen, SBE 43, 2 [% saturation]
# name 16 = v0: Voltage 0
# name 17 = flECO-AFL: Fluorescence, WET Labs ECO-AFL/FL [mg/m^3]
# name 18 = v1: Voltage 1
# name 19 = CStarAt0: Beam Attenuation, WET Labs C-Star [1/m]
# name 20 = par: PAR/Irradiance, Biospherical/Licor
# name 21 = scan: Scan Count
# name 22 = timeM: Time, Elapsed [minutes]
# name 23 = flag:  0.000e+00
# span 0 =      1.077,     66.655                 
# span 1 =   63.02840,   63.02840                 
# span 2 = -173.46060, -173.46058                 
# span 3 =      1.088,     67.317                 
# span 4 =    -1.3989,     7.4412                 
# span 5 =    -1.3975,     7.4348                 
# span 6 =    -1.3999,     7.4411                 
# span 7 =    31.2990,    32.0983                 
# span 8 =    31.1780,    32.1134                 
# span 9 =  1024.4554,  1026.1344                 
# span 10 =    24.4499,    25.8128                
# span 11 =    257.562,    450.040                
# span 12 =    245.686,    411.351                
# span 13 =  298.49341,  369.40246                
# span 14 =     69.767,    124.889                
# span 15 =     66.551,    113.527                
# span 16 =     0.0818,     0.2112                
# span 17 =     0.1428,     0.9194                
# span 18 =     3.2894,     4.1917                
# span 19 =     0.4684,     1.4383                
# span 20 = 1.0000e-12, 1.3709e+00                
# span 21 =          1,       6445                
# span 22 =     0.0000,     4.4750                
# span 23 = 0.0000e+00, 0.0000e+00                
# interval = seconds: 0.0416667
# start_time = Sep 16 2023 10:56:36 [NMEA time, first data scan]
# bad_flag = -9.990e-29
*END*
[from data line 2778]
     32.671   63.02840 -173.46060     32.992    -0.7700    -0.7805    -0.7707    31.9777    32.0129  1025.8556    25.6969    420.631    406.800  363.56712    115.696    111.891     0.1648     0.6410     4.1770     0.4824 1.0000e-12       2779     1.9292  0.000e+00
     32.686   63.02840 -173.46060     33.008    -0.7772    -0.7862    -0.7780    31.9802    32.0130  1025.8579    25.6991    420.286    406.606  363.62990    115.581    111.821     0.1636     0.6337     4.1770     0.4824 1.0000e-12       2780     1.9299  0.000e+00
     32.733   63.02840 -173.46060     33.055    -0.7837    -0.7930    -0.7844    31.9797    32.0121  1025.8579    25.6989    420.457    406.428  363.69421    115.607    111.751     0.1600     0.6117     4.1770     0.4824 1.0000e-12       2781     1.9306  0.000e+00
     32.686   63.02840 -173.46060     33.008    -0.7909    -0.8006    -0.7917    31.9783    32.0113  1025.8569    25.6981    420.185    406.255  363.76800    115.509    111.680     0.1600     0.6117     4.1770     0.4824 1.0000e-12       2782     1.9312  0.000e+00
     32.802   63.02840 -173.46060     33.125    -0.7973    -0.8079    -0.7981    31.9785    32.0112  1025.8578    25.6984    420.122    406.310  363.82994    115.472    111.673     0.1587     0.6044     4.1770     0.4824 1.0000e-12       2783     1.9319  0.000e+00
     32.733   63.02840 -173.46060     33.055    -0.8052    -0.8149    -0.8060    31.9773    32.0095  1025.8567    25.6977    420.081    406.132  363.90949    115.436    111.602     0.1587     0.6044     4.1770     0.4824 1.0000e-12       2784     1.9326  0.000e+00
     32.802   63.02840 -173.46060     33.125    -0.8140    -0.8245    -0.8147    31.9764    32.0100  1025.8566    25.6973    419.865    405.989  363.99708    115.348    111.534     0.1587     0.6044     4.1770     0.4824 1.0000e-12       2785     1.9333  0.000e+00
     32.856   63.02840 -173.46060     33.179    -0.8220    -0.8352    -0.8228    31.9739    32.0105  1025.8551    25.6955    419.863    405.892  364.08216    115.321    111.477     0.1587     0.6044     4.1770     0.4824 1.0000e-12       2786     1.9340  0.000e+00
     32.787   63.02840 -173.46060     33.109    -0.8329    -0.8480    -0.8337    31.9709    32.0119  1025.8528    25.6935    419.654    405.819  364.19671    115.227    111.419     0.1600     0.6117     4.1770     0.4824 1.0000e-12       2787     1.9347  0.000e+00
     32.856   63.02840 -173.46060     33.179    -0.8441    -0.8605    -0.8449    31.9684    32.0128  1025.8514    25.6918    419.675    405.756  364.31236    115.196    111.366     0.1587     0.6044     4.1770     0.4824 1.0000e-12       2788     1.9354  0.000e+00
     32.902   63.02840 -173.46060     33.226    -0.8571    -0.8729    -0.8579    31.9715    32.0112  1025.8546    25.6947    419.717    405.674  364.43034    115.171    111.305     0.1600     0.6117     4.1770     0.4824 1.0000e-12       2789     1.9361  0.000e+00
     32.856   63.02840 -173.46060     33.179    -0.8719    -0.8851    -0.8727    31.9745    32.0121  1025.8574    25.6976    420.346    405.391  364.56499    115.301    111.192     0.1600     0.6117     4.1770     0.4824 1.0000e-12       2790     1.9368  0.000e+00
     32.918   63.02840 -173.46060     33.242    -0.8834    -0.8973    -0.8842    31.9757    32.0153  1025.8590    25.6989    420.042    405.312  364.67373    115.183    111.137     0.1600     0.6117     4.1770     0.4824 1.0000e-12       2791     1.9375  0.000e+00
     32.902   63.02840 -173.46060     33.226    -0.8941    -0.9092    -0.8949    31.9770    32.0160  1025.8603    25.7004    419.596    405.470  364.77417    115.029    111.146     0.1587     0.6044     4.1807     0.4789 1.0000e-12       2792     1.9382  0.000e+00
     32.972   63.02840 -173.46060     33.296    -0.8992    -0.9221    -0.9000    31.9724    32.0174  1025.8571    25.6968    419.786    405.205  364.83692    115.061    111.036     0.1600     0.6117     4.1832     0.4765 1.0000e-12       2793     1.9389  0.000e+00
     32.972   63.02840 -173.46060     33.296    -0.9079    -0.9315    -0.9087    31.9681    32.0137  1025.8539    25.6936    419.577    405.115  364.93417    114.973    110.981     0.1587     0.6044     4.1844     0.4754 1.0000e-12       2794     1.9396  0.000e+00
     33.018   63.02840 -173.46060     33.343    -0.9193    -0.9406    -0.9200    31.9679    32.0136  1025.8543    25.6938    420.124    405.029  365.04525    115.088    110.930     0.1600     0.6117     4.1844     0.4754 8.4714e-06       2795     1.9403  0.000e+00
     32.972   63.02840 -173.46060     33.296    -0.9308    -0.9482    -0.9316    31.9713    32.0152  1025.8572    25.6969    419.703    404.929  365.14793    114.940    110.881     0.1587     0.6044     4.1844     0.4754 1.0000e-12       2796     1.9410  0.000e+00
     33.080   63.02840 -173.46060     33.405    -0.9414    -0.9556    -0.9421    31.9737    32.0171  1025.8601    25.6992    419.457    404.819  365.24382    114.843    110.831     0.1587     0.6044     4.1832     0.4765 1.0000e-12       2797     1.9417  0.000e+00
     33.033   63.02840 -173.46060     33.358    -0.9475    -0.9608    -0.9482    31.9740    32.0172  1025.8603    25.6996    419.378    404.696  365.30251    114.803    110.782     0.1600     0.6117     4.1832     0.4765 8.4714e-06       2798     1.9424  0.000e+00
     33.087   63.02840 -173.46060     33.413    -0.9570    -0.9650    -0.9577    31.9806    32.0187  1025.8662    25.7053    419.347    404.581  365.37657    114.771    110.739     0.1587     0.6044     4.1832     0.4765 1.0000e-12       2799     1.9431  0.000e+00
     33.080   63.02840 -173.46060     33.405    -0.9637    -0.9679    -0.9645    31.9850    32.0179  1025.8699    25.7090    419.100    404.442  365.42986    114.687    110.692     0.1600     0.6117     4.1832     0.4765 1.0000e-12       2800     1.9438  0.000e+00
     33.149   63.02840 -173.46060     33.475    -0.9679    -0.9704    -0.9686    31.9845    32.0189  1025.8700    25.7088    419.020    404.316  365.47127    114.652    110.651     0.1587     0.6044     4.1832     0.4765 1.0000e-12       2801     1.9444  0.000e+00
     33.134   63.02840 -173.46060     33.460    -0.9709    -0.9725    -0.9716    31.9858    32.0187  1025.8710    25.7099    418.937    403.981  365.49725    114.621    110.553     0.1600     0.6117     4.1832     0.4765 1.0000e-12       2802     1.9451  0.000e+00
     33.149   63.02840 -173.46060     33.475    -0.9730    -0.9740    -0.9738    31.9872    32.0184  1025.8723    25.7111    418.661    403.828  365.51426    114.540    110.506     0.1587     0.6044     4.1832     0.4765 8.4714e-06       2803     1.9458  0.000e+00
     33.203   63.02840 -173.46060     33.530    -0.9746    -0.9751    -0.9753    31.9878    32.0177  1025.8731    25.7116    418.516    403.439  365.52773    114.496    110.396     0.1600     0.6117     4.1832     0.4765 1.0000e-12       2804     1.9465  0.000e+00
     33.188   63.02840 -173.46060     33.514    -0.9757    -0.9761    -0.9764    31.9893    32.0167  1025.8743    25.7128    418.224    403.235  365.53401    114.415    110.336     0.1587     0.6044     4.1832     0.4765 1.0000e-12       2805     1.9472  0.000e+00
     33.203   63.02840 -173.46060     33.530    -0.9766    -0.9768    -0.9773    31.9888    32.0180  1025.8740    25.7125    418.123    402.820  365.54442    114.384    110.222     0.1490     0.5458     4.1832     0.4765 1.0000e-12       2806     1.9479  0.000e+00
     33.257   63.02840 -173.46060     33.584    -0.9775    -0.9775    -0.9782    31.9891    32.0189  1025.8745    25.7128    417.794    402.633  365.55234    114.291    110.170     0.1416     0.5018     4.1832     0.4765 1.0000e-12       2807     1.9486  0.000e+00
     33.303   63.02840 -173.46060     33.631    -0.9782    -0.9778    -0.9790    31.9895    32.0179  1025.8751    25.7131    417.695    402.444  365.55850    114.262    110.116     0.1416     0.5018     4.1844     0.4754 1.0000e-12       2808     1.9493  0.000e+00
     33.257   63.02840 -173.46060     33.584    -0.9787    -0.9783    -0.9794    31.9896    32.0185  1025.8750    25.7132    417.363    402.018  365.56258    114.170    109.999     0.1441     0.5165     4.1832     0.4765 1.0000e-12       2809     1.9500  0.000e+00
     33.319   63.02840 -173.46060     33.647    -0.9790    -0.9784    -0.9798    31.9890    32.0184  1025.8748    25.7127    417.019    401.790  365.56766    114.074    109.936     0.1429     0.5091     4.1832     0.4765 1.0000e-12       2810     1.9507  0.000e+00
     33.365   63.02840 -173.46060     33.693    -0.9797    -0.9788    -0.9804    31.9896    32.0186  1025.8755    25.7132    416.863    401.594  365.57219    114.030    109.881     0.1441     0.5165     4.1832     0.4765 1.0000e-12       2811     1.9514  0.000e+00
     33.319   63.02840 -173.46060     33.647    -0.9797    -0.9789    -0.9804    31.9899    32.0181  1025.8755    25.7135    416.520    401.166  365.57126    113.937    109.763     0.1429     0.5091     4.1868     0.4730 1.0000e-12       2812     1.9521  0.000e+00
     33.419   63.02840 -173.46060     33.748    -0.9795    -0.9790    -0.9802    31.9887    32.0175  1025.8750    25.7125    416.379    400.974  365.57320    113.898    109.710     0.1429     0.5091     4.1905     0.4695 1.0000e-12       2813     1.9528  0.000e+00
     33.435   63.02840 -173.46060     33.763    -0.9797    -0.9788    -0.9804    31.9887    32.0179  1025.8751    25.7125    416.265    400.774  365.57474    113.866    109.656     0.1429     0.5091     4.1917     0.4684 1.0000e-12       2814     1.9535  0.000e+00
     33.435   63.02840 -173.46060     33.763    -0.9795    -0.9789    -0.9802    31.9884    32.0170  1025.8748    25.7122    415.620    400.389  365.57408    113.690    109.550     0.1429     0.5091     4.1905     0.4695 1.0000e-12       2815     1.9542  0.000e+00
     33.419   63.02840 -173.46060     33.748    -0.9797    -0.9787    -0.9804    31.9889    32.0171  1025.8752    25.7127    415.423    400.165  365.57411    113.636    109.489     0.1416     0.5018     4.1905     0.4695 1.0000e-12       2816     1.9549  0.000e+00
     33.489   63.02840 -173.46060     33.818    -0.9795    -0.9786    -0.9802    31.9880    32.0159  1025.8748    25.7119    415.265    399.760  365.57515    113.592    109.378     0.1429     0.5091     4.1905     0.4695 1.0000e-12       2817     1.9556  0.000e+00
     33.489   63.02840 -173.46060     33.818    -0.9800    -0.9790    -0.9807    31.9882    32.0162  1025.8750    25.7121    414.887    399.362  365.57894    113.488    109.268     0.1429     0.5091     4.1905     0.4695 1.0000e-12       2818     1.9563  0.000e+00
     33.535   63.02840 -173.46060     33.865    -0.9803    -0.9795    -0.9810    31.9886    32.0163  1025.8755    25.7124    414.498    398.946  365.58132    113.381    109.153     0.1429     0.5091     4.1905     0.4695 1.0000e-12       2819     1.9569  0.000e+00
     33.550   63.02840 -173.46060     33.880    -0.9804    -0.9796    -0.9812    31.9878    32.0165  1025.8750    25.7118    414.048    398.760  365.58466    113.256    109.102     0.1441     0.5165     4.1905     0.4695 1.0000e-12       2820     1.9576  0.000e+00
     33.589   63.02840 -173.46060     33.919    -0.9809    -0.9801    -0.9816    31.9882    32.0170  1025.8755    25.7121    413.844    398.590  365.58792    113.200    109.054     0.1429     0.5091     4.1905     0.4695 1.0000e-12       2821     1.9583  0.000e+00
     33.604   63.02840 -173.46060     33.935    -0.9810    -0.9803    -0.9818    31.9882    32.0161  1025.8756    25.7121    413.421    398.431  365.58958    113.083    109.009     0.1441     0.5165     4.1905     0.4695 1.0000e-12       2822     1.9590  0.000e+00
     33.604   63.02840 -173.46060     33.935    -0.9813    -0.9803    -0.9821    31.9887    32.0152  1025.8760    25.7125    412.988    398.057  365.59101    112.964    108.906     0.1429     0.5091     4.1905     0.4695 1.0000e-12       2823     1.9597  0.000e+00
     33.651   63.02840 -173.46060     33.982    -0.9818    -0.9803    -0.9826    31.9878    32.0151  1025.8755    25.7118    413.067    397.888  365.59867    112.984    108.860     0.1429     0.5091     4.1905     0.4695 1.0000e-12       2824     1.9604  0.000e+00
     33.658   63.02840 -173.46060     33.989    -0.9820    -0.9804    -0.9827    31.9878    32.0165  1025.8755    25.7118    412.462    397.502  365.59969    112.818    108.755     0.1429     0.5091     4.1905     0.4695 8.4714e-06       2825     1.9611  0.000e+00
     33.658   63.02840 -173.46060     33.989    -0.9822    -0.9807    -0.9830    31.9885    32.0155  1025.8761    25.7124    412.262    397.334  365.60052    112.763    108.708     0.1429     0.5091     4.1905     0.4695 1.0000e-12       2826     1.9618  0.000e+00
     33.704   63.02840 -173.46060     34.036    -0.9822    -0.9809    -0.9830    31.9876    32.0149  1025.8757    25.7117    411.855    396.956  365.60291    112.651    108.603     0.1429     0.5091     4.1905     0.4695 1.0000e-12       2827     1.9625  0.000e+00
     33.774   63.02840 -173.46060     34.106    -0.9825    -0.9810    -0.9833    31.9880    32.0144  1025.8763    25.7120    411.698    396.786  365.60458    112.607    108.556     0.1429     0.5091     4.1905     0.4695 1.0000e-12       2828     1.9632  0.000e+00
     33.720   63.02840 -173.46060     34.052    -0.9824    -0.9816    -0.9832    31.9879    32.0143  1025.8759    25.7119    411.271    396.630  365.60384    112.491    108.511     0.1429     0.5091     4.1905     0.4695 1.0000e-12       2829     1.9639  0.000e+00
     33.820   63.02840 -173.46060     34.153    -0.9825    -0.9819    -0.9833    31.9879    32.0144  1025.8764    25.7119    410.901    396.268  365.60502    112.389    108.411     0.1429     0.5091     4.1905     0.4695 1.0000e-12       2830     1.9646  0.000e+00
     33.774   63.02840 -173.46060     34.106    -0.9830    -0.9821    -0.9837    31.9880    32.0144  1025.8763    25.7120    410.477    396.109  365.60922    112.272    108.367     0.1392     0.4872     4.1905     0.4695 1.0000e-12       2831     1.9653  0.000e+00
     33.882   63.02840 -173.46060     34.215    -0.9835    -0.9823    -0.9842    31.9879    32.0143  1025.8768    25.7120    410.571    395.781  365.61444    112.296    108.277     0.1355     0.4652     4.1893     0.4707 1.0000e-12       2832     1.9660  0.000e+00
     33.836   63.02840 -173.46060     34.169    -0.9838    -0.9823    -0.9845    31.9892    32.0140  1025.8776    25.7130    409.980    395.433  365.61360    112.135    108.181     0.1343     0.4579     4.1868     0.4730 1.0000e-12       2833     1.9667  0.000e+00
     33.890   63.02840 -173.46060     34.223    -0.9838    -0.9826    -0.9846    31.9891    32.0142  1025.8778    25.7130    409.809    395.081  365.61432    112.088    108.084     0.1343     0.4579     4.1868     0.4730 1.0000e-12       2834     1.9674  0.000e+00
     33.936   63.02840 -173.46060     34.270    -0.9841    -0.9833    -0.9848    31.9883    32.0149  1025.8774    25.7123    409.690    394.722  365.61885    112.054    107.985     0.1343     0.4579     4.1868     0.4730 1.0000e-12       2835     1.9681  0.000e+00
     33.890   63.02840 -173.46060     34.223    -0.9842    -0.9834    -0.9850    31.9883    32.0143  1025.8771    25.7123    409.306    394.574  365.62065    111.948    107.943     0.1343     0.4579     4.1868     0.4730 1.0000e-12       2836     1.9688  0.000e+00
     33.944   63.02840 -173.46060     34.278    -0.9842    -0.9839    -0.9850    31.9882    32.0151  1025.8774    25.7123    409.180    394.228  365.62074    111.914    107.848     0.1343     0.4579     4.1868     0.4730 1.0000e-12       2837     1.9694  0.000e+00
