EcoFOCI/data/1_SampleCollection/2023_SikuliaqDBO_CruiseData/CTD_raw_BottleFile_SKQ23-12S/proc/skq202312s_060svp.cnv
* Sea-Bird SBE 9 Data File:
* FileName = D:\CTD\SKQ202312S\SKQ202312S_060.hex
* Software Version Seasave V 7.26.7.121
* Temperature SN = 6177
* Conductivity SN = 0369
* Number of Bytes Per Scan = 41
* Number of Voltage Words = 4
* Number of Scans Averaged by the Deck Unit = 1
* NMEA Latitude = 71 36.06 N
* NMEA Longitude = 165 18.28 W
* NMEA UTC (Time) = Sep 27 2023  22:11:30
* NMEA baud rate = 4800
** Ship: R/V Sikuliaq
** Station Number: 060
** Station Name: IC3
** Bottom Depth: 42
** Operator: SD
# nquan = 7
# nvalues = 6164                                  
# units = specified
# name 0 = depSM: Depth [salt water, m]
# name 1 = latitude: Latitude [deg]
# name 2 = longitude: Longitude [deg]
# name 3 = t090C: Temperature [ITS-90, deg C]
# name 4 = sal00: Salinity, Practical [PSU]
# name 5 = svCM: Sound Velocity [Chen-Millero, m/s]
# name 6 = flag:  0.000e+00
# span 0 =      1.992,     36.973                 
# span 1 =   71.60090,   71.60090                 
# span 2 = -165.30478, -165.30476                 
# span 3 =    -1.0353,     3.2514                 
# span 4 =    30.3820,    32.5335                 
# span 5 =    1441.49,    1458.35                 
# span 6 = 0.0000e+00, 0.0000e+00                 
# interval = seconds: 0.0416667
# start_time = Sep 27 2023 22:14:51 [NMEA time, first data scan]
# bad_flag = -9.990e-29
*END*
[from data line 1642]
     14.008   71.60090 -165.30476     2.8599    30.6068    1456.33  0.000e+00
     14.062   71.60090 -165.30476     2.8599    30.6064    1456.33  0.000e+00
     14.062   71.60090 -165.30476     2.8599    30.6063    1456.33  0.000e+00
     14.085   71.60090 -165.30476     2.8600    30.6062    1456.33  0.000e+00
     14.116   71.60090 -165.30476     2.8600    30.6062    1456.33  0.000e+00
     14.116   71.60090 -165.30476     2.8599    30.6067    1456.33  0.000e+00
     14.177   71.60090 -165.30476     2.8599    30.6064    1456.33  0.000e+00
     14.177   71.60090 -165.30476     2.8597    30.6069    1456.33  0.000e+00
     14.200   71.60090 -165.30476     2.8599    30.6068    1456.33  0.000e+00
     14.177   71.60090 -165.30476     2.8602    30.6065    1456.33  0.000e+00
     14.231   71.60090 -165.30476     2.8602    30.6069    1456.33  0.000e+00
     14.177   71.60090 -165.30476     2.8603    30.6067    1456.33  0.000e+00
     14.262   71.60090 -165.30476     2.8603    30.6070    1456.33  0.000e+00
     14.293   71.60090 -165.30476     2.8602    30.6066    1456.33  0.000e+00
     14.231   71.60090 -165.30478     2.8605    30.6064    1456.33  0.000e+00
     14.293   71.60090 -165.30478     2.8605    30.6068    1456.34  0.000e+00
     14.347   71.60090 -165.30478     2.8605    30.6067    1456.34  0.000e+00
     14.316   71.60090 -165.30478     2.8605    30.6069    1456.34  0.000e+00
     14.347   71.60090 -165.30478     2.8603    30.6067    1456.34  0.000e+00
     14.347   71.60090 -165.30478     2.8603    30.6067    1456.34  0.000e+00
     14.409   71.60090 -165.30478     2.8607    30.6065    1456.34  0.000e+00
     14.347   71.60090 -165.30478     2.8605    30.6071    1456.34  0.000e+00
     14.432   71.60090 -165.30478     2.8607    30.6075    1456.34  0.000e+00
     14.408   71.60090 -165.30478     2.8608    30.6073    1456.34  0.000e+00
     14.462   71.60090 -165.30478     2.8610    30.6074    1456.34  0.000e+00
     14.462   71.60090 -165.30478     2.8610    30.6075    1456.34  0.000e+00
     14.432   71.60090 -165.30478     2.8613    30.6072    1456.34  0.000e+00
     14.516   71.60090 -165.30478     2.8615    30.6072    1456.34  0.000e+00
     14.516   71.60090 -165.30478     2.8615    30.6071    1456.34  0.000e+00
     14.578   71.60090 -165.30478     2.8615    30.6076    1456.35  0.000e+00
     14.516   71.60090 -165.30478     2.8617    30.6072    1456.35  0.000e+00
     14.601   71.60090 -165.30478     2.8615    30.6068    1456.35  0.000e+00
     14.578   71.60090 -165.30478     2.8616    30.6070    1456.35  0.000e+00
     14.578   71.60090 -165.30478     2.8615    30.6070    1456.34  0.000e+00
     14.632   71.60090 -165.30478     2.8616    30.6070    1456.35  0.000e+00
     14.601   71.60090 -165.30478     2.8615    30.6068    1456.35  0.000e+00
     14.694   71.60090 -165.30478     2.8615    30.6067    1456.35  0.000e+00
     14.632   71.60090 -165.30478     2.8613    30.6070    1456.35  0.000e+00
     14.694   71.60090 -165.30478     2.8613    30.6073    1456.35  0.000e+00
     14.748   71.60090 -165.30478     2.8614    30.6067    1456.35  0.000e+00
     14.717   71.60090 -165.30478     2.8613    30.6071    1456.35  0.000e+00
     14.694   71.60090 -165.30478     2.8613    30.6074    1456.35  0.000e+00
     14.748   71.60090 -165.30478     2.8615    30.6069    1456.35  0.000e+00
     14.863   71.60090 -165.30478     2.8615    30.6066    1456.35  0.000e+00
     14.771   71.60090 -165.30478     2.8613    30.6070    1456.35  0.000e+00
     14.863   71.60090 -165.30478     2.8613    30.6072    1456.35  0.000e+00
     14.809   71.60090 -165.30478     2.8613    30.6073    1456.35  0.000e+00
     14.863   71.60090 -165.30478     2.8616    30.6072    1456.35  0.000e+00
     14.917   71.60090 -165.30478     2.8618    30.6076    1456.35  0.000e+00
     14.886   71.60090 -165.30478     2.8618    30.6077    1456.35  0.000e+00
     14.917   71.60090 -165.30478     2.8619    30.6073    1456.35  0.000e+00
     14.917   71.60090 -165.30478     2.8618    30.6069    1456.35  0.000e+00
     14.979   71.60090 -165.30478     2.8618    30.6069    1456.35  0.000e+00
     15.002   71.60090 -165.30478     2.8616    30.6074    1456.35  0.000e+00
     15.033   71.60090 -165.30478     2.8613    30.6075    1456.35  0.000e+00
     14.979   71.60090 -165.30478     2.8611    30.6074    1456.35  0.000e+00
     15.033   71.60090 -165.30478     2.8613    30.6074    1456.35  0.000e+00
     15.064   71.60090 -165.30478     2.8614    30.6074    1456.35  0.000e+00
     15.094   71.60090 -165.30478     2.8611    30.6071    1456.35  0.000e+00
     15.094   71.60090 -165.30478     2.8610    30.6074    1456.35  0.000e+00
     15.148   71.60090 -165.30478     2.8608    30.6074    1456.35  0.000e+00
     15.148   71.60090 -165.30478     2.8610    30.6067    1456.35  0.000e+00
     15.171   71.60090 -165.30476     2.8608    30.6076    1456.35  0.000e+00
     15.148   71.60090 -165.30476     2.8608    30.6076    1456.35  0.000e+00
     15.264   71.60090 -165.30476     2.8607    30.6079    1456.35  0.000e+00
     15.202   71.60090 -165.30476     2.8607    30.6080    1456.35  0.000e+00
     15.233   71.60090 -165.30476     2.8609    30.6082    1456.35  0.000e+00
     15.264   71.60090 -165.30476     2.8610    30.6080    1456.36  0.000e+00
     15.264   71.60090 -165.30476     2.8610    30.6077    1456.35  0.000e+00
     15.380   71.60090 -165.30476     2.8610    30.6074    1456.36  0.000e+00
     15.287   71.60090 -165.30476     2.8608    30.6079    1456.35  0.000e+00
     15.380   71.60090 -165.30476     2.8608    30.6076    1456.36  0.000e+00
     15.380   71.60090 -165.30476     2.8607    30.6078    1456.36  0.000e+00
     15.380   71.60090 -165.30476     2.8607    30.6075    1456.36  0.000e+00
     15.403   71.60090 -165.30476     2.8608    30.6072    1456.36  0.000e+00
     15.434   71.60090 -165.30476     2.8607    30.6073    1456.36  0.000e+00
     15.433   71.60090 -165.30476     2.8605    30.6077    1456.36  0.000e+00
     15.495   71.60090 -165.30476     2.8603    30.6079    1456.36  0.000e+00
     15.495   71.60090 -165.30476     2.8603    30.6079    1456.36  0.000e+00
     15.518   71.60090 -165.30476     2.8605    30.6079    1456.36  0.000e+00
     15.549   71.60090 -165.30476     2.8607    30.6074    1456.36  0.000e+00
     15.549   71.60090 -165.30476     2.8602    30.6075    1456.36  0.000e+00
     15.665   71.60090 -165.30476     2.8605    30.6075    1456.36  0.000e+00
     15.572   71.60090 -165.30476     2.8605    30.6077    1456.36  0.000e+00
     15.603   71.60090 -165.30476     2.8604    30.6079    1456.36  0.000e+00
     15.665   71.60090 -165.30476     2.8603    30.6078    1456.36  0.000e+00
     15.665   71.60090 -165.30476     2.8603    30.6080    1456.36  0.000e+00
     15.688   71.60090 -165.30476     2.8603    30.6084    1456.36  0.000e+00
     15.719   71.60090 -165.30476     2.8602    30.6085    1456.36  0.000e+00
     15.780   71.60090 -165.30476     2.8603    30.6078    1456.36  0.000e+00
     15.719   71.60090 -165.30476     2.8605    30.6078    1456.36  0.000e+00
     15.803   71.60090 -165.30476     2.8605    30.6082    1456.36  0.000e+00
     15.780   71.60090 -165.30476     2.8603    30.6083    1456.36  0.000e+00
     15.834   71.60090 -165.30476     2.8604    30.6083    1456.36  0.000e+00
     15.834   71.60090 -165.30476     2.8605    30.6089    1456.36  0.000e+00
     15.857   71.60090 -165.30476     2.8610    30.6105    1456.37  0.000e+00
     15.950   71.60090 -165.30476     2.8621    30.6118    1456.38  0.000e+00
     15.834   71.60090 -165.30476     2.8635    30.6120    1456.38  0.000e+00
     15.950   71.60090 -165.30476     2.8651    30.6107    1456.39  0.000e+00
     15.919   71.60090 -165.30476     2.8659    30.6099    1456.39  0.000e+00
     16.004   71.60090 -165.30476     2.8663    30.6087    1456.39  0.000e+00
     16.004   71.60090 -165.30476     2.8660    30.6075    1456.39  0.000e+00
     16.004   71.60090 -165.30476     2.8657    30.6074    1456.39  0.000e+00
     15.973   71.60090 -165.30476     2.8657    30.6098    1456.39  0.000e+00
     16.066   71.60090 -165.30476     2.8668    30.6132    1456.40  0.000e+00
     16.066   71.60090 -165.30476     2.8693    30.6149    1456.41  0.000e+00
     16.120   71.60090 -165.30476     2.8720    30.6168    1456.43  0.000e+00
     16.089   71.60090 -165.30476     2.8759    30.6180    1456.45  0.000e+00
     16.120   71.60090 -165.30476     2.8794    30.6193    1456.46  0.000e+00
     16.120   71.60090 -165.30476     2.8830    30.6193    1456.48  0.000e+00
     16.181   71.60090 -165.30476     2.8863    30.6199    1456.50  0.000e+00
     16.204   71.60090 -165.30476     2.8891    30.6207    1456.51  0.000e+00
     16.181   71.60090 -165.30476     2.8919    30.6222    1456.52  0.000e+00
     16.235   71.60090 -165.30476     2.8955    30.6228    1456.54  0.000e+00
     16.235   71.60090 -165.30476     2.8984    30.6244    1456.55  0.000e+00
     16.258   71.60090 -165.30476     2.9020    30.6267    1456.57  0.000e+00
     16.235   71.60090 -165.30476     2.9054    30.6286    1456.59  0.000e+00
     16.297   71.60090 -165.30476     2.9088    30.6295    1456.61  0.000e+00
     16.351   71.60090 -165.30476     2.9123    30.6312    1456.63  0.000e+00
     16.320   71.60090 -165.30476     2.9155    30.6337    1456.64  0.000e+00
     16.297   71.60090 -165.30476     2.9191    30.6348    1456.66  0.000e+00
     16.351   71.60090 -165.30476     2.9230    30.6345    1456.68  0.000e+00
     16.374   71.60090 -165.30476     2.9261    30.6348    1456.69  0.000e+00
     16.405   71.60090 -165.30476     2.9292    30.6352    1456.70  0.000e+00
     16.405   71.60090 -165.30476     2.9324    30.6357    1456.72  0.000e+00
     16.466   71.60090 -165.30476     2.9364    30.6360    1456.74  0.000e+00
     16.436   71.60090 -165.30476     2.9404    30.6374    1456.76  0.000e+00
     16.466   71.60090 -165.30476     2.9441    30.6378    1456.77  0.000e+00
     16.466   71.60090 -165.30476     2.9475    30.6379    1456.79  0.000e+00
     16.520   71.60090 -165.30476     2.9503    30.6378    1456.80  0.000e+00
     16.551   71.60090 -165.30476     2.9527    30.6383    1456.81  0.000e+00
     16.520   71.60090 -165.30476     2.9550    30.6394    1456.82  0.000e+00
     16.520   71.60090 -165.30476     2.9568    30.6403    1456.83  0.000e+00
     16.582   71.60090 -165.30476     2.9587    30.6419    1456.84  0.000e+00
     16.551   71.60090 -165.30476     2.9610    30.6431    1456.86  0.000e+00
     16.636   71.60090 -165.30476     2.9640    30.6427    1456.87  0.000e+00
     16.636   71.60090 -165.30476     2.9665    30.6426    1456.88  0.000e+00
     16.636   71.60090 -165.30476     2.9689    30.6417    1456.89  0.000e+00
     16.605   71.60090 -165.30476     2.9711    30.6408    1456.90  0.000e+00
     16.698   71.60090 -165.30476     2.9727    30.6401    1456.90  0.000e+00
     16.698   71.60090 -165.30476     2.9741    30.6393    1456.91  0.000e+00
     16.721   71.60090 -165.30476     2.9746    30.6398    1456.91  0.000e+00
     16.698   71.60090 -165.30476     2.9755    30.6405    1456.92  0.000e+00
     16.752   71.60090 -165.30476     2.9769    30.6419    1456.93  0.000e+00
     16.752   71.60090 -165.30476     2.9780    30.6437    1456.93  0.000e+00
     16.775   71.60090 -165.30476     2.9796    30.6451    1456.94  0.000e+00
     16.867   71.60090 -165.30476     2.9815    30.6460    1456.95  0.000e+00
     16.806   71.60090 -165.30476     2.9829    30.6466    1456.96  0.000e+00
     16.806   71.60090 -165.30476     2.9847    30.6467    1456.97  0.000e+00
     16.836   71.60090 -165.30476     2.9861    30.6473    1456.97  0.000e+00
     16.867   71.60090 -165.30476     2.9879    30.6475    1456.98  0.000e+00
     16.867   71.60090 -165.30476     2.9894    30.6485    1456.99  0.000e+00
     16.921   71.60090 -165.30476     2.9913    30.6490    1457.00  0.000e+00
     16.944   71.60090 -165.30476     2.9928    30.6497    1457.01  0.000e+00
     16.921   71.60090 -165.30476     2.9946    30.6502    1457.02  0.000e+00
     16.983   71.60090 -165.30476     2.9969    30.6517    1457.03  0.000e+00
     17.006   71.60090 -165.30476     2.9996    30.6539    1457.04  0.000e+00
     16.983   71.60090 -165.30476     3.0029    30.6558    1457.06  0.000e+00
     17.037   71.60090 -165.30476     3.0062    30.6572    1457.08  0.000e+00
     16.983   71.60090 -165.30476     3.0100    30.6587    1457.09  0.000e+00
     17.060   71.60090 -165.30476     3.0138    30.6603    1457.11  0.000e+00
     17.099   71.60090 -165.30476     3.0172    30.6614    1457.13  0.000e+00
     17.099   71.60090 -165.30476     3.0203    30.6642    1457.15  0.000e+00
     17.099   71.60090 -165.30476     3.0236    30.6663    1457.16  0.000e+00
     17.176   71.60090 -165.30476     3.0273    30.6691    1457.19  0.000e+00
     17.153   71.60090 -165.30476     3.0323    30.6703    1457.21  0.000e+00
     17.153   71.60090 -165.30476     3.0372    30.6703    1457.23  0.000e+00
     17.176   71.60090 -165.30476     3.0411    30.6709    1457.25  0.000e+00
     17.207   71.60090 -165.30476     3.0457    30.6734    1457.27  0.000e+00
     17.206   71.60090 -165.30476     3.0516    30.6757    1457.30  0.000e+00
     17.268   71.60090 -165.30476     3.0576    30.6776    1457.33  0.000e+00
     17.291   71.60090 -165.30476     3.0628    30.6801    1457.35  0.000e+00
     17.268   71.60090 -165.30476     3.0679    30.6823    1457.38  0.000e+00
     17.322   71.60090 -165.30476     3.0739    30.6834    1457.41  0.000e+00
     17.345   71.60090 -165.30476     3.0800    30.6835    1457.43  0.000e+00
     17.384   71.60090 -165.30476     3.0853    30.6830    1457.46  0.000e+00
     17.322   71.60090 -165.30476     3.0904    30.6826    1457.48  0.000e+00
     17.438   71.60090 -165.30476     3.0948    30.6834    1457.50  0.000e+00
     17.407   71.60090 -165.30476     3.0992    30.6830    1457.52  0.000e+00
     17.438   71.60090 -165.30476     3.1029    30.6829    1457.53  0.000e+00
     17.499   71.60090 -165.30476     3.1062    30.6825    1457.55  0.000e+00
     17.499   71.60090 -165.30476     3.1089    30.6826    1457.56  0.000e+00
     17.461   71.60090 -165.30476     3.1114    30.6833    1457.57  0.000e+00
     17.553   71.60090 -165.30476     3.1136    30.6845    1457.58  0.000e+00
     17.553   71.60090 -165.30476     3.1156    30.6847    1457.59  0.000e+00
     17.577   71.60090 -165.30476     3.1166    30.6843    1457.60  0.000e+00
     17.607   71.60090 -165.30476     3.1172    30.6840    1457.60  0.000e+00
     17.607   71.60090 -165.30476     3.1171    30.6838    1457.60  0.000e+00
     17.607   71.60090 -165.30476     3.1161    30.6829    1457.59  0.000e+00
     17.692   71.60090 -165.30476     3.1137    30.6813    1457.58  0.000e+00
     17.669   71.60090 -165.30476     3.1102    30.6796    1457.56  0.000e+00
     17.723   71.60090 -165.30476     3.1052    30.6798    1457.54  0.000e+00
     17.746   71.60090 -165.30476     3.1000    30.6805    1457.52  0.000e+00
     17.723   71.60090 -165.30476     3.0951    30.6815    1457.50  0.000e+00
     17.785   71.60090 -165.30476     3.0902    30.6828    1457.48  0.000e+00
     17.839   71.60090 -165.30476     3.0858    30.6847    1457.47  0.000e+00
     17.808   71.60090 -165.30476     3.0814    30.6868    1457.45  0.000e+00
     17.839   71.60090 -165.30476     3.0777    30.6889    1457.44  0.000e+00
     17.839   71.60090 -165.30476     3.0737    30.6913    1457.43  0.000e+00
     17.862   71.60090 -165.30476     3.0706    30.6925    1457.41  0.000e+00
     17.954   71.60090 -165.30476     3.0673    30.6937    1457.40  0.000e+00
     17.954   71.60090 -165.30476     3.0646    30.6960    1457.39  0.000e+00
     17.924   71.60090 -165.30476     3.0624    30.6978    1457.39  0.000e+00
     17.954   71.60090 -165.30476     3.0612    30.6992    1457.38  0.000e+00
