EcoFOCI/data/1_SampleCollection/2023_SikuliaqDBO_CruiseData/CTD_raw_BottleFile_SKQ23-12S/proc/skq202312s_058.cnv
* Sea-Bird SBE 9 Data File:
* FileName = D:\CTD\SKQ202312S\SKQ202312S_058.hex
* Software Version Seasave V 7.26.7.121
* Temperature SN = 6177
* Conductivity SN = 0369
* Number of Bytes Per Scan = 41
* Number of Voltage Words = 4
* Number of Scans Averaged by the Deck Unit = 1
* NMEA Latitude = 71 26.88 N
* NMEA Longitude = 164 54.84 W
* NMEA UTC (Time) = Sep 27 2023  11:36:42
* NMEA baud rate = 4800
** Ship: R/V Sikuliaq
** Station Number: 058
** Station Name: IC4
** Bottom Depth: 42
** Operator: SS
# nquan = 24
# nvalues = 5949                                  
# units = specified
# name 0 = depSM: Depth [salt water, m]
# name 1 = latitude: Latitude [deg]
# name 2 = longitude: Longitude [deg]
# name 3 = prDM: Pressure, Digiquartz [db]
# name 4 = t090C: Temperature [ITS-90, deg C]
# name 5 = t190C: Temperature, 2 [ITS-90, deg C]
# name 6 = potemp090C: Potential Temperature [ITS-90, deg C]
# name 7 = sal00: Salinity, Practical [PSU]
# name 8 = sal11: Salinity, Practical, 2 [PSU]
# name 9 = density00: Density [density, kg/m^3]
# name 10 = sigma-é00: Density [sigma-theta, kg/m^3]
# name 11 = sbox0Mm/Kg: Oxygen, SBE 43 [umol/kg]
# name 12 = sbox1Mm/Kg: Oxygen, SBE 43, 2 [umol/kg]
# name 13 = oxsolMm/Kg: Oxygen Saturation, Garcia & Gordon [umol/kg]
# name 14 = sbeox0PS: Oxygen, SBE 43 [% saturation]
# name 15 = sbeox1PS: Oxygen, SBE 43, 2 [% saturation]
# name 16 = v0: Voltage 0
# name 17 = flECO-AFL: Fluorescence, WET Labs ECO-AFL/FL [mg/m^3]
# name 18 = v1: Voltage 1
# name 19 = CStarAt0: Beam Attenuation, WET Labs C-Star [1/m]
# name 20 = par: PAR/Irradiance, Biospherical/Licor
# name 21 = scan: Scan Count
# name 22 = timeM: Time, Elapsed [minutes]
# name 23 = flag:  0.000e+00
# span 0 =      2.346,     36.847                 
# span 1 =   71.44796,   71.44818                 
# span 2 = -164.91512, -164.91406                 
# span 3 =      2.370,     37.230                 
# span 4 =    -1.0936,     3.0468                 
# span 5 =    -1.0920,     3.0529                 
# span 6 =    -1.0944,     3.0456                 
# span 7 =    30.5526,    32.5356                 
# span 8 =    30.4907,    32.5425                 
# span 9 =  1024.3647,  1026.3091                 
# span 10 =    24.3529,    26.1569                
# span 11 =    264.841,    404.710                
# span 12 =    251.967,    384.202                
# span 13 =  332.82347,  365.22153                
# span 14 =     72.525,    114.268                
# span 15 =     69.003,    107.687                
# span 16 =     0.0696,     0.1453                
# span 17 =     0.0696,     0.5238                
# span 18 =     3.2308,     4.2503                
# span 19 =     0.4128,     1.5102                
# span 20 = 1.0000e-12, 1.2050e+00                
# span 21 =          1,       5949                
# span 22 =     0.0000,     4.1306                
# span 23 = 0.0000e+00, 0.0000e+00                
# interval = seconds: 0.0416667
# start_time = Sep 27 2023 11:40:41 [NMEA time, first data scan]
# bad_flag = -9.990e-29
*END*
[from data line 2234]
     16.657   71.44808 -164.91464     16.830     2.7930     2.7946     2.7922    30.5618    30.5737  1024.4396    24.3602    324.874    308.806  335.32714     96.883     92.103     0.0745     0.0989     4.2430     0.4197 8.4714e-06       2235     1.5514  0.000e+00
     16.626   71.44808 -164.91464     16.798     2.7929     2.7946     2.7920    30.5615    30.5738  1024.4393    24.3600    324.878    308.802  335.32925     96.883     92.102     0.0757     0.1062     4.2430     0.4197 8.4714e-06       2236     1.5521  0.000e+00
     16.626   71.44808 -164.91464     16.798     2.7927     2.7944     2.7918    30.5616    30.5735  1024.4394    24.3601    324.882    309.002  335.33030     96.884     92.161     0.0745     0.0989     4.2430     0.4197 8.4714e-06       2237     1.5528  0.000e+00
     16.688   71.44808 -164.91464     16.861     2.7925     2.7944     2.7917    30.5617    30.5730  1024.4397    24.3602    324.889    308.829  335.33154     96.886     92.109     0.0757     0.1062     4.2430     0.4197 8.4714e-06       2238     1.5535  0.000e+00
     16.657   71.44808 -164.91464     16.830     2.7924     2.7944     2.7916    30.5618    30.5734  1024.4397    24.3603    325.113    308.827  335.33204     96.953     92.109     0.0769     0.1135     4.2430     0.4197 8.4714e-06       2239     1.5542  0.000e+00
     16.742   71.44808 -164.91464     16.915     2.7925     2.7949     2.7916    30.5625    30.5735  1024.4407    24.3609    324.930    308.827  335.32974     96.899     92.110     0.0757     0.1062     4.2430     0.4197 8.4714e-06       2240     1.5549  0.000e+00
     16.688   71.44808 -164.91464     16.861     2.7924     2.7946     2.7916    30.5623    30.5738  1024.4402    24.3607    324.930    308.829  335.33078     96.898     92.110     0.0757     0.1062     4.2430     0.4197 8.4714e-06       2241     1.5556  0.000e+00
     16.742   71.44808 -164.91464     16.915     2.7924     2.7947     2.7916    30.5623    30.5738  1024.4405    24.3607    324.934    309.032  335.33085     96.899     92.171     0.0757     0.1062     4.2430     0.4197 8.4714e-06       2242     1.5562  0.000e+00
     16.765   71.44808 -164.91464     16.939     2.7924     2.7949     2.7916    30.5624    30.5730  1024.4406    24.3607    324.936    309.059  335.33069     96.900     92.179     0.0757     0.1062     4.2418     0.4209 8.4714e-06       2243     1.5569  0.000e+00
     16.742   71.44808 -164.91464     16.915     2.7924     2.7946     2.7916    30.5625    30.5731  1024.4407    24.3609    324.899    308.888  335.33026     96.889     92.127     0.0757     0.1062     4.2430     0.4197 8.4714e-06       2244     1.5576  0.000e+00
     16.804   71.44808 -164.91464     16.978     2.7925     2.7943     2.7917    30.5627    30.5734  1024.4410    24.3610    324.900    308.897  335.32900     96.890     92.129     0.0757     0.1062     4.2430     0.4197 1.0000e-12       2245     1.5583  0.000e+00
     16.804   71.44808 -164.91464     16.978     2.7924     2.7943     2.7916    30.5620    30.5733  1024.4405    24.3605    324.903    309.100  335.33153     96.890     92.190     0.0745     0.0989     4.2418     0.4209 8.4714e-06       2246     1.5590  0.000e+00
     16.765   71.44808 -164.91464     16.939     2.7924     2.7940     2.7916    30.5616    30.5736  1024.4400    24.3601    324.902    308.930  335.33267     96.890     92.138     0.0757     0.1062     4.2430     0.4197 8.4714e-06       2247     1.5597  0.000e+00
     16.858   71.44808 -164.91464     17.032     2.7923     2.7940     2.7914    30.5618    30.5733  1024.4407    24.3603    324.944    308.940  335.33335     96.902     92.141     0.0757     0.1062     4.2430     0.4197 8.4714e-06       2248     1.5604  0.000e+00
     16.858   71.44808 -164.91464     17.032     2.7923     2.7941     2.7914    30.5625    30.5734  1024.4412    24.3608    324.944    308.946  335.33166     96.902     92.143     0.0757     0.1062     4.2418     0.4209 8.4714e-06       2249     1.5611  0.000e+00
     16.858   71.44808 -164.91464     17.032     2.7923     2.7940     2.7914    30.5626    30.5731  1024.4413    24.3610    324.945    308.931  335.33085     96.903     92.138     0.0757     0.1062     4.2430     0.4197 8.4714e-06       2250     1.5618  0.000e+00
     16.881   71.44808 -164.91464     17.055     2.7924     2.7938     2.7916    30.5623    30.5731  1024.4412    24.3607    324.947    309.140  335.33074     96.903     92.200     0.0745     0.0989     4.2418     0.4209 8.4714e-06       2251     1.5625  0.000e+00
     16.912   71.44808 -164.91464     17.087     2.7923     2.7937     2.7914    30.5624    30.5732  1024.4414    24.3608    324.951    309.173  335.33183     96.904     92.210     0.0757     0.1062     4.2430     0.4197 1.0000e-12       2252     1.5632  0.000e+00
     16.911   71.44808 -164.91464     17.087     2.7924     2.7935     2.7916    30.5620    30.5734  1024.4411    24.3605    324.952    309.205  335.33147     96.905     92.219     0.0745     0.0989     4.2430     0.4197 8.4714e-06       2253     1.5639  0.000e+00
     16.911   71.44808 -164.91464     17.087     2.7923     2.7934     2.7914    30.5622    30.5733  1024.4412    24.3606    324.955    309.039  335.33253     96.905     92.169     0.0745     0.0989     4.2418     0.4209 8.4714e-06       2254     1.5646  0.000e+00
     16.942   71.44808 -164.91464     17.118     2.7923     2.7932     2.7914    30.5621    30.5734  1024.4413    24.3606    324.958    309.249  335.33257     96.906     92.232     0.0733     0.0916     4.2430     0.4197 8.4714e-06       2255     1.5653  0.000e+00
     16.973   71.44808 -164.91464     17.149     2.7924     2.7932     2.7915    30.5623    30.5734  1024.4416    24.3607    324.959    309.282  335.33076     96.907     92.242     0.0720     0.0842     4.2430     0.4197 1.0000e-12       2256     1.5660  0.000e+00
     17.027   71.44808 -164.91464     17.204     2.7923     2.7931     2.7914    30.5622    30.5732  1024.4418    24.3606    324.964    309.119  335.33238     96.908     92.192     0.0733     0.0916     4.2418     0.4209 8.4714e-06       2257     1.5667  0.000e+00
     16.973   71.44808 -164.91464     17.149     2.7924     2.7932     2.7915    30.5619    30.5729  1024.4413    24.3604    324.963    309.102  335.33185     96.908     92.187     0.0720     0.0842     4.2430     0.4197 8.4714e-06       2258     1.5674  0.000e+00
     16.996   71.44808 -164.91464     17.172     2.7921     2.7932     2.7912    30.5618    30.5727  1024.4413    24.3603    324.931    309.287  335.33469     96.898     92.243     0.0720     0.0842     4.2430     0.4197 8.4714e-06       2259     1.5681  0.000e+00
     17.027   71.44808 -164.91464     17.203     2.7921     2.7932     2.7912    30.5613    30.5729  1024.4410    24.3599    324.934    309.296  335.33612     96.898     92.245     0.0708     0.0769     4.2430     0.4197 1.0000e-12       2260     1.5688  0.000e+00
     17.089   71.44808 -164.91464     17.266     2.7920     2.7929     2.7911    30.5616    30.5733  1024.4416    24.3602    324.936    309.307  335.33614     96.899     92.248     0.0733     0.0916     4.2418     0.4209 8.4714e-06       2261     1.5694  0.000e+00
     17.089   71.44808 -164.91464     17.266     2.7918     2.7931     2.7909    30.5624    30.5731  1024.4422    24.3608    324.937    309.312  335.33602     96.899     92.250     0.0708     0.0769     4.2430     0.4197 1.0000e-12       2262     1.5701  0.000e+00
     17.058   71.44808 -164.91464     17.235     2.7919     2.7931     2.7911    30.5626    30.5729  1024.4422    24.3609    324.971    309.340  335.33413     96.909     92.258     0.0720     0.0842     4.2418     0.4209 1.0000e-12       2263     1.5708  0.000e+00
     17.089   71.44808 -164.91464     17.266     2.7921     2.7934     2.7912    30.5623    30.5729  1024.4421    24.3607    324.973    309.344  335.33362     96.910     92.260     0.0733     0.0916     4.2405     0.4220 8.4714e-06       2264     1.5715  0.000e+00
     17.089   71.44808 -164.91464     17.266     2.7919     2.7935     2.7911    30.5627    30.5729  1024.4425    24.3611    324.975    309.370  335.33378     96.911     92.268     0.0720     0.0842     4.2405     0.4220 8.4714e-06       2265     1.5722  0.000e+00
     17.166   71.44808 -164.91464     17.344     2.7923     2.7934     2.7914    30.5635    30.5730  1024.4435    24.3617    324.937    309.379  335.32898     96.901     92.270     0.0733     0.0916     4.2393     0.4232 1.0000e-12       2266     1.5729  0.000e+00
     17.143   71.44808 -164.91464     17.320     2.7924     2.7931     2.7915    30.5631    30.5734  1024.4431    24.3613    324.936    309.184  335.32869     96.901     92.212     0.0720     0.0842     4.2405     0.4220 8.4714e-06       2267     1.5736  0.000e+00
     17.143   71.44808 -164.91464     17.320     2.7925     2.7934     2.7916    30.5626    30.5728  1024.4426    24.3609    324.824    309.186  335.32915     96.867     92.213     0.0733     0.0916     4.2393     0.4232 8.4714e-06       2268     1.5743  0.000e+00
     17.143   71.44808 -164.91464     17.320     2.7925     2.7934     2.7916    30.5630    30.5735  1024.4429    24.3612    324.818    309.364  335.32825     96.866     92.266     0.0708     0.0769     4.2405     0.4220 8.4714e-06       2269     1.5750  0.000e+00
     17.228   71.44808 -164.91464     17.406     2.7929     2.7935     2.7920    30.5628    30.5737  1024.4431    24.3610    324.815    309.368  335.32606     96.865     92.268     0.0720     0.0842     4.2405     0.4220 8.4714e-06       2270     1.5757  0.000e+00
     17.204   71.44808 -164.91464     17.383     2.7932     2.7941     2.7923    30.5630    30.5740  1024.4432    24.3612    324.805    309.165  335.32230     96.864     92.209     0.0720     0.0842     4.2405     0.4220 8.4714e-06       2271     1.5764  0.000e+00
     17.204   71.44808 -164.91464     17.383     2.7930     2.7944     2.7921    30.5634    30.5739  1024.4435    24.3615    324.802    309.340  335.32298     96.862     92.262     0.0720     0.0842     4.2405     0.4220 8.4714e-06       2272     1.5771  0.000e+00
     17.258   71.44808 -164.91464     17.437     2.7935     2.7943     2.7926    30.5631    30.5739  1024.4435    24.3613    324.796    309.345  335.31969     96.862     92.263     0.0733     0.0916     4.2393     0.4232 1.0000e-12       2273     1.5778  0.000e+00
     17.228   71.44808 -164.91464     17.406     2.7935     2.7946     2.7926    30.5630    30.5732  1024.4433    24.3612    324.828    309.342  335.32005     96.871     92.262     0.0720     0.0842     4.2393     0.4232 8.4714e-06       2274     1.5785  0.000e+00
     17.312   71.44808 -164.91464     17.492     2.7937     2.7946     2.7928    30.5630    30.5733  1024.4436    24.3611    324.827    309.145  335.31880     96.871     92.204     0.0733     0.0916     4.2405     0.4220 1.0000e-12       2275     1.5792  0.000e+00
     17.258   71.44808 -164.91464     17.437     2.7938     2.7943     2.7929    30.5629    30.5735  1024.4433    24.3611    324.820    309.121  335.31758     96.869     92.196     0.0708     0.0769     4.2405     0.4220 8.4714e-06       2276     1.5799  0.000e+00
     17.312   71.44808 -164.91464     17.492     2.7940     2.7941     2.7931    30.5621    30.5738  1024.4429    24.3604    324.820    309.100  335.31828     96.869     92.190     0.0720     0.0842     4.2393     0.4232 8.4714e-06       2277     1.5806  0.000e+00
     17.282   71.44808 -164.91464     17.461     2.7938     2.7943     2.7929    30.5625    30.5737  1024.4431    24.3607    324.817    309.272  335.31870     96.868     92.241     0.0708     0.0769     4.2393     0.4232 8.4714e-06       2278     1.5813  0.000e+00
     17.312   71.44808 -164.91464     17.492     2.7937     2.7941     2.7928    30.5625    30.5734  1024.4433    24.3608    324.816    309.298  335.31990     96.868     92.248     0.0733     0.0916     4.2405     0.4220 8.4714e-06       2279     1.5819  0.000e+00
     17.374   71.44808 -164.91464     17.554     2.7937     2.7941     2.7928    30.5628    30.5733  1024.4438    24.3610    324.853    309.124  335.31918     96.879     92.196     0.0781     0.1209     4.2393     0.4232 8.4714e-06       2280     1.5826  0.000e+00
     17.374   71.44808 -164.91464     17.554     2.7938     2.7943     2.7929    30.5622    30.5728  1024.4433    24.3605    324.851    309.124  335.31942     96.878     92.196     0.0781     0.1209     4.2405     0.4220 8.4714e-06       2281     1.5833  0.000e+00
     17.343   71.44808 -164.91464     17.523     2.7936     2.7941     2.7927    30.5619    30.5731  1024.4429    24.3603    324.852    309.100  335.32246     96.877     92.189     0.0794     0.1282     4.2405     0.4220 8.4714e-06       2282     1.5840  0.000e+00
     17.428   71.44808 -164.91464     17.609     2.7937     2.7943     2.7928    30.5620    30.5732  1024.4434    24.3603    324.852    309.079  335.32124     96.878     92.183     0.0781     0.1209     4.2393     0.4232 1.0000e-12       2283     1.5847  0.000e+00
     17.374   71.44808 -164.91464     17.554     2.7933     2.7941     2.7924    30.5623    30.5733  1024.4434    24.3606    324.851    309.054  335.32328     96.877     92.176     0.0781     0.1209     4.2405     0.4220 8.4714e-06       2284     1.5854  0.000e+00
     17.428   71.44808 -164.91464     17.609     2.7933     2.7941     2.7924    30.5624    30.5734  1024.4437    24.3607    324.851    309.033  335.32295     96.877     92.169     0.0781     0.1209     4.2418     0.4209 8.4714e-06       2285     1.5861  0.000e+00
     17.459   71.44808 -164.91466     17.640     2.7933     2.7941     2.7924    30.5625    30.5735  1024.4439    24.3607    324.851    309.035  335.32279     96.877     92.170     0.0781     0.1209     4.2442     0.4186 1.0000e-12       2286     1.5868  0.000e+00
     17.428   71.44808 -164.91466     17.609     2.7935     2.7941     2.7926    30.5621    30.5730  1024.4435    24.3604    324.848    309.012  335.32239     96.876     92.163     0.0769     0.1135     4.2430     0.4197 8.4714e-06       2287     1.5875  0.000e+00
     17.428   71.44808 -164.91466     17.609     2.7933     2.7941     2.7924    30.5622    30.5736  1024.4436    24.3605    324.885    308.989  335.32345     96.887     92.156     0.0781     0.1209     4.2430     0.4197 8.4714e-06       2288     1.5882  0.000e+00
     17.490   71.44808 -164.91466     17.671     2.7935     2.7943     2.7926    30.5620    30.5733  1024.4437    24.3604    324.886    308.968  335.32257     96.888     92.150     0.0781     0.1209     4.2430     0.4197 8.4714e-06       2289     1.5889  0.000e+00
     17.513   71.44808 -164.91466     17.694     2.7935     2.7943     2.7926    30.5622    30.5735  1024.4440    24.3605    324.887    308.947  335.32211     96.888     92.144     0.0781     0.1209     4.2430     0.4197 8.4714e-06       2290     1.5896  0.000e+00
     17.490   71.44808 -164.91466     17.671     2.7933     2.7943     2.7924    30.5620    30.5732  1024.4437    24.3604    324.888    308.948  335.32393     96.888     92.144     0.0781     0.1209     4.2430     0.4197 8.4714e-06       2291     1.5903  0.000e+00
     17.544   71.44808 -164.91466     17.725     2.7933     2.7941     2.7924    30.5621    30.5734  1024.4440    24.3604    324.890    308.954  335.32380     96.888     92.146     0.0781     0.1209     4.2430     0.4197 8.4714e-06       2292     1.5910  0.000e+00
     17.567   71.44808 -164.91466     17.749     2.7932     2.7941     2.7923    30.5622    30.5734  1024.4443    24.3606    324.892    308.935  335.32427     96.889     92.140     0.0781     0.1209     4.2430     0.4197 8.4714e-06       2293     1.5917  0.000e+00
     17.544   71.44808 -164.91466     17.725     2.7933     2.7941     2.7924    30.5621    30.5734  1024.4441    24.3605    324.890    308.913  335.32360     96.888     92.134     0.0769     0.1135     4.2430     0.4197 8.4714e-06       2294     1.5924  0.000e+00
