EcoFOCI/data/1_SampleCollection/2023_SikuliaqDBO_CruiseData/CTD_raw_BottleFile_SKQ23-12S/proc/skq202312s_050.ros
* Sea-Bird SBE 9 Data File:
* FileName = D:\CTD\SKQ202312S\SKQ202312S_050.hex
* Software Version Seasave V 7.26.7.121
* Temperature SN = 6177
* Conductivity SN = 0369
* Number of Bytes Per Scan = 41
* Number of Voltage Words = 4
* Number of Scans Averaged by the Deck Unit = 1
* NMEA Latitude = 70 34.79 N
* NMEA Longitude = 162 29.45 W
* NMEA UTC (Time) = Sep 26 2023  15:58:50
* NMEA baud rate = 4800
** Ship: R/V Sikuliaq
** Station Number: 050
** Station Name: IC11
** Bottom Depth: 38
** Operator: SD
# nquan = 22
# nvalues = 735                                   
# units = specified
# name 0 = depSM: Depth [salt water, m]
# name 1 = latitude: Latitude [deg]
# name 2 = longitude: Longitude [deg]
# name 3 = prDM: Pressure, Digiquartz [db]
# name 4 = t090C: Temperature [ITS-90, deg C]
# name 5 = t190C: Temperature, 2 [ITS-90, deg C]
# name 6 = potemp090C: Potential Temperature [ITS-90, deg C]
# name 7 = sal00: Salinity, Practical [PSU]
# name 8 = sal11: Salinity, Practical, 2 [PSU]
# name 9 = density00: Density [density, kg/m^3]
# name 10 = sigma-é00: Density [sigma-theta, kg/m^3]
# name 11 = sbox0Mm/Kg: Oxygen, SBE 43 [umol/kg]
# name 12 = sbox1Mm/Kg: Oxygen, SBE 43, 2 [umol/kg]
# name 13 = oxsolMm/Kg: Oxygen Saturation, Garcia & Gordon [umol/kg]
# name 14 = sbeox0PS: Oxygen, SBE 43 [% saturation]
# name 15 = v0: Voltage 0
# name 16 = flECO-AFL: Fluorescence, WET Labs ECO-AFL/FL [mg/m^3]
# name 17 = CStarAt0: Beam Attenuation, WET Labs C-Star [1/m]
# name 18 = par: PAR/Irradiance, Biospherical/Licor
# name 19 = scan: Scan Count
# name 20 = nbf: Bottles Fired
# name 21 = flag:  0.000e+00
# interval = seconds: 0.0416667
# start_time = Sep 26 2023 16:02:32 [NMEA time, first data scan]
# bad_flag = -9.990e-29
*END*
[from data line 461]
     10.153   70.57988 -162.49072     10.257     6.5728     6.5780     6.5720    28.5661    28.5787  1022.4546    22.4070    291.491    272.917  310.72279     93.810     0.2027     0.8681     0.6192 6.8962e-02      13586         10  0.000e+00
     10.184   70.57988 -162.49072     10.288     6.5730     6.5787     6.5722    28.5687    28.5791  1022.4568    22.4091    291.320    272.876  310.71565     93.758     0.2027     0.8681     0.6204 7.1617e-02      13587         10  0.000e+00
     10.153   70.57988 -162.49072     10.257     6.5738     6.5791     6.5730    28.5694    28.5791  1022.4571    22.4095    291.488    272.836  310.70820     93.814     0.2027     0.8681     0.6204 7.6491e-02      13588         10  0.000e+00
     10.153   70.57988 -162.49072     10.257     6.5743     6.5793     6.5735    28.5695    28.5794  1022.4571    22.4096    291.517    272.797  310.70420     93.825     0.2027     0.8681     0.6204 7.8144e-02      13589         10  0.000e+00
     10.099   70.57988 -162.49072     10.203     6.5750     6.5793     6.5742    28.5687    28.5790  1022.4561    22.4088    291.544    272.760  310.70067     93.834     0.2027     0.8681     0.6204 7.9253e-02      13590         10  0.000e+00
     10.207   70.57988 -162.49072     10.312     6.5752     6.5787     6.5744    28.5681    28.5790  1022.4562    22.4084    291.581    272.731  310.70078     93.846     0.2027     0.8681     0.6204 8.3754e-02      13591         10  0.000e+00
     10.122   70.57988 -162.49072     10.226     6.5755     6.5795     6.5746    28.5676    28.5787  1022.4553    22.4079    291.582    272.706  310.70025     93.847     0.2027     0.8681     0.6204 8.5468e-02      13592         10  0.000e+00
     10.153   70.57988 -162.49072     10.257     6.5754     6.5804     6.5745    28.5673    28.5796  1022.4553    22.4077    291.617    272.860  310.70155     93.857     0.2015     0.8608     0.6204 8.4324e-02      13593         10  0.000e+00
     10.207   70.57988 -162.49072     10.312     6.5754     6.5815     6.5745    28.5665    28.5797  1022.4548    22.4071    291.653    272.676  310.70348     93.868     0.2027     0.8681     0.6204 8.1491e-02      13594         10  0.000e+00
     10.099   70.57988 -162.49072     10.203     6.5750     6.5811     6.5742    28.5680    28.5802  1022.4556    22.4083    291.651    272.658  310.70214     93.868     0.2027     0.8681     0.6204 7.9810e-02      13595         10  0.000e+00
     10.153   70.57988 -162.49072     10.257     6.5753     6.5796     6.5745    28.5706    28.5793  1022.4578    22.4103    291.677    272.656  310.69448     93.879     0.2027     0.8681     0.6204 7.9810e-02      13596         10  0.000e+00
     10.184   70.57988 -162.49072     10.289     6.5765     6.5782     6.5757    28.5694    28.5786  1022.4569    22.4092    291.674    272.635  310.68880     93.880     0.2027     0.8681     0.6204 7.6491e-02      13597         10  0.000e+00
     10.153   70.57988 -162.49072     10.257     6.5770     6.5774     6.5762    28.5675    28.5783  1022.4552    22.4077    291.674    272.607  310.68933     93.880     0.2027     0.8681     0.6204 7.4853e-02      13598         10  0.000e+00
     10.153   70.57988 -162.49072     10.257     6.5767     6.5779     6.5759    28.5663    28.5786  1022.4543    22.4067    291.707    272.569  310.69410     93.889     0.2027     0.8681     0.6204 7.4853e-02      13599         10  0.000e+00
     10.153   70.57988 -162.49072     10.257     6.5765     6.5788     6.5757    28.5640    28.5788  1022.4525    22.4050    291.743    272.529  310.70108     93.898     0.2027     0.8681     0.6204 8.0929e-02      13600         10  0.000e+00
     10.153   70.57988 -162.49072     10.257     6.5759     6.5788     6.5750    28.5638    28.5789  1022.4525    22.4049    291.776    272.495  310.70587     93.908     0.2027     0.8681     0.6204 8.4324e-02      13601         10  0.000e+00
     10.184   70.57988 -162.49072     10.289     6.5750     6.5777     6.5742    28.5635    28.5784  1022.4525    22.4048    291.813    272.490  310.71242     93.917     0.2027     0.8681     0.6204 8.4324e-02      13602         10  0.000e+00
     10.153   70.57988 -162.49072     10.257     6.5741     6.5764     6.5733    28.5625    28.5774  1022.4516    22.4041    291.821    272.485  310.72140     93.917     0.2027     0.8681     0.6204 7.9810e-02      13603         10  0.000e+00
     10.153   70.57988 -162.49072     10.257     6.5728     6.5748     6.5720    28.5616    28.5770  1022.4510    22.4035    291.832    272.484  310.73307     93.917     0.2027     0.8681     0.6204 7.6491e-02      13604         10  0.000e+00
     10.153   70.57988 -162.49072     10.257     6.5719     6.5736     6.5711    28.5623    28.5762  1022.4517    22.4042    291.835    272.482  310.73844     93.917     0.2027     0.8681     0.6204 7.5944e-02      13605         10  0.000e+00
     10.153   70.57988 -162.49072     10.257     6.5707     6.5726     6.5699    28.5637    28.5757  1022.4529    22.4054    291.866    272.477  310.74324     93.925     0.2027     0.8681     0.6204 8.0369e-02      13606         10  0.000e+00
     10.207   70.57988 -162.49072     10.312     6.5704     6.5713     6.5696    28.5637    28.5758  1022.4533    22.4055    291.867    272.495  310.74575     93.925     0.2027     0.8681     0.6192 8.4324e-02      13607         10  0.000e+00
     10.122   70.57988 -162.49072     10.226     6.5699     6.5707     6.5691    28.5600    28.5758  1022.4500    22.4026    291.871    272.506  310.75748     93.922     0.2027     0.8681     0.6192 8.6042e-02      13608         10  0.000e+00
     10.153   70.57988 -162.49072     10.258     6.5685     6.5710     6.5677    28.5583    28.5759  1022.4490    22.4015    291.881    272.496  310.77203     93.921     0.2027     0.8681     0.6180 7.8698e-02      13609         10  0.000e+00
     10.153   70.57988 -162.49072     10.258     6.5672     6.5718     6.5664    28.5593    28.5762  1022.4499    22.4024    291.881    272.483  310.77894     93.919     0.2027     0.8681     0.6192 6.7386e-02      13610         10  0.000e+00
     10.153   70.57988 -162.49072     10.258     6.5661     6.5723     6.5653    28.5606    28.5769  1022.4511    22.4035    292.134    272.490  310.78407     93.999     0.2027     0.8681     0.6192 6.4790e-02      13611         10  0.000e+00
     10.153   70.57988 -162.49072     10.258     6.5653     6.5720     6.5645    28.5617    28.5768  1022.4520    22.4045    292.158    272.506  310.78741     94.006     0.2027     0.8681     0.6192 7.1617e-02      13612         10  0.000e+00
     10.184   70.57988 -162.49072     10.289     6.5650     6.5715     6.5642    28.5613    28.5762  1022.4519    22.4042    291.981    272.705  310.79044     93.948     0.2027     0.8681     0.6192 8.8357e-02      13613         10  0.000e+00
     10.153   70.57988 -162.49072     10.258     6.5645     6.5709     6.5637    28.5613    28.5757  1022.4518    22.4043    291.972    272.564  310.79418     93.944     0.2027     0.8681     0.6192 9.4857e-02      13614         10  0.000e+00
     10.208   70.57988 -162.49072     10.313     6.5602     6.5633     6.5594    28.5598    28.5726  1022.4514    22.4036    291.068    273.407  310.82877     93.643     0.2027     0.8681     0.6180 7.1617e-02      13713         11  0.000e+00
     10.208   70.57988 -162.49072     10.313     6.5600     6.5641     6.5592    28.5598    28.5731  1022.4514    22.4036    291.070    273.384  310.83034     93.643     0.2027     0.8681     0.6180 6.5306e-02      13714         11  0.000e+00
     10.154   70.57988 -162.49072     10.259     6.5598     6.5649     6.5590    28.5602    28.5733  1022.4515    22.4040    291.042    273.376  310.83037     93.634     0.2027     0.8681     0.6180 6.4790e-02      13715         11  0.000e+00
     10.185   70.57988 -162.49072     10.290     6.5600     6.5648     6.5592    28.5594    28.5737  1022.4510    22.4033    291.047    273.376  310.83122     93.635     0.2027     0.8681     0.6180 6.4275e-02      13716         11  0.000e+00
     10.208   70.57988 -162.49072     10.313     6.5600     6.5640     6.5592    28.5592    28.5729  1022.4509    22.4032    291.054    273.362  310.83165     93.637     0.2015     0.8608     0.6180 6.3762e-02      13717         11  0.000e+00
     10.154   70.57988 -162.49072     10.259     6.5600     6.5626     6.5592    28.5598    28.5723  1022.4512    22.4036    291.030    273.348  310.83029     93.630     0.2002     0.8535     0.6180 6.3762e-02      13718         11  0.000e+00
     10.208   70.57988 -162.49072     10.313     6.5598     6.5620     6.5590    28.5601    28.5716  1022.4517    22.4039    291.211    273.329  310.83066     93.688     0.1978     0.8388     0.6180 6.3250e-02      13719         11  0.000e+00
     10.154   70.57988 -162.49072     10.259     6.5598     6.5615     6.5590    28.5603    28.5716  1022.4516    22.4040    291.047    273.142  310.83020     93.635     0.1978     0.8388     0.6180 6.3250e-02      13720         11  0.000e+00
     10.185   70.57988 -162.49072     10.290     6.5598     6.5608     6.5590    28.5602    28.5712  1022.4516    22.4039    291.060    273.120  310.83056     93.640     0.1978     0.8388     0.6180 6.2739e-02      13721         11  0.000e+00
     10.208   70.57988 -162.49072     10.313     6.5600     6.5604     6.5592    28.5602    28.5711  1022.4517    22.4039    291.074    273.096  310.82945     93.644     0.1978     0.8388     0.6180 6.7386e-02      13722         11  0.000e+00
     10.154   70.57988 -162.49072     10.259     6.5598     6.5605     6.5590    28.5598    28.5711  1022.4512    22.4037    291.061    273.063  310.83134     93.640     0.1978     0.8388     0.6180 7.3768e-02      13723         11  0.000e+00
     10.154   70.57988 -162.49072     10.259     6.5595     6.5626     6.5587    28.5597    28.5723  1022.4511    22.4036    291.279    273.016  310.83430     93.709     0.1978     0.8388     0.6180 7.5397e-02      13724         11  0.000e+00
     10.208   70.57988 -162.49072     10.313     6.5592     6.5643     6.5584    28.5595    28.5740  1022.4512    22.4034    291.301    272.970  310.83660     93.715     0.1966     0.8315     0.6180 7.8144e-02      13725         11  0.000e+00
     10.100   70.57988 -162.49072     10.204     6.5590     6.5655     6.5582    28.5600    28.5744  1022.4511    22.4039    291.116    272.925  310.83692     93.656     0.1978     0.8388     0.6192 8.2619e-02      13726         11  0.000e+00
     10.239   70.57988 -162.49072     10.344     6.5588     6.5667     6.5580    28.5600    28.5745  1022.4518    22.4039    291.143    272.889  310.83830     93.664     0.1978     0.8388     0.6180 8.3754e-02      13727         11  0.000e+00
     10.154   70.57988 -162.49072     10.259     6.5589     6.5678     6.5580    28.5603    28.5751  1022.4517    22.4042    291.329    272.844  310.83721     93.724     0.1978     0.8388     0.6168 8.4324e-02      13728         11  0.000e+00
     10.208   70.57988 -162.49072     10.313     6.5592     6.5685     6.5584    28.5607    28.5748  1022.4522    22.4044    291.179    272.808  310.83382     93.677     0.1978     0.8388     0.6156 8.4895e-02      13729         11  0.000e+00
     10.154   70.57988 -162.49072     10.259     6.5592     6.5661     6.5583    28.5604    28.5737  1022.4517    22.4042    291.174    272.789  310.83486     93.675     0.1978     0.8388     0.6156 8.5468e-02      13730         11  0.000e+00
     10.154   70.57988 -162.49072     10.259     6.5594     6.5635     6.5586    28.5600    28.5719  1022.4514    22.4039    291.227    272.775  310.83418     93.692     0.1978     0.8388     0.6168 8.6042e-02      13731         11  0.000e+00
     10.239   70.57988 -162.49072     10.344     6.5592     6.5620     6.5584    28.5602    28.5714  1022.4520    22.4040    291.429    272.772  310.83483     93.757     0.1978     0.8388     0.6168 8.7196e-02      13732         11  0.000e+00
     10.154   70.57988 -162.49072     10.259     6.5593     6.5616     6.5585    28.5605    28.5714  1022.4518    22.4042    291.452    272.753  310.83356     93.765     0.1978     0.8388     0.6168 8.8357e-02      13733         11  0.000e+00
     10.154   70.57988 -162.49072     10.259     6.5594     6.5613     6.5586    28.5598    28.5712  1022.4512    22.4037    291.481    272.738  310.83476     93.773     0.1978     0.8388     0.6168 8.7776e-02      13734         11  0.000e+00
     10.154   70.57988 -162.49072     10.259     6.5590     6.5605     6.5582    28.5596    28.5709  1022.4511    22.4036    291.511    272.887  310.83771     93.782     0.1978     0.8388     0.6168 8.8357e-02      13735         11  0.000e+00
     10.154   70.57988 -162.49074     10.259     6.5588     6.5602     6.5580    28.5593    28.5707  1022.4509    22.4034    291.541    272.709  310.83977     93.791     0.1978     0.8388     0.6168 8.8357e-02      13736         11  0.000e+00
     10.185   70.57988 -162.49074     10.290     6.5587     6.5602     6.5579    28.5593    28.5710  1022.4511    22.4034    291.599    272.690  310.84058     93.810     0.1978     0.8388     0.6168 8.8357e-02      13737         11  0.000e+00
     10.154   70.57988 -162.49074     10.259     6.5589     6.5597     6.5580    28.5592    28.5711  1022.4508    22.4033    291.428    272.673  310.83974     93.755     0.1978     0.8388     0.6168 8.6618e-02      13738         11  0.000e+00
     10.154   70.57988 -162.49074     10.259     6.5585     6.5599     6.5577    28.5596    28.5706  1022.4512    22.4036    291.630    272.653  310.84147     93.820     0.1978     0.8388     0.6156 8.4895e-02      13739         11  0.000e+00
     10.154   70.57988 -162.49074     10.259     6.5585     6.5597     6.5577    28.5595    28.5700  1022.4511    22.4035    291.660    272.636  310.84136     93.829     0.1978     0.8388     0.6168 8.4324e-02      13740         11  0.000e+00
     10.154   70.57988 -162.49074     10.259     6.5585     6.5591     6.5577    28.5595    28.5699  1022.4511    22.4035    291.690    272.621  310.84136     93.839     0.1978     0.8388     0.6168 9.0697e-02      13741         11  0.000e+00
     10.185   70.57988 -162.49074     10.290     6.5585     6.5588     6.5577    28.5595    28.5702  1022.4512    22.4035    291.721    272.605  310.84166     93.849     0.1978     0.8388     0.6168 9.6665e-02      13742         11  0.000e+00
     10.154   70.57988 -162.49074     10.259     6.5585     6.5592     6.5577    28.5585    28.5701  1022.4503    22.4027    291.751    272.581  310.84365     93.858     0.1978     0.8388     0.6168 9.7879e-02      13743         11  0.000e+00
     10.154   70.57988 -162.49074     10.259     6.5582     6.5591     6.5574    28.5588    28.5707  1022.4506    22.4030    291.783    272.580  310.84511     93.868     0.1978     0.8388     0.6168 8.9524e-02      13744         11  0.000e+00
     10.154   70.57988 -162.49074     10.259     6.5582     6.5596     6.5574    28.5593    28.5705  1022.4510    22.4035    291.812    272.577  310.84423     93.877     0.1978     0.8388     0.6168 7.9810e-02      13745         11  0.000e+00
     10.100   70.57988 -162.49074     10.204     6.5582     6.5597     6.5574    28.5592    28.5708  1022.4506    22.4033    291.642    272.574  310.84424     93.822     0.1978     0.8388     0.6168 7.7591e-02      13746         11  0.000e+00
     10.124   70.57988 -162.49074     10.228     6.5582     6.5599     6.5574    28.5592    28.5708  1022.4507    22.4033    291.844    272.576  310.84426     93.888     0.1978     0.8388     0.6192 7.4853e-02      13747         11  0.000e+00
     10.154   70.57988 -162.49074     10.259     6.5583     6.5597     6.5575    28.5595    28.5712  1022.4511    22.4036    291.875    272.598  310.84277     93.898     0.1978     0.8388     0.6240 7.0550e-02      13748         11  0.000e+00
