EcoFOCI/data/1_SampleCollection/2023_SikuliaqDBO_CruiseData/CTD_raw_BottleFile_SKQ23-12S/proc/skq202312s_052.ros
* Sea-Bird SBE 9 Data File:
* FileName = D:\CTD\SKQ202312S\SKQ202312S_052.hex
* Software Version Seasave V 7.26.7.121
* Temperature SN = 6177
* Conductivity SN = 0369
* Number of Bytes Per Scan = 41
* Number of Voltage Words = 4
* Number of Scans Averaged by the Deck Unit = 1
* NMEA Latitude = 70 49.96 N
* NMEA Longitude = 163 07.13 W
* NMEA UTC (Time) = Sep 26 2023  20:42:12
* NMEA baud rate = 4800
** Ship: R/V Sikuliaq
** Station Number: 052
** Station Name: C1
** Bottom Depth: 45
** Operator: SD
** Moorings site C1
# nquan = 22
# nvalues = 147                                   
# units = specified
# name 0 = depSM: Depth [salt water, m]
# name 1 = latitude: Latitude [deg]
# name 2 = longitude: Longitude [deg]
# name 3 = prDM: Pressure, Digiquartz [db]
# name 4 = t090C: Temperature [ITS-90, deg C]
# name 5 = t190C: Temperature, 2 [ITS-90, deg C]
# name 6 = potemp090C: Potential Temperature [ITS-90, deg C]
# name 7 = sal00: Salinity, Practical [PSU]
# name 8 = sal11: Salinity, Practical, 2 [PSU]
# name 9 = density00: Density [density, kg/m^3]
# name 10 = sigma-é00: Density [sigma-theta, kg/m^3]
# name 11 = sbox0Mm/Kg: Oxygen, SBE 43 [umol/kg]
# name 12 = sbox1Mm/Kg: Oxygen, SBE 43, 2 [umol/kg]
# name 13 = oxsolMm/Kg: Oxygen Saturation, Garcia & Gordon [umol/kg]
# name 14 = sbeox0PS: Oxygen, SBE 43 [% saturation]
# name 15 = v0: Voltage 0
# name 16 = flECO-AFL: Fluorescence, WET Labs ECO-AFL/FL [mg/m^3]
# name 17 = CStarAt0: Beam Attenuation, WET Labs C-Star [1/m]
# name 18 = par: PAR/Irradiance, Biospherical/Licor
# name 19 = scan: Scan Count
# name 20 = nbf: Bottles Fired
# name 21 = flag:  0.000e+00
# interval = seconds: 0.0416667
# start_time = Sep 26 2023 20:44:50 [NMEA time, first data scan]
# bad_flag = -9.990e-29
*END*
     38.248   70.83302 -163.11882     38.645     4.4568     4.4565     4.4542    31.7440    31.7553  1025.3321    25.1520    234.005    219.668  319.07078     73.339     0.0806     0.1355     2.7153 5.5251e-02       5875          1  0.000e+00
     38.194   70.83302 -163.11882     38.591     4.4570     4.4564     4.4544    31.7438    31.7553  1025.3317    25.1518    234.208    219.644  319.07006     73.403     0.0818     0.1428     2.7153 5.9205e-02       5876          1  0.000e+00
     38.256   70.83302 -163.11882     38.653     4.4568     4.4564     4.4542    31.7436    31.7551  1025.3318    25.1516    233.999    219.810  319.07181     73.337     0.0806     0.1355     2.7153 6.0711e-02       5877          1  0.000e+00
     38.248   70.83302 -163.11882     38.645     4.4572     4.4565     4.4546    31.7433    31.7551  1025.3315    25.1514    234.203    219.806  319.06955     73.402     0.0806     0.1355     2.7153 6.0711e-02       5878          1  0.000e+00
     38.194   70.83302 -163.11882     38.591     4.4567     4.4565     4.4541    31.7438    31.7550  1025.3317    25.1519    234.024    219.800  319.07239     73.345     0.0794     0.1282     2.7153 6.0711e-02       5879          1  0.000e+00
     38.256   70.83302 -163.11882     38.653     4.4567     4.4567     4.4541    31.7436    31.7550  1025.3319    25.1517    233.992    219.796  319.07284     73.335     0.0806     0.1355     2.7173 6.0711e-02       5880          1  0.000e+00
     38.194   70.83302 -163.11882     38.591     4.4564     4.4564     4.4538    31.7436    31.7551  1025.3316    25.1517    234.199    219.789  319.07529     73.399     0.0806     0.1355     2.7153 6.0711e-02       5881          1  0.000e+00
     38.248   70.83302 -163.11882     38.645     4.4567     4.4565     4.4541    31.7435    31.7551  1025.3318    25.1516    234.021    219.617  319.07311     73.344     0.0806     0.1355     2.7153 5.4762e-02       5882          1  0.000e+00
     38.194   70.83302 -163.11882     38.591     4.4564     4.4564     4.4538    31.7437    31.7552  1025.3317    25.1518    234.196    219.799  319.07501     73.399     0.0806     0.1355     2.7153 5.1384e-02       5883          1  0.000e+00
     38.256   70.83302 -163.11882     38.653     4.4567     4.4565     4.4541    31.7438    31.7551  1025.3320    25.1519    234.018    219.794  319.07238     73.343     0.0806     0.1355     2.7153 5.0907e-02       5884          1  0.000e+00
     38.187   70.83302 -163.11882     38.583     4.4564     4.4565     4.4538    31.7443    31.7550  1025.3321    25.1522    234.434    219.785  319.07380     73.473     0.0806     0.1355     2.7153 4.9956e-02       5885          1  0.000e+00
     38.256   70.83302 -163.11882     38.653     4.4564     4.4564     4.4538    31.7441    31.7552  1025.3323    25.1521    234.082    219.967  319.07416     73.363     0.0806     0.1355     2.7173 4.9483e-02       5886          1  0.000e+00
     38.194   70.83302 -163.11882     38.591     4.4567     4.4564     4.4541    31.7437    31.7554  1025.3316    25.1517    234.287    219.976  319.07277     73.427     0.0806     0.1355     2.7153 4.9011e-02       5887          1  0.000e+00
     38.256   70.83302 -163.11882     38.653     4.4564     4.4565     4.4538    31.7439    31.7549  1025.3322    25.1520    234.114    219.987  319.07453     73.373     0.0806     0.1355     2.7153 5.1384e-02       5888          1  0.000e+00
     38.187   70.83302 -163.11882     38.583     4.4565     4.4565     4.4539    31.7437    31.7552  1025.3316    25.1518    234.079    220.014  319.07388     73.362     0.0806     0.1355     2.7153 5.4276e-02       5889          1  0.000e+00
     38.256   70.83302 -163.11882     38.653     4.4564     4.4564     4.4538    31.7439    31.7551  1025.3321    25.1519    234.083    220.045  319.07462     73.363     0.0794     0.1282     2.7153 5.5251e-02       5890          1  0.000e+00
     38.256   70.83302 -163.11882     38.653     4.4564     4.4564     4.4538    31.7436    31.7553  1025.3319    25.1517    234.053    220.072  319.07536     73.354     0.0806     0.1355     2.7153 5.3790e-02       5891          1  0.000e+00
     38.187   70.83302 -163.11882     38.583     4.4562     4.4562     4.4536    31.7438    31.7551  1025.3317    25.1519    233.429    220.098  319.07603     73.158     0.0806     0.1355     2.7173 5.1863e-02       5892          1  0.000e+00
     38.194   70.83302 -163.11882     38.591     4.4559     4.4564     4.4533    31.7442    31.7553  1025.3321    25.1522    233.969    220.123  319.07764     73.327     0.0806     0.1355     2.7153 5.0907e-02       5893          1  0.000e+00
     38.256   70.83302 -163.11882     38.653     4.4559     4.4565     4.4533    31.7438    31.7551  1025.3321    25.1519    233.948    220.149  319.07855     73.320     0.0806     0.1355     2.7153 5.1863e-02       5894          1  0.000e+00
     38.256   70.83302 -163.11882     38.653     4.4559     4.4567     4.4533    31.7438    31.7547  1025.3321    25.1519    233.957    220.172  319.07846     73.323     0.0806     0.1355     2.7051 5.2824e-02       5895          1  0.000e+00
     38.187   70.83302 -163.11882     38.583     4.4561     4.4567     4.4535    31.7436    31.7548  1025.3316    25.1518    233.965    220.193  319.07771     73.325     0.0806     0.1355     2.7010 5.3790e-02       5896          1  0.000e+00
     38.256   70.83302 -163.11882     38.653     4.4557     4.4567     4.4531    31.7440    31.7550  1025.3322    25.1521    233.980    220.217  319.07930     73.330     0.0794     0.1282     2.6990 5.4762e-02       5897          1  0.000e+00
     38.194   70.83302 -163.11882     38.591     4.4559     4.4568     4.4533    31.7441    31.7552  1025.3320    25.1521    233.990    220.214  319.07782     73.333     0.0806     0.1355     2.6990 5.9706e-02       5898          1  0.000e+00
     38.187   70.83302 -163.11882     38.583     4.4559     4.4567     4.4533    31.7442    31.7552  1025.3321    25.1523    234.213    220.235  319.07744     73.403     0.0806     0.1355     2.7010 6.2230e-02       5899          1  0.000e+00
     38.256   70.83302 -163.11882     38.653     4.4559     4.4570     4.4533    31.7441    31.7550  1025.3323    25.1522    233.954    220.254  319.07771     73.322     0.0806     0.1355     2.7010 6.1722e-02       5900          1  0.000e+00
     38.256   70.83302 -163.11882     38.653     4.4559     4.4569     4.4533    31.7438    31.7552  1025.3321    25.1519    233.966    220.272  319.07855     73.326     0.0794     0.1282     2.6990 5.7712e-02       5901          1  0.000e+00
     38.194   70.83302 -163.11882     38.591     4.4559     4.4568     4.4533    31.7440    31.7551  1025.3320    25.1521    233.977    220.288  319.07792     73.329     0.0806     0.1355     2.7010 5.5740e-02       5902          1  0.000e+00
     38.248   70.83302 -163.11882     38.645     4.4561     4.4570     4.4535    31.7440    31.7548  1025.3322    25.1520    233.960    220.284  319.07686     73.324     0.0830     0.1502     2.7010 5.5251e-02       5903          1  0.000e+00
     38.194   70.83302 -163.11882     38.591     4.4561     4.4570     4.4535    31.7434    31.7551  1025.3315    25.1516    233.973    220.297  319.07819     73.328     0.0830     0.1502     2.7010 5.3306e-02       5904          1  0.000e+00
     38.256   70.83302 -163.11882     38.653     4.4562     4.4570     4.4536    31.7438    31.7548  1025.3321    25.1519    233.956    220.313  319.07602     73.323     0.0830     0.1502     2.7010 5.1384e-02       5905          1  0.000e+00
     38.194   70.83302 -163.11882     38.591     4.4561     4.4567     4.4535    31.7439    31.7553  1025.3319    25.1520    233.938    220.303  319.07698     73.317     0.0818     0.1428     2.7010 5.1384e-02       5906          1  0.000e+00
     38.248   70.83302 -163.11882     38.645     4.4559     4.4570     4.4533    31.7441    31.7548  1025.3323    25.1521    233.923    220.293  319.07780     73.312     0.0830     0.1502     2.7010 5.3790e-02       5907          1  0.000e+00
     38.194   70.83302 -163.11882     38.591     4.4561     4.4570     4.4535    31.7440    31.7546  1025.3319    25.1521    233.937    220.302  319.07679     73.317     0.0830     0.1502     2.6990 5.5251e-02       5908          1  0.000e+00
     38.256   70.83302 -163.11882     38.653     4.4559     4.4570     4.4533    31.7438    31.7554  1025.3321    25.1519    233.924    220.289  319.07855     73.312     0.0830     0.1502     2.7010 5.5740e-02       5909          1  0.000e+00
     38.248   70.83302 -163.11882     38.645     4.4559     4.4568     4.4533    31.7440    31.7552  1025.3322    25.1521    233.941    220.297  319.07798     73.318     0.0818     0.1428     2.7010 5.6723e-02       5910          1  0.000e+00
     38.194   70.83302 -163.11882     38.591     4.4561     4.4570     4.4535    31.7437    31.7550  1025.3317    25.1518    233.924    220.301  319.07763     73.313     0.0830     0.1502     2.7010 5.7217e-02       5911          1  0.000e+00
     38.256   70.83302 -163.11882     38.653     4.4557     4.4568     4.4531    31.7440    31.7550  1025.3322    25.1521    234.154    220.309  319.07930     73.384     0.0818     0.1428     2.7010 5.7712e-02       5912          1  0.000e+00
     38.194   70.83302 -163.11882     38.591     4.4557     4.4570     4.4531    31.7438    31.7553  1025.3318    25.1519    233.962    220.123  319.07969     73.324     0.0830     0.1502     2.7010 5.7217e-02       5913          1  0.000e+00
     38.248   70.83302 -163.11882     38.645     4.4559     4.4570     4.4533    31.7437    31.7552  1025.3319    25.1518    233.948    220.108  319.07882     73.320     0.0830     0.1502     2.7010 5.6723e-02       5914          1  0.000e+00
     38.256   70.83302 -163.11882     38.653     4.4557     4.4570     4.4531    31.7440    31.7551  1025.3322    25.1521    233.934    220.280  319.07930     73.315     0.0830     0.1502     2.7091 5.6231e-02       5915          1  0.000e+00
     38.194   70.83302 -163.11882     38.591     4.4559     4.4570     4.4533    31.7442    31.7551  1025.3321    25.1522    233.916    220.072  319.07764     73.310     0.0842     0.1575     2.7153 5.4762e-02       5916          1  0.000e+00
     38.248   70.83302 -163.11882     38.645     4.4557     4.4572     4.4531    31.7435    31.7546  1025.3318    25.1517    234.147    220.034  319.08050     73.382     0.0818     0.1428     2.7153 5.1863e-02       5917          1  0.000e+00
     38.194   70.83302 -163.11882     38.591     4.4557     4.4572     4.4531    31.7440    31.7549  1025.3320    25.1521    233.953    219.992  319.07923     73.321     0.0830     0.1502     2.7132 5.0431e-02       5918          1  0.000e+00
     38.256   70.83302 -163.11882     38.653     4.4559     4.4570     4.4533    31.7440    31.7548  1025.3323    25.1521    234.181    219.954  319.07799     73.393     0.0830     0.1502     2.7153 5.1863e-02       5919          1  0.000e+00
     38.256   70.83302 -163.11882     38.653     4.4559     4.4573     4.4533    31.7439    31.7547  1025.3321    25.1520    233.990    219.910  319.07836     73.333     0.0830     0.1502     2.7153 5.7712e-02       5920          1  0.000e+00
     38.248   70.83302 -163.11882     38.645     4.4559     4.4572     4.4533    31.7441    31.7551  1025.3322    25.1521    234.008    219.889  319.07789     73.339     0.0830     0.1502     2.7132 6.0208e-02       5921          1  0.000e+00
     38.256   70.83302 -163.11882     38.653     4.4561     4.4572     4.4535    31.7441    31.7550  1025.3323    25.1521    233.994    220.055  319.07668     73.335     0.0830     0.1502     2.7132 5.9205e-02       5922          1  0.000e+00
     38.194   70.83302 -163.11882     38.591     4.4559     4.4572     4.4533    31.7440    31.7551  1025.3319    25.1520    234.046    220.052  319.07810     73.351     0.0818     0.1428     2.7153 5.2824e-02       5923          1  0.000e+00
     38.079   70.83302 -163.11882     38.474     4.4607     4.4658     4.4581    31.7432    31.7534  1025.3303    25.1509    234.085    221.100  319.04344     73.371     0.0818     0.1428     2.6949 4.4823e-02       6027          2  0.000e+00
     38.248   70.83302 -163.11882     38.645     4.4608     4.4668     4.4582    31.7432    31.7530  1025.3310    25.1509    234.291    221.286  319.04224     73.436     0.0818     0.1428     2.6949 4.3907e-02       6028          2  0.000e+00
     38.194   70.83302 -163.11882     38.591     4.4605     4.4677     4.4579    31.7431    31.7524  1025.3307    25.1509    234.108    221.295  319.04489     73.378     0.0806     0.1355     2.6949 4.1638e-02       6029          2  0.000e+00
     38.140   70.83302 -163.11882     38.536     4.4605     4.4683     4.4579    31.7428    31.7521  1025.3303    25.1507    234.310    221.323  319.04547     73.441     0.0818     0.1428     2.6949 3.8074e-02       6030          2  0.000e+00
     38.187   70.83302 -163.11882     38.583     4.4602     4.4679     4.4576    31.7433    31.7526  1025.3309    25.1511    234.339    221.355  319.04675     73.450     0.0818     0.1428     2.6949 3.6322e-02       6031          2  0.000e+00
     38.194   70.83302 -163.11882     38.591     4.4603     4.4672     4.4577    31.7433    31.7531  1025.3309    25.1511    234.332    221.384  319.04554     73.448     0.0830     0.1502     2.6949 3.9401e-02       6032          2  0.000e+00
     38.140   70.83302 -163.11882     38.536     4.4605     4.4668     4.4579    31.7438    31.7532  1025.3310    25.1514    234.320    221.386  319.04324     73.445     0.0842     0.1575     2.6949 4.8071e-02       6033          2  0.000e+00
     38.194   70.83302 -163.11882     38.591     4.4605     4.4666     4.4579    31.7442    31.7531  1025.3316    25.1518    234.345    221.385  319.04219     73.453     0.0830     0.1502     2.6949 5.1384e-02       6034          2  0.000e+00
     38.187   70.83302 -163.11882     38.583     4.4610     4.4671     4.4584    31.7448    31.7527  1025.3320    25.1522    234.331    221.375  319.03714     73.450     0.0830     0.1502     2.6949 5.1863e-02       6035          2  0.000e+00
     38.140   70.83302 -163.11882     38.536     4.4613     4.4677     4.4587    31.7446    31.7530  1025.3316    25.1520    234.318    221.379  319.03512     73.446     0.0830     0.1502     2.6908 5.3790e-02       6036          2  0.000e+00
     38.194   70.83302 -163.11882     38.591     4.4619     4.4685     4.4593    31.7447    31.7526  1025.3319    25.1520    234.336    221.382  319.03023     73.453     0.0830     0.1502     2.6868 5.4762e-02       6037          2  0.000e+00
     38.187   70.83302 -163.11882     38.583     4.4627     4.4690     4.4602    31.7436    31.7526  1025.3309    25.1510    234.321    221.382  319.02637     73.449     0.0830     0.1502     2.6868 5.4762e-02       6038          2  0.000e+00
     38.140   70.83304 -163.11882     38.536     4.4632     4.4691     4.4606    31.7432    31.7528  1025.3303    25.1507    234.337    221.379  319.02369     73.454     0.0830     0.1502     2.6868 5.4762e-02       6039          2  0.000e+00
     38.194   70.83304 -163.11882     38.591     4.4634     4.4694     4.4608    31.7430    31.7521  1025.3304    25.1505    234.150    221.562  319.02300     73.396     0.0818     0.1428     2.6868 5.5251e-02       6040          2  0.000e+00
     38.194   70.83304 -163.11882     38.591     4.4637     4.4694     4.4611    31.7425    31.7518  1025.3300    25.1501    234.412    221.575  319.02169     73.478     0.0830     0.1502     2.6868 5.5251e-02       6041          2  0.000e+00
     38.133   70.83304 -163.11882     38.528     4.4637     4.4693     4.4611    31.7429    31.7521  1025.3300    25.1504    234.400    221.394  319.02068     73.475     0.0818     0.1428     2.6868 4.7603e-02       6042          2  0.000e+00
