EcoFOCI/data/1_SampleCollection/2023_SikuliaqDBO_CruiseData/CTD_raw_BottleFile_SKQ23-12S/proc/skq202312s_083.cnv
* Sea-Bird SBE 9 Data File:
* FileName = D:\CTD\SKQ202312S\SKQ202312S_083.hex
* Software Version Seasave V 7.26.7.121
* Temperature SN = 6177
* Conductivity SN = 0369
* Number of Bytes Per Scan = 41
* Number of Voltage Words = 4
* Number of Scans Averaged by the Deck Unit = 1
* NMEA Latitude = 65 38.84 N
* NMEA Longitude = 168 16.47 W
* NMEA UTC (Time) = Oct 03 2023  11:08:11
* NMEA baud rate = 4800
** Ship: R/V Sikuliaq
** Station Number: 083
** Station Name: BS2
** Bottom Depth: 45
** Operator: SD
# nquan = 24
# nvalues = 2989                                  
# units = specified
# name 0 = depSM: Depth [salt water, m]
# name 1 = latitude: Latitude [deg]
# name 2 = longitude: Longitude [deg]
# name 3 = prDM: Pressure, Digiquartz [db]
# name 4 = t090C: Temperature [ITS-90, deg C]
# name 5 = t190C: Temperature, 2 [ITS-90, deg C]
# name 6 = potemp090C: Potential Temperature [ITS-90, deg C]
# name 7 = sal00: Salinity, Practical [PSU]
# name 8 = sal11: Salinity, Practical, 2 [PSU]
# name 9 = density00: Density [density, kg/m^3]
# name 10 = sigma-é00: Density [sigma-theta, kg/m^3]
# name 11 = sbox0Mm/Kg: Oxygen, SBE 43 [umol/kg]
# name 12 = sbox1Mm/Kg: Oxygen, SBE 43, 2 [umol/kg]
# name 13 = oxsolMm/Kg: Oxygen Saturation, Garcia & Gordon [umol/kg]
# name 14 = sbeox0PS: Oxygen, SBE 43 [% saturation]
# name 15 = sbeox1PS: Oxygen, SBE 43, 2 [% saturation]
# name 16 = v0: Voltage 0
# name 17 = flECO-AFL: Fluorescence, WET Labs ECO-AFL/FL [mg/m^3]
# name 18 = v1: Voltage 1
# name 19 = CStarAt0: Beam Attenuation, WET Labs C-Star [1/m]
# name 20 = par: PAR/Irradiance, Biospherical/Licor
# name 21 = scan: Scan Count
# name 22 = timeM: Time, Elapsed [minutes]
# name 23 = flag:  0.000e+00
# span 0 =      2.442,     40.356                 
# span 1 =   65.64734,   65.64734                 
# span 2 = -168.27482, -168.27476                 
# span 3 =      2.467,     40.762                 
# span 4 =     2.9949,     6.6692                 
# span 5 =     2.9957,     6.6720                 
# span 6 =     2.9926,     6.6681                 
# span 7 =    28.0364,    32.7355                 
# span 8 =    28.0468,    32.7538                 
# span 9 =  1022.0885,  1026.2646                 
# span 10 =    22.0762,    26.0770                
# span 11 =    256.316,    292.022                
# span 12 =    244.267,    277.453                
# span 13 =  303.23674,  328.20107                
# span 14 =     78.964,     91.936                
# span 15 =     75.199,     87.409                
# span 16 =     0.1062,     0.2979                
# span 17 =     0.2894,     1.4395                
# span 18 =     3.1636,     4.0476                
# span 19 =     0.6083,     1.5943                
# span 20 = 1.0000e-12, 4.2732e-01                
# span 21 =          1,       2989                
# span 22 =     0.0000,     2.0750                
# span 23 = 0.0000e+00, 0.0000e+00                
# interval = seconds: 0.0416667
# start_time = Oct 03 2023 11:11:32 [NMEA time, first data scan]
# bad_flag = -9.990e-29
*END*
[from data line 967]
     13.434   65.64734 -168.27482     13.568     6.6649     6.6659     6.6638    31.5743    31.5826  1024.8272    24.7647    259.865    246.003  303.26467     85.689     81.125     0.1221     0.3846     3.9524     0.7036 1.0000e-12        968     0.6715  0.000e+00
     13.519   65.64734 -168.27482     13.654     6.6647     6.6659     6.6635    31.5748    31.5828  1024.8280    24.7651    259.705    246.003  303.26509     85.636     81.125     0.1209     0.3773     3.9524     0.7036 1.0000e-12        969     0.6722  0.000e+00
     13.488   65.64734 -168.27482     13.622     6.6647     6.6660     6.6636    31.5750    31.5829  1024.8280    24.7653    259.720    245.836  303.26455     85.642     81.070     0.1221     0.3846     3.9524     0.7036 1.0000e-12        970     0.6729  0.000e+00
     13.488   65.64734 -168.27482     13.622     6.6649     6.6658     6.6638    31.5746    31.5831  1024.8277    24.7649    259.722    245.842  303.26397     85.642     81.072     0.1221     0.3846     3.9524     0.7036 1.0000e-12        971     0.6736  0.000e+00
     13.550   65.64734 -168.27482     13.685     6.6649     6.6658     6.6637    31.5750    31.5829  1024.8283    24.7653    259.738    245.843  303.26303     85.648     81.072     0.1221     0.3846     3.9524     0.7036 8.4714e-06        972     0.6743  0.000e+00
     13.550   65.64734 -168.27482     13.685     6.6647     6.6658     6.6635    31.5753    31.5829  1024.8286    24.7655    259.572    245.853  303.26386     85.593     81.075     0.1221     0.3846     3.9524     0.7036 1.0000e-12        973     0.6750  0.000e+00
     13.550   65.64734 -168.27482     13.685     6.6649     6.6656     6.6637    31.5747    31.5830  1024.8280    24.7650    259.586    245.701  303.26387     85.597     81.025     0.1209     0.3773     3.9524     0.7036 1.0000e-12        974     0.6757  0.000e+00
     13.573   65.64734 -168.27482     13.708     6.6649     6.6658     6.6637    31.5748    31.5831  1024.8283    24.7651    259.613    245.699  303.26356     85.606     81.025     0.1221     0.3846     3.9524     0.7036 8.4714e-06        975     0.6764  0.000e+00
     13.604   65.64734 -168.27482     13.739     6.6647     6.6653     6.6635    31.5746    31.5834  1024.8282    24.7649    259.628    245.712  303.26551     85.611     81.029     0.1209     0.3773     3.9524     0.7036 1.0000e-12        976     0.6771  0.000e+00
     13.604   65.64734 -168.27482     13.739     6.6645     6.6654     6.6634    31.5748    31.5829  1024.8284    24.7651    259.653    245.716  303.26609     85.619     81.030     0.1221     0.3846     3.9524     0.7036 8.4714e-06        977     0.6778  0.000e+00
     13.665   65.64734 -168.27482     13.802     6.6642     6.6653     6.6631    31.5749    31.5832  1024.8288    24.7652    259.694    245.558  303.26799     85.632     80.978     0.1221     0.3846     3.9524     0.7036 8.4714e-06        978     0.6785  0.000e+00
     13.604   65.64734 -168.27482     13.739     6.6642     6.6653     6.6631    31.5751    31.5837  1024.8287    24.7654    259.547    245.739  303.26743     85.584     81.037     0.1221     0.3846     3.9475     0.7085 1.0000e-12        979     0.6792  0.000e+00
     13.688   65.64734 -168.27482     13.825     6.6641     6.6653     6.6629    31.5757    31.5836  1024.8296    24.7659    259.558    245.604  303.26734     85.587     80.993     0.1221     0.3846     3.9451     0.7110 1.0000e-12        980     0.6799  0.000e+00
     13.665   65.64734 -168.27482     13.802     6.6644     6.6654     6.6632    31.5753    31.5832  1024.8291    24.7655    259.383    245.634  303.26607     85.530     81.003     0.1209     0.3773     3.9451     0.7110 1.0000e-12        981     0.6806  0.000e+00
     13.665   65.64734 -168.27482     13.802     6.6641     6.6654     6.6629    31.5754    31.5832  1024.8293    24.7657    259.363    245.484  303.26790     85.523     80.953     0.1221     0.3846     3.9451     0.7110 1.0000e-12        982     0.6813  0.000e+00
     13.719   65.64734 -168.27482     13.856     6.6642     6.6651     6.6631    31.5755    31.5836  1024.8296    24.7657    259.355    245.506  303.26662     85.520     80.960     0.1209     0.3773     3.9451     0.7110 8.4714e-06        983     0.6819  0.000e+00
     13.719   65.64734 -168.27482     13.856     6.6639     6.6654     6.6628    31.5759    31.5834  1024.8299    24.7661    259.388    245.517  303.26787     85.531     80.964     0.1221     0.3846     3.9451     0.7110 1.0000e-12        984     0.6826  0.000e+00
     13.719   65.64734 -168.27482     13.856     6.6642     6.6653     6.6631    31.5757    31.5835  1024.8297    24.7659    259.403    245.541  303.26612     85.536     80.972     0.1197     0.3699     3.9451     0.7110 1.0000e-12        985     0.6833  0.000e+00
     13.750   65.64734 -168.27482     13.887     6.6642     6.6653     6.6631    31.5760    31.5840  1024.8301    24.7662    259.404    245.575  303.26540     85.537     80.984     0.1221     0.3846     3.9451     0.7110 1.0000e-12        986     0.6840  0.000e+00
     13.781   65.64734 -168.27482     13.919     6.6642     6.6656     6.6631    31.5757    31.5837  1024.8300    24.7659    259.418    245.601  303.26619     85.541     80.993     0.1221     0.3846     3.9451     0.7110 1.0000e-12        987     0.6847  0.000e+00
     13.781   65.64734 -168.27482     13.919     6.6642     6.6656     6.6631    31.5758    31.5841  1024.8301    24.7660    259.248    245.463  303.26593     85.485     80.947     0.1209     0.3773     3.9451     0.7110 1.0000e-12        988     0.6854  0.000e+00
     13.835   65.64734 -168.27482     13.973     6.6644     6.6656     6.6632    31.5760    31.5839  1024.8305    24.7661    259.258    245.495  303.26440     85.489     80.958     0.1221     0.3846     3.9451     0.7110 1.0000e-12        989     0.6861  0.000e+00
     13.835   65.64734 -168.27482     13.973     6.6642     6.6654     6.6631    31.5762    31.5842  1024.8306    24.7662    259.279    245.519  303.26515     85.496     80.966     0.1221     0.3846     3.9451     0.7110 1.0000e-12        990     0.6868  0.000e+00
     13.804   65.64734 -168.27482     13.942     6.6641     6.6654     6.6629    31.5763    31.5844  1024.8306    24.7664    259.313    245.551  303.26595     85.507     80.976     0.1221     0.3846     3.9451     0.7110 1.0000e-12        991     0.6875  0.000e+00
     13.835   65.64734 -168.27482     13.973     6.6642     6.6653     6.6631    31.5760    31.5845  1024.8305    24.7661    259.524    245.422  303.26549     85.577     80.933     0.1172     0.3553     3.9451     0.7110 8.4714e-06        992     0.6882  0.000e+00
     13.889   65.64734 -168.27482     14.028     6.6644     6.6656     6.6632    31.5763    31.5846  1024.8310    24.7664    259.193    245.458  303.26370     85.468     80.946     0.1172     0.3553     3.9451     0.7110 8.4714e-06        993     0.6889  0.000e+00
     13.889   65.64734 -168.27482     14.028     6.6642     6.6658     6.6631    31.5762    31.5850  1024.8309    24.7663    259.180    245.312  303.26504     85.463     80.898     0.1160     0.3480     3.9451     0.7110 8.4714e-06        994     0.6896  0.000e+00
     13.889   65.64734 -168.27482     14.028     6.6641     6.6658     6.6629    31.5765    31.5850  1024.8312    24.7666    259.177    245.335  303.26537     85.462     80.906     0.1172     0.3553     3.9451     0.7110 1.0000e-12        995     0.6903  0.000e+00
     13.835   65.64734 -168.27482     13.973     6.6642     6.6660     6.6631    31.5770    31.5849  1024.8313    24.7669    259.181    245.347  303.26322     85.464     80.911     0.1172     0.3553     3.9451     0.7110 1.0000e-12        996     0.6910  0.000e+00
     13.974   65.64734 -168.27482     14.113     6.6642     6.6659     6.6631    31.5776    31.5853  1024.8324    24.7673    259.010    245.378  303.26203     85.408     80.921     0.1172     0.3553     3.9451     0.7110 8.4714e-06        997     0.6917  0.000e+00
     13.951   65.64734 -168.27482     14.090     6.6644     6.6660     6.6632    31.5776    31.5857  1024.8323    24.7673    259.013    245.412  303.26092     85.409     80.932     0.1172     0.3553     3.9438     0.7122 1.0000e-12        998     0.6924  0.000e+00
     14.005   65.64734 -168.27482     14.144     6.6644     6.6662     6.6632    31.5779    31.5857  1024.8327    24.7676    259.031    245.266  303.26030     85.415     80.885     0.1172     0.3553     3.9438     0.7122 1.0000e-12        999     0.6931  0.000e+00
     13.951   65.64734 -168.27482     14.090     6.6647     6.6667     6.6635    31.5784    31.5858  1024.8329    24.7680    259.027    245.283  303.25690     85.415     80.891     0.1172     0.3553     3.9438     0.7122 8.4714e-06       1000     0.6937  0.000e+00
     14.005   65.64734 -168.27482     14.144     6.6647     6.6665     6.6635    31.5787    31.5861  1024.8333    24.7682    259.041    245.316  303.25637     85.420     80.902     0.1160     0.3480     3.9438     0.7122 1.0000e-12       1001     0.6944  0.000e+00
     14.036   65.64734 -168.27482     14.176     6.6651     6.6663     6.6639    31.5784    31.5860  1024.8333    24.7679    259.063    245.341  303.25440     85.428     80.910     0.1172     0.3553     3.9438     0.7122 8.4714e-06       1002     0.6951  0.000e+00
     14.005   65.64734 -168.27482     14.144     6.6652     6.6668     6.6640    31.5788    31.5859  1024.8334    24.7682    258.902    245.370  303.25245     85.375     80.920     0.1160     0.3480     3.9438     0.7122 8.4714e-06       1003     0.6958  0.000e+00
     14.120   65.64734 -168.27482     14.261     6.6654     6.6665     6.6642    31.5786    31.5861  1024.8337    24.7680    258.897    245.417  303.25190     85.374     80.935     0.1172     0.3553     3.9438     0.7122 1.0000e-12       1004     0.6965  0.000e+00
     14.066   65.64734 -168.27482     14.207     6.6655     6.6665     6.6643    31.5786    31.5860  1024.8335    24.7680    258.898    245.274  303.25076     85.374     80.888     0.1172     0.3553     3.9438     0.7122 1.0000e-12       1005     0.6972  0.000e+00
     14.066   65.64734 -168.27482     14.207     6.6655     6.6665     6.6643    31.5784    31.5865  1024.8333    24.7678    258.941    245.299  303.25135     85.388     80.896     0.1160     0.3480     3.9438     0.7122 1.0000e-12       1006     0.6979  0.000e+00
     14.151   65.64734 -168.27482     14.293     6.6654     6.6665     6.6642    31.5791    31.5867  1024.8343    24.7684    258.970    245.318  303.25085     85.398     80.903     0.1172     0.3553     3.9438     0.7122 1.0000e-12       1007     0.6986  0.000e+00
     14.120   65.64734 -168.27482     14.261     6.6655     6.6665     6.6643    31.5788    31.5869  1024.8339    24.7682    258.786    245.342  303.25040     85.337     80.911     0.1160     0.3480     3.9438     0.7122 1.0000e-12       1008     0.6993  0.000e+00
     14.182   65.64734 -168.27482     14.324     6.6655     6.6663     6.6643    31.5788    31.5874  1024.8342    24.7682    258.782    245.378  303.25030     85.336     80.923     0.1172     0.3553     3.9438     0.7122 1.0000e-12       1009     0.7000  0.000e+00
     14.182   65.64734 -168.27482     14.324     6.6652     6.6662     6.6640    31.5789    31.5874  1024.8343    24.7683    258.789    245.404  303.25238     85.338     80.931     0.1160     0.3480     3.9438     0.7122 1.0000e-12       1010     0.7007  0.000e+00
     14.182   65.64734 -168.27482     14.324     6.6652     6.6659     6.6640    31.5785    31.5873  1024.8339    24.7679    258.807    245.438  303.25330     85.343     80.942     0.1172     0.3553     3.9438     0.7122 1.0000e-12       1011     0.7014  0.000e+00
     14.205   65.64734 -168.27482     14.347     6.6651     6.6653     6.6638    31.5783    31.5876  1024.8339    24.7678    258.809    245.465  303.25475     85.344     80.949     0.1184     0.3626     3.9438     0.7122 1.0000e-12       1012     0.7021  0.000e+00
     14.236   65.64734 -168.27482     14.378     6.6645     6.6650     6.6633    31.5784    31.5875  1024.8342    24.7679    258.630    245.323  303.25812     85.284     80.902     0.1172     0.3553     3.9438     0.7122 1.0000e-12       1013     0.7028  0.000e+00
     14.290   65.64734 -168.27482     14.433     6.6642     6.6643     6.6630    31.5786    31.5877  1024.8347    24.7682    258.821    245.349  303.25967     85.346     80.909     0.1172     0.3553     3.9438     0.7122 1.0000e-12       1014     0.7035  0.000e+00
     14.290   65.64734 -168.27482     14.433     6.6639     6.6638     6.6627    31.5787    31.5877  1024.8348    24.7683    258.854    245.362  303.26159     85.357     80.913     0.1160     0.3480     3.9438     0.7122 1.0000e-12       1015     0.7042  0.000e+00
     14.290   65.64734 -168.27482     14.433     6.6637     6.6630     6.6625    31.5784    31.5880  1024.8346    24.7681    258.897    245.384  303.26368     85.370     80.919     0.1172     0.3553     3.9438     0.7122 1.0000e-12       1016     0.7049  0.000e+00
     14.321   65.64734 -168.27482     14.464     6.6634     6.6624     6.6622    31.5784    31.5880  1024.8348    24.7682    258.758    245.413  303.26571     85.324     80.927     0.1172     0.3553     3.9438     0.7122 1.0000e-12       1017     0.7056  0.000e+00
     14.352   65.64734 -168.27482     14.495     6.6630     6.6625     6.6618    31.5787    31.5877  1024.8352    24.7684    258.770    245.445  303.26825     85.327     80.938     0.1184     0.3626     3.9438     0.7122 1.0000e-12       1018     0.7063  0.000e+00
     14.352   65.64734 -168.27482     14.495     6.6625     6.6622     6.6613    31.5783    31.5882  1024.8350    24.7682    258.598    245.467  303.27267     85.269     80.945     0.1172     0.3553     3.9426     0.7135 8.4714e-06       1019     0.7069  0.000e+00
     14.406   65.64734 -168.27482     14.550     6.6620     6.6618     6.6607    31.5778    31.5879  1024.8348    24.7678    258.607    245.500  303.27749     85.271     80.955     0.1184     0.3626     3.9402     0.7160 1.0000e-12       1020     0.7076  0.000e+00
     14.406   65.64734 -168.27482     14.550     6.6614     6.6611     6.6601    31.5778    31.5881  1024.8349    24.7679    258.817    245.363  303.28175     85.339     80.908     0.1197     0.3699     3.9402     0.7160 1.0000e-12       1021     0.7083  0.000e+00
     14.468   65.64734 -168.27482     14.612     6.6606     6.6598     6.6593    31.5778    31.5887  1024.8353    24.7680    258.654    245.570  303.28741     85.283     80.975     0.1172     0.3553     3.9402     0.7160 8.4714e-06       1022     0.7090  0.000e+00
     14.437   65.64734 -168.27482     14.581     6.6599     6.6592     6.6587    31.5783    31.5885  1024.8357    24.7685    258.662    245.603  303.29087     85.285     80.984     0.1184     0.3626     3.9402     0.7160 1.0000e-12       1023     0.7097  0.000e+00
     14.522   65.64734 -168.27482     14.666     6.6591     6.6585     6.6579    31.5789    31.5883  1024.8366    24.7691    258.684    245.471  303.29513     85.291     80.939     0.1172     0.3553     3.9414     0.7147 1.0000e-12       1024     0.7104  0.000e+00
     14.522   65.64734 -168.27482     14.666     6.6588     6.6579     6.6576    31.5790    31.5885  1024.8367    24.7691    258.519    245.500  303.29713     85.236     80.948     0.1172     0.3553     3.9402     0.7160 1.0000e-12       1025     0.7111  0.000e+00
     14.468   65.64734 -168.27482     14.612     6.6583     6.6573     6.6571    31.5790    31.5888  1024.8365    24.7692    258.530    245.532  303.30066     85.239     80.957     0.1172     0.3553     3.9402     0.7160 1.0000e-12       1026     0.7118  0.000e+00
