EcoFOCI/data/1_SampleCollection/2023_SikuliaqDBO_CruiseData/CTD_raw_BottleFile_SKQ23-12S/proc/skq202312s_035.ros
* Sea-Bird SBE 9 Data File:
* FileName = D:\CTD\SKQ202312S\SKQ202312S_035.hex
* Software Version Seasave V 7.26.7.121
* Temperature SN = 6177
* Conductivity SN = 0369
* Number of Bytes Per Scan = 41
* Number of Voltage Words = 4
* Number of Scans Averaged by the Deck Unit = 1
* NMEA Latitude = 71 45.08 N
* NMEA Longitude = 154 27.66 W
* NMEA UTC (Time) = Sep 22 2023  01:56:11
* NMEA baud rate = 4800
** Ship: R/V Sikuliaq
** Station Number: 035
** Station Name: BF2
** Bottom Depth: 88
** Operator: SD
# nquan = 22
# nvalues = 441                                   
# units = specified
# name 0 = depSM: Depth [salt water, m]
# name 1 = latitude: Latitude [deg]
# name 2 = longitude: Longitude [deg]
# name 3 = prDM: Pressure, Digiquartz [db]
# name 4 = t090C: Temperature [ITS-90, deg C]
# name 5 = t190C: Temperature, 2 [ITS-90, deg C]
# name 6 = potemp090C: Potential Temperature [ITS-90, deg C]
# name 7 = sal00: Salinity, Practical [PSU]
# name 8 = sal11: Salinity, Practical, 2 [PSU]
# name 9 = density00: Density [density, kg/m^3]
# name 10 = sigma-é00: Density [sigma-theta, kg/m^3]
# name 11 = sbox0Mm/Kg: Oxygen, SBE 43 [umol/kg]
# name 12 = sbox1Mm/Kg: Oxygen, SBE 43, 2 [umol/kg]
# name 13 = oxsolMm/Kg: Oxygen Saturation, Garcia & Gordon [umol/kg]
# name 14 = sbeox0PS: Oxygen, SBE 43 [% saturation]
# name 15 = v0: Voltage 0
# name 16 = flECO-AFL: Fluorescence, WET Labs ECO-AFL/FL [mg/m^3]
# name 17 = CStarAt0: Beam Attenuation, WET Labs C-Star [1/m]
# name 18 = par: PAR/Irradiance, Biospherical/Licor
# name 19 = scan: Scan Count
# name 20 = nbf: Bottles Fired
# name 21 = flag:  0.000e+00
# interval = seconds: 0.0416667
# start_time = Sep 22 2023 02:02:56 [NMEA time, first data scan]
# bad_flag = -9.990e-29
*END*
[from data line 66]
     78.837   71.75104 -154.45996     79.667    -0.9553    -0.9543    -0.9571    32.3300    32.3412  1026.3715    25.9882    319.545    301.595  364.35793     87.701     0.1038     0.2747     0.9985 8.4714e-06       9430          2  0.000e+00
     78.760   71.75104 -154.45996     79.589    -0.9553    -0.9543    -0.9571    32.3304    32.3416  1026.3714    25.9886    319.533    301.610  364.35670     87.698     0.1013     0.2601     1.0052 1.0000e-12       9431          2  0.000e+00
     78.822   71.75104 -154.45996     79.652    -0.9553    -0.9541    -0.9571    32.3303    32.3413  1026.3717    25.9885    319.528    301.630  364.35693     87.696     0.1001     0.2527     1.0065 1.0000e-12       9432          2  0.000e+00
     78.729   71.75104 -154.45996     79.558    -0.9555    -0.9541    -0.9573    32.3303    32.3413  1026.3712    25.9885    319.518    301.417  364.35876     87.693     0.0977     0.2381     1.0065 8.4714e-06       9433          2  0.000e+00
     78.706   71.75104 -154.45996     79.535    -0.9554    -0.9544    -0.9573    32.3304    32.3417  1026.3712    25.9886    319.508    301.630  364.35786     87.691     0.0989     0.2454     1.0052 1.0000e-12       9434          2  0.000e+00
     78.729   71.75104 -154.45996     79.558    -0.9555    -0.9543    -0.9573    32.3303    32.3411  1026.3712    25.9885    319.502    301.420  364.35876     87.689     0.0989     0.2454     1.0052 1.0000e-12       9435          2  0.000e+00
     78.645   71.75104 -154.45996     79.472    -0.9555    -0.9543    -0.9573    32.3307    32.3413  1026.3711    25.9888    319.489    301.401  364.35764     87.686     0.0989     0.2454     1.0052 1.0000e-12       9436          2  0.000e+00
     78.645   71.75104 -154.45996     79.472    -0.9553    -0.9543    -0.9571    32.3302    32.3413  1026.3707    25.9884    319.480    301.417  364.35723     87.683     0.1001     0.2527     1.0065 1.0000e-12       9437          2  0.000e+00
     78.614   71.75104 -154.45996     79.441    -0.9555    -0.9541    -0.9573    32.3305    32.3415  1026.3708    25.9887    319.472    301.400  364.35808     87.681     0.0989     0.2454     1.0052 1.0000e-12       9438          2  0.000e+00
     78.591   71.75104 -154.45996     79.418    -0.9555    -0.9541    -0.9573    32.3306    32.3411  1026.3708    25.9887    319.513    301.386  364.35779     87.692     0.1001     0.2527     1.0052 1.0000e-12       9439          2  0.000e+00
     78.552   71.75104 -154.45996     79.379    -0.9555    -0.9541    -0.9573    32.3306    32.3414  1026.3706    25.9888    319.505    301.369  364.35773     87.690     0.0989     0.2454     1.0052 1.0000e-12       9440          2  0.000e+00
     78.591   71.75104 -154.45996     79.418    -0.9555    -0.9541    -0.9573    32.3308    32.3416  1026.3709    25.9889    319.501    301.356  364.35731     87.689     0.1001     0.2527     1.0052 8.4714e-06       9441          2  0.000e+00
     78.537   71.75104 -154.45996     79.363    -0.9555    -0.9541    -0.9573    32.3307    32.3414  1026.3706    25.9888    319.492    301.566  364.35758     87.687     0.0989     0.2454     1.0052 1.0000e-12       9442          2  0.000e+00
     78.498   71.75104 -154.45996     79.324    -0.9554    -0.9541    -0.9572    32.3308    32.3412  1026.3705    25.9889    319.739    301.548  364.35677     87.754     0.0989     0.2454     1.0052 1.0000e-12       9443          2  0.000e+00
     78.475   71.75104 -154.45996     79.301    -0.9553    -0.9544    -0.9571    32.3308    32.3417  1026.3703    25.9889    319.522    301.562  364.35573     87.695     0.0989     0.2454     1.0052 1.0000e-12       9444          2  0.000e+00
     78.436   71.75104 -154.45996     79.262    -0.9553    -0.9541    -0.9571    32.3301    32.3417  1026.3696    25.9884    319.514    301.602  364.35749     87.692     0.0989     0.2454     1.0052 1.0000e-12       9445          2  0.000e+00
     78.421   71.75104 -154.45996     79.246    -0.9553    -0.9541    -0.9571    32.3306    32.3414  1026.3699    25.9887    319.504    301.387  364.35624     87.690     0.0989     0.2454     1.0065 8.4714e-06       9446          2  0.000e+00
     78.436   71.75104 -154.45996     79.262    -0.9555    -0.9543    -0.9573    32.3308    32.3415  1026.3701    25.9889    319.498    301.370  364.35741     87.688     0.0989     0.2454     1.0052 1.0000e-12       9447          2  0.000e+00
     78.359   71.75104 -154.45996     79.184    -0.9555    -0.9543    -0.9573    32.3305    32.3414  1026.3696    25.9886    319.487    301.348  364.35813     87.685     0.0989     0.2454     1.0052 1.0000e-12       9448          2  0.000e+00
     78.421   71.75104 -154.45996     79.246    -0.9553    -0.9543    -0.9571    32.3305    32.3415  1026.3698    25.9886    319.480    301.557  364.35661     87.683     0.0989     0.2454     1.0052 1.0000e-12       9449          2  0.000e+00
     78.320   71.75104 -154.45996     79.145    -0.9555    -0.9543    -0.9573    32.3301    32.3415  1026.3690    25.9883    319.521    301.563  364.35928     87.694     0.1001     0.2527     1.0078 1.0000e-12       9450          2  0.000e+00
     78.359   71.75104 -154.45996     79.184    -0.9555    -0.9544    -0.9573    32.3303    32.3412  1026.3694    25.9885    319.516    301.576  364.35874     87.693     0.0989     0.2454     1.0118 1.0000e-12       9451          2  0.000e+00
     78.321   71.75104 -154.45996     79.145    -0.9554    -0.9544    -0.9572    32.3304    32.3414  1026.3693    25.9886    319.252    301.388  364.35780     87.621     0.1001     0.2527     1.0132 1.0000e-12       9452          2  0.000e+00
     78.305   71.75104 -154.45996     79.129    -0.9556    -0.9544    -0.9575    32.3309    32.3413  1026.3696    25.9890    319.456    301.365  364.35868     87.676     0.0989     0.2454     1.0132 1.0000e-12       9453          2  0.000e+00
     78.243   71.75104 -154.45996     79.067    -0.9555    -0.9546    -0.9573    32.3306    32.3419  1026.3691    25.9887    319.448    301.567  364.35793     87.674     0.1001     0.2527     1.0132 1.0000e-12       9454          2  0.000e+00
     78.266   71.75104 -154.45996     79.090    -0.9555    -0.9541    -0.9573    32.3307    32.3412  1026.3693    25.9888    319.445    301.573  364.35748     87.673     0.0989     0.2454     1.0132 1.0000e-12       9455          2  0.000e+00
     78.243   71.75104 -154.45996     79.067    -0.9558    -0.9546    -0.9576    32.3307    32.3415  1026.3691    25.9888    318.677    301.582  364.36043     87.462     0.0989     0.2454     1.0132 1.0000e-12       9456          2  0.000e+00
     78.212   71.75104 -154.45996     79.036    -0.9556    -0.9546    -0.9575    32.3304    32.3417  1026.3688    25.9886    319.299    301.586  364.35999     87.633     0.0977     0.2381     1.0132 1.0000e-12       9457          2  0.000e+00
     78.243   71.75104 -154.45996     79.067    -0.9558    -0.9544    -0.9576    32.3305    32.3415  1026.3690    25.9887    319.303    301.590  364.36080     87.634     0.0977     0.2381     1.0132 1.0000e-12       9458          2  0.000e+00
     78.189   71.75104 -154.45996     79.012    -0.9558    -0.9544    -0.9576    32.3308    32.3412  1026.3690    25.9889    319.302    301.591  364.36010     87.634     0.0977     0.2381     1.0118 1.0000e-12       9459          2  0.000e+00
     78.212   71.75104 -154.45996     79.036    -0.9559    -0.9546    -0.9577    32.3305    32.3415  1026.3689    25.9887    319.307    301.594  364.36199     87.634     0.0977     0.2381     1.0132 8.4714e-06       9460          2  0.000e+00
     78.189   71.75104 -154.45996     79.012    -0.9558    -0.9546    -0.9576    32.3307    32.3415  1026.3689    25.9888    319.306    301.593  364.36034     87.635     0.0977     0.2381     1.0132 1.0000e-12       9461          2  0.000e+00
     50.459   71.75102 -154.45914     50.987    -0.2974    -0.3046    -0.2989    32.1972    32.2124  1026.1012    25.8568    326.354    308.327  358.42828     91.052     0.1013     0.2601     0.8676 8.4714e-06      14417          3  0.000e+00
     50.459   71.75102 -154.45914     50.987    -0.2985    -0.3042    -0.2999    32.1980    32.2122  1026.1018    25.8575    326.093    308.345  358.43629     90.977     0.1026     0.2674     0.8676 1.0000e-12      14418          3  0.000e+00
     50.459   71.75102 -154.45914     50.987    -0.2993    -0.3034    -0.3007    32.1990    32.2124  1026.1027    25.8583    326.077    308.328  358.44094     90.971     0.1013     0.2601     0.8676 1.0000e-12      14419          3  0.000e+00
     50.459   71.75102 -154.45914     50.987    -0.2999    -0.3026    -0.3014    32.2002    32.2120  1026.1037    25.8593    326.062    308.343  358.44356     90.966     0.1026     0.2674     0.8676 1.0000e-12      14420          3  0.000e+00
     50.398   71.75102 -154.45914     50.925    -0.2999    -0.3020    -0.3014    32.2012    32.2115  1026.1042    25.8601    326.039    308.360  358.44063     90.961     0.1013     0.2601     0.8676 8.4714e-06      14421          3  0.000e+00
     50.459   71.75102 -154.45914     50.987    -0.2991    -0.3013    -0.3006    32.2021    32.2111  1026.1052    25.8609    326.017    308.351  358.43055     90.957     0.1026     0.2674     0.8676 1.0000e-12      14422          3  0.000e+00
     50.398   71.75102 -154.45914     50.925    -0.2984    -0.3008    -0.2998    32.2025    32.2114  1026.1052    25.8611    325.992    308.337  358.42252     90.952     0.1013     0.2601     0.8676 1.0000e-12      14423          3  0.000e+00
     50.398   71.75102 -154.45914     50.925    -0.2971    -0.2996    -0.2986    32.2014    32.2108  1026.1043    25.8602    325.972    308.320  358.41388     90.948     0.1013     0.2601     0.8689 8.4714e-06      14424          3  0.000e+00
     50.344   71.75102 -154.45914     50.870    -0.2967    -0.2986    -0.2981    32.2013    32.2107  1026.1039    25.8601    325.956    308.302  358.41004     90.945     0.1013     0.2601     0.8689 1.0000e-12      14425          3  0.000e+00
     50.344   71.75102 -154.45914     50.870    -0.2954    -0.2977    -0.2969    32.2008    32.2105  1026.1035    25.8597    325.890    308.288  358.39952     90.929     0.1013     0.2601     0.8676 8.4714e-06      14426          3  0.000e+00
     50.398   71.75102 -154.45914     50.925    -0.2942    -0.2975    -0.2956    32.2000    32.2105  1026.1029    25.8589    325.874    308.283  358.39026     90.927     0.1001     0.2527     0.8676 1.0000e-12      14427          3  0.000e+00
     50.344   71.75102 -154.45914     50.870    -0.2934    -0.2974    -0.2949    32.1999    32.2104  1026.1026    25.8588    325.858    308.054  358.38305     90.925     0.1013     0.2601     0.8676 1.0000e-12      14428          3  0.000e+00
     50.290   71.75102 -154.45914     50.815    -0.2930    -0.2973    -0.2945    32.1995    32.2107  1026.1020    25.8585    325.849    308.016  358.38040     90.923     0.1026     0.2674     0.8689 1.0000e-12      14429          3  0.000e+00
     50.344   71.75102 -154.45914     50.870    -0.2921    -0.2972    -0.2935    32.1994    32.2104  1026.1022    25.8584    325.840    308.205  358.37145     90.923     0.1013     0.2601     0.8676 8.4714e-06      14430          3  0.000e+00
     50.290   71.75102 -154.45914     50.816    -0.2916    -0.2969    -0.2931    32.1996    32.2099  1026.1020    25.8585    325.833    308.198  358.36679     90.922     0.1026     0.2674     0.8689 8.4714e-06      14431          3  0.000e+00
     50.290   71.75102 -154.45914     50.816    -0.2908    -0.2967    -0.2923    32.1991    32.2102  1026.1016    25.8580    325.828    308.222  358.36073     90.922     0.1013     0.2601     0.8676 1.0000e-12      14432          3  0.000e+00
     50.228   71.75102 -154.45914     50.753    -0.2904    -0.2966    -0.2918    32.1993    32.2101  1026.1014    25.8582    325.777    308.216  358.35582     90.909     0.0989     0.2454     0.8676 8.4714e-06      14433          3  0.000e+00
     50.290   71.75102 -154.45914     50.816    -0.2896    -0.2964    -0.2911    32.1989    32.2103  1026.1014    25.8579    325.777    308.214  358.34999     90.910     0.0977     0.2381     0.8689 8.4714e-06      14434          3  0.000e+00
     50.228   71.75102 -154.45914     50.753    -0.2893    -0.2960    -0.2907    32.1991    32.2100  1026.1012    25.8580    325.777    308.205  358.34640     90.911     0.0977     0.2381     0.8689 1.0000e-12      14435          3  0.000e+00
     50.228   71.75102 -154.45914     50.753    -0.2884    -0.2958    -0.2898    32.1985    32.2098  1026.1007    25.8575    325.034    307.982  358.33949     90.706     0.0977     0.2381     0.8689 1.0000e-12      14436          3  0.000e+00
     50.174   71.75102 -154.45914     50.699    -0.2877    -0.2957    -0.2892    32.1985    32.2097  1026.1004    25.8575    325.694    307.948  358.33301     90.891     0.0977     0.2381     0.8676 1.0000e-12      14437          3  0.000e+00
     50.228   71.75102 -154.45914     50.753    -0.2871    -0.2957    -0.2886    32.1982    32.2100  1026.1004    25.8572    325.710    308.171  358.32862     90.897     0.0977     0.2381     0.8676 1.0000e-12      14438          3  0.000e+00
     50.174   71.75102 -154.45914     50.699    -0.2864    -0.2954    -0.2878    32.1977    32.2098  1026.0997    25.8568    325.722    307.978  358.32235     90.902     0.0977     0.2381     0.8689 1.0000e-12      14439          3  0.000e+00
     50.174   71.75102 -154.45914     50.699    -0.2859    -0.2958    -0.2873    32.1971    32.2100  1026.0992    25.8563    325.742    307.956  358.31978     90.908     0.0977     0.2381     0.8676 1.0000e-12      14440          3  0.000e+00
     50.174   71.75102 -154.45914     50.699    -0.2855    -0.2958    -0.2869    32.1970    32.2099  1026.0991    25.8562    325.762    307.963  358.31579     90.915     0.0977     0.2381     0.8676 8.4714e-06      14441          3  0.000e+00
     50.112   71.75102 -154.45914     50.636    -0.2852    -0.2958    -0.2867    32.1972    32.2102  1026.0990    25.8563    325.783    308.157  358.31317     90.921     0.0989     0.2454     0.8676 1.0000e-12      14442          3  0.000e+00
     50.112   71.75102 -154.45914     50.636    -0.2845    -0.2953    -0.2860    32.1970    32.2097  1026.0988    25.8561    325.805    308.191  358.30737     90.929     0.0977     0.2381     0.8689 1.0000e-12      14443          3  0.000e+00
     50.058   71.75102 -154.45914     50.582    -0.2841    -0.2944    -0.2855    32.1968    32.2099  1026.0983    25.8559    325.829    307.969  358.30377     90.937     0.0989     0.2454     0.8689 1.0000e-12      14444          3  0.000e+00
     50.112   71.75102 -154.45914     50.636    -0.2839    -0.2929    -0.2854    32.1961    32.2097  1026.0980    25.8553    325.863    307.938  358.30406     90.946     0.0977     0.2381     0.8689 8.4714e-06      14445          3  0.000e+00
     50.058   71.75102 -154.45914     50.582    -0.2839    -0.2913    -0.2854    32.1960    32.2096  1026.0976    25.8552    326.096    308.122  358.30444     91.011     0.0977     0.2381     0.8689 1.0000e-12      14446          3  0.000e+00
     50.059   71.75102 -154.45914     50.582    -0.2839    -0.2899    -0.2854    32.1957    32.2093  1026.0974    25.8550    325.926    307.901  358.30514     90.963     0.0977     0.2381     0.8689 1.0000e-12      14447          3  0.000e+00
     50.059   71.75102 -154.45914     50.582    -0.2840    -0.2884    -0.2854    32.1955    32.2094  1026.0972    25.8548    325.914    307.869  358.30633     90.960     0.0977     0.2381     0.8689 1.0000e-12      14448          3  0.000e+00
     49.997   71.75102 -154.45914     50.520    -0.2845    -0.2867    -0.2860    32.1961    32.2088  1026.0974    25.8553    326.150    307.836  358.31000     91.025     0.0977     0.2381     0.8689 8.4714e-06      14449          3  0.000e+00
