EcoFOCI/data/1_SampleCollection/2023_SikuliaqDBO_CruiseData/CTD_raw_BottleFile_SKQ23-12S/proc/skq202312s_065svp.cnv
* Sea-Bird SBE 9 Data File:
* FileName = D:\CTD\SKQ202312S\SKQ202312S_065.hex
* Software Version Seasave V 7.26.7.121
* Temperature SN = 6177
* Conductivity SN = 0369
* Number of Bytes Per Scan = 41
* Number of Voltage Words = 4
* Number of Scans Averaged by the Deck Unit = 1
* NMEA Latitude = 72 05.73 N
* NMEA Longitude = 166 38.74 W
* NMEA UTC (Time) = Sep 28 2023  11:45:18
* NMEA baud rate = 4800
** Ship: R/V Sikuliaq
** Station Number: 065
** Station Name: IC0.2
** Bottom Depth: 46
** Operator: Bern
# nquan = 7
# nvalues = 5154                                  
# units = specified
# name 0 = depSM: Depth [salt water, m]
# name 1 = latitude: Latitude [deg]
# name 2 = longitude: Longitude [deg]
# name 3 = t090C: Temperature [ITS-90, deg C]
# name 4 = sal00: Salinity, Practical [PSU]
# name 5 = svCM: Sound Velocity [Chen-Millero, m/s]
# name 6 = flag:  0.000e+00
# span 0 =      2.391,     41.018                 
# span 1 =   72.09544,   72.09544                 
# span 2 = -166.64596, -166.64570                 
# span 3 =    -0.3209,     4.4067                 
# span 4 =    30.8401,    32.3823                 
# span 5 =    1444.73,    1463.61                 
# span 6 = 0.0000e+00, 0.0000e+00                 
# interval = seconds: 0.0416667
# start_time = Sep 28 2023 11:48:51 [NMEA time, first data scan]
# bad_flag = -9.990e-29
*END*
[from data line 2872]
     30.657   72.09544 -166.64580    -0.2590    32.3731    1444.92  0.000e+00
     30.734   72.09544 -166.64580    -0.2599    32.3734    1444.92  0.000e+00
     30.719   72.09544 -166.64580    -0.2608    32.3732    1444.92  0.000e+00
     30.734   72.09544 -166.64580    -0.2618    32.3735    1444.91  0.000e+00
     30.834   72.09544 -166.64580    -0.2623    32.3740    1444.91  0.000e+00
     30.788   72.09544 -166.64580    -0.2623    32.3751    1444.91  0.000e+00
     30.773   72.09544 -166.64580    -0.2615    32.3756    1444.92  0.000e+00
     30.850   72.09544 -166.64580    -0.2608    32.3760    1444.92  0.000e+00
     30.850   72.09544 -166.64580    -0.2602    32.3758    1444.93  0.000e+00
     30.834   72.09544 -166.64580    -0.2593    32.3741    1444.93  0.000e+00
     30.904   72.09544 -166.64580    -0.2589    32.3731    1444.93  0.000e+00
     30.888   72.09544 -166.64580    -0.2584    32.3717    1444.93  0.000e+00
     30.904   72.09544 -166.64580    -0.2587    32.3718    1444.93  0.000e+00
     31.004   72.09544 -166.64580    -0.2587    32.3723    1444.93  0.000e+00
     30.904   72.09544 -166.64580    -0.2589    32.3725    1444.93  0.000e+00
     31.004   72.09544 -166.64580    -0.2590    32.3721    1444.93  0.000e+00
     30.958   72.09544 -166.64580    -0.2589    32.3722    1444.93  0.000e+00
     31.004   72.09544 -166.64580    -0.2587    32.3703    1444.93  0.000e+00
     31.019   72.09544 -166.64580    -0.2591    32.3690    1444.92  0.000e+00
     31.073   72.09544 -166.64580    -0.2597    32.3693    1444.92  0.000e+00
     31.058   72.09544 -166.64580    -0.2602    32.3691    1444.92  0.000e+00
     31.019   72.09544 -166.64580    -0.2606    32.3693    1444.92  0.000e+00
     31.119   72.09544 -166.64580    -0.2610    32.3689    1444.92  0.000e+00
     31.073   72.09544 -166.64580    -0.2612    32.3701    1444.92  0.000e+00
     31.119   72.09544 -166.64580    -0.2613    32.3695    1444.92  0.000e+00
     31.135   72.09544 -166.64580    -0.2618    32.3694    1444.91  0.000e+00
     31.173   72.09544 -166.64580    -0.2616    32.3687    1444.91  0.000e+00
     31.073   72.09544 -166.64580    -0.2615    32.3691    1444.91  0.000e+00
     31.173   72.09544 -166.64580    -0.2613    32.3687    1444.92  0.000e+00
     31.189   72.09544 -166.64580    -0.2613    32.3679    1444.92  0.000e+00
     31.189   72.09544 -166.64580    -0.2615    32.3677    1444.91  0.000e+00
     31.235   72.09544 -166.64580    -0.2616    32.3674    1444.91  0.000e+00
     31.189   72.09544 -166.64580    -0.2621    32.3679    1444.91  0.000e+00
     31.235   72.09544 -166.64580    -0.2624    32.3680    1444.91  0.000e+00
     31.250   72.09544 -166.64580    -0.2627    32.3674    1444.91  0.000e+00
     31.289   72.09544 -166.64580    -0.2632    32.3673    1444.91  0.000e+00
     31.250   72.09544 -166.64580    -0.2633    32.3670    1444.91  0.000e+00
     31.235   72.09544 -166.64580    -0.2635    32.3660    1444.90  0.000e+00
     31.304   72.09544 -166.64580    -0.2640    32.3659    1444.90  0.000e+00
     31.304   72.09544 -166.64580    -0.2641    32.3659    1444.90  0.000e+00
     31.289   72.09544 -166.64580    -0.2644    32.3667    1444.90  0.000e+00
     31.304   72.09544 -166.64580    -0.2648    32.3667    1444.90  0.000e+00
     31.350   72.09544 -166.64580    -0.2652    32.3659    1444.90  0.000e+00
     31.358   72.09544 -166.64580    -0.2652    32.3654    1444.90  0.000e+00
     31.350   72.09544 -166.64580    -0.2655    32.3644    1444.89  0.000e+00
     31.358   72.09544 -166.64580    -0.2656    32.3641    1444.89  0.000e+00
     31.350   72.09544 -166.64580    -0.2659    32.3641    1444.89  0.000e+00
     31.358   72.09544 -166.64580    -0.2663    32.3649    1444.89  0.000e+00
     31.420   72.09544 -166.64580    -0.2667    32.3653    1444.89  0.000e+00
     31.404   72.09544 -166.64580    -0.2667    32.3646    1444.89  0.000e+00
     31.420   72.09544 -166.64580    -0.2667    32.3648    1444.89  0.000e+00
     31.404   72.09544 -166.64580    -0.2669    32.3658    1444.89  0.000e+00
     31.474   72.09544 -166.64580    -0.2669    32.3650    1444.89  0.000e+00
     31.404   72.09544 -166.64580    -0.2668    32.3647    1444.89  0.000e+00
     31.420   72.09544 -166.64580    -0.2672    32.3645    1444.89  0.000e+00
     31.520   72.09544 -166.64580    -0.2676    32.3638    1444.89  0.000e+00
     31.474   72.09544 -166.64580    -0.2674    32.3630    1444.88  0.000e+00
     31.474   72.09544 -166.64580    -0.2673    32.3616    1444.88  0.000e+00
     31.520   72.09544 -166.64580    -0.2678    32.3621    1444.88  0.000e+00
     31.474   72.09544 -166.64580    -0.2682    32.3623    1444.88  0.000e+00
     31.520   72.09544 -166.64580    -0.2688    32.3622    1444.88  0.000e+00
     31.535   72.09544 -166.64580    -0.2689    32.3622    1444.88  0.000e+00
     31.520   72.09544 -166.64580    -0.2690    32.3609    1444.88  0.000e+00
     31.535   72.09544 -166.64580    -0.2701    32.3616    1444.87  0.000e+00
     31.574   72.09544 -166.64580    -0.2701    32.3610    1444.87  0.000e+00
     31.589   72.09544 -166.64580    -0.2712    32.3610    1444.87  0.000e+00
     31.535   72.09544 -166.64580    -0.2717    32.3607    1444.86  0.000e+00
     31.635   72.09544 -166.64580    -0.2722    32.3607    1444.86  0.000e+00
     31.589   72.09544 -166.64580    -0.2724    32.3611    1444.86  0.000e+00
     31.574   72.09544 -166.64580    -0.2724    32.3612    1444.86  0.000e+00
     31.651   72.09544 -166.64580    -0.2729    32.3612    1444.86  0.000e+00
     31.635   72.09544 -166.64580    -0.2731    32.3607    1444.86  0.000e+00
     31.651   72.09544 -166.64580    -0.2735    32.3606    1444.86  0.000e+00
     31.689   72.09544 -166.64580    -0.2736    32.3615    1444.86  0.000e+00
     31.651   72.09544 -166.64580    -0.2739    32.3617    1444.86  0.000e+00
     31.705   72.09544 -166.64580    -0.2739    32.3610    1444.86  0.000e+00
     31.689   72.09544 -166.64580    -0.2744    32.3615    1444.85  0.000e+00
     31.705   72.09544 -166.64580    -0.2744    32.3610    1444.85  0.000e+00
     31.751   72.09544 -166.64580    -0.2748    32.3620    1444.85  0.000e+00
     31.705   72.09544 -166.64580    -0.2750    32.3620    1444.85  0.000e+00
     31.805   72.09544 -166.64580    -0.2755    32.3619    1444.85  0.000e+00
     31.759   72.09544 -166.64580    -0.2753    32.3622    1444.85  0.000e+00
     31.759   72.09544 -166.64580    -0.2753    32.3615    1444.85  0.000e+00
     31.805   72.09544 -166.64580    -0.2752    32.3615    1444.85  0.000e+00
     31.820   72.09544 -166.64580    -0.2755    32.3616    1444.85  0.000e+00
     31.805   72.09544 -166.64580    -0.2751    32.3609    1444.85  0.000e+00
     31.820   72.09544 -166.64580    -0.2752    32.3604    1444.85  0.000e+00
     31.921   72.09544 -166.64580    -0.2753    32.3605    1444.85  0.000e+00
     31.820   72.09544 -166.64580    -0.2756    32.3603    1444.85  0.000e+00
     31.921   72.09544 -166.64580    -0.2762    32.3607    1444.85  0.000e+00
     31.874   72.09544 -166.64580    -0.2767    32.3607    1444.85  0.000e+00
     31.936   72.09544 -166.64580    -0.2767    32.3606    1444.85  0.000e+00
     31.974   72.09544 -166.64580    -0.2769    32.3614    1444.85  0.000e+00
     31.936   72.09544 -166.64580    -0.2769    32.3613    1444.85  0.000e+00
     31.974   72.09544 -166.64580    -0.2770    32.3616    1444.85  0.000e+00
     31.990   72.09544 -166.64580    -0.2769    32.3606    1444.85  0.000e+00
     32.036   72.09544 -166.64580    -0.2770    32.3590    1444.84  0.000e+00
     31.990   72.09544 -166.64580    -0.2778    32.3592    1444.84  0.000e+00
     32.051   72.09544 -166.64580    -0.2784    32.3589    1444.84  0.000e+00
     32.090   72.09544 -166.64580    -0.2791    32.3584    1444.83  0.000e+00
     32.105   72.09544 -166.64580    -0.2795    32.3590    1444.83  0.000e+00
     32.090   72.09544 -166.64580    -0.2797    32.3595    1444.83  0.000e+00
     32.105   72.09544 -166.64580    -0.2801    32.3592    1444.83  0.000e+00
     32.152   72.09544 -166.64580    -0.2805    32.3588    1444.83  0.000e+00
     32.159   72.09544 -166.64580    -0.2808    32.3591    1444.83  0.000e+00
     32.159   72.09544 -166.64580    -0.2813    32.3591    1444.83  0.000e+00
     32.260   72.09544 -166.64580    -0.2816    32.3591    1444.83  0.000e+00
     32.159   72.09544 -166.64580    -0.2818    32.3595    1444.82  0.000e+00
     32.260   72.09544 -166.64580    -0.2818    32.3594    1444.83  0.000e+00
     32.275   72.09544 -166.64580    -0.2824    32.3595    1444.82  0.000e+00
     32.260   72.09544 -166.64580    -0.2822    32.3592    1444.82  0.000e+00
     32.337   72.09544 -166.64580    -0.2827    32.3592    1444.82  0.000e+00
     32.275   72.09544 -166.64580    -0.2829    32.3586    1444.82  0.000e+00
     32.375   72.09544 -166.64580    -0.2830    32.3596    1444.82  0.000e+00
     32.337   72.09544 -166.64580    -0.2830    32.3604    1444.82  0.000e+00
     32.375   72.09544 -166.64580    -0.2829    32.3610    1444.83  0.000e+00
     32.452   72.09544 -166.64580    -0.2825    32.3615    1444.83  0.000e+00
     32.437   72.09544 -166.64580    -0.2824    32.3613    1444.83  0.000e+00
     32.452   72.09544 -166.64580    -0.2824    32.3604    1444.83  0.000e+00
     32.452   72.09544 -166.64580    -0.2820    32.3592    1444.83  0.000e+00
     32.491   72.09544 -166.64580    -0.2824    32.3592    1444.83  0.000e+00
     32.506   72.09544 -166.64580    -0.2824    32.3588    1444.83  0.000e+00
     32.552   72.09544 -166.64580    -0.2824    32.3592    1444.83  0.000e+00
     32.560   72.09544 -166.64580    -0.2822    32.3595    1444.83  0.000e+00
     32.552   72.09544 -166.64580    -0.2824    32.3598    1444.83  0.000e+00
     32.622   72.09544 -166.64580    -0.2821    32.3594    1444.83  0.000e+00
     32.622   72.09544 -166.64580    -0.2821    32.3598    1444.83  0.000e+00
     32.606   72.09544 -166.64580    -0.2816    32.3595    1444.83  0.000e+00
     32.676   72.09544 -166.64580    -0.2820    32.3593    1444.83  0.000e+00
     32.660   72.09544 -166.64580    -0.2817    32.3588    1444.83  0.000e+00
     32.737   72.09544 -166.64580    -0.2818    32.3589    1444.83  0.000e+00
     32.737   72.09544 -166.64580    -0.2816    32.3588    1444.83  0.000e+00
     32.722   72.09544 -166.64580    -0.2816    32.3590    1444.83  0.000e+00
     32.737   72.09544 -166.64580    -0.2816    32.3586    1444.83  0.000e+00
     32.838   72.09544 -166.64580    -0.2816    32.3587    1444.84  0.000e+00
     32.791   72.09544 -166.64580    -0.2817    32.3586    1444.83  0.000e+00
     32.838   72.09544 -166.64580    -0.2814    32.3578    1444.84  0.000e+00
     32.845   72.09544 -166.64580    -0.2813    32.3578    1444.84  0.000e+00
     32.907   72.09544 -166.64580    -0.2813    32.3574    1444.84  0.000e+00
     32.892   72.09544 -166.64580    -0.2814    32.3567    1444.83  0.000e+00
     32.907   72.09544 -166.64580    -0.2815    32.3570    1444.83  0.000e+00
     32.953   72.09544 -166.64580    -0.2814    32.3575    1444.84  0.000e+00
     32.907   72.09544 -166.64580    -0.2814    32.3568    1444.84  0.000e+00
     32.961   72.09544 -166.64580    -0.2814    32.3565    1444.84  0.000e+00
     33.007   72.09544 -166.64580    -0.2814    32.3571    1444.84  0.000e+00
     33.023   72.09544 -166.64580    -0.2815    32.3569    1444.84  0.000e+00
     33.061   72.09544 -166.64580    -0.2818    32.3565    1444.84  0.000e+00
     33.076   72.09544 -166.64580    -0.2822    32.3567    1444.83  0.000e+00
     33.022   72.09544 -166.64580    -0.2821    32.3565    1444.83  0.000e+00
     33.123   72.09544 -166.64580    -0.2825    32.3559    1444.83  0.000e+00
     33.138   72.09544 -166.64580    -0.2829    32.3555    1444.83  0.000e+00
     33.123   72.09544 -166.64580    -0.2834    32.3563    1444.83  0.000e+00
     33.138   72.09544 -166.64580    -0.2836    32.3567    1444.83  0.000e+00
     33.238   72.09544 -166.64580    -0.2836    32.3566    1444.83  0.000e+00
     33.192   72.09544 -166.64580    -0.2835    32.3566    1444.83  0.000e+00
     33.192   72.09544 -166.64580    -0.2835    32.3565    1444.83  0.000e+00
     33.238   72.09544 -166.64580    -0.2835    32.3557    1444.83  0.000e+00
     33.246   72.09544 -166.64580    -0.2839    32.3554    1444.83  0.000e+00
     33.292   72.09544 -166.64580    -0.2847    32.3544    1444.82  0.000e+00
     33.308   72.09544 -166.64580    -0.2853    32.3548    1444.82  0.000e+00
     33.308   72.09544 -166.64580    -0.2861    32.3560    1444.82  0.000e+00
     33.354   72.09544 -166.64580    -0.2866    32.3564    1444.82  0.000e+00
     33.308   72.09544 -166.64580    -0.2867    32.3563    1444.82  0.000e+00
     33.408   72.09544 -166.64580    -0.2870    32.3562    1444.82  0.000e+00
     33.423   72.09544 -166.64580    -0.2871    32.3558    1444.82  0.000e+00
     33.361   72.09544 -166.64580    -0.2875    32.3558    1444.81  0.000e+00
     33.462   72.09544 -166.64580    -0.2875    32.3561    1444.81  0.000e+00
     33.423   72.09544 -166.64582    -0.2879    32.3561    1444.81  0.000e+00
     33.462   72.09544 -166.64582    -0.2879    32.3557    1444.81  0.000e+00
     33.539   72.09544 -166.64582    -0.2882    32.3561    1444.81  0.000e+00
     33.477   72.09544 -166.64582    -0.2882    32.3556    1444.81  0.000e+00
     33.523   72.09544 -166.64582    -0.2886    32.3556    1444.81  0.000e+00
     33.539   72.09544 -166.64582    -0.2888    32.3559    1444.81  0.000e+00
     33.577   72.09544 -166.64582    -0.2891    32.3563    1444.81  0.000e+00
     33.593   72.09544 -166.64582    -0.2891    32.3554    1444.81  0.000e+00
     33.593   72.09544 -166.64582    -0.2893    32.3555    1444.81  0.000e+00
     33.577   72.09544 -166.64582    -0.2896    32.3556    1444.81  0.000e+00
     33.647   72.09544 -166.64582    -0.2893    32.3555    1444.81  0.000e+00
     33.693   72.09544 -166.64582    -0.2895    32.3559    1444.81  0.000e+00
     33.647   72.09544 -166.64582    -0.2895    32.3553    1444.81  0.000e+00
     33.708   72.09544 -166.64582    -0.2895    32.3551    1444.81  0.000e+00
     33.693   72.09544 -166.64582    -0.2897    32.3549    1444.81  0.000e+00
     33.762   72.09544 -166.64582    -0.2902    32.3547    1444.81  0.000e+00
     33.755   72.09544 -166.64582    -0.2907    32.3534    1444.80  0.000e+00
     33.762   72.09544 -166.64582    -0.2913    32.3536    1444.80  0.000e+00
     33.762   72.09544 -166.64582    -0.2918    32.3536    1444.80  0.000e+00
     33.862   72.09544 -166.64582    -0.2923    32.3541    1444.80  0.000e+00
     33.824   72.09544 -166.64582    -0.2928    32.3536    1444.79  0.000e+00
     33.808   72.09544 -166.64582    -0.2935    32.3543    1444.79  0.000e+00
     33.878   72.09544 -166.64582    -0.2942    32.3541    1444.79  0.000e+00
     33.878   72.09544 -166.64582    -0.2947    32.3538    1444.79  0.000e+00
     33.862   72.09544 -166.64582    -0.2952    32.3546    1444.78  0.000e+00
     33.939   72.09544 -166.64582    -0.2956    32.3548    1444.78  0.000e+00
     33.939   72.09544 -166.64582    -0.2962    32.3553    1444.78  0.000e+00
     33.978   72.09544 -166.64582    -0.2961    32.3547    1444.78  0.000e+00
     33.993   72.09544 -166.64582    -0.2962    32.3551    1444.78  0.000e+00
     33.978   72.09544 -166.64582    -0.2965    32.3551    1444.78  0.000e+00
     33.993   72.09544 -166.64582    -0.2969    32.3558    1444.78  0.000e+00
     34.047   72.09544 -166.64582    -0.2963    32.3560    1444.78  0.000e+00
     34.040   72.09544 -166.64582    -0.2962    32.3561    1444.78  0.000e+00
     34.047   72.09544 -166.64582    -0.2961    32.3556    1444.78  0.000e+00
     34.094   72.09544 -166.64582    -0.2961    32.3558    1444.78  0.000e+00
     34.109   72.09544 -166.64582    -0.2954    32.3556    1444.79  0.000e+00
     34.109   72.09544 -166.64582    -0.2950    32.3551    1444.79  0.000e+00
