EcoFOCI/data/1_SampleCollection/2023_SikuliaqDBO_CruiseData/CTD_raw_BottleFile_SKQ23-12S/proc/skq202312s_050.cnv
* Sea-Bird SBE 9 Data File:
* FileName = D:\CTD\SKQ202312S\SKQ202312S_050.hex
* Software Version Seasave V 7.26.7.121
* Temperature SN = 6177
* Conductivity SN = 0369
* Number of Bytes Per Scan = 41
* Number of Voltage Words = 4
* Number of Scans Averaged by the Deck Unit = 1
* NMEA Latitude = 70 34.79 N
* NMEA Longitude = 162 29.45 W
* NMEA UTC (Time) = Sep 26 2023  15:58:50
* NMEA baud rate = 4800
** Ship: R/V Sikuliaq
** Station Number: 050
** Station Name: IC11
** Bottom Depth: 38
** Operator: SD
# nquan = 24
# nvalues = 4614                                  
# units = specified
# name 0 = depSM: Depth [salt water, m]
# name 1 = latitude: Latitude [deg]
# name 2 = longitude: Longitude [deg]
# name 3 = prDM: Pressure, Digiquartz [db]
# name 4 = t090C: Temperature [ITS-90, deg C]
# name 5 = t190C: Temperature, 2 [ITS-90, deg C]
# name 6 = potemp090C: Potential Temperature [ITS-90, deg C]
# name 7 = sal00: Salinity, Practical [PSU]
# name 8 = sal11: Salinity, Practical, 2 [PSU]
# name 9 = density00: Density [density, kg/m^3]
# name 10 = sigma-é00: Density [sigma-theta, kg/m^3]
# name 11 = sbox0Mm/Kg: Oxygen, SBE 43 [umol/kg]
# name 12 = sbox1Mm/Kg: Oxygen, SBE 43, 2 [umol/kg]
# name 13 = oxsolMm/Kg: Oxygen Saturation, Garcia & Gordon [umol/kg]
# name 14 = sbeox0PS: Oxygen, SBE 43 [% saturation]
# name 15 = sbeox1PS: Oxygen, SBE 43, 2 [% saturation]
# name 16 = v0: Voltage 0
# name 17 = flECO-AFL: Fluorescence, WET Labs ECO-AFL/FL [mg/m^3]
# name 18 = v1: Voltage 1
# name 19 = CStarAt0: Beam Attenuation, WET Labs C-Star [1/m]
# name 20 = par: PAR/Irradiance, Biospherical/Licor
# name 21 = scan: Scan Count
# name 22 = timeM: Time, Elapsed [minutes]
# name 23 = flag:  0.000e+00
# span 0 =      2.851,     34.023                 
# span 1 =   70.57986,   70.58002                 
# span 2 = -162.49076, -162.49074                 
# span 3 =      2.880,     34.375                 
# span 4 =     5.4639,     7.5769                 
# span 5 =     5.4654,     7.5814                 
# span 6 =     5.4623,     7.5751                 
# span 7 =    28.5417,    30.9913                 
# span 8 =    28.5550,    31.0027                 
# span 9 =  1022.4049,  1024.5482                 
# span 10 =    22.3910,    24.3894                
# span 11 =    182.588,    292.809                
# span 12 =    173.490,    274.524                
# span 13 =  299.45973,  314.40966                
# span 14 =     58.204,     94.299                
# span 15 =     55.298,     88.360                
# span 16 =     0.0781,     0.2161                
# span 17 =     0.1209,     0.9487                
# span 18 =     2.4799,     4.1111                
# span 19 =     0.5460,     2.5688                
# span 20 = 1.0000e-12, 9.5033e-01                
# span 21 =          1,       4614                
# span 22 =     0.0000,     3.2035                
# span 23 = 0.0000e+00, 0.0000e+00                
# interval = seconds: 0.0416667
# start_time = Sep 26 2023 16:02:32 [NMEA time, first data scan]
# bad_flag = -9.990e-29
*END*
[from data line 3261]
     30.696   70.57998 -162.49076     31.013     5.9551     5.9602     5.9527    30.9156    30.9253  1024.4758    24.3322    197.380    181.533  309.81927     63.708     58.604     0.0830     0.1502     2.5470     2.4619 1.0000e-12       3262     2.2646  0.000e+00
     30.650   70.57998 -162.49076     30.967     5.9566     5.9605     5.9542    30.9198    30.9263  1024.4788    24.3354    197.346    181.675  309.79875     63.701     58.651     0.0830     0.1502     2.5458     2.4638 1.0000e-12       3263     2.2653  0.000e+00
     30.704   70.57998 -162.49076     31.021     5.9579     5.9609     5.9555    30.9207    30.9276  1024.4795    24.3359    197.301    181.664  309.78678     63.689     58.649     0.0818     0.1428     2.5458     2.4638 1.0000e-12       3264     2.2660  0.000e+00
     30.696   70.57998 -162.49076     31.013     5.9589     5.9614     5.9565    30.9199    30.9284  1024.4787    24.3352    197.239    181.820  309.78158     63.670     58.700     0.0830     0.1502     2.5458     2.4638 1.0000e-12       3265     2.2667  0.000e+00
     30.650   70.57998 -162.49076     30.967     5.9594     5.9616     5.9570    30.9198    30.9286  1024.4784    24.3351    197.415    181.804  309.77838     63.728     58.695     0.0830     0.1502     2.5458     2.4638 1.0000e-12       3266     2.2674  0.000e+00
     30.765   70.57998 -162.49076     31.084     5.9598     5.9622     5.9574    30.9201    30.9281  1024.4792    24.3353    197.377    181.797  309.77467     63.716     58.694     0.0830     0.1502     2.5458     2.4638 1.0000e-12       3267     2.2681  0.000e+00
     30.696   70.57998 -162.49076     31.013     5.9602     5.9622     5.9578    30.9198    30.9295  1024.4785    24.3349    197.343    181.936  309.77249     63.706     58.739     0.0818     0.1428     2.5458     2.4638 1.0000e-12       3268     2.2687  0.000e+00
     30.765   70.57998 -162.49076     31.084     5.9603     5.9627     5.9579    30.9198    30.9313  1024.4788    24.3349    197.495    181.919  309.77143     63.755     58.735     0.0830     0.1502     2.5458     2.4638 1.0000e-12       3269     2.2694  0.000e+00
     30.750   70.57998 -162.49076     31.068     5.9607     5.9628     5.9583    30.9214    30.9331  1024.4800    24.3362    197.450    181.890  309.76509     63.742     58.727     0.0818     0.1428     2.5458     2.4638 1.0000e-12       3270     2.2701  0.000e+00
     30.765   70.57998 -162.49076     31.084     5.9609     5.9628     5.9585    30.9226    30.9346  1024.4810    24.3371    197.417    181.870  309.76087     63.732     58.721     0.0830     0.1502     2.5458     2.4638 1.0000e-12       3271     2.2708  0.000e+00
     30.819   70.57998 -162.49076     31.138     5.9613     5.9632     5.9589    30.9239    30.9357  1024.4822    24.3380    197.364    181.858  309.75495     63.716     58.718     0.0830     0.1502     2.5458     2.4638 1.0000e-12       3272     2.2715  0.000e+00
     30.812   70.57998 -162.49076     31.130     5.9613     5.9635     5.9589    30.9256    30.9374  1024.4835    24.3394    197.432    181.832  309.75107     63.739     58.711     0.0830     0.1502     2.5458     2.4638 8.4714e-06       3273     2.2722  0.000e+00
     30.819   70.57998 -162.49076     31.138     5.9618     5.9635     5.9594    30.9264    30.9373  1024.4841    24.3399    197.396    181.980  309.74595     63.728     58.758     0.0830     0.1502     2.5458     2.4638 1.0000e-12       3274     2.2729  0.000e+00
     30.819   70.57998 -162.49076     31.138     5.9617     5.9635     5.9593    30.9277    30.9368  1024.4852    24.3410    197.372    181.955  309.74320     63.721     58.750     0.0830     0.1502     2.5458     2.4638 8.4714e-06       3275     2.2736  0.000e+00
     30.812   70.57998 -162.49076     31.130     5.9621     5.9635     5.9597    30.9279    30.9365  1024.4852    24.3411    197.528    181.938  309.73988     63.772     58.744     0.0842     0.1575     2.5458     2.4638 1.0000e-12       3276     2.2743  0.000e+00
     30.881   70.57998 -162.49076     31.200     5.9620     5.9633     5.9596    30.9287    30.9362  1024.4862    24.3417    197.498    182.091  309.73920     63.763     58.794     0.0830     0.1502     2.5458     2.4638 1.0000e-12       3277     2.2750  0.000e+00
     30.881   70.57998 -162.49076     31.200     5.9623     5.9633     5.9599    30.9292    30.9358  1024.4866    24.3421    197.476    181.891  309.73572     63.756     58.729     0.0830     0.1502     2.5458     2.4638 8.4714e-06       3278     2.2757  0.000e+00
     30.866   70.57998 -162.49076     31.185     5.9623     5.9633     5.9599    30.9294    30.9356  1024.4866    24.3423    197.437    182.020  309.73493     63.744     58.770     0.0818     0.1428     2.5458     2.4638 1.0000e-12       3279     2.2764  0.000e+00
     30.881   70.57998 -162.49076     31.200     5.9626     5.9633     5.9602    30.9293    30.9365  1024.4866    24.3422    197.579    181.994  309.73319     63.790     58.762     0.0830     0.1502     2.5458     2.4638 1.0000e-12       3280     2.2771  0.000e+00
     30.866   70.57998 -162.49076     31.185     5.9627     5.9636     5.9603    30.9293    30.9375  1024.4865    24.3421    197.362    181.955  309.73221     63.720     58.751     0.0818     0.1428     2.5421     2.4695 8.4714e-06       3281     2.2778  0.000e+00
     30.935   70.57998 -162.49076     31.255     5.9626     5.9636     5.9602    30.9302    30.9390  1024.4875    24.3428    197.501    181.909  309.73127     63.765     58.737     0.0830     0.1502     2.5311     2.4869 8.4714e-06       3282     2.2785  0.000e+00
     30.935   70.57998 -162.49076     31.255     5.9629     5.9636     5.9604    30.9304    30.9401  1024.4877    24.3430    197.448    182.049  309.72884     63.749     58.782     0.0818     0.1428     2.5275     2.4927 8.4714e-06       3283     2.2792  0.000e+00
     30.927   70.57998 -162.49076     31.247     5.9631     5.9638     5.9606    30.9307    30.9414  1024.4879    24.3432    197.407    182.036  309.72666     63.736     58.779     0.0818     0.1428     2.5275     2.4927 8.4714e-06       3284     2.2799  0.000e+00
     30.997   70.57998 -162.49076     31.317     5.9627     5.9640     5.9603    30.9313    30.9423  1024.4887    24.3437    197.384    182.015  309.72754     63.728     58.773     0.0806     0.1355     2.5287     2.4907 1.0000e-12       3285     2.2806  0.000e+00
     30.997   70.57998 -162.49076     31.317     5.9627     5.9638     5.9603    30.9318    30.9431  1024.4891    24.3441    197.312    181.984  309.72634     63.705     58.763     0.0818     0.1428     2.5287     2.4907 8.4714e-06       3286     2.2813  0.000e+00
     30.981   70.57998 -162.49076     31.302     5.9629     5.9638     5.9604    30.9318    30.9435  1024.4890    24.3441    197.422    181.942  309.72562     63.741     58.749     0.0818     0.1428     2.5287     2.4907 1.0000e-12       3287     2.2819  0.000e+00
     30.997   70.57998 -162.49076     31.317     5.9629     5.9640     5.9605    30.9326    30.9435  1024.4897    24.3447    197.374    182.090  309.72357     63.726     58.797     0.0818     0.1428     2.5287     2.4907 1.0000e-12       3288     2.2826  0.000e+00
     31.035   70.57998 -162.49076     31.356     5.9629     5.9643     5.9605    30.9349    30.9433  1024.4917    24.3465    197.308    182.066  309.71828     63.706     58.790     0.0818     0.1428     2.5287     2.4907 8.4714e-06       3289     2.2833  0.000e+00
     30.997   70.57998 -162.49076     31.317     5.9629     5.9640     5.9605    30.9370    30.9447  1024.4932    24.3482    197.252    182.051  309.71342     63.689     58.785     0.0818     0.1428     2.5287     2.4907 1.0000e-12       3290     2.2840  0.000e+00
     31.051   70.57998 -162.49076     31.372     5.9630     5.9643     5.9606    30.9384    30.9463  1024.4945    24.3493    197.185    182.025  309.70951     63.668     58.778     0.0818     0.1428     2.5287     2.4907 8.4714e-06       3291     2.2847  0.000e+00
     31.097   70.57998 -162.49076     31.418     5.9633     5.9643     5.9608    30.9391    30.9478  1024.4953    24.3498    197.132    181.992  309.70600     63.651     58.768     0.0830     0.1502     2.5287     2.4907 1.0000e-12       3292     2.2854  0.000e+00
     31.051   70.57998 -162.49076     31.372     5.9636     5.9642     5.9611    30.9392    30.9478  1024.4951    24.3499    197.261    181.950  309.70342     63.694     58.754     0.0818     0.1428     2.5287     2.4907 8.4714e-06       3293     2.2861  0.000e+00
     31.105   70.57998 -162.49076     31.426     5.9633     5.9645     5.9608    30.9396    30.9471  1024.4957    24.3502    197.210    182.080  309.70489     63.677     58.796     0.0818     0.1428     2.5287     2.4907 8.4714e-06       3294     2.2868  0.000e+00
     31.097   70.57998 -162.49076     31.418     5.9636     5.9643     5.9611    30.9403    30.9479  1024.4962    24.3507    196.571    182.056  309.70098     63.471     58.789     0.0818     0.1428     2.5287     2.4907 8.4714e-06       3295     2.2875  0.000e+00
     31.105   70.57998 -162.49076     31.426     5.9633     5.9646     5.9609    30.9412    30.9490  1024.4970    24.3515    197.033    182.021  309.70067     63.621     58.778     0.0818     0.1428     2.5287     2.4907 1.0000e-12       3296     2.2882  0.000e+00
     31.166   70.57998 -162.49076     31.489     5.9636     5.9645     5.9611    30.9415    30.9500  1024.4975    24.3517    196.999    182.000  309.69813     63.610     58.772     0.0818     0.1428     2.5287     2.4907 8.4714e-06       3297     2.2889  0.000e+00
     31.097   70.57998 -162.49076     31.418     5.9634     5.9645     5.9610    30.9422    30.9514  1024.4977    24.3523    197.148    181.985  309.69764     63.658     58.767     0.0818     0.1428     2.5287     2.4907 1.0000e-12       3298     2.2896  0.000e+00
     31.166   70.57998 -162.49076     31.489     5.9636     5.9646     5.9611    30.9424    30.9523  1024.4982    24.3524    197.116    181.965  309.69615     63.648     58.762     0.0818     0.1428     2.5275     2.4927 8.4714e-06       3299     2.2903  0.000e+00
     31.213   70.57998 -162.49076     31.535     5.9637     5.9648     5.9612    30.9444    30.9535  1024.4999    24.3540    197.066    181.757  309.69086     63.633     58.695     0.0818     0.1428     2.5287     2.4907 8.4714e-06       3300     2.2910  0.000e+00
     31.166   70.57998 -162.49076     31.489     5.9639     5.9648     5.9614    30.9460    30.9535  1024.5009    24.3552    197.029    181.884  309.68580     63.622     58.736     0.0806     0.1355     2.5275     2.4927 8.4714e-06       3301     2.2917  0.000e+00
     31.220   70.57998 -162.49076     31.543     5.9639     5.9648     5.9614    30.9465    30.9533  1024.5016    24.3556    196.985    181.843  309.68465     63.608     58.723     0.0818     0.1428     2.5177     2.5082 1.0000e-12       3302     2.2924  0.000e+00
     31.267   70.57998 -162.49076     31.590     5.9639     5.9648     5.9614    30.9465    30.9533  1024.5018    24.3556    196.958    181.795  309.68453     63.599     58.708     0.0818     0.1428     2.5140     2.5140 8.4714e-06       3303     2.2931  0.000e+00
     31.220   70.57998 -162.49076     31.543     5.9641     5.9646     5.9617    30.9467    30.9541  1024.5017    24.3557    196.915    181.737  309.68221     63.586     58.689     0.0842     0.1575     2.5140     2.5140 1.0000e-12       3304     2.2938  0.000e+00
     31.220   70.57998 -162.49076     31.543     5.9640     5.9648     5.9616    30.9470    30.9547  1024.5019    24.3559    196.863    181.690  309.68240     63.569     58.674     0.0842     0.1575     2.5140     2.5140 8.4714e-06       3305     2.2944  0.000e+00
     31.328   70.57998 -162.49076     31.652     5.9640     5.9648     5.9616    30.9469    30.9551  1024.5024    24.3559    197.000    181.640  309.68251     63.614     58.658     0.0842     0.1575     2.5140     2.5140 1.0000e-12       3306     2.2951  0.000e+00
     31.282   70.57998 -162.49076     31.605     5.9640     5.9648     5.9616    30.9471    30.9550  1024.5024    24.3561    196.781    181.599  309.68203     63.543     58.645     0.0842     0.1575     2.5140     2.5140 1.0000e-12       3307     2.2958  0.000e+00
     31.282   70.57998 -162.49076     31.605     5.9641     5.9649     5.9617    30.9467    30.9551  1024.5020    24.3557    196.922    181.552  309.68228     63.588     58.630     0.0842     0.1575     2.5140     2.5140 1.0000e-12       3308     2.2965  0.000e+00
     31.328   70.57998 -162.49076     31.652     5.9642     5.9648     5.9617    30.9471    30.9557  1024.5025    24.3560    196.881    181.520  309.68104     63.575     58.620     0.0842     0.1575     2.5140     2.5140 1.0000e-12       3309     2.2972  0.000e+00
     31.336   70.57998 -162.49076     31.660     5.9642     5.9649     5.9617    30.9477    30.9561  1024.5031    24.3565    197.026    181.480  309.67958     63.622     58.607     0.0842     0.1575     2.5140     2.5140 1.0000e-12       3310     2.2979  0.000e+00
     31.336   70.57998 -162.49076     31.660     5.9639     5.9651     5.9614    30.9481    30.9568  1024.5034    24.3569    196.819    181.415  309.68082     63.556     58.587     0.0830     0.1502     2.5140     2.5140 1.0000e-12       3311     2.2986  0.000e+00
     31.328   70.57998 -162.49076     31.652     5.9643     5.9649     5.9618    30.9484    30.9577  1024.5035    24.3570    196.968    181.544  309.67733     63.604     58.629     0.0842     0.1575     2.5140     2.5140 1.0000e-12       3312     2.2993  0.000e+00
     31.336   70.57998 -162.49076     31.660     5.9642     5.9651     5.9617    30.9487    30.9581  1024.5038    24.3573    196.938    181.326  309.67735     63.594     58.558     0.0830     0.1502     2.5140     2.5140 1.0000e-12       3313     2.3000  0.000e+00
     31.436   70.57998 -162.49076     31.761     5.9642     5.9651     5.9617    30.9492    30.9578  1024.5047    24.3577    196.897    181.286  309.67616     63.582     58.546     0.0842     0.1575     2.5140     2.5140 1.0000e-12       3314     2.3007  0.000e+00
     31.390   70.57998 -162.49076     31.714     5.9643     5.9651     5.9619    30.9523    30.9586  1024.5069    24.3601    196.865    181.237  309.66784     63.573     58.530     0.0830     0.1502     2.5140     2.5140 8.4714e-06       3315     2.3014  0.000e+00
     31.452   70.57998 -162.49076     31.777     5.9647     5.9654     5.9622    30.9556    30.9586  1024.5098    24.3627    196.825    181.186  309.65763     63.562     58.514     0.0842     0.1575     2.5140     2.5140 8.4714e-06       3316     2.3021  0.000e+00
     31.436   70.57998 -162.49076     31.761     5.9653     5.9653     5.9628    30.9577    30.9589  1024.5113    24.3642    196.971    181.149  309.64895     63.611     58.502     0.0842     0.1575     2.5140     2.5140 8.4714e-06       3317     2.3028  0.000e+00
     31.452   70.57998 -162.49076     31.777     5.9656     5.9653     5.9631    30.9579    30.9588  1024.5115    24.3644    196.372    181.108  309.64583     63.418     58.489     0.0842     0.1575     2.5140     2.5140 8.4714e-06       3318     2.3035  0.000e+00
     31.506   70.57998 -162.49076     31.831     5.9658     5.9654     5.9633    30.9591    30.9590  1024.5126    24.3653    197.074    181.064  309.64165     63.646     58.475     0.0855     0.1648     2.5140     2.5140 1.0000e-12       3319     2.3042  0.000e+00
     31.498   70.57998 -162.49076     31.824     5.9661     5.9656     5.9636    30.9601    30.9592  1024.5134    24.3661    196.882    181.014  309.63705     63.585     58.459     0.0842     0.1575     2.5140     2.5140 1.0000e-12       3320     2.3049  0.000e+00
