EcoFOCI/data/1_SampleCollection/2023_SikuliaqDBO_CruiseData/CTD_raw_BottleFile_SKQ23-12S/proc/skq202312s_035.cnv
* Sea-Bird SBE 9 Data File:
* FileName = D:\CTD\SKQ202312S\SKQ202312S_035.hex
* Software Version Seasave V 7.26.7.121
* Temperature SN = 6177
* Conductivity SN = 0369
* Number of Bytes Per Scan = 41
* Number of Voltage Words = 4
* Number of Scans Averaged by the Deck Unit = 1
* NMEA Latitude = 71 45.08 N
* NMEA Longitude = 154 27.66 W
* NMEA UTC (Time) = Sep 22 2023  01:56:11
* NMEA baud rate = 4800
** Ship: R/V Sikuliaq
** Station Number: 035
** Station Name: BF2
** Bottom Depth: 88
** Operator: SD
# nquan = 24
# nvalues = 9209                                  
# units = specified
# name 0 = depSM: Depth [salt water, m]
# name 1 = latitude: Latitude [deg]
# name 2 = longitude: Longitude [deg]
# name 3 = prDM: Pressure, Digiquartz [db]
# name 4 = t090C: Temperature [ITS-90, deg C]
# name 5 = t190C: Temperature, 2 [ITS-90, deg C]
# name 6 = potemp090C: Potential Temperature [ITS-90, deg C]
# name 7 = sal00: Salinity, Practical [PSU]
# name 8 = sal11: Salinity, Practical, 2 [PSU]
# name 9 = density00: Density [density, kg/m^3]
# name 10 = sigma-é00: Density [sigma-theta, kg/m^3]
# name 11 = sbox0Mm/Kg: Oxygen, SBE 43 [umol/kg]
# name 12 = sbox1Mm/Kg: Oxygen, SBE 43, 2 [umol/kg]
# name 13 = oxsolMm/Kg: Oxygen Saturation, Garcia & Gordon [umol/kg]
# name 14 = sbeox0PS: Oxygen, SBE 43 [% saturation]
# name 15 = sbeox1PS: Oxygen, SBE 43, 2 [% saturation]
# name 16 = v0: Voltage 0
# name 17 = flECO-AFL: Fluorescence, WET Labs ECO-AFL/FL [mg/m^3]
# name 18 = v1: Voltage 1
# name 19 = CStarAt0: Beam Attenuation, WET Labs C-Star [1/m]
# name 20 = par: PAR/Irradiance, Biospherical/Licor
# name 21 = scan: Scan Count
# name 22 = timeM: Time, Elapsed [minutes]
# name 23 = flag:  0.000e+00
# span 0 =      1.841,     79.392                 
# span 1 =   71.75104,   71.75126                 
# span 2 = -154.46116, -154.46000                 
# span 3 =      1.860,     80.228                 
# span 4 =    -0.9625,     4.2018                 
# span 5 =    -0.9608,     4.2135                 
# span 6 =    -0.9642,     4.2009                 
# span 7 =    28.0118,    32.3375                 
# span 8 =    28.0220,    32.3469                 
# span 9 =  1022.2317,  1026.3748                 
# span 10 =    22.2206,    25.9937                
# span 11 =    307.521,    349.027                
# span 12 =    293.031,    331.623                
# span 13 =  324.76479,  364.44344                
# span 14 =     87.323,    103.853                
# span 15 =     81.604,     97.675                
# span 16 =     0.0781,     0.2405                
# span 17 =     0.1209,     1.0952                
# span 18 =     2.9011,     3.9878                
# span 19 =     0.6679,     1.9409                
# span 20 = 1.0000e-12, 8.6210e+01                
# span 21 =          1,       9209                
# span 22 =     0.0000,     6.3944                
# span 23 = 0.0000e+00, 0.0000e+00                
# interval = seconds: 0.0416667
# start_time = Sep 22 2023 02:02:56 [NMEA time, first data scan]
# bad_flag = -9.990e-29
*END*
[from data line 665]
      4.760   71.75126 -154.46114      4.809     4.1345     4.1358     4.1342    28.0139    28.0257  1022.2448    22.2221    316.568    301.577  330.71126     95.723     91.201     0.2332     1.0513     3.7265     0.9391 3.3827e+01        666     0.4618  0.000e+00
      4.814   71.75126 -154.46114      4.864     4.1345     4.1358     4.1342    28.0138    28.0254  1022.2449    22.2220    316.390    301.609  330.71159     95.669     91.211     0.2332     1.0513     3.7265     0.9391 3.3732e+01        667     0.4625  0.000e+00
      4.814   71.75126 -154.46114      4.864     4.1343     4.1358     4.1340    28.0139    28.0257  1022.2450    22.2222    316.359    301.636  330.71253     95.660     91.219     0.2344     1.0586     3.7253     0.9404 3.3637e+01        668     0.4632  0.000e+00
      4.814   71.75126 -154.46114      4.864     4.1345     4.1358     4.1342    28.0136    28.0257  1022.2447    22.2219    316.361    301.662  330.71213     95.661     91.227     0.2320     1.0439     3.7265     0.9391 3.3637e+01        669     0.4639  0.000e+00
      4.876   71.75126 -154.46114      4.926     4.1343     4.1358     4.1340    28.0134    28.0252  1022.2449    22.2218    316.335    301.689  330.71378     95.652     91.235     0.2332     1.0513     3.7265     0.9391 3.3447e+01        670     0.4646  0.000e+00
      4.791   71.75126 -154.46114      4.841     4.1342     4.1358     4.1339    28.0138    28.0249  1022.2449    22.2221    316.336    301.710  330.71408     95.652     91.241     0.2320     1.0439     3.7265     0.9391 3.3353e+01        671     0.4653  0.000e+00
      4.876   71.75126 -154.46114      4.926     4.1343     4.1358     4.1340    28.0139    28.0249  1022.2453    22.2221    316.559    301.733  330.71269     95.720     91.248     0.2332     1.0513     3.7265     0.9391 3.3353e+01        672     0.4660  0.000e+00
      4.814   71.75126 -154.46114      4.864     4.1342     4.1355     4.1339    28.0138    28.0250  1022.2450    22.2221    316.347    301.752  330.71402     95.656     91.253     0.2320     1.0439     3.7265     0.9391 3.3259e+01        673     0.4667  0.000e+00
      4.814   71.75126 -154.46114      4.864     4.1344     4.1357     4.1341    28.0138    28.0242  1022.2449    22.2221    316.419    301.769  330.71240     95.678     91.258     0.2332     1.0513     3.7265     0.9391 3.3165e+01        674     0.4674  0.000e+00
      4.876   71.75126 -154.46114      4.926     4.1345     4.1355     4.1342    28.0134    28.0242  1022.2449    22.2217    316.397    301.981  330.71266     95.671     91.322     0.2332     1.0513     3.7265     0.9391 3.3165e+01        675     0.4681  0.000e+00
      4.814   71.75126 -154.46114      4.864     4.1340     4.1354     4.1337    28.0139    28.0241  1022.2450    22.2221    316.407    301.992  330.71523     95.674     91.325     0.2332     1.0513     3.7265     0.9391 3.2979e+01        676     0.4688  0.000e+00
      4.876   71.75126 -154.46114      4.926     4.1343     4.1356     4.1340    28.0139    28.0240  1022.2453    22.2221    316.384    301.829  330.71260     95.667     91.276     0.2332     1.0513     3.7265     0.9391 3.2979e+01        677     0.4694  0.000e+00
      4.814   71.75126 -154.46114      4.864     4.1342     4.1352     4.1339    28.0141    28.0242  1022.2452    22.2223    316.359    301.815  330.71347     95.659     91.271     0.2295     1.0293     3.7265     0.9391 3.2979e+01        678     0.4701  0.000e+00
      4.876   71.75126 -154.46114      4.926     4.1343     4.1354     4.1340    28.0139    28.0242  1022.2453    22.2221    316.552    301.820  330.71260     95.718     91.273     0.2295     1.0293     3.7265     0.9391 3.2979e+01        679     0.4708  0.000e+00
      4.814   71.75126 -154.46114      4.864     4.1343     4.1352     4.1340    28.0141    28.0242  1022.2452    22.2223    316.342    302.015  330.71208     95.655     91.332     0.2283     1.0220     3.7277     0.9377 3.2979e+01        680     0.4715  0.000e+00
      4.814   71.75126 -154.46114      4.864     4.1343     4.1354     4.1340    28.0145    28.0242  1022.2455    22.2226    316.351    302.035  330.71108     95.658     91.338     0.2295     1.0293     3.7265     0.9391 3.2979e+01        681     0.4722  0.000e+00
      4.876   71.75126 -154.46114      4.926     4.1345     4.1356     4.1342    28.0143    28.0238  1022.2456    22.2225    316.544    302.033  330.71030     95.717     91.338     0.2283     1.0220     3.7265     0.9391 3.3165e+01        682     0.4729  0.000e+00
      4.814   71.75126 -154.46114      4.864     4.1346     4.1354     4.1344    28.0142    28.0242  1022.2452    22.2223    316.515    302.047  330.70938     95.708     91.342     0.2295     1.0293     3.7265     0.9391 3.3165e+01        683     0.4736  0.000e+00
      4.876   71.75126 -154.46114      4.926     4.1345     4.1354     4.1342    28.0139    28.0241  1022.2453    22.2222    316.344    302.040  330.71121     95.656     91.339     0.2283     1.0220     3.7265     0.9391 3.3259e+01        684     0.4743  0.000e+00
      4.814   71.75126 -154.46114      4.864     4.1346     4.1355     4.1344    28.0136    28.0237  1022.2448    22.2219    316.564    302.024  330.71065     95.722     91.334     0.2295     1.0293     3.7265     0.9391 3.3259e+01        685     0.4750  0.000e+00
      4.876   71.75126 -154.46114      4.926     4.1343     4.1352     4.1340    28.0139    28.0238  1022.2453    22.2221    316.395    302.034  330.71260     95.671     91.337     0.2283     1.0220     3.7265     0.9391 3.3353e+01        686     0.4757  0.000e+00
      4.814   71.75126 -154.46114      4.864     4.1345     4.1355     4.1342    28.0136    28.0236  1022.2447    22.2219    316.616    302.032  330.71213     95.738     91.337     0.2295     1.0293     3.7265     0.9391 3.3447e+01        687     0.4764  0.000e+00
      4.814   71.75126 -154.46114      4.864     4.1343     4.1352     4.1340    28.0138    28.0243  1022.2450    22.2221    316.625    302.033  330.71271     95.740     91.337     0.2308     1.0366     3.7265     0.9391 3.3447e+01        688     0.4771  0.000e+00
      4.814   71.75126 -154.46114      4.864     4.1345     4.1352     4.1342    28.0141    28.0240  1022.2452    22.2223    316.665    302.009  330.71068     95.753     91.329     0.2283     1.0220     3.7265     0.9391 3.3542e+01        689     0.4778  0.000e+00
      4.814   71.75126 -154.46114      4.864     4.1345     4.1352     4.1342    28.0140    28.0241  1022.2451    22.2222    316.491    301.980  330.71114     95.700     91.321     0.2295     1.0293     3.7265     0.9391 3.3542e+01        690     0.4785  0.000e+00
      4.760   71.75126 -154.46114      4.809     4.1346     4.1354     4.1344    28.0141    28.0243  1022.2449    22.2223    316.497    301.966  330.70959     95.702     91.317     0.2283     1.0220     3.7265     0.9391 3.3542e+01        691     0.4792  0.000e+00
      4.814   71.75126 -154.46114      4.864     4.1346     4.1355     4.1344    28.0142    28.0246  1022.2452    22.2223    316.510    301.954  330.70938     95.706     91.314     0.2295     1.0293     3.7265     0.9391 3.3637e+01        692     0.4799  0.000e+00
      4.760   71.75126 -154.46114      4.809     4.1346     4.1358     4.1344    28.0143    28.0246  1022.2451    22.2225    316.519    301.935  330.70895     95.709     91.309     0.2283     1.0220     3.7265     0.9391 3.3732e+01        693     0.4806  0.000e+00
      4.814   71.75126 -154.46114      4.864     4.1345     4.1355     4.1342    28.0141    28.0248  1022.2452    22.2223    316.503    301.921  330.71068     95.704     91.304     0.2295     1.0293     3.7265     0.9391 3.3732e+01        694     0.4813  0.000e+00
      4.644   71.75126 -154.46114      4.692     4.1346     4.1358     4.1344    28.0138    28.0248  1022.2441    22.2220    316.475    302.084  330.71037     95.695     91.354     0.2283     1.0220     3.7265     0.9391 3.3923e+01        695     0.4819  0.000e+00
      4.852   71.75126 -154.46114      4.903     4.1346     4.1357     4.1344    28.0138    28.0247  1022.2451    22.2221    316.678    302.091  330.71024     95.757     91.356     0.2295     1.0293     3.7265     0.9391 3.4018e+01        696     0.4826  0.000e+00
      4.760   71.75126 -154.46114      4.809     4.1345     4.1354     4.1342    28.0141    28.0249  1022.2449    22.2223    316.470    302.083  330.71080     95.694     91.353     0.2283     1.0220     3.7265     0.9391 3.4018e+01        697     0.4833  0.000e+00
      4.706   71.75126 -154.46114      4.755     4.1348     4.1356     4.1345    28.0136    28.0245  1022.2443    22.2219    316.479    301.877  330.70940     95.697     91.291     0.2295     1.0293     3.7265     0.9391 3.4211e+01        698     0.4840  0.000e+00
      4.760   71.75126 -154.46114      4.809     4.1345     4.1352     4.1342    28.0136    28.0243  1022.2445    22.2219    316.463    302.065  330.71207     95.692     91.347     0.2283     1.0220     3.7265     0.9391 3.4308e+01        699     0.4847  0.000e+00
      4.706   71.75126 -154.46114      4.755     4.1345     4.1355     4.1342    28.0136    28.0239  1022.2442    22.2219    316.406    302.068  330.71210     95.674     91.348     0.2295     1.0293     3.7265     0.9391 3.4404e+01        700     0.4854  0.000e+00
      4.706   71.75126 -154.46114      4.755     4.1345     4.1352     4.1342    28.0136    28.0242  1022.2442    22.2219    316.600    302.074  330.71210     95.733     91.350     0.2295     1.0293     3.7265     0.9391 3.4502e+01        701     0.4861  0.000e+00
      4.706   71.75126 -154.46114      4.755     4.1342     4.1354     4.1339    28.0138    28.0240  1022.2445    22.2221    316.611    302.053  330.71399     95.736     91.343     0.2283     1.0220     3.7265     0.9391 3.4599e+01        702     0.4868  0.000e+00
      4.644   71.75126 -154.46114      4.692     4.1343     4.1352     4.1340    28.0136    28.0245  1022.2440    22.2219    316.401    302.027  330.71325     95.672     91.335     0.2295     1.0293     3.7265     0.9391 3.4697e+01        703     0.4875  0.000e+00
      4.644   71.75126 -154.46114      4.692     4.1345     4.1353     4.1342    28.0137    28.0242  1022.2441    22.2220    316.409    302.021  330.71167     95.675     91.334     0.2271     1.0146     3.7265     0.9391 3.4697e+01        704     0.4882  0.000e+00
      4.644   71.75126 -154.46114      4.692     4.1343     4.1352     4.1340    28.0136    28.0240  1022.2440    22.2219    316.637    302.015  330.71334     95.744     91.331     0.2271     1.0146     3.7265     0.9391 3.4795e+01        705     0.4889  0.000e+00
      4.644   71.75126 -154.46114      4.692     4.1343     4.1354     4.1340    28.0137    28.0236  1022.2440    22.2220    316.646    302.026  330.71316     95.747     91.335     0.2271     1.0146     3.7265     0.9391 3.4795e+01        706     0.4896  0.000e+00
      4.590   71.75126 -154.46114      4.638     4.1345     4.1350     4.1342    28.0138    28.0240  1022.2439    22.2221    316.435    302.035  330.71152     95.683     91.337     0.2271     1.0146     3.7265     0.9391 3.4795e+01        707     0.4903  0.000e+00
      4.590   71.75126 -154.46114      4.638     4.1343     4.1352     4.1341    28.0136    28.0242  1022.2437    22.2219    316.628    301.825  330.71328     95.741     91.274     0.2271     1.0146     3.7265     0.9391 3.4795e+01        708     0.4910  0.000e+00
      4.590   71.75126 -154.46114      4.638     4.1342     4.1351     4.1339    28.0138    28.0241  1022.2439    22.2221    316.454    301.789  330.71404     95.688     91.263     0.2271     1.0146     3.7265     0.9391 3.4893e+01        709     0.4917  0.000e+00
      4.529   71.75126 -154.46114      4.575     4.1343     4.1350     4.1341    28.0139    28.0241  1022.2436    22.2221    316.460    301.770  330.71266     95.690     91.257     0.2271     1.0146     3.7265     0.9391 3.4795e+01        710     0.4924  0.000e+00
      4.590   71.75126 -154.46114      4.638     4.1345     4.1352     4.1342    28.0134    28.0237  1022.2436    22.2218    316.473    301.732  330.71243     95.694     91.246     0.2271     1.0146     3.7265     0.9391 3.4893e+01        711     0.4931  0.000e+00
      4.529   71.75126 -154.46114      4.575     4.1343     4.1350     4.1341    28.0134    28.0243  1022.2432    22.2217    316.485    301.710  330.71393     95.697     91.239     0.2271     1.0146     3.7265     0.9391 3.4893e+01        712     0.4938  0.000e+00
      4.529   71.75126 -154.46114      4.575     4.1345     4.1354     4.1342    28.0132    28.0241  1022.2431    22.2216    316.497    301.687  330.71308     95.701     91.233     0.2271     1.0146     3.7265     0.9391 3.4893e+01        713     0.4944  0.000e+00
      4.475   71.75126 -154.46114      4.521     4.1343     4.1349     4.1341    28.0137    28.0243  1022.2432    22.2220    316.442    301.667  330.71315     95.685     91.226     0.2283     1.0220     3.7265     0.9391 3.4893e+01        714     0.4951  0.000e+00
      4.475   71.75126 -154.46114      4.521     4.1345     4.1353     4.1342    28.0137    28.0239  1022.2432    22.2220    316.454    301.643  330.71184     95.689     91.219     0.2271     1.0146     3.7265     0.9391 3.4992e+01        715     0.4958  0.000e+00
      4.475   71.75126 -154.46114      4.521     4.1345     4.1352     4.1342    28.0138    28.0243  1022.2433    22.2220    316.435    301.619  330.71166     95.683     91.212     0.2271     1.0146     3.7265     0.9391 3.4992e+01        716     0.4965  0.000e+00
      4.413   71.75126 -154.46114      4.458     4.1345     4.1352     4.1342    28.0137    28.0241  1022.2429    22.2220    316.413    301.593  330.71177     95.676     91.204     0.2271     1.0146     3.7265     0.9391 3.5091e+01        717     0.4972  0.000e+00
      4.413   71.75126 -154.46114      4.458     4.1345     4.1352     4.1342    28.0135    28.0240  1022.2428    22.2218    316.394    301.569  330.71232     95.671     91.196     0.2271     1.0146     3.7277     0.9377 3.5091e+01        718     0.4979  0.000e+00
      4.413   71.75126 -154.46114      4.458     4.1345     4.1352     4.1342    28.0135    28.0240  1022.2427    22.2218    316.590    301.349  330.71241     95.730     91.130     0.2271     1.0146     3.7277     0.9377 3.5091e+01        719     0.4986  0.000e+00
      4.413   71.75126 -154.46114      4.458     4.1345     4.1351     4.1342    28.0133    28.0243  1022.2426    22.2216    316.388    301.302  330.71286     95.668     91.116     0.2283     1.0220     3.7277     0.9377 3.5289e+01        720     0.4993  0.000e+00
      4.359   71.75126 -154.46114      4.404     4.1345     4.1354     4.1342    28.0134    28.0243  1022.2425    22.2217    316.399    301.444  330.71253     95.672     91.159     0.2271     1.0146     3.7277     0.9377 3.5389e+01        721     0.5000  0.000e+00
      4.413   71.75126 -154.46114      4.458     4.1343     4.1354     4.1341    28.0134    28.0237  1022.2427    22.2218    316.383    301.228  330.71380     95.667     91.093     0.2271     1.0146     3.7277     0.9377 3.5389e+01        722     0.5007  0.000e+00
      4.243   71.75126 -154.46114      4.287     4.1345     4.1350     4.1342    28.0135    28.0242  1022.2420    22.2218    316.355    301.174  330.71221     95.659     91.077     0.2259     1.0073     3.7277     0.9377 3.5489e+01        723     0.5014  0.000e+00
      4.390   71.75126 -154.46114      4.435     4.1343     4.1352     4.1341    28.0136    28.0238  1022.2428    22.2219    316.344    301.154  330.71332     95.655     91.071     0.2271     1.0146     3.7277     0.9377 3.5589e+01        724     0.5021  0.000e+00
