EcoFOCI/data/1_SampleCollection/2023_SikuliaqDBO_CruiseData/CTD_raw_BottleFile_SKQ23-12S/proc/skq202312s_072svp.cnv
* Sea-Bird SBE 9 Data File:
* FileName = D:\CTD\SKQ202312S\SKQ202312S_072.hex
* Software Version Seasave V 7.26.7.121
* Temperature SN = 6177
* Conductivity SN = 0369
* Number of Bytes Per Scan = 41
* Number of Voltage Words = 4
* Number of Scans Averaged by the Deck Unit = 1
* NMEA Latitude = 68 00.76 N
* NMEA Longitude = 167 52.45 W
* NMEA UTC (Time) = Oct 01 2023  18:46:53
* NMEA baud rate = 4800
** Ship: R/V Sikuliaq
** Station Number: 072
** Station Name: DBO3.5
** Bottom Depth: 52
** Operator: SD
# nquan = 7
# nvalues = 7252                                  
# units = specified
# name 0 = depSM: Depth [salt water, m]
# name 1 = latitude: Latitude [deg]
# name 2 = longitude: Longitude [deg]
# name 3 = t090C: Temperature [ITS-90, deg C]
# name 4 = sal00: Salinity, Practical [PSU]
# name 5 = svCM: Sound Velocity [Chen-Millero, m/s]
# name 6 = flag:  0.000e+00
# span 0 =      2.833,     47.830                 
# span 1 =   68.01172,   68.01234                 
# span 2 = -167.87380, -167.87292                 
# span 3 =     2.7499,     5.4276                 
# span 4 =    29.1809,    32.3130                 
# span 5 =    1457.36,    1467.24                 
# span 6 = 0.0000e+00, 0.0000e+00                 
# interval = seconds: 0.0416667
# start_time = Oct 01 2023 18:50:54 [NMEA time, first data scan]
# bad_flag = -9.990e-29
*END*
[from data line 4718]
     46.980   68.01192 -167.87316     3.0015    32.2766    1459.65  0.000e+00
     47.150   68.01192 -167.87316     3.0020    32.2768    1459.66  0.000e+00
     47.096   68.01192 -167.87316     3.0021    32.2768    1459.66  0.000e+00
     47.096   68.01192 -167.87316     3.0025    32.2767    1459.66  0.000e+00
     47.042   68.01192 -167.87316     3.0025    32.2774    1459.66  0.000e+00
     47.096   68.01192 -167.87316     3.0026    32.2772    1459.66  0.000e+00
     47.042   68.01192 -167.87316     3.0026    32.2768    1459.66  0.000e+00
     47.096   68.01192 -167.87316     3.0028    32.2764    1459.66  0.000e+00
     47.042   68.01192 -167.87316     3.0026    32.2760    1459.66  0.000e+00
     47.096   68.01192 -167.87316     3.0026    32.2760    1459.66  0.000e+00
     47.096   68.01192 -167.87316     3.0023    32.2766    1459.66  0.000e+00
     47.034   68.01192 -167.87316     3.0023    32.2767    1459.65  0.000e+00
     47.042   68.01192 -167.87316     3.0021    32.2774    1459.66  0.000e+00
     47.042   68.01192 -167.87316     3.0023    32.2779    1459.66  0.000e+00
     47.096   68.01192 -167.87316     3.0025    32.2779    1459.66  0.000e+00
     47.042   68.01192 -167.87316     3.0026    32.2778    1459.66  0.000e+00
     47.096   68.01192 -167.87316     3.0025    32.2774    1459.66  0.000e+00
     47.042   68.01192 -167.87316     3.0028    32.2764    1459.66  0.000e+00
     47.096   68.01192 -167.87316     3.0025    32.2752    1459.65  0.000e+00
     47.042   68.01192 -167.87316     3.0021    32.2754    1459.65  0.000e+00
     47.042   68.01192 -167.87316     3.0021    32.2765    1459.65  0.000e+00
     47.042   68.01192 -167.87316     3.0020    32.2774    1459.65  0.000e+00
     47.096   68.01192 -167.87316     3.0021    32.2771    1459.66  0.000e+00
     47.042   68.01192 -167.87316     3.0021    32.2777    1459.66  0.000e+00
     47.042   68.01192 -167.87316     3.0023    32.2778    1459.66  0.000e+00
     47.096   68.01192 -167.87316     3.0023    32.2778    1459.66  0.000e+00
     47.042   68.01192 -167.87316     3.0023    32.2780    1459.66  0.000e+00
     47.042   68.01192 -167.87316     3.0026    32.2771    1459.66  0.000e+00
     47.096   68.01192 -167.87316     3.0023    32.2776    1459.66  0.000e+00
     47.042   68.01192 -167.87314     3.0028    32.2773    1459.66  0.000e+00
     47.096   68.01192 -167.87314     3.0025    32.2772    1459.66  0.000e+00
     47.042   68.01192 -167.87314     3.0026    32.2767    1459.66  0.000e+00
     47.042   68.01192 -167.87314     3.0023    32.2770    1459.66  0.000e+00
     47.096   68.01192 -167.87314     3.0025    32.2763    1459.66  0.000e+00
     47.034   68.01192 -167.87314     3.0023    32.2766    1459.65  0.000e+00
     47.096   68.01192 -167.87314     3.0025    32.2769    1459.66  0.000e+00
     47.042   68.01192 -167.87314     3.0023    32.2770    1459.66  0.000e+00
     47.096   68.01192 -167.87314     3.0021    32.2771    1459.66  0.000e+00
     47.042   68.01192 -167.87314     3.0025    32.2768    1459.66  0.000e+00
     47.042   68.01192 -167.87314     3.0023    32.2774    1459.66  0.000e+00
     47.096   68.01192 -167.87314     3.0025    32.2773    1459.66  0.000e+00
     47.096   68.01192 -167.87314     3.0023    32.2775    1459.66  0.000e+00
     47.042   68.01192 -167.87314     3.0023    32.2788    1459.66  0.000e+00
     47.096   68.01192 -167.87314     3.0025    32.2799    1459.66  0.000e+00
     47.096   68.01192 -167.87314     3.0028    32.2803    1459.66  0.000e+00
     47.042   68.01192 -167.87314     3.0029    32.2806    1459.66  0.000e+00
     47.096   68.01192 -167.87314     3.0034    32.2801    1459.67  0.000e+00
     47.042   68.01192 -167.87314     3.0034    32.2802    1459.66  0.000e+00
     47.096   68.01192 -167.87314     3.0033    32.2798    1459.66  0.000e+00
     47.096   68.01192 -167.87314     3.0035    32.2789    1459.66  0.000e+00
     47.096   68.01192 -167.87314     3.0034    32.2787    1459.66  0.000e+00
     47.042   68.01192 -167.87314     3.0035    32.2790    1459.66  0.000e+00
     47.096   68.01192 -167.87314     3.0034    32.2796    1459.66  0.000e+00
     47.096   68.01192 -167.87314     3.0034    32.2801    1459.66  0.000e+00
     47.096   68.01192 -167.87314     3.0034    32.2803    1459.67  0.000e+00
     47.096   68.01192 -167.87314     3.0039    32.2797    1459.67  0.000e+00
     47.042   68.01192 -167.87314     3.0035    32.2802    1459.66  0.000e+00
     47.034   68.01192 -167.87314     3.0034    32.2800    1459.66  0.000e+00
     47.150   68.01192 -167.87314     3.0035    32.2794    1459.67  0.000e+00
     47.096   68.01192 -167.87314     3.0037    32.2794    1459.67  0.000e+00
     47.096   68.01192 -167.87314     3.0037    32.2799    1459.67  0.000e+00
     47.096   68.01192 -167.87314     3.0037    32.2800    1459.67  0.000e+00
     47.096   68.01192 -167.87314     3.0035    32.2803    1459.67  0.000e+00
     47.042   68.01192 -167.87314     3.0037    32.2805    1459.67  0.000e+00
     47.096   68.01192 -167.87314     3.0039    32.2801    1459.67  0.000e+00
     47.096   68.01192 -167.87314     3.0039    32.2801    1459.67  0.000e+00
     47.096   68.01192 -167.87314     3.0039    32.2804    1459.67  0.000e+00
     47.096   68.01192 -167.87314     3.0040    32.2801    1459.67  0.000e+00
     47.042   68.01192 -167.87314     3.0039    32.2800    1459.67  0.000e+00
     47.150   68.01192 -167.87314     3.0039    32.2805    1459.67  0.000e+00
     47.042   68.01192 -167.87314     3.0040    32.2802    1459.67  0.000e+00
     47.096   68.01192 -167.87314     3.0039    32.2804    1459.67  0.000e+00
     47.096   68.01192 -167.87314     3.0039    32.2807    1459.67  0.000e+00
     47.096   68.01192 -167.87314     3.0040    32.2802    1459.67  0.000e+00
     47.042   68.01192 -167.87314     3.0039    32.2802    1459.67  0.000e+00
     47.096   68.01192 -167.87314     3.0040    32.2798    1459.67  0.000e+00
     47.096   68.01192 -167.87314     3.0039    32.2799    1459.67  0.000e+00
     47.096   68.01192 -167.87314     3.0040    32.2795    1459.67  0.000e+00
     47.042   68.01192 -167.87314     3.0039    32.2799    1459.67  0.000e+00
     47.096   68.01192 -167.87314     3.0039    32.2797    1459.67  0.000e+00
     47.096   68.01192 -167.87314     3.0039    32.2797    1459.67  0.000e+00
     47.034   68.01192 -167.87314     3.0039    32.2794    1459.67  0.000e+00
     47.096   68.01192 -167.87314     3.0037    32.2797    1459.67  0.000e+00
     47.042   68.01192 -167.87314     3.0039    32.2797    1459.67  0.000e+00
     47.096   68.01192 -167.87314     3.0037    32.2798    1459.67  0.000e+00
     47.042   68.01192 -167.87314     3.0037    32.2798    1459.67  0.000e+00
     47.096   68.01192 -167.87314     3.0039    32.2799    1459.67  0.000e+00
     47.042   68.01192 -167.87314     3.0037    32.2801    1459.67  0.000e+00
     47.042   68.01192 -167.87314     3.0037    32.2797    1459.66  0.000e+00
     47.096   68.01192 -167.87314     3.0039    32.2785    1459.67  0.000e+00
     47.042   68.01192 -167.87314     3.0036    32.2783    1459.66  0.000e+00
     47.042   68.01192 -167.87314     3.0035    32.2789    1459.66  0.000e+00
     47.042   68.01192 -167.87314     3.0036    32.2793    1459.66  0.000e+00
     47.034   68.01192 -167.87314     3.0035    32.2792    1459.66  0.000e+00
     47.042   68.01192 -167.87314     3.0037    32.2789    1459.66  0.000e+00
     47.042   68.01192 -167.87314     3.0037    32.2792    1459.66  0.000e+00
     47.042   68.01192 -167.87314     3.0034    32.2791    1459.66  0.000e+00
     47.042   68.01192 -167.87314     3.0034    32.2784    1459.66  0.000e+00
     47.042   68.01192 -167.87314     3.0034    32.2781    1459.66  0.000e+00
     46.980   68.01192 -167.87314     3.0032    32.2786    1459.66  0.000e+00
     47.042   68.01192 -167.87314     3.0032    32.2786    1459.66  0.000e+00
     47.042   68.01192 -167.87314     3.0031    32.2785    1459.66  0.000e+00
     46.980   68.01192 -167.87314     3.0032    32.2784    1459.66  0.000e+00
     47.042   68.01192 -167.87314     3.0029    32.2784    1459.66  0.000e+00
     46.980   68.01192 -167.87314     3.0029    32.2778    1459.66  0.000e+00
     46.980   68.01192 -167.87314     3.0028    32.2777    1459.66  0.000e+00
     46.980   68.01192 -167.87314     3.0026    32.2769    1459.66  0.000e+00
     47.042   68.01192 -167.87314     3.0023    32.2763    1459.65  0.000e+00
     46.926   68.01192 -167.87314     3.0020    32.2754    1459.65  0.000e+00
     46.980   68.01192 -167.87314     3.0017    32.2754    1459.65  0.000e+00
     46.980   68.01192 -167.87314     3.0015    32.2751    1459.65  0.000e+00
     46.980   68.01192 -167.87314     3.0013    32.2743    1459.65  0.000e+00
     46.926   68.01192 -167.87314     3.0009    32.2738    1459.64  0.000e+00
     46.980   68.01192 -167.87314     3.0010    32.2732    1459.64  0.000e+00
     46.926   68.01192 -167.87314     3.0007    32.2732    1459.64  0.000e+00
     46.926   68.01192 -167.87314     3.0006    32.2735    1459.64  0.000e+00
     46.918   68.01192 -167.87314     3.0003    32.2733    1459.64  0.000e+00
     46.926   68.01192 -167.87314     3.0003    32.2723    1459.64  0.000e+00
     46.926   68.01192 -167.87314     2.9999    32.2723    1459.64  0.000e+00
     46.926   68.01192 -167.87314     2.9999    32.2718    1459.64  0.000e+00
     46.864   68.01192 -167.87314     2.9996    32.2725    1459.64  0.000e+00
     46.926   68.01192 -167.87314     2.9996    32.2724    1459.64  0.000e+00
     46.864   68.01192 -167.87314     2.9996    32.2726    1459.64  0.000e+00
     46.864   68.01192 -167.87314     2.9998    32.2727    1459.64  0.000e+00
     46.864   68.01192 -167.87314     2.9999    32.2728    1459.64  0.000e+00
     46.864   68.01192 -167.87314     2.9996    32.2730    1459.64  0.000e+00
     46.864   68.01192 -167.87314     2.9998    32.2721    1459.64  0.000e+00
     46.802   68.01192 -167.87314     2.9996    32.2716    1459.63  0.000e+00
     46.864   68.01192 -167.87314     2.9995    32.2699    1459.63  0.000e+00
     46.810   68.01192 -167.87314     2.9991    32.2697    1459.63  0.000e+00
     46.864   68.01192 -167.87314     2.9988    32.2696    1459.63  0.000e+00
     46.810   68.01192 -167.87314     2.9987    32.2688    1459.63  0.000e+00
     46.810   68.01192 -167.87314     2.9982    32.2690    1459.62  0.000e+00
     46.810   68.01192 -167.87314     2.9980    32.2678    1459.62  0.000e+00
     46.810   68.01192 -167.87314     2.9976    32.2670    1459.62  0.000e+00
     46.748   68.01192 -167.87314     2.9973    32.2669    1459.62  0.000e+00
     46.810   68.01192 -167.87314     2.9973    32.2670    1459.62  0.000e+00
     46.748   68.01192 -167.87314     2.9973    32.2677    1459.62  0.000e+00
     46.748   68.01192 -167.87314     2.9971    32.2675    1459.62  0.000e+00
     46.748   68.01192 -167.87314     2.9969    32.2666    1459.61  0.000e+00
     46.810   68.01192 -167.87314     2.9966    32.2657    1459.61  0.000e+00
     46.748   68.01192 -167.87314     2.9963    32.2652    1459.61  0.000e+00
     46.748   68.01192 -167.87314     2.9960    32.2652    1459.61  0.000e+00
     46.748   68.01192 -167.87314     2.9960    32.2648    1459.61  0.000e+00
     46.694   68.01192 -167.87314     2.9958    32.2642    1459.61  0.000e+00
     46.748   68.01192 -167.87314     2.9956    32.2642    1459.61  0.000e+00
     46.748   68.01192 -167.87314     2.9953    32.2638    1459.60  0.000e+00
     46.694   68.01192 -167.87314     2.9954    32.2628    1459.60  0.000e+00
     46.748   68.01192 -167.87314     2.9949    32.2625    1459.60  0.000e+00
     46.694   68.01192 -167.87314     2.9948    32.2619    1459.60  0.000e+00
     46.748   68.01192 -167.87314     2.9946    32.2614    1459.60  0.000e+00
     46.694   68.01192 -167.87314     2.9943    32.2617    1459.60  0.000e+00
     46.694   68.01192 -167.87314     2.9938    32.2621    1459.59  0.000e+00
     46.748   68.01192 -167.87314     2.9937    32.2622    1459.59  0.000e+00
     46.694   68.01192 -167.87314     2.9936    32.2623    1459.59  0.000e+00
     46.694   68.01192 -167.87314     2.9938    32.2612    1459.59  0.000e+00
     46.748   68.01192 -167.87314     2.9936    32.2606    1459.59  0.000e+00
     46.694   68.01192 -167.87314     2.9938    32.2603    1459.59  0.000e+00
     46.694   68.01192 -167.87314     2.9938    32.2604    1459.59  0.000e+00
     46.748   68.01192 -167.87314     2.9935    32.2606    1459.59  0.000e+00
     46.694   68.01192 -167.87314     2.9933    32.2613    1459.59  0.000e+00
     46.694   68.01192 -167.87314     2.9934    32.2618    1459.59  0.000e+00
     46.748   68.01192 -167.87314     2.9931    32.2634    1459.59  0.000e+00
     46.694   68.01192 -167.87314     2.9934    32.2641    1459.59  0.000e+00
     46.748   68.01192 -167.87314     2.9938    32.2635    1459.60  0.000e+00
     46.748   68.01192 -167.87314     2.9938    32.2632    1459.60  0.000e+00
     46.694   68.01192 -167.87314     2.9939    32.2631    1459.60  0.000e+00
     46.748   68.01192 -167.87314     2.9942    32.2632    1459.60  0.000e+00
     46.748   68.01192 -167.87314     2.9939    32.2644    1459.60  0.000e+00
     46.748   68.01192 -167.87314     2.9946    32.2660    1459.60  0.000e+00
     46.748   68.01192 -167.87314     2.9946    32.2664    1459.60  0.000e+00
     46.748   68.01192 -167.87314     2.9949    32.2656    1459.60  0.000e+00
     46.748   68.01192 -167.87314     2.9952    32.2644    1459.60  0.000e+00
     46.748   68.01192 -167.87314     2.9954    32.2634    1459.60  0.000e+00
     46.810   68.01192 -167.87314     2.9954    32.2637    1459.60  0.000e+00
     46.748   68.01192 -167.87314     2.9951    32.2643    1459.60  0.000e+00
     46.810   68.01192 -167.87314     2.9951    32.2646    1459.60  0.000e+00
     46.810   68.01192 -167.87314     2.9952    32.2648    1459.61  0.000e+00
     46.810   68.01192 -167.87314     2.9952    32.2644    1459.60  0.000e+00
     46.810   68.01192 -167.87314     2.9953    32.2635    1459.60  0.000e+00
     46.864   68.01192 -167.87314     2.9952    32.2634    1459.60  0.000e+00
     46.810   68.01192 -167.87314     2.9952    32.2649    1459.61  0.000e+00
     46.864   68.01192 -167.87314     2.9952    32.2667    1459.61  0.000e+00
     46.810   68.01192 -167.87314     2.9958    32.2682    1459.61  0.000e+00
     46.864   68.01192 -167.87314     2.9960    32.2694    1459.62  0.000e+00
     46.864   68.01192 -167.87314     2.9963    32.2709    1459.62  0.000e+00
     46.926   68.01192 -167.87314     2.9968    32.2717    1459.62  0.000e+00
     46.864   68.01192 -167.87314     2.9971    32.2726    1459.62  0.000e+00
     46.864   68.01192 -167.87314     2.9977    32.2722    1459.63  0.000e+00
     46.926   68.01192 -167.87314     2.9979    32.2720    1459.63  0.000e+00
     46.926   68.01192 -167.87314     2.9981    32.2723    1459.63  0.000e+00
     46.926   68.01192 -167.87314     2.9982    32.2721    1459.63  0.000e+00
     46.926   68.01192 -167.87314     2.9982    32.2716    1459.63  0.000e+00
     46.918   68.01192 -167.87314     2.9982    32.2717    1459.63  0.000e+00
     46.926   68.01192 -167.87314     2.9984    32.2716    1459.63  0.000e+00
     46.980   68.01192 -167.87314     2.9986    32.2718    1459.63  0.000e+00
     46.926   68.01192 -167.87314     2.9987    32.2727    1459.63  0.000e+00
     46.980   68.01190 -167.87314     2.9988    32.2747    1459.64  0.000e+00
     46.980   68.01190 -167.87314     2.9996    32.2760    1459.64  0.000e+00
     46.980   68.01190 -167.87314     3.0004    32.2774    1459.65  0.000e+00
     46.980   68.01190 -167.87314     3.0009    32.2780    1459.65  0.000e+00
     46.980   68.01190 -167.87314     3.0010    32.2780    1459.65  0.000e+00
     46.980   68.01190 -167.87314     3.0013    32.2785    1459.65  0.000e+00
     46.980   68.01190 -167.87314     3.0018    32.2790    1459.65  0.000e+00
     47.034   68.01190 -167.87314     3.0021    32.2788    1459.66  0.000e+00
