EcoFOCI/data/1_SampleCollection/2023_SikuliaqDBO_CruiseData/CTD_raw_BottleFile_SKQ23-12S/proc/skq202312s_008.cnv
* Sea-Bird SBE 9 Data File:
* FileName = D:\CTD\SKQ202312S\SKQ202312S_008.hex
* Software Version Seasave V 7.26.7.121
* Temperature SN = 6177
* Conductivity SN = 0369
* Number of Bytes Per Scan = 41
* Number of Voltage Words = 4
* Number of Scans Averaged by the Deck Unit = 1
* NMEA Latitude = 62 47.19 N
* NMEA Longitude = 173 30.00 W
* NMEA UTC (Time) = Sep 16 2023  08:58:03
* NMEA baud rate = 4800
** Ship: R/V Sikuliaq
** Station Number: 008
** Station Name: DBO1.7
** Bottom Depth: 69
** Operator: SD
# nquan = 24
# nvalues = 5926                                  
# units = specified
# name 0 = depSM: Depth [salt water, m]
# name 1 = latitude: Latitude [deg]
# name 2 = longitude: Longitude [deg]
# name 3 = prDM: Pressure, Digiquartz [db]
# name 4 = t090C: Temperature [ITS-90, deg C]
# name 5 = t190C: Temperature, 2 [ITS-90, deg C]
# name 6 = potemp090C: Potential Temperature [ITS-90, deg C]
# name 7 = sal00: Salinity, Practical [PSU]
# name 8 = sal11: Salinity, Practical, 2 [PSU]
# name 9 = density00: Density [density, kg/m^3]
# name 10 = sigma-é00: Density [sigma-theta, kg/m^3]
# name 11 = sbox0Mm/Kg: Oxygen, SBE 43 [umol/kg]
# name 12 = sbox1Mm/Kg: Oxygen, SBE 43, 2 [umol/kg]
# name 13 = oxsolMm/Kg: Oxygen Saturation, Garcia & Gordon [umol/kg]
# name 14 = sbeox0PS: Oxygen, SBE 43 [% saturation]
# name 15 = sbeox1PS: Oxygen, SBE 43, 2 [% saturation]
# name 16 = v0: Voltage 0
# name 17 = flECO-AFL: Fluorescence, WET Labs ECO-AFL/FL [mg/m^3]
# name 18 = v1: Voltage 1
# name 19 = CStarAt0: Beam Attenuation, WET Labs C-Star [1/m]
# name 20 = par: PAR/Irradiance, Biospherical/Licor
# name 21 = scan: Scan Count
# name 22 = timeM: Time, Elapsed [minutes]
# name 23 = flag:  0.000e+00
# span 0 =      1.066,     63.296                 
# span 1 =   62.78648,   62.78650                 
# span 2 = -173.49996, -173.49994                 
# span 3 =      1.077,     63.923                 
# span 4 =    -1.5262,     7.1119                 
# span 5 =    -1.5240,     7.1213                 
# span 6 =    -1.5268,     7.1117                 
# span 7 =    30.9959,    32.0193                 
# span 8 =    31.0825,    32.0349                 
# span 9 =  1024.2713,  1026.0587                 
# span 10 =    24.2526,    25.7516                
# span 11 =    261.522,    400.097                
# span 12 =    249.667,    382.100                
# span 13 =  301.21311,  371.00551                
# span 14 =     70.543,    113.168                
# span 15 =     67.351,    104.847                
# span 16 =     0.0818,     0.2808                
# span 17 =     0.1428,     1.3370                
# span 18 =     1.5531,     4.1673                
# span 19 =     0.4917,     4.4417                
# span 20 = 1.0000e-12, 1.5481e+00                
# span 21 =          1,       5926                
# span 22 =     0.0000,     4.1146                
# span 23 = 0.0000e+00, 0.0000e+00                
# interval = seconds: 0.0416667
# start_time = Sep 16 2023 09:02:12 [NMEA time, first data scan]
# bad_flag = -9.990e-29
*END*
[from data line 5917]
     63.181   62.78648 -173.49996     63.806    -1.5104    -1.5072    -1.5115    32.0172    32.0266  1026.0581    25.7498    262.405    250.842  370.74097     70.779     67.670     0.0904     0.1941     3.3004     1.4250 1.0000e-12       5918     4.1090  0.000e+00
     63.242   62.78648 -173.49996     63.868    -1.5104    -1.5075    -1.5115    32.0170    32.0263  1026.0582    25.7496    262.230    251.075  370.74118     70.731     67.733     0.0904     0.1941     3.3004     1.4250 1.0000e-12       5919     4.1097  0.000e+00
     63.289   62.78648 -173.49996     63.915    -1.5107    -1.5075    -1.5118    32.0173    32.0262  1026.0587    25.7499    262.217    251.106  370.74364     70.727     67.741     0.0916     0.2015     3.3004     1.4250 1.0000e-12       5920     4.1104  0.000e+00
     63.242   62.78648 -173.49996     63.868    -1.5105    -1.5077    -1.5117    32.0171    32.0267  1026.0583    25.7497    262.198    251.101  370.74262     70.722     67.740     0.0928     0.2088     3.3004     1.4250 1.0000e-12       5921     4.1111  0.000e+00
     63.242   62.78648 -173.49996     63.868    -1.5105    -1.5078    -1.5117    32.0172    32.0270  1026.0584    25.7498    262.755    251.096  370.74237     70.873     67.738     0.0928     0.2088     3.3004     1.4250 8.4714e-06       5922     4.1118  0.000e+00
     63.242   62.78648 -173.49996     63.868    -1.5104    -1.5081    -1.5115    32.0171    32.0270  1026.0583    25.7497    262.365    251.092  370.74081     70.768     67.737     0.0916     0.2015     3.3004     1.4250 1.0000e-12       5923     4.1125  0.000e+00
     63.235   62.78648 -173.49996     63.860    -1.5105    -1.5081    -1.5117    32.0170    32.0267  1026.0582    25.7497    262.350    251.084  370.74273     70.763     67.734     0.0928     0.2088     3.3004     1.4250 8.4714e-06       5924     4.1132  0.000e+00
     63.242   62.78648 -173.49996     63.868    -1.5104    -1.5078    -1.5115    32.0169    32.0266  1026.0581    25.7495    262.333    251.106  370.74208     70.759     67.741     0.0928     0.2088     3.3004     1.4250 1.0000e-12       5925     4.1139  0.000e+00
     63.296   62.78648 -173.49996     63.923    -1.5104    -1.5079    -1.5115    32.0167    32.0267  1026.0583    25.7494    262.370    251.133  370.74191     70.769     67.748     0.0928     0.2088     3.3004     1.4250 1.0000e-12       5926     4.1146  0.000e+00
