EcoFOCI/data/1_SampleCollection/2023_SikuliaqDBO_CruiseData/CTD_raw_BottleFile_SKQ23-12S/proc/skq202312s_070svp.cnv
* Sea-Bird SBE 9 Data File:
* FileName = D:\CTD\SKQ202312S\SKQ202312S_070.hex
* Software Version Seasave V 7.26.7.121
* Temperature SN = 6177
* Conductivity SN = 0369
* Number of Bytes Per Scan = 41
* Number of Voltage Words = 4
* Number of Scans Averaged by the Deck Unit = 1
* NMEA Latitude = 67 53.89 N
* NMEA Longitude = 168 14.05 W
* NMEA UTC (Time) = Sep 30 2023  04:20:28
* NMEA baud rate = 4800
** Ship: R/V Sikuliaq
** Station Number: 070
** Station Name: DBO3.6
** Bottom Depth: 50
** Operator: SD
# nquan = 7
# nvalues = 5805                                  
# units = specified
# name 0 = depSM: Depth [salt water, m]
# name 1 = latitude: Latitude [deg]
# name 2 = longitude: Longitude [deg]
# name 3 = t090C: Temperature [ITS-90, deg C]
# name 4 = sal00: Salinity, Practical [PSU]
# name 5 = svCM: Sound Velocity [Chen-Millero, m/s]
# name 6 = flag:  0.000e+00
# span 0 =      3.017,     53.217                 
# span 1 =   67.89816,   67.89818                 
# span 2 = -168.23388, -168.23360                 
# span 3 =     2.8533,     6.1063                 
# span 4 =    27.4081,    32.4348                 
# span 5 =    1456.30,    1467.93                 
# span 6 = 0.0000e+00, 0.0000e+00                 
# interval = seconds: 0.0416667
# start_time = Sep 30 2023 04:23:19 [NMEA time, first data scan]
# bad_flag = -9.990e-29
*END*
[from data line 2052]
     20.057   67.89816 -168.23374     5.1812    30.0568    1465.51  0.000e+00
     20.057   67.89816 -168.23374     5.1799    30.0717    1465.53  0.000e+00
     20.080   67.89816 -168.23374     5.1812    30.0885    1465.55  0.000e+00
     20.173   67.89816 -168.23374     5.1844    30.1039    1465.59  0.000e+00
     20.119   67.89816 -168.23374     5.1897    30.1096    1465.61  0.000e+00
     20.196   67.89816 -168.23374     5.1945    30.1055    1465.63  0.000e+00
     20.173   67.89816 -168.23374     5.1991    30.1019    1465.64  0.000e+00
     20.234   67.89816 -168.23374     5.2029    30.0999    1465.66  0.000e+00
     20.196   67.89816 -168.23374     5.2054    30.1031    1465.67  0.000e+00
     20.234   67.89816 -168.23374     5.2082    30.1048    1465.69  0.000e+00
     20.288   67.89816 -168.23374     5.2104    30.1044    1465.70  0.000e+00
     20.250   67.89816 -168.23374     5.2128    30.1059    1465.71  0.000e+00
     20.342   67.89816 -168.23374     5.2152    30.1128    1465.73  0.000e+00
     20.288   67.89816 -168.23374     5.2196    30.1302    1465.77  0.000e+00
     20.365   67.89816 -168.23374     5.2257    30.1422    1465.81  0.000e+00
     20.342   67.89816 -168.23374     5.2315    30.1429    1465.83  0.000e+00
     20.404   67.89816 -168.23374     5.2360    30.1431    1465.85  0.000e+00
     20.427   67.89816 -168.23374     5.2395    30.1455    1465.87  0.000e+00
     20.404   67.89816 -168.23374     5.2420    30.1501    1465.89  0.000e+00
     20.458   67.89816 -168.23374     5.2444    30.1539    1465.90  0.000e+00
     20.481   67.89816 -168.23374     5.2474    30.1573    1465.92  0.000e+00
     20.458   67.89816 -168.23374     5.2508    30.1601    1465.93  0.000e+00
     20.535   67.89816 -168.23374     5.2538    30.1643    1465.95  0.000e+00
     20.520   67.89816 -168.23374     5.2568    30.1710    1465.97  0.000e+00
     20.574   67.89816 -168.23374     5.2604    30.1814    1466.00  0.000e+00
     20.535   67.89816 -168.23374     5.2648    30.1964    1466.04  0.000e+00
     20.574   67.89816 -168.23374     5.2690    30.2667    1466.15  0.000e+00
     20.635   67.89816 -168.23374     5.2813    30.3684    1466.33  0.000e+00
     20.651   67.89816 -168.23374     5.2988    30.4181    1466.46  0.000e+00
     20.635   67.89816 -168.23374     5.3151    30.4472    1466.57  0.000e+00
     20.689   67.89816 -168.23374     5.3260    30.4631    1466.63  0.000e+00
     20.712   67.89816 -168.23374     5.3317    30.5011    1466.70  0.000e+00
     20.689   67.89816 -168.23374     5.3351    30.5382    1466.76  0.000e+00
     20.805   67.89816 -168.23374     5.3355    30.5724    1466.81  0.000e+00
     20.712   67.89816 -168.23374     5.3338    30.5962    1466.83  0.000e+00
     20.805   67.89816 -168.23374     5.3312    30.6042    1466.83  0.000e+00
     20.805   67.89816 -168.23374     5.3290    30.6271    1466.85  0.000e+00
     20.766   67.89816 -168.23374     5.3267    30.6737    1466.90  0.000e+00
     20.859   67.89816 -168.23374     5.3232    30.7133    1466.94  0.000e+00
     20.828   67.89816 -168.23374     5.3183    30.7289    1466.94  0.000e+00
     20.921   67.89816 -168.23374     5.3138    30.7482    1466.95  0.000e+00
     20.921   67.89816 -168.23374     5.3096    30.7757    1466.96  0.000e+00
     20.936   67.89816 -168.23374     5.3053    30.7795    1466.95  0.000e+00
     20.975   67.89816 -168.23374     5.3026    30.7675    1466.93  0.000e+00
     20.975   67.89816 -168.23374     5.2999    30.7542    1466.90  0.000e+00
     20.998   67.89816 -168.23374     5.2985    30.7536    1466.89  0.000e+00
     21.029   67.89816 -168.23374     5.2975    30.7707    1466.91  0.000e+00
     21.029   67.89816 -168.23374     5.2969    30.7924    1466.94  0.000e+00
     21.052   67.89816 -168.23374     5.2969    30.8164    1466.97  0.000e+00
     21.090   67.89816 -168.23374     5.2966    30.8527    1467.01  0.000e+00
     21.090   67.89816 -168.23374     5.2983    30.8865    1467.06  0.000e+00
     21.113   67.89816 -168.23374     5.3008    30.9031    1467.09  0.000e+00
     21.144   67.89816 -168.23374     5.3026    30.9122    1467.11  0.000e+00
     21.167   67.89816 -168.23374     5.3048    30.9165    1467.13  0.000e+00
     21.144   67.89816 -168.23374     5.3061    30.9202    1467.14  0.000e+00
     21.206   67.89816 -168.23374     5.3005    30.9313    1467.13  0.000e+00
     21.229   67.89816 -168.23374     5.2902    30.9448    1467.10  0.000e+00
     21.260   67.89816 -168.23374     5.2799    30.9574    1467.08  0.000e+00
     21.260   67.89816 -168.23374     5.2729    30.9654    1467.06  0.000e+00
     21.283   67.89816 -168.23374     5.2666    30.9726    1467.04  0.000e+00
     21.322   67.89816 -168.23374     5.2550    30.9837    1467.01  0.000e+00
     21.322   67.89816 -168.23374     5.2431    30.9953    1466.98  0.000e+00
     21.337   67.89816 -168.23374     5.2364    31.0028    1466.96  0.000e+00
     21.429   67.89816 -168.23374     5.2325    31.0063    1466.95  0.000e+00
     21.399   67.89816 -168.23374     5.2297    31.0084    1466.94  0.000e+00
     21.375   67.89816 -168.23374     5.2281    31.0079    1466.93  0.000e+00
     21.429   67.89816 -168.23374     5.2297    31.0036    1466.94  0.000e+00
     21.453   67.89816 -168.23374     5.2331    31.0003    1466.95  0.000e+00
     21.429   67.89816 -168.23374     5.2348    30.9984    1466.95  0.000e+00
     21.545   67.89816 -168.23374     5.2358    30.9984    1466.96  0.000e+00
     21.514   67.89816 -168.23374     5.2321    31.0092    1466.95  0.000e+00
     21.491   67.89816 -168.23374     5.2257    31.0178    1466.94  0.000e+00
     21.545   67.89816 -168.23374     5.2224    31.0180    1466.93  0.000e+00
     21.622   67.89816 -168.23374     5.2215    31.0120    1466.92  0.000e+00
     21.607   67.89816 -168.23374     5.2252    30.9981    1466.91  0.000e+00
     21.622   67.89816 -168.23374     5.2337    30.9796    1466.92  0.000e+00
     21.607   67.89816 -168.23374     5.2428    30.9670    1466.95  0.000e+00
     21.661   67.89816 -168.23374     5.2489    30.9581    1466.96  0.000e+00
     21.684   67.89816 -168.23374     5.2555    30.9514    1466.98  0.000e+00
     21.661   67.89816 -168.23374     5.2616    30.9468    1467.00  0.000e+00
     21.722   67.89816 -168.23374     5.2668    30.9412    1467.01  0.000e+00
     21.738   67.89816 -168.23374     5.2725    30.9342    1467.03  0.000e+00
     21.776   67.89816 -168.23374     5.2761    30.9309    1467.04  0.000e+00
     21.738   67.89816 -168.23374     5.2794    30.9227    1467.04  0.000e+00
     21.830   67.89816 -168.23374     5.2851    30.9074    1467.05  0.000e+00
     21.776   67.89816 -168.23374     5.2935    30.8908    1467.06  0.000e+00
     21.854   67.89816 -168.23374     5.3051    30.8815    1467.10  0.000e+00
     21.830   67.89816 -168.23374     5.3139    30.8749    1467.12  0.000e+00
     21.892   67.89816 -168.23374     5.3207    30.8651    1467.14  0.000e+00
     21.854   67.89816 -168.23374     5.3264    30.8527    1467.15  0.000e+00
     21.946   67.89816 -168.23374     5.3322    30.8412    1467.16  0.000e+00
     21.915   67.89816 -168.23374     5.3361    30.8377    1467.17  0.000e+00
     21.946   67.89816 -168.23374     5.3380    30.8343    1467.17  0.000e+00
     22.008   67.89816 -168.23374     5.3411    30.8245    1467.17  0.000e+00
     21.969   67.89816 -168.23374     5.3455    30.8187    1467.18  0.000e+00
     22.008   67.89816 -168.23374     5.3487    30.8146    1467.19  0.000e+00
     22.023   67.89816 -168.23374     5.3512    30.8096    1467.20  0.000e+00
     22.062   67.89816 -168.23374     5.3540    30.8097    1467.21  0.000e+00
     22.062   67.89816 -168.23374     5.3560    30.8108    1467.22  0.000e+00
     22.085   67.89816 -168.23374     5.3602    30.8036    1467.23  0.000e+00
     22.062   67.89816 -168.23374     5.3640    30.7977    1467.23  0.000e+00
     22.123   67.89816 -168.23374     5.3654    30.7977    1467.24  0.000e+00
     22.201   67.89816 -168.23374     5.3653    30.7996    1467.24  0.000e+00
     22.123   67.89816 -168.23374     5.3659    30.7929    1467.24  0.000e+00
     22.201   67.89816 -168.23374     5.3691    30.7849    1467.24  0.000e+00
     22.231   67.89816 -168.23374     5.3751    30.7817    1467.26  0.000e+00
     22.177   67.89816 -168.23374     5.3788    30.7833    1467.28  0.000e+00
     22.254   67.89816 -168.23374     5.3786    30.7879    1467.28  0.000e+00
     22.231   67.89816 -168.23374     5.3775    30.7955    1467.29  0.000e+00
     22.293   67.89816 -168.23374     5.3758    30.8144    1467.31  0.000e+00
     22.254   67.89816 -168.23374     5.3699    30.8353    1467.31  0.000e+00
     22.347   67.89816 -168.23374     5.3621    30.8504    1467.30  0.000e+00
     22.316   67.89816 -168.23372     5.3510    30.8666    1467.27  0.000e+00
     22.347   67.89816 -168.23372     5.3390    30.8819    1467.24  0.000e+00
     22.347   67.89816 -168.23372     5.3291    30.8934    1467.22  0.000e+00
     22.370   67.89816 -168.23372     5.3213    30.9011    1467.20  0.000e+00
     22.409   67.89816 -168.23372     5.3148    30.9083    1467.18  0.000e+00
     22.424   67.89816 -168.23372     5.3088    30.9169    1467.16  0.000e+00
     22.463   67.89816 -168.23372     5.3011    30.9267    1467.15  0.000e+00
     22.463   67.89816 -168.23372     5.2924    30.9348    1467.12  0.000e+00
     22.486   67.89816 -168.23372     5.2865    30.9391    1467.10  0.000e+00
     22.524   67.89816 -168.23372     5.2829    30.9447    1467.10  0.000e+00
     22.486   67.89816 -168.23372     5.2783    30.9514    1467.09  0.000e+00
     22.524   67.89816 -168.23372     5.2750    30.9521    1467.07  0.000e+00
     22.578   67.89816 -168.23372     5.2745    30.9406    1467.06  0.000e+00
     22.540   67.89816 -168.23372     5.2793    30.9237    1467.05  0.000e+00
     22.632   67.89816 -168.23372     5.2859    30.9089    1467.06  0.000e+00
     22.632   67.89816 -168.23372     5.2937    30.8979    1467.08  0.000e+00
     22.601   67.89816 -168.23372     5.3013    30.8920    1467.11  0.000e+00
     22.694   67.89816 -168.23372     5.3078    30.8859    1467.13  0.000e+00
     22.655   67.89816 -168.23372     5.3129    30.8796    1467.14  0.000e+00
     22.694   67.89816 -168.23372     5.3182    30.8691    1467.15  0.000e+00
     22.748   67.89816 -168.23372     5.3251    30.8547    1467.16  0.000e+00
     22.771   67.89816 -168.23372     5.3327    30.8495    1467.18  0.000e+00
     22.748   67.89816 -168.23372     5.3355    30.8623    1467.21  0.000e+00
     22.771   67.89816 -168.23372     5.3288    30.8837    1467.21  0.000e+00
     22.810   67.89816 -168.23372     5.3183    30.9001    1467.19  0.000e+00
     22.810   67.89816 -168.23372     5.3090    30.9108    1467.16  0.000e+00
     22.825   67.89816 -168.23372     5.3008    30.9207    1467.14  0.000e+00
     22.864   67.89816 -168.23372     5.2929    30.9302    1467.12  0.000e+00
     22.887   67.89816 -168.23372     5.2873    30.9299    1467.10  0.000e+00
     22.925   67.89816 -168.23372     5.2865    30.9131    1467.08  0.000e+00
     22.925   67.89816 -168.23372     5.2900    30.8939    1467.07  0.000e+00
     22.941   67.89816 -168.23372     5.2959    30.8806    1467.07  0.000e+00
     22.979   67.89816 -168.23372     5.3026    30.8688    1467.09  0.000e+00
     23.002   67.89816 -168.23372     5.3056    30.8606    1467.09  0.000e+00
     22.979   67.89816 -168.23372     5.3054    30.8544    1467.08  0.000e+00
     23.033   67.89816 -168.23372     5.3047    30.8520    1467.08  0.000e+00
     23.056   67.89816 -168.23372     5.3031    30.8540    1467.07  0.000e+00
     23.149   67.89816 -168.23372     5.2995    30.8545    1467.06  0.000e+00
     23.056   67.89816 -168.23372     5.2964    30.8588    1467.05  0.000e+00
     23.095   67.89816 -168.23372     5.2937    30.8589    1467.04  0.000e+00
     23.149   67.89816 -168.23372     5.2921    30.8564    1467.03  0.000e+00
     23.172   67.89816 -168.23372     5.2911    30.8708    1467.05  0.000e+00
     23.211   67.89816 -168.23372     5.2879    30.8929    1467.06  0.000e+00
     23.226   67.89816 -168.23372     5.2842    30.9068    1467.06  0.000e+00
     23.211   67.89816 -168.23372     5.2812    30.9204    1467.07  0.000e+00
     23.265   67.89816 -168.23372     5.2759    30.9544    1467.09  0.000e+00
     23.288   67.89816 -168.23372     5.2613    30.9944    1467.08  0.000e+00
     23.326   67.89816 -168.23372     5.2444    31.0189    1467.05  0.000e+00
     23.288   67.89816 -168.23372     5.2296    31.0344    1467.00  0.000e+00
     23.380   67.89816 -168.23372     5.2155    31.0444    1466.96  0.000e+00
     23.326   67.89816 -168.23372     5.2054    31.0306    1466.90  0.000e+00
     23.457   67.89816 -168.23372     5.2056    31.0049    1466.87  0.000e+00
     23.380   67.89816 -168.23372     5.2125    30.9765    1466.86  0.000e+00
     23.457   67.89816 -168.23372     5.2259    30.9453    1466.88  0.000e+00
     23.496   67.89816 -168.23372     5.2400    30.9307    1466.92  0.000e+00
     23.511   67.89816 -168.23372     5.2487    30.9336    1466.96  0.000e+00
     23.496   67.89816 -168.23372     5.2484    30.9554    1466.99  0.000e+00
     23.550   67.89816 -168.23372     5.2350    30.9945    1466.98  0.000e+00
     23.573   67.89816 -168.23372     5.2086    31.0348    1466.92  0.000e+00
     23.550   67.89816 -168.23372     5.1795    31.0650    1466.84  0.000e+00
     23.627   67.89816 -168.23372     5.1506    31.0916    1466.76  0.000e+00
     23.612   67.89816 -168.23372     5.1171    31.1197    1466.66  0.000e+00
     23.666   67.89816 -168.23372     5.0845    31.1467    1466.56  0.000e+00
     23.689   67.89816 -168.23372     5.0500    31.1763    1466.46  0.000e+00
     23.727   67.89816 -168.23372     5.0198    31.2006    1466.36  0.000e+00
     23.743   67.89816 -168.23372     4.9935    31.2223    1466.28  0.000e+00
     23.727   67.89816 -168.23372     4.9721    31.2402    1466.22  0.000e+00
     23.804   67.89816 -168.23372     4.9519    31.2575    1466.16  0.000e+00
     23.781   67.89816 -168.23372     4.9350    31.2728    1466.11  0.000e+00
     23.835   67.89816 -168.23372     4.9198    31.2874    1466.07  0.000e+00
     23.858   67.89816 -168.23372     4.9046    31.3013    1466.02  0.000e+00
     23.897   67.89816 -168.23372     4.8915    31.3132    1465.98  0.000e+00
     23.858   67.89816 -168.23372     4.8801    31.3242    1465.95  0.000e+00
     23.951   67.89816 -168.23372     4.8708    31.3324    1465.92  0.000e+00
     23.951   67.89816 -168.23372     4.8593    31.3429    1465.89  0.000e+00
     23.974   67.89816 -168.23372     4.8481    31.3534    1465.86  0.000e+00
     24.013   67.89816 -168.23372     4.8358    31.3645    1465.82  0.000e+00
     24.028   67.89816 -168.23372     4.8221    31.3772    1465.78  0.000e+00
     24.013   67.89816 -168.23372     4.8076    31.3908    1465.74  0.000e+00
     24.090   67.89816 -168.23372     4.7959    31.4025    1465.71  0.000e+00
     24.067   67.89816 -168.23372     4.7850    31.4135    1465.67  0.000e+00
     24.128   67.89816 -168.23372     4.7744    31.4244    1465.65  0.000e+00
     24.144   67.89816 -168.23372     4.7652    31.4336    1465.62  0.000e+00
     24.182   67.89816 -168.23372     4.7557    31.4429    1465.59  0.000e+00
     24.144   67.89816 -168.23372     4.7478    31.4497    1465.57  0.000e+00
     24.236   67.89816 -168.23372     4.7411    31.4555    1465.55  0.000e+00
     24.205   67.89816 -168.23372     4.7335    31.4620    1465.53  0.000e+00
     24.298   67.89816 -168.23372     4.7262    31.4686    1465.51  0.000e+00
     24.236   67.89816 -168.23372     4.7184    31.4761    1465.48  0.000e+00
     24.313   67.89816 -168.23372     4.7107    31.4832    1465.46  0.000e+00
     24.298   67.89816 -168.23372     4.7026    31.4908    1465.44  0.000e+00
     24.313   67.89816 -168.23372     4.6956    31.4978    1465.42  0.000e+00
