EcoFOCI/data/1_SampleCollection/2023_SikuliaqDBO_CruiseData/CTD_raw_BottleFile_SKQ23-12S/proc/skq202312s_023svp.cnv
* Sea-Bird SBE 9 Data File:
* FileName = D:\CTD\SKQ202312S\SKQ202312S_023.hex
* Software Version Seasave V 7.26.7.121
* Temperature SN = 6177
* Conductivity SN = 0369
* Number of Bytes Per Scan = 41
* Number of Voltage Words = 4
* Number of Scans Averaged by the Deck Unit = 1
* NMEA Latitude = 64 57.70 N
* NMEA Longitude = 169 53.01 W
* NMEA UTC (Time) = Sep 18 2023  07:03:01
* NMEA baud rate = 4800
** Ship: R/V Sikuliaq
** Station Number: 023
** Station Name: DBO2.4
** Bottom Depth: 48
** Operator: SD
# nquan = 7
# nvalues = 5745                                  
# units = specified
# name 0 = depSM: Depth [salt water, m]
# name 1 = latitude: Latitude [deg]
# name 2 = longitude: Longitude [deg]
# name 3 = t090C: Temperature [ITS-90, deg C]
# name 4 = sal00: Salinity, Practical [PSU]
# name 5 = svCM: Sound Velocity [Chen-Millero, m/s]
# name 6 = flag:  0.000e+00
# span 0 =      2.982,     42.925                 
# span 1 =   64.96160,   64.96168                 
# span 2 = -169.88358, -169.88352                 
# span 3 =     1.2940,     3.3595                 
# span 4 =    31.7597,    32.8509                 
# span 5 =    1451.11,    1461.55                 
# span 6 = 0.0000e+00, 0.0000e+00                 
# interval = seconds: 0.0416667
# start_time = Sep 18 2023 07:06:42 [NMEA time, first data scan]
# bad_flag = -9.990e-29
*END*
[from data line 3488]
     38.060   64.96166 -169.88358     2.4378    32.7910    1457.74  0.000e+00
     38.006   64.96166 -169.88358     2.4380    32.7859    1457.73  0.000e+00
     38.006   64.96166 -169.88358     2.4366    32.7795    1457.71  0.000e+00
     38.053   64.96166 -169.88358     2.4324    32.7744    1457.69  0.000e+00
     38.060   64.96166 -169.88358     2.4244    32.7758    1457.66  0.000e+00
     38.060   64.96166 -169.88358     2.4186    32.7801    1457.64  0.000e+00
     38.053   64.96166 -169.88358     2.4139    32.7879    1457.63  0.000e+00
     38.006   64.96166 -169.88358     2.4139    32.7922    1457.63  0.000e+00
     38.060   64.96166 -169.88358     2.4180    32.7927    1457.65  0.000e+00
     38.006   64.96166 -169.88358     2.4225    32.7915    1457.67  0.000e+00
     38.053   64.96166 -169.88358     2.4257    32.7933    1457.69  0.000e+00
     38.060   64.96166 -169.88358     2.4302    32.7948    1457.71  0.000e+00
     38.006   64.96166 -169.88358     2.4363    32.7948    1457.73  0.000e+00
     38.053   64.96166 -169.88358     2.4417    32.7919    1457.75  0.000e+00
     38.006   64.96166 -169.88358     2.4441    32.7892    1457.76  0.000e+00
     38.060   64.96166 -169.88358     2.4444    32.7887    1457.76  0.000e+00
     38.006   64.96166 -169.88358     2.4455    32.7869    1457.76  0.000e+00
     37.999   64.96166 -169.88358     2.4455    32.7865    1457.76  0.000e+00
     38.006   64.96166 -169.88358     2.4455    32.7856    1457.76  0.000e+00
     38.006   64.96166 -169.88358     2.4444    32.7860    1457.76  0.000e+00
     37.999   64.96166 -169.88358     2.4424    32.7890    1457.75  0.000e+00
     38.006   64.96166 -169.88358     2.4422    32.7899    1457.75  0.000e+00
     37.952   64.96166 -169.88358     2.4421    32.7895    1457.75  0.000e+00
     37.952   64.96166 -169.88358     2.4407    32.7902    1457.75  0.000e+00
     37.998   64.96166 -169.88358     2.4398    32.7915    1457.74  0.000e+00
     37.952   64.96166 -169.88358     2.4400    32.7907    1457.74  0.000e+00
     37.952   64.96166 -169.88358     2.4410    32.7887    1457.74  0.000e+00
     37.937   64.96166 -169.88358     2.4400    32.7893    1457.74  0.000e+00
     37.952   64.96166 -169.88358     2.4402    32.7891    1457.74  0.000e+00
     37.890   64.96166 -169.88358     2.4397    32.7887    1457.74  0.000e+00
     37.952   64.96166 -169.88358     2.4388    32.7882    1457.73  0.000e+00
     37.883   64.96166 -169.88358     2.4375    32.7893    1457.73  0.000e+00
     37.890   64.96166 -169.88358     2.4369    32.7901    1457.73  0.000e+00
     37.890   64.96166 -169.88358     2.4369    32.7899    1457.73  0.000e+00
     37.883   64.96166 -169.88358     2.4371    32.7903    1457.73  0.000e+00
     37.836   64.96166 -169.88358     2.4386    32.7910    1457.74  0.000e+00
     37.890   64.96166 -169.88358     2.4394    32.7909    1457.74  0.000e+00
     37.836   64.96166 -169.88358     2.4408    32.7899    1457.74  0.000e+00
     37.829   64.96166 -169.88358     2.4422    32.7900    1457.75  0.000e+00
     37.775   64.96166 -169.88358     2.4438    32.7917    1457.76  0.000e+00
     37.836   64.96166 -169.88358     2.4447    32.7928    1457.76  0.000e+00
     37.829   64.96166 -169.88358     2.4463    32.7930    1457.77  0.000e+00
     37.775   64.96166 -169.88358     2.4482    32.7925    1457.78  0.000e+00
     37.775   64.96166 -169.88358     2.4505    32.7917    1457.79  0.000e+00
     37.721   64.96166 -169.88358     2.4535    32.7902    1457.80  0.000e+00
     37.767   64.96166 -169.88358     2.4549    32.7882    1457.80  0.000e+00
     37.775   64.96166 -169.88358     2.4548    32.7872    1457.80  0.000e+00
     37.720   64.96166 -169.88358     2.4539    32.7852    1457.79  0.000e+00
     37.713   64.96166 -169.88358     2.4516    32.7863    1457.78  0.000e+00
     37.720   64.96166 -169.88358     2.4498    32.7877    1457.78  0.000e+00
     37.720   64.96166 -169.88358     2.4499    32.7885    1457.78  0.000e+00
     37.713   64.96166 -169.88358     2.4513    32.7886    1457.79  0.000e+00
     37.659   64.96166 -169.88358     2.4532    32.7899    1457.79  0.000e+00
     37.659   64.96166 -169.88358     2.4568    32.7896    1457.81  0.000e+00
     37.720   64.96166 -169.88358     2.4593    32.7907    1457.82  0.000e+00
     37.597   64.96166 -169.88358     2.4638    32.7912    1457.84  0.000e+00
     37.659   64.96166 -169.88358     2.4679    32.7885    1457.86  0.000e+00
     37.659   64.96166 -169.88358     2.4702    32.7867    1457.86  0.000e+00
     37.651   64.96166 -169.88358     2.4705    32.7868    1457.87  0.000e+00
     37.605   64.96166 -169.88358     2.4695    32.7870    1457.86  0.000e+00
     37.659   64.96166 -169.88358     2.4680    32.7878    1457.86  0.000e+00
     37.605   64.96166 -169.88358     2.4671    32.7885    1457.85  0.000e+00
     37.651   64.96166 -169.88358     2.4666    32.7886    1457.85  0.000e+00
     37.551   64.96166 -169.88358     2.4668    32.7883    1457.85  0.000e+00
     37.659   64.96166 -169.88358     2.4669    32.7880    1457.85  0.000e+00
     37.597   64.96166 -169.88358     2.4668    32.7881    1457.85  0.000e+00
     37.551   64.96166 -169.88358     2.4665    32.7893    1457.85  0.000e+00
     37.605   64.96166 -169.88358     2.4663    32.7898    1457.85  0.000e+00
     37.597   64.96166 -169.88358     2.4665    32.7900    1457.85  0.000e+00
     37.605   64.96166 -169.88358     2.4666    32.7911    1457.85  0.000e+00
     37.551   64.96166 -169.88358     2.4674    32.7931    1457.86  0.000e+00
     37.605   64.96166 -169.88358     2.4674    32.7969    1457.86  0.000e+00
     37.597   64.96166 -169.88358     2.4671    32.8004    1457.87  0.000e+00
     37.550   64.96166 -169.88358     2.4718    32.7993    1457.89  0.000e+00
     37.604   64.96166 -169.88358     2.4813    32.7929    1457.92  0.000e+00
     37.597   64.96166 -169.88358     2.4910    32.7865    1457.95  0.000e+00
     37.550   64.96166 -169.88358     2.4965    32.7853    1457.98  0.000e+00
     37.550   64.96166 -169.88358     2.4978    32.7884    1457.98  0.000e+00
     37.604   64.96166 -169.88358     2.5012    32.7907    1458.00  0.000e+00
     37.597   64.96166 -169.88358     2.5087    32.7922    1458.04  0.000e+00
     37.604   64.96166 -169.88358     2.5189    32.7918    1458.08  0.000e+00
     37.550   64.96166 -169.88358     2.5258    32.7890    1458.11  0.000e+00
     37.597   64.96166 -169.88358     2.5297    32.7851    1458.12  0.000e+00
     37.604   64.96166 -169.88358     2.5307    32.7835    1458.12  0.000e+00
     37.604   64.96166 -169.88358     2.5307    32.7840    1458.12  0.000e+00
     37.597   64.96166 -169.88358     2.5283    32.7828    1458.11  0.000e+00
     37.604   64.96166 -169.88358     2.5238    32.7796    1458.09  0.000e+00
     37.604   64.96166 -169.88358     2.5191    32.7766    1458.06  0.000e+00
     37.604   64.96166 -169.88358     2.5142    32.7748    1458.04  0.000e+00
     37.651   64.96166 -169.88358     2.5098    32.7748    1458.02  0.000e+00
     37.604   64.96166 -169.88358     2.5065    32.7749    1458.01  0.000e+00
     37.658   64.96166 -169.88358     2.5026    32.7765    1457.99  0.000e+00
     37.651   64.96166 -169.88358     2.4984    32.7815    1457.98  0.000e+00
     37.604   64.96166 -169.88358     2.4954    32.7880    1457.97  0.000e+00
     37.658   64.96166 -169.88358     2.4968    32.7912    1457.99  0.000e+00
     37.658   64.96166 -169.88358     2.5051    32.7893    1458.02  0.000e+00
     37.651   64.96166 -169.88358     2.5114    32.7905    1458.05  0.000e+00
     37.720   64.96166 -169.88358     2.5174    32.7910    1458.08  0.000e+00
     37.658   64.96166 -169.88358     2.5241    32.7897    1458.10  0.000e+00
     37.712   64.96166 -169.88358     2.5277    32.7884    1458.12  0.000e+00
     37.658   64.96166 -169.88358     2.5285    32.7883    1458.12  0.000e+00
     37.720   64.96166 -169.88358     2.5286    32.7885    1458.12  0.000e+00
     37.720   64.96166 -169.88358     2.5261    32.7877    1458.11  0.000e+00
     37.712   64.96166 -169.88358     2.5180    32.7865    1458.07  0.000e+00
     37.720   64.96166 -169.88358     2.5073    32.7842    1458.02  0.000e+00
     37.774   64.96166 -169.88358     2.4984    32.7836    1457.98  0.000e+00
     37.712   64.96166 -169.88358     2.4940    32.7826    1457.96  0.000e+00
     37.774   64.96166 -169.88358     2.4931    32.7806    1457.96  0.000e+00
     37.774   64.96166 -169.88358     2.4926    32.7792    1457.95  0.000e+00
     37.766   64.96166 -169.88358     2.4910    32.7788    1457.95  0.000e+00
     37.774   64.96166 -169.88358     2.4891    32.7808    1457.94  0.000e+00
     37.774   64.96166 -169.88358     2.4873    32.7838    1457.94  0.000e+00
     37.774   64.96166 -169.88358     2.4855    32.7834    1457.93  0.000e+00
     37.828   64.96166 -169.88358     2.4818    32.7840    1457.91  0.000e+00
     37.774   64.96166 -169.88358     2.4804    32.7852    1457.91  0.000e+00
     37.836   64.96166 -169.88358     2.4821    32.7852    1457.92  0.000e+00
     37.828   64.96166 -169.88358     2.4823    32.7856    1457.92  0.000e+00
     37.836   64.96166 -169.88358     2.4807    32.7857    1457.91  0.000e+00
     37.836   64.96166 -169.88358     2.4785    32.7862    1457.90  0.000e+00
     37.890   64.96166 -169.88358     2.4762    32.7868    1457.89  0.000e+00
     37.882   64.96166 -169.88358     2.4743    32.7872    1457.89  0.000e+00
     37.835   64.96166 -169.88358     2.4733    32.7879    1457.88  0.000e+00
     37.890   64.96166 -169.88358     2.4731    32.7877    1457.88  0.000e+00
     37.882   64.96166 -169.88358     2.4722    32.7880    1457.88  0.000e+00
     37.835   64.96166 -169.88358     2.4713    32.7903    1457.88  0.000e+00
     37.951   64.96166 -169.88358     2.4718    32.7930    1457.88  0.000e+00
     37.889   64.96166 -169.88358     2.4766    32.7910    1457.90  0.000e+00
     37.882   64.96166 -169.88358     2.4820    32.7862    1457.92  0.000e+00
     37.951   64.96166 -169.88358     2.4810    32.7866    1457.92  0.000e+00
     37.889   64.96166 -169.88358     2.4787    32.7866    1457.90  0.000e+00
     37.936   64.96166 -169.88358     2.4752    32.7846    1457.89  0.000e+00
     37.951   64.96166 -169.88358     2.4702    32.7846    1457.87  0.000e+00
     37.951   64.96166 -169.88358     2.4663    32.7873    1457.85  0.000e+00
     37.889   64.96166 -169.88358     2.4637    32.7894    1457.84  0.000e+00
     37.936   64.96166 -169.88358     2.4630    32.7881    1457.84  0.000e+00
     37.951   64.96166 -169.88358     2.4639    32.7860    1457.84  0.000e+00
     37.951   64.96166 -169.88358     2.4654    32.7838    1457.84  0.000e+00
     37.997   64.96166 -169.88358     2.4668    32.7817    1457.85  0.000e+00
     37.951   64.96166 -169.88358     2.4680    32.7810    1457.85  0.000e+00
     37.951   64.96166 -169.88358     2.4693    32.7802    1457.86  0.000e+00
     37.951   64.96166 -169.88358     2.4696    32.7810    1457.86  0.000e+00
     37.997   64.96166 -169.88358     2.4691    32.7826    1457.86  0.000e+00
     37.951   64.96166 -169.88358     2.4680    32.7847    1457.86  0.000e+00
     38.005   64.96166 -169.88358     2.4669    32.7862    1457.85  0.000e+00
     37.936   64.96166 -169.88358     2.4665    32.7875    1457.85  0.000e+00
     38.005   64.96166 -169.88358     2.4668    32.7871    1457.86  0.000e+00
     37.951   64.96166 -169.88358     2.4666    32.7853    1457.85  0.000e+00
     38.005   64.96166 -169.88358     2.4660    32.7842    1457.85  0.000e+00
     37.936   64.96166 -169.88358     2.4666    32.7840    1457.85  0.000e+00
     38.005   64.96166 -169.88358     2.4668    32.7845    1457.85  0.000e+00
     37.951   64.96166 -169.88358     2.4671    32.7847    1457.85  0.000e+00
     37.935   64.96166 -169.88358     2.4666    32.7861    1457.85  0.000e+00
     38.005   64.96166 -169.88358     2.4660    32.7867    1457.85  0.000e+00
     37.951   64.96166 -169.88358     2.4657    32.7855    1457.85  0.000e+00
     37.951   64.96166 -169.88358     2.4654    32.7843    1457.84  0.000e+00
     37.997   64.96166 -169.88358     2.4654    32.7839    1457.85  0.000e+00
     37.951   64.96166 -169.88358     2.4658    32.7840    1457.85  0.000e+00
     37.951   64.96166 -169.88358     2.4661    32.7844    1457.85  0.000e+00
     37.935   64.96166 -169.88358     2.4647    32.7864    1457.84  0.000e+00
     37.951   64.96166 -169.88358     2.4621    32.7880    1457.84  0.000e+00
     37.951   64.96166 -169.88358     2.4532    32.7931    1457.80  0.000e+00
     37.951   64.96166 -169.88358     2.4444    32.7981    1457.77  0.000e+00
     37.935   64.96166 -169.88358     2.4440    32.7989    1457.77  0.000e+00
     37.951   64.96166 -169.88358     2.4483    32.7970    1457.79  0.000e+00
     37.889   64.96166 -169.88358     2.4524    32.7954    1457.80  0.000e+00
     37.935   64.96166 -169.88358     2.4541    32.7954    1457.81  0.000e+00
     37.951   64.96166 -169.88358     2.4569    32.7940    1457.82  0.000e+00
     37.889   64.96166 -169.88358     2.4600    32.7933    1457.83  0.000e+00
     37.889   64.96166 -169.88358     2.4613    32.7942    1457.84  0.000e+00
     37.935   64.96166 -169.88358     2.4621    32.7935    1457.84  0.000e+00
     37.889   64.96166 -169.88358     2.4618    32.7931    1457.84  0.000e+00
     37.889   64.96166 -169.88358     2.4619    32.7919    1457.84  0.000e+00
     37.881   64.96166 -169.88358     2.4621    32.7910    1457.84  0.000e+00
     37.889   64.96166 -169.88358     2.4629    32.7905    1457.84  0.000e+00
     37.889   64.96166 -169.88358     2.4632    32.7900    1457.84  0.000e+00
     37.889   64.96166 -169.88358     2.4632    32.7893    1457.84  0.000e+00
     37.827   64.96166 -169.88358     2.4630    32.7890    1457.84  0.000e+00
     37.889   64.96166 -169.88358     2.4627    32.7890    1457.84  0.000e+00
     37.835   64.96166 -169.88358     2.4621    32.7894    1457.84  0.000e+00
     37.881   64.96166 -169.88358     2.4616    32.7896    1457.83  0.000e+00
     37.835   64.96166 -169.88358     2.4619    32.7897    1457.83  0.000e+00
     37.835   64.96166 -169.88358     2.4632    32.7898    1457.84  0.000e+00
     37.765   64.96166 -169.88358     2.4649    32.7915    1457.85  0.000e+00
     37.889   64.96166 -169.88358     2.4713    32.7920    1457.88  0.000e+00
     37.835   64.96166 -169.88358     2.4787    32.7925    1457.91  0.000e+00
     37.835   64.96166 -169.88358     2.4832    32.7899    1457.93  0.000e+00
     37.827   64.96166 -169.88358     2.4841    32.7881    1457.93  0.000e+00
     37.835   64.96166 -169.88358     2.4843    32.7873    1457.93  0.000e+00
     37.773   64.96166 -169.88358     2.4851    32.7859    1457.93  0.000e+00
     37.827   64.96166 -169.88358     2.4835    32.7870    1457.93  0.000e+00
     37.835   64.96166 -169.88358     2.4808    32.7908    1457.92  0.000e+00
     37.773   64.96166 -169.88358     2.4794    32.7935    1457.92  0.000e+00
     37.835   64.96166 -169.88358     2.4788    32.7957    1457.92  0.000e+00
     37.765   64.96166 -169.88358     2.4827    32.7995    1457.94  0.000e+00
     37.773   64.96166 -169.88358     2.4917    32.7980    1457.97  0.000e+00
     37.773   64.96166 -169.88358     2.4971    32.7924    1457.99  0.000e+00
     37.827   64.96166 -169.88358     2.4964    32.7871    1457.98  0.000e+00
     37.773   64.96166 -169.88358     2.4987    32.7823    1457.98  0.000e+00
     37.773   64.96166 -169.88358     2.5026    32.7811    1458.00  0.000e+00
     37.773   64.96166 -169.88358     2.5059    32.7815    1458.01  0.000e+00
     37.765   64.96166 -169.88358     2.5065    32.7838    1458.02  0.000e+00
     37.773   64.96166 -169.88358     2.5059    32.7857    1458.02  0.000e+00
     37.835   64.96166 -169.88358     2.5053    32.7863    1458.02  0.000e+00
     37.711   64.96166 -169.88358     2.5051    32.7865    1458.02  0.000e+00
