EcoFOCI/data/1_SampleCollection/2023_SikuliaqDBO_CruiseData/CTD_raw_BottleFile_SKQ23-12S/proc/skq202312s_045svp.cnv
* Sea-Bird SBE 9 Data File:
* FileName = D:\CTD\SKQ202312S\SKQ202312S_045.hex
* Software Version Seasave V 7.26.7.121
* Temperature SN = 6177
* Conductivity SN = 0369
* Number of Bytes Per Scan = 41
* Number of Voltage Words = 4
* Number of Scans Averaged by the Deck Unit = 1
* NMEA Latitude = 71 39.21 N
* NMEA Longitude = 161 35.21 W
* NMEA UTC (Time) = Sep 24 2023  11:43:57
* NMEA baud rate = 4800
** Ship: R/V Sikuliaq
** Station Number: 045
** Station Name: DBO4.4na
** Bottom Depth: 47
** Operator: Bern
# nquan = 7
# nvalues = 6596                                  
# units = specified
# name 0 = depSM: Depth [salt water, m]
# name 1 = latitude: Latitude [deg]
# name 2 = longitude: Longitude [deg]
# name 3 = t090C: Temperature [ITS-90, deg C]
# name 4 = sal00: Salinity, Practical [PSU]
# name 5 = svCM: Sound Velocity [Chen-Millero, m/s]
# name 6 = flag:  0.000e+00
# span 0 =      2.756,     39.988                 
# span 1 =   71.65350,   71.65352                 
# span 2 = -161.58680, -161.58674                 
# span 3 =    -1.4991,     2.4107                 
# span 4 =    27.3134,    32.5744                 
# span 5 =    1439.22,    1452.22                 
# span 6 = 0.0000e+00, 0.0000e+00                 
# interval = seconds: 0.0416667
# start_time = Sep 24 2023 11:47:11 [NMEA time, first data scan]
# bad_flag = -9.990e-29
*END*
[from data line 1231]
      8.129   71.65352 -161.58676     1.8179    27.3154    1447.34  0.000e+00
      8.183   71.65352 -161.58676     1.8178    27.3154    1447.34  0.000e+00
      8.183   71.65352 -161.58676     1.8176    27.3156    1447.34  0.000e+00
      8.129   71.65352 -161.58676     1.8178    27.3155    1447.34  0.000e+00
      8.160   71.65352 -161.58676     1.8178    27.3154    1447.34  0.000e+00
      8.183   71.65352 -161.58676     1.8175    27.3157    1447.34  0.000e+00
      8.183   71.65352 -161.58676     1.8177    27.3155    1447.34  0.000e+00
      8.183   71.65352 -161.58676     1.8178    27.3154    1447.34  0.000e+00
      8.183   71.65352 -161.58676     1.8178    27.3156    1447.34  0.000e+00
      8.183   71.65352 -161.58676     1.8176    27.3158    1447.34  0.000e+00
      8.244   71.65352 -161.58676     1.8179    27.3157    1447.35  0.000e+00
      8.183   71.65352 -161.58676     1.8178    27.3159    1447.34  0.000e+00
      8.183   71.65352 -161.58676     1.8181    27.3158    1447.35  0.000e+00
      8.244   71.65352 -161.58676     1.8178    27.3161    1447.35  0.000e+00
      8.183   71.65352 -161.58676     1.8181    27.3159    1447.35  0.000e+00
      8.244   71.65352 -161.58676     1.8181    27.3162    1447.35  0.000e+00
      8.183   71.65352 -161.58676     1.8181    27.3164    1447.35  0.000e+00
      8.244   71.65352 -161.58676     1.8182    27.3162    1447.35  0.000e+00
      8.244   71.65352 -161.58676     1.8184    27.3164    1447.35  0.000e+00
      8.183   71.65352 -161.58676     1.8184    27.3164    1447.35  0.000e+00
      8.244   71.65352 -161.58676     1.8186    27.3162    1447.35  0.000e+00
      8.182   71.65352 -161.58676     1.8187    27.3161    1447.35  0.000e+00
      8.244   71.65352 -161.58676     1.8186    27.3160    1447.35  0.000e+00
      8.213   71.65352 -161.58676     1.8189    27.3161    1447.35  0.000e+00
      8.244   71.65352 -161.58676     1.8187    27.3158    1447.35  0.000e+00
      8.244   71.65352 -161.58676     1.8189    27.3158    1447.35  0.000e+00
      8.244   71.65352 -161.58676     1.8186    27.3160    1447.35  0.000e+00
      8.244   71.65352 -161.58676     1.8189    27.3161    1447.35  0.000e+00
      8.244   71.65352 -161.58676     1.8189    27.3158    1447.35  0.000e+00
      8.244   71.65352 -161.58676     1.8189    27.3157    1447.35  0.000e+00
      8.244   71.65352 -161.58676     1.8190    27.3156    1447.35  0.000e+00
      8.182   71.65352 -161.58676     1.8189    27.3157    1447.35  0.000e+00
      8.298   71.65352 -161.58676     1.8189    27.3157    1447.35  0.000e+00
      8.244   71.65352 -161.58676     1.8190    27.3158    1447.35  0.000e+00
      8.244   71.65352 -161.58676     1.8192    27.3155    1447.35  0.000e+00
      8.244   71.65352 -161.58676     1.8190    27.3157    1447.35  0.000e+00
      8.244   71.65352 -161.58676     1.8190    27.3157    1447.35  0.000e+00
      8.244   71.65352 -161.58676     1.8192    27.3153    1447.35  0.000e+00
      8.244   71.65352 -161.58676     1.8189    27.3158    1447.35  0.000e+00
      8.244   71.65352 -161.58676     1.8190    27.3158    1447.35  0.000e+00
      8.182   71.65352 -161.58676     1.8192    27.3155    1447.35  0.000e+00
      8.298   71.65352 -161.58676     1.8190    27.3153    1447.35  0.000e+00
      8.213   71.65352 -161.58676     1.8190    27.3156    1447.35  0.000e+00
      8.244   71.65352 -161.58676     1.8190    27.3157    1447.35  0.000e+00
      8.244   71.65352 -161.58676     1.8190    27.3154    1447.35  0.000e+00
      8.298   71.65352 -161.58676     1.8189    27.3156    1447.35  0.000e+00
      8.244   71.65352 -161.58676     1.8192    27.3154    1447.35  0.000e+00
      8.244   71.65352 -161.58676     1.8190    27.3156    1447.35  0.000e+00
      8.244   71.65352 -161.58676     1.8191    27.3153    1447.35  0.000e+00
      8.297   71.65352 -161.58676     1.8190    27.3155    1447.35  0.000e+00
      8.243   71.65352 -161.58676     1.8189    27.3155    1447.35  0.000e+00
      8.243   71.65352 -161.58676     1.8192    27.3152    1447.35  0.000e+00
      8.297   71.65352 -161.58676     1.8189    27.3156    1447.35  0.000e+00
      8.243   71.65352 -161.58676     1.8189    27.3157    1447.35  0.000e+00
      8.297   71.65352 -161.58676     1.8189    27.3152    1447.35  0.000e+00
      8.243   71.65352 -161.58676     1.8190    27.3156    1447.35  0.000e+00
      8.297   71.65352 -161.58676     1.8189    27.3157    1447.35  0.000e+00
      8.243   71.65352 -161.58676     1.8187    27.3156    1447.35  0.000e+00
      8.297   71.65352 -161.58676     1.8189    27.3156    1447.35  0.000e+00
      8.297   71.65352 -161.58676     1.8190    27.3154    1447.35  0.000e+00
      8.243   71.65352 -161.58676     1.8189    27.3156    1447.35  0.000e+00
      8.328   71.65352 -161.58676     1.8189    27.3156    1447.35  0.000e+00
      8.359   71.65352 -161.58676     1.8189    27.3154    1447.35  0.000e+00
      8.297   71.65352 -161.58676     1.8189    27.3154    1447.35  0.000e+00
      8.297   71.65352 -161.58676     1.8189    27.3154    1447.35  0.000e+00
      8.359   71.65352 -161.58676     1.8189    27.3152    1447.35  0.000e+00
      8.297   71.65352 -161.58676     1.8186    27.3156    1447.35  0.000e+00
      8.359   71.65352 -161.58676     1.8192    27.3149    1447.35  0.000e+00
      8.359   71.65352 -161.58676     1.8189    27.3155    1447.35  0.000e+00
      8.359   71.65352 -161.58676     1.8189    27.3156    1447.35  0.000e+00
      8.359   71.65352 -161.58676     1.8190    27.3153    1447.35  0.000e+00
      8.359   71.65352 -161.58676     1.8190    27.3153    1447.35  0.000e+00
      8.359   71.65352 -161.58676     1.8187    27.3157    1447.35  0.000e+00
      8.413   71.65352 -161.58676     1.8189    27.3152    1447.35  0.000e+00
      8.413   71.65352 -161.58676     1.8186    27.3159    1447.35  0.000e+00
      8.413   71.65352 -161.58676     1.8190    27.3157    1447.35  0.000e+00
      8.413   71.65352 -161.58676     1.8189    27.3158    1447.35  0.000e+00
      8.413   71.65352 -161.58676     1.8187    27.3156    1447.35  0.000e+00
      8.359   71.65352 -161.58676     1.8187    27.3155    1447.35  0.000e+00
      8.497   71.65352 -161.58676     1.8187    27.3156    1447.35  0.000e+00
      8.528   71.65352 -161.58676     1.8187    27.3158    1447.35  0.000e+00
      8.466   71.65352 -161.58676     1.8186    27.3155    1447.35  0.000e+00
      8.466   71.65352 -161.58676     1.8186    27.3150    1447.35  0.000e+00
      8.466   71.65352 -161.58676     1.8186    27.3150    1447.35  0.000e+00
      8.528   71.65352 -161.58676     1.8184    27.3158    1447.35  0.000e+00
      8.528   71.65352 -161.58676     1.8184    27.3163    1447.35  0.000e+00
      8.582   71.65352 -161.58676     1.8187    27.3161    1447.36  0.000e+00
      8.528   71.65352 -161.58676     1.8187    27.3163    1447.36  0.000e+00
      8.582   71.65352 -161.58676     1.8189    27.3159    1447.36  0.000e+00
      8.528   71.65352 -161.58676     1.8187    27.3165    1447.36  0.000e+00
      8.644   71.65352 -161.58676     1.8191    27.3164    1447.36  0.000e+00
      8.644   71.65352 -161.58676     1.8190    27.3169    1447.36  0.000e+00
      8.582   71.65352 -161.58676     1.8192    27.3170    1447.36  0.000e+00
      8.644   71.65352 -161.58676     1.8192    27.3177    1447.36  0.000e+00
      8.644   71.65352 -161.58676     1.8193    27.3180    1447.36  0.000e+00
      8.674   71.65352 -161.58676     1.8197    27.3183    1447.36  0.000e+00
      8.697   71.65352 -161.58676     1.8197    27.3183    1447.36  0.000e+00
      8.697   71.65352 -161.58676     1.8198    27.3182    1447.37  0.000e+00
      8.751   71.65352 -161.58676     1.8197    27.3182    1447.37  0.000e+00
      8.697   71.65352 -161.58676     1.8200    27.3177    1447.37  0.000e+00
      8.751   71.65352 -161.58676     1.8198    27.3180    1447.37  0.000e+00
      8.751   71.65352 -161.58676     1.8198    27.3184    1447.37  0.000e+00
      8.813   71.65352 -161.58676     1.8200    27.3184    1447.37  0.000e+00
      8.813   71.65352 -161.58676     1.8200    27.3185    1447.37  0.000e+00
      8.867   71.65352 -161.58676     1.8201    27.3185    1447.37  0.000e+00
      8.813   71.65352 -161.58676     1.8201    27.3183    1447.37  0.000e+00
      8.867   71.65352 -161.58676     1.8204    27.3183    1447.37  0.000e+00
      8.867   71.65352 -161.58676     1.8203    27.3186    1447.37  0.000e+00
      8.867   71.65352 -161.58676     1.8203    27.3186    1447.37  0.000e+00
      8.928   71.65352 -161.58676     1.8203    27.3187    1447.37  0.000e+00
      8.867   71.65352 -161.58676     1.8204    27.3185    1447.37  0.000e+00
      8.959   71.65352 -161.58676     1.8204    27.3179    1447.37  0.000e+00
      8.928   71.65352 -161.58676     1.8203    27.3180    1447.37  0.000e+00
      8.928   71.65352 -161.58676     1.8206    27.3184    1447.37  0.000e+00
      9.044   71.65352 -161.58676     1.8203    27.3186    1447.37  0.000e+00
      8.928   71.65352 -161.58676     1.8203    27.3186    1447.37  0.000e+00
      9.044   71.65352 -161.58676     1.8204    27.3186    1447.37  0.000e+00
      9.044   71.65352 -161.58676     1.8204    27.3188    1447.37  0.000e+00
      8.982   71.65352 -161.58676     1.8206    27.3184    1447.37  0.000e+00
      9.044   71.65352 -161.58676     1.8203    27.3189    1447.37  0.000e+00
      9.044   71.65352 -161.58676     1.8204    27.3189    1447.37  0.000e+00
      9.098   71.65352 -161.58676     1.8204    27.3186    1447.38  0.000e+00
      9.098   71.65352 -161.58676     1.8204    27.3184    1447.37  0.000e+00
      9.098   71.65352 -161.58676     1.8206    27.3188    1447.38  0.000e+00
      9.098   71.65352 -161.58676     1.8204    27.3191    1447.38  0.000e+00
      9.075   71.65352 -161.58676     1.8204    27.3189    1447.38  0.000e+00
      9.152   71.65352 -161.58676     1.8204    27.3190    1447.38  0.000e+00
      9.098   71.65352 -161.58676     1.8206    27.3189    1447.38  0.000e+00
      9.152   71.65352 -161.58676     1.8206    27.3189    1447.38  0.000e+00
      9.152   71.65352 -161.58676     1.8206    27.3189    1447.38  0.000e+00
      9.213   71.65352 -161.58676     1.8204    27.3192    1447.38  0.000e+00
      9.152   71.65352 -161.58676     1.8207    27.3186    1447.38  0.000e+00
      9.152   71.65352 -161.58676     1.8207    27.3189    1447.38  0.000e+00
      9.213   71.65352 -161.58676     1.8206    27.3191    1447.38  0.000e+00
      9.152   71.65352 -161.58676     1.8206    27.3186    1447.38  0.000e+00
      9.213   71.65352 -161.58676     1.8204    27.3191    1447.38  0.000e+00
      9.213   71.65352 -161.58676     1.8206    27.3188    1447.38  0.000e+00
      9.213   71.65352 -161.58676     1.8207    27.3187    1447.38  0.000e+00
      9.213   71.65352 -161.58676     1.8206    27.3189    1447.38  0.000e+00
      9.244   71.65352 -161.58676     1.8206    27.3190    1447.38  0.000e+00
      9.213   71.65352 -161.58676     1.8206    27.3188    1447.38  0.000e+00
      9.213   71.65352 -161.58676     1.8204    27.3190    1447.38  0.000e+00
      9.267   71.65352 -161.58676     1.8207    27.3182    1447.38  0.000e+00
      9.267   71.65352 -161.58676     1.8204    27.3185    1447.38  0.000e+00
      9.267   71.65352 -161.58676     1.8203    27.3186    1447.38  0.000e+00
      9.267   71.65352 -161.58676     1.8203    27.3185    1447.38  0.000e+00
      9.213   71.65352 -161.58676     1.8201    27.3187    1447.38  0.000e+00
      9.267   71.65352 -161.58676     1.8201    27.3188    1447.38  0.000e+00
      9.267   71.65352 -161.58676     1.8201    27.3186    1447.38  0.000e+00
      9.267   71.65352 -161.58676     1.8201    27.3186    1447.38  0.000e+00
      9.267   71.65352 -161.58676     1.8203    27.3184    1447.38  0.000e+00
      9.213   71.65352 -161.58676     1.8204    27.3183    1447.38  0.000e+00
      9.298   71.65352 -161.58676     1.8203    27.3187    1447.38  0.000e+00
      9.267   71.65352 -161.58676     1.8203    27.3189    1447.38  0.000e+00
      9.267   71.65352 -161.58676     1.8204    27.3182    1447.38  0.000e+00
      9.267   71.65352 -161.58676     1.8204    27.3178    1447.38  0.000e+00
      9.267   71.65352 -161.58676     1.8203    27.3179    1447.38  0.000e+00
      9.267   71.65352 -161.58676     1.8203    27.3179    1447.38  0.000e+00
      9.267   71.65352 -161.58676     1.8203    27.3181    1447.38  0.000e+00
      9.328   71.65352 -161.58676     1.8201    27.3181    1447.38  0.000e+00
      9.267   71.65352 -161.58676     1.8201    27.3182    1447.38  0.000e+00
      9.267   71.65352 -161.58676     1.8203    27.3180    1447.38  0.000e+00
      9.267   71.65352 -161.58676     1.8201    27.3181    1447.38  0.000e+00
      9.267   71.65352 -161.58676     1.8201    27.3178    1447.38  0.000e+00
      9.267   71.65352 -161.58676     1.8201    27.3180    1447.38  0.000e+00
      9.243   71.65352 -161.58676     1.8200    27.3174    1447.37  0.000e+00
      9.328   71.65352 -161.58676     1.8198    27.3178    1447.38  0.000e+00
      9.267   71.65352 -161.58676     1.8200    27.3172    1447.37  0.000e+00
      9.266   71.65352 -161.58676     1.8200    27.3169    1447.37  0.000e+00
      9.266   71.65352 -161.58676     1.8198    27.3175    1447.37  0.000e+00
      9.266   71.65352 -161.58676     1.8197    27.3177    1447.37  0.000e+00
      9.266   71.65352 -161.58676     1.8200    27.3170    1447.37  0.000e+00
      9.266   71.65352 -161.58676     1.8197    27.3172    1447.37  0.000e+00
      9.266   71.65352 -161.58676     1.8198    27.3167    1447.37  0.000e+00
      9.266   71.65352 -161.58676     1.8198    27.3167    1447.37  0.000e+00
      9.266   71.65352 -161.58676     1.8195    27.3170    1447.37  0.000e+00
      9.266   71.65352 -161.58676     1.8198    27.3166    1447.37  0.000e+00
      9.266   71.65352 -161.58676     1.8197    27.3171    1447.37  0.000e+00
      9.266   71.65352 -161.58676     1.8197    27.3172    1447.37  0.000e+00
      9.297   71.65352 -161.58676     1.8195    27.3170    1447.37  0.000e+00
      9.266   71.65352 -161.58676     1.8195    27.3172    1447.37  0.000e+00
      9.266   71.65352 -161.58676     1.8197    27.3170    1447.37  0.000e+00
      9.266   71.65352 -161.58676     1.8195    27.3173    1447.37  0.000e+00
      9.266   71.65352 -161.58676     1.8195    27.3174    1447.37  0.000e+00
      9.266   71.65352 -161.58676     1.8197    27.3172    1447.37  0.000e+00
      9.266   71.65352 -161.58676     1.8197    27.3174    1447.37  0.000e+00
      9.266   71.65352 -161.58676     1.8197    27.3174    1447.37  0.000e+00
      9.266   71.65352 -161.58676     1.8197    27.3174    1447.37  0.000e+00
      9.266   71.65352 -161.58676     1.8197    27.3177    1447.37  0.000e+00
      9.212   71.65352 -161.58676     1.8198    27.3176    1447.37  0.000e+00
      9.328   71.65352 -161.58676     1.8195    27.3178    1447.37  0.000e+00
      9.266   71.65352 -161.58676     1.8198    27.3176    1447.37  0.000e+00
      9.297   71.65352 -161.58676     1.8199    27.3173    1447.37  0.000e+00
      9.266   71.65352 -161.58676     1.8198    27.3175    1447.37  0.000e+00
      9.266   71.65352 -161.58676     1.8198    27.3177    1447.37  0.000e+00
      9.328   71.65352 -161.58676     1.8200    27.3174    1447.38  0.000e+00
      9.328   71.65352 -161.58676     1.8200    27.3174    1447.38  0.000e+00
      9.266   71.65352 -161.58676     1.8198    27.3177    1447.37  0.000e+00
      9.328   71.65352 -161.58676     1.8197    27.3179    1447.37  0.000e+00
      9.266   71.65352 -161.58676     1.8200    27.3175    1447.37  0.000e+00
      9.328   71.65352 -161.58676     1.8197    27.3177    1447.37  0.000e+00
      9.328   71.65352 -161.58676     1.8198    27.3179    1447.38  0.000e+00
      9.328   71.65352 -161.58676     1.8198    27.3178    1447.38  0.000e+00
      9.327   71.65352 -161.58676     1.8198    27.3176    1447.37  0.000e+00
