EcoFOCI/data/1_SampleCollection/2023_SikuliaqDBO_CruiseData/CTD_raw_BottleFile_SKQ23-12S/proc/skq202312s_009svp.cnv
* Sea-Bird SBE 9 Data File:
* FileName = D:\CTD\SKQ202312S\SKQ202312S_009.hex
* Software Version Seasave V 7.26.7.121
* Temperature SN = 6177
* Conductivity SN = 0369
* Number of Bytes Per Scan = 41
* Number of Voltage Words = 4
* Number of Scans Averaged by the Deck Unit = 1
* NMEA Latitude = 63 01.70 N
* NMEA Longitude = 173 27.64 W
* NMEA UTC (Time) = Sep 16 2023  10:53:46
* NMEA baud rate = 4800
** Ship: R/V Sikuliaq
** Station Number: 009
** Station Name: DBO1.8
** Bottom Depth: 71
** Operator: SD
# nquan = 7
# nvalues = 6445                                  
# units = specified
# name 0 = depSM: Depth [salt water, m]
# name 1 = latitude: Latitude [deg]
# name 2 = longitude: Longitude [deg]
# name 3 = t090C: Temperature [ITS-90, deg C]
# name 4 = sal00: Salinity, Practical [PSU]
# name 5 = svCM: Sound Velocity [Chen-Millero, m/s]
# name 6 = flag:  0.000e+00
# span 0 =      1.077,     66.655                 
# span 1 =   63.02840,   63.02840                 
# span 2 = -173.46060, -173.46058                 
# span 3 =    -1.3989,     7.4412                 
# span 4 =    31.2990,    32.0983                 
# span 5 =    1439.48,    1475.89                 
# span 6 = 0.0000e+00, 0.0000e+00                 
# interval = seconds: 0.0416667
# start_time = Sep 16 2023 10:56:36 [NMEA time, first data scan]
# bad_flag = -9.990e-29
*END*
[from data line 206]
      1.131   63.02840 -173.46060     7.4318    31.3068    1475.74  0.000e+00
      1.131   63.02840 -173.46060     7.4317    31.3064    1475.74  0.000e+00
      1.193   63.02840 -173.46060     7.4314    31.3065    1475.74  0.000e+00
      1.193   63.02840 -173.46060     7.4307    31.3067    1475.73  0.000e+00
      1.131   63.02840 -173.46060     7.4302    31.3071    1475.73  0.000e+00
      1.193   63.02840 -173.46060     7.4294    31.3072    1475.73  0.000e+00
      1.193   63.02840 -173.46060     7.4289    31.3078    1475.73  0.000e+00
      1.193   63.02840 -173.46060     7.4289    31.3077    1475.73  0.000e+00
      1.193   63.02840 -173.46060     7.4288    31.3076    1475.73  0.000e+00
      1.193   63.02840 -173.46060     7.4278    31.3080    1475.72  0.000e+00
      1.193   63.02840 -173.46060     7.4265    31.3086    1475.72  0.000e+00
      1.193   63.02840 -173.46060     7.4249    31.3093    1475.71  0.000e+00
      1.270   63.02840 -173.46060     7.4254    31.3080    1475.72  0.000e+00
      1.193   63.02840 -173.46060     7.4260    31.3073    1475.72  0.000e+00
      1.247   63.02840 -173.46060     7.4262    31.3067    1475.72  0.000e+00
      1.193   63.02840 -173.46060     7.4260    31.3070    1475.72  0.000e+00
      1.247   63.02840 -173.46060     7.4260    31.3070    1475.72  0.000e+00
      1.247   63.02840 -173.46060     7.4270    31.3067    1475.72  0.000e+00
      1.247   63.02840 -173.46060     7.4272    31.3074    1475.72  0.000e+00
      1.247   63.02840 -173.46060     7.4275    31.3073    1475.72  0.000e+00
      1.247   63.02840 -173.46060     7.4273    31.3071    1475.72  0.000e+00
      1.247   63.02840 -173.46060     7.4277    31.3064    1475.72  0.000e+00
      1.247   63.02840 -173.46060     7.4276    31.3061    1475.72  0.000e+00
      1.247   63.02840 -173.46060     7.4257    31.3070    1475.72  0.000e+00
      1.301   63.02840 -173.46058     7.4244    31.3081    1475.71  0.000e+00
      1.247   63.02840 -173.46058     7.4249    31.3077    1475.71  0.000e+00
      1.301   63.02840 -173.46058     7.4257    31.3068    1475.72  0.000e+00
      1.247   63.02840 -173.46058     7.4256    31.3064    1475.71  0.000e+00
      1.301   63.02840 -173.46058     7.4249    31.3077    1475.71  0.000e+00
      1.247   63.02840 -173.46058     7.4236    31.3085    1475.71  0.000e+00
      1.301   63.02840 -173.46058     7.4234    31.3085    1475.71  0.000e+00
      1.301   63.02840 -173.46058     7.4238    31.3080    1475.71  0.000e+00
      1.247   63.02840 -173.46058     7.4223    31.3091    1475.70  0.000e+00
      1.324   63.02840 -173.46058     7.4211    31.3105    1475.70  0.000e+00
      1.247   63.02840 -173.46058     7.4203    31.3111    1475.70  0.000e+00
      1.301   63.02840 -173.46058     7.4203    31.3106    1475.70  0.000e+00
      1.301   63.02840 -173.46058     7.4201    31.3109    1475.70  0.000e+00
      1.247   63.02840 -173.46058     7.4210    31.3102    1475.70  0.000e+00
      1.301   63.02840 -173.46058     7.4211    31.3098    1475.70  0.000e+00
      1.247   63.02840 -173.46058     7.4211    31.3093    1475.70  0.000e+00
      1.301   63.02840 -173.46058     7.4212    31.3091    1475.70  0.000e+00
      1.247   63.02840 -173.46058     7.4216    31.3086    1475.70  0.000e+00
      1.301   63.02840 -173.46058     7.4223    31.3080    1475.70  0.000e+00
      1.247   63.02840 -173.46058     7.4223    31.3086    1475.70  0.000e+00
      1.247   63.02840 -173.46058     7.4222    31.3088    1475.70  0.000e+00
      1.193   63.02840 -173.46058     7.4224    31.3088    1475.70  0.000e+00
      1.301   63.02840 -173.46058     7.4224    31.3088    1475.71  0.000e+00
      1.247   63.02840 -173.46058     7.4220    31.3090    1475.70  0.000e+00
      1.301   63.02840 -173.46058     7.4221    31.3099    1475.71  0.000e+00
      1.193   63.02840 -173.46058     7.4228    31.3096    1475.71  0.000e+00
      1.193   63.02840 -173.46058     7.4234    31.3093    1475.71  0.000e+00
      1.247   63.02840 -173.46058     7.4236    31.3095    1475.71  0.000e+00
      1.193   63.02840 -173.46058     7.4245    31.3093    1475.71  0.000e+00
      1.247   63.02840 -173.46058     7.4249    31.3086    1475.71  0.000e+00
      1.208   63.02840 -173.46058     7.4253    31.3084    1475.72  0.000e+00
      1.193   63.02840 -173.46058     7.4243    31.3081    1475.71  0.000e+00
      1.131   63.02840 -173.46058     7.4228    31.3083    1475.70  0.000e+00
      1.193   63.02840 -173.46058     7.4215    31.3081    1475.70  0.000e+00
      1.193   63.02840 -173.46058     7.4202    31.3082    1475.69  0.000e+00
      1.131   63.02840 -173.46058     7.4190    31.3085    1475.69  0.000e+00
      1.193   63.02840 -173.46058     7.4182    31.3088    1475.69  0.000e+00
      1.193   63.02840 -173.46058     7.4176    31.3089    1475.69  0.000e+00
      1.131   63.02840 -173.46058     7.4178    31.3089    1475.69  0.000e+00
      1.131   63.02840 -173.46058     7.4177    31.3084    1475.68  0.000e+00
      1.131   63.02840 -173.46058     7.4160    31.3086    1475.68  0.000e+00
      1.131   63.02840 -173.46058     7.4126    31.3092    1475.67  0.000e+00
      1.193   63.02840 -173.46058     7.4087    31.3105    1475.65  0.000e+00
      1.077   63.02840 -173.46058     7.4048    31.3122    1475.64  0.000e+00
      1.131   63.02840 -173.46058     7.4026    31.3123    1475.63  0.000e+00
      1.131   63.02840 -173.46058     7.4013    31.3117    1475.62  0.000e+00
      1.131   63.02840 -173.46058     7.4001    31.3124    1475.62  0.000e+00
      1.131   63.02840 -173.46058     7.3997    31.3121    1475.62  0.000e+00
      1.077   63.02840 -173.46058     7.4000    31.3117    1475.62  0.000e+00
      1.131   63.02840 -173.46058     7.4006    31.3113    1475.62  0.000e+00
      1.154   63.02840 -173.46058     7.4005    31.3117    1475.62  0.000e+00
      1.077   63.02840 -173.46058     7.4006    31.3119    1475.62  0.000e+00
      1.131   63.02840 -173.46058     7.4008    31.3124    1475.62  0.000e+00
      1.131   63.02840 -173.46058     7.4018    31.3119    1475.63  0.000e+00
      1.131   63.02840 -173.46058     7.4021    31.3118    1475.63  0.000e+00
      1.077   63.02840 -173.46058     7.4018    31.3118    1475.63  0.000e+00
      1.077   63.02840 -173.46058     7.4016    31.3117    1475.63  0.000e+00
      1.131   63.02840 -173.46058     7.4016    31.3123    1475.63  0.000e+00
      1.131   63.02840 -173.46058     7.4021    31.3117    1475.63  0.000e+00
      1.077   63.02840 -173.46058     7.4017    31.3121    1475.63  0.000e+00
      1.131   63.02840 -173.46058     7.4020    31.3120    1475.63  0.000e+00
      1.077   63.02840 -173.46058     7.4037    31.3112    1475.63  0.000e+00
      1.131   63.02840 -173.46058     7.4045    31.3113    1475.64  0.000e+00
      1.077   63.02840 -173.46058     7.4040    31.3117    1475.63  0.000e+00
      1.131   63.02840 -173.46058     7.4027    31.3128    1475.63  0.000e+00
      1.131   63.02840 -173.46058     7.4024    31.3128    1475.63  0.000e+00
      1.077   63.02840 -173.46058     7.4024    31.3132    1475.63  0.000e+00
      1.131   63.02840 -173.46058     7.4042    31.3126    1475.64  0.000e+00
      1.077   63.02840 -173.46058     7.4055    31.3119    1475.64  0.000e+00
      1.154   63.02840 -173.46058     7.4055    31.3121    1475.64  0.000e+00
      1.131   63.02840 -173.46058     7.4052    31.3125    1475.64  0.000e+00
      1.131   63.02840 -173.46058     7.4051    31.3115    1475.64  0.000e+00
      1.131   63.02840 -173.46058     7.4058    31.3107    1475.64  0.000e+00
      1.077   63.02840 -173.46058     7.4066    31.3096    1475.64  0.000e+00
      1.193   63.02840 -173.46058     7.4074    31.3088    1475.65  0.000e+00
      1.131   63.02840 -173.46058     7.4065    31.3103    1475.64  0.000e+00
      1.131   63.02840 -173.46058     7.4064    31.3110    1475.64  0.000e+00
      1.131   63.02840 -173.46058     7.4061    31.3109    1475.64  0.000e+00
      1.193   63.02840 -173.46058     7.4058    31.3115    1475.64  0.000e+00
      1.193   63.02840 -173.46058     7.4056    31.3116    1475.64  0.000e+00
      1.131   63.02840 -173.46058     7.4055    31.3119    1475.64  0.000e+00
      1.193   63.02840 -173.46058     7.4051    31.3120    1475.64  0.000e+00
      1.193   63.02840 -173.46058     7.4052    31.3113    1475.64  0.000e+00
      1.247   63.02840 -173.46058     7.4047    31.3117    1475.64  0.000e+00
      1.193   63.02840 -173.46058     7.4050    31.3117    1475.64  0.000e+00
      1.247   63.02840 -173.46058     7.4055    31.3117    1475.64  0.000e+00
      1.247   63.02840 -173.46058     7.4063    31.3116    1475.65  0.000e+00
      1.247   63.02840 -173.46058     7.4065    31.3119    1475.65  0.000e+00
      1.247   63.02840 -173.46058     7.4068    31.3120    1475.65  0.000e+00
      1.324   63.02840 -173.46058     7.4074    31.3114    1475.65  0.000e+00
      1.301   63.02840 -173.46058     7.4076    31.3117    1475.65  0.000e+00
      1.247   63.02840 -173.46058     7.4079    31.3112    1475.65  0.000e+00
      1.362   63.02840 -173.46058     7.4084    31.3116    1475.66  0.000e+00
      1.301   63.02840 -173.46058     7.4097    31.3118    1475.66  0.000e+00
      1.362   63.02840 -173.46058     7.4105    31.3116    1475.66  0.000e+00
      1.301   63.02840 -173.46058     7.4114    31.3117    1475.67  0.000e+00
      1.362   63.02840 -173.46058     7.4123    31.3114    1475.67  0.000e+00
      1.362   63.02840 -173.46058     7.4131    31.3111    1475.67  0.000e+00
      1.362   63.02840 -173.46058     7.4139    31.3110    1475.68  0.000e+00
      1.416   63.02840 -173.46058     7.4150    31.3101    1475.68  0.000e+00
      1.362   63.02840 -173.46058     7.4158    31.3097    1475.68  0.000e+00
      1.362   63.02840 -173.46058     7.4160    31.3095    1475.68  0.000e+00
      1.416   63.02840 -173.46058     7.4161    31.3095    1475.68  0.000e+00
      1.362   63.02840 -173.46058     7.4163    31.3090    1475.68  0.000e+00
      1.416   63.02840 -173.46058     7.4163    31.3089    1475.68  0.000e+00
      1.362   63.02840 -173.46058     7.4162    31.3090    1475.68  0.000e+00
      1.416   63.02840 -173.46058     7.4163    31.3089    1475.68  0.000e+00
      1.416   63.02840 -173.46058     7.4158    31.3089    1475.68  0.000e+00
      1.416   63.02840 -173.46058     7.4158    31.3088    1475.68  0.000e+00
      1.416   63.02840 -173.46058     7.4152    31.3093    1475.68  0.000e+00
      1.362   63.02840 -173.46058     7.4150    31.3093    1475.68  0.000e+00
      1.440   63.02840 -173.46058     7.4148    31.3094    1475.68  0.000e+00
      1.362   63.02840 -173.46058     7.4134    31.3101    1475.67  0.000e+00
      1.416   63.02840 -173.46058     7.4123    31.3109    1475.67  0.000e+00
      1.362   63.02840 -173.46058     7.4119    31.3106    1475.67  0.000e+00
      1.416   63.02840 -173.46058     7.4118    31.3109    1475.67  0.000e+00
      1.362   63.02840 -173.46058     7.4123    31.3108    1475.67  0.000e+00
      1.416   63.02840 -173.46058     7.4131    31.3104    1475.67  0.000e+00
      1.362   63.02840 -173.46058     7.4137    31.3101    1475.67  0.000e+00
      1.362   63.02840 -173.46058     7.4142    31.3097    1475.68  0.000e+00
      1.362   63.02840 -173.46058     7.4140    31.3099    1475.68  0.000e+00
      1.362   63.02840 -173.46058     7.4142    31.3097    1475.68  0.000e+00
      1.362   63.02840 -173.46058     7.4148    31.3100    1475.68  0.000e+00
      1.416   63.02840 -173.46058     7.4155    31.3094    1475.68  0.000e+00
      1.301   63.02840 -173.46058     7.4150    31.3092    1475.68  0.000e+00
      1.362   63.02840 -173.46058     7.4152    31.3092    1475.68  0.000e+00
      1.362   63.02840 -173.46058     7.4160    31.3093    1475.68  0.000e+00
      1.301   63.02840 -173.46058     7.4172    31.3084    1475.69  0.000e+00
      1.362   63.02840 -173.46058     7.4169    31.3088    1475.69  0.000e+00
      1.301   63.02840 -173.46058     7.4167    31.3086    1475.68  0.000e+00
      1.301   63.02840 -173.46058     7.4169    31.3090    1475.68  0.000e+00
      1.301   63.02840 -173.46058     7.4174    31.3087    1475.69  0.000e+00
      1.301   63.02840 -173.46058     7.4174    31.3089    1475.69  0.000e+00
      1.324   63.02840 -173.46058     7.4179    31.3088    1475.69  0.000e+00
      1.247   63.02840 -173.46058     7.4178    31.3089    1475.69  0.000e+00
      1.301   63.02840 -173.46058     7.4181    31.3088    1475.69  0.000e+00
      1.247   63.02840 -173.46058     7.4183    31.3087    1475.69  0.000e+00
      1.301   63.02840 -173.46058     7.4184    31.3088    1475.69  0.000e+00
      1.246   63.02840 -173.46058     7.4186    31.3096    1475.69  0.000e+00
      1.246   63.02840 -173.46058     7.4193    31.3090    1475.69  0.000e+00
      1.246   63.02840 -173.46058     7.4198    31.3087    1475.69  0.000e+00
      1.246   63.02840 -173.46058     7.4198    31.3090    1475.70  0.000e+00
      1.192   63.02840 -173.46058     7.4200    31.3089    1475.69  0.000e+00
      1.246   63.02840 -173.46058     7.4196    31.3084    1475.69  0.000e+00
      1.192   63.02840 -173.46060     7.4189    31.3084    1475.69  0.000e+00
      1.246   63.02840 -173.46060     7.4180    31.3082    1475.69  0.000e+00
      1.192   63.02840 -173.46060     7.4168    31.3086    1475.68  0.000e+00
      1.192   63.02840 -173.46060     7.4158    31.3086    1475.68  0.000e+00
      1.192   63.02840 -173.46060     7.4152    31.3087    1475.68  0.000e+00
      1.246   63.02840 -173.46060     7.4148    31.3085    1475.68  0.000e+00
      1.131   63.02840 -173.46060     7.4147    31.3086    1475.67  0.000e+00
      1.246   63.02840 -173.46060     7.4141    31.3093    1475.67  0.000e+00
      1.192   63.02840 -173.46060     7.4135    31.3092    1475.67  0.000e+00
      1.154   63.02840 -173.46060     7.4134    31.3091    1475.67  0.000e+00
      1.192   63.02840 -173.46060     7.4134    31.3096    1475.67  0.000e+00
      1.192   63.02840 -173.46060     7.4137    31.3092    1475.67  0.000e+00
      1.192   63.02840 -173.46060     7.4140    31.3090    1475.67  0.000e+00
      1.131   63.02840 -173.46060     7.4141    31.3095    1475.67  0.000e+00
      1.192   63.02840 -173.46060     7.4144    31.3091    1475.67  0.000e+00
      1.192   63.02840 -173.46060     7.4143    31.3095    1475.67  0.000e+00
      1.131   63.02840 -173.46060     7.4147    31.3087    1475.67  0.000e+00
      1.192   63.02840 -173.46060     7.4148    31.3090    1475.67  0.000e+00
      1.192   63.02840 -173.46060     7.4145    31.3095    1475.67  0.000e+00
      1.192   63.02840 -173.46060     7.4148    31.3090    1475.67  0.000e+00
      1.192   63.02840 -173.46060     7.4147    31.3093    1475.67  0.000e+00
      1.131   63.02840 -173.46060     7.4145    31.3095    1475.67  0.000e+00
      1.246   63.02840 -173.46060     7.4145    31.3093    1475.67  0.000e+00
      1.192   63.02840 -173.46060     7.4142    31.3097    1475.67  0.000e+00
      1.192   63.02840 -173.46060     7.4143    31.3095    1475.67  0.000e+00
      1.192   63.02840 -173.46060     7.4147    31.3095    1475.67  0.000e+00
      1.246   63.02840 -173.46060     7.4152    31.3091    1475.68  0.000e+00
      1.192   63.02840 -173.46060     7.4155    31.3088    1475.68  0.000e+00
      1.246   63.02840 -173.46060     7.4156    31.3089    1475.68  0.000e+00
      1.192   63.02840 -173.46060     7.4155    31.3094    1475.68  0.000e+00
      1.208   63.02840 -173.46060     7.4153    31.3094    1475.68  0.000e+00
      1.246   63.02840 -173.46060     7.4153    31.3093    1475.68  0.000e+00
      1.246   63.02840 -173.46060     7.4150    31.3092    1475.68  0.000e+00
      1.246   63.02840 -173.46060     7.4143    31.3094    1475.67  0.000e+00
      1.246   63.02840 -173.46060     7.4136    31.3092    1475.67  0.000e+00
      1.246   63.02840 -173.46060     7.4134    31.3098    1475.67  0.000e+00
