EcoFOCI/data/1_SampleCollection/2023_SikuliaqDBO_CruiseData/CTD_raw_BottleFile_SKQ23-12S/proc/skq202312s_084.cnv
* Sea-Bird SBE 9 Data File:
* FileName = D:\CTD\SKQ202312S\SKQ202312S_084.hex
* Software Version Seasave V 7.26.7.121
* Temperature SN = 6177
* Conductivity SN = 0369
* Number of Bytes Per Scan = 41
* Number of Voltage Words = 4
* Number of Scans Averaged by the Deck Unit = 1
* NMEA Latitude = 65 37.11 N
* NMEA Longitude = 168 09.13 W
* NMEA UTC (Time) = Oct 03 2023  11:55:16
* NMEA baud rate = 4800
** Ship: R/V Sikuliaq
** Station Number: 084
** Station Name: BS1
** Bottom Depth: 28
** Operator: SD
# nquan = 24
# nvalues = 5332                                  
# units = specified
# name 0 = depSM: Depth [salt water, m]
# name 1 = latitude: Latitude [deg]
# name 2 = longitude: Longitude [deg]
# name 3 = prDM: Pressure, Digiquartz [db]
# name 4 = t090C: Temperature [ITS-90, deg C]
# name 5 = t190C: Temperature, 2 [ITS-90, deg C]
# name 6 = potemp090C: Potential Temperature [ITS-90, deg C]
# name 7 = sal00: Salinity, Practical [PSU]
# name 8 = sal11: Salinity, Practical, 2 [PSU]
# name 9 = density00: Density [density, kg/m^3]
# name 10 = sigma-é00: Density [sigma-theta, kg/m^3]
# name 11 = sbox0Mm/Kg: Oxygen, SBE 43 [umol/kg]
# name 12 = sbox1Mm/Kg: Oxygen, SBE 43, 2 [umol/kg]
# name 13 = oxsolMm/Kg: Oxygen Saturation, Garcia & Gordon [umol/kg]
# name 14 = sbeox0PS: Oxygen, SBE 43 [% saturation]
# name 15 = sbeox1PS: Oxygen, SBE 43, 2 [% saturation]
# name 16 = v0: Voltage 0
# name 17 = flECO-AFL: Fluorescence, WET Labs ECO-AFL/FL [mg/m^3]
# name 18 = v1: Voltage 1
# name 19 = CStarAt0: Beam Attenuation, WET Labs C-Star [1/m]
# name 20 = par: PAR/Irradiance, Biospherical/Licor
# name 21 = scan: Scan Count
# name 22 = timeM: Time, Elapsed [minutes]
# name 23 = flag:  0.000e+00
# span 0 =      1.898,     23.896                 
# span 1 =   65.61820,   65.61824                 
# span 2 = -168.15362, -168.15330                 
# span 3 =      1.917,     24.135                 
# span 4 =     3.5396,     6.5815                 
# span 5 =     3.5427,     6.5726                 
# span 6 =     3.5382,     6.5810                 
# span 7 =    28.4930,    32.4703                 
# span 8 =    28.5079,    32.4770                 
# span 9 =  1022.4684,  1025.9302                 
# span 10 =    22.4577,    25.8181                
# span 11 =    253.623,    289.336                
# span 12 =    244.295,    276.806                
# span 13 =  305.08159,  324.47944                
# span 14 =     82.628,     91.268                
# span 15 =     79.151,     87.327                
# span 16 =     0.1233,     0.3553                
# span 17 =     0.3919,     1.7839                
# span 18 =     1.5067,     3.8034                
# span 19 =     0.8573,     4.5631                
# span 20 = 1.0000e-12, 3.7063e-01                
# span 21 =          1,       5332                
# span 22 =     0.0000,     3.7021                
# span 23 = 0.0000e+00, 0.0000e+00                
# interval = seconds: 0.0416667
# start_time = Oct 03 2023 11:58:52 [NMEA time, first data scan]
# bad_flag = -9.990e-29
*END*
[from data line 5314]
     23.781   65.61820 -168.15362     24.019     3.5402     3.5439     3.5388    32.4668    32.4765  1025.9278    25.8154    269.222    257.262  324.47602     82.971     79.298     0.2589     1.2051     3.2454     1.4921 1.0000e-12       5315     3.6903  0.000e+00
     23.804   65.61820 -168.15362     24.042     3.5399     3.5436     3.5384    32.4675    32.4762  1025.9285    25.8160    269.214    257.245  324.47682     82.969     79.292     0.2637     1.2344     3.2454     1.4921 1.0000e-12       5316     3.6910  0.000e+00
     23.781   65.61820 -168.15362     24.019     3.5404     3.5431     3.5389    32.4673    32.4766  1025.9281    25.8157    269.201    257.230  324.47368     82.966     79.287     0.2613     1.2198     3.2454     1.4921 1.0000e-12       5317     3.6917  0.000e+00
     23.804   65.61820 -168.15362     24.042     3.5402     3.5429     3.5388    32.4672    32.4767  1025.9282    25.8157    269.196    257.215  324.47507     82.964     79.282     0.2625     1.2271     3.2454     1.4921 1.0000e-12       5318     3.6924  0.000e+00
     23.835   65.61820 -168.15362     24.073     3.5405     3.5428     3.5391    32.4668    32.4768  1025.9280    25.8153    269.190    257.202  324.47346     82.962     79.278     0.2625     1.2271     3.2454     1.4921 1.0000e-12       5319     3.6931  0.000e+00
     23.835   65.61820 -168.15362     24.073     3.5405     3.5428     3.5391    32.4668    32.4766  1025.9280    25.8153    269.186    257.190  324.47346     82.961     79.274     0.2613     1.2198     3.2454     1.4921 1.0000e-12       5320     3.6938  0.000e+00
     23.804   65.61820 -168.15362     24.042     3.5405     3.5428     3.5391    32.4671    32.4770  1025.9280    25.8155    269.182    256.986  324.47293     82.960     79.211     0.2625     1.2271     3.2454     1.4921 1.0000e-12       5321     3.6944  0.000e+00
     23.835   65.61820 -168.15362     24.073     3.5410     3.5428     3.5395    32.4668    32.4766  1025.9279    25.8152    269.179    256.958  324.46987     82.960     79.202     0.2613     1.2198     3.2540     1.4816 1.0000e-12       5322     3.6951  0.000e+00
     23.804   65.61820 -168.15362     24.042     3.5413     3.5428     3.5399    32.4664    32.4770  1025.9274    25.8149    269.176    257.120  324.46828     82.959     79.253     0.2625     1.2271     3.2637     1.4696 1.0000e-12       5323     3.6958  0.000e+00
     23.835   65.61820 -168.15362     24.073     3.5412     3.5428     3.5397    32.4667    32.4766  1025.9278    25.8152    269.179    257.118  324.46880     82.960     79.252     0.2613     1.2198     3.2662     1.4666 1.0000e-12       5324     3.6965  0.000e+00
     23.835   65.61820 -168.15362     24.073     3.5413     3.5427     3.5399    32.4664    32.4763  1025.9276    25.8149    269.181    256.927  324.46832     82.961     79.192     0.2625     1.2271     3.2662     1.4666 1.0000e-12       5325     3.6972  0.000e+00
     23.858   65.61820 -168.15362     24.097     3.5415     3.5428     3.5400    32.4664    32.4763  1025.9277    25.8149    269.185    256.906  324.46708     82.962     79.186     0.2613     1.2198     3.2650     1.4681 1.0000e-12       5326     3.6979  0.000e+00
     23.835   65.61820 -168.15362     24.073     3.5415     3.5429     3.5400    32.4660    32.4765  1025.9273    25.8146    269.191    256.885  324.46793     82.964     79.180     0.2613     1.2198     3.2650     1.4681 1.0000e-12       5327     3.6986  0.000e+00
     23.858   65.61820 -168.15362     24.097     3.5416     3.5429     3.5402    32.4661    32.4767  1025.9274    25.8147    268.984    256.870  324.46640     82.900     79.176     0.2637     1.2344     3.2650     1.4681 1.0000e-12       5328     3.6993  0.000e+00
     23.835   65.61820 -168.15362     24.073     3.5420     3.5430     3.5405    32.4658    32.4766  1025.9271    25.8144    268.957    256.857  324.46453     82.893     79.172     0.2613     1.2198     3.2650     1.4681 1.0000e-12       5329     3.7000  0.000e+00
     23.835   65.61820 -168.15362     24.073     3.5418     3.5432     3.5403    32.4665    32.4762  1025.9277    25.8150    269.149    256.846  324.46413     82.952     79.169     0.2625     1.2271     3.2650     1.4681 1.0000e-12       5330     3.7007  0.000e+00
     23.858   65.61820 -168.15362     24.097     3.5420     3.5431     3.5405    32.4663    32.4764  1025.9276    25.8148    268.950    256.817  324.46339     82.891     79.160     0.2613     1.2198     3.2650     1.4681 1.0000e-12       5331     3.7014  0.000e+00
     23.896   65.61820 -168.15362     24.135     3.5421     3.5436     3.5407    32.4659    32.4760  1025.9274    25.8144    268.934    256.788  324.46325     82.886     79.151     0.2625     1.2271     3.2650     1.4681 1.0000e-12       5332     3.7021  0.000e+00
