EcoFOCI/data/1_SampleCollection/2023_SikuliaqDBO_CruiseData/CTD_raw_BottleFile_SKQ23-12S/proc/skq202312s_073.ros
* Sea-Bird SBE 9 Data File:
* FileName = D:\CTD\SKQ202312S\SKQ202312S_073.hex
* Software Version Seasave V 7.26.7.121
* Temperature SN = 6177
* Conductivity SN = 0369
* Number of Bytes Per Scan = 41
* Number of Voltage Words = 4
* Number of Scans Averaged by the Deck Unit = 1
* NMEA Latitude = 67 54.34 N
* NMEA Longitude = 168 10.75 W
* NMEA UTC (Time) = Oct 01 2023  20:50:17
* NMEA baud rate = 4800
** Ship: R/V Sikuliaq
** Station Number: 073
** Station Name: C12
** Bottom Depth: 58
** Operator: SD
** Mooring C12
# nquan = 22
# nvalues = 147                                   
# units = specified
# name 0 = depSM: Depth [salt water, m]
# name 1 = latitude: Latitude [deg]
# name 2 = longitude: Longitude [deg]
# name 3 = prDM: Pressure, Digiquartz [db]
# name 4 = t090C: Temperature [ITS-90, deg C]
# name 5 = t190C: Temperature, 2 [ITS-90, deg C]
# name 6 = potemp090C: Potential Temperature [ITS-90, deg C]
# name 7 = sal00: Salinity, Practical [PSU]
# name 8 = sal11: Salinity, Practical, 2 [PSU]
# name 9 = density00: Density [density, kg/m^3]
# name 10 = sigma-é00: Density [sigma-theta, kg/m^3]
# name 11 = sbox0Mm/Kg: Oxygen, SBE 43 [umol/kg]
# name 12 = sbox1Mm/Kg: Oxygen, SBE 43, 2 [umol/kg]
# name 13 = oxsolMm/Kg: Oxygen Saturation, Garcia & Gordon [umol/kg]
# name 14 = sbeox0PS: Oxygen, SBE 43 [% saturation]
# name 15 = v0: Voltage 0
# name 16 = flECO-AFL: Fluorescence, WET Labs ECO-AFL/FL [mg/m^3]
# name 17 = CStarAt0: Beam Attenuation, WET Labs C-Star [1/m]
# name 18 = par: PAR/Irradiance, Biospherical/Licor
# name 19 = scan: Scan Count
# name 20 = nbf: Bottles Fired
# name 21 = flag:  0.000e+00
# interval = seconds: 0.0416667
# start_time = Oct 01 2023 20:53:49 [NMEA time, first data scan]
# bad_flag = -9.990e-29
*END*
[from data line 132]
     47.564   67.90514 -168.17916     48.050     2.9555     2.9528     2.9528    32.4407    32.4598  1026.0721    25.8465    208.314    197.730  329.24092     63.271     0.0781     0.1209     1.5727 5.4276e-02       7045          3  0.000e+00
     47.564   67.90514 -168.17916     48.050     2.9552     2.9528     2.9525    32.4402    32.4601  1026.0718    25.8461    208.307    197.729  329.24474     63.268     0.0794     0.1282     1.5727 5.4276e-02       7046          3  0.000e+00
     47.626   67.90514 -168.17916     48.113     2.9549     2.9528     2.9522    32.4396    32.4604  1026.0716    25.8456    208.306    197.730  329.24854     63.267     0.0781     0.1209     1.5727 5.3790e-02       7047          3  0.000e+00
     47.618   67.90514 -168.17916     48.105     2.9547     2.9530     2.9520    32.4392    32.4606  1026.0712    25.8453    208.304    197.729  329.25124     63.266     0.0781     0.1209     1.5727 5.2824e-02       7048          3  0.000e+00
     47.626   67.90514 -168.17916     48.113     2.9549     2.9532     2.9521    32.4389    32.4609  1026.0710    25.8451    208.523    197.730  329.25074     63.333     0.0781     0.1209     1.5651 5.2824e-02       7049          3  0.000e+00
     47.626   67.90514 -168.17916     48.113     2.9546     2.9541     2.9519    32.4391    32.4617  1026.0712    25.8453    208.416    197.727  329.25225     63.300     0.0781     0.1209     1.5559 5.3790e-02       7050          3  0.000e+00
     47.680   67.90514 -168.17916     48.167     2.9544     2.9543     2.9517    32.4385    32.4624  1026.0710    25.8448    208.646    197.534  329.25563     63.369     0.0781     0.1209     1.5559 5.4276e-02       7051          3  0.000e+00
     47.626   67.90514 -168.17916     48.113     2.9547     2.9544     2.9520    32.4366    32.4633  1026.0692    25.8433    208.471    197.513  329.25777     63.315     0.0781     0.1209     1.5559 5.3790e-02       7052          3  0.000e+00
     47.742   67.90514 -168.17916     48.230     2.9550     2.9546     2.9523    32.4352    32.4635  1026.0686    25.8421    208.486    197.695  329.25873     63.320     0.0769     0.1135     1.5559 4.9956e-02       7053          3  0.000e+00
     47.742   67.90514 -168.17916     48.230     2.9553     2.9548     2.9526    32.4348    32.4633  1026.0683    25.8418    208.499    197.507  329.25692     63.324     0.0781     0.1209     1.5574 4.7137e-02       7054          3  0.000e+00
     47.680   67.90514 -168.17916     48.167     2.9553     2.9546     2.9526    32.4343    32.4632  1026.0675    25.8413    208.516    197.495  329.25835     63.329     0.0794     0.1282     1.5559 4.6207e-02       7055          3  0.000e+00
     47.796   67.90514 -168.17916     48.284     2.9557     2.9545     2.9529    32.4343    32.4628  1026.0681    25.8414    208.757    197.488  329.25559     63.403     0.0781     0.1209     1.5559 4.8071e-02       7056          3  0.000e+00
     47.742   67.90514 -168.17916     48.230     2.9557     2.9546     2.9529    32.4356    32.4631  1026.0689    25.8424    208.592    197.477  329.25230     63.353     0.0781     0.1209     1.5559 4.9956e-02       7057          3  0.000e+00
     47.796   67.90514 -168.17916     48.284     2.9558     2.9547     2.9531    32.4375    32.4640  1026.0706    25.8439    208.614    197.470  329.24625     63.361     0.0781     0.1209     1.5559 5.0431e-02       7058          3  0.000e+00
     47.796   67.90514 -168.17916     48.284     2.9555     2.9550     2.9528    32.4401    32.4644  1026.0728    25.8460    208.640    197.463  329.24234     63.370     0.0781     0.1209     1.5574 5.3790e-02       7059          3  0.000e+00
