EcoFOCI/data/1_SampleCollection/2023_SikuliaqDBO_CruiseData/CTD_raw_BottleFile_SKQ23-12S/proc/skq202312s_063avg.cnv
* Sea-Bird SBE 9 Data File:
* FileName = D:\CTD\SKQ202312S\SKQ202312S_063.hex
* Software Version Seasave V 7.26.7.121
* Temperature SN = 6177
* Conductivity SN = 0369
* Number of Bytes Per Scan = 41
* Number of Voltage Words = 4
* Number of Scans Averaged by the Deck Unit = 1
* NMEA Latitude = 71 49.84 N
* NMEA Longitude = 165 58.06 W
* NMEA UTC (Time) = Sep 28 2023  06:16:57
* NMEA baud rate = 4800
** Ship: R/V Sikuliaq
** Station Number: 063
** Station Name: IC1
** Bottom Depth: 44
** Operator: SD
# nquan = 25
# nvalues = 37                          
# units = specified
# name 0 = depSM: Depth [salt water, m]
# name 1 = latitude: Latitude [deg]
# name 2 = longitude: Longitude [deg]
# name 3 = prDM: Pressure, Digiquartz [db]
# name 4 = t090C: Temperature [ITS-90, deg C]
# name 5 = t190C: Temperature, 2 [ITS-90, deg C]
# name 6 = potemp090C: Potential Temperature [ITS-90, deg C]
# name 7 = sal00: Salinity, Practical [PSU]
# name 8 = sal11: Salinity, Practical, 2 [PSU]
# name 9 = density00: Density [density, kg/m^3]
# name 10 = sigma-é00: Density [sigma-theta, kg/m^3]
# name 11 = sbox0Mm/Kg: Oxygen, SBE 43 [umol/kg]
# name 12 = sbox1Mm/Kg: Oxygen, SBE 43, 2 [umol/kg]
# name 13 = oxsolMm/Kg: Oxygen Saturation, Garcia & Gordon [umol/kg]
# name 14 = sbeox0PS: Oxygen, SBE 43 [% saturation]
# name 15 = sbeox1PS: Oxygen, SBE 43, 2 [% saturation]
# name 16 = v0: Voltage 0
# name 17 = flECO-AFL: Fluorescence, WET Labs ECO-AFL/FL [mg/m^3]
# name 18 = v1: Voltage 1
# name 19 = CStarAt0: Beam Attenuation, WET Labs C-Star [1/m]
# name 20 = par: PAR/Irradiance, Biospherical/Licor
# name 21 = scan: Scan Count
# name 22 = timeM: Time, Elapsed [minutes]
# name 23 = nbin: number of scans per bin
# name 24 = flag: flag
# span 0 =      2.969,     38.597       
# span 1 =   71.83034,   71.83049       
# span 2 = -165.96705, -165.96668       
# span 3 =      3.000,     39.000       
# span 4 =    -0.7664,     3.7868       
# span 5 =    -0.7685,     3.7871       
# span 6 =    -0.7673,     3.7855       
# span 7 =    30.1574,    32.4103       
# span 8 =    30.1689,    32.4172       
# span 9 =  1024.0673,  1026.2334       
# span 10 =    24.0448,    26.0460      
# span 11 =    299.798,    331.134      
# span 12 =    285.312,    310.597      
# span 13 =  324.65122,  362.36478      
# span 14 =     82.803,     98.186      
# span 15 =     78.808,     93.960      
# span 16 =     0.0795,     0.1406      
# span 17 =     0.1290,     0.4956      
# span 18 =     3.3302,     4.2381      
# span 19 =     0.4244,     1.3890      
# span 20 = -6.600e-07, 3.6703e-01      
# span 21 =        229,       4733      
# span 22 =     0.1584,     3.2862      
# span 23 =         39,        537      
# span 24 = 0.0000e+00, 0.0000e+00      
# interval = decibars: 1                
# start_time = Sep 28 2023 06:20:37 [NMEA time, first data scan]
# bad_flag = -9.990e-29
*END*
      2.969   71.83049 -165.96705      3.000     2.7330     2.7328     2.7328    30.1713    30.1832  1024.0673    24.0532    325.814    308.870  336.82923     96.730     91.707     0.1111     0.3186     4.1770     0.4828 3.6703e-01        229     0.1584        328 0.0000e+00
      3.959   71.83048 -165.96703      4.000     2.7340     2.7345     2.7338    30.1717    30.1831  1024.0723    24.0534    325.784    309.408  336.81966     96.724     91.871     0.1120     0.3238     4.1893     0.4707 2.9346e-01        421     0.2920        164 0.0000e+00
      4.949   71.83047 -165.96701      5.000     2.7260     2.7301     2.7257    30.1701    30.1830  1024.0763    24.0527    325.676    309.121  336.89135     96.671     91.775     0.1131     0.3308     4.1905     0.4695 2.0247e-01        600     0.4157        144 0.0000e+00
      5.939   71.83046 -165.96700      6.000     2.7048     2.7138     2.7045    30.1618    30.1765  1024.0761    24.0477    326.036    309.245  337.09118     96.720     91.770     0.1094     0.3085     4.1940     0.4662 1.5186e-01        743     0.5150        136 0.0000e+00
      6.928   71.83046 -165.96699      7.000     2.7003     2.7045     2.7000    30.1594    30.1733  1024.0792    24.0461    326.247    309.812  337.13473     96.770     91.915     0.1087     0.3042     4.1946     0.4656 1.1408e-01        881     0.6114        147 0.0000e+00
      7.918   71.83046 -165.96698      8.000     2.6962     2.6968     2.6958    30.1574    30.1689  1024.0826    24.0448    326.385    309.761  337.17461     96.800     91.879     0.1082     0.3013     4.1931     0.4671 7.9515e-02       1022     0.7089        122 0.0000e+00
      8.908   71.83044 -165.96697      9.000     2.7035     2.7100     2.7030    30.1632    30.1774  1024.0915    24.0489    326.247    310.597  337.09848     96.781     92.163     0.1076     0.2973     4.1887     0.4712 5.7814e-02       1162     0.8063        131 0.0000e+00
      9.897   71.83044 -165.96696     10.000     2.7205     2.7199     2.7200    30.1728    30.1829  1024.1025    24.0553    326.258    310.100  336.93089     96.832     92.043     0.1049     0.2813     4.1949     0.4653 3.5659e-02       1304     0.9050        142 0.0000e+00
     10.887   71.83044 -165.96694     11.000     2.7196     2.7181     2.7191    30.1714    30.1818  1024.1062    24.0542    326.060    310.035  336.94133     96.771     92.018     0.1070     0.2942     4.1954     0.4648 2.0498e-02       1442     1.0004        136 0.0000e+00
     11.877   71.83043 -165.96694     12.000     2.7522     2.7435     2.7516    30.2108    30.2129  1024.1399    24.0833    325.989    309.572  336.56647     96.857     91.961     0.1093     0.3079     4.1956     0.4646 9.7126e-03       1582     1.0978        132 0.0000e+00
     12.867   71.83042 -165.96693     13.000     2.7734     2.7849     2.7727    30.2336    30.2506  1024.1612    24.0998    325.956    309.514  336.32988     96.916     92.065     0.1050     0.2818     4.1930     0.4671 3.3356e-03       1704     1.1826        101 0.0000e+00
     13.856   71.83042 -165.96692     14.000     2.7982     2.8008     2.7975    30.2590    30.2700  1024.1843    24.1182    325.802    309.641  336.05685     96.949     92.153     0.1034     0.2720     4.1935     0.4667 7.6893e-04       1787     1.2401         74 0.0000e+00
     14.846   71.83042 -165.96692     15.000     2.8570     2.8634     2.8562    30.3227    30.3327  1024.2352    24.1645    326.034    309.813  335.40220     97.207     92.393     0.1024     0.2661     4.1868     0.4731 2.0494e-04       1859     1.2901         70 0.0000e+00
     15.836   71.83042 -165.96692     16.000     2.8920     2.8935     2.8912    30.3516    30.3627  1024.2603    24.1848    325.523    309.389  335.03605     97.161     92.356     0.1088     0.3049     4.1831     0.4766 -6.600e-07       1930     1.3394         66 0.0000e+00
     16.825   71.83042 -165.96691     17.000     2.9029     2.9048     2.9020    30.3690    30.3785  1024.2780    24.1978    325.760    310.160  334.90105     97.271     92.623     0.1086     0.3034     4.1898     0.4702 2.6262e-06       1991     1.3822         58 0.0000e+00
     17.815   71.83042 -165.96690     18.000     2.9269     2.9262     2.9259    30.4323    30.4428  1024.3313    24.2465    325.767    309.579  334.54053     97.378     92.545     0.1109     0.3176     4.1864     0.4734 1.5564e-06       2050     1.4231         60 0.0000e+00
     18.805   71.83040 -165.96690     19.000     3.0086     3.0518     3.0076    30.5278    30.5145  1024.4054    24.3159    325.010    307.416  333.62623     97.417     92.232     0.1128     0.3288     4.1891     0.4708 2.1313e-06       2114     1.4673         60 0.0000e+00
     19.794   71.83040 -165.96690     20.000     3.7414     3.7552     3.7402    31.2830    31.2839  1024.9483    24.8546    319.682    301.869  325.78411     98.130     92.692     0.1261     0.4084     4.1804     0.4791 1.8387e-06       2166     1.5035         46 0.0000e+00
     20.784   71.83040 -165.96690     21.000     3.7868     3.7871     3.7855    31.5979    31.6037  1025.1993    25.1010    318.762    305.025  324.65122     98.186     93.960     0.1296     0.4294     4.1765     0.4829 1.3993e-06       2216     1.5379         55 0.0000e+00
     21.774   71.83040 -165.96689     22.000     3.5218     3.4644     3.5205    31.8037    31.8587  1025.3917    25.2886    310.649    297.155  326.26550     95.214     90.989     0.1315     0.4409     4.1995     0.4609 1.0142e-06       2276     1.5797         58 0.0000e+00
     22.763   71.83040 -165.96688     23.000     2.8613     2.8528     2.8600    32.0372    32.0664  1025.6404    25.5322    308.852    295.918  331.02447     93.303     89.397     0.1256     0.4059     4.1948     0.4654 1.5434e-06       2327     1.6151         44 0.0000e+00
     23.753   71.83040 -165.96688     24.000     2.2477     2.2009     2.2465    32.0951    32.1745  1025.7396    25.6264    320.031    300.288  335.99338     95.240     89.315     0.1179     0.3598     4.2305     0.4315 3.7252e-06       2370     1.6449         43 0.0000e+00
     24.743   71.83040 -165.96688     25.000     1.1593     1.1070     1.1583    32.1599    32.2438  1025.8709    25.7521    324.649    306.662  345.22702     94.049     88.780     0.0874     0.1768     4.2381     0.4244 3.6704e-06       2424     1.6825         60 0.0000e+00
     25.732   71.83040 -165.96688     26.000     0.4845     0.4727     0.4836    32.2419    32.2872  1025.9806    25.8566    329.119    303.774  351.04865     93.751     86.534     0.0819     0.1436     4.2096     0.4514 4.4337e-06       2481     1.7220         50 0.0000e+00
     26.722   71.83040 -165.96688     27.000     0.2058     0.1981     0.2050    32.2651    32.3043  1026.0181    25.8891    331.134    308.853  353.54202     93.662     87.369     0.0795     0.1290     4.1704     0.4891 3.9054e-06       2523     1.7517         39 0.0000e+00
     27.712   71.83040 -165.96688     28.000     0.0009     0.0011     0.0001    32.2858    32.3121  1026.0494    25.9154    328.635    308.215  355.38404     92.474     86.746     0.0846     0.1594     3.8214     0.8436 3.4470e-06       2566     1.7813         52 0.0000e+00
     28.702   71.83039 -165.96688     29.000    -0.0492    -0.0462    -0.0501    32.2910    32.3055  1026.0607    25.9219    319.830    303.641  355.83659     89.881     85.348     0.0967     0.2324     3.6949     0.9748 2.3766e-06       2626     1.8230         52 0.0000e+00
     29.691   71.83038 -165.96688     30.000    -0.1158    -0.1150    -0.1167    32.2824    32.3038  1026.0615    25.9179    315.276    300.720  356.48279     88.441     84.373     0.0975     0.2370     3.7297     0.9360 1.1751e-06       2675     1.8569         50 0.0000e+00
     30.681   71.83038 -165.96687     31.000    -0.1689    -0.1687    -0.1698    32.2842    32.3045  1026.0701    25.9216    314.934    299.266  356.97521     88.223     83.848     0.1000     0.2521     3.6675     1.0030 1.8033e-06       2723     1.8903         47 0.0000e+00
     31.670   71.83038 -165.96686     32.000    -0.2861    -0.2931    -0.2870    32.2989    32.3264  1026.0918    25.9384    314.922    299.398  358.03799     87.958     83.625     0.1003     0.2539     3.6491     1.0231 2.1042e-06       2768     1.9218         48 0.0000e+00
     32.660   71.83038 -165.96686     33.000    -0.4964    -0.4971    -0.4973    32.3534    32.3779  1026.1493    25.9909    313.567    296.770  359.87690     87.132     82.479     0.1050     0.2824     3.7898     0.8720 2.5549e-06       2827     1.9625         63 0.0000e+00
     33.649   71.83037 -165.96685     34.000    -0.4392    -0.4970    -0.4401    32.3394    32.3666  1026.1404    25.9773    314.566    298.943  359.37430     87.532     83.076     0.1043     0.2778     3.9580     0.6979 2.1477e-06       3126     2.1704        537 0.0000e+00
     34.639   71.83036 -165.96684     35.000    -0.6582    -0.6572    -0.6591    32.3673    32.3849  1026.1764    26.0083    314.360    297.218  361.38242     86.988     82.258     0.1027     0.2680     3.9596     0.6964 2.5213e-06       3489     2.4223         99 0.0000e+00
     35.629   71.83036 -165.96684     36.000    -0.6918    -0.6967    -0.6927    32.3717    32.3859  1026.1859    26.0129    308.182    292.854  361.69426     85.205     80.966     0.1078     0.2986     3.7459     0.9198 1.8800e-06       3585     2.4891        204 0.0000e+00
     36.618   71.83034 -165.96680     37.000    -0.7664    -0.7685    -0.7673    32.3876    32.4016  1026.2064    26.0285    303.890    288.774  362.36478     83.863     79.696     0.1255     0.4050     3.5908     1.0876 1.0706e-06       4041     2.8057        136 0.0000e+00
     37.608   71.83034 -165.96678     38.000    -0.7535    -0.7533    -0.7544    32.3968    32.4071  1026.2181    26.0355    300.454    285.689  362.21477     82.949     78.879     0.1329     0.4493     3.4752     1.2192 9.8911e-07       4185     2.9059        256 0.0000e+00
     38.597   71.83035 -165.96668     39.000    -0.7414    -0.7407    -0.7424    32.4103    32.4172  1026.2334    26.0460    299.798    285.312  362.05992     82.803     78.808     0.1406     0.4956     3.3302     1.3890 9.0942e-07       4733     3.2862        186 0.0000e+00
