EcoFOCI/data/1_SampleCollection/2023_SikuliaqDBO_CruiseData/CTD_raw_BottleFile_SKQ23-12S/proc/skq202312s_056avg.cnv
* Sea-Bird SBE 9 Data File:
* FileName = D:\CTD\SKQ202312S\SKQ202312S_056.hex
* Software Version Seasave V 7.26.7.121
* Temperature SN = 6177
* Conductivity SN = 0369
* Number of Bytes Per Scan = 41
* Number of Voltage Words = 4
* Number of Scans Averaged by the Deck Unit = 1
* NMEA Latitude = 71 11.69 N
* NMEA Longitude = 164 11.92 W
* NMEA UTC (Time) = Sep 27 2023  06:41:16
* NMEA baud rate = 4800
** Ship: R/V Sikuliaq
** Station Number: 056
** Station Name: IC6
** Bottom Depth: 44
** Operator: SD
# nquan = 25
# nvalues = 38                          
# units = specified
# name 0 = depSM: Depth [salt water, m]
# name 1 = latitude: Latitude [deg]
# name 2 = longitude: Longitude [deg]
# name 3 = prDM: Pressure, Digiquartz [db]
# name 4 = t090C: Temperature [ITS-90, deg C]
# name 5 = t190C: Temperature, 2 [ITS-90, deg C]
# name 6 = potemp090C: Potential Temperature [ITS-90, deg C]
# name 7 = sal00: Salinity, Practical [PSU]
# name 8 = sal11: Salinity, Practical, 2 [PSU]
# name 9 = density00: Density [density, kg/m^3]
# name 10 = sigma-é00: Density [sigma-theta, kg/m^3]
# name 11 = sbox0Mm/Kg: Oxygen, SBE 43 [umol/kg]
# name 12 = sbox1Mm/Kg: Oxygen, SBE 43, 2 [umol/kg]
# name 13 = oxsolMm/Kg: Oxygen Saturation, Garcia & Gordon [umol/kg]
# name 14 = sbeox0PS: Oxygen, SBE 43 [% saturation]
# name 15 = sbeox1PS: Oxygen, SBE 43, 2 [% saturation]
# name 16 = v0: Voltage 0
# name 17 = flECO-AFL: Fluorescence, WET Labs ECO-AFL/FL [mg/m^3]
# name 18 = v1: Voltage 1
# name 19 = CStarAt0: Beam Attenuation, WET Labs C-Star [1/m]
# name 20 = par: PAR/Irradiance, Biospherical/Licor
# name 21 = scan: Scan Count
# name 22 = timeM: Time, Elapsed [minutes]
# name 23 = nbin: number of scans per bin
# name 24 = flag: flag
# span 0 =      1.979,     38.599       
# span 1 =   71.19488,   71.19489       
# span 2 = -164.19864, -164.19862       
# span 3 =      2.000,     39.000       
# span 4 =    -0.8836,     4.5720       
# span 5 =    -0.8809,     4.5796       
# span 6 =    -0.8844,     4.5705       
# span 7 =    30.9157,    32.3863       
# span 8 =    30.9272,    32.4186       
# span 9 =  1024.5990,  1026.1950       
# span 10 =    24.5885,    26.0303      
# span 11 =    290.729,    382.908      
# span 12 =    276.176,    351.438      
# span 13 =  319.32017,  363.57055      
# span 14 =     79.968,    106.392      
# span 15 =     75.976,     97.553      
# span 16 =     0.0936,     0.1711      
# span 17 =     0.2135,     0.6787      
# span 18 =     3.1006,     4.2045      
# span 19 =     0.4563,     1.6749      
# span 20 = -2.180e-06, 6.3294e-01      
# span 21 =         53,       3922      
# span 22 =     0.0358,     2.7230      
# span 23 =         44,        386      
# span 24 = 0.0000e+00, 0.0000e+00      
# interval = decibars: 1                
# start_time = Sep 27 2023 06:45:52 [NMEA time, first data scan]
# bad_flag = -9.990e-29
*END*
      1.979   71.19488 -164.19862      2.000     3.4400     3.4403     3.4398    30.9163    30.9277  1024.5990    24.5896    317.706    303.363  329.11120     96.535     92.185     0.1216     0.3818     4.1686     0.4905 6.3294e-01         53     0.0358        334 0.0000e+00
      2.969   71.19488 -164.19864      3.000     3.4495     3.4497     3.4493    30.9159    30.9273  1024.6026    24.5885    318.068    303.018  329.03507     96.667     92.101     0.1209     0.3772     4.1686     0.4905 4.2122e-01        428     0.2964        167 0.0000e+00
      3.959   71.19488 -164.19864      4.000     3.4354     3.4360     3.4351    30.9157    30.9272  1024.6083    24.5895    318.225    303.480  329.15001     96.681     92.211     0.1229     0.3892     4.1667     0.4924 2.9255e-01        574     0.3977        131 0.0000e+00
      4.949   71.19488 -164.19864      5.000     3.4359     3.4374     3.4356    30.9160    30.9273  1024.6132    24.5897    317.939    303.139  329.14458     96.595     92.110     0.1222     0.3849     4.1686     0.4905 2.3754e-01        704     0.4885        125 0.0000e+00
      5.939   71.19488 -164.19864      6.000     3.4440     3.4462     3.4437    30.9160    30.9272  1024.6173    24.5891    318.007    303.349  329.07877     96.636     92.194     0.1254     0.4043     4.1670     0.4920 1.5995e-01        842     0.5842        146 0.0000e+00
      6.929   71.19488 -164.19864      7.000     3.4508     3.4471     3.4504    30.9173    30.9275  1024.6224    24.5895    317.839    302.911  329.02101     96.601     92.063     0.1246     0.3993     4.1662     0.4928 1.3263e-01        989     0.6863        147 0.0000e+00
      7.918   71.19488 -164.19864      8.000     3.6542     3.6564     3.6537    30.9527    30.9591  1024.6372    24.5997    317.067    302.088  327.29778     96.875     92.309     0.1281     0.4209     4.1592     0.4995 9.2879e-02       1138     0.7896        140 0.0000e+00
      8.908   71.19488 -164.19864      9.000     3.9106     3.8958     3.9100    31.0095    31.0036  1024.6634    24.6213    314.354    300.398  325.11696     96.689     92.360     0.1380     0.4801     4.1489     0.5094 6.8819e-02       1287     0.8929        157 0.0000e+00
      9.898   71.19488 -164.19864     10.000     4.4866     4.4681     4.4859    31.1212    31.1166  1024.7012    24.6545    308.401    296.083  320.33763     96.273     92.384     0.1605     0.6147     4.1188     0.5386 4.7100e-02       1436     0.9964        139 0.0000e+00
     10.888   71.19488 -164.19864     11.000     4.4960     4.4933     4.4952    31.1371    31.1473  1024.7176    24.6663    305.212    290.733  320.22446     95.312     90.792     0.1711     0.6787     4.1187     0.5386 3.2249e-02       1583     1.0986        147 0.0000e+00
     11.877   71.19488 -164.19864     12.000     4.2359     4.2271     4.2352    31.1306    31.1469  1024.7429    24.6868    307.032    293.064  322.25859     95.276     90.932     0.1677     0.6581     4.1278     0.5298 1.0473e-02       1730     1.2004        130 0.0000e+00
     12.867   71.19488 -164.19864     13.000     4.2132     4.2395     4.2124    31.1459    31.1628  1024.7620    24.7012    310.116    294.983  322.39827     96.190     91.567     0.1644     0.6384     4.1298     0.5279 3.1818e-03       1828     1.2686         66 0.0000e+00
     13.857   71.19488 -164.19864     14.000     4.2486     4.2472     4.2477    31.1674    31.1768  1024.7803    24.7149    308.755    294.729  322.06994     95.866     91.514     0.1630     0.6296     4.1394     0.5185 6.1716e-04       1891     1.3126         63 0.0000e+00
     14.847   71.19488 -164.19864     15.000     4.2548     4.2517     4.2538    31.1696    31.1806  1024.7861    24.7160    308.409    293.332  322.01637     95.774     91.093     0.1624     0.6262     4.1385     0.5195 -2.180e-06       1949     1.3530         53 0.0000e+00
     15.836   71.19488 -164.19864     16.000     4.2597     4.2557     4.2586    31.1730    31.1860  1024.7930    24.7182    308.617    294.664  321.97010     95.853     91.519     0.1644     0.6387     4.1394     0.5186 5.9206e-07       2005     1.3914         57 0.0000e+00
     16.826   71.19488 -164.19864     17.000     4.2437     4.2469     4.2426    31.1919    31.2038  1024.8142    24.7348    308.548    295.390  322.04872     95.808     91.737     0.1643     0.6379     4.1376     0.5204 1.3798e-06       2063     1.4318         56 0.0000e+00
     17.816   71.19488 -164.19864     18.000     4.2468     4.2639     4.2456    31.1966    31.2107  1024.8223    24.7382    308.422    294.635  322.01364     95.779     91.545     0.1605     0.6149     4.1395     0.5185 6.3574e-07       2116     1.4689         53 0.0000e+00
     18.805   71.19488 -164.19864     19.000     4.2639     4.2618     4.2626    31.1949    31.2006  1024.8240    24.7352    308.733    294.666  321.88444     95.914     91.543     0.1606     0.6158     4.1415     0.5165 9.0665e-07       2171     1.5071         56 0.0000e+00
     19.795   71.19488 -164.19864     20.000     4.3138     4.3380     4.3125    31.2065    31.2098  1024.8329    24.7395    308.645    294.813  321.46841     96.011     91.764     0.1609     0.6169     4.1411     0.5169 9.4117e-07       2222     1.5423         45 0.0000e+00
     20.785   71.19488 -164.19864     21.000     4.4748     4.4865     4.4734    31.2284    31.2351  1024.8389    24.7409    307.587    294.114  320.16867     96.070     91.893     0.1652     0.6433     4.1301     0.5276 8.6426e-07       2269     1.5751         49 0.0000e+00
     21.774   71.19488 -164.19864     22.000     4.5720     4.5796     4.5705    31.2569    31.2636  1024.8563    24.7537    306.312    292.230  319.35178     95.917     91.529     0.1689     0.6657     4.1395     0.5185 9.6586e-07       2317     1.6083         44 0.0000e+00
     22.764   71.19488 -164.19864     23.000     4.5706     4.5692     4.5690    31.2747    31.2866  1024.8752    24.7680    305.308    290.462  319.32017     95.612     90.968     0.1610     0.6178     4.1441     0.5140 1.3183e-06       2361     1.6389         45 0.0000e+00
     23.754   71.19488 -164.19864     24.000     4.4713     4.4261     4.4697    31.2892    31.3111  1024.9014    24.7895    304.325    290.470  320.05145     95.086     90.674     0.1581     0.6010     4.1518     0.5066 1.3033e-06       2411     1.6733         52 0.0000e+00
     24.744   71.19488 -164.19864     25.000     3.4915     3.4268     3.4901    31.3719    31.4786  1025.0616    24.9443    310.363    296.506  327.66498     94.723     90.421     0.1548     0.5807     4.1641     0.4948 3.6928e-07       2460     1.7073         47 0.0000e+00
     25.733   71.19488 -164.19864     26.000     1.1998     1.1722     1.1988    31.9216    32.0020  1025.6821    25.5586    316.647    305.378  345.49399     91.657     88.394     0.1220     0.3837     4.1366     0.5220 2.5660e-06       2509     1.7417         50 0.0000e+00
     26.723   71.19488 -164.19864     27.000     0.3263     0.1200     0.3255    32.1073    32.2220  1025.8845    25.7555    359.024    321.452  352.88297    101.709     90.651     0.1006     0.2556     4.2045     0.4563 2.7634e-06       2558     1.7759         49 0.0000e+00
     27.713   71.19488 -164.19864     28.000    -0.4891    -0.5410    -0.4899    32.3158    32.3704  1026.0945    25.9602    382.908    351.438  359.91622    106.392     97.553     0.1016     0.2618     4.1930     0.4672 4.6434e-06       2609     1.8110         51 0.0000e+00
     28.702   71.19488 -164.19864     29.000    -0.7915    -0.8118    -0.7922    32.3782    32.4186  1026.1612    26.0218    362.062    338.136  362.63364     99.844     93.224     0.0936     0.2135     3.8432     0.8215 4.5725e-06       2662     1.8478         50 0.0000e+00
     29.692   71.19488 -164.19864     30.000    -0.8469    -0.8502    -0.8476    32.3863    32.4132  1026.1745    26.0303    328.093    312.548  363.14579     90.347     86.078     0.1070     0.2941     3.4510     1.2461 2.3630e-06       2713     1.8832         53 0.0000e+00
     30.682   71.19488 -164.19864     31.000    -0.8571    -0.8622    -0.8578    32.3810    32.4060  1026.1754    26.0263    300.250    288.849  363.25983     82.655     79.521     0.1073     0.2962     3.3259     1.3941 2.2798e-06       2765     1.9194         52 0.0000e+00
     31.671   71.19488 -164.19864     32.000    -0.8722    -0.8707    -0.8730    32.3810    32.4014  1026.1807    26.0268    292.474    280.722  363.40576     80.481     77.263     0.1079     0.2997     3.2590     1.4755 3.2106e-06       2815     1.9542         50 0.0000e+00
     32.661   71.19488 -164.19864     33.000    -0.8757    -0.8766    -0.8765    32.3778    32.3965  1026.1831    26.0243    291.931    279.252  363.44873     80.322     76.843     0.1065     0.2908     3.1373     1.6279 2.7290e-06       2876     1.9964         75 0.0000e+00
     33.651   71.19488 -164.19864     34.000    -0.8382    -0.8678    -0.8390    32.3645    32.3836  1026.1758    26.0123    292.465    277.838  363.12391     80.541     76.464     0.1098     0.3106     3.1367     1.6285 2.7634e-06       3104     2.1546        386 0.0000e+00
     34.640   71.19488 -164.19864     35.000    -0.8836    -0.8809    -0.8844    32.3618    32.3754  1026.1800    26.0116    292.294    277.146  363.57055     80.395     76.242     0.1035     0.2727     3.1006     1.6749 3.2026e-06       3385     2.3502        107 0.0000e+00
     35.630   71.19488 -164.19864     36.000    -0.8809    -0.8794    -0.8818    32.3606    32.3740  1026.1837    26.0105    291.341    276.488  363.54866     80.138     76.064     0.1051     0.2829     3.1031     1.6716 2.4961e-06       3471     2.4099        101 0.0000e+00
     36.620   71.19488 -164.19864     37.000    -0.8814    -0.8801    -0.8822    32.3596    32.3729  1026.1877    26.0097    290.729    276.176  363.55574     79.968     75.976     0.1024     0.2664     3.1095     1.6634 2.7889e-06       3561     2.4724         79 0.0000e+00
     37.609   71.19488 -164.19864     38.000    -0.8803    -0.8789    -0.8812    32.3590    32.3719  1026.1920    26.0092    290.874    276.229  363.54754     80.010     75.992     0.1063     0.2900     3.1127     1.6593 2.5785e-06       3676     2.5522        183 0.0000e+00
     38.599   71.19489 -164.19864     39.000    -0.8773    -0.8782    -0.8782    32.3569    32.3704  1026.1950    26.0074    290.797    276.575  363.52413     79.994     76.088     0.1092     0.3072     3.1146     1.6568 2.8896e-06       3922     2.7230        180 0.0000e+00
