EcoFOCI/data/1_SampleCollection/2023_SikuliaqDBO_CruiseData/CTD_raw_BottleFile_SKQ23-12S/proc/skq202312s_061.cnv
* Sea-Bird SBE 9 Data File:
* FileName = D:\CTD\SKQ202312S\SKQ202312S_061.hex
* Software Version Seasave V 7.26.7.121
* Temperature SN = 6177
* Conductivity SN = 0369
* Number of Bytes Per Scan = 41
* Number of Voltage Words = 4
* Number of Scans Averaged by the Deck Unit = 1
* NMEA Latitude = 71 36.10 N
* NMEA Longitude = 165 18.30 W
* NMEA UTC (Time) = Sep 27 2023  23:24:16
* NMEA baud rate = 4800
** Ship: R/V Sikuliaq
** Station Number: 061
** Station Name: IC3
** Bottom Depth: 42
** Operator: SS
** Recast for bottom water
# nquan = 24
# nvalues = 3879                                  
# units = specified
# name 0 = depSM: Depth [salt water, m]
# name 1 = latitude: Latitude [deg]
# name 2 = longitude: Longitude [deg]
# name 3 = prDM: Pressure, Digiquartz [db]
# name 4 = t090C: Temperature [ITS-90, deg C]
# name 5 = t190C: Temperature, 2 [ITS-90, deg C]
# name 6 = potemp090C: Potential Temperature [ITS-90, deg C]
# name 7 = sal00: Salinity, Practical [PSU]
# name 8 = sal11: Salinity, Practical, 2 [PSU]
# name 9 = density00: Density [density, kg/m^3]
# name 10 = sigma-é00: Density [sigma-theta, kg/m^3]
# name 11 = sbox0Mm/Kg: Oxygen, SBE 43 [umol/kg]
# name 12 = sbox1Mm/Kg: Oxygen, SBE 43, 2 [umol/kg]
# name 13 = oxsolMm/Kg: Oxygen Saturation, Garcia & Gordon [umol/kg]
# name 14 = sbeox0PS: Oxygen, SBE 43 [% saturation]
# name 15 = sbeox1PS: Oxygen, SBE 43, 2 [% saturation]
# name 16 = v0: Voltage 0
# name 17 = flECO-AFL: Fluorescence, WET Labs ECO-AFL/FL [mg/m^3]
# name 18 = v1: Voltage 1
# name 19 = CStarAt0: Beam Attenuation, WET Labs C-Star [1/m]
# name 20 = par: PAR/Irradiance, Biospherical/Licor
# name 21 = scan: Scan Count
# name 22 = timeM: Time, Elapsed [minutes]
# name 23 = flag:  0.000e+00
# span 0 =      3.015,     37.164                 
# span 1 =   71.60162,   71.60162                 
# span 2 = -165.30500, -165.30498                 
# span 3 =      3.046,     37.551                 
# span 4 =    -1.0664,     3.2483                 
# span 5 =    -1.0654,     3.2537                 
# span 6 =    -1.0672,     3.2471                 
# span 7 =    30.4293,    32.5473                 
# span 8 =    30.4411,    32.5805                 
# span 9 =  1024.2787,  1026.3027                 
# span 10 =    24.2637,    26.1579                
# span 11 =    262.607,    381.097                
# span 12 =    240.094,    363.520                
# span 13 =  330.89105,  364.98977                
# span 14 =     71.959,    107.361                
# span 15 =     65.793,    102.304                
# span 16 =     0.0757,     0.5214                
# span 17 =     0.1062,     2.7802                
# span 18 =     3.0977,     4.2320                
# span 19 =     0.4301,     1.6786                
# span 20 = 1.1221e+00, 1.2430e+02                
# span 21 =          1,       3879                
# span 22 =     0.0000,     2.6931                
# span 23 = 0.0000e+00, 0.0000e+00                
# interval = seconds: 0.0416667
# start_time = Sep 27 2023 23:27:17 [NMEA time, first data scan]
# bad_flag = -9.990e-29
*END*
[from data line 2536]
     30.576   71.60162 -165.30498     30.894    -1.0123    -1.0141    -1.0130    32.5014    32.5500  1026.2776    26.1289    318.872    303.447  364.42173     87.501     83.296     0.2918     1.4029     3.2833     1.4457 6.1118e+00       2537     1.7611  0.000e+00
     30.507   71.60162 -165.30498     30.824    -1.0125    -1.0162    -1.0132    32.5006    32.5497  1026.2766    26.1282    318.487    303.528  364.42581     87.394     83.313     0.2906     1.3956     3.2833     1.4457 6.0944e+00       2538     1.7618  0.000e+00
     30.522   71.60162 -165.30498     30.840    -1.0124    -1.0166    -1.0131    32.5000    32.5476  1026.2761    26.1277    317.785    303.577  364.42655     87.202     83.325     0.2906     1.3956     3.2833     1.4457 6.0944e+00       2539     1.7625  0.000e+00
     30.561   71.60162 -165.30498     30.879    -1.0125    -1.0168    -1.0132    32.5011    32.5466  1026.2773    26.1287    317.783    303.630  364.42431     87.201     83.338     0.2930     1.4102     3.2833     1.4457 6.0944e+00       2540     1.7632  0.000e+00
     30.522   71.60162 -165.30498     30.840    -1.0125    -1.0168    -1.0132    32.5026    32.5465  1026.2783    26.1299    317.301    303.684  364.42009     87.070     83.353     0.2918     1.4029     3.2833     1.4457 6.0769e+00       2541     1.7639  0.000e+00
     30.561   71.60162 -165.30498     30.879    -1.0119    -1.0160    -1.0126    32.5020    32.5477  1026.2780    26.1294    317.061    303.738  364.41612     87.005     83.370     0.2918     1.4029     3.2833     1.4457 6.0769e+00       2542     1.7646  0.000e+00
     30.576   71.60162 -165.30498     30.894    -1.0129    -1.0150    -1.0136    32.5017    32.5494  1026.2778    26.1291    316.262    303.763  364.42600     86.784     83.380     0.2906     1.3956     3.2747     1.4562 6.0769e+00       2543     1.7653  0.000e+00
     30.507   71.60162 -165.30498     30.824    -1.0143    -1.0145    -1.0150    32.5016    32.5534  1026.2775    26.1291    315.755    303.791  364.44062     86.641     83.392     0.2906     1.3956     3.2601     1.4741 6.0595e+00       2544     1.7660  0.000e+00
     30.576   71.60162 -165.30498     30.894    -1.0153    -1.0134    -1.0160    32.5014    32.5561  1026.2777    26.1290    315.240    303.572  364.45011     86.497     83.336     0.2906     1.3956     3.2552     1.4801 6.0422e+00       2545     1.7667  0.000e+00
     30.561   71.60162 -165.30498     30.879    -1.0151    -1.0089    -1.0158    32.5005    32.5551  1026.2768    26.1282    314.659    303.526  364.45177     86.338     83.333     0.2918     1.4029     3.2552     1.4801 6.0422e+00       2546     1.7674  0.000e+00
     30.576   71.60162 -165.30498     30.894    -1.0151    -1.0055    -1.0158    32.4990    32.5520  1026.2757    26.1270    314.329    303.503  364.45608     86.246     83.332     0.2918     1.4029     3.2564     1.4786 6.0422e+00       2547     1.7681  0.000e+00
     30.561   71.60162 -165.30498     30.879    -1.0156    -1.0067    -1.0163    32.4967    32.5509  1026.2738    26.1251    313.538    303.300  364.46716     86.026     83.273     0.2906     1.3956     3.2564     1.4786 6.0422e+00       2548     1.7688  0.000e+00
     30.576   71.60162 -165.30498     30.894    -1.0165    -1.0086    -1.0172    32.4960    32.5486  1026.2733    26.1246    312.953    303.276  364.47802     85.863     83.260     0.2918     1.4029     3.2564     1.4786 6.0422e+00       2549     1.7694  0.000e+00
     30.622   71.60162 -165.30498     30.941    -1.0168    -1.0108    -1.0175    32.4957    32.5486  1026.2734    26.1244    312.362    303.259  364.48146     85.701     83.251     0.2906     1.3956     3.2564     1.4786 6.0422e+00       2550     1.7701  0.000e+00
     30.576   71.60162 -165.30498     30.894    -1.0165    -1.0124    -1.0172    32.4943    32.5483  1026.2720    26.1233    311.768    303.012  364.48279     85.537     83.179     0.2918     1.4029     3.2564     1.4786 6.0422e+00       2551     1.7708  0.000e+00
     30.576   71.60162 -165.30498     30.894    -1.0170    -1.0154    -1.0177    32.4947    32.5495  1026.2723    26.1236    311.181    302.980  364.48619     85.375     83.165     0.2930     1.4102     3.2564     1.4786 6.0422e+00       2552     1.7715  0.000e+00
     30.622   71.60162 -165.30498     30.941    -1.0183    -1.0176    -1.0190    32.4966    32.5483  1026.2741    26.1252    310.353    302.956  364.49402     85.146     83.152     0.2906     1.3956     3.2564     1.4786 6.0422e+00       2553     1.7722  0.000e+00
     30.576   71.60162 -165.30498     30.894    -1.0191    -1.0177    -1.0198    32.4966    32.5458  1026.2739    26.1252    309.687    302.918  364.50181     84.962     83.140     0.2918     1.4029     3.2564     1.4786 6.0422e+00       2554     1.7729  0.000e+00
     30.622   71.60162 -165.30498     30.941    -1.0199    -1.0150    -1.0206    32.4966    32.5425  1026.2741    26.1252    309.035    302.644  364.50914     84.781     83.069     0.2906     1.3956     3.2564     1.4786 6.0422e+00       2555     1.7736  0.000e+00
     30.638   71.60162 -165.30498     30.956    -1.0200    -1.0092    -1.0207    32.4961    32.5379  1026.2739    26.1248    308.437    302.545  364.51152     84.617     83.051     0.2918     1.4029     3.2564     1.4786 6.0422e+00       2556     1.7743  0.000e+00
     30.622   71.60162 -165.30498     30.941    -1.0205    -1.0060    -1.0212    32.4960    32.5368  1026.2737    26.1247    307.808    302.245  364.51636     84.443     82.975     0.2906     1.3956     3.2564     1.4786 6.0249e+00       2557     1.7750  0.000e+00
     30.638   71.60162 -165.30498     30.956    -1.0211    -1.0090    -1.0218    32.4962    32.5394  1026.2740    26.1249    307.196    301.975  364.52240     84.274     82.896     0.2918     1.4029     3.2564     1.4786 6.0249e+00       2558     1.7757  0.000e+00
     30.676   71.60162 -165.30498     30.995    -1.0217    -1.0154    -1.0224    32.4960    32.5431  1026.2740    26.1248    306.300    301.908  364.52858     84.026     82.866     0.2918     1.4029     3.2564     1.4786 6.0249e+00       2559     1.7764  0.000e+00
     30.576   71.60162 -165.30498     30.894    -1.0225    -1.0186    -1.0232    32.4957    32.5441  1026.2733    26.1246    305.626    301.823  364.53652     83.840     82.836     0.2918     1.4029     3.2564     1.4786 6.0076e+00       2560     1.7771  0.000e+00
     30.676   71.60162 -165.30498     30.995    -1.0228    -1.0182    -1.0235    32.4955    32.5411  1026.2737    26.1245    304.978    301.507  364.54044     83.661     82.748     0.2723     1.2857     3.2564     1.4786 5.9904e+00       2561     1.7778  0.000e+00
     30.692   71.60162 -165.30498     31.011    -1.0237    -1.0186    -1.0244    32.4961    32.5401  1026.2742    26.1249    304.051    301.396  364.54787     83.405     82.716     0.2381     1.0806     3.2564     1.4786 5.9904e+00       2562     1.7785  0.000e+00
     30.622   71.60162 -165.30498     30.941    -1.0245    -1.0220    -1.0252    32.4961    32.5424  1026.2739    26.1250    303.351    301.087  364.55488     83.211     82.626     0.2308     1.0366     3.2527     1.4831 5.9733e+00       2563     1.7792  0.000e+00
     30.638   71.60162 -165.30498     30.956    -1.0258    -1.0277    -1.0265    32.4958    32.5444  1026.2737    26.1247    302.689    301.012  364.56877     83.026     82.594     0.2308     1.0366     3.2405     1.4982 5.9733e+00       2564     1.7799  0.000e+00
     30.730   71.60162 -165.30498     31.050    -1.0266    -1.0321    -1.0273    32.4955    32.5455  1026.2740    26.1245    302.054    300.717  364.57742     82.850     82.504     0.2332     1.0513     3.2344     1.5057 5.9733e+00       2565     1.7806  0.000e+00
     30.692   71.60162 -165.30498     31.011    -1.0285    -1.0343    -1.0292    32.4955    32.5433  1026.2739    26.1246    301.201    300.613  364.59562     82.612     82.469     0.2344     1.0586     3.2344     1.5057 5.9733e+00       2566     1.7813  0.000e+00
     30.676   71.60162 -165.30498     30.995    -1.0298    -1.0357    -1.0305    32.4951    32.5428  1026.2735    26.1243    300.537    300.513  364.60970     82.427     82.438     0.2332     1.0513     3.2357     1.5042 5.9733e+00       2567     1.7819  0.000e+00
     30.638   71.60162 -165.30498     30.956    -1.0307    -1.0364    -1.0314    32.4942    32.5416  1026.2727    26.1236    299.906    300.195  364.62159     82.251     82.349     0.2332     1.0513     3.2357     1.5042 5.9562e+00       2568     1.7826  0.000e+00
     30.692   71.60162 -165.30498     31.011    -1.0304    -1.0365    -1.0311    32.4922    32.5395  1026.2713    26.1220    299.054    299.606  364.62394     82.017     82.186     0.2320     1.0439     3.2357     1.5042 5.9562e+00       2569     1.7833  0.000e+00
     30.730   71.60162 -165.30498     31.050    -1.0310    -1.0363    -1.0317    32.4916    32.5379  1026.2710    26.1215    298.404    299.417  364.63135     81.837     82.133     0.2332     1.0513     3.2357     1.5042 5.9391e+00       2570     1.7840  0.000e+00
     30.692   71.60162 -165.30498     31.011    -1.0321    -1.0354    -1.0328    32.4917    32.5368  1026.2709    26.1216    297.746    299.267  364.64218     81.654     82.093     0.2320     1.0439     3.2357     1.5042 5.9562e+00       2571     1.7847  0.000e+00
     30.730   71.60162 -165.30498     31.050    -1.0336    -1.0353    -1.0343    32.4921    32.5357  1026.2715    26.1220    296.930    298.886  364.65541     81.428     81.988     0.2332     1.0513     3.2357     1.5042 5.9391e+00       2572     1.7854  0.000e+00
     30.692   71.60162 -165.30498     31.011    -1.0353    -1.0365    -1.0360    32.4929    32.5374  1026.2720    26.1227    296.317    298.754  364.67003     81.256     81.950     0.2332     1.0513     3.2357     1.5042 5.9221e+00       2573     1.7861  0.000e+00
     30.792   71.60162 -165.30498     31.112    -1.0362    -1.0374    -1.0369    32.4933    32.5380  1026.2728    26.1231    295.751    298.420  364.67774     81.099     81.857     0.2320     1.0439     3.2357     1.5042 5.9052e+00       2574     1.7868  0.000e+00
     30.746   71.60162 -165.30498     31.066    -1.0373    -1.0385    -1.0380    32.4940    32.5381  1026.2732    26.1236    294.976    298.266  364.68634     80.885     81.813     0.2332     1.0513     3.2357     1.5042 5.9221e+00       2575     1.7875  0.000e+00
     30.730   71.60162 -165.30498     31.050    -1.0381    -1.0393    -1.0388    32.4940    32.5380  1026.2732    26.1237    294.410    297.906  364.69345     80.728     81.712     0.2320     1.0439     3.2357     1.5042 5.9052e+00       2576     1.7882  0.000e+00
     30.746   71.60162 -165.30498     31.066    -1.0393    -1.0412    -1.0400    32.4947    32.5391  1026.2738    26.1243    293.598    297.800  364.70328     80.503     81.680     0.2332     1.0513     3.2357     1.5042 5.8882e+00       2577     1.7889  0.000e+00
     30.730   71.60162 -165.30498     31.050    -1.0405    -1.0423    -1.0412    32.4959    32.5385  1026.2748    26.1253    293.046    297.456  364.71209     80.350     81.582     0.2320     1.0439     3.2357     1.5042 5.8882e+00       2578     1.7896  0.000e+00
     30.808   71.60162 -165.30498     31.128    -1.0416    -1.0425    -1.0423    32.4961    32.5369  1026.2754    26.1255    292.252    297.324  364.72201     80.130     81.545     0.2332     1.0513     3.2357     1.5042 5.8882e+00       2579     1.7903  0.000e+00
     30.730   71.60162 -165.30498     31.050    -1.0422    -1.0431    -1.0429    32.4969    32.5363  1026.2757    26.1262    291.713    296.985  364.72518     79.982     81.450     0.2344     1.0586     3.2357     1.5042 5.8714e+00       2580     1.7910  0.000e+00
     30.746   71.60162 -165.30498     31.066    -1.0426    -1.0437    -1.0433    32.4978    32.5358  1026.2765    26.1269    291.188    296.641  364.72714     79.837     81.354     0.2320     1.0439     3.2357     1.5042 5.8882e+00       2581     1.7917  0.000e+00
     30.792   71.60162 -165.30498     31.112    -1.0431    -1.0435    -1.0438    32.4984    32.5341  1026.2772    26.1274    290.473    296.256  364.73039     79.640     81.248     0.2332     1.0513     3.2357     1.5042 5.8714e+00       2582     1.7924  0.000e+00
     30.808   71.60162 -165.30498     31.128    -1.0429    -1.0432    -1.0436    32.4971    32.5337  1026.2762    26.1263    289.977    295.859  364.73209     79.504     81.140     0.2320     1.0439     3.2344     1.5057 5.8546e+00       2583     1.7931  0.000e+00
     30.792   71.60162 -165.30498     31.112    -1.0429    -1.0428    -1.0436    32.4967    32.5341  1026.2758    26.1260    289.544    295.485  364.73266     79.385     81.038     0.2332     1.0513     3.2210     1.5224 5.8546e+00       2584     1.7938  0.000e+00
     30.808   71.60162 -165.30498     31.128    -1.0435    -1.0433    -1.0442    32.4963    32.5348  1026.2756    26.1257    288.834    295.342  364.74043     79.189     80.998     0.2320     1.0439     3.2137     1.5315 5.8378e+00       2585     1.7944  0.000e+00
     30.808   71.60162 -165.30498     31.128    -1.0437    -1.0436    -1.0444    32.4963    32.5352  1026.2756    26.1258    288.391    294.969  364.74193     79.067     80.896     0.2320     1.0439     3.2125     1.5330 5.8378e+00       2586     1.7951  0.000e+00
     30.846   71.60162 -165.30498     31.167    -1.0441    -1.0443    -1.0448    32.4965    32.5359  1026.2760    26.1259    287.970    294.597  364.74477     78.951     80.793     0.2149     0.9414     3.2137     1.5315 5.8378e+00       2587     1.7958  0.000e+00
     30.862   71.60162 -165.30498     31.182    -1.0442    -1.0459    -1.0449    32.4966    32.5369  1026.2761    26.1260    287.263    294.230  364.74568     78.757     80.689     0.2027     0.8681     3.2137     1.5315 5.8378e+00       2588     1.7965  0.000e+00
     30.792   71.60162 -165.30498     31.112    -1.0443    -1.0468    -1.0450    32.4962    32.5373  1026.2754    26.1257    286.881    293.631  364.74853     78.652     80.523     0.2027     0.8681     3.2137     1.5315 5.8044e+00       2589     1.7972  0.000e+00
     30.862   71.60162 -165.30498     31.182    -1.0450    -1.0465    -1.0457    32.4960    32.5367  1026.2756    26.1255    286.276    293.225  364.75528     78.484     80.412     0.2027     0.8681     3.2137     1.5315 5.8211e+00       2590     1.7979  0.000e+00
     30.846   71.60162 -165.30498     31.167    -1.0460    -1.0442    -1.0467    32.4966    32.5343  1026.2761    26.1261    285.697    292.806  364.76343     78.324     80.301     0.2027     0.8681     3.2137     1.5315 5.8044e+00       2591     1.7986  0.000e+00
     30.862   71.60162 -165.30498     31.182    -1.0464    -1.0437    -1.0471    32.4963    32.5340  1026.2760    26.1258    285.303    292.405  364.76820     78.215     80.191     0.2015     0.8608     3.2137     1.5315 5.8044e+00       2592     1.7993  0.000e+00
     30.908   71.60162 -165.30498     31.229    -1.0474    -1.0431    -1.0481    32.4965    32.5330  1026.2764    26.1260    284.687    291.787  364.77718     78.044     80.023     0.2027     0.8681     3.2137     1.5315 5.7878e+00       2593     1.8000  0.000e+00
     30.862   71.60162 -165.30498     31.182    -1.0480    -1.0416    -1.0487    32.4959    32.5311  1026.2756    26.1255    284.303    291.331  364.78508     77.937     79.899     0.2039     0.8754     3.2137     1.5315 5.7712e+00       2594     1.8007  0.000e+00
     30.908   71.60162 -165.30498     31.229    -1.0490    -1.0404    -1.0497    32.4962    32.5288  1026.2762    26.1258    283.953    290.890  364.79419     77.839     79.780     0.2027     0.8681     3.2137     1.5315 5.7546e+00       2595     1.8014  0.000e+00
     30.862   71.60162 -165.30498     31.182    -1.0497    -1.0395    -1.0504    32.4961    32.5275  1026.2759    26.1257    283.677    290.458  364.80062     77.762     79.662     0.2039     0.8754     3.2137     1.5315 5.7712e+00       2596     1.8021  0.000e+00
