EcoFOCI/data/1_SampleCollection/2023_SikuliaqDBO_CruiseData/CTD_raw_BottleFile_SKQ23-12S/proc/skq202312s_026.ros
* Sea-Bird SBE 9 Data File:
* FileName = D:\CTD\SKQ202312S\SKQ202312S_026.hex
* Software Version Seasave V 7.26.7.121
* Temperature SN = 6177
* Conductivity SN = 0369
* Number of Bytes Per Scan = 41
* Number of Voltage Words = 4
* Number of Scans Averaged by the Deck Unit = 1
* NMEA Latitude = 71 17.26 N
* NMEA Longitude = 157 14.75 W
* NMEA UTC (Time) = Sep 20 2023  23:14:47
* NMEA baud rate = 4800
** Ship: R/V Sikuliaq
** Station Number: 026
** Station Name: DBO5.2
** Bottom Depth: 56
** Operator: SD
# nquan = 22
# nvalues = 1078                                  
# units = specified
# name 0 = depSM: Depth [salt water, m]
# name 1 = latitude: Latitude [deg]
# name 2 = longitude: Longitude [deg]
# name 3 = prDM: Pressure, Digiquartz [db]
# name 4 = t090C: Temperature [ITS-90, deg C]
# name 5 = t190C: Temperature, 2 [ITS-90, deg C]
# name 6 = potemp090C: Potential Temperature [ITS-90, deg C]
# name 7 = sal00: Salinity, Practical [PSU]
# name 8 = sal11: Salinity, Practical, 2 [PSU]
# name 9 = density00: Density [density, kg/m^3]
# name 10 = sigma-é00: Density [sigma-theta, kg/m^3]
# name 11 = sbox0Mm/Kg: Oxygen, SBE 43 [umol/kg]
# name 12 = sbox1Mm/Kg: Oxygen, SBE 43, 2 [umol/kg]
# name 13 = oxsolMm/Kg: Oxygen Saturation, Garcia & Gordon [umol/kg]
# name 14 = sbeox0PS: Oxygen, SBE 43 [% saturation]
# name 15 = v0: Voltage 0
# name 16 = flECO-AFL: Fluorescence, WET Labs ECO-AFL/FL [mg/m^3]
# name 17 = CStarAt0: Beam Attenuation, WET Labs C-Star [1/m]
# name 18 = par: PAR/Irradiance, Biospherical/Licor
# name 19 = scan: Scan Count
# name 20 = nbf: Bottles Fired
# name 21 = flag:  0.000e+00
# interval = seconds: 0.0416667
# start_time = Sep 20 2023 23:18:27 [NMEA time, first data scan]
# bad_flag = -9.990e-29
*END*
[from data line 330]
     40.041   71.28778 -157.24532     40.458     2.2167     2.2147     2.2148    31.7719    31.7845  1025.5617    25.3707    315.071    301.795  337.07457     93.472     0.0977     0.2381     1.6849 1.8051e-01      10525          7  0.000e+00
     40.041   71.28778 -157.24532     40.458     2.2166     2.2147     2.2146    31.7721    31.7840  1025.5619    25.3708    315.070    301.792  337.07553     93.472     0.0977     0.2381     1.6833 1.7883e-01      10526          7  0.000e+00
     40.041   71.28778 -157.24532     40.458     2.2164     2.2147     2.2144    31.7721    31.7840  1025.5618    25.3708    315.070    301.787  337.07700     93.471     0.0989     0.2454     1.6833 1.7800e-01      10527          7  0.000e+00
     40.034   71.28778 -157.24532     40.450     2.2163     2.2147     2.2143    31.7724    31.7838  1025.5621    25.3710    315.069    301.782  337.07764     93.471     0.0989     0.2454     1.6833 1.7800e-01      10528          7  0.000e+00
     40.041   71.28778 -157.24532     40.458     2.2161     2.2145     2.2141    31.7724    31.7839  1025.5621    25.3711    315.070    301.778  337.07892     93.471     0.0989     0.2454     1.6833 1.7468e-01      10529          7  0.000e+00
     39.987   71.28778 -157.24532     40.403     2.2162     2.2144     2.2142    31.7726    31.7841  1025.5621    25.3713    315.064    301.771  337.07738     93.469     0.1001     0.2527     1.6833 1.7222e-01      10530          7  0.000e+00
     40.041   71.28778 -157.24532     40.458     2.2164     2.2145     2.2144    31.7726    31.7842  1025.5622    25.3712    315.063    301.767  337.07576     93.470     0.0989     0.2454     1.6833 1.7140e-01      10531          7  0.000e+00
     40.034   71.28778 -157.24532     40.450     2.2166     2.2150     2.2146    31.7720    31.7841  1025.5617    25.3707    315.061    301.783  337.07583     93.469     0.1001     0.2527     1.6833 1.7222e-01      10532          7  0.000e+00
     39.987   71.28778 -157.24532     40.403     2.2169     2.2155     2.2149    31.7724    31.7839  1025.5618    25.3710    315.054    301.799  337.07209     93.468     0.0989     0.2454     1.6833 1.7304e-01      10533          7  0.000e+00
     39.987   71.28778 -157.24532     40.403     2.2172     2.2155     2.2153    31.7717    31.7838  1025.5612    25.3704    315.051    301.796  337.07110     93.467     0.1001     0.2527     1.6833 1.7304e-01      10534          7  0.000e+00
     40.041   71.28778 -157.24532     40.458     2.2171     2.2158     2.2151    31.7721    31.7838  1025.5618    25.3707    315.052    301.994  337.07151     93.467     0.0989     0.2454     1.6833 1.7634e-01      10535          7  0.000e+00
     39.980   71.28778 -157.24532     40.396     2.2169     2.2157     2.2149    31.7722    31.7839  1025.5616    25.3709    315.050    302.013  337.07291     93.466     0.0989     0.2454     1.6849 1.8051e-01      10536          7  0.000e+00
     39.987   71.28778 -157.24532     40.403     2.2169     2.2158     2.2149    31.7723    31.7837  1025.5617    25.3709    315.048    301.830  337.07229     93.466     0.0989     0.2454     1.6833 1.8220e-01      10537          7  0.000e+00
     29.351   71.28780 -157.24504     29.655     3.2036     3.2075     3.2019    31.4866    30.9022  1025.2037    25.0644    313.598    301.404  329.60697     95.143     0.0928     0.2088     0.6925 1.4482e+00      13993          8  0.000e+00
     29.443   71.28780 -157.24504     29.749     3.2025     3.2019     3.2008    31.4862    30.9091  1025.2039    25.0642    313.617    301.458  329.61712     95.146     0.0928     0.2088     0.6925 1.4438e+00      13994          8  0.000e+00
     29.459   71.28780 -157.24504     29.764     3.2007     3.1965     3.1991    31.4857    30.9186  1025.2037    25.0639    313.637    301.500  329.63228     95.148     0.0916     0.2015     0.6925 1.4482e+00      13995          8  0.000e+00
     29.443   71.28780 -157.24504     29.749     3.1983     3.1925     3.1967    31.4866    30.9193  1025.2046    25.0648    313.258    301.522  329.64969     95.027     0.0940     0.2161     0.6937 1.4394e+00      13996          8  0.000e+00
     29.459   71.28780 -157.24504     29.764     3.1973     3.1938     3.1956    31.4872    30.9208  1025.2052    25.0654    313.637    301.717  329.65687     95.140     0.0928     0.2088     0.6937 1.4307e+00      13997          8  0.000e+00
     29.505   71.28780 -157.24504     29.811     3.1971     3.2000     3.1954    31.4876    30.9183  1025.2058    25.0657    313.642    301.680  329.65706     95.142     0.0940     0.2161     0.6949 1.4307e+00      13998          8  0.000e+00
     29.459   71.28780 -157.24504     29.764     3.1971     3.2064     3.1954    31.4880    30.9135  1025.2059    25.0661    313.640    301.641  329.65601     95.142     0.0940     0.2161     0.6949 1.4263e+00      13999          8  0.000e+00
     29.559   71.28780 -157.24504     29.866     3.1971     3.2116     3.1954    31.4887    30.9178  1025.2069    25.0666    313.607    301.616  329.65437     95.132     0.0940     0.2161     0.6937 1.4133e+00      14000          8  0.000e+00
     29.520   71.28780 -157.24504     29.827     3.1973     3.2139     3.1956    31.4893    30.9164  1025.2072    25.0671    313.599    301.423  329.65154     95.131     0.0952     0.2234     0.6949 1.4133e+00      14001          8  0.000e+00
     29.559   71.28780 -157.24504     29.866     3.1979     3.2143     3.1962    31.4883    30.9175  1025.2066    25.0663    313.594    301.416  329.64913     95.130     0.0940     0.2161     0.6949 1.4090e+00      14002          8  0.000e+00
     29.574   71.28780 -157.24504     29.881     3.1958     3.2132     3.1941    31.4871    30.9196  1025.2059    25.0655    313.609    301.613  329.66868     95.129     0.0952     0.2234     0.6937 1.4005e+00      14003          8  0.000e+00
     29.621   71.28780 -157.24504     29.928     3.1927     3.2130     3.1910    31.4865    30.9176  1025.2059    25.0653    313.633    301.636  329.69574     95.128     0.0940     0.2161     0.6937 1.3962e+00      14004          8  0.000e+00
     29.574   71.28780 -157.24504     29.881     3.1895     3.2138     3.1879    31.4874    30.9159  1025.2066    25.0663    313.648    301.643  329.71914     95.126     0.0940     0.2161     0.6949 1.3962e+00      14005          8  0.000e+00
     29.690   71.28780 -157.24504     29.998     3.1872     3.2138     3.1855    31.4870    30.9276  1025.2070    25.0661    313.665    301.631  329.73938     95.125     0.0940     0.2161     0.6949 1.3877e+00      14006          8  0.000e+00
     29.621   71.28780 -157.24504     29.928     3.1852     3.2124     3.1835    31.4872    30.9263  1025.2071    25.0665    313.450    301.650  329.75528     95.055     0.0940     0.2161     0.6949 1.3835e+00      14007          8  0.000e+00
     29.690   71.28780 -157.24504     29.998     3.1840     3.2095     3.1823    31.4885    30.9212  1025.2085    25.0676    313.631    301.692  329.76117     95.108     0.0940     0.2161     0.6949 1.3835e+00      14008          8  0.000e+00
     29.675   71.28780 -157.24504     29.983     3.1848     3.2069     3.1832    31.4880    30.9254  1025.2080    25.0671    313.611    301.705  329.75600     95.104     0.0940     0.2161     0.6949 1.3751e+00      14009          8  0.000e+00
     29.752   71.28780 -157.24504     30.061     3.1837     3.2030     3.1820    31.4867    30.9305  1025.2074    25.0662    313.613    301.727  329.76830     95.101     0.0928     0.2088     0.6949 1.3709e+00      14010          8  0.000e+00
     29.736   71.28780 -157.24504     30.045     3.1811     3.2002     3.1794    31.4867    30.9280  1025.2076    25.0664    313.620    301.751  329.79000     95.097     0.0940     0.2161     0.6937 1.3709e+00      14011          8  0.000e+00
     29.752   71.28780 -157.24504     30.061     3.1787     3.1971     3.1770    31.4876    30.9330  1025.2085    25.0673    313.622    301.759  329.80696     95.093     0.0952     0.2234     0.6949 1.3584e+00      14012          8  0.000e+00
     29.790   71.28780 -157.24504     30.100     3.1774     3.1938     3.1757    31.4881    30.9341  1025.2092    25.0678    313.615    301.775  329.81619     95.088     0.0940     0.2161     0.6937 1.3501e+00      14013          8  0.000e+00
     29.806   71.28780 -157.24504     30.115     3.1763     3.1909     3.1746    31.4888    30.9451  1025.2100    25.0685    313.603    301.761  329.82339     95.082     0.0940     0.2161     0.6949 1.3501e+00      14014          8  0.000e+00
     29.790   71.28780 -157.24504     30.100     3.1754     3.1895     3.1737    31.4891    30.9377  1025.2102    25.0688    313.842    301.773  329.83022     95.153     0.0940     0.2161     0.6949 1.3459e+00      14015          8  0.000e+00
     29.860   71.28780 -157.24504     30.170     3.1744     3.1877     3.1727    31.4889    30.9354  1025.2104    25.0687    313.648    301.778  329.83855     95.091     0.0940     0.2161     0.6949 1.3418e+00      14016          8  0.000e+00
     29.906   71.28780 -157.24504     30.217     3.1726     3.1861     3.1709    31.4885    30.9513  1025.2106    25.0686    313.642    301.540  329.85459     95.085     0.0928     0.2088     0.6949 1.3459e+00      14017          8  0.000e+00
     29.860   71.28780 -157.24504     30.170     3.1701     3.1844     3.1684    31.4883    30.9484  1025.2103    25.0686    313.419    301.536  329.87564     95.011     0.0940     0.2161     0.6949 1.3336e+00      14018          8  0.000e+00
     29.922   71.28780 -157.24504     30.232     3.1656     3.1814     3.1639    31.4879    30.9411  1025.2107    25.0687    313.401    301.752  329.91264     94.995     0.0928     0.2088     0.6949 1.3255e+00      14019          8  0.000e+00
     29.906   71.28780 -157.24504     30.217     3.1598     3.1783     3.1581    31.4873    30.9380  1025.2106    25.0687    313.392    301.586  329.96170     94.978     0.0940     0.2161     0.6949 1.3255e+00      14020          8  0.000e+00
     29.922   71.28780 -157.24504     30.232     3.1554     3.1760     3.1537    31.4878    30.9390  1025.2115    25.0694    313.623    301.750  329.99609     95.038     0.0928     0.2088     0.6949 1.3214e+00      14021          8  0.000e+00
     30.022   71.28780 -157.24504     30.333     3.1537     3.1731     3.1520    31.4899    30.9457  1025.2138    25.0712    313.430    301.732  330.00529     94.977     0.0928     0.2088     0.6949 1.3134e+00      14022          8  0.000e+00
     29.922   71.28780 -157.24504     30.232     3.1537     3.1706     3.1520    31.4921    30.9443  1025.2151    25.0730    313.615    301.524  329.99964     95.035     0.0940     0.2161     0.6937 1.3134e+00      14023          8  0.000e+00
     30.022   71.28780 -157.24504     30.333     3.1554     3.1675     3.1537    31.4935    30.9432  1025.2165    25.0740    313.358    301.522  329.98192     94.962     0.0928     0.2088     0.6949 1.3094e+00      14024          8  0.000e+00
     30.037   71.28780 -157.24504     30.349     3.1571     3.1616     3.1554    31.4939    30.9471  1025.2167    25.0741    313.319    301.529  329.96696     94.955     0.0940     0.2161     0.6949 1.3013e+00      14025          8  0.000e+00
     30.076   71.28780 -157.24504     30.388     3.1590     3.1550     3.1573    31.4930    30.9553  1025.2161    25.0733    313.467    301.531  329.95378     95.003     0.0928     0.2088     0.6949 1.3013e+00      14026          8  0.000e+00
     30.091   71.28780 -157.24504     30.404     3.1603     3.1468     3.1586    31.4926    30.9578  1025.2157    25.0729    313.469    301.558  329.94442     95.006     0.0940     0.2161     0.6949 1.2894e+00      14027          8  0.000e+00
     30.076   71.28780 -157.24504     30.388     3.1612     3.1419     3.1595    31.4930    30.9550  1025.2159    25.0731    313.252    301.566  329.93566     94.943     0.0928     0.2088     0.6949 1.2737e+00      14028          8  0.000e+00
     30.091   71.28780 -157.24504     30.404     3.1623     3.1385     3.1606    31.4933    30.9514  1025.2161    25.0732    313.221    301.369  329.92623     94.937     0.0928     0.2088     0.6949 1.2659e+00      14029          8  0.000e+00
     30.138   71.28780 -157.24504     30.450     3.1626     3.1385     3.1609    31.4927    30.9479  1025.2158    25.0727    313.201    301.317  329.92506     94.931     0.0928     0.2088     0.6949 1.2659e+00      14030          8  0.000e+00
     30.145   71.28780 -157.24504     30.458     3.1612     3.1391     3.1595    31.4903    30.9501  1025.2140    25.0709    313.200    301.050  329.94245     94.926     0.0928     0.2088     0.6949 1.2620e+00      14031          8  0.000e+00
     30.145   71.28780 -157.24504     30.458     3.1587     3.1383     3.1570    31.4896    30.9501  1025.2138    25.0706    313.207    300.973  329.96446     94.921     0.0928     0.2088     0.6949 1.2581e+00      14032          8  0.000e+00
     30.192   71.28780 -157.24504     30.505     3.1556     3.1363     3.1539    31.4877    30.9468  1025.2127    25.0693    313.225    300.917  329.99503     94.918     0.0928     0.2088     0.6949 1.2581e+00      14033          8  0.000e+00
     30.207   71.28780 -157.24504     30.521     3.1508     3.1329     3.1491    31.4888    30.9555  1025.2141    25.0706    313.250    300.868  330.03096     94.915     0.0940     0.2161     0.6949 1.2504e+00      14034          8  0.000e+00
     30.192   71.28780 -157.24504     30.505     3.1483     3.1287     3.1466    31.4914    30.9611  1025.2163    25.0729    313.252    300.834  330.04488     94.912     0.0928     0.2088     0.6949 1.2427e+00      14035          8  0.000e+00
     30.207   71.28780 -157.24504     30.521     3.1486     3.1249     3.1469    31.4930    30.9573  1025.2176    25.0742    313.235    300.821  330.03824     94.909     0.0928     0.2088     0.6962 1.2389e+00      14036          8  0.000e+00
     30.246   71.28780 -157.24504     30.560     3.1482     3.1219     3.1464    31.4928    30.9553  1025.2176    25.0740    313.231    300.800  330.04281     94.906     0.0928     0.2088     0.6986 1.2313e+00      14037          8  0.000e+00
     30.261   71.28780 -157.24504     30.575     3.1446     3.1204     3.1429    31.4917    30.9584  1025.2171    25.0735    312.602    300.560  330.07471     94.706     0.0928     0.2088     0.6999 1.2199e+00      14038          8  0.000e+00
     30.307   71.28780 -157.24504     30.622     3.1395     3.1187     3.1378    31.4913    30.9553  1025.2175    25.0736    313.197    300.513  330.11707     94.874     0.0928     0.2088     0.6999 1.2237e+00      14039          8  0.000e+00
     30.207   71.28780 -157.24504     30.521     3.1359     3.1171     3.1342    31.4900    30.9512  1025.2163    25.0728    313.226    300.464  330.14962     94.874     0.0928     0.2088     0.6999 1.2237e+00      14040          8  0.000e+00
     30.307   71.28780 -157.24504     30.622     3.1321     3.1155     3.1304    31.4897    30.9569  1025.2168    25.0729    313.264    300.404  330.18119     94.876     0.0916     0.2015     0.6999 1.2237e+00      14041          8  0.000e+00
     29.758   71.28782 -157.24502     30.067     3.1815     3.1830     3.1798    31.4912    29.3512  1025.2112    25.0699    313.519    295.323  329.77488     95.071     0.0928     0.2088     0.6949 1.3377e+00      14748          9  0.000e+00
     29.696   71.28782 -157.24502     30.004     3.1822     3.1831     3.1805    31.4910    29.3516  1025.2107    25.0698    313.521    295.318  329.77006     95.073     0.0940     0.2161     0.6949 1.3296e+00      14749          9  0.000e+00
     29.681   71.28782 -157.24502     29.989     3.1829     3.1831     3.1812    31.4906    29.3480  1025.2103    25.0694    313.525    295.352  329.76499     95.075     0.0940     0.2161     0.6949 1.3296e+00      14750          9  0.000e+00
