EcoFOCI/data/1_SampleCollection/2023_SikuliaqDBO_CruiseData/CTD_raw_BottleFile_SKQ23-12S/proc/skq202312s_056.cnv
* Sea-Bird SBE 9 Data File:
* FileName = D:\CTD\SKQ202312S\SKQ202312S_056.hex
* Software Version Seasave V 7.26.7.121
* Temperature SN = 6177
* Conductivity SN = 0369
* Number of Bytes Per Scan = 41
* Number of Voltage Words = 4
* Number of Scans Averaged by the Deck Unit = 1
* NMEA Latitude = 71 11.69 N
* NMEA Longitude = 164 11.92 W
* NMEA UTC (Time) = Sep 27 2023  06:41:16
* NMEA baud rate = 4800
** Ship: R/V Sikuliaq
** Station Number: 056
** Station Name: IC6
** Bottom Depth: 44
** Operator: SD
# nquan = 24
# nvalues = 3968                                  
# units = specified
# name 0 = depSM: Depth [salt water, m]
# name 1 = latitude: Latitude [deg]
# name 2 = longitude: Longitude [deg]
# name 3 = prDM: Pressure, Digiquartz [db]
# name 4 = t090C: Temperature [ITS-90, deg C]
# name 5 = t190C: Temperature, 2 [ITS-90, deg C]
# name 6 = potemp090C: Potential Temperature [ITS-90, deg C]
# name 7 = sal00: Salinity, Practical [PSU]
# name 8 = sal11: Salinity, Practical, 2 [PSU]
# name 9 = density00: Density [density, kg/m^3]
# name 10 = sigma-é00: Density [sigma-theta, kg/m^3]
# name 11 = sbox0Mm/Kg: Oxygen, SBE 43 [umol/kg]
# name 12 = sbox1Mm/Kg: Oxygen, SBE 43, 2 [umol/kg]
# name 13 = oxsolMm/Kg: Oxygen Saturation, Garcia & Gordon [umol/kg]
# name 14 = sbeox0PS: Oxygen, SBE 43 [% saturation]
# name 15 = sbeox1PS: Oxygen, SBE 43, 2 [% saturation]
# name 16 = v0: Voltage 0
# name 17 = flECO-AFL: Fluorescence, WET Labs ECO-AFL/FL [mg/m^3]
# name 18 = v1: Voltage 1
# name 19 = CStarAt0: Beam Attenuation, WET Labs C-Star [1/m]
# name 20 = par: PAR/Irradiance, Biospherical/Licor
# name 21 = scan: Scan Count
# name 22 = timeM: Time, Elapsed [minutes]
# name 23 = flag:  0.000e+00
# span 0 =      2.089,     38.866                 
# span 1 =   71.19488,   71.19490                 
# span 2 = -164.19864, -164.19862                 
# span 3 =      2.111,     39.270                 
# span 4 =    -0.8832,     4.6042                 
# span 5 =    -0.8819,     4.6065                 
# span 6 =    -0.8842,     4.6027                 
# span 7 =    30.9011,    32.4079                 
# span 8 =    30.9257,    32.4242                 
# span 9 =  1024.5989,  1026.2079                 
# span 10 =    24.5714,    26.0466                
# span 11 =    289.674,    389.805                
# span 12 =    275.106,    354.333                
# span 13 =  319.08269,  363.57910                
# span 14 =     79.678,    108.587                
# span 15 =     75.682,     98.445                
# span 16 =     0.0891,     0.1758                
# span 17 =     0.1868,     0.7069                
# span 18 =     3.0513,     4.2198                
# span 19 =     0.4416,     1.7390                
# span 20 = 1.0000e-12, 2.3870e+00                
# span 21 =          1,       3968                
# span 22 =     0.0000,     2.7549                
# span 23 = 0.0000e+00, 0.0000e+00                
# interval = seconds: 0.0416667
# start_time = Sep 27 2023 06:45:52 [NMEA time, first data scan]
# bad_flag = -9.990e-29
*END*
[from data line 3502]
     35.897   71.19488 -164.19864     36.269    -0.8810    -0.8795    -0.8818    32.3604    32.3735  1026.1849    26.0104    291.404    277.075  363.54946     80.155     76.225     0.1062     0.2894     3.1099     1.6628 1.0000e-12       3503     2.4319  0.000e+00
     35.889   71.19488 -164.19864     36.262    -0.8808    -0.8798    -0.8816    32.3602    32.3733  1026.1847    26.0103    291.446    276.883  363.54831     80.167     76.171     0.1062     0.2894     3.1099     1.6628 1.0000e-12       3504     2.4326  0.000e+00
     35.897   71.19488 -164.19864     36.269    -0.8810    -0.8798    -0.8818    32.3601    32.3731  1026.1846    26.0102    291.194    276.852  363.55031     80.097     76.162     0.1026     0.2674     3.1087     1.6644 8.4714e-06       3505     2.4333  0.000e+00
     35.897   71.19488 -164.19864     36.269    -0.8806    -0.8798    -0.8815    32.3598    32.3739  1026.1844    26.0099    291.146    276.818  363.54780     80.085     76.154     0.1013     0.2601     3.1074     1.6660 1.0000e-12       3506     2.4340  0.000e+00
     36.004   71.19488 -164.19864     36.379    -0.8810    -0.8796    -0.8818    32.3601    32.3736  1026.1851    26.0101    291.364    276.790  363.55049     80.144     76.146     0.1001     0.2527     3.1062     1.6676 1.0000e-12       3507     2.4347  0.000e+00
     35.897   71.19488 -164.19864     36.269    -0.8810    -0.8798    -0.8818    32.3599    32.3736  1026.1844    26.0100    291.368    276.755  363.55104     80.145     76.136     0.1013     0.2601     3.1062     1.6676 8.4714e-06       3508     2.4354  0.000e+00
     36.012   71.19488 -164.19864     36.386    -0.8810    -0.8798    -0.8818    32.3598    32.3731  1026.1849    26.0099    291.130    276.729  363.55136     80.079     76.129     0.1026     0.2674     3.1062     1.6676 1.0000e-12       3509     2.4361  0.000e+00
     35.943   71.19488 -164.19864     36.316    -0.8810    -0.8800    -0.8818    32.3601    32.3738  1026.1848    26.0102    291.093    276.694  363.55039     80.070     76.119     0.1013     0.2601     3.1062     1.6676 1.0000e-12       3510     2.4368  0.000e+00
     35.958   71.19488 -164.19864     36.332    -0.8811    -0.8802    -0.8819    32.3600    32.3739  1026.1848    26.0101    291.066    276.889  363.55178     80.062     76.172     0.1026     0.2674     3.1062     1.6676 8.4714e-06       3511     2.4375  0.000e+00
     36.012   71.19488 -164.19864     36.386    -0.8811    -0.8801    -0.8819    32.3601    32.3736  1026.1851    26.0101    291.042    276.696  363.55163     80.055     76.119     0.1013     0.2601     3.1062     1.6676 8.4714e-06       3512     2.4382  0.000e+00
     36.004   71.19488 -164.19864     36.378    -0.8811    -0.8801    -0.8819    32.3603    32.3734  1026.1853    26.0103    290.816    276.888  363.55101     79.993     76.172     0.1013     0.2601     3.1062     1.6676 1.0000e-12       3513     2.4389  0.000e+00
     36.012   71.19488 -164.19864     36.386    -0.8808    -0.8802    -0.8816    32.3601    32.3735  1026.1852    26.0101    291.006    276.887  363.54877     80.046     76.171     0.1013     0.2601     3.1062     1.6676 1.0000e-12       3514     2.4396  0.000e+00
     36.012   71.19488 -164.19864     36.386    -0.8810    -0.8802    -0.8818    32.3601    32.3735  1026.1851    26.0101    290.998    276.883  363.55051     80.043     76.170     0.1026     0.2674     3.1062     1.6676 1.0000e-12       3515     2.4403  0.000e+00
     36.058   71.19488 -164.19864     36.433    -0.8806    -0.8806    -0.8815    32.3598    32.3736  1026.1851    26.0099    290.991    276.690  363.54808     80.042     76.117     0.1013     0.2601     3.1062     1.6676 1.0000e-12       3516     2.4410  0.000e+00
     36.012   71.19488 -164.19864     36.386    -0.8808    -0.8806    -0.8816    32.3599    32.3735  1026.1850    26.0100    290.736    276.686  363.54937     79.972     76.116     0.1013     0.2601     3.1062     1.6676 1.0000e-12       3517     2.4417  0.000e+00
     36.058   71.19488 -164.19864     36.433    -0.8810    -0.8804    -0.8818    32.3598    32.3736  1026.1851    26.0099    290.949    276.685  363.55131     80.030     76.116     0.1026     0.2674     3.1062     1.6676 1.0000e-12       3518     2.4424  0.000e+00
     36.128   71.19488 -164.19864     36.503    -0.8808    -0.8804    -0.8817    32.3600    32.3736  1026.1857    26.0101    290.656    276.688  363.54897     79.950     76.116     0.1013     0.2601     3.1062     1.6676 8.4714e-06       3519     2.4431  0.000e+00
     36.074   71.19488 -164.19864     36.449    -0.8808    -0.8804    -0.8817    32.3597    32.3736  1026.1852    26.0098    290.872    276.686  363.54984     80.009     76.116     0.1026     0.2674     3.1062     1.6676 8.4714e-06       3520     2.4438  0.000e+00
     36.058   71.19488 -164.19864     36.433    -0.8810    -0.8806    -0.8818    32.3595    32.3741  1026.1849    26.0097    290.840    276.689  363.55216     79.999     76.117     0.1013     0.2601     3.1062     1.6676 1.0000e-12       3521     2.4444  0.000e+00
     36.128   71.19488 -164.19864     36.503    -0.8810    -0.8802    -0.8818    32.3593    32.3735  1026.1851    26.0095    290.657    276.662  363.55277     79.949     76.110     0.1026     0.2674     3.1062     1.6676 8.4714e-06       3522     2.4451  0.000e+00
     36.128   71.19488 -164.19864     36.503    -0.8811    -0.8804    -0.8819    32.3599    32.3736  1026.1856    26.0100    290.888    276.859  363.55207     80.013     76.164     0.1013     0.2601     3.1062     1.6676 1.0000e-12       3523     2.4458  0.000e+00
     36.120   71.19488 -164.19864     36.495    -0.8813    -0.8804    -0.8821    32.3598    32.3736  1026.1855    26.0099    290.919    276.636  363.55391     80.021     76.102     0.1013     0.2601     3.1062     1.6676 1.0000e-12       3524     2.4465  0.000e+00
     36.190   71.19488 -164.19864     36.565    -0.8811    -0.8801    -0.8819    32.3599    32.3729  1026.1859    26.0100    290.953    276.608  363.55217     80.031     76.095     0.1001     0.2527     3.1062     1.6676 1.0000e-12       3525     2.4472  0.000e+00
     36.190   71.19488 -164.19864     36.565    -0.8813    -0.8802    -0.8821    32.3601    32.3733  1026.1861    26.0102    290.942    276.611  363.55306     80.027     76.096     0.1026     0.2674     3.1074     1.6660 8.4714e-06       3526     2.4479  0.000e+00
     36.174   71.19488 -164.19864     36.550    -0.8813    -0.8802    -0.8821    32.3600    32.3731  1026.1859    26.0101    290.680    276.615  363.55340     79.955     76.096     0.1026     0.2674     3.1099     1.6628 8.4714e-06       3527     2.4486  0.000e+00
     36.189   71.19488 -164.19864     36.565    -0.8813    -0.8802    -0.8821    32.3595    32.3730  1026.1856    26.0097    290.628    276.589  363.55488     79.941     76.089     0.1013     0.2601     3.1111     1.6613 1.0000e-12       3528     2.4493  0.000e+00
     36.189   71.19488 -164.19864     36.565    -0.8814    -0.8804    -0.8823    32.3599    32.3732  1026.1859    26.0100    291.134    276.340  363.55541     80.080     76.020     0.1026     0.2674     3.1111     1.6613 1.0000e-12       3529     2.4500  0.000e+00
     36.174   71.19488 -164.19864     36.550    -0.8814    -0.8806    -0.8823    32.3601    32.3736  1026.1860    26.0102    290.675    276.284  363.55477     79.954     76.005     0.1013     0.2601     3.1111     1.6613 1.0000e-12       3530     2.4507  0.000e+00
     36.243   71.19488 -164.19864     36.620    -0.8814    -0.8801    -0.8823    32.3596    32.3730  1026.1860    26.0098    289.674    276.229  363.55611     79.678     75.990     0.1038     0.2747     3.1111     1.6613 8.4714e-06       3531     2.4514  0.000e+00
     36.243   71.19488 -164.19864     36.620    -0.8815    -0.8802    -0.8824    32.3598    32.3733  1026.1861    26.0099    290.615    276.432  363.55686     79.936     76.046     0.1026     0.2674     3.1111     1.6613 1.0000e-12       3532     2.4521  0.000e+00
     36.236   71.19488 -164.19864     36.612    -0.8815    -0.8802    -0.8824    32.3599    32.3734  1026.1861    26.0100    290.594    276.441  363.55648     79.931     76.049     0.1026     0.2674     3.1111     1.6613 1.0000e-12       3533     2.4528  0.000e+00
     36.297   71.19488 -164.19864     36.675    -0.8815    -0.8798    -0.8824    32.3599    32.3731  1026.1864    26.0100    290.834    276.452  363.55647     79.997     76.052     0.1026     0.2674     3.1111     1.6613 1.0000e-12       3534     2.4535  0.000e+00
     36.243   71.19488 -164.19864     36.620    -0.8815    -0.8800    -0.8824    32.3601    32.3729  1026.1863    26.0101    290.865    276.464  363.55601     80.005     76.055     0.1026     0.2674     3.1111     1.6613 1.0000e-12       3535     2.4542  0.000e+00
     36.290   71.19488 -164.19864     36.667    -0.8814    -0.8801    -0.8823    32.3598    32.3733  1026.1863    26.0100    290.649    276.224  363.55558     79.946     75.989     0.1038     0.2747     3.1111     1.6613 8.4714e-06       3536     2.4549  0.000e+00
     36.297   71.19488 -164.19864     36.675    -0.8814    -0.8801    -0.8823    32.3598    32.3730  1026.1863    26.0099    290.641    276.210  363.55571     79.944     75.985     0.1026     0.2674     3.1111     1.6613 1.0000e-12       3537     2.4556  0.000e+00
     36.297   71.19488 -164.19864     36.675    -0.8815    -0.8801    -0.8824    32.3601    32.3731  1026.1866    26.0102    290.638    276.389  363.55586     79.943     76.035     0.1026     0.2674     3.1111     1.6613 1.0000e-12       3538     2.4562  0.000e+00
     36.344   71.19488 -164.19864     36.721    -0.8814    -0.8802    -0.8823    32.3595    32.3736  1026.1863    26.0097    290.640    276.378  363.55652     79.943     76.031     0.1026     0.2674     3.1111     1.6613 1.0000e-12       3539     2.4569  0.000e+00
     36.297   71.19488 -164.19864     36.675    -0.8817    -0.8801    -0.8826    32.3602    32.3735  1026.1867    26.0102    290.643    276.392  363.55736     79.944     76.036     0.1026     0.2674     3.1111     1.6613 1.0000e-12       3540     2.4576  0.000e+00
     36.413   71.19488 -164.19864     36.791    -0.8815    -0.8801    -0.8824    32.3595    32.3732  1026.1866    26.0097    290.655    276.416  363.55776     79.947     76.042     0.1026     0.2674     3.1099     1.6628 8.4714e-06       3541     2.4583  0.000e+00
     36.344   71.19488 -164.19864     36.721    -0.8813    -0.8802    -0.8821    32.3593    32.3733  1026.1862    26.0095    290.662    276.435  363.55539     79.950     76.047     0.1026     0.2674     3.1111     1.6613 1.0000e-12       3542     2.4590  0.000e+00
     36.413   71.19488 -164.19864     36.791    -0.8813    -0.8802    -0.8821    32.3593    32.3733  1026.1865    26.0095    290.681    276.460  363.55551     79.955     76.054     0.1026     0.2674     3.1111     1.6613 1.0000e-12       3543     2.4597  0.000e+00
     36.413   71.19488 -164.19864     36.791    -0.8815    -0.8802    -0.8824    32.3598    32.3735  1026.1869    26.0099    290.702    276.482  363.55691     79.960     76.060     0.1026     0.2674     3.1111     1.6613 8.4714e-06       3544     2.4604  0.000e+00
     36.405   71.19488 -164.19864     36.784    -0.8815    -0.8804    -0.8824    32.3600    32.3733  1026.1870    26.0101    290.725    276.508  363.55629     79.967     76.067     0.1038     0.2747     3.1111     1.6613 8.4714e-06       3545     2.4611  0.000e+00
     36.413   71.19488 -164.19864     36.791    -0.8814    -0.8802    -0.8823    32.3601    32.3726  1026.1872    26.0102    290.751    276.310  363.55470     79.974     76.012     0.1026     0.2674     3.1111     1.6613 8.4714e-06       3546     2.4618  0.000e+00
     36.413   71.19488 -164.19864     36.791    -0.8817    -0.8806    -0.8826    32.3599    32.3732  1026.1870    26.0100    290.785    276.309  363.55804     79.983     76.011     0.1038     0.2747     3.1148     1.6566 1.0000e-12       3547     2.4625  0.000e+00
     36.521   71.19488 -164.19864     36.901    -0.8814    -0.8806    -0.8823    32.3599    32.3735  1026.1875    26.0100    290.823    276.312  363.55537     79.994     76.013     0.1026     0.2674     3.1160     1.6550 1.0000e-12       3548     2.4632  0.000e+00
     36.475   71.19488 -164.19864     36.854    -0.8815    -0.8807    -0.8824    32.3599    32.3730  1026.1873    26.0100    290.861    276.283  363.55653     80.004     76.004     0.1026     0.2674     3.1160     1.6550 1.0000e-12       3549     2.4639  0.000e+00
     36.475   71.19488 -164.19864     36.854    -0.8813    -0.8806    -0.8821    32.3595    32.3733  1026.1869    26.0097    290.903    276.253  363.55488     80.016     75.996     0.1026     0.2674     3.1160     1.6550 1.0000e-12       3550     2.4646  0.000e+00
     36.459   71.19488 -164.19864     36.838    -0.8815    -0.8806    -0.8824    32.3597    32.3732  1026.1870    26.0098    290.951    276.258  363.55711     80.029     75.998     0.1026     0.2674     3.1160     1.6550 1.0000e-12       3551     2.4653  0.000e+00
     36.529   71.19488 -164.19864     36.908    -0.8813    -0.8806    -0.8821    32.3592    32.3728  1026.1870    26.0094    290.751    276.493  363.55570     79.974     76.062     0.1026     0.2674     3.1160     1.6550 1.0000e-12       3552     2.4660  0.000e+00
     36.529   71.19488 -164.19864     36.908    -0.8815    -0.8804    -0.8824    32.3597    32.3729  1026.1874    26.0098    290.762    276.275  363.55711     79.977     76.002     0.1038     0.2747     3.1160     1.6550 1.0000e-12       3553     2.4667  0.000e+00
     36.521   71.19488 -164.19864     36.901    -0.8814    -0.8804    -0.8823    32.3597    32.3736  1026.1873    26.0098    290.475    276.476  363.55610     79.898     76.058     0.1038     0.2747     3.1160     1.6550 1.0000e-12       3554     2.4674  0.000e+00
     36.529   71.19488 -164.19864     36.908    -0.8813    -0.8802    -0.8821    32.3596    32.3731  1026.1873    26.0098    290.652    276.261  363.55461     79.947     75.999     0.1026     0.2674     3.1160     1.6550 8.4714e-06       3555     2.4681  0.000e+00
     36.591   71.19488 -164.19864     36.971    -0.8813    -0.8802    -0.8821    32.3597    32.3725  1026.1877    26.0098    290.932    276.244  363.55435     80.024     75.994     0.1026     0.2674     3.1160     1.6550 1.0000e-12       3556     2.4688  0.000e+00
     36.521   71.19488 -164.19864     36.901    -0.8814    -0.8799    -0.8823    32.3595    32.3724  1026.1872    26.0097    291.008    276.220  363.55658     80.045     75.988     0.1013     0.2601     3.1160     1.6550 1.0000e-12       3557     2.4694  0.000e+00
     36.591   71.19488 -164.19864     36.971    -0.8811    -0.8802    -0.8819    32.3597    32.3731  1026.1877    26.0098    291.039    276.206  363.55262     80.054     75.984     0.1026     0.2674     3.1160     1.6550 8.4714e-06       3558     2.4701  0.000e+00
     36.591   71.19488 -164.19864     36.971    -0.8813    -0.8801    -0.8821    32.3598    32.3730  1026.1878    26.0099    291.074    276.188  363.55399     80.063     75.979     0.1013     0.2601     3.1160     1.6550 1.0000e-12       3559     2.4708  0.000e+00
     36.637   71.19488 -164.19864     37.017    -0.8813    -0.8801    -0.8821    32.3594    32.3730  1026.1877    26.0096    290.606    276.430  363.55504     79.935     76.046     0.1013     0.2601     3.1160     1.6550 1.0000e-12       3560     2.4715  0.000e+00
     36.645   71.19488 -164.19864     37.025    -0.8813    -0.8804    -0.8821    32.3593    32.3731  1026.1876    26.0095    290.807    276.226  363.55554     79.990     75.989     0.1013     0.2601     3.1160     1.6550 8.4714e-06       3561     2.4722  0.000e+00
     36.591   71.19488 -164.19864     36.971    -0.8813    -0.8802    -0.8821    32.3598    32.3728  1026.1878    26.0099    291.005    276.242  363.55399     80.044     75.994     0.1013     0.2601     3.1160     1.6550 1.0000e-12       3562     2.4729  0.000e+00
