EcoFOCI/data/1_SampleCollection/2023_SikuliaqDBO_CruiseData/CTD_raw_BottleFile_SKQ23-12S/proc/skq202312s_022.cnv
* Sea-Bird SBE 9 Data File:
* FileName = D:\CTD\SKQ202312S\SKQ202312S_022.hex
* Software Version Seasave V 7.26.7.121
* Temperature SN = 6177
* Conductivity SN = 0369
* Number of Bytes Per Scan = 41
* Number of Voltage Words = 4
* Number of Scans Averaged by the Deck Unit = 1
* NMEA Latitude = 64 58.51 N
* NMEA Longitude = 169 29.22 W
* NMEA UTC (Time) = Sep 18 2023  05:33:31
* NMEA baud rate = 4800
** Ship: R/V Sikuliaq
** Station Number: 022
** Station Name: DBO2.4A
** Bottom Depth: 48
** Operator: SS
# nquan = 24
# nvalues = 4901                                  
# units = specified
# name 0 = depSM: Depth [salt water, m]
# name 1 = latitude: Latitude [deg]
# name 2 = longitude: Longitude [deg]
# name 3 = prDM: Pressure, Digiquartz [db]
# name 4 = t090C: Temperature [ITS-90, deg C]
# name 5 = t190C: Temperature, 2 [ITS-90, deg C]
# name 6 = potemp090C: Potential Temperature [ITS-90, deg C]
# name 7 = sal00: Salinity, Practical [PSU]
# name 8 = sal11: Salinity, Practical, 2 [PSU]
# name 9 = density00: Density [density, kg/m^3]
# name 10 = sigma-é00: Density [sigma-theta, kg/m^3]
# name 11 = sbox0Mm/Kg: Oxygen, SBE 43 [umol/kg]
# name 12 = sbox1Mm/Kg: Oxygen, SBE 43, 2 [umol/kg]
# name 13 = oxsolMm/Kg: Oxygen Saturation, Garcia & Gordon [umol/kg]
# name 14 = sbeox0PS: Oxygen, SBE 43 [% saturation]
# name 15 = sbeox1PS: Oxygen, SBE 43, 2 [% saturation]
# name 16 = v0: Voltage 0
# name 17 = flECO-AFL: Fluorescence, WET Labs ECO-AFL/FL [mg/m^3]
# name 18 = v1: Voltage 1
# name 19 = CStarAt0: Beam Attenuation, WET Labs C-Star [1/m]
# name 20 = par: PAR/Irradiance, Biospherical/Licor
# name 21 = scan: Scan Count
# name 22 = timeM: Time, Elapsed [minutes]
# name 23 = flag:  0.000e+00
# span 0 =      2.610,     43.772                 
# span 1 =   64.97508,   64.97508                 
# span 2 = -169.48730, -169.48722                 
# span 3 =      2.636,     44.210                 
# span 4 =     3.0715,     3.7795                 
# span 5 =     3.0724,     3.8005                 
# span 6 =     3.0690,     3.7793                 
# span 7 =    32.8153,    32.9431                 
# span 8 =    32.6914,    32.9548                 
# span 9 =  1026.0858,  1026.4427                 
# span 10 =    26.0706,    26.2367                
# span 11 =    245.166,    302.115                
# span 12 =    234.172,    289.928                
# span 13 =  321.72831,  327.09778                
# span 14 =     74.966,     93.307                
# span 15 =     71.614,     89.673                
# span 16 =     0.0818,     0.3907                
# span 17 =     0.1428,     1.9963                
# span 18 =     3.5971,     4.1380                
# span 19 =     0.5200,     1.0805                
# span 20 = 1.0000e-12, 3.6270e+00                
# span 21 =          1,       4901                
# span 22 =     0.0000,     3.4028                
# span 23 = 0.0000e+00, 0.0000e+00                
# interval = seconds: 0.0416667
# start_time = Sep 18 2023 05:37:18 [NMEA time, first data scan]
# bad_flag = -9.990e-29
*END*
[from data line 3261]
     35.022   64.97508 -169.48724     35.371     3.0770     3.0772     3.0750    32.9409    32.9522  1026.4008    26.2350    247.535    236.810  327.01021     75.696     72.423     0.1001     0.2527     3.7460     0.9181 3.4241e-04       3262     2.2646  0.000e+00
     35.022   64.97508 -169.48724     35.371     3.0768     3.0772     3.0748    32.9408    32.9522  1026.4008    26.2350    247.532    236.798  327.01209     75.695     72.419     0.1001     0.2527     3.7436     0.9207 2.7065e-03       3263     2.2653  0.000e+00
     35.006   64.97508 -169.48724     35.356     3.0764     3.0774     3.0743    32.9410    32.9522  1026.4009    26.2351    247.314    236.784  327.01524     75.628     72.416     0.1001     0.2527     3.7436     0.9207 3.7340e-03       3264     2.2660  0.000e+00
     35.022   64.97508 -169.48724     35.371     3.0762     3.0771     3.0742    32.9411    32.9524  1026.4011    26.2352    247.494    236.774  327.01624     75.682     72.412     0.1001     0.2527     3.7436     0.9207 3.3905e-03       3265     2.2667  0.000e+00
     35.022   64.97508 -169.48724     35.371     3.0761     3.0774     3.0740    32.9412    32.9520  1026.4012    26.2353    247.275    236.760  327.01713     75.615     72.408     0.1013     0.2601     3.7436     0.9207 2.3659e-03       3266     2.2674  0.000e+00
     35.006   64.97508 -169.48724     35.356     3.0763     3.0772     3.0743    32.9414    32.9522  1026.4012    26.2355    247.236    236.748  327.01453     75.604     72.404     0.1001     0.2527     3.7436     0.9207 2.0263e-03       3267     2.2681  0.000e+00
     35.022   64.97508 -169.48724     35.371     3.0766     3.0772     3.0745    32.9411    32.9522  1026.4011    26.2352    247.418    236.737  327.01357     75.660     72.401     0.1013     0.2601     3.7436     0.9207 2.0263e-03       3268     2.2687  0.000e+00
     34.960   64.97508 -169.48724     35.309     3.0766     3.0774     3.0745    32.9407    32.9523  1026.4005    26.2349    247.200    236.698  327.01449     75.593     72.389     0.1001     0.2527     3.7436     0.9207 5.4659e-03       3269     2.2694  0.000e+00
     35.006   64.97508 -169.48724     35.356     3.0764     3.0774     3.0743    32.9413    32.9524  1026.4012    26.2354    247.168    236.469  327.01433     75.583     72.319     0.1001     0.2527     3.7448     0.9194 7.9318e-03       3270     2.2701  0.000e+00
     35.022   64.97508 -169.48724     35.371     3.0763     3.0772     3.0743    32.9416    32.9520  1026.4014    26.2356    247.353    236.435  327.01415     75.640     72.309     0.1001     0.2527     3.7436     0.9207 5.4659e-03       3271     2.2708  0.000e+00
     35.006   64.97508 -169.48724     35.356     3.0766     3.0774     3.0745    32.9409    32.9520  1026.4008    26.2350    247.139    236.422  327.01415     75.574     72.305     0.1013     0.2601     3.7436     0.9207 1.0131e-03       3272     2.2715  0.000e+00
     34.960   64.97508 -169.48724     35.309     3.0764     3.0771     3.0743    32.9414    32.9522  1026.4010    26.2354    247.107    236.390  327.01417     75.565     72.294     0.1001     0.2527     3.7436     0.9207 1.0000e-12       3273     2.2722  0.000e+00
     35.022   64.97508 -169.48724     35.371     3.0764     3.0772     3.0743    32.9413    32.9516  1026.4012    26.2353    247.297    236.360  327.01446     75.623     72.285     0.1013     0.2601     3.7436     0.9207 1.0000e-12       3274     2.2729  0.000e+00
     35.006   64.97508 -169.48724     35.356     3.0766     3.0772     3.0745    32.9410    32.9520  1026.4009    26.2351    247.085    236.328  327.01375     75.558     72.276     0.1001     0.2527     3.7448     0.9194 1.0000e-12       3275     2.2736  0.000e+00
     35.022   64.97508 -169.48724     35.371     3.0765     3.0771     3.0744    32.9408    32.9521  1026.4008    26.2350    247.059    236.299  327.01467     75.550     72.267     0.1001     0.2527     3.7436     0.9207 8.4714e-06       3276     2.2743  0.000e+00
     35.021   64.97508 -169.48724     35.371     3.0767     3.0771     3.0747    32.9403    32.9525  1026.4004    26.2346    247.249    236.269  327.01419     75.608     72.258     0.1013     0.2601     3.7436     0.9207 1.0000e-12       3277     2.2750  0.000e+00
     35.006   64.97508 -169.48724     35.356     3.0764     3.0766     3.0743    32.9408    32.9529  1026.4007    26.2349    247.258    236.243  327.01574     75.611     72.249     0.1001     0.2527     3.7448     0.9194 1.0000e-12       3278     2.2757  0.000e+00
     34.960   64.97508 -169.48724     35.309     3.0762     3.0769     3.0742    32.9411    32.9525  1026.4008    26.2352    247.266    236.019  327.01626     75.613     72.181     0.1038     0.2747     3.7436     0.9207 8.4714e-06       3279     2.2764  0.000e+00
     35.021   64.97508 -169.48724     35.371     3.0760     3.0770     3.0740    32.9408    32.9527  1026.4009    26.2350    247.062    235.973  327.01853     75.550     72.167     0.1087     0.3040     3.7436     0.9207 1.0000e-12       3280     2.2771  0.000e+00
     35.068   64.97508 -169.48724     35.418     3.0761     3.0769     3.0740    32.9408    32.9525  1026.4011    26.2350    247.255    235.929  327.01809     75.609     72.153     0.1099     0.3113     3.7448     0.9194 8.4714e-06       3281     2.2778  0.000e+00
     35.021   64.97508 -169.48724     35.371     3.0761     3.0769     3.0740    32.9410    32.9525  1026.4010    26.2351    247.264    235.883  327.01783     75.612     72.139     0.1087     0.3040     3.7546     0.9090 1.0000e-12       3282     2.2785  0.000e+00
     35.021   64.97508 -169.48724     35.371     3.0759     3.0769     3.0739    32.9411    32.9523  1026.4011    26.2353    247.058    235.865  327.01872     75.549     72.134     0.1099     0.3113     3.7582     0.9051 1.0000e-12       3283     2.2792  0.000e+00
     35.006   64.97508 -169.48724     35.355     3.0760     3.0772     3.0740    32.9408    32.9519  1026.4008    26.2350    247.034    235.847  327.01871     75.541     72.129     0.1087     0.3040     3.7582     0.9051 1.0000e-12       3284     2.2799  0.000e+00
     35.021   64.97508 -169.48724     35.371     3.0761     3.0772     3.0740    32.9407    32.9521  1026.4008    26.2349    247.229    235.834  327.01853     75.601     72.125     0.1087     0.3040     3.7582     0.9051 1.0000e-12       3285     2.2806  0.000e+00
     35.075   64.97508 -169.48724     35.426     3.0762     3.0774     3.0742    32.9405    32.9520  1026.4008    26.2347    247.027    235.801  327.01772     75.539     72.115     0.1099     0.3113     3.7582     0.9051 1.0000e-12       3286     2.2813  0.000e+00
     35.006   64.97508 -169.48724     35.355     3.0759     3.0772     3.0739    32.9412    32.9524  1026.4011    26.2353    247.005    235.767  327.01860     75.533     72.105     0.1087     0.3040     3.7582     0.9051 1.0000e-12       3287     2.2819  0.000e+00
     35.075   64.97508 -169.48724     35.426     3.0761     3.0776     3.0740    32.9412    32.9522  1026.4014    26.2353    246.988    235.738  327.01730     75.527     72.096     0.1099     0.3113     3.7582     0.9051 3.4241e-04       3288     2.2826  0.000e+00
     35.021   64.97508 -169.48724     35.371     3.0762     3.0774     3.0741    32.9411    32.9524  1026.4011    26.2353    246.968    235.732  327.01654     75.522     72.094     0.1087     0.3040     3.7582     0.9051 1.0131e-03       3289     2.2833  0.000e+00
     35.068   64.97508 -169.48724     35.418     3.0762     3.0777     3.0742    32.9413    32.9518  1026.4014    26.2353    246.953    235.731  327.01580     75.517     72.094     0.1099     0.3113     3.7582     0.9051 1.6876e-03       3290     2.2840  0.000e+00
     35.075   64.97508 -169.48724     35.426     3.0767     3.0777     3.0747    32.9413    32.9519  1026.4014    26.2353    246.935    235.732  327.01185     75.513     72.094     0.1087     0.3040     3.7582     0.9051 1.0131e-03       3291     2.2847  0.000e+00
     35.075   64.97508 -169.48724     35.426     3.0767     3.0774     3.0747    32.9410    32.9521  1026.4012    26.2351    246.923    235.714  327.01266     75.509     72.088     0.1099     0.3113     3.7582     0.9051 3.4241e-04       3292     2.2854  0.000e+00
     35.068   64.97508 -169.48724     35.418     3.0768     3.0775     3.0748    32.9410    32.9519  1026.4011    26.2351    247.127    235.501  327.01175     75.571     72.023     0.1087     0.3040     3.7582     0.9051 1.0000e-12       3293     2.2861  0.000e+00
     35.075   64.97508 -169.48724     35.426     3.0772     3.0777     3.0751    32.9411    32.9519  1026.4012    26.2351    246.931    235.657  327.00849     75.512     72.071     0.1087     0.3040     3.7582     0.9051 1.0000e-12       3294     2.2868  0.000e+00
     35.075   64.97508 -169.48724     35.426     3.0772     3.0775     3.0751    32.9410    32.9519  1026.4012    26.2351    246.921    235.474  327.00869     75.509     72.015     0.1087     0.3040     3.7582     0.9051 1.3499e-03       3295     2.2875  0.000e+00
     35.122   64.97508 -169.48724     35.472     3.0774     3.0777     3.0753    32.9410    32.9519  1026.4013    26.2350    246.913    235.443  327.00747     75.507     72.006     0.1087     0.3040     3.7582     0.9051 2.7065e-03       3296     2.2882  0.000e+00
     35.075   64.97508 -169.48724     35.426     3.0773     3.0777     3.0752    32.9410    32.9520  1026.4012    26.2351    246.904    235.606  327.00780     75.504     72.056     0.1099     0.3113     3.7582     0.9051 2.7065e-03       3297     2.2889  0.000e+00
     35.075   64.97508 -169.48724     35.426     3.0774     3.0775     3.0753    32.9410    32.9524  1026.4012    26.2351    246.898    235.431  327.00731     75.502     72.002     0.1087     0.3040     3.7582     0.9051 6.7730e-04       3298     2.2896  0.000e+00
     35.122   64.97508 -169.48724     35.472     3.0772     3.0777     3.0751    32.9410    32.9524  1026.4014    26.2350    246.896    235.432  327.00876     75.501     72.003     0.1099     0.3113     3.7582     0.9051 1.0000e-12       3299     2.2903  0.000e+00
     35.137   64.97508 -169.48724     35.488     3.0770     3.0775     3.0750    32.9413    32.9523  1026.4017    26.2353    246.895    235.437  327.00926     75.501     72.004     0.1087     0.3040     3.7582     0.9051 1.0000e-12       3300     2.2910  0.000e+00
     35.122   64.97508 -169.48724     35.472     3.0773     3.0774     3.0752    32.9413    32.9518  1026.4016    26.2353    246.891    235.422  327.00706     75.500     71.999     0.1099     0.3113     3.7570     0.9064 1.0000e-12       3301     2.2917  0.000e+00
     35.137   64.97508 -169.48724     35.488     3.0772     3.0772     3.0751    32.9406    32.9523  1026.4011    26.2347    246.893    235.433  327.00968     75.500     72.002     0.1074     0.2967     3.7582     0.9051 1.0000e-12       3302     2.2924  0.000e+00
     35.137   64.97508 -169.48724     35.488     3.0769     3.0772     3.0748    32.9411    32.9520  1026.4016    26.2352    246.896    235.425  327.01105     75.501     71.999     0.1087     0.3040     3.7570     0.9064 1.0000e-12       3303     2.2931  0.000e+00
     35.183   64.97508 -169.48724     35.535     3.0767     3.0769     3.0747    32.9409    32.9521  1026.4016    26.2350    246.722    235.421  327.01280     75.447     71.998     0.1074     0.2967     3.7582     0.9051 1.0000e-12       3304     2.2938  0.000e+00
     35.137   64.97508 -169.48724     35.488     3.0766     3.0768     3.0745    32.9410    32.9525  1026.4015    26.2351    246.910    235.416  327.01392     75.504     71.996     0.1013     0.2601     3.7570     0.9064 1.0000e-12       3305     2.2944  0.000e+00
     35.191   64.97508 -169.48724     35.542     3.0767     3.0768     3.0746    32.9408    32.9521  1026.4016    26.2350    246.920    235.418  327.01341     75.508     71.997     0.0977     0.2381     3.7570     0.9064 1.0000e-12       3306     2.2951  0.000e+00
     35.121   64.97508 -169.48724     35.472     3.0766     3.0765     3.0745    32.9404    32.9523  1026.4010    26.2347    246.749    235.249  327.01521     75.455     71.944     0.0965     0.2308     3.7570     0.9064 1.0000e-12       3307     2.2958  0.000e+00
     35.191   64.97508 -169.48724     35.542     3.0762     3.0763     3.0742    32.9409    32.9519  1026.4017    26.2350    246.732    235.237  327.01677     75.449     71.940     0.0977     0.2381     3.7570     0.9064 1.0000e-12       3308     2.2965  0.000e+00
     35.191   64.97508 -169.48724     35.542     3.0762     3.0763     3.0742    32.9410    32.9519  1026.4018    26.2351    246.715    235.248  327.01647     75.444     71.944     0.0977     0.2381     3.7570     0.9064 1.0000e-12       3309     2.2972  0.000e+00
     35.183   64.97508 -169.48724     35.534     3.0763     3.0763     3.0743    32.9409    32.9521  1026.4017    26.2350    247.169    235.457  327.01587     75.583     72.008     0.0977     0.2381     3.7570     0.9064 1.0000e-12       3310     2.2979  0.000e+00
     35.191   64.97508 -169.48722     35.542     3.0759     3.0758     3.0739    32.9413    32.9525  1026.4021    26.2354    247.228    235.285  327.01824     75.601     71.954     0.0977     0.2381     3.7570     0.9064 8.4714e-06       3311     2.2986  0.000e+00
     35.191   64.97508 -169.48722     35.542     3.0762     3.0760     3.0742    32.9414    32.9521  1026.4021    26.2355    247.065    235.284  327.01537     75.552     71.954     0.0977     0.2381     3.7570     0.9064 8.4714e-06       3312     2.2993  0.000e+00
     35.183   64.97508 -169.48722     35.534     3.0761     3.0760     3.0740    32.9411    32.9520  1026.4018    26.2352    247.054    235.482  327.01755     75.548     72.015     0.0977     0.2381     3.7570     0.9064 1.0000e-12       3313     2.3000  0.000e+00
     35.191   64.97508 -169.48722     35.542     3.0763     3.0759     3.0743    32.9408    32.9524  1026.4016    26.2350    247.076    235.317  327.01608     75.555     71.964     0.0977     0.2381     3.7570     0.9064 8.4714e-06       3314     2.3007  0.000e+00
     35.191   64.97508 -169.48722     35.542     3.0761     3.0761     3.0740    32.9413    32.9519  1026.4021    26.2354    247.065    235.327  327.01685     75.551     71.968     0.0977     0.2381     3.7570     0.9064 8.4714e-06       3315     2.3014  0.000e+00
     35.237   64.97508 -169.48722     35.589     3.0762     3.0757     3.0742    32.9407    32.9523  1026.4018    26.2349    247.055    235.345  327.01713     75.548     71.972     0.0977     0.2381     3.7570     0.9064 1.0000e-12       3316     2.3021  0.000e+00
     35.245   64.97508 -169.48722     35.597     3.0761     3.0757     3.0740    32.9410    32.9523  1026.4021    26.2352    247.080    235.363  327.01773     75.556     71.978     0.0989     0.2454     3.7570     0.9064 1.0000e-12       3317     2.3028  0.000e+00
     35.245   64.97508 -169.48722     35.597     3.0761     3.0757     3.0740    32.9411    32.9525  1026.4022    26.2353    246.854    235.384  327.01743     75.486     71.984     0.0977     0.2381     3.7570     0.9064 1.0000e-12       3318     2.3035  0.000e+00
     35.237   64.97508 -169.48722     35.589     3.0762     3.0757     3.0741    32.9410    32.9524  1026.4020    26.2352    247.026    235.580  327.01683     75.539     72.044     0.0989     0.2454     3.7570     0.9064 1.0000e-12       3319     2.3042  0.000e+00
     35.191   64.97508 -169.48722     35.542     3.0759     3.0757     3.0739    32.9415    32.9524  1026.4022    26.2356    247.053    235.411  327.01774     75.547     71.993     0.0977     0.2381     3.7570     0.9064 8.4714e-06       3320     2.3049  0.000e+00
