EcoFOCI/data/1_SampleCollection/2023_SikuliaqDBO_CruiseData/CTD_raw_BottleFile_SKQ23-12S/proc/skq202312s_051.ros
* Sea-Bird SBE 9 Data File:
* FileName = D:\CTD\SKQ202312S\SKQ202312S_051.hex
* Software Version Seasave V 7.26.7.121
* Temperature SN = 6177
* Conductivity SN = 0369
* Number of Bytes Per Scan = 41
* Number of Voltage Words = 4
* Number of Scans Averaged by the Deck Unit = 1
* NMEA Latitude = 70 43.03 N
* NMEA Longitude = 162 51.44 W
* NMEA UTC (Time) = Sep 26 2023  19:01:27
* NMEA baud rate = 4800
** Ship: R/V Sikuliaq
** Station Number: 051
** Station Name: IC10
** Bottom Depth: 42
** Operator: SD
# nquan = 22
# nvalues = 833                                   
# units = specified
# name 0 = depSM: Depth [salt water, m]
# name 1 = latitude: Latitude [deg]
# name 2 = longitude: Longitude [deg]
# name 3 = prDM: Pressure, Digiquartz [db]
# name 4 = t090C: Temperature [ITS-90, deg C]
# name 5 = t190C: Temperature, 2 [ITS-90, deg C]
# name 6 = potemp090C: Potential Temperature [ITS-90, deg C]
# name 7 = sal00: Salinity, Practical [PSU]
# name 8 = sal11: Salinity, Practical, 2 [PSU]
# name 9 = density00: Density [density, kg/m^3]
# name 10 = sigma-é00: Density [sigma-theta, kg/m^3]
# name 11 = sbox0Mm/Kg: Oxygen, SBE 43 [umol/kg]
# name 12 = sbox1Mm/Kg: Oxygen, SBE 43, 2 [umol/kg]
# name 13 = oxsolMm/Kg: Oxygen Saturation, Garcia & Gordon [umol/kg]
# name 14 = sbeox0PS: Oxygen, SBE 43 [% saturation]
# name 15 = v0: Voltage 0
# name 16 = flECO-AFL: Fluorescence, WET Labs ECO-AFL/FL [mg/m^3]
# name 17 = CStarAt0: Beam Attenuation, WET Labs C-Star [1/m]
# name 18 = par: PAR/Irradiance, Biospherical/Licor
# name 19 = scan: Scan Count
# name 20 = nbf: Bottles Fired
# name 21 = flag:  0.000e+00
# interval = seconds: 0.0416667
# start_time = Sep 26 2023 19:05:40 [NMEA time, first data scan]
# bad_flag = -9.990e-29
*END*
[from data line 461]
     20.089   70.71704 -162.85448     20.296     7.0713     7.0764     7.0695    30.8857    30.8945  1024.2638    24.1704    270.792    251.858  301.96465     89.677     0.1380     0.4798     0.5176 2.9839e+00      11836         10  0.000e+00
     20.089   70.71704 -162.85448     20.296     7.0712     7.0741     7.0694    30.8860    30.8971  1024.2641    24.1707    270.617    251.844  301.96499     89.619     0.1380     0.4798     0.5176 2.9926e+00      11837         10  0.000e+00
     20.112   70.71704 -162.85448     20.320     7.0712     7.0730     7.0694    30.8858    30.8982  1024.2640    24.1705    270.608    251.658  301.96542     89.616     0.1380     0.4798     0.5188 2.9839e+00      11838         10  0.000e+00
     20.089   70.71704 -162.85448     20.296     7.0713     7.0722     7.0695    30.8862    30.8987  1024.2642    24.1708    270.596    251.633  301.96342     89.612     0.1368     0.4725     0.5200 2.9926e+00      11839         10  0.000e+00
     20.112   70.71704 -162.85448     20.320     7.0715     7.0722     7.0697    30.8859    30.8986  1024.2641    24.1705    270.586    251.439  301.96311     89.609     0.1368     0.4725     0.5212 2.9926e+00      11840         10  0.000e+00
     20.089   70.71704 -162.85448     20.296     7.0713     7.0720     7.0695    30.8857    30.8979  1024.2638    24.1704    270.577    251.391  301.96465     89.606     0.1368     0.4725     0.5212 2.9926e+00      11841         10  0.000e+00
     20.089   70.71704 -162.85448     20.296     7.0713     7.0725     7.0695    30.8854    30.8974  1024.2636    24.1702    270.541    251.363  301.96522     89.593     0.1368     0.4725     0.5200 2.9926e+00      11842         10  0.000e+00
     20.112   70.71704 -162.85448     20.320     7.0712     7.0727     7.0694    30.8857    30.8971  1024.2639    24.1704    270.531    251.501  301.96566     89.590     0.1368     0.4725     0.5212 3.0014e+00      11843         10  0.000e+00
     20.089   70.71704 -162.85448     20.296     7.0710     7.0728     7.0692    30.8861    30.8967  1024.2642    24.1708    270.520    251.487  301.96581     89.586     0.1368     0.4725     0.5212 3.0102e+00      11844         10  0.000e+00
     20.143   70.71704 -162.85448     20.351     7.0705     7.0724     7.0687    30.8864    30.8974  1024.2647    24.1710    270.705    251.482  301.96868     89.647     0.1380     0.4798     0.5212 3.0102e+00      11845         10  0.000e+00
     20.051   70.71704 -162.85448     20.257     7.0706     7.0719     7.0689    30.8865    30.8983  1024.2643    24.1711    270.551    251.322  301.96743     89.596     0.1368     0.4725     0.5212 3.0014e+00      11846         10  0.000e+00
     20.143   70.71704 -162.85448     20.351     7.0705     7.0714     7.0687    30.8866    30.8990  1024.2649    24.1712    270.544    251.315  301.96819     89.593     0.1368     0.4725     0.5212 2.9926e+00      11847         10  0.000e+00
     20.089   70.71704 -162.85448     20.296     7.0705     7.0712     7.0687    30.8862    30.8993  1024.2643    24.1709    270.532    251.308  301.96903     89.589     0.1368     0.4725     0.5212 2.9926e+00      11848         10  0.000e+00
     20.112   70.71704 -162.85448     20.320     7.0703     7.0711     7.0686    30.8866    30.8992  1024.2648    24.1713    270.522    251.311  301.96915     89.586     0.1368     0.4725     0.5212 2.9926e+00      11849         10  0.000e+00
     20.089   70.71704 -162.85448     20.296     7.0708     7.0710     7.0690    30.8859    30.8996  1024.2641    24.1707    270.508    251.490  301.96754     89.582     0.1368     0.4725     0.5212 2.9926e+00      11850         10  0.000e+00
     20.089   70.71704 -162.85448     20.296     7.0705     7.0710     7.0687    30.8861    30.8996  1024.2642    24.1708    270.499    251.503  301.96936     89.578     0.1368     0.4725     0.5200 2.9926e+00      11851         10  0.000e+00
     20.112   70.71704 -162.85448     20.320     7.0708     7.0710     7.0690    30.8856    30.8997  1024.2639    24.1704    270.488    251.538  301.96830     89.575     0.1368     0.4725     0.5212 3.0014e+00      11852         10  0.000e+00
     20.143   70.71704 -162.85448     20.351     7.0706     7.0709     7.0689    30.8859    30.8997  1024.2643    24.1706    270.670    251.562  301.96875     89.635     0.1368     0.4725     0.5212 3.0102e+00      11853         10  0.000e+00
     20.089   70.71704 -162.85448     20.296     7.0708     7.0712     7.0690    30.8858    30.8990  1024.2640    24.1705    270.490    251.414  301.96787     89.576     0.1368     0.4725     0.5212 3.0102e+00      11854         10  0.000e+00
     20.051   70.71704 -162.85448     20.257     7.0708     7.0712     7.0690    30.8856    30.8990  1024.2637    24.1704    270.504    251.602  301.96824     89.580     0.1368     0.4725     0.5212 3.0014e+00      11855         10  0.000e+00
     20.143   70.71704 -162.85448     20.351     7.0706     7.0712     7.0689    30.8857    30.8980  1024.2641    24.1705    270.689    251.645  301.96916     89.641     0.1368     0.4725     0.5212 2.9926e+00      11856         10  0.000e+00
     20.035   70.71704 -162.85448     20.242     7.0708     7.0712     7.0690    30.8856    30.8984  1024.2635    24.1704    270.507    251.684  301.96839     89.581     0.1368     0.4725     0.5212 2.9839e+00      11857         10  0.000e+00
     20.166   70.71704 -162.85448     20.374     7.0706     7.0709     7.0689    30.8858    30.8989  1024.2644    24.1706    270.527    251.738  301.96878     89.588     0.1355     0.4652     0.5200 2.9839e+00      11858         10  0.000e+00
     20.089   70.71704 -162.85448     20.296     7.0706     7.0710     7.0689    30.8857    30.8991  1024.2639    24.1705    270.706    251.770  301.96903     89.647     0.1368     0.4725     0.5176 2.9839e+00      11859         10  0.000e+00
     20.112   70.71704 -162.85448     20.320     7.0710     7.0705     7.0692    30.8853    30.9003  1024.2637    24.1702    270.555    251.985  301.96747     89.597     0.1355     0.4652     0.5164 2.9926e+00      11860         10  0.000e+00
     20.089   70.71704 -162.85448     20.296     7.0708     7.0708     7.0690    30.8855    30.9005  1024.2638    24.1703    270.763    252.042  301.96844     89.666     0.1368     0.4725     0.5164 2.9839e+00      11861         10  0.000e+00
     20.089   70.71704 -162.85448     20.296     7.0712     7.0712     7.0694    30.8850    30.8999  1024.2633    24.1699    270.804    252.277  301.96711     89.680     0.1368     0.4725     0.5164 2.9839e+00      11862         10  0.000e+00
     20.112   70.71704 -162.85448     20.320     7.0710     7.0710     7.0692    30.8850    30.8999  1024.2635    24.1699    270.657    252.363  301.96813     89.631     0.1368     0.4725     0.5164 2.9752e+00      11863         10  0.000e+00
     20.089   70.71704 -162.85448     20.296     7.0710     7.0712     7.0692    30.8853    30.8991  1024.2635    24.1701    270.673    252.449  301.96761     89.636     0.1392     0.4872     0.5164 2.9752e+00      11864         10  0.000e+00
     17.118   70.71708 -162.85398     17.295     7.1657     7.2232     7.1642    30.2211    30.3230  1023.7152    23.6355    268.149    254.837  302.78351     88.561     0.1807     0.7362     0.5711 4.1802e+00      14373         11  0.000e+00
     17.056   70.71708 -162.85398     17.232     7.1658     7.2241     7.1643    30.2211    30.3191  1023.7149    23.6355    268.159    254.593  302.78246     88.565     0.1819     0.7436     0.5711 4.1923e+00      14374         11  0.000e+00
     17.079   70.71708 -162.85398     17.256     7.1671     7.2244     7.1657    30.2188    30.3173  1023.7129    23.6335    268.175    254.352  302.77870     88.571     0.1807     0.7362     0.5711 4.1802e+00      14375         11  0.000e+00
     17.056   70.71708 -162.85398     17.232     7.1679     7.2244     7.1665    30.2168    30.3213  1023.7112    23.6318    268.199    254.432  302.77757     88.580     0.1819     0.7436     0.5711 4.1802e+00      14376         11  0.000e+00
     17.056   70.71708 -162.85398     17.232     7.1677     7.2241     7.1663    30.2176    30.3262  1023.7119    23.6325    268.177    254.357  302.77704     88.572     0.1807     0.7362     0.5711 4.1802e+00      14377         11  0.000e+00
     17.079   70.71708 -162.85398     17.256     7.1668     7.2236     7.1653    30.2210    30.3267  1023.7147    23.6353    268.187    254.120  302.77617     88.576     0.1807     0.7362     0.5711 4.1802e+00      14378         11  0.000e+00
     17.118   70.71708 -162.85398     17.295     7.1658     7.2232     7.1643    30.2217    30.3236  1023.7156    23.6359    268.209    254.048  302.78130     88.582     0.1807     0.7362     0.5711 4.1802e+00      14379         11  0.000e+00
     17.056   70.71708 -162.85398     17.232     7.1634     7.2228     7.1619    30.2156    30.3196  1023.7108    23.6315    268.256    253.957  302.81149     88.588     0.1807     0.7362     0.5711 4.1802e+00      14380         11  0.000e+00
     17.056   70.71708 -162.85398     17.232     7.1615     7.2227     7.1600    30.2014    30.3173  1023.6999    23.6206    268.131    253.709  302.85663     88.534     0.1807     0.7362     0.5711 4.1802e+00      14381         11  0.000e+00
     17.025   70.71708 -162.85398     17.201     7.1586     7.2228     7.1571    30.1847    30.3140  1023.6870    23.6078    268.381    253.618  302.91370     88.600     0.1807     0.7362     0.5711 4.1802e+00      14382         11  0.000e+00
     17.118   70.71708 -162.85398     17.295     7.1544     7.2094     7.1529    30.1667    30.3096  1023.6738    23.5942    268.486    253.621  302.98295     88.614     0.1807     0.7362     0.5711 4.1802e+00      14383         11  0.000e+00
     17.056   70.71708 -162.85398     17.232     7.1501     7.1777     7.1487    30.1472    30.3042  1023.6588    23.5794    268.375    253.754  303.05586     88.556     0.1807     0.7362     0.5711 4.1923e+00      14384         11  0.000e+00
     17.079   70.71708 -162.85398     17.256     7.1427     7.1538     7.1412    30.1387    30.2897  1023.6532    23.5737    268.631    253.688  303.12648     88.620     0.1807     0.7362     0.5723 4.2044e+00      14385         11  0.000e+00
     17.056   70.71708 -162.85398     17.232     7.1296     7.1470     7.1281    30.1444    30.2644  1023.6592    23.5798    268.734    253.710  303.20509     88.631     0.1807     0.7362     0.5747 4.2044e+00      14386         11  0.000e+00
     17.056   70.71708 -162.85398     17.232     7.1170     7.1402     7.1156    30.1512    30.2416  1023.6662    23.5868    268.644    253.733  303.27769     88.580     0.1819     0.7436     0.5747 4.2044e+00      14387         11  0.000e+00
     17.056   70.71708 -162.85398     17.232     7.1096     7.1362     7.1081    30.1551    30.2244  1023.6703    23.5909    268.697    253.715  303.32103     88.585     0.1807     0.7362     0.5759 4.2166e+00      14388         11  0.000e+00
     17.079   70.71708 -162.85398     17.256     7.1092     7.1314     7.1077    30.1560    30.2111  1023.6711    23.5916    269.099    253.524  303.32194     88.717     0.1819     0.7436     0.5747 4.2044e+00      14389         11  0.000e+00
     17.056   70.71708 -162.85398     17.232     7.1123     7.1345     7.1108    30.1532    30.1941  1023.6684    23.5890    268.769    253.468  303.30618     88.613     0.1807     0.7362     0.5747 4.2166e+00      14390         11  0.000e+00
     17.056   70.71708 -162.85398     17.232     7.1144     7.1438     7.1129    30.1528    30.1786  1023.6678    23.5884    268.779    253.202  303.29235     88.621     0.1819     0.7436     0.5747 4.2044e+00      14391         11  0.000e+00
     17.079   70.71708 -162.85398     17.256     7.1162     7.1435     7.1147    30.1550    30.1762  1023.6694    23.5899    268.766    253.136  303.27512     88.621     0.1770     0.7143     0.5747 4.1923e+00      14392         11  0.000e+00
     17.056   70.71708 -162.85398     17.232     7.1199     7.1387     7.1184    30.1537    30.1856  1023.6679    23.5885    268.749    253.080  303.25206     88.622     0.1758     0.7069     0.5747 4.2044e+00      14393         11  0.000e+00
     17.118   70.71708 -162.85398     17.295     7.1246     7.1458     7.1231    30.1543    30.1974  1023.6680    23.5883    268.729    252.780  303.21823     88.626     0.1746     0.6996     0.5747 4.1923e+00      14394         11  0.000e+00
     17.056   70.71708 -162.85398     17.232     7.1277     7.1672     7.1262    30.1615    30.2021  1023.6729    23.5935    268.707    252.581  303.18069     88.629     0.1758     0.7069     0.5747 4.2044e+00      14395         11  0.000e+00
     17.079   70.71708 -162.85398     17.256     7.1300     7.1808     7.1285    30.1685    30.2118  1023.6782    23.5988    268.698    252.240  303.14863     88.636     0.1746     0.6996     0.5747 4.2044e+00      14396         11  0.000e+00
     17.056   70.71708 -162.85398     17.232     7.1323     7.1843     7.1309    30.1736    30.2220  1023.6818    23.6024    268.695    252.141  303.12132     88.643     0.1758     0.7069     0.5747 4.2166e+00      14397         11  0.000e+00
     17.056   70.71708 -162.85398     17.232     7.1350     7.1814     7.1335    30.1767    30.2279  1023.6839    23.6045    268.699    252.098  303.09591     88.652     0.1746     0.6996     0.5747 4.2288e+00      14398         11  0.000e+00
     17.079   70.71708 -162.85398     17.256     7.1381     7.1763     7.1366    30.1784    30.2309  1023.6850    23.6055    268.709    251.908  303.07070     88.662     0.1758     0.7069     0.5747 4.2166e+00      14399         11  0.000e+00
     17.118   70.71708 -162.85398     17.295     7.1408     7.1732     7.1393    30.1786    30.2339  1023.6850    23.6053    268.701    252.046  303.05132     88.665     0.1746     0.6996     0.5747 4.2166e+00      14400         11  0.000e+00
     17.056   70.71708 -162.85398     17.232     7.1435     7.1771     7.1420    30.1754    30.2342  1023.6818    23.6024    268.507    251.993  303.03936     88.605     0.1758     0.7069     0.5747 4.2166e+00      14401         11  0.000e+00
     17.118   70.71708 -162.85398     17.295     7.1455     7.1820     7.1440    30.1675    30.2332  1023.6756    23.5959    268.695    251.775  303.04335     88.666     0.1746     0.6996     0.5747 4.2166e+00      14402         11  0.000e+00
     17.025   70.71708 -162.85398     17.201     7.1464     7.1852     7.1449    30.1561    30.2339  1023.6661    23.5869    268.537    251.724  303.06235     88.608     0.1758     0.7069     0.5747 4.2166e+00      14403         11  0.000e+00
     17.118   70.71708 -162.85398     17.295     7.1448     7.1857     7.1433    30.1419    30.2339  1023.6556    23.5760    268.577    251.705  303.10461     88.609     0.1746     0.6996     0.5747 4.2044e+00      14404         11  0.000e+00
     17.056   70.71708 -162.85398     17.232     7.1397     7.1811     7.1382    30.1298    30.2312  1023.6465    23.5671    268.637    251.727  303.16755     88.610     0.1746     0.6996     0.5747 4.2166e+00      14405         11  0.000e+00
     17.079   70.71708 -162.85398     17.256     7.1346     7.1809     7.1332    30.1308    30.2206  1023.6481    23.5686    268.678    251.573  303.20022     88.614     0.1746     0.6996     0.5735 4.2044e+00      14406         11  0.000e+00
     17.118   70.71708 -162.85398     17.295     7.1311     7.1809     7.1296    30.1640    30.2075  1023.6748    23.5951    268.650    251.572  303.15090     88.619     0.1758     0.7069     0.5723 4.2044e+00      14407         11  0.000e+00
     17.056   70.71708 -162.85398     17.232     7.1299     7.1764     7.1284    30.2160    30.1974  1023.7155    23.6361    268.543    251.424  303.04378     88.615     0.1758     0.7069     0.5711 4.2044e+00      14408         11  0.000e+00
