EcoFOCI/data/1_SampleCollection/2023_SikuliaqDBO_CruiseData/CTD_raw_BottleFile_SKQ23-12S/proc/skq202312s_035.cnv
* Sea-Bird SBE 9 Data File:
* FileName = D:\CTD\SKQ202312S\SKQ202312S_035.hex
* Software Version Seasave V 7.26.7.121
* Temperature SN = 6177
* Conductivity SN = 0369
* Number of Bytes Per Scan = 41
* Number of Voltage Words = 4
* Number of Scans Averaged by the Deck Unit = 1
* NMEA Latitude = 71 45.08 N
* NMEA Longitude = 154 27.66 W
* NMEA UTC (Time) = Sep 22 2023  01:56:11
* NMEA baud rate = 4800
** Ship: R/V Sikuliaq
** Station Number: 035
** Station Name: BF2
** Bottom Depth: 88
** Operator: SD
# nquan = 24
# nvalues = 9209                                  
# units = specified
# name 0 = depSM: Depth [salt water, m]
# name 1 = latitude: Latitude [deg]
# name 2 = longitude: Longitude [deg]
# name 3 = prDM: Pressure, Digiquartz [db]
# name 4 = t090C: Temperature [ITS-90, deg C]
# name 5 = t190C: Temperature, 2 [ITS-90, deg C]
# name 6 = potemp090C: Potential Temperature [ITS-90, deg C]
# name 7 = sal00: Salinity, Practical [PSU]
# name 8 = sal11: Salinity, Practical, 2 [PSU]
# name 9 = density00: Density [density, kg/m^3]
# name 10 = sigma-é00: Density [sigma-theta, kg/m^3]
# name 11 = sbox0Mm/Kg: Oxygen, SBE 43 [umol/kg]
# name 12 = sbox1Mm/Kg: Oxygen, SBE 43, 2 [umol/kg]
# name 13 = oxsolMm/Kg: Oxygen Saturation, Garcia & Gordon [umol/kg]
# name 14 = sbeox0PS: Oxygen, SBE 43 [% saturation]
# name 15 = sbeox1PS: Oxygen, SBE 43, 2 [% saturation]
# name 16 = v0: Voltage 0
# name 17 = flECO-AFL: Fluorescence, WET Labs ECO-AFL/FL [mg/m^3]
# name 18 = v1: Voltage 1
# name 19 = CStarAt0: Beam Attenuation, WET Labs C-Star [1/m]
# name 20 = par: PAR/Irradiance, Biospherical/Licor
# name 21 = scan: Scan Count
# name 22 = timeM: Time, Elapsed [minutes]
# name 23 = flag:  0.000e+00
# span 0 =      1.841,     79.392                 
# span 1 =   71.75104,   71.75126                 
# span 2 = -154.46116, -154.46000                 
# span 3 =      1.860,     80.228                 
# span 4 =    -0.9625,     4.2018                 
# span 5 =    -0.9608,     4.2135                 
# span 6 =    -0.9642,     4.2009                 
# span 7 =    28.0118,    32.3375                 
# span 8 =    28.0220,    32.3469                 
# span 9 =  1022.2317,  1026.3748                 
# span 10 =    22.2206,    25.9937                
# span 11 =    307.521,    349.027                
# span 12 =    293.031,    331.623                
# span 13 =  324.76479,  364.44344                
# span 14 =     87.323,    103.853                
# span 15 =     81.604,     97.675                
# span 16 =     0.0781,     0.2405                
# span 17 =     0.1209,     1.0952                
# span 18 =     2.9011,     3.9878                
# span 19 =     0.6679,     1.9409                
# span 20 = 1.0000e-12, 8.6210e+01                
# span 21 =          1,       9209                
# span 22 =     0.0000,     6.3944                
# span 23 = 0.0000e+00, 0.0000e+00                
# interval = seconds: 0.0416667
# start_time = Sep 22 2023 02:02:56 [NMEA time, first data scan]
# bad_flag = -9.990e-29
*END*
[from data line 1510]
      9.969   71.75126 -154.46112     10.072     4.1309     4.1308     4.1303    28.0354    28.0483  1022.2869    22.2396    316.618    300.925  330.68713     95.745     91.009     0.2271     1.0146     3.7167     0.9496 8.2045e+00       1511     1.0486  0.000e+00
     10.023   71.75126 -154.46112     10.127     4.1309     4.1310     4.1303    28.0359    28.0479  1022.2876    22.2400    316.613    300.927  330.68583     95.744     91.009     0.2271     1.0146     3.7167     0.9496 8.1811e+00       1512     1.0493  0.000e+00
     10.054   71.75126 -154.46112     10.158     4.1309     4.1313     4.1303    28.0356    28.0477  1022.2874    22.2397    316.608    300.926  330.68678     95.743     91.009     0.2271     1.0146     3.7167     0.9496 8.1811e+00       1513     1.0500  0.000e+00
     10.023   71.75126 -154.46112     10.127     4.1307     4.1313     4.1301    28.0374    28.0476  1022.2887    22.2411    316.596    301.118  330.68350     95.740     91.068     0.2271     1.0146     3.7167     0.9496 8.1578e+00       1514     1.0507  0.000e+00
     10.084   71.75126 -154.46112     10.189     4.1305     4.1311     4.1299    28.0409    28.0481  1022.2919    22.2440    316.401    301.142  330.67598     95.683     91.075     0.2271     1.0146     3.7167     0.9496 8.1345e+00       1515     1.0514  0.000e+00
     10.084   71.75126 -154.46112     10.189     4.1297     4.1306     4.1292    28.0446    28.0509  1022.2948    22.2469    316.357    301.137  330.67323     95.671     91.074     0.2271     1.0146     3.7167     0.9496 8.1578e+00       1516     1.0521  0.000e+00
     10.084   71.75126 -154.46112     10.189     4.1291     4.1294     4.1285    28.0464    28.0551  1022.2964    22.2485    316.318    301.155  330.67422     95.658     91.080     0.2259     1.0073     3.7167     0.9496 8.1345e+00       1517     1.0528  0.000e+00
     10.138   71.75126 -154.46112     10.243     4.1286     4.1292     4.1280    28.0483    28.0573  1022.2981    22.2500    316.278    301.170  330.67338     95.647     91.086     0.2271     1.0146     3.7167     0.9496 8.1114e+00       1518     1.0535  0.000e+00
     10.108   71.75126 -154.46112     10.212     4.1278     4.1284     4.1272    28.0505    28.0598  1022.2998    22.2518    316.272    300.993  330.67424     95.645     91.032     0.2283     1.0220     3.7167     0.9496 8.1114e+00       1519     1.0542  0.000e+00
     10.138   71.75126 -154.46112     10.243     4.1272     4.1280     4.1266    28.0515    28.0613  1022.3008    22.2526    316.236    300.989  330.67703     95.633     91.030     0.2247     1.0000     3.7179     0.9482 8.0652e+00       1520     1.0549  0.000e+00
     10.192   71.75126 -154.46112     10.298     4.1269     4.1275     4.1263    28.0522    28.0625  1022.3017    22.2533    316.200    301.181  330.67761     95.622     91.088     0.2210     0.9780     3.7167     0.9496 8.0193e+00       1521     1.0556  0.000e+00
     10.192   71.75126 -154.46112     10.298     4.1265     4.1272     4.1259    28.0531    28.0642  1022.3024    22.2539    316.160    301.172  330.67813     95.610     91.086     0.2198     0.9707     3.7179     0.9482 7.9965e+00       1522     1.0562  0.000e+00
     10.192   71.75126 -154.46112     10.298     4.1264     4.1269     4.1258    28.0539    28.0654  1022.3030    22.2546    316.120    301.185  330.67735     95.598     91.090     0.2198     0.9707     3.7167     0.9496 7.9965e+00       1523     1.0569  0.000e+00
     10.192   71.75126 -154.46112     10.298     4.1262     4.1266     4.1256    28.0544    28.0668  1022.3034    22.2550    316.115    301.197  330.67738     95.596     91.094     0.2198     0.9707     3.7167     0.9496 7.9283e+00       1524     1.0576  0.000e+00
     10.254   71.75126 -154.46112     10.360     4.1258     4.1262     4.1251    28.0558    28.0680  1022.3049    22.2561    316.079    301.211  330.67782     95.585     91.098     0.2198     0.9707     3.7167     0.9496 7.9283e+00       1525     1.0583  0.000e+00
     10.223   71.75126 -154.46112     10.329     4.1258     4.1259     4.1252    28.0566    28.0691  1022.3054    22.2569    316.072    301.221  330.67560     95.584     91.101     0.2198     0.9707     3.7131     0.9535 7.9057e+00       1526     1.0590  0.000e+00
     10.308   71.75126 -154.46112     10.415     4.1254     4.1256     4.1248    28.0576    28.0694  1022.3066    22.2576    316.073    301.213  330.67576     95.584     91.099     0.2198     0.9707     3.7118     0.9548 7.8607e+00       1527     1.0597  0.000e+00
     10.254   71.75126 -154.46112     10.360     4.1251     4.1258     4.1245    28.0579    28.0687  1022.3066    22.2579    316.072    301.219  330.67758     95.583     91.100     0.2198     0.9707     3.7118     0.9548 7.8383e+00       1528     1.0604  0.000e+00
     10.308   71.75126 -154.46112     10.415     4.1250     4.1259     4.1244    28.0572    28.0673  1022.3063    22.2574    316.077    301.231  330.68059     95.584     91.103     0.2198     0.9707     3.7118     0.9548 7.8160e+00       1529     1.0611  0.000e+00
     10.308   71.75126 -154.46112     10.415     4.1248     4.1262     4.1242    28.0556    28.0661  1022.3051    22.2561    316.265    301.215  330.68589     95.639     91.098     0.2198     0.9707     3.7118     0.9548 7.7494e+00       1530     1.0618  0.000e+00
     10.308   71.75126 -154.46112     10.415     4.1253     4.1264     4.1247    28.0532    28.0657  1022.3031    22.2542    316.084    301.025  330.68797     95.584     91.041     0.2198     0.9707     3.7118     0.9548 7.7052e+00       1531     1.0625  0.000e+00
     10.339   71.75126 -154.46112     10.446     4.1256     4.1261     4.1250    28.0521    28.0659  1022.3023    22.2532    316.052    301.205  330.68831     95.574     91.095     0.2198     0.9707     3.7118     0.9548 7.7052e+00       1532     1.0632  0.000e+00
     10.370   71.75126 -154.46112     10.477     4.1258     4.1264     4.1251    28.0516    28.0655  1022.3021    22.2528    316.054    301.015  330.68822     95.575     91.038     0.2198     0.9707     3.7118     0.9548 7.6395e+00       1533     1.0639  0.000e+00
     10.370   71.75126 -154.46112     10.477     4.1259     4.1266     4.1253    28.0503    28.0653  1022.3010    22.2518    316.240    301.190  330.69018     95.630     91.091     0.2210     0.9780     3.7118     0.9548 7.6178e+00       1534     1.0646  0.000e+00
     10.370   71.75126 -154.46112     10.477     4.1264     4.1262     4.1258    28.0491    28.0659  1022.3001    22.2508    316.023    301.000  330.68918     95.565     91.033     0.2198     0.9707     3.7118     0.9548 7.5960e+00       1535     1.0653  0.000e+00
     10.370   71.75126 -154.46112     10.477     4.1264     4.1261     4.1258    28.0496    28.0675  1022.3004    22.2512    316.239    301.001  330.68809     95.631     91.034     0.2198     0.9707     3.7118     0.9548 7.5528e+00       1536     1.0660  0.000e+00
     10.424   71.75126 -154.46112     10.532     4.1267     4.1262     4.1261    28.0510    28.0678  1022.3018    22.2523    316.019    300.983  330.68209     95.566     91.029     0.2198     0.9707     3.7118     0.9548 7.5312e+00       1537     1.0667  0.000e+00
     10.454   71.75126 -154.46112     10.563     4.1265     4.1262     4.1259    28.0521    28.0672  1022.3029    22.2532    316.236    301.184  330.68043     95.632     91.090     0.2198     0.9707     3.7118     0.9548 7.5098e+00       1538     1.0674  0.000e+00
     10.370   71.75126 -154.46112     10.477     4.1262     4.1262     4.1256    28.0532    28.0672  1022.3033    22.2541    316.052    300.991  330.68040     95.576     91.031     0.2198     0.9707     3.7118     0.9548 7.4457e+00       1539     1.0681  0.000e+00
     10.485   71.75126 -154.46112     10.594     4.1262     4.1261     4.1256    28.0526    28.0677  1022.3034    22.2536    316.492    300.977  330.68189     95.709     91.027     0.2198     0.9707     3.7118     0.9548 7.3822e+00       1540     1.0688  0.000e+00
     10.424   71.75126 -154.46112     10.532     4.1261     4.1258     4.1255    28.0521    28.0678  1022.3028    22.2532    316.128    301.153  330.68431     95.598     91.080     0.2186     0.9634     3.7118     0.9548 7.3822e+00       1541     1.0694  0.000e+00
     10.485   71.75126 -154.46112     10.594     4.1261     4.1264     4.1255    28.0525    28.0666  1022.3034    22.2536    316.133    300.962  330.68329     95.600     91.023     0.2198     0.9707     3.7118     0.9548 7.3401e+00       1542     1.0701  0.000e+00
     10.485   71.75126 -154.46112     10.594     4.1262     4.1266     4.1256    28.0550    28.0655  1022.3053    22.2555    316.129    301.139  330.67590     95.601     91.075     0.2198     0.9707     3.7118     0.9548 7.2983e+00       1543     1.0708  0.000e+00
     10.485   71.75126 -154.46112     10.594     4.1253     4.1262     4.1247    28.0600    28.0661  1022.3094    22.2596    316.131    300.970  330.67109     95.603     91.024     0.2198     0.9707     3.7118     0.9548 7.2983e+00       1544     1.0715  0.000e+00
     10.454   71.75126 -154.46112     10.563     4.1242     4.1264     4.1236    28.0664    28.0666  1022.3144    22.2647    316.347    300.948  330.66410     95.670     91.018     0.2186     0.9634     3.7106     0.9561 7.2567e+00       1545     1.0722  0.000e+00
     10.539   71.75126 -154.46112     10.648     4.1226     4.1256     4.1220    28.0717    28.0689  1022.3191    22.2690    316.176    300.933  330.66379     95.619     91.014     0.2198     0.9707     3.7021     0.9654 7.1948e+00       1546     1.0729  0.000e+00
     10.485   71.75126 -154.46112     10.594     4.1213     4.1243     4.1207    28.0752    28.0750  1022.3218    22.2719    316.185    300.932  330.66525     95.621     91.014     0.2198     0.9707     3.6984     0.9693 7.1742e+00       1547     1.0736  0.000e+00
     10.539   71.75126 -154.46112     10.648     4.1207     4.1222     4.1201    28.0770    28.0843  1022.3235    22.2734    316.198    300.913  330.66589     95.625     91.010     0.2186     0.9634     3.6972     0.9706 7.1537e+00       1548     1.0743  0.000e+00
     10.485   71.75126 -154.46112     10.594     4.1201     4.1201     4.1195    28.0757    28.0922  1022.3223    22.2725    316.431    300.892  330.67423     95.693     91.005     0.2198     0.9707     3.6972     0.9706 7.1130e+00       1549     1.0750  0.000e+00
     10.539   71.75126 -154.46112     10.648     4.1201     4.1181     4.1195    28.0733    28.0977  1022.3206    22.2706    316.233    301.074  330.68011     95.631     91.059     0.2186     0.9634     3.6984     0.9693 7.0927e+00       1550     1.0757  0.000e+00
     10.570   71.75126 -154.46112     10.680     4.1199     4.1175     4.1193    28.0730    28.1003  1022.3206    22.2704    316.247    301.077  330.68209     95.635     91.060     0.2198     0.9707     3.6972     0.9706 7.0927e+00       1551     1.0764  0.000e+00
     10.539   71.75126 -154.46112     10.648     4.1202     4.1173     4.1196    28.0740    28.1017  1022.3212    22.2711    316.469    301.076  330.67717     95.703     91.061     0.2186     0.9634     3.6984     0.9693 7.0522e+00       1552     1.0771  0.000e+00
     10.539   71.75126 -154.46112     10.648     4.1201     4.1173     4.1195    28.0756    28.1018  1022.3225    22.2724    316.296    301.076  330.67438     95.652     91.061     0.2186     0.9634     3.6984     0.9693 7.0321e+00       1553     1.0778  0.000e+00
     10.539   71.75126 -154.46112     10.648     4.1199     4.1176     4.1193    28.0765    28.1016  1022.3232    22.2731    316.275    301.074  330.67351     95.646     91.061     0.2186     0.9634     3.6972     0.9706 7.0120e+00       1554     1.0785  0.000e+00
     10.539   71.75126 -154.46112     10.648     4.1196     4.1175     4.1190    28.0789    28.1013  1022.3252    22.2751    316.501    301.075  330.66993     95.715     91.061     0.2198     0.9707     3.6984     0.9693 6.9720e+00       1555     1.0792  0.000e+00
     10.593   71.75126 -154.46112     10.703     4.1194     4.1177     4.1188    28.0834    28.0996  1022.3290    22.2787    316.541    301.078  330.66003     95.730     91.061     0.2186     0.9634     3.6972     0.9706 6.9521e+00       1556     1.0799  0.000e+00
     10.570   71.75126 -154.46112     10.680     4.1193     4.1182     4.1187    28.0864    28.0971  1022.3312    22.2810    316.581    301.075  330.65403     95.744     91.059     0.2186     0.9634     3.6972     0.9706 6.9521e+00       1557     1.0806  0.000e+00
     10.593   71.75126 -154.46112     10.703     4.1187     4.1182     4.1180    28.0893    28.0971  1022.3337    22.2834    316.524    301.073  330.65182     95.727     91.059     0.2186     0.9634     3.6984     0.9693 6.8927e+00       1558     1.0813  0.000e+00
     10.539   71.75126 -154.46112     10.648     4.1175     4.1173     4.1169    28.0940    28.0996  1022.3373    22.2872    316.348    301.068  330.64906     95.675     91.057     0.2186     0.9634     3.6984     0.9693 6.8731e+00       1559     1.0819  0.000e+00
     10.539   71.75126 -154.46112     10.648     4.1161     4.1170     4.1155    28.0982    28.1016  1022.3408    22.2907    316.577    301.060  330.65007     95.744     91.055     0.2198     0.9707     3.6984     0.9693 6.8731e+00       1560     1.0826  0.000e+00
     10.593   71.75126 -154.46112     10.703     4.1149     4.1162     4.1142    28.0996    28.1034  1022.3422    22.2919    316.631    301.059  330.65684     95.758     91.054     0.2186     0.9634     3.6984     0.9693 6.8534e+00       1561     1.0833  0.000e+00
     10.593   71.75126 -154.46112     10.703     4.1142     4.1149     4.1136    28.0998    28.1057  1022.3424    22.2921    316.680    301.057  330.66151     95.772     91.052     0.2186     0.9634     3.6984     0.9693 6.8339e+00       1562     1.0840  0.000e+00
     10.570   71.75126 -154.46112     10.680     4.1136     4.1155     4.1130    28.1009    28.1061  1022.3433    22.2931    316.726    301.064  330.66379     95.785     91.056     0.2186     0.9634     3.6984     0.9693 6.8143e+00       1563     1.0847  0.000e+00
     10.539   71.75126 -154.46112     10.648     4.1133     4.1163     4.1127    28.1028    28.1050  1022.3446    22.2946    316.733    301.074  330.66163     95.788     91.060     0.2186     0.9634     3.6984     0.9693 6.7949e+00       1564     1.0854  0.000e+00
     10.655   71.75126 -154.46112     10.765     4.1127     4.1154     4.1120    28.1040    28.1064  1022.3462    22.2956    316.533    301.290  330.66371     95.726     91.125     0.2186     0.9634     3.6972     0.9706 6.7949e+00       1565     1.0861  0.000e+00
     10.539   71.75126 -154.46112     10.648     4.1123     4.1141     4.1117    28.1044    28.1096  1022.3460    22.2959    316.505    301.130  330.66545     95.718     91.075     0.2186     0.9634     3.6899     0.9786 6.7755e+00       1566     1.0868  0.000e+00
     10.593   71.75126 -154.46112     10.703     4.1122     4.1131     4.1116    28.1051    28.1132  1022.3468    22.2965    316.698    301.146  330.66491     95.776     91.080     0.2186     0.9634     3.6825     0.9865 6.7755e+00       1567     1.0875  0.000e+00
     10.593   71.75126 -154.46112     10.703     4.1120     4.1121     4.1114    28.1057    28.1169  1022.3473    22.2970    316.489    301.137  330.66458     95.713     91.078     0.2186     0.9634     3.6813     0.9879 6.7368e+00       1568     1.0882  0.000e+00
     10.570   71.75126 -154.46112     10.680     4.1117     4.1113     4.1111    28.1051    28.1198  1022.3467    22.2965    316.466    301.320  330.66880     95.705     91.134     0.2173     0.9560     3.6825     0.9865 6.7368e+00       1569     1.0889  0.000e+00
