EcoFOCI/data/1_SampleCollection/2023_SikuliaqDBO_CruiseData/CTD_raw_BottleFile_SKQ23-12S/proc/skq202312s_032.cnv
* Sea-Bird SBE 9 Data File:
* FileName = D:\CTD\SKQ202312S\SKQ202312S_032.hex
* Software Version Seasave V 7.26.7.121
* Temperature SN = 6177
* Conductivity SN = 0369
* Number of Bytes Per Scan = 41
* Number of Voltage Words = 4
* Number of Scans Averaged by the Deck Unit = 1
* NMEA Latitude = 71 32.18 N
* NMEA Longitude = 157 45.08 W
* NMEA UTC (Time) = Sep 21 2023  12:37:07
* NMEA baud rate = 4800
** Ship: R/V Sikuliaq
** Station Number: 032
** Station Name: DBO5.8
** Bottom Depth: 72
** Operator: SD
# nquan = 24
# nvalues = 7300                                  
# units = specified
# name 0 = depSM: Depth [salt water, m]
# name 1 = latitude: Latitude [deg]
# name 2 = longitude: Longitude [deg]
# name 3 = prDM: Pressure, Digiquartz [db]
# name 4 = t090C: Temperature [ITS-90, deg C]
# name 5 = t190C: Temperature, 2 [ITS-90, deg C]
# name 6 = potemp090C: Potential Temperature [ITS-90, deg C]
# name 7 = sal00: Salinity, Practical [PSU]
# name 8 = sal11: Salinity, Practical, 2 [PSU]
# name 9 = density00: Density [density, kg/m^3]
# name 10 = sigma-é00: Density [sigma-theta, kg/m^3]
# name 11 = sbox0Mm/Kg: Oxygen, SBE 43 [umol/kg]
# name 12 = sbox1Mm/Kg: Oxygen, SBE 43, 2 [umol/kg]
# name 13 = oxsolMm/Kg: Oxygen Saturation, Garcia & Gordon [umol/kg]
# name 14 = sbeox0PS: Oxygen, SBE 43 [% saturation]
# name 15 = sbeox1PS: Oxygen, SBE 43, 2 [% saturation]
# name 16 = v0: Voltage 0
# name 17 = flECO-AFL: Fluorescence, WET Labs ECO-AFL/FL [mg/m^3]
# name 18 = v1: Voltage 1
# name 19 = CStarAt0: Beam Attenuation, WET Labs C-Star [1/m]
# name 20 = par: PAR/Irradiance, Biospherical/Licor
# name 21 = scan: Scan Count
# name 22 = timeM: Time, Elapsed [minutes]
# name 23 = flag:  0.000e+00
# span 0 =      2.874,     65.566                 
# span 1 =   71.53636,   71.53644                 
# span 2 = -157.75158, -157.75112                 
# span 3 =      2.904,     66.253                 
# span 4 =    -1.6089,     2.4267                 
# span 5 =    -1.6071,     2.3802                 
# span 6 =    -1.6098,     2.4263                 
# span 7 =    29.6885,    32.9300                 
# span 8 =    29.6972,    32.9391                 
# span 9 =  1023.7109,  1026.8110                 
# span 10 =    23.6949,    26.4921                
# span 11 =    271.464,    427.133                
# span 12 =    258.924,    403.894                
# span 13 =  339.54386,  369.62036                
# span 14 =     73.649,    119.309                
# span 15 =     70.259,    112.158                
# span 16 =     0.0659,     0.1746                
# span 17 =     0.0476,     0.6996                
# span 18 =     2.8742,     4.1770                
# span 19 =     0.4824,     1.9782                
# span 20 = 1.0000e-12, 7.9719e-01                
# span 21 =          1,       7300                
# span 22 =     0.0000,     5.0687                
# span 23 = 0.0000e+00, 0.0000e+00                
# interval = seconds: 0.0416667
# start_time = Sep 21 2023 12:41:52 [NMEA time, first data scan]
# bad_flag = -9.990e-29
*END*
[from data line 604]
      5.392   71.53644 -157.75114      5.447     2.3588     2.3585     2.3586    29.6906    29.6997  1023.7222    23.6964    351.226    335.934  341.25437    102.922     98.447     0.1526     0.5678     4.1441     0.5141 2.2857e-01        605     0.4194  0.000e+00
      5.446   71.53644 -157.75114      5.502     2.3585     2.3586     2.3582    29.6912    29.6994  1023.7229    23.6968    351.197    335.914  341.25584    102.913     98.441     0.1514     0.5604     4.1441     0.5141 2.4865e-01        606     0.4201  0.000e+00
      5.392   71.53644 -157.75114      5.447     2.3585     2.3586     2.3583    29.6908    29.6994  1023.7224    23.6965    351.160    335.887  341.25677    102.902     98.433     0.1526     0.5678     4.1441     0.5141 2.5385e-01        607     0.4208  0.000e+00
      5.446   71.53644 -157.75114      5.502     2.3582     2.3587     2.3579    29.6908    29.6997  1023.7226    23.6966    351.167    335.860  341.25955    102.903     98.426     0.1526     0.5678     4.1441     0.5141 2.4660e-01        608     0.4215  0.000e+00
      5.392   71.53644 -157.75114      5.447     2.3580     2.3587     2.3578    29.6911    29.7000  1023.7226    23.6968    351.167    335.827  341.26028    102.903     98.416     0.1563     0.5897     4.1441     0.5141 2.3250e-01        609     0.4222  0.000e+00
      5.446   71.53644 -157.75114      5.502     2.3585     2.3592     2.3582    29.6907    29.6996  1023.7225    23.6965    351.167    335.593  341.25704    102.904     98.349     0.1575     0.5971     4.1441     0.5141 2.2760e-01        610     0.4229  0.000e+00
      5.446   71.53644 -157.75114      5.502     2.3583     2.3589     2.3581    29.6908    29.7002  1023.7226    23.6966    351.170    335.766  341.25815    102.904     98.399     0.1563     0.5897     4.1441     0.5141 2.3349e-01        611     0.4236  0.000e+00
      5.446   71.53644 -157.75114      5.502     2.3583     2.3590     2.3581    29.6910    29.7002  1023.7228    23.6968    351.171    335.756  341.25754    102.905     98.397     0.1575     0.5971     4.1441     0.5141 2.5385e-01        612     0.4243  0.000e+00
      5.507   71.53644 -157.75114      5.564     2.3585     2.3593     2.3582    29.6911    29.6995  1023.7232    23.6968    351.173    335.749  341.25592    102.906     98.395     0.1563     0.5897     4.1441     0.5141 2.6126e-01        613     0.4250  0.000e+00
      5.446   71.53644 -157.75114      5.502     2.3587     2.3592     2.3584    29.6906    29.6999  1023.7225    23.6964    351.172    335.534  341.25584    102.906     98.331     0.1563     0.5897     4.1441     0.5141 2.5807e-01        614     0.4257  0.000e+00
      5.507   71.53644 -157.75114      5.564     2.3587     2.3597     2.3584    29.6907    29.7000  1023.7228    23.6965    351.176    335.700  341.25562    102.907     98.382     0.1575     0.5971     4.1441     0.5141 2.3349e-01        615     0.4264  0.000e+00
      5.561   71.53644 -157.75114      5.619     2.3587     2.3598     2.3584    29.6907    29.7004  1023.7231    23.6965    351.180    335.486  341.25559    102.908     98.320     0.1575     0.5971     4.1441     0.5141 2.2277e-01        616     0.4271  0.000e+00
      5.507   71.53644 -157.75114      5.564     2.3587     2.3602     2.3584    29.6907    29.7005  1023.7229    23.6965    351.179    335.445  341.25552    102.908     98.308     0.1575     0.5971     4.1441     0.5141 2.2181e-01        617     0.4278  0.000e+00
      5.561   71.53644 -157.75114      5.619     2.3587     2.3605     2.3584    29.6907    29.7003  1023.7231    23.6965    351.410    335.410  341.25559    102.975     98.299     0.1563     0.5897     4.1441     0.5141 2.2955e-01        618     0.4285  0.000e+00
      5.507   71.53644 -157.75114      5.564     2.3587     2.3606     2.3584    29.6906    29.7005  1023.7227    23.6964    351.102    335.396  341.25592    102.885     98.295     0.1575     0.5971     4.1441     0.5141 2.3250e-01        619     0.4292  0.000e+00
      5.561   71.53644 -157.75114      5.619     2.3587     2.3609     2.3584    29.6904    29.7007  1023.7229    23.6963    351.100    335.589  341.25630    102.885     98.352     0.1563     0.5897     4.1441     0.5141 2.3349e-01        620     0.4299  0.000e+00
      5.561   71.53644 -157.75114      5.619     2.3585     2.3612     2.3582    29.6910    29.7008  1023.7233    23.6967    351.322    335.373  341.25619    102.950     98.290     0.1563     0.5897     4.1441     0.5141 2.2277e-01        621     0.4306  0.000e+00
      5.561   71.53644 -157.75114      5.619     2.3588     2.3614     2.3586    29.6903    29.7009  1023.7227    23.6961    350.899    335.539  341.25530    102.826     98.339     0.1575     0.5971     4.1441     0.5141 2.1517e-01        622     0.4313  0.000e+00
      5.561   71.53644 -157.75114      5.619     2.3582     2.3618     2.3579    29.6908    29.7005  1023.7232    23.6966    351.315    335.525  341.25950    102.947     98.336     0.1563     0.5897     4.1441     0.5141 2.1424e-01        623     0.4319  0.000e+00
      5.623   71.53644 -157.75114      5.681     2.3585     2.3617     2.3582    29.6904    29.7009  1023.7232    23.6962    351.120    335.516  341.25778    102.890     98.333     0.1575     0.5971     4.1416     0.5164 2.0410e-01        624     0.4326  0.000e+00
      5.561   71.53644 -157.75114      5.619     2.3583     2.3614     2.3581    29.6907    29.7009  1023.7231    23.6965    351.073    335.503  341.25850    102.876     98.329     0.1563     0.5897     4.1416     0.5164 1.9427e-01        625     0.4333  0.000e+00
      5.561   71.53644 -157.75114      5.619     2.3588     2.3612     2.3586    29.6907    29.7008  1023.7231    23.6965    351.060    335.491  341.25419    102.874     98.325     0.1563     0.5897     4.1416     0.5164 1.9165e-01        626     0.4340  0.000e+00
      5.623   71.53644 -157.75114      5.681     2.3585     2.3615     2.3582    29.6909    29.7001  1023.7236    23.6966    351.058    335.477  341.25647    102.872     98.321     0.1563     0.5897     4.1416     0.5164 1.8051e-01        627     0.4347  0.000e+00
      5.561   71.53644 -157.75114      5.619     2.3588     2.3610     2.3586    29.6906    29.7006  1023.7230    23.6963    351.272    335.462  341.25459    102.935     98.316     0.1563     0.5897     4.1416     0.5164 1.6416e-01        628     0.4354  0.000e+00
      5.623   71.53644 -157.75114      5.681     2.3585     2.3607     2.3582    29.6908    29.6998  1023.7235    23.6966    351.079    335.453  341.25667    102.878     98.311     0.1575     0.5971     4.1416     0.5164 1.6021e-01        629     0.4361  0.000e+00
      5.561   71.53644 -157.75114      5.619     2.3582     2.3604     2.3579    29.6910    29.6998  1023.7234    23.6967    351.069    335.460  341.25900    102.875     98.313     0.1563     0.5897     4.1416     0.5164 1.5478e-01        630     0.4368  0.000e+00
      5.561   71.53644 -157.75114      5.618     2.3583     2.3601     2.3581    29.6902    29.6999  1023.7227    23.6961    351.326    335.469  341.25971    102.950     98.315     0.1575     0.5971     4.1416     0.5164 1.4496e-01        631     0.4375  0.000e+00
      5.561   71.53644 -157.75114      5.618     2.3582     2.3600     2.3579    29.6905    29.6997  1023.7230    23.6963    351.128    335.479  341.26031    102.892     98.317     0.1563     0.5897     4.1416     0.5164 1.4202e-01        632     0.4382  0.000e+00
      5.561   71.53644 -157.75114      5.618     2.3577     2.3604     2.3575    29.6903    29.6996  1023.7228    23.6962    351.389    335.482  341.26459    102.967     98.319     0.1575     0.5971     4.1416     0.5164 1.5787e-01        633     0.4389  0.000e+00
      5.561   71.53644 -157.75114      5.618     2.3574     2.3606     2.3572    29.6901    29.7000  1023.7227    23.6961    351.421    335.486  341.26790    102.975     98.321     0.1587     0.6044     4.1416     0.5164 2.1424e-01        634     0.4396  0.000e+00
      5.561   71.53644 -157.75114      5.618     2.3571     2.3607     2.3568    29.6904    29.7001  1023.7229    23.6963    351.223    335.491  341.27000    102.916     98.323     0.1587     0.6044     4.1416     0.5164 2.3747e-01        635     0.4403  0.000e+00
      5.623   71.53644 -157.75114      5.681     2.3571     2.3610     2.3568    29.6901    29.7004  1023.7230    23.6961    351.216    335.497  341.27069    102.914     98.326     0.1600     0.6117     4.1416     0.5164 2.3151e-01        636     0.4410  0.000e+00
      5.561   71.53644 -157.75114      5.618     2.3569     2.3612     2.3567    29.6900    29.7006  1023.7227    23.6961    351.204    335.500  341.27221    102.910     98.327     0.1587     0.6044     4.1416     0.5164 1.9960e-01        637     0.4417  0.000e+00
      5.561   71.53644 -157.75114      5.618     2.3568     2.3612     2.3565    29.6903    29.7004  1023.7229    23.6963    351.421    335.710  341.27301    102.973     98.388     0.1600     0.6117     4.1416     0.5164 1.8646e-01        638     0.4424  0.000e+00
      5.561   71.53644 -157.75114      5.618     2.3568     2.3614     2.3565    29.6900    29.7001  1023.7227    23.6960    351.220    335.739  341.27372    102.914     98.397     0.1587     0.6044     4.1416     0.5164 1.8304e-01        639     0.4431  0.000e+00
      5.507   71.53644 -157.75114      5.564     2.3565     2.3612     2.3562    29.6899    29.7002  1023.7224    23.6960    351.246    335.767  341.27622    102.921     98.405     0.1587     0.6044     4.1416     0.5164 1.4720e-01        640     0.4437  0.000e+00
      5.561   71.53644 -157.75114      5.618     2.3564     2.3607     2.3562    29.6901    29.7003  1023.7228    23.6961    351.465    335.802  341.27622    102.985     98.414     0.1600     0.6117     4.1416     0.5164 1.2916e-01        641     0.4444  0.000e+00
      5.561   71.53644 -157.75114      5.618     2.3563     2.3606     2.3561    29.6901    29.7000  1023.7228    23.6961    351.491    335.629  341.27719    102.993     98.363     0.1587     0.6044     4.1416     0.5164 1.2846e-01        642     0.4451  0.000e+00
      5.561   71.53644 -157.75114      5.618     2.3563     2.3603     2.3561    29.6900    29.7000  1023.7227    23.6960    351.288    335.634  341.27749    102.933     98.364     0.1600     0.6117     4.1416     0.5164 1.9427e-01        643     0.4458  0.000e+00
      5.507   71.53644 -157.75114      5.564     2.3567     2.3600     2.3564    29.6903    29.7001  1023.7227    23.6963    351.494    335.638  341.27381    102.995     98.364     0.1587     0.6044     4.1429     0.5153 2.4969e-01        644     0.4465  0.000e+00
      5.561   71.53644 -157.75114      5.618     2.3571     2.3602     2.3568    29.6905    29.6996  1023.7230    23.6964    351.286    335.844  341.26970    102.935     98.425     0.1600     0.6117     4.1429     0.5153 2.5807e-01        645     0.4472  0.000e+00
      5.507   71.53644 -157.75114      5.564     2.3573     2.3598     2.3570    29.6907    29.6998  1023.7229    23.6966    351.493    335.669  341.26772    102.996     98.373     0.1612     0.6190     4.1429     0.5153 2.8892e-01        646     0.4479  0.000e+00
      5.561   71.53644 -157.75114      5.618     2.3574     2.3603     2.3572    29.6906    29.6997  1023.7231    23.6964    351.287    335.669  341.26669    102.936     98.374     0.1587     0.6044     4.1429     0.5153 3.2229e-01        647     0.4486  0.000e+00
      5.507   71.53644 -157.75114      5.564     2.3574     2.3602     2.3572    29.6904    29.7006  1023.7227    23.6963    351.495    335.667  341.26702    102.997     98.374     0.1600     0.6117     4.1429     0.5153 3.2979e-01        648     0.4493  0.000e+00
      5.561   71.53644 -157.75114      5.618     2.3574     2.3607     2.3572    29.6907    29.7006  1023.7231    23.6965    351.515    335.869  341.26639    103.003     98.434     0.1587     0.6044     4.1429     0.5153 3.0054e-01        649     0.4500  0.000e+00
      5.507   71.53644 -157.75114      5.564     2.3577     2.3614     2.3575    29.6904    29.7006  1023.7226    23.6963    351.527    335.886  341.26441    103.007     98.441     0.1600     0.6117     4.1429     0.5153 2.6881e-01        650     0.4507  0.000e+00
      5.507   71.53644 -157.75114      5.564     2.3576     2.3617     2.3573    29.6909    29.7007  1023.7230    23.6967    351.317    335.907  341.26451    102.946     98.448     0.1587     0.6044     4.1429     0.5153 2.6126e-01        651     0.4514  0.000e+00
      5.507   71.53644 -157.75114      5.564     2.3577     2.3612     2.3575    29.6910    29.7009  1023.7231    23.6967    351.293    335.731  341.26280    102.939     98.395     0.1587     0.6044     4.1429     0.5153 2.2663e-01        652     0.4521  0.000e+00
      5.507   71.53644 -157.75114      5.564     2.3580     2.3610     2.3578    29.6908    29.7006  1023.7230    23.6966    351.496    335.935  341.26083    102.999     98.454     0.1600     0.6117     4.1416     0.5164 1.6978e-01        653     0.4528  0.000e+00
      5.507   71.53644 -157.75114      5.564     2.3581     2.3605     2.3578    29.6914    29.7001  1023.7234    23.6970    351.734    335.964  341.25899    103.070     98.461     0.1587     0.6044     4.1429     0.5153 1.5478e-01        654     0.4535  0.000e+00
      5.445   71.53644 -157.75114      5.501     2.3585     2.3606     2.3582    29.6918    29.6997  1023.7234    23.6974    351.547    335.983  341.25412    103.016     98.466     0.1600     0.6117     4.1429     0.5153 1.6178e-01        655     0.4542  0.000e+00
      5.507   71.53644 -157.75114      5.564     2.3590     2.3603     2.3587    29.6919    29.7003  1023.7238    23.6974    351.554    336.006  341.24969    103.020     98.473     0.1587     0.6044     4.1429     0.5153 1.8051e-01        656     0.4549  0.000e+00
      5.468   71.53644 -157.75114      5.525     2.3596     2.3605     2.3593    29.6917    29.7001  1023.7234    23.6972    351.555    336.023  341.24506    103.021     98.478     0.1600     0.6117     4.1429     0.5153 1.8732e-01        657     0.4556  0.000e+00
      5.445   71.53644 -157.75114      5.501     2.3597     2.3609     2.3595    29.6918    29.7004  1023.7233    23.6972    351.558    336.035  341.24353    103.023     98.483     0.1600     0.6117     4.1429     0.5153 1.8646e-01        658     0.4562  0.000e+00
      5.507   71.53644 -157.75114      5.564     2.3596     2.3615     2.3593    29.6920    29.7006  1023.7238    23.6974    351.566    336.023  341.24431    103.025     98.481     0.1587     0.6044     4.1429     0.5153 1.8220e-01        659     0.4569  0.000e+00
      5.507   71.53644 -157.75114      5.564     2.3596     2.3617     2.3593    29.6920    29.7012  1023.7238    23.6975    351.569    336.035  341.24421    103.026     98.486     0.1563     0.5897     4.1429     0.5153 1.8051e-01        660     0.4576  0.000e+00
      5.445   71.53644 -157.75114      5.501     2.3595     2.3621     2.3592    29.6921    29.7017  1023.7236    23.6975    351.569    336.041  341.24500    103.025     98.489     0.1538     0.5751     4.1429     0.5153 1.7967e-01        661     0.4583  0.000e+00
      5.507   71.53644 -157.75114      5.564     2.3594     2.3624     2.3592    29.6918    29.7020  1023.7236    23.6973    351.573    336.053  341.24632    103.026     98.493     0.1551     0.5824     4.1429     0.5153 1.7304e-01        662     0.4590  0.000e+00
      5.445   71.53644 -157.75114      5.501     2.3596     2.3627     2.3594    29.6918    29.7022  1023.7234    23.6973    351.340    336.034  341.24430    102.958     98.489     0.1538     0.5751     4.1429     0.5153 1.7059e-01        663     0.4597  0.000e+00
      5.445   71.53644 -157.75114      5.501     2.3599     2.3629     2.3597    29.6925    29.7024  1023.7239    23.6978    351.523    336.042  341.24021    103.013     98.491     0.1551     0.5824     4.1429     0.5153 1.7059e-01        664     0.4604  0.000e+00
