EcoFOCI/data/1_SampleCollection/2023_SikuliaqDBO_CruiseData/CTD_raw_BottleFile_SKQ23-12S/proc/skq202312s_060svpavg.cnv
* Sea-Bird SBE 9 Data File:
* FileName = D:\CTD\SKQ202312S\SKQ202312S_060.hex
* Software Version Seasave V 7.26.7.121
* Temperature SN = 6177
* Conductivity SN = 0369
* Number of Bytes Per Scan = 41
* Number of Voltage Words = 4
* Number of Scans Averaged by the Deck Unit = 1
* NMEA Latitude = 71 36.06 N
* NMEA Longitude = 165 18.28 W
* NMEA UTC (Time) = Sep 27 2023  22:11:30
* NMEA baud rate = 4800
** Ship: R/V Sikuliaq
** Station Number: 060
** Station Name: IC3
** Bottom Depth: 42
** Operator: SD
# nquan = 7
# nvalues = 36                          
# units = specified
# name 0 = depSM: Depth [salt water, m]
# name 1 = latitude: Latitude [deg]
# name 2 = longitude: Longitude [deg]
# name 3 = t090C: Temperature [ITS-90, deg C]
# name 4 = sal00: Salinity, Practical [PSU]
# name 5 = svCM: Sound Velocity [Chen-Millero, m/s]
# name 6 = flag: flag
# span 0 =      2.000,     37.000       
# span 1 =   71.60090,   71.60090       
# span 2 = -165.30478, -165.30476       
# span 3 =    -1.0351,     3.1928       
# span 4 =    30.3830,    32.4837       
# span 5 =    1441.50,    1458.08       
# span 6 = 0.0000e+00, 0.0000e+00       
# interval = meters: 1                  
# start_time = Sep 27 2023 22:14:51 [NMEA time, first data scan]
# bad_flag = -9.990e-29
*END*
      2.000   71.60090 -165.30477     2.6083    30.3830    1454.75 0.0000e+00
      3.000   71.60090 -165.30478     2.6310    30.4040    1454.89 0.0000e+00
      4.000   71.60090 -165.30478     2.6530    30.4171    1455.02 0.0000e+00
      5.000   71.60090 -165.30478     2.6594    30.4216    1455.07 0.0000e+00
      6.000   71.60090 -165.30478     2.6651    30.4276    1455.12 0.0000e+00
      7.000   71.60090 -165.30478     2.6458    30.4120    1455.03 0.0000e+00
      8.000   71.60090 -165.30478     2.6479    30.4161    1455.06 0.0000e+00
      9.000   71.60090 -165.30478     2.6452    30.4187    1455.07 0.0000e+00
     10.000   71.60090 -165.30478     2.7288    30.4839    1455.53 0.0000e+00
     11.000   71.60090 -165.30478     2.7408    30.5005    1455.62 0.0000e+00
     12.000   71.60090 -165.30478     2.8127    30.5611    1456.03 0.0000e+00
     13.000   71.60090 -165.30478     2.8479    30.5989    1456.25 0.0000e+00
     14.000   71.60090 -165.30476     2.8599    30.6065    1456.33 0.0000e+00
     15.000   71.60090 -165.30477     2.8612    30.6074    1456.35 0.0000e+00
     16.000   71.60090 -165.30476     2.8834    30.6178    1456.48 0.0000e+00
     17.000   71.60090 -165.30476     3.0171    30.6593    1457.13 0.0000e+00
     18.000   71.60090 -165.30476     3.0769    30.7008    1457.45 0.0000e+00
     19.000   71.60090 -165.30476     3.0792    30.7346    1457.52 0.0000e+00
     20.000   71.60090 -165.30476     3.1928    30.7738    1458.08 0.0000e+00
     21.000   71.60090 -165.30476     2.9549    30.9788    1457.33 0.0000e+00
     22.000   71.60090 -165.30476     1.6361    31.8408    1452.69 0.0000e+00
     23.000   71.60090 -165.30476     0.6873    32.1459    1448.85 0.0000e+00
     24.000   71.60090 -165.30476     0.1870    32.2702    1446.74 0.0000e+00
     25.000   71.60090 -165.30476    -0.1570    32.3967    1445.34 0.0000e+00
     26.000   71.60090 -165.30476    -0.2482    32.4346    1444.98 0.0000e+00
     27.000   71.60090 -165.30476    -0.6524    32.4372    1443.11 0.0000e+00
     28.000   71.60090 -165.30476    -0.7370    32.4462    1442.74 0.0000e+00
     29.000   71.60090 -165.30476    -0.7444    32.4451    1442.72 0.0000e+00
     30.000   71.60090 -165.30476    -0.7826    32.4487    1442.56 0.0000e+00
     31.000   71.60090 -165.30476    -0.8488    32.4537    1442.28 0.0000e+00
     32.000   71.60090 -165.30476    -0.8239    32.4448    1442.40 0.0000e+00
     33.000   71.60090 -165.30476    -1.0198    32.4806    1441.54 0.0000e+00
     34.000   71.60090 -165.30476    -1.0323    32.4830    1441.50 0.0000e+00
     35.000   71.60090 -165.30476    -1.0339    32.4837    1441.51 0.0000e+00
     36.000   71.60090 -165.30476    -1.0345    32.4835    1441.52 0.0000e+00
     37.000   71.60090 -165.30476    -1.0351    32.4833    1441.53 0.0000e+00
