EcoFOCI/data/1_SampleCollection/2023_SikuliaqDBO_CruiseData/CTD_raw_BottleFile_SKQ23-12S/proc/skq202312s_045.cnv
* Sea-Bird SBE 9 Data File:
* FileName = D:\CTD\SKQ202312S\SKQ202312S_045.hex
* Software Version Seasave V 7.26.7.121
* Temperature SN = 6177
* Conductivity SN = 0369
* Number of Bytes Per Scan = 41
* Number of Voltage Words = 4
* Number of Scans Averaged by the Deck Unit = 1
* NMEA Latitude = 71 39.21 N
* NMEA Longitude = 161 35.21 W
* NMEA UTC (Time) = Sep 24 2023  11:43:57
* NMEA baud rate = 4800
** Ship: R/V Sikuliaq
** Station Number: 045
** Station Name: DBO4.4na
** Bottom Depth: 47
** Operator: Bern
# nquan = 24
# nvalues = 6596                                  
# units = specified
# name 0 = depSM: Depth [salt water, m]
# name 1 = latitude: Latitude [deg]
# name 2 = longitude: Longitude [deg]
# name 3 = prDM: Pressure, Digiquartz [db]
# name 4 = t090C: Temperature [ITS-90, deg C]
# name 5 = t190C: Temperature, 2 [ITS-90, deg C]
# name 6 = potemp090C: Potential Temperature [ITS-90, deg C]
# name 7 = sal00: Salinity, Practical [PSU]
# name 8 = sal11: Salinity, Practical, 2 [PSU]
# name 9 = density00: Density [density, kg/m^3]
# name 10 = sigma-é00: Density [sigma-theta, kg/m^3]
# name 11 = sbox0Mm/Kg: Oxygen, SBE 43 [umol/kg]
# name 12 = sbox1Mm/Kg: Oxygen, SBE 43, 2 [umol/kg]
# name 13 = oxsolMm/Kg: Oxygen Saturation, Garcia & Gordon [umol/kg]
# name 14 = sbeox0PS: Oxygen, SBE 43 [% saturation]
# name 15 = sbeox1PS: Oxygen, SBE 43, 2 [% saturation]
# name 16 = v0: Voltage 0
# name 17 = flECO-AFL: Fluorescence, WET Labs ECO-AFL/FL [mg/m^3]
# name 18 = v1: Voltage 1
# name 19 = CStarAt0: Beam Attenuation, WET Labs C-Star [1/m]
# name 20 = par: PAR/Irradiance, Biospherical/Licor
# name 21 = scan: Scan Count
# name 22 = timeM: Time, Elapsed [minutes]
# name 23 = flag:  0.000e+00
# span 0 =      2.756,     39.988                 
# span 1 =   71.65350,   71.65352                 
# span 2 = -161.58680, -161.58674                 
# span 3 =      2.785,     40.404                 
# span 4 =    -1.4991,     2.4107                 
# span 5 =    -1.4974,     2.4157                 
# span 6 =    -1.4996,     2.4101                 
# span 7 =    27.3134,    32.5744                 
# span 8 =    27.3232,    32.5861                 
# span 9 =  1021.8444,  1026.3910                 
# span 10 =    21.8291,    26.1973                
# span 11 =    265.168,    427.121                
# span 12 =    234.267,    408.123                
# span 13 =  342.65776,  369.07065                
# span 14 =     72.206,    120.768                
# span 15 =     63.796,    114.424                
# span 16 =     0.0879,     0.7668                
# span 17 =     0.1795,     4.2527                
# span 18 =     2.2723,     4.1966                
# span 19 =     0.4637,     2.9186                
# span 20 = 1.0000e-12, 1.3459e+00                
# span 21 =          1,       6596                
# span 22 =     0.0000,     4.5799                
# span 23 = 0.0000e+00, 0.0000e+00                
# interval = seconds: 0.0416667
# start_time = Sep 24 2023 11:47:11 [NMEA time, first data scan]
# bad_flag = -9.990e-29
*END*
[from data line 121]
      3.103   71.65350 -161.58678      3.135     1.8203     1.8198     1.8201    27.3164    27.3256  1021.8463    21.8313    344.886    327.788  352.29825     97.896     93.048     0.1404     0.4945     4.0794     0.5771 2.3151e-01        122     0.0840  0.000e+00
      3.041   71.65350 -161.58678      3.073     1.8204     1.8198     1.8203    27.3166    27.3254  1021.8461    21.8314    344.878    327.802  352.29647     97.894     93.052     0.1416     0.5018     4.0794     0.5771 2.0501e-01        123     0.0847  0.000e+00
      3.157   71.65350 -161.58678      3.190     1.8201     1.8196     1.8200    27.3166    27.3250  1021.8467    21.8315    344.883    327.827  352.29921     97.895     93.059     0.1404     0.4945     4.0794     0.5771 2.0139e-01        124     0.0854  0.000e+00
      3.065   71.65350 -161.58678      3.096     1.8201     1.8194     1.8200    27.3159    27.3256  1021.8457    21.8309    344.878    327.845  352.30131     97.893     93.063     0.1404     0.4945     4.0794     0.5771 2.5385e-01        125     0.0861  0.000e+00
      3.103   71.65350 -161.58678      3.135     1.8198     1.8189     1.8197    27.3158    27.3254  1021.8459    21.8309    344.879    327.874  352.30379     97.892     93.070     0.1404     0.4945     4.0794     0.5771 3.1128e-01        126     0.0868  0.000e+00
      3.103   71.65350 -161.58678      3.135     1.8198     1.8190     1.8197    27.3155    27.3251  1021.8456    21.8306    344.877    327.898  352.30469     97.892     93.077     0.1416     0.5018     4.0794     0.5771 3.2478e-01        127     0.0875  0.000e+00
      3.103   71.65350 -161.58678      3.135     1.8195     1.8187     1.8194    27.3155    27.3251  1021.8456    21.8306    344.877    327.927  352.30779     97.891     93.085     0.1392     0.4872     4.0806     0.5759 3.5307e-01        128     0.0882  0.000e+00
      3.157   71.65350 -161.58678      3.190     1.8190     1.8184     1.8189    27.3158    27.3253  1021.8461    21.8309    344.880    327.961  352.31134     97.891     93.094     0.1404     0.4945     4.0806     0.5759 4.0038e-01        129     0.0889  0.000e+00
      3.103   71.65350 -161.58678      3.135     1.8190     1.8181     1.8189    27.3158    27.3256  1021.8459    21.8309    344.874    327.965  352.31117     97.889     93.094     0.1416     0.5018     4.0806     0.5759 4.1219e-01        130     0.0896  0.000e+00
      3.041   71.65350 -161.58678      3.073     1.8189     1.8181     1.8188    27.3163    27.3263  1021.8460    21.8313    344.868    327.992  352.31082     97.887     93.103     0.1404     0.4945     4.0806     0.5759 4.2274e-01        131     0.0903  0.000e+00
      3.103   71.65350 -161.58678      3.135     1.8187     1.8184     1.8186    27.3175    27.3266  1021.8472    21.8322    344.866    328.026  352.30927     97.887     93.113     0.1416     0.5018     4.0806     0.5759 4.4924e-01        132     0.0910  0.000e+00
      3.157   71.65350 -161.58678      3.190     1.8187     1.8192     1.8186    27.3180    27.3267  1021.8479    21.8326    344.864    328.030  352.30793     97.887     93.116     0.1392     0.4872     4.0794     0.5771 4.5566e-01        133     0.0917  0.000e+00
      3.103   71.65350 -161.58678      3.135     1.8189     1.8204     1.8188    27.3179    27.3269  1021.8475    21.8326    344.857    328.025  352.30666     97.885     93.118     0.1404     0.4945     4.0806     0.5759 4.8377e-01        134     0.0924  0.000e+00
      3.103   71.65350 -161.58678      3.135     1.8192     1.8212     1.8190    27.3184    27.3270  1021.8479    21.8329    344.614    328.030  352.30292     97.818     93.121     0.1404     0.4945     4.0830     0.5735 5.8056e-01        135     0.0931  0.000e+00
      3.103   71.65350 -161.58678      3.135     1.8201     1.8221     1.8200    27.3184    27.3271  1021.8479    21.8329    344.799    328.033  352.29450     97.872     93.124     0.1416     0.5018     4.0891     0.5675 6.2309e-01        136     0.0938  0.000e+00
      3.103   71.65350 -161.58678      3.135     1.8201     1.8229     1.8200    27.3187    27.3271  1021.8482    21.8332    344.796    328.040  352.29349     97.872     93.128     0.1429     0.5091     4.0916     0.5651 5.4048e-01        137     0.0944  0.000e+00
      3.103   71.65350 -161.58678      3.135     1.8209     1.8234     1.8208    27.3184    27.3268  1021.8479    21.8329    345.022    328.077  352.28691     97.938     93.140     0.1416     0.5018     4.0904     0.5663 2.3948e-01        138     0.0951  0.000e+00
      3.103   71.65350 -161.58678      3.135     1.8215     1.8235     1.8214    27.3179    27.3265  1021.8474    21.8324    344.819    328.094  352.28310     97.881     93.145     0.1416     0.5018     4.0904     0.5663 1.5632e-01        139     0.0958  0.000e+00
      3.041   71.65350 -161.58678      3.073     1.8213     1.8238     1.8212    27.3180    27.3268  1021.8472    21.8325    344.814    328.106  352.28422     97.879     93.149     0.1416     0.5018     4.0904     0.5663 1.5172e-01        140     0.0965  0.000e+00
      3.103   71.65350 -161.58678      3.135     1.8218     1.8235     1.8217    27.3175    27.3275  1021.8471    21.8321    344.810    328.129  352.28101     97.879     93.155     0.1416     0.5018     4.0904     0.5663 1.3838e-01        141     0.0972  0.000e+00
      3.103   71.65350 -161.58678      3.135     1.8218     1.8238     1.8217    27.3173    27.3272  1021.8469    21.8319    344.807    328.147  352.28162     97.878     93.161     0.1404     0.4945     4.0904     0.5663 1.2985e-01        142     0.0979  0.000e+00
      3.065   71.65350 -161.58678      3.096     1.8218     1.8240     1.8217    27.3168    27.3269  1021.8463    21.8315    344.803    328.376  352.28308     97.877     93.226     0.1416     0.5018     4.0904     0.5663 1.3055e-01        143     0.0986  0.000e+00
      3.103   71.65350 -161.58678      3.135     1.8218     1.8238     1.8217    27.3162    27.3270  1021.8460    21.8310    344.803    328.425  352.28464     97.876     93.240     0.1429     0.5091     4.0904     0.5663 2.1800e-01        144     0.0993  0.000e+00
      3.041   71.65350 -161.58678      3.073     1.8217     1.8234     1.8216    27.3162    27.3268  1021.8458    21.8311    344.799    328.448  352.28596     97.875     93.245     0.1416     0.5018     4.0904     0.5663 2.9121e-01        145     0.1000  0.000e+00
      3.041   71.65350 -161.58678      3.073     1.8217     1.8231     1.8216    27.3164    27.3264  1021.8459    21.8313    344.795    328.471  352.28546     97.874     93.250     0.1416     0.5018     4.0904     0.5663 3.0290e-01        146     0.1007  0.000e+00
      3.103   71.65350 -161.58678      3.135     1.8217     1.8229     1.8216    27.3168    27.3264  1021.8465    21.8316    344.794    328.493  352.28443     97.874     93.256     0.1416     0.5018     4.0904     0.5663 4.4764e-01        147     0.1014  0.000e+00
      3.041   71.65350 -161.58678      3.073     1.8218     1.8226     1.8217    27.3174    27.3264  1021.8467    21.8320    345.020    328.511  352.28144     97.939     93.261     0.1416     0.5018     4.0904     0.5663 6.2937e-01        148     0.1021  0.000e+00
      3.041   71.65350 -161.58678      3.073     1.8218     1.8222     1.8217    27.3176    27.3265  1021.8468    21.8321    344.818    328.320  352.28093     97.882     93.206     0.1416     0.5018     4.0904     0.5663 6.7041e-01        149     0.1028  0.000e+00
      3.041   71.65350 -161.58678      3.073     1.8222     1.8224     1.8220    27.3175    27.3264  1021.8468    21.8321    344.810    328.518  352.27814     97.880     93.262     0.1416     0.5018     4.0904     0.5663 5.8451e-01        150     0.1035  0.000e+00
      3.041   71.65350 -161.58678      3.073     1.8222     1.8227     1.8220    27.3179    27.3265  1021.8471    21.8324    344.804    328.530  352.27703     97.879     93.267     0.1429     0.5091     4.0904     0.5663 5.0095e-01        151     0.1042  0.000e+00
      3.041   71.65350 -161.58678      3.073     1.8221     1.8231     1.8219    27.3179    27.3265  1021.8471    21.8324    344.800    328.541  352.27806     97.877     93.270     0.1416     0.5018     4.0904     0.5663 4.8208e-01        152     0.1049  0.000e+00
      2.987   71.65350 -161.58678      3.018     1.8224     1.8234     1.8223    27.3178    27.3271  1021.8467    21.8323    344.789    328.573  352.27494     97.875     93.281     0.1416     0.5018     4.0904     0.5663 4.4131e-01        153     0.1056  0.000e+00
      3.041   71.65350 -161.58678      3.073     1.8223     1.8238     1.8222    27.3177    27.3269  1021.8469    21.8323    344.789    328.821  352.27650     97.874     93.352     0.1416     0.5018     4.0904     0.5663 3.7616e-01        154     0.1063  0.000e+00
      2.987   71.65350 -161.58678      3.018     1.8224     1.8240     1.8223    27.3174    27.3272  1021.8464    21.8320    344.781    328.671  352.27605     97.872     93.310     0.1416     0.5018     4.0891     0.5675 3.5975e-01        155     0.1069  0.000e+00
      3.041   71.65350 -161.58678      3.073     1.8226     1.8240     1.8225    27.3173    27.3275  1021.8466    21.8319    344.777    328.684  352.27462     97.872     93.314     0.1404     0.4945     4.0842     0.5723 3.0647e-01        156     0.1076  0.000e+00
      2.987   71.65350 -161.58678      3.018     1.8224     1.8241     1.8223    27.3170    27.3274  1021.8461    21.8317    344.772    328.691  352.27705     97.870     93.316     0.1416     0.5018     4.0830     0.5735 1.9252e-01        157     0.1083  0.000e+00
      2.987   71.65350 -161.58678      3.018     1.8223     1.8241     1.8222    27.3171    27.3274  1021.8462    21.8318    344.768    328.700  352.27815     97.868     93.319     0.1429     0.5091     4.0830     0.5735 1.6099e-01        158     0.1090  0.000e+00
      2.987   71.65350 -161.58678      3.018     1.8223     1.8244     1.8222    27.3181    27.3272  1021.8470    21.8326    344.761    328.707  352.27543     97.867     93.321     0.1416     0.5018     4.0830     0.5735 1.9515e-01        159     0.1097  0.000e+00
      2.987   71.65350 -161.58678      3.018     1.8224     1.8240     1.8223    27.3183    27.3277  1021.8471    21.8327    344.754    328.717  352.27353     97.865     93.323     0.1416     0.5018     4.0830     0.5735 3.9747e-01        160     0.1104  0.000e+00
      2.949   71.65350 -161.58678      2.979     1.8228     1.8241     1.8226    27.3182    27.3272  1021.8468    21.8326    344.744    328.932  352.27088     97.863     93.384     0.1404     0.4945     4.0830     0.5735 5.1326e-01        161     0.1111  0.000e+00
      2.987   71.65350 -161.58678      3.018     1.8229     1.8238     1.8228    27.3180    27.3274  1021.8468    21.8324    344.740    328.966  352.27004     97.862     93.393     0.1404     0.4945     4.0830     0.5735 4.9747e-01        162     0.1118  0.000e+00
      2.926   71.65350 -161.58678      2.956     1.8228     1.8240     1.8227    27.3186    27.3273  1021.8470    21.8329    344.732    328.989  352.26975     97.860     93.400     0.1392     0.4872     4.0830     0.5735 3.5307e-01        163     0.1125  0.000e+00
      2.987   71.65350 -161.58678      3.018     1.8229     1.8237     1.8228    27.3182    27.3273  1021.8470    21.8326    344.729    329.021  352.26934     97.860     93.409     0.1404     0.4945     4.0830     0.5735 2.9585e-01        164     0.1132  0.000e+00
      2.926   71.65350 -161.58678      2.956     1.8231     1.8238     1.8230    27.3180    27.3275  1021.8465    21.8324    344.802    328.829  352.26846     97.881     93.355     0.1416     0.5018     4.0830     0.5735 2.9121e-01        165     0.1139  0.000e+00
      2.926   71.65350 -161.58678      2.956     1.8233     1.8241     1.8231    27.3173    27.3276  1021.8460    21.8319    344.801    328.823  352.26878     97.880     93.354     0.1404     0.4945     4.0830     0.5735 2.5177e-01        166     0.1146  0.000e+00
      2.926   71.65350 -161.58678      2.956     1.8229     1.8240     1.8228    27.3179    27.3278  1021.8465    21.8324    344.566    328.820  352.27006     97.813     93.353     0.1404     0.4945     4.0830     0.5735 2.2857e-01        167     0.1153  0.000e+00
      2.926   71.65350 -161.58678      2.956     1.8233     1.8240     1.8231    27.3178    27.3277  1021.8464    21.8323    344.758    329.025  352.26737     97.868     93.411     0.1392     0.4872     4.0830     0.5735 2.2566e-01        168     0.1160  0.000e+00
      2.926   71.65350 -161.58678      2.956     1.8234     1.8238     1.8233    27.3173    27.3273  1021.8460    21.8319    344.758    329.045  352.26728     97.868     93.416     0.1404     0.4945     4.0830     0.5735 2.5913e-01        169     0.1167  0.000e+00
      2.926   71.65350 -161.58678      2.956     1.8229     1.8237     1.8228    27.3175    27.3268  1021.8461    21.8320    344.763    329.064  352.27137     97.869     93.421     0.1392     0.4872     4.0830     0.5735 2.8663e-01        170     0.1174  0.000e+00
      2.872   71.65350 -161.58678      2.901     1.8231     1.8234     1.8230    27.3167    27.3273  1021.8453    21.8314    344.761    329.077  352.27182     97.868     93.424     0.1404     0.4945     4.0830     0.5735 2.9121e-01        171     0.1181  0.000e+00
      2.926   71.65350 -161.58678      2.956     1.8228     1.8235     1.8227    27.3168    27.3272  1021.8456    21.8315    344.531    329.090  352.27458     97.802     93.428     0.1416     0.5018     4.0830     0.5735 5.7469e-01        172     0.1187  0.000e+00
      2.926   71.65350 -161.58678      2.956     1.8224     1.8235     1.8223    27.3173    27.3272  1021.8460    21.8319    345.201    329.100  352.27627     97.992     93.431     0.1404     0.4945     4.0830     0.5735 1.1539e+00        173     0.1194  0.000e+00
      2.872   71.65350 -161.58678      2.901     1.8223     1.8240     1.8222    27.3175    27.3270  1021.8459    21.8321    344.806    329.101  352.27709     97.879     93.432     0.1416     0.5018     4.0830     0.5735 1.3459e+00        174     0.1201  0.000e+00
      2.872   71.65350 -161.58678      2.901     1.8224     1.8238     1.8223    27.3172    27.3272  1021.8457    21.8318    344.804    329.107  352.27650     97.879     93.433     0.1392     0.4872     4.0830     0.5735 8.0755e-01        175     0.1208  0.000e+00
      2.926   71.65350 -161.58678      2.956     1.8223     1.8235     1.8222    27.3171    27.3276  1021.8458    21.8317    344.807    329.115  352.27837     97.879     93.435     0.1404     0.4945     4.0952     0.5615 3.4911e-01        176     0.1215  0.000e+00
      2.833   71.65350 -161.58678      2.863     1.8220     1.8234     1.8219    27.3171    27.3283  1021.8454    21.8317    344.804    329.111  352.28078     97.877     93.434     0.1392     0.4872     4.1001     0.5567 2.7209e-01        177     0.1222  0.000e+00
      2.926   71.65350 -161.58678      2.956     1.8220     1.8238     1.8219    27.3172    27.3280  1021.8459    21.8318    344.806    329.110  352.28050     97.878     93.435     0.1404     0.4945     4.1013     0.5556 3.0290e-01        178     0.1229  0.000e+00
      2.872   71.65350 -161.58678      2.901     1.8220     1.8241     1.8219    27.3172    27.3283  1021.8457    21.8319    345.272    329.101  352.28033     98.011     93.433     0.1416     0.5018     4.1013     0.5556 3.6925e-01        179     0.1236  0.000e+00
      2.872   71.65350 -161.58678      2.901     1.8220     1.8245     1.8219    27.3172    27.3281  1021.8457    21.8319    344.875    329.093  352.28033     97.898     93.432     0.1404     0.4945     4.1001     0.5567 3.9170e-01        180     0.1243  0.000e+00
      2.926   71.65350 -161.58678      2.956     1.8220     1.8245     1.8219    27.3172    27.3284  1021.8460    21.8319    344.873    329.087  352.28040     97.897     93.430     0.1404     0.4945     4.1001     0.5567 3.4911e-01        181     0.1250  0.000e+00
