EcoFOCI/data/1_SampleCollection/2023_SikuliaqDBO_CruiseData/CTD_raw_BottleFile_SKQ23-12S/proc/skq202312s_063.ros
* Sea-Bird SBE 9 Data File:
* FileName = D:\CTD\SKQ202312S\SKQ202312S_063.hex
* Software Version Seasave V 7.26.7.121
* Temperature SN = 6177
* Conductivity SN = 0369
* Number of Bytes Per Scan = 41
* Number of Voltage Words = 4
* Number of Scans Averaged by the Deck Unit = 1
* NMEA Latitude = 71 49.84 N
* NMEA Longitude = 165 58.06 W
* NMEA UTC (Time) = Sep 28 2023  06:16:57
* NMEA baud rate = 4800
** Ship: R/V Sikuliaq
** Station Number: 063
** Station Name: IC1
** Bottom Depth: 44
** Operator: SD
# nquan = 22
# nvalues = 833                                   
# units = specified
# name 0 = depSM: Depth [salt water, m]
# name 1 = latitude: Latitude [deg]
# name 2 = longitude: Longitude [deg]
# name 3 = prDM: Pressure, Digiquartz [db]
# name 4 = t090C: Temperature [ITS-90, deg C]
# name 5 = t190C: Temperature, 2 [ITS-90, deg C]
# name 6 = potemp090C: Potential Temperature [ITS-90, deg C]
# name 7 = sal00: Salinity, Practical [PSU]
# name 8 = sal11: Salinity, Practical, 2 [PSU]
# name 9 = density00: Density [density, kg/m^3]
# name 10 = sigma-é00: Density [sigma-theta, kg/m^3]
# name 11 = sbox0Mm/Kg: Oxygen, SBE 43 [umol/kg]
# name 12 = sbox1Mm/Kg: Oxygen, SBE 43, 2 [umol/kg]
# name 13 = oxsolMm/Kg: Oxygen Saturation, Garcia & Gordon [umol/kg]
# name 14 = sbeox0PS: Oxygen, SBE 43 [% saturation]
# name 15 = v0: Voltage 0
# name 16 = flECO-AFL: Fluorescence, WET Labs ECO-AFL/FL [mg/m^3]
# name 17 = CStarAt0: Beam Attenuation, WET Labs C-Star [1/m]
# name 18 = par: PAR/Irradiance, Biospherical/Licor
# name 19 = scan: Scan Count
# name 20 = nbf: Bottles Fired
# name 21 = flag:  0.000e+00
# interval = seconds: 0.0416667
# start_time = Sep 28 2023 06:20:37 [NMEA time, first data scan]
# bad_flag = -9.990e-29
*END*
     38.724   71.83038 -165.96636     39.128    -0.7365    -0.7349    -0.7375    32.4155    32.4267  1026.2381    26.0501    295.117    281.065  361.99809     81.524     0.1477     0.5384     1.4176 1.0000e-12       6207          1  0.000e+00
     38.608   71.83038 -165.96636     39.011    -0.7363    -0.7349    -0.7372    32.4153    32.4267  1026.2374    26.0499    294.862    281.055  361.99640     81.454     0.1477     0.5384     1.4176 1.0000e-12       6208          1  0.000e+00
     38.709   71.83038 -165.96636     39.112    -0.7367    -0.7348    -0.7376    32.4161    32.4266  1026.2385    26.0506    294.827    281.054  361.99798     81.444     0.1477     0.5384     1.4161 1.0000e-12       6209          1  0.000e+00
     38.778   71.83038 -165.96636     39.182    -0.7366    -0.7345    -0.7376    32.4164    32.4262  1026.2391    26.0508    295.293    281.272  361.99664     81.574     0.1465     0.5311     1.4161 8.4714e-06       6210          1  0.000e+00
     38.662   71.83038 -165.96636     39.066    -0.7367    -0.7343    -0.7376    32.4169    32.4262  1026.2389    26.0512    295.094    281.068  361.99585     81.519     0.1477     0.5384     1.4161 1.0000e-12       6211          1  0.000e+00
     38.655   71.83038 -165.96636     39.058    -0.7364    -0.7346    -0.7374    32.4166    32.4260  1026.2386    26.0510    295.104    281.318  361.99434     81.522     0.1465     0.5311     1.4161 1.0000e-12       6212          1  0.000e+00
     38.724   71.83038 -165.96636     39.128    -0.7365    -0.7345    -0.7375    32.4169    32.4256  1026.2392    26.0512    295.371    281.345  361.99423     81.595     0.1477     0.5384     1.4161 1.0000e-12       6213          1  0.000e+00
     38.724   71.83038 -165.96636     39.128    -0.7364    -0.7348    -0.7374    32.4169    32.4264  1026.2392    26.0512    295.431    281.368  361.99362     81.612     0.1465     0.5311     1.4161 1.0000e-12       6214          1  0.000e+00
     38.724   71.83038 -165.96636     39.128    -0.7365    -0.7343    -0.7375    32.4170    32.4259  1026.2392    26.0512    295.491    281.164  361.99399     81.629     0.1477     0.5384     1.4161 1.0000e-12       6215          1  0.000e+00
     38.770   71.83038 -165.96636     39.175    -0.7364    -0.7346    -0.7374    32.4169    32.4261  1026.2394    26.0512    295.302    281.159  361.99370     81.577     0.1490     0.5458     1.4161 1.0000e-12       6216          1  0.000e+00
     38.662   71.83038 -165.96636     39.066    -0.7367    -0.7345    -0.7376    32.4174    32.4265  1026.2393    26.0516    295.314    281.144  361.99441     81.580     0.1477     0.5384     1.4161 1.0000e-12       6217          1  0.000e+00
     38.778   71.83038 -165.96636     39.182    -0.7366    -0.7343    -0.7376    32.4169    32.4265  1026.2394    26.0512    295.337    281.138  361.99531     81.586     0.1477     0.5384     1.4161 1.0000e-12       6218          1  0.000e+00
     38.724   71.83038 -165.96636     39.128    -0.7367    -0.7345    -0.7376    32.4171    32.4269  1026.2394    26.0514    296.107    281.128  361.99523     81.799     0.1477     0.5384     1.4161 1.0000e-12       6219          1  0.000e+00
     38.709   71.83038 -165.96636     39.112    -0.7369    -0.7343    -0.7379    32.4176    32.4263  1026.2397    26.0518    295.510    281.118  361.99598     81.633     0.1477     0.5384     1.4161 1.0000e-12       6220          1  0.000e+00
     38.724   71.83038 -165.96636     39.128    -0.7368    -0.7342    -0.7378    32.4176    32.4264  1026.2398    26.0518    295.528    281.331  361.99539     81.638     0.1477     0.5384     1.4161 1.0000e-12       6221          1  0.000e+00
     38.724   71.83038 -165.96636     39.128    -0.7367    -0.7343    -0.7377    32.4170    32.4268  1026.2393    26.0513    295.547    281.161  361.99597     81.644     0.1477     0.5384     1.4161 1.0000e-12       6222          1  0.000e+00
     38.770   71.83038 -165.96636     39.175    -0.7370    -0.7342    -0.7380    32.4174    32.4266  1026.2398    26.0516    295.572    281.407  361.99767     81.650     0.1465     0.5311     1.4220 1.0000e-12       6223          1  0.000e+00
     38.724   71.83038 -165.96636     39.128    -0.7367    -0.7341    -0.7377    32.4174    32.4263  1026.2396    26.0516    294.789    281.426  361.99488     81.435     0.1477     0.5384     1.4279 1.0000e-12       6224          1  0.000e+00
     38.778   71.83038 -165.96636     39.182    -0.7368    -0.7343    -0.7378    32.4176    32.4269  1026.2400    26.0518    295.386    281.227  361.99548     81.599     0.1490     0.5458     1.4294 1.0000e-12       6225          1  0.000e+00
     38.724   71.83038 -165.96636     39.128    -0.7367    -0.7341    -0.7377    32.4178    32.4266  1026.2399    26.0519    295.363    281.213  361.99392     81.593     0.1477     0.5384     1.4294 1.0000e-12       6226          1  0.000e+00
     38.770   71.83038 -165.96636     39.175    -0.7368    -0.7340    -0.7378    32.4177    32.4263  1026.2401    26.0518    295.395    281.205  361.99523     81.602     0.1490     0.5458     1.4294 1.0000e-12       6227          1  0.000e+00
     38.778   71.83038 -165.96636     39.182    -0.7369    -0.7339    -0.7379    32.4177    32.4262  1026.2401    26.0518    295.176    281.194  361.99585     81.541     0.1477     0.5384     1.4294 1.0000e-12       6228          1  0.000e+00
     38.724   71.83038 -165.96636     39.128    -0.7371    -0.7337    -0.7380    32.4179    32.4261  1026.2400    26.0520    295.414    281.181  361.99688     81.607     0.1477     0.5384     1.4294 1.0000e-12       6229          1  0.000e+00
     38.778   71.83038 -165.96636     39.182    -0.7371    -0.7338    -0.7381    32.4181    32.4256  1026.2405    26.0522    295.405    281.397  361.99675     81.604     0.1477     0.5384     1.4294 1.0000e-12       6230          1  0.000e+00
     38.770   71.83038 -165.96636     39.175    -0.7372    -0.7337    -0.7382    32.4179    32.4262  1026.2402    26.0520    295.694    281.191  361.99856     81.684     0.1490     0.5458     1.4294 1.0000e-12       6231          1  0.000e+00
     38.778   71.83038 -165.96636     39.182    -0.7373    -0.7336    -0.7383    32.4182    32.4263  1026.2405    26.0523    295.729    281.401  361.99811     81.694     0.1477     0.5384     1.4294 1.0000e-12       6232          1  0.000e+00
     38.778   71.83038 -165.96636     39.182    -0.7372    -0.7336    -0.7382    32.4179    32.4264  1026.2402    26.0520    295.560    281.419  361.99858     81.647     0.1490     0.5458     1.4279 1.0000e-12       6233          1  0.000e+00
     38.724   71.83038 -165.96636     39.128    -0.7371    -0.7334    -0.7381    32.4177    32.4264  1026.2398    26.0518    295.797    281.400  361.99798     81.712     0.1502     0.5531     1.4294 1.0000e-12       6234          1  0.000e+00
     38.824   71.83038 -165.96636     39.229    -0.7372    -0.7333    -0.7382    32.4175    32.4263  1026.2402    26.0517    295.584    281.417  361.99962     81.653     0.1490     0.5458     1.4294 1.0000e-12       6235          1  0.000e+00
     38.778   71.83038 -165.96636     39.182    -0.7373    -0.7331    -0.7383    32.4173    32.4261  1026.2398    26.0515    295.821    281.204  362.00076     81.718     0.1490     0.5458     1.4294 1.0000e-12       6236          1  0.000e+00
     38.778   71.83038 -165.96636     39.182    -0.7377    -0.7328    -0.7387    32.4172    32.4258  1026.2397    26.0515    295.856    281.407  362.00482     81.727     0.1490     0.5458     1.4294 1.0000e-12       6237          1  0.000e+00
     38.824   71.83038 -165.96636     39.229    -0.7378    -0.7325    -0.7387    32.4173    32.4259  1026.2401    26.0516    295.636    281.417  362.00503     81.666     0.1490     0.5458     1.4294 1.0000e-12       6238          1  0.000e+00
     38.724   71.83038 -165.96636     39.128    -0.7378    -0.7322    -0.7388    32.4175    32.4259  1026.2397    26.0517    295.614    281.198  362.00499     81.660     0.1490     0.5458     1.4294 1.0000e-12       6239          1  0.000e+00
     38.832   71.83038 -165.96636     39.237    -0.7381    -0.7323    -0.7391    32.4181    32.4259  1026.2408    26.0522    295.602    281.183  362.00596     81.657     0.1490     0.5458     1.4294 1.0000e-12       6240          1  0.000e+00
     38.778   71.83038 -165.96636     39.182    -0.7378    -0.7327    -0.7388    32.4174    32.4264  1026.2399    26.0516    295.833    281.195  362.00533     81.721     0.1490     0.5458     1.4294 1.0000e-12       6241          1  0.000e+00
     38.824   71.83038 -165.96636     39.229    -0.7378    -0.7325    -0.7387    32.4174    32.4259  1026.2401    26.0516    295.862    281.177  362.00491     81.729     0.1490     0.5458     1.4294 1.0000e-12       6242          1  0.000e+00
     38.778   71.83038 -165.96636     39.182    -0.7374    -0.7325    -0.7383    32.4168    32.4258  1026.2394    26.0511    295.931    281.125  362.00270     81.748     0.1502     0.5531     1.4309 1.0000e-12       6243          1  0.000e+00
     38.832   71.83038 -165.96636     39.237    -0.7378    -0.7322    -0.7387    32.4171    32.4255  1026.2399    26.0514    295.759    281.328  362.00565     81.700     0.1490     0.5458     1.4339 1.0000e-12       6244          1  0.000e+00
     38.778   71.83038 -165.96636     39.182    -0.7377    -0.7327    -0.7387    32.4177    32.4262  1026.2401    26.0519    295.736    281.114  362.00337     81.694     0.1502     0.5531     1.4339 1.0000e-12       6245          1  0.000e+00
     38.824   71.83038 -165.96636     39.229    -0.7375    -0.7332    -0.7384    32.4176    32.4263  1026.2403    26.0518    295.765    281.099  362.00136     81.703     0.1490     0.5458     1.4339 1.0000e-12       6246          1  0.000e+00
     38.832   71.83038 -165.96636     39.237    -0.7374    -0.7334    -0.7383    32.4175    32.4266  1026.2402    26.0517    296.046    281.079  362.00062     81.781     0.1490     0.5458     1.4339 1.0000e-12       6247          1  0.000e+00
     38.832   71.83038 -165.96636     39.237    -0.7373    -0.7330    -0.7383    32.4175    32.4266  1026.2402    26.0517    295.873    281.054  362.00025     81.733     0.1490     0.5458     1.4339 1.0000e-12       6248          1  0.000e+00
     38.832   71.83038 -165.96636     39.237    -0.7369    -0.7329    -0.7379    32.4169    32.4266  1026.2397    26.0512    295.855    281.032  361.99800     81.728     0.1490     0.5458     1.4339 1.0000e-12       6249          1  0.000e+00
     38.824   71.83038 -165.96636     39.229    -0.7368    -0.7326    -0.7378    32.4167    32.4262  1026.2395    26.0510    295.839    281.040  361.99797     81.724     0.1477     0.5384     1.4339 1.0000e-12       6250          1  0.000e+00
     38.832   71.83038 -165.96636     39.237    -0.7367    -0.7322    -0.7377    32.4170    32.4255  1026.2398    26.0512    295.822    281.018  361.99615     81.720     0.1490     0.5458     1.4339 1.0000e-12       6251          1  0.000e+00
     38.832   71.83038 -165.96636     39.237    -0.7370    -0.7322    -0.7380    32.4177    32.4257  1026.2403    26.0518    295.710    280.998  361.99693     81.689     0.1490     0.5458     1.4339 1.0000e-12       6252          1  0.000e+00
     38.824   71.83038 -165.96636     39.229    -0.7367    -0.7322    -0.7377    32.4172    32.4254  1026.2399    26.0514    295.689    281.200  361.99554     81.683     0.1490     0.5458     1.4339 1.0000e-12       6253          1  0.000e+00
     38.832   71.83038 -165.96636     39.237    -0.7371    -0.7325    -0.7381    32.4180    32.4260  1026.2406    26.0521    295.672    281.242  361.99708     81.678     0.1490     0.5458     1.4339 1.0000e-12       6254          1  0.000e+00
     38.832   71.83038 -165.96636     39.237    -0.7369    -0.7324    -0.7379    32.4181    32.4264  1026.2407    26.0522    295.399    281.027  361.99450     81.603     0.1502     0.5531     1.4339 1.0000e-12       6255          1  0.000e+00
     38.778   71.83040 -165.96624     39.182    -0.7365    -0.7324    -0.7375    32.4160    32.4244  1026.2387    26.0505    294.899    281.039  361.99674     81.465     0.1563     0.5897     1.4190 1.0000e-12       6771          2  0.000e+00
     38.824   71.83040 -165.96624     39.229    -0.7364    -0.7325    -0.7374    32.4161    32.4248  1026.2390    26.0505    295.170    281.057  361.99584     81.540     0.1575     0.5971     1.4176 8.4714e-06       6772          2  0.000e+00
     38.832   71.83040 -165.96624     39.237    -0.7365    -0.7327    -0.7375    32.4165    32.4260  1026.2394    26.0509    294.937    281.072  361.99526     81.475     0.1563     0.5897     1.4176 1.0000e-12       6773          2  0.000e+00
     38.778   71.83040 -165.96624     39.182    -0.7366    -0.7324    -0.7376    32.4170    32.4262  1026.2395    26.0512    294.654    281.052  361.99507     81.397     0.1563     0.5897     1.4176 1.0000e-12       6774          2  0.000e+00
     38.824   71.83040 -165.96624     39.229    -0.7365    -0.7323    -0.7375    32.4165    32.4260  1026.2393    26.0508    294.833    281.069  361.99537     81.447     0.1563     0.5897     1.4176 1.0000e-12       6775          2  0.000e+00
     38.832   71.83040 -165.96624     39.237    -0.7364    -0.7324    -0.7374    32.4168    32.4262  1026.2396    26.0511    294.805    281.085  361.99404     81.439     0.1563     0.5897     1.4176 1.0000e-12       6776          2  0.000e+00
     38.778   71.83040 -165.96624     39.182    -0.7367    -0.7323    -0.7376    32.4171    32.4260  1026.2396    26.0514    294.777    281.098  361.99520     81.431     0.1563     0.5897     1.4176 1.0000e-12       6777          2  0.000e+00
     38.778   71.83040 -165.96624     39.182    -0.7364    -0.7324    -0.7374    32.4171    32.4260  1026.2396    26.0513    294.797    281.082  361.99311     81.437     0.1563     0.5897     1.4176 1.0000e-12       6778          2  0.000e+00
     38.824   71.83040 -165.96624     39.229    -0.7363    -0.7325    -0.7373    32.4172    32.4261  1026.2399    26.0514    295.071    281.067  361.99122     81.513     0.1575     0.5971     1.4176 1.0000e-12       6779          2  0.000e+00
     38.778   71.83040 -165.96624     39.182    -0.7359    -0.7324    -0.7369    32.4173    32.4262  1026.2398    26.0515    294.885    281.045  361.98758     81.463     0.1563     0.5897     1.4176 1.0000e-12       6780          2  0.000e+00
     38.778   71.83040 -165.96624     39.182    -0.7358    -0.7325    -0.7368    32.4173    32.4260  1026.2398    26.0515    295.160    281.026  361.98635     81.539     0.1575     0.5971     1.4176 1.0000e-12       6781          2  0.000e+00
     38.832   71.83040 -165.96624     39.237    -0.7358    -0.7327    -0.7367    32.4170    32.4263  1026.2398    26.0513    295.234    281.231  361.98667     81.559     0.1563     0.5897     1.4176 1.0000e-12       6782          2  0.000e+00
     38.770   71.83040 -165.96624     39.175    -0.7355    -0.7325    -0.7365    32.4164    32.4261  1026.2390    26.0507    295.052    281.011  361.98628     81.509     0.1563     0.5897     1.4176 1.0000e-12       6783          2  0.000e+00
     38.832   71.83040 -165.96624     39.237    -0.7353    -0.7325    -0.7363    32.4161    32.4266  1026.2390    26.0505    295.283    281.018  361.98489     81.573     0.1563     0.5897     1.4176 1.0000e-12       6784          2  0.000e+00
     38.778   71.83040 -165.96624     39.182    -0.7351    -0.7326    -0.7361    32.4157    32.4263  1026.2385    26.0502    295.351    280.992  361.98378     81.592     0.1575     0.5971     1.4176 1.0000e-12       6785          2  0.000e+00
     38.778   71.83040 -165.96624     39.182    -0.7350    -0.7325    -0.7359    32.4160    32.4266  1026.2387    26.0504    295.122    280.965  361.98195     81.529     0.1563     0.5897     1.4176 1.0000e-12       6786          2  0.000e+00
