EcoFOCI/data/1_SampleCollection/2023_SikuliaqDBO_CruiseData/CTD_raw_BottleFile_SKQ23-12S/proc/skq202312s_039.cnv
* Sea-Bird SBE 9 Data File:
* FileName = D:\CTD\SKQ202312S\SKQ202312S_039.hex
* Software Version Seasave V 7.26.7.121
* Temperature SN = 6177
* Conductivity SN = 0369
* Number of Bytes Per Scan = 41
* Number of Voltage Words = 4
* Number of Scans Averaged by the Deck Unit = 1
* NMEA Latitude = 71 19.31 N
* NMEA Longitude = 160 39.09 W
* NMEA UTC (Time) = Sep 23 2023  11:49:51
* NMEA baud rate = 4800
** Ship: R/V Sikuliaq
** Station Number: 039
** Station Name: DBO4.2n
** Bottom Depth: 48
** Operator: SD
# nquan = 24
# nvalues = 5872                                  
# units = specified
# name 0 = depSM: Depth [salt water, m]
# name 1 = latitude: Latitude [deg]
# name 2 = longitude: Longitude [deg]
# name 3 = prDM: Pressure, Digiquartz [db]
# name 4 = t090C: Temperature [ITS-90, deg C]
# name 5 = t190C: Temperature, 2 [ITS-90, deg C]
# name 6 = potemp090C: Potential Temperature [ITS-90, deg C]
# name 7 = sal00: Salinity, Practical [PSU]
# name 8 = sal11: Salinity, Practical, 2 [PSU]
# name 9 = density00: Density [density, kg/m^3]
# name 10 = sigma-é00: Density [sigma-theta, kg/m^3]
# name 11 = sbox0Mm/Kg: Oxygen, SBE 43 [umol/kg]
# name 12 = sbox1Mm/Kg: Oxygen, SBE 43, 2 [umol/kg]
# name 13 = oxsolMm/Kg: Oxygen Saturation, Garcia & Gordon [umol/kg]
# name 14 = sbeox0PS: Oxygen, SBE 43 [% saturation]
# name 15 = sbeox1PS: Oxygen, SBE 43, 2 [% saturation]
# name 16 = v0: Voltage 0
# name 17 = flECO-AFL: Fluorescence, WET Labs ECO-AFL/FL [mg/m^3]
# name 18 = v1: Voltage 1
# name 19 = CStarAt0: Beam Attenuation, WET Labs C-Star [1/m]
# name 20 = par: PAR/Irradiance, Biospherical/Licor
# name 21 = scan: Scan Count
# name 22 = timeM: Time, Elapsed [minutes]
# name 23 = flag:  0.000e+00
# span 0 =      2.663,     43.060                 
# span 1 =   71.32186,   71.32190                 
# span 2 = -160.65154, -160.65148                 
# span 3 =      2.691,     43.509                 
# span 4 =    -1.6695,     2.5696                 
# span 5 =    -1.6682,     2.5769                 
# span 6 =    -1.6702,     2.5692                 
# span 7 =    27.5123,    32.6614                 
# span 8 =    27.5271,    32.6724                 
# span 9 =  1021.9683,  1026.4864                 
# span 10 =    21.9438,    26.2767                
# span 11 =    249.625,    474.033                
# span 12 =    236.638,    448.684                
# span 13 =  345.01977,  370.72887                
# span 14 =     67.387,    129.538                
# span 15 =     63.890,    122.611                
# span 16 =     0.0635,     0.3492                
# span 17 =     0.0330,     1.7472                
# span 18 =     2.7473,     4.1770                
# span 19 =     0.4824,     2.1590                
# span 20 = 1.0000e-12, 7.7682e-01                
# span 21 =          1,       5872                
# span 22 =     0.0000,     4.0771                
# span 23 = 0.0000e+00, 0.0000e+00                
# interval = seconds: 0.0416667
# start_time = Sep 23 2023 11:54:34 [NMEA time, first data scan]
# bad_flag = -9.990e-29
*END*
[from data line 4951]
     41.922   71.32188 -160.65152     42.359    -1.6685    -1.6673    -1.6693    32.6609    32.6721  1026.4809    26.2762    250.659    237.496  370.43848     67.666     64.120     0.0916     0.2015     2.7924     2.0937 1.0000e-12       4952     3.4382  0.000e+00
     41.922   71.32188 -160.65152     42.359    -1.6685    -1.6673    -1.6693    32.6610    32.6723  1026.4810    26.2763    250.934    237.505  370.43823     67.740     64.122     0.0904     0.1941     2.7924     2.0937 1.0000e-12       4953     3.4389  0.000e+00
     41.976   71.32188 -160.65152     42.413    -1.6685    -1.6673    -1.6693    32.6609    32.6722  1026.4812    26.2762    250.953    237.519  370.43845     67.745     64.126     0.0904     0.1941     2.7924     2.0937 8.4714e-06       4954     3.4396  0.000e+00
     41.968   71.32188 -160.65152     42.405    -1.6684    -1.6673    -1.6691    32.6602    32.6717  1026.4806    26.2757    250.971    237.535  370.43866     67.750     64.130     0.0904     0.1941     2.7924     2.0937 1.0000e-12       4955     3.4403  0.000e+00
     41.976   71.32188 -160.65152     42.413    -1.6685    -1.6671    -1.6693    32.6604    32.6715  1026.4808    26.2759    250.785    237.517  370.43985     67.699     64.126     0.0904     0.1941     2.7924     2.0937 8.4714e-06       4956     3.4410  0.000e+00
     41.976   71.32188 -160.65152     42.413    -1.6685    -1.6672    -1.6693    32.6608    32.6717  1026.4811    26.2761    250.762    237.537  370.43883     67.693     64.131     0.0891     0.1868     2.7924     2.0937 1.0000e-12       4957     3.4417  0.000e+00
     41.976   71.32188 -160.65152     42.413    -1.6685    -1.6671    -1.6693    32.6606    32.6716  1026.4810    26.2760    250.743    237.558  370.43921     67.688     64.137     0.0891     0.1868     2.7924     2.0937 1.0000e-12       4958     3.4424  0.000e+00
     42.030   71.32188 -160.65152     42.468    -1.6688    -1.6671    -1.6695    32.6606    32.6721  1026.4812    26.2760    250.732    237.583  370.44216     67.685     64.144     0.0904     0.1941     2.7924     2.0937 1.0000e-12       4959     3.4431  0.000e+00
     42.038   71.32188 -160.65152     42.475    -1.6687    -1.6673    -1.6694    32.6605    32.6719  1026.4811    26.2759    250.982    237.612  370.44151     67.752     64.151     0.0891     0.1868     2.7924     2.0937 8.4714e-06       4960     3.4438  0.000e+00
     42.092   71.32188 -160.65152     42.530    -1.6689    -1.6672    -1.6696    32.6605    32.6716  1026.4814    26.2759    250.819    237.643  370.44304     67.708     64.160     0.0904     0.1941     2.7924     2.0937 8.4714e-06       4961     3.4444  0.000e+00
     42.038   71.32188 -160.65152     42.475    -1.6690    -1.6670    -1.6697    32.6603    32.6715  1026.4810    26.2758    250.816    237.673  370.44487     67.707     64.168     0.0891     0.1868     2.7924     2.0937 8.4714e-06       4962     3.4451  0.000e+00
     42.084   71.32188 -160.65152     42.522    -1.6688    -1.6673    -1.6696    32.6602    32.6722  1026.4811    26.2756    250.871    237.676  370.44352     67.722     64.169     0.0891     0.1868     2.7924     2.0937 1.0000e-12       4963     3.4458  0.000e+00
     42.092   71.32188 -160.65152     42.530    -1.6692    -1.6674    -1.6699    32.6608    32.6715  1026.4817    26.2762    250.881    237.682  370.44500     67.724     64.170     0.0891     0.1868     2.7924     2.0937 1.0000e-12       4964     3.4465  0.000e+00
     42.092   71.32188 -160.65152     42.530    -1.6692    -1.6676    -1.6699    32.6609    32.6722  1026.4818    26.2763    251.154    237.686  370.44475     67.798     64.171     0.0891     0.1868     2.7937     2.0920 8.4714e-06       4965     3.4472  0.000e+00
     42.092   71.32188 -160.65152     42.530    -1.6688    -1.6676    -1.6696    32.6607    32.6714  1026.4816    26.2761    250.956    237.693  370.44202     67.745     64.172     0.0904     0.1941     2.7973     2.0867 8.4714e-06       4966     3.4479  0.000e+00
     42.153   71.32188 -160.65152     42.592    -1.6690    -1.6677    -1.6697    32.6605    32.6719  1026.4818    26.2759    250.978    237.702  370.44419     67.751     64.175     0.0891     0.1868     2.7998     2.0832 1.0000e-12       4967     3.4486  0.000e+00
     42.200   71.32188 -160.65152     42.639    -1.6690    -1.6677    -1.6697    32.6604    32.6719  1026.4818    26.2758    251.003    237.711  370.44466     67.757     64.177     0.0891     0.1868     2.7998     2.0832 8.4714e-06       4968     3.4493  0.000e+00
     42.153   71.32188 -160.65152     42.592    -1.6692    -1.6676    -1.6699    32.6606    32.6718  1026.4818    26.2760    251.030    237.719  370.44575     67.764     64.179     0.0891     0.1868     2.7998     2.0832 8.4714e-06       4969     3.4500  0.000e+00
     42.207   71.32188 -160.65152     42.647    -1.6690    -1.6677    -1.6697    32.6607    32.6719  1026.4822    26.2761    251.269    237.732  370.44353     67.829     64.183     0.0891     0.1868     2.7998     2.0832 8.4714e-06       4970     3.4507  0.000e+00
     42.207   71.32188 -160.65152     42.647    -1.6693    -1.6677    -1.6700    32.6608    32.6719  1026.4823    26.2762    251.040    237.513  370.44625     67.767     64.124     0.0879     0.1795     2.7985     2.0850 1.0000e-12       4971     3.4514  0.000e+00
     42.261   71.32188 -160.65152     42.701    -1.6692    -1.6677    -1.6699    32.6603    32.6715  1026.4821    26.2758    251.076    237.762  370.44658     67.777     64.191     0.0891     0.1868     2.7998     2.0832 1.0000e-12       4972     3.4521  0.000e+00
     42.207   71.32188 -160.65152     42.647    -1.6692    -1.6677    -1.6699    32.6607    32.6719  1026.4821    26.2761    251.111    237.778  370.44547     67.786     64.195     0.0904     0.1941     2.7998     2.0832 1.0000e-12       4973     3.4528  0.000e+00
     42.323   71.32188 -160.65152     42.764    -1.6695    -1.6678    -1.6702    32.6608    32.6716  1026.4828    26.2762    251.158    237.571  370.44789     67.799     64.139     0.0891     0.1868     2.7985     2.0850 8.4714e-06       4974     3.4535  0.000e+00
     42.269   71.32188 -160.65152     42.709    -1.6692    -1.6676    -1.6699    32.6604    32.6715  1026.4822    26.2759    251.149    237.557  370.44621     67.796     64.136     0.0891     0.1868     2.7998     2.0832 8.4714e-06       4975     3.4542  0.000e+00
     42.261   71.32188 -160.65152     42.701    -1.6692    -1.6679    -1.6699    32.6605    32.6717  1026.4822    26.2759    251.144    237.551  370.44607     67.795     64.133     0.0879     0.1795     2.7998     2.0832 8.4714e-06       4976     3.4549  0.000e+00
     42.323   71.32188 -160.65152     42.764    -1.6692    -1.6677    -1.6699    32.6607    32.6712  1026.4827    26.2761    251.144    237.547  370.44542     67.795     64.132     0.0891     0.1868     2.7998     2.0832 1.0000e-12       4977     3.4556  0.000e+00
     42.323   71.32188 -160.65152     42.764    -1.6692    -1.6678    -1.6699    32.6610    32.6719  1026.4830    26.2763    251.143    237.740  370.44454     67.795     64.185     0.0891     0.1868     2.7998     2.0832 1.0000e-12       4978     3.4562  0.000e+00
     42.323   71.32188 -160.65152     42.764    -1.6693    -1.6677    -1.6700    32.6610    32.6716  1026.4829    26.2763    251.146    237.539  370.44583     67.796     64.131     0.0891     0.1868     2.7998     2.0832 8.4714e-06       4979     3.4569  0.000e+00
     42.369   71.32188 -160.65152     42.810    -1.6693    -1.6676    -1.6700    32.6608    32.6714  1026.4830    26.2762    251.153    237.540  370.44629     67.797     64.131     0.0904     0.1941     2.7985     2.0850 1.0000e-12       4980     3.4576  0.000e+00
     42.377   71.32188 -160.65152     42.818    -1.6693    -1.6679    -1.6700    32.6608    32.6716  1026.4831    26.2762    251.159    237.775  370.44618     67.799     64.194     0.0879     0.1795     2.7998     2.0832 1.0000e-12       4981     3.4583  0.000e+00
     42.377   71.32188 -160.65152     42.818    -1.6693    -1.6678    -1.6700    32.6606    32.6717  1026.4829    26.2760    251.168    237.777  370.44681     67.801     64.195     0.0867     0.1721     2.7985     2.0850 1.0000e-12       4982     3.4590  0.000e+00
     42.439   71.32188 -160.65152     42.881    -1.6690    -1.6679    -1.6697    32.6604    32.6721  1026.4831    26.2759    251.126    237.816  370.44446     67.790     64.205     0.0842     0.1575     2.7998     2.0832 1.0000e-12       4983     3.4597  0.000e+00
     42.439   71.32188 -160.65152     42.881    -1.6693    -1.6679    -1.6700    32.6606    32.6720  1026.4832    26.2760    251.139    237.623  370.44693     67.793     64.153     0.0842     0.1575     2.7985     2.0850 1.0000e-12       4984     3.4604  0.000e+00
     42.431   71.32188 -160.65152     42.873    -1.6692    -1.6677    -1.6699    32.6608    32.6720  1026.4833    26.2762    251.149    237.630  370.44511     67.797     64.155     0.0842     0.1575     2.7985     2.0850 8.4714e-06       4985     3.4611  0.000e+00
     42.439   71.32188 -160.65152     42.881    -1.6693    -1.6680    -1.6700    32.6609    32.6720  1026.4834    26.2762    250.905    237.839  370.44604     67.730     64.211     0.0842     0.1575     2.7766     2.1165 1.0000e-12       4986     3.4618  0.000e+00
     42.493   71.32188 -160.65152     42.935    -1.6692    -1.6679    -1.6699    32.6609    32.6716  1026.4837    26.2762    250.874    237.620  370.44484     67.722     64.152     0.0855     0.1648     2.7643     2.1342 1.0000e-12       4987     3.4625  0.000e+00
     42.493   71.32188 -160.65152     42.935    -1.6692    -1.6679    -1.6699    32.6610    32.6717  1026.4838    26.2763    251.107    237.632  370.44459     67.785     64.156     0.0842     0.1575     2.7643     2.1342 8.4714e-06       4988     3.4632  0.000e+00
     42.485   71.32188 -160.65152     42.927    -1.6692    -1.6677    -1.6699    32.6609    32.6717  1026.4837    26.2762    251.132    237.612  370.44483     67.792     64.150     0.0842     0.1575     2.7643     2.1342 1.0000e-12       4989     3.4639  0.000e+00
     42.554   71.32188 -160.65152     42.997    -1.6690    -1.6680    -1.6697    32.6607    32.6719  1026.4839    26.2761    250.900    237.598  370.44365     67.730     64.146     0.0842     0.1575     2.7656     2.1324 8.4714e-06       4990     3.4646  0.000e+00
     42.493   71.32188 -160.65152     42.935    -1.6693    -1.6679    -1.6700    32.6605    32.6721  1026.4834    26.2759    251.143    237.809  370.44728     67.794     64.203     0.0842     0.1575     2.7656     2.1324 1.0000e-12       4991     3.4653  0.000e+00
     42.554   71.32188 -160.65152     42.997    -1.6692    -1.6679    -1.6699    32.6603    32.6719  1026.4835    26.2757    250.917    237.862  370.44673     67.734     64.218     0.0830     0.1502     2.7656     2.1324 1.0000e-12       4992     3.4660  0.000e+00
     42.601   71.32188 -160.65152     43.044    -1.6690    -1.6677    -1.6697    32.6601    32.6716  1026.4836    26.2756    250.905    237.880  370.44538     67.731     64.223     0.0842     0.1575     2.7643     2.1342 8.4714e-06       4993     3.4667  0.000e+00
     42.608   71.32188 -160.65152     43.052    -1.6693    -1.6678    -1.6700    32.6608    32.6717  1026.4842    26.2762    250.638    237.701  370.44622     67.658     64.174     0.0855     0.1648     2.7656     2.1324 1.0000e-12       4994     3.4674  0.000e+00
     42.608   71.32188 -160.65152     43.052    -1.6693    -1.6676    -1.6700    32.6610    32.6714  1026.4844    26.2763    250.741    237.722  370.44571     67.686     64.180     0.0842     0.1575     2.7656     2.1324 1.0000e-12       4995     3.4681  0.000e+00
     42.608   71.32188 -160.65152     43.052    -1.6692    -1.6677    -1.6699    32.6606    32.6713  1026.4841    26.2760    250.739    237.680  370.44556     67.686     64.169     0.0842     0.1575     2.7656     2.1324 8.4714e-06       4996     3.4688  0.000e+00
     42.608   71.32188 -160.65152     43.052    -1.6693    -1.6680    -1.6701    32.6608    32.6718  1026.4842    26.2762    251.002    237.672  370.44686     67.757     64.166     0.0830     0.1502     2.7656     2.1324 8.4714e-06       4997     3.4694  0.000e+00
     42.662   71.32188 -160.65152     43.106    -1.6693    -1.6680    -1.6700    32.6604    32.6721  1026.4842    26.2759    250.798    237.665  370.44733     67.701     64.164     0.0842     0.1575     2.7643     2.1342 8.4714e-06       4998     3.4701  0.000e+00
     42.670   71.32188 -160.65152     43.114    -1.6692    -1.6679    -1.6699    32.6607    32.6718  1026.4844    26.2761    251.066    237.658  370.44555     67.774     64.163     0.0830     0.1502     2.7656     2.1324 8.4714e-06       4999     3.4708  0.000e+00
     42.670   71.32188 -160.65152     43.114    -1.6692    -1.6679    -1.6699    32.6608    32.6718  1026.4845    26.2762    250.814    237.619  370.44504     67.706     64.152     0.0842     0.1575     2.7656     2.1324 1.0000e-12       5000     3.4715  0.000e+00
     42.724   71.32188 -160.65152     43.169    -1.6692    -1.6677    -1.6699    32.6606    32.6718  1026.4846    26.2760    250.776    237.614  370.44577     67.696     64.151     0.0855     0.1648     2.7656     2.1324 1.0000e-12       5001     3.4722  0.000e+00
     42.716   71.32188 -160.65152     43.161    -1.6693    -1.6679    -1.6700    32.6609    32.6720  1026.4848    26.2762    250.791    237.610  370.44603     67.700     64.150     0.0842     0.1575     2.7656     2.1324 8.4714e-06       5002     3.4729  0.000e+00
     42.670   71.32188 -160.65152     43.114    -1.6693    -1.6678    -1.6700    32.6609    32.6717  1026.4846    26.2763    251.068    237.606  370.44595     67.775     64.149     0.0842     0.1575     2.7656     2.1324 8.4714e-06       5003     3.4736  0.000e+00
     42.724   71.32188 -160.65152     43.169    -1.6693    -1.6679    -1.6701    32.6610    32.6717  1026.4849    26.2763    250.881    237.607  370.44631     67.724     64.149     0.0830     0.1502     2.7643     2.1342 8.4714e-06       5004     3.4743  0.000e+00
     42.778   71.32188 -160.65152     43.223    -1.6692    -1.6679    -1.6699    32.6605    32.6717  1026.4848    26.2760    250.855    237.609  370.44587     67.717     64.149     0.0842     0.1575     2.7643     2.1342 1.0000e-12       5005     3.4750  0.000e+00
     42.770   71.32188 -160.65152     43.216    -1.6692    -1.6680    -1.6699    32.6605    32.6721  1026.4848    26.2759    250.830    237.610  370.44598     67.710     64.150     0.0830     0.1502     2.7631     2.1359 1.0000e-12       5006     3.4757  0.000e+00
     42.778   71.32188 -160.65152     43.223    -1.6695    -1.6676    -1.6702    32.6608    32.6717  1026.4851    26.2762    250.809    237.611  370.44796     67.704     64.150     0.0842     0.1575     2.7607     2.1395 8.4714e-06       5007     3.4764  0.000e+00
     42.724   71.32188 -160.65152     43.169    -1.6693    -1.6680    -1.6700    32.6612    32.6722  1026.4851    26.2765    250.784    237.615  370.44503     67.698     64.151     0.0842     0.1575     2.7607     2.1395 8.4714e-06       5008     3.4771  0.000e+00
     42.840   71.32188 -160.65152     43.286    -1.6690    -1.6677    -1.6697    32.6600    32.6718  1026.4847    26.2755    250.822    237.623  370.44569     67.708     64.153     0.0830     0.1502     2.7607     2.1395 8.4714e-06       5009     3.4778  0.000e+00
     42.778   71.32188 -160.65152     43.223    -1.6692    -1.6679    -1.6699    32.6606    32.6718  1026.4849    26.2760    250.805    237.399  370.44574     67.704     64.092     0.0830     0.1502     2.7607     2.1395 8.4714e-06       5010     3.4785  0.000e+00
     42.832   71.32188 -160.65152     43.278    -1.6693    -1.6678    -1.6701    32.6610    32.6715  1026.4854    26.2763    250.795    237.377  370.44638     67.701     64.087     0.0818     0.1428     2.7607     2.1395 8.4714e-06       5011     3.4792  0.000e+00
