EcoFOCI/data/1_SampleCollection/2023_SikuliaqDBO_CruiseData/CTD_raw_BottleFile_SKQ23-12S/proc/skq202312s_021.ros
* Sea-Bird SBE 9 Data File:
* FileName = D:\CTD\SKQ202312S\SKQ202312S_021.hex
* Software Version Seasave V 7.26.7.121
* Temperature SN = 6177
* Conductivity SN = 0369
* Number of Bytes Per Scan = 41
* Number of Voltage Words = 4
* Number of Scans Averaged by the Deck Unit = 1
* NMEA Latitude = 64 59.46 N
* NMEA Longitude = 169 08.29 W
* NMEA UTC (Time) = Sep 18 2023  02:53:31
* NMEA baud rate = 4800
** Ship: R/V Sikuliaq
** Station Number: 021
** Station Name: DBO2.5
** Bottom Depth: 48
** Operator: SS
# nquan = 22
# nvalues = 1127                                  
# units = specified
# name 0 = depSM: Depth [salt water, m]
# name 1 = latitude: Latitude [deg]
# name 2 = longitude: Longitude [deg]
# name 3 = prDM: Pressure, Digiquartz [db]
# name 4 = t090C: Temperature [ITS-90, deg C]
# name 5 = t190C: Temperature, 2 [ITS-90, deg C]
# name 6 = potemp090C: Potential Temperature [ITS-90, deg C]
# name 7 = sal00: Salinity, Practical [PSU]
# name 8 = sal11: Salinity, Practical, 2 [PSU]
# name 9 = density00: Density [density, kg/m^3]
# name 10 = sigma-é00: Density [sigma-theta, kg/m^3]
# name 11 = sbox0Mm/Kg: Oxygen, SBE 43 [umol/kg]
# name 12 = sbox1Mm/Kg: Oxygen, SBE 43, 2 [umol/kg]
# name 13 = oxsolMm/Kg: Oxygen Saturation, Garcia & Gordon [umol/kg]
# name 14 = sbeox0PS: Oxygen, SBE 43 [% saturation]
# name 15 = v0: Voltage 0
# name 16 = flECO-AFL: Fluorescence, WET Labs ECO-AFL/FL [mg/m^3]
# name 17 = CStarAt0: Beam Attenuation, WET Labs C-Star [1/m]
# name 18 = par: PAR/Irradiance, Biospherical/Licor
# name 19 = scan: Scan Count
# name 20 = nbf: Bottles Fired
# name 21 = flag:  0.000e+00
# interval = seconds: 0.0416667
# start_time = Sep 18 2023 02:57:41 [NMEA time, first data scan]
# bad_flag = -9.990e-29
*END*
[from data line 988]
      2.085   64.99218 -169.13888      2.105     2.4846     2.4169     2.4845    32.3600    32.3507  1025.8303    25.8203    300.288    292.955  333.32064     90.090     0.2515     1.1612     0.7036 1.1044e+02      21185         21  0.000e+00
      1.969   64.99218 -169.13888      1.989     2.4792     2.4143     2.4791    32.3609    32.3497  1025.8308    25.8215    300.189    292.950  333.36379     90.048     0.2527     1.1685     0.7048 1.1013e+02      21186         21  0.000e+00
      2.085   64.99218 -169.13888      2.106     2.4749     2.4099     2.4748    32.3605    32.3472  1025.8314    25.8215    299.650    292.969  333.40015     89.877     0.2515     1.1612     0.7036 1.0829e+02      21187         21  0.000e+00
      2.031   64.99218 -169.13888      2.051     2.4707     2.3978     2.4706    32.3603    32.3433  1025.8313    25.8216    299.700    293.068  333.43587     89.882     0.2589     1.2051     0.7048 1.0768e+02      21188         21  0.000e+00
      2.031   64.99218 -169.13888      2.051     2.4674     2.3829     2.4673    32.3579    32.3384  1025.8297    25.8201    299.604    293.190  333.46917     89.844     0.2686     1.2637     0.7048 1.0768e+02      21189         21  0.000e+00
      2.031   64.99218 -169.13888      2.051     2.4657     2.3741     2.4656    32.3544    32.3341  1025.8270    25.8173    299.280    293.256  333.49266     89.741     0.2711     1.2784     0.7048 1.0618e+02      21190         21  0.000e+00
      2.031   64.99218 -169.13888      2.051     2.4639     2.3685     2.4638    32.3499    32.3328  1025.8236    25.8139    299.371    293.111  333.51841     89.762     0.2711     1.2784     0.7098 1.0528e+02      21191         21  0.000e+00
      1.969   64.99218 -169.13888      1.989     2.4586     2.3673     2.4585    32.3478    32.3326  1025.8220    25.8126    299.121    293.074  333.56786     89.673     0.2711     1.2784     0.7160 1.0528e+02      21192         21  0.000e+00
      2.031   64.99218 -169.13888      2.051     2.4546     2.3681     2.4545    32.3477    32.3331  1025.8225    25.8128    299.015    292.845  333.60192     89.632     0.2698     1.2710     0.7172 1.0410e+02      21193         21  0.000e+00
      2.031   64.99218 -169.13888      2.051     2.4516     2.3711     2.4515    32.3513    32.3330  1025.8256    25.8159    298.895    292.771  333.61756     89.592     0.2711     1.2784     0.7172 1.0352e+02      21194         21  0.000e+00
      2.031   64.99218 -169.13888      2.051     2.4503     2.3728     2.4502    32.3549    32.3319  1025.8286    25.8190    298.545    292.709  333.61905     89.487     0.2698     1.2710     0.7160 1.0323e+02      21195         21  0.000e+00
      1.969   64.99218 -169.13888      1.989     2.4510     2.3709     2.4509    32.3569    32.3275  1025.8299    25.8205    298.411    292.681  333.60866     89.449     0.2711     1.2784     0.7160 1.0265e+02      21196         21  0.000e+00
      2.031   64.99218 -169.13888      2.051     2.4557     2.3665     2.4556    32.3564    32.3186  1025.8294    25.8197    298.224    292.688  333.57083     89.404     0.2698     1.2710     0.7160 1.0236e+02      21197         21  0.000e+00
      1.969   64.99218 -169.13888      1.989     2.4660     2.3460     2.4659    32.3505    32.3188  1025.8236    25.8142    298.043    292.604  333.49975     89.368     0.2711     1.2784     0.7160 1.0207e+02      21198         21  0.000e+00
      2.031   64.99218 -169.13888      2.051     2.4721     2.3192     2.4720    32.3502    32.3291  1025.8231    25.8135    297.677    292.928  333.44989     89.272     0.2686     1.2637     0.7160 1.0207e+02      21199         21  0.000e+00
      1.969   64.99218 -169.13888      1.989     2.4747     2.3026     2.4746    32.3542    32.3419  1025.8259    25.8165    297.522    292.782  333.41756     89.234     0.2711     1.2784     0.7160 1.0236e+02      21200         21  0.000e+00
      2.031   64.99218 -169.13888      2.051     2.4802     2.3004     2.4801    32.3557    32.3443  1025.8269    25.8173    297.364    292.520  333.36836     89.200     0.2711     1.2784     0.7160 1.0236e+02      21201         21  0.000e+00
      1.969   64.99218 -169.13888      1.989     2.4843     2.3046     2.4842    32.3561    32.3436  1025.8267    25.8173    297.225    292.409  333.33312     89.168     0.2698     1.2710     0.7160 1.0294e+02      21202         21  0.000e+00
      2.031   64.99218 -169.13888      2.051     2.4837     2.3098     2.4836    32.3574    32.3439  1025.8280    25.8183    296.919    292.095  333.33486     89.075     0.2711     1.2784     0.7160 1.0381e+02      21203         21  0.000e+00
      1.970   64.99218 -169.13888      1.989     2.4806     2.3250     2.4805    32.3620    32.3354  1025.8316    25.8223    296.818    291.891  333.34916     89.041     0.2698     1.2710     0.7160 1.0410e+02      21204         21  0.000e+00
      2.031   64.99218 -169.13888      2.051     2.4790     2.3402     2.4789    32.3681    32.3304  1025.8370    25.8273    296.755    291.687  333.34663     89.023     0.2711     1.2784     0.7160 1.0469e+02      21205         21  0.000e+00
      1.970   64.99218 -169.13888      1.989     2.4826     2.3423     2.4825    32.3726    32.3332  1025.8399    25.8305    296.624    291.374  333.30577     88.995     0.2698     1.2710     0.7160 1.0708e+02      21206         21  0.000e+00
      1.993   64.99218 -169.13888      2.012     2.4879     2.3414     2.4878    32.3764    32.3298  1025.8427    25.8332    296.274    291.083  333.25152     88.904     0.2711     1.2784     0.7160 1.0768e+02      21207         21  0.000e+00
      2.031   64.99218 -169.13888      2.051     2.4975     2.3515     2.4973    32.3765    32.3172  1025.8422    25.8325    296.097    290.902  333.17194     88.872     0.2698     1.2710     0.7160 1.0829e+02      21208         21  0.000e+00
      1.970   64.99218 -169.13888      1.989     2.5068     2.3606     2.5067    32.3755    32.3154  1025.8404    25.8310    295.933    290.707  333.09626     88.843     0.2711     1.2784     0.7160 1.1044e+02      21209         21  0.000e+00
      2.031   64.99218 -169.13888      2.051     2.5098     2.3433     2.5097    32.3779    32.3470  1025.8423    25.8327    295.613    290.689  333.06549     88.755     0.2698     1.2710     0.7160 1.1138e+02      21210         21  0.000e+00
      1.970   64.99218 -169.13888      1.989     2.5122     2.3414     2.5121    32.3812    32.3642  1025.8445    25.8351    295.528    290.354  333.03754     88.737     0.2698     1.2710     0.7197 1.1169e+02      21211         21  0.000e+00
      1.970   64.99218 -169.13888      1.989     2.5134     2.3538     2.5133    32.3883    32.3661  1025.8501    25.8407    295.647    289.921  333.00952     88.780     0.2698     1.2710     0.7247 1.1360e+02      21212         21  0.000e+00
      2.031   64.99218 -169.13888      2.052     2.5136     2.3726     2.5135    32.3966    32.3605  1025.8570    25.8473    295.601    289.637  332.98663     88.773     0.2698     1.2710     0.7259 1.1456e+02      21213         21  0.000e+00
      1.970   64.99218 -169.13888      1.989     2.5134     2.3913     2.5133    32.4010    32.3567  1025.8602    25.8508    295.136    289.155  332.97691     88.636     0.2613     1.2198     0.7259 1.1488e+02      21214         21  0.000e+00
      1.970   64.99218 -169.13888      1.989     2.5170     2.4030     2.5169    32.4043    32.3580  1025.8625    25.8532    295.067    288.705  332.93857     88.625     0.2576     1.1978     0.7259 1.1684e+02      21215         21  0.000e+00
      2.031   64.99218 -169.13888      2.052     2.5253     2.4106     2.5252    32.4088    32.3597  1025.8658    25.8561    294.940    288.473  332.85808     88.608     0.2589     1.2051     0.7259 1.1816e+02      21216         21  0.000e+00
      1.970   64.99218 -169.13888      1.989     2.5360     2.4181     2.5359    32.4070    32.3613  1025.8632    25.8539    294.820    288.050  332.77433     88.594     0.2589     1.2051     0.7259 1.1816e+02      21217         21  0.000e+00
      2.031   64.99218 -169.13888      2.052     2.5438     2.4237     2.5437    32.4087    32.3622  1025.8642    25.8545    294.736    287.832  332.70489     88.588     0.2589     1.2051     0.7259 1.1950e+02      21218         21  0.000e+00
      1.970   64.99218 -169.13888      1.989     2.5540     2.4262     2.5539    32.4086    32.3568  1025.8630    25.8537    294.648    287.460  332.62063     88.584     0.2589     1.2051     0.7259 1.2051e+02      21219         21  0.000e+00
      1.970   64.99218 -169.13888      1.989     2.5622     2.4223     2.5621    32.4038    32.3465  1025.8586    25.8492    294.387    287.362  332.56528     88.520     0.2589     1.2051     0.7259 1.2085e+02      21220         21  0.000e+00
      2.032   64.99218 -169.13888      2.052     2.5682     2.4136     2.5681    32.4053    32.3386  1025.8596    25.8499    294.333    287.113  332.51183     88.518     0.2576     1.1978     0.7259 1.2119e+02      21221         21  0.000e+00
      1.970   64.99218 -169.13888      1.989     2.5752     2.4094     2.5751    32.4086    32.3333  1025.8614    25.8520    294.281    286.807  332.44492     88.520     0.2589     1.2051     0.7259 1.2188e+02      21222         21  0.000e+00
      2.032   64.99218 -169.13888      2.052     2.5799     2.4066     2.5798    32.4135    32.3315  1025.8652    25.8555    294.266    286.675  332.39379     88.529     0.2576     1.1978     0.7259 1.2188e+02      21223         21  0.000e+00
      1.970   64.99218 -169.13888      1.989     2.5852     2.4029     2.5851    32.4261    32.3319  1025.8745    25.8651    294.243    286.554  332.31775     88.543     0.2589     1.2051     0.7259 1.2119e+02      21224         21  0.000e+00
      2.032   64.99218 -169.13888      2.052     2.5976     2.4009     2.5975    32.4386    32.3336  1025.8838    25.8742    294.184    286.237  332.18347     88.561     0.2576     1.1978     0.7259 1.1983e+02      21225         21  0.000e+00
      1.918   64.99218 -169.13888      1.937     2.4757     2.3809     2.4756    32.3114    32.3234  1025.7913    25.7822    297.203    289.212  333.51837     89.111     0.2369     1.0732     0.7073 1.0352e+02      21349         22  0.000e+00
      1.918   64.99218 -169.13888      1.937     2.4594     2.3683     2.4593    32.3166    32.3246  1025.7967    25.7876    297.246    289.212  333.64101     89.091     0.2357     1.0659     0.7085 1.0440e+02      21350         22  0.000e+00
      1.857   64.99218 -169.13888      1.875     2.4530     2.3592     2.4529    32.3265    32.3279  1025.8049    25.7960    297.199    289.181  333.66896     89.070     0.2369     1.0732     0.7085 1.0499e+02      21351         22  0.000e+00
      1.918   64.99218 -169.13888      1.937     2.4464     2.3550     2.4463    32.3299    32.3340  1025.8084    25.7993    296.960    289.111  333.71508     88.986     0.2357     1.0659     0.7085 1.0499e+02      21352         22  0.000e+00
      1.857   64.99218 -169.13888      1.875     2.4336     2.3547     2.4335    32.3349    32.3425  1025.8131    25.8043    296.959    288.805  333.80914     88.961     0.2357     1.0659     0.7085 1.0647e+02      21353         22  0.000e+00
      1.918   64.99218 -169.13888      1.937     2.4260     2.3550     2.4259    32.3343    32.3506  1025.8135    25.8044    297.200    288.705  333.87480     89.016     0.2357     1.0659     0.7073 1.0768e+02      21354         22  0.000e+00
      1.857   64.99218 -169.13888      1.875     2.4187     2.3567     2.4186    32.3310    32.3538  1025.8112    25.8023    297.004    288.580  333.94349     88.938     0.2369     1.0732     0.7073 1.0768e+02      21355         22  0.000e+00
      1.918   64.99218 -169.13888      1.937     2.4055     2.3547     2.4054    32.3332    32.3561  1025.8143    25.8051    297.045    288.299  334.04840     88.923     0.2357     1.0659     0.7073 1.0921e+02      21356         22  0.000e+00
      1.918   64.99218 -169.13888      1.937     2.3963     2.3476     2.3962    32.3335    32.3540  1025.8152    25.8061    297.062    288.272  334.12435     88.908     0.2369     1.0732     0.7073 1.1075e+02      21357         22  0.000e+00
      1.918   64.99218 -169.13888      1.937     2.3859     2.3385     2.3858    32.3374    32.3469  1025.8191    25.8100    297.091    288.279  334.20163     88.896     0.2357     1.0659     0.7073 1.1107e+02      21358         22  0.000e+00
      1.826   64.99218 -169.13888      1.844     2.3847     2.3290     2.3846    32.3658    32.3396  1025.8415    25.8328    296.770    288.093  334.13875     88.816     0.2369     1.0732     0.7073 1.1169e+02      21359         22  0.000e+00
      1.972   64.99218 -169.13888      1.992     2.4188     2.3267     2.4187    32.3907    32.3363  1025.8595    25.8501    296.367    288.057  333.79084     88.788     0.2369     1.0732     0.7073 1.1296e+02      21360         22  0.000e+00
      1.918   64.99218 -169.13888      1.937     2.4560     2.3344     2.4559    32.4036    32.3359  1025.8666    25.8575    295.969    287.936  333.44782     88.760     0.2369     1.0732     0.7073 1.1328e+02      21361         22  0.000e+00
      1.918   64.99218 -169.13888      1.937     2.4839     2.3426     2.4838    32.4033    32.3397  1025.8641    25.8550    295.693    287.812  333.21695     88.739     0.2369     1.0732     0.7073 1.1328e+02      21362         22  0.000e+00
      1.972   64.99218 -169.13888      1.992     2.5036     2.3544     2.5034    32.4032    32.3411  1025.8628    25.8534    295.276    287.477  333.05328     88.657     0.2357     1.0659     0.7073 1.1296e+02      21363         22  0.000e+00
      1.918   64.99218 -169.13888      1.937     2.5183     2.3668     2.5182    32.4036    32.3447  1025.8617    25.8525    295.092    287.488  332.92996     88.635     0.2369     1.0732     0.7073 1.1328e+02      21364         22  0.000e+00
      1.919   64.99218 -169.13888      1.938     2.5351     2.3790     2.5350    32.4027    32.3503  1025.8596    25.8505    294.909    286.933  332.79303     88.616     0.2357     1.0659     0.7073 1.1264e+02      21365         22  0.000e+00
      1.919   64.99218 -169.13888      1.938     2.5475     2.3934     2.5474    32.4031    32.3545  1025.8589    25.8498    294.770    286.724  332.68909     88.602     0.2369     1.0732     0.7073 1.1138e+02      21366         22  0.000e+00
      1.973   64.99218 -169.13888      1.992     2.5550     2.4060     2.5549    32.4050    32.3583  1025.8601    25.8507    294.721    286.542  332.62214     88.605     0.2454     1.1245     0.7073 1.1075e+02      21367         22  0.000e+00
      1.973   64.99218 -169.13888      1.992     2.5614     2.4174     2.5613    32.4078    32.3613  1025.8618    25.8524    294.432    286.380  332.56142     88.535     0.2540     1.1758     0.7073 1.1044e+02      21368         22  0.000e+00
      1.973   64.99218 -169.13888      1.992     2.5700     2.4302     2.5699    32.4103    32.3659  1025.8632    25.8538    294.324    286.238  332.48348     88.523     0.2552     1.1831     0.7073 1.0982e+02      21369         22  0.000e+00
      2.034   64.99218 -169.13888      2.054     2.5760     2.4473     2.5759    32.4125    32.3711  1025.8648    25.8551    294.400    285.850  332.42873     88.560     0.2552     1.1831     0.7073 1.0951e+02      21370         22  0.000e+00
      2.034   64.99218 -169.13888      2.054     2.5832     2.4697     2.5831    32.4198    32.3748  1025.8700    25.8603    293.799    285.631  332.35049     88.400     0.2540     1.1758     0.7073 1.0951e+02      21371         22  0.000e+00
      1.973   64.99218 -169.13888      1.992     2.5990     2.4915     2.5989    32.4226    32.3808  1025.8707    25.8613    293.625    285.398  332.21227     88.385     0.2552     1.1831     0.7085 1.0890e+02      21372         22  0.000e+00
