EcoFOCI/data/1_SampleCollection/2023_SikuliaqDBO_CruiseData/CTD_raw_BottleFile_SKQ23-12S/proc/skq202312s_014svp.cnv
* Sea-Bird SBE 9 Data File:
* FileName = D:\CTD\SKQ202312S\SKQ202312S_014.hex
* Software Version Seasave V 7.26.7.121
* Temperature SN = 6177
* Conductivity SN = 0369
* Number of Bytes Per Scan = 41
* Number of Voltage Words = 4
* Number of Scans Averaged by the Deck Unit = 1
* NMEA Latitude = 64 40.15 N
* NMEA Longitude = 169 55.22 W
* NMEA UTC (Time) = Sep 17 2023  08:29:33
* NMEA baud rate = 4800
** Ship: R/V Sikuliaq
** Station Number: 014
** Station Name: DBO2.1
** Bottom Depth: 47
** Operator: SS
# nquan = 7
# nvalues = 6248                                  
# units = specified
# name 0 = depSM: Depth [salt water, m]
# name 1 = latitude: Latitude [deg]
# name 2 = longitude: Longitude [deg]
# name 3 = t090C: Temperature [ITS-90, deg C]
# name 4 = sal00: Salinity, Practical [PSU]
# name 5 = svCM: Sound Velocity [Chen-Millero, m/s]
# name 6 = flag:  0.000e+00
# span 0 =      1.589,     41.088                 
# span 1 =   64.66922,   64.66926                 
# span 2 = -169.92028, -169.92020                 
# span 3 =     2.2405,     2.8691                 
# span 4 =    32.5535,    33.0245                 
# span 5 =    1455.99,    1459.78                 
# span 6 = 0.0000e+00, 0.0000e+00                 
# interval = seconds: 0.0416667
# start_time = Sep 17 2023 08:33:36 [NMEA time, first data scan]
# bad_flag = -9.990e-29
*END*
[from data line 1026]
      6.508   64.66924 -169.92028     2.2741    32.5844    1456.23  0.000e+00
      6.508   64.66924 -169.92028     2.2748    32.5825    1456.23  0.000e+00
      6.562   64.66924 -169.92028     2.2755    32.5813    1456.24  0.000e+00
      6.562   64.66924 -169.92028     2.2763    32.5800    1456.24  0.000e+00
      6.507   64.66924 -169.92028     2.2766    32.5798    1456.24  0.000e+00
      6.561   64.66924 -169.92028     2.2767    32.5796    1456.24  0.000e+00
      6.507   64.66924 -169.92028     2.2764    32.5802    1456.24  0.000e+00
      6.538   64.66924 -169.92028     2.2767    32.5806    1456.24  0.000e+00
      6.561   64.66924 -169.92028     2.2775    32.5798    1456.24  0.000e+00
      6.561   64.66924 -169.92028     2.2778    32.5803    1456.24  0.000e+00
      6.561   64.66924 -169.92028     2.2780    32.5802    1456.25  0.000e+00
      6.507   64.66924 -169.92028     2.2780    32.5801    1456.24  0.000e+00
      6.561   64.66924 -169.92028     2.2777    32.5797    1456.24  0.000e+00
      6.561   64.66924 -169.92028     2.2774    32.5792    1456.24  0.000e+00
      6.561   64.66924 -169.92028     2.2766    32.5783    1456.24  0.000e+00
      6.561   64.66924 -169.92028     2.2753    32.5773    1456.23  0.000e+00
      6.507   64.66924 -169.92028     2.2742    32.5762    1456.22  0.000e+00
      6.561   64.66924 -169.92028     2.2730    32.5760    1456.22  0.000e+00
      6.561   64.66924 -169.92028     2.2727    32.5754    1456.22  0.000e+00
      6.507   64.66924 -169.92028     2.2722    32.5749    1456.21  0.000e+00
      6.561   64.66924 -169.92028     2.2714    32.5753    1456.21  0.000e+00
      6.507   64.66924 -169.92028     2.2708    32.5754    1456.21  0.000e+00
      6.561   64.66924 -169.92028     2.2694    32.5744    1456.20  0.000e+00
      6.507   64.66924 -169.92028     2.2674    32.5741    1456.19  0.000e+00
      6.561   64.66924 -169.92028     2.2662    32.5740    1456.19  0.000e+00
      6.507   64.66924 -169.92028     2.2667    32.5761    1456.19  0.000e+00
      6.561   64.66924 -169.92028     2.2694    32.5775    1456.20  0.000e+00
      6.507   64.66924 -169.92028     2.2725    32.5784    1456.22  0.000e+00
      6.507   64.66924 -169.92028     2.2741    32.5787    1456.23  0.000e+00
      6.538   64.66924 -169.92028     2.2752    32.5783    1456.23  0.000e+00
      6.507   64.66924 -169.92028     2.2767    32.5777    1456.24  0.000e+00
      6.507   64.66924 -169.92028     2.2781    32.5776    1456.24  0.000e+00
      6.507   64.66924 -169.92028     2.2791    32.5783    1456.25  0.000e+00
      6.507   64.66924 -169.92028     2.2794    32.5788    1456.25  0.000e+00
      6.445   64.66924 -169.92028     2.2802    32.5786    1456.25  0.000e+00
      6.507   64.66924 -169.92028     2.2806    32.5785    1456.25  0.000e+00
      6.507   64.66924 -169.92028     2.2811    32.5774    1456.25  0.000e+00
      6.445   64.66924 -169.92028     2.2808    32.5767    1456.25  0.000e+00
      6.507   64.66924 -169.92028     2.2799    32.5771    1456.25  0.000e+00
      6.445   64.66924 -169.92028     2.2789    32.5784    1456.25  0.000e+00
      6.507   64.66924 -169.92028     2.2776    32.5795    1456.24  0.000e+00
      6.445   64.66924 -169.92028     2.2771    32.5800    1456.24  0.000e+00
      6.445   64.66924 -169.92028     2.2771    32.5800    1456.24  0.000e+00
      6.445   64.66924 -169.92028     2.2776    32.5800    1456.24  0.000e+00
      6.445   64.66924 -169.92028     2.2795    32.5806    1456.25  0.000e+00
      6.445   64.66924 -169.92028     2.2824    32.5809    1456.26  0.000e+00
      6.445   64.66924 -169.92028     2.2842    32.5798    1456.27  0.000e+00
      6.445   64.66924 -169.92028     2.2839    32.5777    1456.27  0.000e+00
      6.391   64.66924 -169.92028     2.2794    32.5756    1456.24  0.000e+00
      6.445   64.66924 -169.92028     2.2739    32.5737    1456.22  0.000e+00
      6.445   64.66924 -169.92028     2.2703    32.5735    1456.20  0.000e+00
      6.391   64.66924 -169.92028     2.2700    32.5734    1456.20  0.000e+00
      6.422   64.66924 -169.92028     2.2698    32.5731    1456.20  0.000e+00
      6.445   64.66924 -169.92028     2.2694    32.5739    1456.20  0.000e+00
      6.391   64.66924 -169.92028     2.2704    32.5741    1456.20  0.000e+00
      6.391   64.66924 -169.92028     2.2703    32.5747    1456.20  0.000e+00
      6.445   64.66924 -169.92028     2.2695    32.5745    1456.20  0.000e+00
      6.391   64.66924 -169.92028     2.2688    32.5744    1456.19  0.000e+00
      6.445   64.66924 -169.92028     2.2685    32.5744    1456.19  0.000e+00
      6.445   64.66924 -169.92028     2.2684    32.5740    1456.19  0.000e+00
      6.391   64.66924 -169.92028     2.2684    32.5743    1456.19  0.000e+00
      6.445   64.66924 -169.92028     2.2683    32.5750    1456.19  0.000e+00
      6.391   64.66924 -169.92028     2.2694    32.5750    1456.20  0.000e+00
      6.445   64.66924 -169.92028     2.2702    32.5750    1456.20  0.000e+00
      6.445   64.66924 -169.92028     2.2703    32.5755    1456.20  0.000e+00
      6.391   64.66924 -169.92028     2.2708    32.5756    1456.21  0.000e+00
      6.445   64.66924 -169.92028     2.2714    32.5762    1456.21  0.000e+00
      6.444   64.66924 -169.92028     2.2714    32.5778    1456.21  0.000e+00
      6.444   64.66924 -169.92028     2.2732    32.5782    1456.22  0.000e+00
      6.444   64.66924 -169.92028     2.2748    32.5779    1456.23  0.000e+00
      6.506   64.66924 -169.92028     2.2744    32.5782    1456.23  0.000e+00
      6.444   64.66924 -169.92028     2.2753    32.5769    1456.23  0.000e+00
      6.506   64.66924 -169.92028     2.2764    32.5768    1456.23  0.000e+00
      6.444   64.66924 -169.92028     2.2759    32.5774    1456.23  0.000e+00
      6.506   64.66924 -169.92028     2.2756    32.5781    1456.23  0.000e+00
      6.537   64.66924 -169.92028     2.2760    32.5787    1456.23  0.000e+00
      6.506   64.66924 -169.92028     2.2759    32.5788    1456.23  0.000e+00
      6.560   64.66924 -169.92028     2.2764    32.5789    1456.24  0.000e+00
      6.506   64.66924 -169.92028     2.2767    32.5795    1456.24  0.000e+00
      6.560   64.66924 -169.92028     2.2767    32.5792    1456.24  0.000e+00
      6.622   64.66924 -169.92028     2.2761    32.5799    1456.24  0.000e+00
      6.560   64.66924 -169.92028     2.2766    32.5804    1456.24  0.000e+00
      6.560   64.66924 -169.92028     2.2771    32.5806    1456.24  0.000e+00
      6.622   64.66924 -169.92028     2.2781    32.5807    1456.25  0.000e+00
      6.676   64.66924 -169.92028     2.2795    32.5813    1456.26  0.000e+00
      6.622   64.66924 -169.92028     2.2805    32.5819    1456.26  0.000e+00
      6.676   64.66924 -169.92028     2.2818    32.5823    1456.27  0.000e+00
      6.676   64.66924 -169.92028     2.2828    32.5821    1456.27  0.000e+00
      6.730   64.66924 -169.92028     2.2827    32.5824    1456.27  0.000e+00
      6.676   64.66924 -169.92028     2.2824    32.5819    1456.27  0.000e+00
      6.730   64.66924 -169.92028     2.2819    32.5822    1456.27  0.000e+00
      6.729   64.66924 -169.92028     2.2813    32.5827    1456.27  0.000e+00
      6.791   64.66924 -169.92028     2.2803    32.5830    1456.26  0.000e+00
      6.791   64.66924 -169.92028     2.2781    32.5830    1456.25  0.000e+00
      6.791   64.66924 -169.92028     2.2771    32.5815    1456.25  0.000e+00
      6.845   64.66924 -169.92028     2.2752    32.5828    1456.24  0.000e+00
      6.822   64.66924 -169.92028     2.2734    32.5840    1456.23  0.000e+00
      6.907   64.66924 -169.92028     2.2722    32.5854    1456.23  0.000e+00
      6.845   64.66924 -169.92028     2.2716    32.5868    1456.23  0.000e+00
      6.907   64.66924 -169.92028     2.2711    32.5882    1456.23  0.000e+00
      6.961   64.66924 -169.92028     2.2708    32.5887    1456.23  0.000e+00
      6.907   64.66924 -169.92028     2.2705    32.5890    1456.23  0.000e+00
      6.961   64.66924 -169.92028     2.2711    32.5903    1456.24  0.000e+00
      7.022   64.66924 -169.92028     2.2722    32.5917    1456.24  0.000e+00
      7.022   64.66924 -169.92028     2.2723    32.5920    1456.24  0.000e+00
      7.022   64.66924 -169.92028     2.2727    32.5916    1456.24  0.000e+00
      7.022   64.66924 -169.92028     2.2728    32.5917    1456.25  0.000e+00
      7.076   64.66924 -169.92028     2.2728    32.5917    1456.25  0.000e+00
      7.130   64.66924 -169.92028     2.2730    32.5919    1456.25  0.000e+00
      7.076   64.66924 -169.92028     2.2733    32.5916    1456.25  0.000e+00
      7.130   64.66924 -169.92028     2.2730    32.5918    1456.25  0.000e+00
      7.192   64.66924 -169.92028     2.2732    32.5920    1456.25  0.000e+00
      7.130   64.66924 -169.92028     2.2736    32.5930    1456.25  0.000e+00
      7.246   64.66924 -169.92028     2.2734    32.5931    1456.25  0.000e+00
      7.161   64.66924 -169.92028     2.2736    32.5933    1456.25  0.000e+00
      7.246   64.66924 -169.92028     2.2739    32.5933    1456.26  0.000e+00
      7.246   64.66924 -169.92028     2.2746    32.5936    1456.26  0.000e+00
      7.246   64.66924 -169.92028     2.2746    32.5936    1456.26  0.000e+00
      7.308   64.66924 -169.92028     2.2752    32.5930    1456.26  0.000e+00
      7.308   64.66924 -169.92028     2.2748    32.5939    1456.26  0.000e+00
      7.362   64.66924 -169.92028     2.2742    32.5936    1456.26  0.000e+00
      7.362   64.66924 -169.92028     2.2741    32.5930    1456.26  0.000e+00
      7.362   64.66924 -169.92028     2.2737    32.5921    1456.26  0.000e+00
      7.362   64.66924 -169.92028     2.2730    32.5919    1456.25  0.000e+00
      7.416   64.66924 -169.92028     2.2728    32.5913    1456.25  0.000e+00
      7.416   64.66924 -169.92028     2.2725    32.5922    1456.25  0.000e+00
      7.416   64.66924 -169.92028     2.2723    32.5923    1456.25  0.000e+00
      7.416   64.66924 -169.92028     2.2728    32.5926    1456.25  0.000e+00
      7.477   64.66924 -169.92028     2.2730    32.5938    1456.26  0.000e+00
      7.477   64.66924 -169.92028     2.2736    32.5947    1456.26  0.000e+00
      7.454   64.66924 -169.92028     2.2741    32.5941    1456.26  0.000e+00
      7.531   64.66924 -169.92028     2.2746    32.5938    1456.26  0.000e+00
      7.477   64.66924 -169.92028     2.2747    32.5939    1456.26  0.000e+00
      7.531   64.66924 -169.92028     2.2748    32.5939    1456.27  0.000e+00
      7.593   64.66924 -169.92028     2.2748    32.5939    1456.27  0.000e+00
      7.531   64.66924 -169.92028     2.2747    32.5936    1456.26  0.000e+00
      7.531   64.66924 -169.92028     2.2747    32.5935    1456.26  0.000e+00
      7.593   64.66924 -169.92028     2.2750    32.5937    1456.27  0.000e+00
      7.531   64.66924 -169.92028     2.2755    32.5938    1456.27  0.000e+00
      7.593   64.66924 -169.92028     2.2761    32.5934    1456.27  0.000e+00
      7.593   64.66924 -169.92028     2.2758    32.5936    1456.27  0.000e+00
      7.593   64.66924 -169.92028     2.2755    32.5936    1456.27  0.000e+00
      7.593   64.66924 -169.92028     2.2755    32.5936    1456.27  0.000e+00
      7.593   64.66924 -169.92028     2.2748    32.5943    1456.27  0.000e+00
      7.647   64.66924 -169.92028     2.2750    32.5934    1456.27  0.000e+00
      7.624   64.66924 -169.92028     2.2748    32.5934    1456.27  0.000e+00
      7.593   64.66924 -169.92028     2.2747    32.5931    1456.26  0.000e+00
      7.647   64.66924 -169.92028     2.2748    32.5929    1456.27  0.000e+00
      7.647   64.66924 -169.92028     2.2750    32.5924    1456.27  0.000e+00
      7.647   64.66924 -169.92028     2.2744    32.5929    1456.26  0.000e+00
      7.647   64.66924 -169.92028     2.2742    32.5927    1456.26  0.000e+00
      7.593   64.66924 -169.92028     2.2744    32.5915    1456.26  0.000e+00
      7.647   64.66924 -169.92028     2.2739    32.5911    1456.26  0.000e+00
      7.647   64.66924 -169.92028     2.2737    32.5906    1456.26  0.000e+00
      7.647   64.66924 -169.92028     2.2736    32.5899    1456.26  0.000e+00
      7.647   64.66924 -169.92028     2.2733    32.5895    1456.25  0.000e+00
      7.593   64.66924 -169.92028     2.2728    32.5897    1456.25  0.000e+00
      7.646   64.66924 -169.92028     2.2730    32.5893    1456.25  0.000e+00
      7.646   64.66924 -169.92028     2.2728    32.5900    1456.25  0.000e+00
      7.677   64.66924 -169.92028     2.2728    32.5900    1456.25  0.000e+00
      7.646   64.66924 -169.92028     2.2727    32.5901    1456.25  0.000e+00
      7.646   64.66924 -169.92028     2.2728    32.5900    1456.25  0.000e+00
      7.592   64.66924 -169.92028     2.2725    32.5903    1456.25  0.000e+00
      7.646   64.66924 -169.92028     2.2727    32.5901    1456.25  0.000e+00
      7.646   64.66924 -169.92028     2.2725    32.5898    1456.25  0.000e+00
      7.592   64.66924 -169.92028     2.2723    32.5897    1456.25  0.000e+00
      7.646   64.66924 -169.92028     2.2723    32.5894    1456.25  0.000e+00
      7.592   64.66924 -169.92028     2.2723    32.5895    1456.25  0.000e+00
      7.592   64.66924 -169.92028     2.2723    32.5896    1456.25  0.000e+00
      7.646   64.66924 -169.92028     2.2723    32.5896    1456.25  0.000e+00
      7.592   64.66924 -169.92028     2.2725    32.5892    1456.25  0.000e+00
      7.592   64.66924 -169.92028     2.2722    32.5893    1456.25  0.000e+00
      7.646   64.66924 -169.92028     2.2723    32.5889    1456.25  0.000e+00
      7.531   64.66924 -169.92028     2.2722    32.5892    1456.25  0.000e+00
      7.623   64.66924 -169.92028     2.2722    32.5892    1456.25  0.000e+00
      7.531   64.66924 -169.92028     2.2721    32.5891    1456.25  0.000e+00
      7.592   64.66924 -169.92028     2.2719    32.5893    1456.25  0.000e+00
      7.592   64.66924 -169.92028     2.2720    32.5885    1456.25  0.000e+00
      7.531   64.66924 -169.92028     2.2717    32.5890    1456.25  0.000e+00
      7.531   64.66924 -169.92028     2.2720    32.5891    1456.25  0.000e+00
      7.592   64.66924 -169.92028     2.2720    32.5895    1456.25  0.000e+00
      7.530   64.66924 -169.92028     2.2722    32.5895    1456.25  0.000e+00
      7.530   64.66924 -169.92028     2.2722    32.5899    1456.25  0.000e+00
      7.530   64.66924 -169.92028     2.2723    32.5897    1456.25  0.000e+00
      7.530   64.66924 -169.92028     2.2721    32.5903    1456.25  0.000e+00
      7.476   64.66924 -169.92028     2.2722    32.5906    1456.25  0.000e+00
      7.530   64.66924 -169.92028     2.2723    32.5918    1456.25  0.000e+00
      7.476   64.66924 -169.92028     2.2732    32.5925    1456.26  0.000e+00
      7.476   64.66924 -169.92028     2.2732    32.5929    1456.26  0.000e+00
      7.507   64.66924 -169.92028     2.2736    32.5930    1456.26  0.000e+00
      7.476   64.66924 -169.92028     2.2737    32.5937    1456.26  0.000e+00
      7.476   64.66924 -169.92028     2.2746    32.5931    1456.26  0.000e+00
      7.476   64.66924 -169.92028     2.2742    32.5926    1456.26  0.000e+00
      7.476   64.66924 -169.92028     2.2733    32.5915    1456.25  0.000e+00
      7.415   64.66924 -169.92028     2.2727    32.5910    1456.25  0.000e+00
      7.476   64.66924 -169.92028     2.2719    32.5905    1456.25  0.000e+00
      7.415   64.66924 -169.92028     2.2708    32.5899    1456.24  0.000e+00
      7.476   64.66924 -169.92028     2.2703    32.5889    1456.24  0.000e+00
      7.415   64.66924 -169.92028     2.2704    32.5889    1456.24  0.000e+00
      7.476   64.66924 -169.92028     2.2705    32.5890    1456.24  0.000e+00
      7.415   64.66924 -169.92028     2.2704    32.5891    1456.24  0.000e+00
      7.415   64.66924 -169.92028     2.2704    32.5895    1456.24  0.000e+00
      7.476   64.66924 -169.92028     2.2705    32.5887    1456.24  0.000e+00
      7.415   64.66924 -169.92028     2.2703    32.5886    1456.24  0.000e+00
