EcoFOCI/data/1_SampleCollection/2023_SikuliaqDBO_CruiseData/CTD_raw_BottleFile_SKQ23-12S/proc/skq202312s_029svpavg.cnv
* Sea-Bird SBE 9 Data File:
* FileName = D:\CTD\SKQ202312S\SKQ202312S_029.hex
* Software Version Seasave V 7.26.7.121
* Temperature SN = 6177
* Conductivity SN = 0369
* Number of Bytes Per Scan = 41
* Number of Voltage Words = 4
* Number of Scans Averaged by the Deck Unit = 1
* NMEA Latitude = 71 24.54 N
* NMEA Longitude = 157 29.66 W
* NMEA UTC (Time) = Sep 21 2023  04:58:57
* NMEA baud rate = 4800
** Ship: R/V Sikuliaq
** Station Number: 029
** Station Name: DBO5.5
** Bottom Depth: 124
** Operator: SS
# nquan = 7
# nvalues = 116                         
# units = specified
# name 0 = depSM: Depth [salt water, m]
# name 1 = latitude: Latitude [deg]
# name 2 = longitude: Longitude [deg]
# name 3 = t090C: Temperature [ITS-90, deg C]
# name 4 = sal00: Salinity, Practical [PSU]
# name 5 = svCM: Sound Velocity [Chen-Millero, m/s]
# name 6 = flag: flag
# span 0 =      4.000,    119.000       
# span 1 =   71.40904,   71.40908       
# span 2 = -157.49357, -157.49246       
# span 3 =    -1.6678,     4.7404       
# span 4 =    30.2840,    32.7503       
# span 5 =    1439.18,    1464.33       
# span 6 = 0.0000e+00, 0.0000e+00       
# interval = meters: 1                  
# start_time = Sep 21 2023 05:03:15 [NMEA time, first data scan]
# bad_flag = -9.990e-29
*END*
      4.000   71.40904 -157.49357     4.7070    30.2883    1463.59 0.0000e+00
      5.000   71.40904 -157.49353     4.7089    30.2941    1463.62 0.0000e+00
      6.000   71.40904 -157.49352     4.7102    30.2840    1463.63 0.0000e+00
      7.000   71.40905 -157.49349     4.7094    30.2850    1463.64 0.0000e+00
      8.000   71.40906 -157.49348     4.7098    30.2840    1463.66 0.0000e+00
      9.000   71.40906 -157.49345     4.7093    30.3005    1463.69 0.0000e+00
     10.000   71.40906 -157.49344     4.7150    30.3404    1463.78 0.0000e+00
     11.000   71.40906 -157.49341     4.7171    30.3649    1463.84 0.0000e+00
     12.000   71.40906 -157.49340     4.7284    30.4471    1464.01 0.0000e+00
     13.000   71.40906 -157.49337     4.7404    30.6106    1464.29 0.0000e+00
     14.000   71.40906 -157.49336     4.7398    30.6331    1464.33 0.0000e+00
     15.000   71.40906 -157.49334     4.7259    30.6369    1464.29 0.0000e+00
     16.000   71.40906 -157.49333     4.6936    30.6429    1464.18 0.0000e+00
     17.000   71.40906 -157.49332     4.6498    30.6497    1464.02 0.0000e+00
     18.000   71.40906 -157.49332     4.6207    30.6544    1463.93 0.0000e+00
     19.000   71.40906 -157.49332     4.5840    30.6606    1463.80 0.0000e+00
     20.000   71.40906 -157.49330     4.4819    30.6810    1463.42 0.0000e+00
     21.000   71.40906 -157.49330     4.2513    30.7275    1462.53 0.0000e+00
     22.000   71.40906 -157.49330     4.0344    30.7722    1461.69 0.0000e+00
     23.000   71.40906 -157.49330     2.8103    31.0746    1456.85 0.0000e+00
     24.000   71.40906 -157.49328     0.5626    31.3402    1447.21 0.0000e+00
     25.000   71.40906 -157.49328    -0.5840    31.7445    1442.46 0.0000e+00
     26.000   71.40906 -157.49328    -1.0163    31.9748    1440.76 0.0000e+00
     27.000   71.40906 -157.49328    -1.2158    32.1764    1440.10 0.0000e+00
     28.000   71.40906 -157.49327    -1.3215    32.3121    1439.79 0.0000e+00
     29.000   71.40906 -157.49326    -1.3391    32.3919    1439.83 0.0000e+00
     30.000   71.40906 -157.49326    -1.3445    32.4791    1439.94 0.0000e+00
     31.000   71.40906 -157.49326    -1.3939    32.5607    1439.83 0.0000e+00
     32.000   71.40906 -157.49325    -1.3918    32.5606    1439.86 0.0000e+00
     33.000   71.40906 -157.49325    -1.4205    32.5577    1439.73 0.0000e+00
     34.000   71.40906 -157.49326    -1.4544    32.5635    1439.60 0.0000e+00
     35.000   71.40906 -157.49325    -1.4652    32.5653    1439.56 0.0000e+00
     36.000   71.40906 -157.49324    -1.4721    32.5680    1439.55 0.0000e+00
     37.000   71.40906 -157.49324    -1.4810    32.5776    1439.54 0.0000e+00
     38.000   71.40906 -157.49324    -1.4864    32.5804    1439.53 0.0000e+00
     39.000   71.40906 -157.49322    -1.4973    32.5847    1439.50 0.0000e+00
     40.000   71.40906 -157.49320    -1.5013    32.5898    1439.50 0.0000e+00
     41.000   71.40906 -157.49320    -1.5073    32.5964    1439.50 0.0000e+00
     42.000   71.40906 -157.49320    -1.5161    32.6122    1439.50 0.0000e+00
     43.000   71.40906 -157.49317    -1.5424    32.6281    1439.41 0.0000e+00
     44.000   71.40906 -157.49316    -1.5673    32.6362    1439.32 0.0000e+00
     45.000   71.40906 -157.49316    -1.5701    32.6378    1439.32 0.0000e+00
     46.000   71.40906 -157.49315    -1.5735    32.6402    1439.33 0.0000e+00
     47.000   71.40906 -157.49312    -1.5762    32.6418    1439.33 0.0000e+00
     48.000   71.40906 -157.49312    -1.5821    32.6463    1439.32 0.0000e+00
     49.000   71.40906 -157.49311    -1.5889    32.6503    1439.32 0.0000e+00
     50.000   71.40908 -157.49308    -1.5956    32.6534    1439.30 0.0000e+00
     51.000   71.40908 -157.49308    -1.6140    32.6647    1439.25 0.0000e+00
     52.000   71.40906 -157.49306    -1.6229    32.6715    1439.23 0.0000e+00
     53.000   71.40906 -157.49305    -1.6346    32.6816    1439.20 0.0000e+00
     54.000   71.40906 -157.49303    -1.6394    32.6843    1439.20 0.0000e+00
     55.000   71.40906 -157.49302    -1.6469    32.6838    1439.18 0.0000e+00
     56.000   71.40906 -157.49300    -1.6563    32.7158    1439.19 0.0000e+00
     57.000   71.40906 -157.49298    -1.6559    32.7245    1439.22 0.0000e+00
     58.000   71.40906 -157.49296    -1.6543    32.7248    1439.25 0.0000e+00
     59.000   71.40906 -157.49294    -1.6515    32.7222    1439.27 0.0000e+00
     60.000   71.40906 -157.49293    -1.6551    32.7259    1439.28 0.0000e+00
     61.000   71.40906 -157.49292    -1.6545    32.7262    1439.30 0.0000e+00
     62.000   71.40906 -157.49289    -1.6524    32.7261    1439.32 0.0000e+00
     63.000   71.40906 -157.49286    -1.6540    32.7269    1439.33 0.0000e+00
     64.000   71.40906 -157.49286    -1.6549    32.7276    1439.35 0.0000e+00
     65.000   71.40906 -157.49285    -1.6554    32.7280    1439.36 0.0000e+00
     66.000   71.40906 -157.49282    -1.6561    32.7291    1439.38 0.0000e+00
     67.000   71.40906 -157.49280    -1.6575    32.7296    1439.39 0.0000e+00
     68.000   71.40906 -157.49280    -1.6584    32.7301    1439.40 0.0000e+00
     69.000   71.40906 -157.49278    -1.6579    32.7297    1439.42 0.0000e+00
     70.000   71.40906 -157.49275    -1.6586    32.7301    1439.43 0.0000e+00
     71.000   71.40906 -157.49275    -1.6591    32.7301    1439.44 0.0000e+00
     72.000   71.40906 -157.49274    -1.6590    32.7301    1439.46 0.0000e+00
     73.000   71.40906 -157.49272    -1.6588    32.7301    1439.48 0.0000e+00
     74.000   71.40906 -157.49270    -1.6589    32.7301    1439.49 0.0000e+00
     75.000   71.40906 -157.49270    -1.6588    32.7299    1439.51 0.0000e+00
     76.000   71.40906 -157.49270    -1.6595    32.7303    1439.53 0.0000e+00
     77.000   71.40906 -157.49267    -1.6580    32.7304    1439.55 0.0000e+00
     78.000   71.40906 -157.49266    -1.6633    32.7354    1439.55 0.0000e+00
     79.000   71.40906 -157.49266    -1.6643    32.7367    1439.56 0.0000e+00
     80.000   71.40906 -157.49265    -1.6629    32.7358    1439.58 0.0000e+00
     81.000   71.40906 -157.49264    -1.6656    32.7391    1439.59 0.0000e+00
     82.000   71.40906 -157.49264    -1.6658    32.7396    1439.60 0.0000e+00
     83.000   71.40906 -157.49262    -1.6662    32.7408    1439.62 0.0000e+00
     84.000   71.40906 -157.49261    -1.6665    32.7415    1439.64 0.0000e+00
     85.000   71.40906 -157.49260    -1.6667    32.7419    1439.65 0.0000e+00
     86.000   71.40906 -157.49260    -1.6666    32.7419    1439.67 0.0000e+00
     87.000   71.40906 -157.49259    -1.6668    32.7427    1439.69 0.0000e+00
     88.000   71.40906 -157.49258    -1.6667    32.7428    1439.70 0.0000e+00
     89.000   71.40906 -157.49258    -1.6668    32.7427    1439.72 0.0000e+00
     90.000   71.40906 -157.49258    -1.6669    32.7430    1439.74 0.0000e+00
     91.000   71.40907 -157.49257    -1.6666    32.7429    1439.75 0.0000e+00
     92.000   71.40908 -157.49256    -1.6666    32.7430    1439.77 0.0000e+00
     93.000   71.40908 -157.49254    -1.6668    32.7430    1439.78 0.0000e+00
     94.000   71.40906 -157.49254    -1.6668    32.7431    1439.80 0.0000e+00
     95.000   71.40908 -157.49254    -1.6669    32.7432    1439.82 0.0000e+00
     96.000   71.40908 -157.49253    -1.6666    32.7430    1439.83 0.0000e+00
     97.000   71.40907 -157.49252    -1.6668    32.7435    1439.85 0.0000e+00
     98.000   71.40906 -157.49252    -1.6668    32.7436    1439.87 0.0000e+00
     99.000   71.40907 -157.49252    -1.6667    32.7441    1439.88 0.0000e+00
    100.000   71.40908 -157.49250    -1.6666    32.7442    1439.90 0.0000e+00
    101.000   71.40908 -157.49250    -1.6670    32.7453    1439.92 0.0000e+00
    102.000   71.40907 -157.49250    -1.6671    32.7453    1439.93 0.0000e+00
    103.000   71.40907 -157.49250    -1.6670    32.7453    1439.95 0.0000e+00
    104.000   71.40908 -157.49248    -1.6672    32.7462    1439.97 0.0000e+00
    105.000   71.40908 -157.49248    -1.6669    32.7460    1439.99 0.0000e+00
    106.000   71.40908 -157.49248    -1.6672    32.7466    1440.00 0.0000e+00
    107.000   71.40908 -157.49248    -1.6672    32.7465    1440.02 0.0000e+00
    108.000   71.40908 -157.49248    -1.6670    32.7461    1440.03 0.0000e+00
    109.000   71.40908 -157.49248    -1.6670    32.7462    1440.05 0.0000e+00
    110.000   71.40908 -157.49248    -1.6672    32.7467    1440.07 0.0000e+00
    111.000   71.40908 -157.49246    -1.6672    32.7471    1440.08 0.0000e+00
    112.000   71.40908 -157.49248    -1.6676    32.7483    1440.10 0.0000e+00
    113.000   71.40908 -157.49248    -1.6675    32.7481    1440.12 0.0000e+00
    114.000   71.40908 -157.49249    -1.6666    32.7476    1440.13 0.0000e+00
    115.000   71.40908 -157.49252    -1.6671    32.7482    1440.15 0.0000e+00
    116.000   71.40907 -157.49252    -1.6676    32.7490    1440.17 0.0000e+00
    117.000   71.40906 -157.49252    -1.6678    32.7499    1440.18 0.0000e+00
    118.000   71.40906 -157.49252    -1.6678    32.7497    1440.20 0.0000e+00
    119.000   71.40906 -157.49253    -1.6676    32.7503    1440.22 0.0000e+00
