EcoFOCI/data/1_SampleCollection/2023_SikuliaqDBO_CruiseData/CTD_raw_BottleFile_SKQ23-12S/proc/skq202312s_003.ros
* Sea-Bird SBE 9 Data File:
* FileName = D:\CTD\SKQ202312S\SKQ202312S_003.hex
* Software Version Seasave V 7.26.7.121
* Temperature SN = 6177
* Conductivity SN = 0369
* Number of Bytes Per Scan = 41
* Number of Voltage Words = 4
* Number of Scans Averaged by the Deck Unit = 1
* NMEA Latitude = 62 03.01 N
* NMEA Longitude = 175 12.54 W
* NMEA UTC (Time) = Sep 15 2023  07:57:54
* NMEA baud rate = 4800
** Ship: R/V Sikuliaq
** Station Number: 003
** Station Name: DBO1.2
** Bottom Depth: 78
** Operator: SD
# nquan = 22
# nvalues = 1029                                  
# units = specified
# name 0 = depSM: Depth [salt water, m]
# name 1 = latitude: Latitude [deg]
# name 2 = longitude: Longitude [deg]
# name 3 = prDM: Pressure, Digiquartz [db]
# name 4 = t090C: Temperature [ITS-90, deg C]
# name 5 = t190C: Temperature, 2 [ITS-90, deg C]
# name 6 = potemp090C: Potential Temperature [ITS-90, deg C]
# name 7 = sal00: Salinity, Practical [PSU]
# name 8 = sal11: Salinity, Practical, 2 [PSU]
# name 9 = density00: Density [density, kg/m^3]
# name 10 = sigma-é00: Density [sigma-theta, kg/m^3]
# name 11 = sbox0Mm/Kg: Oxygen, SBE 43 [umol/kg]
# name 12 = sbox1Mm/Kg: Oxygen, SBE 43, 2 [umol/kg]
# name 13 = oxsolMm/Kg: Oxygen Saturation, Garcia & Gordon [umol/kg]
# name 14 = sbeox0PS: Oxygen, SBE 43 [% saturation]
# name 15 = v0: Voltage 0
# name 16 = flECO-AFL: Fluorescence, WET Labs ECO-AFL/FL [mg/m^3]
# name 17 = CStarAt0: Beam Attenuation, WET Labs C-Star [1/m]
# name 18 = par: PAR/Irradiance, Biospherical/Licor
# name 19 = scan: Scan Count
# name 20 = nbf: Bottles Fired
# name 21 = flag:  0.000e+00
# interval = seconds: 0.0416667
# start_time = Sep 15 2023 08:02:23 [NMEA time, first data scan]
# bad_flag = -9.990e-29
*END*
[from data line 527]
     29.649   62.05018 -175.20840     29.938    -1.2100    -1.2106    -1.2106    31.4453    31.4728  1025.4231    25.2785    352.421    333.982  369.41533     95.400     0.1429     0.5091     0.4255 1.0000e-12      21016         11  0.000e+00
     29.665   62.05018 -175.20840     29.954    -1.2097    -1.2094    -1.2102    31.4448    31.4733  1025.4228    25.2782    352.896    333.966  369.41324     95.529     0.1429     0.5091     0.4255 1.0000e-12      21017         11  0.000e+00
     29.665   62.05018 -175.20840     29.954    -1.2092    -1.2080    -1.2098    31.4445    31.4735  1025.4225    25.2779    352.693    333.981  369.40960     95.475     0.1429     0.5091     0.4255 1.0000e-12      21018         11  0.000e+00
     29.703   62.05018 -175.20840     29.993    -1.2094    -1.2068    -1.2099    31.4448    31.4744  1025.4229    25.2781    352.400    333.738  369.41060     95.395     0.1429     0.5091     0.4255 1.0000e-12      21019         11  0.000e+00
     29.719   62.05018 -175.20840     30.009    -1.2097    -1.2059    -1.2102    31.4448    31.4747  1025.4231    25.2781    352.627    333.697  369.41334     95.456     0.1416     0.5018     0.4255 1.0000e-12      21020         11  0.000e+00
     29.649   62.05018 -175.20840     29.938    -1.2097    -1.2054    -1.2102    31.4450    31.4748  1025.4229    25.2783    352.639    333.691  369.41273     95.459     0.1429     0.5091     0.4255 1.0000e-12      21021         11  0.000e+00
     29.719   62.05018 -175.20840     30.009    -1.2097    -1.2059    -1.2102    31.4450    31.4751  1025.4232    25.2783    352.711    333.671  369.41285     95.479     0.1416     0.5018     0.4255 1.0000e-12      21022         11  0.000e+00
     29.703   62.05018 -175.20840     29.993    -1.2097    -1.2056    -1.2102    31.4452    31.4747  1025.4233    25.2785    352.475    333.642  369.41208     95.415     0.1429     0.5091     0.4255 8.4714e-06      21023         11  0.000e+00
     29.719   62.05018 -175.20840     30.009    -1.2095    -1.2053    -1.2101    31.4449    31.4746  1025.4231    25.2782    352.710    333.876  369.41142     95.479     0.1416     0.5018     0.4255 1.0000e-12      21024         11  0.000e+00
     29.703   62.05018 -175.20840     29.993    -1.2094    -1.2048    -1.2099    31.4449    31.4742  1025.4231    25.2782    352.736    333.684  369.41012     95.486     0.1429     0.5091     0.4255 1.0000e-12      21025         11  0.000e+00
     29.719   62.05018 -175.20840     30.009    -1.2091    -1.2051    -1.2097    31.4447    31.4745  1025.4230    25.2780    352.815    333.666  369.40793     95.508     0.1429     0.5091     0.4255 1.0000e-12      21026         11  0.000e+00
     29.719   62.05018 -175.20840     30.009    -1.2087    -1.2054    -1.2093    31.4456    31.4744  1025.4236    25.2787    352.843    333.650  369.40201     95.517     0.1416     0.5018     0.4255 1.0000e-12      21027         11  0.000e+00
     26.953   62.05016 -175.20864     27.216    -1.3337    -1.3328    -1.3341    31.3522    31.3796  1025.3376    25.2060    366.237    345.858  370.91921     98.738     0.3846     1.9597     0.5603 1.0000e-12      23812         12  0.000e+00
     26.976   62.05016 -175.20864     27.239    -1.3334    -1.3328    -1.3339    31.3525    31.3798  1025.3380    25.2063    366.001    345.870  370.91582     98.675     0.3810     1.9377     0.5603 1.0000e-12      23813         12  0.000e+00
     26.953   62.05016 -175.20864     27.216    -1.3334    -1.3331    -1.3339    31.3524    31.3803  1025.3378    25.2062    365.975    346.113  370.91627     98.668     0.3797     1.9304     0.5603 1.0000e-12      23814         12  0.000e+00
     26.976   62.05016 -175.20864     27.239    -1.3330    -1.3334    -1.3334    31.3523    31.3801  1025.3378    25.2062    365.947    346.160  370.91177     98.661     0.3810     1.9377     0.5603 1.0000e-12      23815         12  0.000e+00
     26.953   62.05016 -175.20864     27.216    -1.3327    -1.3337    -1.3332    31.3523    31.3800  1025.3377    25.2061    365.918    346.203  370.90900     98.654     0.3822     1.9450     0.5603 1.0000e-12      23816         12  0.000e+00
     27.030   62.05016 -175.20864     27.294    -1.3330    -1.3351    -1.3335    31.3525    31.3805  1025.3382    25.2063    365.901    346.260  370.91202     98.649     0.3810     1.9377     0.5603 1.0000e-12      23817         12  0.000e+00
     26.953   62.05016 -175.20864     27.216    -1.3334    -1.3358    -1.3339    31.3524    31.3806  1025.3378    25.2062    366.136    346.270  370.91627     98.711     0.3822     1.9450     0.5603 1.0000e-12      23818         12  0.000e+00
     27.030   62.05016 -175.20864     27.294    -1.3336    -1.3367    -1.3341    31.3522    31.3811  1025.3380    25.2061    366.165    346.055  370.91846     98.718     0.3810     1.9377     0.5603 1.0000e-12      23819         12  0.000e+00
     27.015   62.05016 -175.20864     27.278    -1.3339    -1.3374    -1.3344    31.3520    31.3811  1025.3378    25.2059    365.930    346.031  370.92202     98.654     0.3822     1.9450     0.5603 1.0000e-12      23820         12  0.000e+00
     27.030   62.05016 -175.20864     27.294    -1.3341    -1.3379    -1.3345    31.3522    31.3813  1025.3381    25.2061    366.162    346.235  370.92299     98.716     0.3810     1.9377     0.5603 1.0000e-12      23821         12  0.000e+00
     27.131   62.05016 -175.20864     27.395    -1.3343    -1.3387    -1.3348    31.3523    31.3818  1025.3386    25.2061    366.188    346.277  370.92525     98.723     0.3810     1.9377     0.5591 1.0000e-12      23822         12  0.000e+00
     27.030   62.05016 -175.20864     27.294    -1.3346    -1.3388    -1.3351    31.3518    31.3814  1025.3377    25.2058    366.204    346.075  370.92993     98.726     0.3810     1.9377     0.5579 1.0000e-12      23823         12  0.000e+00
     27.069   62.05016 -175.20864     27.333    -1.3356    -1.3395    -1.3360    31.3520    31.3817  1025.3381    25.2060    365.972    346.080  370.93858     98.661     0.3822     1.9450     0.5579 1.0000e-12      23824         12  0.000e+00
     27.146   62.05016 -175.20864     27.411    -1.3364    -1.3393    -1.3368    31.3519    31.3817  1025.3384    25.2059    365.951    346.309  370.94699     98.653     0.3810     1.9377     0.5579 1.0000e-12      23825         12  0.000e+00
     27.069   62.05016 -175.20864     27.333    -1.3377    -1.3395    -1.3382    31.3526    31.3819  1025.3387    25.2065    366.184    346.104  370.95798     98.713     0.3810     1.9377     0.5579 1.0000e-12      23826         12  0.000e+00
     27.146   62.05016 -175.20864     27.411    -1.3384    -1.3397    -1.3389    31.3531    31.3821  1025.3394    25.2069    365.948    346.106  370.96402     98.648     0.3822     1.9450     0.5579 1.0000e-12      23827         12  0.000e+00
     27.131   62.05016 -175.20864     27.395    -1.3391    -1.3399    -1.3395    31.3537    31.3821  1025.3398    25.2074    365.968    346.104  370.96874     98.652     0.3810     1.9377     0.5579 1.0000e-12      23828         12  0.000e+00
     27.146   62.05016 -175.20864     27.411    -1.3392    -1.3400    -1.3397    31.3535    31.3818  1025.3398    25.2073    365.936    346.102  370.97095     98.643     0.3822     1.9450     0.5579 1.0000e-12      23829         12  0.000e+00
     27.131   62.05016 -175.20864     27.395    -1.3397    -1.3399    -1.3402    31.3538    31.3817  1025.3399    25.2075    366.164    346.097  370.97472     98.703     0.3810     1.9377     0.5579 1.0000e-12      23830         12  0.000e+00
     27.146   62.05016 -175.20864     27.411    -1.3397    -1.3399    -1.3402    31.3539    31.3819  1025.3401    25.2076    365.918    346.060  370.97450     98.637     0.3822     1.9450     0.5579 1.0000e-12      23831         12  0.000e+00
     27.185   62.05016 -175.20864     27.450    -1.3400    -1.3403    -1.3405    31.3536    31.3821  1025.3401    25.2074    365.887    346.060  370.97804     98.628     0.3810     1.9377     0.5579 1.0000e-12      23832         12  0.000e+00
     27.200   62.05016 -175.20864     27.466    -1.3403    -1.3404    -1.3408    31.3541    31.3821  1025.3406    25.2078    366.112    346.056  370.98008     98.688     0.3810     1.9377     0.5579 1.0000e-12      23833         12  0.000e+00
     27.185   62.05016 -175.20864     27.450    -1.3406    -1.3402    -1.3411    31.3540    31.3824  1025.3404    25.2077    366.126    346.048  370.98328     98.691     0.3810     1.9377     0.5579 1.0000e-12      23834         12  0.000e+00
     27.200   62.05016 -175.20864     27.466    -1.3403    -1.3401    -1.3408    31.3538    31.3820  1025.3403    25.2075    366.132    346.272  370.98095     98.693     0.3810     1.9377     0.5579 1.0000e-12      23835         12  0.000e+00
     27.239   62.05016 -175.20864     27.505    -1.3404    -1.3407    -1.3409    31.3539    31.3827  1025.3406    25.2076    366.141    346.304  370.98181     98.695     0.3797     1.9304     0.5579 1.0000e-12      23836         12  0.000e+00
     27.200   62.05016 -175.20864     27.466    -1.3407    -1.3405    -1.3412    31.3541    31.3823  1025.3406    25.2078    365.938    346.096  370.98410     98.640     0.3736     1.8938     0.5579 1.0000e-12      23837         12  0.000e+00
     27.239   62.05016 -175.20864     27.505    -1.3406    -1.3405    -1.3411    31.3541    31.3825  1025.3407    25.2077    366.206    346.089  370.98313     98.712     0.3687     1.8645     0.5591 1.0000e-12      23838         12  0.000e+00
     27.201   62.05016 -175.20864     27.466    -1.3406    -1.3404    -1.3411    31.3539    31.3821  1025.3404    25.2076    366.211    346.079  370.98367     98.713     0.3663     1.8498     0.5579 1.0000e-12      23839         12  0.000e+00
     27.239   62.05016 -175.20864     27.505    -1.3406    -1.3404    -1.3411    31.3539    31.3823  1025.3406    25.2076    365.699    346.039  370.98350     98.575     0.3663     1.8498     0.5579 1.0000e-12      23840         12  0.000e+00
     27.201   62.05016 -175.20864     27.466    -1.3411    -1.3402    -1.3415    31.3544    31.3820  1025.3408    25.2080    366.126    345.994  370.98686     98.690     0.3663     1.8498     0.5591 1.0000e-12      23841         12  0.000e+00
     27.185   62.05016 -175.20864     27.450    -1.3409    -1.3404    -1.3414    31.3543    31.3822  1025.3406    25.2079    366.387    346.181  370.98539     98.760     0.3675     1.8571     0.5520 1.0000e-12      23842         12  0.000e+00
     27.316   62.05016 -175.20864     27.583    -1.3412    -1.3405    -1.3417    31.3545    31.3822  1025.3414    25.2081    366.187    345.977  370.98825     98.706     0.3663     1.8498     0.5413 1.0000e-12      23843         12  0.000e+00
     27.262   62.05016 -175.20864     27.528    -1.3415    -1.3402    -1.3420    31.3544    31.3824  1025.3411    25.2081    365.978    346.186  370.99126     98.649     0.3663     1.8498     0.5389 1.0000e-12      23844         12  0.000e+00
     27.239   62.05016 -175.20864     27.505    -1.3417    -1.3405    -1.3422    31.3550    31.3824  1025.3415    25.2086    365.979    346.173  370.99118     98.649     0.3663     1.8498     0.5389 1.0000e-12      23845         12  0.000e+00
     27.262   62.05016 -175.20864     27.528    -1.3415    -1.3402    -1.3420    31.3545    31.3819  1025.3412    25.2081    366.502    345.957  370.99101     98.790     0.3663     1.8498     0.5389 1.0000e-12      23846         12  0.000e+00
     27.301   62.05016 -175.20864     27.567    -1.3415    -1.3401    -1.3420    31.3546    31.3820  1025.3415    25.2082    366.294    345.940  370.99071     98.734     0.3663     1.8498     0.5389 1.0000e-12      23847         12  0.000e+00
     27.262   62.05016 -175.20864     27.528    -1.3417    -1.3399    -1.3422    31.3548    31.3820  1025.3415    25.2084    366.032    345.690  370.99184     98.663     0.3663     1.8498     0.5389 1.0000e-12      23848         12  0.000e+00
     27.239   62.05016 -175.20864     27.505    -1.3415    -1.3398    -1.3420    31.3545    31.3818  1025.3411    25.2081    366.289    345.870  370.99097     98.733     0.3675     1.8571     0.5401 1.0000e-12      23849         12  0.000e+00
     27.263   62.05016 -175.20864     27.528    -1.3417    -1.3397    -1.3422    31.3547    31.3822  1025.3413    25.2082    366.290    345.886  370.99233     98.732     0.3663     1.8498     0.5389 1.0000e-12      23850         12  0.000e+00
     27.239   62.05016 -175.20864     27.505    -1.3415    -1.3393    -1.3420    31.3546    31.3820  1025.3412    25.2082    366.282    345.867  370.99073     98.731     0.3675     1.8571     0.5389 1.0000e-12      23851         12  0.000e+00
     27.263   62.05016 -175.20864     27.528    -1.3415    -1.3389    -1.3420    31.3547    31.3818  1025.3414    25.2083    366.277    345.849  370.99040     98.730     0.3663     1.8498     0.5389 1.0000e-12      23852         12  0.000e+00
     27.239   62.05016 -175.20864     27.505    -1.3417    -1.3381    -1.3422    31.3551    31.3818  1025.3416    25.2086    366.269    346.054  370.99106     98.727     0.3675     1.8571     0.5389 1.0000e-12      23853         12  0.000e+00
     27.263   62.05016 -175.20864     27.528    -1.3414    -1.3377    -1.3418    31.3544    31.3818  1025.3411    25.2080    366.309    345.837  370.98969     98.738     0.3663     1.8498     0.5389 1.0000e-12      23854         12  0.000e+00
     27.239   62.05016 -175.20864     27.505    -1.3411    -1.3372    -1.3415    31.3545    31.3814  1025.3411    25.2081    366.294    345.816  370.98643     98.735     0.3663     1.8498     0.5389 1.0000e-12      23855         12  0.000e+00
     27.263   62.05016 -175.20864     27.528    -1.3403    -1.3367    -1.3408    31.3538    31.3812  1025.3406    25.2075    366.327    345.797  370.98105     98.746     0.3663     1.8498     0.5389 1.0000e-12      23856         12  0.000e+00
     27.240   62.05016 -175.20864     27.505    -1.3395    -1.3366    -1.3400    31.3537    31.3811  1025.3404    25.2074    366.305    345.778  370.97335     98.742     0.3663     1.8498     0.5389 1.0000e-12      23857         12  0.000e+00
     27.201   62.05016 -175.20864     27.466    -1.3391    -1.3365    -1.3395    31.3536    31.3803  1025.3401    25.2073    366.335    345.729  370.96911     98.751     0.3663     1.8498     0.5389 1.0000e-12      23858         12  0.000e+00
     27.240   62.05016 -175.20864     27.505    -1.3392    -1.3363    -1.3397    31.3536    31.3803  1025.3403    25.2074    366.065    345.711  370.97062     98.678     0.3663     1.8498     0.5389 1.0000e-12      23859         12  0.000e+00
     27.201   62.05016 -175.20864     27.466    -1.3391    -1.3367    -1.3395    31.3538    31.3810  1025.3402    25.2075    366.308    345.695  370.96850     98.744     0.3675     1.8571     0.5389 1.0000e-12      23860         12  0.000e+00
     19.983   62.05010 -175.20898     20.177    -0.6095    -0.6388    -0.6099    31.3243    31.3201  1025.2600    25.1629    387.159    364.361  363.87792    106.398     0.2454     1.1245     0.5176 1.0000e-12      26823         13  0.000e+00
     19.944   62.05010 -175.20898     20.138    -0.5823    -0.6372    -0.5828    31.3292    31.3267  1025.2628    25.1659    386.588    364.328  363.60128    106.322     0.2418     1.1025     0.5176 1.0000e-12      26824         13  0.000e+00
     19.867   62.05010 -175.20898     20.060    -0.5428    -0.6258    -0.5433    31.3095    31.3284  1025.2451    25.1486    386.150    364.201  363.27640    106.297     0.2271     1.0146     0.5176 1.0000e-12      26825         13  0.000e+00
     19.921   62.05010 -175.20898     20.115    -0.5217    -0.6041    -0.5222    31.2977    31.3249  1025.2351    25.1383    386.168    363.953  363.10677    106.351     0.2222     0.9853     0.5176 1.0000e-12      26826         13  0.000e+00
