EcoFOCI/data/1_SampleCollection/2023_SikuliaqDBO_CruiseData/CTD_raw_BottleFile_SKQ23-12S/proc/skq202312s_050svp.cnv
* Sea-Bird SBE 9 Data File:
* FileName = D:\CTD\SKQ202312S\SKQ202312S_050.hex
* Software Version Seasave V 7.26.7.121
* Temperature SN = 6177
* Conductivity SN = 0369
* Number of Bytes Per Scan = 41
* Number of Voltage Words = 4
* Number of Scans Averaged by the Deck Unit = 1
* NMEA Latitude = 70 34.79 N
* NMEA Longitude = 162 29.45 W
* NMEA UTC (Time) = Sep 26 2023  15:58:50
* NMEA baud rate = 4800
** Ship: R/V Sikuliaq
** Station Number: 050
** Station Name: IC11
** Bottom Depth: 38
** Operator: SD
# nquan = 7
# nvalues = 4614                                  
# units = specified
# name 0 = depSM: Depth [salt water, m]
# name 1 = latitude: Latitude [deg]
# name 2 = longitude: Longitude [deg]
# name 3 = t090C: Temperature [ITS-90, deg C]
# name 4 = sal00: Salinity, Practical [PSU]
# name 5 = svCM: Sound Velocity [Chen-Millero, m/s]
# name 6 = flag:  0.000e+00
# span 0 =      2.851,     34.023                 
# span 1 =   70.57986,   70.58002                 
# span 2 = -162.49076, -162.49074                 
# span 3 =     5.4639,     7.5769                 
# span 4 =    28.5417,    30.9913                 
# span 5 =    1467.25,    1475.53                 
# span 6 = 0.0000e+00, 0.0000e+00                 
# interval = seconds: 0.0416667
# start_time = Sep 26 2023 16:02:32 [NMEA time, first data scan]
# bad_flag = -9.990e-29
*END*
[from data line 1436]
     10.308   70.57990 -162.49076     6.6053    28.5727    1469.23  0.000e+00
     10.370   70.57990 -162.49076     6.6048    28.5731    1469.23  0.000e+00
     10.308   70.57990 -162.49076     6.6048    28.5733    1469.23  0.000e+00
     10.339   70.57990 -162.49076     6.6046    28.5732    1469.23  0.000e+00
     10.370   70.57990 -162.49076     6.6045    28.5730    1469.23  0.000e+00
     10.370   70.57990 -162.49076     6.6042    28.5721    1469.23  0.000e+00
     10.370   70.57990 -162.49076     6.6033    28.5718    1469.23  0.000e+00
     10.370   70.57990 -162.49076     6.6028    28.5717    1469.22  0.000e+00
     10.393   70.57990 -162.49076     6.6021    28.5721    1469.22  0.000e+00
     10.370   70.57990 -162.49076     6.6020    28.5721    1469.22  0.000e+00
     10.424   70.57990 -162.49076     6.6012    28.5724    1469.22  0.000e+00
     10.370   70.57990 -162.49076     6.6010    28.5732    1469.22  0.000e+00
     10.424   70.57990 -162.49076     6.6010    28.5755    1469.22  0.000e+00
     10.455   70.57990 -162.49076     6.6019    28.5767    1469.23  0.000e+00
     10.424   70.57990 -162.49076     6.6029    28.5775    1469.23  0.000e+00
     10.424   70.57990 -162.49076     6.6039    28.5776    1469.24  0.000e+00
     10.424   70.57990 -162.49076     6.6045    28.5769    1469.24  0.000e+00
     10.486   70.57990 -162.49076     6.6050    28.5742    1469.24  0.000e+00
     10.455   70.57990 -162.49076     6.6044    28.5733    1469.23  0.000e+00
     10.424   70.57990 -162.49076     6.6040    28.5734    1469.23  0.000e+00
     10.486   70.57990 -162.49076     6.6037    28.5738    1469.23  0.000e+00
     10.486   70.57990 -162.49076     6.6037    28.5733    1469.23  0.000e+00
     10.486   70.57990 -162.49076     6.6033    28.5731    1469.23  0.000e+00
     10.455   70.57990 -162.49076     6.6029    28.5727    1469.23  0.000e+00
     10.486   70.57990 -162.49076     6.6027    28.5737    1469.23  0.000e+00
     10.486   70.57990 -162.49076     6.6028    28.5758    1469.23  0.000e+00
     10.540   70.57990 -162.49076     6.6031    28.5775    1469.24  0.000e+00
     10.486   70.57990 -162.49076     6.6044    28.5779    1469.24  0.000e+00
     10.509   70.57990 -162.49076     6.6048    28.5777    1469.24  0.000e+00
     10.540   70.57990 -162.49076     6.6058    28.5754    1469.24  0.000e+00
     10.540   70.57990 -162.49076     6.6055    28.5736    1469.24  0.000e+00
     10.540   70.57990 -162.49076     6.6048    28.5720    1469.24  0.000e+00
     10.539   70.57990 -162.49076     6.6040    28.5711    1469.23  0.000e+00
     10.509   70.57990 -162.49076     6.6029    28.5714    1469.23  0.000e+00
     10.593   70.57990 -162.49076     6.6021    28.5719    1469.23  0.000e+00
     10.539   70.57990 -162.49076     6.6017    28.5727    1469.22  0.000e+00
     10.539   70.57990 -162.49076     6.6015    28.5735    1469.22  0.000e+00
     10.593   70.57990 -162.49076     6.6014    28.5742    1469.23  0.000e+00
     10.563   70.57990 -162.49076     6.6014    28.5741    1469.22  0.000e+00
     10.539   70.57990 -162.49076     6.6014    28.5734    1469.22  0.000e+00
     10.593   70.57990 -162.49076     6.6014    28.5733    1469.22  0.000e+00
     10.593   70.57990 -162.49076     6.6012    28.5731    1469.22  0.000e+00
     10.593   70.57990 -162.49076     6.6010    28.5727    1469.22  0.000e+00
     10.563   70.57990 -162.49076     6.6010    28.5730    1469.22  0.000e+00
     10.655   70.57990 -162.49076     6.6008    28.5734    1469.22  0.000e+00
     10.593   70.57990 -162.49076     6.6007    28.5739    1469.22  0.000e+00
     10.593   70.57990 -162.49076     6.6012    28.5756    1469.23  0.000e+00
     10.655   70.57990 -162.49076     6.6015    28.5764    1469.23  0.000e+00
     10.624   70.57990 -162.49076     6.6023    28.5765    1469.23  0.000e+00
     10.593   70.57990 -162.49076     6.6028    28.5766    1469.23  0.000e+00
     10.655   70.57990 -162.49076     6.6035    28.5754    1469.24  0.000e+00
     10.655   70.57990 -162.49076     6.6033    28.5739    1469.23  0.000e+00
     10.655   70.57990 -162.49076     6.6028    28.5729    1469.23  0.000e+00
     10.624   70.57990 -162.49076     6.6021    28.5734    1469.23  0.000e+00
     10.655   70.57990 -162.49076     6.6017    28.5743    1469.23  0.000e+00
     10.709   70.57990 -162.49076     6.6018    28.5750    1469.23  0.000e+00
     10.655   70.57990 -162.49076     6.6020    28.5758    1469.23  0.000e+00
     10.678   70.57990 -162.49076     6.6023    28.5759    1469.23  0.000e+00
     10.709   70.57990 -162.49076     6.6026    28.5764    1469.24  0.000e+00
     10.709   70.57990 -162.49076     6.6036    28.5770    1469.24  0.000e+00
     10.655   70.57990 -162.49076     6.6043    28.5776    1469.24  0.000e+00
     10.709   70.57990 -162.49076     6.6052    28.5771    1469.25  0.000e+00
     10.740   70.57990 -162.49076     6.6055    28.5768    1469.25  0.000e+00
     10.709   70.57990 -162.49076     6.6058    28.5760    1469.25  0.000e+00
     10.709   70.57990 -162.49076     6.6062    28.5755    1469.25  0.000e+00
     10.771   70.57990 -162.49076     6.6063    28.5747    1469.25  0.000e+00
     10.709   70.57990 -162.49076     6.6063    28.5734    1469.25  0.000e+00
     10.740   70.57990 -162.49076     6.6055    28.5723    1469.24  0.000e+00
     10.771   70.57990 -162.49076     6.6047    28.5728    1469.24  0.000e+00
     10.771   70.57990 -162.49076     6.6045    28.5736    1469.24  0.000e+00
     10.771   70.57990 -162.49076     6.6045    28.5738    1469.24  0.000e+00
     10.771   70.57990 -162.49076     6.6045    28.5742    1469.24  0.000e+00
     10.794   70.57990 -162.49076     6.6044    28.5744    1469.24  0.000e+00
     10.771   70.57990 -162.49076     6.6042    28.5744    1469.24  0.000e+00
     10.825   70.57990 -162.49076     6.6040    28.5752    1469.24  0.000e+00
     10.771   70.57990 -162.49076     6.6044    28.5758    1469.24  0.000e+00
     10.825   70.57990 -162.49076     6.6046    28.5766    1469.25  0.000e+00
     10.794   70.57990 -162.49076     6.6052    28.5765    1469.25  0.000e+00
     10.825   70.57990 -162.49076     6.6060    28.5761    1469.25  0.000e+00
     10.825   70.57990 -162.49076     6.6062    28.5752    1469.25  0.000e+00
     10.825   70.57990 -162.49076     6.6062    28.5744    1469.25  0.000e+00
     10.886   70.57990 -162.49076     6.6058    28.5743    1469.25  0.000e+00
     10.855   70.57990 -162.49076     6.6055    28.5739    1469.25  0.000e+00
     10.886   70.57990 -162.49076     6.6052    28.5736    1469.24  0.000e+00
     10.886   70.57990 -162.49076     6.6048    28.5734    1469.24  0.000e+00
     10.886   70.57990 -162.49076     6.6047    28.5730    1469.24  0.000e+00
     10.909   70.57990 -162.49076     6.6044    28.5737    1469.24  0.000e+00
     10.886   70.57990 -162.49076     6.6042    28.5752    1469.24  0.000e+00
     10.886   70.57990 -162.49076     6.6050    28.5766    1469.25  0.000e+00
     10.940   70.57990 -162.49076     6.6055    28.5767    1469.25  0.000e+00
     10.940   70.57990 -162.49076     6.6058    28.5767    1469.25  0.000e+00
     10.909   70.57990 -162.49076     6.6063    28.5759    1469.25  0.000e+00
     10.940   70.57990 -162.49076     6.6064    28.5763    1469.25  0.000e+00
     10.994   70.57990 -162.49076     6.6066    28.5763    1469.26  0.000e+00
     10.940   70.57990 -162.49076     6.6070    28.5761    1469.26  0.000e+00
     10.940   70.57990 -162.49076     6.6073    28.5760    1469.26  0.000e+00
     10.963   70.57990 -162.49076     6.6073    28.5762    1469.26  0.000e+00
     10.994   70.57990 -162.49076     6.6074    28.5765    1469.26  0.000e+00
     10.940   70.57990 -162.49076     6.6079    28.5765    1469.26  0.000e+00
     10.994   70.57990 -162.49076     6.6079    28.5757    1469.26  0.000e+00
     10.994   70.57990 -162.49076     6.6077    28.5754    1469.26  0.000e+00
     11.025   70.57990 -162.49076     6.6081    28.5750    1469.26  0.000e+00
     10.994   70.57990 -162.49076     6.6077    28.5759    1469.26  0.000e+00
     11.056   70.57990 -162.49076     6.6077    28.5755    1469.26  0.000e+00
     10.994   70.57990 -162.49076     6.6077    28.5748    1469.26  0.000e+00
     11.025   70.57990 -162.49076     6.6076    28.5745    1469.26  0.000e+00
     11.056   70.57990 -162.49076     6.6073    28.5740    1469.26  0.000e+00
     11.056   70.57990 -162.49076     6.6070    28.5737    1469.25  0.000e+00
     11.056   70.57990 -162.49076     6.6065    28.5739    1469.25  0.000e+00
     11.056   70.57990 -162.49076     6.6064    28.5743    1469.25  0.000e+00
     11.079   70.57990 -162.49076     6.6062    28.5738    1469.25  0.000e+00
     11.056   70.57990 -162.49076     6.6057    28.5729    1469.25  0.000e+00
     11.110   70.57990 -162.49076     6.6048    28.5732    1469.25  0.000e+00
     11.056   70.57990 -162.49076     6.6044    28.5734    1469.24  0.000e+00
     11.110   70.57990 -162.49076     6.6040    28.5740    1469.24  0.000e+00
     11.141   70.57990 -162.49076     6.6037    28.5738    1469.24  0.000e+00
     11.110   70.57990 -162.49076     6.6036    28.5726    1469.24  0.000e+00
     11.110   70.57990 -162.49076     6.6026    28.5717    1469.24  0.000e+00
     11.171   70.57990 -162.49076     6.6021    28.5709    1469.23  0.000e+00
     11.056   70.57990 -162.49076     6.6013    28.5724    1469.23  0.000e+00
     11.195   70.57990 -162.49076     6.6010    28.5739    1469.23  0.000e+00
     11.110   70.57990 -162.49076     6.6012    28.5748    1469.23  0.000e+00
     11.171   70.57990 -162.49076     6.6014    28.5754    1469.24  0.000e+00
     11.171   70.57990 -162.49076     6.6017    28.5753    1469.24  0.000e+00
     11.141   70.57990 -162.49076     6.6019    28.5755    1469.24  0.000e+00
     11.225   70.57990 -162.49076     6.6026    28.5742    1469.24  0.000e+00
     11.171   70.57990 -162.49076     6.6025    28.5745    1469.24  0.000e+00
     11.171   70.57990 -162.49076     6.6025    28.5744    1469.24  0.000e+00
     11.225   70.57990 -162.49076     6.6025    28.5742    1469.24  0.000e+00
     11.195   70.57990 -162.49076     6.6025    28.5743    1469.24  0.000e+00
     11.225   70.57990 -162.49076     6.6026    28.5741    1469.24  0.000e+00
     11.171   70.57990 -162.49076     6.6025    28.5745    1469.24  0.000e+00
     11.287   70.57990 -162.49076     6.6025    28.5740    1469.24  0.000e+00
     11.194   70.57990 -162.49076     6.6021    28.5728    1469.24  0.000e+00
     11.225   70.57990 -162.49076     6.6014    28.5721    1469.23  0.000e+00
     11.225   70.57990 -162.49076     6.6007    28.5723    1469.23  0.000e+00
     11.287   70.57990 -162.49076     6.6007    28.5734    1469.23  0.000e+00
     11.287   70.57990 -162.49076     6.6010    28.5754    1469.24  0.000e+00
     11.248   70.57990 -162.49076     6.6018    28.5771    1469.24  0.000e+00
     11.287   70.57990 -162.49076     6.6026    28.5777    1469.25  0.000e+00
     11.225   70.57990 -162.49076     6.6037    28.5767    1469.25  0.000e+00
     11.341   70.57990 -162.49076     6.6040    28.5764    1469.25  0.000e+00
     11.287   70.57990 -162.49076     6.6047    28.5760    1469.25  0.000e+00
     11.310   70.57990 -162.49076     6.6048    28.5749    1469.25  0.000e+00
     11.287   70.57990 -162.49076     6.6047    28.5736    1469.25  0.000e+00
     11.341   70.57990 -162.49076     6.6038    28.5737    1469.25  0.000e+00
     11.341   70.57990 -162.49076     6.6037    28.5741    1469.25  0.000e+00
     11.310   70.57990 -162.49076     6.6037    28.5750    1469.25  0.000e+00
     11.341   70.57990 -162.49076     6.6037    28.5753    1469.25  0.000e+00
     11.341   70.57990 -162.49076     6.6040    28.5758    1469.25  0.000e+00
     11.341   70.57990 -162.49076     6.6046    28.5779    1469.26  0.000e+00
     11.395   70.57990 -162.49076     6.6057    28.5788    1469.26  0.000e+00
     11.364   70.57990 -162.49076     6.6066    28.5771    1469.26  0.000e+00
     11.341   70.57990 -162.49076     6.6068    28.5763    1469.26  0.000e+00
     11.457   70.57992 -162.49076     6.6071    28.5765    1469.27  0.000e+00
     11.395   70.57992 -162.49076     6.6074    28.5761    1469.27  0.000e+00
     11.364   70.57992 -162.49076     6.6076    28.5764    1469.27  0.000e+00
     11.457   70.57992 -162.49076     6.6077    28.5771    1469.27  0.000e+00
     11.395   70.57992 -162.49076     6.6082    28.5779    1469.27  0.000e+00
     11.457   70.57992 -162.49076     6.6087    28.5777    1469.27  0.000e+00
     11.457   70.57992 -162.49076     6.6093    28.5763    1469.27  0.000e+00
     11.426   70.57992 -162.49076     6.6093    28.5753    1469.27  0.000e+00
     11.456   70.57992 -162.49076     6.6087    28.5758    1469.27  0.000e+00
     11.395   70.57992 -162.49076     6.6090    28.5773    1469.27  0.000e+00
     11.510   70.57992 -162.49076     6.6096    28.5779    1469.28  0.000e+00
     11.480   70.57992 -162.49076     6.6102    28.5785    1469.28  0.000e+00
     11.510   70.57992 -162.49076     6.6106    28.5779    1469.28  0.000e+00
     11.456   70.57992 -162.49076     6.6108    28.5773    1469.28  0.000e+00
     11.510   70.57992 -162.49076     6.6110    28.5777    1469.28  0.000e+00
     11.510   70.57992 -162.49076     6.6116    28.5773    1469.29  0.000e+00
     11.480   70.57992 -162.49076     6.6116    28.5770    1469.28  0.000e+00
     11.572   70.57992 -162.49076     6.6116    28.5767    1469.29  0.000e+00
     11.510   70.57992 -162.49076     6.6118    28.5769    1469.29  0.000e+00
     11.572   70.57992 -162.49076     6.6119    28.5765    1469.29  0.000e+00
     11.541   70.57992 -162.49076     6.6118    28.5760    1469.28  0.000e+00
     11.572   70.57992 -162.49076     6.6113    28.5750    1469.28  0.000e+00
     11.572   70.57992 -162.49076     6.6106    28.5746    1469.28  0.000e+00
     11.510   70.57992 -162.49076     6.6099    28.5753    1469.28  0.000e+00
     11.626   70.57992 -162.49076     6.6096    28.5759    1469.28  0.000e+00
     11.541   70.57992 -162.49076     6.6093    28.5764    1469.28  0.000e+00
     11.626   70.57992 -162.49076     6.6093    28.5755    1469.28  0.000e+00
     11.572   70.57992 -162.49076     6.6090    28.5740    1469.27  0.000e+00
     11.626   70.57992 -162.49076     6.6082    28.5723    1469.27  0.000e+00
     11.595   70.57992 -162.49076     6.6071    28.5716    1469.26  0.000e+00
     11.626   70.57992 -162.49076     6.6062    28.5717    1469.26  0.000e+00
     11.626   70.57992 -162.49076     6.6049    28.5722    1469.25  0.000e+00
     11.572   70.57992 -162.49076     6.6042    28.5727    1469.25  0.000e+00
     11.626   70.57992 -162.49076     6.6039    28.5733    1469.25  0.000e+00
     11.649   70.57992 -162.49076     6.6034    28.5733    1469.25  0.000e+00
     11.688   70.57992 -162.49076     6.6028    28.5737    1469.25  0.000e+00
     11.626   70.57992 -162.49076     6.6027    28.5733    1469.25  0.000e+00
     11.626   70.57992 -162.49076     6.6021    28.5735    1469.24  0.000e+00
     11.649   70.57992 -162.49076     6.6020    28.5744    1469.25  0.000e+00
     11.688   70.57992 -162.49076     6.6021    28.5752    1469.25  0.000e+00
     11.688   70.57992 -162.49076     6.6023    28.5753    1469.25  0.000e+00
     11.688   70.57992 -162.49076     6.6027    28.5751    1469.25  0.000e+00
     11.688   70.57992 -162.49076     6.6028    28.5752    1469.25  0.000e+00
     11.649   70.57992 -162.49076     6.6029    28.5750    1469.25  0.000e+00
     11.742   70.57992 -162.49076     6.6029    28.5746    1469.25  0.000e+00
     11.688   70.57992 -162.49076     6.6029    28.5743    1469.25  0.000e+00
     11.688   70.57992 -162.49076     6.6031    28.5742    1469.25  0.000e+00
     11.711   70.57992 -162.49076     6.6027    28.5742    1469.25  0.000e+00
     11.742   70.57992 -162.49076     6.6029    28.5744    1469.25  0.000e+00
     11.742   70.57992 -162.49076     6.6029    28.5758    1469.25  0.000e+00
     11.688   70.57992 -162.49076     6.6034    28.5774    1469.26  0.000e+00
