EcoFOCI/data/1_SampleCollection/2023_SikuliaqDBO_CruiseData/CTD_raw_BottleFile_SKQ23-12S/proc/skq202312s_078svp.cnv
* Sea-Bird SBE 9 Data File:
* FileName = D:\CTD\SKQ202312S\SKQ202312S_078.hex
* Software Version Seasave V 7.26.7.121
* Temperature SN = 6177
* Conductivity SN = 0369
* Number of Bytes Per Scan = 41
* Number of Voltage Words = 4
* Number of Scans Averaged by the Deck Unit = 1
* NMEA Latitude = 65 45.65 N
* NMEA Longitude = 168 44.60 W
* NMEA UTC (Time) = Oct 03 2023  06:14:15
* NMEA baud rate = 4800
** Ship: R/V Sikuliaq
** Station Number: 078
** Station Name: BS7
** Bottom Depth: 53
** Operator: SD
# nquan = 7
# nvalues = 4230                                  
# units = specified
# name 0 = depSM: Depth [salt water, m]
# name 1 = latitude: Latitude [deg]
# name 2 = longitude: Longitude [deg]
# name 3 = t090C: Temperature [ITS-90, deg C]
# name 4 = sal00: Salinity, Practical [PSU]
# name 5 = svCM: Sound Velocity [Chen-Millero, m/s]
# name 6 = flag:  0.000e+00
# span 0 =      2.078,     47.760                 
# span 1 =   65.76066,   65.76074                 
# span 2 = -168.74416, -168.74384                 
# span 3 =     2.8525,     5.9264                 
# span 4 =    27.3708,    32.8741                 
# span 5 =    1459.32,    1470.13                 
# span 6 = 0.0000e+00, 0.0000e+00                 
# interval = seconds: 0.0416667
# start_time = Oct 03 2023 06:17:41 [NMEA time, first data scan]
# bad_flag = -9.990e-29
*END*
[from data line 1847]
     15.392   65.76070 -168.74398     4.7451    31.9679    1466.07  0.000e+00
     15.422   65.76070 -168.74398     4.7440    31.9678    1466.07  0.000e+00
     15.422   65.76070 -168.74398     4.7430    31.9664    1466.06  0.000e+00
     15.422   65.76070 -168.74398     4.7414    31.9650    1466.06  0.000e+00
     15.446   65.76070 -168.74398     4.7397    31.9654    1466.05  0.000e+00
     15.422   65.76070 -168.74398     4.7381    31.9659    1466.04  0.000e+00
     15.484   65.76070 -168.74398     4.7367    31.9666    1466.04  0.000e+00
     15.484   65.76070 -168.74398     4.7355    31.9671    1466.04  0.000e+00
     15.446   65.76070 -168.74398     4.7343    31.9672    1466.03  0.000e+00
     15.538   65.76070 -168.74398     4.7327    31.9668    1466.02  0.000e+00
     15.484   65.76070 -168.74398     4.7314    31.9663    1466.02  0.000e+00
     15.484   65.76070 -168.74398     4.7299    31.9675    1466.01  0.000e+00
     15.561   65.76070 -168.74398     4.7287    31.9676    1466.01  0.000e+00
     15.538   65.76070 -168.74398     4.7272    31.9672    1466.00  0.000e+00
     15.538   65.76070 -168.74398     4.7261    31.9668    1466.00  0.000e+00
     15.592   65.76070 -168.74398     4.7246    31.9676    1465.99  0.000e+00
     15.561   65.76070 -168.74398     4.7229    31.9682    1465.99  0.000e+00
     15.592   65.76070 -168.74398     4.7213    31.9686    1465.98  0.000e+00
     15.654   65.76070 -168.74398     4.7197    31.9684    1465.97  0.000e+00
     15.654   65.76070 -168.74398     4.7175    31.9692    1465.97  0.000e+00
     15.623   65.76070 -168.74398     4.7154    31.9703    1465.96  0.000e+00
     15.708   65.76070 -168.74398     4.7138    31.9705    1465.95  0.000e+00
     15.654   65.76070 -168.74398     4.7118    31.9709    1465.95  0.000e+00
     15.708   65.76070 -168.74398     4.7096    31.9713    1465.94  0.000e+00
     15.739   65.76070 -168.74398     4.7075    31.9710    1465.93  0.000e+00
     15.770   65.76070 -168.74398     4.7051    31.9711    1465.92  0.000e+00
     15.770   65.76070 -168.74398     4.7026    31.9710    1465.91  0.000e+00
     15.770   65.76070 -168.74398     4.6999    31.9708    1465.90  0.000e+00
     15.824   65.76070 -168.74398     4.6968    31.9709    1465.89  0.000e+00
     15.847   65.76070 -168.74398     4.6942    31.9707    1465.88  0.000e+00
     15.824   65.76070 -168.74398     4.6905    31.9708    1465.86  0.000e+00
     15.885   65.76070 -168.74398     4.6870    31.9698    1465.85  0.000e+00
     15.939   65.76070 -168.74398     4.6834    31.9688    1465.83  0.000e+00
     15.908   65.76070 -168.74398     4.6794    31.9676    1465.81  0.000e+00
     15.939   65.76070 -168.74398     4.6747    31.9666    1465.79  0.000e+00
     15.939   65.76070 -168.74398     4.6697    31.9655    1465.77  0.000e+00
     16.055   65.76070 -168.74398     4.6643    31.9632    1465.75  0.000e+00
     15.962   65.76070 -168.74398     4.6579    31.9610    1465.72  0.000e+00
     16.055   65.76070 -168.74398     4.6515    31.9595    1465.69  0.000e+00
     16.055   65.76070 -168.74398     4.6441    31.9596    1465.66  0.000e+00
     16.055   65.76070 -168.74398     4.6364    31.9590    1465.63  0.000e+00
     16.194   65.76070 -168.74398     4.6283    31.9585    1465.59  0.000e+00
     16.171   65.76070 -168.74398     4.6193    31.9563    1465.55  0.000e+00
     16.109   65.76070 -168.74398     4.6095    31.9553    1465.51  0.000e+00
     16.248   65.76070 -168.74398     4.5991    31.9548    1465.47  0.000e+00
     16.225   65.76070 -168.74398     4.5890    31.9524    1465.42  0.000e+00
     16.225   65.76070 -168.74398     4.5783    31.9531    1465.38  0.000e+00
     16.286   65.76070 -168.74398     4.5685    31.9546    1465.34  0.000e+00
     16.310   65.76070 -168.74398     4.5591    31.9558    1465.31  0.000e+00
     16.340   65.76070 -168.74398     4.5496    31.9568    1465.27  0.000e+00
     16.394   65.76070 -168.74398     4.5405    31.9587    1465.23  0.000e+00
     16.394   65.76070 -168.74398     4.5313    31.9602    1465.20  0.000e+00
     16.425   65.76070 -168.74398     4.5224    31.9616    1465.16  0.000e+00
     16.456   65.76070 -168.74398     4.5145    31.9626    1465.13  0.000e+00
     16.456   65.76070 -168.74398     4.5068    31.9629    1465.10  0.000e+00
     16.510   65.76070 -168.74398     4.4997    31.9627    1465.07  0.000e+00
     16.541   65.76070 -168.74398     4.4926    31.9634    1465.04  0.000e+00
     16.572   65.76070 -168.74398     4.4852    31.9638    1465.01  0.000e+00
     16.572   65.76070 -168.74398     4.4787    31.9634    1464.99  0.000e+00
     16.626   65.76070 -168.74398     4.4711    31.9648    1464.96  0.000e+00
     16.649   65.76070 -168.74398     4.4642    31.9675    1464.93  0.000e+00
     16.688   65.76070 -168.74398     4.4585    31.9714    1464.91  0.000e+00
     16.688   65.76070 -168.74398     4.4546    31.9749    1464.90  0.000e+00
     16.742   65.76070 -168.74398     4.4520    31.9783    1464.90  0.000e+00
     16.765   65.76070 -168.74398     4.4503    31.9810    1464.89  0.000e+00
     16.796   65.76070 -168.74398     4.4497    31.9828    1464.89  0.000e+00
     16.796   65.76070 -168.74398     4.4493    31.9831    1464.89  0.000e+00
     16.826   65.76070 -168.74398     4.4489    31.9835    1464.89  0.000e+00
     16.857   65.76070 -168.74398     4.4486    31.9832    1464.89  0.000e+00
     16.911   65.76070 -168.74398     4.4478    31.9836    1464.89  0.000e+00
     16.857   65.76070 -168.74398     4.4471    31.9828    1464.88  0.000e+00
     16.996   65.76070 -168.74398     4.4462    31.9815    1464.88  0.000e+00
     16.973   65.76070 -168.74398     4.4448    31.9814    1464.88  0.000e+00
     16.973   65.76070 -168.74398     4.4431    31.9802    1464.87  0.000e+00
     17.027   65.76070 -168.74398     4.4412    31.9788    1464.86  0.000e+00
     16.996   65.76070 -168.74398     4.4383    31.9771    1464.84  0.000e+00
     17.089   65.76070 -168.74398     4.4350    31.9760    1464.83  0.000e+00
     17.089   65.76070 -168.74398     4.4304    31.9760    1464.81  0.000e+00
     17.112   65.76070 -168.74398     4.4257    31.9759    1464.79  0.000e+00
     17.089   65.76070 -168.74398     4.4203    31.9782    1464.77  0.000e+00
     17.197   65.76070 -168.74398     4.4156    31.9797    1464.76  0.000e+00
     17.143   65.76070 -168.74398     4.4108    31.9819    1464.74  0.000e+00
     17.166   65.76070 -168.74398     4.4060    31.9839    1464.72  0.000e+00
     17.197   65.76070 -168.74398     4.4016    31.9856    1464.70  0.000e+00
     17.258   65.76070 -168.74398     4.3978    31.9866    1464.69  0.000e+00
     17.258   65.76070 -168.74398     4.3937    31.9883    1464.68  0.000e+00
     17.282   65.76070 -168.74398     4.3899    31.9891    1464.66  0.000e+00
     17.258   65.76070 -168.74398     4.3856    31.9893    1464.64  0.000e+00
     17.312   65.76070 -168.74398     4.3812    31.9885    1464.63  0.000e+00
     17.282   65.76070 -168.74398     4.3764    31.9886    1464.61  0.000e+00
     17.374   65.76070 -168.74398     4.3721    31.9871    1464.59  0.000e+00
     17.374   65.76070 -168.74398     4.3676    31.9862    1464.57  0.000e+00
     17.374   65.76070 -168.74398     4.3630    31.9862    1464.55  0.000e+00
     17.336   65.76070 -168.74398     4.3583    31.9860    1464.53  0.000e+00
     17.428   65.76070 -168.74398     4.3533    31.9864    1464.51  0.000e+00
     17.428   65.76070 -168.74398     4.3486    31.9862    1464.49  0.000e+00
     17.336   65.76070 -168.74398     4.3443    31.9852    1464.47  0.000e+00
     17.490   65.76070 -168.74398     4.3398    31.9845    1464.45  0.000e+00
     17.428   65.76070 -168.74398     4.3343    31.9864    1464.43  0.000e+00
     17.490   65.76070 -168.74398     4.3297    31.9885    1464.41  0.000e+00
     17.451   65.76070 -168.74398     4.3249    31.9905    1464.40  0.000e+00
     17.490   65.76070 -168.74398     4.3210    31.9892    1464.38  0.000e+00
     17.490   65.76070 -168.74398     4.3162    31.9902    1464.36  0.000e+00
     17.513   65.76070 -168.74398     4.3120    31.9919    1464.35  0.000e+00
     17.598   65.76070 -168.74398     4.3077    31.9940    1464.33  0.000e+00
     17.544   65.76070 -168.74398     4.3043    31.9950    1464.32  0.000e+00
     17.544   65.76070 -168.74398     4.3008    31.9961    1464.30  0.000e+00
     17.567   65.76070 -168.74398     4.2975    31.9976    1464.29  0.000e+00
     17.598   65.76070 -168.74398     4.2940    31.9996    1464.28  0.000e+00
     17.598   65.76070 -168.74398     4.2914    31.9999    1464.27  0.000e+00
     17.567   65.76070 -168.74398     4.2892    31.9988    1464.26  0.000e+00
     17.598   65.76070 -168.74398     4.2871    31.9990    1464.25  0.000e+00
     17.660   65.76070 -168.74398     4.2845    31.9999    1464.24  0.000e+00
     17.598   65.76070 -168.74398     4.2817    32.0005    1464.23  0.000e+00
     17.629   65.76070 -168.74398     4.2792    32.0010    1464.22  0.000e+00
     17.660   65.76070 -168.74398     4.2755    32.0014    1464.21  0.000e+00
     17.660   65.76070 -168.74398     4.2720    32.0034    1464.20  0.000e+00
     17.629   65.76070 -168.74398     4.2691    32.0048    1464.18  0.000e+00
     17.714   65.76070 -168.74398     4.2666    32.0042    1464.18  0.000e+00
     17.660   65.76070 -168.74398     4.2631    32.0048    1464.16  0.000e+00
     17.714   65.76070 -168.74398     4.2590    32.0067    1464.15  0.000e+00
     17.683   65.76070 -168.74398     4.2560    32.0073    1464.13  0.000e+00
     17.775   65.76070 -168.74398     4.2536    32.0083    1464.13  0.000e+00
     17.660   65.76070 -168.74398     4.2509    32.0103    1464.12  0.000e+00
     17.737   65.76070 -168.74398     4.2489    32.0107    1464.11  0.000e+00
     17.714   65.76070 -168.74398     4.2469    32.0110    1464.10  0.000e+00
     17.775   65.76070 -168.74398     4.2443    32.0116    1464.09  0.000e+00
     17.714   65.76070 -168.74398     4.2423    32.0115    1464.08  0.000e+00
     17.798   65.76070 -168.74398     4.2400    32.0118    1464.08  0.000e+00
     17.714   65.76070 -168.74398     4.2381    32.0123    1464.07  0.000e+00
     17.829   65.76070 -168.74398     4.2366    32.0127    1464.06  0.000e+00
     17.737   65.76070 -168.74398     4.2359    32.0121    1464.06  0.000e+00
     17.775   65.76070 -168.74398     4.2350    32.0120    1464.05  0.000e+00
     17.829   65.76070 -168.74398     4.2346    32.0125    1464.05  0.000e+00
     17.829   65.76070 -168.74400     4.2336    32.0122    1464.05  0.000e+00
     17.798   65.76070 -168.74400     4.2322    32.0109    1464.04  0.000e+00
     17.829   65.76070 -168.74400     4.2303    32.0090    1464.03  0.000e+00
     17.829   65.76070 -168.74400     4.2276    32.0085    1464.02  0.000e+00
     17.852   65.76070 -168.74400     4.2246    32.0084    1464.01  0.000e+00
     17.829   65.76070 -168.74400     4.2223    32.0082    1464.00  0.000e+00
     17.891   65.76070 -168.74400     4.2196    32.0085    1463.99  0.000e+00
     17.829   65.76070 -168.74400     4.2173    32.0084    1463.98  0.000e+00
     17.914   65.76070 -168.74400     4.2152    32.0084    1463.97  0.000e+00
     17.891   65.76070 -168.74400     4.2128    32.0091    1463.96  0.000e+00
     17.945   65.76070 -168.74400     4.2109    32.0086    1463.95  0.000e+00
     17.914   65.76070 -168.74400     4.2083    32.0086    1463.94  0.000e+00
     17.945   65.76070 -168.74400     4.2051    32.0097    1463.93  0.000e+00
     17.945   65.76070 -168.74400     4.2013    32.0114    1463.92  0.000e+00
     17.968   65.76070 -168.74400     4.1975    32.0129    1463.90  0.000e+00
     17.999   65.76070 -168.74400     4.1938    32.0145    1463.89  0.000e+00
     17.999   65.76070 -168.74400     4.1907    32.0148    1463.88  0.000e+00
     17.999   65.76070 -168.74400     4.1880    32.0154    1463.87  0.000e+00
     18.022   65.76070 -168.74400     4.1850    32.0157    1463.85  0.000e+00
     17.999   65.76070 -168.74400     4.1815    32.0160    1463.84  0.000e+00
     18.115   65.76070 -168.74400     4.1780    32.0161    1463.83  0.000e+00
     18.022   65.76070 -168.74400     4.1741    32.0176    1463.81  0.000e+00
     18.115   65.76070 -168.74400     4.1701    32.0191    1463.80  0.000e+00
     18.115   65.76070 -168.74400     4.1658    32.0204    1463.78  0.000e+00
     18.115   65.76070 -168.74400     4.1617    32.0213    1463.77  0.000e+00
     18.138   65.76070 -168.74400     4.1574    32.0224    1463.75  0.000e+00
     18.176   65.76070 -168.74400     4.1528    32.0236    1463.73  0.000e+00
     18.230   65.76070 -168.74400     4.1485    32.0231    1463.71  0.000e+00
     18.200   65.76070 -168.74400     4.1432    32.0228    1463.69  0.000e+00
     18.230   65.76070 -168.74400     4.1361    32.0239    1463.66  0.000e+00
     18.230   65.76070 -168.74400     4.1294    32.0255    1463.64  0.000e+00
     18.254   65.76070 -168.74400     4.1226    32.0279    1463.61  0.000e+00
     18.346   65.76070 -168.74400     4.1157    32.0290    1463.59  0.000e+00
     18.292   65.76070 -168.74400     4.1080    32.0309    1463.56  0.000e+00
     18.346   65.76070 -168.74400     4.0998    32.0339    1463.53  0.000e+00
     18.369   65.76070 -168.74400     4.0922    32.0359    1463.50  0.000e+00
     18.400   65.76070 -168.74400     4.0839    32.0390    1463.47  0.000e+00
     18.400   65.76070 -168.74400     4.0758    32.0415    1463.44  0.000e+00
     18.485   65.76070 -168.74400     4.0673    32.0443    1463.41  0.000e+00
     18.462   65.76070 -168.74400     4.0588    32.0477    1463.37  0.000e+00
     18.516   65.76070 -168.74400     4.0506    32.0509    1463.34  0.000e+00
     18.485   65.76070 -168.74400     4.0427    32.0526    1463.31  0.000e+00
     18.578   65.76070 -168.74400     4.0348    32.0545    1463.28  0.000e+00
     18.578   65.76070 -168.74400     4.0267    32.0561    1463.25  0.000e+00
     18.578   65.76070 -168.74400     4.0178    32.0575    1463.22  0.000e+00
     18.655   65.76070 -168.74400     4.0085    32.0621    1463.19  0.000e+00
     18.632   65.76070 -168.74400     3.9990    32.0681    1463.15  0.000e+00
     18.632   65.76070 -168.74400     3.9899    32.0734    1463.12  0.000e+00
     18.770   65.76070 -168.74400     3.9817    32.0784    1463.10  0.000e+00
     18.693   65.76070 -168.74400     3.9738    32.0830    1463.07  0.000e+00
     18.801   65.76070 -168.74400     3.9666    32.0889    1463.05  0.000e+00
     18.770   65.76070 -168.74400     3.9603    32.0935    1463.02  0.000e+00
     18.863   65.76070 -168.74400     3.9540    32.0976    1463.01  0.000e+00
     18.863   65.76070 -168.74400     3.9488    32.1012    1462.99  0.000e+00
     18.886   65.76070 -168.74400     3.9446    32.1052    1462.98  0.000e+00
     18.917   65.76070 -168.74400     3.9412    32.1087    1462.97  0.000e+00
     18.917   65.76070 -168.74400     3.9384    32.1122    1462.96  0.000e+00
     19.002   65.76070 -168.74400     3.9360    32.1156    1462.96  0.000e+00
     18.979   65.76070 -168.74400     3.9345    32.1199    1462.95  0.000e+00
     19.033   65.76070 -168.74400     3.9335    32.1251    1462.96  0.000e+00
     19.094   65.76070 -168.74400     3.9334    32.1305    1462.96  0.000e+00
     19.056   65.76070 -168.74400     3.9338    32.1356    1462.97  0.000e+00
     19.094   65.76070 -168.74400     3.9351    32.1407    1462.98  0.000e+00
     19.202   65.76070 -168.74400     3.9366    32.1461    1463.00  0.000e+00
     19.172   65.76070 -168.74400     3.9385    32.1507    1463.01  0.000e+00
     19.202   65.76070 -168.74400     3.9408    32.1543    1463.03  0.000e+00
     19.202   65.76070 -168.74400     3.9433    32.1578    1463.04  0.000e+00
     19.226   65.76070 -168.74400     3.9460    32.1604    1463.06  0.000e+00
     19.318   65.76070 -168.74400     3.9483    32.1633    1463.07  0.000e+00
     19.318   65.76070 -168.74400     3.9506    32.1649    1463.08  0.000e+00
