EcoFOCI/data/1_SampleCollection/2023_SikuliaqDBO_CruiseData/CTD_raw_BottleFile_SKQ23-12S/proc/skq202312s_069svp.cnv
* Sea-Bird SBE 9 Data File:
* FileName = D:\CTD\SKQ202312S\SKQ202312S_069.hex
* Software Version Seasave V 7.26.7.121
* Temperature SN = 6177
* Conductivity SN = 0369
* Number of Bytes Per Scan = 41
* Number of Voltage Words = 4
* Number of Scans Averaged by the Deck Unit = 1
* NMEA Latitude = 67 46.99 N
* NMEA Longitude = 168 35.84 W
* NMEA UTC (Time) = Sep 30 2023  01:24:11
* NMEA baud rate = 4800
** Ship: R/V Sikuliaq
** Station Number: 069
** Station Name: DBO3.7
** Bottom Depth: 50
** Operator: SD
# nquan = 7
# nvalues = 4111                                  
# units = specified
# name 0 = depSM: Depth [salt water, m]
# name 1 = latitude: Latitude [deg]
# name 2 = longitude: Longitude [deg]
# name 3 = t090C: Temperature [ITS-90, deg C]
# name 4 = sal00: Salinity, Practical [PSU]
# name 5 = svCM: Sound Velocity [Chen-Millero, m/s]
# name 6 = flag:  0.000e+00
# span 0 =      2.464,     45.002                 
# span 1 =   67.78290,   67.78294                 
# span 2 = -168.59750, -168.59740                 
# span 3 =     2.2539,     5.5342                 
# span 4 =    26.3141,    32.5375                 
# span 5 =    1450.24,    1468.18                 
# span 6 = 0.0000e+00, 0.0000e+00                 
# interval = seconds: 0.0416667
# start_time = Sep 30 2023 01:27:32 [NMEA time, first data scan]
# bad_flag = -9.990e-29
*END*
[from data line 821]
      7.410   67.78294 -168.59740     2.7719    27.9179    1452.35  0.000e+00
      7.494   67.78294 -168.59740     2.7716    27.9189    1452.35  0.000e+00
      7.440   67.78294 -168.59740     2.7714    27.9152    1452.34  0.000e+00
      7.494   67.78294 -168.59740     2.7716    27.9123    1452.34  0.000e+00
      7.494   67.78294 -168.59740     2.7716    27.9167    1452.34  0.000e+00
      7.440   67.78294 -168.59740     2.7715    27.9227    1452.35  0.000e+00
      7.494   67.78294 -168.59740     2.7714    27.9199    1452.35  0.000e+00
      7.494   67.78294 -168.59740     2.7714    27.9103    1452.34  0.000e+00
      7.556   67.78294 -168.59740     2.7714    27.9016    1452.32  0.000e+00
      7.494   67.78294 -168.59742     2.7716    27.9042    1452.33  0.000e+00
      7.494   67.78294 -168.59742     2.7717    27.9168    1452.34  0.000e+00
      7.556   67.78294 -168.59742     2.7712    27.9261    1452.36  0.000e+00
      7.471   67.78294 -168.59742     2.7714    27.9295    1452.36  0.000e+00
      7.556   67.78294 -168.59742     2.7711    27.9304    1452.36  0.000e+00
      7.494   67.78294 -168.59742     2.7711    27.9257    1452.35  0.000e+00
      7.556   67.78294 -168.59742     2.7713    27.9203    1452.35  0.000e+00
      7.556   67.78294 -168.59742     2.7711    27.9150    1452.34  0.000e+00
      7.556   67.78294 -168.59742     2.7713    27.9108    1452.34  0.000e+00
      7.494   67.78294 -168.59742     2.7716    27.9107    1452.34  0.000e+00
      7.556   67.78294 -168.59742     2.7713    27.9156    1452.34  0.000e+00
      7.556   67.78294 -168.59742     2.7713    27.9210    1452.35  0.000e+00
      7.556   67.78294 -168.59742     2.7713    27.9212    1452.35  0.000e+00
      7.610   67.78294 -168.59742     2.7708    27.9198    1452.35  0.000e+00
      7.556   67.78294 -168.59742     2.7708    27.9189    1452.34  0.000e+00
      7.587   67.78294 -168.59742     2.7709    27.9180    1452.34  0.000e+00
      7.556   67.78294 -168.59742     2.7703    27.9208    1452.34  0.000e+00
      7.610   67.78294 -168.59742     2.7705    27.9234    1452.35  0.000e+00
      7.556   67.78294 -168.59742     2.7700    27.9242    1452.35  0.000e+00
      7.610   67.78294 -168.59742     2.7705    27.9211    1452.35  0.000e+00
      7.610   67.78294 -168.59742     2.7700    27.9181    1452.34  0.000e+00
      7.610   67.78294 -168.59742     2.7700    27.9165    1452.34  0.000e+00
      7.610   67.78294 -168.59742     2.7701    27.9169    1452.34  0.000e+00
      7.610   67.78294 -168.59742     2.7699    27.9222    1452.35  0.000e+00
      7.610   67.78294 -168.59742     2.7700    27.9325    1452.36  0.000e+00
      7.671   67.78294 -168.59742     2.7701    27.9409    1452.37  0.000e+00
      7.587   67.78294 -168.59742     2.7703    27.9389    1452.37  0.000e+00
      7.671   67.78294 -168.59742     2.7705    27.9315    1452.36  0.000e+00
      7.671   67.78294 -168.59742     2.7705    27.9269    1452.36  0.000e+00
      7.671   67.78294 -168.59742     2.7706    27.9251    1452.35  0.000e+00
      7.610   67.78294 -168.59742     2.7705    27.9251    1452.35  0.000e+00
      7.725   67.78294 -168.59742     2.7703    27.9255    1452.35  0.000e+00
      7.610   67.78294 -168.59742     2.7703    27.9237    1452.35  0.000e+00
      7.725   67.78294 -168.59742     2.7704    27.9199    1452.35  0.000e+00
      7.671   67.78294 -168.59742     2.7703    27.9180    1452.34  0.000e+00
      7.671   67.78294 -168.59742     2.7703    27.9246    1452.35  0.000e+00
      7.725   67.78294 -168.59742     2.7705    27.9420    1452.38  0.000e+00
      7.725   67.78294 -168.59742     2.7703    27.9579    1452.40  0.000e+00
      7.640   67.78294 -168.59742     2.7706    27.9610    1452.40  0.000e+00
      7.725   67.78294 -168.59742     2.7705    27.9598    1452.40  0.000e+00
      7.725   67.78294 -168.59742     2.7708    27.9587    1452.40  0.000e+00
      7.725   67.78294 -168.59742     2.7711    27.9573    1452.40  0.000e+00
      7.725   67.78294 -168.59742     2.7711    27.9564    1452.40  0.000e+00
      7.779   67.78294 -168.59742     2.7711    27.9582    1452.40  0.000e+00
      7.725   67.78294 -168.59742     2.7714    27.9617    1452.41  0.000e+00
      7.725   67.78294 -168.59742     2.7712    27.9668    1452.41  0.000e+00
      7.779   67.78294 -168.59742     2.7713    27.9701    1452.42  0.000e+00
      7.779   67.78294 -168.59742     2.7711    27.9707    1452.42  0.000e+00
      7.779   67.78294 -168.59742     2.7711    27.9703    1452.42  0.000e+00
      7.756   67.78294 -168.59742     2.7713    27.9704    1452.42  0.000e+00
      7.841   67.78294 -168.59742     2.7711    27.9717    1452.42  0.000e+00
      7.779   67.78294 -168.59742     2.7710    27.9722    1452.42  0.000e+00
      7.779   67.78294 -168.59742     2.7711    27.9736    1452.42  0.000e+00
      7.841   67.78294 -168.59742     2.7706    27.9745    1452.42  0.000e+00
      7.841   67.78294 -168.59742     2.7705    27.9705    1452.41  0.000e+00
      7.841   67.78294 -168.59742     2.7703    27.9680    1452.41  0.000e+00
      7.841   67.78294 -168.59742     2.7705    27.9710    1452.42  0.000e+00
      7.841   67.78294 -168.59742     2.7705    27.9716    1452.42  0.000e+00
      7.895   67.78294 -168.59742     2.7707    27.9694    1452.42  0.000e+00
      7.895   67.78294 -168.59742     2.7708    27.9714    1452.42  0.000e+00
      7.872   67.78294 -168.59742     2.7706    27.9759    1452.42  0.000e+00
      7.895   67.78294 -168.59742     2.7708    27.9761    1452.42  0.000e+00
      7.895   67.78294 -168.59742     2.7708    27.9734    1452.42  0.000e+00
      7.895   67.78294 -168.59742     2.7708    27.9698    1452.42  0.000e+00
      7.956   67.78294 -168.59742     2.7708    27.9651    1452.41  0.000e+00
      7.895   67.78294 -168.59742     2.7709    27.9626    1452.41  0.000e+00
      7.956   67.78294 -168.59742     2.7711    27.9619    1452.41  0.000e+00
      7.956   67.78294 -168.59742     2.7711    27.9662    1452.41  0.000e+00
      7.956   67.78294 -168.59742     2.7709    27.9765    1452.43  0.000e+00
      7.956   67.78294 -168.59742     2.7709    27.9841    1452.44  0.000e+00
      8.010   67.78294 -168.59742     2.7707    27.9871    1452.44  0.000e+00
      7.987   67.78294 -168.59742     2.7705    27.9883    1452.44  0.000e+00
      8.010   67.78294 -168.59742     2.7703    27.9907    1452.44  0.000e+00
      7.956   67.78294 -168.59742     2.7701    27.9945    1452.45  0.000e+00
      8.072   67.78294 -168.59742     2.7703    27.9957    1452.45  0.000e+00
      7.956   67.78294 -168.59742     2.7703    27.9933    1452.45  0.000e+00
      8.072   67.78294 -168.59742     2.7705    27.9869    1452.44  0.000e+00
      8.010   67.78294 -168.59742     2.7708    27.9848    1452.44  0.000e+00
      8.010   67.78294 -168.59742     2.7709    27.9855    1452.44  0.000e+00
      8.072   67.78294 -168.59742     2.7711    27.9844    1452.44  0.000e+00
      8.072   67.78294 -168.59742     2.7714    27.9807    1452.44  0.000e+00
      8.072   67.78294 -168.59742     2.7714    27.9829    1452.44  0.000e+00
      8.041   67.78294 -168.59742     2.7716    27.9869    1452.44  0.000e+00
      8.072   67.78294 -168.59742     2.7717    27.9899    1452.45  0.000e+00
      8.126   67.78294 -168.59742     2.7719    27.9922    1452.45  0.000e+00
      8.072   67.78294 -168.59742     2.7717    27.9901    1452.45  0.000e+00
      8.126   67.78294 -168.59742     2.7714    27.9864    1452.44  0.000e+00
      8.126   67.78294 -168.59742     2.7714    27.9809    1452.44  0.000e+00
      8.126   67.78294 -168.59742     2.7711    27.9787    1452.43  0.000e+00
      8.126   67.78294 -168.59742     2.7708    27.9833    1452.44  0.000e+00
      8.126   67.78294 -168.59742     2.7708    27.9874    1452.44  0.000e+00
      8.180   67.78294 -168.59742     2.7706    27.9876    1452.44  0.000e+00
      8.156   67.78294 -168.59742     2.7703    27.9877    1452.44  0.000e+00
      8.126   67.78294 -168.59742     2.7701    27.9882    1452.44  0.000e+00
      8.180   67.78294 -168.59742     2.7697    27.9882    1452.44  0.000e+00
      8.180   67.78294 -168.59742     2.7697    27.9892    1452.44  0.000e+00
      8.180   67.78294 -168.59742     2.7697    27.9891    1452.44  0.000e+00
      8.180   67.78294 -168.59742     2.7692    27.9893    1452.44  0.000e+00
      8.241   67.78294 -168.59742     2.7695    27.9893    1452.44  0.000e+00
      8.241   67.78294 -168.59742     2.7695    27.9910    1452.44  0.000e+00
      8.241   67.78294 -168.59742     2.7695    27.9932    1452.45  0.000e+00
      8.179   67.78294 -168.59742     2.7695    27.9986    1452.45  0.000e+00
      8.272   67.78294 -168.59742     2.7695    28.0004    1452.46  0.000e+00
      8.241   67.78294 -168.59742     2.7699    27.9977    1452.45  0.000e+00
      8.241   67.78294 -168.59742     2.7697    27.9967    1452.45  0.000e+00
      8.295   67.78294 -168.59742     2.7697    27.9963    1452.45  0.000e+00
      8.295   67.78294 -168.59742     2.7699    27.9967    1452.45  0.000e+00
      8.241   67.78294 -168.59742     2.7697    27.9959    1452.45  0.000e+00
      8.295   67.78294 -168.59742     2.7700    27.9960    1452.45  0.000e+00
      8.295   67.78294 -168.59742     2.7699    28.0001    1452.46  0.000e+00
      8.295   67.78294 -168.59742     2.7697    28.0039    1452.46  0.000e+00
      8.295   67.78294 -168.59742     2.7695    28.0084    1452.47  0.000e+00
      8.326   67.78294 -168.59742     2.7695    28.0128    1452.47  0.000e+00
      8.295   67.78294 -168.59742     2.7691    28.0201    1452.48  0.000e+00
      8.357   67.78294 -168.59742     2.7694    28.0238    1452.49  0.000e+00
      8.295   67.78294 -168.59742     2.7692    28.0237    1452.49  0.000e+00
      8.357   67.78294 -168.59742     2.7694    28.0251    1452.49  0.000e+00
      8.357   67.78294 -168.59742     2.7694    28.0287    1452.49  0.000e+00
      8.357   67.78294 -168.59742     2.7689    28.0378    1452.50  0.000e+00
      8.357   67.78294 -168.59742     2.7697    28.0479    1452.52  0.000e+00
      8.357   67.78294 -168.59742     2.7709    28.0480    1452.53  0.000e+00
      8.411   67.78294 -168.59742     2.7716    28.0430    1452.52  0.000e+00
      8.326   67.78294 -168.59742     2.7719    28.0419    1452.52  0.000e+00
      8.411   67.78294 -168.59742     2.7723    28.0437    1452.53  0.000e+00
      8.411   67.78294 -168.59742     2.7725    28.0536    1452.54  0.000e+00
      8.411   67.78294 -168.59742     2.7734    28.0682    1452.56  0.000e+00
      8.410   67.78294 -168.59742     2.7747    28.0762    1452.58  0.000e+00
      8.410   67.78294 -168.59742     2.7761    28.0779    1452.59  0.000e+00
      8.410   67.78294 -168.59742     2.7769    28.0838    1452.60  0.000e+00
      8.472   67.78294 -168.59742     2.7781    28.0923    1452.62  0.000e+00
      8.410   67.78294 -168.59742     2.7792    28.0935    1452.62  0.000e+00
      8.472   67.78294 -168.59742     2.7800    28.0913    1452.62  0.000e+00
      8.441   67.78294 -168.59742     2.7806    28.0972    1452.63  0.000e+00
      8.472   67.78294 -168.59742     2.7816    28.1031    1452.65  0.000e+00
      8.472   67.78294 -168.59742     2.7822    28.1077    1452.65  0.000e+00
      8.526   67.78294 -168.59742     2.7830    28.1079    1452.66  0.000e+00
      8.472   67.78294 -168.59742     2.7836    28.1037    1452.66  0.000e+00
      8.472   67.78294 -168.59742     2.7843    28.0976    1452.65  0.000e+00
      8.526   67.78294 -168.59742     2.7841    28.0925    1452.64  0.000e+00
      8.526   67.78294 -168.59742     2.7841    28.0919    1452.64  0.000e+00
      8.472   67.78294 -168.59742     2.7841    28.0926    1452.64  0.000e+00
      8.557   67.78294 -168.59742     2.7841    28.0956    1452.65  0.000e+00
      8.526   67.78294 -168.59742     2.7850    28.0963    1452.65  0.000e+00
      8.526   67.78294 -168.59742     2.7863    28.0914    1452.65  0.000e+00
      8.526   67.78294 -168.59742     2.7863    28.0946    1452.66  0.000e+00
      8.580   67.78294 -168.59742     2.7869    28.0992    1452.67  0.000e+00
      8.526   67.78294 -168.59742     2.7872    28.1031    1452.67  0.000e+00
      8.580   67.78294 -168.59742     2.7879    28.1093    1452.68  0.000e+00
      8.580   67.78294 -168.59742     2.7883    28.1123    1452.69  0.000e+00
      8.580   67.78294 -168.59742     2.7890    28.1083    1452.69  0.000e+00
      8.580   67.78294 -168.59742     2.7893    28.1030    1452.68  0.000e+00
      8.611   67.78294 -168.59742     2.7899    28.1016    1452.68  0.000e+00
      8.580   67.78294 -168.59742     2.7904    28.0964    1452.68  0.000e+00
      8.641   67.78294 -168.59742     2.7901    28.0898    1452.67  0.000e+00
      8.580   67.78294 -168.59742     2.7896    28.0826    1452.66  0.000e+00
      8.641   67.78294 -168.59742     2.7888    28.0801    1452.65  0.000e+00
      8.641   67.78294 -168.59742     2.7879    28.0889    1452.66  0.000e+00
      8.641   67.78294 -168.59742     2.7877    28.0998    1452.67  0.000e+00
      8.641   67.78294 -168.59742     2.7882    28.1051    1452.68  0.000e+00
      8.641   67.78294 -168.59742     2.7883    28.1136    1452.69  0.000e+00
      8.672   67.78294 -168.59742     2.7888    28.1280    1452.71  0.000e+00
      8.695   67.78294 -168.59742     2.7894    28.1384    1452.73  0.000e+00
      8.695   67.78294 -168.59742     2.7902    28.1433    1452.74  0.000e+00
      8.695   67.78294 -168.59742     2.7908    28.1452    1452.74  0.000e+00
      8.695   67.78294 -168.59742     2.7907    28.1445    1452.74  0.000e+00
      8.695   67.78294 -168.59742     2.7906    28.1364    1452.73  0.000e+00
      8.695   67.78294 -168.59742     2.7904    28.1267    1452.72  0.000e+00
      8.757   67.78294 -168.59742     2.7899    28.1220    1452.71  0.000e+00
      8.695   67.78294 -168.59742     2.7900    28.1298    1452.72  0.000e+00
      8.788   67.78294 -168.59742     2.7896    28.1425    1452.74  0.000e+00
      8.695   67.78294 -168.59742     2.7894    28.1469    1452.74  0.000e+00
      8.811   67.78294 -168.59742     2.7899    28.1470    1452.74  0.000e+00
      8.757   67.78294 -168.59742     2.7904    28.1463    1452.75  0.000e+00
      8.757   67.78294 -168.59742     2.7911    28.1453    1452.75  0.000e+00
      8.757   67.78294 -168.59742     2.7916    28.1461    1452.75  0.000e+00
      8.811   67.78294 -168.59742     2.7919    28.1468    1452.75  0.000e+00
      8.811   67.78294 -168.59742     2.7919    28.1487    1452.76  0.000e+00
      8.757   67.78294 -168.59742     2.7918    28.1530    1452.76  0.000e+00
      8.842   67.78294 -168.59742     2.7912    28.1593    1452.77  0.000e+00
      8.811   67.78294 -168.59742     2.7894    28.1675    1452.77  0.000e+00
      8.811   67.78294 -168.59742     2.7869    28.1755    1452.77  0.000e+00
      8.811   67.78294 -168.59742     2.7844    28.1793    1452.76  0.000e+00
      8.865   67.78294 -168.59742     2.7816    28.1825    1452.76  0.000e+00
      8.811   67.78294 -168.59742     2.7791    28.1892    1452.75  0.000e+00
      8.865   67.78294 -168.59742     2.7767    28.1961    1452.75  0.000e+00
      8.865   67.78294 -168.59742     2.7747    28.2035    1452.75  0.000e+00
      8.865   67.78294 -168.59742     2.7721    28.2124    1452.75  0.000e+00
      8.842   67.78294 -168.59742     2.7695    28.2160    1452.75  0.000e+00
      8.865   67.78294 -168.59742     2.7678    28.2162    1452.74  0.000e+00
      8.926   67.78294 -168.59742     2.7667    28.2193    1452.74  0.000e+00
      8.926   67.78294 -168.59742     2.7656    28.2207    1452.74  0.000e+00
      8.865   67.78294 -168.59742     2.7650    28.2209    1452.73  0.000e+00
      8.926   67.78294 -168.59742     2.7639    28.2224    1452.73  0.000e+00
      8.926   67.78294 -168.59742     2.7626    28.2244    1452.73  0.000e+00
      8.865   67.78294 -168.59742     2.7619    28.2267    1452.73  0.000e+00
