EcoFOCI/data/1_SampleCollection/2023_SikuliaqDBO_CruiseData/CTD_raw_BottleFile_SKQ23-12S/proc/skq202312s_072svpavg.cnv
* Sea-Bird SBE 9 Data File:
* FileName = D:\CTD\SKQ202312S\SKQ202312S_072.hex
* Software Version Seasave V 7.26.7.121
* Temperature SN = 6177
* Conductivity SN = 0369
* Number of Bytes Per Scan = 41
* Number of Voltage Words = 4
* Number of Scans Averaged by the Deck Unit = 1
* NMEA Latitude = 68 00.76 N
* NMEA Longitude = 167 52.45 W
* NMEA UTC (Time) = Oct 01 2023  18:46:53
* NMEA baud rate = 4800
** Ship: R/V Sikuliaq
** Station Number: 072
** Station Name: DBO3.5
** Bottom Depth: 52
** Operator: SD
# nquan = 7
# nvalues = 46                          
# units = specified
# name 0 = depSM: Depth [salt water, m]
# name 1 = latitude: Latitude [deg]
# name 2 = longitude: Longitude [deg]
# name 3 = t090C: Temperature [ITS-90, deg C]
# name 4 = sal00: Salinity, Practical [PSU]
# name 5 = svCM: Sound Velocity [Chen-Millero, m/s]
# name 6 = flag: flag
# span 0 =      3.000,     48.000       
# span 1 =   68.01167,   68.01235       
# span 2 = -167.87381, -167.87287       
# span 3 =     2.8278,     5.3916       
# span 4 =    29.1841,    32.3260       
# span 5 =    1458.49,    1466.99       
# span 6 = 0.0000e+00, 0.0000e+00       
# interval = meters: 1                  
# start_time = Oct 01 2023 18:50:54 [NMEA time, first data scan]
# bad_flag = -9.990e-29
*END*
      3.000   68.01235 -167.87381     4.7181    29.1890    1462.21 0.0000e+00
      4.000   68.01232 -167.87376     4.7037    29.1861    1462.17 0.0000e+00
      5.000   68.01230 -167.87374     4.7013    29.1855    1462.17 0.0000e+00
      6.000   68.01228 -167.87373     4.6948    29.1841    1462.16 0.0000e+00
      7.000   68.01226 -167.87372     4.6999    29.1859    1462.20 0.0000e+00
      8.000   68.01225 -167.87372     4.7064    29.1848    1462.24 0.0000e+00
      9.000   68.01223 -167.87371     4.7058    29.1850    1462.26 0.0000e+00
     10.000   68.01221 -167.87371     4.7062    29.1856    1462.28 0.0000e+00
     11.000   68.01219 -167.87371     4.7363    29.3037    1462.57 0.0000e+00
     12.000   68.01218 -167.87369     4.7886    29.6175    1463.20 0.0000e+00
     13.000   68.01216 -167.87366     4.7817    30.2341    1463.97 0.0000e+00
     14.000   68.01215 -167.87365     4.9825    30.4289    1465.07 0.0000e+00
     15.000   68.01214 -167.87363     5.3187    30.5622    1466.63 0.0000e+00
     16.000   68.01214 -167.87362     5.3916    30.5941    1466.99 0.0000e+00
     17.000   68.01214 -167.87361     5.3756    30.5955    1466.94 0.0000e+00
     18.000   68.01214 -167.87359     5.0106    30.6415    1465.52 0.0000e+00
     19.000   68.01214 -167.87356     4.9324    30.7502    1465.35 0.0000e+00
     20.000   68.01214 -167.87356     3.7023    30.7919    1460.27 0.0000e+00
     21.000   68.01212 -167.87354     3.7413    31.0482    1460.79 0.0000e+00
     22.000   68.01212 -167.87352     4.5172    31.2655    1464.34 0.0000e+00
     23.000   68.01212 -167.87350     4.0107    31.4829    1462.52 0.0000e+00
     24.000   68.01212 -167.87349     3.6062    31.5516    1460.91 0.0000e+00
     25.000   68.01212 -167.87347     3.0584    31.7768    1458.88 0.0000e+00
     26.000   68.01212 -167.87346     3.2582    32.0874    1460.16 0.0000e+00
     27.000   68.01212 -167.87345     2.8846    32.1748    1458.69 0.0000e+00
     28.000   68.01212 -167.87344     2.8278    32.1976    1458.49 0.0000e+00
     29.000   68.01210 -167.87341     2.8666    32.2025    1458.68 0.0000e+00
     30.000   68.01210 -167.87340     2.8807    32.2039    1458.76 0.0000e+00
     31.000   68.01210 -167.87338     2.8850    32.2035    1458.79 0.0000e+00
     32.000   68.01210 -167.87338     2.8891    32.2030    1458.82 0.0000e+00
     33.000   68.01209 -167.87336     2.9005    32.2059    1458.89 0.0000e+00
     34.000   68.01208 -167.87335     2.9129    32.2072    1458.96 0.0000e+00
     35.000   68.01208 -167.87334     2.9127    32.2070    1458.98 0.0000e+00
     36.000   68.01208 -167.87333     2.9162    32.2084    1459.01 0.0000e+00
     37.000   68.01208 -167.87332     2.9239    32.2112    1459.07 0.0000e+00
     38.000   68.01208 -167.87330     2.9278    32.2135    1459.10 0.0000e+00
     39.000   68.01208 -167.87330     2.9295    32.2150    1459.13 0.0000e+00
     40.000   68.01207 -167.87329     2.9293    32.2159    1459.15 0.0000e+00
     41.000   68.01206 -167.87328     2.9355    32.2197    1459.19 0.0000e+00
     42.000   68.01206 -167.87327     2.9569    32.2293    1459.32 0.0000e+00
     43.000   68.01201 -167.87322     2.9721    32.2346    1459.40 0.0000e+00
     44.000   68.01196 -167.87320     2.9816    32.2402    1459.47 0.0000e+00
     45.000   68.01196 -167.87320     2.9874    32.2485    1459.52 0.0000e+00
     46.000   68.01195 -167.87319     2.9924    32.2587    1459.57 0.0000e+00
     47.000   68.01184 -167.87303     3.0023    32.2759    1459.65 0.0000e+00
     48.000   68.01167 -167.87287     3.0422    32.3260    1459.90 0.0000e+00
