EcoFOCI/data/1_SampleCollection/2023_SikuliaqDBO_CruiseData/CTD_raw_BottleFile_SKQ23-12S/proc/skq202312s_015svp.cnv
* Sea-Bird SBE 9 Data File:
* FileName = D:\CTD\SKQ202312S\SKQ202312S_015.hex
* Software Version Seasave V 7.26.7.121
* Temperature SN = 6177
* Conductivity SN = 0369
* Number of Bytes Per Scan = 41
* Number of Voltage Words = 4
* Number of Scans Averaged by the Deck Unit = 1
* NMEA Latitude = 64 40.48 N
* NMEA Longitude = 169 28.25 W
* NMEA UTC (Time) = Sep 17 2023  12:08:54
* NMEA baud rate = 4800
** Ship: R/V Sikuliaq
** Station Number: 015
** Station Name: DBO2.1A
** Bottom Depth: 44
** Operator: Bern
# nquan = 7
# nvalues = 3941                                  
# units = specified
# name 0 = depSM: Depth [salt water, m]
# name 1 = latitude: Latitude [deg]
# name 2 = longitude: Longitude [deg]
# name 3 = t090C: Temperature [ITS-90, deg C]
# name 4 = sal00: Salinity, Practical [PSU]
# name 5 = svCM: Sound Velocity [Chen-Millero, m/s]
# name 6 = flag:  0.000e+00
# span 0 =      1.660,     39.630                 
# span 1 =   64.67388,   64.67418                 
# span 2 = -169.47154, -169.47120                 
# span 3 =     1.9563,     2.5748                 
# span 4 =    31.9284,    32.7519                 
# span 5 =    1454.33,    1457.60                 
# span 6 = 0.0000e+00, 0.0000e+00                 
# interval = seconds: 0.0416667
# start_time = Sep 17 2023 12:12:19 [NMEA time, first data scan]
# bad_flag = -9.990e-29
*END*
[from data line 1642]
     11.500   64.67402 -169.47138     2.0358    31.9649    1454.46  0.000e+00
     11.554   64.67402 -169.47138     2.0361    31.9646    1454.46  0.000e+00
     11.554   64.67402 -169.47138     2.0363    31.9647    1454.46  0.000e+00
     11.554   64.67402 -169.47138     2.0360    31.9649    1454.46  0.000e+00
     11.585   64.67402 -169.47138     2.0362    31.9647    1454.46  0.000e+00
     11.554   64.67402 -169.47138     2.0365    31.9644    1454.46  0.000e+00
     11.608   64.67402 -169.47138     2.0362    31.9647    1454.46  0.000e+00
     11.670   64.67402 -169.47138     2.0365    31.9646    1454.46  0.000e+00
     11.608   64.67402 -169.47138     2.0363    31.9647    1454.46  0.000e+00
     11.670   64.67402 -169.47138     2.0362    31.9643    1454.46  0.000e+00
     11.639   64.67402 -169.47138     2.0361    31.9649    1454.46  0.000e+00
     11.724   64.67402 -169.47138     2.0361    31.9653    1454.46  0.000e+00
     11.670   64.67402 -169.47138     2.0361    31.9651    1454.46  0.000e+00
     11.724   64.67402 -169.47138     2.0363    31.9647    1454.46  0.000e+00
     11.724   64.67402 -169.47138     2.0361    31.9651    1454.46  0.000e+00
     11.724   64.67402 -169.47138     2.0362    31.9648    1454.46  0.000e+00
     11.755   64.67402 -169.47138     2.0361    31.9650    1454.46  0.000e+00
     11.724   64.67402 -169.47138     2.0362    31.9648    1454.46  0.000e+00
     11.724   64.67402 -169.47138     2.0361    31.9646    1454.46  0.000e+00
     11.785   64.67402 -169.47138     2.0356    31.9646    1454.46  0.000e+00
     11.839   64.67402 -169.47138     2.0352    31.9649    1454.46  0.000e+00
     11.724   64.67402 -169.47138     2.0350    31.9651    1454.46  0.000e+00
     11.809   64.67402 -169.47138     2.0347    31.9649    1454.46  0.000e+00
     11.785   64.67402 -169.47138     2.0347    31.9646    1454.46  0.000e+00
     11.839   64.67402 -169.47138     2.0341    31.9653    1454.46  0.000e+00
     11.785   64.67402 -169.47138     2.0339    31.9659    1454.46  0.000e+00
     11.839   64.67402 -169.47138     2.0340    31.9656    1454.46  0.000e+00
     11.839   64.67402 -169.47138     2.0341    31.9660    1454.46  0.000e+00
     11.808   64.67402 -169.47138     2.0347    31.9655    1454.46  0.000e+00
     11.839   64.67402 -169.47138     2.0349    31.9652    1454.46  0.000e+00
     11.839   64.67402 -169.47138     2.0348    31.9653    1454.46  0.000e+00
     11.839   64.67402 -169.47138     2.0352    31.9651    1454.46  0.000e+00
     11.839   64.67402 -169.47138     2.0350    31.9655    1454.46  0.000e+00
     11.839   64.67402 -169.47138     2.0352    31.9653    1454.46  0.000e+00
     11.870   64.67402 -169.47138     2.0352    31.9651    1454.46  0.000e+00
     11.839   64.67402 -169.47138     2.0350    31.9655    1454.46  0.000e+00
     11.839   64.67402 -169.47138     2.0355    31.9647    1454.46  0.000e+00
     11.839   64.67402 -169.47138     2.0354    31.9651    1454.46  0.000e+00
     11.893   64.67402 -169.47138     2.0358    31.9646    1454.46  0.000e+00
     11.839   64.67402 -169.47138     2.0358    31.9652    1454.46  0.000e+00
     11.808   64.67402 -169.47138     2.0360    31.9650    1454.46  0.000e+00
     11.893   64.67402 -169.47138     2.0359    31.9652    1454.47  0.000e+00
     11.839   64.67402 -169.47138     2.0365    31.9647    1454.47  0.000e+00
     11.839   64.67402 -169.47138     2.0360    31.9650    1454.46  0.000e+00
     11.893   64.67402 -169.47138     2.0361    31.9650    1454.47  0.000e+00
     11.839   64.67402 -169.47138     2.0361    31.9648    1454.47  0.000e+00
     11.808   64.67400 -169.47138     2.0361    31.9651    1454.46  0.000e+00
     11.893   64.67400 -169.47138     2.0360    31.9650    1454.47  0.000e+00
     11.839   64.67400 -169.47138     2.0361    31.9650    1454.47  0.000e+00
     11.839   64.67400 -169.47138     2.0364    31.9648    1454.47  0.000e+00
     11.839   64.67400 -169.47138     2.0366    31.9648    1454.47  0.000e+00
     11.785   64.67400 -169.47138     2.0366    31.9646    1454.47  0.000e+00
     11.924   64.67400 -169.47138     2.0364    31.9648    1454.47  0.000e+00
     11.839   64.67400 -169.47138     2.0366    31.9648    1454.47  0.000e+00
     11.893   64.67400 -169.47138     2.0362    31.9652    1454.47  0.000e+00
     11.839   64.67400 -169.47138     2.0361    31.9651    1454.47  0.000e+00
     11.839   64.67400 -169.47138     2.0361    31.9648    1454.47  0.000e+00
     11.870   64.67400 -169.47138     2.0361    31.9650    1454.47  0.000e+00
     11.893   64.67400 -169.47138     2.0360    31.9652    1454.47  0.000e+00
     11.839   64.67400 -169.47138     2.0365    31.9647    1454.47  0.000e+00
     11.893   64.67400 -169.47138     2.0366    31.9648    1454.47  0.000e+00
     11.839   64.67400 -169.47138     2.0367    31.9648    1454.47  0.000e+00
     11.839   64.67400 -169.47138     2.0369    31.9650    1454.47  0.000e+00
     11.924   64.67400 -169.47138     2.0369    31.9645    1454.47  0.000e+00
     11.839   64.67400 -169.47138     2.0367    31.9653    1454.47  0.000e+00
     11.893   64.67400 -169.47138     2.0369    31.9648    1454.47  0.000e+00
     11.839   64.67400 -169.47138     2.0371    31.9644    1454.47  0.000e+00
     11.893   64.67400 -169.47138     2.0371    31.9646    1454.47  0.000e+00
     11.893   64.67400 -169.47138     2.0370    31.9645    1454.47  0.000e+00
     11.870   64.67400 -169.47138     2.0367    31.9645    1454.47  0.000e+00
     11.893   64.67400 -169.47138     2.0366    31.9641    1454.47  0.000e+00
     11.893   64.67400 -169.47138     2.0366    31.9642    1454.47  0.000e+00
     11.955   64.67400 -169.47138     2.0366    31.9640    1454.47  0.000e+00
     11.893   64.67400 -169.47138     2.0364    31.9646    1454.47  0.000e+00
     11.893   64.67400 -169.47138     2.0367    31.9646    1454.47  0.000e+00
     11.924   64.67400 -169.47138     2.0366    31.9646    1454.47  0.000e+00
     11.954   64.67400 -169.47138     2.0364    31.9643    1454.47  0.000e+00
     11.954   64.67400 -169.47138     2.0361    31.9642    1454.47  0.000e+00
     11.954   64.67400 -169.47138     2.0358    31.9649    1454.47  0.000e+00
     11.954   64.67400 -169.47138     2.0359    31.9649    1454.47  0.000e+00
     11.954   64.67400 -169.47138     2.0361    31.9643    1454.47  0.000e+00
     11.985   64.67400 -169.47138     2.0362    31.9646    1454.47  0.000e+00
     12.008   64.67400 -169.47138     2.0361    31.9647    1454.47  0.000e+00
     12.008   64.67400 -169.47138     2.0365    31.9639    1454.47  0.000e+00
     12.008   64.67400 -169.47138     2.0361    31.9642    1454.47  0.000e+00
     12.070   64.67400 -169.47138     2.0356    31.9643    1454.47  0.000e+00
     12.070   64.67400 -169.47138     2.0355    31.9645    1454.47  0.000e+00
     12.039   64.67400 -169.47138     2.0355    31.9647    1454.47  0.000e+00
     12.070   64.67400 -169.47138     2.0352    31.9650    1454.47  0.000e+00
     12.124   64.67400 -169.47138     2.0352    31.9651    1454.47  0.000e+00
     12.124   64.67400 -169.47138     2.0352    31.9650    1454.47  0.000e+00
     12.070   64.67400 -169.47138     2.0355    31.9650    1454.47  0.000e+00
     12.070   64.67400 -169.47138     2.0355    31.9652    1454.47  0.000e+00
     12.209   64.67400 -169.47138     2.0355    31.9650    1454.47  0.000e+00
     12.186   64.67400 -169.47138     2.0358    31.9653    1454.47  0.000e+00
     12.186   64.67400 -169.47138     2.0358    31.9651    1454.47  0.000e+00
     12.240   64.67400 -169.47138     2.0358    31.9649    1454.47  0.000e+00
     12.240   64.67400 -169.47138     2.0355    31.9648    1454.47  0.000e+00
     12.209   64.67400 -169.47138     2.0352    31.9647    1454.47  0.000e+00
     12.294   64.67400 -169.47138     2.0349    31.9650    1454.47  0.000e+00
     12.240   64.67400 -169.47138     2.0347    31.9648    1454.47  0.000e+00
     12.355   64.67400 -169.47138     2.0343    31.9647    1454.47  0.000e+00
     12.294   64.67400 -169.47138     2.0324    31.9647    1454.46  0.000e+00
     12.294   64.67400 -169.47138     2.0304    31.9652    1454.45  0.000e+00
     12.378   64.67400 -169.47138     2.0300    31.9655    1454.45  0.000e+00
     12.409   64.67400 -169.47138     2.0292    31.9651    1454.44  0.000e+00
     12.409   64.67400 -169.47138     2.0279    31.9660    1454.44  0.000e+00
     12.355   64.67400 -169.47138     2.0274    31.9667    1454.44  0.000e+00
     12.471   64.67400 -169.47138     2.0268    31.9667    1454.44  0.000e+00
     12.471   64.67400 -169.47138     2.0251    31.9670    1454.43  0.000e+00
     12.494   64.67400 -169.47138     2.0238    31.9676    1454.43  0.000e+00
     12.525   64.67400 -169.47138     2.0244    31.9673    1454.43  0.000e+00
     12.525   64.67400 -169.47138     2.0253    31.9670    1454.43  0.000e+00
     12.587   64.67400 -169.47138     2.0257    31.9671    1454.43  0.000e+00
     12.587   64.67400 -169.47138     2.0268    31.9664    1454.44  0.000e+00
     12.610   64.67400 -169.47138     2.0274    31.9660    1454.44  0.000e+00
     12.641   64.67400 -169.47138     2.0275    31.9662    1454.44  0.000e+00
     12.641   64.67400 -169.47138     2.0284    31.9656    1454.45  0.000e+00
     12.695   64.67400 -169.47138     2.0286    31.9654    1454.45  0.000e+00
     12.695   64.67400 -169.47138     2.0291    31.9655    1454.45  0.000e+00
     12.671   64.67400 -169.47138     2.0293    31.9651    1454.45  0.000e+00
     12.810   64.67400 -169.47138     2.0296    31.9650    1454.45  0.000e+00
     12.756   64.67400 -169.47138     2.0300    31.9648    1454.45  0.000e+00
     12.810   64.67400 -169.47138     2.0303    31.9647    1454.46  0.000e+00
     12.810   64.67400 -169.47138     2.0305    31.9645    1454.46  0.000e+00
     12.810   64.67400 -169.47138     2.0306    31.9647    1454.46  0.000e+00
     12.895   64.67400 -169.47138     2.0307    31.9642    1454.46  0.000e+00
     12.872   64.67400 -169.47138     2.0304    31.9646    1454.46  0.000e+00
     12.926   64.67400 -169.47138     2.0303    31.9643    1454.46  0.000e+00
     12.988   64.67400 -169.47138     2.0299    31.9643    1454.46  0.000e+00
     12.926   64.67400 -169.47138     2.0295    31.9649    1454.45  0.000e+00
     13.011   64.67400 -169.47138     2.0293    31.9647    1454.45  0.000e+00
     12.988   64.67400 -169.47138     2.0293    31.9646    1454.45  0.000e+00
     13.042   64.67400 -169.47138     2.0292    31.9653    1454.45  0.000e+00
     13.096   64.67400 -169.47138     2.0288    31.9650    1454.45  0.000e+00
     13.096   64.67400 -169.47138     2.0278    31.9653    1454.45  0.000e+00
     13.072   64.67400 -169.47138     2.0269    31.9654    1454.45  0.000e+00
     13.157   64.67400 -169.47138     2.0259    31.9658    1454.44  0.000e+00
     13.157   64.67400 -169.47138     2.0256    31.9660    1454.44  0.000e+00
     13.157   64.67400 -169.47138     2.0254    31.9664    1454.44  0.000e+00
     13.211   64.67400 -169.47138     2.0251    31.9661    1454.44  0.000e+00
     13.242   64.67400 -169.47138     2.0246    31.9665    1454.44  0.000e+00
     13.211   64.67400 -169.47138     2.0243    31.9672    1454.44  0.000e+00
     13.273   64.67400 -169.47138     2.0249    31.9668    1454.44  0.000e+00
     13.327   64.67400 -169.47138     2.0257    31.9662    1454.45  0.000e+00
     13.273   64.67400 -169.47138     2.0259    31.9665    1454.45  0.000e+00
     13.358   64.67400 -169.47138     2.0263    31.9666    1454.45  0.000e+00
     13.327   64.67400 -169.47138     2.0265    31.9664    1454.45  0.000e+00
     13.389   64.67400 -169.47138     2.0267    31.9659    1454.45  0.000e+00
     13.389   64.67400 -169.47138     2.0273    31.9659    1454.45  0.000e+00
     13.389   64.67400 -169.47138     2.0281    31.9659    1454.46  0.000e+00
     13.466   64.67400 -169.47138     2.0290    31.9654    1454.46  0.000e+00
     13.389   64.67400 -169.47138     2.0294    31.9655    1454.46  0.000e+00
     13.497   64.67400 -169.47138     2.0302    31.9650    1454.47  0.000e+00
     13.443   64.67400 -169.47138     2.0305    31.9648    1454.47  0.000e+00
     13.497   64.67400 -169.47138     2.0308    31.9645    1454.47  0.000e+00
     13.581   64.67400 -169.47138     2.0307    31.9649    1454.47  0.000e+00
     13.496   64.67400 -169.47138     2.0315    31.9648    1454.47  0.000e+00
     13.558   64.67400 -169.47138     2.0320    31.9644    1454.47  0.000e+00
     13.558   64.67400 -169.47138     2.0324    31.9637    1454.48  0.000e+00
     13.558   64.67400 -169.47138     2.0322    31.9641    1454.47  0.000e+00
     13.581   64.67400 -169.47138     2.0319    31.9637    1454.47  0.000e+00
     13.674   64.67400 -169.47138     2.0319    31.9637    1454.48  0.000e+00
     13.612   64.67400 -169.47138     2.0317    31.9641    1454.47  0.000e+00
     13.612   64.67400 -169.47138     2.0319    31.9636    1454.47  0.000e+00
     13.674   64.67400 -169.47140     2.0316    31.9642    1454.47  0.000e+00
     13.643   64.67400 -169.47140     2.0320    31.9640    1454.48  0.000e+00
     13.728   64.67400 -169.47140     2.0316    31.9641    1454.48  0.000e+00
     13.674   64.67400 -169.47140     2.0318    31.9643    1454.48  0.000e+00
     13.728   64.67400 -169.47140     2.0322    31.9636    1454.48  0.000e+00
     13.674   64.67400 -169.47140     2.0316    31.9641    1454.47  0.000e+00
     13.759   64.67400 -169.47140     2.0315    31.9639    1454.48  0.000e+00
     13.728   64.67400 -169.47140     2.0313    31.9643    1454.47  0.000e+00
     13.789   64.67400 -169.47140     2.0314    31.9645    1454.48  0.000e+00
     13.789   64.67400 -169.47140     2.0318    31.9639    1454.48  0.000e+00
     13.789   64.67400 -169.47140     2.0313    31.9641    1454.47  0.000e+00
     13.759   64.67400 -169.47140     2.0311    31.9643    1454.47  0.000e+00
     13.843   64.67400 -169.47140     2.0313    31.9641    1454.48  0.000e+00
     13.789   64.67400 -169.47140     2.0311    31.9645    1454.47  0.000e+00
     13.843   64.67400 -169.47140     2.0311    31.9639    1454.47  0.000e+00
     13.813   64.67400 -169.47140     2.0307    31.9641    1454.47  0.000e+00
     13.843   64.67400 -169.47140     2.0308    31.9642    1454.47  0.000e+00
     13.843   64.67400 -169.47140     2.0309    31.9638    1454.47  0.000e+00
     13.843   64.67400 -169.47140     2.0304    31.9646    1454.47  0.000e+00
     13.897   64.67400 -169.47140     2.0306    31.9647    1454.47  0.000e+00
     13.866   64.67400 -169.47140     2.0307    31.9642    1454.47  0.000e+00
     13.897   64.67400 -169.47140     2.0306    31.9648    1454.47  0.000e+00
     13.897   64.67400 -169.47140     2.0307    31.9643    1454.47  0.000e+00
     13.897   64.67400 -169.47140     2.0309    31.9641    1454.47  0.000e+00
     13.897   64.67400 -169.47140     2.0306    31.9647    1454.47  0.000e+00
     13.982   64.67400 -169.47140     2.0304    31.9647    1454.47  0.000e+00
     13.897   64.67400 -169.47140     2.0303    31.9644    1454.47  0.000e+00
     13.959   64.67400 -169.47140     2.0299    31.9648    1454.47  0.000e+00
     13.959   64.67400 -169.47140     2.0296    31.9647    1454.47  0.000e+00
     13.897   64.67400 -169.47140     2.0293    31.9651    1454.47  0.000e+00
     14.044   64.67400 -169.47140     2.0298    31.9646    1454.47  0.000e+00
     13.959   64.67400 -169.47140     2.0300    31.9645    1454.47  0.000e+00
     14.013   64.67400 -169.47140     2.0299    31.9643    1454.47  0.000e+00
     14.013   64.67400 -169.47140     2.0302    31.9641    1454.47  0.000e+00
     13.982   64.67400 -169.47140     2.0300    31.9647    1454.47  0.000e+00
     14.013   64.67400 -169.47140     2.0299    31.9646    1454.47  0.000e+00
     14.013   64.67400 -169.47140     2.0297    31.9648    1454.47  0.000e+00
     14.075   64.67400 -169.47140     2.0296    31.9645    1454.47  0.000e+00
     14.013   64.67400 -169.47140     2.0298    31.9648    1454.47  0.000e+00
