EcoFOCI/data/1_SampleCollection/2023_SikuliaqDBO_CruiseData/CTD_raw_BottleFile_SKQ23-12S/proc/skq202312s_005avg.cnv
* Sea-Bird SBE 9 Data File:
* FileName = D:\CTD\SKQ202312S\SKQ202312S_005.hex
* Software Version Seasave V 7.26.7.121
* Temperature SN = 6177
* Conductivity SN = 0369
* Number of Bytes Per Scan = 41
* Number of Voltage Words = 4
* Number of Scans Averaged by the Deck Unit = 1
* NMEA Latitude = 62 23.39 N
* NMEA Longitude = 174 34.17 W
* NMEA UTC (Time) = Sep 15 2023  22:10:54
* NMEA baud rate = 4800
** Ship: R/V Sikuliaq
** Station Number: 005
** Station Name: DBO1.4
** Bottom Depth: 70
** Operator: SD
# nquan = 25
# nvalues = 66                          
# units = specified
# name 0 = depSM: Depth [salt water, m]
# name 1 = latitude: Latitude [deg]
# name 2 = longitude: Longitude [deg]
# name 3 = prDM: Pressure, Digiquartz [db]
# name 4 = t090C: Temperature [ITS-90, deg C]
# name 5 = t190C: Temperature, 2 [ITS-90, deg C]
# name 6 = potemp090C: Potential Temperature [ITS-90, deg C]
# name 7 = sal00: Salinity, Practical [PSU]
# name 8 = sal11: Salinity, Practical, 2 [PSU]
# name 9 = density00: Density [density, kg/m^3]
# name 10 = sigma-é00: Density [sigma-theta, kg/m^3]
# name 11 = sbox0Mm/Kg: Oxygen, SBE 43 [umol/kg]
# name 12 = sbox1Mm/Kg: Oxygen, SBE 43, 2 [umol/kg]
# name 13 = oxsolMm/Kg: Oxygen Saturation, Garcia & Gordon [umol/kg]
# name 14 = sbeox0PS: Oxygen, SBE 43 [% saturation]
# name 15 = sbeox1PS: Oxygen, SBE 43, 2 [% saturation]
# name 16 = v0: Voltage 0
# name 17 = flECO-AFL: Fluorescence, WET Labs ECO-AFL/FL [mg/m^3]
# name 18 = v1: Voltage 1
# name 19 = CStarAt0: Beam Attenuation, WET Labs C-Star [1/m]
# name 20 = par: PAR/Irradiance, Biospherical/Licor
# name 21 = scan: Scan Count
# name 22 = timeM: Time, Elapsed [minutes]
# name 23 = nbin: number of scans per bin
# name 24 = flag: flag
# span 0 =      1.981,     66.345       
# span 1 =   62.38977,   62.38978       
# span 2 = -174.56960, -174.56958       
# span 3 =      2.000,     67.000       
# span 4 =    -1.5347,     7.8426       
# span 5 =    -1.5335,     7.8437       
# span 6 =    -1.5354,     7.8425       
# span 7 =    30.9795,    31.8995       
# span 8 =    30.9895,    31.9100       
# span 9 =  1024.1493,  1025.9784       
# span 10 =    24.1402,    25.6546      
# span 11 =    280.048,    424.063      
# span 12 =    267.823,    382.068      
# span 13 =  296.49854,  371.38641      
# span 14 =     75.408,    117.788      
# span 15 =     72.128,    104.757      
# span 16 =     0.0644,     0.2356      
# span 17 =     0.0382,     1.0654      
# span 18 =     3.6628,     4.2545      
# span 19 =     0.4089,     1.0081      
# span 20 = -3.491e-04, 1.9088e+02      
# span 21 =        266,       8133      
# span 22 =     0.1840,     5.6469      
# span 23 =         30,        581      
# span 24 = 0.0000e+00, 0.0000e+00      
# interval = decibars: 1                
# start_time = Sep 15 2023 22:14:11 [NMEA time, first data scan]
# bad_flag = -9.990e-29
*END*
      1.981   62.38978 -174.56958      2.000     7.8426     7.8437     7.8425    30.9797    30.9895  1024.1493    24.1402    285.512    272.812  296.49854     96.295     92.020     0.1477     0.5380     3.9911     0.6646 1.9088e+02        266     0.1840        532 0.0000e+00
      2.971   62.38978 -174.56959      3.000     7.8299     7.8321     7.8296    30.9795    30.9895  1024.1556    24.1418    285.772    273.108  296.58424     96.354     92.096     0.1466     0.5317     3.9957     0.6599 1.5997e+02        606     0.4200         97 0.0000e+00
      3.962   62.38978 -174.56959      4.000     7.8088     7.8082     7.8084    30.9795    30.9896  1024.1631    24.1447    285.553    272.694  296.72624     96.234     91.906     0.1581     0.6004     3.9906     0.6651 1.3334e+02        738     0.5117        169 0.0000e+00
      4.952   62.38978 -174.56959      5.000     7.7910     7.7938     7.7905    30.9801    30.9898  1024.1706    24.1477    285.698    272.371  296.84447     96.245     91.768     0.1627     0.6285     3.9870     0.6687 1.1063e+02        852     0.5912        122 0.0000e+00
      5.942   62.38978 -174.56960      6.000     7.7781     7.7785     7.7776    30.9805    30.9906  1024.1773    24.1498    285.961    273.139  296.92985     96.306     91.995     0.1742     0.6973     3.9850     0.6707 9.1766e+01       1038     0.7200        144 0.0000e+00
      6.933   62.38978 -174.56959      7.000     7.7778     7.7785     7.7772    30.9810    30.9909  1024.1823    24.1503    285.749    273.027  296.93095     96.234     91.958     0.1794     0.7281     3.9841     0.6715 7.7988e+01       1137     0.7887        160 0.0000e+00
      7.923   62.38978 -174.56959      8.000     7.7811     7.7811     7.7803    31.0000    31.0074  1024.2014    24.1647    285.816    272.685  296.86808     96.277     91.859     0.1786     0.7239     3.9837     0.6719 6.4637e+01       1266     0.8784         89 0.0000e+00
      8.913   62.38978 -174.56960      9.000     7.7876     7.7879     7.7867    31.0159    31.0248  1024.2176    24.1764    285.827    273.691  296.78985     96.306     92.224     0.1924     0.8066     3.9859     0.6698 5.6724e+01       1380     0.9576        111 0.0000e+00
      9.904   62.38978 -174.56960     10.000     7.7860     7.7837     7.7851    31.0166    31.0220  1024.2229    24.1771    286.069    273.285  296.79899     96.385     92.076     0.1923     0.8057     3.9893     0.6663 4.7780e+01       1507     1.0457        122 0.0000e+00
     10.894   62.38978 -174.56960     11.000     7.7891     7.7843     7.7881    31.0228    31.0237  1024.2320    24.1816    285.905    272.995  296.76452     96.341     91.981     0.1878     0.7789     3.9888     0.6669 4.1410e+01       1623     1.1261        127 0.0000e+00
     11.884   62.38978 -174.56960     12.000     7.7891     7.7879     7.7880    31.0236    31.0315  1024.2372    24.1822    286.228    273.744  296.76309     96.450     92.246     0.1959     0.8277     3.9875     0.6682 3.5823e+01       1714     1.1893         51 0.0000e+00
     12.875   62.38978 -174.56960     13.000     7.7851     7.7878     7.7839    31.0283    31.0400  1024.2460    24.1864    286.313    272.938  296.77965     96.473     91.980     0.1969     0.8334     3.9910     0.6647 3.1829e+01       1787     1.2400         88 0.0000e+00
     13.865   62.38978 -174.56960     14.000     7.7879     7.7882     7.7866    31.0451    31.0481  1024.2635    24.1993    286.635    272.941  296.72417     96.600     91.987     0.1932     0.8114     3.9883     0.6674 2.7953e+01       1855     1.2878         48 0.0000e+00
     14.855   62.38978 -174.56960     15.000     7.7822     7.7851     7.7808    31.0495    31.0594  1024.2723    24.2035    286.128    272.879  296.75305     96.420     91.968     0.1936     0.8138     3.9941     0.6616 2.4587e+01       1903     1.3207         54 0.0000e+00
     15.846   62.38978 -174.56960     16.000     7.7591     7.7602     7.7577    31.0903    31.0995  1024.3121    24.2387    286.162    273.236  296.81988     96.409     92.063     0.2002     0.8532     3.9995     0.6561 2.2585e+01       1955     1.3570         45 0.0000e+00
     16.836   62.38978 -174.56960     17.000     7.7538     7.7547     7.7523    31.0954    31.1053  1024.3215    24.2435    286.726    273.619  296.84432     96.591     92.185     0.2061     0.8887     4.0066     0.6491 2.0086e+01       2004     1.3910         57 0.0000e+00
     17.826   62.38978 -174.56960     18.000     7.7426     7.7434     7.7409    31.0991    31.1089  1024.3305    24.2480    286.801    272.993  296.91214     96.594     91.952     0.2190     0.9658     4.0114     0.6443 1.8607e+01       2067     1.4349         55 0.0000e+00
     18.816   62.38978 -174.56960     19.000     7.7440     7.7446     7.7422    31.1033    31.1131  1024.3382    24.2511    286.725    273.575  296.89370     96.575     92.154     0.2210     0.9780     4.0164     0.6393 1.7538e+01       2112     1.4660         38 0.0000e+00
     19.807   62.38978 -174.56960     20.000     7.7409     7.7414     7.7391    31.1059    31.1158  1024.3453    24.2536    286.723    273.902  296.90837     96.570     92.259     0.2244     0.9985     4.0191     0.6366 1.5551e+01       2151     1.4930         44 0.0000e+00
     20.797   62.38978 -174.56960     21.000     7.7270     7.7267     7.7251    31.1098    31.1198  1024.3549    24.2586    286.877    274.051  296.99379     96.594     92.281     0.2356     1.0654     4.0234     0.6323 1.4443e+01       2215     1.5375         66 0.0000e+00
     21.787   62.38978 -174.56960     22.000     7.7144     7.7157     7.7124    31.1132    31.1229  1024.3638    24.2630    286.875    273.146  297.07121     96.568     91.956     0.2295     1.0291     4.0281     0.6277 1.4043e+01       2261     1.5694         35 0.0000e+00
     22.778   62.38978 -174.56960     23.000     7.7342     7.7353     7.7321    31.1215    31.1312  1024.3723    24.2668    286.686    273.373  296.91999     96.553     92.079     0.2289     1.0257     4.0327     0.6231 1.3201e+01       2297     1.5942         40 0.0000e+00
     23.768   62.38978 -174.56960     24.000     7.3442     7.3452     7.3421    31.1328    31.1479  1024.4382    24.3279    289.329    276.375  299.56077     96.586     92.273     0.2186     0.9637     4.0521     0.6039 1.1561e+01       2348     1.6296         62 0.0000e+00
     24.758   62.38978 -174.56960     25.000     5.1483     5.1432     5.1465    31.2684    31.3375  1024.8128    24.6966    298.783    286.064  315.10536     94.822     90.834     0.2150     0.9422     4.0849     0.5716 1.0751e+01       2408     1.6716         52 0.0000e+00
     25.749   62.38978 -174.56960     26.000     1.3086     1.2851     1.3076    31.5982    31.6965  1025.4165    25.2930    337.116    311.254  345.37469     97.608     90.133     0.1865     0.7712     4.1053     0.5517 1.0362e+01       2452     1.7024         37 0.0000e+00
     26.739   62.38978 -174.56960     27.000     0.2793     0.2656     0.2785    31.6977    31.7578  1025.5571    25.4280    367.177    321.915  354.43244    103.569     90.827     0.1799     0.7317     4.1507     0.5077 9.5600e+00       2492     1.7297         42 0.0000e+00
     27.729   62.38978 -174.56960     28.000    -0.3227    -0.3229    -0.3235    31.7220    31.7657  1025.6081    25.4737    424.063    373.722  360.00745    117.788    103.830     0.1758     0.7071     4.1941     0.4661 8.3680e+00       2543     1.7653         61 0.0000e+00
     28.719   62.38978 -174.56960     29.000    -0.8347    -0.8305    -0.8354    31.7373    31.7754  1025.6440    25.5044    404.190    382.068  364.88260    110.775    104.757     0.1599     0.6111     4.2220     0.4395 7.8442e+00       2604     1.8075         51 0.0000e+00
     29.709   62.38978 -174.56960     30.000    -0.9101    -0.9095    -0.9108    31.7569    31.7898  1025.6671    25.5226    385.531    370.318  365.56160    105.463    101.329     0.1368     0.4731     4.2423     0.4204 7.4610e+00       2643     1.8350         35 0.0000e+00
     30.700   62.38978 -174.56960     31.000    -1.0198    -1.0191    -1.0205    31.7637    31.7953  1025.6808    25.5314    373.414    359.098  366.61587    101.856     97.977     0.1246     0.3995     4.2453     0.4175 6.8494e+00       2684     1.8632         49 0.0000e+00
     31.690   62.38978 -174.56960     32.000    -1.1360    -1.1345    -1.1367    31.7709    31.7975  1025.6949    25.5405    369.600    356.321  367.73781    100.506     96.919     0.1239     0.3953     4.2486     0.4145 6.3280e+00       2744     1.9050         56 0.0000e+00
     32.680   62.38978 -174.56960     33.000    -1.1916    -1.1910    -1.1923    31.7812    31.8072  1025.7096    25.5504    368.160    354.650  368.25752     99.974     96.327     0.1112     0.3190     4.2522     0.4111 6.0294e+00       2787     1.9348         39 0.0000e+00
     33.670   62.38978 -174.56960     34.000    -1.3027    -1.3014    -1.3034    31.7998    31.8248  1025.7326    25.5684    361.948    348.686  369.30475     98.008     94.439     0.1139     0.3351     4.2545     0.4089 5.6637e+00       2834     1.9673         54 0.0000e+00
     34.661   62.38978 -174.56960     35.000    -1.3902    -1.3902    -1.3908    31.8152    31.8385  1025.7521    25.5830    355.685    342.559  370.13043     96.097     92.568     0.0991     0.2464     4.2314     0.4306 5.1882e+00       2890     2.0064         50 0.0000e+00
     35.651   62.38978 -174.56960     36.000    -1.4953    -1.4949    -1.4959    31.8594    31.8825  1025.7954    25.6213    340.873    329.319  371.05160     91.868     88.771     0.0845     0.1592     4.1507     0.5085 4.8688e+00       2937     2.0387         46 0.0000e+00
     36.641   62.38978 -174.56960     37.000    -1.5268    -1.5256    -1.5275    31.8755    31.8961  1025.8140    25.6351    325.363    313.666  371.32110     87.623     84.490     0.0750     0.1022     3.8909     0.7670 4.6846e+00       2980     2.0687         42 0.0000e+00
     37.631   62.38978 -174.56960     38.000    -1.5327    -1.5315    -1.5333    31.8761    31.8956  1025.8195    25.6357    303.940    295.378  371.37752     81.841     79.550     0.0693     0.0678     3.7812     0.8808 4.4646e+00       3022     2.0979         42 0.0000e+00
     38.622   62.38978 -174.56960     39.000    -1.5333    -1.5319    -1.5339    31.8752    31.8936  1025.8236    25.6350    283.890    273.666  371.38641     76.441     73.701     0.0678     0.0584     3.7311     0.9342 3.9991e+00       3080     2.1383         74 0.0000e+00
     39.612   62.38978 -174.56960     40.000    -1.5341    -1.5330    -1.5347    31.8819    31.8989  1025.8339    25.6405    280.048    267.823  371.37453     75.408     72.128     0.0686     0.0637     3.7186     0.9476 3.5733e+00       3142     2.1810         40 0.0000e+00
     40.602   62.38978 -174.56960     41.000    -1.5347    -1.5335    -1.5354    31.8868    31.9039  1025.8427    25.6445    280.933    269.267  371.36689     75.648     72.519     0.0705     0.0750     3.7070     0.9600 3.1859e+00       3175     2.2039         30 0.0000e+00
     41.592   62.38978 -174.56960     42.000    -1.5347    -1.5335    -1.5354    31.8862    31.9028  1025.8471    25.6440    282.241    270.299  371.36850     76.000     72.797     0.0644     0.0382     3.6850     0.9838 2.7383e+00       3210     2.2287         43 0.0000e+00
     42.582   62.38977 -174.56960     43.000    -1.5338    -1.5328    -1.5345    31.8845    31.9007  1025.8505    25.6426    283.519    270.930  371.36398     76.345     72.967     0.0751     0.1027     3.6697     1.0005 2.3178e+00       3275     2.2739         71 0.0000e+00
     43.572   62.38978 -174.56960     44.000    -1.5341    -1.5330    -1.5349    31.8851    31.9006  1025.8558    25.6431    283.868    270.484  371.36595     76.439     72.846     0.0710     0.0781     3.6719     0.9981 1.9973e+00       3323     2.3073         35 0.0000e+00
     44.563   62.38978 -174.56960     45.000    -1.5334    -1.5321    -1.5341    31.8847    31.9000  1025.8603    25.6427    283.626    269.889  371.35953     76.375     72.687     0.0720     0.0841     3.6822     0.9869 1.6879e+00       3365     2.3359         50 0.0000e+00
     45.553   62.38978 -174.56960     46.000    -1.5330    -1.5318    -1.5338    31.8836    31.8984  1025.8642    25.6418    283.676    269.889  371.35937     76.389     72.687     0.0661     0.0483     3.6835     0.9855 1.4386e+00       3421     2.3747         50 0.0000e+00
     46.543   62.38978 -174.56960     47.000    -1.5335    -1.5324    -1.5343    31.8829    31.8975  1025.8685    25.6413    283.856    270.467  371.36568     76.436     72.841     0.0698     0.0711     3.6797     0.9896 1.2028e+00       3466     2.4060         47 0.0000e+00
     47.533   62.38978 -174.56960     48.000    -1.5328    -1.5316    -1.5336    31.8821    31.8963  1025.8727    25.6407    283.572    270.731  371.36173     76.360     72.913     0.0697     0.0703     3.6823     0.9869 1.0201e+00       3516     2.4410         50 0.0000e+00
     48.523   62.38978 -174.56960     49.000    -1.5342    -1.5329    -1.5350    31.8817    31.8957  1025.8772    25.6403    283.418    270.548  371.37677     76.316     72.861     0.0729     0.0896     3.6770     0.9926 8.8505e-01       3562     2.4731         42 0.0000e+00
     49.513   62.38978 -174.56960     50.000    -1.5346    -1.5334    -1.5354    31.8812    31.8950  1025.8817    25.6399    283.376    271.031  371.38160     76.303     72.989     0.0699     0.0713     3.6775     0.9920 7.2755e-01       3605     2.5024         41 0.0000e+00
     50.503   62.38978 -174.56960     51.000    -1.5346    -1.5333    -1.5354    31.8805    31.8941  1025.8859    25.6394    282.997    269.966  371.38351     76.201     72.702     0.0733     0.0914     3.6781     0.9914 6.0288e-01       3652     2.5354         60 0.0000e+00
     51.494   62.38978 -174.56960     52.000    -1.5344    -1.5332    -1.5353    31.8801    31.8934  1025.8904    25.6391    282.854    268.810  371.38334     76.162     72.391     0.0712     0.0794     3.6735     0.9964 5.0301e-01       3722     2.5841         62 0.0000e+00
     52.484   62.38978 -174.56960     53.000    -1.5345    -1.5333    -1.5354    31.8802    31.8934  1025.8953    25.6391    282.461    269.575  371.38346     76.057     72.597     0.0684     0.0624     3.6813     0.9879 4.3498e-01       3764     2.6131         30 0.0000e+00
     53.474   62.38978 -174.56958     54.000    -1.5340    -1.5329    -1.5349    31.8824    31.8951  1025.9020    25.6409    282.495    269.405  371.37220     76.068     72.553     0.0725     0.0869     3.6813     0.9879 3.6489e-01       3792     2.6330         31 0.0000e+00
     54.464   62.38978 -174.56959     55.000    -1.5323    -1.5311    -1.5332    31.8821    31.8953  1025.9065    25.6406    282.736    269.458  371.35606     76.136     72.570     0.0721     0.0847     3.6823     0.9868 2.9293e-01       3858     2.6785        113 0.0000e+00
     55.454   62.38978 -174.56959     56.000    -1.5331    -1.5316    -1.5340    31.8831    31.8957  1025.9121    25.6414    282.903    270.014  371.36114     76.180     72.719     0.0706     0.0759     3.6783     0.9911 2.4872e-01       3944     2.7382         39 0.0000e+00
     56.444   62.38978 -174.56958     57.000    -1.5333    -1.5321    -1.5343    31.8838    31.8963  1025.9175    25.6420    282.641    269.537  371.36138     76.109     72.590     0.0663     0.0497     3.6839     0.9850 2.0656e-01       3986     2.7671         51 0.0000e+00
     57.434   62.38978 -174.56959     58.000    -1.5331    -1.5312    -1.5341    31.8847    31.8968  1025.9231    25.6427    282.556    270.042  371.35635     76.088     72.728     0.0709     0.0777     3.6870     0.9817 1.6164e-01       4096     2.8440        130 0.0000e+00
