EcoFOCI/data/1_SampleCollection/2023_SikuliaqDBO_CruiseData/CTD_raw_BottleFile_SKQ23-12S/proc/skq202312s_068svp.cnv
* Sea-Bird SBE 9 Data File:
* FileName = D:\CTD\SKQ202312S\SKQ202312S_068.hex
* Software Version Seasave V 7.26.7.121
* Temperature SN = 6177
* Conductivity SN = 0369
* Number of Bytes Per Scan = 41
* Number of Voltage Words = 4
* Number of Scans Averaged by the Deck Unit = 1
* NMEA Latitude = 67 40.62 N
* NMEA Longitude = 168 56.94 W
* NMEA UTC (Time) = Sep 29 2023  21:42:04
* NMEA baud rate = 4800
** Ship: R/V Sikuliaq
** Station Number: 068
** Station Name: DBO3.8
** Bottom Depth: 50
** Operator: SD
# nquan = 7
# nvalues = 3703                                  
# units = specified
# name 0 = depSM: Depth [salt water, m]
# name 1 = latitude: Latitude [deg]
# name 2 = longitude: Longitude [deg]
# name 3 = t090C: Temperature [ITS-90, deg C]
# name 4 = sal00: Salinity, Practical [PSU]
# name 5 = svCM: Sound Velocity [Chen-Millero, m/s]
# name 6 = flag:  0.000e+00
# span 0 =      2.051,     45.081                 
# span 1 =   67.67708,   67.67710                 
# span 2 = -168.94940, -168.94924                 
# span 3 =     2.2800,     4.3266                 
# span 4 =    26.1225,    32.4304                 
# span 5 =    1451.18,    1460.66                 
# span 6 = 0.0000e+00, 0.0000e+00                 
# interval = seconds: 0.0416667
# start_time = Sep 29 2023 21:45:22 [NMEA time, first data scan]
# bad_flag = -9.990e-29
*END*
[from data line 3077]
     40.090   67.67710 -168.94938     3.0029    32.3126    1459.59  0.000e+00
     40.036   67.67710 -168.94938     3.0029    32.3130    1459.59  0.000e+00
     40.144   67.67710 -168.94938     3.0029    32.3127    1459.59  0.000e+00
     40.090   67.67710 -168.94938     3.0029    32.3130    1459.59  0.000e+00
     40.152   67.67710 -168.94938     3.0031    32.3127    1459.59  0.000e+00
     40.152   67.67710 -168.94938     3.0030    32.3126    1459.59  0.000e+00
     40.152   67.67710 -168.94938     3.0031    32.3127    1459.59  0.000e+00
     40.090   67.67710 -168.94938     3.0032    32.3127    1459.59  0.000e+00
     40.206   67.67710 -168.94938     3.0030    32.3124    1459.59  0.000e+00
     40.144   67.67710 -168.94938     3.0033    32.3123    1459.59  0.000e+00
     40.152   67.67710 -168.94938     3.0030    32.3128    1459.59  0.000e+00
     40.206   67.67710 -168.94938     3.0029    32.3129    1459.59  0.000e+00
     40.152   67.67710 -168.94938     3.0032    32.3122    1459.59  0.000e+00
     40.152   67.67710 -168.94938     3.0028    32.3121    1459.59  0.000e+00
     40.206   67.67710 -168.94938     3.0026    32.3123    1459.59  0.000e+00
     40.206   67.67710 -168.94938     3.0025    32.3121    1459.59  0.000e+00
     40.206   67.67710 -168.94938     3.0025    32.3120    1459.59  0.000e+00
     40.206   67.67710 -168.94938     3.0020    32.3122    1459.59  0.000e+00
     40.268   67.67710 -168.94938     3.0020    32.3119    1459.59  0.000e+00
     40.268   67.67710 -168.94938     3.0015    32.3121    1459.59  0.000e+00
     40.268   67.67710 -168.94938     3.0012    32.3119    1459.58  0.000e+00
     40.268   67.67710 -168.94938     3.0010    32.3122    1459.58  0.000e+00
     40.322   67.67710 -168.94938     3.0010    32.3126    1459.59  0.000e+00
     40.314   67.67710 -168.94938     3.0006    32.3125    1459.58  0.000e+00
     40.322   67.67710 -168.94938     3.0007    32.3124    1459.58  0.000e+00
     40.322   67.67710 -168.94938     3.0004    32.3128    1459.58  0.000e+00
     40.322   67.67710 -168.94938     3.0001    32.3127    1459.58  0.000e+00
     40.376   67.67710 -168.94938     2.9998    32.3126    1459.58  0.000e+00
     40.376   67.67710 -168.94938     2.9998    32.3124    1459.58  0.000e+00
     40.322   67.67710 -168.94938     2.9993    32.3128    1459.58  0.000e+00
     40.376   67.67710 -168.94938     2.9990    32.3131    1459.58  0.000e+00
     40.437   67.67710 -168.94938     2.9987    32.3136    1459.58  0.000e+00
     40.376   67.67710 -168.94938     2.9983    32.3138    1459.58  0.000e+00
     40.437   67.67710 -168.94938     2.9977    32.3143    1459.58  0.000e+00
     40.437   67.67710 -168.94938     2.9976    32.3147    1459.58  0.000e+00
     40.437   67.67710 -168.94938     2.9973    32.3155    1459.58  0.000e+00
     40.437   67.67710 -168.94938     2.9966    32.3167    1459.57  0.000e+00
     40.545   67.67710 -168.94938     2.9965    32.3167    1459.58  0.000e+00
     40.491   67.67710 -168.94938     2.9960    32.3171    1459.57  0.000e+00
     40.491   67.67710 -168.94938     2.9958    32.3169    1459.57  0.000e+00
     40.491   67.67710 -168.94938     2.9951    32.3179    1459.57  0.000e+00
     40.553   67.67710 -168.94938     2.9949    32.3180    1459.57  0.000e+00
     40.491   67.67710 -168.94938     2.9943    32.3187    1459.57  0.000e+00
     40.553   67.67710 -168.94938     2.9938    32.3191    1459.57  0.000e+00
     40.607   67.67710 -168.94938     2.9935    32.3191    1459.57  0.000e+00
     40.553   67.67710 -168.94938     2.9931    32.3196    1459.56  0.000e+00
     40.607   67.67710 -168.94938     2.9929    32.3195    1459.56  0.000e+00
     40.607   67.67710 -168.94938     2.9925    32.3195    1459.56  0.000e+00
     40.607   67.67710 -168.94938     2.9923    32.3197    1459.56  0.000e+00
     40.607   67.67710 -168.94938     2.9918    32.3203    1459.56  0.000e+00
     40.669   67.67710 -168.94938     2.9915    32.3200    1459.56  0.000e+00
     40.661   67.67710 -168.94938     2.9910    32.3205    1459.56  0.000e+00
     40.669   67.67710 -168.94938     2.9908    32.3206    1459.56  0.000e+00
     40.669   67.67710 -168.94938     2.9905    32.3209    1459.56  0.000e+00
     40.723   67.67710 -168.94938     2.9903    32.3209    1459.56  0.000e+00
     40.723   67.67710 -168.94938     2.9898    32.3212    1459.56  0.000e+00
     40.723   67.67710 -168.94938     2.9898    32.3211    1459.55  0.000e+00
     40.723   67.67710 -168.94938     2.9894    32.3212    1459.55  0.000e+00
     40.723   67.67710 -168.94938     2.9891    32.3216    1459.55  0.000e+00
     40.777   67.67710 -168.94938     2.9892    32.3213    1459.55  0.000e+00
     40.777   67.67710 -168.94938     2.9888    32.3217    1459.55  0.000e+00
     40.777   67.67710 -168.94938     2.9889    32.3213    1459.55  0.000e+00
     40.777   67.67710 -168.94938     2.9886    32.3218    1459.55  0.000e+00
     40.838   67.67710 -168.94938     2.9884    32.3218    1459.55  0.000e+00
     40.777   67.67710 -168.94938     2.9882    32.3222    1459.55  0.000e+00
     40.838   67.67710 -168.94938     2.9881    32.3223    1459.55  0.000e+00
     40.892   67.67710 -168.94938     2.9877    32.3225    1459.55  0.000e+00
     40.838   67.67710 -168.94938     2.9878    32.3217    1459.55  0.000e+00
     40.838   67.67710 -168.94938     2.9876    32.3215    1459.55  0.000e+00
     40.892   67.67710 -168.94938     2.9873    32.3217    1459.55  0.000e+00
     40.892   67.67710 -168.94938     2.9868    32.3220    1459.55  0.000e+00
     40.892   67.67710 -168.94938     2.9866    32.3217    1459.54  0.000e+00
     40.892   67.67710 -168.94938     2.9860    32.3219    1459.54  0.000e+00
     40.954   67.67710 -168.94938     2.9856    32.3220    1459.54  0.000e+00
     40.946   67.67710 -168.94938     2.9851    32.3231    1459.54  0.000e+00
     40.892   67.67710 -168.94938     2.9845    32.3231    1459.54  0.000e+00
     40.954   67.67710 -168.94938     2.9843    32.3230    1459.54  0.000e+00
     41.008   67.67710 -168.94938     2.9840    32.3230    1459.54  0.000e+00
     40.954   67.67710 -168.94938     2.9835    32.3235    1459.53  0.000e+00
     41.008   67.67710 -168.94938     2.9834    32.3236    1459.54  0.000e+00
     40.954   67.67710 -168.94938     2.9832    32.3238    1459.53  0.000e+00
     40.946   67.67710 -168.94938     2.9826    32.3244    1459.53  0.000e+00
     41.070   67.67710 -168.94938     2.9825    32.3240    1459.53  0.000e+00
     41.008   67.67710 -168.94938     2.9824    32.3244    1459.53  0.000e+00
     41.070   67.67710 -168.94938     2.9821    32.3246    1459.53  0.000e+00
     41.008   67.67710 -168.94938     2.9820    32.3248    1459.53  0.000e+00
     41.070   67.67710 -168.94938     2.9816    32.3248    1459.53  0.000e+00
     41.070   67.67710 -168.94938     2.9816    32.3250    1459.53  0.000e+00
     41.070   67.67710 -168.94938     2.9812    32.3255    1459.53  0.000e+00
     41.062   67.67710 -168.94938     2.9812    32.3255    1459.53  0.000e+00
     41.070   67.67710 -168.94938     2.9807    32.3262    1459.53  0.000e+00
     41.124   67.67710 -168.94938     2.9807    32.3263    1459.53  0.000e+00
     41.070   67.67710 -168.94938     2.9801    32.3262    1459.53  0.000e+00
     41.124   67.67710 -168.94938     2.9799    32.3266    1459.53  0.000e+00
     41.124   67.67710 -168.94938     2.9794    32.3263    1459.52  0.000e+00
     41.124   67.67710 -168.94938     2.9791    32.3268    1459.52  0.000e+00
     41.124   67.67710 -168.94938     2.9786    32.3275    1459.52  0.000e+00
     41.178   67.67710 -168.94938     2.9782    32.3276    1459.52  0.000e+00
     41.124   67.67710 -168.94938     2.9779    32.3279    1459.52  0.000e+00
     41.124   67.67710 -168.94938     2.9776    32.3285    1459.52  0.000e+00
     41.178   67.67710 -168.94938     2.9772    32.3290    1459.52  0.000e+00
     41.178   67.67710 -168.94938     2.9771    32.3286    1459.52  0.000e+00
     41.240   67.67710 -168.94938     2.9764    32.3290    1459.52  0.000e+00
     41.124   67.67710 -168.94938     2.9764    32.3290    1459.51  0.000e+00
     41.240   67.67710 -168.94938     2.9760    32.3295    1459.51  0.000e+00
     41.178   67.67710 -168.94938     2.9758    32.3294    1459.51  0.000e+00
     41.240   67.67710 -168.94938     2.9757    32.3295    1459.51  0.000e+00
     41.178   67.67710 -168.94938     2.9752    32.3302    1459.51  0.000e+00
     41.240   67.67710 -168.94938     2.9750    32.3302    1459.51  0.000e+00
     41.240   67.67710 -168.94938     2.9747    32.3307    1459.51  0.000e+00
     41.240   67.67710 -168.94938     2.9746    32.3309    1459.51  0.000e+00
     41.240   67.67710 -168.94938     2.9744    32.3308    1459.51  0.000e+00
     41.240   67.67710 -168.94938     2.9740    32.3312    1459.51  0.000e+00
     41.294   67.67710 -168.94938     2.9736    32.3316    1459.51  0.000e+00
     41.240   67.67710 -168.94938     2.9737    32.3315    1459.51  0.000e+00
     41.294   67.67710 -168.94938     2.9733    32.3319    1459.51  0.000e+00
     41.240   67.67710 -168.94938     2.9733    32.3319    1459.51  0.000e+00
     41.355   67.67710 -168.94938     2.9733    32.3315    1459.51  0.000e+00
     41.240   67.67710 -168.94938     2.9733    32.3316    1459.51  0.000e+00
     41.355   67.67710 -168.94938     2.9730    32.3322    1459.51  0.000e+00
     41.294   67.67710 -168.94938     2.9730    32.3327    1459.51  0.000e+00
     41.294   67.67710 -168.94938     2.9729    32.3327    1459.51  0.000e+00
     41.294   67.67710 -168.94938     2.9727    32.3327    1459.51  0.000e+00
     41.355   67.67710 -168.94938     2.9727    32.3330    1459.51  0.000e+00
     41.355   67.67710 -168.94938     2.9724    32.3331    1459.51  0.000e+00
     41.294   67.67710 -168.94938     2.9719    32.3333    1459.50  0.000e+00
     41.355   67.67710 -168.94938     2.9717    32.3336    1459.50  0.000e+00
     41.355   67.67710 -168.94938     2.9716    32.3341    1459.50  0.000e+00
     41.355   67.67710 -168.94938     2.9713    32.3340    1459.50  0.000e+00
     41.409   67.67710 -168.94938     2.9712    32.3341    1459.50  0.000e+00
     41.355   67.67710 -168.94938     2.9711    32.3343    1459.50  0.000e+00
     41.355   67.67710 -168.94938     2.9708    32.3349    1459.50  0.000e+00
     41.409   67.67710 -168.94938     2.9707    32.3348    1459.50  0.000e+00
     41.355   67.67710 -168.94938     2.9706    32.3348    1459.50  0.000e+00
     41.409   67.67710 -168.94938     2.9704    32.3348    1459.50  0.000e+00
     41.409   67.67710 -168.94938     2.9703    32.3353    1459.50  0.000e+00
     41.409   67.67710 -168.94938     2.9701    32.3353    1459.50  0.000e+00
     41.409   67.67710 -168.94938     2.9701    32.3353    1459.50  0.000e+00
     41.463   67.67710 -168.94938     2.9699    32.3353    1459.50  0.000e+00
     41.409   67.67710 -168.94938     2.9697    32.3354    1459.50  0.000e+00
     41.471   67.67710 -168.94938     2.9699    32.3354    1459.50  0.000e+00
     41.471   67.67710 -168.94938     2.9697    32.3356    1459.50  0.000e+00
     41.471   67.67710 -168.94938     2.9695    32.3356    1459.50  0.000e+00
     41.409   67.67710 -168.94938     2.9696    32.3355    1459.50  0.000e+00
     41.471   67.67710 -168.94938     2.9692    32.3354    1459.50  0.000e+00
     41.525   67.67710 -168.94938     2.9690    32.3358    1459.50  0.000e+00
     41.525   67.67710 -168.94938     2.9693    32.3358    1459.50  0.000e+00
     41.471   67.67710 -168.94938     2.9687    32.3364    1459.50  0.000e+00
     41.525   67.67710 -168.94938     2.9686    32.3371    1459.50  0.000e+00
     41.525   67.67710 -168.94938     2.9686    32.3371    1459.50  0.000e+00
     41.471   67.67710 -168.94938     2.9685    32.3374    1459.50  0.000e+00
     41.579   67.67710 -168.94938     2.9682    32.3379    1459.50  0.000e+00
     41.525   67.67710 -168.94938     2.9682    32.3379    1459.50  0.000e+00
     41.579   67.67710 -168.94938     2.9682    32.3378    1459.50  0.000e+00
     41.579   67.67710 -168.94938     2.9678    32.3383    1459.50  0.000e+00
     41.525   67.67710 -168.94938     2.9679    32.3383    1459.50  0.000e+00
     41.579   67.67710 -168.94938     2.9678    32.3384    1459.50  0.000e+00
     41.579   67.67710 -168.94938     2.9675    32.3384    1459.50  0.000e+00
     41.641   67.67710 -168.94938     2.9673    32.3387    1459.50  0.000e+00
     41.579   67.67710 -168.94938     2.9674    32.3390    1459.50  0.000e+00
     41.641   67.67710 -168.94938     2.9670    32.3394    1459.50  0.000e+00
     41.641   67.67710 -168.94938     2.9670    32.3394    1459.50  0.000e+00
     41.641   67.67710 -168.94938     2.9669    32.3395    1459.50  0.000e+00
     41.633   67.67710 -168.94938     2.9665    32.3401    1459.49  0.000e+00
     41.641   67.67710 -168.94938     2.9666    32.3403    1459.50  0.000e+00
     41.641   67.67710 -168.94938     2.9662    32.3404    1459.49  0.000e+00
     41.695   67.67710 -168.94938     2.9662    32.3405    1459.49  0.000e+00
     41.695   67.67710 -168.94938     2.9662    32.3405    1459.49  0.000e+00
     41.695   67.67710 -168.94938     2.9660    32.3408    1459.49  0.000e+00
     41.695   67.67710 -168.94938     2.9655    32.3415    1459.49  0.000e+00
     41.695   67.67710 -168.94938     2.9654    32.3413    1459.49  0.000e+00
     41.756   67.67710 -168.94938     2.9652    32.3415    1459.49  0.000e+00
     41.695   67.67710 -168.94938     2.9651    32.3416    1459.49  0.000e+00
     41.756   67.67710 -168.94938     2.9647    32.3417    1459.49  0.000e+00
     41.756   67.67710 -168.94938     2.9645    32.3425    1459.49  0.000e+00
     41.810   67.67710 -168.94938     2.9642    32.3430    1459.49  0.000e+00
     41.756   67.67710 -168.94938     2.9635    32.3435    1459.49  0.000e+00
     41.810   67.67710 -168.94938     2.9632    32.3441    1459.49  0.000e+00
     41.756   67.67710 -168.94938     2.9630    32.3443    1459.49  0.000e+00
     41.810   67.67710 -168.94938     2.9626    32.3444    1459.49  0.000e+00
     41.749   67.67710 -168.94938     2.9622    32.3443    1459.48  0.000e+00
     41.926   67.67710 -168.94938     2.9620    32.3449    1459.49  0.000e+00
     41.810   67.67710 -168.94938     2.9618    32.3454    1459.48  0.000e+00
     41.872   67.67710 -168.94938     2.9613    32.3463    1459.48  0.000e+00
     41.872   67.67710 -168.94938     2.9610    32.3467    1459.48  0.000e+00
     41.872   67.67710 -168.94938     2.9608    32.3472    1459.48  0.000e+00
     41.872   67.67710 -168.94938     2.9604    32.3479    1459.48  0.000e+00
     41.872   67.67710 -168.94938     2.9601    32.3483    1459.48  0.000e+00
     41.926   67.67710 -168.94938     2.9597    32.3490    1459.48  0.000e+00
     41.864   67.67710 -168.94938     2.9593    32.3498    1459.48  0.000e+00
     41.980   67.67710 -168.94938     2.9591    32.3498    1459.48  0.000e+00
     41.926   67.67710 -168.94938     2.9585    32.3506    1459.48  0.000e+00
     41.926   67.67710 -168.94938     2.9583    32.3510    1459.48  0.000e+00
     41.926   67.67710 -168.94938     2.9580    32.3514    1459.48  0.000e+00
     41.980   67.67710 -168.94938     2.9574    32.3521    1459.48  0.000e+00
     41.980   67.67710 -168.94938     2.9574    32.3521    1459.48  0.000e+00
     41.980   67.67710 -168.94938     2.9569    32.3532    1459.48  0.000e+00
     41.980   67.67710 -168.94938     2.9569    32.3536    1459.48  0.000e+00
     42.042   67.67710 -168.94938     2.9565    32.3547    1459.48  0.000e+00
     42.034   67.67710 -168.94938     2.9565    32.3543    1459.48  0.000e+00
     41.980   67.67710 -168.94938     2.9560    32.3554    1459.47  0.000e+00
     42.042   67.67710 -168.94938     2.9557    32.3558    1459.48  0.000e+00
     42.042   67.67710 -168.94938     2.9555    32.3557    1459.47  0.000e+00
     42.096   67.67710 -168.94938     2.9550    32.3563    1459.47  0.000e+00
     42.042   67.67710 -168.94938     2.9549    32.3572    1459.47  0.000e+00
