EcoFOCI/data/1_SampleCollection/2023_SikuliaqDBO_CruiseData/CTD_raw_BottleFile_SKQ23-12S/proc/skq202312s_036avg.cnv
* Sea-Bird SBE 9 Data File:
* FileName = D:\CTD\SKQ202312S\SKQ202312S_036.hex
* Software Version Seasave V 7.26.7.121
* Temperature SN = 6177
* Conductivity SN = 0369
* Number of Bytes Per Scan = 41
* Number of Voltage Words = 4
* Number of Scans Averaged by the Deck Unit = 1
* NMEA Latitude = 72 27.93 N
* NMEA Longitude = 156 32.77 W
* NMEA UTC (Time) = Sep 22 2023  14:08:00
* NMEA baud rate = 4800
** Ship: R/V Sikuliaq
** Station Number: 036
** Station Name: CK9
** Bottom Depth: 990
** Operator: SD
# nquan = 25
# nvalues = 991                         
# units = specified
# name 0 = depSM: Depth [salt water, m]
# name 1 = latitude: Latitude [deg]
# name 2 = longitude: Longitude [deg]
# name 3 = prDM: Pressure, Digiquartz [db]
# name 4 = t090C: Temperature [ITS-90, deg C]
# name 5 = t190C: Temperature, 2 [ITS-90, deg C]
# name 6 = potemp090C: Potential Temperature [ITS-90, deg C]
# name 7 = sal00: Salinity, Practical [PSU]
# name 8 = sal11: Salinity, Practical, 2 [PSU]
# name 9 = density00: Density [density, kg/m^3]
# name 10 = sigma-é00: Density [sigma-theta, kg/m^3]
# name 11 = sbox0Mm/Kg: Oxygen, SBE 43 [umol/kg]
# name 12 = sbox1Mm/Kg: Oxygen, SBE 43, 2 [umol/kg]
# name 13 = oxsolMm/Kg: Oxygen Saturation, Garcia & Gordon [umol/kg]
# name 14 = sbeox0PS: Oxygen, SBE 43 [% saturation]
# name 15 = sbeox1PS: Oxygen, SBE 43, 2 [% saturation]
# name 16 = v0: Voltage 0
# name 17 = flECO-AFL: Fluorescence, WET Labs ECO-AFL/FL [mg/m^3]
# name 18 = v1: Voltage 1
# name 19 = CStarAt0: Beam Attenuation, WET Labs C-Star [1/m]
# name 20 = par: PAR/Irradiance, Biospherical/Licor
# name 21 = scan: Scan Count
# name 22 = timeM: Time, Elapsed [minutes]
# name 23 = nbin: number of scans per bin
# name 24 = flag: flag
# span 0 =      3.959,    981.449       
# span 1 =   72.46518,   72.46554       
# span 2 = -156.54650, -156.54612       
# span 3 =      4.000,    994.000       
# span 4 =    -1.6669,     3.5219       
# span 5 =    -1.6656,     3.5225       
# span 6 =    -1.6692,     3.5217       
# span 7 =    27.5792,    34.8590       
# span 8 =    27.5900,    34.8688       
# span 9 =  1021.9464,  1032.6561       
# span 10 =    21.9275,    27.9809      
# span 11 =    257.654,    386.366      
# span 12 =    243.681,    362.997      
# span 13 =  336.83840,  369.69062      
# span 14 =     73.070,    106.684      
# span 15 =     69.216,    101.004      
# span 16 =     0.0563,     0.1790      
# span 17 =    -0.0103,     0.7258      
# span 18 =     3.9564,     4.2681      
# span 19 =     0.3961,     0.6995      
# span 20 = -1.928e-04, 2.8560e-01      
# span 21 =        587,      33161      
# span 22 =     0.4072,    23.0277      
# span 23 =          1,        777      
# span 24 = 0.0000e+00, 0.0000e+00      
# interval = decibars: 1                
# start_time = Sep 22 2023 14:11:59 [NMEA time, first data scan]
# bad_flag = -9.990e-29
*END*
[from data line 116]
    118.734   72.46544 -156.54618    120.000    -1.5959    -1.5945    -1.5981    32.8774    32.8878  1027.0293    26.4505    295.353    280.416  369.07948     80.024     75.986     0.0703     0.0736     4.0087     0.6470 5.7670e-06       7420     5.1522         22 0.0000e+00
    119.723   72.46544 -156.54618    121.000    -1.6008    -1.5994    -1.6031    32.8891    32.9013  1027.0437    26.4601    293.016    278.614  369.09449     79.388     75.496     0.0697     0.0702     4.0048     0.6508 7.0963e-07       7443     5.1679         22 0.0000e+00
    120.712   72.46544 -156.54618    122.000    -1.6354    -1.6354    -1.6377    32.8956    32.9099  1027.0548    26.4662    290.926    276.864  369.42082     78.752     74.954     0.0701     0.0728     4.0050     0.6507 2.6904e-06       7466     5.1839         25 0.0000e+00
    121.701   72.46544 -156.54618    123.000    -1.6639    -1.6629    -1.6662    32.9053    32.9176  1027.0683    26.4748    289.200    275.408  369.67681     78.230     74.509     0.0697     0.0702     3.9902     0.6655 5.1696e-06       7491     5.2014         26 0.0000e+00
    122.691   72.46544 -156.54620    124.000    -1.6669    -1.6656    -1.6692    32.9108    32.9223  1027.0776    26.4792    287.427    274.101  369.69062     77.748     74.153     0.0674     0.0561     3.9660     0.6898 5.7744e-06       7520     5.2214         28 0.0000e+00
    123.680   72.46544 -156.54620    125.000    -1.6543    -1.6527    -1.6567    32.9232    32.9329  1027.0922    26.4891    286.283    272.552  369.52888     77.473     73.765     0.0665     0.0509     3.9599     0.6960 3.9904e-06       7547     5.2404         25 0.0000e+00
    124.669   72.46544 -156.54620    126.000    -1.6392    -1.6380    -1.6416    32.9358    32.9470  1027.1068    26.4989    284.780    270.706  369.34131     77.105     73.303     0.0648     0.0411     3.9573     0.6986 4.4483e-06       7570     5.2560         21 0.0000e+00
    125.658   72.46544 -156.54620    127.000    -1.6373    -1.6359    -1.6396    32.9402    32.9508  1027.1152    26.5025    283.640    269.598  369.30851     76.803     73.009     0.0651     0.0427     3.9657     0.6901 6.1108e-06       7588     5.2690         18 0.0000e+00
    126.647   72.46544 -156.54620    128.000    -1.6318    -1.6306    -1.6342    32.9438    32.9545  1027.1227    26.5053    283.209    269.058  369.24338     76.700     72.876     0.0661     0.0490     3.9669     0.6889 8.0262e-06       7607     5.2821         20 0.0000e+00
    127.636   72.46544 -156.54620    129.000    -1.6266    -1.6252    -1.6290    32.9498    32.9610  1027.1323    26.5100    282.774    268.194  369.17415     76.596     72.656     0.0660     0.0479     3.9760     0.6797 8.1758e-06       7631     5.2989         29 0.0000e+00
    128.625   72.46544 -156.54620    130.000    -1.6482    -1.6471    -1.6507    32.9611    32.9731  1027.1468    26.5197    283.389    268.481  369.35705     76.725     72.698     0.0656     0.0457     3.9766     0.6792 6.5643e-06       7664     5.3212         32 0.0000e+00
    129.614   72.46544 -156.54620    131.000    -1.6521    -1.6507    -1.6545    32.9680    32.9791  1027.1573    26.5254    283.912    269.678  369.37522     76.863     73.018     0.0677     0.0577     3.9788     0.6770 7.8120e-06       7691     5.3406         25 0.0000e+00
    130.604   72.46544 -156.54620    132.000    -1.6473    -1.6459    -1.6498    32.9710    32.9820  1027.1644    26.5277    284.301    270.151  369.31875     76.980     73.158     0.0674     0.0565     3.9771     0.6787 4.4999e-06       7713     5.3554         19 0.0000e+00
    131.593   72.46544 -156.54622    133.000    -1.6463    -1.6452    -1.6488    32.9772    32.9884  1027.1743    26.5328    284.543    270.491  369.29085     77.051     73.255     0.0687     0.0644     3.9656     0.6902 4.2328e-06       7732     5.3686         18 0.0000e+00
    132.582   72.46544 -156.54622    134.000    -1.6432    -1.6415    -1.6457    32.9893    32.9986  1027.1888    26.5425    284.258    270.108  369.22450     76.988     73.164     0.0671     0.0548     3.9564     0.6995 3.6248e-06       7751     5.3821         21 0.0000e+00
    133.571   72.46544 -156.54622    135.000    -1.6384    -1.6372    -1.6410    33.0023    33.0140  1027.2041    26.5530    284.004    269.268  369.13840     76.937     72.954     0.0668     0.0529     3.9572     0.6987 3.2536e-06       7775     5.3985         26 0.0000e+00
    134.560   72.46544 -156.54622    136.000    -1.6415    -1.6400    -1.6441    33.0080    33.0190  1027.2136    26.5577    283.093    268.347  369.15342     76.687     72.702     0.0676     0.0572     3.9716     0.6842 2.4940e-06       7803     5.4177         27 0.0000e+00
    135.549   72.46544 -156.54622    137.000    -1.6337    -1.6319    -1.6363    33.0149    33.0251  1027.2238    26.5631    282.023    267.783  369.05504     76.418     72.569     0.0682     0.0612     3.9831     0.6726 5.7375e-06       7828     5.4356         24 0.0000e+00
    136.538   72.46544 -156.54622    138.000    -1.6249    -1.6236    -1.6276    33.0337    33.0444  1027.2436    26.5782    281.909    267.981  368.91260     76.416     72.649     0.0681     0.0604     4.0015     0.6542 8.0981e-06       7851     5.4513         23 0.0000e+00
    137.527   72.46544 -156.54622    139.000    -1.6247    -1.6231    -1.6274    33.0449    33.0558  1027.2575    26.5873    282.005    268.375  368.87781     76.449     72.764     0.0658     0.0467     4.0551     0.6009 3.8949e-06       7874     5.4674         25 0.0000e+00
    138.516   72.46544 -156.54622    140.000    -1.6350    -1.6343    -1.6377    33.0507    33.0630  1027.2673    26.5922    282.682    269.150  368.96376     76.615     72.956     0.0638     0.0349     4.0780     0.5784 6.0303e-06       7901     5.4863         28 0.0000e+00
    139.505   72.46544 -156.54622    141.000    -1.6457    -1.6446    -1.6484    33.0554    33.0671  1027.2762    26.5962    285.796    270.799  369.05667     77.439     73.385     0.0638     0.0346     4.0865     0.5700 2.9136e-06       7927     5.5043         23 0.0000e+00
    140.494   72.46544 -156.54622    142.000    -1.6474    -1.6463    -1.6502    33.0577    33.0692  1027.2830    26.5982    289.907    273.928  369.06708     78.551     74.231     0.0643     0.0379     4.0876     0.5690 4.7005e-06       7947     5.5184         18 0.0000e+00
    141.483   72.46544 -156.54622    143.000    -1.6531    -1.6523    -1.6558    33.0641    33.0760  1027.2932    26.6036    293.328    277.385  369.10464     79.470     75.160     0.0662     0.0492     4.0913     0.5654 6.1189e-06       7966     5.5309         18 0.0000e+00
    142.472   72.46544 -156.54622    144.000    -1.6482    -1.6464    -1.6510    33.0749    33.0853  1027.3066    26.6122    296.427    280.414  369.02441     80.327     75.998     0.0631     0.0304     4.0977     0.5590 5.6701e-06       7987     5.5458         27 0.0000e+00
    143.461   72.46544 -156.54623    145.000    -1.6367    -1.6349    -1.6395    33.0854    33.0958  1027.3196    26.6204    300.250    283.987  368.87908     81.395     76.997     0.0636     0.0339     4.1014     0.5555 5.7176e-06       8021     5.5696         40 0.0000e+00
    144.450   72.46544 -156.54624    146.000    -1.6257    -1.6240    -1.6286    33.0938    33.1039  1027.3309    26.6270    302.348    286.257  368.74547     81.994     77.640     0.0638     0.0346     4.1025     0.5545 4.7560e-06       8054     5.5924         23 0.0000e+00
    145.440   72.46544 -156.54624    147.000    -1.6049    -1.6014    -1.6078    33.1139    33.1194  1027.3514    26.6428    302.596    286.569  368.48000     82.120     77.781     0.0636     0.0338     4.1009     0.5559 5.1862e-06       8074     5.6062         18 0.0000e+00
    146.428   72.46544 -156.54624    148.000    -1.5700    -1.5664    -1.5729    33.1401    33.1456  1027.3764    26.6632    301.756    286.109  368.05665     81.986     77.746     0.0625     0.0266     4.1055     0.5515 4.2426e-06       8090     5.6176         16 0.0000e+00
    147.417   72.46544 -156.54624    149.000    -1.5508    -1.5480    -1.5538    33.1497    33.1573  1027.3884    26.6705    301.096    285.603  367.83896     81.855     77.654     0.0610     0.0183     4.1133     0.5439 4.6873e-06       8107     5.6290         18 0.0000e+00
    148.407   72.46544 -156.54624    150.000    -1.5218    -1.5192    -1.5248    33.1669    33.1750  1027.4062    26.6837    300.213    284.839  367.50138     81.690     77.517     0.0618     0.0231     4.1226     0.5349 4.2636e-06       8128     5.6439         26 0.0000e+00
    149.396   72.46544 -156.54624    151.000    -1.4752    -1.4725    -1.4784    33.1912    33.1991  1027.4293    26.7021    297.934    283.019  366.97057     81.187     77.134     0.0631     0.0308     4.1357     0.5222 6.3948e-06       8159     5.6653         32 0.0000e+00
    150.385   72.46544 -156.54624    152.000    -1.4457    -1.4439    -1.4489    33.2197    33.2283  1027.4562    26.7245    294.676    281.269  366.59671     80.382     76.733     0.0635     0.0328     4.1553     0.5033 4.6471e-06       8189     5.6859         25 0.0000e+00
    151.374   72.46544 -156.54624    153.000    -1.4297    -1.4272    -1.4330    33.2533    33.2604  1027.4877    26.7513    292.067    279.025  366.34241     79.725     76.175     0.0630     0.0298     4.1597     0.4990 4.2057e-06       8212     5.7020         22 0.0000e+00
    152.363   72.46544 -156.54624    154.000    -1.4058    -1.4035    -1.4092    33.2819    33.2892  1027.5150    26.7739    288.575    275.752  366.02457     78.840     75.346     0.0620     0.0239     4.1588     0.4999 3.9064e-06       8235     5.7179         26 0.0000e+00
    153.352   72.46544 -156.54624    155.000    -1.3853    -1.3836    -1.3888    33.3130    33.3221  1027.5442    26.7985    285.066    272.145  365.73355     77.944     74.419     0.0622     0.0249     4.1688     0.4902 5.5344e-06       8262     5.7366         29 0.0000e+00
    154.341   72.46544 -156.54626    156.000    -1.3788    -1.3772    -1.3823    33.3262    33.3349  1027.5595    26.8091    283.098    270.182  365.63140     77.427     73.903     0.0641     0.0369     4.1728     0.4865 4.8365e-06       8287     5.7543         21 0.0000e+00
    155.330   72.46544 -156.54626    157.000    -1.3660    -1.3636    -1.3695    33.3494    33.3575  1027.5827    26.8275    282.236    269.342  365.43849     77.232     73.713     0.0641     0.0364     4.1744     0.4849 4.4753e-06       8307     5.7677         17 0.0000e+00
    156.318   72.46544 -156.54626    158.000    -1.3613    -1.3598    -1.3649    33.3543    33.3639  1027.5913    26.8313    281.615    268.648  365.37917     77.075     73.534     0.0624     0.0265     4.1761     0.4832 3.4902e-06       8323     5.7791         17 0.0000e+00
    157.308   72.46544 -156.54626    159.000    -1.3518    -1.3496    -1.3554    33.3716    33.3804  1027.6098    26.8451    280.752    267.853  365.23543     76.869     73.346     0.0646     0.0394     4.1777     0.4817 5.5681e-06       8341     5.7919         21 0.0000e+00
    158.296   72.46544 -156.54625    160.000    -1.3471    -1.3421    -1.3507    33.3763    33.3904  1027.6182    26.8487    280.319    267.186  365.17617     76.763     73.184     0.0627     0.0280     4.1814     0.4782 4.7699e-06       8378     5.8171         52 0.0000e+00
    159.286   72.46543 -156.54626    161.000    -1.3192    -1.3140    -1.3229    33.4330    33.4394  1027.6680    26.8940    279.495    266.084  364.74037     76.628     72.966     0.0628     0.0288     4.1838     0.4759 5.7421e-06       8421     5.8475         24 0.0000e+00
    160.275   72.46542 -156.54626    162.000    -1.2974    -1.2946    -1.3012    33.4612    33.4686  1027.6949    26.9162    279.089    265.577  364.44594     76.579     72.881     0.0633     0.0317     4.1881     0.4718 4.7361e-06       8439     5.8598         16 0.0000e+00
    161.263   72.46542 -156.54626    163.000    -1.2754    -1.2718    -1.2793    33.4974    33.5010  1027.7281    26.9448    279.138    265.091  364.12777     76.659     72.811     0.0637     0.0341     4.1897     0.4703 3.6087e-06       8454     5.8700         14 0.0000e+00
    162.252   72.46542 -156.54626    164.000    -1.2511    -1.2482    -1.2550    33.5239    33.5294  1027.7535    26.9656    279.071    264.731  363.81430     76.707     72.774     0.0627     0.0278     4.1928     0.4674 6.5302e-06       8467     5.8792         13 0.0000e+00
    163.241   72.46544 -156.54626    165.000    -1.2420    -1.2402    -1.2460    33.5411    33.5489  1027.7719    26.9793    278.973    264.910  363.67676     76.709     72.850     0.0625     0.0269     4.1980     0.4624 6.9658e-06       8482     5.8893         17 0.0000e+00
    164.230   72.46544 -156.54626    166.000    -1.2215    -1.2179    -1.2255    33.5631    33.5769  1027.7938    26.9965    278.085    264.405  363.41423     76.520     72.771     0.0620     0.0237     4.1995     0.4609 5.8441e-06       8512     5.9104         47 0.0000e+00
    165.219   72.46544 -156.54626    167.000    -1.2149    -1.2175    -1.2189    33.5992    33.6035  1027.8275    27.0255    275.382    263.038  363.24675     75.811     72.410     0.0617     0.0220     4.2015     0.4591 6.3157e-06       8556     5.9412         31 0.0000e+00
    166.208   72.46544 -156.54626    168.000    -1.1995    -1.1966    -1.2037    33.6467    33.6539  1027.8702    27.0635    273.990    261.410  362.96182     75.487     72.031     0.0640     0.0361     4.2084     0.4525 6.3545e-06       8580     5.9575         20 0.0000e+00
    167.197   72.46542 -156.54626    169.000    -1.1789    -1.1757    -1.1831    33.6785    33.6837  1027.9000    27.0887    272.965    260.091  362.67088     75.265     71.725     0.0626     0.0274     4.2065     0.4542 6.9694e-06       8598     5.9700         17 0.0000e+00
    168.186   72.46542 -156.54626    170.000    -1.1521    -1.1491    -1.1563    33.7033    33.7098  1027.9238    27.1079    272.229    259.187  362.34015     75.131     71.541     0.0621     0.0244     4.2091     0.4518 7.4672e-06       8615     5.9818         17 0.0000e+00
    169.175   72.46543 -156.54626    171.000    -1.1358    -1.1330    -1.1401    33.7206    33.7283  1027.9419    27.1213    272.818    258.951  362.13358     75.336     71.517     0.0619     0.0234     4.2126     0.4485 7.7249e-06       8634     5.9953         23 0.0000e+00
    170.164   72.46544 -156.54625    172.000    -1.0873    -1.0839    -1.0918    33.7540    33.7600  1027.9718    27.1467    273.563    259.198  361.57108     75.660     71.697     0.0636     0.0338     4.2144     0.4467 8.4583e-06       8661     6.0139         30 0.0000e+00
    171.153   72.46544 -156.54624    173.000    -1.0150    -1.0128    -1.0196    33.7814    33.7888  1027.9958    27.1664    273.387    259.592  360.79719     75.773     71.958     0.0623     0.0257     4.2274     0.4345 5.7523e-06       8690     6.0344         28 0.0000e+00
    172.142   72.46544 -156.54625    174.000    -0.9867    -0.9833    -0.9913    33.8275    33.8334  1028.0367    27.2028    272.981    259.626  360.39452     75.745     72.049     0.0618     0.0228     4.2365     0.4259 6.2574e-06       8716     6.0519         23 0.0000e+00
    173.131   72.46544 -156.54626    175.000    -0.9571    -0.9541    -0.9618    33.8647    33.8707  1028.0704    27.2318    270.953    258.963  360.00564     75.263     71.942     0.0637     0.0344     4.2370     0.4254 5.3042e-06       8740     6.0689         24 0.0000e+00
    174.120   72.46544 -156.54624    176.000    -0.9387    -0.9363    -0.9435    33.8825    33.8898  1028.0887    27.2455    267.099    255.522  359.77984     74.240     71.030     0.0633     0.0320     4.2353     0.4270 4.7918e-06       8765     6.0860         23 0.0000e+00
