EcoFOCI/data/1_SampleCollection/2023_SikuliaqDBO_CruiseData/CTD_raw_BottleFile_SKQ23-12S/proc/skq202312s_054svp.cnv
* Sea-Bird SBE 9 Data File:
* FileName = D:\CTD\SKQ202312S\SKQ202312S_054.hex
* Software Version Seasave V 7.26.7.121
* Temperature SN = 6177
* Conductivity SN = 0369
* Number of Bytes Per Scan = 41
* Number of Voltage Words = 4
* Number of Scans Averaged by the Deck Unit = 1
* NMEA Latitude = 70 58.30 N
* NMEA Longitude = 163 33.99 W
* NMEA UTC (Time) = Sep 27 2023  02:24:07
* NMEA baud rate = 4800
** Ship: R/V Sikuliaq
** Station Number: 054
** Station Name: IC8
** Bottom Depth: 45
** Operator: SD
# nquan = 7
# nvalues = 6945                                  
# units = specified
# name 0 = depSM: Depth [salt water, m]
# name 1 = latitude: Latitude [deg]
# name 2 = longitude: Longitude [deg]
# name 3 = t090C: Temperature [ITS-90, deg C]
# name 4 = sal00: Salinity, Practical [PSU]
# name 5 = svCM: Sound Velocity [Chen-Millero, m/s]
# name 6 = flag:  0.000e+00
# span 0 =      2.676,     39.987                 
# span 1 =   70.97168,   70.97176                 
# span 2 = -163.56664, -163.56640                 
# span 3 =     1.6889,     4.6633                 
# span 4 =    30.3487,    32.1085                 
# span 5 =    1453.48,    1463.73                 
# span 6 = 0.0000e+00, 0.0000e+00                 
# interval = seconds: 0.0416667
# start_time = Sep 27 2023 02:28:34 [NMEA time, first data scan]
# bad_flag = -9.990e-29
*END*
[from data line 206]
      2.854   70.97174 -163.56646     4.5984    30.3496    1463.19  0.000e+00
      2.854   70.97174 -163.56646     4.5985    30.3495    1463.20  0.000e+00
      2.908   70.97174 -163.56646     4.5984    30.3498    1463.20  0.000e+00
      2.854   70.97174 -163.56646     4.5983    30.3496    1463.19  0.000e+00
      2.854   70.97174 -163.56646     4.5982    30.3496    1463.19  0.000e+00
      2.854   70.97174 -163.56646     4.5984    30.3496    1463.19  0.000e+00
      2.854   70.97174 -163.56646     4.5983    30.3503    1463.20  0.000e+00
      2.854   70.97174 -163.56646     4.5980    30.3506    1463.19  0.000e+00
      2.854   70.97174 -163.56646     4.5982    30.3504    1463.19  0.000e+00
      2.908   70.97174 -163.56646     4.5982    30.3504    1463.20  0.000e+00
      2.854   70.97174 -163.56646     4.5980    30.3502    1463.19  0.000e+00
      2.854   70.97174 -163.56646     4.5982    30.3503    1463.19  0.000e+00
      2.854   70.97174 -163.56646     4.5985    30.3505    1463.20  0.000e+00
      2.854   70.97174 -163.56646     4.5982    30.3505    1463.20  0.000e+00
      2.854   70.97174 -163.56646     4.5985    30.3502    1463.20  0.000e+00
      2.761   70.97174 -163.56646     4.5987    30.3500    1463.20  0.000e+00
      2.961   70.97174 -163.56646     4.5984    30.3502    1463.20  0.000e+00
      2.792   70.97174 -163.56646     4.5986    30.3499    1463.20  0.000e+00
      2.854   70.97174 -163.56646     4.5989    30.3498    1463.20  0.000e+00
      2.854   70.97174 -163.56646     4.5988    30.3504    1463.20  0.000e+00
      2.854   70.97174 -163.56646     4.5987    30.3500    1463.20  0.000e+00
      2.792   70.97174 -163.56646     4.5990    30.3505    1463.20  0.000e+00
      2.854   70.97174 -163.56646     4.5990    30.3499    1463.20  0.000e+00
      2.792   70.97174 -163.56646     4.5988    30.3502    1463.20  0.000e+00
      2.854   70.97174 -163.56646     4.5990    30.3504    1463.20  0.000e+00
      2.792   70.97174 -163.56646     4.5990    30.3505    1463.20  0.000e+00
      2.854   70.97174 -163.56646     4.5992    30.3505    1463.20  0.000e+00
      2.792   70.97174 -163.56646     4.5990    30.3510    1463.20  0.000e+00
      2.854   70.97174 -163.56646     4.5992    30.3509    1463.20  0.000e+00
      2.792   70.97174 -163.56646     4.5992    30.3510    1463.20  0.000e+00
      2.854   70.97174 -163.56646     4.5991    30.3511    1463.20  0.000e+00
      2.792   70.97174 -163.56646     4.5992    30.3511    1463.20  0.000e+00
      2.854   70.97174 -163.56646     4.5991    30.3514    1463.20  0.000e+00
      2.792   70.97174 -163.56646     4.5993    30.3516    1463.20  0.000e+00
      2.792   70.97174 -163.56646     4.5996    30.3517    1463.20  0.000e+00
      2.792   70.97174 -163.56646     4.5995    30.3513    1463.20  0.000e+00
      2.792   70.97174 -163.56646     4.5996    30.3506    1463.20  0.000e+00
      2.854   70.97174 -163.56646     4.5995    30.3503    1463.20  0.000e+00
      2.792   70.97174 -163.56646     4.5994    30.3502    1463.20  0.000e+00
      2.792   70.97174 -163.56646     4.5993    30.3499    1463.20  0.000e+00
      2.854   70.97174 -163.56646     4.5992    30.3498    1463.20  0.000e+00
      2.792   70.97174 -163.56646     4.5990    30.3498    1463.20  0.000e+00
      2.792   70.97174 -163.56646     4.5990    30.3495    1463.20  0.000e+00
      2.792   70.97174 -163.56646     4.5986    30.3498    1463.20  0.000e+00
      2.792   70.97174 -163.56646     4.5987    30.3497    1463.20  0.000e+00
      2.761   70.97174 -163.56646     4.5986    30.3501    1463.19  0.000e+00
      2.854   70.97174 -163.56646     4.5987    30.3502    1463.20  0.000e+00
      2.792   70.97174 -163.56646     4.5988    30.3499    1463.20  0.000e+00
      2.792   70.97174 -163.56646     4.5989    30.3502    1463.20  0.000e+00
      2.854   70.97174 -163.56646     4.5990    30.3498    1463.20  0.000e+00
      2.792   70.97174 -163.56646     4.5989    30.3496    1463.20  0.000e+00
      2.792   70.97174 -163.56646     4.5989    30.3505    1463.20  0.000e+00
      2.792   70.97174 -163.56646     4.5986    30.3512    1463.20  0.000e+00
      2.854   70.97174 -163.56646     4.5990    30.3508    1463.20  0.000e+00
      2.792   70.97174 -163.56646     4.5993    30.3509    1463.20  0.000e+00
      2.792   70.97174 -163.56646     4.5992    30.3511    1463.20  0.000e+00
      2.792   70.97174 -163.56646     4.5991    30.3507    1463.20  0.000e+00
      2.792   70.97174 -163.56646     4.5992    30.3506    1463.20  0.000e+00
      2.792   70.97174 -163.56646     4.5993    30.3505    1463.20  0.000e+00
      2.792   70.97174 -163.56646     4.5992    30.3504    1463.20  0.000e+00
      2.792   70.97174 -163.56646     4.5991    30.3508    1463.20  0.000e+00
      2.854   70.97174 -163.56646     4.5992    30.3512    1463.20  0.000e+00
      2.792   70.97174 -163.56646     4.5991    30.3510    1463.20  0.000e+00
      2.792   70.97174 -163.56646     4.5992    30.3513    1463.20  0.000e+00
      2.792   70.97174 -163.56646     4.5992    30.3510    1463.20  0.000e+00
      2.854   70.97174 -163.56646     4.5993    30.3509    1463.20  0.000e+00
      2.792   70.97174 -163.56646     4.5993    30.3506    1463.20  0.000e+00
      2.792   70.97174 -163.56646     4.5996    30.3509    1463.20  0.000e+00
      2.792   70.97174 -163.56646     4.5995    30.3507    1463.20  0.000e+00
      2.792   70.97174 -163.56646     4.5993    30.3512    1463.20  0.000e+00
      2.792   70.97174 -163.56646     4.5995    30.3509    1463.20  0.000e+00
      2.854   70.97174 -163.56646     4.5994    30.3509    1463.20  0.000e+00
      2.792   70.97174 -163.56646     4.5995    30.3507    1463.20  0.000e+00
      2.792   70.97174 -163.56646     4.5996    30.3507    1463.20  0.000e+00
      2.854   70.97174 -163.56646     4.5995    30.3506    1463.20  0.000e+00
      2.761   70.97174 -163.56646     4.5993    30.3510    1463.20  0.000e+00
      2.854   70.97174 -163.56646     4.5995    30.3506    1463.20  0.000e+00
      2.792   70.97174 -163.56646     4.5993    30.3507    1463.20  0.000e+00
      2.792   70.97174 -163.56646     4.5996    30.3504    1463.20  0.000e+00
      2.792   70.97174 -163.56646     4.5993    30.3505    1463.20  0.000e+00
      2.854   70.97174 -163.56646     4.5994    30.3503    1463.20  0.000e+00
      2.854   70.97174 -163.56646     4.5995    30.3503    1463.20  0.000e+00
      2.738   70.97174 -163.56646     4.5994    30.3504    1463.20  0.000e+00
      2.854   70.97174 -163.56646     4.5995    30.3508    1463.20  0.000e+00
      2.792   70.97174 -163.56646     4.5994    30.3505    1463.20  0.000e+00
      2.792   70.97174 -163.56646     4.5993    30.3505    1463.20  0.000e+00
      2.854   70.97174 -163.56646     4.5994    30.3505    1463.20  0.000e+00
      2.792   70.97174 -163.56646     4.5993    30.3509    1463.20  0.000e+00
      2.792   70.97174 -163.56646     4.5993    30.3508    1463.20  0.000e+00
      2.792   70.97174 -163.56646     4.5994    30.3505    1463.20  0.000e+00
      2.854   70.97174 -163.56646     4.5990    30.3510    1463.20  0.000e+00
      2.792   70.97174 -163.56646     4.5994    30.3504    1463.20  0.000e+00
      2.854   70.97174 -163.56646     4.5995    30.3505    1463.20  0.000e+00
      2.792   70.97174 -163.56646     4.5994    30.3506    1463.20  0.000e+00
      2.854   70.97174 -163.56646     4.5993    30.3510    1463.20  0.000e+00
      2.792   70.97174 -163.56646     4.5996    30.3506    1463.20  0.000e+00
      2.792   70.97174 -163.56646     4.5993    30.3503    1463.20  0.000e+00
      2.854   70.97174 -163.56646     4.5994    30.3503    1463.20  0.000e+00
      2.792   70.97174 -163.56646     4.5992    30.3508    1463.20  0.000e+00
      2.854   70.97174 -163.56646     4.5991    30.3508    1463.20  0.000e+00
      2.792   70.97174 -163.56646     4.5990    30.3510    1463.20  0.000e+00
      2.854   70.97174 -163.56646     4.5993    30.3507    1463.20  0.000e+00
      2.792   70.97174 -163.56646     4.5990    30.3505    1463.20  0.000e+00
      2.854   70.97174 -163.56646     4.5992    30.3502    1463.20  0.000e+00
      2.854   70.97174 -163.56646     4.5991    30.3500    1463.20  0.000e+00
      2.815   70.97174 -163.56646     4.5990    30.3501    1463.20  0.000e+00
      2.792   70.97174 -163.56646     4.5990    30.3501    1463.20  0.000e+00
      2.853   70.97174 -163.56646     4.5989    30.3503    1463.20  0.000e+00
      2.853   70.97174 -163.56646     4.5988    30.3500    1463.20  0.000e+00
      2.792   70.97174 -163.56646     4.5987    30.3500    1463.20  0.000e+00
      2.853   70.97174 -163.56646     4.5986    30.3502    1463.20  0.000e+00
      2.853   70.97174 -163.56646     4.5985    30.3505    1463.20  0.000e+00
      2.792   70.97174 -163.56646     4.5987    30.3499    1463.20  0.000e+00
      2.853   70.97174 -163.56646     4.5985    30.3503    1463.20  0.000e+00
      2.853   70.97174 -163.56646     4.5987    30.3500    1463.20  0.000e+00
      2.792   70.97174 -163.56646     4.5986    30.3506    1463.20  0.000e+00
      2.853   70.97174 -163.56646     4.5987    30.3503    1463.20  0.000e+00
      2.853   70.97174 -163.56646     4.5986    30.3498    1463.20  0.000e+00
      2.792   70.97174 -163.56646     4.5987    30.3495    1463.19  0.000e+00
      2.853   70.97174 -163.56646     4.5986    30.3495    1463.20  0.000e+00
      2.792   70.97174 -163.56646     4.5987    30.3492    1463.19  0.000e+00
      2.853   70.97174 -163.56646     4.5985    30.3491    1463.19  0.000e+00
      2.792   70.97174 -163.56646     4.5984    30.3499    1463.19  0.000e+00
      2.853   70.97174 -163.56646     4.5983    30.3506    1463.20  0.000e+00
      2.853   70.97174 -163.56646     4.5984    30.3504    1463.20  0.000e+00
      2.792   70.97174 -163.56646     4.5985    30.3505    1463.20  0.000e+00
      2.792   70.97174 -163.56646     4.5986    30.3506    1463.20  0.000e+00
      2.853   70.97174 -163.56646     4.5989    30.3505    1463.20  0.000e+00
      2.792   70.97174 -163.56646     4.5990    30.3503    1463.20  0.000e+00
      2.853   70.97174 -163.56646     4.5989    30.3503    1463.20  0.000e+00
      2.792   70.97174 -163.56646     4.5991    30.3503    1463.20  0.000e+00
      2.792   70.97174 -163.56646     4.5989    30.3508    1463.20  0.000e+00
      2.792   70.97174 -163.56646     4.5990    30.3506    1463.20  0.000e+00
      2.853   70.97174 -163.56646     4.5990    30.3504    1463.20  0.000e+00
      2.792   70.97174 -163.56646     4.5990    30.3507    1463.20  0.000e+00
      2.761   70.97174 -163.56646     4.5990    30.3504    1463.20  0.000e+00
      2.853   70.97174 -163.56646     4.5990    30.3510    1463.20  0.000e+00
      2.792   70.97174 -163.56646     4.5991    30.3514    1463.20  0.000e+00
      2.792   70.97174 -163.56646     4.5993    30.3514    1463.20  0.000e+00
      2.792   70.97174 -163.56646     4.5994    30.3508    1463.20  0.000e+00
      2.792   70.97174 -163.56646     4.5992    30.3509    1463.20  0.000e+00
      2.792   70.97174 -163.56646     4.5993    30.3508    1463.20  0.000e+00
      2.792   70.97174 -163.56646     4.5992    30.3509    1463.20  0.000e+00
      2.792   70.97174 -163.56646     4.5994    30.3506    1463.20  0.000e+00
      2.792   70.97174 -163.56646     4.5993    30.3506    1463.20  0.000e+00
      2.738   70.97174 -163.56646     4.5993    30.3504    1463.20  0.000e+00
      2.792   70.97174 -163.56646     4.5992    30.3504    1463.20  0.000e+00
      2.792   70.97174 -163.56646     4.5994    30.3501    1463.20  0.000e+00
      2.792   70.97174 -163.56646     4.5993    30.3500    1463.20  0.000e+00
      2.792   70.97174 -163.56646     4.5990    30.3499    1463.20  0.000e+00
      2.738   70.97174 -163.56646     4.5988    30.3500    1463.20  0.000e+00
      2.792   70.97174 -163.56646     4.5989    30.3498    1463.20  0.000e+00
      2.792   70.97174 -163.56646     4.5988    30.3501    1463.20  0.000e+00
      2.792   70.97174 -163.56646     4.5987    30.3503    1463.20  0.000e+00
      2.792   70.97174 -163.56646     4.5988    30.3503    1463.20  0.000e+00
      2.738   70.97174 -163.56646     4.5987    30.3508    1463.20  0.000e+00
      2.792   70.97174 -163.56646     4.5988    30.3505    1463.20  0.000e+00
      2.792   70.97174 -163.56646     4.5992    30.3503    1463.20  0.000e+00
      2.792   70.97174 -163.56646     4.5991    30.3506    1463.20  0.000e+00
      2.738   70.97174 -163.56646     4.5990    30.3504    1463.20  0.000e+00
      2.792   70.97174 -163.56646     4.5989    30.3503    1463.20  0.000e+00
      2.792   70.97174 -163.56646     4.5990    30.3501    1463.20  0.000e+00
      2.792   70.97174 -163.56646     4.5987    30.3504    1463.20  0.000e+00
      2.792   70.97174 -163.56646     4.5986    30.3503    1463.20  0.000e+00
      2.792   70.97174 -163.56646     4.5987    30.3503    1463.20  0.000e+00
      2.815   70.97174 -163.56646     4.5988    30.3499    1463.20  0.000e+00
      2.792   70.97174 -163.56646     4.5987    30.3503    1463.20  0.000e+00
      2.792   70.97174 -163.56646     4.5988    30.3498    1463.20  0.000e+00
      2.792   70.97174 -163.56646     4.5989    30.3498    1463.20  0.000e+00
      2.792   70.97174 -163.56646     4.5986    30.3504    1463.20  0.000e+00
      2.792   70.97174 -163.56646     4.5985    30.3502    1463.20  0.000e+00
      2.792   70.97174 -163.56646     4.5987    30.3500    1463.20  0.000e+00
      2.853   70.97174 -163.56646     4.5985    30.3500    1463.20  0.000e+00
      2.792   70.97174 -163.56646     4.5987    30.3493    1463.19  0.000e+00
      2.853   70.97174 -163.56646     4.5985    30.3495    1463.20  0.000e+00
      2.792   70.97174 -163.56646     4.5982    30.3499    1463.19  0.000e+00
      2.853   70.97174 -163.56646     4.5980    30.3502    1463.19  0.000e+00
      2.853   70.97174 -163.56646     4.5982    30.3503    1463.19  0.000e+00
      2.792   70.97174 -163.56646     4.5980    30.3514    1463.19  0.000e+00
      2.853   70.97174 -163.56646     4.5980    30.3512    1463.20  0.000e+00
      2.792   70.97174 -163.56646     4.5983    30.3506    1463.19  0.000e+00
      2.853   70.97174 -163.56646     4.5982    30.3509    1463.20  0.000e+00
      2.853   70.97174 -163.56646     4.5980    30.3507    1463.19  0.000e+00
      2.853   70.97174 -163.56646     4.5983    30.3502    1463.20  0.000e+00
      2.853   70.97174 -163.56646     4.5980    30.3507    1463.19  0.000e+00
      2.853   70.97174 -163.56646     4.5982    30.3505    1463.19  0.000e+00
      2.853   70.97174 -163.56646     4.5982    30.3504    1463.19  0.000e+00
      2.853   70.97174 -163.56646     4.5983    30.3511    1463.20  0.000e+00
      2.853   70.97174 -163.56646     4.5984    30.3514    1463.20  0.000e+00
      2.853   70.97174 -163.56646     4.5990    30.3512    1463.20  0.000e+00
      2.853   70.97174 -163.56646     4.5989    30.3516    1463.20  0.000e+00
      2.853   70.97174 -163.56646     4.5990    30.3510    1463.20  0.000e+00
      2.853   70.97174 -163.56646     4.5992    30.3510    1463.20  0.000e+00
      2.907   70.97174 -163.56646     4.5991    30.3513    1463.20  0.000e+00
      2.853   70.97174 -163.56646     4.5992    30.3513    1463.20  0.000e+00
      2.869   70.97174 -163.56646     4.5992    30.3511    1463.20  0.000e+00
      2.853   70.97174 -163.56646     4.5993    30.3512    1463.20  0.000e+00
      2.853   70.97174 -163.56646     4.5995    30.3509    1463.20  0.000e+00
      2.853   70.97174 -163.56646     4.5994    30.3509    1463.20  0.000e+00
      2.853   70.97174 -163.56646     4.5993    30.3513    1463.20  0.000e+00
      2.907   70.97174 -163.56646     4.5994    30.3506    1463.20  0.000e+00
      2.853   70.97174 -163.56646     4.5995    30.3509    1463.20  0.000e+00
      2.853   70.97174 -163.56646     4.5994    30.3509    1463.20  0.000e+00
      2.853   70.97174 -163.56646     4.5995    30.3510    1463.20  0.000e+00
