EcoFOCI/data/1_SampleCollection/2023_SikuliaqDBO_CruiseData/CTD_raw_BottleFile_SKQ23-12S/proc/skq202312s_013svp.cnv
* Sea-Bird SBE 9 Data File:
* FileName = D:\CTD\SKQ202312S\SKQ202312S_013.hex
* Software Version Seasave V 7.26.7.121
* Temperature SN = 6177
* Conductivity SN = 0369
* Number of Bytes Per Scan = 41
* Number of Voltage Words = 4
* Number of Scans Averaged by the Deck Unit = 1
* NMEA Latitude = 64 40.35 N
* NMEA Longitude = 170 15.80 W
* NMEA UTC (Time) = Sep 17 2023  06:56:27
* NMEA baud rate = 4800
** Ship: R/V Sikuliaq
** Station Number: 013
** Station Name: DBO2.0a
** Bottom Depth: 48
** Operator: SS
# nquan = 7
# nvalues = 5338                                  
# units = specified
# name 0 = depSM: Depth [salt water, m]
# name 1 = latitude: Latitude [deg]
# name 2 = longitude: Longitude [deg]
# name 3 = t090C: Temperature [ITS-90, deg C]
# name 4 = sal00: Salinity, Practical [PSU]
# name 5 = svCM: Sound Velocity [Chen-Millero, m/s]
# name 6 = flag:  0.000e+00
# span 0 =      2.165,     42.804                 
# span 1 =   64.67240,   64.67252                 
# span 2 = -170.26266, -170.26226                 
# span 3 =     2.5407,     3.0979                 
# span 4 =    32.7071,    33.0540                 
# span 5 =    1457.49,    1460.70                 
# span 6 = 0.0000e+00, 0.0000e+00                 
# interval = seconds: 0.0416667
# start_time = Sep 17 2023 07:00:46 [NMEA time, first data scan]
# bad_flag = -9.990e-29
*END*
[from data line 616]
      4.944   64.67242 -170.26264     2.5427    32.7082    1457.54  0.000e+00
      4.944   64.67242 -170.26264     2.5423    32.7080    1457.54  0.000e+00
      4.944   64.67242 -170.26264     2.5424    32.7076    1457.54  0.000e+00
      4.944   64.67242 -170.26264     2.5423    32.7080    1457.54  0.000e+00
      4.882   64.67242 -170.26264     2.5424    32.7076    1457.54  0.000e+00
      4.882   64.67242 -170.26264     2.5424    32.7078    1457.54  0.000e+00
      4.882   64.67242 -170.26264     2.5421    32.7083    1457.54  0.000e+00
      4.882   64.67242 -170.26264     2.5424    32.7080    1457.54  0.000e+00
      4.828   64.67242 -170.26264     2.5423    32.7083    1457.54  0.000e+00
      4.882   64.67242 -170.26264     2.5423    32.7080    1457.54  0.000e+00
      4.828   64.67242 -170.26264     2.5423    32.7079    1457.54  0.000e+00
      4.828   64.67242 -170.26264     2.5421    32.7085    1457.54  0.000e+00
      4.828   64.67242 -170.26264     2.5421    32.7084    1457.53  0.000e+00
      4.828   64.67242 -170.26264     2.5423    32.7081    1457.54  0.000e+00
      4.882   64.67242 -170.26264     2.5423    32.7080    1457.54  0.000e+00
      4.828   64.67242 -170.26264     2.5423    32.7078    1457.54  0.000e+00
      4.828   64.67242 -170.26264     2.5423    32.7083    1457.54  0.000e+00
      4.828   64.67242 -170.26264     2.5421    32.7082    1457.53  0.000e+00
      4.828   64.67242 -170.26264     2.5423    32.7079    1457.54  0.000e+00
      4.882   64.67242 -170.26264     2.5424    32.7079    1457.54  0.000e+00
      4.882   64.67242 -170.26264     2.5423    32.7082    1457.54  0.000e+00
      4.882   64.67242 -170.26264     2.5423    32.7081    1457.54  0.000e+00
      4.882   64.67242 -170.26264     2.5428    32.7076    1457.54  0.000e+00
      4.882   64.67242 -170.26264     2.5426    32.7078    1457.54  0.000e+00
      4.944   64.67242 -170.26264     2.5427    32.7078    1457.54  0.000e+00
      4.944   64.67242 -170.26264     2.5427    32.7083    1457.54  0.000e+00
      4.998   64.67242 -170.26264     2.5432    32.7077    1457.54  0.000e+00
      4.998   64.67242 -170.26264     2.5432    32.7079    1457.54  0.000e+00
      4.975   64.67242 -170.26264     2.5431    32.7087    1457.54  0.000e+00
      5.052   64.67242 -170.26264     2.5434    32.7082    1457.54  0.000e+00
      4.998   64.67242 -170.26264     2.5434    32.7086    1457.54  0.000e+00
      5.052   64.67242 -170.26264     2.5438    32.7084    1457.55  0.000e+00
      5.113   64.67242 -170.26264     2.5437    32.7087    1457.55  0.000e+00
      5.052   64.67242 -170.26264     2.5437    32.7083    1457.55  0.000e+00
      5.167   64.67242 -170.26264     2.5434    32.7083    1457.55  0.000e+00
      5.113   64.67242 -170.26264     2.5436    32.7081    1457.55  0.000e+00
      5.229   64.67242 -170.26264     2.5435    32.7081    1457.55  0.000e+00
      5.167   64.67242 -170.26264     2.5432    32.7083    1457.55  0.000e+00
      5.283   64.67242 -170.26264     2.5432    32.7079    1457.55  0.000e+00
      5.229   64.67242 -170.26264     2.5432    32.7080    1457.55  0.000e+00
      5.283   64.67242 -170.26264     2.5434    32.7082    1457.55  0.000e+00
      5.345   64.67242 -170.26264     2.5431    32.7081    1457.55  0.000e+00
      5.399   64.67242 -170.26264     2.5432    32.7078    1457.55  0.000e+00
      5.399   64.67242 -170.26264     2.5430    32.7082    1457.55  0.000e+00
      5.399   64.67242 -170.26264     2.5429    32.7084    1457.55  0.000e+00
      5.453   64.67242 -170.26264     2.5430    32.7084    1457.55  0.000e+00
      5.514   64.67242 -170.26264     2.5432    32.7083    1457.55  0.000e+00
      5.514   64.67242 -170.26264     2.5430    32.7085    1457.55  0.000e+00
      5.568   64.67242 -170.26264     2.5433    32.7082    1457.55  0.000e+00
      5.630   64.67242 -170.26264     2.5430    32.7081    1457.55  0.000e+00
      5.630   64.67242 -170.26264     2.5432    32.7082    1457.55  0.000e+00
      5.684   64.67242 -170.26264     2.5435    32.7078    1457.55  0.000e+00
      5.746   64.67242 -170.26264     2.5432    32.7081    1457.55  0.000e+00
      5.746   64.67242 -170.26264     2.5434    32.7082    1457.56  0.000e+00
      5.777   64.67242 -170.26264     2.5432    32.7084    1457.56  0.000e+00
      5.854   64.67242 -170.26264     2.5433    32.7085    1457.56  0.000e+00
      5.854   64.67242 -170.26264     2.5434    32.7082    1457.56  0.000e+00
      5.915   64.67242 -170.26264     2.5432    32.7086    1457.56  0.000e+00
      5.969   64.67242 -170.26264     2.5438    32.7095    1457.56  0.000e+00
      5.969   64.67242 -170.26264     2.5448    32.7103    1457.57  0.000e+00
      6.031   64.67242 -170.26264     2.5462    32.7128    1457.58  0.000e+00
      6.031   64.67242 -170.26264     2.5513    32.7176    1457.61  0.000e+00
      6.085   64.67242 -170.26264     2.5577    32.7217    1457.64  0.000e+00
      6.085   64.67242 -170.26264     2.5636    32.7266    1457.67  0.000e+00
      6.201   64.67242 -170.26264     2.5730    32.7333    1457.72  0.000e+00
      6.147   64.67242 -170.26264     2.5821    32.7389    1457.77  0.000e+00
      6.255   64.67242 -170.26264     2.5898    32.7432    1457.81  0.000e+00
      6.255   64.67242 -170.26264     2.6002    32.7464    1457.86  0.000e+00
      6.316   64.67242 -170.26264     2.6058    32.7442    1457.88  0.000e+00
      6.255   64.67242 -170.26264     2.6028    32.7341    1457.85  0.000e+00
      6.370   64.67242 -170.26264     2.5931    32.7267    1457.81  0.000e+00
      6.370   64.67242 -170.26264     2.5861    32.7238    1457.77  0.000e+00
      6.401   64.67242 -170.26264     2.5870    32.7313    1457.79  0.000e+00
      6.432   64.67242 -170.26264     2.5989    32.7367    1457.84  0.000e+00
      6.486   64.67242 -170.26264     2.6066    32.7428    1457.89  0.000e+00
      6.540   64.67242 -170.26264     2.6162    32.7501    1457.94  0.000e+00
      6.486   64.67242 -170.26264     2.6261    32.7560    1457.99  0.000e+00
      6.540   64.67242 -170.26264     2.6325    32.7548    1458.02  0.000e+00
      6.602   64.67242 -170.26264     2.6341    32.7526    1458.02  0.000e+00
      6.602   64.67242 -170.26264     2.6316    32.7487    1458.00  0.000e+00
      6.656   64.67242 -170.26264     2.6238    32.7491    1457.97  0.000e+00
      6.656   64.67242 -170.26264     2.6250    32.7503    1457.98  0.000e+00
      6.656   64.67242 -170.26264     2.6272    32.7518    1457.99  0.000e+00
      6.717   64.67242 -170.26264     2.6277    32.7512    1457.99  0.000e+00
      6.717   64.67242 -170.26264     2.6255    32.7482    1457.98  0.000e+00
      6.717   64.67242 -170.26264     2.6227    32.7465    1457.97  0.000e+00
      6.771   64.67242 -170.26264     2.6218    32.7461    1457.96  0.000e+00
      6.748   64.67242 -170.26264     2.6201    32.7471    1457.96  0.000e+00
      6.771   64.67242 -170.26264     2.6195    32.7476    1457.95  0.000e+00
      6.833   64.67242 -170.26264     2.6194    32.7472    1457.95  0.000e+00
      6.771   64.67242 -170.26264     2.6193    32.7471    1457.95  0.000e+00
      6.833   64.67242 -170.26264     2.6187    32.7473    1457.95  0.000e+00
      6.887   64.67242 -170.26264     2.6185    32.7477    1457.95  0.000e+00
      6.833   64.67242 -170.26264     2.6184    32.7480    1457.95  0.000e+00
      6.833   64.67242 -170.26264     2.6194    32.7462    1457.95  0.000e+00
      6.887   64.67242 -170.26264     2.6190    32.7436    1457.95  0.000e+00
      6.833   64.67242 -170.26264     2.6177    32.7395    1457.94  0.000e+00
      6.887   64.67242 -170.26264     2.6144    32.7374    1457.92  0.000e+00
      6.887   64.67242 -170.26264     2.6106    32.7388    1457.91  0.000e+00
      6.887   64.67242 -170.26264     2.6084    32.7405    1457.90  0.000e+00
      6.833   64.67242 -170.26264     2.6065    32.7410    1457.89  0.000e+00
      6.864   64.67242 -170.26264     2.6048    32.7412    1457.88  0.000e+00
      6.887   64.67242 -170.26264     2.6048    32.7414    1457.88  0.000e+00
      6.887   64.67242 -170.26264     2.6055    32.7403    1457.89  0.000e+00
      6.887   64.67242 -170.26264     2.6057    32.7414    1457.89  0.000e+00
      6.887   64.67242 -170.26264     2.6065    32.7423    1457.89  0.000e+00
      6.833   64.67242 -170.26264     2.6065    32.7429    1457.89  0.000e+00
      6.833   64.67242 -170.26264     2.6062    32.7399    1457.89  0.000e+00
      6.833   64.67242 -170.26264     2.6011    32.7345    1457.86  0.000e+00
      6.887   64.67242 -170.26264     2.5944    32.7296    1457.82  0.000e+00
      6.771   64.67242 -170.26264     2.5889    32.7264    1457.79  0.000e+00
      6.833   64.67242 -170.26264     2.5837    32.7238    1457.77  0.000e+00
      6.771   64.67242 -170.26264     2.5785    32.7218    1457.74  0.000e+00
      6.833   64.67242 -170.26264     2.5746    32.7199    1457.72  0.000e+00
      6.771   64.67242 -170.26264     2.5716    32.7199    1457.71  0.000e+00
      6.771   64.67242 -170.26264     2.5704    32.7212    1457.71  0.000e+00
      6.748   64.67242 -170.26264     2.5716    32.7250    1457.72  0.000e+00
      6.717   64.67242 -170.26264     2.5763    32.7306    1457.74  0.000e+00
      6.655   64.67242 -170.26264     2.5825    32.7368    1457.78  0.000e+00
      6.717   64.67242 -170.26264     2.5893    32.7411    1457.81  0.000e+00
      6.717   64.67242 -170.26264     2.5964    32.7433    1457.85  0.000e+00
      6.655   64.67242 -170.26264     2.6010    32.7452    1457.87  0.000e+00
      6.655   64.67242 -170.26264     2.6037    32.7442    1457.88  0.000e+00
      6.601   64.67242 -170.26264     2.6050    32.7437    1457.88  0.000e+00
      6.601   64.67242 -170.26264     2.6060    32.7438    1457.89  0.000e+00
      6.601   64.67242 -170.26264     2.6065    32.7425    1457.89  0.000e+00
      6.539   64.67242 -170.26264     2.6055    32.7404    1457.88  0.000e+00
      6.539   64.67242 -170.26264     2.6043    32.7385    1457.87  0.000e+00
      6.485   64.67242 -170.26264     2.6027    32.7360    1457.86  0.000e+00
      6.431   64.67242 -170.26264     2.5989    32.7331    1457.84  0.000e+00
      6.431   64.67242 -170.26264     2.5956    32.7322    1457.82  0.000e+00
      6.401   64.67242 -170.26264     2.5942    32.7325    1457.82  0.000e+00
      6.370   64.67242 -170.26264     2.5933    32.7327    1457.81  0.000e+00
      6.370   64.67242 -170.26264     2.5903    32.7285    1457.80  0.000e+00
      6.316   64.67242 -170.26264     2.5828    32.7216    1457.75  0.000e+00
      6.254   64.67242 -170.26264     2.5733    32.7159    1457.70  0.000e+00
      6.254   64.67242 -170.26264     2.5655    32.7121    1457.66  0.000e+00
      6.254   64.67242 -170.26264     2.5591    32.7098    1457.63  0.000e+00
      6.200   64.67242 -170.26264     2.5534    32.7090    1457.61  0.000e+00
      6.200   64.67242 -170.26264     2.5499    32.7081    1457.59  0.000e+00
      6.200   64.67242 -170.26264     2.5475    32.7083    1457.58  0.000e+00
      6.146   64.67242 -170.26264     2.5457    32.7090    1457.57  0.000e+00
      6.146   64.67242 -170.26264     2.5444    32.7086    1457.57  0.000e+00
      6.146   64.67242 -170.26264     2.5438    32.7089    1457.56  0.000e+00
      6.146   64.67242 -170.26264     2.5434    32.7095    1457.56  0.000e+00
      6.084   64.67242 -170.26264     2.5433    32.7092    1457.56  0.000e+00
      6.030   64.67242 -170.26264     2.5429    32.7091    1457.56  0.000e+00
      6.084   64.67242 -170.26264     2.5429    32.7088    1457.56  0.000e+00
      6.030   64.67242 -170.26264     2.5427    32.7092    1457.56  0.000e+00
      5.999   64.67242 -170.26264     2.5427    32.7090    1457.56  0.000e+00
      6.030   64.67242 -170.26264     2.5426    32.7089    1457.56  0.000e+00
      5.968   64.67242 -170.26264     2.5426    32.7091    1457.56  0.000e+00
      5.968   64.67242 -170.26264     2.5428    32.7091    1457.56  0.000e+00
      5.914   64.67242 -170.26264     2.5427    32.7098    1457.56  0.000e+00
      5.968   64.67242 -170.26264     2.5430    32.7107    1457.56  0.000e+00
      5.914   64.67242 -170.26264     2.5440    32.7101    1457.56  0.000e+00
      5.914   64.67242 -170.26264     2.5442    32.7098    1457.56  0.000e+00
      5.914   64.67242 -170.26264     2.5442    32.7099    1457.56  0.000e+00
      5.914   64.67242 -170.26264     2.5442    32.7093    1457.56  0.000e+00
      5.853   64.67242 -170.26264     2.5440    32.7091    1457.56  0.000e+00
      5.914   64.67242 -170.26264     2.5442    32.7090    1457.56  0.000e+00
      5.914   64.67242 -170.26264     2.5440    32.7092    1457.56  0.000e+00
      5.853   64.67242 -170.26264     2.5438    32.7092    1457.56  0.000e+00
      5.853   64.67242 -170.26264     2.5438    32.7090    1457.56  0.000e+00
      5.853   64.67242 -170.26264     2.5437    32.7088    1457.56  0.000e+00
      5.853   64.67242 -170.26264     2.5437    32.7089    1457.56  0.000e+00
      5.914   64.67242 -170.26264     2.5435    32.7097    1457.56  0.000e+00
      5.853   64.67242 -170.26264     2.5437    32.7092    1457.56  0.000e+00
      5.799   64.67242 -170.26264     2.5438    32.7091    1457.56  0.000e+00
      5.945   64.67242 -170.26264     2.5440    32.7097    1457.56  0.000e+00
      5.853   64.67242 -170.26264     2.5456    32.7122    1457.57  0.000e+00
      5.914   64.67242 -170.26264     2.5481    32.7129    1457.58  0.000e+00
      5.853   64.67242 -170.26264     2.5495    32.7116    1457.59  0.000e+00
      5.914   64.67242 -170.26264     2.5492    32.7109    1457.59  0.000e+00
      5.914   64.67242 -170.26264     2.5487    32.7104    1457.58  0.000e+00
      5.968   64.67242 -170.26264     2.5476    32.7101    1457.58  0.000e+00
      5.968   64.67242 -170.26264     2.5467    32.7099    1457.58  0.000e+00
      5.968   64.67242 -170.26264     2.5464    32.7098    1457.57  0.000e+00
      5.968   64.67242 -170.26264     2.5461    32.7098    1457.57  0.000e+00
      6.030   64.67242 -170.26264     2.5457    32.7095    1457.57  0.000e+00
      6.030   64.67242 -170.26264     2.5457    32.7093    1457.57  0.000e+00
      6.084   64.67242 -170.26264     2.5452    32.7094    1457.57  0.000e+00
      6.030   64.67242 -170.26264     2.5451    32.7090    1457.57  0.000e+00
      6.146   64.67242 -170.26264     2.5449    32.7092    1457.57  0.000e+00
      6.146   64.67242 -170.26264     2.5450    32.7091    1457.57  0.000e+00
      6.146   64.67242 -170.26264     2.5448    32.7094    1457.57  0.000e+00
      6.146   64.67242 -170.26264     2.5449    32.7102    1457.57  0.000e+00
      6.231   64.67242 -170.26264     2.5459    32.7110    1457.58  0.000e+00
      6.254   64.67242 -170.26264     2.5468    32.7120    1457.58  0.000e+00
      6.254   64.67242 -170.26264     2.5473    32.7118    1457.59  0.000e+00
      6.315   64.67242 -170.26264     2.5473    32.7108    1457.59  0.000e+00
      6.315   64.67242 -170.26264     2.5467    32.7102    1457.58  0.000e+00
      6.369   64.67242 -170.26264     2.5467    32.7097    1457.58  0.000e+00
      6.431   64.67242 -170.26264     2.5463    32.7096    1457.58  0.000e+00
      6.431   64.67242 -170.26264     2.5463    32.7101    1457.58  0.000e+00
      6.485   64.67242 -170.26264     2.5467    32.7102    1457.58  0.000e+00
      6.485   64.67242 -170.26264     2.5470    32.7103    1457.59  0.000e+00
      6.539   64.67242 -170.26264     2.5479    32.7112    1457.59  0.000e+00
      6.539   64.67242 -170.26264     2.5490    32.7120    1457.60  0.000e+00
      6.655   64.67242 -170.26264     2.5504    32.7122    1457.61  0.000e+00
      6.655   64.67242 -170.26264     2.5506    32.7126    1457.61  0.000e+00
      6.655   64.67242 -170.26264     2.5522    32.7133    1457.61  0.000e+00
      6.770   64.67242 -170.26264     2.5543    32.7144    1457.63  0.000e+00
      6.747   64.67242 -170.26264     2.5562    32.7160    1457.64  0.000e+00
