EcoFOCI/data/1_SampleCollection/2023_SikuliaqDBO_CruiseData/CTD_raw_BottleFile_SKQ23-12S/proc/skq202312s_003svp.cnv
* Sea-Bird SBE 9 Data File:
* FileName = D:\CTD\SKQ202312S\SKQ202312S_003.hex
* Software Version Seasave V 7.26.7.121
* Temperature SN = 6177
* Conductivity SN = 0369
* Number of Bytes Per Scan = 41
* Number of Voltage Words = 4
* Number of Scans Averaged by the Deck Unit = 1
* NMEA Latitude = 62 03.01 N
* NMEA Longitude = 175 12.54 W
* NMEA UTC (Time) = Sep 15 2023  07:57:54
* NMEA baud rate = 4800
** Ship: R/V Sikuliaq
** Station Number: 003
** Station Name: DBO1.2
** Bottom Depth: 78
** Operator: SD
# nquan = 7
# nvalues = 8410                                  
# units = specified
# name 0 = depSM: Depth [salt water, m]
# name 1 = latitude: Latitude [deg]
# name 2 = longitude: Longitude [deg]
# name 3 = t090C: Temperature [ITS-90, deg C]
# name 4 = sal00: Salinity, Practical [PSU]
# name 5 = svCM: Sound Velocity [Chen-Millero, m/s]
# name 6 = flag:  0.000e+00
# span 0 =      0.962,     75.423                 
# span 1 =   62.05010,   62.05014                 
# span 2 = -175.20902, -175.20876                 
# span 3 =    -1.3780,     7.3462                 
# span 4 =    30.5121,    31.9177                 
# span 5 =    1438.44,    1474.67                 
# span 6 = 0.0000e+00, 0.0000e+00                 
# interval = seconds: 0.0416667
# start_time = Sep 15 2023 08:02:23 [NMEA time, first data scan]
# bad_flag = -9.990e-29
*END*
[from data line 2667]
     29.346   62.05010 -175.20900    -1.3235    31.4082    1438.58  0.000e+00
     29.308   62.05010 -175.20900    -1.3242    31.4085    1438.58  0.000e+00
     29.362   62.05010 -175.20900    -1.3250    31.4090    1438.57  0.000e+00
     29.462   62.05010 -175.20900    -1.3260    31.4098    1438.57  0.000e+00
     29.424   62.05010 -175.20900    -1.3275    31.4096    1438.56  0.000e+00
     29.524   62.05010 -175.20900    -1.3290    31.4105    1438.56  0.000e+00
     29.478   62.05010 -175.20898    -1.3307    31.4114    1438.55  0.000e+00
     29.578   62.05010 -175.20898    -1.3328    31.4114    1438.54  0.000e+00
     29.531   62.05010 -175.20898    -1.3346    31.4131    1438.54  0.000e+00
     29.632   62.05010 -175.20898    -1.3371    31.4151    1438.53  0.000e+00
     29.593   62.05010 -175.20898    -1.3399    31.4169    1438.52  0.000e+00
     29.578   62.05010 -175.20898    -1.3418    31.4182    1438.51  0.000e+00
     29.709   62.05010 -175.20898    -1.3439    31.4179    1438.50  0.000e+00
     29.709   62.05010 -175.20898    -1.3457    31.4194    1438.50  0.000e+00
     29.693   62.05010 -175.20898    -1.3478    31.4208    1438.49  0.000e+00
     29.763   62.05010 -175.20898    -1.3497    31.4222    1438.48  0.000e+00
     29.747   62.05010 -175.20898    -1.3516    31.4232    1438.47  0.000e+00
     29.763   62.05010 -175.20898    -1.3526    31.4236    1438.47  0.000e+00
     29.809   62.05010 -175.20898    -1.3536    31.4249    1438.47  0.000e+00
     29.825   62.05010 -175.20898    -1.3543    31.4258    1438.46  0.000e+00
     29.825   62.05010 -175.20898    -1.3548    31.4267    1438.46  0.000e+00
     29.863   62.05010 -175.20898    -1.3552    31.4272    1438.46  0.000e+00
     29.933   62.05010 -175.20898    -1.3555    31.4269    1438.46  0.000e+00
     29.925   62.05010 -175.20898    -1.3562    31.4268    1438.46  0.000e+00
     29.933   62.05010 -175.20898    -1.3566    31.4270    1438.46  0.000e+00
     29.979   62.05010 -175.20898    -1.3570    31.4278    1438.46  0.000e+00
     29.994   62.05010 -175.20898    -1.3574    31.4279    1438.46  0.000e+00
     30.033   62.05010 -175.20898    -1.3581    31.4282    1438.45  0.000e+00
     30.048   62.05010 -175.20898    -1.3588    31.4288    1438.45  0.000e+00
     30.048   62.05010 -175.20898    -1.3591    31.4281    1438.45  0.000e+00
     30.095   62.05010 -175.20898    -1.3589    31.4277    1438.45  0.000e+00
     30.110   62.05010 -175.20898    -1.3594    31.4278    1438.45  0.000e+00
     30.095   62.05010 -175.20898    -1.3595    31.4275    1438.45  0.000e+00
     30.164   62.05010 -175.20898    -1.3601    31.4284    1438.45  0.000e+00
     30.149   62.05010 -175.20898    -1.3601    31.4280    1438.44  0.000e+00
     30.226   62.05010 -175.20898    -1.3603    31.4279    1438.45  0.000e+00
     30.164   62.05010 -175.20898    -1.3607    31.4286    1438.44  0.000e+00
     30.264   62.05010 -175.20898    -1.3609    31.4288    1438.44  0.000e+00
     30.226   62.05010 -175.20898    -1.3611    31.4286    1438.44  0.000e+00
     30.326   62.05010 -175.20898    -1.3614    31.4293    1438.44  0.000e+00
     30.226   62.05010 -175.20898    -1.3609    31.4299    1438.45  0.000e+00
     30.326   62.05010 -175.20898    -1.3609    31.4303    1438.45  0.000e+00
     30.334   62.05010 -175.20898    -1.3606    31.4301    1438.45  0.000e+00
     30.334   62.05010 -175.20898    -1.3604    31.4304    1438.45  0.000e+00
     30.380   62.05010 -175.20898    -1.3604    31.4309    1438.45  0.000e+00
     30.395   62.05010 -175.20898    -1.3601    31.4313    1438.45  0.000e+00
     30.434   62.05010 -175.20898    -1.3601    31.4325    1438.46  0.000e+00
     30.395   62.05010 -175.20898    -1.3595    31.4331    1438.46  0.000e+00
     30.434   62.05010 -175.20898    -1.3589    31.4336    1438.46  0.000e+00
     30.449   62.05010 -175.20898    -1.3577    31.4349    1438.47  0.000e+00
     30.511   62.05010 -175.20898    -1.3564    31.4352    1438.48  0.000e+00
     30.496   62.05010 -175.20898    -1.3543    31.4371    1438.49  0.000e+00
     30.565   62.05010 -175.20898    -1.3515    31.4369    1438.50  0.000e+00
     30.550   62.05010 -175.20898    -1.3487    31.4369    1438.52  0.000e+00
     30.565   62.05010 -175.20898    -1.3452    31.4386    1438.54  0.000e+00
     30.550   62.05010 -175.20898    -1.3400    31.4380    1438.56  0.000e+00
     30.627   62.05010 -175.20898    -1.3350    31.4383    1438.59  0.000e+00
     30.627   62.05010 -175.20898    -1.3290    31.4363    1438.61  0.000e+00
     30.611   62.05010 -175.20898    -1.3255    31.4378    1438.63  0.000e+00
     30.681   62.05010 -175.20898    -1.3238    31.4426    1438.65  0.000e+00
     30.665   62.05010 -175.20898    -1.3192    31.4453    1438.67  0.000e+00
     30.681   62.05010 -175.20898    -1.3116    31.4436    1438.71  0.000e+00
     30.665   62.05010 -175.20898    -1.3063    31.4449    1438.73  0.000e+00
     30.735   62.05010 -175.20898    -1.3023    31.4470    1438.76  0.000e+00
     30.681   62.05010 -175.20898    -1.2955    31.4447    1438.79  0.000e+00
     30.727   62.05010 -175.20898    -1.2930    31.4449    1438.80  0.000e+00
     30.796   62.05010 -175.20898    -1.2914    31.4462    1438.81  0.000e+00
     30.781   62.05010 -175.20898    -1.2905    31.4469    1438.81  0.000e+00
     30.735   62.05010 -175.20898    -1.2907    31.4487    1438.81  0.000e+00
     30.796   62.05010 -175.20898    -1.2917    31.4498    1438.81  0.000e+00
     30.835   62.05010 -175.20898    -1.2931    31.4501    1438.81  0.000e+00
     30.796   62.05010 -175.20898    -1.2948    31.4519    1438.80  0.000e+00
     30.897   62.05010 -175.20898    -1.2965    31.4521    1438.79  0.000e+00
     30.850   62.05010 -175.20898    -1.2992    31.4546    1438.78  0.000e+00
     30.897   62.05010 -175.20898    -1.3008    31.4552    1438.78  0.000e+00
     30.850   62.05010 -175.20898    -1.3009    31.4543    1438.78  0.000e+00
     30.912   62.05010 -175.20898    -1.3017    31.4549    1438.77  0.000e+00
     30.951   62.05010 -175.20898    -1.3031    31.4567    1438.77  0.000e+00
     30.966   62.05010 -175.20898    -1.3038    31.4572    1438.77  0.000e+00
     30.951   62.05010 -175.20898    -1.3035    31.4579    1438.77  0.000e+00
     30.966   62.05010 -175.20898    -1.3023    31.4584    1438.78  0.000e+00
     30.966   62.05010 -175.20898    -1.3015    31.4591    1438.78  0.000e+00
     31.066   62.05010 -175.20898    -1.2998    31.4593    1438.79  0.000e+00
     31.020   62.05010 -175.20898    -1.2977    31.4604    1438.80  0.000e+00
     31.066   62.05010 -175.20898    -1.2951    31.4613    1438.82  0.000e+00
     31.020   62.05010 -175.20898    -1.2925    31.4617    1438.83  0.000e+00
     31.128   62.05010 -175.20898    -1.2888    31.4612    1438.85  0.000e+00
     31.082   62.05010 -175.20898    -1.2865    31.4624    1438.86  0.000e+00
     31.082   62.05010 -175.20898    -1.2830    31.4621    1438.88  0.000e+00
     31.182   62.05010 -175.20898    -1.2799    31.4624    1438.89  0.000e+00
     31.136   62.05010 -175.20898    -1.2784    31.4647    1438.90  0.000e+00
     31.182   62.05010 -175.20898    -1.2744    31.4640    1438.92  0.000e+00
     31.136   62.05010 -175.20898    -1.2702    31.4631    1438.94  0.000e+00
     31.251   62.05010 -175.20898    -1.2659    31.4620    1438.96  0.000e+00
     31.182   62.05010 -175.20898    -1.2637    31.4634    1438.97  0.000e+00
     31.251   62.05010 -175.20898    -1.2627    31.4656    1438.98  0.000e+00
     31.236   62.05010 -175.20898    -1.2596    31.4652    1438.99  0.000e+00
     31.251   62.05010 -175.20898    -1.2573    31.4654    1439.01  0.000e+00
     31.313   62.05010 -175.20898    -1.2571    31.4670    1439.01  0.000e+00
     31.298   62.05010 -175.20898    -1.2550    31.4677    1439.02  0.000e+00
     31.313   62.05010 -175.20898    -1.2536    31.4689    1439.03  0.000e+00
     31.352   62.05010 -175.20898    -1.2526    31.4709    1439.04  0.000e+00
     31.367   62.05010 -175.20898    -1.2504    31.4712    1439.05  0.000e+00
     31.413   62.05010 -175.20898    -1.2487    31.4727    1439.06  0.000e+00
     31.367   62.05010 -175.20898    -1.2463    31.4736    1439.07  0.000e+00
     31.421   62.05010 -175.20898    -1.2437    31.4733    1439.08  0.000e+00
     31.467   62.05010 -175.20898    -1.2426    31.4752    1439.09  0.000e+00
     31.421   62.05010 -175.20898    -1.2405    31.4760    1439.10  0.000e+00
     31.529   62.05010 -175.20898    -1.2382    31.4771    1439.12  0.000e+00
     31.483   62.05010 -175.20898    -1.2371    31.4799    1439.13  0.000e+00
     31.483   62.05010 -175.20898    -1.2345    31.4822    1439.14  0.000e+00
     31.583   62.05010 -175.20898    -1.2311    31.4825    1439.16  0.000e+00
     31.483   62.05010 -175.20898    -1.2267    31.4827    1439.18  0.000e+00
     31.637   62.05010 -175.20898    -1.2213    31.4817    1439.21  0.000e+00
     31.537   62.05010 -175.20898    -1.2180    31.4833    1439.22  0.000e+00
     31.598   62.05010 -175.20898    -1.2127    31.4835    1439.25  0.000e+00
     31.637   62.05010 -175.20898    -1.2067    31.4841    1439.28  0.000e+00
     31.598   62.05010 -175.20898    -1.2037    31.4865    1439.30  0.000e+00
     31.637   62.05010 -175.20898    -1.2030    31.4917    1439.31  0.000e+00
     31.652   62.05010 -175.20898    -1.2012    31.4957    1439.32  0.000e+00
     31.652   62.05010 -175.20898    -1.1968    31.4960    1439.34  0.000e+00
     31.699   62.05010 -175.20898    -1.1908    31.4949    1439.37  0.000e+00
     31.714   62.05010 -175.20898    -1.1879    31.4959    1439.39  0.000e+00
     31.699   62.05010 -175.20898    -1.1840    31.4956    1439.40  0.000e+00
     31.714   62.05010 -175.20898    -1.1808    31.4947    1439.42  0.000e+00
     31.768   62.05010 -175.20898    -1.1773    31.4937    1439.43  0.000e+00
     31.753   62.05010 -175.20898    -1.1755    31.4946    1439.44  0.000e+00
     31.768   62.05010 -175.20898    -1.1745    31.4959    1439.45  0.000e+00
     31.753   62.05010 -175.20898    -1.1726    31.4964    1439.46  0.000e+00
     31.822   62.05010 -175.20898    -1.1709    31.4967    1439.47  0.000e+00
     31.822   62.05010 -175.20898    -1.1700    31.4974    1439.47  0.000e+00
     31.868   62.05010 -175.20898    -1.1681    31.4976    1439.48  0.000e+00
     31.822   62.05010 -175.20898    -1.1669    31.4979    1439.49  0.000e+00
     31.868   62.05010 -175.20898    -1.1663    31.4980    1439.49  0.000e+00
     31.884   62.05010 -175.20898    -1.1650    31.4980    1439.50  0.000e+00
     31.884   62.05010 -175.20898    -1.1643    31.4981    1439.50  0.000e+00
     31.984   62.05010 -175.20898    -1.1637    31.4984    1439.51  0.000e+00
     31.938   62.05010 -175.20898    -1.1629    31.4988    1439.51  0.000e+00
     31.930   62.05010 -175.20898    -1.1627    31.4997    1439.51  0.000e+00
     31.938   62.05010 -175.20898    -1.1627    31.5000    1439.51  0.000e+00
     32.000   62.05010 -175.20898    -1.1623    31.4994    1439.52  0.000e+00
     32.038   62.05010 -175.20898    -1.1622    31.4997    1439.52  0.000e+00
     31.999   62.05010 -175.20898    -1.1618    31.4998    1439.52  0.000e+00
     31.984   62.05010 -175.20898    -1.1621    31.5005    1439.52  0.000e+00
     32.054   62.05010 -175.20898    -1.1625    31.5002    1439.52  0.000e+00
     32.054   62.05010 -175.20898    -1.1629    31.5002    1439.52  0.000e+00
     32.100   62.05010 -175.20898    -1.1631    31.5005    1439.52  0.000e+00
     32.053   62.05010 -175.20898    -1.1632    31.5010    1439.52  0.000e+00
     32.169   62.05010 -175.20898    -1.1634    31.5011    1439.52  0.000e+00
     32.100   62.05010 -175.20898    -1.1641    31.5016    1439.51  0.000e+00
     32.115   62.05010 -175.20898    -1.1643    31.5020    1439.51  0.000e+00
     32.154   62.05010 -175.20898    -1.1647    31.5023    1439.51  0.000e+00
     32.169   62.05010 -175.20898    -1.1650    31.5028    1439.51  0.000e+00
     32.169   62.05010 -175.20898    -1.1651    31.5030    1439.51  0.000e+00
     32.215   62.05010 -175.20898    -1.1655    31.5027    1439.51  0.000e+00
     32.169   62.05010 -175.20898    -1.1659    31.5032    1439.51  0.000e+00
     32.269   62.05010 -175.20898    -1.1662    31.5036    1439.51  0.000e+00
     32.223   62.05010 -175.20898    -1.1665    31.5044    1439.51  0.000e+00
     32.223   62.05010 -175.20898    -1.1666    31.5045    1439.51  0.000e+00
     32.269   62.05010 -175.20898    -1.1667    31.5047    1439.51  0.000e+00
     32.285   62.05010 -175.20898    -1.1672    31.5051    1439.51  0.000e+00
     32.269   62.05010 -175.20898    -1.1674    31.5055    1439.51  0.000e+00
     32.339   62.05010 -175.20898    -1.1675    31.5052    1439.51  0.000e+00
     32.339   62.05010 -175.20898    -1.1680    31.5054    1439.50  0.000e+00
     32.385   62.05010 -175.20898    -1.1688    31.5061    1439.50  0.000e+00
     32.339   62.05010 -175.20898    -1.1692    31.5063    1439.50  0.000e+00
     32.401   62.05010 -175.20898    -1.1693    31.5056    1439.50  0.000e+00
     32.385   62.05010 -175.20898    -1.1701    31.5061    1439.49  0.000e+00
     32.455   62.05010 -175.20898    -1.1715    31.5069    1439.49  0.000e+00
     32.439   62.05010 -175.20898    -1.1720    31.5072    1439.49  0.000e+00
     32.401   62.05010 -175.20898    -1.1740    31.5082    1439.48  0.000e+00
     32.516   62.05010 -175.20898    -1.1745    31.5085    1439.48  0.000e+00
     32.439   62.05010 -175.20898    -1.1752    31.5091    1439.48  0.000e+00
     32.516   62.05010 -175.20898    -1.1760    31.5091    1439.47  0.000e+00
     32.501   62.05010 -175.20898    -1.1769    31.5098    1439.47  0.000e+00
     32.516   62.05010 -175.20898    -1.1779    31.5102    1439.47  0.000e+00
     32.570   62.05010 -175.20898    -1.1785    31.5113    1439.46  0.000e+00
     32.555   62.05010 -175.20898    -1.1783    31.5104    1439.46  0.000e+00
     32.516   62.05010 -175.20898    -1.1783    31.5103    1439.46  0.000e+00
     32.570   62.05010 -175.20898    -1.1782    31.5103    1439.46  0.000e+00
     32.616   62.05010 -175.20898    -1.1785    31.5102    1439.46  0.000e+00
     32.624   62.05010 -175.20898    -1.1793    31.5106    1439.46  0.000e+00
     32.616   62.05010 -175.20898    -1.1795    31.5108    1439.46  0.000e+00
     32.624   62.05010 -175.20898    -1.1799    31.5110    1439.46  0.000e+00
     32.624   62.05010 -175.20898    -1.1798    31.5108    1439.46  0.000e+00
     32.670   62.05010 -175.20898    -1.1798    31.5112    1439.46  0.000e+00
     32.740   62.05010 -175.20898    -1.1799    31.5108    1439.46  0.000e+00
     32.686   62.05010 -175.20898    -1.1802    31.5111    1439.46  0.000e+00
     32.732   62.05010 -175.20898    -1.1804    31.5108    1439.46  0.000e+00
     32.802   62.05010 -175.20898    -1.1808    31.5108    1439.46  0.000e+00
     32.732   62.05010 -175.20898    -1.1813    31.5112    1439.45  0.000e+00
     32.856   62.05010 -175.20898    -1.1820    31.5127    1439.45  0.000e+00
     32.802   62.05010 -175.20898    -1.1827    31.5124    1439.45  0.000e+00
     32.848   62.05010 -175.20898    -1.1828    31.5123    1439.45  0.000e+00
     32.856   62.05010 -175.20898    -1.1835    31.5129    1439.45  0.000e+00
     32.902   62.05010 -175.20898    -1.1836    31.5128    1439.45  0.000e+00
     32.917   62.05010 -175.20898    -1.1840    31.5129    1439.45  0.000e+00
     32.917   62.05010 -175.20898    -1.1844    31.5134    1439.45  0.000e+00
     32.956   62.05010 -175.20898    -1.1847    31.5138    1439.45  0.000e+00
     32.971   62.05010 -175.20898    -1.1853    31.5142    1439.44  0.000e+00
     33.025   62.05010 -175.20898    -1.1857    31.5153    1439.44  0.000e+00
     33.072   62.05010 -175.20898    -1.1861    31.5162    1439.44  0.000e+00
     33.087   62.05010 -175.20898    -1.1864    31.5170    1439.44  0.000e+00
     33.087   62.05010 -175.20898    -1.1869    31.5179    1439.44  0.000e+00
