EcoFOCI/data/1_SampleCollection/2023_SikuliaqDBO_CruiseData/CTD_raw_BottleFile_SKQ23-12S/proc/skq202312s_073svpavg.cnv
* Sea-Bird SBE 9 Data File:
* FileName = D:\CTD\SKQ202312S\SKQ202312S_073.hex
* Software Version Seasave V 7.26.7.121
* Temperature SN = 6177
* Conductivity SN = 0369
* Number of Bytes Per Scan = 41
* Number of Voltage Words = 4
* Number of Scans Averaged by the Deck Unit = 1
* NMEA Latitude = 67 54.34 N
* NMEA Longitude = 168 10.75 W
* NMEA UTC (Time) = Oct 01 2023  20:50:17
* NMEA baud rate = 4800
** Ship: R/V Sikuliaq
** Station Number: 073
** Station Name: C12
** Bottom Depth: 58
** Operator: SD
** Mooring C12
# nquan = 7
# nvalues = 51                          
# units = specified
# name 0 = depSM: Depth [salt water, m]
# name 1 = latitude: Latitude [deg]
# name 2 = longitude: Longitude [deg]
# name 3 = t090C: Temperature [ITS-90, deg C]
# name 4 = sal00: Salinity, Practical [PSU]
# name 5 = svCM: Sound Velocity [Chen-Millero, m/s]
# name 6 = flag: flag
# span 0 =      4.000,     54.000       
# span 1 =   67.90533,   67.90549       
# span 2 = -168.17941, -168.17917       
# span 3 =     2.7252,     4.5430       
# span 4 =    28.5066,    32.5022       
# span 5 =    1457.70,    1464.31       
# span 6 = 0.0000e+00, 0.0000e+00       
# interval = meters: 1                  
# start_time = Oct 01 2023 20:53:49 [NMEA time, first data scan]
# bad_flag = -9.990e-29
*END*
      4.000   67.90549 -168.17941     3.8480    28.5066    1457.70 0.0000e+00
      5.000   67.90548 -168.17940     3.8533    28.5115    1457.74 0.0000e+00
      6.000   67.90548 -168.17940     3.8561    28.5148    1457.77 0.0000e+00
      7.000   67.90548 -168.17940     3.8525    28.5096    1457.77 0.0000e+00
      8.000   67.90548 -168.17940     3.8590    28.5183    1457.82 0.0000e+00
      9.000   67.90548 -168.17939     3.8669    28.5269    1457.88 0.0000e+00
     10.000   67.90547 -168.17938     3.8700    28.5306    1457.92 0.0000e+00
     11.000   67.90546 -168.17940     3.8909    28.5539    1458.05 0.0000e+00
     12.000   67.90546 -168.17940     3.9109    28.5770    1458.18 0.0000e+00
     13.000   67.90546 -168.17938     3.9288    28.6000    1458.31 0.0000e+00
     14.000   67.90546 -168.17938     3.9581    28.6404    1458.50 0.0000e+00
     15.000   67.90546 -168.17938     3.9792    28.6651    1458.64 0.0000e+00
     16.000   67.90546 -168.17938     3.9993    28.6886    1458.77 0.0000e+00
     17.000   67.90546 -168.17938     4.0310    28.7350    1458.98 0.0000e+00
     18.000   67.90546 -168.17938     4.1163    28.8992    1459.57 0.0000e+00
     19.000   67.90546 -168.17938     4.5430    29.2793    1461.86 0.0000e+00
     20.000   67.90546 -168.17938     4.3287    29.9551    1461.85 0.0000e+00
     21.000   67.90544 -168.17938     3.9245    30.1628    1460.43 0.0000e+00
     22.000   67.90544 -168.17936     3.6536    30.3610    1459.55 0.0000e+00
     23.000   67.90544 -168.17936     4.0545    30.6030    1461.57 0.0000e+00
     24.000   67.90544 -168.17936     4.4848    30.8914    1463.76 0.0000e+00
     25.000   67.90544 -168.17936     4.5372    31.1335    1464.31 0.0000e+00
     26.000   67.90544 -168.17936     3.7241    31.2482    1461.06 0.0000e+00
     27.000   67.90544 -168.17936     3.8111    31.5523    1461.83 0.0000e+00
     28.000   67.90544 -168.17936     4.2542    31.8174    1464.05 0.0000e+00
     29.000   67.90544 -168.17936     3.9706    31.8690    1462.94 0.0000e+00
     30.000   67.90543 -168.17935     2.9709    32.0902    1458.99 0.0000e+00
     31.000   67.90542 -168.17936     3.1118    32.1944    1459.75 0.0000e+00
     32.000   67.90542 -168.17936     2.8740    32.2415    1458.81 0.0000e+00
     33.000   67.90542 -168.17934     2.7252    32.2648    1458.21 0.0000e+00
     34.000   67.90542 -168.17934     2.9634    32.3273    1459.34 0.0000e+00
     35.000   67.90542 -168.17934     3.0660    32.3223    1459.79 0.0000e+00
     36.000   67.90542 -168.17934     3.0130    32.2989    1459.55 0.0000e+00
     37.000   67.90541 -168.17932     3.0825    32.3316    1459.91 0.0000e+00
     38.000   67.90540 -168.17932     3.0836    32.3349    1459.93 0.0000e+00
     39.000   67.90540 -168.17933     3.0853    32.3413    1459.96 0.0000e+00
     40.000   67.90540 -168.17934     3.0772    32.3472    1459.95 0.0000e+00
     41.000   67.90540 -168.17932     3.0656    32.3528    1459.93 0.0000e+00
     42.000   67.90540 -168.17930     3.0559    32.3573    1459.91 0.0000e+00
     43.000   67.90540 -168.17930     3.0445    32.3626    1459.88 0.0000e+00
     44.000   67.90540 -168.17930     3.0088    32.3790    1459.77 0.0000e+00
     45.000   67.90540 -168.17930     2.9814    32.3854    1459.67 0.0000e+00
     46.000   67.90538 -168.17930     2.9745    32.3876    1459.66 0.0000e+00
     47.000   67.90538 -168.17928     2.9620    32.4085    1459.65 0.0000e+00
     48.000   67.90538 -168.17928     2.9519    32.4535    1459.68 0.0000e+00
     49.000   67.90537 -168.17928     2.9680    32.4587    1459.78 0.0000e+00
     50.000   67.90537 -168.17928     2.9499    32.4705    1459.73 0.0000e+00
     51.000   67.90536 -168.17926     2.9380    32.3339    1459.52 0.0000e+00
     52.000   67.90536 -168.17924     2.9301    32.4729    1459.68 0.0000e+00
     53.000   67.90535 -168.17920     2.9288    32.5021    1459.73 0.0000e+00
     54.000   67.90533 -168.17917     2.9290    32.5022    1459.75 0.0000e+00
