EcoFOCI/data/1_SampleCollection/2023_SikuliaqDBO_CruiseData/CTD_raw_BottleFile_SKQ23-12S/proc/skq202312s_067.ros
* Sea-Bird SBE 9 Data File:
* FileName = D:\CTD\SKQ202312S\SKQ202312S_067.hex
* Software Version Seasave V 7.26.7.121
* Temperature SN = 6177
* Conductivity SN = 0369
* Number of Bytes Per Scan = 41
* Number of Voltage Words = 4
* Number of Scans Averaged by the Deck Unit = 1
* NMEA Latitude = 72 18.60 N
* NMEA Longitude = 167 16.17 W
* NMEA UTC (Time) = Sep 28 2023  14:28:44
* NMEA baud rate = 4800
** Ship: R/V Sikuliaq
** Station Number: 067
** Station Name: C15
** Bottom Depth: 49
** Operator: SD
# nquan = 22
# nvalues = 735                                   
# units = specified
# name 0 = depSM: Depth [salt water, m]
# name 1 = latitude: Latitude [deg]
# name 2 = longitude: Longitude [deg]
# name 3 = prDM: Pressure, Digiquartz [db]
# name 4 = t090C: Temperature [ITS-90, deg C]
# name 5 = t190C: Temperature, 2 [ITS-90, deg C]
# name 6 = potemp090C: Potential Temperature [ITS-90, deg C]
# name 7 = sal00: Salinity, Practical [PSU]
# name 8 = sal11: Salinity, Practical, 2 [PSU]
# name 9 = density00: Density [density, kg/m^3]
# name 10 = sigma-é00: Density [sigma-theta, kg/m^3]
# name 11 = sbox0Mm/Kg: Oxygen, SBE 43 [umol/kg]
# name 12 = sbox1Mm/Kg: Oxygen, SBE 43, 2 [umol/kg]
# name 13 = oxsolMm/Kg: Oxygen Saturation, Garcia & Gordon [umol/kg]
# name 14 = sbeox0PS: Oxygen, SBE 43 [% saturation]
# name 15 = v0: Voltage 0
# name 16 = flECO-AFL: Fluorescence, WET Labs ECO-AFL/FL [mg/m^3]
# name 17 = CStarAt0: Beam Attenuation, WET Labs C-Star [1/m]
# name 18 = par: PAR/Irradiance, Biospherical/Licor
# name 19 = scan: Scan Count
# name 20 = nbf: Bottles Fired
# name 21 = flag:  0.000e+00
# interval = seconds: 0.0416667
# start_time = Sep 28 2023 14:32:23 [NMEA time, first data scan]
# bad_flag = -9.990e-29
*END*
[from data line 132]
     42.922   72.30998 -167.26964     43.371     0.7342     0.7325     0.7325    32.3870    32.3980  1026.1664    25.9599    297.675    281.908  348.39610     85.442     0.1026     0.2674     2.1501 8.4714e-06       6826          3  0.000e+00
     42.976   72.30998 -167.26964     43.426     0.7344     0.7330     0.7328    32.3865    32.3976  1026.1663    25.9596    297.676    281.905  348.39481     85.442     0.1026     0.2674     2.1519 1.0000e-12       6827          3  0.000e+00
     42.922   72.30998 -167.26964     43.371     0.7348     0.7331     0.7332    32.3859    32.3979  1026.1655    25.9590    297.672    281.896  348.39345     85.441     0.1026     0.2674     2.1519 1.0000e-12       6828          3  0.000e+00
     42.968   72.30998 -167.26964     43.418     0.7350     0.7336     0.7334    32.3848    32.3977  1026.1648    25.9581    297.912    282.099  348.39461     85.510     0.1026     0.2674     2.1519 1.0000e-12       6829          3  0.000e+00
     42.922   72.30998 -167.26964     43.371     0.7349     0.7342     0.7333    32.3848    32.3973  1026.1646    25.9581    297.714    282.110  348.39545     85.453     0.1074     0.2967     2.1519 1.0000e-12       6830          3  0.000e+00
     42.922   72.30998 -167.26964     43.371     0.7348     0.7349     0.7332    32.3850    32.3975  1026.1648    25.9583    297.712    282.117  348.39591     85.452     0.1111     0.3187     2.1519 1.0000e-12       6831          3  0.000e+00
     42.922   72.30998 -167.26964     43.371     0.7348     0.7353     0.7332    32.3850    32.3971  1026.1648    25.9583    297.711    282.153  348.39591     85.452     0.1099     0.3113     2.1342 1.0000e-12       6832          3  0.000e+00
     42.976   72.30998 -167.26964     43.426     0.7344     0.7360     0.7328    32.3853    32.3964  1026.1653    25.9586    297.757    282.158  348.39805     85.465     0.1111     0.3187     2.1200 1.0000e-12       6833          3  0.000e+00
     42.914   72.30998 -167.26964     43.363     0.7342     0.7359     0.7326    32.3858    32.3969  1026.1654    25.9590    297.755    282.160  348.39877     85.464     0.1099     0.3113     2.1165 1.0000e-12       6834          3  0.000e+00
     42.976   72.30998 -167.26964     43.426     0.7342     0.7355     0.7325    32.3861    32.3974  1026.1659    25.9592    297.801    282.166  348.39842     85.477     0.1099     0.3113     2.1165 8.4714e-06       6835          3  0.000e+00
     42.922   72.30998 -167.26964     43.371     0.7338     0.7353     0.7322    32.3863    32.3979  1026.1659    25.9594    297.803    282.163  348.40084     85.477     0.1099     0.3113     2.1183 1.0000e-12       6836          3  0.000e+00
     42.922   72.30998 -167.26964     43.371     0.7337     0.7354     0.7320    32.3862    32.3984  1026.1658    25.9593    297.806    282.155  348.40266     85.478     0.1099     0.3113     2.1183 1.0000e-12       6837          3  0.000e+00
     42.968   72.30998 -167.26964     43.418     0.7338     0.7351     0.7322    32.3862    32.3983  1026.1660    25.9594    297.809    282.390  348.40159     85.479     0.1099     0.3113     2.1183 8.4714e-06       6838          3  0.000e+00
     42.922   72.30998 -167.26964     43.371     0.7334     0.7353     0.7318    32.3867    32.3984  1026.1662    25.9597    297.811    282.429  348.40392     85.479     0.1099     0.3113     2.1183 1.0000e-12       6839          3  0.000e+00
     42.922   72.30998 -167.26964     43.371     0.7334     0.7353     0.7318    32.3869    32.3987  1026.1664    25.9599    297.813    282.468  348.40325     85.479     0.1111     0.3187     2.1183 1.0000e-12       6840          3  0.000e+00
     30.363   72.30998 -167.26962     30.680     1.9307     1.9284     1.9292    32.3524    32.3630  1026.0010    25.8560    309.391    292.997  338.00651     91.534     0.1514     0.5604     0.5413 1.0000e-12       9926          4  0.000e+00
     30.348   72.30998 -167.26962     30.665     1.9310     1.9274     1.9296    32.3516    32.3626  1026.0003    25.8553    309.359    293.013  338.00573     91.525     0.1514     0.5604     0.5413 8.4714e-06       9927          4  0.000e+00
     30.363   72.30998 -167.26962     30.680     1.9311     1.9274     1.9297    32.3514    32.3629  1026.0001    25.8551    309.367    293.017  338.00543     91.527     0.1514     0.5604     0.5413 8.4714e-06       9928          4  0.000e+00
     30.417   72.30998 -167.26962     30.735     1.9311     1.9271     1.9297    32.3513    32.3629  1026.0004    25.8551    309.377    293.022  338.00551     91.530     0.1514     0.5604     0.5413 8.4714e-06       9929          4  0.000e+00
     30.463   72.30998 -167.26962     30.781     1.9313     1.9267     1.9299    32.3515    32.3629  1026.0007    25.8552    309.385    293.026  338.00324     91.533     0.1514     0.5604     0.5413 1.0000e-12       9930          4  0.000e+00
     30.363   72.30998 -167.26962     30.680     1.9318     1.9266     1.9303    32.3513    32.3630  1026.0000    25.8550    309.385    293.043  338.00011     91.534     0.1502     0.5531     0.5413 1.0000e-12       9931          4  0.000e+00
     30.402   72.30998 -167.26962     30.719     1.9321     1.9266     1.9306    32.3507    32.3630  1025.9997    25.8545    309.393    293.063  337.99888     91.537     0.1514     0.5604     0.5413 1.0000e-12       9932          4  0.000e+00
     30.363   72.30998 -167.26962     30.680     1.9319     1.9264     1.9305    32.3506    32.3632  1025.9994    25.8544    309.401    293.079  338.00052     91.539     0.1526     0.5678     0.5413 8.4714e-06       9933          4  0.000e+00
     30.463   72.30998 -167.26962     30.781     1.9323     1.9254     1.9308    32.3497    32.3641  1025.9992    25.8537    309.373    293.103  337.99990     91.530     0.1514     0.5604     0.5413 1.0000e-12       9934          4  0.000e+00
     30.363   72.30998 -167.26962     30.680     1.9321     1.9247     1.9306    32.3496    32.3646  1025.9986    25.8536    309.377    293.091  338.00167     91.531     0.1514     0.5604     0.5413 1.0000e-12       9935          4  0.000e+00
     30.463   72.30998 -167.26962     30.781     1.9317     1.9252     1.9302    32.3497    32.3640  1025.9992    25.8537    309.391    293.102  338.00522     91.534     0.1514     0.5604     0.5413 1.0000e-12       9936          4  0.000e+00
     30.417   72.30998 -167.26962     30.735     1.9313     1.9253     1.9298    32.3502    32.3644  1025.9995    25.8542    309.397    293.079  338.00697     91.536     0.1514     0.5604     0.5413 1.0000e-12       9937          4  0.000e+00
     30.402   72.30998 -167.26962     30.719     1.9307     1.9253     1.9292    32.3503    32.3646  1025.9995    25.8543    309.408    293.057  338.01194     91.538     0.1514     0.5604     0.5413 1.0000e-12       9938          4  0.000e+00
     30.363   72.30998 -167.26962     30.680     1.9304     1.9263     1.9290    32.3506    32.3639  1025.9996    25.8546    309.415    293.024  338.01338     91.539     0.1514     0.5604     0.5413 1.0000e-12       9939          4  0.000e+00
     30.463   72.30998 -167.26962     30.781     1.9300     1.9268     1.9286    32.3510    32.3636  1026.0004    25.8549    309.348    293.224  338.01566     91.519     0.1502     0.5531     0.5413 1.0000e-12       9940          4  0.000e+00
     30.417   72.30998 -167.26962     30.735     1.9296     1.9272     1.9281    32.3512    32.3633  1026.0004    25.8551    309.353    293.037  338.01879     91.519     0.1514     0.5604     0.5413 1.0000e-12       9941          4  0.000e+00
     30.402   72.30998 -167.26962     30.719     1.9291     1.9272     1.9276    32.3515    32.3633  1026.0005    25.8553    309.359    293.029  338.02239     91.520     0.1526     0.5678     0.5413 1.0000e-12       9942          4  0.000e+00
     30.363   72.30998 -167.26962     30.680     1.9286     1.9278     1.9271    32.3515    32.3630  1026.0005    25.8554    309.366    293.014  338.02680     91.521     0.1514     0.5604     0.5413 1.0000e-12       9943          4  0.000e+00
     30.463   72.30998 -167.26962     30.781     1.9285     1.9281     1.9270    32.3514    32.3629  1026.0008    25.8554    309.374    293.004  338.02758     91.523     0.1587     0.6044     0.5425 1.0000e-12       9944          4  0.000e+00
     30.363   72.30998 -167.26962     30.680     1.9277     1.9285     1.9262    32.3523    32.3626  1026.0011    25.8561    309.151    292.984  338.03224     91.456     0.1636     0.6337     0.5413 1.0000e-12       9945          4  0.000e+00
     30.402   72.30998 -167.26962     30.719     1.9276     1.9291     1.9262    32.3528    32.3623  1026.0017    25.8565    309.572    292.967  338.03156     91.581     0.1648     0.6410     0.5401 1.0000e-12       9946          4  0.000e+00
     30.417   72.30998 -167.26962     30.735     1.9277     1.9297     1.9262    32.3529    32.3622  1026.0018    25.8566    309.387    292.971  338.03084     91.526     0.1636     0.6337     0.5401 1.0000e-12       9947          4  0.000e+00
     30.363   72.30998 -167.26962     30.680     1.9280     1.9305     1.9266    32.3528    32.3618  1026.0015    25.8565    309.385    292.969  338.02831     91.526     0.1648     0.6410     0.5401 1.0000e-12       9948          4  0.000e+00
     30.402   72.30998 -167.26962     30.719     1.9282     1.9309     1.9268    32.3528    32.3623  1026.0017    25.8565    309.309    292.973  338.02635     91.504     0.1624     0.6264     0.5401 1.0000e-12       9949          4  0.000e+00
     30.417   72.30998 -167.26962     30.735     1.9288     1.9312     1.9273    32.3521    32.3622  1026.0011    25.8559    309.306    292.950  338.02349     91.504     0.1648     0.6410     0.5401 1.0000e-12       9950          4  0.000e+00
     30.348   72.30998 -167.26962     30.665     1.9288     1.9313     1.9273    32.3521    32.3624  1026.0008    25.8558    309.303    292.924  338.02360     91.503     0.1648     0.6410     0.5401 1.0000e-12       9951          4  0.000e+00
     30.363   72.30998 -167.26962     30.680     1.9290     1.9315     1.9275    32.3518    32.3625  1026.0006    25.8556    309.303    292.898  338.02234     91.504     0.1636     0.6337     0.5401 8.4714e-06       9952          4  0.000e+00
     30.402   72.30998 -167.26962     30.719     1.9291     1.9315     1.9276    32.3513    32.3623  1026.0004    25.8552    309.305    292.873  338.02291     91.504     0.1648     0.6410     0.5401 1.0000e-12       9953          4  0.000e+00
     30.363   72.30998 -167.26962     30.680     1.9291     1.9316     1.9276    32.3512    32.3619  1026.0001    25.8551    309.303    292.869  338.02317     91.504     0.1636     0.6337     0.5401 1.0000e-12       9954          4  0.000e+00
     30.348   72.30998 -167.26962     30.665     1.9291     1.9314     1.9276    32.3512    32.3626  1026.0000    25.8551    309.303    292.865  338.02315     91.503     0.1648     0.6410     0.5401 1.0000e-12       9955          4  0.000e+00
     30.363   72.30998 -167.26962     30.680     1.9288     1.9316     1.9274    32.3512    32.3626  1026.0002    25.8552    309.306    292.858  338.02530     91.504     0.1636     0.6337     0.5401 1.0000e-12       9956          4  0.000e+00
     30.348   72.30998 -167.26962     30.665     1.9288     1.9315     1.9273    32.3512    32.3624  1026.0001    25.8552    309.305    292.853  338.02581     91.503     0.1636     0.6337     0.5401 1.0000e-12       9957          4  0.000e+00
     30.363   72.30998 -167.26962     30.680     1.9288     1.9312     1.9273    32.3521    32.3625  1026.0008    25.8558    309.304    292.823  338.02362     91.504     0.1636     0.6337     0.5401 1.0000e-12       9958          4  0.000e+00
     30.286   72.30998 -167.26962     30.602     1.9292     1.9308     1.9277    32.3522    32.3627  1026.0006    25.8559    309.524    292.611  338.02000     91.570     0.1636     0.6337     0.5401 8.4714e-06       9959          4  0.000e+00
     30.363   72.30998 -167.26962     30.680     1.9291     1.9312     1.9276    32.3521    32.3625  1026.0008    25.8558    309.337    292.780  338.02075     91.514     0.1624     0.6264     0.5401 1.0000e-12       9960          4  0.000e+00
     30.286   72.30998 -167.26962     30.602     1.9294     1.9312     1.9280    32.3524    32.3626  1026.0007    25.8560    309.329    292.766  338.01724     91.513     0.1648     0.6410     0.5401 1.0000e-12       9961          4  0.000e+00
     30.302   72.30998 -167.26962     30.618     1.9295     1.9312     1.9280    32.3525    32.3624  1026.0009    25.8561    309.327    292.756  338.01642     91.513     0.1648     0.6410     0.5401 1.0000e-12       9962          4  0.000e+00
     30.286   72.30998 -167.26962     30.602     1.9299     1.9308     1.9284    32.3523    32.3627  1026.0006    25.8560    309.322    292.720  338.01363     91.512     0.1636     0.6337     0.5401 1.0000e-12       9963          4  0.000e+00
     30.363   72.30998 -167.26962     30.680     1.9298     1.9308     1.9283    32.3522    32.3618  1026.0009    25.8559    309.325    292.711  338.01480     91.512     0.1648     0.6410     0.5401 1.0000e-12       9964          4  0.000e+00
     30.232   72.30998 -167.26962     30.548     1.9300     1.9305     1.9286    32.3516    32.3626  1025.9997    25.8554    309.317    292.692  338.01417     91.510     0.1636     0.6337     0.5401 1.0000e-12       9965          4  0.000e+00
     30.302   72.30998 -167.26962     30.618     1.9301     1.9301     1.9286    32.3522    32.3628  1026.0006    25.8558    309.316    292.680  338.01216     91.510     0.1648     0.6410     0.5389 8.4714e-06       9966          4  0.000e+00
     30.248   72.30998 -167.26962     30.563     1.9300     1.9303     1.9286    32.3519    32.3624  1026.0001    25.8556    309.314    292.661  338.01335     91.509     0.1636     0.6337     0.5389 1.0000e-12       9967          4  0.000e+00
     30.286   72.30998 -167.26962     30.602     1.9304     1.9300     1.9289    32.3517    32.3628  1026.0001    25.8555    309.311    292.417  338.01096     91.509     0.1636     0.6337     0.5389 1.0000e-12       9968          4  0.000e+00
     30.248   72.30998 -167.26962     30.563     1.9301     1.9301     1.9286    32.3518    32.3625  1026.0000    25.8555    309.310    292.371  338.01324     91.508     0.1624     0.6264     0.5389 1.0000e-12       9969          4  0.000e+00
     30.232   72.30998 -167.26962     30.548     1.9300     1.9298     1.9286    32.3517    32.3628  1025.9998    25.8555    309.309    292.329  338.01386     91.508     0.1587     0.6044     0.5401 1.0000e-12       9970          4  0.000e+00
     30.248   72.30998 -167.26962     30.563     1.9302     1.9298     1.9287    32.3520    32.3625  1026.0001    25.8557    309.079    292.488  338.01176     91.440     0.1575     0.5971     0.5389 1.0000e-12       9971          4  0.000e+00
     30.232   72.30998 -167.26962     30.548     1.9302     1.9305     1.9288    32.3518    32.3622  1025.9999    25.8556    309.267    292.260  338.01163     91.496     0.1563     0.5897     0.5401 1.0000e-12       9972          4  0.000e+00
     30.248   72.30998 -167.26962     30.563     1.9307     1.9308     1.9292    32.3515    32.3625  1025.9997    25.8553    309.265    292.211  338.00877     91.496     0.1575     0.5971     0.5389 1.0000e-12       9973          4  0.000e+00
     30.170   72.30998 -167.26962     30.485     1.9305     1.9317     1.9291    32.3520    32.3624  1025.9998    25.8557    309.262    292.182  338.00889     91.495     0.1563     0.5897     0.5389 1.0000e-12       9974          4  0.000e+00
     30.232   72.30998 -167.26962     30.548     1.9262     1.9285     1.9247    32.3526    32.3631  1026.0008    25.8564    309.710    292.966  338.04460     91.618     0.1636     0.6337     0.5425 1.0000e-12      10125          5  0.000e+00
