EcoFOCI/data/1_SampleCollection/2023_SikuliaqDBO_CruiseData/CTD_raw_BottleFile_SKQ23-12S/proc/skq202312s_038svp.cnv
* Sea-Bird SBE 9 Data File:
* FileName = D:\CTD\SKQ202312S\SKQ202312S_038.hex
* Software Version Seasave V 7.26.7.121
* Temperature SN = 6177
* Conductivity SN = 0369
* Number of Bytes Per Scan = 41
* Number of Voltage Words = 4
* Number of Scans Averaged by the Deck Unit = 1
* NMEA Latitude = 71 15.45 N
* NMEA Longitude = 160 27.73 W
* NMEA UTC (Time) = Sep 23 2023  10:47:29
* NMEA baud rate = 4800
** Ship: R/V Sikuliaq
** Station Number: 038
** Station Name: DBO4.1na
** Bottom Depth: 51
** Operator: SS
# nquan = 7
# nvalues = 4735                                  
# units = specified
# name 0 = depSM: Depth [salt water, m]
# name 1 = latitude: Latitude [deg]
# name 2 = longitude: Longitude [deg]
# name 3 = t090C: Temperature [ITS-90, deg C]
# name 4 = sal00: Salinity, Practical [PSU]
# name 5 = svCM: Sound Velocity [Chen-Millero, m/s]
# name 6 = flag:  0.000e+00
# span 0 =      1.549,     46.173                 
# span 1 =   71.25746,   71.25746                 
# span 2 = -160.46242, -160.46232                 
# span 3 =    -1.6715,     2.4743                 
# span 4 =    27.5998,    32.6456                 
# span 5 =    1438.52,    1450.73                 
# span 6 = 0.0000e+00, 0.0000e+00                 
# interval = seconds: 0.0416667
# start_time = Sep 23 2023 10:50:45 [NMEA time, first data scan]
# bad_flag = -9.990e-29
*END*
[from data line 2872]
     33.861   71.25746 -160.46240    -1.6669    32.6379    1438.68  0.000e+00
     33.869   71.25746 -160.46240    -1.6669    32.6381    1438.68  0.000e+00
     33.915   71.25746 -160.46240    -1.6671    32.6380    1438.68  0.000e+00
     33.931   71.25746 -160.46240    -1.6670    32.6379    1438.68  0.000e+00
     33.931   71.25746 -160.46240    -1.6671    32.6382    1438.68  0.000e+00
     33.977   71.25746 -160.46240    -1.6673    32.6383    1438.68  0.000e+00
     33.931   71.25746 -160.46240    -1.6671    32.6382    1438.68  0.000e+00
     34.031   71.25746 -160.46240    -1.6673    32.6380    1438.68  0.000e+00
     33.985   71.25746 -160.46240    -1.6670    32.6381    1438.68  0.000e+00
     34.046   71.25746 -160.46240    -1.6670    32.6383    1438.68  0.000e+00
     34.031   71.25746 -160.46240    -1.6669    32.6381    1438.68  0.000e+00
     34.046   71.25746 -160.46240    -1.6667    32.6381    1438.68  0.000e+00
     34.031   71.25746 -160.46240    -1.6667    32.6379    1438.68  0.000e+00
     34.100   71.25746 -160.46240    -1.6669    32.6380    1438.68  0.000e+00
     34.100   71.25746 -160.46240    -1.6669    32.6380    1438.68  0.000e+00
     34.085   71.25746 -160.46240    -1.6669    32.6380    1438.68  0.000e+00
     34.100   71.25746 -160.46240    -1.6663    32.6376    1438.68  0.000e+00
     34.147   71.25746 -160.46240    -1.6666    32.6375    1438.68  0.000e+00
     34.162   71.25746 -160.46240    -1.6664    32.6376    1438.68  0.000e+00
     34.216   71.25746 -160.46240    -1.6667    32.6374    1438.68  0.000e+00
     34.201   71.25746 -160.46240    -1.6667    32.6374    1438.68  0.000e+00
     34.216   71.25746 -160.46240    -1.6666    32.6378    1438.68  0.000e+00
     34.262   71.25746 -160.46240    -1.6667    32.6376    1438.68  0.000e+00
     34.270   71.25746 -160.46240    -1.6664    32.6371    1438.68  0.000e+00
     34.270   71.25746 -160.46240    -1.6666    32.6377    1438.68  0.000e+00
     34.262   71.25746 -160.46240    -1.6669    32.6380    1438.68  0.000e+00
     34.332   71.25746 -160.46240    -1.6669    32.6379    1438.68  0.000e+00
     34.332   71.25746 -160.46240    -1.6669    32.6376    1438.68  0.000e+00
     34.316   71.25746 -160.46240    -1.6669    32.6376    1438.68  0.000e+00
     34.386   71.25746 -160.46240    -1.6671    32.6376    1438.68  0.000e+00
     34.378   71.25746 -160.46240    -1.6673    32.6378    1438.68  0.000e+00
     34.332   71.25746 -160.46240    -1.6672    32.6379    1438.68  0.000e+00
     34.386   71.25746 -160.46240    -1.6673    32.6381    1438.68  0.000e+00
     34.432   71.25746 -160.46240    -1.6671    32.6378    1438.68  0.000e+00
     34.447   71.25746 -160.46240    -1.6673    32.6378    1438.68  0.000e+00
     34.378   71.25746 -160.46240    -1.6673    32.6376    1438.68  0.000e+00
     34.501   71.25746 -160.46240    -1.6675    32.6378    1438.68  0.000e+00
     34.447   71.25746 -160.46240    -1.6679    32.6379    1438.68  0.000e+00
     34.486   71.25746 -160.46240    -1.6682    32.6382    1438.68  0.000e+00
     34.501   71.25746 -160.46240    -1.6682    32.6384    1438.68  0.000e+00
     34.501   71.25746 -160.46240    -1.6685    32.6387    1438.68  0.000e+00
     34.486   71.25746 -160.46240    -1.6688    32.6388    1438.68  0.000e+00
     34.563   71.25746 -160.46240    -1.6690    32.6392    1438.68  0.000e+00
     34.601   71.25746 -160.46240    -1.6692    32.6394    1438.68  0.000e+00
     34.563   71.25746 -160.46240    -1.6692    32.6390    1438.68  0.000e+00
     34.563   71.25746 -160.46240    -1.6692    32.6390    1438.68  0.000e+00
     34.601   71.25746 -160.46240    -1.6695    32.6392    1438.68  0.000e+00
     34.617   71.25746 -160.46240    -1.6696    32.6393    1438.68  0.000e+00
     34.663   71.25746 -160.46240    -1.6695    32.6389    1438.68  0.000e+00
     34.617   71.25746 -160.46240    -1.6696    32.6394    1438.68  0.000e+00
     34.617   71.25746 -160.46240    -1.6695    32.6396    1438.68  0.000e+00
     34.663   71.25746 -160.46240    -1.6697    32.6397    1438.68  0.000e+00
     34.671   71.25746 -160.46240    -1.6698    32.6395    1438.68  0.000e+00
     34.671   71.25746 -160.46240    -1.6696    32.6393    1438.68  0.000e+00
     34.717   71.25746 -160.46240    -1.6693    32.6389    1438.68  0.000e+00
     34.671   71.25746 -160.46240    -1.6697    32.6394    1438.68  0.000e+00
     34.779   71.25746 -160.46240    -1.6696    32.6394    1438.68  0.000e+00
     34.732   71.25746 -160.46240    -1.6696    32.6395    1438.68  0.000e+00
     34.732   71.25746 -160.46240    -1.6697    32.6394    1438.68  0.000e+00
     34.779   71.25746 -160.46240    -1.6697    32.6395    1438.68  0.000e+00
     34.848   71.25746 -160.46240    -1.6696    32.6395    1438.68  0.000e+00
     34.786   71.25746 -160.46240    -1.6700    32.6397    1438.68  0.000e+00
     34.833   71.25746 -160.46240    -1.6699    32.6397    1438.68  0.000e+00
     34.848   71.25746 -160.46240    -1.6697    32.6396    1438.68  0.000e+00
     34.833   71.25746 -160.46240    -1.6697    32.6396    1438.68  0.000e+00
     34.848   71.25746 -160.46240    -1.6702    32.6403    1438.68  0.000e+00
     34.848   71.25746 -160.46240    -1.6700    32.6397    1438.68  0.000e+00
     34.894   71.25746 -160.46240    -1.6701    32.6396    1438.68  0.000e+00
     34.902   71.25746 -160.46240    -1.6700    32.6396    1438.68  0.000e+00
     34.894   71.25746 -160.46240    -1.6700    32.6400    1438.68  0.000e+00
     34.902   71.25746 -160.46240    -1.6697    32.6396    1438.68  0.000e+00
     34.902   71.25746 -160.46240    -1.6699    32.6395    1438.68  0.000e+00
     34.948   71.25746 -160.46240    -1.6697    32.6394    1438.68  0.000e+00
     34.964   71.25746 -160.46240    -1.6699    32.6397    1438.68  0.000e+00
     35.018   71.25746 -160.46240    -1.6698    32.6395    1438.68  0.000e+00
     35.002   71.25746 -160.46240    -1.6699    32.6394    1438.68  0.000e+00
     34.964   71.25746 -160.46240    -1.6700    32.6397    1438.68  0.000e+00
     35.064   71.25746 -160.46240    -1.6700    32.6398    1438.68  0.000e+00
     35.018   71.25746 -160.46240    -1.6699    32.6397    1438.68  0.000e+00
     35.072   71.25746 -160.46240    -1.6700    32.6400    1438.68  0.000e+00
     35.064   71.25746 -160.46240    -1.6700    32.6405    1438.68  0.000e+00
     35.072   71.25746 -160.46240    -1.6703    32.6406    1438.68  0.000e+00
     35.072   71.25746 -160.46240    -1.6700    32.6405    1438.68  0.000e+00
     35.118   71.25746 -160.46240    -1.6702    32.6405    1438.68  0.000e+00
     35.133   71.25746 -160.46240    -1.6699    32.6406    1438.69  0.000e+00
     35.133   71.25746 -160.46240    -1.6702    32.6411    1438.68  0.000e+00
     35.180   71.25746 -160.46240    -1.6700    32.6404    1438.69  0.000e+00
     35.133   71.25746 -160.46240    -1.6704    32.6409    1438.68  0.000e+00
     35.180   71.25746 -160.46240    -1.6703    32.6408    1438.68  0.000e+00
     35.187   71.25746 -160.46240    -1.6702    32.6403    1438.68  0.000e+00
     35.249   71.25746 -160.46240    -1.6700    32.6401    1438.69  0.000e+00
     35.234   71.25746 -160.46240    -1.6700    32.6404    1438.69  0.000e+00
     35.249   71.25746 -160.46240    -1.6702    32.6403    1438.69  0.000e+00
     35.249   71.25746 -160.46240    -1.6702    32.6401    1438.69  0.000e+00
     35.295   71.25746 -160.46240    -1.6704    32.6403    1438.69  0.000e+00
     35.303   71.25746 -160.46240    -1.6703    32.6406    1438.69  0.000e+00
     35.349   71.25746 -160.46240    -1.6700    32.6402    1438.69  0.000e+00
     35.303   71.25746 -160.46240    -1.6702    32.6408    1438.69  0.000e+00
     35.303   71.25746 -160.46240    -1.6702    32.6410    1438.69  0.000e+00
     35.349   71.25746 -160.46240    -1.6700    32.6408    1438.69  0.000e+00
     35.419   71.25746 -160.46240    -1.6702    32.6406    1438.69  0.000e+00
     35.365   71.25746 -160.46240    -1.6702    32.6406    1438.69  0.000e+00
     35.403   71.25746 -160.46240    -1.6704    32.6410    1438.69  0.000e+00
     35.419   71.25746 -160.46240    -1.6700    32.6405    1438.69  0.000e+00
     35.419   71.25746 -160.46240    -1.6702    32.6406    1438.69  0.000e+00
     35.465   71.25746 -160.46240    -1.6702    32.6410    1438.69  0.000e+00
     35.473   71.25746 -160.46240    -1.6704    32.6407    1438.69  0.000e+00
     35.465   71.25746 -160.46240    -1.6700    32.6405    1438.69  0.000e+00
     35.473   71.25746 -160.46240    -1.6704    32.6411    1438.69  0.000e+00
     35.473   71.25746 -160.46240    -1.6703    32.6409    1438.69  0.000e+00
     35.519   71.25746 -160.46240    -1.6702    32.6410    1438.69  0.000e+00
     35.534   71.25746 -160.46240    -1.6704    32.6413    1438.69  0.000e+00
     35.534   71.25746 -160.46240    -1.6700    32.6405    1438.69  0.000e+00
     35.519   71.25746 -160.46240    -1.6704    32.6410    1438.69  0.000e+00
     35.588   71.25746 -160.46240    -1.6704    32.6410    1438.69  0.000e+00
     35.534   71.25746 -160.46240    -1.6702    32.6404    1438.69  0.000e+00
     35.635   71.25746 -160.46240    -1.6703    32.6409    1438.69  0.000e+00
     35.588   71.25746 -160.46240    -1.6700    32.6407    1438.69  0.000e+00
     35.581   71.25746 -160.46240    -1.6700    32.6406    1438.69  0.000e+00
     35.650   71.25746 -160.46240    -1.6702    32.6408    1438.69  0.000e+00
     35.704   71.25746 -160.46240    -1.6704    32.6409    1438.69  0.000e+00
     35.635   71.25746 -160.46240    -1.6704    32.6410    1438.69  0.000e+00
     35.650   71.25746 -160.46240    -1.6702    32.6410    1438.69  0.000e+00
     35.704   71.25746 -160.46240    -1.6703    32.6411    1438.69  0.000e+00
     35.696   71.25746 -160.46240    -1.6702    32.6412    1438.69  0.000e+00
     35.704   71.25746 -160.46240    -1.6704    32.6413    1438.69  0.000e+00
     35.704   71.25746 -160.46240    -1.6704    32.6412    1438.69  0.000e+00
     35.750   71.25746 -160.46240    -1.6702    32.6410    1438.69  0.000e+00
     35.704   71.25746 -160.46240    -1.6702    32.6410    1438.69  0.000e+00
     35.696   71.25746 -160.46240    -1.6705    32.6411    1438.69  0.000e+00
     35.820   71.25746 -160.46240    -1.6704    32.6412    1438.70  0.000e+00
     35.758   71.25746 -160.46240    -1.6704    32.6415    1438.69  0.000e+00
     35.750   71.25746 -160.46240    -1.6705    32.6414    1438.69  0.000e+00
     35.758   71.25746 -160.46240    -1.6702    32.6414    1438.70  0.000e+00
     35.820   71.25746 -160.46240    -1.6707    32.6414    1438.69  0.000e+00
     35.804   71.25746 -160.46240    -1.6702    32.6409    1438.70  0.000e+00
     35.820   71.25746 -160.46240    -1.6702    32.6414    1438.70  0.000e+00
     35.874   71.25746 -160.46240    -1.6703    32.6413    1438.70  0.000e+00
     35.866   71.25746 -160.46240    -1.6705    32.6417    1438.70  0.000e+00
     35.820   71.25746 -160.46240    -1.6702    32.6415    1438.70  0.000e+00
     35.874   71.25746 -160.46240    -1.6702    32.6415    1438.70  0.000e+00
     35.866   71.25746 -160.46240    -1.6704    32.6417    1438.70  0.000e+00
     35.874   71.25746 -160.46240    -1.6704    32.6414    1438.70  0.000e+00
     35.874   71.25746 -160.46240    -1.6705    32.6419    1438.70  0.000e+00
     35.920   71.25746 -160.46240    -1.6706    32.6421    1438.70  0.000e+00
     35.874   71.25746 -160.46240    -1.6707    32.6420    1438.70  0.000e+00
     35.920   71.25746 -160.46240    -1.6705    32.6413    1438.70  0.000e+00
     35.935   71.25746 -160.46240    -1.6705    32.6414    1438.70  0.000e+00
     35.935   71.25746 -160.46240    -1.6704    32.6409    1438.70  0.000e+00
     35.920   71.25746 -160.46240    -1.6704    32.6412    1438.70  0.000e+00
     35.935   71.25746 -160.46240    -1.6705    32.6417    1438.70  0.000e+00
     35.935   71.25746 -160.46240    -1.6703    32.6415    1438.70  0.000e+00
     35.982   71.25746 -160.46240    -1.6702    32.6410    1438.70  0.000e+00
     35.989   71.25746 -160.46240    -1.6705    32.6413    1438.70  0.000e+00
     35.989   71.25746 -160.46240    -1.6702    32.6411    1438.70  0.000e+00
     35.982   71.25746 -160.46240    -1.6704    32.6413    1438.70  0.000e+00
     35.989   71.25746 -160.46240    -1.6707    32.6418    1438.70  0.000e+00
     36.051   71.25746 -160.46240    -1.6704    32.6416    1438.70  0.000e+00
     35.982   71.25746 -160.46240    -1.6703    32.6408    1438.70  0.000e+00
     35.989   71.25746 -160.46240    -1.6704    32.6410    1438.70  0.000e+00
     35.982   71.25746 -160.46240    -1.6704    32.6408    1438.70  0.000e+00
     36.105   71.25746 -160.46240    -1.6704    32.6408    1438.70  0.000e+00
     36.051   71.25746 -160.46240    -1.6704    32.6405    1438.70  0.000e+00
     36.036   71.25746 -160.46240    -1.6705    32.6403    1438.70  0.000e+00
     36.051   71.25746 -160.46240    -1.6704    32.6401    1438.70  0.000e+00
     36.051   71.25746 -160.46240    -1.6703    32.6402    1438.70  0.000e+00
     36.097   71.25746 -160.46240    -1.6704    32.6406    1438.70  0.000e+00
     36.051   71.25746 -160.46240    -1.6704    32.6409    1438.70  0.000e+00
     36.051   71.25746 -160.46240    -1.6702    32.6406    1438.70  0.000e+00
     36.097   71.25746 -160.46240    -1.6700    32.6409    1438.70  0.000e+00
     36.105   71.25746 -160.46240    -1.6702    32.6416    1438.70  0.000e+00
     36.105   71.25746 -160.46240    -1.6704    32.6416    1438.70  0.000e+00
     36.097   71.25746 -160.46240    -1.6703    32.6414    1438.70  0.000e+00
     36.105   71.25746 -160.46240    -1.6704    32.6413    1438.70  0.000e+00
     36.105   71.25746 -160.46240    -1.6704    32.6415    1438.70  0.000e+00
     36.151   71.25746 -160.46240    -1.6702    32.6413    1438.70  0.000e+00
     36.105   71.25746 -160.46240    -1.6705    32.6412    1438.70  0.000e+00
     36.159   71.25746 -160.46240    -1.6702    32.6405    1438.70  0.000e+00
     36.151   71.25746 -160.46240    -1.6705    32.6409    1438.70  0.000e+00
     36.105   71.25746 -160.46240    -1.6703    32.6408    1438.70  0.000e+00
     36.151   71.25746 -160.46240    -1.6702    32.6409    1438.70  0.000e+00
     36.159   71.25746 -160.46240    -1.6704    32.6410    1438.70  0.000e+00
     36.159   71.25746 -160.46240    -1.6702    32.6408    1438.70  0.000e+00
     36.205   71.25746 -160.46240    -1.6700    32.6401    1438.70  0.000e+00
     36.159   71.25746 -160.46240    -1.6702    32.6404    1438.70  0.000e+00
     36.221   71.25746 -160.46240    -1.6704    32.6408    1438.70  0.000e+00
     36.151   71.25746 -160.46240    -1.6703    32.6410    1438.70  0.000e+00
     36.221   71.25746 -160.46240    -1.6704    32.6409    1438.70  0.000e+00
     36.221   71.25746 -160.46240    -1.6704    32.6411    1438.70  0.000e+00
     36.205   71.25746 -160.46240    -1.6704    32.6412    1438.70  0.000e+00
     36.221   71.25746 -160.46240    -1.6704    32.6407    1438.70  0.000e+00
     36.221   71.25746 -160.46240    -1.6702    32.6406    1438.70  0.000e+00
     36.267   71.25746 -160.46240    -1.6704    32.6404    1438.70  0.000e+00
     36.275   71.25746 -160.46240    -1.6701    32.6404    1438.70  0.000e+00
     36.221   71.25746 -160.46240    -1.6704    32.6404    1438.70  0.000e+00
     36.267   71.25746 -160.46240    -1.6702    32.6407    1438.70  0.000e+00
     36.275   71.25746 -160.46240    -1.6702    32.6403    1438.70  0.000e+00
     36.275   71.25746 -160.46240    -1.6704    32.6411    1438.70  0.000e+00
     36.321   71.25746 -160.46240    -1.6704    32.6411    1438.70  0.000e+00
     36.275   71.25746 -160.46240    -1.6702    32.6409    1438.70  0.000e+00
     36.336   71.25746 -160.46240    -1.6704    32.6415    1438.70  0.000e+00
     36.321   71.25746 -160.46240    -1.6702    32.6415    1438.70  0.000e+00
     36.336   71.25746 -160.46240    -1.6702    32.6412    1438.70  0.000e+00
     36.383   71.25746 -160.46240    -1.6704    32.6415    1438.70  0.000e+00
