EcoFOCI/data/1_SampleCollection/2023_SikuliaqDBO_CruiseData/CTD_raw_BottleFile_SKQ23-12S/proc/skq202312s_007avg.cnv
* Sea-Bird SBE 9 Data File:
* FileName = D:\CTD\SKQ202312S\SKQ202312S_007.hex
* Software Version Seasave V 7.26.7.121
* Temperature SN = 6177
* Conductivity SN = 0369
* Number of Bytes Per Scan = 41
* Number of Voltage Words = 4
* Number of Scans Averaged by the Deck Unit = 1
* NMEA Latitude = 62 33.56 N
* NMEA Longitude = 173 33.01 W
* NMEA UTC (Time) = Sep 16 2023  04:45:18
* NMEA baud rate = 4800
** Ship: R/V Sikuliaq
** Station Number: 007
** Station Name: DBO1.6
** Bottom Depth: 65
** Operator: SD
# nquan = 25
# nvalues = 61                          
# units = specified
# name 0 = depSM: Depth [salt water, m]
# name 1 = latitude: Latitude [deg]
# name 2 = longitude: Longitude [deg]
# name 3 = prDM: Pressure, Digiquartz [db]
# name 4 = t090C: Temperature [ITS-90, deg C]
# name 5 = t190C: Temperature, 2 [ITS-90, deg C]
# name 6 = potemp090C: Potential Temperature [ITS-90, deg C]
# name 7 = sal00: Salinity, Practical [PSU]
# name 8 = sal11: Salinity, Practical, 2 [PSU]
# name 9 = density00: Density [density, kg/m^3]
# name 10 = sigma-é00: Density [sigma-theta, kg/m^3]
# name 11 = sbox0Mm/Kg: Oxygen, SBE 43 [umol/kg]
# name 12 = sbox1Mm/Kg: Oxygen, SBE 43, 2 [umol/kg]
# name 13 = oxsolMm/Kg: Oxygen Saturation, Garcia & Gordon [umol/kg]
# name 14 = sbeox0PS: Oxygen, SBE 43 [% saturation]
# name 15 = sbeox1PS: Oxygen, SBE 43, 2 [% saturation]
# name 16 = v0: Voltage 0
# name 17 = flECO-AFL: Fluorescence, WET Labs ECO-AFL/FL [mg/m^3]
# name 18 = v1: Voltage 1
# name 19 = CStarAt0: Beam Attenuation, WET Labs C-Star [1/m]
# name 20 = par: PAR/Irradiance, Biospherical/Licor
# name 21 = scan: Scan Count
# name 22 = timeM: Time, Elapsed [minutes]
# name 23 = nbin: number of scans per bin
# name 24 = flag: flag
# span 0 =      1.981,     61.394       
# span 1 =   62.55918,   62.55922       
# span 2 = -173.55037, -173.55032       
# span 3 =      2.000,     62.000       
# span 4 =    -1.5131,     7.6650       
# span 5 =    -1.5119,     7.6657       
# span 6 =    -1.5141,     7.6646       
# span 7 =    31.0388,    31.9040       
# span 8 =    31.0481,    31.9205       
# span 9 =  1024.2281,  1025.9454       
# span 10 =    24.2111,    25.6579      
# span 11 =    278.807,    399.613      
# span 12 =    264.174,    356.835      
# span 13 =  297.56603,  371.14174      
# span 14 =     75.124,    109.995      
# span 15 =     71.189,     97.597      
# span 16 =     0.0842,     0.3339      
# span 17 =     0.1575,     1.6552      
# span 18 =     3.1106,     4.1422      
# span 19 =     0.5158,     1.6619      
# span 20 = 2.0080e-06, 8.2209e+01      
# span 21 =        450,       7001      
# span 22 =     0.3119,     4.8608      
# span 23 =         22,        829      
# span 24 = 0.0000e+00, 0.0000e+00      
# interval = decibars: 1                
# start_time = Sep 16 2023 04:49:28 [NMEA time, first data scan]
# bad_flag = -9.990e-29
*END*
      1.981   62.55918 -173.55037      2.000     7.6508     7.6533     7.6506    31.0470    31.0553  1024.2287    24.2195    291.397    277.518  297.64422     97.901     93.249     0.1970     0.8341     3.9538     0.7021 8.2209e+01        450     0.3119        829 0.0000e+00
      2.971   62.55918 -173.55036      3.000     7.6598     7.6634     7.6595    31.0420    31.0498  1024.2281    24.2143    291.344    277.295  297.59409     97.900     93.192     0.1943     0.8177     3.9551     0.7008 6.6076e+01        835     0.5789        152 0.0000e+00
      3.961   62.55918 -173.55036      4.000     7.6650     7.6657     7.6646    31.0388    31.0481  1024.2295    24.2111    291.539    278.032  297.56603     97.974     93.443     0.1955     0.8250     3.9555     0.7004 5.3740e+01       1037     0.7197        109 0.0000e+00
      4.952   62.55919 -173.55036      5.000     7.6570     7.6560     7.6565    31.0398    31.0507  1024.2360    24.2131    291.503    277.406  297.61816     97.945     93.214     0.1970     0.8337     3.9559     0.7000 4.4064e+01       1163     0.8072        122 0.0000e+00
      5.942   62.55919 -173.55036      6.000     7.6217     7.6117     7.6212    31.0572    31.0711  1024.2591    24.2315    291.485    277.436  297.81839     97.874     93.144     0.1981     0.8406     3.9567     0.6992 3.7470e+01       1318     0.9146        142 0.0000e+00
      6.933   62.55920 -173.55036      7.000     7.6195     7.6109     7.6189    31.0585    31.0763  1024.2650    24.2329    291.756    277.077  297.83033     97.960     93.026     0.1966     0.8314     3.9561     0.6998 3.1312e+01       1431     0.9932        157 0.0000e+00
      7.923   62.55920 -173.55036      8.000     7.5437     7.5474     7.5430    31.1143    31.1235  1024.3238    24.2871    292.166    277.588  298.22258     97.969     93.095     0.2000     0.8521     3.9524     0.7036 2.5862e+01       1552     1.0768         91 0.0000e+00
      8.913   62.55920 -173.55036      9.000     7.4903     7.4878     7.4895    31.1399    31.1511  1024.3557    24.3144    292.872    278.622  298.52911     98.105     93.334     0.2108     0.9171     3.9518     0.7042 2.2909e+01       1734     1.2033         99 0.0000e+00
      9.904   62.55920 -173.55036     10.000     7.4730     7.4781     7.4721    31.1478    31.1581  1024.3689    24.3230    292.539    277.529  298.62999     97.960     92.952     0.2214     0.9803     3.9613     0.6946 1.9210e+01       1844     1.2801        188 0.0000e+00
     10.894   62.55920 -173.55036     11.000     7.5017     7.5054     7.5007    31.1716    31.1808  1024.3883    24.3378    292.600    278.207  298.38304     98.062     93.252     0.2470     1.1340     3.9637     0.6922 1.6360e+01       2001     1.3887         66 0.0000e+00
     11.884   62.55920 -173.55035     12.000     7.5225     7.5234     7.5214    31.1807    31.1898  1024.3973    24.3422    291.680    277.714  298.22142     97.807     93.132     0.2229     0.9892     3.9564     0.6995 1.4145e+01       2103     1.4594        176 0.0000e+00
     12.874   62.55920 -173.55034     13.000     7.5210     7.5223     7.5198    31.1846    31.1938  1024.4051    24.3454    291.509    277.448  298.22358     97.749     93.043     0.2147     0.9405     3.9600     0.6959 1.1929e+01       2220     1.5408         35 0.0000e+00
     13.865   62.55920 -173.55034     14.000     7.5122     7.5129     7.5109    31.1852    31.1945  1024.4114    24.3471    291.644    278.059  298.28185     97.775     93.228     0.2005     0.8549     3.9669     0.6889 1.0196e+01       2250     1.5618         38 0.0000e+00
     14.855   62.55920 -173.55034     15.000     7.5113     7.5124     7.5099    31.1866    31.1959  1024.4172    24.3483    291.948    277.001  298.28472     97.875     92.873     0.2065     0.8912     3.9708     0.6850 9.2283e+00       2313     1.6057         84 0.0000e+00
     15.845   62.55920 -173.55034     16.000     7.5033     7.5042     7.5018    31.1870    31.1963  1024.4232    24.3497    291.974    277.965  298.33823     97.867     93.179     0.2080     0.8999     3.9741     0.6817 8.2842e+00       2399     1.6649         76 0.0000e+00
     16.836   62.55920 -173.55034     17.000     7.4897     7.4909     7.4882    31.1922    31.2017  1024.4337    24.3557    292.346    278.221  298.41891     97.965     93.241     0.2071     0.8945     3.9732     0.6825 6.9623e+00       2449     1.7003         33 0.0000e+00
     17.826   62.55920 -173.55034     18.000     7.4768     7.4780     7.4752    31.1964    31.2064  1024.4434    24.3608    292.408    277.825  298.49744     97.960     93.084     0.2045     0.8793     3.9826     0.6731 6.0863e+00       2477     1.7195         24 0.0000e+00
     18.816   62.55922 -173.55034     19.000     7.4557     7.4568     7.4540    31.1974    31.2069  1024.4517    24.3644    292.371    277.770  298.63901     97.901     93.021     0.2087     0.9040     3.9876     0.6680 5.4034e+00       2506     1.7394         36 0.0000e+00
     19.806   62.55921 -173.55034     20.000     7.4577     7.4500     7.4559    31.1981    31.2086  1024.4565    24.3647    292.244    277.869  298.62386     97.864     93.041     0.2289     1.0255     3.9910     0.6647 4.9184e+00       2583     1.7933         91 0.0000e+00
     20.797   62.55922 -173.55034     21.000     7.4290     7.4306     7.4272    31.2058    31.2150  1024.4711    24.3747    292.263    278.228  298.80190     97.812     93.124     0.2225     0.9871     3.9922     0.6635 4.1576e+00       2637     1.8308         35 0.0000e+00
     21.787   62.55922 -173.55034     22.000     7.4101     7.4111     7.4081    31.2116    31.2211  1024.4828    24.3818    292.526    277.085  298.91854     97.861     92.705     0.2240     0.9960     4.0030     0.6527 3.5911e+00       2674     1.8562         39 0.0000e+00
     22.777   62.55922 -173.55034     23.000     7.3242     7.3253     7.3221    31.2212    31.2330  1024.5065    24.4009    293.373    278.336  299.48394     97.960     92.949     0.2397     1.0902     4.0039     0.6518 3.1668e+00       2721     1.8891         50 0.0000e+00
     23.768   62.55922 -173.55034     24.000     6.9413     6.9552     6.9393    31.2319    31.2478  1024.5699    24.4594    295.230    278.990  302.10655     97.724     92.388     0.2912     1.3988     3.9983     0.6573 2.9002e+00       2775     1.9267         53 0.0000e+00
     24.758   62.55922 -173.55034     25.000     4.8620     4.8514     4.8602    31.3381    31.4289  1024.8984    24.7820    308.424    294.029  317.11094     97.264     92.759     0.3339     1.6552     4.0059     0.6499 2.4928e+00       2823     1.9598         40 0.0000e+00
     25.748   62.55922 -173.55034     26.000     2.5519     2.5243     2.5505    31.5583    31.6400  1025.2941    25.1715    319.381    302.718  334.89044     95.374     90.412     0.2550     1.1822     4.0859     0.5707 2.1376e+00       2860     1.9851         34 0.0000e+00
     26.738   62.55922 -173.55034     27.000     0.1529     0.1815     0.1521    31.7613    31.8141  1025.6103    25.4811    360.000    315.279  355.55096    101.204     88.778     0.2331     1.0505     4.1219     0.5356 1.8790e+00       2905     2.0169         64 0.0000e+00
     27.729   62.55922 -173.55034     28.000    -0.6910    -0.7093    -0.6917    31.7745    31.8174  1025.6647    25.5301    399.613    353.397  363.37391    109.995     97.255     0.2372     1.0749     4.1190     0.5384 1.6922e+00       2982     2.0700         57 0.0000e+00
     28.719   62.55922 -173.55033     29.000    -0.9462    -0.9410    -0.9469    31.8052    31.8406  1025.7025    25.5628    380.638    356.835  365.77641    104.065     97.597     0.2178     0.9588     4.1395     0.5185 1.4682e+00       3016     2.0941         30 0.0000e+00
     29.709   62.55922 -173.55033     30.000    -1.0691    -1.0649    -1.0697    31.8157    31.8490  1025.7196    25.5749    371.734    355.166  366.94991    101.305     96.826     0.2101     0.9129     4.1422     0.5158 1.3112e+00       3051     2.1181         41 0.0000e+00
     30.699   62.55922 -173.55034     31.000    -1.1313    -1.1291    -1.1319    31.8197    31.8475  1025.7295    25.5799    360.960    345.239  367.55002     98.207     93.956     0.2100     0.9123     4.1216     0.5359 1.2120e+00       3106     2.1561         64 0.0000e+00
     31.690   62.55922 -173.55034     32.000    -1.2094    -1.2103    -1.2100    31.8234    31.8511  1025.7395    25.5851    347.392    334.072  368.31041     94.321     90.722     0.1939     0.8156     4.1230     0.5345 1.0717e+00       3162     2.1950         47 0.0000e+00
     32.680   62.55922 -173.55032     33.000    -1.2914    -1.2901    -1.2920    31.8360    31.8616  1025.7567    25.5974    341.795    328.371  369.08669     92.606     88.990     0.1859     0.7675     4.1066     0.5504 9.6117e-01       3206     2.2254         39 0.0000e+00
     33.670   62.55922 -173.55032     34.000    -1.3559    -1.3560    -1.3565    31.8632    31.8873  1025.7853    25.6211    336.590    322.685  369.64872     91.057     87.312     0.1750     0.7018     4.0608     0.5954 8.7172e-01       3245     2.2526         40 0.0000e+00
     34.660   62.55922 -173.55034     35.000    -1.3958    -1.3943    -1.3964    31.8806    31.9020  1025.8053    25.6362    323.457    310.538  369.99536     87.422     83.948     0.1589     0.6051     3.9768     0.6791 8.0181e-01       3306     2.2949         86 0.0000e+00
     35.650   62.55922 -173.55032     36.000    -1.4193    -1.4179    -1.4199    31.8852    31.9053  1025.8145    25.6406    307.333    294.936  370.21583     83.014     79.681     0.1442     0.5172     3.9374     0.7188 7.2333e-01       3373     2.3414         37 0.0000e+00
     36.641   62.55922 -173.55032     37.000    -1.4381    -1.4371    -1.4387    31.8926    31.9121  1025.8258    25.6470    304.235    291.692  370.38196     82.141     78.768     0.1290     0.4265     3.8858     0.7716 6.4071e-01       3401     2.3614         25 0.0000e+00
     37.631   62.55922 -173.55032     38.000    -1.4661    -1.4650    -1.4668    31.9002    31.9196  1025.8375    25.6538    302.813    289.404  370.64049     81.700     78.096     0.1215     0.3809     3.8269     0.8329 5.6832e-01       3429     2.3802         32 0.0000e+00
     38.621   62.55922 -173.55033     39.000    -1.4657    -1.4620    -1.4664    31.8968    31.9138  1025.8395    25.6511    296.109    282.578  370.64598     79.890     76.257     0.1154     0.3443     3.6561     1.0158 5.1288e-01       3497     2.4280        108 0.0000e+00
     39.611   62.55922 -173.55033     40.000    -1.5087    -1.5061    -1.5094    31.9040    31.9205  1025.8512    25.6579    288.918    275.282  371.05543     77.864     74.204     0.1023     0.2658     3.6798     0.9908 4.5554e-01       3575     2.4818         36 0.0000e+00
     40.601   62.55922 -173.55032     41.000    -1.5092    -1.5082    -1.5099    31.9029    31.9196  1025.8552    25.6570    291.510    277.646  371.06363     78.561     74.836     0.0873     0.1758     3.4285     1.2728 3.8369e-01       3606     2.5037         33 0.0000e+00
     41.591   62.55922 -173.55032     42.000    -1.5096    -1.5082    -1.5103    31.9016    31.9176  1025.8589    25.6559    289.358    276.207  371.07183     77.979     74.448     0.0842     0.1575     3.4089     1.2955 3.2825e-01       3639     2.5266         35 0.0000e+00
     42.582   62.55922 -173.55032     43.000    -1.5111    -1.5099    -1.5118    31.9003    31.9159  1025.8627    25.6549    284.214    271.108  371.09007     76.589     73.069     0.0857     0.1663     3.3624     1.3505 2.6375e-01       3678     2.5534         43 0.0000e+00
     43.572   62.55922 -173.55033     44.000    -1.5113    -1.5100    -1.5120    31.8981    31.9130  1025.8658    25.6531    281.936    267.896  371.09874     75.973     72.201     0.0884     0.1822     3.3410     1.3760 2.0352e-01       3747     2.6014         99 0.0000e+00
     44.562   62.55922 -173.55032     45.000    -1.5116    -1.5101    -1.5124    31.8961    31.9104  1025.8691    25.6516    281.572    267.732  371.10780     75.873     72.155     0.0883     0.1821     3.3575     1.3564 1.6281e-01       3826     2.6561         38 0.0000e+00
     45.552   62.55922 -173.55032     46.000    -1.5121    -1.5107    -1.5129    31.8959    31.9103  1025.8738    25.6514    281.378    266.554  371.11357     75.820     71.836     0.0847     0.1602     3.3154     1.4068 1.2545e-01       3853     2.6751         29 0.0000e+00
     46.542   62.55922 -173.55032     47.000    -1.5125    -1.5114    -1.5133    31.8954    31.9094  1025.8781    25.6509    281.199    266.241  371.11877     75.771     71.750     0.0849     0.1615     3.2945     1.4321 8.5171e-02       3881     2.6946         29 0.0000e+00
     47.532   62.55922 -173.55032     48.000    -1.5126    -1.5114    -1.5134    31.8944    31.9081  1025.8822    25.6502    281.021    266.812  371.12286     75.722     71.903     0.0868     0.1727     3.2915     1.4357 5.6858e-02       3928     2.7273         71 0.0000e+00
     48.523   62.55922 -173.55033     49.000    -1.5125    -1.5115    -1.5133    31.8932    31.9064  1025.8860    25.6492    280.989    266.515  371.12461     75.713     71.822     0.0880     0.1799     3.2885     1.4394 3.3913e-02       4010     2.7840         63 0.0000e+00
     49.513   62.55922 -173.55032     50.000    -1.5127    -1.5117    -1.5136    31.8927    31.9059  1025.8905    25.6488    280.894    265.262  371.12917     75.686     71.484     0.0853     0.1638     3.2714     1.4603 1.8605e-02       4051     2.8127         36 0.0000e+00
     50.503   62.55922 -173.55032     51.000    -1.5129    -1.5117    -1.5138    31.8923    31.9052  1025.8950    25.6484    280.953    266.489  371.13242     75.702     71.814     0.0859     0.1671     3.2537     1.4819 5.6362e-03       4092     2.8408         45 0.0000e+00
     51.493   62.55922 -173.55032     52.000    -1.5130    -1.5117    -1.5139    31.8917    31.9044  1025.8993    25.6480    280.934    266.039  371.13467     75.696     71.692     0.0877     0.1781     3.2360     1.5039 7.0129e-05       4148     2.8796         58 0.0000e+00
     52.483   62.55922 -173.55032     53.000    -1.5131    -1.5119    -1.5140    31.8913    31.9039  1025.9038    25.6477    280.470    265.950  371.13709     75.571     71.668     0.0870     0.1740     3.2303     1.5109 2.2543e-06       4199     2.9151         48 0.0000e+00
     53.473   62.55922 -173.55032     54.000    -1.5131    -1.5119    -1.5141    31.8909    31.9032  1025.9083    25.6473    280.325    265.255  371.13850     75.531     71.480     0.0873     0.1758     3.2116     1.5341 3.1545e-06       4257     2.9553         73 0.0000e+00
     54.463   62.55922 -173.55033     55.000    -1.5118    -1.5102    -1.5128    31.8893    31.9007  1025.9119    25.6460    279.758    265.650  371.12986     75.380     71.588     0.0886     0.1836     3.2066     1.5403 3.0735e-06       4663     3.2373        736 0.0000e+00
     55.453   62.55922 -173.55034     56.000    -1.5128    -1.5117    -1.5137    31.8886    31.8996  1025.9161    25.6454    279.406    265.254  371.14174     75.283     71.478     0.0874     0.1767     3.1955     1.5542 3.7970e-06       5054     3.5087         49 0.0000e+00
     56.444   62.55922 -173.55034     57.000    -1.5123    -1.5112    -1.5133    31.8885    31.8993  1025.9209    25.6454    279.591    265.098  371.13686     75.334     71.437     0.0881     0.1806     3.1910     1.5598 3.1886e-06       5166     3.5866        137 0.0000e+00
     57.434   62.55922 -173.55034     58.000    -1.5126    -1.5114    -1.5136    31.8884    31.8993  1025.9257    25.6453    279.526    264.768  371.13981     75.315     71.348     0.0881     0.1809     3.1890     1.5623 2.1455e-06       5237     3.6362         31 0.0000e+00
