EcoFOCI/data/1_SampleCollection/2023_SikuliaqDBO_CruiseData/CTD_raw_BottleFile_SKQ23-12S/proc/skq202312s_007svp.cnv
* Sea-Bird SBE 9 Data File:
* FileName = D:\CTD\SKQ202312S\SKQ202312S_007.hex
* Software Version Seasave V 7.26.7.121
* Temperature SN = 6177
* Conductivity SN = 0369
* Number of Bytes Per Scan = 41
* Number of Voltage Words = 4
* Number of Scans Averaged by the Deck Unit = 1
* NMEA Latitude = 62 33.56 N
* NMEA Longitude = 173 33.01 W
* NMEA UTC (Time) = Sep 16 2023  04:45:18
* NMEA baud rate = 4800
** Ship: R/V Sikuliaq
** Station Number: 007
** Station Name: DBO1.6
** Bottom Depth: 65
** Operator: SD
# nquan = 7
# nvalues = 7575                                  
# units = specified
# name 0 = depSM: Depth [salt water, m]
# name 1 = latitude: Latitude [deg]
# name 2 = longitude: Longitude [deg]
# name 3 = t090C: Temperature [ITS-90, deg C]
# name 4 = sal00: Salinity, Practical [PSU]
# name 5 = svCM: Sound Velocity [Chen-Millero, m/s]
# name 6 = flag:  0.000e+00
# span 0 =      1.566,     60.986                 
# span 1 =   62.55918,   62.55922                 
# span 2 = -173.55038, -173.55032                 
# span 3 =    -1.5136,     7.6712                 
# span 4 =    31.0334,    31.9096                 
# span 5 =    1438.53,    1476.38                 
# span 6 = 0.0000e+00, 0.0000e+00                 
# interval = seconds: 0.0416667
# start_time = Sep 16 2023 04:49:28 [NMEA time, first data scan]
# bad_flag = -9.990e-29
*END*
[from data line 5129]
     56.236   62.55922 -173.55034    -1.5130    31.8886    1438.76  0.000e+00
     56.236   62.55922 -173.55034    -1.5128    31.8884    1438.76  0.000e+00
     56.236   62.55922 -173.55034    -1.5130    31.8885    1438.76  0.000e+00
     56.236   62.55922 -173.55034    -1.5130    31.8885    1438.76  0.000e+00
     56.236   62.55922 -173.55034    -1.5130    31.8889    1438.76  0.000e+00
     56.236   62.55922 -173.55034    -1.5127    31.8889    1438.76  0.000e+00
     56.236   62.55922 -173.55034    -1.5128    31.8892    1438.76  0.000e+00
     56.228   62.55922 -173.55034    -1.5126    31.8891    1438.76  0.000e+00
     56.236   62.55922 -173.55034    -1.5119    31.8889    1438.77  0.000e+00
     56.174   62.55922 -173.55034    -1.5116    31.8888    1438.77  0.000e+00
     56.236   62.55922 -173.55034    -1.5113    31.8884    1438.77  0.000e+00
     56.236   62.55922 -173.55034    -1.5110    31.8878    1438.77  0.000e+00
     56.174   62.55922 -173.55034    -1.5116    31.8887    1438.77  0.000e+00
     56.236   62.55922 -173.55034    -1.5115    31.8881    1438.77  0.000e+00
     56.236   62.55922 -173.55034    -1.5118    31.8885    1438.77  0.000e+00
     56.228   62.55922 -173.55034    -1.5118    31.8886    1438.77  0.000e+00
     56.236   62.55922 -173.55034    -1.5118    31.8881    1438.77  0.000e+00
     56.236   62.55922 -173.55034    -1.5122    31.8889    1438.77  0.000e+00
     56.236   62.55922 -173.55034    -1.5118    31.8884    1438.77  0.000e+00
     56.236   62.55922 -173.55034    -1.5118    31.8883    1438.77  0.000e+00
     56.236   62.55922 -173.55034    -1.5115    31.8882    1438.77  0.000e+00
     56.290   62.55922 -173.55034    -1.5118    31.8884    1438.77  0.000e+00
     56.236   62.55922 -173.55034    -1.5119    31.8886    1438.77  0.000e+00
     56.228   62.55922 -173.55034    -1.5121    31.8887    1438.77  0.000e+00
     56.236   62.55922 -173.55034    -1.5118    31.8885    1438.77  0.000e+00
     56.290   62.55922 -173.55034    -1.5119    31.8887    1438.77  0.000e+00
     56.236   62.55922 -173.55034    -1.5119    31.8887    1438.77  0.000e+00
     56.236   62.55922 -173.55034    -1.5116    31.8884    1438.77  0.000e+00
     56.236   62.55922 -173.55034    -1.5115    31.8885    1438.77  0.000e+00
     56.236   62.55922 -173.55034    -1.5108    31.8881    1438.77  0.000e+00
     56.236   62.55922 -173.55034    -1.5108    31.8879    1438.77  0.000e+00
     56.290   62.55922 -173.55034    -1.5105    31.8877    1438.77  0.000e+00
     56.228   62.55922 -173.55034    -1.5108    31.8883    1438.77  0.000e+00
     56.290   62.55922 -173.55034    -1.5110    31.8886    1438.77  0.000e+00
     56.236   62.55922 -173.55034    -1.5110    31.8886    1438.77  0.000e+00
     56.290   62.55922 -173.55034    -1.5110    31.8881    1438.77  0.000e+00
     56.290   62.55922 -173.55034    -1.5116    31.8887    1438.77  0.000e+00
     56.290   62.55922 -173.55034    -1.5115    31.8887    1438.77  0.000e+00
     56.290   62.55922 -173.55034    -1.5116    31.8887    1438.77  0.000e+00
     56.352   62.55922 -173.55034    -1.5115    31.8891    1438.77  0.000e+00
     56.290   62.55922 -173.55034    -1.5113    31.8883    1438.77  0.000e+00
     56.290   62.55922 -173.55034    -1.5110    31.8884    1438.77  0.000e+00
     56.290   62.55922 -173.55034    -1.5112    31.8885    1438.77  0.000e+00
     56.290   62.55922 -173.55034    -1.5116    31.8885    1438.77  0.000e+00
     56.290   62.55922 -173.55034    -1.5115    31.8883    1438.77  0.000e+00
     56.290   62.55922 -173.55034    -1.5116    31.8889    1438.77  0.000e+00
     56.352   62.55922 -173.55034    -1.5116    31.8885    1438.77  0.000e+00
     56.352   62.55922 -173.55034    -1.5115    31.8884    1438.77  0.000e+00
     56.290   62.55922 -173.55034    -1.5112    31.8884    1438.77  0.000e+00
     56.352   62.55922 -173.55034    -1.5110    31.8883    1438.77  0.000e+00
     56.352   62.55922 -173.55034    -1.5116    31.8881    1438.77  0.000e+00
     56.352   62.55922 -173.55034    -1.5119    31.8881    1438.77  0.000e+00
     56.352   62.55922 -173.55034    -1.5122    31.8882    1438.77  0.000e+00
     56.352   62.55922 -173.55034    -1.5127    31.8888    1438.77  0.000e+00
     56.406   62.55922 -173.55034    -1.5126    31.8883    1438.77  0.000e+00
     56.406   62.55922 -173.55034    -1.5124    31.8882    1438.77  0.000e+00
     56.406   62.55922 -173.55034    -1.5124    31.8887    1438.77  0.000e+00
     56.406   62.55922 -173.55034    -1.5126    31.8886    1438.77  0.000e+00
     56.406   62.55922 -173.55034    -1.5127    31.8890    1438.77  0.000e+00
     56.406   62.55922 -173.55034    -1.5126    31.8884    1438.77  0.000e+00
     56.467   62.55922 -173.55034    -1.5127    31.8885    1438.77  0.000e+00
     56.406   62.55922 -173.55034    -1.5127    31.8884    1438.77  0.000e+00
     56.467   62.55922 -173.55034    -1.5126    31.8885    1438.77  0.000e+00
     56.460   62.55922 -173.55034    -1.5126    31.8887    1438.77  0.000e+00
     56.467   62.55922 -173.55034    -1.5127    31.8886    1438.77  0.000e+00
     56.467   62.55922 -173.55034    -1.5127    31.8885    1438.77  0.000e+00
     56.521   62.55922 -173.55034    -1.5124    31.8882    1438.77  0.000e+00
     56.521   62.55922 -173.55034    -1.5126    31.8886    1438.77  0.000e+00
     56.521   62.55922 -173.55034    -1.5126    31.8884    1438.77  0.000e+00
     56.575   62.55922 -173.55034    -1.5127    31.8887    1438.77  0.000e+00
     56.575   62.55922 -173.55034    -1.5124    31.8884    1438.77  0.000e+00
     56.575   62.55922 -173.55034    -1.5126    31.8882    1438.77  0.000e+00
     56.575   62.55922 -173.55034    -1.5126    31.8885    1438.77  0.000e+00
     56.637   62.55922 -173.55034    -1.5128    31.8889    1438.77  0.000e+00
     56.637   62.55922 -173.55034    -1.5126    31.8884    1438.77  0.000e+00
     56.691   62.55922 -173.55034    -1.5127    31.8884    1438.77  0.000e+00
     56.637   62.55922 -173.55034    -1.5126    31.8883    1438.77  0.000e+00
     56.691   62.55922 -173.55034    -1.5127    31.8888    1438.77  0.000e+00
     56.691   62.55922 -173.55034    -1.5127    31.8885    1438.77  0.000e+00
     56.745   62.55922 -173.55034    -1.5128    31.8883    1438.77  0.000e+00
     56.753   62.55922 -173.55034    -1.5127    31.8885    1438.77  0.000e+00
     56.807   62.55922 -173.55034    -1.5128    31.8888    1438.77  0.000e+00
     56.753   62.55922 -173.55034    -1.5128    31.8886    1438.77  0.000e+00
     56.807   62.55922 -173.55034    -1.5128    31.8883    1438.77  0.000e+00
     56.869   62.55922 -173.55034    -1.5127    31.8882    1438.77  0.000e+00
     56.869   62.55922 -173.55034    -1.5128    31.8885    1438.77  0.000e+00
     56.861   62.55922 -173.55034    -1.5126    31.8882    1438.77  0.000e+00
     56.869   62.55922 -173.55034    -1.5127    31.8885    1438.77  0.000e+00
     56.923   62.55922 -173.55034    -1.5128    31.8885    1438.77  0.000e+00
     56.977   62.55922 -173.55034    -1.5128    31.8886    1438.77  0.000e+00
     56.977   62.55922 -173.55034    -1.5124    31.8882    1438.78  0.000e+00
     57.038   62.55922 -173.55034    -1.5127    31.8882    1438.78  0.000e+00
     57.038   62.55922 -173.55034    -1.5127    31.8886    1438.78  0.000e+00
     57.031   62.55922 -173.55034    -1.5126    31.8884    1438.78  0.000e+00
     57.093   62.55922 -173.55034    -1.5126    31.8883    1438.78  0.000e+00
     57.093   62.55922 -173.55034    -1.5127    31.8887    1438.78  0.000e+00
     57.093   62.55922 -173.55034    -1.5126    31.8883    1438.78  0.000e+00
     57.208   62.55922 -173.55034    -1.5127    31.8884    1438.78  0.000e+00
     57.208   62.55922 -173.55034    -1.5128    31.8883    1438.78  0.000e+00
     57.208   62.55922 -173.55034    -1.5127    31.8883    1438.78  0.000e+00
     57.201   62.55922 -173.55034    -1.5126    31.8885    1438.78  0.000e+00
     57.324   62.55922 -173.55034    -1.5124    31.8883    1438.78  0.000e+00
     57.324   62.55922 -173.55034    -1.5126    31.8885    1438.78  0.000e+00
     57.324   62.55922 -173.55034    -1.5127    31.8886    1438.78  0.000e+00
     57.378   62.55922 -173.55034    -1.5126    31.8882    1438.78  0.000e+00
     57.378   62.55922 -173.55034    -1.5124    31.8884    1438.78  0.000e+00
     57.440   62.55922 -173.55034    -1.5126    31.8885    1438.78  0.000e+00
     57.494   62.55922 -173.55034    -1.5124    31.8882    1438.78  0.000e+00
     57.494   62.55922 -173.55034    -1.5124    31.8882    1438.78  0.000e+00
     57.556   62.55922 -173.55034    -1.5126    31.8885    1438.79  0.000e+00
     57.556   62.55922 -173.55034    -1.5126    31.8886    1438.79  0.000e+00
     57.610   62.55922 -173.55034    -1.5126    31.8886    1438.79  0.000e+00
     57.671   62.55922 -173.55034    -1.5124    31.8886    1438.79  0.000e+00
     57.671   62.55922 -173.55034    -1.5126    31.8886    1438.79  0.000e+00
     57.718   62.55922 -173.55034    -1.5126    31.8889    1438.79  0.000e+00
     57.725   62.55922 -173.55034    -1.5124    31.8880    1438.79  0.000e+00
     57.841   62.55922 -173.55034    -1.5124    31.8883    1438.79  0.000e+00
     57.779   62.55922 -173.55034    -1.5126    31.8885    1438.79  0.000e+00
     57.841   62.55922 -173.55034    -1.5126    31.8882    1438.79  0.000e+00
     57.895   62.55922 -173.55034    -1.5126    31.8883    1438.79  0.000e+00
     57.949   62.55922 -173.55034    -1.5126    31.8888    1438.79  0.000e+00
     57.957   62.55922 -173.55034    -1.5127    31.8888    1438.79  0.000e+00
     58.011   62.55922 -173.55034    -1.5126    31.8884    1438.79  0.000e+00
     58.011   62.55922 -173.55034    -1.5126    31.8886    1438.79  0.000e+00
     58.073   62.55922 -173.55034    -1.5127    31.8886    1438.79  0.000e+00
     58.127   62.55922 -173.55034    -1.5126    31.8887    1438.79  0.000e+00
     58.181   62.55922 -173.55034    -1.5126    31.8888    1438.80  0.000e+00
     58.127   62.55922 -173.55034    -1.5128    31.8892    1438.79  0.000e+00
     58.243   62.55922 -173.55034    -1.5124    31.8884    1438.80  0.000e+00
     58.297   62.55922 -173.55034    -1.5124    31.8885    1438.80  0.000e+00
     58.297   62.55922 -173.55034    -1.5124    31.8881    1438.80  0.000e+00
     58.297   62.55922 -173.55034    -1.5127    31.8872    1438.79  0.000e+00
     58.351   62.55922 -173.55034    -1.5126    31.8882    1438.80  0.000e+00
     58.474   62.55922 -173.55034    -1.5126    31.8887    1438.80  0.000e+00
     58.412   62.55922 -173.55034    -1.5124    31.8885    1438.80  0.000e+00
     58.474   62.55922 -173.55034    -1.5126    31.8887    1438.80  0.000e+00
     58.528   62.55922 -173.55034    -1.5126    31.8886    1438.80  0.000e+00
     58.528   62.55922 -173.55034    -1.5124    31.8888    1438.80  0.000e+00
     58.636   62.55922 -173.55034    -1.5124    31.8885    1438.80  0.000e+00
     58.590   62.55922 -173.55034    -1.5122    31.8886    1438.80  0.000e+00
     58.644   62.55922 -173.55034    -1.5124    31.8887    1438.80  0.000e+00
     58.698   62.55922 -173.55034    -1.5122    31.8884    1438.81  0.000e+00
     58.698   62.55922 -173.55034    -1.5122    31.8884    1438.81  0.000e+00
     58.760   62.55922 -173.55034    -1.5124    31.8886    1438.81  0.000e+00
     58.806   62.55922 -173.55034    -1.5124    31.8885    1438.81  0.000e+00
     58.814   62.55922 -173.55034    -1.5121    31.8880    1438.81  0.000e+00
     58.876   62.55922 -173.55034    -1.5126    31.8891    1438.81  0.000e+00
     58.876   62.55922 -173.55034    -1.5124    31.8888    1438.81  0.000e+00
     58.930   62.55922 -173.55034    -1.5122    31.8886    1438.81  0.000e+00
     58.922   62.55922 -173.55034    -1.5124    31.8888    1438.81  0.000e+00
     58.991   62.55922 -173.55034    -1.5124    31.8885    1438.81  0.000e+00
     58.991   62.55922 -173.55034    -1.5121    31.8877    1438.81  0.000e+00
     59.045   62.55922 -173.55034    -1.5122    31.8885    1438.81  0.000e+00
     59.045   62.55922 -173.55034    -1.5121    31.8888    1438.81  0.000e+00
     59.099   62.55922 -173.55034    -1.5122    31.8888    1438.81  0.000e+00
     59.099   62.55922 -173.55034    -1.5122    31.8887    1438.81  0.000e+00
     59.161   62.55922 -173.55034    -1.5122    31.8883    1438.81  0.000e+00
     59.161   62.55922 -173.55034    -1.5121    31.8882    1438.81  0.000e+00
     59.215   62.55922 -173.55034    -1.5122    31.8884    1438.81  0.000e+00
     59.215   62.55922 -173.55034    -1.5124    31.8886    1438.81  0.000e+00
     59.269   62.55922 -173.55034    -1.5122    31.8887    1438.81  0.000e+00
     59.215   62.55922 -173.55034    -1.5121    31.8884    1438.81  0.000e+00
     59.331   62.55922 -173.55034    -1.5122    31.8883    1438.82  0.000e+00
     59.277   62.55922 -173.55034    -1.5122    31.8886    1438.81  0.000e+00
     59.331   62.55922 -173.55034    -1.5124    31.8886    1438.81  0.000e+00
     59.393   62.55922 -173.55034    -1.5124    31.8887    1438.82  0.000e+00
     59.323   62.55922 -173.55034    -1.5122    31.8886    1438.82  0.000e+00
     59.331   62.55922 -173.55034    -1.5124    31.8886    1438.81  0.000e+00
     59.393   62.55922 -173.55034    -1.5124    31.8882    1438.82  0.000e+00
     59.331   62.55922 -173.55034    -1.5124    31.8889    1438.82  0.000e+00
     59.393   62.55922 -173.55034    -1.5122    31.8884    1438.82  0.000e+00
     59.439   62.55922 -173.55034    -1.5124    31.8887    1438.82  0.000e+00
     59.393   62.55922 -173.55034    -1.5124    31.8885    1438.82  0.000e+00
     59.447   62.55922 -173.55034    -1.5124    31.8887    1438.82  0.000e+00
     59.393   62.55922 -173.55034    -1.5124    31.8883    1438.82  0.000e+00
     59.447   62.55922 -173.55034    -1.5122    31.8884    1438.82  0.000e+00
     59.439   62.55922 -173.55034    -1.5122    31.8886    1438.82  0.000e+00
     59.501   62.55922 -173.55034    -1.5122    31.8885    1438.82  0.000e+00
     59.447   62.55922 -173.55034    -1.5118    31.8881    1438.82  0.000e+00
     59.501   62.55922 -173.55034    -1.5119    31.8884    1438.82  0.000e+00
     59.501   62.55922 -173.55034    -1.5121    31.8884    1438.82  0.000e+00
     59.501   62.55922 -173.55034    -1.5119    31.8886    1438.82  0.000e+00
     59.501   62.55922 -173.55034    -1.5119    31.8888    1438.82  0.000e+00
     59.447   62.55922 -173.55034    -1.5121    31.8890    1438.82  0.000e+00
     59.501   62.55922 -173.55034    -1.5118    31.8883    1438.82  0.000e+00
     59.447   62.55922 -173.55034    -1.5115    31.8882    1438.82  0.000e+00
     59.501   62.55922 -173.55034    -1.5113    31.8890    1438.82  0.000e+00
     59.385   62.55922 -173.55034    -1.5108    31.8883    1438.82  0.000e+00
     59.447   62.55922 -173.55034    -1.5110    31.8886    1438.82  0.000e+00
     59.393   62.55922 -173.55034    -1.5110    31.8884    1438.82  0.000e+00
     59.447   62.55922 -173.55034    -1.5110    31.8882    1438.82  0.000e+00
     59.393   62.55922 -173.55034    -1.5113    31.8885    1438.82  0.000e+00
     59.439   62.55922 -173.55034    -1.5115    31.8886    1438.82  0.000e+00
     59.393   62.55922 -173.55034    -1.5115    31.8882    1438.82  0.000e+00
     59.392   62.55922 -173.55034    -1.5116    31.8884    1438.82  0.000e+00
     59.392   62.55922 -173.55034    -1.5116    31.8885    1438.82  0.000e+00
     59.392   62.55922 -173.55034    -1.5116    31.8885    1438.82  0.000e+00
     59.385   62.55922 -173.55034    -1.5121    31.8892    1438.82  0.000e+00
     59.392   62.55922 -173.55034    -1.5119    31.8885    1438.82  0.000e+00
     59.392   62.55922 -173.55034    -1.5119    31.8884    1438.82  0.000e+00
     59.331   62.55922 -173.55034    -1.5118    31.8884    1438.82  0.000e+00
     59.331   62.55922 -173.55034    -1.5119    31.8886    1438.82  0.000e+00
     59.323   62.55922 -173.55034    -1.5119    31.8884    1438.82  0.000e+00
     59.331   62.55922 -173.55034    -1.5121    31.8887    1438.82  0.000e+00
