EcoFOCI/data/1_SampleCollection/2023_SikuliaqDBO_CruiseData/CTD_raw_BottleFile_SKQ23-12S/proc/skq202312s_074svp.cnv
* Sea-Bird SBE 9 Data File:
* FileName = D:\CTD\SKQ202312S\SKQ202312S_074.hex
* Software Version Seasave V 7.26.7.121
* Temperature SN = 6177
* Conductivity SN = 0369
* Number of Bytes Per Scan = 41
* Number of Voltage Words = 4
* Number of Scans Averaged by the Deck Unit = 1
* NMEA Latitude = 68 11.23 N
* NMEA Longitude = 167 17.73 W
* NMEA UTC (Time) = Oct 02 2023  03:41:14
* NMEA baud rate = 4800
** Ship: R/V Sikuliaq
** Station Number: 074
** Station Name: DBO3.3
** Bottom Depth: 47
** Operator: SD
# nquan = 7
# nvalues = 4146                                  
# units = specified
# name 0 = depSM: Depth [salt water, m]
# name 1 = latitude: Latitude [deg]
# name 2 = longitude: Longitude [deg]
# name 3 = t090C: Temperature [ITS-90, deg C]
# name 4 = sal00: Salinity, Practical [PSU]
# name 5 = svCM: Sound Velocity [Chen-Millero, m/s]
# name 6 = flag:  0.000e+00
# span 0 =      2.364,     42.384                 
# span 1 =   68.18698,   68.18702                 
# span 2 = -167.29566, -167.29562                 
# span 3 =     3.3167,     6.4617                 
# span 4 =    25.7777,    32.2111                 
# span 5 =    1460.63,    1470.25                 
# span 6 = 0.0000e+00, 0.0000e+00                 
# interval = seconds: 0.0416667
# start_time = Oct 02 2023 03:44:53 [NMEA time, first data scan]
# bad_flag = -9.990e-29
*END*
[from data line 3898]
     41.746   68.18698 -167.29564     3.4005    32.0440    1460.97  0.000e+00
     41.754   68.18698 -167.29564     3.3993    32.0457    1460.97  0.000e+00
     41.808   68.18698 -167.29564     3.3991    32.0490    1460.97  0.000e+00
     41.808   68.18698 -167.29564     3.4002    32.0494    1460.98  0.000e+00
     41.808   68.18698 -167.29564     3.4012    32.0470    1460.98  0.000e+00
     41.808   68.18698 -167.29564     3.4015    32.0427    1460.97  0.000e+00
     41.808   68.18698 -167.29564     3.3994    32.0387    1460.96  0.000e+00
     41.754   68.18698 -167.29564     3.3961    32.0367    1460.94  0.000e+00
     41.808   68.18698 -167.29564     3.3928    32.0381    1460.93  0.000e+00
     41.870   68.18698 -167.29564     3.3895    32.0415    1460.92  0.000e+00
     41.808   68.18698 -167.29564     3.3872    32.0443    1460.92  0.000e+00
     41.808   68.18698 -167.29564     3.3865    32.0460    1460.91  0.000e+00
     41.808   68.18698 -167.29564     3.3858    32.0454    1460.91  0.000e+00
     41.808   68.18698 -167.29564     3.3834    32.0446    1460.90  0.000e+00
     41.808   68.18698 -167.29564     3.3787    32.0451    1460.88  0.000e+00
     41.808   68.18698 -167.29564     3.3748    32.0453    1460.86  0.000e+00
     41.862   68.18698 -167.29564     3.3717    32.0464    1460.85  0.000e+00
     41.808   68.18698 -167.29564     3.3699    32.0461    1460.84  0.000e+00
     41.870   68.18698 -167.29564     3.3684    32.0417    1460.83  0.000e+00
     41.808   68.18698 -167.29564     3.3651    32.0392    1460.81  0.000e+00
     41.870   68.18698 -167.29564     3.3598    32.0402    1460.79  0.000e+00
     41.862   68.18698 -167.29564     3.3549    32.0424    1460.78  0.000e+00
     41.808   68.18698 -167.29564     3.3506    32.0450    1460.76  0.000e+00
     41.870   68.18698 -167.29564     3.3469    32.0474    1460.75  0.000e+00
     41.870   68.18698 -167.29564     3.3440    32.0499    1460.74  0.000e+00
     41.869   68.18698 -167.29564     3.3421    32.0508    1460.73  0.000e+00
     41.862   68.18698 -167.29564     3.3403    32.0519    1460.73  0.000e+00
     41.869   68.18698 -167.29564     3.3393    32.0536    1460.72  0.000e+00
     41.869   68.18698 -167.29564     3.3389    32.0551    1460.72  0.000e+00
     41.923   68.18698 -167.29564     3.3393    32.0550    1460.73  0.000e+00
     41.869   68.18698 -167.29564     3.3394    32.0538    1460.72  0.000e+00
     41.862   68.18698 -167.29564     3.3387    32.0529    1460.72  0.000e+00
     41.923   68.18698 -167.29564     3.3373    32.0522    1460.71  0.000e+00
     41.869   68.18698 -167.29564     3.3350    32.0518    1460.70  0.000e+00
     41.923   68.18698 -167.29564     3.3328    32.0526    1460.70  0.000e+00
     41.869   68.18698 -167.29564     3.3310    32.0531    1460.69  0.000e+00
     41.923   68.18698 -167.29564     3.3294    32.0539    1460.68  0.000e+00
     41.923   68.18698 -167.29564     3.3280    32.0552    1460.68  0.000e+00
     41.923   68.18698 -167.29564     3.3272    32.0568    1460.68  0.000e+00
     41.869   68.18698 -167.29564     3.3273    32.0576    1460.68  0.000e+00
     41.923   68.18698 -167.29564     3.3277    32.0581    1460.68  0.000e+00
     41.923   68.18698 -167.29564     3.3281    32.0589    1460.68  0.000e+00
     41.923   68.18698 -167.29564     3.3285    32.0595    1460.69  0.000e+00
     41.923   68.18698 -167.29564     3.3287    32.0595    1460.69  0.000e+00
     41.923   68.18698 -167.29564     3.3294    32.0580    1460.69  0.000e+00
     41.923   68.18698 -167.29564     3.3302    32.0559    1460.69  0.000e+00
     41.923   68.18698 -167.29564     3.3296    32.0555    1460.69  0.000e+00
     41.923   68.18698 -167.29564     3.3286    32.0569    1460.68  0.000e+00
     41.923   68.18698 -167.29564     3.3277    32.0589    1460.68  0.000e+00
     41.985   68.18698 -167.29564     3.3269    32.0610    1460.68  0.000e+00
     41.923   68.18698 -167.29564     3.3264    32.0618    1460.68  0.000e+00
     41.923   68.18698 -167.29564     3.3262    32.0605    1460.68  0.000e+00
     41.923   68.18698 -167.29564     3.3261    32.0593    1460.68  0.000e+00
     41.923   68.18698 -167.29564     3.3253    32.0604    1460.67  0.000e+00
     41.923   68.18698 -167.29564     3.3247    32.0634    1460.68  0.000e+00
     41.923   68.18698 -167.29564     3.3262    32.0634    1460.68  0.000e+00
     41.985   68.18698 -167.29564     3.3280    32.0630    1460.69  0.000e+00
     41.923   68.18698 -167.29564     3.3291    32.0637    1460.69  0.000e+00
     41.923   68.18698 -167.29564     3.3308    32.0640    1460.70  0.000e+00
     41.923   68.18698 -167.29564     3.3318    32.0648    1460.71  0.000e+00
     41.923   68.18698 -167.29564     3.3324    32.0649    1460.71  0.000e+00
     41.923   68.18698 -167.29564     3.3337    32.0641    1460.71  0.000e+00
     41.923   68.18698 -167.29564     3.3350    32.0633    1460.72  0.000e+00
     41.923   68.18698 -167.29564     3.3360    32.0628    1460.72  0.000e+00
     41.923   68.18698 -167.29564     3.3374    32.0618    1460.73  0.000e+00
     41.923   68.18698 -167.29564     3.3373    32.0625    1460.73  0.000e+00
     41.869   68.18698 -167.29564     3.3381    32.0625    1460.73  0.000e+00
     41.923   68.18698 -167.29564     3.3394    32.0634    1460.74  0.000e+00
     41.923   68.18698 -167.29564     3.3411    32.0648    1460.75  0.000e+00
     41.923   68.18698 -167.29564     3.3435    32.0645    1460.76  0.000e+00
     41.869   68.18698 -167.29564     3.3463    32.0634    1460.77  0.000e+00
     41.923   68.18698 -167.29564     3.3492    32.0627    1460.78  0.000e+00
     41.869   68.18698 -167.29564     3.3525    32.0615    1460.79  0.000e+00
     41.923   68.18698 -167.29564     3.3559    32.0600    1460.80  0.000e+00
     41.869   68.18698 -167.29564     3.3593    32.0573    1460.81  0.000e+00
     41.869   68.18698 -167.29564     3.3613    32.0538    1460.82  0.000e+00
     41.869   68.18698 -167.29564     3.3622    32.0513    1460.82  0.000e+00
     41.869   68.18698 -167.29564     3.3622    32.0503    1460.82  0.000e+00
     41.923   68.18698 -167.29564     3.3618    32.0496    1460.82  0.000e+00
     41.807   68.18698 -167.29564     3.3618    32.0487    1460.81  0.000e+00
     41.869   68.18698 -167.29564     3.3611    32.0477    1460.81  0.000e+00
     41.807   68.18698 -167.29564     3.3599    32.0465    1460.80  0.000e+00
     41.869   68.18698 -167.29564     3.3578    32.0478    1460.80  0.000e+00
     41.861   68.18698 -167.29564     3.3564    32.0491    1460.79  0.000e+00
     41.807   68.18698 -167.29564     3.3558    32.0503    1460.79  0.000e+00
     41.807   68.18698 -167.29564     3.3556    32.0510    1460.79  0.000e+00
     41.807   68.18698 -167.29564     3.3554    32.0506    1460.79  0.000e+00
     41.807   68.18698 -167.29564     3.3551    32.0513    1460.79  0.000e+00
     41.807   68.18698 -167.29564     3.3551    32.0530    1460.79  0.000e+00
     41.807   68.18698 -167.29564     3.3563    32.0530    1460.79  0.000e+00
     41.753   68.18698 -167.29564     3.3568    32.0526    1460.80  0.000e+00
     41.807   68.18698 -167.29564     3.3572    32.0523    1460.80  0.000e+00
     41.753   68.18698 -167.29564     3.3573    32.0526    1460.80  0.000e+00
     41.753   68.18698 -167.29564     3.3575    32.0527    1460.80  0.000e+00
     41.745   68.18698 -167.29564     3.3574    32.0519    1460.80  0.000e+00
     41.753   68.18698 -167.29564     3.3568    32.0503    1460.79  0.000e+00
     41.753   68.18698 -167.29564     3.3562    32.0481    1460.79  0.000e+00
     41.753   68.18698 -167.29564     3.3554    32.0469    1460.78  0.000e+00
     41.699   68.18698 -167.29564     3.3540    32.0474    1460.78  0.000e+00
     41.691   68.18698 -167.29564     3.3528    32.0492    1460.77  0.000e+00
     41.753   68.18698 -167.29564     3.3522    32.0535    1460.78  0.000e+00
     41.699   68.18698 -167.29564     3.3523    32.0576    1460.78  0.000e+00
     41.637   68.18698 -167.29564     3.3531    32.0567    1460.78  0.000e+00
     41.699   68.18698 -167.29564     3.3535    32.0540    1460.78  0.000e+00
     41.691   68.18698 -167.29564     3.3536    32.0531    1460.78  0.000e+00
     41.699   68.18698 -167.29564     3.3539    32.0536    1460.78  0.000e+00
     41.637   68.18698 -167.29564     3.3537    32.0561    1460.78  0.000e+00
     41.637   68.18698 -167.29564     3.3544    32.0570    1460.79  0.000e+00
     41.637   68.18698 -167.29564     3.3553    32.0571    1460.79  0.000e+00
     41.629   68.18698 -167.29564     3.3567    32.0593    1460.80  0.000e+00
     41.637   68.18698 -167.29564     3.3609    32.0576    1460.82  0.000e+00
     41.583   68.18698 -167.29564     3.3639    32.0522    1460.82  0.000e+00
     41.637   68.18698 -167.29564     3.3645    32.0520    1460.83  0.000e+00
     41.583   68.18698 -167.29564     3.3653    32.0663    1460.85  0.000e+00
     41.629   68.18698 -167.29564     3.3717    32.0909    1460.91  0.000e+00
     41.583   68.18698 -167.29564     3.3849    32.1099    1460.99  0.000e+00
     41.521   68.18698 -167.29564     3.4022    32.1072    1461.06  0.000e+00
     41.583   68.18698 -167.29564     3.4175    32.0946    1461.11  0.000e+00
     41.583   68.18698 -167.29564     3.4332    32.0936    1461.17  0.000e+00
     41.575   68.18698 -167.29564     3.4515    32.1030    1461.26  0.000e+00
     41.521   68.18698 -167.29564     3.4745    32.1077    1461.36  0.000e+00
     41.521   68.18698 -167.29564     3.5001    32.0975    1461.46  0.000e+00
     41.583   68.18698 -167.29564     3.5209    32.0790    1461.53  0.000e+00
     41.521   68.18698 -167.29564     3.5377    32.0672    1461.58  0.000e+00
     41.521   68.18698 -167.29564     3.5500    32.0637    1461.63  0.000e+00
     41.521   68.18698 -167.29564     3.5581    32.0637    1461.66  0.000e+00
     41.521   68.18698 -167.29564     3.5656    32.0667    1461.70  0.000e+00
     41.467   68.18698 -167.29564     3.5763    32.0632    1461.74  0.000e+00
     41.521   68.18698 -167.29564     3.5923    32.0469    1461.79  0.000e+00
     41.521   68.18698 -167.29564     3.6048    32.0302    1461.82  0.000e+00
     41.467   68.18698 -167.29564     3.6110    32.0220    1461.83  0.000e+00
     41.521   68.18698 -167.29564     3.6118    32.0191    1461.83  0.000e+00
     41.467   68.18698 -167.29564     3.6115    32.0226    1461.83  0.000e+00
     41.467   68.18698 -167.29564     3.6111    32.0300    1461.84  0.000e+00
     41.521   68.18698 -167.29564     3.6146    32.0309    1461.86  0.000e+00
     41.467   68.18698 -167.29564     3.6160    32.0292    1461.86  0.000e+00
     41.467   68.18698 -167.29564     3.6135    32.0289    1461.85  0.000e+00
     41.467   68.18698 -167.29564     3.6122    32.0256    1461.84  0.000e+00
     41.467   68.18698 -167.29564     3.6128    32.0204    1461.84  0.000e+00
     41.521   68.18698 -167.29564     3.6157    32.0140    1461.84  0.000e+00
     41.467   68.18698 -167.29564     3.6206    32.0060    1461.85  0.000e+00
     41.467   68.18698 -167.29564     3.6232    31.9995    1461.85  0.000e+00
     41.467   68.18698 -167.29564     3.6179    31.9992    1461.83  0.000e+00
     41.467   68.18698 -167.29564     3.6113    32.0020    1461.81  0.000e+00
     41.521   68.18698 -167.29564     3.6016    32.0121    1461.78  0.000e+00
     41.467   68.18698 -167.29564     3.5896    32.0270    1461.75  0.000e+00
     41.405   68.18698 -167.29564     3.5829    32.0346    1461.73  0.000e+00
     41.521   68.18698 -167.29564     3.5786    32.0365    1461.71  0.000e+00
     41.467   68.18698 -167.29564     3.5726    32.0388    1461.69  0.000e+00
     41.521   68.18698 -167.29564     3.5680    32.0383    1461.67  0.000e+00
     41.467   68.18698 -167.29564     3.5675    32.0270    1461.65  0.000e+00
     41.467   68.18698 -167.29564     3.5653    32.0160    1461.63  0.000e+00
     41.467   68.18698 -167.29564     3.5588    32.0156    1461.60  0.000e+00
     41.521   68.18698 -167.29564     3.5476    32.0280    1461.57  0.000e+00
     41.521   68.18698 -167.29564     3.5424    32.0355    1461.56  0.000e+00
     41.467   68.18698 -167.29564     3.5468    32.0236    1461.56  0.000e+00
     41.521   68.18698 -167.29564     3.5506    32.0028    1461.55  0.000e+00
     41.467   68.18698 -167.29564     3.5480    31.9717    1461.50  0.000e+00
     41.583   68.18698 -167.29564     3.5336    31.9487    1461.41  0.000e+00
     41.459   68.18698 -167.29564     3.5117    31.9437    1461.31  0.000e+00
     41.583   68.18698 -167.29564     3.4853    31.9558    1461.21  0.000e+00
     41.521   68.18698 -167.29564     3.4593    31.9753    1461.13  0.000e+00
     41.521   68.18698 -167.29564     3.4378    31.9957    1461.06  0.000e+00
     41.521   68.18698 -167.29564     3.4216    32.0140    1461.02  0.000e+00
     41.575   68.18698 -167.29564     3.4095    32.0253    1460.98  0.000e+00
     41.583   68.18698 -167.29564     3.3999    32.0311    1460.95  0.000e+00
     41.583   68.18698 -167.29564     3.3928    32.0345    1460.92  0.000e+00
     41.521   68.18698 -167.29564     3.3870    32.0352    1460.90  0.000e+00
     41.583   68.18698 -167.29564     3.3813    32.0384    1460.88  0.000e+00
     41.629   68.18698 -167.29564     3.3771    32.0454    1460.87  0.000e+00
     41.583   68.18698 -167.29564     3.3780    32.0473    1460.88  0.000e+00
     41.583   68.18698 -167.29564     3.3782    32.0477    1460.88  0.000e+00
     41.637   68.18698 -167.29564     3.3779    32.0505    1460.88  0.000e+00
     41.583   68.18698 -167.29564     3.3778    32.0525    1460.88  0.000e+00
     41.629   68.18698 -167.29564     3.3779    32.0539    1460.89  0.000e+00
     41.637   68.18698 -167.29564     3.3782    32.0566    1460.89  0.000e+00
     41.637   68.18698 -167.29564     3.3798    32.0585    1460.90  0.000e+00
     41.698   68.18698 -167.29564     3.3818    32.0596    1460.91  0.000e+00
     41.637   68.18698 -167.29564     3.3845    32.0610    1460.92  0.000e+00
     41.691   68.18698 -167.29564     3.3886    32.0626    1460.94  0.000e+00
     41.698   68.18698 -167.29564     3.3952    32.0634    1460.97  0.000e+00
     41.698   68.18698 -167.29564     3.4035    32.0671    1461.01  0.000e+00
     41.698   68.18698 -167.29564     3.4139    32.0784    1461.07  0.000e+00
     41.698   68.18698 -167.29564     3.4282    32.0798    1461.13  0.000e+00
     41.744   68.18698 -167.29564     3.4397    32.0663    1461.17  0.000e+00
     41.698   68.18698 -167.29564     3.4468    32.0437    1461.17  0.000e+00
     41.752   68.18698 -167.29564     3.4449    32.0275    1461.14  0.000e+00
     41.752   68.18698 -167.29564     3.4373    32.0222    1461.10  0.000e+00
     41.752   68.18698 -167.29564     3.4291    32.0146    1461.05  0.000e+00
     41.806   68.18698 -167.29564     3.4161    32.0087    1460.99  0.000e+00
     41.744   68.18698 -167.29564     3.4010    32.0089    1460.93  0.000e+00
     41.806   68.18698 -167.29564     3.3854    32.0140    1460.87  0.000e+00
     41.806   68.18698 -167.29564     3.3713    32.0214    1460.82  0.000e+00
     41.806   68.18698 -167.29564     3.3593    32.0293    1460.78  0.000e+00
     41.806   68.18698 -167.29564     3.3498    32.0357    1460.74  0.000e+00
     41.860   68.18698 -167.29564     3.3421    32.0409    1460.72  0.000e+00
     41.868   68.18698 -167.29564     3.3363    32.0450    1460.70  0.000e+00
     41.868   68.18698 -167.29564     3.3319    32.0485    1460.69  0.000e+00
     41.868   68.18698 -167.29564     3.3289    32.0512    1460.68  0.000e+00
     41.868   68.18698 -167.29564     3.3264    32.0528    1460.67  0.000e+00
     41.922   68.18698 -167.29564     3.3248    32.0541    1460.66  0.000e+00
     41.922   68.18698 -167.29564     3.3234    32.0550    1460.66  0.000e+00
     41.922   68.18698 -167.29564     3.3220    32.0559    1460.65  0.000e+00
     41.922   68.18698 -167.29564     3.3209    32.0566    1460.65  0.000e+00
