EcoFOCI/data/1_SampleCollection/2023_SikuliaqDBO_CruiseData/CTD_raw_BottleFile_SKQ23-12S/proc/skq202312s_070avg.cnv
* Sea-Bird SBE 9 Data File:
* FileName = D:\CTD\SKQ202312S\SKQ202312S_070.hex
* Software Version Seasave V 7.26.7.121
* Temperature SN = 6177
* Conductivity SN = 0369
* Number of Bytes Per Scan = 41
* Number of Voltage Words = 4
* Number of Scans Averaged by the Deck Unit = 1
* NMEA Latitude = 67 53.89 N
* NMEA Longitude = 168 14.05 W
* NMEA UTC (Time) = Sep 30 2023  04:20:28
* NMEA baud rate = 4800
** Ship: R/V Sikuliaq
** Station Number: 070
** Station Name: DBO3.6
** Bottom Depth: 50
** Operator: SD
# nquan = 25
# nvalues = 52                          
# units = specified
# name 0 = depSM: Depth [salt water, m]
# name 1 = latitude: Latitude [deg]
# name 2 = longitude: Longitude [deg]
# name 3 = prDM: Pressure, Digiquartz [db]
# name 4 = t090C: Temperature [ITS-90, deg C]
# name 5 = t190C: Temperature, 2 [ITS-90, deg C]
# name 6 = potemp090C: Potential Temperature [ITS-90, deg C]
# name 7 = sal00: Salinity, Practical [PSU]
# name 8 = sal11: Salinity, Practical, 2 [PSU]
# name 9 = density00: Density [density, kg/m^3]
# name 10 = sigma-é00: Density [sigma-theta, kg/m^3]
# name 11 = sbox0Mm/Kg: Oxygen, SBE 43 [umol/kg]
# name 12 = sbox1Mm/Kg: Oxygen, SBE 43, 2 [umol/kg]
# name 13 = oxsolMm/Kg: Oxygen Saturation, Garcia & Gordon [umol/kg]
# name 14 = sbeox0PS: Oxygen, SBE 43 [% saturation]
# name 15 = sbeox1PS: Oxygen, SBE 43, 2 [% saturation]
# name 16 = v0: Voltage 0
# name 17 = flECO-AFL: Fluorescence, WET Labs ECO-AFL/FL [mg/m^3]
# name 18 = v1: Voltage 1
# name 19 = CStarAt0: Beam Attenuation, WET Labs C-Star [1/m]
# name 20 = par: PAR/Irradiance, Biospherical/Licor
# name 21 = scan: Scan Count
# name 22 = timeM: Time, Elapsed [minutes]
# name 23 = nbin: number of scans per bin
# name 24 = flag: flag
# span 0 =      2.970,     53.453       
# span 1 =   67.89816,   67.89818       
# span 2 = -168.23389, -168.23360       
# span 3 =      3.000,     54.000       
# span 4 =     2.8555,     6.0568       
# span 5 =     2.8573,     6.0558       
# span 6 =     2.8537,     6.0557       
# span 7 =    27.4807,    32.4321       
# span 8 =    27.4709,    32.4421       
# span 9 =  1021.8331,  1026.0940       
# span 10 =    21.8142,    25.8404      
# span 11 =    213.186,    328.695      
# span 12 =    203.021,    313.072      
# span 13 =  313.15423,  334.15405      
# span 14 =     64.732,    100.075      
# span 15 =     61.652,     96.799      
# span 16 =     0.0764,     0.4079      
# span 17 =     0.1102,     2.0996      
# span 18 =     1.9965,     4.1652      
# span 19 =     0.4938,     3.4362      
# span 20 = 2.4010e-06, 1.2365e+01      
# span 21 =         57,       5724      
# span 22 =     0.0389,     3.9745      
# span 23 =         34,        603      
# span 24 = 0.0000e+00, 0.0000e+00      
# interval = decibars: 1                
# start_time = Sep 30 2023 04:23:19 [NMEA time, first data scan]
# bad_flag = -9.990e-29
*END*
      2.970   67.89816 -168.23389      3.000     3.8754     3.8707     3.8753    27.4820    27.5288  1021.8360    21.8219    319.061    304.849  334.15405     95.483     91.252     0.2468     1.1330     3.9029     0.7540 1.2365e+01         57     0.0389        213 0.0000e+00
      3.960   67.89816 -168.23386      4.000     3.9537     3.9481     3.9535    27.4807    27.4709  1021.8331    21.8142    317.220    303.370  333.51932     95.114     90.940     0.2365     1.0709     3.9091     0.7477 9.9201e+00        287     0.1987        139 0.0000e+00
      4.950   67.89816 -168.23385      5.000     4.1283     4.1087     4.1280    27.6743    27.6904  1021.9766    21.9531    315.226    301.629  331.60802     95.061     90.927     0.2625     1.2269     3.8729     0.7850 7.9438e+00        454     0.3149        184 0.0000e+00
      5.940   67.89816 -168.23384      6.000     3.8284     3.8235     3.8281    27.8050    27.8220  1022.1106    22.0823    325.765    310.569  333.72890     97.614     93.061     0.3136     1.5337     3.8187     0.8412 6.4557e+00        628     0.4356        157 0.0000e+00
      6.930   67.89816 -168.23384      7.000     3.9039     3.9128     3.9035    28.0621    28.0714  1022.3130    22.2801    327.320    313.072  332.46897     98.452     94.194     0.3486     1.7439     3.8216     0.8382 5.2893e+00        760     0.5270        123 0.0000e+00
      7.920   67.89816 -168.23382      8.000     3.8574     3.8412     3.8569    28.1971    28.2191  1022.4291    22.3914    328.695    313.015  332.50707     98.853     94.116     0.4079     2.0996     3.7988     0.8621 4.2569e+00        902     0.6255        130 0.0000e+00
      8.910   67.89816 -168.23382      9.000     3.9182     3.9476     3.9176    28.3195    28.3295  1022.5257    22.4834    326.852    312.164  331.70709     98.535     94.183     0.3971     2.0347     3.8454     0.8134 3.4437e+00       1032     0.7158        131 0.0000e+00
      9.900   67.89816 -168.23381     10.000     4.1152     4.1360     4.1146    28.3647    28.3763  1022.5492    22.5022    323.809    309.501  329.99699     98.124     93.845     0.3625     1.8270     3.8983     0.7587 2.7939e+00       1164     0.8077        177 0.0000e+00
     10.890   67.89816 -168.23380     11.000     4.1558     4.1642     4.1551    28.3835    28.3906  1022.5653    22.5136    323.329    308.264  329.62251     98.091     93.544     0.3536     1.7732     3.9012     0.7558 2.2901e+00       1311     0.9099         91 0.0000e+00
     11.880   67.89816 -168.23380     12.000     4.3154     4.3278     4.3147    28.4677    28.4845  1022.6224    22.5660    321.782    306.936  328.13398     98.064     93.580     0.3668     1.8527     3.9020     0.7549 1.8794e+00       1443     1.0013        172 0.0000e+00
     12.870   67.89816 -168.23378     13.000     4.9173     4.9510     4.9164    28.7850    28.7384  1022.8187    22.7579    317.043    304.067  322.68911     98.257     94.278     0.3837     1.9545     3.8879     0.7695 1.5684e+00       1591     1.1038        109 0.0000e+00
     13.860   67.89816 -168.23378     14.000     6.0568     6.0558     6.0557    29.1472    29.1501  1022.9899    22.9249    313.387    303.129  313.15423    100.075     96.799     0.2219     0.9833     4.0436     0.6125 1.3219e+00       1671     1.1599         56 0.0000e+00
     14.850   67.89816 -168.23377     15.000     5.8084     5.8011     5.8073    29.2953    29.3092  1023.1395    23.0698    287.528    279.797  314.64638     91.381     88.919     0.1863     0.7698     4.0967     0.5601 1.0747e+00       1749     1.2140         90 0.0000e+00
     15.839   67.89816 -168.23376     16.000     5.4647     5.4449     5.4636    29.4980    29.5292  1023.3418    23.2673    289.914    278.123  316.74645     91.528     87.784     0.1754     0.7047     4.1018     0.5551 9.2500e-01       1822     1.2645         56 0.0000e+00
     16.829   67.89816 -168.23376     17.000     4.8527     4.8103     4.8516    29.5882    29.6449  1023.4815    23.4021    291.781    280.957  321.20691     90.841     87.420     0.1592     0.6072     4.0941     0.5627 7.7671e-01       1874     1.3008         48 0.0000e+00
     17.819   67.89816 -168.23376     18.000     4.7164     4.7519     4.7152    29.8231    29.8023  1023.6863    23.6022    289.343    275.279  321.68610     89.945     85.629     0.1403     0.4941     4.0400     0.6158 6.5563e-01       1924     1.3353         49 0.0000e+00
     18.809   67.89816 -168.23374     19.000     5.2040     5.2102     5.2027    30.1336    30.1329  1023.8866    23.7982    285.116    269.953  317.20629     89.883     85.116     0.1214     0.3803     4.0780     0.5785 5.6661e-01       1981     1.3753         60 0.0000e+00
     19.799   67.89816 -168.23374     20.000     5.2044     5.1890     5.2030    30.0928    30.0917  1023.8589    23.7658    281.768    271.706  317.30097     88.801     85.598     0.1152     0.3431     4.0885     0.5681 4.9266e-01       2040     1.4159         53 0.0000e+00
     20.789   67.89816 -168.23374     21.000     5.2873     5.2908     5.2858    30.5600    30.5355  1024.2242    24.1265    280.387    268.682  315.57638     88.850     85.131     0.1136     0.3336     4.0971     0.5598 4.1766e-01       2088     1.4494         47 0.0000e+00
     21.779   67.89816 -168.23374     22.000     5.2952     5.2877     5.2936    30.8982    30.9386  1024.4954    24.3932    280.231    268.756  314.72194     89.041     85.405     0.0968     0.2331     4.1608     0.4980 3.4418e-01       2136     1.4830         49 0.0000e+00
     22.769   67.89816 -168.23372     23.000     5.3054     5.3062     5.3037    30.8917    30.8964  1024.4938    24.3869    278.979    266.322  314.66131     88.660     84.642     0.0948     0.2207     4.1628     0.4960 2.9572e-01       2187     1.5181         47 0.0000e+00
     23.759   67.89816 -168.23372     24.000     5.0067     4.9935     5.0050    31.2070    31.2300  1024.7804    24.6688    279.471    266.468  316.16517     88.394     84.269     0.0914     0.2003     4.1619     0.4969 2.5494e-01       2231     1.5487         42 0.0000e+00
     24.749   67.89816 -168.23372     25.000     4.5915     4.5764     4.5898    31.5959    31.6266  1025.1371    25.0206    277.419    265.863  318.39401     87.132     83.491     0.0898     0.1906     4.1652     0.4938 2.2865e-01       2276     1.5796         47 0.0000e+00
     25.738   67.89816 -168.23372     26.000     4.1322     4.1014     4.1305    31.7752    31.8221  1025.3303    25.2089    276.253    263.094  321.50983     85.924     81.800     0.0863     0.1699     4.1589     0.4998 1.9930e-01       2326     1.6148         55 0.0000e+00
     26.728   67.89816 -168.23371     27.000     3.2990     3.2655     3.2974    31.8393    31.8996  1025.4638    25.3371    278.955    263.616  327.95786     85.060     80.352     0.0826     0.1477     4.0927     0.5642 1.7486e-01       2385     1.6553         55 0.0000e+00
     27.718   67.89816 -168.23370     28.000     3.1005     3.1006     3.0989    32.0881    32.1010  1025.6842    25.5527    273.778    258.464  328.94309     83.229     78.582     0.0792     0.1273     3.9893     0.6664 1.5435e-01       2430     1.6866         38 0.0000e+00
     28.708   67.89816 -168.23370     29.000     3.0567     3.0566     3.0551    32.2524    32.2690  1025.8237    25.6876    261.302    247.556  328.88838     79.450     75.279     0.0764     0.1102     3.9051     0.7523 1.0671e-01       2470     1.7147         47 0.0000e+00
     29.698   67.89816 -168.23370     30.000     3.0300     3.0264     3.0283    32.3518    32.3726  1025.9100    25.7691    240.373    230.952  328.85732     73.094     70.234     0.0789     0.1254     3.6132     1.0634 8.7499e-02       2531     1.7569         56 0.0000e+00
     30.688   67.89816 -168.23370     31.000     2.9034     2.9001     2.9017    32.3554    32.3799  1025.9284    25.7827    238.690    228.131  329.87915     72.357     69.163     0.0855     0.1652     3.1151     1.6661 5.6356e-02       2573     1.7862         39 0.0000e+00
     31.678   67.89816 -168.23368     32.000     2.8726     2.8727     2.8708    32.3609    32.3773  1025.9401    25.7897    238.497    227.814  330.11779     72.246     69.019     0.0949     0.2212     2.5973     2.3877 6.6615e-02       2619     1.8178         56 0.0000e+00
     32.668   67.89816 -168.23368     33.000     2.8555     2.8573     2.8537    32.3586    32.3745  1025.9444    25.7893    239.404    227.662  330.26306     72.489     68.945     0.0984     0.2423     2.4882     2.5555 6.6827e-02       2673     1.8557         43 0.0000e+00
     33.657   67.89816 -168.23368     34.000     2.8627     2.8627     2.8608    32.3626    32.3750  1025.9517    25.7919    240.061    227.908  330.19385     72.703     69.029     0.0981     0.2408     2.4155     2.6742 2.6018e-02       2714     1.8841         46 0.0000e+00
     34.647   67.89816 -168.23368     35.000     2.8823     2.8864     2.8804    32.3648    32.3783  1025.9565    25.7920    239.604    228.260  330.02840     72.601     69.178     0.0999     0.2516     2.4232     2.6613 4.1238e-03       2777     1.9275         61 0.0000e+00
     35.637   67.89816 -168.23368     36.000     2.8962     2.8967     2.8942    32.3676    32.3791  1025.9623    25.7931    238.705    227.657  329.90760     72.355     69.013     0.0980     0.2398     2.4472     2.6219 2.7148e-04       2818     1.9566         36 0.0000e+00
     36.627   67.89816 -168.23368     37.000     2.9521     2.9427     2.9500    32.3784    32.3839  1025.9708    25.7970    238.304    226.249  329.42423     72.340     68.667     0.0950     0.2218     2.5739     2.4225 8.4868e-06       2862     1.9871         52 0.0000e+00
     37.617   67.89816 -168.23366     38.000     3.0325     3.0271     3.0303    32.3947    32.4014  1025.9816    25.8032    237.262    225.488  328.72970     72.175     68.588     0.0921     0.2048     2.7209     2.1971 2.4010e-06       2920     2.0269         48 0.0000e+00
     38.606   67.89816 -168.23366     39.000     3.0227     3.0230     3.0205    32.4037    32.4167  1025.9943    25.8112    235.123    224.436  328.78676     71.512     68.269     0.0891     0.1868     2.7048     2.2233 3.6194e-06       2962     2.0565         40 0.0000e+00
     39.596   67.89816 -168.23366     40.000     3.0191     3.0197     3.0168    32.4064    32.4189  1026.0014    25.8136    230.571    220.981  328.80968     70.123     67.214     0.0901     0.1927     2.5414     2.4712 3.6079e-06       3008     2.0879         54 0.0000e+00
     40.586   67.89816 -168.23366     41.000     3.0125     3.0139     3.0102    32.4094    32.4219  1026.0091    25.8166    226.979    216.142  328.85555     69.021     65.734     0.0932     0.2113     2.5029     2.5319 2.7703e-06       3063     2.1267         45 0.0000e+00
     41.576   67.89816 -168.23366     42.000     3.0096     3.0102     3.0072    32.4104    32.4229  1026.0148    25.8177    226.023    214.862  328.87685     68.726     65.339     0.0922     0.2052     2.4763     2.5745 4.3331e-06       3109     2.1580         54 0.0000e+00
     42.566   67.89816 -168.23366     43.000     3.0037     3.0068     3.0013    32.4119    32.4236  1026.0212    25.8193    224.693    214.002  328.92061     68.312     65.073     0.0929     0.2097     2.4626     2.5967 4.7909e-06       3165     2.1972         48 0.0000e+00
     43.555   67.89816 -168.23366     44.000     3.0043     3.0045     3.0018    32.4114    32.4239  1026.0255    25.8189    224.345    213.225  328.91713     68.207     64.833     0.0905     0.1945     2.4506     2.6162 4.7339e-06       3203     2.2234         34 0.0000e+00
     44.545   67.89816 -168.23364     45.000     2.9960     2.9969     2.9935    32.4133    32.4257  1026.0324    25.8211    223.260    212.822  328.97946     67.864     64.699     0.0933     0.2119     2.4182     2.6696 3.4183e-06       3252     2.2577         71 0.0000e+00
     45.535   67.89816 -168.23364     46.000     2.9896     2.9908     2.9870    32.4153    32.4274  1026.0393    25.8233    223.690    212.607  329.02691     67.985     64.625     0.0966     0.2315     2.3751     2.7416 4.6356e-06       3310     2.2976         35 0.0000e+00
     46.525   67.89816 -168.23364     47.000     2.9868     2.9872     2.9842    32.4157    32.4281  1026.0445    25.8239    222.669    211.800  329.04829     67.671     64.374     0.0949     0.2214     2.3329     2.8133 4.5250e-06       3345     2.3219         45 0.0000e+00
     47.515   67.89817 -168.23364     48.000     2.9811     2.9820     2.9784    32.4166    32.4280  1026.0505    25.8251    220.586    210.023  329.09243     67.029     63.826     0.0995     0.2492     2.2756     2.9131 4.1664e-06       3616     2.5106        603 0.0000e+00
     48.504   67.89818 -168.23362     49.000     2.9758     2.9766     2.9730    32.4171    32.4289  1026.0560    25.8259    219.576    209.272  329.13495     66.713     63.590     0.0992     0.2471     2.2237     3.0050 2.8722e-06       4080     2.8324         89 0.0000e+00
     49.494   67.89818 -168.23362     50.000     2.9694     2.9706     2.9666    32.4190    32.4306  1026.0628    25.8280    219.277    208.968  329.18185     66.613     63.489     0.0984     0.2426     2.1963     3.0547 3.5598e-06       4106     2.8507         83 0.0000e+00
     50.484   67.89818 -168.23362     51.000     2.9623     2.9632     2.9594    32.4217    32.4333  1026.0702    25.8307    218.653    208.284  329.23319     66.413     63.270     0.0988     0.2448     2.1541     3.1325 4.1150e-06       4183     2.9040         56 0.0000e+00
     51.474   67.89818 -168.23362     52.000     2.9552     2.9559     2.9523    32.4254    32.4373  1026.0784    25.8343    218.200    207.708  329.28139     66.265     63.086     0.0990     0.2462     2.0859     3.2616 4.0423e-06       4237     2.9417         65 0.0000e+00
     52.463   67.89818 -168.23362     53.000     2.9518     2.9527     2.9488    32.4278    32.4394  1026.0854    25.8365    216.230    206.647  329.30320     65.663     62.760     0.1003     0.2538     2.0352     3.3597 3.1346e-06       4318     2.9982         89 0.0000e+00
     53.453   67.89818 -168.23360     54.000     2.9465     2.9475     2.9435    32.4321    32.4421  1026.0940    25.8404    213.186    203.021  329.33583     64.732     61.652     0.1095     0.3089     1.9965     3.4362 4.4148e-06       5724     3.9745        535 0.0000e+00
