EcoFOCI/data/1_SampleCollection/2023_SikuliaqDBO_CruiseData/CTD_raw_BottleFile_SKQ23-12S/proc/skq202312s_065avg.cnv
* Sea-Bird SBE 9 Data File:
* FileName = D:\CTD\SKQ202312S\SKQ202312S_065.hex
* Software Version Seasave V 7.26.7.121
* Temperature SN = 6177
* Conductivity SN = 0369
* Number of Bytes Per Scan = 41
* Number of Voltage Words = 4
* Number of Scans Averaged by the Deck Unit = 1
* NMEA Latitude = 72 05.73 N
* NMEA Longitude = 166 38.74 W
* NMEA UTC (Time) = Sep 28 2023  11:45:18
* NMEA baud rate = 4800
** Ship: R/V Sikuliaq
** Station Number: 065
** Station Name: IC0.2
** Bottom Depth: 46
** Operator: Bern
# nquan = 25
# nvalues = 40                          
# units = specified
# name 0 = depSM: Depth [salt water, m]
# name 1 = latitude: Latitude [deg]
# name 2 = longitude: Longitude [deg]
# name 3 = prDM: Pressure, Digiquartz [db]
# name 4 = t090C: Temperature [ITS-90, deg C]
# name 5 = t190C: Temperature, 2 [ITS-90, deg C]
# name 6 = potemp090C: Potential Temperature [ITS-90, deg C]
# name 7 = sal00: Salinity, Practical [PSU]
# name 8 = sal11: Salinity, Practical, 2 [PSU]
# name 9 = density00: Density [density, kg/m^3]
# name 10 = sigma-é00: Density [sigma-theta, kg/m^3]
# name 11 = sbox0Mm/Kg: Oxygen, SBE 43 [umol/kg]
# name 12 = sbox1Mm/Kg: Oxygen, SBE 43, 2 [umol/kg]
# name 13 = oxsolMm/Kg: Oxygen Saturation, Garcia & Gordon [umol/kg]
# name 14 = sbeox0PS: Oxygen, SBE 43 [% saturation]
# name 15 = sbeox1PS: Oxygen, SBE 43, 2 [% saturation]
# name 16 = v0: Voltage 0
# name 17 = flECO-AFL: Fluorescence, WET Labs ECO-AFL/FL [mg/m^3]
# name 18 = v1: Voltage 1
# name 19 = CStarAt0: Beam Attenuation, WET Labs C-Star [1/m]
# name 20 = par: PAR/Irradiance, Biospherical/Licor
# name 21 = scan: Scan Count
# name 22 = timeM: Time, Elapsed [minutes]
# name 23 = nbin: number of scans per bin
# name 24 = flag: flag
# span 0 =      1.980,     40.576       
# span 1 =   72.09544,   72.09544       
# span 2 = -166.64594, -166.64570       
# span 3 =      2.000,     41.000       
# span 4 =    -0.3181,     4.3792       
# span 5 =    -0.3166,     4.3799       
# span 6 =    -0.3193,     4.3777       
# span 7 =    30.8475,    32.3726       
# span 8 =    30.8600,    32.4168       
# span 9 =  1024.4961,  1026.1668       
# span 10 =    24.4727,    25.9965      
# span 11 =    304.561,    342.609      
# span 12 =    287.346,    313.237      
# span 13 =  321.39061,  358.23308      
# span 14 =     88.370,     95.991      
# span 15 =     83.577,     90.402      
# span 16 =     0.0746,     0.1515      
# span 17 =     0.0997,     0.5611      
# span 18 =     3.3614,     4.2453      
# span 19 =     0.4176,     1.3517      
# span 20 = 3.0840e-07, 4.8293e-01      
# span 21 =       -376,       4962      
# span 22 =    -0.2618,     3.4448      
# span 23 =          2,        433      
# span 24 = 0.0000e+00, 0.0000e+00      
# interval = decibars: 1                
# start_time = Sep 28 2023 11:48:51 [NMEA time, first data scan]
# bad_flag = -9.990e-29
*END*
      1.980   72.09544 -166.64570      2.000     4.0738     4.0892     4.0737    30.8623    30.8676  1024.4987    24.4892    308.528    292.297  324.18154     95.171     90.203     0.1456     0.5260     4.0975     0.5593 4.8293e-01       -376    -0.2618          2 0.0000e+00
      2.969   72.09544 -166.64570      3.000     4.0736     4.0707     4.0734    30.8576    30.8702  1024.4995    24.4855    308.990    292.296  324.19413     95.310     90.163     0.1501     0.5523     4.1408     0.5172 3.0455e-01        427     0.2959        433 0.0000e+00
      3.959   72.09544 -166.64570      4.000     4.0887     4.0874     4.0884    30.8551    30.8656  1024.5008    24.4821    308.780    292.027  324.08149     95.278     90.114     0.1488     0.5447     4.1318     0.5260 2.4625e-01        551     0.3822        138 0.0000e+00
      4.949   72.09544 -166.64570      5.000     4.1249     4.1221     4.1246    30.8475    30.8600  1024.4961    24.4727    308.703    291.473  323.81506     95.333     90.015     0.1515     0.5611     4.1258     0.5318 1.6622e-01        693     0.4808        130 0.0000e+00
      5.938   72.09544 -166.64570      6.000     4.0949     4.0908     4.0946    30.8535    30.8652  1024.5083    24.4803    308.680    292.485  324.03610     95.261     90.262     0.1500     0.5517     4.1316     0.5262 1.0338e-01        833     0.5776        133 0.0000e+00
      6.928   72.09544 -166.64570      7.000     4.1107     4.1130     4.1103    30.8509    30.8619  1024.5095    24.4767    308.562    292.143  323.91837     95.259     90.203     0.1515     0.5607     4.1277     0.5299 6.7465e-02        977     0.6776        125 0.0000e+00
      7.918   72.09544 -166.64570      8.000     4.0866     4.0908     4.0861    30.8580    30.8685  1024.5221    24.4847    308.647    292.144  324.09100     95.235     90.159     0.1482     0.5410     4.1321     0.5257 5.2992e-02       1118     0.7756        152 0.0000e+00
      8.907   72.09544 -166.64571      9.000     4.0835     4.0851     4.0829    30.8624    30.8728  1024.5305    24.4884    308.582    292.046  324.10471     95.211     90.119     0.1483     0.5420     4.1324     0.5254 2.5832e-02       1252     0.8689        144 0.0000e+00
      9.897   72.09544 -166.64572     10.000     4.0779     4.0785     4.0773    30.8667    30.8777  1024.5392    24.4923    308.894    292.454  324.13845     95.297     90.234     0.1465     0.5309     4.1356     0.5222 5.7997e-03       1398     0.9700        144 0.0000e+00
     10.887   72.09544 -166.64572     11.000     4.0751     4.0766     4.0745    30.8689    30.8799  1024.5459    24.4944    309.046    292.242  324.15444     95.339     90.166     0.1483     0.5419     4.1353     0.5225 4.5383e-03       1529     1.0612        148 0.0000e+00
     11.877   72.09544 -166.64573     12.000     4.0676     4.0689     4.0669    30.8707    30.8825  1024.5527    24.4965    308.976    291.977  324.20934     95.301     90.069     0.1467     0.5324     4.1360     0.5219 1.4514e-03       1671     1.1595        113 0.0000e+00
     12.866   72.09544 -166.64574     13.000     4.0653     4.0658     4.0645    30.8734    30.8835  1024.5598    24.4989    309.029    292.142  324.22126     95.314     90.114     0.1468     0.5330     4.1357     0.5222 5.9441e-05       1791     1.2427         89 0.0000e+00
     13.856   72.09544 -166.64574     14.000     4.0646     4.0658     4.0637    30.8709    30.8828  1024.5625    24.4970    308.780    292.503  324.23252     95.234     90.225     0.1484     0.5422     4.1369     0.5210 3.2146e-06       1866     1.2951         83 0.0000e+00
     14.846   72.09544 -166.64574     15.000     4.0651     4.0661     4.0642    30.8683    30.8795  1024.5651    24.4949    308.924    292.629  324.23502     95.278     90.262     0.1487     0.5441     4.1372     0.5208 1.1566e-06       1953     1.3553         74 0.0000e+00
     15.836   72.09544 -166.64575     16.000     4.0890     4.0895     4.0880    30.8654    30.8747  1024.5652    24.4903    308.704    292.125  324.05360     95.263     90.154     0.1468     0.5330     4.1296     0.5281 3.0840e-07       2013     1.3975         59 0.0000e+00
     16.825   72.09544 -166.64576     17.000     4.0820     4.0800     4.0809    30.8715    30.8836  1024.5754    24.4958    308.872    292.975  324.09407     95.303     90.402     0.1466     0.5317     4.1342     0.5237 6.9917e-07       2081     1.4448         73 0.0000e+00
     17.815   72.09544 -166.64576     18.000     4.1020     4.1071     4.1008    30.8940    30.9043  1024.5961    24.5118    308.666    291.034  323.88242     95.302     89.876     0.1459     0.5273     4.1361     0.5218 7.3041e-07       2148     1.4908         58 0.0000e+00
     18.805   72.09544 -166.64576     19.000     4.1483     4.1354     4.1471    30.9205    30.9186  1024.6174    24.5285    308.354    291.347  323.45337     95.332     90.044     0.1442     0.5171     4.1363     0.5216 1.0813e-06       2205     1.5302         55 0.0000e+00
     19.794   72.09544 -166.64576     20.000     4.2172     4.2201     4.2159    30.9513    30.9581  1024.6398    24.5463    307.667    291.454  322.83897     95.300     90.289     0.1478     0.5386     4.1383     0.5197 5.7464e-07       2264     1.5714         59 0.0000e+00
     20.784   72.09544 -166.64576     21.000     4.2644     4.2673     4.2630    30.9903    30.9970  1024.6709    24.5728    307.037    290.884  322.37555     95.242     90.243     0.1463     0.5296     4.1426     0.5155 5.0583e-07       2324     1.6129         50 0.0000e+00
     21.774   72.09544 -166.64578     22.000     4.3029     4.3060     4.3015    31.0071    31.0145  1024.6851    24.5823    306.476    290.742  322.03433     95.169     90.295     0.1378     0.4787     4.1613     0.4975 7.8213e-07       2370     1.6451         53 0.0000e+00
     22.763   72.09544 -166.64578     23.000     4.3792     4.3799     4.3777    31.0280    31.0348  1024.6988    24.5914    305.490    288.909  321.39061     95.053     89.899     0.1393     0.4877     4.1087     0.5489 1.3194e-06       2439     1.6928         72 0.0000e+00
     23.753   72.09544 -166.64578     24.000     4.3619     4.3579     4.3603    31.0397    31.0565  1024.7145    24.6024    305.199    289.556  321.49674     94.931     90.067     0.1436     0.5133     4.1611     0.4976 7.3998e-07       2495     1.7322         45 0.0000e+00
     24.742   72.09544 -166.64578     25.000     4.2728     4.2742     4.2712    31.0561    31.0666  1024.7410    24.6242    304.561    288.400  322.15006     94.540     89.533     0.1393     0.4878     4.1663     0.4927 1.2345e-06       2541     1.7642         48 0.0000e+00
     25.732   72.09544 -166.64578     26.000     4.3341     4.3350     4.3324    31.1320    31.1413  1024.7999    24.6785    305.015    287.346  321.49026     94.875     89.388     0.1292     0.4270     4.1741     0.4852 1.2108e-06       2597     1.8025         63 0.0000e+00
     26.722   72.09544 -166.64578     27.000     3.8646     3.7363     3.8629    31.4552    31.5870  1025.1060    24.9796    307.396    291.958  324.40373     94.760     89.808     0.1040     0.2762     4.2128     0.4483 2.3960e-06       2663     1.8484         58 0.0000e+00
     27.711   72.09544 -166.64579     28.000     2.2857     2.1870     2.2843    32.0305    32.1888  1025.7019    25.5698    310.485    295.975  335.89934     92.447     88.016     0.0746     0.0997     4.2358     0.4266 4.5005e-06       2711     1.8817         45 0.0000e+00
     28.701   72.09544 -166.64580     29.000     0.3962     0.3752     0.3953    32.3036    32.3894  1026.0485    25.9101    331.083    302.338  351.70616     94.124     85.972     0.0782     0.1208     4.2453     0.4176 4.1838e-06       2772     1.9246         77 0.0000e+00
     29.691   72.09544 -166.64580     30.000    -0.1892    -0.2087    -0.1901    32.3703    32.4168  1026.1357    25.9921    342.609    313.237  356.92530     95.991     87.747     0.0947     0.2204     4.0101     0.6488 3.2058e-06       2834     1.9673         42 0.0000e+00
     30.680   72.09544 -166.64580     31.000    -0.2496    -0.2521    -0.2505    32.3726    32.4026  1026.1450    25.9965    329.768    308.494  357.48700     92.247     86.310     0.1018     0.2626     3.6879     0.9820 1.8600e-06       2875     1.9955         48 0.0000e+00
     31.670   72.09544 -166.64580     32.000    -0.2719    -0.2734    -0.2729    32.3621    32.3872  1026.1422    25.9889    319.248    303.313  357.72676     89.244     84.803     0.1052     0.2830     3.5926     1.0854 2.2229e-06       2943     2.0432         77 0.0000e+00
     32.659   72.09544 -166.64580     33.000    -0.2817    -0.2822    -0.2827    32.3586    32.3805  1026.1446    25.9865    317.502    301.601  357.82868     88.730     84.300     0.1001     0.2527     3.5500     1.1332 2.0313e-06       3001     2.0830         46 0.0000e+00
     33.649   72.09544 -166.64581     34.000    -0.2903    -0.2891    -0.2913    32.3554    32.3757  1026.1472    25.9842    317.740    300.265  357.91891     88.774     83.908     0.1039     0.2757     3.5258     1.1605 1.4987e-06       3051     2.1178         51 0.0000e+00
     34.638   72.09544 -166.64582     35.000    -0.2961    -0.2942    -0.2971    32.3527    32.3712  1026.1501    25.9823    318.160    301.240  357.98095     88.876     84.166     0.1077     0.2980     3.4697     1.2248 1.5712e-06       3110     2.1590         70 0.0000e+00
     35.628   72.09544 -166.64582     36.000    -0.2979    -0.2972    -0.2989    32.3490    32.3661  1026.1520    25.9795    317.779    301.415  358.00754     88.763     84.205     0.1073     0.2956     3.4620     1.2336 1.7826e-06       3191     2.2154         72 0.0000e+00
     36.618   72.09544 -166.64582     37.000    -0.3039    -0.3027    -0.3049    32.3475    32.3646  1026.1558    25.9785    317.906    301.418  358.06845     88.784     84.193     0.1036     0.2739     3.4520     1.2453 1.5938e-06       3243     2.2512         48 0.0000e+00
     37.607   72.09544 -166.64589     38.000    -0.3116    -0.3122    -0.3127    32.3360    32.3483  1026.1516    25.9695    316.892    300.157  358.17343     88.474     83.809     0.1099     0.3114     3.4043     1.3009 1.8542e-06       4483     3.1124        153 0.0000e+00
     38.597   72.09544 -166.64590     39.000    -0.3150    -0.3148    -0.3161    32.3368    32.3491  1026.1572    25.9703    316.871    299.344  358.20372     88.461     83.577     0.1087     0.3042     3.3877     1.3205 1.5423e-06       4575     3.1765        143 0.0000e+00
     39.586   72.09544 -166.64592     40.000    -0.3166    -0.3155    -0.3178    32.3367    32.3489  1026.1619    25.9702    316.851    300.340  358.21934     88.452     83.853     0.1094     0.3082     3.3797     1.3299 1.5100e-06       4729     3.2831        135 0.0000e+00
     40.576   72.09544 -166.64594     41.000    -0.3181    -0.3166    -0.3193    32.3367    32.3488  1026.1668    25.9703    316.571    300.248  358.23308     88.370     83.825     0.1107     0.3164     3.3614     1.3517 1.3128e-06       4962     3.4448        335 0.0000e+00
