EcoFOCI/data/1_SampleCollection/2023_SikuliaqDBO_CruiseData/CTD_raw_BottleFile_SKQ23-12S/proc/skq202312s_057.ros
* Sea-Bird SBE 9 Data File:
* FileName = D:\CTD\SKQ202312S\SKQ202312S_057.hex
* Software Version Seasave V 7.26.7.121
* Temperature SN = 6177
* Conductivity SN = 0369
* Number of Bytes Per Scan = 41
* Number of Voltage Words = 4
* Number of Scans Averaged by the Deck Unit = 1
* NMEA Latitude = 71 20.18 N
* NMEA Longitude = 164 36.58 W
* NMEA UTC (Time) = Sep 27 2023  08:27:58
* NMEA baud rate = 4800
** Ship: R/V Sikuliaq
** Station Number: 057
** Station Name: IC5
** Bottom Depth: 44
** Operator: SS
# nquan = 22
# nvalues = 784                                   
# units = specified
# name 0 = depSM: Depth [salt water, m]
# name 1 = latitude: Latitude [deg]
# name 2 = longitude: Longitude [deg]
# name 3 = prDM: Pressure, Digiquartz [db]
# name 4 = t090C: Temperature [ITS-90, deg C]
# name 5 = t190C: Temperature, 2 [ITS-90, deg C]
# name 6 = potemp090C: Potential Temperature [ITS-90, deg C]
# name 7 = sal00: Salinity, Practical [PSU]
# name 8 = sal11: Salinity, Practical, 2 [PSU]
# name 9 = density00: Density [density, kg/m^3]
# name 10 = sigma-é00: Density [sigma-theta, kg/m^3]
# name 11 = sbox0Mm/Kg: Oxygen, SBE 43 [umol/kg]
# name 12 = sbox1Mm/Kg: Oxygen, SBE 43, 2 [umol/kg]
# name 13 = oxsolMm/Kg: Oxygen Saturation, Garcia & Gordon [umol/kg]
# name 14 = sbeox0PS: Oxygen, SBE 43 [% saturation]
# name 15 = v0: Voltage 0
# name 16 = flECO-AFL: Fluorescence, WET Labs ECO-AFL/FL [mg/m^3]
# name 17 = CStarAt0: Beam Attenuation, WET Labs C-Star [1/m]
# name 18 = par: PAR/Irradiance, Biospherical/Licor
# name 19 = scan: Scan Count
# name 20 = nbf: Bottles Fired
# name 21 = flag:  0.000e+00
# interval = seconds: 0.0416667
# start_time = Sep 27 2023 08:31:38 [NMEA time, first data scan]
# bad_flag = -9.990e-29
*END*
[from data line 396]
     20.251   71.33676 -164.61082     20.461     3.4229     3.4242     3.4217    30.9202    30.9301  1024.6904    24.5943    321.031    304.981  329.23977     97.507     0.1172     0.3553     0.4324 1.0000e-12      13370          9  0.000e+00
     20.251   71.33676 -164.61082     20.461     3.4230     3.4244     3.4219    30.9197    30.9305  1024.6900    24.5939    321.031    304.975  329.23963     97.507     0.1160     0.3480     0.4324 1.0000e-12      13371          9  0.000e+00
     20.220   71.33676 -164.61082     20.430     3.4227     3.4245     3.4215    30.9204    30.9305  1024.6905    24.5945    321.032    304.967  329.24045     97.507     0.1172     0.3553     0.4324 1.0000e-12      13372          9  0.000e+00
     20.197   71.33676 -164.61082     20.407     3.4231     3.4247     3.4220    30.9211    30.9303  1024.6908    24.5950    321.427    305.155  329.23547     97.628     0.1123     0.3260     0.4324 1.0000e-12      13373          9  0.000e+00
     20.251   71.33676 -164.61082     20.461     3.4235     3.4251     3.4223    30.9210    30.9299  1024.6910    24.5949    321.026    305.171  329.23303     97.507     0.0952     0.2234     0.4324 1.0000e-12      13374          9  0.000e+00
     20.220   71.33676 -164.61082     20.430     3.4239     3.4251     3.4227    30.9204    30.9299  1024.6903    24.5944    321.022    305.185  329.23114     97.507     0.0891     0.1868     0.4312 8.4714e-06      13375          9  0.000e+00
     20.251   71.33676 -164.61082     20.461     3.4239     3.4251     3.4228    30.9198    30.9299  1024.6900    24.5939    320.990    305.007  329.23204     97.497     0.0879     0.1795     0.4312 1.0000e-12      13376          9  0.000e+00
     20.197   71.33676 -164.61082     20.407     3.4241     3.4253     3.4229    30.9198    30.9300  1024.6897    24.5939    320.988    305.190  329.23086     97.496     0.0891     0.1868     0.4312 8.4714e-06      13377          9  0.000e+00
     20.220   71.33676 -164.61082     20.430     3.4241     3.4256     3.4229    30.9203    30.9300  1024.6902    24.5942    321.207    305.203  329.22973     97.563     0.0879     0.1795     0.4312 1.0000e-12      13378          9  0.000e+00
     20.251   71.33676 -164.61082     20.461     3.4241     3.4259     3.4229    30.9200    30.9295  1024.6901    24.5940    321.030    305.192  329.23044     97.509     0.0891     0.1868     0.4312 8.4714e-06      13379          9  0.000e+00
     20.251   71.33676 -164.61082     20.461     3.4244     3.4262     3.4232    30.9198    30.9296  1024.6899    24.5938    320.925    304.983  329.22873     97.478     0.0879     0.1795     0.4312 1.0000e-12      13380          9  0.000e+00
     20.159   71.33676 -164.61082     20.368     3.4244     3.4266     3.4232    30.9201    30.9298  1024.6897    24.5941    320.886    305.158  329.22763     97.466     0.0891     0.1868     0.4312 1.0000e-12      13381          9  0.000e+00
     20.251   71.33676 -164.61082     20.461     3.4244     3.4267     3.4232    30.9203    30.9295  1024.6903    24.5942    320.891    305.171  329.22707     97.468     0.0879     0.1795     0.4312 1.0000e-12      13382          9  0.000e+00
     20.197   71.33676 -164.61082     20.407     3.4249     3.4271     3.4237    30.9199    30.9292  1024.6898    24.5939    320.888    305.174  329.22407     97.468     0.0891     0.1868     0.4312 8.4714e-06      13383          9  0.000e+00
     20.220   71.33676 -164.61082     20.430     3.4247     3.4273     3.4236    30.9198    30.9296  1024.6898    24.5938    320.895    304.986  329.22559     97.470     0.0904     0.1941     0.4312 1.0000e-12      13384          9  0.000e+00
     20.197   71.33676 -164.61082     20.407     3.4249     3.4274     3.4237    30.9197    30.9297  1024.6895    24.5937    320.863    305.163  329.22474     97.460     0.0891     0.1868     0.4312 1.0000e-12      13385          9  0.000e+00
     20.197   71.33676 -164.61082     20.407     3.4252     3.4274     3.4240    30.9196    30.9291  1024.6895    24.5936    320.866    304.976  329.22274     97.462     0.0891     0.1868     0.4312 1.0000e-12      13386          9  0.000e+00
     20.220   71.33676 -164.61082     20.430     3.4249     3.4274     3.4237    30.9199    30.9292  1024.6899    24.5939    320.876    305.156  329.22410     97.464     0.0879     0.1795     0.4312 8.4714e-06      13387          9  0.000e+00
     20.197   71.33676 -164.61082     20.407     3.4252     3.4273     3.4240    30.9200    30.9292  1024.6898    24.5939    320.880    305.162  329.22127     97.467     0.0891     0.1868     0.4312 8.4714e-06      13388          9  0.000e+00
     20.251   71.33676 -164.61082     20.461     3.4254     3.4274     3.4242    30.9200    30.9292  1024.6900    24.5939    320.891    305.361  329.22004     97.470     0.0879     0.1795     0.4312 8.4714e-06      13389          9  0.000e+00
     20.159   71.33676 -164.61082     20.368     3.4257     3.4282     3.4245    30.9203    30.9286  1024.6898    24.5941    320.895    305.377  329.21664     97.472     0.0891     0.1868     0.4301 1.0000e-12      13390          9  0.000e+00
     20.197   71.33676 -164.61082     20.407     3.4263     3.4282     3.4252    30.9199    30.9288  1024.6896    24.5938    320.905    305.207  329.21246     97.477     0.0891     0.1868     0.4312 8.4714e-06      13391          9  0.000e+00
     20.251   71.33676 -164.61082     20.461     3.4269     3.4279     3.4257    30.9200    30.9289  1024.6899    24.5938    321.133    305.212  329.20803     97.547     0.0891     0.1868     0.4312 1.0000e-12      13392          9  0.000e+00
     20.197   71.33676 -164.61082     20.407     3.4272     3.4278     3.4261    30.9199    30.9287  1024.6895    24.5937    320.960    305.210  329.20525     97.495     0.0904     0.1941     0.4312 1.0000e-12      13393          9  0.000e+00
     20.159   71.33676 -164.61082     20.368     3.4275     3.4278     3.4264    30.9198    30.9289  1024.6892    24.5936    321.188    305.207  329.20289     97.565     0.0891     0.1868     0.4312 1.0000e-12      13394          9  0.000e+00
     20.197   71.33676 -164.61082     20.407     3.4279     3.4287     3.4267    30.9199    30.9283  1024.6895    24.5936    321.236    305.199  329.19995     97.581     0.0891     0.1868     0.4312 1.0000e-12      13395          9  0.000e+00
     20.197   71.33676 -164.61082     20.407     3.4285     3.4298     3.4273    30.9195    30.9288  1024.6891    24.5932    321.246    305.379  329.19591     97.585     0.0891     0.1868     0.4312 8.4714e-06      13396          9  0.000e+00
     20.220   71.33676 -164.61082     20.430     3.4288     3.4306     3.4277    30.9187    30.9284  1024.6886    24.5926    321.294    305.391  329.19518     97.600     0.0891     0.1868     0.4312 1.0000e-12      13397          9  0.000e+00
     20.197   71.33676 -164.61082     20.407     3.4289     3.4303     3.4278    30.9187    30.9288  1024.6884    24.5926    321.340    305.406  329.19435     97.614     0.0879     0.1795     0.4324 1.0000e-12      13398          9  0.000e+00
     20.197   71.33676 -164.61082     20.407     3.4293     3.4303     3.4281    30.9186    30.9286  1024.6883    24.5925    321.386    305.420  329.19154     97.629     0.0891     0.1868     0.4324 8.4714e-06      13399          9  0.000e+00
     20.159   71.33676 -164.61082     20.368     3.4293     3.4307     3.4281    30.9185    30.9283  1024.6881    24.5924    321.433    305.426  329.19188     97.643     0.0891     0.1868     0.4312 1.0000e-12      13400          9  0.000e+00
     20.251   71.33676 -164.61082     20.461     3.4290     3.4315     3.4278    30.9179    30.9281  1024.6880    24.5919    321.454    305.433  329.19595     97.648     0.0891     0.1868     0.4312 1.0000e-12      13401          9  0.000e+00
     20.197   71.33676 -164.61082     20.407     3.4285     3.4326     3.4273    30.9175    30.9279  1024.6875    24.5917    321.468    305.452  329.20085     97.651     0.0891     0.1868     0.4324 8.4714e-06      13402          9  0.000e+00
     20.159   71.33676 -164.61082     20.368     3.4280     3.4334     3.4269    30.9180    30.9275  1024.6877    24.5921    321.480    305.475  329.20354     97.654     0.0891     0.1868     0.4324 8.4714e-06      13403          9  0.000e+00
     20.251   71.33676 -164.61082     20.461     3.4280     3.4342     3.4269    30.9157    30.9271  1024.6864    24.5903    321.533    305.672  329.20907     97.668     0.0904     0.1941     0.4324 1.0000e-12      13404          9  0.000e+00
     20.136   71.33676 -164.61082     20.344     3.4284     3.4347     3.4273    30.9179    30.9269  1024.6876    24.5920    321.563    305.689  329.20020     97.680     0.0891     0.1868     0.4312 8.4714e-06      13405          9  0.000e+00
     20.220   71.33676 -164.61082     20.430     3.4291     3.4348     3.4280    30.9187    30.9270  1024.6885    24.5926    321.567    305.713  329.19267     97.684     0.0904     0.1941     0.4324 1.0000e-12      13406          9  0.000e+00
     20.197   71.33676 -164.61082     20.407     3.4295     3.4342     3.4283    30.9188    30.9272  1024.6884    24.5926    321.571    305.760  329.18995     97.685     0.0891     0.1868     0.4324 1.0000e-12      13407          9  0.000e+00
     20.197   71.33676 -164.61082     20.407     3.4301     3.4337     3.4289    30.9184    30.9275  1024.6881    24.5923    321.571    305.803  329.18562     97.687     0.0891     0.1868     0.4312 1.0000e-12      13408          9  0.000e+00
     20.220   71.33676 -164.61082     20.430     3.4301     3.4336     3.4289    30.9181    30.9274  1024.6879    24.5920    321.577    305.845  329.18652     97.689     0.0879     0.1795     0.4312 8.4714e-06      13409          9  0.000e+00
     20.197   71.33676 -164.61082     20.407     3.4303     3.4334     3.4291    30.9172    30.9272  1024.6871    24.5913    321.580    305.859  329.18741     97.689     0.0891     0.1868     0.4324 8.4714e-06      13410          9  0.000e+00
     20.197   71.33676 -164.61082     20.407     3.4296     3.4336     3.4284    30.9172    30.9272  1024.6872    24.5913    321.623    305.869  329.19292     97.701     0.0879     0.1795     0.4324 1.0000e-12      13411          9  0.000e+00
     20.220   71.33676 -164.61082     20.430     3.4290     3.4340     3.4278    30.9174    30.9273  1024.6875    24.5916    321.630    305.874  329.19717     97.701     0.0891     0.1868     0.4312 8.4714e-06      13412          9  0.000e+00
     20.197   71.33676 -164.61082     20.407     3.4285     3.4348     3.4273    30.9172    30.9270  1024.6873    24.5914    321.634    305.896  329.20152     97.701     0.0904     0.1941     0.4312 8.4714e-06      13413          9  0.000e+00
     20.197   71.33676 -164.61082     20.407     3.4277     3.4351     3.4265    30.9182    30.9268  1024.6881    24.5923    321.854    305.920  329.20561     97.767     0.0879     0.1795     0.4324 1.0000e-12      13414          9  0.000e+00
     20.197   71.33678 -164.61084     20.407     3.4313     3.4347     3.4302    30.9176    30.9273  1024.6874    24.5915    321.312    303.963  329.17765     97.610     0.0867     0.1721     0.4324 1.0000e-12      13670         10  0.000e+00
     20.220   71.33678 -164.61084     20.430     3.4308     3.4348     3.4297    30.9176    30.9270  1024.6875    24.5916    321.303    303.949  329.18158     97.607     0.0855     0.1648     0.4324 8.4714e-06      13671         10  0.000e+00
     20.197   71.33678 -164.61084     20.407     3.4307     3.4347     3.4295    30.9172    30.9269  1024.6871    24.5913    321.472    303.961  329.18382     97.657     0.0867     0.1721     0.4324 1.0000e-12      13672         10  0.000e+00
     20.197   71.33678 -164.61084     20.407     3.4299     3.4348     3.4288    30.9172    30.9270  1024.6872    24.5913    321.282    303.950  329.18992     97.598     0.0879     0.1795     0.4324 1.0000e-12      13673         10  0.000e+00
     20.220   71.33678 -164.61084     20.430     3.4293     3.4348     3.4281    30.9172    30.9275  1024.6873    24.5913    321.422    303.965  329.19515     97.639     0.0867     0.1721     0.4336 1.0000e-12      13674         10  0.000e+00
     20.197   71.33678 -164.61084     20.407     3.4285     3.4353     3.4273    30.9174    30.9272  1024.6874    24.5916    321.446    303.956  329.20104     97.644     0.0867     0.1721     0.4324 1.0000e-12      13675         10  0.000e+00
     20.197   71.33678 -164.61084     20.407     3.4278     3.4356     3.4266    30.9180    30.9271  1024.6879    24.5921    321.434    303.951  329.20529     97.639     0.0855     0.1648     0.4324 1.0000e-12      13676         10  0.000e+00
     20.220   71.33678 -164.61084     20.430     3.4275     3.4361     3.4264    30.9184    30.9268  1024.6884    24.5925    321.417    303.948  329.20636     97.634     0.0867     0.1721     0.4336 8.4714e-06      13677         10  0.000e+00
     20.197   71.33678 -164.61084     20.407     3.4272     3.4361     3.4261    30.9188    30.9265  1024.6886    24.5928    321.217    304.143  329.20796     97.573     0.0855     0.1648     0.4324 8.4714e-06      13678         10  0.000e+00
     20.197   71.33678 -164.61084     20.407     3.4272     3.4361     3.4261    30.9188    30.9269  1024.6886    24.5928    321.417    304.166  329.20796     97.633     0.0904     0.1941     0.4324 1.0000e-12      13679         10  0.000e+00
     20.159   71.33678 -164.61084     20.368     3.4269     3.4362     3.4257    30.9195    30.9268  1024.6891    24.5934    321.362    303.994  329.20877     97.617     0.0989     0.2454     0.4324 8.4714e-06      13680         10  0.000e+00
     20.251   71.33678 -164.61084     20.461     3.4272     3.4362     3.4261    30.9197    30.9269  1024.6896    24.5935    321.342    304.002  329.20570     97.611     0.1038     0.2747     0.4324 1.0000e-12      13681         10  0.000e+00
     20.197   71.33678 -164.61084     20.407     3.4275     3.4355     3.4263    30.9200    30.9272  1024.6896    24.5937    321.313    304.012  329.20276     97.603     0.1038     0.2747     0.4324 1.0000e-12      13682         10  0.000e+00
     20.220   71.33678 -164.61084     20.430     3.4282     3.4342     3.4270    30.9195    30.9273  1024.6892    24.5933    321.285    304.032  329.19844     97.596     0.1026     0.2674     0.4324 8.4714e-06      13683         10  0.000e+00
     20.197   71.33678 -164.61084     20.407     3.4283     3.4340     3.4272    30.9202    30.9269  1024.6896    24.5938    321.291    304.043  329.19547     97.599     0.1038     0.2747     0.4324 1.0000e-12      13684         10  0.000e+00
     20.197   71.33678 -164.61084     20.407     3.4293     3.4344     3.4281    30.9197    30.9268  1024.6892    24.5934    321.294    304.053  329.18883     97.602     0.1026     0.2674     0.4324 1.0000e-12      13685         10  0.000e+00
     20.159   71.33678 -164.61084     20.368     3.4298     3.4342     3.4286    30.9194    30.9275  1024.6887    24.5930    321.298    304.065  329.18585     97.604     0.1026     0.2674     0.4324 8.4714e-06      13686         10  0.000e+00
     20.197   71.33678 -164.61084     20.407     3.4304     3.4342     3.4292    30.9191    30.9270  1024.6886    24.5928    321.269    304.083  329.18127     97.596     0.1026     0.2674     0.4324 1.0000e-12      13687         10  0.000e+00
     20.251   71.33678 -164.61084     20.461     3.4308     3.4329     3.4297    30.9186    30.9274  1024.6884    24.5923    321.278    304.090  329.17910     97.600     0.1026     0.2674     0.4324 1.0000e-12      13688         10  0.000e+00
