EcoFOCI/data/1_SampleCollection/2023_SikuliaqDBO_CruiseData/CTD_raw_BottleFile_SKQ23-12S/proc/skq202312s_057.ros
* Sea-Bird SBE 9 Data File:
* FileName = D:\CTD\SKQ202312S\SKQ202312S_057.hex
* Software Version Seasave V 7.26.7.121
* Temperature SN = 6177
* Conductivity SN = 0369
* Number of Bytes Per Scan = 41
* Number of Voltage Words = 4
* Number of Scans Averaged by the Deck Unit = 1
* NMEA Latitude = 71 20.18 N
* NMEA Longitude = 164 36.58 W
* NMEA UTC (Time) = Sep 27 2023  08:27:58
* NMEA baud rate = 4800
** Ship: R/V Sikuliaq
** Station Number: 057
** Station Name: IC5
** Bottom Depth: 44
** Operator: SS
# nquan = 22
# nvalues = 784                                   
# units = specified
# name 0 = depSM: Depth [salt water, m]
# name 1 = latitude: Latitude [deg]
# name 2 = longitude: Longitude [deg]
# name 3 = prDM: Pressure, Digiquartz [db]
# name 4 = t090C: Temperature [ITS-90, deg C]
# name 5 = t190C: Temperature, 2 [ITS-90, deg C]
# name 6 = potemp090C: Potential Temperature [ITS-90, deg C]
# name 7 = sal00: Salinity, Practical [PSU]
# name 8 = sal11: Salinity, Practical, 2 [PSU]
# name 9 = density00: Density [density, kg/m^3]
# name 10 = sigma-é00: Density [sigma-theta, kg/m^3]
# name 11 = sbox0Mm/Kg: Oxygen, SBE 43 [umol/kg]
# name 12 = sbox1Mm/Kg: Oxygen, SBE 43, 2 [umol/kg]
# name 13 = oxsolMm/Kg: Oxygen Saturation, Garcia & Gordon [umol/kg]
# name 14 = sbeox0PS: Oxygen, SBE 43 [% saturation]
# name 15 = v0: Voltage 0
# name 16 = flECO-AFL: Fluorescence, WET Labs ECO-AFL/FL [mg/m^3]
# name 17 = CStarAt0: Beam Attenuation, WET Labs C-Star [1/m]
# name 18 = par: PAR/Irradiance, Biospherical/Licor
# name 19 = scan: Scan Count
# name 20 = nbf: Bottles Fired
# name 21 = flag:  0.000e+00
# interval = seconds: 0.0416667
# start_time = Sep 27 2023 08:31:38 [NMEA time, first data scan]
# bad_flag = -9.990e-29
*END*
[from data line 725]
      2.488   71.33702 -164.61152      2.513     2.7863     2.7882     2.7862    30.6023    30.6134  1024.4049    24.3930    325.162    309.684  335.28003     96.982     0.0672     0.0549     0.4163 4.1368e-01      20528         15  0.000e+00
      2.434   71.33702 -164.61152      2.459     2.7861     2.7879     2.7860    30.6026    30.6135  1024.4049    24.3933    325.361    309.670  335.28052     97.042     0.0684     0.0623     0.4197 5.0269e-01      20529         15  0.000e+00
      2.434   71.33702 -164.61152      2.459     2.7861     2.7878     2.7860    30.6033    30.6137  1024.4054    24.3938    325.375    309.852  335.27883     97.046     0.0672     0.0549     0.4405 5.8648e-01      20530         15  0.000e+00
      2.434   71.33702 -164.61152      2.459     2.7860     2.7878     2.7859    30.6037    30.6141  1024.4057    24.3941    325.390    309.855  335.27918     97.051     0.0684     0.0623     0.4509 6.0455e-01      20531         15  0.000e+00
      2.488   71.33702 -164.61152      2.514     2.7861     2.7879     2.7860    30.6043    30.6138  1024.4065    24.3946    325.183    309.660  335.27631     96.990     0.0672     0.0549     0.4509 5.3863e-01      20532         15  0.000e+00
      2.434   71.33702 -164.61152      2.459     2.7865     2.7884     2.7863    30.6045    30.6135  1024.4063    24.3947    325.379    309.630  335.27314     97.049     0.0684     0.0623     0.4509 4.7704e-01      20533         15  0.000e+00
      2.434   71.33702 -164.61152      2.459     2.7869     2.7884     2.7868    30.6043    30.6138  1024.4062    24.3946    325.171    309.801  335.26989     96.988     0.0672     0.0549     0.4498 4.6379e-01      20534         15  0.000e+00
      2.488   71.33702 -164.61152      2.514     2.7871     2.7887     2.7870    30.6048    30.6136  1024.4068    24.3949    325.152    309.796  335.26700     96.983     0.0672     0.0549     0.4498 5.2582e-01      20535         15  0.000e+00
      2.434   71.33702 -164.61152      2.459     2.7874     2.7888     2.7873    30.6058    30.6137  1024.4073    24.3957    325.350    309.609  335.26215     97.043     0.0672     0.0549     0.4498 6.3996e-01      20536         15  0.000e+00
      2.434   71.33702 -164.61152      2.459     2.7879     2.7891     2.7877    30.6057    30.6139  1024.4072    24.3956    325.365    309.573  335.25839     97.049     0.0672     0.0549     0.4498 6.7486e-01      20537         15  0.000e+00
      2.545   71.33702 -164.61152      2.571     2.7888     2.7929     2.7886    30.6060    30.6147  1024.4079    24.3957    325.820    309.774  335.25004     97.187     0.0684     0.0623     0.4824 1.0027e+00      20669         16  0.000e+00
      2.545   71.33702 -164.61152      2.571     2.7894     2.7938     2.7893    30.6058    30.6147  1024.4077    24.3956    325.670    309.770  335.24493     97.144     0.0684     0.0623     0.4824 7.0903e-01      20670         16  0.000e+00
      2.545   71.33702 -164.61152      2.571     2.7901     2.7955     2.7899    30.6058    30.6154  1024.4076    24.3955    325.671    309.755  335.23972     97.146     0.0684     0.0623     0.4544 4.4605e-01      20671         16  0.000e+00
      2.545   71.33702 -164.61152      2.571     2.7904     2.7971     2.7903    30.6056    30.6157  1024.4075    24.3953    325.674    309.741  335.23741     97.147     0.0684     0.0623     0.4209 3.9747e-01      20672         16  0.000e+00
      2.545   71.33702 -164.61152      2.571     2.7910     2.7975     2.7908    30.6063    30.6158  1024.4079    24.3958    325.894    309.711  335.23083     97.215     0.0696     0.0696     0.4140 4.0478e-01      20673         16  0.000e+00
      2.606   71.33702 -164.61152      2.633     2.7916     2.7979     2.7915    30.6085    30.6157  1024.4100    24.3975    325.926    309.706  335.21983     97.227     0.0684     0.0623     0.4151 4.1368e-01      20674         16  0.000e+00
      2.545   71.33702 -164.61152      2.571     2.7927     2.7978     2.7926    30.6105    30.6166  1024.4112    24.3991    325.947    309.695  335.20562     97.238     0.0684     0.0623     0.4174 4.1518e-01      20675         16  0.000e+00
      2.545   71.33702 -164.61152      2.571     2.7941     2.7987     2.7940    30.6113    30.6163  1024.4117    24.3996    325.968    309.656  335.19156     97.248     0.0684     0.0623     0.4174 4.2732e-01      20676         16  0.000e+00
      2.545   71.33702 -164.61152      2.571     2.7954     2.7990     2.7953    30.6113    30.6166  1024.4116    24.3995    325.771    309.641  335.18065     97.193     0.0684     0.0623     0.4163 4.6707e-01      20677         16  0.000e+00
      2.606   71.33702 -164.61152      2.633     2.7971     2.7982     2.7970    30.6118    30.6169  1024.4122    24.3998    325.978    309.437  335.16549     97.259     0.0684     0.0623     0.4163 4.8208e-01      20678         16  0.000e+00
      2.545   71.33702 -164.61152      2.571     2.7983     2.7972     2.7982    30.6115    30.6165  1024.4116    24.3994    325.778    309.605  335.15601     97.202     0.0684     0.0623     0.4174 4.9058e-01      20679         16  0.000e+00
      2.606   71.33702 -164.61152      2.633     2.7998     2.7963     2.7997    30.6097    30.6159  1024.4103    24.3979    325.991    309.600  335.14840     97.268     0.0684     0.0623     0.4163 5.3863e-01      20680         16  0.000e+00
      2.545   71.33702 -164.61152      2.571     2.8004     2.7960     2.8002    30.6089    30.6157  1024.4093    24.3971    325.796    309.384  335.14572     97.210     0.0696     0.0696     0.4174 5.5927e-01      20681         16  0.000e+00
      2.568   71.33702 -164.61152      2.594     2.8015     2.7952     2.8014    30.6083    30.6160  1024.4089    24.3966    325.674    309.571  335.13768     97.176     0.0684     0.0623     0.4174 5.8056e-01      20682         16  0.000e+00
      2.545   71.33702 -164.61152      2.571     2.8020     2.7955     2.8019    30.6086    30.6163  1024.4090    24.3969    325.660    309.547  335.13280     97.173     0.0684     0.0623     0.4174 9.3541e-01      20683         16  0.000e+00
      2.545   71.33702 -164.61152      2.571     2.8026     2.7969     2.8024    30.6093    30.6161  1024.4095    24.3974    325.645    309.315  335.12612     97.171     0.0684     0.0623     0.4174 1.1902e+00      20684         16  0.000e+00
      2.545   71.33702 -164.61152      2.571     2.8026     2.7979     2.8024    30.6105    30.6170  1024.4104    24.3983    325.856    309.456  335.12313     97.235     0.0684     0.0623     0.4163 1.2162e+00      20685         16  0.000e+00
      2.607   71.33702 -164.61152      2.633     2.8034     2.7980     2.8033    30.6104    30.6177  1024.4105    24.3981    325.546    309.431  335.11675     97.144     0.0696     0.0696     0.4174 1.2542e+00      20686         16  0.000e+00
      2.545   71.33702 -164.61152      2.571     2.8039     2.7988     2.8037    30.6105    30.6174  1024.4103    24.3982    325.525    309.197  335.11242     97.139     0.0684     0.0623     0.4163 1.2815e+00      20687         16  0.000e+00
      2.545   71.33702 -164.61152      2.571     2.8043     2.7985     2.8042    30.6092    30.6173  1024.4093    24.3971    325.511    309.173  335.11206     97.135     0.0696     0.0696     0.4163 1.2894e+00      20688         16  0.000e+00
      2.545   71.33702 -164.61152      2.571     2.8042     2.7971     2.8041    30.6073    30.6169  1024.4077    24.3956    325.503    309.159  335.11787     97.131     0.0684     0.0623     0.4174 1.0576e+00      20689         16  0.000e+00
      2.545   71.33702 -164.61152      2.571     2.8037     2.7955     2.8036    30.6058    30.6157  1024.4066    24.3944    325.719    309.149  335.12570     97.193     0.0684     0.0623     0.4174 8.8340e-01      20690         16  0.000e+00
      2.545   71.33702 -164.61152      2.571     2.8027     2.7940     2.8026    30.6061    30.6145  1024.4069    24.3947    325.527    309.138  335.13312     97.134     0.0684     0.0623     0.4163 8.5562e-01      20691         16  0.000e+00
      2.545   71.33702 -164.61152      2.571     2.8024     2.7924     2.8023    30.6041    30.6144  1024.4053    24.3932    325.520    309.125  335.14089     97.129     0.0684     0.0623     0.4151 6.9291e-01      20692         16  0.000e+00
      2.545   71.33702 -164.61152      2.571     2.8010     2.7915     2.8009    30.6030    30.6138  1024.4046    24.3925    325.521    309.107  335.15513     97.125     0.0684     0.0623     0.4151 5.3494e-01      20693         16  0.000e+00
      2.545   71.33702 -164.61152      2.571     2.8004     2.7904     2.8002    30.6007    30.6142  1024.4027    24.3906    325.518    309.088  335.16660     97.121     0.0684     0.0623     0.4151 5.0269e-01      20694         16  0.000e+00
      2.545   71.33702 -164.61152      2.571     2.7990     2.7901     2.7989    30.6000    30.6139  1024.4023    24.3902    325.517    309.065  335.17994     97.117     0.0672     0.0549     0.4140 4.6052e-01      20695         16  0.000e+00
      2.491   71.33702 -164.61152      2.517     2.7973     2.7896     2.7971    30.6008    30.6140  1024.4029    24.3910    325.514    309.040  335.19214     97.113     0.0684     0.0623     0.4151 3.9027e-01      20696         16  0.000e+00
      2.545   71.33702 -164.61152      2.571     2.7957     2.7898     2.7956    30.6020    30.6144  1024.4041    24.3920    325.513    308.988  335.20233     97.109     0.0696     0.0696     0.4140 3.7200e-01      20697         16  0.000e+00
      2.491   71.33702 -164.61152      2.517     2.7943     2.7906     2.7942    30.6024    30.6154  1024.4044    24.3925    325.951    308.949  335.21282     97.237     0.0684     0.0623     0.4151 3.8599e-01      20698         16  0.000e+00
      2.491   71.33702 -164.61152      2.517     2.7930     2.7923     2.7929    30.6028    30.6157  1024.4048    24.3929    325.572    308.906  335.22264     97.121     0.0696     0.0696     0.4151 4.2122e-01      20699         16  0.000e+00
      2.545   71.33702 -164.61152      2.571     2.7925     2.7937     2.7924    30.6032    30.6157  1024.4054    24.3933    325.560    308.892  335.22558     97.117     0.0684     0.0623     0.4151 4.3194e-01      20700         16  0.000e+00
      2.514   71.33702 -164.61152      2.540     2.7921     2.7946     2.7920    30.6037    30.6157  1024.4057    24.3937    325.507    308.856  335.22788     97.100     0.0684     0.0623     0.4151 4.2886e-01      20701         16  0.000e+00
      2.491   71.33702 -164.61152      2.517     2.7918     2.7954     2.7917    30.6040    30.6151  1024.4059    24.3940    325.488    308.624  335.22976     97.094     0.0684     0.0623     0.4151 4.1368e-01      20702         16  0.000e+00
      2.491   71.33702 -164.61152      2.517     2.7915     2.7960     2.7914    30.6037    30.6150  1024.4056    24.3937    325.510    308.570  335.23285     97.100     0.0684     0.0623     0.4151 4.0773e-01      20703         16  0.000e+00
      2.491   71.33702 -164.61152      2.517     2.7913     2.7960     2.7912    30.6031    30.6158  1024.4051    24.3933    325.495    308.742  335.23621     97.094     0.0684     0.0623     0.4151 4.1219e-01      20704         16  0.000e+00
      2.437   71.33702 -164.61152      2.462     2.7906     2.7966     2.7904    30.6037    30.6153  1024.4054    24.3938    325.443    308.735  335.24109     97.077     0.0684     0.0623     0.4140 4.4289e-01      20705         16  0.000e+00
      2.491   71.33702 -164.61152      2.517     2.7902     2.7969     2.7901    30.6031    30.6152  1024.4052    24.3934    325.431    308.736  335.24516     97.072     0.0672     0.0549     0.4151 4.5890e-01      20706         16  0.000e+00
      2.491   71.33702 -164.61152      2.517     2.7897     2.7972     2.7896    30.6021    30.6154  1024.4044    24.3925    325.418    308.711  335.25190     97.067     0.0684     0.0623     0.4151 4.5405e-01      20707         16  0.000e+00
      2.491   71.33702 -164.61152      2.517     2.7889     2.7974     2.7888    30.6018    30.6154  1024.4043    24.3924    325.850    308.712  335.25917     97.193     0.0684     0.0623     0.4151 3.5440e-01      20708         16  0.000e+00
      2.437   71.33702 -164.61152      2.462     2.7883     2.7971     2.7882    30.6018    30.6155  1024.4041    24.3925    325.459    308.517  335.26419     97.075     0.0684     0.0623     0.4151 3.0290e-01      20709         16  0.000e+00
      2.491   71.33702 -164.61152      2.517     2.7879     2.7965     2.7877    30.6011    30.6155  1024.4038    24.3919    325.446    308.704  335.27011     97.070     0.0696     0.0696     0.4151 2.9702e-01      20710         16  0.000e+00
      2.437   71.33702 -164.61152      2.462     2.7871     2.7955     2.7869    30.6011    30.6160  1024.4036    24.3920    325.428    308.714  335.27670     97.063     0.0684     0.0623     0.4151 4.3661e-01      20711         16  0.000e+00
      2.491   71.33702 -164.61152      2.517     2.7866     2.7954     2.7865    30.6014    30.6154  1024.4041    24.3923    325.412    308.726  335.27962     97.057     0.0696     0.0696     0.4151 5.8451e-01      20712         16  0.000e+00
      2.437   71.33702 -164.61152      2.463     2.7860     2.7951     2.7859    30.6016    30.6155  1024.4041    24.3925    325.430    308.734  335.28446     97.061     0.0684     0.0623     0.4151 6.1273e-01      20713         16  0.000e+00
      2.437   71.33702 -164.61152      2.463     2.7857     2.7951     2.7855    30.6016    30.6147  1024.4041    24.3925    325.412    308.745  335.28727     97.055     0.0684     0.0623     0.4151 6.7263e-01      20714         16  0.000e+00
      2.437   71.33702 -164.61152      2.463     2.7850     2.7946     2.7849    30.6013    30.6150  1024.4040    24.3923    325.398    308.956  335.29328     97.049     0.0684     0.0623     0.4151 7.5445e-01      20715         16  0.000e+00
      2.437   71.33702 -164.61152      2.463     2.7844     2.7949     2.7843    30.6010    30.6141  1024.4038    24.3921    325.383    308.790  335.29897     97.043     0.0684     0.0623     0.4151 7.7682e-01      20716         16  0.000e+00
      2.491   71.33702 -164.61152      2.517     2.7839     2.7943     2.7838    30.6008    30.6144  1024.4039    24.3920    325.407    309.006  335.30350     97.048     0.0684     0.0623     0.4151 8.0494e-01      20717         16  0.000e+00
