EcoFOCI/data/1_SampleCollection/2023_SikuliaqDBO_CruiseData/CTD_raw_BottleFile_SKQ23-12S/proc/skq202312s_069svpavg.cnv
* Sea-Bird SBE 9 Data File:
* FileName = D:\CTD\SKQ202312S\SKQ202312S_069.hex
* Software Version Seasave V 7.26.7.121
* Temperature SN = 6177
* Conductivity SN = 0369
* Number of Bytes Per Scan = 41
* Number of Voltage Words = 4
* Number of Scans Averaged by the Deck Unit = 1
* NMEA Latitude = 67 46.99 N
* NMEA Longitude = 168 35.84 W
* NMEA UTC (Time) = Sep 30 2023  01:24:11
* NMEA baud rate = 4800
** Ship: R/V Sikuliaq
** Station Number: 069
** Station Name: DBO3.7
** Bottom Depth: 50
** Operator: SD
# nquan = 7
# nvalues = 43                          
# units = specified
# name 0 = depSM: Depth [salt water, m]
# name 1 = latitude: Latitude [deg]
# name 2 = longitude: Longitude [deg]
# name 3 = t090C: Temperature [ITS-90, deg C]
# name 4 = sal00: Salinity, Practical [PSU]
# name 5 = svCM: Sound Velocity [Chen-Millero, m/s]
# name 6 = flag: flag
# span 0 =      3.000,     45.000       
# span 1 =   67.78290,   67.78294       
# span 2 = -168.59750, -168.59740       
# span 3 =     2.5345,     5.4200       
# span 4 =    26.6579,    32.5370       
# span 5 =    1451.00,    1467.46       
# span 6 = 0.0000e+00, 0.0000e+00       
# interval = meters: 1                  
# start_time = Sep 30 2023 01:27:32 [NMEA time, first data scan]
# bad_flag = -9.990e-29
*END*
      3.000   67.78294 -168.59740     2.8208    26.7684    1451.00 0.0000e+00
      4.000   67.78294 -168.59740     2.9131    26.6579    1451.27 0.0000e+00
      5.000   67.78294 -168.59740     2.7899    26.9476    1451.13 0.0000e+00
      6.000   67.78294 -168.59740     2.6207    27.4452    1451.05 0.0000e+00
      7.000   67.78294 -168.59740     2.7672    27.7938    1452.16 0.0000e+00
      8.000   67.78294 -168.59742     2.7713    27.9850    1452.44 0.0000e+00
      9.000   67.78294 -168.59742     2.7705    28.2211    1452.76 0.0000e+00
     10.000   67.78294 -168.59742     2.7752    28.3611    1452.98 0.0000e+00
     11.000   67.78294 -168.59743     2.7663    28.3661    1452.96 0.0000e+00
     12.000   67.78294 -168.59744     2.7636    28.4874    1453.12 0.0000e+00
     13.000   67.78294 -168.59744     2.5345    28.5988    1452.28 0.0000e+00
     14.000   67.78294 -168.59744     2.7549    28.6791    1453.37 0.0000e+00
     15.000   67.78294 -168.59744     2.7424    28.7133    1453.37 0.0000e+00
     16.000   67.78294 -168.59746     2.9385    28.7790    1454.33 0.0000e+00
     17.000   67.78294 -168.59746     2.9246    28.8119    1454.33 0.0000e+00
     18.000   67.78294 -168.59746     2.7642    28.9113    1453.77 0.0000e+00
     19.000   67.78294 -168.59746     2.8127    29.0241    1454.15 0.0000e+00
     20.000   67.78294 -168.59746     2.8217    29.2285    1454.47 0.0000e+00
     21.000   67.78294 -168.59746     2.8005    29.4388    1454.67 0.0000e+00
     22.000   67.78294 -168.59746     2.8071    29.6663    1455.01 0.0000e+00
     23.000   67.78294 -168.59746     4.0292    30.2022    1460.94 0.0000e+00
     24.000   67.78294 -168.59746     4.8695    30.3277    1464.64 0.0000e+00
     25.000   67.78294 -168.59746     5.1789    30.4269    1466.05 0.0000e+00
     26.000   67.78294 -168.59748     4.7585    30.4943    1464.42 0.0000e+00
     27.000   67.78293 -168.59748     5.1586    30.6511    1466.29 0.0000e+00
     28.000   67.78292 -168.59748     5.4200    30.7222    1467.46 0.0000e+00
     29.000   67.78292 -168.59748     5.3991    30.7574    1467.44 0.0000e+00
     30.000   67.78292 -168.59748     5.0015    30.8020    1465.87 0.0000e+00
     31.000   67.78292 -168.59748     3.6986    30.8264    1460.49 0.0000e+00
     32.000   67.78292 -168.59748     3.4734    31.2739    1460.12 0.0000e+00
     33.000   67.78292 -168.59748     2.9898    31.7596    1458.68 0.0000e+00
     34.000   67.78292 -168.59748     3.1608    32.4266    1460.31 0.0000e+00
     35.000   67.78292 -168.59748     3.3195    32.5313    1461.15 0.0000e+00
     36.000   67.78292 -168.59748     3.2939    32.5370    1461.06 0.0000e+00
     37.000   67.78292 -168.59748     3.2911    32.5362    1461.06 0.0000e+00
     38.000   67.78292 -168.59748     3.2904    32.5354    1461.08 0.0000e+00
     39.000   67.78292 -168.59748     3.2897    32.5349    1461.09 0.0000e+00
     40.000   67.78292 -168.59750     3.2902    32.5280    1461.10 0.0000e+00
     41.000   67.78292 -168.59750     3.2877    32.5336    1461.11 0.0000e+00
     42.000   67.78292 -168.59750     3.2875    32.5333    1461.13 0.0000e+00
     43.000   67.78292 -168.59750     3.2870    32.5332    1461.14 0.0000e+00
     44.000   67.78292 -168.59750     3.2866    32.5331    1461.16 0.0000e+00
     45.000   67.78290 -168.59750     3.2865    32.5331    1461.17 0.0000e+00
