EcoFOCI/data/1_SampleCollection/2023_SikuliaqDBO_CruiseData/CTD_raw_BottleFile_SKQ23-12S/proc/SKQ202312S_SBE49_023svp.cnv
* Sea-Bird SBE 49 Data File:
* FileName = D:\Data\FASTCAT\SKQ202312S\SKQ202312S_SBE49_023.hex
* Software Version Seasave V 7.26.7.121
* Temperature SN = 0636
* Conductivity SN = 0636
* System UpLoad Time = Sep 25 2023 07:19:45
* NMEA Latitude = 71 51.11 N
* NMEA Longitude = 162 09.77 W
* NMEA UTC (Time) = Sep 25 2023  07:19:44
** Ship: R/V Sikuliaq
** Station: Bongo023
** Operator: CJG
# nquan = 7
# nvalues = 636                                   
# units = specified
# name 0 = depSM: Depth [salt water, m]
# name 1 = latitude: Latitude [deg]
# name 2 = longitude: Longitude [deg]
# name 3 = t4990C: Temperature [ITS-90, deg C]
# name 4 = sal00: Salinity, Practical [PSU]
# name 5 = svCM: Sound Velocity [Chen-Millero, m/s]
# name 6 = flag:  0.000e+00
# span 0 =     14.680,     32.783                 
# span 1 =   71.85188,   71.85206                 
# span 2 = -162.16346, -162.16286                 
# span 3 =    -0.7161,    -0.2654                 
# span 4 =    25.7736,    32.6640                 
# span 5 =    1434.99,    1443.35                 
# span 6 = 0.0000e+00, 0.0000e+00                 
# interval = seconds: 0.0625
# start_time = Sep 25 2023 07:19:44 [NMEA time, first data scan]
# bad_flag = -9.990e-29
*END*
[from data line 411]
     26.544   71.85200 -162.16326    -0.7091    28.8527    1438.02  0.000e+00
     26.571   71.85200 -162.16326    -0.7088    28.9351    1438.13  0.000e+00
     26.606   71.85200 -162.16326    -0.7087    29.0117    1438.23  0.000e+00
     26.637   71.85200 -162.16326    -0.7086    29.0543    1438.29  0.000e+00
     26.669   71.85200 -162.16326    -0.7083    29.1271    1438.39  0.000e+00
     26.702   71.85200 -162.16326    -0.7083    29.2068    1438.50  0.000e+00
     26.734   71.85200 -162.16326    -0.7085    29.2936    1438.62  0.000e+00
     26.764   71.85200 -162.16326    -0.7084    29.3063    1438.63  0.000e+00
     26.791   71.85200 -162.16328    -0.7083    29.4439    1438.82  0.000e+00
     26.825   71.85200 -162.16328    -0.7085    29.5147    1438.91  0.000e+00
     26.857   71.85200 -162.16328    -0.7083    29.5774    1439.00  0.000e+00
     26.888   71.85200 -162.16328    -0.7084    29.6403    1439.08  0.000e+00
     26.919   71.85200 -162.16328    -0.7078    29.7277    1439.20  0.000e+00
     26.952   71.85200 -162.16328    -0.7077    29.7694    1439.26  0.000e+00
     26.980   71.85200 -162.16328    -0.7077    29.8571    1439.38  0.000e+00
     27.010   71.85200 -162.16328    -0.7078    29.9001    1439.44  0.000e+00
     27.039   71.85200 -162.16328    -0.7081    30.0273    1439.61  0.000e+00
     27.066   71.85200 -162.16328    -0.7078    30.1632    1439.79  0.000e+00
     27.097   71.85200 -162.16328    -0.7075    30.2248    1439.88  0.000e+00
     27.127   71.85200 -162.16328    -0.7077    30.2818    1439.95  0.000e+00
     27.154   71.85200 -162.16328    -0.7072    30.3256    1440.02  0.000e+00
     27.183   71.85200 -162.16328    -0.7076    30.4119    1440.13  0.000e+00
     27.212   71.85200 -162.16328    -0.7075    30.5123    1440.27  0.000e+00
     27.238   71.85200 -162.16328    -0.7080    30.5511    1440.32  0.000e+00
     27.269   71.85200 -162.16328    -0.7074    30.6466    1440.45  0.000e+00
     27.293   71.85200 -162.16328    -0.7073    30.6560    1440.46  0.000e+00
     27.317   71.85200 -162.16328    -0.7071    30.6567    1440.46  0.000e+00
     27.345   71.85200 -162.16328    -0.7072    30.7075    1440.53  0.000e+00
     27.371   71.85200 -162.16328    -0.7074    30.7618    1440.61  0.000e+00
     27.403   71.85200 -162.16328    -0.7072    30.8054    1440.67  0.000e+00
     27.425   71.85200 -162.16328    -0.7073    30.7859    1440.64  0.000e+00
     27.453   71.85200 -162.16328    -0.7072    30.8533    1440.73  0.000e+00
     27.478   71.85200 -162.16328    -0.7070    30.8789    1440.77  0.000e+00
     27.505   71.85200 -162.16328    -0.7071    30.8790    1440.77  0.000e+00
     27.531   71.85200 -162.16328    -0.7069    30.9495    1440.86  0.000e+00
     27.557   71.85200 -162.16328    -0.7074    30.9444    1440.85  0.000e+00
     27.580   71.85200 -162.16328    -0.7072    30.9969    1440.93  0.000e+00
     27.603   71.85200 -162.16328    -0.7069    31.0037    1440.94  0.000e+00
     27.629   71.85200 -162.16328    -0.7073    31.0017    1440.93  0.000e+00
     27.652   71.85200 -162.16328    -0.7071    31.0242    1440.96  0.000e+00
     27.676   71.85200 -162.16330    -0.7073    31.0604    1441.01  0.000e+00
     27.706   71.85200 -162.16330    -0.7070    31.0698    1441.03  0.000e+00
     27.729   71.85200 -162.16330    -0.7069    31.0737    1441.03  0.000e+00
     27.754   71.85200 -162.16330    -0.7071    31.0996    1441.07  0.000e+00
     27.780   71.85200 -162.16330    -0.7070    31.1492    1441.13  0.000e+00
     27.804   71.85200 -162.16330    -0.7071    31.1248    1441.10  0.000e+00
     27.828   71.85200 -162.16330    -0.7071    31.1476    1441.13  0.000e+00
     27.855   71.85200 -162.16330    -0.7070    31.1756    1441.17  0.000e+00
     27.877   71.85200 -162.16330    -0.7071    31.2079    1441.21  0.000e+00
     27.904   71.85200 -162.16330    -0.7070    31.1925    1441.19  0.000e+00
     27.926   71.85200 -162.16330    -0.7070    31.2261    1441.24  0.000e+00
     27.951   71.85200 -162.16330    -0.7069    31.2506    1441.27  0.000e+00
     27.977   71.85200 -162.16330    -0.7069    31.2506    1441.27  0.000e+00
     28.002   71.85200 -162.16330    -0.7069    31.2659    1441.30  0.000e+00
     28.027   71.85200 -162.16330    -0.7069    31.2789    1441.31  0.000e+00
     28.054   71.85200 -162.16330    -0.7068    31.3052    1441.35  0.000e+00
     28.081   71.85202 -162.16332    -0.7067    31.3124    1441.36  0.000e+00
     28.108   71.85202 -162.16332    -0.7064    31.3191    1441.37  0.000e+00
     28.132   71.85202 -162.16332    -0.7063    31.3369    1441.40  0.000e+00
     28.157   71.85202 -162.16332    -0.7063    31.3293    1441.39  0.000e+00
     28.182   71.85202 -162.16332    -0.7064    31.3211    1441.38  0.000e+00
     28.208   71.85202 -162.16332    -0.7063    31.3437    1441.41  0.000e+00
     28.233   71.85202 -162.16332    -0.7063    31.3960    1441.48  0.000e+00
     28.260   71.85202 -162.16332    -0.7061    31.3860    1441.47  0.000e+00
     28.281   71.85202 -162.16332    -0.7063    31.3975    1441.48  0.000e+00
     28.308   71.85202 -162.16332    -0.7062    31.4159    1441.51  0.000e+00
     28.339   71.85202 -162.16332    -0.7061    31.4400    1441.54  0.000e+00
     28.372   71.85202 -162.16332    -0.7061    31.4400    1441.54  0.000e+00
     28.399   71.85202 -162.16332    -0.7061    31.4518    1441.56  0.000e+00
     28.425   71.85202 -162.16332    -0.7059    31.4733    1441.59  0.000e+00
     28.454   71.85202 -162.16332    -0.7062    31.4777    1441.59  0.000e+00
     28.483   71.85202 -162.16332    -0.7061    31.5013    1441.62  0.000e+00
     28.514   71.85202 -162.16334    -0.7060    31.5151    1441.64  0.000e+00
     28.542   71.85202 -162.16334    -0.7058    31.5350    1441.67  0.000e+00
     28.574   71.85202 -162.16334    -0.7055    31.5202    1441.65  0.000e+00
     28.603   71.85202 -162.16334    -0.7054    31.5273    1441.66  0.000e+00
     28.636   71.85202 -162.16334    -0.7052    31.5349    1441.68  0.000e+00
     28.673   71.85202 -162.16334    -0.7052    31.5457    1441.69  0.000e+00
     28.703   71.85202 -162.16334    -0.7053    31.5474    1441.69  0.000e+00
     28.734   71.85202 -162.16334    -0.7052    31.5685    1441.72  0.000e+00
     28.767   71.85202 -162.16334    -0.7053    31.5711    1441.73  0.000e+00
     28.799   71.85202 -162.16334    -0.7051    31.5880    1441.75  0.000e+00
     28.833   71.85202 -162.16334    -0.7050    31.6029    1441.77  0.000e+00
     28.866   71.85202 -162.16334    -0.7044    31.6137    1441.79  0.000e+00
     28.898   71.85202 -162.16334    -0.7047    31.5999    1441.77  0.000e+00
     28.933   71.85202 -162.16334    -0.7045    31.5950    1441.77  0.000e+00
     28.968   71.85202 -162.16334    -0.7044    31.6016    1441.78  0.000e+00
     29.002   71.85202 -162.16334    -0.7045    31.6008    1441.77  0.000e+00
     29.037   71.85202 -162.16336    -0.7045    31.6172    1441.80  0.000e+00
     29.070   71.85202 -162.16336    -0.7044    31.6456    1441.84  0.000e+00
     29.104   71.85202 -162.16336    -0.7041    31.6613    1441.86  0.000e+00
     29.138   71.85202 -162.16336    -0.7044    31.6907    1441.90  0.000e+00
     29.172   71.85202 -162.16336    -0.7041    31.6894    1441.90  0.000e+00
     29.203   71.85202 -162.16336    -0.7039    31.6975    1441.91  0.000e+00
     29.238   71.85202 -162.16336    -0.7037    31.7167    1441.94  0.000e+00
     29.274   71.85202 -162.16336    -0.7040    31.7329    1441.96  0.000e+00
     29.305   71.85202 -162.16336    -0.7036    31.7732    1442.02  0.000e+00
     29.339   71.85202 -162.16336    -0.7035    31.8012    1442.05  0.000e+00
     29.373   71.85202 -162.16336    -0.7036    31.7934    1442.04  0.000e+00
     29.404   71.85202 -162.16336    -0.7031    31.7981    1442.05  0.000e+00
     29.435   71.85202 -162.16336    -0.7032    31.7950    1442.05  0.000e+00
     29.471   71.85202 -162.16336    -0.7030    31.7979    1442.05  0.000e+00
     29.501   71.85202 -162.16336    -0.7030    31.8105    1442.07  0.000e+00
     29.530   71.85202 -162.16336    -0.7027    31.8258    1442.09  0.000e+00
     29.561   71.85202 -162.16336    -0.7025    31.8448    1442.12  0.000e+00
     29.595   71.85202 -162.16336    -0.7029    31.8578    1442.14  0.000e+00
     29.625   71.85202 -162.16336    -0.7025    31.8741    1442.16  0.000e+00
     29.657   71.85202 -162.16336    -0.7022    31.8764    1442.17  0.000e+00
     29.687   71.85202 -162.16336    -0.7018    31.8827    1442.18  0.000e+00
     29.713   71.85202 -162.16336    -0.7019    31.8839    1442.18  0.000e+00
     29.740   71.85202 -162.16336    -0.7016    31.8872    1442.19  0.000e+00
     29.768   71.85202 -162.16336    -0.7019    31.9120    1442.22  0.000e+00
     29.796   71.85202 -162.16336    -0.7020    31.9149    1442.22  0.000e+00
     29.823   71.85202 -162.16336    -0.7020    31.9158    1442.22  0.000e+00
     29.848   71.85202 -162.16336    -0.7017    31.9260    1442.24  0.000e+00
     29.873   71.85202 -162.16336    -0.7011    31.9431    1442.27  0.000e+00
     29.901   71.85202 -162.16336    -0.7009    31.9450    1442.27  0.000e+00
     29.929   71.85202 -162.16336    -0.7009    31.9482    1442.27  0.000e+00
     29.952   71.85202 -162.16336    -0.7012    31.9469    1442.27  0.000e+00
     29.973   71.85202 -162.16336    -0.7013    31.9443    1442.27  0.000e+00
     29.998   71.85204 -162.16338    -0.7009    31.9717    1442.31  0.000e+00
     30.023   71.85204 -162.16338    -0.7006    31.9895    1442.33  0.000e+00
     30.045   71.85204 -162.16338    -0.7009    32.0411    1442.40  0.000e+00
     30.070   71.85204 -162.16338    -0.7006    32.0876    1442.47  0.000e+00
     30.091   71.85204 -162.16338    -0.7005    32.1729    1442.58  0.000e+00
     30.112   71.85204 -162.16338    -0.7002    32.2637    1442.70  0.000e+00
     30.130   71.85204 -162.16338    -0.7002    31.3377    1441.46  0.000e+00
     30.151   71.85204 -162.16338    -0.7003    31.7030    1441.95  0.000e+00
     30.174   71.85204 -162.16338    -0.6999    32.3546    1442.83  0.000e+00
     30.195   71.85204 -162.16338    -0.7000    32.3542    1442.83  0.000e+00
     30.215   71.85204 -162.16338    -0.6996    32.3670    1442.85  0.000e+00
     30.233   71.85204 -162.16338    -0.6990    32.3664    1442.85  0.000e+00
     30.255   71.85204 -162.16338    -0.6988    32.3352    1442.81  0.000e+00
     30.276   71.85204 -162.16338    -0.6980    32.4245    1442.93  0.000e+00
     30.294   71.85204 -162.16338    -0.6980    32.4474    1442.97  0.000e+00
     30.314   71.85204 -162.16338    -0.6976    32.4469    1442.97  0.000e+00
     30.336   71.85204 -162.16340    -0.6973    32.4508    1442.97  0.000e+00
     30.360   71.85204 -162.16340    -0.6974    32.5172    1443.06  0.000e+00
     30.379   71.85204 -162.16340    -0.6974    32.5391    1443.09  0.000e+00
     30.401   71.85204 -162.16340    -0.6976    32.5538    1443.11  0.000e+00
     30.423   71.85204 -162.16340    -0.6976    32.5633    1443.13  0.000e+00
     30.443   71.85204 -162.16340    -0.6980    32.5805    1443.15  0.000e+00
     30.462   71.85204 -162.16340    -0.6981    32.5945    1443.17  0.000e+00
     30.489   71.85204 -162.16340    -0.6981    32.6014    1443.18  0.000e+00
     30.510   71.85204 -162.16340    -0.6985    32.6099    1443.19  0.000e+00
     30.527   71.85204 -162.16340    -0.6986    32.6153    1443.19  0.000e+00
     30.550   71.85204 -162.16340    -0.6987    32.6171    1443.19  0.000e+00
     30.579   71.85204 -162.16340    -0.6990    32.6206    1443.20  0.000e+00
     30.602   71.85204 -162.16340    -0.6989    32.6226    1443.20  0.000e+00
     30.626   71.85204 -162.16340    -0.6988    32.6241    1443.21  0.000e+00
     30.652   71.85204 -162.16340    -0.6990    32.6281    1443.21  0.000e+00
     30.673   71.85204 -162.16340    -0.6990    32.6301    1443.21  0.000e+00
     30.699   71.85204 -162.16342    -0.6994    32.6321    1443.21  0.000e+00
     30.722   71.85204 -162.16342    -0.6993    32.6338    1443.22  0.000e+00
     30.753   71.85204 -162.16342    -0.6991    32.6372    1443.22  0.000e+00
     30.783   71.85204 -162.16342    -0.6989    32.6396    1443.23  0.000e+00
     30.807   71.85204 -162.16342    -0.6984    32.6398    1443.23  0.000e+00
     30.834   71.85204 -162.16342    -0.6984    32.6407    1443.23  0.000e+00
     30.864   71.85204 -162.16342    -0.6979    32.6423    1443.24  0.000e+00
     30.895   71.85204 -162.16342    -0.6971    32.6415    1443.24  0.000e+00
     30.922   71.85204 -162.16342    -0.6968    32.6421    1443.24  0.000e+00
     30.953   71.85204 -162.16342    -0.6965    32.6408    1443.24  0.000e+00
     30.984   71.85204 -162.16342    -0.6964    32.6433    1443.25  0.000e+00
     31.014   71.85204 -162.16342    -0.6962    32.6436    1443.25  0.000e+00
     31.045   71.85204 -162.16342    -0.6961    32.6408    1443.25  0.000e+00
     31.076   71.85204 -162.16342    -0.6962    32.6415    1443.25  0.000e+00
     31.107   71.85204 -162.16342    -0.6965    32.6422    1443.25  0.000e+00
     31.142   71.85204 -162.16342    -0.6968    32.6436    1443.25  0.000e+00
     31.172   71.85204 -162.16342    -0.6968    32.6425    1443.25  0.000e+00
     31.204   71.85204 -162.16342    -0.6968    32.6426    1443.25  0.000e+00
     31.237   71.85204 -162.16342    -0.6967    32.6414    1443.25  0.000e+00
     31.272   71.85204 -162.16342    -0.6966    32.6122    1443.21  0.000e+00
     31.301   71.85204 -162.16342    -0.6969    32.6630    1443.28  0.000e+00
     31.332   71.85204 -162.16342    -0.6969    32.6640    1443.28  0.000e+00
     31.365   71.85204 -162.16342    -0.6967    32.6638    1443.28  0.000e+00
     31.399   71.85204 -162.16342    -0.6969    32.6639    1443.28  0.000e+00
     31.433   71.85204 -162.16342    -0.6967    32.6637    1443.28  0.000e+00
     31.467   71.85204 -162.16342    -0.6965    32.6636    1443.28  0.000e+00
     31.497   71.85204 -162.16342    -0.6964    32.6628    1443.28  0.000e+00
     31.532   71.85204 -162.16342    -0.6965    32.6629    1443.28  0.000e+00
     31.567   71.85204 -162.16342    -0.6966    32.6625    1443.28  0.000e+00
     31.604   71.85204 -162.16342    -0.6965    32.6634    1443.29  0.000e+00
     31.635   71.85204 -162.16342    -0.6962    32.6637    1443.29  0.000e+00
     31.667   71.85204 -162.16342    -0.6961    32.6629    1443.29  0.000e+00
     31.704   71.85206 -162.16344    -0.6958    32.6637    1443.29  0.000e+00
     31.739   71.85206 -162.16344    -0.6953    32.6626    1443.29  0.000e+00
     31.774   71.85206 -162.16344    -0.6947    32.6619    1443.29  0.000e+00
     31.808   71.85206 -162.16344    -0.6939    32.6614    1443.30  0.000e+00
     31.841   71.85206 -162.16344    -0.6933    32.6620    1443.30  0.000e+00
     31.876   71.85206 -162.16344    -0.6931    32.6623    1443.30  0.000e+00
     31.908   71.85206 -162.16344    -0.6931    32.6618    1443.30  0.000e+00
     31.942   71.85206 -162.16344    -0.6931    32.6618    1443.30  0.000e+00
     31.979   71.85206 -162.16344    -0.6931    32.6628    1443.31  0.000e+00
     32.008   71.85206 -162.16344    -0.6930    32.6611    1443.30  0.000e+00
     32.038   71.85206 -162.16344    -0.6929    32.6609    1443.31  0.000e+00
     32.070   71.85206 -162.16344    -0.6929    32.6615    1443.31  0.000e+00
     32.102   71.85206 -162.16344    -0.6932    32.6623    1443.31  0.000e+00
     32.133   71.85206 -162.16344    -0.6930    32.6610    1443.31  0.000e+00
     32.162   71.85206 -162.16344    -0.6929    32.6614    1443.31  0.000e+00
     32.192   71.85206 -162.16344    -0.6928    32.6602    1443.31  0.000e+00
     32.222   71.85206 -162.16346    -0.6929    32.6614    1443.31  0.000e+00
     32.253   71.85206 -162.16346    -0.6927    32.6611    1443.31  0.000e+00
     32.277   71.85206 -162.16346    -0.6926    32.6610    1443.31  0.000e+00
     32.303   71.85206 -162.16346    -0.6929    32.6613    1443.31  0.000e+00
