EcoFOCI/data/1_SampleCollection/2023_SikuliaqDBO_CruiseData/CTD_raw_BottleFile_SKQ23-12S/proc/skq202312s_018svp.cnv
* Sea-Bird SBE 9 Data File:
* FileName = D:\CTD\SKQ202312S\SKQ202312S_018.hex
* Software Version Seasave V 7.26.7.121
* Temperature SN = 6177
* Conductivity SN = 0369
* Number of Bytes Per Scan = 41
* Number of Voltage Words = 4
* Number of Scans Averaged by the Deck Unit = 1
* NMEA Latitude = 64 40.12 N
* NMEA Longitude = 168 14.25 W
* NMEA UTC (Time) = Sep 17 2023  18:54:46
* NMEA baud rate = 4800
** Ship: R/V Sikuliaq
** Station Number: 018
** Station Name: DBO2.3
** Bottom Depth: 38
** Operator: SD
# nquan = 7
# nvalues = 4087                                  
# units = specified
# name 0 = depSM: Depth [salt water, m]
# name 1 = latitude: Latitude [deg]
# name 2 = longitude: Longitude [deg]
# name 3 = t090C: Temperature [ITS-90, deg C]
# name 4 = sal00: Salinity, Practical [PSU]
# name 5 = svCM: Sound Velocity [Chen-Millero, m/s]
# name 6 = flag:  0.000e+00
# span 0 =      3.209,     33.032                 
# span 1 =   64.66886,   64.66890                 
# span 2 = -168.23718, -168.23714                 
# span 3 =     5.3066,     6.2563                 
# span 4 =    31.7797,    31.8869                 
# span 5 =    1468.55,    1471.82                 
# span 6 = 0.0000e+00, 0.0000e+00                 
# interval = seconds: 0.0416667
# start_time = Sep 17 2023 18:58:23 [NMEA time, first data scan]
# bad_flag = -9.990e-29
*END*
[from data line 1026]
      7.549   64.66890 -168.23716     6.1101    31.8167    1471.29  0.000e+00
      7.433   64.66890 -168.23716     6.1097    31.8179    1471.29  0.000e+00
      7.549   64.66890 -168.23716     6.1095    31.8179    1471.29  0.000e+00
      7.549   64.66890 -168.23716     6.1091    31.8182    1471.29  0.000e+00
      7.495   64.66890 -168.23716     6.1098    31.8186    1471.29  0.000e+00
      7.603   64.66890 -168.23716     6.1111    31.8189    1471.30  0.000e+00
      7.549   64.66890 -168.23716     6.1129    31.8194    1471.30  0.000e+00
      7.603   64.66890 -168.23716     6.1157    31.8186    1471.32  0.000e+00
      7.603   64.66890 -168.23716     6.1167    31.8176    1471.32  0.000e+00
      7.603   64.66890 -168.23716     6.1164    31.8172    1471.32  0.000e+00
      7.603   64.66890 -168.23716     6.1153    31.8159    1471.31  0.000e+00
      7.664   64.66890 -168.23716     6.1138    31.8147    1471.30  0.000e+00
      7.603   64.66890 -168.23716     6.1121    31.8145    1471.30  0.000e+00
      7.718   64.66890 -168.23716     6.1106    31.7797    1471.25  0.000e+00
      7.602   64.66890 -168.23716     6.1098    31.8012    1471.27  0.000e+00
      7.718   64.66890 -168.23716     6.1080    31.8156    1471.28  0.000e+00
      7.664   64.66890 -168.23716     6.1077    31.8164    1471.28  0.000e+00
      7.718   64.66890 -168.23716     6.1074    31.8167    1471.28  0.000e+00
      7.718   64.66890 -168.23716     6.1069    31.8169    1471.28  0.000e+00
      7.695   64.66890 -168.23716     6.1065    31.8164    1471.28  0.000e+00
      7.718   64.66890 -168.23716     6.1061    31.8166    1471.28  0.000e+00
      7.718   64.66890 -168.23716     6.1052    31.8174    1471.27  0.000e+00
      7.780   64.66890 -168.23716     6.1047    31.8175    1471.27  0.000e+00
      7.718   64.66890 -168.23716     6.1041    31.8176    1471.27  0.000e+00
      7.780   64.66890 -168.23716     6.1040    31.8174    1471.27  0.000e+00
      7.780   64.66890 -168.23716     6.1037    31.8178    1471.27  0.000e+00
      7.780   64.66890 -168.23716     6.1037    31.8180    1471.27  0.000e+00
      7.780   64.66890 -168.23716     6.1035    31.8178    1471.27  0.000e+00
      7.780   64.66890 -168.23716     6.1031    31.8182    1471.27  0.000e+00
      7.780   64.66890 -168.23716     6.1032    31.8180    1471.27  0.000e+00
      7.834   64.66890 -168.23716     6.1034    31.8178    1471.27  0.000e+00
      7.780   64.66890 -168.23716     6.1034    31.8179    1471.27  0.000e+00
      7.834   64.66890 -168.23716     6.1035    31.8178    1471.27  0.000e+00
      7.779   64.66890 -168.23716     6.1034    31.8179    1471.27  0.000e+00
      7.833   64.66890 -168.23716     6.1032    31.8181    1471.27  0.000e+00
      7.833   64.66890 -168.23716     6.1034    31.8185    1471.27  0.000e+00
      7.833   64.66890 -168.23716     6.1055    31.8170    1471.28  0.000e+00
      7.833   64.66890 -168.23716     6.1077    31.8158    1471.28  0.000e+00
      7.810   64.66890 -168.23716     6.1081    31.7939    1471.26  0.000e+00
      7.833   64.66890 -168.23716     6.1082    31.7966    1471.26  0.000e+00
      7.833   64.66890 -168.23716     6.1095    31.8112    1471.29  0.000e+00
      7.833   64.66890 -168.23716     6.1121    31.8132    1471.30  0.000e+00
      7.895   64.66890 -168.23716     6.1151    31.8104    1471.31  0.000e+00
      7.833   64.66890 -168.23716     6.1162    31.8094    1471.31  0.000e+00
      7.833   64.66890 -168.23716     6.1136    31.8118    1471.30  0.000e+00
      7.833   64.66890 -168.23716     6.1111    31.8142    1471.30  0.000e+00
      7.895   64.66890 -168.23716     6.1103    31.8150    1471.29  0.000e+00
      7.833   64.66890 -168.23716     6.1106    31.8147    1471.29  0.000e+00
      7.833   64.66890 -168.23716     6.1097    31.8165    1471.29  0.000e+00
      7.895   64.66890 -168.23716     6.1080    31.8182    1471.29  0.000e+00
      7.833   64.66890 -168.23716     6.1072    31.8193    1471.29  0.000e+00
      7.895   64.66890 -168.23716     6.1081    31.8182    1471.29  0.000e+00
      7.895   64.66890 -168.23716     6.1077    31.8175    1471.29  0.000e+00
      7.833   64.66890 -168.23716     6.1076    31.8175    1471.29  0.000e+00
      7.895   64.66890 -168.23716     6.1072    31.8173    1471.28  0.000e+00
      7.833   64.66890 -168.23716     6.1083    31.8160    1471.29  0.000e+00
      7.864   64.66890 -168.23716     6.1095    31.8146    1471.29  0.000e+00
      7.895   64.66890 -168.23716     6.1095    31.8148    1471.29  0.000e+00
      7.895   64.66890 -168.23716     6.1074    31.8167    1471.29  0.000e+00
      7.833   64.66890 -168.23716     6.1058    31.8188    1471.28  0.000e+00
      7.895   64.66890 -168.23716     6.1054    31.8194    1471.28  0.000e+00
      7.895   64.66890 -168.23716     6.1055    31.8201    1471.28  0.000e+00
      7.833   64.66890 -168.23716     6.1077    31.8181    1471.29  0.000e+00
      7.895   64.66890 -168.23716     6.1101    31.8164    1471.30  0.000e+00
      7.895   64.66890 -168.23716     6.1114    31.8158    1471.30  0.000e+00
      7.895   64.66890 -168.23716     6.1130    31.8146    1471.30  0.000e+00
      7.895   64.66890 -168.23716     6.1133    31.8146    1471.31  0.000e+00
      7.895   64.66890 -168.23716     6.1130    31.8147    1471.30  0.000e+00
      7.895   64.66890 -168.23716     6.1119    31.8160    1471.30  0.000e+00
      7.895   64.66890 -168.23716     6.1119    31.8154    1471.30  0.000e+00
      7.895   64.66890 -168.23716     6.1108    31.8165    1471.30  0.000e+00
      7.895   64.66890 -168.23716     6.1098    31.8172    1471.30  0.000e+00
      7.895   64.66890 -168.23716     6.1088    31.8177    1471.29  0.000e+00
      7.949   64.66890 -168.23716     6.1084    31.8171    1471.29  0.000e+00
      7.864   64.66890 -168.23716     6.1069    31.8176    1471.28  0.000e+00
      7.949   64.66890 -168.23716     6.1064    31.8177    1471.28  0.000e+00
      7.948   64.66890 -168.23716     6.1066    31.8175    1471.28  0.000e+00
      7.894   64.66890 -168.23716     6.1069    31.8166    1471.28  0.000e+00
      7.948   64.66890 -168.23716     6.1066    31.8166    1471.28  0.000e+00
      7.948   64.66890 -168.23716     6.1063    31.8170    1471.28  0.000e+00
      7.948   64.66890 -168.23716     6.1059    31.8177    1471.28  0.000e+00
      7.948   64.66890 -168.23716     6.1061    31.8181    1471.28  0.000e+00
      7.948   64.66890 -168.23716     6.1066    31.8183    1471.28  0.000e+00
      7.948   64.66890 -168.23716     6.1070    31.8179    1471.29  0.000e+00
      7.948   64.66890 -168.23716     6.1072    31.8181    1471.29  0.000e+00
      8.002   64.66890 -168.23716     6.1074    31.8177    1471.29  0.000e+00
      7.948   64.66890 -168.23716     6.1082    31.8172    1471.29  0.000e+00
      8.002   64.66890 -168.23716     6.1089    31.8165    1471.29  0.000e+00
      8.002   64.66890 -168.23716     6.1087    31.8166    1471.29  0.000e+00
      8.002   64.66890 -168.23716     6.1083    31.8170    1471.29  0.000e+00
      8.064   64.66890 -168.23716     6.1087    31.8170    1471.29  0.000e+00
      8.002   64.66890 -168.23716     6.1088    31.8169    1471.29  0.000e+00
      8.033   64.66890 -168.23716     6.1084    31.8177    1471.29  0.000e+00
      8.064   64.66890 -168.23716     6.1088    31.8172    1471.29  0.000e+00
      8.064   64.66890 -168.23716     6.1085    31.8162    1471.29  0.000e+00
      8.002   64.66890 -168.23716     6.1066    31.8168    1471.28  0.000e+00
      8.064   64.66890 -168.23716     6.1047    31.8174    1471.28  0.000e+00
      8.064   64.66890 -168.23716     6.1038    31.8179    1471.28  0.000e+00
      8.118   64.66890 -168.23716     6.1040    31.8178    1471.28  0.000e+00
      8.118   64.66890 -168.23716     6.1045    31.8173    1471.28  0.000e+00
      8.118   64.66890 -168.23716     6.1047    31.8172    1471.28  0.000e+00
      8.064   64.66890 -168.23716     6.1041    31.8173    1471.28  0.000e+00
      8.118   64.66890 -168.23716     6.1038    31.8171    1471.27  0.000e+00
      8.179   64.66890 -168.23716     6.1034    31.8163    1471.27  0.000e+00
      8.118   64.66890 -168.23716     6.1000    31.8185    1471.26  0.000e+00
      8.179   64.66890 -168.23716     6.0989    31.8199    1471.26  0.000e+00
      8.179   64.66890 -168.23716     6.0992    31.8206    1471.26  0.000e+00
      8.179   64.66890 -168.23716     6.1007    31.8201    1471.27  0.000e+00
      8.210   64.66890 -168.23716     6.1016    31.8198    1471.27  0.000e+00
      8.179   64.66890 -168.23716     6.1026    31.8189    1471.27  0.000e+00
      8.179   64.66890 -168.23716     6.1027    31.8186    1471.27  0.000e+00
      8.233   64.66890 -168.23716     6.1025    31.8187    1471.27  0.000e+00
      8.233   64.66890 -168.23716     6.1026    31.8187    1471.27  0.000e+00
      8.233   64.66890 -168.23716     6.1034    31.8178    1471.28  0.000e+00
      8.233   64.66890 -168.23716     6.1037    31.8176    1471.28  0.000e+00
      8.287   64.66890 -168.23716     6.1040    31.8174    1471.28  0.000e+00
      8.287   64.66890 -168.23716     6.1039    31.8176    1471.28  0.000e+00
      8.287   64.66890 -168.23716     6.1047    31.8179    1471.28  0.000e+00
      8.287   64.66890 -168.23716     6.1063    31.8181    1471.29  0.000e+00
      8.287   64.66890 -168.23716     6.1072    31.8171    1471.29  0.000e+00
      8.349   64.66890 -168.23716     6.1074    31.8166    1471.29  0.000e+00
      8.287   64.66890 -168.23716     6.1074    31.8182    1471.29  0.000e+00
      8.349   64.66890 -168.23716     6.1097    31.8196    1471.31  0.000e+00
      8.349   64.66890 -168.23716     6.1122    31.8186    1471.31  0.000e+00
      8.380   64.66890 -168.23716     6.1125    31.8174    1471.31  0.000e+00
      8.403   64.66890 -168.23716     6.1116    31.8166    1471.31  0.000e+00
      8.349   64.66890 -168.23716     6.1098    31.8171    1471.30  0.000e+00
      8.403   64.66890 -168.23716     6.1091    31.8174    1471.30  0.000e+00
      8.403   64.66890 -168.23716     6.1090    31.8171    1471.30  0.000e+00
      8.403   64.66890 -168.23716     6.1094    31.8170    1471.30  0.000e+00
      8.464   64.66890 -168.23716     6.1095    31.8167    1471.30  0.000e+00
      8.403   64.66890 -168.23716     6.1091    31.8170    1471.30  0.000e+00
      8.464   64.66890 -168.23716     6.1087    31.8171    1471.30  0.000e+00
      8.464   64.66890 -168.23716     6.1083    31.8166    1471.30  0.000e+00
      8.464   64.66890 -168.23716     6.1079    31.8169    1471.30  0.000e+00
      8.464   64.66890 -168.23716     6.1080    31.8167    1471.30  0.000e+00
      8.518   64.66890 -168.23716     6.1082    31.8168    1471.30  0.000e+00
      8.464   64.66890 -168.23716     6.1083    31.8165    1471.30  0.000e+00
      8.518   64.66890 -168.23716     6.1078    31.8164    1471.30  0.000e+00
      8.549   64.66890 -168.23716     6.1068    31.8156    1471.29  0.000e+00
      8.518   64.66890 -168.23716     6.1038    31.8154    1471.28  0.000e+00
      8.518   64.66890 -168.23716     6.1000    31.8137    1471.26  0.000e+00
      8.580   64.66890 -168.23716     6.0961    31.8113    1471.24  0.000e+00
      8.464   64.66890 -168.23716     6.0930    31.8134    1471.23  0.000e+00
      8.634   64.66890 -168.23716     6.0929    31.8157    1471.24  0.000e+00
      8.580   64.66890 -168.23716     6.0936    31.8169    1471.24  0.000e+00
      8.634   64.66890 -168.23716     6.0931    31.8154    1471.24  0.000e+00
      8.580   64.66890 -168.23716     6.0896    31.8152    1471.22  0.000e+00
      8.580   64.66890 -168.23716     6.0857    31.8159    1471.21  0.000e+00
      8.634   64.66890 -168.23716     6.0837    31.8152    1471.20  0.000e+00
      8.634   64.66890 -168.23716     6.0813    31.8144    1471.19  0.000e+00
      8.634   64.66890 -168.23716     6.0789    31.8155    1471.18  0.000e+00
      8.634   64.66890 -168.23716     6.0779    31.8173    1471.18  0.000e+00
      8.665   64.66890 -168.23716     6.0783    31.8177    1471.18  0.000e+00
      8.688   64.66890 -168.23716     6.0780    31.8181    1471.18  0.000e+00
      8.634   64.66890 -168.23716     6.0780    31.8171    1471.18  0.000e+00
      8.688   64.66890 -168.23716     6.0769    31.8173    1471.18  0.000e+00
      8.688   64.66890 -168.23716     6.0768    31.8173    1471.18  0.000e+00
      8.750   64.66890 -168.23716     6.0769    31.8178    1471.18  0.000e+00
      8.688   64.66890 -168.23716     6.0768    31.8181    1471.18  0.000e+00
      8.750   64.66890 -168.23716     6.0773    31.8189    1471.18  0.000e+00
      8.688   64.66890 -168.23716     6.0774    31.8181    1471.18  0.000e+00
      8.749   64.66890 -168.23716     6.0758    31.8172    1471.17  0.000e+00
      8.749   64.66890 -168.23716     6.0733    31.8173    1471.16  0.000e+00
      8.749   64.66890 -168.23716     6.0720    31.8187    1471.16  0.000e+00
      8.803   64.66890 -168.23716     6.0724    31.8189    1471.16  0.000e+00
      8.749   64.66890 -168.23716     6.0731    31.8189    1471.16  0.000e+00
      8.780   64.66890 -168.23716     6.0736    31.8190    1471.17  0.000e+00
      8.803   64.66890 -168.23716     6.0734    31.8193    1471.17  0.000e+00
      8.803   64.66890 -168.23716     6.0715    31.8194    1471.16  0.000e+00
      8.803   64.66890 -168.23716     6.0676    31.8199    1471.15  0.000e+00
      8.865   64.66890 -168.23716     6.0654    31.8197    1471.14  0.000e+00
      8.803   64.66890 -168.23716     6.0658    31.8183    1471.14  0.000e+00
      8.865   64.66890 -168.23716     6.0644    31.8179    1471.13  0.000e+00
      8.865   64.66890 -168.23716     6.0635    31.8183    1471.13  0.000e+00
      8.865   64.66890 -168.23716     6.0630    31.8185    1471.13  0.000e+00
      8.865   64.66890 -168.23716     6.0624    31.8190    1471.12  0.000e+00
      8.865   64.66890 -168.23716     6.0625    31.8193    1471.13  0.000e+00
      8.865   64.66890 -168.23716     6.0627    31.8203    1471.13  0.000e+00
      8.919   64.66890 -168.23716     6.0627    31.8207    1471.13  0.000e+00
      8.896   64.66890 -168.23716     6.0627    31.8201    1471.13  0.000e+00
      8.919   64.66890 -168.23716     6.0632    31.8202    1471.13  0.000e+00
      8.865   64.66890 -168.23716     6.0637    31.8207    1471.13  0.000e+00
      8.919   64.66890 -168.23716     6.0649    31.8203    1471.14  0.000e+00
      8.919   64.66890 -168.23716     6.0662    31.8199    1471.14  0.000e+00
      8.981   64.66890 -168.23716     6.0669    31.8187    1471.14  0.000e+00
      8.919   64.66890 -168.23716     6.0664    31.8197    1471.14  0.000e+00
      8.919   64.66890 -168.23716     6.0664    31.8206    1471.14  0.000e+00
      8.980   64.66890 -168.23716     6.0686    31.8189    1471.15  0.000e+00
      8.980   64.66890 -168.23716     6.0699    31.8180    1471.15  0.000e+00
      8.919   64.66890 -168.23716     6.0692    31.8189    1471.15  0.000e+00
      8.980   64.66890 -168.23716     6.0691    31.8187    1471.15  0.000e+00
      8.919   64.66890 -168.23716     6.0675    31.8209    1471.15  0.000e+00
      8.950   64.66890 -168.23716     6.0667    31.8217    1471.15  0.000e+00
      8.980   64.66890 -168.23716     6.0662    31.8225    1471.15  0.000e+00
      8.980   64.66890 -168.23716     6.0661    31.8227    1471.15  0.000e+00
      9.034   64.66890 -168.23716     6.0662    31.8228    1471.15  0.000e+00
      8.919   64.66890 -168.23716     6.0670    31.8224    1471.15  0.000e+00
      8.980   64.66890 -168.23716     6.0672    31.8229    1471.15  0.000e+00
      8.980   64.66890 -168.23716     6.0675    31.8226    1471.15  0.000e+00
      8.980   64.66890 -168.23716     6.0676    31.8224    1471.15  0.000e+00
      9.034   64.66890 -168.23716     6.0686    31.8225    1471.16  0.000e+00
      8.980   64.66890 -168.23716     6.0709    31.8210    1471.16  0.000e+00
      8.980   64.66890 -168.23716     6.0718    31.8214    1471.17  0.000e+00
