EcoFOCI/data/1_SampleCollection/2023_SikuliaqDBO_CruiseData/CTD_raw_BottleFile_SKQ23-12S/proc/skq202312s_053svp.cnv
* Sea-Bird SBE 9 Data File:
* FileName = D:\CTD\SKQ202312S\SKQ202312S_053.hex
* Software Version Seasave V 7.26.7.121
* Temperature SN = 6177
* Conductivity SN = 0369
* Number of Bytes Per Scan = 41
* Number of Voltage Words = 4
* Number of Scans Averaged by the Deck Unit = 1
* NMEA Latitude = 70 50.92 N
* NMEA Longitude = 163 11.04 W
* NMEA UTC (Time) = Sep 26 2023  23:34:43
* NMEA baud rate = 4800
** Ship: R/V Sikuliaq
** Station Number: 053
** Station Name: IC9
** Bottom Depth: 44
** Operator: SS
# nquan = 7
# nvalues = 4192                                  
# units = specified
# name 0 = depSM: Depth [salt water, m]
# name 1 = latitude: Latitude [deg]
# name 2 = longitude: Longitude [deg]
# name 3 = t090C: Temperature [ITS-90, deg C]
# name 4 = sal00: Salinity, Practical [PSU]
# name 5 = svCM: Sound Velocity [Chen-Millero, m/s]
# name 6 = flag:  0.000e+00
# span 0 =      2.319,     38.959                 
# span 1 =   70.84866,   70.84870                 
# span 2 = -163.18456, -163.18434                 
# span 3 =     4.3929,     6.8622                 
# span 4 =    29.2773,    31.8033                 
# span 5 =    1464.58,    1473.92                 
# span 6 = 0.0000e+00, 0.0000e+00                 
# interval = seconds: 0.0416667
# start_time = Sep 26 2023 23:38:01 [NMEA time, first data scan]
# bad_flag = -9.990e-29
*END*
[from data line 1436]
     10.676   70.84866 -163.18440     5.8036    30.0069    1467.83  0.000e+00
     10.622   70.84866 -163.18440     5.8073    29.9950    1467.83  0.000e+00
     10.568   70.84866 -163.18440     5.8106    29.9903    1467.83  0.000e+00
     10.707   70.84866 -163.18440     5.8111    29.9950    1467.84  0.000e+00
     10.622   70.84866 -163.18440     5.8104    30.0004    1467.85  0.000e+00
     10.738   70.84866 -163.18440     5.8083    30.0148    1467.86  0.000e+00
     10.676   70.84866 -163.18440     5.8056    30.0366    1467.87  0.000e+00
     10.622   70.84866 -163.18440     5.8040    30.0569    1467.89  0.000e+00
     10.738   70.84866 -163.18442     5.8026    30.0510    1467.88  0.000e+00
     10.676   70.84866 -163.18442     5.8031    30.0298    1467.86  0.000e+00
     10.707   70.84866 -163.18442     5.8056    30.0114    1467.84  0.000e+00
     10.738   70.84866 -163.18442     5.8067    30.0021    1467.84  0.000e+00
     10.738   70.84866 -163.18442     5.8064    29.9993    1467.83  0.000e+00
     10.738   70.84866 -163.18442     5.8063    29.9963    1467.83  0.000e+00
     10.738   70.84866 -163.18442     5.8071    29.9930    1467.83  0.000e+00
     10.792   70.84866 -163.18442     5.8077    29.9908    1467.83  0.000e+00
     10.738   70.84866 -163.18442     5.8079    29.9903    1467.83  0.000e+00
     10.792   70.84866 -163.18442     5.8071    29.9956    1467.83  0.000e+00
     10.768   70.84866 -163.18442     5.8060    30.0006    1467.83  0.000e+00
     10.853   70.84866 -163.18442     5.8067    29.9992    1467.83  0.000e+00
     10.792   70.84866 -163.18442     5.8073    29.9968    1467.83  0.000e+00
     10.792   70.84866 -163.18442     5.8073    30.0013    1467.84  0.000e+00
     10.792   70.84866 -163.18442     5.8061    30.0129    1467.85  0.000e+00
     10.853   70.84866 -163.18442     5.8053    30.0197    1467.85  0.000e+00
     10.853   70.84866 -163.18442     5.8050    30.0219    1467.86  0.000e+00
     10.822   70.84866 -163.18442     5.8040    30.0224    1467.85  0.000e+00
     10.853   70.84866 -163.18442     5.8026    30.0209    1467.85  0.000e+00
     10.853   70.84866 -163.18442     5.8012    30.0171    1467.83  0.000e+00
     10.907   70.84866 -163.18442     5.8002    30.0154    1467.83  0.000e+00
     10.907   70.84866 -163.18442     5.7996    30.0152    1467.83  0.000e+00
     10.853   70.84866 -163.18442     5.7996    30.0125    1467.82  0.000e+00
     10.907   70.84866 -163.18442     5.8007    30.0103    1467.82  0.000e+00
     10.907   70.84866 -163.18442     5.8017    30.0181    1467.84  0.000e+00
     10.876   70.84866 -163.18442     5.8023    30.0257    1467.85  0.000e+00
     10.969   70.84866 -163.18442     5.8028    30.0196    1467.85  0.000e+00
     10.907   70.84866 -163.18442     5.8034    30.0095    1467.83  0.000e+00
     10.907   70.84866 -163.18442     5.8038    30.0025    1467.83  0.000e+00
     10.969   70.84866 -163.18442     5.8045    29.9979    1467.83  0.000e+00
     10.969   70.84866 -163.18442     5.8049    29.9971    1467.83  0.000e+00
     10.907   70.84866 -163.18442     5.8049    29.9964    1467.82  0.000e+00
     10.938   70.84866 -163.18442     5.8052    29.9940    1467.82  0.000e+00
     11.023   70.84866 -163.18442     5.8053    29.9911    1467.82  0.000e+00
     10.907   70.84866 -163.18442     5.8050    29.9895    1467.82  0.000e+00
     11.023   70.84866 -163.18442     5.8050    29.9869    1467.81  0.000e+00
     10.969   70.84866 -163.18442     5.8058    29.9851    1467.81  0.000e+00
     11.023   70.84866 -163.18442     5.8069    29.9847    1467.82  0.000e+00
     10.969   70.84866 -163.18442     5.8077    29.9839    1467.82  0.000e+00
     11.023   70.84866 -163.18442     5.8074    29.9839    1467.82  0.000e+00
     10.992   70.84866 -163.18442     5.8063    29.9852    1467.82  0.000e+00
     11.023   70.84866 -163.18442     5.8050    29.9870    1467.81  0.000e+00
     11.023   70.84866 -163.18442     5.8028    29.9899    1467.81  0.000e+00
     11.077   70.84866 -163.18442     5.8015    29.9905    1467.81  0.000e+00
     11.023   70.84866 -163.18442     5.8012    29.9908    1467.80  0.000e+00
     11.077   70.84866 -163.18442     5.8012    29.9921    1467.81  0.000e+00
     11.023   70.84866 -163.18442     5.8007    30.0027    1467.82  0.000e+00
     11.053   70.84866 -163.18442     5.8005    30.0395    1467.86  0.000e+00
     11.077   70.84866 -163.18442     5.8015    30.0703    1467.91  0.000e+00
     11.077   70.84866 -163.18442     5.8024    30.0636    1467.90  0.000e+00
     11.138   70.84866 -163.18442     5.8031    30.0636    1467.91  0.000e+00
     11.077   70.84866 -163.18442     5.8036    30.0951    1467.95  0.000e+00
     11.077   70.84866 -163.18442     5.8049    30.1368    1468.00  0.000e+00
     11.138   70.84866 -163.18442     5.8066    30.1718    1468.06  0.000e+00
     11.107   70.84866 -163.18442     5.8085    30.1941    1468.09  0.000e+00
     11.138   70.84866 -163.18442     5.8093    30.2041    1468.11  0.000e+00
     11.138   70.84866 -163.18442     5.8104    30.2138    1468.12  0.000e+00
     11.192   70.84866 -163.18442     5.8116    30.2210    1468.14  0.000e+00
     11.138   70.84866 -163.18442     5.8122    30.2177    1468.14  0.000e+00
     11.138   70.84866 -163.18442     5.8123    30.2081    1468.13  0.000e+00
     11.192   70.84866 -163.18442     5.8119    30.2045    1468.12  0.000e+00
     11.169   70.84866 -163.18442     5.8119    30.1974    1468.11  0.000e+00
     11.192   70.84866 -163.18442     5.8114    30.1872    1468.10  0.000e+00
     11.192   70.84866 -163.18442     5.8107    30.1794    1468.08  0.000e+00
     11.192   70.84866 -163.18442     5.8101    30.1863    1468.09  0.000e+00
     11.192   70.84866 -163.18442     5.8103    30.2135    1468.12  0.000e+00
     11.254   70.84866 -163.18442     5.8110    30.2401    1468.16  0.000e+00
     11.254   70.84866 -163.18442     5.8119    30.2583    1468.19  0.000e+00
     11.192   70.84866 -163.18442     5.8124    30.2706    1468.21  0.000e+00
     11.277   70.84866 -163.18442     5.8133    30.2764    1468.22  0.000e+00
     11.254   70.84866 -163.18442     5.8135    30.2829    1468.23  0.000e+00
     11.254   70.84866 -163.18442     5.8140    30.2890    1468.24  0.000e+00
     11.308   70.84866 -163.18442     5.8141    30.2922    1468.24  0.000e+00
     11.254   70.84866 -163.18442     5.8143    30.2944    1468.24  0.000e+00
     11.308   70.84866 -163.18442     5.8146    30.3006    1468.25  0.000e+00
     11.308   70.84866 -163.18442     5.8148    30.3094    1468.27  0.000e+00
     11.277   70.84866 -163.18442     5.8152    30.3179    1468.28  0.000e+00
     11.308   70.84866 -163.18442     5.8158    30.3223    1468.29  0.000e+00
     11.308   70.84866 -163.18442     5.8164    30.3212    1468.29  0.000e+00
     11.369   70.84866 -163.18442     5.8164    30.3201    1468.29  0.000e+00
     11.308   70.84866 -163.18442     5.8166    30.3274    1468.30  0.000e+00
     11.369   70.84866 -163.18442     5.8173    30.3393    1468.32  0.000e+00
     11.369   70.84866 -163.18442     5.8180    30.3353    1468.31  0.000e+00
     11.338   70.84866 -163.18442     5.8178    30.3119    1468.28  0.000e+00
     11.369   70.84866 -163.18442     5.8169    30.2859    1468.25  0.000e+00
     11.423   70.84866 -163.18442     5.8162    30.2808    1468.24  0.000e+00
     11.369   70.84866 -163.18442     5.8161    30.2928    1468.25  0.000e+00
     11.369   70.84866 -163.18442     5.8169    30.3209    1468.29  0.000e+00
     11.423   70.84866 -163.18442     5.8186    30.3508    1468.34  0.000e+00
     11.369   70.84866 -163.18442     5.8202    30.3738    1468.37  0.000e+00
     11.454   70.84866 -163.18442     5.8225    30.3794    1468.39  0.000e+00
     11.423   70.84866 -163.18442     5.8236    30.3630    1468.37  0.000e+00
     11.477   70.84866 -163.18442     5.8237    30.3636    1468.37  0.000e+00
     11.423   70.84866 -163.18442     5.8249    30.3853    1468.40  0.000e+00
     11.423   70.84866 -163.18442     5.8265    30.4041    1468.43  0.000e+00
     11.477   70.84866 -163.18442     5.8279    30.4109    1468.45  0.000e+00
     11.454   70.84866 -163.18442     5.8286    30.4016    1468.44  0.000e+00
     11.477   70.84866 -163.18442     5.8283    30.3974    1468.43  0.000e+00
     11.477   70.84866 -163.18442     5.8292    30.4087    1468.45  0.000e+00
     11.477   70.84866 -163.18442     5.8296    30.4126    1468.46  0.000e+00
     11.477   70.84866 -163.18442     5.8297    30.3992    1468.44  0.000e+00
     11.539   70.84866 -163.18442     5.8290    30.3904    1468.43  0.000e+00
     11.477   70.84866 -163.18442     5.8286    30.3652    1468.39  0.000e+00
     11.508   70.84866 -163.18442     5.8271    30.3377    1468.35  0.000e+00
     11.477   70.84866 -163.18442     5.8255    30.3442    1468.36  0.000e+00
     11.539   70.84866 -163.18442     5.8255    30.3725    1468.39  0.000e+00
     11.593   70.84866 -163.18442     5.8274    30.3993    1468.44  0.000e+00
     11.477   70.84866 -163.18442     5.8289    30.4005    1468.44  0.000e+00
     11.593   70.84866 -163.18442     5.8292    30.3839    1468.42  0.000e+00
     11.539   70.84866 -163.18442     5.8289    30.3655    1468.40  0.000e+00
     11.569   70.84866 -163.18442     5.8289    30.3618    1468.39  0.000e+00
     11.539   70.84866 -163.18442     5.8282    30.3580    1468.39  0.000e+00
     11.593   70.84866 -163.18442     5.8276    30.3614    1468.39  0.000e+00
     11.593   70.84866 -163.18442     5.8272    30.3562    1468.38  0.000e+00
     11.593   70.84866 -163.18442     5.8268    30.3473    1468.37  0.000e+00
     11.592   70.84866 -163.18442     5.8274    30.3650    1468.39  0.000e+00
     11.592   70.84866 -163.18442     5.8311    30.3839    1468.43  0.000e+00
     11.623   70.84866 -163.18442     5.8322    30.3835    1468.44  0.000e+00
     11.592   70.84866 -163.18442     5.8326    30.3750    1468.43  0.000e+00
     11.654   70.84866 -163.18442     5.8319    30.3620    1468.41  0.000e+00
     11.654   70.84866 -163.18442     5.8306    30.3486    1468.39  0.000e+00
     11.592   70.84866 -163.18442     5.8289    30.3383    1468.36  0.000e+00
     11.654   70.84866 -163.18442     5.8271    30.3322    1468.35  0.000e+00
     11.677   70.84866 -163.18442     5.8258    30.3345    1468.35  0.000e+00
     11.654   70.84866 -163.18442     5.8249    30.3432    1468.36  0.000e+00
     11.654   70.84866 -163.18442     5.8244    30.3547    1468.37  0.000e+00
     11.708   70.84866 -163.18442     5.8250    30.3699    1468.39  0.000e+00
     11.654   70.84866 -163.18442     5.8268    30.3819    1468.41  0.000e+00
     11.708   70.84866 -163.18442     5.8286    30.3827    1468.42  0.000e+00
     11.708   70.84866 -163.18442     5.8295    30.3764    1468.42  0.000e+00
     11.677   70.84866 -163.18442     5.8295    30.3661    1468.40  0.000e+00
     11.770   70.84866 -163.18442     5.8292    30.3555    1468.39  0.000e+00
     11.708   70.84866 -163.18442     5.8284    30.3546    1468.38  0.000e+00
     11.708   70.84866 -163.18442     5.8284    30.3714    1468.41  0.000e+00
     11.708   70.84866 -163.18442     5.8326    30.4159    1468.48  0.000e+00
     11.824   70.84866 -163.18442     5.8445    30.4634    1468.59  0.000e+00
     11.708   70.84866 -163.18442     5.8564    30.4727    1468.65  0.000e+00
     11.739   70.84866 -163.18442     5.8616    30.4525    1468.64  0.000e+00
     11.823   70.84866 -163.18442     5.8605    30.4212    1468.60  0.000e+00
     11.770   70.84866 -163.18442     5.8571    30.4235    1468.59  0.000e+00
     11.770   70.84866 -163.18442     5.8595    30.4574    1468.64  0.000e+00
     11.823   70.84866 -163.18442     5.8672    30.4882    1468.71  0.000e+00
     11.769   70.84866 -163.18442     5.8745    30.4993    1468.75  0.000e+00
     11.793   70.84866 -163.18442     5.8789    30.5116    1468.79  0.000e+00
     11.823   70.84868 -163.18442     5.8867    30.5284    1468.84  0.000e+00
     11.823   70.84868 -163.18442     5.8938    30.5389    1468.88  0.000e+00
     11.877   70.84868 -163.18442     5.8997    30.5431    1468.91  0.000e+00
     11.823   70.84868 -163.18442     5.9050    30.5421    1468.93  0.000e+00
     11.877   70.84868 -163.18442     5.9094    30.5363    1468.94  0.000e+00
     11.823   70.84868 -163.18442     5.9106    30.5242    1468.93  0.000e+00
     11.908   70.84868 -163.18442     5.9079    30.5109    1468.91  0.000e+00
     11.823   70.84868 -163.18442     5.9031    30.5001    1468.87  0.000e+00
     11.877   70.84868 -163.18442     5.8972    30.4869    1468.83  0.000e+00
     11.939   70.84868 -163.18442     5.8909    30.4701    1468.79  0.000e+00
     11.877   70.84868 -163.18442     5.8859    30.4679    1468.76  0.000e+00
     11.939   70.84868 -163.18442     5.8824    30.4759    1468.76  0.000e+00
     11.908   70.84868 -163.18442     5.8797    30.4823    1468.76  0.000e+00
     11.939   70.84868 -163.18442     5.8782    30.4890    1468.76  0.000e+00
     11.993   70.84868 -163.18442     5.8776    30.4944    1468.76  0.000e+00
     11.939   70.84868 -163.18442     5.8771    30.4900    1468.76  0.000e+00
     11.939   70.84868 -163.18442     5.8752    30.4777    1468.73  0.000e+00
     11.993   70.84868 -163.18442     5.8712    30.4658    1468.70  0.000e+00
     11.993   70.84868 -163.18442     5.8674    30.4689    1468.69  0.000e+00
     11.962   70.84868 -163.18442     5.8671    30.4991    1468.73  0.000e+00
     11.993   70.84868 -163.18442     5.8765    30.5298    1468.80  0.000e+00
     11.993   70.84868 -163.18442     5.8861    30.5407    1468.86  0.000e+00
     12.055   70.84868 -163.18442     5.8930    30.5455    1468.89  0.000e+00
     11.993   70.84868 -163.18442     5.9002    30.5612    1468.94  0.000e+00
     11.993   70.84868 -163.18442     5.9111    30.5761    1469.00  0.000e+00
     12.078   70.84868 -163.18442     5.9225    30.5860    1469.06  0.000e+00
     12.054   70.84868 -163.18442     5.9320    30.5930    1469.11  0.000e+00
     12.108   70.84868 -163.18442     5.9394    30.5917    1469.14  0.000e+00
     12.054   70.84868 -163.18442     5.9446    30.5795    1469.14  0.000e+00
     12.108   70.84868 -163.18442     5.9445    30.5634    1469.12  0.000e+00
     12.054   70.84868 -163.18442     5.9406    30.5444    1469.08  0.000e+00
     12.139   70.84868 -163.18442     5.9316    30.5349    1469.04  0.000e+00
     12.108   70.84868 -163.18442     5.9273    30.5523    1469.04  0.000e+00
     12.108   70.84868 -163.18442     5.9302    30.5743    1469.08  0.000e+00
     12.108   70.84868 -163.18442     5.9350    30.5841    1469.11  0.000e+00
     12.170   70.84868 -163.18442     5.9404    30.5892    1469.14  0.000e+00
     12.170   70.84868 -163.18442     5.9470    30.5955    1469.17  0.000e+00
     12.139   70.84868 -163.18442     5.9545    30.5989    1469.21  0.000e+00
     12.224   70.84868 -163.18442     5.9612    30.5992    1469.24  0.000e+00
     12.170   70.84868 -163.18442     5.9666    30.6011    1469.26  0.000e+00
     12.224   70.84868 -163.18442     5.9720    30.6018    1469.28  0.000e+00
     12.224   70.84868 -163.18442     5.9762    30.6032    1469.30  0.000e+00
     12.224   70.84868 -163.18442     5.9800    30.6044    1469.32  0.000e+00
     12.170   70.84868 -163.18442     5.9831    30.6057    1469.33  0.000e+00
     12.255   70.84868 -163.18442     5.9861    30.6075    1469.35  0.000e+00
     12.224   70.84868 -163.18442     5.9883    30.6090    1469.36  0.000e+00
     12.278   70.84868 -163.18442     5.9902    30.6100    1469.37  0.000e+00
     12.339   70.84868 -163.18442     5.9914    30.6117    1469.38  0.000e+00
     12.339   70.84868 -163.18442     5.9925    30.6128    1469.38  0.000e+00
     12.278   70.84868 -163.18442     5.9934    30.6134    1469.38  0.000e+00
     12.363   70.84868 -163.18442     5.9941    30.6134    1469.39  0.000e+00
     12.393   70.84868 -163.18442     5.9946    30.6140    1469.39  0.000e+00
     12.339   70.84868 -163.18442     5.9950    30.6144    1469.39  0.000e+00
