EcoFOCI/data/1_SampleCollection/2023_SikuliaqDBO_CruiseData/CTD_raw_BottleFile_SKQ23-12S/proc/skq202312s_002svp.cnv
* Sea-Bird SBE 9 Data File:
* FileName = D:\CTD\SKQ202312S\SKQ202312S_002.hex
* Software Version Seasave V 7.26.7.121
* Temperature SN = 6177
* Conductivity SN = 0369
* Number of Bytes Per Scan = 41
* Number of Voltage Words = 4
* Number of Scans Averaged by the Deck Unit = 1
* NMEA Latitude = 62 00.59 N
* NMEA Longitude = 175 03.64 W
* NMEA UTC (Time) = Sep 15 2023  05:21:43
* NMEA baud rate = 4800
** Ship: R/V Sikuliaq
** Station Number: 002
** Station Name: DBO1.1
** Bottom Depth: 78
** Operator: SD
# nquan = 7
# nvalues = 7179                                  
# units = specified
# name 0 = depSM: Depth [salt water, m]
# name 1 = latitude: Latitude [deg]
# name 2 = longitude: Longitude [deg]
# name 3 = t090C: Temperature [ITS-90, deg C]
# name 4 = sal00: Salinity, Practical [PSU]
# name 5 = svCM: Sound Velocity [Chen-Millero, m/s]
# name 6 = flag:  0.000e+00
# span 0 =      1.934,     73.792                 
# span 1 =   62.00978,   62.00980                 
# span 2 = -175.06128, -175.06102                 
# span 3 =    -1.4431,     7.4774                 
# span 4 =    30.6601,    31.9548                 
# span 5 =    1438.75,    1475.16                 
# span 6 = 0.0000e+00, 0.0000e+00                 
# interval = seconds: 0.0416667
# start_time = Sep 15 2023 05:25:57 [NMEA time, first data scan]
# bad_flag = -9.990e-29
*END*
[from data line 6565]
     72.782   62.00980 -175.06128    -0.7718    31.9472    1442.64  0.000e+00
     72.820   62.00980 -175.06128    -0.7718    31.9473    1442.64  0.000e+00
     72.782   62.00980 -175.06128    -0.7718    31.9472    1442.64  0.000e+00
     72.820   62.00980 -175.06128    -0.7717    31.9470    1442.64  0.000e+00
     72.782   62.00980 -175.06128    -0.7716    31.9469    1442.64  0.000e+00
     72.820   62.00980 -175.06128    -0.7717    31.9468    1442.64  0.000e+00
     72.782   62.00980 -175.06128    -0.7716    31.9467    1442.64  0.000e+00
     72.820   62.00980 -175.06128    -0.7718    31.9469    1442.64  0.000e+00
     72.782   62.00980 -175.06128    -0.7721    31.9471    1442.64  0.000e+00
     72.820   62.00980 -175.06128    -0.7722    31.9471    1442.64  0.000e+00
     72.782   62.00980 -175.06128    -0.7723    31.9471    1442.64  0.000e+00
     72.820   62.00980 -175.06128    -0.7723    31.9469    1442.64  0.000e+00
     72.782   62.00980 -175.06128    -0.7724    31.9473    1442.64  0.000e+00
     72.766   62.00980 -175.06128    -0.7719    31.9470    1442.64  0.000e+00
     72.836   62.00980 -175.06128    -0.7722    31.9473    1442.64  0.000e+00
     72.820   62.00980 -175.06128    -0.7721    31.9470    1442.64  0.000e+00
     72.782   62.00980 -175.06128    -0.7719    31.9472    1442.64  0.000e+00
     72.766   62.00980 -175.06128    -0.7719    31.9471    1442.64  0.000e+00
     72.836   62.00980 -175.06128    -0.7718    31.9469    1442.64  0.000e+00
     72.766   62.00980 -175.06128    -0.7719    31.9470    1442.64  0.000e+00
     72.782   62.00980 -175.06128    -0.7718    31.9471    1442.64  0.000e+00
     72.820   62.00980 -175.06128    -0.7718    31.9466    1442.64  0.000e+00
     72.782   62.00980 -175.06128    -0.7719    31.9472    1442.64  0.000e+00
     72.820   62.00980 -175.06128    -0.7718    31.9474    1442.64  0.000e+00
     72.782   62.00980 -175.06128    -0.7718    31.9473    1442.64  0.000e+00
     72.820   62.00980 -175.06128    -0.7717    31.9471    1442.64  0.000e+00
     72.782   62.00980 -175.06128    -0.7718    31.9473    1442.64  0.000e+00
     72.820   62.00980 -175.06128    -0.7718    31.9470    1442.64  0.000e+00
     72.782   62.00980 -175.06128    -0.7723    31.9473    1442.64  0.000e+00
     72.820   62.00980 -175.06128    -0.7723    31.9466    1442.64  0.000e+00
     72.836   62.00980 -175.06128    -0.7726    31.9468    1442.63  0.000e+00
     72.766   62.00980 -175.06128    -0.7727    31.9467    1442.63  0.000e+00
     72.836   62.00980 -175.06128    -0.7727    31.9467    1442.63  0.000e+00
     72.820   62.00980 -175.06128    -0.7728    31.9465    1442.63  0.000e+00
     72.782   62.00980 -175.06128    -0.7729    31.9466    1442.63  0.000e+00
     72.820   62.00980 -175.06128    -0.7729    31.9467    1442.63  0.000e+00
     72.836   62.00980 -175.06128    -0.7728    31.9463    1442.63  0.000e+00
     72.820   62.00980 -175.06128    -0.7729    31.9465    1442.63  0.000e+00
     72.836   62.00980 -175.06128    -0.7727    31.9466    1442.63  0.000e+00
     72.820   62.00980 -175.06128    -0.7729    31.9470    1442.63  0.000e+00
     72.836   62.00980 -175.06128    -0.7730    31.9471    1442.63  0.000e+00
     72.820   62.00980 -175.06128    -0.7728    31.9468    1442.63  0.000e+00
     72.836   62.00980 -175.06128    -0.7729    31.9472    1442.63  0.000e+00
     72.820   62.00980 -175.06128    -0.7730    31.9470    1442.63  0.000e+00
     72.836   62.00980 -175.06128    -0.7730    31.9468    1442.63  0.000e+00
     72.820   62.00980 -175.06128    -0.7729    31.9461    1442.63  0.000e+00
     72.897   62.00980 -175.06128    -0.7731    31.9464    1442.63  0.000e+00
     72.820   62.00980 -175.06128    -0.7729    31.9468    1442.63  0.000e+00
     72.897   62.00980 -175.06128    -0.7727    31.9469    1442.64  0.000e+00
     72.820   62.00980 -175.06128    -0.7726    31.9470    1442.63  0.000e+00
     72.897   62.00980 -175.06128    -0.7724    31.9469    1442.64  0.000e+00
     72.882   62.00980 -175.06128    -0.7722    31.9468    1442.64  0.000e+00
     72.836   62.00980 -175.06128    -0.7721    31.9471    1442.64  0.000e+00
     72.936   62.00980 -175.06128    -0.7722    31.9473    1442.64  0.000e+00
     72.836   62.00980 -175.06128    -0.7723    31.9474    1442.64  0.000e+00
     72.882   62.00980 -175.06126    -0.7721    31.9473    1442.64  0.000e+00
     72.897   62.00980 -175.06126    -0.7718    31.9472    1442.64  0.000e+00
     72.936   62.00980 -175.06126    -0.7717    31.9474    1442.64  0.000e+00
     72.897   62.00980 -175.06126    -0.7714    31.9473    1442.64  0.000e+00
     72.882   62.00980 -175.06126    -0.7715    31.9473    1442.64  0.000e+00
     72.897   62.00980 -175.06126    -0.7718    31.9475    1442.64  0.000e+00
     72.936   62.00980 -175.06126    -0.7714    31.9474    1442.64  0.000e+00
     72.897   62.00980 -175.06126    -0.7717    31.9476    1442.64  0.000e+00
     72.936   62.00980 -175.06126    -0.7716    31.9474    1442.64  0.000e+00
     72.952   62.00980 -175.06126    -0.7717    31.9470    1442.64  0.000e+00
     72.936   62.00980 -175.06126    -0.7718    31.9472    1442.64  0.000e+00
     72.897   62.00980 -175.06126    -0.7718    31.9472    1442.64  0.000e+00
     72.990   62.00980 -175.06126    -0.7719    31.9474    1442.64  0.000e+00
     72.897   62.00980 -175.06126    -0.7722    31.9476    1442.64  0.000e+00
     72.990   62.00980 -175.06126    -0.7721    31.9472    1442.64  0.000e+00
     72.952   62.00980 -175.06126    -0.7721    31.9468    1442.64  0.000e+00
     72.936   62.00980 -175.06126    -0.7721    31.9472    1442.64  0.000e+00
     72.952   62.00980 -175.06126    -0.7718    31.9471    1442.64  0.000e+00
     72.990   62.00980 -175.06126    -0.7714    31.9468    1442.64  0.000e+00
     72.952   62.00980 -175.06126    -0.7715    31.9474    1442.64  0.000e+00
     72.990   62.00980 -175.06126    -0.7714    31.9472    1442.64  0.000e+00
     73.013   62.00980 -175.06126    -0.7713    31.9477    1442.64  0.000e+00
     72.990   62.00980 -175.06126    -0.7717    31.9479    1442.64  0.000e+00
     72.951   62.00980 -175.06126    -0.7713    31.9476    1442.64  0.000e+00
     72.990   62.00980 -175.06126    -0.7712    31.9477    1442.64  0.000e+00
     73.013   62.00980 -175.06126    -0.7711    31.9471    1442.64  0.000e+00
     72.990   62.00980 -175.06126    -0.7715    31.9475    1442.64  0.000e+00
     73.013   62.00980 -175.06126    -0.7712    31.9473    1442.64  0.000e+00
     73.052   62.00980 -175.06126    -0.7707    31.9468    1442.65  0.000e+00
     73.013   62.00980 -175.06126    -0.7712    31.9473    1442.64  0.000e+00
     73.052   62.00980 -175.06126    -0.7713    31.9474    1442.64  0.000e+00
     73.013   62.00980 -175.06126    -0.7712    31.9470    1442.64  0.000e+00
     73.052   62.00980 -175.06126    -0.7711    31.9466    1442.64  0.000e+00
     73.013   62.00980 -175.06126    -0.7713    31.9470    1442.64  0.000e+00
     73.052   62.00980 -175.06126    -0.7712    31.9470    1442.64  0.000e+00
     73.013   62.00980 -175.06126    -0.7714    31.9473    1442.64  0.000e+00
     73.052   62.00980 -175.06126    -0.7715    31.9470    1442.64  0.000e+00
     73.067   62.00980 -175.06126    -0.7714    31.9471    1442.64  0.000e+00
     73.052   62.00980 -175.06126    -0.7718    31.9478    1442.64  0.000e+00
     73.067   62.00980 -175.06126    -0.7718    31.9470    1442.64  0.000e+00
     73.052   62.00980 -175.06126    -0.7719    31.9472    1442.64  0.000e+00
     73.129   62.00980 -175.06126    -0.7719    31.9472    1442.64  0.000e+00
     73.052   62.00980 -175.06126    -0.7718    31.9465    1442.64  0.000e+00
     73.067   62.00980 -175.06126    -0.7717    31.9468    1442.64  0.000e+00
     73.052   62.00980 -175.06126    -0.7717    31.9471    1442.64  0.000e+00
     73.013   62.00980 -175.06126    -0.7714    31.9473    1442.64  0.000e+00
     73.168   62.00980 -175.06126    -0.7715    31.9470    1442.65  0.000e+00
     73.052   62.00980 -175.06126    -0.7716    31.9470    1442.64  0.000e+00
     73.129   62.00980 -175.06126    -0.7717    31.9473    1442.64  0.000e+00
     73.106   62.00980 -175.06126    -0.7717    31.9471    1442.64  0.000e+00
     73.067   62.00980 -175.06126    -0.7718    31.9470    1442.64  0.000e+00
     73.106   62.00980 -175.06126    -0.7723    31.9479    1442.64  0.000e+00
     73.067   62.00980 -175.06126    -0.7721    31.9476    1442.64  0.000e+00
     73.106   62.00980 -175.06126    -0.7719    31.9474    1442.64  0.000e+00
     73.067   62.00980 -175.06126    -0.7719    31.9478    1442.64  0.000e+00
     73.106   62.00980 -175.06126    -0.7715    31.9476    1442.65  0.000e+00
     73.129   62.00980 -175.06126    -0.7712    31.9475    1442.65  0.000e+00
     73.106   62.00980 -175.06126    -0.7710    31.9479    1442.65  0.000e+00
     73.129   62.00980 -175.06126    -0.7707    31.9474    1442.65  0.000e+00
     73.106   62.00980 -175.06126    -0.7705    31.9476    1442.65  0.000e+00
     73.067   62.00980 -175.06126    -0.7701    31.9477    1442.65  0.000e+00
     73.106   62.00980 -175.06126    -0.7701    31.9473    1442.65  0.000e+00
     73.129   62.00980 -175.06126    -0.7702    31.9472    1442.65  0.000e+00
     73.106   62.00980 -175.06126    -0.7701    31.9476    1442.65  0.000e+00
     73.129   62.00980 -175.06126    -0.7704    31.9480    1442.65  0.000e+00
     73.106   62.00980 -175.06126    -0.7702    31.9479    1442.65  0.000e+00
     73.129   62.00980 -175.06126    -0.7702    31.9480    1442.65  0.000e+00
     73.106   62.00980 -175.06126    -0.7702    31.9479    1442.65  0.000e+00
     73.129   62.00980 -175.06126    -0.7701    31.9480    1442.65  0.000e+00
     73.106   62.00980 -175.06126    -0.7699    31.9478    1442.65  0.000e+00
     73.129   62.00980 -175.06126    -0.7700    31.9476    1442.65  0.000e+00
     73.106   62.00980 -175.06126    -0.7701    31.9477    1442.65  0.000e+00
     73.067   62.00980 -175.06126    -0.7700    31.9478    1442.65  0.000e+00
     73.168   62.00980 -175.06126    -0.7701    31.9478    1442.65  0.000e+00
     73.067   62.00980 -175.06126    -0.7701    31.9478    1442.65  0.000e+00
     73.106   62.00980 -175.06126    -0.7700    31.9476    1442.65  0.000e+00
     73.129   62.00980 -175.06126    -0.7698    31.9478    1442.65  0.000e+00
     73.106   62.00980 -175.06126    -0.7700    31.9480    1442.65  0.000e+00
     73.129   62.00980 -175.06126    -0.7697    31.9476    1442.65  0.000e+00
     73.106   62.00980 -175.06126    -0.7698    31.9477    1442.65  0.000e+00
     73.129   62.00980 -175.06126    -0.7697    31.9478    1442.65  0.000e+00
     73.106   62.00980 -175.06126    -0.7696    31.9475    1442.65  0.000e+00
     73.129   62.00980 -175.06126    -0.7698    31.9476    1442.65  0.000e+00
     73.052   62.00980 -175.06126    -0.7700    31.9479    1442.65  0.000e+00
     73.129   62.00980 -175.06126    -0.7701    31.9476    1442.65  0.000e+00
     73.106   62.00980 -175.06126    -0.7702    31.9477    1442.65  0.000e+00
     73.129   62.00980 -175.06126    -0.7704    31.9479    1442.65  0.000e+00
     73.052   62.00980 -175.06126    -0.7706    31.9481    1442.65  0.000e+00
     73.129   62.00980 -175.06126    -0.7704    31.9479    1442.65  0.000e+00
     73.106   62.00980 -175.06126    -0.7706    31.9482    1442.65  0.000e+00
     73.129   62.00980 -175.06126    -0.7704    31.9476    1442.65  0.000e+00
     73.052   62.00980 -175.06126    -0.7705    31.9477    1442.65  0.000e+00
     73.129   62.00980 -175.06126    -0.7706    31.9475    1442.65  0.000e+00
     73.106   62.00980 -175.06126    -0.7704    31.9474    1442.65  0.000e+00
     73.067   62.00980 -175.06126    -0.7704    31.9477    1442.65  0.000e+00
     73.106   62.00980 -175.06126    -0.7702    31.9476    1442.65  0.000e+00
     73.129   62.00980 -175.06126    -0.7702    31.9477    1442.65  0.000e+00
     73.052   62.00980 -175.06126    -0.7706    31.9484    1442.65  0.000e+00
     73.129   62.00980 -175.06126    -0.7705    31.9482    1442.65  0.000e+00
     73.052   62.00980 -175.06126    -0.7706    31.9485    1442.65  0.000e+00
     73.129   62.00980 -175.06126    -0.7701    31.9480    1442.65  0.000e+00
     73.106   62.00980 -175.06126    -0.7699    31.9478    1442.65  0.000e+00
     73.067   62.00980 -175.06126    -0.7698    31.9477    1442.65  0.000e+00
     73.106   62.00980 -175.06126    -0.7699    31.9476    1442.65  0.000e+00
     73.067   62.00980 -175.06126    -0.7707    31.9481    1442.65  0.000e+00
     73.106   62.00980 -175.06126    -0.7709    31.9482    1442.65  0.000e+00
     73.067   62.00980 -175.06126    -0.7710    31.9482    1442.65  0.000e+00
     73.052   62.00980 -175.06126    -0.7713    31.9483    1442.65  0.000e+00
     73.129   62.00980 -175.06126    -0.7713    31.9483    1442.65  0.000e+00
     73.052   62.00980 -175.06126    -0.7709    31.9478    1442.65  0.000e+00
     73.067   62.00980 -175.06126    -0.7704    31.9472    1442.65  0.000e+00
     73.106   62.00980 -175.06126    -0.7702    31.9467    1442.65  0.000e+00
     73.067   62.00980 -175.06126    -0.7706    31.9473    1442.65  0.000e+00
     73.106   62.00980 -175.06126    -0.7709    31.9473    1442.65  0.000e+00
     73.013   62.00980 -175.06126    -0.7713    31.9479    1442.64  0.000e+00
     73.106   62.00980 -175.06126    -0.7713    31.9478    1442.65  0.000e+00
     73.067   62.00980 -175.06126    -0.7709    31.9472    1442.65  0.000e+00
     73.106   62.00980 -175.06126    -0.7710    31.9475    1442.65  0.000e+00
     73.013   62.00980 -175.06126    -0.7711    31.9478    1442.65  0.000e+00
     73.106   62.00980 -175.06126    -0.7712    31.9475    1442.65  0.000e+00
     73.013   62.00980 -175.06126    -0.7711    31.9476    1442.65  0.000e+00
     73.106   62.00980 -175.06126    -0.7710    31.9476    1442.65  0.000e+00
     73.067   62.00980 -175.06126    -0.7713    31.9477    1442.65  0.000e+00
     73.052   62.00980 -175.06126    -0.7713    31.9473    1442.64  0.000e+00
     73.067   62.00980 -175.06126    -0.7717    31.9472    1442.64  0.000e+00
     72.990   62.00980 -175.06126    -0.7721    31.9474    1442.64  0.000e+00
     73.067   62.00980 -175.06126    -0.7719    31.9472    1442.64  0.000e+00
     73.106   62.00980 -175.06126    -0.7722    31.9476    1442.64  0.000e+00
     73.013   62.00980 -175.06126    -0.7721    31.9472    1442.64  0.000e+00
     73.052   62.00980 -175.06126    -0.7721    31.9473    1442.64  0.000e+00
     73.067   62.00980 -175.06126    -0.7721    31.9470    1442.64  0.000e+00
     73.052   62.00980 -175.06126    -0.7721    31.9468    1442.64  0.000e+00
     73.013   62.00980 -175.06126    -0.7722    31.9469    1442.64  0.000e+00
     73.052   62.00980 -175.06126    -0.7724    31.9467    1442.64  0.000e+00
     73.067   62.00980 -175.06126    -0.7726    31.9467    1442.64  0.000e+00
     72.990   62.00980 -175.06126    -0.7725    31.9468    1442.64  0.000e+00
     73.067   62.00980 -175.06126    -0.7723    31.9464    1442.64  0.000e+00
     72.990   62.00980 -175.06126    -0.7725    31.9469    1442.64  0.000e+00
     73.013   62.00980 -175.06126    -0.7724    31.9468    1442.64  0.000e+00
     73.052   62.00980 -175.06126    -0.7726    31.9467    1442.64  0.000e+00
     73.013   62.00980 -175.06126    -0.7725    31.9466    1442.64  0.000e+00
     73.052   62.00980 -175.06126    -0.7726    31.9467    1442.64  0.000e+00
     73.013   62.00980 -175.06126    -0.7727    31.9469    1442.64  0.000e+00
     72.990   62.00980 -175.06126    -0.7726    31.9471    1442.64  0.000e+00
     73.013   62.00980 -175.06126    -0.7727    31.9472    1442.64  0.000e+00
     72.990   62.00980 -175.06126    -0.7727    31.9469    1442.64  0.000e+00
     73.013   62.00980 -175.06126    -0.7729    31.9474    1442.64  0.000e+00
     72.990   62.00980 -175.06126    -0.7727    31.9465    1442.64  0.000e+00
     73.013   62.00980 -175.06126    -0.7730    31.9466    1442.64  0.000e+00
