EcoFOCI/data/1_SampleCollection/2023_SikuliaqDBO_CruiseData/CTD_raw_BottleFile_SKQ23-12S/proc/skq202312s_026avg.cnv
* Sea-Bird SBE 9 Data File:
* FileName = D:\CTD\SKQ202312S\SKQ202312S_026.hex
* Software Version Seasave V 7.26.7.121
* Temperature SN = 6177
* Conductivity SN = 0369
* Number of Bytes Per Scan = 41
* Number of Voltage Words = 4
* Number of Scans Averaged by the Deck Unit = 1
* NMEA Latitude = 71 17.26 N
* NMEA Longitude = 157 14.75 W
* NMEA UTC (Time) = Sep 20 2023  23:14:47
* NMEA baud rate = 4800
** Ship: R/V Sikuliaq
** Station Number: 026
** Station Name: DBO5.2
** Bottom Depth: 56
** Operator: SD
# nquan = 25
# nvalues = 50                          
# units = specified
# name 0 = depSM: Depth [salt water, m]
# name 1 = latitude: Latitude [deg]
# name 2 = longitude: Longitude [deg]
# name 3 = prDM: Pressure, Digiquartz [db]
# name 4 = t090C: Temperature [ITS-90, deg C]
# name 5 = t190C: Temperature, 2 [ITS-90, deg C]
# name 6 = potemp090C: Potential Temperature [ITS-90, deg C]
# name 7 = sal00: Salinity, Practical [PSU]
# name 8 = sal11: Salinity, Practical, 2 [PSU]
# name 9 = density00: Density [density, kg/m^3]
# name 10 = sigma-é00: Density [sigma-theta, kg/m^3]
# name 11 = sbox0Mm/Kg: Oxygen, SBE 43 [umol/kg]
# name 12 = sbox1Mm/Kg: Oxygen, SBE 43, 2 [umol/kg]
# name 13 = oxsolMm/Kg: Oxygen Saturation, Garcia & Gordon [umol/kg]
# name 14 = sbeox0PS: Oxygen, SBE 43 [% saturation]
# name 15 = sbeox1PS: Oxygen, SBE 43, 2 [% saturation]
# name 16 = v0: Voltage 0
# name 17 = flECO-AFL: Fluorescence, WET Labs ECO-AFL/FL [mg/m^3]
# name 18 = v1: Voltage 1
# name 19 = CStarAt0: Beam Attenuation, WET Labs C-Star [1/m]
# name 20 = par: PAR/Irradiance, Biospherical/Licor
# name 21 = scan: Scan Count
# name 22 = timeM: Time, Elapsed [minutes]
# name 23 = nbin: number of scans per bin
# name 24 = flag: flag
# span 0 =      2.969,     51.463       
# span 1 =   71.28776,   71.28778       
# span 2 = -157.24544, -157.24540       
# span 3 =      3.000,     52.000       
# span 4 =     2.1603,     4.5896       
# span 5 =     2.1628,     4.5909       
# span 6 =     2.1578,     4.5885       
# span 7 =    30.2773,    31.7871       
# span 8 =    30.2887,    31.8006       
# span 9 =  1024.0141,  1025.6306       
# span 10 =    23.9985,    25.3856      
# span 11 =    298.816,    318.496      
# span 12 =    283.776,    302.887      
# span 13 =  320.76940,  337.52025      
# span 14 =     92.336,     95.623      
# span 15 =     87.693,     91.575      
# span 16 =     0.0869,     0.2123      
# span 17 =     0.1732,     0.9255      
# span 18 =     2.6885,     4.0303      
# span 19 =     0.6257,     2.2677      
# span 20 = -3.148e-05, 1.4388e+02      
# span 21 =        182,       6399      
# span 22 =     0.1257,     4.4433      
# span 23 =         24,        503      
# span 24 = 0.0000e+00, 0.0000e+00      
# interval = decibars: 1                
# start_time = Sep 20 2023 23:18:27 [NMEA time, first data scan]
# bad_flag = -9.990e-29
*END*
      2.969   71.28778 -157.24542      3.000     4.3482     4.3479     4.3480    30.2791    30.2898  1024.0141    24.0000    308.908    295.217  323.44481     95.506     91.279     0.2123     0.9255     3.9150     0.7416 1.4388e+02        182     0.1257        318 0.0000e+00
      3.959   71.28778 -157.24541      4.000     4.3496     4.3489     4.3494    30.2773    30.2891  1024.0172    23.9985    309.235    295.483  323.43780     95.609     91.364     0.2046     0.8794     3.9168     0.7398 1.0866e+02        364     0.2524         53 0.0000e+00
      4.949   71.28778 -157.24541      5.000     4.3456     4.3414     4.3453    30.2776    30.2889  1024.0225    23.9991    309.311    296.220  323.46863     95.623     91.575     0.2088     0.9046     3.9185     0.7380 9.3355e+01        470     0.3255         85 0.0000e+00
      5.939   71.28778 -157.24541      6.000     4.3328     4.3336     4.3324    30.2782    30.2892  1024.0289    24.0008    309.178    294.645  323.56704     95.553     91.071     0.2019     0.8634     3.9175     0.7391 7.4139e+01        518     0.3588         45 0.0000e+00
      6.929   71.28778 -157.24540      7.000     4.3342     4.3343     4.3337    30.2786    30.2893  1024.0338    24.0010    308.915    295.702  323.55545     95.475     91.399     0.2057     0.8861     3.9178     0.7388 6.0547e+01        608     0.4215        129 0.0000e+00
      7.918   71.28778 -157.24540      8.000     4.3347     4.3358     4.3342    30.2795    30.2909  1024.0391    24.0017    309.187    294.706  323.54887     95.561     91.096     0.2067     0.8921     3.9168     0.7397 4.9909e+01        729     0.5056        139 0.0000e+00
      8.908   71.28778 -157.24540      9.000     4.3338     4.3346     4.3332    30.2784    30.2895  1024.0430    24.0009    308.991    295.690  323.55928     95.497     91.396     0.2097     0.9102     3.9173     0.7393 4.0262e+01        866     0.6005        161 0.0000e+00
      9.898   71.28778 -157.24540     10.000     4.3332     4.3339     4.3325    30.2779    30.2889  1024.0473    24.0005    309.127    295.597  323.56522     95.538     91.366     0.2100     0.9120     3.9173     0.7392 3.2689e+01       1024     0.7107        148 0.0000e+00
     10.888   71.28778 -157.24540     11.000     4.3328     4.3338     4.3321    30.2775    30.2887  1024.0518    24.0003    308.731    296.152  323.56915     95.414     91.537     0.2079     0.8995     3.9177     0.7388 2.8762e+01       1135     0.7875         30 0.0000e+00
     11.877   71.28778 -157.24541     12.000     4.4463     4.4528     4.4456    30.4086    30.4186  1024.1494    24.0933    307.748    294.649  322.36416     95.466     91.424     0.2028     0.8687     3.9242     0.7322 2.0844e+01       1248     0.8658         79 0.0000e+00
     12.867   71.28778 -157.24541     13.000     4.5357     4.5395     4.5348    30.4949    30.5096  1024.2137    24.1530    305.711    291.690  321.46101     95.101     90.758     0.1798     0.7305     3.9596     0.6962 1.7365e+01       1425     0.9888        116 0.0000e+00
     13.857   71.28778 -157.24542     14.000     4.5469     4.5488     4.5459    30.5075    30.5173  1024.2272    24.1618    304.723    290.136  321.34462     94.828     90.299     0.1742     0.6970     3.9628     0.6930 1.5996e+01       1471     1.0208         34 0.0000e+00
     14.846   71.28778 -157.24542     15.000     4.5756     4.5796     4.5746    30.5370    30.5512  1024.2524    24.1824    303.474    291.309  321.05112     94.525     90.754     0.1709     0.6773     3.9727     0.6831 1.2181e+01       1543     1.0707        111 0.0000e+00
     15.836   71.28778 -157.24542     16.000     4.5896     4.5909     4.5885    30.5860    30.5951  1024.2945    24.2199    302.750    290.053  320.82533     94.366     90.417     0.1652     0.6431     3.9841     0.6716 1.1244e+01       1623     1.1267         37 0.0000e+00
     16.826   71.28778 -157.24542     17.000     4.5761     4.5775     4.5750    30.6524    30.6590  1024.3532    24.2739    302.440    289.812  320.76940     94.286     90.357     0.1520     0.5638     3.9972     0.6585 9.8176e+00       1654     1.1476         30 0.0000e+00
     17.816   71.28778 -157.24542     18.000     4.4085     4.4103     4.4073    30.9060    30.9149  1024.5758    24.4917    302.860    290.245  321.45798     94.214     90.300     0.1397     0.4899     3.9970     0.6586 7.8190e+00       1688     1.1717         43 0.0000e+00
     18.805   71.28778 -157.24542     19.000     4.3246     4.3097     4.3233    31.0247    31.0611  1024.6829    24.5942    298.834    286.171  321.82281     92.856     88.914     0.1222     0.3851     4.0014     0.6542 6.0911e+00       1771     1.2292         79 0.0000e+00
     19.795   71.28778 -157.24542     20.000     4.1886     4.1891     4.1873    31.1733    31.1871  1024.8189    24.7254    300.076    285.813  322.52428     93.040     88.628     0.1156     0.3453     3.9901     0.6657 5.8904e+00       1811     1.2570         31 0.0000e+00
     20.785   71.28778 -157.24542     21.000     4.1101     4.1081     4.1087    31.2132    31.2286  1024.8628    24.7646    299.531    286.660  323.04211     92.722     88.744     0.1047     0.2799     3.9372     0.7190 5.1268e+00       1848     1.2823         47 0.0000e+00
     21.774   71.28778 -157.24542     22.000     4.0157     4.0127     4.0143    31.2807    31.2967  1024.9302    24.8273    298.816    283.776  323.61911     92.336     87.693     0.1003     0.2537     3.9405     0.7157 4.1848e+00       1896     1.3163         45 0.0000e+00
     22.764   71.28778 -157.24542     23.000     3.9502     3.9498     3.9488    31.3195    31.3335  1024.9719    24.8643    301.011    286.629  324.03970     92.893     88.463     0.0990     0.2463     3.9729     0.6830 3.3741e+00       1947     1.3511         58 0.0000e+00
     23.754   71.28778 -157.24542     24.000     3.8779     3.8750     3.8764    31.3517    31.3673  1025.0090    24.8967    304.706    290.901  324.53226     93.891     89.642     0.0988     0.2447     4.0200     0.6357 3.1161e+00       2001     1.3890         44 0.0000e+00
     24.743   71.28778 -157.24542     25.000     3.8048     3.8055     3.8033    31.3891    31.4023  1025.0503    24.9332    304.911    288.978  325.01971     93.813     88.921     0.0951     0.2224     4.0198     0.6359 2.8909e+00       2037     1.4139         34 0.0000e+00
     25.733   71.28778 -157.24542     26.000     3.7704     3.7708     3.7688    31.4050    31.4183  1025.0709    24.9491    304.677    288.432  325.25384     93.674     88.689     0.0973     0.2354     3.9226     0.7342 2.3251e+00       2079     1.4431         55 0.0000e+00
     26.723   71.28778 -157.24542     27.000     3.7323     3.7293     3.7307    31.4163    31.4315  1025.0881    24.9616    303.791    289.594  325.52834     93.323     88.965     0.0988     0.2446     3.8478     0.8109 1.8872e+00       2143     1.4876         64 0.0000e+00
     27.713   71.28778 -157.24543     28.000     3.6821     3.6834     3.6804    31.4413    31.4541  1025.1173    24.9861    303.448    290.501  325.86688     93.120     89.159     0.0973     0.2357     3.8446     0.8143 1.8772e+00       2193     1.5220         32 0.0000e+00
     28.702   71.28778 -157.24544     29.000     3.6120     3.6138     3.6103    31.4603    31.4759  1025.1435    25.0076    304.098    291.042  326.37990     93.173     89.187     0.0968     0.2327     3.9125     0.7443 1.5855e+00       2220     1.5410         27 0.0000e+00
     29.692   71.28778 -157.24543     30.000     3.4128     3.4110     3.4110    31.4845    31.5034  1025.1853    25.0445    305.380    291.965  327.92112     93.126     89.045     0.0949     0.2213     4.0303     0.6257 1.2252e+00       2255     1.5652         53 0.0000e+00
     30.682   71.28778 -157.24543     31.000     3.2807     3.2428     3.2789    31.4801    31.5018  1025.1981    25.0525    311.385    292.978  328.99824     94.645     88.979     0.0979     0.2396     3.9825     0.6731 1.0838e+00       2349     1.6305         59 0.0000e+00
     31.671   71.28778 -157.24544     32.000     3.1133     3.1127     3.1115    31.5075    31.5215  1025.2391    25.0887    314.994    300.247  330.29028     95.369     90.912     0.0909     0.1975     3.9242     0.7322 9.7659e-01       2370     1.6450         24 0.0000e+00
     32.661   71.28778 -157.24544     33.000     3.1023     3.1026     3.1005    31.5248    31.5384  1025.2585    25.1034    312.300    297.987  330.33690     94.540     90.217     0.0897     0.1900     3.9102     0.7466 8.0809e-01       2397     1.6640         34 0.0000e+00
     33.651   71.28778 -157.24543     34.000     3.1064     3.1148     3.1045    31.5242    31.5349  1025.2624    25.1026    314.579    297.103  330.30499     95.239     89.974     0.0925     0.2071     3.9188     0.7377 6.7596e-01       2473     1.7166         88 0.0000e+00
     34.640   71.28778 -157.24544     35.000     3.0961     3.0966     3.0941    31.5544    31.5678  1025.2921    25.1276    314.855    298.683  330.31351     95.320     90.435     0.0907     0.1962     3.9269     0.7295 5.9601e-01       2518     1.7478         25 0.0000e+00
     35.630   71.28778 -157.24544     36.000     3.0234     3.0199     3.0214    31.5902    31.6084  1025.3314    25.1622    314.464    299.122  330.81835     95.056     90.423     0.0886     0.1839     3.9627     0.6932 5.0730e-01       2544     1.7660         28 0.0000e+00
     36.619   71.28778 -157.24544     37.000     2.7747     2.7590     2.7728    31.6578    31.6810  1025.4106    25.2365    314.887    300.174  332.69569     94.648     90.206     0.0869     0.1732     3.9777     0.6780 4.2908e-01       2585     1.7942         55 0.0000e+00
     37.609   71.28778 -157.24544     38.000     2.4532     2.4186     2.4512    31.7316    31.7621  1025.4998    25.3206    316.610    298.452  335.18681     94.457     88.984     0.0909     0.1974     3.8201     0.8413 3.8051e-01       2648     1.8384         50 0.0000e+00
     38.598   71.28778 -157.24544     39.000     2.2507     2.2499     2.2488    31.7795    31.7966  1025.5583    25.3742    318.496    301.367  336.76790     94.574     89.498     0.0902     0.1930     3.3402     1.3840 3.1069e-01       2688     1.8659         40 0.0000e+00
     39.588   71.28778 -157.24544     40.000     2.2156     2.2148     2.2136    31.7836    31.7995  1025.5690    25.3801    318.231    302.887  337.05422     94.416     89.872     0.0920     0.2041     3.0914     1.6863 2.5306e-01       2741     1.9030         58 0.0000e+00
     40.578   71.28778 -157.24544     41.000     2.2016     2.2039     2.1996    31.7844    31.7987  1025.5754    25.3818    315.544    300.732  337.17084     93.586     89.208     0.0938     0.2152     3.0612     1.7259 1.9563e-01       2793     1.9390         41 0.0000e+00
     41.567   71.28778 -157.24544     42.000     2.1876     2.1901     2.1856    31.7871    31.8006  1025.5833    25.3849    314.647    299.786  337.28264     93.289     88.897     0.0938     0.2148     3.0470     1.7446 1.2785e-01       2842     1.9727         74 0.0000e+00
     42.557   71.28778 -157.24544     43.000     2.1907     2.1877     2.1886    31.7840    31.7982  1025.5853    25.3822    314.976    299.701  337.26414     93.392     88.866     0.0964     0.2304     3.0481     1.7432 6.4392e-02       2932     2.0353         54 0.0000e+00
     43.547   71.28778 -157.24544     44.000     2.1757     2.1792     2.1736    31.7868    31.7996  1025.5934    25.3856    315.392    300.331  337.38381     93.482     89.034     0.0922     0.2053     3.0393     1.7548 4.1070e-02       2966     2.0593         39 0.0000e+00
     44.536   71.28778 -157.24542     45.000     2.1765     2.1775     2.1743    31.7857    31.7982  1025.5971    25.3846    315.151    301.104  337.38083     93.411     89.258     0.0943     0.2181     3.0371     1.7576 3.3275e-03       3076     2.1353        122 0.0000e+00
     45.526   71.28778 -157.24543     46.000     2.1709     2.1715     2.1686    31.7860    31.7985  1025.6026    25.3853    315.050    299.829  337.42732     93.368     88.867     0.0935     0.2129     3.0355     1.7597 2.2025e-03       3166     2.1979        161 0.0000e+00
     46.515   71.28776 -157.24542     47.000     2.1682     2.1677     2.1659    31.7837    31.7957  1025.6056    25.3836    315.257    302.632  337.45583     93.422     89.688     0.0986     0.2438     2.9631     1.8593 -3.148e-05       3678     2.5535        228 0.0000e+00
     47.505   71.28776 -157.24542     48.000     2.1664     2.1674     2.1641    31.7845    31.7962  1025.6111    25.3844    315.225    300.529  337.46899     93.409     89.064     0.0935     0.2128     3.0229     1.7765 3.3150e-06       3699     2.5678         43 0.0000e+00
     48.494   71.28778 -157.24542     49.000     2.1662     2.1681     2.1638    31.7844    31.7960  1025.6158    25.3843    314.669    301.259  337.47104     93.243     89.282     0.0982     0.2410     3.0206     1.7794 1.5068e-06       3783     2.6263         85 0.0000e+00
     49.484   71.28778 -157.24542     50.000     2.1637     2.1640     2.1612    31.7849    31.7968  1025.6211    25.3849    315.068    302.500  337.49147     93.356     89.641     0.0921     0.2048     2.8871     1.9656 2.9304e-06       3828     2.6580         29 0.0000e+00
     50.473   71.28778 -157.24542     51.000     2.1648     2.1639     2.1623    31.7844    31.7964  1025.6254    25.3845    315.133    302.177  337.48301     93.377     89.544     0.0943     0.2180     2.9782     1.8383 2.5681e-06       4039     2.8041        503 0.0000e+00
     51.463   71.28778 -157.24540     52.000     2.1603     2.1628     2.1578    31.7846    31.7952  1025.6306    25.3850    315.059    302.228  337.52025     93.345     89.557     0.0956     0.2256     2.6885     2.2677 3.6844e-06       6399     4.4433        179 0.0000e+00
