EcoFOCI/data/1_SampleCollection/2023_SikuliaqDBO_CruiseData/CTD_raw_BottleFile_SKQ23-12S/proc/skq202312s_075.cnv
* Sea-Bird SBE 9 Data File:
* FileName = D:\CTD\SKQ202312S\SKQ202312S_075.hex
* Software Version Seasave V 7.26.7.121
* Temperature SN = 6177
* Conductivity SN = 0369
* Number of Bytes Per Scan = 41
* Number of Voltage Words = 4
* Number of Scans Averaged by the Deck Unit = 1
* NMEA Latitude = 68 14.82 N
* NMEA Longitude = 167 07.33 W
* NMEA UTC (Time) = Oct 02 2023  05:40:29
* NMEA baud rate = 4800
** Ship: R/V Sikuliaq
** Station Number: 075
** Station Name: DBO3.3
** Bottom Depth: 43
** Operator: SD
# nquan = 24
# nvalues = 6111                                  
# units = specified
# name 0 = depSM: Depth [salt water, m]
# name 1 = latitude: Latitude [deg]
# name 2 = longitude: Longitude [deg]
# name 3 = prDM: Pressure, Digiquartz [db]
# name 4 = t090C: Temperature [ITS-90, deg C]
# name 5 = t190C: Temperature, 2 [ITS-90, deg C]
# name 6 = potemp090C: Potential Temperature [ITS-90, deg C]
# name 7 = sal00: Salinity, Practical [PSU]
# name 8 = sal11: Salinity, Practical, 2 [PSU]
# name 9 = density00: Density [density, kg/m^3]
# name 10 = sigma-é00: Density [sigma-theta, kg/m^3]
# name 11 = sbox0Mm/Kg: Oxygen, SBE 43 [umol/kg]
# name 12 = sbox1Mm/Kg: Oxygen, SBE 43, 2 [umol/kg]
# name 13 = oxsolMm/Kg: Oxygen Saturation, Garcia & Gordon [umol/kg]
# name 14 = sbeox0PS: Oxygen, SBE 43 [% saturation]
# name 15 = sbeox1PS: Oxygen, SBE 43, 2 [% saturation]
# name 16 = v0: Voltage 0
# name 17 = flECO-AFL: Fluorescence, WET Labs ECO-AFL/FL [mg/m^3]
# name 18 = v1: Voltage 1
# name 19 = CStarAt0: Beam Attenuation, WET Labs C-Star [1/m]
# name 20 = par: PAR/Irradiance, Biospherical/Licor
# name 21 = scan: Scan Count
# name 22 = timeM: Time, Elapsed [minutes]
# name 23 = flag:  0.000e+00
# span 0 =      2.824,     38.685                 
# span 1 =   68.24652,   68.24672                 
# span 2 = -167.12266, -167.12246                 
# span 3 =      2.853,     39.080                 
# span 4 =     4.4215,     7.9027                 
# span 5 =     4.4203,     7.9045                 
# span 6 =     4.4189,     7.9004                 
# span 7 =    25.6333,    31.9134                 
# span 8 =    25.6243,    31.9239                 
# span 9 =  1020.1432,  1025.4692                 
# span 10 =    20.1209,    25.2883                
# span 11 =    257.241,    298.544                
# span 12 =    239.983,    284.110                
# span 13 =  299.34244,  319.01891                
# span 14 =     81.646,     95.361                
# span 15 =     76.052,     90.607                
# span 16 =     0.0720,     0.2589                
# span 17 =     0.0842,     1.2051                
# span 18 =     3.1587,     4.0549                
# span 19 =     0.6011,     1.6005                
# span 20 = 1.0000e-12, 3.8176e-01                
# span 21 =          1,       6111                
# span 22 =     0.0000,     4.2431                
# span 23 = 0.0000e+00, 0.0000e+00                
# interval = seconds: 0.0416667
# start_time = Oct 02 2023 05:44:07 [NMEA time, first data scan]
# bad_flag = -9.990e-29
*END*
[from data line 1872]
     18.260   68.24664 -167.12252     18.446     7.6037     7.6090     7.6021    29.2653    29.2857  1022.9123    22.8274    271.609    257.800  301.86693     89.977     85.425     0.1441     0.5165     4.0134     0.6423 1.0000e-12       1873     1.3000  0.000e+00
     18.283   68.24664 -167.12252     18.469     7.6031     7.6092     7.6015    29.2639    29.2862  1022.9114    22.8264    271.375    257.791  301.87452     89.897     85.422     0.1429     0.5091     4.0147     0.6410 1.0000e-12       1874     1.3007  0.000e+00
     18.322   68.24664 -167.12252     18.508     7.6019     7.6100     7.6003    29.2642    29.2859  1022.9119    22.8268    271.333    257.796  301.88174     89.881     85.426     0.1429     0.5091     4.0134     0.6423 1.0000e-12       1875     1.3014  0.000e+00
     18.322   68.24664 -167.12252     18.508     7.6003     7.6102     7.5987    29.2665    29.2855  1022.9139    22.8287    271.318    257.786  301.88773     89.874     85.422     0.1429     0.5091     4.0134     0.6423 1.0000e-12       1876     1.3021  0.000e+00
     18.283   68.24664 -167.12252     18.469     7.5993     7.6105     7.5977    29.2690    29.2861  1022.9159    22.8309    271.301    257.772  301.88902     89.868     85.419     0.1429     0.5091     4.0147     0.6410 1.0000e-12       1877     1.3028  0.000e+00
     18.376   68.24664 -167.12252     18.563     7.5992     7.6122     7.5976    29.2705    29.2859  1022.9175    22.8321    271.096    257.754  301.88672     89.801     85.416     0.1416     0.5018     4.0134     0.6423 1.0000e-12       1878     1.3035  0.000e+00
     18.322   68.24664 -167.12252     18.508     7.5992     7.6133     7.5976    29.2706    29.2870  1022.9173    22.8321    271.032    257.749  301.88651     89.779     85.417     0.1441     0.5165     4.0134     0.6423 1.0000e-12       1879     1.3042  0.000e+00
     18.322   68.24664 -167.12252     18.508     7.5993     7.6141     7.5977    29.2704    29.2879  1022.9172    22.8320    270.998    257.732  301.88584     89.768     85.414     0.1429     0.5091     4.0134     0.6423 1.0000e-12       1880     1.3049  0.000e+00
     18.345   68.24664 -167.12252     18.531     7.5990     7.6149     7.5974    29.2712    29.2877  1022.9180    22.8327    270.970    257.544  301.88611     89.759     85.353     0.1429     0.5091     4.0122     0.6435 1.0000e-12       1881     1.3056  0.000e+00
     18.322   68.24664 -167.12252     18.508     7.5990     7.6157     7.5974    29.2728    29.2871  1022.9191    22.8339    270.942    257.510  301.88263     89.751     85.343     0.1416     0.5018     4.0098     0.6459 1.0000e-12       1882     1.3062  0.000e+00
     18.376   68.24664 -167.12252     18.562     7.5995     7.6159     7.5979    29.2754    29.2868  1022.9213    22.8359    270.969    257.484  301.87391     89.762     85.334     0.1429     0.5091     4.0085     0.6471 1.0000e-12       1883     1.3069  0.000e+00
     18.399   68.24664 -167.12252     18.586     7.6010     7.6154     7.5994    29.2777    29.2862  1022.9230    22.8375    270.941    257.460  301.85856     89.758     85.325     0.1441     0.5165     4.0073     0.6483 1.0000e-12       1884     1.3076  0.000e+00
     18.376   68.24664 -167.12252     18.562     7.6021     7.6149     7.6004    29.2797    29.2854  1022.9244    22.8389    270.893    257.436  301.84643     89.745     85.316     0.1429     0.5091     4.0073     0.6483 1.0000e-12       1885     1.3083  0.000e+00
     18.437   68.24664 -167.12252     18.625     7.6037     7.6140     7.6021    29.2807    29.2850  1022.9252    22.8395    270.875    257.416  301.83303     89.743     85.307     0.1429     0.5091     4.0073     0.6483 1.0000e-12       1886     1.3090  0.000e+00
     18.345   68.24664 -167.12252     18.531     7.6055     7.6136     7.6038    29.2810    29.2855  1022.9248    22.8395    270.858    257.386  301.82025     89.741     85.297     0.1429     0.5091     4.0073     0.6483 1.0000e-12       1887     1.3097  0.000e+00
     18.437   68.24664 -167.12252     18.625     7.6070     7.6138     7.6053    29.2809    29.2863  1022.9249    22.8392    270.826    257.358  301.81022     89.734     85.288     0.1441     0.5165     4.0085     0.6471 1.0000e-12       1888     1.3104  0.000e+00
     18.437   68.24664 -167.12252     18.625     7.6081     7.6136     7.6064    29.2810    29.2878  1022.9249    22.8392    270.607    257.328  301.80243     89.664     85.279     0.1416     0.5018     4.0073     0.6483 1.0000e-12       1889     1.3111  0.000e+00
     18.460   68.24664 -167.12252     18.648     7.6094     7.6136     7.6077    29.2808    29.2889  1022.9246    22.8388    270.557    257.299  301.79406     89.650     85.270     0.1429     0.5091     4.0073     0.6483 1.0000e-12       1890     1.3118  0.000e+00
     18.437   68.24664 -167.12252     18.625     7.6104     7.6136     7.6087    29.2808    29.2890  1022.9244    22.8387    270.538    257.270  301.78714     89.645     85.260     0.1416     0.5018     4.0073     0.6483 1.0000e-12       1891     1.3125  0.000e+00
     18.491   68.24664 -167.12252     18.679     7.6108     7.6135     7.6092    29.2809    29.2884  1022.9247    22.8387    270.503    257.245  301.78376     89.635     85.251     0.1429     0.5091     4.0085     0.6471 1.0000e-12       1892     1.3132  0.000e+00
     18.491   68.24664 -167.12252     18.679     7.6114     7.6098     7.6098    29.2809    29.2884  1022.9245    22.8386    270.470    257.430  301.77948     89.625     85.306     0.1416     0.5018     4.0073     0.6483 1.0000e-12       1893     1.3139  0.000e+00
     18.514   68.24664 -167.12252     18.703     7.6114     7.6037     7.6098    29.2814    29.2879  1022.9251    22.8390    270.446    257.286  301.77832     89.617     85.246     0.1429     0.5091     4.0073     0.6483 1.0000e-12       1894     1.3146  0.000e+00
     18.553   68.24664 -167.12252     18.742     7.6118     7.6002     7.6101    29.2808    29.2860  1022.9247    22.8385    270.452    257.303  301.77723     89.620     85.243     0.1441     0.5165     4.0085     0.6471 1.0000e-12       1895     1.3153  0.000e+00
     18.491   68.24664 -167.12252     18.679     7.6121     7.6007     7.6104    29.2810    29.2844  1022.9245    22.8386    270.269    257.117  301.77481     89.560     85.182     0.1429     0.5091     4.0085     0.6471 1.0000e-12       1896     1.3160  0.000e+00
     18.576   68.24664 -167.12252     18.765     7.6123     7.6018     7.6106    29.2806    29.2839  1022.9246    22.8383    270.428    257.088  301.77420     89.613     85.174     0.1429     0.5091     4.0073     0.6483 1.0000e-12       1897     1.3167  0.000e+00
     18.607   68.24664 -167.12252     18.796     7.6119     7.6034     7.6103    29.2808    29.2845  1022.9250    22.8385    270.453    257.227  301.77614     89.620     85.223     0.1429     0.5091     4.0073     0.6483 1.0000e-12       1898     1.3174  0.000e+00
     18.553   68.24664 -167.12252     18.742     7.6118     7.6050     7.6101    29.2813    29.2854  1022.9251    22.8389    270.670    257.206  301.77606     89.692     85.220     0.1429     0.5091     4.0085     0.6471 1.0000e-12       1899     1.3181  0.000e+00
     18.630   68.24664 -167.12252     18.819     7.6114     7.6067     7.6098    29.2814    29.2864  1022.9256    22.8390    270.271    257.017  301.77827     89.559     85.161     0.1429     0.5091     4.0073     0.6483 1.0000e-12       1900     1.3188  0.000e+00
     18.661   68.24664 -167.12252     18.851     7.6113     7.6077     7.6096    29.2821    29.2881  1022.9263    22.8396    270.254    257.160  301.77780     89.554     85.212     0.1429     0.5091     4.0073     0.6483 1.0000e-12       1901     1.3194  0.000e+00
     18.661   68.24664 -167.12252     18.851     7.6113     7.6087     7.6096    29.2827    29.2894  1022.9268    22.8401    270.077    257.147  301.77639     89.496     85.210     0.1416     0.5018     4.0134     0.6423 1.0000e-12       1902     1.3201  0.000e+00
     18.684   68.24664 -167.12252     18.874     7.6108     7.6096     7.6091    29.2833    29.2901  1022.9274    22.8406    270.241    256.965  301.77860     89.550     85.152     0.1355     0.4652     4.0171     0.6386 1.0000e-12       1903     1.3208  0.000e+00
     18.723   68.24664 -167.12252     18.913     7.6108     7.6102     7.6091    29.2838    29.2910  1022.9280    22.8410    270.052    257.115  301.77746     89.487     85.203     0.1319     0.4432     4.0183     0.6374 1.0000e-12       1904     1.3215  0.000e+00
     18.723   68.24664 -167.12252     18.913     7.6108     7.6107     7.6091    29.2841    29.2921  1022.9283    22.8412    270.007    256.935  301.77675     89.472     85.146     0.1331     0.4505     4.0171     0.6386 1.0000e-12       1905     1.3222  0.000e+00
     18.777   68.24664 -167.12252     18.967     7.6113     7.6116     7.6096    29.2843    29.2924  1022.9286    22.8413    269.992    257.087  301.77281     89.469     85.198     0.1319     0.4432     4.0171     0.6386 1.0000e-12       1906     1.3229  0.000e+00
     18.800   68.24664 -167.12252     18.991     7.6112     7.6121     7.6096    29.2848    29.2930  1022.9291    22.8417    270.177    257.084  301.77206     89.530     85.198     0.1331     0.4505     4.0171     0.6386 1.0000e-12       1907     1.3236  0.000e+00
     18.776   68.24664 -167.12252     18.967     7.6116     7.6127     7.6100    29.2849    29.2935  1022.9290    22.8418    269.980    256.907  301.76909     89.466     85.141     0.1331     0.4505     4.0171     0.6386 1.0000e-12       1908     1.3243  0.000e+00
     18.838   68.24664 -167.12252     19.030     7.6118     7.6133     7.6101    29.2854    29.2935  1022.9297    22.8421    270.175    256.892  301.76707     89.531     85.137     0.1331     0.4505     4.0171     0.6386 1.0000e-12       1909     1.3250  0.000e+00
     18.861   68.24664 -167.12252     19.053     7.6123     7.6138     7.6106    29.2858    29.2939  1022.9300    22.8423    269.990    256.876  301.76278     89.471     85.133     0.1343     0.4579     4.0171     0.6386 1.0000e-12       1910     1.3257  0.000e+00
     18.892   68.24664 -167.12252     19.084     7.6124     7.6143     7.6108    29.2863    29.2947  1022.9305    22.8427    269.977    256.862  301.76064     89.467     85.130     0.1331     0.4505     4.0171     0.6386 1.0000e-12       1911     1.3264  0.000e+00
     18.892   68.24664 -167.12252     19.084     7.6131     7.6156     7.6114    29.2870    29.2947  1022.9310    22.8432    269.992    256.861  301.75456     89.474     85.132     0.1331     0.4505     4.0171     0.6386 1.0000e-12       1912     1.3271  0.000e+00
     18.969   68.24664 -167.12252     19.162     7.6137     7.6159     7.6120    29.2873    29.2955  1022.9315    22.8433    269.989    256.870  301.74949     89.475     85.136     0.1319     0.4432     4.0171     0.6386 1.0000e-12       1913     1.3278  0.000e+00
     18.954   68.24664 -167.12252     19.147     7.6144     7.6170     7.6127    29.2880    29.2956  1022.9319    22.8438    270.015    256.874  301.74348     89.485     85.140     0.1331     0.4505     4.0171     0.6386 1.0000e-12       1914     1.3285  0.000e+00
     19.008   68.24664 -167.12252     19.201     7.6152     7.6176     7.6135    29.2884    29.2963  1022.9324    22.8440    269.969    256.884  301.73709     89.472     85.145     0.1319     0.4432     4.0171     0.6386 1.0000e-12       1915     1.3292  0.000e+00
     19.031   68.24664 -167.12252     19.224     7.6158     7.6186     7.6141    29.2891    29.2968  1022.9329    22.8445    270.006    256.894  301.73111     89.486     85.150     0.1331     0.4505     4.0171     0.6386 1.0000e-12       1916     1.3299  0.000e+00
     19.062   68.24664 -167.12252     19.256     7.6168     7.6196     7.6151    29.2896    29.2970  1022.9333    22.8447    270.020    256.889  301.72314     89.493     85.151     0.1319     0.4432     4.0171     0.6386 1.0000e-12       1917     1.3306  0.000e+00
     19.123   68.24664 -167.12252     19.318     7.6178     7.6205     7.6161    29.2902    29.2975  1022.9340    22.8451    269.851    256.886  301.71530     89.439     85.152     0.1331     0.4505     4.0171     0.6386 1.0000e-12       1918     1.3313  0.000e+00
     19.085   68.24664 -167.12252     19.279     7.6187     7.6219     7.6170    29.2906    29.2982  1022.9340    22.8453    269.850    256.879  301.70833     89.441     85.152     0.1343     0.4579     4.0171     0.6386 1.0000e-12       1919     1.3319  0.000e+00
     19.123   68.24664 -167.12252     19.318     7.6194     7.6227     7.6177    29.2916    29.2985  1022.9348    22.8459    269.832    256.706  301.70100     89.437     85.097     0.1331     0.4505     4.0171     0.6386 1.0000e-12       1920     1.3326  0.000e+00
     19.177   68.24664 -167.12252     19.372     7.6207     7.6241     7.6190    29.2921    29.2991  1022.9353    22.8462    269.843    256.688  301.69093     89.443     85.094     0.1331     0.4505     4.0171     0.6386 1.0000e-12       1921     1.3333  0.000e+00
     19.201   68.24664 -167.12252     19.396     7.6218     7.6251     7.6201    29.2923    29.2999  1022.9354    22.8462    269.861    256.673  301.68294     89.452     85.092     0.1331     0.4505     4.0208     0.6350 1.0000e-12       1922     1.3340  0.000e+00
     19.293   68.24664 -167.12252     19.489     7.6228     7.6264     7.6211    29.2930    29.3003  1022.9363    22.8466    269.862    256.662  301.67449     89.455     85.091     0.1331     0.4505     4.0244     0.6313 1.0000e-12       1923     1.3347  0.000e+00
     19.239   68.24664 -167.12252     19.435     7.6237     7.6270     7.6220    29.2939    29.3008  1022.9366    22.8472    269.862    256.652  301.66607     89.457     85.089     0.1331     0.4505     4.0256     0.6301 1.0000e-12       1924     1.3354  0.000e+00
     19.316   68.24664 -167.12252     19.513     7.6250     7.6280     7.6233    29.2937    29.3011  1022.9367    22.8469    269.873    256.647  301.65752     89.463     85.089     0.1331     0.4505     4.0244     0.6313 1.0000e-12       1925     1.3361  0.000e+00
     19.355   68.24664 -167.12252     19.552     7.6260     7.6288     7.6243    29.2934    29.3011  1022.9365    22.8465    269.889    256.643  301.65137     89.470     85.090     0.1319     0.4432     4.0244     0.6313 1.0000e-12       1926     1.3368  0.000e+00
     19.355   68.24664 -167.12252     19.552     7.6267     7.6294     7.6250    29.2940    29.3017  1022.9368    22.8469    269.883    256.469  301.64561     89.470     85.033     0.1331     0.4505     4.0244     0.6313 1.0000e-12       1927     1.3375  0.000e+00
     19.355   68.24664 -167.12252     19.552     7.6275     7.6298     7.6258    29.2936    29.3021  1022.9364    22.8465    269.883    256.455  301.64097     89.472     85.030     0.1294     0.4286     4.0244     0.6313 1.0000e-12       1928     1.3382  0.000e+00
     19.486   68.24664 -167.12252     19.684     7.6281     7.6305     7.6264    29.2934    29.3017  1022.9368    22.8462    269.702    256.447  301.63698     89.413     85.028     0.1270     0.4139     4.0244     0.6313 1.0000e-12       1929     1.3389  0.000e+00
     19.463   68.24664 -167.12252     19.661     7.6286     7.6306     7.6269    29.2936    29.3025  1022.9368    22.8463    269.876    256.421  301.63320     89.472     85.020     0.1258     0.4066     4.0244     0.6313 1.0000e-12       1930     1.3396  0.000e+00
     19.524   68.24664 -167.12252     19.723     7.6289     7.6310     7.6272    29.2934    29.3021  1022.9368    22.8461    269.895    256.401  301.63160     89.478     85.014     0.1270     0.4139     4.0244     0.6313 1.0000e-12       1931     1.3403  0.000e+00
     19.486   68.24664 -167.12252     19.684     7.6294     7.6314     7.6277    29.2939    29.3019  1022.9370    22.8465    269.911    256.379  301.62694     89.485     85.007     0.1270     0.4139     4.0244     0.6313 1.0000e-12       1932     1.3410  0.000e+00
