EcoFOCI/data/1_SampleCollection/2023_SikuliaqDBO_CruiseData/CTD_raw_BottleFile_SKQ23-12S/proc/skq202312s_055svp.cnv
* Sea-Bird SBE 9 Data File:
* FileName = D:\CTD\SKQ202312S\SKQ202312S_055.hex
* Software Version Seasave V 7.26.7.121
* Temperature SN = 6177
* Conductivity SN = 0369
* Number of Bytes Per Scan = 41
* Number of Voltage Words = 4
* Number of Scans Averaged by the Deck Unit = 1
* NMEA Latitude = 71 05.09 N
* NMEA Longitude = 163 48.16 W
* NMEA UTC (Time) = Sep 27 2023  03:55:23
* NMEA baud rate = 4800
** Ship: R/V Sikuliaq
** Station Number: 055
** Station Name: IC7
** Bottom Depth: 43
** Operator: SD
# nquan = 7
# nvalues = 4207                                  
# units = specified
# name 0 = depSM: Depth [salt water, m]
# name 1 = latitude: Latitude [deg]
# name 2 = longitude: Longitude [deg]
# name 3 = t090C: Temperature [ITS-90, deg C]
# name 4 = sal00: Salinity, Practical [PSU]
# name 5 = svCM: Sound Velocity [Chen-Millero, m/s]
# name 6 = flag:  0.000e+00
# span 0 =      2.116,     37.949                 
# span 1 =   71.08482,   71.08482                 
# span 2 = -163.80274, -163.80274                 
# span 3 =     0.6637,     4.2032                 
# span 4 =    30.6508,    32.2705                 
# span 5 =    1449.03,    1463.28                 
# span 6 = 0.0000e+00, 0.0000e+00                 
# interval = seconds: 0.0416667
# start_time = Sep 27 2023 03:58:52 [NMEA time, first data scan]
# bad_flag = -9.990e-29
*END*
      2.233   71.08482 -163.80274     3.9038    30.7795    1460.82  0.000e+00
      2.233   71.08482 -163.80274     3.9181    30.7710    1460.87  0.000e+00
      2.195   71.08482 -163.80274     3.9319    30.7599    1460.92  0.000e+00
      2.287   71.08482 -163.80274     3.9400    30.7503    1460.94  0.000e+00
      2.233   71.08482 -163.80274     3.9401    30.7492    1460.94  0.000e+00
      2.233   71.08482 -163.80274     3.9408    30.7527    1460.95  0.000e+00
      2.233   71.08482 -163.80274     3.9433    30.7557    1460.96  0.000e+00
      2.287   71.08482 -163.80274     3.9491    30.7544    1460.98  0.000e+00
      2.233   71.08482 -163.80274     3.9563    30.7515    1461.01  0.000e+00
      2.287   71.08482 -163.80274     3.9642    30.7452    1461.04  0.000e+00
      2.287   71.08482 -163.80274     3.9685    30.7416    1461.05  0.000e+00
      2.233   71.08482 -163.80274     3.9713    30.7416    1461.06  0.000e+00
      2.287   71.08482 -163.80274     3.9747    30.7410    1461.08  0.000e+00
      2.287   71.08482 -163.80274     3.9804    30.7374    1461.09  0.000e+00
      2.287   71.08482 -163.80274     3.9853    30.7337    1461.11  0.000e+00
      2.287   71.08482 -163.80274     3.9872    30.7336    1461.12  0.000e+00
      2.287   71.08482 -163.80274     3.9885    30.7361    1461.13  0.000e+00
      2.287   71.08482 -163.80274     3.9943    30.7353    1461.15  0.000e+00
      2.287   71.08482 -163.80274     4.0020    30.7298    1461.18  0.000e+00
      2.310   71.08482 -163.80274     4.0050    30.7232    1461.18  0.000e+00
      2.287   71.08482 -163.80274     4.0012    30.7172    1461.16  0.000e+00
      2.349   71.08482 -163.80274     3.9921    30.7157    1461.12  0.000e+00
      2.349   71.08482 -163.80274     3.9809    30.7181    1461.07  0.000e+00
      2.287   71.08482 -163.80274     3.9694    30.7307    1461.04  0.000e+00
      2.349   71.08482 -163.80274     3.9647    30.7436    1461.04  0.000e+00
      2.287   71.08482 -163.80274     3.9668    30.7405    1461.04  0.000e+00
      2.349   71.08482 -163.80274     3.9641    30.7381    1461.03  0.000e+00
      2.349   71.08482 -163.80274     3.9618    30.7345    1461.01  0.000e+00
      2.349   71.08482 -163.80274     3.9584    30.7367    1461.00  0.000e+00
      2.349   71.08482 -163.80274     3.9580    30.7376    1461.00  0.000e+00
      2.349   71.08482 -163.80274     3.9569    30.7387    1461.00  0.000e+00
      2.349   71.08482 -163.80274     3.9572    30.7409    1461.00  0.000e+00
      2.402   71.08482 -163.80274     3.9601    30.7437    1461.02  0.000e+00
      2.348   71.08482 -163.80274     3.9641    30.7448    1461.04  0.000e+00
      2.348   71.08482 -163.80274     3.9652    30.7499    1461.05  0.000e+00
      2.372   71.08482 -163.80274     3.9724    30.7513    1461.08  0.000e+00
      2.402   71.08482 -163.80274     3.9810    30.7530    1461.12  0.000e+00
      2.348   71.08482 -163.80274     3.9899    30.7541    1461.16  0.000e+00
      2.348   71.08482 -163.80274     4.0036    30.7493    1461.21  0.000e+00
      2.402   71.08482 -163.80274     4.0203    30.7393    1461.27  0.000e+00
      2.402   71.08482 -163.80274     4.0345    30.7298    1461.31  0.000e+00
      2.348   71.08482 -163.80274     4.0435    30.7238    1461.34  0.000e+00
      2.348   71.08482 -163.80274     4.0502    30.7195    1461.37  0.000e+00
      2.402   71.08482 -163.80274     4.0575    30.7145    1461.39  0.000e+00
      2.402   71.08482 -163.80274     4.0650    30.7076    1461.41  0.000e+00
      2.348   71.08482 -163.80274     4.0690    30.7024    1461.42  0.000e+00
      2.402   71.08482 -163.80274     4.0700    30.7008    1461.43  0.000e+00
      2.348   71.08482 -163.80274     4.0698    30.7045    1461.43  0.000e+00
      2.402   71.08482 -163.80274     4.0722    30.7041    1461.44  0.000e+00
      2.348   71.08482 -163.80274     4.0746    30.7007    1461.45  0.000e+00
      2.402   71.08482 -163.80274     4.0768    30.6956    1461.45  0.000e+00
      2.402   71.08482 -163.80274     4.0807    30.6875    1461.46  0.000e+00
      2.371   71.08482 -163.80274     4.0834    30.6802    1461.46  0.000e+00
      2.348   71.08482 -163.80274     4.0795    30.6825    1461.44  0.000e+00
      2.402   71.08482 -163.80274     4.0728    30.6900    1461.43  0.000e+00
      2.348   71.08482 -163.80274     4.0714    30.6896    1461.42  0.000e+00
      2.348   71.08482 -163.80274     4.0668    30.6906    1461.40  0.000e+00
      2.402   71.08482 -163.80274     4.0626    30.6900    1461.38  0.000e+00
      2.348   71.08482 -163.80274     4.0593    30.6869    1461.36  0.000e+00
      2.348   71.08482 -163.80274     4.0471    30.6897    1461.32  0.000e+00
      2.348   71.08482 -163.80274     4.0329    30.6967    1461.26  0.000e+00
      2.348   71.08482 -163.80274     4.0208    30.7062    1461.23  0.000e+00
      2.348   71.08482 -163.80274     4.0114    30.7144    1461.20  0.000e+00
      2.348   71.08482 -163.80274     4.0051    30.7156    1461.17  0.000e+00
      2.348   71.08482 -163.80274     3.9971    30.7155    1461.14  0.000e+00
      2.348   71.08482 -163.80274     3.9866    30.7179    1461.10  0.000e+00
      2.348   71.08482 -163.80274     3.9757    30.7230    1461.06  0.000e+00
      2.286   71.08482 -163.80274     3.9655    30.7301    1461.02  0.000e+00
      2.310   71.08482 -163.80274     3.9563    30.7360    1460.99  0.000e+00
      2.286   71.08482 -163.80274     3.9496    30.7416    1460.97  0.000e+00
      2.348   71.08482 -163.80274     3.9477    30.7444    1460.97  0.000e+00
      2.286   71.08482 -163.80274     3.9477    30.7447    1460.97  0.000e+00
      2.286   71.08482 -163.80274     3.9473    30.7430    1460.96  0.000e+00
      2.286   71.08482 -163.80274     3.9411    30.7440    1460.94  0.000e+00
      2.286   71.08482 -163.80274     3.9349    30.7459    1460.91  0.000e+00
      2.286   71.08482 -163.80274     3.9316    30.7470    1460.90  0.000e+00
      2.286   71.08482 -163.80274     3.9279    30.7479    1460.89  0.000e+00
      2.232   71.08482 -163.80274     3.9231    30.7481    1460.87  0.000e+00
      2.232   71.08482 -163.80274     3.9165    30.7500    1460.84  0.000e+00
      2.286   71.08482 -163.80274     3.9108    30.7502    1460.82  0.000e+00
      2.232   71.08482 -163.80274     3.9050    30.7516    1460.79  0.000e+00
      2.232   71.08482 -163.80274     3.9002    30.7547    1460.78  0.000e+00
      2.286   71.08482 -163.80274     3.8978    30.7581    1460.77  0.000e+00
      2.178   71.08482 -163.80274     3.8970    30.7606    1460.77  0.000e+00
      2.194   71.08482 -163.80274     3.8965    30.7633    1460.77  0.000e+00
      2.286   71.08482 -163.80274     3.8977    30.7632    1460.78  0.000e+00
      2.232   71.08482 -163.80274     3.8978    30.7636    1460.78  0.000e+00
      2.232   71.08482 -163.80274     3.8972    30.7654    1460.78  0.000e+00
      2.178   71.08482 -163.80274     3.8972    30.7668    1460.78  0.000e+00
      2.232   71.08482 -163.80274     3.8980    30.7663    1460.78  0.000e+00
      2.178   71.08482 -163.80274     3.8983    30.7656    1460.78  0.000e+00
      2.232   71.08482 -163.80274     3.8986    30.7648    1460.78  0.000e+00
      2.178   71.08482 -163.80274     3.8991    30.7654    1460.79  0.000e+00
      2.232   71.08482 -163.80274     3.8994    30.7684    1460.79  0.000e+00
      2.178   71.08482 -163.80274     3.9010    30.7697    1460.80  0.000e+00
      2.178   71.08482 -163.80274     3.9079    30.7656    1460.82  0.000e+00
      2.178   71.08482 -163.80274     3.9151    30.7607    1460.85  0.000e+00
      2.232   71.08482 -163.80274     3.9214    30.7576    1460.87  0.000e+00
      2.178   71.08482 -163.80274     3.9231    30.7580    1460.88  0.000e+00
      2.178   71.08482 -163.80274     3.9214    30.7602    1460.87  0.000e+00
      2.194   71.08482 -163.80274     3.9192    30.7616    1460.87  0.000e+00
      2.178   71.08482 -163.80274     3.9171    30.7630    1460.86  0.000e+00
      2.178   71.08482 -163.80274     3.9165    30.7644    1460.86  0.000e+00
      2.178   71.08482 -163.80274     3.9169    30.7645    1460.86  0.000e+00
      2.232   71.08482 -163.80274     3.9173    30.7639    1460.86  0.000e+00
      2.116   71.08482 -163.80274     3.9174    30.7638    1460.86  0.000e+00
      2.232   71.08482 -163.80274     3.9180    30.7627    1460.86  0.000e+00
      2.178   71.08482 -163.80274     3.9189    30.7604    1460.86  0.000e+00
      2.232   71.08482 -163.80274     3.9182    30.7602    1460.86  0.000e+00
      2.178   71.08482 -163.80274     3.9177    30.7614    1460.86  0.000e+00
      2.178   71.08482 -163.80274     3.9192    30.7619    1460.87  0.000e+00
      2.232   71.08482 -163.80274     3.9225    30.7604    1460.88  0.000e+00
      2.178   71.08482 -163.80274     3.9252    30.7588    1460.89  0.000e+00
      2.178   71.08482 -163.80274     3.9274    30.7572    1460.90  0.000e+00
      2.232   71.08482 -163.80274     3.9288    30.7567    1460.90  0.000e+00
      2.232   71.08482 -163.80274     3.9301    30.7558    1460.91  0.000e+00
      2.193   71.08482 -163.80274     3.9324    30.7548    1460.91  0.000e+00
      2.232   71.08482 -163.80274     3.9348    30.7534    1460.92  0.000e+00
      2.232   71.08482 -163.80274     3.9371    30.7520    1460.93  0.000e+00
      2.232   71.08482 -163.80274     3.9396    30.7501    1460.94  0.000e+00
      2.232   71.08482 -163.80274     3.9408    30.7487    1460.94  0.000e+00
      2.232   71.08482 -163.80274     3.9420    30.7478    1460.95  0.000e+00
      2.286   71.08482 -163.80274     3.9430    30.7484    1460.95  0.000e+00
      2.232   71.08482 -163.80274     3.9442    30.7482    1460.96  0.000e+00
      2.286   71.08482 -163.80274     3.9456    30.7480    1460.96  0.000e+00
      2.232   71.08482 -163.80274     3.9471    30.7472    1460.97  0.000e+00
      2.286   71.08482 -163.80274     3.9477    30.7477    1460.97  0.000e+00
      2.232   71.08482 -163.80274     3.9487    30.7480    1460.97  0.000e+00
      2.286   71.08482 -163.80274     3.9501    30.7480    1460.98  0.000e+00
      2.286   71.08482 -163.80274     3.9513    30.7475    1460.99  0.000e+00
      2.286   71.08482 -163.80274     3.9526    30.7466    1460.99  0.000e+00
      2.286   71.08482 -163.80274     3.9540    30.7459    1460.99  0.000e+00
      2.309   71.08482 -163.80274     3.9558    30.7447    1461.00  0.000e+00
      2.286   71.08482 -163.80274     3.9574    30.7436    1461.01  0.000e+00
      2.286   71.08482 -163.80274     3.9593    30.7414    1461.01  0.000e+00
      2.286   71.08482 -163.80274     3.9598    30.7409    1461.01  0.000e+00
      2.347   71.08482 -163.80274     3.9597    30.7404    1461.01  0.000e+00
      2.286   71.08482 -163.80274     3.9593    30.7412    1461.01  0.000e+00
      2.347   71.08482 -163.80274     3.9588    30.7415    1461.01  0.000e+00
      2.286   71.08482 -163.80274     3.9588    30.7424    1461.01  0.000e+00
      2.347   71.08482 -163.80274     3.9589    30.7430    1461.01  0.000e+00
      2.286   71.08482 -163.80274     3.9602    30.7439    1461.02  0.000e+00
      2.347   71.08482 -163.80274     3.9633    30.7454    1461.03  0.000e+00
      2.347   71.08482 -163.80274     3.9656    30.7474    1461.05  0.000e+00
      2.286   71.08482 -163.80274     3.9686    30.7475    1461.06  0.000e+00
      2.347   71.08482 -163.80274     3.9712    30.7455    1461.07  0.000e+00
      2.347   71.08482 -163.80274     3.9740    30.7440    1461.08  0.000e+00
      2.347   71.08482 -163.80274     3.9759    30.7432    1461.08  0.000e+00
      2.309   71.08482 -163.80274     3.9773    30.7421    1461.09  0.000e+00
      2.347   71.08482 -163.80274     3.9795    30.7394    1461.09  0.000e+00
      2.347   71.08482 -163.80274     3.9818    30.7369    1461.10  0.000e+00
      2.347   71.08482 -163.80274     3.9834    30.7351    1461.11  0.000e+00
      2.347   71.08482 -163.80274     3.9851    30.7338    1461.11  0.000e+00
      2.347   71.08482 -163.80274     3.9889    30.7310    1461.12  0.000e+00
      2.347   71.08482 -163.80274     3.9931    30.7279    1461.14  0.000e+00
      2.347   71.08482 -163.80274     3.9952    30.7259    1461.14  0.000e+00
      2.285   71.08482 -163.80274     3.9947    30.7255    1461.14  0.000e+00
      2.347   71.08482 -163.80274     3.9932    30.7264    1461.14  0.000e+00
      2.347   71.08482 -163.80274     3.9899    30.7291    1461.13  0.000e+00
      2.347   71.08482 -163.80274     3.9867    30.7308    1461.11  0.000e+00
      2.347   71.08482 -163.80274     3.9856    30.7308    1461.11  0.000e+00
      2.347   71.08482 -163.80274     3.9870    30.7288    1461.11  0.000e+00
      2.347   71.08482 -163.80274     3.9885    30.7274    1461.12  0.000e+00
      2.347   71.08482 -163.80274     3.9867    30.7290    1461.11  0.000e+00
      2.347   71.08482 -163.80274     3.9842    30.7305    1461.10  0.000e+00
      2.308   71.08482 -163.80274     3.9806    30.7324    1461.09  0.000e+00
      2.347   71.08482 -163.80274     3.9772    30.7339    1461.08  0.000e+00
      2.347   71.08482 -163.80274     3.9749    30.7353    1461.07  0.000e+00
      2.347   71.08482 -163.80274     3.9726    30.7383    1461.06  0.000e+00
      2.285   71.08482 -163.80274     3.9751    30.7363    1461.07  0.000e+00
      2.347   71.08482 -163.80274     3.9796    30.7321    1461.09  0.000e+00
      2.347   71.08482 -163.80274     3.9825    30.7296    1461.09  0.000e+00
      2.285   71.08482 -163.80274     3.9821    30.7300    1461.09  0.000e+00
      2.347   71.08482 -163.80274     3.9807    30.7311    1461.09  0.000e+00
      2.285   71.08482 -163.80274     3.9802    30.7315    1461.09  0.000e+00
      2.347   71.08482 -163.80274     3.9796    30.7339    1461.09  0.000e+00
      2.285   71.08482 -163.80274     3.9797    30.7358    1461.09  0.000e+00
      2.347   71.08482 -163.80274     3.9799    30.7363    1461.09  0.000e+00
      2.347   71.08482 -163.80274     3.9795    30.7362    1461.09  0.000e+00
      2.285   71.08482 -163.80274     3.9775    30.7380    1461.08  0.000e+00
      2.347   71.08482 -163.80274     3.9759    30.7393    1461.08  0.000e+00
      2.308   71.08482 -163.80274     3.9758    30.7398    1461.08  0.000e+00
      2.285   71.08482 -163.80274     3.9773    30.7401    1461.09  0.000e+00
      2.285   71.08482 -163.80274     3.9807    30.7377    1461.10  0.000e+00
      2.285   71.08482 -163.80274     3.9844    30.7321    1461.10  0.000e+00
      2.347   71.08482 -163.80274     3.9842    30.7277    1461.10  0.000e+00
      2.285   71.08482 -163.80274     3.9823    30.7258    1461.09  0.000e+00
      2.285   71.08482 -163.80274     3.9847    30.7221    1461.09  0.000e+00
      2.285   71.08482 -163.80274     3.9872    30.7192    1461.10  0.000e+00
      2.285   71.08482 -163.80274     3.9826    30.7227    1461.09  0.000e+00
      2.285   71.08482 -163.80274     3.9770    30.7282    1461.07  0.000e+00
      2.285   71.08482 -163.80274     3.9782    30.7286    1461.07  0.000e+00
      2.285   71.08482 -163.80274     3.9907    30.7196    1461.12  0.000e+00
      2.347   71.08482 -163.80274     3.9990    30.7157    1461.15  0.000e+00
      2.231   71.08482 -163.80274     4.0040    30.7134    1461.16  0.000e+00
      2.347   71.08482 -163.80274     4.0061    30.7108    1461.17  0.000e+00
      2.285   71.08482 -163.80274     4.0064    30.7081    1461.17  0.000e+00
      2.231   71.08482 -163.80274     4.0004    30.7106    1461.14  0.000e+00
      2.308   71.08482 -163.80274     3.9943    30.7138    1461.12  0.000e+00
      2.285   71.08482 -163.80274     3.9963    30.7111    1461.13  0.000e+00
      2.285   71.08482 -163.80274     3.9977    30.7107    1461.13  0.000e+00
      2.285   71.08482 -163.80274     3.9999    30.7104    1461.14  0.000e+00
      2.285   71.08482 -163.80274     4.0045    30.7082    1461.16  0.000e+00
      2.285   71.08482 -163.80274     4.0094    30.7060    1461.18  0.000e+00
      2.285   71.08482 -163.80274     4.0151    30.7035    1461.20  0.000e+00
