EcoFOCI/data/1_SampleCollection/2023_SikuliaqDBO_CruiseData/CTD_raw_BottleFile_SKQ23-12S/proc/skq202312s_068.cnv
* Sea-Bird SBE 9 Data File:
* FileName = D:\CTD\SKQ202312S\SKQ202312S_068.hex
* Software Version Seasave V 7.26.7.121
* Temperature SN = 6177
* Conductivity SN = 0369
* Number of Bytes Per Scan = 41
* Number of Voltage Words = 4
* Number of Scans Averaged by the Deck Unit = 1
* NMEA Latitude = 67 40.62 N
* NMEA Longitude = 168 56.94 W
* NMEA UTC (Time) = Sep 29 2023  21:42:04
* NMEA baud rate = 4800
** Ship: R/V Sikuliaq
** Station Number: 068
** Station Name: DBO3.8
** Bottom Depth: 50
** Operator: SD
# nquan = 24
# nvalues = 3703                                  
# units = specified
# name 0 = depSM: Depth [salt water, m]
# name 1 = latitude: Latitude [deg]
# name 2 = longitude: Longitude [deg]
# name 3 = prDM: Pressure, Digiquartz [db]
# name 4 = t090C: Temperature [ITS-90, deg C]
# name 5 = t190C: Temperature, 2 [ITS-90, deg C]
# name 6 = potemp090C: Potential Temperature [ITS-90, deg C]
# name 7 = sal00: Salinity, Practical [PSU]
# name 8 = sal11: Salinity, Practical, 2 [PSU]
# name 9 = density00: Density [density, kg/m^3]
# name 10 = sigma-é00: Density [sigma-theta, kg/m^3]
# name 11 = sbox0Mm/Kg: Oxygen, SBE 43 [umol/kg]
# name 12 = sbox1Mm/Kg: Oxygen, SBE 43, 2 [umol/kg]
# name 13 = oxsolMm/Kg: Oxygen Saturation, Garcia & Gordon [umol/kg]
# name 14 = sbeox0PS: Oxygen, SBE 43 [% saturation]
# name 15 = sbeox1PS: Oxygen, SBE 43, 2 [% saturation]
# name 16 = v0: Voltage 0
# name 17 = flECO-AFL: Fluorescence, WET Labs ECO-AFL/FL [mg/m^3]
# name 18 = v1: Voltage 1
# name 19 = CStarAt0: Beam Attenuation, WET Labs C-Star [1/m]
# name 20 = par: PAR/Irradiance, Biospherical/Licor
# name 21 = scan: Scan Count
# name 22 = timeM: Time, Elapsed [minutes]
# name 23 = flag:  0.000e+00
# span 0 =      2.051,     45.081                 
# span 1 =   67.67708,   67.67710                 
# span 2 = -168.94940, -168.94924                 
# span 3 =      2.071,     45.540                 
# span 4 =     2.2800,     4.3266                 
# span 5 =     2.2714,     4.3271                 
# span 6 =     2.2787,     4.3252                 
# span 7 =    26.1225,    32.4304                 
# span 8 =    26.1366,    32.4429                 
# span 9 =  1020.8256,  1026.0550                 
# span 10 =    20.7999,    25.8417                
# span 11 =    236.439,    331.586                
# span 12 =    224.365,    316.898                
# span 13 =  326.96656,  344.61871                
# span 14 =     71.734,     98.278                
# span 15 =     68.080,     93.806                
# span 16 =     0.0757,     0.2686                
# span 17 =     0.1062,     1.2637                
# span 18 =     2.2198,     4.0696                
# span 19 =     0.5866,     3.0122                
# span 20 = 4.2089e-02, 2.5542e+02                
# span 21 =          1,       3703                
# span 22 =     0.0000,     2.5708                
# span 23 = 0.0000e+00, 0.0000e+00                
# interval = seconds: 0.0416667
# start_time = Sep 29 2023 21:45:22 [NMEA time, first data scan]
# bad_flag = -9.990e-29
*END*
[from data line 61]
      2.105   67.67708 -168.94924      2.126     3.0693     3.0755     3.0692    26.1637    26.1779  1020.8444    20.8343    330.492    315.654  344.33082     95.981     91.696     0.1844     0.7582     3.9573     0.6986 2.2824e+02         62     0.0424  0.000e+00
      2.166   67.67708 -168.94924      2.188     3.0698     3.0755     3.0697    26.1635    26.1779  1020.8445    20.8341    330.658    315.668  344.32710     96.030     91.700     0.1832     0.7509     3.9585     0.6974 2.2569e+02         63     0.0431  0.000e+00
      2.105   67.67708 -168.94924      2.126     3.0701     3.0753     3.0700    26.1634    26.1784  1020.8441    20.8340    330.664    315.676  344.32475     96.033     91.702     0.1844     0.7582     3.9585     0.6974 2.2129e+02         64     0.0437  0.000e+00
      2.143   67.67708 -168.94924      2.165     3.0705     3.0752     3.0704    26.1642    26.1776  1020.8449    20.8346    330.668    315.692  344.31989     96.035     91.706     0.1832     0.7509     3.9573     0.6986 2.2067e+02         65     0.0444  0.000e+00
      2.105   67.67708 -168.94924      2.126     3.0706     3.0746     3.0705    26.1664    26.1770  1020.8464    20.8363    330.664    315.707  344.31282     96.036     91.709     0.1844     0.7582     3.9573     0.6986 2.1758e+02         66     0.0451  0.000e+00
      2.105   67.67708 -168.94924      2.126     3.0715     3.0742     3.0714    26.1669    26.1763  1020.8468    20.8367    330.693    315.723  344.30343     96.047     91.712     0.1832     0.7509     3.9573     0.6986 2.1096e+02         67     0.0458  0.000e+00
      2.105   67.67708 -168.94924      2.126     3.0723     3.0741     3.0722    26.1671    26.1759  1020.8469    20.8368    330.685    315.736  344.29615     96.047     91.715     0.1844     0.7582     3.9573     0.6986 2.0918e+02         68     0.0465  0.000e+00
      2.105   67.67708 -168.94924      2.126     3.0732     3.0742     3.0731    26.1673    26.1761  1020.8470    20.8369    330.673    315.924  344.28833     96.045     91.770     0.1832     0.7509     3.9573     0.6986 2.0684e+02         69     0.0472  0.000e+00
      2.105   67.67708 -168.94924      2.126     3.0739     3.0750     3.0738    26.1675    26.1765  1020.8471    20.8371    330.660    315.745  344.28155     96.044     91.720     0.1844     0.7582     3.9573     0.6986 1.9998e+02         70     0.0479  0.000e+00
      2.166   67.67708 -168.94924      2.188     3.0744     3.0761     3.0743    26.1678    26.1775  1020.8476    20.8372    330.649    315.947  344.27681     96.041     91.782     0.1832     0.7509     3.9573     0.6986 1.9718e+02         71     0.0486  0.000e+00
      2.105   67.67708 -168.94924      2.126     3.0747     3.0777     3.0746    26.1682    26.1784  1020.8476    20.8375    330.630    315.960  344.27287     96.037     91.790     0.1844     0.7582     3.9573     0.6986 1.9498e+02         72     0.0493  0.000e+00
      2.105   67.67708 -168.94924      2.126     3.0755     3.0791     3.0754    26.1680    26.1794  1020.8474    20.8373    330.607    315.975  344.26599     96.032     91.798     0.1832     0.7509     3.9573     0.6986 1.8021e+02         73     0.0500  0.000e+00
      2.105   67.67708 -168.94924      2.126     3.0759     3.0801     3.0758    26.1680    26.1797  1020.8474    20.8373    330.585    315.995  344.26271     96.027     91.807     0.1844     0.7582     3.9573     0.6986 1.7276e+02         74     0.0507  0.000e+00
      2.166   67.67708 -168.94924      2.188     3.0764     3.0810     3.0763    26.1677    26.1800  1020.8474    20.8370    330.601    316.017  344.25945     96.033     91.815     0.1832     0.7509     3.9573     0.6986 1.7276e+02         75     0.0514  0.000e+00
      2.105   67.67708 -168.94924      2.126     3.0767     3.0813     3.0766    26.1675    26.1801  1020.8469    20.8368    330.347    316.039  344.25729     95.959     91.822     0.1832     0.7509     3.9560     0.6999 1.8587e+02         76     0.0521  0.000e+00
      2.105   67.67708 -168.94924      2.126     3.0769     3.0802     3.0768    26.1682    26.1804  1020.8475    20.8374    330.510    316.074  344.25400     96.007     91.830     0.1819     0.7436     3.9573     0.6986 1.9388e+02         77     0.0528  0.000e+00
      2.166   67.67708 -168.94924      2.188     3.0768     3.0796     3.0767    26.1689    26.1802  1020.8483    20.8380    330.484    316.108  344.25255     96.000     91.839     0.1832     0.7509     3.9560     0.6999 1.9498e+02         78     0.0535  0.000e+00
      2.051   67.67708 -168.94924      2.071     3.0770     3.0789     3.0769    26.1696    26.1796  1020.8483    20.8385    330.445    316.111  344.24897     95.990     91.837     0.1832     0.7509     3.9573     0.6986 1.8904e+02         79     0.0542  0.000e+00
      2.166   67.67708 -168.94924      2.188     3.0772     3.0783     3.0771    26.1696    26.1788  1020.8489    20.8385    330.453    316.145  344.24750     95.993     91.846     0.1832     0.7509     3.9573     0.6986 1.8535e+02         80     0.0549  0.000e+00
      2.166   67.67708 -168.94924      2.188     3.0777     3.0775     3.0776    26.1688    26.1783  1020.8482    20.8378    330.453    316.175  344.24539     95.994     91.852     0.1819     0.7436     3.9573     0.6986 1.8431e+02         81     0.0556  0.000e+00
      2.105   67.67708 -168.94924      2.126     3.0779     3.0763     3.0778    26.1681    26.1783  1020.8473    20.8372    330.452    316.204  344.24561     95.993     91.858     0.1832     0.7509     3.9560     0.6999 1.8225e+02         82     0.0563  0.000e+00
      2.105   67.67708 -168.94924      2.126     3.0778     3.0757     3.0777    26.1677    26.1776  1020.8470    20.8369    330.453    316.230  344.24689     95.993     91.863     0.1819     0.7436     3.9573     0.6986 1.7970e+02         83     0.0569  0.000e+00
      2.105   67.67708 -168.94924      2.126     3.0780     3.0744     3.0779    26.1681    26.1767  1020.8473    20.8372    330.450    316.238  344.24454     95.993     91.862     0.1832     0.7509     3.9560     0.6999 1.7920e+02         84     0.0576  0.000e+00
      2.143   67.67708 -168.94924      2.165     3.0786     3.0744     3.0785    26.1669    26.1760  1020.8465    20.8362    330.446    316.234  344.24262     95.992     91.860     0.1819     0.7436     3.9560     0.6999 1.8379e+02         85     0.0583  0.000e+00
      2.220   67.67708 -168.94924      2.243     3.0782     3.0746     3.0781    26.1661    26.1752  1020.8462    20.8356    330.450    316.228  344.24795     95.992     91.858     0.1832     0.7509     3.9573     0.6986 1.9117e+02         86     0.0590  0.000e+00
      2.105   67.67708 -168.94924      2.126     3.0782     3.0741     3.0781    26.1662    26.1754  1020.8458    20.8357    330.439    316.418  344.24817     95.989     91.913     0.1819     0.7436     3.9560     0.6999 1.9334e+02         87     0.0597  0.000e+00
      2.166   67.67708 -168.94924      2.188     3.0782     3.0733     3.0781    26.1668    26.1750  1020.8465    20.8361    330.433    316.461  344.24665     95.987     91.923     0.1832     0.7509     3.9573     0.6986 1.9885e+02         88     0.0604  0.000e+00
      2.166   67.67708 -168.94924      2.188     3.0782     3.0724     3.0781    26.1657    26.1749  1020.8457    20.8353    330.427    316.274  344.24945     95.985     91.867     0.1832     0.7509     3.9560     0.6999 2.1274e+02         89     0.0611  0.000e+00
      2.166   67.67708 -168.94924      2.188     3.0778     3.0713     3.0777    26.1647    26.1743  1020.8449    20.8345    330.422    316.267  344.25482     95.982     91.862     0.1832     0.7509     3.9573     0.6986 2.1697e+02         90     0.0618  0.000e+00
      2.166   67.67708 -168.94924      2.188     3.0777     3.0708     3.0776    26.1641    26.1741  1020.8445    20.8341    330.412    316.454  344.25720     95.978     91.915     0.1819     0.7436     3.9560     0.6999 2.2067e+02         91     0.0625  0.000e+00
      2.105   67.67708 -168.94924      2.126     3.0774     3.0707     3.0773    26.1633    26.1733  1020.8435    20.8334    330.401    316.479  344.26274     95.974     91.921     0.1832     0.7509     3.9573     0.6986 2.3409e+02         92     0.0632  0.000e+00
      2.220   67.67708 -168.94924      2.243     3.0769     3.0716     3.0768    26.1624    26.1734  1020.8434    20.8328    330.398    316.498  344.26910     95.971     91.929     0.1832     0.7509     3.9573     0.6986 2.3942e+02         93     0.0639  0.000e+00
      2.166   67.67708 -168.94924      2.188     3.0762     3.0722     3.0761    26.1617    26.1738  1020.8426    20.8322    330.614    316.306  344.27658     96.031     91.875     0.1832     0.7509     3.9585     0.6974 2.4077e+02         94     0.0646  0.000e+00
      2.166   67.67708 -168.94924      2.188     3.0755     3.0726     3.0754    26.1617    26.1740  1020.8426    20.8323    330.410    316.502  344.28261     95.971     91.933     0.1819     0.7436     3.9609     0.6949 2.4904e+02         95     0.0653  0.000e+00
      2.166   67.67708 -168.94924      2.188     3.0747     3.0721     3.0746    26.1617    26.1735  1020.8428    20.8324    330.397    316.322  344.28977     95.965     91.879     0.1832     0.7509     3.9609     0.6949 2.5328e+02         96     0.0660  0.000e+00
      2.220   67.67708 -168.94924      2.243     3.0744     3.0718     3.0743    26.1620    26.1722  1020.8432    20.8326    330.379    316.526  344.29193     95.959     91.937     0.1819     0.7436     3.9609     0.6949 2.5328e+02         97     0.0667  0.000e+00
      2.166   67.67708 -168.94924      2.188     3.0742     3.0713     3.0741    26.1617    26.1711  1020.8427    20.8324    330.582    316.546  344.29412     96.017     91.940     0.1832     0.7509     3.9597     0.6962 2.5471e+02         98     0.0674  0.000e+00
      2.220   67.67708 -168.94924      2.243     3.0740     3.0697     3.0739    26.1615    26.1706  1020.8428    20.8322    330.633    316.576  344.29652     96.032     91.945     0.1819     0.7436     3.9609     0.6949 2.5542e+02         99     0.0681  0.000e+00
      2.166   67.67708 -168.94924      2.188     3.0739     3.0676     3.0738    26.1612    26.1700  1020.8424    20.8320    330.413    316.581  344.29809     95.967     91.941     0.1832     0.7509     3.9609     0.6949 2.5542e+02        100     0.0688  0.000e+00
      2.166   67.67708 -168.94924      2.188     3.0736     3.0661     3.0735    26.1617    26.1685  1020.8428    20.8324    330.385    316.605  344.29961     95.959     91.944     0.1856     0.7656     3.9609     0.6949 2.5115e+02        101     0.0694  0.000e+00
      2.220   67.67708 -168.94924      2.243     3.0730     3.0657     3.0729    26.1620    26.1670  1020.8434    20.8327    330.398    316.620  344.30379     95.961     91.946     0.1868     0.7729     3.9609     0.6949 2.4834e+02        102     0.0701  0.000e+00
      2.220   67.67708 -168.94924      2.243     3.0729     3.0654     3.0728    26.1623    26.1653  1020.8436    20.8329    330.556    316.607  344.30411     96.007     91.940     0.1856     0.7656     3.9609     0.6949 2.4764e+02        103     0.0708  0.000e+00
      2.166   67.67708 -168.94924      2.188     3.0728     3.0640     3.0727    26.1619    26.1654  1020.8430    20.8326    330.555    316.821  344.30562     96.006     92.000     0.1868     0.7729     3.9609     0.6949 2.4213e+02        104     0.0715  0.000e+00
      2.197   67.67708 -168.94924      2.219     3.0727     3.0630     3.0726    26.1614    26.1645  1020.8428    20.8323    330.367    316.652  344.30810     95.951     91.947     0.1856     0.7656     3.9609     0.6949 2.3674e+02        105     0.0722  0.000e+00
      2.282   67.67708 -168.94924      2.305     3.0728     3.0624     3.0727    26.1612    26.1635  1020.8430    20.8321    330.557    316.659  344.30734     96.006     91.947     0.1868     0.7729     3.9609     0.6949 2.3542e+02        106     0.0729  0.000e+00
      2.166   67.67708 -168.94924      2.188     3.0725     3.0621     3.0724    26.1616    26.1627  1020.8428    20.8324    330.359    316.653  344.30857     95.948     91.944     0.1856     0.7656     3.9597     0.6962 2.2953e+02        107     0.0736  0.000e+00
      2.220   67.67708 -168.94924      2.243     3.0723     3.0617     3.0722    26.1618    26.1628  1020.8432    20.8326    330.320    316.651  344.30994     95.937     91.943     0.1868     0.7729     3.9609     0.6949 2.2191e+02        108     0.0743  0.000e+00
      2.220   67.67708 -168.94924      2.243     3.0720     3.0620     3.0719    26.1621    26.1620  1020.8435    20.8328    330.317    316.641  344.31203     95.935     91.940     0.1856     0.7656     3.9597     0.6962 2.2005e+02        109     0.0750  0.000e+00
      2.166   67.67708 -168.94924      2.188     3.0719     3.0614     3.0718    26.1626    26.1622  1020.8436    20.8332    330.535    316.632  344.31208     95.999     91.936     0.1868     0.7729     3.9609     0.6949 2.1943e+02        110     0.0757  0.000e+00
      2.220   67.67708 -168.94924      2.243     3.0717     3.0607     3.0716    26.1629    26.1618  1020.8442    20.8335    330.529    316.831  344.31209     95.997     91.992     0.1856     0.7656     3.9597     0.6962 2.1881e+02        111     0.0764  0.000e+00
      2.220   67.67708 -168.94924      2.243     3.0719     3.0604     3.0717    26.1631    26.1615  1020.8443    20.8337    330.553    316.840  344.31064     96.004     91.994     0.1868     0.7729     3.9609     0.6949 2.1820e+02        112     0.0771  0.000e+00
      2.220   67.67708 -168.94924      2.243     3.0719     3.0602     3.0717    26.1630    26.1615  1020.8442    20.8336    330.351    316.846  344.31102     95.945     91.995     0.1856     0.7656     3.9609     0.6949 2.1636e+02        113     0.0778  0.000e+00
      2.220   67.67708 -168.94924      2.243     3.0722     3.0609     3.0721    26.1627    26.1611  1020.8439    20.8333    330.563    316.842  344.30911     96.008     91.995     0.1868     0.7729     3.9597     0.6962 2.1215e+02        114     0.0785  0.000e+00
      2.220   67.67708 -168.94924      2.243     3.0724     3.0610     3.0723    26.1625    26.1617  1020.8438    20.8331    330.584    316.634  344.30772     96.014     91.936     0.1856     0.7656     3.9609     0.6949 2.1036e+02        115     0.0792  0.000e+00
      2.220   67.67708 -168.94924      2.243     3.0725     3.0615     3.0724    26.1620    26.1615  1020.8434    20.8328    330.379    316.806  344.30796     95.954     91.987     0.1868     0.7729     3.9597     0.6962 2.0859e+02        116     0.0799  0.000e+00
      2.220   67.67708 -168.94924      2.243     3.0723     3.0620     3.0722    26.1610    26.1618  1020.8426    20.8319    330.594    316.591  344.31209     96.016     91.926     0.1856     0.7656     3.9609     0.6949 1.9885e+02        117     0.0806  0.000e+00
      2.220   67.67708 -168.94924      2.243     3.0720     3.0618     3.0719    26.1599    26.1618  1020.8418    20.8311    330.393    316.585  344.31764     95.956     91.923     0.1868     0.7729     3.9609     0.6949 1.9498e+02        118     0.0813  0.000e+00
      2.220   67.67708 -168.94924      2.243     3.0714     3.0615     3.0713    26.1586    26.1619  1020.8408    20.8301    330.612    316.554  344.32659     96.017     91.914     0.1856     0.7656     3.9609     0.6949 1.9334e+02        119     0.0819  0.000e+00
      2.282   67.67708 -168.94924      2.305     3.0709     3.0612     3.0708    26.1569    26.1618  1020.8397    20.8287    330.642    316.549  344.33488     96.023     91.911     0.1868     0.7729     3.9609     0.6949 1.8379e+02        120     0.0826  0.000e+00
