EcoFOCI/data/1_SampleCollection/2023_SikuliaqDBO_CruiseData/CTD_raw_BottleFile_SKQ23-12S/proc/skq202312s_049.cnv
* Sea-Bird SBE 9 Data File:
* FileName = D:\CTD\SKQ202312S\SKQ202312S_049.hex
* Software Version Seasave V 7.26.7.121
* Temperature SN = 6177
* Conductivity SN = 0369
* Number of Bytes Per Scan = 41
* Number of Voltage Words = 4
* Number of Scans Averaged by the Deck Unit = 1
* NMEA Latitude = 71 51.00 N
* NMEA Longitude = 162 09.40 W
* NMEA UTC (Time) = Sep 25 2023  06:43:07
* NMEA baud rate = 4800
** Ship: R/V Sikuliaq
** Station Number: 049
** Station Name: DBO4.6n
** Bottom Depth: 41
** Operator: SS
# nquan = 24
# nvalues = 3871                                  
# units = specified
# name 0 = depSM: Depth [salt water, m]
# name 1 = latitude: Latitude [deg]
# name 2 = longitude: Longitude [deg]
# name 3 = prDM: Pressure, Digiquartz [db]
# name 4 = t090C: Temperature [ITS-90, deg C]
# name 5 = t190C: Temperature, 2 [ITS-90, deg C]
# name 6 = potemp090C: Potential Temperature [ITS-90, deg C]
# name 7 = sal00: Salinity, Practical [PSU]
# name 8 = sal11: Salinity, Practical, 2 [PSU]
# name 9 = density00: Density [density, kg/m^3]
# name 10 = sigma-é00: Density [sigma-theta, kg/m^3]
# name 11 = sbox0Mm/Kg: Oxygen, SBE 43 [umol/kg]
# name 12 = sbox1Mm/Kg: Oxygen, SBE 43, 2 [umol/kg]
# name 13 = oxsolMm/Kg: Oxygen Saturation, Garcia & Gordon [umol/kg]
# name 14 = sbeox0PS: Oxygen, SBE 43 [% saturation]
# name 15 = sbeox1PS: Oxygen, SBE 43, 2 [% saturation]
# name 16 = v0: Voltage 0
# name 17 = flECO-AFL: Fluorescence, WET Labs ECO-AFL/FL [mg/m^3]
# name 18 = v1: Voltage 1
# name 19 = CStarAt0: Beam Attenuation, WET Labs C-Star [1/m]
# name 20 = par: PAR/Irradiance, Biospherical/Licor
# name 21 = scan: Scan Count
# name 22 = timeM: Time, Elapsed [minutes]
# name 23 = flag:  0.000e+00
# span 0 =      2.537,     36.027                 
# span 1 =   71.85006,   71.85008                 
# span 2 = -162.15676, -162.15674                 
# span 3 =      2.563,     36.403                 
# span 4 =    -0.7787,     1.8087                 
# span 5 =    -0.8244,     1.8099                 
# span 6 =    -0.7791,     1.8083                 
# span 7 =    28.1422,    32.6489                 
# span 8 =    28.1511,    32.6591                 
# span 9 =  1022.5106,  1026.4097                 
# span 10 =    22.4977,    26.2360                
# span 11 =    283.339,    428.467                
# span 12 =    265.555,    399.170                
# span 13 =  348.11645,  364.11476                
# span 14 =     78.590,    119.405                
# span 15 =     73.663,    111.184                
# span 16 =     0.1038,     0.4249                
# span 17 =     0.2747,     2.2015                
# span 18 =     2.6691,     4.1453                
# span 19 =     0.5129,     2.2745                
# span 20 = 1.0000e-12, 5.3311e-01                
# span 21 =          1,       3871                
# span 22 =     0.0000,     2.6875                
# span 23 = 0.0000e+00, 0.0000e+00                
# interval = seconds: 0.0416667
# start_time = Sep 25 2023 06:46:31 [NMEA time, first data scan]
# bad_flag = -9.990e-29
*END*
[from data line 1631]
     11.904   71.85008 -162.15676     12.027     1.4589     1.4511     1.4584    29.4640    29.4938  1023.6290    23.5716    351.113    325.887  349.76043    100.387     93.177     0.2173     0.9560     3.9451     0.7110 1.6876e-03       1632     1.1326  0.000e+00
     11.966   71.85008 -162.15676     12.090     1.4556     1.4490     1.4552    29.4887    29.5131  1023.6492    23.5916    351.345    325.890  349.72320    100.464     93.187     0.2186     0.9634     3.9451     0.7110 3.7340e-03       1633     1.1333  0.000e+00
     11.966   71.85008 -162.15676     12.090     1.4523     1.4450     1.4519    29.5022    29.5371  1023.6602    23.6026    351.426    326.098  349.71636    100.489     93.254     0.2161     0.9487     3.9451     0.7110 9.0035e-03       1634     1.1340  0.000e+00
     11.966   71.85008 -162.15676     12.090     1.4491     1.4432     1.4486    29.5233    29.5587  1023.6773    23.6197    351.699    326.123  349.68855    100.575     93.272     0.2173     0.9560     3.9170     0.7396 1.0810e-02       1635     1.1347  0.000e+00
     12.020   71.85008 -162.15676     12.144     1.4471     1.4417     1.4466    29.5602    29.5887  1023.7072    23.6494    351.698    326.118  349.60771    100.598     93.289     0.2173     0.9560     3.8755     0.7822 9.3628e-03       1636     1.1354  0.000e+00
     12.020   71.85008 -162.15676     12.144     1.4449     1.4412     1.4444    29.6028    29.6377  1023.7415    23.6837    351.891    326.045  349.51274    100.680     93.302     0.2173     0.9560     3.8645     0.7936 3.0480e-03       1637     1.1361  0.000e+00
     12.020   71.85008 -162.15676     12.144     1.4432     1.4416     1.4428    29.6368    29.6920  1023.7689    23.7110    351.921    325.916  349.43608    100.711     93.305     0.2173     0.9560     3.8669     0.7911 6.7730e-04       1638     1.1368  0.000e+00
     12.050   71.85008 -162.15676     12.175     1.4422     1.4423     1.4418    29.6762    29.7251  1023.8007    23.7427    351.672    326.063  349.33908    100.668     93.373     0.2173     0.9560     3.8681     0.7898 8.4714e-06       1639     1.1375  0.000e+00
     11.966   71.85008 -162.15676     12.090     1.4421     1.4432     1.4416    29.7204    29.7563  1023.8358    23.7782    352.035    325.988  349.22152    100.806     93.376     0.2173     0.9560     3.8694     0.7885 1.0000e-12       1640     1.1382  0.000e+00
     12.074   71.85008 -162.15676     12.199     1.4428     1.4454     1.4424    29.7604    29.8096  1023.8683    23.8101    351.994    326.053  349.10737    100.827     93.438     0.2161     0.9487     3.8694     0.7885 1.0000e-12       1641     1.1389  0.000e+00
     12.020   71.85008 -162.15676     12.144     1.4441     1.4486     1.4436    29.8060    29.8674  1023.9045    23.8466    352.408    325.921  348.97357    100.984     93.449     0.2173     0.9560     3.8681     0.7898 1.0000e-12       1642     1.1396  0.000e+00
     12.074   71.85008 -162.15676     12.199     1.4454     1.4510     1.4449    29.8582    29.9013  1023.9465    23.8884    352.158    325.851  348.82216    100.956     93.459     0.2186     0.9634     3.8681     0.7898 1.0000e-12       1643     1.1403  0.000e+00
     12.074   71.85008 -162.15676     12.199     1.4471     1.4526     1.4466    29.9039    29.9181  1023.9831    23.9250    352.320    325.818  348.68417    101.043     93.466     0.2173     0.9560     3.8681     0.7898 1.0000e-12       1644     1.1410  0.000e+00
     12.074   71.85008 -162.15676     12.199     1.4484     1.4525     1.4480    29.9247    29.9448  1023.9997    23.9416    352.606    325.767  348.61612    101.145     93.470     0.2186     0.9634     3.8681     0.7898 1.0000e-12       1645     1.1417  0.000e+00
     12.135   71.85008 -162.15676     12.261     1.4496     1.4506     1.4492    29.9328    29.9875  1024.0064    23.9480    352.199    325.892  348.58371    101.037     93.532     0.2173     0.9560     3.8681     0.7898 1.0000e-12       1646     1.1424  0.000e+00
     12.074   71.85008 -162.15676     12.199     1.4505     1.4479     1.4500    29.9563    30.0284  1024.0249    23.9668    352.344    325.830  348.51325    101.099     93.537     0.2173     0.9560     3.8681     0.7898 1.0000e-12       1647     1.1431  0.000e+00
     12.166   71.85008 -162.15676     12.292     1.4512     1.4451     1.4508    29.9930    30.0533  1024.0547    23.9962    352.942    326.014  348.40799    101.301     93.601     0.2173     0.9560     3.8681     0.7898 1.0000e-12       1648     1.1438  0.000e+00
     12.074   71.85008 -162.15676     12.199     1.4514     1.4420     1.4509    30.0266    30.0792  1024.0812    24.0231    352.970    325.992  348.31652    101.336     93.606     0.2173     0.9560     3.8681     0.7898 1.0000e-12       1649     1.1444  0.000e+00
     12.189   71.85008 -162.15676     12.316     1.4486     1.4374     1.4481    30.0545    30.1204  1024.1043    24.0457    352.557    325.971  348.26675    101.232     93.619     0.2186     0.9634     3.8681     0.7898 1.0000e-12       1650     1.1451  0.000e+00
     12.135   71.85008 -162.15676     12.261     1.4441     1.4275     1.4436    30.0861    30.1631  1024.1296    24.0712    353.013    325.977  348.22234    101.376     93.628     0.2173     0.9560     3.8681     0.7898 8.4714e-06       1651     1.1458  0.000e+00
     12.135   71.85008 -162.15676     12.261     1.4388     1.4166     1.4383    30.1228    30.1881  1024.1594    24.1010    353.047    326.237  348.17076    101.401     93.694     0.2173     0.9560     3.8694     0.7885 8.4714e-06       1652     1.1465  0.000e+00
     12.189   71.85008 -162.15676     12.316     1.4331     1.4092     1.4326    30.1587    30.2052  1024.1888    24.1302    353.062    326.499  348.12602    101.418     93.764     0.2161     0.9487     3.8681     0.7898 8.4714e-06       1653     1.1472  0.000e+00
     12.135   71.85008 -162.15676     12.261     1.4275     1.4027     1.4270    30.1810    30.2275  1024.2067    24.1483    353.311    326.536  348.11645    101.492     93.775     0.2784     1.3223     3.8681     0.7898 1.0000e-12       1654     1.1479  0.000e+00
     12.189   71.85008 -162.15676     12.316     1.4228     1.3963     1.4223    30.1889    30.2484  1024.2136    24.1550    353.603    326.568  348.13669    101.570     93.784     0.3504     1.7546     3.8718     0.7860 1.0000e-12       1655     1.1486  0.000e+00
     12.189   71.85008 -162.15676     12.316     1.4185     1.3947     1.4180    30.1959    30.2556  1024.2194    24.1608    353.705    326.779  348.15677    101.594     93.846     0.3651     1.8425     3.8803     0.7772 8.4714e-06       1656     1.1493  0.000e+00
     12.220   71.85008 -162.15676     12.347     1.4140     1.3947     1.4135    30.2091    30.2550  1024.2304    24.1717    354.230    326.798  348.16151    101.743     93.851     0.3639     1.8352     3.8840     0.7734 3.4241e-04       1657     1.1500  0.000e+00
     12.251   71.85008 -162.15676     12.378     1.4102     1.3959     1.4097    30.2209    30.2541  1024.2403    24.1813    354.136    327.000  348.16373    101.715     93.911     0.3602     1.8132     3.8840     0.7734 6.7730e-04       1658     1.1507  0.000e+00
     12.189   71.85008 -162.15676     12.316     1.4082     1.3959     1.4078    30.2290    30.2564  1024.2466    24.1880    354.382    327.238  348.15907    101.787     93.981     0.3590     1.8058     3.8828     0.7747 3.4241e-04       1659     1.1514  0.000e+00
     12.189   71.85008 -162.15676     12.316     1.4059     1.3950     1.4054    30.2358    30.2612  1024.2522    24.1935    354.452    327.282  348.16205    101.807     93.995     0.3590     1.8058     3.8828     0.7747 8.4714e-06       1660     1.1521  0.000e+00
     12.251   71.85008 -162.15676     12.378     1.4028     1.3918     1.4023    30.2423    30.2713  1024.2578    24.1989    354.735    327.349  348.17218    101.885     94.014     0.3590     1.8058     3.8828     0.7747 1.0000e-12       1661     1.1528  0.000e+00
     12.251   71.85008 -162.15676     12.378     1.4002     1.3868     1.3997    30.2484    30.2878  1024.2629    24.2040    354.782    327.608  348.17933    101.896     94.088     0.3602     1.8132     3.8828     0.7747 1.0000e-12       1662     1.1535  0.000e+00
     12.251   71.85008 -162.15676     12.378     1.3974     1.3785     1.3969    30.2550    30.3083  1024.2684    24.2094    355.069    327.689  348.18658    101.977     94.106     0.3590     1.8058     3.8840     0.7734 1.0000e-12       1663     1.1542  0.000e+00
     12.251   71.85008 -162.15676     12.378     1.3950     1.3713     1.3945    30.2595    30.3263  1024.2721    24.2132    355.363    327.987  348.19560    102.059     94.187     0.3590     1.8058     3.8828     0.7747 1.0000e-12       1664     1.1549  0.000e+00
     12.305   71.85008 -162.15676     12.432     1.3924     1.3612     1.3919    30.2666    30.3459  1024.2783    24.2191    355.425    328.321  348.19996    102.075     94.273     0.3590     1.8058     3.8828     0.7747 1.0000e-12       1665     1.1556  0.000e+00
     12.220   71.85008 -162.15676     12.347     1.3892     1.3499     1.3888    30.2786    30.3642  1024.2876    24.2289    355.711    328.672  348.19578    102.158     94.360     0.3590     1.8058     3.8840     0.7734 1.0000e-12       1666     1.1563  0.000e+00
     12.251   71.85008 -162.15676     12.378     1.3839     1.3353     1.3834    30.2925    30.3838  1024.2993    24.2403    356.025    328.856  348.20655    102.245     94.392     0.3614     1.8205     3.8828     0.7747 1.0000e-12       1667     1.1569  0.000e+00
     12.367   71.85008 -162.15676     12.495     1.3776     1.3238     1.3772    30.3065    30.3991  1024.3113    24.2519    356.161    329.243  348.22468    102.279     94.486     0.3590     1.8058     3.8828     0.7747 1.0000e-12       1668     1.1576  0.000e+00
     12.251   71.85008 -162.15676     12.378     1.3703     1.3199     1.3699    30.3210    30.4043  1024.3229    24.2640    356.260    329.578  348.25091    102.300     94.576     0.3602     1.8132     3.8828     0.7747 1.0000e-12       1669     1.1583  0.000e+00
     12.305   71.85008 -162.15676     12.432     1.3598     1.3164     1.3593    30.3363    30.4077  1024.3360    24.2768    356.833    329.719  348.30420    102.449     94.611     0.3590     1.8058     3.8828     0.7747 3.4241e-04       1670     1.1590  0.000e+00
     12.305   71.85008 -162.15676     12.432     1.3517     1.3173     1.3512    30.3482    30.4067  1024.3460    24.2868    357.659    330.042  348.34451    102.674     94.705     0.3590     1.8058     3.8828     0.7747 3.3905e-03       1671     1.1597  0.000e+00
     12.305   71.85008 -162.15676     12.432     1.3452     1.3209     1.3447    30.3579    30.4034  1024.3542    24.2950    357.420    330.115  348.37633    102.596     94.732     0.3590     1.8058     3.8828     0.7747 4.7702e-03       1672     1.1604  0.000e+00
     12.305   71.85008 -162.15676     12.432     1.3395     1.3236     1.3390    30.3637    30.4014  1024.3592    24.3000    357.766    330.409  348.41190    102.685     94.822     0.3590     1.8058     3.8828     0.7747 3.0480e-03       1673     1.1611  0.000e+00
     12.336   71.85008 -162.15676     12.464     1.3335     1.3237     1.3330    30.3679    30.4022  1024.3630    24.3037    357.693    330.519  348.45484    102.651     94.854     0.3602     1.8132     3.8828     0.7747 3.4241e-04       1674     1.1618  0.000e+00
     12.305   71.85008 -162.15676     12.432     1.3288     1.3219     1.3284    30.3709    30.4061  1024.3656    24.3064    358.229    330.825  348.48790    102.795     94.940     0.3590     1.8058     3.8816     0.7759 1.0000e-12       1675     1.1625  0.000e+00
     12.305   71.85008 -162.15676     12.432     1.3273     1.3192     1.3269    30.3728    30.4113  1024.3672    24.3080    358.540    331.143  348.49603    102.882     95.029     0.3602     1.8132     3.8681     0.7898 3.4241e-04       1676     1.1632  0.000e+00
     12.367   71.85008 -162.15676     12.495     1.3259     1.3164     1.3254    30.3759    30.4134  1024.3700    24.3105    358.655    331.476  348.50115    102.913     95.119     0.3590     1.8058     3.8620     0.7961 3.0480e-03       1677     1.1639  0.000e+00
     12.305   71.85008 -162.15676     12.432     1.3233     1.3145     1.3229    30.3791    30.4091  1024.3725    24.3133    358.967    331.631  348.51517    102.999     95.156     0.3590     1.8058     3.8620     0.7961 4.0784e-03       1678     1.1646  0.000e+00
     12.367   71.85008 -162.15676     12.495     1.3205     1.3152     1.3200    30.3833    30.4006  1024.3763    24.3168    359.283    331.963  348.52933    103.085     95.246     0.3480     1.7399     3.8620     0.7961 2.0263e-03       1679     1.1653  0.000e+00
     12.367   71.85008 -162.15676     12.495     1.3171     1.3159     1.3166    30.3889    30.3949  1024.3810    24.3215    359.635    332.286  348.54496    103.182     95.337     0.2759     1.3077     3.8632     0.7949 8.4714e-06       1680     1.1660  0.000e+00
     12.305   71.85008 -162.15676     12.432     1.3137     1.3138     1.3132    30.3949    30.3963  1024.3857    24.3265    359.978    332.409  348.55933    103.276     95.368     0.2430     1.1099     3.8620     0.7961 1.0000e-12       1681     1.1667  0.000e+00
     12.420   71.85008 -162.15676     12.549     1.3105     1.3108     1.3100    30.4000    30.4019  1024.3906    24.3308    360.364    332.723  348.57359    103.382     95.455     0.2393     1.0879     3.8620     0.7961 1.6876e-03       1682     1.1674  0.000e+00
     12.336   71.85008 -162.15676     12.464     1.3082     1.3090     1.3077    30.4037    30.4060  1024.3932    24.3339    360.494    333.046  348.58438    103.416     95.546     0.2418     1.1025     3.8620     0.7961 7.2223e-03       1683     1.1681  0.000e+00
     12.366   71.85008 -162.15676     12.495     1.3062     1.3080     1.3057    30.4062    30.4060  1024.3955    24.3360    361.093    333.168  348.59537    103.585     95.579     0.2430     1.1099     3.8620     0.7961 9.3628e-03       1684     1.1688  0.000e+00
     12.305   71.85008 -162.15676     12.432     1.3044     1.3083     1.3039    30.4076    30.4029  1024.3964    24.3372    361.252    333.674  348.60785    103.627     95.722     0.2442     1.1172     3.8620     0.7961 3.7340e-03       1685     1.1694  0.000e+00
     12.420   71.85008 -162.15676     12.549     1.3034     1.3088     1.3029    30.4066    30.4001  1024.3962    24.3365    361.645    333.789  348.61941    103.736     95.754     0.2442     1.1172     3.8632     0.7949 8.4714e-06       1686     1.1701  0.000e+00
     12.366   71.85008 -162.15676     12.495     1.3027     1.3096     1.3022    30.4041    30.3989  1024.3940    24.3345    362.023    333.862  348.63252    103.841     95.776     0.2430     1.1099     3.8620     0.7961 1.0000e-12       1687     1.1708  0.000e+00
     12.420   71.85008 -162.15676     12.549     1.3019     1.3105     1.3014    30.3999    30.3977  1024.3910    24.3312    362.359    334.356  348.65118    103.932     95.920     0.2442     1.1172     3.8620     0.7961 1.0000e-12       1688     1.1715  0.000e+00
     12.366   71.85008 -162.15676     12.495     1.3016     1.3112     1.3011    30.3944    30.3970  1024.3863    24.3268    362.759    334.450  348.66844    104.041     95.948     0.2430     1.1099     3.8632     0.7949 1.0000e-12       1689     1.1722  0.000e+00
     12.420   71.85008 -162.15676     12.549     1.3019     1.3133     1.3014    30.3900    30.3944  1024.3830    24.3233    363.143    334.747  348.67777    104.149     96.036     0.2442     1.1172     3.8620     0.7961 1.0000e-12       1690     1.1729  0.000e+00
