EcoFOCI/data/1_SampleCollection/2023_SikuliaqDBO_CruiseData/CTD_raw_BottleFile_SKQ23-12S/proc/skq202312s_019svp.cnv
* Sea-Bird SBE 9 Data File:
* FileName = D:\CTD\SKQ202312S\SKQ202312S_019.hex
* Software Version Seasave V 7.26.7.121
* Temperature SN = 6177
* Conductivity SN = 0369
* Number of Bytes Per Scan = 41
* Number of Voltage Words = 4
* Number of Scans Averaged by the Deck Unit = 1
* NMEA Latitude = 64 59.99 N
* NMEA Longitude = 168 13.30 W
* NMEA UTC (Time) = Sep 17 2023  22:28:58
* NMEA baud rate = 4800
** Ship: R/V Sikuliaq
** Station Number: 019
** Station Name: DBO2.7
** Bottom Depth: 45
** Operator: SD
# nquan = 7
# nvalues = 4581                                  
# units = specified
# name 0 = depSM: Depth [salt water, m]
# name 1 = latitude: Latitude [deg]
# name 2 = longitude: Longitude [deg]
# name 3 = t090C: Temperature [ITS-90, deg C]
# name 4 = sal00: Salinity, Practical [PSU]
# name 5 = svCM: Sound Velocity [Chen-Millero, m/s]
# name 6 = flag:  0.000e+00
# span 0 =      1.992,     40.581                 
# span 1 =   64.99988,   64.99990                 
# span 2 = -168.22160, -168.22154                 
# span 3 =     4.3446,     7.4247                 
# span 4 =    27.1996,    32.0704                 
# span 5 =    1464.34,    1471.92                 
# span 6 = 0.0000e+00, 0.0000e+00                 
# interval = seconds: 0.0416667
# start_time = Sep 17 2023 22:32:38 [NMEA time, first data scan]
# bad_flag = -9.990e-29
*END*
[from data line 3693]
     37.439   64.99990 -168.22154     5.0806    31.8861    1467.71  0.000e+00
     37.485   64.99990 -168.22154     5.0788    31.8870    1467.71  0.000e+00
     37.493   64.99990 -168.22154     5.0777    31.8868    1467.70  0.000e+00
     37.493   64.99990 -168.22154     5.0751    31.8877    1467.69  0.000e+00
     37.539   64.99990 -168.22154     5.0732    31.8883    1467.69  0.000e+00
     37.439   64.99990 -168.22154     5.0715    31.8892    1467.68  0.000e+00
     37.547   64.99990 -168.22154     5.0699    31.8902    1467.68  0.000e+00
     37.493   64.99990 -168.22154     5.0684    31.8900    1467.67  0.000e+00
     37.601   64.99990 -168.22154     5.0648    31.8910    1467.66  0.000e+00
     37.547   64.99990 -168.22154     5.0626    31.8904    1467.65  0.000e+00
     37.547   64.99990 -168.22154     5.0589    31.8908    1467.63  0.000e+00
     37.539   64.99990 -168.22154     5.0541    31.8930    1467.61  0.000e+00
     37.662   64.99990 -168.22154     5.0516    31.8941    1467.61  0.000e+00
     37.662   64.99990 -168.22154     5.0498    31.8929    1467.60  0.000e+00
     37.608   64.99990 -168.22154     5.0456    31.8941    1467.58  0.000e+00
     37.655   64.99990 -168.22154     5.0397    31.8967    1467.56  0.000e+00
     37.662   64.99990 -168.22154     5.0337    31.9000    1467.54  0.000e+00
     37.724   64.99990 -168.22154     5.0297    31.9026    1467.53  0.000e+00
     37.662   64.99990 -168.22154     5.0267    31.9039    1467.52  0.000e+00
     37.716   64.99990 -168.22154     5.0241    31.9043    1467.51  0.000e+00
     37.662   64.99990 -168.22154     5.0222    31.9049    1467.50  0.000e+00
     37.724   64.99990 -168.22154     5.0198    31.9054    1467.49  0.000e+00
     37.770   64.99990 -168.22154     5.0179    31.9056    1467.49  0.000e+00
     37.724   64.99990 -168.22154     5.0157    31.9059    1467.48  0.000e+00
     37.778   64.99990 -168.22154     5.0138    31.9074    1467.47  0.000e+00
     37.778   64.99990 -168.22154     5.0122    31.9077    1467.46  0.000e+00
     37.770   64.99990 -168.22154     5.0092    31.9093    1467.45  0.000e+00
     37.778   64.99990 -168.22154     5.0070    31.9088    1467.44  0.000e+00
     37.840   64.99990 -168.22154     5.0044    31.9080    1467.43  0.000e+00
     37.824   64.99990 -168.22154     5.0002    31.9095    1467.42  0.000e+00
     37.840   64.99990 -168.22154     4.9940    31.9131    1467.40  0.000e+00
     37.894   64.99990 -168.22154     4.9900    31.9144    1467.38  0.000e+00
     37.840   64.99990 -168.22154     4.9872    31.9145    1467.37  0.000e+00
     37.886   64.99990 -168.22154     4.9842    31.9154    1467.36  0.000e+00
     37.894   64.99990 -168.22154     4.9800    31.9165    1467.35  0.000e+00
     37.894   64.99990 -168.22154     4.9761    31.9170    1467.33  0.000e+00
     37.948   64.99990 -168.22154     4.9718    31.9182    1467.32  0.000e+00
     37.940   64.99990 -168.22154     4.9666    31.9211    1467.30  0.000e+00
     37.894   64.99990 -168.22154     4.9646    31.9210    1467.29  0.000e+00
     38.009   64.99990 -168.22154     4.9618    31.9207    1467.28  0.000e+00
     37.940   64.99990 -168.22154     4.9571    31.9233    1467.26  0.000e+00
     37.948   64.99990 -168.22154     4.9538    31.9244    1467.25  0.000e+00
     38.009   64.99990 -168.22154     4.9508    31.9245    1467.24  0.000e+00
     38.009   64.99990 -168.22154     4.9483    31.9234    1467.23  0.000e+00
     38.056   64.99990 -168.22154     4.9441    31.9237    1467.21  0.000e+00
     38.009   64.99990 -168.22154     4.9377    31.9271    1467.19  0.000e+00
     38.009   64.99990 -168.22154     4.9339    31.9281    1467.17  0.000e+00
     38.117   64.99990 -168.22154     4.9304    31.9277    1467.16  0.000e+00
     38.009   64.99990 -168.22154     4.9235    31.9298    1467.13  0.000e+00
     38.125   64.99990 -168.22154     4.9148    31.9343    1467.10  0.000e+00
     38.063   64.99990 -168.22154     4.9117    31.9346    1467.09  0.000e+00
     38.117   64.99990 -168.22154     4.9090    31.9349    1467.08  0.000e+00
     38.063   64.99990 -168.22154     4.9063    31.9353    1467.07  0.000e+00
     38.179   64.99990 -168.22154     4.9035    31.9378    1467.06  0.000e+00
     38.125   64.99990 -168.22154     4.9016    31.9390    1467.06  0.000e+00
     38.117   64.99990 -168.22154     4.9007    31.9398    1467.05  0.000e+00
     38.179   64.99990 -168.22154     4.8995    31.9412    1467.05  0.000e+00
     38.179   64.99990 -168.22154     4.8982    31.9417    1467.05  0.000e+00
     38.171   64.99990 -168.22154     4.8973    31.9427    1467.04  0.000e+00
     38.179   64.99990 -168.22154     4.8973    31.9424    1467.04  0.000e+00
     38.241   64.99990 -168.22154     4.8968    31.9412    1467.04  0.000e+00
     38.241   64.99990 -168.22154     4.8951    31.9405    1467.03  0.000e+00
     38.171   64.99990 -168.22154     4.8936    31.9390    1467.02  0.000e+00
     38.295   64.99990 -168.22154     4.8893    31.9405    1467.01  0.000e+00
     38.241   64.99990 -168.22154     4.8845    31.9423    1466.99  0.000e+00
     38.241   64.99990 -168.22154     4.8783    31.9446    1466.97  0.000e+00
     38.287   64.99990 -168.22154     4.8716    31.9487    1466.95  0.000e+00
     38.241   64.99990 -168.22154     4.8693    31.9493    1466.94  0.000e+00
     38.295   64.99990 -168.22154     4.8681    31.9488    1466.93  0.000e+00
     38.295   64.99990 -168.22154     4.8678    31.9478    1466.93  0.000e+00
     38.341   64.99990 -168.22154     4.8682    31.9465    1466.93  0.000e+00
     38.295   64.99990 -168.22154     4.8656    31.9472    1466.92  0.000e+00
     38.295   64.99990 -168.22154     4.8633    31.9471    1466.91  0.000e+00
     38.341   64.99990 -168.22154     4.8608    31.9475    1466.90  0.000e+00
     38.349   64.99990 -168.22154     4.8592    31.9477    1466.90  0.000e+00
     38.349   64.99990 -168.22154     4.8593    31.9465    1466.90  0.000e+00
     38.295   64.99990 -168.22154     4.8585    31.9466    1466.89  0.000e+00
     38.403   64.99990 -168.22154     4.8538    31.9492    1466.88  0.000e+00
     38.349   64.99990 -168.22154     4.8495    31.9522    1466.86  0.000e+00
     38.410   64.99990 -168.22154     4.8468    31.9537    1466.85  0.000e+00
     38.349   64.99990 -168.22154     4.8463    31.9529    1466.85  0.000e+00
     38.403   64.99990 -168.22154     4.8463    31.9514    1466.85  0.000e+00
     38.410   64.99990 -168.22154     4.8450    31.9519    1466.85  0.000e+00
     38.349   64.99990 -168.22154     4.8425    31.9528    1466.84  0.000e+00
     38.410   64.99990 -168.22154     4.8409    31.9532    1466.83  0.000e+00
     38.403   64.99990 -168.22154     4.8412    31.9512    1466.83  0.000e+00
     38.410   64.99990 -168.22154     4.8420    31.9497    1466.83  0.000e+00
     38.410   64.99990 -168.22154     4.8392    31.9511    1466.82  0.000e+00
     38.403   64.99990 -168.22154     4.8361    31.9532    1466.81  0.000e+00
     38.464   64.99990 -168.22154     4.8350    31.9537    1466.81  0.000e+00
     38.410   64.99990 -168.22154     4.8339    31.9538    1466.80  0.000e+00
     38.464   64.99990 -168.22154     4.8320    31.9548    1466.80  0.000e+00
     38.402   64.99990 -168.22154     4.8293    31.9574    1466.79  0.000e+00
     38.464   64.99990 -168.22154     4.8282    31.9582    1466.78  0.000e+00
     38.410   64.99990 -168.22154     4.8275    31.9590    1466.78  0.000e+00
     38.464   64.99990 -168.22154     4.8273    31.9586    1466.78  0.000e+00
     38.456   64.99990 -168.22154     4.8315    31.9550    1466.79  0.000e+00
     38.464   64.99990 -168.22154     4.8349    31.9522    1466.80  0.000e+00
     38.410   64.99990 -168.22154     4.8323    31.9537    1466.80  0.000e+00
     38.464   64.99990 -168.22154     4.8277    31.9572    1466.78  0.000e+00
     38.518   64.99990 -168.22154     4.8242    31.9590    1466.77  0.000e+00
     38.464   64.99990 -168.22154     4.8198    31.9629    1466.76  0.000e+00
     38.464   64.99990 -168.22154     4.8143    31.9676    1466.74  0.000e+00
     38.456   64.99990 -168.22154     4.8162    31.9657    1466.75  0.000e+00
     38.464   64.99990 -168.22154     4.8180    31.9629    1466.75  0.000e+00
     38.464   64.99990 -168.22154     4.8174    31.9626    1466.75  0.000e+00
     38.526   64.99990 -168.22154     4.8124    31.9654    1466.73  0.000e+00
     38.456   64.99990 -168.22154     4.8043    31.9714    1466.70  0.000e+00
     38.526   64.99990 -168.22154     4.7995    31.9743    1466.69  0.000e+00
     38.526   64.99990 -168.22154     4.7978    31.9745    1466.68  0.000e+00
     38.464   64.99990 -168.22154     4.7972    31.9742    1466.68  0.000e+00
     38.518   64.99990 -168.22154     4.7986    31.9707    1466.68  0.000e+00
     38.526   64.99990 -168.22154     4.7983    31.9693    1466.68  0.000e+00
     38.526   64.99990 -168.22154     4.7991    31.9674    1466.68  0.000e+00
     38.526   64.99990 -168.22154     4.7954    31.9698    1466.67  0.000e+00
     38.572   64.99990 -168.22154     4.7967    31.9681    1466.67  0.000e+00
     38.526   64.99990 -168.22154     4.7994    31.9658    1466.68  0.000e+00
     38.526   64.99990 -168.22154     4.7989    31.9647    1466.67  0.000e+00
     38.580   64.99990 -168.22154     4.7946    31.9665    1466.66  0.000e+00
     38.572   64.99990 -168.22154     4.7989    31.9595    1466.67  0.000e+00
     38.580   64.99990 -168.22154     4.8011    31.9556    1466.67  0.000e+00
     38.580   64.99990 -168.22154     4.7989    31.9566    1466.66  0.000e+00
     38.572   64.99990 -168.22154     4.7963    31.9566    1466.65  0.000e+00
     38.580   64.99990 -168.22154     4.7886    31.9600    1466.63  0.000e+00
     38.580   64.99990 -168.22154     4.7773    31.9670    1466.59  0.000e+00
     38.641   64.99990 -168.22154     4.7751    31.9661    1466.58  0.000e+00
     38.626   64.99990 -168.22154     4.7751    31.9646    1466.58  0.000e+00
     38.641   64.99990 -168.22154     4.7724    31.9653    1466.57  0.000e+00
     38.641   64.99990 -168.22154     4.7678    31.9674    1466.55  0.000e+00
     38.641   64.99990 -168.22154     4.7676    31.9647    1466.55  0.000e+00
     38.688   64.99990 -168.22154     4.7657    31.9653    1466.54  0.000e+00
     38.641   64.99990 -168.22154     4.7603    31.9691    1466.52  0.000e+00
     38.695   64.99990 -168.22154     4.7576    31.9700    1466.51  0.000e+00
     38.749   64.99990 -168.22154     4.7546    31.9710    1466.50  0.000e+00
     38.688   64.99990 -168.22154     4.7503    31.9736    1466.49  0.000e+00
     38.695   64.99990 -168.22154     4.7468    31.9754    1466.48  0.000e+00
     38.749   64.99990 -168.22154     4.7440    31.9752    1466.46  0.000e+00
     38.749   64.99990 -168.22154     4.7395    31.9761    1466.45  0.000e+00
     38.742   64.99990 -168.22154     4.7364    31.9766    1466.43  0.000e+00
     38.811   64.99990 -168.22154     4.7329    31.9767    1466.42  0.000e+00
     38.749   64.99990 -168.22154     4.7264    31.9785    1466.40  0.000e+00
     38.811   64.99990 -168.22154     4.7214    31.9794    1466.38  0.000e+00
     38.857   64.99990 -168.22154     4.7172    31.9804    1466.36  0.000e+00
     38.811   64.99990 -168.22154     4.7127    31.9820    1466.35  0.000e+00
     38.865   64.99990 -168.22154     4.7085    31.9840    1466.33  0.000e+00
     38.865   64.99990 -168.22154     4.7043    31.9852    1466.32  0.000e+00
     38.857   64.99990 -168.22154     4.7008    31.9855    1466.30  0.000e+00
     38.927   64.99990 -168.22154     4.6978    31.9857    1466.29  0.000e+00
     38.865   64.99990 -168.22154     4.6932    31.9876    1466.27  0.000e+00
     38.973   64.99990 -168.22154     4.6902    31.9884    1466.26  0.000e+00
     38.927   64.99990 -168.22154     4.6884    31.9885    1466.26  0.000e+00
     38.927   64.99990 -168.22154     4.6870    31.9890    1466.25  0.000e+00
     38.981   64.99990 -168.22154     4.6853    31.9892    1466.24  0.000e+00
     39.027   64.99990 -168.22154     4.6836    31.9876    1466.24  0.000e+00
     38.981   64.99990 -168.22154     4.6783    31.9878    1466.21  0.000e+00
     39.043   64.99990 -168.22154     4.6733    31.9887    1466.19  0.000e+00
     39.043   64.99990 -168.22154     4.6704    31.9893    1466.18  0.000e+00
     39.089   64.99990 -168.22154     4.6673    31.9884    1466.17  0.000e+00
     39.043   64.99990 -168.22154     4.6625    31.9886    1466.15  0.000e+00
     39.097   64.99990 -168.22154     4.6554    31.9897    1466.12  0.000e+00
     39.097   64.99990 -168.22154     4.6474    31.9900    1466.09  0.000e+00
     39.143   64.99990 -168.22154     4.6399    31.9900    1466.06  0.000e+00
     39.151   64.99990 -168.22154     4.6329    31.9899    1466.03  0.000e+00
     39.151   64.99990 -168.22154     4.6237    31.9902    1465.99  0.000e+00
     39.212   64.99990 -168.22154     4.6155    31.9894    1465.96  0.000e+00
     39.205   64.99990 -168.22154     4.6054    31.9918    1465.92  0.000e+00
     39.212   64.99990 -168.22154     4.5955    31.9950    1465.88  0.000e+00
     39.212   64.99990 -168.22154     4.5877    31.9987    1465.86  0.000e+00
     39.212   64.99990 -168.22154     4.5842    32.0023    1465.85  0.000e+00
     39.205   64.99990 -168.22154     4.5869    32.0034    1465.86  0.000e+00
     39.151   64.99990 -168.22154     4.5888    32.0044    1465.87  0.000e+00
     39.151   64.99990 -168.22154     4.5867    32.0066    1465.86  0.000e+00
     39.151   64.99990 -168.22154     4.5959    32.0080    1465.90  0.000e+00
     39.143   64.99990 -168.22154     4.6479    31.9872    1466.09  0.000e+00
     39.096   64.99990 -168.22154     4.7058    31.9523    1466.28  0.000e+00
     39.151   64.99990 -168.22154     4.7235    31.9401    1466.34  0.000e+00
     39.212   64.99990 -168.22154     4.6922    31.9657    1466.25  0.000e+00
     39.205   64.99990 -168.22154     4.6612    31.9877    1466.15  0.000e+00
     39.150   64.99990 -168.22154     4.6451    31.9925    1466.09  0.000e+00
     39.266   64.99990 -168.22154     4.6070    32.0126    1465.95  0.000e+00
     39.212   64.99990 -168.22154     4.5808    32.0174    1465.85  0.000e+00
     39.258   64.99990 -168.22154     4.5839    31.9972    1465.84  0.000e+00
     39.266   64.99990 -168.22154     4.5885    31.9830    1465.84  0.000e+00
     39.266   64.99990 -168.22154     4.5761    31.9923    1465.80  0.000e+00
     39.328   64.99990 -168.22154     4.5618    32.0070    1465.76  0.000e+00
     39.258   64.99990 -168.22154     4.5554    32.0168    1465.75  0.000e+00
     39.266   64.99990 -168.22154     4.5573    32.0264    1465.77  0.000e+00
     39.212   64.99990 -168.22154     4.5871    32.0125    1465.87  0.000e+00
     39.266   64.99990 -168.22154     4.6082    32.0019    1465.95  0.000e+00
     39.258   64.99990 -168.22154     4.6361    31.9804    1466.03  0.000e+00
     39.212   64.99990 -168.22154     4.6570    31.9586    1466.09  0.000e+00
     39.212   64.99990 -168.22154     4.6250    31.9788    1465.99  0.000e+00
     39.266   64.99990 -168.22154     4.5898    31.9990    1465.87  0.000e+00
     39.258   64.99990 -168.22154     4.5817    31.9994    1465.83  0.000e+00
     39.212   64.99990 -168.22154     4.6045    31.9782    1465.90  0.000e+00
     39.266   64.99990 -168.22154     4.5950    31.9881    1465.87  0.000e+00
     39.266   64.99990 -168.22154     4.5753    32.0039    1465.81  0.000e+00
     39.258   64.99990 -168.22154     4.5595    32.0152    1465.76  0.000e+00
     39.328   64.99990 -168.22154     4.5557    32.0160    1465.75  0.000e+00
     39.328   64.99990 -168.22154     4.5524    32.0169    1465.74  0.000e+00
     39.266   64.99990 -168.22154     4.5527    32.0169    1465.74  0.000e+00
     39.266   64.99990 -168.22154     4.5479    32.0241    1465.73  0.000e+00
     39.320   64.99990 -168.22154     4.5534    32.0227    1465.75  0.000e+00
     39.266   64.99990 -168.22154     4.5672    32.0111    1465.79  0.000e+00
