EcoFOCI/data/1_SampleCollection/2023_SikuliaqDBO_CruiseData/CTD_raw_BottleFile_SKQ23-12S/proc/skq202312s_002.cnv
* Sea-Bird SBE 9 Data File:
* FileName = D:\CTD\SKQ202312S\SKQ202312S_002.hex
* Software Version Seasave V 7.26.7.121
* Temperature SN = 6177
* Conductivity SN = 0369
* Number of Bytes Per Scan = 41
* Number of Voltage Words = 4
* Number of Scans Averaged by the Deck Unit = 1
* NMEA Latitude = 62 00.59 N
* NMEA Longitude = 175 03.64 W
* NMEA UTC (Time) = Sep 15 2023  05:21:43
* NMEA baud rate = 4800
** Ship: R/V Sikuliaq
** Station Number: 002
** Station Name: DBO1.1
** Bottom Depth: 78
** Operator: SD
# nquan = 24
# nvalues = 7179                                  
# units = specified
# name 0 = depSM: Depth [salt water, m]
# name 1 = latitude: Latitude [deg]
# name 2 = longitude: Longitude [deg]
# name 3 = prDM: Pressure, Digiquartz [db]
# name 4 = t090C: Temperature [ITS-90, deg C]
# name 5 = t190C: Temperature, 2 [ITS-90, deg C]
# name 6 = potemp090C: Potential Temperature [ITS-90, deg C]
# name 7 = sal00: Salinity, Practical [PSU]
# name 8 = sal11: Salinity, Practical, 2 [PSU]
# name 9 = density00: Density [density, kg/m^3]
# name 10 = sigma-é00: Density [sigma-theta, kg/m^3]
# name 11 = sbox0Mm/Kg: Oxygen, SBE 43 [umol/kg]
# name 12 = sbox1Mm/Kg: Oxygen, SBE 43, 2 [umol/kg]
# name 13 = oxsolMm/Kg: Oxygen Saturation, Garcia & Gordon [umol/kg]
# name 14 = sbeox0PS: Oxygen, SBE 43 [% saturation]
# name 15 = sbeox1PS: Oxygen, SBE 43, 2 [% saturation]
# name 16 = v0: Voltage 0
# name 17 = flECO-AFL: Fluorescence, WET Labs ECO-AFL/FL [mg/m^3]
# name 18 = v1: Voltage 1
# name 19 = CStarAt0: Beam Attenuation, WET Labs C-Star [1/m]
# name 20 = par: PAR/Irradiance, Biospherical/Licor
# name 21 = scan: Scan Count
# name 22 = timeM: Time, Elapsed [minutes]
# name 23 = flag:  0.000e+00
# span 0 =      1.934,     73.792                 
# span 1 =   62.00978,   62.00980                 
# span 2 = -175.06128, -175.06102                 
# span 3 =      1.952,     74.520                 
# span 4 =    -1.4431,     7.4774                 
# span 5 =    -1.4419,     7.4776                 
# span 6 =    -1.4440,     7.4772                 
# span 7 =    30.6601,    31.9548                 
# span 8 =    30.6754,    31.9646                 
# span 9 =  1023.9560,  1026.0363                 
# span 10 =    23.9463,    25.6780                
# span 11 =    249.460,    418.798                
# span 12 =    238.403,    402.059                
# span 13 =  299.64625,  370.98583                
# span 14 =     68.592,    113.447                
# span 15 =     65.562,    108.873                
# span 16 =     0.0427,     1.0147                
# span 17 =    -0.0916,     5.7399                
# span 18 =     3.3626,     4.2222                
# span 19 =     0.4393,     1.3502                
# span 20 = 1.0000e-12, 3.0131e+01                
# span 21 =          1,       7179                
# span 22 =     0.0000,     4.9847                
# span 23 = 0.0000e+00, 0.0000e+00                
# interval = seconds: 0.0416667
# start_time = Sep 15 2023 05:25:57 [NMEA time, first data scan]
# bad_flag = -9.990e-29
*END*
[from data line 5072]
     68.996   62.00980 -175.06124     69.675    -0.8651    -0.8627    -0.8667    31.9110    31.9210  1025.9813    25.6460    253.564    242.482  364.68095     69.530     66.501     0.0647     0.0403     3.5958     1.0819 8.4714e-06       5073     3.5222  0.000e+00
     69.096   62.00980 -175.06124     69.777    -0.8648    -0.8627    -0.8664    31.9105    31.9211  1025.9813    25.6456    253.337    242.724  364.67970     69.468     66.567     0.0647     0.0403     3.5971     1.0805 8.4714e-06       5074     3.5229  0.000e+00
     68.942   62.00980 -175.06124     69.621    -0.8647    -0.8627    -0.8663    31.9109    31.9210  1025.9809    25.6459    253.326    242.546  364.67685     69.466     66.519     0.0647     0.0403     3.5971     1.0805 8.4714e-06       5075     3.5236  0.000e+00
     69.042   62.00980 -175.06124     69.722    -0.8647    -0.8632    -0.8663    31.9108    31.9209  1025.9814    25.6459    253.343    242.585  364.67702     69.471     66.529     0.0647     0.0403     3.5971     1.0805 8.4714e-06       5076     3.5243  0.000e+00
     68.942   62.00980 -175.06124     69.621    -0.8644    -0.8635    -0.8660    31.9105    31.9213  1025.9806    25.6456    253.370    242.594  364.67518     69.478     66.531     0.0659     0.0476     3.5971     1.0805 1.0000e-12       5077     3.5250  0.000e+00
     68.980   62.00980 -175.06124     69.660    -0.8647    -0.8637    -0.8663    31.9110    31.9213  1025.9812    25.6460    253.422    242.616  364.67643     69.492     66.536     0.0647     0.0403     3.5971     1.0805 8.4714e-06       5078     3.5257  0.000e+00
     68.996   62.00980 -175.06124     69.675    -0.8645    -0.8637    -0.8661    31.9105    31.9210  1025.9809    25.6456    253.441    242.646  364.67628     69.497     66.544     0.0647     0.0403     3.5971     1.0805 1.0000e-12       5079     3.5264  0.000e+00
     68.942   62.00980 -175.06124     69.621    -0.8647    -0.8638    -0.8663    31.9108    31.9213  1025.9808    25.6458    253.473    242.681  364.67721     69.506     66.554     0.0647     0.0403     3.5971     1.0805 8.4714e-06       5080     3.5271  0.000e+00
     68.980   62.00980 -175.06124     69.660    -0.8647    -0.8637    -0.8663    31.9104    31.9210  1025.9807    25.6455    253.525    242.729  364.67836     69.520     66.567     0.0647     0.0403     3.5971     1.0805 1.0000e-12       5081     3.5278  0.000e+00
     68.996   62.00980 -175.06124     69.675    -0.8648    -0.8637    -0.8664    31.9107    31.9212  1025.9810    25.6457    253.338    242.753  364.67917     69.469     66.574     0.0635     0.0330     3.5971     1.0805 1.0000e-12       5082     3.5285  0.000e+00
     68.926   62.00980 -175.06124     69.605    -0.8647    -0.8637    -0.8663    31.9106    31.9208  1025.9806    25.6457    253.370    242.782  364.67766     69.478     66.581     0.0647     0.0403     3.5971     1.0805 8.4714e-06       5083     3.5292  0.000e+00
     68.996   62.00980 -175.06124     69.675    -0.8648    -0.8638    -0.8664    31.9105    31.9212  1025.9809    25.6456    253.378    242.597  364.67965     69.480     66.531     0.0647     0.0403     3.5971     1.0805 1.0000e-12       5084     3.5299  0.000e+00
     68.926   62.00980 -175.06124     69.605    -0.8648    -0.8640    -0.8664    31.9106    31.9214  1025.9806    25.6457    253.445    242.612  364.67929     69.498     66.535     0.0647     0.0403     3.5971     1.0805 1.0000e-12       5085     3.5306  0.000e+00
     68.996   62.00980 -175.06124     69.675    -0.8651    -0.8637    -0.8667    31.9106    31.9212  1025.9809    25.6457    253.487    242.638  364.68216     69.509     66.542     0.0647     0.0403     3.5971     1.0805 1.0000e-12       5086     3.5313  0.000e+00
     68.942   62.00980 -175.06124     69.621    -0.8651    -0.8640    -0.8667    31.9105    31.9216  1025.9806    25.6456    253.285    242.641  364.68243     69.454     66.543     0.0647     0.0403     3.5971     1.0805 1.0000e-12       5087     3.5319  0.000e+00
     68.926   62.00980 -175.06124     69.605    -0.8657    -0.8638    -0.8674    31.9105    31.9212  1025.9806    25.6456    253.518    242.650  364.68853     69.516     66.545     0.0659     0.0476     3.5971     1.0805 8.4714e-06       5088     3.5326  0.000e+00
     68.996   62.00980 -175.06124     69.675    -0.8660    -0.8640    -0.8676    31.9102    31.9210  1025.9806    25.6454    253.304    242.672  364.69225     69.457     66.551     0.0647     0.0403     3.5971     1.0805 1.0000e-12       5089     3.5333  0.000e+00
     68.926   62.00980 -175.06124     69.605    -0.8664    -0.8640    -0.8680    31.9100    31.9212  1025.9802    25.6452    253.309    242.695  364.69611     69.458     66.557     0.0659     0.0476     3.5971     1.0805 8.4714e-06       5090     3.5340  0.000e+00
     68.942   62.00980 -175.06124     69.621    -0.8668    -0.8641    -0.8684    31.9090    31.9214  1025.9795    25.6445    253.335    242.730  364.70330     69.463     66.567     0.0647     0.0403     3.5983     1.0791 8.4714e-06       5091     3.5347  0.000e+00
     68.942   62.00980 -175.06124     69.621    -0.8676    -0.8641    -0.8692    31.9087    31.9214  1025.9792    25.6442    253.377    242.771  364.71139     69.473     66.578     0.0659     0.0476     3.6020     1.0751 1.0000e-12       5092     3.5354  0.000e+00
     68.926   62.00980 -175.06124     69.605    -0.8684    -0.8644    -0.8700    31.9081    31.9207  1025.9787    25.6438    253.436    242.791  364.72094     69.488     66.583     0.0672     0.0549     3.6044     1.0724 8.4714e-06       5093     3.5361  0.000e+00
     68.942   62.00980 -175.06124     69.620    -0.8691    -0.8650    -0.8707    31.9082    31.9208  1025.9789    25.6438    253.000    242.819  364.72735     69.367     66.589     0.0684     0.0623     3.6044     1.0724 8.4714e-06       5094     3.5368  0.000e+00
     68.872   62.00980 -175.06124     69.550    -0.8695    -0.8655    -0.8711    31.9083    31.9200  1025.9787    25.6440    253.452    242.658  364.73075     69.490     66.544     0.0684     0.0623     3.6032     1.0737 8.4714e-06       5095     3.5375  0.000e+00
     68.880   62.00980 -175.06124     69.558    -0.8699    -0.8665    -0.8715    31.9088    31.9195  1025.9791    25.6444    253.507    242.706  364.73394     69.505     66.555     0.0684     0.0623     3.6032     1.0737 8.4714e-06       5096     3.5382  0.000e+00
     68.926   62.00980 -175.06124     69.605    -0.8697    -0.8674    -0.8713    31.9084    31.9198  1025.9790    25.6440    253.573    242.731  364.73347     69.523     66.560     0.0684     0.0623     3.6032     1.0737 1.0000e-12       5097     3.5389  0.000e+00
     68.880   62.00980 -175.06124     69.558    -0.8696    -0.8679    -0.8712    31.9085    31.9191  1025.9789    25.6442    253.395    242.759  364.73129     69.474     66.567     0.0684     0.0623     3.6032     1.0737 1.0000e-12       5098     3.5396  0.000e+00
     68.880   62.00980 -175.06124     69.558    -0.8695    -0.8682    -0.8711    31.9092    31.9191  1025.9794    25.6447    253.441    242.794  364.72823     69.488     66.576     0.0684     0.0623     3.6032     1.0737 8.4714e-06       5099     3.5403  0.000e+00
     68.926   62.00980 -175.06124     69.605    -0.8688    -0.8687    -0.8704    31.9092    31.9193  1025.9796    25.6446    253.451    242.806  364.72230     69.492     66.578     0.0684     0.0623     3.6032     1.0737 8.4714e-06       5100     3.5410  0.000e+00
     68.880   62.00980 -175.06124     69.558    -0.8688    -0.8687    -0.8704    31.9094    31.9187  1025.9795    25.6448    253.477    242.820  364.72174     69.499     66.582     0.0684     0.0623     3.6032     1.0737 8.4714e-06       5101     3.5417  0.000e+00
     68.872   62.00980 -175.06124     69.550    -0.8686    -0.8685    -0.8702    31.9092    31.9192  1025.9794    25.6447    253.263    242.838  364.71983     69.440     66.587     0.0684     0.0623     3.6032     1.0737 8.4714e-06       5102     3.5424  0.000e+00
     68.880   62.00980 -175.06124     69.558    -0.8682    -0.8679    -0.8698    31.9094    31.9195  1025.9795    25.6448    253.779    242.860  364.71561     69.583     66.595     0.0684     0.0623     3.6032     1.0737 1.0000e-12       5103     3.5431  0.000e+00
     68.880   62.00980 -175.06124     69.558    -0.8677    -0.8678    -0.8693    31.9097    31.9194  1025.9797    25.6450    253.333    242.893  364.71026     69.461     66.604     0.0684     0.0623     3.6032     1.0737 8.4714e-06       5104     3.5438  0.000e+00
     68.926   62.00980 -175.06124     69.605    -0.8676    -0.8678    -0.8692    31.9099    31.9193  1025.9801    25.6452    253.418    242.934  364.70811     69.485     66.615     0.0696     0.0696     3.6032     1.0737 8.4714e-06       5105     3.5444  0.000e+00
     68.826   62.00980 -175.06124     69.503    -0.8675    -0.8678    -0.8691    31.9103    31.9193  1025.9800    25.6456    253.672    242.719  364.70560     69.555     66.556     0.0684     0.0623     3.6032     1.0737 1.0000e-12       5106     3.5451  0.000e+00
     68.872   62.00980 -175.06124     69.550    -0.8673    -0.8678    -0.8689    31.9098    31.9188  1025.9798    25.6451    253.737    242.712  364.70538     69.573     66.554     0.0696     0.0696     3.6032     1.0737 1.0000e-12       5107     3.5458  0.000e+00
     68.941   62.00980 -175.06124     69.620    -0.8673    -0.8673    -0.8689    31.9099    31.9188  1025.9802    25.6452    253.560    242.707  364.70526     69.525     66.553     0.0684     0.0623     3.6032     1.0737 1.0000e-12       5108     3.5465  0.000e+00
     68.872   62.00980 -175.06124     69.550    -0.8675    -0.8672    -0.8691    31.9097    31.9203  1025.9797    25.6450    253.856    242.703  364.70749     69.605     66.553     0.0696     0.0696     3.6032     1.0737 8.4714e-06       5109     3.5472  0.000e+00
     68.880   62.00980 -175.06124     69.558    -0.8672    -0.8670    -0.8688    31.9093    31.9208  1025.9794    25.6447    253.652    242.710  364.70634     69.550     66.556     0.0684     0.0623     3.6032     1.0737 8.4714e-06       5110     3.5479  0.000e+00
     68.826   62.00980 -175.06124     69.503    -0.8676    -0.8664    -0.8692    31.9097    31.9200  1025.9795    25.6451    253.668    242.721  364.70842     69.554     66.559     0.0684     0.0623     3.6032     1.0737 1.0000e-12       5111     3.5486  0.000e+00
     68.926   62.00980 -175.06124     69.605    -0.8675    -0.8663    -0.8691    31.9097    31.9198  1025.9800    25.6451    253.699    242.746  364.70734     69.562     66.566     0.0684     0.0623     3.6020     1.0751 8.4714e-06       5112     3.5493  0.000e+00
     68.826   62.00980 -175.06124     69.503    -0.8676    -0.8663    -0.8692    31.9098    31.9200  1025.9796    25.6451    253.736    242.770  364.70830     69.572     66.573     0.0684     0.0623     3.6020     1.0751 1.0000e-12       5113     3.5500  0.000e+00
     68.872   62.00980 -175.06124     69.550    -0.8677    -0.8663    -0.8693    31.9095    31.9198  1025.9795    25.6449    253.536    242.774  364.71085     69.517     66.574     0.0684     0.0623     3.6020     1.0751 1.0000e-12       5114     3.5507  0.000e+00
     68.880   62.00980 -175.06124     69.558    -0.8679    -0.8664    -0.8695    31.9093    31.9198  1025.9794    25.6447    253.761    242.783  364.71310     69.578     66.577     0.0684     0.0623     3.6020     1.0751 1.0000e-12       5115     3.5514  0.000e+00
     68.826   62.00980 -175.06124     69.503    -0.8679    -0.8663    -0.8695    31.9091    31.9199  1025.9790    25.6445    253.276    242.567  364.71373     69.445     66.518     0.0684     0.0623     3.6020     1.0751 1.0000e-12       5116     3.5521  0.000e+00
     68.926   62.00980 -175.06124     69.605    -0.8683    -0.8664    -0.8699    31.9091    31.9204  1025.9795    25.6446    253.532    242.559  364.71741     69.515     66.515     0.0684     0.0623     3.6020     1.0751 8.4714e-06       5117     3.5528  0.000e+00
     68.826   62.00980 -175.06124     69.503    -0.8685    -0.8661    -0.8701    31.9094    31.9205  1025.9793    25.6448    253.790    242.774  364.71889     69.585     66.575     0.0696     0.0696     3.6020     1.0751 1.0000e-12       5118     3.5535  0.000e+00
     68.872   62.00980 -175.06124     69.550    -0.8682    -0.8661    -0.8698    31.9091    31.9200  1025.9793    25.6446    253.599    242.582  364.71632     69.533     66.522     0.0720     0.0842     3.6020     1.0751 1.0000e-12       5119     3.5542  0.000e+00
     68.880   62.00980 -175.06124     69.558    -0.8684    -0.8661    -0.8700    31.9092    31.9201  1025.9794    25.6447    253.628    242.782  364.71772     69.541     66.577     0.0720     0.0842     3.6020     1.0751 8.4714e-06       5120     3.5549  0.000e+00
     68.872   62.00980 -175.06124     69.550    -0.8682    -0.8663    -0.8698    31.9090    31.9206  1025.9792    25.6445    253.667    242.597  364.71668     69.552     66.526     0.0720     0.0842     3.6020     1.0751 8.4714e-06       5121     3.5556  0.000e+00
     68.880   62.00980 -175.06124     69.558    -0.8680    -0.8663    -0.8696    31.9087    31.9204  1025.9790    25.6443    253.718    242.582  364.71579     69.566     66.522     0.0733     0.0916     3.6020     1.0751 1.0000e-12       5122     3.5562  0.000e+00
     68.880   62.00980 -175.06124     69.558    -0.8682    -0.8661    -0.8698    31.9089    31.9202  1025.9792    25.6444    253.733    242.604  364.71681     69.570     66.528     0.0720     0.0842     3.6020     1.0751 1.0000e-12       5123     3.5569  0.000e+00
     68.872   62.00980 -175.06124     69.550    -0.8684    -0.8663    -0.8700    31.9079    31.9201  1025.9783    25.6436    253.505    242.601  364.72157     69.506     66.527     0.0733     0.0916     3.6020     1.0751 8.4714e-06       5124     3.5576  0.000e+00
     68.880   62.00980 -175.06124     69.558    -0.8689    -0.8664    -0.8705    31.9074    31.9199  1025.9779    25.6432    253.499    242.604  364.72842     69.503     66.527     0.0720     0.0842     3.6020     1.0751 1.0000e-12       5125     3.5583  0.000e+00
     68.872   62.00980 -175.06124     69.550    -0.8696    -0.8665    -0.8712    31.9078    31.9198  1025.9782    25.6435    253.757    242.611  364.73345     69.573     66.529     0.0733     0.0916     3.6020     1.0751 1.0000e-12       5126     3.5590  0.000e+00
     68.880   62.00980 -175.06124     69.558    -0.8697    -0.8666    -0.8713    31.9085    31.9197  1025.9788    25.6441    253.561    242.624  364.73315     69.519     66.532     0.0720     0.0842     3.6020     1.0751 8.4714e-06       5127     3.5597  0.000e+00
     68.941   62.00980 -175.06124     69.620    -0.8693    -0.8669    -0.8709    31.9087    31.9198  1025.9793    25.6443    253.835    242.644  364.72791     69.596     66.538     0.0733     0.0916     3.6020     1.0751 1.0000e-12       5128     3.5604  0.000e+00
     68.872   62.00980 -175.06124     69.550    -0.8695    -0.8672    -0.8711    31.9091    31.9197  1025.9793    25.6446    253.658    242.666  364.72858     69.547     66.543     0.0720     0.0842     3.6020     1.0751 8.4714e-06       5129     3.5611  0.000e+00
     68.880   62.00980 -175.06124     69.558    -0.8688    -0.8670    -0.8704    31.9093    31.9197  1025.9795    25.6448    253.697    242.692  364.72186     69.559     66.550     0.0720     0.0842     3.6020     1.0751 1.0000e-12       5130     3.5618  0.000e+00
     68.926   62.00980 -175.06124     69.605    -0.8685    -0.8674    -0.8701    31.9095    31.9195  1025.9799    25.6449    253.702    242.730  364.71846     69.561     66.560     0.0720     0.0842     3.6020     1.0751 1.0000e-12       5131     3.5625  0.000e+00
     68.880   62.00980 -175.06124     69.558    -0.8683    -0.8674    -0.8699    31.9097    31.9200  1025.9798    25.6451    253.714    242.765  364.71564     69.565     66.570     0.0733     0.0916     3.5971     1.0805 8.4714e-06       5132     3.5632  0.000e+00
