EcoFOCI/data/1_SampleCollection/2023_SikuliaqDBO_CruiseData/CTD_raw_BottleFile_SKQ23-12S/proc/skq202312s_031svp.cnv
* Sea-Bird SBE 9 Data File:
* FileName = D:\CTD\SKQ202312S\SKQ202312S_031.hex
* Software Version Seasave V 7.26.7.121
* Temperature SN = 6177
* Conductivity SN = 0369
* Number of Bytes Per Scan = 41
* Number of Voltage Words = 4
* Number of Scans Averaged by the Deck Unit = 1
* NMEA Latitude = 71 29.95 N
* NMEA Longitude = 157 40.36 W
* NMEA UTC (Time) = Sep 21 2023  09:49:17
* NMEA baud rate = 4800
** Ship: R/V Sikuliaq
** Station Number: 031
** Station Name: DBO5.7
** Bottom Depth: 81
** Operator: SS
# nquan = 7
# nvalues = 7970                                  
# units = specified
# name 0 = depSM: Depth [salt water, m]
# name 1 = latitude: Latitude [deg]
# name 2 = longitude: Longitude [deg]
# name 3 = t090C: Temperature [ITS-90, deg C]
# name 4 = sal00: Salinity, Practical [PSU]
# name 5 = svCM: Sound Velocity [Chen-Millero, m/s]
# name 6 = flag:  0.000e+00
# span 0 =      2.872,     76.386                 
# span 1 =   71.49900,   71.49906                 
# span 2 = -157.67374, -157.67336                 
# span 3 =    -1.6844,     3.0301                 
# span 4 =    29.9724,    32.8984                 
# span 5 =    1438.97,    1456.52                 
# span 6 = 0.0000e+00, 0.0000e+00                 
# interval = seconds: 0.0416667
# start_time = Sep 21 2023 09:54:09 [NMEA time, first data scan]
# bad_flag = -9.990e-29
*END*
[from data line 616]
      5.963   71.49906 -157.67338     2.9135    29.9743    1455.61  0.000e+00
      5.848   71.49906 -157.67338     2.9133    29.9740    1455.60  0.000e+00
      5.963   71.49906 -157.67338     2.9128    29.9736    1455.60  0.000e+00
      5.902   71.49906 -157.67338     2.9127    29.9734    1455.60  0.000e+00
      5.901   71.49906 -157.67338     2.9122    29.9740    1455.60  0.000e+00
      5.901   71.49906 -157.67338     2.9121    29.9741    1455.60  0.000e+00
      5.901   71.49906 -157.67338     2.9124    29.9741    1455.60  0.000e+00
      5.901   71.49906 -157.67338     2.9127    29.9738    1455.60  0.000e+00
      5.848   71.49906 -157.67338     2.9124    29.9739    1455.60  0.000e+00
      5.901   71.49906 -157.67338     2.9124    29.9726    1455.60  0.000e+00
      5.901   71.49906 -157.67338     2.9118    29.9724    1455.60  0.000e+00
      5.848   71.49906 -157.67338     2.9113    29.9726    1455.59  0.000e+00
      5.901   71.49906 -157.67338     2.9113    29.9725    1455.59  0.000e+00
      5.848   71.49906 -157.67338     2.9108    29.9730    1455.59  0.000e+00
      5.901   71.49906 -157.67338     2.9105    29.9730    1455.59  0.000e+00
      5.786   71.49906 -157.67338     2.9102    29.9735    1455.59  0.000e+00
      5.901   71.49906 -157.67338     2.9088    29.9746    1455.59  0.000e+00
      5.847   71.49906 -157.67338     2.9064    29.9762    1455.58  0.000e+00
      5.786   71.49906 -157.67338     2.9042    29.9779    1455.57  0.000e+00
      5.847   71.49906 -157.67338     2.9029    29.9790    1455.57  0.000e+00
      5.786   71.49906 -157.67338     2.9021    29.9798    1455.56  0.000e+00
      5.786   71.49906 -157.67338     2.9014    29.9805    1455.56  0.000e+00
      5.786   71.49906 -157.67338     2.9007    29.9809    1455.56  0.000e+00
      5.786   71.49906 -157.67338     2.9001    29.9810    1455.56  0.000e+00
      5.732   71.49906 -157.67338     2.8998    29.9812    1455.55  0.000e+00
      5.732   71.49906 -157.67338     2.8990    29.9814    1455.55  0.000e+00
      5.732   71.49906 -157.67338     2.8976    29.9826    1455.55  0.000e+00
      5.678   71.49906 -157.67338     2.8965    29.9832    1455.54  0.000e+00
      5.732   71.49906 -157.67338     2.8955    29.9837    1455.54  0.000e+00
      5.678   71.49906 -157.67338     2.8949    29.9844    1455.54  0.000e+00
      5.616   71.49906 -157.67338     2.8945    29.9847    1455.53  0.000e+00
      5.678   71.49906 -157.67338     2.8948    29.9845    1455.54  0.000e+00
      5.616   71.49906 -157.67338     2.8946    29.9850    1455.53  0.000e+00
      5.616   71.49904 -157.67338     2.8949    29.9847    1455.54  0.000e+00
      5.616   71.49904 -157.67338     2.8952    29.9842    1455.54  0.000e+00
      5.562   71.49904 -157.67338     2.8960    29.9835    1455.54  0.000e+00
      5.562   71.49904 -157.67338     2.8966    29.9833    1455.54  0.000e+00
      5.562   71.49904 -157.67338     2.8966    29.9832    1455.54  0.000e+00
      5.500   71.49904 -157.67338     2.8958    29.9834    1455.54  0.000e+00
      5.500   71.49904 -157.67338     2.8949    29.9842    1455.53  0.000e+00
      5.446   71.49904 -157.67338     2.8936    29.9849    1455.53  0.000e+00
      5.500   71.49904 -157.67338     2.8924    29.9856    1455.52  0.000e+00
      5.446   71.49904 -157.67338     2.8919    29.9860    1455.52  0.000e+00
      5.446   71.49904 -157.67338     2.8923    29.9863    1455.52  0.000e+00
      5.385   71.49904 -157.67338     2.8931    29.9862    1455.52  0.000e+00
      5.446   71.49904 -157.67338     2.8946    29.9854    1455.53  0.000e+00
      5.385   71.49904 -157.67338     2.8963    29.9842    1455.54  0.000e+00
      5.331   71.49904 -157.67338     2.8980    29.9831    1455.54  0.000e+00
      5.385   71.49904 -157.67338     2.8996    29.9820    1455.55  0.000e+00
      5.331   71.49904 -157.67338     2.9006    29.9816    1455.55  0.000e+00
      5.331   71.49904 -157.67338     2.9007    29.9814    1455.55  0.000e+00
      5.331   71.49904 -157.67338     2.9009    29.9817    1455.55  0.000e+00
      5.331   71.49904 -157.67338     2.9010    29.9819    1455.55  0.000e+00
      5.331   71.49904 -157.67338     2.9010    29.9814    1455.55  0.000e+00
      5.277   71.49904 -157.67338     2.9010    29.9817    1455.55  0.000e+00
      5.277   71.49904 -157.67338     2.9010    29.9819    1455.55  0.000e+00
      5.277   71.49904 -157.67338     2.9010    29.9819    1455.55  0.000e+00
      5.331   71.49904 -157.67340     2.9010    29.9816    1455.55  0.000e+00
      5.277   71.49904 -157.67340     2.9009    29.9819    1455.55  0.000e+00
      5.277   71.49904 -157.67340     2.9007    29.9822    1455.55  0.000e+00
      5.277   71.49904 -157.67340     2.9009    29.9818    1455.55  0.000e+00
      5.277   71.49904 -157.67340     2.9010    29.9814    1455.55  0.000e+00
      5.215   71.49904 -157.67340     2.9007    29.9815    1455.55  0.000e+00
      5.277   71.49904 -157.67340     2.9007    29.9819    1455.55  0.000e+00
      5.331   71.49904 -157.67340     2.9007    29.9819    1455.55  0.000e+00
      5.277   71.49904 -157.67340     2.9007    29.9815    1455.55  0.000e+00
      5.276   71.49904 -157.67340     2.9004    29.9814    1455.55  0.000e+00
      5.276   71.49904 -157.67340     2.9002    29.9815    1455.55  0.000e+00
      5.330   71.49904 -157.67340     2.9001    29.9818    1455.55  0.000e+00
      5.330   71.49904 -157.67340     2.9002    29.9818    1455.55  0.000e+00
      5.330   71.49904 -157.67340     2.8995    29.9822    1455.55  0.000e+00
      5.330   71.49904 -157.67340     2.8988    29.9828    1455.54  0.000e+00
      5.384   71.49904 -157.67340     2.8980    29.9829    1455.54  0.000e+00
      5.384   71.49904 -157.67340     2.8973    29.9834    1455.54  0.000e+00
      5.446   71.49904 -157.67340     2.8971    29.9838    1455.54  0.000e+00
      5.384   71.49904 -157.67340     2.8966    29.9843    1455.54  0.000e+00
      5.446   71.49904 -157.67340     2.8963    29.9843    1455.54  0.000e+00
      5.446   71.49904 -157.67340     2.8960    29.9848    1455.54  0.000e+00
      5.500   71.49904 -157.67340     2.8962    29.9844    1455.54  0.000e+00
      5.500   71.49904 -157.67340     2.8962    29.9846    1455.54  0.000e+00
      5.500   71.49904 -157.67340     2.8966    29.9840    1455.54  0.000e+00
      5.562   71.49904 -157.67340     2.8966    29.9835    1455.54  0.000e+00
      5.616   71.49904 -157.67340     2.8965    29.9835    1455.54  0.000e+00
      5.562   71.49904 -157.67340     2.8960    29.9840    1455.54  0.000e+00
      5.677   71.49904 -157.67340     2.8953    29.9841    1455.54  0.000e+00
      5.677   71.49904 -157.67340     2.8948    29.9847    1455.54  0.000e+00
      5.677   71.49904 -157.67340     2.8943    29.9851    1455.53  0.000e+00
      5.731   71.49904 -157.67340     2.8938    29.9855    1455.53  0.000e+00
      5.731   71.49904 -157.67340     2.8929    29.9859    1455.53  0.000e+00
      5.847   71.49904 -157.67340     2.8932    29.9856    1455.53  0.000e+00
      5.847   71.49904 -157.67340     2.8941    29.9852    1455.54  0.000e+00
      5.847   71.49904 -157.67340     2.8953    29.9847    1455.54  0.000e+00
      5.847   71.49904 -157.67340     2.8971    29.9837    1455.55  0.000e+00
      5.963   71.49904 -157.67340     2.8984    29.9830    1455.55  0.000e+00
      6.016   71.49904 -157.67340     2.8997    29.9824    1455.56  0.000e+00
      6.016   71.49904 -157.67340     2.9002    29.9815    1455.56  0.000e+00
      6.078   71.49904 -157.67340     2.9004    29.9812    1455.56  0.000e+00
      6.078   71.49904 -157.67340     2.9007    29.9814    1455.56  0.000e+00
      6.186   71.49904 -157.67340     2.9010    29.9811    1455.57  0.000e+00
      6.132   71.49904 -157.67340     2.9018    29.9806    1455.57  0.000e+00
      6.248   71.49904 -157.67340     2.9026    29.9797    1455.57  0.000e+00
      6.248   71.49904 -157.67340     2.9036    29.9791    1455.58  0.000e+00
      6.302   71.49904 -157.67340     2.9047    29.9782    1455.58  0.000e+00
      6.302   71.49904 -157.67340     2.9061    29.9777    1455.59  0.000e+00
      6.417   71.49904 -157.67340     2.9081    29.9776    1455.60  0.000e+00
      6.417   71.49906 -157.67338     2.9116    29.9782    1455.61  0.000e+00
      6.479   71.49906 -157.67338     2.9144    29.9791    1455.63  0.000e+00
      6.479   71.49906 -157.67338     2.9168    29.9795    1455.64  0.000e+00
      6.533   71.49906 -157.67338     2.9194    29.9796    1455.65  0.000e+00
      6.587   71.49906 -157.67338     2.9222    29.9802    1455.66  0.000e+00
      6.587   71.49906 -157.67338     2.9248    29.9804    1455.67  0.000e+00
      6.649   71.49906 -157.67338     2.9262    29.9805    1455.68  0.000e+00
      6.703   71.49906 -157.67338     2.9274    29.9800    1455.69  0.000e+00
      6.703   71.49906 -157.67338     2.9276    29.9791    1455.69  0.000e+00
      6.764   71.49906 -157.67338     2.9275    29.9788    1455.69  0.000e+00
      6.818   71.49906 -157.67338     2.9280    29.9786    1455.69  0.000e+00
      6.818   71.49906 -157.67338     2.9286    29.9790    1455.69  0.000e+00
      6.818   71.49906 -157.67338     2.9293    29.9800    1455.70  0.000e+00
      6.872   71.49906 -157.67338     2.9294    29.9803    1455.70  0.000e+00
      6.934   71.49906 -157.67338     2.9283    29.9794    1455.69  0.000e+00
      6.934   71.49906 -157.67338     2.9273    29.9778    1455.69  0.000e+00
      6.988   71.49906 -157.67338     2.9263    29.9773    1455.68  0.000e+00
      6.988   71.49906 -157.67338     2.9259    29.9776    1455.68  0.000e+00
      7.050   71.49906 -157.67338     2.9267    29.9787    1455.69  0.000e+00
      6.988   71.49906 -157.67338     2.9289    29.9811    1455.70  0.000e+00
      7.104   71.49906 -157.67338     2.9308    29.9833    1455.71  0.000e+00
      7.103   71.49906 -157.67338     2.9315    29.9835    1455.72  0.000e+00
      7.165   71.49906 -157.67338     2.9319    29.9818    1455.72  0.000e+00
      7.103   71.49906 -157.67338     2.9306    29.9801    1455.71  0.000e+00
      7.165   71.49906 -157.67338     2.9295    29.9787    1455.70  0.000e+00
      7.219   71.49906 -157.67338     2.9290    29.9787    1455.70  0.000e+00
      7.219   71.49906 -157.67338     2.9291    29.9790    1455.70  0.000e+00
      7.273   71.49906 -157.67338     2.9286    29.9797    1455.70  0.000e+00
      7.273   71.49906 -157.67338     2.9283    29.9795    1455.70  0.000e+00
      7.273   71.49906 -157.67338     2.9275    29.9792    1455.70  0.000e+00
      7.312   71.49906 -157.67338     2.9267    29.9795    1455.69  0.000e+00
      7.335   71.49906 -157.67338     2.9267    29.9792    1455.69  0.000e+00
      7.335   71.49906 -157.67338     2.9274    29.9809    1455.70  0.000e+00
      7.335   71.49906 -157.67338     2.9290    29.9828    1455.71  0.000e+00
      7.389   71.49906 -157.67338     2.9310    29.9840    1455.72  0.000e+00
      7.389   71.49906 -157.67338     2.9325    29.9845    1455.73  0.000e+00
      7.389   71.49906 -157.67338     2.9342    29.9833    1455.73  0.000e+00
      7.389   71.49906 -157.67338     2.9349    29.9833    1455.74  0.000e+00
      7.389   71.49906 -157.67338     2.9355    29.9835    1455.74  0.000e+00
      7.450   71.49906 -157.67338     2.9357    29.9834    1455.74  0.000e+00
      7.450   71.49906 -157.67338     2.9354    29.9835    1455.74  0.000e+00
      7.389   71.49906 -157.67338     2.9352    29.9831    1455.74  0.000e+00
      7.450   71.49906 -157.67338     2.9357    29.9828    1455.74  0.000e+00
      7.504   71.49906 -157.67338     2.9367    29.9827    1455.74  0.000e+00
      7.389   71.49906 -157.67338     2.9379    29.9832    1455.75  0.000e+00
      7.504   71.49906 -157.67338     2.9391    29.9841    1455.76  0.000e+00
      7.388   71.49906 -157.67338     2.9405    29.9851    1455.76  0.000e+00
      7.504   71.49906 -157.67338     2.9419    29.9855    1455.77  0.000e+00
      7.450   71.49906 -157.67338     2.9426    29.9857    1455.77  0.000e+00
      7.388   71.49906 -157.67338     2.9429    29.9853    1455.77  0.000e+00
      7.504   71.49906 -157.67338     2.9416    29.9842    1455.77  0.000e+00
      7.450   71.49906 -157.67338     2.9389    29.9835    1455.75  0.000e+00
      7.450   71.49906 -157.67338     2.9384    29.9829    1455.75  0.000e+00
      7.388   71.49906 -157.67338     2.9379    29.9837    1455.75  0.000e+00
      7.504   71.49906 -157.67338     2.9345    29.9831    1455.74  0.000e+00
      7.388   71.49906 -157.67338     2.9313    29.9806    1455.72  0.000e+00
      7.450   71.49906 -157.67338     2.9287    29.9793    1455.70  0.000e+00
      7.450   71.49906 -157.67338     2.9265    29.9798    1455.70  0.000e+00
      7.419   71.49906 -157.67338     2.9251    29.9799    1455.69  0.000e+00
      7.388   71.49906 -157.67338     2.9243    29.9804    1455.69  0.000e+00
      7.388   71.49906 -157.67338     2.9253    29.9814    1455.69  0.000e+00
      7.388   71.49906 -157.67338     2.9278    29.9821    1455.70  0.000e+00
      7.388   71.49906 -157.67338     2.9304    29.9831    1455.72  0.000e+00
      7.388   71.49906 -157.67338     2.9333    29.9846    1455.73  0.000e+00
      7.334   71.49906 -157.67338     2.9362    29.9865    1455.74  0.000e+00
      7.388   71.49906 -157.67338     2.9385    29.9866    1455.76  0.000e+00
      7.334   71.49906 -157.67338     2.9402    29.9864    1455.76  0.000e+00
      7.334   71.49906 -157.67338     2.9410    29.9857    1455.76  0.000e+00
      7.334   71.49906 -157.67338     2.9411    29.9850    1455.76  0.000e+00
      7.334   71.49906 -157.67338     2.9410    29.9848    1455.76  0.000e+00
      7.273   71.49906 -157.67338     2.9397    29.9851    1455.76  0.000e+00
      7.273   71.49906 -157.67338     2.9379    29.9840    1455.75  0.000e+00
      7.219   71.49904 -157.67338     2.9344    29.9822    1455.73  0.000e+00
      7.273   71.49904 -157.67338     2.9305    29.9796    1455.71  0.000e+00
      7.219   71.49904 -157.67338     2.9277    29.9795    1455.70  0.000e+00
      7.219   71.49904 -157.67338     2.9261    29.9798    1455.69  0.000e+00
      7.165   71.49904 -157.67338     2.9267    29.9806    1455.69  0.000e+00
      7.165   71.49904 -157.67338     2.9285    29.9826    1455.70  0.000e+00
      7.103   71.49904 -157.67338     2.9289    29.9834    1455.70  0.000e+00
      7.165   71.49904 -157.67338     2.9292    29.9826    1455.71  0.000e+00
      7.103   71.49904 -157.67338     2.9299    29.9821    1455.71  0.000e+00
      7.049   71.49904 -157.67338     2.9297    29.9816    1455.71  0.000e+00
      7.103   71.49904 -157.67338     2.9289    29.9810    1455.70  0.000e+00
      7.049   71.49904 -157.67338     2.9270    29.9800    1455.69  0.000e+00
      6.987   71.49904 -157.67338     2.9246    29.9793    1455.68  0.000e+00
      7.049   71.49904 -157.67338     2.9206    29.9788    1455.66  0.000e+00
      6.933   71.49904 -157.67338     2.9164    29.9787    1455.64  0.000e+00
      6.933   71.49904 -157.67338     2.9122    29.9799    1455.63  0.000e+00
      6.933   71.49904 -157.67338     2.9089    29.9806    1455.61  0.000e+00
      6.933   71.49904 -157.67338     2.9061    29.9817    1455.60  0.000e+00
      6.910   71.49904 -157.67338     2.9043    29.9820    1455.59  0.000e+00
      6.871   71.49904 -157.67338     2.9029    29.9828    1455.59  0.000e+00
      6.817   71.49904 -157.67338     2.9023    29.9829    1455.58  0.000e+00
      6.817   71.49904 -157.67338     2.9015    29.9831    1455.58  0.000e+00
      6.817   71.49904 -157.67338     2.9010    29.9835    1455.58  0.000e+00
      6.817   71.49904 -157.67338     2.9010    29.9835    1455.58  0.000e+00
      6.817   71.49904 -157.67338     2.9006    29.9835    1455.58  0.000e+00
      6.763   71.49904 -157.67338     2.9006    29.9836    1455.58  0.000e+00
      6.763   71.49904 -157.67338     2.9004    29.9836    1455.58  0.000e+00
