EcoFOCI/data/1_SampleCollection/2023_SikuliaqDBO_CruiseData/CTD_raw_BottleFile_SKQ23-12S/proc/skq202312s_043.cnv
* Sea-Bird SBE 9 Data File:
* FileName = D:\CTD\SKQ202312S\SKQ202312S_043.hex
* Software Version Seasave V 7.26.7.121
* Temperature SN = 6177
* Conductivity SN = 0369
* Number of Bytes Per Scan = 41
* Number of Voltage Words = 4
* Number of Scans Averaged by the Deck Unit = 1
* NMEA Latitude = 71 31.26 N
* NMEA Longitude = 161 13.81 W
* NMEA UTC (Time) = Sep 24 2023  07:15:57
* NMEA baud rate = 4800
** Ship: R/V Sikuliaq
** Station Number: 043
** Station Name: DBO4.3na
** Bottom Depth: 47
** Operator: SS
# nquan = 24
# nvalues = 4100                                  
# units = specified
# name 0 = depSM: Depth [salt water, m]
# name 1 = latitude: Latitude [deg]
# name 2 = longitude: Longitude [deg]
# name 3 = prDM: Pressure, Digiquartz [db]
# name 4 = t090C: Temperature [ITS-90, deg C]
# name 5 = t190C: Temperature, 2 [ITS-90, deg C]
# name 6 = potemp090C: Potential Temperature [ITS-90, deg C]
# name 7 = sal00: Salinity, Practical [PSU]
# name 8 = sal11: Salinity, Practical, 2 [PSU]
# name 9 = density00: Density [density, kg/m^3]
# name 10 = sigma-é00: Density [sigma-theta, kg/m^3]
# name 11 = sbox0Mm/Kg: Oxygen, SBE 43 [umol/kg]
# name 12 = sbox1Mm/Kg: Oxygen, SBE 43, 2 [umol/kg]
# name 13 = oxsolMm/Kg: Oxygen Saturation, Garcia & Gordon [umol/kg]
# name 14 = sbeox0PS: Oxygen, SBE 43 [% saturation]
# name 15 = sbeox1PS: Oxygen, SBE 43, 2 [% saturation]
# name 16 = v0: Voltage 0
# name 17 = flECO-AFL: Fluorescence, WET Labs ECO-AFL/FL [mg/m^3]
# name 18 = v1: Voltage 1
# name 19 = CStarAt0: Beam Attenuation, WET Labs C-Star [1/m]
# name 20 = par: PAR/Irradiance, Biospherical/Licor
# name 21 = scan: Scan Count
# name 22 = timeM: Time, Elapsed [minutes]
# name 23 = flag:  0.000e+00
# span 0 =      2.576,     41.910                 
# span 1 =   71.52086,   71.52090                 
# span 2 = -161.23048, -161.23030                 
# span 3 =      2.603,     42.347                 
# span 4 =    -1.6141,     2.1079                 
# span 5 =    -1.6128,     2.1086                 
# span 6 =    -1.6147,     2.1075                 
# span 7 =    27.1651,    32.5902                 
# span 8 =    27.1753,    32.6031                 
# span 9 =  1021.7071,  1026.4197                 
# span 10 =    21.6942,    26.2175                
# span 11 =    260.987,    436.225                
# span 12 =    246.481,    415.937                
# span 13 =  350.11976,  370.11915                
# span 14 =     70.524,    123.106                
# span 15 =     66.608,    116.847                
# span 16 =     0.0867,     2.5409                
# span 17 =     0.1721,    14.8974                
# span 18 =     2.3626,     4.1697                
# span 19 =     0.4894,     2.7626                
# span 20 = 1.0000e-12, 9.6242e-01                
# span 21 =          1,       4100                
# span 22 =     0.0000,     2.8465                
# span 23 = 0.0000e+00, 0.0000e+00                
# interval = seconds: 0.0416667
# start_time = Sep 24 2023 07:19:11 [NMEA time, first data scan]
# bad_flag = -9.990e-29
*END*
[from data line 3140]
     36.939   71.52088 -161.23042     37.323    -1.6045    -1.6098    -1.6051    32.5854    32.6008  1026.3938    26.2134    264.211    250.338  370.01828     71.405     67.654     0.1074     0.2967     2.8571     2.0020 1.0000e-12       3141     2.1806  0.000e+00
     36.993   71.52088 -161.23042     37.378    -1.6043    -1.6095    -1.6049    32.5854    32.6004  1026.3940    26.2134    264.280    250.596  370.01658     71.424     67.724     0.1087     0.3040     2.8400     2.0260 1.0000e-12       3142     2.1812  0.000e+00
     36.923   71.52088 -161.23042     37.308    -1.6042    -1.6098    -1.6048    32.5854    32.6005  1026.3937    26.2134    264.362    250.433  370.01542     71.446     67.680     0.1074     0.2967     2.8364     2.0312 8.4714e-06       3143     2.1819  0.000e+00
     36.939   71.52088 -161.23042     37.323    -1.6040    -1.6098    -1.6046    32.5854    32.6002  1026.3937    26.2134    264.151    250.478  370.01389     71.390     67.691     0.1087     0.3040     2.8376     2.0295 1.0000e-12       3144     2.1826  0.000e+00
     36.939   71.52088 -161.23042     37.323    -1.6042    -1.6099    -1.6048    32.5859    32.6006  1026.3941    26.2138    264.168    250.528  370.01405     71.394     67.705     0.1087     0.3040     2.8388     2.0278 1.0000e-12       3145     2.1833  0.000e+00
     36.985   71.52088 -161.23042     37.370    -1.6042    -1.6100    -1.6048    32.5855    32.6006  1026.3940    26.2135    264.256    250.556  370.01515     71.418     67.713     0.1074     0.2967     2.8388     2.0278 8.4714e-06       3146     2.1840  0.000e+00
     36.939   71.52088 -161.23042     37.323    -1.6040    -1.6100    -1.6046    32.5846    32.6006  1026.3931    26.2127    264.306    250.587  370.01616     71.431     67.721     0.1087     0.3040     2.8388     2.0278 8.4714e-06       3147     2.1847  0.000e+00
     36.939   71.52088 -161.23042     37.323    -1.6043    -1.6098    -1.6049    32.5840    32.6007  1026.3926    26.2123    264.378    250.854  370.02064     71.450     67.794     0.1074     0.2967     2.8388     2.0278 1.0000e-12       3148     2.1854  0.000e+00
     36.869   71.52088 -161.23042     37.253    -1.6045    -1.6098    -1.6051    32.5842    32.6005  1026.3924    26.2125    264.410    250.929  370.02182     71.458     67.814     0.1087     0.3040     2.8388     2.0278 8.4714e-06       3149     2.1861  0.000e+00
     36.993   71.52088 -161.23042     37.378    -1.6049    -1.6098    -1.6056    32.5849    32.6009  1026.3936    26.2130    264.465    251.014  370.02454     71.472     67.837     0.1062     0.2894     2.8388     2.0278 1.0000e-12       3150     2.1868  0.000e+00
     36.877   71.52088 -161.23042     37.261    -1.6054    -1.6095    -1.6060    32.5852    32.6003  1026.3932    26.2132    264.526    251.063  370.02835     71.488     67.850     0.1050     0.2820     2.8400     2.0260 1.0000e-12       3151     2.1875  0.000e+00
     36.923   71.52088 -161.23042     37.308    -1.6057    -1.6095    -1.6063    32.5851    32.6005  1026.3934    26.2132    264.607    250.892  370.03140     71.509     67.804     0.1050     0.2820     2.8388     2.0278 1.0000e-12       3152     2.1882  0.000e+00
     36.939   71.52088 -161.23042     37.323    -1.6060    -1.6093    -1.6066    32.5854    32.6000  1026.3937    26.2134    264.753    250.923  370.03351     71.548     67.813     0.1050     0.2820     2.8388     2.0278 1.0000e-12       3153     2.1889  0.000e+00
     36.877   71.52088 -161.23042     37.261    -1.6061    -1.6095    -1.6068    32.5856    32.6001  1026.3936    26.2136    264.808    250.959  370.03458     71.563     67.822     0.1062     0.2894     2.8388     2.0278 1.0000e-12       3154     2.1896  0.000e+00
     36.923   71.52088 -161.23042     37.308    -1.6063    -1.6098    -1.6070    32.5859    32.6002  1026.3941    26.2138    264.671    251.004  370.03546     71.526     67.834     0.1050     0.2820     2.8388     2.0278 1.0000e-12       3155     2.1903  0.000e+00
     36.877   71.52088 -161.23042     37.261    -1.6063    -1.6098    -1.6070    32.5858    32.6003  1026.3938    26.2138    265.016    250.786  370.03562     71.619     67.775     0.1050     0.2820     2.8388     2.0278 1.0000e-12       3156     2.1910  0.000e+00
     36.939   71.52088 -161.23042     37.323    -1.6071    -1.6095    -1.6077    32.5870    32.6001  1026.3950    26.2147    264.862    251.003  370.03982     71.577     67.834     0.1050     0.2820     2.8388     2.0278 8.4714e-06       3157     2.1917  0.000e+00
     36.923   71.52088 -161.23042     37.308    -1.6064    -1.6094    -1.6071    32.5858    32.6000  1026.3940    26.2138    265.183    251.024  370.03687     71.664     67.840     0.1050     0.2820     2.8388     2.0278 1.0000e-12       3158     2.1924  0.000e+00
     36.877   71.52088 -161.23042     37.261    -1.6069    -1.6097    -1.6075    32.5863    32.6001  1026.3942    26.2142    265.051    251.052  370.03992     71.628     67.847     0.1050     0.2820     2.8388     2.0278 8.4714e-06       3159     2.1931  0.000e+00
     36.877   71.52088 -161.23042     37.261    -1.6069    -1.6091    -1.6075    32.5862    32.5995  1026.3941    26.2141    265.091    250.849  370.04042     71.638     67.793     0.1050     0.2820     2.8388     2.0278 8.4714e-06       3160     2.1938  0.000e+00
     36.923   71.52088 -161.23042     37.308    -1.6068    -1.6089    -1.6074    32.5861    32.5994  1026.3943    26.2140    265.144    251.083  370.03947     71.653     67.856     0.1062     0.2894     2.8474     2.0157 1.0000e-12       3161     2.1944  0.000e+00
     36.823   71.52088 -161.23042     37.206    -1.6069    -1.6089    -1.6075    32.5860    32.6000  1026.3937    26.2139    265.206    251.119  370.04096     71.669     67.866     0.1050     0.2820     2.8645     1.9918 1.0000e-12       3162     2.1951  0.000e+00
     36.939   71.52088 -161.23042     37.323    -1.6068    -1.6086    -1.6074    32.5859    32.5995  1026.3942    26.2138    265.234    251.166  370.04013     71.677     67.879     0.1050     0.2820     2.8694     1.9850 8.4714e-06       3163     2.1958  0.000e+00
     36.869   71.52088 -161.23042     37.253    -1.6066    -1.6088    -1.6072    32.5855    32.5994  1026.3936    26.2136    265.266    251.214  370.03934     71.686     67.892     0.1050     0.2820     2.8694     1.9850 8.4714e-06       3164     2.1965  0.000e+00
     36.877   71.52088 -161.23042     37.261    -1.6068    -1.6091    -1.6074    32.5857    32.5996  1026.3937    26.2137    265.313    251.234  370.04065     71.698     67.897     0.1050     0.2820     2.8681     1.9867 1.0000e-12       3165     2.1972  0.000e+00
     36.877   71.52088 -161.23042     37.261    -1.6068    -1.6093    -1.6074    32.5857    32.5997  1026.3937    26.2137    265.369    251.028  370.04065     71.714     67.841     0.1050     0.2820     2.8681     1.9867 1.0000e-12       3166     2.1979  0.000e+00
     36.869   71.52088 -161.23042     37.253    -1.6068    -1.6095    -1.6074    32.5850    32.5998  1026.3931    26.2131    265.437    251.022  370.04266     71.731     67.839     0.1050     0.2820     2.8681     1.9867 1.0000e-12       3167     2.1986  0.000e+00
     36.877   71.52088 -161.23042     37.261    -1.6066    -1.6095    -1.6072    32.5851    32.5998  1026.3932    26.2132    265.564    251.020  370.04074     71.766     67.838     0.1062     0.2894     2.8681     1.9867 1.0000e-12       3168     2.1993  0.000e+00
     36.877   71.52088 -161.23042     37.261    -1.6068    -1.6095    -1.6074    32.5852    32.5998  1026.3933    26.2133    265.343    251.021  370.04216     71.706     67.839     0.1050     0.2820     2.8681     1.9867 8.4714e-06       3169     2.2000  0.000e+00
     36.869   71.52088 -161.23042     37.253    -1.6069    -1.6091    -1.6075    32.5853    32.5995  1026.3933    26.2134    265.342    251.023  370.04306     71.706     67.840     0.1062     0.2894     2.8681     1.9867 1.0000e-12       3170     2.2007  0.000e+00
     36.877   71.52088 -161.23042     37.261    -1.6068    -1.6083    -1.6074    32.5855    32.5988  1026.3936    26.2136    265.868    251.029  370.04115     71.848     67.842     0.1050     0.2820     2.8681     1.9867 8.4714e-06       3171     2.2014  0.000e+00
     36.823   71.52088 -161.23042     37.206    -1.6068    -1.6077    -1.6074    32.5855    32.5984  1026.3933    26.2135    265.461    251.036  370.04131     71.738     67.845     0.1050     0.2820     2.8681     1.9867 1.0000e-12       3172     2.2021  0.000e+00
     36.869   71.52088 -161.23042     37.253    -1.6071    -1.6072    -1.6077    32.5859    32.5982  1026.3939    26.2139    265.489    251.018  370.04285     71.746     67.841     0.1050     0.2820     2.8681     1.9867 8.4714e-06       3173     2.2028  0.000e+00
     36.877   71.52088 -161.23042     37.261    -1.6068    -1.6065    -1.6074    32.5855    32.5977  1026.3935    26.2135    265.471    251.000  370.04128     71.741     67.837     0.1050     0.2820     2.8681     1.9867 8.4714e-06       3174     2.2035  0.000e+00
     36.823   71.52088 -161.23042     37.206    -1.6069    -1.6054    -1.6075    32.5858    32.5969  1026.3935    26.2138    265.513    250.981  370.04159     71.752     67.834     0.1062     0.2894     2.8681     1.9867 8.4714e-06       3175     2.2042  0.000e+00
     36.869   71.52088 -161.23042     37.253    -1.6068    -1.6036    -1.6074    32.5855    32.5953  1026.3935    26.2135    265.517    250.963  370.04127     71.753     67.831     0.1038     0.2747     2.8681     1.9867 1.0000e-12       3176     2.2049  0.000e+00
     36.877   71.52088 -161.23042     37.261    -1.6069    -1.6025    -1.6075    32.5859    32.5944  1026.3939    26.2139    265.527    251.181  370.04105     71.756     67.892     0.1026     0.2674     2.8681     1.9867 8.4714e-06       3177     2.2056  0.000e+00
     36.823   71.52088 -161.23042     37.206    -1.6071    -1.6021    -1.6077    32.5858    32.5940  1026.3936    26.2138    265.805    250.975  370.04314     71.831     67.837     0.1026     0.2674     2.8681     1.9867 1.0000e-12       3178     2.2062  0.000e+00
     36.869   71.52088 -161.23042     37.253    -1.6071    -1.6021    -1.6077    32.5859    32.5940  1026.3939    26.2139    265.622    250.975  370.04285     71.781     67.837     0.1026     0.2674     2.8681     1.9867 8.4714e-06       3179     2.2069  0.000e+00
     36.877   71.52088 -161.23042     37.261    -1.6072    -1.6021    -1.6078    32.5863    32.5940  1026.3943    26.2142    265.656    250.976  370.04276     71.791     67.837     0.1026     0.2674     2.8681     1.9867 1.0000e-12       3180     2.2076  0.000e+00
     36.823   71.52088 -161.23042     37.206    -1.6072    -1.6021    -1.6078    32.5865    32.5940  1026.3941    26.2143    265.695    250.979  370.04241     71.801     67.838     0.1026     0.2674     2.8657     1.9901 1.0000e-12       3181     2.2083  0.000e+00
     36.869   71.52088 -161.23042     37.253    -1.6071    -1.6018    -1.6077    32.5865    32.5935  1026.3944    26.2144    265.745    250.986  370.04108     71.815     67.840     0.1038     0.2747     2.8571     2.0020 1.0000e-12       3182     2.2090  0.000e+00
     36.823   71.52088 -161.23042     37.206    -1.6071    -1.6020    -1.6077    32.5866    32.5936  1026.3942    26.2145    265.802    250.995  370.04074     71.830     67.842     0.1026     0.2674     2.8535     2.0072 1.0000e-12       3183     2.2097  0.000e+00
     36.877   71.52088 -161.23042     37.261    -1.6066    -1.6020    -1.6072    32.5858    32.5936  1026.3938    26.2138    265.764    251.009  370.03847     71.821     67.846     0.1038     0.2747     2.8535     2.0072 1.0000e-12       3184     2.2104  0.000e+00
     36.815   71.52088 -161.23042     37.198    -1.6064    -1.6022    -1.6071    32.5859    32.5939  1026.3935    26.2138    265.519    251.023  370.03667     71.755     67.849     0.1026     0.2674     2.8535     2.0072 1.0000e-12       3185     2.2111  0.000e+00
     36.877   71.52088 -161.23042     37.261    -1.6064    -1.6024    -1.6071    32.5857    32.5938  1026.3937    26.2137    265.811    251.044  370.03729     71.833     67.855     0.1026     0.2674     2.8547     2.0055 1.0000e-12       3186     2.2118  0.000e+00
     36.877   71.52088 -161.23042     37.261    -1.6066    -1.6024    -1.6072    32.5862    32.5940  1026.3941    26.2141    265.327    251.064  370.03733     71.703     67.860     0.1026     0.2674     2.8535     2.0072 1.0000e-12       3187     2.2125  0.000e+00
     36.815   71.52088 -161.23042     37.198    -1.6064    -1.6025    -1.6071    32.5858    32.5945  1026.3935    26.2138    265.790    251.085  370.03693     71.828     67.866     0.1026     0.2674     2.8535     2.0072 8.4714e-06       3188     2.2132  0.000e+00
     36.877   71.52088 -161.23042     37.261    -1.6065    -1.6024    -1.6071    32.5861    32.5944  1026.3940    26.2140    265.584    250.882  370.03667     71.772     67.811     0.1038     0.2747     2.8535     2.0072 8.4714e-06       3189     2.2139  0.000e+00
     36.823   71.52088 -161.23042     37.206    -1.6060    -1.6018    -1.6066    32.5857    32.5940  1026.3934    26.2137    265.848    250.839  370.03255     71.845     67.801     0.1026     0.2674     2.8535     2.0072 8.4714e-06       3190     2.2146  0.000e+00
     36.869   71.52088 -161.23042     37.253    -1.6054    -1.6021    -1.6060    32.5855    32.5944  1026.3935    26.2135    265.653    250.842  370.02745     71.793     67.801     0.1026     0.2674     2.8535     2.0072 8.4714e-06       3191     2.2153  0.000e+00
     36.823   71.52088 -161.23042     37.206    -1.6050    -1.6018    -1.6057    32.5850    32.5941  1026.3929    26.2131    265.674    251.039  370.02527     71.799     67.855     0.1026     0.2674     2.8547     2.0055 8.4714e-06       3192     2.2160  0.000e+00
     36.877   71.52088 -161.23042     37.261    -1.6047    -1.6013    -1.6054    32.5846    32.5943  1026.3928    26.2128    265.915    250.811  370.02354     71.864     67.794     0.1026     0.2674     2.8535     2.0072 8.4714e-06       3193     2.2167  0.000e+00
     36.869   71.52088 -161.23042     37.253    -1.6047    -1.6004    -1.6054    32.5844    32.5930  1026.3926    26.2126    265.691    250.781  370.02416     71.804     67.787     0.1026     0.2674     2.8535     2.0072 8.4714e-06       3194     2.2174  0.000e+00
     36.823   71.52088 -161.23042     37.206    -1.6045    -1.5997    -1.6051    32.5844    32.5929  1026.3924    26.2126    265.938    250.751  370.02123     71.871     67.780     0.1026     0.2674     2.8535     2.0072 8.4714e-06       3195     2.2181  0.000e+00
     36.877   71.52088 -161.23042     37.261    -1.6046    -1.5984    -1.6052    32.5849    32.5918  1026.3930    26.2130    265.726    250.725  370.02097     71.814     67.775     0.1038     0.2747     2.8535     2.0072 8.4714e-06       3196     2.2188  0.000e+00
     36.869   71.52088 -161.23042     37.253    -1.6045    -1.5981    -1.6051    32.5847    32.5915  1026.3928    26.2128    265.728    250.739  370.02056     71.814     67.779     0.1026     0.2674     2.8535     2.0072 8.4714e-06       3197     2.2194  0.000e+00
     36.823   71.52088 -161.23042     37.206    -1.6040    -1.5979    -1.6046    32.5844    32.5912  1026.3923    26.2126    265.731    250.756  370.01684     71.816     67.784     0.1026     0.2674     2.8547     2.0055 8.4714e-06       3198     2.2201  0.000e+00
     36.877   71.52088 -161.23042     37.261    -1.6037    -1.5975    -1.6044    32.5841    32.5910  1026.3923    26.2123    265.746    250.780  370.01472     71.820     67.791     0.1026     0.2674     2.8535     2.0072 8.4714e-06       3199     2.2208  0.000e+00
     36.869   71.52088 -161.23042     37.253    -1.6031    -1.5968    -1.6037    32.5829    32.5903  1026.3913    26.2114    265.763    250.803  370.01179     71.826     67.798     0.1026     0.2674     2.8535     2.0072 8.4714e-06       3200     2.2215  0.000e+00
