EcoFOCI/data/1_SampleCollection/2023_SikuliaqDBO_CruiseData/CTD_raw_BottleFile_SKQ23-12S/proc/skq202312s_014svp.cnv
* Sea-Bird SBE 9 Data File:
* FileName = D:\CTD\SKQ202312S\SKQ202312S_014.hex
* Software Version Seasave V 7.26.7.121
* Temperature SN = 6177
* Conductivity SN = 0369
* Number of Bytes Per Scan = 41
* Number of Voltage Words = 4
* Number of Scans Averaged by the Deck Unit = 1
* NMEA Latitude = 64 40.15 N
* NMEA Longitude = 169 55.22 W
* NMEA UTC (Time) = Sep 17 2023  08:29:33
* NMEA baud rate = 4800
** Ship: R/V Sikuliaq
** Station Number: 014
** Station Name: DBO2.1
** Bottom Depth: 47
** Operator: SS
# nquan = 7
# nvalues = 6248                                  
# units = specified
# name 0 = depSM: Depth [salt water, m]
# name 1 = latitude: Latitude [deg]
# name 2 = longitude: Longitude [deg]
# name 3 = t090C: Temperature [ITS-90, deg C]
# name 4 = sal00: Salinity, Practical [PSU]
# name 5 = svCM: Sound Velocity [Chen-Millero, m/s]
# name 6 = flag:  0.000e+00
# span 0 =      1.589,     41.088                 
# span 1 =   64.66922,   64.66926                 
# span 2 = -169.92028, -169.92020                 
# span 3 =     2.2405,     2.8691                 
# span 4 =    32.5535,    33.0245                 
# span 5 =    1455.99,    1459.78                 
# span 6 = 0.0000e+00, 0.0000e+00                 
# interval = seconds: 0.0416667
# start_time = Sep 17 2023 08:33:36 [NMEA time, first data scan]
# bad_flag = -9.990e-29
*END*
[from data line 3693]
     36.466   64.66924 -169.92022     2.8170    33.0211    1459.65  0.000e+00
     36.466   64.66924 -169.92022     2.8169    33.0212    1459.65  0.000e+00
     36.513   64.66924 -169.92022     2.8169    33.0212    1459.65  0.000e+00
     36.520   64.66924 -169.92022     2.8169    33.0210    1459.65  0.000e+00
     36.520   64.66924 -169.92022     2.8170    33.0209    1459.65  0.000e+00
     36.567   64.66924 -169.92022     2.8169    33.0212    1459.65  0.000e+00
     36.520   64.66924 -169.92022     2.8172    33.0213    1459.65  0.000e+00
     36.582   64.66924 -169.92022     2.8177    33.0218    1459.66  0.000e+00
     36.567   64.66924 -169.92022     2.8184    33.0213    1459.66  0.000e+00
     36.636   64.66924 -169.92022     2.8187    33.0211    1459.66  0.000e+00
     36.636   64.66924 -169.92022     2.8184    33.0214    1459.66  0.000e+00
     36.628   64.66924 -169.92022     2.8183    33.0210    1459.66  0.000e+00
     36.636   64.66924 -169.92022     2.8183    33.0211    1459.66  0.000e+00
     36.698   64.66924 -169.92022     2.8184    33.0212    1459.66  0.000e+00
     36.744   64.66924 -169.92022     2.8186    33.0219    1459.66  0.000e+00
     36.698   64.66924 -169.92022     2.8197    33.0226    1459.67  0.000e+00
     36.752   64.66924 -169.92022     2.8211    33.0223    1459.68  0.000e+00
     36.698   64.66924 -169.92022     2.8214    33.0218    1459.68  0.000e+00
     36.798   64.66924 -169.92022     2.8211    33.0206    1459.67  0.000e+00
     36.752   64.66924 -169.92022     2.8200    33.0198    1459.67  0.000e+00
     36.806   64.66924 -169.92022     2.8194    33.0201    1459.67  0.000e+00
     36.798   64.66924 -169.92022     2.8184    33.0205    1459.66  0.000e+00
     36.806   64.66924 -169.92022     2.8180    33.0204    1459.66  0.000e+00
     36.867   64.66924 -169.92022     2.8173    33.0204    1459.66  0.000e+00
     36.852   64.66924 -169.92022     2.8167    33.0209    1459.66  0.000e+00
     36.867   64.66924 -169.92022     2.8169    33.0213    1459.66  0.000e+00
     36.921   64.66924 -169.92022     2.8187    33.0222    1459.67  0.000e+00
     36.914   64.66924 -169.92022     2.8211    33.0224    1459.68  0.000e+00
     36.921   64.66924 -169.92022     2.8217    33.0228    1459.68  0.000e+00
     36.983   64.66924 -169.92022     2.8222    33.0222    1459.68  0.000e+00
     36.968   64.66924 -169.92022     2.8231    33.0222    1459.69  0.000e+00
     36.983   64.66924 -169.92022     2.8242    33.0226    1459.69  0.000e+00
     36.983   64.66924 -169.92022     2.8258    33.0224    1459.70  0.000e+00
     37.029   64.66924 -169.92022     2.8264    33.0225    1459.70  0.000e+00
     36.983   64.66924 -169.92022     2.8272    33.0224    1459.71  0.000e+00
     37.037   64.66924 -169.92022     2.8280    33.0225    1459.71  0.000e+00
     37.037   64.66924 -169.92022     2.8286    33.0228    1459.71  0.000e+00
     37.083   64.66924 -169.92022     2.8296    33.0196    1459.71  0.000e+00
     37.037   64.66924 -169.92022     2.8297    33.0191    1459.71  0.000e+00
     37.099   64.66924 -169.92022     2.8301    33.0213    1459.72  0.000e+00
     37.083   64.66924 -169.92022     2.8303    33.0218    1459.72  0.000e+00
     37.153   64.66924 -169.92022     2.8305    33.0214    1459.72  0.000e+00
     37.099   64.66924 -169.92022     2.8301    33.0218    1459.72  0.000e+00
     37.145   64.66924 -169.92022     2.8305    33.0218    1459.72  0.000e+00
     37.153   64.66924 -169.92022     2.8303    33.0219    1459.72  0.000e+00
     37.153   64.66924 -169.92022     2.8302    33.0219    1459.72  0.000e+00
     37.145   64.66924 -169.92022     2.8301    33.0214    1459.72  0.000e+00
     37.153   64.66924 -169.92022     2.8301    33.0207    1459.72  0.000e+00
     37.207   64.66924 -169.92022     2.8293    33.0210    1459.72  0.000e+00
     37.152   64.66924 -169.92022     2.8289    33.0205    1459.71  0.000e+00
     37.199   64.66924 -169.92022     2.8283    33.0214    1459.71  0.000e+00
     37.152   64.66924 -169.92022     2.8282    33.0219    1459.71  0.000e+00
     37.206   64.66924 -169.92022     2.8280    33.0212    1459.71  0.000e+00
     37.199   64.66924 -169.92022     2.8283    33.0218    1459.71  0.000e+00
     37.152   64.66924 -169.92022     2.8288    33.0215    1459.71  0.000e+00
     37.206   64.66924 -169.92022     2.8272    33.0207    1459.71  0.000e+00
     37.199   64.66924 -169.92022     2.8249    33.0207    1459.70  0.000e+00
     37.206   64.66924 -169.92022     2.8238    33.0210    1459.69  0.000e+00
     37.206   64.66924 -169.92022     2.8228    33.0208    1459.69  0.000e+00
     37.199   64.66924 -169.92022     2.8214    33.0209    1459.68  0.000e+00
     37.206   64.66924 -169.92022     2.8219    33.0217    1459.69  0.000e+00
     37.268   64.66924 -169.92022     2.8235    33.0217    1459.69  0.000e+00
     37.206   64.66924 -169.92022     2.8241    33.0221    1459.70  0.000e+00
     37.199   64.66924 -169.92022     2.8252    33.0221    1459.70  0.000e+00
     37.206   64.66924 -169.92022     2.8253    33.0223    1459.70  0.000e+00
     37.206   64.66924 -169.92022     2.8260    33.0214    1459.70  0.000e+00
     37.260   64.66924 -169.92022     2.8262    33.0213    1459.70  0.000e+00
     37.206   64.66924 -169.92022     2.8266    33.0210    1459.70  0.000e+00
     37.206   64.66924 -169.92022     2.8267    33.0217    1459.71  0.000e+00
     37.198   64.66924 -169.92022     2.8267    33.0217    1459.71  0.000e+00
     37.206   64.66924 -169.92022     2.8266    33.0221    1459.71  0.000e+00
     37.152   64.66924 -169.92022     2.8271    33.0217    1459.71  0.000e+00
     37.198   64.66924 -169.92022     2.8274    33.0213    1459.71  0.000e+00
     37.206   64.66924 -169.92022     2.8272    33.0212    1459.71  0.000e+00
     37.152   64.66924 -169.92022     2.8269    33.0216    1459.71  0.000e+00
     37.152   64.66924 -169.92022     2.8274    33.0220    1459.71  0.000e+00
     37.198   64.66924 -169.92022     2.8285    33.0218    1459.71  0.000e+00
     37.152   64.66924 -169.92022     2.8286    33.0220    1459.71  0.000e+00
     37.206   64.66924 -169.92022     2.8280    33.0220    1459.71  0.000e+00
     37.144   64.66924 -169.92022     2.8274    33.0218    1459.71  0.000e+00
     37.206   64.66924 -169.92022     2.8267    33.0223    1459.71  0.000e+00
     37.098   64.66924 -169.92022     2.8267    33.0223    1459.71  0.000e+00
     37.198   64.66924 -169.92022     2.8275    33.0223    1459.71  0.000e+00
     37.152   64.66924 -169.92022     2.8277    33.0222    1459.71  0.000e+00
     37.152   64.66924 -169.92022     2.8282    33.0223    1459.71  0.000e+00
     37.144   64.66924 -169.92022     2.8286    33.0224    1459.71  0.000e+00
     37.098   64.66924 -169.92022     2.8289    33.0219    1459.71  0.000e+00
     37.152   64.66924 -169.92022     2.8288    33.0219    1459.71  0.000e+00
     37.098   64.66924 -169.92022     2.8283    33.0225    1459.71  0.000e+00
     37.144   64.66924 -169.92022     2.8282    33.0221    1459.71  0.000e+00
     37.098   64.66924 -169.92022     2.8279    33.0219    1459.71  0.000e+00
     37.098   64.66924 -169.92022     2.8275    33.0221    1459.71  0.000e+00
     37.082   64.66924 -169.92022     2.8277    33.0219    1459.71  0.000e+00
     37.098   64.66924 -169.92022     2.8282    33.0219    1459.71  0.000e+00
     37.098   64.66924 -169.92022     2.8288    33.0216    1459.71  0.000e+00
     37.082   64.66924 -169.92022     2.8291    33.0220    1459.72  0.000e+00
     37.098   64.66924 -169.92022     2.8293    33.0222    1459.72  0.000e+00
     37.098   64.66924 -169.92022     2.8299    33.0219    1459.72  0.000e+00
     37.082   64.66924 -169.92022     2.8301    33.0220    1459.72  0.000e+00
     37.098   64.66924 -169.92022     2.8305    33.0219    1459.72  0.000e+00
     37.098   64.66924 -169.92022     2.8305    33.0224    1459.72  0.000e+00
     37.098   64.66924 -169.92022     2.8308    33.0217    1459.72  0.000e+00
     37.082   64.66924 -169.92022     2.8305    33.0215    1459.72  0.000e+00
     37.098   64.66924 -169.92022     2.8302    32.9924    1459.68  0.000e+00
     37.036   64.66924 -169.92022     2.8301    32.9956    1459.68  0.000e+00
     37.082   64.66924 -169.92022     2.8305    33.0159    1459.71  0.000e+00
     37.098   64.66924 -169.92022     2.8307    33.0221    1459.72  0.000e+00
     37.036   64.66924 -169.92022     2.8311    33.0221    1459.72  0.000e+00
     37.082   64.66924 -169.92022     2.8310    33.0225    1459.72  0.000e+00
     37.036   64.66924 -169.92022     2.8313    33.0221    1459.72  0.000e+00
     37.036   64.66924 -169.92022     2.8311    33.0222    1459.72  0.000e+00
     37.144   64.66924 -169.92022     2.8315    33.0218    1459.73  0.000e+00
     37.036   64.66924 -169.92022     2.8316    33.0217    1459.72  0.000e+00
     37.098   64.66924 -169.92022     2.8315    33.0220    1459.73  0.000e+00
     37.082   64.66924 -169.92022     2.8313    33.0220    1459.72  0.000e+00
     37.097   64.66924 -169.92022     2.8315    33.0223    1459.73  0.000e+00
     37.151   64.66924 -169.92022     2.8313    33.0223    1459.73  0.000e+00
     37.097   64.66924 -169.92022     2.8313    33.0223    1459.73  0.000e+00
     37.144   64.66924 -169.92022     2.8315    33.0221    1459.73  0.000e+00
     37.097   64.66924 -169.92022     2.8315    33.0221    1459.73  0.000e+00
     37.151   64.66924 -169.92022     2.8315    33.0221    1459.73  0.000e+00
     37.144   64.66924 -169.92022     2.8316    33.0219    1459.73  0.000e+00
     37.151   64.66924 -169.92022     2.8315    33.0223    1459.73  0.000e+00
     37.151   64.66924 -169.92022     2.8316    33.0222    1459.73  0.000e+00
     37.144   64.66924 -169.92022     2.8316    33.0220    1459.73  0.000e+00
     37.205   64.66924 -169.92022     2.8316    33.0223    1459.73  0.000e+00
     37.205   64.66924 -169.92022     2.8315    33.0222    1459.73  0.000e+00
     37.198   64.66924 -169.92022     2.8315    33.0223    1459.73  0.000e+00
     37.267   64.66924 -169.92022     2.8315    33.0223    1459.73  0.000e+00
     37.205   64.66924 -169.92022     2.8315    33.0224    1459.73  0.000e+00
     37.267   64.66924 -169.92022     2.8313    33.0223    1459.73  0.000e+00
     37.313   64.66924 -169.92022     2.8311    33.0221    1459.73  0.000e+00
     37.267   64.66924 -169.92022     2.8315    33.0219    1459.73  0.000e+00
     37.321   64.66924 -169.92022     2.8316    33.0221    1459.73  0.000e+00
     37.259   64.66924 -169.92022     2.8315    33.0226    1459.73  0.000e+00
     37.321   64.66924 -169.92022     2.8321    33.0221    1459.73  0.000e+00
     37.383   64.66924 -169.92022     2.8321    33.0224    1459.73  0.000e+00
     37.367   64.66924 -169.92022     2.8321    33.0222    1459.73  0.000e+00
     37.383   64.66924 -169.92022     2.8323    33.0222    1459.73  0.000e+00
     37.383   64.66924 -169.92022     2.8323    33.0225    1459.73  0.000e+00
     37.383   64.66924 -169.92022     2.8325    33.0223    1459.74  0.000e+00
     37.483   64.66924 -169.92022     2.8324    33.0224    1459.74  0.000e+00
     37.437   64.66924 -169.92022     2.8325    33.0227    1459.74  0.000e+00
     37.437   64.66924 -169.92022     2.8327    33.0223    1459.74  0.000e+00
     37.483   64.66924 -169.92022     2.8325    33.0224    1459.74  0.000e+00
     37.491   64.66924 -169.92022     2.8327    33.0232    1459.74  0.000e+00
     37.552   64.66924 -169.92022     2.8337    33.0231    1459.74  0.000e+00
     37.545   64.66924 -169.92022     2.8341    33.0233    1459.75  0.000e+00
     37.552   64.66924 -169.92022     2.8343    33.0224    1459.75  0.000e+00
     37.552   64.66924 -169.92022     2.8340    33.0225    1459.74  0.000e+00
     37.606   64.66924 -169.92022     2.8337    33.0219    1459.74  0.000e+00
     37.599   64.66924 -169.92022     2.8327    33.0217    1459.74  0.000e+00
     37.668   64.66924 -169.92022     2.8323    33.0216    1459.74  0.000e+00
     37.606   64.66924 -169.92022     2.8319    33.0219    1459.74  0.000e+00
     37.660   64.66924 -169.92022     2.8316    33.0224    1459.74  0.000e+00
     37.722   64.66924 -169.92022     2.8318    33.0219    1459.74  0.000e+00
     37.668   64.66924 -169.92022     2.8313    33.0220    1459.73  0.000e+00
     37.768   64.66924 -169.92022     2.8313    33.0221    1459.74  0.000e+00
     37.722   64.66924 -169.92022     2.8311    33.0222    1459.73  0.000e+00
     37.722   64.66924 -169.92022     2.8310    33.0220    1459.73  0.000e+00
     37.838   64.66924 -169.92022     2.8310    33.0219    1459.74  0.000e+00
     37.768   64.66924 -169.92022     2.8308    33.0224    1459.73  0.000e+00
     37.838   64.66924 -169.92022     2.8308    33.0222    1459.74  0.000e+00
     37.838   64.66924 -169.92022     2.8308    33.0223    1459.74  0.000e+00
     37.830   64.66924 -169.92022     2.8311    33.0218    1459.74  0.000e+00
     37.837   64.66924 -169.92022     2.8311    33.0224    1459.74  0.000e+00
     37.892   64.66924 -169.92022     2.8313    33.0220    1459.74  0.000e+00
     37.884   64.66924 -169.92022     2.8311    33.0222    1459.74  0.000e+00
     37.837   64.66924 -169.92022     2.8311    33.0223    1459.74  0.000e+00
     38.007   64.66924 -169.92022     2.8313    33.0223    1459.74  0.000e+00
     37.953   64.66924 -169.92022     2.8313    33.0226    1459.74  0.000e+00
     37.999   64.66924 -169.92022     2.8315    33.0227    1459.74  0.000e+00
     37.953   64.66924 -169.92022     2.8313    33.0225    1459.74  0.000e+00
     38.007   64.66924 -169.92022     2.8313    33.0221    1459.74  0.000e+00
     37.999   64.66924 -169.92022     2.8310    33.0224    1459.74  0.000e+00
     38.007   64.66924 -169.92022     2.8315    33.0222    1459.74  0.000e+00
     38.069   64.66924 -169.92022     2.8316    33.0222    1459.74  0.000e+00
     38.069   64.66924 -169.92022     2.8315    33.0225    1459.74  0.000e+00
     38.061   64.66924 -169.92022     2.8319    33.0222    1459.74  0.000e+00
     38.069   64.66924 -169.92022     2.8319    33.0222    1459.74  0.000e+00
     38.069   64.66924 -169.92022     2.8321    33.0221    1459.74  0.000e+00
     38.115   64.66924 -169.92022     2.8319    33.0222    1459.74  0.000e+00
     38.069   64.66924 -169.92022     2.8319    33.0220    1459.74  0.000e+00
     38.123   64.66924 -169.92022     2.8315    33.0220    1459.74  0.000e+00
     38.123   64.66924 -169.92022     2.8316    33.0219    1459.74  0.000e+00
     38.115   64.66924 -169.92022     2.8315    33.0224    1459.74  0.000e+00
     38.184   64.66924 -169.92022     2.8315    33.0224    1459.74  0.000e+00
     38.123   64.66924 -169.92022     2.8315    33.0220    1459.74  0.000e+00
     38.169   64.66924 -169.92022     2.8313    33.0226    1459.74  0.000e+00
     38.184   64.66924 -169.92022     2.8319    33.0220    1459.75  0.000e+00
     38.184   64.66924 -169.92022     2.8324    33.0219    1459.75  0.000e+00
     38.184   64.66924 -169.92022     2.8332    33.0218    1459.75  0.000e+00
     38.231   64.66924 -169.92022     2.8335    33.0226    1459.75  0.000e+00
     38.184   64.66924 -169.92022     2.8341    33.0227    1459.76  0.000e+00
     38.184   64.66924 -169.92022     2.8344    33.0223    1459.76  0.000e+00
     38.231   64.66924 -169.92022     2.8344    33.0225    1459.76  0.000e+00
     38.238   64.66924 -169.92022     2.8341    33.0226    1459.76  0.000e+00
     38.184   64.66924 -169.92022     2.8343    33.0228    1459.76  0.000e+00
     38.238   64.66924 -169.92022     2.8346    33.0227    1459.76  0.000e+00
     38.230   64.66924 -169.92022     2.8349    33.0225    1459.76  0.000e+00
     38.238   64.66924 -169.92022     2.8355    33.0226    1459.76  0.000e+00
     38.238   64.66924 -169.92022     2.8359    33.0225    1459.76  0.000e+00
     38.230   64.66924 -169.92022     2.8368    33.0222    1459.77  0.000e+00
     38.292   64.66924 -169.92022     2.8366    33.0226    1459.77  0.000e+00
