EcoFOCI/data/1_SampleCollection/2023_SikuliaqDBO_CruiseData/CTD_raw_BottleFile_SKQ23-12S/proc/skq202312s_019.cnv
* Sea-Bird SBE 9 Data File:
* FileName = D:\CTD\SKQ202312S\SKQ202312S_019.hex
* Software Version Seasave V 7.26.7.121
* Temperature SN = 6177
* Conductivity SN = 0369
* Number of Bytes Per Scan = 41
* Number of Voltage Words = 4
* Number of Scans Averaged by the Deck Unit = 1
* NMEA Latitude = 64 59.99 N
* NMEA Longitude = 168 13.30 W
* NMEA UTC (Time) = Sep 17 2023  22:28:58
* NMEA baud rate = 4800
** Ship: R/V Sikuliaq
** Station Number: 019
** Station Name: DBO2.7
** Bottom Depth: 45
** Operator: SD
# nquan = 24
# nvalues = 4581                                  
# units = specified
# name 0 = depSM: Depth [salt water, m]
# name 1 = latitude: Latitude [deg]
# name 2 = longitude: Longitude [deg]
# name 3 = prDM: Pressure, Digiquartz [db]
# name 4 = t090C: Temperature [ITS-90, deg C]
# name 5 = t190C: Temperature, 2 [ITS-90, deg C]
# name 6 = potemp090C: Potential Temperature [ITS-90, deg C]
# name 7 = sal00: Salinity, Practical [PSU]
# name 8 = sal11: Salinity, Practical, 2 [PSU]
# name 9 = density00: Density [density, kg/m^3]
# name 10 = sigma-é00: Density [sigma-theta, kg/m^3]
# name 11 = sbox0Mm/Kg: Oxygen, SBE 43 [umol/kg]
# name 12 = sbox1Mm/Kg: Oxygen, SBE 43, 2 [umol/kg]
# name 13 = oxsolMm/Kg: Oxygen Saturation, Garcia & Gordon [umol/kg]
# name 14 = sbeox0PS: Oxygen, SBE 43 [% saturation]
# name 15 = sbeox1PS: Oxygen, SBE 43, 2 [% saturation]
# name 16 = v0: Voltage 0
# name 17 = flECO-AFL: Fluorescence, WET Labs ECO-AFL/FL [mg/m^3]
# name 18 = v1: Voltage 1
# name 19 = CStarAt0: Beam Attenuation, WET Labs C-Star [1/m]
# name 20 = par: PAR/Irradiance, Biospherical/Licor
# name 21 = scan: Scan Count
# name 22 = timeM: Time, Elapsed [minutes]
# name 23 = flag:  0.000e+00
# span 0 =      1.992,     40.581                 
# span 1 =   64.99988,   64.99990                 
# span 2 = -168.22160, -168.22154                 
# span 3 =      2.012,     40.987                 
# span 4 =     4.3446,     7.4247                 
# span 5 =     4.3086,     7.4203                 
# span 6 =     4.3419,     7.4244                 
# span 7 =    27.1996,    32.0704                 
# span 8 =    27.2110,    32.0443                 
# span 9 =  1021.2397,  1025.5989                 
# span 10 =    21.2298,    25.4114                
# span 11 =    232.151,    299.294                
# span 12 =    259.575,    281.738                
# span 13 =  305.50502,  320.31280                
# span 14 =     72.494,     97.482                
# span 15 =     82.649,     92.134                
# span 16 =     0.1368,     0.4640                
# span 17 =     0.4725,     2.4359                
# span 18 =     3.1661,     3.8181                
# span 19 =     0.8419,     1.5912                
# span 20 = 1.0000e-12, 1.5833e+02                
# span 21 =          1,       4581                
# span 22 =     0.0000,     3.1806                
# span 23 = 0.0000e+00, 0.0000e+00                
# interval = seconds: 0.0416667
# start_time = Sep 17 2023 22:32:38 [NMEA time, first data scan]
# bad_flag = -9.990e-29
*END*
[from data line 3925]
     39.150   64.99990 -168.22154     39.542     4.6006     4.5590     4.5979    31.9823    32.0169  1025.5103    25.3262    277.442    263.162  317.40306     87.410     82.850     0.1954     0.8242     3.5140     1.1739 4.0740e-02       3926     2.7257  0.000e+00
     39.150   64.99990 -168.22154     39.542     4.5807     4.5525     4.5780    31.9926    32.0191  1025.5206    25.3365    277.640    263.036  317.53002     87.437     82.799     0.1954     0.8242     3.5128     1.1753 4.0740e-02       3927     2.7264  0.000e+00
     39.089   64.99990 -168.22154     39.479     4.5626     4.5480     4.5599    31.9986    32.0211  1025.5270    25.3431    277.801    263.089  317.65350     87.454     82.808     0.1954     0.8242     3.5140     1.1739 3.9846e-02       3928     2.7271  0.000e+00
     39.150   64.99990 -168.22154     39.542     4.5514     4.5458     4.5487    32.0022    32.0209  1025.5313    25.3471    277.919    263.120  317.73023     87.470     82.813     0.1954     0.8242     3.5140     1.1739 4.0292e-02       3929     2.7278  0.000e+00
     39.096   64.99990 -168.22154     39.487     4.5451     4.5459     4.5424    32.0046    32.0204  1025.5336    25.3497    277.999    263.137  317.77310     87.484     82.818     0.1954     0.8242     3.5128     1.1753 3.8516e-02       3930     2.7285  0.000e+00
     39.150   64.99990 -168.22154     39.542     4.5419     4.5473     4.5392    32.0064    32.0199  1025.5356    25.3515    278.028    263.154  317.79264     87.487     82.826     0.1954     0.8242     3.5128     1.1753 2.9508e-02       3931     2.7292  0.000e+00
     39.088   64.99990 -168.22154     39.479     4.5413     4.5499     4.5386    32.0087    32.0193  1025.5372    25.3533    278.031    263.166  317.79247     87.488     82.834     0.1954     0.8242     3.5140     1.1739 2.5402e-02       3932     2.7299  0.000e+00
     39.150   64.99990 -168.22154     39.542     4.5476     4.5535     4.5449    32.0087    32.0188  1025.5369    25.3527    277.956    263.159  317.74367     87.478     82.839     0.1966     0.8315     3.5128     1.1753 2.5402e-02       3933     2.7306  0.000e+00
     39.096   64.99990 -168.22154     39.487     4.5582     4.5576     4.5555    32.0051    32.0184  1025.5326    25.3488    277.851    263.150  317.67186     87.465     82.844     0.1954     0.8242     3.5128     1.1753 2.8677e-02       3934     2.7313  0.000e+00
     39.096   64.99990 -168.22154     39.487     4.5651     4.5616     4.5624    32.0018    32.0188  1025.5293    25.3454    277.804    263.146  317.62673     87.462     82.851     0.1966     0.8315     3.5140     1.1739 3.0762e-02       3935     2.7319  0.000e+00
     39.088   64.99990 -168.22154     39.479     4.5665     4.5658     4.5638    32.0011    32.0185  1025.5285    25.3447    277.759    263.148  317.61765     87.451     82.860     0.1954     0.8242     3.5140     1.1739 3.0762e-02       3936     2.7326  0.000e+00
     39.096   64.99990 -168.22154     39.487     4.5658     4.5701     4.5630    32.0024    32.0170  1025.5297    25.3459    277.932    263.157  317.62043     87.505     82.870     0.1966     0.8315     3.5128     1.1753 3.5021e-02       3937     2.7333  0.000e+00
     39.096   64.99990 -168.22154     39.487     4.5670     4.5747     4.5643    32.0027    32.0145  1025.5298    25.3460    277.944    263.150  317.61015     87.511     82.876     0.1954     0.8242     3.5177     1.1698 3.8074e-02       3938     2.7340  0.000e+00
     39.150   64.99990 -168.22154     39.542     4.5691     4.5767     4.5664    32.0023    32.0143  1025.5295    25.3454    277.918    263.162  317.59530     87.507     82.883     0.1954     0.8242     3.5250     1.1614 3.8516e-02       3939     2.7347  0.000e+00
     39.088   64.99990 -168.22154     39.479     4.5711     4.5765     4.5684    32.0017    32.0152  1025.5285    25.3447    277.678    263.187  317.58124     87.435     82.891     0.1954     0.8242     3.5275     1.1587 3.5454e-02       3940     2.7354  0.000e+00
     39.096   64.99990 -168.22154     39.487     4.5735     4.5756     4.5708    32.0100    32.0166  1025.5349    25.3510    277.832    263.223  317.54318     87.494     82.902     0.1978     0.8388     3.5275     1.1587 3.2451e-02       3941     2.7361  0.000e+00
     39.096   64.99990 -168.22154     39.487     4.6103     4.5754     4.6076    31.9978    32.0170  1025.5214    25.3376    277.591    263.260  317.29175     87.487     82.913     0.1978     0.8388     3.5275     1.1587 3.1604e-02       3942     2.7368  0.000e+00
     39.096   64.99990 -168.22154     39.487     4.6565     4.5756     4.6538    31.9766    32.0175  1025.4997    25.3159    277.328    263.298  316.99114     87.488     82.926     0.1978     0.8388     3.5263     1.1601 3.0343e-02       3943     2.7375  0.000e+00
     39.088   64.99990 -168.22154     39.479     4.6831     4.5762     4.6803    31.9617    32.0167  1025.4850    25.3013    277.198    263.340  316.82457     87.493     82.940     0.1978     0.8388     3.5263     1.1601 2.9092e-02       3944     2.7382  0.000e+00
     39.096   64.99990 -168.22154     39.487     4.6584     4.5767     4.6557    31.9895    32.0154  1025.5098    25.3260    277.299    263.389  316.94575     87.491     82.955     0.1978     0.8388     3.5263     1.1601 2.8677e-02       3945     2.7389  0.000e+00
     39.096   64.99990 -168.22154     39.487     4.6731     4.5762     4.6703    31.9872    32.0154  1025.5063    25.3226    277.195    263.610  316.84013     87.487     83.024     0.1990     0.8461     3.5263     1.1601 2.7851e-02       3946     2.7396  0.000e+00
     39.096   64.99990 -168.22154     39.487     4.7188     4.5754     4.7160    31.9620    32.0148  1025.4815    25.2978    276.904    263.672  316.55308     87.475     83.042     0.1978     0.8388     3.5263     1.1601 2.6214e-02       3947     2.7403  0.000e+00
     39.088   64.99990 -168.22154     39.479     4.7479     4.5748     4.7452    31.9534    32.0141  1025.4716    25.2879    276.731    263.921  316.35251     87.476     83.119     0.1990     0.8461     3.5275     1.1587 2.5402e-02       3948     2.7410  0.000e+00
     39.096   64.99990 -168.22154     39.487     4.7602     4.5743     4.7574    31.9513    32.0139  1025.4687    25.2850    276.466    264.005  316.26486     87.416     83.144     0.1978     0.8388     3.5275     1.1587 2.7851e-02       3949     2.7417  0.000e+00
     39.096   64.99990 -168.22154     39.487     4.7517     4.5742     4.7490    31.9627    32.0140  1025.4786    25.2949    276.469    264.066  316.30174     87.407     83.163     0.1990     0.8461     3.5263     1.1601 3.6322e-02       3950     2.7424  0.000e+00
     39.042   64.99990 -168.22154     39.432     4.7563     4.5748     4.7536    31.9576    32.0140  1025.4738    25.2904    276.438    264.120  316.27920     87.403     83.181     0.1978     0.8388     3.5275     1.1587 3.9401e-02       3951     2.7431  0.000e+00
     39.142   64.99990 -168.22154     39.534     4.7657     4.5759     4.7629    31.9393    32.0137  1025.4588    25.2749    276.611    264.179  316.25162     87.465     83.202     0.1978     0.8388     3.5263     1.1601 3.8958e-02       3952     2.7437  0.000e+00
     39.096   64.99990 -168.22154     39.487     4.7710     4.5772     4.7682    31.9246    32.0132  1025.4464    25.2627    276.419    264.046  316.24652     87.406     83.162     0.1978     0.8388     3.5275     1.1587 3.5887e-02       3953     2.7444  0.000e+00
     39.096   64.99990 -168.22154     39.487     4.7630     4.5801     4.7603    31.9329    32.0153  1025.4537    25.2700    276.454    264.251  316.28690     87.406     83.234     0.1978     0.8388     3.5275     1.1587 3.4590e-02       3954     2.7451  0.000e+00
     39.027   64.99990 -168.22154     39.417     4.7517     4.6173     4.7490    31.9467    31.9931  1025.4656    25.2822    276.295    264.096  316.33959     87.341     83.246     0.1978     0.8388     3.5275     1.1587 3.4160e-02       3955     2.7458  0.000e+00
     39.150   64.99990 -168.22154     39.542     4.7281     4.6731     4.7253    31.9688    31.9580  1025.4862    25.3023    276.568    263.823  316.46628     87.392     83.249     0.1978     0.8388     3.5263     1.1601 2.9925e-02       3956     2.7465  0.000e+00
     39.096   64.99990 -168.22154     39.487     4.7109     4.7188     4.7081    31.9865    31.9336  1025.5018    25.3181    276.652    263.409  316.55516     87.394     83.194     0.1990     0.8461     3.5263     1.1601 2.7851e-02       3957     2.7472  0.000e+00
     39.150   64.99990 -168.22154     39.542     4.7255     4.7468     4.7228    31.9734    31.9216  1025.4901    25.3062    276.564    263.449  316.47472     87.389     83.255     0.1978     0.8388     3.5177     1.1698 2.7440e-02       3958     2.7479  0.000e+00
     38.973   64.99990 -168.22154     39.362     4.7303     4.7328     4.7276    31.9569    31.9433  1025.4757    25.2926    276.344    263.543  316.47757     87.319     83.270     0.1978     0.8388     3.4908     1.2004 3.2877e-02       3959     2.7486  0.000e+00
     39.212   64.99990 -168.22154     39.604     4.6831     4.7056     4.6803    31.9748    31.9706  1025.4960    25.3117    276.632    263.733  316.79348     87.323     83.293     0.1978     0.8388     3.4799     1.2131 3.6322e-02       3960     2.7493  0.000e+00
     39.150   64.99990 -168.22154     39.541     4.6387     4.6879     4.6359    31.9918    31.9865  1025.5139    25.3298    276.892    264.054  317.09065     87.323     83.369     0.1990     0.8461     3.4811     1.2117 3.6758e-02       3961     2.7500  0.000e+00
     39.096   64.99990 -168.22154     39.487     4.6127     4.6906     4.6100    31.9994    31.9892  1025.5224    25.3386    277.035    263.908  317.27021     87.318     83.330     0.1978     0.8388     3.4823     1.2103 3.2027e-02       3962     2.7507  0.000e+00
     39.142   64.99990 -168.22154     39.534     4.6028     4.7161     4.6001    31.9993    31.9764  1025.5236    25.3395    277.285    263.800  317.34542     87.376     83.339     0.1978     0.8388     3.4823     1.2103 2.8677e-02       3963     2.7514  0.000e+00
     39.150   64.99990 -168.22154     39.541     4.5988     4.7373     4.5961    31.9983    31.9668  1025.5233    25.3392    277.109    263.715  317.37835     87.312     83.348     0.1978     0.8388     3.4823     1.2103 2.7851e-02       3964     2.7521  0.000e+00
     39.096   64.99990 -168.22154     39.487     4.5966     4.7556     4.5939    31.9963    31.9586  1025.5216    25.3378    277.097    263.624  317.39984     87.302     83.351     0.1978     0.8388     3.4823     1.2103 3.0343e-02       3965     2.7528  0.000e+00
     39.150   64.99990 -168.22154     39.541     4.5966     4.7683     4.5938    31.9927    31.9571  1025.5190    25.3349    277.044    263.748  317.40888     87.283     83.414     0.1954     0.8242     3.4823     1.2103 3.3303e-02       3966     2.7535  0.000e+00
     39.142   64.99990 -168.22154     39.534     4.6006     4.7784     4.5979    31.9861    31.9546  1025.5134    25.3293    276.932    263.723  317.39389     87.252     83.425     0.1929     0.8095     3.4823     1.2103 3.4160e-02       3967     2.7542  0.000e+00
     39.150   64.99990 -168.22154     39.541     4.6056     4.7784     4.6029    31.9804    31.9517  1025.5084    25.3243    276.875    263.768  317.36921     87.241     83.438     0.1917     0.8022     3.4823     1.2103 3.0343e-02       3968     2.7549  0.000e+00
     39.150   64.99990 -168.22154     39.541     4.6028     4.7725     4.6001    31.9818    31.9495  1025.5097    25.3257    277.037    263.851  317.38706     87.287     83.451     0.1929     0.8095     3.4823     1.2103 2.3791e-02       3969     2.7556  0.000e+00
     39.150   64.99990 -168.22154     39.541     4.5880     4.7641     4.5853    31.9959    31.9497  1025.5225    25.3384    276.879    263.946  317.46606     87.215     83.464     0.1941     0.8168     3.4823     1.2103 2.2199e-02       3970     2.7563  0.000e+00
     39.142   64.99990 -168.22154     39.534     4.5745     4.7473     4.5718    32.0092    31.9566  1025.5344    25.3503    276.714    263.899  317.53777     87.144     83.420     0.1929     0.8095     3.4823     1.2103 2.3391e-02       3971     2.7569  0.000e+00
     39.212   64.99990 -168.22154     39.604     4.5673     4.7257     4.5646    32.0143    31.9686  1025.5395    25.3551    276.874    264.043  317.58017     87.182     83.430     0.1941     0.8168     3.4823     1.2103 2.5402e-02       3972     2.7576  0.000e+00
     39.150   64.99990 -168.22154     39.541     4.5707     4.7103     4.5679    32.0071    31.9788  1025.5332    25.3491    276.833    264.306  317.57177     87.172     83.489     0.1929     0.8095     3.4823     1.2103 2.6621e-02       3973     2.7583  0.000e+00
     39.150   64.99990 -168.22154     39.541     4.5629     4.7249     4.5602    32.0079    31.9671  1025.5346    25.3505    276.862    264.256  317.62939     87.165     83.495     0.1941     0.8168     3.4823     1.2103 2.5807e-02       3974     2.7590  0.000e+00
     39.204   64.99990 -168.22154     39.596     4.5530     4.7594     4.5503    32.0128    31.9419  1025.5398    25.3554    276.694    264.094  317.69302     87.095     83.497     0.1929     0.8095     3.4823     1.2103 2.3791e-02       3975     2.7597  0.000e+00
     39.150   64.99990 -168.22154     39.541     4.5484     4.7888     4.5457    32.0165    31.9259  1025.5430    25.3589    277.078    263.923  317.71909     87.209     83.491     0.1941     0.8168     3.4823     1.2103 2.2595e-02       3976     2.7604  0.000e+00
     39.212   64.99990 -168.22154     39.604     4.5490     4.8044     4.5463    32.0153    31.9264  1025.5422    25.3578    277.086    264.003  317.71722     87.212     83.548     0.1929     0.8095     3.4823     1.2103 2.3391e-02       3977     2.7611  0.000e+00
     39.212   64.99990 -168.22154     39.604     4.5607     4.8151     4.5580    32.0061    31.9290  1025.5337    25.3493    277.026    263.758  317.65031     87.211     83.493     0.1929     0.8095     3.4835     1.2089 3.3303e-02       3978     2.7618  0.000e+00
     39.204   64.99990 -168.22154     39.596     4.5647     4.8262     4.5619    32.0031    31.9238  1025.5309    25.3465    277.010    263.688  317.62723     87.212     83.490     0.1929     0.8095     3.4933     1.1976 3.8516e-02       3979     2.7625  0.000e+00
     39.212   64.99990 -168.22154     39.604     4.5613     4.8290     4.5586    32.0057    31.9166  1025.5333    25.3489    277.245    263.862  317.64651     87.281     83.546     0.1929     0.8095     3.4982     1.1921 3.8516e-02       3980     2.7632  0.000e+00
     39.212   64.99990 -168.22154     39.604     4.5615     4.8273     4.5588    32.0055    31.9111  1025.5332    25.3488    277.282    263.712  317.64568     87.293     83.492     0.1929     0.8095     3.4982     1.1921 2.7030e-02       3981     2.7639  0.000e+00
     39.212   64.99990 -168.22154     39.604     4.5607     4.8225     4.5580    32.0036    31.9141  1025.5317    25.3473    277.329    263.728  317.65587     87.305     83.490     0.1929     0.8095     3.4969     1.1935 2.0624e-02       3982     2.7646  0.000e+00
     39.204   64.99990 -168.22154     39.596     4.5578     4.8218     4.5551    32.0059    31.9178  1025.5338    25.3495    277.381    263.898  317.67264     87.317     83.544     0.1941     0.8168     3.4969     1.1935 1.9844e-02       3983     2.7653  0.000e+00
     39.266   64.99990 -168.22154     39.658     4.5697     4.8257     4.5670    31.9998    31.9172  1025.5280    25.3434    276.926    263.877  317.59646     87.194     83.545     0.1929     0.8095     3.4969     1.1935 2.2993e-02       3984     2.7660  0.000e+00
