EcoFOCI/data/1_SampleCollection/2023_SikuliaqDBO_CruiseData/CTD_raw_BottleFile_SKQ23-12S/proc/skq202312s_052.cnv
* Sea-Bird SBE 9 Data File:
* FileName = D:\CTD\SKQ202312S\SKQ202312S_052.hex
* Software Version Seasave V 7.26.7.121
* Temperature SN = 6177
* Conductivity SN = 0369
* Number of Bytes Per Scan = 41
* Number of Voltage Words = 4
* Number of Scans Averaged by the Deck Unit = 1
* NMEA Latitude = 70 49.96 N
* NMEA Longitude = 163 07.13 W
* NMEA UTC (Time) = Sep 26 2023  20:42:12
* NMEA baud rate = 4800
** Ship: R/V Sikuliaq
** Station Number: 052
** Station Name: C1
** Bottom Depth: 45
** Operator: SD
** Moorings site C1
# nquan = 24
# nvalues = 3928                                  
# units = specified
# name 0 = depSM: Depth [salt water, m]
# name 1 = latitude: Latitude [deg]
# name 2 = longitude: Longitude [deg]
# name 3 = prDM: Pressure, Digiquartz [db]
# name 4 = t090C: Temperature [ITS-90, deg C]
# name 5 = t190C: Temperature, 2 [ITS-90, deg C]
# name 6 = potemp090C: Potential Temperature [ITS-90, deg C]
# name 7 = sal00: Salinity, Practical [PSU]
# name 8 = sal11: Salinity, Practical, 2 [PSU]
# name 9 = density00: Density [density, kg/m^3]
# name 10 = sigma-é00: Density [sigma-theta, kg/m^3]
# name 11 = sbox0Mm/Kg: Oxygen, SBE 43 [umol/kg]
# name 12 = sbox1Mm/Kg: Oxygen, SBE 43, 2 [umol/kg]
# name 13 = oxsolMm/Kg: Oxygen Saturation, Garcia & Gordon [umol/kg]
# name 14 = sbeox0PS: Oxygen, SBE 43 [% saturation]
# name 15 = sbeox1PS: Oxygen, SBE 43, 2 [% saturation]
# name 16 = v0: Voltage 0
# name 17 = flECO-AFL: Fluorescence, WET Labs ECO-AFL/FL [mg/m^3]
# name 18 = v1: Voltage 1
# name 19 = CStarAt0: Beam Attenuation, WET Labs C-Star [1/m]
# name 20 = par: PAR/Irradiance, Biospherical/Licor
# name 21 = scan: Scan Count
# name 22 = timeM: Time, Elapsed [minutes]
# name 23 = flag:  0.000e+00
# span 0 =      2.356,     38.957                 
# span 1 =   70.83274,   70.83288                 
# span 2 = -163.11888, -163.11886                 
# span 3 =      2.380,     39.362                 
# span 4 =     4.4581,     7.1671                 
# span 5 =     4.4592,     7.1717                 
# span 6 =     4.4555,     7.1658                 
# span 7 =    28.7142,    31.7641                 
# span 8 =    28.7251,    31.7935                 
# span 9 =  1022.5562,  1025.3360                 
# span 10 =    22.5443,    25.1559                
# span 11 =    233.960,    294.036                
# span 12 =    219.192,    278.130                
# span 13 =  301.09939,  319.06002                
# span 14 =     73.343,     94.388                
# span 15 =     68.721,     89.256                
# span 16 =     0.0781,     0.2247                
# span 17 =     0.1209,     1.0000                
# span 18 =     2.3919,     4.1868                
# span 19 =     0.4730,     2.7132                
# span 20 = 7.5765e-03, 8.5005e+01                
# span 21 =          1,       3928                
# span 22 =     0.0000,     2.7271                
# span 23 = 0.0000e+00, 0.0000e+00                
# interval = seconds: 0.0416667
# start_time = Sep 26 2023 20:44:50 [NMEA time, first data scan]
# bad_flag = -9.990e-29
*END*
[from data line 2114]
     20.155   70.83280 -163.11888     20.363     6.2950     6.3032     6.2933    31.2754    31.2729  1024.6694    24.5753    287.270    267.771  306.55202     93.710     87.364     0.1148     0.3406     4.1697     0.4894 4.0376e+00       2115     1.4681  0.000e+00
     20.155   70.83280 -163.11888     20.363     6.3019     6.3100     6.3003    31.2784    31.2752  1024.6709    24.5768    287.189    267.871  306.49559     93.701     87.412     0.1172     0.3553     4.1697     0.4894 4.0376e+00       2116     1.4688  0.000e+00
     20.294   70.83280 -163.11888     20.503     6.3088     6.3168     6.3071    31.2797    31.2771  1024.6717    24.5770    287.100    267.807  306.44366     93.688     87.407     0.1148     0.3406     4.1709     0.4882 4.0376e+00       2117     1.4694  0.000e+00
     20.209   70.83280 -163.11888     20.418     6.3155     6.3237     6.3139    31.2811    31.2786  1024.6716    24.5773    286.986    267.744  306.39246     93.666     87.401     0.1160     0.3480     4.1734     0.4859 4.0376e+00       2118     1.4701  0.000e+00
     20.232   70.83280 -163.11888     20.441     6.3213     6.3297     6.3196    31.2820    31.2804  1024.6717    24.5773    286.897    267.857  306.34940     93.650     87.451     0.1148     0.3406     4.1746     0.4847 4.0493e+00       2119     1.4708  0.000e+00
     20.271   70.83280 -163.11888     20.480     6.3267     6.3350     6.3251    31.2819    31.2815  1024.6711    24.5766    286.796    267.808  306.31088     93.629     87.447     0.1160     0.3480     4.1746     0.4847 4.0493e+00       2120     1.4715  0.000e+00
     20.325   70.83280 -163.11888     20.535     6.3314     6.3387     6.3297    31.2818    31.2824  1024.6708    24.5759    286.715    267.779  306.27777     93.613     87.445     0.1148     0.3406     4.1746     0.4847 4.0376e+00       2121     1.4722  0.000e+00
     20.294   70.83280 -163.11888     20.503     6.3356     6.3415     6.3339    31.2811    31.2840  1024.6695    24.5749    286.816    267.742  306.24968     93.654     87.440     0.1148     0.3406     4.1746     0.4847 4.0376e+00       2122     1.4729  0.000e+00
     20.325   70.83280 -163.11888     20.534     6.3397     6.3451     6.3381    31.2805    31.2845  1024.6686    24.5738    286.736    267.712  306.22157     93.637     87.438     0.1148     0.3406     4.1734     0.4859 4.0376e+00       2123     1.4736  0.000e+00
     20.386   70.83280 -163.11888     20.597     6.3432     6.3479     6.3416    31.2801    31.2850  1024.6682    24.5731    286.673    267.681  306.19743     93.624     87.434     0.1148     0.3406     4.1746     0.4847 4.0376e+00       2124     1.4743  0.000e+00
     20.348   70.83280 -163.11888     20.558     6.3458     6.3497     6.3441    31.2800    31.2856  1024.6676    24.5727    286.598    267.644  306.17923     93.605     87.426     0.1148     0.3406     4.1734     0.4859 4.0493e+00       2125     1.4750  0.000e+00
     20.386   70.83280 -163.11888     20.597     6.3482     6.3510     6.3465    31.2792    31.2862  1024.6669    24.5718    286.515    267.781  306.16410     93.582     87.473     0.1136     0.3333     4.1746     0.4847 4.0376e+00       2126     1.4757  0.000e+00
     20.386   70.83280 -163.11888     20.597     6.3496     6.3529     6.3480    31.2792    31.2865  1024.6667    24.5716    286.616    267.744  306.15396     93.618     87.465     0.1148     0.3406     4.1746     0.4847 4.0259e+00       2127     1.4764  0.000e+00
     20.463   70.83280 -163.11888     20.675     6.3511     6.3538     6.3494    31.2789    31.2869  1024.6667    24.5712    286.565    267.707  306.14399     93.605     87.455     0.1136     0.3333     4.1746     0.4847 4.0143e+00       2128     1.4771  0.000e+00
     20.440   70.83280 -163.11888     20.651     6.3521     6.3546     6.3504    31.2786    31.2870  1024.6662    24.5708    286.499    267.676  306.13800     93.585     87.447     0.1148     0.3406     4.1746     0.4847 4.0143e+00       2129     1.4778  0.000e+00
     20.440   70.83280 -163.11888     20.651     6.3532     6.3549     6.3515    31.2782    31.2875  1024.6657    24.5704    286.418    267.641  306.13092     93.561     87.436     0.1136     0.3333     4.1746     0.4847 4.0143e+00       2130     1.4785  0.000e+00
     20.517   70.83280 -163.11888     20.729     6.3535     6.3551     6.3518    31.2783    31.2876  1024.6661    24.5704    286.359    267.619  306.12854     93.542     87.430     0.1148     0.3406     4.1746     0.4847 4.0259e+00       2131     1.4792  0.000e+00
     20.494   70.83280 -163.11888     20.706     6.3540     6.3548     6.3523    31.2775    31.2880  1024.6653    24.5697    286.478    267.588  306.12663     93.582     87.419     0.1136     0.3333     4.1746     0.4847 4.0143e+00       2132     1.4799  0.000e+00
     20.556   70.83280 -163.11888     20.768     6.3535     6.3538     6.3518    31.2770    31.2880  1024.6653    24.5694    286.424    267.558  306.13137     93.563     87.407     0.1148     0.3406     4.1746     0.4847 4.0143e+00       2133     1.4806  0.000e+00
     20.517   70.83280 -163.11888     20.729     6.3530     6.3524     6.3513    31.2765    31.2889  1024.6648    24.5691    286.185    267.517  306.13567     93.483     87.392     0.1148     0.3406     4.1734     0.4859 4.0143e+00       2134     1.4813  0.000e+00
     20.556   70.83280 -163.11888     20.768     6.3519     6.3514     6.3502    31.2761    31.2894  1024.6648    24.5689    286.333    267.486  306.14457     93.529     87.380     0.1136     0.3333     4.1746     0.4847 4.0143e+00       2135     1.4819  0.000e+00
     20.610   70.83280 -163.11888     20.823     6.3506     6.3503     6.3489    31.2760    31.2894  1024.6651    24.5690    286.273    267.452  306.15425     93.506     87.366     0.1148     0.3406     4.1746     0.4847 4.0143e+00       2136     1.4826  0.000e+00
     20.579   70.83280 -163.11888     20.792     6.3496     6.3491     6.3479    31.2759    31.2897  1024.6650    24.5690    286.222    267.583  306.16146     93.487     87.407     0.1136     0.3333     4.1746     0.4847 4.0027e+00       2137     1.4833  0.000e+00
     20.610   70.83280 -163.11888     20.823     6.3487     6.3479     6.3470    31.2762    31.2898  1024.6655    24.5694    286.159    267.549  306.16720     93.465     87.394     0.1148     0.3406     4.1770     0.4824 4.0027e+00       2138     1.4840  0.000e+00
     20.672   70.83280 -163.11888     20.885     6.3474     6.3466     6.3457    31.2773    31.2905  1024.6669    24.5704    286.311    267.508  306.17401     93.512     87.378     0.1136     0.3333     4.1783     0.4812 4.0027e+00       2139     1.4847  0.000e+00
     20.633   70.83280 -163.11888     20.846     6.3463     6.3454     6.3446    31.2784    31.2909  1024.6676    24.5714    286.277    267.474  306.17961     93.500     87.365     0.1148     0.3406     4.1783     0.4812 4.0027e+00       2140     1.4854  0.000e+00
     20.672   70.83280 -163.11888     20.885     6.3452     6.3438     6.3435    31.2786    31.2915  1024.6681    24.5717    286.234    267.438  306.18715     93.484     87.350     0.1136     0.3333     4.1783     0.4812 4.0027e+00       2141     1.4861  0.000e+00
     20.725   70.83280 -163.11888     20.940     6.3439     6.3425     6.3422    31.2784    31.2924  1024.6683    24.5716    286.211    267.569  306.19666     93.473     87.391     0.1148     0.3406     4.1783     0.4812 4.0027e+00       2142     1.4868  0.000e+00
     20.749   70.83280 -163.11888     20.963     6.3421     6.3415     6.3404    31.2796    31.2923  1024.6697    24.5729    286.175    267.549  306.20642     93.458     87.382     0.1148     0.3406     4.1783     0.4812 4.0027e+00       2143     1.4875  0.000e+00
     20.671   70.83280 -163.11888     20.885     6.3411     6.3404     6.3394    31.2800    31.2931  1024.6698    24.5733    286.317    267.537  306.21273     93.502     87.377     0.1136     0.3333     4.1783     0.4812 4.0143e+00       2144     1.4882  0.000e+00
     20.787   70.83280 -163.11888     21.002     6.3400     6.3397     6.3383    31.2816    31.2941  1024.6716    24.5747    286.311    267.521  306.21687     93.499     87.371     0.1148     0.3406     4.1783     0.4812 4.0027e+00       2145     1.4889  0.000e+00
     20.749   70.83280 -163.11888     20.963     6.3392     6.3388     6.3375    31.2828    31.2953  1024.6725    24.5757    286.286    267.672  306.21983     93.490     87.419     0.1136     0.3333     4.1783     0.4812 3.9911e+00       2146     1.4896  0.000e+00
     20.841   70.83280 -163.11888     21.056     6.3385     6.3383     6.3367    31.2837    31.2959  1024.6738    24.5766    286.452    267.659  306.22318     93.543     87.414     0.1148     0.3406     4.1783     0.4812 3.9911e+00       2147     1.4903  0.000e+00
     20.803   70.83280 -163.11888     21.017     6.3381     6.3377     6.3364    31.2844    31.2967  1024.6742    24.5771    286.486    267.634  306.22425     93.554     87.405     0.1136     0.3333     4.1783     0.4812 3.9911e+00       2148     1.4910  0.000e+00
     20.841   70.83280 -163.11888     21.056     6.3373     6.3370     6.3356    31.2855    31.2976  1024.6753    24.5781    286.486    267.605  306.22746     93.553     87.395     0.1148     0.3406     4.1783     0.4812 3.9911e+00       2149     1.4917  0.000e+00
     20.841   70.83280 -163.11888     21.056     6.3368     6.3361     6.3351    31.2855    31.2985  1024.6754    24.5782    286.698    267.587  306.23078     93.622     87.388     0.1099     0.3113     4.1783     0.4812 3.9796e+00       2150     1.4924  0.000e+00
     20.864   70.83280 -163.11888     21.080     6.3357     6.3350     6.3340    31.2859    31.2987  1024.6760    24.5786    286.540    267.566  306.23780     93.568     87.379     0.1074     0.2967     4.1783     0.4812 3.9796e+00       2151     1.4931  0.000e+00
     20.895   70.83280 -163.11888     21.111     6.3351     6.3337     6.3333    31.2856    31.2991  1024.6759    24.5784    286.537    267.734  306.24329     93.565     87.431     0.1087     0.3040     4.1783     0.4812 3.9911e+00       2152     1.4937  0.000e+00
     20.895   70.83280 -163.11888     21.111     6.3335     6.3324     6.3318    31.2859    31.2998  1024.6764    24.5789    286.725    267.736  306.25378     93.623     87.430     0.1074     0.2967     4.1783     0.4812 3.9911e+00       2153     1.4944  0.000e+00
     20.980   70.83280 -163.11888     21.197     6.3324     6.3315     6.3306    31.2858    31.2998  1024.6768    24.5789    286.733    267.751  306.26196     93.623     87.433     0.1087     0.3040     4.1783     0.4812 3.9911e+00       2154     1.4951  0.000e+00
     20.895   70.83280 -163.11888     21.111     6.3310     6.3304     6.3293    31.2863    31.2997  1024.6770    24.5795    286.753    267.933  306.27015     93.627     87.490     0.1074     0.2967     4.1783     0.4812 3.9911e+00       2155     1.4958  0.000e+00
     21.011   70.83280 -163.11888     21.228     6.3293     6.3293     6.3276    31.2865    31.2998  1024.6779    24.5798    286.773    267.956  306.28213     93.630     87.495     0.1087     0.3040     4.1783     0.4812 3.9796e+00       2156     1.4965  0.000e+00
     20.980   70.83280 -163.11888     21.197     6.3280     6.3277     6.3263    31.2855    31.3000  1024.6771    24.5792    286.944    267.969  306.29377     93.683     87.496     0.1074     0.2967     4.1783     0.4812 3.9796e+00       2157     1.4972  0.000e+00
     21.011   70.83280 -163.11888     21.228     6.3259     6.3256     6.3242    31.2851    31.3000  1024.6772    24.5792    286.970    267.982  306.30940     93.686     87.497     0.1074     0.2967     4.1819     0.4777 3.9796e+00       2158     1.4979  0.000e+00
     21.072   70.83280 -163.11888     21.290     6.3234     6.3229     6.3216    31.2854    31.3004  1024.6781    24.5798    286.987    268.189  306.32679     93.687     87.559     0.1074     0.2967     4.1832     0.4765 3.9796e+00       2159     1.4986  0.000e+00
     21.034   70.83280 -163.11888     21.251     6.3211     6.3202     6.3194    31.2854    31.3004  1024.6781    24.5800    287.016    268.404  306.34287     93.691     87.623     0.1087     0.3040     4.1832     0.4765 3.9796e+00       2160     1.4993  0.000e+00
     21.072   70.83280 -163.11888     21.290     6.3188     6.3173     6.3171    31.2851    31.3002  1024.6783    24.5800    287.235    268.457  306.35989     93.757     87.635     0.1087     0.3040     4.1832     0.4765 3.9681e+00       2161     1.5000  0.000e+00
     21.011   70.83280 -163.11888     21.228     6.3165     6.3149     6.3147    31.2846    31.3006  1024.6780    24.5800    287.075    268.671  306.37790     93.700     87.700     0.1074     0.2967     4.1832     0.4765 3.9681e+00       2162     1.5007  0.000e+00
     21.150   70.83280 -163.11888     21.368     6.3138     6.3120     6.3120    31.2845    31.3011  1024.6789    24.5802    287.083    268.729  306.39734     93.696     87.713     0.1087     0.3040     4.1832     0.4765 3.9681e+00       2163     1.5014  0.000e+00
     21.180   70.83280 -163.11888     21.399     6.3110     6.3089     6.3093    31.2833    31.3006  1024.6784    24.5796    287.303    268.778  306.41964     93.761     87.722     0.1074     0.2967     4.1832     0.4765 3.9566e+00       2164     1.5021  0.000e+00
     21.149   70.83280 -163.11888     21.368     6.3075     6.3052     6.3058    31.2832    31.3005  1024.6786    24.5800    287.346    269.015  306.44479     93.768     87.792     0.1087     0.3040     4.1832     0.4765 3.9681e+00       2165     1.5028  0.000e+00
     21.180   70.83280 -163.11888     21.399     6.3043     6.3014     6.3026    31.2829    31.3007  1024.6789    24.5801    287.379    269.087  306.46830     93.771     87.808     0.1074     0.2967     4.1832     0.4765 3.9681e+00       2166     1.5035  0.000e+00
     21.180   70.83280 -163.11888     21.399     6.3010     6.2976     6.2992    31.2832    31.3003  1024.6795    24.5807    287.400    269.329  306.49170     93.771     87.879     0.1087     0.3040     4.1832     0.4765 3.9566e+00       2167     1.5042  0.000e+00
     21.203   70.83280 -163.11888     21.423     6.2973     6.2943     6.2955    31.2830    31.3005  1024.6800    24.5810    287.416    269.418  306.51854     93.768     87.901     0.1074     0.2967     4.1832     0.4765 3.9681e+00       2168     1.5049  0.000e+00
     21.242   70.83280 -163.11888     21.461     6.2934     6.2908     6.2917    31.2828    31.3007  1024.6805    24.5814    287.422    269.500  306.54609     93.761     87.921     0.1074     0.2967     4.1832     0.4765 3.9566e+00       2169     1.5056  0.000e+00
     21.242   70.83280 -163.11888     21.461     6.2897     6.2871     6.2880    31.2827    31.3010  1024.6809    24.5817    287.416    269.573  306.57283     93.751     87.938     0.1099     0.3113     4.1832     0.4765 3.9566e+00       2170     1.5063  0.000e+00
     21.265   70.83280 -163.11888     21.485     6.2862     6.2838     6.2845    31.2826    31.3011  1024.6813    24.5820    287.427    269.814  306.59824     93.747     88.010     0.1074     0.2967     4.1832     0.4765 3.9681e+00       2171     1.5069  0.000e+00
     21.296   70.83280 -163.11888     21.516     6.2822     6.2799     6.2805    31.2836    31.3019  1024.6827    24.5833    287.431    269.890  306.62461     93.740     88.027     0.1087     0.3040     4.1832     0.4765 3.9796e+00       2172     1.5076  0.000e+00
     21.358   70.83280 -163.11888     21.578     6.2789     6.2768     6.2771    31.2835    31.3018  1024.6834    24.5837    287.621    270.132  306.64862     93.795     88.099     0.1074     0.2967     4.1832     0.4765 3.9681e+00       2173     1.5083  0.000e+00
