EcoFOCI/data/1_SampleCollection/2023_SikuliaqDBO_CruiseData/CTD_raw_BottleFile_SKQ23-12S/proc/skq202312s_047.cnv
* Sea-Bird SBE 9 Data File:
* FileName = D:\CTD\SKQ202312S\SKQ202312S_047.hex
* Software Version Seasave V 7.26.7.121
* Temperature SN = 6177
* Conductivity SN = 0369
* Number of Bytes Per Scan = 41
* Number of Voltage Words = 4
* Number of Scans Averaged by the Deck Unit = 1
* NMEA Latitude = 71 43.16 N
* NMEA Longitude = 161 46.33 W
* NMEA UTC (Time) = Sep 25 2023  03:05:57
* NMEA baud rate = 4800
** Ship: R/V Sikuliaq
** Station Number: 047
** Station Name: DBO4.5n
** Bottom Depth: 44
** Operator: SS
# nquan = 24
# nvalues = 4426                                  
# units = specified
# name 0 = depSM: Depth [salt water, m]
# name 1 = latitude: Latitude [deg]
# name 2 = longitude: Longitude [deg]
# name 3 = prDM: Pressure, Digiquartz [db]
# name 4 = t090C: Temperature [ITS-90, deg C]
# name 5 = t190C: Temperature, 2 [ITS-90, deg C]
# name 6 = potemp090C: Potential Temperature [ITS-90, deg C]
# name 7 = sal00: Salinity, Practical [PSU]
# name 8 = sal11: Salinity, Practical, 2 [PSU]
# name 9 = density00: Density [density, kg/m^3]
# name 10 = sigma-é00: Density [sigma-theta, kg/m^3]
# name 11 = sbox0Mm/Kg: Oxygen, SBE 43 [umol/kg]
# name 12 = sbox1Mm/Kg: Oxygen, SBE 43, 2 [umol/kg]
# name 13 = oxsolMm/Kg: Oxygen Saturation, Garcia & Gordon [umol/kg]
# name 14 = sbeox0PS: Oxygen, SBE 43 [% saturation]
# name 15 = sbeox1PS: Oxygen, SBE 43, 2 [% saturation]
# name 16 = v0: Voltage 0
# name 17 = flECO-AFL: Fluorescence, WET Labs ECO-AFL/FL [mg/m^3]
# name 18 = v1: Voltage 1
# name 19 = CStarAt0: Beam Attenuation, WET Labs C-Star [1/m]
# name 20 = par: PAR/Irradiance, Biospherical/Licor
# name 21 = scan: Scan Count
# name 22 = timeM: Time, Elapsed [minutes]
# name 23 = flag:  0.000e+00
# span 0 =      2.553,     37.926                 
# span 1 =   71.71928,   71.71930                 
# span 2 = -161.77234, -161.77228                 
# span 3 =      2.579,     38.322                 
# span 4 =    -0.7205,     2.3194                 
# span 5 =    -0.7210,     2.3200                 
# span 6 =    -0.7210,     2.3189                 
# span 7 =    27.6069,    32.6544                 
# span 8 =    27.6335,    32.6662                 
# span 9 =  1022.0875,  1026.4219                 
# span 10 =    22.0579,    26.2392                
# span 11 =    288.827,    473.490                
# span 12 =    274.424,    447.819                
# span 13 =  345.07783,  361.78480                
# span 14 =     80.082,    130.885                
# span 15 =     76.082,    123.792                
# span 16 =     0.0952,     0.4554                
# span 17 =     0.2234,     2.3846                
# span 18 =     2.8278,     4.1722                
# span 19 =     0.4871,     2.0433                
# span 20 = 3.9846e-02, 3.9281e+01                
# span 21 =          1,       4426                
# span 22 =     0.0000,     3.0729                
# span 23 = 0.0000e+00, 0.0000e+00                
# interval = seconds: 0.0416667
# start_time = Sep 25 2023 03:09:44 [NMEA time, first data scan]
# bad_flag = -9.990e-29
*END*
[from data line 1570]
     10.438   71.71930 -161.77232     10.546     2.3029     2.3082     2.3025    28.0185    28.0277  1022.4142    22.3641    338.106    322.605  346.12775     97.682     93.223     0.1343     0.4579     4.1661     0.4929 1.4201e+01       1571     1.0903  0.000e+00
     10.354   71.71930 -161.77232     10.461     2.3035     2.3091     2.3030    28.0191    28.0283  1022.4143    22.3645    338.136    322.379  346.12148     97.693     93.160     0.1294     0.4286     4.1648     0.4941 1.4201e+01       1572     1.0910  0.000e+00
     10.438   71.71930 -161.77232     10.546     2.3042     2.3098     2.3037    28.0199    28.0289  1022.4153    22.3652    338.405    322.349  346.11308     97.773     93.154     0.1209     0.3773     4.1661     0.4929 1.4201e+01       1573     1.0917  0.000e+00
     10.438   71.71930 -161.77232     10.546     2.3049     2.3106     2.3044    28.0208    28.0292  1022.4160    22.3659    338.249    322.318  346.10438     97.730     93.147     0.1148     0.3406     4.1648     0.4941 1.4161e+01       1574     1.0924  0.000e+00
     10.438   71.71930 -161.77232     10.546     2.3056     2.3113     2.3051    28.0214    28.0294  1022.4164    22.3663    338.481    322.293  346.09668     97.799     93.141     0.1172     0.3553     4.1648     0.4941 1.4161e+01       1575     1.0931  0.000e+00
     10.438   71.71930 -161.77232     10.546     2.3065     2.3125     2.3060    28.0222    28.0300  1022.4170    22.3669    338.557    322.292  346.08703     97.824     93.144     0.1160     0.3480     4.1648     0.4941 1.4161e+01       1576     1.0938  0.000e+00
     10.492   71.71930 -161.77232     10.601     2.3073     2.3133     2.3069    28.0224    28.0305  1022.4174    22.3670    338.369    322.276  346.07895     97.772     93.142     0.1172     0.3553     4.1648     0.4941 1.4161e+01       1577     1.0944  0.000e+00
     10.438   71.71930 -161.77232     10.546     2.3083     2.3137     2.3079    28.0230    28.0310  1022.4175    22.3674    338.407    322.084  346.06839     97.786     93.088     0.1160     0.3480     4.1648     0.4941 1.4161e+01       1578     1.0951  0.000e+00
     10.492   71.71930 -161.77232     10.601     2.3092     2.3147     2.3088    28.0233    28.0313  1022.4179    22.3676    338.646    322.258  346.06000     97.858     93.141     0.1172     0.3553     4.1648     0.4941 1.4161e+01       1579     1.0958  0.000e+00
     10.492   71.71930 -161.77232     10.601     2.3101     2.3156     2.3097    28.0236    28.0316  1022.4181    22.3677    338.460    322.049  346.05120     97.806     93.082     0.1148     0.3406     4.1648     0.4941 1.4161e+01       1580     1.0965  0.000e+00
     10.523   71.71930 -161.77232     10.632     2.3107     2.3163     2.3102    28.0241    28.0318  1022.4186    22.3681    338.472    322.029  346.04508     97.812     93.078     0.1172     0.3553     4.1648     0.4941 1.4121e+01       1581     1.0972  0.000e+00
     10.492   71.71930 -161.77232     10.601     2.3114     2.3166     2.3109    28.0245    28.0323  1022.4188    22.3684    338.712    321.988  346.03783     97.883     93.068     0.1172     0.3553     4.1648     0.4941 1.4121e+01       1582     1.0979  0.000e+00
     10.546   71.71930 -161.77232     10.655     2.3122     2.3171     2.3117    28.0246    28.0327  1022.4191    22.3684    338.763    321.981  346.03039     97.900     93.067     0.1172     0.3553     4.1648     0.4941 1.4121e+01       1583     1.0986  0.000e+00
     10.492   71.71930 -161.77232     10.601     2.3128     2.3176     2.3124    28.0250    28.0331  1022.4191    22.3687    338.810    321.973  346.02376     97.915     93.066     0.1172     0.3553     4.1648     0.4941 1.4081e+01       1584     1.0993  0.000e+00
     10.546   71.71930 -161.77232     10.655     2.3135     2.3180     2.3130    28.0252    28.0336  1022.4195    22.3688    338.632    321.949  346.01747     97.866     93.061     0.1160     0.3480     4.1648     0.4941 1.4081e+01       1585     1.1000  0.000e+00
     10.546   71.71930 -161.77232     10.655     2.3139     2.3182     2.3135    28.0256    28.0341  1022.4197    22.3691    338.647    321.956  346.01270     97.871     93.063     0.1172     0.3553     4.1648     0.4941 1.4081e+01       1586     1.1007  0.000e+00
     10.546   71.71930 -161.77232     10.655     2.3148     2.3187     2.3144    28.0257    28.0340  1022.4198    22.3691    338.851    321.966  346.00419     97.933     93.067     0.1160     0.3480     4.1648     0.4941 1.4081e+01       1587     1.1014  0.000e+00
     10.608   71.71930 -161.77232     10.718     2.3152     2.3189     2.3147    28.0262    28.0341  1022.4204    22.3695    338.868    321.985  346.00020     97.939     93.074     0.1172     0.3553     4.1636     0.4953 1.4041e+01       1588     1.1021  0.000e+00
     10.523   71.71930 -161.77232     10.632     2.3158     2.3190     2.3154    28.0262    28.0346  1022.4200    22.3695    338.915    322.004  345.99442     97.954     93.080     0.1172     0.3553     4.1600     0.4988 1.4041e+01       1589     1.1028  0.000e+00
     10.608   71.71930 -161.77232     10.718     2.3162     2.3194     2.3158    28.0265    28.0349  1022.4206    22.3697    338.970    322.033  345.98986     97.971     93.089     0.1172     0.3553     4.1587     0.5000 1.4041e+01       1590     1.1035  0.000e+00
     10.608   71.71930 -161.77232     10.718     2.3166     2.3194     2.3161    28.0271    28.0357  1022.4211    22.3701    339.022    321.860  345.98539     97.987     93.040     0.1172     0.3553     4.1587     0.5000 1.4001e+01       1591     1.1042  0.000e+00
     10.608   71.71930 -161.77232     10.718     2.3171     2.3196     2.3166    28.0271    28.0363  1022.4211    22.3701    339.074    321.848  345.98107     98.004     93.037     0.1160     0.3480     4.1600     0.4988 1.4041e+01       1592     1.1049  0.000e+00
     10.546   71.71930 -161.77232     10.655     2.3174     2.3199     2.3169    28.0273    28.0363  1022.4209    22.3702    339.085    321.864  345.97781     98.008     93.042     0.1172     0.3553     4.1600     0.4988 1.4001e+01       1593     1.1056  0.000e+00
     10.662   71.71930 -161.77232     10.772     2.3178     2.3197     2.3174    28.0274    28.0366  1022.4215    22.3703    338.872    321.871  345.97368     97.947     93.045     0.1160     0.3480     4.1600     0.4988 1.4001e+01       1594     1.1063  0.000e+00
     10.608   71.71930 -161.77232     10.718     2.3183     2.3197     2.3178    28.0273    28.0367  1022.4211    22.3702    338.843    321.876  345.96978     97.940     93.046     0.1172     0.3553     4.1600     0.4988 1.3962e+01       1595     1.1069  0.000e+00
     10.608   71.71930 -161.77232     10.718     2.3183     2.3197     2.3178    28.0279    28.0371  1022.4216    22.3707    339.049    321.862  345.96810     98.000     93.042     0.1172     0.3553     4.1600     0.4988 1.3962e+01       1596     1.1076  0.000e+00
     10.638   71.71930 -161.77232     10.749     2.3183     2.3197     2.3178    28.0285    28.0373  1022.4222    22.3711    338.833    321.853  345.96655     97.938     93.040     0.1160     0.3480     4.1600     0.4988 1.3962e+01       1597     1.1083  0.000e+00
     10.662   71.71930 -161.77232     10.772     2.3186     2.3199     2.3182    28.0284    28.0373  1022.4223    22.3711    339.037    321.848  345.96380     97.998     93.039     0.1123     0.3260     4.1600     0.4988 1.3962e+01       1598     1.1090  0.000e+00
     10.608   71.71930 -161.77232     10.717     2.3188     2.3199     2.3183    28.0288    28.0378  1022.4223    22.3713    339.045    321.663  345.96149     98.001     92.986     0.1074     0.2967     4.1600     0.4988 1.3962e+01       1599     1.1097  0.000e+00
     10.723   71.71930 -161.77232     10.834     2.3189     2.3200     2.3184    28.0290    28.0381  1022.4230    22.3715    339.060    321.672  345.96005     98.005     92.989     0.1074     0.2967     4.1600     0.4988 1.3962e+01       1600     1.1104  0.000e+00
     10.608   71.71930 -161.77232     10.717     2.3188     2.3199     2.3183    28.0290    28.0384  1022.4224    22.3715    339.065    321.680  345.96100     98.007     92.991     0.1074     0.2967     4.1587     0.5000 1.3962e+01       1601     1.1111  0.000e+00
     10.662   71.71930 -161.77232     10.772     2.3191     2.3199     2.3186    28.0290    28.0383  1022.4227    22.3715    338.612    321.881  345.95853     97.877     93.049     0.1074     0.2967     4.1600     0.4988 1.3922e+01       1602     1.1118  0.000e+00
     10.662   71.71930 -161.77232     10.772     2.3191     2.3196     2.3187    28.0293    28.0386  1022.4230    22.3718    338.775    321.699  345.95719     97.924     92.996     0.1074     0.2967     4.1600     0.4988 1.3922e+01       1603     1.1125  0.000e+00
     10.723   71.71930 -161.77232     10.834     2.3192     2.3194     2.3188    28.0296    28.0385  1022.4235    22.3720    338.978    321.705  345.95548     97.983     92.997     0.1074     0.2967     4.1600     0.4988 1.3922e+01       1604     1.1132  0.000e+00
     10.638   71.71930 -161.77232     10.749     2.3192     2.3194     2.3188    28.0298    28.0388  1022.4232    22.3721    338.981    321.708  345.95508     97.984     92.998     0.1087     0.3040     4.1600     0.4988 1.3883e+01       1605     1.1139  0.000e+00
     10.723   71.71930 -161.77232     10.834     2.3191     2.3194     2.3186    28.0297    28.0391  1022.4235    22.3720    338.993    321.929  345.95673     97.987     93.062     0.1074     0.2967     4.1587     0.5000 1.3883e+01       1606     1.1146  0.000e+00
     10.661   71.71930 -161.77232     10.772     2.3192     2.3196     2.3188    28.0297    28.0394  1022.4232    22.3720    338.993    321.965  345.95531     97.988     93.073     0.1074     0.2967     4.1600     0.4988 1.3883e+01       1607     1.1153  0.000e+00
     10.723   71.71930 -161.77232     10.834     2.3194     2.3192     2.3189    28.0298    28.0400  1022.4236    22.3721    338.998    321.808  345.95365     97.989     93.028     0.1074     0.2967     4.1587     0.5000 1.3883e+01       1608     1.1160  0.000e+00
     10.661   71.71930 -161.77232     10.772     2.3192     2.3191     2.3188    28.0304    28.0402  1022.4238    22.3726    338.766    321.832  345.95352     97.923     93.034     0.1074     0.2967     4.1538     0.5047 1.3843e+01       1609     1.1167  0.000e+00
     10.723   71.71930 -161.77232     10.834     2.3192     2.3191     2.3188    28.0305    28.0404  1022.4242    22.3727    338.733    321.840  345.95320     97.913     93.036     0.1074     0.2967     4.1514     0.5070 1.3843e+01       1610     1.1174  0.000e+00
     10.723   71.71930 -161.77232     10.834     2.3192     2.3185     2.3188    28.0305    28.0413  1022.4242    22.3727    338.926    321.852  345.95320     97.969     93.039     0.1074     0.2967     4.1514     0.5070 1.3804e+01       1611     1.1181  0.000e+00
     10.723   71.71930 -161.77232     10.834     2.3191     2.3187     2.3187    28.0304    28.0412  1022.4241    22.3726    338.928    321.864  345.95449     97.969     93.043     0.1087     0.3040     4.1514     0.5070 1.3804e+01       1612     1.1187  0.000e+00
     10.692   71.71930 -161.77232     10.803     2.3189     2.3187     2.3184    28.0305    28.0409  1022.4241    22.3727    338.887    321.881  345.95595     97.957     93.048     0.1074     0.2967     4.1526     0.5058 1.3804e+01       1613     1.1194  0.000e+00
     10.723   71.71930 -161.77232     10.834     2.3191     2.3183     2.3187    28.0301    28.0407  1022.4239    22.3724    338.883    321.881  345.95509     97.956     93.047     0.1087     0.3040     4.1514     0.5070 1.3804e+01       1614     1.1201  0.000e+00
     10.723   71.71930 -161.77232     10.834     2.3192     2.3182     2.3188    28.0300    28.0398  1022.4238    22.3723    338.876    321.884  345.95449     97.954     93.047     0.1074     0.2967     4.1514     0.5070 1.3765e+01       1615     1.1208  0.000e+00
     10.723   71.71930 -161.77232     10.834     2.3188     2.3179     2.3183    28.0304    28.0388  1022.4241    22.3726    338.871    321.917  345.95728     97.952     93.055     0.1074     0.2967     4.1514     0.5070 1.3765e+01       1616     1.1215  0.000e+00
     10.723   71.71930 -161.77232     10.834     2.3187     2.3179     2.3183    28.0299    28.0388  1022.4237    22.3722    338.903    321.923  345.95911     97.960     93.057     0.1074     0.2967     4.1514     0.5070 1.3765e+01       1617     1.1222  0.000e+00
     10.723   71.71930 -161.77232     10.834     2.3186     2.3182     2.3182    28.0298    28.0384  1022.4236    22.3721    338.895    321.931  345.96031     97.958     93.059     0.1074     0.2967     4.1514     0.5070 1.3765e+01       1618     1.1229  0.000e+00
     10.723   71.71930 -161.77232     10.834     2.3185     2.3180     2.3180    28.0288    28.0382  1022.4229    22.3714    338.888    321.945  345.96432     97.955     93.063     0.1087     0.3040     4.1514     0.5070 1.3726e+01       1619     1.1236  0.000e+00
     10.723   71.71930 -161.77232     10.834     2.3178     2.3179     2.3174    28.0274    28.0379  1022.4218    22.3703    338.885    321.988  345.97356     97.951     93.075     0.1074     0.2967     4.1514     0.5070 1.3765e+01       1620     1.1243  0.000e+00
     10.754   71.71930 -161.77232     10.865     2.3175     2.3172     2.3170    28.0238    28.0383  1022.4191    22.3675    338.425    322.013  345.98600     97.815     93.081     0.1087     0.3040     4.1514     0.5070 1.3726e+01       1621     1.1250  0.000e+00
     10.723   71.71930 -161.77232     10.834     2.3166     2.3173     2.3161    28.0189    28.0380  1022.4150    22.3636    338.856    322.035  346.00715     97.933     93.087     0.1074     0.2967     4.1514     0.5070 1.3726e+01       1622     1.1257  0.000e+00
     10.723   71.71930 -161.77232     10.834     2.3148     2.3174     2.3144    28.0144    28.0379  1022.4116    22.3601    338.872    322.060  346.03416     97.930     93.094     0.1111     0.3187     4.1514     0.5070 1.3726e+01       1623     1.1264  0.000e+00
     10.777   71.71930 -161.77232     10.888     2.3128     2.3169     2.3124    28.0114    28.0380  1022.4096    22.3578    338.697    321.889  346.05972     97.872     93.044     0.1148     0.3406     4.1526     0.5058 1.3726e+01       1624     1.1271  0.000e+00
     10.723   71.71930 -161.77232     10.834     2.3111     2.3168     2.3106    28.0089    28.0379  1022.4074    22.3559    338.707    321.896  346.08151     97.869     93.046     0.1172     0.3553     4.1514     0.5070 1.3726e+01       1625     1.1278  0.000e+00
     10.723   71.71930 -161.77232     10.834     2.3092     2.3165     2.3087    28.0048    28.0379  1022.4043    22.3528    338.687    321.911  346.10878     97.856     93.049     0.1160     0.3480     4.1514     0.5070 1.3726e+01       1626     1.1285  0.000e+00
     10.777   71.71930 -161.77232     10.888     2.3070     2.3160     2.3065    28.0005    28.0379  1022.4013    22.3495    338.674    322.114  346.13961     97.843     93.107     0.1172     0.3553     4.1514     0.5070 1.3726e+01       1627     1.1292  0.000e+00
     10.723   71.71930 -161.77232     10.834     2.3049     2.3163     2.3044    27.9992    28.0376  1022.4001    22.3486    338.916    321.947  346.16147     97.907     93.059     0.1172     0.3553     4.1514     0.5070 1.3687e+01       1628     1.1299  0.000e+00
     10.754   71.71930 -161.77232     10.865     2.3028     2.3161     2.3023    28.0005    28.0380  1022.4014    22.3498    338.924    321.946  346.17671     97.905     93.059     0.1160     0.3480     4.1490     0.5094 1.3687e+01       1629     1.1306  0.000e+00
     10.777   71.71930 -161.77232     10.888     2.3006     2.3166     2.3001    28.0025    28.0376  1022.4033    22.3515    338.698    321.943  346.19074     97.836     93.059     0.1172     0.3553     4.1477     0.5105 1.3687e+01       1630     1.1313  0.000e+00
