EcoFOCI/data/1_SampleCollection/2023_SikuliaqDBO_CruiseData/CTD_raw_BottleFile_SKQ23-12S/proc/skq202312s_054.cnv
* Sea-Bird SBE 9 Data File:
* FileName = D:\CTD\SKQ202312S\SKQ202312S_054.hex
* Software Version Seasave V 7.26.7.121
* Temperature SN = 6177
* Conductivity SN = 0369
* Number of Bytes Per Scan = 41
* Number of Voltage Words = 4
* Number of Scans Averaged by the Deck Unit = 1
* NMEA Latitude = 70 58.30 N
* NMEA Longitude = 163 33.99 W
* NMEA UTC (Time) = Sep 27 2023  02:24:07
* NMEA baud rate = 4800
** Ship: R/V Sikuliaq
** Station Number: 054
** Station Name: IC8
** Bottom Depth: 45
** Operator: SD
# nquan = 24
# nvalues = 6945                                  
# units = specified
# name 0 = depSM: Depth [salt water, m]
# name 1 = latitude: Latitude [deg]
# name 2 = longitude: Longitude [deg]
# name 3 = prDM: Pressure, Digiquartz [db]
# name 4 = t090C: Temperature [ITS-90, deg C]
# name 5 = t190C: Temperature, 2 [ITS-90, deg C]
# name 6 = potemp090C: Potential Temperature [ITS-90, deg C]
# name 7 = sal00: Salinity, Practical [PSU]
# name 8 = sal11: Salinity, Practical, 2 [PSU]
# name 9 = density00: Density [density, kg/m^3]
# name 10 = sigma-é00: Density [sigma-theta, kg/m^3]
# name 11 = sbox0Mm/Kg: Oxygen, SBE 43 [umol/kg]
# name 12 = sbox1Mm/Kg: Oxygen, SBE 43, 2 [umol/kg]
# name 13 = oxsolMm/Kg: Oxygen Saturation, Garcia & Gordon [umol/kg]
# name 14 = sbeox0PS: Oxygen, SBE 43 [% saturation]
# name 15 = sbeox1PS: Oxygen, SBE 43, 2 [% saturation]
# name 16 = v0: Voltage 0
# name 17 = flECO-AFL: Fluorescence, WET Labs ECO-AFL/FL [mg/m^3]
# name 18 = v1: Voltage 1
# name 19 = CStarAt0: Beam Attenuation, WET Labs C-Star [1/m]
# name 20 = par: PAR/Irradiance, Biospherical/Licor
# name 21 = scan: Scan Count
# name 22 = timeM: Time, Elapsed [minutes]
# name 23 = flag:  0.000e+00
# span 0 =      2.676,     39.987                 
# span 1 =   70.97168,   70.97176                 
# span 2 = -163.56664, -163.56640                 
# span 3 =      2.704,     40.402                 
# span 4 =     1.6889,     4.6633                 
# span 5 =     1.6896,     4.6648                 
# span 6 =     1.6871,     4.6627                 
# span 7 =    30.3487,    32.1085                 
# span 8 =    30.3599,    32.1232                 
# span 9 =  1024.0436,  1025.8545                 
# span 10 =    24.0307,    25.6767                
# span 11 =    291.324,    334.793                
# span 12 =    274.905,    313.976                
# span 13 =  320.54221,  340.76345                
# span 14 =     85.519,     99.374                
# span 15 =     80.684,     93.241                
# span 16 =     0.0940,     0.1758                
# span 17 =     0.2161,     0.7069                
# span 18 =     2.4811,     4.1929                
# span 19 =     0.4672,     2.5668                
# span 20 = 1.0000e-12, 6.7289e+01                
# span 21 =          1,       6945                
# span 22 =     0.0000,     4.8222                
# span 23 = 0.0000e+00, 0.0000e+00                
# interval = seconds: 0.0416667
# start_time = Sep 27 2023 02:28:34 [NMEA time, first data scan]
# bad_flag = -9.990e-29
*END*
[from data line 2657]
     25.044   70.97176 -163.56640     25.303     3.5402     3.5301     3.5387    31.1599    31.1978  1024.8936    24.7748    311.148    294.118  327.69729     94.950     89.756     0.1270     0.4139     4.1905     0.4695 2.6774e+00       2658     1.8451  0.000e+00
     24.983   70.97176 -163.56640     25.241     3.5248     3.5155     3.5233    31.1671    31.2044  1024.9004    24.7820    311.304    294.187  327.80357     94.967     89.750     0.1282     0.4212     4.1905     0.4695 2.6774e+00       2659     1.8458  0.000e+00
     25.006   70.97176 -163.56640     25.264     3.5085     3.4998     3.5070    31.1754    31.2122  1024.9086    24.7900    311.691    294.448  327.91379     95.053     89.800     0.1282     0.4212     4.1905     0.4695 2.6695e+00       2660     1.8465  0.000e+00
     25.044   70.97176 -163.56640     25.303     3.4910     3.4833     3.4895    31.1822    31.2209  1024.9157    24.7970    311.704    294.357  328.03810     95.021     89.742     0.1270     0.4139     4.1905     0.4695 2.6617e+00       2661     1.8472  0.000e+00
     25.060   70.97176 -163.56640     25.319     3.4705     3.4641     3.4691    31.1857    31.2294  1024.9204    24.8015    312.155    294.664  328.19429     95.113     89.799     0.1245     0.3993     4.1905     0.4695 2.6617e+00       2662     1.8479  0.000e+00
     25.098   70.97176 -163.56640     25.358     3.4438     3.4412     3.4423    31.1928    31.2399  1024.9286    24.8095    312.264    294.639  328.39283     95.088     89.748     0.1221     0.3846     4.1905     0.4695 2.6539e+00       2663     1.8486  0.000e+00
     25.060   70.97176 -163.56640     25.319     3.4124     3.4176     3.4110    31.2058    31.2505  1024.9415    24.8226    312.766    294.800  328.61346     95.177     89.752     0.1233     0.3919     4.1905     0.4695 2.6461e+00       2664     1.8493  0.000e+00
     25.160   70.97176 -163.56640     25.420     3.3811     3.3948     3.3797    31.2260    31.2610  1024.9608    24.8414    313.081    294.969  328.81661     95.214     89.761     0.1221     0.3846     4.1905     0.4695 2.6383e+00       2665     1.8500  0.000e+00
     25.121   70.97176 -163.56640     25.381     3.3584     3.3769     3.3570    31.2422    31.2694  1024.9755    24.8563    313.114    295.110  328.95970     95.183     89.769     0.1233     0.3919     4.1905     0.4695 2.6306e+00       2666     1.8507  0.000e+00
     25.160   70.97176 -163.56640     25.420     3.3402     3.3621     3.3387    31.2513    31.2756  1024.9845    24.8652    313.319    295.221  329.08494     95.209     89.775     0.1221     0.3846     4.1905     0.4695 2.6152e+00       2667     1.8514  0.000e+00
     25.160   70.97176 -163.56640     25.420     3.3202     3.3384     3.3187    31.2608    31.2902  1024.9938    24.8744    313.725    295.198  329.22368     95.292     89.725     0.1233     0.3919     4.1905     0.4695 2.6075e+00       2668     1.8521  0.000e+00
     25.175   70.97176 -163.56640     25.436     3.3016     3.3138     3.3002    31.2690    31.3023  1025.0020    24.8826    313.981    295.565  329.35367     95.332     89.790     0.1233     0.3919     4.1917     0.4684 2.5922e+00       2669     1.8528  0.000e+00
     25.214   70.97176 -163.56640     25.475     3.2786     3.2895     3.2772    31.2809    31.3141  1025.0137    24.8941    314.201    295.574  329.51073     95.354     89.748     0.1221     0.3846     4.1905     0.4695 2.5469e+00       2670     1.8535  0.000e+00
     25.237   70.97176 -163.56640     25.498     3.2565     3.2682     3.2550    31.2951    31.3244  1025.0271    24.9073    314.447    295.745  329.65502     95.387     89.759     0.1233     0.3919     4.1905     0.4695 2.5245e+00       2671     1.8542  0.000e+00
     25.214   70.97176 -163.56640     25.475     3.2380     3.2472     3.2366    31.3076    31.3358  1025.0385    24.9188    314.668    295.919  329.77395     95.419     89.773     0.1221     0.3846     4.1917     0.4684 2.5245e+00       2672     1.8549  0.000e+00
     25.291   70.97176 -163.56640     25.553     3.2213     3.2272     3.2199    31.3193    31.3478  1025.0496    24.9295    314.884    296.098  329.88057     95.454     89.792     0.1233     0.3919     4.1917     0.4684 2.5023e+00       2673     1.8556  0.000e+00
     25.214   70.97176 -163.56640     25.475     3.2073     3.2093     3.2059    31.3299    31.3590  1025.0588    24.9391    315.078    296.243  329.96847     95.487     89.804     0.1221     0.3846     4.1929     0.4672 2.4876e+00       2674     1.8563  0.000e+00
     25.329   70.97176 -163.56640     25.592     3.1963     3.1944     3.1949    31.3381    31.3675  1025.0669    24.9466    315.226    296.387  330.03739     95.512     89.820     0.1233     0.3919     4.1917     0.4684 2.4876e+00       2675     1.8569  0.000e+00
     25.291   70.97176 -163.56640     25.553     3.1877     3.1847     3.1862    31.3445    31.3726  1025.0726    24.9525    315.137    296.500  330.09183     95.470     89.836     0.1221     0.3846     4.1917     0.4684 2.4949e+00       2676     1.8576  0.000e+00
     25.329   70.97176 -163.56640     25.592     3.1793     3.1764     3.1779    31.3508    31.3773  1025.0785    24.9582    315.455    296.592  330.14436     95.551     89.849     0.1233     0.3919     4.1917     0.4684 2.5023e+00       2677     1.8583  0.000e+00
     25.345   70.97176 -163.56640     25.607     3.1724     3.1699     3.1710    31.3555    31.3810  1025.0829    24.9625    315.582    296.655  330.18881     95.576     89.856     0.1245     0.3993     4.1917     0.4684 2.5023e+00       2678     1.8590  0.000e+00
     25.383   70.97176 -163.56640     25.646     3.1667     3.1653     3.1653    31.3602    31.3843  1025.0873    24.9668    315.920    296.735  330.22313     95.669     89.872     0.1221     0.3846     4.1917     0.4684 2.5171e+00       2679     1.8597  0.000e+00
     25.345   70.97176 -163.56640     25.607     3.1617     3.1611     3.1602    31.3643    31.3869  1025.0908    24.9704    315.852    296.819  330.25429     95.639     89.890     0.1233     0.3919     4.1917     0.4684 2.5319e+00       2680     1.8604  0.000e+00
     25.383   70.97176 -163.56640     25.646     3.1568     3.1563     3.1554    31.3681    31.3904  1025.0944    24.9739    315.971    296.699  330.28443     95.666     89.845     0.1221     0.3846     4.1917     0.4684 2.5319e+00       2681     1.8611  0.000e+00
     25.407   70.97176 -163.56640     25.669     3.1524     3.1522     3.1510    31.3716    31.3934  1025.0977    24.9771    316.054    296.754  330.31131     95.684     89.855     0.1233     0.3919     4.1929     0.4672 2.5319e+00       2682     1.8618  0.000e+00
     25.445   70.97176 -163.56640     25.708     3.1480     3.1483     3.1466    31.3762    31.3963  1025.1020    24.9811    316.136    296.818  330.33595     95.701     89.868     0.1221     0.3846     4.1917     0.4684 2.5319e+00       2683     1.8625  0.000e+00
     25.445   70.97176 -163.56640     25.708     3.1443     3.1439     3.1428    31.3803    31.3999  1025.1055    24.9846    316.213    296.891  330.35638     95.719     89.882     0.1233     0.3919     4.1917     0.4684 2.5319e+00       2684     1.8632  0.000e+00
     25.460   70.97176 -163.56640     25.724     3.1413     3.1413     3.1398    31.3834    31.4020  1025.1083    24.9874    316.070    296.962  330.37284     95.671     89.900     0.1221     0.3846     4.1929     0.4672 2.5319e+00       2685     1.8639  0.000e+00
     25.445   70.97176 -163.56640     25.708     3.1383     3.1387     3.1368    31.3863    31.4046  1025.1108    24.9900    316.112    297.015  330.39005     95.678     89.912     0.1233     0.3919     4.1917     0.4684 2.5319e+00       2686     1.8646  0.000e+00
     25.522   70.97176 -163.56640     25.786     3.1358     3.1355     3.1343    31.3886    31.4073  1025.1132    24.9920    316.122    297.108  330.40483     95.677     89.935     0.1209     0.3773     4.1917     0.4684 2.5319e+00       2687     1.8653  0.000e+00
     25.499   70.97176 -163.56640     25.763     3.1339     3.1327     3.1325    31.3893    31.4103  1025.1138    24.9927    316.345    297.177  330.41827     95.741     89.952     0.1209     0.3773     4.1929     0.4672 2.5394e+00       2688     1.8660  0.000e+00
     25.522   70.97176 -163.56640     25.786     3.1315     3.1297     3.1301    31.3907    31.4141  1025.1152    24.9940    316.172    297.257  330.43454     95.684     89.971     0.1209     0.3773     4.1917     0.4684 2.5544e+00       2689     1.8667  0.000e+00
     25.499   70.97176 -163.56640     25.763     3.1291     3.1262     3.1277    31.3921    31.4174  1025.1164    24.9953    316.182    297.152  330.45024     95.682     89.934     0.1197     0.3699     4.1917     0.4684 2.5544e+00       2690     1.8674  0.000e+00
     25.576   70.97176 -163.56640     25.841     3.1270     3.1229     3.1255    31.3959    31.4208  1025.1200    24.9986    316.189    297.206  330.45855     95.682     89.945     0.1209     0.3773     4.1917     0.4684 2.5619e+00       2691     1.8681  0.000e+00
     25.561   70.97176 -163.56640     25.825     3.1248     3.1192     3.1233    31.3991    31.4246  1025.1227    25.0013    316.196    297.267  330.46842     95.681     89.958     0.1197     0.3699     4.1893     0.4707 2.5770e+00       2692     1.8687  0.000e+00
     25.615   70.97176 -163.56640     25.880     3.1219     3.1158     3.1205    31.4024    31.4276  1025.1258    25.0041    316.177    297.313  330.48334     95.671     89.967     0.1197     0.3699     4.1856     0.4742 2.5770e+00       2693     1.8694  0.000e+00
     25.576   70.97176 -163.56640     25.841     3.1192     3.1137     3.1178    31.4056    31.4298  1025.1284    25.0069    315.934    297.354  330.49752     95.593     89.976     0.1197     0.3699     4.1844     0.4754 2.5770e+00       2694     1.8701  0.000e+00
     25.676   70.97176 -163.56640     25.942     3.1168     3.1113     3.1153    31.4080    31.4330  1025.1310    25.0091    315.918    297.407  330.51153     95.584     89.989     0.1209     0.3773     4.1844     0.4754 2.5770e+00       2695     1.8708  0.000e+00
     25.638   70.97176 -163.56640     25.903     3.1144     3.1090     3.1130    31.4112    31.4356  1025.1336    25.0118    315.641    297.658  330.52278     95.498     90.061     0.1197     0.3699     4.1844     0.4754 2.5770e+00       2696     1.8715  0.000e+00
     25.676   70.97176 -163.56640     25.942     3.1117     3.1065     3.1103    31.4149    31.4387  1025.1370    25.0150    315.774    297.549  330.53528     95.534     90.025     0.1197     0.3699     4.1844     0.4754 2.5770e+00       2697     1.8722  0.000e+00
     25.638   70.97176 -163.56640     25.903     3.1091     3.1053     3.1076    31.4182    31.4398  1025.1396    25.0179    315.759    297.587  330.54887     95.526     90.035     0.1209     0.3773     4.1844     0.4754 2.5846e+00       2698     1.8729  0.000e+00
     25.730   70.97176 -163.56640     25.997     3.1067     3.1043     3.1053    31.4208    31.4403  1025.1423    25.0201    315.751    297.635  330.56157     95.520     90.047     0.1197     0.3699     4.1844     0.4754 2.5922e+00       2699     1.8736  0.000e+00
     25.692   70.97176 -163.56640     25.958     3.1044     3.1032     3.1029    31.4229    31.4414  1025.1440    25.0220    315.742    297.684  330.57549     95.513     90.060     0.1209     0.3773     4.1844     0.4754 2.5922e+00       2700     1.8743  0.000e+00
     25.730   70.97176 -163.56640     25.997     3.1025     3.1009     3.1010    31.4245    31.4438  1025.1456    25.0234    315.918    297.748  330.58685     95.563     90.076     0.1197     0.3699     4.1844     0.4754 2.5922e+00       2701     1.8750  0.000e+00
     25.746   70.97176 -163.56640     26.012     3.1002     3.0982     3.0987    31.4262    31.4463  1025.1473    25.0250    315.695    297.796  330.60123     95.491     90.086     0.1197     0.3699     4.1844     0.4754 2.5922e+00       2702     1.8757  0.000e+00
     25.730   70.97176 -163.56640     25.997     3.0963     3.0934     3.0949    31.4301    31.4504  1025.1506    25.0284    315.664    297.666  330.62307     95.475     90.039     0.1197     0.3699     4.1844     0.4754 2.5922e+00       2703     1.8764  0.000e+00
     25.784   70.97176 -163.56640     26.051     3.0905     3.0880     3.0891    31.4368    31.4552  1025.1567    25.0342    315.866    297.721  330.65397     95.528     90.047     0.1209     0.3773     4.1844     0.4754 2.5846e+00       2704     1.8771  0.000e+00
     25.807   70.97176 -163.56640     26.074     3.0843     3.0807     3.0828    31.4428    31.4629  1025.1622    25.0396    315.889    297.766  330.68985     95.524     90.050     0.1197     0.3699     4.1844     0.4754 2.5770e+00       2705     1.8778  0.000e+00
     25.784   70.97176 -163.56640     26.051     3.0772     3.0739     3.0758    31.4496    31.4705  1025.1681    25.0456    315.952    297.809  330.73058     95.532     90.053     0.1209     0.3773     4.1844     0.4754 2.5770e+00       2706     1.8785  0.000e+00
     25.861   70.97176 -163.56640     26.129     3.0704     3.0683     3.0689    31.4554    31.4760  1025.1736    25.0508    315.985    297.832  330.77200     95.529     90.051     0.1197     0.3699     4.1844     0.4754 2.5619e+00       2707     1.8792  0.000e+00
     25.846   70.97176 -163.56640     26.113     3.0646     3.0626     3.0632    31.4603    31.4814  1025.1779    25.0551    316.006    297.662  330.80658     95.526     89.990     0.1209     0.3773     4.1844     0.4754 2.5469e+00       2708     1.8799  0.000e+00
     25.861   70.97176 -163.56640     26.129     3.0589     3.0561     3.0574    31.4655    31.4873  1025.1827    25.0598    316.283    297.699  330.84072     95.600     89.991     0.1209     0.3773     4.1844     0.4754 2.5469e+00       2709     1.8806  0.000e+00
     25.846   70.97176 -163.56640     26.113     3.0540     3.0497     3.0526    31.4707    31.4926  1025.1871    25.0643    316.330    297.913  330.86731     95.606     90.045     0.1197     0.3699     4.1844     0.4754 2.5394e+00       2710     1.8813  0.000e+00
     25.923   70.97176 -163.56640     26.191     3.0498     3.0445     3.0483    31.4739    31.4974  1025.1904    25.0672    316.416    297.977  330.89424     95.625     90.056     0.1209     0.3773     4.1844     0.4754 2.5245e+00       2711     1.8819  0.000e+00
     25.900   70.97176 -163.56640     26.168     3.0449     3.0388     3.0435    31.4769    31.5021  1025.1931    25.0700    316.468    298.022  330.92659     95.631     90.060     0.1209     0.3773     4.1844     0.4754 2.5171e+00       2712     1.8826  0.000e+00
     25.923   70.97176 -163.56640     26.191     3.0402     3.0332     3.0387    31.4810    31.5057  1025.1968    25.0737    316.552    298.074  330.95482     95.648     90.066     0.1233     0.3919     4.1819     0.4777 2.5245e+00       2713     1.8833  0.000e+00
     25.961   70.97176 -163.56640     26.230     3.0355     3.0288     3.0340    31.4838    31.5093  1025.1997    25.0763    316.859    298.120  330.98635     95.732     90.073     0.1233     0.3919     4.1807     0.4789 2.5245e+00       2714     1.8840  0.000e+00
     26.015   70.97176 -163.56640     26.285     3.0306     3.0257     3.0292    31.4872    31.5109  1025.2030    25.0794    317.164    298.165  331.01774     95.815     90.081     0.1245     0.3993     4.1807     0.4789 2.5319e+00       2715     1.8847  0.000e+00
     25.977   70.97176 -163.56640     26.246     3.0266     3.0232     3.0252    31.4905    31.5129  1025.2058    25.0824    317.269    298.204  331.04240     95.839     90.088     0.1233     0.3919     4.1807     0.4789 2.5319e+00       2716     1.8854  0.000e+00
