EcoFOCI/data/1_SampleCollection/2023_SikuliaqDBO_CruiseData/CTD_raw_BottleFile_SKQ23-12S/proc/skq202312s_038.cnv
* Sea-Bird SBE 9 Data File:
* FileName = D:\CTD\SKQ202312S\SKQ202312S_038.hex
* Software Version Seasave V 7.26.7.121
* Temperature SN = 6177
* Conductivity SN = 0369
* Number of Bytes Per Scan = 41
* Number of Voltage Words = 4
* Number of Scans Averaged by the Deck Unit = 1
* NMEA Latitude = 71 15.45 N
* NMEA Longitude = 160 27.73 W
* NMEA UTC (Time) = Sep 23 2023  10:47:29
* NMEA baud rate = 4800
** Ship: R/V Sikuliaq
** Station Number: 038
** Station Name: DBO4.1na
** Bottom Depth: 51
** Operator: SS
# nquan = 24
# nvalues = 4735                                  
# units = specified
# name 0 = depSM: Depth [salt water, m]
# name 1 = latitude: Latitude [deg]
# name 2 = longitude: Longitude [deg]
# name 3 = prDM: Pressure, Digiquartz [db]
# name 4 = t090C: Temperature [ITS-90, deg C]
# name 5 = t190C: Temperature, 2 [ITS-90, deg C]
# name 6 = potemp090C: Potential Temperature [ITS-90, deg C]
# name 7 = sal00: Salinity, Practical [PSU]
# name 8 = sal11: Salinity, Practical, 2 [PSU]
# name 9 = density00: Density [density, kg/m^3]
# name 10 = sigma-é00: Density [sigma-theta, kg/m^3]
# name 11 = sbox0Mm/Kg: Oxygen, SBE 43 [umol/kg]
# name 12 = sbox1Mm/Kg: Oxygen, SBE 43, 2 [umol/kg]
# name 13 = oxsolMm/Kg: Oxygen Saturation, Garcia & Gordon [umol/kg]
# name 14 = sbeox0PS: Oxygen, SBE 43 [% saturation]
# name 15 = sbeox1PS: Oxygen, SBE 43, 2 [% saturation]
# name 16 = v0: Voltage 0
# name 17 = flECO-AFL: Fluorescence, WET Labs ECO-AFL/FL [mg/m^3]
# name 18 = v1: Voltage 1
# name 19 = CStarAt0: Beam Attenuation, WET Labs C-Star [1/m]
# name 20 = par: PAR/Irradiance, Biospherical/Licor
# name 21 = scan: Scan Count
# name 22 = timeM: Time, Elapsed [minutes]
# name 23 = flag:  0.000e+00
# span 0 =      1.549,     46.173                 
# span 1 =   71.25746,   71.25746                 
# span 2 = -160.46242, -160.46232                 
# span 3 =      1.565,     46.654                 
# span 4 =    -1.6715,     2.4743                 
# span 5 =    -1.6700,     2.4754                 
# span 6 =    -1.6722,     2.4739                 
# span 7 =    27.5998,    32.6456                 
# span 8 =    27.6107,    32.6568                 
# span 9 =  1022.0312,  1026.4888                 
# span 10 =    22.0192,    26.2638                
# span 11 =    253.566,    482.884                
# span 12 =    240.163,    458.493                
# span 13 =  345.56869,  370.51856                
# span 14 =     68.437,    131.008                
# span 15 =     64.827,    124.397                
# span 16 =     0.0794,     0.2051                
# span 17 =     0.1282,     0.8828                
# span 18 =     3.2808,     4.1917                
# span 19 =     0.4684,     1.4487                
# span 20 = 1.0000e-12, 1.2737e+00                
# span 21 =          1,       4735                
# span 22 =     0.0000,     3.2875                
# span 23 = 0.0000e+00, 0.0000e+00                
# interval = seconds: 0.0416667
# start_time = Sep 23 2023 10:50:45 [NMEA time, first data scan]
# bad_flag = -9.990e-29
*END*
[from data line 906]
      5.762   71.25746 -160.46238      5.822     2.4691     2.4693     2.4689    27.6060    27.6149  1022.0518    22.0241    339.149    322.408  345.76152     98.088     93.253     0.1783     0.7216     4.0733     0.5830 1.3766e-01        907     0.6292  0.000e+00
      5.762   71.25746 -160.46238      5.821     2.4690     2.4695     2.4688    27.6060    27.6155  1022.0517    22.0241    339.152    322.401  345.76251     98.088     93.251     0.1795     0.7289     4.0745     0.5818 1.3196e-01        908     0.6299  0.000e+00
      5.762   71.25746 -160.46238      5.821     2.4690     2.4695     2.4687    27.6062    27.6155  1022.0519    22.0242    339.153    322.422  345.76246     98.088     93.258     0.1783     0.7216     4.0745     0.5818 1.2985e-01        909     0.6306  0.000e+00
      5.816   71.25746 -160.46238      5.876     2.4691     2.4696     2.4689    27.6061    27.6153  1022.0521    22.0242    339.195    322.421  345.76129     98.101     93.257     0.1795     0.7289     4.0733     0.5830 1.2365e-01        910     0.6312  0.000e+00
      5.762   71.25746 -160.46238      5.821     2.4693     2.4695     2.4690    27.6060    27.6157  1022.0517    22.0241    339.233    322.441  345.76018     98.112     93.263     0.1783     0.7216     4.0733     0.5830 9.6061e-02        911     0.6319  0.000e+00
      5.816   71.25746 -160.46238      5.876     2.4691     2.4695     2.4689    27.6065    27.6157  1022.0524    22.0245    339.241    322.467  345.76031     98.114     93.271     0.1783     0.7216     4.0733     0.5830 8.4895e-02        912     0.6326  0.000e+00
      5.878   71.25746 -160.46238      5.938     2.4693     2.4697     2.4690    27.6062    27.6154  1022.0525    22.0242    339.057    322.467  345.75954     98.061     93.271     0.1770     0.7143     4.0745     0.5818 8.5468e-02        913     0.6333  0.000e+00
      5.816   71.25746 -160.46238      5.876     2.4693     2.4696     2.4690    27.6060    27.6156  1022.0520    22.0241    339.254    322.464  345.76015     98.118     93.270     0.1783     0.7216     4.0733     0.5830 9.4857e-02        914     0.6340  0.000e+00
      5.816   71.25746 -160.46238      5.876     2.4693     2.4696     2.4690    27.6065    27.6154  1022.0524    22.0245    339.032    322.463  345.75877     98.054     93.270     0.1795     0.7289     4.0733     0.5830 9.9713e-02        915     0.6347  0.000e+00
      5.878   71.25746 -160.46238      5.938     2.4694     2.4697     2.4692    27.6058    27.6153  1022.0521    22.0239    339.236    322.489  345.75927     98.113     93.277     0.1783     0.7216     4.0745     0.5818 1.0094e-01        916     0.6354  0.000e+00
      5.816   71.25746 -160.46238      5.876     2.4693     2.4697     2.4690    27.6059    27.6152  1022.0519    22.0240    339.244    322.487  345.76044     98.115     93.277     0.1783     0.7216     4.0745     0.5818 1.4422e-01        917     0.6361  0.000e+00
      5.878   71.25746 -160.46238      5.938     2.4693     2.4697     2.4690    27.6059    27.6152  1022.0522    22.0240    339.256    322.490  345.76032     98.119     93.277     0.1783     0.7216     4.0745     0.5818 1.7634e-01        918     0.6368  0.000e+00
      5.878   71.25746 -160.46238      5.938     2.4691     2.4697     2.4689    27.6063    27.6156  1022.0525    22.0243    339.266    322.489  345.76088     98.122     93.277     0.1783     0.7216     4.0745     0.5818 1.8135e-01        919     0.6375  0.000e+00
      5.877   71.25746 -160.46238      5.938     2.4693     2.4701     2.4690    27.6065    27.6155  1022.0527    22.0245    339.044    322.486  345.75875     98.058     93.277     0.1783     0.7216     4.0733     0.5830 1.5943e-01        920     0.6382  0.000e+00
      5.877   71.25746 -160.46238      5.938     2.4693     2.4701     2.4690    27.6069    27.6155  1022.0530    22.0248    339.246    322.486  345.75787     98.117     93.277     0.1783     0.7216     4.0733     0.5830 1.4349e-01        921     0.6389  0.000e+00
      5.931   71.25746 -160.46238      5.993     2.4693     2.4702     2.4691    27.6065    27.6155  1022.0529    22.0245    339.259    322.487  345.75837     98.120     93.278     0.1795     0.7289     4.0745     0.5818 1.4129e-01        922     0.6396  0.000e+00
      5.931   71.25746 -160.46238      5.993     2.4694     2.4702     2.4692    27.6064    27.6158  1022.0529    22.0244    339.269    322.486  345.75758     98.123     93.278     0.1783     0.7216     4.0745     0.5818 1.3337e-01        923     0.6403  0.000e+00
      5.931   71.25746 -160.46238      5.993     2.4694     2.4707     2.4692    27.6065    27.6157  1022.0529    22.0245    339.280    322.482  345.75738     98.127     93.278     0.1795     0.7289     4.0745     0.5818 1.2433e-01        924     0.6410  0.000e+00
      5.931   71.25746 -160.46238      5.993     2.4696     2.4709     2.4693    27.6064    27.6156  1022.0528    22.0243    339.060    322.480  345.75634     98.063     93.278     0.1783     0.7216     4.0745     0.5818 1.2161e-01        925     0.6417  0.000e+00
      5.931   71.25746 -160.46238      5.993     2.4694     2.4710     2.4692    27.6067    27.6153  1022.0531    22.0246    339.036    322.480  345.75689     98.056     93.278     0.1795     0.7289     4.0745     0.5818 1.2570e-01        926     0.6424  0.000e+00
      5.931   71.25746 -160.46238      5.993     2.4694     2.4710     2.4692    27.6064    27.6158  1022.0528    22.0244    338.974    322.479  345.75768     98.038     93.278     0.1783     0.7216     4.0745     0.5818 1.3055e-01        927     0.6431  0.000e+00
      5.931   71.25746 -160.46238      5.992     2.4693     2.4712     2.4690    27.6068    27.6155  1022.0531    22.0247    338.952    322.503  345.75813     98.031     93.285     0.1783     0.7216     4.0745     0.5818 1.3196e-01        928     0.6438  0.000e+00
      5.993   71.25746 -160.46238      6.055     2.4694     2.4710     2.4692    27.6069    27.6159  1022.0536    22.0248    339.160    322.507  345.75628     98.092     93.286     0.1795     0.7289     4.0733     0.5830 1.3055e-01        929     0.6444  0.000e+00
      5.931   71.25746 -160.46238      5.992     2.4696     2.4710     2.4693    27.6067    27.6163  1022.0531    22.0246    338.943    322.505  345.75555     98.030     93.286     0.1783     0.7216     4.0733     0.5830 1.2501e-01        930     0.6451  0.000e+00
      5.993   71.25746 -160.46238      6.055     2.4696     2.4713     2.4693    27.6069    27.6161  1022.0536    22.0248    339.154    322.481  345.75485     98.091     93.279     0.1795     0.7289     4.0745     0.5818 1.2297e-01        931     0.6458  0.000e+00
      5.993   71.25746 -160.46238      6.055     2.4698     2.4713     2.4695    27.6071    27.6164  1022.0537    22.0249    338.939    322.480  345.75292     98.029     93.279     0.1832     0.7509     4.0733     0.5830 1.2026e-01        932     0.6465  0.000e+00
      5.993   71.25746 -160.46238      6.055     2.4698     2.4713     2.4695    27.6072    27.6167  1022.0538    22.0250    338.920    322.480  345.75272     98.024     93.279     0.1868     0.7729     4.0733     0.5830 1.0848e-01        933     0.6472  0.000e+00
      5.993   71.25746 -160.46238      6.055     2.4698     2.4713     2.4695    27.6072    27.6167  1022.0538    22.0250    338.635    322.479  345.75272     97.941     93.279     0.1856     0.7656     4.0745     0.5818 1.0405e-01        934     0.6479  0.000e+00
      5.993   71.25746 -160.46238      6.055     2.4698     2.4713     2.4695    27.6074    27.6167  1022.0539    22.0251    338.811    322.479  345.75233     97.992     93.279     0.1856     0.7656     4.0757     0.5806 1.0405e-01        935     0.6486  0.000e+00
      6.047   71.25746 -160.46238      6.109     2.4699     2.4712     2.4697    27.6073    27.6166  1022.0541    22.0250    338.798    322.483  345.75115     97.989     93.280     0.1868     0.7729     4.0757     0.5806 1.0784e-01        936     0.6493  0.000e+00
      6.047   71.25746 -160.46238      6.109     2.4700     2.4713     2.4698    27.6072    27.6164  1022.0540    22.0249    338.784    322.508  345.75046     97.985     93.287     0.1856     0.7656     4.0757     0.5806 1.0912e-01        937     0.6500  0.000e+00
      5.993   71.25746 -160.46238      6.055     2.4700     2.4715     2.4698    27.6070    27.6162  1022.0536    22.0248    339.230    322.505  345.75088     98.114     93.287     0.1868     0.7729     4.0757     0.5806 1.0976e-01        938     0.6507  0.000e+00
      6.047   71.25746 -160.46238      6.109     2.4699     2.4713     2.4697    27.6070    27.6162  1022.0539    22.0249    338.837    322.510  345.75174     98.000     93.288     0.1856     0.7656     4.0757     0.5806 1.1169e-01        939     0.6514  0.000e+00
      6.047   71.25746 -160.46238      6.109     2.4700     2.4713     2.4698    27.6067    27.6163  1022.0536    22.0246    339.056    322.511  345.75163     98.063     93.288     0.1856     0.7656     4.0757     0.5806 1.1364e-01        940     0.6521  0.000e+00
      6.047   71.25746 -160.46238      6.109     2.4700     2.4713     2.4698    27.6069    27.6159  1022.0537    22.0247    339.043    322.513  345.75124     98.060     93.288     0.1856     0.7656     4.0757     0.5806 1.1364e-01        941     0.6528  0.000e+00
      5.993   71.25746 -160.46238      6.055     2.4700     2.4715     2.4698    27.6070    27.6160  1022.0536    22.0248    338.836    322.510  345.75098     98.000     93.288     0.1856     0.7656     4.0757     0.5806 1.1561e-01        942     0.6535  0.000e+00
      6.108   71.25746 -160.46238      6.171     2.4699     2.4712     2.4697    27.6070    27.6165  1022.0542    22.0248    339.060    322.517  345.75182     98.065     93.290     0.1868     0.7729     4.0757     0.5806 1.1627e-01        943     0.6542  0.000e+00
      6.047   71.25746 -160.46238      6.109     2.4700     2.4713     2.4698    27.6070    27.6164  1022.0538    22.0248    339.083    322.515  345.75104     98.071     93.289     0.1856     0.7656     4.0757     0.5806 1.1627e-01        944     0.6549  0.000e+00
      6.077   71.25746 -160.46238      6.140     2.4700     2.4715     2.4698    27.6066    27.6162  1022.0536    22.0245    339.112    322.516  345.75206     98.080     93.290     0.1856     0.7656     4.0757     0.5806 9.9713e-02        945     0.6556  0.000e+00
      6.108   71.25746 -160.46238      6.171     2.4699     2.4716     2.4697    27.6069    27.6164  1022.0540    22.0247    338.911    322.516  345.75221     98.021     93.290     0.1856     0.7656     4.0757     0.5806 8.3186e-02        946     0.6563  0.000e+00
      6.047   71.25746 -160.46238      6.109     2.4702     2.4715     2.4699    27.6066    27.6168  1022.0535    22.0245    338.858    322.515  345.75059     98.006     93.290     0.1856     0.7656     4.0757     0.5806 7.9253e-02        947     0.6569  0.000e+00
      6.108   71.25746 -160.46238      6.171     2.4699     2.4716     2.4697    27.6069    27.6165  1022.0541    22.0248    338.853    322.493  345.75202     98.005     93.284     0.1856     0.7656     4.0757     0.5806 8.5468e-02        948     0.6576  0.000e+00
      6.108   71.25746 -160.46238      6.171     2.4702     2.4716     2.4699    27.6066    27.6164  1022.0538    22.0244    339.073    322.468  345.75066     98.069     93.276     0.1856     0.7656     4.0757     0.5806 9.3660e-02        949     0.6583  0.000e+00
      6.108   71.25746 -160.46238      6.171     2.4701     2.4715     2.4698    27.6068    27.6169  1022.0540    22.0246    338.874    322.672  345.75097     98.011     93.335     0.1868     0.7729     4.0757     0.5806 9.6061e-02        950     0.6590  0.000e+00
      6.108   71.25746 -160.46238      6.171     2.4700     2.4715     2.4698    27.6069    27.6166  1022.0541    22.0247    339.097    322.490  345.75112     98.075     93.283     0.1856     0.7656     4.0757     0.5806 1.0218e-01        951     0.6597  0.000e+00
      6.108   71.25746 -160.46238      6.171     2.4700     2.4715     2.4698    27.6069    27.6165  1022.0540    22.0247    339.128    322.488  345.75122     98.084     93.282     0.1868     0.7729     4.0757     0.5806 1.1826e-01        952     0.6604  0.000e+00
      6.162   71.25746 -160.46238      6.226     2.4700     2.4712     2.4698    27.6070    27.6170  1022.0544    22.0248    339.161    322.490  345.75080     98.094     93.282     0.1856     0.7656     4.0757     0.5806 1.2433e-01        953     0.6611  0.000e+00
      6.162   71.25746 -160.46238      6.226     2.4700     2.4715     2.4698    27.6068    27.6166  1022.0542    22.0246    338.964    322.512  345.75158     98.037     93.289     0.1856     0.7656     4.0757     0.5806 1.2229e-01        954     0.6618  0.000e+00
      6.108   71.25746 -160.46238      6.171     2.4702     2.4715     2.4699    27.6067    27.6169  1022.0539    22.0246    338.955    322.507  345.75027     98.035     93.288     0.1844     0.7582     4.0757     0.5806 1.1759e-01        955     0.6625  0.000e+00
      6.162   71.25746 -160.46238      6.226     2.4700     2.4715     2.4698    27.6072    27.6168  1022.0546    22.0250    339.184    322.509  345.75031     98.101     93.288     0.1856     0.7656     4.0757     0.5806 1.1627e-01        956     0.6632  0.000e+00
      6.108   71.25746 -160.46238      6.171     2.4700     2.4716     2.4698    27.6074    27.6168  1022.0545    22.0251    339.216    322.504  345.74985     98.110     93.287     0.1856     0.7656     4.0757     0.5806 1.1299e-01        957     0.6639  0.000e+00
      6.162   71.25746 -160.46238      6.226     2.4704     2.4715     2.4701    27.6073    27.6172  1022.0546    22.0250    339.250    322.506  345.74733     98.121     93.288     0.1819     0.7436     4.0757     0.5806 9.5458e-02        958     0.6646  0.000e+00
      6.216   71.25746 -160.46238      6.280     2.4702     2.4715     2.4699    27.6073    27.6173  1022.0548    22.0250    339.288    322.302  345.74884     98.131     93.229     0.1832     0.7509     4.0757     0.5806 8.7776e-02        959     0.6653  0.000e+00
      6.162   71.25746 -160.46238      6.226     2.4702     2.4715     2.4699    27.6074    27.6173  1022.0547    22.0251    339.320    322.275  345.74838     98.141     93.221     0.1819     0.7436     4.0757     0.5806 8.7776e-02        960     0.6660  0.000e+00
      6.216   71.25746 -160.46238      6.280     2.4700     2.4716     2.4698    27.6074    27.6174  1022.0550    22.0251    339.129    322.458  345.74988     98.085     93.274     0.1832     0.7509     4.0757     0.5806 9.1287e-02        961     0.6667  0.000e+00
      6.162   71.25746 -160.46238      6.225     2.4700     2.4716     2.4698    27.6072    27.6177  1022.0545    22.0249    339.316    322.251  345.75050     98.139     93.214     0.1819     0.7436     4.0757     0.5806 9.2470e-02        962     0.6674  0.000e+00
      6.216   71.25746 -160.46238      6.280     2.4704     2.4716     2.4701    27.6068    27.6180  1022.0545    22.0246    339.350    322.435  345.74858     98.149     93.268     0.1819     0.7436     4.0757     0.5806 9.3064e-02        963     0.6681  0.000e+00
      6.162   71.25746 -160.46238      6.225     2.4701     2.4719     2.4698    27.6074    27.6182  1022.0547    22.0252    339.344    322.432  345.74927     98.147     93.268     0.1832     0.7509     4.0757     0.5806 1.2708e-01        964     0.6687  0.000e+00
      6.216   71.25746 -160.46238      6.280     2.4704     2.4718     2.4701    27.6075    27.6187  1022.0550    22.0252    339.147    322.436  345.74681     98.091     93.269     0.1819     0.7436     4.0757     0.5806 1.5478e-01        965     0.6694  0.000e+00
      6.216   71.25746 -160.46238      6.280     2.4700     2.4718     2.4698    27.6078    27.6190  1022.0553    22.0255    339.376    322.232  345.74871     98.157     93.210     0.1832     0.7509     4.0757     0.5806 1.5943e-01        966     0.6701  0.000e+00
