EcoFOCI/data/1_SampleCollection/2023_SikuliaqDBO_CruiseData/CTD_raw_BottleFile_SKQ23-12S/proc/skq202312s_006svp.cnv
* Sea-Bird SBE 9 Data File:
* FileName = D:\CTD\SKQ202312S\SKQ202312S_006.hex
* Software Version Seasave V 7.26.7.121
* Temperature SN = 6177
* Conductivity SN = 0369
* Number of Bytes Per Scan = 41
* Number of Voltage Words = 4
* Number of Scans Averaged by the Deck Unit = 1
* NMEA Latitude = 62 28.06 N
* NMEA Longitude = 174 05.08 W
* NMEA UTC (Time) = Sep 16 2023  02:34:40
* NMEA baud rate = 4800
** Ship: R/V Sikuliaq
** Station Number: 006
** Station Name: DBO1.5
** Bottom Depth: 68
** Operator: SD
# nquan = 7
# nvalues = 5525                                  
# units = specified
# name 0 = depSM: Depth [salt water, m]
# name 1 = latitude: Latitude [deg]
# name 2 = longitude: Longitude [deg]
# name 3 = t090C: Temperature [ITS-90, deg C]
# name 4 = sal00: Salinity, Practical [PSU]
# name 5 = svCM: Sound Velocity [Chen-Millero, m/s]
# name 6 = flag:  0.000e+00
# span 0 =      1.209,     62.412                 
# span 1 =   62.46776,   62.46776                 
# span 2 = -174.08478, -174.08474                 
# span 3 =    -1.5161,     7.8093                 
# span 4 =    30.8752,    31.9264                 
# span 5 =    1438.25,    1476.78                 
# span 6 = 0.0000e+00, 0.0000e+00                 
# interval = seconds: 0.0416667
# start_time = Sep 16 2023 02:39:43 [NMEA time, first data scan]
# bad_flag = -9.990e-29
*END*
[from data line 206]
      1.842   62.46776 -174.08474     7.7811    30.9277    1476.62  0.000e+00
      1.780   62.46776 -174.08474     7.7803    30.9283    1476.62  0.000e+00
      1.780   62.46776 -174.08474     7.7790    30.9297    1476.62  0.000e+00
      1.780   62.46776 -174.08474     7.7774    30.9310    1476.61  0.000e+00
      1.780   62.46776 -174.08474     7.7759    30.9321    1476.61  0.000e+00
      1.842   62.46776 -174.08474     7.7777    30.9307    1476.61  0.000e+00
      1.780   62.46776 -174.08474     7.7795    30.9290    1476.62  0.000e+00
      1.780   62.46776 -174.08474     7.7804    30.9286    1476.62  0.000e+00
      1.780   62.46776 -174.08474     7.7808    30.9279    1476.62  0.000e+00
      1.842   62.46776 -174.08474     7.7808    30.9278    1476.62  0.000e+00
      1.780   62.46776 -174.08474     7.7786    30.9296    1476.62  0.000e+00
      1.780   62.46776 -174.08474     7.7774    30.9308    1476.61  0.000e+00
      1.780   62.46776 -174.08474     7.7767    30.9311    1476.61  0.000e+00
      1.780   62.46776 -174.08474     7.7756    30.9322    1476.61  0.000e+00
      1.841   62.46776 -174.08474     7.7751    30.9327    1476.61  0.000e+00
      1.780   62.46776 -174.08474     7.7748    30.9326    1476.60  0.000e+00
      1.780   62.46776 -174.08474     7.7746    30.9327    1476.60  0.000e+00
      1.780   62.46776 -174.08474     7.7758    30.9316    1476.61  0.000e+00
      1.780   62.46776 -174.08474     7.7764    30.9312    1476.61  0.000e+00
      1.841   62.46776 -174.08474     7.7766    30.9311    1476.61  0.000e+00
      1.780   62.46776 -174.08474     7.7774    30.9300    1476.61  0.000e+00
      1.780   62.46776 -174.08474     7.7774    30.9301    1476.61  0.000e+00
      1.780   62.46776 -174.08474     7.7771    30.9302    1476.61  0.000e+00
      1.780   62.46776 -174.08474     7.7766    30.9306    1476.61  0.000e+00
      1.726   62.46776 -174.08474     7.7758    30.9313    1476.61  0.000e+00
      1.841   62.46776 -174.08474     7.7750    30.9320    1476.61  0.000e+00
      1.780   62.46776 -174.08474     7.7743    30.9324    1476.60  0.000e+00
      1.780   62.46776 -174.08474     7.7745    30.9322    1476.60  0.000e+00
      1.726   62.46776 -174.08474     7.7748    30.9319    1476.60  0.000e+00
      1.780   62.46776 -174.08474     7.7748    30.9317    1476.60  0.000e+00
      1.780   62.46776 -174.08474     7.7745    30.9321    1476.60  0.000e+00
      1.780   62.46776 -174.08474     7.7740    30.9324    1476.60  0.000e+00
      1.726   62.46776 -174.08474     7.7738    30.9331    1476.60  0.000e+00
      1.780   62.46776 -174.08474     7.7741    30.9328    1476.60  0.000e+00
      1.780   62.46776 -174.08474     7.7754    30.9320    1476.61  0.000e+00
      1.780   62.46776 -174.08474     7.7766    30.9309    1476.61  0.000e+00
      1.726   62.46776 -174.08474     7.7771    30.9305    1476.61  0.000e+00
      1.780   62.46776 -174.08474     7.7772    30.9303    1476.61  0.000e+00
      1.726   62.46776 -174.08474     7.7771    30.9303    1476.61  0.000e+00
      1.780   62.46776 -174.08474     7.7767    30.9304    1476.61  0.000e+00
      1.780   62.46776 -174.08474     7.7761    30.9312    1476.61  0.000e+00
      1.726   62.46776 -174.08474     7.7758    30.9314    1476.61  0.000e+00
      1.780   62.46776 -174.08474     7.7761    30.9311    1476.61  0.000e+00
      1.695   62.46776 -174.08474     7.7772    30.9300    1476.61  0.000e+00
      1.841   62.46776 -174.08474     7.7800    30.9279    1476.62  0.000e+00
      1.726   62.46776 -174.08474     7.7808    30.9272    1476.62  0.000e+00
      1.780   62.46776 -174.08474     7.7803    30.9272    1476.62  0.000e+00
      1.780   62.46776 -174.08474     7.7809    30.9270    1476.62  0.000e+00
      1.780   62.46776 -174.08474     7.7816    30.9259    1476.62  0.000e+00
      1.780   62.46776 -174.08474     7.7824    30.9257    1476.62  0.000e+00
      1.726   62.46776 -174.08474     7.7834    30.9252    1476.63  0.000e+00
      1.780   62.46776 -174.08474     7.7825    30.9260    1476.63  0.000e+00
      1.780   62.46776 -174.08474     7.7796    30.9285    1476.62  0.000e+00
      1.780   62.46776 -174.08474     7.7774    30.9302    1476.61  0.000e+00
      1.780   62.46776 -174.08474     7.7767    30.9311    1476.61  0.000e+00
      1.841   62.46776 -174.08474     7.7762    30.9315    1476.61  0.000e+00
      1.726   62.46776 -174.08474     7.7754    30.9322    1476.61  0.000e+00
      1.841   62.46776 -174.08474     7.7748    30.9329    1476.61  0.000e+00
      1.780   62.46776 -174.08474     7.7756    30.9324    1476.61  0.000e+00
      1.780   62.46776 -174.08474     7.7776    30.9312    1476.61  0.000e+00
      1.841   62.46776 -174.08474     7.7832    30.9271    1476.63  0.000e+00
      1.780   62.46776 -174.08474     7.7871    30.9236    1476.64  0.000e+00
      1.841   62.46776 -174.08474     7.7900    30.9210    1476.65  0.000e+00
      1.841   62.46776 -174.08474     7.7928    30.9188    1476.66  0.000e+00
      1.780   62.46776 -174.08474     7.7909    30.9206    1476.65  0.000e+00
      1.841   62.46776 -174.08474     7.7896    30.9220    1476.65  0.000e+00
      1.841   62.46776 -174.08474     7.7881    30.9230    1476.64  0.000e+00
      1.841   62.46776 -174.08474     7.7850    30.9256    1476.64  0.000e+00
      1.841   62.46776 -174.08474     7.7832    30.9270    1476.63  0.000e+00
      1.895   62.46776 -174.08474     7.7831    30.9265    1476.63  0.000e+00
      1.841   62.46776 -174.08474     7.7843    30.9253    1476.63  0.000e+00
      1.841   62.46776 -174.08474     7.7820    30.9272    1476.63  0.000e+00
      1.895   62.46776 -174.08474     7.7804    30.9285    1476.62  0.000e+00
      1.841   62.46776 -174.08474     7.7804    30.9288    1476.62  0.000e+00
      1.895   62.46776 -174.08474     7.7811    30.9276    1476.62  0.000e+00
      1.895   62.46776 -174.08474     7.7809    30.9281    1476.62  0.000e+00
      1.895   62.46776 -174.08474     7.7806    30.9283    1476.62  0.000e+00
      1.841   62.46776 -174.08474     7.7816    30.9277    1476.63  0.000e+00
      1.957   62.46776 -174.08474     7.7820    30.9275    1476.63  0.000e+00
      1.895   62.46776 -174.08474     7.7830    30.9267    1476.63  0.000e+00
      1.895   62.46776 -174.08474     7.7839    30.9265    1476.63  0.000e+00
      1.895   62.46776 -174.08474     7.7843    30.9262    1476.63  0.000e+00
      1.895   62.46776 -174.08474     7.7851    30.9254    1476.64  0.000e+00
      1.957   62.46776 -174.08474     7.7849    30.9256    1476.64  0.000e+00
      1.895   62.46776 -174.08474     7.7846    30.9258    1476.64  0.000e+00
      1.957   62.46776 -174.08474     7.7846    30.9258    1476.64  0.000e+00
      1.895   62.46776 -174.08474     7.7853    30.9253    1476.64  0.000e+00
      1.957   62.46776 -174.08474     7.7864    30.9246    1476.64  0.000e+00
      1.957   62.46776 -174.08474     7.7872    30.9241    1476.64  0.000e+00
      1.957   62.46776 -174.08474     7.7884    30.9230    1476.65  0.000e+00
      1.957   62.46776 -174.08474     7.7895    30.9221    1476.65  0.000e+00
      1.957   62.46776 -174.08474     7.7898    30.9219    1476.65  0.000e+00
      1.957   62.46776 -174.08474     7.7897    30.9217    1476.65  0.000e+00
      1.957   62.46776 -174.08474     7.7898    30.9223    1476.65  0.000e+00
      1.957   62.46776 -174.08474     7.7900    30.9218    1476.65  0.000e+00
      1.957   62.46776 -174.08474     7.7897    30.9222    1476.65  0.000e+00
      1.957   62.46776 -174.08474     7.7890    30.9228    1476.65  0.000e+00
      2.011   62.46776 -174.08474     7.7898    30.9222    1476.65  0.000e+00
      1.957   62.46776 -174.08474     7.7900    30.9219    1476.65  0.000e+00
      1.957   62.46776 -174.08474     7.7885    30.9230    1476.65  0.000e+00
      1.957   62.46776 -174.08474     7.7869    30.9241    1476.64  0.000e+00
      2.011   62.46776 -174.08474     7.7861    30.9248    1476.64  0.000e+00
      1.957   62.46776 -174.08474     7.7856    30.9252    1476.64  0.000e+00
      1.957   62.46776 -174.08474     7.7831    30.9274    1476.63  0.000e+00
      2.011   62.46776 -174.08474     7.7816    30.9290    1476.63  0.000e+00
      2.011   62.46776 -174.08474     7.7830    30.9273    1476.63  0.000e+00
      1.957   62.46776 -174.08474     7.7845    30.9259    1476.64  0.000e+00
      1.957   62.46776 -174.08474     7.7856    30.9249    1476.64  0.000e+00
      2.011   62.46776 -174.08474     7.7842    30.9260    1476.64  0.000e+00
      1.957   62.46776 -174.08474     7.7827    30.9278    1476.63  0.000e+00
      2.011   62.46776 -174.08474     7.7809    30.9288    1476.63  0.000e+00
      1.957   62.46776 -174.08474     7.7795    30.9296    1476.62  0.000e+00
      2.011   62.46776 -174.08474     7.7786    30.9301    1476.62  0.000e+00
      1.957   62.46776 -174.08474     7.7785    30.9301    1476.62  0.000e+00
      1.957   62.46776 -174.08474     7.7803    30.9288    1476.62  0.000e+00
      2.011   62.46776 -174.08474     7.7827    30.9269    1476.63  0.000e+00
      1.957   62.46776 -174.08474     7.7846    30.9255    1476.64  0.000e+00
      2.011   62.46776 -174.08474     7.7861    30.9248    1476.64  0.000e+00
      1.918   62.46776 -174.08474     7.7885    30.9229    1476.65  0.000e+00
      2.073   62.46776 -174.08474     7.7903    30.9219    1476.66  0.000e+00
      1.957   62.46776 -174.08474     7.7917    30.9207    1476.66  0.000e+00
      1.957   62.46776 -174.08474     7.7927    30.9201    1476.66  0.000e+00
      2.011   62.46776 -174.08474     7.7938    30.9190    1476.66  0.000e+00
      1.957   62.46776 -174.08474     7.7964    30.9172    1476.67  0.000e+00
      2.011   62.46776 -174.08474     7.7982    30.9158    1476.68  0.000e+00
      1.957   62.46776 -174.08474     7.7992    30.9153    1476.68  0.000e+00
      1.957   62.46776 -174.08474     7.7995    30.9147    1476.68  0.000e+00
      1.957   62.46776 -174.08474     7.7974    30.9163    1476.67  0.000e+00
      1.957   62.46776 -174.08474     7.7971    30.9168    1476.67  0.000e+00
      2.011   62.46776 -174.08474     7.7990    30.9157    1476.68  0.000e+00
      1.957   62.46776 -174.08474     7.8006    30.9148    1476.68  0.000e+00
      1.957   62.46776 -174.08474     7.7998    30.9155    1476.68  0.000e+00
      1.895   62.46776 -174.08474     7.7992    30.9160    1476.68  0.000e+00
      1.957   62.46776 -174.08474     7.7977    30.9172    1476.68  0.000e+00
      1.957   62.46776 -174.08474     7.7966    30.9177    1476.67  0.000e+00
      1.957   62.46776 -174.08474     7.7949    30.9189    1476.67  0.000e+00
      1.895   62.46776 -174.08474     7.7931    30.9199    1476.66  0.000e+00
      1.957   62.46776 -174.08474     7.7917    30.9209    1476.66  0.000e+00
      1.957   62.46776 -174.08474     7.7916    30.9210    1476.66  0.000e+00
      1.895   62.46776 -174.08474     7.7918    30.9204    1476.66  0.000e+00
      1.895   62.46776 -174.08474     7.7921    30.9199    1476.66  0.000e+00
      1.957   62.46776 -174.08474     7.7930    30.9195    1476.66  0.000e+00
      1.841   62.46776 -174.08474     7.7949    30.9175    1476.66  0.000e+00
      1.957   62.46776 -174.08474     7.7962    30.9169    1476.67  0.000e+00
      1.895   62.46776 -174.08474     7.7962    30.9167    1476.67  0.000e+00
      1.895   62.46776 -174.08474     7.7957    30.9170    1476.67  0.000e+00
      1.895   62.46776 -174.08474     7.7951    30.9172    1476.67  0.000e+00
      1.841   62.46776 -174.08474     7.7946    30.9177    1476.66  0.000e+00
      1.841   62.46776 -174.08474     7.7941    30.9183    1476.66  0.000e+00
      1.895   62.46776 -174.08474     7.7938    30.9186    1476.66  0.000e+00
      1.841   62.46776 -174.08474     7.7932    30.9191    1476.66  0.000e+00
      1.841   62.46776 -174.08474     7.7927    30.9191    1476.66  0.000e+00
      1.841   62.46776 -174.08474     7.7924    30.9198    1476.66  0.000e+00
      1.841   62.46776 -174.08474     7.7919    30.9199    1476.66  0.000e+00
      1.841   62.46776 -174.08474     7.7917    30.9203    1476.65  0.000e+00
      1.779   62.46776 -174.08474     7.7917    30.9202    1476.65  0.000e+00
      1.779   62.46776 -174.08474     7.7922    30.9198    1476.66  0.000e+00
      1.779   62.46776 -174.08474     7.7936    30.9189    1476.66  0.000e+00
      1.779   62.46776 -174.08474     7.7949    30.9180    1476.66  0.000e+00
      1.779   62.46776 -174.08474     7.7961    30.9172    1476.67  0.000e+00
      1.779   62.46776 -174.08474     7.7972    30.9166    1476.67  0.000e+00
      1.725   62.46776 -174.08474     7.7984    30.9152    1476.67  0.000e+00
      1.779   62.46776 -174.08474     7.7990    30.9149    1476.68  0.000e+00
      1.671   62.46776 -174.08474     7.7998    30.9145    1476.68  0.000e+00
      1.725   62.46776 -174.08474     7.8001    30.9142    1476.68  0.000e+00
      1.725   62.46776 -174.08474     7.8001    30.9137    1476.68  0.000e+00
      1.725   62.46776 -174.08474     7.8000    30.9136    1476.68  0.000e+00
      1.671   62.46776 -174.08474     7.7998    30.9132    1476.67  0.000e+00
      1.671   62.46776 -174.08474     7.7997    30.9134    1476.67  0.000e+00
      1.609   62.46776 -174.08474     7.7993    30.9136    1476.67  0.000e+00
      1.671   62.46776 -174.08474     7.7990    30.9137    1476.67  0.000e+00
      1.671   62.46776 -174.08474     7.7990    30.9135    1476.67  0.000e+00
      1.609   62.46776 -174.08474     7.7988    30.9137    1476.67  0.000e+00
      1.609   62.46776 -174.08474     7.7987    30.9136    1476.67  0.000e+00
      1.671   62.46776 -174.08474     7.7987    30.9138    1476.67  0.000e+00
      1.555   62.46776 -174.08474     7.7987    30.9139    1476.67  0.000e+00
      1.671   62.46776 -174.08474     7.7990    30.9135    1476.67  0.000e+00
      1.555   62.46776 -174.08474     7.7990    30.9135    1476.67  0.000e+00
      1.609   62.46776 -174.08474     7.7992    30.9135    1476.67  0.000e+00
      1.555   62.46776 -174.08474     7.7995    30.9134    1476.67  0.000e+00
      1.609   62.46776 -174.08474     7.7993    30.9133    1476.67  0.000e+00
      1.493   62.46776 -174.08474     7.7995    30.9133    1476.67  0.000e+00
      1.493   62.46776 -174.08474     7.7992    30.9137    1476.67  0.000e+00
      1.555   62.46776 -174.08474     7.7998    30.9137    1476.67  0.000e+00
      1.578   62.46776 -174.08474     7.8006    30.9132    1476.68  0.000e+00
      1.493   62.46776 -174.08474     7.8009    30.9135    1476.68  0.000e+00
      1.609   62.46776 -174.08474     7.8016    30.9133    1476.68  0.000e+00
      1.555   62.46776 -174.08474     7.8017    30.9133    1476.68  0.000e+00
      1.555   62.46776 -174.08474     7.8025    30.9127    1476.68  0.000e+00
      1.555   62.46776 -174.08474     7.8030    30.9121    1476.68  0.000e+00
      1.555   62.46776 -174.08474     7.8034    30.9120    1476.68  0.000e+00
      1.493   62.46776 -174.08474     7.8030    30.9122    1476.68  0.000e+00
      1.555   62.46776 -174.08474     7.8030    30.9127    1476.68  0.000e+00
      1.555   62.46776 -174.08474     7.8032    30.9128    1476.68  0.000e+00
      1.555   62.46776 -174.08474     7.8033    30.9129    1476.69  0.000e+00
      1.609   62.46776 -174.08474     7.8035    30.9127    1476.69  0.000e+00
      1.609   62.46776 -174.08474     7.8035    30.9123    1476.69  0.000e+00
      1.609   62.46776 -174.08474     7.8032    30.9127    1476.69  0.000e+00
      1.609   62.46776 -174.08474     7.8037    30.9131    1476.69  0.000e+00
      1.671   62.46776 -174.08474     7.8043    30.9126    1476.69  0.000e+00
      1.609   62.46776 -174.08474     7.8048    30.9121    1476.69  0.000e+00
      1.609   62.46776 -174.08474     7.8051    30.9121    1476.69  0.000e+00
      1.671   62.46776 -174.08474     7.8048    30.9123    1476.69  0.000e+00
      1.671   62.46776 -174.08474     7.8045    30.9125    1476.69  0.000e+00
