EcoFOCI/data/1_SampleCollection/2023_SikuliaqDBO_CruiseData/CTD_raw_BottleFile_SKQ23-12S/proc/skq202312s_050.ros
* Sea-Bird SBE 9 Data File:
* FileName = D:\CTD\SKQ202312S\SKQ202312S_050.hex
* Software Version Seasave V 7.26.7.121
* Temperature SN = 6177
* Conductivity SN = 0369
* Number of Bytes Per Scan = 41
* Number of Voltage Words = 4
* Number of Scans Averaged by the Deck Unit = 1
* NMEA Latitude = 70 34.79 N
* NMEA Longitude = 162 29.45 W
* NMEA UTC (Time) = Sep 26 2023  15:58:50
* NMEA baud rate = 4800
** Ship: R/V Sikuliaq
** Station Number: 050
** Station Name: IC11
** Bottom Depth: 38
** Operator: SD
# nquan = 22
# nvalues = 735                                   
# units = specified
# name 0 = depSM: Depth [salt water, m]
# name 1 = latitude: Latitude [deg]
# name 2 = longitude: Longitude [deg]
# name 3 = prDM: Pressure, Digiquartz [db]
# name 4 = t090C: Temperature [ITS-90, deg C]
# name 5 = t190C: Temperature, 2 [ITS-90, deg C]
# name 6 = potemp090C: Potential Temperature [ITS-90, deg C]
# name 7 = sal00: Salinity, Practical [PSU]
# name 8 = sal11: Salinity, Practical, 2 [PSU]
# name 9 = density00: Density [density, kg/m^3]
# name 10 = sigma-é00: Density [sigma-theta, kg/m^3]
# name 11 = sbox0Mm/Kg: Oxygen, SBE 43 [umol/kg]
# name 12 = sbox1Mm/Kg: Oxygen, SBE 43, 2 [umol/kg]
# name 13 = oxsolMm/Kg: Oxygen Saturation, Garcia & Gordon [umol/kg]
# name 14 = sbeox0PS: Oxygen, SBE 43 [% saturation]
# name 15 = v0: Voltage 0
# name 16 = flECO-AFL: Fluorescence, WET Labs ECO-AFL/FL [mg/m^3]
# name 17 = CStarAt0: Beam Attenuation, WET Labs C-Star [1/m]
# name 18 = par: PAR/Irradiance, Biospherical/Licor
# name 19 = scan: Scan Count
# name 20 = nbf: Bottles Fired
# name 21 = flag:  0.000e+00
# interval = seconds: 0.0416667
# start_time = Sep 26 2023 16:02:32 [NMEA time, first data scan]
# bad_flag = -9.990e-29
*END*
[from data line 659]
      2.750   70.57988 -162.49072      2.778     6.5380     6.5394     6.5378    28.5444    28.5558  1022.4069    22.3940    292.051    272.977  311.02454     93.900     0.1990     0.8461     0.6204 8.0235e-01      17078         14  0.000e+00
      2.804   70.57988 -162.49072      2.833     6.5380     6.5397     6.5378    28.5445    28.5558  1022.4072    22.3941    292.055    273.155  311.02435     93.901     0.2002     0.8535     0.6204 7.3263e-01      17079         14  0.000e+00
      2.750   70.57988 -162.49072      2.778     6.5380     6.5395     6.5378    28.5449    28.5559  1022.4073    22.3944    292.056    272.991  311.02339     93.901     0.1990     0.8461     0.6192 6.6378e-01      17080         14  0.000e+00
      2.750   70.57988 -162.49072      2.778     6.5382     6.5395     6.5380    28.5457    28.5554  1022.4079    22.3950    292.115    272.991  311.02054     93.921     0.1990     0.8461     0.6192 6.5069e-01      17081         14  0.000e+00
      2.804   70.57988 -162.49072      2.833     6.5384     6.5390     6.5381    28.5458    28.5553  1022.4082    22.3951    292.123    272.995  311.01913     93.925     0.1990     0.8461     0.6192 6.6819e-01      17082         14  0.000e+00
      2.750   70.57988 -162.49072      2.778     6.5387     6.5390     6.5385    28.5458    28.5552  1022.4079    22.3950    292.128    272.813  311.01669     93.927     0.1990     0.8461     0.6168 6.9063e-01      17083         14  0.000e+00
      2.750   70.57988 -162.49072      2.778     6.5390     6.5389     6.5388    28.5455    28.5554  1022.4077    22.3948    292.137    273.152  311.01499     93.930     0.1990     0.8461     0.6131 6.9519e-01      17084         14  0.000e+00
      2.750   70.57988 -162.49072      2.778     6.5390     6.5395     6.5388    28.5459    28.5552  1022.4080    22.3951    292.147    273.165  311.01417     93.934     0.2002     0.8535     0.6131 7.4226e-01      17085         14  0.000e+00
      2.750   70.57988 -162.49072      2.778     6.5393     6.5400     6.5391    28.5454    28.5555  1022.4076    22.3947    291.961    272.998  311.01304     93.874     0.1990     0.8461     0.6131 8.5836e-01      17086         14  0.000e+00
      2.750   70.57988 -162.49072      2.778     6.5392     6.5402     6.5389    28.5452    28.5556  1022.4074    22.3946    292.147    272.815  311.01458     93.934     0.1990     0.8461     0.6144 8.9473e-01      17087         14  0.000e+00
      2.750   70.57988 -162.49072      2.778     6.5393     6.5404     6.5391    28.5452    28.5556  1022.4074    22.3945    292.162    272.973  311.01353     93.939     0.2002     0.8535     0.6131 8.7778e-01      17088         14  0.000e+00
      2.750   70.57988 -162.49072      2.778     6.5395     6.5404     6.5392    28.5452    28.5561  1022.4073    22.3945    292.121    272.970  311.01255     93.926     0.2027     0.8681     0.6144 8.2861e-01      17089         14  0.000e+00
      2.750   70.57988 -162.49072      2.778     6.5392     6.5407     6.5389    28.5452    28.5556  1022.4074    22.3946    292.139    272.968  311.01458     93.931     0.2015     0.8608     0.6144 8.0755e-01      17090         14  0.000e+00
      2.688   70.57988 -162.49072      2.716     6.5390     6.5404     6.5388    28.5451    28.5561  1022.4071    22.3945    292.156    272.965  311.01591     93.936     0.2027     0.8681     0.6144 8.0494e-01      17091         14  0.000e+00
      2.750   70.57988 -162.49072      2.778     6.5392     6.5409     6.5389    28.5451    28.5558  1022.4073    22.3944    292.175    272.963  311.01491     93.943     0.2015     0.8608     0.6144 7.9205e-01      17092         14  0.000e+00
      2.750   70.57988 -162.49072      2.778     6.5393     6.5409     6.5391    28.5454    28.5557  1022.4076    22.3947    292.164    272.962  311.01304     93.940     0.2027     0.8681     0.6144 7.8440e-01      17093         14  0.000e+00
      2.688   70.57988 -162.49072      2.716     6.5390     6.5407     6.5388    28.5456    28.5560  1022.4075    22.3949    292.183    272.780  311.01476     93.945     0.2015     0.8608     0.6131 7.7934e-01      17094         14  0.000e+00
      2.750   70.57988 -162.49072      2.778     6.5393     6.5409     6.5391    28.5455    28.5558  1022.4076    22.3947    292.204    272.762  311.01296     93.952     0.2015     0.8608     0.6131 7.4955e-01      17095         14  0.000e+00
      2.688   70.57988 -162.49072      2.716     6.5392     6.5406     6.5389    28.5457    28.5561  1022.4075    22.3949    292.027    272.923  311.01354     93.895     0.2002     0.8535     0.6144 7.3263e-01      17096         14  0.000e+00
      2.688   70.57988 -162.49072      2.716     6.5395     6.5407     6.5393    28.5453    28.5558  1022.4071    22.3945    292.191    272.762  311.01233     93.948     0.2015     0.8608     0.6144 7.3263e-01      17097         14  0.000e+00
      2.750   70.57988 -162.49072      2.778     6.5393     6.5407     6.5391    28.5455    28.5557  1022.4076    22.3947    292.189    272.767  311.01296     93.948     0.2015     0.8608     0.6131 7.9977e-01      17098         14  0.000e+00
      2.689   70.57988 -162.49072      2.716     6.5395     6.5407     6.5393    28.5452    28.5558  1022.4071    22.3945    292.211    272.750  311.01241     93.955     0.2027     0.8681     0.6144 8.5016e-01      17099         14  0.000e+00
      2.635   70.57988 -162.49072      2.662     6.5395     6.5406     6.5393    28.5450    28.5565  1022.4067    22.3944    292.036    272.752  311.01285     93.898     0.2015     0.8608     0.6144 8.5836e-01      17100         14  0.000e+00
      2.719   70.57988 -162.49072      2.747     6.5393     6.5406     6.5391    28.5454    28.5558  1022.4074    22.3947    292.238    272.744  311.01309     93.963     0.2015     0.8608     0.6144 7.7180e-01      17101         14  0.000e+00
      2.750   70.57988 -162.49072      2.778     6.5396     6.5397     6.5394    28.5453    28.5559  1022.4074    22.3945    292.266    272.739  311.01117     93.973     0.2015     0.8608     0.6144 6.9748e-01      17102         14  0.000e+00
      2.635   70.57988 -162.49072      2.662     6.5395     6.5398     6.5393    28.5458    28.5555  1022.4073    22.3950    292.291    272.743  311.01105     93.981     0.2027     0.8681     0.6156 6.8609e-01      17103         14  0.000e+00
      2.689   70.57988 -162.49072      2.716     6.5398     6.5395     6.5396    28.5453    28.5562  1022.4071    22.3945    292.322    272.735  311.00970     93.991     0.2002     0.8535     0.6168 6.7041e-01      17104         14  0.000e+00
      2.692   70.57988 -162.49072      2.720     6.5361     6.5395     6.5359    28.5444    28.5566  1022.4069    22.3943    291.988    273.677  311.03852     93.875     0.1978     0.8388     0.6180 8.8340e-01      17343         15  0.000e+00
      2.754   70.57988 -162.49072      2.782     6.5363     6.5397     6.5361    28.5445    28.5561  1022.4072    22.3943    291.966    273.727  311.03728     93.869     0.1978     0.8388     0.6180 8.4473e-01      17344         15  0.000e+00
      2.754   70.57988 -162.49072      2.782     6.5361     6.5394     6.5359    28.5449    28.5561  1022.4075    22.3946    291.944    273.777  311.03752     93.861     0.1978     0.8388     0.6180 8.3663e-01      17345         15  0.000e+00
      2.692   70.57988 -162.49072      2.720     6.5363     6.5390     6.5361    28.5445    28.5561  1022.4069    22.3943    291.947    273.808  311.03730     93.862     0.1978     0.8388     0.6168 7.7934e-01      17346         15  0.000e+00
      2.754   70.57988 -162.49072      2.782     6.5360     6.5387     6.5358    28.5447    28.5558  1022.4074    22.3945    291.958    273.843  311.03890     93.865     0.1990     0.8461     0.6156 7.5200e-01      17347         15  0.000e+00
      2.754   70.57988 -162.49072      2.782     6.5364     6.5390     6.5362    28.5444    28.5561  1022.4071    22.3942    291.963    274.031  311.03630     93.868     0.1978     0.8388     0.6156 7.4955e-01      17348         15  0.000e+00
      2.692   70.57988 -162.49072      2.720     6.5363     6.5393     6.5361    28.5448    28.5566  1022.4071    22.3945    291.970    274.073  311.03656     93.870     0.1978     0.8388     0.6156 7.4711e-01      17349         15  0.000e+00
      2.754   70.57988 -162.49072      2.782     6.5363     6.5397     6.5361    28.5450    28.5565  1022.4076    22.3947    291.954    273.940  311.03614     93.865     0.1978     0.8388     0.6156 7.4468e-01      17350         15  0.000e+00
      2.692   70.57988 -162.49072      2.720     6.5366     6.5400     6.5364    28.5448    28.5564  1022.4071    22.3945    291.960    274.143  311.03429     93.867     0.1978     0.8388     0.6156 7.4468e-01      17351         15  0.000e+00
      2.754   70.57988 -162.49072      2.782     6.5366     6.5395     6.5364    28.5448    28.5565  1022.4074    22.3945    291.973    274.175  311.03408     93.872     0.1978     0.8388     0.6156 8.9189e-01      17352         15  0.000e+00
      2.692   70.57988 -162.49072      2.720     6.5364     6.5394     6.5362    28.5452    28.5568  1022.4074    22.3948    291.984    274.199  311.03461     93.875     0.1978     0.8388     0.6156 1.0444e+00      17353         15  0.000e+00
      2.638   70.57988 -162.49072      2.666     6.5366     6.5398     6.5364    28.5447    28.5566  1022.4067    22.3944    291.996    274.218  311.03429     93.879     0.1978     0.8388     0.6156 1.0776e+00      17354         15  0.000e+00
      2.785   70.57988 -162.49072      2.814     6.5366     6.5397     6.5364    28.5448    28.5566  1022.4076    22.3945    292.016    274.246  311.03386     93.885     0.1978     0.8388     0.6156 9.7158e-01      17355         15  0.000e+00
      2.692   70.57988 -162.49072      2.720     6.5366     6.5397     6.5364    28.5449    28.5567  1022.4072    22.3946    292.028    274.264  311.03412     93.890     0.1978     0.8388     0.6156 8.5836e-01      17356         15  0.000e+00
      2.692   70.57988 -162.49072      2.720     6.5368     6.5402     6.5366    28.5448    28.5567  1022.4071    22.3945    292.044    274.280  311.03280     93.895     0.1990     0.8461     0.6156 8.3663e-01      17357         15  0.000e+00
      2.693   70.57988 -162.49072      2.720     6.5367     6.5401     6.5365    28.5447    28.5572  1022.4070    22.3944    292.063    274.476  311.03339     93.901     0.1978     0.8388     0.6156 8.1802e-01      17358         15  0.000e+00
      2.693   70.57988 -162.49072      2.720     6.5366     6.5402     6.5364    28.5446    28.5569  1022.4070    22.3943    292.084    274.509  311.03443     93.907     0.1978     0.8388     0.6156 7.8187e-01      17359         15  0.000e+00
      2.693   70.57988 -162.49072      2.720     6.5366     6.5398     6.5364    28.5447    28.5569  1022.4070    22.3944    292.104    274.346  311.03418     93.914     0.1978     0.8388     0.6156 7.7180e-01      17360         15  0.000e+00
      2.639   70.57988 -162.49072      2.666     6.5367     6.5392     6.5365    28.5449    28.5567  1022.4069    22.3946    292.123    274.341  311.03301     93.920     0.1990     0.8461     0.6156 7.6930e-01      17361         15  0.000e+00
      2.693   70.57988 -162.49072      2.720     6.5366     6.5392     6.5364    28.5446    28.5567  1022.4070    22.3944    292.120    274.334  311.03434     93.919     0.1978     0.8388     0.6156 7.5691e-01      17362         15  0.000e+00
      2.693   70.57988 -162.49072      2.720     6.5367     6.5397     6.5365    28.5447    28.5567  1022.4070    22.3944    292.143    274.318  311.03356     93.926     0.1990     0.8461     0.6156 7.5445e-01      17363         15  0.000e+00
      2.639   70.57988 -162.49072      2.666     6.5366     6.5400     6.5364    28.5446    28.5565  1022.4067    22.3944    292.165    274.479  311.03437     93.933     0.1978     0.8388     0.6156 7.6184e-01      17364         15  0.000e+00
      2.693   70.57988 -162.49072      2.720     6.5366     6.5394     6.5364    28.5445    28.5566  1022.4069    22.3943    292.193    274.505  311.03459     93.942     0.1978     0.8388     0.6156 7.9462e-01      17365         15  0.000e+00
      2.693   70.57988 -162.49072      2.720     6.5366     6.5387     6.5364    28.5446    28.5564  1022.4069    22.3943    292.220    274.508  311.03486     93.951     0.1978     0.8388     0.6156 8.1015e-01      17366         15  0.000e+00
      2.639   70.57988 -162.49072      2.666     6.5364     6.5382     6.5362    28.5447    28.5558  1022.4068    22.3945    292.246    274.506  311.03562     93.959     0.1978     0.8388     0.6144 8.0755e-01      17367         15  0.000e+00
      2.639   70.57988 -162.49072      2.666     6.5364     6.5377     6.5362    28.5447    28.5557  1022.4068    22.3945    292.246    274.503  311.03562     93.959     0.1978     0.8388     0.6144 7.7431e-01      17368         15  0.000e+00
      2.693   70.57988 -162.49072      2.720     6.5366     6.5376     6.5364    28.5445    28.5556  1022.4069    22.3943    292.247    274.514  311.03459     93.960     0.1990     0.8461     0.6144 7.5937e-01      17369         15  0.000e+00
      2.639   70.57988 -162.49072      2.666     6.5364     6.5373     6.5362    28.5447    28.5558  1022.4068    22.3945    292.246    274.520  311.03562     93.959     0.1990     0.8461     0.6144 7.5937e-01      17370         15  0.000e+00
      2.693   70.57988 -162.49072      2.720     6.5364     6.5374     6.5362    28.5445    28.5558  1022.4069    22.3943    292.248    274.524  311.03616     93.960     0.2002     0.8535     0.6144 7.6432e-01      17371         15  0.000e+00
      2.639   70.57988 -162.49072      2.666     6.5363     6.5373     6.5361    28.5444    28.5560  1022.4066    22.3942    292.248    274.524  311.03741     93.959     0.1990     0.8461     0.6144 7.6681e-01      17372         15  0.000e+00
      2.693   70.57988 -162.49072      2.720     6.5361     6.5376     6.5359    28.5447    28.5558  1022.4071    22.3945    292.251    274.524  311.03830     93.960     0.2002     0.8535     0.6144 7.6930e-01      17373         15  0.000e+00
      2.639   70.57988 -162.49072      2.666     6.5361     6.5374     6.5359    28.5445    28.5561  1022.4067    22.3943    292.249    274.519  311.03830     93.959     0.1990     0.8461     0.6144 8.1539e-01      17374         15  0.000e+00
      2.693   70.57988 -162.49072      2.720     6.5358     6.5374     6.5356    28.5447    28.5557  1022.4071    22.3945    292.253    274.517  311.04006     93.960     0.2002     0.8535     0.6156 8.5562e-01      17375         15  0.000e+00
      2.639   70.57988 -162.49072      2.666     6.5358     6.5371     6.5356    28.5446    28.5556  1022.4068    22.3944    292.280    274.510  311.04069     93.968     0.1990     0.8461     0.6144 8.6111e-01      17376         15  0.000e+00
      2.693   70.57988 -162.49072      2.720     6.5358     6.5374     6.5356    28.5448    28.5553  1022.4072    22.3946    292.282    274.501  311.03982     93.969     0.2002     0.8535     0.6144 9.0044e-01      17377         15  0.000e+00
      2.639   70.57988 -162.49072      2.666     6.5358     6.5370     6.5356    28.5446    28.5555  1022.4068    22.3945    292.480    274.490  311.04061     94.033     0.1990     0.8461     0.6144 9.4434e-01      17378         15  0.000e+00
      2.693   70.57988 -162.49072      2.720     6.5358     6.5370     6.5356    28.5443    28.5556  1022.4068    22.3942    292.341    274.477  311.04104     93.988     0.2002     0.8535     0.6144 9.5334e-01      17379         15  0.000e+00
      2.639   70.57988 -162.49072      2.666     6.5361     6.5371     6.5359    28.5444    28.5558  1022.4066    22.3942    292.338    274.457  311.03898     93.987     0.1990     0.8461     0.6144 8.9473e-01      17380         15  0.000e+00
