EcoFOCI/data/1_SampleCollection/2023_SikuliaqDBO_CruiseData/CTD_raw_BottleFile_SKQ23-12S/proc/skq202312s_070.cnv
* Sea-Bird SBE 9 Data File:
* FileName = D:\CTD\SKQ202312S\SKQ202312S_070.hex
* Software Version Seasave V 7.26.7.121
* Temperature SN = 6177
* Conductivity SN = 0369
* Number of Bytes Per Scan = 41
* Number of Voltage Words = 4
* Number of Scans Averaged by the Deck Unit = 1
* NMEA Latitude = 67 53.89 N
* NMEA Longitude = 168 14.05 W
* NMEA UTC (Time) = Sep 30 2023  04:20:28
* NMEA baud rate = 4800
** Ship: R/V Sikuliaq
** Station Number: 070
** Station Name: DBO3.6
** Bottom Depth: 50
** Operator: SD
# nquan = 24
# nvalues = 5805                                  
# units = specified
# name 0 = depSM: Depth [salt water, m]
# name 1 = latitude: Latitude [deg]
# name 2 = longitude: Longitude [deg]
# name 3 = prDM: Pressure, Digiquartz [db]
# name 4 = t090C: Temperature [ITS-90, deg C]
# name 5 = t190C: Temperature, 2 [ITS-90, deg C]
# name 6 = potemp090C: Potential Temperature [ITS-90, deg C]
# name 7 = sal00: Salinity, Practical [PSU]
# name 8 = sal11: Salinity, Practical, 2 [PSU]
# name 9 = density00: Density [density, kg/m^3]
# name 10 = sigma-é00: Density [sigma-theta, kg/m^3]
# name 11 = sbox0Mm/Kg: Oxygen, SBE 43 [umol/kg]
# name 12 = sbox1Mm/Kg: Oxygen, SBE 43, 2 [umol/kg]
# name 13 = oxsolMm/Kg: Oxygen Saturation, Garcia & Gordon [umol/kg]
# name 14 = sbeox0PS: Oxygen, SBE 43 [% saturation]
# name 15 = sbeox1PS: Oxygen, SBE 43, 2 [% saturation]
# name 16 = v0: Voltage 0
# name 17 = flECO-AFL: Fluorescence, WET Labs ECO-AFL/FL [mg/m^3]
# name 18 = v1: Voltage 1
# name 19 = CStarAt0: Beam Attenuation, WET Labs C-Star [1/m]
# name 20 = par: PAR/Irradiance, Biospherical/Licor
# name 21 = scan: Scan Count
# name 22 = timeM: Time, Elapsed [minutes]
# name 23 = flag:  0.000e+00
# span 0 =      3.017,     53.217                 
# span 1 =   67.89816,   67.89818                 
# span 2 = -168.23388, -168.23360                 
# span 3 =      3.047,     53.762                 
# span 4 =     2.8533,     6.1063                 
# span 5 =     2.8540,     6.1106                 
# span 6 =     2.8514,     6.1052                 
# span 7 =    27.4081,    32.4348                 
# span 8 =    27.4257,    32.4459                 
# span 9 =  1021.7815,  1026.0946                 
# span 10 =    21.7633,    25.8428                
# span 11 =    212.609,    332.027                
# span 12 =    203.443,    316.542                
# span 13 =  312.93920,  334.60675                
# span 14 =     64.562,    101.542                
# span 15 =     61.785,     97.739                
# span 16 =     0.0745,     0.4176                
# span 17 =     0.0989,     2.1575                
# span 18 =     1.9878,     4.1709                
# span 19 =     0.4882,     3.4540                
# span 20 = 1.0000e-12, 1.2859e+01                
# span 21 =          1,       5805                
# span 22 =     0.0000,     4.0306                
# span 23 = 0.0000e+00, 0.0000e+00                
# interval = seconds: 0.0416667
# start_time = Sep 30 2023 04:23:19 [NMEA time, first data scan]
# bad_flag = -9.990e-29
*END*
[from data line 1751]
     14.847   67.89816 -168.23378     14.997     5.8100     5.7903     5.8089    29.2694    29.2944  1023.1189    23.0492    285.538    276.674  314.69476     90.735     87.894     0.1880     0.7802     4.0952     0.5615 1.0642e+00       1752     1.2160  0.000e+00
     14.847   67.89816 -168.23378     14.997     5.8050     5.7878     5.8039    29.2732    29.2960  1023.1225    23.0528    285.487    276.725  314.72282     90.711     87.906     0.1880     0.7802     4.0952     0.5615 1.0609e+00       1753     1.2167  0.000e+00
     14.816   67.89816 -168.23378     14.966     5.8005     5.7852     5.7994    29.2776    29.2983  1023.1263    23.0568    285.405    276.624  314.74597     90.678     87.870     0.1893     0.7875     4.0952     0.5615 1.0609e+00       1754     1.2174  0.000e+00
     14.908   67.89816 -168.23378     15.060     5.7968     5.7834     5.7957    29.2800    29.2994  1023.1290    23.0591    285.329    276.519  314.76781     90.648     87.833     0.1880     0.7802     4.0952     0.5615 1.0609e+00       1755     1.2181  0.000e+00
     14.847   67.89816 -168.23378     14.997     5.7935     5.7824     5.7924    29.2824    29.3004  1023.1310    23.0613    285.280    276.415  314.78695     90.626     87.799     0.1905     0.7949     4.0952     0.5615 1.0609e+00       1756     1.2188  0.000e+00
     14.908   67.89816 -168.23376     15.060     5.7907     5.7807     5.7896    29.2849    29.3014  1023.1335    23.0636    285.407    276.333  314.80181     90.663     87.770     0.1929     0.8095     4.0952     0.5615 1.0609e+00       1757     1.2194  0.000e+00
     14.878   67.89816 -168.23376     15.028     5.7882     5.7797     5.7871    29.2864    29.3019  1023.1349    23.0650    285.361    276.236  314.81698     90.644     87.738     0.1954     0.8242     4.0952     0.5615 1.0609e+00       1758     1.2201  0.000e+00
     14.908   67.89816 -168.23376     15.059     5.7858     5.7781     5.7847    29.2886    29.3030  1023.1371    23.0671    285.317    275.975  314.82962     90.626     87.652     0.1941     0.8168     4.0940     0.5627 1.0642e+00       1759     1.2208  0.000e+00
     14.908   67.89816 -168.23376     15.059     5.7824     5.7747     5.7813    29.2927    29.3063  1023.1406    23.0706    285.278    276.078  314.84536     90.609     87.680     0.1954     0.8242     4.0940     0.5627 1.0609e+00       1760     1.2215  0.000e+00
     14.908   67.89816 -168.23376     15.059     5.7791     5.7709     5.7780    29.2959    29.3095  1023.1435    23.0735    285.212    276.032  314.86261     90.583     87.660     0.1941     0.8168     4.0940     0.5627 1.0609e+00       1761     1.2222  0.000e+00
     14.993   67.89816 -168.23376     15.145     5.7757     5.7679     5.7746    29.2989    29.3122  1023.1467    23.0763    285.353    275.978  314.88075     90.623     87.638     0.1941     0.8168     4.0940     0.5627 1.0510e+00       1762     1.2229  0.000e+00
     14.908   67.89816 -168.23376     15.059     5.7731     5.7655     5.7720    29.3007    29.3149  1023.1480    23.0780    285.312    275.741  314.89591     90.605     87.559     0.1941     0.8168     4.0940     0.5627 1.0477e+00       1763     1.2236  0.000e+00
     14.962   67.89816 -168.23376     15.114     5.7706     5.7639     5.7695    29.3029    29.3164  1023.1503    23.0800    285.275    275.663  314.90947     90.590     87.532     0.1941     0.8168     4.0940     0.5627 1.0477e+00       1764     1.2243  0.000e+00
     14.962   67.89816 -168.23376     15.114     5.7687     5.7625     5.7676    29.3048    29.3187  1023.1520    23.0817    285.435    275.590  314.91914     90.637     87.508     0.1954     0.8242     4.0940     0.5627 1.0543e+00       1765     1.2250  0.000e+00
     14.962   67.89816 -168.23376     15.114     5.7671     5.7615     5.7660    29.3082    29.3215  1023.1548    23.0846    285.384    275.506  314.92304     90.620     87.481     0.1941     0.8168     4.0940     0.5627 1.0576e+00       1766     1.2257  0.000e+00
     14.993   67.89816 -168.23376     15.145     5.7650     5.7601     5.7639    29.3119    29.3248  1023.1582    23.0878    285.537    275.434  314.93001     90.667     87.457     0.1954     0.8242     4.0940     0.5627 1.0576e+00       1767     1.2264  0.000e+00
     14.962   67.89816 -168.23376     15.114     5.7634     5.7581     5.7623    29.3148    29.3278  1023.1605    23.0902    285.510    275.538  314.93508     90.657     87.488     0.1941     0.8168     4.0940     0.5627 1.0576e+00       1768     1.2271  0.000e+00
     15.024   67.89816 -168.23376     15.176     5.7620     5.7570     5.7609    29.3171    29.3301  1023.1628    23.0922    285.482    275.303  314.94027     90.646     87.412     0.1954     0.8242     4.0940     0.5627 1.0543e+00       1769     1.2278  0.000e+00
     15.024   67.89816 -168.23376     15.176     5.7604     5.7563     5.7593    29.3184    29.3314  1023.1639    23.0934    285.715    275.401  314.94921     90.718     87.443     0.1941     0.8168     4.0940     0.5627 1.0543e+00       1770     1.2285  0.000e+00
     14.993   67.89816 -168.23376     15.145     5.7594     5.7557     5.7583    29.3193    29.3323  1023.1646    23.0942    285.646    275.342  314.95428     90.694     87.424     0.1954     0.8242     4.0940     0.5627 1.0510e+00       1771     1.2292  0.000e+00
     15.078   67.89816 -168.23376     15.231     5.7586     5.7555     5.7575    29.3201    29.3329  1023.1658    23.0950    285.634    275.456  314.95846     90.689     87.460     0.1929     0.8095     4.0940     0.5627 1.0477e+00       1772     1.2299  0.000e+00
     15.024   67.89816 -168.23376     15.176     5.7577     5.7552     5.7566    29.3224    29.3330  1023.1674    23.0969    285.782    275.228  314.95999     90.736     87.387     0.1941     0.8168     4.0940     0.5627 1.0477e+00       1773     1.2306  0.000e+00
     15.078   67.89816 -168.23376     15.231     5.7562     5.7546     5.7551    29.3253    29.3332  1023.1701    23.0993    285.957    275.155  314.96388     90.790     87.363     0.1941     0.8168     4.0940     0.5627 1.0379e+00       1774     1.2313  0.000e+00
     15.047   67.89816 -168.23376     15.199     5.7550     5.7531     5.7538    29.3270    29.3358  1023.1715    23.1008    285.919    275.270  314.96942     90.777     87.398     0.1941     0.8168     4.0940     0.5627 1.0282e+00       1775     1.2319  0.000e+00
     15.078   67.89816 -168.23376     15.231     5.7533     5.7509     5.7522    29.3295    29.3397  1023.1738    23.1030    285.875    275.230  314.97577     90.761     87.383     0.1954     0.8242     4.0940     0.5627 1.0249e+00       1776     1.2326  0.000e+00
     15.078   67.89816 -168.23376     15.231     5.7519     5.7502     5.7508    29.3316    29.3416  1023.1756    23.1048    286.021    275.170  314.98158     90.806     87.364     0.1941     0.8168     4.0940     0.5627 1.0249e+00       1777     1.2333  0.000e+00
     15.078   67.89816 -168.23376     15.231     5.7503     5.7496     5.7492    29.3338    29.3420  1023.1775    23.1067    286.187    275.299  314.98838     90.856     87.404     0.1954     0.8242     4.0940     0.5627 1.0282e+00       1778     1.2340  0.000e+00
     15.132   67.89816 -168.23376     15.285     5.7484     5.7490     5.7473    29.3364    29.3430  1023.1800    23.1089    286.170    275.250  314.99640     90.849     87.387     0.1941     0.8168     4.0940     0.5627 1.0314e+00       1779     1.2347  0.000e+00
     15.163   67.89816 -168.23376     15.316     5.7463     5.7455     5.7452    29.3395    29.3476  1023.1828    23.1116    286.343    275.032  315.00482     90.901     87.314     0.1954     0.8242     4.0928     0.5639 1.0249e+00       1780     1.2354  0.000e+00
     15.132   67.89816 -168.23376     15.285     5.7442     5.7415     5.7431    29.3421    29.3521  1023.1850    23.1139    286.328    275.166  315.01392     90.894     87.351     0.1929     0.8095     4.0916     0.5651 1.0217e+00       1781     1.2361  0.000e+00
     15.132   67.89816 -168.23376     15.285     5.7420     5.7382     5.7409    29.3450    29.3560  1023.1875    23.1165    286.505    275.118  315.02391     90.947     87.332     0.1917     0.8022     4.0916     0.5651 1.0153e+00       1782     1.2368  0.000e+00
     15.132   67.89816 -168.23376     15.285     5.7394     5.7352     5.7383    29.3486    29.3600  1023.1906    23.1196    286.494    275.252  315.03471     90.940     87.371     0.1880     0.7802     4.0916     0.5651 1.0153e+00       1783     1.2375  0.000e+00
     15.216   67.89816 -168.23376     15.371     5.7377     5.7334     5.7365    29.3507    29.3626  1023.1929    23.1214    286.873    275.202  315.04270     91.059     87.353     0.1893     0.7875     4.0916     0.5651 1.0185e+00       1784     1.2382  0.000e+00
     15.193   67.89816 -168.23376     15.347     5.7357     5.7328     5.7346    29.3531    29.3634  1023.1949    23.1235    286.684    275.145  315.05160     90.996     87.334     0.1905     0.7949     4.0916     0.5651 1.0153e+00       1785     1.2389  0.000e+00
     15.193   67.89816 -168.23376     15.347     5.7340     5.7318     5.7329    29.3552    29.3648  1023.1967    23.1254    286.450    275.273  315.05967     90.919     87.374     0.1893     0.7875     4.0916     0.5651 1.0185e+00       1786     1.2396  0.000e+00
     15.247   67.89816 -168.23376     15.402     5.7327     5.7307     5.7316    29.3580    29.3672  1023.1994    23.1278    286.949    275.219  315.06265     91.077     87.356     0.1905     0.7949     4.0916     0.5651 1.0185e+00       1787     1.2403  0.000e+00
     15.216   67.89816 -168.23376     15.371     5.7316     5.7296     5.7304    29.3618    29.3689  1023.2023    23.1309    286.932    275.162  315.06214     91.072     87.336     0.1893     0.7875     4.0916     0.5651 1.0153e+00       1788     1.2410  0.000e+00
     15.309   67.89816 -168.23376     15.464     5.7295     5.7287     5.7284    29.3655    29.3705  1023.2059    23.1340    287.111    275.089  315.06881     91.127     87.312     0.1893     0.7875     4.0916     0.5651 1.0153e+00       1789     1.2417  0.000e+00
     15.247   67.89816 -168.23376     15.402     5.7284     5.7273     5.7273    29.3669    29.3739  1023.2069    23.1353    287.090    275.210  315.07391     91.118     87.350     0.1893     0.7875     4.0916     0.5651 1.0122e+00       1790     1.2424  0.000e+00
     15.363   67.89816 -168.23376     15.519     5.7270     5.7259     5.7258    29.3691    29.3791  1023.2093    23.1371    287.259    275.148  315.07958     91.170     87.331     0.1905     0.7949     4.0916     0.5651 1.0090e+00       1791     1.2431  0.000e+00
     15.278   67.89816 -168.23376     15.433     5.7262     5.7252     5.7251    29.3724    29.3826  1023.2116    23.1398    287.422    275.259  315.07750     91.223     87.367     0.1893     0.7875     4.0916     0.5651 1.0090e+00       1792     1.2437  0.000e+00
     15.309   67.89816 -168.23376     15.464     5.7254     5.7247     5.7242    29.3775    29.3861  1023.2158    23.1439    287.391    275.368  315.07188     91.215     87.403     0.1893     0.7875     4.0916     0.5651 1.0027e+00       1793     1.2444  0.000e+00
     15.363   67.89816 -168.23376     15.519     5.7244     5.7244     5.7233    29.3819    29.3898  1023.2197    23.1475    287.574    275.308  315.06866     91.273     87.385     0.1893     0.7875     4.0928     0.5639 9.9951e-01       1794     1.2451  0.000e+00
     15.309   67.89816 -168.23376     15.464     5.7241     5.7244     5.7230    29.3899    29.3926  1023.2257    23.1539    287.515    275.239  315.05238     91.260     87.365     0.1893     0.7875     4.0916     0.5651 9.9951e-01       1795     1.2458  0.000e+00
     15.363   67.89816 -168.23376     15.519     5.7244     5.7248     5.7233    29.4047    29.3941  1023.2377    23.1655    287.621    275.351  315.01544     91.304     87.403     0.1905     0.7949     4.0916     0.5651 9.9012e-01       1796     1.2465  0.000e+00
     15.386   67.89816 -168.23376     15.542     5.7252     5.7255     5.7241    29.4138    29.3979  1023.2449    23.1726    287.566    275.470  314.98800     91.294     87.444     0.1893     0.7875     4.0928     0.5639 9.8391e-01       1797     1.2472  0.000e+00
     15.425   67.89816 -168.23376     15.581     5.7265     5.7278     5.7254    29.4169    29.4066  1023.2474    23.1750    287.701    275.398  314.97118     91.342     87.432     0.1905     0.7949     4.0916     0.5651 9.8391e-01       1798     1.2479  0.000e+00
     15.424   67.89816 -168.23376     15.581     5.7276     5.7291     5.7265    29.4188    29.4161  1023.2487    23.1763    287.843    275.303  314.95841     91.391     87.411     0.1893     0.7875     4.0916     0.5651 9.8081e-01       1799     1.2486  0.000e+00
     15.424   67.89816 -168.23376     15.581     5.7267     5.7263     5.7255    29.4198    29.4244  1023.2496    23.1772    288.006    275.396  314.96334     91.441     87.440     0.1905     0.7949     4.0940     0.5627 9.7773e-01       1800     1.2493  0.000e+00
     15.448   67.89816 -168.23376     15.604     5.7223     5.7198     5.7212    29.4218    29.4316  1023.2518    23.1792    287.992    275.344  314.99085     91.429     87.414     0.1893     0.7875     4.0977     0.5591 9.7773e-01       1801     1.2500  0.000e+00
     15.478   67.89816 -168.23376     15.635     5.7166     5.7147     5.7155    29.4246    29.4361  1023.2547    23.1821    288.163    275.482  315.02708     91.472     87.451     0.1893     0.7875     4.0989     0.5579 9.7465e-01       1802     1.2507  0.000e+00
     15.478   67.89816 -168.23376     15.635     5.7096     5.7062     5.7084    29.4287    29.4427  1023.2588    23.1861    288.138    275.466  315.06980     91.452     87.432     0.1893     0.7875     4.0977     0.5591 9.6852e-01       1803     1.2514  0.000e+00
     15.532   67.89816 -168.23376     15.690     5.7010     5.6925     5.6998    29.4344    29.4542  1023.2645    23.1916    288.095    275.469  315.12059     91.424     87.412     0.1893     0.7875     4.0977     0.5591 9.6547e-01       1804     1.2521  0.000e+00
     15.563   67.89816 -168.23376     15.721     5.6912     5.6809     5.6901    29.4411    29.4628  1023.2710    23.1979    288.233    275.819  315.17766     91.451     87.505     0.1880     0.7802     4.0977     0.5591 9.6547e-01       1805     1.2528  0.000e+00
     15.532   67.89816 -168.23376     15.690     5.6819     5.6709     5.6807    29.4461    29.4693  1023.2759    23.2029    288.399    276.006  315.23555     91.487     87.548     0.1893     0.7875     4.0977     0.5591 9.5939e-01       1806     1.2535  0.000e+00
     15.594   67.89816 -168.23376     15.752     5.6728     5.6598     5.6717    29.4511    29.4762  1023.2811    23.2078    288.567    275.845  315.29130     91.524     87.478     0.1868     0.7729     4.0977     0.5591 9.5939e-01       1807     1.2542  0.000e+00
     15.594   67.89816 -168.23376     15.752     5.6647     5.6513     5.6636    29.4574    29.4810  1023.2869    23.2137    288.519    276.168  315.33710     91.496     87.566     0.1770     0.7143     4.0989     0.5579 9.5636e-01       1808     1.2549  0.000e+00
     15.563   67.89816 -168.23376     15.721     5.6574     5.6423     5.6563    29.4633    29.4873  1023.2923    23.2192    288.638    276.170  315.37794     91.521     87.552     0.1758     0.7069     4.0977     0.5591 9.5939e-01       1809     1.2556  0.000e+00
     15.648   67.89816 -168.23376     15.807     5.6496     5.6329     5.6484    29.4700    29.4948  1023.2988    23.2253    288.557    276.347  315.42056     91.483     87.594     0.1746     0.6996     4.0977     0.5591 9.5636e-01       1810     1.2563  0.000e+00
     15.594   67.89816 -168.23376     15.752     5.6421     5.6271     5.6410    29.4754    29.4994  1023.3037    23.2304    288.673    276.507  315.46387     91.508     87.635     0.1758     0.7069     4.0977     0.5591 9.5636e-01       1811     1.2569  0.000e+00
