EcoFOCI/data/1_SampleCollection/2023_SikuliaqDBO_CruiseData/CTD_raw_BottleFile_SKQ23-12S/proc/skq202312s_079svp.cnv
* Sea-Bird SBE 9 Data File:
* FileName = D:\CTD\SKQ202312S\SKQ202312S_079.hex
* Software Version Seasave V 7.26.7.121
* Temperature SN = 6177
* Conductivity SN = 0369
* Number of Bytes Per Scan = 41
* Number of Voltage Words = 4
* Number of Scans Averaged by the Deck Unit = 1
* NMEA Latitude = 65 44.28 N
* NMEA Longitude = 168 38.83 W
* NMEA UTC (Time) = Oct 03 2023  07:05:08
* NMEA baud rate = 4800
** Ship: R/V Sikuliaq
** Station Number: 079
** Station Name: BS6
** Bottom Depth: 51
** Operator: SD
# nquan = 7
# nvalues = 5201                                  
# units = specified
# name 0 = depSM: Depth [salt water, m]
# name 1 = latitude: Latitude [deg]
# name 2 = longitude: Longitude [deg]
# name 3 = t090C: Temperature [ITS-90, deg C]
# name 4 = sal00: Salinity, Practical [PSU]
# name 5 = svCM: Sound Velocity [Chen-Millero, m/s]
# name 6 = flag:  0.000e+00
# span 0 =      2.896,     46.217                 
# span 1 =   65.73778,   65.73788                 
# span 2 = -168.64800, -168.64748                 
# span 3 =     2.8054,     6.2234                 
# span 4 =    26.2108,    32.5771                 
# span 5 =    1456.41,    1469.77                 
# span 6 = 0.0000e+00, 0.0000e+00                 
# interval = seconds: 0.0416667
# start_time = Oct 03 2023 07:08:37 [NMEA time, first data scan]
# bad_flag = -9.990e-29
*END*
[from data line 1026]
      8.996   65.73786 -168.64760     6.1438    29.4115    1468.42  0.000e+00
      9.081   65.73786 -168.64760     6.1324    29.4359    1468.41  0.000e+00
      9.027   65.73786 -168.64760     6.1231    29.4471    1468.38  0.000e+00
      9.027   65.73786 -168.64760     6.1162    29.4530    1468.36  0.000e+00
      9.081   65.73786 -168.64760     6.1115    29.4585    1468.35  0.000e+00
      9.027   65.73786 -168.64760     6.1094    29.4589    1468.34  0.000e+00
      9.081   65.73786 -168.64760     6.1076    29.4674    1468.35  0.000e+00
      9.081   65.73786 -168.64760     6.1055    29.4774    1468.35  0.000e+00
      9.081   65.73786 -168.64760     6.1058    29.4730    1468.35  0.000e+00
      9.081   65.73786 -168.64760     6.1078    29.4681    1468.35  0.000e+00
      9.143   65.73786 -168.64760     6.1091    29.4686    1468.36  0.000e+00
      9.058   65.73786 -168.64760     6.1101    29.4703    1468.36  0.000e+00
      9.143   65.73786 -168.64760     6.1091    29.4761    1468.37  0.000e+00
      9.081   65.73786 -168.64760     6.1072    29.4830    1468.37  0.000e+00
      9.143   65.73786 -168.64760     6.1060    29.4870    1468.37  0.000e+00
      9.143   65.73786 -168.64760     6.1064    29.4900    1468.37  0.000e+00
      9.143   65.73786 -168.64760     6.1072    29.4951    1468.38  0.000e+00
      9.143   65.73786 -168.64760     6.1083    29.5017    1468.39  0.000e+00
      9.197   65.73786 -168.64760     6.1100    29.5029    1468.40  0.000e+00
      9.143   65.73786 -168.64760     6.1127    29.5004    1468.41  0.000e+00
      9.197   65.73786 -168.64760     6.1156    29.5000    1468.42  0.000e+00
      9.143   65.73786 -168.64760     6.1185    29.5052    1468.44  0.000e+00
      9.228   65.73786 -168.64760     6.1211    29.5093    1468.46  0.000e+00
      9.197   65.73786 -168.64760     6.1231    29.5124    1468.47  0.000e+00
      9.197   65.73786 -168.64760     6.1245    29.5135    1468.48  0.000e+00
      9.258   65.73786 -168.64760     6.1255    29.5075    1468.47  0.000e+00
      9.197   65.73786 -168.64760     6.1253    29.4998    1468.46  0.000e+00
      9.258   65.73786 -168.64760     6.1239    29.4976    1468.45  0.000e+00
      9.258   65.73786 -168.64760     6.1231    29.5000    1468.45  0.000e+00
      9.258   65.73786 -168.64760     6.1228    29.5050    1468.46  0.000e+00
      9.258   65.73786 -168.64760     6.1227    29.5110    1468.47  0.000e+00
      9.258   65.73786 -168.64760     6.1220    29.5179    1468.47  0.000e+00
      9.197   65.73786 -168.64760     6.1213    29.5233    1468.47  0.000e+00
      9.397   65.73786 -168.64760     6.1209    29.5297    1468.48  0.000e+00
      9.312   65.73786 -168.64760     6.1207    29.5364    1468.49  0.000e+00
      9.312   65.73786 -168.64760     6.1206    29.5480    1468.50  0.000e+00
      9.312   65.73786 -168.64760     6.1196    29.5627    1468.52  0.000e+00
      9.312   65.73786 -168.64760     6.1180    29.5699    1468.52  0.000e+00
      9.312   65.73786 -168.64760     6.1160    29.5730    1468.52  0.000e+00
      9.366   65.73786 -168.64760     6.1140    29.5793    1468.52  0.000e+00
      9.366   65.73786 -168.64760     6.1121    29.5906    1468.52  0.000e+00
      9.312   65.73786 -168.64760     6.1090    29.6028    1468.53  0.000e+00
      9.428   65.73786 -168.64760     6.1055    29.6134    1468.53  0.000e+00
      9.343   65.73786 -168.64760     6.1018    29.6237    1468.52  0.000e+00
      9.366   65.73786 -168.64760     6.0982    29.6338    1468.52  0.000e+00
      9.428   65.73786 -168.64760     6.0946    29.6434    1468.52  0.000e+00
      9.428   65.73786 -168.64760     6.0899    29.6529    1468.52  0.000e+00
      9.366   65.73786 -168.64760     6.0855    29.6656    1468.51  0.000e+00
      9.428   65.73786 -168.64760     6.0816    29.6852    1468.52  0.000e+00
      9.428   65.73786 -168.64760     6.0777    29.7129    1468.54  0.000e+00
      9.428   65.73786 -168.64760     6.0747    29.7383    1468.56  0.000e+00
      9.482   65.73786 -168.64760     6.0720    29.7545    1468.57  0.000e+00
      9.428   65.73786 -168.64760     6.0694    29.7668    1468.58  0.000e+00
      9.459   65.73786 -168.64760     6.0676    29.7786    1468.58  0.000e+00
      9.428   65.73786 -168.64760     6.0665    29.7871    1468.59  0.000e+00
      9.482   65.73786 -168.64762     6.0656    29.7919    1468.59  0.000e+00
      9.428   65.73786 -168.64762     6.0651    29.7957    1468.60  0.000e+00
      9.482   65.73786 -168.64762     6.0640    29.8022    1468.60  0.000e+00
      9.482   65.73786 -168.64762     6.0625    29.8108    1468.61  0.000e+00
      9.482   65.73786 -168.64762     6.0609    29.8186    1468.61  0.000e+00
      9.482   65.73786 -168.64762     6.0596    29.8252    1468.61  0.000e+00
      9.544   65.73786 -168.64762     6.0587    29.8286    1468.61  0.000e+00
      9.482   65.73786 -168.64762     6.0581    29.8297    1468.61  0.000e+00
      9.459   65.73786 -168.64762     6.0577    29.8322    1468.61  0.000e+00
      9.544   65.73786 -168.64762     6.0575    29.8340    1468.62  0.000e+00
      9.544   65.73786 -168.64762     6.0577    29.8349    1468.62  0.000e+00
      9.482   65.73786 -168.64762     6.0572    29.8377    1468.62  0.000e+00
      9.544   65.73786 -168.64762     6.0569    29.8442    1468.63  0.000e+00
      9.482   65.73786 -168.64762     6.0558    29.8502    1468.63  0.000e+00
      9.544   65.73786 -168.64762     6.0551    29.8530    1468.63  0.000e+00
      9.544   65.73786 -168.64762     6.0545    29.8543    1468.63  0.000e+00
      9.544   65.73786 -168.64762     6.0537    29.8563    1468.63  0.000e+00
      9.544   65.73786 -168.64762     6.0533    29.8579    1468.63  0.000e+00
      9.513   65.73786 -168.64762     6.0528    29.8581    1468.63  0.000e+00
      9.482   65.73786 -168.64762     6.0522    29.8595    1468.62  0.000e+00
      9.598   65.73786 -168.64762     6.0515    29.8603    1468.62  0.000e+00
      9.482   65.73786 -168.64762     6.0515    29.8583    1468.62  0.000e+00
      9.544   65.73786 -168.64762     6.0513    29.8582    1468.62  0.000e+00
      9.544   65.73786 -168.64762     6.0512    29.8610    1468.62  0.000e+00
      9.544   65.73786 -168.64762     6.0509    29.8647    1468.63  0.000e+00
      9.544   65.73786 -168.64762     6.0505    29.8692    1468.63  0.000e+00
      9.544   65.73786 -168.64762     6.0500    29.8711    1468.63  0.000e+00
      9.598   65.73786 -168.64762     6.0489    29.8730    1468.63  0.000e+00
      9.513   65.73786 -168.64762     6.0481    29.8732    1468.63  0.000e+00
      9.544   65.73786 -168.64762     6.0481    29.8735    1468.63  0.000e+00
      9.544   65.73786 -168.64762     6.0476    29.8742    1468.63  0.000e+00
      9.544   65.73786 -168.64762     6.0476    29.8755    1468.63  0.000e+00
      9.544   65.73786 -168.64762     6.0475    29.8771    1468.63  0.000e+00
      9.544   65.73786 -168.64762     6.0468    29.8794    1468.63  0.000e+00
      9.598   65.73786 -168.64762     6.0461    29.8831    1468.63  0.000e+00
      9.544   65.73786 -168.64762     6.0454    29.8863    1468.63  0.000e+00
      9.544   65.73786 -168.64762     6.0444    29.8889    1468.63  0.000e+00
      9.482   65.73786 -168.64762     6.0440    29.8911    1468.63  0.000e+00
      9.628   65.73786 -168.64762     6.0433    29.8953    1468.64  0.000e+00
      9.543   65.73786 -168.64762     6.0423    29.8994    1468.64  0.000e+00
      9.543   65.73786 -168.64762     6.0411    29.9016    1468.63  0.000e+00
      9.597   65.73786 -168.64762     6.0396    29.9026    1468.63  0.000e+00
      9.543   65.73786 -168.64762     6.0384    29.9040    1468.63  0.000e+00
      9.543   65.73786 -168.64762     6.0374    29.9105    1468.63  0.000e+00
      9.543   65.73786 -168.64762     6.0358    29.9165    1468.63  0.000e+00
      9.543   65.73786 -168.64762     6.0345    29.9203    1468.63  0.000e+00
      9.597   65.73786 -168.64762     6.0331    29.9259    1468.63  0.000e+00
      9.574   65.73786 -168.64762     6.0312    29.9336    1468.64  0.000e+00
      9.543   65.73786 -168.64762     6.0291    29.9468    1468.64  0.000e+00
      9.597   65.73786 -168.64762     6.0268    29.9672    1468.66  0.000e+00
      9.543   65.73786 -168.64762     6.0251    29.9835    1468.67  0.000e+00
      9.543   65.73786 -168.64762     6.0244    29.9881    1468.68  0.000e+00
      9.543   65.73786 -168.64762     6.0227    29.9889    1468.67  0.000e+00
      9.597   65.73786 -168.64762     6.0195    29.9872    1468.66  0.000e+00
      9.597   65.73786 -168.64762     6.0179    29.9816    1468.64  0.000e+00
      9.543   65.73786 -168.64762     6.0169    29.9765    1468.63  0.000e+00
      9.597   65.73786 -168.64762     6.0161    29.9729    1468.62  0.000e+00
      9.574   65.73786 -168.64762     6.0166    29.9732    1468.63  0.000e+00
      9.543   65.73786 -168.64762     6.0168    29.9842    1468.64  0.000e+00
      9.597   65.73786 -168.64762     6.0150    29.9966    1468.65  0.000e+00
      9.597   65.73786 -168.64762     6.0133    30.0037    1468.65  0.000e+00
      9.597   65.73786 -168.64762     6.0136    30.0085    1468.66  0.000e+00
      9.543   65.73786 -168.64762     6.0136    30.0112    1468.66  0.000e+00
      9.597   65.73786 -168.64762     6.0128    30.0180    1468.67  0.000e+00
      9.597   65.73786 -168.64762     6.0097    30.0318    1468.67  0.000e+00
      9.659   65.73786 -168.64762     6.0027    30.0562    1468.68  0.000e+00
      9.597   65.73786 -168.64762     5.9915    30.0830    1468.66  0.000e+00
      9.628   65.73786 -168.64762     5.9823    30.0955    1468.64  0.000e+00
      9.659   65.73786 -168.64762     5.9760    30.0958    1468.62  0.000e+00
      9.597   65.73786 -168.64762     5.9730    30.0898    1468.60  0.000e+00
      9.659   65.73786 -168.64762     5.9736    30.0835    1468.59  0.000e+00
      9.659   65.73786 -168.64762     5.9738    30.0834    1468.59  0.000e+00
      9.597   65.73786 -168.64762     5.9735    30.0844    1468.59  0.000e+00
      9.659   65.73786 -168.64762     5.9709    30.0832    1468.58  0.000e+00
      9.659   65.73786 -168.64762     5.9715    30.0689    1468.57  0.000e+00
      9.659   65.73786 -168.64762     5.9744    30.0639    1468.57  0.000e+00
      9.597   65.73786 -168.64762     5.9742    30.0674    1468.58  0.000e+00
      9.744   65.73786 -168.64762     5.9752    30.0611    1468.57  0.000e+00
      9.713   65.73786 -168.64762     5.9782    30.0538    1468.58  0.000e+00
      9.659   65.73786 -168.64762     5.9808    30.0558    1468.59  0.000e+00
      9.713   65.73786 -168.64762     5.9818    30.0712    1468.61  0.000e+00
      9.713   65.73786 -168.64762     5.9799    30.0821    1468.62  0.000e+00
      9.713   65.73786 -168.64762     5.9760    30.0758    1468.59  0.000e+00
      9.713   65.73786 -168.64762     5.9752    30.0771    1468.59  0.000e+00
      9.713   65.73786 -168.64762     5.9735    30.1023    1468.62  0.000e+00
      9.713   65.73786 -168.64762     5.9694    30.1343    1468.64  0.000e+00
      9.744   65.73786 -168.64762     5.9647    30.1570    1468.65  0.000e+00
      9.713   65.73786 -168.64762     5.9603    30.1667    1468.65  0.000e+00
      9.767   65.73786 -168.64762     5.9573    30.1594    1468.63  0.000e+00
      9.767   65.73786 -168.64762     5.9585    30.1420    1468.61  0.000e+00
      9.767   65.73786 -168.64762     5.9616    30.1297    1468.61  0.000e+00
      9.767   65.73786 -168.64762     5.9644    30.1164    1468.60  0.000e+00
      9.767   65.73786 -168.64762     5.9672    30.1059    1468.60  0.000e+00
      9.767   65.73786 -168.64762     5.9682    30.1208    1468.62  0.000e+00
      9.829   65.73786 -168.64762     5.9648    30.1547    1468.65  0.000e+00
      9.798   65.73786 -168.64762     5.9604    30.1819    1468.67  0.000e+00
      9.829   65.73786 -168.64762     5.9564    30.2002    1468.67  0.000e+00
      9.767   65.73786 -168.64762     5.9513    30.2196    1468.68  0.000e+00
      9.883   65.73786 -168.64762     5.9455    30.2353    1468.68  0.000e+00
      9.767   65.73786 -168.64762     5.9404    30.2483    1468.67  0.000e+00
      9.883   65.73786 -168.64762     5.9355    30.2571    1468.66  0.000e+00
      9.829   65.73786 -168.64762     5.9306    30.2667    1468.65  0.000e+00
      9.829   65.73786 -168.64762     5.9262    30.2784    1468.65  0.000e+00
      9.882   65.73786 -168.64762     5.9225    30.2880    1468.65  0.000e+00
      9.882   65.73786 -168.64762     5.9199    30.2940    1468.65  0.000e+00
      9.913   65.73786 -168.64762     5.9181    30.2989    1468.65  0.000e+00
      9.882   65.73786 -168.64762     5.9151    30.3103    1468.65  0.000e+00
      9.882   65.73786 -168.64762     5.9099    30.3318    1468.65  0.000e+00
      9.882   65.73786 -168.64762     5.9031    30.3550    1468.66  0.000e+00
      9.944   65.73786 -168.64762     5.8962    30.3771    1468.66  0.000e+00
      9.882   65.73786 -168.64762     5.8881    30.3999    1468.65  0.000e+00
      9.944   65.73786 -168.64762     5.8755    30.4272    1468.64  0.000e+00
      9.944   65.73786 -168.64762     5.8604    30.4541    1468.61  0.000e+00
      9.944   65.73786 -168.64762     5.8465    30.4811    1468.59  0.000e+00
      9.913   65.73786 -168.64762     5.8324    30.5063    1468.56  0.000e+00
      9.998   65.73786 -168.64762     5.8188    30.5279    1468.54  0.000e+00
      9.998   65.73786 -168.64762     5.8077    30.5437    1468.51  0.000e+00
      9.944   65.73786 -168.64762     5.7978    30.5564    1468.49  0.000e+00
      9.998   65.73786 -168.64762     5.7895    30.5717    1468.47  0.000e+00
      9.998   65.73786 -168.64762     5.7815    30.5912    1468.47  0.000e+00
      9.998   65.73786 -168.64764     5.7743    30.6046    1468.45  0.000e+00
     10.052   65.73786 -168.64764     5.7679    30.6120    1468.44  0.000e+00
      9.998   65.73786 -168.64764     5.7634    30.6174    1468.43  0.000e+00
     10.029   65.73786 -168.64764     5.7584    30.6308    1468.42  0.000e+00
     10.052   65.73786 -168.64764     5.7541    30.6497    1468.43  0.000e+00
     10.052   65.73786 -168.64764     5.7501    30.6652    1468.43  0.000e+00
     10.052   65.73786 -168.64764     5.7468    30.6771    1468.44  0.000e+00
     10.052   65.73786 -168.64764     5.7428    30.6905    1468.44  0.000e+00
     10.114   65.73786 -168.64764     5.7402    30.7138    1468.46  0.000e+00
     10.052   65.73786 -168.64764     5.7387    30.7377    1468.48  0.000e+00
     10.114   65.73786 -168.64764     5.7374    30.7442    1468.48  0.000e+00
     10.114   65.73786 -168.64764     5.7351    30.7465    1468.48  0.000e+00
     10.145   65.73786 -168.64764     5.7326    30.7525    1468.47  0.000e+00
     10.114   65.73786 -168.64764     5.7301    30.7654    1468.48  0.000e+00
     10.168   65.73786 -168.64764     5.7294    30.7906    1468.51  0.000e+00
     10.114   65.73786 -168.64764     5.7324    30.8335    1468.58  0.000e+00
     10.168   65.73786 -168.64764     5.7402    30.8786    1468.67  0.000e+00
     10.168   65.73786 -168.64764     5.7508    30.9109    1468.75  0.000e+00
     10.168   65.73786 -168.64764     5.7623    30.9293    1468.82  0.000e+00
     10.229   65.73786 -168.64764     5.7738    30.9382    1468.88  0.000e+00
     10.199   65.73786 -168.64764     5.7842    30.9430    1468.92  0.000e+00
     10.168   65.73786 -168.64764     5.7920    30.9507    1468.97  0.000e+00
     10.229   65.73786 -168.64764     5.7992    30.9594    1469.01  0.000e+00
     10.283   65.73786 -168.64764     5.8058    30.9650    1469.04  0.000e+00
     10.229   65.73784 -168.64764     5.8119    30.9665    1469.07  0.000e+00
     10.229   65.73784 -168.64764     5.8174    30.9664    1469.09  0.000e+00
     10.283   65.73784 -168.64764     5.8216    30.9682    1469.11  0.000e+00
     10.283   65.73784 -168.64764     5.8252    30.9695    1469.12  0.000e+00
     10.283   65.73784 -168.64764     5.8276    30.9707    1469.14  0.000e+00
