EcoFOCI/data/1_SampleCollection/2023_SikuliaqDBO_CruiseData/CTD_raw_BottleFile_SKQ23-12S/proc/skq202312s_029.cnv
* Sea-Bird SBE 9 Data File:
* FileName = D:\CTD\SKQ202312S\SKQ202312S_029.hex
* Software Version Seasave V 7.26.7.121
* Temperature SN = 6177
* Conductivity SN = 0369
* Number of Bytes Per Scan = 41
* Number of Voltage Words = 4
* Number of Scans Averaged by the Deck Unit = 1
* NMEA Latitude = 71 24.54 N
* NMEA Longitude = 157 29.66 W
* NMEA UTC (Time) = Sep 21 2023  04:58:57
* NMEA baud rate = 4800
** Ship: R/V Sikuliaq
** Station Number: 029
** Station Name: DBO5.5
** Bottom Depth: 124
** Operator: SS
# nquan = 24
# nvalues = 9233                                  
# units = specified
# name 0 = depSM: Depth [salt water, m]
# name 1 = latitude: Latitude [deg]
# name 2 = longitude: Longitude [deg]
# name 3 = prDM: Pressure, Digiquartz [db]
# name 4 = t090C: Temperature [ITS-90, deg C]
# name 5 = t190C: Temperature, 2 [ITS-90, deg C]
# name 6 = potemp090C: Potential Temperature [ITS-90, deg C]
# name 7 = sal00: Salinity, Practical [PSU]
# name 8 = sal11: Salinity, Practical, 2 [PSU]
# name 9 = density00: Density [density, kg/m^3]
# name 10 = sigma-é00: Density [sigma-theta, kg/m^3]
# name 11 = sbox0Mm/Kg: Oxygen, SBE 43 [umol/kg]
# name 12 = sbox1Mm/Kg: Oxygen, SBE 43, 2 [umol/kg]
# name 13 = oxsolMm/Kg: Oxygen Saturation, Garcia & Gordon [umol/kg]
# name 14 = sbeox0PS: Oxygen, SBE 43 [% saturation]
# name 15 = sbeox1PS: Oxygen, SBE 43, 2 [% saturation]
# name 16 = v0: Voltage 0
# name 17 = flECO-AFL: Fluorescence, WET Labs ECO-AFL/FL [mg/m^3]
# name 18 = v1: Voltage 1
# name 19 = CStarAt0: Beam Attenuation, WET Labs C-Star [1/m]
# name 20 = par: PAR/Irradiance, Biospherical/Licor
# name 21 = scan: Scan Count
# name 22 = timeM: Time, Elapsed [minutes]
# name 23 = flag:  0.000e+00
# span 0 =      2.734,    119.316                 
# span 1 =   71.40904,   71.40908                 
# span 2 = -157.49360, -157.49236                 
# span 3 =      2.762,    120.581                 
# span 4 =    -1.6681,     4.7481                 
# span 5 =    -1.6666,     4.7495                 
# span 6 =    -1.6703,     4.7472                 
# span 7 =    30.2602,    32.7515                 
# span 8 =    30.2736,    32.7618                 
# span 9 =  1023.9671,  1026.9319                 
# span 10 =    23.9498,    26.3499                
# span 11 =    243.763,    488.493                
# span 12 =    229.002,    448.643                
# span 13 =  319.53707,  370.32424                
# span 14 =     65.854,    133.038                
# span 15 =     61.873,    122.019                
# span 16 =     0.0659,     0.3504                
# span 17 =     0.0476,     1.7546                
# span 18 =     2.3834,     4.2234                
# span 19 =     0.4382,     2.7276                
# span 20 = 1.0000e-12, 1.5249e+00                
# span 21 =          1,       9233                
# span 22 =     0.0000,     6.4111                
# span 23 = 0.0000e+00, 0.0000e+00                
# interval = seconds: 0.0416667
# start_time = Sep 21 2023 05:03:15 [NMEA time, first data scan]
# bad_flag = -9.990e-29
*END*
[from data line 2536]
     27.916   71.40906 -157.49328     28.206    -1.3301    -1.3287    -1.3306    32.3171    32.3415  1026.1249    25.9888    475.611    447.244  368.07170    129.217    121.538     0.1392     0.4872     4.1551     0.5035 1.0000e-12       2537     1.7611  0.000e+00
     27.893   71.40906 -157.49328     28.182    -1.3311    -1.3290    -1.3316    32.3204    32.3432  1026.1274    25.9915    474.658    446.866  368.07180    128.958    121.436     0.1380     0.4798     4.1563     0.5023 1.0000e-12       2538     1.7618  0.000e+00
     27.970   71.40906 -157.49328     28.260    -1.3316    -1.3296    -1.3321    32.3219    32.3448  1026.1290    25.9926    474.423    446.697  368.07282    128.894    121.390     0.1392     0.4872     4.1563     0.5023 1.0000e-12       2539     1.7625  0.000e+00
     27.954   71.40906 -157.49328     28.245    -1.3318    -1.3298    -1.3323    32.3221    32.3450  1026.1291    25.9928    474.219    446.331  368.07383    128.838    121.290     0.1404     0.4945     4.1551     0.5035 1.0000e-12       2540     1.7632  0.000e+00
     27.970   71.40906 -157.49326     28.260    -1.3322    -1.3302    -1.3328    32.3239    32.3455  1026.1306    25.9943    473.540    445.979  368.07323    128.654    121.193     0.1392     0.4872     4.1563     0.5023 1.0000e-12       2541     1.7639  0.000e+00
     28.008   71.40906 -157.49326     28.299    -1.3322    -1.3304    -1.3328    32.3244    32.3455  1026.1312    25.9947    473.114    446.061  368.07181    128.538    121.215     0.1404     0.4945     4.1551     0.5035 8.4714e-06       2542     1.7646  0.000e+00
     28.024   71.40906 -157.49326     28.315    -1.3325    -1.3309    -1.3330    32.3241    32.3474  1026.1311    25.9945    472.690    445.728  368.07475    128.422    121.125     0.1392     0.4872     4.1563     0.5023 1.0000e-12       2543     1.7653  0.000e+00
     28.070   71.40906 -157.49326     28.361    -1.3323    -1.3311    -1.3329    32.3244    32.3479  1026.1316    25.9947    472.261    445.154  368.07269    128.306    120.968     0.1392     0.4872     4.1575     0.5011 8.4714e-06       2544     1.7660  0.000e+00
     28.008   71.40906 -157.49326     28.299    -1.3327    -1.3316    -1.3332    32.3262    32.3500  1026.1327    25.9962    471.571    445.013  368.07094    128.120    120.930     0.1380     0.4798     4.1612     0.4976 1.0000e-12       2545     1.7667  0.000e+00
     28.085   71.40906 -157.49326     28.377    -1.3330    -1.3319    -1.3335    32.3261    32.3512  1026.1330    25.9961    471.162    444.675  368.07413    128.007    120.839     0.1392     0.4872     4.1624     0.4964 1.0000e-12       2546     1.7674  0.000e+00
     28.124   71.40906 -157.49326     28.416    -1.3336    -1.3319    -1.3342    32.3270    32.3511  1026.1339    25.9968    470.763    444.328  368.07784    127.898    120.744     0.1380     0.4798     4.1612     0.4976 1.0000e-12       2547     1.7681  0.000e+00
     28.085   71.40906 -157.49326     28.377    -1.3341    -1.3322    -1.3346    32.3290    32.3517  1026.1354    25.9985    470.363    443.973  368.07641    127.789    120.647     0.1258     0.4066     4.1624     0.4964 1.0000e-12       2548     1.7688  0.000e+00
     28.124   71.40906 -157.49326     28.416    -1.3343    -1.3325    -1.3348    32.3299    32.3523  1026.1363    25.9992    469.777    443.619  368.07629    127.630    120.551     0.1184     0.3626     4.1612     0.4976 8.4714e-06       2549     1.7694  0.000e+00
     28.139   71.40906 -157.49326     28.431    -1.3350    -1.3328    -1.3355    32.3310    32.3522  1026.1373    26.0002    469.168    443.266  368.07973    127.464    120.454     0.1160     0.3480     4.1612     0.4976 1.0000e-12       2550     1.7701  0.000e+00
     28.178   71.40906 -157.49326     28.470    -1.3351    -1.3331    -1.3356    32.3317    32.3541  1026.1381    26.0007    468.785    442.911  368.07883    127.360    120.358     0.1172     0.3553     4.1612     0.4976 1.0000e-12       2551     1.7708  0.000e+00
     28.201   71.40906 -157.49326     28.494    -1.3350    -1.3332    -1.3355    32.3327    32.3554  1026.1390    26.0015    468.166    442.559  368.07499    127.193    120.263     0.1160     0.3480     4.1612     0.4976 8.4714e-06       2552     1.7715  0.000e+00
     28.178   71.40906 -157.49326     28.470    -1.3353    -1.3334    -1.3358    32.3326    32.3544  1026.1388    26.0014    467.792    442.220  368.07801    127.090    120.170     0.1172     0.3553     4.1612     0.4976 1.0000e-12       2553     1.7722  0.000e+00
     28.201   71.40906 -157.49326     28.494    -1.3354    -1.3337    -1.3359    32.3325    32.3545  1026.1388    26.0014    467.195    441.894  368.07944    126.928    120.080     0.1160     0.3480     4.1612     0.4976 1.0000e-12       2554     1.7729  0.000e+00
     28.239   71.40906 -157.49326     28.533    -1.3354    -1.3340    -1.3360    32.3326    32.3563  1026.1391    26.0014    466.585    441.575  368.07978    126.762    119.994     0.1172     0.3553     4.1612     0.4976 1.0000e-12       2555     1.7736  0.000e+00
     28.255   71.40906 -157.49326     28.548    -1.3356    -1.3340    -1.3361    32.3326    32.3572  1026.1392    26.0015    466.273    441.270  368.08070    126.677    119.912     0.1172     0.3553     4.1612     0.4976 1.0000e-12       2556     1.7743  0.000e+00
     28.239   71.40906 -157.49326     28.533    -1.3359    -1.3341    -1.3365    32.3328    32.3588  1026.1393    26.0016    465.650    440.980  368.08375    126.506    119.835     0.1172     0.3553     4.1624     0.4964 1.0000e-12       2557     1.7750  0.000e+00
     28.317   71.40906 -157.49326     28.610    -1.3360    -1.3339    -1.3366    32.3343    32.3606  1026.1409    26.0029    465.019    440.483  368.08031    126.336    119.702     0.1172     0.3553     4.1612     0.4976 8.4714e-06       2558     1.7757  0.000e+00
     28.293   71.40906 -157.49326     28.587    -1.3363    -1.3339    -1.3369    32.3366    32.3625  1026.1427    26.0047    464.639    440.204  368.07650    126.234    119.628     0.1160     0.3480     4.1612     0.4976 1.0000e-12       2559     1.7764  0.000e+00
     28.370   71.40906 -157.49326     28.665    -1.3364    -1.3336    -1.3369    32.3385    32.3629  1026.1445    26.0062    464.314    439.928  368.07180    126.148    119.554     0.1172     0.3553     4.1612     0.4976 1.0000e-12       2560     1.7771  0.000e+00
     28.293   71.40906 -157.49326     28.587    -1.3366    -1.3337    -1.3372    32.3417    32.3639  1026.1468    26.0088    463.517    439.447  368.06528    125.933    119.424     0.1172     0.3553     4.1612     0.4976 1.0000e-12       2561     1.7778  0.000e+00
     28.370   71.40906 -157.49326     28.665    -1.3365    -1.3339    -1.3370    32.3424    32.3651  1026.1477    26.0094    462.899    438.944  368.06152    125.767    119.288     0.1172     0.3553     4.1612     0.4976 1.0000e-12       2562     1.7785  0.000e+00
     28.409   71.40906 -157.49326     28.704    -1.3365    -1.3340    -1.3370    32.3437    32.3654  1026.1490    26.0105    462.549    438.640  368.05761    125.673    119.205     0.1148     0.3406     4.1612     0.4976 8.4714e-06       2563     1.7792  0.000e+00
     28.370   71.40906 -157.49326     28.665    -1.3366    -1.3341    -1.3371    32.3442    32.3660  1026.1492    26.0109    461.953    438.139  368.05745    125.511    119.069     0.1172     0.3553     4.1600     0.4988 1.0000e-12       2564     1.7799  0.000e+00
     28.409   71.40906 -157.49326     28.704    -1.3365    -1.3341    -1.3370    32.3450    32.3668  1026.1500    26.0115    461.374    437.617  368.05389    125.355    118.928     0.1172     0.3553     4.1563     0.5023 1.0000e-12       2565     1.7806  0.000e+00
     28.424   71.40906 -157.49326     28.719    -1.3365    -1.3337    -1.3370    32.3471    32.3667  1026.1518    26.0132    460.811    437.297  368.04795    125.204    118.842     0.1160     0.3480     4.1563     0.5023 1.0000e-12       2566     1.7813  0.000e+00
     28.409   71.40906 -157.49326     28.704    -1.3364    -1.3340    -1.3369    32.3465    32.3676  1026.1512    26.0127    460.228    436.767  368.04851    125.045    118.698     0.1172     0.3553     4.1563     0.5023 8.4714e-06       2567     1.7819  0.000e+00
     28.409   71.40906 -157.49326     28.704    -1.3360    -1.3339    -1.3366    32.3470    32.3691  1026.1516    26.0131    459.664    436.439  368.04358    124.894    118.611     0.1160     0.3480     4.1563     0.5023 1.0000e-12       2568     1.7826  0.000e+00
     28.540   71.40906 -157.49326     28.836    -1.3361    -1.3341    -1.3367    32.3492    32.3699  1026.1541    26.0150    459.089    435.916  368.03825    124.740    118.469     0.1172     0.3553     4.1563     0.5023 8.4714e-06       2569     1.7833  0.000e+00
     28.471   71.40906 -157.49326     28.766    -1.3359    -1.3343    -1.3365    32.3487    32.3717  1026.1533    26.0145    458.488    435.623  368.03745    124.577    118.390     0.1160     0.3480     4.1563     0.5023 1.0000e-12       2570     1.7840  0.000e+00
     28.540   71.40906 -157.49326     28.836    -1.3359    -1.3346    -1.3365    32.3501    32.3732  1026.1548    26.0156    457.927    435.134  368.03347    124.425    118.258     0.1172     0.3553     4.1563     0.5023 8.4714e-06       2571     1.7847  0.000e+00
     28.524   71.40906 -157.49326     28.821    -1.3357    -1.3343    -1.3363    32.3518    32.3742  1026.1561    26.0171    457.345    434.854  368.02669    124.269    118.184     0.1172     0.3553     4.1563     0.5023 8.4714e-06       2572     1.7854  0.000e+00
     28.540   71.40906 -157.49326     28.836    -1.3356    -1.3352    -1.3361    32.3519    32.3760  1026.1562    26.0171    456.811    434.387  368.02493    124.125    118.056     0.1245     0.3993     4.1563     0.5023 1.0000e-12       2573     1.7861  0.000e+00
     28.524   71.40906 -157.49326     28.821    -1.3352    -1.3360    -1.3358    32.3518    32.3778  1026.1561    26.0170    456.010    434.140  368.02158    123.908    117.988     0.1465     0.5311     4.1563     0.5023 1.0000e-12       2574     1.7868  0.000e+00
     28.602   71.40906 -157.49326     28.898    -1.3350    -1.3367    -1.3355    32.3525    32.3798  1026.1570    26.0176    455.420    433.472  368.01731    123.750    117.805     0.1526     0.5678     4.1563     0.5023 1.0000e-12       2575     1.7875  0.000e+00
     28.578   71.40906 -157.49326     28.875    -1.3351    -1.3366    -1.3357    32.3549    32.3803  1026.1588    26.0195    454.823    432.986  368.01159    123.589    117.675     0.1526     0.5678     4.1563     0.5023 1.0000e-12       2576     1.7882  0.000e+00
     28.601   71.40906 -157.49326     28.898    -1.3353    -1.3374    -1.3358    32.3560    32.3812  1026.1598    26.0204    454.084    432.520  368.01018    123.389    117.546     0.1514     0.5604     4.1563     0.5023 1.0000e-12       2577     1.7889  0.000e+00
     28.640   71.40906 -157.49326     28.937    -1.3357    -1.3380    -1.3363    32.3574    32.3821  1026.1612    26.0216    453.499    432.059  368.01062    123.230    117.420     0.1514     0.5604     4.1563     0.5023 1.0000e-12       2578     1.7896  0.000e+00
     28.655   71.40906 -157.49326     28.953    -1.3358    -1.3388    -1.3364    32.3580    32.3841  1026.1618    26.0221    452.710    431.832  368.00993    123.016    117.357     0.1502     0.5531     4.1563     0.5023 1.0000e-12       2579     1.7903  0.000e+00
     28.640   71.40906 -157.49326     28.937    -1.3371    -1.3401    -1.3377    32.3605    32.3868  1026.1637    26.0241    452.100    431.161  368.01519    122.848    117.173     0.1514     0.5604     4.1563     0.5023 1.0000e-12       2580     1.7910  0.000e+00
     28.655   71.40906 -157.49326     28.953    -1.3380    -1.3408    -1.3386    32.3629    32.3882  1026.1658    26.0261    451.549    430.698  368.01720    122.698    117.047     0.1526     0.5678     4.1563     0.5023 1.0000e-12       2581     1.7917  0.000e+00
     28.756   71.40906 -157.49326     29.054    -1.3388    -1.3413    -1.3393    32.3638    32.3883  1026.1670    26.0269    450.765    430.257  368.02204    122.483    116.925     0.1514     0.5604     4.1563     0.5023 1.0000e-12       2582     1.7924  0.000e+00
     28.655   71.40906 -157.49326     28.953    -1.3392    -1.3416    -1.3398    32.3643    32.3892  1026.1670    26.0273    450.452    430.011  368.02509    122.397    116.858     0.1526     0.5678     4.1563     0.5023 1.0000e-12       2583     1.7931  0.000e+00
     28.756   71.40906 -157.49326     29.054    -1.3393    -1.3417    -1.3399    32.3650    32.3898  1026.1681    26.0279    449.650    429.371  368.02418    122.180    116.685     0.1514     0.5604     4.1526     0.5058 1.0000e-12       2584     1.7938  0.000e+00
     28.771   71.40906 -157.49326     29.070    -1.3400    -1.3415    -1.3405    32.3681    32.3915  1026.1706    26.0304    449.072    428.936  368.02151    122.023    116.569     0.1514     0.5604     4.1294     0.5283 1.0000e-12       2585     1.7944  0.000e+00
     28.694   71.40906 -157.49326     28.992    -1.3402    -1.3416    -1.3407    32.3692    32.3930  1026.1712    26.0313    448.308    428.493  368.01992    121.816    116.449     0.1514     0.5604     4.1184     0.5389 1.0000e-12       2586     1.7951  0.000e+00
     28.825   71.40906 -157.49326     29.124    -1.3404    -1.3422    -1.3410    32.3698    32.3945  1026.1723    26.0317    447.696    427.834  368.02122    121.650    116.270     0.1514     0.5604     4.1184     0.5389 1.0000e-12       2587     1.7958  0.000e+00
     28.809   71.40906 -157.49326     29.109    -1.3404    -1.3424    -1.3410    32.3709    32.3951  1026.1731    26.0327    446.892    427.617  368.01784    121.432    116.211     0.1526     0.5678     4.1197     0.5377 1.0000e-12       2588     1.7965  0.000e+00
     28.771   71.40906 -157.49326     29.070    -1.3411    -1.3426    -1.3416    32.3720    32.3966  1026.1738    26.0336    446.132    426.969  368.02092    121.225    116.035     0.1514     0.5604     4.1197     0.5377 1.0000e-12       2589     1.7972  0.000e+00
     28.809   71.40906 -157.49326     29.109    -1.3415    -1.3430    -1.3421    32.3727    32.3997  1026.1746    26.0341    445.574    426.291  368.02359    121.072    115.853     0.1526     0.5678     4.1197     0.5377 1.0000e-12       2590     1.7979  0.000e+00
     28.887   71.40906 -157.49326     29.186    -1.3420    -1.3435    -1.3426    32.3745    32.4010  1026.1764    26.0356    444.797    425.888  368.02285    120.861    115.743     0.1514     0.5604     4.1197     0.5377 1.0000e-12       2591     1.7986  0.000e+00
     28.871   71.40906 -157.49326     29.171    -1.3424    -1.3443    -1.3430    32.3778    32.4024  1026.1791    26.0383    444.263    425.490  368.01771    120.718    115.633     0.1526     0.5678     4.1197     0.5377 8.4714e-06       2592     1.7993  0.000e+00
     28.886   71.40906 -157.49326     29.186    -1.3432    -1.3452    -1.3438    32.3786    32.4043  1026.1798    26.0389    443.533    424.841  368.02303    120.518    115.456     0.1514     0.5604     4.1197     0.5377 1.0000e-12       2593     1.8000  0.000e+00
     28.871   71.40906 -157.49326     29.171    -1.3438    -1.3464    -1.3444    32.3794    32.4070  1026.1804    26.0397    442.751    424.428  368.02677    120.304    115.342     0.1514     0.5604     4.1197     0.5377 1.0000e-12       2594     1.8007  0.000e+00
     28.940   71.40906 -157.49326     29.241    -1.3443    -1.3473    -1.3449    32.3817    32.4083  1026.1826    26.0415    442.227    423.806  368.02464    120.162    115.172     0.1514     0.5604     4.1197     0.5377 1.0000e-12       2595     1.8014  0.000e+00
     28.925   71.40906 -157.49326     29.225    -1.3449    -1.3490    -1.3454    32.3832    32.4105  1026.1837    26.0427    441.501    423.397  368.02613    119.965    115.057     0.1514     0.5604     4.1197     0.5377 1.0000e-12       2596     1.8021  0.000e+00
