EcoFOCI/data/1_SampleCollection/2023_SikuliaqDBO_CruiseData/CTD_raw_BottleFile_SKQ23-12S/proc/skq202312s_026svp.cnv
* Sea-Bird SBE 9 Data File:
* FileName = D:\CTD\SKQ202312S\SKQ202312S_026.hex
* Software Version Seasave V 7.26.7.121
* Temperature SN = 6177
* Conductivity SN = 0369
* Number of Bytes Per Scan = 41
* Number of Voltage Words = 4
* Number of Scans Averaged by the Deck Unit = 1
* NMEA Latitude = 71 17.26 N
* NMEA Longitude = 157 14.75 W
* NMEA UTC (Time) = Sep 20 2023  23:14:47
* NMEA baud rate = 4800
** Ship: R/V Sikuliaq
** Station Number: 026
** Station Name: DBO5.2
** Bottom Depth: 56
** Operator: SD
# nquan = 7
# nvalues = 5478                                  
# units = specified
# name 0 = depSM: Depth [salt water, m]
# name 1 = latitude: Latitude [deg]
# name 2 = longitude: Longitude [deg]
# name 3 = t090C: Temperature [ITS-90, deg C]
# name 4 = sal00: Salinity, Practical [PSU]
# name 5 = svCM: Sound Velocity [Chen-Millero, m/s]
# name 6 = flag:  0.000e+00
# span 0 =      2.412,     51.387                 
# span 1 =   71.28776,   71.28778                 
# span 2 = -157.24544, -157.24540                 
# span 3 =     2.1595,     4.5957                 
# span 4 =    30.2644,    31.7894                 
# span 5 =    1455.34,    1463.73                 
# span 6 = 0.0000e+00, 0.0000e+00                 
# interval = seconds: 0.0416667
# start_time = Sep 20 2023 23:18:27 [NMEA time, first data scan]
# bad_flag = -9.990e-29
*END*
[from data line 1026]
     10.315   71.28778 -157.24540     4.3328    30.2770    1462.12  0.000e+00
     10.315   71.28778 -157.24540     4.3327    30.2771    1462.12  0.000e+00
     10.315   71.28778 -157.24540     4.3326    30.2773    1462.12  0.000e+00
     10.315   71.28778 -157.24540     4.3326    30.2775    1462.12  0.000e+00
     10.338   71.28778 -157.24540     4.3329    30.2775    1462.12  0.000e+00
     10.369   71.28778 -157.24540     4.3326    30.2778    1462.12  0.000e+00
     10.315   71.28778 -157.24540     4.3330    30.2775    1462.12  0.000e+00
     10.315   71.28778 -157.24540     4.3329    30.2773    1462.12  0.000e+00
     10.369   71.28778 -157.24540     4.3328    30.2770    1462.12  0.000e+00
     10.369   71.28778 -157.24540     4.3329    30.2775    1462.12  0.000e+00
     10.315   71.28778 -157.24540     4.3328    30.2779    1462.12  0.000e+00
     10.369   71.28778 -157.24540     4.3328    30.2779    1462.12  0.000e+00
     10.338   71.28778 -157.24540     4.3331    30.2776    1462.12  0.000e+00
     10.315   71.28778 -157.24540     4.3330    30.2778    1462.12  0.000e+00
     10.369   71.28778 -157.24540     4.3330    30.2775    1462.12  0.000e+00
     10.315   71.28778 -157.24540     4.3331    30.2776    1462.12  0.000e+00
     10.315   71.28778 -157.24540     4.3330    30.2776    1462.12  0.000e+00
     10.369   71.28778 -157.24540     4.3331    30.2775    1462.12  0.000e+00
     10.315   71.28778 -157.24540     4.3329    30.2776    1462.12  0.000e+00
     10.315   71.28778 -157.24540     4.3330    30.2777    1462.12  0.000e+00
     10.284   71.28778 -157.24540     4.3329    30.2776    1462.12  0.000e+00
     10.315   71.28778 -157.24540     4.3331    30.2774    1462.12  0.000e+00
     10.315   71.28778 -157.24540     4.3331    30.2776    1462.12  0.000e+00
     10.253   71.28778 -157.24540     4.3331    30.2777    1462.12  0.000e+00
     10.315   71.28778 -157.24540     4.3331    30.2772    1462.12  0.000e+00
     10.253   71.28778 -157.24540     4.3330    30.2775    1462.12  0.000e+00
     10.253   71.28778 -157.24540     4.3331    30.2776    1462.12  0.000e+00
     10.253   71.28778 -157.24540     4.3330    30.2778    1462.12  0.000e+00
     10.230   71.28778 -157.24540     4.3331    30.2775    1462.12  0.000e+00
     10.199   71.28778 -157.24540     4.3330    30.2774    1462.12  0.000e+00
     10.253   71.28778 -157.24540     4.3328    30.2776    1462.12  0.000e+00
     10.199   71.28778 -157.24540     4.3331    30.2773    1462.12  0.000e+00
     10.199   71.28778 -157.24540     4.3328    30.2775    1462.12  0.000e+00
     10.199   71.28778 -157.24540     4.3330    30.2777    1462.12  0.000e+00
     10.138   71.28778 -157.24540     4.3331    30.2778    1462.12  0.000e+00
     10.138   71.28778 -157.24540     4.3331    30.2779    1462.12  0.000e+00
     10.114   71.28778 -157.24540     4.3332    30.2781    1462.12  0.000e+00
     10.138   71.28778 -157.24540     4.3331    30.2782    1462.12  0.000e+00
     10.084   71.28778 -157.24540     4.3333    30.2781    1462.12  0.000e+00
     10.084   71.28778 -157.24540     4.3334    30.2778    1462.12  0.000e+00
     10.084   71.28778 -157.24540     4.3336    30.2782    1462.12  0.000e+00
     10.084   71.28778 -157.24540     4.3337    30.2780    1462.12  0.000e+00
     10.084   71.28778 -157.24540     4.3338    30.2779    1462.12  0.000e+00
     10.022   71.28778 -157.24540     4.3339    30.2778    1462.12  0.000e+00
      9.999   71.28778 -157.24540     4.3337    30.2780    1462.12  0.000e+00
     10.022   71.28778 -157.24540     4.3340    30.2775    1462.12  0.000e+00
     10.022   71.28778 -157.24540     4.3334    30.2782    1462.12  0.000e+00
      9.968   71.28778 -157.24540     4.3335    30.2780    1462.12  0.000e+00
      9.968   71.28778 -157.24540     4.3337    30.2781    1462.12  0.000e+00
      9.968   71.28778 -157.24540     4.3336    30.2782    1462.12  0.000e+00
      9.968   71.28778 -157.24540     4.3334    30.2781    1462.11  0.000e+00
      9.914   71.28778 -157.24540     4.3334    30.2781    1462.11  0.000e+00
      9.914   71.28778 -157.24540     4.3336    30.2779    1462.11  0.000e+00
      9.937   71.28778 -157.24540     4.3335    30.2782    1462.12  0.000e+00
      9.914   71.28778 -157.24540     4.3334    30.2781    1462.11  0.000e+00
      9.968   71.28778 -157.24540     4.3334    30.2783    1462.11  0.000e+00
      9.852   71.28778 -157.24540     4.3334    30.2783    1462.11  0.000e+00
      9.914   71.28778 -157.24540     4.3334    30.2783    1462.11  0.000e+00
      9.914   71.28778 -157.24540     4.3335    30.2780    1462.11  0.000e+00
      9.914   71.28778 -157.24540     4.3334    30.2783    1462.11  0.000e+00
      9.852   71.28778 -157.24540     4.3334    30.2782    1462.11  0.000e+00
      9.883   71.28778 -157.24540     4.3334    30.2779    1462.11  0.000e+00
      9.914   71.28778 -157.24540     4.3331    30.2777    1462.11  0.000e+00
      9.914   71.28778 -157.24540     4.3331    30.2778    1462.11  0.000e+00
      9.852   71.28778 -157.24540     4.3331    30.2781    1462.11  0.000e+00
      9.914   71.28778 -157.24540     4.3333    30.2782    1462.11  0.000e+00
      9.852   71.28778 -157.24540     4.3332    30.2781    1462.11  0.000e+00
      9.914   71.28778 -157.24540     4.3333    30.2783    1462.11  0.000e+00
      9.914   71.28778 -157.24540     4.3334    30.2783    1462.11  0.000e+00
      9.883   71.28778 -157.24540     4.3335    30.2777    1462.11  0.000e+00
      9.914   71.28778 -157.24540     4.3333    30.2777    1462.11  0.000e+00
      9.914   71.28778 -157.24540     4.3333    30.2777    1462.11  0.000e+00
      9.914   71.28778 -157.24540     4.3332    30.2775    1462.11  0.000e+00
      9.968   71.28778 -157.24540     4.3330    30.2777    1462.11  0.000e+00
      9.914   71.28778 -157.24540     4.3331    30.2774    1462.11  0.000e+00
      9.968   71.28778 -157.24540     4.3328    30.2776    1462.11  0.000e+00
      9.968   71.28778 -157.24540     4.3326    30.2777    1462.11  0.000e+00
     10.022   71.28778 -157.24540     4.3329    30.2775    1462.11  0.000e+00
      9.999   71.28778 -157.24540     4.3330    30.2776    1462.11  0.000e+00
     10.022   71.28778 -157.24540     4.3326    30.2777    1462.11  0.000e+00
     10.022   71.28778 -157.24540     4.3329    30.2776    1462.11  0.000e+00
     10.083   71.28778 -157.24540     4.3326    30.2779    1462.11  0.000e+00
     10.083   71.28778 -157.24540     4.3326    30.2779    1462.11  0.000e+00
     10.083   71.28778 -157.24540     4.3329    30.2773    1462.11  0.000e+00
     10.137   71.28778 -157.24540     4.3330    30.2775    1462.11  0.000e+00
     10.199   71.28778 -157.24540     4.3327    30.2775    1462.12  0.000e+00
     10.114   71.28778 -157.24540     4.3328    30.2777    1462.11  0.000e+00
     10.253   71.28778 -157.24540     4.3328    30.2777    1462.12  0.000e+00
     10.199   71.28778 -157.24540     4.3327    30.2774    1462.11  0.000e+00
     10.315   71.28778 -157.24540     4.3326    30.2777    1462.12  0.000e+00
     10.253   71.28778 -157.24540     4.3328    30.2777    1462.12  0.000e+00
     10.315   71.28778 -157.24540     4.3327    30.2775    1462.12  0.000e+00
     10.369   71.28778 -157.24540     4.3326    30.2773    1462.12  0.000e+00
     10.369   71.28778 -157.24540     4.3329    30.2772    1462.12  0.000e+00
     10.400   71.28778 -157.24540     4.3326    30.2775    1462.12  0.000e+00
     10.484   71.28778 -157.24540     4.3328    30.2771    1462.12  0.000e+00
     10.484   71.28778 -157.24540     4.3327    30.2771    1462.12  0.000e+00
     10.538   71.28778 -157.24540     4.3325    30.2771    1462.12  0.000e+00
     10.538   71.28778 -157.24540     4.3326    30.2773    1462.12  0.000e+00
     10.538   71.28778 -157.24540     4.3326    30.2775    1462.12  0.000e+00
     10.654   71.28778 -157.24540     4.3328    30.2774    1462.12  0.000e+00
     10.600   71.28778 -157.24540     4.3327    30.2774    1462.12  0.000e+00
     10.685   71.28778 -157.24540     4.3328    30.2774    1462.12  0.000e+00
     10.770   71.28778 -157.24540     4.3330    30.2773    1462.13  0.000e+00
     10.770   71.28778 -157.24540     4.3329    30.2777    1462.13  0.000e+00
     10.770   71.28778 -157.24540     4.3331    30.2775    1462.13  0.000e+00
     10.824   71.28778 -157.24540     4.3328    30.2773    1462.13  0.000e+00
     10.824   71.28778 -157.24540     4.3329    30.2773    1462.13  0.000e+00
     10.885   71.28778 -157.24540     4.3330    30.2770    1462.13  0.000e+00
     10.916   71.28778 -157.24540     4.3328    30.2771    1462.13  0.000e+00
     10.939   71.28778 -157.24540     4.3327    30.2769    1462.13  0.000e+00
     11.001   71.28778 -157.24540     4.3325    30.2769    1462.13  0.000e+00
     11.001   71.28778 -157.24540     4.3324    30.2769    1462.13  0.000e+00
     11.055   71.28778 -157.24540     4.3325    30.2768    1462.13  0.000e+00
     11.055   71.28778 -157.24540     4.3323    30.2771    1462.13  0.000e+00
     11.171   71.28778 -157.24540     4.3324    30.2768    1462.13  0.000e+00
     11.140   71.28778 -157.24540     4.3323    30.2773    1462.13  0.000e+00
     11.171   71.28778 -157.24540     4.3323    30.2770    1462.13  0.000e+00
     11.171   71.28778 -157.24540     4.3324    30.2768    1462.13  0.000e+00
     11.225   71.28778 -157.24540     4.3325    30.2779    1462.13  0.000e+00
     11.286   71.28778 -157.24540     4.3329    30.2791    1462.14  0.000e+00
     11.225   71.28778 -157.24540     4.3334    30.2790    1462.14  0.000e+00
     11.340   71.28778 -157.24540     4.3339    30.2796    1462.14  0.000e+00
     11.317   71.28778 -157.24540     4.3340    30.2808    1462.14  0.000e+00
     11.402   71.28778 -157.24540     4.3347    30.2802    1462.15  0.000e+00
     11.340   71.28778 -157.24540     4.3351    30.2803    1462.15  0.000e+00
     11.402   71.28778 -157.24540     4.3351    30.2822    1462.15  0.000e+00
     11.456   71.28778 -157.24540     4.3371    30.2863    1462.17  0.000e+00
     11.456   71.28778 -157.24540     4.3395    30.2883    1462.18  0.000e+00
     11.425   71.28778 -157.24540     4.3409    30.2895    1462.18  0.000e+00
     11.518   71.28778 -157.24540     4.3426    30.2936    1462.20  0.000e+00
     11.456   71.28778 -157.24540     4.3453    30.2977    1462.21  0.000e+00
     11.518   71.28778 -157.24540     4.3483    30.3063    1462.24  0.000e+00
     11.518   71.28778 -157.24540     4.3530    30.3177    1462.27  0.000e+00
     11.518   71.28778 -157.24540     4.3592    30.3237    1462.31  0.000e+00
     11.572   71.28778 -157.24540     4.3655    30.3278    1462.34  0.000e+00
     11.602   71.28778 -157.24540     4.3720    30.3360    1462.38  0.000e+00
     11.518   71.28778 -157.24540     4.3786    30.3456    1462.42  0.000e+00
     11.572   71.28778 -157.24540     4.3845    30.3571    1462.46  0.000e+00
     11.626   71.28778 -157.24540     4.3925    30.3652    1462.50  0.000e+00
     11.572   71.28778 -157.24540     4.3987    30.3682    1462.53  0.000e+00
     11.626   71.28778 -157.24540     4.4031    30.3674    1462.55  0.000e+00
     11.602   71.28778 -157.24540     4.4057    30.3680    1462.56  0.000e+00
     11.572   71.28778 -157.24540     4.4082    30.3717    1462.57  0.000e+00
     11.626   71.28778 -157.24540     4.4113    30.3753    1462.59  0.000e+00
     11.626   71.28778 -157.24540     4.4141    30.3766    1462.61  0.000e+00
     11.572   71.28778 -157.24540     4.4164    30.3775    1462.62  0.000e+00
     11.626   71.28778 -157.24540     4.4176    30.3821    1462.63  0.000e+00
     11.572   71.28778 -157.24540     4.4190    30.3884    1462.64  0.000e+00
     11.602   71.28778 -157.24540     4.4236    30.3913    1462.66  0.000e+00
     11.625   71.28778 -157.24540     4.4280    30.3917    1462.68  0.000e+00
     11.572   71.28778 -157.24540     4.4317    30.3923    1462.70  0.000e+00
     11.625   71.28778 -157.24540     4.4343    30.3911    1462.71  0.000e+00
     11.572   71.28778 -157.24540     4.4352    30.3886    1462.71  0.000e+00
     11.518   71.28778 -157.24540     4.4345    30.3872    1462.70  0.000e+00
     11.602   71.28778 -157.24540     4.4339    30.3865    1462.70  0.000e+00
     11.518   71.28778 -157.24540     4.4328    30.3859    1462.69  0.000e+00
     11.572   71.28778 -157.24540     4.4328    30.3858    1462.69  0.000e+00
     11.518   71.28778 -157.24540     4.4326    30.3843    1462.69  0.000e+00
     11.572   71.28778 -157.24540     4.4315    30.3839    1462.69  0.000e+00
     11.456   71.28778 -157.24540     4.4320    30.3844    1462.69  0.000e+00
     11.518   71.28778 -157.24540     4.4323    30.3811    1462.69  0.000e+00
     11.487   71.28778 -157.24540     4.4274    30.3646    1462.64  0.000e+00
     11.456   71.28778 -157.24540     4.4147    30.3443    1462.56  0.000e+00
     11.456   71.28778 -157.24540     4.4028    30.3337    1462.50  0.000e+00
     11.402   71.28778 -157.24540     4.3948    30.3286    1462.46  0.000e+00
     11.402   71.28778 -157.24540     4.3880    30.3191    1462.42  0.000e+00
     11.402   71.28778 -157.24540     4.3810    30.3065    1462.37  0.000e+00
     11.402   71.28778 -157.24540     4.3717    30.2943    1462.32  0.000e+00
     11.371   71.28778 -157.24540     4.3651    30.2872    1462.28  0.000e+00
     11.340   71.28778 -157.24540     4.3594    30.2898    1462.26  0.000e+00
     11.286   71.28778 -157.24540     4.3571    30.2907    1462.25  0.000e+00
     11.286   71.28778 -157.24540     4.3529    30.2868    1462.23  0.000e+00
     11.225   71.28778 -157.24540     4.3485    30.2828    1462.20  0.000e+00
     11.286   71.28778 -157.24540     4.3452    30.2846    1462.19  0.000e+00
     11.201   71.28778 -157.24540     4.3448    30.2906    1462.20  0.000e+00
     11.225   71.28778 -157.24540     4.3453    30.2923    1462.20  0.000e+00
     11.225   71.28778 -157.24540     4.3444    30.2896    1462.20  0.000e+00
     11.117   71.28778 -157.24540     4.3429    30.2854    1462.18  0.000e+00
     11.117   71.28778 -157.24540     4.3410    30.2825    1462.17  0.000e+00
     11.171   71.28778 -157.24540     4.3394    30.2807    1462.16  0.000e+00
     11.117   71.28778 -157.24540     4.3377    30.2795    1462.15  0.000e+00
     11.024   71.28778 -157.24540     4.3365    30.2790    1462.15  0.000e+00
     11.055   71.28778 -157.24540     4.3356    30.2787    1462.14  0.000e+00
     11.055   71.28778 -157.24540     4.3351    30.2786    1462.14  0.000e+00
     11.001   71.28778 -157.24540     4.3343    30.2790    1462.14  0.000e+00
     11.001   71.28778 -157.24540     4.3342    30.2786    1462.14  0.000e+00
     10.939   71.28778 -157.24540     4.3339    30.2788    1462.13  0.000e+00
     10.939   71.28778 -157.24540     4.3336    30.2784    1462.13  0.000e+00
     10.970   71.28778 -157.24540     4.3335    30.2785    1462.13  0.000e+00
     10.885   71.28778 -157.24540     4.3333    30.2786    1462.13  0.000e+00
     10.885   71.28778 -157.24540     4.3332    30.2784    1462.13  0.000e+00
     10.885   71.28778 -157.24540     4.3333    30.2785    1462.13  0.000e+00
     10.823   71.28778 -157.24540     4.3333    30.2782    1462.13  0.000e+00
     10.823   71.28778 -157.24540     4.3332    30.2781    1462.13  0.000e+00
     10.823   71.28778 -157.24540     4.3331    30.2780    1462.13  0.000e+00
     10.823   71.28778 -157.24540     4.3331    30.2779    1462.13  0.000e+00
     10.739   71.28778 -157.24540     4.3331    30.2784    1462.13  0.000e+00
     10.769   71.28778 -157.24540     4.3333    30.2781    1462.13  0.000e+00
     10.769   71.28778 -157.24540     4.3332    30.2781    1462.13  0.000e+00
     10.715   71.28778 -157.24540     4.3333    30.2779    1462.13  0.000e+00
     10.769   71.28778 -157.24540     4.3333    30.2784    1462.13  0.000e+00
     10.654   71.28778 -157.24540     4.3331    30.2784    1462.13  0.000e+00
     10.715   71.28778 -157.24540     4.3331    30.2782    1462.13  0.000e+00
