EcoFOCI/data/1_SampleCollection/2023_SikuliaqDBO_CruiseData/CTD_raw_BottleFile_SKQ23-12S/proc/skq202312s_029svp.cnv
* Sea-Bird SBE 9 Data File:
* FileName = D:\CTD\SKQ202312S\SKQ202312S_029.hex
* Software Version Seasave V 7.26.7.121
* Temperature SN = 6177
* Conductivity SN = 0369
* Number of Bytes Per Scan = 41
* Number of Voltage Words = 4
* Number of Scans Averaged by the Deck Unit = 1
* NMEA Latitude = 71 24.54 N
* NMEA Longitude = 157 29.66 W
* NMEA UTC (Time) = Sep 21 2023  04:58:57
* NMEA baud rate = 4800
** Ship: R/V Sikuliaq
** Station Number: 029
** Station Name: DBO5.5
** Bottom Depth: 124
** Operator: SS
# nquan = 7
# nvalues = 9233                                  
# units = specified
# name 0 = depSM: Depth [salt water, m]
# name 1 = latitude: Latitude [deg]
# name 2 = longitude: Longitude [deg]
# name 3 = t090C: Temperature [ITS-90, deg C]
# name 4 = sal00: Salinity, Practical [PSU]
# name 5 = svCM: Sound Velocity [Chen-Millero, m/s]
# name 6 = flag:  0.000e+00
# span 0 =      2.734,    119.316                 
# span 1 =   71.40904,   71.40908                 
# span 2 = -157.49360, -157.49236                 
# span 3 =    -1.6681,     4.7481                 
# span 4 =    30.2602,    32.7515                 
# span 5 =    1439.10,    1464.33                 
# span 6 = 0.0000e+00, 0.0000e+00                 
# interval = seconds: 0.0416667
# start_time = Sep 21 2023 05:03:15 [NMEA time, first data scan]
# bad_flag = -9.990e-29
*END*
      3.709   71.40904 -157.49360     4.7037    30.2684    1463.54  0.000e+00
      3.655   71.40904 -157.49360     4.7039    30.2689    1463.54  0.000e+00
      3.709   71.40904 -157.49360     4.7040    30.2687    1463.54  0.000e+00
      3.671   71.40904 -157.49360     4.7042    30.2690    1463.54  0.000e+00
      3.655   71.40904 -157.49360     4.7040    30.2692    1463.54  0.000e+00
      3.709   71.40904 -157.49360     4.7042    30.2689    1463.55  0.000e+00
      3.655   71.40904 -157.49360     4.7040    30.2693    1463.54  0.000e+00
      3.709   71.40904 -157.49360     4.7035    30.2699    1463.54  0.000e+00
      3.655   71.40904 -157.49360     4.7039    30.2707    1463.55  0.000e+00
      3.709   71.40904 -157.49360     4.7039    30.2712    1463.55  0.000e+00
      3.655   71.40904 -157.49360     4.7040    30.2718    1463.55  0.000e+00
      3.655   71.40904 -157.49360     4.7042    30.2725    1463.55  0.000e+00
      3.655   71.40904 -157.49360     4.7042    30.2733    1463.55  0.000e+00
      3.655   71.40904 -157.49360     4.7047    30.2734    1463.55  0.000e+00
      3.655   71.40904 -157.49360     4.7045    30.2750    1463.55  0.000e+00
      3.655   71.40904 -157.49360     4.7047    30.2758    1463.56  0.000e+00
      3.655   71.40904 -157.49360     4.7048    30.2770    1463.56  0.000e+00
      3.655   71.40904 -157.49360     4.7054    30.2773    1463.56  0.000e+00
      3.655   71.40904 -157.49360     4.7056    30.2745    1463.56  0.000e+00
      3.655   71.40904 -157.49360     4.7058    30.2602    1463.54  0.000e+00
      3.709   71.40904 -157.49360     4.7064    30.2745    1463.56  0.000e+00
      3.594   71.40904 -157.49360     4.7064    30.2832    1463.57  0.000e+00
      3.655   71.40904 -157.49360     4.7065    30.2858    1463.58  0.000e+00
      3.655   71.40904 -157.49360     4.7070    30.2880    1463.58  0.000e+00
      3.655   71.40904 -157.49360     4.7072    30.2894    1463.58  0.000e+00
      3.594   71.40904 -157.49360     4.7075    30.2905    1463.58  0.000e+00
      3.655   71.40904 -157.49360     4.7077    30.2914    1463.59  0.000e+00
      3.655   71.40904 -157.49360     4.7077    30.2921    1463.59  0.000e+00
      3.617   71.40904 -157.49360     4.7077    30.2926    1463.59  0.000e+00
      3.655   71.40904 -157.49360     4.7078    30.2947    1463.59  0.000e+00
      3.594   71.40904 -157.49360     4.7078    30.2971    1463.59  0.000e+00
      3.655   71.40904 -157.49360     4.7083    30.2975    1463.60  0.000e+00
      3.594   71.40904 -157.49360     4.7083    30.2970    1463.60  0.000e+00
      3.655   71.40904 -157.49360     4.7080    30.2964    1463.60  0.000e+00
      3.655   71.40904 -157.49360     4.7083    30.2965    1463.60  0.000e+00
      3.594   71.40904 -157.49360     4.7081    30.2975    1463.60  0.000e+00
      3.655   71.40904 -157.49360     4.7081    30.2979    1463.60  0.000e+00
      3.594   71.40904 -157.49360     4.7081    30.2984    1463.60  0.000e+00
      3.594   71.40904 -157.49360     4.7083    30.2996    1463.60  0.000e+00
      3.655   71.40904 -157.49360     4.7088    30.3003    1463.60  0.000e+00
      3.594   71.40904 -157.49360     4.7088    30.3012    1463.60  0.000e+00
      3.655   71.40904 -157.49360     4.7092    30.3007    1463.61  0.000e+00
      3.594   71.40904 -157.49360     4.7094    30.3004    1463.61  0.000e+00
      3.594   71.40904 -157.49360     4.7092    30.3010    1463.61  0.000e+00
      3.655   71.40904 -157.49360     4.7092    30.3012    1463.61  0.000e+00
      3.594   71.40904 -157.49360     4.7095    30.3005    1463.61  0.000e+00
      3.594   71.40904 -157.49360     4.7094    30.3007    1463.61  0.000e+00
      3.594   71.40904 -157.49360     4.7094    30.3008    1463.61  0.000e+00
      3.594   71.40904 -157.49360     4.7094    30.3004    1463.61  0.000e+00
      3.594   71.40904 -157.49360     4.7092    30.2994    1463.60  0.000e+00
      3.594   71.40904 -157.49360     4.7093    30.2980    1463.60  0.000e+00
      3.594   71.40904 -157.49360     4.7088    30.2978    1463.60  0.000e+00
      3.617   71.40904 -157.49360     4.7089    30.2978    1463.60  0.000e+00
      3.594   71.40904 -157.49360     4.7085    30.2986    1463.60  0.000e+00
      3.594   71.40904 -157.49360     4.7089    30.2999    1463.60  0.000e+00
      3.594   71.40904 -157.49360     4.7091    30.3009    1463.60  0.000e+00
      3.594   71.40904 -157.49360     4.7092    30.3016    1463.61  0.000e+00
      3.594   71.40904 -157.49360     4.7096    30.3017    1463.61  0.000e+00
      3.594   71.40904 -157.49360     4.7094    30.3021    1463.61  0.000e+00
      3.540   71.40904 -157.49360     4.7097    30.3023    1463.61  0.000e+00
      3.594   71.40904 -157.49360     4.7096    30.3027    1463.61  0.000e+00
      3.540   71.40904 -157.49360     4.7099    30.3018    1463.61  0.000e+00
      3.593   71.40904 -157.49360     4.7097    30.3008    1463.61  0.000e+00
      3.540   71.40904 -157.49360     4.7094    30.3017    1463.61  0.000e+00
      3.593   71.40904 -157.49360     4.7096    30.3016    1463.61  0.000e+00
      3.593   71.40904 -157.49360     4.7096    30.3013    1463.61  0.000e+00
      3.540   71.40904 -157.49360     4.7094    30.3016    1463.61  0.000e+00
      3.593   71.40904 -157.49360     4.7092    30.3018    1463.61  0.000e+00
      3.540   71.40904 -157.49360     4.7094    30.3017    1463.61  0.000e+00
      3.539   71.40904 -157.49360     4.7094    30.3015    1463.61  0.000e+00
      3.539   71.40904 -157.49360     4.7093    30.3009    1463.60  0.000e+00
      3.593   71.40904 -157.49360     4.7092    30.2997    1463.60  0.000e+00
      3.539   71.40904 -157.49360     4.7091    30.2983    1463.60  0.000e+00
      3.539   71.40904 -157.49360     4.7089    30.2963    1463.60  0.000e+00
      3.593   71.40904 -157.49360     4.7086    30.2944    1463.59  0.000e+00
      3.501   71.40904 -157.49360     4.7083    30.2923    1463.59  0.000e+00
      3.593   71.40904 -157.49360     4.7081    30.2906    1463.59  0.000e+00
      3.478   71.40904 -157.49360     4.7075    30.2895    1463.58  0.000e+00
      3.539   71.40904 -157.49360     4.7072    30.2885    1463.58  0.000e+00
      3.539   71.40904 -157.49360     4.7068    30.2877    1463.58  0.000e+00
      3.539   71.40904 -157.49360     4.7067    30.2882    1463.58  0.000e+00
      3.539   71.40904 -157.49360     4.7064    30.2885    1463.58  0.000e+00
      3.478   71.40904 -157.49360     4.7064    30.2880    1463.57  0.000e+00
      3.539   71.40904 -157.49360     4.7062    30.2875    1463.57  0.000e+00
      3.539   71.40904 -157.49360     4.7065    30.2849    1463.57  0.000e+00
      3.478   71.40904 -157.49360     4.7059    30.2834    1463.57  0.000e+00
      3.539   71.40904 -157.49360     4.7058    30.2824    1463.57  0.000e+00
      3.478   71.40904 -157.49360     4.7056    30.2816    1463.56  0.000e+00
      3.478   71.40904 -157.49360     4.7053    30.2817    1463.56  0.000e+00
      3.539   71.40904 -157.49360     4.7054    30.2806    1463.56  0.000e+00
      3.478   71.40904 -157.49360     4.7048    30.2806    1463.56  0.000e+00
      3.478   71.40904 -157.49360     4.7048    30.2799    1463.56  0.000e+00
      3.539   71.40904 -157.49358     4.7045    30.2798    1463.56  0.000e+00
      3.478   71.40904 -157.49358     4.7047    30.2796    1463.56  0.000e+00
      3.478   71.40904 -157.49358     4.7047    30.2792    1463.56  0.000e+00
      3.478   71.40904 -157.49358     4.7043    30.2791    1463.56  0.000e+00
      3.478   71.40904 -157.49358     4.7043    30.2790    1463.55  0.000e+00
      3.539   71.40904 -157.49358     4.7042    30.2781    1463.55  0.000e+00
      3.501   71.40904 -157.49358     4.7045    30.2778    1463.55  0.000e+00
      3.478   71.40904 -157.49358     4.7043    30.2777    1463.55  0.000e+00
      3.478   71.40904 -157.49358     4.7043    30.2777    1463.55  0.000e+00
      3.539   71.40904 -157.49358     4.7042    30.2776    1463.55  0.000e+00
      3.478   71.40904 -157.49358     4.7043    30.2777    1463.55  0.000e+00
      3.539   71.40904 -157.49358     4.7042    30.2775    1463.55  0.000e+00
      3.478   71.40904 -157.49358     4.7045    30.2769    1463.55  0.000e+00
      3.478   71.40904 -157.49358     4.7042    30.2767    1463.55  0.000e+00
      3.539   71.40904 -157.49358     4.7043    30.2762    1463.55  0.000e+00
      3.539   71.40904 -157.49358     4.7042    30.2759    1463.55  0.000e+00
      3.539   71.40904 -157.49358     4.7040    30.2757    1463.55  0.000e+00
      3.539   71.40904 -157.49358     4.7040    30.2750    1463.55  0.000e+00
      3.539   71.40904 -157.49358     4.7039    30.2752    1463.55  0.000e+00
      3.539   71.40904 -157.49358     4.7037    30.2750    1463.55  0.000e+00
      3.539   71.40904 -157.49358     4.7035    30.2754    1463.55  0.000e+00
      3.539   71.40904 -157.49358     4.7034    30.2761    1463.55  0.000e+00
      3.593   71.40904 -157.49358     4.7037    30.2765    1463.55  0.000e+00
      3.539   71.40904 -157.49358     4.7040    30.2772    1463.55  0.000e+00
      3.593   71.40904 -157.49358     4.7039    30.2784    1463.55  0.000e+00
      3.593   71.40904 -157.49358     4.7042    30.2788    1463.56  0.000e+00
      3.655   71.40904 -157.49358     4.7043    30.2792    1463.56  0.000e+00
      3.593   71.40904 -157.49358     4.7047    30.2794    1463.56  0.000e+00
      3.593   71.40904 -157.49358     4.7051    30.2793    1463.56  0.000e+00
      3.670   71.40904 -157.49358     4.7053    30.2794    1463.56  0.000e+00
      3.593   71.40904 -157.49358     4.7050    30.2792    1463.56  0.000e+00
      3.709   71.40904 -157.49358     4.7050    30.2797    1463.56  0.000e+00
      3.655   71.40904 -157.49358     4.7053    30.2806    1463.56  0.000e+00
      3.655   71.40904 -157.49358     4.7048    30.2814    1463.56  0.000e+00
      3.709   71.40904 -157.49358     4.7051    30.2804    1463.56  0.000e+00
      3.709   71.40904 -157.49358     4.7048    30.2795    1463.56  0.000e+00
      3.709   71.40904 -157.49358     4.7047    30.2790    1463.56  0.000e+00
      3.709   71.40904 -157.49358     4.7045    30.2779    1463.56  0.000e+00
      3.709   71.40904 -157.49358     4.7043    30.2766    1463.56  0.000e+00
      3.763   71.40904 -157.49358     4.7040    30.2754    1463.55  0.000e+00
      3.709   71.40904 -157.49358     4.7040    30.2750    1463.55  0.000e+00
      3.763   71.40904 -157.49358     4.7039    30.2749    1463.55  0.000e+00
      3.763   71.40904 -157.49358     4.7039    30.2733    1463.55  0.000e+00
      3.763   71.40904 -157.49358     4.7037    30.2717    1463.55  0.000e+00
      3.763   71.40904 -157.49358     4.7037    30.2720    1463.55  0.000e+00
      3.763   71.40904 -157.49358     4.7040    30.2730    1463.55  0.000e+00
      3.763   71.40904 -157.49358     4.7039    30.2728    1463.55  0.000e+00
      3.824   71.40904 -157.49358     4.7039    30.2712    1463.55  0.000e+00
      3.763   71.40904 -157.49358     4.7034    30.2699    1463.54  0.000e+00
      3.824   71.40904 -157.49358     4.7034    30.2700    1463.55  0.000e+00
      3.763   71.40904 -157.49358     4.7032    30.2716    1463.55  0.000e+00
      3.824   71.40904 -157.49358     4.7035    30.2723    1463.55  0.000e+00
      3.763   71.40904 -157.49358     4.7035    30.2729    1463.55  0.000e+00
      3.824   71.40904 -157.49358     4.7037    30.2730    1463.55  0.000e+00
      3.786   71.40904 -157.49358     4.7039    30.2723    1463.55  0.000e+00
      3.824   71.40904 -157.49358     4.7039    30.2717    1463.55  0.000e+00
      3.763   71.40904 -157.49358     4.7040    30.2723    1463.55  0.000e+00
      3.824   71.40904 -157.49358     4.7039    30.2731    1463.55  0.000e+00
      3.763   71.40904 -157.49358     4.7040    30.2736    1463.55  0.000e+00
      3.762   71.40904 -157.49358     4.7039    30.2736    1463.55  0.000e+00
      3.762   71.40904 -157.49358     4.7042    30.2724    1463.55  0.000e+00
      3.762   71.40904 -157.49358     4.7039    30.2730    1463.55  0.000e+00
      3.762   71.40904 -157.49358     4.7042    30.2730    1463.55  0.000e+00
      3.762   71.40904 -157.49358     4.7039    30.2725    1463.55  0.000e+00
      3.762   71.40904 -157.49358     4.7039    30.2711    1463.55  0.000e+00
      3.708   71.40904 -157.49358     4.7039    30.2712    1463.55  0.000e+00
      3.708   71.40904 -157.49358     4.7039    30.2725    1463.55  0.000e+00
      3.708   71.40904 -157.49358     4.7039    30.2727    1463.55  0.000e+00
      3.708   71.40904 -157.49358     4.7037    30.2733    1463.55  0.000e+00
      3.708   71.40904 -157.49358     4.7037    30.2737    1463.55  0.000e+00
      3.654   71.40904 -157.49358     4.7039    30.2734    1463.55  0.000e+00
      3.654   71.40904 -157.49358     4.7040    30.2729    1463.55  0.000e+00
      3.654   71.40904 -157.49358     4.7034    30.2733    1463.55  0.000e+00
      3.593   71.40904 -157.49358     4.7037    30.2727    1463.55  0.000e+00
      3.593   71.40904 -157.49358     4.7039    30.2737    1463.55  0.000e+00
      3.593   71.40904 -157.49358     4.7040    30.2776    1463.55  0.000e+00
      3.593   71.40904 -157.49358     4.7045    30.2805    1463.56  0.000e+00
      3.593   71.40904 -157.49358     4.7047    30.2826    1463.56  0.000e+00
      3.477   71.40904 -157.49358     4.7050    30.2822    1463.56  0.000e+00
      3.562   71.40904 -157.49358     4.7048    30.2799    1463.56  0.000e+00
      3.477   71.40904 -157.49358     4.7047    30.2776    1463.55  0.000e+00
      3.477   71.40904 -157.49358     4.7047    30.2766    1463.55  0.000e+00
      3.477   71.40904 -157.49358     4.7045    30.2761    1463.55  0.000e+00
      3.477   71.40904 -157.49358     4.7043    30.2759    1463.55  0.000e+00
      3.423   71.40904 -157.49358     4.7043    30.2756    1463.55  0.000e+00
      3.361   71.40904 -157.49358     4.7043    30.2748    1463.55  0.000e+00
      3.423   71.40904 -157.49358     4.7043    30.2748    1463.55  0.000e+00
      3.361   71.40904 -157.49358     4.7043    30.2753    1463.55  0.000e+00
      3.361   71.40904 -157.49358     4.7045    30.2747    1463.55  0.000e+00
      3.361   71.40904 -157.49358     4.7042    30.2743    1463.55  0.000e+00
      3.307   71.40904 -157.49358     4.7042    30.2742    1463.55  0.000e+00
      3.307   71.40904 -157.49358     4.7042    30.2735    1463.54  0.000e+00
      3.307   71.40904 -157.49358     4.7039    30.2735    1463.54  0.000e+00
      3.253   71.40904 -157.49358     4.7039    30.2731    1463.54  0.000e+00
      3.307   71.40904 -157.49358     4.7039    30.2733    1463.54  0.000e+00
      3.191   71.40904 -157.49358     4.7037    30.2733    1463.54  0.000e+00
      3.253   71.40904 -157.49358     4.7037    30.2732    1463.54  0.000e+00
      3.253   71.40904 -157.49358     4.7037    30.2735    1463.54  0.000e+00
      3.191   71.40904 -157.49358     4.7039    30.2737    1463.54  0.000e+00
      3.191   71.40904 -157.49358     4.7039    30.2747    1463.54  0.000e+00
      3.214   71.40904 -157.49358     4.7039    30.2751    1463.54  0.000e+00
      3.137   71.40904 -157.49358     4.7040    30.2756    1463.54  0.000e+00
      3.191   71.40904 -157.49358     4.7042    30.2767    1463.55  0.000e+00
      3.137   71.40904 -157.49358     4.7043    30.2781    1463.55  0.000e+00
      3.137   71.40904 -157.49358     4.7043    30.2790    1463.55  0.000e+00
      3.137   71.40904 -157.49358     4.7048    30.2788    1463.55  0.000e+00
      3.076   71.40904 -157.49358     4.7050    30.2797    1463.55  0.000e+00
      3.137   71.40904 -157.49358     4.7047    30.2803    1463.55  0.000e+00
      3.137   71.40904 -157.49358     4.7051    30.2799    1463.55  0.000e+00
      3.076   71.40904 -157.49358     4.7054    30.2804    1463.55  0.000e+00
      3.076   71.40904 -157.49358     4.7056    30.2809    1463.56  0.000e+00
      3.137   71.40904 -157.49358     4.7054    30.2812    1463.56  0.000e+00
      3.137   71.40904 -157.49358     4.7058    30.2801    1463.56  0.000e+00
