EcoFOCI/data/1_SampleCollection/2023_SikuliaqDBO_CruiseData/CTD_raw_BottleFile_SKQ23-12S/proc/skq202312s_016.cnv
* Sea-Bird SBE 9 Data File:
* FileName = D:\CTD\SKQ202312S\SKQ202312S_016.hex
* Software Version Seasave V 7.26.7.121
* Temperature SN = 6177
* Conductivity SN = 0369
* Number of Bytes Per Scan = 41
* Number of Voltage Words = 4
* Number of Scans Averaged by the Deck Unit = 1
* NMEA Latitude = 64 40.76 N
* NMEA Longitude = 169 06.00 W
* NMEA UTC (Time) = Sep 17 2023  13:39:04
* NMEA baud rate = 4800
** Ship: R/V Sikuliaq
** Station Number: 016
** Station Name: DBO2.2
** Bottom Depth: 45
** Operator: SD
# nquan = 24
# nvalues = 5501                                  
# units = specified
# name 0 = depSM: Depth [salt water, m]
# name 1 = latitude: Latitude [deg]
# name 2 = longitude: Longitude [deg]
# name 3 = prDM: Pressure, Digiquartz [db]
# name 4 = t090C: Temperature [ITS-90, deg C]
# name 5 = t190C: Temperature, 2 [ITS-90, deg C]
# name 6 = potemp090C: Potential Temperature [ITS-90, deg C]
# name 7 = sal00: Salinity, Practical [PSU]
# name 8 = sal11: Salinity, Practical, 2 [PSU]
# name 9 = density00: Density [density, kg/m^3]
# name 10 = sigma-é00: Density [sigma-theta, kg/m^3]
# name 11 = sbox0Mm/Kg: Oxygen, SBE 43 [umol/kg]
# name 12 = sbox1Mm/Kg: Oxygen, SBE 43, 2 [umol/kg]
# name 13 = oxsolMm/Kg: Oxygen Saturation, Garcia & Gordon [umol/kg]
# name 14 = sbeox0PS: Oxygen, SBE 43 [% saturation]
# name 15 = sbeox1PS: Oxygen, SBE 43, 2 [% saturation]
# name 16 = v0: Voltage 0
# name 17 = flECO-AFL: Fluorescence, WET Labs ECO-AFL/FL [mg/m^3]
# name 18 = v1: Voltage 1
# name 19 = CStarAt0: Beam Attenuation, WET Labs C-Star [1/m]
# name 20 = par: PAR/Irradiance, Biospherical/Licor
# name 21 = scan: Scan Count
# name 22 = timeM: Time, Elapsed [minutes]
# name 23 = flag:  0.000e+00
# span 0 =      1.589,     40.001                 
# span 1 =   64.67940,   64.67944                 
# span 2 = -169.10002, -169.09998                 
# span 3 =      1.604,     40.400                 
# span 4 =     2.5710,     3.0505                 
# span 5 =     2.5729,     3.0512                 
# span 6 =     2.5708,     3.0486                 
# span 7 =    32.4382,    32.8462                 
# span 8 =    32.4470,    32.8557                 
# span 9 =  1025.8835,  1026.3589                 
# span 10 =    25.8757,    26.1707                
# span 11 =    259.447,    300.160                
# span 12 =    246.798,    287.556                
# span 13 =  327.58146,  332.40278                
# span 14 =     78.797,     90.313                
# span 15 =     75.093,     86.535                
# span 16 =     0.1209,     0.3053                
# span 17 =     0.3773,     1.4835                
# span 18 =     3.8107,     3.9524                
# span 19 =     0.7036,     0.8496                
# span 20 = 1.0000e-12, 7.4711e-01                
# span 21 =          1,       5501                
# span 22 =     0.0000,     3.8194                
# span 23 = 0.0000e+00, 0.0000e+00                
# interval = seconds: 0.0416667
# start_time = Sep 17 2023 13:42:59 [NMEA time, first data scan]
# bad_flag = -9.990e-29
*END*
[from data line 5374]
     39.654   64.67944 -169.10000     40.050     2.9493     2.9514     2.9470    32.8449    32.8538  1026.3575    26.1696    264.031    251.434  328.28186     80.428     76.600     0.1526     0.5678     3.8266     0.8330 1.0000e-12       5375     3.7319  0.000e+00
     39.716   64.67944 -169.10000     40.112     2.9497     2.9513     2.9474    32.8445    32.8538  1026.3574    26.1692    263.474    251.251  328.27985     80.259     76.544     0.1526     0.5678     3.8266     0.8330 1.0000e-12       5376     3.7326  0.000e+00
     39.708   64.67944 -169.10000     40.104     2.9497     2.9514     2.9474    32.8443    32.8538  1026.3572    26.1690    263.467    251.454  328.28045     80.257     76.606     0.1514     0.5604     3.8266     0.8330 1.0000e-12       5377     3.7333  0.000e+00
     39.654   64.67944 -169.10000     40.050     2.9497     2.9514     2.9474    32.8440    32.8537  1026.3567    26.1687    263.678    251.485  328.28078     80.321     76.615     0.1526     0.5678     3.8266     0.8330 1.0000e-12       5378     3.7340  0.000e+00
     39.654   64.67944 -169.10000     40.050     2.9497     2.9512     2.9474    32.8446    32.8538  1026.3572    26.1692    263.706    251.518  328.27967     80.330     76.625     0.1514     0.5604     3.8278     0.8317 1.0000e-12       5379     3.7347  0.000e+00
     39.708   64.67944 -169.10000     40.104     2.9500     2.9513     2.9478    32.8444    32.8537  1026.3573    26.1691    263.517    251.357  328.27705     80.273     76.576     0.1526     0.5678     3.8266     0.8330 1.0000e-12       5380     3.7354  0.000e+00
     39.600   64.67944 -169.10000     39.995     2.9508     2.9511     2.9485    32.8439    32.8537  1026.3563    26.1686    263.722    251.365  328.27223     80.336     76.578     0.1538     0.5751     3.8266     0.8330 1.0000e-12       5381     3.7361  0.000e+00
     39.654   64.67944 -169.10000     40.050     2.9508     2.9513     2.9485    32.8440    32.8539  1026.3566    26.1687    263.537    251.353  328.27210     80.280     76.575     0.1526     0.5678     3.8266     0.8330 1.0000e-12       5382     3.7368  0.000e+00
     39.600   64.67944 -169.10000     39.995     2.9514     2.9514     2.9491    32.8437    32.8537  1026.3561    26.1684    263.528    251.338  328.26744     80.278     76.571     0.1526     0.5678     3.8278     0.8317 1.0000e-12       5383     3.7375  0.000e+00
     39.593   64.67944 -169.10000     39.988     2.9514     2.9518     2.9492    32.8439    32.8536  1026.3562    26.1685    263.743    251.323  328.26703     80.344     76.567     0.1514     0.5604     3.8266     0.8330 1.0000e-12       5384     3.7382  0.000e+00
     39.600   64.67944 -169.10000     39.995     2.9519     2.9517     2.9496    32.8436    32.8537  1026.3560    26.1683    263.557    251.506  328.26385     80.288     76.623     0.1526     0.5678     3.8278     0.8317 1.0000e-12       5385     3.7389  0.000e+00
     39.600   64.67944 -169.10000     39.995     2.9514     2.9520     2.9491    32.8439    32.8531  1026.3563    26.1686    263.559    251.515  328.26694     80.288     76.625     0.1514     0.5604     3.8266     0.8330 1.0000e-12       5386     3.7396  0.000e+00
     39.600   64.67944 -169.10000     39.995     2.9516     2.9521     2.9493    32.8433    32.8534  1026.3557    26.1680    263.524    251.523  328.26725     80.277     76.628     0.1526     0.5678     3.8266     0.8330 1.0000e-12       5387     3.7403  0.000e+00
     39.531   64.67944 -169.10000     39.925     2.9514     2.9522     2.9492    32.8438    32.8533  1026.3558    26.1684    263.560    251.527  328.26735     80.288     76.630     0.1514     0.5604     3.8266     0.8330 1.0000e-12       5388     3.7410  0.000e+00
     39.539   64.67944 -169.10000     39.933     2.9516     2.9521     2.9493    32.8438    32.8536  1026.3558    26.1684    263.564    251.535  328.26606     80.290     76.632     0.1526     0.5678     3.8315     0.8279 1.0000e-12       5389     3.7417  0.000e+00
     39.539   64.67944 -169.10000     39.933     2.9514     2.9520     2.9492    32.8441    32.8537  1026.3561    26.1687    263.570    251.369  328.26645     80.292     76.581     0.1526     0.5678     3.8352     0.8240 1.0000e-12       5390     3.7424  0.000e+00
     39.531   64.67944 -169.10000     39.925     2.9514     2.9521     2.9492    32.8438    32.8534  1026.3558    26.1684    263.578    251.376  328.26735     80.294     76.584     0.1514     0.5604     3.8364     0.8228 1.0000e-12       5391     3.7431  0.000e+00
     39.539   64.67944 -169.10000     39.933     2.9516     2.9522     2.9493    32.8439    32.8532  1026.3559    26.1685    263.586    251.385  328.26576     80.296     76.586     0.1526     0.5678     3.8364     0.8228 1.0000e-12       5392     3.7437  0.000e+00
     39.485   64.67944 -169.10000     39.878     2.9514     2.9521     2.9492    32.8440    32.8534  1026.3558    26.1686    263.813    251.369  328.26678     80.365     76.581     0.1514     0.5604     3.8352     0.8240 1.0000e-12       5393     3.7444  0.000e+00
     39.485   64.67944 -169.10000     39.878     2.9517     2.9522     2.9494    32.8437    32.8535  1026.3555    26.1684    263.639    251.354  328.26539     80.313     76.577     0.1526     0.5678     3.8364     0.8228 1.0000e-12       5394     3.7451  0.000e+00
     39.477   64.67944 -169.10000     39.871     2.9517     2.9522     2.9494    32.8439    32.8530  1026.3556    26.1685    263.650    251.340  328.26488     80.316     76.573     0.1514     0.5604     3.8352     0.8240 1.0000e-12       5395     3.7458  0.000e+00
     39.485   64.67944 -169.10000     39.878     2.9519     2.9523     2.9496    32.8435    32.8532  1026.3553    26.1682    263.663    251.325  328.26410     80.320     76.568     0.1490     0.5458     3.8364     0.8228 1.0000e-12       5396     3.7465  0.000e+00
     39.485   64.67944 -169.10000     39.878     2.9520     2.9522     2.9497    32.8436    32.8533  1026.3554    26.1682    263.676    251.507  328.26310     80.325     76.623     0.1392     0.4872     3.8352     0.8240 1.0000e-12       5397     3.7472  0.000e+00
     39.431   64.67944 -169.10000     39.824     2.9521     2.9520     2.9498    32.8434    32.8535  1026.3550    26.1681    263.691    251.514  328.26313     80.329     76.625     0.1343     0.4579     3.8352     0.8240 1.0000e-12       5398     3.7479  0.000e+00
     39.361   64.67944 -169.10000     39.754     2.9522     2.9522     2.9499    32.8435    32.8535  1026.3547    26.1681    263.668    251.321  328.26204     80.322     76.567     0.1355     0.4652     3.8364     0.8228 1.0000e-12       5399     3.7486  0.000e+00
     39.539   64.67944 -169.10000     39.933     2.9523     2.9520     2.9501    32.8433    32.8535  1026.3554    26.1680    263.654    251.313  328.26118     80.318     76.564     0.1343     0.4579     3.8352     0.8240 1.0000e-12       5400     3.7493  0.000e+00
     39.369   64.67944 -169.10000     39.761     2.9522     2.9522     2.9500    32.8435    32.8533  1026.3547    26.1681    263.630    251.290  328.26155     80.311     76.557     0.1355     0.4652     3.8352     0.8240 1.0000e-12       5401     3.7500  0.000e+00
     39.415   64.67944 -169.10000     39.808     2.9522     2.9522     2.9499    32.8435    32.8530  1026.3550    26.1682    263.613    251.471  328.26191     80.306     76.612     0.1343     0.4579     3.8364     0.8228 1.0000e-12       5402     3.7507  0.000e+00
     39.369   64.67944 -169.10000     39.761     2.9522     2.9525     2.9500    32.8432    32.8530  1026.3546    26.1680    263.556    251.278  328.26215     80.288     76.554     0.1355     0.4652     3.8364     0.8228 1.0000e-12       5403     3.7514  0.000e+00
     39.369   64.67944 -169.10000     39.761     2.9523     2.9526     2.9501    32.8433    32.8531  1026.3546    26.1680    263.534    251.260  328.26115     80.282     76.549     0.1368     0.4725     3.8352     0.8240 1.0000e-12       5404     3.7521  0.000e+00
     39.369   64.67944 -169.10000     39.761     2.9520     2.9525     2.9498    32.8433    32.8530  1026.3546    26.1680    263.516    251.243  328.26385     80.276     76.544     0.1355     0.4652     3.8352     0.8240 1.0000e-12       5405     3.7528  0.000e+00
     39.415   64.67944 -169.10000     39.808     2.9524     2.9528     2.9501    32.8431    32.8529  1026.3547    26.1679    263.749    251.250  328.26112     80.347     76.546     0.1355     0.4652     3.8352     0.8240 1.0000e-12       5406     3.7535  0.000e+00
     39.315   64.67944 -169.10000     39.707     2.9520     2.9525     2.9498    32.8437    32.8533  1026.3547    26.1684    263.326    251.232  328.26267     80.218     76.540     0.1343     0.4579     3.8364     0.8228 1.0000e-12       5407     3.7542  0.000e+00
     39.369   64.67944 -169.10000     39.761     2.9519     2.9528     2.9496    32.8434    32.8530  1026.3547    26.1681    263.276    251.216  328.26474     80.202     76.536     0.1355     0.4652     3.8364     0.8228 1.0000e-12       5408     3.7549  0.000e+00
     39.307   64.67944 -169.10000     39.699     2.9521     2.9527     2.9498    32.8429    32.8529  1026.3540    26.1677    263.221    251.199  328.26438     80.186     76.530     0.1343     0.4579     3.8352     0.8240 1.0000e-12       5409     3.7556  0.000e+00
     39.315   64.67944 -169.10000     39.707     2.9520     2.9526     2.9498    32.8437    32.8529  1026.3547    26.1684    263.168    251.183  328.26267     80.170     76.525     0.1355     0.4652     3.8352     0.8240 1.0000e-12       5410     3.7563  0.000e+00
     39.369   64.67944 -169.10000     39.761     2.9519     2.9525     2.9496    32.8437    32.8530  1026.3549    26.1683    263.085    251.170  328.26374     80.144     76.521     0.1343     0.4579     3.8352     0.8240 1.0000e-12       5411     3.7569  0.000e+00
     39.253   64.67944 -169.10000     39.645     2.9520     2.9528     2.9498    32.8432    32.8530  1026.3540    26.1680    263.031    251.343  328.26390     80.128     76.574     0.1355     0.4652     3.8352     0.8240 1.0000e-12       5412     3.7576  0.000e+00
     39.307   64.67944 -169.10000     39.699     2.9520     2.9525     2.9498    32.8436    32.8533  1026.3545    26.1682    262.984    251.156  328.26306     80.114     76.517     0.1368     0.4725     3.8352     0.8240 1.0000e-12       5413     3.7583  0.000e+00
     39.315   64.67944 -169.10000     39.707     2.9517     2.9528     2.9495    32.8438    32.8530  1026.3548    26.1684    262.939    251.138  328.26476     80.100     76.512     0.1355     0.4652     3.8352     0.8240 1.0000e-12       5414     3.7590  0.000e+00
     39.253   64.67944 -169.10000     39.644     2.9519     2.9525     2.9496    32.8439    32.8533  1026.3545    26.1685    262.927    251.316  328.26368     80.096     76.566     0.1355     0.4652     3.8352     0.8240 1.0000e-12       5415     3.7597  0.000e+00
     39.245   64.67944 -169.10000     39.637     2.9521     2.9523     2.9498    32.8437    32.8533  1026.3544    26.1683    262.920    251.345  328.26228     80.094     76.574     0.1343     0.4579     3.8352     0.8240 1.0000e-12       5416     3.7604  0.000e+00
     39.315   64.67944 -169.10000     39.707     2.9522     2.9527     2.9499    32.8433    32.8528  1026.3544    26.1680    262.883    251.374  328.26238     80.083     76.584     0.1355     0.4652     3.8352     0.8240 1.0000e-12       5417     3.7611  0.000e+00
     39.315   64.67944 -169.10000     39.707     2.9519     2.9526     2.9496    32.8438    32.8529  1026.3548    26.1684    263.064    251.379  328.26376     80.138     76.585     0.1343     0.4579     3.8352     0.8240 1.0000e-12       5418     3.7618  0.000e+00
     39.253   64.67944 -169.10000     39.644     2.9521     2.9525     2.9498    32.8437    32.8530  1026.3544    26.1683    263.094    251.405  328.26229     80.147     76.593     0.1343     0.4579     3.8352     0.8240 1.0000e-12       5419     3.7625  0.000e+00
     39.245   64.67944 -169.10000     39.637     2.9519     2.9526     2.9496    32.8437    32.8529  1026.3544    26.1683    262.912    251.432  328.26407     80.092     76.601     0.1368     0.4725     3.8339     0.8253 1.0000e-12       5420     3.7632  0.000e+00
     39.253   64.67944 -169.10000     39.644     2.9517     2.9527     2.9495    32.8438    32.8531  1026.3545    26.1684    262.880    251.435  328.26478     80.082     76.602     0.1343     0.4579     3.8352     0.8240 1.0000e-12       5421     3.7639  0.000e+00
     39.253   64.67944 -169.10000     39.644     2.9519     2.9525     2.9496    32.8439    32.8531  1026.3545    26.1685    263.101    251.440  328.26368     80.149     76.603     0.1392     0.4872     3.8352     0.8240 8.4714e-06       5422     3.7646  0.000e+00
     39.253   64.67944 -169.10000     39.644     2.9519     2.9525     2.9496    32.8437    32.8530  1026.3544    26.1683    262.924    251.465  328.26408     80.095     76.611     0.1404     0.4945     3.8352     0.8240 1.0000e-12       5423     3.7653  0.000e+00
     39.245   64.67944 -169.10000     39.637     2.9521     2.9526     2.9498    32.8434    32.8531  1026.3541    26.1681    263.223    251.489  328.26298     80.187     76.619     0.1429     0.5091     3.8352     0.8240 1.0000e-12       5424     3.7660  0.000e+00
     39.253   64.67944 -169.10000     39.644     2.9519     2.9527     2.9496    32.8437    32.8529  1026.3544    26.1683    263.018    251.492  328.26419     80.124     76.620     0.1416     0.5018     3.8352     0.8240 1.0000e-12       5425     3.7667  0.000e+00
     39.199   64.67944 -169.10000     39.590     2.9519     2.9525     2.9496    32.8434    32.8531  1026.3539    26.1681    263.213    251.516  328.26472     80.183     76.627     0.1416     0.5018     3.8352     0.8240 1.0000e-12       5426     3.7674  0.000e+00
     39.245   64.67944 -169.10000     39.637     2.9519     2.9525     2.9497    32.8437    32.8532  1026.3544    26.1684    263.263    251.541  328.26357     80.199     76.635     0.1404     0.4945     3.8352     0.8240 1.0000e-12       5427     3.7681  0.000e+00
     39.253   64.67944 -169.10000     39.644     2.9517     2.9522     2.9494    32.8437    32.8535  1026.3544    26.1683    263.534    251.568  328.26548     80.281     76.642     0.1416     0.5018     3.8339     0.8253 1.0000e-12       5428     3.7687  0.000e+00
     39.253   64.67944 -169.10000     39.644     2.9519     2.9519     2.9497    32.8435    32.8534  1026.3542    26.1682    263.365    251.571  328.26409     80.230     76.643     0.1416     0.5018     3.8327     0.8266 1.0000e-12       5429     3.7694  0.000e+00
     39.253   64.67944 -169.10000     39.644     2.9520     2.9520     2.9498    32.8435    32.8532  1026.3542    26.1682    263.415    251.571  328.26329     80.245     76.643     0.1416     0.5018     3.8278     0.8317 8.4714e-06       5430     3.7701  0.000e+00
     39.245   64.67944 -169.10000     39.637     2.9519     2.9517     2.9496    32.8439    32.8532  1026.3545    26.1685    263.649    251.571  328.26367     80.316     76.642     0.1416     0.5018     3.8266     0.8330 1.0000e-12       5431     3.7708  0.000e+00
     39.253   64.67944 -169.10000     39.644     2.9522     2.9515     2.9500    32.8436    32.8536  1026.3542    26.1682    263.697    251.571  328.26139     80.331     76.642     0.1404     0.4945     3.8266     0.8330 1.0000e-12       5432     3.7715  0.000e+00
     39.253   64.67944 -169.10000     39.644     2.9520     2.9514     2.9498    32.8438    32.8540  1026.3544    26.1684    263.783    251.568  328.26259     80.357     76.641     0.1416     0.5018     3.8266     0.8330 1.0000e-12       5433     3.7722  0.000e+00
