EcoFOCI/data/1_SampleCollection/2023_SikuliaqDBO_CruiseData/CTD_raw_BottleFile_SKQ23-12S/proc/skq202312s_041.cnv
* Sea-Bird SBE 9 Data File:
* FileName = D:\CTD\SKQ202312S\SKQ202312S_041.hex
* Software Version Seasave V 7.26.7.121
* Temperature SN = 6177
* Conductivity SN = 0369
* Number of Bytes Per Scan = 41
* Number of Voltage Words = 4
* Number of Scans Averaged by the Deck Unit = 1
* NMEA Latitude = 71 22.89 N
* NMEA Longitude = 160 50.39 W
* NMEA UTC (Time) = Sep 23 2023  21:13:19
* NMEA baud rate = 4800
** Ship: R/V Sikuliaq
** Station Number: 041
** Station Name: DBO4.2na
** Bottom Depth: 47
** Operator: SS
# nquan = 24
# nvalues = 4249                                  
# units = specified
# name 0 = depSM: Depth [salt water, m]
# name 1 = latitude: Latitude [deg]
# name 2 = longitude: Longitude [deg]
# name 3 = prDM: Pressure, Digiquartz [db]
# name 4 = t090C: Temperature [ITS-90, deg C]
# name 5 = t190C: Temperature, 2 [ITS-90, deg C]
# name 6 = potemp090C: Potential Temperature [ITS-90, deg C]
# name 7 = sal00: Salinity, Practical [PSU]
# name 8 = sal11: Salinity, Practical, 2 [PSU]
# name 9 = density00: Density [density, kg/m^3]
# name 10 = sigma-é00: Density [sigma-theta, kg/m^3]
# name 11 = sbox0Mm/Kg: Oxygen, SBE 43 [umol/kg]
# name 12 = sbox1Mm/Kg: Oxygen, SBE 43, 2 [umol/kg]
# name 13 = oxsolMm/Kg: Oxygen Saturation, Garcia & Gordon [umol/kg]
# name 14 = sbeox0PS: Oxygen, SBE 43 [% saturation]
# name 15 = sbeox1PS: Oxygen, SBE 43, 2 [% saturation]
# name 16 = v0: Voltage 0
# name 17 = flECO-AFL: Fluorescence, WET Labs ECO-AFL/FL [mg/m^3]
# name 18 = v1: Voltage 1
# name 19 = CStarAt0: Beam Attenuation, WET Labs C-Star [1/m]
# name 20 = par: PAR/Irradiance, Biospherical/Licor
# name 21 = scan: Scan Count
# name 22 = timeM: Time, Elapsed [minutes]
# name 23 = flag:  0.000e+00
# span 0 =      2.260,     41.999                 
# span 1 =   71.38148,   71.38148                 
# span 2 = -160.83978, -160.83978                 
# span 3 =      2.283,     42.436                 
# span 4 =    -1.6599,     2.3096                 
# span 5 =    -1.6587,     2.3132                 
# span 6 =    -1.6604,     2.3095                 
# span 7 =    27.1591,    32.6568                 
# span 8 =    27.1694,    32.6689                 
# span 9 =  1021.6920,  1026.4766                 
# span 10 =    21.6779,    26.2723                
# span 11 =    250.426,    481.597                
# span 12 =    238.434,    450.553                
# span 13 =  348.14411,  370.44680                
# span 14 =     67.644,    132.120                
# span 15 =     64.418,    123.480                
# span 16 =     0.0855,     2.4151                
# span 17 =     0.1648,    14.1428                
# span 18 =     2.2759,     4.2076                
# span 19 =     0.4532,     2.9122                
# span 20 = 3.9401e-02, 2.2067e+02                
# span 21 =          1,       4249                
# span 22 =     0.0000,     2.9500                
# span 23 = 0.0000e+00, 0.0000e+00                
# interval = seconds: 0.0416667
# start_time = Sep 23 2023 21:16:43 [NMEA time, first data scan]
# bad_flag = -9.990e-29
*END*
[from data line 1268]
      9.896   71.38148 -160.83978      9.998     2.2958     2.2974     2.2954    27.2458    27.2551  1021.7949    21.7473    339.028    321.431  348.23887     97.355     92.312     0.2063     0.8901     4.0635     0.5927 5.3410e+01       1269     0.8806  0.000e+00
      9.927   71.38148 -160.83978     10.030     2.2962     2.2976     2.2958    27.2468    27.2561  1021.7958    21.7481    339.003    321.245  348.23323     97.349     92.260     0.2063     0.8901     4.0635     0.5927 5.3260e+01       1270     0.8812  0.000e+00
      9.896   71.38148 -160.83978      9.998     2.2965     2.2979     2.2961    27.2471    27.2563  1021.7959    21.7483    339.210    321.241  348.22969     97.410     92.260     0.2063     0.8901     4.0635     0.5927 5.3260e+01       1271     0.8819  0.000e+00
      9.950   71.38148 -160.83978     10.053     2.2968     2.2979     2.2964    27.2481    27.2566  1021.7970    21.7491    339.226    321.453  348.22398     97.416     92.321     0.2063     0.8901     4.0647     0.5915 5.3260e+01       1272     0.8826  0.000e+00
      9.950   71.38148 -160.83978     10.053     2.2976     2.2984     2.2972    27.2499    27.2567  1021.7984    21.7505    339.233    321.477  348.21251     97.421     92.329     0.2063     0.8901     4.0647     0.5915 5.3110e+01       1273     0.8833  0.000e+00
     10.012   71.38148 -160.83978     10.115     2.2983     2.2986     2.2979    27.2518    27.2571  1021.8001    21.7520    339.011    321.481  348.20083     97.361     92.331     0.2063     0.8901     4.0635     0.5927 5.3110e+01       1274     0.8840  0.000e+00
      9.950   71.38148 -160.83978     10.053     2.2998     2.2984     2.2994    27.2531    27.2574  1021.8008    21.7529    338.973    321.483  348.18437     97.354     92.331     0.2076     0.8974     4.0659     0.5902 5.2960e+01       1275     0.8847  0.000e+00
     10.012   71.38148 -160.83978     10.115     2.3011     2.2984     2.3007    27.2537    27.2576  1021.8015    21.7533    338.945    321.489  348.17084     97.350     92.333     0.2063     0.8901     4.0733     0.5830 5.2960e+01       1276     0.8854  0.000e+00
     10.012   71.38148 -160.83978     10.115     2.3017     2.2988     2.3013    27.2540    27.2577  1021.8016    21.7535    338.925    321.282  348.16542     97.346     92.275     0.2063     0.8901     4.0769     0.5795 5.2960e+01       1277     0.8861  0.000e+00
     10.066   71.38148 -160.83978     10.170     2.3019     2.2990     2.3014    27.2556    27.2583  1021.8032    21.7548    339.140    321.262  348.15970     97.409     92.270     0.2063     0.8901     4.0769     0.5795 5.2960e+01       1278     0.8868  0.000e+00
     10.012   71.38148 -160.83978     10.115     2.3011     2.2998     2.3007    27.2611    27.2590  1021.8074    21.7592    338.924    321.232  348.15117     97.350     92.263     0.2063     0.8901     4.0769     0.5795 5.2811e+01       1279     0.8875  0.000e+00
     10.096   71.38148 -160.83978     10.201     2.2996     2.2996     2.2992    27.2686    27.2617  1021.8139    21.7653    338.912    321.213  348.14459     97.348     92.259     0.2063     0.8901     4.0769     0.5795 5.2811e+01       1280     0.8882  0.000e+00
     10.012   71.38148 -160.83978     10.115     2.2976     2.2978     2.2972    27.2756    27.2695  1021.8192    21.7711    338.901    321.398  348.14411     97.345     92.314     0.2063     0.8901     4.0769     0.5795 5.2811e+01       1281     0.8889  0.000e+00
     10.119   71.38148 -160.83978     10.224     2.2957     2.2942     2.2953    27.2811    27.2806  1021.8242    21.7756    338.902    321.417  348.14579     97.345     92.319     0.2076     0.8974     4.0769     0.5795 5.2663e+01       1282     0.8896  0.000e+00
     10.119   71.38148 -160.83978     10.224     2.2932     2.2903     2.2928    27.2881    27.2914  1021.8299    21.7813    338.902    321.434  348.14978     97.344     92.322     0.2063     0.8901     4.0769     0.5795 5.2663e+01       1283     0.8903  0.000e+00
     10.065   71.38148 -160.83978     10.169     2.2909     2.2873     2.2904    27.2940    27.2994  1021.8345    21.7861    338.903    321.242  348.15474     97.343     92.265     0.2063     0.8901     4.0769     0.5795 5.2663e+01       1284     0.8910  0.000e+00
     10.119   71.38148 -160.83978     10.224     2.2886     2.2855     2.2882    27.2981    27.3042  1021.8382    21.7896    338.913    321.208  348.16326     97.343     92.255     0.2063     0.8901     4.0769     0.5795 5.2515e+01       1285     0.8917  0.000e+00
     10.119   71.38148 -160.83978     10.224     2.2867     2.2846     2.2863    27.3014    27.3071  1021.8410    21.7923    338.922    321.194  348.17181     97.343     92.250     0.2063     0.8901     4.0769     0.5795 5.2515e+01       1286     0.8924  0.000e+00
     10.181   71.38148 -160.83978     10.286     2.2857     2.2834     2.2852    27.3028    27.3102  1021.8425    21.7935    338.892    321.185  348.17716     97.333     92.247     0.2063     0.8901     4.0769     0.5795 5.2367e+01       1287     0.8931  0.000e+00
     10.119   71.38148 -160.83978     10.224     2.2847     2.2819     2.2843    27.3050    27.3136  1021.8439    21.7953    338.892    321.174  348.17957     97.333     92.243     0.2027     0.8681     4.0769     0.5795 5.2367e+01       1288     0.8938  0.000e+00
     10.181   71.38148 -160.83978     10.286     2.2842     2.2812     2.2838    27.3062    27.3160  1021.8452    21.7963    339.131    321.165  348.18113     97.401     92.241     0.1978     0.8388     4.0769     0.5795 5.2219e+01       1289     0.8944  0.000e+00
     10.119   71.38148 -160.83978     10.224     2.2833     2.2805     2.2829    27.3082    27.3173  1021.8466    21.7979    338.899    321.154  348.18339     97.334     92.237     0.1929     0.8095     4.0769     0.5795 5.2367e+01       1290     0.8951  0.000e+00
     10.212   71.38148 -160.83978     10.317     2.2824     2.2799     2.2819    27.3099    27.3185  1021.8485    21.7994    338.910    321.151  348.18743     97.336     92.235     0.1941     0.8168     4.0769     0.5795 5.2219e+01       1291     0.8958  0.000e+00
     10.181   71.38148 -160.83978     10.286     2.2817     2.2795     2.2813    27.3118    27.3201  1021.8498    21.8009    338.914    320.906  348.18831     97.336     92.165     0.1941     0.8168     4.0769     0.5795 5.2219e+01       1292     0.8965  0.000e+00
     10.235   71.38148 -160.83978     10.341     2.2810     2.2786     2.2805    27.3137    27.3223  1021.8517    21.8024    338.923    321.086  348.19000     97.339     92.216     0.1954     0.8242     4.0769     0.5795 5.2219e+01       1293     0.8972  0.000e+00
     10.181   71.38148 -160.83978     10.286     2.2798     2.2773     2.2794    27.3152    27.3252  1021.8527    21.8037    338.895    320.875  348.19601     97.329     92.155     0.1941     0.8168     4.0769     0.5795 5.2073e+01       1294     0.8979  0.000e+00
     10.235   71.38148 -160.83978     10.341     2.2795     2.2763     2.2791    27.3152    27.3275  1021.8530    21.8038    338.906    320.850  348.19824     97.331     92.147     0.1941     0.8168     4.0769     0.5795 5.2073e+01       1295     0.8986  0.000e+00
     10.235   71.38148 -160.83978     10.341     2.2794     2.2752     2.2790    27.3157    27.3306  1021.8534    21.8041    338.915    321.032  348.19852     97.334     92.199     0.1954     0.8242     4.0855     0.5711 5.2073e+01       1296     0.8993  0.000e+00
     10.297   71.38148 -160.83978     10.403     2.2789     2.2739     2.2785    27.3170    27.3331  1021.8547    21.8052    338.928    321.038  348.19943     97.337     92.199     0.1941     0.8168     4.0916     0.5651 5.1926e+01       1297     0.9000  0.000e+00
     10.235   71.38148 -160.83978     10.341     2.2786     2.2735     2.2782    27.3185    27.3345  1021.8557    21.8065    338.935    320.828  348.19758     97.340     92.139     0.1954     0.8242     4.0916     0.5651 5.1780e+01       1298     0.9007  0.000e+00
     10.235   71.38148 -160.83978     10.341     2.2781     2.2730     2.2777    27.3199    27.3359  1021.8568    21.8076    338.910    320.805  348.19831     97.332     92.132     0.1941     0.8168     4.0916     0.5651 5.1780e+01       1299     0.9014  0.000e+00
     10.235   71.38148 -160.83978     10.341     2.2775     2.2727     2.2771    27.3210    27.3374  1021.8577    21.8085    338.926    320.809  348.20119     97.336     92.133     0.1954     0.8242     4.0916     0.5651 5.1634e+01       1300     0.9021  0.000e+00
     10.266   71.38148 -160.83978     10.372     2.2764     2.2718     2.2760    27.3220    27.3393  1021.8588    21.8094    338.486    321.002  348.20794     97.208     92.188     0.1929     0.8095     4.0904     0.5663 5.1489e+01       1301     0.9028  0.000e+00
     10.296   71.38148 -160.83978     10.403     2.2753     2.2707     2.2749    27.3233    27.3425  1021.8600    21.8105    338.901    320.806  348.21420     97.325     92.132     0.1941     0.8168     4.0916     0.5651 5.1489e+01       1302     0.9035  0.000e+00
     10.296   71.38148 -160.83978     10.403     2.2744     2.2694     2.2740    27.3244    27.3454  1021.8609    21.8114    338.928    320.796  348.21935     97.332     92.128     0.1954     0.8242     4.0904     0.5663 5.1344e+01       1303     0.9042  0.000e+00
     10.296   71.38148 -160.83978     10.403     2.2733     2.2692     2.2729    27.3260    27.3462  1021.8623    21.8127    338.957    320.756  348.22478     97.338     92.116     0.1941     0.8168     4.0916     0.5651 5.1199e+01       1304     0.9049  0.000e+00
     10.296   71.38148 -160.83978     10.403     2.2732     2.2699     2.2727    27.3270    27.3456  1021.8631    21.8135    338.980    320.713  348.22357     97.345     92.105     0.1941     0.8168     4.0916     0.5651 5.1199e+01       1305     0.9056  0.000e+00
     10.296   71.38148 -160.83978     10.403     2.2723     2.2701     2.2719    27.3287    27.3450  1021.8645    21.8149    338.969    320.701  348.22624     97.342     92.102     0.1941     0.8168     4.0916     0.5651 5.1055e+01       1306     0.9063  0.000e+00
     10.296   71.38148 -160.83978     10.403     2.2722     2.2702     2.2717    27.3298    27.3443  1021.8654    21.8159    338.953    320.693  348.22464     97.337     92.099     0.1954     0.8242     4.0904     0.5663 5.0912e+01       1307     0.9069  0.000e+00
     10.350   71.38148 -160.83978     10.457     2.2717     2.2697     2.2713    27.3307    27.3444  1021.8664    21.8166    338.983    320.692  348.22597     97.346     92.098     0.1929     0.8095     4.0916     0.5651 5.0912e+01       1308     0.9076  0.000e+00
     10.296   71.38148 -160.83978     10.403     2.2719     2.2693     2.2715    27.3315    27.3443  1021.8667    21.8172    338.964    320.689  348.22257     97.341     92.096     0.1941     0.8168     4.0916     0.5651 5.0768e+01       1309     0.9083  0.000e+00
     10.327   71.38148 -160.83978     10.434     2.2713     2.2690     2.2708    27.3340    27.3441  1021.8689    21.8192    338.993    320.690  348.22175     97.350     92.095     0.1954     0.8242     4.0916     0.5651 5.0626e+01       1310     0.9090  0.000e+00
     10.350   71.38148 -160.83978     10.457     2.2709     2.2684     2.2705    27.3355    27.3439  1021.8703    21.8205    338.982    320.929  348.22055     97.347     92.163     0.1941     0.8168     4.0916     0.5651 5.0626e+01       1311     0.9097  0.000e+00
     10.296   71.38148 -160.83978     10.403     2.2703     2.2680     2.2699    27.3359    27.3435  1021.8704    21.8209    338.973    320.749  348.22469     97.343     92.110     0.1954     0.8242     4.0916     0.5651 5.0626e+01       1312     0.9104  0.000e+00
     10.350   71.38148 -160.83978     10.457     2.2694     2.2678     2.2689    27.3362    27.3438  1021.8710    21.8212    339.013    320.963  348.23243     97.352     92.171     0.1941     0.8168     4.0904     0.5663 5.0483e+01       1313     0.9111  0.000e+00
     10.350   71.38148 -160.83978     10.457     2.2689     2.2676     2.2685    27.3359    27.3421  1021.8707    21.8210    339.008    320.999  348.23705     97.350     92.179     0.1941     0.8168     4.0916     0.5651 5.0483e+01       1314     0.9118  0.000e+00
     10.296   71.38148 -160.83978     10.403     2.2683     2.2670     2.2679    27.3354    27.3391  1021.8701    21.8205    339.043    321.039  348.24385     97.358     92.187     0.1941     0.8168     4.0916     0.5651 5.0483e+01       1315     0.9125  0.000e+00
     10.350   71.38148 -160.83978     10.457     2.2680     2.2658     2.2675    27.3340    27.3359  1021.8693    21.8195    339.085    321.091  348.25084     97.368     92.197     0.1941     0.8168     4.0904     0.5663 5.0341e+01       1316     0.9132  0.000e+00
     10.350   71.38148 -160.83978     10.457     2.2678     2.2662     2.2674    27.3327    27.3327  1021.8682    21.8184    339.123    321.127  348.25585     97.378     92.206     0.1954     0.8242     4.0904     0.5663 5.0483e+01       1317     0.9139  0.000e+00
     10.412   71.38148 -160.83978     10.519     2.2678     2.2682     2.2674    27.3317    27.3302  1021.8677    21.8176    338.892    320.943  348.25794     97.311     92.157     0.1941     0.8168     4.0904     0.5663 5.0341e+01       1318     0.9146  0.000e+00
     10.350   71.38148 -160.83978     10.457     2.2676     2.2690     2.2672    27.3318    27.3306  1021.8675    21.8177    339.081    320.917  348.25968     97.364     92.151     0.1954     0.8242     4.0904     0.5663 5.0341e+01       1319     0.9153  0.000e+00
     10.327   71.38148 -160.83978     10.434     2.2683     2.2687     2.2678    27.3321    27.3323  1021.8676    21.8179    338.878    320.900  348.25302     97.308     92.147     0.1941     0.8168     4.0904     0.5663 5.0341e+01       1320     0.9160  0.000e+00
     10.412   71.38148 -160.83978     10.519     2.2693     2.2686     2.2688    27.3323    27.3331  1021.8681    21.8180    339.105    321.122  348.24397     97.376     92.211     0.1954     0.8242     4.0904     0.5663 5.0341e+01       1321     0.9167  0.000e+00
     10.350   71.38148 -160.83978     10.457     2.2695     2.2676     2.2691    27.3315    27.3338  1021.8672    21.8174    338.679    321.166  348.24350     97.254     92.221     0.1941     0.8168     4.0916     0.5651 5.0199e+01       1322     0.9174  0.000e+00
     10.350   71.38148 -160.83978     10.457     2.2695     2.2667     2.2691    27.3304    27.3332  1021.8663    21.8165    338.844    321.214  348.24645     97.300     92.233     0.1941     0.8168     4.0916     0.5651 5.0199e+01       1323     0.9181  0.000e+00
     10.350   71.38148 -160.83978     10.457     2.2698     2.2690     2.2694    27.3289    27.3296  1021.8651    21.8153    338.814    321.242  348.24758     97.291     92.244     0.1954     0.8242     4.0904     0.5663 5.0199e+01       1324     0.9187  0.000e+00
     10.412   71.38148 -160.83978     10.519     2.2706     2.2714     2.2702    27.3281    27.3257  1021.8647    21.8146    338.783    321.273  348.24307     97.284     92.256     0.1941     0.8168     4.0904     0.5663 5.0058e+01       1325     0.9194  0.000e+00
     10.350   71.38148 -160.83978     10.457     2.2708     2.2730     2.2703    27.3275    27.3229  1021.8639    21.8141    338.753    321.279  348.24321     97.275     92.259     0.1954     0.8242     4.0904     0.5663 5.0058e+01       1326     0.9201  0.000e+00
     10.412   71.38148 -160.83978     10.519     2.2714     2.2736     2.2710    27.3258    27.3213  1021.8628    21.8127    338.768    321.297  348.24199     97.280     92.264     0.1941     0.8168     4.0904     0.5663 5.0058e+01       1327     0.9208  0.000e+00
     10.350   71.38148 -160.83978     10.457     2.2722     2.2734     2.2717    27.3232    27.3194  1021.8604    21.8106    338.974    321.318  348.24216     97.339     92.268     0.1954     0.8242     4.0916     0.5651 4.9917e+01       1328     0.9215  0.000e+00
