EcoFOCI/data/1_SampleCollection/2023_SikuliaqDBO_CruiseData/CTD_raw_BottleFile_SKQ23-12S/proc/skq202312s_079.cnv
* Sea-Bird SBE 9 Data File:
* FileName = D:\CTD\SKQ202312S\SKQ202312S_079.hex
* Software Version Seasave V 7.26.7.121
* Temperature SN = 6177
* Conductivity SN = 0369
* Number of Bytes Per Scan = 41
* Number of Voltage Words = 4
* Number of Scans Averaged by the Deck Unit = 1
* NMEA Latitude = 65 44.28 N
* NMEA Longitude = 168 38.83 W
* NMEA UTC (Time) = Oct 03 2023  07:05:08
* NMEA baud rate = 4800
** Ship: R/V Sikuliaq
** Station Number: 079
** Station Name: BS6
** Bottom Depth: 51
** Operator: SD
# nquan = 24
# nvalues = 5201                                  
# units = specified
# name 0 = depSM: Depth [salt water, m]
# name 1 = latitude: Latitude [deg]
# name 2 = longitude: Longitude [deg]
# name 3 = prDM: Pressure, Digiquartz [db]
# name 4 = t090C: Temperature [ITS-90, deg C]
# name 5 = t190C: Temperature, 2 [ITS-90, deg C]
# name 6 = potemp090C: Potential Temperature [ITS-90, deg C]
# name 7 = sal00: Salinity, Practical [PSU]
# name 8 = sal11: Salinity, Practical, 2 [PSU]
# name 9 = density00: Density [density, kg/m^3]
# name 10 = sigma-é00: Density [sigma-theta, kg/m^3]
# name 11 = sbox0Mm/Kg: Oxygen, SBE 43 [umol/kg]
# name 12 = sbox1Mm/Kg: Oxygen, SBE 43, 2 [umol/kg]
# name 13 = oxsolMm/Kg: Oxygen Saturation, Garcia & Gordon [umol/kg]
# name 14 = sbeox0PS: Oxygen, SBE 43 [% saturation]
# name 15 = sbeox1PS: Oxygen, SBE 43, 2 [% saturation]
# name 16 = v0: Voltage 0
# name 17 = flECO-AFL: Fluorescence, WET Labs ECO-AFL/FL [mg/m^3]
# name 18 = v1: Voltage 1
# name 19 = CStarAt0: Beam Attenuation, WET Labs C-Star [1/m]
# name 20 = par: PAR/Irradiance, Biospherical/Licor
# name 21 = scan: Scan Count
# name 22 = timeM: Time, Elapsed [minutes]
# name 23 = flag:  0.000e+00
# span 0 =      2.896,     46.217                 
# span 1 =   65.73778,   65.73788                 
# span 2 = -168.64800, -168.64748                 
# span 3 =      2.925,     46.682                 
# span 4 =     2.8054,     6.2234                 
# span 5 =     2.8063,     6.2270                 
# span 6 =     2.8035,     6.2227                 
# span 7 =    26.2108,    32.5771                 
# span 8 =    26.6702,    32.8149                 
# span 9 =  1020.6170,  1026.1827                 
# span 10 =    20.6023,    25.9638                
# span 11 =    242.550,    293.804                
# span 12 =    234.208,    281.904                
# span 13 =  309.52429,  335.50888                
# span 14 =     73.339,     92.086                
# span 15 =     71.166,     88.630                
# span 16 =     0.1026,     0.3407                
# span 17 =     0.2674,     1.6960                
# span 18 =     3.6642,     4.0867                
# span 19 =     0.5699,     1.0065                
# span 20 = 1.0000e-12, 3.8458e-01                
# span 21 =          1,       5201                
# span 22 =     0.0000,     3.6111                
# span 23 = 0.0000e+00, 0.0000e+00                
# interval = seconds: 0.0416667
# start_time = Oct 03 2023 07:08:37 [NMEA time, first data scan]
# bad_flag = -9.990e-29
*END*
[from data line 4287]
     45.815   65.73778 -168.64790     46.276     2.8563     2.8577     2.8538    31.6774    32.8142  1025.4633    25.2456    244.138    236.736  331.97183     73.542     71.934     0.2454     1.1245     3.6752     0.9945 1.0000e-12       4288     2.9771  0.000e+00
     45.869   65.73778 -168.64790     46.331     2.8560     2.8580     2.8535    31.6778    32.8139  1025.4639    25.2459    243.466    236.763  331.97253     73.339     71.942     0.2442     1.1172     3.6752     0.9945 1.0000e-12       4289     2.9778  0.000e+00
     45.808   65.73778 -168.64790     46.269     2.8561     2.8578     2.8536    31.6761    32.8141  1025.4622    25.2445    243.795    236.789  331.97645     73.438     71.950     0.2442     1.1172     3.6752     0.9945 1.0000e-12       4290     2.9785  0.000e+00
     45.815   65.73778 -168.64790     46.276     2.8563     2.8578     2.8538    31.6789    32.8141  1025.4645    25.2468    243.750    236.816  331.96792     73.426     71.958     0.2442     1.1172     3.6764     0.9932 1.0000e-12       4291     2.9792  0.000e+00
     45.869   65.73778 -168.64790     46.331     2.8561     2.8578     2.8536    31.6798    32.8139  1025.4655    25.2475    243.790    236.648  331.96701     73.438     71.907     0.2454     1.1245     3.6752     0.9945 1.0000e-12       4292     2.9799  0.000e+00
     45.815   65.73778 -168.64790     46.276     2.8559     2.8581     2.8534    31.6786    32.8140  1025.4643    25.2466    243.983    236.625  331.97138     73.495     71.901     0.2454     1.1245     3.6764     0.9932 1.0000e-12       4293     2.9806  0.000e+00
     45.815   65.73778 -168.64790     46.276     2.8559     2.8580     2.8534    31.6788    32.8146  1025.4645    25.2467    243.769    236.826  331.97087     73.431     71.962     0.2466     1.1319     3.6752     0.9945 1.0000e-12       4294     2.9813  0.000e+00
     45.869   65.73778 -168.64790     46.331     2.8559     2.8581     2.8534    31.6771    32.8139  1025.4634    25.2454    243.749    236.832  331.97515     73.424     71.963     0.2540     1.1758     3.6752     0.9945 1.0000e-12       4295     2.9819  0.000e+00
     45.815   65.73778 -168.64790     46.276     2.8556     2.8578     2.8531    31.6776    32.8144  1025.4636    25.2458    243.763    236.834  331.97643     73.428     71.964     0.2564     1.1905     3.6752     0.9945 1.0000e-12       4296     2.9826  0.000e+00
     45.815   65.73778 -168.64790     46.276     2.8559     2.8578     2.8534    31.6784    32.8140  1025.4642    25.2464    243.779    236.837  331.97178     73.434     71.964     0.2576     1.1978     3.6752     0.9945 1.0000e-12       4297     2.9833  0.000e+00
     45.869   65.73778 -168.64790     46.331     2.8558     2.8580     2.8533    31.6791    32.8138  1025.4650    25.2470    243.767    236.839  331.97147     73.430     71.965     0.2564     1.1905     3.6764     0.9932 1.0000e-12       4298     2.9840  0.000e+00
     45.815   65.73778 -168.64790     46.276     2.8558     2.8578     2.8533    31.6804    32.8139  1025.4658    25.2480    244.011    236.862  331.96809     73.504     71.972     0.2576     1.1978     3.6752     0.9945 1.0000e-12       4299     2.9847  0.000e+00
     45.869   65.73778 -168.64790     46.331     2.8557     2.8577     2.8532    31.6781    32.8140  1025.4642    25.2462    243.824    237.084  331.97428     73.447     72.039     0.2564     1.1905     3.6752     0.9945 1.0000e-12       4300     2.9854  0.000e+00
     45.815   65.73778 -168.64790     46.276     2.8559     2.8578     2.8534    31.6796    32.8136  1025.4651    25.2474    244.035    236.908  331.96887     73.511     71.986     0.2576     1.1978     3.6764     0.9932 1.0000e-12       4301     2.9861  0.000e+00
     45.869   65.73778 -168.64790     46.331     2.8561     2.8577     2.8536    31.6792    32.8143  1025.4650    25.2470    243.848    236.932  331.96862     73.455     71.993     0.2576     1.1978     3.6752     0.9945 1.0000e-12       4302     2.9868  0.000e+00
     45.869   65.73778 -168.64790     46.331     2.8559     2.8577     2.8534    31.6796    32.8144  1025.4654    25.2474    243.849    236.930  331.96884     73.455     71.993     0.2564     1.1905     3.6752     0.9945 1.0000e-12       4303     2.9875  0.000e+00
     45.815   65.73778 -168.64790     46.276     2.8559     2.8577     2.8534    31.6811    32.8141  1025.4663    25.2486    243.847    236.926  331.96506     73.456     71.991     0.2576     1.1978     3.6752     0.9945 1.0000e-12       4304     2.9882  0.000e+00
     45.808   65.73778 -168.64790     46.269     2.8564     2.8576     2.8539    31.6793    32.8141  1025.4648    25.2471    243.853    236.726  331.96548     73.457     71.930     0.2564     1.1905     3.6752     0.9945 1.0000e-12       4305     2.9889  0.000e+00
     45.869   65.73778 -168.64790     46.331     2.8559     2.8576     2.8534    31.6786    32.8143  1025.4646    25.2466    243.868    236.897  331.97125     73.461     71.982     0.2576     1.1978     3.6838     0.9852 1.0000e-12       4306     2.9896  0.000e+00
     45.869   65.73778 -168.64790     46.331     2.8561     2.8577     2.8536    31.6797    32.8140  1025.4654    25.2475    243.877    236.868  331.96721     73.464     71.974     0.2564     1.1905     3.6899     0.9786 1.0000e-12       4307     2.9903  0.000e+00
     45.869   65.73778 -168.64790     46.331     2.8561     2.8572     2.8536    31.6811    32.8142  1025.4665    25.2485    243.889    236.864  331.96381     73.469     71.972     0.2564     1.1905     3.6911     0.9773 1.0000e-12       4308     2.9910  0.000e+00
     45.815   65.73778 -168.64790     46.276     2.8559     2.8575     2.8534    31.6776    32.8141  1025.4635    25.2457    243.913    236.853  331.97398     73.474     71.969     0.2564     1.1905     3.6899     0.9786 1.0000e-12       4309     2.9917  0.000e+00
     45.869   65.73778 -168.64790     46.331     2.8560     2.8574     2.8535    31.6786    32.8137  1025.4646    25.2466    243.933    236.848  331.97043     73.480     71.967     0.2564     1.1905     3.6899     0.9786 1.0000e-12       4310     2.9924  0.000e+00
     45.869   65.73778 -168.64790     46.331     2.8561     2.8574     2.8536    31.6777    32.8138  1025.4638    25.2458    243.700    236.642  331.97232     73.410     71.904     0.2576     1.1978     3.6899     0.9786 1.0000e-12       4311     2.9931  0.000e+00
     45.869   65.73778 -168.64790     46.331     2.8561     2.8571     2.8536    31.6826    32.8140  1025.4677    25.2498    243.682    236.611  331.95990     73.407     71.895     0.2576     1.1978     3.6899     0.9786 1.0000e-12       4312     2.9937  0.000e+00
     45.869   65.73778 -168.64790     46.331     2.8559     2.8572     2.8534    31.6822    32.8137  1025.4675    25.2495    243.680    236.578  331.96213     73.406     71.885     0.2576     1.1978     3.6899     0.9786 1.0000e-12       4313     2.9944  0.000e+00
     45.869   65.73778 -168.64790     46.331     2.8559     2.8570     2.8534    31.6779    32.8139  1025.4640    25.2460    243.908    236.547  331.97315     73.472     71.875     0.2576     1.1978     3.6899     0.9786 1.0000e-12       4314     2.9951  0.000e+00
     45.869   65.73778 -168.64790     46.331     2.8563     2.8572     2.8538    31.6800    32.8137  1025.4656    25.2477    243.941    236.513  331.96519     73.484     71.865     0.2576     1.1978     3.6899     0.9786 1.0000e-12       4315     2.9958  0.000e+00
     45.869   65.73778 -168.64790     46.331     2.8559     2.8572     2.8534    31.6838    32.8134  1025.4687    25.2507    243.978    236.481  331.95822     73.497     71.855     0.2564     1.1905     3.6899     0.9786 1.0000e-12       4316     2.9965  0.000e+00
     45.869   65.73778 -168.64790     46.331     2.8561     2.8574     2.8536    31.6833    32.8134  1025.4683    25.2503    243.985    236.447  331.95810     73.499     71.845     0.2576     1.1978     3.6899     0.9786 1.0000e-12       4317     2.9972  0.000e+00
     45.869   65.73778 -168.64790     46.331     2.8561     2.8570     2.8536    31.6794    32.8142  1025.4652    25.2472    243.818    236.416  331.96792     73.446     71.835     0.2564     1.1905     3.6899     0.9786 1.0000e-12       4318     2.9979  0.000e+00
     45.931   65.73778 -168.64790     46.393     2.8559     2.8572     2.8534    31.6794    32.8138  1025.4655    25.2473    244.057    236.385  331.96922     73.518     71.826     0.2564     1.1905     3.6899     0.9786 1.0000e-12       4319     2.9986  0.000e+00
     45.869   65.73778 -168.64790     46.331     2.8560     2.8572     2.8535    31.6854    32.8139  1025.4699    25.2520    244.059    236.350  331.95340     73.522     71.815     0.2625     1.2271     3.6899     0.9786 1.0000e-12       4320     2.9993  0.000e+00
     45.869   65.73778 -168.64790     46.331     2.8561     2.8576     2.8536    31.6874    32.8137  1025.4716    25.2536    244.036    236.316  331.94778     73.516     71.805     0.2662     1.2491     3.6899     0.9786 1.0000e-12       4321     3.0000  0.000e+00
     45.869   65.73778 -168.64790     46.331     2.8563     2.8577     2.8538    31.6842    32.8139  1025.4690    25.2510    244.059    236.306  331.95467     73.522     71.803     0.2674     1.2564     3.6899     0.9786 1.0000e-12       4322     3.0007  0.000e+00
     45.931   65.73778 -168.64790     46.393     2.8561     2.8578     2.8536    31.6854    32.8138  1025.4702    25.2520    244.116    236.299  331.95297     73.539     71.801     0.2662     1.2491     3.6899     0.9786 1.0000e-12       4323     3.0014  0.000e+00
     45.869   65.73778 -168.64790     46.331     2.8561     2.8577     2.8536    31.6857    32.8140  1025.4702    25.2522    243.952    236.267  331.95219     73.490     71.791     0.2674     1.2564     3.6899     0.9786 1.0000e-12       4324     3.0021  0.000e+00
     45.931   65.73778 -168.64790     46.393     2.8563     2.8576     2.8537    31.6854    32.8142  1025.4702    25.2519    244.128    236.239  331.95164     73.543     71.782     0.2662     1.2491     3.6899     0.9786 1.0000e-12       4325     3.0028  0.000e+00
     45.869   65.73778 -168.64790     46.331     2.8561     2.8574     2.8536    31.6861    32.8141  1025.4706    25.2526    244.153    236.232  331.95099     73.551     71.780     0.2662     1.2491     3.6838     0.9852 1.0000e-12       4326     3.0035  0.000e+00
     45.869   65.73778 -168.64790     46.331     2.8561     2.8577     2.8536    31.6859    32.8139  1025.4704    25.2524    244.219    236.029  331.95149     73.571     71.718     0.2662     1.2491     3.6789     0.9905 1.0000e-12       4327     3.0042  0.000e+00
     45.923   65.73778 -168.64790     46.386     2.8559     2.8573     2.8534    31.6870    32.8139  1025.4715    25.2533    244.214    236.005  331.95018     73.569     71.711     0.2674     1.2564     3.6777     0.9918 1.0000e-12       4328     3.0049  0.000e+00
     45.931   65.73778 -168.64790     46.393     2.8561     2.8574     2.8536    31.6865    32.8141  1025.4712    25.2529    244.245    235.784  331.94997     73.579     71.644     0.2674     1.2564     3.6777     0.9918 1.0000e-12       4329     3.0056  0.000e+00
     45.869   65.73778 -168.64790     46.331     2.8559     2.8576     2.8534    31.6867    32.8141  1025.4711    25.2531    244.314    235.736  331.95081     73.599     71.630     0.2662     1.2491     3.6777     0.9918 1.0000e-12       4330     3.0063  0.000e+00
     45.931   65.73778 -168.64790     46.393     2.8559     2.8576     2.8534    31.6877    32.8138  1025.4721    25.2538    244.313    235.893  331.94890     73.600     71.677     0.2674     1.2564     3.6777     0.9918 1.0000e-12       4331     3.0069  0.000e+00
     45.931   65.73778 -168.64790     46.393     2.8561     2.8574     2.8536    31.6879    32.8141  1025.4723    25.2540    244.347    235.876  331.94646     73.610     71.672     0.2662     1.2491     3.6777     0.9918 1.0000e-12       4332     3.0076  0.000e+00
     45.869   65.73778 -168.64790     46.331     2.8561     2.8575     2.8536    31.6859    32.8141  1025.4704    25.2524    244.386    235.662  331.95149     73.621     71.607     0.2674     1.2564     3.6777     0.9918 1.0000e-12       4333     3.0083  0.000e+00
     45.869   65.73778 -168.64790     46.331     2.8561     2.8574     2.8536    31.6859    32.8143  1025.4703    25.2524    244.425    235.627  331.95169     73.633     71.596     0.2662     1.2491     3.6777     0.9918 1.0000e-12       4334     3.0090  0.000e+00
     45.985   65.73778 -168.64790     46.448     2.8561     2.8576     2.8536    31.6860    32.8143  1025.4710    25.2525    244.468    235.597  331.95124     73.646     71.587     0.2674     1.2564     3.6777     0.9918 1.0000e-12       4335     3.0097  0.000e+00
     45.869   65.73778 -168.64790     46.331     2.8561     2.8576     2.8536    31.6871    32.8146  1025.4714    25.2534    244.467    235.563  331.94848     73.646     71.577     0.2662     1.2491     3.6777     0.9918 1.0000e-12       4336     3.0104  0.000e+00
     45.931   65.73778 -168.64790     46.393     2.8563     2.8576     2.8537    31.6875    32.8142  1025.4720    25.2537    244.509    235.343  331.94613     73.659     71.510     0.2662     1.2491     3.6777     0.9918 1.0000e-12       4337     3.0111  0.000e+00
     45.869   65.73778 -168.64790     46.331     2.8563     2.8573     2.8538    31.6872    32.8140  1025.4714    25.2534    244.439    235.297  331.94705     73.638     71.496     0.2674     1.2564     3.6777     0.9918 1.0000e-12       4338     3.0118  0.000e+00
     45.931   65.73778 -168.64790     46.393     2.8559     2.8572     2.8534    31.6894    32.8143  1025.4735    25.2552    244.442    235.257  331.94408     73.640     71.483     0.2662     1.2491     3.6777     0.9918 1.0000e-12       4339     3.0125  0.000e+00
     45.931   65.73778 -168.64790     46.393     2.8561     2.8576     2.8536    31.6891    32.8140  1025.4732    25.2550    244.224    235.217  331.94345     73.574     71.472     0.2674     1.2564     3.6777     0.9918 1.0000e-12       4340     3.0132  0.000e+00
     45.869   65.73778 -168.64790     46.331     2.8562     2.8572     2.8537    31.6858    32.8146  1025.4703    25.2523    244.196    234.962  331.95087     73.564     71.394     0.2662     1.2491     3.6777     0.9918 1.0000e-12       4341     3.0139  0.000e+00
     45.931   65.73778 -168.64790     46.393     2.8563     2.8574     2.8537    31.6881    32.8143  1025.4724    25.2542    244.421    234.885  331.94463     73.633     71.371     0.2674     1.2564     3.6777     0.9918 1.0000e-12       4342     3.0146  0.000e+00
     45.869   65.73778 -168.64790     46.331     2.8559     2.8575     2.8534    31.6892    32.8139  1025.4730    25.2550    244.427    234.834  331.94470     73.635     71.355     0.2662     1.2491     3.6777     0.9918 1.0000e-12       4343     3.0153  0.000e+00
     45.985   65.73778 -168.64790     46.448     2.8563     2.8576     2.8537    31.6872    32.8139  1025.4719    25.2534    244.440    234.792  331.94701     73.638     71.343     0.2674     1.2564     3.6777     0.9918 1.0000e-12       4344     3.0160  0.000e+00
     45.869   65.73778 -168.64790     46.331     2.8561     2.8577     2.8536    31.6884    32.8137  1025.4723    25.2544    244.222    234.748  331.94538     73.573     71.329     0.2674     1.2564     3.6777     0.9918 1.0000e-12       4345     3.0167  0.000e+00
     45.931   65.73778 -168.64790     46.393     2.8563     2.8576     2.8537    31.6884    32.8137  1025.4727    25.2544    244.416    234.715  331.94383     73.632     71.319     0.2540     1.1758     3.6838     0.9852 1.0000e-12       4346     3.0174  0.000e+00
     45.931   65.73778 -168.64790     46.393     2.8561     2.8576     2.8536    31.6871    32.8137  1025.4716    25.2534    244.429    234.684  331.94856     73.635     71.310     0.2479     1.1392     3.6972     0.9706 1.0000e-12       4347     3.0181  0.000e+00
