EcoFOCI/data/1_SampleCollection/2023_SikuliaqDBO_CruiseData/CTD_raw_BottleFile_SKQ23-12S/proc/skq202312s_001.cnv
* Sea-Bird SBE 9 Data File:
* FileName = D:\CTD\SKQ202312S\SKQ202312S_001.hex
* Software Version Seasave V 7.26.7.121
* Temperature SN = 6177
* Conductivity SN = 0369
* Number of Bytes Per Scan = 41
* Number of Voltage Words = 4
* Number of Scans Averaged by the Deck Unit = 1
* NMEA Latitude = 62 11.69 N
* NMEA Longitude = 174 40.42 W
* NMEA UTC (Time) = Sep 14 2023  13:19:49
* NMEA baud rate = 4800
** Ship: R/V Sikuliaq
** Station Number: 001
** Station Name: Mooring M8
** Bottom Depth: 73
** Operator: SD
# nquan = 24
# nvalues = 8691                                  
# units = specified
# name 0 = depSM: Depth [salt water, m]
# name 1 = latitude: Latitude [deg]
# name 2 = longitude: Longitude [deg]
# name 3 = prDM: Pressure, Digiquartz [db]
# name 4 = t090C: Temperature [ITS-90, deg C]
# name 5 = t190C: Temperature, 2 [ITS-90, deg C]
# name 6 = potemp090C: Potential Temperature [ITS-90, deg C]
# name 7 = sal00: Salinity, Practical [PSU]
# name 8 = sal11: Salinity, Practical, 2 [PSU]
# name 9 = density00: Density [density, kg/m^3]
# name 10 = sigma-é00: Density [sigma-theta, kg/m^3]
# name 11 = sbox0Mm/Kg: Oxygen, SBE 43 [umol/kg]
# name 12 = sbox1Mm/Kg: Oxygen, SBE 43, 2 [umol/kg]
# name 13 = oxsolMm/Kg: Oxygen Saturation, Garcia & Gordon [umol/kg]
# name 14 = sbeox0PS: Oxygen, SBE 43 [% saturation]
# name 15 = sbeox1PS: Oxygen, SBE 43, 2 [% saturation]
# name 16 = v0: Voltage 0
# name 17 = flECO-AFL: Fluorescence, WET Labs ECO-AFL/FL [mg/m^3]
# name 18 = v1: Voltage 1
# name 19 = CStarAt0: Beam Attenuation, WET Labs C-Star [1/m]
# name 20 = par: PAR/Irradiance, Biospherical/Licor
# name 21 = scan: Scan Count
# name 22 = timeM: Time, Elapsed [minutes]
# name 23 = flag:  0.000e+00
# span 0 =      1.206,     67.491                 
# span 1 =   62.19444,   62.19452                 
# span 2 = -174.67422, -174.67402                 
# span 3 =      1.218,     68.156                 
# span 4 =    -1.5247,     7.7743                 
# span 5 =    -1.5234,     7.7752                 
# span 6 =    -1.5258,     7.7733                 
# span 7 =    30.5765,    31.8394                 
# span 8 =    30.7825,    31.8524                 
# span 9 =  1023.9968,  1025.9340                 
# span 10 =    23.9517,    25.6058                
# span 11 =    279.688,    431.414                
# span 12 =    266.413,    370.586                
# span 13 =  297.39563,  371.45204                
# span 14 =     75.324,    116.877                
# span 15 =     71.754,    100.195                
# span 16 =     0.0684,     0.4896                
# span 17 =     0.0623,     2.5897                
# span 18 =     3.4286,     4.1673                
# span 19 =     0.4917,     1.2725                
# span 20 = 1.0000e-12, 1.5157e+00                
# span 21 =          1,       8691                
# span 22 =     0.0000,     6.0347                
# span 23 = 0.0000e+00, 0.0000e+00                
# interval = seconds: 0.0416667
# start_time = Sep 14 2023 13:27:19 [NMEA time, first data scan]
# bad_flag = -9.990e-29
*END*
[from data line 7125]
     66.797   62.19452 -174.67402     67.456    -1.5156    -1.5158    -1.5168    31.8360    31.8473  1025.9289    25.6028    280.795    270.277  371.32414     75.620     72.794     0.0720     0.0842     3.4469     1.2512 1.0000e-12       7126     4.9479  0.000e+00
     66.736   62.19452 -174.67402     67.393    -1.5157    -1.5158    -1.5169    31.8359    31.8473  1025.9285    25.6028    280.786    270.274  371.32545     75.617     72.793     0.0733     0.0916     3.4469     1.2512 8.4714e-06       7127     4.9486  0.000e+00
     66.782   62.19452 -174.67402     67.440    -1.5162    -1.5160    -1.5173    31.8362    31.8475  1025.9289    25.6030    280.783    270.270  371.32946     75.616     72.791     0.0720     0.0842     3.4469     1.2512 8.4714e-06       7128     4.9493  0.000e+00
     66.797   62.19452 -174.67402     67.456    -1.5156    -1.5162    -1.5168    31.8361    31.8477  1025.9290    25.6029    281.031    270.294  371.32376     75.684     72.797     0.0733     0.0916     3.4469     1.2512 8.4714e-06       7129     4.9500  0.000e+00
     66.782   62.19452 -174.67402     67.440    -1.5154    -1.5163    -1.5166    31.8365    31.8473  1025.9292    25.6033    280.754    270.312  371.32080     75.610     72.802     0.0720     0.0842     3.4481     1.2497 1.0000e-12       7130     4.9507  0.000e+00
     66.797   62.19452 -174.67402     67.456    -1.5150    -1.5165    -1.5161    31.8365    31.8476  1025.9292    25.6032    280.738    270.328  371.31640     75.606     72.806     0.0733     0.0916     3.4469     1.2512 8.4714e-06       7131     4.9514  0.000e+00
     66.782   62.19452 -174.67402     67.440    -1.5148    -1.5166    -1.5160    31.8368    31.8476  1025.9294    25.6034    280.723    270.338  371.31381     75.603     72.808     0.0720     0.0842     3.4481     1.2497 8.4714e-06       7132     4.9521  0.000e+00
     66.851   62.19452 -174.67402     67.510    -1.5143    -1.5166    -1.5155    31.8361    31.8477  1025.9292    25.6029    280.710    270.577  371.31100     75.600     72.873     0.0733     0.0916     3.4481     1.2497 1.0000e-12       7133     4.9528  0.000e+00
     66.797   62.19452 -174.67402     67.456    -1.5143    -1.5167    -1.5155    31.8359    31.8480  1025.9287    25.6027    280.696    270.376  371.31178     75.596     72.819     0.0733     0.0916     3.4469     1.2512 1.0000e-12       7134     4.9535  0.000e+00
     66.836   62.19452 -174.67402     67.495    -1.5147    -1.5164    -1.5158    31.8362    31.8476  1025.9292    25.6030    280.688    270.372  371.31436     75.593     72.818     0.0733     0.0916     3.4469     1.2512 1.0000e-12       7135     4.9542  0.000e+00
     66.851   62.19452 -174.67402     67.510    -1.5147    -1.5164    -1.5158    31.8357    31.8474  1025.9289    25.6026    280.677    270.365  371.31563     75.590     72.816     0.0720     0.0842     3.4481     1.2497 1.0000e-12       7136     4.9549  0.000e+00
     66.836   62.19452 -174.67402     67.495    -1.5151    -1.5164    -1.5163    31.8357    31.8475  1025.9288    25.6025    280.406    270.351  371.32053     75.516     72.812     0.0733     0.0916     3.4481     1.2497 1.0000e-12       7137     4.9556  0.000e+00
     66.852   62.19452 -174.67402     67.510    -1.5156    -1.5166    -1.5168    31.8362    31.8476  1025.9293    25.6030    280.663    270.338  371.32349     75.584     72.808     0.0720     0.0842     3.4481     1.2497 8.4714e-06       7138     4.9562  0.000e+00
     66.836   62.19452 -174.67402     67.495    -1.5162    -1.5163    -1.5173    31.8367    31.8476  1025.9296    25.6034    280.710    270.314  371.32793     75.596     72.803     0.0733     0.0916     3.4481     1.2497 1.0000e-12       7139     4.9569  0.000e+00
     66.852   62.19452 -174.67402     67.510    -1.5165    -1.5163    -1.5177    31.8372    31.8477  1025.9302    25.6039    280.706    270.290  371.32972     75.595     72.796     0.0733     0.0916     3.4469     1.2512 8.4714e-06       7140     4.9576  0.000e+00
     66.852   62.19452 -174.67402     67.510    -1.5160    -1.5163    -1.5172    31.8367    31.8473  1025.9297    25.6034    280.697    270.262  371.32602     75.593     72.789     0.0733     0.0916     3.4481     1.2497 1.0000e-12       7141     4.9583  0.000e+00
     66.898   62.19452 -174.67402     67.557    -1.5161    -1.5159    -1.5172    31.8370    31.8470  1025.9302    25.6036    280.692    270.229  371.32587     75.592     72.780     0.0733     0.0916     3.4481     1.2497 1.0000e-12       7142     4.9590  0.000e+00
     66.906   62.19452 -174.67402     67.565    -1.5157    -1.5162    -1.5169    31.8364    31.8473  1025.9297    25.6032    280.684    269.962  371.32400     75.590     72.708     0.0733     0.0916     3.4469     1.2512 1.0000e-12       7143     4.9597  0.000e+00
     66.898   62.19452 -174.67402     67.557    -1.5156    -1.5162    -1.5167    31.8367    31.8475  1025.9299    25.6034    280.676    270.121  371.32155     75.588     72.751     0.0733     0.0916     3.4469     1.2512 8.4714e-06       7144     4.9604  0.000e+00
     66.906   62.19452 -174.67402     67.565    -1.5153    -1.5160    -1.5164    31.8365    31.8474  1025.9298    25.6032    280.667    270.111  371.31933     75.587     72.748     0.0733     0.0916     3.4493     1.2483 8.4714e-06       7145     4.9611  0.000e+00
     66.852   62.19452 -174.67402     67.511    -1.5153    -1.5162    -1.5164    31.8369    31.8476  1025.9299    25.6036    280.658    270.064  371.31798     75.584     72.736     0.0720     0.0842     3.4518     1.2455 8.4714e-06       7146     4.9618  0.000e+00
     66.952   62.19452 -174.67402     67.612    -1.5153    -1.5159    -1.5164    31.8366    31.8471  1025.9301    25.6033    280.656    270.016  371.31903     75.584     72.723     0.0733     0.0916     3.4530     1.2441 1.0000e-12       7147     4.9625  0.000e+00
     66.906   62.19452 -174.67402     67.565    -1.5153    -1.5163    -1.5164    31.8369    31.8476  1025.9301    25.6035    280.648    269.996  371.31808     75.581     72.717     0.0733     0.0916     3.4530     1.2441 1.0000e-12       7148     4.9632  0.000e+00
     66.952   62.19452 -174.67402     67.612    -1.5151    -1.5163    -1.5163    31.8365    31.8475  1025.9300    25.6032    280.643    269.975  371.31799     75.580     72.711     0.0720     0.0842     3.4518     1.2455 8.4714e-06       7149     4.9639  0.000e+00
     66.906   62.19452 -174.67402     67.565    -1.5150    -1.5160    -1.5161    31.8366    31.8471  1025.9299    25.6033    280.633    269.714  371.31597     75.578     72.641     0.0720     0.0842     3.4518     1.2455 8.4714e-06       7150     4.9646  0.000e+00
     66.952   62.19452 -174.67402     67.612    -1.5147    -1.5163    -1.5159    31.8358    31.8476  1025.9294    25.6026    280.889    269.658  371.31556     75.647     72.626     0.0733     0.0916     3.4518     1.2455 1.0000e-12       7151     4.9653  0.000e+00
     66.967   62.19452 -174.67402     67.628    -1.5150    -1.5160    -1.5161    31.8356    31.8472  1025.9294    25.6025    280.412    269.596  371.31895     75.518     72.610     0.0720     0.0842     3.4518     1.2455 1.0000e-12       7152     4.9660  0.000e+00
     66.967   62.19452 -174.67402     67.628    -1.5154    -1.5163    -1.5166    31.8359    31.8474  1025.9296    25.6027    280.359    269.536  371.32275     75.503     72.593     0.0720     0.0842     3.4518     1.2455 1.0000e-12       7153     4.9667  0.000e+00
     66.952   62.19452 -174.67402     67.612    -1.5159    -1.5162    -1.5171    31.8358    31.8475  1025.9295    25.6027    280.360    269.470  371.32752     75.502     72.576     0.0708     0.0769     3.4518     1.2455 1.0000e-12       7154     4.9674  0.000e+00
     66.968   62.19452 -174.67402     67.628    -1.5165    -1.5163    -1.5177    31.8364    31.8472  1025.9300    25.6031    280.577    269.407  371.33229     75.559     72.558     0.0720     0.0842     3.4530     1.2441 1.0000e-12       7155     4.9681  0.000e+00
     66.952   62.19452 -174.67402     67.612    -1.5168    -1.5166    -1.5180    31.8364    31.8475  1025.9300    25.6032    280.578    269.342  371.33500     75.559     72.540     0.0720     0.0842     3.4518     1.2455 8.4714e-06       7156     4.9688  0.000e+00
     66.968   62.19452 -174.67402     67.628    -1.5171    -1.5165    -1.5183    31.8365    31.8470  1025.9302    25.6033    280.058    269.275  371.33764     75.419     72.522     0.0733     0.0916     3.4530     1.2441 1.0000e-12       7157     4.9694  0.000e+00
     67.006   62.19452 -174.67402     67.667    -1.5172    -1.5167    -1.5184    31.8370    31.8474  1025.9307    25.6036    280.487    269.209  371.33750     75.534     72.504     0.0720     0.0842     3.4518     1.2455 1.0000e-12       7158     4.9701  0.000e+00
     66.968   62.19452 -174.67402     67.628    -1.5173    -1.5171    -1.5184    31.8369    31.8479  1025.9305    25.6036    280.490    269.172  371.33821     75.535     72.494     0.0720     0.0842     3.4518     1.2455 1.0000e-12       7159     4.9708  0.000e+00
     67.022   62.19452 -174.67402     67.682    -1.5173    -1.5171    -1.5184    31.8368    31.8476  1025.9307    25.6035    280.496    269.138  371.33843     75.537     72.484     0.0720     0.0842     3.4530     1.2441 1.0000e-12       7160     4.9715  0.000e+00
     67.006   62.19452 -174.67402     67.667    -1.5172    -1.5167    -1.5184    31.8366    31.8472  1025.9304    25.6033    280.500    269.099  371.33863     75.538     72.474     0.0720     0.0842     3.4518     1.2455 8.4714e-06       7161     4.9722  0.000e+00
     66.968   62.19452 -174.67402     67.628    -1.5175    -1.5167    -1.5186    31.8371    31.8470  1025.9306    25.6037    280.504    269.062  371.33952     75.538     72.464     0.0720     0.0842     3.4530     1.2441 1.0000e-12       7162     4.9729  0.000e+00
     67.006   62.19452 -174.67402     67.667    -1.5176    -1.5167    -1.5187    31.8365    31.8473  1025.9304    25.6033    280.512    269.025  371.34226     75.540     72.455     0.0733     0.0916     3.4518     1.2455 8.4714e-06       7163     4.9736  0.000e+00
     67.022   62.19452 -174.67402     67.682    -1.5176    -1.5166    -1.5187    31.8369    31.8471  1025.9308    25.6036    280.568    268.757  371.34104     75.555     72.383     0.0720     0.0842     3.4518     1.2455 8.4714e-06       7164     4.9743  0.000e+00
     67.006   62.19452 -174.67402     67.667    -1.5176    -1.5164    -1.5187    31.8369    31.8471  1025.9307    25.6036    280.573    268.688  371.34101     75.557     72.364     0.0720     0.0842     3.4505     1.2469 1.0000e-12       7165     4.9750  0.000e+00
     67.022   62.19452 -174.67402     67.682    -1.5177    -1.5166    -1.5189    31.8371    31.8474  1025.9309    25.6038    280.582    268.623  371.34235     75.559     72.346     0.0720     0.0842     3.4469     1.2512 1.0000e-12       7166     4.9757  0.000e+00
     67.022   62.19452 -174.67402     67.682    -1.5177    -1.5167    -1.5189    31.8369    31.8470  1025.9307    25.6036    280.641    268.791  371.34298     75.575     72.391     0.0720     0.0842     3.4469     1.2512 1.0000e-12       7167     4.9764  0.000e+00
     67.006   62.19452 -174.67402     67.667    -1.5180    -1.5168    -1.5192    31.8371    31.8474  1025.9308    25.6038    280.651    268.526  371.34519     75.577     72.320     0.0720     0.0842     3.4469     1.2512 8.4714e-06       7168     4.9771  0.000e+00
     67.084   62.19452 -174.67402     67.745    -1.5176    -1.5169    -1.5187    31.8369    31.8471  1025.9311    25.6036    280.658    268.466  371.34102     75.580     72.304     0.0733     0.0916     3.4469     1.2512 1.0000e-12       7169     4.9778  0.000e+00
     67.006   62.19452 -174.67402     67.667    -1.5173    -1.5169    -1.5184    31.8367    31.8475  1025.9305    25.6034    280.662    268.400  371.33890     75.581     72.286     0.0720     0.0842     3.4469     1.2512 1.0000e-12       7170     4.9785  0.000e+00
     67.084   62.19452 -174.67402     67.745    -1.5171    -1.5172    -1.5183    31.8365    31.8475  1025.9307    25.6033    280.672    268.345  371.33759     75.584     72.270     0.0720     0.0842     3.4469     1.2512 1.0000e-12       7171     4.9792  0.000e+00
     67.006   62.19452 -174.67402     67.667    -1.5168    -1.5171    -1.5180    31.8364    31.8477  1025.9302    25.6031    280.675    268.083  371.33522     75.585     72.200     0.0720     0.0842     3.4469     1.2512 8.4714e-06       7172     4.9799  0.000e+00
     67.022   62.19452 -174.67402     67.682    -1.5166    -1.5173    -1.5178    31.8357    31.8478  1025.9298    25.6026    280.684    268.263  371.33531     75.588     72.248     0.0720     0.0842     3.4469     1.2512 8.4714e-06       7173     4.9806  0.000e+00
     67.022   62.19452 -174.67402     67.682    -1.5170    -1.5176    -1.5182    31.8366    31.8479  1025.9305    25.6034    280.693    268.015  371.33619     75.590     72.181     0.0733     0.0916     3.4469     1.2512 8.4714e-06       7174     4.9813  0.000e+00
     67.068   62.19452 -174.67402     67.729    -1.5169    -1.5175    -1.5181    31.8361    31.8477  1025.9303    25.6029    280.704    268.200  371.33712     75.593     72.231     0.0733     0.0916     3.4469     1.2512 1.0000e-12       7175     4.9819  0.000e+00
     67.022   62.19452 -174.67402     67.682    -1.5171    -1.5174    -1.5183    31.8363    31.8475  1025.9303    25.6031    280.712    268.185  371.33823     75.595     72.227     0.0733     0.0916     3.4469     1.2512 8.4714e-06       7176     4.9826  0.000e+00
     67.006   62.19452 -174.67402     67.667    -1.5168    -1.5171    -1.5180    31.8361    31.8472  1025.9300    25.6029    280.717    268.173  371.33597     75.597     72.224     0.0733     0.0916     3.4469     1.2512 8.4714e-06       7177     4.9833  0.000e+00
     67.084   62.19452 -174.67402     67.745    -1.5168    -1.5171    -1.5180    31.8362    31.8472  1025.9305    25.6030    280.519    268.170  371.33561     75.543     72.223     0.0733     0.0916     3.4469     1.2512 1.0000e-12       7178     4.9840  0.000e+00
     67.006   62.19452 -174.67402     67.667    -1.5165    -1.5171    -1.5177    31.8361    31.8477  1025.9300    25.6029    280.476    267.930  371.33311     75.532     72.159     0.0733     0.0916     3.4469     1.2512 8.4714e-06       7179     4.9847  0.000e+00
     67.022   62.19452 -174.67402     67.683    -1.5166    -1.5172    -1.5178    31.8362    31.8475  1025.9301    25.6030    280.442    267.899  371.33406     75.523     72.151     0.0720     0.0842     3.4469     1.2512 1.0000e-12       7180     4.9854  0.000e+00
     67.022   62.19452 -174.67402     67.683    -1.5162    -1.5171    -1.5173    31.8352    31.8469  1025.9294    25.6022    280.668    267.871  371.33213     75.584     72.143     0.0733     0.0916     3.4469     1.2512 1.0000e-12       7181     4.9861  0.000e+00
     67.068   62.19452 -174.67402     67.729    -1.5166    -1.5175    -1.5178    31.8362    31.8475  1025.9304    25.6030    280.689    267.885  371.33389     75.589     72.146     0.0733     0.0916     3.4469     1.2512 1.0000e-12       7182     4.9868  0.000e+00
     67.022   62.19452 -174.67402     67.683    -1.5170    -1.5175    -1.5182    31.8362    31.8474  1025.9301    25.6030    280.707    267.864  371.33744     75.593     72.140     0.0733     0.0916     3.4469     1.2512 1.0000e-12       7183     4.9875  0.000e+00
     67.007   62.19452 -174.67402     67.667    -1.5165    -1.5173    -1.5177    31.8357    31.8471  1025.9297    25.6026    280.720    267.848  371.33423     75.598     72.136     0.0733     0.0916     3.4469     1.2512 8.4714e-06       7184     4.9882  0.000e+00
