EcoFOCI/data/1_SampleCollection/2023_SikuliaqDBO_CruiseData/CTD_raw_BottleFile_SKQ23-12S/proc/skq202312s_029.cnv
* Sea-Bird SBE 9 Data File:
* FileName = D:\CTD\SKQ202312S\SKQ202312S_029.hex
* Software Version Seasave V 7.26.7.121
* Temperature SN = 6177
* Conductivity SN = 0369
* Number of Bytes Per Scan = 41
* Number of Voltage Words = 4
* Number of Scans Averaged by the Deck Unit = 1
* NMEA Latitude = 71 24.54 N
* NMEA Longitude = 157 29.66 W
* NMEA UTC (Time) = Sep 21 2023  04:58:57
* NMEA baud rate = 4800
** Ship: R/V Sikuliaq
** Station Number: 029
** Station Name: DBO5.5
** Bottom Depth: 124
** Operator: SS
# nquan = 24
# nvalues = 9233                                  
# units = specified
# name 0 = depSM: Depth [salt water, m]
# name 1 = latitude: Latitude [deg]
# name 2 = longitude: Longitude [deg]
# name 3 = prDM: Pressure, Digiquartz [db]
# name 4 = t090C: Temperature [ITS-90, deg C]
# name 5 = t190C: Temperature, 2 [ITS-90, deg C]
# name 6 = potemp090C: Potential Temperature [ITS-90, deg C]
# name 7 = sal00: Salinity, Practical [PSU]
# name 8 = sal11: Salinity, Practical, 2 [PSU]
# name 9 = density00: Density [density, kg/m^3]
# name 10 = sigma-é00: Density [sigma-theta, kg/m^3]
# name 11 = sbox0Mm/Kg: Oxygen, SBE 43 [umol/kg]
# name 12 = sbox1Mm/Kg: Oxygen, SBE 43, 2 [umol/kg]
# name 13 = oxsolMm/Kg: Oxygen Saturation, Garcia & Gordon [umol/kg]
# name 14 = sbeox0PS: Oxygen, SBE 43 [% saturation]
# name 15 = sbeox1PS: Oxygen, SBE 43, 2 [% saturation]
# name 16 = v0: Voltage 0
# name 17 = flECO-AFL: Fluorescence, WET Labs ECO-AFL/FL [mg/m^3]
# name 18 = v1: Voltage 1
# name 19 = CStarAt0: Beam Attenuation, WET Labs C-Star [1/m]
# name 20 = par: PAR/Irradiance, Biospherical/Licor
# name 21 = scan: Scan Count
# name 22 = timeM: Time, Elapsed [minutes]
# name 23 = flag:  0.000e+00
# span 0 =      2.734,    119.316                 
# span 1 =   71.40904,   71.40908                 
# span 2 = -157.49360, -157.49236                 
# span 3 =      2.762,    120.581                 
# span 4 =    -1.6681,     4.7481                 
# span 5 =    -1.6666,     4.7495                 
# span 6 =    -1.6703,     4.7472                 
# span 7 =    30.2602,    32.7515                 
# span 8 =    30.2736,    32.7618                 
# span 9 =  1023.9671,  1026.9319                 
# span 10 =    23.9498,    26.3499                
# span 11 =    243.763,    488.493                
# span 12 =    229.002,    448.643                
# span 13 =  319.53707,  370.32424                
# span 14 =     65.854,    133.038                
# span 15 =     61.873,    122.019                
# span 16 =     0.0659,     0.3504                
# span 17 =     0.0476,     1.7546                
# span 18 =     2.3834,     4.2234                
# span 19 =     0.4382,     2.7276                
# span 20 = 1.0000e-12, 1.5249e+00                
# span 21 =          1,       9233                
# span 22 =     0.0000,     6.4111                
# span 23 = 0.0000e+00, 0.0000e+00                
# interval = seconds: 0.0416667
# start_time = Sep 21 2023 05:03:15 [NMEA time, first data scan]
# bad_flag = -9.990e-29
*END*
[from data line 8453]
    118.898   71.40908 -157.49254    120.159    -1.6676    -1.6655    -1.6698    32.7505    32.7600  1026.9291    26.3491    244.681    230.158  370.16664     66.100     62.185     0.0879     0.1795     3.5775     1.1023 8.4714e-06       8454     5.8701  0.000e+00
    118.906   71.40908 -157.49254    120.167    -1.6675    -1.6657    -1.6697    32.7502    32.7601  1026.9289    26.3488    244.694    230.377  370.16638     66.104     62.244     0.0879     0.1795     3.5775     1.1023 1.0000e-12       8455     5.8708  0.000e+00
    118.837   71.40908 -157.49254    120.097    -1.6676    -1.6657    -1.6698    32.7506    32.7603  1026.9288    26.3491    244.707    230.388  370.16653     66.107     62.247     0.0891     0.1868     3.5775     1.1023 8.4714e-06       8456     5.8715  0.000e+00
    118.898   71.40908 -157.49254    120.159    -1.6676    -1.6657    -1.6698    32.7501    32.7603  1026.9288    26.3488    244.674    230.401  370.16778     66.098     62.250     0.0879     0.1795     3.5775     1.1023 8.4714e-06       8457     5.8722  0.000e+00
    118.844   71.40908 -157.49254    120.105    -1.6675    -1.6657    -1.6697    32.7501    32.7603  1026.9285    26.3487    244.635    230.408  370.16678     66.088     62.252     0.0879     0.1795     3.5775     1.1023 1.0000e-12       8458     5.8729  0.000e+00
    118.898   71.40908 -157.49254    120.159    -1.6675    -1.6657    -1.6697    32.7504    32.7603  1026.9290    26.3490    244.653    230.415  370.16586     66.093     62.254     0.0879     0.1795     3.5775     1.1023 8.4714e-06       8459     5.8736  0.000e+00
    118.844   71.40908 -157.49254    120.105    -1.6673    -1.6659    -1.6695    32.7503    32.7603  1026.9287    26.3489    244.669    230.417  370.16434     66.097     62.255     0.0879     0.1795     3.5775     1.1023 1.0000e-12       8460     5.8743  0.000e+00
    118.898   71.40908 -157.49254    120.159    -1.6676    -1.6661    -1.6698    32.7501    32.7601  1026.9288    26.3488    244.695    230.421  370.16778     66.104     62.255     0.0879     0.1795     3.5775     1.1023 8.4714e-06       8461     5.8750  0.000e+00
    118.836   71.40908 -157.49254    120.097    -1.6675    -1.6658    -1.6697    32.7501    32.7600  1026.9284    26.3487    244.716    230.449  370.16676     66.110     62.263     0.0879     0.1795     3.5775     1.1023 1.0000e-12       8462     5.8757  0.000e+00
    118.844   71.40908 -157.49254    120.105    -1.6675    -1.6661    -1.6697    32.7502    32.7604  1026.9285    26.3488    244.635    230.481  370.16652     66.088     62.271     0.0879     0.1795     3.5775     1.1023 1.0000e-12       8463     5.8764  0.000e+00
    118.836   71.40908 -157.49254    120.097    -1.6673    -1.6659    -1.6695    32.7500    32.7605  1026.9284    26.3487    244.603    230.508  370.16521     66.079     62.279     0.0879     0.1795     3.5775     1.1023 8.4714e-06       8464     5.8771  0.000e+00
    118.844   71.40908 -157.49254    120.105    -1.6675    -1.6657    -1.6697    32.7506    32.7601  1026.9289    26.3491    244.520    230.501  370.16526     66.057     62.277     0.0879     0.1795     3.5775     1.1023 1.0000e-12       8465     5.8778  0.000e+00
    118.898   71.40908 -157.49254    120.159    -1.6671    -1.6660    -1.6693    32.7501    32.7603  1026.9287    26.3487    244.805    230.728  370.16326     66.134     62.338     0.0879     0.1795     3.5812     1.0982 8.4714e-06       8466     5.8785  0.000e+00
    118.836   71.40908 -157.49254    120.097    -1.6672    -1.6657    -1.6694    32.7504    32.7600  1026.9287    26.3489    244.349    230.510  370.16303     66.011     62.280     0.0879     0.1795     3.5861     1.0927 8.4714e-06       8467     5.8792  0.000e+00
    118.844   71.40908 -157.49254    120.105    -1.6671    -1.6659    -1.6693    32.7502    32.7605  1026.9285    26.3488    244.270    230.495  370.16303     65.990     62.276     0.0867     0.1721     3.5873     1.0914 1.0000e-12       8468     5.8799  0.000e+00
    118.836   71.40908 -157.49254    120.097    -1.6669    -1.6659    -1.6690    32.7497    32.7600  1026.9281    26.3484    244.455    230.476  370.16144     66.040     62.270     0.0891     0.1868     3.5873     1.0914 1.0000e-12       8469     5.8806  0.000e+00
    118.836   71.40908 -157.49254    120.097    -1.6670    -1.6658    -1.6692    32.7502    32.7600  1026.9285    26.3488    244.747    230.686  370.16186     66.119     62.327     0.0891     0.1868     3.5873     1.0914 1.0000e-12       8470     5.8812  0.000e+00
    118.790   71.40908 -157.49254    120.050    -1.6670    -1.6659    -1.6692    32.7505    32.7605  1026.9285    26.3491    244.296    230.692  370.16089     65.997     62.329     0.0904     0.1941     3.5873     1.0914 1.0000e-12       8471     5.8819  0.000e+00
    118.836   71.40908 -157.49254    120.097    -1.6670    -1.6659    -1.6692    32.7503    32.7603  1026.9286    26.3489    244.489    230.696  370.16148     66.049     62.330     0.0904     0.1941     3.5873     1.0914 1.0000e-12       8472     5.8826  0.000e+00
    118.790   71.40908 -157.49254    120.050    -1.6669    -1.6661    -1.6690    32.7503    32.7601  1026.9283    26.3489    244.255    230.496  370.15984     65.986     62.276     0.0904     0.1941     3.5873     1.0914 8.4714e-06       8473     5.8833  0.000e+00
    118.836   71.40908 -157.49254    120.097    -1.6669    -1.6661    -1.6690    32.7500    32.7603  1026.9283    26.3486    244.716    230.496  370.16081     66.111     62.276     0.0904     0.1941     3.5873     1.0914 1.0000e-12       8474     5.8840  0.000e+00
    118.836   71.40908 -157.49254    120.097    -1.6670    -1.6661    -1.6692    32.7500    32.7601  1026.9284    26.3486    244.539    230.493  370.16236     66.063     62.275     0.0904     0.1941     3.5873     1.0914 8.4714e-06       8475     5.8847  0.000e+00
    118.790   71.40908 -157.49254    120.050    -1.6669    -1.6662    -1.6690    32.7502    32.7604  1026.9283    26.3488    244.572    230.488  370.15996     66.072     62.273     0.0904     0.1941     3.5873     1.0914 1.0000e-12       8476     5.8854  0.000e+00
    118.836   71.40908 -157.49254    120.097    -1.6669    -1.6661    -1.6690    32.7501    32.7604  1026.9284    26.3487    244.559    230.717  370.16030     66.068     62.335     0.0904     0.1941     3.5873     1.0914 1.0000e-12       8477     5.8861  0.000e+00
    118.790   71.40908 -157.49254    120.050    -1.6669    -1.6659    -1.6690    32.7499    32.7603  1026.9280    26.3485    244.596    230.506  370.16098     66.078     62.278     0.0904     0.1941     3.5873     1.0914 1.0000e-12       8478     5.8868  0.000e+00
    118.836   71.40908 -157.49254    120.097    -1.6667    -1.6660    -1.6689    32.7498    32.7605  1026.9282    26.3485    244.637    230.497  370.15951     66.090     62.276     0.0891     0.1868     3.5873     1.0914 1.0000e-12       8479     5.8875  0.000e+00
    118.782   71.40908 -157.49254    120.042    -1.6667    -1.6657    -1.6689    32.7497    32.7602  1026.9278    26.3484    244.679    230.717  370.15979     66.101     62.336     0.0904     0.1941     3.5873     1.0914 1.0000e-12       8480     5.8882  0.000e+00
    118.790   71.40908 -157.49254    120.050    -1.6667    -1.6657    -1.6689    32.7496    32.7603  1026.9278    26.3483    244.724    230.736  370.16018     66.113     62.341     0.0916     0.2015     3.5873     1.0914 8.4714e-06       8481     5.8889  0.000e+00
    118.782   71.40908 -157.49254    120.042    -1.6667    -1.6657    -1.6689    32.7501    32.7604  1026.9282    26.3487    244.717    230.753  370.15917     66.111     62.346     0.0904     0.1941     3.5873     1.0914 1.0000e-12       8482     5.8896  0.000e+00
    118.790   71.40908 -157.49254    120.050    -1.6666    -1.6657    -1.6687    32.7498    32.7603  1026.9280    26.3485    244.710    230.766  370.15826     66.110     62.349     0.0904     0.1941     3.5873     1.0914 8.4714e-06       8483     5.8903  0.000e+00
    118.782   71.40908 -157.49254    120.042    -1.6667    -1.6657    -1.6689    32.7497    32.7602  1026.9278    26.3484    244.758    230.778  370.15979     66.122     62.352     0.0904     0.1941     3.5873     1.0914 8.4714e-06       8484     5.8910  0.000e+00
    118.836   71.40908 -157.49254    120.096    -1.6666    -1.6656    -1.6687    32.7499    32.7599  1026.9282    26.3485    244.754    230.788  370.15809     66.122     62.355     0.0904     0.1941     3.5873     1.0914 1.0000e-12       8485     5.8917  0.000e+00
    118.790   71.40908 -157.49254    120.050    -1.6669    -1.6659    -1.6690    32.7504    32.7603  1026.9284    26.3489    244.750    230.560  370.15958     66.120     62.293     0.0904     0.1941     3.5849     1.0941 8.4714e-06       8486     5.8924  0.000e+00
    118.782   71.40908 -157.49254    120.042    -1.6667    -1.6661    -1.6689    32.7500    32.7605  1026.9280    26.3486    244.798    230.765  370.15903     66.133     62.348     0.0904     0.1941     3.5800     1.0996 1.0000e-12       8487     5.8931  0.000e+00
    118.790   71.40908 -157.49254    120.050    -1.6667    -1.6657    -1.6689    32.7499    32.7601  1026.9280    26.3485    244.796    230.765  370.15930     66.133     62.349     0.0916     0.2015     3.5788     1.1009 1.0000e-12       8488     5.8937  0.000e+00
    118.782   71.40908 -157.49254    120.042    -1.6669    -1.6657    -1.6690    32.7501    32.7603  1026.9281    26.3487    244.848    230.763  370.16046     66.147     62.348     0.0904     0.1941     3.5775     1.1023 8.4714e-06       8489     5.8944  0.000e+00
    118.782   71.40908 -157.49254    120.042    -1.6667    -1.6657    -1.6689    32.7497    32.7604  1026.9278    26.3484    244.848    230.758  370.15979     66.147     62.347     0.0916     0.2015     3.5788     1.1009 1.0000e-12       8490     5.8951  0.000e+00
    118.790   71.40908 -157.49254    120.050    -1.6667    -1.6657    -1.6689    32.7497    32.7603  1026.9278    26.3483    244.848    230.751  370.15993     66.147     62.345     0.0904     0.1941     3.5775     1.1023 1.0000e-12       8491     5.8958  0.000e+00
    118.720   71.40908 -157.49254    119.979    -1.6669    -1.6656    -1.6690    32.7498    32.7603  1026.9276    26.3485    244.847    230.739  370.16123     66.146     62.342     0.0904     0.1941     3.5788     1.1009 8.4714e-06       8492     5.8965  0.000e+00
    118.782   71.40908 -157.49254    120.042    -1.6667    -1.6655    -1.6689    32.7498    32.7601  1026.9279    26.3485    244.848    230.728  370.15941     66.147     62.339     0.0904     0.1941     3.5788     1.1009 8.4714e-06       8493     5.8972  0.000e+00
    118.790   71.40908 -157.49254    120.050    -1.6667    -1.6657    -1.6689    32.7501    32.7604  1026.9282    26.3487    244.847    230.947  370.15854     66.147     62.398     0.0891     0.1868     3.5788     1.1009 8.4714e-06       8494     5.8979  0.000e+00
    118.782   71.40908 -157.49254    120.042    -1.6667    -1.6656    -1.6689    32.7500    32.7600  1026.9280    26.3486    244.847    230.728  370.15903     66.147     62.339     0.0806     0.1355     3.5788     1.1009 1.0000e-12       8495     5.8986  0.000e+00
    118.790   71.40908 -157.49254    120.049    -1.6667    -1.6657    -1.6689    32.7499    32.7597  1026.9280    26.3485    244.848    230.707  370.15930     66.147     62.333     0.0794     0.1282     3.5775     1.1023 1.0000e-12       8496     5.8993  0.000e+00
    118.782   71.40908 -157.49254    120.042    -1.6669    -1.6659    -1.6690    32.7501    32.7603  1026.9281    26.3487    244.849    230.682  370.16046     66.147     62.326     0.0794     0.1282     3.5788     1.1009 1.0000e-12       8497     5.9000  0.000e+00
    118.720   71.40908 -157.49254    119.979    -1.6666    -1.6657    -1.6687    32.7501    32.7599  1026.9278    26.3487    244.898    230.652  370.15763     66.160     62.318     0.0794     0.1282     3.5775     1.1023 8.4714e-06       8498     5.9007  0.000e+00
    118.790   71.40908 -157.49254    120.049    -1.6667    -1.6659    -1.6689    32.7500    32.7601  1026.9281    26.3486    244.903    230.624  370.15904     66.162     62.310     0.0794     0.1282     3.5788     1.1009 1.0000e-12       8499     5.9014  0.000e+00
    118.782   71.40908 -157.49254    120.042    -1.6669    -1.6660    -1.6690    32.7505    32.7603  1026.9285    26.3490    244.906    230.626  370.15919     66.162     62.311     0.0781     0.1209     3.5775     1.1023 8.4714e-06       8500     5.9021  0.000e+00
    118.728   71.40908 -157.49254    119.987    -1.6669    -1.6661    -1.6690    32.7505    32.7605  1026.9282    26.3490    244.378    230.624  370.15922     66.020     62.310     0.0794     0.1282     3.5775     1.1023 1.0000e-12       8501     5.9028  0.000e+00
    118.782   71.40908 -157.49254    120.042    -1.6667    -1.6661    -1.6689    32.7502    32.7602  1026.9283    26.3488    244.810    230.591  370.15827     66.137     62.301     0.0781     0.1209     3.5788     1.1009 1.0000e-12       8502     5.9035  0.000e+00
    118.782   71.40908 -157.49254    120.042    -1.6669    -1.6661    -1.6690    32.7504    32.7601  1026.9284    26.3489    244.818    230.552  370.15957     66.139     62.291     0.0794     0.1282     3.5775     1.1023 8.4714e-06       8503     5.9042  0.000e+00
    118.790   71.40908 -157.49254    120.049    -1.6667    -1.6660    -1.6689    32.7500    32.7599  1026.9281    26.3486    244.824    230.778  370.15943     66.140     62.352     0.0806     0.1355     3.5775     1.1023 1.0000e-12       8504     5.9049  0.000e+00
    118.720   71.40908 -157.49254    119.979    -1.6667    -1.6659    -1.6689    32.7502    32.7602  1026.9279    26.3488    244.828    230.799  370.15841     66.141     62.358     0.0794     0.1282     3.5788     1.1009 1.0000e-12       8505     5.9056  0.000e+00
    118.789   71.40908 -157.49254    120.049    -1.6669    -1.6661    -1.6690    32.7500    32.7601  1026.9281    26.3486    244.838    230.590  370.16072     66.144     62.301     0.0806     0.1355     3.5775     1.1023 8.4714e-06       8506     5.9063  0.000e+00
    118.782   71.40908 -157.49254    120.041    -1.6667    -1.6661    -1.6689    32.7501    32.7603  1026.9281    26.3487    244.843    230.575  370.15878     66.145     62.297     0.0794     0.1282     3.5812     1.0982 1.0000e-12       8507     5.9069  0.000e+00
    118.782   71.40908 -157.49254    120.041    -1.6669    -1.6661    -1.6690    32.7502    32.7605  1026.9282    26.3488    244.851    230.560  370.16020     66.147     62.293     0.0794     0.1282     3.5812     1.0982 8.4714e-06       8508     5.9076  0.000e+00
    118.789   71.40908 -157.49254    120.049    -1.6669    -1.6662    -1.6690    32.7503    32.7606  1026.9284    26.3489    244.857    230.544  370.15971     66.149     62.288     0.0781     0.1209     3.5812     1.0982 1.0000e-12       8509     5.9083  0.000e+00
    118.720   71.40908 -157.49254    119.979    -1.6667    -1.6661    -1.6689    32.7500    32.7600  1026.9278    26.3486    244.860    230.524  370.15892     66.150     62.283     0.0794     0.1282     3.5812     1.0982 1.0000e-12       8510     5.9090  0.000e+00
    118.836   71.40908 -157.49254    120.096    -1.6669    -1.6661    -1.6690    32.7500    32.7602  1026.9284    26.3487    244.872    230.508  370.16055     66.153     62.279     0.0781     0.1209     3.5812     1.0982 8.4714e-06       8511     5.9097  0.000e+00
    118.728   71.40908 -157.49254    119.987    -1.6670    -1.6661    -1.6692    32.7496    32.7605  1026.9275    26.3483    244.877    230.483  370.16343     66.154     62.272     0.0794     0.1282     3.5812     1.0982 1.0000e-12       8512     5.9104  0.000e+00
    118.782   71.40908 -157.49254    120.041    -1.6669    -1.6661    -1.6690    32.7495    32.7605  1026.9276    26.3482    244.884    230.463  370.16223     66.156     62.267     0.0806     0.1355     3.5812     1.0982 8.4714e-06       8513     5.9111  0.000e+00
