EcoFOCI/data/1_SampleCollection/2023_SikuliaqDBO_CruiseData/CTD_raw_BottleFile_SKQ23-12S/proc/skq202312s_052.cnv
* Sea-Bird SBE 9 Data File:
* FileName = D:\CTD\SKQ202312S\SKQ202312S_052.hex
* Software Version Seasave V 7.26.7.121
* Temperature SN = 6177
* Conductivity SN = 0369
* Number of Bytes Per Scan = 41
* Number of Voltage Words = 4
* Number of Scans Averaged by the Deck Unit = 1
* NMEA Latitude = 70 49.96 N
* NMEA Longitude = 163 07.13 W
* NMEA UTC (Time) = Sep 26 2023  20:42:12
* NMEA baud rate = 4800
** Ship: R/V Sikuliaq
** Station Number: 052
** Station Name: C1
** Bottom Depth: 45
** Operator: SD
** Moorings site C1
# nquan = 24
# nvalues = 3928                                  
# units = specified
# name 0 = depSM: Depth [salt water, m]
# name 1 = latitude: Latitude [deg]
# name 2 = longitude: Longitude [deg]
# name 3 = prDM: Pressure, Digiquartz [db]
# name 4 = t090C: Temperature [ITS-90, deg C]
# name 5 = t190C: Temperature, 2 [ITS-90, deg C]
# name 6 = potemp090C: Potential Temperature [ITS-90, deg C]
# name 7 = sal00: Salinity, Practical [PSU]
# name 8 = sal11: Salinity, Practical, 2 [PSU]
# name 9 = density00: Density [density, kg/m^3]
# name 10 = sigma-é00: Density [sigma-theta, kg/m^3]
# name 11 = sbox0Mm/Kg: Oxygen, SBE 43 [umol/kg]
# name 12 = sbox1Mm/Kg: Oxygen, SBE 43, 2 [umol/kg]
# name 13 = oxsolMm/Kg: Oxygen Saturation, Garcia & Gordon [umol/kg]
# name 14 = sbeox0PS: Oxygen, SBE 43 [% saturation]
# name 15 = sbeox1PS: Oxygen, SBE 43, 2 [% saturation]
# name 16 = v0: Voltage 0
# name 17 = flECO-AFL: Fluorescence, WET Labs ECO-AFL/FL [mg/m^3]
# name 18 = v1: Voltage 1
# name 19 = CStarAt0: Beam Attenuation, WET Labs C-Star [1/m]
# name 20 = par: PAR/Irradiance, Biospherical/Licor
# name 21 = scan: Scan Count
# name 22 = timeM: Time, Elapsed [minutes]
# name 23 = flag:  0.000e+00
# span 0 =      2.356,     38.957                 
# span 1 =   70.83274,   70.83288                 
# span 2 = -163.11888, -163.11886                 
# span 3 =      2.380,     39.362                 
# span 4 =     4.4581,     7.1671                 
# span 5 =     4.4592,     7.1717                 
# span 6 =     4.4555,     7.1658                 
# span 7 =    28.7142,    31.7641                 
# span 8 =    28.7251,    31.7935                 
# span 9 =  1022.5562,  1025.3360                 
# span 10 =    22.5443,    25.1559                
# span 11 =    233.960,    294.036                
# span 12 =    219.192,    278.130                
# span 13 =  301.09939,  319.06002                
# span 14 =     73.343,     94.388                
# span 15 =     68.721,     89.256                
# span 16 =     0.0781,     0.2247                
# span 17 =     0.1209,     1.0000                
# span 18 =     2.3919,     4.1868                
# span 19 =     0.4730,     2.7132                
# span 20 = 7.5765e-03, 8.5005e+01                
# span 21 =          1,       3928                
# span 22 =     0.0000,     2.7271                
# span 23 = 0.0000e+00, 0.0000e+00                
# interval = seconds: 0.0416667
# start_time = Sep 26 2023 20:44:50 [NMEA time, first data scan]
# bad_flag = -9.990e-29
*END*
[from data line 665]
      4.993   70.83276 -163.11888      5.044     6.3974     6.3987     6.3971    28.7154    28.7256  1022.5686    22.5452    293.137    275.167  311.65467     94.058     88.302     0.1917     0.8022     4.0208     0.6350 3.8082e+01        666     0.4618  0.000e+00
      5.047   70.83276 -163.11888      5.099     6.3974     6.3983     6.3970    28.7154    28.7259  1022.5689    22.5452    293.351    275.207  311.65456     94.127     88.314     0.1929     0.8095     4.0208     0.6350 3.7974e+01        667     0.4625  0.000e+00
      4.993   70.83276 -163.11888      5.044     6.3976     6.3985     6.3972    28.7151    28.7258  1022.5684    22.5450    293.161    275.403  311.65418     94.066     88.377     0.1917     0.8022     4.0208     0.6350 3.7761e+01        668     0.4632  0.000e+00
      5.047   70.83276 -163.11888      5.099     6.3976     6.3986     6.3972    28.7152    28.7257  1022.5687    22.5451    293.147    275.264  311.65391     94.062     88.332     0.1917     0.8022     4.0208     0.6350 3.7443e+01        669     0.4639  0.000e+00
      4.993   70.83276 -163.11888      5.044     6.3976     6.3985     6.3972    28.7153    28.7260  1022.5685    22.5451    293.327    275.285  311.65369     94.119     88.339     0.1917     0.8022     4.0208     0.6350 3.7443e+01        670     0.4646  0.000e+00
      5.047   70.83276 -163.11888      5.099     6.3974     6.3989     6.3970    28.7154    28.7258  1022.5689    22.5452    293.170    275.310  311.65456     94.069     88.348     0.1905     0.7949     4.0208     0.6350 3.7232e+01        671     0.4653  0.000e+00
      4.993   70.83276 -163.11888      5.044     6.3978     6.3988     6.3974    28.7151    28.7259  1022.5684    22.5450    293.150    275.337  311.65260     94.063     88.356     0.1917     0.8022     4.0208     0.6350 3.7127e+01        672     0.4660  0.000e+00
      5.086   70.83276 -163.11888      5.138     6.3978     6.3991     6.3974    28.7149    28.7260  1022.5686    22.5448    293.167    275.368  311.65319     94.068     88.367     0.1905     0.7949     4.0208     0.6350 3.7023e+01        673     0.4667  0.000e+00
      5.047   70.83276 -163.11888      5.099     6.3980     6.3992     6.3976    28.7151    28.7258  1022.5686    22.5449    293.178    275.379  311.65160     94.072     88.371     0.1905     0.7949     4.0208     0.6350 3.7023e+01        674     0.4674  0.000e+00
      5.109   70.83276 -163.11888      5.161     6.3978     6.3989     6.3974    28.7149    28.7254  1022.5688    22.5448    293.366    275.220  311.65305     94.132     88.319     0.1905     0.7949     4.0208     0.6350 3.7127e+01        675     0.4681  0.000e+00
      5.047   70.83276 -163.11888      5.099     6.3978     6.3989     6.3974    28.7149    28.7256  1022.5684    22.5448    293.377    275.396  311.65323     94.136     88.375     0.1905     0.7949     4.0208     0.6350 3.7127e+01        676     0.4688  0.000e+00
      5.047   70.83276 -163.11888      5.099     6.3980     6.3993     6.3976    28.7151    28.7252  1022.5685    22.5449    293.217    275.413  311.65168     94.085     88.381     0.1893     0.7875     4.0208     0.6350 3.7232e+01        677     0.4694  0.000e+00
      5.109   70.83276 -163.11888      5.161     6.3980     6.3991     6.3976    28.7150    28.7256  1022.5688    22.5448    293.403    275.436  311.65182     94.145     88.389     0.1905     0.7949     4.0208     0.6350 3.7232e+01        678     0.4701  0.000e+00
      5.109   70.83276 -163.11888      5.161     6.3978     6.3993     6.3974    28.7151    28.7256  1022.5689    22.5449    293.416    275.457  311.65272     94.148     88.396     0.1917     0.8022     4.0208     0.6350 3.7337e+01        679     0.4708  0.000e+00
      5.047   70.83276 -163.11888      5.099     6.3981     6.3992     6.3977    28.7150    28.7257  1022.5685    22.5449    293.223    275.459  311.65062     94.087     88.396     0.1905     0.7949     4.0208     0.6350 3.7232e+01        680     0.4715  0.000e+00
      5.109   70.83276 -163.11888      5.161     6.3980     6.3993     6.3976    28.7154    28.7257  1022.5691    22.5452    293.436    275.466  311.65092     94.155     88.399     0.1917     0.8022     4.0208     0.6350 3.7127e+01        681     0.4722  0.000e+00
      5.163   70.83276 -163.11888      5.216     6.3980     6.3994     6.3975    28.7152    28.7254  1022.5692    22.5450    293.250    275.474  311.65130     94.096     88.401     0.1905     0.7949     4.0195     0.6362 3.7023e+01        682     0.4729  0.000e+00
      5.109   70.83276 -163.11888      5.161     6.3981     6.3991     6.3977    28.7153    28.7258  1022.5690    22.5450    293.259    275.480  311.65010     94.099     88.403     0.1905     0.7949     4.0195     0.6362 3.7023e+01        683     0.4736  0.000e+00
      5.109   70.83276 -163.11888      5.161     6.3980     6.3993     6.3976    28.7151    28.7259  1022.5688    22.5449    293.244    275.486  311.65166     94.093     88.405     0.1905     0.7949     4.0195     0.6362 3.7127e+01        684     0.4743  0.000e+00
      5.163   70.83276 -163.11888      5.216     6.3981     6.3992     6.3977    28.7152    28.7258  1022.5692    22.5450    293.427    275.497  311.65032     94.153     88.409     0.1905     0.7949     4.0195     0.6362 3.7127e+01        685     0.4750  0.000e+00
      5.163   70.83276 -163.11888      5.216     6.3981     6.3993     6.3977    28.7151    28.7258  1022.5691    22.5449    293.467    275.505  311.65048     94.165     88.411     0.1893     0.7875     4.0195     0.6362 3.7127e+01        686     0.4757  0.000e+00
      5.163   70.83276 -163.11888      5.216     6.3981     6.3992     6.3977    28.7148    28.7257  1022.5689    22.5447    293.477    275.497  311.65106     94.169     88.409     0.1905     0.7949     4.0195     0.6362 3.7127e+01        687     0.4764  0.000e+00
      5.163   70.83276 -163.11888      5.216     6.3981     6.3993     6.3977    28.7148    28.7257  1022.5689    22.5447    293.487    275.507  311.65114     94.172     88.412     0.1917     0.8022     4.0195     0.6362 3.7232e+01        688     0.4771  0.000e+00
      5.163   70.83276 -163.11888      5.216     6.3983     6.3992     6.3979    28.7152    28.7257  1022.5692    22.5450    293.493    275.517  311.64909     94.174     88.415     0.1905     0.7949     4.0195     0.6362 3.7232e+01        689     0.4778  0.000e+00
      5.163   70.83276 -163.11888      5.216     6.3983     6.3991     6.3979    28.7149    28.7259  1022.5689    22.5447    293.501    275.529  311.64992     94.176     88.419     0.1905     0.7949     4.0195     0.6362 3.7023e+01        690     0.4785  0.000e+00
      5.163   70.83276 -163.11888      5.216     6.3984     6.3989     6.3980    28.7147    28.7262  1022.5688    22.5446    293.563    275.542  311.64910     94.197     88.423     0.1905     0.7949     4.0195     0.6362 3.6918e+01        691     0.4792  0.000e+00
      5.224   70.83276 -163.11888      5.278     6.3983     6.3991     6.3978    28.7151    28.7257  1022.5694    22.5449    293.573    275.557  311.64940     94.200     88.427     0.1905     0.7949     4.0195     0.6362 3.6814e+01        692     0.4799  0.000e+00
      5.163   70.83276 -163.11888      5.216     6.3984     6.3991     6.3980    28.7152    28.7259  1022.5692    22.5450    293.575    275.567  311.64795     94.201     88.431     0.1893     0.7875     4.0195     0.6362 3.6504e+01        693     0.4806  0.000e+00
      5.278   70.83276 -163.11888      5.333     6.3981     6.3987     6.3977    28.7151    28.7263  1022.5697    22.5449    293.616    275.588  311.65043     94.213     88.437     0.1917     0.8022     4.0195     0.6362 3.6299e+01        694     0.4813  0.000e+00
      5.224   70.83276 -163.11888      5.278     6.3983     6.3991     6.3978    28.7149    28.7254  1022.5692    22.5447    293.618    275.420  311.64981     94.214     88.384     0.1954     0.8242     4.0195     0.6362 3.6197e+01        695     0.4819  0.000e+00
      5.163   70.83276 -163.11888      5.216     6.3983     6.3992     6.3979    28.7149    28.7255  1022.5689    22.5447    293.619    275.416  311.64992     94.214     88.382     0.1954     0.8242     4.0195     0.6362 3.6095e+01        696     0.4826  0.000e+00
      5.278   70.83276 -163.11888      5.333     6.3983     6.3989     6.3978    28.7150    28.7257  1022.5696    22.5448    293.625    275.422  311.64954     94.216     88.384     0.1966     0.8315     4.0195     0.6362 3.5891e+01        697     0.4833  0.000e+00
      5.278   70.83276 -163.11888      5.333     6.3984     6.3989     6.3980    28.7148    28.7260  1022.5694    22.5446    293.626    275.602  311.64897     94.217     88.442     0.1954     0.8242     4.0195     0.6362 3.5891e+01        698     0.4840  0.000e+00
      5.224   70.83276 -163.11888      5.278     6.3981     6.3991     6.3977    28.7145    28.7256  1022.5689    22.5444    293.627    275.441  311.65195     94.216     88.390     0.1966     0.8315     4.0195     0.6362 3.5891e+01        699     0.4847  0.000e+00
      5.278   70.83276 -163.11888      5.333     6.3981     6.3986     6.3977    28.7146    28.7259  1022.5693    22.5445    293.627    275.430  311.65159     94.217     88.386     0.1954     0.8242     4.0195     0.6362 3.5891e+01        700     0.4854  0.000e+00
      5.278   70.83276 -163.11888      5.333     6.3980     6.3987     6.3975    28.7149    28.7260  1022.5695    22.5448    293.625    275.415  311.65207     94.216     88.381     0.1954     0.8242     4.0195     0.6362 3.5993e+01        701     0.4861  0.000e+00
      5.332   70.83276 -163.11888      5.387     6.3980     6.3986     6.3975    28.7150    28.7256  1022.5699    22.5449    293.653    275.405  311.65172     94.225     88.378     0.1954     0.8242     4.0183     0.6374 3.5993e+01        702     0.4868  0.000e+00
      5.278   70.83276 -163.11888      5.333     6.3980     6.3991     6.3975    28.7147    28.7254  1022.5694    22.5447    293.677    275.208  311.65240     94.232     88.315     0.1954     0.8242     4.0183     0.6374 3.6095e+01        703     0.4875  0.000e+00
      5.278   70.83276 -163.11888      5.333     6.3978     6.3989     6.3974    28.7148    28.7258  1022.5694    22.5447    293.674    275.179  311.65346     94.231     88.306     0.1966     0.8315     4.0183     0.6374 3.6197e+01        704     0.4882  0.000e+00
      5.332   70.83276 -163.11888      5.387     6.3978     6.3987     6.3974    28.7143    28.7259  1022.5693    22.5444    293.673    275.154  311.65442     94.230     88.298     0.1954     0.8242     4.0183     0.6374 3.6197e+01        705     0.4889  0.000e+00
      5.332   70.83276 -163.11888      5.387     6.3974     6.3986     6.3970    28.7151    28.7255  1022.5700    22.5450    293.697    275.130  311.65534     94.238     88.289     0.1966     0.8315     4.0183     0.6374 3.6401e+01        706     0.4896  0.000e+00
      5.332   70.83276 -163.11888      5.387     6.3976     6.3986     6.3972    28.7148    28.7254  1022.5697    22.5447    293.691    275.105  311.65493     94.236     88.281     0.1954     0.8242     4.0183     0.6374 3.6504e+01        707     0.4903  0.000e+00
      5.332   70.83276 -163.11888      5.387     6.3976     6.3986     6.3972    28.7150    28.7258  1022.5699    22.5449    293.882    274.902  311.65436     94.297     88.216     0.1954     0.8242     4.0183     0.6374 3.6504e+01        708     0.4910  0.000e+00
      5.394   70.83276 -163.11888      5.450     6.3974     6.3986     6.3970    28.7150    28.7257  1022.5702    22.5450    293.904    274.865  311.65540     94.304     88.204     0.1954     0.8242     4.0183     0.6374 3.6711e+01        709     0.4917  0.000e+00
      5.332   70.83276 -163.11888      5.387     6.3980     6.3984     6.3975    28.7148    28.7260  1022.5697    22.5447    293.716    274.826  311.65229     94.245     88.192     0.1966     0.8315     4.0183     0.6374 3.6711e+01        710     0.4924  0.000e+00
      5.394   70.83276 -163.11888      5.450     6.3978     6.3985     6.3974    28.7147    28.7257  1022.5699    22.5447    293.620    274.794  311.65350     94.214     88.182     0.1954     0.8242     4.0183     0.6374 3.6711e+01        711     0.4931  0.000e+00
      5.394   70.83276 -163.11888      5.450     6.3974     6.3987     6.3970    28.7148    28.7256  1022.5700    22.5448    293.634    274.760  311.65598     94.217     88.171     0.1954     0.8242     4.0183     0.6374 3.6711e+01        712     0.4938  0.000e+00
      5.394   70.83276 -163.11888      5.450     6.3976     6.3987     6.3972    28.7152    28.7258  1022.5703    22.5450    293.644    274.730  311.65401     94.221     88.161     0.1966     0.8315     4.0183     0.6374 3.6814e+01        713     0.4944  0.000e+00
      5.394   70.83276 -163.11888      5.450     6.3974     6.3988     6.3970    28.7151    28.7259  1022.5703    22.5450    293.656    274.701  311.65523     94.225     88.153     0.1954     0.8242     4.0183     0.6374 3.6814e+01        714     0.4951  0.000e+00
      5.394   70.83276 -163.11888      5.450     6.3976     6.3986     6.3972    28.7148    28.7257  1022.5700    22.5447    294.036    274.678  311.65483     94.347     88.144     0.1966     0.8315     4.0183     0.6374 3.6711e+01        715     0.4958  0.000e+00
      5.448   70.83276 -163.11888      5.504     6.3978     6.3988     6.3974    28.7147    28.7258  1022.5701    22.5446    293.703    274.475  311.65372     94.240     88.080     0.1954     0.8242     4.0183     0.6374 3.6711e+01        716     0.4965  0.000e+00
      5.448   70.83276 -163.11888      5.504     6.3978     6.3991     6.3974    28.7149    28.7256  1022.5703    22.5448    293.880    274.454  311.65322     94.297     88.074     0.1954     0.8242     4.0183     0.6374 3.6607e+01        717     0.4972  0.000e+00
      5.371   70.83276 -163.11888      5.426     6.3978     6.3988     6.3974    28.7148    28.7257  1022.5698    22.5447    293.684    274.419  311.65347     94.234     88.062     0.1954     0.8242     4.0183     0.6374 3.6607e+01        718     0.4979  0.000e+00
      5.510   70.83276 -163.11888      5.566     6.3978     6.3991     6.3974    28.7147    28.7256  1022.5704    22.5446    293.694    274.570  311.65370     94.237     88.111     0.1954     0.8242     4.0183     0.6374 3.6504e+01        719     0.4986  0.000e+00
      5.394   70.83276 -163.11888      5.449     6.3976     6.3991     6.3972    28.7152    28.7259  1022.5704    22.5451    293.665    274.553  311.65384     94.228     88.106     0.1941     0.8168     4.0183     0.6374 3.6401e+01        720     0.4993  0.000e+00
      5.510   70.83276 -163.11888      5.566     6.3980     6.3987     6.3975    28.7154    28.7259  1022.5710    22.5452    293.840    274.551  311.65090     94.285     88.104     0.1954     0.8242     4.0183     0.6374 3.6504e+01        721     0.5000  0.000e+00
      5.448   70.83276 -163.11888      5.504     6.3981     6.3992     6.3977    28.7154    28.7255  1022.5707    22.5452    293.638    274.360  311.64970     94.220     88.044     0.1954     0.8242     4.0183     0.6374 3.6504e+01        722     0.5007  0.000e+00
      5.510   70.83276 -163.11888      5.566     6.3984     6.3991     6.3980    28.7153    28.7261  1022.5709    22.5451    293.609    274.340  311.64772     94.212     88.037     0.1941     0.8168     4.0195     0.6362 3.6401e+01        723     0.5014  0.000e+00
      5.510   70.83276 -163.11888      5.566     6.3984     6.3994     6.3980    28.7152    28.7258  1022.5708    22.5450    293.608    274.301  311.64805     94.211     88.025     0.1954     0.8242     4.0208     0.6350 3.6401e+01        724     0.5021  0.000e+00
