EcoFOCI/data/1_SampleCollection/2023_SikuliaqDBO_CruiseData/CTD_raw_BottleFile_SKQ23-12S/proc/skq202312s_035svp.cnv
* Sea-Bird SBE 9 Data File:
* FileName = D:\CTD\SKQ202312S\SKQ202312S_035.hex
* Software Version Seasave V 7.26.7.121
* Temperature SN = 6177
* Conductivity SN = 0369
* Number of Bytes Per Scan = 41
* Number of Voltage Words = 4
* Number of Scans Averaged by the Deck Unit = 1
* NMEA Latitude = 71 45.08 N
* NMEA Longitude = 154 27.66 W
* NMEA UTC (Time) = Sep 22 2023  01:56:11
* NMEA baud rate = 4800
** Ship: R/V Sikuliaq
** Station Number: 035
** Station Name: BF2
** Bottom Depth: 88
** Operator: SD
# nquan = 7
# nvalues = 9209                                  
# units = specified
# name 0 = depSM: Depth [salt water, m]
# name 1 = latitude: Latitude [deg]
# name 2 = longitude: Longitude [deg]
# name 3 = t090C: Temperature [ITS-90, deg C]
# name 4 = sal00: Salinity, Practical [PSU]
# name 5 = svCM: Sound Velocity [Chen-Millero, m/s]
# name 6 = flag:  0.000e+00
# span 0 =      1.841,     79.392                 
# span 1 =   71.75104,   71.75126                 
# span 2 = -154.46116, -154.46000                 
# span 3 =    -0.9625,     4.2018                 
# span 4 =    28.0118,    32.3375                 
# span 5 =    1442.27,    1461.54                 
# span 6 = 0.0000e+00, 0.0000e+00                 
# interval = seconds: 0.0416667
# start_time = Sep 22 2023 02:02:56 [NMEA time, first data scan]
# bad_flag = -9.990e-29
*END*
[from data line 206]
      2.874   71.75126 -154.46110     4.1338    28.0154    1458.26  0.000e+00
      2.928   71.75126 -154.46110     4.1337    28.0155    1458.26  0.000e+00
      2.874   71.75126 -154.46110     4.1338    28.0154    1458.26  0.000e+00
      2.874   71.75126 -154.46110     4.1337    28.0152    1458.26  0.000e+00
      2.820   71.75126 -154.46110     4.1335    28.0149    1458.26  0.000e+00
      2.874   71.75126 -154.46110     4.1335    28.0147    1458.26  0.000e+00
      2.820   71.75126 -154.46110     4.1337    28.0146    1458.26  0.000e+00
      2.874   71.75126 -154.46110     4.1335    28.0145    1458.26  0.000e+00
      2.758   71.75126 -154.46110     4.1335    28.0148    1458.26  0.000e+00
      2.820   71.75126 -154.46110     4.1334    28.0145    1458.26  0.000e+00
      2.758   71.75126 -154.46110     4.1334    28.0144    1458.26  0.000e+00
      2.758   71.75126 -154.46110     4.1334    28.0144    1458.26  0.000e+00
      2.758   71.75126 -154.46110     4.1334    28.0146    1458.26  0.000e+00
      2.758   71.75126 -154.46110     4.1334    28.0143    1458.26  0.000e+00
      2.758   71.75126 -154.46110     4.1334    28.0143    1458.26  0.000e+00
      2.704   71.75126 -154.46110     4.1332    28.0139    1458.25  0.000e+00
      2.704   71.75126 -154.46110     4.1331    28.0143    1458.25  0.000e+00
      2.642   71.75126 -154.46110     4.1332    28.0138    1458.25  0.000e+00
      2.642   71.75126 -154.46110     4.1332    28.0134    1458.25  0.000e+00
      2.704   71.75126 -154.46110     4.1329    28.0139    1458.25  0.000e+00
      2.642   71.75126 -154.46110     4.1331    28.0143    1458.25  0.000e+00
      2.588   71.75126 -154.46110     4.1331    28.0145    1458.25  0.000e+00
      2.642   71.75126 -154.46110     4.1332    28.0140    1458.25  0.000e+00
      2.588   71.75126 -154.46110     4.1332    28.0139    1458.25  0.000e+00
      2.588   71.75126 -154.46110     4.1332    28.0146    1458.25  0.000e+00
      2.527   71.75126 -154.46110     4.1332    28.0149    1458.25  0.000e+00
      2.588   71.75126 -154.46110     4.1334    28.0151    1458.25  0.000e+00
      2.527   71.75126 -154.46110     4.1335    28.0155    1458.25  0.000e+00
      2.473   71.75126 -154.46110     4.1334    28.0160    1458.25  0.000e+00
      2.527   71.75126 -154.46110     4.1337    28.0158    1458.25  0.000e+00
      2.473   71.75126 -154.46110     4.1337    28.0158    1458.25  0.000e+00
      2.473   71.75126 -154.46110     4.1338    28.0158    1458.25  0.000e+00
      2.473   71.75126 -154.46110     4.1338    28.0160    1458.25  0.000e+00
      2.419   71.75126 -154.46110     4.1342    28.0155    1458.25  0.000e+00
      2.419   71.75126 -154.46110     4.1340    28.0155    1458.25  0.000e+00
      2.419   71.75126 -154.46110     4.1342    28.0153    1458.25  0.000e+00
      2.357   71.75126 -154.46110     4.1338    28.0158    1458.25  0.000e+00
      2.419   71.75126 -154.46110     4.1338    28.0157    1458.25  0.000e+00
      2.357   71.75126 -154.46110     4.1340    28.0157    1458.25  0.000e+00
      2.357   71.75126 -154.46110     4.1338    28.0157    1458.25  0.000e+00
      2.303   71.75126 -154.46110     4.1340    28.0154    1458.25  0.000e+00
      2.357   71.75126 -154.46110     4.1338    28.0157    1458.25  0.000e+00
      2.303   71.75126 -154.46110     4.1338    28.0155    1458.25  0.000e+00
      2.303   71.75126 -154.46110     4.1338    28.0155    1458.25  0.000e+00
      2.303   71.75126 -154.46110     4.1338    28.0156    1458.25  0.000e+00
      2.241   71.75126 -154.46110     4.1340    28.0154    1458.25  0.000e+00
      2.241   71.75126 -154.46110     4.1340    28.0155    1458.25  0.000e+00
      2.241   71.75126 -154.46110     4.1340    28.0159    1458.25  0.000e+00
      2.241   71.75126 -154.46110     4.1340    28.0158    1458.25  0.000e+00
      2.241   71.75126 -154.46110     4.1340    28.0160    1458.25  0.000e+00
      2.187   71.75126 -154.46110     4.1340    28.0157    1458.25  0.000e+00
      2.241   71.75126 -154.46110     4.1338    28.0153    1458.25  0.000e+00
      2.187   71.75126 -154.46110     4.1337    28.0156    1458.25  0.000e+00
      2.187   71.75126 -154.46110     4.1337    28.0157    1458.25  0.000e+00
      2.126   71.75126 -154.46110     4.1335    28.0159    1458.25  0.000e+00
      2.187   71.75126 -154.46110     4.1337    28.0155    1458.25  0.000e+00
      2.187   71.75126 -154.46110     4.1337    28.0156    1458.25  0.000e+00
      2.187   71.75126 -154.46110     4.1340    28.0152    1458.25  0.000e+00
      2.126   71.75126 -154.46110     4.1338    28.0151    1458.25  0.000e+00
      2.149   71.75126 -154.46110     4.1337    28.0151    1458.25  0.000e+00
      2.126   71.75126 -154.46110     4.1337    28.0152    1458.25  0.000e+00
      2.126   71.75126 -154.46110     4.1338    28.0151    1458.25  0.000e+00
      2.126   71.75126 -154.46110     4.1338    28.0150    1458.25  0.000e+00
      2.187   71.75126 -154.46110     4.1337    28.0153    1458.25  0.000e+00
      2.126   71.75126 -154.46110     4.1337    28.0154    1458.25  0.000e+00
      2.125   71.75126 -154.46110     4.1338    28.0151    1458.25  0.000e+00
      2.125   71.75126 -154.46110     4.1337    28.0150    1458.25  0.000e+00
      2.125   71.75126 -154.46110     4.1338    28.0150    1458.25  0.000e+00
      2.125   71.75126 -154.46110     4.1338    28.0153    1458.25  0.000e+00
      2.125   71.75126 -154.46110     4.1338    28.0149    1458.25  0.000e+00
      2.125   71.75126 -154.46112     4.1337    28.0155    1458.25  0.000e+00
      2.125   71.75126 -154.46112     4.1340    28.0150    1458.25  0.000e+00
      2.187   71.75126 -154.46112     4.1337    28.0148    1458.25  0.000e+00
      2.125   71.75126 -154.46112     4.1338    28.0147    1458.25  0.000e+00
      2.125   71.75126 -154.46112     4.1338    28.0143    1458.25  0.000e+00
      2.187   71.75126 -154.46112     4.1337    28.0146    1458.25  0.000e+00
      2.125   71.75126 -154.46112     4.1335    28.0148    1458.25  0.000e+00
      2.187   71.75126 -154.46112     4.1337    28.0147    1458.25  0.000e+00
      2.187   71.75126 -154.46112     4.1335    28.0148    1458.25  0.000e+00
      2.125   71.75126 -154.46112     4.1335    28.0148    1458.25  0.000e+00
      2.187   71.75126 -154.46112     4.1335    28.0147    1458.25  0.000e+00
      2.187   71.75126 -154.46112     4.1337    28.0148    1458.25  0.000e+00
      2.187   71.75126 -154.46112     4.1338    28.0148    1458.25  0.000e+00
      2.187   71.75126 -154.46112     4.1335    28.0151    1458.25  0.000e+00
      2.187   71.75126 -154.46112     4.1337    28.0149    1458.25  0.000e+00
      2.241   71.75126 -154.46112     4.1338    28.0148    1458.25  0.000e+00
      2.241   71.75126 -154.46112     4.1337    28.0145    1458.25  0.000e+00
      2.187   71.75126 -154.46112     4.1337    28.0141    1458.25  0.000e+00
      2.241   71.75126 -154.46112     4.1335    28.0140    1458.25  0.000e+00
      2.241   71.75126 -154.46112     4.1337    28.0137    1458.25  0.000e+00
      2.241   71.75126 -154.46112     4.1334    28.0139    1458.25  0.000e+00
      2.241   71.75126 -154.46112     4.1335    28.0136    1458.25  0.000e+00
      2.241   71.75126 -154.46112     4.1335    28.0135    1458.25  0.000e+00
      2.303   71.75126 -154.46112     4.1332    28.0134    1458.25  0.000e+00
      2.303   71.75126 -154.46112     4.1334    28.0132    1458.25  0.000e+00
      2.303   71.75126 -154.46112     4.1332    28.0131    1458.25  0.000e+00
      2.303   71.75126 -154.46112     4.1331    28.0133    1458.25  0.000e+00
      2.303   71.75126 -154.46112     4.1334    28.0133    1458.25  0.000e+00
      2.357   71.75126 -154.46112     4.1334    28.0131    1458.25  0.000e+00
      2.303   71.75126 -154.46112     4.1331    28.0134    1458.25  0.000e+00
      2.418   71.75126 -154.46112     4.1331    28.0133    1458.25  0.000e+00
      2.357   71.75126 -154.46112     4.1331    28.0130    1458.25  0.000e+00
      2.357   71.75126 -154.46112     4.1331    28.0127    1458.25  0.000e+00
      2.418   71.75126 -154.46112     4.1329    28.0129    1458.25  0.000e+00
      2.418   71.75126 -154.46112     4.1329    28.0128    1458.25  0.000e+00
      2.472   71.75126 -154.46112     4.1327    28.0129    1458.25  0.000e+00
      2.418   71.75126 -154.46112     4.1324    28.0129    1458.24  0.000e+00
      2.472   71.75126 -154.46112     4.1326    28.0129    1458.25  0.000e+00
      2.472   71.75126 -154.46112     4.1326    28.0134    1458.25  0.000e+00
      2.526   71.75126 -154.46112     4.1331    28.0130    1458.25  0.000e+00
      2.526   71.75126 -154.46112     4.1334    28.0131    1458.25  0.000e+00
      2.526   71.75126 -154.46112     4.1338    28.0132    1458.25  0.000e+00
      2.526   71.75126 -154.46112     4.1340    28.0134    1458.25  0.000e+00
      2.588   71.75126 -154.46112     4.1340    28.0132    1458.25  0.000e+00
      2.588   71.75126 -154.46112     4.1343    28.0133    1458.26  0.000e+00
      2.588   71.75126 -154.46112     4.1345    28.0134    1458.26  0.000e+00
      2.642   71.75126 -154.46112     4.1345    28.0133    1458.26  0.000e+00
      2.642   71.75126 -154.46112     4.1348    28.0128    1458.26  0.000e+00
      2.642   71.75126 -154.46112     4.1348    28.0128    1458.26  0.000e+00
      2.642   71.75126 -154.46112     4.1351    28.0130    1458.26  0.000e+00
      2.704   71.75126 -154.46112     4.1348    28.0131    1458.26  0.000e+00
      2.704   71.75126 -154.46112     4.1348    28.0128    1458.26  0.000e+00
      2.704   71.75126 -154.46112     4.1348    28.0122    1458.26  0.000e+00
      2.704   71.75126 -154.46112     4.1343    28.0126    1458.26  0.000e+00
      2.757   71.75126 -154.46112     4.1342    28.0124    1458.26  0.000e+00
      2.757   71.75126 -154.46112     4.1338    28.0125    1458.26  0.000e+00
      2.757   71.75126 -154.46112     4.1337    28.0124    1458.25  0.000e+00
      2.819   71.75126 -154.46112     4.1334    28.0126    1458.25  0.000e+00
      2.757   71.75126 -154.46112     4.1334    28.0124    1458.25  0.000e+00
      2.873   71.75126 -154.46112     4.1331    28.0127    1458.25  0.000e+00
      2.819   71.75126 -154.46112     4.1329    28.0125    1458.25  0.000e+00
      2.819   71.75126 -154.46112     4.1329    28.0125    1458.25  0.000e+00
      2.873   71.75126 -154.46112     4.1327    28.0130    1458.25  0.000e+00
      2.873   71.75126 -154.46112     4.1326    28.0131    1458.25  0.000e+00
      2.819   71.75126 -154.46112     4.1326    28.0129    1458.25  0.000e+00
      2.927   71.75126 -154.46112     4.1327    28.0128    1458.25  0.000e+00
      2.873   71.75126 -154.46112     4.1324    28.0132    1458.25  0.000e+00
      2.927   71.75126 -154.46112     4.1326    28.0130    1458.25  0.000e+00
      2.873   71.75126 -154.46112     4.1329    28.0126    1458.25  0.000e+00
      2.927   71.75126 -154.46112     4.1327    28.0127    1458.25  0.000e+00
      2.927   71.75126 -154.46112     4.1327    28.0127    1458.25  0.000e+00
      2.927   71.75126 -154.46112     4.1327    28.0128    1458.25  0.000e+00
      2.927   71.75126 -154.46112     4.1329    28.0124    1458.25  0.000e+00
      2.989   71.75126 -154.46112     4.1327    28.0128    1458.25  0.000e+00
      2.927   71.75126 -154.46112     4.1327    28.0125    1458.25  0.000e+00
      2.927   71.75126 -154.46112     4.1328    28.0127    1458.25  0.000e+00
      2.989   71.75126 -154.46112     4.1326    28.0130    1458.25  0.000e+00
      2.927   71.75126 -154.46112     4.1327    28.0125    1458.25  0.000e+00
      2.989   71.75126 -154.46112     4.1331    28.0123    1458.26  0.000e+00
      2.927   71.75126 -154.46112     4.1327    28.0127    1458.25  0.000e+00
      2.989   71.75126 -154.46112     4.1329    28.0125    1458.25  0.000e+00
      2.989   71.75126 -154.46112     4.1327    28.0127    1458.25  0.000e+00
      2.927   71.75126 -154.46112     4.1326    28.0128    1458.25  0.000e+00
      2.989   71.75126 -154.46112     4.1329    28.0125    1458.25  0.000e+00
      2.989   71.75126 -154.46112     4.1331    28.0127    1458.26  0.000e+00
      2.927   71.75126 -154.46112     4.1331    28.0126    1458.25  0.000e+00
      2.989   71.75126 -154.46112     4.1331    28.0128    1458.26  0.000e+00
      2.927   71.75126 -154.46112     4.1331    28.0129    1458.26  0.000e+00
      2.927   71.75126 -154.46112     4.1331    28.0131    1458.26  0.000e+00
      2.989   71.75126 -154.46112     4.1335    28.0131    1458.26  0.000e+00
      2.927   71.75126 -154.46112     4.1334    28.0128    1458.26  0.000e+00
      2.927   71.75126 -154.46112     4.1337    28.0127    1458.26  0.000e+00
      2.927   71.75126 -154.46112     4.1337    28.0126    1458.26  0.000e+00
      2.927   71.75126 -154.46112     4.1335    28.0131    1458.26  0.000e+00
      2.873   71.75126 -154.46112     4.1338    28.0128    1458.26  0.000e+00
      2.927   71.75126 -154.46112     4.1337    28.0133    1458.26  0.000e+00
      2.873   71.75126 -154.46112     4.1340    28.0129    1458.26  0.000e+00
      2.927   71.75126 -154.46112     4.1338    28.0126    1458.26  0.000e+00
      2.873   71.75126 -154.46112     4.1337    28.0128    1458.26  0.000e+00
      2.819   71.75126 -154.46112     4.1337    28.0129    1458.26  0.000e+00
      2.873   71.75126 -154.46112     4.1338    28.0127    1458.26  0.000e+00
      2.873   71.75126 -154.46112     4.1338    28.0127    1458.26  0.000e+00
      2.819   71.75126 -154.46112     4.1337    28.0130    1458.26  0.000e+00
      2.819   71.75126 -154.46112     4.1338    28.0131    1458.26  0.000e+00
      2.819   71.75126 -154.46112     4.1340    28.0133    1458.26  0.000e+00
      2.757   71.75126 -154.46112     4.1342    28.0132    1458.26  0.000e+00
      2.819   71.75126 -154.46112     4.1340    28.0126    1458.26  0.000e+00
      2.757   71.75126 -154.46112     4.1338    28.0123    1458.25  0.000e+00
      2.757   71.75126 -154.46112     4.1335    28.0127    1458.25  0.000e+00
      2.757   71.75126 -154.46112     4.1332    28.0131    1458.25  0.000e+00
      2.757   71.75126 -154.46112     4.1332    28.0129    1458.25  0.000e+00
      2.757   71.75126 -154.46112     4.1332    28.0128    1458.25  0.000e+00
      2.757   71.75126 -154.46112     4.1331    28.0127    1458.25  0.000e+00
      2.757   71.75126 -154.46112     4.1332    28.0125    1458.25  0.000e+00
      2.757   71.75126 -154.46112     4.1329    28.0130    1458.25  0.000e+00
      2.757   71.75126 -154.46112     4.1329    28.0133    1458.25  0.000e+00
      2.703   71.75126 -154.46112     4.1331    28.0129    1458.25  0.000e+00
      2.703   71.75126 -154.46112     4.1326    28.0133    1458.25  0.000e+00
      2.757   71.75126 -154.46112     4.1329    28.0129    1458.25  0.000e+00
      2.642   71.75126 -154.46112     4.1331    28.0131    1458.25  0.000e+00
      2.703   71.75126 -154.46112     4.1329    28.0130    1458.25  0.000e+00
      2.703   71.75126 -154.46112     4.1327    28.0133    1458.25  0.000e+00
      2.642   71.75126 -154.46112     4.1327    28.0135    1458.25  0.000e+00
      2.703   71.75126 -154.46112     4.1327    28.0132    1458.25  0.000e+00
      2.642   71.75126 -154.46112     4.1329    28.0131    1458.25  0.000e+00
      2.703   71.75126 -154.46112     4.1331    28.0131    1458.25  0.000e+00
      2.703   71.75126 -154.46112     4.1332    28.0131    1458.25  0.000e+00
      2.703   71.75126 -154.46112     4.1329    28.0137    1458.25  0.000e+00
      2.642   71.75126 -154.46112     4.1331    28.0134    1458.25  0.000e+00
      2.642   71.75126 -154.46112     4.1329    28.0132    1458.25  0.000e+00
      2.642   71.75126 -154.46112     4.1332    28.0131    1458.25  0.000e+00
      2.642   71.75126 -154.46112     4.1331    28.0132    1458.25  0.000e+00
      2.642   71.75126 -154.46112     4.1331    28.0134    1458.25  0.000e+00
      2.588   71.75126 -154.46112     4.1331    28.0131    1458.25  0.000e+00
