EcoFOCI/data/1_SampleCollection/2023_SikuliaqDBO_CruiseData/CTD_raw_BottleFile_SKQ23-12S/proc/skq202312s_071.ros
* Sea-Bird SBE 9 Data File:
* FileName = D:\CTD\SKQ202312S\SKQ202312S_071.hex
* Software Version Seasave V 7.26.7.121
* Temperature SN = 6177
* Conductivity SN = 0369
* Number of Bytes Per Scan = 41
* Number of Voltage Words = 4
* Number of Scans Averaged by the Deck Unit = 1
* NMEA Latitude = 68 07.96 N
* NMEA Longitude = 167 29.16 W
* NMEA UTC (Time) = Oct 01 2023  15:37:48
* NMEA baud rate = 4800
** Ship: R/V Sikuliaq
** Station Number: 071
** Station Name: DBO3.4
** Bottom Depth: 48
** Operator: SD
# nquan = 22
# nvalues = 931                                   
# units = specified
# name 0 = depSM: Depth [salt water, m]
# name 1 = latitude: Latitude [deg]
# name 2 = longitude: Longitude [deg]
# name 3 = prDM: Pressure, Digiquartz [db]
# name 4 = t090C: Temperature [ITS-90, deg C]
# name 5 = t190C: Temperature, 2 [ITS-90, deg C]
# name 6 = potemp090C: Potential Temperature [ITS-90, deg C]
# name 7 = sal00: Salinity, Practical [PSU]
# name 8 = sal11: Salinity, Practical, 2 [PSU]
# name 9 = density00: Density [density, kg/m^3]
# name 10 = sigma-é00: Density [sigma-theta, kg/m^3]
# name 11 = sbox0Mm/Kg: Oxygen, SBE 43 [umol/kg]
# name 12 = sbox1Mm/Kg: Oxygen, SBE 43, 2 [umol/kg]
# name 13 = oxsolMm/Kg: Oxygen Saturation, Garcia & Gordon [umol/kg]
# name 14 = sbeox0PS: Oxygen, SBE 43 [% saturation]
# name 15 = v0: Voltage 0
# name 16 = flECO-AFL: Fluorescence, WET Labs ECO-AFL/FL [mg/m^3]
# name 17 = CStarAt0: Beam Attenuation, WET Labs C-Star [1/m]
# name 18 = par: PAR/Irradiance, Biospherical/Licor
# name 19 = scan: Scan Count
# name 20 = nbf: Bottles Fired
# name 21 = flag:  0.000e+00
# interval = seconds: 0.0416667
# start_time = Oct 01 2023 15:41:18 [NMEA time, first data scan]
# bad_flag = -9.990e-29
*END*
[from data line 856]
      3.075   68.13276 -167.48540      3.106     5.1316     5.1325     5.1314    29.7386    29.7497  1023.5076    23.4931    301.000    287.836  318.69259     94.448     0.4689     2.4652     0.9509 2.7540e-01      23510         18  0.000e+00
      3.075   68.13276 -167.48540      3.106     5.1315     5.1326     5.1312    29.7387    29.7494  1023.5077    23.4932    300.981    287.675  318.69345     94.442     0.4689     2.4652     0.9522 2.8323e-01      23511         18  0.000e+00
      3.021   68.13276 -167.48540      3.051     5.1315     5.1326     5.1313    29.7390    29.7494  1023.5076    23.4934    300.958    287.842  318.69295     94.435     0.4689     2.4652     0.9522 2.8549e-01      23512         18  0.000e+00
      3.129   68.13276 -167.48540      3.160     5.1317     5.1328     5.1315    29.7388    29.7494  1023.5080    23.4933    300.941    287.869  318.69175     94.430     0.4689     2.4652     0.9522 2.8210e-01      23513         18  0.000e+00
      3.021   68.13276 -167.48540      3.051     5.1315     5.1326     5.1313    29.7391    29.7495  1023.5077    23.4935    300.886    287.890  318.69268     94.413     0.4689     2.4652     0.9522 2.7209e-01      23514         18  0.000e+00
      3.021   68.13276 -167.48540      3.051     5.1316     5.1328     5.1314    29.7387    29.7493  1023.5074    23.4932    300.864    287.728  318.69236     94.406     0.4689     2.4652     0.9522 2.6881e-01      23515         18  0.000e+00
      3.075   68.13276 -167.48540      3.106     5.1315     5.1327     5.1312    29.7386    29.7493  1023.5076    23.4931    300.847    287.735  318.69389     94.400     0.4689     2.4652     0.9522 2.7209e-01      23516         18  0.000e+00
      3.021   68.13276 -167.48540      3.052     5.1315     5.1328     5.1313    29.7389    29.7495  1023.5076    23.4933    300.617    287.738  318.69312     94.328     0.4689     2.4652     0.9522 2.9819e-01      23517         18  0.000e+00
      3.021   68.13276 -167.48540      3.052     5.1312     5.1326     5.1309    29.7393    29.7497  1023.5079    23.4937    300.631    287.745  318.69448     94.332     0.4689     2.4652     0.9522 3.1007e-01      23518         18  0.000e+00
      3.052   68.13276 -167.48540      3.083     5.1316     5.1324     5.1314    29.7389    29.7497  1023.5077    23.4934    300.583    287.755  318.69186     94.318     0.4872     2.5751     0.9522 3.0887e-01      23519         18  0.000e+00
      2.959   68.13276 -167.48540      2.989     5.1313     5.1328     5.1311    29.7392    29.7493  1023.5076    23.4936    300.536    287.758  318.69356     94.302     0.5079     2.6996     0.9522 2.8436e-01      23520         18  0.000e+00
      3.021   68.13276 -167.48540      3.052     5.1315     5.1325     5.1313    29.7390    29.7497  1023.5077    23.4934    300.493    287.771  318.69249     94.289     0.5116     2.7216     0.9522 2.7319e-01      23521         18  0.000e+00
      2.959   68.13276 -167.48540      2.989     5.1315     5.1328     5.1313    29.7393    29.7496  1023.5076    23.4937    300.416    287.755  318.69217     94.265     0.5116     2.7216     0.9522 2.7209e-01      23522         18  0.000e+00
      2.959   68.13276 -167.48540      2.989     5.1315     5.1326     5.1313    29.7389    29.7497  1023.5073    23.4934    300.374    287.561  318.69305     94.252     0.5104     2.7143     0.9522 2.8323e-01      23523         18  0.000e+00
      3.021   68.13276 -167.48540      3.052     5.1315     5.1328     5.1313    29.7390    29.7493  1023.5077    23.4934    300.334    287.534  318.69286     94.239     0.5104     2.7143     0.9522 2.9121e-01      23524         18  0.000e+00
      2.905   68.13276 -167.48540      2.935     5.1316     5.1325     5.1314    29.7389    29.7495  1023.5071    23.4934    300.083    287.523  318.69179     94.161     0.5104     2.7143     0.9522 2.9237e-01      23525         18  0.000e+00
      2.959   68.13276 -167.48540      2.989     5.1316     5.1328     5.1314    29.7391    29.7493  1023.5075    23.4935    300.017    287.516  318.69132     94.140     0.5104     2.7143     0.9522 2.9819e-01      23526         18  0.000e+00
      2.906   68.13276 -167.48540      2.935     5.1316     5.1328     5.1314    29.7388    29.7495  1023.5070    23.4933    300.155    287.488  318.69205     94.183     0.5104     2.7143     0.9535 3.0409e-01      23527         18  0.000e+00
      2.906   68.13276 -167.48540      2.935     5.1316     5.1326     5.1314    29.7387    29.7498  1023.5069    23.4932    299.916    287.465  318.69241     94.108     0.5104     2.7143     0.9522 3.0528e-01      23528         18  0.000e+00
      2.906   68.13276 -167.48540      2.935     5.1318     5.1328     5.1316    29.7385    29.7491  1023.5067    23.4930    299.853    287.626  318.69127     94.089     0.5104     2.7143     0.9522 3.1492e-01      23529         18  0.000e+00
      2.906   68.13276 -167.48540      2.935     5.1318     5.1330     5.1316    29.7389    29.7490  1023.5070    23.4933    299.793    287.436  318.69067     94.070     0.5104     2.7143     0.9522 3.2979e-01      23530         18  0.000e+00
      2.844   68.13276 -167.48540      2.873     5.1318     5.1329     5.1316    29.7389    29.7496  1023.5067    23.4933    299.940    287.410  318.69069     94.116     0.5104     2.7143     0.9522 3.3359e-01      23531         18  0.000e+00
      2.844   68.13276 -167.48542      2.873     5.1320     5.1329     5.1318    29.7387    29.7496  1023.5065    23.4931    299.708    287.388  318.68964     94.044     0.5116     2.7216     0.9522 3.1492e-01      23532         18  0.000e+00
      2.844   68.13276 -167.48542      2.873     5.1320     5.1330     5.1318    29.7387    29.7495  1023.5065    23.4931    299.655    287.387  318.68973     94.027     0.5104     2.7143     0.9522 2.8323e-01      23533         18  0.000e+00
      2.790   68.13276 -167.48542      2.818     5.1320     5.1329     5.1318    29.7385    29.7496  1023.5061    23.4930    299.634    287.386  318.69011     94.021     0.5104     2.7143     0.9522 2.7429e-01      23534         18  0.000e+00
      2.844   68.13276 -167.48542      2.873     5.1316     5.1331     5.1314    29.7391    29.7496  1023.5069    23.4935    299.623    287.369  318.69137     94.017     0.5104     2.7143     0.9522 2.8549e-01      23535         18  0.000e+00
      3.078   68.13276 -167.48542      3.109     5.1323     5.1332     5.1321    29.7383    29.7493  1023.5073    23.4928    302.854    289.162  318.68819     95.032     0.4579     2.3993     0.9496 3.2105e-01      23627         19  0.000e+00
      3.024   68.13276 -167.48540      3.054     5.1321     5.1332     5.1319    29.7386    29.7496  1023.5073    23.4931    302.791    289.187  318.68863     95.012     0.4591     2.4066     0.9496 3.2353e-01      23628         19  0.000e+00
      3.055   68.13276 -167.48540      3.086     5.1320     5.1329     5.1318    29.7386    29.7496  1023.5075    23.4931    302.756    289.215  318.68979     95.000     0.4579     2.3993     0.9496 3.1492e-01      23629         19  0.000e+00
      3.078   68.13276 -167.48540      3.109     5.1320     5.1333     5.1318    29.7388    29.7493  1023.5077    23.4932    302.744    289.049  318.68946     94.997     0.4591     2.4066     0.9496 2.7540e-01      23630         19  0.000e+00
      3.078   68.13276 -167.48540      3.109     5.1318     5.1331     5.1316    29.7390    29.7495  1023.5079    23.4934    302.901    289.233  318.69051     95.046     0.4579     2.3993     0.9522 2.6126e-01      23631         19  0.000e+00
      3.132   68.13276 -167.48540      3.164     5.1318     5.1334     5.1316    29.7388    29.7494  1023.5080    23.4932    302.909    289.246  318.69101     95.048     0.4591     2.4066     0.9535 2.6233e-01      23632         19  0.000e+00
      3.078   68.13276 -167.48540      3.109     5.1320     5.1335     5.1318    29.7389    29.7495  1023.5078    23.4933    302.872    289.252  318.68911     95.037     0.4579     2.3993     0.9535 2.7209e-01      23633         19  0.000e+00
      3.132   68.13276 -167.48540      3.164     5.1320     5.1334     5.1318    29.7389    29.7493  1023.5080    23.4933    302.866    289.260  318.68925     95.035     0.4579     2.3993     0.9535 2.7762e-01      23634         19  0.000e+00
      3.132   68.13276 -167.48540      3.164     5.1320     5.1331     5.1318    29.7388    29.7497  1023.5080    23.4932    302.645    289.262  318.68934     94.966     0.4579     2.3993     0.9535 2.7762e-01      23635         19  0.000e+00
      3.078   68.13276 -167.48540      3.109     5.1320     5.1332     5.1318    29.7390    29.7495  1023.5079    23.4934    302.592    289.442  318.68893     94.949     0.4591     2.4066     0.9535 2.7319e-01      23636         19  0.000e+00
      3.194   68.13276 -167.48540      3.226     5.1320     5.1332     5.1318    29.7388    29.7495  1023.5083    23.4933    302.542    289.457  318.68932     94.933     0.4579     2.3993     0.9535 2.6881e-01      23637         19  0.000e+00
      3.132   68.13276 -167.48540      3.164     5.1320     5.1332     5.1318    29.7390    29.7493  1023.5081    23.4934    302.684    289.462  318.68890     94.978     0.4591     2.4066     0.9535 2.6881e-01      23638         19  0.000e+00
      3.132   68.13276 -167.48540      3.164     5.1321     5.1330     5.1319    29.7385    29.7497  1023.5077    23.4930    302.647    289.464  318.68893     94.966     0.4579     2.3993     0.9535 2.8436e-01      23639         19  0.000e+00
      3.194   68.13276 -167.48540      3.226     5.1320     5.1334     5.1318    29.7389    29.7495  1023.5083    23.4933    302.402    289.461  318.68914     94.889     0.4591     2.4066     0.9535 2.9702e-01      23640         19  0.000e+00
      3.194   68.13276 -167.48540      3.226     5.1318     5.1332     5.1315    29.7386    29.7492  1023.5081    23.4931    302.326    289.475  318.69143     94.865     0.4579     2.3993     0.9535 2.9936e-01      23641         19  0.000e+00
      3.194   68.13276 -167.48540      3.226     5.1320     5.1332     5.1318    29.7388    29.7493  1023.5083    23.4933    302.272    289.463  318.68932     94.848     0.4591     2.4066     0.9535 3.4518e-01      23642         19  0.000e+00
      3.132   68.13276 -167.48540      3.164     5.1318     5.1331     5.1316    29.7388    29.7491  1023.5080    23.4933    302.421    289.445  318.69083     94.895     0.4579     2.3993     0.9535 4.0184e-01      23643         19  0.000e+00
      3.194   68.13276 -167.48540      3.226     5.1320     5.1332     5.1318    29.7385    29.7492  1023.5080    23.4930    302.187    289.444  318.69012     94.822     0.4591     2.4066     0.9535 4.1368e-01      23644         19  0.000e+00
      3.132   68.13276 -167.48540      3.164     5.1318     5.1330     5.1316    29.7391    29.7496  1023.5082    23.4935    302.326    289.437  318.68993     94.865     0.4579     2.3993     0.9535 3.6516e-01      23645         19  0.000e+00
      3.225   68.13276 -167.48540      3.257     5.1316     5.1331     5.1314    29.7389    29.7490  1023.5085    23.4934    302.293    289.616  318.69188     94.854     0.4591     2.4066     0.9535 2.9819e-01      23646         19  0.000e+00
      3.132   68.13276 -167.48540      3.164     5.1320     5.1330     5.1318    29.7385    29.7497  1023.5078    23.4930    302.243    289.411  318.69005     94.839     0.4774     2.5165     0.9535 2.8097e-01      23647         19  0.000e+00
      3.194   68.13276 -167.48540      3.226     5.1318     5.1331     5.1315    29.7389    29.7494  1023.5084    23.4933    302.228    289.579  318.69072     94.834     0.4884     2.5824     0.9535 2.6340e-01      23648         19  0.000e+00
      3.194   68.13276 -167.48540      3.226     5.1318     5.1331     5.1315    29.7385    29.7494  1023.5081    23.4930    302.002    289.574  318.69161     94.763     0.4896     2.5897     0.9535 2.2277e-01      23649         19  0.000e+00
      3.194   68.13276 -167.48540      3.226     5.1320     5.1332     5.1318    29.7388    29.7492  1023.5083    23.4933    302.151    289.564  318.68932     94.811     0.4884     2.5824     0.9535 2.1051e-01      23650         19  0.000e+00
      3.132   68.13276 -167.48540      3.164     5.1320     5.1334     5.1318    29.7385    29.7490  1023.5077    23.4930    302.122    289.546  318.69014     94.801     0.4884     2.5824     0.9535 2.1424e-01      23651         19  0.000e+00
      3.132   68.13276 -167.48540      3.164     5.1318     5.1332     5.1316    29.7384    29.7495  1023.5077    23.4930    302.092    289.526  318.69180     94.791     0.4884     2.5824     0.9522 2.3151e-01      23652         19  0.000e+00
      3.194   68.13276 -167.48540      3.226     5.1318     5.1333     5.1316    29.7391    29.7493  1023.5086    23.4935    302.057    289.504  318.68973     94.781     0.4872     2.5751     0.9509 2.3847e-01      23653         19  0.000e+00
      3.132   68.13276 -167.48540      3.164     5.1318     5.1334     5.1316    29.7387    29.7492  1023.5079    23.4932    301.843    289.492  318.69119     94.713     0.4884     2.5824     0.9522 2.4049e-01      23654         19  0.000e+00
      3.133   68.13276 -167.48540      3.164     5.1318     5.1332     5.1316    29.7388    29.7494  1023.5080    23.4933    301.978    289.480  318.69083     94.756     0.4872     2.5751     0.9509 2.5595e-01      23655         19  0.000e+00
      3.133   68.13276 -167.48540      3.164     5.1318     5.1333     5.1316    29.7390    29.7493  1023.5082    23.4934    301.965    289.462  318.69048     94.752     0.4884     2.5824     0.9509 2.6233e-01      23656         19  0.000e+00
      3.133   68.13276 -167.48540      3.164     5.1320     5.1332     5.1318    29.7386    29.7492  1023.5078    23.4931    302.186    289.442  318.68987     94.821     0.4884     2.5824     0.9522 2.6663e-01      23657         19  0.000e+00
      3.133   68.13276 -167.48540      3.164     5.1318     5.1332     5.1316    29.7389    29.7491  1023.5081    23.4934    301.994    289.417  318.69066     94.761     0.4884     2.5824     0.9522 3.2728e-01      23658         19  0.000e+00
      3.079   68.13276 -167.48540      3.110     5.1316     5.1332     5.1314    29.7388    29.7494  1023.5077    23.4932    301.942    289.406  318.69224     94.744     0.4884     2.5824     0.9509 3.6652e-01      23659         19  0.000e+00
      3.133   68.13276 -167.48540      3.164     5.1315     5.1332     5.1313    29.7390    29.7492  1023.5082    23.4935    301.920    289.375  318.69234     94.737     0.4884     2.5824     0.9509 3.7063e-01      23660         19  0.000e+00
      3.079   68.13276 -167.48540      3.110     5.1318     5.1332     5.1316    29.7392    29.7493  1023.5081    23.4936    301.889    289.356  318.68998     94.728     0.4872     2.5751     0.9509 3.3742e-01      23661         19  0.000e+00
      3.133   68.13276 -167.48540      3.164     5.1318     5.1333     5.1316    29.7390    29.7495  1023.5082    23.4934    301.657    289.338  318.69039     94.655     0.4884     2.5824     0.9522 3.1614e-01      23662         19  0.000e+00
      3.056   68.13276 -167.48540      3.087     5.1318     5.1334     5.1316    29.7394    29.7492  1023.5081    23.4937    302.004    289.312  318.68951     94.764     0.4884     2.5824     0.9522 3.1249e-01      23663         19  0.000e+00
      3.025   68.13276 -167.48540      3.055     5.1320     5.1332     5.1318    29.7390    29.7494  1023.5076    23.4934    301.824    289.286  318.68896     94.708     0.4884     2.5824     0.9522 2.7985e-01      23664         19  0.000e+00
      3.079   68.13276 -167.48540      3.110     5.1321     5.1332     5.1319    29.7385    29.7493  1023.5075    23.4930    301.617    289.259  318.68896     94.643     0.4884     2.5824     0.9522 2.4762e-01      23665         19  0.000e+00
