EcoFOCI/data/1_SampleCollection/2023_SikuliaqDBO_CruiseData/CTD_raw_BottleFile_SKQ23-12S/proc/skq202312s_052svp.cnv
* Sea-Bird SBE 9 Data File:
* FileName = D:\CTD\SKQ202312S\SKQ202312S_052.hex
* Software Version Seasave V 7.26.7.121
* Temperature SN = 6177
* Conductivity SN = 0369
* Number of Bytes Per Scan = 41
* Number of Voltage Words = 4
* Number of Scans Averaged by the Deck Unit = 1
* NMEA Latitude = 70 49.96 N
* NMEA Longitude = 163 07.13 W
* NMEA UTC (Time) = Sep 26 2023  20:42:12
* NMEA baud rate = 4800
** Ship: R/V Sikuliaq
** Station Number: 052
** Station Name: C1
** Bottom Depth: 45
** Operator: SD
** Moorings site C1
# nquan = 7
# nvalues = 3928                                  
# units = specified
# name 0 = depSM: Depth [salt water, m]
# name 1 = latitude: Latitude [deg]
# name 2 = longitude: Longitude [deg]
# name 3 = t090C: Temperature [ITS-90, deg C]
# name 4 = sal00: Salinity, Practical [PSU]
# name 5 = svCM: Sound Velocity [Chen-Millero, m/s]
# name 6 = flag:  0.000e+00
# span 0 =      2.356,     38.957                 
# span 1 =   70.83274,   70.83288                 
# span 2 = -163.11888, -163.11886                 
# span 3 =     4.4581,     7.1671                 
# span 4 =    28.7142,    31.7641                 
# span 5 =    1464.96,    1474.54                 
# span 6 = 0.0000e+00, 0.0000e+00                 
# interval = seconds: 0.0416667
# start_time = Sep 26 2023 20:44:50 [NMEA time, first data scan]
# bad_flag = -9.990e-29
*END*
[from data line 616]
      4.646   70.83276 -163.11888     6.3974    28.7146    1468.49  0.000e+00
      4.592   70.83276 -163.11888     6.3973    28.7147    1468.49  0.000e+00
      4.646   70.83276 -163.11888     6.3971    28.7148    1468.49  0.000e+00
      4.708   70.83276 -163.11888     6.3971    28.7150    1468.49  0.000e+00
      4.646   70.83276 -163.11888     6.3970    28.7148    1468.49  0.000e+00
      4.708   70.83276 -163.11888     6.3971    28.7147    1468.49  0.000e+00
      4.646   70.83276 -163.11888     6.3970    28.7147    1468.49  0.000e+00
      4.708   70.83276 -163.11888     6.3968    28.7152    1468.49  0.000e+00
      4.708   70.83276 -163.11888     6.3968    28.7149    1468.49  0.000e+00
      4.762   70.83276 -163.11888     6.3968    28.7150    1468.49  0.000e+00
      4.708   70.83276 -163.11888     6.3968    28.7152    1468.49  0.000e+00
      4.762   70.83276 -163.11888     6.3970    28.7152    1468.49  0.000e+00
      4.823   70.83276 -163.11888     6.3971    28.7156    1468.49  0.000e+00
      4.708   70.83276 -163.11888     6.3973    28.7153    1468.49  0.000e+00
      4.823   70.83276 -163.11888     6.3976    28.7149    1468.49  0.000e+00
      4.762   70.83276 -163.11888     6.3974    28.7150    1468.49  0.000e+00
      4.823   70.83276 -163.11888     6.3971    28.7153    1468.49  0.000e+00
      4.823   70.83276 -163.11888     6.3973    28.7151    1468.49  0.000e+00
      4.823   70.83276 -163.11888     6.3973    28.7149    1468.49  0.000e+00
      4.823   70.83276 -163.11888     6.3974    28.7148    1468.49  0.000e+00
      4.877   70.83276 -163.11888     6.3971    28.7150    1468.49  0.000e+00
      4.823   70.83276 -163.11888     6.3971    28.7150    1468.49  0.000e+00
      4.877   70.83276 -163.11888     6.3970    28.7153    1468.49  0.000e+00
      4.877   70.83276 -163.11888     6.3970    28.7152    1468.49  0.000e+00
      4.823   70.83276 -163.11888     6.3971    28.7146    1468.49  0.000e+00
      4.939   70.83276 -163.11888     6.3971    28.7142    1468.49  0.000e+00
      4.877   70.83276 -163.11888     6.3968    28.7146    1468.49  0.000e+00
      4.877   70.83276 -163.11888     6.3968    28.7145    1468.49  0.000e+00
      4.939   70.83276 -163.11888     6.3968    28.7146    1468.49  0.000e+00
      4.877   70.83276 -163.11888     6.3966    28.7147    1468.49  0.000e+00
      4.939   70.83276 -163.11888     6.3965    28.7147    1468.49  0.000e+00
      4.939   70.83276 -163.11888     6.3966    28.7148    1468.49  0.000e+00
      4.939   70.83276 -163.11888     6.3968    28.7147    1468.49  0.000e+00
      4.939   70.83276 -163.11888     6.3966    28.7149    1468.49  0.000e+00
      4.939   70.83276 -163.11888     6.3966    28.7151    1468.49  0.000e+00
      4.939   70.83276 -163.11888     6.3968    28.7142    1468.49  0.000e+00
      4.993   70.83276 -163.11888     6.3968    28.7143    1468.49  0.000e+00
      4.939   70.83276 -163.11888     6.3966    28.7148    1468.49  0.000e+00
      4.993   70.83276 -163.11888     6.3968    28.7151    1468.49  0.000e+00
      4.939   70.83276 -163.11888     6.3968    28.7152    1468.49  0.000e+00
      4.993   70.83276 -163.11888     6.3970    28.7151    1468.49  0.000e+00
      4.939   70.83276 -163.11888     6.3971    28.7153    1468.49  0.000e+00
      4.993   70.83276 -163.11888     6.3974    28.7148    1468.50  0.000e+00
      4.993   70.83276 -163.11888     6.3973    28.7150    1468.50  0.000e+00
      4.993   70.83276 -163.11888     6.3973    28.7152    1468.50  0.000e+00
      4.993   70.83276 -163.11888     6.3974    28.7152    1468.50  0.000e+00
      4.993   70.83276 -163.11888     6.3973    28.7153    1468.50  0.000e+00
      5.047   70.83276 -163.11888     6.3976    28.7150    1468.50  0.000e+00
      4.993   70.83276 -163.11888     6.3974    28.7152    1468.50  0.000e+00
      4.993   70.83276 -163.11888     6.3974    28.7154    1468.50  0.000e+00
      5.047   70.83276 -163.11888     6.3974    28.7154    1468.50  0.000e+00
      4.993   70.83276 -163.11888     6.3976    28.7151    1468.50  0.000e+00
      5.047   70.83276 -163.11888     6.3976    28.7152    1468.50  0.000e+00
      4.993   70.83276 -163.11888     6.3976    28.7153    1468.50  0.000e+00
      5.047   70.83276 -163.11888     6.3974    28.7154    1468.50  0.000e+00
      4.993   70.83276 -163.11888     6.3978    28.7151    1468.50  0.000e+00
      5.086   70.83276 -163.11888     6.3978    28.7149    1468.50  0.000e+00
      5.047   70.83276 -163.11888     6.3980    28.7151    1468.50  0.000e+00
      5.109   70.83276 -163.11888     6.3978    28.7149    1468.50  0.000e+00
      5.047   70.83276 -163.11888     6.3978    28.7149    1468.50  0.000e+00
      5.047   70.83276 -163.11888     6.3980    28.7151    1468.50  0.000e+00
      5.109   70.83276 -163.11888     6.3980    28.7150    1468.50  0.000e+00
      5.109   70.83276 -163.11888     6.3978    28.7151    1468.50  0.000e+00
      5.047   70.83276 -163.11888     6.3981    28.7150    1468.50  0.000e+00
      5.109   70.83276 -163.11888     6.3980    28.7154    1468.50  0.000e+00
      5.163   70.83276 -163.11888     6.3980    28.7152    1468.50  0.000e+00
      5.109   70.83276 -163.11888     6.3981    28.7153    1468.50  0.000e+00
      5.109   70.83276 -163.11888     6.3980    28.7151    1468.50  0.000e+00
      5.163   70.83276 -163.11888     6.3981    28.7152    1468.50  0.000e+00
      5.163   70.83276 -163.11888     6.3981    28.7151    1468.50  0.000e+00
      5.163   70.83276 -163.11888     6.3981    28.7148    1468.50  0.000e+00
      5.163   70.83276 -163.11888     6.3981    28.7148    1468.50  0.000e+00
      5.163   70.83276 -163.11888     6.3983    28.7152    1468.50  0.000e+00
      5.163   70.83276 -163.11888     6.3983    28.7149    1468.50  0.000e+00
      5.163   70.83276 -163.11888     6.3984    28.7147    1468.50  0.000e+00
      5.224   70.83276 -163.11888     6.3983    28.7151    1468.50  0.000e+00
      5.163   70.83276 -163.11888     6.3984    28.7152    1468.50  0.000e+00
      5.278   70.83276 -163.11888     6.3981    28.7151    1468.50  0.000e+00
      5.224   70.83276 -163.11888     6.3983    28.7149    1468.50  0.000e+00
      5.163   70.83276 -163.11888     6.3983    28.7149    1468.50  0.000e+00
      5.278   70.83276 -163.11888     6.3983    28.7150    1468.50  0.000e+00
      5.278   70.83276 -163.11888     6.3984    28.7148    1468.50  0.000e+00
      5.224   70.83276 -163.11888     6.3981    28.7145    1468.50  0.000e+00
      5.278   70.83276 -163.11888     6.3981    28.7146    1468.50  0.000e+00
      5.278   70.83276 -163.11888     6.3980    28.7149    1468.50  0.000e+00
      5.332   70.83276 -163.11888     6.3980    28.7150    1468.50  0.000e+00
      5.278   70.83276 -163.11888     6.3980    28.7147    1468.50  0.000e+00
      5.278   70.83276 -163.11888     6.3978    28.7148    1468.50  0.000e+00
      5.332   70.83276 -163.11888     6.3978    28.7143    1468.50  0.000e+00
      5.332   70.83276 -163.11888     6.3974    28.7151    1468.50  0.000e+00
      5.332   70.83276 -163.11888     6.3976    28.7148    1468.50  0.000e+00
      5.332   70.83276 -163.11888     6.3976    28.7150    1468.50  0.000e+00
      5.394   70.83276 -163.11888     6.3974    28.7150    1468.50  0.000e+00
      5.332   70.83276 -163.11888     6.3980    28.7148    1468.50  0.000e+00
      5.394   70.83276 -163.11888     6.3978    28.7147    1468.50  0.000e+00
      5.394   70.83276 -163.11888     6.3974    28.7148    1468.50  0.000e+00
      5.394   70.83276 -163.11888     6.3976    28.7152    1468.50  0.000e+00
      5.394   70.83276 -163.11888     6.3974    28.7151    1468.50  0.000e+00
      5.394   70.83276 -163.11888     6.3976    28.7148    1468.50  0.000e+00
      5.448   70.83276 -163.11888     6.3978    28.7147    1468.50  0.000e+00
      5.448   70.83276 -163.11888     6.3978    28.7149    1468.51  0.000e+00
      5.371   70.83276 -163.11888     6.3978    28.7148    1468.50  0.000e+00
      5.510   70.83276 -163.11888     6.3978    28.7147    1468.51  0.000e+00
      5.394   70.83276 -163.11888     6.3976    28.7152    1468.50  0.000e+00
      5.510   70.83276 -163.11888     6.3980    28.7154    1468.51  0.000e+00
      5.448   70.83276 -163.11888     6.3981    28.7154    1468.51  0.000e+00
      5.510   70.83276 -163.11888     6.3984    28.7153    1468.51  0.000e+00
      5.510   70.83276 -163.11888     6.3984    28.7152    1468.51  0.000e+00
      5.448   70.83276 -163.11888     6.3983    28.7151    1468.51  0.000e+00
      5.510   70.83276 -163.11888     6.3984    28.7147    1468.51  0.000e+00
      5.564   70.83276 -163.11888     6.3983    28.7151    1468.51  0.000e+00
      5.448   70.83276 -163.11888     6.3981    28.7150    1468.51  0.000e+00
      5.564   70.83276 -163.11888     6.3983    28.7148    1468.51  0.000e+00
      5.510   70.83276 -163.11888     6.3983    28.7148    1468.51  0.000e+00
      5.564   70.83276 -163.11888     6.3981    28.7151    1468.51  0.000e+00
      5.564   70.83276 -163.11888     6.3981    28.7146    1468.51  0.000e+00
      5.510   70.83276 -163.11888     6.3983    28.7148    1468.51  0.000e+00
      5.564   70.83276 -163.11888     6.3981    28.7149    1468.51  0.000e+00
      5.564   70.83276 -163.11888     6.3983    28.7153    1468.51  0.000e+00
      5.625   70.83276 -163.11888     6.3981    28.7154    1468.51  0.000e+00
      5.564   70.83276 -163.11888     6.3980    28.7155    1468.51  0.000e+00
      5.564   70.83276 -163.11888     6.3983    28.7149    1468.51  0.000e+00
      5.564   70.83276 -163.11888     6.3983    28.7151    1468.51  0.000e+00
      5.625   70.83276 -163.11888     6.3983    28.7150    1468.51  0.000e+00
      5.625   70.83276 -163.11888     6.3983    28.7150    1468.51  0.000e+00
      5.564   70.83276 -163.11888     6.3983    28.7148    1468.51  0.000e+00
      5.625   70.83276 -163.11888     6.3981    28.7152    1468.51  0.000e+00
      5.625   70.83276 -163.11888     6.3983    28.7150    1468.51  0.000e+00
      5.625   70.83276 -163.11888     6.3980    28.7152    1468.51  0.000e+00
      5.625   70.83276 -163.11888     6.3981    28.7151    1468.51  0.000e+00
      5.625   70.83276 -163.11888     6.3983    28.7152    1468.51  0.000e+00
      5.625   70.83276 -163.11888     6.3981    28.7154    1468.51  0.000e+00
      5.625   70.83276 -163.11888     6.3981    28.7151    1468.51  0.000e+00
      5.679   70.83276 -163.11888     6.3983    28.7151    1468.51  0.000e+00
      5.625   70.83276 -163.11888     6.3983    28.7152    1468.51  0.000e+00
      5.625   70.83276 -163.11888     6.3981    28.7154    1468.51  0.000e+00
      5.656   70.83276 -163.11888     6.3983    28.7150    1468.51  0.000e+00
      5.679   70.83276 -163.11888     6.3984    28.7149    1468.51  0.000e+00
      5.679   70.83276 -163.11888     6.3981    28.7149    1468.51  0.000e+00
      5.679   70.83276 -163.11888     6.3981    28.7154    1468.51  0.000e+00
      5.679   70.83276 -163.11888     6.3981    28.7152    1468.51  0.000e+00
      5.679   70.83276 -163.11888     6.3983    28.7147    1468.51  0.000e+00
      5.679   70.83276 -163.11888     6.3981    28.7152    1468.51  0.000e+00
      5.733   70.83276 -163.11888     6.3983    28.7152    1468.51  0.000e+00
      5.679   70.83276 -163.11888     6.3980    28.7152    1468.51  0.000e+00
      5.679   70.83276 -163.11888     6.3984    28.7150    1468.51  0.000e+00
      5.733   70.83276 -163.11888     6.3981    28.7153    1468.51  0.000e+00
      5.733   70.83276 -163.11888     6.3983    28.7150    1468.51  0.000e+00
      5.733   70.83276 -163.11888     6.3983    28.7149    1468.51  0.000e+00
      5.733   70.83276 -163.11888     6.3983    28.7151    1468.51  0.000e+00
      5.733   70.83276 -163.11888     6.3984    28.7151    1468.51  0.000e+00
      5.733   70.83276 -163.11888     6.3984    28.7151    1468.51  0.000e+00
      5.795   70.83276 -163.11888     6.3981    28.7151    1468.51  0.000e+00
      5.733   70.83276 -163.11888     6.3981    28.7151    1468.51  0.000e+00
      5.795   70.83276 -163.11888     6.3983    28.7145    1468.51  0.000e+00
      5.795   70.83276 -163.11888     6.3981    28.7151    1468.51  0.000e+00
      5.849   70.83276 -163.11888     6.3981    28.7149    1468.51  0.000e+00
      5.795   70.83276 -163.11888     6.3983    28.7148    1468.51  0.000e+00
      5.849   70.83276 -163.11888     6.3981    28.7150    1468.51  0.000e+00
      5.849   70.83276 -163.11888     6.3980    28.7151    1468.51  0.000e+00
      5.849   70.83276 -163.11888     6.3981    28.7148    1468.51  0.000e+00
      5.849   70.83276 -163.11888     6.3981    28.7149    1468.51  0.000e+00
      5.910   70.83276 -163.11888     6.3980    28.7151    1468.51  0.000e+00
      5.910   70.83276 -163.11888     6.3980    28.7151    1468.51  0.000e+00
      5.849   70.83276 -163.11888     6.3980    28.7151    1468.51  0.000e+00
      5.964   70.83276 -163.11888     6.3980    28.7149    1468.51  0.000e+00
      5.880   70.83276 -163.11888     6.3980    28.7151    1468.51  0.000e+00
      5.964   70.83276 -163.11888     6.3981    28.7150    1468.51  0.000e+00
      5.964   70.83276 -163.11888     6.3980    28.7151    1468.51  0.000e+00
      5.964   70.83276 -163.11888     6.3980    28.7149    1468.51  0.000e+00
      6.026   70.83276 -163.11888     6.3980    28.7146    1468.51  0.000e+00
      5.964   70.83276 -163.11888     6.3981    28.7146    1468.51  0.000e+00
      6.026   70.83276 -163.11888     6.3980    28.7148    1468.52  0.000e+00
      6.026   70.83276 -163.11888     6.3980    28.7146    1468.51  0.000e+00
      6.026   70.83276 -163.11888     6.3978    28.7152    1468.52  0.000e+00
      6.080   70.83276 -163.11888     6.3980    28.7149    1468.52  0.000e+00
      6.080   70.83276 -163.11888     6.3981    28.7150    1468.52  0.000e+00
      6.080   70.83276 -163.11888     6.3978    28.7148    1468.52  0.000e+00
      6.134   70.83276 -163.11888     6.3978    28.7144    1468.52  0.000e+00
      6.080   70.83276 -163.11888     6.3976    28.7144    1468.51  0.000e+00
      6.134   70.83276 -163.11888     6.3974    28.7146    1468.51  0.000e+00
      6.134   70.83276 -163.11888     6.3976    28.7147    1468.52  0.000e+00
      6.134   70.83276 -163.11888     6.3976    28.7152    1468.52  0.000e+00
      6.196   70.83276 -163.11888     6.3976    28.7153    1468.52  0.000e+00
      6.134   70.83276 -163.11888     6.3976    28.7151    1468.52  0.000e+00
      6.196   70.83276 -163.11888     6.3978    28.7149    1468.52  0.000e+00
      6.250   70.83276 -163.11888     6.3976    28.7144    1468.52  0.000e+00
      6.134   70.83276 -163.11888     6.3976    28.7143    1468.51  0.000e+00
      6.250   70.83276 -163.11888     6.3971    28.7144    1468.52  0.000e+00
      6.250   70.83276 -163.11888     6.3968    28.7144    1468.51  0.000e+00
      6.134   70.83276 -163.11888     6.3968    28.7144    1468.51  0.000e+00
      6.342   70.83276 -163.11888     6.3968    28.7149    1468.52  0.000e+00
      6.196   70.83276 -163.11888     6.3971    28.7155    1468.52  0.000e+00
      6.311   70.83276 -163.11888     6.3974    28.7154    1468.52  0.000e+00
      6.250   70.83276 -163.11888     6.3978    28.7154    1468.52  0.000e+00
      6.250   70.83276 -163.11888     6.3981    28.7153    1468.52  0.000e+00
      6.311   70.83276 -163.11888     6.3981    28.7152    1468.52  0.000e+00
      6.311   70.83276 -163.11888     6.3983    28.7151    1468.52  0.000e+00
      6.311   70.83276 -163.11888     6.3981    28.7153    1468.52  0.000e+00
      6.311   70.83276 -163.11888     6.3983    28.7152    1468.52  0.000e+00
      6.311   70.83276 -163.11888     6.3983    28.7150    1468.52  0.000e+00
      6.311   70.83276 -163.11888     6.3981    28.7152    1468.52  0.000e+00
      6.311   70.83276 -163.11888     6.3981    28.7151    1468.52  0.000e+00
      6.365   70.83276 -163.11888     6.3981    28.7150    1468.52  0.000e+00
