EcoFOCI/data/1_SampleCollection/2023_SikuliaqDBO_CruiseData/CTD_raw_BottleFile_SKQ23-12S/proc/skq202312s_066.cnv
* Sea-Bird SBE 9 Data File:
* FileName = D:\CTD\SKQ202312S\SKQ202312S_066.hex
* Software Version Seasave V 7.26.7.121
* Temperature SN = 6177
* Conductivity SN = 0369
* Number of Bytes Per Scan = 41
* Number of Voltage Words = 4
* Number of Scans Averaged by the Deck Unit = 1
* NMEA Latitude = 72 12.41 N
* NMEA Longitude = 166 57.30 W
* NMEA UTC (Time) = Sep 28 2023  13:08:17
* NMEA baud rate = 4800
** Ship: R/V Sikuliaq
** Station Number: 066
** Station Name: IC0.3
** Bottom Depth: 47
** Operator: SD
# nquan = 24
# nvalues = 4842                                  
# units = specified
# name 0 = depSM: Depth [salt water, m]
# name 1 = latitude: Latitude [deg]
# name 2 = longitude: Longitude [deg]
# name 3 = prDM: Pressure, Digiquartz [db]
# name 4 = t090C: Temperature [ITS-90, deg C]
# name 5 = t190C: Temperature, 2 [ITS-90, deg C]
# name 6 = potemp090C: Potential Temperature [ITS-90, deg C]
# name 7 = sal00: Salinity, Practical [PSU]
# name 8 = sal11: Salinity, Practical, 2 [PSU]
# name 9 = density00: Density [density, kg/m^3]
# name 10 = sigma-é00: Density [sigma-theta, kg/m^3]
# name 11 = sbox0Mm/Kg: Oxygen, SBE 43 [umol/kg]
# name 12 = sbox1Mm/Kg: Oxygen, SBE 43, 2 [umol/kg]
# name 13 = oxsolMm/Kg: Oxygen Saturation, Garcia & Gordon [umol/kg]
# name 14 = sbeox0PS: Oxygen, SBE 43 [% saturation]
# name 15 = sbeox1PS: Oxygen, SBE 43, 2 [% saturation]
# name 16 = v0: Voltage 0
# name 17 = flECO-AFL: Fluorescence, WET Labs ECO-AFL/FL [mg/m^3]
# name 18 = v1: Voltage 1
# name 19 = CStarAt0: Beam Attenuation, WET Labs C-Star [1/m]
# name 20 = par: PAR/Irradiance, Biospherical/Licor
# name 21 = scan: Scan Count
# name 22 = timeM: Time, Elapsed [minutes]
# name 23 = flag:  0.000e+00
# span 0 =      2.489,     42.256                 
# span 1 =   72.20680,   72.20682                 
# span 2 = -166.95580, -166.95532                 
# span 3 =      2.514,     42.698                 
# span 4 =     0.2306,     4.3186                 
# span 5 =     0.2313,     4.3202                 
# span 6 =     0.2294,     4.3170                 
# span 7 =    30.9114,    32.4398                 
# span 8 =    30.9226,    32.4884                 
# span 9 =  1024.5362,  1026.2016                 
# span 10 =    24.5236,    26.0200                
# span 11 =    304.815,    350.082                
# span 12 =    288.016,    316.056                
# span 13 =  321.53063,  352.92889                
# span 14 =     88.313,     99.665                
# span 15 =     83.449,     90.669                
# span 16 =     0.0989,     0.2283                
# span 17 =     0.2454,     1.0220                
# span 18 =     2.5726,     4.1490                
# span 19 =     0.5094,     2.4218                
# span 20 = 1.0000e-12, 7.3024e-01                
# span 21 =          1,       4842                
# span 22 =     0.0000,     3.3618                
# span 23 = 0.0000e+00, 0.0000e+00                
# interval = seconds: 0.0416667
# start_time = Sep 28 2023 13:12:40 [NMEA time, first data scan]
# bad_flag = -9.990e-29
*END*
[from data line 3623]
     36.769   72.20682 -166.95568     37.153     0.2348     0.2360     0.2336    32.4038    32.4167  1026.1770    25.9996    313.306    297.431  352.89321     88.782     84.295     0.1184     0.3626     3.3053     1.4190 8.4714e-06       3624     2.5160  0.000e+00
     36.769   72.20682 -166.95568     37.153     0.2347     0.2358     0.2335    32.4040    32.4171  1026.1771    25.9997    313.527    297.216  352.89392     88.844     84.233     0.1197     0.3699     3.3053     1.4190 8.4714e-06       3625     2.5167  0.000e+00
     36.762   72.20682 -166.95568     37.146     0.2350     0.2360     0.2338    32.4032    32.4166  1026.1765    25.9991    313.351    297.185  352.89340     88.795     84.225     0.1172     0.3553     3.3053     1.4190 1.0000e-12       3626     2.5174  0.000e+00
     36.769   72.20682 -166.95568     37.153     0.2350     0.2358     0.2338    32.4028    32.4168  1026.1762    25.9988    313.576    297.158  352.89445     88.858     84.217     0.1136     0.3333     3.3053     1.4190 8.4714e-06       3627     2.5181  0.000e+00
     36.715   72.20682 -166.95568     37.099     0.2349     0.2357     0.2336    32.4031    32.4168  1026.1762    25.9991    313.599    297.128  352.89461     88.865     84.208     0.1123     0.3260     3.3053     1.4190 1.0000e-12       3628     2.5187  0.000e+00
     36.816   72.20682 -166.95568     37.200     0.2347     0.2356     0.2335    32.4038    32.4167  1026.1772    25.9996    313.628    297.104  352.89445     88.873     84.201     0.1123     0.3260     3.3053     1.4190 8.4714e-06       3629     2.5194  0.000e+00
     36.715   72.20682 -166.95568     37.099     0.2348     0.2359     0.2336    32.4036    32.4169  1026.1766    25.9994    313.407    297.282  352.89381     88.811     84.252     0.1123     0.3260     3.3053     1.4190 1.0000e-12       3630     2.5201  0.000e+00
     36.769   72.20682 -166.95568     37.153     0.2347     0.2358     0.2335    32.4037    32.4166  1026.1769    25.9995    313.636    297.283  352.89472     88.875     84.252     0.1136     0.3333     3.3040     1.4205 1.0000e-12       3631     2.5208  0.000e+00
     36.762   72.20682 -166.95568     37.146     0.2347     0.2359     0.2335    32.4032    32.4166  1026.1765    25.9991    313.664    297.064  352.89597     88.883     84.190     0.1136     0.3333     3.2991     1.4264 1.0000e-12       3632     2.5215  0.000e+00
     36.715   72.20682 -166.95568     37.099     0.2348     0.2359     0.2336    32.4028    32.4168  1026.1760    25.9988    313.689    297.030  352.89599     88.890     84.181     0.1123     0.3260     3.2955     1.4309 1.0000e-12       3633     2.5222  0.000e+00
     36.769   72.20682 -166.95568     37.153     0.2347     0.2358     0.2335    32.4030    32.4168  1026.1764    25.9989    313.718    297.246  352.89656     88.898     84.242     0.1136     0.3333     3.2955     1.4309 1.0000e-12       3634     2.5229  0.000e+00
     36.761   72.20682 -166.95568     37.146     0.2347     0.2359     0.2335    32.4031    32.4169  1026.1764    25.9990    313.745    297.055  352.89631     88.906     84.188     0.1123     0.3260     3.2955     1.4309 1.0000e-12       3635     2.5236  0.000e+00
     36.715   72.20682 -166.95568     37.099     0.2347     0.2359     0.2335    32.4033    32.4171  1026.1764    25.9992    313.769    297.051  352.89567     88.913     84.187     0.1136     0.3333     3.2967     1.4294 1.0000e-12       3636     2.5243  0.000e+00
     36.769   72.20682 -166.95568     37.153     0.2345     0.2358     0.2333    32.4042    32.4169  1026.1773    25.9999    313.798    297.026  352.89486     88.921     84.180     0.1123     0.3260     3.2967     1.4294 1.0000e-12       3637     2.5250  0.000e+00
     36.761   72.20682 -166.95568     37.145     0.2347     0.2356     0.2335    32.4043    32.4166  1026.1773    26.0000    313.823    297.029  352.89310     88.929     84.180     0.1136     0.3333     3.2955     1.4309 1.0000e-12       3638     2.5257  0.000e+00
     36.715   72.20682 -166.95568     37.099     0.2350     0.2356     0.2338    32.4042    32.4167  1026.1771    25.9999    313.846    297.027  352.89069     88.936     84.179     0.1123     0.3260     3.2955     1.4309 1.0000e-12       3639     2.5264  0.000e+00
     36.715   72.20682 -166.95568     37.099     0.2352     0.2360     0.2339    32.4043    32.4170  1026.1771    26.0000    313.736    296.996  352.88883     88.905     84.172     0.1123     0.3260     3.2967     1.4294 1.0000e-12       3640     2.5271  0.000e+00
     36.761   72.20682 -166.95568     37.145     0.2353     0.2364     0.2341    32.4039    32.4169  1026.1771    25.9997    313.759    296.968  352.88830     88.912     84.164     0.1136     0.3333     3.2955     1.4309 8.4714e-06       3641     2.5278  0.000e+00
     36.769   72.20682 -166.95568     37.153     0.2354     0.2364     0.2342    32.4038    32.4171  1026.1770    25.9995    313.780    296.970  352.88772     88.918     84.165     0.1123     0.3260     3.2967     1.4294 1.0000e-12       3642     2.5285  0.000e+00
     36.715   72.20682 -166.95568     37.099     0.2356     0.2365     0.2344    32.4038    32.4166  1026.1767    25.9996    313.753    296.971  352.88601     88.910     84.165     0.1136     0.3333     3.2967     1.4294 8.4714e-06       3643     2.5292  0.000e+00
     36.761   72.20682 -166.95568     37.145     0.2356     0.2364     0.2344    32.4041    32.4163  1026.1771    25.9998    313.774    296.951  352.88539     88.917     84.159     0.1123     0.3260     3.2955     1.4309 8.4714e-06       3644     2.5299  0.000e+00
     36.715   72.20682 -166.95568     37.099     0.2358     0.2366     0.2345    32.4038    32.4167  1026.1767    25.9995    313.746    296.951  352.88460     88.909     84.160     0.1136     0.3333     3.2967     1.4294 1.0000e-12       3645     2.5306  0.000e+00
     36.769   72.20682 -166.95568     37.153     0.2359     0.2370     0.2347    32.4040    32.4170  1026.1771    25.9997    313.809    297.140  352.88248     88.927     84.215     0.1123     0.3260     3.2967     1.4294 8.4714e-06       3646     2.5313  0.000e+00
     36.700   72.20682 -166.95568     37.083     0.2358     0.2372     0.2345    32.4041    32.4171  1026.1769    25.9998    313.827    296.924  352.88378     88.932     84.154     0.1136     0.3333     3.2955     1.4309 1.0000e-12       3647     2.5319  0.000e+00
     36.715   72.20682 -166.95568     37.098     0.2362     0.2375     0.2350    32.4035    32.4165  1026.1765    25.9993    313.468    296.928  352.88121     88.831     84.155     0.1123     0.3260     3.2967     1.4294 1.0000e-12       3648     2.5326  0.000e+00
     36.715   72.20682 -166.95568     37.098     0.2359     0.2375     0.2347    32.4042    32.4167  1026.1770    25.9999    313.442    296.934  352.88183     88.823     84.157     0.1123     0.3260     3.2967     1.4294 1.0000e-12       3649     2.5333  0.000e+00
     36.761   72.20682 -166.95568     37.145     0.2362     0.2372     0.2350    32.4036    32.4166  1026.1768    25.9994    313.417    296.916  352.88094     88.817     84.151     0.1136     0.3333     3.2955     1.4309 1.0000e-12       3650     2.5340  0.000e+00
     36.715   72.20682 -166.95568     37.098     0.2361     0.2366     0.2348    32.4039    32.4170  1026.1768    25.9996    313.393    296.896  352.88169     88.810     84.145     0.1123     0.3260     3.2955     1.4309 1.0000e-12       3651     2.5347  0.000e+00
     36.769   72.20682 -166.95568     37.153     0.2361     0.2365     0.2348    32.4035    32.4168  1026.1767    25.9993    313.374    296.906  352.88270     88.804     84.147     0.1123     0.3260     3.2967     1.4294 1.0000e-12       3652     2.5354  0.000e+00
     36.699   72.20682 -166.95568     37.083     0.2362     0.2365     0.2350    32.4037    32.4166  1026.1765    25.9994    313.305    296.883  352.88084     88.785     84.140     0.1111     0.3187     3.2979     1.4279 1.0000e-12       3653     2.5361  0.000e+00
     36.715   72.20682 -166.95568     37.098     0.2362     0.2368     0.2350    32.4036    32.4166  1026.1765    25.9993    313.286    297.075  352.88109     88.779     84.196     0.1123     0.3260     3.2979     1.4279 1.0000e-12       3654     2.5368  0.000e+00
     36.715   72.20682 -166.95568     37.098     0.2362     0.2369     0.2350    32.4033    32.4172  1026.1763    25.9991    313.268    296.893  352.88178     88.774     84.144     0.1111     0.3187     3.2991     1.4264 1.0000e-12       3655     2.5375  0.000e+00
     36.761   72.20682 -166.95568     37.145     0.2364     0.2372     0.2352    32.4032    32.4169  1026.1764    25.9991    313.253    296.902  352.88045     88.770     84.147     0.1111     0.3187     3.2979     1.4279 1.0000e-12       3656     2.5382  0.000e+00
     36.715   72.20682 -166.95568     37.098     0.2364     0.2370     0.2352    32.4038    32.4170  1026.1766    25.9995    313.235    296.910  352.87900     88.766     84.149     0.1123     0.3260     3.2991     1.4264 1.0000e-12       3657     2.5389  0.000e+00
     36.715   72.20682 -166.95568     37.098     0.2364     0.2370     0.2352    32.4035    32.4165  1026.1764    25.9992    313.223    296.922  352.87981     88.762     84.152     0.1111     0.3187     3.2979     1.4279 1.0000e-12       3658     2.5396  0.000e+00
     36.761   72.20682 -166.95568     37.145     0.2364     0.2372     0.2352    32.4036    32.4163  1026.1767    25.9993    313.214    296.934  352.87954     88.759     84.156     0.1123     0.3260     3.2991     1.4264 1.0000e-12       3659     2.5403  0.000e+00
     36.715   72.20682 -166.95568     37.098     0.2362     0.2368     0.2350    32.4036    32.4170  1026.1765    25.9994    313.205    296.947  352.88098     88.756     84.159     0.1111     0.3187     3.2979     1.4279 8.4714e-06       3660     2.5410  0.000e+00
     36.715   72.20682 -166.95568     37.098     0.2364     0.2370     0.2352    32.4036    32.4164  1026.1765    25.9993    313.151    296.960  352.87958     88.742     84.163     0.1123     0.3260     3.2979     1.4279 1.0000e-12       3661     2.5417  0.000e+00
     36.699   72.20682 -166.95568     37.083     0.2362     0.2370     0.2350    32.4034    32.4165  1026.1763    25.9992    313.145    296.975  352.88153     88.739     84.167     0.1111     0.3187     3.2979     1.4279 1.0000e-12       3662     2.5424  0.000e+00
     36.769   72.20682 -166.95568     37.153     0.2362     0.2372     0.2350    32.4032    32.4167  1026.1765    25.9991    313.143    296.992  352.88198     88.739     84.173     0.1123     0.3260     3.2979     1.4279 1.0000e-12       3663     2.5431  0.000e+00
     36.715   72.20682 -166.95568     37.098     0.2366     0.2373     0.2353    32.4033    32.4169  1026.1762    25.9991    313.089    296.977  352.87875     88.724     84.169     0.1099     0.3113     3.2979     1.4279 1.0000e-12       3664     2.5438  0.000e+00
     36.761   72.20682 -166.95568     37.145     0.2364     0.2374     0.2352    32.4036    32.4168  1026.1767    25.9994    313.088    296.751  352.87942     88.724     84.105     0.1111     0.3187     3.2979     1.4279 1.0000e-12       3665     2.5444  0.000e+00
     36.715   72.20682 -166.95568     37.098     0.2362     0.2373     0.2350    32.4034    32.4167  1026.1763    25.9992    313.086    296.712  352.88155     88.723     84.094     0.1123     0.3260     3.2979     1.4279 8.4714e-06       3666     2.5451  0.000e+00
     36.769   72.20682 -166.95568     37.153     0.2364     0.2375     0.2352    32.4032    32.4164  1026.1765    25.9991    313.042    296.920  352.88046     88.711     84.153     0.1111     0.3187     3.2979     1.4279 1.0000e-12       3667     2.5458  0.000e+00
     36.699   72.20682 -166.95568     37.083     0.2366     0.2376     0.2353    32.4030    32.4165  1026.1759    25.9988    313.038    296.722  352.87964     88.710     84.097     0.1123     0.3260     3.2979     1.4279 8.4714e-06       3668     2.5465  0.000e+00
     36.769   72.20682 -166.95568     37.153     0.2361     0.2372     0.2349    32.4035    32.4174  1026.1767    25.9993    313.046    296.722  352.88223     88.711     84.097     0.1111     0.3187     3.2979     1.4279 1.0000e-12       3669     2.5472  0.000e+00
     36.769   72.20682 -166.95568     37.153     0.2364     0.2373     0.2352    32.4031    32.4170  1026.1764    25.9990    313.003    296.934  352.88081     88.699     84.157     0.1123     0.3260     3.2979     1.4279 1.0000e-12       3670     2.5479  0.000e+00
     36.761   72.20682 -166.95568     37.145     0.2362     0.2372     0.2350    32.4035    32.4169  1026.1767    25.9993    313.007    296.933  352.88128     88.700     84.156     0.1111     0.3187     3.2979     1.4279 1.0000e-12       3671     2.5486  0.000e+00
     36.714   72.20682 -166.95568     37.098     0.2362     0.2372     0.2350    32.4031    32.4163  1026.1761    25.9990    313.011    296.930  352.88235     88.701     84.155     0.1123     0.3260     3.2991     1.4264 1.0000e-12       3672     2.5493  0.000e+00
     36.768   72.20682 -166.95570     37.153     0.2362     0.2370     0.2350    32.4029    32.4165  1026.1762    25.9988    312.976    296.745  352.88278     88.691     84.102     0.1111     0.3187     3.3016     1.4235 1.0000e-12       3673     2.5500  0.000e+00
     36.761   72.20682 -166.95570     37.145     0.2362     0.2367     0.2350    32.4030    32.4167  1026.1762    25.9988    312.983    296.719  352.88277     88.693     84.094     0.1123     0.3260     3.3028     1.4220 8.4714e-06       3674     2.5507  0.000e+00
     36.768   72.20682 -166.95570     37.153     0.2362     0.2366     0.2350    32.4029    32.4164  1026.1762    25.9988    312.947    296.694  352.88278     88.683     84.087     0.1123     0.3260     3.3028     1.4220 1.0000e-12       3675     2.5514  0.000e+00
     36.768   72.20682 -166.95570     37.152     0.2361     0.2364     0.2349    32.4033    32.4163  1026.1765    25.9991    312.956    296.671  352.88292     88.686     84.080     0.1111     0.3187     3.3028     1.4220 1.0000e-12       3676     2.5521  0.000e+00
     36.761   72.20682 -166.95570     37.145     0.2359     0.2367     0.2347    32.4035    32.4159  1026.1767    25.9993    312.968    296.644  352.88373     88.689     84.073     0.1123     0.3260     3.3028     1.4220 1.0000e-12       3677     2.5528  0.000e+00
     36.830   72.20682 -166.95570     37.215     0.2361     0.2363     0.2348    32.4031    32.4166  1026.1767    25.9990    312.983    296.626  352.88383     88.693     84.067     0.1111     0.3187     3.3028     1.4220 1.0000e-12       3678     2.5535  0.000e+00
     36.768   72.20682 -166.95570     37.152     0.2361     0.2365     0.2349    32.4031    32.4164  1026.1763    25.9989    312.950    296.628  352.88349     88.684     84.068     0.1123     0.3260     3.3028     1.4220 1.0000e-12       3679     2.5542  0.000e+00
     36.815   72.20682 -166.95570     37.199     0.2361     0.2367     0.2348    32.4028    32.4166  1026.1764    25.9988    312.967    296.637  352.88460     88.688     84.071     0.1123     0.3260     3.3028     1.4220 1.0000e-12       3680     2.5549  0.000e+00
     36.768   72.20682 -166.95570     37.152     0.2361     0.2370     0.2348    32.4032    32.4164  1026.1765    25.9991    312.980    296.616  352.88350     88.692     84.066     0.1111     0.3187     3.3016     1.4235 1.0000e-12       3681     2.5556  0.000e+00
     36.830   72.20682 -166.95570     37.215     0.2361     0.2370     0.2349    32.4033    32.4162  1026.1769    25.9991    313.000    296.602  352.88279     88.698     84.062     0.1111     0.3187     3.3016     1.4235 8.4714e-06       3682     2.5562  0.000e+00
     36.815   72.20682 -166.95570     37.199     0.2361     0.2370     0.2348    32.4029    32.4163  1026.1765    25.9988    313.021    296.616  352.88438     88.704     84.065     0.1123     0.3260     3.3016     1.4235 1.0000e-12       3683     2.5569  0.000e+00
