EcoFOCI/data/1_SampleCollection/2023_SikuliaqDBO_CruiseData/CTD_raw_BottleFile_SKQ23-12S/proc/skq202312s_047svpavg.cnv
* Sea-Bird SBE 9 Data File:
* FileName = D:\CTD\SKQ202312S\SKQ202312S_047.hex
* Software Version Seasave V 7.26.7.121
* Temperature SN = 6177
* Conductivity SN = 0369
* Number of Bytes Per Scan = 41
* Number of Voltage Words = 4
* Number of Scans Averaged by the Deck Unit = 1
* NMEA Latitude = 71 43.16 N
* NMEA Longitude = 161 46.33 W
* NMEA UTC (Time) = Sep 25 2023  03:05:57
* NMEA baud rate = 4800
** Ship: R/V Sikuliaq
** Station Number: 047
** Station Name: DBO4.5n
** Bottom Depth: 44
** Operator: SS
# nquan = 7
# nvalues = 36                          
# units = specified
# name 0 = depSM: Depth [salt water, m]
# name 1 = latitude: Latitude [deg]
# name 2 = longitude: Longitude [deg]
# name 3 = t090C: Temperature [ITS-90, deg C]
# name 4 = sal00: Salinity, Practical [PSU]
# name 5 = svCM: Sound Velocity [Chen-Millero, m/s]
# name 6 = flag: flag
# span 0 =      3.000,     38.000       
# span 1 =   71.71928,   71.71930       
# span 2 = -161.77234, -161.77228       
# span 3 =    -0.7131,     2.2914       
# span 4 =    27.6284,    32.6533       
# span 5 =    1443.00,    1450.93       
# span 6 = 0.0000e+00, 0.0000e+00       
# interval = meters: 1                  
# start_time = Sep 25 2023 03:09:44 [NMEA time, first data scan]
# bad_flag = -9.990e-29
*END*
      3.000   71.71930 -161.77228     1.8815    27.6314    1447.96 0.0000e+00
      4.000   71.71930 -161.77230     1.8921    27.6309    1448.02 0.0000e+00
      5.000   71.71930 -161.77230     1.9026    27.6344    1448.09 0.0000e+00
      6.000   71.71930 -161.77230     1.9522    27.6310    1448.32 0.0000e+00
      7.000   71.71930 -161.77230     1.8488    27.6284    1447.87 0.0000e+00
      8.000   71.71930 -161.77231     1.8264    27.6331    1447.80 0.0000e+00
      9.000   71.71930 -161.77232     1.8489    27.6748    1447.97 0.0000e+00
     10.000   71.71930 -161.77232     2.2572    27.9977    1450.22 0.0000e+00
     11.000   71.71930 -161.77232     2.2914    28.0379    1450.44 0.0000e+00
     12.000   71.71930 -161.77232     2.1117    28.4689    1450.23 0.0000e+00
     13.000   71.71930 -161.77232     1.6832    30.4455    1450.93 0.0000e+00
     14.000   71.71930 -161.77232     1.4412    30.6270    1450.10 0.0000e+00
     15.000   71.71930 -161.77232     0.9078    30.9180    1448.09 0.0000e+00
     16.000   71.71930 -161.77232     0.3167    31.3365    1445.96 0.0000e+00
     17.000   71.71930 -161.77232    -0.1670    31.8494    1444.43 0.0000e+00
     18.000   71.71930 -161.77232    -0.5909    32.2936    1443.06 0.0000e+00
     19.000   71.71930 -161.77232    -0.6041    32.5269    1443.33 0.0000e+00
     20.000   71.71930 -161.77232    -0.6149    32.6007    1443.39 0.0000e+00
     21.000   71.71930 -161.77232    -0.7131    32.6377    1443.00 0.0000e+00
     22.000   71.71930 -161.77232    -0.6548    32.6497    1443.31 0.0000e+00
     23.000   71.71930 -161.77232    -0.6178    32.6521    1443.50 0.0000e+00
     24.000   71.71930 -161.77232    -0.6096    32.6521    1443.55 0.0000e+00
     25.000   71.71930 -161.77232    -0.6204    32.6533    1443.52 0.0000e+00
     26.000   71.71930 -161.77232    -0.6278    32.6532    1443.50 0.0000e+00
     27.000   71.71930 -161.77232    -0.6337    32.6529    1443.49 0.0000e+00
     28.000   71.71930 -161.77232    -0.6368    32.6526    1443.49 0.0000e+00
     29.000   71.71930 -161.77232    -0.6382    32.6518    1443.50 0.0000e+00
     30.000   71.71930 -161.77232    -0.6391    32.6513    1443.51 0.0000e+00
     31.000   71.71928 -161.77232    -0.6438    32.6512    1443.51 0.0000e+00
     32.000   71.71929 -161.77232    -0.6469    32.6505    1443.51 0.0000e+00
     33.000   71.71928 -161.77232    -0.6548    32.6507    1443.49 0.0000e+00
     34.000   71.71928 -161.77233    -0.6224    32.6368    1443.64 0.0000e+00
     35.000   71.71928 -161.77234    -0.6441    32.6460    1443.56 0.0000e+00
     36.000   71.71928 -161.77234    -0.6566    32.6486    1443.52 0.0000e+00
     37.000   71.71928 -161.77234    -0.6677    32.6498    1443.49 0.0000e+00
     38.000   71.71928 -161.77234    -0.6697    32.6492    1443.50 0.0000e+00
