EcoFOCI/data/1_SampleCollection/2023_SikuliaqDBO_CruiseData/CTD_raw_BottleFile_SKQ23-12S/proc/skq202312s_033.ros
* Sea-Bird SBE 9 Data File:
* FileName = D:\CTD\SKQ202312S\SKQ202312S_033.hex
* Software Version Seasave V 7.26.7.121
* Temperature SN = 6177
* Conductivity SN = 0369
* Number of Bytes Per Scan = 41
* Number of Voltage Words = 4
* Number of Scans Averaged by the Deck Unit = 1
* NMEA Latitude = 71 34.65 N
* NMEA Longitude = 157 50.24 W
* NMEA UTC (Time) = Sep 21 2023  14:22:10
* NMEA baud rate = 4800
** Ship: R/V Sikuliaq
** Station Number: 033
** Station Name: DBO5.9
** Bottom Depth: 66
** Operator: SD
# nquan = 22
# nvalues = 1029                                  
# units = specified
# name 0 = depSM: Depth [salt water, m]
# name 1 = latitude: Latitude [deg]
# name 2 = longitude: Longitude [deg]
# name 3 = prDM: Pressure, Digiquartz [db]
# name 4 = t090C: Temperature [ITS-90, deg C]
# name 5 = t190C: Temperature, 2 [ITS-90, deg C]
# name 6 = potemp090C: Potential Temperature [ITS-90, deg C]
# name 7 = sal00: Salinity, Practical [PSU]
# name 8 = sal11: Salinity, Practical, 2 [PSU]
# name 9 = density00: Density [density, kg/m^3]
# name 10 = sigma-é00: Density [sigma-theta, kg/m^3]
# name 11 = sbox0Mm/Kg: Oxygen, SBE 43 [umol/kg]
# name 12 = sbox1Mm/Kg: Oxygen, SBE 43, 2 [umol/kg]
# name 13 = oxsolMm/Kg: Oxygen Saturation, Garcia & Gordon [umol/kg]
# name 14 = sbeox0PS: Oxygen, SBE 43 [% saturation]
# name 15 = v0: Voltage 0
# name 16 = flECO-AFL: Fluorescence, WET Labs ECO-AFL/FL [mg/m^3]
# name 17 = CStarAt0: Beam Attenuation, WET Labs C-Star [1/m]
# name 18 = par: PAR/Irradiance, Biospherical/Licor
# name 19 = scan: Scan Count
# name 20 = nbf: Bottles Fired
# name 21 = flag:  0.000e+00
# interval = seconds: 0.0416667
# start_time = Sep 21 2023 14:28:00 [NMEA time, first data scan]
# bad_flag = -9.990e-29
*END*
[from data line 527]
     21.133   71.57738 -157.83810     21.352    -1.2960    -1.3021    -1.2964    32.2528    32.2649  1026.0387    25.9357    339.105    324.494  367.92095     92.168     0.0855     0.1648     0.4988 8.4714e-06      22306         11  0.000e+00
     21.171   71.57738 -157.83810     21.391    -1.2978    -1.3039    -1.2982    32.2535    32.2662  1026.0395    25.9363    339.226    324.533  367.93715     92.197     0.0867     0.1721     0.4988 8.4714e-06      22307         11  0.000e+00
     21.171   71.57738 -157.83810     21.391    -1.2998    -1.3043    -1.3003    32.2550    32.2667  1026.0407    25.9375    339.494    324.552  367.95282     92.266     0.0879     0.1795     0.4988 8.4714e-06      22308         11  0.000e+00
     21.225   71.57738 -157.83810     21.445    -1.3000    -1.3042    -1.3004    32.2559    32.2673  1026.0418    25.9383    339.576    324.560  367.95109     92.288     0.0867     0.1721     0.4988 1.0000e-12      22309         11  0.000e+00
     21.194   71.57738 -157.83810     21.414    -1.2990    -1.3042    -1.2995    32.2558    32.2678  1026.0415    25.9382    339.585    324.560  367.94248     92.293     0.0879     0.1795     0.4988 1.0000e-12      22310         11  0.000e+00
     21.225   71.57738 -157.83810     21.445    -1.2985    -1.3042    -1.2989    32.2553    32.2680  1026.0412    25.9378    339.333    324.557  367.93816     92.226     0.0879     0.1795     0.4988 8.4714e-06      22311         11  0.000e+00
     21.225   71.57738 -157.83810     21.446    -1.2985    -1.3047    -1.2989    32.2557    32.2688  1026.0416    25.9381    339.588    324.550  367.93692     92.295     0.0891     0.1868     0.4988 8.4714e-06      22312         11  0.000e+00
     21.249   71.57738 -157.83810     21.469    -1.2978    -1.3050    -1.2982    32.2556    32.2693  1026.0416    25.9380    339.621    324.535  367.93109     92.306     0.0891     0.1868     0.4988 8.4714e-06      22313         11  0.000e+00
     21.225   71.57738 -157.83810     21.446    -1.2969    -1.3042    -1.2973    32.2557    32.2693  1026.0415    25.9380    339.639    324.535  367.92187     92.313     0.0891     0.1868     0.4988 1.0000e-12      22314         11  0.000e+00
     21.287   71.57738 -157.83810     21.508    -1.2960    -1.3021    -1.2964    32.2557    32.2687  1026.0418    25.9380    339.906    324.522  367.91255     92.388     0.0904     0.1941     0.4976 8.4714e-06      22315         11  0.000e+00
     21.249   71.57738 -157.83810     21.469    -1.2951    -1.2986    -1.2955    32.2560    32.2676  1026.0418    25.9382    339.742    324.486  367.90282     92.346     0.0891     0.1868     0.4976 8.4714e-06      22316         11  0.000e+00
     21.287   71.57738 -157.83810     21.508    -1.2944    -1.2940    -1.2949    32.2568    32.2656  1026.0427    25.9389    339.733    324.439  367.89404     92.345     0.0891     0.1868     0.4976 8.4714e-06      22317         11  0.000e+00
     20.141   71.57738 -157.83808     20.350    -1.2180    -1.2145    -1.2184    32.2350    32.2479  1026.0172    25.9191    335.982    322.561  367.20256     91.498     0.0952     0.2234     0.5035 8.4714e-06      22456         12  0.000e+00
     20.280   71.57738 -157.83808     20.490    -1.2192    -1.2140    -1.2196    32.2350    32.2468  1026.0179    25.9191    336.079    322.840  367.21449     91.521     0.0940     0.2161     0.5023 8.4714e-06      22457         12  0.000e+00
     20.257   71.57738 -157.83808     20.467    -1.2210    -1.2145    -1.2214    32.2361    32.2462  1026.0187    25.9200    336.125    322.892  367.22952     91.530     0.0940     0.2161     0.5023 1.0000e-12      22458         12  0.000e+00
     20.195   71.57738 -157.83808     20.404    -1.2224    -1.2164    -1.2229    32.2370    32.2472  1026.0192    25.9208    336.420    322.980  367.24091     91.608     0.0940     0.2161     0.5023 1.0000e-12      22459         12  0.000e+00
     20.226   71.57738 -157.83808     20.436    -1.2235    -1.2173    -1.2239    32.2373    32.2471  1026.0197    25.9211    336.508    323.029  367.25014     91.629     0.0940     0.2161     0.5023 1.0000e-12      22460         12  0.000e+00
     20.195   71.57738 -157.83808     20.404    -1.2244    -1.2162    -1.2248    32.2383    32.2454  1026.0203    25.9219    336.538    323.057  367.25639     91.636     0.0952     0.2234     0.5023 1.0000e-12      22461         12  0.000e+00
     20.195   71.57738 -157.83808     20.405    -1.2247    -1.2168    -1.2251    32.2387    32.2456  1026.0207    25.9222    336.610    323.094  367.25807     91.655     0.0940     0.2161     0.5035 1.0000e-12      22462         12  0.000e+00
     20.195   71.57738 -157.83808     20.405    -1.2245    -1.2182    -1.2249    32.2387    32.2458  1026.0207    25.9223    336.677    323.361  367.25617     91.674     0.0940     0.2161     0.5023 1.0000e-12      22463         12  0.000e+00
     20.226   71.57738 -157.83808     20.436    -1.2249    -1.2203    -1.2253    32.2391    32.2473  1026.0212    25.9226    336.747    323.433  367.25842     91.692     0.0940     0.2161     0.5023 8.4714e-06      22464         12  0.000e+00
     20.257   71.57738 -157.83808     20.467    -1.2245    -1.2229    -1.2249    32.2388    32.2487  1026.0210    25.9223    336.810    323.505  367.25616     91.710     0.0940     0.2161     0.5023 8.4714e-06      22465         12  0.000e+00
     20.195   71.57738 -157.83808     20.405    -1.2242    -1.2243    -1.2246    32.2385    32.2493  1026.0205    25.9221    336.867    323.558  367.25412     91.726     0.0928     0.2088     0.5023 1.0000e-12      22466         12  0.000e+00
     20.226   71.57738 -157.83808     20.436    -1.2241    -1.2250    -1.2245    32.2386    32.2498  1026.0207    25.9221    336.927    323.604  367.25278     91.743     0.0940     0.2161     0.5035 8.4714e-06      22467         12  0.000e+00
     20.195   71.57738 -157.83808     20.405    -1.2241    -1.2255    -1.2245    32.2388    32.2498  1026.0207    25.9223    337.239    323.866  367.25148     91.828     0.0928     0.2088     0.5023 1.0000e-12      22468         12  0.000e+00
     20.257   71.57738 -157.83808     20.467    -1.2239    -1.2258    -1.2244    32.2387    32.2497  1026.0209    25.9222    337.037    323.670  367.25069     91.773     0.0940     0.2161     0.5023 1.0000e-12      22469         12  0.000e+00
     20.195   71.57738 -157.83808     20.405    -1.2235    -1.2261    -1.2239    32.2384    32.2509  1026.0204    25.9220    337.286    323.687  367.24688     91.842     0.0940     0.2161     0.5023 1.0000e-12      22470         12  0.000e+00
     20.226   71.57738 -157.83808     20.436    -1.2235    -1.2250    -1.2239    32.2381    32.2515  1026.0203    25.9218    337.586    323.917  367.24780     91.923     0.0940     0.2161     0.5023 1.0000e-12      22471         12  0.000e+00
     20.195   71.57738 -157.83808     20.405    -1.2236    -1.2235    -1.2240    32.2385    32.2507  1026.0205    25.9221    337.156    323.941  367.24777     91.806     0.0940     0.2161     0.5023 1.0000e-12      22472         12  0.000e+00
     20.257   71.57738 -157.83808     20.467    -1.2236    -1.2223    -1.2240    32.2386    32.2505  1026.0209    25.9222    337.396    323.965  367.24751     91.871     0.0940     0.2161     0.5023 1.0000e-12      22473         12  0.000e+00
     20.257   71.57738 -157.83808     20.467    -1.2238    -1.2197    -1.2242    32.2388    32.2481  1026.0210    25.9223    337.677    324.197  367.24867     91.948     0.0940     0.2161     0.5023 1.0000e-12      22474         12  0.000e+00
     20.165   71.57738 -157.83808     20.374    -1.2238    -1.2185    -1.2242    32.2389    32.2474  1026.0207    25.9224    337.532    323.778  367.24889     91.908     0.0940     0.2161     0.5023 8.4714e-06      22475         12  0.000e+00
     20.257   71.57738 -157.83808     20.467    -1.2236    -1.2184    -1.2240    32.2390    32.2479  1026.0212    25.9225    337.545    323.988  367.24628     91.913     0.0940     0.2161     0.5011 8.4714e-06      22476         12  0.000e+00
     20.195   71.57738 -157.83808     20.405    -1.2236    -1.2177    -1.2240    32.2390    32.2484  1026.0209    25.9225    337.854    324.211  367.24642     91.997     0.0940     0.2161     0.4988 1.0000e-12      22477         12  0.000e+00
     20.280   71.57738 -157.83808     20.491    -1.2235    -1.2169    -1.2239    32.2397    32.2491  1026.0218    25.9230    337.954    324.234  367.24332     92.024     0.0940     0.2161     0.4988 1.0000e-12      22478         12  0.000e+00
     20.195   71.57738 -157.83808     20.405    -1.2231    -1.2162    -1.2235    32.2388    32.2491  1026.0207    25.9223    338.041    324.019  367.24259     92.048     0.0952     0.2234     0.5000 1.0000e-12      22479         12  0.000e+00
     20.257   71.57738 -157.83808     20.467    -1.2228    -1.2153    -1.2233    32.2385    32.2484  1026.0208    25.9221    338.078    323.772  367.24039     92.059     0.0940     0.2161     0.4988 1.0000e-12      22480         12  0.000e+00
     20.195   71.57738 -157.83808     20.405    -1.2226    -1.2145    -1.2230    32.2386    32.2477  1026.0205    25.9221    338.355    323.938  367.23737     92.135     0.0940     0.2161     0.5000 8.4714e-06      22481         12  0.000e+00
     20.280   71.57738 -157.83808     20.491    -1.2228    -1.2133    -1.2233    32.2387    32.2470  1026.0210    25.9222    338.173    324.130  367.23994     92.085     0.0928     0.2088     0.4988 1.0000e-12      22482         12  0.000e+00
     20.196   71.57738 -157.83808     20.405    -1.2229    -1.2121    -1.2233    32.2390    32.2463  1026.0209    25.9225    338.434    324.112  367.23956     92.156     0.0940     0.2161     0.4988 8.4714e-06      22483         12  0.000e+00
     20.257   71.57738 -157.83808     20.467    -1.2226    -1.2112    -1.2230    32.2393    32.2464  1026.0214    25.9227    338.531    324.126  367.23538     92.184     0.0952     0.2234     0.5000 8.4714e-06      22484         12  0.000e+00
     20.226   71.57738 -157.83808     20.436    -1.2226    -1.2105    -1.2230    32.2393    32.2462  1026.0213    25.9227    338.570    324.131  367.23532     92.194     0.0940     0.2161     0.5000 1.0000e-12      22485         12  0.000e+00
     20.257   71.57738 -157.83808     20.467    -1.2226    -1.2101    -1.2230    32.2393    32.2461  1026.0214    25.9227    338.601    324.137  367.23550     92.203     0.0952     0.2234     0.4988 8.4714e-06      22486         12  0.000e+00
     20.257   71.57738 -157.83808     20.467    -1.2222    -1.2099    -1.2226    32.2393    32.2461  1026.0214    25.9227    338.618    324.137  367.23207     92.208     0.0940     0.2161     0.4988 1.0000e-12      22487         12  0.000e+00
     20.257   71.57738 -157.83808     20.467    -1.2219    -1.2101    -1.2223    32.2387    32.2465  1026.0209    25.9222    338.626    324.133  367.23088     92.211     0.0952     0.2234     0.5000 1.0000e-12      22488         12  0.000e+00
     20.226   71.57738 -157.83808     20.436    -1.2218    -1.2097    -1.2222    32.2382    32.2464  1026.0203    25.9217    339.186    324.568  367.23078     92.363     0.0965     0.2308     0.5000 1.0000e-12      22489         12  0.000e+00
     20.257   71.57738 -157.83808     20.467    -1.2224    -1.2097    -1.2228    32.2383    32.2469  1026.0206    25.9219    338.817    324.383  367.23644     92.261     0.1001     0.2527     0.5000 1.0000e-12      22490         12  0.000e+00
     20.257   71.57738 -157.83808     20.467    -1.2226    -1.2089    -1.2230    32.2381    32.2464  1026.0205    25.9218    339.105    324.186  367.23871     92.339     0.1013     0.2601     0.5000 1.0000e-12      22491         12  0.000e+00
     20.311   71.57738 -157.83808     20.522    -1.2228    -1.2090    -1.2233    32.2384    32.2467  1026.0209    25.9219    338.923    324.381  367.24086     92.289     0.1001     0.2527     0.5000 1.0000e-12      22492         12  0.000e+00
     20.227   71.57738 -157.83808     20.436    -1.2231    -1.2089    -1.2235    32.2383    32.2462  1026.0205    25.9219    339.139    324.367  367.24388     92.347     0.1013     0.2601     0.5000 8.4714e-06      22493         12  0.000e+00
     20.257   71.57738 -157.83808     20.468    -1.2233    -1.2089    -1.2237    32.2381    32.2465  1026.0204    25.9217    339.191    324.576  367.24620     92.361     0.1001     0.2527     0.4988 1.0000e-12      22494         12  0.000e+00
     20.257   71.57738 -157.83808     20.468    -1.2235    -1.2086    -1.2239    32.2380    32.2468  1026.0204    25.9217    339.232    324.349  367.24810     92.371     0.1013     0.2601     0.5000 8.4714e-06      22495         12  0.000e+00
     20.281   71.57738 -157.83808     20.491    -1.2236    -1.2081    -1.2240    32.2376    32.2462  1026.0201    25.9213    339.263    324.571  367.25051     92.379     0.0989     0.2454     0.5000 8.4714e-06      22496         12  0.000e+00
     20.257   71.57738 -157.83808     20.468    -1.2235    -1.2079    -1.2239    32.2373    32.2461  1026.0198    25.9211    339.280    324.588  367.25007     92.384     0.1001     0.2527     0.4988 1.0000e-12      22497         12  0.000e+00
     20.311   71.57738 -157.83808     20.522    -1.2242    -1.2079    -1.2246    32.2377    32.2461  1026.0204    25.9215    339.553    324.603  367.25630     92.457     0.1013     0.2601     0.4988 8.4714e-06      22498         12  0.000e+00
     20.258   71.57738 -157.83808     20.468    -1.2253    -1.2079    -1.2257    32.2381    32.2462  1026.0205    25.9218    339.350    324.606  367.26589     92.399     0.1001     0.2527     0.4988 8.4714e-06      22499         12  0.000e+00
     20.335   71.57738 -157.83808     20.546    -1.2261    -1.2075    -1.2265    32.2382    32.2460  1026.0210    25.9219    339.347    324.604  367.27289     92.396     0.1001     0.2527     0.4988 1.0000e-12      22500         12  0.000e+00
     20.258   71.57738 -157.83808     20.468    -1.2276    -1.2079    -1.2280    32.2389    32.2466  1026.0212    25.9225    339.435    324.592  367.28615     92.417     0.1001     0.2527     0.4988 8.4714e-06      22501         12  0.000e+00
     20.312   71.57738 -157.83808     20.522    -1.2294    -1.2081    -1.2299    32.2390    32.2463  1026.0217    25.9227    339.682    324.580  367.30391     92.480     0.1001     0.2527     0.4988 1.0000e-12      22502         12  0.000e+00
     20.281   71.57738 -157.83808     20.491    -1.2315    -1.2086    -1.2319    32.2393    32.2458  1026.0217    25.9229    339.708    324.558  367.32306     92.482     0.1001     0.2527     0.4988 8.4714e-06      22503         12  0.000e+00
     20.312   71.57738 -157.83808     20.522    -1.2337    -1.2096    -1.2342    32.2406    32.2451  1026.0230    25.9240    339.724    324.796  367.34190     92.482     0.1001     0.2527     0.4988 1.0000e-12      22504         12  0.000e+00
     20.946   71.57738 -157.83808     21.163    -1.2535    -1.2340    -1.2539    32.2424    32.2502  1026.0281    25.9261    338.639    326.999  367.53122     92.139     0.0940     0.2161     0.5000 1.0000e-12      22605         13  0.000e+00
     20.892   71.57738 -157.83808     21.109    -1.2541    -1.2338    -1.2545    32.2432    32.2491  1026.0285    25.9267    338.677    326.754  367.53513     92.148     0.0952     0.2234     0.5000 8.4714e-06      22606         13  0.000e+00
     20.892   71.57738 -157.83808     21.109    -1.2548    -1.2343    -1.2553    32.2442    32.2486  1026.0294    25.9275    338.670    326.740  367.53967     92.145     0.0940     0.2161     0.5000 1.0000e-12      22607         13  0.000e+00
     20.915   71.57738 -157.83808     21.132    -1.2551    -1.2344    -1.2556    32.2444    32.2496  1026.0296    25.9277    338.662    326.682  367.54189     92.142     0.0952     0.2234     0.5000 1.0000e-12      22608         13  0.000e+00
