EcoFOCI/data/1_SampleCollection/2023_SikuliaqDBO_CruiseData/CTD_raw_BottleFile_SKQ23-12S/proc/skq202312s_073.ros
* Sea-Bird SBE 9 Data File:
* FileName = D:\CTD\SKQ202312S\SKQ202312S_073.hex
* Software Version Seasave V 7.26.7.121
* Temperature SN = 6177
* Conductivity SN = 0369
* Number of Bytes Per Scan = 41
* Number of Voltage Words = 4
* Number of Scans Averaged by the Deck Unit = 1
* NMEA Latitude = 67 54.34 N
* NMEA Longitude = 168 10.75 W
* NMEA UTC (Time) = Oct 01 2023  20:50:17
* NMEA baud rate = 4800
** Ship: R/V Sikuliaq
** Station Number: 073
** Station Name: C12
** Bottom Depth: 58
** Operator: SD
** Mooring C12
# nquan = 22
# nvalues = 147                                   
# units = specified
# name 0 = depSM: Depth [salt water, m]
# name 1 = latitude: Latitude [deg]
# name 2 = longitude: Longitude [deg]
# name 3 = prDM: Pressure, Digiquartz [db]
# name 4 = t090C: Temperature [ITS-90, deg C]
# name 5 = t190C: Temperature, 2 [ITS-90, deg C]
# name 6 = potemp090C: Potential Temperature [ITS-90, deg C]
# name 7 = sal00: Salinity, Practical [PSU]
# name 8 = sal11: Salinity, Practical, 2 [PSU]
# name 9 = density00: Density [density, kg/m^3]
# name 10 = sigma-é00: Density [sigma-theta, kg/m^3]
# name 11 = sbox0Mm/Kg: Oxygen, SBE 43 [umol/kg]
# name 12 = sbox1Mm/Kg: Oxygen, SBE 43, 2 [umol/kg]
# name 13 = oxsolMm/Kg: Oxygen Saturation, Garcia & Gordon [umol/kg]
# name 14 = sbeox0PS: Oxygen, SBE 43 [% saturation]
# name 15 = v0: Voltage 0
# name 16 = flECO-AFL: Fluorescence, WET Labs ECO-AFL/FL [mg/m^3]
# name 17 = CStarAt0: Beam Attenuation, WET Labs C-Star [1/m]
# name 18 = par: PAR/Irradiance, Biospherical/Licor
# name 19 = scan: Scan Count
# name 20 = nbf: Bottles Fired
# name 21 = flag:  0.000e+00
# interval = seconds: 0.0416667
# start_time = Oct 01 2023 20:53:49 [NMEA time, first data scan]
# bad_flag = -9.990e-29
*END*
[from data line 66]
     47.742   67.90516 -168.17918     48.230     2.9568     2.9574     2.9541    32.4281    32.4395  1026.0628    25.8363    209.438    198.117  329.26204     63.608     0.0794     0.1282     1.5528 5.7712e-02       6909          2  0.000e+00
     47.680   67.90516 -168.17918     48.167     2.9568     2.9573     2.9541    32.4278    32.4400  1026.0623    25.8361    209.431    198.126  329.26266     63.606     0.0794     0.1282     1.5543 5.9706e-02       6910          2  0.000e+00
     47.742   67.90516 -168.17918     48.230     2.9568     2.9572     2.9541    32.4277    32.4404  1026.0625    25.8360    209.864    198.118  329.26294     63.738     0.0794     0.1282     1.5528 5.9205e-02       6911          2  0.000e+00
     47.680   67.90516 -168.17918     48.167     2.9571     2.9570     2.9543    32.4271    32.4408  1026.0617    25.8355    209.486    198.107  329.26236     63.623     0.0794     0.1282     1.5543 5.5740e-02       6912          2  0.000e+00
     47.742   67.90516 -168.17918     48.230     2.9571     2.9570     2.9543    32.4271    32.4415  1026.0620    25.8355    209.479    198.099  329.26234     63.621     0.0794     0.1282     1.5543 5.3790e-02       6913          2  0.000e+00
     47.742   67.90516 -168.17918     48.230     2.9571     2.9572     2.9543    32.4270    32.4424  1026.0619    25.8354    209.689    198.089  329.26264     63.684     0.0806     0.1355     1.5543 5.3790e-02       6914          2  0.000e+00
     47.680   67.90516 -168.17918     48.167     2.9571     2.9568     2.9543    32.4270    32.4437  1026.0616    25.8354    209.494    198.104  329.26266     63.625     0.0806     0.1355     1.5543 5.8706e-02       6915          2  0.000e+00
     47.742   67.90516 -168.17918     48.230     2.9572     2.9568     2.9545    32.4265    32.4438  1026.0615    25.8350    209.485    198.321  329.26244     63.622     0.0806     0.1355     1.5543 6.1722e-02       6916          2  0.000e+00
     47.742   67.90516 -168.17918     48.230     2.9571     2.9568     2.9543    32.4266    32.4437  1026.0616    25.8351    209.475    198.340  329.26355     63.619     0.0794     0.1282     1.5543 6.2230e-02       6917          2  0.000e+00
     47.680   67.90516 -168.17918     48.167     2.9571     2.9568     2.9543    32.4262    32.4441  1026.0610    25.8348    209.501    198.161  329.26457     63.627     0.0806     0.1355     1.5543 6.1722e-02       6918          2  0.000e+00
     47.742   67.90516 -168.17918     48.230     2.9569     2.9567     2.9542    32.4259    32.4438  1026.0610    25.8345    209.495    198.185  329.26616     63.625     0.0806     0.1355     1.5543 6.0711e-02       6919          2  0.000e+00
     47.742   67.90516 -168.17918     48.230     2.9572     2.9568     2.9545    32.4256    32.4439  1026.0608    25.8343    209.485    198.207  329.26475     63.622     0.0806     0.1355     1.5543 6.0711e-02       6920          2  0.000e+00
     47.680   67.90516 -168.17918     48.167     2.9571     2.9567     2.9543    32.4255    32.4438  1026.0604    25.8343    209.475    198.231  329.26617     63.619     0.0806     0.1355     1.5543 6.1722e-02       6921          2  0.000e+00
     47.742   67.90516 -168.17918     48.230     2.9569     2.9567     2.9542    32.4258    32.4441  1026.0609    25.8344    209.469    198.259  329.26646     63.617     0.0806     0.1355     1.5543 6.2739e-02       6922          2  0.000e+00
     47.742   67.90516 -168.17918     48.230     2.9571     2.9567     2.9543    32.4255    32.4439  1026.0607    25.8342    209.460    198.288  329.26626     63.614     0.0806     0.1355     1.5543 6.2739e-02       6923          2  0.000e+00
     47.742   67.90516 -168.17918     48.230     2.9572     2.9565     2.9545    32.4249    32.4441  1026.0602    25.8337    209.451    198.295  329.26656     63.611     0.0794     0.1282     1.5543 6.0208e-02       6924          2  0.000e+00
     47.680   67.90516 -168.17918     48.167     2.9575     2.9566     2.9548    32.4247    32.4444  1026.0597    25.8335    209.475    198.300  329.26447     63.619     0.0806     0.1355     1.5543 5.4762e-02       6925          2  0.000e+00
     47.742   67.90516 -168.17918     48.230     2.9575     2.9565     2.9548    32.4247    32.4444  1026.0600    25.8335    209.689    198.311  329.26435     63.684     0.0794     0.1282     1.5543 5.3790e-02       6926          2  0.000e+00
     47.742   67.90516 -168.17918     48.230     2.9577     2.9564     2.9550    32.4243    32.4443  1026.0597    25.8332    209.533    198.321  329.26405     63.637     0.0806     0.1355     1.5543 5.2824e-02       6927          2  0.000e+00
     47.742   67.90516 -168.17918     48.230     2.9577     2.9565     2.9550    32.4243    32.4440  1026.0597    25.8332    209.525    198.331  329.26415     63.634     0.0794     0.1282     1.5559 5.0907e-02       6928          2  0.000e+00
     47.680   67.90516 -168.17918     48.167     2.9577     2.9564     2.9550    32.4243    32.4445  1026.0594    25.8332    209.735    198.341  329.26406     63.698     0.0806     0.1355     1.5559 4.9956e-02       6929          2  0.000e+00
     47.742   67.90516 -168.17918     48.230     2.9577     2.9565     2.9550    32.4240    32.4449  1026.0595    25.8330    209.801    198.354  329.26475     63.718     0.0806     0.1355     1.5559 4.9011e-02       6930          2  0.000e+00
     47.680   67.90516 -168.17918     48.167     2.9577     2.9566     2.9550    32.4242    32.4455  1026.0593    25.8331    209.606    198.364  329.26427     63.659     0.0806     0.1355     1.5559 4.5283e-02       6931          2  0.000e+00
     47.742   67.90516 -168.17918     48.230     2.9579     2.9565     2.9551    32.4245    32.4468  1026.0598    25.8334    209.598    198.379  329.26224     63.657     0.0806     0.1355     1.5559 4.3907e-02       6932          2  0.000e+00
     47.742   67.90516 -168.17918     48.230     2.9577     2.9563     2.9550    32.4244    32.4476  1026.0597    25.8333    209.590    198.590  329.26385     63.654     0.0806     0.1355     1.5559 4.4364e-02       6933          2  0.000e+00
     47.680   67.90516 -168.17918     48.167     2.9575     2.9562     2.9548    32.4251    32.4482  1026.0600    25.8338    209.616    198.626  329.26346     63.662     0.0806     0.1355     1.5559 4.7603e-02       6934          2  0.000e+00
     47.742   67.90516 -168.17918     48.230     2.9577     2.9561     2.9550    32.4255    32.4482  1026.0606    25.8342    209.828    198.446  329.26104     63.727     0.0794     0.1282     1.5559 4.9483e-02       6935          2  0.000e+00
     47.680   67.90516 -168.17918     48.167     2.9575     2.9561     2.9548    32.4265    32.4485  1026.0611    25.8349    209.633    198.436  329.25995     63.668     0.0806     0.1355     1.5559 4.9483e-02       6936          2  0.000e+00
     47.680   67.90516 -168.17918     48.167     2.9577     2.9561     2.9550    32.4268    32.4480  1026.0614    25.8352    209.623    198.648  329.25784     63.665     0.0794     0.1282     1.5559 5.0431e-02       6937          2  0.000e+00
     47.742   67.90516 -168.17918     48.230     2.9574     2.9561     2.9547    32.4274    32.4476  1026.0621    25.8357    209.617    198.493  329.25903     63.663     0.0806     0.1355     1.5559 5.0431e-02       6938          2  0.000e+00
     47.680   67.90516 -168.17918     48.167     2.9572     2.9560     2.9545    32.4276    32.4485  1026.0621    25.8359    209.825    198.506  329.25965     63.726     0.0806     0.1355     1.5559 5.0431e-02       6939          2  0.000e+00
     47.680   67.90516 -168.17918     48.167     2.9572     2.9559     2.9545    32.4274    32.4502  1026.0619    25.8357    209.632    198.521  329.26025     63.668     0.0806     0.1355     1.5559 5.3306e-02       6940          2  0.000e+00
     47.225   67.90516 -168.17916     47.707     2.9605     2.9562     2.9578    32.4154    32.4394  1026.0499    25.8259    209.213    197.817  329.26315     63.540     0.0781     0.1209     1.5681 7.3768e-02       7011          3  0.000e+00
     47.225   67.90516 -168.17916     47.707     2.9605     2.9564     2.9578    32.4154    32.4392  1026.0499    25.8258    209.006    197.623  329.26325     63.477     0.0781     0.1209     1.5681 7.3228e-02       7012          3  0.000e+00
     47.225   67.90516 -168.17916     47.707     2.9605     2.9568     2.9578    32.4154    32.4386  1026.0499    25.8258    208.985    197.799  329.26325     63.471     0.0769     0.1135     1.5681 7.3768e-02       7013          3  0.000e+00
     47.225   67.90516 -168.17916     47.707     2.9607     2.9568     2.9580    32.4154    32.4387  1026.0499    25.8259    209.185    197.805  329.26184     63.532     0.0781     0.1209     1.5666 7.3768e-02       7014          3  0.000e+00
     47.225   67.90516 -168.17916     47.707     2.9607     2.9570     2.9580    32.4151    32.4385  1026.0496    25.8256    209.424    197.615  329.26275     63.604     0.0781     0.1209     1.5666 7.1083e-02       7015          3  0.000e+00
     47.225   67.90516 -168.17916     47.707     2.9608     2.9570     2.9581    32.4146    32.4388  1026.0492    25.8252    209.004    197.600  329.26305     63.476     0.0806     0.1355     1.5681 6.5824e-02       7016          3  0.000e+00
     47.225   67.90516 -168.17916     47.707     2.9607     2.9570     2.9580    32.4155    32.4395  1026.0499    25.8259    208.989    197.806  329.26164     63.472     0.0818     0.1428     1.5666 6.4790e-02       7017          3  0.000e+00
     47.279   67.90516 -168.17916     47.762     2.9607     2.9567     2.9580    32.4168    32.4406  1026.0513    25.8270    208.976    197.844  329.25830     63.469     0.0818     0.1428     1.5681 6.2739e-02       7018          3  0.000e+00
     47.225   67.90516 -168.17916     47.707     2.9602     2.9567     2.9575    32.4188    32.4411  1026.0526    25.8286    209.148    197.880  329.25733     63.521     0.0818     0.1428     1.5681 5.6231e-02       7019          3  0.000e+00
     47.279   67.90516 -168.17916     47.762     2.9601     2.9568     2.9574    32.4197    32.4409  1026.0536    25.8293    208.956    197.897  329.25640     63.463     0.0818     0.1428     1.5681 5.3790e-02       7020          3  0.000e+00
     47.225   67.90516 -168.17916     47.707     2.9597     2.9568     2.9570    32.4212    32.4409  1026.0546    25.8306    208.948    197.717  329.25512     63.461     0.0818     0.1428     1.5681 5.4276e-02       7021          3  0.000e+00
     47.279   67.90516 -168.17916     47.762     2.9594     2.9570     2.9567    32.4223    32.4416  1026.0557    25.8315    208.947    197.713  329.25510     63.461     0.0806     0.1355     1.5681 5.6723e-02       7022          3  0.000e+00
     47.279   67.90516 -168.17916     47.762     2.9591     2.9567     2.9564    32.4232    32.4435  1026.0565    25.8322    208.911    197.710  329.25540     63.449     0.0818     0.1428     1.5681 5.7712e-02       7023          3  0.000e+00
     47.279   67.90516 -168.17916     47.762     2.9590     2.9568     2.9563    32.4235    32.4439  1026.0567    25.8325    208.912    197.708  329.25560     63.450     0.0806     0.1355     1.5681 5.7712e-02       7024          3  0.000e+00
     47.279   67.90516 -168.17916     47.762     2.9587     2.9567     2.9560    32.4251    32.4445  1026.0580    25.8337    208.916    197.882  329.25429     63.451     0.0818     0.1428     1.5681 6.0711e-02       7025          3  0.000e+00
     47.279   67.90516 -168.17916     47.762     2.9587     2.9562     2.9560    32.4260    32.4454  1026.0587    25.8344    208.885    197.712  329.25209     63.442     0.0830     0.1502     1.5666 6.2230e-02       7026          3  0.000e+00
     47.341   67.90516 -168.17916     47.824     2.9585     2.9553     2.9558    32.4260    32.4480  1026.0591    25.8345    208.860    197.719  329.25327     63.434     0.0806     0.1355     1.5681 6.2230e-02       7027          3  0.000e+00
     47.279   67.90516 -168.17916     47.762     2.9585     2.9543     2.9558    32.4258    32.4518  1026.0586    25.8343    208.869    197.918  329.25389     63.437     0.0818     0.1428     1.5681 6.0711e-02       7028          3  0.000e+00
     47.341   67.90516 -168.17916     47.824     2.9583     2.9538     2.9556    32.4254    32.4550  1026.0586    25.8340    208.886    197.948  329.25618     63.442     0.0806     0.1355     1.5712 6.0208e-02       7029          3  0.000e+00
     47.341   67.90516 -168.17916     47.824     2.9583     2.9534     2.9556    32.4242    32.4571  1026.0576    25.8330    208.867    197.977  329.25919     63.435     0.0818     0.1428     1.5727 6.0208e-02       7030          3  0.000e+00
     47.341   67.90516 -168.17916     47.824     2.9582     2.9532     2.9555    32.4238    32.4582  1026.0573    25.8327    208.412    197.985  329.26150     63.297     0.0806     0.1355     1.5743 5.9205e-02       7031          3  0.000e+00
     47.395   67.90516 -168.17916     47.879     2.9583     2.9529     2.9556    32.4241    32.4588  1026.0578    25.8330    208.764    197.798  329.25927     63.404     0.0818     0.1428     1.5727 5.7712e-02       7032          3  0.000e+00
     47.341   67.90516 -168.17916     47.824     2.9582     2.9527     2.9555    32.4246    32.4591  1026.0579    25.8334    208.386    197.807  329.25950     63.289     0.0806     0.1355     1.5727 5.7712e-02       7033          3  0.000e+00
     47.395   67.90516 -168.17916     47.879     2.9582     2.9525     2.9555    32.4251    32.4594  1026.0587    25.8338    208.528    197.797  329.25806     63.333     0.0818     0.1428     1.5727 5.3790e-02       7034          3  0.000e+00
     47.395   67.90516 -168.17916     47.879     2.9583     2.9519     2.9556    32.4252    32.4599  1026.0587    25.8339    208.489    197.788  329.25656     63.321     0.0806     0.1355     1.5727 4.9011e-02       7035          3  0.000e+00
     47.395   67.90516 -168.17916     47.879     2.9579     2.9520     2.9552    32.4259    32.4596  1026.0593    25.8345    208.674    197.777  329.25877     63.377     0.0818     0.1428     1.5727 4.8540e-02       7036          3  0.000e+00
     47.449   67.90516 -168.17916     47.933     2.9577     2.9519     2.9550    32.4270    32.4598  1026.0604    25.8353    208.458    197.769  329.25743     63.311     0.0830     0.1502     1.5727 4.9011e-02       7037          3  0.000e+00
     47.449   67.90516 -168.17916     47.933     2.9579     2.9518     2.9552    32.4273    32.4601  1026.0607    25.8356    208.425    197.784  329.25522     63.302     0.0818     0.1428     1.5727 4.9956e-02       7038          3  0.000e+00
     47.449   67.90514 -168.17916     47.933     2.9577     2.9517     2.9550    32.4301    32.4609  1026.0629    25.8378    208.613    197.777  329.24960     63.360     0.0818     0.1428     1.5727 4.9956e-02       7039          3  0.000e+00
     47.449   67.90514 -168.17916     47.933     2.9574     2.9517     2.9547    32.4332    32.4608  1026.0654    25.8403    208.400    197.772  329.24438     63.296     0.0806     0.1355     1.5727 4.8540e-02       7040          3  0.000e+00
     47.510   67.90514 -168.17916     47.996     2.9572     2.9517     2.9545    32.4362    32.4607  1026.0681    25.8427    208.374    197.769  329.23834     63.290     0.0806     0.1355     1.5727 4.5745e-02       7041          3  0.000e+00
     47.510   67.90514 -168.17916     47.996     2.9568     2.9521     2.9541    32.4385    32.4603  1026.0700    25.8446    208.352    197.764  329.23593     63.284     0.0781     0.1209     1.5727 4.4823e-02       7042          3  0.000e+00
     47.510   67.90514 -168.17916     47.996     2.9566     2.9526     2.9539    32.4398    32.4595  1026.0710    25.8457    208.333    197.735  329.23403     63.278     0.0781     0.1209     1.5727 4.6207e-02       7043          3  0.000e+00
