EcoFOCI/data/1_SampleCollection/2023_SikuliaqDBO_CruiseData/CTD_raw_BottleFile_SKQ23-12S/proc/skq202312s_035.ros
* Sea-Bird SBE 9 Data File:
* FileName = D:\CTD\SKQ202312S\SKQ202312S_035.hex
* Software Version Seasave V 7.26.7.121
* Temperature SN = 6177
* Conductivity SN = 0369
* Number of Bytes Per Scan = 41
* Number of Voltage Words = 4
* Number of Scans Averaged by the Deck Unit = 1
* NMEA Latitude = 71 45.08 N
* NMEA Longitude = 154 27.66 W
* NMEA UTC (Time) = Sep 22 2023  01:56:11
* NMEA baud rate = 4800
** Ship: R/V Sikuliaq
** Station Number: 035
** Station Name: BF2
** Bottom Depth: 88
** Operator: SD
# nquan = 22
# nvalues = 441                                   
# units = specified
# name 0 = depSM: Depth [salt water, m]
# name 1 = latitude: Latitude [deg]
# name 2 = longitude: Longitude [deg]
# name 3 = prDM: Pressure, Digiquartz [db]
# name 4 = t090C: Temperature [ITS-90, deg C]
# name 5 = t190C: Temperature, 2 [ITS-90, deg C]
# name 6 = potemp090C: Potential Temperature [ITS-90, deg C]
# name 7 = sal00: Salinity, Practical [PSU]
# name 8 = sal11: Salinity, Practical, 2 [PSU]
# name 9 = density00: Density [density, kg/m^3]
# name 10 = sigma-é00: Density [sigma-theta, kg/m^3]
# name 11 = sbox0Mm/Kg: Oxygen, SBE 43 [umol/kg]
# name 12 = sbox1Mm/Kg: Oxygen, SBE 43, 2 [umol/kg]
# name 13 = oxsolMm/Kg: Oxygen Saturation, Garcia & Gordon [umol/kg]
# name 14 = sbeox0PS: Oxygen, SBE 43 [% saturation]
# name 15 = v0: Voltage 0
# name 16 = flECO-AFL: Fluorescence, WET Labs ECO-AFL/FL [mg/m^3]
# name 17 = CStarAt0: Beam Attenuation, WET Labs C-Star [1/m]
# name 18 = par: PAR/Irradiance, Biospherical/Licor
# name 19 = scan: Scan Count
# name 20 = nbf: Bottles Fired
# name 21 = flag:  0.000e+00
# interval = seconds: 0.0416667
# start_time = Sep 22 2023 02:02:56 [NMEA time, first data scan]
# bad_flag = -9.990e-29
*END*
     78.018   71.75106 -154.46002     78.839    -0.9553    -0.9544    -0.9571    32.3305    32.3416  1026.3679    25.9887    319.208    301.867  364.35640     87.609     0.1013     0.2601     0.9892 1.0000e-12       9118          1  0.000e+00
     77.918   71.75106 -154.46002     78.738    -0.9551    -0.9543    -0.9570    32.3307    32.3409  1026.3675    25.9888    319.178    301.851  364.35436     87.601     0.1026     0.2674     0.9892 1.0000e-12       9119          1  0.000e+00
     78.018   71.75106 -154.46002     78.839    -0.9551    -0.9541    -0.9570    32.3306    32.3414  1026.3680    25.9887    319.160    302.067  364.35454     87.596     0.1013     0.2601     0.9892 1.0000e-12       9120          1  0.000e+00
     78.018   71.75106 -154.46002     78.839    -0.9553    -0.9544    -0.9571    32.3308    32.3416  1026.3681    25.9889    319.142    301.862  364.35567     87.591     0.1026     0.2674     0.9892 8.4714e-06       9121          1  0.000e+00
     77.979   71.75106 -154.46002     78.800    -0.9553    -0.9544    -0.9571    32.3310    32.3419  1026.3681    25.9890    319.632    302.105  364.35512     87.725     0.1001     0.2527     0.9892 1.0000e-12       9122          1  0.000e+00
     77.956   71.75106 -154.46002     78.777    -0.9551    -0.9541    -0.9570    32.3307    32.3414  1026.3677    25.9888    319.196    302.120  364.35431     87.606     0.1013     0.2601     0.9892 1.0000e-12       9123          1  0.000e+00
     77.979   71.75106 -154.46002     78.800    -0.9553    -0.9543    -0.9571    32.3306    32.3417  1026.3677    25.9887    319.386    301.913  364.35634     87.658     0.1013     0.2601     0.9892 1.0000e-12       9124          1  0.000e+00
     77.956   71.75106 -154.46002     78.777    -0.9551    -0.9543    -0.9570    32.3306    32.3411  1026.3676    25.9887    319.156    301.899  364.35467     87.595     0.1038     0.2747     0.9892 1.0000e-12       9125          1  0.000e+00
     78.018   71.75106 -154.46002     78.839    -0.9551    -0.9541    -0.9570    32.3303    32.3409  1026.3678    25.9885    319.141    301.886  364.35527     87.591     0.1050     0.2820     0.9892 1.0000e-12       9126          1  0.000e+00
     77.918   71.75106 -154.46002     78.738    -0.9553    -0.9546    -0.9571    32.3308    32.3416  1026.3676    25.9888    319.377    301.870  364.35574     87.655     0.1062     0.2894     0.9865 1.0000e-12       9127          1  0.000e+00
     78.018   71.75106 -154.46002     78.839    -0.9553    -0.9544    -0.9571    32.3305    32.3411  1026.3679    25.9887    319.108    302.087  364.35640     87.581     0.1062     0.2894     0.9865 1.0000e-12       9128          1  0.000e+00
     77.979   71.75106 -154.46002     78.800    -0.9553    -0.9546    -0.9571    32.3305    32.3416  1026.3677    25.9886    319.040    301.874  364.35646     87.563     0.1050     0.2820     0.9865 8.4714e-06       9129          1  0.000e+00
     78.018   71.75106 -154.46002     78.839    -0.9550    -0.9546    -0.9568    32.3304    32.3418  1026.3678    25.9885    318.973    301.892  364.35402     87.545     0.1062     0.2894     0.9865 1.0000e-12       9130          1  0.000e+00
     77.918   71.75106 -154.46002     78.738    -0.9553    -0.9543    -0.9571    32.3306    32.3409  1026.3675    25.9887    318.905    301.906  364.35623     87.526     0.1050     0.2820     0.9865 1.0000e-12       9131          1  0.000e+00
     78.018   71.75106 -154.46002     78.839    -0.9553    -0.9544    -0.9571    32.3307    32.3412  1026.3680    25.9888    318.893    301.898  364.35592     87.522     0.1050     0.2820     0.9865 1.0000e-12       9132          1  0.000e+00
     78.018   71.75106 -154.46002     78.839    -0.9551    -0.9546    -0.9570    32.3303    32.3416  1026.3678    25.9885    318.878    301.886  364.35527     87.519     0.1050     0.2820     0.9865 1.0000e-12       9133          1  0.000e+00
     77.979   71.75106 -154.46002     78.800    -0.9551    -0.9546    -0.9570    32.3307    32.3414  1026.3679    25.9888    318.864    301.871  364.35423     87.515     0.1050     0.2820     0.9865 1.0000e-12       9134          1  0.000e+00
     78.018   71.75106 -154.46002     78.839    -0.9553    -0.9546    -0.9571    32.3308    32.3414  1026.3682    25.9889    318.857    301.859  364.35555     87.513     0.1050     0.2820     0.9865 1.0000e-12       9135          1  0.000e+00
     78.033   71.75106 -154.46002     78.855    -0.9551    -0.9544    -0.9570    32.3303    32.3416  1026.3678    25.9885    318.849    301.846  364.35529     87.510     0.1050     0.2820     0.9865 1.0000e-12       9136          1  0.000e+00
     78.018   71.75106 -154.46002     78.839    -0.9555    -0.9544    -0.9573    32.3307    32.3413  1026.3680    25.9888    318.845    301.833  364.35766     87.509     0.1050     0.2820     0.9865 1.0000e-12       9137          1  0.000e+00
     78.072   71.75106 -154.46002     78.894    -0.9553    -0.9544    -0.9571    32.3307    32.3415  1026.3683    25.9888    319.047    301.854  364.35601     87.565     0.1050     0.2820     0.9865 1.0000e-12       9138          1  0.000e+00
     78.033   71.75106 -154.46002     78.855    -0.9553    -0.9544    -0.9571    32.3309    32.3417  1026.3683    25.9890    318.831    301.840  364.35521     87.506     0.1050     0.2820     0.9865 1.0000e-12       9139          1  0.000e+00
     78.018   71.75106 -154.46002     78.839    -0.9555    -0.9544    -0.9573    32.3310    32.3415  1026.3683    25.9891    318.573    301.828  364.35669     87.434     0.1050     0.2820     0.9865 1.0000e-12       9140          1  0.000e+00
     78.095   71.75106 -154.46002     78.917    -0.9551    -0.9543    -0.9570    32.3303    32.3414  1026.3681    25.9885    318.526    301.818  364.35540     87.422     0.1062     0.2894     0.9865 1.0000e-12       9141          1  0.000e+00
     78.072   71.75106 -154.46002     78.894    -0.9551    -0.9543    -0.9570    32.3305    32.3419  1026.3681    25.9886    318.481    301.805  364.35487     87.410     0.1050     0.2820     0.9865 1.0000e-12       9142          1  0.000e+00
     78.095   71.75106 -154.46002     78.917    -0.9553    -0.9541    -0.9571    32.3305    32.3417  1026.3682    25.9886    318.443    301.793  364.35654     87.399     0.1062     0.2894     0.9865 1.0000e-12       9143          1  0.000e+00
     78.072   71.75106 -154.46002     78.894    -0.9553    -0.9543    -0.9571    32.3302    32.3414  1026.3679    25.9884    318.662    301.782  364.35735     87.459     0.1050     0.2820     0.9865 1.0000e-12       9144          1  0.000e+00
     78.134   71.75106 -154.46002     78.956    -0.9551    -0.9541    -0.9570    32.3304    32.3415  1026.3683    25.9885    318.422    301.771  364.35522     87.393     0.1062     0.2894     0.9865 1.0000e-12       9145          1  0.000e+00
     78.149   71.75106 -154.46002     78.972    -0.9553    -0.9543    -0.9571    32.3307    32.3418  1026.3687    25.9888    318.393    301.761  364.35590     87.385     0.1050     0.2820     0.9865 1.0000e-12       9146          1  0.000e+00
     78.134   71.75106 -154.46002     78.956    -0.9553    -0.9541    -0.9571    32.3305    32.3412  1026.3684    25.9886    318.367    301.749  364.35660     87.378     0.1050     0.2820     0.9879 1.0000e-12       9147          1  0.000e+00
     78.149   71.75106 -154.46002     78.972    -0.9553    -0.9543    -0.9571    32.3304    32.3416  1026.3684    25.9886    318.346    301.738  364.35675     87.372     0.1050     0.2820     0.9879 8.4714e-06       9148          1  0.000e+00
     78.188   71.75106 -154.46002     79.011    -0.9553    -0.9540    -0.9571    32.3304    32.3412  1026.3686    25.9885    318.585    301.727  364.35682     87.438     0.1062     0.2894     0.9879 8.4714e-06       9149          1  0.000e+00
     78.188   71.75106 -154.46002     79.011    -0.9555    -0.9541    -0.9573    32.3308    32.3414  1026.3689    25.9889    318.617    301.716  364.35735     87.446     0.1038     0.2747     0.9879 1.0000e-12       9150          1  0.000e+00
     78.211   71.75106 -154.46002     79.034    -0.9553    -0.9541    -0.9571    32.3307    32.3412  1026.3690    25.9888    318.651    301.705  364.35600     87.456     0.1038     0.2747     0.9879 8.4714e-06       9151          1  0.000e+00
     78.188   71.75106 -154.46002     79.011    -0.9553    -0.9540    -0.9571    32.3307    32.3413  1026.3689    25.9888    318.636    301.724  364.35596     87.452     0.1013     0.2601     0.9879 1.0000e-12       9152          1  0.000e+00
     78.211   71.75106 -154.46002     79.034    -0.9555    -0.9543    -0.9573    32.3309    32.3416  1026.3691    25.9889    318.674    301.749  364.35714     87.462     0.1026     0.2674     0.9879 8.4714e-06       9153          1  0.000e+00
     78.304   71.75106 -154.46002     79.128    -0.9551    -0.9543    -0.9570    32.3302    32.3413  1026.3690    25.9884    318.715    301.776  364.35576     87.473     0.1038     0.2747     0.9879 1.0000e-12       9154          1  0.000e+00
     78.242   71.75106 -154.46002     79.065    -0.9556    -0.9541    -0.9575    32.3309    32.3416  1026.3693    25.9890    318.755    301.990  364.35858     87.484     0.1026     0.2674     0.9879 1.0000e-12       9155          1  0.000e+00
     78.319   71.75106 -154.46002     79.143    -0.9553    -0.9541    -0.9571    32.3303    32.3414  1026.3692    25.9885    318.749    302.016  364.35692     87.483     0.1038     0.2747     0.9879 1.0000e-12       9156          1  0.000e+00
     78.304   71.75104 -154.46000     79.128    -0.9553    -0.9541    -0.9571    32.3307    32.3411  1026.3694    25.9888    318.789    302.037  364.35592     87.494     0.1026     0.2674     0.9892 1.0000e-12       9157          1  0.000e+00
     78.381   71.75104 -154.46000     79.206    -0.9555    -0.9543    -0.9573    32.3310    32.3415  1026.3701    25.9891    318.838    302.092  364.35670     87.507     0.1038     0.2747     0.9879 8.4714e-06       9158          1  0.000e+00
     78.358   71.75104 -154.46000     79.182    -0.9555    -0.9543    -0.9573    32.3306    32.3417  1026.3696    25.9887    318.884    301.884  364.35788     87.519     0.1026     0.2674     0.9879 8.4714e-06       9159          1  0.000e+00
     78.381   71.75104 -154.46000     79.206    -0.9555    -0.9544    -0.9573    32.3305    32.3419  1026.3696    25.9886    318.933    301.874  364.35829     87.533     0.1038     0.2747     0.9879 1.0000e-12       9160          1  0.000e+00
     78.358   71.75104 -154.46000     79.182    -0.9556    -0.9544    -0.9574    32.3308    32.3418  1026.3698    25.9889    318.983    301.862  364.35840     87.546     0.1026     0.2674     0.9879 1.0000e-12       9161          1  0.000e+00
     78.474   71.75104 -154.46000     79.299    -0.9555    -0.9544    -0.9573    32.3304    32.3415  1026.3701    25.9886    319.039    301.856  364.35832     87.562     0.1026     0.2674     0.9879 8.4714e-06       9162          1  0.000e+00
     78.435   71.75104 -154.46000     79.260    -0.9556    -0.9544    -0.9575    32.3303    32.3416  1026.3698    25.9885    319.094    301.842  364.36025     87.576     0.1013     0.2601     0.9879 1.0000e-12       9163          1  0.000e+00
     78.474   71.75104 -154.46000     79.299    -0.9558    -0.9544    -0.9576    32.3310    32.3417  1026.3706    25.9891    319.101    301.864  364.35937     87.579     0.1026     0.2674     0.9879 1.0000e-12       9164          1  0.000e+00
     78.551   71.75104 -154.46000     79.377    -0.9558    -0.9546    -0.9576    32.3308    32.3419  1026.3707    25.9889    319.111    301.858  364.36011     87.581     0.1026     0.2674     0.9892 1.0000e-12       9165          1  0.000e+00
     78.474   71.75104 -154.46000     79.300    -0.9556    -0.9547    -0.9575    32.3308    32.3416  1026.3704    25.9889    319.112    301.847  364.35897     87.582     0.1026     0.2674     0.9892 1.0000e-12       9166          1  0.000e+00
     79.223   71.75104 -154.45996     80.057    -0.9553    -0.9546    -0.9572    32.3306    32.3414  1026.3738    25.9887    319.564    301.246  364.35616     87.707     0.1038     0.2747     0.9892 1.0000e-12       9413          2  0.000e+00
     79.108   71.75104 -154.45996     79.940    -0.9551    -0.9547    -0.9570    32.3302    32.3412  1026.3730    25.9884    319.557    301.285  364.35555     87.705     0.1038     0.2747     0.9892 1.0000e-12       9414          2  0.000e+00
     79.131   71.75104 -154.45996     79.964    -0.9551    -0.9550    -0.9570    32.3302    32.3418  1026.3730    25.9884    319.606    301.329  364.35571     87.718     0.1050     0.2820     0.9892 1.0000e-12       9415          2  0.000e+00
     79.108   71.75104 -154.45996     79.940    -0.9553    -0.9547    -0.9572    32.3302    32.3414  1026.3729    25.9884    319.607    301.368  364.35742     87.718     0.1038     0.2747     0.9892 1.0000e-12       9416          2  0.000e+00
     79.069   71.75104 -154.45996     79.901    -0.9554    -0.9547    -0.9573    32.3304    32.3412  1026.3730    25.9886    319.605    301.182  364.35775     87.717     0.1038     0.2747     0.9892 1.0000e-12       9417          2  0.000e+00
     79.046   71.75104 -154.45996     79.878    -0.9553    -0.9550    -0.9571    32.3304    32.3419  1026.3728    25.9886    319.603    301.194  364.35670     87.717     0.1038     0.2747     0.9892 1.0000e-12       9418          2  0.000e+00
     79.108   71.75104 -154.45996     79.940    -0.9553    -0.9547    -0.9572    32.3306    32.3414  1026.3733    25.9887    319.606    301.208  364.35620     87.718     0.1038     0.2747     0.9892 8.4714e-06       9419          2  0.000e+00
     79.015   71.75104 -154.45996     79.847    -0.9550    -0.9547    -0.9569    32.3302    32.3416  1026.3725    25.9884    319.600    301.218  364.35463     87.717     0.1038     0.2747     0.9892 1.0000e-12       9420          2  0.000e+00
     78.992   71.75104 -154.45996     79.823    -0.9551    -0.9546    -0.9570    32.3303    32.3411  1026.3724    25.9884    319.600    301.232  364.35547     87.716     0.1038     0.2747     0.9892 1.0000e-12       9421          2  0.000e+00
     78.899   71.75104 -154.45996     79.730    -0.9553    -0.9544    -0.9571    32.3307    32.3414  1026.3723    25.9888    319.852    301.244  364.35584     87.785     0.1038     0.2747     0.9892 1.0000e-12       9422          2  0.000e+00
     79.046   71.75104 -154.45996     79.878    -0.9553    -0.9544    -0.9571    32.3307    32.3414  1026.3731    25.9888    319.904    301.267  364.35585     87.800     0.1038     0.2747     0.9892 1.0000e-12       9423          2  0.000e+00
     78.938   71.75104 -154.45996     79.769    -0.9555    -0.9544    -0.9573    32.3303    32.3413  1026.3722    25.9885    319.691    301.509  364.35863     87.741     0.1050     0.2820     0.9892 1.0000e-12       9424          2  0.000e+00
     78.953   71.75104 -154.45996     79.784    -0.9553    -0.9544    -0.9571    32.3303    32.3414  1026.3723    25.9885    319.636    301.334  364.35703     87.726     0.1038     0.2747     0.9892 1.0000e-12       9425          2  0.000e+00
     78.876   71.75104 -154.45996     79.706    -0.9554    -0.9543    -0.9573    32.3304    32.3416  1026.3720    25.9886    319.627    301.317  364.35778     87.723     0.1050     0.2820     0.9905 8.4714e-06       9426          2  0.000e+00
     78.876   71.75104 -154.45996     79.706    -0.9553    -0.9544    -0.9571    32.3304    32.3417  1026.3720    25.9886    319.570    301.339  364.35666     87.708     0.1038     0.2747     0.9892 1.0000e-12       9427          2  0.000e+00
     78.837   71.75104 -154.45996     79.667    -0.9555    -0.9543    -0.9573    32.3305    32.3416  1026.3719    25.9887    319.562    301.326  364.35809     87.705     0.1050     0.2820     0.9892 1.0000e-12       9428          2  0.000e+00
