EcoFOCI/data/1_SampleCollection/2023_SikuliaqDBO_CruiseData/CTD_raw_BottleFile_SKQ23-12S/proc/skq202312s_084.ros
* Sea-Bird SBE 9 Data File:
* FileName = D:\CTD\SKQ202312S\SKQ202312S_084.hex
* Software Version Seasave V 7.26.7.121
* Temperature SN = 6177
* Conductivity SN = 0369
* Number of Bytes Per Scan = 41
* Number of Voltage Words = 4
* Number of Scans Averaged by the Deck Unit = 1
* NMEA Latitude = 65 37.11 N
* NMEA Longitude = 168 09.13 W
* NMEA UTC (Time) = Oct 03 2023  11:55:16
* NMEA baud rate = 4800
** Ship: R/V Sikuliaq
** Station Number: 084
** Station Name: BS1
** Bottom Depth: 28
** Operator: SD
# nquan = 22
# nvalues = 588                                   
# units = specified
# name 0 = depSM: Depth [salt water, m]
# name 1 = latitude: Latitude [deg]
# name 2 = longitude: Longitude [deg]
# name 3 = prDM: Pressure, Digiquartz [db]
# name 4 = t090C: Temperature [ITS-90, deg C]
# name 5 = t190C: Temperature, 2 [ITS-90, deg C]
# name 6 = potemp090C: Potential Temperature [ITS-90, deg C]
# name 7 = sal00: Salinity, Practical [PSU]
# name 8 = sal11: Salinity, Practical, 2 [PSU]
# name 9 = density00: Density [density, kg/m^3]
# name 10 = sigma-é00: Density [sigma-theta, kg/m^3]
# name 11 = sbox0Mm/Kg: Oxygen, SBE 43 [umol/kg]
# name 12 = sbox1Mm/Kg: Oxygen, SBE 43, 2 [umol/kg]
# name 13 = oxsolMm/Kg: Oxygen Saturation, Garcia & Gordon [umol/kg]
# name 14 = sbeox0PS: Oxygen, SBE 43 [% saturation]
# name 15 = v0: Voltage 0
# name 16 = flECO-AFL: Fluorescence, WET Labs ECO-AFL/FL [mg/m^3]
# name 17 = CStarAt0: Beam Attenuation, WET Labs C-Star [1/m]
# name 18 = par: PAR/Irradiance, Biospherical/Licor
# name 19 = scan: Scan Count
# name 20 = nbf: Bottles Fired
# name 21 = flag:  0.000e+00
# interval = seconds: 0.0416667
# start_time = Oct 03 2023 11:58:52 [NMEA time, first data scan]
# bad_flag = -9.990e-29
*END*
[from data line 330]
     10.510   65.61816 -168.15392     10.615     5.1114     5.1586     5.1107    31.9245    31.9037  1025.2749    25.2256    273.770    260.118  313.69001     87.274     0.1148     0.3406     0.8895 1.0000e-12      11021          7  0.000e+00
     10.510   65.61816 -168.15392     10.615     5.1160     5.1974     5.1153    31.9202    31.8918  1025.2710    25.2217    273.729    259.876  313.66580     87.268     0.1148     0.3406     0.8999 1.0000e-12      11022          7  0.000e+00
     10.456   65.61816 -168.15392     10.561     5.1210     5.2123     5.1202    31.9191    31.8894  1025.2693    25.2203    273.885    259.780  313.63170     87.327     0.1148     0.3406     0.9129 1.0000e-12      11023          7  0.000e+00
     10.456   65.61816 -168.15392     10.561     5.1267     5.1981     5.1259    31.9182    31.8936  1025.2680    25.2189    273.868    259.856  313.59110     87.333     0.1160     0.3480     0.9155 1.0000e-12      11024          7  0.000e+00
     10.456   65.61816 -168.15392     10.561     5.1326     5.1855     5.1318    31.9153    31.8948  1025.2650    25.2160    274.090    259.954  313.55385     87.414     0.1160     0.3480     0.9155 1.0000e-12      11025          7  0.000e+00
     10.487   65.61816 -168.15392     10.592     5.1372     5.1826     5.1364    31.9119    31.8969  1025.2619    25.2128    273.922    259.971  313.52762     87.368     0.1148     0.3406     0.9142 8.4714e-06      11026          7  0.000e+00
     10.456   65.61816 -168.15392     10.561     5.1413     5.1889     5.1406    31.9101    31.8956  1025.2600    25.2109    273.928    259.775  313.50078     87.377     0.1160     0.3480     0.9142 1.0000e-12      11027          7  0.000e+00
     10.395   65.61816 -168.15392     10.498     5.1447     5.1951     5.1439    31.9087    31.8976  1025.2582    25.2095    273.708    259.903  313.47904     87.313     0.1148     0.3406     0.9142 1.0000e-12      11028          7  0.000e+00
     10.510   65.61816 -168.15392     10.615     5.1479     5.2061     5.1471    31.9081    31.8948  1025.2579    25.2086    273.671    259.857  313.45705     87.307     0.1160     0.3480     0.9142 1.0000e-12      11029          7  0.000e+00
     10.395   65.61816 -168.15392     10.498     5.1514     5.2043     5.1506    31.9127    31.8945  1025.2606    25.2118    273.616    259.709  313.42020     87.300     0.1148     0.3406     0.9142 1.0000e-12      11030          7  0.000e+00
     10.456   65.61816 -168.15392     10.561     5.1598     5.1940     5.1590    31.9256    31.8945  1025.2702    25.2211    273.518    259.772  313.32716     87.295     0.1160     0.3480     0.9142 1.0000e-12      11031          7  0.000e+00
     10.395   65.61816 -168.15392     10.498     5.1806     5.1852     5.1798    31.9350    31.8960  1025.2751    25.2263    273.337    259.825  313.15092     87.286     0.1148     0.3406     0.9142 1.0000e-12      11032          7  0.000e+00
     10.456   65.61816 -168.15392     10.561     5.2066     5.1804     5.2058    31.9335    31.8986  1025.2712    25.2222    273.150    259.857  312.96141     87.279     0.1148     0.3406     0.9155 1.0000e-12      11033          7  0.000e+00
     10.510   65.61816 -168.15392     10.615     5.1461     5.1605     5.1453    31.9161    31.9131  1025.2644    25.2151    276.403    265.330  313.45143     88.181     0.1172     0.3553     0.9155 1.0000e-12      11120          8  0.000e+00
     10.572   65.61816 -168.15392     10.677     5.1512     5.1576     5.1505    31.9124    31.9126  1025.2612    25.2116    276.265    265.291  313.42194     88.145     0.1184     0.3626     0.9142 1.0000e-12      11121          8  0.000e+00
     10.572   65.61816 -168.15392     10.677     5.1560     5.1665     5.1553    31.9071    31.9101  1025.2565    25.2069    275.955    265.165  313.39850     88.052     0.1172     0.3553     0.9142 1.0000e-12      11122          8  0.000e+00
     10.510   65.61816 -168.15392     10.615     5.1592     5.1747     5.1584    31.9049    31.9100  1025.2541    25.2048    275.213    265.029  313.38019     87.821     0.1184     0.3626     0.9077 1.0000e-12      11123          8  0.000e+00
     10.541   65.61816 -168.15392     10.646     5.1624     5.1794     5.1616    31.9036    31.9094  1025.2529    25.2035    275.599    264.935  313.35929     87.950     0.1172     0.3553     0.8973 1.0000e-12      11124          8  0.000e+00
     10.572   65.61816 -168.15392     10.677     5.1632     5.1814     5.1624    31.9029    31.9087  1025.2524    25.2028    275.281    264.671  313.35510     87.849     0.1184     0.3626     0.8947 1.0000e-12      11125          8  0.000e+00
     10.510   65.61816 -168.15392     10.615     5.1632     5.1843     5.1624    31.9034    31.9069  1025.2525    25.2032    275.166    264.578  313.35395     87.813     0.1172     0.3553     0.8960 1.0000e-12      11126          8  0.000e+00
     10.572   65.61816 -168.15392     10.677     5.1635     5.1831     5.1627    31.9020    31.9075  1025.2516    25.2021    275.058    264.507  313.35493     87.778     0.1184     0.3626     0.8960 8.4714e-06      11127          8  0.000e+00
     10.572   65.61816 -168.15392     10.677     5.1603     5.1826     5.1596    31.9022    31.9073  1025.2521    25.2025    274.972    264.447  313.37812     87.744     0.1184     0.3626     0.8960 8.4714e-06      11128          8  0.000e+00
     10.572   65.61816 -168.15392     10.677     5.1573     5.1830     5.1565    31.8992    31.9067  1025.2501    25.2005    274.690    264.377  313.40771     87.646     0.1172     0.3553     0.8960 1.0000e-12      11129          8  0.000e+00
     10.572   65.61816 -168.15392     10.677     5.1533     5.1821     5.1525    31.8955    31.9049  1025.2476    25.1980    274.591    264.133  313.44612     87.604     0.1184     0.3626     0.8960 1.0000e-12      11130          8  0.000e+00
     10.510   65.61816 -168.15392     10.615     5.1473     5.1774     5.1466    31.8994    31.9052  1025.2511    25.2018    274.523    264.068  313.48111     87.572     0.1172     0.3553     0.8960 1.0000e-12      11131          8  0.000e+00
     10.572   65.61816 -168.15392     10.677     5.1449     5.1671     5.1441    31.9056    31.9086  1025.2565    25.2070    274.432    264.037  313.48520     87.542     0.1184     0.3626     0.8973 1.0000e-12      11132          8  0.000e+00
     10.541   65.61816 -168.15392     10.646     5.1465     5.1551     5.1457    31.9054    31.9131  1025.2560    25.2066    274.123    264.009  313.47383     87.447     0.1172     0.3553     0.8960 8.4714e-06      11133          8  0.000e+00
     10.572   65.61816 -168.15392     10.677     5.1480     5.1508     5.1472    31.9028    31.9141  1025.2540    25.2044    273.999    263.771  313.46830     87.409     0.1184     0.3626     0.8960 1.0000e-12      11134          8  0.000e+00
     10.510   65.61816 -168.15392     10.615     5.1482     5.1508     5.1475    31.8994    31.9136  1025.2509    25.2017    273.888    263.665  313.47472     87.372     0.1172     0.3553     0.8960 1.0000e-12      11135          8  0.000e+00
     10.572   65.61816 -168.15392     10.677     5.1452     5.1502     5.1444    31.9005    31.9139  1025.2524    25.2028    273.599    263.381  313.49494     87.274     0.1184     0.3626     0.8960 1.0000e-12      11136          8  0.000e+00
     10.572   65.61816 -168.15392     10.677     5.1420     5.1498     5.1412    31.9083    31.9139  1025.2590    25.2094    273.473    263.257  313.50057     87.232     0.1184     0.3626     0.8960 1.0000e-12      11137          8  0.000e+00
     10.510   65.61816 -168.15392     10.615     5.1430     5.1492     5.1422    31.9143    31.9148  1025.2633    25.2140    273.184    263.149  313.47914     87.146     0.1197     0.3699     0.8960 8.4714e-06      11138          8  0.000e+00
     10.572   65.61816 -168.15392     10.677     5.1469     5.1499     5.1462    31.9164    31.9138  1025.2649    25.2153    273.038    263.041  313.44457     87.109     0.1184     0.3626     0.8960 1.0000e-12      11139          8  0.000e+00
     10.510   65.61816 -168.15392     10.615     5.1514     5.1473     5.1506    31.9138    31.9147  1025.2620    25.2127    273.105    262.765  313.41763     87.138     0.1184     0.3626     0.8960 1.0000e-12      11140          8  0.000e+00
     10.541   65.61816 -168.15392     10.646     5.1509     5.1442     5.1501    31.9147    31.9152  1025.2629    25.2135    272.836    262.680  313.41892     87.051     0.1197     0.3699     0.8960 1.0000e-12      11141          8  0.000e+00
     10.572   65.61816 -168.15392     10.677     5.1525     5.1423     5.1517    31.9139    31.9162  1025.2623    25.2127    272.736    262.587  313.40880     87.023     0.1197     0.3699     0.8960 1.0000e-12      11142          8  0.000e+00
     10.510   65.61816 -168.15392     10.615     5.1575     5.1419     5.1567    31.9060    31.9163  1025.2552    25.2059    272.633    262.302  313.39025     86.995     0.1197     0.3699     0.9012 1.0000e-12      11143          8  0.000e+00
     10.510   65.61816 -168.15392     10.615     5.1589     5.1408     5.1581    31.8960    31.9168  1025.2471    25.1978    272.367    262.209  313.40325     86.906     0.1184     0.3626     0.9116 8.4714e-06      11144          8  0.000e+00
     10.572   65.61816 -168.15392     10.677     5.1557     5.1395     5.1549    31.8913    31.9175  1025.2440    25.1944    272.309    262.122  313.43823     86.878     0.1197     0.3699     0.9142 1.0000e-12      11145          8  0.000e+00
     10.510   65.61816 -168.15392     10.615     5.1509     5.1388     5.1501    31.8901    31.9177  1025.2433    25.1940    272.260    262.031  313.47629     86.852     0.1184     0.3626     0.9129 1.0000e-12      11146          8  0.000e+00
     10.510   65.61816 -168.15392     10.615     5.1450     5.1399     5.1442    31.8945    31.9173  1025.2474    25.1981    272.220    261.751  313.51010     86.830     0.1197     0.3699     0.9129 8.4714e-06      11147          8  0.000e+00
     10.510   65.61816 -168.15392     10.615     5.1413     5.1434     5.1406    31.9028    31.9164  1025.2544    25.2051    272.197    261.442  313.51798     86.820     0.1184     0.3626     0.9129 1.0000e-12      11148          8  0.000e+00
     10.510   65.61816 -168.15392     10.615     5.1409     5.1505     5.1401    31.9114    31.9144  1025.2613    25.2120    272.131    261.298  313.50138     86.804     0.1197     0.3699     0.9129 1.0000e-12      11149          8  0.000e+00
     10.541   65.61816 -168.15392     10.646     5.1442     5.1585     5.1435    31.9214    31.9123  1025.2690    25.2195    272.046    261.154  313.45287     86.790     0.1184     0.3626     0.9142 1.0000e-12      11150          8  0.000e+00
     10.510   65.61816 -168.15392     10.615     5.1530     5.1651     5.1522    31.9260    31.9105  1025.2715    25.2222    271.941    260.842  313.37701     86.777     0.1197     0.3699     0.9129 1.0000e-12      11151          8  0.000e+00
     10.510   65.61816 -168.15392     10.615     5.1654     5.1701     5.1646    31.9239    31.9092  1025.2685    25.2192    271.865    260.709  313.28950     86.778     0.1197     0.3699     0.9129 1.0000e-12      11152          8  0.000e+00
     10.456   65.61816 -168.15392     10.561     5.1774     5.1738     5.1766    31.9172    31.9082  1025.2616    25.2126    271.578    260.589  313.21593     86.706     0.1184     0.3626     0.9129 1.0000e-12      11153          8  0.000e+00
     10.510   65.61816 -168.15392     10.615     5.1868     5.1773     5.1860    31.9132    31.9072  1025.2576    25.2083    271.694    260.481  313.15578     86.760     0.1197     0.3699     0.9129 1.0000e-12      11154          8  0.000e+00
     10.510   65.61816 -168.15392     10.615     5.1959     5.1813     5.1951    31.9071    31.9068  1025.2517    25.2025    271.449    260.373  313.10252     86.697     0.1184     0.3626     0.9129 8.4714e-06      11155          8  0.000e+00
     10.456   65.61816 -168.15392     10.561     5.2026     5.1847     5.2018    31.8994    31.9059  1025.2446    25.1956    271.407    260.112  313.07057     86.692     0.1197     0.3699     0.9129 1.0000e-12      11156          8  0.000e+00
     10.510   65.61816 -168.15392     10.615     5.2066     5.1871     5.2058    31.8962    31.9053  1025.2420    25.1927    271.389    260.032  313.04831     86.692     0.1184     0.3626     0.9129 1.0000e-12      11157          8  0.000e+00
     10.456   65.61816 -168.15392     10.561     5.2121     5.1893     5.2114    31.9017    31.9054  1025.2455    25.1964    271.350    259.775  312.99398     86.695     0.1197     0.3699     0.9129 1.0000e-12      11158          8  0.000e+00
     10.487   65.61816 -168.15392     10.592     5.2226     5.1939     5.2218    31.9027    31.9037  1025.2452    25.1960    271.300    259.679  312.91434     86.701     0.1184     0.3626     0.9129 1.0000e-12      11159          8  0.000e+00
     10.456   65.61816 -168.15392     10.561     5.2331     5.2002     5.2323    31.8947    31.8999  1025.2376    25.1885    271.276    259.402  312.85506     86.710     0.1197     0.3699     0.9129 1.0000e-12      11160          8  0.000e+00
     10.456   65.61816 -168.15392     10.561     5.2395     5.2047     5.2388    31.8842    31.8978  1025.2286    25.1795    271.298    259.306  312.83157     86.723     0.1184     0.3626     0.9129 1.0000e-12      11161          8  0.000e+00
     10.456   65.61816 -168.15392     10.561     5.2422     5.2077     5.2414    31.8814    31.8976  1025.2261    25.1770    271.343    259.226  312.81851     86.741     0.1184     0.3626     0.9129 1.0000e-12      11162          8  0.000e+00
     10.456   65.61816 -168.15392     10.561     5.2443     5.2137     5.2435    31.8833    31.8962  1025.2273    25.1783    271.393    259.138  312.79845     86.763     0.1172     0.3553     0.9155 1.0000e-12      11163          8  0.000e+00
     10.456   65.61816 -168.15392     10.561     5.2474     5.2216     5.2467    31.8838    31.8950  1025.2273    25.1783    271.419    259.067  312.77401     86.778     0.1184     0.3626     0.9221 1.0000e-12      11164          8  0.000e+00
     10.510   65.61816 -168.15392     10.615     5.2510     5.2312     5.2502    31.8843    31.8931  1025.2276    25.1783    271.687    258.796  312.74669     86.871     0.1184     0.3626     0.9260 1.0000e-12      11165          8  0.000e+00
     10.395   65.61816 -168.15392     10.498     5.2556     5.2406     5.2548    31.8843    31.8905  1025.2265    25.1778    271.547    258.716  312.71220     86.836     0.1184     0.3626     0.9260 1.0000e-12      11166          8  0.000e+00
     10.395   65.61816 -168.15392     10.498     5.2614     5.2477     5.2607    31.8870    31.8882  1025.2280    25.1793    271.578    258.665  312.66263     86.860     0.1184     0.3626     0.9260 8.4714e-06      11167          8  0.000e+00
     10.487   65.61816 -168.15392     10.592     5.2700     5.2533     5.2692    31.8906    31.8861  1025.2304    25.1812    271.602    258.618  312.59075     86.887     0.1172     0.3553     0.9247 1.0000e-12      11168          8  0.000e+00
     10.510   65.61816 -168.15392     10.615     5.2511     5.2527     5.2503    31.8705    31.8899  1025.2167    25.1674    274.851    263.825  312.77763     87.874     0.1221     0.3846     0.9221 1.0000e-12      11249          9  0.000e+00
     10.456   65.61816 -168.15392     10.561     5.2478     5.2522     5.2470    31.8725    31.8900  1025.2183    25.1693    274.741    263.749  312.79761     87.833     0.1233     0.3919     0.9221 1.0000e-12      11250          9  0.000e+00
     10.510   65.61816 -168.15392     10.615     5.2451     5.2494     5.2443    31.8752    31.8893  1025.2210    25.1717    274.659    263.689  312.81171     87.803     0.1233     0.3919     0.9221 8.4714e-06      11251          9  0.000e+00
