EcoFOCI/data/1_SampleCollection/2023_SikuliaqDBO_CruiseData/CTD_raw_BottleFile_SKQ23-12S/proc/skq202312s_007svp.cnv
* Sea-Bird SBE 9 Data File:
* FileName = D:\CTD\SKQ202312S\SKQ202312S_007.hex
* Software Version Seasave V 7.26.7.121
* Temperature SN = 6177
* Conductivity SN = 0369
* Number of Bytes Per Scan = 41
* Number of Voltage Words = 4
* Number of Scans Averaged by the Deck Unit = 1
* NMEA Latitude = 62 33.56 N
* NMEA Longitude = 173 33.01 W
* NMEA UTC (Time) = Sep 16 2023  04:45:18
* NMEA baud rate = 4800
** Ship: R/V Sikuliaq
** Station Number: 007
** Station Name: DBO1.6
** Bottom Depth: 65
** Operator: SD
# nquan = 7
# nvalues = 7575                                  
# units = specified
# name 0 = depSM: Depth [salt water, m]
# name 1 = latitude: Latitude [deg]
# name 2 = longitude: Longitude [deg]
# name 3 = t090C: Temperature [ITS-90, deg C]
# name 4 = sal00: Salinity, Practical [PSU]
# name 5 = svCM: Sound Velocity [Chen-Millero, m/s]
# name 6 = flag:  0.000e+00
# span 0 =      1.566,     60.986                 
# span 1 =   62.55918,   62.55922                 
# span 2 = -173.55038, -173.55032                 
# span 3 =    -1.5136,     7.6712                 
# span 4 =    31.0334,    31.9096                 
# span 5 =    1438.53,    1476.38                 
# span 6 = 0.0000e+00, 0.0000e+00                 
# interval = seconds: 0.0416667
# start_time = Sep 16 2023 04:49:28 [NMEA time, first data scan]
# bad_flag = -9.990e-29
*END*
[from data line 3077]
     30.260   62.55922 -173.55034    -1.1485    31.8211    1439.99  0.000e+00
     30.275   62.55922 -173.55034    -1.1471    31.8212    1440.00  0.000e+00
     30.322   62.55922 -173.55034    -1.1454    31.8217    1440.01  0.000e+00
     30.337   62.55922 -173.55034    -1.1439    31.8217    1440.01  0.000e+00
     30.337   62.55922 -173.55034    -1.1425    31.8221    1440.02  0.000e+00
     30.322   62.55922 -173.55034    -1.1413    31.8216    1440.02  0.000e+00
     30.391   62.55922 -173.55034    -1.1402    31.8205    1440.03  0.000e+00
     30.376   62.55922 -173.55034    -1.1393    31.8201    1440.03  0.000e+00
     30.391   62.55922 -173.55034    -1.1378    31.8192    1440.04  0.000e+00
     30.437   62.55922 -173.55034    -1.1373    31.8195    1440.04  0.000e+00
     30.391   62.55922 -173.55034    -1.1363    31.8212    1440.05  0.000e+00
     30.445   62.55922 -173.55034    -1.1354    31.8210    1440.05  0.000e+00
     30.491   62.55922 -173.55034    -1.1343    31.8208    1440.06  0.000e+00
     30.445   62.55922 -173.55034    -1.1331    31.8210    1440.07  0.000e+00
     30.491   62.55922 -173.55034    -1.1318    31.8214    1440.07  0.000e+00
     30.507   62.55922 -173.55034    -1.1300    31.8209    1440.08  0.000e+00
     30.507   62.55922 -173.55034    -1.1287    31.8212    1440.09  0.000e+00
     30.545   62.55922 -173.55034    -1.1275    31.8210    1440.09  0.000e+00
     30.561   62.55922 -173.55034    -1.1261    31.8192    1440.10  0.000e+00
     30.545   62.55922 -173.55034    -1.1255    31.8193    1440.10  0.000e+00
     30.623   62.55922 -173.55034    -1.1244    31.8204    1440.11  0.000e+00
     30.545   62.55922 -173.55034    -1.1233    31.8201    1440.11  0.000e+00
     30.623   62.55922 -173.55034    -1.1228    31.8199    1440.12  0.000e+00
     30.623   62.55922 -173.55034    -1.1223    31.8220    1440.12  0.000e+00
     30.661   62.55922 -173.55034    -1.1217    31.8216    1440.12  0.000e+00
     30.623   62.55922 -173.55034    -1.1210    31.8190    1440.12  0.000e+00
     30.661   62.55922 -173.55034    -1.1206    31.8196    1440.13  0.000e+00
     30.677   62.55922 -173.55034    -1.1201    31.8203    1440.13  0.000e+00
     30.731   62.55922 -173.55034    -1.1200    31.8201    1440.13  0.000e+00
     30.723   62.55922 -173.55034    -1.1193    31.8185    1440.13  0.000e+00
     30.731   62.55922 -173.55034    -1.1188    31.8181    1440.13  0.000e+00
     30.723   62.55922 -173.55034    -1.1187    31.8178    1440.13  0.000e+00
     30.792   62.55922 -173.55034    -1.1187    31.8180    1440.14  0.000e+00
     30.723   62.55922 -173.55034    -1.1191    31.8182    1440.13  0.000e+00
     30.792   62.55922 -173.55034    -1.1192    31.8176    1440.13  0.000e+00
     30.792   62.55922 -173.55034    -1.1191    31.8171    1440.13  0.000e+00
     30.839   62.55922 -173.55034    -1.1196    31.8178    1440.13  0.000e+00
     30.846   62.55922 -173.55034    -1.1208    31.8189    1440.13  0.000e+00
     30.839   62.55922 -173.55034    -1.1209    31.8182    1440.13  0.000e+00
     30.846   62.55922 -173.55034    -1.1215    31.8195    1440.13  0.000e+00
     30.908   62.55922 -173.55034    -1.1219    31.8185    1440.12  0.000e+00
     30.893   62.55922 -173.55034    -1.1216    31.8179    1440.12  0.000e+00
     30.908   62.55922 -173.55034    -1.1221    31.8201    1440.12  0.000e+00
     30.893   62.55922 -173.55034    -1.1220    31.8195    1440.12  0.000e+00
     30.962   62.55922 -173.55034    -1.1222    31.8190    1440.12  0.000e+00
     30.893   62.55922 -173.55034    -1.1226    31.8193    1440.12  0.000e+00
     31.024   62.55922 -173.55034    -1.1228    31.8198    1440.12  0.000e+00
     31.024   62.55922 -173.55034    -1.1236    31.8182    1440.12  0.000e+00
     31.008   62.55922 -173.55034    -1.1243    31.8162    1440.11  0.000e+00
     31.024   62.55922 -173.55034    -1.1262    31.8166    1440.10  0.000e+00
     31.008   62.55922 -173.55034    -1.1293    31.8182    1440.09  0.000e+00
     31.078   62.55922 -173.55034    -1.1320    31.8192    1440.08  0.000e+00
     31.078   62.55922 -173.55034    -1.1340    31.8189    1440.07  0.000e+00
     31.062   62.55922 -173.55034    -1.1360    31.8185    1440.06  0.000e+00
     31.132   62.55922 -173.55034    -1.1401    31.8193    1440.04  0.000e+00
     31.124   62.55922 -173.55034    -1.1436    31.8202    1440.03  0.000e+00
     31.132   62.55922 -173.55034    -1.1452    31.8202    1440.02  0.000e+00
     31.132   62.55922 -173.55034    -1.1478    31.8214    1440.01  0.000e+00
     31.178   62.55922 -173.55034    -1.1497    31.8215    1440.00  0.000e+00
     31.193   62.55922 -173.55034    -1.1505    31.8196    1439.99  0.000e+00
     31.240   62.55922 -173.55034    -1.1534    31.8180    1439.98  0.000e+00
     31.247   62.55922 -173.55034    -1.1557    31.8171    1439.97  0.000e+00
     31.193   62.55922 -173.55034    -1.1574    31.8166    1439.96  0.000e+00
     31.294   62.55922 -173.55034    -1.1614    31.8187    1439.94  0.000e+00
     31.247   62.55922 -173.55034    -1.1659    31.8219    1439.92  0.000e+00
     31.348   62.55922 -173.55034    -1.1695    31.8211    1439.91  0.000e+00
     31.309   62.55922 -173.55034    -1.1721    31.8203    1439.89  0.000e+00
     31.363   62.55922 -173.55034    -1.1758    31.8212    1439.88  0.000e+00
     31.348   62.55922 -173.55034    -1.1799    31.8226    1439.86  0.000e+00
     31.363   62.55922 -173.55034    -1.1817    31.8224    1439.85  0.000e+00
     31.409   62.55922 -173.55034    -1.1844    31.8216    1439.84  0.000e+00
     31.425   62.55922 -173.55034    -1.1874    31.8218    1439.82  0.000e+00
     31.479   62.55922 -173.55034    -1.1890    31.8220    1439.82  0.000e+00
     31.409   62.55922 -173.55034    -1.1914    31.8233    1439.81  0.000e+00
     31.479   62.55922 -173.55034    -1.1928    31.8222    1439.80  0.000e+00
     31.525   62.55922 -173.55034    -1.1962    31.8230    1439.79  0.000e+00
     31.533   62.55922 -173.55034    -1.1992    31.8238    1439.77  0.000e+00
     31.533   62.55922 -173.55034    -1.2026    31.8239    1439.76  0.000e+00
     31.525   62.55922 -173.55034    -1.2054    31.8243    1439.74  0.000e+00
     31.595   62.55922 -173.55034    -1.2069    31.8222    1439.73  0.000e+00
     31.579   62.55922 -173.55034    -1.2095    31.8225    1439.72  0.000e+00
     31.649   62.55922 -173.55034    -1.2124    31.8239    1439.71  0.000e+00
     31.649   62.55922 -173.55034    -1.2146    31.8251    1439.70  0.000e+00
     31.641   62.55922 -173.55034    -1.2160    31.8259    1439.70  0.000e+00
     31.710   62.55922 -173.55034    -1.2175    31.8260    1439.69  0.000e+00
     31.695   62.55922 -173.55034    -1.2183    31.8251    1439.69  0.000e+00
     31.710   62.55922 -173.55034    -1.2199    31.8262    1439.68  0.000e+00
     31.764   62.55922 -173.55034    -1.2212    31.8264    1439.67  0.000e+00
     31.749   62.55922 -173.55034    -1.2216    31.8263    1439.67  0.000e+00
     31.826   62.55922 -173.55034    -1.2219    31.8268    1439.67  0.000e+00
     31.811   62.55922 -173.55034    -1.2215    31.8257    1439.67  0.000e+00
     31.826   62.55922 -173.55034    -1.2215    31.8259    1439.67  0.000e+00
     31.826   62.55922 -173.55034    -1.2218    31.8253    1439.67  0.000e+00
     31.926   62.55922 -173.55034    -1.2220    31.8251    1439.67  0.000e+00
     31.880   62.55922 -173.55034    -1.2239    31.8244    1439.66  0.000e+00
     31.865   62.55922 -173.55034    -1.2251    31.8212    1439.65  0.000e+00
     31.996   62.55922 -173.55034    -1.2284    31.8212    1439.64  0.000e+00
     31.934   62.55922 -173.55034    -1.2305    31.8207    1439.62  0.000e+00
     32.042   62.55922 -173.55034    -1.2333    31.8218    1439.62  0.000e+00
     31.996   62.55922 -173.55034    -1.2366    31.8237    1439.60  0.000e+00
     31.996   62.55922 -173.55034    -1.2390    31.8248    1439.59  0.000e+00
     32.096   62.55922 -173.55034    -1.2399    31.8241    1439.59  0.000e+00
     32.050   62.55922 -173.55034    -1.2413    31.8255    1439.58  0.000e+00
     32.096   62.55922 -173.55032    -1.2422    31.8260    1439.58  0.000e+00
     32.111   62.55922 -173.55032    -1.2434    31.8251    1439.57  0.000e+00
     32.165   62.55922 -173.55032    -1.2448    31.8238    1439.57  0.000e+00
     32.150   62.55922 -173.55032    -1.2468    31.8248    1439.56  0.000e+00
     32.165   62.55922 -173.55032    -1.2484    31.8264    1439.55  0.000e+00
     32.212   62.55922 -173.55032    -1.2503    31.8263    1439.54  0.000e+00
     32.281   62.55922 -173.55032    -1.2515    31.8247    1439.54  0.000e+00
     32.227   62.55922 -173.55032    -1.2536    31.8252    1439.53  0.000e+00
     32.266   62.55922 -173.55032    -1.2558    31.8256    1439.52  0.000e+00
     32.335   62.55922 -173.55032    -1.2578    31.8268    1439.51  0.000e+00
     32.281   62.55922 -173.55032    -1.2593    31.8280    1439.50  0.000e+00
     32.381   62.55922 -173.55032    -1.2611    31.8282    1439.50  0.000e+00
     32.335   62.55922 -173.55032    -1.2624    31.8288    1439.49  0.000e+00
     32.381   62.55922 -173.55032    -1.2633    31.8288    1439.49  0.000e+00
     32.451   62.55922 -173.55032    -1.2647    31.8289    1439.48  0.000e+00
     32.397   62.55922 -173.55032    -1.2663    31.8284    1439.47  0.000e+00
     32.497   62.55922 -173.55032    -1.2697    31.8290    1439.46  0.000e+00
     32.451   62.55922 -173.55032    -1.2727    31.8287    1439.44  0.000e+00
     32.567   62.55922 -173.55032    -1.2758    31.8295    1439.43  0.000e+00
     32.497   62.55922 -173.55032    -1.2787    31.8310    1439.42  0.000e+00
     32.628   62.55922 -173.55032    -1.2810    31.8312    1439.41  0.000e+00
     32.559   62.55922 -173.55032    -1.2833    31.8313    1439.40  0.000e+00
     32.567   62.55922 -173.55032    -1.2856    31.8324    1439.39  0.000e+00
     32.628   62.55922 -173.55032    -1.2885    31.8346    1439.38  0.000e+00
     32.729   62.55922 -173.55032    -1.2905    31.8350    1439.37  0.000e+00
     32.682   62.55922 -173.55032    -1.2924    31.8358    1439.36  0.000e+00
     32.682   62.55922 -173.55032    -1.2942    31.8361    1439.35  0.000e+00
     32.729   62.55922 -173.55032    -1.2963    31.8366    1439.35  0.000e+00
     32.736   62.55922 -173.55032    -1.2983    31.8367    1439.34  0.000e+00
     32.783   62.55922 -173.55032    -1.3008    31.8378    1439.33  0.000e+00
     32.798   62.55922 -173.55032    -1.3032    31.8389    1439.32  0.000e+00
     32.852   62.55922 -173.55032    -1.3054    31.8405    1439.31  0.000e+00
     32.898   62.55922 -173.55032    -1.3079    31.8413    1439.30  0.000e+00
     32.852   62.55922 -173.55032    -1.3101    31.8406    1439.29  0.000e+00
     32.914   62.55922 -173.55032    -1.3130    31.8411    1439.27  0.000e+00
     32.960   62.55922 -173.55032    -1.3164    31.8437    1439.26  0.000e+00
     32.968   62.55922 -173.55032    -1.3194    31.8454    1439.25  0.000e+00
     33.014   62.55922 -173.55032    -1.3217    31.8465    1439.24  0.000e+00
     32.968   62.55922 -173.55032    -1.3235    31.8478    1439.23  0.000e+00
     33.029   62.55922 -173.55032    -1.3252    31.8472    1439.23  0.000e+00
     33.068   62.55922 -173.55032    -1.3272    31.8479    1439.22  0.000e+00
     33.083   62.55922 -173.55032    -1.3287    31.8485    1439.21  0.000e+00
     33.137   62.55922 -173.55032    -1.3308    31.8498    1439.20  0.000e+00
     33.130   62.55922 -173.55032    -1.3323    31.8510    1439.20  0.000e+00
     33.199   62.55922 -173.55032    -1.3337    31.8518    1439.20  0.000e+00
     33.199   62.55922 -173.55032    -1.3348    31.8517    1439.19  0.000e+00
     33.246   62.55922 -173.55032    -1.3355    31.8510    1439.19  0.000e+00
     33.253   62.55922 -173.55032    -1.3374    31.8505    1439.18  0.000e+00
     33.245   62.55922 -173.55032    -1.3394    31.8518    1439.17  0.000e+00
     33.315   62.55922 -173.55032    -1.3406    31.8523    1439.16  0.000e+00
     33.315   62.55922 -173.55032    -1.3426    31.8531    1439.16  0.000e+00
     33.361   62.55922 -173.55032    -1.3446    31.8533    1439.15  0.000e+00
     33.369   62.55922 -173.55032    -1.3462    31.8545    1439.14  0.000e+00
     33.423   62.55922 -173.55032    -1.3483    31.8563    1439.14  0.000e+00
     33.415   62.55922 -173.55032    -1.3501    31.8575    1439.13  0.000e+00
     33.423   62.55922 -173.55032    -1.3512    31.8576    1439.12  0.000e+00
     33.485   62.55922 -173.55032    -1.3527    31.8589    1439.12  0.000e+00
     33.531   62.55922 -173.55032    -1.3541    31.8590    1439.11  0.000e+00
     33.539   62.55922 -173.55032    -1.3557    31.8600    1439.11  0.000e+00
     33.539   62.55922 -173.55032    -1.3574    31.8614    1439.10  0.000e+00
     33.585   62.55922 -173.55032    -1.3578    31.8614    1439.10  0.000e+00
     33.600   62.55922 -173.55032    -1.3583    31.8619    1439.10  0.000e+00
     33.647   62.55922 -173.55032    -1.3586    31.8627    1439.10  0.000e+00
     33.654   62.55922 -173.55032    -1.3595    31.8627    1439.09  0.000e+00
     33.716   62.55922 -173.55032    -1.3597    31.8630    1439.09  0.000e+00
     33.701   62.55922 -173.55032    -1.3601    31.8640    1439.09  0.000e+00
     33.716   62.55922 -173.55032    -1.3604    31.8641    1439.09  0.000e+00
     33.770   62.55922 -173.55032    -1.3606    31.8649    1439.09  0.000e+00
     33.762   62.55922 -173.55032    -1.3603    31.8658    1439.10  0.000e+00
     33.824   62.55922 -173.55032    -1.3591    31.8661    1439.10  0.000e+00
     33.824   62.55922 -173.55032    -1.3586    31.8672    1439.11  0.000e+00
     33.870   62.55922 -173.55032    -1.3578    31.8676    1439.11  0.000e+00
     33.886   62.55922 -173.55032    -1.3577    31.8685    1439.11  0.000e+00
     33.886   62.55922 -173.55032    -1.3576    31.8692    1439.12  0.000e+00
     33.932   62.55922 -173.55032    -1.3584    31.8714    1439.12  0.000e+00
     33.940   62.55922 -173.55032    -1.3597    31.8713    1439.11  0.000e+00
     34.002   62.55922 -173.55032    -1.3615    31.8715    1439.10  0.000e+00
     33.986   62.55922 -173.55032    -1.3635    31.8726    1439.09  0.000e+00
     34.002   62.55922 -173.55032    -1.3663    31.8730    1439.08  0.000e+00
     34.056   62.55922 -173.55032    -1.3685    31.8723    1439.07  0.000e+00
     34.048   62.55922 -173.55032    -1.3713    31.8740    1439.06  0.000e+00
     34.117   62.55922 -173.55032    -1.3730    31.8743    1439.05  0.000e+00
     34.117   62.55922 -173.55032    -1.3745    31.8749    1439.05  0.000e+00
     34.102   62.55922 -173.55032    -1.3766    31.8768    1439.04  0.000e+00
     34.171   62.55922 -173.55032    -1.3791    31.8778    1439.03  0.000e+00
     34.164   62.55922 -173.55032    -1.3807    31.8778    1439.02  0.000e+00
     34.171   62.55922 -173.55032    -1.3814    31.8781    1439.02  0.000e+00
     34.225   62.55922 -173.55032    -1.3818    31.8783    1439.02  0.000e+00
     34.218   62.55922 -173.55032    -1.3823    31.8770    1439.01  0.000e+00
     34.287   62.55922 -173.55032    -1.3833    31.8769    1439.01  0.000e+00
     34.287   62.55922 -173.55032    -1.3842    31.8770    1439.01  0.000e+00
     34.272   62.55922 -173.55032    -1.3853    31.8784    1439.00  0.000e+00
     34.287   62.55922 -173.55032    -1.3859    31.8789    1439.00  0.000e+00
     34.341   62.55922 -173.55032    -1.3868    31.8794    1439.00  0.000e+00
     34.333   62.55922 -173.55032    -1.3878    31.8792    1438.99  0.000e+00
     34.341   62.55922 -173.55032    -1.3888    31.8795    1438.99  0.000e+00
     34.403   62.55922 -173.55034    -1.3893    31.8801    1438.99  0.000e+00
     34.387   62.55922 -173.55034    -1.3895    31.8798    1438.99  0.000e+00
     34.403   62.55922 -173.55034    -1.3902    31.8800    1438.98  0.000e+00
     34.403   62.55922 -173.55034    -1.3912    31.8808    1438.98  0.000e+00
     34.449   62.55922 -173.55034    -1.3920    31.8818    1438.98  0.000e+00
     34.457   62.55922 -173.55034    -1.3920    31.8809    1438.98  0.000e+00
