EcoFOCI/data/1_SampleCollection/2023_SikuliaqDBO_CruiseData/CTD_raw_BottleFile_SKQ23-12S/proc/skq202312s_025.cnv
* Sea-Bird SBE 9 Data File:
* FileName = D:\CTD\SKQ202312S\SKQ202312S_025.hex
* Software Version Seasave V 7.26.7.121
* Temperature SN = 6177
* Conductivity SN = 0369
* Number of Bytes Per Scan = 41
* Number of Voltage Words = 4
* Number of Scans Averaged by the Deck Unit = 1
* NMEA Latitude = 71 14.81 N
* NMEA Longitude = 157 09.84 W
* NMEA UTC (Time) = Sep 20 2023  21:07:47
* NMEA baud rate = 4800
** Ship: R/V Sikuliaq
** Station Number: 025
** Station Name: DBO5.1
** Bottom Depth: 46
** Operator: SD
# nquan = 24
# nvalues = 4850                                  
# units = specified
# name 0 = depSM: Depth [salt water, m]
# name 1 = latitude: Latitude [deg]
# name 2 = longitude: Longitude [deg]
# name 3 = prDM: Pressure, Digiquartz [db]
# name 4 = t090C: Temperature [ITS-90, deg C]
# name 5 = t190C: Temperature, 2 [ITS-90, deg C]
# name 6 = potemp090C: Potential Temperature [ITS-90, deg C]
# name 7 = sal00: Salinity, Practical [PSU]
# name 8 = sal11: Salinity, Practical, 2 [PSU]
# name 9 = density00: Density [density, kg/m^3]
# name 10 = sigma-é00: Density [sigma-theta, kg/m^3]
# name 11 = sbox0Mm/Kg: Oxygen, SBE 43 [umol/kg]
# name 12 = sbox1Mm/Kg: Oxygen, SBE 43, 2 [umol/kg]
# name 13 = oxsolMm/Kg: Oxygen Saturation, Garcia & Gordon [umol/kg]
# name 14 = sbeox0PS: Oxygen, SBE 43 [% saturation]
# name 15 = sbeox1PS: Oxygen, SBE 43, 2 [% saturation]
# name 16 = v0: Voltage 0
# name 17 = flECO-AFL: Fluorescence, WET Labs ECO-AFL/FL [mg/m^3]
# name 18 = v1: Voltage 1
# name 19 = CStarAt0: Beam Attenuation, WET Labs C-Star [1/m]
# name 20 = par: PAR/Irradiance, Biospherical/Licor
# name 21 = scan: Scan Count
# name 22 = timeM: Time, Elapsed [minutes]
# name 23 = flag:  0.000e+00
# span 0 =      1.605,     41.238                 
# span 1 =   71.24684,   71.24686                 
# span 2 = -157.16436, -157.16418                 
# span 3 =      1.622,     41.667                 
# span 4 =     2.4755,     4.5770                 
# span 5 =     2.4789,     4.5734                 
# span 6 =     2.4734,     4.5766                 
# span 7 =    30.1353,    31.6743                 
# span 8 =    30.1028,    31.6893                 
# span 9 =  1023.9299,  1025.4648                 
# span 10 =    23.9162,    25.2718                
# span 11 =    302.149,    322.425                
# span 12 =    287.957,    307.807                
# span 13 =  320.99086,  335.16143                
# span 14 =     93.063,     96.624                
# span 15 =     88.779,     92.506                
# span 16 =     0.0855,     0.2112                
# span 17 =     0.1648,     0.9194                
# span 18 =     2.1905,     4.0733                
# span 19 =     0.5830,     3.0654                
# span 20 = 1.0000e-12, 2.0801e+02                
# span 21 =          1,       4850                
# span 22 =     0.0000,     3.3674                
# span 23 = 0.0000e+00, 0.0000e+00                
# interval = seconds: 0.0416667
# start_time = Sep 20 2023 21:11:24 [NMEA time, first data scan]
# bad_flag = -9.990e-29
*END*
[from data line 604]
      4.010   71.24684 -157.16420      4.051     4.0743     4.0682     4.0740    30.1601    30.1629  1023.9504    23.9314    310.999    295.801  325.89486     95.429     90.754     0.1868     0.7729     3.0452     1.7470 6.3246e+01        605     0.4194  0.000e+00
      3.948   71.24684 -157.16420      3.989     4.0739     4.0682     4.0737    30.1616    30.1624  1023.9514    23.9327    310.777    296.048  325.89351     95.361     90.830     0.1880     0.7802     3.0464     1.7454 6.3068e+01        606     0.4201  0.000e+00
      4.010   71.24684 -157.16420      4.051     4.0731     4.0679     4.0729    30.1656    30.1621  1023.9549    23.9359    310.951    296.135  325.89014     95.416     90.856     0.1868     0.7729     3.0452     1.7470 6.3068e+01        607     0.4208  0.000e+00
      4.010   71.24684 -157.16420      4.051     4.0731     4.0674     4.0729    30.1695    30.1621  1023.9580    23.9390    310.937    296.202  325.88046     95.414     90.875     0.1880     0.7802     3.0464     1.7454 6.2891e+01        608     0.4215  0.000e+00
      4.010   71.24684 -157.16420      4.051     4.0731     4.0671     4.0729    30.1725    30.1622  1023.9604    23.9414    310.924    296.271  325.87309     95.413     90.896     0.1868     0.7729     3.0464     1.7454 6.2714e+01        609     0.4222  0.000e+00
      4.010   71.24684 -157.16420      4.051     4.0739     4.0672     4.0737    30.1746    30.1626  1023.9620    23.9430    310.907    296.337  325.86162     95.411     90.917     0.1868     0.7729     3.0464     1.7454 6.2714e+01        610     0.4229  0.000e+00
      4.064   71.24684 -157.16420      4.106     4.0747     4.0671     4.0745    30.1768    30.1630  1023.9639    23.9447    310.892    296.411  325.85003     95.410     90.939     0.1856     0.7656     3.0464     1.7454 6.2714e+01        611     0.4236  0.000e+00
      4.064   71.24684 -157.16420      4.106     4.0769     4.0672     4.0767    30.1777    30.1632  1023.9644    23.9452    310.865    296.483  325.83031     95.407     90.962     0.1868     0.7729     3.0464     1.7454 6.2537e+01        612     0.4243  0.000e+00
      4.064   71.24684 -157.16420      4.106     4.0807     4.0676     4.0805    30.1765    30.1632  1023.9631    23.9439    310.830    296.536  325.80312     95.404     90.978     0.1856     0.7656     3.0452     1.7470 6.2537e+01        613     0.4250  0.000e+00
      4.064   71.24684 -157.16420      4.106     4.0834     4.0674     4.0832    30.1732    30.1633  1023.9603    23.9410    310.810    296.784  325.78993     95.402     91.054     0.1868     0.7729     3.0464     1.7454 6.2537e+01        614     0.4257  0.000e+00
      4.064   71.24684 -157.16420      4.106     4.0828     4.0671     4.0825    30.1725    30.1631  1023.9598    23.9405    310.811    296.865  325.79668     95.400     91.078     0.1856     0.7656     3.0452     1.7470 6.2537e+01        615     0.4264  0.000e+00
      4.010   71.24684 -157.16420      4.051     4.0808     4.0674     4.0805    30.1739    30.1629  1023.9608    23.9418    311.030    296.749  325.80918     95.464     91.044     0.1868     0.7729     3.0464     1.7454 6.2537e+01        616     0.4271  0.000e+00
      4.064   71.24684 -157.16420      4.106     4.0801     4.0676     4.0798    30.1759    30.1636  1023.9627    23.9434    310.881    296.809  325.80977     95.418     91.063     0.1880     0.7802     3.0464     1.7454 6.2714e+01        617     0.4278  0.000e+00
      4.041   71.24684 -157.16420      4.082     4.0812     4.0683     4.0809    30.1770    30.1635  1023.9633    23.9442    310.862    296.841  325.79835     95.416     91.074     0.1844     0.7582     3.0464     1.7454 6.2714e+01        618     0.4285  0.000e+00
      4.064   71.24684 -157.16420      4.106     4.0810     4.0691     4.0808    30.1796    30.1639  1023.9655    23.9463    310.853    297.067  325.79322     95.414     91.145     0.1807     0.7362     3.0464     1.7454 6.2891e+01        619     0.4292  0.000e+00
      4.064   71.24684 -157.16420      4.106     4.0812     4.0696     4.0809    30.1823    30.1640  1023.9677    23.9484    310.840    297.124  325.78525     95.413     91.164     0.1783     0.7216     3.0464     1.7454 6.2891e+01        620     0.4299  0.000e+00
      4.064   71.24684 -157.16420      4.106     4.0831     4.0699     4.0828    30.1855    30.1643  1023.9700    23.9508    310.811    297.183  325.76248     95.410     91.183     0.1795     0.7289     3.0464     1.7454 6.3068e+01        621     0.4306  0.000e+00
      4.118   71.24684 -157.16420      4.160     4.0864     4.0697     4.0862    30.1894    30.1661  1023.9731    23.9536    310.770    297.244  325.72650     95.408     91.203     0.1783     0.7216     3.0452     1.7470 6.3068e+01        622     0.4313  0.000e+00
      4.118   71.24684 -157.16420      4.160     4.0895     4.0720     4.0893    30.1950    30.1681  1023.9772    23.9577    310.725    297.283  325.68822     95.406     91.221     0.1795     0.7289     3.0525     1.7374 6.3068e+01        623     0.4319  0.000e+00
      4.118   71.24684 -157.16420      4.160     4.0924     4.0740     4.0921    30.1972    30.1725  1023.9787    23.9592    310.690    297.509  325.65998     95.403     91.298     0.1783     0.7216     3.0586     1.7294 6.3068e+01        624     0.4326  0.000e+00
      4.179   71.24684 -157.16422      4.222     4.0937     4.0768     4.0934    30.1974    30.1788  1023.9790    23.9592    310.676    297.534  325.64945     95.402     91.316     0.1783     0.7216     3.0598     1.7278 6.3068e+01        625     0.4333  0.000e+00
      4.118   71.24684 -157.16422      4.160     4.0935     4.0832     4.0933    30.1974    30.1899  1023.9788    23.9593    310.669    297.513  325.65064     95.400     91.332     0.1783     0.7216     3.0598     1.7278 6.3068e+01        626     0.4340  0.000e+00
      4.179   71.24684 -157.16422      4.222     4.0935     4.0872     4.0933    30.1964    30.2101  1023.9782    23.9585    310.669    297.495  325.65314     95.399     91.349     0.1795     0.7289     3.0586     1.7294 6.2891e+01        627     0.4347  0.000e+00
      4.179   71.24684 -157.16422      4.222     4.0935     4.0912     4.0933    30.1954    30.2317  1023.9774    23.9576    310.878    297.468  325.65565     95.462     91.364     0.1783     0.7216     3.0586     1.7294 6.2714e+01        628     0.4354  0.000e+00
      4.118   71.24684 -157.16422      4.160     4.0935     4.1011     4.0933    30.1969    30.2439  1023.9783    23.9588    310.685    297.411  325.65195     95.404     91.377     0.1795     0.7289     3.0598     1.7278 6.2714e+01        629     0.4361  0.000e+00
      4.179   71.24684 -157.16422      4.222     4.0932     4.1070     4.0929    30.1976    30.2484  1023.9793    23.9595    310.716    297.385  325.65260     95.413     91.385     0.1783     0.7216     3.0586     1.7294 6.2714e+01        630     0.4368  0.000e+00
      4.118   71.24684 -157.16422      4.160     4.0930     4.1102     4.0928    30.1984    30.2479  1023.9796    23.9601    310.920    297.574  325.65184     95.476     91.450     0.1783     0.7216     3.0586     1.7294 6.2537e+01        631     0.4375  0.000e+00
      4.118   71.24684 -157.16422      4.160     4.0956     4.1126     4.0953    30.1955    30.2519  1023.9770    23.9575    310.931    297.590  325.63910     95.483     91.463     0.1783     0.7216     3.0586     1.7294 6.2537e+01        632     0.4382  0.000e+00
      4.179   71.24684 -157.16422      4.222     4.0952     4.1237     4.0950    30.1997    30.2655  1023.9807    23.9609    310.950    297.512  325.63119     95.492     91.473     0.1783     0.7216     3.0598     1.7278 6.2537e+01        633     0.4389  0.000e+00
      4.156   71.24684 -157.16422      4.199     4.0970     4.1396     4.0967    30.2204    30.2893  1023.9969    23.9772    310.731    297.367  325.56685     95.443     91.480     0.1795     0.7289     3.0586     1.7294 6.2537e+01        634     0.4396  0.000e+00
      4.118   71.24684 -157.16422      4.160     4.1076     4.1517     4.1074    30.2349    30.3059  1024.0072    23.9877    310.809    297.263  325.44713     95.502     91.487     0.1783     0.7216     3.0586     1.7294 6.2537e+01        635     0.4403  0.000e+00
      4.233   71.24684 -157.16422      4.277     4.1240     4.1582     4.1238    30.2517    30.3082  1024.0196    23.9996    310.657    297.240  325.27605     95.506     91.496     0.1795     0.7289     3.0598     1.7278 6.2361e+01        636     0.4410  0.000e+00
      4.179   71.24684 -157.16422      4.222     4.1441     4.1503     4.1438    30.2578    30.2973  1024.0223    24.0025    310.491    297.162  325.10247     95.506     91.447     0.1783     0.7216     3.0586     1.7294 6.2361e+01        637     0.4417  0.000e+00
      4.179   71.24684 -157.16422      4.222     4.1497     4.1382     4.1494    30.2534    30.2737  1024.0183    23.9985    310.507    297.506  325.06903     95.520     91.509     0.1795     0.7289     3.0586     1.7294 6.2361e+01        638     0.4424  0.000e+00
      4.233   71.24684 -157.16422      4.277     4.1439     4.1296     4.1437    30.2418    30.2529  1024.0098    23.9898    310.606    297.813  325.14282     95.529     91.570     0.1783     0.7216     3.0586     1.7294 6.2186e+01        639     0.4431  0.000e+00
      4.233   71.24684 -157.16422      4.277     4.1361     4.1280     4.1358    30.2323    30.2540  1024.0031    23.9831    310.714    297.837  325.22822     95.537     91.575     0.1795     0.7289     3.0586     1.7294 6.2011e+01        640     0.4437  0.000e+00
      4.233   71.24684 -157.16422      4.277     4.1296     4.1326     4.1293    30.2252    30.2703  1023.9980    23.9780    310.804    297.794  325.29678     95.545     91.583     0.1783     0.7216     3.0598     1.7278 6.1837e+01        641     0.4444  0.000e+00
      4.179   71.24684 -157.16422      4.222     4.1215     4.1418     4.1212    30.2183    30.2849  1023.9930    23.9732    310.903    297.711  325.37789     95.551     91.588     0.1795     0.7289     3.0586     1.7294 6.1837e+01        642     0.4451  0.000e+00
      4.233   71.24684 -157.16422      4.277     4.1142     4.1526     4.1140    30.2153    30.2991  1023.9916    23.9716    310.989    297.615  325.44258     95.559     91.592     0.1770     0.7143     3.0525     1.7374 6.1316e+01        643     0.4458  0.000e+00
      4.233   71.24684 -157.16422      4.277     4.1125     4.1627     4.1122    30.2168    30.3103  1023.9930    23.9729    311.014    297.716  325.45260     95.564     91.654     0.1783     0.7216     3.0452     1.7470 6.1316e+01        644     0.4465  0.000e+00
      4.233   71.24684 -157.16422      4.277     4.1125     4.1698     4.1122    30.2134    30.3118  1023.9903    23.9702    311.034    297.477  325.46097     95.567     91.597     0.1770     0.7143     3.0440     1.7486 6.1144e+01        645     0.4472  0.000e+00
      4.233   71.24684 -157.16422      4.277     4.1089     4.1721     4.1086    30.2024    30.3087  1023.9818    23.9618    311.102    297.640  325.51680     95.572     91.650     0.1783     0.7216     3.0440     1.7486 6.0800e+01        646     0.4479  0.000e+00
      4.295   71.24684 -157.16422      4.339     4.1027     4.1650     4.1024    30.1942    30.3049  1023.9762    23.9559    311.186    297.730  325.58592     95.577     91.659     0.1770     0.7143     3.0440     1.7486 6.0629e+01        647     0.4486  0.000e+00
      4.295   71.24684 -157.16422      4.339     4.0975     4.1515     4.0972    30.1931    30.2930  1023.9759    23.9555    311.242    297.693  325.62978     95.581     91.610     0.1783     0.7216     3.0440     1.7486 6.0459e+01        648     0.4493  0.000e+00
      4.264   71.24684 -157.16422      4.308     4.0934     4.1384     4.0931    30.2028    30.2759  1023.9837    23.9635    311.260    298.018  325.63877     95.584     91.669     0.1770     0.7143     3.0452     1.7470 5.9950e+01        649     0.4500  0.000e+00
      4.295   71.24684 -157.16422      4.339     4.0957     4.1319     4.0955    30.2176    30.2638  1023.9954    23.9751    311.246    298.106  325.58377     95.596     91.673     0.1770     0.7143     3.0440     1.7486 5.9781e+01        650     0.4507  0.000e+00
      4.349   71.24684 -157.16422      4.394     4.1000     4.1294     4.0997    30.2281    30.2606  1024.0037    23.9831    311.192    298.137  325.52412     95.597     91.675     0.1758     0.7069     3.0452     1.7470 5.9613e+01        651     0.4514  0.000e+00
      4.349   71.24684 -157.16422      4.394     4.1035     4.1328     4.1032    30.2339    30.2612  1024.0079    23.9873    311.152    298.104  325.48209     95.597     91.673     0.1770     0.7143     3.0452     1.7470 5.9111e+01        652     0.4521  0.000e+00
      4.295   71.24684 -157.16422      4.339     4.1060     4.1296     4.1058    30.2369    30.2620  1024.0098    23.9895    311.124    298.309  325.45469     95.597     91.729     0.1783     0.7216     3.0440     1.7486 5.8779e+01        653     0.4528  0.000e+00
      4.349   71.24684 -157.16422      4.394     4.1073     4.1270     4.1070    30.2364    30.2623  1024.0095    23.9890    311.330    298.147  325.44593     95.663     91.674     0.1770     0.7143     3.0452     1.7470 5.8614e+01        654     0.4535  0.000e+00
      4.349   71.24684 -157.16422      4.394     4.1052     4.1259     4.1050    30.2288    30.2638  1024.0037    23.9831    311.151    298.154  325.48091     95.597     91.674     0.1783     0.7216     3.0452     1.7470 5.8285e+01        655     0.4542  0.000e+00
      4.349   71.24684 -157.16422      4.394     4.0998     4.1218     4.0996    30.2142    30.2606  1023.9926    23.9721    311.015    298.191  325.55936     95.532     91.675     0.1770     0.7143     3.0452     1.7470 5.7957e+01        656     0.4549  0.000e+00
      4.349   71.24684 -157.16422      4.394     4.0915     4.1181     4.0912    30.2076    30.2528  1023.9882    23.9676    311.278    298.233  325.64188     95.589     91.674     0.1783     0.7216     3.0452     1.7470 5.7957e+01        657     0.4556  0.000e+00
      4.349   71.24684 -157.16422      4.394     4.0869     4.1155     4.0866    30.2144    30.2498  1023.9940    23.9734    311.296    298.439  325.66150     95.589     91.729     0.1770     0.7143     3.0452     1.7470 5.7631e+01        658     0.4562  0.000e+00
      4.410   71.24684 -157.16422      4.456     4.0889     4.1148     4.0887    30.2234    30.2505  1024.0013    23.9804    311.040    298.451  325.62312     95.522     91.732     0.1783     0.7216     3.0440     1.7486 5.7146e+01        659     0.4569  0.000e+00
      4.410   71.24684 -157.16422      4.456     4.0937     4.1132     4.0934    30.2282    30.2505  1024.0046    23.9837    311.162    298.462  325.57402     95.573     91.732     0.1770     0.7143     3.0452     1.7470 5.7146e+01        660     0.4576  0.000e+00
      4.410   71.24684 -157.16422      4.456     4.0978     4.1101     4.0975    30.2298    30.2472  1024.0055    23.9846    311.115    298.489  325.53755     95.569     91.731     0.1783     0.7216     3.0452     1.7470 5.6825e+01        661     0.4583  0.000e+00
      4.410   71.24684 -157.16422      4.456     4.1008     4.1080     4.1005    30.2313    30.2437  1024.0064    23.9855    311.075    298.502  325.50965     95.566     91.728     0.1770     0.7143     3.0440     1.7486 5.6347e+01        662     0.4590  0.000e+00
      4.380   71.24684 -157.16422      4.425     4.1036     4.1088     4.1033    30.2326    30.2459  1024.0070    23.9863    310.824    298.495  325.48441     95.496     91.729     0.1783     0.7216     3.0940     1.6833 5.6347e+01        663     0.4597  0.000e+00
      4.464   71.24684 -157.16422      4.510     4.1059     4.1138     4.1056    30.2326    30.2541  1024.0072    23.9861    310.977    298.440  325.46640     95.548     91.729     0.1770     0.7143     3.1990     1.5498 5.6030e+01        664     0.4604  0.000e+00
