EcoFOCI/data/1_SampleCollection/2023_SikuliaqDBO_CruiseData/CTD_raw_BottleFile_SKQ23-12S/proc/skq202312s_019.ros
* Sea-Bird SBE 9 Data File:
* FileName = D:\CTD\SKQ202312S\SKQ202312S_019.hex
* Software Version Seasave V 7.26.7.121
* Temperature SN = 6177
* Conductivity SN = 0369
* Number of Bytes Per Scan = 41
* Number of Voltage Words = 4
* Number of Scans Averaged by the Deck Unit = 1
* NMEA Latitude = 64 59.99 N
* NMEA Longitude = 168 13.30 W
* NMEA UTC (Time) = Sep 17 2023  22:28:58
* NMEA baud rate = 4800
** Ship: R/V Sikuliaq
** Station Number: 019
** Station Name: DBO2.7
** Bottom Depth: 45
** Operator: SD
# nquan = 22
# nvalues = 882                                   
# units = specified
# name 0 = depSM: Depth [salt water, m]
# name 1 = latitude: Latitude [deg]
# name 2 = longitude: Longitude [deg]
# name 3 = prDM: Pressure, Digiquartz [db]
# name 4 = t090C: Temperature [ITS-90, deg C]
# name 5 = t190C: Temperature, 2 [ITS-90, deg C]
# name 6 = potemp090C: Potential Temperature [ITS-90, deg C]
# name 7 = sal00: Salinity, Practical [PSU]
# name 8 = sal11: Salinity, Practical, 2 [PSU]
# name 9 = density00: Density [density, kg/m^3]
# name 10 = sigma-é00: Density [sigma-theta, kg/m^3]
# name 11 = sbox0Mm/Kg: Oxygen, SBE 43 [umol/kg]
# name 12 = sbox1Mm/Kg: Oxygen, SBE 43, 2 [umol/kg]
# name 13 = oxsolMm/Kg: Oxygen Saturation, Garcia & Gordon [umol/kg]
# name 14 = sbeox0PS: Oxygen, SBE 43 [% saturation]
# name 15 = v0: Voltage 0
# name 16 = flECO-AFL: Fluorescence, WET Labs ECO-AFL/FL [mg/m^3]
# name 17 = CStarAt0: Beam Attenuation, WET Labs C-Star [1/m]
# name 18 = par: PAR/Irradiance, Biospherical/Licor
# name 19 = scan: Scan Count
# name 20 = nbf: Bottles Fired
# name 21 = flag:  0.000e+00
# interval = seconds: 0.0416667
# start_time = Sep 17 2023 22:32:38 [NMEA time, first data scan]
# bad_flag = -9.990e-29
*END*
[from data line 856]
      1.706   64.99988 -168.22156      1.722     7.4167     7.4191     7.4166    24.8701    27.1973  1019.4107    19.4027    157.305    280.810  313.06730     50.246     0.3223     1.5861     1.0467 2.1394e+02      22976         18  0.000e+00
      1.821   64.99988 -168.22156      1.839     7.4169     7.4188     7.4168    24.8689    27.1972  1019.4102    19.4017    157.288    280.790  313.06868     50.241     0.3236     1.5934     1.0467 2.1274e+02      22977         18  0.000e+00
      1.783   64.99988 -168.22156      1.800     7.4170     7.4189     7.4169    24.8680    27.1973  1019.4093    19.4010    157.270    280.759  313.07003     50.235     0.3223     1.5861     1.0480 2.0859e+02      22978         18  0.000e+00
      1.760   64.99988 -168.22156      1.777     7.4171     7.4189     7.4170    24.8666    27.1973  1019.4081    19.3999    157.255    280.552  313.07281     50.230     0.3236     1.5934     1.0467 2.0684e+02      22979         18  0.000e+00
      1.821   64.99988 -168.22156      1.839     7.4170     7.4189     7.4169    24.8676    27.1969  1019.4091    19.4006    157.242    280.702  313.07104     50.226     0.3223     1.5861     1.0480 2.0281e+02      22980         18  0.000e+00
      1.821   64.99988 -168.22156      1.839     7.4171     7.4191     7.4170    24.8663    27.1971  1019.4082    19.3996    157.288    280.687  313.07353     50.240     0.3223     1.5861     1.0507 1.8431e+02      22981         18  0.000e+00
      1.821   64.99988 -168.22156      1.839     7.4172     7.4191     7.4171    24.8645    27.1974  1019.4067    19.3982    157.283    280.672  313.07667     50.238     0.3223     1.5861     1.0507 1.7769e+02      22982         18  0.000e+00
      1.875   64.99988 -168.22156      1.894     7.4172     7.4189     7.4170    24.8671    27.1976  1019.4091    19.4003    157.277    280.660  313.07092     50.237     0.3223     1.5861     1.0507 1.7819e+02      22983         18  0.000e+00
      1.875   64.99988 -168.22156      1.894     7.4171     7.4188     7.4169    24.8680    27.1977  1019.4098    19.4010    157.274    280.645  313.06960     50.236     0.3223     1.5861     1.0507 1.8639e+02      22984         18  0.000e+00
      1.821   64.99988 -168.22156      1.839     7.4174     7.4191     7.4173    24.8672    27.1975  1019.4089    19.4003    157.272    280.643  313.06923     50.236     0.3223     1.5861     1.0507 1.9010e+02      22985         18  0.000e+00
      1.875   64.99988 -168.22156      1.894     7.4172     7.4189     7.4171    24.8672    27.1977  1019.4091    19.4003    157.276    280.647  313.07041     50.237     0.3223     1.5861     1.0507 1.9064e+02      22986         18  0.000e+00
      1.937   64.99988 -168.22156      1.956     7.4172     7.4191     7.4170    24.8652    27.1974  1019.4078    19.3987    157.285    280.650  313.07540     50.239     0.3223     1.5861     1.0507 1.9608e+02      22987         18  0.000e+00
      1.875   64.99988 -168.22156      1.894     7.4172     7.4191     7.4171    24.8667    27.1971  1019.4087    19.3999    157.288    280.650  313.07161     50.240     0.3223     1.5861     1.0507 1.9941e+02      22988         18  0.000e+00
      1.937   64.99988 -168.22156      1.956     7.4174     7.4191     7.4172    24.8656    27.1971  1019.4081    19.3990    157.299    280.654  313.07300     50.243     0.3223     1.5861     1.0507 1.9998e+02      22989         18  0.000e+00
      1.937   64.99988 -168.22156      1.956     7.4174     7.4189     7.4173    24.8659    27.1973  1019.4083    19.3993    157.309    280.656  313.07197     50.247     0.3199     1.5714     1.0507 2.0742e+02      22990         18  0.000e+00
      1.937   64.99988 -168.22156      1.956     7.4172     7.4191     7.4171    24.8669    27.1976  1019.4092    19.4001    157.322    280.656  313.07107     50.251     0.3089     1.5055     1.0507 2.1455e+02      22991         18  0.000e+00
      1.937   64.99988 -168.22156      1.956     7.4174     7.4189     7.4172    24.8667    27.1978  1019.4090    19.3999    157.337    280.833  313.07045     50.256     0.3028     1.4688     1.0507 2.1515e+02      22992         18  0.000e+00
      1.991   64.99988 -168.22156      2.011     7.4174     7.4189     7.4173    24.8654    27.1978  1019.4082    19.3989    157.357    280.853  313.07306     50.262     0.3028     1.4688     1.0507 2.1697e+02      22993         18  0.000e+00
      1.937   64.99988 -168.22156      1.956     7.4174     7.4189     7.4172    24.8669    27.1984  1019.4091    19.4000    157.177    281.043  313.07007     50.205     0.3028     1.4688     1.0507 2.1943e+02      22994         18  0.000e+00
      1.991   64.99988 -168.22156      2.011     7.4174     7.4188     7.4173    24.8666    27.1986  1019.4092    19.3998    157.373    280.902  313.07029     50.267     0.3040     1.4762     1.0507 2.1943e+02      22995         18  0.000e+00
      1.991   64.99988 -168.22156      2.011     7.4174     7.4186     7.4172    24.8644    27.1991  1019.4074    19.3981    157.373    280.917  313.07582     50.267     0.3040     1.4762     1.0507 2.2067e+02      22996         18  0.000e+00
      1.991   64.99988 -168.22156      2.011     7.4174     7.4188     7.4173    24.8652    27.1993  1019.4080    19.3987    157.201    280.929  313.07366     50.212     0.3040     1.4762     1.0507 2.2316e+02      22997         18  0.000e+00
      1.991   64.99988 -168.22156      2.011     7.4172     7.4188     7.4170    24.8642    27.1991  1019.4073    19.3980    157.179    280.943  313.07762     50.204     0.3040     1.4762     1.0507 2.2379e+02      22998         18  0.000e+00
      2.053   64.99988 -168.22156      2.073     7.4172     7.4188     7.4171    24.8654    27.1990  1019.4085    19.3989    157.382    280.958  313.07454     50.270     0.3028     1.4688     1.0507 2.2505e+02      22999         18  0.000e+00
      1.991   64.99988 -168.22156      2.011     7.4171     7.4189     7.4169    24.8670    27.1990  1019.4095    19.4002    157.386    280.967  313.07195     50.271     0.3040     1.4762     1.0507 2.2760e+02      23000         18  0.000e+00
      2.053   64.99988 -168.22156      2.073     7.4170     7.4186     7.4169    24.8659    27.1990  1019.4089    19.3993    157.281    280.983  313.07484     50.238     0.3040     1.4762     1.0467 2.2824e+02      23001         18  0.000e+00
