EcoFOCI/data/1_SampleCollection/2023_SikuliaqDBO_CruiseData/CTD_raw_BottleFile_SKQ23-12S/proc/skq202312s_032.cnv
* Sea-Bird SBE 9 Data File:
* FileName = D:\CTD\SKQ202312S\SKQ202312S_032.hex
* Software Version Seasave V 7.26.7.121
* Temperature SN = 6177
* Conductivity SN = 0369
* Number of Bytes Per Scan = 41
* Number of Voltage Words = 4
* Number of Scans Averaged by the Deck Unit = 1
* NMEA Latitude = 71 32.18 N
* NMEA Longitude = 157 45.08 W
* NMEA UTC (Time) = Sep 21 2023  12:37:07
* NMEA baud rate = 4800
** Ship: R/V Sikuliaq
** Station Number: 032
** Station Name: DBO5.8
** Bottom Depth: 72
** Operator: SD
# nquan = 24
# nvalues = 7300                                  
# units = specified
# name 0 = depSM: Depth [salt water, m]
# name 1 = latitude: Latitude [deg]
# name 2 = longitude: Longitude [deg]
# name 3 = prDM: Pressure, Digiquartz [db]
# name 4 = t090C: Temperature [ITS-90, deg C]
# name 5 = t190C: Temperature, 2 [ITS-90, deg C]
# name 6 = potemp090C: Potential Temperature [ITS-90, deg C]
# name 7 = sal00: Salinity, Practical [PSU]
# name 8 = sal11: Salinity, Practical, 2 [PSU]
# name 9 = density00: Density [density, kg/m^3]
# name 10 = sigma-é00: Density [sigma-theta, kg/m^3]
# name 11 = sbox0Mm/Kg: Oxygen, SBE 43 [umol/kg]
# name 12 = sbox1Mm/Kg: Oxygen, SBE 43, 2 [umol/kg]
# name 13 = oxsolMm/Kg: Oxygen Saturation, Garcia & Gordon [umol/kg]
# name 14 = sbeox0PS: Oxygen, SBE 43 [% saturation]
# name 15 = sbeox1PS: Oxygen, SBE 43, 2 [% saturation]
# name 16 = v0: Voltage 0
# name 17 = flECO-AFL: Fluorescence, WET Labs ECO-AFL/FL [mg/m^3]
# name 18 = v1: Voltage 1
# name 19 = CStarAt0: Beam Attenuation, WET Labs C-Star [1/m]
# name 20 = par: PAR/Irradiance, Biospherical/Licor
# name 21 = scan: Scan Count
# name 22 = timeM: Time, Elapsed [minutes]
# name 23 = flag:  0.000e+00
# span 0 =      2.874,     65.566                 
# span 1 =   71.53636,   71.53644                 
# span 2 = -157.75158, -157.75112                 
# span 3 =      2.904,     66.253                 
# span 4 =    -1.6089,     2.4267                 
# span 5 =    -1.6071,     2.3802                 
# span 6 =    -1.6098,     2.4263                 
# span 7 =    29.6885,    32.9300                 
# span 8 =    29.6972,    32.9391                 
# span 9 =  1023.7109,  1026.8110                 
# span 10 =    23.6949,    26.4921                
# span 11 =    271.464,    427.133                
# span 12 =    258.924,    403.894                
# span 13 =  339.54386,  369.62036                
# span 14 =     73.649,    119.309                
# span 15 =     70.259,    112.158                
# span 16 =     0.0659,     0.1746                
# span 17 =     0.0476,     0.6996                
# span 18 =     2.8742,     4.1770                
# span 19 =     0.4824,     1.9782                
# span 20 = 1.0000e-12, 7.9719e-01                
# span 21 =          1,       7300                
# span 22 =     0.0000,     5.0687                
# span 23 = 0.0000e+00, 0.0000e+00                
# interval = seconds: 0.0416667
# start_time = Sep 21 2023 12:41:52 [NMEA time, first data scan]
# bad_flag = -9.990e-29
*END*
[from data line 2717]
     26.238   71.53644 -157.75128     26.511    -1.3275    -1.3289    -1.3280    32.3596    32.3702  1026.1510    26.0231    343.105    328.413  367.92238     93.255     89.265     0.0757     0.1062     4.1697     0.4894 8.4714e-06       2718     1.8868  0.000e+00
     26.161   71.53644 -157.75128     26.433    -1.3275    -1.3290    -1.3280    32.3593    32.3689  1026.1504    26.0229    343.093    328.415  367.92375     93.251     89.265     0.0769     0.1135     4.1709     0.4882 8.4714e-06       2719     1.8875  0.000e+00
     26.215   71.53644 -157.75128     26.488    -1.3275    -1.3279    -1.3280    32.3593    32.3664  1026.1507    26.0229    342.846    328.163  367.92321     93.184     89.197     0.0757     0.1062     4.1709     0.4882 1.0000e-12       2720     1.8882  0.000e+00
     26.177   71.53644 -157.75128     26.449    -1.3273    -1.3260    -1.3279    32.3595    32.3635  1026.1507    26.0231    342.822    328.105  367.92150     93.178     89.184     0.0757     0.1062     4.1697     0.4894 8.4714e-06       2721     1.8889  0.000e+00
     26.277   71.53644 -157.75128     26.550    -1.3272    -1.3236    -1.3277    32.3593    32.3594  1026.1510    26.0229    342.825    327.832  367.92027     93.179     89.113     0.0745     0.0989     4.1697     0.4894 1.0000e-12       2722     1.8896  0.000e+00
     26.177   71.53644 -157.75128     26.449    -1.3270    -1.3210    -1.3275    32.3596    32.3564  1026.1507    26.0231    342.531    327.753  367.91781     93.100     89.095     0.0757     0.1062     4.1697     0.4894 8.4714e-06       2723     1.8903  0.000e+00
     26.215   71.53644 -157.75128     26.488    -1.3267    -1.3192    -1.3272    32.3592    32.3549  1026.1506    26.0228    342.729    327.694  367.91607     93.154     89.083     0.0757     0.1062     4.1697     0.4894 8.4714e-06       2724     1.8910  0.000e+00
     26.215   71.53644 -157.75128     26.487    -1.3263    -1.3173    -1.3268    32.3578    32.3528  1026.1494    26.0216    342.479    327.417  367.91570     93.086     89.010     0.0757     0.1062     4.1685     0.4906 8.4714e-06       2725     1.8917  0.000e+00
     26.177   71.53644 -157.75128     26.449    -1.3252    -1.3173    -1.3257    32.3544    32.3523  1026.1465    26.0189    342.455    327.362  367.91473     93.080     88.995     0.0757     0.1062     4.1624     0.4964 8.4714e-06       2726     1.8924  0.000e+00
     26.161   71.53644 -157.75128     26.433    -1.3234    -1.3173    -1.3239    32.3516    32.3524  1026.1441    26.0166    342.186    327.285  367.90518     93.009     88.974     0.0769     0.1135     4.1587     0.5000 8.4714e-06       2727     1.8931  0.000e+00
     26.238   71.53644 -157.75128     26.511    -1.3200    -1.3158    -1.3205    32.3494    32.3520  1026.1425    26.0146    342.390    327.241  367.87824     93.072     88.965     0.0794     0.1282     4.1587     0.5000 8.4714e-06       2728     1.8938  0.000e+00
     26.161   71.53644 -157.75128     26.433    -1.3153    -1.3130    -1.3158    32.3463    32.3510  1026.1396    26.0120    342.080    326.930  367.84052     92.997     88.887     0.0781     0.1209     4.1587     0.5000 8.4714e-06       2729     1.8944  0.000e+00
     26.177   71.53644 -157.75128     26.448    -1.3101    -1.3073    -1.3106    32.3418    32.3477  1026.1358    26.0082    342.001    326.809  367.80197     92.985     88.865     0.0794     0.1282     4.1587     0.5000 1.0000e-12       2730     1.8951  0.000e+00
     26.215   71.53644 -157.75128     26.487    -1.3055    -1.3017    -1.3060    32.3379    32.3439  1026.1327    26.0049    341.949    326.702  367.76797     92.979     88.847     0.0794     0.1282     4.1600     0.4988 8.4714e-06       2731     1.8958  0.000e+00
     26.161   71.53644 -157.75128     26.433    -1.3008    -1.2966    -1.3013    32.3342    32.3398  1026.1293    26.0018    341.705    326.381  367.73217     92.922     88.769     0.0794     0.1282     4.1600     0.4988 8.4714e-06       2732     1.8965  0.000e+00
     26.238   71.53644 -157.75128     26.511    -1.2963    -1.2937    -1.2968    32.3305    32.3380  1026.1266    25.9987    341.600    326.291  367.69865     92.902     88.750     0.0794     0.1282     4.1587     0.5000 8.4714e-06       2733     1.8972  0.000e+00
     26.161   71.53644 -157.75128     26.433    -1.2936    -1.2922    -1.2941    32.3283    32.3357  1026.1244    25.9969    341.267    326.223  367.67822     92.817     88.734     0.0781     0.1209     4.1587     0.5000 8.4714e-06       2734     1.8979  0.000e+00
     26.123   71.53644 -157.75128     26.394    -1.2922    -1.2932    -1.2927    32.3261    32.3358  1026.1224    25.9950    341.436    325.962  367.67098     92.865     88.660     0.0794     0.1282     4.1587     0.5000 8.4714e-06       2735     1.8986  0.000e+00
     26.161   71.53644 -157.75128     26.433    -1.2917    -1.2942    -1.2923    32.3245    32.3352  1026.1212    25.9937    341.173    325.917  367.67130     92.793     88.645     0.0781     0.1209     4.1587     0.5000 1.0000e-12       2736     1.8993  0.000e+00
     26.123   71.53644 -157.75128     26.394    -1.2930    -1.2957    -1.2935    32.3242    32.3352  1026.1208    25.9935    340.894    325.853  367.68394     92.714     88.624     0.0794     0.1282     4.1600     0.4988 1.0000e-12       2737     1.9000  0.000e+00
     26.161   71.53644 -157.75128     26.433    -1.2944    -1.2973    -1.2950    32.3241    32.3353  1026.1209    25.9934    340.853    325.580  367.69902     92.699     88.546     0.0794     0.1282     4.1587     0.5000 1.0000e-12       2738     1.9007  0.000e+00
     26.161   71.53644 -157.75128     26.433    -1.2963    -1.2993    -1.2968    32.3241    32.3362  1026.1210    25.9935    340.787    325.289  367.71711     92.676     88.463     0.0794     0.1282     4.1600     0.4988 8.4714e-06       2739     1.9014  0.000e+00
     26.061   71.53644 -157.75128     26.331    -1.2990    -1.3015    -1.2996    32.3245    32.3371  1026.1209    25.9939    340.492    325.207  367.74319     92.590     88.436     0.0794     0.1282     4.1587     0.5000 8.4714e-06       2740     1.9021  0.000e+00
     26.161   71.53644 -157.75128     26.433    -1.3017    -1.3033    -1.3022    32.3250    32.3380  1026.1219    25.9944    340.435    325.146  367.76775     92.568     88.416     0.0781     0.1209     4.1587     0.5000 8.4714e-06       2741     1.9028  0.000e+00
     26.061   71.53644 -157.75128     26.331    -1.3047    -1.3057    -1.3052    32.3264    32.3393  1026.1226    25.9956    340.396    325.065  367.79379     92.551     88.389     0.0794     0.1282     4.1587     0.5000 1.0000e-12       2742     1.9035  0.000e+00
     26.161   71.53644 -157.75128     26.433    -1.3071    -1.3077    -1.3076    32.3280    32.3400  1026.1245    25.9970    340.127    324.776  367.81296     92.473     88.306     0.0806     0.1355     4.1600     0.4988 1.0000e-12       2743     1.9042  0.000e+00
     25.984   71.53644 -157.75128     26.254    -1.3094    -1.3093    -1.3099    32.3294    32.3409  1026.1248    25.9981    340.079    324.682  367.83173     92.455     88.278     0.0794     0.1282     4.1587     0.5000 1.0000e-12       2744     1.9049  0.000e+00
     26.123   71.53644 -157.75128     26.394    -1.3108    -1.3106    -1.3113    32.3307    32.3419  1026.1266    25.9992    340.011    324.420  367.84152     92.434     88.204     0.0794     0.1282     4.1587     0.5000 1.0000e-12       2745     1.9056  0.000e+00
     26.099   71.53644 -157.75128     26.370    -1.3113    -1.3115    -1.3118    32.3321    32.3419  1026.1276    26.0004    339.744    324.104  367.84197     92.361     88.116     0.0781     0.1209     4.1587     0.5000 8.4714e-06       2746     1.9063  0.000e+00
     26.061   71.53644 -157.75128     26.331    -1.3125    -1.3128    -1.3130    32.3342    32.3425  1026.1292    26.0022    339.669    324.004  367.84831     92.339     88.086     0.0794     0.1282     4.1575     0.5011 8.4714e-06       2747     1.9069  0.000e+00
     26.045   71.53644 -157.75128     26.316    -1.3136    -1.3157    -1.3141    32.3353    32.3442  1026.1300    26.0030    339.622    323.709  367.85550     92.325     88.000     0.0781     0.1209     4.1575     0.5011 8.4714e-06       2748     1.9076  0.000e+00
     26.061   71.53644 -157.75128     26.331    -1.3147    -1.3177    -1.3152    32.3366    32.3447  1026.1311    26.0041    339.345    323.624  367.86252     92.248     87.973     0.0794     0.1282     4.1575     0.5011 8.4714e-06       2749     1.9083  0.000e+00
     26.045   71.53644 -157.75128     26.316    -1.3161    -1.3192    -1.3166    32.3374    32.3457  1026.1318    26.0048    339.258    323.552  367.87440     92.221     87.950     0.0806     0.1355     4.1575     0.5011 8.4714e-06       2750     1.9090  0.000e+00
     26.045   71.53644 -157.75128     26.316    -1.3183    -1.3207    -1.3188    32.3384    32.3465  1026.1327    26.0057    338.949    323.501  367.89348     92.132     87.933     0.0794     0.1282     4.1575     0.5011 8.4714e-06       2751     1.9097  0.000e+00
     26.007   71.53644 -157.75128     26.277    -1.3174    -1.3218    -1.3179    32.3373    32.3470  1026.1316    26.0048    339.104    323.237  367.88759     92.176     87.859     0.0794     0.1282     4.1587     0.5000 8.4714e-06       2752     1.9104  0.000e+00
     26.045   71.53644 -157.75128     26.316    -1.3144    -1.3231    -1.3149    32.3349    32.3472  1026.1297    26.0027    338.549    323.163  367.86452     92.031     87.836     0.0769     0.1135     4.1587     0.5000 8.4714e-06       2753     1.9111  0.000e+00
     26.007   71.53644 -157.75128     26.277    -1.3122    -1.3242    -1.3127    32.3329    32.3475  1026.1278    26.0010    338.445    322.876  367.84887     92.007     87.756     0.0769     0.1135     4.1587     0.5000 1.0000e-12       2754     1.9118  0.000e+00
     25.984   71.53644 -157.75128     26.253    -1.3098    -1.3245    -1.3103    32.3324    32.3475  1026.1273    26.0006    338.315    322.572  367.82624     91.977     87.672     0.0757     0.1062     4.1587     0.5000 8.4714e-06       2755     1.9125  0.000e+00
     26.007   71.53644 -157.75128     26.277    -1.3064    -1.3249    -1.3069    32.3318    32.3483  1026.1268    26.0001    337.949    322.486  367.79450     91.885     87.649     0.0769     0.1135     4.1575     0.5011 8.4714e-06       2756     1.9132  0.000e+00
     26.045   71.53644 -157.75128     26.316    -1.3038    -1.3242    -1.3043    32.3301    32.3483  1026.1255    25.9985    337.834    322.188  367.77418     91.859     87.570     0.0781     0.1209     4.1575     0.5011 8.4714e-06       2757     1.9139  0.000e+00
     25.984   71.53644 -157.75128     26.253    -1.3018    -1.3228    -1.3023    32.3293    32.3477  1026.1245    25.9978    337.491    321.873  367.75655     91.770     87.487     0.0769     0.1135     4.1575     0.5011 1.0000e-12       2758     1.9146  0.000e+00
     25.953   71.53644 -157.75128     26.222    -1.2985    -1.3213    -1.2990    32.3270    32.3481  1026.1224    25.9959    337.124    321.775  367.73033     91.677     87.464     0.0769     0.1135     4.1587     0.5000 1.0000e-12       2759     1.9153  0.000e+00
     25.984   71.53644 -157.75128     26.253    -1.2966    -1.3190    -1.2971    32.3255    32.3467  1026.1213    25.9946    336.965    321.475  367.71651     91.637     87.387     0.0757     0.1062     4.1587     0.5000 8.4714e-06       2760     1.9160  0.000e+00
     25.953   71.53644 -157.75128     26.222    -1.2971    -1.3172    -1.2976    32.3245    32.3465  1026.1204    25.9939    336.908    321.136  367.72377     91.620     87.299     0.0769     0.1135     4.1575     0.5011 8.4714e-06       2761     1.9167  0.000e+00
     25.984   71.53644 -157.75126     26.253    -1.2981    -1.3149    -1.2986    32.3241    32.3455  1026.1202    25.9935    336.586    321.019  367.73538     91.529     87.271     0.0757     0.1062     4.1587     0.5000 8.4714e-06       2762     1.9174  0.000e+00
     25.984   71.53644 -157.75126     26.253    -1.2997    -1.3119    -1.3002    32.3249    32.3446  1026.1209    25.9943    336.250    320.692  367.74818     91.435     87.189     0.0769     0.1135     4.1575     0.5011 8.4714e-06       2763     1.9181  0.000e+00
     25.953   71.53644 -157.75126     26.222    -1.3004    -1.3104    -1.3009    32.3261    32.3437  1026.1217    25.9952    336.097    320.602  367.75229     91.392     87.168     0.0781     0.1209     4.1575     0.5011 8.4714e-06       2764     1.9188  0.000e+00
     25.984   71.53644 -157.75126     26.253    -1.3010    -1.3096    -1.3016    32.3273    32.3428  1026.1229    25.9962    335.724    320.289  367.75499     91.290     87.084     0.0757     0.1062     4.1575     0.5011 1.0000e-12       2765     1.9194  0.000e+00
     25.953   71.53644 -157.75126     26.222    -1.3004    -1.3089    -1.3009    32.3270    32.3425  1026.1225    25.9960    335.583    319.969  367.74956     91.253     86.998     0.0781     0.1209     4.1563     0.5023 8.4714e-06       2766     1.9201  0.000e+00
     25.984   71.53644 -157.75126     26.253    -1.2998    -1.3080    -1.3004    32.3267    32.3420  1026.1223    25.9957    335.226    319.647  367.74488     91.157     86.913     0.0757     0.1062     4.1551     0.5035 1.0000e-12       2767     1.9208  0.000e+00
     26.007   71.53644 -157.75126     26.277    -1.2994    -1.3077    -1.2999    32.3269    32.3417  1026.1226    25.9958    335.371    319.557  367.73972     91.198     86.888     0.0757     0.1062     4.1551     0.5035 8.4714e-06       2768     1.9215  0.000e+00
     25.984   71.53644 -157.75126     26.253    -1.2986    -1.3077    -1.2991    32.3269    32.3415  1026.1225    25.9958    334.776    319.466  367.73178     91.038     86.863     0.0781     0.1209     4.1551     0.5035 8.4714e-06       2769     1.9222  0.000e+00
     25.984   71.53644 -157.75126     26.253    -1.2985    -1.3072    -1.2990    32.3274    32.3417  1026.1229    25.9962    334.642    319.170  367.72914     91.002     86.784     0.0769     0.1135     4.1551     0.5035 8.4714e-06       2770     1.9229  0.000e+00
     26.007   71.53644 -157.75126     26.277    -1.2969    -1.3060    -1.2974    32.3267    32.3416  1026.1224    25.9956    334.536    319.062  367.71576     90.977     86.758     0.0781     0.1209     4.1551     0.5035 8.4714e-06       2771     1.9236  0.000e+00
     25.984   71.53644 -157.75126     26.253    -1.2949    -1.3048    -1.2954    32.3259    32.3409  1026.1216    25.9949    334.155    318.756  367.69834     90.878     86.677     0.0769     0.1135     4.1551     0.5035 8.4714e-06       2772     1.9243  0.000e+00
     26.007   71.53644 -157.75126     26.277    -1.2928    -1.3041    -1.2933    32.3252    32.3402  1026.1211    25.9943    334.072    318.454  367.67923     90.860     86.596     0.0769     0.1135     4.1551     0.5035 8.4714e-06       2773     1.9250  0.000e+00
     26.045   71.53644 -157.75126     26.316    -1.2908    -1.3039    -1.2913    32.3238    32.3393  1026.1200    25.9931    333.726    318.355  367.66416     90.769     86.569     0.0769     0.1135     4.1551     0.5035 8.4714e-06       2774     1.9257  0.000e+00
     26.045   71.53644 -157.75126     26.316    -1.2896    -1.3048    -1.2901    32.3235    32.3400  1026.1198    25.9929    333.375    318.062  367.65243     90.677     86.487     0.0769     0.1135     4.1551     0.5035 8.4714e-06       2775     1.9264  0.000e+00
     26.007   71.53644 -157.75126     26.277    -1.2882    -1.3055    -1.2887    32.3229    32.3399  1026.1190    25.9923    333.221    317.768  367.64072     90.638     86.406     0.0769     0.1135     4.1551     0.5035 8.4714e-06       2776     1.9271  0.000e+00
     26.045   71.53644 -157.75126     26.316    -1.2874    -1.3064    -1.2880    32.3224    32.3410  1026.1188    25.9919    332.912    317.705  367.63477     90.555     86.387     0.0769     0.1135     4.1551     0.5035 8.4714e-06       2777     1.9278  0.000e+00
