EcoFOCI/data/1_SampleCollection/2023_SikuliaqDBO_CruiseData/CTD_raw_BottleFile_SKQ23-12S/proc/skq202312s_083svp.cnv
* Sea-Bird SBE 9 Data File:
* FileName = D:\CTD\SKQ202312S\SKQ202312S_083.hex
* Software Version Seasave V 7.26.7.121
* Temperature SN = 6177
* Conductivity SN = 0369
* Number of Bytes Per Scan = 41
* Number of Voltage Words = 4
* Number of Scans Averaged by the Deck Unit = 1
* NMEA Latitude = 65 38.84 N
* NMEA Longitude = 168 16.47 W
* NMEA UTC (Time) = Oct 03 2023  11:08:11
* NMEA baud rate = 4800
** Ship: R/V Sikuliaq
** Station Number: 083
** Station Name: BS2
** Bottom Depth: 45
** Operator: SD
# nquan = 7
# nvalues = 2989                                  
# units = specified
# name 0 = depSM: Depth [salt water, m]
# name 1 = latitude: Latitude [deg]
# name 2 = longitude: Longitude [deg]
# name 3 = t090C: Temperature [ITS-90, deg C]
# name 4 = sal00: Salinity, Practical [PSU]
# name 5 = svCM: Sound Velocity [Chen-Millero, m/s]
# name 6 = flag:  0.000e+00
# span 0 =      2.442,     40.356                 
# span 1 =   65.64734,   65.64734                 
# span 2 = -168.27482, -168.27476                 
# span 3 =     2.9949,     6.6692                 
# span 4 =    28.0364,    32.7355                 
# span 5 =    1460.02,    1473.30                 
# span 6 = 0.0000e+00, 0.0000e+00                 
# interval = seconds: 0.0416667
# start_time = Oct 03 2023 11:11:32 [NMEA time, first data scan]
# bad_flag = -9.990e-29
*END*
[from data line 411]
      3.468   65.64734 -168.27480     5.8019    28.0379    1465.22  0.000e+00
      3.584   65.64734 -168.27480     5.8024    28.0374    1465.22  0.000e+00
      3.530   65.64734 -168.27480     5.8026    28.0372    1465.22  0.000e+00
      3.468   65.64734 -168.27480     5.8028    28.0373    1465.22  0.000e+00
      3.530   65.64734 -168.27480     5.8029    28.0373    1465.22  0.000e+00
      3.584   65.64734 -168.27480     5.8032    28.0371    1465.23  0.000e+00
      3.530   65.64734 -168.27480     5.8034    28.0369    1465.23  0.000e+00
      3.530   65.64734 -168.27480     5.8034    28.0370    1465.23  0.000e+00
      3.530   65.64734 -168.27480     5.8031    28.0374    1465.22  0.000e+00
      3.530   65.64734 -168.27480     5.8031    28.0372    1465.22  0.000e+00
      3.530   65.64734 -168.27480     5.8032    28.0371    1465.22  0.000e+00
      3.468   65.64734 -168.27480     5.8030    28.0369    1465.22  0.000e+00
      3.530   65.64734 -168.27480     5.8029    28.0365    1465.22  0.000e+00
      3.530   65.64734 -168.27480     5.8028    28.0367    1465.22  0.000e+00
      3.530   65.64734 -168.27480     5.8026    28.0364    1465.22  0.000e+00
      3.530   65.64734 -168.27480     5.8021    28.0365    1465.22  0.000e+00
      3.530   65.64734 -168.27480     5.8019    28.0368    1465.22  0.000e+00
      3.530   65.64734 -168.27480     5.8016    28.0370    1465.22  0.000e+00
      3.491   65.64734 -168.27480     5.8015    28.0372    1465.22  0.000e+00
      3.530   65.64734 -168.27480     5.8014    28.0376    1465.22  0.000e+00
      3.530   65.64734 -168.27480     5.8013    28.0378    1465.22  0.000e+00
      3.468   65.64734 -168.27480     5.8013    28.0377    1465.22  0.000e+00
      3.530   65.64734 -168.27480     5.8013    28.0379    1465.22  0.000e+00
      3.530   65.64734 -168.27480     5.8014    28.0382    1465.22  0.000e+00
      3.468   65.64734 -168.27480     5.8016    28.0382    1465.22  0.000e+00
      3.530   65.64734 -168.27480     5.8015    28.0390    1465.22  0.000e+00
      3.468   65.64734 -168.27480     5.8018    28.0394    1465.22  0.000e+00
      3.530   65.64734 -168.27480     5.8020    28.0390    1465.22  0.000e+00
      3.530   65.64734 -168.27480     5.8023    28.0388    1465.22  0.000e+00
      3.530   65.64734 -168.27480     5.8023    28.0385    1465.22  0.000e+00
      3.530   65.64734 -168.27480     5.8024    28.0386    1465.22  0.000e+00
      3.530   65.64734 -168.27480     5.8023    28.0391    1465.22  0.000e+00
      3.468   65.64734 -168.27480     5.8024    28.0395    1465.22  0.000e+00
      3.530   65.64734 -168.27480     5.8023    28.0392    1465.22  0.000e+00
      3.530   65.64734 -168.27480     5.8019    28.0398    1465.22  0.000e+00
      3.530   65.64734 -168.27480     5.8020    28.0395    1465.22  0.000e+00
      3.530   65.64734 -168.27480     5.8015    28.0399    1465.22  0.000e+00
      3.530   65.64734 -168.27480     5.8016    28.0407    1465.22  0.000e+00
      3.584   65.64734 -168.27480     5.8016    28.0410    1465.22  0.000e+00
      3.584   65.64734 -168.27480     5.8017    28.0407    1465.22  0.000e+00
      3.530   65.64734 -168.27480     5.8018    28.0403    1465.22  0.000e+00
      3.584   65.64734 -168.27480     5.8015    28.0401    1465.22  0.000e+00
      3.584   65.64734 -168.27480     5.8012    28.0401    1465.22  0.000e+00
      3.638   65.64734 -168.27480     5.8009    28.0396    1465.22  0.000e+00
      3.584   65.64734 -168.27480     5.8003    28.0400    1465.22  0.000e+00
      3.638   65.64734 -168.27480     5.8000    28.0405    1465.22  0.000e+00
      3.638   65.64734 -168.27480     5.8000    28.0406    1465.22  0.000e+00
      3.638   65.64734 -168.27480     5.7998    28.0405    1465.22  0.000e+00
      3.700   65.64734 -168.27480     5.7996    28.0405    1465.22  0.000e+00
      3.607   65.64734 -168.27480     5.7997    28.0405    1465.22  0.000e+00
      3.754   65.64734 -168.27480     5.7997    28.0407    1465.22  0.000e+00
      3.700   65.64734 -168.27480     5.8000    28.0398    1465.22  0.000e+00
      3.754   65.64734 -168.27480     5.8002    28.0397    1465.22  0.000e+00
      3.700   65.64734 -168.27480     5.8003    28.0399    1465.22  0.000e+00
      3.754   65.64734 -168.27480     5.8009    28.0393    1465.22  0.000e+00
      3.754   65.64734 -168.27480     5.8013    28.0384    1465.22  0.000e+00
      3.815   65.64734 -168.27480     5.8014    28.0383    1465.22  0.000e+00
      3.815   65.64734 -168.27480     5.8016    28.0382    1465.22  0.000e+00
      3.815   65.64734 -168.27480     5.8015    28.0393    1465.22  0.000e+00
      3.815   65.64734 -168.27480     5.8013    28.0402    1465.23  0.000e+00
      3.815   65.64734 -168.27480     5.8018    28.0404    1465.23  0.000e+00
      3.869   65.64734 -168.27480     5.8021    28.0406    1465.23  0.000e+00
      3.869   65.64734 -168.27480     5.8021    28.0407    1465.23  0.000e+00
      3.869   65.64734 -168.27480     5.8024    28.0403    1465.23  0.000e+00
      3.869   65.64734 -168.27480     5.8023    28.0402    1465.23  0.000e+00
      3.931   65.64734 -168.27480     5.8024    28.0400    1465.23  0.000e+00
      3.931   65.64734 -168.27480     5.8023    28.0402    1465.23  0.000e+00
      3.931   65.64734 -168.27480     5.8024    28.0400    1465.23  0.000e+00
      3.931   65.64734 -168.27480     5.8025    28.0403    1465.23  0.000e+00
      3.985   65.64734 -168.27480     5.8023    28.0409    1465.23  0.000e+00
      3.985   65.64734 -168.27480     5.8024    28.0411    1465.23  0.000e+00
      4.039   65.64734 -168.27480     5.8024    28.0419    1465.24  0.000e+00
      3.985   65.64734 -168.27480     5.8026    28.0425    1465.24  0.000e+00
      4.039   65.64734 -168.27480     5.8029    28.0430    1465.24  0.000e+00
      4.039   65.64734 -168.27480     5.8034    28.0439    1465.24  0.000e+00
      4.039   65.64734 -168.27480     5.8039    28.0460    1465.25  0.000e+00
      4.101   65.64734 -168.27480     5.8050    28.0474    1465.25  0.000e+00
      4.039   65.64734 -168.27480     5.8061    28.0475    1465.26  0.000e+00
      4.101   65.64734 -168.27480     5.8073    28.0460    1465.26  0.000e+00
      4.101   65.64734 -168.27480     5.8074    28.0453    1465.26  0.000e+00
      4.155   65.64734 -168.27480     5.8080    28.0457    1465.27  0.000e+00
      4.101   65.64734 -168.27480     5.8083    28.0472    1465.27  0.000e+00
      4.155   65.64734 -168.27480     5.8092    28.0479    1465.27  0.000e+00
      4.155   65.64734 -168.27480     5.8098    28.0488    1465.28  0.000e+00
      4.155   65.64734 -168.27480     5.8109    28.0492    1465.28  0.000e+00
      4.155   65.64734 -168.27480     5.8119    28.0490    1465.29  0.000e+00
      4.270   65.64734 -168.27480     5.8125    28.0490    1465.29  0.000e+00
      4.216   65.64734 -168.27480     5.8133    28.0490    1465.29  0.000e+00
      4.216   65.64734 -168.27480     5.8141    28.0492    1465.30  0.000e+00
      4.270   65.64734 -168.27480     5.8144    28.0499    1465.30  0.000e+00
      4.270   65.64734 -168.27480     5.8152    28.0495    1465.30  0.000e+00
      4.270   65.64734 -168.27480     5.8158    28.0494    1465.30  0.000e+00
      4.270   65.64734 -168.27480     5.8161    28.0485    1465.30  0.000e+00
      4.270   65.64734 -168.27480     5.8161    28.0466    1465.30  0.000e+00
      4.348   65.64734 -168.27480     5.8158    28.0437    1465.30  0.000e+00
      4.324   65.64734 -168.27480     5.8148    28.0419    1465.29  0.000e+00
      4.324   65.64734 -168.27480     5.8137    28.0405    1465.28  0.000e+00
      4.324   65.64734 -168.27480     5.8119    28.0410    1465.28  0.000e+00
      4.386   65.64734 -168.27480     5.8106    28.0443    1465.28  0.000e+00
      4.386   65.64734 -168.27480     5.8104    28.0460    1465.28  0.000e+00
      4.386   65.64734 -168.27480     5.8106    28.0467    1465.28  0.000e+00
      4.440   65.64734 -168.27480     5.8110    28.0477    1465.28  0.000e+00
      4.440   65.64734 -168.27480     5.8116    28.0492    1465.29  0.000e+00
      4.440   65.64734 -168.27480     5.8127    28.0494    1465.29  0.000e+00
      4.440   65.64734 -168.27480     5.8135    28.0503    1465.30  0.000e+00
      4.502   65.64734 -168.27480     5.8142    28.0510    1465.30  0.000e+00
      4.502   65.64734 -168.27480     5.8152    28.0511    1465.31  0.000e+00
      4.502   65.64734 -168.27480     5.8162    28.0508    1465.31  0.000e+00
      4.502   65.64734 -168.27480     5.8166    28.0510    1465.31  0.000e+00
      4.502   65.64734 -168.27480     5.8173    28.0508    1465.32  0.000e+00
      4.618   65.64734 -168.27480     5.8175    28.0487    1465.32  0.000e+00
      4.502   65.64734 -168.27480     5.8171    28.0462    1465.31  0.000e+00
      4.618   65.64734 -168.27480     5.8162    28.0450    1465.31  0.000e+00
      4.618   65.64734 -168.27480     5.8154    28.0454    1465.30  0.000e+00
      4.672   65.64734 -168.27480     5.8146    28.0461    1465.30  0.000e+00
      4.618   65.64734 -168.27480     5.8144    28.0457    1465.30  0.000e+00
      4.618   65.64734 -168.27480     5.8138    28.0457    1465.30  0.000e+00
      4.672   65.64734 -168.27480     5.8133    28.0454    1465.29  0.000e+00
      4.672   65.64734 -168.27480     5.8128    28.0439    1465.29  0.000e+00
      4.726   65.64734 -168.27480     5.8122    28.0426    1465.29  0.000e+00
      4.726   65.64734 -168.27480     5.8113    28.0436    1465.29  0.000e+00
      4.787   65.64734 -168.27480     5.8109    28.0448    1465.29  0.000e+00
      4.787   65.64734 -168.27480     5.8109    28.0451    1465.29  0.000e+00
      4.787   65.64734 -168.27480     5.8111    28.0448    1465.29  0.000e+00
      4.787   65.64734 -168.27480     5.8106    28.0456    1465.29  0.000e+00
      4.903   65.64734 -168.27480     5.8107    28.0467    1465.29  0.000e+00
      4.787   65.64734 -168.27480     5.8109    28.0471    1465.29  0.000e+00
      4.903   65.64734 -168.27480     5.8114    28.0458    1465.29  0.000e+00
      4.841   65.64734 -168.27480     5.8113    28.0454    1465.29  0.000e+00
      4.903   65.64734 -168.27480     5.8113    28.0446    1465.29  0.000e+00
      4.903   65.64734 -168.27480     5.8107    28.0444    1465.29  0.000e+00
      4.957   65.64734 -168.27480     5.8106    28.0450    1465.29  0.000e+00
      4.957   65.64734 -168.27480     5.8104    28.0461    1465.29  0.000e+00
      4.957   65.64734 -168.27480     5.8106    28.0471    1465.29  0.000e+00
      5.019   65.64734 -168.27480     5.8109    28.0467    1465.29  0.000e+00
      4.957   65.64734 -168.27480     5.8109    28.0451    1465.29  0.000e+00
      5.073   65.64734 -168.27480     5.8106    28.0443    1465.29  0.000e+00
      5.019   65.64734 -168.27480     5.8101    28.0428    1465.28  0.000e+00
      5.073   65.64734 -168.27480     5.8093    28.0431    1465.28  0.000e+00
      5.019   65.64734 -168.27480     5.8088    28.0443    1465.28  0.000e+00
      5.127   65.64734 -168.27480     5.8083    28.0448    1465.28  0.000e+00
      5.073   65.64734 -168.27480     5.8084    28.0437    1465.28  0.000e+00
      5.127   65.64734 -168.27482     5.8077    28.0429    1465.28  0.000e+00
      5.127   65.64734 -168.27482     5.8074    28.0413    1465.27  0.000e+00
      5.127   65.64734 -168.27482     5.8066    28.0403    1465.27  0.000e+00
      5.188   65.64734 -168.27482     5.8055    28.0397    1465.26  0.000e+00
      5.188   65.64734 -168.27482     5.8043    28.0397    1465.26  0.000e+00
      5.188   65.64734 -168.27482     5.8039    28.0386    1465.26  0.000e+00
      5.188   65.64734 -168.27482     5.8032    28.0381    1465.25  0.000e+00
      5.242   65.64734 -168.27482     5.8025    28.0370    1465.25  0.000e+00
      5.188   65.64734 -168.27482     5.8016    28.0370    1465.25  0.000e+00
      5.242   65.64734 -168.27482     5.8009    28.0378    1465.24  0.000e+00
      5.242   65.64734 -168.27482     5.8000    28.0377    1465.24  0.000e+00
      5.242   65.64734 -168.27482     5.7995    28.0377    1465.24  0.000e+00
      5.304   65.64734 -168.27482     5.7989    28.0382    1465.24  0.000e+00
      5.304   65.64734 -168.27482     5.7985    28.0385    1465.24  0.000e+00
      5.304   65.64734 -168.27482     5.7983    28.0378    1465.23  0.000e+00
      5.358   65.64734 -168.27482     5.7980    28.0372    1465.23  0.000e+00
      5.358   65.64734 -168.27482     5.7973    28.0379    1465.23  0.000e+00
      5.358   65.64734 -168.27482     5.7972    28.0407    1465.23  0.000e+00
      5.358   65.64734 -168.27482     5.7976    28.0460    1465.24  0.000e+00
      5.420   65.64734 -168.27482     5.7995    28.0491    1465.26  0.000e+00
      5.358   65.64734 -168.27482     5.8012    28.0477    1465.26  0.000e+00
      5.420   65.64734 -168.27482     5.8024    28.0442    1465.26  0.000e+00
      5.358   65.64734 -168.27482     5.8028    28.0427    1465.26  0.000e+00
      5.420   65.64734 -168.27482     5.8028    28.0428    1465.26  0.000e+00
      5.420   65.64734 -168.27482     5.8031    28.0488    1465.27  0.000e+00
      5.474   65.64734 -168.27482     5.8058    28.0520    1465.29  0.000e+00
      5.474   65.64734 -168.27482     5.8088    28.0528    1465.30  0.000e+00
      5.474   65.64734 -168.27482     5.8119    28.0559    1465.32  0.000e+00
      5.528   65.64734 -168.27482     5.8146    28.0608    1465.33  0.000e+00
      5.474   65.64734 -168.27482     5.8175    28.0653    1465.35  0.000e+00
      5.474   65.64734 -168.27482     5.8208    28.0671    1465.37  0.000e+00
      5.528   65.64734 -168.27482     5.8241    28.0671    1465.38  0.000e+00
      5.528   65.64734 -168.27482     5.8266    28.0676    1465.39  0.000e+00
      5.528   65.64734 -168.27482     5.8293    28.0675    1465.40  0.000e+00
      5.528   65.64734 -168.27482     5.8317    28.0665    1465.41  0.000e+00
      5.589   65.64734 -168.27482     5.8340    28.0667    1465.42  0.000e+00
      5.528   65.64734 -168.27482     5.8359    28.0673    1465.43  0.000e+00
      5.589   65.64734 -168.27482     5.8375    28.0641    1465.43  0.000e+00
      5.643   65.64734 -168.27482     5.8381    28.0585    1465.43  0.000e+00
      5.589   65.64734 -168.27482     5.8369    28.0532    1465.42  0.000e+00
      5.643   65.64734 -168.27482     5.8350    28.0486    1465.40  0.000e+00
      5.589   65.64734 -168.27482     5.8324    28.0478    1465.39  0.000e+00
      5.643   65.64734 -168.27482     5.8303    28.0500    1465.39  0.000e+00
      5.705   65.64734 -168.27482     5.8292    28.0530    1465.39  0.000e+00
      5.705   65.64734 -168.27482     5.8286    28.0560    1465.39  0.000e+00
      5.705   65.64734 -168.27482     5.8290    28.0568    1465.39  0.000e+00
      5.705   65.64734 -168.27482     5.8295    28.0583    1465.39  0.000e+00
      5.759   65.64734 -168.27482     5.8306    28.0597    1465.40  0.000e+00
      5.705   65.64734 -168.27482     5.8317    28.0582    1465.40  0.000e+00
      5.790   65.64734 -168.27482     5.8320    28.0563    1465.40  0.000e+00
      5.821   65.64734 -168.27482     5.8320    28.0565    1465.40  0.000e+00
      5.759   65.64734 -168.27482     5.8322    28.0577    1465.40  0.000e+00
      5.821   65.64734 -168.27482     5.8327    28.0581    1465.41  0.000e+00
      5.821   65.64734 -168.27482     5.8330    28.0566    1465.41  0.000e+00
      5.875   65.64734 -168.27482     5.8330    28.0559    1465.41  0.000e+00
      5.875   65.64734 -168.27482     5.8329    28.0563    1465.41  0.000e+00
      5.875   65.64734 -168.27482     5.8329    28.0555    1465.41  0.000e+00
      5.929   65.64734 -168.27482     5.8326    28.0530    1465.40  0.000e+00
      5.875   65.64734 -168.27482     5.8319    28.0524    1465.40  0.000e+00
      5.991   65.64734 -168.27482     5.8309    28.0536    1465.40  0.000e+00
      5.929   65.64734 -168.27482     5.8305    28.0540    1465.40  0.000e+00
      5.991   65.64734 -168.27482     5.8296    28.0543    1465.39  0.000e+00
