EcoFOCI/data/1_SampleCollection/2023_SikuliaqDBO_CruiseData/CTD_raw_BottleFile_SKQ23-12S/proc/skq202312s_005.ros
* Sea-Bird SBE 9 Data File:
* FileName = D:\CTD\SKQ202312S\SKQ202312S_005.hex
* Software Version Seasave V 7.26.7.121
* Temperature SN = 6177
* Conductivity SN = 0369
* Number of Bytes Per Scan = 41
* Number of Voltage Words = 4
* Number of Scans Averaged by the Deck Unit = 1
* NMEA Latitude = 62 23.39 N
* NMEA Longitude = 174 34.17 W
* NMEA UTC (Time) = Sep 15 2023  22:10:54
* NMEA baud rate = 4800
** Ship: R/V Sikuliaq
** Station Number: 005
** Station Name: DBO1.4
** Bottom Depth: 70
** Operator: SD
# nquan = 22
# nvalues = 1078                                  
# units = specified
# name 0 = depSM: Depth [salt water, m]
# name 1 = latitude: Latitude [deg]
# name 2 = longitude: Longitude [deg]
# name 3 = prDM: Pressure, Digiquartz [db]
# name 4 = t090C: Temperature [ITS-90, deg C]
# name 5 = t190C: Temperature, 2 [ITS-90, deg C]
# name 6 = potemp090C: Potential Temperature [ITS-90, deg C]
# name 7 = sal00: Salinity, Practical [PSU]
# name 8 = sal11: Salinity, Practical, 2 [PSU]
# name 9 = density00: Density [density, kg/m^3]
# name 10 = sigma-é00: Density [sigma-theta, kg/m^3]
# name 11 = sbox0Mm/Kg: Oxygen, SBE 43 [umol/kg]
# name 12 = sbox1Mm/Kg: Oxygen, SBE 43, 2 [umol/kg]
# name 13 = oxsolMm/Kg: Oxygen Saturation, Garcia & Gordon [umol/kg]
# name 14 = sbeox0PS: Oxygen, SBE 43 [% saturation]
# name 15 = v0: Voltage 0
# name 16 = flECO-AFL: Fluorescence, WET Labs ECO-AFL/FL [mg/m^3]
# name 17 = CStarAt0: Beam Attenuation, WET Labs C-Star [1/m]
# name 18 = par: PAR/Irradiance, Biospherical/Licor
# name 19 = scan: Scan Count
# name 20 = nbf: Bottles Fired
# name 21 = flag:  0.000e+00
# interval = seconds: 0.0416667
# start_time = Sep 15 2023 22:14:11 [NMEA time, first data scan]
# bad_flag = -9.990e-29
*END*
[from data line 791]
     10.041   62.38976 -174.56960     10.139     7.7826     7.7844     7.7816    30.9543    29.4721  1024.1752    24.1287    286.533    266.674  296.95682     96.490     0.1795     0.7289     0.6728 5.5873e+01      29345         17  0.000e+00
     10.103   62.38976 -174.56960     10.201     7.7822     7.7843     7.7813    30.9546    29.4750  1024.1758    24.1290    286.523    266.570  296.95855     96.486     0.1807     0.7362     0.6716 5.6030e+01      29346         17  0.000e+00
     10.041   62.38976 -174.56960     10.139     7.7821     7.7846     7.7811    30.9550    29.4757  1024.1758    24.1293    286.318    266.792  296.95865     96.417     0.1795     0.7289     0.6728 5.6189e+01      29347         17  0.000e+00
      9.987   62.38976 -174.56960     10.084     7.7822     7.7844     7.7813    30.9547    29.4777  1024.1753    24.1291    286.462    266.860  296.95828     96.466     0.1807     0.7362     0.6716 5.6347e+01      29348         17  0.000e+00
     10.126   62.38976 -174.56960     10.225     7.7827     7.7844     7.7817    30.9547    29.4786  1024.1759    24.1290    286.261    266.938  296.95539     96.399     0.1795     0.7289     0.6716 5.6347e+01      29349         17  0.000e+00
      9.987   62.38976 -174.56960     10.084     7.7829     7.7846     7.7819    30.9546    29.4761  1024.1752    24.1289    286.239    266.996  296.95415     96.392     0.1807     0.7362     0.6728 5.6506e+01      29350         17  0.000e+00
     10.041   62.38976 -174.56960     10.139     7.7832     7.7848     7.7822    30.9544    29.4740  1024.1752    24.1287    286.199    267.061  296.95261     96.379     0.1795     0.7289     0.6716 5.6506e+01      29351         17  0.000e+00
     10.041   62.38976 -174.56960     10.139     7.7842     7.7846     7.7832    30.9541    29.4779  1024.1748    24.1283    286.152    267.115  296.94665     96.365     0.1807     0.7362     0.6716 5.6506e+01      29352         17  0.000e+00
      9.987   62.38976 -174.56960     10.085     7.7844     7.7848     7.7834    30.9541    29.4783  1024.1745    24.1283    286.108    267.172  296.94525     96.351     0.1795     0.7289     0.6716 5.6506e+01      29353         17  0.000e+00
      9.987   62.38976 -174.56960     10.085     7.7845     7.7846     7.7835    30.9545    29.4834  1024.1748    24.1286    286.067    267.208  296.94374     96.337     0.1795     0.7289     0.6716 5.6665e+01      29354         17  0.000e+00
     10.018   62.38976 -174.56960     10.116     7.7845     7.7849     7.7835    30.9542    29.4794  1024.1747    24.1283    286.028    267.259  296.94448     96.324     0.1795     0.7289     0.6716 5.6665e+01      29355         17  0.000e+00
      9.987   62.38976 -174.56960     10.085     7.7845     7.7848     7.7836    30.9541    29.4831  1024.1745    24.1282    285.987    267.297  296.94437     96.310     0.1807     0.7362     0.6728 5.6665e+01      29356         17  0.000e+00
      9.987   62.38976 -174.56960     10.085     7.7846     7.7849     7.7837    30.9543    29.4790  1024.1747    24.1284    285.971    267.348  296.94310     96.305     0.1807     0.7362     0.6716 5.6665e+01      29357         17  0.000e+00
      9.987   62.38976 -174.56960     10.085     7.7845     7.7848     7.7835    30.9541    29.4777  1024.1745    24.1283    285.959    267.380  296.94453     96.300     0.1795     0.7289     0.6716 5.6665e+01      29358         17  0.000e+00
      9.988   62.38976 -174.56960     10.085     7.7842     7.7853     7.7833    30.9547    29.4733  1024.1750    24.1288    285.921    267.429  296.94493     96.288     0.1807     0.7362     0.6716 5.6665e+01      29359         17  0.000e+00
      9.926   62.38976 -174.56960     10.022     7.7842     7.7854     7.7832    30.9547    29.4709  1024.1747    24.1288    285.907    267.629  296.94535     96.283     0.1819     0.7436     0.6716 5.6665e+01      29360         17  0.000e+00
      9.926   62.38976 -174.56960     10.022     7.7842     7.7854     7.7833    30.9543    29.4790  1024.1744    24.1284    285.896    267.638  296.94598     96.279     0.1832     0.7509     0.6716 5.6665e+01      29361         17  0.000e+00
      9.957   62.38976 -174.56960     10.054     7.7840     7.7854     7.7830    30.9549    29.4791  1024.1750    24.1289    285.887    267.491  296.94633     96.276     0.1819     0.7436     0.6716 5.6665e+01      29362         17  0.000e+00
      9.988   62.38976 -174.56960     10.085     7.7842     7.7854     7.7832    30.9543    29.4764  1024.1747    24.1285    285.692    267.503  296.94620     96.210     0.1832     0.7509     0.6728 5.6825e+01      29363         17  0.000e+00
      9.872   62.38976 -174.56960      9.968     7.7845     7.7856     7.7836    30.9542    29.4769  1024.1741    24.1284    285.627    267.501  296.94402     96.189     0.1819     0.7436     0.6740 5.6665e+01      29364         17  0.000e+00
      9.988   62.38976 -174.56960     10.085     7.7842     7.7856     7.7832    30.9544    29.4747  1024.1748    24.1285    285.790    267.495  296.94604     96.243     0.1832     0.7509     0.6753 5.6825e+01      29365         17  0.000e+00
      9.872   62.38976 -174.56960      9.968     7.7838     7.7856     7.7829    30.9549    29.4721  1024.1747    24.1290    285.569    267.480  296.94720     96.168     0.1819     0.7436     0.6753 5.6986e+01      29366         17  0.000e+00
      9.926   62.38976 -174.56960     10.023     7.7837     7.7856     7.7828    30.9548    29.4707  1024.1749    24.1289    285.543    267.654  296.94813     96.159     0.1819     0.7436     0.6765 5.6986e+01      29367         17  0.000e+00
      9.926   62.38976 -174.56960     10.023     7.7837     7.7857     7.7827    30.9547    29.4677  1024.1748    24.1288    285.517    267.672  296.94876     96.150     0.1819     0.7436     0.6753 5.6986e+01      29368         17  0.000e+00
      9.903   62.38976 -174.56960      9.999     7.7835     7.7856     7.7826    30.9549    29.4740  1024.1749    24.1290    285.492    267.671  296.94930     96.142     0.1819     0.7436     0.6753 5.7146e+01      29369         17  0.000e+00
      9.872   62.38976 -174.56960      9.968     7.7834     7.7856     7.7824    30.9548    29.4713  1024.1747    24.1290    285.469    267.667  296.95038     96.134     0.1819     0.7436     0.6753 5.7146e+01      29370         17  0.000e+00
      9.926   62.38976 -174.56960     10.023     7.7832     7.7854     7.7822    30.9552    29.4744  1024.1753    24.1293    285.451    267.824  296.95091     96.127     0.1819     0.7436     0.6753 5.7146e+01      29371         17  0.000e+00
      9.872   62.38976 -174.56960      9.968     7.7837     7.7854     7.7827    30.9550    29.4743  1024.1748    24.1291    285.427    267.842  296.94800     96.120     0.1832     0.7509     0.6765 5.7308e+01      29372         17  0.000e+00
      9.872   62.38976 -174.56960      9.968     7.7835     7.7856     7.7826    30.9549    29.4727  1024.1747    24.1290    285.412    267.860  296.94927     96.115     0.1819     0.7436     0.6753 5.7308e+01      29373         17  0.000e+00
      9.926   62.38976 -174.56960     10.023     7.7837     7.7854     7.7827    30.9547    29.4691  1024.1748    24.1289    285.399    267.883  296.94860     96.111     0.1832     0.7509     0.6753 5.7469e+01      29374         17  0.000e+00
      9.872   62.38976 -174.56960      9.968     7.7835     7.7853     7.7826    30.9545    29.4680  1024.1744    24.1287    285.386    267.895  296.95014     96.106     0.1819     0.7436     0.6753 5.7631e+01      29375         17  0.000e+00
      9.903   62.38976 -174.56960     10.000     7.7835     7.7848     7.7826    30.9548    29.4692  1024.1748    24.1290    285.376    267.906  296.94938     96.103     0.1832     0.7509     0.6753 5.7631e+01      29376         17  0.000e+00
      9.872   62.38976 -174.56960      9.968     7.7838     7.7846     7.7829    30.9545    29.4748  1024.1744    24.1287    285.365    267.900  296.94815     96.099     0.1819     0.7436     0.6753 5.7631e+01      29377         17  0.000e+00
      9.872   62.38976 -174.56960      9.968     7.7839     7.7844     7.7829    30.9544    29.4744  1024.1743    24.1286    285.359    267.905  296.94792     96.097     0.1832     0.7509     0.6753 5.7631e+01      29378         17  0.000e+00
      9.872   62.38976 -174.56960      9.968     7.7837     7.7844     7.7827    30.9543    29.4766  1024.1743    24.1285    285.356    267.900  296.94950     96.096     0.1819     0.7436     0.6753 5.7794e+01      29379         17  0.000e+00
      9.872   62.38976 -174.56960      9.968     7.7830     7.7844     7.7821    30.9545    29.4828  1024.1745    24.1288    285.359    267.886  296.95348     96.095     0.1832     0.7509     0.6753 5.7794e+01      29380         17  0.000e+00
      9.872   62.38976 -174.56960      9.968     7.7827     7.7841     7.7818    30.9548    29.4826  1024.1747    24.1290    285.360    268.054  296.95491     96.095     0.1819     0.7436     0.6753 5.7631e+01      29381         17  0.000e+00
      9.872   62.38976 -174.56960      9.968     7.7829     7.7841     7.7820    30.9551    29.4838  1024.1750    24.1293    285.360    268.059  296.95316     96.096     0.1832     0.7509     0.6753 5.7631e+01      29382         17  0.000e+00
      9.903   62.38976 -174.56960     10.000     7.7832     7.7843     7.7822    30.9546    29.4777  1024.1747    24.1289    285.365    268.075  296.95216     96.098     0.1819     0.7436     0.6765 5.7631e+01      29383         17  0.000e+00
      9.872   62.38976 -174.56960      9.969     7.7829     7.7839     7.7820    30.9549    29.4723  1024.1748    24.1291    285.371    267.916  296.95356     96.100     0.1819     0.7436     0.6765 5.7469e+01      29384         17  0.000e+00
      9.873   62.38976 -174.56960      9.969     7.7825     7.7838     7.7816    30.9553    29.4703  1024.1752    24.1295    285.381    268.074  296.95499     96.102     0.1819     0.7436     0.6765 5.7469e+01      29385         17  0.000e+00
      9.873   62.38976 -174.56960      9.969     7.7822     7.7839     7.7813    30.9552    29.4758  1024.1751    24.1294    285.394    268.057  296.95737     96.106     0.1844     0.7582     0.6765 5.7308e+01      29386         17  0.000e+00
     10.161   62.38978 -174.56960     10.260     7.7827     7.7841     7.7817    30.9546    29.4830  1024.1760    24.1289    286.055    266.069  296.95558     96.329     0.1783     0.7216     0.6728 3.9060e+01      29499         18  0.000e+00
     10.223   62.38978 -174.56960     10.322     7.7824     7.7839     7.7815    30.9547    29.4841  1024.1763    24.1290    286.042    266.086  296.95707     96.324     0.1783     0.7216     0.6728 4.0064e+01      29500         18  0.000e+00
     10.223   62.38978 -174.56960     10.322     7.7820     7.7841     7.7811    30.9551    29.4886  1024.1767    24.1294    286.213    266.264  296.95890     96.381     0.1783     0.7216     0.6740 4.0863e+01      29501         18  0.000e+00
     10.130   62.38978 -174.56960     10.229     7.7819     7.7841     7.7809    30.9550    29.4863  1024.1762    24.1293    286.030    266.300  296.96008     96.319     0.1783     0.7216     0.6728 4.0863e+01      29502         18  0.000e+00
     10.223   62.38978 -174.56960     10.322     7.7821     7.7841     7.7811    30.9551    29.4852  1024.1767    24.1294    286.013    266.170  296.95851     96.314     0.1783     0.7216     0.6728 4.2032e+01      29503         18  0.000e+00
     10.161   62.38978 -174.56960     10.260     7.7820     7.7841     7.7811    30.9552    29.4838  1024.1765    24.1294    285.993    266.192  296.95868     96.307     0.1783     0.7216     0.6740 4.3112e+01      29504         18  0.000e+00
     10.223   62.38978 -174.56960     10.322     7.7820     7.7841     7.7811    30.9548    29.4880  1024.1765    24.1292    285.977    266.193  296.95946     96.302     0.1783     0.7216     0.6740 4.3234e+01      29505         18  0.000e+00
     10.161   62.38978 -174.56960     10.260     7.7816     7.7843     7.7806    30.9552    29.4911  1024.1766    24.1296    285.959    266.192  296.96155     96.295     0.1783     0.7216     0.6740 4.4220e+01      29506         18  0.000e+00
     10.161   62.38978 -174.56960     10.260     7.7812     7.7843     7.7803    30.9553    29.4840  1024.1767    24.1296    285.942    266.386  296.96377     96.289     0.1795     0.7289     0.6740 4.5484e+01      29507         18  0.000e+00
     10.161   62.38978 -174.56960     10.260     7.7811     7.7843     7.7801    30.9553    29.4884  1024.1768    24.1297    285.925    266.233  296.96464     96.282     0.1783     0.7216     0.6728 4.5870e+01      29508         18  0.000e+00
     10.192   62.38978 -174.56960     10.291     7.7813     7.7841     7.7803    30.9550    29.4866  1024.1766    24.1294    285.932    266.250  296.96404     96.285     0.1783     0.7216     0.6728 4.6652e+01      29509         18  0.000e+00
     10.161   62.38978 -174.56960     10.260     7.7816     7.7843     7.7806    30.9546    29.4850  1024.1761    24.1291    285.912    266.264  296.96289     96.279     0.1783     0.7216     0.6740 4.7986e+01      29510         18  0.000e+00
     10.223   62.38978 -174.56960     10.322     7.7817     7.7843     7.7808    30.9547    29.4859  1024.1765    24.1292    285.896    266.433  296.96160     96.274     0.1795     0.7289     0.6740 4.8394e+01      29511         18  0.000e+00
     10.161   62.38978 -174.56960     10.260     7.7814     7.7843     7.7805    30.9548    29.4858  1024.1763    24.1293    285.878    266.273  296.96345     96.267     0.1795     0.7289     0.6740 4.8667e+01      29512         18  0.000e+00
     10.161   62.38978 -174.56960     10.260     7.7814     7.7844     7.7805    30.9547    29.4863  1024.1762    24.1292    285.860    266.441  296.96361     96.261     0.1832     0.7509     0.6740 4.9497e+01      29513         18  0.000e+00
     10.161   62.38978 -174.56960     10.260     7.7813     7.7846     7.7803    30.9552    29.4903  1024.1766    24.1295    285.843    266.446  296.96369     96.255     0.1832     0.7509     0.6728 4.9777e+01      29514         18  0.000e+00
     10.161   62.38978 -174.56960     10.260     7.7812     7.7848     7.7803    30.9550    29.4881  1024.1765    24.1294    286.039    266.463  296.96440     96.321     0.1844     0.7582     0.6728 4.9777e+01      29515         18  0.000e+00
     10.130   62.38978 -174.56960     10.229     7.7809     7.7848     7.7800    30.9551    29.4826  1024.1764    24.1295    285.860    266.487  296.96620     96.260     0.1832     0.7509     0.6740 5.0058e+01      29516         18  0.000e+00
     10.161   62.38978 -174.56960     10.260     7.7811     7.7846     7.7801    30.9552    29.4830  1024.1767    24.1296    286.029    266.486  296.96488     96.318     0.1844     0.7582     0.6740 5.0058e+01      29517         18  0.000e+00
     10.161   62.38978 -174.56960     10.260     7.7809     7.7846     7.7800    30.9550    29.4854  1024.1765    24.1295    286.063    266.666  296.96631     96.328     0.1832     0.7509     0.6740 5.0199e+01      29518         18  0.000e+00
     10.161   62.38978 -174.56960     10.260     7.7811     7.7844     7.7801    30.9549    29.4843  1024.1764    24.1293    286.043    266.699  296.96568     96.322     0.1832     0.7509     0.6728 5.0058e+01      29519         18  0.000e+00
     10.161   62.38978 -174.56960     10.260     7.7811     7.7848     7.7801    30.9546    29.4835  1024.1762    24.1291    286.047    266.743  296.96623     96.323     0.1832     0.7509     0.6740 5.0058e+01      29520         18  0.000e+00
