EcoFOCI/data/1_SampleCollection/2023_SikuliaqDBO_CruiseData/CTD_raw_BottleFile_SKQ23-12S/proc/skq202312s_055.cnv
* Sea-Bird SBE 9 Data File:
* FileName = D:\CTD\SKQ202312S\SKQ202312S_055.hex
* Software Version Seasave V 7.26.7.121
* Temperature SN = 6177
* Conductivity SN = 0369
* Number of Bytes Per Scan = 41
* Number of Voltage Words = 4
* Number of Scans Averaged by the Deck Unit = 1
* NMEA Latitude = 71 05.09 N
* NMEA Longitude = 163 48.16 W
* NMEA UTC (Time) = Sep 27 2023  03:55:23
* NMEA baud rate = 4800
** Ship: R/V Sikuliaq
** Station Number: 055
** Station Name: IC7
** Bottom Depth: 43
** Operator: SD
# nquan = 24
# nvalues = 4207                                  
# units = specified
# name 0 = depSM: Depth [salt water, m]
# name 1 = latitude: Latitude [deg]
# name 2 = longitude: Longitude [deg]
# name 3 = prDM: Pressure, Digiquartz [db]
# name 4 = t090C: Temperature [ITS-90, deg C]
# name 5 = t190C: Temperature, 2 [ITS-90, deg C]
# name 6 = potemp090C: Potential Temperature [ITS-90, deg C]
# name 7 = sal00: Salinity, Practical [PSU]
# name 8 = sal11: Salinity, Practical, 2 [PSU]
# name 9 = density00: Density [density, kg/m^3]
# name 10 = sigma-é00: Density [sigma-theta, kg/m^3]
# name 11 = sbox0Mm/Kg: Oxygen, SBE 43 [umol/kg]
# name 12 = sbox1Mm/Kg: Oxygen, SBE 43, 2 [umol/kg]
# name 13 = oxsolMm/Kg: Oxygen Saturation, Garcia & Gordon [umol/kg]
# name 14 = sbeox0PS: Oxygen, SBE 43 [% saturation]
# name 15 = sbeox1PS: Oxygen, SBE 43, 2 [% saturation]
# name 16 = v0: Voltage 0
# name 17 = flECO-AFL: Fluorescence, WET Labs ECO-AFL/FL [mg/m^3]
# name 18 = v1: Voltage 1
# name 19 = CStarAt0: Beam Attenuation, WET Labs C-Star [1/m]
# name 20 = par: PAR/Irradiance, Biospherical/Licor
# name 21 = scan: Scan Count
# name 22 = timeM: Time, Elapsed [minutes]
# name 23 = flag:  0.000e+00
# span 0 =      2.116,     37.949                 
# span 1 =   71.08482,   71.08482                 
# span 2 = -163.80274, -163.80274                 
# span 3 =      2.138,     38.343                 
# span 4 =     0.6637,     4.2032                 
# span 5 =     0.6640,     4.2048                 
# span 6 =     0.6624,     4.2030                 
# span 7 =    30.6508,    32.2705                 
# span 8 =    30.6566,    32.2256                 
# span 9 =  1024.3214,  1026.0122                 
# span 10 =    24.3090,    25.8535                
# span 11 =    298.310,    321.139                
# span 12 =    282.173,    301.907                
# span 13 =  321.81449,  349.55777                
# span 14 =     85.791,     98.896                
# span 15 =     81.053,     93.704                
# span 16 =     0.0855,     0.1624                
# span 17 =     0.1648,     0.6264                
# span 18 =     0.3602,     4.1978                
# span 19 =     0.4625,    10.2974                
# span 20 = 1.7911e-02, 1.7763e+01                
# span 21 =          1,       4207                
# span 22 =     0.0000,     2.9208                
# span 23 = 0.0000e+00, 0.0000e+00                
# interval = seconds: 0.0416667
# start_time = Sep 27 2023 03:58:52 [NMEA time, first data scan]
# bad_flag = -9.990e-29
*END*
[from data line 1751]
     14.245   71.08482 -163.80274     14.392     3.7945     3.7964     3.7936    30.8729    30.8872  1024.5911    24.5236    314.490    298.773  326.36946     96.360     91.559     0.1416     0.5018     1.0415     6.0416 2.9665e+00       1752     1.2160  0.000e+00
     14.330   71.08482 -163.80274     14.478     3.7929     3.7955     3.7920    30.8711    30.8866  1024.5902    24.5224    314.526    298.612  326.38642     96.366     91.507     0.1429     0.5091     1.0403     6.0463 2.9665e+00       1753     1.2167  0.000e+00
     14.307   71.08482 -163.80274     14.455     3.7910     3.7944     3.7901    30.8719    30.8860  1024.5909    24.5232    314.553    298.813  326.39961     96.371     91.566     0.1416     0.5018     1.0403     6.0463 2.9492e+00       1754     1.2174  0.000e+00
     14.307   71.08482 -163.80274     14.455     3.7905     3.7937     3.7897    30.8748    30.8857  1024.5932    24.5255    314.564    298.628  326.39640     96.375     91.507     0.1429     0.5091     1.0403     6.0463 2.9406e+00       1755     1.2181  0.000e+00
     14.361   71.08482 -163.80274     14.509     3.7905     3.7925     3.7897    30.8794    30.8855  1024.5972    24.5292    314.535    298.622  326.38496     96.369     91.502     0.1416     0.5018     1.0403     6.0463 2.9406e+00       1756     1.2188  0.000e+00
     14.361   71.08482 -163.80274     14.509     3.7915     3.7916     3.7906    30.8820    30.8851  1024.5992    24.5312    314.498    298.614  326.37093     96.362     91.497     0.1429     0.5091     1.0403     6.0463 2.9406e+00       1757     1.2194  0.000e+00
     14.330   71.08482 -163.80274     14.478     3.7920     3.7911     3.7911    30.8848    30.8876  1024.6012    24.5333    314.497    298.595  326.36032     96.365     91.493     0.1441     0.5165     1.0513     6.0042 2.9406e+00       1758     1.2201  0.000e+00
     14.361   71.08482 -163.80274     14.509     3.7926     3.7914     3.7917    30.8893    30.8933  1024.6049    24.5369    314.459    298.568  326.34413     96.358     91.489     0.1416     0.5018     1.0879     5.8670 2.9492e+00       1759     1.2208  0.000e+00
     14.415   71.08482 -163.80274     14.564     3.7937     3.7925     3.7928    30.8917    30.8995  1024.6069    24.5387    314.669    298.535  326.32937     96.427     91.485     0.1429     0.5091     1.1013     5.8179 2.9234e+00       1760     1.2215  0.000e+00
     14.415   71.08482 -163.80274     14.564     3.7942     3.7941     3.7933    30.8934    30.9034  1024.6082    24.5399    314.454    298.504  326.32155     96.363     91.482     0.1441     0.5165     1.1013     5.8179 2.9149e+00       1761     1.2222  0.000e+00
     14.415   71.08482 -163.80274     14.564     3.7943     3.7950     3.7935    30.8955    30.9064  1024.6099    24.5416    314.420    298.482  326.31495     96.355     91.479     0.1453     0.5238     1.0989     5.8268 2.9149e+00       1762     1.2229  0.000e+00
     14.446   71.08482 -163.80274     14.595     3.7952     3.7959     3.7944    30.8973    30.9089  1024.6114    24.5430    314.415    298.463  326.30336     96.357     91.478     0.1441     0.5165     1.0989     5.8268 2.8979e+00       1763     1.2236  0.000e+00
     14.415   71.08482 -163.80274     14.564     3.7962     3.7966     3.7953    30.8993    30.9119  1024.6128    24.5445    314.371    298.254  326.29082     96.347     91.417     0.1453     0.5238     1.0989     5.8268 2.8894e+00       1764     1.2243  0.000e+00
     14.476   71.08482 -163.80274     14.626     3.7970     3.7972     3.7961    30.9018    30.9133  1024.6149    24.5464    314.365    298.225  326.27853     96.349     91.410     0.1465     0.5311     1.0989     5.8268 2.8894e+00       1765     1.2250  0.000e+00
     14.476   71.08482 -163.80274     14.626     3.7981     3.7976     3.7972    30.9028    30.9136  1024.6156    24.5471    314.358    298.391  326.26713     96.350     91.463     0.1453     0.5238     1.0989     5.8268 2.8725e+00       1766     1.2257  0.000e+00
     14.530   71.08482 -163.80274     14.680     3.7979     3.7978     3.7971    30.9041    30.9137  1024.6169    24.5481    314.328    298.395  326.26524     96.341     91.464     0.1453     0.5238     1.0989     5.8268 2.8558e+00       1767     1.2264  0.000e+00
     14.499   71.08482 -163.80274     14.649     3.7978     3.7972     3.7969    30.9039    30.9133  1024.6167    24.5480    314.331    298.212  326.26686     96.342     91.406     0.1441     0.5165     1.0989     5.8268 2.8474e+00       1768     1.2271  0.000e+00
     14.530   71.08482 -163.80274     14.680     3.7976     3.7972     3.7967    30.9040    30.9135  1024.6169    24.5481    314.336    298.391  326.26788     96.343     91.461     0.1453     0.5238     1.0989     5.8268 2.8474e+00       1769     1.2278  0.000e+00
     14.530   71.08482 -163.80274     14.680     3.7971     3.7978     3.7963    30.9037    30.9145  1024.6167    24.5479    314.344    298.392  326.27238     96.344     91.464     0.1441     0.5165     1.0989     5.8268 2.8391e+00       1770     1.2285  0.000e+00
     14.530   71.08482 -163.80274     14.680     3.7965     3.7988     3.7956    30.9037    30.9157  1024.6167    24.5479    314.352    298.178  326.27757     96.345     91.401     0.1453     0.5238     1.0989     5.8268 2.8474e+00       1771     1.2292  0.000e+00
     14.592   71.08482 -163.80274     14.743     3.7957     3.7998     3.7948    30.9055    30.9157  1024.6185    24.5494    314.360    298.163  326.27955     96.347     91.399     0.1465     0.5311     1.0989     5.8268 2.8474e+00       1772     1.2299  0.000e+00
     14.561   71.08482 -163.80274     14.712     3.7947     3.8008     3.7938    30.9079    30.9164  1024.6204    24.5514    314.330    298.146  326.28157     96.337     91.396     0.1453     0.5238     1.0989     5.8268 2.8558e+00       1773     1.2306  0.000e+00
     14.646   71.08482 -163.80274     14.797     3.7945     3.8032     3.7936    30.9088    30.9165  1024.6216    24.5522    314.334    298.126  326.28096     96.339     91.396     0.1453     0.5238     1.0989     5.8268 2.8558e+00       1774     1.2313  0.000e+00
     14.646   71.08482 -163.80274     14.797     3.7943     3.8052     3.7935    30.9092    30.9178  1024.6219    24.5525    314.232    298.106  326.28119     96.307     91.395     0.1441     0.5165     1.0989     5.8268 2.8641e+00       1775     1.2319  0.000e+00
     14.646   71.08482 -163.80274     14.797     3.7945     3.8061     3.7936    30.9109    30.9185  1024.6232    24.5538    314.190    298.099  326.27592     96.296     91.395     0.1453     0.5238     1.0989     5.8268 2.8474e+00       1776     1.2326  0.000e+00
     14.646   71.08482 -163.80274     14.797     3.7959     3.8063     3.7950    30.9139    30.9186  1024.6255    24.5561    314.167    298.102  326.25742     96.294     91.397     0.1441     0.5165     1.0989     5.8268 2.8474e+00       1777     1.2333  0.000e+00
     14.677   71.08482 -163.80274     14.828     3.7981     3.8070     3.7972    30.9150    30.9189  1024.6263    24.5568    313.928    298.082  326.23714     96.227     91.392     0.1453     0.5238     1.0562     5.9856 2.8558e+00       1778     1.2340  0.000e+00
     14.646   71.08482 -163.80274     14.797     3.7991     3.8072     3.7982    30.9143    30.9194  1024.6255    24.5561    314.167    297.894  326.23136     96.302     91.336     0.1465     0.5311     0.6972     7.6493 2.8391e+00       1779     1.2347  0.000e+00
     14.708   71.08482 -163.80274     14.860     3.7997     3.8074     3.7988    30.9117    30.9199  1024.6237    24.5540    314.170    297.886  326.23261     96.303     91.334     0.1453     0.5238     0.5238     8.7953 2.8391e+00       1780     1.2354  0.000e+00
     14.762   71.08482 -163.80274     14.914     3.8002     3.8069     3.7993    30.9078    30.9198  1024.6208    24.5509    313.750    297.864  326.23845     96.172     91.326     0.1465     0.5311     0.5128     8.8803 2.8391e+00       1781     1.2361  0.000e+00
     14.708   71.08482 -163.80274     14.860     3.8002     3.8061     3.7993    30.9027    30.9177  1024.6165    24.5468    314.089    297.848  326.25094     96.272     91.318     0.1441     0.5165     0.5311     8.7397 2.8225e+00       1782     1.2368  0.000e+00
     14.731   71.08482 -163.80274     14.883     3.7995     3.8032     3.7986    30.8968    30.9127  1024.6120    24.5422    314.111    297.862  326.27042     96.273     91.312     0.1453     0.5238     0.5372     8.6938 2.8143e+00       1783     1.2375  0.000e+00
     14.816   71.08482 -163.80274     14.969     3.7991     3.8000     3.7982    30.8976    30.9063  1024.6130    24.5429    314.118    297.885  326.27226     96.275     91.308     0.1441     0.5165     0.5372     8.6938 2.8143e+00       1784     1.2382  0.000e+00
     14.762   71.08482 -163.80274     14.914     3.7994     3.7975     3.7985    30.9019    30.9011  1024.6161    24.5462    314.105    297.898  326.25928     96.275     91.302     0.1453     0.5238     0.5372     8.6938 2.8143e+00       1785     1.2389  0.000e+00
     14.816   71.08482 -163.80274     14.969     3.7998     3.7958     3.7989    30.9045    30.8985  1024.6185    24.5483    313.884    297.906  326.24896     96.210     91.299     0.1465     0.5311     0.5360     8.7030 2.8143e+00       1786     1.2396  0.000e+00
     14.816   71.08482 -163.80274     14.969     3.8002     3.7948     3.7993    30.9042    30.8972  1024.6182    24.5480    314.065    297.927  326.24727     96.266     91.303     0.1465     0.5311     0.5360     8.7030 2.8225e+00       1787     1.2403  0.000e+00
     14.846   71.08482 -163.80274     15.000     3.8003     3.7941     3.7994    30.9014    30.8962  1024.6161    24.5458    313.861    297.928  326.25288     96.202     91.301     0.1490     0.5458     0.5360     8.7030 2.8143e+00       1788     1.2410  0.000e+00
     14.877   71.08482 -163.80274     15.031     3.7998     3.7942     3.7989    30.9013    30.8973  1024.6162    24.5457    313.838    297.920  326.25693     96.193     91.299     0.1477     0.5384     0.5372     8.6938 2.7978e+00       1789     1.2417  0.000e+00
     14.877   71.08482 -163.80274     15.031     3.7995     3.7945     3.7986    30.9016    30.8981  1024.6164    24.5460    313.812    297.914  326.25872     96.185     91.298     0.1477     0.5384     0.5360     8.7030 2.7978e+00       1790     1.2424  0.000e+00
     14.877   71.08482 -163.80274     15.031     3.7987     3.7937     3.7978    30.8960    30.8966  1024.6121    24.5416    313.806    297.923  326.27878     96.177     91.299     0.1465     0.5311     0.5372     8.6938 2.7896e+00       1791     1.2431  0.000e+00
     14.931   71.08482 -163.80274     15.085     3.7973     3.7928     3.7964    30.8883    30.8940  1024.6063    24.5356    314.027    297.750  326.30915     96.236     91.242     0.1477     0.5384     0.5360     8.7030 2.7896e+00       1792     1.2437  0.000e+00
     14.900   71.08482 -163.80274     15.054     3.7959     3.7927     3.7950    30.8824    30.8926  1024.6017    24.5311    313.847    297.929  326.33494     96.173     91.295     0.1465     0.5311     0.5360     8.7030 2.7896e+00       1793     1.2444  0.000e+00
     14.993   71.08482 -163.80274     15.148     3.7942     3.7923     3.7933    30.8797    30.8921  1024.6001    24.5291    313.635    297.945  326.35516     96.102     91.299     0.1477     0.5384     0.5372     8.6938 2.7815e+00       1794     1.2451  0.000e+00
     14.931   71.08482 -163.80274     15.085     3.7929     3.7925     3.7920    30.8786    30.8916  1024.5991    24.5284    313.805    297.955  326.36786     96.151     91.302     0.1490     0.5458     0.5360     8.7030 2.7733e+00       1795     1.2458  0.000e+00
     14.993   71.08482 -163.80274     15.148     3.7924     3.7922     3.7915    30.8808    30.8916  1024.6011    24.5301    313.788    297.974  326.36634     96.146     91.307     0.1477     0.5384     0.5372     8.6938 2.7652e+00       1796     1.2465  0.000e+00
     14.993   71.08482 -163.80274     15.148     3.7928     3.7922     3.7919    30.8827    30.8908  1024.6026    24.5316    313.762    297.993  326.35913     96.140     91.313     0.1477     0.5384     0.5372     8.6938 2.7652e+00       1797     1.2472  0.000e+00
     15.016   71.08482 -163.80274     15.171     3.7928     3.7917     3.7918    30.8817    30.8903  1024.6019    24.5308    313.784    297.827  326.36153     96.146     91.260     0.1477     0.5384     0.5360     8.7030 2.7571e+00       1798     1.2479  0.000e+00
     15.047   71.08482 -163.80274     15.202     3.7926     3.7914     3.7917    30.8820    30.8904  1024.6023    24.5310    313.772    297.832  326.36218     96.142     91.261     0.1477     0.5384     0.5421     8.6576 2.7490e+00       1799     1.2486  0.000e+00
     15.047   71.08482 -163.80274     15.202     3.7928     3.7914     3.7918    30.8829    30.8904  1024.6030    24.5317    313.756    297.837  326.35872     96.138     91.263     0.1477     0.5384     0.5470     8.6216 2.7490e+00       1800     1.2493  0.000e+00
     15.047   71.08482 -163.80274     15.202     3.7929     3.7916     3.7920    30.8834    30.8909  1024.6034    24.5321    313.742    297.844  326.35611     96.135     91.266     0.1477     0.5384     0.5470     8.6216 2.7329e+00       1801     1.2500  0.000e+00
     15.108   71.08482 -163.80274     15.265     3.7928     3.7919     3.7918    30.8824    30.8910  1024.6029    24.5314    313.739    298.025  326.35984     96.133     91.322     0.1490     0.5458     0.5458     8.6306 2.7249e+00       1802     1.2507  0.000e+00
     15.078   71.08482 -163.80274     15.233     3.7926     3.7920     3.7917    30.8814    30.8912  1024.6020    24.5306    313.733    298.058  326.36365     96.130     91.333     0.1477     0.5384     0.5458     8.6306 2.7249e+00       1803     1.2514  0.000e+00
     15.162   71.08482 -163.80274     15.319     3.7926     3.7917     3.7917    30.8845    30.8913  1024.6049    24.5331    313.936    297.888  326.35586     96.194     91.280     0.1477     0.5384     0.5458     8.6306 2.7170e+00       1804     1.2521  0.000e+00
     15.162   71.08482 -163.80274     15.319     3.7931     3.7920     3.7922    30.8902    30.8911  1024.6093    24.5375    313.731    297.884  326.33824     96.137     91.279     0.1477     0.5384     0.5458     8.6306 2.7170e+00       1805     1.2528  0.000e+00
     15.162   71.08482 -163.80274     15.319     3.7938     3.7920     3.7928    30.8952    30.8913  1024.6133    24.5415    313.921    297.883  326.32029     96.200     91.279     0.1477     0.5384     0.5458     8.6306 2.7170e+00       1806     1.2535  0.000e+00
     15.185   71.08482 -163.80274     15.342     3.7952     3.7923     3.7943    30.9002    30.8912  1024.6172    24.5453    313.711    297.885  326.29618     96.143     91.280     0.1465     0.5311     0.5458     8.6306 2.7090e+00       1807     1.2542  0.000e+00
     15.162   71.08482 -163.80274     15.319     3.7970     3.7922     3.7961    30.9001    30.8912  1024.6169    24.5451    313.905    297.890  326.28251     96.207     91.281     0.1477     0.5384     0.5458     8.6306 2.7011e+00       1808     1.2549  0.000e+00
     15.216   71.08482 -163.80274     15.374     3.7973     3.7923     3.7964    30.9014    30.8912  1024.6181    24.5460    313.752    297.899  326.27689     96.161     91.284     0.1490     0.5458     0.5458     8.6306 2.7011e+00       1809     1.2556  0.000e+00
     15.278   71.08482 -163.80274     15.436     3.7978     3.7923     3.7969    30.9008    30.8913  1024.6178    24.5455    313.964    298.104  326.27466     96.227     91.347     0.1477     0.5384     0.5458     8.6306 2.6931e+00       1810     1.2563  0.000e+00
     15.278   71.08482 -163.80274     15.436     3.7978     3.7922     3.7969    30.9045    30.8904  1024.6208    24.5485    313.987    297.949  326.26544     96.237     91.299     0.1477     0.5384     0.5470     8.6216 2.6852e+00       1811     1.2569  0.000e+00
