EcoFOCI/data/1_SampleCollection/2023_SikuliaqDBO_CruiseData/CTD_raw_BottleFile_SKQ23-12S/proc/skq202312s_009.cnv
* Sea-Bird SBE 9 Data File:
* FileName = D:\CTD\SKQ202312S\SKQ202312S_009.hex
* Software Version Seasave V 7.26.7.121
* Temperature SN = 6177
* Conductivity SN = 0369
* Number of Bytes Per Scan = 41
* Number of Voltage Words = 4
* Number of Scans Averaged by the Deck Unit = 1
* NMEA Latitude = 63 01.70 N
* NMEA Longitude = 173 27.64 W
* NMEA UTC (Time) = Sep 16 2023  10:53:46
* NMEA baud rate = 4800
** Ship: R/V Sikuliaq
** Station Number: 009
** Station Name: DBO1.8
** Bottom Depth: 71
** Operator: SD
# nquan = 24
# nvalues = 6445                                  
# units = specified
# name 0 = depSM: Depth [salt water, m]
# name 1 = latitude: Latitude [deg]
# name 2 = longitude: Longitude [deg]
# name 3 = prDM: Pressure, Digiquartz [db]
# name 4 = t090C: Temperature [ITS-90, deg C]
# name 5 = t190C: Temperature, 2 [ITS-90, deg C]
# name 6 = potemp090C: Potential Temperature [ITS-90, deg C]
# name 7 = sal00: Salinity, Practical [PSU]
# name 8 = sal11: Salinity, Practical, 2 [PSU]
# name 9 = density00: Density [density, kg/m^3]
# name 10 = sigma-é00: Density [sigma-theta, kg/m^3]
# name 11 = sbox0Mm/Kg: Oxygen, SBE 43 [umol/kg]
# name 12 = sbox1Mm/Kg: Oxygen, SBE 43, 2 [umol/kg]
# name 13 = oxsolMm/Kg: Oxygen Saturation, Garcia & Gordon [umol/kg]
# name 14 = sbeox0PS: Oxygen, SBE 43 [% saturation]
# name 15 = sbeox1PS: Oxygen, SBE 43, 2 [% saturation]
# name 16 = v0: Voltage 0
# name 17 = flECO-AFL: Fluorescence, WET Labs ECO-AFL/FL [mg/m^3]
# name 18 = v1: Voltage 1
# name 19 = CStarAt0: Beam Attenuation, WET Labs C-Star [1/m]
# name 20 = par: PAR/Irradiance, Biospherical/Licor
# name 21 = scan: Scan Count
# name 22 = timeM: Time, Elapsed [minutes]
# name 23 = flag:  0.000e+00
# span 0 =      1.077,     66.655                 
# span 1 =   63.02840,   63.02840                 
# span 2 = -173.46060, -173.46058                 
# span 3 =      1.088,     67.317                 
# span 4 =    -1.3989,     7.4412                 
# span 5 =    -1.3975,     7.4348                 
# span 6 =    -1.3999,     7.4411                 
# span 7 =    31.2990,    32.0983                 
# span 8 =    31.1780,    32.1134                 
# span 9 =  1024.4554,  1026.1344                 
# span 10 =    24.4499,    25.8128                
# span 11 =    257.562,    450.040                
# span 12 =    245.686,    411.351                
# span 13 =  298.49341,  369.40246                
# span 14 =     69.767,    124.889                
# span 15 =     66.551,    113.527                
# span 16 =     0.0818,     0.2112                
# span 17 =     0.1428,     0.9194                
# span 18 =     3.2894,     4.1917                
# span 19 =     0.4684,     1.4383                
# span 20 = 1.0000e-12, 1.3709e+00                
# span 21 =          1,       6445                
# span 22 =     0.0000,     4.4750                
# span 23 = 0.0000e+00, 0.0000e+00                
# interval = seconds: 0.0416667
# start_time = Sep 16 2023 10:56:36 [NMEA time, first data scan]
# bad_flag = -9.990e-29
*END*
[from data line 61]
      1.301   63.02840 -173.46058      1.314     7.4306     7.4296     7.4305    31.3073    31.3172  1024.4600    24.4540    290.994    278.439  298.56958     97.463     93.262     0.1722     0.6850     4.0256     0.6301 1.0477e+00         62     0.0424  0.000e+00
      1.301   63.02840 -173.46058      1.314     7.4307     7.4295     7.4306    31.3074    31.3172  1024.4600    24.4540    290.807    278.419  298.56886     97.400     93.255     0.1734     0.6923     4.0476     0.6083 7.0903e-01         63     0.0431  0.000e+00
      1.301   63.02840 -173.46058      1.314     7.4312     7.4293     7.4311    31.3068    31.3170  1024.4595    24.4535    291.160    278.402  298.56677     97.519     93.249     0.1746     0.6996     4.0574     0.5987 5.6694e-01         64     0.0437  0.000e+00
      1.193   63.02840 -173.46058      1.205     7.4315     7.4291     7.4314    31.3068    31.3172  1024.4590    24.4535    291.183    278.210  298.56425     97.528     93.185     0.1734     0.6923     4.0586     0.5975 5.5358e-01         65     0.0444  0.000e+00
      1.301   63.02840 -173.46058      1.314     7.4320     7.4293     7.4319    31.3069    31.3172  1024.4595    24.4535    291.160    278.181  298.56097     97.521     93.175     0.1746     0.6996     4.0574     0.5987 6.1479e-01         66     0.0451  0.000e+00
      1.247   63.02840 -173.46058      1.259     7.4326     7.4295     7.4325    31.3069    31.3170  1024.4592    24.4534    291.154    278.319  298.55657     97.521     93.222     0.1734     0.6923     4.0562     0.5999 6.5939e-01         67     0.0458  0.000e+00
      1.247   63.02840 -173.46058      1.259     7.4343     7.4291     7.4342    31.3063    31.3172  1024.4585    24.4527    291.170    278.138  298.54660     97.529     93.160     0.1746     0.6996     4.0574     0.5987 6.6598e-01         68     0.0465  0.000e+00
      1.193   63.02840 -173.46058      1.205     7.4355     7.4282     7.4354    31.3058    31.3177  1024.4576    24.4521    291.186    278.114  298.53939     97.537     93.151     0.1734     0.6923     4.0574     0.5987 6.7933e-01         69     0.0472  0.000e+00
      1.247   63.02840 -173.46058      1.259     7.4365     7.4271     7.4364    31.3057    31.3176  1024.4577    24.4519    291.370    278.083  298.53276     97.601     93.138     0.1734     0.6923     4.0574     0.5987 6.9519e-01         70     0.0479  0.000e+00
      1.193   63.02840 -173.46058      1.205     7.4359     7.4256     7.4358    31.3062    31.3179  1024.4579    24.4523    291.180    278.237  298.53616     97.536     93.187     0.1734     0.6923     4.0574     0.5987 6.9978e-01         71     0.0486  0.000e+00
      1.193   63.02840 -173.46058      1.205     7.4356     7.4240     7.4355    31.3067    31.3186  1024.4584    24.4528    291.203    278.241  298.53696     97.543     93.185     0.1734     0.6923     4.0574     0.5987 7.1839e-01         72     0.0493  0.000e+00
      1.193   63.02840 -173.46058      1.205     7.4364     7.4229     7.4363    31.3059    31.3190  1024.4576    24.4521    291.221    278.244  298.53327     97.551     93.184     0.1758     0.7069     4.0574     0.5987 7.4468e-01         73     0.0500  0.000e+00
      1.209   63.02840 -173.46058      1.220     7.4352     7.4217     7.4351    31.3069    31.3195  1024.4586    24.4530    291.250    278.079  298.53891     97.558     93.126     0.1722     0.6850     4.0574     0.5987 7.5200e-01         74     0.0507  0.000e+00
      1.193   63.02840 -173.46058      1.205     7.4354     7.4205     7.4353    31.3068    31.3202  1024.4584    24.4529    291.218    278.085  298.53817     97.548     93.126     0.1685     0.6630     4.0574     0.5987 6.7263e-01         75     0.0514  0.000e+00
      1.193   63.02840 -173.46058      1.205     7.4362     7.4198     7.4361    31.3058    31.3202  1024.4575    24.4520    291.207    278.075  298.53456     97.546     93.122     0.1661     0.6483     4.0574     0.5987 5.4981e-01         76     0.0521  0.000e+00
      1.193   63.02840 -173.46058      1.205     7.4364     7.4198     7.4363    31.3048    31.3206  1024.4567    24.4512    291.228    278.062  298.53577     97.552     93.117     0.1673     0.6557     4.0574     0.5987 5.1682e-01         77     0.0528  0.000e+00
      1.193   63.02840 -173.46058      1.205     7.4360     7.4215     7.4359    31.3046    31.3197  1024.4566    24.4511    291.061    278.213  298.53851     97.495     93.171     0.1661     0.6483     4.0574     0.5987 5.3311e-01         78     0.0535  0.000e+00
      1.131   63.02840 -173.46058      1.142     7.4349     7.4221     7.4348    31.3056    31.3197  1024.4572    24.4520    291.221    278.231  298.54391     97.547     93.178     0.1661     0.6483     4.0574     0.5987 5.7664e-01         79     0.0542  0.000e+00
      1.193   63.02840 -173.46058      1.205     7.4354     7.4224     7.4353    31.3058    31.3193  1024.4576    24.4521    291.186    278.258  298.54043     97.537     93.188     0.1661     0.6483     4.0574     0.5987 5.9446e-01         80     0.0549  0.000e+00
      1.193   63.02840 -173.46058      1.205     7.4362     7.4239     7.4361    31.3062    31.3194  1024.4579    24.4523    291.384    278.089  298.53367     97.605     93.134     0.1673     0.6557     4.0574     0.5987 6.1273e-01         81     0.0556  0.000e+00
      1.131   63.02840 -173.46058      1.142     7.4384     7.4285     7.4383    31.3052    31.3170  1024.4565    24.4513    291.409    278.228  298.52090     97.618     93.189     0.1661     0.6483     4.0574     0.5987 7.2075e-01         82     0.0563  0.000e+00
      1.193   63.02840 -173.46058      1.205     7.4391     7.4295     7.4390    31.3050    31.3166  1024.4565    24.4510    291.635    278.240  298.51670     97.695     93.195     0.1661     0.6483     4.0574     0.5987 7.7180e-01         83     0.0569  0.000e+00
      1.193   63.02840 -173.46058      1.205     7.4402     7.4289     7.4401    31.3044    31.3164  1024.4559    24.4504    291.262    278.260  298.51035     97.572     93.200     0.1673     0.6557     4.0574     0.5987 7.7180e-01         84     0.0576  0.000e+00
      1.131   63.02840 -173.46058      1.142     7.4412     7.4264     7.4411    31.3043    31.3169  1024.4554    24.4502    291.237    278.121  298.50385     97.566     93.149     0.1661     0.6483     4.0586     0.5975 7.3743e-01         85     0.0583  0.000e+00
      1.193   63.02840 -173.46058      1.205     7.4410     7.4251     7.4409    31.3042    31.3172  1024.4557    24.4501    291.250    278.135  298.50536     97.570     93.151     0.1673     0.6557     4.0586     0.5975 7.1839e-01         86     0.0590  0.000e+00
      1.193   63.02840 -173.46058      1.205     7.4393     7.4251     7.4392    31.3051    31.3179  1024.4566    24.4510    291.271    278.139  298.51541     97.573     93.153     0.1661     0.6483     4.0574     0.5987 7.1839e-01         87     0.0597  0.000e+00
      1.193   63.02840 -173.46058      1.205     7.4373     7.4240     7.4372    31.3052    31.3182  1024.4569    24.4514    291.294    278.154  298.52837     97.577     93.156     0.1673     0.6557     4.0574     0.5987 7.3024e-01         88     0.0604  0.000e+00
      1.193   63.02840 -173.46058      1.205     7.4343     7.4221     7.4342    31.3054    31.3186  1024.4575    24.4520    291.326    278.346  298.54864     97.581     93.216     0.1661     0.6483     4.0574     0.5987 7.3984e-01         89     0.0611  0.000e+00
      1.193   63.02840 -173.46058      1.205     7.4294     7.4205     7.4293    31.3071    31.3188  1024.4595    24.4539    291.744    278.213  298.57801     97.711     93.169     0.1661     0.6483     4.0586     0.5975 7.3984e-01         90     0.0618  0.000e+00
      1.247   63.02840 -173.46058      1.259     7.4263     7.4198     7.4262    31.3082    31.3189  1024.4610    24.4552    291.851    278.233  298.59665     97.741     93.174     0.1661     0.6483     4.0574     0.5987 7.1605e-01         91     0.0625  0.000e+00
      1.193   63.02840 -173.46058      1.205     7.4248     7.4192     7.4247    31.3092    31.3189  1024.4618    24.4562    291.512    278.421  298.60488     97.625     93.235     0.1661     0.6483     4.0586     0.5975 6.9748e-01         92     0.0632  0.000e+00
      1.247   63.02840 -173.46058      1.259     7.4240     7.4186     7.4239    31.3093    31.3198  1024.4622    24.4564    291.472    278.458  298.60985     97.610     93.247     0.1673     0.6557     4.0586     0.5975 6.9291e-01         93     0.0639  0.000e+00
      1.101   63.02840 -173.46058      1.111     7.4236     7.4179     7.4235    31.3083    31.3203  1024.4608    24.4557    291.637    278.490  298.61503     97.663     93.257     0.1661     0.6483     4.0586     0.5975 7.1605e-01         94     0.0646  0.000e+00
      1.301   63.02840 -173.46058      1.314     7.4227     7.4173     7.4226    31.3086    31.3204  1024.4621    24.4561    291.488    278.708  298.62046     97.612     93.328     0.1673     0.6557     4.0574     0.5987 7.4468e-01         95     0.0653  0.000e+00
      1.247   63.02840 -173.46058      1.259     7.4224     7.4167     7.4223    31.3095    31.3203  1024.4625    24.4568    291.864    278.593  298.62031     97.738     93.288     0.1661     0.6483     4.0586     0.5975 7.5200e-01         96     0.0660  0.000e+00
      1.247   63.02840 -173.46058      1.259     7.4241     7.4159     7.4240    31.3086    31.3208  1024.4616    24.4558    291.715    278.635  298.61074     97.691     93.301     0.1673     0.6557     4.0586     0.5975 6.9291e-01         97     0.0667  0.000e+00
      1.247   63.02840 -173.46058      1.259     7.4262     7.4157     7.4261    31.3074    31.3205  1024.4604    24.4547    291.537    278.676  298.59923     97.635     93.314     0.1661     0.6483     4.0586     0.5975 6.0050e-01         98     0.0674  0.000e+00
      1.247   63.02840 -173.46058      1.259     7.4264     7.4157     7.4263    31.3077    31.3206  1024.4606    24.4548    291.506    278.699  298.59738     97.625     93.322     0.1673     0.6557     4.0586     0.5975 5.7860e-01         99     0.0681  0.000e+00
      1.247   63.02840 -173.46058      1.259     7.4262     7.4154     7.4261    31.3075    31.3208  1024.4605    24.4547    291.505    278.724  298.59907     97.624     93.330     0.1685     0.6630     4.0586     0.5975 5.4981e-01        100     0.0688  0.000e+00
      1.247   63.02840 -173.46058      1.259     7.4251     7.4155     7.4250    31.3080    31.3210  1024.4610    24.4552    291.456    278.748  298.60559     97.606     93.338     0.1722     0.6850     4.0586     0.5975 4.8377e-01        101     0.0694  0.000e+00
      1.301   63.02840 -173.46058      1.314     7.4244     7.4155     7.4243    31.3090    31.3204  1024.4622    24.4562    291.430    278.776  298.60797     97.596     93.347     0.1722     0.6850     4.0586     0.5975 4.6215e-01        102     0.0701  0.000e+00
      1.247   63.02840 -173.46058      1.259     7.4243     7.4155     7.4242    31.3089    31.3206  1024.4619    24.4561    291.422    278.953  298.60888     97.593     93.407     0.1734     0.6923     4.0574     0.5987 5.2945e-01        103     0.0708  0.000e+00
      1.247   63.02840 -173.46058      1.259     7.4236     7.4154     7.4235    31.3090    31.3212  1024.4621    24.4563    291.232    278.978  298.61339     97.528     93.415     0.1734     0.6923     4.0574     0.5987 9.0619e-01        104     0.0715  0.000e+00
      1.301   63.02840 -173.46058      1.314     7.4233     7.4154     7.4232    31.3095    31.3213  1024.4627    24.4567    291.582    279.004  298.61409     97.645     93.424     0.1722     0.6850     4.0574     0.5987 1.1117e+00        105     0.0722  0.000e+00
      1.301   63.02840 -173.46058      1.314     7.4232     7.4151     7.4231    31.3095    31.3211  1024.4627    24.4567    291.790    279.029  298.61473     97.714     93.432     0.1734     0.6923     4.0574     0.5987 1.1186e+00        106     0.0729  0.000e+00
      1.247   63.02840 -173.46058      1.259     7.4235     7.4152     7.4234    31.3086    31.3208  1024.4617    24.4560    291.453    278.896  298.61501     97.602     93.387     0.1722     0.6850     4.0574     0.5987 1.1082e+00        107     0.0736  0.000e+00
      1.301   63.02840 -173.46058      1.314     7.4236     7.4152     7.4235    31.3088    31.3205  1024.4621    24.4561    291.366    279.093  298.61401     97.573     93.453     0.1734     0.6923     4.0574     0.5987 1.1048e+00        108     0.0743  0.000e+00
      1.301   63.02840 -173.46058      1.314     7.4234     7.4152     7.4233    31.3086    31.3209  1024.4620    24.4560    291.357    279.116  298.61562     97.569     93.461     0.1722     0.6850     4.0574     0.5987 1.0979e+00        109     0.0750  0.000e+00
      1.301   63.02840 -173.46058      1.314     7.4230     7.4151     7.4229    31.3089    31.3212  1024.4622    24.4562    291.347    279.139  298.61788     97.565     93.468     0.1734     0.6923     4.0574     0.5987 8.5562e-01        110     0.0757  0.000e+00
      1.301   63.02840 -173.46058      1.314     7.4228     7.4152     7.4227    31.3095    31.3211  1024.4628    24.4567    291.498    279.160  298.61787     97.616     93.476     0.1722     0.6850     4.0574     0.5987 7.3263e-01        111     0.0764  0.000e+00
      1.301   63.02840 -173.46058      1.314     7.4233     7.4149     7.4232    31.3095    31.3213  1024.4627    24.4567    291.264    279.183  298.61409     97.539     93.483     0.1722     0.6850     4.0574     0.5987 7.1839e-01        112     0.0771  0.000e+00
      1.301   63.02840 -173.46058      1.314     7.4237     7.4147     7.4236    31.3095    31.3212  1024.4627    24.4566    291.246    279.205  298.61135     97.533     93.490     0.1722     0.6850     4.0574     0.5987 6.4638e-01        113     0.0778  0.000e+00
      1.363   63.02840 -173.46058      1.376     7.4240     7.4144     7.4239    31.3095    31.3212  1024.4629    24.4566    291.230    279.212  298.60964     97.529     93.492     0.1734     0.6923     4.0574     0.5987 5.9246e-01        114     0.0785  0.000e+00
      1.270   63.02840 -173.46058      1.283     7.4250     7.4144     7.4249    31.3087    31.3216  1024.4617    24.4558    291.394    279.209  298.60432     97.585     93.491     0.1734     0.6923     4.0574     0.5987 5.8253e-01        115     0.0792  0.000e+00
      1.363   63.02840 -173.46058      1.376     7.4252     7.4147     7.4251    31.3085    31.3217  1024.4619    24.4556    291.593    279.227  298.60345     97.652     93.498     0.1722     0.6850     4.0574     0.5987 6.8609e-01        116     0.0799  0.000e+00
      1.363   63.02840 -173.46058      1.376     7.4250     7.4147     7.4249    31.3089    31.3214  1024.4623    24.4559    291.437    279.227  298.60393     97.600     93.497     0.1734     0.6923     4.0574     0.5987 8.1539e-01        117     0.0806  0.000e+00
      1.363   63.02840 -173.46058      1.376     7.4251     7.4151     7.4250    31.3082    31.3214  1024.4618    24.4554    291.255    279.052  298.60498     97.538     93.440     0.1722     0.6850     4.0574     0.5987 8.4473e-01        118     0.0813  0.000e+00
      1.301   63.02840 -173.46058      1.314     7.4250     7.4152     7.4249    31.3089    31.3214  1024.4620    24.4560    291.257    279.030  298.60378     97.540     93.432     0.1734     0.6923     4.0574     0.5987 7.3263e-01        119     0.0819  0.000e+00
      1.363   63.02840 -173.46058      1.376     7.4254     7.4154     7.4253    31.3090    31.3214  1024.4623    24.4560    291.238    279.199  298.60087     97.534     93.489     0.1722     0.6850     4.0574     0.5987 5.8847e-01        120     0.0826  0.000e+00
