EcoFOCI/data/1_SampleCollection/2023_SikuliaqDBO_CruiseData/CTD_raw_BottleFile_SKQ23-12S/proc/skq202312s_044svp.cnv
* Sea-Bird SBE 9 Data File:
* FileName = D:\CTD\SKQ202312S\SKQ202312S_044.hex
* Software Version Seasave V 7.26.7.121
* Temperature SN = 6177
* Conductivity SN = 0369
* Number of Bytes Per Scan = 41
* Number of Voltage Words = 4
* Number of Scans Averaged by the Deck Unit = 1
* NMEA Latitude = 71 35.18 N
* NMEA Longitude = 161 23.69 W
* NMEA UTC (Time) = Sep 24 2023  08:13:31
* NMEA baud rate = 4800
** Ship: R/V Sikuliaq
** Station Number: 044
** Station Name: DBO4.4n
** Bottom Depth: 47
** Operator: SS
# nquan = 7
# nvalues = 5956                                  
# units = specified
# name 0 = depSM: Depth [salt water, m]
# name 1 = latitude: Latitude [deg]
# name 2 = longitude: Longitude [deg]
# name 3 = t090C: Temperature [ITS-90, deg C]
# name 4 = sal00: Salinity, Practical [PSU]
# name 5 = svCM: Sound Velocity [Chen-Millero, m/s]
# name 6 = flag:  0.000e+00
# span 0 =      2.237,     42.100                 
# span 1 =   71.58606,   71.58618                 
# span 2 = -161.39586, -161.39548                 
# span 3 =    -1.5499,     2.4597                 
# span 4 =    27.0614,    32.5734                 
# span 5 =    1439.01,    1452.35                 
# span 6 = 0.0000e+00, 0.0000e+00                 
# interval = seconds: 0.0416667
# start_time = Sep 24 2023 08:17:11 [NMEA time, first data scan]
# bad_flag = -9.990e-29
*END*
      2.298   71.58618 -161.39548     1.9997    27.0809    1447.76  0.000e+00
      2.352   71.58618 -161.39548     1.9997    27.0807    1447.76  0.000e+00
      2.298   71.58618 -161.39548     1.9995    27.0805    1447.76  0.000e+00
      2.352   71.58618 -161.39548     1.9995    27.0804    1447.76  0.000e+00
      2.314   71.58618 -161.39548     1.9994    27.0799    1447.75  0.000e+00
      2.352   71.58618 -161.39548     1.9994    27.0790    1447.75  0.000e+00
      2.298   71.58618 -161.39548     1.9989    27.0790    1447.75  0.000e+00
      2.352   71.58618 -161.39548     1.9989    27.0791    1447.75  0.000e+00
      2.352   71.58618 -161.39548     1.9989    27.0789    1447.75  0.000e+00
      2.352   71.58618 -161.39548     1.9989    27.0789    1447.75  0.000e+00
      2.352   71.58618 -161.39548     1.9986    27.0785    1447.75  0.000e+00
      2.352   71.58618 -161.39548     1.9984    27.0785    1447.75  0.000e+00
      2.352   71.58618 -161.39548     1.9983    27.0782    1447.75  0.000e+00
      2.406   71.58618 -161.39548     1.9981    27.0780    1447.75  0.000e+00
      2.298   71.58618 -161.39548     1.9983    27.0781    1447.75  0.000e+00
      2.406   71.58618 -161.39548     1.9980    27.0781    1447.75  0.000e+00
      2.375   71.58618 -161.39548     1.9978    27.0779    1447.75  0.000e+00
      2.406   71.58618 -161.39548     1.9980    27.0778    1447.75  0.000e+00
      2.352   71.58618 -161.39548     1.9978    27.0781    1447.75  0.000e+00
      2.406   71.58618 -161.39548     1.9980    27.0780    1447.75  0.000e+00
      2.406   71.58618 -161.39548     1.9978    27.0777    1447.75  0.000e+00
      2.406   71.58618 -161.39548     1.9975    27.0775    1447.74  0.000e+00
      2.406   71.58618 -161.39548     1.9975    27.0772    1447.74  0.000e+00
      2.406   71.58618 -161.39548     1.9975    27.0770    1447.74  0.000e+00
      2.406   71.58618 -161.39548     1.9974    27.0769    1447.74  0.000e+00
      2.406   71.58618 -161.39548     1.9974    27.0764    1447.74  0.000e+00
      2.468   71.58618 -161.39548     1.9971    27.0767    1447.74  0.000e+00
      2.406   71.58618 -161.39548     1.9970    27.0769    1447.74  0.000e+00
      2.468   71.58618 -161.39548     1.9971    27.0770    1447.74  0.000e+00
      2.429   71.58618 -161.39548     1.9969    27.0771    1447.74  0.000e+00
      2.468   71.58618 -161.39548     1.9971    27.0766    1447.74  0.000e+00
      2.406   71.58618 -161.39548     1.9969    27.0766    1447.74  0.000e+00
      2.468   71.58618 -161.39548     1.9966    27.0760    1447.74  0.000e+00
      2.468   71.58618 -161.39548     1.9964    27.0754    1447.74  0.000e+00
      2.468   71.58618 -161.39548     1.9958    27.0753    1447.73  0.000e+00
      2.468   71.58618 -161.39548     1.9949    27.0755    1447.73  0.000e+00
      2.468   71.58618 -161.39548     1.9949    27.0749    1447.73  0.000e+00
      2.468   71.58618 -161.39548     1.9952    27.0748    1447.73  0.000e+00
      2.522   71.58618 -161.39548     1.9953    27.0748    1447.73  0.000e+00
      2.468   71.58618 -161.39548     1.9952    27.0745    1447.73  0.000e+00
      2.468   71.58618 -161.39548     1.9955    27.0733    1447.73  0.000e+00
      2.522   71.58618 -161.39548     1.9956    27.0733    1447.73  0.000e+00
      2.491   71.58618 -161.39548     1.9953    27.0738    1447.73  0.000e+00
      2.468   71.58618 -161.39548     1.9952    27.0741    1447.73  0.000e+00
      2.468   71.58618 -161.39548     1.9953    27.0737    1447.73  0.000e+00
      2.522   71.58618 -161.39548     1.9949    27.0748    1447.73  0.000e+00
      2.522   71.58618 -161.39548     1.9950    27.0749    1447.73  0.000e+00
      2.468   71.58618 -161.39548     1.9952    27.0745    1447.73  0.000e+00
      2.522   71.58618 -161.39548     1.9952    27.0749    1447.73  0.000e+00
      2.468   71.58618 -161.39548     1.9947    27.0752    1447.73  0.000e+00
      2.468   71.58618 -161.39548     1.9945    27.0757    1447.73  0.000e+00
      2.522   71.58618 -161.39548     1.9949    27.0755    1447.73  0.000e+00
      2.522   71.58618 -161.39548     1.9953    27.0753    1447.73  0.000e+00
      2.522   71.58618 -161.39548     1.9955    27.0758    1447.73  0.000e+00
      2.468   71.58618 -161.39548     1.9955    27.0758    1447.73  0.000e+00
      2.545   71.58618 -161.39548     1.9955    27.0760    1447.74  0.000e+00
      2.468   71.58618 -161.39548     1.9953    27.0771    1447.73  0.000e+00
      2.522   71.58618 -161.39548     1.9953    27.0771    1447.74  0.000e+00
      2.522   71.58618 -161.39548     1.9955    27.0767    1447.74  0.000e+00
      2.468   71.58618 -161.39548     1.9955    27.0772    1447.74  0.000e+00
      2.522   71.58618 -161.39548     1.9955    27.0776    1447.74  0.000e+00
      2.468   71.58618 -161.39548     1.9957    27.0779    1447.74  0.000e+00
      2.522   71.58618 -161.39548     1.9961    27.0776    1447.74  0.000e+00
      2.468   71.58618 -161.39548     1.9966    27.0779    1447.74  0.000e+00
      2.468   71.58618 -161.39548     1.9966    27.0789    1447.74  0.000e+00
      2.522   71.58618 -161.39548     1.9969    27.0788    1447.74  0.000e+00
      2.468   71.58618 -161.39548     1.9970    27.0788    1447.74  0.000e+00
      2.522   71.58618 -161.39548     1.9974    27.0787    1447.75  0.000e+00
      2.491   71.58618 -161.39548     1.9975    27.0786    1447.75  0.000e+00
      2.468   71.58618 -161.39548     1.9977    27.0788    1447.75  0.000e+00
      2.468   71.58618 -161.39548     1.9978    27.0783    1447.75  0.000e+00
      2.468   71.58618 -161.39548     1.9978    27.0779    1447.75  0.000e+00
      2.468   71.58618 -161.39548     1.9980    27.0775    1447.75  0.000e+00
      2.468   71.58618 -161.39548     1.9978    27.0774    1447.75  0.000e+00
      2.468   71.58618 -161.39548     1.9978    27.0766    1447.75  0.000e+00
      2.468   71.58618 -161.39548     1.9977    27.0763    1447.74  0.000e+00
      2.468   71.58618 -161.39548     1.9977    27.0763    1447.74  0.000e+00
      2.406   71.58618 -161.39548     1.9974    27.0759    1447.74  0.000e+00
      2.468   71.58618 -161.39548     1.9969    27.0757    1447.74  0.000e+00
      2.406   71.58618 -161.39548     1.9966    27.0753    1447.74  0.000e+00
      2.468   71.58618 -161.39548     1.9964    27.0754    1447.74  0.000e+00
      2.429   71.58618 -161.39548     1.9964    27.0762    1447.74  0.000e+00
      2.406   71.58618 -161.39548     1.9966    27.0770    1447.74  0.000e+00
      2.468   71.58618 -161.39548     1.9968    27.0781    1447.74  0.000e+00
      2.352   71.58618 -161.39548     1.9970    27.0792    1447.74  0.000e+00
      2.468   71.58618 -161.39548     1.9975    27.0793    1447.75  0.000e+00
      2.352   71.58618 -161.39548     1.9980    27.0788    1447.75  0.000e+00
      2.406   71.58618 -161.39548     1.9978    27.0783    1447.75  0.000e+00
      2.406   71.58618 -161.39548     1.9981    27.0775    1447.75  0.000e+00
      2.406   71.58618 -161.39548     1.9980    27.0769    1447.75  0.000e+00
      2.352   71.58618 -161.39548     1.9974    27.0771    1447.74  0.000e+00
      2.406   71.58618 -161.39548     1.9971    27.0775    1447.74  0.000e+00
      2.352   71.58618 -161.39548     1.9970    27.0780    1447.74  0.000e+00
      2.406   71.58618 -161.39548     1.9974    27.0785    1447.74  0.000e+00
      2.314   71.58618 -161.39548     1.9974    27.0795    1447.74  0.000e+00
      2.352   71.58618 -161.39548     1.9975    27.0800    1447.75  0.000e+00
      2.406   71.58618 -161.39548     1.9978    27.0802    1447.75  0.000e+00
      2.352   71.58618 -161.39548     1.9984    27.0805    1447.75  0.000e+00
      2.352   71.58618 -161.39548     1.9988    27.0821    1447.75  0.000e+00
      2.298   71.58618 -161.39548     1.9999    27.0836    1447.76  0.000e+00
      2.352   71.58618 -161.39548     2.0008    27.0837    1447.77  0.000e+00
      2.298   71.58618 -161.39548     2.0011    27.0840    1447.77  0.000e+00
      2.352   71.58618 -161.39548     2.0014    27.0838    1447.77  0.000e+00
      2.352   71.58618 -161.39548     2.0018    27.0841    1447.77  0.000e+00
      2.298   71.58618 -161.39548     2.0024    27.0847    1447.77  0.000e+00
      2.298   71.58618 -161.39548     2.0032    27.0852    1447.78  0.000e+00
      2.314   71.58618 -161.39548     2.0035    27.0851    1447.78  0.000e+00
      2.298   71.58618 -161.39548     2.0035    27.0850    1447.78  0.000e+00
      2.298   71.58618 -161.39548     2.0038    27.0851    1447.78  0.000e+00
      2.298   71.58618 -161.39548     2.0041    27.0855    1447.78  0.000e+00
      2.298   71.58618 -161.39548     2.0040    27.0860    1447.78  0.000e+00
      2.298   71.58618 -161.39548     2.0043    27.0864    1447.78  0.000e+00
      2.298   71.58618 -161.39548     2.0044    27.0864    1447.78  0.000e+00
      2.298   71.58618 -161.39548     2.0046    27.0860    1447.78  0.000e+00
      2.237   71.58618 -161.39548     2.0042    27.0865    1447.78  0.000e+00
      2.298   71.58618 -161.39548     2.0043    27.0867    1447.78  0.000e+00
      2.298   71.58618 -161.39550     2.0042    27.0864    1447.78  0.000e+00
      2.298   71.58618 -161.39550     2.0035    27.0873    1447.78  0.000e+00
      2.260   71.58618 -161.39550     2.0040    27.0870    1447.78  0.000e+00
      2.237   71.58618 -161.39550     2.0039    27.0871    1447.78  0.000e+00
      2.298   71.58618 -161.39550     2.0043    27.0869    1447.78  0.000e+00
      2.237   71.58618 -161.39550     2.0044    27.0867    1447.78  0.000e+00
      2.298   71.58618 -161.39550     2.0047    27.0864    1447.79  0.000e+00
      2.298   71.58618 -161.39550     2.0051    27.0862    1447.79  0.000e+00
      2.237   71.58618 -161.39550     2.0052    27.0857    1447.79  0.000e+00
      2.298   71.58618 -161.39550     2.0051    27.0855    1447.79  0.000e+00
      2.237   71.58618 -161.39550     2.0050    27.0853    1447.78  0.000e+00
      2.298   71.58618 -161.39550     2.0049    27.0856    1447.79  0.000e+00
      2.298   71.58618 -161.39550     2.0047    27.0861    1447.79  0.000e+00
      2.298   71.58618 -161.39550     2.0047    27.0856    1447.78  0.000e+00
      2.237   71.58618 -161.39550     2.0046    27.0848    1447.78  0.000e+00
      2.314   71.58618 -161.39550     2.0045    27.0840    1447.78  0.000e+00
      2.237   71.58618 -161.39550     2.0038    27.0834    1447.78  0.000e+00
      2.298   71.58618 -161.39550     2.0031    27.0829    1447.77  0.000e+00
      2.298   71.58618 -161.39550     2.0030    27.0831    1447.77  0.000e+00
      2.298   71.58618 -161.39550     2.0030    27.0834    1447.77  0.000e+00
      2.298   71.58618 -161.39550     2.0030    27.0828    1447.77  0.000e+00
      2.298   71.58618 -161.39550     2.0027    27.0822    1447.77  0.000e+00
      2.352   71.58618 -161.39550     2.0022    27.0817    1447.77  0.000e+00
      2.298   71.58618 -161.39550     2.0020    27.0811    1447.77  0.000e+00
      2.352   71.58618 -161.39550     2.0014    27.0808    1447.76  0.000e+00
      2.298   71.58618 -161.39550     2.0011    27.0811    1447.76  0.000e+00
      2.352   71.58618 -161.39550     2.0008    27.0809    1447.76  0.000e+00
      2.314   71.58618 -161.39550     2.0008    27.0805    1447.76  0.000e+00
      2.352   71.58618 -161.39550     2.0004    27.0812    1447.76  0.000e+00
      2.352   71.58618 -161.39550     2.0005    27.0814    1447.76  0.000e+00
      2.352   71.58618 -161.39550     2.0004    27.0814    1447.76  0.000e+00
      2.352   71.58618 -161.39550     2.0005    27.0814    1447.76  0.000e+00
      2.406   71.58618 -161.39550     2.0005    27.0809    1447.76  0.000e+00
      2.352   71.58618 -161.39550     2.0004    27.0807    1447.76  0.000e+00
      2.352   71.58618 -161.39550     2.0002    27.0798    1447.76  0.000e+00
      2.406   71.58618 -161.39550     2.0004    27.0785    1447.76  0.000e+00
      2.406   71.58618 -161.39550     2.0000    27.0779    1447.76  0.000e+00
      2.406   71.58618 -161.39550     1.9997    27.0772    1447.75  0.000e+00
      2.352   71.58618 -161.39550     1.9988    27.0771    1447.75  0.000e+00
      2.406   71.58618 -161.39550     1.9984    27.0767    1447.75  0.000e+00
      2.429   71.58618 -161.39550     1.9978    27.0760    1447.74  0.000e+00
      2.406   71.58618 -161.39550     1.9975    27.0752    1447.74  0.000e+00
      2.468   71.58618 -161.39550     1.9971    27.0748    1447.74  0.000e+00
      2.406   71.58618 -161.39550     1.9966    27.0748    1447.74  0.000e+00
      2.468   71.58618 -161.39550     1.9966    27.0746    1447.74  0.000e+00
      2.406   71.58618 -161.39550     1.9963    27.0749    1447.73  0.000e+00
      2.468   71.58618 -161.39550     1.9962    27.0742    1447.73  0.000e+00
      2.468   71.58618 -161.39550     1.9959    27.0732    1447.73  0.000e+00
      2.406   71.58618 -161.39550     1.9958    27.0731    1447.73  0.000e+00
      2.522   71.58618 -161.39550     1.9956    27.0728    1447.73  0.000e+00
      2.468   71.58618 -161.39550     1.9953    27.0730    1447.73  0.000e+00
      2.468   71.58618 -161.39550     1.9955    27.0728    1447.73  0.000e+00
      2.375   71.58618 -161.39550     1.9952    27.0730    1447.73  0.000e+00
      2.583   71.58618 -161.39550     1.9952    27.0732    1447.73  0.000e+00
      2.468   71.58618 -161.39550     1.9950    27.0731    1447.73  0.000e+00
      2.522   71.58618 -161.39550     1.9950    27.0728    1447.73  0.000e+00
      2.522   71.58618 -161.39550     1.9950    27.0729    1447.73  0.000e+00
      2.468   71.58618 -161.39550     1.9950    27.0732    1447.73  0.000e+00
      2.468   71.58618 -161.39550     1.9952    27.0727    1447.73  0.000e+00
      2.522   71.58618 -161.39550     1.9952    27.0726    1447.73  0.000e+00
      2.522   71.58618 -161.39550     1.9952    27.0724    1447.73  0.000e+00
      2.468   71.58618 -161.39550     1.9952    27.0727    1447.73  0.000e+00
      2.522   71.58618 -161.39550     1.9950    27.0733    1447.73  0.000e+00
      2.522   71.58618 -161.39550     1.9952    27.0735    1447.73  0.000e+00
      2.468   71.58618 -161.39550     1.9952    27.0738    1447.73  0.000e+00
      2.522   71.58618 -161.39550     1.9950    27.0741    1447.73  0.000e+00
      2.491   71.58618 -161.39550     1.9949    27.0745    1447.73  0.000e+00
      2.522   71.58618 -161.39550     1.9949    27.0742    1447.73  0.000e+00
      2.522   71.58618 -161.39550     1.9949    27.0746    1447.73  0.000e+00
      2.468   71.58618 -161.39550     1.9946    27.0751    1447.73  0.000e+00
      2.522   71.58618 -161.39550     1.9949    27.0759    1447.73  0.000e+00
      2.468   71.58618 -161.39550     1.9949    27.0776    1447.73  0.000e+00
      2.522   71.58618 -161.39550     1.9955    27.0785    1447.74  0.000e+00
      2.468   71.58618 -161.39550     1.9966    27.0776    1447.74  0.000e+00
      2.522   71.58618 -161.39550     1.9972    27.0760    1447.74  0.000e+00
      2.522   71.58618 -161.39550     1.9972    27.0749    1447.74  0.000e+00
      2.468   71.58618 -161.39550     1.9972    27.0742    1447.74  0.000e+00
      2.468   71.58618 -161.39550     1.9971    27.0741    1447.74  0.000e+00
      2.468   71.58618 -161.39550     1.9968    27.0741    1447.74  0.000e+00
      2.491   71.58618 -161.39550     1.9964    27.0749    1447.74  0.000e+00
      2.468   71.58618 -161.39550     1.9966    27.0752    1447.74  0.000e+00
      2.468   71.58618 -161.39550     1.9968    27.0759    1447.74  0.000e+00
      2.468   71.58618 -161.39550     1.9968    27.0763    1447.74  0.000e+00
      2.468   71.58618 -161.39550     1.9966    27.0760    1447.74  0.000e+00
      2.468   71.58618 -161.39550     1.9964    27.0765    1447.74  0.000e+00
      2.468   71.58618 -161.39550     1.9964    27.0777    1447.74  0.000e+00
      2.468   71.58618 -161.39550     1.9972    27.0782    1447.74  0.000e+00
      2.406   71.58618 -161.39550     1.9974    27.0788    1447.74  0.000e+00
      2.468   71.58618 -161.39550     1.9981    27.0796    1447.75  0.000e+00
