EcoFOCI/data/1_SampleCollection/2023_SikuliaqDBO_CruiseData/CTD_raw_BottleFile_SKQ23-12S/proc/skq202312s_083svpavg.cnv
* Sea-Bird SBE 9 Data File:
* FileName = D:\CTD\SKQ202312S\SKQ202312S_083.hex
* Software Version Seasave V 7.26.7.121
* Temperature SN = 6177
* Conductivity SN = 0369
* Number of Bytes Per Scan = 41
* Number of Voltage Words = 4
* Number of Scans Averaged by the Deck Unit = 1
* NMEA Latitude = 65 38.84 N
* NMEA Longitude = 168 16.47 W
* NMEA UTC (Time) = Oct 03 2023  11:08:11
* NMEA baud rate = 4800
** Ship: R/V Sikuliaq
** Station Number: 083
** Station Name: BS2
** Bottom Depth: 45
** Operator: SD
# nquan = 7
# nvalues = 38                          
# units = specified
# name 0 = depSM: Depth [salt water, m]
# name 1 = latitude: Latitude [deg]
# name 2 = longitude: Longitude [deg]
# name 3 = t090C: Temperature [ITS-90, deg C]
# name 4 = sal00: Salinity, Practical [PSU]
# name 5 = svCM: Sound Velocity [Chen-Millero, m/s]
# name 6 = flag: flag
# span 0 =      3.000,     40.000       
# span 1 =   65.64734,   65.64734       
# span 2 = -168.27482, -168.27476       
# span 3 =     2.9953,     6.6653       
# span 4 =    28.0406,    32.7327       
# span 5 =    1460.02,    1473.30       
# span 6 = 0.0000e+00, 0.0000e+00       
# interval = meters: 1                  
# start_time = Oct 03 2023 11:11:32 [NMEA time, first data scan]
# bad_flag = -9.990e-29
*END*
      3.000   65.64734 -168.27479     5.8137    28.0461    1465.27 0.0000e+00
      4.000   65.64734 -168.27480     5.8028    28.0406    1465.23 0.0000e+00
      5.000   65.64734 -168.27481     5.8080    28.0443    1465.28 0.0000e+00
      6.000   65.64734 -168.27482     5.8375    28.0677    1465.44 0.0000e+00
      7.000   65.64734 -168.27482     5.9753    28.1600    1466.13 0.0000e+00
      8.000   65.64734 -168.27482     6.3813    29.8623    1469.92 0.0000e+00
      9.000   65.64734 -168.27482     6.5126    31.3732    1472.36 0.0000e+00
     10.000   65.64734 -168.27482     6.4496    31.4346    1472.20 0.0000e+00
     11.000   65.64734 -168.27482     6.5316    31.5003    1472.62 0.0000e+00
     12.000   65.64734 -168.27482     6.5891    31.5404    1472.92 0.0000e+00
     13.000   65.64734 -168.27482     6.6410    31.5695    1473.17 0.0000e+00
     14.000   65.64734 -168.27482     6.6653    31.5774    1473.30 0.0000e+00
     15.000   65.64734 -168.27482     6.6552    31.5816    1473.28 0.0000e+00
     16.000   65.64734 -168.27482     6.6491    31.5842    1473.27 0.0000e+00
     17.000   65.64734 -168.27482     6.6306    31.5904    1473.23 0.0000e+00
     18.000   65.64734 -168.27482     6.5346    31.6077    1472.88 0.0000e+00
     19.000   65.64734 -168.27482     6.4157    31.6225    1472.45 0.0000e+00
     20.000   65.64734 -168.27482     6.0410    31.6584    1471.02 0.0000e+00
     21.000   65.64734 -168.27482     5.8754    31.7001    1470.43 0.0000e+00
     22.000   65.64734 -168.27482     5.6592    31.7812    1469.67 0.0000e+00
     23.000   65.64734 -168.27482     5.5759    31.8419    1469.43 0.0000e+00
     24.000   65.64734 -168.27482     5.5718    31.8484    1469.44 0.0000e+00
     25.000   65.64734 -168.27482     5.5435    31.8575    1469.35 0.0000e+00
     26.000   65.64734 -168.27482     5.2702    31.9152    1468.33 0.0000e+00
     27.000   65.64734 -168.27482     4.8388    32.0212    1466.72 0.0000e+00
     28.000   65.64734 -168.27482     4.2012    32.1914    1464.31 0.0000e+00
     29.000   65.64734 -168.27480     3.8166    32.3193    1462.88 0.0000e+00
     30.000   65.64734 -168.27480     3.5092    32.4775    1461.80 0.0000e+00
     31.000   65.64734 -168.27480     3.0975    32.7016    1460.35 0.0000e+00
     32.000   65.64734 -168.27480     3.0252    32.7310    1460.10 0.0000e+00
     33.000   65.64734 -168.27480     3.0039    32.7327    1460.02 0.0000e+00
     34.000   65.64734 -168.27479     3.0020    32.7325    1460.03 0.0000e+00
     35.000   65.64734 -168.27478     3.0103    32.7251    1460.07 0.0000e+00
     36.000   65.64734 -168.27478     3.0003    32.7246    1460.05 0.0000e+00
     37.000   65.64734 -168.27476     2.9994    32.7248    1460.06 0.0000e+00
     38.000   65.64734 -168.27478     2.9986    32.7256    1460.07 0.0000e+00
     39.000   65.64734 -168.27478     2.9970    32.7276    1460.09 0.0000e+00
     40.000   65.64734 -168.27478     2.9953    32.7292    1460.10 0.0000e+00
