EcoFOCI/data/1_SampleCollection/2023_SikuliaqDBO_CruiseData/CTD_raw_BottleFile_SKQ23-12S/proc/skq202312s_033.cnv
* Sea-Bird SBE 9 Data File:
* FileName = D:\CTD\SKQ202312S\SKQ202312S_033.hex
* Software Version Seasave V 7.26.7.121
* Temperature SN = 6177
* Conductivity SN = 0369
* Number of Bytes Per Scan = 41
* Number of Voltage Words = 4
* Number of Scans Averaged by the Deck Unit = 1
* NMEA Latitude = 71 34.65 N
* NMEA Longitude = 157 50.24 W
* NMEA UTC (Time) = Sep 21 2023  14:22:10
* NMEA baud rate = 4800
** Ship: R/V Sikuliaq
** Station Number: 033
** Station Name: DBO5.9
** Bottom Depth: 66
** Operator: SD
# nquan = 24
# nvalues = 6364                                  
# units = specified
# name 0 = depSM: Depth [salt water, m]
# name 1 = latitude: Latitude [deg]
# name 2 = longitude: Longitude [deg]
# name 3 = prDM: Pressure, Digiquartz [db]
# name 4 = t090C: Temperature [ITS-90, deg C]
# name 5 = t190C: Temperature, 2 [ITS-90, deg C]
# name 6 = potemp090C: Potential Temperature [ITS-90, deg C]
# name 7 = sal00: Salinity, Practical [PSU]
# name 8 = sal11: Salinity, Practical, 2 [PSU]
# name 9 = density00: Density [density, kg/m^3]
# name 10 = sigma-é00: Density [sigma-theta, kg/m^3]
# name 11 = sbox0Mm/Kg: Oxygen, SBE 43 [umol/kg]
# name 12 = sbox1Mm/Kg: Oxygen, SBE 43, 2 [umol/kg]
# name 13 = oxsolMm/Kg: Oxygen Saturation, Garcia & Gordon [umol/kg]
# name 14 = sbeox0PS: Oxygen, SBE 43 [% saturation]
# name 15 = sbeox1PS: Oxygen, SBE 43, 2 [% saturation]
# name 16 = v0: Voltage 0
# name 17 = flECO-AFL: Fluorescence, WET Labs ECO-AFL/FL [mg/m^3]
# name 18 = v1: Voltage 1
# name 19 = CStarAt0: Beam Attenuation, WET Labs C-Star [1/m]
# name 20 = par: PAR/Irradiance, Biospherical/Licor
# name 21 = scan: Scan Count
# name 22 = timeM: Time, Elapsed [minutes]
# name 23 = flag:  0.000e+00
# span 0 =      2.472,     59.570                 
# span 1 =   71.57744,   71.57752                 
# span 2 = -157.83780, -157.83732                 
# span 3 =      2.497,     60.194                 
# span 4 =    -1.6373,     2.2384                 
# span 5 =    -1.6358,     2.2397                 
# span 6 =    -1.6384,     2.2382                 
# span 7 =    29.9692,    32.9009                 
# span 8 =    30.0823,    32.9111                 
# span 9 =  1023.9801,  1026.7604                 
# span 10 =    23.9328,    26.4705                
# span 11 =    272.003,    453.888                
# span 12 =    258.249,    427.794                
# span 13 =  341.24442,  369.61372                
# span 14 =     73.633,    124.768                
# span 15 =     69.921,    117.528                
# span 16 =     0.0659,     0.1648                
# span 17 =     0.0476,     0.6410                
# span 18 =     2.7949,     4.1844                
# span 19 =     0.4754,     2.0902                
# span 20 = 1.0000e-12, 6.2309e-01                
# span 21 =          1,       6364                
# span 22 =     0.0000,     4.4188                
# span 23 = 0.0000e+00, 0.0000e+00                
# interval = seconds: 0.0416667
# start_time = Sep 21 2023 14:28:00 [NMEA time, first data scan]
# bad_flag = -9.990e-29
*END*
[from data line 242]
      3.921   71.57744 -157.83778      3.962     2.2328     2.2363     2.2327    30.0782    30.0869  1024.0336    24.0148    356.092    338.606  341.32841    104.325     99.218     0.1453     0.5238     4.1514     0.5070 3.7755e-01        243     0.1681  0.000e+00
      3.960   71.57744 -157.83778      4.001     2.2328     2.2361     2.2327    30.0780    30.0869  1024.0336    24.0147    356.096    338.637  341.32897    104.326     99.226     0.1453     0.5238     4.1514     0.5070 3.7477e-01        244     0.1688  0.000e+00
      3.960   71.57744 -157.83778      4.001     2.2330     2.2363     2.2328    30.0780    30.0864  1024.0336    24.0147    356.096    338.460  341.32757    104.327     99.174     0.1441     0.5165     4.1526     0.5058 3.2853e-01        245     0.1694  0.000e+00
      4.022   71.57744 -157.83778      4.063     2.2328     2.2361     2.2327    30.0781    30.0868  1024.0340    24.0148    356.141    338.465  341.32855    104.340     99.176     0.1453     0.5238     4.1526     0.5058 3.0528e-01        246     0.1701  0.000e+00
      3.960   71.57744 -157.83778      4.001     2.2330     2.2360     2.2328    30.0780    30.0870  1024.0336    24.0147    356.139    338.465  341.32747    104.340     99.176     0.1465     0.5311     4.1514     0.5070 3.0290e-01        247     0.1708  0.000e+00
      4.022   71.57744 -157.83778      4.063     2.2328     2.2363     2.2327    30.0782    30.0867  1024.0341    24.0148    356.147    338.443  341.32845    104.341     99.170     0.1453     0.5238     4.1514     0.5070 3.4518e-01        248     0.1715  0.000e+00
      3.960   71.57744 -157.83778      4.001     2.2332     2.2360     2.2330    30.0778    30.0870  1024.0335    24.0146    356.144    338.418  341.32647    104.341     99.162     0.1453     0.5238     4.1526     0.5058 3.7755e-01        249     0.1722  0.000e+00
      4.022   71.57744 -157.83778      4.063     2.2332     2.2361     2.2330    30.0781    30.0870  1024.0340    24.0147    356.150    338.419  341.32594    104.343     99.163     0.1453     0.5238     4.1514     0.5070 3.8176e-01        250     0.1729  0.000e+00
      4.022   71.57744 -157.83778      4.063     2.2333     2.2361     2.2331    30.0777    30.0871  1024.0337    24.0145    356.379    338.419  341.32535    104.410     99.163     0.1453     0.5238     4.1514     0.5070 4.0038e-01        251     0.1736  0.000e+00
      4.022   71.57744 -157.83778      4.063     2.2333     2.2361     2.2331    30.0777    30.0869  1024.0336    24.0144    356.191    338.419  341.32555    104.355     99.163     0.1441     0.5165     4.1526     0.5058 4.1819e-01        252     0.1743  0.000e+00
      4.075   71.57744 -157.83778      4.118     2.2335     2.2363     2.2333    30.0775    30.0866  1024.0337    24.0142    356.194    338.421  341.32463    104.356     99.163     0.1453     0.5238     4.1514     0.5070 4.2122e-01        253     0.1750  0.000e+00
      3.960   71.57744 -157.83778      4.001     2.2335     2.2361     2.2333    30.0779    30.0871  1024.0336    24.0146    356.150    338.416  341.32345    104.344     99.162     0.1465     0.5311     4.1514     0.5070 3.8176e-01        254     0.1757  0.000e+00
      4.022   71.57744 -157.83778      4.063     2.2333     2.2363     2.2331    30.0780    30.0867  1024.0339    24.0146    356.155    338.418  341.32474    104.345     99.163     0.1453     0.5238     4.1526     0.5058 3.3359e-01        255     0.1764  0.000e+00
      4.022   71.57744 -157.83778      4.063     2.2333     2.2361     2.2331    30.0781    30.0868  1024.0340    24.0148    356.154    338.420  341.32433    104.345     99.163     0.1453     0.5238     4.1514     0.5070 3.2229e-01        256     0.1771  0.000e+00
      4.022   71.57744 -157.83778      4.063     2.2333     2.2363     2.2331    30.0780    30.0867  1024.0339    24.0147    356.155    338.418  341.32464    104.345     99.163     0.1441     0.5165     4.1526     0.5058 3.2728e-01        257     0.1778  0.000e+00
      3.960   71.57746 -157.83778      4.001     2.2335     2.2363     2.2333    30.0778    30.0865  1024.0335    24.0145    356.151    338.416  341.32376    104.344     99.162     0.1453     0.5238     4.1514     0.5070 3.3486e-01        258     0.1785  0.000e+00
      4.037   71.57746 -157.83778      4.079     2.2335     2.2363     2.2333    30.0780    30.0868  1024.0340    24.0146    356.381    338.419  341.32335    104.411     99.163     0.1465     0.5311     4.1514     0.5070 3.3742e-01        259     0.1792  0.000e+00
      3.960   71.57746 -157.83778      4.001     2.2335     2.2366     2.2333    30.0779    30.0863  1024.0335    24.0146    356.374    338.414  341.32356    104.409     99.162     0.1453     0.5238     4.1526     0.5058 3.4648e-01        260     0.1799  0.000e+00
      3.960   71.57746 -157.83778      4.001     2.2335     2.2365     2.2333    30.0780    30.0867  1024.0336    24.0147    356.219    338.414  341.32325    104.364     99.162     0.1465     0.5311     4.1514     0.5070 3.7339e-01        261     0.1806  0.000e+00
      4.022   71.57746 -157.83778      4.063     2.2337     2.2363     2.2335    30.0777    30.0863  1024.0336    24.0144    356.484    338.419  341.32274    104.442     99.163     0.1441     0.5165     4.1514     0.5070 3.8458e-01        262     0.1812  0.000e+00
      3.960   71.57746 -157.83778      4.001     2.2337     2.2360     2.2335    30.0777    30.0866  1024.0333    24.0144    356.515    338.394  341.32276    104.451     99.154     0.1453     0.5238     4.1514     0.5070 3.7755e-01        263     0.1819  0.000e+00
      3.906   71.57746 -157.83778      3.946     2.2338     2.2361     2.2336    30.0778    30.0865  1024.0332    24.0145    356.544    338.389  341.32151    104.460     99.153     0.1465     0.5311     4.1514     0.5070 3.4648e-01        264     0.1826  0.000e+00
      3.960   71.57746 -157.83778      4.001     2.2337     2.2359     2.2335    30.0777    30.0866  1024.0334    24.0144    356.579    338.190  341.32266    104.470     99.094     0.1453     0.5238     4.1514     0.5070 3.3232e-01        265     0.1833  0.000e+00
      3.960   71.57746 -157.83778      4.001     2.2337     2.2360     2.2335    30.0777    30.0866  1024.0333    24.0144    356.382    338.164  341.32276    104.412     99.087     0.1502     0.5531     4.1514     0.5070 3.3486e-01        266     0.1840  0.000e+00
      3.906   71.57746 -157.83778      3.946     2.2337     2.2357     2.2335    30.0781    30.0867  1024.0334    24.0147    356.597    338.141  341.32167    104.475     99.080     0.1502     0.5531     4.1514     0.5070 3.7063e-01        267     0.1847  0.000e+00
      3.906   71.57746 -157.83778      3.946     2.2338     2.2358     2.2336    30.0775    30.0866  1024.0329    24.0142    356.625    338.093  341.32189    104.484     99.066     0.1514     0.5604     4.1514     0.5070 3.9027e-01        268     0.1854  0.000e+00
      3.960   71.57746 -157.83778      4.001     2.2338     2.2360     2.2336    30.0775    30.0866  1024.0332    24.0142    356.655    338.046  341.32220    104.492     99.053     0.1490     0.5458     4.1514     0.5070 3.9170e-01        269     0.1861  0.000e+00
      3.844   71.57746 -157.83778      3.884     2.2340     2.2361     2.2338    30.0776    30.0866  1024.0327    24.0143    356.672    338.017  341.32010    104.498     99.045     0.1502     0.5531     4.1502     0.5082 3.6380e-01        270     0.1868  0.000e+00
      3.906   71.57746 -157.83778      3.946     2.2340     2.2363     2.2338    30.0774    30.0867  1024.0328    24.0142    356.698    337.997  341.32059    104.505     99.039     0.1514     0.5604     4.1514     0.5070 3.4518e-01        271     0.1875  0.000e+00
      3.844   71.57746 -157.83778      3.884     2.2340     2.2363     2.2338    30.0778    30.0868  1024.0329    24.0145    356.716    337.974  341.31959    104.511     99.032     0.1502     0.5531     4.1514     0.5070 3.4388e-01        272     0.1882  0.000e+00
      3.844   71.57746 -157.83778      3.884     2.2341     2.2361     2.2340    30.0774    30.0869  1024.0325    24.0141    356.736    337.956  341.31920    104.517     99.027     0.1502     0.5531     4.1514     0.5070 3.3232e-01        273     0.1889  0.000e+00
      3.867   71.57746 -157.83778      3.907     2.2341     2.2365     2.2339    30.0771    30.0866  1024.0324    24.0139    356.757    337.937  341.32048    104.523     99.022     0.1490     0.5458     4.1514     0.5070 3.2353e-01        274     0.1896  0.000e+00
      3.906   71.57746 -157.83778      3.946     2.2343     2.2363     2.2341    30.0771    30.0867  1024.0326    24.0139    356.774    337.922  341.31913    104.528     99.017     0.1502     0.5531     4.1514     0.5070 3.2105e-01        275     0.1903  0.000e+00
      3.790   71.57746 -157.83778      3.829     2.2341     2.2365     2.2340    30.0773    30.0866  1024.0322    24.0141    356.785    337.697  341.31943    104.531     98.951     0.1514     0.5604     4.1514     0.5070 2.9585e-01        276     0.1910  0.000e+00
      3.844   71.57746 -157.83778      3.884     2.2344     2.2363     2.2342    30.0772    30.0866  1024.0323    24.0139    356.799    337.663  341.31744    104.536     98.941     0.1502     0.5531     4.1514     0.5070 2.6772e-01        277     0.1917  0.000e+00
      3.790   71.57746 -157.83778      3.829     2.2344     2.2365     2.2342    30.0773    30.0866  1024.0322    24.0140    356.809    337.622  341.31716    104.539     98.930     0.1514     0.5604     4.1514     0.5070 2.6126e-01        278     0.1924  0.000e+00
      3.844   71.57746 -157.83778      3.884     2.2347     2.2366     2.2346    30.0768    30.0865  1024.0320    24.0136    356.820    337.792  341.31574    104.543     98.980     0.1502     0.5531     4.1514     0.5070 2.9121e-01        279     0.1931  0.000e+00
      3.790   71.57746 -157.83778      3.829     2.2346     2.2363     2.2344    30.0771    30.0866  1024.0320    24.0138    356.828    337.783  341.31636    104.545     98.976     0.1502     0.5531     4.1514     0.5070 3.5174e-01        280     0.1938  0.000e+00
      3.790   71.57746 -157.83778      3.829     2.2343     2.2363     2.2341    30.0772    30.0867  1024.0321    24.0140    356.839    337.775  341.31877    104.547     98.974     0.1490     0.5458     4.1514     0.5070 3.7063e-01        281     0.1944  0.000e+00
      3.790   71.57746 -157.83776      3.829     2.2344     2.2363     2.2342    30.0772    30.0868  1024.0321    24.0140    356.804    337.768  341.31736    104.537     98.972     0.1502     0.5531     4.1514     0.5070 3.8741e-01        282     0.1951  0.000e+00
      3.790   71.57746 -157.83776      3.829     2.2344     2.2363     2.2342    30.0771    30.0865  1024.0320    24.0139    356.808    337.762  341.31767    104.538     98.970     0.1514     0.5604     4.1502     0.5082 4.3817e-01        283     0.1958  0.000e+00
      3.728   71.57746 -157.83776      3.767     2.2343     2.2361     2.2341    30.0772    30.0868  1024.0318    24.0140    356.581    337.755  341.31879    104.472     98.968     0.1502     0.5531     4.1490     0.5094 4.5728e-01        284     0.1965  0.000e+00
      3.790   71.57746 -157.83776      3.829     2.2344     2.2363     2.2342    30.0772    30.0864  1024.0321    24.0140    356.773    337.753  341.31736    104.528     98.967     0.1502     0.5531     4.1490     0.5094 4.2732e-01        285     0.1972  0.000e+00
      3.728   71.57746 -157.83776      3.767     2.2340     2.2360     2.2338    30.0777    30.0867  1024.0323    24.0144    356.773    337.547  341.31974    104.528     98.906     0.1502     0.5531     4.1490     0.5094 3.0409e-01        286     0.1979  0.000e+00
      3.728   71.57746 -157.83776      3.767     2.2341     2.2360     2.2339    30.0772    30.0866  1024.0318    24.0140    356.772    337.522  341.32019    104.527     98.899     0.1502     0.5531     4.1490     0.5094 2.6233e-01        287     0.1986  0.000e+00
      3.728   71.57746 -157.83776      3.767     2.2341     2.2357     2.2340    30.0770    30.0868  1024.0317    24.0138    356.769    337.501  341.32017    104.526     98.892     0.1514     0.5604     4.1490     0.5094 2.6340e-01        288     0.1993  0.000e+00
      3.752   71.57746 -157.83776      3.790     2.2340     2.2359     2.2338    30.0772    30.0866  1024.0320    24.0140    356.767    337.480  341.32109    104.525     98.886     0.1502     0.5531     4.1490     0.5094 2.9702e-01        289     0.2000  0.000e+00
      3.728   71.57746 -157.83776      3.767     2.2340     2.2356     2.2338    30.0774    30.0869  1024.0320    24.0141    356.720    337.665  341.32066    104.512     98.940     0.1514     0.5604     4.1490     0.5094 3.1492e-01        290     0.2007  0.000e+00
      3.674   71.57746 -157.83776      3.712     2.2337     2.2358     2.2335    30.0774    30.0867  1024.0318    24.0142    356.711    337.692  341.32339    104.508     98.948     0.1490     0.5458     4.1490     0.5094 3.1736e-01        291     0.2014  0.000e+00
      3.674   71.57746 -157.83776      3.712     2.2338     2.2357     2.2336    30.0772    30.0866  1024.0316    24.0140    356.700    337.523  341.32303    104.505     98.899     0.1477     0.5384     4.1490     0.5094 4.1070e-01        292     0.2021  0.000e+00
      3.728   71.57746 -157.83776      3.767     2.2338     2.2357     2.2336    30.0775    30.0867  1024.0321    24.0142    356.915    337.740  341.32186    104.569     98.962     0.1490     0.5458     4.1490     0.5094 4.7871e-01        293     0.2028  0.000e+00
      3.674   71.57746 -157.83776      3.712     2.2337     2.2356     2.2335    30.0774    30.0869  1024.0318    24.0142    356.710    337.752  341.32339    104.508     98.966     0.1477     0.5384     4.1490     0.5094 4.8887e-01        294     0.2035  0.000e+00
      3.728   71.57746 -157.83776      3.767     2.2335     2.2357     2.2333    30.0780    30.0868  1024.0325    24.0147    356.695    337.768  341.32325    104.504     98.970     0.1490     0.5458     4.1490     0.5094 4.3661e-01        295     0.2042  0.000e+00
      3.728   71.57746 -157.83776      3.767     2.2338     2.2357     2.2336    30.0775    30.0868  1024.0321    24.0142    356.675    337.783  341.32219    104.498     98.975     0.1477     0.5384     4.1490     0.5094 3.9747e-01        296     0.2049  0.000e+00
      3.728   71.57746 -157.83776      3.767     2.2338     2.2358     2.2336    30.0776    30.0865  1024.0321    24.0143    356.654    338.001  341.32155    104.492     99.039     0.1477     0.5384     4.1490     0.5094 3.9027e-01        297     0.2056  0.000e+00
      3.728   71.57746 -157.83776      3.767     2.2337     2.2358     2.2335    30.0776    30.0866  1024.0322    24.0143    356.634    337.839  341.32296    104.486     98.991     0.1477     0.5384     4.1490     0.5094 3.5440e-01        298     0.2062  0.000e+00
      3.674   71.57746 -157.83776      3.712     2.2337     2.2357     2.2335    30.0778    30.0868  1024.0320    24.0145    356.607    337.854  341.32248    104.478     98.996     0.1477     0.5384     4.1490     0.5094 3.1492e-01        299     0.2069  0.000e+00
      3.728   71.57746 -157.83776      3.767     2.2338     2.2357     2.2336    30.0778    30.0865  1024.0323    24.0145    356.395    337.875  341.32094    104.416     99.002     0.1490     0.5458     4.1490     0.5094 3.0528e-01        300     0.2076  0.000e+00
      3.674   71.57746 -157.83776      3.712     2.2339     2.2357     2.2338    30.0778    30.0869  1024.0321    24.0145    356.558    337.891  341.32000    104.464     99.007     0.1477     0.5384     4.1490     0.5094 2.8549e-01        301     0.2083  0.000e+00
