EcoFOCI/data/1_SampleCollection/2023_SikuliaqDBO_CruiseData/CTD_raw_BottleFile_SKQ23-12S/proc/skq202312s_046svp.cnv
* Sea-Bird SBE 9 Data File:
* FileName = D:\CTD\SKQ202312S\SKQ202312S_046.hex
* Software Version Seasave V 7.26.7.121
* Temperature SN = 6177
* Conductivity SN = 0369
* Number of Bytes Per Scan = 41
* Number of Voltage Words = 4
* Number of Scans Averaged by the Deck Unit = 1
* NMEA Latitude = 71 35.89 N
* NMEA Longitude = 161 32.21 W
* NMEA UTC (Time) = Sep 24 2023  19:47:51
* NMEA baud rate = 4800
** Ship: R/V Sikuliaq
** Station Number: 046
** Station Name: CEO2
** Bottom Depth: 46
** Operator: SD
# nquan = 7
# nvalues = 4389                                  
# units = specified
# name 0 = depSM: Depth [salt water, m]
# name 1 = latitude: Latitude [deg]
# name 2 = longitude: Longitude [deg]
# name 3 = t090C: Temperature [ITS-90, deg C]
# name 4 = sal00: Salinity, Practical [PSU]
# name 5 = svCM: Sound Velocity [Chen-Millero, m/s]
# name 6 = flag:  0.000e+00
# span 0 =      1.531,     41.132                 
# span 1 =   71.59802,   71.59810                 
# span 2 = -161.53712, -161.53668                 
# span 3 =    -1.5417,     2.3014                 
# span 4 =    27.0013,    32.5559                 
# span 5 =    1439.25,    1451.03                 
# span 6 = 0.0000e+00, 0.0000e+00                 
# interval = seconds: 0.0416667
# start_time = Sep 24 2023 19:50:48 [NMEA time, first data scan]
# bad_flag = -9.990e-29
*END*
[from data line 1847]
     20.538   71.59806 -161.53684    -0.1103    31.7409    1444.60  0.000e+00
     20.484   71.59806 -161.53684    -0.1169    31.7461    1444.58  0.000e+00
     20.677   71.59806 -161.53684    -0.1218    31.7491    1444.56  0.000e+00
     20.592   71.59806 -161.53684    -0.1275    31.7528    1444.54  0.000e+00
     20.615   71.59806 -161.53684    -0.1339    31.7578    1444.52  0.000e+00
     20.654   71.59806 -161.53684    -0.1399    31.7623    1444.50  0.000e+00
     20.708   71.59806 -161.53684    -0.1459    31.7657    1444.47  0.000e+00
     20.677   71.59806 -161.53684    -0.1531    31.7705    1444.45  0.000e+00
     20.708   71.59806 -161.53684    -0.1610    31.7764    1444.42  0.000e+00
     20.770   71.59806 -161.53684    -0.1681    31.7805    1444.39  0.000e+00
     20.731   71.59806 -161.53684    -0.1748    31.7842    1444.36  0.000e+00
     20.770   71.59806 -161.53684    -0.1831    31.7904    1444.33  0.000e+00
     20.824   71.59806 -161.53684    -0.1899    31.7945    1444.31  0.000e+00
     20.793   71.59806 -161.53684    -0.1962    31.7985    1444.29  0.000e+00
     20.824   71.59806 -161.53684    -0.2044    31.8040    1444.26  0.000e+00
     20.901   71.59806 -161.53684    -0.2142    31.8114    1444.22  0.000e+00
     20.885   71.59806 -161.53684    -0.2229    31.8174    1444.19  0.000e+00
     20.885   71.59806 -161.53684    -0.2331    31.8250    1444.15  0.000e+00
     20.901   71.59806 -161.53684    -0.2427    31.8324    1444.12  0.000e+00
     20.939   71.59806 -161.53684    -0.2519    31.8385    1444.08  0.000e+00
     20.939   71.59806 -161.53684    -0.2602    31.8437    1444.05  0.000e+00
     20.963   71.59806 -161.53684    -0.2689    31.8494    1444.02  0.000e+00
     21.055   71.59806 -161.53684    -0.2750    31.8530    1444.00  0.000e+00
     20.939   71.59806 -161.53684    -0.2813    31.8569    1443.97  0.000e+00
     21.078   71.59806 -161.53684    -0.2905    31.8647    1443.94  0.000e+00
     21.055   71.59806 -161.53684    -0.2995    31.8731    1443.91  0.000e+00
     21.078   71.59806 -161.53684    -0.3074    31.8802    1443.88  0.000e+00
     21.109   71.59806 -161.53684    -0.3142    31.8859    1443.86  0.000e+00
     21.109   71.59806 -161.53684    -0.3196    31.8894    1443.84  0.000e+00
     21.078   71.59806 -161.53684    -0.3255    31.8950    1443.82  0.000e+00
     21.171   71.59806 -161.53684    -0.3318    31.9010    1443.80  0.000e+00
     21.171   71.59806 -161.53684    -0.3383    31.9064    1443.77  0.000e+00
     21.186   71.59806 -161.53684    -0.3441    31.9112    1443.75  0.000e+00
     21.225   71.59806 -161.53684    -0.3491    31.9157    1443.74  0.000e+00
     21.248   71.59806 -161.53684    -0.3553    31.9208    1443.72  0.000e+00
     21.171   71.59806 -161.53684    -0.3627    31.9276    1443.69  0.000e+00
     21.286   71.59806 -161.53684    -0.3684    31.9319    1443.67  0.000e+00
     21.302   71.59806 -161.53684    -0.3747    31.9366    1443.65  0.000e+00
     21.286   71.59806 -161.53684    -0.3808    31.9416    1443.62  0.000e+00
     21.340   71.59806 -161.53684    -0.3885    31.9477    1443.60  0.000e+00
     21.302   71.59806 -161.53684    -0.3963    31.9539    1443.57  0.000e+00
     21.340   71.59806 -161.53684    -0.4045    31.9607    1443.54  0.000e+00
     21.364   71.59806 -161.53684    -0.4139    31.9679    1443.51  0.000e+00
     21.394   71.59806 -161.53684    -0.4212    31.9733    1443.48  0.000e+00
     21.456   71.59806 -161.53684    -0.4300    31.9809    1443.45  0.000e+00
     21.364   71.59806 -161.53684    -0.4390    31.9894    1443.42  0.000e+00
     21.510   71.59806 -161.53684    -0.4475    31.9971    1443.39  0.000e+00
     21.456   71.59806 -161.53684    -0.4552    32.0044    1443.36  0.000e+00
     21.479   71.59806 -161.53684    -0.4626    32.0111    1443.34  0.000e+00
     21.510   71.59806 -161.53684    -0.4702    32.0179    1443.31  0.000e+00
     21.479   71.59806 -161.53684    -0.4758    32.0237    1443.29  0.000e+00
     21.572   71.59806 -161.53684    -0.4812    32.0283    1443.28  0.000e+00
     21.510   71.59806 -161.53684    -0.4886    32.0346    1443.25  0.000e+00
     21.587   71.59806 -161.53684    -0.4976    32.0429    1443.22  0.000e+00
     21.572   71.59806 -161.53684    -0.5038    32.0484    1443.20  0.000e+00
     21.626   71.59806 -161.53684    -0.5095    32.0540    1443.18  0.000e+00
     21.649   71.59806 -161.53684    -0.5165    32.0602    1443.16  0.000e+00
     21.626   71.59806 -161.53684    -0.5248    32.0670    1443.13  0.000e+00
     21.649   71.59806 -161.53684    -0.5334    32.0742    1443.09  0.000e+00
     21.626   71.59806 -161.53684    -0.5424    32.0809    1443.06  0.000e+00
     21.741   71.59806 -161.53684    -0.5497    32.0860    1443.04  0.000e+00
     21.703   71.59806 -161.53684    -0.5569    32.0922    1443.01  0.000e+00
     21.741   71.59806 -161.53684    -0.5623    32.0963    1442.99  0.000e+00
     21.703   71.59806 -161.53684    -0.5689    32.1013    1442.97  0.000e+00
     21.795   71.59806 -161.53684    -0.5771    32.1043    1442.93  0.000e+00
     21.795   71.59806 -161.53684    -0.5883    32.1102    1442.89  0.000e+00
     21.765   71.59806 -161.53684    -0.6023    32.1200    1442.84  0.000e+00
     21.857   71.59806 -161.53684    -0.6177    32.1314    1442.78  0.000e+00
     21.857   71.59806 -161.53684    -0.6339    32.1431    1442.72  0.000e+00
     21.819   71.59806 -161.53684    -0.6492    32.1541    1442.66  0.000e+00
     21.911   71.59806 -161.53684    -0.6642    32.1647    1442.61  0.000e+00
     21.934   71.59806 -161.53684    -0.6797    32.1759    1442.55  0.000e+00
     21.911   71.59806 -161.53684    -0.6955    32.1859    1442.49  0.000e+00
     21.973   71.59806 -161.53684    -0.7098    32.1940    1442.43  0.000e+00
     21.934   71.59806 -161.53684    -0.7213    32.1993    1442.39  0.000e+00
     22.027   71.59806 -161.53684    -0.7316    32.2032    1442.34  0.000e+00
     21.988   71.59806 -161.53684    -0.7421    32.2086    1442.30  0.000e+00
     22.089   71.59806 -161.53684    -0.7550    32.2158    1442.25  0.000e+00
     22.027   71.59806 -161.53684    -0.7710    32.2253    1442.19  0.000e+00
     22.104   71.59806 -161.53684    -0.7877    32.2356    1442.12  0.000e+00
     22.089   71.59806 -161.53684    -0.8019    32.2433    1442.07  0.000e+00
     22.104   71.59806 -161.53684    -0.8159    32.2504    1442.01  0.000e+00
     22.142   71.59806 -161.53684    -0.8291    32.2559    1441.96  0.000e+00
     22.142   71.59806 -161.53684    -0.8427    32.2621    1441.90  0.000e+00
     22.166   71.59806 -161.53684    -0.8573    32.2685    1441.84  0.000e+00
     22.196   71.59806 -161.53684    -0.8722    32.2742    1441.78  0.000e+00
     22.258   71.59806 -161.53684    -0.8899    32.2831    1441.71  0.000e+00
     22.220   71.59806 -161.53684    -0.9092    32.2945    1441.63  0.000e+00
     22.258   71.59806 -161.53684    -0.9280    32.3073    1441.56  0.000e+00
     22.281   71.59806 -161.53684    -0.9425    32.3165    1441.51  0.000e+00
     22.312   71.59806 -161.53684    -0.9528    32.3225    1441.47  0.000e+00
     22.312   71.59806 -161.53684    -0.9599    32.3261    1441.44  0.000e+00
     22.335   71.59806 -161.53684    -0.9660    32.3289    1441.41  0.000e+00
     22.374   71.59806 -161.53684    -0.9721    32.3309    1441.39  0.000e+00
     22.389   71.59806 -161.53684    -0.9797    32.3321    1441.35  0.000e+00
     22.428   71.59806 -161.53684    -0.9892    32.3344    1441.31  0.000e+00
     22.428   71.59806 -161.53684    -1.0023    32.3414    1441.26  0.000e+00
     22.451   71.59806 -161.53684    -1.0167    32.3487    1441.20  0.000e+00
     22.490   71.59806 -161.53684    -1.0314    32.3565    1441.14  0.000e+00
     22.505   71.59806 -161.53684    -1.0455    32.3649    1441.09  0.000e+00
     22.544   71.59806 -161.53684    -1.0593    32.3710    1441.03  0.000e+00
     22.544   71.59806 -161.53684    -1.0740    32.3776    1440.97  0.000e+00
     22.567   71.59806 -161.53684    -1.0894    32.3854    1440.91  0.000e+00
     22.659   71.59806 -161.53684    -1.1071    32.3944    1440.84  0.000e+00
     22.567   71.59806 -161.53684    -1.1263    32.4051    1440.76  0.000e+00
     22.659   71.59806 -161.53684    -1.1451    32.4154    1440.69  0.000e+00
     22.713   71.59806 -161.53684    -1.1638    32.4271    1440.61  0.000e+00
     22.675   71.59806 -161.53684    -1.1795    32.4372    1440.55  0.000e+00
     22.713   71.59806 -161.53686    -1.1920    32.4442    1440.50  0.000e+00
     22.736   71.59806 -161.53686    -1.2034    32.4500    1440.46  0.000e+00
     22.775   71.59806 -161.53686    -1.2141    32.4559    1440.41  0.000e+00
     22.775   71.59806 -161.53686    -1.2239    32.4612    1440.37  0.000e+00
     22.852   71.59806 -161.53686    -1.2322    32.4658    1440.34  0.000e+00
     22.829   71.59806 -161.53686    -1.2400    32.4693    1440.31  0.000e+00
     22.852   71.59806 -161.53686    -1.2470    32.4724    1440.28  0.000e+00
     22.891   71.59806 -161.53686    -1.2539    32.4762    1440.25  0.000e+00
     22.891   71.59806 -161.53686    -1.2608    32.4800    1440.23  0.000e+00
     22.968   71.59806 -161.53686    -1.2670    32.4835    1440.20  0.000e+00
     22.945   71.59806 -161.53686    -1.2723    32.4862    1440.18  0.000e+00
     22.968   71.59806 -161.53686    -1.2776    32.4888    1440.16  0.000e+00
     22.999   71.59806 -161.53686    -1.2824    32.4906    1440.14  0.000e+00
     23.076   71.59806 -161.53686    -1.2879    32.4931    1440.12  0.000e+00
     23.060   71.59806 -161.53686    -1.2937    32.4959    1440.09  0.000e+00
     23.060   71.59806 -161.53686    -1.2989    32.4992    1440.07  0.000e+00
     23.076   71.59806 -161.53686    -1.3033    32.5011    1440.05  0.000e+00
     23.176   71.59806 -161.53686    -1.3073    32.5028    1440.04  0.000e+00
     23.137   71.59806 -161.53686    -1.3111    32.5047    1440.02  0.000e+00
     23.176   71.59806 -161.53686    -1.3147    32.5060    1440.01  0.000e+00
     23.176   71.59806 -161.53686    -1.3187    32.5085    1439.99  0.000e+00
     23.253   71.59806 -161.53686    -1.3217    32.5101    1439.98  0.000e+00
     23.230   71.59806 -161.53686    -1.3240    32.5105    1439.97  0.000e+00
     23.253   71.59806 -161.53686    -1.3261    32.5114    1439.96  0.000e+00
     23.292   71.59806 -161.53686    -1.3278    32.5114    1439.96  0.000e+00
     23.346   71.59806 -161.53686    -1.3298    32.5124    1439.95  0.000e+00
     23.369   71.59806 -161.53686    -1.3315    32.5128    1439.94  0.000e+00
     23.346   71.59806 -161.53686    -1.3339    32.5132    1439.93  0.000e+00
     23.423   71.59806 -161.53686    -1.3356    32.5139    1439.92  0.000e+00
     23.400   71.59806 -161.53686    -1.3371    32.5138    1439.92  0.000e+00
     23.477   71.59806 -161.53686    -1.3389    32.5142    1439.91  0.000e+00
     23.400   71.59806 -161.53686    -1.3409    32.5140    1439.90  0.000e+00
     23.515   71.59806 -161.53686    -1.3432    32.5151    1439.89  0.000e+00
     23.477   71.59806 -161.53686    -1.3457    32.5158    1439.88  0.000e+00
     23.577   71.59806 -161.53686    -1.3476    32.5158    1439.87  0.000e+00
     23.538   71.59806 -161.53686    -1.3493    32.5152    1439.86  0.000e+00
     23.577   71.59806 -161.53686    -1.3515    32.5160    1439.85  0.000e+00
     23.592   71.59806 -161.53686    -1.3534    32.5169    1439.85  0.000e+00
     23.577   71.59806 -161.53686    -1.3564    32.5179    1439.83  0.000e+00
     23.693   71.59806 -161.53686    -1.3586    32.5181    1439.82  0.000e+00
     23.592   71.59806 -161.53686    -1.3609    32.5192    1439.81  0.000e+00
     23.693   71.59806 -161.53686    -1.3635    32.5191    1439.80  0.000e+00
     23.708   71.59806 -161.53686    -1.3659    32.5208    1439.79  0.000e+00
     23.693   71.59806 -161.53686    -1.3681    32.5209    1439.78  0.000e+00
     23.693   71.59806 -161.53686    -1.3695    32.5199    1439.77  0.000e+00
     23.824   71.59806 -161.53686    -1.3709    32.5191    1439.77  0.000e+00
     23.747   71.59806 -161.53686    -1.3734    32.5197    1439.76  0.000e+00
     23.770   71.59806 -161.53686    -1.3758    32.5204    1439.75  0.000e+00
     23.801   71.59806 -161.53686    -1.3784    32.5208    1439.73  0.000e+00
     23.824   71.59806 -161.53686    -1.3812    32.5220    1439.72  0.000e+00
     23.862   71.59806 -161.53686    -1.3833    32.5239    1439.72  0.000e+00
     23.862   71.59806 -161.53686    -1.3851    32.5242    1439.71  0.000e+00
     23.878   71.59806 -161.53686    -1.3873    32.5249    1439.70  0.000e+00
     23.862   71.59806 -161.53686    -1.3891    32.5252    1439.69  0.000e+00
     23.939   71.59806 -161.53686    -1.3905    32.5258    1439.69  0.000e+00
     23.916   71.59806 -161.53686    -1.3923    32.5267    1439.68  0.000e+00
     23.939   71.59806 -161.53686    -1.3933    32.5262    1439.67  0.000e+00
     23.978   71.59806 -161.53686    -1.3947    32.5274    1439.67  0.000e+00
     24.032   71.59806 -161.53686    -1.3957    32.5281    1439.67  0.000e+00
     23.939   71.59806 -161.53686    -1.3969    32.5290    1439.66  0.000e+00
     24.032   71.59806 -161.53686    -1.3975    32.5295    1439.66  0.000e+00
     23.993   71.59806 -161.53686    -1.3976    32.5283    1439.66  0.000e+00
     24.094   71.59806 -161.53686    -1.3978    32.5267    1439.66  0.000e+00
     24.055   71.59806 -161.53686    -1.3985    32.5269    1439.65  0.000e+00
     24.094   71.59806 -161.53686    -1.3996    32.5278    1439.65  0.000e+00
     24.109   71.59806 -161.53686    -1.4003    32.5284    1439.65  0.000e+00
     24.094   71.59806 -161.53686    -1.4003    32.5269    1439.64  0.000e+00
     24.148   71.59806 -161.53686    -1.4006    32.5273    1439.64  0.000e+00
     24.163   71.59806 -161.53686    -1.4008    32.5276    1439.64  0.000e+00
     24.148   71.59806 -161.53686    -1.4015    32.5274    1439.64  0.000e+00
     24.163   71.59806 -161.53686    -1.4022    32.5268    1439.64  0.000e+00
     24.202   71.59806 -161.53686    -1.4026    32.5262    1439.63  0.000e+00
     24.225   71.59806 -161.53686    -1.4038    32.5272    1439.63  0.000e+00
     24.263   71.59806 -161.53686    -1.4041    32.5275    1439.63  0.000e+00
     24.202   71.59806 -161.53686    -1.4046    32.5271    1439.62  0.000e+00
     24.279   71.59806 -161.53686    -1.4048    32.5262    1439.62  0.000e+00
     24.263   71.59806 -161.53686    -1.4050    32.5263    1439.62  0.000e+00
     24.341   71.59806 -161.53686    -1.4053    32.5269    1439.62  0.000e+00
     24.317   71.59806 -161.53686    -1.4064    32.5272    1439.62  0.000e+00
     24.341   71.59806 -161.53686    -1.4065    32.5266    1439.62  0.000e+00
     24.317   71.59806 -161.53686    -1.4068    32.5269    1439.62  0.000e+00
     24.379   71.59806 -161.53686    -1.4078    32.5282    1439.61  0.000e+00
     24.395   71.59806 -161.53686    -1.4083    32.5282    1439.61  0.000e+00
     24.379   71.59806 -161.53686    -1.4090    32.5285    1439.61  0.000e+00
     24.456   71.59806 -161.53686    -1.4090    32.5283    1439.61  0.000e+00
     24.433   71.59806 -161.53686    -1.4086    32.5277    1439.61  0.000e+00
     24.456   71.59806 -161.53686    -1.4085    32.5272    1439.61  0.000e+00
     24.495   71.59806 -161.53686    -1.4085    32.5272    1439.61  0.000e+00
     24.510   71.59806 -161.53686    -1.4085    32.5264    1439.61  0.000e+00
     24.495   71.59806 -161.53686    -1.4087    32.5259    1439.61  0.000e+00
     24.549   71.59806 -161.53686    -1.4092    32.5259    1439.61  0.000e+00
     24.564   71.59806 -161.53686    -1.4098    32.5267    1439.61  0.000e+00
     24.549   71.59806 -161.53686    -1.4100    32.5267    1439.60  0.000e+00
     24.626   71.59806 -161.53686    -1.4102    32.5270    1439.61  0.000e+00
     24.603   71.59806 -161.53686    -1.4106    32.5270    1439.60  0.000e+00
     24.626   71.59806 -161.53686    -1.4106    32.5272    1439.60  0.000e+00
