EcoFOCI/data/1_SampleCollection/2023_SikuliaqDBO_CruiseData/CTD_raw_BottleFile_SKQ23-12S/proc/skq202312s_051.cnv
* Sea-Bird SBE 9 Data File:
* FileName = D:\CTD\SKQ202312S\SKQ202312S_051.hex
* Software Version Seasave V 7.26.7.121
* Temperature SN = 6177
* Conductivity SN = 0369
* Number of Bytes Per Scan = 41
* Number of Voltage Words = 4
* Number of Scans Averaged by the Deck Unit = 1
* NMEA Latitude = 70 43.03 N
* NMEA Longitude = 162 51.44 W
* NMEA UTC (Time) = Sep 26 2023  19:01:27
* NMEA baud rate = 4800
** Ship: R/V Sikuliaq
** Station Number: 051
** Station Name: IC10
** Bottom Depth: 42
** Operator: SD
# nquan = 24
# nvalues = 6154                                  
# units = specified
# name 0 = depSM: Depth [salt water, m]
# name 1 = latitude: Latitude [deg]
# name 2 = longitude: Longitude [deg]
# name 3 = prDM: Pressure, Digiquartz [db]
# name 4 = t090C: Temperature [ITS-90, deg C]
# name 5 = t190C: Temperature, 2 [ITS-90, deg C]
# name 6 = potemp090C: Potential Temperature [ITS-90, deg C]
# name 7 = sal00: Salinity, Practical [PSU]
# name 8 = sal11: Salinity, Practical, 2 [PSU]
# name 9 = density00: Density [density, kg/m^3]
# name 10 = sigma-é00: Density [sigma-theta, kg/m^3]
# name 11 = sbox0Mm/Kg: Oxygen, SBE 43 [umol/kg]
# name 12 = sbox1Mm/Kg: Oxygen, SBE 43, 2 [umol/kg]
# name 13 = oxsolMm/Kg: Oxygen Saturation, Garcia & Gordon [umol/kg]
# name 14 = sbeox0PS: Oxygen, SBE 43 [% saturation]
# name 15 = sbeox1PS: Oxygen, SBE 43, 2 [% saturation]
# name 16 = v0: Voltage 0
# name 17 = flECO-AFL: Fluorescence, WET Labs ECO-AFL/FL [mg/m^3]
# name 18 = v1: Voltage 1
# name 19 = CStarAt0: Beam Attenuation, WET Labs C-Star [1/m]
# name 20 = par: PAR/Irradiance, Biospherical/Licor
# name 21 = scan: Scan Count
# name 22 = timeM: Time, Elapsed [minutes]
# name 23 = flag:  0.000e+00
# span 0 =      2.142,     36.901                 
# span 1 =   70.71704,   70.71714                 
# span 2 = -162.85630, -162.85552                 
# span 3 =      2.164,     37.284                 
# span 4 =     5.3511,     7.2761                 
# span 5 =     5.3517,     7.2778                 
# span 6 =     5.3485,     7.2745                 
# span 7 =    28.6250,    31.4787                 
# span 8 =    28.6387,    31.4965                 
# span 9 =  1022.4825,  1025.0095                 
# span 10 =    22.4667,    24.8437                
# span 11 =    199.233,    294.565                
# span 12 =    185.657,    277.464                
# span 13 =  301.04497,  312.97773                
# span 14 =     63.660,     94.579                
# span 15 =     59.330,     89.082                
# span 16 =     0.0769,     0.1966                
# span 17 =     0.1135,     0.8315                
# span 18 =     1.7192,     4.1624                
# span 19 =     0.4964,     4.0351                
# span 20 = 1.0000e-12, 1.1107e+02                
# span 21 =          1,       6154                
# span 22 =     0.0000,     4.2729                
# span 23 = 0.0000e+00, 0.0000e+00                
# interval = seconds: 0.0416667
# start_time = Sep 26 2023 19:05:40 [NMEA time, first data scan]
# bad_flag = -9.990e-29
*END*
[from data line 182]
      2.320   70.71714 -162.85628      2.343     6.4409     6.4451     6.4407    28.6296    28.6411  1022.4834    22.4725    293.836    275.821  311.53562     94.319     88.552     0.1758     0.7069     4.0330     0.6228 9.6486e+01        183     0.1264  0.000e+00
      2.258   70.71714 -162.85628      2.281     6.4407     6.4438     6.4405    28.6298    28.6412  1022.4833    22.4727    293.820    275.834  311.53648     94.313     88.554     0.1746     0.6996     4.0330     0.6228 9.8129e+01        184     0.1271  0.000e+00
      2.320   70.71714 -162.85628      2.343     6.4405     6.4428     6.4403    28.6299    28.6410  1022.4837    22.4728    293.807    275.849  311.53735     94.309     88.557     0.1746     0.6996     4.0330     0.6228 9.8961e+01        185     0.1278  0.000e+00
      2.320   70.71714 -162.85628      2.343     6.4402     6.4419     6.4400    28.6300    28.6418  1022.4838    22.4729    293.821    275.860  311.53948     94.313     88.559     0.1746     0.6996     4.0330     0.6228 9.8961e+01        186     0.1285  0.000e+00
      2.320   70.71714 -162.85626      2.343     6.4399     6.4420     6.4397    28.6305    28.6413  1022.4843    22.4734    293.606    275.864  311.54037     94.243     88.560     0.1746     0.6996     4.0330     0.6228 9.9520e+01        187     0.1292  0.000e+00
      2.258   70.71714 -162.85626      2.281     6.4400     6.4421     6.4398    28.6303    28.6414  1022.4837    22.4732    293.757    275.865  311.54025     94.292     88.560     0.1758     0.7069     4.0330     0.6228 9.9800e+01        188     0.1299  0.000e+00
      2.320   70.71714 -162.85626      2.343     6.4400     6.4419     6.4398    28.6303    28.6413  1022.4840    22.4732    293.542    275.872  311.54023     94.223     88.562     0.1746     0.6996     4.0330     0.6228 9.9800e+01        189     0.1306  0.000e+00
      2.320   70.71714 -162.85626      2.343     6.4399     6.4419     6.4397    28.6304    28.6415  1022.4842    22.4733    293.724    275.874  311.54061     94.281     88.563     0.1758     0.7069     4.0330     0.6228 1.0093e+02        190     0.1313  0.000e+00
      2.320   70.71714 -162.85626      2.343     6.4400     6.4418     6.4398    28.6300    28.6417  1022.4838    22.4730    293.507    276.055  311.54089     94.211     88.621     0.1746     0.6996     4.0330     0.6228 1.0179e+02        191     0.1319  0.000e+00
      2.320   70.71714 -162.85626      2.343     6.4397     6.4419     6.4395    28.6303    28.6416  1022.4841    22.4732    293.690    276.054  311.54244     94.270     88.621     0.1758     0.7069     4.0330     0.6228 1.0179e+02        192     0.1326  0.000e+00
      2.320   70.71714 -162.85626      2.343     6.4398     6.4426     6.4397    28.6302    28.6417  1022.4840    22.4732    293.671    276.225  311.54146     94.264     88.677     0.1746     0.6996     4.0330     0.6228 1.0179e+02        193     0.1333  0.000e+00
      2.320   70.71714 -162.85626      2.343     6.4397     6.4427     6.4396    28.6303    28.6416  1022.4841    22.4732    293.680    276.076  311.54200     94.267     88.629     0.1758     0.7069     4.0317     0.6240 1.0179e+02        194     0.1340  0.000e+00
      2.320   70.71714 -162.85626      2.343     6.4398     6.4429     6.4397    28.6302    28.6416  1022.4840    22.4732    293.462    276.086  311.54146     94.197     88.633     0.1709     0.6776     4.0330     0.6228 1.0179e+02        195     0.1347  0.000e+00
      2.320   70.71714 -162.85626      2.343     6.4397     6.4430     6.4395    28.6305    28.6414  1022.4843    22.4734    293.613    276.095  311.54186     94.245     88.636     0.1697     0.6703     4.0330     0.6228 1.0150e+02        196     0.1354  0.000e+00
      2.320   70.71714 -162.85626      2.343     6.4396     6.4433     6.4394    28.6305    28.6410  1022.4842    22.4734    293.424    276.083  311.54273     94.184     88.633     0.1709     0.6776     4.0317     0.6240 1.0121e+02        197     0.1361  0.000e+00
      2.320   70.71714 -162.85626      2.343     6.4397     6.4432     6.4395    28.6306    28.6413  1022.4843    22.4734    293.574    276.089  311.54178     94.233     88.635     0.1697     0.6703     4.0317     0.6240 1.0093e+02        198     0.1368  0.000e+00
      2.320   70.71714 -162.85626      2.343     6.4395     6.4431     6.4394    28.6306    28.6410  1022.4843    22.4734    293.385    276.255  311.54292     94.172     88.688     0.1709     0.6776     4.0317     0.6240 1.0065e+02        199     0.1375  0.000e+00
      2.320   70.71714 -162.85626      2.343     6.4397     6.4429     6.4395    28.6304    28.6415  1022.4841    22.4733    293.564    276.275  311.54227     94.229     88.694     0.1697     0.6703     4.0305     0.6252 1.0008e+02        200     0.1382  0.000e+00
      2.320   70.71714 -162.85626      2.343     6.4396     6.4427     6.4394    28.6306    28.6418  1022.4844    22.4735    293.573    276.293  311.54240     94.232     88.699     0.1709     0.6776     4.0317     0.6240 1.0008e+02        201     0.1389  0.000e+00
      2.320   70.71714 -162.85626      2.343     6.4398     6.4425     6.4397    28.6305    28.6418  1022.4842    22.4734    293.581    276.310  311.54088     94.235     88.704     0.1697     0.6703     4.0305     0.6252 1.0065e+02        202     0.1396  0.000e+00
      2.320   70.71714 -162.85626      2.343     6.4400     6.4426     6.4398    28.6305    28.6416  1022.4842    22.4734    293.589    276.322  311.53966     94.238     88.708     0.1709     0.6776     4.0317     0.6240 1.0236e+02        203     0.1403  0.000e+00
      2.320   70.71714 -162.85626      2.343     6.4400     6.4428     6.4398    28.6304    28.6418  1022.4841    22.4733    293.599    276.510  311.53999     94.241     88.769     0.1697     0.6703     4.0317     0.6240 1.0323e+02        204     0.1410  0.000e+00
      2.320   70.71714 -162.85626      2.343     6.4401     6.4432     6.4399    28.6305    28.6415  1022.4842    22.4734    293.607    276.533  311.53930     94.244     88.777     0.1709     0.6776     4.0305     0.6252 1.0323e+02        205     0.1417  0.000e+00
      2.320   70.71714 -162.85626      2.343     6.4398     6.4433     6.4397    28.6307    28.6413  1022.4844    22.4735    293.816    276.555  311.54031     94.311     88.784     0.1697     0.6703     4.0317     0.6240 1.0410e+02        206     0.1424  0.000e+00
      2.320   70.71714 -162.85626      2.343     6.4400     6.4435     6.4398    28.6300    28.6411  1022.4838    22.4730    293.654    276.394  311.54081     94.258     88.733     0.1709     0.6776     4.0317     0.6240 1.0440e+02        207     0.1431  0.000e+00
      2.320   70.71714 -162.85626      2.343     6.4401     6.4440     6.4399    28.6302    28.6411  1022.4839    22.4731    293.661    276.570  311.54013     94.261     88.790     0.1709     0.6776     4.0305     0.6252 1.0469e+02        208     0.1437  0.000e+00
      2.320   70.71714 -162.85626      2.343     6.4400     6.4443     6.4398    28.6303    28.6414  1022.4841    22.4732    293.471    276.581  311.54007     94.200     88.795     0.1697     0.6703     4.0317     0.6240 1.0558e+02        209     0.1444  0.000e+00
      2.258   70.71714 -162.85626      2.281     6.4402     6.4445     6.4400    28.6306    28.6415  1022.4840    22.4734    293.646    276.589  311.53810     94.257     88.798     0.1709     0.6776     4.0317     0.6240 1.0588e+02        210     0.1451  0.000e+00
      2.320   70.71714 -162.85626      2.343     6.4402     6.4449     6.4400    28.6305    28.6416  1022.4842    22.4733    293.460    276.596  311.53833     94.197     88.801     0.1697     0.6703     4.0317     0.6240 1.0588e+02        211     0.1458  0.000e+00
      2.258   70.71714 -162.85626      2.281     6.4401     6.4454     6.4399    28.6304    28.6416  1022.4838    22.4732    293.413    276.614  311.53965     94.181     88.808     0.1709     0.6776     4.0305     0.6252 1.0588e+02        212     0.1465  0.000e+00
      2.320   70.71714 -162.85626      2.343     6.4404     6.4456     6.4402    28.6304    28.6410  1022.4841    22.4733    293.395    276.638  311.53727     94.177     88.815     0.1697     0.6703     4.0317     0.6240 1.0588e+02        213     0.1472  0.000e+00
      2.320   70.71714 -162.85626      2.343     6.4405     6.4460     6.4403    28.6300    28.6409  1022.4838    22.4729    293.577    276.655  311.53711     94.235     88.822     0.1709     0.6776     4.0317     0.6240 1.0588e+02        214     0.1479  0.000e+00
      2.258   70.71714 -162.85626      2.281     6.4402     6.4457     6.4400    28.6306    28.6411  1022.4840    22.4734    292.794    276.850  311.53810     93.983     88.884     0.1697     0.6703     4.0317     0.6240 1.0410e+02        215     0.1486  0.000e+00
      2.281   70.71714 -162.85626      2.304     6.4405     6.4459     6.4403    28.6307    28.6411  1022.4841    22.4734    293.491    276.864  311.53567     94.208     88.889     0.1709     0.6776     4.0317     0.6240 1.0294e+02        216     0.1493  0.000e+00
      2.258   70.71714 -162.85626      2.281     6.4407     6.4457     6.4405    28.6306    28.6411  1022.4839    22.4733    293.307    276.892  311.53475     94.149     88.898     0.1685     0.6630     4.0305     0.6252 1.0294e+02        217     0.1500  0.000e+00
      2.320   70.71714 -162.85626      2.343     6.4405     6.4456     6.4403    28.6309    28.6414  1022.4844    22.4736    293.300    276.920  311.53522     94.147     88.906     0.1709     0.6776     4.0305     0.6252 1.0236e+02        218     0.1507  0.000e+00
      2.258   70.71714 -162.85626      2.281     6.4406     6.4459     6.4404    28.6307    28.6414  1022.4840    22.4734    293.486    276.939  311.53521     94.206     88.913     0.1709     0.6776     4.0317     0.6240 1.0179e+02        219     0.1514  0.000e+00
      2.258   70.71714 -162.85626      2.281     6.4408     6.4459     6.4406    28.6307    28.6411  1022.4840    22.4734    293.304    276.780  311.53345     94.149     88.862     0.1734     0.6923     4.0317     0.6240 1.0179e+02        220     0.1521  0.000e+00
      2.258   70.71714 -162.85626      2.281     6.4410     6.4459     6.4408    28.6307    28.6413  1022.4840    22.4734    293.295    276.760  311.53214     94.146     88.855     0.1783     0.7216     4.0317     0.6240 1.0179e+02        221     0.1528  0.000e+00
      2.258   70.71714 -162.85626      2.281     6.4412     6.4461     6.4410    28.6308    28.6412  1022.4840    22.4735    293.258    276.934  311.53048     94.134     88.912     0.1783     0.7216     4.0317     0.6240 1.0150e+02        222     0.1535  0.000e+00
      2.258   70.71714 -162.85626      2.281     6.4418     6.4460     6.4416    28.6304    28.6413  1022.4837    22.4731    293.247    276.945  311.52698     94.132     88.915     0.1795     0.7289     4.0317     0.6240 1.0150e+02        223     0.1542  0.000e+00
      2.258   70.71714 -162.85626      2.281     6.4418     6.4459     6.4416    28.6304    28.6415  1022.4836    22.4731    293.241    276.775  311.52706     94.130     88.860     0.1783     0.7216     4.0317     0.6240 1.0093e+02        224     0.1549  0.000e+00
      2.258   70.71714 -162.85626      2.281     6.4421     6.4461     6.4420    28.6306    28.6412  1022.4838    22.4732    293.204    276.762  311.52393     94.119     88.857     0.1795     0.7289     4.0317     0.6240 9.9520e+01        225     0.1556  0.000e+00
      2.258   70.71714 -162.85626      2.281     6.4426     6.4459     6.4424    28.6302    28.6413  1022.4834    22.4728    293.197    276.749  311.52148     94.118     88.852     0.1783     0.7216     4.0317     0.6240 9.8961e+01        226     0.1563  0.000e+00
      2.204   70.71714 -162.85626      2.226     6.4427     6.4461     6.4426    28.6307    28.6413  1022.4835    22.4732    293.190    276.729  311.51930     94.116     88.846     0.1795     0.7289     4.0330     0.6228 9.8961e+01        227     0.1569  0.000e+00
      2.258   70.71714 -162.85626      2.281     6.4427     6.4463     6.4426    28.6307    28.6409  1022.4837    22.4731    293.218    276.712  311.51944     94.125     88.841     0.1783     0.7216     4.0317     0.6240 9.7853e+01        228     0.1576  0.000e+00
      2.258   70.71714 -162.85626      2.281     6.4432     6.4461     6.4431    28.6302    28.6413  1022.4833    22.4727    293.215    276.513  311.51689     94.125     88.776     0.1783     0.7216     4.0317     0.6240 9.7304e+01        229     0.1583  0.000e+00
      2.204   70.71714 -162.85626      2.226     6.4432     6.4459     6.4431    28.6302    28.6415  1022.4830    22.4727    293.215    276.471  311.51683     94.125     88.763     0.1795     0.7289     4.0317     0.6240 9.7304e+01        230     0.1590  0.000e+00
      2.258   70.71714 -162.85626      2.281     6.4431     6.4460     6.4429    28.6303    28.6412  1022.4834    22.4728    293.220    276.431  311.51762     94.126     88.750     0.1783     0.7216     4.0317     0.6240 9.7578e+01        231     0.1597  0.000e+00
      2.204   70.71714 -162.85626      2.226     6.4432     6.4461     6.4431    28.6300    28.6411  1022.4829    22.4726    293.221    276.206  311.51724     94.127     88.678     0.1795     0.7289     4.0330     0.6228 9.7578e+01        232     0.1604  0.000e+00
      2.258   70.71714 -162.85626      2.281     6.4434     6.4459     6.4432    28.6305    28.6417  1022.4836    22.4730    293.225    276.325  311.51492     94.129     88.716     0.1783     0.7216     4.0317     0.6240 9.7853e+01        233     0.1611  0.000e+00
      2.204   70.71714 -162.85626      2.226     6.4432     6.4459     6.4431    28.6302    28.6414  1022.4831    22.4727    293.231    276.099  311.51675     94.130     88.643     0.1795     0.7289     4.0330     0.6228 9.8406e+01        234     0.1618  0.000e+00
      2.204   70.71714 -162.85626      2.226     6.4432     6.4461     6.4431    28.6303    28.6413  1022.4832    22.4728    293.237    276.033  311.51650     94.132     88.623     0.1783     0.7216     4.0317     0.6240 9.8961e+01        235     0.1625  0.000e+00
      2.204   70.71714 -162.85626      2.226     6.4434     6.4460     6.4432    28.6305    28.6412  1022.4833    22.4730    293.215    275.969  311.51495     94.125     88.602     0.1783     0.7216     4.0317     0.6240 9.8961e+01        236     0.1632  0.000e+00
      2.258   70.71714 -162.85626      2.281     6.4432     6.4459     6.4431    28.6310    28.6414  1022.4840    22.4734    293.225    275.905  311.51483     94.129     88.581     0.1783     0.7216     4.0317     0.6240 9.8129e+01        237     0.1639  0.000e+00
      2.204   70.71714 -162.85626      2.226     6.4436     6.4460     6.4434    28.6302    28.6412  1022.4830    22.4727    293.203    275.657  311.51455     94.122     88.502     0.1795     0.7289     4.0317     0.6240 9.7304e+01        238     0.1646  0.000e+00
      2.204   70.71714 -162.85626      2.226     6.4436     6.4464     6.4434    28.6305    28.6411  1022.4833    22.4730    293.211    275.570  311.51381     94.125     88.474     0.1783     0.7216     4.0330     0.6228 9.7304e+01        239     0.1653  0.000e+00
      2.204   70.71714 -162.85626      2.226     6.4437     6.4462     6.4435    28.6304    28.6415  1022.4831    22.4728    293.192    275.326  311.51308     94.119     88.396     0.1783     0.7216     4.0342     0.6216 9.9520e+01        240     0.1660  0.000e+00
      2.204   70.71714 -162.85626      2.226     6.4439     6.4461     6.4437    28.6304    28.6414  1022.4831    22.4728    293.201    275.244  311.51193     94.122     88.369     0.1795     0.7289     4.0342     0.6216 1.0179e+02        241     0.1667  0.000e+00
