EcoFOCI/data/1_SampleCollection/2023_SikuliaqDBO_CruiseData/CTD_raw_BottleFile_SKQ23-12S/proc/skq202312s_078svp.cnv
* Sea-Bird SBE 9 Data File:
* FileName = D:\CTD\SKQ202312S\SKQ202312S_078.hex
* Software Version Seasave V 7.26.7.121
* Temperature SN = 6177
* Conductivity SN = 0369
* Number of Bytes Per Scan = 41
* Number of Voltage Words = 4
* Number of Scans Averaged by the Deck Unit = 1
* NMEA Latitude = 65 45.65 N
* NMEA Longitude = 168 44.60 W
* NMEA UTC (Time) = Oct 03 2023  06:14:15
* NMEA baud rate = 4800
** Ship: R/V Sikuliaq
** Station Number: 078
** Station Name: BS7
** Bottom Depth: 53
** Operator: SD
# nquan = 7
# nvalues = 4230                                  
# units = specified
# name 0 = depSM: Depth [salt water, m]
# name 1 = latitude: Latitude [deg]
# name 2 = longitude: Longitude [deg]
# name 3 = t090C: Temperature [ITS-90, deg C]
# name 4 = sal00: Salinity, Practical [PSU]
# name 5 = svCM: Sound Velocity [Chen-Millero, m/s]
# name 6 = flag:  0.000e+00
# span 0 =      2.078,     47.760                 
# span 1 =   65.76066,   65.76074                 
# span 2 = -168.74416, -168.74384                 
# span 3 =     2.8525,     5.9264                 
# span 4 =    27.3708,    32.8741                 
# span 5 =    1459.32,    1470.13                 
# span 6 = 0.0000e+00, 0.0000e+00                 
# interval = seconds: 0.0416667
# start_time = Oct 03 2023 06:17:41 [NMEA time, first data scan]
# bad_flag = -9.990e-29
*END*
[from data line 206]
      2.826   65.76074 -168.74384     5.9061    27.7116    1465.22  0.000e+00
      2.880   65.76074 -168.74384     5.9065    27.7092    1465.22  0.000e+00
      2.826   65.76074 -168.74384     5.9061    27.7045    1465.21  0.000e+00
      2.826   65.76074 -168.74384     5.9065    27.7010    1465.21  0.000e+00
      2.826   65.76074 -168.74384     5.9064    27.6999    1465.21  0.000e+00
      2.826   65.76074 -168.74384     5.9067    27.7005    1465.21  0.000e+00
      2.764   65.76074 -168.74384     5.9068    27.6950    1465.20  0.000e+00
      2.826   65.76074 -168.74384     5.9071    27.6839    1465.19  0.000e+00
      2.826   65.76074 -168.74384     5.9075    27.6728    1465.18  0.000e+00
      2.764   65.76074 -168.74384     5.9079    27.6611    1465.16  0.000e+00
      2.826   65.76074 -168.74384     5.9084    27.6492    1465.15  0.000e+00
      2.764   65.76074 -168.74384     5.9087    27.6419    1465.14  0.000e+00
      2.764   65.76074 -168.74384     5.9094    27.6357    1465.14  0.000e+00
      2.764   65.76074 -168.74384     5.9099    27.6291    1465.13  0.000e+00
      2.764   65.76074 -168.74384     5.9104    27.6226    1465.13  0.000e+00
      2.710   65.76074 -168.74384     5.9106    27.6173    1465.12  0.000e+00
      2.764   65.76074 -168.74384     5.9112    27.6115    1465.11  0.000e+00
      2.764   65.76074 -168.74384     5.9117    27.6085    1465.11  0.000e+00
      2.710   65.76074 -168.74384     5.9117    27.6084    1465.11  0.000e+00
      2.764   65.76074 -168.74384     5.9118    27.6083    1465.11  0.000e+00
      2.710   65.76074 -168.74384     5.9121    27.6078    1465.11  0.000e+00
      2.764   65.76074 -168.74384     5.9124    27.6085    1465.12  0.000e+00
      2.764   65.76074 -168.74384     5.9120    27.6096    1465.12  0.000e+00
      2.710   65.76074 -168.74384     5.9124    27.6082    1465.11  0.000e+00
      2.826   65.76074 -168.74384     5.9124    27.6052    1465.11  0.000e+00
      2.764   65.76074 -168.74384     5.9124    27.6021    1465.11  0.000e+00
      2.764   65.76074 -168.74384     5.9128    27.5987    1465.10  0.000e+00
      2.764   65.76074 -168.74384     5.9127    27.5977    1465.10  0.000e+00
      2.764   65.76074 -168.74384     5.9126    27.5977    1465.10  0.000e+00
      2.764   65.76074 -168.74384     5.9131    27.5968    1465.10  0.000e+00
      2.764   65.76074 -168.74384     5.9130    27.5957    1465.10  0.000e+00
      2.764   65.76074 -168.74384     5.9130    27.5950    1465.10  0.000e+00
      2.787   65.76074 -168.74384     5.9133    27.5962    1465.10  0.000e+00
      2.826   65.76074 -168.74384     5.9132    27.5986    1465.11  0.000e+00
      2.764   65.76074 -168.74384     5.9133    27.6003    1465.11  0.000e+00
      2.826   65.76074 -168.74384     5.9130    27.6045    1465.11  0.000e+00
      2.826   65.76074 -168.74384     5.9128    27.6118    1465.12  0.000e+00
      2.826   65.76074 -168.74384     5.9130    27.6118    1465.12  0.000e+00
      2.826   65.76074 -168.74384     5.9124    27.6117    1465.12  0.000e+00
      2.764   65.76074 -168.74384     5.9117    27.6163    1465.12  0.000e+00
      2.764   65.76074 -168.74384     5.9114    27.6170    1465.12  0.000e+00
      2.826   65.76074 -168.74384     5.9117    27.6092    1465.11  0.000e+00
      2.826   65.76074 -168.74384     5.9120    27.6003    1465.10  0.000e+00
      2.826   65.76074 -168.74384     5.9124    27.5959    1465.10  0.000e+00
      2.826   65.76074 -168.74384     5.9127    27.5949    1465.10  0.000e+00
      2.826   65.76074 -168.74384     5.9129    27.5965    1465.10  0.000e+00
      2.826   65.76074 -168.74384     5.9131    27.5978    1465.11  0.000e+00
      2.826   65.76074 -168.74384     5.9128    27.5998    1465.11  0.000e+00
      2.826   65.76074 -168.74384     5.9129    27.5988    1465.11  0.000e+00
      2.826   65.76074 -168.74384     5.9130    27.5964    1465.10  0.000e+00
      2.826   65.76074 -168.74384     5.9132    27.5954    1465.10  0.000e+00
      2.826   65.76074 -168.74384     5.9128    27.5975    1465.10  0.000e+00
      2.826   65.76074 -168.74384     5.9130    27.6000    1465.11  0.000e+00
      2.826   65.76074 -168.74384     5.9129    27.6000    1465.11  0.000e+00
      2.826   65.76074 -168.74384     5.9130    27.5977    1465.11  0.000e+00
      2.826   65.76074 -168.74384     5.9130    27.5953    1465.10  0.000e+00
      2.764   65.76074 -168.74384     5.9131    27.5929    1465.10  0.000e+00
      2.826   65.76074 -168.74384     5.9133    27.5890    1465.10  0.000e+00
      2.880   65.76074 -168.74384     5.9132    27.5873    1465.09  0.000e+00
      2.826   65.76074 -168.74384     5.9136    27.5899    1465.10  0.000e+00
      2.826   65.76074 -168.74384     5.9137    27.5932    1465.10  0.000e+00
      2.826   65.76074 -168.74384     5.9138    27.5941    1465.10  0.000e+00
      2.826   65.76074 -168.74384     5.9134    27.5930    1465.10  0.000e+00
      2.826   65.76074 -168.74384     5.9135    27.5889    1465.10  0.000e+00
      2.764   65.76074 -168.74384     5.9138    27.5867    1465.09  0.000e+00
      2.826   65.76074 -168.74384     5.9137    27.5855    1465.09  0.000e+00
      2.826   65.76074 -168.74384     5.9136    27.5848    1465.09  0.000e+00
      2.826   65.76074 -168.74384     5.9136    27.5836    1465.09  0.000e+00
      2.826   65.76074 -168.74384     5.9137    27.5825    1465.09  0.000e+00
      2.880   65.76074 -168.74384     5.9139    27.5824    1465.09  0.000e+00
      2.787   65.76074 -168.74384     5.9138    27.5871    1465.09  0.000e+00
      2.880   65.76074 -168.74384     5.9136    27.5942    1465.10  0.000e+00
      2.826   65.76074 -168.74384     5.9138    27.5981    1465.11  0.000e+00
      2.826   65.76074 -168.74384     5.9135    27.6003    1465.11  0.000e+00
      2.880   65.76074 -168.74384     5.9133    27.6049    1465.12  0.000e+00
      2.826   65.76074 -168.74384     5.9132    27.6109    1465.12  0.000e+00
      2.880   65.76074 -168.74384     5.9128    27.6153    1465.13  0.000e+00
      2.826   65.76074 -168.74384     5.9130    27.6150    1465.13  0.000e+00
      2.942   65.76074 -168.74384     5.9124    27.6150    1465.13  0.000e+00
      2.880   65.76074 -168.74384     5.9127    27.6167    1465.13  0.000e+00
      2.880   65.76074 -168.74384     5.9124    27.6195    1465.13  0.000e+00
      2.880   65.76074 -168.74384     5.9125    27.6247    1465.14  0.000e+00
      2.880   65.76074 -168.74384     5.9121    27.6313    1465.14  0.000e+00
      2.942   65.76074 -168.74384     5.9120    27.6394    1465.16  0.000e+00
      2.880   65.76074 -168.74384     5.9114    27.6477    1465.16  0.000e+00
      2.996   65.76074 -168.74384     5.9110    27.6528    1465.17  0.000e+00
      2.942   65.76074 -168.74384     5.9107    27.6561    1465.17  0.000e+00
      2.942   65.76074 -168.74384     5.9106    27.6574    1465.17  0.000e+00
      2.996   65.76074 -168.74384     5.9101    27.6522    1465.17  0.000e+00
      2.996   65.76074 -168.74384     5.9101    27.6428    1465.15  0.000e+00
      3.050   65.76074 -168.74384     5.9103    27.6339    1465.14  0.000e+00
      2.996   65.76074 -168.74384     5.9106    27.6234    1465.13  0.000e+00
      3.050   65.76074 -168.74384     5.9110    27.6135    1465.12  0.000e+00
      3.050   65.76074 -168.74384     5.9114    27.6081    1465.12  0.000e+00
      3.050   65.76074 -168.74384     5.9117    27.5941    1465.10  0.000e+00
      3.111   65.76074 -168.74384     5.9124    27.5602    1465.06  0.000e+00
      3.111   65.76074 -168.74384     5.9136    27.5152    1465.01  0.000e+00
      3.111   65.76074 -168.74384     5.9155    27.4777    1464.97  0.000e+00
      3.165   65.76074 -168.74384     5.9173    27.4642    1464.96  0.000e+00
      3.165   65.76074 -168.74384     5.9187    27.4667    1464.97  0.000e+00
      3.165   65.76074 -168.74384     5.9193    27.4773    1464.98  0.000e+00
      3.227   65.76074 -168.74384     5.9192    27.4924    1465.00  0.000e+00
      3.165   65.76074 -168.74384     5.9190    27.4899    1465.00  0.000e+00
      3.281   65.76074 -168.74384     5.9191    27.4663    1464.97  0.000e+00
      3.227   65.76074 -168.74384     5.9198    27.4430    1464.94  0.000e+00
      3.335   65.76074 -168.74384     5.9209    27.4254    1464.93  0.000e+00
      3.281   65.76074 -168.74384     5.9219    27.4112    1464.91  0.000e+00
      3.335   65.76074 -168.74384     5.9225    27.4047    1464.91  0.000e+00
      3.335   65.76074 -168.74384     5.9235    27.4047    1464.91  0.000e+00
      3.335   65.76074 -168.74384     5.9237    27.4019    1464.91  0.000e+00
      3.397   65.76074 -168.74384     5.9241    27.3938    1464.90  0.000e+00
      3.451   65.76074 -168.74384     5.9246    27.3874    1464.90  0.000e+00
      3.397   65.76074 -168.74384     5.9251    27.3835    1464.89  0.000e+00
      3.451   65.76074 -168.74384     5.9254    27.3804    1464.89  0.000e+00
      3.512   65.76074 -168.74384     5.9258    27.3768    1464.89  0.000e+00
      3.512   65.76074 -168.74384     5.9261    27.3750    1464.89  0.000e+00
      3.512   65.76074 -168.74384     5.9261    27.3748    1464.89  0.000e+00
      3.566   65.76074 -168.74384     5.9264    27.3738    1464.89  0.000e+00
      3.566   65.76074 -168.74384     5.9262    27.3763    1464.89  0.000e+00
      3.535   65.76074 -168.74386     5.9264    27.3906    1464.91  0.000e+00
      3.628   65.76074 -168.74386     5.9258    27.4132    1464.94  0.000e+00
      3.566   65.76074 -168.74386     5.9249    27.4276    1464.95  0.000e+00
      3.682   65.76074 -168.74386     5.9244    27.4269    1464.95  0.000e+00
      3.628   65.76074 -168.74386     5.9238    27.4229    1464.94  0.000e+00
      3.682   65.76074 -168.74386     5.9237    27.4157    1464.93  0.000e+00
      3.682   65.76074 -168.74386     5.9237    27.4068    1464.92  0.000e+00
      3.682   65.76074 -168.74386     5.9240    27.3995    1464.91  0.000e+00
      3.682   65.76074 -168.74386     5.9241    27.3929    1464.91  0.000e+00
      3.736   65.76074 -168.74386     5.9245    27.3869    1464.90  0.000e+00
      3.736   65.76074 -168.74386     5.9248    27.3817    1464.90  0.000e+00
      3.736   65.76074 -168.74386     5.9251    27.3775    1464.89  0.000e+00
      3.736   65.76074 -168.74386     5.9254    27.3755    1464.89  0.000e+00
      3.798   65.76074 -168.74386     5.9258    27.3742    1464.89  0.000e+00
      3.736   65.76074 -168.74386     5.9261    27.3728    1464.89  0.000e+00
      3.798   65.76074 -168.74386     5.9261    27.3717    1464.89  0.000e+00
      3.798   65.76074 -168.74386     5.9262    27.3708    1464.89  0.000e+00
      3.852   65.76074 -168.74386     5.9262    27.3711    1464.89  0.000e+00
      3.852   65.76074 -168.74386     5.9262    27.3722    1464.89  0.000e+00
      3.798   65.76074 -168.74386     5.9264    27.3750    1464.90  0.000e+00
      3.852   65.76074 -168.74386     5.9264    27.3820    1464.90  0.000e+00
      3.852   65.76074 -168.74386     5.9259    27.3933    1464.92  0.000e+00
      3.852   65.76074 -168.74386     5.9255    27.4061    1464.93  0.000e+00
      3.798   65.76074 -168.74386     5.9249    27.4141    1464.94  0.000e+00
      3.798   65.76074 -168.74386     5.9245    27.4164    1464.94  0.000e+00
      3.852   65.76074 -168.74386     5.9243    27.4144    1464.94  0.000e+00
      3.798   65.76074 -168.74386     5.9243    27.4111    1464.93  0.000e+00
      3.852   65.76074 -168.74386     5.9241    27.4085    1464.93  0.000e+00
      3.798   65.76074 -168.74386     5.9241    27.4059    1464.92  0.000e+00
      3.852   65.76074 -168.74386     5.9241    27.4084    1464.93  0.000e+00
      3.852   65.76074 -168.74386     5.9243    27.4246    1464.95  0.000e+00
      3.798   65.76074 -168.74386     5.9240    27.4434    1464.97  0.000e+00
      3.798   65.76074 -168.74386     5.9230    27.4516    1464.98  0.000e+00
      3.798   65.76074 -168.74386     5.9228    27.4522    1464.98  0.000e+00
      3.852   65.76074 -168.74386     5.9224    27.4524    1464.98  0.000e+00
      3.736   65.76074 -168.74386     5.9220    27.4478    1464.97  0.000e+00
      3.798   65.76074 -168.74386     5.9221    27.4376    1464.96  0.000e+00
      3.798   65.76074 -168.74386     5.9224    27.4313    1464.95  0.000e+00
      3.798   65.76074 -168.74386     5.9224    27.4346    1464.95  0.000e+00
      3.798   65.76074 -168.74386     5.9225    27.4365    1464.96  0.000e+00
      3.736   65.76074 -168.74386     5.9225    27.4370    1464.96  0.000e+00
      3.798   65.76074 -168.74386     5.9222    27.4352    1464.95  0.000e+00
      3.736   65.76074 -168.74386     5.9225    27.4233    1464.94  0.000e+00
      3.736   65.76074 -168.74386     5.9228    27.4147    1464.93  0.000e+00
      3.736   65.76074 -168.74386     5.9231    27.4163    1464.93  0.000e+00
      3.736   65.76074 -168.74386     5.9232    27.4235    1464.94  0.000e+00
      3.736   65.76074 -168.74386     5.9233    27.4301    1464.95  0.000e+00
      3.682   65.76074 -168.74386     5.9232    27.4353    1464.96  0.000e+00
      3.736   65.76074 -168.74386     5.9230    27.4387    1464.96  0.000e+00
      3.682   65.76074 -168.74386     5.9227    27.4494    1464.97  0.000e+00
      3.682   65.76074 -168.74386     5.9224    27.4693    1465.00  0.000e+00
      3.682   65.76074 -168.74386     5.9218    27.4910    1465.02  0.000e+00
      3.736   65.76074 -168.74386     5.9207    27.5115    1465.04  0.000e+00
      3.628   65.76074 -168.74386     5.9200    27.5321    1465.06  0.000e+00
      3.682   65.76074 -168.74386     5.9190    27.5452    1465.08  0.000e+00
      3.628   65.76074 -168.74386     5.9182    27.5461    1465.07  0.000e+00
      3.682   65.76074 -168.74386     5.9176    27.5510    1465.08  0.000e+00
      3.628   65.76074 -168.74386     5.9171    27.5582    1465.09  0.000e+00
      3.682   65.76074 -168.74386     5.9168    27.5634    1465.09  0.000e+00
      3.628   65.76074 -168.74386     5.9162    27.5689    1465.10  0.000e+00
      3.628   65.76074 -168.74386     5.9155    27.5773    1465.10  0.000e+00
      3.628   65.76074 -168.74386     5.9154    27.5844    1465.11  0.000e+00
      3.628   65.76074 -168.74386     5.9150    27.5899    1465.12  0.000e+00
      3.566   65.76074 -168.74386     5.9146    27.5943    1465.12  0.000e+00
      3.628   65.76074 -168.74386     5.9142    27.5983    1465.12  0.000e+00
      3.628   65.76074 -168.74386     5.9138    27.6018    1465.13  0.000e+00
      3.566   65.76074 -168.74386     5.9138    27.6037    1465.13  0.000e+00
      3.628   65.76074 -168.74386     5.9132    27.6049    1465.13  0.000e+00
      3.628   65.76074 -168.74386     5.9133    27.6037    1465.13  0.000e+00
      3.566   65.76074 -168.74386     5.9130    27.6004    1465.12  0.000e+00
      3.628   65.76074 -168.74386     5.9132    27.5971    1465.12  0.000e+00
      3.566   65.76074 -168.74386     5.9130    27.5950    1465.11  0.000e+00
      3.566   65.76074 -168.74386     5.9130    27.5935    1465.11  0.000e+00
      3.628   65.76074 -168.74386     5.9130    27.5931    1465.11  0.000e+00
      3.628   65.76074 -168.74386     5.9132    27.5934    1465.11  0.000e+00
      3.628   65.76074 -168.74386     5.9131    27.5927    1465.11  0.000e+00
      3.566   65.76074 -168.74386     5.9131    27.5919    1465.11  0.000e+00
      3.628   65.76074 -168.74386     5.9132    27.5911    1465.11  0.000e+00
      3.628   65.76074 -168.74386     5.9131    27.5900    1465.11  0.000e+00
      3.628   65.76074 -168.74386     5.9132    27.5894    1465.11  0.000e+00
      3.628   65.76074 -168.74386     5.9131    27.5887    1465.11  0.000e+00
      3.628   65.76074 -168.74386     5.9134    27.5873    1465.11  0.000e+00
      3.628   65.76074 -168.74386     5.9132    27.5866    1465.11  0.000e+00
      3.682   65.76074 -168.74386     5.9136    27.5862    1465.11  0.000e+00
      3.628   65.76074 -168.74386     5.9135    27.5851    1465.10  0.000e+00
