EcoFOCI/data/1_SampleCollection/2023_SikuliaqDBO_CruiseData/CTD_raw_BottleFile_SKQ23-12S/proc/skq202312s_054svp.cnv
* Sea-Bird SBE 9 Data File:
* FileName = D:\CTD\SKQ202312S\SKQ202312S_054.hex
* Software Version Seasave V 7.26.7.121
* Temperature SN = 6177
* Conductivity SN = 0369
* Number of Bytes Per Scan = 41
* Number of Voltage Words = 4
* Number of Scans Averaged by the Deck Unit = 1
* NMEA Latitude = 70 58.30 N
* NMEA Longitude = 163 33.99 W
* NMEA UTC (Time) = Sep 27 2023  02:24:07
* NMEA baud rate = 4800
** Ship: R/V Sikuliaq
** Station Number: 054
** Station Name: IC8
** Bottom Depth: 45
** Operator: SD
# nquan = 7
# nvalues = 6945                                  
# units = specified
# name 0 = depSM: Depth [salt water, m]
# name 1 = latitude: Latitude [deg]
# name 2 = longitude: Longitude [deg]
# name 3 = t090C: Temperature [ITS-90, deg C]
# name 4 = sal00: Salinity, Practical [PSU]
# name 5 = svCM: Sound Velocity [Chen-Millero, m/s]
# name 6 = flag:  0.000e+00
# span 0 =      2.676,     39.987                 
# span 1 =   70.97168,   70.97176                 
# span 2 = -163.56664, -163.56640                 
# span 3 =     1.6889,     4.6633                 
# span 4 =    30.3487,    32.1085                 
# span 5 =    1453.48,    1463.73                 
# span 6 = 0.0000e+00, 0.0000e+00                 
# interval = seconds: 0.0416667
# start_time = Sep 27 2023 02:28:34 [NMEA time, first data scan]
# bad_flag = -9.990e-29
*END*
[from data line 5949]
     39.872   70.97170 -163.56658     1.6907    32.0905    1453.56  0.000e+00
     39.818   70.97170 -163.56658     1.6905    32.0909    1453.56  0.000e+00
     39.872   70.97170 -163.56658     1.6905    32.0909    1453.56  0.000e+00
     39.864   70.97170 -163.56658     1.6905    32.0907    1453.56  0.000e+00
     39.818   70.97170 -163.56658     1.6905    32.0909    1453.56  0.000e+00
     39.764   70.97170 -163.56658     1.6905    32.0905    1453.56  0.000e+00
     39.933   70.97170 -163.56658     1.6905    32.0905    1453.56  0.000e+00
     39.864   70.97170 -163.56658     1.6907    32.0904    1453.56  0.000e+00
     39.818   70.97170 -163.56658     1.6907    32.0907    1453.56  0.000e+00
     39.818   70.97170 -163.56658     1.6907    32.0908    1453.56  0.000e+00
     39.872   70.97170 -163.56658     1.6907    32.0908    1453.56  0.000e+00
     39.864   70.97170 -163.56658     1.6908    32.0904    1453.56  0.000e+00
     39.818   70.97170 -163.56658     1.6905    32.0907    1453.56  0.000e+00
     39.872   70.97170 -163.56658     1.6905    32.0906    1453.56  0.000e+00
     39.818   70.97170 -163.56658     1.6905    32.0911    1453.56  0.000e+00
     39.864   70.97170 -163.56658     1.6907    32.0908    1453.56  0.000e+00
     39.818   70.97170 -163.56658     1.6905    32.0912    1453.56  0.000e+00
     39.818   70.97170 -163.56658     1.6907    32.0906    1453.56  0.000e+00
     39.872   70.97170 -163.56658     1.6905    32.0908    1453.56  0.000e+00
     39.810   70.97170 -163.56658     1.6907    32.0908    1453.56  0.000e+00
     39.872   70.97170 -163.56658     1.6907    32.0905    1453.56  0.000e+00
     39.818   70.97170 -163.56658     1.6905    32.0907    1453.56  0.000e+00
     39.872   70.97170 -163.56658     1.6907    32.0911    1453.56  0.000e+00
     39.810   70.97170 -163.56658     1.6905    32.0908    1453.56  0.000e+00
     39.872   70.97170 -163.56658     1.6907    32.0907    1453.56  0.000e+00
     39.818   70.97170 -163.56658     1.6907    32.0908    1453.56  0.000e+00
     39.818   70.97170 -163.56658     1.6905    32.0910    1453.56  0.000e+00
     39.864   70.97170 -163.56658     1.6908    32.0909    1453.56  0.000e+00
     39.818   70.97170 -163.56658     1.6908    32.0909    1453.56  0.000e+00
     39.872   70.97170 -163.56658     1.6909    32.0907    1453.56  0.000e+00
     39.818   70.97170 -163.56658     1.6908    32.0907    1453.56  0.000e+00
     39.864   70.97170 -163.56658     1.6907    32.0908    1453.56  0.000e+00
     39.818   70.97170 -163.56658     1.6909    32.0909    1453.56  0.000e+00
     39.818   70.97170 -163.56658     1.6908    32.0912    1453.56  0.000e+00
     39.872   70.97170 -163.56658     1.6909    32.0908    1453.56  0.000e+00
     39.810   70.97170 -163.56658     1.6909    32.0908    1453.56  0.000e+00
     39.818   70.97170 -163.56658     1.6910    32.0909    1453.56  0.000e+00
     39.872   70.97170 -163.56658     1.6913    32.0903    1453.56  0.000e+00
     39.818   70.97170 -163.56658     1.6908    32.0908    1453.56  0.000e+00
     39.810   70.97170 -163.56658     1.6909    32.0906    1453.56  0.000e+00
     39.872   70.97170 -163.56658     1.6909    32.0904    1453.56  0.000e+00
     39.818   70.97170 -163.56658     1.6910    32.0907    1453.56  0.000e+00
     39.818   70.97170 -163.56658     1.6909    32.0910    1453.56  0.000e+00
     39.864   70.97170 -163.56658     1.6910    32.0906    1453.56  0.000e+00
     39.818   70.97170 -163.56658     1.6909    32.0905    1453.56  0.000e+00
     39.818   70.97170 -163.56658     1.6908    32.0908    1453.56  0.000e+00
     39.818   70.97170 -163.56658     1.6908    32.0910    1453.56  0.000e+00
     39.864   70.97170 -163.56658     1.6908    32.0905    1453.56  0.000e+00
     39.818   70.97170 -163.56658     1.6908    32.0910    1453.56  0.000e+00
     39.818   70.97170 -163.56658     1.6907    32.0911    1453.56  0.000e+00
     39.818   70.97170 -163.56658     1.6908    32.0903    1453.56  0.000e+00
     39.810   70.97170 -163.56658     1.6908    32.0907    1453.56  0.000e+00
     39.872   70.97170 -163.56658     1.6907    32.0904    1453.56  0.000e+00
     39.818   70.97170 -163.56658     1.6904    32.0909    1453.56  0.000e+00
     39.818   70.97170 -163.56658     1.6907    32.0908    1453.56  0.000e+00
     39.810   70.97170 -163.56658     1.6905    32.0909    1453.56  0.000e+00
     39.818   70.97170 -163.56658     1.6905    32.0905    1453.56  0.000e+00
     39.818   70.97170 -163.56658     1.6907    32.0904    1453.56  0.000e+00
     39.818   70.97170 -163.56658     1.6904    32.0910    1453.56  0.000e+00
     39.864   70.97170 -163.56658     1.6905    32.0905    1453.56  0.000e+00
     39.818   70.97170 -163.56658     1.6904    32.0905    1453.56  0.000e+00
     39.818   70.97170 -163.56658     1.6903    32.0905    1453.56  0.000e+00
     39.818   70.97170 -163.56658     1.6903    32.0906    1453.56  0.000e+00
     39.810   70.97170 -163.56658     1.6902    32.0907    1453.56  0.000e+00
     39.818   70.97170 -163.56658     1.6905    32.0906    1453.56  0.000e+00
     39.818   70.97170 -163.56658     1.6904    32.0905    1453.56  0.000e+00
     39.818   70.97170 -163.56658     1.6905    32.0906    1453.56  0.000e+00
     39.810   70.97170 -163.56658     1.6903    32.0904    1453.56  0.000e+00
     39.818   70.97170 -163.56658     1.6905    32.0905    1453.56  0.000e+00
     39.818   70.97170 -163.56658     1.6903    32.0906    1453.56  0.000e+00
     39.818   70.97170 -163.56658     1.6902    32.0906    1453.56  0.000e+00
     39.810   70.97170 -163.56658     1.6903    32.0905    1453.56  0.000e+00
     39.764   70.97170 -163.56658     1.6903    32.0906    1453.56  0.000e+00
     39.872   70.97170 -163.56658     1.6902    32.0904    1453.56  0.000e+00
     39.818   70.97170 -163.56658     1.6903    32.0907    1453.56  0.000e+00
     39.810   70.97170 -163.56658     1.6904    32.0912    1453.56  0.000e+00
     39.764   70.97170 -163.56658     1.6903    32.0908    1453.56  0.000e+00
     39.818   70.97170 -163.56658     1.6903    32.0908    1453.56  0.000e+00
     39.818   70.97170 -163.56658     1.6905    32.0911    1453.56  0.000e+00
     39.864   70.97170 -163.56658     1.6903    32.0909    1453.56  0.000e+00
     39.764   70.97170 -163.56658     1.6905    32.0909    1453.56  0.000e+00
     39.818   70.97170 -163.56658     1.6903    32.0906    1453.56  0.000e+00
     39.818   70.97170 -163.56658     1.6905    32.0904    1453.56  0.000e+00
     39.810   70.97170 -163.56658     1.6903    32.0908    1453.56  0.000e+00
     39.818   70.97170 -163.56658     1.6903    32.0906    1453.56  0.000e+00
     39.818   70.97170 -163.56658     1.6902    32.0904    1453.56  0.000e+00
     39.818   70.97170 -163.56658     1.6902    32.0908    1453.56  0.000e+00
     39.810   70.97170 -163.56658     1.6902    32.0909    1453.56  0.000e+00
     39.818   70.97170 -163.56658     1.6898    32.0909    1453.56  0.000e+00
     39.818   70.97170 -163.56658     1.6902    32.0904    1453.56  0.000e+00
     39.818   70.97170 -163.56658     1.6902    32.0906    1453.56  0.000e+00
     39.810   70.97170 -163.56658     1.6902    32.0905    1453.56  0.000e+00
     39.818   70.97170 -163.56658     1.6901    32.0905    1453.56  0.000e+00
     39.818   70.97170 -163.56658     1.6902    32.0906    1453.56  0.000e+00
     39.818   70.97170 -163.56658     1.6900    32.0909    1453.56  0.000e+00
     39.810   70.97170 -163.56658     1.6901    32.0908    1453.56  0.000e+00
     39.818   70.97170 -163.56658     1.6903    32.0905    1453.56  0.000e+00
     39.818   70.97170 -163.56658     1.6902    32.0906    1453.56  0.000e+00
     39.818   70.97170 -163.56658     1.6902    32.0905    1453.56  0.000e+00
     39.864   70.97170 -163.56658     1.6902    32.0904    1453.56  0.000e+00
     39.818   70.97170 -163.56658     1.6902    32.0904    1453.56  0.000e+00
     39.818   70.97170 -163.56658     1.6903    32.0902    1453.56  0.000e+00
     39.818   70.97170 -163.56658     1.6902    32.0908    1453.56  0.000e+00
     39.810   70.97170 -163.56658     1.6902    32.0908    1453.56  0.000e+00
     39.818   70.97170 -163.56658     1.6902    32.0903    1453.56  0.000e+00
     39.818   70.97170 -163.56658     1.6904    32.0901    1453.56  0.000e+00
     39.872   70.97170 -163.56658     1.6905    32.0901    1453.56  0.000e+00
     39.864   70.97170 -163.56658     1.6902    32.0905    1453.56  0.000e+00
     39.818   70.97170 -163.56658     1.6902    32.0903    1453.56  0.000e+00
     39.818   70.97170 -163.56658     1.6902    32.0903    1453.56  0.000e+00
     39.872   70.97170 -163.56658     1.6902    32.0908    1453.56  0.000e+00
     39.810   70.97170 -163.56658     1.6902    32.0908    1453.56  0.000e+00
     39.872   70.97170 -163.56658     1.6902    32.0904    1453.56  0.000e+00
     39.818   70.97170 -163.56658     1.6902    32.0906    1453.56  0.000e+00
     39.872   70.97170 -163.56658     1.6901    32.0908    1453.56  0.000e+00
     39.810   70.97170 -163.56658     1.6902    32.0907    1453.56  0.000e+00
     39.872   70.97170 -163.56658     1.6902    32.0907    1453.56  0.000e+00
     39.818   70.97170 -163.56658     1.6904    32.0905    1453.56  0.000e+00
     39.872   70.97170 -163.56658     1.6902    32.0907    1453.56  0.000e+00
     39.864   70.97170 -163.56658     1.6902    32.0908    1453.56  0.000e+00
     39.818   70.97170 -163.56658     1.6903    32.0908    1453.56  0.000e+00
     39.872   70.97170 -163.56658     1.6903    32.0908    1453.56  0.000e+00
     39.872   70.97170 -163.56658     1.6902    32.0907    1453.56  0.000e+00
     39.864   70.97170 -163.56658     1.6903    32.0909    1453.56  0.000e+00
     39.818   70.97170 -163.56658     1.6905    32.0910    1453.56  0.000e+00
     39.933   70.97170 -163.56658     1.6905    32.0907    1453.56  0.000e+00
     39.818   70.97170 -163.56658     1.6905    32.0909    1453.56  0.000e+00
     39.864   70.97170 -163.56658     1.6907    32.0907    1453.56  0.000e+00
     39.818   70.97170 -163.56658     1.6907    32.0905    1453.56  0.000e+00
     39.872   70.97170 -163.56658     1.6905    32.0906    1453.56  0.000e+00
     39.872   70.97170 -163.56658     1.6907    32.0902    1453.56  0.000e+00
     39.864   70.97170 -163.56658     1.6908    32.0905    1453.56  0.000e+00
     39.872   70.97170 -163.56658     1.6908    32.0908    1453.56  0.000e+00
     39.872   70.97170 -163.56658     1.6907    32.0906    1453.56  0.000e+00
     39.818   70.97170 -163.56658     1.6907    32.0907    1453.56  0.000e+00
     39.864   70.97170 -163.56658     1.6909    32.0900    1453.56  0.000e+00
     39.872   70.97170 -163.56658     1.6907    32.0904    1453.56  0.000e+00
     39.872   70.97170 -163.56658     1.6910    32.0901    1453.56  0.000e+00
     39.872   70.97170 -163.56658     1.6907    32.0908    1453.56  0.000e+00
     39.864   70.97170 -163.56658     1.6907    32.0908    1453.56  0.000e+00
     39.818   70.97170 -163.56658     1.6907    32.0908    1453.56  0.000e+00
     39.872   70.97170 -163.56658     1.6905    32.0909    1453.56  0.000e+00
     39.872   70.97170 -163.56658     1.6905    32.0913    1453.56  0.000e+00
     39.810   70.97170 -163.56658     1.6907    32.0909    1453.56  0.000e+00
     39.872   70.97170 -163.56658     1.6907    32.0910    1453.56  0.000e+00
     39.818   70.97170 -163.56658     1.6907    32.0908    1453.56  0.000e+00
     39.872   70.97170 -163.56658     1.6905    32.0907    1453.56  0.000e+00
     39.864   70.97170 -163.56658     1.6908    32.0904    1453.56  0.000e+00
     39.818   70.97170 -163.56658     1.6905    32.0908    1453.56  0.000e+00
     39.818   70.97170 -163.56658     1.6907    32.0905    1453.56  0.000e+00
     39.810   70.97170 -163.56658     1.6908    32.0904    1453.56  0.000e+00
     39.872   70.97170 -163.56658     1.6905    32.0906    1453.56  0.000e+00
     39.872   70.97170 -163.56658     1.6905    32.0906    1453.56  0.000e+00
     39.818   70.97170 -163.56658     1.6905    32.0904    1453.56  0.000e+00
     39.748   70.97170 -163.56658     1.6905    32.0908    1453.56  0.000e+00
     39.872   70.97170 -163.56658     1.6903    32.0909    1453.56  0.000e+00
     39.818   70.97170 -163.56658     1.6905    32.0907    1453.56  0.000e+00
     39.872   70.97170 -163.56658     1.6907    32.0905    1453.56  0.000e+00
     39.810   70.97170 -163.56658     1.6907    32.0905    1453.56  0.000e+00
     39.818   70.97170 -163.56658     1.6905    32.0908    1453.56  0.000e+00
     39.818   70.97170 -163.56658     1.6903    32.0907    1453.56  0.000e+00
     39.818   70.97170 -163.56658     1.6905    32.0908    1453.56  0.000e+00
     39.810   70.97168 -163.56658     1.6905    32.0910    1453.56  0.000e+00
     39.818   70.97168 -163.56658     1.6905    32.0910    1453.56  0.000e+00
     39.818   70.97168 -163.56658     1.6905    32.0905    1453.56  0.000e+00
     39.764   70.97168 -163.56658     1.6907    32.0907    1453.56  0.000e+00
     39.810   70.97168 -163.56658     1.6907    32.0908    1453.56  0.000e+00
     39.818   70.97168 -163.56658     1.6908    32.0902    1453.56  0.000e+00
     39.764   70.97168 -163.56658     1.6905    32.0904    1453.56  0.000e+00
     39.818   70.97168 -163.56658     1.6904    32.0905    1453.56  0.000e+00
     39.810   70.97168 -163.56658     1.6905    32.0902    1453.56  0.000e+00
     39.764   70.97168 -163.56658     1.6901    32.0910    1453.56  0.000e+00
     39.818   70.97168 -163.56658     1.6902    32.0910    1453.56  0.000e+00
     39.764   70.97168 -163.56658     1.6898    32.0911    1453.56  0.000e+00
     39.810   70.97168 -163.56658     1.6901    32.0906    1453.56  0.000e+00
     39.764   70.97168 -163.56658     1.6898    32.0910    1453.56  0.000e+00
     39.818   70.97168 -163.56658     1.6901    32.0908    1453.56  0.000e+00
     39.764   70.97168 -163.56658     1.6898    32.0911    1453.56  0.000e+00
     39.810   70.97168 -163.56658     1.6901    32.0906    1453.56  0.000e+00
     39.764   70.97168 -163.56658     1.6902    32.0909    1453.56  0.000e+00
     39.764   70.97168 -163.56658     1.6900    32.0910    1453.56  0.000e+00
     39.818   70.97168 -163.56658     1.6899    32.0912    1453.56  0.000e+00
     39.810   70.97168 -163.56658     1.6900    32.0907    1453.56  0.000e+00
     39.764   70.97168 -163.56658     1.6901    32.0908    1453.56  0.000e+00
     39.764   70.97168 -163.56658     1.6900    32.0911    1453.56  0.000e+00
     39.818   70.97168 -163.56658     1.6900    32.0911    1453.56  0.000e+00
     39.810   70.97168 -163.56658     1.6902    32.0907    1453.56  0.000e+00
     39.764   70.97168 -163.56658     1.6902    32.0910    1453.56  0.000e+00
     39.764   70.97168 -163.56658     1.6902    32.0910    1453.56  0.000e+00
     39.818   70.97168 -163.56658     1.6903    32.0904    1453.56  0.000e+00
     39.748   70.97168 -163.56658     1.6903    32.0907    1453.56  0.000e+00
     39.818   70.97168 -163.56658     1.6902    32.0907    1453.56  0.000e+00
     39.818   70.97168 -163.56658     1.6905    32.0906    1453.56  0.000e+00
     39.764   70.97168 -163.56658     1.6904    32.0908    1453.56  0.000e+00
     39.810   70.97168 -163.56658     1.6908    32.0904    1453.56  0.000e+00
     39.764   70.97168 -163.56658     1.6903    32.0904    1453.56  0.000e+00
     39.818   70.97168 -163.56658     1.6905    32.0905    1453.56  0.000e+00
     39.818   70.97168 -163.56658     1.6902    32.0908    1453.56  0.000e+00
     39.810   70.97168 -163.56658     1.6905    32.0899    1453.56  0.000e+00
     39.764   70.97168 -163.56658     1.6903    32.0904    1453.56  0.000e+00
     39.818   70.97168 -163.56658     1.6902    32.0905    1453.56  0.000e+00
     39.818   70.97168 -163.56658     1.6901    32.0903    1453.56  0.000e+00
     39.810   70.97168 -163.56658     1.6902    32.0906    1453.56  0.000e+00
     39.818   70.97168 -163.56658     1.6897    32.0912    1453.56  0.000e+00
