EcoFOCI/data/1_SampleCollection/2023_SikuliaqDBO_CruiseData/CTD_raw_BottleFile_SKQ23-12S/proc/skq202312s_041.cnv
* Sea-Bird SBE 9 Data File:
* FileName = D:\CTD\SKQ202312S\SKQ202312S_041.hex
* Software Version Seasave V 7.26.7.121
* Temperature SN = 6177
* Conductivity SN = 0369
* Number of Bytes Per Scan = 41
* Number of Voltage Words = 4
* Number of Scans Averaged by the Deck Unit = 1
* NMEA Latitude = 71 22.89 N
* NMEA Longitude = 160 50.39 W
* NMEA UTC (Time) = Sep 23 2023  21:13:19
* NMEA baud rate = 4800
** Ship: R/V Sikuliaq
** Station Number: 041
** Station Name: DBO4.2na
** Bottom Depth: 47
** Operator: SS
# nquan = 24
# nvalues = 4249                                  
# units = specified
# name 0 = depSM: Depth [salt water, m]
# name 1 = latitude: Latitude [deg]
# name 2 = longitude: Longitude [deg]
# name 3 = prDM: Pressure, Digiquartz [db]
# name 4 = t090C: Temperature [ITS-90, deg C]
# name 5 = t190C: Temperature, 2 [ITS-90, deg C]
# name 6 = potemp090C: Potential Temperature [ITS-90, deg C]
# name 7 = sal00: Salinity, Practical [PSU]
# name 8 = sal11: Salinity, Practical, 2 [PSU]
# name 9 = density00: Density [density, kg/m^3]
# name 10 = sigma-é00: Density [sigma-theta, kg/m^3]
# name 11 = sbox0Mm/Kg: Oxygen, SBE 43 [umol/kg]
# name 12 = sbox1Mm/Kg: Oxygen, SBE 43, 2 [umol/kg]
# name 13 = oxsolMm/Kg: Oxygen Saturation, Garcia & Gordon [umol/kg]
# name 14 = sbeox0PS: Oxygen, SBE 43 [% saturation]
# name 15 = sbeox1PS: Oxygen, SBE 43, 2 [% saturation]
# name 16 = v0: Voltage 0
# name 17 = flECO-AFL: Fluorescence, WET Labs ECO-AFL/FL [mg/m^3]
# name 18 = v1: Voltage 1
# name 19 = CStarAt0: Beam Attenuation, WET Labs C-Star [1/m]
# name 20 = par: PAR/Irradiance, Biospherical/Licor
# name 21 = scan: Scan Count
# name 22 = timeM: Time, Elapsed [minutes]
# name 23 = flag:  0.000e+00
# span 0 =      2.260,     41.999                 
# span 1 =   71.38148,   71.38148                 
# span 2 = -160.83978, -160.83978                 
# span 3 =      2.283,     42.436                 
# span 4 =    -1.6599,     2.3096                 
# span 5 =    -1.6587,     2.3132                 
# span 6 =    -1.6604,     2.3095                 
# span 7 =    27.1591,    32.6568                 
# span 8 =    27.1694,    32.6689                 
# span 9 =  1021.6920,  1026.4766                 
# span 10 =    21.6779,    26.2723                
# span 11 =    250.426,    481.597                
# span 12 =    238.434,    450.553                
# span 13 =  348.14411,  370.44680                
# span 14 =     67.644,    132.120                
# span 15 =     64.418,    123.480                
# span 16 =     0.0855,     2.4151                
# span 17 =     0.1648,    14.1428                
# span 18 =     2.2759,     4.2076                
# span 19 =     0.4532,     2.9122                
# span 20 = 3.9401e-02, 2.2067e+02                
# span 21 =          1,       4249                
# span 22 =     0.0000,     2.9500                
# span 23 = 0.0000e+00, 0.0000e+00                
# interval = seconds: 0.0416667
# start_time = Sep 23 2023 21:16:43 [NMEA time, first data scan]
# bad_flag = -9.990e-29
*END*
[from data line 1329]
     10.327   71.38148 -160.83978     10.434     2.2730     2.2741     2.2726    27.3183    27.3111  1021.8563    21.8066    338.278    321.596  348.24804     97.137     92.344     0.1954     0.8242     4.0904     0.5663 4.9777e+01       1330     0.9229  0.000e+00
     10.412   71.38148 -160.83978     10.519     2.2734     2.2757     2.2730    27.3171    27.3057  1021.8557    21.8057    338.883    321.458  348.24737     97.311     92.305     0.1954     0.8242     4.0904     0.5663 4.9777e+01       1331     0.9236  0.000e+00
     10.412   71.38148 -160.83978     10.519     2.2734     2.2765     2.2730    27.3160    27.3004  1021.8549    21.8048    338.677    321.507  348.25023     97.251     92.317     0.1941     0.8168     4.0904     0.5663 4.9637e+01       1332     0.9243  0.000e+00
     10.350   71.38148 -160.83978     10.457     2.2736     2.2780     2.2732    27.3141    27.2942  1021.8531    21.8033    338.663    321.524  348.25382     97.246     92.321     0.1954     0.8242     4.0904     0.5663 4.9637e+01       1333     0.9250  0.000e+00
     10.412   71.38148 -160.83978     10.519     2.2741     2.2809     2.2736    27.3119    27.2856  1021.8515    21.8015    338.654    321.746  348.25543     97.243     92.386     0.1941     0.8168     4.0904     0.5663 4.9637e+01       1334     0.9257  0.000e+00
     10.411   71.38148 -160.83978     10.519     2.2744     2.2849     2.2740    27.3094    27.2763  1021.8495    21.7994    338.646    321.568  348.25931     97.240     92.337     0.1941     0.8168     4.0904     0.5663 4.9497e+01       1335     0.9264  0.000e+00
     10.350   71.38148 -160.83978     10.457     2.2742     2.2875     2.2738    27.3036    27.2691  1021.8446    21.7948    338.650    321.783  348.27607     97.236     92.400     0.1929     0.8095     4.0916     0.5651 4.9497e+01       1336     0.9271  0.000e+00
     10.411   71.38148 -160.83978     10.519     2.2747     2.2895     2.2743    27.2965    27.2619  1021.8392    21.7891    338.659    321.826  348.29079     97.235     92.412     0.1954     0.8242     4.0904     0.5663 4.9497e+01       1337     0.9278  0.000e+00
     10.411   71.38148 -160.83978     10.519     2.2760     2.2910     2.2755    27.2918    27.2561  1021.8354    21.7853    338.692    321.867  348.29207     97.244     92.423     0.1954     0.8242     4.0916     0.5651 4.9358e+01       1338     0.9285  0.000e+00
     10.296   71.38148 -160.83978     10.402     2.2778     2.2915     2.2774    27.2891    27.2534  1021.8325    21.7830    338.673    321.903  348.28319     97.241     92.433     0.1917     0.8022     4.0916     0.5651 4.9358e+01       1339     0.9292  0.000e+00
     10.496   71.38148 -160.83978     10.605     2.2797     2.2919     2.2793    27.2842    27.2510  1021.8294    21.7789    338.674    321.952  348.27948     97.242     92.446     0.1880     0.7802     4.0916     0.5651 4.9358e+01       1340     0.9299  0.000e+00
     10.411   71.38148 -160.83978     10.519     2.2814     2.2920     2.2810    27.2773    27.2501  1021.8235    21.7734    338.671    321.961  348.28228     97.240     92.448     0.1868     0.7729     4.0916     0.5651 4.9358e+01       1341     0.9306  0.000e+00
     10.411   71.38148 -160.83978     10.519     2.2826     2.2927     2.2822    27.2716    27.2480  1021.8188    21.7687    338.676    321.995  348.28706     97.240     92.458     0.1880     0.7802     4.0916     0.5651 4.9358e+01       1342     0.9313  0.000e+00
     10.411   71.38148 -160.83978     10.519     2.2835     2.2926     2.2831    27.2666    27.2466  1021.8148    21.7647    338.684    322.007  348.29260     97.241     92.460     0.1856     0.7656     4.0916     0.5651 4.9358e+01       1343     0.9319  0.000e+00
     10.411   71.38148 -160.83978     10.519     2.2849     2.2928     2.2845    27.2627    27.2461  1021.8116    21.7615    338.685    322.013  348.29055     97.242     92.462     0.1868     0.7729     4.0916     0.5651 4.9358e+01       1344     0.9326  0.000e+00
     10.411   71.38148 -160.83978     10.519     2.2864     2.2926     2.2859    27.2595    27.2462  1021.8089    21.7588    338.685    322.044  348.28626     97.243     92.471     0.1880     0.7802     4.0916     0.5651 4.9358e+01       1345     0.9333  0.000e+00
     10.411   71.38148 -160.83978     10.519     2.2877     2.2925     2.2873    27.2566    27.2467  1021.8065    21.7564    338.687    322.073  348.28191     97.245     92.479     0.1868     0.7729     4.0916     0.5651 4.9358e+01       1346     0.9340  0.000e+00
     10.465   71.38148 -160.83978     10.573     2.2889     2.2923     2.2884    27.2531    27.2470  1021.8039    21.7536    338.929    322.078  348.28110     97.315     92.480     0.1880     0.7802     4.0916     0.5651 4.9219e+01       1347     0.9347  0.000e+00
     10.411   71.38148 -160.83978     10.519     2.2899     2.2916     2.2895    27.2490    27.2485  1021.8003    21.7502    338.743    322.286  348.28294     97.261     92.539     0.1868     0.7729     4.0916     0.5651 4.9358e+01       1348     0.9354  0.000e+00
     10.380   71.38148 -160.83978     10.488     2.2907     2.2915     2.2903    27.2444    27.2506  1021.7964    21.7465    338.988    322.302  348.28810     97.330     92.545     0.1880     0.7802     4.0904     0.5663 4.9358e+01       1349     0.9361  0.000e+00
     10.465   71.38148 -160.83978     10.573     2.2915     2.2910     2.2911    27.2403    27.2551  1021.7935    21.7432    338.501    322.344  348.29183     97.189     92.559     0.1856     0.7656     4.0916     0.5651 4.9219e+01       1350     0.9368  0.000e+00
     10.411   71.38148 -160.83978     10.519     2.2923     2.2901     2.2918    27.2392    27.2605  1021.7924    21.7423    338.930    322.352  348.28787     97.313     92.564     0.1868     0.7729     4.0916     0.5651 4.9219e+01       1351     0.9375  0.000e+00
     10.465   71.38148 -160.83978     10.573     2.2928     2.2884     2.2923    27.2403    27.2668  1021.7935    21.7431    338.974    322.369  348.28060     97.328     92.569     0.1880     0.7802     4.0916     0.5651 4.9219e+01       1352     0.9382  0.000e+00
     10.465   71.38148 -160.83978     10.573     2.2932     2.2864     2.2928    27.2405    27.2749  1021.7935    21.7432    338.787    322.378  348.27648     97.275     92.572     0.1868     0.7729     4.0916     0.5651 4.9219e+01       1353     0.9389  0.000e+00
     10.411   71.38148 -160.83978     10.519     2.2930     2.2855     2.2926    27.2402    27.2825  1021.7931    21.7431    339.031    322.373  348.27846     97.345     92.574     0.1868     0.7729     4.0916     0.5651 4.9219e+01       1354     0.9396  0.000e+00
     10.465   71.38148 -160.83978     10.573     2.2931     2.2847     2.2926    27.2412    27.2882  1021.7942    21.7438    339.082    322.373  348.27542     97.360     92.576     0.1868     0.7729     4.0916     0.5651 4.9219e+01       1355     0.9403  0.000e+00
     10.465   71.38148 -160.83978     10.573     2.2930     2.2841     2.2926    27.2469    27.2925  1021.7987    21.7484    339.118    322.368  348.26072     97.375     92.576     0.1868     0.7729     4.0904     0.5663 4.9219e+01       1356     0.9410  0.000e+00
     10.465   71.38148 -160.83978     10.573     2.2918     2.2833     2.2914    27.2577    27.2975  1021.8074    21.7571    339.153    322.361  348.24256     97.390     92.576     0.1868     0.7729     4.0879     0.5687 4.9080e+01       1357     0.9417  0.000e+00
     10.519   71.38148 -160.83978     10.628     2.2888     2.2827     2.2884    27.2695    27.3032  1021.8173    21.7667    339.205    322.350  348.23792     97.406     92.575     0.1868     0.7729     4.0867     0.5699 4.9219e+01       1358     0.9424  0.000e+00
     10.434   71.38148 -160.83978     10.542     2.2857     2.2820     2.2852    27.2789    27.3082  1021.8245    21.7743    339.259    322.539  348.24090     97.421     92.632     0.1880     0.7802     4.0879     0.5687 4.9080e+01       1359     0.9431  0.000e+00
     10.519   71.38148 -160.83978     10.628     2.2833     2.2817     2.2828    27.2889    27.3114  1021.8331    21.7825    339.311    322.576  348.23517     97.437     92.644     0.1868     0.7729     4.0879     0.5687 4.9080e+01       1360     0.9437  0.000e+00
     10.465   71.38148 -160.83978     10.573     2.2814     2.2817     2.2810    27.2976    27.3138  1021.8399    21.7896    339.587    322.577  348.22827     97.519     92.646     0.1880     0.7802     4.0867     0.5699 4.9080e+01       1361     0.9444  0.000e+00
     10.519   71.38148 -160.83978     10.628     2.2804     2.2803     2.2799    27.3033    27.3176  1021.8448    21.7942    339.441    322.614  348.22273     97.478     92.656     0.1868     0.7729     4.0867     0.5699 4.9080e+01       1362     0.9451  0.000e+00
     10.519   71.38148 -160.83978     10.628     2.2798     2.2789     2.2794    27.3059    27.3218  1021.8469    21.7963    339.721    322.644  348.22067     97.559     92.664     0.1880     0.7802     4.0867     0.5699 4.9080e+01       1363     0.9458  0.000e+00
     10.519   71.38148 -160.83978     10.628     2.2794     2.2773     2.2789    27.3066    27.3267  1021.8475    21.7969    339.809    322.673  348.22253     97.584     92.672     0.1868     0.7729     4.0879     0.5687 4.9080e+01       1364     0.9465  0.000e+00
     10.519   71.38148 -160.83978     10.628     2.2791     2.2757     2.2787    27.3081    27.3313  1021.8487    21.7981    339.892    322.698  348.22095     97.608     92.679     0.1905     0.7949     4.0867     0.5699 4.9080e+01       1365     0.9472  0.000e+00
     10.580   71.38148 -160.83978     10.690     2.2789     2.2746     2.2785    27.3106    27.3352  1021.8510    21.8001    339.974    322.719  348.21644     97.633     92.685     0.1929     0.8095     4.0867     0.5699 4.8942e+01       1366     0.9479  0.000e+00
     10.519   71.38148 -160.83978     10.628     2.2781     2.2730     2.2777    27.3113    27.3393  1021.8513    21.8007    340.018    322.711  348.22114     97.644     92.682     0.1917     0.8022     4.0867     0.5699 4.9080e+01       1367     0.9486  0.000e+00
     10.550   71.38148 -160.83978     10.659     2.2780     2.2713     2.2775    27.3104    27.3427  1021.8507    21.8000    340.101    322.913  348.22510     97.667     92.738     0.1929     0.8095     4.0867     0.5699 4.9080e+01       1368     0.9493  0.000e+00
     10.580   71.38148 -160.83978     10.690     2.2781     2.2703     2.2777    27.3102    27.3446  1021.8508    21.7999    340.138    322.924  348.22397     97.678     92.740     0.1917     0.8022     4.0867     0.5699 4.8942e+01       1369     0.9500  0.000e+00
     10.580   71.38148 -160.83978     10.690     2.2775     2.2696     2.2771    27.3138    27.3465  1021.8537    21.8028    340.207    322.951  348.21970     97.699     92.748     0.1917     0.8022     4.0879     0.5687 4.8804e+01       1370     0.9507  0.000e+00
     10.580   71.38148 -160.83978     10.690     2.2766     2.2686     2.2761    27.3189    27.3489  1021.8578    21.8069    340.196    322.977  348.21476     97.697     92.754     0.1917     0.8022     4.0879     0.5687 4.8804e+01       1371     0.9514  0.000e+00
     10.634   71.38148 -160.83978     10.744     2.2755     2.2680     2.2750    27.3242    27.3509  1021.8624    21.8112    340.454    322.996  348.21020     97.773     92.760     0.1917     0.8022     4.0879     0.5687 4.8667e+01       1372     0.9521  0.000e+00
     10.580   71.38148 -160.83978     10.690     2.2744     2.2670     2.2740    27.3283    27.3538  1021.8654    21.8145    340.512    323.010  348.20896     97.790     92.764     0.1929     0.8095     4.0879     0.5687 4.8530e+01       1373     0.9528  0.000e+00
     10.634   71.38148 -160.83978     10.744     2.2722     2.2656     2.2717    27.3327    27.3557  1021.8693    21.8182    340.581    323.030  348.21698     97.807     92.768     0.1917     0.8022     4.0867     0.5699 4.8667e+01       1374     0.9535  0.000e+00
     10.634   71.38148 -160.83978     10.744     2.2711     2.2632     2.2707    27.3359    27.3589  1021.8720    21.8208    340.634    323.049  348.21797     97.822     92.770     0.1929     0.8095     4.0867     0.5699 4.8530e+01       1375     0.9542  0.000e+00
     10.634   71.38148 -160.83978     10.744     2.2702     2.2573     2.2697    27.3391    27.3679  1021.8745    21.8234    340.681    323.083  348.21770     97.836     92.772     0.1917     0.8022     4.0867     0.5699 4.8530e+01       1376     0.9549  0.000e+00
     10.727   71.38148 -160.83978     10.838     2.2693     2.2475     2.2688    27.3413    27.3878  1021.8768    21.8252    340.770    323.127  348.22001     97.861     92.775     0.1929     0.8095     4.0830     0.5735 4.8530e+01       1377     0.9556  0.000e+00
     10.634   71.38148 -160.83978     10.744     2.2678     2.2230     2.2673    27.3428    27.4356  1021.8776    21.8265    340.815    323.226  348.22899     97.871     92.780     0.1917     0.8022     4.0818     0.5747 4.8530e+01       1378     0.9563  0.000e+00
     10.696   71.38148 -160.83978     10.806     2.2662     2.1928     2.2658    27.3453    27.4951  1021.8800    21.8286    341.012    323.378  348.23611     97.926     92.795     0.1917     0.8022     4.0818     0.5747 4.8257e+01       1379     0.9569  0.000e+00
     10.696   71.38148 -160.83978     10.806     2.2615     2.1641     2.2610    27.3603    27.5483  1021.8923    21.8409    340.891    323.501  348.23836     97.890     92.800     0.1929     0.8095     4.0818     0.5747 4.8257e+01       1380     0.9576  0.000e+00
     10.750   71.38148 -160.83978     10.861     2.2488     2.1443     2.2484    27.3973    27.5850  1021.9229    21.8712    340.943    323.579  348.25166     97.901     92.802     0.1917     0.8022     4.0818     0.5747 4.8257e+01       1381     0.9583  0.000e+00
     10.750   71.38148 -160.83978     10.861     2.2324     2.1289     2.2320    27.4444    27.6135  1021.9615    21.9098    341.232    323.837  348.27167     97.979     92.860     0.1929     0.8095     4.0818     0.5747 4.8122e+01       1382     0.9590  0.000e+00
     10.696   71.38148 -160.83978     10.806     2.2122     2.1151     2.2118    27.4953    27.6404  1022.0032    21.9517    341.346    323.921  348.31503     97.999     92.870     0.1917     0.8022     4.0818     0.5747 4.8122e+01       1383     0.9597  0.000e+00
     10.804   71.38148 -160.83978     10.915     2.1867     2.0985     2.1863    27.5474    27.6736  1022.0469    21.9949    341.511    323.991  348.40193     98.022     92.875     0.1929     0.8095     4.0818     0.5747 4.8122e+01       1384     0.9604  0.000e+00
     10.750   71.38148 -160.83978     10.861     2.1586     2.0750     2.1581    27.5999    27.7169  1022.0903    22.0386    341.457    324.116  348.51168     97.976     92.886     0.1917     0.8022     4.0818     0.5747 4.7986e+01       1385     0.9611  0.000e+00
     10.781   71.38148 -160.83978     10.892     2.1290     2.0529     2.1286    27.6539    27.7578  1022.1354    22.0836    341.836    324.233  348.62935     98.052     92.896     0.1929     0.8095     4.0818     0.5747 4.7986e+01       1386     0.9618  0.000e+00
     10.804   71.38148 -160.83978     10.915     2.1019     2.0321     2.1014    27.6996    27.7944  1022.1737    22.1217    342.014    324.552  348.74847     98.069     92.964     0.1929     0.8095     4.0818     0.5747 4.7986e+01       1387     0.9625  0.000e+00
     10.804   71.38148 -160.83978     10.915     2.0841     2.0180     2.0837    27.7350    27.8241  1022.2030    22.1510    342.118    324.637  348.81180     98.081     92.976     0.1917     0.8022     4.0818     0.5747 4.7851e+01       1388     0.9632  0.000e+00
