EcoFOCI/data/1_SampleCollection/2023_SikuliaqDBO_CruiseData/CTD_raw_BottleFile_SKQ23-12S/proc/skq202312s_046.cnv
* Sea-Bird SBE 9 Data File:
* FileName = D:\CTD\SKQ202312S\SKQ202312S_046.hex
* Software Version Seasave V 7.26.7.121
* Temperature SN = 6177
* Conductivity SN = 0369
* Number of Bytes Per Scan = 41
* Number of Voltage Words = 4
* Number of Scans Averaged by the Deck Unit = 1
* NMEA Latitude = 71 35.89 N
* NMEA Longitude = 161 32.21 W
* NMEA UTC (Time) = Sep 24 2023  19:47:51
* NMEA baud rate = 4800
** Ship: R/V Sikuliaq
** Station Number: 046
** Station Name: CEO2
** Bottom Depth: 46
** Operator: SD
# nquan = 24
# nvalues = 4389                                  
# units = specified
# name 0 = depSM: Depth [salt water, m]
# name 1 = latitude: Latitude [deg]
# name 2 = longitude: Longitude [deg]
# name 3 = prDM: Pressure, Digiquartz [db]
# name 4 = t090C: Temperature [ITS-90, deg C]
# name 5 = t190C: Temperature, 2 [ITS-90, deg C]
# name 6 = potemp090C: Potential Temperature [ITS-90, deg C]
# name 7 = sal00: Salinity, Practical [PSU]
# name 8 = sal11: Salinity, Practical, 2 [PSU]
# name 9 = density00: Density [density, kg/m^3]
# name 10 = sigma-é00: Density [sigma-theta, kg/m^3]
# name 11 = sbox0Mm/Kg: Oxygen, SBE 43 [umol/kg]
# name 12 = sbox1Mm/Kg: Oxygen, SBE 43, 2 [umol/kg]
# name 13 = oxsolMm/Kg: Oxygen Saturation, Garcia & Gordon [umol/kg]
# name 14 = sbeox0PS: Oxygen, SBE 43 [% saturation]
# name 15 = sbeox1PS: Oxygen, SBE 43, 2 [% saturation]
# name 16 = v0: Voltage 0
# name 17 = flECO-AFL: Fluorescence, WET Labs ECO-AFL/FL [mg/m^3]
# name 18 = v1: Voltage 1
# name 19 = CStarAt0: Beam Attenuation, WET Labs C-Star [1/m]
# name 20 = par: PAR/Irradiance, Biospherical/Licor
# name 21 = scan: Scan Count
# name 22 = timeM: Time, Elapsed [minutes]
# name 23 = flag:  0.000e+00
# span 0 =      1.531,     41.132                 
# span 1 =   71.59802,   71.59810                 
# span 2 = -161.53712, -161.53668                 
# span 3 =      1.547,     41.560                 
# span 4 =    -1.5417,     2.3014                 
# span 5 =    -1.5413,     2.3059                 
# span 6 =    -1.5425,     2.3010                 
# span 7 =    27.0013,    32.5559                 
# span 8 =    27.0110,    32.5680                 
# span 9 =  1021.5735,  1026.3877                 
# span 10 =    21.5658,    26.1876                
# span 11 =    257.345,    423.623                
# span 12 =    243.983,    402.951                
# span 13 =  344.94343,  369.48760                
# span 14 =     69.655,    118.580                
# span 15 =     66.040,    112.646                
# span 16 =     0.0855,     0.5055                
# span 17 =     0.1648,     2.6850                
# span 18 =     2.6300,     4.2259                
# span 19 =     0.4359,     2.3335                
# span 20 = 3.0290e-01, 1.4068e+02                
# span 21 =          1,       4389                
# span 22 =     0.0000,     3.0472                
# span 23 = 0.0000e+00, 0.0000e+00                
# interval = seconds: 0.0416667
# start_time = Sep 24 2023 19:50:48 [NMEA time, first data scan]
# bad_flag = -9.990e-29
*END*
[from data line 3985]
     41.077   71.59802 -161.53708     41.506    -1.5415    -1.5406    -1.5423    32.5525    32.5639  1026.3856    26.1852    258.945    245.213  369.48659     70.083     66.374     0.0977     0.2381     2.6532     2.2983 3.1249e-01       3986     2.7674  0.000e+00
     41.077   71.59802 -161.53708     41.506    -1.5413    -1.5406    -1.5421    32.5521    32.5639  1026.3853    26.1848    259.007    245.213  369.48553     70.099     66.374     0.0977     0.2381     2.6520     2.3002 3.1249e-01       3987     2.7681  0.000e+00
     41.077   71.59802 -161.53708     41.506    -1.5416    -1.5404    -1.5423    32.5524    32.5638  1026.3855    26.1851    258.813    245.443  369.48748     70.047     66.436     0.0965     0.2308     2.6532     2.2983 3.1249e-01       3988     2.7687  0.000e+00
     41.070   71.59802 -161.53708     41.498    -1.5416    -1.5404    -1.5423    32.5524    32.5642  1026.3855    26.1851    258.936    245.212  369.48760     70.080     66.374     0.0977     0.2381     2.6532     2.2983 3.1249e-01       3989     2.7694  0.000e+00
     41.077   71.59802 -161.53708     41.506    -1.5416    -1.5401    -1.5424    32.5527    32.5638  1026.3858    26.1854    258.896    245.442  369.48648     70.069     66.436     0.0989     0.2454     2.6532     2.2983 3.1370e-01       3990     2.7701  0.000e+00
     41.077   71.59802 -161.53708     41.506    -1.5415    -1.5399    -1.5423    32.5525    32.5636  1026.3856    26.1852    258.906    245.245  369.48672     70.072     66.383     0.0977     0.2381     2.6532     2.2983 3.1736e-01       3991     2.7708  0.000e+00
     41.077   71.59802 -161.53708     41.506    -1.5416    -1.5402    -1.5424    32.5526    32.5635  1026.3857    26.1852    259.176    245.479  369.48698     70.145     66.446     0.0989     0.2454     2.6532     2.2983 3.1859e-01       3992     2.7715  0.000e+00
     41.124   71.59802 -161.53708     41.552    -1.5415    -1.5399    -1.5422    32.5525    32.5638  1026.3858    26.1851    258.924    245.513  369.48616     70.077     66.456     0.0977     0.2381     2.6532     2.2983 3.1736e-01       3993     2.7722  0.000e+00
     41.077   71.59802 -161.53708     41.506    -1.5415    -1.5399    -1.5422    32.5527    32.5639  1026.3858    26.1854    258.410    245.513  369.48532     69.938     66.456     0.0989     0.2454     2.6532     2.2983 3.1370e-01       3994     2.7729  0.000e+00
     41.077   71.59802 -161.53708     41.506    -1.5415    -1.5401    -1.5423    32.5531    32.5638  1026.3861    26.1856    258.891    245.318  369.48495     70.068     66.403     0.0977     0.2381     2.6532     2.2983 3.1249e-01       3995     2.7736  0.000e+00
     41.077   71.59802 -161.53708     41.506    -1.5413    -1.5399    -1.5421    32.5526    32.5636  1026.3857    26.1853    258.643    245.549  369.48390     70.001     66.466     0.0977     0.2381     2.6532     2.2983 3.1249e-01       3996     2.7743  0.000e+00
     41.077   71.59802 -161.53708     41.506    -1.5413    -1.5403    -1.5421    32.5526    32.5636  1026.3857    26.1853    258.867    245.357  369.48402     70.062     66.413     0.0977     0.2381     2.6532     2.2983 3.1492e-01       3997     2.7750  0.000e+00
     41.124   71.59802 -161.53708     41.552    -1.5411    -1.5404    -1.5419    32.5524    32.5634  1026.3858    26.1851    258.934    245.101  369.48281     70.080     66.343     0.0977     0.2381     2.6532     2.2983 3.1614e-01       3998     2.7757  0.000e+00
     41.077   71.59802 -161.53708     41.506    -1.5413    -1.5404    -1.5421    32.5526    32.5638  1026.3857    26.1853    258.950    245.531  369.48402     70.084     66.460     0.0989     0.2454     2.6532     2.2983 3.1614e-01       3999     2.7764  0.000e+00
     41.077   71.59802 -161.53708     41.506    -1.5414    -1.5403    -1.5421    32.5527    32.5636  1026.3857    26.1853    258.915    245.339  369.48441     70.075     66.408     0.0977     0.2381     2.6532     2.2983 3.1128e-01       4000     2.7771  0.000e+00
     41.077   71.59802 -161.53708     41.506    -1.5411    -1.5406    -1.5419    32.5524    32.5640  1026.3856    26.1851    258.720    245.576  369.48273     70.022     66.472     0.0989     0.2454     2.6532     2.2983 3.1007e-01       4001     2.7778  0.000e+00
     41.077   71.59802 -161.53708     41.506    -1.5411    -1.5404    -1.5419    32.5526    32.5637  1026.3857    26.1853    259.000    245.581  369.48222     70.098     66.473     0.0977     0.2381     2.6532     2.2983 3.0887e-01       4002     2.7785  0.000e+00
     41.124   71.59802 -161.53708     41.552    -1.5411    -1.5404    -1.5419    32.5522    32.5637  1026.3856    26.1849    258.764    245.390  369.48344     70.034     66.422     0.0977     0.2381     2.6532     2.2983 3.1007e-01       4003     2.7792  0.000e+00
     41.077   71.59802 -161.53708     41.506    -1.5414    -1.5406    -1.5421    32.5526    32.5640  1026.3857    26.1853    258.944    245.592  369.48454     70.082     66.476     0.0977     0.2381     2.6532     2.2983 3.1007e-01       4004     2.7799  0.000e+00
     41.077   71.59802 -161.53708     41.506    -1.5415    -1.5403    -1.5422    32.5528    32.5639  1026.3858    26.1854    258.654    245.398  369.48519     70.004     66.424     0.0977     0.2381     2.6545     2.2965 3.1007e-01       4005     2.7806  0.000e+00
     41.077   71.59802 -161.53708     41.506    -1.5413    -1.5399    -1.5421    32.5528    32.5638  1026.3859    26.1854    258.935    245.140  369.48339     70.080     66.355     0.0977     0.2381     2.6569     2.2928 3.1370e-01       4006     2.7813  0.000e+00
     41.077   71.59802 -161.53708     41.506    -1.5413    -1.5399    -1.5421    32.5529    32.5637  1026.3860    26.1855    259.009    245.541  369.48302     70.100     66.463     0.0977     0.2381     2.6569     2.2928 3.1614e-01       4007     2.7819  0.000e+00
     41.124   71.59802 -161.53708     41.552    -1.5411    -1.5400    -1.5419    32.5529    32.5638  1026.3862    26.1855    258.775    245.582  369.48142     70.037     66.474     0.0989     0.2454     2.6569     2.2928 3.1614e-01       4008     2.7826  0.000e+00
     41.077   71.59802 -161.53708     41.506    -1.5411    -1.5403    -1.5418    32.5529    32.5636  1026.3860    26.1855    258.957    245.359  369.48070     70.087     66.413     0.0977     0.2381     2.6569     2.2928 3.1736e-01       4009     2.7833  0.000e+00
     41.077   71.59802 -161.53708     41.506    -1.5410    -1.5404    -1.5418    32.5529    32.5636  1026.3860    26.1855    258.723    245.596  369.48018     70.023     66.477     0.0989     0.2454     2.6569     2.2928 3.1736e-01       4010     2.7840  0.000e+00
     41.077   71.59802 -161.53708     41.506    -1.5410    -1.5404    -1.5418    32.5531    32.5639  1026.3861    26.1857    259.010    245.634  369.47968     70.101     66.488     0.0977     0.2381     2.6569     2.2928 3.1614e-01       4011     2.7847  0.000e+00
     41.124   71.59802 -161.53708     41.552    -1.5411    -1.5403    -1.5419    32.5530    32.5638  1026.3863    26.1856    258.783    245.411  369.48105     70.040     66.428     0.0977     0.2381     2.6569     2.2928 3.1614e-01       4012     2.7854  0.000e+00
     41.016   71.59802 -161.53708     41.443    -1.5411    -1.5404    -1.5418    32.5530    32.5640  1026.3857    26.1856    258.968    245.644  369.48046     70.090     66.491     0.0977     0.2381     2.6569     2.2928 3.1370e-01       4013     2.7861  0.000e+00
     41.078   71.59802 -161.53708     41.506    -1.5408    -1.5404    -1.5416    32.5527    32.5641  1026.3858    26.1853    258.790    245.422  369.47914     70.042     66.430     0.0977     0.2381     2.6569     2.2928 3.1249e-01       4014     2.7868  0.000e+00
     41.132   71.59802 -161.53708     41.560    -1.5407    -1.5403    -1.5414    32.5526    32.5635  1026.3860    26.1853    259.033    245.626  369.47756     70.108     66.486     0.0977     0.2381     2.6569     2.2928 3.1249e-01       4015     2.7875  0.000e+00
     41.078   71.59802 -161.53708     41.506    -1.5408    -1.5405    -1.5416    32.5530    32.5637  1026.3860    26.1856    258.754    245.434  369.47826     70.032     66.433     0.0977     0.2381     2.6569     2.2928 3.1249e-01       4016     2.7882  0.000e+00
     41.070   71.59802 -161.53708     41.498    -1.5407    -1.5404    -1.5414    32.5528    32.5637  1026.3858    26.1854    258.996    245.177  369.47720     70.098     66.364     0.1026     0.2674     2.6569     2.2928 3.1370e-01       4017     2.7889  0.000e+00
     41.078   71.59802 -161.53708     41.506    -1.5410    -1.5407    -1.5417    32.5526    32.5642  1026.3857    26.1853    258.824    245.580  369.48042     70.051     66.473     0.1038     0.2747     2.6569     2.2928 3.1249e-01       4018     2.7896  0.000e+00
     41.078   71.59802 -161.53708     41.506    -1.5407    -1.5406    -1.5414    32.5527    32.5636  1026.3857    26.1853    259.068    245.389  369.47746     70.118     66.421     0.1050     0.2820     2.6569     2.2928 3.0887e-01       4019     2.7903  0.000e+00
     41.016   71.59802 -161.53708     41.443    -1.5410    -1.5406    -1.5418    32.5532    32.5640  1026.3859    26.1857    258.794    245.590  369.47944     70.043     66.476     0.1038     0.2747     2.6569     2.2928 3.0767e-01       4020     2.7910  0.000e+00
     41.132   71.59802 -161.53708     41.560    -1.5404    -1.5406    -1.5411    32.5524    32.5641  1026.3858    26.1851    259.042    245.403  369.47536     70.111     66.425     0.1050     0.2820     2.6569     2.2928 3.0887e-01       4021     2.7917  0.000e+00
     41.070   71.59802 -161.53708     41.498    -1.5406    -1.5406    -1.5414    32.5523    32.5634  1026.3854    26.1850    258.871    245.377  369.47794     70.064     66.418     0.1038     0.2747     2.6569     2.2928 3.1249e-01       4022     2.7924  0.000e+00
     41.016   71.59802 -161.53708     41.443    -1.5404    -1.5404    -1.5411    32.5526    32.5632  1026.3853    26.1852    258.807    245.612  369.47490     70.047     66.482     0.1038     0.2747     2.6569     2.2928 3.1492e-01       4023     2.7931  0.000e+00
     41.132   71.59802 -161.53708     41.560    -1.5407    -1.5407    -1.5414    32.5524    32.5642  1026.3858    26.1851    258.806    245.394  369.47832     70.046     66.422     0.1026     0.2674     2.6569     2.2928 3.1492e-01       4024     2.7938  0.000e+00
     41.078   71.59802 -161.53708     41.506    -1.5408    -1.5406    -1.5416    32.5522    32.5637  1026.3854    26.1849    258.851    245.366  369.48052     70.058     66.415     0.1038     0.2747     2.6520     2.3002 3.1614e-01       4025     2.7944  0.000e+00
     41.016   71.59802 -161.53708     41.443    -1.5411    -1.5407    -1.5419    32.5529    32.5639  1026.3856    26.1855    258.796    245.144  369.48136     70.043     66.355     0.1050     0.2820     2.6447     2.3112 3.1614e-01       4026     2.7951  0.000e+00
     41.124   71.59802 -161.53708     41.552    -1.5414    -1.5407    -1.5421    32.5525    32.5634  1026.3859    26.1852    259.008    245.323  369.48475     70.100     66.403     0.1038     0.2747     2.6422     2.3149 3.1614e-01       4027     2.7958  0.000e+00
     41.016   71.59802 -161.53708     41.443    -1.5413    -1.5407    -1.5421    32.5522    32.5641  1026.3851    26.1849    258.739    245.295  369.48517     70.027     66.396     0.1050     0.2820     2.6435     2.3131 3.1736e-01       4028     2.7965  0.000e+00
     41.078   71.59802 -161.53708     41.506    -1.5416    -1.5408    -1.5424    32.5530    32.5637  1026.3860    26.1856    258.893    245.309  369.48572     70.069     66.399     0.1038     0.2747     2.6435     2.3131 3.1736e-01       4029     2.7972  0.000e+00
     41.078   71.59802 -161.53708     41.506    -1.5416    -1.5407    -1.5424    32.5530    32.5638  1026.3860    26.1856    258.727    245.287  369.48585     70.024     66.393     0.1050     0.2820     2.6435     2.3131 3.1736e-01       4030     2.7979  0.000e+00
     41.078   71.59802 -161.53708     41.506    -1.5415    -1.5407    -1.5423    32.5529    32.5639  1026.3859    26.1855    259.189    245.265  369.48546     70.149     66.387     0.1038     0.2747     2.6435     2.3131 3.1614e-01       4031     2.7986  0.000e+00
     41.070   71.59802 -161.53708     41.498    -1.5413    -1.5405    -1.5421    32.5526    32.5637  1026.3857    26.1853    258.761    245.046  369.48401     70.033     66.328     0.1038     0.2747     2.6435     2.3131 3.1492e-01       4032     2.7993  0.000e+00
     41.078   71.59802 -161.53708     41.506    -1.5415    -1.5408    -1.5422    32.5530    32.5642  1026.3860    26.1856    258.755    245.227  369.48456     70.031     66.377     0.1026     0.2674     2.6435     2.3131 3.1492e-01       4033     2.8000  0.000e+00
     41.078   71.59802 -161.53708     41.506    -1.5413    -1.5404    -1.5421    32.5529    32.5635  1026.3860    26.1855    258.698    244.976  369.48302     70.016     66.310     0.1038     0.2747     2.6435     2.3131 3.1249e-01       4034     2.8007  0.000e+00
     41.078   71.59802 -161.53708     41.506    -1.5411    -1.5407    -1.5419    32.5525    32.5640  1026.3856    26.1852    258.693    245.158  369.48260     70.015     66.358     0.1050     0.2820     2.6435     2.3131 3.0767e-01       4035     2.8014  0.000e+00
     41.016   71.59802 -161.53708     41.443    -1.5414    -1.5406    -1.5421    32.5524    32.5638  1026.3853    26.1851    258.691    245.138  369.48506     70.014     66.353     0.1038     0.2747     2.6435     2.3131 3.0647e-01       4036     2.8021  0.000e+00
     41.078   71.59802 -161.53708     41.506    -1.5413    -1.5407    -1.5421    32.5525    32.5635  1026.3857    26.1852    258.641    244.928  369.48415     70.001     66.296     0.1050     0.2820     2.6435     2.3131 3.0887e-01       4037     2.8028  0.000e+00
     41.016   71.59802 -161.53708     41.443    -1.5413    -1.5406    -1.5421    32.5526    32.5632  1026.3854    26.1853    258.639    244.649  369.48391     70.000     66.221     0.1038     0.2747     2.6435     2.3131 3.1492e-01       4038     2.8035  0.000e+00
     41.078   71.59802 -161.53708     41.506    -1.5411    -1.5408    -1.5419    32.5524    32.5637  1026.3855    26.1851    258.642    244.839  369.48285     70.001     66.272     0.1038     0.2747     2.6435     2.3131 3.1736e-01       4039     2.8042  0.000e+00
     41.078   71.59802 -161.53708     41.506    -1.5411    -1.5409    -1.5418    32.5522    32.5639  1026.3854    26.1849    258.646    244.797  369.48284     70.002     66.260     0.1038     0.2747     2.6435     2.3131 3.1736e-01       4040     2.8049  0.000e+00
     41.016   71.59802 -161.53708     41.443    -1.5411    -1.5410    -1.5419    32.5526    32.5641  1026.3854    26.1853    258.961    245.019  369.48224     70.087     66.320     0.1038     0.2747     2.6435     2.3131 3.1982e-01       4041     2.8056  0.000e+00
     41.078   71.59802 -161.53708     41.506    -1.5410    -1.5407    -1.5418    32.5526    32.5636  1026.3857    26.1852    258.761    244.587  369.48119     70.034     66.204     0.1026     0.2674     2.6435     2.3131 3.1982e-01       4042     2.8062  0.000e+00
     41.016   71.59802 -161.53708     41.443    -1.5410    -1.5408    -1.5418    32.5527    32.5641  1026.3854    26.1853    258.924    244.781  369.48095     70.078     66.256     0.1026     0.2674     2.6435     2.3131 3.1982e-01       4043     2.8069  0.000e+00
     41.078   71.59802 -161.53708     41.506    -1.5410    -1.5407    -1.5418    32.5530    32.5635  1026.3860    26.1856    258.723    244.981  369.47993     70.023     66.310     0.1026     0.2674     2.6435     2.3131 3.1982e-01       4044     2.8076  0.000e+00
     41.016   71.59802 -161.53708     41.443    -1.5406    -1.5406    -1.5414    32.5527    32.5636  1026.3855    26.1854    258.933    244.781  369.47671     70.081     66.257     0.1013     0.2601     2.6459     2.3094 3.1982e-01       4045     2.8083  0.000e+00
