EcoFOCI/data/1_SampleCollection/2023_SikuliaqDBO_CruiseData/CTD_raw_BottleFile_SKQ23-12S/proc/skq202312s_034svp.cnv
* Sea-Bird SBE 9 Data File:
* FileName = D:\CTD\SKQ202312S\SKQ202312S_034.hex
* Software Version Seasave V 7.26.7.121
* Temperature SN = 6177
* Conductivity SN = 0369
* Number of Bytes Per Scan = 41
* Number of Voltage Words = 4
* Number of Scans Averaged by the Deck Unit = 1
* NMEA Latitude = 71 37.15 N
* NMEA Longitude = 157 55.43 W
* NMEA UTC (Time) = Sep 21 2023  16:36:56
* NMEA baud rate = 4800
** Ship: R/V Sikuliaq
** Station Number: 034
** Station Name: DBO5.10
** Bottom Depth: 62
** Operator: SD
# nquan = 7
# nvalues = 4950                                  
# units = specified
# name 0 = depSM: Depth [salt water, m]
# name 1 = latitude: Latitude [deg]
# name 2 = longitude: Longitude [deg]
# name 3 = t090C: Temperature [ITS-90, deg C]
# name 4 = sal00: Salinity, Practical [PSU]
# name 5 = svCM: Sound Velocity [Chen-Millero, m/s]
# name 6 = flag:  0.000e+00
# span 0 =      3.478,     56.893                 
# span 1 =   71.61914,   71.61918                 
# span 2 = -157.92404, -157.92392                 
# span 3 =    -1.6923,     2.3246                 
# span 4 =    29.6606,    32.9205                 
# span 5 =    1438.80,    1452.68                 
# span 6 = 0.0000e+00, 0.0000e+00                 
# interval = seconds: 0.0416667
# start_time = Sep 21 2023 16:38:35 [NMEA time, first data scan]
# bad_flag = -9.990e-29
*END*
[from data line 4103]
     52.317   71.61916 -157.92398    -1.5595    32.7880    1439.70  0.000e+00
     52.317   71.61916 -157.92398    -1.5598    32.7886    1439.70  0.000e+00
     52.255   71.61916 -157.92398    -1.5601    32.7896    1439.69  0.000e+00
     52.317   71.61916 -157.92398    -1.5604    32.7903    1439.70  0.000e+00
     52.317   71.61916 -157.92398    -1.5606    32.7904    1439.69  0.000e+00
     52.371   71.61916 -157.92398    -1.5609    32.7909    1439.69  0.000e+00
     52.371   71.61916 -157.92398    -1.5609    32.7914    1439.70  0.000e+00
     52.371   71.61916 -157.92398    -1.5610    32.7919    1439.70  0.000e+00
     52.317   71.61916 -157.92398    -1.5610    32.7920    1439.69  0.000e+00
     52.487   71.61916 -157.92398    -1.5609    32.7920    1439.70  0.000e+00
     52.433   71.61916 -157.92398    -1.5613    32.7929    1439.70  0.000e+00
     52.487   71.61916 -157.92398    -1.5617    32.7935    1439.70  0.000e+00
     52.433   71.61916 -157.92398    -1.5614    32.7934    1439.70  0.000e+00
     52.487   71.61916 -157.92398    -1.5617    32.7939    1439.70  0.000e+00
     52.487   71.61916 -157.92398    -1.5617    32.7938    1439.70  0.000e+00
     52.487   71.61916 -157.92398    -1.5618    32.7942    1439.70  0.000e+00
     52.541   71.61916 -157.92398    -1.5617    32.7941    1439.70  0.000e+00
     52.541   71.61916 -157.92398    -1.5619    32.7941    1439.70  0.000e+00
     52.541   71.61916 -157.92398    -1.5619    32.7947    1439.70  0.000e+00
     52.541   71.61916 -157.92398    -1.5621    32.7949    1439.70  0.000e+00
     52.602   71.61916 -157.92398    -1.5623    32.7950    1439.70  0.000e+00
     52.602   71.61916 -157.92398    -1.5619    32.7948    1439.70  0.000e+00
     52.656   71.61916 -157.92398    -1.5625    32.7956    1439.70  0.000e+00
     52.602   71.61916 -157.92398    -1.5624    32.7953    1439.70  0.000e+00
     52.656   71.61916 -157.92398    -1.5626    32.7955    1439.70  0.000e+00
     52.718   71.61916 -157.92398    -1.5626    32.7955    1439.70  0.000e+00
     52.656   71.61916 -157.92398    -1.5627    32.7955    1439.70  0.000e+00
     52.718   71.61916 -157.92398    -1.5626    32.7950    1439.70  0.000e+00
     52.772   71.61916 -157.92398    -1.5626    32.7952    1439.70  0.000e+00
     52.772   71.61916 -157.92398    -1.5630    32.7957    1439.70  0.000e+00
     52.772   71.61916 -157.92398    -1.5630    32.7959    1439.70  0.000e+00
     52.834   71.61916 -157.92398    -1.5630    32.7957    1439.70  0.000e+00
     52.772   71.61916 -157.92398    -1.5630    32.7957    1439.70  0.000e+00
     52.888   71.61916 -157.92398    -1.5632    32.7958    1439.70  0.000e+00
     52.888   71.61916 -157.92398    -1.5632    32.7958    1439.70  0.000e+00
     52.888   71.61916 -157.92398    -1.5635    32.7965    1439.70  0.000e+00
     52.888   71.61916 -157.92398    -1.5635    32.7963    1439.70  0.000e+00
     52.888   71.61916 -157.92398    -1.5636    32.7965    1439.70  0.000e+00
     52.942   71.61916 -157.92398    -1.5638    32.7967    1439.70  0.000e+00
     53.003   71.61916 -157.92398    -1.5643    32.7970    1439.70  0.000e+00
     52.942   71.61916 -157.92398    -1.5644    32.7971    1439.70  0.000e+00
     53.003   71.61916 -157.92398    -1.5646    32.7972    1439.70  0.000e+00
     53.003   71.61916 -157.92398    -1.5650    32.7977    1439.69  0.000e+00
     53.057   71.61916 -157.92398    -1.5655    32.7973    1439.69  0.000e+00
     53.057   71.61916 -157.92398    -1.5659    32.7976    1439.69  0.000e+00
     53.057   71.61916 -157.92398    -1.5671    32.7978    1439.69  0.000e+00
     53.119   71.61916 -157.92398    -1.5685    32.7980    1439.68  0.000e+00
     53.119   71.61916 -157.92398    -1.5699    32.7979    1439.67  0.000e+00
     53.119   71.61916 -157.92398    -1.5708    32.7981    1439.67  0.000e+00
     53.173   71.61916 -157.92398    -1.5717    32.7985    1439.67  0.000e+00
     53.173   71.61916 -157.92398    -1.5727    32.7994    1439.66  0.000e+00
     53.173   71.61916 -157.92398    -1.5731    32.7994    1439.66  0.000e+00
     53.173   71.61916 -157.92398    -1.5737    32.7999    1439.66  0.000e+00
     53.235   71.61916 -157.92398    -1.5746    32.8005    1439.66  0.000e+00
     53.235   71.61916 -157.92398    -1.5768    32.8027    1439.65  0.000e+00
     53.235   71.61916 -157.92398    -1.5797    32.8059    1439.64  0.000e+00
     53.289   71.61916 -157.92398    -1.5821    32.8086    1439.63  0.000e+00
     53.289   71.61916 -157.92398    -1.5841    32.8106    1439.62  0.000e+00
     53.289   71.61916 -157.92398    -1.5870    32.8132    1439.61  0.000e+00
     53.343   71.61916 -157.92398    -1.5896    32.8163    1439.61  0.000e+00
     53.289   71.61916 -157.92398    -1.5916    32.8180    1439.60  0.000e+00
     53.343   71.61916 -157.92398    -1.5933    32.8201    1439.59  0.000e+00
     53.343   71.61916 -157.92398    -1.5946    32.8213    1439.59  0.000e+00
     53.342   71.61916 -157.92398    -1.5959    32.8226    1439.59  0.000e+00
     53.404   71.61916 -157.92398    -1.5959    32.8223    1439.59  0.000e+00
     53.404   71.61916 -157.92398    -1.5971    32.8238    1439.58  0.000e+00
     53.404   71.61916 -157.92398    -1.5982    32.8248    1439.58  0.000e+00
     53.342   71.61916 -157.92398    -1.5997    32.8269    1439.57  0.000e+00
     53.458   71.61916 -157.92398    -1.6012    32.8284    1439.57  0.000e+00
     53.404   71.61916 -157.92398    -1.6031    32.8305    1439.56  0.000e+00
     53.458   71.61916 -157.92398    -1.6049    32.8326    1439.56  0.000e+00
     53.404   71.61916 -157.92398    -1.6069    32.8347    1439.55  0.000e+00
     53.458   71.61916 -157.92398    -1.6092    32.8376    1439.54  0.000e+00
     53.458   71.61916 -157.92398    -1.6107    32.8390    1439.54  0.000e+00
     53.458   71.61916 -157.92398    -1.6127    32.8411    1439.53  0.000e+00
     53.458   71.61916 -157.92398    -1.6153    32.8446    1439.52  0.000e+00
     53.458   71.61916 -157.92398    -1.6184    32.8477    1439.51  0.000e+00
     53.458   71.61916 -157.92398    -1.6206    32.8501    1439.51  0.000e+00
     53.520   71.61916 -157.92398    -1.6214    32.8509    1439.50  0.000e+00
     53.458   71.61916 -157.92398    -1.6212    32.8508    1439.50  0.000e+00
     53.458   71.61916 -157.92398    -1.6185    32.8475    1439.51  0.000e+00
     53.520   71.61916 -157.92398    -1.6154    32.8433    1439.52  0.000e+00
     53.458   71.61916 -157.92398    -1.6132    32.8411    1439.53  0.000e+00
     53.520   71.61916 -157.92398    -1.6115    32.8394    1439.54  0.000e+00
     53.458   71.61916 -157.92398    -1.6101    32.8379    1439.54  0.000e+00
     53.458   71.61916 -157.92398    -1.6076    32.8349    1439.55  0.000e+00
     53.520   71.61916 -157.92398    -1.6050    32.8322    1439.56  0.000e+00
     53.458   71.61916 -157.92398    -1.6012    32.8281    1439.57  0.000e+00
     53.520   71.61916 -157.92398    -1.5960    32.8227    1439.59  0.000e+00
     53.458   71.61916 -157.92398    -1.5913    32.8181    1439.60  0.000e+00
     53.458   71.61916 -157.92398    -1.5880    32.8153    1439.62  0.000e+00
     53.520   71.61916 -157.92398    -1.5846    32.8122    1439.63  0.000e+00
     53.458   71.61916 -157.92398    -1.5826    32.8101    1439.63  0.000e+00
     53.458   71.61916 -157.92398    -1.5807    32.8084    1439.64  0.000e+00
     53.458   71.61916 -157.92398    -1.5782    32.8067    1439.65  0.000e+00
     53.458   71.61916 -157.92398    -1.5759    32.8047    1439.66  0.000e+00
     53.458   71.61916 -157.92398    -1.5737    32.8026    1439.67  0.000e+00
     53.458   71.61916 -157.92398    -1.5724    32.8016    1439.67  0.000e+00
     53.458   71.61916 -157.92398    -1.5708    32.8002    1439.68  0.000e+00
     53.404   71.61916 -157.92398    -1.5696    32.7993    1439.68  0.000e+00
     53.458   71.61916 -157.92398    -1.5685    32.7983    1439.69  0.000e+00
     53.404   71.61916 -157.92398    -1.5675    32.7975    1439.69  0.000e+00
     53.458   71.61916 -157.92398    -1.5666    32.7965    1439.69  0.000e+00
     53.404   71.61916 -157.92398    -1.5658    32.7957    1439.69  0.000e+00
     53.458   71.61916 -157.92398    -1.5653    32.7954    1439.70  0.000e+00
     53.404   71.61916 -157.92398    -1.5644    32.7943    1439.70  0.000e+00
     53.404   71.61916 -157.92398    -1.5641    32.7940    1439.70  0.000e+00
     53.404   71.61916 -157.92398    -1.5636    32.7938    1439.70  0.000e+00
     53.458   71.61916 -157.92398    -1.5633    32.7931    1439.70  0.000e+00
     53.342   71.61916 -157.92398    -1.5632    32.7932    1439.70  0.000e+00
     53.458   71.61916 -157.92398    -1.5632    32.7933    1439.70  0.000e+00
     53.342   71.61916 -157.92400    -1.5630    32.7931    1439.70  0.000e+00
     53.404   71.61916 -157.92400    -1.5635    32.7937    1439.70  0.000e+00
     53.404   71.61916 -157.92400    -1.5635    32.7938    1439.70  0.000e+00
     53.404   71.61916 -157.92400    -1.5638    32.7939    1439.70  0.000e+00
     53.342   71.61916 -157.92400    -1.5641    32.7943    1439.70  0.000e+00
     53.404   71.61916 -157.92400    -1.5643    32.7942    1439.70  0.000e+00
     53.404   71.61916 -157.92400    -1.5647    32.7950    1439.70  0.000e+00
     53.342   71.61916 -157.92400    -1.5649    32.7954    1439.70  0.000e+00
     53.404   71.61916 -157.92400    -1.5650    32.7950    1439.70  0.000e+00
     53.404   71.61916 -157.92400    -1.5655    32.7952    1439.70  0.000e+00
     53.404   71.61916 -157.92400    -1.5656    32.7956    1439.70  0.000e+00
     53.342   71.61916 -157.92400    -1.5656    32.7958    1439.69  0.000e+00
     53.404   71.61916 -157.92400    -1.5655    32.7959    1439.70  0.000e+00
     53.404   71.61916 -157.92400    -1.5656    32.7957    1439.70  0.000e+00
     53.404   71.61916 -157.92400    -1.5656    32.7958    1439.70  0.000e+00
     53.403   71.61916 -157.92400    -1.5655    32.7956    1439.70  0.000e+00
     53.403   71.61916 -157.92400    -1.5655    32.7957    1439.70  0.000e+00
     53.457   71.61916 -157.92400    -1.5655    32.7956    1439.70  0.000e+00
     53.403   71.61916 -157.92400    -1.5658    32.7960    1439.69  0.000e+00
     53.403   71.61916 -157.92400    -1.5662    32.7962    1439.69  0.000e+00
     53.457   71.61916 -157.92400    -1.5659    32.7956    1439.69  0.000e+00
     53.457   71.61916 -157.92400    -1.5666    32.7960    1439.69  0.000e+00
     53.457   71.61916 -157.92400    -1.5672    32.7962    1439.69  0.000e+00
     53.457   71.61916 -157.92400    -1.5682    32.7968    1439.69  0.000e+00
     53.457   71.61916 -157.92400    -1.5692    32.7977    1439.68  0.000e+00
     53.519   71.61916 -157.92400    -1.5693    32.7978    1439.68  0.000e+00
     53.457   71.61916 -157.92400    -1.5692    32.7981    1439.68  0.000e+00
     53.573   71.61916 -157.92400    -1.5689    32.7985    1439.69  0.000e+00
     53.519   71.61916 -157.92400    -1.5685    32.7974    1439.69  0.000e+00
     53.519   71.61916 -157.92400    -1.5684    32.7973    1439.69  0.000e+00
     53.573   71.61916 -157.92400    -1.5684    32.7978    1439.69  0.000e+00
     53.635   71.61916 -157.92400    -1.5684    32.7974    1439.69  0.000e+00
     53.573   71.61916 -157.92400    -1.5696    32.7991    1439.68  0.000e+00
     53.635   71.61916 -157.92400    -1.5724    32.8022    1439.68  0.000e+00
     53.689   71.61916 -157.92400    -1.5745    32.8041    1439.67  0.000e+00
     53.635   71.61916 -157.92400    -1.5790    32.8089    1439.65  0.000e+00
     53.743   71.61916 -157.92400    -1.5854    32.8153    1439.63  0.000e+00
     53.689   71.61916 -157.92400    -1.5925    32.8227    1439.61  0.000e+00
     53.743   71.61916 -157.92400    -1.5998    32.8298    1439.58  0.000e+00
     53.804   71.61916 -157.92400    -1.6057    32.8360    1439.56  0.000e+00
     53.743   71.61916 -157.92400    -1.6084    32.8388    1439.55  0.000e+00
     53.858   71.61916 -157.92400    -1.6089    32.8390    1439.55  0.000e+00
     53.858   71.61916 -157.92400    -1.6058    32.8353    1439.56  0.000e+00
     53.858   71.61916 -157.92400    -1.6011    32.8301    1439.58  0.000e+00
     53.920   71.61916 -157.92400    -1.5974    32.8257    1439.59  0.000e+00
     53.974   71.61916 -157.92400    -1.5948    32.8231    1439.60  0.000e+00
     53.920   71.61916 -157.92400    -1.5918    32.8202    1439.61  0.000e+00
     54.036   71.61916 -157.92400    -1.5916    32.8200    1439.61  0.000e+00
     54.036   71.61916 -157.92400    -1.6002    32.8295    1439.59  0.000e+00
     54.090   71.61916 -157.92400    -1.6128    32.8436    1439.55  0.000e+00
     54.090   71.61916 -157.92400    -1.6244    32.8559    1439.51  0.000e+00
     54.144   71.61916 -157.92400    -1.6345    32.8668    1439.47  0.000e+00
     54.144   71.61916 -157.92400    -1.6431    32.8758    1439.44  0.000e+00
     54.205   71.61916 -157.92400    -1.6510    32.8846    1439.42  0.000e+00
     54.259   71.61916 -157.92400    -1.6573    32.8912    1439.40  0.000e+00
     54.321   71.61916 -157.92400    -1.6621    32.8959    1439.38  0.000e+00
     54.321   71.61916 -157.92400    -1.6658    32.8996    1439.37  0.000e+00
     54.321   71.61916 -157.92400    -1.6682    32.9021    1439.36  0.000e+00
     54.437   71.61916 -157.92400    -1.6700    32.9032    1439.36  0.000e+00
     54.437   71.61916 -157.92400    -1.6711    32.9045    1439.35  0.000e+00
     54.437   71.61916 -157.92400    -1.6721    32.9049    1439.35  0.000e+00
     54.545   71.61916 -157.92400    -1.6722    32.9045    1439.35  0.000e+00
     54.545   71.61916 -157.92400    -1.6728    32.9052    1439.35  0.000e+00
     54.607   71.61916 -157.92400    -1.6736    32.9057    1439.35  0.000e+00
     54.607   71.61916 -157.92400    -1.6741    32.9065    1439.34  0.000e+00
     54.661   71.61916 -157.92400    -1.6752    32.9080    1439.34  0.000e+00
     54.722   71.61916 -157.92400    -1.6757    32.9088    1439.34  0.000e+00
     54.722   71.61916 -157.92400    -1.6763    32.9093    1439.34  0.000e+00
     54.776   71.61916 -157.92400    -1.6771    32.9101    1439.34  0.000e+00
     54.776   71.61916 -157.92400    -1.6774    32.9099    1439.34  0.000e+00
     54.838   71.61916 -157.92400    -1.6776    32.9098    1439.34  0.000e+00
     54.892   71.61916 -157.92400    -1.6780    32.9103    1439.34  0.000e+00
     54.892   71.61916 -157.92400    -1.6785    32.9107    1439.33  0.000e+00
     54.946   71.61916 -157.92400    -1.6789    32.9108    1439.33  0.000e+00
     55.008   71.61916 -157.92400    -1.6793    32.9112    1439.33  0.000e+00
     54.946   71.61916 -157.92400    -1.6792    32.9112    1439.33  0.000e+00
     55.062   71.61916 -157.92400    -1.6792    32.9112    1439.33  0.000e+00
     55.062   71.61916 -157.92400    -1.6793    32.9110    1439.33  0.000e+00
     55.062   71.61916 -157.92400    -1.6795    32.9113    1439.33  0.000e+00
     55.123   71.61916 -157.92400    -1.6801    32.9118    1439.33  0.000e+00
     55.177   71.61916 -157.92400    -1.6812    32.9122    1439.33  0.000e+00
     55.177   71.61916 -157.92400    -1.6821    32.9134    1439.33  0.000e+00
     55.177   71.61916 -157.92400    -1.6827    32.9145    1439.32  0.000e+00
     55.239   71.61916 -157.92400    -1.6831    32.9146    1439.32  0.000e+00
     55.239   71.61916 -157.92400    -1.6831    32.9145    1439.32  0.000e+00
     55.293   71.61916 -157.92400    -1.6831    32.9140    1439.32  0.000e+00
     55.239   71.61916 -157.92400    -1.6838    32.9152    1439.32  0.000e+00
     55.347   71.61916 -157.92400    -1.6840    32.9151    1439.32  0.000e+00
     55.293   71.61916 -157.92400    -1.6838    32.9144    1439.32  0.000e+00
     55.347   71.61916 -157.92400    -1.6831    32.9135    1439.32  0.000e+00
     55.347   71.61916 -157.92400    -1.6833    32.9137    1439.32  0.000e+00
     55.347   71.61916 -157.92400    -1.6833    32.9139    1439.32  0.000e+00
     55.293   71.61916 -157.92400    -1.6833    32.9140    1439.32  0.000e+00
