EcoFOCI/data/1_SampleCollection/2023_SikuliaqDBO_CruiseData/CTD_raw_BottleFile_SKQ23-12S/proc/skq202312s_056svp.cnv
* Sea-Bird SBE 9 Data File:
* FileName = D:\CTD\SKQ202312S\SKQ202312S_056.hex
* Software Version Seasave V 7.26.7.121
* Temperature SN = 6177
* Conductivity SN = 0369
* Number of Bytes Per Scan = 41
* Number of Voltage Words = 4
* Number of Scans Averaged by the Deck Unit = 1
* NMEA Latitude = 71 11.69 N
* NMEA Longitude = 164 11.92 W
* NMEA UTC (Time) = Sep 27 2023  06:41:16
* NMEA baud rate = 4800
** Ship: R/V Sikuliaq
** Station Number: 056
** Station Name: IC6
** Bottom Depth: 44
** Operator: SD
# nquan = 7
# nvalues = 3968                                  
# units = specified
# name 0 = depSM: Depth [salt water, m]
# name 1 = latitude: Latitude [deg]
# name 2 = longitude: Longitude [deg]
# name 3 = t090C: Temperature [ITS-90, deg C]
# name 4 = sal00: Salinity, Practical [PSU]
# name 5 = svCM: Sound Velocity [Chen-Millero, m/s]
# name 6 = flag:  0.000e+00
# span 0 =      2.089,     38.866                 
# span 1 =   71.19488,   71.19490                 
# span 2 = -164.19864, -164.19862                 
# span 3 =    -0.8832,     4.6042                 
# span 4 =    30.9011,    32.4079                 
# span 5 =    1442.06,    1464.71                 
# span 6 = 0.0000e+00, 0.0000e+00                 
# interval = seconds: 0.0416667
# start_time = Sep 27 2023 06:45:52 [NMEA time, first data scan]
# bad_flag = -9.990e-29
*END*
[from data line 2872]
     32.708   71.19488 -164.19864    -0.8770    32.3779    1442.07  0.000e+00
     32.692   71.19488 -164.19864    -0.8768    32.3784    1442.07  0.000e+00
     32.708   71.19488 -164.19864    -0.8759    32.3780    1442.07  0.000e+00
     32.692   71.19488 -164.19864    -0.8753    32.3773    1442.08  0.000e+00
     32.708   71.19488 -164.19864    -0.8748    32.3765    1442.08  0.000e+00
     32.762   71.19488 -164.19864    -0.8751    32.3762    1442.08  0.000e+00
     32.692   71.19488 -164.19864    -0.8757    32.3765    1442.07  0.000e+00
     32.762   71.19488 -164.19864    -0.8762    32.3767    1442.07  0.000e+00
     32.746   71.19488 -164.19864    -0.8767    32.3774    1442.07  0.000e+00
     32.762   71.19488 -164.19864    -0.8773    32.3774    1442.07  0.000e+00
     32.746   71.19488 -164.19864    -0.8774    32.3775    1442.07  0.000e+00
     32.815   71.19488 -164.19864    -0.8774    32.3779    1442.07  0.000e+00
     32.761   71.19488 -164.19864    -0.8774    32.3774    1442.07  0.000e+00
     32.808   71.19488 -164.19864    -0.8774    32.3771    1442.07  0.000e+00
     32.877   71.19488 -164.19864    -0.8777    32.3774    1442.07  0.000e+00
     32.862   71.19488 -164.19864    -0.8781    32.3780    1442.07  0.000e+00
     32.877   71.19488 -164.19864    -0.8779    32.3778    1442.07  0.000e+00
     32.877   71.19488 -164.19864    -0.8779    32.3778    1442.07  0.000e+00
     32.862   71.19488 -164.19864    -0.8779    32.3781    1442.07  0.000e+00
     32.931   71.19488 -164.19864    -0.8774    32.3771    1442.07  0.000e+00
     32.923   71.19488 -164.19864    -0.8775    32.3774    1442.07  0.000e+00
     32.877   71.19488 -164.19864    -0.8777    32.3776    1442.07  0.000e+00
     32.931   71.19488 -164.19864    -0.8779    32.3782    1442.07  0.000e+00
     32.923   71.19488 -164.19864    -0.8781    32.3784    1442.07  0.000e+00
     32.931   71.19488 -164.19864    -0.8781    32.3786    1442.07  0.000e+00
     32.977   71.19488 -164.19864    -0.8779    32.3782    1442.07  0.000e+00
     32.931   71.19488 -164.19864    -0.8777    32.3776    1442.07  0.000e+00
     32.977   71.19488 -164.19864    -0.8778    32.3779    1442.07  0.000e+00
     32.993   71.19488 -164.19864    -0.8773    32.3776    1442.07  0.000e+00
     33.046   71.19488 -164.19864    -0.8766    32.3766    1442.07  0.000e+00
     32.977   71.19488 -164.19864    -0.8760    32.3756    1442.07  0.000e+00
     33.108   71.19488 -164.19864    -0.8762    32.3754    1442.08  0.000e+00
     33.031   71.19488 -164.19864    -0.8763    32.3755    1442.07  0.000e+00
     33.046   71.19488 -164.19864    -0.8766    32.3760    1442.07  0.000e+00
     33.046   71.19488 -164.19864    -0.8774    32.3775    1442.07  0.000e+00
     33.093   71.19488 -164.19864    -0.8775    32.3788    1442.07  0.000e+00
     33.046   71.19488 -164.19864    -0.8775    32.3785    1442.07  0.000e+00
     33.093   71.19488 -164.19864    -0.8771    32.3775    1442.07  0.000e+00
     33.046   71.19488 -164.19864    -0.8770    32.3774    1442.07  0.000e+00
     33.108   71.19488 -164.19864    -0.8762    32.3770    1442.08  0.000e+00
     33.093   71.19488 -164.19864    -0.8754    32.3754    1442.08  0.000e+00
     33.108   71.19488 -164.19864    -0.8753    32.3753    1442.08  0.000e+00
     33.146   71.19488 -164.19864    -0.8760    32.3770    1442.08  0.000e+00
     33.162   71.19488 -164.19864    -0.8766    32.3787    1442.08  0.000e+00
     33.146   71.19488 -164.19864    -0.8766    32.3779    1442.08  0.000e+00
     33.108   71.19488 -164.19864    -0.8774    32.3778    1442.07  0.000e+00
     33.162   71.19488 -164.19864    -0.8779    32.3769    1442.07  0.000e+00
     33.208   71.19488 -164.19864    -0.8790    32.3782    1442.07  0.000e+00
     33.162   71.19488 -164.19864    -0.8794    32.3792    1442.07  0.000e+00
     33.146   71.19488 -164.19864    -0.8794    32.3818    1442.07  0.000e+00
     33.216   71.19488 -164.19864    -0.8791    32.3831    1442.07  0.000e+00
     33.162   71.19488 -164.19864    -0.8783    32.3858    1442.08  0.000e+00
     33.208   71.19488 -164.19864    -0.8781    32.3896    1442.09  0.000e+00
     33.162   71.19488 -164.19864    -0.8779    32.3922    1442.09  0.000e+00
     33.208   71.19488 -164.19864    -0.8742    32.3885    1442.10  0.000e+00
     33.162   71.19488 -164.19864    -0.8698    32.3816    1442.11  0.000e+00
     33.216   71.19488 -164.19864    -0.8667    32.3737    1442.12  0.000e+00
     33.208   71.19488 -164.19864    -0.8676    32.3716    1442.11  0.000e+00
     33.216   71.19488 -164.19864    -0.8695    32.3732    1442.11  0.000e+00
     33.262   71.19488 -164.19864    -0.8706    32.3787    1442.11  0.000e+00
     33.277   71.19488 -164.19864    -0.8725    32.3896    1442.11  0.000e+00
     33.215   71.19488 -164.19864    -0.8648    32.3951    1442.16  0.000e+00
     33.262   71.19488 -164.19864    -0.8387    32.3813    1442.26  0.000e+00
     33.277   71.19488 -164.19864    -0.8203    32.3775    1442.34  0.000e+00
     33.262   71.19488 -164.19864    -0.8029    32.3733    1442.42  0.000e+00
     33.277   71.19488 -164.19864    -0.7923    32.3739    1442.47  0.000e+00
     33.277   71.19488 -164.19864    -0.7989    32.3911    1442.46  0.000e+00
     33.208   71.19488 -164.19864    -0.8140    32.4079    1442.41  0.000e+00
     33.277   71.19488 -164.19864    -0.8207    32.3989    1442.37  0.000e+00
     33.262   71.19488 -164.19864    -0.8046    32.3594    1442.39  0.000e+00
     33.277   71.19488 -164.19864    -0.8037    32.3390    1442.37  0.000e+00
     33.277   71.19488 -164.19864    -0.8109    32.3331    1442.33  0.000e+00
     33.262   71.19488 -164.19864    -0.8240    32.3412    1442.28  0.000e+00
     33.331   71.19488 -164.19864    -0.8378    32.3502    1442.23  0.000e+00
     33.261   71.19488 -164.19864    -0.8470    32.3551    1442.19  0.000e+00
     33.331   71.19488 -164.19864    -0.8545    32.3603    1442.16  0.000e+00
     33.207   71.19488 -164.19864    -0.8615    32.3651    1442.13  0.000e+00
     33.447   71.19488 -164.19864    -0.8664    32.3696    1442.12  0.000e+00
     33.277   71.19488 -164.19864    -0.8695    32.3723    1442.11  0.000e+00
     33.377   71.19488 -164.19864    -0.8719    32.3742    1442.10  0.000e+00
     33.331   71.19488 -164.19864    -0.8728    32.3753    1442.09  0.000e+00
     33.323   71.19488 -164.19864    -0.8733    32.3776    1442.10  0.000e+00
     33.331   71.19488 -164.19864    -0.8736    32.3817    1442.10  0.000e+00
     33.331   71.19488 -164.19864    -0.8731    32.3851    1442.11  0.000e+00
     33.377   71.19488 -164.19864    -0.8713    32.3858    1442.12  0.000e+00
     33.331   71.19488 -164.19864    -0.8691    32.3862    1442.13  0.000e+00
     33.377   71.19488 -164.19864    -0.8656    32.3857    1442.14  0.000e+00
     33.331   71.19488 -164.19864    -0.8602    32.3860    1442.17  0.000e+00
     33.331   71.19488 -164.19864    -0.8541    32.3874    1442.20  0.000e+00
     33.377   71.19488 -164.19864    -0.8481    32.3865    1442.23  0.000e+00
     33.392   71.19488 -164.19864    -0.8432    32.3812    1442.24  0.000e+00
     33.431   71.19488 -164.19864    -0.8421    32.3773    1442.24  0.000e+00
     33.392   71.19488 -164.19864    -0.8457    32.3768    1442.23  0.000e+00
     33.446   71.19488 -164.19864    -0.8502    32.3769    1442.21  0.000e+00
     33.377   71.19488 -164.19864    -0.8518    32.3761    1442.20  0.000e+00
     33.446   71.19488 -164.19864    -0.8498    32.3731    1442.20  0.000e+00
     33.431   71.19488 -164.19864    -0.8479    32.3714    1442.21  0.000e+00
     33.392   71.19488 -164.19864    -0.8497    32.3733    1442.20  0.000e+00
     33.392   71.19488 -164.19864    -0.8529    32.3788    1442.19  0.000e+00
     33.431   71.19488 -164.19864    -0.8484    32.3766    1442.21  0.000e+00
     33.392   71.19488 -164.19864    -0.8438    32.3713    1442.23  0.000e+00
     33.431   71.19488 -164.19864    -0.8456    32.3722    1442.22  0.000e+00
     33.446   71.19488 -164.19864    -0.8493    32.3750    1442.21  0.000e+00
     33.392   71.19488 -164.19864    -0.8498    32.3738    1442.20  0.000e+00
     33.492   71.19488 -164.19864    -0.8520    32.3724    1442.19  0.000e+00
     33.392   71.19488 -164.19864    -0.8567    32.3747    1442.17  0.000e+00
     33.430   71.19488 -164.19864    -0.8591    32.3780    1442.16  0.000e+00
     33.508   71.19488 -164.19864    -0.8587    32.3809    1442.17  0.000e+00
     33.446   71.19488 -164.19864    -0.8572    32.3810    1442.18  0.000e+00
     33.492   71.19488 -164.19864    -0.8571    32.3786    1442.18  0.000e+00
     33.446   71.19488 -164.19864    -0.8564    32.3756    1442.17  0.000e+00
     33.492   71.19488 -164.19864    -0.8547    32.3708    1442.18  0.000e+00
     33.446   71.19488 -164.19864    -0.8542    32.3661    1442.17  0.000e+00
     33.507   71.19488 -164.19864    -0.8553    32.3634    1442.16  0.000e+00
     33.492   71.19488 -164.19864    -0.8578    32.3639    1442.15  0.000e+00
     33.446   71.19488 -164.19864    -0.8613    32.3663    1442.14  0.000e+00
     33.492   71.19488 -164.19864    -0.8638    32.3685    1442.13  0.000e+00
     33.446   71.19488 -164.19864    -0.8662    32.3708    1442.12  0.000e+00
     33.507   71.19488 -164.19864    -0.8682    32.3712    1442.11  0.000e+00
     33.492   71.19488 -164.19864    -0.8702    32.3723    1442.11  0.000e+00
     33.507   71.19488 -164.19864    -0.8717    32.3733    1442.10  0.000e+00
     33.546   71.19488 -164.19864    -0.8732    32.3748    1442.10  0.000e+00
     33.507   71.19488 -164.19864    -0.8739    32.3758    1442.09  0.000e+00
     33.561   71.19488 -164.19864    -0.8740    32.3762    1442.09  0.000e+00
     33.546   71.19488 -164.19864    -0.8731    32.3759    1442.10  0.000e+00
     33.561   71.19488 -164.19864    -0.8713    32.3737    1442.10  0.000e+00
     33.546   71.19488 -164.19864    -0.8696    32.3716    1442.11  0.000e+00
     33.561   71.19488 -164.19864    -0.8690    32.3702    1442.11  0.000e+00
     33.561   71.19488 -164.19864    -0.8693    32.3686    1442.11  0.000e+00
     33.607   71.19488 -164.19864    -0.8700    32.3673    1442.10  0.000e+00
     33.561   71.19488 -164.19864    -0.8708    32.3674    1442.10  0.000e+00
     33.546   71.19488 -164.19864    -0.8716    32.3675    1442.09  0.000e+00
     33.615   71.19488 -164.19864    -0.8728    32.3679    1442.09  0.000e+00
     33.561   71.19488 -164.19864    -0.8742    32.3691    1442.08  0.000e+00
     33.607   71.19488 -164.19864    -0.8750    32.3697    1442.08  0.000e+00
     33.615   71.19488 -164.19864    -0.8755    32.3697    1442.08  0.000e+00
     33.607   71.19488 -164.19864    -0.8759    32.3697    1442.08  0.000e+00
     33.677   71.19488 -164.19864    -0.8760    32.3694    1442.08  0.000e+00
     33.615   71.19488 -164.19864    -0.8770    32.3704    1442.07  0.000e+00
     33.661   71.19488 -164.19864    -0.8774    32.3710    1442.07  0.000e+00
     33.677   71.19488 -164.19864    -0.8775    32.3713    1442.07  0.000e+00
     33.607   71.19488 -164.19864    -0.8781    32.3710    1442.07  0.000e+00
     33.676   71.19488 -164.19864    -0.8781    32.3708    1442.07  0.000e+00
     33.676   71.19488 -164.19864    -0.8781    32.3703    1442.07  0.000e+00
     33.661   71.19488 -164.19864    -0.8777    32.3700    1442.07  0.000e+00
     33.676   71.19488 -164.19864    -0.8779    32.3701    1442.07  0.000e+00
     33.661   71.19488 -164.19864    -0.8777    32.3700    1442.07  0.000e+00
     33.730   71.19488 -164.19864    -0.8782    32.3699    1442.07  0.000e+00
     33.676   71.19488 -164.19864    -0.8783    32.3705    1442.07  0.000e+00
     33.723   71.19488 -164.19864    -0.8785    32.3702    1442.07  0.000e+00
     33.730   71.19488 -164.19864    -0.8783    32.3703    1442.07  0.000e+00
     33.777   71.19488 -164.19864    -0.8783    32.3695    1442.07  0.000e+00
     33.730   71.19488 -164.19864    -0.8785    32.3701    1442.07  0.000e+00
     33.730   71.19488 -164.19864    -0.8783    32.3700    1442.07  0.000e+00
     33.722   71.19488 -164.19864    -0.8785    32.3698    1442.07  0.000e+00
     33.792   71.19488 -164.19864    -0.8786    32.3698    1442.07  0.000e+00
     33.792   71.19488 -164.19864    -0.8790    32.3703    1442.07  0.000e+00
     33.776   71.19488 -164.19864    -0.8791    32.3701    1442.07  0.000e+00
     33.792   71.19488 -164.19864    -0.8794    32.3704    1442.06  0.000e+00
     33.776   71.19488 -164.19864    -0.8793    32.3701    1442.06  0.000e+00
     33.846   71.19488 -164.19864    -0.8795    32.3704    1442.06  0.000e+00
     33.846   71.19488 -164.19864    -0.8795    32.3699    1442.06  0.000e+00
     33.830   71.19488 -164.19864    -0.8799    32.3704    1442.06  0.000e+00
     33.792   71.19488 -164.19864    -0.8799    32.3701    1442.06  0.000e+00
     33.776   71.19488 -164.19864    -0.8801    32.3701    1442.06  0.000e+00
     33.792   71.19488 -164.19864    -0.8801    32.3753    1442.07  0.000e+00
     33.792   71.19488 -164.19864    -0.8763    32.3850    1442.10  0.000e+00
     33.776   71.19488 -164.19864    -0.8668    32.3908    1442.15  0.000e+00
     33.730   71.19488 -164.19864    -0.8534    32.3896    1442.21  0.000e+00
     33.722   71.19488 -164.19864    -0.8410    32.3837    1442.26  0.000e+00
     33.730   71.19488 -164.19864    -0.8313    32.3746    1442.30  0.000e+00
     33.730   71.19488 -164.19864    -0.8260    32.3677    1442.31  0.000e+00
     33.722   71.19488 -164.19864    -0.8230    32.3629    1442.32  0.000e+00
     33.791   71.19488 -164.19864    -0.8235    32.3625    1442.32  0.000e+00
     33.776   71.19488 -164.19864    -0.8240    32.3614    1442.31  0.000e+00
     33.791   71.19488 -164.19864    -0.8272    32.3582    1442.29  0.000e+00
     33.791   71.19488 -164.19864    -0.8325    32.3556    1442.27  0.000e+00
     33.776   71.19488 -164.19864    -0.8370    32.3533    1442.24  0.000e+00
     33.791   71.19488 -164.19864    -0.8419    32.3552    1442.22  0.000e+00
     33.830   71.19488 -164.19864    -0.8450    32.3572    1442.21  0.000e+00
     33.730   71.19488 -164.19864    -0.8443    32.3573    1442.21  0.000e+00
     33.791   71.19488 -164.19864    -0.8430    32.3571    1442.22  0.000e+00
     33.776   71.19488 -164.19864    -0.8435    32.3592    1442.22  0.000e+00
     33.730   71.19488 -164.19864    -0.8430    32.3607    1442.22  0.000e+00
     33.776   71.19488 -164.19864    -0.8415    32.3602    1442.23  0.000e+00
     33.729   71.19488 -164.19864    -0.8414    32.3584    1442.23  0.000e+00
     33.729   71.19488 -164.19864    -0.8441    32.3585    1442.21  0.000e+00
     33.722   71.19488 -164.19864    -0.8464    32.3602    1442.21  0.000e+00
     33.791   71.19488 -164.19864    -0.8475    32.3615    1442.20  0.000e+00
     33.722   71.19488 -164.19864    -0.8470    32.3610    1442.20  0.000e+00
     33.729   71.19488 -164.19864    -0.8467    32.3603    1442.20  0.000e+00
     33.791   71.19488 -164.19864    -0.8472    32.3606    1442.20  0.000e+00
     33.776   71.19488 -164.19864    -0.8492    32.3632    1442.20  0.000e+00
     33.791   71.19488 -164.19864    -0.8501    32.3655    1442.20  0.000e+00
     33.729   71.19488 -164.19864    -0.8505    32.3666    1442.19  0.000e+00
     33.776   71.19488 -164.19864    -0.8505    32.3669    1442.20  0.000e+00
     33.729   71.19488 -164.19864    -0.8502    32.3684    1442.20  0.000e+00
     33.776   71.19488 -164.19864    -0.8476    32.3663    1442.21  0.000e+00
     33.729   71.19488 -164.19864    -0.8450    32.3628    1442.22  0.000e+00
     33.791   71.19488 -164.19864    -0.8469    32.3632    1442.21  0.000e+00
     33.775   71.19488 -164.19864    -0.8509    32.3669    1442.19  0.000e+00
     33.791   71.19488 -164.19864    -0.8496    32.3664    1442.20  0.000e+00
     33.721   71.19488 -164.19864    -0.8458    32.3641    1442.21  0.000e+00
     33.791   71.19488 -164.19864    -0.8423    32.3626    1442.23  0.000e+00
