EcoFOCI/data/1_SampleCollection/2023_SikuliaqDBO_CruiseData/CTD_raw_BottleFile_SKQ23-12S/proc/skq202312s_027svp.cnv
* Sea-Bird SBE 9 Data File:
* FileName = D:\CTD\SKQ202312S\SKQ202312S_027.hex
* Software Version Seasave V 7.26.7.121
* Temperature SN = 6177
* Conductivity SN = 0369
* Number of Bytes Per Scan = 41
* Number of Voltage Words = 4
* Number of Scans Averaged by the Deck Unit = 1
* NMEA Latitude = 71 19.80 N
* NMEA Longitude = 157 19.91 W
* NMEA UTC (Time) = Sep 21 2023  01:08:33
* NMEA baud rate = 4800
** Ship: R/V Sikuliaq
** Station Number: 027
** Station Name: DBO5.3
** Bottom Depth: 91
** Operator: SD
# nquan = 7
# nvalues = 6715                                  
# units = specified
# name 0 = depSM: Depth [salt water, m]
# name 1 = latitude: Latitude [deg]
# name 2 = longitude: Longitude [deg]
# name 3 = t090C: Temperature [ITS-90, deg C]
# name 4 = sal00: Salinity, Practical [PSU]
# name 5 = svCM: Sound Velocity [Chen-Millero, m/s]
# name 6 = flag:  0.000e+00
# span 0 =      2.076,     85.515                 
# span 1 =   71.32992,   71.33000                 
# span 2 = -157.33170, -157.33124                 
# span 3 =    -1.2074,     4.8666                 
# span 4 =    30.1071,    32.4541                 
# span 5 =    1441.46,    1464.52                 
# span 6 = 0.0000e+00, 0.0000e+00                 
# interval = seconds: 0.0416667
# start_time = Sep 21 2023 01:12:36 [NMEA time, first data scan]
# bad_flag = -9.990e-29
*END*
[from data line 4103]
     59.922   71.32996 -157.33150    -0.4077    32.2809    1444.59  0.000e+00
     59.976   71.32996 -157.33150    -0.4080    32.2806    1444.59  0.000e+00
     60.037   71.32996 -157.33150    -0.4080    32.2807    1444.59  0.000e+00
     60.030   71.32996 -157.33150    -0.4080    32.2810    1444.59  0.000e+00
     60.091   71.32996 -157.33150    -0.4081    32.2809    1444.59  0.000e+00
     60.091   71.32996 -157.33150    -0.4080    32.2808    1444.59  0.000e+00
     60.091   71.32996 -157.33150    -0.4081    32.2809    1444.59  0.000e+00
     60.145   71.32996 -157.33150    -0.4082    32.2807    1444.59  0.000e+00
     60.207   71.32996 -157.33150    -0.4085    32.2811    1444.59  0.000e+00
     60.199   71.32996 -157.33150    -0.4084    32.2811    1444.59  0.000e+00
     60.207   71.32996 -157.33150    -0.4085    32.2806    1444.59  0.000e+00
     60.261   71.32996 -157.33150    -0.4094    32.2798    1444.58  0.000e+00
     60.261   71.32996 -157.33150    -0.4109    32.2800    1444.58  0.000e+00
     60.323   71.32996 -157.33150    -0.4120    32.2802    1444.57  0.000e+00
     60.323   71.32996 -157.33150    -0.4128    32.2806    1444.57  0.000e+00
     60.369   71.32996 -157.33150    -0.4134    32.2809    1444.57  0.000e+00
     60.323   71.32996 -157.33150    -0.4137    32.2810    1444.57  0.000e+00
     60.438   71.32996 -157.33150    -0.4140    32.2816    1444.57  0.000e+00
     60.377   71.32996 -157.33150    -0.4142    32.2818    1444.56  0.000e+00
     60.438   71.32996 -157.33150    -0.4142    32.2819    1444.57  0.000e+00
     60.492   71.32996 -157.33150    -0.4140    32.2815    1444.57  0.000e+00
     60.438   71.32996 -157.33150    -0.4142    32.2823    1444.57  0.000e+00
     60.546   71.32996 -157.33150    -0.4139    32.2819    1444.57  0.000e+00
     60.492   71.32996 -157.33150    -0.4136    32.2816    1444.57  0.000e+00
     60.554   71.32996 -157.33150    -0.4142    32.2815    1444.57  0.000e+00
     60.554   71.32996 -157.33150    -0.4143    32.2812    1444.57  0.000e+00
     60.608   71.32996 -157.33150    -0.4145    32.2813    1444.57  0.000e+00
     60.608   71.32996 -157.33150    -0.4146    32.2812    1444.57  0.000e+00
     60.546   71.32996 -157.33150    -0.4148    32.2816    1444.56  0.000e+00
     60.662   71.32996 -157.33150    -0.4151    32.2813    1444.56  0.000e+00
     60.662   71.32996 -157.33150    -0.4155    32.2807    1444.56  0.000e+00
     60.662   71.32996 -157.33150    -0.4162    32.2817    1444.56  0.000e+00
     60.724   71.32996 -157.33150    -0.4165    32.2820    1444.56  0.000e+00
     60.662   71.32996 -157.33150    -0.4162    32.2816    1444.56  0.000e+00
     60.716   71.32996 -157.33150    -0.4160    32.2819    1444.56  0.000e+00
     60.724   71.32996 -157.33150    -0.4160    32.2818    1444.56  0.000e+00
     60.778   71.32996 -157.33150    -0.4160    32.2819    1444.56  0.000e+00
     60.778   71.32996 -157.33150    -0.4160    32.2817    1444.56  0.000e+00
     60.778   71.32996 -157.33150    -0.4160    32.2814    1444.56  0.000e+00
     60.778   71.32996 -157.33150    -0.4160    32.2814    1444.56  0.000e+00
     60.832   71.32996 -157.33150    -0.4166    32.2803    1444.56  0.000e+00
     60.839   71.32996 -157.33150    -0.4177    32.2796    1444.55  0.000e+00
     60.839   71.32996 -157.33150    -0.4195    32.2808    1444.55  0.000e+00
     60.839   71.32996 -157.33150    -0.4206    32.2823    1444.54  0.000e+00
     60.893   71.32996 -157.33150    -0.4210    32.2829    1444.54  0.000e+00
     60.778   71.32996 -157.33150    -0.4206    32.2830    1444.54  0.000e+00
     61.001   71.32996 -157.33150    -0.4206    32.2832    1444.55  0.000e+00
     60.893   71.32996 -157.33150    -0.4200    32.2825    1444.55  0.000e+00
     60.955   71.32996 -157.33150    -0.4198    32.2822    1444.55  0.000e+00
     60.893   71.32996 -157.33150    -0.4200    32.2820    1444.55  0.000e+00
     60.955   71.32996 -157.33148    -0.4205    32.2819    1444.54  0.000e+00
     61.001   71.32996 -157.33148    -0.4209    32.2820    1444.54  0.000e+00
     61.009   71.32996 -157.33148    -0.4213    32.2825    1444.54  0.000e+00
     61.009   71.32996 -157.33148    -0.4219    32.2826    1444.54  0.000e+00
     61.009   71.32996 -157.33148    -0.4220    32.2818    1444.54  0.000e+00
     61.009   71.32996 -157.33148    -0.4231    32.2819    1444.53  0.000e+00
     61.009   71.32996 -157.33148    -0.4240    32.2823    1444.53  0.000e+00
     61.063   71.32996 -157.33148    -0.4244    32.2825    1444.53  0.000e+00
     61.063   71.32996 -157.33148    -0.4249    32.2836    1444.53  0.000e+00
     61.063   71.32996 -157.33148    -0.4248    32.2838    1444.53  0.000e+00
     61.125   71.32996 -157.33148    -0.4245    32.2834    1444.53  0.000e+00
     61.125   71.32996 -157.33148    -0.4247    32.2830    1444.53  0.000e+00
     61.125   71.32996 -157.33148    -0.4253    32.2821    1444.53  0.000e+00
     61.117   71.32996 -157.33148    -0.4266    32.2823    1444.52  0.000e+00
     61.125   71.32996 -157.33148    -0.4274    32.2824    1444.52  0.000e+00
     61.179   71.32996 -157.33148    -0.4283    32.2827    1444.51  0.000e+00
     61.179   71.32996 -157.33148    -0.4292    32.2834    1444.51  0.000e+00
     61.179   71.32996 -157.33148    -0.4296    32.2839    1444.51  0.000e+00
     61.233   71.32996 -157.33148    -0.4302    32.2841    1444.51  0.000e+00
     61.179   71.32996 -157.33148    -0.4304    32.2842    1444.51  0.000e+00
     61.294   71.32996 -157.33148    -0.4305    32.2845    1444.51  0.000e+00
     61.179   71.32996 -157.33148    -0.4307    32.2843    1444.50  0.000e+00
     61.294   71.32996 -157.33148    -0.4308    32.2845    1444.51  0.000e+00
     61.294   71.32996 -157.33148    -0.4305    32.2851    1444.51  0.000e+00
     61.287   71.32996 -157.33148    -0.4301    32.2849    1444.51  0.000e+00
     61.294   71.32996 -157.33148    -0.4296    32.2841    1444.51  0.000e+00
     61.356   71.32996 -157.33148    -0.4296    32.2837    1444.51  0.000e+00
     61.356   71.32996 -157.33148    -0.4300    32.2835    1444.51  0.000e+00
     61.356   71.32996 -157.33148    -0.4302    32.2836    1444.51  0.000e+00
     61.348   71.32996 -157.33148    -0.4305    32.2833    1444.51  0.000e+00
     61.410   71.32996 -157.33148    -0.4308    32.2833    1444.51  0.000e+00
     61.410   71.32996 -157.33148    -0.4313    32.2839    1444.50  0.000e+00
     61.410   71.32996 -157.33148    -0.4317    32.2841    1444.50  0.000e+00
     61.464   71.32996 -157.33148    -0.4321    32.2844    1444.50  0.000e+00
     61.464   71.32996 -157.33148    -0.4324    32.2844    1444.50  0.000e+00
     61.464   71.32996 -157.33148    -0.4327    32.2841    1444.50  0.000e+00
     61.526   71.32996 -157.33148    -0.4333    32.2838    1444.50  0.000e+00
     61.526   71.32996 -157.33148    -0.4338    32.2836    1444.49  0.000e+00
     61.526   71.32996 -157.33148    -0.4344    32.2844    1444.49  0.000e+00
     61.580   71.32996 -157.33148    -0.4348    32.2849    1444.49  0.000e+00
     61.572   71.32996 -157.33148    -0.4353    32.2852    1444.49  0.000e+00
     61.580   71.32996 -157.33148    -0.4353    32.2855    1444.49  0.000e+00
     61.641   71.32996 -157.33148    -0.4348    32.2852    1444.49  0.000e+00
     61.580   71.32996 -157.33148    -0.4345    32.2853    1444.49  0.000e+00
     61.641   71.32996 -157.33148    -0.4345    32.2852    1444.49  0.000e+00
     61.695   71.32996 -157.33148    -0.4345    32.2844    1444.49  0.000e+00
     61.688   71.32996 -157.33148    -0.4348    32.2852    1444.49  0.000e+00
     61.757   71.32996 -157.33148    -0.4348    32.2849    1444.49  0.000e+00
     61.695   71.32996 -157.33148    -0.4350    32.2850    1444.49  0.000e+00
     61.757   71.32996 -157.33148    -0.4350    32.2854    1444.49  0.000e+00
     61.811   71.32996 -157.33148    -0.4347    32.2856    1444.50  0.000e+00
     61.749   71.32996 -157.33148    -0.4345    32.2856    1444.50  0.000e+00
     61.865   71.32996 -157.33148    -0.4339    32.2851    1444.50  0.000e+00
     61.811   71.32996 -157.33148    -0.4341    32.2852    1444.50  0.000e+00
     61.865   71.32996 -157.33148    -0.4342    32.2853    1444.50  0.000e+00
     61.865   71.32996 -157.33148    -0.4334    32.2848    1444.50  0.000e+00
     61.919   71.32996 -157.33148    -0.4334    32.2849    1444.50  0.000e+00
     61.927   71.32996 -157.33148    -0.4330    32.2847    1444.51  0.000e+00
     61.927   71.32996 -157.33148    -0.4333    32.2851    1444.51  0.000e+00
     61.981   71.32996 -157.33148    -0.4328    32.2848    1444.51  0.000e+00
     61.981   71.32996 -157.33148    -0.4330    32.2850    1444.51  0.000e+00
     61.973   71.32996 -157.33148    -0.4330    32.2848    1444.51  0.000e+00
     62.042   71.32996 -157.33148    -0.4331    32.2844    1444.51  0.000e+00
     62.042   71.32996 -157.33148    -0.4334    32.2848    1444.51  0.000e+00
     62.096   71.32996 -157.33148    -0.4333    32.2845    1444.51  0.000e+00
     62.096   71.32996 -157.33148    -0.4333    32.2846    1444.51  0.000e+00
     62.088   71.32996 -157.33148    -0.4333    32.2847    1444.51  0.000e+00
     62.158   71.32996 -157.33148    -0.4338    32.2847    1444.51  0.000e+00
     62.158   71.32996 -157.33148    -0.4341    32.2849    1444.51  0.000e+00
     62.212   71.32996 -157.33148    -0.4339    32.2849    1444.51  0.000e+00
     62.158   71.32996 -157.33148    -0.4339    32.2848    1444.51  0.000e+00
     62.204   71.32996 -157.33148    -0.4342    32.2846    1444.50  0.000e+00
     62.266   71.32996 -157.33148    -0.4348    32.2849    1444.50  0.000e+00
     62.266   71.32996 -157.33148    -0.4350    32.2854    1444.50  0.000e+00
     62.266   71.32996 -157.33148    -0.4347    32.2852    1444.50  0.000e+00
     62.328   71.32996 -157.33148    -0.4347    32.2847    1444.50  0.000e+00
     62.320   71.32996 -157.33148    -0.4350    32.2847    1444.50  0.000e+00
     62.328   71.32996 -157.33148    -0.4356    32.2855    1444.50  0.000e+00
     62.382   71.32996 -157.33148    -0.4355    32.2848    1444.50  0.000e+00
     62.382   71.32996 -157.33148    -0.4359    32.2846    1444.50  0.000e+00
     62.443   71.32996 -157.33148    -0.4368    32.2845    1444.50  0.000e+00
     62.374   71.32996 -157.33148    -0.4384    32.2844    1444.49  0.000e+00
     62.443   71.32996 -157.33148    -0.4390    32.2841    1444.49  0.000e+00
     62.497   71.32996 -157.33148    -0.4391    32.2852    1444.49  0.000e+00
     62.497   71.32996 -157.33148    -0.4395    32.2857    1444.49  0.000e+00
     62.497   71.32996 -157.33148    -0.4394    32.2858    1444.49  0.000e+00
     62.551   71.32996 -157.33148    -0.4396    32.2855    1444.49  0.000e+00
     62.559   71.32996 -157.33148    -0.4401    32.2859    1444.49  0.000e+00
     62.559   71.32996 -157.33148    -0.4402    32.2863    1444.48  0.000e+00
     62.613   71.32996 -157.33148    -0.4401    32.2866    1444.49  0.000e+00
     62.613   71.32996 -157.33148    -0.4397    32.2863    1444.49  0.000e+00
     62.659   71.32996 -157.33148    -0.4398    32.2870    1444.49  0.000e+00
     62.613   71.32996 -157.33148    -0.4396    32.2862    1444.49  0.000e+00
     62.729   71.32996 -157.33148    -0.4396    32.2859    1444.49  0.000e+00
     62.667   71.32996 -157.33148    -0.4399    32.2860    1444.49  0.000e+00
     62.729   71.32996 -157.33148    -0.4404    32.2858    1444.49  0.000e+00
     62.721   71.32996 -157.33148    -0.4407    32.2861    1444.49  0.000e+00
     62.783   71.32996 -157.33148    -0.4408    32.2867    1444.49  0.000e+00
     62.729   71.32996 -157.33148    -0.4406    32.2866    1444.49  0.000e+00
     62.844   71.32996 -157.33148    -0.4408    32.2861    1444.49  0.000e+00
     62.775   71.32996 -157.33148    -0.4413    32.2861    1444.48  0.000e+00
     62.844   71.32996 -157.33148    -0.4417    32.2858    1444.48  0.000e+00
     62.898   71.32996 -157.33148    -0.4424    32.2857    1444.48  0.000e+00
     62.844   71.32996 -157.33148    -0.4433    32.2862    1444.47  0.000e+00
     62.960   71.32996 -157.33148    -0.4443    32.2861    1444.47  0.000e+00
     62.891   71.32996 -157.33148    -0.4450    32.2862    1444.47  0.000e+00
     62.960   71.32996 -157.33148    -0.4455    32.2868    1444.47  0.000e+00
     62.960   71.32996 -157.33148    -0.4457    32.2873    1444.47  0.000e+00
     62.960   71.32996 -157.33148    -0.4458    32.2876    1444.47  0.000e+00
     63.014   71.32996 -157.33148    -0.4457    32.2873    1444.47  0.000e+00
     63.006   71.32996 -157.33148    -0.4458    32.2874    1444.47  0.000e+00
     63.068   71.32996 -157.33148    -0.4464    32.2876    1444.47  0.000e+00
     63.068   71.32996 -157.33148    -0.4466    32.2876    1444.47  0.000e+00
     63.068   71.32996 -157.33148    -0.4466    32.2877    1444.47  0.000e+00
     63.122   71.32996 -157.33148    -0.4466    32.2872    1444.47  0.000e+00
     63.184   71.32996 -157.33148    -0.4468    32.2873    1444.47  0.000e+00
     63.130   71.32996 -157.33148    -0.4480    32.2870    1444.46  0.000e+00
     63.184   71.32996 -157.33148    -0.4500    32.2867    1444.45  0.000e+00
     63.245   71.32996 -157.33148    -0.4519    32.2874    1444.44  0.000e+00
     63.176   71.32996 -157.33148    -0.4536    32.2884    1444.43  0.000e+00
     63.299   71.32996 -157.33148    -0.4549    32.2884    1444.43  0.000e+00
     63.245   71.32996 -157.33148    -0.4561    32.2888    1444.42  0.000e+00
     63.299   71.32996 -157.33148    -0.4575    32.2891    1444.42  0.000e+00
     63.353   71.32996 -157.33148    -0.4583    32.2896    1444.42  0.000e+00
     63.299   71.32996 -157.33148    -0.4589    32.2894    1444.41  0.000e+00
     63.361   71.32996 -157.33148    -0.4595    32.2904    1444.41  0.000e+00
     63.415   71.32996 -157.33148    -0.4598    32.2901    1444.41  0.000e+00
     63.415   71.32996 -157.33148    -0.4601    32.2903    1444.41  0.000e+00
     63.407   71.32996 -157.33148    -0.4604    32.2905    1444.41  0.000e+00
     63.477   71.32996 -157.33148    -0.4605    32.2903    1444.41  0.000e+00
     63.477   71.32996 -157.33148    -0.4607    32.2906    1444.41  0.000e+00
     63.531   71.32996 -157.33148    -0.4607    32.2907    1444.41  0.000e+00
     63.523   71.32996 -157.33148    -0.4607    32.2908    1444.41  0.000e+00
     63.585   71.32996 -157.33148    -0.4607    32.2905    1444.41  0.000e+00
     63.585   71.32996 -157.33148    -0.4607    32.2904    1444.41  0.000e+00
     63.531   71.32996 -157.33148    -0.4610    32.2904    1444.41  0.000e+00
     63.646   71.32996 -157.33148    -0.4613    32.2902    1444.41  0.000e+00
     63.693   71.32996 -157.33148    -0.4617    32.2904    1444.41  0.000e+00
     63.646   71.32996 -157.33148    -0.4617    32.2911    1444.41  0.000e+00
     63.700   71.32996 -157.33148    -0.4612    32.2912    1444.41  0.000e+00
     63.700   71.32996 -157.33148    -0.4611    32.2910    1444.41  0.000e+00
     63.754   71.32996 -157.33148    -0.4607    32.2907    1444.41  0.000e+00
     63.762   71.32996 -157.33148    -0.4608    32.2907    1444.41  0.000e+00
     63.762   71.32996 -157.33148    -0.4606    32.2899    1444.41  0.000e+00
     63.816   71.32996 -157.33148    -0.4609    32.2905    1444.41  0.000e+00
     63.862   71.32996 -157.33148    -0.4610    32.2903    1444.41  0.000e+00
     63.816   71.32996 -157.33148    -0.4615    32.2910    1444.41  0.000e+00
     63.878   71.32996 -157.33148    -0.4617    32.2912    1444.41  0.000e+00
     63.932   71.32996 -157.33148    -0.4617    32.2912    1444.41  0.000e+00
     63.932   71.32996 -157.33148    -0.4616    32.2908    1444.41  0.000e+00
     63.924   71.32996 -157.33148    -0.4617    32.2909    1444.41  0.000e+00
     63.932   71.32996 -157.33148    -0.4618    32.2906    1444.41  0.000e+00
     63.986   71.32996 -157.33148    -0.4619    32.2907    1444.41  0.000e+00
     64.047   71.32996 -157.33148    -0.4618    32.2909    1444.41  0.000e+00
