EcoFOCI/data/1_SampleCollection/2023_SikuliaqDBO_CruiseData/CTD_raw_BottleFile_SKQ23-12S/proc/skq202312s_030avg.cnv
* Sea-Bird SBE 9 Data File:
* FileName = D:\CTD\SKQ202312S\SKQ202312S_030.hex
* Software Version Seasave V 7.26.7.121
* Temperature SN = 6177
* Conductivity SN = 0369
* Number of Bytes Per Scan = 41
* Number of Voltage Words = 4
* Number of Scans Averaged by the Deck Unit = 1
* NMEA Latitude = 71 27.31 N
* NMEA Longitude = 157 35.45 W
* NMEA UTC (Time) = Sep 21 2023  07:26:33
* NMEA baud rate = 4800
** Ship: R/V Sikuliaq
** Station Number: 030
** Station Name: DBO5.6
** Bottom Depth: 109
** Operator: SS
# nquan = 25
# nvalues = 101                         
# units = specified
# name 0 = depSM: Depth [salt water, m]
# name 1 = latitude: Latitude [deg]
# name 2 = longitude: Longitude [deg]
# name 3 = prDM: Pressure, Digiquartz [db]
# name 4 = t090C: Temperature [ITS-90, deg C]
# name 5 = t190C: Temperature, 2 [ITS-90, deg C]
# name 6 = potemp090C: Potential Temperature [ITS-90, deg C]
# name 7 = sal00: Salinity, Practical [PSU]
# name 8 = sal11: Salinity, Practical, 2 [PSU]
# name 9 = density00: Density [density, kg/m^3]
# name 10 = sigma-é00: Density [sigma-theta, kg/m^3]
# name 11 = sbox0Mm/Kg: Oxygen, SBE 43 [umol/kg]
# name 12 = sbox1Mm/Kg: Oxygen, SBE 43, 2 [umol/kg]
# name 13 = oxsolMm/Kg: Oxygen Saturation, Garcia & Gordon [umol/kg]
# name 14 = sbeox0PS: Oxygen, SBE 43 [% saturation]
# name 15 = sbeox1PS: Oxygen, SBE 43, 2 [% saturation]
# name 16 = v0: Voltage 0
# name 17 = flECO-AFL: Fluorescence, WET Labs ECO-AFL/FL [mg/m^3]
# name 18 = v1: Voltage 1
# name 19 = CStarAt0: Beam Attenuation, WET Labs C-Star [1/m]
# name 20 = par: PAR/Irradiance, Biospherical/Licor
# name 21 = scan: Scan Count
# name 22 = timeM: Time, Elapsed [minutes]
# name 23 = nbin: number of scans per bin
# name 24 = flag: flag
# span 0 =      4.949,    103.901       
# span 1 =   71.45512,   71.45516       
# span 2 = -157.59105, -157.59053       
# span 3 =      5.000,    105.000       
# span 4 =    -1.7027,     4.4283       
# span 5 =    -1.7011,     4.4313       
# span 6 =    -1.7041,     4.4280       
# span 7 =    30.3945,    32.9797       
# span 8 =    30.4038,    32.9901       
# span 9 =  1024.1072,  1027.0422       
# span 10 =    24.0838,    26.5359      
# span 11 =    263.754,    457.993      
# span 12 =    250.622,    441.663      
# span 13 =  322.53868,  370.84149      
# span 14 =     71.332,    125.061      
# span 15 =     67.788,    120.391      
# span 16 =     0.0660,     0.1791      
# span 17 =     0.0476,     0.7264      
# span 18 =     3.2543,     4.1967      
# span 19 =     0.4636,     1.4812      
# span 20 = -3.973e-05, 1.5697e-01      
# span 21 =        271,       7698      
# span 22 =     0.1872,     5.3453      
# span 23 =         20,        814      
# span 24 = 0.0000e+00, 0.0000e+00      
# interval = decibars: 1                
# start_time = Sep 21 2023 07:30:42 [NMEA time, first data scan]
# bad_flag = -9.990e-29
*END*
      4.949   71.45516 -157.59053      5.000     4.4283     4.4313     4.4280    30.3945    30.4038  1024.1072    24.0838    309.789    296.230  322.53868     96.047     91.856     0.1599     0.6112     4.0952     0.5615 1.5697e-01        271     0.1872        278 0.0000e+00
      5.939   71.45516 -157.59055      6.000     4.4003     4.4088     4.3999    30.4008    30.4077  1024.1196    24.0916    309.585    296.736  322.74193     95.923     91.966     0.1626     0.6275     4.0974     0.5594 1.0013e-01        521     0.3610        122 0.0000e+00
      6.928   71.45516 -157.59057      7.000     4.4087     4.4123     4.4082    30.4010    30.4094  1024.1236    24.0909    309.561    296.651  322.67620     95.936     91.948     0.1712     0.6791     4.1003     0.5565 6.0832e-02        648     0.4495        138 0.0000e+00
      7.918   71.45516 -157.59059      8.000     4.4147     4.4142     4.4141    30.3964    30.4076  1024.1241    24.0867    309.606    296.736  322.64067     95.960     91.978     0.1639     0.6358     4.0907     0.5660 3.7181e-02        791     0.5488        187 0.0000e+00
      8.908   71.45516 -157.59060      9.000     4.3010     4.3291     4.3004    30.4481    30.4487  1024.1808    24.1387    309.817    297.674  323.40422     95.799     92.107     0.1604     0.6147     4.0995     0.5574 2.0881e-02        912     0.6326         56 0.0000e+00
      9.898   71.45516 -157.59062     10.000     4.2444     4.2282     4.2437    30.4870    30.5039  1024.2218    24.1750    311.501    299.081  323.75337     96.216     92.355     0.1504     0.5546     4.1103     0.5469 5.7375e-03       1047     0.7264         98 0.0000e+00
     10.887   71.45516 -157.59063     11.000     4.2145     4.2088     4.2138    30.4950    30.5071  1024.2357    24.1842    314.121    299.221  323.96899     96.960     92.357     0.1579     0.5991     4.1105     0.5467 1.5914e-03       1187     0.8237        189 0.0000e+00
     11.877   71.45516 -157.59064     12.000     4.0361     4.0221     4.0354    30.5433    30.5551  1024.2955    24.2393    315.668    302.155  325.25954     97.051     92.872     0.1597     0.6102     4.1132     0.5440 3.0313e-04       1342     0.9311        120 0.0000e+00
     12.867   71.45516 -157.59065     13.000     3.7683     3.8024     3.7675    30.6011    30.6065  1024.3707    24.3097    324.439    309.151  327.25290     99.139     94.550     0.1629     0.6298     4.1197     0.5376 1.8168e-04       1477     1.0253        108 0.0000e+00
     13.857   71.45516 -157.59064     14.000     2.2100     2.3398     2.2093    30.9439    30.9316  1024.7745    24.7083    353.395    332.068  339.28797    104.140     98.149     0.1763     0.7094     4.1237     0.5338 -3.973e-05       1634     1.1339        149 0.0000e+00
     14.846   71.45516 -157.59065     15.000    -0.3499    -0.3643    -0.3503    31.5708    31.5972  1025.4224    25.3504    381.521    358.503  360.75938    105.746     99.356     0.1644     0.6381     4.1457     0.5125 1.0979e-06       1710     1.1870         68 0.0000e+00
     15.836   71.45516 -157.59064     16.000    -0.8784    -0.8702    -0.8788    31.7314    31.7366  1025.5782    25.5011    427.175    396.596  365.32105    116.941    108.596     0.1791     0.7264     4.1624     0.4965 5.3119e-07       1826     1.2675        129 0.0000e+00
     16.826   71.45516 -157.59065     17.000    -0.8482    -0.8497    -0.8486    31.8399    31.8519  1025.6697    25.5878    433.561    409.798  364.72055    118.874    112.365     0.1720     0.6837     4.1536     0.5048 2.2986e-07       1899     1.3179         36 0.0000e+00
     17.815   71.45516 -157.59066     18.000    -1.0602    -1.0599    -1.0606    31.9587    31.9695  1025.7773    25.6905    457.993    432.794  366.45008    124.980    118.115     0.1524     0.5663     4.1646     0.4943 9.3050e-07       1933     1.3416         36 0.0000e+00
     18.805   71.45516 -157.59064     19.000    -1.0240    -1.0181    -1.0244    31.9657    31.9617  1025.7868    25.6952    457.818    440.663  366.07520    125.061    120.391     0.1513     0.5597     4.1828     0.4769 5.0873e-07       2009     1.3946        119 0.0000e+00
     19.795   71.45516 -157.59066     20.000    -1.1421    -1.1175    -1.1425    32.0248    32.0193  1025.8429    25.7465    456.760    440.143  367.06331    124.436    119.983     0.1441     0.5164     4.1743     0.4850 9.3759e-07       2090     1.4506         28 0.0000e+00
     20.785   71.45516 -157.59066     21.000    -1.2968    -1.2997    -1.2972    32.0493    32.0635  1025.8720    25.7706    457.353    441.663  368.51968    124.105    119.852     0.1364     0.4704     4.1898     0.4702 4.2063e-07       2109     1.4636         20 0.0000e+00
     21.774   71.45516 -157.59066     22.000    -1.3596    -1.3586    -1.3600    32.0889    32.0986  1025.9106    25.8044    456.172    441.082  369.02789    123.615    119.538     0.1405     0.4950     4.1873     0.4726 1.5278e-06       2133     1.4807         32 0.0000e+00
     22.764   71.45516 -157.59065     23.000    -1.3189    -1.3158    -1.3193    32.0704    32.0819  1025.8993    25.7883    418.650    402.998  368.67753    113.556    109.331     0.1361     0.4687     4.1901     0.4699 1.2609e-06       2232     1.5494         63 0.0000e+00
     23.754   71.45516 -157.59068     24.000    -1.4320    -1.4286    -1.4324    32.1501    32.1581  1025.9717    25.8558    409.228    394.555  369.56953    110.731    106.777     0.1294     0.4286     4.1886     0.4713 1.0662e-06       2271     1.5763         24 0.0000e+00
     24.743   71.45516 -157.59068     25.000    -1.4876    -1.4861    -1.4880    32.1959    32.2050  1026.0151    25.8943    408.822    395.772  369.99010    110.495    106.980     0.1213     0.3800     4.1850     0.4747 1.3127e-06       2299     1.5961         32 0.0000e+00
     25.733   71.45516 -157.59067     26.000    -1.5020    -1.5005    -1.5025    32.2226    32.2320  1026.0420    25.9163    407.471    393.211  370.05615    110.111    106.270     0.1133     0.3320     4.1877     0.4722 2.3683e-06       2335     1.6208         36 0.0000e+00
     26.723   71.45516 -157.59067     27.000    -1.4439    -1.4325    -1.4444    32.2255    32.2332  1026.0477    25.9173    379.038    366.081  369.46861    102.589     99.120     0.1267     0.4121     4.1781     0.4813 1.8451e-06       2411     1.6736        120 0.0000e+00
     27.712   71.45516 -157.59070     28.000    -1.2854    -1.3238    -1.2860    32.2420    32.2491  1026.0617    25.9266    359.424    345.696  367.84831     97.710     93.886     0.1306     0.4358     4.1815     0.4781 1.4024e-06       2486     1.7258         24 0.0000e+00
     28.702   71.45516 -157.59070     29.000    -1.4852    -1.4886    -1.4858    32.2583    32.2736  1026.0850    25.9450    365.258    349.583  369.78451     98.775     94.540     0.1432     0.5108     4.1538     0.5047 3.7626e-07       2508     1.7408         23 0.0000e+00
     29.692   71.45516 -157.59070     30.000    -1.5693    -1.5689    -1.5698    32.3043    32.3153  1026.1292    25.9843    366.258    353.171  370.48964     98.858     95.335     0.1151     0.3426     4.1790     0.4805 1.7626e-06       2535     1.7600         33 0.0000e+00
     30.681   71.45516 -157.59068     31.000    -1.5707    -1.5692    -1.5712    32.3479    32.3584  1026.1695    26.0197    352.013    341.271  370.37589     95.042     92.153     0.1062     0.2895     4.1768     0.4827 3.1173e-06       2585     1.7946         69 0.0000e+00
     31.671   71.45516 -157.59071     32.000    -1.5881    -1.5882    -1.5887    32.3705    32.3819  1026.1931    26.0384    310.983    298.624  370.48411     83.940     80.611     0.1049     0.2816     4.1967     0.4636 3.7321e-06       2661     1.8474         62 0.0000e+00
     32.660   71.45516 -157.59072     33.000    -1.5841    -1.5852    -1.5847    32.3932    32.4042  1026.2163    26.0568    304.947    292.623  370.37773     82.334     79.011     0.1159     0.3474     4.1628     0.4960 1.6734e-06       2708     1.8796         39 0.0000e+00
     33.650   71.45516 -157.59071     34.000    -1.6128    -1.6112    -1.6133    32.4152    32.4257  1026.2397    26.0754    306.517    293.451  370.59971     82.708     79.193     0.1038     0.2746     4.1846     0.4751 3.4171e-06       2747     1.9071         40 0.0000e+00
     34.640   71.45516 -157.59071     35.000    -1.6046    -1.6036    -1.6052    32.4228    32.4332  1026.2505    26.0814    310.276    296.021  370.49619     83.746     79.907     0.1193     0.3680     4.1589     0.4998 2.4965e-06       2807     1.9483         78 0.0000e+00
     35.629   71.45516 -157.59073     36.000    -1.6136    -1.6124    -1.6142    32.4380    32.4487  1026.2678    26.0939    304.559    290.214  370.54152     82.193     78.331     0.1228     0.3888     4.1562     0.5024 3.3722e-06       2862     1.9870         28 0.0000e+00
     36.619   71.45516 -157.59074     37.000    -1.5277    -1.5210    -1.5284    32.4631    32.4690  1026.2910    26.1123    306.868    292.205  369.61046     83.025     79.076     0.1084     0.3021     4.1495     0.5089 1.8191e-06       2887     2.0045         28 0.0000e+00
     37.609   71.45516 -157.59072     38.000    -1.4841    -1.4808    -1.4848    32.4787    32.4885  1026.3073    26.1239    307.935    293.409  369.13048     83.422     79.500     0.1220     0.3843     4.0133     0.6429 1.9781e-06       2924     2.0296         51 0.0000e+00
     38.598   71.45516 -157.59073     39.000    -1.5751    -1.5721    -1.5758    32.4906    32.4997  1026.3241    26.1357    320.665    305.892  370.00236     86.665     82.685     0.1267     0.4126     4.0207     0.6351 7.3922e-07       3015     2.0928         95 0.0000e+00
     39.588   71.45516 -157.59074     40.000    -1.6437    -1.6424    -1.6444    32.5040    32.5146  1026.3415    26.1482    319.278    304.502  370.64949     86.140     82.163     0.1007     0.2564     4.1125     0.5447 4.1754e-06       3072     2.1324         32 0.0000e+00
     40.577   71.45516 -157.59074     41.000    -1.6336    -1.6330    -1.6343    32.5089    32.5198  1026.3501    26.1520    312.381    299.173  370.53409     84.306     80.749     0.1053     0.2839     4.1352     0.5226 3.5748e-06       3097     2.1501         26 0.0000e+00
     41.567   71.45516 -157.59074     42.000    -1.6499    -1.6504    -1.6506    32.5185    32.5297  1026.3631    26.1601    306.552    293.431  370.66935     82.702     79.168     0.1090     0.3058     4.1342     0.5237 1.8571e-06       3125     2.1692         34 0.0000e+00
     42.557   71.45516 -157.59074     43.000    -1.5911    -1.6174    -1.5919    32.5205    32.5274  1026.3681    26.1604    298.150    283.824  370.07525     80.565     76.644     0.1100     0.3120     4.0964     0.5605 2.9588e-06       3198     2.2205         90 0.0000e+00
     43.546   71.45516 -157.59074     44.000    -1.6278    -1.6254    -1.6285    32.5458    32.5562  1026.3944    26.1818    299.000    282.541  370.36747     80.731     76.298     0.1108     0.3170     4.0554     0.6006 1.6757e-06       3254     2.2592         29 0.0000e+00
     44.536   71.45514 -157.59075     45.000    -1.6503    -1.6491    -1.6511    32.5537    32.5639  1026.4062    26.1887    300.966    283.311  370.57017     81.217     76.462     0.1088     0.3045     4.0623     0.5939 2.5278e-06       3287     2.2822         43 0.0000e+00
     45.525   71.45515 -157.59076     46.000    -1.6616    -1.6610    -1.6624    32.5582    32.5689  1026.4150    26.1926    300.077    283.685  370.66980     80.955     76.541     0.1124     0.3266     4.0700     0.5862 2.4290e-06       3339     2.3179         63 0.0000e+00
     46.515   71.45515 -157.59074     47.000    -1.6812    -1.6810    -1.6820    32.5667    32.5780  1026.4271    26.2000    294.525    280.720  370.84149     79.421     75.705     0.1038     0.2750     4.1237     0.5337 2.3722e-06       3411     2.3682         57 0.0000e+00
     47.504   71.45514 -157.59076     48.000    -1.6844    -1.6829    -1.6853    32.5873    32.5978  1026.4487    26.2168    292.884    277.291  370.81387     78.984     74.788     0.1057     0.2861     4.1461     0.5122 2.0413e-06       3446     2.3927         29 0.0000e+00
     48.494   71.45514 -157.59076     49.000    -1.6871    -1.6855    -1.6880    32.5993    32.6097  1026.4634    26.2266    291.055    275.944  370.80553     78.493     74.427     0.1061     0.2886     4.1517     0.5067 2.8862e-06       3478     2.4149         40 0.0000e+00
     49.483   71.45514 -157.59075     50.000    -1.6889    -1.6874    -1.6897    32.6116    32.6228  1026.4782    26.2366    289.882    275.923  370.78708     78.180     74.425     0.1125     0.3271     4.1525     0.5060 2.0531e-06       3542     2.4594         77 0.0000e+00
     50.473   71.45514 -157.59074     51.000    -1.6933    -1.6918    -1.6942    32.6275    32.6381  1026.4962    26.2497    289.834    275.592  370.78495     78.168     74.336     0.1098     0.3108     4.1548     0.5038 1.9053e-06       3603     2.5012         49 0.0000e+00
     51.463   71.45514 -157.59074     52.000    -1.6991    -1.6977    -1.7000    32.6445    32.6552  1026.5149    26.2636    290.007    275.462  370.79353     78.212     74.299     0.0933     0.2119     4.1550     0.5036 3.3155e-06       3659     2.5404         55 0.0000e+00
     52.452   71.45514 -157.59074     53.000    -1.6978    -1.6961    -1.6987    32.6610    32.6713  1026.5331    26.2770    290.639    275.658  370.73125     78.396     74.364     0.0900     0.1920     4.1575     0.5012 4.2191e-06       3697     2.5665         28 0.0000e+00
     53.442   71.45514 -157.59074     54.000    -1.6964    -1.6949    -1.6974    32.6697    32.6798  1026.5450    26.2840    290.537    276.037  370.69245     78.377     74.474     0.0884     0.1821     4.1572     0.5014 3.5389e-06       3730     2.5896         44 0.0000e+00
     54.431   71.45514 -157.59074     55.000    -1.6955    -1.6939    -1.6964    32.6765    32.6834  1026.5553    26.2895    289.573    275.527  370.66251     78.123     74.341     0.0885     0.1827     4.1567     0.5019 4.2324e-06       3798     2.6371         64 0.0000e+00
     55.421   71.45514 -157.59074     56.000    -1.6942    -1.6919    -1.6951    32.6859    32.6964  1026.5678    26.2972    289.285    274.645  370.62199     78.054     74.115     0.1031     0.2708     4.1576     0.5010 2.9018e-06       3836     2.6630         29 0.0000e+00
     56.410   71.45514 -157.59074     57.000    -1.6893    -1.6861    -1.6903    32.6856    32.7000  1026.5722    26.2967    288.891    274.997  370.57396     77.958     74.223     0.0941     0.2166     4.1386     0.5194 3.3388e-06       3898     2.7060        101 0.0000e+00
     57.400   71.45514 -157.59074     58.000    -1.6818    -1.6786    -1.6828    32.7106    32.7240  1026.5971    26.3169    287.858    273.760  370.42558     77.710     73.918     0.0931     0.2107     4.1451     0.5131 3.3117e-06       3967     2.7542         23 0.0000e+00
     58.389   71.45514 -157.59074     59.000    -1.6732    -1.6715    -1.6742    32.7247    32.7349  1026.6133    26.3282    287.288    273.449  370.29785     77.583     73.855     0.0899     0.1911     4.1313     0.5264 4.8554e-06       3984     2.7661         21 0.0000e+00
     59.379   71.45513 -157.59074     60.000    -1.6729    -1.6704    -1.6739    32.7246    32.7362  1026.6180    26.3281    287.867    274.144  370.29545     77.740     74.045     0.0910     0.1981     4.1121     0.5451 3.6218e-06       4007     2.7818         29 0.0000e+00
     60.368   71.45514 -157.59074     61.000    -1.6720    -1.6688    -1.6730    32.7229    32.7365  1026.6214    26.3267    287.290    273.545  370.29114     77.585     73.887     0.0991     0.2465     4.0959     0.5609 2.3052e-06       4089     2.8389        105 0.0000e+00
