EcoFOCI/data/1_SampleCollection/2023_SikuliaqDBO_CruiseData/CTD_raw_BottleFile_SKQ23-12S/proc/skq202312s_038svp.cnv
* Sea-Bird SBE 9 Data File:
* FileName = D:\CTD\SKQ202312S\SKQ202312S_038.hex
* Software Version Seasave V 7.26.7.121
* Temperature SN = 6177
* Conductivity SN = 0369
* Number of Bytes Per Scan = 41
* Number of Voltage Words = 4
* Number of Scans Averaged by the Deck Unit = 1
* NMEA Latitude = 71 15.45 N
* NMEA Longitude = 160 27.73 W
* NMEA UTC (Time) = Sep 23 2023  10:47:29
* NMEA baud rate = 4800
** Ship: R/V Sikuliaq
** Station Number: 038
** Station Name: DBO4.1na
** Bottom Depth: 51
** Operator: SS
# nquan = 7
# nvalues = 4735                                  
# units = specified
# name 0 = depSM: Depth [salt water, m]
# name 1 = latitude: Latitude [deg]
# name 2 = longitude: Longitude [deg]
# name 3 = t090C: Temperature [ITS-90, deg C]
# name 4 = sal00: Salinity, Practical [PSU]
# name 5 = svCM: Sound Velocity [Chen-Millero, m/s]
# name 6 = flag:  0.000e+00
# span 0 =      1.549,     46.173                 
# span 1 =   71.25746,   71.25746                 
# span 2 = -160.46242, -160.46232                 
# span 3 =    -1.6715,     2.4743                 
# span 4 =    27.5998,    32.6456                 
# span 5 =    1438.52,    1450.73                 
# span 6 = 0.0000e+00, 0.0000e+00                 
# interval = seconds: 0.0416667
# start_time = Sep 23 2023 10:50:45 [NMEA time, first data scan]
# bad_flag = -9.990e-29
*END*
[from data line 4513]
     46.061   71.25746 -160.46232    -1.6704    32.6446    1438.87  0.000e+00
     46.007   71.25746 -160.46232    -1.6707    32.6451    1438.87  0.000e+00
     46.061   71.25746 -160.46232    -1.6705    32.6445    1438.87  0.000e+00
     46.007   71.25746 -160.46232    -1.6707    32.6447    1438.86  0.000e+00
     45.945   71.25746 -160.46232    -1.6705    32.6448    1438.86  0.000e+00
     46.007   71.25746 -160.46232    -1.6705    32.6444    1438.87  0.000e+00
     45.945   71.25746 -160.46232    -1.6707    32.6451    1438.86  0.000e+00
     45.945   71.25746 -160.46232    -1.6704    32.6446    1438.87  0.000e+00
     45.945   71.25746 -160.46232    -1.6706    32.6451    1438.86  0.000e+00
     45.945   71.25746 -160.46232    -1.6702    32.6446    1438.87  0.000e+00
     46.006   71.25746 -160.46232    -1.6704    32.6449    1438.87  0.000e+00
     45.945   71.25746 -160.46232    -1.6704    32.6450    1438.87  0.000e+00
     46.006   71.25746 -160.46232    -1.6702    32.6448    1438.87  0.000e+00
     45.945   71.25746 -160.46232    -1.6699    32.6448    1438.87  0.000e+00
     45.999   71.25746 -160.46232    -1.6700    32.6447    1438.87  0.000e+00
     46.006   71.25746 -160.46232    -1.6698    32.6445    1438.87  0.000e+00
     45.945   71.25746 -160.46232    -1.6697    32.6444    1438.87  0.000e+00
     46.006   71.25746 -160.46232    -1.6700    32.6446    1438.87  0.000e+00
     45.945   71.25746 -160.46232    -1.6702    32.6446    1438.87  0.000e+00
     45.945   71.25746 -160.46232    -1.6704    32.6443    1438.86  0.000e+00
     45.945   71.25746 -160.46232    -1.6702    32.6444    1438.87  0.000e+00
     45.945   71.25746 -160.46232    -1.6704    32.6445    1438.86  0.000e+00
     45.944   71.25746 -160.46232    -1.6704    32.6444    1438.86  0.000e+00
     45.890   71.25746 -160.46232    -1.6705    32.6444    1438.86  0.000e+00
     45.944   71.25746 -160.46232    -1.6705    32.6450    1438.86  0.000e+00
     45.890   71.25746 -160.46232    -1.6705    32.6449    1438.86  0.000e+00
     45.944   71.25746 -160.46232    -1.6705    32.6449    1438.86  0.000e+00
     45.890   71.25746 -160.46232    -1.6705    32.6447    1438.86  0.000e+00
     45.944   71.25746 -160.46232    -1.6705    32.6447    1438.86  0.000e+00
     45.944   71.25746 -160.46232    -1.6706    32.6447    1438.86  0.000e+00
     45.944   71.25746 -160.46232    -1.6708    32.6445    1438.86  0.000e+00
     45.890   71.25746 -160.46232    -1.6707    32.6442    1438.86  0.000e+00
     45.944   71.25746 -160.46232    -1.6708    32.6448    1438.86  0.000e+00
     45.944   71.25746 -160.46232    -1.6708    32.6450    1438.86  0.000e+00
     45.944   71.25746 -160.46232    -1.6707    32.6449    1438.86  0.000e+00
     45.944   71.25746 -160.46232    -1.6708    32.6448    1438.86  0.000e+00
     45.890   71.25746 -160.46232    -1.6707    32.6448    1438.86  0.000e+00
     45.944   71.25746 -160.46232    -1.6707    32.6443    1438.86  0.000e+00
     45.890   71.25746 -160.46232    -1.6708    32.6444    1438.86  0.000e+00
     45.944   71.25746 -160.46232    -1.6708    32.6444    1438.86  0.000e+00
     45.890   71.25746 -160.46232    -1.6710    32.6445    1438.86  0.000e+00
     45.890   71.25746 -160.46232    -1.6710    32.6447    1438.86  0.000e+00
     45.944   71.25746 -160.46232    -1.6711    32.6445    1438.86  0.000e+00
     45.890   71.25746 -160.46232    -1.6708    32.6443    1438.86  0.000e+00
     45.944   71.25746 -160.46232    -1.6711    32.6449    1438.86  0.000e+00
     45.890   71.25746 -160.46232    -1.6708    32.6447    1438.86  0.000e+00
     45.944   71.25746 -160.46232    -1.6711    32.6447    1438.86  0.000e+00
     45.944   71.25746 -160.46232    -1.6710    32.6440    1438.86  0.000e+00
     45.944   71.25746 -160.46232    -1.6710    32.6443    1438.86  0.000e+00
     45.882   71.25746 -160.46232    -1.6710    32.6446    1438.86  0.000e+00
     45.944   71.25746 -160.46232    -1.6710    32.6443    1438.86  0.000e+00
     46.006   71.25746 -160.46232    -1.6711    32.6444    1438.86  0.000e+00
     45.890   71.25746 -160.46232    -1.6710    32.6442    1438.86  0.000e+00
     45.944   71.25746 -160.46232    -1.6710    32.6444    1438.86  0.000e+00
     45.944   71.25746 -160.46232    -1.6711    32.6447    1438.86  0.000e+00
     45.944   71.25746 -160.46232    -1.6710    32.6445    1438.86  0.000e+00
     45.944   71.25746 -160.46232    -1.6708    32.6444    1438.86  0.000e+00
     45.944   71.25746 -160.46232    -1.6708    32.6444    1438.86  0.000e+00
     45.944   71.25746 -160.46232    -1.6710    32.6445    1438.86  0.000e+00
     45.944   71.25746 -160.46232    -1.6710    32.6447    1438.86  0.000e+00
     45.944   71.25746 -160.46232    -1.6710    32.6446    1438.86  0.000e+00
     46.005   71.25746 -160.46232    -1.6710    32.6447    1438.86  0.000e+00
     45.944   71.25746 -160.46232    -1.6710    32.6448    1438.86  0.000e+00
     45.944   71.25746 -160.46232    -1.6710    32.6446    1438.86  0.000e+00
     46.005   71.25746 -160.46232    -1.6708    32.6446    1438.86  0.000e+00
     45.944   71.25746 -160.46232    -1.6710    32.6443    1438.86  0.000e+00
     46.005   71.25746 -160.46232    -1.6711    32.6446    1438.86  0.000e+00
     46.005   71.25746 -160.46232    -1.6711    32.6448    1438.86  0.000e+00
     45.944   71.25746 -160.46232    -1.6710    32.6441    1438.86  0.000e+00
     46.059   71.25746 -160.46232    -1.6710    32.6443    1438.86  0.000e+00
     45.998   71.25746 -160.46232    -1.6710    32.6443    1438.86  0.000e+00
     46.005   71.25746 -160.46232    -1.6708    32.6440    1438.86  0.000e+00
     46.005   71.25746 -160.46232    -1.6708    32.6443    1438.86  0.000e+00
     45.944   71.25746 -160.46232    -1.6710    32.6445    1438.86  0.000e+00
     46.059   71.25746 -160.46232    -1.6711    32.6446    1438.86  0.000e+00
     46.005   71.25746 -160.46232    -1.6710    32.6440    1438.86  0.000e+00
     46.005   71.25746 -160.46232    -1.6711    32.6445    1438.86  0.000e+00
     45.997   71.25746 -160.46232    -1.6710    32.6441    1438.86  0.000e+00
     46.059   71.25746 -160.46232    -1.6710    32.6441    1438.86  0.000e+00
     46.005   71.25746 -160.46232    -1.6710    32.6444    1438.86  0.000e+00
     46.059   71.25746 -160.46232    -1.6711    32.6448    1438.86  0.000e+00
     46.005   71.25746 -160.46232    -1.6710    32.6445    1438.86  0.000e+00
     46.059   71.25746 -160.46232    -1.6711    32.6444    1438.86  0.000e+00
     46.059   71.25746 -160.46232    -1.6710    32.6441    1438.86  0.000e+00
     46.059   71.25746 -160.46232    -1.6708    32.6427    1438.86  0.000e+00
     46.005   71.25746 -160.46232    -1.6711    32.6433    1438.86  0.000e+00
     46.059   71.25746 -160.46232    -1.6710    32.6435    1438.86  0.000e+00
     46.059   71.25746 -160.46232    -1.6711    32.6444    1438.86  0.000e+00
     46.059   71.25746 -160.46232    -1.6710    32.6442    1438.86  0.000e+00
     46.059   71.25746 -160.46232    -1.6708    32.6440    1438.86  0.000e+00
     46.059   71.25746 -160.46232    -1.6713    32.6447    1438.86  0.000e+00
     46.059   71.25746 -160.46232    -1.6708    32.6441    1438.86  0.000e+00
     46.059   71.25746 -160.46232    -1.6710    32.6444    1438.86  0.000e+00
     46.059   71.25746 -160.46232    -1.6711    32.6442    1438.86  0.000e+00
     46.059   71.25746 -160.46232    -1.6710    32.6443    1438.86  0.000e+00
     46.059   71.25746 -160.46232    -1.6713    32.6446    1438.86  0.000e+00
     46.121   71.25746 -160.46232    -1.6710    32.6443    1438.86  0.000e+00
     46.059   71.25746 -160.46232    -1.6710    32.6444    1438.86  0.000e+00
     46.113   71.25746 -160.46232    -1.6712    32.6444    1438.86  0.000e+00
     46.005   71.25746 -160.46232    -1.6710    32.6440    1438.86  0.000e+00
     46.059   71.25746 -160.46232    -1.6711    32.6442    1438.86  0.000e+00
     46.121   71.25746 -160.46232    -1.6708    32.6442    1438.87  0.000e+00
     46.059   71.25746 -160.46232    -1.6710    32.6447    1438.86  0.000e+00
     46.059   71.25746 -160.46232    -1.6708    32.6446    1438.86  0.000e+00
     46.121   71.25746 -160.46232    -1.6705    32.6444    1438.87  0.000e+00
     46.059   71.25746 -160.46232    -1.6706    32.6448    1438.87  0.000e+00
     46.059   71.25746 -160.46232    -1.6707    32.6452    1438.87  0.000e+00
     46.059   71.25746 -160.46232    -1.6702    32.6445    1438.87  0.000e+00
     46.059   71.25746 -160.46232    -1.6702    32.6445    1438.87  0.000e+00
     46.059   71.25746 -160.46232    -1.6702    32.6447    1438.87  0.000e+00
     46.059   71.25746 -160.46232    -1.6704    32.6452    1438.87  0.000e+00
     46.120   71.25746 -160.46232    -1.6704    32.6448    1438.87  0.000e+00
     46.005   71.25746 -160.46232    -1.6701    32.6444    1438.87  0.000e+00
     46.113   71.25746 -160.46232    -1.6704    32.6446    1438.87  0.000e+00
     46.059   71.25746 -160.46232    -1.6700    32.6441    1438.87  0.000e+00
     46.005   71.25746 -160.46232    -1.6702    32.6446    1438.87  0.000e+00
     46.120   71.25746 -160.46232    -1.6704    32.6443    1438.87  0.000e+00
     46.005   71.25746 -160.46232    -1.6702    32.6448    1438.87  0.000e+00
     46.059   71.25746 -160.46232    -1.6704    32.6448    1438.87  0.000e+00
     46.005   71.25746 -160.46232    -1.6703    32.6448    1438.87  0.000e+00
     46.059   71.25746 -160.46232    -1.6702    32.6445    1438.87  0.000e+00
     46.059   71.25746 -160.46232    -1.6700    32.6443    1438.87  0.000e+00
     46.004   71.25746 -160.46232    -1.6702    32.6445    1438.87  0.000e+00
     46.058   71.25746 -160.46232    -1.6702    32.6443    1438.87  0.000e+00
     46.004   71.25746 -160.46232    -1.6702    32.6443    1438.87  0.000e+00
     46.058   71.25746 -160.46232    -1.6702    32.6446    1438.87  0.000e+00
     46.004   71.25746 -160.46232    -1.6704    32.6450    1438.87  0.000e+00
     45.997   71.25746 -160.46232    -1.6700    32.6444    1438.87  0.000e+00
     46.004   71.25746 -160.46232    -1.6704    32.6449    1438.87  0.000e+00
     46.004   71.25746 -160.46232    -1.6702    32.6439    1438.87  0.000e+00
     46.004   71.25746 -160.46232    -1.6704    32.6445    1438.87  0.000e+00
     46.004   71.25746 -160.46232    -1.6704    32.6445    1438.87  0.000e+00
     46.004   71.25746 -160.46232    -1.6705    32.6447    1438.87  0.000e+00
     46.004   71.25746 -160.46232    -1.6703    32.6448    1438.87  0.000e+00
     45.997   71.25746 -160.46232    -1.6702    32.6444    1438.87  0.000e+00
     45.943   71.25746 -160.46232    -1.6704    32.6445    1438.86  0.000e+00
     46.004   71.25746 -160.46232    -1.6704    32.6444    1438.87  0.000e+00
     46.004   71.25746 -160.46232    -1.6707    32.6445    1438.86  0.000e+00
     45.943   71.25746 -160.46232    -1.6705    32.6445    1438.86  0.000e+00
     45.943   71.25746 -160.46232    -1.6705    32.6437    1438.86  0.000e+00
     46.004   71.25746 -160.46232    -1.6706    32.6443    1438.86  0.000e+00
     45.942   71.25746 -160.46232    -1.6705    32.6444    1438.86  0.000e+00
     45.942   71.25746 -160.46232    -1.6705    32.6445    1438.86  0.000e+00
     45.942   71.25746 -160.46232    -1.6705    32.6450    1438.86  0.000e+00
     45.942   71.25746 -160.46232    -1.6705    32.6449    1438.86  0.000e+00
     45.942   71.25746 -160.46232    -1.6704    32.6449    1438.87  0.000e+00
     45.942   71.25746 -160.46232    -1.6704    32.6448    1438.87  0.000e+00
     45.942   71.25746 -160.46232    -1.6703    32.6444    1438.87  0.000e+00
     45.996   71.25746 -160.46232    -1.6704    32.6445    1438.87  0.000e+00
     45.888   71.25746 -160.46232    -1.6705    32.6446    1438.86  0.000e+00
     45.942   71.25746 -160.46232    -1.6704    32.6447    1438.87  0.000e+00
     45.942   71.25746 -160.46232    -1.6702    32.6443    1438.87  0.000e+00
     45.942   71.25746 -160.46232    -1.6704    32.6446    1438.86  0.000e+00
     45.942   71.25746 -160.46232    -1.6704    32.6450    1438.87  0.000e+00
     45.942   71.25746 -160.46232    -1.6706    32.6448    1438.86  0.000e+00
     45.942   71.25746 -160.46232    -1.6702    32.6443    1438.87  0.000e+00
     45.942   71.25746 -160.46232    -1.6705    32.6446    1438.86  0.000e+00
     45.942   71.25746 -160.46232    -1.6704    32.6447    1438.87  0.000e+00
     45.942   71.25746 -160.46232    -1.6704    32.6447    1438.87  0.000e+00
     45.888   71.25746 -160.46232    -1.6702    32.6445    1438.86  0.000e+00
     45.942   71.25746 -160.46232    -1.6704    32.6447    1438.87  0.000e+00
     45.942   71.25746 -160.46232    -1.6706    32.6445    1438.86  0.000e+00
     45.942   71.25746 -160.46232    -1.6704    32.6446    1438.86  0.000e+00
     45.942   71.25746 -160.46232    -1.6705    32.6444    1438.86  0.000e+00
     45.942   71.25746 -160.46232    -1.6705    32.6443    1438.86  0.000e+00
     45.942   71.25746 -160.46232    -1.6702    32.6439    1438.86  0.000e+00
     46.004   71.25746 -160.46232    -1.6704    32.6444    1438.87  0.000e+00
     45.888   71.25746 -160.46232    -1.6705    32.6444    1438.86  0.000e+00
     46.004   71.25746 -160.46232    -1.6704    32.6441    1438.87  0.000e+00
     45.942   71.25746 -160.46232    -1.6704    32.6446    1438.86  0.000e+00
     46.004   71.25746 -160.46232    -1.6704    32.6443    1438.87  0.000e+00
     45.942   71.25746 -160.46232    -1.6704    32.6441    1438.86  0.000e+00
     45.942   71.25746 -160.46232    -1.6704    32.6444    1438.86  0.000e+00
     46.004   71.25746 -160.46232    -1.6705    32.6446    1438.87  0.000e+00
     46.004   71.25746 -160.46232    -1.6705    32.6443    1438.87  0.000e+00
     45.942   71.25746 -160.46232    -1.6707    32.6448    1438.86  0.000e+00
     45.996   71.25746 -160.46232    -1.6705    32.6441    1438.86  0.000e+00
     46.004   71.25746 -160.46232    -1.6708    32.6446    1438.86  0.000e+00
     46.004   71.25746 -160.46232    -1.6710    32.6447    1438.86  0.000e+00
     46.004   71.25746 -160.46232    -1.6708    32.6449    1438.86  0.000e+00
     46.004   71.25746 -160.46232    -1.6708    32.6447    1438.86  0.000e+00
     46.004   71.25746 -160.46232    -1.6707    32.6445    1438.86  0.000e+00
     46.058   71.25746 -160.46232    -1.6706    32.6445    1438.87  0.000e+00
     45.996   71.25746 -160.46232    -1.6708    32.6443    1438.86  0.000e+00
     46.004   71.25746 -160.46232    -1.6708    32.6447    1438.86  0.000e+00
     46.058   71.25746 -160.46232    -1.6707    32.6449    1438.87  0.000e+00
     46.004   71.25746 -160.46232    -1.6708    32.6448    1438.86  0.000e+00
     46.058   71.25746 -160.46232    -1.6707    32.6442    1438.86  0.000e+00
     46.058   71.25746 -160.46232    -1.6707    32.6441    1438.86  0.000e+00
     46.058   71.25746 -160.46232    -1.6707    32.6446    1438.87  0.000e+00
     46.058   71.25746 -160.46232    -1.6707    32.6445    1438.87  0.000e+00
     46.057   71.25746 -160.46232    -1.6710    32.6445    1438.86  0.000e+00
     46.057   71.25746 -160.46232    -1.6710    32.6449    1438.86  0.000e+00
     46.057   71.25746 -160.46232    -1.6708    32.6447    1438.86  0.000e+00
     46.119   71.25746 -160.46232    -1.6711    32.6449    1438.86  0.000e+00
     46.057   71.25746 -160.46232    -1.6711    32.6452    1438.86  0.000e+00
     46.057   71.25746 -160.46232    -1.6708    32.6447    1438.86  0.000e+00
     46.111   71.25746 -160.46232    -1.6708    32.6445    1438.87  0.000e+00
     46.057   71.25746 -160.46232    -1.6710    32.6447    1438.86  0.000e+00
     46.119   71.25746 -160.46232    -1.6710    32.6449    1438.87  0.000e+00
     46.119   71.25746 -160.46232    -1.6710    32.6448    1438.87  0.000e+00
     46.057   71.25746 -160.46232    -1.6708    32.6446    1438.86  0.000e+00
     46.119   71.25746 -160.46232    -1.6710    32.6447    1438.87  0.000e+00
     46.119   71.25746 -160.46232    -1.6710    32.6448    1438.87  0.000e+00
