EcoFOCI/data/1_SampleCollection/2023_SikuliaqDBO_CruiseData/CTD_raw_BottleFile_SKQ23-12S/proc/skq202312s_056svpavg.cnv
* Sea-Bird SBE 9 Data File:
* FileName = D:\CTD\SKQ202312S\SKQ202312S_056.hex
* Software Version Seasave V 7.26.7.121
* Temperature SN = 6177
* Conductivity SN = 0369
* Number of Bytes Per Scan = 41
* Number of Voltage Words = 4
* Number of Scans Averaged by the Deck Unit = 1
* NMEA Latitude = 71 11.69 N
* NMEA Longitude = 164 11.92 W
* NMEA UTC (Time) = Sep 27 2023  06:41:16
* NMEA baud rate = 4800
** Ship: R/V Sikuliaq
** Station Number: 056
** Station Name: IC6
** Bottom Depth: 44
** Operator: SD
# nquan = 7
# nvalues = 38                          
# units = specified
# name 0 = depSM: Depth [salt water, m]
# name 1 = latitude: Latitude [deg]
# name 2 = longitude: Longitude [deg]
# name 3 = t090C: Temperature [ITS-90, deg C]
# name 4 = sal00: Salinity, Practical [PSU]
# name 5 = svCM: Sound Velocity [Chen-Millero, m/s]
# name 6 = flag: flag
# span 0 =      2.000,     39.000       
# span 1 =   71.19488,   71.19489       
# span 2 = -164.19864, -164.19862       
# span 3 =    -0.8816,     4.5852       
# span 4 =    30.9157,    32.3871       
# span 5 =    1442.06,    1464.62       
# span 6 = 0.0000e+00, 0.0000e+00       
# interval = meters: 1                  
# start_time = Sep 27 2023 06:45:52 [NMEA time, first data scan]
# bad_flag = -9.990e-29
*END*
      2.000   71.19488 -164.19862     3.4402    30.9163    1459.03 0.0000e+00
      3.000   71.19488 -164.19864     3.4497    30.9159    1459.08 0.0000e+00
      4.000   71.19488 -164.19864     3.4355    30.9157    1459.04 0.0000e+00
      5.000   71.19488 -164.19864     3.4360    30.9160    1459.06 0.0000e+00
      6.000   71.19488 -164.19864     3.4446    30.9160    1459.11 0.0000e+00
      7.000   71.19488 -164.19864     3.4540    30.9179    1459.17 0.0000e+00
      8.000   71.19488 -164.19864     3.6650    30.9547    1460.13 0.0000e+00
      9.000   71.19488 -164.19864     3.9553    31.0188    1461.46 0.0000e+00
     10.000   71.19488 -164.19864     4.5050    31.1231    1463.91 0.0000e+00
     11.000   71.19488 -164.19864     4.4918    31.1378    1463.89 0.0000e+00
     12.000   71.19488 -164.19864     4.2102    31.1319    1462.73 0.0000e+00
     13.000   71.19488 -164.19864     4.2146    31.1505    1462.79 0.0000e+00
     14.000   71.19488 -164.19864     4.2488    31.1678    1462.97 0.0000e+00
     15.000   71.19488 -164.19864     4.2592    31.1698    1463.03 0.0000e+00
     16.000   71.19488 -164.19864     4.2573    31.1739    1463.04 0.0000e+00
     17.000   71.19488 -164.19864     4.2435    31.1945    1463.03 0.0000e+00
     18.000   71.19488 -164.19864     4.2503    31.1979    1463.08 0.0000e+00
     19.000   71.19488 -164.19864     4.2633    31.1945    1463.14 0.0000e+00
     20.000   71.19488 -164.19864     4.3466    31.2104    1463.53 0.0000e+00
     21.000   71.19488 -164.19864     4.4977    31.2334    1464.20 0.0000e+00
     22.000   71.19488 -164.19864     4.5852    31.2620    1464.62 0.0000e+00
     23.000   71.19488 -164.19864     4.5647    31.2806    1464.58 0.0000e+00
     24.000   71.19488 -164.19864     4.4041    31.2919    1463.94 0.0000e+00
     25.000   71.19488 -164.19864     2.7617    31.5205    1457.22 0.0000e+00
     26.000   71.19488 -164.19864     0.9327    31.9882    1449.80 0.0000e+00
     27.000   71.19488 -164.19864     0.0676    32.1670    1446.10 0.0000e+00
     28.000   71.19488 -164.19864    -0.6068    32.3405    1443.21 0.0000e+00
     29.000   71.19488 -164.19864    -0.8273    32.3871    1442.26 0.0000e+00
     30.000   71.19488 -164.19864    -0.8487    32.3834    1442.17 0.0000e+00
     31.000   71.19488 -164.19864    -0.8623    32.3808    1442.11 0.0000e+00
     32.000   71.19488 -164.19864    -0.8739    32.3801    1442.07 0.0000e+00
     33.000   71.19488 -164.19864    -0.8651    32.3772    1442.13 0.0000e+00
     34.000   71.19488 -164.19864    -0.8341    32.3582    1442.26 0.0000e+00
     35.000   71.19488 -164.19864    -0.8811    32.3615    1442.06 0.0000e+00
     36.000   71.19488 -164.19864    -0.8810    32.3601    1442.08 0.0000e+00
     37.000   71.19488 -164.19864    -0.8813    32.3592    1442.09 0.0000e+00
     38.000   71.19488 -164.19864    -0.8786    32.3583    1442.12 0.0000e+00
     39.000   71.19489 -164.19864    -0.8816    32.3564    1442.12 0.0000e+00
