EcoFOCI/data/1_SampleCollection/2023_SikuliaqDBO_CruiseData/CTD_raw_BottleFile_SKQ23-12S/proc/skq202312s_060.cnv
* Sea-Bird SBE 9 Data File:
* FileName = D:\CTD\SKQ202312S\SKQ202312S_060.hex
* Software Version Seasave V 7.26.7.121
* Temperature SN = 6177
* Conductivity SN = 0369
* Number of Bytes Per Scan = 41
* Number of Voltage Words = 4
* Number of Scans Averaged by the Deck Unit = 1
* NMEA Latitude = 71 36.06 N
* NMEA Longitude = 165 18.28 W
* NMEA UTC (Time) = Sep 27 2023  22:11:30
* NMEA baud rate = 4800
** Ship: R/V Sikuliaq
** Station Number: 060
** Station Name: IC3
** Bottom Depth: 42
** Operator: SD
# nquan = 24
# nvalues = 6164                                  
# units = specified
# name 0 = depSM: Depth [salt water, m]
# name 1 = latitude: Latitude [deg]
# name 2 = longitude: Longitude [deg]
# name 3 = prDM: Pressure, Digiquartz [db]
# name 4 = t090C: Temperature [ITS-90, deg C]
# name 5 = t190C: Temperature, 2 [ITS-90, deg C]
# name 6 = potemp090C: Potential Temperature [ITS-90, deg C]
# name 7 = sal00: Salinity, Practical [PSU]
# name 8 = sal11: Salinity, Practical, 2 [PSU]
# name 9 = density00: Density [density, kg/m^3]
# name 10 = sigma-é00: Density [sigma-theta, kg/m^3]
# name 11 = sbox0Mm/Kg: Oxygen, SBE 43 [umol/kg]
# name 12 = sbox1Mm/Kg: Oxygen, SBE 43, 2 [umol/kg]
# name 13 = oxsolMm/Kg: Oxygen Saturation, Garcia & Gordon [umol/kg]
# name 14 = sbeox0PS: Oxygen, SBE 43 [% saturation]
# name 15 = sbeox1PS: Oxygen, SBE 43, 2 [% saturation]
# name 16 = v0: Voltage 0
# name 17 = flECO-AFL: Fluorescence, WET Labs ECO-AFL/FL [mg/m^3]
# name 18 = v1: Voltage 1
# name 19 = CStarAt0: Beam Attenuation, WET Labs C-Star [1/m]
# name 20 = par: PAR/Irradiance, Biospherical/Licor
# name 21 = scan: Scan Count
# name 22 = timeM: Time, Elapsed [minutes]
# name 23 = flag:  0.000e+00
# span 0 =      1.992,     36.973                 
# span 1 =   71.60090,   71.60090                 
# span 2 = -165.30478, -165.30476                 
# span 3 =      2.013,     37.358                 
# span 4 =    -1.0353,     3.2514                 
# span 5 =    -1.0341,     3.2530                 
# span 6 =    -1.0361,     3.2502                 
# span 7 =    30.3820,    32.5335                 
# span 8 =    30.3908,    32.5669                 
# span 9 =  1024.2413,  1026.3071                 
# span 10 =    24.2304,    26.1525                
# span 11 =    265.823,    397.086                
# span 12 =    253.220,    368.479                
# span 13 =  330.97265,  364.69628                
# span 14 =     72.898,    111.769                
# span 15 =     69.448,    103.513                
# span 16 =     0.0696,     0.6020                
# span 17 =     0.0696,     3.2637                
# span 18 =     2.9536,     4.2393                
# span 19 =     0.4232,     1.8692                
# span 20 = 2.1843e+00, 2.5686e+02                
# span 21 =          1,       6164                
# span 22 =     0.0000,     4.2799                
# span 23 = 0.0000e+00, 0.0000e+00                
# interval = seconds: 0.0416667
# start_time = Sep 27 2023 22:14:51 [NMEA time, first data scan]
# bad_flag = -9.990e-29
*END*
[from data line 5072]
     36.845   71.60090 -165.30478     37.229    -1.0094    -1.0240    -1.0103    32.4722    32.4939  1026.2843    26.1051    268.205    253.737  364.47711     73.586     69.601     0.1795     0.7289     3.1429     1.6206 2.3176e+00       5073     3.5222  0.000e+00
     36.799   71.60090 -165.30478     37.182    -1.0096    -1.0242    -1.0104    32.4721    32.4942  1026.2840    26.1051    268.186    253.749  364.47915     73.581     69.605     0.1783     0.7216     3.1429     1.6206 2.3244e+00       5074     3.5229  0.000e+00
     36.799   71.60090 -165.30478     37.182    -1.0106    -1.0242    -1.0114    32.4731    32.4939  1026.2849    26.1059    268.217    253.764  364.48571     73.588     69.609     0.1795     0.7289     3.1429     1.6206 2.3244e+00       5075     3.5236  0.000e+00
     36.799   71.60090 -165.30478     37.182    -1.0117    -1.0245    -1.0126    32.4743    32.4937  1026.2859    26.1069    268.199    253.782  364.49329     73.581     69.613     0.1807     0.7362     3.1429     1.6206 2.3244e+00       5076     3.5243  0.000e+00
     36.845   71.60090 -165.30478     37.229    -1.0131    -1.0241    -1.0140    32.4756    32.4927  1026.2872    26.1080    268.230    253.799  364.50358     73.588     69.618     0.1795     0.7289     3.1429     1.6206 2.3244e+00       5077     3.5250  0.000e+00
     36.799   71.60090 -165.30478     37.182    -1.0141    -1.0241    -1.0149    32.4763    32.4921  1026.2876    26.1086    267.998    253.817  364.51042     73.523     69.622     0.1807     0.7362     3.1429     1.6206 2.3244e+00       5078     3.5257  0.000e+00
     36.853   71.60090 -165.30478     37.236    -1.0147    -1.0251    -1.0155    32.4767    32.4928  1026.2882    26.1090    268.229    253.844  364.51542     73.585     69.628     0.1795     0.7289     3.1441     1.6191 2.3244e+00       5079     3.5264  0.000e+00
     36.783   71.60090 -165.30478     37.166    -1.0154    -1.0265    -1.0163    32.4766    32.4936  1026.2878    26.1089    267.995    253.872  364.52292     73.519     69.634     0.1758     0.7069     3.1429     1.6206 2.3176e+00       5080     3.5271  0.000e+00
     36.853   71.60090 -165.30478     37.236    -1.0156    -1.0269    -1.0164    32.4760    32.4932  1026.2877    26.1084    267.968    253.675  364.52626     73.511     69.579     0.1709     0.6776     3.1429     1.6206 2.3176e+00       5081     3.5278  0.000e+00
     36.853   71.60090 -165.30478     37.236    -1.0161    -1.0274    -1.0169    32.4758    32.4933  1026.2875    26.1082    267.941    253.898  364.53149     73.503     69.639     0.1709     0.6776     3.1441     1.6191 2.3176e+00       5082     3.5285  0.000e+00
     36.783   71.60090 -165.30478     37.166    -1.0165    -1.0273    -1.0174    32.4763    32.4927  1026.2875    26.1086    268.163    253.697  364.53453     73.563     69.584     0.1709     0.6776     3.1429     1.6206 2.3244e+00       5083     3.5292  0.000e+00
     36.853   71.60090 -165.30478     37.236    -1.0170    -1.0276    -1.0178    32.4764    32.4927  1026.2880    26.1087    267.929    253.698  364.53866     73.498     69.584     0.1709     0.6776     3.1429     1.6206 2.3244e+00       5084     3.5299  0.000e+00
     36.799   71.60090 -165.30478     37.182    -1.0173    -1.0276    -1.0181    32.4768    32.4922  1026.2881    26.1091    268.149    253.922  364.54022     73.558     69.645     0.1722     0.6850     3.1441     1.6191 2.3244e+00       5085     3.5306  0.000e+00
     36.845   71.60090 -165.30478     37.229    -1.0179    -1.0283    -1.0187    32.4777    32.4931  1026.2891    26.1099    267.912    253.960  364.54373     73.492     69.654     0.1709     0.6776     3.1429     1.6206 2.3176e+00       5086     3.5313  0.000e+00
     36.799   71.60090 -165.30478     37.182    -1.0183    -1.0294    -1.0192    32.4777    32.4938  1026.2888    26.1098    267.879    253.999  364.54828     73.482     69.663     0.1722     0.6850     3.1429     1.6206 2.3176e+00       5087     3.5319  0.000e+00
     36.853   71.60090 -165.30478     37.236    -1.0186    -1.0301    -1.0195    32.4777    32.4944  1026.2891    26.1099    267.847    254.008  364.55088     73.473     69.665     0.1709     0.6776     3.1429     1.6206 2.3176e+00       5088     3.5326  0.000e+00
     36.799   71.60090 -165.30478     37.182    -1.0190    -1.0305    -1.0198    32.4777    32.4952  1026.2889    26.1099    267.812    254.011  364.55428     73.463     69.665     0.1722     0.6850     3.1429     1.6206 2.3244e+00       5089     3.5333  0.000e+00
     36.845   71.60090 -165.30478     37.228    -1.0193    -1.0307    -1.0201    32.4776    32.4950  1026.2890    26.1098    267.781    254.017  364.55736     73.454     69.666     0.1709     0.6776     3.1429     1.6206 2.3244e+00       5090     3.5340  0.000e+00
     36.799   71.60090 -165.30478     37.182    -1.0193    -1.0303    -1.0201    32.4776    32.4940  1026.2888    26.1098    267.997    254.016  364.55740     73.513     69.666     0.1709     0.6776     3.1429     1.6206 2.3244e+00       5091     3.5347  0.000e+00
     36.853   71.60090 -165.30478     37.236    -1.0197    -1.0294    -1.0206    32.4776    32.4927  1026.2891    26.1098    267.759    254.016  364.56187     73.447     69.667     0.1697     0.6703     3.1429     1.6206 2.3313e+00       5092     3.5354  0.000e+00
     36.845   71.60090 -165.30478     37.228    -1.0203    -1.0298    -1.0212    32.4781    32.4928  1026.2895    26.1103    267.725    254.022  364.56640     73.437     69.668     0.1709     0.6776     3.1429     1.6206 2.3313e+00       5093     3.5361  0.000e+00
     36.799   71.60090 -165.30478     37.182    -1.0206    -1.0307    -1.0215    32.4782    32.4935  1026.2893    26.1104    267.688    254.028  364.56895     73.426     69.669     0.1709     0.6776     3.1429     1.6206 2.3313e+00       5094     3.5368  0.000e+00
     36.798   71.60090 -165.30478     37.182    -1.0206    -1.0311    -1.0215    32.4782    32.4940  1026.2893    26.1103    268.158    254.033  364.56907     73.555     69.670     0.1709     0.6776     3.1416     1.6222 2.3313e+00       5095     3.5375  0.000e+00
     36.845   71.60090 -165.30478     37.228    -1.0208    -1.0313    -1.0216    32.4783    32.4944  1026.2897    26.1105    267.707    254.038  364.57029     73.431     69.671     0.1722     0.6850     3.1429     1.6206 2.3313e+00       5096     3.5382  0.000e+00
     36.852   71.60090 -165.30478     37.236    -1.0213    -1.0316    -1.0221    32.4784    32.4942  1026.2898    26.1105    267.973    254.044  364.57456     73.503     69.672     0.1709     0.6776     3.1429     1.6206 2.3313e+00       5097     3.5389  0.000e+00
     36.798   71.60090 -165.30478     37.182    -1.0219    -1.0318    -1.0227    32.4787    32.4945  1026.2898    26.1108    267.474    253.820  364.57974     73.365     69.610     0.1709     0.6776     3.1429     1.6206 2.3244e+00       5098     3.5396  0.000e+00
     36.845   71.60090 -165.30478     37.228    -1.0229    -1.0321    -1.0238    32.4793    32.4946  1026.2905    26.1113    267.649    253.797  364.58799     73.411     69.603     0.1709     0.6776     3.1429     1.6206 2.3176e+00       5099     3.5403  0.000e+00
     36.798   71.60090 -165.30478     37.182    -1.0236    -1.0322    -1.0244    32.4797    32.4945  1026.2907    26.1117    267.409    253.996  364.59356     73.344     69.658     0.1709     0.6776     3.1429     1.6206 2.3176e+00       5100     3.5410  0.000e+00
     36.852   71.60090 -165.30478     37.236    -1.0243    -1.0320    -1.0251    32.4799    32.4946  1026.2911    26.1119    267.840    254.001  364.59967     73.461     69.659     0.1709     0.6776     3.1429     1.6206 2.3244e+00       5101     3.5417  0.000e+00
     36.798   71.60090 -165.30478     37.182    -1.0249    -1.0318    -1.0258    32.4803    32.4941  1026.2912    26.1122    267.599    254.004  364.60473     73.394     69.660     0.1709     0.6776     3.1429     1.6206 2.3244e+00       5102     3.5424  0.000e+00
     36.845   71.60090 -165.30478     37.228    -1.0248    -1.0321    -1.0256    32.4799    32.4945  1026.2910    26.1118    267.612    254.012  364.60491     73.398     69.662     0.1697     0.6703     3.1429     1.6206 2.3313e+00       5103     3.5431  0.000e+00
     36.798   71.60090 -165.30478     37.182    -1.0252    -1.0322    -1.0260    32.4803    32.4944  1026.2911    26.1122    267.577    254.017  364.60761     73.388     69.663     0.1709     0.6776     3.1429     1.6206 2.3313e+00       5104     3.5438  0.000e+00
     36.852   71.60090 -165.30478     37.236    -1.0260    -1.0320    -1.0268    32.4808    32.4940  1026.2919    26.1127    267.599    254.022  364.61374     73.392     69.665     0.1722     0.6850     3.1429     1.6206 2.3244e+00       5105     3.5444  0.000e+00
     36.845   71.60090 -165.30478     37.228    -1.0261    -1.0320    -1.0269    32.4806    32.4943  1026.2917    26.1125    267.565    254.059  364.61497     73.383     69.675     0.1697     0.6703     3.1429     1.6206 2.3244e+00       5106     3.5451  0.000e+00
     36.798   71.60090 -165.30478     37.182    -1.0258    -1.0320    -1.0267    32.4801    32.4939  1026.2910    26.1120    267.579    254.097  364.61423     73.387     69.685     0.1709     0.6776     3.1429     1.6206 2.3244e+00       5107     3.5458  0.000e+00
     36.798   71.60090 -165.30478     37.182    -1.0254    -1.0324    -1.0262    32.4796    32.4945  1026.2906    26.1116    267.798    254.107  364.61131     73.448     69.688     0.1697     0.6703     3.1416     1.6222 2.3313e+00       5108     3.5465  0.000e+00
     36.845   71.60090 -165.30478     37.228    -1.0253    -1.0325    -1.0262    32.4793    32.4949  1026.2905    26.1113    267.814    254.116  364.61163     73.452     69.690     0.1709     0.6776     3.1429     1.6206 2.3244e+00       5109     3.5472  0.000e+00
     36.852   71.60090 -165.30478     37.236    -1.0257    -1.0326    -1.0265    32.4796    32.4953  1026.2909    26.1116    267.575    253.899  364.61404     73.386     69.631     0.1697     0.6703     3.1453     1.6175 2.3313e+00       5110     3.5479  0.000e+00
     36.852   71.60090 -165.30478     37.236    -1.0269    -1.0325    -1.0278    32.4805    32.4951  1026.2916    26.1124    267.547    254.102  364.62373     73.376     69.686     0.1697     0.6703     3.1453     1.6175 2.3313e+00       5111     3.5486  0.000e+00
     36.783   71.60090 -165.30478     37.166    -1.0277    -1.0318    -1.0285    32.4808    32.4940  1026.2915    26.1126    267.515    254.105  364.63013     73.366     69.688     0.1697     0.6703     3.1453     1.6175 2.3382e+00       5112     3.5493  0.000e+00
     36.798   71.60090 -165.30478     37.181    -1.0289    -1.0314    -1.0297    32.4812    32.4940  1026.2920    26.1131    267.489    254.112  364.64045     73.357     69.690     0.1697     0.6703     3.1453     1.6175 2.3382e+00       5113     3.5500  0.000e+00
     36.852   71.60090 -165.30478     37.236    -1.0295    -1.0320    -1.0303    32.4819    32.4940  1026.2929    26.1136    267.508    254.127  364.64472     73.361     69.694     0.1709     0.6776     3.1453     1.6175 2.3244e+00       5114     3.5507  0.000e+00
     36.798   71.60090 -165.30478     37.181    -1.0298    -1.0322    -1.0307    32.4822    32.4945  1026.2928    26.1138    267.475    254.135  364.64727     73.352     69.696     0.1697     0.6703     3.1441     1.6191 2.3176e+00       5115     3.5514  0.000e+00
     36.844   71.60090 -165.30478     37.228    -1.0307    -1.0325    -1.0315    32.4830    32.4950  1026.2937    26.1145    267.498    254.147  364.65328     73.357     69.699     0.1709     0.6776     3.1453     1.6175 2.3176e+00       5116     3.5521  0.000e+00
     36.852   71.60090 -165.30478     37.236    -1.0309    -1.0324    -1.0317    32.4829    32.4949  1026.2937    26.1145    267.518    254.155  364.65517     73.362     69.701     0.1697     0.6703     3.1441     1.6191 2.3176e+00       5117     3.5528  0.000e+00
     36.798   71.60090 -165.30478     37.181    -1.0313    -1.0325    -1.0322    32.4832    32.4948  1026.2937    26.1147    267.539    254.164  364.65884     73.367     69.703     0.1709     0.6776     3.1441     1.6191 2.3176e+00       5118     3.5535  0.000e+00
     36.844   71.60090 -165.30478     37.228    -1.0314    -1.0325    -1.0323    32.4839    32.4946  1026.2945    26.1153    267.562    254.174  364.65797     73.373     69.706     0.1697     0.6703     3.1453     1.6175 2.3176e+00       5119     3.5542  0.000e+00
     36.798   71.60090 -165.30478     37.181    -1.0313    -1.0327    -1.0322    32.4837    32.4951  1026.2941    26.1152    267.534    254.182  364.65725     73.366     69.708     0.1709     0.6776     3.1453     1.6175 2.3176e+00       5120     3.5549  0.000e+00
     36.852   71.60090 -165.30478     37.236    -1.0312    -1.0325    -1.0320    32.4835    32.4947  1026.2942    26.1150    267.509    254.160  364.65671     73.359     69.702     0.1697     0.6703     3.1453     1.6175 2.3244e+00       5121     3.5556  0.000e+00
     36.783   71.60090 -165.30478     37.166    -1.0313    -1.0324    -1.0322    32.4835    32.4941  1026.2939    26.1150    267.532    254.166  364.65796     73.365     69.704     0.1697     0.6703     3.1441     1.6191 2.3244e+00       5122     3.5562  0.000e+00
     36.852   71.60090 -165.30478     37.236    -1.0317    -1.0322    -1.0325    32.4833    32.4942  1026.2941    26.1148    267.563    254.175  364.66182     73.373     69.706     0.1685     0.6630     3.1453     1.6175 2.3313e+00       5123     3.5569  0.000e+00
     36.852   71.60090 -165.30478     37.236    -1.0318    -1.0321    -1.0326    32.4833    32.4936  1026.2941    26.1148    267.592    254.182  364.66295     73.381     69.708     0.1709     0.6776     3.1441     1.6191 2.3313e+00       5124     3.5576  0.000e+00
     36.844   71.60090 -165.30478     37.228    -1.0311    -1.0324    -1.0320    32.4824    32.4938  1026.2933    26.1141    267.618    254.192  364.65950     73.389     69.711     0.1709     0.6776     3.1441     1.6191 2.3313e+00       5125     3.5583  0.000e+00
     36.798   71.60090 -165.30478     37.181    -1.0310    -1.0325    -1.0319    32.4824    32.4940  1026.2931    26.1141    267.647    254.199  364.65817     73.397     69.712     0.1697     0.6703     3.1441     1.6191 2.3244e+00       5126     3.5590  0.000e+00
     36.852   71.60090 -165.30478     37.236    -1.0309    -1.0324    -1.0317    32.4823    32.4941  1026.2932    26.1140    267.632    254.207  364.65688     73.393     69.715     0.1709     0.6776     3.1453     1.6175 2.3244e+00       5127     3.5597  0.000e+00
     36.783   71.60090 -165.30478     37.166    -1.0310    -1.0327    -1.0318    32.4822    32.4946  1026.2928    26.1139    267.665    254.214  364.65825     73.402     69.716     0.1697     0.6703     3.1441     1.6191 2.3176e+00       5128     3.5604  0.000e+00
     36.852   71.60090 -165.30478     37.236    -1.0313    -1.0327    -1.0322    32.4825    32.4947  1026.2934    26.1142    267.655    254.223  364.66077     73.398     69.719     0.1709     0.6776     3.1416     1.6222 2.3107e+00       5129     3.5611  0.000e+00
     36.852   71.60090 -165.30478     37.236    -1.0315    -1.0330    -1.0323    32.4829    32.4951  1026.2937    26.1145    267.642    254.426  364.66130     73.395     69.774     0.1685     0.6630     3.1380     1.6269 2.3039e+00       5130     3.5618  0.000e+00
     36.798   71.60090 -165.30478     37.181    -1.0314    -1.0329    -1.0323    32.4825    32.4953  1026.2931    26.1142    267.627    254.458  364.66193     73.390     69.784     0.1709     0.6776     3.1368     1.6284 2.3039e+00       5131     3.5625  0.000e+00
     36.844   71.60090 -165.30478     37.228    -1.0317    -1.0326    -1.0325    32.4826    32.4949  1026.2934    26.1142    267.666    254.236  364.66389     73.401     69.723     0.1685     0.6630     3.1380     1.6269 2.3039e+00       5132     3.5632  0.000e+00
