EcoFOCI/data/1_SampleCollection/2023_SikuliaqDBO_CruiseData/CTD_raw_BottleFile_SKQ23-12S/proc/skq202312s_043.cnv
* Sea-Bird SBE 9 Data File:
* FileName = D:\CTD\SKQ202312S\SKQ202312S_043.hex
* Software Version Seasave V 7.26.7.121
* Temperature SN = 6177
* Conductivity SN = 0369
* Number of Bytes Per Scan = 41
* Number of Voltage Words = 4
* Number of Scans Averaged by the Deck Unit = 1
* NMEA Latitude = 71 31.26 N
* NMEA Longitude = 161 13.81 W
* NMEA UTC (Time) = Sep 24 2023  07:15:57
* NMEA baud rate = 4800
** Ship: R/V Sikuliaq
** Station Number: 043
** Station Name: DBO4.3na
** Bottom Depth: 47
** Operator: SS
# nquan = 24
# nvalues = 4100                                  
# units = specified
# name 0 = depSM: Depth [salt water, m]
# name 1 = latitude: Latitude [deg]
# name 2 = longitude: Longitude [deg]
# name 3 = prDM: Pressure, Digiquartz [db]
# name 4 = t090C: Temperature [ITS-90, deg C]
# name 5 = t190C: Temperature, 2 [ITS-90, deg C]
# name 6 = potemp090C: Potential Temperature [ITS-90, deg C]
# name 7 = sal00: Salinity, Practical [PSU]
# name 8 = sal11: Salinity, Practical, 2 [PSU]
# name 9 = density00: Density [density, kg/m^3]
# name 10 = sigma-é00: Density [sigma-theta, kg/m^3]
# name 11 = sbox0Mm/Kg: Oxygen, SBE 43 [umol/kg]
# name 12 = sbox1Mm/Kg: Oxygen, SBE 43, 2 [umol/kg]
# name 13 = oxsolMm/Kg: Oxygen Saturation, Garcia & Gordon [umol/kg]
# name 14 = sbeox0PS: Oxygen, SBE 43 [% saturation]
# name 15 = sbeox1PS: Oxygen, SBE 43, 2 [% saturation]
# name 16 = v0: Voltage 0
# name 17 = flECO-AFL: Fluorescence, WET Labs ECO-AFL/FL [mg/m^3]
# name 18 = v1: Voltage 1
# name 19 = CStarAt0: Beam Attenuation, WET Labs C-Star [1/m]
# name 20 = par: PAR/Irradiance, Biospherical/Licor
# name 21 = scan: Scan Count
# name 22 = timeM: Time, Elapsed [minutes]
# name 23 = flag:  0.000e+00
# span 0 =      2.576,     41.910                 
# span 1 =   71.52086,   71.52090                 
# span 2 = -161.23048, -161.23030                 
# span 3 =      2.603,     42.347                 
# span 4 =    -1.6141,     2.1079                 
# span 5 =    -1.6128,     2.1086                 
# span 6 =    -1.6147,     2.1075                 
# span 7 =    27.1651,    32.5902                 
# span 8 =    27.1753,    32.6031                 
# span 9 =  1021.7071,  1026.4197                 
# span 10 =    21.6942,    26.2175                
# span 11 =    260.987,    436.225                
# span 12 =    246.481,    415.937                
# span 13 =  350.11976,  370.11915                
# span 14 =     70.524,    123.106                
# span 15 =     66.608,    116.847                
# span 16 =     0.0867,     2.5409                
# span 17 =     0.1721,    14.8974                
# span 18 =     2.3626,     4.1697                
# span 19 =     0.4894,     2.7626                
# span 20 = 1.0000e-12, 9.6242e-01                
# span 21 =          1,       4100                
# span 22 =     0.0000,     2.8465                
# span 23 = 0.0000e+00, 0.0000e+00                
# interval = seconds: 0.0416667
# start_time = Sep 24 2023 07:19:11 [NMEA time, first data scan]
# bad_flag = -9.990e-29
*END*
[from data line 3080]
     36.877   71.52088 -161.23040     37.261    -1.6064    -1.6034    -1.6071    32.5848    32.5963  1026.3930    26.2130    263.691    249.239  370.03982     71.260     67.366     0.1062     0.2894     2.8657     1.9901 1.0000e-12       3081     2.1389  0.000e+00
     36.870   71.52088 -161.23040     37.253    -1.6068    -1.6039    -1.6074    32.5851    32.5971  1026.3932    26.2132    263.780    249.292  370.04228     71.284     67.380     0.1074     0.2967     2.8816     1.9680 8.4714e-06       3082     2.1396  0.000e+00
     36.823   71.52088 -161.23040     37.207    -1.6068    -1.6041    -1.6074    32.5852    32.5970  1026.3930    26.2133    263.587    249.133  370.04219     71.232     67.337     0.1062     0.2894     2.8816     1.9680 1.0000e-12       3083     2.1403  0.000e+00
     36.939   71.52088 -161.23040     37.324    -1.6068    -1.6047    -1.6074    32.5852    32.5973  1026.3936    26.2133    263.539    249.202  370.04202     71.219     67.354     0.1074     0.2967     2.8791     1.9714 1.0000e-12       3084     2.1410  0.000e+00
     36.870   71.52088 -161.23040     37.253    -1.6071    -1.6050    -1.6077    32.5855    32.5978  1026.3935    26.2135    263.620    249.053  370.04411     71.240     67.314     0.1074     0.2967     2.8791     1.9714 1.0000e-12       3085     2.1417  0.000e+00
     36.877   71.52088 -161.23040     37.261    -1.6068    -1.6050    -1.6074    32.5853    32.5979  1026.3934    26.2134    263.680    249.092  370.04166     71.257     67.325     0.1062     0.2894     2.8791     1.9714 8.4714e-06       3086     2.1424  0.000e+00
     36.877   71.52088 -161.23040     37.261    -1.6071    -1.6043    -1.6077    32.5855    32.5972  1026.3936    26.2135    263.776    249.115  370.04412     71.282     67.332     0.1062     0.2894     2.8791     1.9714 8.4714e-06       3087     2.1431  0.000e+00
     36.924   71.52088 -161.23040     37.308    -1.6069    -1.6042    -1.6075    32.5852    32.5976  1026.3936    26.2133    263.590    248.932  370.04316     71.232     67.283     0.1074     0.2967     2.8791     1.9714 8.4714e-06       3088     2.1437  0.000e+00
     36.877   71.52088 -161.23040     37.261    -1.6069    -1.6050    -1.6075    32.5853    32.5983  1026.3934    26.2133    263.642    248.938  370.04307     71.246     67.283     0.1074     0.2967     2.8791     1.9714 1.0000e-12       3089     2.1444  0.000e+00
     36.877   71.52088 -161.23040     37.261    -1.6068    -1.6051    -1.6074    32.5855    32.5987  1026.3936    26.2136    263.206    248.961  370.04116     71.129     67.289     0.1062     0.2894     2.8791     1.9714 8.4714e-06       3090     2.1451  0.000e+00
     36.924   71.52088 -161.23040     37.308    -1.6068    -1.6051    -1.6074    32.5856    32.5985  1026.3939    26.2136    263.696    249.006  370.04086     71.261     67.301     0.1074     0.2967     2.8791     1.9714 8.4714e-06       3091     2.1458  0.000e+00
     36.877   71.52088 -161.23040     37.261    -1.6068    -1.6054    -1.6074    32.5855    32.5982  1026.3935    26.2135    263.532    249.071  370.04128     71.217     67.318     0.1062     0.2894     2.8791     1.9714 1.0000e-12       3092     2.1465  0.000e+00
     36.939   71.52088 -161.23040     37.324    -1.6068    -1.6054    -1.6074    32.5860    32.5985  1026.3943    26.2140    263.560    249.122  370.03963     71.225     67.332     0.1074     0.2967     2.8791     1.9714 1.0000e-12       3093     2.1472  0.000e+00
     36.924   71.52088 -161.23040     37.308    -1.6063    -1.6057    -1.6070    32.5855    32.5990  1026.3938    26.2135    263.613    249.191  370.03659     71.240     67.351     0.1062     0.2894     2.8791     1.9714 1.0000e-12       3094     2.1479  0.000e+00
     36.877   71.52088 -161.23040     37.261    -1.6058    -1.6062    -1.6065    32.5852    32.5998  1026.3933    26.2133    263.382    249.245  370.03287     71.178     67.365     0.1062     0.2894     2.8791     1.9714 1.0000e-12       3095     2.1486  0.000e+00
     36.939   71.52088 -161.23040     37.324    -1.6052    -1.6062    -1.6059    32.5845    32.5991  1026.3930    26.2127    263.393    249.320  370.02868     71.182     67.385     0.1074     0.2967     2.8791     1.9714 1.0000e-12       3096     2.1493  0.000e+00
     36.924   71.52088 -161.23040     37.308    -1.6047    -1.6063    -1.6054    32.5840    32.5990  1026.3925    26.2123    263.691    249.180  370.02539     71.263     67.346     0.1062     0.2894     2.8791     1.9714 1.0000e-12       3097     2.1500  0.000e+00
     36.939   71.52088 -161.23040     37.324    -1.6046    -1.6063    -1.6052    32.5841    32.5995  1026.3926    26.2123    263.549    249.254  370.02349     71.225     67.367     0.1074     0.2967     2.8791     1.9714 1.0000e-12       3098     2.1507  0.000e+00
     36.939   71.52088 -161.23040     37.324    -1.6047    -1.6066    -1.6054    32.5845    32.5997  1026.3930    26.2127    263.595    249.317  370.02390     71.237     67.383     0.1123     0.3260     2.8791     1.9714 1.0000e-12       3099     2.1514  0.000e+00
     36.924   71.52088 -161.23040     37.308    -1.6049    -1.6071    -1.6056    32.5846    32.5999  1026.3930    26.2128    263.409    249.364  370.02543     71.187     67.395     0.1233     0.3919     2.8803     1.9697 1.0000e-12       3100     2.1521  0.000e+00
     36.939   71.52088 -161.23040     37.324    -1.6050    -1.6083    -1.6057    32.5852    32.6010  1026.3936    26.2133    263.461    249.432  370.02472     71.201     67.412     0.1258     0.4066     2.9011     1.9409 1.0000e-12       3101     2.1528  0.000e+00
     36.939   71.52088 -161.23040     37.324    -1.6049    -1.6088    -1.6056    32.5851    32.6008  1026.3935    26.2132    263.489    249.283  370.02381     71.209     67.371     0.1258     0.4066     2.9109     1.9275 1.0000e-12       3102     2.1535  0.000e+00
     36.924   71.52088 -161.23040     37.308    -1.6046    -1.6083    -1.6052    32.5847    32.6006  1026.3931    26.2129    263.543    249.341  370.02156     71.224     67.387     0.1270     0.4139     2.9121     1.9258 8.4714e-06       3103     2.1542  0.000e+00
     36.939   71.52088 -161.23040     37.324    -1.6049    -1.6080    -1.6056    32.5853    32.6002  1026.3937    26.2133    263.887    249.385  370.02331     71.316     67.400     0.1258     0.4066     2.9109     1.9275 1.0000e-12       3104     2.1549  0.000e+00
     36.939   71.52088 -161.23040     37.324    -1.6047    -1.6072    -1.6054    32.5847    32.5993  1026.3932    26.2129    263.474    249.443  370.02327     71.205     67.416     0.1258     0.4066     2.9109     1.9275 1.0000e-12       3105     2.1556  0.000e+00
     36.985   71.52088 -161.23040     37.370    -1.6046    -1.6072    -1.6052    32.5848    32.5995  1026.3935    26.2129    263.767    249.489  370.02130     71.284     67.428     0.1245     0.3993     2.9109     1.9275 1.0000e-12       3106     2.1563  0.000e+00
     36.877   71.52088 -161.23040     37.261    -1.6049    -1.6071    -1.6056    32.5866    32.5993  1026.3944    26.2144    263.870    249.314  370.01941     71.312     67.381     0.1258     0.4066     2.9109     1.9275 1.0000e-12       3107     2.1569  0.000e+00
     36.993   71.52088 -161.23040     37.378    -1.6045    -1.6070    -1.6051    32.5863    32.5990  1026.3947    26.2142    263.744    249.360  370.01573     71.279     67.394     0.1245     0.3993     2.9109     1.9275 1.0000e-12       3108     2.1576  0.000e+00
     36.985   71.52088 -161.23040     37.370    -1.6038    -1.6068    -1.6045    32.5862    32.5993  1026.3946    26.2141    263.797    249.383  370.00964     71.295     67.401     0.1245     0.3993     2.9109     1.9275 1.0000e-12       3109     2.1583  0.000e+00
     36.939   71.52088 -161.23040     37.324    -1.6034    -1.6070    -1.6040    32.5860    32.5994  1026.3942    26.2139    263.875    249.423  370.00567     71.317     67.411     0.1258     0.4066     2.9109     1.9275 1.0000e-12       3110     2.1590  0.000e+00
     36.939   71.52088 -161.23040     37.324    -1.6029    -1.6071    -1.6036    32.5857    32.5992  1026.3939    26.2136    263.669    249.480  370.00204     71.261     67.426     0.1245     0.3993     2.9109     1.9275 1.0000e-12       3111     2.1597  0.000e+00
     36.924   71.52088 -161.23042     37.308    -1.6024    -1.6068    -1.6031    32.5847    32.5991  1026.3931    26.2128    263.697    249.514  370.00014     71.270     67.436     0.1258     0.4066     2.9109     1.9275 1.0000e-12       3112     2.1604  0.000e+00
     36.993   71.52088 -161.23042     37.378    -1.6023    -1.6071    -1.6030    32.5847    32.5997  1026.3934    26.2128    263.755    249.566  369.99910     71.285     67.450     0.1245     0.3993     2.9109     1.9275 1.0000e-12       3113     2.1611  0.000e+00
     36.939   71.52088 -161.23042     37.324    -1.6020    -1.6075    -1.6026    32.5845    32.5998  1026.3929    26.2126    263.572    249.631  369.99628     71.236     67.467     0.1258     0.4066     2.9109     1.9275 1.0000e-12       3114     2.1618  0.000e+00
     36.985   71.52088 -161.23042     37.370    -1.6020    -1.6077    -1.6026    32.5845    32.5998  1026.3931    26.2126    263.632    249.711  369.99636     71.253     67.488     0.1245     0.3993     2.9096     1.9292 8.4714e-06       3115     2.1625  0.000e+00
     36.939   71.52088 -161.23042     37.324    -1.6021    -1.6079    -1.6028    32.5847    32.5997  1026.3931    26.2128    263.665    249.571  369.99745     71.261     67.450     0.1258     0.4066     2.9109     1.9275 8.4714e-06       3116     2.1632  0.000e+00
     36.939   71.52088 -161.23042     37.324    -1.6019    -1.6077    -1.6026    32.5843    32.5999  1026.3928    26.2125    263.721    249.608  369.99614     71.277     67.460     0.1258     0.4066     2.9109     1.9275 1.0000e-12       3117     2.1639  0.000e+00
     36.985   71.52088 -161.23042     37.370    -1.6017    -1.6070    -1.6023    32.5841    32.5997  1026.3928    26.2123    263.753    249.657  369.99453     71.286     67.475     0.1258     0.4066     2.9109     1.9275 1.0000e-12       3118     2.1646  0.000e+00
     36.939   71.52088 -161.23042     37.324    -1.6017    -1.6065    -1.6023    32.5842    32.5995  1026.3927    26.2124    264.065    249.684  369.99432     71.370     67.483     0.1258     0.4066     2.9109     1.9275 1.0000e-12       3119     2.1653  0.000e+00
     36.993   71.52088 -161.23042     37.378    -1.6019    -1.6056    -1.6025    32.5843    32.5985  1026.3931    26.2125    263.673    249.725  369.99559     71.264     67.495     0.1245     0.3993     2.9109     1.9275 1.0000e-12       3120     2.1660  0.000e+00
     36.985   71.52088 -161.23042     37.370    -1.6019    -1.6054    -1.6025    32.5841    32.5985  1026.3928    26.2123    263.723    249.780  369.99633     71.277     67.510     0.1258     0.4066     2.8889     1.9578 1.0000e-12       3121     2.1667  0.000e+00
     36.939   71.52088 -161.23042     37.324    -1.6019    -1.6052    -1.6025    32.5843    32.5987  1026.3927    26.2124    263.744    249.845  369.99575     71.283     67.528     0.1245     0.3993     2.8730     1.9799 1.0000e-12       3122     2.1674  0.000e+00
     36.993   71.52088 -161.23042     37.378    -1.6020    -1.6056    -1.6026    32.5842    32.5986  1026.3929    26.2123    263.793    249.931  369.99726     71.296     67.550     0.1245     0.3993     2.8706     1.9833 1.0000e-12       3123     2.1681  0.000e+00
     36.985   71.52088 -161.23042     37.370    -1.6019    -1.6056    -1.6025    32.5842    32.5983  1026.3929    26.2124    263.860    249.794  369.99596     71.314     67.513     0.1258     0.4066     2.8718     1.9816 1.0000e-12       3124     2.1688  0.000e+00
     36.993   71.52088 -161.23042     37.378    -1.6021    -1.6062    -1.6028    32.5844    32.5988  1026.3931    26.2125    263.642    249.838  369.99831     71.255     67.524     0.1136     0.3333     2.8730     1.9799 1.0000e-12       3125     2.1694  0.000e+00
     36.993   71.52088 -161.23042     37.378    -1.6021    -1.6065    -1.6028    32.5843    32.5992  1026.3931    26.2125    263.914    249.859  369.99843     71.328     67.530     0.1087     0.3040     2.8730     1.9799 1.0000e-12       3126     2.1701  0.000e+00
     36.924   71.52088 -161.23042     37.308    -1.6021    -1.6070    -1.6028    32.5844    32.5997  1026.3928    26.2125    263.735    249.889  369.99831     71.280     67.537     0.1074     0.2967     2.8718     1.9816 1.0000e-12       3127     2.1708  0.000e+00
     36.993   71.52088 -161.23042     37.378    -1.6023    -1.6075    -1.6030    32.5847    32.6000  1026.3933    26.2128    263.794    249.935  369.99923     71.296     67.549     0.1074     0.2967     2.8730     1.9799 1.0000e-12       3128     2.1715  0.000e+00
     36.939   71.52088 -161.23042     37.324    -1.6024    -1.6079    -1.6031    32.5845    32.6001  1026.3930    26.2127    263.821    249.987  370.00080     71.303     67.562     0.1074     0.2967     2.8718     1.9816 1.0000e-12       3129     2.1722  0.000e+00
     37.039   71.52088 -161.23042     37.425    -1.6028    -1.6079    -1.6034    32.5847    32.6000  1026.3936    26.2128    263.874    250.052  370.00370     71.317     67.580     0.1074     0.2967     2.8718     1.9816 1.0000e-12       3130     2.1729  0.000e+00
     36.877   71.52088 -161.23042     37.261    -1.6031    -1.6082    -1.6037    32.5849    32.6007  1026.3930    26.2129    263.939    250.121  370.00613     71.334     67.598     0.1087     0.3040     2.8718     1.9816 1.0000e-12       3131     2.1736  0.000e+00
     36.993   71.52088 -161.23042     37.378    -1.6034    -1.6083    -1.6040    32.5849    32.5997  1026.3935    26.2129    263.983    250.177  370.00905     71.345     67.613     0.1074     0.2967     2.8730     1.9799 1.0000e-12       3132     2.1743  0.000e+00
     36.985   71.52088 -161.23042     37.370    -1.6037    -1.6086    -1.6044    32.5853    32.5997  1026.3939    26.2133    264.041    250.238  370.01113     71.360     67.629     0.1087     0.3040     2.8730     1.9799 1.0000e-12       3133     2.1750  0.000e+00
     36.939   71.52088 -161.23042     37.323    -1.6043    -1.6088    -1.6049    32.5857    32.6005  1026.3939    26.2136    264.118    250.271  370.01585     71.380     67.638     0.1074     0.2967     2.8730     1.9799 1.0000e-12       3134     2.1757  0.000e+00
     36.939   71.52088 -161.23042     37.323    -1.6045    -1.6089    -1.6051    32.5855    32.6005  1026.3938    26.2135    263.694    250.315  370.01816     71.265     67.649     0.1087     0.3040     2.8718     1.9816 1.0000e-12       3135     2.1764  0.000e+00
     36.870   71.52088 -161.23042     37.253    -1.6045    -1.6088    -1.6051    32.5855    32.6004  1026.3935    26.2135    263.968    250.363  370.01816     71.339     67.663     0.1074     0.2967     2.8730     1.9799 1.0000e-12       3136     2.1771  0.000e+00
     37.055   71.52088 -161.23042     37.440    -1.6046    -1.6089    -1.6053    32.5858    32.6001  1026.3946    26.2137    264.270    250.397  370.01904     71.421     67.671     0.1074     0.2967     2.8730     1.9799 1.0000e-12       3137     2.1778  0.000e+00
     36.993   71.52088 -161.23042     37.378    -1.6045    -1.6091    -1.6051    32.5855    32.6002  1026.3940    26.2135    264.109    250.428  370.01826     71.377     67.679     0.1087     0.3040     2.8718     1.9816 8.4714e-06       3138     2.1785  0.000e+00
     36.939   71.52088 -161.23042     37.323    -1.6045    -1.6091    -1.6051    32.5856    32.6003  1026.3939    26.2136    264.074    250.465  370.01791     71.368     67.689     0.1074     0.2967     2.8730     1.9799 8.4714e-06       3139     2.1792  0.000e+00
