EcoFOCI/data/1_SampleCollection/2023_SikuliaqDBO_CruiseData/CTD_raw_BottleFile_SKQ23-12S/proc/skq202312s_013svp.cnv
* Sea-Bird SBE 9 Data File:
* FileName = D:\CTD\SKQ202312S\SKQ202312S_013.hex
* Software Version Seasave V 7.26.7.121
* Temperature SN = 6177
* Conductivity SN = 0369
* Number of Bytes Per Scan = 41
* Number of Voltage Words = 4
* Number of Scans Averaged by the Deck Unit = 1
* NMEA Latitude = 64 40.35 N
* NMEA Longitude = 170 15.80 W
* NMEA UTC (Time) = Sep 17 2023  06:56:27
* NMEA baud rate = 4800
** Ship: R/V Sikuliaq
** Station Number: 013
** Station Name: DBO2.0a
** Bottom Depth: 48
** Operator: SS
# nquan = 7
# nvalues = 5338                                  
# units = specified
# name 0 = depSM: Depth [salt water, m]
# name 1 = latitude: Latitude [deg]
# name 2 = longitude: Longitude [deg]
# name 3 = t090C: Temperature [ITS-90, deg C]
# name 4 = sal00: Salinity, Practical [PSU]
# name 5 = svCM: Sound Velocity [Chen-Millero, m/s]
# name 6 = flag:  0.000e+00
# span 0 =      2.165,     42.804                 
# span 1 =   64.67240,   64.67252                 
# span 2 = -170.26266, -170.26226                 
# span 3 =     2.5407,     3.0979                 
# span 4 =    32.7071,    33.0540                 
# span 5 =    1457.49,    1460.70                 
# span 6 = 0.0000e+00, 0.0000e+00                 
# interval = seconds: 0.0416667
# start_time = Sep 17 2023 07:00:46 [NMEA time, first data scan]
# bad_flag = -9.990e-29
*END*
[from data line 4308]
     40.001   64.67252 -170.26230     3.0281    33.0530    1460.66  0.000e+00
     39.940   64.67252 -170.26230     3.0278    33.0533    1460.66  0.000e+00
     39.940   64.67252 -170.26230     3.0281    33.0532    1460.66  0.000e+00
     39.932   64.67252 -170.26230     3.0283    33.0528    1460.66  0.000e+00
     39.940   64.67252 -170.26230     3.0280    33.0528    1460.66  0.000e+00
     39.940   64.67252 -170.26230     3.0281    33.0528    1460.66  0.000e+00
     39.940   64.67252 -170.26230     3.0281    33.0529    1460.66  0.000e+00
     39.878   64.67252 -170.26230     3.0280    33.0533    1460.66  0.000e+00
     39.886   64.67252 -170.26230     3.0281    33.0535    1460.66  0.000e+00
     39.886   64.67252 -170.26230     3.0280    33.0532    1460.66  0.000e+00
     39.824   64.67252 -170.26230     3.0280    33.0531    1460.66  0.000e+00
     39.886   64.67252 -170.26230     3.0280    33.0536    1460.66  0.000e+00
     39.816   64.67252 -170.26230     3.0281    33.0531    1460.66  0.000e+00
     39.886   64.67252 -170.26230     3.0278    33.0532    1460.66  0.000e+00
     39.770   64.67252 -170.26230     3.0281    33.0528    1460.65  0.000e+00
     39.824   64.67252 -170.26230     3.0283    33.0530    1460.66  0.000e+00
     39.816   64.67252 -170.26230     3.0280    33.0530    1460.65  0.000e+00
     39.824   64.67252 -170.26230     3.0280    33.0531    1460.66  0.000e+00
     39.770   64.67252 -170.26230     3.0281    33.0533    1460.66  0.000e+00
     39.770   64.67252 -170.26230     3.0281    33.0531    1460.65  0.000e+00
     39.816   64.67252 -170.26230     3.0281    33.0532    1460.66  0.000e+00
     39.716   64.67252 -170.26230     3.0280    33.0535    1460.65  0.000e+00
     39.770   64.67252 -170.26230     3.0281    33.0533    1460.66  0.000e+00
     39.770   64.67252 -170.26230     3.0280    33.0530    1460.65  0.000e+00
     39.770   64.67252 -170.26230     3.0280    33.0531    1460.65  0.000e+00
     39.708   64.67252 -170.26230     3.0280    33.0532    1460.65  0.000e+00
     39.716   64.67252 -170.26230     3.0278    33.0531    1460.65  0.000e+00
     39.770   64.67252 -170.26230     3.0281    33.0529    1460.65  0.000e+00
     39.716   64.67252 -170.26230     3.0280    33.0532    1460.65  0.000e+00
     39.708   64.67252 -170.26230     3.0277    33.0532    1460.65  0.000e+00
     39.716   64.67252 -170.26230     3.0278    33.0533    1460.65  0.000e+00
     39.716   64.67252 -170.26230     3.0280    33.0532    1460.65  0.000e+00
     39.716   64.67252 -170.26230     3.0278    33.0529    1460.65  0.000e+00
     39.646   64.67252 -170.26230     3.0278    33.0491    1460.65  0.000e+00
     39.716   64.67252 -170.26230     3.0278    33.0518    1460.65  0.000e+00
     39.716   64.67252 -170.26230     3.0280    33.0527    1460.65  0.000e+00
     39.716   64.67252 -170.26230     3.0278    33.0526    1460.65  0.000e+00
     39.646   64.67252 -170.26230     3.0280    33.0530    1460.65  0.000e+00
     39.654   64.67252 -170.26230     3.0280    33.0534    1460.65  0.000e+00
     39.716   64.67252 -170.26230     3.0280    33.0530    1460.65  0.000e+00
     39.654   64.67252 -170.26230     3.0278    33.0533    1460.65  0.000e+00
     39.716   64.67252 -170.26230     3.0280    33.0530    1460.65  0.000e+00
     39.646   64.67252 -170.26230     3.0280    33.0532    1460.65  0.000e+00
     39.654   64.67252 -170.26230     3.0278    33.0534    1460.65  0.000e+00
     39.716   64.67252 -170.26230     3.0281    33.0530    1460.65  0.000e+00
     39.654   64.67252 -170.26230     3.0280    33.0532    1460.65  0.000e+00
     39.708   64.67252 -170.26230     3.0281    33.0532    1460.65  0.000e+00
     39.654   64.67252 -170.26230     3.0281    33.0529    1460.65  0.000e+00
     39.654   64.67252 -170.26230     3.0281    33.0530    1460.65  0.000e+00
     39.716   64.67252 -170.26230     3.0281    33.0528    1460.65  0.000e+00
     39.646   64.67252 -170.26230     3.0280    33.0530    1460.65  0.000e+00
     39.716   64.67252 -170.26230     3.0280    33.0535    1460.65  0.000e+00
     39.654   64.67252 -170.26230     3.0281    33.0530    1460.65  0.000e+00
     39.716   64.67252 -170.26230     3.0280    33.0534    1460.65  0.000e+00
     39.708   64.67252 -170.26230     3.0283    33.0533    1460.65  0.000e+00
     39.654   64.67252 -170.26230     3.0281    33.0532    1460.65  0.000e+00
     39.716   64.67252 -170.26230     3.0280    33.0532    1460.65  0.000e+00
     39.654   64.67252 -170.26230     3.0280    33.0532    1460.65  0.000e+00
     39.762   64.67252 -170.26230     3.0280    33.0533    1460.65  0.000e+00
     39.716   64.67252 -170.26230     3.0278    33.0532    1460.65  0.000e+00
     39.654   64.67252 -170.26230     3.0280    33.0530    1460.65  0.000e+00
     39.770   64.67252 -170.26230     3.0280    33.0529    1460.65  0.000e+00
     39.716   64.67252 -170.26230     3.0281    33.0528    1460.65  0.000e+00
     39.708   64.67252 -170.26230     3.0280    33.0531    1460.65  0.000e+00
     39.716   64.67252 -170.26230     3.0280    33.0534    1460.65  0.000e+00
     39.770   64.67252 -170.26230     3.0281    33.0528    1460.65  0.000e+00
     39.770   64.67252 -170.26230     3.0278    33.0531    1460.65  0.000e+00
     39.762   64.67252 -170.26230     3.0281    33.0534    1460.66  0.000e+00
     39.770   64.67252 -170.26230     3.0280    33.0531    1460.65  0.000e+00
     39.716   64.67252 -170.26230     3.0278    33.0531    1460.65  0.000e+00
     39.770   64.67252 -170.26230     3.0277    33.0532    1460.65  0.000e+00
     39.816   64.67252 -170.26230     3.0281    33.0529    1460.66  0.000e+00
     39.770   64.67252 -170.26230     3.0281    33.0530    1460.65  0.000e+00
     39.824   64.67252 -170.26230     3.0280    33.0529    1460.65  0.000e+00
     39.770   64.67252 -170.26230     3.0278    33.0533    1460.65  0.000e+00
     39.816   64.67252 -170.26230     3.0280    33.0534    1460.66  0.000e+00
     39.824   64.67252 -170.26230     3.0281    33.0528    1460.66  0.000e+00
     39.824   64.67252 -170.26230     3.0278    33.0536    1460.66  0.000e+00
     39.824   64.67252 -170.26230     3.0281    33.0531    1460.66  0.000e+00
     39.824   64.67252 -170.26230     3.0278    33.0533    1460.65  0.000e+00
     39.878   64.67252 -170.26230     3.0281    33.0530    1460.66  0.000e+00
     39.885   64.67252 -170.26230     3.0278    33.0535    1460.66  0.000e+00
     39.824   64.67252 -170.26230     3.0280    33.0532    1460.66  0.000e+00
     39.885   64.67252 -170.26230     3.0280    33.0531    1460.66  0.000e+00
     39.932   64.67252 -170.26230     3.0280    33.0530    1460.66  0.000e+00
     39.885   64.67252 -170.26230     3.0280    33.0534    1460.66  0.000e+00
     39.885   64.67252 -170.26230     3.0281    33.0528    1460.66  0.000e+00
     39.939   64.67252 -170.26230     3.0280    33.0530    1460.66  0.000e+00
     39.932   64.67252 -170.26230     3.0280    33.0531    1460.66  0.000e+00
     39.939   64.67252 -170.26230     3.0278    33.0532    1460.66  0.000e+00
     39.885   64.67252 -170.26230     3.0280    33.0531    1460.66  0.000e+00
     40.001   64.67252 -170.26230     3.0278    33.0534    1460.66  0.000e+00
     39.939   64.67252 -170.26230     3.0280    33.0534    1460.66  0.000e+00
     39.993   64.67252 -170.26230     3.0278    33.0535    1460.66  0.000e+00
     39.939   64.67252 -170.26230     3.0280    33.0532    1460.66  0.000e+00
     40.001   64.67252 -170.26230     3.0278    33.0532    1460.66  0.000e+00
     40.001   64.67252 -170.26230     3.0278    33.0532    1460.66  0.000e+00
     39.993   64.67252 -170.26230     3.0278    33.0534    1460.66  0.000e+00
     40.055   64.67252 -170.26230     3.0277    33.0534    1460.66  0.000e+00
     40.001   64.67252 -170.26230     3.0278    33.0530    1460.66  0.000e+00
     40.055   64.67252 -170.26230     3.0277    33.0532    1460.66  0.000e+00
     40.047   64.67252 -170.26230     3.0277    33.0534    1460.66  0.000e+00
     40.001   64.67252 -170.26230     3.0277    33.0534    1460.66  0.000e+00
     40.055   64.67252 -170.26230     3.0277    33.0533    1460.66  0.000e+00
     40.117   64.67252 -170.26230     3.0278    33.0531    1460.66  0.000e+00
     40.001   64.67252 -170.26230     3.0277    33.0533    1460.66  0.000e+00
     40.109   64.67252 -170.26230     3.0280    33.0530    1460.66  0.000e+00
     40.055   64.67252 -170.26230     3.0278    33.0532    1460.66  0.000e+00
     40.117   64.67252 -170.26230     3.0276    33.0532    1460.66  0.000e+00
     40.117   64.67252 -170.26230     3.0278    33.0528    1460.66  0.000e+00
     40.109   64.67252 -170.26230     3.0278    33.0528    1460.66  0.000e+00
     40.117   64.67252 -170.26230     3.0277    33.0530    1460.66  0.000e+00
     40.117   64.67252 -170.26230     3.0277    33.0530    1460.66  0.000e+00
     40.117   64.67252 -170.26230     3.0277    33.0532    1460.66  0.000e+00
     40.117   64.67252 -170.26230     3.0278    33.0532    1460.66  0.000e+00
     40.109   64.67252 -170.26230     3.0278    33.0529    1460.66  0.000e+00
     40.171   64.67252 -170.26230     3.0278    33.0534    1460.66  0.000e+00
     40.117   64.67252 -170.26230     3.0278    33.0533    1460.66  0.000e+00
     40.117   64.67252 -170.26230     3.0278    33.0527    1460.66  0.000e+00
     40.163   64.67252 -170.26230     3.0278    33.0528    1460.66  0.000e+00
     40.117   64.67252 -170.26230     3.0278    33.0529    1460.66  0.000e+00
     40.171   64.67252 -170.26230     3.0280    33.0524    1460.66  0.000e+00
     40.171   64.67252 -170.26230     3.0277    33.0533    1460.66  0.000e+00
     40.163   64.67252 -170.26230     3.0275    33.0535    1460.66  0.000e+00
     40.117   64.67252 -170.26230     3.0276    33.0534    1460.66  0.000e+00
     40.171   64.67252 -170.26230     3.0277    33.0533    1460.66  0.000e+00
     40.171   64.67252 -170.26230     3.0276    33.0534    1460.66  0.000e+00
     40.117   64.67252 -170.26230     3.0278    33.0532    1460.66  0.000e+00
     40.163   64.67252 -170.26230     3.0275    33.0530    1460.66  0.000e+00
     40.171   64.67252 -170.26230     3.0277    33.0533    1460.66  0.000e+00
     40.171   64.67252 -170.26230     3.0277    33.0533    1460.66  0.000e+00
     40.171   64.67252 -170.26230     3.0277    33.0528    1460.66  0.000e+00
     40.163   64.67252 -170.26230     3.0276    33.0532    1460.66  0.000e+00
     40.117   64.67252 -170.26230     3.0277    33.0531    1460.66  0.000e+00
     40.171   64.67252 -170.26230     3.0278    33.0528    1460.66  0.000e+00
     40.117   64.67252 -170.26230     3.0277    33.0534    1460.66  0.000e+00
     40.171   64.67252 -170.26230     3.0280    33.0530    1460.66  0.000e+00
     40.109   64.67252 -170.26230     3.0280    33.0530    1460.66  0.000e+00
     40.171   64.67252 -170.26230     3.0278    33.0531    1460.66  0.000e+00
     40.117   64.67252 -170.26230     3.0278    33.0534    1460.66  0.000e+00
     40.117   64.67252 -170.26230     3.0278    33.0532    1460.66  0.000e+00
     40.163   64.67252 -170.26230     3.0281    33.0528    1460.66  0.000e+00
     40.117   64.67252 -170.26230     3.0278    33.0535    1460.66  0.000e+00
     40.117   64.67252 -170.26230     3.0278    33.0537    1460.66  0.000e+00
     40.117   64.67252 -170.26230     3.0280    33.0531    1460.66  0.000e+00
     40.109   64.67252 -170.26230     3.0278    33.0534    1460.66  0.000e+00
     40.055   64.67252 -170.26230     3.0280    33.0531    1460.66  0.000e+00
     40.117   64.67252 -170.26230     3.0280    33.0525    1460.66  0.000e+00
     40.117   64.67252 -170.26230     3.0278    33.0534    1460.66  0.000e+00
     40.055   64.67252 -170.26230     3.0281    33.0530    1460.66  0.000e+00
     40.109   64.67252 -170.26230     3.0278    33.0534    1460.66  0.000e+00
     40.055   64.67252 -170.26230     3.0280    33.0531    1460.66  0.000e+00
     40.055   64.67252 -170.26230     3.0280    33.0530    1460.66  0.000e+00
     40.055   64.67252 -170.26230     3.0280    33.0530    1460.66  0.000e+00
     40.047   64.67252 -170.26230     3.0281    33.0535    1460.66  0.000e+00
     40.055   64.67252 -170.26230     3.0278    33.0531    1460.66  0.000e+00
     40.055   64.67252 -170.26230     3.0280    33.0529    1460.66  0.000e+00
     40.055   64.67252 -170.26230     3.0280    33.0533    1460.66  0.000e+00
     40.001   64.67252 -170.26230     3.0278    33.0537    1460.66  0.000e+00
     39.993   64.67252 -170.26230     3.0280    33.0530    1460.66  0.000e+00
     40.055   64.67252 -170.26230     3.0278    33.0531    1460.66  0.000e+00
     40.001   64.67252 -170.26230     3.0280    33.0530    1460.66  0.000e+00
     40.001   64.67252 -170.26230     3.0280    33.0528    1460.66  0.000e+00
     39.993   64.67252 -170.26230     3.0278    33.0531    1460.66  0.000e+00
     40.001   64.67252 -170.26230     3.0277    33.0534    1460.66  0.000e+00
     40.001   64.67252 -170.26230     3.0280    33.0531    1460.66  0.000e+00
     39.939   64.67252 -170.26230     3.0280    33.0531    1460.66  0.000e+00
     39.993   64.67252 -170.26230     3.0280    33.0530    1460.66  0.000e+00
     39.939   64.67252 -170.26230     3.0278    33.0532    1460.66  0.000e+00
     40.001   64.67252 -170.26230     3.0280    33.0533    1460.66  0.000e+00
     39.939   64.67252 -170.26230     3.0278    33.0533    1460.66  0.000e+00
     39.939   64.67252 -170.26230     3.0281    33.0529    1460.66  0.000e+00
     39.993   64.67252 -170.26230     3.0280    33.0528    1460.66  0.000e+00
     39.885   64.67252 -170.26230     3.0280    33.0528    1460.66  0.000e+00
     39.939   64.67252 -170.26230     3.0278    33.0531    1460.66  0.000e+00
     39.939   64.67252 -170.26230     3.0280    33.0533    1460.66  0.000e+00
     39.931   64.67252 -170.26230     3.0277    33.0534    1460.66  0.000e+00
     39.939   64.67252 -170.26230     3.0278    33.0530    1460.66  0.000e+00
     39.885   64.67252 -170.26230     3.0278    33.0532    1460.66  0.000e+00
     39.939   64.67252 -170.26230     3.0280    33.0533    1460.66  0.000e+00
     39.877   64.67252 -170.26230     3.0278    33.0529    1460.66  0.000e+00
     39.939   64.67252 -170.26230     3.0277    33.0530    1460.66  0.000e+00
     39.885   64.67252 -170.26230     3.0278    33.0532    1460.66  0.000e+00
     39.939   64.67252 -170.26230     3.0277    33.0532    1460.66  0.000e+00
     39.885   64.67252 -170.26230     3.0278    33.0530    1460.66  0.000e+00
     39.877   64.67252 -170.26230     3.0278    33.0532    1460.66  0.000e+00
     39.885   64.67252 -170.26230     3.0280    33.0531    1460.66  0.000e+00
     39.939   64.67252 -170.26230     3.0277    33.0531    1460.66  0.000e+00
     39.885   64.67252 -170.26230     3.0278    33.0532    1460.66  0.000e+00
     39.931   64.67252 -170.26230     3.0278    33.0530    1460.66  0.000e+00
     39.885   64.67252 -170.26230     3.0278    33.0532    1460.66  0.000e+00
     39.885   64.67252 -170.26230     3.0278    33.0533    1460.66  0.000e+00
     39.885   64.67252 -170.26230     3.0277    33.0534    1460.66  0.000e+00
     39.877   64.67252 -170.26230     3.0278    33.0534    1460.66  0.000e+00
     39.939   64.67250 -170.26230     3.0277    33.0533    1460.66  0.000e+00
     39.885   64.67250 -170.26230     3.0280    33.0533    1460.66  0.000e+00
     39.885   64.67250 -170.26230     3.0278    33.0534    1460.66  0.000e+00
     39.939   64.67250 -170.26230     3.0277    33.0534    1460.66  0.000e+00
     39.877   64.67250 -170.26230     3.0277    33.0532    1460.65  0.000e+00
     39.885   64.67250 -170.26230     3.0277    33.0534    1460.66  0.000e+00
     39.939   64.67250 -170.26230     3.0277    33.0533    1460.66  0.000e+00
     39.939   64.67250 -170.26230     3.0277    33.0530    1460.66  0.000e+00
     39.877   64.67250 -170.26230     3.0277    33.0528    1460.65  0.000e+00
     39.939   64.67250 -170.26230     3.0278    33.0529    1460.66  0.000e+00
