EcoFOCI/data/1_SampleCollection/2023_SikuliaqDBO_CruiseData/CTD_raw_BottleFile_SKQ23-12S/proc/skq202312s_044.ros
* Sea-Bird SBE 9 Data File:
* FileName = D:\CTD\SKQ202312S\SKQ202312S_044.hex
* Software Version Seasave V 7.26.7.121
* Temperature SN = 6177
* Conductivity SN = 0369
* Number of Bytes Per Scan = 41
* Number of Voltage Words = 4
* Number of Scans Averaged by the Deck Unit = 1
* NMEA Latitude = 71 35.18 N
* NMEA Longitude = 161 23.69 W
* NMEA UTC (Time) = Sep 24 2023  08:13:31
* NMEA baud rate = 4800
** Ship: R/V Sikuliaq
** Station Number: 044
** Station Name: DBO4.4n
** Bottom Depth: 47
** Operator: SS
# nquan = 22
# nvalues = 931                                   
# units = specified
# name 0 = depSM: Depth [salt water, m]
# name 1 = latitude: Latitude [deg]
# name 2 = longitude: Longitude [deg]
# name 3 = prDM: Pressure, Digiquartz [db]
# name 4 = t090C: Temperature [ITS-90, deg C]
# name 5 = t190C: Temperature, 2 [ITS-90, deg C]
# name 6 = potemp090C: Potential Temperature [ITS-90, deg C]
# name 7 = sal00: Salinity, Practical [PSU]
# name 8 = sal11: Salinity, Practical, 2 [PSU]
# name 9 = density00: Density [density, kg/m^3]
# name 10 = sigma-é00: Density [sigma-theta, kg/m^3]
# name 11 = sbox0Mm/Kg: Oxygen, SBE 43 [umol/kg]
# name 12 = sbox1Mm/Kg: Oxygen, SBE 43, 2 [umol/kg]
# name 13 = oxsolMm/Kg: Oxygen Saturation, Garcia & Gordon [umol/kg]
# name 14 = sbeox0PS: Oxygen, SBE 43 [% saturation]
# name 15 = v0: Voltage 0
# name 16 = flECO-AFL: Fluorescence, WET Labs ECO-AFL/FL [mg/m^3]
# name 17 = CStarAt0: Beam Attenuation, WET Labs C-Star [1/m]
# name 18 = par: PAR/Irradiance, Biospherical/Licor
# name 19 = scan: Scan Count
# name 20 = nbf: Bottles Fired
# name 21 = flag:  0.000e+00
# interval = seconds: 0.0416667
# start_time = Sep 24 2023 08:17:11 [NMEA time, first data scan]
# bad_flag = -9.990e-29
*END*
[from data line 264]
     30.054   71.58596 -161.39612     30.366    -1.5323    -1.5342    -1.5328    32.5526    32.5629  1026.3317    26.1850    274.714    261.431  369.39390     74.369     0.2002     0.8535     0.8037 1.0000e-12      10295          6  0.000e+00
     30.069   71.58596 -161.39612     30.382    -1.5323    -1.5340    -1.5328    32.5524    32.5628  1026.3316    26.1849    274.713    261.437  369.39443     74.368     0.2002     0.8535     0.8037 1.0000e-12      10296          6  0.000e+00
     30.054   71.58596 -161.39612     30.366    -1.5323    -1.5343    -1.5328    32.5529    32.5630  1026.3319    26.1853    274.968    261.444  369.39302     74.438     0.2015     0.8608     0.8037 1.0000e-12      10297          6  0.000e+00
     30.015   71.58596 -161.39612     30.327    -1.5320    -1.5345    -1.5325    32.5522    32.5627  1026.3312    26.1847    274.752    261.448  369.39201     74.380     0.2002     0.8535     0.8037 1.0000e-12      10298          6  0.000e+00
     30.115   71.58596 -161.39612     30.428    -1.5324    -1.5343    -1.5330    32.5527    32.5626  1026.3321    26.1851    275.272    261.224  369.39518     74.520     0.2002     0.8535     0.8037 1.0000e-12      10299          6  0.000e+00
     30.015   71.58596 -161.39612     30.327    -1.5320    -1.5343    -1.5325    32.5520    32.5632  1026.3310    26.1845    275.098    261.190  369.39276     74.473     0.2002     0.8535     0.8037 1.0000e-12      10300          6  0.000e+00
     30.115   71.58596 -161.39612     30.428    -1.5321    -1.5343    -1.5327    32.5517    32.5626  1026.3313    26.1843    275.143    261.395  369.39524     74.485     0.2002     0.8535     0.8037 1.0000e-12      10301          6  0.000e+00
     30.015   71.58596 -161.39612     30.327    -1.5323    -1.5342    -1.5328    32.5516    32.5630  1026.3307    26.1842    274.919    261.391  369.39685     74.424     0.2002     0.8535     0.7986 1.0000e-12      10302          6  0.000e+00
     30.115   71.58596 -161.39612     30.428    -1.5324    -1.5346    -1.5330    32.5515    32.5632  1026.3311    26.1842    274.912    261.397  369.39870     74.421     0.1954     0.8242     0.7898 1.0000e-12      10303          6  0.000e+00
     30.015   71.58596 -161.39612     30.327    -1.5334    -1.5340    -1.5339    32.5518    32.5622  1026.3309    26.1844    275.110    261.390  369.40715     74.473     0.1905     0.7949     0.7873 1.0000e-12      10304          6  0.000e+00
     30.115   71.58596 -161.39612     30.428    -1.5338    -1.5343    -1.5344    32.5516    32.5626  1026.3312    26.1842    275.151    261.392  369.41234     74.484     0.1880     0.7802     0.7873 1.0000e-12      10305          6  0.000e+00
     30.015   71.58596 -161.39612     30.327    -1.5341    -1.5343    -1.5347    32.5521    32.5625  1026.3311    26.1847    274.921    261.156  369.41374     74.421     0.1880     0.7802     0.7885 1.0000e-12      10306          6  0.000e+00
     30.115   71.58596 -161.39612     30.428    -1.5345    -1.5345    -1.5350    32.5516    32.5626  1026.3312    26.1843    274.911    261.354  369.41865     74.417     0.1880     0.7802     0.7873 1.0000e-12      10307          6  0.000e+00
     30.069   71.58596 -161.39612     30.382    -1.5345    -1.5342    -1.5350    32.5515    32.5622  1026.3309    26.1842    274.891    261.116  369.41894     74.412     0.1880     0.7802     0.7873 1.0000e-12      10308          6  0.000e+00
     30.054   71.58596 -161.39612     30.366    -1.5347    -1.5343    -1.5353    32.5513    32.5627  1026.3307    26.1840    274.875    261.111  369.42237     74.407     0.1868     0.7729     0.7885 1.0000e-12      10309          6  0.000e+00
     30.069   71.58596 -161.39612     30.382    -1.5350    -1.5344    -1.5356    32.5518    32.5628  1026.3312    26.1845    275.117    261.077  369.42372     74.472     0.1880     0.7802     0.7885 1.0000e-12      10310          6  0.000e+00
     30.054   71.58596 -161.39612     30.366    -1.5349    -1.5345    -1.5354    32.5515    32.5632  1026.3309    26.1842    275.144    261.040  369.42290     74.479     0.1880     0.7802     0.7873 1.0000e-12      10311          6  0.000e+00
     30.069   71.58596 -161.39612     30.382    -1.5353    -1.5345    -1.5359    32.5522    32.5628  1026.3315    26.1848    274.915    261.005  369.42542     74.417     0.1880     0.7802     0.7873 1.0000e-12      10312          6  0.000e+00
     30.115   71.58596 -161.39612     30.428    -1.5352    -1.5345    -1.5358    32.5519    32.5628  1026.3315    26.1845    275.153    260.971  369.42523     74.481     0.1893     0.7875     0.7873 1.0000e-12      10313          6  0.000e+00
     30.069   71.58596 -161.39612     30.382    -1.5353    -1.5345    -1.5359    32.5517    32.5629  1026.3311    26.1844    275.177    260.933  369.42693     74.488     0.1880     0.7802     0.7873 1.0000e-12      10314          6  0.000e+00
     30.054   71.58596 -161.39612     30.366    -1.5353    -1.5348    -1.5359    32.5522    32.5631  1026.3314    26.1848    275.198    260.899  369.42552     74.494     0.1880     0.7802     0.7873 1.0000e-12      10315          6  0.000e+00
     30.069   71.58596 -161.39612     30.382    -1.5355    -1.5348    -1.5360    32.5522    32.5634  1026.3315    26.1848    275.221    260.863  369.42710     74.499     0.1880     0.7802     0.7873 1.0000e-12      10316          6  0.000e+00
     30.115   71.58596 -161.39612     30.429    -1.5357    -1.5349    -1.5362    32.5525    32.5631  1026.3320    26.1850    274.983    260.829  369.42797     74.435     0.1880     0.7802     0.7873 1.0000e-12      10317          6  0.000e+00
     30.069   71.58596 -161.39612     30.382    -1.5355    -1.5349    -1.5360    32.5520    32.5631  1026.3314    26.1847    274.950    260.826  369.42760     74.426     0.1893     0.7875     0.7885 1.0000e-12      10318          6  0.000e+00
     30.115   71.58596 -161.39612     30.429    -1.5355    -1.5348    -1.5360    32.5523    32.5628  1026.3318    26.1849    275.438    260.792  369.42693     74.558     0.1880     0.7802     0.7885 1.0000e-12      10319          6  0.000e+00
     30.069   71.58596 -161.39612     30.382    -1.5357    -1.5349    -1.5362    32.5521    32.5631  1026.3315    26.1848    275.243    260.790  369.42902     74.505     0.1880     0.7802     0.7873 1.0000e-12      10320          6  0.000e+00
     30.115   71.58596 -161.39612     30.429    -1.5357    -1.5349    -1.5362    32.5529    32.5629  1026.3323    26.1854    275.255    260.792  369.42684     74.509     0.1880     0.7802     0.7885 1.0000e-12      10321          6  0.000e+00
     30.069   71.58596 -161.39612     30.382    -1.5355    -1.5349    -1.5360    32.5523    32.5625  1026.3316    26.1849    275.264    260.759  369.42672     74.511     0.1880     0.7802     0.7898 1.0000e-12      10322          6  0.000e+00
     30.115   71.58596 -161.39612     30.429    -1.5353    -1.5353    -1.5359    32.5519    32.5628  1026.3315    26.1846    275.014    260.764  369.42626     74.444     0.1880     0.7802     0.7949 1.0000e-12      10323          6  0.000e+00
     30.069   71.58596 -161.39612     30.382    -1.5355    -1.5353    -1.5360    32.5524    32.5633  1026.3317    26.1849    275.231    260.960  369.42659     74.502     0.1880     0.7802     0.7974 1.0000e-12      10324          6  0.000e+00
     30.070   71.58596 -161.39614     30.383    -1.5336    -1.5353    -1.5342    32.5519    32.5631  1026.3312    26.1845    275.131    260.459  369.40971     74.479     0.1917     0.8022     0.7923 1.0000e-12      10472          7  0.000e+00
     30.116   71.58596 -161.39614     30.429    -1.5335    -1.5354    -1.5341    32.5517    32.5633  1026.3313    26.1844    275.194    260.467  369.40901     74.496     0.1917     0.8022     0.7923 1.0000e-12      10473          7  0.000e+00
     30.016   71.58596 -161.39614     30.328    -1.5335    -1.5351    -1.5341    32.5516    32.5629  1026.3307    26.1842    274.994    260.469  369.40946     74.442     0.1917     0.8022     0.7923 1.0000e-12      10474          7  0.000e+00
     30.116   71.58596 -161.39614     30.429    -1.5335    -1.5351    -1.5341    32.5521    32.5628  1026.3316    26.1846    275.218    260.479  369.40800     74.503     0.1905     0.7949     0.7923 1.0000e-12      10475          7  0.000e+00
     30.070   71.58596 -161.39614     30.383    -1.5335    -1.5354    -1.5341    32.5517    32.5630  1026.3311    26.1843    274.969    260.486  369.40905     74.435     0.1917     0.8022     0.7923 1.0000e-12      10476          7  0.000e+00
     30.116   71.58596 -161.39614     30.429    -1.5335    -1.5356    -1.5340    32.5516    32.5635  1026.3312    26.1842    275.190    260.495  369.40887     74.495     0.1929     0.8095     0.7923 1.0000e-12      10477          7  0.000e+00
     30.070   71.58596 -161.39614     30.383    -1.5336    -1.5354    -1.5342    32.5519    32.5630  1026.3312    26.1845    275.197    260.500  369.40971     74.497     0.1917     0.8022     0.7923 1.0000e-12      10478          7  0.000e+00
     30.116   71.58596 -161.39614     30.429    -1.5336    -1.5354    -1.5342    32.5523    32.5634  1026.3318    26.1848    275.153    260.736  369.40853     74.485     0.1929     0.8095     0.7923 1.0000e-12      10479          7  0.000e+00
     30.070   71.58596 -161.39614     30.383    -1.5335    -1.5354    -1.5341    32.5521    32.5632  1026.3314    26.1846    275.153    260.543  369.40805     74.485     0.1917     0.8022     0.7923 1.0000e-12      10480          7  0.000e+00
     30.116   71.58596 -161.39614     30.429    -1.5332    -1.5353    -1.5337    32.5516    32.5628  1026.3312    26.1843    275.152    260.584  369.40579     74.485     0.1929     0.8095     0.7923 1.0000e-12      10481          7  0.000e+00
     30.070   71.58596 -161.39614     30.383    -1.5332    -1.5354    -1.5337    32.5514    32.5631  1026.3308    26.1841    275.149    260.622  369.40646     74.484     0.1990     0.8461     0.7923 1.0000e-12      10482          7  0.000e+00
     30.055   71.58596 -161.39614     30.367    -1.5331    -1.5351    -1.5336    32.5512    32.5631  1026.3306    26.1839    275.144    260.889  369.40590     74.483     0.2051     0.8828     0.7923 1.0000e-12      10483          7  0.000e+00
     30.132   71.58596 -161.39614     30.445    -1.5332    -1.5351    -1.5337    32.5513    32.5627  1026.3311    26.1840    275.193    260.704  369.40670     74.496     0.2063     0.8901     0.7885 1.0000e-12      10484          7  0.000e+00
     30.116   71.58596 -161.39614     30.429    -1.5329    -1.5353    -1.5334    32.5515    32.5635  1026.3311    26.1841    275.183    260.712  369.40346     74.494     0.2051     0.8828     0.7835 1.0000e-12      10485          7  0.000e+00
     30.070   71.58596 -161.39614     30.383    -1.5331    -1.5353    -1.5336    32.5518    32.5633  1026.3311    26.1844    275.174    260.718  369.40417     74.491     0.2051     0.8828     0.7822 1.0000e-12      10486          7  0.000e+00
     30.116   71.58596 -161.39614     30.429    -1.5327    -1.5347    -1.5333    32.5510    32.5627  1026.3307    26.1838    275.164    260.953  369.40305     74.489     0.2039     0.8754     0.7822 1.0000e-12      10487          7  0.000e+00
     30.070   71.58596 -161.39614     30.383    -1.5327    -1.5347    -1.5333    32.5513    32.5632  1026.3307    26.1840    275.149    260.989  369.40221     74.485     0.2051     0.8828     0.7835 8.4714e-06      10488          7  0.000e+00
     30.055   71.58596 -161.39614     30.367    -1.5327    -1.5347    -1.5333    32.5512    32.5632  1026.3306    26.1839    275.135    260.993  369.40256     74.481     0.2039     0.8754     0.7835 1.0000e-12      10489          7  0.000e+00
     30.132   71.58596 -161.39614     30.445    -1.5327    -1.5344    -1.5333    32.5511    32.5633  1026.3309    26.1839    275.121    261.028  369.40270     74.477     0.2051     0.8828     0.7835 1.0000e-12      10490          7  0.000e+00
     30.116   71.58596 -161.39614     30.430    -1.5326    -1.5340    -1.5332    32.5512    32.5628  1026.3309    26.1839    275.152    260.829  369.40138     74.486     0.2063     0.8901     0.7835 1.0000e-12      10491          7  0.000e+00
     30.070   71.58596 -161.39614     30.383    -1.5327    -1.5342    -1.5333    32.5514    32.5628  1026.3308    26.1841    275.184    260.831  369.40183     74.495     0.2051     0.8828     0.7822 1.0000e-12      10492          7  0.000e+00
     30.116   71.58596 -161.39614     30.430    -1.5327    -1.5347    -1.5333    32.5510    32.5632  1026.3307    26.1838    274.858    261.065  369.40305     74.406     0.2051     0.8828     0.7822 1.0000e-12      10493          7  0.000e+00
     30.070   71.58596 -161.39614     30.383    -1.5327    -1.5345    -1.5333    32.5513    32.5632  1026.3307    26.1840    274.786    261.094  369.40221     74.387     0.2051     0.8828     0.7835 1.0000e-12      10494          7  0.000e+00
     30.116   71.58596 -161.39614     30.430    -1.5327    -1.5347    -1.5333    32.5514    32.5635  1026.3310    26.1841    275.027    261.094  369.40191     74.452     0.2051     0.8828     0.7835 1.0000e-12      10495          7  0.000e+00
     30.132   71.58596 -161.39614     30.445    -1.5327    -1.5349    -1.5333    32.5514    32.5639  1026.3311    26.1841    275.007    261.124  369.40182     74.447     0.2051     0.8828     0.7835 8.4714e-06      10496          7  0.000e+00
     30.055   71.58596 -161.39614     30.367    -1.5323    -1.5346    -1.5328    32.5507    32.5634  1026.3302    26.1835    274.979    261.146  369.39931     74.440     0.2051     0.8828     0.7835 1.0000e-12      10497          7  0.000e+00
     30.132   71.58596 -161.39614     30.445    -1.5326    -1.5347    -1.5332    32.5516    32.5629  1026.3313    26.1842    275.010    261.176  369.40016     74.448     0.2051     0.8828     0.7835 1.0000e-12      10498          7  0.000e+00
     30.116   71.58596 -161.39614     30.430    -1.5329    -1.5348    -1.5334    32.5515    32.5631  1026.3312    26.1842    275.039    261.200  369.40321     74.455     0.2051     0.8828     0.7835 1.0000e-12      10499          7  0.000e+00
     30.070   71.58596 -161.39614     30.383    -1.5326    -1.5345    -1.5332    32.5510    32.5635  1026.3305    26.1837    275.011    261.218  369.40193     74.448     0.2051     0.8828     0.7835 1.0000e-12      10500          7  0.000e+00
     30.116   71.58596 -161.39614     30.430    -1.5329    -1.5343    -1.5334    32.5517    32.5633  1026.3313    26.1843    274.780    261.206  369.40271     74.385     0.2039     0.8754     0.7822 1.0000e-12      10501          7  0.000e+00
     30.132   71.58596 -161.39614     30.445    -1.5327    -1.5342    -1.5333    32.5515    32.5633  1026.3312    26.1842    274.757    261.225  369.40156     74.379     0.2051     0.8828     0.7835 1.0000e-12      10502          7  0.000e+00
     30.116   71.58596 -161.39614     30.430    -1.5331    -1.5339    -1.5336    32.5516    32.5627  1026.3312    26.1842    274.428    261.207  369.40488     74.289     0.2039     0.8754     0.7835 1.0000e-12      10503          7  0.000e+00
     30.070   71.58596 -161.39614     30.383    -1.5331    -1.5340    -1.5336    32.5517    32.5629  1026.3311    26.1843    274.565    260.958  369.40442     74.326     0.2051     0.8828     0.7835 1.0000e-12      10504          7  0.000e+00
     30.055   71.58596 -161.39614     30.367    -1.5332    -1.5340    -1.5337    32.5520    32.5631  1026.3312    26.1846    273.771    260.905  369.40480     74.111     0.2051     0.8828     0.7860 8.4714e-06      10505          7  0.000e+00
     30.186   71.58596 -161.39614     30.500    -1.5331    -1.5336    -1.5336    32.5520    32.5626  1026.3318    26.1845    274.340    260.854  369.40375     74.266     0.2051     0.8828     0.7860 1.0000e-12      10506          7  0.000e+00
