EcoFOCI/data/1_SampleCollection/2023_SikuliaqDBO_CruiseData/CTD_raw_BottleFile_SKQ23-12S/proc/skq202312s_073.ros
* Sea-Bird SBE 9 Data File:
* FileName = D:\CTD\SKQ202312S\SKQ202312S_073.hex
* Software Version Seasave V 7.26.7.121
* Temperature SN = 6177
* Conductivity SN = 0369
* Number of Bytes Per Scan = 41
* Number of Voltage Words = 4
* Number of Scans Averaged by the Deck Unit = 1
* NMEA Latitude = 67 54.34 N
* NMEA Longitude = 168 10.75 W
* NMEA UTC (Time) = Oct 01 2023  20:50:17
* NMEA baud rate = 4800
** Ship: R/V Sikuliaq
** Station Number: 073
** Station Name: C12
** Bottom Depth: 58
** Operator: SD
** Mooring C12
# nquan = 22
# nvalues = 147                                   
# units = specified
# name 0 = depSM: Depth [salt water, m]
# name 1 = latitude: Latitude [deg]
# name 2 = longitude: Longitude [deg]
# name 3 = prDM: Pressure, Digiquartz [db]
# name 4 = t090C: Temperature [ITS-90, deg C]
# name 5 = t190C: Temperature, 2 [ITS-90, deg C]
# name 6 = potemp090C: Potential Temperature [ITS-90, deg C]
# name 7 = sal00: Salinity, Practical [PSU]
# name 8 = sal11: Salinity, Practical, 2 [PSU]
# name 9 = density00: Density [density, kg/m^3]
# name 10 = sigma-é00: Density [sigma-theta, kg/m^3]
# name 11 = sbox0Mm/Kg: Oxygen, SBE 43 [umol/kg]
# name 12 = sbox1Mm/Kg: Oxygen, SBE 43, 2 [umol/kg]
# name 13 = oxsolMm/Kg: Oxygen Saturation, Garcia & Gordon [umol/kg]
# name 14 = sbeox0PS: Oxygen, SBE 43 [% saturation]
# name 15 = v0: Voltage 0
# name 16 = flECO-AFL: Fluorescence, WET Labs ECO-AFL/FL [mg/m^3]
# name 17 = CStarAt0: Beam Attenuation, WET Labs C-Star [1/m]
# name 18 = par: PAR/Irradiance, Biospherical/Licor
# name 19 = scan: Scan Count
# name 20 = nbf: Bottles Fired
# name 21 = flag:  0.000e+00
# interval = seconds: 0.0416667
# start_time = Oct 01 2023 20:53:49 [NMEA time, first data scan]
# bad_flag = -9.990e-29
*END*
     47.796   67.90516 -168.17916     48.284     2.9538     2.9557     2.9511    32.4391    32.4435  1026.0721    25.8454    210.164    199.528  329.25880     63.829     0.0781     0.1209     1.5773 4.0292e-02       6816          1  0.000e+00
     47.742   67.90516 -168.17916     48.230     2.9539     2.9553     2.9512    32.4390    32.4448  1026.0718    25.8453    210.145    199.492  329.25772     63.824     0.0769     0.1135     1.5773 4.0740e-02       6817          1  0.000e+00
     47.796   67.90516 -168.17916     48.284     2.9539     2.9553     2.9512    32.4393    32.4458  1026.0723    25.8455    210.127    199.476  329.25699     63.819     0.0781     0.1209     1.5789 4.2089e-02       6818          1  0.000e+00
     47.742   67.90516 -168.17916     48.230     2.9543     2.9553     2.9516    32.4389    32.4462  1026.0716    25.8452    210.102    199.453  329.25542     63.811     0.0781     0.1209     1.5789 4.2996e-02       6819          1  0.000e+00
     47.796   67.90516 -168.17916     48.284     2.9542     2.9548     2.9515    32.4393    32.4473  1026.0722    25.8454    210.078    199.430  329.25499     63.804     0.0781     0.1209     1.5773 4.2996e-02       6820          1  0.000e+00
     47.742   67.90516 -168.17916     48.230     2.9542     2.9545     2.9515    32.4393    32.4478  1026.0719    25.8454    210.049    199.375  329.25501     63.795     0.0769     0.1135     1.5789 4.7603e-02       6821          1  0.000e+00
     47.796   67.90516 -168.17916     48.284     2.9541     2.9542     2.9514    32.4392    32.4488  1026.0721    25.8454    209.838    199.341  329.25599     63.731     0.0781     0.1209     1.5773 4.9483e-02       6822          1  0.000e+00
     47.796   67.90516 -168.17916     48.284     2.9541     2.9542     2.9514    32.4390    32.4488  1026.0720    25.8452    209.991    199.495  329.25649     63.777     0.0781     0.1209     1.5773 4.9956e-02       6823          1  0.000e+00
     47.796   67.90516 -168.17916     48.284     2.9541     2.9546     2.9514    32.4392    32.4486  1026.0721    25.8454    209.957    199.493  329.25599     63.767     0.0781     0.1209     1.5773 4.6671e-02       6824          1  0.000e+00
     47.796   67.90516 -168.17916     48.284     2.9539     2.9547     2.9512    32.4392    32.4485  1026.0721    25.8454    209.958    199.464  329.25740     63.767     0.0781     0.1209     1.5773 4.4364e-02       6825          1  0.000e+00
     47.742   67.90516 -168.17916     48.230     2.9544     2.9553     2.9517    32.4387    32.4473  1026.0714    25.8450    209.916    199.427  329.25511     63.755     0.0781     0.1209     1.5773 4.3907e-02       6826          1  0.000e+00
     47.796   67.90516 -168.17916     48.284     2.9541     2.9548     2.9514    32.4387    32.4477  1026.0718    25.8450    209.915    199.414  329.25719     63.754     0.0781     0.1209     1.5681 4.5283e-02       6827          1  0.000e+00
     47.796   67.90516 -168.17916     48.284     2.9544     2.9551     2.9517    32.4382    32.4477  1026.0713    25.8446    209.872    199.392  329.25639     63.741     0.0769     0.1135     1.5651 4.6671e-02       6828          1  0.000e+00
     47.796   67.90516 -168.17916     48.284     2.9539     2.9547     2.9512    32.4388    32.4480  1026.0718    25.8451    209.864    199.368  329.25840     63.739     0.0781     0.1209     1.5651 4.6671e-02       6829          1  0.000e+00
     47.796   67.90516 -168.17916     48.284     2.9542     2.9542     2.9515    32.4385    32.4486  1026.0716    25.8449    210.072    199.339  329.25679     63.802     0.0769     0.1135     1.5666 5.0431e-02       6830          1  0.000e+00
     47.796   67.90516 -168.17916     48.284     2.9542     2.9545     2.9515    32.4381    32.4481  1026.0713    25.8445    209.876    199.303  329.25780     63.742     0.0781     0.1209     1.5666 5.4762e-02       6831          1  0.000e+00
     47.796   67.90516 -168.17916     48.284     2.9541     2.9550     2.9514    32.4383    32.4477  1026.0714    25.8447    209.861    199.285  329.25820     63.738     0.0781     0.1209     1.5651 5.5740e-02       6832          1  0.000e+00
     47.742   67.90516 -168.17916     48.230     2.9542     2.9552     2.9515    32.4383    32.4469  1026.0711    25.8447    209.843    199.263  329.25742     63.732     0.0781     0.1209     1.5666 5.1863e-02       6833          1  0.000e+00
     47.796   67.90516 -168.17916     48.284     2.9543     2.9554     2.9515    32.4385    32.4465  1026.0715    25.8448    209.826    199.240  329.25659     63.727     0.0781     0.1209     1.5666 4.4823e-02       6834          1  0.000e+00
     47.796   67.90516 -168.17916     48.284     2.9544     2.9555     2.9517    32.4384    32.4467  1026.0715    25.8447    209.807    199.408  329.25589     63.721     0.0781     0.1209     1.5666 4.2996e-02       6835          1  0.000e+00
     47.796   67.90516 -168.17916     48.284     2.9544     2.9557     2.9517    32.4382    32.4465  1026.0713    25.8446    209.786    199.397  329.25639     63.715     0.0781     0.1209     1.5666 4.1638e-02       6836          1  0.000e+00
     47.742   67.90516 -168.17916     48.230     2.9544     2.9558     2.9517    32.4381    32.4465  1026.0710    25.8445    209.762    199.381  329.25612     63.708     0.0806     0.1355     1.5651 3.6758e-02       6837          1  0.000e+00
     47.796   67.90516 -168.17916     48.284     2.9544     2.9559     2.9517    32.4381    32.4462  1026.0712    25.8445    209.741    199.363  329.25659     63.701     0.0830     0.1502     1.5666 3.5454e-02       6838          1  0.000e+00
     47.796   67.90516 -168.17916     48.284     2.9546     2.9560     2.9519    32.4381    32.4462  1026.0712    25.8445    209.714    199.559  329.25479     63.694     0.0830     0.1502     1.5666 3.6758e-02       6839          1  0.000e+00
     47.742   67.90516 -168.17916     48.230     2.9544     2.9559     2.9517    32.4384    32.4461  1026.0712    25.8447    209.906    199.380  329.25582     63.752     0.0830     0.1502     1.5651 4.4364e-02       6840          1  0.000e+00
     47.796   67.90516 -168.17916     48.284     2.9545     2.9560     2.9518    32.4382    32.4468  1026.0713    25.8446    209.694    199.348  329.25499     63.687     0.0830     0.1502     1.5666 4.7603e-02       6841          1  0.000e+00
     47.742   67.90516 -168.17916     48.230     2.9543     2.9554     2.9516    32.4386    32.4487  1026.0713    25.8449    209.663    199.333  329.25632     63.678     0.0830     0.1502     1.5666 4.7603e-02       6842          1  0.000e+00
     47.742   67.90516 -168.17916     48.230     2.9542     2.9553     2.9515    32.4390    32.4498  1026.0717    25.8452    209.667    199.338  329.25572     63.679     0.0830     0.1502     1.5651 4.4364e-02       6843          1  0.000e+00
     47.796   67.90516 -168.17916     48.284     2.9543     2.9554     2.9515    32.4389    32.4496  1026.0718    25.8451    209.672    199.343  329.25559     63.681     0.0830     0.1502     1.5651 4.2996e-02       6844          1  0.000e+00
     47.742   67.90516 -168.17916     48.230     2.9542     2.9555     2.9515    32.4393    32.4494  1026.0720    25.8455    209.638    199.343  329.25481     63.670     0.0830     0.1502     1.5651 4.2996e-02       6845          1  0.000e+00
     47.796   67.90516 -168.17916     48.284     2.9542     2.9554     2.9515    32.4390    32.4493  1026.0719    25.8452    209.606    199.343  329.25569     63.661     0.0830     0.1502     1.5666 4.2089e-02       6846          1  0.000e+00
     47.742   67.90516 -168.17918     48.230     2.9543     2.9555     2.9516    32.4384    32.4491  1026.0712    25.8447    209.607    199.533  329.25672     63.661     0.0830     0.1502     1.5559 4.1188e-02       6847          1  0.000e+00
     47.742   67.90516 -168.17918     48.230     2.9544     2.9556     2.9517    32.4388    32.4491  1026.0715    25.8450    209.388    199.546  329.25491     63.595     0.0818     0.1428     1.5482 4.1188e-02       6848          1  0.000e+00
     47.742   67.90516 -168.17918     48.230     2.9543     2.9555     2.9516    32.4385    32.4489  1026.0713    25.8448    209.539    199.362  329.25652     63.640     0.0830     0.1502     1.5482 4.0740e-02       6849          1  0.000e+00
     47.796   67.90516 -168.17918     48.284     2.9547     2.9557     2.9520    32.4376    32.4480  1026.0708    25.8440    209.504    199.348  329.25529     63.630     0.0818     0.1428     1.5482 4.0292e-02       6850          1  0.000e+00
     47.680   67.90516 -168.17918     48.167     2.9547     2.9556     2.9520    32.4367    32.4480  1026.0695    25.8434    209.502    199.327  329.25744     63.629     0.0830     0.1502     1.5482 4.0292e-02       6851          1  0.000e+00
     47.796   67.90516 -168.17918     48.284     2.9546     2.9556     2.9519    32.4365    32.4480  1026.0699    25.8432    209.507    199.506  329.25890     63.630     0.0830     0.1502     1.5482 3.8958e-02       6852          1  0.000e+00
     47.680   67.90516 -168.17918     48.167     2.9549     2.9558     2.9521    32.4361    32.4480  1026.0690    25.8428    209.502    199.499  329.25774     63.629     0.0830     0.1502     1.5482 3.6322e-02       6853          1  0.000e+00
     47.742   67.90516 -168.17918     48.230     2.9549     2.9557     2.9522    32.4359    32.4479  1026.0692    25.8427    209.504    199.520  329.25773     63.629     0.0830     0.1502     1.5482 3.5887e-02       6854          1  0.000e+00
     47.734   67.90516 -168.17918     48.222     2.9550     2.9558     2.9523    32.4350    32.4479  1026.0684    25.8419    209.505    199.511  329.25922     63.629     0.0830     0.1502     1.5482 3.8958e-02       6855          1  0.000e+00
     47.742   67.90516 -168.17918     48.230     2.9553     2.9557     2.9526    32.4345    32.4473  1026.0680    25.8415    209.504    199.328  329.25773     63.629     0.0830     0.1502     1.5482 4.3450e-02       6856          1  0.000e+00
     47.742   67.90516 -168.17918     48.230     2.9553     2.9558     2.9526    32.4335    32.4474  1026.0672    25.8407    209.505    199.486  329.26024     63.629     0.0818     0.1428     1.5482 4.4823e-02       6857          1  0.000e+00
     47.680   67.90516 -168.17918     48.167     2.9555     2.9562     2.9528    32.4322    32.4466  1026.0659    25.8397    209.505    199.489  329.26216     63.629     0.0830     0.1502     1.5482 4.6207e-02       6858          1  0.000e+00
     47.742   67.90516 -168.17918     48.230     2.9557     2.9558     2.9529    32.4313    32.4470  1026.0654    25.8389    209.507    199.495  329.26325     63.629     0.0818     0.1428     1.5482 5.0431e-02       6859          1  0.000e+00
     47.680   67.90516 -168.17918     48.167     2.9560     2.9558     2.9533    32.4315    32.4472  1026.0653    25.8391    209.503    199.493  329.26005     63.628     0.0830     0.1502     1.5482 5.2342e-02       6860          1  0.000e+00
     47.742   67.90516 -168.17918     48.230     2.9558     2.9559     2.9531    32.4325    32.4468  1026.0663    25.8399    209.504    199.492  329.25893     63.629     0.0830     0.1502     1.5482 4.9956e-02       6861          1  0.000e+00
     47.680   67.90516 -168.17918     48.167     2.9561     2.9560     2.9534    32.4328    32.4466  1026.0663    25.8402    209.500    199.289  329.25533     63.628     0.0818     0.1428     1.5482 4.2996e-02       6862          1  0.000e+00
     47.680   67.90516 -168.17918     48.167     2.9561     2.9557     2.9534    32.4328    32.4466  1026.0663    25.8401    209.500    199.259  329.25553     63.628     0.0806     0.1355     1.5482 4.0292e-02       6863          1  0.000e+00
     47.742   67.90516 -168.17918     48.230     2.9560     2.9558     2.9533    32.4335    32.4465  1026.0671    25.8407    209.502    199.228  329.25512     63.629     0.0781     0.1209     1.5482 4.0740e-02       6864          1  0.000e+00
     47.742   67.90516 -168.17918     48.230     2.9561     2.9568     2.9534    32.4304    32.4419  1026.0647    25.8382    209.607    198.310  329.26154     63.660     0.0806     0.1355     1.5743 6.7910e-02       6892          2  0.000e+00
     47.626   67.90516 -168.17918     48.113     2.9561     2.9567     2.9534    32.4305    32.4421  1026.0642    25.8383    209.598    198.270  329.26128     63.657     0.0781     0.1209     1.5743 6.2230e-02       6893          2  0.000e+00
     47.742   67.90516 -168.17918     48.230     2.9561     2.9568     2.9534    32.4302    32.4416  1026.0645    25.8380    209.596    198.237  329.26204     63.656     0.0794     0.1282     1.5743 5.8208e-02       6894          2  0.000e+00
     47.626   67.90516 -168.17918     48.113     2.9561     2.9570     2.9534    32.4301    32.4410  1026.0639    25.8380    209.368    198.198  329.26209     63.587     0.0781     0.1209     1.5743 5.7712e-02       6895          2  0.000e+00
     47.680   67.90516 -168.17918     48.167     2.9565     2.9570     2.9538    32.4296    32.4407  1026.0637    25.8375    209.547    198.190  329.26085     63.642     0.0794     0.1282     1.5743 5.9706e-02       6896          2  0.000e+00
     47.734   67.90516 -168.17918     48.222     2.9565     2.9572     2.9537    32.4299    32.4403  1026.0642    25.8378    209.507    198.182  329.26012     63.630     0.0781     0.1209     1.5743 6.1216e-02       6897          2  0.000e+00
     47.680   67.90516 -168.17918     48.167     2.9565     2.9572     2.9538    32.4296    32.4398  1026.0637    25.8376    209.500    198.151  329.26075     63.627     0.0794     0.1282     1.5743 6.1216e-02       6898          2  0.000e+00
     47.680   67.90516 -168.17918     48.167     2.9563     2.9576     2.9536    32.4297    32.4389  1026.0638    25.8376    209.495    198.121  329.26196     63.626     0.0781     0.1209     1.5743 6.1722e-02       6899          2  0.000e+00
     47.680   67.90516 -168.17918     48.167     2.9565     2.9575     2.9538    32.4295    32.4384  1026.0637    25.8375    209.489    198.093  329.26106     63.624     0.0794     0.1282     1.5743 6.2739e-02       6900          2  0.000e+00
     47.680   67.90516 -168.17918     48.167     2.9565     2.9573     2.9538    32.4291    32.4388  1026.0633    25.8371    209.484    198.090  329.26216     63.622     0.0794     0.1282     1.5743 6.3250e-02       6901          2  0.000e+00
     47.680   67.90516 -168.17918     48.167     2.9565     2.9573     2.9538    32.4292    32.4388  1026.0634    25.8372    209.478    198.284  329.26196     63.620     0.0794     0.1282     1.5743 6.1216e-02       6902          2  0.000e+00
     47.680   67.90516 -168.17918     48.167     2.9565     2.9572     2.9538    32.4288    32.4388  1026.0631    25.8369    209.472    198.111  329.26286     63.619     0.0794     0.1282     1.5743 5.7712e-02       6903          2  0.000e+00
     47.742   67.90516 -168.17918     48.230     2.9563     2.9568     2.9536    32.4288    32.4391  1026.0634    25.8369    209.469    198.115  329.26415     63.617     0.0794     0.1282     1.5743 5.6231e-02       6904          2  0.000e+00
     47.680   67.90516 -168.17918     48.167     2.9566     2.9572     2.9539    32.4287    32.4391  1026.0630    25.8368    209.460    198.090  329.26176     63.615     0.0794     0.1282     1.5743 5.5740e-02       6905          2  0.000e+00
     47.680   67.90516 -168.17918     48.167     2.9566     2.9572     2.9539    32.4286    32.4396  1026.0629    25.8367    209.454    198.093  329.26216     63.613     0.0781     0.1209     1.5743 5.4276e-02       6906          2  0.000e+00
     47.734   67.90516 -168.17918     48.222     2.9565     2.9573     2.9537    32.4284    32.4392  1026.0630    25.8366    209.451    198.100  329.26384     63.612     0.0794     0.1282     1.5697 5.3790e-02       6907          2  0.000e+00
