EcoFOCI/data/1_SampleCollection/2023_SikuliaqDBO_CruiseData/CTD_raw_BottleFile_SKQ23-12S/proc/skq202312s_053avg.cnv
* Sea-Bird SBE 9 Data File:
* FileName = D:\CTD\SKQ202312S\SKQ202312S_053.hex
* Software Version Seasave V 7.26.7.121
* Temperature SN = 6177
* Conductivity SN = 0369
* Number of Bytes Per Scan = 41
* Number of Voltage Words = 4
* Number of Scans Averaged by the Deck Unit = 1
* NMEA Latitude = 70 50.92 N
* NMEA Longitude = 163 11.04 W
* NMEA UTC (Time) = Sep 26 2023  23:34:43
* NMEA baud rate = 4800
** Ship: R/V Sikuliaq
** Station Number: 053
** Station Name: IC9
** Bottom Depth: 44
** Operator: SS
# nquan = 25
# nvalues = 38                          
# units = specified
# name 0 = depSM: Depth [salt water, m]
# name 1 = latitude: Latitude [deg]
# name 2 = longitude: Longitude [deg]
# name 3 = prDM: Pressure, Digiquartz [db]
# name 4 = t090C: Temperature [ITS-90, deg C]
# name 5 = t190C: Temperature, 2 [ITS-90, deg C]
# name 6 = potemp090C: Potential Temperature [ITS-90, deg C]
# name 7 = sal00: Salinity, Practical [PSU]
# name 8 = sal11: Salinity, Practical, 2 [PSU]
# name 9 = density00: Density [density, kg/m^3]
# name 10 = sigma-é00: Density [sigma-theta, kg/m^3]
# name 11 = sbox0Mm/Kg: Oxygen, SBE 43 [umol/kg]
# name 12 = sbox1Mm/Kg: Oxygen, SBE 43, 2 [umol/kg]
# name 13 = oxsolMm/Kg: Oxygen Saturation, Garcia & Gordon [umol/kg]
# name 14 = sbeox0PS: Oxygen, SBE 43 [% saturation]
# name 15 = sbeox1PS: Oxygen, SBE 43, 2 [% saturation]
# name 16 = v0: Voltage 0
# name 17 = flECO-AFL: Fluorescence, WET Labs ECO-AFL/FL [mg/m^3]
# name 18 = v1: Voltage 1
# name 19 = CStarAt0: Beam Attenuation, WET Labs C-Star [1/m]
# name 20 = par: PAR/Irradiance, Biospherical/Licor
# name 21 = scan: Scan Count
# name 22 = timeM: Time, Elapsed [minutes]
# name 23 = nbin: number of scans per bin
# name 24 = flag: flag
# span 0 =      1.980,     38.600       
# span 1 =   70.84866,   70.84869       
# span 2 = -163.18456, -163.18432       
# span 3 =      2.000,     39.000       
# span 4 =     4.3940,     6.8385       
# span 5 =     4.3950,     6.8342       
# span 6 =     4.3919,     6.8372       
# span 7 =    29.2162,    31.7959       
# span 8 =    29.1855,    31.8224       
# span 9 =  1023.0400,  1025.3749       
# span 10 =    23.0306,    25.1979      
# span 11 =    234.551,    299.064      
# span 12 =    220.750,    280.029      
# span 13 =  302.33846,  319.44615      
# span 14 =     73.429,     94.673      
# span 15 =     69.112,     88.862      
# span 16 =     0.0805,     0.2221      
# span 17 =     0.1350,     0.9846      
# span 18 =     2.3527,     4.1713      
# span 19 =     0.4879,     2.7799      
# span 20 = -1.265e-05, 1.1624e+02      
# span 21 =       -458,       4032      
# span 22 =    -0.3185,     2.7990      
# span 23 =          4,        638      
# span 24 = 0.0000e+00, 0.0000e+00      
# interval = decibars: 1                
# start_time = Sep 26 2023 23:38:01 [NMEA time, first data scan]
# bad_flag = -9.990e-29
*END*
      1.980   70.84866 -163.18432      2.000     5.5958     5.5847     5.5956    29.2162    29.1855  1023.0400    23.0306    298.863    276.858  316.41830     94.452     87.455     0.1835     0.7526     4.0184     0.6373 1.1624e+02       -458    -0.3185          4 0.0000e+00
      2.969   70.84866 -163.18436      3.000     5.6104     5.6123     5.6102    29.4197    29.4217  1023.2038    23.1899    298.843    277.592  315.83166     94.621     87.897     0.1755     0.7049     4.0296     0.6262 9.2535e+01        545     0.3777        299 0.0000e+00
      3.959   70.84866 -163.18437      4.000     5.5966     5.6044     5.5963    29.4388    29.4725  1023.2250    23.2064    299.064    277.082  315.89048     94.673     87.753     0.1705     0.6750     4.0313     0.6245 7.2315e+01        612     0.4240        136 0.0000e+00
      4.949   70.84866 -163.18438      5.000     5.6426     5.6475     5.6423    29.5461    29.5628  1023.3094    23.2861    297.884    277.467  315.29421     94.478     88.023     0.1937     0.8141     4.0313     0.6245 6.0440e+01        728     0.5046        116 0.0000e+00
      5.939   70.84866 -163.18438      6.000     5.6125     5.6119     5.6121    29.4942    29.5004  1023.2764    23.2485    298.624    278.670  315.64058     94.609     88.290     0.1903     0.7936     4.0269     0.6289 4.9386e+01        843     0.5850        125 0.0000e+00
      6.929   70.84866 -163.18438      7.000     5.6046     5.6064     5.6041    29.4638    29.4795  1023.2579    23.2253    298.798    280.029  315.77108     94.625     88.695     0.1893     0.7875     4.0274     0.6283 4.0239e+01        965     0.6696        124 0.0000e+00
      7.918   70.84866 -163.18440      8.000     5.6641     5.6718     5.6635    29.5708    29.5876  1023.3405    23.3033    298.269    277.782  315.07722     94.665     88.190     0.1855     0.7652     4.0338     0.6220 3.3402e+01       1089     0.7554        123 0.0000e+00
      8.908   70.84866 -163.18440      9.000     5.6510     5.6517     5.6503    29.7211    29.7341  1023.4653    23.4235    296.919    279.268  314.82263     94.313     88.717     0.2052     0.8836     4.0506     0.6054 2.8176e+01       1217     0.8445        135 0.0000e+00
      9.898   70.84866 -163.18440     10.000     5.7949     5.7848     5.7942    29.9072    29.9053  1023.6008    23.5543    296.254    278.106  313.32170     94.553     88.738     0.2096     0.9096     4.0662     0.5900 2.4068e+01       1349     0.9362        120 0.0000e+00
     10.888   70.84866 -163.18441     11.000     5.8079     5.8115     5.8071    30.0735    30.0292  1023.7353    23.6842    294.125    276.923  312.83939     94.018     88.498     0.2142     0.9370     4.0704     0.5859 2.0225e+01       1469     1.0197        115 0.0000e+00
     11.878   70.84867 -163.18442     12.000     5.8815     5.8800     5.8806    30.4895    30.4936  1024.0599    24.0042    293.434    275.341  311.33658     94.250     88.438     0.2221     0.9846     4.0900     0.5666 1.7369e+01       1593     1.1058        107 0.0000e+00
     12.867   70.84868 -163.18442     13.000     6.0715     6.0917     6.0705    30.7523    30.7560  1024.2496    24.1894    291.518    274.543  309.35079     94.235     88.791     0.2091     0.9065     4.1012     0.5557 1.4896e+01       1677     1.1641         62 0.0000e+00
     13.857   70.84868 -163.18442     14.000     6.7152     6.7554     6.7140    31.3288    31.3294  1024.6294    24.5649    286.233    268.367  303.46108     94.324     88.519     0.1805     0.7350     4.1519     0.5066 1.2996e+01       1731     1.2012         53 0.0000e+00
     14.847   70.84868 -163.18442     15.000     6.8385     6.8342     6.8372    31.4460    31.4521  1024.7105    24.6415    283.331    268.678  302.33846     93.713     88.862     0.1445     0.5191     4.1713     0.4879 1.1482e+01       1779     1.2350         48 0.0000e+00
     15.837   70.84868 -163.18444     16.000     6.7138     6.6868     6.7125    31.4588    31.4804  1024.7412    24.6675    274.803    261.516  303.18091     90.641     86.218     0.1245     0.3989     4.1694     0.4897 1.0269e+01       1832     1.2712         51 0.0000e+00
     16.826   70.84868 -163.18444     17.000     6.6095     6.5913     6.6081    31.5419    31.5657  1024.8246    24.7462    272.763    258.412  303.72552     89.806     85.060     0.1194     0.3686     4.1707     0.4885 9.2871e+00       1881     1.3055         46 0.0000e+00
     17.816   70.84868 -163.18444     18.000     6.1727     6.0845     6.1712    31.6076    31.6532  1024.9352    24.8520    277.419    262.921  306.67712     90.460     85.585     0.1042     0.2769     4.1554     0.5032 8.3822e+00       1928     1.3383         47 0.0000e+00
     18.806   70.84868 -163.18444     19.000     5.8639     5.8547     5.8624    31.6396    31.6566  1025.0024    24.9145    273.890    258.256  308.82173     88.689     83.619     0.0978     0.2386     4.1268     0.5308 7.6191e+00       1976     1.3713         45 0.0000e+00
     19.796   70.84868 -163.18444     20.000     5.7905     5.7853     5.7890    31.6397    31.6550  1025.0158    24.9232    270.912    252.374  309.35326     87.574     81.580     0.0974     0.2361     4.1177     0.5396 6.8675e+00       2020     1.4024         46 0.0000e+00
     20.785   70.84868 -163.18444     21.000     5.2582     5.2078     5.2566    31.7105    31.7645  1025.1373    25.0398    272.228    256.155  313.10597     86.946     81.745     0.0931     0.2106     3.9183     0.7456 6.3104e+00       2068     1.4352         43 0.0000e+00
     21.775   70.84868 -163.18444     22.000     4.7322     4.7185     4.7307    31.7959    31.8224  1025.2670    25.1646    269.683    255.208  316.84482     85.115     80.537     0.0893     0.1879     3.3238     1.4007 5.7709e+00       2112     1.4657         43 0.0000e+00
     22.765   70.84868 -163.18444     23.000     4.5971     4.5790     4.5956    31.7917    31.8145  1025.2825    25.1753    262.814    245.948  317.88281     82.677     77.351     0.0846     0.1598     2.9698     1.8477 5.1698e+00       2158     1.4982         48 0.0000e+00
     23.754   70.84868 -163.18446     24.000     4.4442     4.4421     4.4426    31.7957    31.8152  1025.3061    25.1942    248.982    234.855  319.04388     78.041     73.620     0.0836     0.1535     2.7196     2.2024 4.3280e+00       2204     1.5301         47 0.0000e+00
     24.744   70.84868 -163.18446     25.000     4.4061     4.4076     4.4044    31.7955    31.8114  1025.3145    25.1979    240.674    226.932  319.33747     75.367     71.074     0.0844     0.1583     2.5518     2.4545 3.3997e+00       2251     1.5625         45 0.0000e+00
     25.734   70.84868 -163.18446     26.000     4.3994     4.4000     4.3977    31.7944    31.8086  1025.3189    25.1977    236.309    223.399  319.39176     73.987     69.954     0.0817     0.1424     2.4818     2.5657 2.4713e+00       2297     1.5946         44 0.0000e+00
     26.723   70.84868 -163.18446     27.000     4.3975     4.3978     4.3957    31.7935    31.8074  1025.3231    25.1972    235.445    222.424  319.40861     73.713     69.644     0.0824     0.1467     2.4694     2.5858 1.6678e+00       2344     1.6271         48 0.0000e+00
     27.713   70.84868 -163.18446     28.000     4.3957     4.3957     4.3938    31.7928    31.8063  1025.3274    25.1968    235.948    223.030  319.42398     73.867     69.830     0.0805     0.1350     2.4065     2.6891 1.0640e+00       2399     1.6652         61 0.0000e+00
     28.703   70.84868 -163.18446     29.000     4.3950     4.3950     4.3931    31.7916    31.8046  1025.3312    25.1960    236.124    222.066  319.43192     73.920     69.526     0.0806     0.1357     2.3944     2.7091 6.3377e-01       2466     1.7119         72 0.0000e+00
     29.693   70.84868 -163.18448     30.000     4.3946     4.3952     4.3926    31.7904    31.8029  1025.3349    25.1951    235.928    221.935  319.43806     73.857     69.484     0.0822     0.1451     2.4046     2.6921 3.7030e-01       2544     1.7659         82 0.0000e+00
     30.682   70.84868 -163.18448     31.000     4.3940     4.3950     4.3919    31.7891    31.8012  1025.3386    25.1941    235.909    220.750  319.44615     73.849     69.112     0.0816     0.1418     2.3869     2.7219 2.0721e-01       2627     1.8236         78 0.0000e+00
     31.672   70.84868 -163.18448     32.000     4.3959     4.3961     4.3938    31.7884    31.8016  1025.3426    25.1933    235.459    221.330  319.43278     73.711     69.296     0.0817     0.1421     2.3527     2.7799 1.0138e-01       2707     1.8793         79 0.0000e+00
     32.662   70.84868 -163.18450     33.000     4.3951     4.3952     4.3929    31.7890    31.8008  1025.3478    25.1939    235.326    221.563  319.43772     73.669     69.366     0.0818     0.1427     2.3637     2.7610 3.9919e-02       2791     1.9373         87 0.0000e+00
     33.651   70.84868 -163.18451     34.000     4.3973     4.3965     4.3950    31.7883    31.8000  1025.3516    25.1931    235.147    221.154  319.42283     73.616     69.240     0.0824     0.1468     2.3561     2.7767 6.8293e-03       3096     2.1496        638 0.0000e+00
     34.641   70.84868 -163.18454     35.000     4.3960     4.3970     4.3937    31.7879    31.7991  1025.3561    25.1929    234.786    221.183  319.43325     73.501     69.250     0.0809     0.1371     2.3734     2.7450 -1.265e-05       3541     2.4580        105 0.0000e+00
     35.631   70.84868 -163.18454     36.000     4.3967     4.3977     4.3943    31.7876    31.7989  1025.3605    25.1926    234.853    221.408  319.42907     73.523     69.321     0.0812     0.1391     2.3857     2.7237 3.8091e-06       3637     2.5249         98 0.0000e+00
     36.620   70.84868 -163.18454     37.000     4.3969     4.3984     4.3944    31.7880    31.7993  1025.3655    25.1930    234.551    221.015  319.42620     73.429     69.199     0.0805     0.1352     2.3976     2.7039 3.6954e-06       3741     2.5969        103 0.0000e+00
     37.610   70.84868 -163.18454     38.000     4.3979     4.3990     4.3954    31.7881    31.7992  1025.3701    25.1929    234.718    221.418  319.41824     73.483     69.327     0.0812     0.1392     2.3982     2.7028 4.2714e-06       3850     2.6730        121 0.0000e+00
     38.600   70.84869 -163.18456     39.000     4.4001     4.4014     4.3975    31.7885    31.7996  1025.3749    25.1930    234.830    221.348  319.40032     73.522     69.309     0.0816     0.1415     2.4027     2.6954 4.1986e-06       4032     2.7990        279 0.0000e+00
