EcoFOCI/data/1_SampleCollection/2023_SikuliaqDBO_CruiseData/CTD_raw_BottleFile_SKQ23-12S/proc/skq202312s_060svp.cnv
* Sea-Bird SBE 9 Data File:
* FileName = D:\CTD\SKQ202312S\SKQ202312S_060.hex
* Software Version Seasave V 7.26.7.121
* Temperature SN = 6177
* Conductivity SN = 0369
* Number of Bytes Per Scan = 41
* Number of Voltage Words = 4
* Number of Scans Averaged by the Deck Unit = 1
* NMEA Latitude = 71 36.06 N
* NMEA Longitude = 165 18.28 W
* NMEA UTC (Time) = Sep 27 2023  22:11:30
* NMEA baud rate = 4800
** Ship: R/V Sikuliaq
** Station Number: 060
** Station Name: IC3
** Bottom Depth: 42
** Operator: SD
# nquan = 7
# nvalues = 6164                                  
# units = specified
# name 0 = depSM: Depth [salt water, m]
# name 1 = latitude: Latitude [deg]
# name 2 = longitude: Longitude [deg]
# name 3 = t090C: Temperature [ITS-90, deg C]
# name 4 = sal00: Salinity, Practical [PSU]
# name 5 = svCM: Sound Velocity [Chen-Millero, m/s]
# name 6 = flag:  0.000e+00
# span 0 =      1.992,     36.973                 
# span 1 =   71.60090,   71.60090                 
# span 2 = -165.30478, -165.30476                 
# span 3 =    -1.0353,     3.2514                 
# span 4 =    30.3820,    32.5335                 
# span 5 =    1441.49,    1458.35                 
# span 6 = 0.0000e+00, 0.0000e+00                 
# interval = seconds: 0.0416667
# start_time = Sep 27 2023 22:14:51 [NMEA time, first data scan]
# bad_flag = -9.990e-29
*END*
[from data line 2667]
     31.237   71.60090 -165.30476    -0.8636    32.4538    1442.21  0.000e+00
     31.199   71.60090 -165.30476    -0.8653    32.4553    1442.20  0.000e+00
     31.237   71.60090 -165.30476    -0.8675    32.4578    1442.20  0.000e+00
     31.199   71.60090 -165.30476    -0.8685    32.4584    1442.19  0.000e+00
     31.237   71.60090 -165.30476    -0.8699    32.4584    1442.19  0.000e+00
     31.253   71.60090 -165.30476    -0.8710    32.4586    1442.18  0.000e+00
     31.253   71.60090 -165.30476    -0.8720    32.4592    1442.18  0.000e+00
     31.299   71.60090 -165.30476    -0.8725    32.4597    1442.18  0.000e+00
     31.314   71.60090 -165.30476    -0.8733    32.4595    1442.17  0.000e+00
     31.299   71.60090 -165.30476    -0.8742    32.4593    1442.17  0.000e+00
     31.253   71.60090 -165.30476    -0.8750    32.4583    1442.16  0.000e+00
     31.299   71.60090 -165.30476    -0.8762    32.4573    1442.16  0.000e+00
     31.314   71.60090 -165.30476    -0.8777    32.4573    1442.15  0.000e+00
     31.368   71.60090 -165.30476    -0.8790    32.4572    1442.14  0.000e+00
     31.353   71.60090 -165.30476    -0.8794    32.4562    1442.14  0.000e+00
     31.314   71.60090 -165.30476    -0.8801    32.4560    1442.14  0.000e+00
     31.353   71.60090 -165.30476    -0.8823    32.4563    1442.13  0.000e+00
     31.368   71.60090 -165.30476    -0.8843    32.4570    1442.12  0.000e+00
     31.368   71.60090 -165.30476    -0.8854    32.4563    1442.11  0.000e+00
     31.415   71.60090 -165.30476    -0.8870    32.4550    1442.10  0.000e+00
     31.368   71.60090 -165.30476    -0.8885    32.4542    1442.10  0.000e+00
     31.415   71.60090 -165.30476    -0.8895    32.4536    1442.09  0.000e+00
     31.430   71.60090 -165.30476    -0.8911    32.4530    1442.08  0.000e+00
     31.415   71.60090 -165.30476    -0.8934    32.4536    1442.07  0.000e+00
     31.430   71.60090 -165.30476    -0.8963    32.4550    1442.06  0.000e+00
     31.430   71.60090 -165.30476    -0.8989    32.4557    1442.05  0.000e+00
     31.468   71.60090 -165.30476    -0.9019    32.4563    1442.04  0.000e+00
     31.430   71.60090 -165.30476    -0.9041    32.4572    1442.03  0.000e+00
     31.468   71.60090 -165.30476    -0.9066    32.4589    1442.02  0.000e+00
     31.430   71.60090 -165.30476    -0.9079    32.4589    1442.01  0.000e+00
     31.530   71.60090 -165.30476    -0.9093    32.4583    1442.00  0.000e+00
     31.484   71.60090 -165.30476    -0.9118    32.4594    1441.99  0.000e+00
     31.538   71.60090 -165.30476    -0.9138    32.4601    1441.99  0.000e+00
     31.530   71.60090 -165.30476    -0.9159    32.4615    1441.98  0.000e+00
     31.484   71.60090 -165.30476    -0.9179    32.4628    1441.97  0.000e+00
     31.530   71.60090 -165.30476    -0.9185    32.4630    1441.97  0.000e+00
     31.538   71.60090 -165.30476    -0.9197    32.4631    1441.96  0.000e+00
     31.468   71.60090 -165.30476    -0.9215    32.4638    1441.95  0.000e+00
     31.653   71.60090 -165.30476    -0.9220    32.4638    1441.95  0.000e+00
     31.538   71.60090 -165.30476    -0.9222    32.4627    1441.95  0.000e+00
     31.584   71.60090 -165.30476    -0.9228    32.4627    1441.95  0.000e+00
     31.599   71.60090 -165.30476    -0.9245    32.4627    1441.94  0.000e+00
     31.584   71.60090 -165.30476    -0.9257    32.4623    1441.93  0.000e+00
     31.599   71.60090 -165.30476    -0.9259    32.4606    1441.93  0.000e+00
     31.599   71.60090 -165.30476    -0.9271    32.4606    1441.92  0.000e+00
     31.638   71.60090 -165.30476    -0.9286    32.4606    1441.92  0.000e+00
     31.599   71.60090 -165.30476    -0.9300    32.4619    1441.91  0.000e+00
     31.638   71.60090 -165.30476    -0.9318    32.4637    1441.91  0.000e+00
     31.715   71.60090 -165.30476    -0.9337    32.4648    1441.90  0.000e+00
     31.638   71.60090 -165.30476    -0.9357    32.4667    1441.89  0.000e+00
     31.599   71.60090 -165.30476    -0.9371    32.4680    1441.89  0.000e+00
     31.715   71.60090 -165.30476    -0.9383    32.4680    1441.88  0.000e+00
     31.638   71.60090 -165.30476    -0.9383    32.4664    1441.88  0.000e+00
     31.715   71.60090 -165.30476    -0.9389    32.4660    1441.88  0.000e+00
     31.699   71.60090 -165.30476    -0.9395    32.4658    1441.87  0.000e+00
     31.715   71.60090 -165.30476    -0.9407    32.4660    1441.87  0.000e+00
     31.715   71.60090 -165.30476    -0.9417    32.4654    1441.86  0.000e+00
     31.699   71.60090 -165.30476    -0.9427    32.4655    1441.86  0.000e+00
     31.715   71.60090 -165.30476    -0.9445    32.4671    1441.85  0.000e+00
     31.753   71.60090 -165.30476    -0.9461    32.4687    1441.85  0.000e+00
     31.769   71.60090 -165.30476    -0.9474    32.4693    1441.84  0.000e+00
     31.699   71.60090 -165.30476    -0.9486    32.4695    1441.84  0.000e+00
     31.769   71.60090 -165.30476    -0.9495    32.4704    1441.84  0.000e+00
     31.769   71.60090 -165.30476    -0.9504    32.4703    1441.83  0.000e+00
     31.753   71.60090 -165.30476    -0.9513    32.4704    1441.83  0.000e+00
     31.769   71.60090 -165.30476    -0.9524    32.4709    1441.82  0.000e+00
     31.815   71.60090 -165.30476    -0.9534    32.4717    1441.82  0.000e+00
     31.823   71.60090 -165.30476    -0.9541    32.4707    1441.81  0.000e+00
     31.769   71.60090 -165.30476    -0.9556    32.4704    1441.81  0.000e+00
     31.869   71.60090 -165.30476    -0.9575    32.4712    1441.80  0.000e+00
     31.823   71.60090 -165.30476    -0.9595    32.4714    1441.79  0.000e+00
     31.869   71.60090 -165.30476    -0.9614    32.4714    1441.78  0.000e+00
     31.823   71.60090 -165.30476    -0.9634    32.4733    1441.77  0.000e+00
     31.930   71.60090 -165.30476    -0.9659    32.4750    1441.77  0.000e+00
     31.884   71.60090 -165.30476    -0.9687    32.4786    1441.76  0.000e+00
     31.884   71.60090 -165.30476    -0.9709    32.4823    1441.75  0.000e+00
     31.869   71.60090 -165.30476    -0.9719    32.4869    1441.75  0.000e+00
     31.884   71.60090 -165.30476    -0.9696    32.5022    1441.79  0.000e+00
     31.753   71.60090 -165.30476    -0.9582    32.5259    1441.87  0.000e+00
     31.822   71.60090 -165.30476    -0.9369    32.5335    1441.98  0.000e+00
     31.768   71.60090 -165.30476    -0.9150    32.5200    1442.07  0.000e+00
     31.753   71.60090 -165.30476    -0.8995    32.4977    1442.11  0.000e+00
     31.768   71.60090 -165.30476    -0.8903    32.4806    1442.13  0.000e+00
     31.753   71.60090 -165.30476    -0.8843    32.4679    1442.14  0.000e+00
     31.768   71.60090 -165.30476    -0.8819    32.4609    1442.14  0.000e+00
     31.699   71.60090 -165.30476    -0.8810    32.4606    1442.14  0.000e+00
     31.822   71.60090 -165.30476    -0.8803    32.4650    1442.16  0.000e+00
     31.822   71.60090 -165.30476    -0.8773    32.4656    1442.17  0.000e+00
     31.815   71.60090 -165.30476    -0.8740    32.4639    1442.18  0.000e+00
     31.822   71.60090 -165.30476    -0.8721    32.4635    1442.19  0.000e+00
     31.868   71.60090 -165.30476    -0.8697    32.4632    1442.20  0.000e+00
     31.822   71.60090 -165.30476    -0.8673    32.4654    1442.22  0.000e+00
     31.822   71.60090 -165.30476    -0.8656    32.4736    1442.24  0.000e+00
     31.814   71.60090 -165.30476    -0.8635    32.4842    1442.26  0.000e+00
     31.768   71.60090 -165.30476    -0.8602    32.4905    1442.28  0.000e+00
     31.814   71.60090 -165.30476    -0.8547    32.5005    1442.32  0.000e+00
     31.768   71.60090 -165.30476    -0.8403    32.5083    1442.40  0.000e+00
     31.768   71.60090 -165.30476    -0.8220    32.5086    1442.49  0.000e+00
     31.753   71.60090 -165.30476    -0.8015    32.5026    1442.58  0.000e+00
     31.768   71.60090 -165.30476    -0.7783    32.4901    1442.67  0.000e+00
     31.753   71.60090 -165.30476    -0.7560    32.4765    1442.76  0.000e+00
     31.768   71.60090 -165.30476    -0.7409    32.4645    1442.81  0.000e+00
     31.753   71.60090 -165.30476    -0.7314    32.4544    1442.84  0.000e+00
     31.822   71.60090 -165.30476    -0.7276    32.4520    1442.86  0.000e+00
     31.768   71.60090 -165.30476    -0.7219    32.4501    1442.88  0.000e+00
     31.814   71.60090 -165.30476    -0.7144    32.4495    1442.92  0.000e+00
     31.822   71.60090 -165.30476    -0.7065    32.4492    1442.95  0.000e+00
     31.752   71.60090 -165.30476    -0.6991    32.4442    1442.98  0.000e+00
     31.822   71.60090 -165.30476    -0.6944    32.4323    1442.99  0.000e+00
     31.768   71.60090 -165.30476    -0.6953    32.4243    1442.97  0.000e+00
     31.814   71.60090 -165.30476    -0.6968    32.4204    1442.96  0.000e+00
     31.768   71.60090 -165.30476    -0.6964    32.4225    1442.96  0.000e+00
     31.752   71.60090 -165.30476    -0.6935    32.4295    1442.99  0.000e+00
     31.768   71.60090 -165.30476    -0.6901    32.4480    1443.03  0.000e+00
     31.752   71.60090 -165.30476    -0.6833    32.4681    1443.09  0.000e+00
     31.768   71.60090 -165.30476    -0.6690    32.4718    1443.16  0.000e+00
     31.768   71.60090 -165.30476    -0.6506    32.4577    1443.23  0.000e+00
     31.752   71.60090 -165.30476    -0.6346    32.4414    1443.28  0.000e+00
     31.768   71.60090 -165.30476    -0.6202    32.4275    1443.33  0.000e+00
     31.814   71.60090 -165.30476    -0.6071    32.4144    1443.37  0.000e+00
     31.822   71.60090 -165.30476    -0.5975    32.4051    1443.41  0.000e+00
     31.768   71.60090 -165.30476    -0.5914    32.4003    1443.43  0.000e+00
     31.814   71.60090 -165.30476    -0.5852    32.3961    1443.45  0.000e+00
     31.768   71.60090 -165.30476    -0.5803    32.3942    1443.47  0.000e+00
     31.752   71.60090 -165.30476    -0.5773    32.3964    1443.49  0.000e+00
     31.822   71.60090 -165.30476    -0.5757    32.4011    1443.50  0.000e+00
     31.752   71.60090 -165.30476    -0.5745    32.3993    1443.50  0.000e+00
     31.768   71.60090 -165.30476    -0.5752    32.3981    1443.50  0.000e+00
     31.768   71.60090 -165.30476    -0.5749    32.3970    1443.50  0.000e+00
     31.752   71.60090 -165.30476    -0.5754    32.3949    1443.49  0.000e+00
     31.767   71.60090 -165.30476    -0.5740    32.3918    1443.50  0.000e+00
     31.752   71.60090 -165.30476    -0.5718    32.3857    1443.50  0.000e+00
     31.767   71.60090 -165.30476    -0.5697    32.3757    1443.50  0.000e+00
     31.767   71.60090 -165.30476    -0.5716    32.3672    1443.48  0.000e+00
     31.814   71.60090 -165.30476    -0.5769    32.3610    1443.44  0.000e+00
     31.767   71.60090 -165.30476    -0.5878    32.3639    1443.39  0.000e+00
     31.814   71.60090 -165.30476    -0.5972    32.3681    1443.36  0.000e+00
     31.713   71.60090 -165.30476    -0.6025    32.3673    1443.33  0.000e+00
     31.814   71.60090 -165.30476    -0.6071    32.3695    1443.31  0.000e+00
     31.767   71.60090 -165.30476    -0.6132    32.3822    1443.30  0.000e+00
     31.767   71.60090 -165.30476    -0.6185    32.3930    1443.29  0.000e+00
     31.814   71.60090 -165.30476    -0.6267    32.4015    1443.26  0.000e+00
     31.767   71.60090 -165.30476    -0.6363    32.4088    1443.23  0.000e+00
     31.752   71.60090 -165.30476    -0.6429    32.4114    1443.20  0.000e+00
     31.767   71.60090 -165.30476    -0.6498    32.4089    1443.16  0.000e+00
     31.767   71.60090 -165.30476    -0.6581    32.4013    1443.12  0.000e+00
     31.752   71.60090 -165.30476    -0.6642    32.3902    1443.07  0.000e+00
     31.767   71.60090 -165.30476    -0.6645    32.3751    1443.05  0.000e+00
     31.752   71.60090 -165.30476    -0.6660    32.3593    1443.02  0.000e+00
     31.821   71.60090 -165.30476    -0.6756    32.3556    1442.97  0.000e+00
     31.752   71.60090 -165.30476    -0.6893    32.3639    1442.92  0.000e+00
     31.767   71.60090 -165.30476    -0.7055    32.3757    1442.86  0.000e+00
     31.821   71.60090 -165.30476    -0.7218    32.3802    1442.79  0.000e+00
     31.752   71.60090 -165.30476    -0.7441    32.3900    1442.70  0.000e+00
     31.821   71.60090 -165.30476    -0.7692    32.4049    1442.60  0.000e+00
     31.752   71.60090 -165.30476    -0.7938    32.4238    1442.51  0.000e+00
     31.821   71.60090 -165.30476    -0.8135    32.4384    1442.43  0.000e+00
     31.767   71.60090 -165.30476    -0.8216    32.4364    1442.39  0.000e+00
     31.813   71.60090 -165.30476    -0.8146    32.4220    1442.41  0.000e+00
     31.767   71.60090 -165.30476    -0.8064    32.4111    1442.43  0.000e+00
     31.813   71.60090 -165.30476    -0.8092    32.4118    1442.42  0.000e+00
     31.767   71.60090 -165.30476    -0.8180    32.4184    1442.39  0.000e+00
     31.767   71.60090 -165.30476    -0.8260    32.4243    1442.36  0.000e+00
     31.813   71.60090 -165.30476    -0.8324    32.4296    1442.33  0.000e+00
     31.821   71.60090 -165.30476    -0.8379    32.4345    1442.31  0.000e+00
     31.751   71.60090 -165.30476    -0.8427    32.4425    1442.30  0.000e+00
     31.821   71.60090 -165.30476    -0.8463    32.4531    1442.30  0.000e+00
     31.813   71.60090 -165.30476    -0.8472    32.4600    1442.31  0.000e+00
     31.821   71.60090 -165.30476    -0.8463    32.4613    1442.31  0.000e+00
     31.821   71.60090 -165.30476    -0.8458    32.4616    1442.31  0.000e+00
     31.813   71.60090 -165.30476    -0.8453    32.4636    1442.32  0.000e+00
     31.767   71.60090 -165.30476    -0.8439    32.4647    1442.33  0.000e+00
     31.813   71.60090 -165.30476    -0.8410    32.4638    1442.34  0.000e+00
     31.882   71.60090 -165.30476    -0.8373    32.4617    1442.36  0.000e+00
     31.767   71.60090 -165.30476    -0.8344    32.4616    1442.37  0.000e+00
     31.813   71.60090 -165.30476    -0.8314    32.4623    1442.38  0.000e+00
     31.821   71.60090 -165.30476    -0.8275    32.4634    1442.40  0.000e+00
     31.813   71.60090 -165.30476    -0.8253    32.4666    1442.42  0.000e+00
     31.821   71.60090 -165.30476    -0.8240    32.4711    1442.43  0.000e+00
     31.867   71.60090 -165.30476    -0.8187    32.4736    1442.46  0.000e+00
     31.821   71.60090 -165.30476    -0.8084    32.4714    1442.50  0.000e+00
     31.821   71.60090 -165.30476    -0.7970    32.4645    1442.55  0.000e+00
     31.867   71.60090 -165.30476    -0.7888    32.4614    1442.58  0.000e+00
     31.821   71.60090 -165.30476    -0.7815    32.4620    1442.62  0.000e+00
     31.867   71.60090 -165.30476    -0.7738    32.4612    1442.65  0.000e+00
     31.820   71.60090 -165.30476    -0.7663    32.4570    1442.68  0.000e+00
     31.882   71.60090 -165.30476    -0.7595    32.4476    1442.70  0.000e+00
     31.867   71.60090 -165.30476    -0.7542    32.4381    1442.71  0.000e+00
     31.820   71.60090 -165.30476    -0.7512    32.4338    1442.72  0.000e+00
     31.867   71.60090 -165.30476    -0.7504    32.4326    1442.73  0.000e+00
     31.820   71.60090 -165.30476    -0.7501    32.4284    1442.72  0.000e+00
     31.928   71.60090 -165.30476    -0.7498    32.4193    1442.71  0.000e+00
     31.820   71.60090 -165.30476    -0.7513    32.4065    1442.68  0.000e+00
     31.882   71.60090 -165.30476    -0.7577    32.3956    1442.64  0.000e+00
     31.867   71.60090 -165.30476    -0.7643    32.3889    1442.60  0.000e+00
     31.882   71.60090 -165.30476    -0.7706    32.3798    1442.56  0.000e+00
     31.867   71.60090 -165.30476    -0.7794    32.3711    1442.51  0.000e+00
     31.882   71.60090 -165.30476    -0.7898    32.3667    1442.45  0.000e+00
     31.882   71.60090 -165.30476    -0.8007    32.3673    1442.40  0.000e+00
     31.867   71.60090 -165.30476    -0.8126    32.3738    1442.35  0.000e+00
     31.882   71.60090 -165.30476    -0.8283    32.3874    1442.30  0.000e+00
     31.928   71.60090 -165.30476    -0.8458    32.4079    1442.24  0.000e+00
     31.882   71.60090 -165.30476    -0.8590    32.4288    1442.21  0.000e+00
     31.882   71.60090 -165.30476    -0.8681    32.4467    1442.19  0.000e+00
