EcoFOCI/data/1_SampleCollection/2023_SikuliaqDBO_CruiseData/CTD_raw_BottleFile_SKQ23-12S/proc/skq202312s_069.cnv
* Sea-Bird SBE 9 Data File:
* FileName = D:\CTD\SKQ202312S\SKQ202312S_069.hex
* Software Version Seasave V 7.26.7.121
* Temperature SN = 6177
* Conductivity SN = 0369
* Number of Bytes Per Scan = 41
* Number of Voltage Words = 4
* Number of Scans Averaged by the Deck Unit = 1
* NMEA Latitude = 67 46.99 N
* NMEA Longitude = 168 35.84 W
* NMEA UTC (Time) = Sep 30 2023  01:24:11
* NMEA baud rate = 4800
** Ship: R/V Sikuliaq
** Station Number: 069
** Station Name: DBO3.7
** Bottom Depth: 50
** Operator: SD
# nquan = 24
# nvalues = 4111                                  
# units = specified
# name 0 = depSM: Depth [salt water, m]
# name 1 = latitude: Latitude [deg]
# name 2 = longitude: Longitude [deg]
# name 3 = prDM: Pressure, Digiquartz [db]
# name 4 = t090C: Temperature [ITS-90, deg C]
# name 5 = t190C: Temperature, 2 [ITS-90, deg C]
# name 6 = potemp090C: Potential Temperature [ITS-90, deg C]
# name 7 = sal00: Salinity, Practical [PSU]
# name 8 = sal11: Salinity, Practical, 2 [PSU]
# name 9 = density00: Density [density, kg/m^3]
# name 10 = sigma-é00: Density [sigma-theta, kg/m^3]
# name 11 = sbox0Mm/Kg: Oxygen, SBE 43 [umol/kg]
# name 12 = sbox1Mm/Kg: Oxygen, SBE 43, 2 [umol/kg]
# name 13 = oxsolMm/Kg: Oxygen Saturation, Garcia & Gordon [umol/kg]
# name 14 = sbeox0PS: Oxygen, SBE 43 [% saturation]
# name 15 = sbeox1PS: Oxygen, SBE 43, 2 [% saturation]
# name 16 = v0: Voltage 0
# name 17 = flECO-AFL: Fluorescence, WET Labs ECO-AFL/FL [mg/m^3]
# name 18 = v1: Voltage 1
# name 19 = CStarAt0: Beam Attenuation, WET Labs C-Star [1/m]
# name 20 = par: PAR/Irradiance, Biospherical/Licor
# name 21 = scan: Scan Count
# name 22 = timeM: Time, Elapsed [minutes]
# name 23 = flag:  0.000e+00
# span 0 =      2.464,     45.002                 
# span 1 =   67.78290,   67.78294                 
# span 2 = -168.59750, -168.59740                 
# span 3 =      2.489,     45.461                 
# span 4 =     2.2539,     5.5342                 
# span 5 =     2.2189,     5.5472                 
# span 6 =     2.2522,     5.5320                 
# span 7 =    26.3141,    32.5375                 
# span 8 =    26.5043,    32.5505                 
# span 9 =  1020.9897,  1026.1047                 
# span 10 =    20.9729,    25.8942                
# span 11 =    219.979,    336.915                
# span 12 =    208.681,    321.150                
# span 13 =  312.94888,  346.43338                
# span 14 =     67.409,     99.577                
# span 15 =     63.954,     94.501                
# span 16 =     0.0794,     0.3419                
# span 17 =     0.1282,     1.7033                
# span 18 =     2.7228,     4.1783                
# span 19 =     0.4812,     2.1947                
# span 20 = 6.7730e-04, 2.9070e+02                
# span 21 =          1,       4111                
# span 22 =     0.0000,     2.8542                
# span 23 = 0.0000e+00, 0.0000e+00                
# interval = seconds: 0.0416667
# start_time = Sep 30 2023 01:27:32 [NMEA time, first data scan]
# bad_flag = -9.990e-29
*END*
[from data line 1691]
     14.302   67.78294 -168.59744     14.446     2.7098     2.7098     2.7091    28.6886    28.7007  1022.9402    22.8718    329.535    314.907  340.84884     96.681     92.397     0.2515     1.1612     3.8987     0.7583 1.7662e+01       1692     1.1743  0.000e+00
     14.302   67.78294 -168.59744     14.446     2.7090     2.7091     2.7083    28.6890    28.7012  1022.9406    22.8722    329.529    314.900  340.85518     96.677     92.394     0.2515     1.1612     3.8987     0.7583 1.7612e+01       1693     1.1750  0.000e+00
     14.248   67.78294 -168.59744     14.392     2.7086     2.7090     2.7080    28.6896    28.7014  1022.9409    22.8727    329.480    314.909  340.85634     96.662     92.397     0.2503     1.1538     3.8987     0.7583 1.7612e+01       1694     1.1757  0.000e+00
     14.325   67.78294 -168.59744     14.470     2.7085     2.7083     2.7078    28.6896    28.7015  1022.9412    22.8727    329.474    314.927  340.85731     96.660     92.401     0.2515     1.1612     3.8987     0.7583 1.7563e+01       1695     1.1764  0.000e+00
     14.355   67.78294 -168.59744     14.501     2.7078     2.7080     2.7071    28.6907    28.7018  1022.9423    22.8736    329.695    314.913  340.86053     96.724     92.396     0.2405     1.0952     3.8987     0.7583 1.7463e+01       1696     1.1771  0.000e+00
     14.355   67.78294 -168.59744     14.501     2.7076     2.7074     2.7069    28.6913    28.7021  1022.9428    22.8741    329.498    314.897  340.86112     96.666     92.390     0.2332     1.0513     3.8987     0.7583 1.7463e+01       1697     1.1778  0.000e+00
     14.417   67.78294 -168.59744     14.563     2.7073     2.7071     2.7066    28.6922    28.7027  1022.9438    22.8749    329.493    315.079  340.86111     96.665     92.443     0.2295     1.0293     3.8987     0.7583 1.7414e+01       1698     1.1785  0.000e+00
     14.417   67.78294 -168.59744     14.563     2.7071     2.7076     2.7064    28.6933    28.7032  1022.9447    22.8758    329.486    315.095  340.86010     96.663     92.449     0.2308     1.0366     3.8987     0.7583 1.7316e+01       1699     1.1792  0.000e+00
     14.386   67.78294 -168.59744     14.532     2.7071     2.7078     2.7064    28.6942    28.7041  1022.9452    22.8764    329.478    315.106  340.85748     96.662     92.454     0.2308     1.0366     3.8987     0.7583 1.7316e+01       1700     1.1799  0.000e+00
     14.417   67.78294 -168.59744     14.563     2.7076     2.7082     2.7069    28.6949    28.7043  1022.9460    22.8770    329.470    315.119  340.85180     96.661     92.458     0.2320     1.0439     3.8987     0.7583 1.7267e+01       1701     1.1806  0.000e+00
     14.471   67.78294 -168.59744     14.618     2.7077     2.7088     2.7070    28.6958    28.7050  1022.9469    22.8777    329.693    315.126  340.84822     96.727     92.462     0.2308     1.0366     3.8987     0.7583 1.7169e+01       1702     1.1812  0.000e+00
     14.417   67.78294 -168.59744     14.563     2.7084     2.7096     2.7077    28.6969    28.7054  1022.9474    22.8785    329.453    315.125  340.83991     96.659     92.464     0.2320     1.0439     3.8987     0.7583 1.7169e+01       1703     1.1819  0.000e+00
     14.502   67.78294 -168.59744     14.649     2.7091     2.7105     2.7084    28.6972    28.7056  1022.9481    22.8787    329.447    315.126  340.83259     96.660     92.467     0.2320     1.0439     3.8987     0.7583 1.7121e+01       1704     1.1826  0.000e+00
     14.471   67.78294 -168.59744     14.618     2.7100     2.7113     2.7093    28.6976    28.7060  1022.9482    22.8790    329.436    315.119  340.82362     96.659     92.467     0.2320     1.0439     3.8987     0.7583 1.7024e+01       1705     1.1833  0.000e+00
     14.471   67.78294 -168.59744     14.618     2.7106     2.7119     2.7099    28.6980    28.7072  1022.9484    22.8792    329.432    315.111  340.81812     96.659     92.467     0.2320     1.0439     3.8987     0.7583 1.7024e+01       1706     1.1840  0.000e+00
     14.533   67.78294 -168.59744     14.680     2.7114     2.7127     2.7107    28.6985    28.7076  1022.9491    22.8795    329.428    315.103  340.80950     96.661     92.466     0.2320     1.0439     3.8999     0.7571 1.6976e+01       1707     1.1847  0.000e+00
     14.502   67.78294 -168.59744     14.649     2.7121     2.7141     2.7114    28.6996    28.7076  1022.9498    22.8804    329.423    315.058  340.80094     96.661     92.457     0.2320     1.0439     3.8999     0.7571 1.6880e+01       1708     1.1854  0.000e+00
     14.587   67.78294 -168.59744     14.734     2.7131     2.7148     2.7124    28.7001    28.7084  1022.9505    22.8807    329.422    315.043  340.79116     96.664     92.454     0.2308     1.0366     3.8999     0.7571 1.6880e+01       1709     1.1861  0.000e+00
     14.533   67.78294 -168.59744     14.680     2.7141     2.7159     2.7134    28.7006    28.7087  1022.9506    22.8811    329.416    315.018  340.78090     96.665     92.450     0.2320     1.0439     3.8999     0.7571 1.6832e+01       1710     1.1868  0.000e+00
     14.587   67.78294 -168.59744     14.734     2.7154     2.7172     2.7147    28.7010    28.7091  1022.9511    22.8813    328.963    314.992  340.76925     96.536     92.445     0.2308     1.0366     3.8999     0.7571 1.6785e+01       1711     1.1875  0.000e+00
     14.641   67.78294 -168.59744     14.789     2.7164     2.7181     2.7157    28.7014    28.7091  1022.9515    22.8815    329.347    314.967  340.75920     96.651     92.440     0.2320     1.0439     3.8999     0.7571 1.6690e+01       1712     1.1882  0.000e+00
     14.610   67.78294 -168.59744     14.758     2.7174     2.7198     2.7167    28.7022    28.7096  1022.9519    22.8821    329.350    314.928  340.74892     96.655     92.433     0.2308     1.0366     3.8999     0.7571 1.6690e+01       1713     1.1889  0.000e+00
     14.641   67.78294 -168.59744     14.789     2.7185     2.7212     2.7178    28.7028    28.7101  1022.9525    22.8825    329.356    314.891  340.73805     96.660     92.426     0.2320     1.0439     3.8999     0.7571 1.6643e+01       1714     1.1896  0.000e+00
     14.641   67.78294 -168.59744     14.789     2.7197     2.7225     2.7190    28.7032    28.7104  1022.9528    22.8828    329.362    314.851  340.72634     96.665     92.417     0.2332     1.0513     3.8987     0.7583 1.6596e+01       1715     1.1903  0.000e+00
     14.702   67.78294 -168.59744     14.851     2.7210     2.7240     2.7203    28.7038    28.7109  1022.9534    22.8831    329.371    314.605  340.71388     96.671     92.349     0.2320     1.0439     3.8999     0.7571 1.6549e+01       1716     1.1910  0.000e+00
     14.610   67.78294 -168.59744     14.758     2.7221     2.7253     2.7214    28.7048    28.7115  1022.9537    22.8838    329.375    314.760  340.70207     96.675     92.398     0.2320     1.0439     3.8999     0.7571 1.6502e+01       1717     1.1917  0.000e+00
     14.702   67.78294 -168.59744     14.851     2.7237     2.7265     2.7230    28.7046    28.7114  1022.9539    22.8836    329.387    314.743  340.68872     96.683     92.396     0.2308     1.0366     3.8999     0.7571 1.6455e+01       1718     1.1924  0.000e+00
     14.702   67.78294 -168.59744     14.851     2.7248     2.7276     2.7241    28.7047    28.7121  1022.9539    22.8836    329.363    314.720  340.67938     96.678     92.392     0.2320     1.0439     3.8999     0.7571 1.6409e+01       1719     1.1931  0.000e+00
     14.702   67.78294 -168.59744     14.851     2.7258     2.7290     2.7251    28.7049    28.7121  1022.9540    22.8837    329.377    314.693  340.66956     96.685     92.387     0.2308     1.0366     3.8999     0.7571 1.6362e+01       1720     1.1938  0.000e+00
     14.725   67.78294 -168.59744     14.875     2.7269     2.7296     2.7262    28.7054    28.7125  1022.9544    22.8840    329.580    314.470  340.65908     96.748     92.323     0.2320     1.0439     3.8999     0.7571 1.6316e+01       1721     1.1944  0.000e+00
     14.702   67.78294 -168.59744     14.851     2.7281     2.7307     2.7274    28.7049    28.7127  1022.9539    22.8835    329.668    314.418  340.65022     96.776     92.311     0.2320     1.0439     3.8999     0.7571 1.6316e+01       1722     1.1951  0.000e+00
     14.756   67.78294 -168.59744     14.906     2.7290     2.7318     2.7283    28.7054    28.7132  1022.9544    22.8838    329.498    314.571  340.64180     96.729     92.358     0.2332     1.0513     3.8999     0.7571 1.6270e+01       1723     1.1958  0.000e+00
     14.756   67.78294 -168.59744     14.906     2.7299     2.7323     2.7292    28.7060    28.7140  1022.9548    22.8842    329.515    314.544  340.63186     96.736     92.352     0.2320     1.0439     3.8999     0.7571 1.6178e+01       1724     1.1965  0.000e+00
     14.787   67.78294 -168.59744     14.937     2.7308     2.7329     2.7301    28.7062    28.7142  1022.9551    22.8843    329.499    314.518  340.62400     96.734     92.346     0.2332     1.0513     3.8999     0.7571 1.6178e+01       1725     1.1972  0.000e+00
     14.756   67.78294 -168.59744     14.906     2.7315     2.7329     2.7308    28.7062    28.7148  1022.9548    22.8843    329.520    314.492  340.61815     96.742     92.339     0.2332     1.0513     3.8999     0.7571 1.6178e+01       1726     1.1979  0.000e+00
     14.818   67.78294 -168.59744     14.968     2.7322     2.7340     2.7315    28.7064    28.7151  1022.9552    22.8844    329.545    314.256  340.61119     96.751     92.273     0.2332     1.0513     3.9023     0.7546 1.6087e+01       1727     1.1986  0.000e+00
     14.818   67.78294 -168.59744     14.968     2.7332     2.7343     2.7325    28.7071    28.7154  1022.9557    22.8849    329.528    314.429  340.60106     96.749     92.324     0.2332     1.0513     3.9023     0.7546 1.6087e+01       1728     1.1993  0.000e+00
     14.818   67.78294 -168.59744     14.968     2.7336     2.7354     2.7329    28.7072    28.7154  1022.9558    22.8849    329.556    314.416  340.59755     96.758     92.323     0.2320     1.0439     3.9023     0.7546 1.6087e+01       1729     1.2000  0.000e+00
     14.841   67.78294 -168.59744     14.991     2.7344     2.7364     2.7337    28.7074    28.7153  1022.9560    22.8850    329.770    314.203  340.58978     96.823     92.263     0.2332     1.0513     3.9023     0.7546 1.5996e+01       1730     1.2007  0.000e+00
     14.818   67.78294 -168.59744     14.968     2.7354     2.7375     2.7347    28.7074    28.7148  1022.9558    22.8850    329.790    314.165  340.58138     96.832     92.254     0.2320     1.0439     3.9023     0.7546 1.5996e+01       1731     1.2014  0.000e+00
     14.872   67.78294 -168.59744     15.022     2.7363     2.7378     2.7356    28.7069    28.7153  1022.9557    22.8845    329.814    314.136  340.57478     96.840     92.246     0.2332     1.0513     3.9023     0.7546 1.5951e+01       1732     1.2021  0.000e+00
     14.818   67.78294 -168.59744     14.968     2.7372     2.7385     2.7365    28.7068    28.7159  1022.9552    22.8843    329.831    314.301  340.56737     96.847     92.297     0.2320     1.0439     3.9023     0.7546 1.5906e+01       1733     1.2028  0.000e+00
     14.841   67.78294 -168.59744     14.991     2.7377     2.7391     2.7370    28.7077    28.7161  1022.9560    22.8850    329.851    314.089  340.56096     96.855     92.236     0.2332     1.0513     3.9023     0.7546 1.5906e+01       1734     1.2035  0.000e+00
     14.872   67.78294 -168.59744     15.022     2.7385     2.7394     2.7378    28.7083    28.7162  1022.9566    22.8855    329.905    314.059  340.55246     96.874     92.228     0.2320     1.0439     3.9023     0.7546 1.5906e+01       1735     1.2042  0.000e+00
     14.872   67.78294 -168.59744     15.022     2.7391     2.7401     2.7384    28.7090    28.7165  1022.9571    22.8860    329.922    314.023  340.54546     96.881     92.219     0.2332     1.0513     3.9023     0.7546 1.5861e+01       1736     1.2049  0.000e+00
     14.872   67.78294 -168.59744     15.022     2.7406     2.7416     2.7399    28.7090    28.7167  1022.9570    22.8859    329.932    313.981  340.53320     96.887     92.210     0.2332     1.0513     3.9023     0.7546 1.5816e+01       1737     1.2056  0.000e+00
     14.895   67.78294 -168.59744     15.046     2.7417     2.7428     2.7409    28.7091    28.7164  1022.9571    22.8859    329.943    313.943  340.52371     96.893     92.202     0.2332     1.0513     3.9035     0.7533 1.5816e+01       1738     1.2063  0.000e+00
     14.933   67.78294 -168.59744     15.085     2.7426     2.7439     2.7418    28.7087    28.7165  1022.9569    22.8855    329.957    313.906  340.51690     96.899     92.194     0.2332     1.0513     3.9023     0.7546 1.5771e+01       1739     1.2069  0.000e+00
     14.933   67.78294 -168.59744     15.085     2.7432     2.7444     2.7425    28.7082    28.7171  1022.9565    22.8851    329.971    313.670  340.51269     96.904     92.126     0.2320     1.0439     3.9023     0.7546 1.5771e+01       1740     1.2076  0.000e+00
     14.872   67.78294 -168.59744     15.022     2.7435     2.7450     2.7428    28.7089    28.7172  1022.9567    22.8856    329.980    313.812  340.50816     96.908     92.169     0.2332     1.0513     3.9023     0.7546 1.5726e+01       1741     1.2083  0.000e+00
     14.957   67.78294 -168.59744     15.108     2.7439     2.7455     2.7431    28.7091    28.7173  1022.9573    22.8857    329.995    313.784  340.50490     96.914     92.162     0.2320     1.0439     3.9023     0.7546 1.5726e+01       1742     1.2090  0.000e+00
     14.933   67.78294 -168.59744     15.085     2.7443     2.7455     2.7436    28.7091    28.7177  1022.9571    22.8857    330.229    313.754  340.50078     96.983     92.154     0.2332     1.0513     3.9023     0.7546 1.5726e+01       1743     1.2097  0.000e+00
     14.933   67.78294 -168.59744     15.085     2.7446     2.7458     2.7439    28.7098    28.7184  1022.9576    22.8862    330.046    313.722  340.49676     96.931     92.145     0.2320     1.0439     3.9023     0.7546 1.5726e+01       1744     1.2104  0.000e+00
     14.933   67.78294 -168.59744     15.085     2.7448     2.7458     2.7441    28.7101    28.7191  1022.9578    22.8864    330.091    313.693  340.49416     96.945     92.137     0.2332     1.0513     3.9023     0.7546 1.5682e+01       1745     1.2111  0.000e+00
     14.957   67.78294 -168.59744     15.108     2.7453     2.7463     2.7445    28.7105    28.7195  1022.9582    22.8867    330.096    313.661  340.48946     96.947     92.129     0.2320     1.0439     3.9035     0.7533 1.5682e+01       1746     1.2118  0.000e+00
     14.987   67.78294 -168.59744     15.139     2.7461     2.7473     2.7453    28.7107    28.7202  1022.9585    22.8869    330.097    313.447  340.48184     96.950     92.069     0.2344     1.0586     3.9072     0.7496 1.5682e+01       1747     1.2125  0.000e+00
     14.987   67.78294 -168.59744     15.139     2.7467     2.7481     2.7459    28.7105    28.7199  1022.9583    22.8866    330.098    313.415  340.47748     96.951     92.062     0.2357     1.0659     3.9084     0.7483 1.5682e+01       1748     1.2132  0.000e+00
     14.933   67.78294 -168.59744     15.085     2.7474     2.7492     2.7466    28.7104    28.7196  1022.9580    22.8865    330.093    313.584  340.47160     96.952     92.113     0.2357     1.0659     3.9084     0.7483 1.5638e+01       1749     1.2139  0.000e+00
     15.010   67.78294 -168.59744     15.162     2.7478     2.7497     2.7471    28.7104    28.7196  1022.9583    22.8865    330.096    313.584  340.46805     96.954     92.115     0.2357     1.0659     3.9084     0.7483 1.5638e+01       1750     1.2146  0.000e+00
