EcoFOCI/data/1_SampleCollection/2023_SikuliaqDBO_CruiseData/CTD_raw_BottleFile_SKQ23-12S/proc/skq202312s_013.cnv
* Sea-Bird SBE 9 Data File:
* FileName = D:\CTD\SKQ202312S\SKQ202312S_013.hex
* Software Version Seasave V 7.26.7.121
* Temperature SN = 6177
* Conductivity SN = 0369
* Number of Bytes Per Scan = 41
* Number of Voltage Words = 4
* Number of Scans Averaged by the Deck Unit = 1
* NMEA Latitude = 64 40.35 N
* NMEA Longitude = 170 15.80 W
* NMEA UTC (Time) = Sep 17 2023  06:56:27
* NMEA baud rate = 4800
** Ship: R/V Sikuliaq
** Station Number: 013
** Station Name: DBO2.0a
** Bottom Depth: 48
** Operator: SS
# nquan = 24
# nvalues = 5338                                  
# units = specified
# name 0 = depSM: Depth [salt water, m]
# name 1 = latitude: Latitude [deg]
# name 2 = longitude: Longitude [deg]
# name 3 = prDM: Pressure, Digiquartz [db]
# name 4 = t090C: Temperature [ITS-90, deg C]
# name 5 = t190C: Temperature, 2 [ITS-90, deg C]
# name 6 = potemp090C: Potential Temperature [ITS-90, deg C]
# name 7 = sal00: Salinity, Practical [PSU]
# name 8 = sal11: Salinity, Practical, 2 [PSU]
# name 9 = density00: Density [density, kg/m^3]
# name 10 = sigma-é00: Density [sigma-theta, kg/m^3]
# name 11 = sbox0Mm/Kg: Oxygen, SBE 43 [umol/kg]
# name 12 = sbox1Mm/Kg: Oxygen, SBE 43, 2 [umol/kg]
# name 13 = oxsolMm/Kg: Oxygen Saturation, Garcia & Gordon [umol/kg]
# name 14 = sbeox0PS: Oxygen, SBE 43 [% saturation]
# name 15 = sbeox1PS: Oxygen, SBE 43, 2 [% saturation]
# name 16 = v0: Voltage 0
# name 17 = flECO-AFL: Fluorescence, WET Labs ECO-AFL/FL [mg/m^3]
# name 18 = v1: Voltage 1
# name 19 = CStarAt0: Beam Attenuation, WET Labs C-Star [1/m]
# name 20 = par: PAR/Irradiance, Biospherical/Licor
# name 21 = scan: Scan Count
# name 22 = timeM: Time, Elapsed [minutes]
# name 23 = flag:  0.000e+00
# span 0 =      2.165,     42.804                 
# span 1 =   64.67240,   64.67252                 
# span 2 = -170.26266, -170.26226                 
# span 3 =      2.187,     43.232                 
# span 4 =     2.5407,     3.0979                 
# span 5 =     2.5418,     3.0987                 
# span 6 =     2.5405,     3.0965                 
# span 7 =    32.7071,    33.0540                 
# span 8 =    32.7177,    33.0637                 
# span 9 =  1026.1044,  1026.5316                 
# span 10 =    26.0933,    26.3296                
# span 11 =    216.324,    306.337                
# span 12 =    204.806,    292.701                
# span 13 =  326.60286,  331.97288                
# span 14 =     66.127,     92.339                
# span 15 =     62.613,     88.186                
# span 16 =     0.1868,     1.3614                
# span 17 =     0.7729,     7.8205                
# span 18 =     3.3993,     3.8181                
# span 19 =     0.8419,     1.3068                
# span 20 = 1.0000e-12, 4.9402e-01                
# span 21 =          1,       5338                
# span 22 =     0.0000,     3.7062                
# span 23 = 0.0000e+00, 0.0000e+00                
# interval = seconds: 0.0416667
# start_time = Sep 17 2023 07:00:46 [NMEA time, first data scan]
# bad_flag = -9.990e-29
*END*
[from data line 1208]
      9.575   64.67240 -170.26260      9.670     2.6418     2.6562     2.6413    32.7618    32.7800  1026.1743    26.1288    301.779    288.019  331.00258     91.171     87.057     0.8596     4.8095     3.5568     1.1256 1.0000e-12       1209     0.8389  0.000e+00
      9.575   64.67240 -170.26260      9.670     2.6421     2.6573     2.6416    32.7628    32.7788  1026.1751    26.1296    301.582    288.213  330.99779     91.113     87.117     0.8620     4.8242     3.5568     1.1256 1.0000e-12       1210     0.8396  0.000e+00
      9.575   64.67240 -170.26260      9.670     2.6433     2.6581     2.6427    32.7631    32.7775  1026.1752    26.1298    301.349    288.017  330.98732     91.045     87.059     0.8608     4.8168     3.5568     1.1256 1.0000e-12       1211     0.8403  0.000e+00
      9.575   64.67240 -170.26260      9.670     2.6442     2.6581     2.6437    32.7647    32.7774  1026.1765    26.1310    301.525    288.024  330.97571     91.102     87.061     0.8608     4.8168     3.5568     1.1256 1.0000e-12       1212     0.8410  0.000e+00
      9.629   64.67240 -170.26260      9.725     2.6469     2.6581     2.6464    32.7654    32.7776  1026.1770    26.1313    301.732    288.035  330.95150     91.171     87.065     0.8596     4.8095     3.5568     1.1256 1.0000e-12       1213     0.8417  0.000e+00
      9.575   64.67240 -170.26260      9.670     2.6489     2.6587     2.6484    32.7662    32.7771  1026.1773    26.1318    301.761    287.845  330.93292     91.185     87.008     0.8608     4.8168     3.5568     1.1256 1.0000e-12       1214     0.8424  0.000e+00
      9.629   64.67240 -170.26260      9.725     2.6496     2.6599     2.6490    32.7675    32.7776  1026.1785    26.1328    301.372    287.830  330.92434     91.070     87.007     0.8596     4.8095     3.5568     1.1256 1.0000e-12       1215     0.8431  0.000e+00
      9.660   64.67240 -170.26260      9.756     2.6508     2.6618     2.6503    32.7679    32.7788  1026.1789    26.1330    301.315    287.810  330.91311     91.056     87.006     0.8608     4.8168     3.5556     1.1269 1.0000e-12       1216     0.8438  0.000e+00
      9.629   64.67240 -170.26260      9.725     2.6514     2.6623     2.6509    32.7686    32.7794  1026.1792    26.1335    301.486    287.805  330.90615     91.109     87.005     0.8596     4.8095     3.5543     1.1283 1.0000e-12       1217     0.8444  0.000e+00
      9.629   64.67240 -170.26260      9.725     2.6525     2.6616     2.6520    32.7684    32.7781  1026.1790    26.1332    301.477    287.818  330.89772     91.109     87.007     0.8608     4.8168     3.5543     1.1283 1.0000e-12       1218     0.8451  0.000e+00
      9.691   64.67240 -170.26260      9.787     2.6528     2.6604     2.6523    32.7670    32.7766  1026.1781    26.1321    301.266    287.818  330.89864     91.045     87.003     0.8608     4.8168     3.5543     1.1283 1.0000e-12       1219     0.8458  0.000e+00
      9.629   64.67240 -170.26260      9.725     2.6525     2.6593     2.6520    32.7667    32.7766  1026.1776    26.1319    301.461    287.640  330.90201     91.103     86.947     0.8596     4.8095     3.5543     1.1283 1.0000e-12       1220     0.8465  0.000e+00
      9.691   64.67240 -170.26260      9.787     2.6523     2.6583     2.6517    32.7662    32.7769  1026.1775    26.1315    301.225    287.642  330.90556     91.031     86.946     0.8608     4.8168     3.5543     1.1283 1.0000e-12       1221     0.8472  0.000e+00
      9.691   64.67240 -170.26260      9.787     2.6522     2.6574     2.6517    32.7660    32.7769  1026.1774    26.1314    301.429    287.820  330.90637     91.092     86.998     0.8596     4.8095     3.5543     1.1283 1.0000e-12       1222     0.8479  0.000e+00
      9.722   64.67240 -170.26260      9.818     2.6519     2.6566     2.6514    32.7674    32.7766  1026.1787    26.1325    301.234    287.656  330.90518     91.033     86.946     0.8608     4.8168     3.5543     1.1283 1.0000e-12       1223     0.8486  0.000e+00
      9.691   64.67240 -170.26260      9.787     2.6527     2.6554     2.6522    32.7677    32.7764  1026.1787    26.1326    301.182    287.647  330.89833     91.020     86.941     0.8596     4.8095     3.5543     1.1283 1.0000e-12       1224     0.8493  0.000e+00
      9.745   64.67240 -170.26260      9.841     2.6532     2.6542     2.6526    32.7676    32.7761  1026.1788    26.1325    301.179    287.645  330.89454     91.020     86.937     0.8608     4.8168     3.5543     1.1283 1.0000e-12       1225     0.8500  0.000e+00
      9.691   64.67240 -170.26260      9.787     2.6536     2.6531     2.6531    32.7678    32.7770  1026.1787    26.1327    301.140    287.639  330.89030     91.009     86.934     0.8596     4.8095     3.5543     1.1283 1.0000e-12       1226     0.8507  0.000e+00
      9.745   64.67240 -170.26260      9.841     2.6549     2.6540     2.6544    32.7663    32.7773  1026.1777    26.1314    301.107    287.626  330.88349     91.001     86.932     0.8608     4.8168     3.5543     1.1283 1.0000e-12       1227     0.8514  0.000e+00
      9.745   64.67240 -170.26260      9.841     2.6552     2.6562     2.6547    32.7654    32.7779  1026.1769    26.1306    301.119    287.605  330.88320     91.005     86.931     0.8596     4.8095     3.5543     1.1283 1.0000e-12       1228     0.8521  0.000e+00
      9.745   64.67240 -170.26260      9.841     2.6550     2.6574     2.6545    32.7654    32.7780  1026.1769    26.1306    301.103    287.595  330.88452     90.999     86.931     0.8596     4.8095     3.5543     1.1283 1.0000e-12       1229     0.8528  0.000e+00
      9.745   64.67240 -170.26260      9.841     2.6553     2.6576     2.6548    32.7660    32.7779  1026.1774    26.1311    301.123    287.403  330.88076     91.006     86.873     0.8608     4.8168     3.5543     1.1283 1.0000e-12       1230     0.8535  0.000e+00
      9.776   64.67240 -170.26260      9.873     2.6552     2.6576     2.6547    32.7657    32.7776  1026.1773    26.1309    301.118    287.588  330.88243     91.005     86.928     0.8217     4.5824     3.5543     1.1283 1.0000e-12       1231     0.8542  0.000e+00
      9.807   64.67240 -170.26260      9.904     2.6544     2.6569     2.6539    32.7642    32.7779  1026.1763    26.1297    301.127    287.583  330.89295     91.004     86.926     0.7692     4.2674     3.5543     1.1283 1.0000e-12       1232     0.8549  0.000e+00
      9.745   64.67240 -170.26260      9.841     2.6536     2.6565     2.6531    32.7631    32.7780  1026.1752    26.1289    300.916    287.380  330.90172     90.938     86.863     0.7546     4.1795     3.5543     1.1283 1.0000e-12       1233     0.8556  0.000e+00
      9.807   64.67240 -170.26260      9.904     2.6532     2.6562     2.6526    32.7628    32.7782  1026.1753    26.1287    300.895    287.357  330.90648     90.930     86.856     0.7570     4.1941     3.5543     1.1283 1.0000e-12       1234     0.8562  0.000e+00
      9.745   64.67240 -170.26260      9.841     2.6524     2.6560     2.6519    32.7633    32.7784  1026.1754    26.1291    300.912    287.333  330.91157     90.934     86.849     0.7582     4.2015     3.5543     1.1283 1.0000e-12       1235     0.8569  0.000e+00
      9.807   64.67240 -170.26260      9.904     2.6517     2.6559     2.6512    32.7634    32.7780  1026.1759    26.1293    300.906    287.318  330.91693     90.931     86.843     0.7607     4.2161     3.5531     1.1297 1.0000e-12       1236     0.8576  0.000e+00
      9.807   64.67240 -170.26260      9.904     2.6514     2.6558     2.6509    32.7632    32.7779  1026.1758    26.1292    300.900    287.303  330.92008     90.928     86.839     0.7595     4.2088     3.5482     1.1352 1.0000e-12       1237     0.8583  0.000e+00
      9.861   64.67240 -170.26260      9.958     2.6516     2.6561     2.6511    32.7626    32.7771  1026.1755    26.1287    300.899    287.270  330.91986     90.928     86.829     0.7595     4.2088     3.5458     1.1380 1.0000e-12       1238     0.8590  0.000e+00
      9.776   64.67240 -170.26260      9.872     2.6516     2.6562     2.6510    32.7630    32.7766  1026.1755    26.1290    300.935    287.061  330.91923     90.939     86.766     0.7607     4.2161     3.5470     1.1366 1.0000e-12       1239     0.8597  0.000e+00
      9.807   64.67240 -170.26260      9.904     2.6511     2.6557     2.6506    32.7643    32.7766  1026.1766    26.1301    300.947    287.040  330.91966     90.943     86.758     0.7595     4.2088     3.5470     1.1366 1.0000e-12       1240     0.8604  0.000e+00
      9.861   64.67240 -170.26260      9.958     2.6513     2.6549     2.6507    32.7649    32.7760  1026.1774    26.1306    300.889    287.027  330.91668     90.926     86.752     0.7595     4.2088     3.5470     1.1366 1.0000e-12       1241     0.8611  0.000e+00
      9.807   64.67240 -170.26260      9.904     2.6519     2.6542     2.6514    32.7641    32.7761  1026.1764    26.1298    300.939    287.014  330.91347     90.942     86.747     0.7595     4.2088     3.5470     1.1366 1.0000e-12       1242     0.8618  0.000e+00
      9.860   64.67240 -170.26260      9.958     2.6520     2.6537     2.6515    32.7638    32.7764  1026.1765    26.1296    300.931    287.006  330.91324     90.939     86.744     0.7607     4.2161     3.5470     1.1366 1.0000e-12       1243     0.8625  0.000e+00
      9.806   64.67240 -170.26260      9.904     2.6519     2.6539     2.6514    32.7637    32.7764  1026.1761    26.1296    300.705    286.995  330.91439     90.871     86.741     0.7582     4.2015     3.5470     1.1366 1.0000e-12       1244     0.8632  0.000e+00
      9.860   64.67240 -170.26260      9.958     2.6519     2.6542     2.6513    32.7637    32.7760  1026.1764    26.1295    300.672    286.993  330.91497     90.861     86.740     0.7595     4.2088     3.5470     1.1366 1.0000e-12       1245     0.8639  0.000e+00
      9.830   64.67240 -170.26260      9.927     2.6509     2.6537     2.6503    32.7645    32.7764  1026.1770    26.1303    300.722    286.972  330.92121     90.874     86.733     0.7582     4.2015     3.5470     1.1366 1.0000e-12       1246     0.8646  0.000e+00
      9.860   64.67240 -170.26260      9.958     2.6500     2.6535     2.6495    32.7651    32.7755  1026.1777    26.1308    300.927    286.983  330.92683     90.935     86.735     0.7595     4.2088     3.5470     1.1366 1.0000e-12       1247     0.8653  0.000e+00
      9.860   64.67240 -170.26260      9.958     2.6476     2.6534     2.6470    32.7673    32.7753  1026.1796    26.1328    300.706    286.799  330.94122     90.864     86.679     0.7607     4.2161     3.5470     1.1366 1.0000e-12       1248     0.8660  0.000e+00
      9.860   64.67240 -170.26260      9.958     2.6457     2.6537     2.6452    32.7693    32.7745  1026.1814    26.1345    300.705    286.792  330.95124     90.861     86.677     0.7595     4.2088     3.5470     1.1366 1.0000e-12       1249     0.8667  0.000e+00
      9.860   64.67240 -170.26260      9.958     2.6468     2.6540     2.6462    32.7684    32.7735  1026.1805    26.1337    300.693    286.790  330.94526     90.859     86.677     0.7595     4.2088     3.5470     1.1366 1.0000e-12       1250     0.8674  0.000e+00
      9.860   64.67240 -170.26260      9.958     2.6492     2.6540     2.6487    32.7656    32.7731  1026.1781    26.1313    300.752    286.771  330.93180     90.880     86.671     0.7595     4.2088     3.5470     1.1366 1.0000e-12       1251     0.8681  0.000e+00
      9.860   64.67240 -170.26260      9.958     2.6502     2.6537     2.6497    32.7649    32.7733  1026.1775    26.1307    300.680    286.760  330.92551     90.860     86.667     0.7607     4.2161     3.5470     1.1366 1.0000e-12       1252     0.8688  0.000e+00
      9.860   64.67240 -170.26260      9.958     2.6516     2.6534     2.6510    32.7635    32.7734  1026.1763    26.1294    300.684    286.752  330.91802     90.864     86.664     0.7582     4.2015     3.5470     1.1366 1.0000e-12       1253     0.8694  0.000e+00
      9.891   64.67240 -170.26260      9.989     2.6521     2.6535     2.6515    32.7631    32.7732  1026.1760    26.1290    300.699    286.748  330.91471     90.869     86.663     0.7595     4.2088     3.5470     1.1366 1.0000e-12       1254     0.8701  0.000e+00
      9.860   64.67240 -170.26260      9.958     2.6532     2.6533     2.6526    32.7617    32.7737  1026.1746    26.1278    300.716    286.748  330.90941     90.876     86.663     0.7582     4.2015     3.5470     1.1366 1.0000e-12       1255     0.8708  0.000e+00
      9.860   64.67240 -170.26260      9.958     2.6541     2.6534     2.6535    32.7610    32.7737  1026.1740    26.1272    300.739    286.752  330.90353     90.884     86.664     0.7717     4.2820     3.5446     1.1393 1.0000e-12       1256     0.8715  0.000e+00
      9.922   64.67240 -170.26260     10.020     2.6547     2.6529     2.6542    32.7606    32.7742  1026.1740    26.1269    300.773    286.766  330.89916     90.896     86.668     0.9243     5.1978     3.5214     1.1656 1.0000e-12       1257     0.8722  0.000e+00
      9.860   64.67240 -170.26260      9.958     2.6539     2.6525     2.6534    32.7616    32.7738  1026.1745    26.1277    300.816    286.586  330.90342     90.908     86.612     1.0024     5.6667     3.5079     1.1809 1.0000e-12       1258     0.8729  0.000e+00
      9.922   64.67240 -170.26260     10.020     2.6528     2.6520     2.6523    32.7625    32.7738  1026.1756    26.1285    300.836    286.614  330.91009     90.912     86.619     1.0110     5.7179     3.5055     1.1837 1.0000e-12       1259     0.8736  0.000e+00
      9.860   64.67240 -170.26260      9.958     2.6519     2.6516     2.6513    32.7636    32.7743  1026.1763    26.1295    300.598    286.618  330.91517     90.838     86.620     1.0037     5.6740     3.5067     1.1823 1.0000e-12       1260     0.8743  0.000e+00
      9.891   64.67240 -170.26260      9.989     2.6518     2.6512     2.6512    32.7638    32.7743  1026.1766    26.1296    300.584    286.631  330.91562     90.834     86.623     1.0012     5.6593     3.5079     1.1809 1.0000e-12       1261     0.8750  0.000e+00
      9.860   64.67240 -170.26260      9.958     2.6520     2.6509     2.6515    32.7646    32.7745  1026.1771    26.1302    300.605    286.843  330.91130     90.842     86.687     1.0000     5.6520     3.5079     1.1809 1.0000e-12       1262     0.8757  0.000e+00
      9.922   64.67240 -170.26260     10.020     2.6530     2.6505     2.6525    32.7646    32.7745  1026.1773    26.1302    300.633    286.672  330.90336     90.852     86.634     1.0012     5.6593     3.5079     1.1809 1.0000e-12       1263     0.8764  0.000e+00
      9.922   64.67240 -170.26260     10.020     2.6536     2.6507     2.6531    32.7644    32.7742  1026.1771    26.1300    300.596    286.673  330.89889     90.842     86.635     1.0000     5.6520     3.5079     1.1809 1.0000e-12       1264     0.8771  0.000e+00
      9.922   64.67240 -170.26260     10.020     2.6541     2.6508     2.6535    32.7649    32.7743  1026.1774    26.1303    300.563    286.677  330.89381     90.834     86.636     1.0012     5.6593     3.5079     1.1809 1.0000e-12       1265     0.8778  0.000e+00
      9.922   64.67240 -170.26260     10.020     2.6549     2.6510     2.6543    32.7648    32.7740  1026.1773    26.1301    300.569    286.686  330.88741     90.837     86.639     1.0000     5.6520     3.5079     1.1809 1.0000e-12       1266     0.8785  0.000e+00
      9.922   64.67240 -170.26260     10.020     2.6561     2.6516     2.6556    32.7640    32.7735  1026.1766    26.1295    300.361    286.502  330.87910     90.777     86.585     1.0012     5.6593     3.5079     1.1809 1.0000e-12       1267     0.8792  0.000e+00
