EcoFOCI/data/1_SampleCollection/2023_SikuliaqDBO_CruiseData/CTD_raw_BottleFile_SKQ23-12S/proc/skq202312s_076.cnv
* Sea-Bird SBE 9 Data File:
* FileName = D:\CTD\SKQ202312S\SKQ202312S_076.hex
* Software Version Seasave V 7.26.7.121
* Temperature SN = 6177
* Conductivity SN = 0369
* Number of Bytes Per Scan = 41
* Number of Voltage Words = 4
* Number of Scans Averaged by the Deck Unit = 1
* NMEA Latitude = 68 18.13 N
* NMEA Longitude = 166 55.58 W
* NMEA UTC (Time) = Oct 02 2023  08:17:28
* NMEA baud rate = 4800
** Ship: R/V Sikuliaq
** Station Number: 076
** Station Name: DBO3.1
** Bottom Depth: 34
** Operator: SD
# nquan = 24
# nvalues = 4366                                  
# units = specified
# name 0 = depSM: Depth [salt water, m]
# name 1 = latitude: Latitude [deg]
# name 2 = longitude: Longitude [deg]
# name 3 = prDM: Pressure, Digiquartz [db]
# name 4 = t090C: Temperature [ITS-90, deg C]
# name 5 = t190C: Temperature, 2 [ITS-90, deg C]
# name 6 = potemp090C: Potential Temperature [ITS-90, deg C]
# name 7 = sal00: Salinity, Practical [PSU]
# name 8 = sal11: Salinity, Practical, 2 [PSU]
# name 9 = density00: Density [density, kg/m^3]
# name 10 = sigma-é00: Density [sigma-theta, kg/m^3]
# name 11 = sbox0Mm/Kg: Oxygen, SBE 43 [umol/kg]
# name 12 = sbox1Mm/Kg: Oxygen, SBE 43, 2 [umol/kg]
# name 13 = oxsolMm/Kg: Oxygen Saturation, Garcia & Gordon [umol/kg]
# name 14 = sbeox0PS: Oxygen, SBE 43 [% saturation]
# name 15 = sbeox1PS: Oxygen, SBE 43, 2 [% saturation]
# name 16 = v0: Voltage 0
# name 17 = flECO-AFL: Fluorescence, WET Labs ECO-AFL/FL [mg/m^3]
# name 18 = v1: Voltage 1
# name 19 = CStarAt0: Beam Attenuation, WET Labs C-Star [1/m]
# name 20 = par: PAR/Irradiance, Biospherical/Licor
# name 21 = scan: Scan Count
# name 22 = timeM: Time, Elapsed [minutes]
# name 23 = flag:  0.000e+00
# span 0 =      1.782,     29.736                 
# span 1 =   68.30194,   68.30202                 
# span 2 = -166.92538, -166.92412                 
# span 3 =      1.800,     30.039                 
# span 4 =     4.8244,     8.0163                 
# span 5 =     4.8265,     8.0182                 
# span 6 =     4.8223,     8.0150                 
# span 7 =    25.4268,    31.8301                 
# span 8 =    25.4391,    31.8363                 
# span 9 =  1019.9781,  1025.3181                 
# span 10 =    19.9643,    25.1806                
# span 11 =    240.134,    295.328                
# span 12 =    231.760,    280.292                
# span 13 =  300.49900,  319.93951                
# span 14 =     79.876,     93.579                
# span 15 =     77.073,     88.857                
# span 16 =     0.0745,     0.2650                
# span 17 =     0.0989,     1.2417                
# span 18 =     2.5897,     3.7851                
# span 19 =     0.8766,     2.3953                
# span 20 = 1.0000e-12, 6.4638e-01                
# span 21 =          1,       4366                
# span 22 =     0.0000,     3.0313                
# span 23 = 0.0000e+00, 0.0000e+00                
# interval = seconds: 0.0416667
# start_time = Oct 02 2023 08:20:24 [NMEA time, first data scan]
# bad_flag = -9.990e-29
*END*
[from data line 3865]
     29.626   68.30196 -166.92420     29.928     4.8250     4.8268     4.8229    31.8220    31.8329  1025.3147    25.1755    263.703    253.282  316.08098     83.429     80.142     0.0794     0.1282     3.2466     1.4906 8.4714e-06       3866     2.6840  0.000e+00
     29.664   68.30196 -166.92420     29.967     4.8248     4.8267     4.8227    31.8222    31.8332  1025.3151    25.1757    263.638    253.244  316.08158     83.408     80.130     0.0806     0.1355     3.2454     1.4921 1.0000e-12       3867     2.6847  0.000e+00
     29.564   68.30196 -166.92420     29.865     4.8248     4.8268     4.8227    31.8224    31.8334  1025.3148    25.1758    263.601    253.217  316.08128     83.397     80.122     0.0794     0.1282     3.2466     1.4906 8.4714e-06       3868     2.6854  0.000e+00
     29.664   68.30196 -166.92420     29.967     4.8244     4.8270     4.8223    31.8229    31.8330  1025.3157    25.1763    264.192    253.401  316.08277     83.583     80.180     0.0794     0.1282     3.2454     1.4921 1.0000e-12       3869     2.6861  0.000e+00
     29.564   68.30196 -166.92420     29.865     4.8246     4.8268     4.8225    31.8226    31.8331  1025.3150    25.1760    263.631    253.411  316.08192     83.406     80.183     0.0794     0.1282     3.2466     1.4906 1.0000e-12       3870     2.6868  0.000e+00
     29.626   68.30196 -166.92418     29.928     4.8246     4.8266     4.8225    31.8225    31.8330  1025.3152    25.1759    263.604    253.241  316.08218     83.397     80.129     0.0794     0.1282     3.2454     1.4921 1.0000e-12       3871     2.6875  0.000e+00
     29.610   68.30196 -166.92418     29.912     4.8246     4.8270     4.8225    31.8227    31.8328  1025.3153    25.1761    263.576    253.228  316.08161     83.389     80.125     0.0781     0.1209     3.2454     1.4921 1.0000e-12       3872     2.6882  0.000e+00
     29.626   68.30196 -166.92418     29.928     4.8246     4.8270     4.8225    31.8224    31.8329  1025.3151    25.1759    263.553    253.400  316.08245     83.381     80.180     0.0794     0.1282     3.2454     1.4921 8.4714e-06       3873     2.6889  0.000e+00
     29.664   68.30196 -166.92418     29.967     4.8248     4.8273     4.8227    31.8223    31.8329  1025.3151    25.1757    263.327    253.261  316.08158     83.310     80.136     0.0794     0.1282     3.2454     1.4921 8.4714e-06       3874     2.6896  0.000e+00
     29.564   68.30196 -166.92418     29.865     4.8247     4.8271     4.8226    31.8224    31.8330  1025.3148    25.1759    263.275    253.265  316.08155     83.293     80.137     0.0806     0.1355     3.2454     1.4921 1.0000e-12       3875     2.6903  0.000e+00
     29.610   68.30196 -166.92418     29.912     4.8248     4.8269     4.8227    31.8224    31.8330  1025.3150    25.1758    263.026    253.252  316.08133     83.215     80.133     0.0794     0.1282     3.2454     1.4921 8.4714e-06       3876     2.6910  0.000e+00
     29.564   68.30196 -166.92418     29.865     4.8248     4.8268     4.8227    31.8226    31.8329  1025.3149    25.1760    263.364    253.213  316.08073     83.322     80.120     0.0806     0.1355     3.2466     1.4906 1.0000e-12       3877     2.6917  0.000e+00
     29.610   68.30196 -166.92418     29.912     4.8250     4.8268     4.8229    31.8225    31.8325  1025.3151    25.1759    263.358    253.195  316.07978     83.320     80.114     0.0794     0.1282     3.2552     1.4801 1.0000e-12       3878     2.6924  0.000e+00
     29.564   68.30196 -166.92418     29.865     4.8248     4.8266     4.8227    31.8225    31.8327  1025.3148    25.1759    263.354    253.194  316.08110     83.319     80.114     0.0806     0.1355     3.2576     1.4771 1.0000e-12       3879     2.6931  0.000e+00
     29.610   68.30196 -166.92418     29.912     4.8248     4.8265     4.8227    31.8224    31.8330  1025.3150    25.1758    263.560    253.194  316.08133     83.384     80.114     0.0806     0.1355     3.2589     1.4756 1.0000e-12       3880     2.6938  0.000e+00
     29.626   68.30196 -166.92418     29.928     4.8249     4.8267     4.8228    31.8222    31.8330  1025.3149    25.1757    263.591    252.986  316.08080     83.393     80.048     0.0806     0.1355     3.2589     1.4756 1.0000e-12       3881     2.6944  0.000e+00
     29.564   68.30196 -166.92418     29.865     4.8248     4.8265     4.8227    31.8224    31.8329  1025.3148    25.1758    263.621    252.941  316.08128     83.403     80.034     0.0806     0.1355     3.2576     1.4771 8.4714e-06       3882     2.6951  0.000e+00
     29.556   68.30196 -166.92418     29.857     4.8251     4.8267     4.8230    31.8227    31.8329  1025.3149    25.1761    263.446    252.894  316.07816     83.348     80.019     0.0794     0.1282     3.2576     1.4771 8.4714e-06       3883     2.6958  0.000e+00
     29.564   68.30196 -166.92418     29.865     4.8253     4.8266     4.8232    31.8227    31.8330  1025.3150    25.1761    263.450    252.685  316.07652     83.350     79.953     0.0806     0.1355     3.2576     1.4771 1.0000e-12       3884     2.6965  0.000e+00
     29.556   68.30196 -166.92418     29.857     4.8258     4.8267     4.8237    31.8223    31.8327  1025.3145    25.1757    263.455    252.826  316.07403     83.352     79.997     0.0806     0.1355     3.2576     1.4771 1.0000e-12       3885     2.6972  0.000e+00
     29.564   68.30196 -166.92418     29.865     4.8263     4.8265     4.8242    31.8218    31.8327  1025.3142    25.1752    263.463    252.598  316.07157     83.355     79.925     0.0806     0.1355     3.2576     1.4771 1.0000e-12       3886     2.6979  0.000e+00
     29.556   68.30196 -166.92418     29.857     4.8259     4.8265     4.8238    31.8215    31.8331  1025.3139    25.1750    263.273    252.902  316.07504     83.295     80.021     0.0794     0.1282     3.2589     1.4756 8.4714e-06       3887     2.6986  0.000e+00
     29.510   68.30196 -166.92418     29.811     4.8259     4.8265     4.8238    31.8217    31.8328  1025.3139    25.1752    263.257    252.731  316.07416     83.290     79.967     0.0806     0.1355     3.2576     1.4771 1.0000e-12       3888     2.6993  0.000e+00
     29.556   68.30196 -166.92418     29.857     4.8259     4.8267     4.8238    31.8214    31.8327  1025.3138    25.1749    263.217    252.522  316.07494     83.277     79.901     0.0806     0.1355     3.2576     1.4771 8.4714e-06       3889     2.7000  0.000e+00
     29.510   68.30196 -166.92418     29.811     4.8259     4.8265     4.8238    31.8213    31.8331  1025.3135    25.1749    263.682    252.498  316.07516     83.424     79.893     0.0806     0.1355     3.2576     1.4771 8.4714e-06       3890     2.7007  0.000e+00
     29.556   68.30196 -166.92418     29.857     4.8258     4.8267     4.8237    31.8212    31.8327  1025.3137    25.1748    263.537    252.456  316.07650     83.378     79.880     0.0818     0.1428     3.2576     1.4771 1.0000e-12       3891     2.7014  0.000e+00
     29.456   68.30196 -166.92418     29.756     4.8255     4.8265     4.8234    31.8215    31.8326  1025.3135    25.1751    263.565    252.413  316.07822     83.386     79.866     0.0806     0.1355     3.2576     1.4771 1.0000e-12       3892     2.7021  0.000e+00
     29.510   68.30196 -166.92418     29.811     4.8254     4.8266     4.8233    31.8215    31.8331  1025.3138    25.1751    263.567    252.372  316.07855     83.387     79.854     0.0806     0.1355     3.2576     1.4771 1.0000e-12       3893     2.7028  0.000e+00
     29.494   68.30196 -166.92418     29.795     4.8255     4.8268     4.8234    31.8217    31.8326  1025.3138    25.1752    263.567    252.331  316.07780     83.387     79.841     0.0806     0.1355     3.2576     1.4771 1.0000e-12       3894     2.7035  0.000e+00
     29.456   68.30196 -166.92418     29.756     4.8253     4.8268     4.8232    31.8219    31.8330  1025.3138    25.1754    263.569    252.085  316.07840     83.387     79.763     0.0806     0.1355     3.2589     1.4756 8.4714e-06       3895     2.7042  0.000e+00
     29.494   68.30196 -166.92418     29.795     4.8251     4.8268     4.8230    31.8223    31.8332  1025.3144    25.1758    263.575    251.843  316.07900     83.389     79.687     0.0794     0.1282     3.2576     1.4771 1.0000e-12       3896     2.7049  0.000e+00
     29.456   68.30196 -166.92418     29.756     4.8253     4.8271     4.8232    31.8222    31.8329  1025.3141    25.1757    263.609    251.786  316.07767     83.400     79.669     0.0806     0.1355     3.2576     1.4771 1.0000e-12       3897     2.7056  0.000e+00
     29.440   68.30196 -166.92418     29.740     4.8253     4.8274     4.8232    31.8224    31.8326  1025.3142    25.1758    263.648    251.691  316.07719     83.413     79.640     0.0806     0.1355     3.2637     1.4696 8.4714e-06       3898     2.7062  0.000e+00
     29.456   68.30196 -166.92418     29.756     4.8253     4.8271     4.8232    31.8223    31.8334  1025.3142    25.1757    263.660    251.621  316.07785     83.416     79.617     0.0806     0.1355     3.2674     1.4651 1.0000e-12       3899     2.7069  0.000e+00
     29.440   68.30196 -166.92418     29.740     4.8255     4.8271     4.8234    31.8221    31.8329  1025.3139    25.1755    263.670    251.738  316.07683     83.419     79.654     0.0781     0.1209     3.2686     1.4636 8.4714e-06       3900     2.7076  0.000e+00
     29.394   68.30196 -166.92418     29.694     4.8256     4.8271     4.8235    31.8220    31.8328  1025.3135    25.1754    263.680    251.526  316.07595     83.423     79.587     0.0781     0.1209     3.2674     1.4651 8.4714e-06       3901     2.7083  0.000e+00
     29.378   68.30196 -166.92418     29.678     4.8255     4.8271     4.8234    31.8223    31.8327  1025.3138    25.1757    263.694    251.484  316.07630     83.427     79.574     0.0769     0.1135     3.2674     1.4651 1.0000e-12       3902     2.7090  0.000e+00
     29.456   68.30196 -166.92418     29.756     4.8256     4.8269     4.8235    31.8222    31.8330  1025.3140    25.1756    263.711    251.448  316.07538     83.433     79.562     0.0781     0.1209     3.2674     1.4651 1.0000e-12       3903     2.7097  0.000e+00
     29.340   68.30196 -166.92418     29.639     4.8255     4.8273     4.8234    31.8220    31.8326  1025.3133    25.1754    263.725    251.222  316.07717     83.437     79.491     0.0794     0.1282     3.2674     1.4651 8.4714e-06       3904     2.7104  0.000e+00
     29.378   68.30196 -166.92418     29.678     4.8257     4.8277     4.8236    31.8226    31.8327  1025.3140    25.1759    263.536    251.169  316.07364     83.378     79.475     0.0781     0.1209     3.2674     1.4651 1.0000e-12       3905     2.7111  0.000e+00
     29.394   68.30196 -166.92418     29.694     4.8258     4.8281     4.8237    31.8229    31.8327  1025.3143    25.1761    263.936    251.099  316.07256     83.505     79.454     0.0781     0.1209     3.2674     1.4651 1.0000e-12       3906     2.7118  0.000e+00
     29.378   68.30196 -166.92418     29.678     4.8264     4.8281     4.8243    31.8223    31.8324  1025.3137    25.1756    263.778    251.055  316.06924     83.456     79.440     0.0781     0.1209     3.2674     1.4651 1.0000e-12       3907     2.7125  0.000e+00
     29.340   68.30196 -166.92418     29.639     4.8266     4.8277     4.8245    31.8226    31.8332  1025.3137    25.1758    263.797    251.015  316.06737     83.462     79.427     0.0781     0.1209     3.2674     1.4651 1.0000e-12       3908     2.7132  0.000e+00
     29.324   68.30196 -166.92418     29.623     4.8270     4.8276     4.8250    31.8225    31.8330  1025.3135    25.1757    264.022    250.980  316.06405     83.534     79.415     0.0781     0.1209     3.2674     1.4651 1.0000e-12       3909     2.7139  0.000e+00
     29.340   68.30196 -166.92418     29.639     4.8272     4.8276     4.8251    31.8222    31.8328  1025.3133    25.1754    264.075    250.765  316.06361     83.551     79.347     0.0781     0.1209     3.2674     1.4651 1.0000e-12       3910     2.7146  0.000e+00
     29.324   68.30196 -166.92418     29.623     4.8276     4.8279     4.8255    31.8224    31.8325  1025.3133    25.1755    264.125    250.716  316.06002     83.568     79.332     0.0781     0.1209     3.2674     1.4651 1.0000e-12       3911     2.7153  0.000e+00
     29.278   68.30196 -166.92418     29.577     4.8278     4.8277     4.8257    31.8230    31.8330  1025.3136    25.1760    264.001    250.674  316.05695     83.530     79.319     0.0781     0.1209     3.2674     1.4651 1.0000e-12       3912     2.7160  0.000e+00
     29.378   68.30196 -166.92418     29.678     4.8285     4.8277     4.8264    31.8228    31.8327  1025.3138    25.1758    264.026    250.641  316.05239     83.539     79.308     0.0781     0.1209     3.2674     1.4651 8.4714e-06       3913     2.7167  0.000e+00
     29.278   68.30196 -166.92418     29.577     4.8291     4.8277     4.8270    31.8227    31.8327  1025.3132    25.1756    264.251    250.606  316.04788     83.611     79.297     0.0781     0.1209     3.2674     1.4651 1.0000e-12       3914     2.7174  0.000e+00
     29.263   68.30196 -166.92418     29.561     4.8291     4.8279     4.8270    31.8231    31.8328  1025.3134    25.1759    264.275    250.578  316.04704     83.619     79.288     0.0769     0.1135     3.2674     1.4651 1.0000e-12       3915     2.7181  0.000e+00
     29.278   68.30196 -166.92418     29.577     4.8296     4.8277     4.8275    31.8233    31.8325  1025.3136    25.1761    264.296    250.558  316.04293     83.627     79.282     0.0781     0.1209     3.2674     1.4651 1.0000e-12       3916     2.7188  0.000e+00
     29.278   68.30196 -166.92418     29.576     4.8298     4.8276     4.8278    31.8231    31.8331  1025.3134    25.1758    264.523    250.542  316.04156     83.699     79.277     0.0781     0.1209     3.2674     1.4651 1.0000e-12       3917     2.7194  0.000e+00
     29.263   68.30196 -166.92418     29.561     4.8304     4.8277     4.8283    31.8229    31.8328  1025.3132    25.1757    264.461    250.550  316.03797     83.680     79.279     0.0781     0.1209     3.2625     1.4711 1.0000e-12       3918     2.7201  0.000e+00
     29.224   68.30196 -166.92418     29.522     4.8309     4.8282     4.8288    31.8222    31.8326  1025.3123    25.1750    264.480    250.561  316.03581     83.687     79.284     0.0781     0.1209     3.2576     1.4771 1.0000e-12       3919     2.7208  0.000e+00
     29.262   68.30196 -166.92418     29.561     4.8315     4.8286     4.8294    31.8216    31.8330  1025.3120    25.1745    264.500    250.744  316.03238     83.694     79.342     0.0781     0.1209     3.2564     1.4786 8.4714e-06       3920     2.7215  0.000e+00
     29.278   68.30196 -166.92418     29.576     4.8317     4.8292     4.8296    31.8217    31.8324  1025.3122    25.1746    264.520    250.581  316.03093     83.701     79.292     0.0781     0.1209     3.2576     1.4771 1.0000e-12       3921     2.7222  0.000e+00
     29.208   68.30196 -166.92418     29.506     4.8322     4.8296     4.8301    31.8215    31.8326  1025.3116    25.1744    264.533    250.789  316.02746     83.706     79.359     0.0781     0.1209     3.2576     1.4771 1.0000e-12       3922     2.7229  0.000e+00
     29.224   68.30196 -166.92418     29.522     4.8324     4.8303     4.8304    31.8214    31.8320  1025.3115    25.1742    264.723    250.636  316.02592     83.766     79.311     0.0781     0.1209     3.2564     1.4786 8.4714e-06       3923     2.7236  0.000e+00
     29.262   68.30196 -166.92418     29.561     4.8326     4.8296     4.8305    31.8210    31.8320  1025.3114    25.1739    264.737    250.661  316.02569     83.771     79.318     0.0769     0.1135     3.2576     1.4771 1.0000e-12       3924     2.7243  0.000e+00
