EcoFOCI/data/1_SampleCollection/2023_SikuliaqDBO_CruiseData/CTD_raw_BottleFile_SKQ23-12S/proc/skq202312s_001svp.cnv
* Sea-Bird SBE 9 Data File:
* FileName = D:\CTD\SKQ202312S\SKQ202312S_001.hex
* Software Version Seasave V 7.26.7.121
* Temperature SN = 6177
* Conductivity SN = 0369
* Number of Bytes Per Scan = 41
* Number of Voltage Words = 4
* Number of Scans Averaged by the Deck Unit = 1
* NMEA Latitude = 62 11.69 N
* NMEA Longitude = 174 40.42 W
* NMEA UTC (Time) = Sep 14 2023  13:19:49
* NMEA baud rate = 4800
** Ship: R/V Sikuliaq
** Station Number: 001
** Station Name: Mooring M8
** Bottom Depth: 73
** Operator: SD
# nquan = 7
# nvalues = 8691                                  
# units = specified
# name 0 = depSM: Depth [salt water, m]
# name 1 = latitude: Latitude [deg]
# name 2 = longitude: Longitude [deg]
# name 3 = t090C: Temperature [ITS-90, deg C]
# name 4 = sal00: Salinity, Practical [PSU]
# name 5 = svCM: Sound Velocity [Chen-Millero, m/s]
# name 6 = flag:  0.000e+00
# span 0 =      1.206,     67.491                 
# span 1 =   62.19444,   62.19452                 
# span 2 = -174.67422, -174.67402                 
# span 3 =    -1.5247,     7.7743                 
# span 4 =    30.5765,    31.8394                 
# span 5 =    1438.47,    1476.65                 
# span 6 = 0.0000e+00, 0.0000e+00                 
# interval = seconds: 0.0416667
# start_time = Sep 14 2023 13:27:19 [NMEA time, first data scan]
# bad_flag = -9.990e-29
*END*
[from data line 3488]
     41.349   62.19448 -174.67412    -1.4339    31.6965    1438.64  0.000e+00
     41.287   62.19448 -174.67412    -1.4340    31.6970    1438.64  0.000e+00
     41.349   62.19448 -174.67412    -1.4339    31.6966    1438.64  0.000e+00
     41.349   62.19448 -174.67412    -1.4340    31.6968    1438.64  0.000e+00
     41.403   62.19448 -174.67412    -1.4339    31.6968    1438.64  0.000e+00
     41.341   62.19448 -174.67412    -1.4342    31.6970    1438.64  0.000e+00
     41.403   62.19448 -174.67412    -1.4342    31.6971    1438.64  0.000e+00
     41.465   62.19448 -174.67412    -1.4340    31.6968    1438.64  0.000e+00
     41.465   62.19448 -174.67412    -1.4341    31.6967    1438.64  0.000e+00
     41.465   62.19448 -174.67412    -1.4339    31.6971    1438.64  0.000e+00
     41.519   62.19448 -174.67412    -1.4342    31.6972    1438.64  0.000e+00
     41.519   62.19448 -174.67412    -1.4342    31.6972    1438.64  0.000e+00
     41.519   62.19448 -174.67412    -1.4344    31.6976    1438.64  0.000e+00
     41.573   62.19448 -174.67412    -1.4348    31.6979    1438.64  0.000e+00
     41.573   62.19448 -174.67412    -1.4347    31.6978    1438.64  0.000e+00
     41.635   62.19448 -174.67412    -1.4348    31.6975    1438.64  0.000e+00
     41.635   62.19448 -174.67412    -1.4350    31.6978    1438.64  0.000e+00
     41.635   62.19448 -174.67412    -1.4351    31.6982    1438.64  0.000e+00
     41.635   62.19448 -174.67412    -1.4351    31.6981    1438.64  0.000e+00
     41.689   62.19448 -174.67412    -1.4354    31.6980    1438.64  0.000e+00
     41.751   62.19448 -174.67412    -1.4356    31.6984    1438.64  0.000e+00
     41.751   62.19448 -174.67412    -1.4358    31.6984    1438.64  0.000e+00
     41.805   62.19448 -174.67412    -1.4354    31.6984    1438.64  0.000e+00
     41.805   62.19448 -174.67412    -1.4356    31.6989    1438.64  0.000e+00
     41.805   62.19448 -174.67412    -1.4357    31.6983    1438.64  0.000e+00
     41.866   62.19448 -174.67412    -1.4358    31.6984    1438.64  0.000e+00
     41.866   62.19448 -174.67412    -1.4357    31.6989    1438.64  0.000e+00
     41.920   62.19448 -174.67412    -1.4358    31.6988    1438.64  0.000e+00
     41.920   62.19448 -174.67412    -1.4359    31.6991    1438.64  0.000e+00
     41.920   62.19448 -174.67412    -1.4359    31.6991    1438.64  0.000e+00
     41.974   62.19448 -174.67412    -1.4359    31.6988    1438.64  0.000e+00
     41.974   62.19448 -174.67412    -1.4362    31.6991    1438.64  0.000e+00
     41.974   62.19448 -174.67412    -1.4363    31.6990    1438.64  0.000e+00
     42.090   62.19448 -174.67412    -1.4363    31.6989    1438.64  0.000e+00
     42.036   62.19448 -174.67412    -1.4366    31.6994    1438.64  0.000e+00
     42.090   62.19448 -174.67412    -1.4368    31.6992    1438.64  0.000e+00
     42.152   62.19448 -174.67412    -1.4370    31.6994    1438.64  0.000e+00
     42.090   62.19448 -174.67412    -1.4368    31.6994    1438.64  0.000e+00
     42.206   62.19448 -174.67412    -1.4373    31.6993    1438.64  0.000e+00
     42.206   62.19448 -174.67412    -1.4371    31.6993    1438.64  0.000e+00
     42.152   62.19448 -174.67412    -1.4373    31.6997    1438.64  0.000e+00
     42.268   62.19448 -174.67412    -1.4374    31.6995    1438.64  0.000e+00
     42.268   62.19448 -174.67412    -1.4375    31.6999    1438.64  0.000e+00
     42.322   62.19448 -174.67412    -1.4377    31.6998    1438.64  0.000e+00
     42.322   62.19448 -174.67412    -1.4379    31.7004    1438.64  0.000e+00
     42.322   62.19448 -174.67412    -1.4383    31.7008    1438.64  0.000e+00
     42.437   62.19448 -174.67412    -1.4386    31.7005    1438.64  0.000e+00
     42.376   62.19448 -174.67412    -1.4391    31.7011    1438.64  0.000e+00
     42.437   62.19448 -174.67412    -1.4396    31.7014    1438.64  0.000e+00
     42.437   62.19448 -174.67412    -1.4402    31.7025    1438.63  0.000e+00
     42.491   62.19448 -174.67412    -1.4406    31.7030    1438.63  0.000e+00
     42.553   62.19448 -174.67412    -1.4412    31.7041    1438.63  0.000e+00
     42.553   62.19448 -174.67412    -1.4417    31.7055    1438.63  0.000e+00
     42.607   62.19448 -174.67412    -1.4420    31.7062    1438.63  0.000e+00
     42.607   62.19448 -174.67412    -1.4424    31.7074    1438.63  0.000e+00
     42.607   62.19448 -174.67412    -1.4425    31.7080    1438.63  0.000e+00
     42.669   62.19448 -174.67412    -1.4426    31.7087    1438.63  0.000e+00
     42.723   62.19448 -174.67412    -1.4429    31.7100    1438.64  0.000e+00
     42.669   62.19448 -174.67412    -1.4431    31.7110    1438.63  0.000e+00
     42.777   62.19448 -174.67412    -1.4432    31.7115    1438.64  0.000e+00
     42.777   62.19448 -174.67412    -1.4434    31.7123    1438.64  0.000e+00
     42.777   62.19448 -174.67412    -1.4437    31.7132    1438.64  0.000e+00
     42.893   62.19448 -174.67412    -1.4438    31.7143    1438.64  0.000e+00
     42.839   62.19448 -174.67412    -1.4440    31.7149    1438.64  0.000e+00
     42.893   62.19448 -174.67412    -1.4440    31.7161    1438.64  0.000e+00
     42.955   62.19448 -174.67412    -1.4442    31.7170    1438.64  0.000e+00
     42.947   62.19448 -174.67412    -1.4443    31.7185    1438.64  0.000e+00
     43.009   62.19448 -174.67412    -1.4442    31.7199    1438.65  0.000e+00
     43.009   62.19448 -174.67412    -1.4441    31.7220    1438.65  0.000e+00
     43.009   62.19448 -174.67412    -1.4443    31.7247    1438.65  0.000e+00
     43.124   62.19448 -174.67412    -1.4443    31.7266    1438.66  0.000e+00
     43.124   62.19448 -174.67412    -1.4439    31.7273    1438.66  0.000e+00
     43.124   62.19448 -174.67412    -1.4440    31.7287    1438.66  0.000e+00
     43.124   62.19448 -174.67412    -1.4439    31.7295    1438.66  0.000e+00
     43.240   62.19448 -174.67412    -1.4438    31.7305    1438.67  0.000e+00
     43.240   62.19448 -174.67412    -1.4435    31.7309    1438.67  0.000e+00
     43.240   62.19448 -174.67412    -1.4435    31.7319    1438.67  0.000e+00
     43.240   62.19448 -174.67412    -1.4434    31.7325    1438.67  0.000e+00
     43.356   62.19448 -174.67412    -1.4437    31.7332    1438.67  0.000e+00
     43.294   62.19448 -174.67412    -1.4441    31.7343    1438.67  0.000e+00
     43.410   62.19448 -174.67412    -1.4443    31.7347    1438.67  0.000e+00
     43.356   62.19448 -174.67412    -1.4450    31.7358    1438.67  0.000e+00
     43.410   62.19448 -174.67412    -1.4451    31.7360    1438.67  0.000e+00
     43.472   62.19448 -174.67412    -1.4458    31.7371    1438.67  0.000e+00
     43.472   62.19448 -174.67412    -1.4467    31.7383    1438.67  0.000e+00
     43.472   62.19448 -174.67412    -1.4473    31.7387    1438.67  0.000e+00
     43.526   62.19448 -174.67412    -1.4483    31.7396    1438.66  0.000e+00
     43.526   62.19448 -174.67412    -1.4490    31.7404    1438.66  0.000e+00
     43.580   62.19448 -174.67412    -1.4500    31.7403    1438.66  0.000e+00
     43.580   62.19448 -174.67412    -1.4507    31.7407    1438.65  0.000e+00
     43.642   62.19448 -174.67412    -1.4515    31.7412    1438.65  0.000e+00
     43.642   62.19448 -174.67412    -1.4523    31.7412    1438.65  0.000e+00
     43.642   62.19448 -174.67412    -1.4532    31.7419    1438.64  0.000e+00
     43.696   62.19448 -174.67412    -1.4537    31.7418    1438.64  0.000e+00
     43.642   62.19448 -174.67412    -1.4545    31.7422    1438.64  0.000e+00
     43.811   62.19448 -174.67412    -1.4556    31.7428    1438.64  0.000e+00
     43.696   62.19448 -174.67412    -1.4560    31.7427    1438.63  0.000e+00
     43.757   62.19448 -174.67412    -1.4570    31.7437    1438.63  0.000e+00
     43.811   62.19448 -174.67412    -1.4573    31.7434    1438.63  0.000e+00
     43.811   62.19448 -174.67412    -1.4580    31.7436    1438.63  0.000e+00
     43.811   62.19448 -174.67412    -1.4589    31.7441    1438.62  0.000e+00
     43.811   62.19448 -174.67412    -1.4594    31.7440    1438.62  0.000e+00
     43.873   62.19448 -174.67412    -1.4606    31.7441    1438.62  0.000e+00
     43.873   62.19448 -174.67412    -1.4615    31.7445    1438.61  0.000e+00
     43.927   62.19448 -174.67412    -1.4625    31.7443    1438.61  0.000e+00
     43.927   62.19448 -174.67412    -1.4638    31.7450    1438.60  0.000e+00
     43.927   62.19448 -174.67412    -1.4654    31.7459    1438.60  0.000e+00
     43.927   62.19448 -174.67412    -1.4674    31.7472    1438.59  0.000e+00
     43.927   62.19448 -174.67412    -1.4686    31.7473    1438.58  0.000e+00
     43.981   62.19448 -174.67412    -1.4699    31.7482    1438.58  0.000e+00
     43.981   62.19448 -174.67412    -1.4710    31.7487    1438.57  0.000e+00
     44.043   62.19448 -174.67412    -1.4722    31.7494    1438.57  0.000e+00
     43.981   62.19448 -174.67412    -1.4733    31.7500    1438.56  0.000e+00
     44.043   62.19448 -174.67412    -1.4747    31.7511    1438.56  0.000e+00
     44.043   62.19448 -174.67412    -1.4753    31.7512    1438.56  0.000e+00
     44.043   62.19448 -174.67412    -1.4765    31.7515    1438.55  0.000e+00
     44.097   62.19448 -174.67412    -1.4779    31.7527    1438.55  0.000e+00
     44.097   62.19448 -174.67412    -1.4790    31.7530    1438.54  0.000e+00
     44.097   62.19448 -174.67412    -1.4800    31.7538    1438.54  0.000e+00
     44.097   62.19448 -174.67412    -1.4810    31.7545    1438.54  0.000e+00
     44.097   62.19448 -174.67412    -1.4820    31.7551    1438.53  0.000e+00
     44.097   62.19448 -174.67412    -1.4832    31.7564    1438.53  0.000e+00
     44.159   62.19448 -174.67412    -1.4836    31.7567    1438.53  0.000e+00
     44.159   62.19448 -174.67412    -1.4847    31.7574    1438.52  0.000e+00
     44.159   62.19448 -174.67412    -1.4851    31.7574    1438.52  0.000e+00
     44.159   62.19448 -174.67412    -1.4851    31.7575    1438.52  0.000e+00
     44.159   62.19448 -174.67412    -1.4862    31.7583    1438.52  0.000e+00
     44.159   62.19448 -174.67412    -1.4873    31.7589    1438.51  0.000e+00
     44.213   62.19448 -174.67412    -1.4878    31.7594    1438.51  0.000e+00
     44.213   62.19448 -174.67412    -1.4874    31.7590    1438.51  0.000e+00
     44.213   62.19448 -174.67412    -1.4877    31.7592    1438.51  0.000e+00
     44.213   62.19448 -174.67412    -1.4885    31.7602    1438.51  0.000e+00
     44.213   62.19448 -174.67412    -1.4887    31.7602    1438.51  0.000e+00
     44.275   62.19448 -174.67412    -1.4891    31.7606    1438.51  0.000e+00
     44.213   62.19448 -174.67412    -1.4893    31.7610    1438.51  0.000e+00
     44.275   62.19448 -174.67412    -1.4892    31.7606    1438.51  0.000e+00
     44.275   62.19448 -174.67412    -1.4882    31.7594    1438.51  0.000e+00
     44.275   62.19448 -174.67412    -1.4884    31.7595    1438.51  0.000e+00
     44.275   62.19448 -174.67412    -1.4888    31.7600    1438.51  0.000e+00
     44.275   62.19448 -174.67412    -1.4891    31.7603    1438.51  0.000e+00
     44.329   62.19448 -174.67412    -1.4893    31.7605    1438.51  0.000e+00
     44.275   62.19448 -174.67412    -1.4888    31.7598    1438.51  0.000e+00
     44.329   62.19448 -174.67412    -1.4891    31.7606    1438.51  0.000e+00
     44.329   62.19448 -174.67412    -1.4891    31.7604    1438.51  0.000e+00
     44.329   62.19448 -174.67412    -1.4885    31.7600    1438.51  0.000e+00
     44.383   62.19448 -174.67412    -1.4896    31.7613    1438.51  0.000e+00
     44.383   62.19448 -174.67412    -1.4903    31.7620    1438.51  0.000e+00
     44.329   62.19448 -174.67412    -1.4908    31.7624    1438.50  0.000e+00
     44.329   62.19448 -174.67412    -1.4910    31.7631    1438.50  0.000e+00
     44.444   62.19448 -174.67412    -1.4911    31.7635    1438.50  0.000e+00
     44.383   62.19448 -174.67412    -1.4923    31.7646    1438.50  0.000e+00
     44.444   62.19448 -174.67412    -1.4932    31.7663    1438.50  0.000e+00
     44.444   62.19448 -174.67412    -1.4934    31.7666    1438.50  0.000e+00
     44.383   62.19448 -174.67412    -1.4935    31.7668    1438.50  0.000e+00
     44.444   62.19448 -174.67412    -1.4937    31.7668    1438.50  0.000e+00
     44.498   62.19448 -174.67412    -1.4937    31.7680    1438.50  0.000e+00
     44.444   62.19448 -174.67412    -1.4945    31.7694    1438.50  0.000e+00
     44.498   62.19448 -174.67412    -1.4957    31.7716    1438.49  0.000e+00
     44.498   62.19448 -174.67412    -1.4964    31.7728    1438.49  0.000e+00
     44.498   62.19448 -174.67412    -1.4963    31.7725    1438.49  0.000e+00
     44.560   62.19448 -174.67412    -1.4972    31.7739    1438.49  0.000e+00
     44.498   62.19448 -174.67412    -1.4974    31.7745    1438.49  0.000e+00
     44.614   62.19448 -174.67412    -1.4981    31.7758    1438.49  0.000e+00
     44.560   62.19448 -174.67412    -1.4986    31.7772    1438.49  0.000e+00
     44.560   62.19448 -174.67412    -1.4991    31.7774    1438.49  0.000e+00
     44.614   62.19448 -174.67412    -1.4992    31.7776    1438.49  0.000e+00
     44.676   62.19448 -174.67412    -1.5003    31.7790    1438.49  0.000e+00
     44.614   62.19448 -174.67410    -1.5005    31.7791    1438.48  0.000e+00
     44.614   62.19448 -174.67410    -1.5010    31.7795    1438.48  0.000e+00
     44.730   62.19448 -174.67410    -1.5017    31.7807    1438.48  0.000e+00
     44.668   62.19448 -174.67410    -1.5022    31.7817    1438.48  0.000e+00
     44.730   62.19448 -174.67410    -1.5031    31.7830    1438.48  0.000e+00
     44.676   62.19448 -174.67410    -1.5032    31.7833    1438.48  0.000e+00
     44.784   62.19448 -174.67410    -1.5038    31.7841    1438.48  0.000e+00
     44.784   62.19448 -174.67410    -1.5042    31.7851    1438.48  0.000e+00
     44.784   62.19448 -174.67410    -1.5049    31.7861    1438.47  0.000e+00
     44.784   62.19448 -174.67410    -1.5056    31.7877    1438.47  0.000e+00
     44.846   62.19448 -174.67410    -1.5059    31.7881    1438.47  0.000e+00
     44.784   62.19448 -174.67410    -1.5063    31.7887    1438.47  0.000e+00
     44.900   62.19448 -174.67410    -1.5063    31.7887    1438.47  0.000e+00
     44.846   62.19448 -174.67410    -1.5065    31.7896    1438.47  0.000e+00
     44.900   62.19448 -174.67410    -1.5070    31.7904    1438.47  0.000e+00
     44.962   62.19448 -174.67410    -1.5073    31.7905    1438.47  0.000e+00
     44.962   62.19448 -174.67410    -1.5075    31.7908    1438.47  0.000e+00
     44.962   62.19448 -174.67410    -1.5078    31.7916    1438.47  0.000e+00
     45.016   62.19448 -174.67410    -1.5081    31.7922    1438.47  0.000e+00
     45.016   62.19448 -174.67410    -1.5083    31.7921    1438.47  0.000e+00
     45.077   62.19448 -174.67410    -1.5084    31.7924    1438.47  0.000e+00
     45.077   62.19448 -174.67410    -1.5087    31.7925    1438.47  0.000e+00
     45.077   62.19448 -174.67410    -1.5090    31.7934    1438.47  0.000e+00
     45.131   62.19448 -174.67410    -1.5090    31.7933    1438.47  0.000e+00
     45.185   62.19448 -174.67410    -1.5092    31.7929    1438.47  0.000e+00
     45.185   62.19448 -174.67410    -1.5092    31.7932    1438.47  0.000e+00
     45.185   62.19448 -174.67410    -1.5093    31.7937    1438.47  0.000e+00
     45.247   62.19448 -174.67410    -1.5096    31.7939    1438.47  0.000e+00
     45.247   62.19448 -174.67410    -1.5096    31.7940    1438.47  0.000e+00
     45.301   62.19448 -174.67410    -1.5095    31.7944    1438.47  0.000e+00
     45.301   62.19448 -174.67410    -1.5094    31.7944    1438.47  0.000e+00
     45.363   62.19448 -174.67410    -1.5101    31.7951    1438.47  0.000e+00
     45.363   62.19448 -174.67410    -1.5098    31.7947    1438.47  0.000e+00
     45.417   62.19448 -174.67410    -1.5098    31.7947    1438.47  0.000e+00
     45.417   62.19448 -174.67410    -1.5099    31.7947    1438.47  0.000e+00
     45.479   62.19448 -174.67410    -1.5100    31.7948    1438.47  0.000e+00
     45.479   62.19448 -174.67410    -1.5104    31.7953    1438.47  0.000e+00
