EcoFOCI/data/1_SampleCollection/2023_SikuliaqDBO_CruiseData/CTD_raw_BottleFile_SKQ23-12S/proc/skq202312s_031.ros
* Sea-Bird SBE 9 Data File:
* FileName = D:\CTD\SKQ202312S\SKQ202312S_031.hex
* Software Version Seasave V 7.26.7.121
* Temperature SN = 6177
* Conductivity SN = 0369
* Number of Bytes Per Scan = 41
* Number of Voltage Words = 4
* Number of Scans Averaged by the Deck Unit = 1
* NMEA Latitude = 71 29.95 N
* NMEA Longitude = 157 40.36 W
* NMEA UTC (Time) = Sep 21 2023  09:49:17
* NMEA baud rate = 4800
** Ship: R/V Sikuliaq
** Station Number: 031
** Station Name: DBO5.7
** Bottom Depth: 81
** Operator: SS
# nquan = 22
# nvalues = 1029                                  
# units = specified
# name 0 = depSM: Depth [salt water, m]
# name 1 = latitude: Latitude [deg]
# name 2 = longitude: Longitude [deg]
# name 3 = prDM: Pressure, Digiquartz [db]
# name 4 = t090C: Temperature [ITS-90, deg C]
# name 5 = t190C: Temperature, 2 [ITS-90, deg C]
# name 6 = potemp090C: Potential Temperature [ITS-90, deg C]
# name 7 = sal00: Salinity, Practical [PSU]
# name 8 = sal11: Salinity, Practical, 2 [PSU]
# name 9 = density00: Density [density, kg/m^3]
# name 10 = sigma-é00: Density [sigma-theta, kg/m^3]
# name 11 = sbox0Mm/Kg: Oxygen, SBE 43 [umol/kg]
# name 12 = sbox1Mm/Kg: Oxygen, SBE 43, 2 [umol/kg]
# name 13 = oxsolMm/Kg: Oxygen Saturation, Garcia & Gordon [umol/kg]
# name 14 = sbeox0PS: Oxygen, SBE 43 [% saturation]
# name 15 = v0: Voltage 0
# name 16 = flECO-AFL: Fluorescence, WET Labs ECO-AFL/FL [mg/m^3]
# name 17 = CStarAt0: Beam Attenuation, WET Labs C-Star [1/m]
# name 18 = par: PAR/Irradiance, Biospherical/Licor
# name 19 = scan: Scan Count
# name 20 = nbf: Bottles Fired
# name 21 = flag:  0.000e+00
# interval = seconds: 0.0416667
# start_time = Sep 21 2023 09:54:09 [NMEA time, first data scan]
# bad_flag = -9.990e-29
*END*
[from data line 527]
     29.572   71.49902 -157.67356     29.880    -1.5242    -1.5213    -1.5247    32.5224    32.5330  1026.3046    26.1603    306.926    294.516  369.40150     83.087     0.0989     0.2454     0.5283 8.4714e-06      23655         11  0.000e+00
     29.534   71.49902 -157.67356     29.841    -1.5243    -1.5209    -1.5248    32.5225    32.5323  1026.3045    26.1604    306.925    294.479  369.40183     83.087     0.1001     0.2527     0.5283 1.0000e-12      23656         11  0.000e+00
     29.572   71.49902 -157.67356     29.880    -1.5245    -1.5207    -1.5250    32.5229    32.5327  1026.3050    26.1607    306.720    294.673  369.40295     83.031     0.0989     0.2454     0.5294 1.0000e-12      23657         11  0.000e+00
     29.472   71.49902 -157.67356     29.778    -1.5242    -1.5202    -1.5247    32.5221    32.5328  1026.3039    26.1601    306.929    294.662  369.40246     83.088     0.0989     0.2454     0.5306 1.0000e-12      23658         11  0.000e+00
     29.518   71.49902 -157.67356     29.825    -1.5243    -1.5201    -1.5248    32.5221    32.5325  1026.3041    26.1601    306.936    294.659  369.40370     83.090     0.1001     0.2527     0.5306 1.0000e-12      23659         11  0.000e+00
     29.472   71.49902 -157.67356     29.778    -1.5243    -1.5200    -1.5248    32.5222    32.5330  1026.3040    26.1602    306.937    294.421  369.40272     83.090     0.0989     0.2454     0.5306 1.0000e-12      23660         11  0.000e+00
     29.518   71.49902 -157.67356     29.825    -1.5240    -1.5195    -1.5246    32.5224    32.5327  1026.3043    26.1603    306.941    294.381  369.39999     83.092     0.1001     0.2527     0.5306 8.4714e-06      23661         11  0.000e+00
     29.472   71.49902 -157.67356     29.778    -1.5242    -1.5195    -1.5247    32.5225    32.5331  1026.3042    26.1604    306.686    294.375  369.40132     83.022     0.0989     0.2454     0.5306 1.0000e-12      23662         11  0.000e+00
     29.519   71.49902 -157.67356     29.825    -1.5244    -1.5192    -1.5249    32.5225    32.5330  1026.3044    26.1604    306.905    294.371  369.40308     83.081     0.0989     0.2454     0.5306 1.0000e-12      23663         11  0.000e+00
     29.472   71.49902 -157.67356     29.778    -1.5242    -1.5189    -1.5247    32.5224    32.5331  1026.3041    26.1603    306.649    294.332  369.40158     83.012     0.0989     0.2454     0.5306 1.0000e-12      23664         11  0.000e+00
     29.457   71.49902 -157.67356     29.763    -1.5242    -1.5187    -1.5247    32.5222    32.5328  1026.3039    26.1602    306.607    294.296  369.40205     83.001     0.0989     0.2454     0.5306 8.4714e-06      23665         11  0.000e+00
     29.472   71.49902 -157.67356     29.778    -1.5242    -1.5189    -1.5247    32.5222    32.5331  1026.3040    26.1601    306.828    294.296  369.40220     83.061     0.0977     0.2381     0.5306 1.0000e-12      23666         11  0.000e+00
     19.274   71.49900 -157.67396     19.474    -1.2977    -1.3028    -1.2980    32.3167    32.3302  1026.0814    25.9875    339.924    325.074  367.75232     92.433     0.1197     0.3699     0.5212 1.0000e-12      27139         12  0.000e+00
     19.274   71.49900 -157.67396     19.474    -1.2981    -1.3031    -1.2985    32.3169    32.3303  1026.0817    25.9877    339.946    325.037  367.75604     92.438     0.1184     0.3626     0.5212 1.0000e-12      27140         12  0.000e+00
     19.274   71.49900 -157.67396     19.474    -1.2987    -1.3025    -1.2991    32.3169    32.3298  1026.0817    25.9877    339.977    324.999  367.76240     92.445     0.1197     0.3699     0.5212 1.0000e-12      27141         12  0.000e+00
     19.235   71.49900 -157.67396     19.435    -1.2994    -1.3024    -1.2998    32.3178    32.3301  1026.0822    25.9884    340.010    324.966  367.76610     92.453     0.1184     0.3626     0.5212 1.0000e-12      27142         12  0.000e+00
     19.328   71.49900 -157.67396     19.528    -1.2992    -1.3025    -1.2996    32.3180    32.3301  1026.0828    25.9886    340.048    324.721  367.76386     92.464     0.1197     0.3699     0.5212 8.4714e-06      27143         12  0.000e+00
     19.274   71.49900 -157.67396     19.474    -1.2992    -1.3024    -1.2996    32.3180    32.3298  1026.0826    25.9887    340.088    324.669  367.76364     92.475     0.1197     0.3699     0.5212 8.4714e-06      27144         12  0.000e+00
     19.297   71.49900 -157.67396     19.497    -1.2990    -1.3039    -1.2994    32.3176    32.3307  1026.0824    25.9883    340.086    324.642  367.76314     92.474     0.1184     0.3626     0.5200 8.4714e-06      27145         12  0.000e+00
     19.328   71.49900 -157.67396     19.528    -1.2992    -1.3055    -1.2996    32.3181    32.3313  1026.0829    25.9887    340.140    324.623  367.76336     92.489     0.1197     0.3699     0.5200 1.0000e-12      27146         12  0.000e+00
     19.328   71.49900 -157.67396     19.528    -1.2987    -1.3071    -1.2991    32.3180    32.3325  1026.0828    25.9886    340.195    324.833  367.75927     92.505     0.1184     0.3626     0.5212 1.0000e-12      27147         12  0.000e+00
     19.328   71.49900 -157.67396     19.528    -1.2992    -1.3088    -1.2995    32.3183    32.3340  1026.0831    25.9889    339.956    324.855  367.76223     92.439     0.1197     0.3699     0.5212 1.0000e-12      27148         12  0.000e+00
     19.351   71.49900 -157.67396     19.552    -1.3006    -1.3099    -1.3010    32.3193    32.3344  1026.0841    25.9897    340.198    324.653  367.77356     92.502     0.1197     0.3699     0.5212 8.4714e-06      27149         12  0.000e+00
     19.382   71.49900 -157.67396     19.583    -1.3018    -1.3113    -1.3022    32.3194    32.3349  1026.0843    25.9899    339.980    324.622  367.78509     92.440     0.1209     0.3773     0.5212 8.4714e-06      27150         12  0.000e+00
     19.328   71.49900 -157.67396     19.528    -1.3032    -1.3125    -1.3036    32.3197    32.3361  1026.0843    25.9901    340.023    324.396  367.79801     92.448     0.1197     0.3699     0.5200 8.4714e-06      27151         12  0.000e+00
     19.351   71.49900 -157.67396     19.552    -1.3038    -1.3130    -1.3042    32.3198    32.3358  1026.0846    25.9902    340.021    324.339  367.80380     92.446     0.1197     0.3699     0.5212 1.0000e-12      27152         12  0.000e+00
     19.382   71.49900 -157.67396     19.583    -1.3045    -1.3142    -1.3049    32.3206    32.3368  1026.0853    25.9909    340.024    324.066  367.80901     92.446     0.1209     0.3773     0.5212 1.0000e-12      27153         12  0.000e+00
     19.382   71.49900 -157.67396     19.583    -1.3049    -1.3148    -1.3053    32.3210    32.3370  1026.0857    25.9912    340.029    324.220  367.81133     92.447     0.1197     0.3699     0.5212 1.0000e-12      27154         12  0.000e+00
     19.444   71.49900 -157.67396     19.645    -1.3054    -1.3153    -1.3057    32.3214    32.3375  1026.0863    25.9916    340.043    324.216  367.81454     92.450     0.1209     0.3773     0.5212 1.0000e-12      27155         12  0.000e+00
     19.413   71.49900 -157.67396     19.614    -1.3063    -1.3157    -1.3067    32.3222    32.3381  1026.0869    25.9922    340.320    324.217  367.82130     92.523     0.1197     0.3699     0.5212 1.0000e-12      27156         12  0.000e+00
     19.382   71.49900 -157.67396     19.583    -1.3078    -1.3162    -1.3081    32.3229    32.3386  1026.0873    25.9928    340.143    324.225  367.83404     92.472     0.1197     0.3699     0.5212 1.0000e-12      27157         12  0.000e+00
     19.444   71.49900 -157.67396     19.645    -1.3090    -1.3157    -1.3094    32.3238    32.3381  1026.0884    25.9936    340.181    324.206  367.84403     92.480     0.1197     0.3699     0.5212 1.0000e-12      27158         12  0.000e+00
     19.413   71.49900 -157.67396     19.614    -1.3099    -1.3154    -1.3103    32.3246    32.3378  1026.0889    25.9943    340.217    324.191  367.85016     92.488     0.1209     0.3773     0.5212 1.0000e-12      27159         12  0.000e+00
     19.498   71.49900 -157.67396     19.700    -1.3098    -1.3146    -1.3102    32.3242    32.3372  1026.0890    25.9939    340.207    324.183  367.85016     92.485     0.1209     0.3773     0.5212 8.4714e-06      27160         12  0.000e+00
     19.444   71.49900 -157.67396     19.645    -1.3089    -1.3146    -1.3092    32.3235    32.3373  1026.0881    25.9933    340.237    323.955  367.84324     92.495     0.1209     0.3773     0.5212 1.0000e-12      27161         12  0.000e+00
     19.498   71.49900 -157.67396     19.700    -1.3087    -1.3147    -1.3091    32.3234    32.3371  1026.0883    25.9933    340.284    323.937  367.84156     92.508     0.1209     0.3773     0.5212 1.0000e-12      27162         12  0.000e+00
     19.413   71.49900 -157.67396     19.614    -1.3094    -1.3151    -1.3098    32.3241    32.3379  1026.0885    25.9939    340.288    323.920  367.84694     92.508     0.1197     0.3699     0.5212 8.4714e-06      27163         12  0.000e+00
     19.498   71.49900 -157.67396     19.700    -1.3099    -1.3148    -1.3103    32.3244    32.3376  1026.0891    25.9941    340.407    323.915  367.85081     92.539     0.1209     0.3773     0.5212 1.0000e-12      27164         12  0.000e+00
     19.498   71.49900 -157.67396     19.700    -1.3094    -1.3148    -1.3098    32.3242    32.3376  1026.0890    25.9939    340.197    323.916  367.84672     92.483     0.1197     0.3699     0.5212 1.0000e-12      27165         12  0.000e+00
     19.467   71.49900 -157.67396     19.669    -1.3087    -1.3155    -1.3091    32.3236    32.3380  1026.0883    25.9934    340.452    323.930  367.84164     92.554     0.1209     0.3773     0.5212 8.4714e-06      27166         12  0.000e+00
     19.559   71.49900 -157.67396     19.762    -1.3073    -1.3163    -1.3077    32.3226    32.3380  1026.0880    25.9926    340.500    323.959  367.83026     92.570     0.1197     0.3699     0.5212 1.0000e-12      27167         12  0.000e+00
     19.444   71.49900 -157.67396     19.645    -1.3055    -1.3169    -1.3058    32.3212    32.3381  1026.0861    25.9914    340.538    323.985  367.81643     92.584     0.1197     0.3699     0.5212 8.4714e-06      27168         12  0.000e+00
     19.559   71.49900 -157.67396     19.762    -1.3043    -1.3172    -1.3046    32.3208    32.3387  1026.0863    25.9910    340.592    324.024  367.80565     92.601     0.1209     0.3773     0.5212 1.0000e-12      27169         12  0.000e+00
     19.521   71.49898 -157.67396     19.723    -1.3032    -1.3172    -1.3036    32.3199    32.3389  1026.0854    25.9902    340.387    324.063  367.79748     92.547     0.1197     0.3699     0.5212 1.0000e-12      27170         12  0.000e+00
     19.498   71.49898 -157.67396     19.700    -1.3027    -1.3169    -1.3031    32.3198    32.3389  1026.0852    25.9901    340.400    324.107  367.79323     92.552     0.1209     0.3773     0.5212 1.0000e-12      27171         12  0.000e+00
     19.560   71.49898 -157.67396     19.762    -1.3024    -1.3160    -1.3028    32.3194    32.3383  1026.0852    25.9899    339.910    324.158  367.79140     92.419     0.1197     0.3699     0.5212 1.0000e-12      27172         12  0.000e+00
     19.521   71.49898 -157.67396     19.723    -1.3023    -1.3154    -1.3026    32.3198    32.3382  1026.0853    25.9902    340.607    324.182  367.78856     92.610     0.1197     0.3699     0.5212 8.4714e-06      27173         12  0.000e+00
     19.560   71.49898 -157.67396     19.762    -1.3023    -1.3136    -1.3026    32.3198    32.3371  1026.0855    25.9902    340.690    324.433  367.78863     92.632     0.1136     0.3333     0.5212 1.0000e-12      27174         12  0.000e+00
     19.560   71.49898 -157.67396     19.762    -1.3021    -1.3121    -1.3025    32.3195    32.3362  1026.0853    25.9899    340.772    324.496  367.78771     92.654     0.1123     0.3260     0.5200 1.0000e-12      27175         12  0.000e+00
     19.560   71.49898 -157.67396     19.762    -1.3024    -1.3106    -1.3028    32.3203    32.3355  1026.0859    25.9906    340.858    324.528  367.78880     92.678     0.1136     0.3333     0.5200 1.0000e-12      27176         12  0.000e+00
     19.583   71.49898 -157.67396     19.786    -1.3024    -1.3081    -1.3028    32.3207    32.3332  1026.0863    25.9909    341.201    324.562  367.78772     92.771     0.1123     0.3260     0.5200 8.4714e-06      27177         12  0.000e+00
     19.560   71.49898 -157.67396     19.762    -1.3029    -1.3052    -1.3033    32.3206    32.3311  1026.0862    25.9908    341.034    324.397  367.79251     92.725     0.1136     0.3333     0.5200 1.0000e-12      27178         12  0.000e+00
     19.560   71.49898 -157.67396     19.762    -1.3026    -1.3033    -1.3030    32.3201    32.3298  1026.0857    25.9904    341.119    324.411  367.79120     92.748     0.1123     0.3260     0.5200 1.0000e-12      27179         12  0.000e+00
     19.583   71.49898 -157.67396     19.786    -1.3026    -1.3022    -1.3030    32.3198    32.3297  1026.0857    25.9902    341.159    324.436  367.79186     92.759     0.1136     0.3333     0.5200 1.0000e-12      27180         12  0.000e+00
     19.560   71.49898 -157.67396     19.762    -1.3032    -1.2999    -1.3036    32.3204    32.3269  1026.0860    25.9907    341.201    324.460  367.79594     92.769     0.1123     0.3260     0.5200 1.0000e-12      27181         12  0.000e+00
     19.560   71.49898 -157.67396     19.762    -1.3038    -1.2989    -1.3042    32.3207    32.3264  1026.0863    25.9909    341.246    324.496  367.80131     92.780     0.1123     0.3260     0.5200 8.4714e-06      27182         12  0.000e+00
     19.583   71.49898 -157.67396     19.786    -1.3047    -1.2983    -1.3051    32.3215    32.3264  1026.0871    25.9916    341.293    324.542  367.80804     92.791     0.1123     0.3260     0.5200 1.0000e-12      27183         12  0.000e+00
     19.614   71.49898 -157.67396     19.817    -1.3063    -1.2983    -1.3067    32.3225    32.3263  1026.0881    25.9925    341.347    324.600  367.82041     92.803     0.1123     0.3260     0.5200 1.0000e-12      27184         12  0.000e+00
     19.560   71.49898 -157.67396     19.762    -1.3073    -1.2990    -1.3077    32.3235    32.3274  1026.0886    25.9933    341.391    324.891  367.82791     92.813     0.1136     0.3333     0.5200 1.0000e-12      27185         12  0.000e+00
     19.614   71.49898 -157.67396     19.817    -1.3073    -1.3001    -1.3077    32.3226    32.3285  1026.0882    25.9925    341.434    324.965  367.83048     92.824     0.1123     0.3260     0.5200 8.4714e-06      27186         12  0.000e+00
     19.521   71.49898 -157.67396     19.723    -1.3079    -1.3010    -1.3083    32.3230    32.3291  1026.0881    25.9929    341.474    324.809  367.83545     92.833     0.1136     0.3333     0.5200 1.0000e-12      27187         12  0.000e+00
     19.962   71.49900 -157.67396     20.169    -1.3172    -1.3168    -1.3176    32.3387    32.3507  1026.1032    26.0059    339.355    324.211  367.88145     92.246     0.1050     0.2820     0.5330 1.0000e-12      27282         13  0.000e+00
     20.101   71.49900 -157.67396     20.309    -1.3182    -1.3142    -1.3185    32.3384    32.3511  1026.1037    26.0057    339.356    324.192  367.89188     92.244     0.1062     0.2894     0.5330 8.4714e-06      27283         13  0.000e+00
     20.078   71.49900 -157.67396     20.286    -1.3189    -1.3114    -1.3193    32.3382    32.3508  1026.1034    26.0056    339.356    324.170  367.89973     92.241     0.1050     0.2820     0.5330 1.0000e-12      27284         13  0.000e+00
     20.016   71.49900 -157.67396     20.224    -1.3195    -1.3095    -1.3199    32.3389    32.3507  1026.1037    26.0061    339.358    324.159  367.90401     92.241     0.1050     0.2820     0.5330 1.0000e-12      27285         13  0.000e+00
