EcoFOCI/data/1_SampleCollection/2023_SikuliaqDBO_CruiseData/CTD_raw_BottleFile_SKQ23-12S/proc/skq202312s_018.cnv
* Sea-Bird SBE 9 Data File:
* FileName = D:\CTD\SKQ202312S\SKQ202312S_018.hex
* Software Version Seasave V 7.26.7.121
* Temperature SN = 6177
* Conductivity SN = 0369
* Number of Bytes Per Scan = 41
* Number of Voltage Words = 4
* Number of Scans Averaged by the Deck Unit = 1
* NMEA Latitude = 64 40.12 N
* NMEA Longitude = 168 14.25 W
* NMEA UTC (Time) = Sep 17 2023  18:54:46
* NMEA baud rate = 4800
** Ship: R/V Sikuliaq
** Station Number: 018
** Station Name: DBO2.3
** Bottom Depth: 38
** Operator: SD
# nquan = 24
# nvalues = 4087                                  
# units = specified
# name 0 = depSM: Depth [salt water, m]
# name 1 = latitude: Latitude [deg]
# name 2 = longitude: Longitude [deg]
# name 3 = prDM: Pressure, Digiquartz [db]
# name 4 = t090C: Temperature [ITS-90, deg C]
# name 5 = t190C: Temperature, 2 [ITS-90, deg C]
# name 6 = potemp090C: Potential Temperature [ITS-90, deg C]
# name 7 = sal00: Salinity, Practical [PSU]
# name 8 = sal11: Salinity, Practical, 2 [PSU]
# name 9 = density00: Density [density, kg/m^3]
# name 10 = sigma-é00: Density [sigma-theta, kg/m^3]
# name 11 = sbox0Mm/Kg: Oxygen, SBE 43 [umol/kg]
# name 12 = sbox1Mm/Kg: Oxygen, SBE 43, 2 [umol/kg]
# name 13 = oxsolMm/Kg: Oxygen Saturation, Garcia & Gordon [umol/kg]
# name 14 = sbeox0PS: Oxygen, SBE 43 [% saturation]
# name 15 = sbeox1PS: Oxygen, SBE 43, 2 [% saturation]
# name 16 = v0: Voltage 0
# name 17 = flECO-AFL: Fluorescence, WET Labs ECO-AFL/FL [mg/m^3]
# name 18 = v1: Voltage 1
# name 19 = CStarAt0: Beam Attenuation, WET Labs C-Star [1/m]
# name 20 = par: PAR/Irradiance, Biospherical/Licor
# name 21 = scan: Scan Count
# name 22 = timeM: Time, Elapsed [minutes]
# name 23 = flag:  0.000e+00
# span 0 =      3.209,     33.032                 
# span 1 =   64.66886,   64.66890                 
# span 2 = -168.23718, -168.23714                 
# span 3 =      3.241,     33.361                 
# span 4 =     5.3066,     6.2563                 
# span 5 =     5.3161,     6.2392                 
# span 6 =     5.3042,     6.2559                 
# span 7 =    31.7797,    31.8869                 
# span 8 =    31.6612,    31.8934                 
# span 9 =  1025.0101,  1025.3283                 
# span 10 =    24.9912,    25.1743                
# span 11 =    285.566,    295.994                
# span 12 =    272.152,    281.018                
# span 13 =  305.61799,  312.34072                
# span 14 =     92.201,     95.708                
# span 15 =     87.543,     91.429                
# span 16 =     0.2613,     0.3980                
# span 17 =     1.2198,     2.0403                
# span 18 =     3.7045,     3.8706                
# span 19 =     0.7873,     0.9627                
# span 20 = 5.6694e-01, 7.6165e+01                
# span 21 =          1,       4087                
# span 22 =     0.0000,     2.8375                
# span 23 = 0.0000e+00, 0.0000e+00                
# interval = seconds: 0.0416667
# start_time = Sep 17 2023 18:58:23 [NMEA time, first data scan]
# bad_flag = -9.990e-29
*END*
[from data line 3502]
     29.067   64.66888 -168.23718     29.357     6.0126     5.9995     6.0102    31.8184    31.8270  1025.1738    25.0381    292.347    278.118  307.34088     95.121     90.470     0.3443     1.7179     3.8571     0.8012 9.9951e-01       3503     2.4319  0.000e+00
     29.091   64.66888 -168.23718     29.380     6.0123     6.0010     6.0099    31.8183    31.8271  1025.1738    25.0380    292.351    278.076  307.34340     95.122     90.459     0.3455     1.7253     3.8571     0.8012 9.9951e-01       3504     2.4326  0.000e+00
     29.129   64.66888 -168.23718     29.419     6.0123     6.0040     6.0099    31.8182    31.8272  1025.1739    25.0380    292.354    278.024  307.34353     95.123     90.449     0.3468     1.7326     3.8559     0.8024 9.9638e-01       3505     2.4333  0.000e+00
     29.145   64.66888 -168.23718     29.435     6.0113     6.0062     6.0090    31.8185    31.8275  1025.1743    25.0383    292.363    277.979  307.34991     95.124     90.439     0.3455     1.7253     3.8559     0.8024 9.9325e-01       3506     2.4340  0.000e+00
     29.183   64.66888 -168.23718     29.474     6.0085     6.0079     6.0061    31.8197    31.8276  1025.1758    25.0396    292.385    277.940  307.36766     95.125     90.430     0.3468     1.7326     3.8571     0.8012 9.9012e-01       3507     2.4347  0.000e+00
     29.145   64.66888 -168.23718     29.435     6.0085     6.0092     6.0061    31.8191    31.8273  1025.1751    25.0391    291.991    277.903  307.36909     94.997     90.421     0.3455     1.7253     3.8571     0.8012 9.7158e-01       3508     2.4354  0.000e+00
     29.245   64.66888 -168.23718     29.536     6.0058     6.0096     6.0034    31.8168    31.8273  1025.1742    25.0377    292.164    277.879  307.39324     95.046     90.414     0.3455     1.7253     3.8571     0.8012 9.6242e-01       3509     2.4361  0.000e+00
     29.199   64.66888 -168.23718     29.489     5.9939     6.0094     5.9916    31.8165    31.8275  1025.1751    25.0388    292.428    277.855  307.47956     95.105     90.405     0.3455     1.7253     3.8571     0.8012 9.6242e-01       3510     2.4368  0.000e+00
     29.245   64.66888 -168.23718     29.536     5.9824     6.0094     5.9801    31.8168    31.8274  1025.1770    25.0404    292.383    277.835  307.56146     95.065     90.399     0.3455     1.7253     3.8571     0.8012 9.6852e-01       3511     2.4375  0.000e+00
     29.314   64.66888 -168.23718     29.606     5.9720     6.0088     5.9696    31.8196    31.8270  1025.1808    25.0439    292.636    277.822  307.62994     95.126     90.393     0.3468     1.7326     3.8571     0.8012 9.7465e-01       3512     2.4382  0.000e+00
     29.299   64.66888 -168.23718     29.590     5.9658     6.0079     5.9635    31.8233    31.8271  1025.1843    25.0476    292.486    277.808  307.66610     95.066     90.387     0.3455     1.7253     3.8571     0.8012 9.7465e-01       3513     2.4389  0.000e+00
     29.314   64.66888 -168.23718     29.606     5.9739     6.0027     5.9716    31.8219    31.8279  1025.1823    25.0455    292.408    277.826  307.61077     95.058     90.382     0.3468     1.7326     3.8559     0.8024 9.5939e-01       3514     2.4396  0.000e+00
     29.361   64.66888 -168.23718     29.653     5.9831     5.9965     5.9808    31.8208    31.8285  1025.1806    25.0436    292.522    277.855  307.54705     95.115     90.379     0.3455     1.7253     3.8547     0.8037 9.4733e-01       3515     2.4403  0.000e+00
     29.314   64.66888 -168.23718     29.606     5.9874     5.9935     5.9850    31.8208    31.8280  1025.1798    25.0430    292.499    277.861  307.51676     95.116     90.374     0.3468     1.7326     3.8535     0.8050 9.4434e-01       3516     2.4410  0.000e+00
     29.415   64.66888 -168.23718     29.707     5.9883     5.9932     5.9860    31.8201    31.8282  1025.1796    25.0423    292.310    277.853  307.51136     95.057     90.371     0.3455     1.7253     3.8535     0.8050 9.4135e-01       3517     2.4417  0.000e+00
     29.376   64.66888 -168.23718     29.668     5.9877     5.9939     5.9853    31.8200    31.8279  1025.1795    25.0424    292.297    277.836  307.51623     95.051     90.367     0.3468     1.7326     3.8535     0.8050 9.3838e-01       3518     2.4424  0.000e+00
     29.415   64.66888 -168.23718     29.707     5.9867     5.9910     5.9843    31.8196    31.8287  1025.1795    25.0422    292.094    277.847  307.52412     94.982     90.365     0.3455     1.7253     3.8535     0.8050 9.3838e-01       3519     2.4431  0.000e+00
     29.430   64.66888 -168.23718     29.723     5.9842     5.9891     5.9818    31.8200    31.8285  1025.1801    25.0428    292.467    277.853  307.54171     95.098     90.362     0.3468     1.7326     3.8535     0.8050 9.3541e-01       3520     2.4438  0.000e+00
     29.492   64.66888 -168.23718     29.785     5.9804     5.9892     5.9780    31.8200    31.8290  1025.1809    25.0432    292.514    277.865  307.56884     95.105     90.367     0.3468     1.7326     3.8535     0.8050 9.3541e-01       3521     2.4444  0.000e+00
     29.476   64.66888 -168.23718     29.770     5.9768     5.9891     5.9744    31.8209    31.8292  1025.1820    25.0444    292.356    277.701  307.59242     95.047     90.314     0.3455     1.7253     3.8535     0.8050 9.3541e-01       3522     2.4451  0.000e+00
     29.492   64.66888 -168.23718     29.785     5.9773     5.9867     5.9749    31.8221    31.8300  1025.1829    25.0452    292.536    277.698  307.58613     95.107     90.308     0.3468     1.7326     3.8535     0.8050 9.3245e-01       3523     2.4458  0.000e+00
     29.476   64.66888 -168.23718     29.770     5.9814     5.9851     5.9791    31.8235    31.8285  1025.1834    25.0459    292.517    277.694  307.55317     95.111     90.302     0.3455     1.7253     3.8535     0.8050 9.3245e-01       3524     2.4465  0.000e+00
     29.546   64.66888 -168.23718     29.840     5.9867     5.9772     5.9843    31.8231    31.8291  1025.1829    25.0450    292.497    277.755  307.51612     95.116     90.306     0.3480     1.7399     3.8535     0.8050 9.3245e-01       3525     2.4472  0.000e+00
     29.530   64.66888 -168.23718     29.824     5.9908     5.9633     5.9885    31.8214    31.8285  1025.1809    25.0431    292.456    278.039  307.49045     95.111     90.369     0.3468     1.7326     3.8535     0.8050 9.2950e-01       3526     2.4479  0.000e+00
     29.600   64.66888 -168.23718     29.894     5.9929     5.9378     5.9906    31.8205    31.8306  1025.1803    25.0422    292.460    278.068  307.47727     95.116     90.325     0.3468     1.7326     3.8535     0.8050 9.2070e-01       3527     2.4486  0.000e+00
     29.530   64.66888 -168.23718     29.824     5.9944     5.9094     5.9920    31.8197    31.8303  1025.1792    25.0413    292.463    278.280  307.46885     95.120     90.334     0.3468     1.7326     3.8535     0.8050 9.1778e-01       3528     2.4493  0.000e+00
     29.600   64.66888 -168.23718     29.894     5.9946     5.8883     5.9922    31.8191    31.8291  1025.1790    25.0408    292.283    278.610  307.46877     95.061     90.396     0.3468     1.7326     3.8535     0.8050 9.1487e-01       3529     2.4500  0.000e+00
     29.646   64.66888 -168.23718     29.941     5.9953     5.8738     5.9930    31.8187    31.8285  1025.1788    25.0404    292.466    278.554  307.46426     95.122     90.347     0.3480     1.7399     3.8535     0.8050 9.1487e-01       3530     2.4507  0.000e+00
     29.600   64.66888 -168.23718     29.894     5.9958     5.8597     5.9935    31.8197    31.8300  1025.1793    25.0411    292.474    278.650  307.45825     95.127     90.349     0.3468     1.7326     3.8535     0.8050 9.1487e-01       3531     2.4514  0.000e+00
     29.646   64.66888 -168.23718     29.941     5.9968     5.8483     5.9944    31.8194    31.8312  1025.1792    25.0408    292.428    278.752  307.45236     95.113     90.359     0.3480     1.7399     3.8547     0.8037 9.1487e-01       3532     2.4521  0.000e+00
     29.661   64.66888 -168.23718     29.957     5.9989     5.8415     5.9965    31.8189    31.8318  1025.1786    25.0402    292.427    278.806  307.43835     95.117     90.362     0.3468     1.7326     3.8535     0.8050 9.0908e-01       3533     2.4528  0.000e+00
     29.646   64.66888 -168.23718     29.941     5.9997     5.8355     5.9973    31.8176    31.8333  1025.1774    25.0390    292.240    278.872  307.43551     95.057     90.372     0.3480     1.7399     3.8535     0.8050 9.0908e-01       3534     2.4535  0.000e+00
     29.661   64.66888 -168.23718     29.957     5.9953     5.8311     5.9929    31.8157    31.8323  1025.1765    25.0380    292.067    278.917  307.47112     94.990     90.376     0.3468     1.7326     3.8571     0.8012 9.0619e-01       3535     2.4542  0.000e+00
     29.700   64.66888 -168.23718     29.995     5.9810     5.8264     5.9786    31.8208    31.8321  1025.1824    25.0438    292.326    278.965  307.56267     95.046     90.382     0.3468     1.7326     3.8596     0.7986 9.0619e-01       3536     2.4549  0.000e+00
     29.715   64.66888 -168.23718     30.011     5.9680     5.8223     5.9656    31.8220    31.8324  1025.1850    25.0463    292.413    279.190  307.65311     95.046     90.446     0.3455     1.7253     3.8596     0.7986 9.0619e-01       3537     2.4556  0.000e+00
     29.700   64.66888 -168.23718     29.995     5.9594     5.8204     5.9570    31.8185    31.8312  1025.1832    25.0445    292.478    279.241  307.72336     95.046     90.458     0.3468     1.7326     3.8596     0.7986 9.0331e-01       3538     2.4562  0.000e+00
     29.715   64.66888 -168.23718     30.011     5.9532     5.8186     5.9508    31.8157    31.8309  1025.1818    25.0431    292.525    279.292  307.77416     95.045     90.470     0.3480     1.7399     3.8596     0.7986 9.0044e-01       3539     2.4569  0.000e+00
     29.762   64.66888 -168.23718     30.058     5.9473     5.8162     5.9449    31.8177    31.8320  1025.1843    25.0454    292.561    279.347  307.81225     95.045     90.484     0.3468     1.7326     3.8596     0.7986 8.9758e-01       3540     2.4576  0.000e+00
     29.715   64.66888 -168.23718     30.011     5.9430     5.8129     5.9406    31.8179    31.8344  1025.1848    25.0460    292.587    279.206  307.84277     95.044     90.433     0.3480     1.7399     3.8596     0.7986 8.9758e-01       3541     2.4583  0.000e+00
     29.762   64.66888 -168.23718     30.058     5.9399     5.8099     5.9375    31.8155    31.8354  1025.1835    25.0445    292.614    279.231  307.87066     95.045     90.435     0.3468     1.7326     3.8596     0.7986 8.9189e-01       3542     2.4590  0.000e+00
     29.715   64.66888 -168.23718     30.011     5.9376     5.8092     5.9352    31.8125    31.8348  1025.1812    25.0424    292.634    279.241  307.89405     95.044     90.436     0.3468     1.7326     3.8596     0.7986 8.8340e-01       3543     2.4597  0.000e+00
     29.816   64.66888 -168.23718     30.112     5.9304     5.8091     5.9280    31.8073    31.8348  1025.1784    25.0392    292.703    279.252  307.95782     95.047     90.440     0.3468     1.7326     3.8584     0.7999 8.8059e-01       3544     2.4604  0.000e+00
     29.715   64.66888 -168.23718     30.011     5.9177     5.8094     5.9153    31.7963    31.8347  1025.1708    25.0320    292.820    279.255  308.07431     95.049     90.441     0.3468     1.7326     3.8596     0.7986 8.8059e-01       3545     2.4611  0.000e+00
     29.816   64.66888 -168.23718     30.112     5.8923     5.8094     5.8899    31.7988    31.8344  1025.1763    25.0370    293.014    279.269  308.25209     95.057     90.446     0.3480     1.7399     3.8596     0.7986 8.8340e-01       3546     2.4618  0.000e+00
     29.777   64.66888 -168.23718     30.073     5.8732     5.8096     5.8709    31.8038    31.8344  1025.1823    25.0432    292.952    279.278  308.37817     94.998     90.449     0.3468     1.7326     3.8596     0.7986 8.8340e-01       3547     2.4625  0.000e+00
     29.762   64.66888 -168.23718     30.058     5.8615     5.8098     5.8592    31.8086    31.8336  1025.1874    25.0484    293.205    279.470  308.45172     95.057     90.511     0.3480     1.7399     3.8596     0.7986 8.8340e-01       3548     2.4632  0.000e+00
     29.777   64.66888 -168.23718     30.073     5.8511     5.8088     5.8488    31.8161    31.8341  1025.1947    25.0556    293.503    279.330  308.50962     95.136     90.464     0.3468     1.7326     3.8584     0.7999 8.8905e-01       3549     2.4639  0.000e+00
     29.816   64.66888 -168.23718     30.112     5.8432     5.8091     5.8409    31.8197    31.8346  1025.1986    25.0593    293.196    279.344  308.55857     95.021     90.469     0.3565     1.7912     3.8584     0.7999 8.8905e-01       3550     2.4646  0.000e+00
     29.831   64.66888 -168.23718     30.128     5.8397     5.8100     5.8374    31.8193    31.8352  1025.1988    25.0594    293.176    279.353  308.58499     95.007     90.475     0.3639     1.8352     3.8596     0.7986 8.8905e-01       3551     2.4653  0.000e+00
     29.700   64.66888 -168.23718     29.995     5.8378     5.8096     5.8355    31.8176    31.8380  1025.1970    25.0583    293.171    279.524  308.60258     95.000     90.531     0.3651     1.8425     3.8584     0.7999 8.9189e-01       3552     2.4660  0.000e+00
     29.893   64.66888 -168.23718     30.190     5.8322     5.8099     5.8298    31.8229    31.8415  1025.2029    25.0632    293.393    279.540  308.63104     95.063     90.539     0.3639     1.8352     3.8596     0.7986 8.9189e-01       3553     2.4667  0.000e+00
     29.831   64.66888 -168.23718     30.128     5.8216     5.8105     5.8193    31.8348    31.8463  1025.2131    25.0738    293.262    279.541  308.68036     95.005     90.544     0.3639     1.8352     3.8596     0.7986 8.9189e-01       3554     2.4674  0.000e+00
     29.816   64.66888 -168.23718     30.112     5.8157     5.8226     5.8134    31.8423    31.8389  1025.2197    25.0804    293.279    279.486  308.70615     95.003     90.547     0.3651     1.8425     3.8571     0.8012 8.9189e-01       3555     2.4681  0.000e+00
     29.831   64.66888 -168.23718     30.128     5.8250     5.8396     5.8227    31.8380    31.8257  1025.2153    25.0759    293.208    279.410  308.64852     94.997     90.550     0.3639     1.8352     3.8547     0.8037 8.9189e-01       3556     2.4688  0.000e+00
     29.761   64.66888 -168.23718     30.058     5.8208     5.8392     5.8184    31.8469    31.8292  1025.2225    25.0834    293.152    279.421  308.65894     94.976     90.555     0.3651     1.8425     3.8559     0.8024 8.8905e-01       3557     2.4694  0.000e+00
     29.893   64.66888 -168.23718     30.190     5.8159     5.8309     5.8135    31.8572    31.8424  1025.2319    25.0922    292.738    279.476  308.67077     94.838     90.564     0.3639     1.8352     3.8547     0.8037 8.9758e-01       3558     2.4701  0.000e+00
     29.816   64.66888 -168.23718     30.112     5.8210     5.8260     5.8186    31.8594    31.8509  1025.2326    25.0933    293.027    279.508  308.62879     94.945     90.569     0.3651     1.8425     3.8547     0.8037 9.0044e-01       3559     2.4708  0.000e+00
     29.777   64.66888 -168.23718     30.073     5.8381     5.8244     5.8357    31.8455    31.8539  1025.2194    25.0804    293.093    279.530  308.53679     94.994     90.575     0.3639     1.8352     3.8547     0.8037 9.0044e-01       3560     2.4715  0.000e+00
     29.815   64.66888 -168.23718     30.112     5.8391     5.8284     5.8367    31.8432    31.8473  1025.2177    25.0784    292.722    279.534  308.53469     94.875     90.580     0.3651     1.8425     3.8547     0.8037 8.9473e-01       3561     2.4722  0.000e+00
     29.831   64.66888 -168.23718     30.128     5.8289     5.8274     5.8265    31.8580    31.8435  1025.2307    25.0913    292.712    279.567  308.57489     94.859     90.587     0.3639     1.8352     3.8547     0.8037 8.8905e-01       3562     2.4729  0.000e+00
