EcoFOCI/data/1_SampleCollection/2023_SikuliaqDBO_CruiseData/CTD_raw_BottleFile_SKQ23-12S/proc/skq202312s_027.ros
* Sea-Bird SBE 9 Data File:
* FileName = D:\CTD\SKQ202312S\SKQ202312S_027.hex
* Software Version Seasave V 7.26.7.121
* Temperature SN = 6177
* Conductivity SN = 0369
* Number of Bytes Per Scan = 41
* Number of Voltage Words = 4
* Number of Scans Averaged by the Deck Unit = 1
* NMEA Latitude = 71 19.80 N
* NMEA Longitude = 157 19.91 W
* NMEA UTC (Time) = Sep 21 2023  01:08:33
* NMEA baud rate = 4800
** Ship: R/V Sikuliaq
** Station Number: 027
** Station Name: DBO5.3
** Bottom Depth: 91
** Operator: SD
# nquan = 22
# nvalues = 1078                                  
# units = specified
# name 0 = depSM: Depth [salt water, m]
# name 1 = latitude: Latitude [deg]
# name 2 = longitude: Longitude [deg]
# name 3 = prDM: Pressure, Digiquartz [db]
# name 4 = t090C: Temperature [ITS-90, deg C]
# name 5 = t190C: Temperature, 2 [ITS-90, deg C]
# name 6 = potemp090C: Potential Temperature [ITS-90, deg C]
# name 7 = sal00: Salinity, Practical [PSU]
# name 8 = sal11: Salinity, Practical, 2 [PSU]
# name 9 = density00: Density [density, kg/m^3]
# name 10 = sigma-é00: Density [sigma-theta, kg/m^3]
# name 11 = sbox0Mm/Kg: Oxygen, SBE 43 [umol/kg]
# name 12 = sbox1Mm/Kg: Oxygen, SBE 43, 2 [umol/kg]
# name 13 = oxsolMm/Kg: Oxygen Saturation, Garcia & Gordon [umol/kg]
# name 14 = sbeox0PS: Oxygen, SBE 43 [% saturation]
# name 15 = v0: Voltage 0
# name 16 = flECO-AFL: Fluorescence, WET Labs ECO-AFL/FL [mg/m^3]
# name 17 = CStarAt0: Beam Attenuation, WET Labs C-Star [1/m]
# name 18 = par: PAR/Irradiance, Biospherical/Licor
# name 19 = scan: Scan Count
# name 20 = nbf: Bottles Fired
# name 21 = flag:  0.000e+00
# interval = seconds: 0.0416667
# start_time = Sep 21 2023 01:12:36 [NMEA time, first data scan]
# bad_flag = -9.990e-29
*END*
[from data line 66]
     84.307   71.32998 -157.33132     85.193    -1.1508    -1.1656    -1.1526    32.4277    32.4554  1026.4837    26.0735    316.298    300.640  365.98556     86.424     0.2234     0.9927     1.1119 1.0000e-12       8105          2  0.000e+00
     84.330   71.32998 -157.33132     85.217    -1.1521    -1.1649    -1.1540    32.4273    32.4554  1026.4835    26.0731    316.097    300.647  366.00033     86.365     0.2222     0.9853     1.1132 1.0000e-12       8106          2  0.000e+00
     84.361   71.32998 -157.33132     85.248    -1.1532    -1.1635    -1.1551    32.4280    32.4551  1026.4842    26.0737    316.099    300.877  366.00901     86.364     0.2222     0.9853     1.1119 1.0000e-12       8107          2  0.000e+00
     84.307   71.32998 -157.33132     85.193    -1.1529    -1.1619    -1.1548    32.4279    32.4543  1026.4839    26.0736    316.086    300.678  366.00651     86.361     0.2222     0.9853     1.1119 1.0000e-12       8108          2  0.000e+00
     84.384   71.32998 -157.33132     85.271    -1.1528    -1.1623    -1.1546    32.4286    32.4551  1026.4849    26.0742    316.078    300.661  366.00267     86.359     0.2222     0.9853     1.1119 1.0000e-12       8109          2  0.000e+00
     84.361   71.32998 -157.33132     85.248    -1.1532    -1.1624    -1.1551    32.4281    32.4546  1026.4843    26.0738    316.074    300.412  366.00864     86.357     0.2210     0.9780     1.1119 1.0000e-12       8110          2  0.000e+00
     84.415   71.32998 -157.33132     85.303    -1.1549    -1.1621    -1.1568    32.4282    32.4542  1026.4847    26.0739    316.085    300.391  366.02527     86.356     0.2234     0.9927     1.1132 1.0000e-12       8111          2  0.000e+00
     84.384   71.32998 -157.33132     85.271    -1.1564    -1.1619    -1.1583    32.4287    32.4544  1026.4851    26.0744    316.089    300.563  366.03825     86.354     0.2222     0.9853     1.1119 1.0000e-12       8112          2  0.000e+00
     84.415   71.32998 -157.33132     85.303    -1.1578    -1.1618    -1.1597    32.4295    32.4544  1026.4859    26.0751    316.094    300.541  366.04946     86.353     0.2234     0.9927     1.1132 1.0000e-12       8113          2  0.000e+00
     84.415   71.32998 -157.33132     85.303    -1.1580    -1.1614    -1.1598    32.4296    32.4543  1026.4860    26.0752    316.087    300.546  366.05086     86.351     0.2247     1.0000     1.1119 1.0000e-12       8114          2  0.000e+00
     84.500   71.32998 -157.33132     85.388    -1.1586    -1.1618    -1.1605    32.4300    32.4539  1026.4868    26.0756    316.088    300.303  366.05583     86.350     0.2222     0.9853     1.1132 1.0000e-12       8115          2  0.000e+00
     84.415   71.32998 -157.33132     85.303    -1.1594    -1.1638    -1.1612    32.4304    32.4556  1026.4866    26.0759    316.340    300.259  366.06214     86.417     0.2247     1.0000     1.1132 1.0000e-12       8116          2  0.000e+00
     84.531   71.32998 -157.33132     85.420    -1.1598    -1.1635    -1.1616    32.4299    32.4546  1026.4869    26.0755    316.132    300.207  366.06736     86.359     0.2222     0.9853     1.1119 1.0000e-12       8117          2  0.000e+00
     84.384   71.32998 -157.33132     85.271    -1.1611    -1.1632    -1.1629    32.4304    32.4549  1026.4866    26.0759    316.178    300.175  366.07899     86.369     0.2234     0.9927     1.1132 1.0000e-12       8118          2  0.000e+00
     84.647   71.32998 -157.33132     85.537    -1.1616    -1.1629    -1.1635    32.4310    32.4549  1026.4883    26.0764    316.185    300.162  366.08291     86.370     0.2222     0.9853     1.1132 1.0000e-12       8119          2  0.000e+00
     84.477   71.32998 -157.33132     85.365    -1.1614    -1.1638    -1.1633    32.4316    32.4553  1026.4880    26.0769    316.166    300.143  366.07874     86.366     0.2234     0.9927     1.1256 1.0000e-12       8120          2  0.000e+00
     84.592   71.32998 -157.33132     85.482    -1.1603    -1.1651    -1.1621    32.4312    32.4557  1026.4882    26.0765    316.153    300.369  366.06882     86.364     0.2247     1.0000     1.1490 1.0000e-12       8121          2  0.000e+00
     84.554   71.32998 -157.33132     85.443    -1.1595    -1.1665    -1.1614    32.4304    32.4559  1026.4873    26.0759    316.137    300.132  366.06378     86.361     0.2234     0.9927     1.1545 1.0000e-12       8122          2  0.000e+00
     84.592   71.32998 -157.33132     85.482    -1.1605    -1.1679    -1.1624    32.4307    32.4565  1026.4878    26.0762    316.655    300.126  366.07245     86.501     0.2247     1.0000     1.1545 1.0000e-12       8123          2  0.000e+00
     84.592   71.32998 -157.33132     85.482    -1.1615    -1.1689    -1.1634    32.4307    32.4575  1026.4878    26.0762    315.978    300.117  366.08254     86.313     0.2234     0.9927     1.1531 1.0000e-12       8124          2  0.000e+00
     84.616   71.32998 -157.33132     85.505    -1.1635    -1.1694    -1.1654    32.4313    32.4570  1026.4885    26.0767    315.939    300.107  366.10054     86.298     0.2234     0.9927     1.1531 1.0000e-12       8125          2  0.000e+00
     84.647   71.32998 -157.33132     85.537    -1.1650    -1.1712    -1.1669    32.4314    32.4579  1026.4888    26.0768    315.948    300.109  366.11487     86.298     0.2222     0.9853     1.1531 1.0000e-12       8126          2  0.000e+00
     84.647   71.32998 -157.33132     85.537    -1.1669    -1.1735    -1.1688    32.4320    32.4580  1026.4893    26.0774    315.912    300.117  366.13157     86.284     0.2234     0.9927     1.1531 1.0000e-12       8127          2  0.000e+00
     84.616   71.32998 -157.33132     85.505    -1.1681    -1.1752    -1.1700    32.4327    32.4581  1026.4898    26.0780    315.870    300.119  366.14129     86.270     0.2222     0.9853     1.1531 1.0000e-12       8128          2  0.000e+00
     84.647   71.32998 -157.33132     85.537    -1.1684    -1.1763    -1.1703    32.4327    32.4585  1026.4900    26.0780    315.825    300.120  366.14412     86.257     0.2234     0.9927     1.1531 1.0000e-12       8129          2  0.000e+00
     84.708   71.32998 -157.33132     85.599    -1.1695    -1.1778    -1.1713    32.4325    32.4591  1026.4901    26.0779    316.307    300.125  366.15545     86.386     0.2247     1.0000     1.1531 1.0000e-12       8130          2  0.000e+00
     84.731   71.32998 -157.33132     85.622    -1.1708    -1.1793    -1.1726    32.4330    32.4595  1026.4907    26.0783    316.111    300.099  366.16639     86.330     0.2234     0.9927     1.1531 1.0000e-12       8131          2  0.000e+00
     84.708   71.32998 -157.33132     85.599    -1.1720    -1.1808    -1.1738    32.4335    32.4600  1026.4910    26.0788    316.121    300.103  366.17673     86.330     0.2247     1.0000     1.1531 1.0000e-12       8132          2  0.000e+00
     84.708   71.32998 -157.33132     85.599    -1.1726    -1.1816    -1.1744    32.4336    32.4601  1026.4911    26.0788    316.127    300.103  366.18280     86.330     0.2234     0.9927     1.1531 1.0000e-12       8133          2  0.000e+00
     84.731   71.32998 -157.33132     85.622    -1.1733    -1.1817    -1.1752    32.4340    32.4601  1026.4915    26.0792    316.134    300.100  366.18893     86.331     0.2234     0.9927     1.1531 1.0000e-12       8134          2  0.000e+00
     84.762   71.32998 -157.33132     85.654    -1.1736    -1.1817    -1.1755    32.4344    32.4603  1026.4921    26.0795    316.137    300.097  366.19041     86.331     0.2234     0.9927     1.1531 8.4714e-06       8135          2  0.000e+00
     84.762   71.32998 -157.33132     85.654    -1.1740    -1.1816    -1.1758    32.4342    32.4607  1026.4919    26.0794    316.141    299.864  366.19431     86.332     0.2198     0.9707     1.1531 1.0000e-12       8136          2  0.000e+00
     84.762   71.32998 -157.33132     85.654    -1.1733    -1.1977    -1.1752    32.4348    32.4648  1026.4923    26.0798    316.059    301.969  366.18664     86.311     0.2491     1.1465     1.1146 1.0000e-12       8269          3  0.000e+00
     84.785   71.32998 -157.33132     85.677    -1.1727    -1.1969    -1.1746    32.4336    32.4646  1026.4915    26.0789    316.028    302.183  366.18370     86.303     0.2479     1.1392     1.1146 1.0000e-12       8270          3  0.000e+00
     84.708   71.32998 -157.33132     85.599    -1.1726    -1.1954    -1.1744    32.4332    32.4646  1026.4907    26.0785    315.996    302.184  366.18391     86.294     0.2491     1.1465     1.1160 1.0000e-12       8271          3  0.000e+00
     84.762   71.32998 -157.33132     85.654    -1.1732    -1.1941    -1.1750    32.4333    32.4640  1026.4911    26.0786    316.026    302.189  366.18919     86.301     0.2479     1.1392     1.1146 1.0000e-12       8272          3  0.000e+00
     84.731   71.32998 -157.33132     85.622    -1.1736    -1.1930    -1.1755    32.4332    32.4630  1026.4909    26.0786    316.003    301.959  366.19393     86.294     0.2479     1.1392     1.1160 1.0000e-12       8273          3  0.000e+00
     84.708   71.32998 -157.33132     85.599    -1.1745    -1.1918    -1.1764    32.4330    32.4628  1026.4907    26.0784    316.242    301.919  366.20347     86.357     0.2491     1.1465     1.1146 1.0000e-12       8274          3  0.000e+00
     84.762   71.32998 -157.33132     85.654    -1.1756    -1.1905    -1.1775    32.4336    32.4622  1026.4914    26.0789    316.068    302.108  366.21257     86.307     0.2479     1.1392     1.1146 1.0000e-12       8275          3  0.000e+00
     84.731   71.32998 -157.33132     85.622    -1.1763    -1.1887    -1.1781    32.4338    32.4618  1026.4914    26.0791    315.788    302.118  366.21821     86.230     0.2491     1.1465     1.1160 1.0000e-12       8276          3  0.000e+00
     84.708   71.32998 -157.33132     85.599    -1.1773    -1.1868    -1.1791    32.4348    32.4613  1026.4922    26.0799    316.030    301.895  366.22544     86.294     0.2479     1.1392     1.1146 1.0000e-12       8277          3  0.000e+00
     84.708   71.32998 -157.33132     85.599    -1.1772    -1.1858    -1.1790    32.4346    32.4613  1026.4921    26.0798    315.749    302.104  366.22467     86.217     0.2491     1.1465     1.1160 1.0000e-12       8278          3  0.000e+00
     84.670   71.32998 -157.33132     85.560    -1.1776    -1.1855    -1.1795    32.4349    32.4611  1026.4922    26.0801    315.940    302.117  366.22829     86.269     0.2479     1.1392     1.1146 1.0000e-12       8279          3  0.000e+00
     84.708   71.32998 -157.33132     85.599    -1.1776    -1.1858    -1.1795    32.4346    32.4612  1026.4921    26.0798    315.973    301.873  366.22922     86.277     0.2491     1.1465     1.1160 1.0000e-12       8280          3  0.000e+00
     84.647   71.32998 -157.33132     85.537    -1.1779    -1.1851    -1.1797    32.4352    32.4606  1026.4923    26.0803    316.210    301.809  366.22966     86.342     0.2491     1.1465     1.1160 1.0000e-12       8281          3  0.000e+00
     84.670   71.32998 -157.33132     85.560    -1.1779    -1.1823    -1.1798    32.4357    32.4587  1026.4928    26.0807    316.033    301.958  366.22897     86.294     0.2479     1.1392     1.1187 1.0000e-12       8282          3  0.000e+00
     84.647   71.32998 -157.33132     85.537    -1.1775    -1.1808    -1.1793    32.4357    32.4592  1026.4926    26.0807    316.164    301.713  366.22451     86.331     0.2491     1.1465     1.1228 1.0000e-12       8283          3  0.000e+00
     84.708   71.32998 -157.33132     85.599    -1.1770    -1.1800    -1.1788    32.4357    32.4592  1026.4930    26.0807    315.980    301.673  366.21982     86.282     0.2479     1.1392     1.1242 1.0000e-12       8284          3  0.000e+00
     84.616   71.32998 -157.33132     85.505    -1.1759    -1.1785    -1.1778    32.4350    32.4584  1026.4919    26.0801    315.945    301.848  366.21127     86.274     0.2491     1.1465     1.1242 1.0000e-12       8285          3  0.000e+00
     84.647   71.32998 -157.33132     85.537    -1.1751    -1.1770    -1.1769    32.4350    32.4578  1026.4920    26.0800    315.915    301.828  366.20287     86.268     0.2479     1.1392     1.1242 1.0000e-12       8286          3  0.000e+00
     84.647   71.32998 -157.33132     85.537    -1.1730    -1.1752    -1.1749    32.4340    32.4576  1026.4911    26.0792    316.082    301.797  366.18612     86.317     0.2479     1.1392     1.1228 1.0000e-12       8287          3  0.000e+00
     84.616   71.32998 -157.33132     85.505    -1.1718    -1.1735    -1.1736    32.4336    32.4568  1026.4906    26.0788    316.142    301.993  366.17493     86.336     0.2479     1.1392     1.1242 1.0000e-12       8288          3  0.000e+00
     84.592   71.32998 -157.33132     85.482    -1.1707    -1.1723    -1.1725    32.4326    32.4570  1026.4897    26.0780    315.949    301.761  366.16699     86.286     0.2466     1.1319     1.1228 1.0000e-12       8289          3  0.000e+00
     84.592   71.32998 -157.33132     85.482    -1.1709    -1.1694    -1.1727    32.4326    32.4564  1026.4897    26.0780    316.184    301.480  366.16876     86.349     0.2295     1.0293     1.1228 1.0000e-12       8290          3  0.000e+00
     84.616   71.32998 -157.33132     85.505    -1.1710    -1.1653    -1.1729    32.4327    32.4553  1026.4898    26.0780    316.002    301.384  366.17019     86.299     0.2198     0.9707     1.1242 1.0000e-12       8291          3  0.000e+00
     84.592   71.32998 -157.33132     85.482    -1.1715    -1.1613    -1.1733    32.4336    32.4541  1026.4905    26.0788    316.237    300.829  366.17199     86.363     0.2210     0.9780     1.1242 1.0000e-12       8292          3  0.000e+00
     84.592   71.32998 -157.33132     85.482    -1.1718    -1.1589    -1.1736    32.4336    32.4534  1026.4905    26.0788    316.004    301.137  366.17477     86.299     0.2198     0.9707     1.1242 1.0000e-12       8293          3  0.000e+00
     84.554   71.32998 -157.33132     85.443    -1.1718    -1.1586    -1.1736    32.4335    32.4530  1026.4902    26.0788    316.285    301.068  366.17507     86.375     0.2210     0.9780     1.1228 1.0000e-12       8294          3  0.000e+00
     84.647   71.32998 -157.33132     85.537    -1.1718    -1.1572    -1.1736    32.4335    32.4518  1026.4907    26.0787    316.363    301.026  366.17523     86.396     0.2198     0.9707     1.1242 1.0000e-12       8295          3  0.000e+00
     84.531   71.32998 -157.33132     85.420    -1.1721    -1.1547    -1.1739    32.4336    32.4509  1026.4902    26.0788    316.125    301.158  366.17756     86.331     0.2210     0.9780     1.1228 1.0000e-12       8296          3  0.000e+00
     84.592   71.32998 -157.33132     85.482    -1.1729    -1.1527    -1.1747    32.4333    32.4502  1026.4903    26.0786    316.367    300.872  366.18636     86.395     0.2198     0.9707     1.1242 1.0000e-12       8297          3  0.000e+00
     84.554   71.32998 -157.33132     85.443    -1.1732    -1.1512    -1.1750    32.4326    32.4501  1026.4896    26.0781    316.133    301.041  366.19104     86.330     0.2210     0.9780     1.1242 1.0000e-12       8298          3  0.000e+00
     84.531   71.32998 -157.33132     85.420    -1.1740    -1.1496    -1.1758    32.4341    32.4492  1026.4907    26.0793    316.159    300.980  366.19464     86.336     0.2222     0.9853     1.1242 1.0000e-12       8299          3  0.000e+00
     84.531   71.32998 -157.33132     85.420    -1.1744    -1.1478    -1.1762    32.4342    32.4485  1026.4908    26.0794    316.445    300.490  366.19831     86.413     0.2210     0.9780     1.1228 1.0000e-12       8300          3  0.000e+00
     84.554   71.32998 -157.33132     85.443    -1.1751    -1.1463    -1.1769    32.4347    32.4484  1026.4913    26.0798    316.474    300.395  366.20357     86.420     0.2210     0.9780     1.1242 1.0000e-12       8301          3  0.000e+00
