EcoFOCI/data/1_SampleCollection/2023_SikuliaqDBO_CruiseData/CTD_raw_BottleFile_SKQ23-12S/proc/skq202312s_030svp.cnv
* Sea-Bird SBE 9 Data File:
* FileName = D:\CTD\SKQ202312S\SKQ202312S_030.hex
* Software Version Seasave V 7.26.7.121
* Temperature SN = 6177
* Conductivity SN = 0369
* Number of Bytes Per Scan = 41
* Number of Voltage Words = 4
* Number of Scans Averaged by the Deck Unit = 1
* NMEA Latitude = 71 27.31 N
* NMEA Longitude = 157 35.45 W
* NMEA UTC (Time) = Sep 21 2023  07:26:33
* NMEA baud rate = 4800
** Ship: R/V Sikuliaq
** Station Number: 030
** Station Name: DBO5.6
** Bottom Depth: 109
** Operator: SS
# nquan = 7
# nvalues = 8117                                  
# units = specified
# name 0 = depSM: Depth [salt water, m]
# name 1 = latitude: Latitude [deg]
# name 2 = longitude: Longitude [deg]
# name 3 = t090C: Temperature [ITS-90, deg C]
# name 4 = sal00: Salinity, Practical [PSU]
# name 5 = svCM: Sound Velocity [Chen-Millero, m/s]
# name 6 = flag:  0.000e+00
# span 0 =      4.093,    104.318                 
# span 1 =   71.45512,   71.45518                 
# span 2 = -157.59108, -157.59050                 
# span 3 =    -1.7033,     4.4585                 
# span 4 =    30.3710,    32.9828                 
# span 5 =    1438.58,    1462.69                 
# span 6 = 0.0000e+00, 0.0000e+00                 
# interval = seconds: 0.0416667
# start_time = Sep 21 2023 07:30:42 [NMEA time, first data scan]
# bad_flag = -9.990e-29
*END*
[from data line 1231]
     11.008   71.45516 -157.59064     4.2455    30.4850    1462.03  0.000e+00
     11.008   71.45516 -157.59064     4.2457    30.4854    1462.03  0.000e+00
     11.008   71.45516 -157.59064     4.2463    30.4852    1462.03  0.000e+00
     11.008   71.45516 -157.59064     4.2479    30.4841    1462.04  0.000e+00
     11.061   71.45516 -157.59064     4.2494    30.4831    1462.04  0.000e+00
     11.007   71.45516 -157.59064     4.2505    30.4826    1462.05  0.000e+00
     11.061   71.45516 -157.59064     4.2500    30.4827    1462.05  0.000e+00
     11.038   71.45516 -157.59064     4.2489    30.4836    1462.04  0.000e+00
     11.123   71.45516 -157.59064     4.2476    30.4841    1462.04  0.000e+00
     11.061   71.45516 -157.59064     4.2473    30.4844    1462.04  0.000e+00
     11.061   71.45516 -157.59064     4.2465    30.4849    1462.03  0.000e+00
     11.123   71.45516 -157.59064     4.2460    30.4851    1462.03  0.000e+00
     11.123   71.45516 -157.59064     4.2454    30.4855    1462.03  0.000e+00
     11.061   71.45516 -157.59064     4.2454    30.4859    1462.03  0.000e+00
     11.177   71.45516 -157.59064     4.2449    30.4862    1462.03  0.000e+00
     11.092   71.45516 -157.59064     4.2449    30.4864    1462.03  0.000e+00
     11.123   71.45516 -157.59064     4.2451    30.4859    1462.03  0.000e+00
     11.177   71.45516 -157.59064     4.2451    30.4855    1462.03  0.000e+00
     11.123   71.45516 -157.59064     4.2451    30.4840    1462.03  0.000e+00
     11.177   71.45516 -157.59064     4.2404    30.4846    1462.01  0.000e+00
     11.177   71.45516 -157.59064     4.2328    30.4868    1461.98  0.000e+00
     11.123   71.45516 -157.59064     4.2256    30.4896    1461.95  0.000e+00
     11.177   71.45516 -157.59064     4.2193    30.4931    1461.93  0.000e+00
     11.208   71.45516 -157.59064     4.2149    30.4951    1461.92  0.000e+00
     11.177   71.45516 -157.59064     4.2116    30.4969    1461.90  0.000e+00
     11.238   71.45516 -157.59064     4.2024    30.5001    1461.87  0.000e+00
     11.177   71.45516 -157.59064     4.1819    30.5083    1461.79  0.000e+00
     11.238   71.45516 -157.59064     4.1688    30.5151    1461.75  0.000e+00
     11.177   71.45516 -157.59064     4.1726    30.5158    1461.77  0.000e+00
     11.238   71.45516 -157.59064     4.1805    30.5156    1461.80  0.000e+00
     11.177   71.45516 -157.59064     4.1891    30.5119    1461.83  0.000e+00
     11.207   71.45516 -157.59064     4.1927    30.5087    1461.84  0.000e+00
     11.292   71.45516 -157.59064     4.1962    30.5072    1461.86  0.000e+00
     11.238   71.45516 -157.59064     4.2025    30.5064    1461.88  0.000e+00
     11.238   71.45516 -157.59064     4.2060    30.5031    1461.89  0.000e+00
     11.176   71.45516 -157.59064     4.2032    30.5007    1461.87  0.000e+00
     11.292   71.45516 -157.59064     4.1954    30.5010    1461.84  0.000e+00
     11.238   71.45516 -157.59064     4.1808    30.5077    1461.79  0.000e+00
     11.292   71.45516 -157.59064     4.1690    30.5148    1461.75  0.000e+00
     11.269   71.45516 -157.59064     4.1645    30.5190    1461.74  0.000e+00
     11.238   71.45516 -157.59064     4.1617    30.5203    1461.73  0.000e+00
     11.292   71.45516 -157.59064     4.1571    30.5194    1461.71  0.000e+00
     11.238   71.45516 -157.59064     4.1542    30.5174    1461.69  0.000e+00
     11.292   71.45516 -157.59064     4.1593    30.5129    1461.71  0.000e+00
     11.292   71.45516 -157.59064     4.1649    30.5143    1461.73  0.000e+00
     11.292   71.45516 -157.59064     4.1660    30.5169    1461.74  0.000e+00
     11.238   71.45516 -157.59064     4.1658    30.5148    1461.74  0.000e+00
     11.323   71.45516 -157.59064     4.1590    30.5126    1461.71  0.000e+00
     11.292   71.45516 -157.59064     4.1478    30.5116    1461.66  0.000e+00
     11.292   71.45516 -157.59064     4.1356    30.5146    1461.61  0.000e+00
     11.353   71.45516 -157.59064     4.1312    30.5187    1461.60  0.000e+00
     11.292   71.45516 -157.59064     4.1265    30.5222    1461.58  0.000e+00
     11.292   71.45516 -157.59064     4.1269    30.5196    1461.58  0.000e+00
     11.353   71.45516 -157.59064     4.1287    30.5199    1461.59  0.000e+00
     11.353   71.45516 -157.59064     4.1384    30.5195    1461.63  0.000e+00
     11.322   71.45516 -157.59064     4.1505    30.5173    1461.68  0.000e+00
     11.353   71.45516 -157.59064     4.1549    30.5147    1461.69  0.000e+00
     11.292   71.45516 -157.59064     4.1546    30.5132    1461.69  0.000e+00
     11.353   71.45516 -157.59064     4.1593    30.5114    1461.71  0.000e+00
     11.407   71.45516 -157.59064     4.1555    30.5111    1461.69  0.000e+00
     11.353   71.45516 -157.59064     4.1409    30.5108    1461.63  0.000e+00
     11.353   71.45516 -157.59064     4.1264    30.5135    1461.57  0.000e+00
     11.407   71.45516 -157.59064     4.1216    30.5184    1461.56  0.000e+00
     11.376   71.45516 -157.59064     4.1243    30.5227    1461.57  0.000e+00
     11.407   71.45516 -157.59064     4.1273    30.5244    1461.59  0.000e+00
     11.407   71.45516 -157.59064     4.1283    30.5240    1461.59  0.000e+00
     11.407   71.45516 -157.59064     4.1310    30.5225    1461.60  0.000e+00
     11.407   71.45516 -157.59064     4.1343    30.5217    1461.62  0.000e+00
     11.407   71.45516 -157.59064     4.1346    30.5206    1461.62  0.000e+00
     11.461   71.45516 -157.59064     4.1304    30.5208    1461.60  0.000e+00
     11.461   71.45516 -157.59064     4.1240    30.5224    1461.57  0.000e+00
     11.492   71.45516 -157.59064     4.1194    30.5236    1461.56  0.000e+00
     11.461   71.45516 -157.59064     4.1139    30.5273    1461.54  0.000e+00
     11.461   71.45516 -157.59064     4.1139    30.5285    1461.54  0.000e+00
     11.523   71.45516 -157.59064     4.1194    30.5274    1461.56  0.000e+00
     11.523   71.45516 -157.59064     4.1264    30.5267    1461.59  0.000e+00
     11.523   71.45516 -157.59064     4.1345    30.5256    1461.62  0.000e+00
     11.576   71.45516 -157.59064     4.1387    30.5256    1461.64  0.000e+00
     11.407   71.45516 -157.59064     4.1397    30.5222    1461.64  0.000e+00
     11.661   71.45516 -157.59064     4.1361    30.5170    1461.62  0.000e+00
     11.576   71.45516 -157.59064     4.1301    30.5142    1461.59  0.000e+00
     11.576   71.45516 -157.59064     4.1228    30.5176    1461.56  0.000e+00
     11.576   71.45516 -157.59064     4.1193    30.5211    1461.55  0.000e+00
     11.638   71.45516 -157.59064     4.1209    30.5229    1461.56  0.000e+00
     11.576   71.45516 -157.59064     4.1259    30.5239    1461.59  0.000e+00
     11.638   71.45516 -157.59064     4.1296    30.5234    1461.60  0.000e+00
     11.607   71.45516 -157.59064     4.1276    30.5212    1461.59  0.000e+00
     11.692   71.45516 -157.59064     4.1212    30.5199    1461.56  0.000e+00
     11.638   71.45516 -157.59064     4.1158    30.5206    1461.54  0.000e+00
     11.638   71.45516 -157.59064     4.1116    30.5229    1461.53  0.000e+00
     11.692   71.45516 -157.59064     4.1086    30.5246    1461.52  0.000e+00
     11.692   71.45516 -157.59064     4.1020    30.5253    1461.49  0.000e+00
     11.692   71.45516 -157.59064     4.0959    30.5225    1461.46  0.000e+00
     11.692   71.45516 -157.59064     4.0908    30.5231    1461.44  0.000e+00
     11.777   71.45516 -157.59064     4.0796    30.5274    1461.40  0.000e+00
     11.692   71.45516 -157.59064     4.0674    30.5316    1461.35  0.000e+00
     11.753   71.45516 -157.59064     4.0600    30.5346    1461.33  0.000e+00
     11.753   71.45516 -157.59064     4.0570    30.5363    1461.32  0.000e+00
     11.753   71.45516 -157.59064     4.0559    30.5374    1461.31  0.000e+00
     11.807   71.45516 -157.59064     4.0544    30.5383    1461.31  0.000e+00
     11.807   71.45516 -157.59064     4.0540    30.5392    1461.31  0.000e+00
     11.776   71.45516 -157.59064     4.0574    30.5402    1461.32  0.000e+00
     11.807   71.45516 -157.59064     4.0637    30.5397    1461.35  0.000e+00
     11.807   71.45516 -157.59064     4.0716    30.5375    1461.38  0.000e+00
     11.861   71.45516 -157.59064     4.0771    30.5346    1461.40  0.000e+00
     11.807   71.45516 -157.59064     4.0784    30.5332    1461.40  0.000e+00
     11.861   71.45516 -157.59064     4.0780    30.5322    1461.40  0.000e+00
     11.923   71.45516 -157.59064     4.0773    30.5322    1461.40  0.000e+00
     11.892   71.45516 -157.59064     4.0727    30.5331    1461.38  0.000e+00
     11.923   71.45516 -157.59064     4.0608    30.5350    1461.33  0.000e+00
     11.923   71.45516 -157.59064     4.0520    30.5389    1461.30  0.000e+00
     11.861   71.45516 -157.59064     4.0463    30.5441    1461.28  0.000e+00
     11.923   71.45516 -157.59064     4.0430    30.5461    1461.27  0.000e+00
     11.977   71.45516 -157.59064     4.0463    30.5442    1461.28  0.000e+00
     11.923   71.45516 -157.59064     4.0493    30.5418    1461.29  0.000e+00
     12.007   71.45516 -157.59064     4.0536    30.5387    1461.31  0.000e+00
     11.923   71.45516 -157.59064     4.0602    30.5373    1461.33  0.000e+00
     11.977   71.45516 -157.59064     4.0634    30.5369    1461.35  0.000e+00
     11.977   71.45518 -157.59064     4.0621    30.5349    1461.34  0.000e+00
     12.038   71.45518 -157.59064     4.0556    30.5305    1461.31  0.000e+00
     12.038   71.45518 -157.59064     4.0438    30.5348    1461.26  0.000e+00
     11.976   71.45518 -157.59064     4.0321    30.5431    1461.22  0.000e+00
     11.922   71.45518 -157.59064     4.0299    30.5446    1461.21  0.000e+00
     12.123   71.45518 -157.59064     4.0328    30.5437    1461.23  0.000e+00
     12.038   71.45518 -157.59064     4.0381    30.5435    1461.25  0.000e+00
     12.038   71.45518 -157.59064     4.0430    30.5421    1461.27  0.000e+00
     12.038   71.45518 -157.59064     4.0477    30.5389    1461.28  0.000e+00
     12.092   71.45518 -157.59064     4.0479    30.5378    1461.28  0.000e+00
     12.038   71.45518 -157.59064     4.0422    30.5400    1461.26  0.000e+00
     12.092   71.45518 -157.59064     4.0380    30.5408    1461.25  0.000e+00
     12.061   71.45518 -157.59064     4.0363    30.5402    1461.24  0.000e+00
     12.092   71.45518 -157.59064     4.0312    30.5413    1461.22  0.000e+00
     12.092   71.45518 -157.59064     4.0266    30.5413    1461.20  0.000e+00
     12.154   71.45518 -157.59064     4.0173    30.5445    1461.16  0.000e+00
     12.092   71.45518 -157.59064     3.9998    30.5514    1461.10  0.000e+00
     12.092   71.45518 -157.59064     3.9831    30.5583    1461.04  0.000e+00
     12.153   71.45518 -157.59064     3.9759    30.5624    1461.01  0.000e+00
     12.123   71.45518 -157.59064     3.9800    30.5569    1461.02  0.000e+00
     12.092   71.45518 -157.59064     3.9812    30.5483    1461.02  0.000e+00
     12.153   71.45518 -157.59064     3.9707    30.5485    1460.97  0.000e+00
     12.153   71.45518 -157.59064     3.9588    30.5534    1460.93  0.000e+00
     12.153   71.45518 -157.59064     3.9479    30.5631    1460.90  0.000e+00
     12.207   71.45518 -157.59064     3.9395    30.5725    1460.87  0.000e+00
     12.092   71.45516 -157.59064     3.9347    30.5781    1460.86  0.000e+00
     12.238   71.45516 -157.59064     3.9392    30.5767    1460.88  0.000e+00
     12.207   71.45516 -157.59064     3.9449    30.5735    1460.90  0.000e+00
     12.207   71.45516 -157.59064     3.9403    30.5721    1460.88  0.000e+00
     12.207   71.45516 -157.59064     3.9362    30.5701    1460.86  0.000e+00
     12.207   71.45516 -157.59064     3.9343    30.5700    1460.85  0.000e+00
     12.207   71.45516 -157.59064     3.9291    30.5714    1460.83  0.000e+00
     12.238   71.45516 -157.59064     3.9208    30.5730    1460.80  0.000e+00
     12.207   71.45516 -157.59064     3.9151    30.5738    1460.77  0.000e+00
     12.261   71.45516 -157.59064     3.9173    30.5740    1460.78  0.000e+00
     12.207   71.45516 -157.59064     3.9273    30.5711    1460.82  0.000e+00
     12.261   71.45516 -157.59064     3.9322    30.5700    1460.84  0.000e+00
     12.207   71.45516 -157.59064     3.9318    30.5690    1460.84  0.000e+00
     12.261   71.45516 -157.59064     3.9252    30.5694    1460.81  0.000e+00
     12.238   71.45516 -157.59064     3.9113    30.5730    1460.76  0.000e+00
     12.261   71.45516 -157.59064     3.8965    30.5751    1460.70  0.000e+00
     12.261   71.45516 -157.59064     3.8837    30.5781    1460.65  0.000e+00
     12.261   71.45516 -157.59064     3.8768    30.5829    1460.62  0.000e+00
     12.261   71.45516 -157.59064     3.8798    30.5838    1460.64  0.000e+00
     12.261   71.45516 -157.59064     3.8909    30.5784    1460.68  0.000e+00
     12.323   71.45516 -157.59064     3.9026    30.5701    1460.72  0.000e+00
     12.238   71.45516 -157.59064     3.9089    30.5658    1460.74  0.000e+00
     12.261   71.45516 -157.59064     3.9104    30.5658    1460.74  0.000e+00
     12.323   71.45516 -157.59064     3.9105    30.5673    1460.75  0.000e+00
     12.261   71.45516 -157.59064     3.9119    30.5687    1460.75  0.000e+00
     12.323   71.45516 -157.59064     3.9148    30.5697    1460.77  0.000e+00
     12.261   71.45516 -157.59064     3.9174    30.5715    1460.78  0.000e+00
     12.322   71.45516 -157.59064     3.9197    30.5735    1460.79  0.000e+00
     12.292   71.45516 -157.59064     3.9200    30.5766    1460.80  0.000e+00
     12.322   71.45516 -157.59064     3.9192    30.5798    1460.80  0.000e+00
     12.261   71.45516 -157.59064     3.9189    30.5813    1460.80  0.000e+00
     12.322   71.45516 -157.59064     3.9189    30.5833    1460.80  0.000e+00
     12.322   71.45516 -157.59064     3.9197    30.5845    1460.81  0.000e+00
     12.322   71.45516 -157.59064     3.9225    30.5827    1460.82  0.000e+00
     12.322   71.45516 -157.59064     3.9266    30.5799    1460.83  0.000e+00
     12.292   71.45516 -157.59064     3.9316    30.5759    1460.85  0.000e+00
     12.322   71.45516 -157.59064     3.9360    30.5711    1460.86  0.000e+00
     12.322   71.45516 -157.59064     3.9390    30.5678    1460.87  0.000e+00
     12.322   71.45516 -157.59064     3.9400    30.5668    1460.87  0.000e+00
     12.376   71.45516 -157.59064     3.9408    30.5669    1460.87  0.000e+00
     12.322   71.45516 -157.59064     3.9428    30.5666    1460.88  0.000e+00
     12.261   71.45516 -157.59064     3.9458    30.5662    1460.89  0.000e+00
     12.407   71.45516 -157.59064     3.9466    30.5654    1460.90  0.000e+00
     12.376   71.45516 -157.59064     3.9455    30.5659    1460.89  0.000e+00
     12.322   71.45516 -157.59064     3.9450    30.5649    1460.89  0.000e+00
     12.376   71.45516 -157.59064     3.9400    30.5648    1460.87  0.000e+00
     12.322   71.45516 -157.59064     3.9293    30.5677    1460.83  0.000e+00
     12.322   71.45516 -157.59064     3.9197    30.5713    1460.79  0.000e+00
     12.407   71.45516 -157.59064     3.9167    30.5711    1460.78  0.000e+00
     12.376   71.45516 -157.59064     3.9127    30.5724    1460.76  0.000e+00
     12.322   71.45516 -157.59064     3.9075    30.5731    1460.74  0.000e+00
     12.438   71.45516 -157.59064     3.9048    30.5715    1460.73  0.000e+00
     12.322   71.45516 -157.59064     3.9031    30.5709    1460.72  0.000e+00
     12.376   71.45516 -157.59064     3.9015    30.5753    1460.72  0.000e+00
     12.376   71.45516 -157.59064     3.9060    30.5785    1460.74  0.000e+00
     12.407   71.45516 -157.59064     3.9143    30.5776    1460.78  0.000e+00
     12.376   71.45516 -157.59064     3.9271    30.5691    1460.82  0.000e+00
     12.438   71.45516 -157.59064     3.9307    30.5634    1460.83  0.000e+00
     12.376   71.45516 -157.59064     3.9193    30.5664    1460.78  0.000e+00
     12.438   71.45516 -157.59064     3.9035    30.5733    1460.73  0.000e+00
     12.438   71.45516 -157.59064     3.8939    30.5775    1460.69  0.000e+00
