EcoFOCI/data/1_SampleCollection/2023_SikuliaqDBO_CruiseData/CTD_raw_BottleFile_SKQ23-12S/proc/skq202312s_037svp.cnv
* Sea-Bird SBE 9 Data File:
* FileName = D:\CTD\SKQ202312S\SKQ202312S_037.hex
* Software Version Seasave V 7.26.7.121
* Temperature SN = 6177
* Conductivity SN = 0369
* Number of Bytes Per Scan = 41
* Number of Voltage Words = 4
* Number of Scans Averaged by the Deck Unit = 1
* NMEA Latitude = 71 11.55 N
* NMEA Longitude = 160 15.97 W
* NMEA UTC (Time) = Sep 23 2023  07:57:53
* NMEA baud rate = 4800
** Ship: R/V Sikuliaq
** Station Number: 037
** Station Name: DBO4.1n
** Bottom Depth: 54
** Operator: SS
# nquan = 7
# nvalues = 6245                                  
# units = specified
# name 0 = depSM: Depth [salt water, m]
# name 1 = latitude: Latitude [deg]
# name 2 = longitude: Longitude [deg]
# name 3 = t090C: Temperature [ITS-90, deg C]
# name 4 = sal00: Salinity, Practical [PSU]
# name 5 = svCM: Sound Velocity [Chen-Millero, m/s]
# name 6 = flag:  0.000e+00
# span 0 =      1.857,     49.173                 
# span 1 =   71.19246,   71.19248                 
# span 2 = -160.26612, -160.26610                 
# span 3 =    -1.6781,     2.3758                 
# span 4 =    28.4791,    32.6600                 
# span 5 =    1438.51,    1452.45                 
# span 6 = 0.0000e+00, 0.0000e+00                 
# interval = seconds: 0.0416667
# start_time = Sep 23 2023 08:01:24 [NMEA time, first data scan]
# bad_flag = -9.990e-29
*END*
[from data line 2462]
     22.462   71.19246 -160.26610    -1.6643    32.6529    1438.52  0.000e+00
     22.539   71.19246 -160.26610    -1.6641    32.6524    1438.52  0.000e+00
     22.408   71.19246 -160.26610    -1.6644    32.6528    1438.52  0.000e+00
     22.523   71.19246 -160.26610    -1.6644    32.6533    1438.52  0.000e+00
     22.485   71.19246 -160.26610    -1.6647    32.6535    1438.52  0.000e+00
     22.462   71.19246 -160.26610    -1.6652    32.6541    1438.52  0.000e+00
     22.539   71.19246 -160.26610    -1.6652    32.6543    1438.52  0.000e+00
     22.523   71.19246 -160.26610    -1.6654    32.6544    1438.52  0.000e+00
     22.485   71.19248 -160.26610    -1.6654    32.6543    1438.52  0.000e+00
     22.523   71.19248 -160.26610    -1.6658    32.6548    1438.52  0.000e+00
     22.539   71.19248 -160.26610    -1.6659    32.6549    1438.52  0.000e+00
     22.523   71.19248 -160.26610    -1.6664    32.6555    1438.52  0.000e+00
     22.485   71.19248 -160.26610    -1.6664    32.6555    1438.52  0.000e+00
     22.577   71.19248 -160.26610    -1.6666    32.6550    1438.52  0.000e+00
     22.523   71.19248 -160.26610    -1.6666    32.6552    1438.52  0.000e+00
     22.600   71.19248 -160.26610    -1.6666    32.6549    1438.52  0.000e+00
     22.523   71.19248 -160.26610    -1.6667    32.6555    1438.52  0.000e+00
     22.600   71.19248 -160.26610    -1.6666    32.6551    1438.52  0.000e+00
     22.577   71.19248 -160.26610    -1.6667    32.6554    1438.52  0.000e+00
     22.539   71.19248 -160.26610    -1.6669    32.6552    1438.51  0.000e+00
     22.577   71.19248 -160.26610    -1.6667    32.6553    1438.52  0.000e+00
     22.600   71.19248 -160.26610    -1.6671    32.6555    1438.51  0.000e+00
     22.577   71.19248 -160.26610    -1.6671    32.6558    1438.51  0.000e+00
     22.600   71.19248 -160.26610    -1.6669    32.6549    1438.52  0.000e+00
     22.639   71.19248 -160.26610    -1.6670    32.6556    1438.52  0.000e+00
     22.639   71.19248 -160.26610    -1.6670    32.6554    1438.52  0.000e+00
     22.600   71.19248 -160.26610    -1.6670    32.6553    1438.51  0.000e+00
     22.693   71.19248 -160.26610    -1.6673    32.6555    1438.52  0.000e+00
     22.600   71.19248 -160.26610    -1.6675    32.6558    1438.51  0.000e+00
     22.693   71.19248 -160.26610    -1.6676    32.6560    1438.51  0.000e+00
     22.600   71.19248 -160.26610    -1.6675    32.6558    1438.51  0.000e+00
     22.693   71.19248 -160.26610    -1.6676    32.6560    1438.51  0.000e+00
     22.654   71.19248 -160.26610    -1.6676    32.6559    1438.51  0.000e+00
     22.693   71.19248 -160.26610    -1.6678    32.6560    1438.51  0.000e+00
     22.708   71.19248 -160.26610    -1.6675    32.6557    1438.51  0.000e+00
     22.693   71.19248 -160.26610    -1.6675    32.6561    1438.52  0.000e+00
     22.708   71.19248 -160.26610    -1.6678    32.6561    1438.51  0.000e+00
     22.747   71.19248 -160.26610    -1.6682    32.6565    1438.51  0.000e+00
     22.747   71.19248 -160.26610    -1.6684    32.6564    1438.51  0.000e+00
     22.708   71.19248 -160.26610    -1.6685    32.6569    1438.51  0.000e+00
     22.747   71.19248 -160.26610    -1.6684    32.6570    1438.51  0.000e+00
     22.770   71.19248 -160.26610    -1.6679    32.6564    1438.51  0.000e+00
     22.809   71.19248 -160.26610    -1.6682    32.6567    1438.51  0.000e+00
     22.770   71.19248 -160.26610    -1.6685    32.6566    1438.51  0.000e+00
     22.809   71.19248 -160.26610    -1.6685    32.6567    1438.51  0.000e+00
     22.824   71.19248 -160.26610    -1.6685    32.6565    1438.51  0.000e+00
     22.809   71.19248 -160.26610    -1.6687    32.6569    1438.51  0.000e+00
     22.824   71.19248 -160.26610    -1.6687    32.6567    1438.51  0.000e+00
     22.863   71.19248 -160.26610    -1.6685    32.6566    1438.51  0.000e+00
     22.886   71.19248 -160.26610    -1.6685    32.6569    1438.51  0.000e+00
     22.863   71.19248 -160.26610    -1.6685    32.6568    1438.51  0.000e+00
     22.863   71.19248 -160.26610    -1.6688    32.6572    1438.51  0.000e+00
     22.940   71.19248 -160.26610    -1.6684    32.6568    1438.52  0.000e+00
     22.924   71.19248 -160.26610    -1.6685    32.6568    1438.51  0.000e+00
     22.940   71.19248 -160.26610    -1.6687    32.6571    1438.51  0.000e+00
     22.924   71.19248 -160.26610    -1.6685    32.6567    1438.51  0.000e+00
     22.994   71.19246 -160.26610    -1.6690    32.6571    1438.51  0.000e+00
     22.924   71.19246 -160.26610    -1.6688    32.6570    1438.51  0.000e+00
     22.994   71.19246 -160.26610    -1.6687    32.6569    1438.52  0.000e+00
     23.040   71.19246 -160.26610    -1.6687    32.6572    1438.52  0.000e+00
     22.994   71.19246 -160.26610    -1.6688    32.6569    1438.51  0.000e+00
     23.040   71.19246 -160.26610    -1.6687    32.6571    1438.52  0.000e+00
     23.055   71.19246 -160.26610    -1.6689    32.6573    1438.52  0.000e+00
     23.094   71.19246 -160.26610    -1.6688    32.6574    1438.52  0.000e+00
     23.109   71.19246 -160.26610    -1.6688    32.6572    1438.52  0.000e+00
     23.148   71.19246 -160.26610    -1.6688    32.6571    1438.52  0.000e+00
     23.094   71.19246 -160.26610    -1.6687    32.6571    1438.52  0.000e+00
     23.171   71.19246 -160.26610    -1.6692    32.6575    1438.52  0.000e+00
     23.148   71.19246 -160.26610    -1.6688    32.6574    1438.52  0.000e+00
     23.225   71.19246 -160.26610    -1.6689    32.6575    1438.52  0.000e+00
     23.210   71.19246 -160.26610    -1.6690    32.6580    1438.52  0.000e+00
     23.225   71.19246 -160.26610    -1.6692    32.6579    1438.52  0.000e+00
     23.264   71.19246 -160.26610    -1.6693    32.6581    1438.52  0.000e+00
     23.287   71.19246 -160.26610    -1.6693    32.6579    1438.52  0.000e+00
     23.325   71.19246 -160.26610    -1.6693    32.6582    1438.52  0.000e+00
     23.287   71.19246 -160.26610    -1.6695    32.6584    1438.52  0.000e+00
     23.325   71.19246 -160.26610    -1.6693    32.6582    1438.52  0.000e+00
     23.395   71.19246 -160.26610    -1.6695    32.6578    1438.52  0.000e+00
     23.379   71.19246 -160.26610    -1.6693    32.6579    1438.52  0.000e+00
     23.395   71.19246 -160.26610    -1.6695    32.6583    1438.52  0.000e+00
     23.379   71.19246 -160.26610    -1.6695    32.6583    1438.52  0.000e+00
     23.456   71.19246 -160.26610    -1.6695    32.6580    1438.52  0.000e+00
     23.495   71.19246 -160.26610    -1.6693    32.6577    1438.52  0.000e+00
     23.495   71.19246 -160.26610    -1.6696    32.6583    1438.52  0.000e+00
     23.456   71.19246 -160.26610    -1.6696    32.6586    1438.52  0.000e+00
     23.549   71.19246 -160.26610    -1.6699    32.6585    1438.52  0.000e+00
     23.510   71.19246 -160.26610    -1.6697    32.6582    1438.52  0.000e+00
     23.611   71.19246 -160.26610    -1.6696    32.6578    1438.52  0.000e+00
     23.572   71.19246 -160.26610    -1.6697    32.6581    1438.52  0.000e+00
     23.611   71.19246 -160.26610    -1.6697    32.6588    1438.52  0.000e+00
     23.626   71.19246 -160.26610    -1.6699    32.6588    1438.52  0.000e+00
     23.665   71.19246 -160.26610    -1.6697    32.6582    1438.52  0.000e+00
     23.688   71.19246 -160.26610    -1.6699    32.6583    1438.52  0.000e+00
     23.726   71.19246 -160.26610    -1.6699    32.6585    1438.52  0.000e+00
     23.688   71.19246 -160.26610    -1.6699    32.6582    1438.52  0.000e+00
     23.780   71.19246 -160.26610    -1.6699    32.6582    1438.52  0.000e+00
     23.742   71.19246 -160.26610    -1.6700    32.6586    1438.52  0.000e+00
     23.780   71.19246 -160.26610    -1.6699    32.6586    1438.52  0.000e+00
     23.796   71.19246 -160.26610    -1.6699    32.6581    1438.52  0.000e+00
     23.842   71.19246 -160.26610    -1.6700    32.6584    1438.52  0.000e+00
     23.857   71.19246 -160.26610    -1.6702    32.6588    1438.52  0.000e+00
     23.896   71.19246 -160.26610    -1.6702    32.6588    1438.53  0.000e+00
     23.911   71.19246 -160.26610    -1.6704    32.6587    1438.52  0.000e+00
     23.896   71.19246 -160.26610    -1.6702    32.6585    1438.52  0.000e+00
     23.973   71.19246 -160.26610    -1.6704    32.6587    1438.53  0.000e+00
     23.950   71.19246 -160.26610    -1.6702    32.6587    1438.53  0.000e+00
     23.973   71.19246 -160.26610    -1.6702    32.6585    1438.53  0.000e+00
     24.012   71.19246 -160.26610    -1.6704    32.6588    1438.53  0.000e+00
     24.027   71.19246 -160.26610    -1.6704    32.6587    1438.53  0.000e+00
     24.066   71.19246 -160.26610    -1.6707    32.6587    1438.53  0.000e+00
     24.089   71.19246 -160.26610    -1.6705    32.6591    1438.53  0.000e+00
     24.066   71.19246 -160.26610    -1.6706    32.6587    1438.53  0.000e+00
     24.127   71.19246 -160.26610    -1.6705    32.6588    1438.53  0.000e+00
     24.143   71.19246 -160.26610    -1.6705    32.6589    1438.53  0.000e+00
     24.127   71.19246 -160.26610    -1.6707    32.6592    1438.53  0.000e+00
     24.197   71.19246 -160.26610    -1.6707    32.6591    1438.53  0.000e+00
     24.181   71.19246 -160.26610    -1.6708    32.6589    1438.53  0.000e+00
     24.197   71.19246 -160.26610    -1.6710    32.6593    1438.53  0.000e+00
     24.243   71.19246 -160.26610    -1.6707    32.6587    1438.53  0.000e+00
     24.258   71.19246 -160.26610    -1.6708    32.6589    1438.53  0.000e+00
     24.297   71.19246 -160.26610    -1.6705    32.6588    1438.53  0.000e+00
     24.312   71.19246 -160.26610    -1.6707    32.6588    1438.53  0.000e+00
     24.297   71.19246 -160.26610    -1.6707    32.6590    1438.53  0.000e+00
     24.312   71.19246 -160.26610    -1.6707    32.6591    1438.53  0.000e+00
     24.413   71.19246 -160.26610    -1.6710    32.6593    1438.53  0.000e+00
     24.374   71.19246 -160.26610    -1.6708    32.6592    1438.53  0.000e+00
     24.413   71.19246 -160.26610    -1.6708    32.6589    1438.53  0.000e+00
     24.374   71.19246 -160.26610    -1.6708    32.6591    1438.53  0.000e+00
     24.413   71.19246 -160.26610    -1.6710    32.6593    1438.53  0.000e+00
     24.428   71.19246 -160.26610    -1.6710    32.6591    1438.53  0.000e+00
     24.467   71.19246 -160.26610    -1.6705    32.6585    1438.53  0.000e+00
     24.428   71.19246 -160.26610    -1.6710    32.6587    1438.53  0.000e+00
     24.528   71.19246 -160.26610    -1.6708    32.6587    1438.53  0.000e+00
     24.490   71.19246 -160.26610    -1.6708    32.6586    1438.53  0.000e+00
     24.528   71.19246 -160.26610    -1.6707    32.6590    1438.53  0.000e+00
     24.544   71.19246 -160.26610    -1.6711    32.6597    1438.53  0.000e+00
     24.528   71.19246 -160.26610    -1.6708    32.6589    1438.53  0.000e+00
     24.598   71.19246 -160.26610    -1.6708    32.6590    1438.53  0.000e+00
     24.582   71.19246 -160.26610    -1.6710    32.6592    1438.53  0.000e+00
     24.659   71.19246 -160.26610    -1.6708    32.6588    1438.53  0.000e+00
     24.582   71.19246 -160.26610    -1.6710    32.6589    1438.53  0.000e+00
     24.659   71.19246 -160.26610    -1.6711    32.6588    1438.53  0.000e+00
     24.644   71.19246 -160.26610    -1.6713    32.6592    1438.53  0.000e+00
     24.659   71.19246 -160.26610    -1.6711    32.6591    1438.53  0.000e+00
     24.752   71.19246 -160.26610    -1.6711    32.6590    1438.54  0.000e+00
     24.598   71.19246 -160.26610    -1.6710    32.6586    1438.53  0.000e+00
     24.752   71.19246 -160.26610    -1.6710    32.6588    1438.54  0.000e+00
     24.713   71.19246 -160.26610    -1.6710    32.6584    1438.53  0.000e+00
     24.698   71.19246 -160.26610    -1.6710    32.6585    1438.53  0.000e+00
     24.713   71.19246 -160.26610    -1.6711    32.6592    1438.53  0.000e+00
     24.752   71.19246 -160.26610    -1.6713    32.6592    1438.53  0.000e+00
     24.775   71.19246 -160.26610    -1.6711    32.6587    1438.54  0.000e+00
     24.752   71.19246 -160.26610    -1.6711    32.6591    1438.54  0.000e+00
     24.775   71.19246 -160.26610    -1.6713    32.6590    1438.53  0.000e+00
     24.752   71.19246 -160.26610    -1.6711    32.6589    1438.54  0.000e+00
     24.829   71.19246 -160.26610    -1.6708    32.6584    1438.54  0.000e+00
     24.814   71.19246 -160.26610    -1.6711    32.6589    1438.54  0.000e+00
     24.829   71.19246 -160.26610    -1.6711    32.6584    1438.54  0.000e+00
     24.814   71.19246 -160.26610    -1.6711    32.6588    1438.54  0.000e+00
     24.829   71.19246 -160.26610    -1.6711    32.6590    1438.54  0.000e+00
     24.814   71.19246 -160.26610    -1.6708    32.6584    1438.54  0.000e+00
     24.883   71.19246 -160.26610    -1.6708    32.6585    1438.54  0.000e+00
     24.814   71.19246 -160.26610    -1.6705    32.6580    1438.54  0.000e+00
     24.883   71.19246 -160.26610    -1.6707    32.6581    1438.54  0.000e+00
     24.868   71.19246 -160.26610    -1.6708    32.6583    1438.54  0.000e+00
     24.883   71.19246 -160.26610    -1.6710    32.6582    1438.54  0.000e+00
     24.868   71.19246 -160.26610    -1.6710    32.6586    1438.54  0.000e+00
     24.883   71.19246 -160.26610    -1.6710    32.6585    1438.54  0.000e+00
     24.929   71.19246 -160.26610    -1.6710    32.6584    1438.54  0.000e+00
     24.883   71.19246 -160.26610    -1.6710    32.6582    1438.54  0.000e+00
     24.929   71.19246 -160.26610    -1.6711    32.6589    1438.54  0.000e+00
     24.945   71.19246 -160.26610    -1.6710    32.6583    1438.54  0.000e+00
     24.929   71.19246 -160.26610    -1.6713    32.6585    1438.54  0.000e+00
     24.945   71.19246 -160.26610    -1.6711    32.6585    1438.54  0.000e+00
     24.983   71.19246 -160.26610    -1.6715    32.6587    1438.54  0.000e+00
     24.945   71.19246 -160.26610    -1.6711    32.6585    1438.54  0.000e+00
     24.945   71.19248 -160.26610    -1.6713    32.6589    1438.54  0.000e+00
     24.983   71.19248 -160.26610    -1.6714    32.6591    1438.54  0.000e+00
     24.999   71.19248 -160.26610    -1.6710    32.6582    1438.54  0.000e+00
     24.983   71.19248 -160.26610    -1.6711    32.6589    1438.54  0.000e+00
     24.999   71.19248 -160.26610    -1.6711    32.6587    1438.54  0.000e+00
     25.045   71.19248 -160.26610    -1.6710    32.6586    1438.54  0.000e+00
     24.999   71.19248 -160.26610    -1.6710    32.6581    1438.54  0.000e+00
     25.045   71.19248 -160.26610    -1.6711    32.6582    1438.54  0.000e+00
     25.060   71.19248 -160.26610    -1.6710    32.6578    1438.54  0.000e+00
     25.045   71.19248 -160.26610    -1.6711    32.6582    1438.54  0.000e+00
     25.114   71.19248 -160.26610    -1.6713    32.6584    1438.54  0.000e+00
     25.099   71.19248 -160.26610    -1.6714    32.6587    1438.54  0.000e+00
     25.060   71.19248 -160.26610    -1.6716    32.6586    1438.54  0.000e+00
     25.099   71.19248 -160.26610    -1.6714    32.6584    1438.54  0.000e+00
     25.114   71.19248 -160.26610    -1.6717    32.6586    1438.54  0.000e+00
     25.161   71.19248 -160.26610    -1.6717    32.6587    1438.54  0.000e+00
     25.114   71.19248 -160.26610    -1.6716    32.6587    1438.54  0.000e+00
     25.161   71.19248 -160.26610    -1.6717    32.6588    1438.54  0.000e+00
     25.176   71.19248 -160.26610    -1.6716    32.6587    1438.54  0.000e+00
     25.161   71.19248 -160.26610    -1.6717    32.6587    1438.54  0.000e+00
     25.176   71.19248 -160.26610    -1.6717    32.6588    1438.54  0.000e+00
     25.215   71.19248 -160.26610    -1.6717    32.6585    1438.54  0.000e+00
     25.230   71.19248 -160.26610    -1.6716    32.6579    1438.54  0.000e+00
     25.215   71.19248 -160.26610    -1.6716    32.6582    1438.54  0.000e+00
     25.230   71.19248 -160.26610    -1.6719    32.6584    1438.54  0.000e+00
     25.269   71.19248 -160.26610    -1.6718    32.6582    1438.54  0.000e+00
     25.230   71.19248 -160.26610    -1.6717    32.6579    1438.54  0.000e+00
     25.330   71.19248 -160.26610    -1.6716    32.6581    1438.54  0.000e+00
