EcoFOCI/data/1_SampleCollection/2023_SikuliaqDBO_CruiseData/CTD_raw_BottleFile_SKQ23-12S/proc/skq202312s_065svp.cnv
* Sea-Bird SBE 9 Data File:
* FileName = D:\CTD\SKQ202312S\SKQ202312S_065.hex
* Software Version Seasave V 7.26.7.121
* Temperature SN = 6177
* Conductivity SN = 0369
* Number of Bytes Per Scan = 41
* Number of Voltage Words = 4
* Number of Scans Averaged by the Deck Unit = 1
* NMEA Latitude = 72 05.73 N
* NMEA Longitude = 166 38.74 W
* NMEA UTC (Time) = Sep 28 2023  11:45:18
* NMEA baud rate = 4800
** Ship: R/V Sikuliaq
** Station Number: 065
** Station Name: IC0.2
** Bottom Depth: 46
** Operator: Bern
# nquan = 7
# nvalues = 5154                                  
# units = specified
# name 0 = depSM: Depth [salt water, m]
# name 1 = latitude: Latitude [deg]
# name 2 = longitude: Longitude [deg]
# name 3 = t090C: Temperature [ITS-90, deg C]
# name 4 = sal00: Salinity, Practical [PSU]
# name 5 = svCM: Sound Velocity [Chen-Millero, m/s]
# name 6 = flag:  0.000e+00
# span 0 =      2.391,     41.018                 
# span 1 =   72.09544,   72.09544                 
# span 2 = -166.64596, -166.64570                 
# span 3 =    -0.3209,     4.4067                 
# span 4 =    30.8401,    32.3823                 
# span 5 =    1444.73,    1463.61                 
# span 6 = 0.0000e+00, 0.0000e+00                 
# interval = seconds: 0.0416667
# start_time = Sep 28 2023 11:48:51 [NMEA time, first data scan]
# bad_flag = -9.990e-29
*END*
[from data line 821]
      5.883   72.09544 -166.64570     4.1060    30.8500    1461.83  0.000e+00
      5.937   72.09544 -166.64570     4.1059    30.8496    1461.83  0.000e+00
      5.883   72.09544 -166.64570     4.1054    30.8499    1461.82  0.000e+00
      5.883   72.09544 -166.64570     4.1045    30.8501    1461.82  0.000e+00
      5.883   72.09544 -166.64570     4.1043    30.8501    1461.82  0.000e+00
      5.883   72.09544 -166.64570     4.1035    30.8500    1461.82  0.000e+00
      5.883   72.09544 -166.64570     4.1028    30.8496    1461.81  0.000e+00
      5.883   72.09544 -166.64570     4.1019    30.8504    1461.81  0.000e+00
      5.937   72.09544 -166.64570     4.1016    30.8503    1461.81  0.000e+00
      5.883   72.09544 -166.64570     4.1008    30.8508    1461.81  0.000e+00
      5.883   72.09544 -166.64570     4.1005    30.8514    1461.81  0.000e+00
      5.937   72.09544 -166.64570     4.1001    30.8522    1461.81  0.000e+00
      5.883   72.09544 -166.64570     4.1005    30.8519    1461.81  0.000e+00
      5.883   72.09544 -166.64570     4.1008    30.8519    1461.81  0.000e+00
      5.883   72.09544 -166.64570     4.1008    30.8523    1461.81  0.000e+00
      5.937   72.09544 -166.64570     4.1009    30.8524    1461.81  0.000e+00
      5.883   72.09544 -166.64570     4.1011    30.8526    1461.81  0.000e+00
      5.937   72.09544 -166.64570     4.1016    30.8530    1461.81  0.000e+00
      5.883   72.09544 -166.64570     4.1019    30.8525    1461.81  0.000e+00
      5.883   72.09544 -166.64570     4.1025    30.8520    1461.82  0.000e+00
      5.937   72.09544 -166.64570     4.1027    30.8519    1461.82  0.000e+00
      5.883   72.09544 -166.64570     4.1027    30.8515    1461.82  0.000e+00
      5.937   72.09544 -166.64570     4.1025    30.8517    1461.82  0.000e+00
      5.883   72.09544 -166.64570     4.1028    30.8507    1461.81  0.000e+00
      5.937   72.09544 -166.64570     4.1023    30.8506    1461.81  0.000e+00
      5.937   72.09544 -166.64570     4.1023    30.8508    1461.81  0.000e+00
      5.883   72.09544 -166.64570     4.1022    30.8514    1461.81  0.000e+00
      5.937   72.09544 -166.64570     4.1017    30.8518    1461.81  0.000e+00
      5.937   72.09544 -166.64570     4.1021    30.8517    1461.81  0.000e+00
      5.937   72.09544 -166.64570     4.1020    30.8519    1461.81  0.000e+00
      5.937   72.09544 -166.64570     4.1022    30.8520    1461.81  0.000e+00
      5.991   72.09544 -166.64570     4.1023    30.8521    1461.82  0.000e+00
      5.914   72.09544 -166.64570     4.1027    30.8523    1461.82  0.000e+00
      5.991   72.09544 -166.64570     4.1028    30.8526    1461.82  0.000e+00
      5.937   72.09544 -166.64570     4.1031    30.8531    1461.82  0.000e+00
      5.937   72.09544 -166.64570     4.1036    30.8529    1461.82  0.000e+00
      5.991   72.09544 -166.64570     4.1043    30.8529    1461.83  0.000e+00
      5.991   72.09544 -166.64570     4.1049    30.8516    1461.83  0.000e+00
      5.991   72.09544 -166.64570     4.1051    30.8512    1461.83  0.000e+00
      5.991   72.09544 -166.64570     4.1052    30.8506    1461.83  0.000e+00
      5.991   72.09544 -166.64570     4.1048    30.8508    1461.82  0.000e+00
      5.991   72.09544 -166.64570     4.1046    30.8510    1461.82  0.000e+00
      6.053   72.09544 -166.64570     4.1046    30.8517    1461.83  0.000e+00
      6.053   72.09544 -166.64570     4.1049    30.8516    1461.83  0.000e+00
      5.991   72.09544 -166.64570     4.1051    30.8517    1461.83  0.000e+00
      6.053   72.09544 -166.64570     4.1057    30.8514    1461.83  0.000e+00
      6.107   72.09544 -166.64570     4.1059    30.8512    1461.83  0.000e+00
      6.053   72.09544 -166.64570     4.1059    30.8510    1461.83  0.000e+00
      6.107   72.09544 -166.64570     4.1062    30.8505    1461.83  0.000e+00
      6.107   72.09544 -166.64570     4.1060    30.8501    1461.83  0.000e+00
      6.107   72.09544 -166.64570     4.1057    30.8492    1461.83  0.000e+00
      6.107   72.09544 -166.64570     4.1051    30.8475    1461.82  0.000e+00
      6.169   72.09544 -166.64570     4.1035    30.8469    1461.82  0.000e+00
      6.107   72.09544 -166.64570     4.1014    30.8486    1461.81  0.000e+00
      6.169   72.09544 -166.64570     4.1003    30.8513    1461.81  0.000e+00
      6.169   72.09544 -166.64570     4.1008    30.8526    1461.81  0.000e+00
      6.169   72.09544 -166.64570     4.1014    30.8524    1461.82  0.000e+00
      6.223   72.09544 -166.64570     4.1019    30.8518    1461.82  0.000e+00
      6.223   72.09544 -166.64570     4.1019    30.8515    1461.82  0.000e+00
      6.223   72.09544 -166.64570     4.1019    30.8512    1461.82  0.000e+00
      6.223   72.09544 -166.64570     4.1016    30.8510    1461.82  0.000e+00
      6.223   72.09544 -166.64570     4.1014    30.8518    1461.82  0.000e+00
      6.277   72.09544 -166.64570     4.1014    30.8525    1461.82  0.000e+00
      6.277   72.09544 -166.64570     4.1020    30.8530    1461.82  0.000e+00
      6.277   72.09544 -166.64570     4.1027    30.8528    1461.82  0.000e+00
      6.338   72.09544 -166.64570     4.1032    30.8525    1461.83  0.000e+00
      6.277   72.09544 -166.64570     4.1040    30.8524    1461.83  0.000e+00
      6.338   72.09544 -166.64570     4.1045    30.8530    1461.83  0.000e+00
      6.338   72.09544 -166.64570     4.1051    30.8531    1461.83  0.000e+00
      6.338   72.09544 -166.64570     4.1060    30.8525    1461.84  0.000e+00
      6.392   72.09544 -166.64570     4.1065    30.8525    1461.84  0.000e+00
      6.392   72.09544 -166.64570     4.1073    30.8528    1461.84  0.000e+00
      6.392   72.09544 -166.64570     4.1081    30.8525    1461.85  0.000e+00
      6.392   72.09544 -166.64570     4.1086    30.8529    1461.85  0.000e+00
      6.392   72.09544 -166.64570     4.1090    30.8529    1461.85  0.000e+00
      6.454   72.09544 -166.64570     4.1100    30.8525    1461.86  0.000e+00
      6.454   72.09544 -166.64570     4.1104    30.8524    1461.86  0.000e+00
      6.392   72.09544 -166.64570     4.1114    30.8526    1461.86  0.000e+00
      6.539   72.09544 -166.64570     4.1120    30.8521    1461.87  0.000e+00
      6.454   72.09544 -166.64570     4.1128    30.8513    1461.87  0.000e+00
      6.508   72.09544 -166.64570     4.1132    30.8509    1461.87  0.000e+00
      6.508   72.09544 -166.64570     4.1134    30.8513    1461.87  0.000e+00
      6.508   72.09544 -166.64570     4.1139    30.8511    1461.87  0.000e+00
      6.508   72.09544 -166.64570     4.1145    30.8511    1461.87  0.000e+00
      6.570   72.09544 -166.64570     4.1149    30.8507    1461.88  0.000e+00
      6.570   72.09544 -166.64570     4.1152    30.8508    1461.88  0.000e+00
      6.570   72.09544 -166.64570     4.1155    30.8505    1461.88  0.000e+00
      6.570   72.09544 -166.64570     4.1157    30.8510    1461.88  0.000e+00
      6.570   72.09544 -166.64570     4.1158    30.8512    1461.88  0.000e+00
      6.570   72.09544 -166.64570     4.1163    30.8503    1461.88  0.000e+00
      6.624   72.09544 -166.64570     4.1163    30.8504    1461.88  0.000e+00
      6.624   72.09544 -166.64570     4.1164    30.8505    1461.88  0.000e+00
      6.570   72.09544 -166.64570     4.1166    30.8508    1461.88  0.000e+00
      6.624   72.09544 -166.64570     4.1171    30.8505    1461.89  0.000e+00
      6.677   72.09544 -166.64570     4.1172    30.8507    1461.89  0.000e+00
      6.624   72.09544 -166.64570     4.1174    30.8508    1461.89  0.000e+00
      6.624   72.09544 -166.64570     4.1177    30.8502    1461.89  0.000e+00
      6.677   72.09544 -166.64570     4.1180    30.8494    1461.89  0.000e+00
      6.624   72.09544 -166.64570     4.1179    30.8480    1461.89  0.000e+00
      6.677   72.09544 -166.64570     4.1171    30.8475    1461.88  0.000e+00
      6.677   72.09544 -166.64570     4.1161    30.8469    1461.88  0.000e+00
      6.677   72.09544 -166.64570     4.1149    30.8468    1461.87  0.000e+00
      6.677   72.09544 -166.64570     4.1138    30.8472    1461.87  0.000e+00
      6.677   72.09544 -166.64570     4.1127    30.8473    1461.86  0.000e+00
      6.739   72.09544 -166.64570     4.1118    30.8476    1461.86  0.000e+00
      6.677   72.09544 -166.64570     4.1109    30.8480    1461.86  0.000e+00
      6.739   72.09544 -166.64570     4.1098    30.8484    1461.86  0.000e+00
      6.677   72.09544 -166.64570     4.1090    30.8488    1461.85  0.000e+00
      6.739   72.09544 -166.64570     4.1086    30.8490    1461.85  0.000e+00
      6.623   72.09544 -166.64570     4.1078    30.8499    1461.85  0.000e+00
      6.824   72.09544 -166.64570     4.1071    30.8503    1461.85  0.000e+00
      6.677   72.09544 -166.64570     4.1070    30.8503    1461.84  0.000e+00
      6.739   72.09544 -166.64570     4.1065    30.8506    1461.84  0.000e+00
      6.739   72.09544 -166.64570     4.1060    30.8513    1461.84  0.000e+00
      6.739   72.09544 -166.64570     4.1060    30.8515    1461.84  0.000e+00
      6.793   72.09544 -166.64570     4.1059    30.8521    1461.84  0.000e+00
      6.739   72.09544 -166.64570     4.1060    30.8525    1461.84  0.000e+00
      6.739   72.09544 -166.64570     4.1060    30.8529    1461.85  0.000e+00
      6.677   72.09544 -166.64570     4.1064    30.8530    1461.85  0.000e+00
      6.793   72.09544 -166.64570     4.1068    30.8527    1461.85  0.000e+00
      6.739   72.09544 -166.64570     4.1071    30.8522    1461.85  0.000e+00
      6.793   72.09544 -166.64570     4.1074    30.8529    1461.85  0.000e+00
      6.739   72.09544 -166.64570     4.1084    30.8534    1461.86  0.000e+00
      6.739   72.09544 -166.64570     4.1093    30.8538    1461.86  0.000e+00
      6.739   72.09544 -166.64570     4.1109    30.8535    1461.87  0.000e+00
      6.793   72.09544 -166.64570     4.1120    30.8521    1461.87  0.000e+00
      6.739   72.09544 -166.64570     4.1127    30.8501    1461.87  0.000e+00
      6.793   72.09544 -166.64570     4.1120    30.8496    1461.87  0.000e+00
      6.739   72.09544 -166.64570     4.1116    30.8497    1461.86  0.000e+00
      6.739   72.09544 -166.64570     4.1111    30.8507    1461.86  0.000e+00
      6.793   72.09544 -166.64570     4.1112    30.8505    1461.86  0.000e+00
      6.739   72.09544 -166.64570     4.1109    30.8508    1461.86  0.000e+00
      6.739   72.09544 -166.64570     4.1109    30.8512    1461.86  0.000e+00
      6.793   72.09544 -166.64570     4.1108    30.8512    1461.86  0.000e+00
      6.739   72.09544 -166.64570     4.1106    30.8510    1461.86  0.000e+00
      6.739   72.09544 -166.64570     4.1107    30.8508    1461.86  0.000e+00
      6.793   72.09544 -166.64570     4.1106    30.8504    1461.86  0.000e+00
      6.739   72.09544 -166.64570     4.1103    30.8500    1461.86  0.000e+00
      6.793   72.09544 -166.64570     4.1095    30.8494    1461.86  0.000e+00
      6.716   72.09544 -166.64570     4.1089    30.8492    1461.85  0.000e+00
      6.793   72.09544 -166.64570     4.1078    30.8491    1461.85  0.000e+00
      6.739   72.09544 -166.64570     4.1068    30.8498    1461.84  0.000e+00
      6.739   72.09544 -166.64570     4.1057    30.8506    1461.84  0.000e+00
      6.793   72.09544 -166.64570     4.1052    30.8505    1461.84  0.000e+00
      6.739   72.09544 -166.64570     4.1045    30.8514    1461.84  0.000e+00
      6.793   72.09544 -166.64570     4.1045    30.8520    1461.84  0.000e+00
      6.739   72.09544 -166.64570     4.1043    30.8524    1461.84  0.000e+00
      6.793   72.09544 -166.64570     4.1045    30.8525    1461.84  0.000e+00
      6.739   72.09544 -166.64570     4.1046    30.8526    1461.84  0.000e+00
      6.793   72.09544 -166.64570     4.1046    30.8528    1461.84  0.000e+00
      6.739   72.09544 -166.64570     4.1051    30.8527    1461.84  0.000e+00
      6.793   72.09544 -166.64570     4.1054    30.8524    1461.84  0.000e+00
      6.793   72.09544 -166.64570     4.1057    30.8525    1461.84  0.000e+00
      6.793   72.09544 -166.64570     4.1059    30.8527    1461.85  0.000e+00
      6.739   72.09544 -166.64570     4.1063    30.8528    1461.85  0.000e+00
      6.855   72.09544 -166.64570     4.1067    30.8524    1461.85  0.000e+00
      6.793   72.09544 -166.64570     4.1070    30.8522    1461.85  0.000e+00
      6.793   72.09544 -166.64570     4.1070    30.8517    1461.85  0.000e+00
      6.793   72.09544 -166.64570     4.1071    30.8513    1461.85  0.000e+00
      6.855   72.09544 -166.64570     4.1070    30.8514    1461.85  0.000e+00
      6.793   72.09544 -166.64570     4.1070    30.8511    1461.85  0.000e+00
      6.855   72.09544 -166.64570     4.1068    30.8519    1461.85  0.000e+00
      6.793   72.09544 -166.64570     4.1070    30.8518    1461.85  0.000e+00
      6.855   72.09544 -166.64570     4.1067    30.8516    1461.85  0.000e+00
      6.855   72.09544 -166.64570     4.1067    30.8513    1461.85  0.000e+00
      6.855   72.09544 -166.64570     4.1067    30.8512    1461.85  0.000e+00
      6.909   72.09544 -166.64570     4.1063    30.8517    1461.85  0.000e+00
      6.824   72.09544 -166.64570     4.1062    30.8517    1461.85  0.000e+00
      6.909   72.09544 -166.64570     4.1062    30.8519    1461.85  0.000e+00
      6.909   72.09544 -166.64570     4.1062    30.8521    1461.85  0.000e+00
      6.909   72.09544 -166.64570     4.1062    30.8519    1461.85  0.000e+00
      6.909   72.09544 -166.64570     4.1060    30.8518    1461.85  0.000e+00
      6.909   72.09544 -166.64570     4.1062    30.8512    1461.85  0.000e+00
      6.909   72.09544 -166.64570     4.1062    30.8521    1461.85  0.000e+00
      6.970   72.09544 -166.64570     4.1062    30.8532    1461.85  0.000e+00
      6.970   72.09544 -166.64570     4.1070    30.8542    1461.85  0.000e+00
      6.970   72.09544 -166.64570     4.1078    30.8529    1461.86  0.000e+00
      6.970   72.09544 -166.64570     4.1080    30.8519    1461.86  0.000e+00
      7.024   72.09544 -166.64570     4.1079    30.8510    1461.86  0.000e+00
      6.970   72.09544 -166.64570     4.1079    30.8502    1461.85  0.000e+00
      7.024   72.09544 -166.64570     4.1074    30.8508    1461.85  0.000e+00
      7.024   72.09544 -166.64570     4.1071    30.8514    1461.85  0.000e+00
      7.078   72.09544 -166.64570     4.1073    30.8519    1461.85  0.000e+00
      7.078   72.09544 -166.64570     4.1074    30.8522    1461.86  0.000e+00
      7.078   72.09544 -166.64570     4.1074    30.8518    1461.86  0.000e+00
      7.078   72.09544 -166.64570     4.1074    30.8511    1461.85  0.000e+00
      7.078   72.09544 -166.64570     4.1070    30.8511    1461.85  0.000e+00
      7.140   72.09544 -166.64570     4.1067    30.8513    1461.85  0.000e+00
      7.140   72.09544 -166.64570     4.1063    30.8518    1461.85  0.000e+00
      7.140   72.09544 -166.64570     4.1062    30.8520    1461.85  0.000e+00
      7.194   72.09544 -166.64570     4.1060    30.8520    1461.85  0.000e+00
      7.194   72.09544 -166.64570     4.1059    30.8522    1461.85  0.000e+00
      7.225   72.09544 -166.64570     4.1059    30.8517    1461.85  0.000e+00
      7.194   72.09544 -166.64570     4.1059    30.8515    1461.85  0.000e+00
      7.256   72.09544 -166.64570     4.1054    30.8519    1461.85  0.000e+00
      7.256   72.09544 -166.64570     4.1052    30.8515    1461.85  0.000e+00
      7.310   72.09544 -166.64570     4.1048    30.8519    1461.85  0.000e+00
      7.310   72.09544 -166.64570     4.1040    30.8525    1461.85  0.000e+00
      7.310   72.09544 -166.64570     4.1035    30.8525    1461.84  0.000e+00
      7.371   72.09544 -166.64570     4.1027    30.8524    1461.84  0.000e+00
      7.310   72.09544 -166.64570     4.1019    30.8522    1461.84  0.000e+00
      7.425   72.09544 -166.64570     4.1008    30.8529    1461.83  0.000e+00
      7.425   72.09544 -166.64570     4.0998    30.8530    1461.83  0.000e+00
      7.371   72.09544 -166.64570     4.0988    30.8534    1461.83  0.000e+00
