EcoFOCI/data/1_SampleCollection/2023_SikuliaqDBO_CruiseData/CTD_raw_BottleFile_SKQ23-12S/proc/skq202312s_035svpavg.cnv
* Sea-Bird SBE 9 Data File:
* FileName = D:\CTD\SKQ202312S\SKQ202312S_035.hex
* Software Version Seasave V 7.26.7.121
* Temperature SN = 6177
* Conductivity SN = 0369
* Number of Bytes Per Scan = 41
* Number of Voltage Words = 4
* Number of Scans Averaged by the Deck Unit = 1
* NMEA Latitude = 71 45.08 N
* NMEA Longitude = 154 27.66 W
* NMEA UTC (Time) = Sep 22 2023  01:56:11
* NMEA baud rate = 4800
** Ship: R/V Sikuliaq
** Station Number: 035
** Station Name: BF2
** Bottom Depth: 88
** Operator: SD
# nquan = 7
# nvalues = 78                          
# units = specified
# name 0 = depSM: Depth [salt water, m]
# name 1 = latitude: Latitude [deg]
# name 2 = longitude: Longitude [deg]
# name 3 = t090C: Temperature [ITS-90, deg C]
# name 4 = sal00: Salinity, Practical [PSU]
# name 5 = svCM: Sound Velocity [Chen-Millero, m/s]
# name 6 = flag: flag
# span 0 =      2.000,     79.000       
# span 1 =   71.75106,   71.75126       
# span 2 = -154.46116, -154.46010       
# span 3 =    -0.9585,     4.1356       
# span 4 =    28.0121,    32.3320       
# span 5 =    1442.30,    1460.20       
# span 6 = 0.0000e+00, 0.0000e+00       
# interval = meters: 1                  
# start_time = Sep 22 2023 02:02:56 [NMEA time, first data scan]
# bad_flag = -9.990e-29
*END*
      2.000   71.75126 -154.46109     4.1356    28.0158    1458.25 0.0000e+00
      3.000   71.75126 -154.46112     4.1329    28.0133    1458.26 0.0000e+00
      4.000   71.75126 -154.46115     4.1341    28.0135    1458.28 0.0000e+00
      5.000   71.75126 -154.46114     4.1345    28.0140    1458.30 0.0000e+00
      6.000   71.75126 -154.46115     4.1342    28.0147    1458.31 0.0000e+00
      7.000   71.75126 -154.46115     4.1324    28.0121    1458.32 0.0000e+00
      8.000   71.75126 -154.46114     4.1346    28.0157    1458.35 0.0000e+00
      9.000   71.75126 -154.46113     4.1344    28.0204    1458.37 0.0000e+00
     10.000   71.75126 -154.46112     4.1299    28.0395    1458.39 0.0000e+00
     11.000   71.75126 -154.46112     4.0766    28.3444    1458.57 0.0000e+00
     12.000   71.75126 -154.46110     3.9889    29.1502    1459.25 0.0000e+00
     13.000   71.75126 -154.46110     3.9572    29.3025    1459.33 0.0000e+00
     14.000   71.75126 -154.46110     3.8798    30.0946    1460.03 0.0000e+00
     15.000   71.75126 -154.46110     3.7947    30.4883    1460.20 0.0000e+00
     16.000   71.75126 -154.46110     3.3844    30.6760    1458.71 0.0000e+00
     17.000   71.75126 -154.46110     2.6009    31.0763    1455.87 0.0000e+00
     18.000   71.75126 -154.46110     1.9250    31.5165    1453.49 0.0000e+00
     19.000   71.75126 -154.46110     1.5589    31.7805    1452.23 0.0000e+00
     20.000   71.75126 -154.46110     1.3883    31.8516    1451.57 0.0000e+00
     21.000   71.75126 -154.46110     1.2707    31.9100    1451.14 0.0000e+00
     22.000   71.75126 -154.46110     1.2653    31.9257    1451.15 0.0000e+00
     23.000   71.75126 -154.46110     1.1329    31.9358    1450.59 0.0000e+00
     24.000   71.75126 -154.46110     0.9885    31.9581    1449.98 0.0000e+00
     25.000   71.75126 -154.46110     0.8942    31.9798    1449.60 0.0000e+00
     26.000   71.75126 -154.46110     0.8337    31.9860    1449.35 0.0000e+00
     27.000   71.75126 -154.46110     0.8036    31.9900    1449.24 0.0000e+00
     28.000   71.75126 -154.46110     0.7822    31.9904    1449.16 0.0000e+00
     29.000   71.75126 -154.46112     0.7375    31.9973    1448.98 0.0000e+00
     30.000   71.75126 -154.46112     0.6443    32.0200    1448.60 0.0000e+00
     31.000   71.75126 -154.46112     0.5449    32.0376    1448.19 0.0000e+00
     32.000   71.75126 -154.46112     0.3792    32.0719    1447.49 0.0000e+00
     33.000   71.75126 -154.46112     0.2359    32.1030    1446.89 0.0000e+00
     34.000   71.75124 -154.46112     0.1876    32.1071    1446.69 0.0000e+00
     35.000   71.75124 -154.46114     0.1476    32.1148    1446.53 0.0000e+00
     36.000   71.75125 -154.46114     0.1141    32.1206    1446.40 0.0000e+00
     37.000   71.75124 -154.46114     0.0959    32.1229    1446.34 0.0000e+00
     38.000   71.75124 -154.46114     0.0723    32.1314    1446.26 0.0000e+00
     39.000   71.75124 -154.46114    -0.0051    32.1425    1445.93 0.0000e+00
     40.000   71.75124 -154.46114    -0.0234    32.1449    1445.86 0.0000e+00
     41.000   71.75124 -154.46116    -0.0380    32.1475    1445.82 0.0000e+00
     42.000   71.75124 -154.46115    -0.0798    32.1553    1445.65 0.0000e+00
     43.000   71.75124 -154.46116    -0.1009    32.1593    1445.57 0.0000e+00
     44.000   71.75124 -154.46116    -0.1211    32.1629    1445.50 0.0000e+00
     45.000   71.75124 -154.46116    -0.1294    32.1651    1445.48 0.0000e+00
     46.000   71.75124 -154.46116    -0.1444    32.1679    1445.43 0.0000e+00
     47.000   71.75124 -154.46116    -0.1848    32.1746    1445.27 0.0000e+00
     48.000   71.75123 -154.46116    -0.2128    32.1827    1445.17 0.0000e+00
     49.000   71.75123 -154.46114    -0.2403    32.1872    1445.06 0.0000e+00
     50.000   71.75122 -154.46114    -0.2696    32.1920    1444.95 0.0000e+00
     51.000   71.75122 -154.46114    -0.3014    32.1967    1444.82 0.0000e+00
     52.000   71.75122 -154.46113    -0.3127    32.1998    1444.79 0.0000e+00
     53.000   71.75122 -154.46112    -0.3422    32.2067    1444.68 0.0000e+00
     54.000   71.75122 -154.46110    -0.4166    32.2242    1444.37 0.0000e+00
     55.000   71.75122 -154.46110    -0.4448    32.2314    1444.27 0.0000e+00
     56.000   71.75122 -154.46110    -0.4765    32.2360    1444.14 0.0000e+00
     57.000   71.75122 -154.46108    -0.5486    32.2455    1443.83 0.0000e+00
     58.000   71.75122 -154.46108    -0.5811    32.2445    1443.70 0.0000e+00
     59.000   71.75120 -154.46106    -0.5963    32.2461    1443.64 0.0000e+00
     60.000   71.75122 -154.46105    -0.6016    32.2458    1443.63 0.0000e+00
     61.000   71.75120 -154.46104    -0.6645    32.2570    1443.37 0.0000e+00
     62.000   71.75120 -154.46102    -0.7442    32.2801    1443.04 0.0000e+00
     63.000   71.75120 -154.46102    -0.7767    32.2892    1442.92 0.0000e+00
     64.000   71.75120 -154.46100    -0.8144    32.2988    1442.77 0.0000e+00
     65.000   71.75120 -154.46099    -0.8298    32.3025    1442.72 0.0000e+00
     66.000   71.75120 -154.46097    -0.8411    32.3035    1442.68 0.0000e+00
     67.000   71.75120 -154.46096    -0.8456    32.3050    1442.68 0.0000e+00
     68.000   71.75120 -154.46095    -0.8557    32.3072    1442.65 0.0000e+00
     69.000   71.75120 -154.46093    -0.8750    32.3123    1442.58 0.0000e+00
     70.000   71.75118 -154.46092    -0.9146    32.3207    1442.42 0.0000e+00
     71.000   71.75118 -154.46092    -0.9466    32.3311    1442.30 0.0000e+00
     72.000   71.75118 -154.46087    -0.9395    32.3281    1442.35 0.0000e+00
     73.000   71.75118 -154.46086    -0.9517    32.3311    1442.31 0.0000e+00
     74.000   71.75118 -154.46084    -0.9504    32.3306    1442.33 0.0000e+00
     75.000   71.75116 -154.46079    -0.9579    32.3320    1442.31 0.0000e+00
     76.000   71.75114 -154.46062    -0.9578    32.3314    1442.33 0.0000e+00
     77.000   71.75112 -154.46054    -0.9585    32.3311    1442.34 0.0000e+00
     78.000   71.75109 -154.46041    -0.9573    32.3308    1442.37 0.0000e+00
     79.000   71.75106 -154.46010    -0.9566    32.3307    1442.39 0.0000e+00
