EcoFOCI/data/1_SampleCollection/2023_SikuliaqDBO_CruiseData/CTD_raw_BottleFile_SKQ23-12S/proc/skq202312s_073svp.cnv
* Sea-Bird SBE 9 Data File:
* FileName = D:\CTD\SKQ202312S\SKQ202312S_073.hex
* Software Version Seasave V 7.26.7.121
* Temperature SN = 6177
* Conductivity SN = 0369
* Number of Bytes Per Scan = 41
* Number of Voltage Words = 4
* Number of Scans Averaged by the Deck Unit = 1
* NMEA Latitude = 67 54.34 N
* NMEA Longitude = 168 10.75 W
* NMEA UTC (Time) = Oct 01 2023  20:50:17
* NMEA baud rate = 4800
** Ship: R/V Sikuliaq
** Station Number: 073
** Station Name: C12
** Bottom Depth: 58
** Operator: SD
** Mooring C12
# nquan = 7
# nvalues = 4215                                  
# units = specified
# name 0 = depSM: Depth [salt water, m]
# name 1 = latitude: Latitude [deg]
# name 2 = longitude: Longitude [deg]
# name 3 = t090C: Temperature [ITS-90, deg C]
# name 4 = sal00: Salinity, Practical [PSU]
# name 5 = svCM: Sound Velocity [Chen-Millero, m/s]
# name 6 = flag:  0.000e+00
# span 0 =      2.262,     53.673                 
# span 1 =   67.90534,   67.90552                 
# span 2 = -168.17942, -168.17918                 
# span 3 =     2.6735,     4.8323                 
# span 4 =    28.4800,    32.5035                 
# span 5 =    1457.56,    1464.88                 
# span 6 = 0.0000e+00, 0.0000e+00                 
# interval = seconds: 0.0416667
# start_time = Oct 01 2023 20:53:49 [NMEA time, first data scan]
# bad_flag = -9.990e-29
*END*
      3.504   67.90552 -168.17942     3.8401    28.4992    1457.64  0.000e+00
      3.442   67.90552 -168.17942     3.8404    28.4987    1457.64  0.000e+00
      3.504   67.90552 -168.17942     3.8403    28.4994    1457.65  0.000e+00
      3.442   67.90552 -168.17942     3.8406    28.4992    1457.65  0.000e+00
      3.388   67.90552 -168.17942     3.8405    28.4996    1457.64  0.000e+00
      3.388   67.90552 -168.17942     3.8407    28.4993    1457.65  0.000e+00
      3.388   67.90552 -168.17942     3.8409    28.4995    1457.65  0.000e+00
      3.334   67.90552 -168.17942     3.8409    28.4992    1457.65  0.000e+00
      3.334   67.90552 -168.17942     3.8411    28.4990    1457.65  0.000e+00
      3.272   67.90552 -168.17942     3.8409    28.4994    1457.64  0.000e+00
      3.272   67.90552 -168.17942     3.8409    28.4991    1457.64  0.000e+00
      3.218   67.90552 -168.17942     3.8409    28.4991    1457.64  0.000e+00
      3.218   67.90552 -168.17942     3.8409    28.4989    1457.64  0.000e+00
      3.157   67.90552 -168.17942     3.8407    28.4986    1457.64  0.000e+00
      3.126   67.90552 -168.17942     3.8408    28.4980    1457.64  0.000e+00
      3.103   67.90552 -168.17942     3.8406    28.4989    1457.64  0.000e+00
      3.103   67.90552 -168.17942     3.8404    28.4989    1457.64  0.000e+00
      3.041   67.90552 -168.17942     3.8401    28.4997    1457.64  0.000e+00
      2.987   67.90552 -168.17942     3.8406    28.5002    1457.64  0.000e+00
      3.041   67.90552 -168.17942     3.8407    28.5012    1457.64  0.000e+00
      2.933   67.90552 -168.17942     3.8411    28.5019    1457.64  0.000e+00
      2.933   67.90552 -168.17942     3.8419    28.5029    1457.65  0.000e+00
      2.933   67.90552 -168.17942     3.8426    28.5043    1457.65  0.000e+00
      2.871   67.90552 -168.17942     3.8436    28.5049    1457.66  0.000e+00
      2.871   67.90552 -168.17942     3.8445    28.5049    1457.66  0.000e+00
      2.817   67.90552 -168.17942     3.8452    28.5044    1457.66  0.000e+00
      2.817   67.90552 -168.17942     3.8457    28.5032    1457.66  0.000e+00
      2.817   67.90552 -168.17942     3.8460    28.5029    1457.66  0.000e+00
      2.756   67.90552 -168.17942     3.8461    28.5028    1457.66  0.000e+00
      2.702   67.90552 -168.17942     3.8460    28.5022    1457.66  0.000e+00
      2.756   67.90552 -168.17942     3.8460    28.5019    1457.66  0.000e+00
      2.640   67.90552 -168.17942     3.8459    28.5017    1457.66  0.000e+00
      2.702   67.90552 -168.17942     3.8458    28.5016    1457.66  0.000e+00
      2.640   67.90552 -168.17942     3.8458    28.5010    1457.66  0.000e+00
      2.640   67.90552 -168.17942     3.8457    28.5006    1457.66  0.000e+00
      2.586   67.90552 -168.17942     3.8452    28.5015    1457.65  0.000e+00
      2.532   67.90552 -168.17942     3.8453    28.5014    1457.65  0.000e+00
      2.609   67.90552 -168.17942     3.8455    28.5011    1457.66  0.000e+00
      2.532   67.90552 -168.17942     3.8452    28.5012    1457.65  0.000e+00
      2.470   67.90552 -168.17942     3.8452    28.5014    1457.65  0.000e+00
      2.470   67.90552 -168.17942     3.8452    28.5013    1457.65  0.000e+00
      2.470   67.90552 -168.17942     3.8450    28.5016    1457.65  0.000e+00
      2.470   67.90552 -168.17942     3.8452    28.5013    1457.65  0.000e+00
      2.416   67.90552 -168.17942     3.8450    28.5016    1457.65  0.000e+00
      2.416   67.90552 -168.17942     3.8450    28.5012    1457.65  0.000e+00
      2.355   67.90552 -168.17942     3.8450    28.5009    1457.65  0.000e+00
      2.416   67.90552 -168.17942     3.8447    28.5016    1457.65  0.000e+00
      2.355   67.90552 -168.17942     3.8449    28.5010    1457.65  0.000e+00
      2.355   67.90552 -168.17942     3.8447    28.5009    1457.65  0.000e+00
      2.355   67.90552 -168.17942     3.8449    28.5008    1457.65  0.000e+00
      2.301   67.90552 -168.17942     3.8445    28.5007    1457.65  0.000e+00
      2.355   67.90552 -168.17942     3.8447    28.5007    1457.65  0.000e+00
      2.301   67.90552 -168.17942     3.8444    28.5010    1457.65  0.000e+00
      2.301   67.90552 -168.17942     3.8444    28.5006    1457.64  0.000e+00
      2.301   67.90550 -168.17942     3.8442    28.5012    1457.64  0.000e+00
      2.355   67.90550 -168.17942     3.8444    28.5008    1457.65  0.000e+00
      2.262   67.90550 -168.17942     3.8441    28.5009    1457.64  0.000e+00
      2.355   67.90550 -168.17942     3.8444    28.5007    1457.65  0.000e+00
      2.301   67.90550 -168.17942     3.8442    28.5009    1457.64  0.000e+00
      2.301   67.90550 -168.17942     3.8442    28.5009    1457.64  0.000e+00
      2.301   67.90550 -168.17942     3.8441    28.5008    1457.64  0.000e+00
      2.355   67.90550 -168.17942     3.8442    28.5003    1457.64  0.000e+00
      2.355   67.90550 -168.17942     3.8438    28.4996    1457.64  0.000e+00
      2.355   67.90550 -168.17942     3.8434    28.4995    1457.64  0.000e+00
      2.416   67.90550 -168.17942     3.8433    28.4992    1457.64  0.000e+00
      2.355   67.90550 -168.17942     3.8428    28.4999    1457.64  0.000e+00
      2.470   67.90550 -168.17942     3.8430    28.4999    1457.64  0.000e+00
      2.355   67.90550 -168.17942     3.8428    28.5000    1457.64  0.000e+00
      2.470   67.90550 -168.17942     3.8426    28.4999    1457.64  0.000e+00
      2.470   67.90550 -168.17942     3.8426    28.5003    1457.64  0.000e+00
      2.532   67.90550 -168.17942     3.8428    28.5002    1457.64  0.000e+00
      2.470   67.90550 -168.17942     3.8430    28.4944    1457.63  0.000e+00
      2.532   67.90550 -168.17942     3.8431    28.4883    1457.63  0.000e+00
      2.586   67.90550 -168.17942     3.8429    28.4880    1457.63  0.000e+00
      2.586   67.90550 -168.17942     3.8430    28.4866    1457.63  0.000e+00
      2.586   67.90550 -168.17942     3.8431    28.4831    1457.62  0.000e+00
      2.663   67.90550 -168.17942     3.8430    28.4871    1457.63  0.000e+00
      2.640   67.90550 -168.17942     3.8426    28.4906    1457.63  0.000e+00
      2.702   67.90550 -168.17942     3.8423    28.4915    1457.63  0.000e+00
      2.756   67.90550 -168.17942     3.8422    28.4914    1457.63  0.000e+00
      2.702   67.90550 -168.17942     3.8420    28.4916    1457.63  0.000e+00
      2.756   67.90550 -168.17942     3.8420    28.4915    1457.63  0.000e+00
      2.817   67.90550 -168.17942     3.8418    28.4918    1457.63  0.000e+00
      2.871   67.90550 -168.17942     3.8415    28.4919    1457.63  0.000e+00
      2.817   67.90550 -168.17942     3.8415    28.4914    1457.63  0.000e+00
      2.933   67.90550 -168.17942     3.8414    28.4916    1457.63  0.000e+00
      2.933   67.90550 -168.17942     3.8414    28.4918    1457.63  0.000e+00
      2.987   67.90550 -168.17942     3.8412    28.4916    1457.63  0.000e+00
      3.041   67.90550 -168.17942     3.8409    28.4916    1457.63  0.000e+00
      2.987   67.90550 -168.17942     3.8409    28.4914    1457.63  0.000e+00
      3.041   67.90550 -168.17942     3.8407    28.4916    1457.63  0.000e+00
      3.103   67.90550 -168.17942     3.8405    28.4916    1457.63  0.000e+00
      3.103   67.90550 -168.17942     3.8404    28.4917    1457.63  0.000e+00
      3.103   67.90550 -168.17942     3.8401    28.4917    1457.63  0.000e+00
      3.103   67.90550 -168.17942     3.8403    28.4917    1457.63  0.000e+00
      3.103   67.90550 -168.17942     3.8399    28.4923    1457.63  0.000e+00
      3.103   67.90550 -168.17942     3.8399    28.4915    1457.63  0.000e+00
      3.103   67.90550 -168.17942     3.8401    28.4917    1457.63  0.000e+00
      3.157   67.90550 -168.17942     3.8396    28.4924    1457.63  0.000e+00
      3.157   67.90550 -168.17942     3.8398    28.4922    1457.63  0.000e+00
      3.126   67.90550 -168.17942     3.8401    28.4921    1457.63  0.000e+00
      3.218   67.90550 -168.17942     3.8397    28.4924    1457.63  0.000e+00
      3.218   67.90550 -168.17942     3.8398    28.4924    1457.63  0.000e+00
      3.218   67.90550 -168.17942     3.8401    28.4918    1457.63  0.000e+00
      3.218   67.90550 -168.17942     3.8401    28.4918    1457.63  0.000e+00
      3.218   67.90550 -168.17942     3.8401    28.4917    1457.63  0.000e+00
      3.218   67.90550 -168.17942     3.8399    28.4902    1457.63  0.000e+00
      3.157   67.90550 -168.17942     3.8401    28.4892    1457.63  0.000e+00
      3.272   67.90550 -168.17942     3.8403    28.4876    1457.63  0.000e+00
      3.157   67.90550 -168.17942     3.8401    28.4872    1457.62  0.000e+00
      3.272   67.90550 -168.17942     3.8401    28.4860    1457.62  0.000e+00
      3.218   67.90550 -168.17942     3.8401    28.4858    1457.62  0.000e+00
      3.218   67.90550 -168.17942     3.8404    28.4852    1457.62  0.000e+00
      3.218   67.90550 -168.17942     3.8406    28.4857    1457.62  0.000e+00
      3.218   67.90550 -168.17942     3.8406    28.4863    1457.63  0.000e+00
      3.272   67.90550 -168.17942     3.8409    28.4863    1457.63  0.000e+00
      3.218   67.90550 -168.17942     3.8409    28.4869    1457.63  0.000e+00
      3.218   67.90550 -168.17942     3.8412    28.4870    1457.63  0.000e+00
      3.218   67.90550 -168.17942     3.8414    28.4868    1457.63  0.000e+00
      3.218   67.90550 -168.17942     3.8413    28.4856    1457.63  0.000e+00
      3.218   67.90550 -168.17942     3.8417    28.4836    1457.63  0.000e+00
      3.218   67.90550 -168.17942     3.8415    28.4816    1457.62  0.000e+00
      3.218   67.90550 -168.17942     3.8414    28.4806    1457.62  0.000e+00
      3.218   67.90550 -168.17942     3.8412    28.4800    1457.62  0.000e+00
      3.218   67.90550 -168.17942     3.8414    28.4802    1457.62  0.000e+00
      3.218   67.90550 -168.17942     3.8414    28.4858    1457.63  0.000e+00
      3.218   67.90550 -168.17942     3.8412    28.4926    1457.64  0.000e+00
      3.157   67.90550 -168.17942     3.8415    28.4978    1457.64  0.000e+00
      3.218   67.90550 -168.17942     3.8414    28.4991    1457.65  0.000e+00
      3.180   67.90550 -168.17942     3.8415    28.4983    1457.64  0.000e+00
      3.218   67.90550 -168.17942     3.8411    28.4986    1457.64  0.000e+00
      3.218   67.90550 -168.17942     3.8409    28.4989    1457.64  0.000e+00
      3.157   67.90550 -168.17942     3.8409    28.4992    1457.64  0.000e+00
      3.157   67.90550 -168.17942     3.8409    28.4991    1457.64  0.000e+00
      3.218   67.90550 -168.17942     3.8407    28.4986    1457.64  0.000e+00
      3.157   67.90550 -168.17942     3.8406    28.4980    1457.64  0.000e+00
      3.218   67.90550 -168.17942     3.8404    28.4976    1457.64  0.000e+00
      3.157   67.90550 -168.17942     3.8398    28.4984    1457.64  0.000e+00
      3.157   67.90550 -168.17942     3.8401    28.4991    1457.64  0.000e+00
      3.218   67.90550 -168.17942     3.8403    28.4993    1457.64  0.000e+00
      3.157   67.90550 -168.17942     3.8403    28.4995    1457.64  0.000e+00
      3.218   67.90550 -168.17942     3.8403    28.4992    1457.64  0.000e+00
      3.157   67.90550 -168.17942     3.8406    28.4991    1457.64  0.000e+00
      3.157   67.90550 -168.17942     3.8406    28.4989    1457.64  0.000e+00
      3.157   67.90550 -168.17942     3.8406    28.4986    1457.64  0.000e+00
      3.218   67.90550 -168.17942     3.8406    28.4989    1457.64  0.000e+00
      3.157   67.90550 -168.17942     3.8406    28.4993    1457.64  0.000e+00
      3.157   67.90550 -168.17942     3.8408    28.4989    1457.64  0.000e+00
      3.157   67.90550 -168.17942     3.8406    28.4992    1457.64  0.000e+00
      3.157   67.90550 -168.17942     3.8409    28.4992    1457.64  0.000e+00
      3.157   67.90550 -168.17940     3.8409    28.4989    1457.64  0.000e+00
      3.157   67.90550 -168.17940     3.8407    28.4993    1457.64  0.000e+00
      3.103   67.90550 -168.17940     3.8412    28.4988    1457.64  0.000e+00
      3.157   67.90550 -168.17940     3.8411    28.4994    1457.64  0.000e+00
      3.103   67.90550 -168.17940     3.8412    28.4997    1457.64  0.000e+00
      3.157   67.90550 -168.17940     3.8414    28.4995    1457.64  0.000e+00
      3.103   67.90550 -168.17940     3.8414    28.4996    1457.64  0.000e+00
      3.126   67.90550 -168.17940     3.8416    28.4995    1457.65  0.000e+00
      3.103   67.90550 -168.17940     3.8414    28.4999    1457.64  0.000e+00
      3.103   67.90550 -168.17940     3.8417    28.4994    1457.64  0.000e+00
      3.103   67.90550 -168.17940     3.8417    28.4992    1457.64  0.000e+00
      3.103   67.90550 -168.17940     3.8415    28.4999    1457.64  0.000e+00
      3.041   67.90550 -168.17940     3.8419    28.5000    1457.65  0.000e+00
      3.103   67.90550 -168.17940     3.8420    28.4993    1457.65  0.000e+00
      3.103   67.90550 -168.17940     3.8417    28.4993    1457.64  0.000e+00
      3.041   67.90550 -168.17940     3.8419    28.4995    1457.64  0.000e+00
      3.103   67.90550 -168.17940     3.8418    28.5001    1457.65  0.000e+00
      3.041   67.90550 -168.17940     3.8422    28.5004    1457.65  0.000e+00
      3.041   67.90550 -168.17940     3.8422    28.5001    1457.65  0.000e+00
      3.041   67.90550 -168.17940     3.8423    28.4997    1457.65  0.000e+00
      3.041   67.90550 -168.17940     3.8422    28.4995    1457.65  0.000e+00
      2.987   67.90550 -168.17940     3.8422    28.4995    1457.65  0.000e+00
      3.041   67.90550 -168.17940     3.8420    28.4991    1457.64  0.000e+00
      2.987   67.90550 -168.17940     3.8419    28.4995    1457.64  0.000e+00
      3.041   67.90550 -168.17940     3.8420    28.4994    1457.65  0.000e+00
      2.933   67.90550 -168.17940     3.8420    28.4994    1457.64  0.000e+00
      2.987   67.90550 -168.17940     3.8422    28.4993    1457.64  0.000e+00
      2.987   67.90550 -168.17940     3.8419    28.4994    1457.64  0.000e+00
      2.987   67.90550 -168.17940     3.8419    28.4999    1457.64  0.000e+00
      2.933   67.90550 -168.17940     3.8422    28.4996    1457.64  0.000e+00
      2.987   67.90550 -168.17940     3.8420    28.5001    1457.65  0.000e+00
      2.933   67.90550 -168.17940     3.8422    28.5002    1457.65  0.000e+00
      2.894   67.90550 -168.17940     3.8423    28.5004    1457.65  0.000e+00
      2.933   67.90550 -168.17940     3.8424    28.5006    1457.65  0.000e+00
      2.933   67.90550 -168.17940     3.8425    28.5006    1457.65  0.000e+00
      2.933   67.90550 -168.17940     3.8426    28.5002    1457.65  0.000e+00
      2.871   67.90550 -168.17940     3.8426    28.5001    1457.65  0.000e+00
      2.871   67.90550 -168.17940     3.8426    28.5000    1457.65  0.000e+00
      2.817   67.90550 -168.17940     3.8426    28.4998    1457.64  0.000e+00
      2.871   67.90550 -168.17940     3.8426    28.4995    1457.65  0.000e+00
      2.871   67.90550 -168.17940     3.8425    28.4998    1457.65  0.000e+00
      2.817   67.90550 -168.17940     3.8425    28.4994    1457.64  0.000e+00
      2.817   67.90550 -168.17940     3.8424    28.4994    1457.64  0.000e+00
      2.871   67.90550 -168.17940     3.8422    28.5000    1457.64  0.000e+00
      2.756   67.90550 -168.17940     3.8425    28.5006    1457.64  0.000e+00
      2.817   67.90550 -168.17940     3.8426    28.5005    1457.65  0.000e+00
      2.817   67.90550 -168.17940     3.8428    28.5005    1457.65  0.000e+00
      2.756   67.90550 -168.17940     3.8428    28.5007    1457.65  0.000e+00
      2.756   67.90550 -168.17942     3.8430    28.5003    1457.65  0.000e+00
      2.756   67.90550 -168.17942     3.8428    28.5010    1457.65  0.000e+00
      2.756   67.90550 -168.17942     3.8431    28.5006    1457.65  0.000e+00
      2.756   67.90550 -168.17942     3.8432    28.5006    1457.65  0.000e+00
      2.702   67.90550 -168.17942     3.8431    28.5007    1457.65  0.000e+00
      2.702   67.90550 -168.17942     3.8433    28.5007    1457.65  0.000e+00
      2.756   67.90550 -168.17942     3.8431    28.5009    1457.65  0.000e+00
