EcoFOCI/data/1_SampleCollection/2023_SikuliaqDBO_CruiseData/CTD_raw_BottleFile_SKQ23-12S/proc/skq202312s_074.cnv
* Sea-Bird SBE 9 Data File:
* FileName = D:\CTD\SKQ202312S\SKQ202312S_074.hex
* Software Version Seasave V 7.26.7.121
* Temperature SN = 6177
* Conductivity SN = 0369
* Number of Bytes Per Scan = 41
* Number of Voltage Words = 4
* Number of Scans Averaged by the Deck Unit = 1
* NMEA Latitude = 68 11.23 N
* NMEA Longitude = 167 17.73 W
* NMEA UTC (Time) = Oct 02 2023  03:41:14
* NMEA baud rate = 4800
** Ship: R/V Sikuliaq
** Station Number: 074
** Station Name: DBO3.3
** Bottom Depth: 47
** Operator: SD
# nquan = 24
# nvalues = 4146                                  
# units = specified
# name 0 = depSM: Depth [salt water, m]
# name 1 = latitude: Latitude [deg]
# name 2 = longitude: Longitude [deg]
# name 3 = prDM: Pressure, Digiquartz [db]
# name 4 = t090C: Temperature [ITS-90, deg C]
# name 5 = t190C: Temperature, 2 [ITS-90, deg C]
# name 6 = potemp090C: Potential Temperature [ITS-90, deg C]
# name 7 = sal00: Salinity, Practical [PSU]
# name 8 = sal11: Salinity, Practical, 2 [PSU]
# name 9 = density00: Density [density, kg/m^3]
# name 10 = sigma-é00: Density [sigma-theta, kg/m^3]
# name 11 = sbox0Mm/Kg: Oxygen, SBE 43 [umol/kg]
# name 12 = sbox1Mm/Kg: Oxygen, SBE 43, 2 [umol/kg]
# name 13 = oxsolMm/Kg: Oxygen Saturation, Garcia & Gordon [umol/kg]
# name 14 = sbeox0PS: Oxygen, SBE 43 [% saturation]
# name 15 = sbeox1PS: Oxygen, SBE 43, 2 [% saturation]
# name 16 = v0: Voltage 0
# name 17 = flECO-AFL: Fluorescence, WET Labs ECO-AFL/FL [mg/m^3]
# name 18 = v1: Voltage 1
# name 19 = CStarAt0: Beam Attenuation, WET Labs C-Star [1/m]
# name 20 = par: PAR/Irradiance, Biospherical/Licor
# name 21 = scan: Scan Count
# name 22 = timeM: Time, Elapsed [minutes]
# name 23 = flag:  0.000e+00
# span 0 =      2.364,     42.384                 
# span 1 =   68.18698,   68.18702                 
# span 2 = -167.29566, -167.29562                 
# span 3 =      2.388,     42.818                 
# span 4 =     3.3167,     6.4617                 
# span 5 =     3.3171,     6.4657                 
# span 6 =     3.3142,     6.4614                 
# span 7 =    25.7777,    32.2111                 
# span 8 =    25.7372,    32.1201                 
# span 9 =  1020.2402,  1025.7551                 
# span 10 =    20.2253,    25.5767                
# span 11 =    261.306,    294.063                
# span 12 =    246.444,    280.632                
# span 13 =  308.69516,  327.27067                
# span 14 =     81.523,     93.120                
# span 15 =     77.171,     88.559                
# span 16 =     0.0684,     0.3028                
# span 17 =     0.0623,     1.4688                
# span 18 =     3.3358,     4.0464                
# span 19 =     0.6095,     1.3823                
# span 20 = 1.0000e-12, 2.1108e+01                
# span 21 =          1,       4146                
# span 22 =     0.0000,     2.8785                
# span 23 = 0.0000e+00, 0.0000e+00                
# interval = seconds: 0.0416667
# start_time = Oct 02 2023 03:44:53 [NMEA time, first data scan]
# bad_flag = -9.990e-29
*END*
[from data line 3865]
     41.808   68.18698 -167.29564     42.236     3.3824     3.4381     3.3799    32.0506    32.0638  1025.6962    25.4983    267.049    253.935  326.76051     81.726     77.827     0.0757     0.1062     3.3651     1.3473 1.0000e-12       3866     2.6840  0.000e+00
     41.754   68.18698 -167.29564     42.181     3.3828     3.4347     3.3803    32.0516    32.0641  1025.6967    25.4990    267.046    253.758  326.75503     81.727     77.767     0.0757     0.1062     3.3651     1.3473 1.0000e-12       3867     2.6847  0.000e+00
     41.808   68.18698 -167.29564     42.236     3.3839     3.4344     3.3814    32.0515    32.0605  1025.6968    25.4988    267.009    253.746  326.74632     81.718     77.760     0.0757     0.1062     3.3639     1.3487 1.0000e-12       3868     2.6854  0.000e+00
     41.754   68.18698 -167.29564     42.181     3.3845     3.4350     3.3820    32.0507    32.0552  1025.6959    25.4982    266.796    253.731  326.74348     81.653     77.753     0.0757     0.1062     3.3639     1.3487 1.0000e-12       3869     2.6861  0.000e+00
     41.808   68.18698 -167.29564     42.236     3.3844     3.4304     3.3819    32.0505    32.0553  1025.6960    25.4980    266.776    253.726  326.74443     81.647     77.743     0.0745     0.0989     3.3639     1.3487 1.0000e-12       3870     2.6868  0.000e+00
     41.808   68.18698 -167.29564     42.236     3.3848     3.4287     3.3823    32.0504    32.0528  1025.6959    25.4979    266.755    253.707  326.74167     81.641     77.733     0.0757     0.1062     3.3651     1.3473 8.4714e-06       3871     2.6875  0.000e+00
     41.754   68.18698 -167.29564     42.181     3.3854     3.4266     3.3829    32.0503    32.0513  1025.6955    25.4977    266.950    253.689  326.73696     81.702     77.722     0.0745     0.0989     3.3651     1.3473 8.4714e-06       3872     2.6882  0.000e+00
     41.808   68.18698 -167.29564     42.236     3.3857     3.4251     3.3832    32.0506    32.0506  1025.6960    25.4980    266.756    253.672  326.73398     81.643     77.714     0.0757     0.1062     3.3651     1.3473 1.0000e-12       3873     2.6889  0.000e+00
     41.754   68.18698 -167.29564     42.181     3.3861     3.4236     3.3836    32.0510    32.0509  1025.6960    25.4982    266.744    253.653  326.73007     81.640     77.705     0.0757     0.1062     3.3651     1.3473 1.0000e-12       3874     2.6896  0.000e+00
     41.808   68.18698 -167.29564     42.236     3.3865     3.4206     3.3840    32.0516    32.0529  1025.6967    25.4987    266.738    253.453  326.72463     81.640     77.640     0.0757     0.1062     3.3651     1.3473 8.4714e-06       3875     2.6903  0.000e+00
     41.808   68.18698 -167.29564     42.236     3.3878     3.4217     3.3853    32.0509    32.0524  1025.6960    25.4980    266.948    253.596  326.71672     81.706     77.685     0.0757     0.1062     3.3651     1.3473 8.4714e-06       3876     2.6910  0.000e+00
     41.754   68.18698 -167.29564     42.181     3.3887     3.4215     3.3862    32.0503    32.0531  1025.6951    25.4974    266.763    253.383  326.71053     81.651     77.620     0.0757     0.1062     3.3651     1.3473 8.4714e-06       3877     2.6917  0.000e+00
     41.746   68.18698 -167.29564     42.173     3.3900     3.4161     3.3875    32.0493    32.0575  1025.6942    25.4966    266.763    253.375  326.70262     81.653     77.610     0.0757     0.1062     3.3639     1.3487 1.0000e-12       3878     2.6924  0.000e+00
     41.808   68.18698 -167.29564     42.235     3.3906     3.4118     3.3881    32.0482    32.0603  1025.6936    25.4956    266.992    253.562  326.70021     81.724     77.660     0.0757     0.1062     3.3639     1.3487 1.0000e-12       3879     2.6931  0.000e+00
     41.808   68.18698 -167.29564     42.235     3.3919     3.4144     3.3894    32.0471    32.0574  1025.6926    25.4947    266.819    253.348  326.69310     81.673     77.598     0.0757     0.1062     3.3639     1.3487 8.4714e-06       3880     2.6938  0.000e+00
     41.754   68.18698 -167.29564     42.181     3.3928     3.4197     3.3903    32.0462    32.0540  1025.6915    25.4938    266.832    253.289  326.68769     81.678     77.588     0.0745     0.0989     3.3553     1.3589 1.0000e-12       3881     2.6944  0.000e+00
     41.808   68.18698 -167.29564     42.235     3.3930     3.4258     3.3905    32.0459    32.0499  1025.6915    25.4936    266.822    253.233  326.68716     81.675     77.580     0.0757     0.1062     3.3492     1.3662 1.0000e-12       3882     2.6951  0.000e+00
     41.754   68.18698 -167.29564     42.181     3.3927     3.4329     3.3902    32.0476    32.0458  1025.6927    25.4950    266.810    253.170  326.68554     81.672     77.572     0.0745     0.0989     3.3480     1.3676 1.0000e-12       3883     2.6958  0.000e+00
     41.808   68.18698 -167.29564     42.235     3.3933     3.4353     3.3908    32.0483    32.0469  1025.6934    25.4955    267.016    253.115  326.67862     81.737     77.560     0.0757     0.1062     3.3480     1.3676 1.0000e-12       3884     2.6965  0.000e+00
     41.808   68.18698 -167.29564     42.235     3.3943     3.4331     3.3918    32.0492    32.0526  1025.6940    25.4961    266.821    253.083  326.66887     81.679     77.550     0.0745     0.0989     3.3492     1.3662 8.4714e-06       3885     2.6972  0.000e+00
     41.754   68.18698 -167.29564     42.181     3.3948     3.4318     3.3923    32.0490    32.0575  1025.6936    25.4959    266.814    253.047  326.66456     81.678     77.539     0.0757     0.1062     3.3492     1.3662 8.4714e-06       3886     2.6979  0.000e+00
     41.808   68.18698 -167.29564     42.235     3.3956     3.4378     3.3931    32.0485    32.0550  1025.6933    25.4954    266.812    253.006  326.65950     81.679     77.536     0.0757     0.1062     3.3492     1.3662 1.0000e-12       3887     2.6986  0.000e+00
     41.754   68.18698 -167.29564     42.181     3.3963     3.4472     3.3938    32.0485    32.0490  1025.6930    25.4953    266.810    253.140  326.65391     81.680     77.592     0.0745     0.0989     3.3492     1.3662 1.0000e-12       3888     2.6993  0.000e+00
     41.808   68.18698 -167.29564     42.235     3.3985     3.4525     3.3960    32.0455    32.0463  1025.6907    25.4928    266.809    252.915  326.64417     81.682     77.531     0.0745     0.0989     3.3492     1.3662 8.4714e-06       3889     2.7000  0.000e+00
     41.808   68.18698 -167.29564     42.235     3.3997     3.4554     3.3972    32.0435    32.0452  1025.6890    25.4910    266.849    252.899  326.63901     81.695     77.531     0.0745     0.0989     3.3492     1.3662 8.4714e-06       3890     2.7007  0.000e+00
     41.754   68.18698 -167.29564     42.181     3.3997     3.4570     3.3972    32.0427    32.0455  1025.6882    25.4905    266.863    252.868  326.64080     81.699     77.525     0.0745     0.0989     3.3492     1.3662 8.4714e-06       3891     2.7014  0.000e+00
     41.808   68.18698 -167.29564     42.235     3.3991     3.4586     3.3966    32.0423    32.0471  1025.6881    25.4901    266.887    253.057  326.64668     81.705     77.587     0.0745     0.0989     3.3492     1.3662 1.0000e-12       3892     2.7021  0.000e+00
     41.754   68.18698 -167.29564     42.181     3.3983     3.4617     3.3958    32.0419    32.0462  1025.6876    25.4899    266.912    253.068  326.65439     81.711     77.596     0.0745     0.0989     3.3492     1.3662 1.0000e-12       3893     2.7028  0.000e+00
     41.808   68.18698 -167.29564     42.235     3.3981     3.4637     3.3956    32.0435    32.0446  1025.6892    25.4912    266.935    253.095  326.65163     81.719     77.607     0.0745     0.0989     3.3492     1.3662 1.0000e-12       3894     2.7035  0.000e+00
     41.808   68.18698 -167.29564     42.235     3.3996     3.4623     3.3971    32.0454    32.0460  1025.6905    25.4926    266.911    253.141  326.63559     81.715     77.619     0.0745     0.0989     3.3492     1.3662 1.0000e-12       3895     2.7042  0.000e+00
     41.754   68.18698 -167.29564     42.181     3.4012     3.4611     3.3987    32.0460    32.0462  1025.6906    25.4929    266.922    253.189  326.62085     81.722     77.632     0.0733     0.0916     3.3492     1.3662 8.4714e-06       3896     2.7049  0.000e+00
     41.808   68.18698 -167.29564     42.235     3.4022     3.4605     3.3997    32.0436    32.0448  1025.6889    25.4910    266.951    253.242  326.61851     81.732     77.646     0.0745     0.0989     3.3492     1.3662 8.4714e-06       3897     2.7056  0.000e+00
     41.808   68.18698 -167.29564     42.235     3.4013     3.4584     3.3988    32.0438    32.0445  1025.6891    25.4912    266.990    253.303  326.62532     81.742     77.661     0.0733     0.0916     3.3492     1.3662 1.0000e-12       3898     2.7062  0.000e+00
     41.746   68.18698 -167.29564     42.173     3.4005     3.4545     3.3980    32.0440    32.0464  1025.6890    25.4914    267.030    253.159  326.63135     81.753     77.610     0.0745     0.0989     3.3492     1.3662 8.4714e-06       3899     2.7069  0.000e+00
     41.754   68.18698 -167.29564     42.181     3.3993     3.4515     3.3968    32.0457    32.0476  1025.6906    25.4929    267.038    253.401  326.63681     81.754     77.679     0.0745     0.0989     3.3492     1.3662 1.0000e-12       3900     2.7076  0.000e+00
     41.808   68.18698 -167.29564     42.235     3.3991     3.4512     3.3966    32.0490    32.0442  1025.6934    25.4955    267.075    253.466  326.63052     81.767     77.697     0.0745     0.0989     3.3565     1.3574 1.0000e-12       3901     2.7083  0.000e+00
     41.808   68.18698 -167.29564     42.235     3.4002     3.4473     3.3977    32.0494    32.0436  1025.6937    25.4957    267.073    253.552  326.62048     81.769     77.715     0.0745     0.0989     3.3663     1.3458 8.4714e-06       3902     2.7090  0.000e+00
     41.808   68.18698 -167.29564     42.235     3.4012     3.4370     3.3987    32.0470    32.0499  1025.6917    25.4937    267.079    253.650  326.61876     81.771     77.729     0.0745     0.0989     3.3687     1.3429 1.0000e-12       3903     2.7097  0.000e+00
     41.808   68.18698 -167.29564     42.235     3.4015     3.4334     3.3990    32.0427    32.0518  1025.6882    25.4903    267.095    253.927  326.62638     81.774     77.809     0.0745     0.0989     3.3687     1.3429 1.0000e-12       3904     2.7104  0.000e+00
     41.808   68.18698 -167.29564     42.235     3.3994     3.4189     3.3969    32.0387    32.0625  1025.6853    25.4873    267.130    254.071  326.65323     81.778     77.831     0.0745     0.0989     3.3675     1.3444 1.0000e-12       3905     2.7111  0.000e+00
     41.754   68.18698 -167.29564     42.181     3.3961     3.4069     3.3936    32.0367    32.0676  1025.6837    25.4860    267.170    254.015  326.68477     81.782     77.794     0.0745     0.0989     3.3675     1.3444 1.0000e-12       3906     2.7118  0.000e+00
     41.808   68.18698 -167.29564     42.235     3.3928     3.3977     3.3903    32.0381    32.0706  1025.6854    25.4874    267.208    254.119  326.70764     81.788     77.810     0.0745     0.0989     3.3675     1.3444 1.0000e-12       3907     2.7125  0.000e+00
     41.870   68.18698 -167.29564     42.298     3.3895     3.3922     3.3870    32.0415    32.0704  1025.6887    25.4904    267.243    254.206  326.72573     81.794     77.826     0.0745     0.0989     3.3675     1.3444 8.4714e-06       3908     2.7132  0.000e+00
     41.808   68.18698 -167.29564     42.235     3.3872     3.3902     3.3847    32.0443    32.0687  1025.6908    25.4928    267.270    254.463  326.73763     81.800     77.900     0.0733     0.0916     3.3675     1.3444 1.0000e-12       3909     2.7139  0.000e+00
     41.808   68.18698 -167.29564     42.235     3.3865     3.3859     3.3840    32.0460    32.0706  1025.6922    25.4942    267.290    254.367  326.73864     81.805     77.864     0.0745     0.0989     3.3675     1.3444 8.4714e-06       3910     2.7146  0.000e+00
     41.808   68.18698 -167.29564     42.235     3.3858     3.3845     3.3834    32.0454    32.0716  1025.6918    25.4938    267.316    254.426  326.74563     81.812     77.880     0.0733     0.0916     3.3675     1.3444 1.0000e-12       3911     2.7153  0.000e+00
     41.808   68.18698 -167.29564     42.235     3.3834     3.3828     3.3809    32.0446    32.0727  1025.6914    25.4934    267.358    254.488  326.76713     81.819     77.896     0.0745     0.0989     3.3675     1.3444 1.0000e-12       3912     2.7160  0.000e+00
     41.808   68.18698 -167.29564     42.235     3.3787     3.3783     3.3762    32.0451    32.0738  1025.6922    25.4943    267.415    254.549  326.80384     81.827     77.907     0.0757     0.1062     3.3675     1.3444 1.0000e-12       3913     2.7167  0.000e+00
     41.808   68.18698 -167.29564     42.235     3.3748     3.3738     3.3723    32.0453    32.0742  1025.6927    25.4947    267.468    254.806  326.83473     81.836     77.977     0.0757     0.1062     3.3675     1.3444 8.4714e-06       3914     2.7174  0.000e+00
     41.862   68.18698 -167.29564     42.290     3.3717     3.3733     3.3693    32.0464    32.0717  1025.6941    25.4958    267.516    254.871  326.85634     81.845     77.994     0.0757     0.1062     3.3675     1.3444 1.0000e-12       3915     2.7181  0.000e+00
     41.808   68.18698 -167.29564     42.235     3.3699     3.3753     3.3674    32.0461    32.0693  1025.6938    25.4958    267.555    254.697  326.87186     81.853     77.944     0.0757     0.1062     3.3675     1.3444 1.0000e-12       3916     2.7188  0.000e+00
     41.870   68.18698 -167.29564     42.297     3.3684     3.3864     3.3660    32.0417    32.0609  1025.6907    25.4924    267.822    254.840  326.89438     81.929     78.004     0.0757     0.1062     3.3675     1.3444 8.4714e-06       3917     2.7194  0.000e+00
     41.808   68.18698 -167.29564     42.235     3.3651     3.4017     3.3627    32.0392    32.0498  1025.6887    25.4907    267.660    254.783  326.92704     81.872     78.009     0.0745     0.0989     3.3675     1.3444 1.0000e-12       3918     2.7201  0.000e+00
     41.870   68.18698 -167.29564     42.297     3.3598     3.4044     3.3573    32.0402    32.0460  1025.6903    25.4920    267.909    254.803  326.96743     81.938     78.018     0.0757     0.1062     3.3675     1.3444 1.0000e-12       3919     2.7208  0.000e+00
     41.862   68.18698 -167.29564     42.290     3.3549     3.3983     3.3524    32.0424    32.0490  1025.6925    25.4942    267.751    254.868  327.00165     81.881     78.028     0.0757     0.1062     3.3675     1.3444 1.0000e-12       3920     2.7215  0.000e+00
     41.808   68.18698 -167.29564     42.235     3.3506     3.3922     3.3481    32.0450    32.0532  1025.6947    25.4967    268.020    254.929  327.02978     81.956     78.037     0.0757     0.1062     3.3687     1.3429 8.4714e-06       3921     2.7222  0.000e+00
     41.870   68.18698 -167.29564     42.297     3.3469     3.3883     3.3445    32.0474    32.0566  1025.6972    25.4989    268.070    254.979  327.05293     81.965     78.047     0.0757     0.1062     3.3724     1.3386 8.4714e-06       3922     2.7229  0.000e+00
     41.870   68.18698 -167.29564     42.297     3.3440     3.3852     3.3415    32.0499    32.0586  1025.6994    25.5011    268.112    255.023  327.07087     81.974     78.056     0.0757     0.1062     3.3736     1.3371 8.4714e-06       3923     2.7236  0.000e+00
     41.869   68.18698 -167.29564     42.297     3.3421     3.3811     3.3396    32.0508    32.0621  1025.7003    25.5020    268.147    255.047  327.08353     81.981     78.057     0.0745     0.0989     3.3736     1.3371 1.0000e-12       3924     2.7243  0.000e+00
