EcoFOCI/data/1_SampleCollection/2023_SikuliaqDBO_CruiseData/CTD_raw_BottleFile_SKQ23-12S/proc/skq202312s_013svpavg.cnv
* Sea-Bird SBE 9 Data File:
* FileName = D:\CTD\SKQ202312S\SKQ202312S_013.hex
* Software Version Seasave V 7.26.7.121
* Temperature SN = 6177
* Conductivity SN = 0369
* Number of Bytes Per Scan = 41
* Number of Voltage Words = 4
* Number of Scans Averaged by the Deck Unit = 1
* NMEA Latitude = 64 40.35 N
* NMEA Longitude = 170 15.80 W
* NMEA UTC (Time) = Sep 17 2023  06:56:27
* NMEA baud rate = 4800
** Ship: R/V Sikuliaq
** Station Number: 013
** Station Name: DBO2.0a
** Bottom Depth: 48
** Operator: SS
# nquan = 7
# nvalues = 42                          
# units = specified
# name 0 = depSM: Depth [salt water, m]
# name 1 = latitude: Latitude [deg]
# name 2 = longitude: Longitude [deg]
# name 3 = t090C: Temperature [ITS-90, deg C]
# name 4 = sal00: Salinity, Practical [PSU]
# name 5 = svCM: Sound Velocity [Chen-Millero, m/s]
# name 6 = flag: flag
# span 0 =      2.000,     43.000       
# span 1 =   64.67240,   64.67251       
# span 2 = -170.26266, -170.26227       
# span 3 =     2.5422,     3.0976       
# span 4 =    32.7080,    33.0532       
# span 5 =    1457.50,    1460.71       
# span 6 = 0.0000e+00, 0.0000e+00       
# interval = meters: 1                  
# start_time = Sep 17 2023 07:00:46 [NMEA time, first data scan]
# bad_flag = -9.990e-29
*END*
      2.000   64.67242 -170.26266     2.5429    32.7084    1457.50 0.0000e+00
      3.000   64.67242 -170.26266     2.5430    32.7084    1457.51 0.0000e+00
      4.000   64.67242 -170.26266     2.5422    32.7080    1457.52 0.0000e+00
      5.000   64.67242 -170.26265     2.5433    32.7083    1457.54 0.0000e+00
      6.000   64.67242 -170.26264     2.5638    32.7206    1457.66 0.0000e+00
      7.000   64.67242 -170.26264     2.6014    32.7384    1457.87 0.0000e+00
      8.000   64.67241 -170.26263     2.5962    32.7350    1457.86 0.0000e+00
      9.000   64.67240 -170.26262     2.6155    32.7470    1457.97 0.0000e+00
     10.000   64.67240 -170.26260     2.6583    32.7695    1458.20 0.0000e+00
     11.000   64.67240 -170.26258     2.6566    32.7674    1458.21 0.0000e+00
     12.000   64.67242 -170.26256     2.6912    32.7872    1458.40 0.0000e+00
     13.000   64.67242 -170.26253     2.7201    32.8014    1458.56 0.0000e+00
     14.000   64.67242 -170.26252     2.7390    32.8127    1458.67 0.0000e+00
     15.000   64.67242 -170.26251     2.7922    32.8407    1458.96 0.0000e+00
     16.000   64.67242 -170.26250     2.8243    32.8574    1459.13 0.0000e+00
     17.000   64.67242 -170.26248     2.9199    32.9111    1459.63 0.0000e+00
     18.000   64.67242 -170.26248     3.0587    32.9928    1460.35 0.0000e+00
     19.000   64.67242 -170.26246     3.0840    33.0144    1460.50 0.0000e+00
     20.000   64.67242 -170.26245     3.0858    33.0178    1460.53 0.0000e+00
     21.000   64.67242 -170.26244     3.0929    33.0258    1460.59 0.0000e+00
     22.000   64.67243 -170.26244     3.0968    33.0330    1460.63 0.0000e+00
     23.000   64.67244 -170.26242     3.0976    33.0370    1460.66 0.0000e+00
     24.000   64.67244 -170.26242     3.0947    33.0393    1460.66 0.0000e+00
     25.000   64.67244 -170.26240     3.0921    33.0408    1460.67 0.0000e+00
     26.000   64.67244 -170.26240     3.0795    33.0433    1460.64 0.0000e+00
     27.000   64.67244 -170.26240     3.0494    33.0480    1460.53 0.0000e+00
     28.000   64.67244 -170.26238     3.0339    33.0505    1460.48 0.0000e+00
     29.000   64.67244 -170.26238     3.0341    33.0503    1460.50 0.0000e+00
     30.000   64.67244 -170.26237     3.0335    33.0505    1460.51 0.0000e+00
     31.000   64.67244 -170.26236     3.0329    33.0507    1460.53 0.0000e+00
     32.000   64.67246 -170.26236     3.0303    33.0517    1460.53 0.0000e+00
     33.000   64.67246 -170.26235     3.0293    33.0527    1460.55 0.0000e+00
     34.000   64.67246 -170.26234     3.0292    33.0528    1460.56 0.0000e+00
     35.000   64.67248 -170.26229     3.0295    33.0528    1460.58 0.0000e+00
     36.000   64.67250 -170.26227     3.0288    33.0531    1460.60 0.0000e+00
     37.000   64.67250 -170.26227     3.0289    33.0531    1460.61 0.0000e+00
     38.000   64.67250 -170.26227     3.0291    33.0531    1460.63 0.0000e+00
     39.000   64.67250 -170.26228     3.0287    33.0531    1460.64 0.0000e+00
     40.000   64.67251 -170.26229     3.0278    33.0531    1460.66 0.0000e+00
     41.000   64.67250 -170.26232     3.0276    33.0531    1460.67 0.0000e+00
     42.000   64.67250 -170.26232     3.0273    33.0532    1460.69 0.0000e+00
     43.000   64.67250 -170.26231     3.0274    33.0531    1460.71 0.0000e+00
