EcoFOCI/data/1_SampleCollection/2023_SikuliaqDBO_CruiseData/CTD_raw_BottleFile_SKQ23-12S/proc/skq202312s_026.cnv
* Sea-Bird SBE 9 Data File:
* FileName = D:\CTD\SKQ202312S\SKQ202312S_026.hex
* Software Version Seasave V 7.26.7.121
* Temperature SN = 6177
* Conductivity SN = 0369
* Number of Bytes Per Scan = 41
* Number of Voltage Words = 4
* Number of Scans Averaged by the Deck Unit = 1
* NMEA Latitude = 71 17.26 N
* NMEA Longitude = 157 14.75 W
* NMEA UTC (Time) = Sep 20 2023  23:14:47
* NMEA baud rate = 4800
** Ship: R/V Sikuliaq
** Station Number: 026
** Station Name: DBO5.2
** Bottom Depth: 56
** Operator: SD
# nquan = 24
# nvalues = 5478                                  
# units = specified
# name 0 = depSM: Depth [salt water, m]
# name 1 = latitude: Latitude [deg]
# name 2 = longitude: Longitude [deg]
# name 3 = prDM: Pressure, Digiquartz [db]
# name 4 = t090C: Temperature [ITS-90, deg C]
# name 5 = t190C: Temperature, 2 [ITS-90, deg C]
# name 6 = potemp090C: Potential Temperature [ITS-90, deg C]
# name 7 = sal00: Salinity, Practical [PSU]
# name 8 = sal11: Salinity, Practical, 2 [PSU]
# name 9 = density00: Density [density, kg/m^3]
# name 10 = sigma-é00: Density [sigma-theta, kg/m^3]
# name 11 = sbox0Mm/Kg: Oxygen, SBE 43 [umol/kg]
# name 12 = sbox1Mm/Kg: Oxygen, SBE 43, 2 [umol/kg]
# name 13 = oxsolMm/Kg: Oxygen Saturation, Garcia & Gordon [umol/kg]
# name 14 = sbeox0PS: Oxygen, SBE 43 [% saturation]
# name 15 = sbeox1PS: Oxygen, SBE 43, 2 [% saturation]
# name 16 = v0: Voltage 0
# name 17 = flECO-AFL: Fluorescence, WET Labs ECO-AFL/FL [mg/m^3]
# name 18 = v1: Voltage 1
# name 19 = CStarAt0: Beam Attenuation, WET Labs C-Star [1/m]
# name 20 = par: PAR/Irradiance, Biospherical/Licor
# name 21 = scan: Scan Count
# name 22 = timeM: Time, Elapsed [minutes]
# name 23 = flag:  0.000e+00
# span 0 =      2.412,     51.387                 
# span 1 =   71.28776,   71.28778                 
# span 2 = -157.24544, -157.24540                 
# span 3 =      2.437,     51.923                 
# span 4 =     2.1595,     4.5957                 
# span 5 =     2.1601,     4.5974                 
# span 6 =     2.1570,     4.5946                 
# span 7 =    30.2644,    31.7894                 
# span 8 =    30.2852,    31.8021                 
# span 9 =  1023.9938,  1025.6305                 
# span 10 =    23.9794,    25.3877                
# span 11 =    298.380,    319.188                
# span 12 =    282.435,    303.335                
# span 13 =  320.74021,  337.52632                
# span 14 =     92.199,     95.928                
# span 15 =     87.243,     91.914                
# span 16 =     0.0855,     0.2210                
# span 17 =     0.1648,     0.9780                
# span 18 =     2.2137,     4.0708                
# span 19 =     0.5854,     3.0232                
# span 20 = 1.0000e-12, 1.7325e+02                
# span 21 =          1,       5478                
# span 22 =     0.0000,     3.8035                
# span 23 = 0.0000e+00, 0.0000e+00                
# interval = seconds: 0.0416667
# start_time = Sep 20 2023 23:18:27 [NMEA time, first data scan]
# bad_flag = -9.990e-29
*END*
[from data line 1450]
     13.228   71.28778 -157.24542     13.365     4.5356     4.5369     4.5347    30.4985    30.5088  1024.2183    24.1558    304.525    288.460  321.45382     94.734     89.746     0.1783     0.7216     3.9597     0.6962 1.7662e+01       1451     1.0069  0.000e+00
     13.290   71.28778 -157.24542     13.427     4.5359     4.5378     4.5350    30.4988    30.5090  1024.2187    24.1560    304.765    288.528  321.45032     94.810     89.769     0.1783     0.7216     3.9597     0.6962 1.7563e+01       1452     1.0076  0.000e+00
     13.344   71.28778 -157.24542     13.482     4.5363     4.5385     4.5355    30.4991    30.5092  1024.2192    24.1562    304.622    288.606  321.44642     94.766     89.795     0.1783     0.7216     3.9597     0.6962 1.7563e+01       1453     1.0083  0.000e+00
     13.290   71.28778 -157.24542     13.427     4.5370     4.5389     4.5361    30.4992    30.5093  1024.2189    24.1562    304.654    288.691  321.44134     94.777     89.823     0.1795     0.7289     3.9609     0.6949 1.7414e+01       1454     1.0090  0.000e+00
     13.406   71.28778 -157.24542     13.544     4.5371     4.5394     4.5362    30.4994    30.5095  1024.2197    24.1564    304.667    288.792  321.43942     94.782     89.855     0.1783     0.7216     3.9597     0.6962 1.7316e+01       1455     1.0097  0.000e+00
     13.375   71.28778 -157.24542     13.513     4.5375     4.5401     4.5367    30.4994    30.5106  1024.2194    24.1563    304.675    288.871  321.43634     94.786     89.882     0.1795     0.7289     3.9597     0.6962 1.7316e+01       1456     1.0104  0.000e+00
     13.460   71.28778 -157.24542     13.599     4.5378     4.5409     4.5369    30.5005    30.5114  1024.2207    24.1572    304.690    288.964  321.43199     94.791     89.913     0.1783     0.7216     3.9597     0.6962 1.7169e+01       1457     1.0111  0.000e+00
     13.460   71.28778 -157.24542     13.599     4.5387     4.5424     4.5379    30.5023    30.5118  1024.2221    24.1585    304.696    289.036  321.41992     94.797     89.939     0.1795     0.7289     3.9597     0.6962 1.7072e+01       1458     1.0118  0.000e+00
     13.460   71.28778 -157.24542     13.599     4.5405     4.5432     4.5396    30.5030    30.5128  1024.2224    24.1589    304.701    289.119  321.40461     94.803     89.967     0.1783     0.7216     3.9597     0.6962 1.7024e+01       1459     1.0125  0.000e+00
     13.575   71.28778 -157.24542     13.716     4.5416     4.5440     4.5407    30.5038    30.5134  1024.2235    24.1594    304.719    289.195  321.39459     94.811     89.993     0.1783     0.7216     3.9597     0.6962 1.6976e+01       1460     1.0132  0.000e+00
     13.544   71.28778 -157.24542     13.684     4.5422     4.5447     4.5414    30.5038    30.5139  1024.2233    24.1594    304.738    289.460  321.38924     94.819     90.077     0.1783     0.7216     3.9597     0.6962 1.6832e+01       1461     1.0139  0.000e+00
     13.575   71.28778 -157.24542     13.716     4.5427     4.5451     4.5418    30.5035    30.5143  1024.2232    24.1591    304.765    289.547  321.38622     94.828     90.106     0.1783     0.7216     3.9597     0.6962 1.6785e+01       1462     1.0146  0.000e+00
     13.575   71.28778 -157.24542     13.716     4.5430     4.5456     4.5421    30.5030    30.5143  1024.2227    24.1586    304.795    289.451  321.38522     94.838     90.077     0.1795     0.7289     3.9597     0.6962 1.6737e+01       1463     1.0153  0.000e+00
     13.691   71.28778 -157.24542     13.832     4.5430     4.5453     4.5421    30.5024    30.5141  1024.2228    24.1582    304.594    289.539  321.38654     94.775     90.103     0.1783     0.7216     3.9597     0.6962 1.6549e+01       1464     1.0160  0.000e+00
     13.691   71.28778 -157.24542     13.832     4.5432     4.5452     4.5423    30.5024    30.5136  1024.2228    24.1582    304.773    289.628  321.38522     94.831     90.130     0.1795     0.7289     3.9597     0.6962 1.6549e+01       1465     1.0167  0.000e+00
     13.660   71.28778 -157.24542     13.801     4.5430     4.5450     4.5421    30.5028    30.5137  1024.2229    24.1585    304.811    289.887  321.38559     94.843     90.211     0.1783     0.7216     3.9597     0.6962 1.6455e+01       1466     1.0174  0.000e+00
     13.745   71.28778 -157.24542     13.887     4.5432     4.5447     4.5423    30.5028    30.5138  1024.2233    24.1584    304.854    289.801  321.38446     94.856     90.183     0.1758     0.7069     3.9634     0.6925 1.6316e+01       1467     1.0181  0.000e+00
     13.806   71.28778 -157.24542     13.949     4.5435     4.5453     4.5426    30.5040    30.5138  1024.2245    24.1594    304.861    290.067  321.37914     94.860     90.268     0.1722     0.6850     3.9658     0.6900 1.6270e+01       1468     1.0188  0.000e+00
     13.806   71.28778 -157.24542     13.949     4.5441     4.5450     4.5432    30.5047    30.5144  1024.2250    24.1599    304.658    290.152  321.37257     94.799     90.294     0.1709     0.6776     3.9658     0.6900 1.6224e+01       1469     1.0194  0.000e+00
     13.806   71.28778 -157.24542     13.949     4.5448     4.5454     4.5438    30.5053    30.5143  1024.2255    24.1603    304.843    290.049  321.36618     94.858     90.263     0.1722     0.6850     3.9646     0.6912 1.6087e+01       1470     1.0201  0.000e+00
     13.830   71.28778 -157.24542     13.973     4.5456     4.5453     4.5447    30.5053    30.5150  1024.2255    24.1602    304.852    290.309  321.35967     94.863     90.344     0.1709     0.6776     3.9646     0.6912 1.5996e+01       1471     1.0208  0.000e+00
     13.914   71.28778 -157.24542     14.058     4.5459     4.5459     4.5450    30.5062    30.5148  1024.2265    24.1609    304.868    290.382  321.35520     94.870     90.367     0.1722     0.6850     3.9646     0.6912 1.5951e+01       1472     1.0215  0.000e+00
     13.914   71.28778 -157.24542     14.058     4.5467     4.5464     4.5458    30.5067    30.5156  1024.2269    24.1612    304.670    290.431  321.34786     94.810     90.385     0.1709     0.6776     3.9646     0.6912 1.5816e+01       1473     1.0222  0.000e+00
     13.976   71.28778 -157.24542     14.121     4.5470     4.5476     4.5461    30.5076    30.5162  1024.2278    24.1619    304.834    290.480  321.34336     94.862     90.403     0.1709     0.6776     3.9646     0.6912 1.5726e+01       1474     1.0229  0.000e+00
     13.976   71.28778 -157.24542     14.121     4.5479     4.5485     4.5470    30.5074    30.5169  1024.2276    24.1616    304.847    290.510  321.33652     94.869     90.414     0.1709     0.6776     3.9646     0.6912 1.5726e+01       1475     1.0236  0.000e+00
     13.999   71.28778 -157.24542     14.144     4.5481     4.5492     4.5472    30.5079    30.5176  1024.2281    24.1620    304.626    290.541  321.33404     94.801     90.426     0.1709     0.6776     3.9646     0.6912 1.5549e+01       1476     1.0243  0.000e+00
     14.030   71.28778 -157.24542     14.175     4.5487     4.5499     4.5478    30.5078    30.5184  1024.2281    24.1619    304.824    290.575  321.32951     94.863     90.439     0.1722     0.6850     3.9646     0.6912 1.5461e+01       1477     1.0250  0.000e+00
     14.030   71.28778 -157.24542     14.175     4.5490     4.5502     4.5481    30.5086    30.5188  1024.2287    24.1625    304.635    290.611  321.32513     94.806     90.451     0.1709     0.6776     3.9646     0.6912 1.5461e+01       1478     1.0257  0.000e+00
     14.092   71.28778 -157.24542     14.237     4.5494     4.5511     4.5485    30.5101    30.5192  1024.2302    24.1637    304.627    290.646  321.31852     94.805     90.464     0.1722     0.6850     3.9646     0.6912 1.5330e+01       1479     1.0264  0.000e+00
     14.146   71.28778 -157.24542     14.292     4.5505     4.5521     4.5495    30.5111    30.5200  1024.2310    24.1643    304.617    290.681  321.30824     94.805     90.478     0.1709     0.6776     3.9646     0.6912 1.5244e+01       1480     1.0271  0.000e+00
     14.115   71.28778 -157.24542     14.261     4.5516     4.5535     4.5507    30.5129    30.5214  1024.2323    24.1657    304.604    290.709  321.29482     94.805     90.490     0.1709     0.6776     3.9646     0.6912 1.5201e+01       1481     1.0278  0.000e+00
     14.207   71.28778 -157.24542     14.354     4.5530     4.5552     4.5521    30.5150    30.5233  1024.2342    24.1672    305.012    290.738  321.27882     94.937     90.504     0.1709     0.6776     3.9646     0.6912 1.5115e+01       1482     1.0285  0.000e+00
     14.146   71.28778 -157.24542     14.292     4.5549     4.5573     4.5540    30.5164    30.5250  1024.2348    24.1681    304.608    290.926  321.26106     94.816     90.569     0.1722     0.6850     3.9646     0.6912 1.4987e+01       1483     1.0292  0.000e+00
     14.261   71.28778 -157.24542     14.409     4.5562     4.5593     4.5552    30.5179    30.5265  1024.2364    24.1691    304.604    290.954  321.24731     94.819     90.583     0.1709     0.6776     3.9646     0.6912 1.4944e+01       1484     1.0299  0.000e+00
     14.230   71.28778 -157.24542     14.378     4.5581     4.5612     4.5572    30.5182    30.5280  1024.2363    24.1692    304.594    290.977  321.23158     94.821     90.595     0.1709     0.6776     3.9646     0.6912 1.4902e+01       1485     1.0306  0.000e+00
     14.261   71.28778 -157.24542     14.409     4.5593     4.5625     4.5583    30.5196    30.5292  1024.2375    24.1702    304.593    291.006  321.21924     94.824     90.608     0.1722     0.6850     3.9646     0.6912 1.4776e+01       1486     1.0313  0.000e+00
     14.315   71.28778 -157.24542     14.463     4.5608     4.5637     4.5599    30.5202    30.5300  1024.2381    24.1705    304.528    291.037  321.20572     94.808     90.620     0.1709     0.6776     3.9646     0.6912 1.4776e+01       1487     1.0319  0.000e+00
     14.315   71.28778 -157.24542     14.463     4.5619     4.5647     4.5610    30.5207    30.5309  1024.2383    24.1708    304.498    291.066  321.19610     94.801     90.632     0.1722     0.6850     3.9646     0.6912 1.4693e+01       1488     1.0326  0.000e+00
     14.377   71.28778 -157.24542     14.526     4.5629     4.5655     4.5620    30.5217    30.5318  1024.2393    24.1715    304.505    291.077  321.18603     94.806     90.638     0.1709     0.6776     3.9646     0.6912 1.4568e+01       1489     1.0333  0.000e+00
     14.346   71.28778 -157.24542     14.494     4.5638     4.5663     4.5629    30.5224    30.5325  1024.2397    24.1720    304.511    291.083  321.17735     94.811     90.642     0.1709     0.6776     3.9658     0.6900 1.4486e+01       1490     1.0340  0.000e+00
     14.377   71.28778 -157.24542     14.526     4.5647     4.5674     4.5637    30.5230    30.5336  1024.2402    24.1724    304.524    291.087  321.16949     94.817     90.647     0.1709     0.6776     3.9646     0.6912 1.4486e+01       1491     1.0347  0.000e+00
     14.431   71.28778 -157.24542     14.580     4.5651     4.5684     4.5642    30.5237    30.5347  1024.2409    24.1729    304.543    291.279  321.16422     94.825     90.709     0.1709     0.6776     3.9658     0.6900 1.4322e+01       1492     1.0354  0.000e+00
     14.431   71.28778 -157.24542     14.580     4.5662     4.5693     4.5653    30.5245    30.5355  1024.2415    24.1734    304.524    291.300  321.15369     94.822     90.718     0.1722     0.6850     3.9646     0.6912 1.4282e+01       1493     1.0361  0.000e+00
     14.493   71.28778 -157.24542     14.643     4.5668     4.5698     4.5659    30.5259    30.5364  1024.2428    24.1744    304.512    291.323  321.14564     94.821     90.727     0.1697     0.6703     3.9658     0.6900 1.4241e+01       1494     1.0368  0.000e+00
     14.462   71.28778 -157.24542     14.611     4.5678     4.5707     4.5669    30.5267    30.5369  1024.2432    24.1750    304.430    291.338  321.13602     94.798     90.734     0.1709     0.6776     3.9646     0.6912 1.4121e+01       1495     1.0375  0.000e+00
     14.493   71.28778 -157.24542     14.642     4.5685     4.5716     4.5675    30.5273    30.5381  1024.2438    24.1754    304.418    291.352  321.12968     94.796     90.741     0.1697     0.6703     3.9646     0.6912 1.4041e+01       1496     1.0382  0.000e+00
     14.493   71.28778 -157.24542     14.642     4.5693     4.5729     4.5683    30.5284    30.5391  1024.2446    24.1762    304.195    291.338  321.12088     94.729     90.741     0.1709     0.6776     3.9658     0.6900 1.4001e+01       1497     1.0389  0.000e+00
     14.547   71.28778 -157.24542     14.697     4.5702     4.5735     4.5692    30.5297    30.5403  1024.2457    24.1771    304.361    291.349  321.11055     94.784     90.746     0.1697     0.6703     3.9646     0.6912 1.3883e+01       1498     1.0396  0.000e+00
     14.570   71.28778 -157.24542     14.720     4.5712     4.5745     4.5702    30.5313    30.5412  1024.2470    24.1783    304.349    291.354  321.09898     94.784     90.750     0.1709     0.6776     3.9646     0.6912 1.3765e+01       1499     1.0403  0.000e+00
     14.608   71.28778 -157.24542     14.759     4.5722     4.5756     4.5713    30.5324    30.5420  1024.2480    24.1791    304.339    291.356  321.08815     94.784     90.754     0.1697     0.6703     3.9646     0.6912 1.3765e+01       1500     1.0410  0.000e+00
     14.547   71.28778 -157.24542     14.697     4.5732     4.5764     4.5722    30.5330    30.5436  1024.2481    24.1794    304.153    291.353  321.07914     94.728     90.756     0.1697     0.6703     3.9646     0.6912 1.3648e+01       1501     1.0417  0.000e+00
     14.608   71.28778 -157.24542     14.759     4.5742     4.5769     4.5732    30.5340    30.5447  1024.2491    24.1802    304.328    291.354  321.06937     94.786     90.758     0.1709     0.6776     3.9658     0.6900 1.3533e+01       1502     1.0424  0.000e+00
     14.662   71.28778 -157.24542     14.814     4.5748     4.5774     4.5738    30.5348    30.5453  1024.2499    24.1807    304.329    291.354  321.06278     94.788     90.760     0.1697     0.6703     3.9658     0.6900 1.3533e+01       1503     1.0431  0.000e+00
     14.631   71.28778 -157.24542     14.783     4.5755     4.5781     4.5745    30.5350    30.5456  1024.2499    24.1808    304.330    291.348  321.05690     94.790     90.760     0.1709     0.6776     3.9646     0.6912 1.3456e+01       1504     1.0438  0.000e+00
     14.662   71.28778 -157.24542     14.814     4.5760     4.5783     4.5751    30.5353    30.5460  1024.2501    24.1810    304.335    291.345  321.05185     94.793     90.759     0.1697     0.6703     3.9646     0.6912 1.3342e+01       1505     1.0444  0.000e+00
     14.662   71.28778 -157.24542     14.814     4.5766     4.5786     4.5756    30.5356    30.5469  1024.2504    24.1812    304.132    291.337  321.04696     94.731     90.758     0.1709     0.6776     3.9646     0.6912 1.3304e+01       1506     1.0451  0.000e+00
     14.716   71.28778 -157.24542     14.868     4.5769     4.5791     4.5759    30.5361    30.5472  1024.2510    24.1816    304.112    291.328  321.04338     94.726     90.756     0.1697     0.6703     3.9670     0.6888 1.3267e+01       1507     1.0458  0.000e+00
     14.662   71.28778 -157.24542     14.814     4.5773     4.5792     4.5763    30.5368    30.5477  1024.2512    24.1820    304.089    291.314  321.03855     94.720     90.753     0.1697     0.6703     3.9707     0.6851 1.3154e+01       1508     1.0465  0.000e+00
     14.747   71.28778 -157.24542     14.899     4.5775     4.5794     4.5765    30.5374    30.5481  1024.2521    24.1825    304.076    291.303  321.03549     94.717     90.750     0.1709     0.6776     3.9707     0.6851 1.3117e+01       1509     1.0472  0.000e+00
