EcoFOCI/data/1_SampleCollection/2023_SikuliaqDBO_CruiseData/CTD_raw_BottleFile_SKQ23-12S/proc/skq202312s_006.cnv
* Sea-Bird SBE 9 Data File:
* FileName = D:\CTD\SKQ202312S\SKQ202312S_006.hex
* Software Version Seasave V 7.26.7.121
* Temperature SN = 6177
* Conductivity SN = 0369
* Number of Bytes Per Scan = 41
* Number of Voltage Words = 4
* Number of Scans Averaged by the Deck Unit = 1
* NMEA Latitude = 62 28.06 N
* NMEA Longitude = 174 05.08 W
* NMEA UTC (Time) = Sep 16 2023  02:34:40
* NMEA baud rate = 4800
** Ship: R/V Sikuliaq
** Station Number: 006
** Station Name: DBO1.5
** Bottom Depth: 68
** Operator: SD
# nquan = 24
# nvalues = 5525                                  
# units = specified
# name 0 = depSM: Depth [salt water, m]
# name 1 = latitude: Latitude [deg]
# name 2 = longitude: Longitude [deg]
# name 3 = prDM: Pressure, Digiquartz [db]
# name 4 = t090C: Temperature [ITS-90, deg C]
# name 5 = t190C: Temperature, 2 [ITS-90, deg C]
# name 6 = potemp090C: Potential Temperature [ITS-90, deg C]
# name 7 = sal00: Salinity, Practical [PSU]
# name 8 = sal11: Salinity, Practical, 2 [PSU]
# name 9 = density00: Density [density, kg/m^3]
# name 10 = sigma-é00: Density [sigma-theta, kg/m^3]
# name 11 = sbox0Mm/Kg: Oxygen, SBE 43 [umol/kg]
# name 12 = sbox1Mm/Kg: Oxygen, SBE 43, 2 [umol/kg]
# name 13 = oxsolMm/Kg: Oxygen Saturation, Garcia & Gordon [umol/kg]
# name 14 = sbeox0PS: Oxygen, SBE 43 [% saturation]
# name 15 = sbeox1PS: Oxygen, SBE 43, 2 [% saturation]
# name 16 = v0: Voltage 0
# name 17 = flECO-AFL: Fluorescence, WET Labs ECO-AFL/FL [mg/m^3]
# name 18 = v1: Voltage 1
# name 19 = CStarAt0: Beam Attenuation, WET Labs C-Star [1/m]
# name 20 = par: PAR/Irradiance, Biospherical/Licor
# name 21 = scan: Scan Count
# name 22 = timeM: Time, Elapsed [minutes]
# name 23 = flag:  0.000e+00
# span 0 =      1.209,     62.412                 
# span 1 =   62.46776,   62.46776                 
# span 2 = -174.08478, -174.08474                 
# span 3 =      1.221,     63.028                 
# span 4 =    -1.5161,     7.8093                 
# span 5 =    -1.5148,     7.8159                 
# span 6 =    -1.5172,     7.8090                 
# span 7 =    30.8752,    31.9264                 
# span 8 =    30.9165,    31.9375                 
# span 9 =  1024.0764,  1025.9800                 
# span 10 =    24.0679,    25.6763                
# span 11 =    274.935,    437.727                
# span 12 =    262.284,    390.133                
# span 13 =  296.87291,  371.51009                
# span 14 =     74.085,    119.808                
# span 15 =     70.685,    106.408                
# span 16 =     0.0598,     0.4054                
# span 17 =     0.0110,     2.0842                
# span 18 =     3.4872,     4.1490                
# span 19 =     0.5094,     1.2046                
# span 20 = 1.0000e-12, 2.3409e+02                
# span 21 =          1,       5525                
# span 22 =     0.0000,     3.8361                
# span 23 = 0.0000e+00, 0.0000e+00                
# interval = seconds: 0.0416667
# start_time = Sep 16 2023 02:39:43 [NMEA time, first data scan]
# bad_flag = -9.990e-29
*END*
[from data line 2355]
     16.610   62.46776 -174.08476     16.772     7.5664     7.5682     7.5649    31.1295    31.1402  1024.3730    24.2960    290.601    276.911  298.03551     97.505     92.923     0.2882     1.3809     3.9377     0.7184 1.4860e+01       2356     1.6354  0.000e+00
     16.687   62.46776 -174.08476     16.850     7.5640     7.5658     7.5624    31.1293    31.1402  1024.3735    24.2962    290.449    276.973  298.05249     97.449     92.939     0.2882     1.3809     3.9365     0.7197 1.4860e+01       2357     1.6361  0.000e+00
     16.664   62.46776 -174.08476     16.826     7.5614     7.5630     7.5599    31.1298    31.1407  1024.3741    24.2969    290.647    277.034  298.06898     97.510     92.954     0.2869     1.3736     3.9377     0.7184 1.4818e+01       2358     1.6368  0.000e+00
     16.725   62.46776 -174.08476     16.889     7.5580     7.5603     7.5565    31.1289    31.1407  1024.3742    24.2967    290.507    277.101  298.09389     97.455     92.971     0.2882     1.3809     3.9365     0.7197 1.4776e+01       2359     1.6375  0.000e+00
     16.749   62.46776 -174.08476     16.912     7.5527     7.5568     7.5511    31.1298    31.1411  1024.3757    24.2981    290.540    277.172  298.12808     97.455     92.987     0.2784     1.3223     3.9365     0.7197 1.4734e+01       2360     1.6382  0.000e+00
     16.725   62.46776 -174.08476     16.889     7.5472     7.5517     7.5456    31.1302    31.1416  1024.3767    24.2992    290.712    277.237  298.16439     97.501     92.998     0.2698     1.2710     3.9389     0.7172 1.4693e+01       2361     1.6389  0.000e+00
     16.725   62.46776 -174.08476     16.889     7.5423     7.5460     7.5408    31.1296    31.1424  1024.3769    24.2994    290.556    277.305  298.19833     97.437     93.010     0.2674     1.2564     3.9402     0.7160 1.4609e+01       2362     1.6396  0.000e+00
     16.803   62.46776 -174.08476     16.966     7.5379     7.5406     7.5363    31.1301    31.1427  1024.3782    24.3004    290.777    277.360  298.22777     97.502     93.017     0.2686     1.2637     3.9414     0.7147 1.4568e+01       2363     1.6403  0.000e+00
     16.833   62.46776 -174.08476     16.998     7.5338     7.5355     7.5323    31.1297    31.1430  1024.3786    24.3006    290.670    277.411  298.25598     97.457     93.024     0.2686     1.2637     3.9414     0.7147 1.4527e+01       2364     1.6410  0.000e+00
     16.833   62.46776 -174.08476     16.998     7.5283     7.5299     7.5268    31.1305    31.1438  1024.3800    24.3020    290.711    277.464  298.29146     97.459     93.030     0.2698     1.2710     3.9414     0.7147 1.4486e+01       2365     1.6417  0.000e+00
     16.779   62.46776 -174.08476     16.943     7.5227     7.5236     7.5212    31.1311    31.1449  1024.3810    24.3032    290.941    277.518  298.32843     97.524     93.036     0.2686     1.2637     3.9402     0.7160 1.4445e+01       2366     1.6424  0.000e+00
     16.918   62.46776 -174.08476     17.083     7.5183     7.5185     7.5168    31.1320    31.1451  1024.3829    24.3045    290.766    277.574  298.35628     97.456     93.044     0.2698     1.2710     3.9402     0.7160 1.4404e+01       2367     1.6431  0.000e+00
     16.895   62.46776 -174.08476     17.060     7.5142     7.5145     7.5126    31.1328    31.1458  1024.3841    24.3057    290.799    277.615  298.38253     97.458     93.049     0.2686     1.2637     3.9414     0.7147 1.4363e+01       2368     1.6438  0.000e+00
     16.895   62.46776 -174.08476     17.060     7.5099     7.5111     7.5084    31.1336    31.1464  1024.3853    24.3070    290.835    277.652  298.40953     97.462     93.055     0.2686     1.2637     3.9402     0.7160 1.4282e+01       2369     1.6444  0.000e+00
     16.918   62.46776 -174.08476     17.083     7.5043     7.5074     7.5028    31.1347    31.1467  1024.3870    24.3085    290.858    277.693  298.44556     97.458     93.061     0.2698     1.2710     3.9402     0.7160 1.4282e+01       2370     1.6451  0.000e+00
     16.949   62.46776 -174.08476     17.114     7.4989     7.5024     7.4974    31.1349    31.1473  1024.3880    24.3095    290.909    277.743  298.48161     97.463     93.068     0.2698     1.2710     3.9414     0.7147 1.4201e+01       2371     1.6458  0.000e+00
     17.011   62.46776 -174.08476     17.177     7.4940     7.4973     7.4924    31.1351    31.1480  1024.3891    24.3103    290.986    277.795  298.51473     97.478     93.075     0.2698     1.2710     3.9414     0.7147 1.4121e+01       2372     1.6465  0.000e+00
     16.972   62.46776 -174.08476     17.138     7.4904     7.4925     7.4889    31.1353    31.1479  1024.3896    24.3109    290.999    277.842  298.53850     97.475     93.080     0.2698     1.2710     3.9402     0.7160 1.4121e+01       2373     1.6472  0.000e+00
     17.065   62.46776 -174.08476     17.231     7.4864     7.4884     7.4849    31.1363    31.1483  1024.3913    24.3122    291.020    277.872  298.56345     97.473     93.082     0.2698     1.2710     3.9414     0.7147 1.4041e+01       2374     1.6479  0.000e+00
     17.011   62.46776 -174.08476     17.177     7.4824     7.4846     7.4808    31.1377    31.1488  1024.3927    24.3138    291.063    277.892  298.58786     97.480     93.081     0.2686     1.2637     3.9402     0.7160 1.3962e+01       2375     1.6486  0.000e+00
     17.088   62.46776 -174.08476     17.255     7.4784     7.4807     7.4768    31.1383    31.1498  1024.3941    24.3149    291.114    277.917  298.61402     97.488     93.082     0.2698     1.2710     3.9402     0.7160 1.3962e+01       2376     1.6493  0.000e+00
     17.065   62.46776 -174.08476     17.231     7.4736     7.4755     7.4721    31.1397    31.1510  1024.3957    24.3166    291.167    278.117  298.64314     97.497     93.139     0.2686     1.2637     3.9402     0.7160 1.3883e+01       2377     1.6500  0.000e+00
     17.127   62.46776 -174.08476     17.294     7.4710     7.4709     7.4694    31.1395    31.1520  1024.3962    24.3168    291.160    278.160  298.66156     97.488     93.144     0.2698     1.2710     3.9414     0.7147 1.3804e+01       2378     1.6507  0.000e+00
     17.127   62.46776 -174.08476     17.294     7.4681     7.4675     7.4665    31.1398    31.1527  1024.3969    24.3175    291.179    278.193  298.68048     97.488     93.148     0.2686     1.2637     3.9402     0.7160 1.3804e+01       2379     1.6514  0.000e+00
     17.204   62.46776 -174.08476     17.372     7.4644     7.4645     7.4628    31.1404    31.1532  1024.3982    24.3184    291.233    278.224  298.70448     97.499     93.153     0.2698     1.2710     3.9402     0.7160 1.3726e+01       2380     1.6521  0.000e+00
     17.181   62.46776 -174.08476     17.348     7.4610     7.4614     7.4594    31.1410    31.1538  1024.3990    24.3194    291.283    278.080  298.72613     97.508     93.098     0.2698     1.2710     3.9487     0.7073 1.3610e+01       2381     1.6528  0.000e+00
     17.181   62.46776 -174.08476     17.348     7.4584     7.4587     7.4568    31.1416    31.1541  1024.3999    24.3202    291.277    278.259  298.74248     97.501     93.153     0.2698     1.2710     3.9597     0.6962 1.3571e+01       2382     1.6535  0.000e+00
     17.258   62.46776 -174.08476     17.426     7.4563     7.4563     7.4547    31.1418    31.1542  1024.4007    24.3206    291.298    278.112  298.75634     97.504     93.099     0.2686     1.2637     3.9621     0.6937 1.3533e+01       2383     1.6542  0.000e+00
     17.235   62.46776 -174.08476     17.403     7.4539     7.4544     7.4523    31.1417    31.1543  1024.4008    24.3209    291.157    278.284  298.77283     97.451     93.152     0.2698     1.2710     3.9621     0.6937 1.3418e+01       2384     1.6549  0.000e+00
     17.296   62.46776 -174.08476     17.465     7.4521     7.4522     7.4505    31.1419    31.1548  1024.4015    24.3213    291.154    278.304  298.78466     97.446     93.154     0.2747     1.3004     3.9609     0.6949 1.3342e+01       2385     1.6556  0.000e+00
     17.319   62.46776 -174.08476     17.488     7.4499     7.4502     7.4483    31.1420    31.1551  1024.4020    24.3217    291.344    278.319  298.79976     97.505     93.156     0.2930     1.4102     3.9621     0.6937 1.3342e+01       2386     1.6563  0.000e+00
     17.296   62.46776 -174.08476     17.465     7.4472     7.4480     7.4456    31.1430    31.1555  1024.4030    24.3228    291.398    278.163  298.81554     97.518     93.099     0.3028     1.4688     3.9609     0.6949 1.3267e+01       2387     1.6569  0.000e+00
     17.350   62.46776 -174.08476     17.520     7.4451     7.4459     7.4435    31.1436    31.1556  1024.4040    24.3236    291.427    278.333  298.82881     97.523     93.151     0.3016     1.4615     3.9609     0.6949 1.3267e+01       2388     1.6576  0.000e+00
     17.373   62.46776 -174.08476     17.543     7.4430     7.4440     7.4414    31.1437    31.1558  1024.4045    24.3239    291.430    278.346  298.84262     97.519     93.152     0.3028     1.4688     3.9621     0.6937 1.3229e+01       2389     1.6583  0.000e+00
     17.412   62.46776 -174.08476     17.582     7.4407     7.4424     7.4391    31.1445    31.1557  1024.4056    24.3249    291.297    278.356  298.85645     97.471     93.151     0.3004     1.4542     3.9609     0.6949 1.3154e+01       2390     1.6590  0.000e+00
     17.412   62.46776 -174.08476     17.582     7.4385     7.4408     7.4369    31.1452    31.1557  1024.4065    24.3257    291.277    278.362  298.87024     97.459     93.150     0.3016     1.4615     3.9609     0.6949 1.3154e+01       2391     1.6597  0.000e+00
     17.435   62.46776 -174.08476     17.605     7.4365     7.4387     7.4349    31.1454    31.1561  1024.4069    24.3261    291.285    278.371  298.88317     97.458     93.149     0.3016     1.4615     3.9621     0.6937 1.3117e+01       2392     1.6604  0.000e+00
     17.466   62.46776 -174.08476     17.636     7.4351     7.4366     7.4335    31.1452    31.1563  1024.4072    24.3262    291.318    278.379  298.89336     97.466     93.148     0.3016     1.4615     3.9609     0.6949 1.3043e+01       2393     1.6611  0.000e+00
     17.528   62.46776 -174.08476     17.699     7.4335     7.4347     7.4319    31.1452    31.1567  1024.4077    24.3264    291.303    278.386  298.90416     97.457     93.146     0.3016     1.4615     3.9621     0.6937 1.2969e+01       2394     1.6618  0.000e+00
     17.466   62.46776 -174.08476     17.636     7.4323     7.4333     7.4307    31.1452    31.1564  1024.4075    24.3265    291.309    278.384  298.91216     97.456     93.142     0.3016     1.4615     3.9621     0.6937 1.2969e+01       2395     1.6625  0.000e+00
     17.543   62.46776 -174.08476     17.714     7.4306     7.4316     7.4290    31.1448    31.1571  1024.4078    24.3265    291.300    278.386  298.92491     97.449     93.140     0.3004     1.4542     3.9609     0.6949 1.2896e+01       2396     1.6632  0.000e+00
     17.582   62.46776 -174.08476     17.753     7.4283     7.4296     7.4267    31.1448    31.1572  1024.4083    24.3268    291.320    278.406  298.94044     97.451     93.142     0.3016     1.4615     3.9621     0.6937 1.2823e+01       2397     1.6639  0.000e+00
     17.582   62.46776 -174.08476     17.753     7.4259     7.4272     7.4243    31.1453    31.1572  1024.4090    24.3275    291.125    278.426  298.95569     97.381     93.144     0.3004     1.4542     3.9621     0.6937 1.2823e+01       2398     1.6646  0.000e+00
     17.543   62.46776 -174.08476     17.714     7.4239     7.4251     7.4223    31.1453    31.1576  1024.4091    24.3278    291.308    278.442  298.96929     97.438     93.145     0.3016     1.4615     3.9609     0.6949 1.2786e+01       2399     1.6653  0.000e+00
     17.636   62.46776 -174.08476     17.808     7.4222     7.4234     7.4206    31.1455    31.1574  1024.4099    24.3281    291.143    278.461  298.98052     97.379     93.147     0.3004     1.4542     3.9621     0.6937 1.2714e+01       2400     1.6660  0.000e+00
     17.636   62.46776 -174.08476     17.808     7.4200     7.4213     7.4184    31.1457    31.1578  1024.4104    24.3286    291.118    278.476  298.99497     97.366     93.148     0.3016     1.4615     3.9621     0.6937 1.2678e+01       2401     1.6667  0.000e+00
     17.659   62.46776 -174.08476     17.831     7.4177     7.4196     7.4161    31.1461    31.1577  1024.4111    24.3292    291.097    278.491  299.00977     97.354     93.149     0.3028     1.4688     3.9658     0.6900 1.2642e+01       2402     1.6674  0.000e+00
     17.698   62.46776 -174.08476     17.870     7.4152     7.4176     7.4136    31.1461    31.1573  1024.4116    24.3296    291.081    278.335  299.02717     97.343     93.093     0.3016     1.4615     3.9670     0.6888 1.2606e+01       2403     1.6681  0.000e+00
     17.698   62.46776 -174.08476     17.870     7.4134     7.4157     7.4118    31.1456    31.1578  1024.4115    24.3295    291.061    278.503  299.04009     97.332     93.146     0.3028     1.4688     3.9670     0.6888 1.2571e+01       2404     1.6688  0.000e+00
     17.721   62.46776 -174.08476     17.894     7.4110     7.4135     7.4094    31.1462    31.1579  1024.4124    24.3302    291.073    278.348  299.05562     97.331     93.089     0.3004     1.4542     3.9658     0.6900 1.2571e+01       2405     1.6694  0.000e+00
     17.751   62.46776 -174.08476     17.925     7.4084     7.4109     7.4068    31.1468    31.1585  1024.4134    24.3311    291.063    278.349  299.07188     97.322     93.084     0.3028     1.4688     3.9658     0.6900 1.2499e+01       2406     1.6701  0.000e+00
     17.813   62.46776 -174.08476     17.987     7.4058     7.4085     7.4042    31.1470    31.1585  1024.4142    24.3316    291.084    278.351  299.08883     97.323     93.080     0.3004     1.4542     3.9658     0.6900 1.2499e+01       2407     1.6708  0.000e+00
     17.775   62.46776 -174.08476     17.948     7.4037     7.4066     7.4021    31.1470    31.1593  1024.4143    24.3318    290.885    278.516  299.10350     97.252     93.132     0.3016     1.4615     3.9670     0.6888 1.2464e+01       2408     1.6715  0.000e+00
     17.813   62.46776 -174.08476     17.987     7.4006     7.4048     7.3990    31.1479    31.1592  1024.4155    24.3329    290.861    278.358  299.12244     97.238     93.075     0.3016     1.4615     3.9658     0.6900 1.2393e+01       2409     1.6722  0.000e+00
     17.813   62.46776 -174.08476     17.987     7.3987     7.4028     7.3971    31.1477    31.1594  1024.4156    24.3330    290.860    278.354  299.13586     97.233     93.069     0.3016     1.4615     3.9670     0.6888 1.2358e+01       2410     1.6729  0.000e+00
     17.836   62.46776 -174.08476     18.010     7.3956     7.4001     7.3940    31.1481    31.1601  1024.4165    24.3338    290.844    278.355  299.15625     97.222     93.064     0.3016     1.4615     3.9658     0.6900 1.2393e+01       2411     1.6736  0.000e+00
     17.867   62.46776 -174.08476     18.042     7.3933     7.3981     7.3917    31.1486    31.1602  1024.4173    24.3345    290.853    278.352  299.17099     97.220     93.059     0.3040     1.4762     3.9658     0.6900 1.2288e+01       2412     1.6743  0.000e+00
     17.867   62.46776 -174.08476     18.042     7.3904     7.3957     7.3888    31.1494    31.1608  1024.4183    24.3355    290.841    278.350  299.18870     97.210     93.054     0.3040     1.4762     3.9658     0.6900 1.2254e+01       2413     1.6750  0.000e+00
     17.944   62.46776 -174.08476     18.119     7.3881     7.3933     7.3865    31.1503    31.1616  1024.4197    24.3365    290.831    278.350  299.20236     97.202     93.050     0.3040     1.4762     3.9658     0.6900 1.2254e+01       2414     1.6757  0.000e+00
     17.867   62.46776 -174.08476     18.042     7.3865     7.3917     7.3849    31.1508    31.1610  1024.4200    24.3371    290.841    278.342  299.21223     97.202     93.043     0.3028     1.4688     3.9658     0.6900 1.2219e+01       2415     1.6764  0.000e+00
