EcoFOCI/data/1_SampleCollection/2023_SikuliaqDBO_CruiseData/CTD_raw_BottleFile_SKQ23-12S/proc/skq202312s_037svp.cnv
* Sea-Bird SBE 9 Data File:
* FileName = D:\CTD\SKQ202312S\SKQ202312S_037.hex
* Software Version Seasave V 7.26.7.121
* Temperature SN = 6177
* Conductivity SN = 0369
* Number of Bytes Per Scan = 41
* Number of Voltage Words = 4
* Number of Scans Averaged by the Deck Unit = 1
* NMEA Latitude = 71 11.55 N
* NMEA Longitude = 160 15.97 W
* NMEA UTC (Time) = Sep 23 2023  07:57:53
* NMEA baud rate = 4800
** Ship: R/V Sikuliaq
** Station Number: 037
** Station Name: DBO4.1n
** Bottom Depth: 54
** Operator: SS
# nquan = 7
# nvalues = 6245                                  
# units = specified
# name 0 = depSM: Depth [salt water, m]
# name 1 = latitude: Latitude [deg]
# name 2 = longitude: Longitude [deg]
# name 3 = t090C: Temperature [ITS-90, deg C]
# name 4 = sal00: Salinity, Practical [PSU]
# name 5 = svCM: Sound Velocity [Chen-Millero, m/s]
# name 6 = flag:  0.000e+00
# span 0 =      1.857,     49.173                 
# span 1 =   71.19246,   71.19248                 
# span 2 = -160.26612, -160.26610                 
# span 3 =    -1.6781,     2.3758                 
# span 4 =    28.4791,    32.6600                 
# span 5 =    1438.51,    1452.45                 
# span 6 = 0.0000e+00, 0.0000e+00                 
# interval = seconds: 0.0416667
# start_time = Sep 23 2023 08:01:24 [NMEA time, first data scan]
# bad_flag = -9.990e-29
*END*
[from data line 5744]
     49.003   71.19248 -160.26612    -1.6762    32.6586    1438.91  0.000e+00
     48.949   71.19248 -160.26612    -1.6762    32.6583    1438.90  0.000e+00
     48.949   71.19248 -160.26612    -1.6762    32.6585    1438.91  0.000e+00
     48.949   71.19248 -160.26612    -1.6760    32.6584    1438.91  0.000e+00
     48.949   71.19248 -160.26612    -1.6762    32.6588    1438.91  0.000e+00
     48.949   71.19248 -160.26612    -1.6759    32.6583    1438.91  0.000e+00
     48.887   71.19248 -160.26612    -1.6759    32.6581    1438.90  0.000e+00
     48.887   71.19248 -160.26612    -1.6759    32.6582    1438.91  0.000e+00
     48.949   71.19248 -160.26612    -1.6760    32.6586    1438.91  0.000e+00
     48.887   71.19248 -160.26612    -1.6759    32.6581    1438.91  0.000e+00
     48.887   71.19248 -160.26612    -1.6759    32.6577    1438.90  0.000e+00
     48.833   71.19248 -160.26612    -1.6759    32.6582    1438.90  0.000e+00
     48.887   71.19248 -160.26612    -1.6761    32.6583    1438.90  0.000e+00
     48.833   71.19248 -160.26612    -1.6759    32.6580    1438.90  0.000e+00
     48.887   71.19248 -160.26612    -1.6760    32.6583    1438.90  0.000e+00
     48.833   71.19248 -160.26612    -1.6762    32.6579    1438.90  0.000e+00
     48.833   71.19248 -160.26612    -1.6764    32.6583    1438.90  0.000e+00
     48.833   71.19248 -160.26612    -1.6762    32.6578    1438.90  0.000e+00
     48.833   71.19248 -160.26612    -1.6764    32.6585    1438.90  0.000e+00
     48.771   71.19248 -160.26612    -1.6762    32.6584    1438.90  0.000e+00
     48.833   71.19248 -160.26612    -1.6764    32.6586    1438.90  0.000e+00
     48.771   71.19248 -160.26612    -1.6768    32.6590    1438.90  0.000e+00
     48.771   71.19248 -160.26612    -1.6766    32.6589    1438.90  0.000e+00
     48.833   71.19248 -160.26612    -1.6766    32.6586    1438.90  0.000e+00
     48.771   71.19248 -160.26612    -1.6766    32.6586    1438.90  0.000e+00
     48.771   71.19248 -160.26612    -1.6768    32.6588    1438.90  0.000e+00
     48.771   71.19248 -160.26612    -1.6769    32.6590    1438.90  0.000e+00
     48.717   71.19248 -160.26612    -1.6769    32.6590    1438.90  0.000e+00
     48.771   71.19248 -160.26612    -1.6771    32.6593    1438.90  0.000e+00
     48.771   71.19248 -160.26612    -1.6769    32.6590    1438.90  0.000e+00
     48.717   71.19248 -160.26612    -1.6766    32.6591    1438.90  0.000e+00
     48.717   71.19248 -160.26612    -1.6767    32.6586    1438.90  0.000e+00
     48.771   71.19248 -160.26612    -1.6766    32.6587    1438.90  0.000e+00
     48.717   71.19248 -160.26612    -1.6764    32.6585    1438.90  0.000e+00
     48.717   71.19248 -160.26612    -1.6764    32.6582    1438.90  0.000e+00
     48.717   71.19248 -160.26612    -1.6764    32.6586    1438.90  0.000e+00
     48.771   71.19248 -160.26612    -1.6768    32.6588    1438.90  0.000e+00
     48.717   71.19248 -160.26612    -1.6767    32.6584    1438.90  0.000e+00
     48.717   71.19248 -160.26612    -1.6766    32.6581    1438.90  0.000e+00
     48.717   71.19248 -160.26612    -1.6764    32.6583    1438.90  0.000e+00
     48.717   71.19248 -160.26612    -1.6763    32.6583    1438.90  0.000e+00
     48.717   71.19248 -160.26612    -1.6764    32.6582    1438.90  0.000e+00
     48.717   71.19248 -160.26612    -1.6764    32.6587    1438.90  0.000e+00
     48.717   71.19248 -160.26612    -1.6764    32.6583    1438.90  0.000e+00
     48.717   71.19248 -160.26612    -1.6766    32.6585    1438.90  0.000e+00
     48.717   71.19248 -160.26612    -1.6768    32.6586    1438.90  0.000e+00
     48.717   71.19248 -160.26612    -1.6766    32.6588    1438.90  0.000e+00
     48.717   71.19248 -160.26612    -1.6769    32.6585    1438.90  0.000e+00
     48.717   71.19248 -160.26612    -1.6768    32.6584    1438.90  0.000e+00
     48.771   71.19248 -160.26612    -1.6768    32.6585    1438.90  0.000e+00
     48.663   71.19248 -160.26612    -1.6768    32.6588    1438.90  0.000e+00
     48.771   71.19248 -160.26612    -1.6769    32.6589    1438.90  0.000e+00
     48.717   71.19248 -160.26612    -1.6768    32.6587    1438.90  0.000e+00
     48.717   71.19248 -160.26612    -1.6766    32.6586    1438.90  0.000e+00
     48.771   71.19248 -160.26612    -1.6768    32.6585    1438.90  0.000e+00
     48.717   71.19248 -160.26612    -1.6768    32.6583    1438.90  0.000e+00
     48.771   71.19248 -160.26612    -1.6767    32.6585    1438.90  0.000e+00
     48.717   71.19248 -160.26612    -1.6768    32.6586    1438.90  0.000e+00
     48.771   71.19248 -160.26612    -1.6766    32.6582    1438.90  0.000e+00
     48.771   71.19248 -160.26612    -1.6768    32.6584    1438.90  0.000e+00
     48.771   71.19248 -160.26612    -1.6766    32.6583    1438.90  0.000e+00
     48.771   71.19248 -160.26612    -1.6766    32.6585    1438.90  0.000e+00
     48.771   71.19248 -160.26612    -1.6767    32.6584    1438.90  0.000e+00
     48.771   71.19248 -160.26612    -1.6768    32.6586    1438.90  0.000e+00
     48.771   71.19248 -160.26612    -1.6766    32.6583    1438.90  0.000e+00
     48.833   71.19248 -160.26612    -1.6766    32.6583    1438.90  0.000e+00
     48.717   71.19248 -160.26612    -1.6766    32.6585    1438.90  0.000e+00
     48.887   71.19248 -160.26612    -1.6768    32.6587    1438.90  0.000e+00
     48.771   71.19248 -160.26612    -1.6767    32.6586    1438.90  0.000e+00
     48.833   71.19248 -160.26612    -1.6766    32.6585    1438.90  0.000e+00
     48.833   71.19248 -160.26612    -1.6766    32.6583    1438.90  0.000e+00
     48.833   71.19248 -160.26612    -1.6768    32.6587    1438.90  0.000e+00
     48.833   71.19248 -160.26612    -1.6768    32.6585    1438.90  0.000e+00
     48.833   71.19248 -160.26612    -1.6766    32.6587    1438.90  0.000e+00
     48.887   71.19248 -160.26612    -1.6764    32.6581    1438.90  0.000e+00
     48.833   71.19248 -160.26612    -1.6767    32.6585    1438.90  0.000e+00
     48.887   71.19248 -160.26612    -1.6764    32.6583    1438.90  0.000e+00
     48.833   71.19248 -160.26612    -1.6764    32.6579    1438.90  0.000e+00
     48.887   71.19248 -160.26612    -1.6763    32.6578    1438.90  0.000e+00
     48.887   71.19248 -160.26612    -1.6763    32.6580    1438.90  0.000e+00
     48.887   71.19248 -160.26612    -1.6764    32.6581    1438.90  0.000e+00
     48.887   71.19248 -160.26612    -1.6764    32.6584    1438.90  0.000e+00
     48.887   71.19248 -160.26612    -1.6762    32.6581    1438.90  0.000e+00
     48.949   71.19248 -160.26612    -1.6763    32.6579    1438.90  0.000e+00
     48.887   71.19248 -160.26612    -1.6762    32.6581    1438.90  0.000e+00
     48.949   71.19248 -160.26612    -1.6762    32.6584    1438.91  0.000e+00
     48.949   71.19248 -160.26612    -1.6763    32.6581    1438.90  0.000e+00
     48.887   71.19248 -160.26612    -1.6761    32.6579    1438.90  0.000e+00
     48.949   71.19248 -160.26612    -1.6760    32.6582    1438.91  0.000e+00
     48.949   71.19248 -160.26612    -1.6760    32.6579    1438.91  0.000e+00
     48.949   71.19248 -160.26612    -1.6762    32.6581    1438.90  0.000e+00
     48.949   71.19248 -160.26612    -1.6762    32.6578    1438.90  0.000e+00
     48.949   71.19248 -160.26612    -1.6762    32.6581    1438.90  0.000e+00
     49.003   71.19248 -160.26612    -1.6763    32.6582    1438.90  0.000e+00
     48.949   71.19248 -160.26612    -1.6762    32.6580    1438.90  0.000e+00
     49.003   71.19248 -160.26612    -1.6760    32.6575    1438.91  0.000e+00
     48.949   71.19248 -160.26612    -1.6763    32.6581    1438.90  0.000e+00
     48.949   71.19248 -160.26612    -1.6764    32.6585    1438.90  0.000e+00
     49.003   71.19248 -160.26612    -1.6764    32.6579    1438.90  0.000e+00
     49.003   71.19248 -160.26612    -1.6766    32.6583    1438.90  0.000e+00
     48.949   71.19248 -160.26612    -1.6766    32.6585    1438.90  0.000e+00
     49.003   71.19248 -160.26612    -1.6763    32.6582    1438.90  0.000e+00
     49.003   71.19248 -160.26612    -1.6764    32.6583    1438.90  0.000e+00
     49.003   71.19248 -160.26612    -1.6764    32.6583    1438.90  0.000e+00
     49.003   71.19248 -160.26612    -1.6764    32.6583    1438.90  0.000e+00
     48.949   71.19248 -160.26612    -1.6766    32.6582    1438.90  0.000e+00
     49.003   71.19248 -160.26612    -1.6766    32.6578    1438.90  0.000e+00
     49.003   71.19248 -160.26612    -1.6764    32.6579    1438.90  0.000e+00
     48.949   71.19248 -160.26612    -1.6764    32.6582    1438.90  0.000e+00
     49.065   71.19248 -160.26612    -1.6764    32.6582    1438.91  0.000e+00
     48.949   71.19248 -160.26612    -1.6766    32.6582    1438.90  0.000e+00
     49.003   71.19248 -160.26612    -1.6764    32.6581    1438.90  0.000e+00
     49.003   71.19248 -160.26612    -1.6767    32.6585    1438.90  0.000e+00
     49.003   71.19248 -160.26612    -1.6764    32.6580    1438.90  0.000e+00
     49.003   71.19248 -160.26612    -1.6764    32.6580    1438.90  0.000e+00
     49.003   71.19248 -160.26612    -1.6764    32.6580    1438.90  0.000e+00
     48.949   71.19248 -160.26612    -1.6766    32.6583    1438.90  0.000e+00
     49.003   71.19248 -160.26612    -1.6763    32.6577    1438.90  0.000e+00
     49.003   71.19248 -160.26612    -1.6764    32.6581    1438.90  0.000e+00
     49.003   71.19248 -160.26612    -1.6766    32.6581    1438.90  0.000e+00
     49.003   71.19248 -160.26612    -1.6764    32.6584    1438.90  0.000e+00
     48.949   71.19248 -160.26612    -1.6766    32.6585    1438.90  0.000e+00
     49.003   71.19248 -160.26612    -1.6764    32.6582    1438.90  0.000e+00
     48.949   71.19248 -160.26612    -1.6766    32.6580    1438.90  0.000e+00
     49.003   71.19248 -160.26612    -1.6768    32.6585    1438.90  0.000e+00
     49.003   71.19248 -160.26612    -1.6762    32.6582    1438.91  0.000e+00
     48.949   71.19248 -160.26612    -1.6764    32.6581    1438.90  0.000e+00
     48.949   71.19248 -160.26612    -1.6764    32.6579    1438.90  0.000e+00
     49.003   71.19248 -160.26612    -1.6764    32.6582    1438.90  0.000e+00
     48.949   71.19248 -160.26612    -1.6764    32.6583    1438.90  0.000e+00
     48.949   71.19248 -160.26612    -1.6760    32.6578    1438.91  0.000e+00
     49.003   71.19248 -160.26612    -1.6766    32.6581    1438.90  0.000e+00
     48.949   71.19248 -160.26612    -1.6763    32.6580    1438.90  0.000e+00
     48.949   71.19248 -160.26612    -1.6763    32.6581    1438.90  0.000e+00
     48.949   71.19248 -160.26612    -1.6763    32.6579    1438.90  0.000e+00
     48.949   71.19248 -160.26612    -1.6763    32.6583    1438.90  0.000e+00
     49.003   71.19248 -160.26612    -1.6763    32.6582    1438.90  0.000e+00
     48.949   71.19248 -160.26612    -1.6759    32.6581    1438.91  0.000e+00
     48.949   71.19248 -160.26612    -1.6762    32.6585    1438.91  0.000e+00
     48.949   71.19248 -160.26612    -1.6759    32.6580    1438.91  0.000e+00
     48.887   71.19248 -160.26612    -1.6760    32.6581    1438.90  0.000e+00
     48.949   71.19248 -160.26612    -1.6762    32.6585    1438.91  0.000e+00
     48.949   71.19248 -160.26612    -1.6762    32.6583    1438.90  0.000e+00
     48.887   71.19248 -160.26612    -1.6760    32.6585    1438.90  0.000e+00
     48.949   71.19248 -160.26612    -1.6761    32.6583    1438.91  0.000e+00
     48.949   71.19248 -160.26612    -1.6759    32.6580    1438.91  0.000e+00
     48.887   71.19248 -160.26612    -1.6760    32.6579    1438.90  0.000e+00
     48.887   71.19248 -160.26612    -1.6760    32.6578    1438.90  0.000e+00
     48.949   71.19248 -160.26612    -1.6762    32.6579    1438.90  0.000e+00
     48.887   71.19248 -160.26612    -1.6762    32.6580    1438.90  0.000e+00
     48.887   71.19248 -160.26612    -1.6762    32.6581    1438.90  0.000e+00
     48.887   71.19248 -160.26612    -1.6762    32.6580    1438.90  0.000e+00
     48.949   71.19248 -160.26612    -1.6763    32.6579    1438.90  0.000e+00
     48.887   71.19248 -160.26612    -1.6763    32.6579    1438.90  0.000e+00
     48.887   71.19248 -160.26612    -1.6764    32.6578    1438.90  0.000e+00
     48.887   71.19248 -160.26612    -1.6766    32.6583    1438.90  0.000e+00
     48.887   71.19248 -160.26612    -1.6764    32.6583    1438.90  0.000e+00
     48.887   71.19248 -160.26612    -1.6764    32.6583    1438.90  0.000e+00
     48.833   71.19248 -160.26612    -1.6762    32.6580    1438.90  0.000e+00
     48.887   71.19248 -160.26612    -1.6764    32.6587    1438.90  0.000e+00
     48.887   71.19248 -160.26612    -1.6762    32.6584    1438.90  0.000e+00
     48.833   71.19248 -160.26612    -1.6763    32.6581    1438.90  0.000e+00
     48.887   71.19248 -160.26612    -1.6761    32.6579    1438.90  0.000e+00
     48.833   71.19248 -160.26612    -1.6764    32.6581    1438.90  0.000e+00
     48.887   71.19248 -160.26612    -1.6762    32.6578    1438.90  0.000e+00
     48.833   71.19248 -160.26612    -1.6763    32.6580    1438.90  0.000e+00
     48.887   71.19248 -160.26612    -1.6766    32.6582    1438.90  0.000e+00
     48.833   71.19248 -160.26612    -1.6764    32.6581    1438.90  0.000e+00
     48.887   71.19248 -160.26612    -1.6764    32.6582    1438.90  0.000e+00
     48.833   71.19248 -160.26612    -1.6766    32.6586    1438.90  0.000e+00
     48.833   71.19248 -160.26612    -1.6763    32.6583    1438.90  0.000e+00
     48.833   71.19248 -160.26612    -1.6764    32.6581    1438.90  0.000e+00
     48.833   71.19248 -160.26612    -1.6764    32.6581    1438.90  0.000e+00
     48.833   71.19248 -160.26612    -1.6766    32.6585    1438.90  0.000e+00
     48.887   71.19248 -160.26612    -1.6768    32.6587    1438.90  0.000e+00
     48.833   71.19248 -160.26612    -1.6764    32.6582    1438.90  0.000e+00
     48.833   71.19248 -160.26612    -1.6764    32.6583    1438.90  0.000e+00
     48.833   71.19248 -160.26612    -1.6766    32.6586    1438.90  0.000e+00
     48.833   71.19248 -160.26612    -1.6766    32.6586    1438.90  0.000e+00
     48.771   71.19248 -160.26612    -1.6769    32.6589    1438.90  0.000e+00
     48.833   71.19248 -160.26612    -1.6768    32.6587    1438.90  0.000e+00
     48.833   71.19248 -160.26612    -1.6766    32.6580    1438.90  0.000e+00
     48.833   71.19248 -160.26612    -1.6768    32.6584    1438.90  0.000e+00
     48.833   71.19248 -160.26612    -1.6766    32.6585    1438.90  0.000e+00
     48.833   71.19248 -160.26612    -1.6766    32.6581    1438.90  0.000e+00
     48.771   71.19248 -160.26612    -1.6764    32.6582    1438.90  0.000e+00
     48.833   71.19248 -160.26612    -1.6763    32.6580    1438.90  0.000e+00
     48.771   71.19248 -160.26612    -1.6762    32.6581    1438.90  0.000e+00
     48.833   71.19248 -160.26612    -1.6762    32.6585    1438.90  0.000e+00
     48.833   71.19248 -160.26612    -1.6760    32.6580    1438.90  0.000e+00
     48.771   71.19248 -160.26612    -1.6759    32.6578    1438.90  0.000e+00
     48.833   71.19248 -160.26612    -1.6760    32.6582    1438.90  0.000e+00
     48.771   71.19248 -160.26612    -1.6759    32.6581    1438.90  0.000e+00
     48.833   71.19248 -160.26612    -1.6759    32.6574    1438.90  0.000e+00
     48.833   71.19248 -160.26612    -1.6759    32.6574    1438.90  0.000e+00
     48.771   71.19248 -160.26612    -1.6760    32.6578    1438.90  0.000e+00
     48.833   71.19248 -160.26612    -1.6762    32.6580    1438.90  0.000e+00
     48.771   71.19248 -160.26612    -1.6763    32.6582    1438.90  0.000e+00
     48.833   71.19248 -160.26612    -1.6764    32.6579    1438.90  0.000e+00
     48.771   71.19248 -160.26612    -1.6763    32.6579    1438.90  0.000e+00
     48.833   71.19248 -160.26612    -1.6766    32.6582    1438.90  0.000e+00
     48.833   71.19248 -160.26612    -1.6766    32.6584    1438.90  0.000e+00
     48.771   71.19248 -160.26612    -1.6768    32.6590    1438.90  0.000e+00
     48.833   71.19248 -160.26612    -1.6768    32.6590    1438.90  0.000e+00
