EcoFOCI/data/1_SampleCollection/2023_SikuliaqDBO_CruiseData/CTD_raw_BottleFile_SKQ23-12S/proc/skq202312s_003.cnv
* Sea-Bird SBE 9 Data File:
* FileName = D:\CTD\SKQ202312S\SKQ202312S_003.hex
* Software Version Seasave V 7.26.7.121
* Temperature SN = 6177
* Conductivity SN = 0369
* Number of Bytes Per Scan = 41
* Number of Voltage Words = 4
* Number of Scans Averaged by the Deck Unit = 1
* NMEA Latitude = 62 03.01 N
* NMEA Longitude = 175 12.54 W
* NMEA UTC (Time) = Sep 15 2023  07:57:54
* NMEA baud rate = 4800
** Ship: R/V Sikuliaq
** Station Number: 003
** Station Name: DBO1.2
** Bottom Depth: 78
** Operator: SD
# nquan = 24
# nvalues = 8410                                  
# units = specified
# name 0 = depSM: Depth [salt water, m]
# name 1 = latitude: Latitude [deg]
# name 2 = longitude: Longitude [deg]
# name 3 = prDM: Pressure, Digiquartz [db]
# name 4 = t090C: Temperature [ITS-90, deg C]
# name 5 = t190C: Temperature, 2 [ITS-90, deg C]
# name 6 = potemp090C: Potential Temperature [ITS-90, deg C]
# name 7 = sal00: Salinity, Practical [PSU]
# name 8 = sal11: Salinity, Practical, 2 [PSU]
# name 9 = density00: Density [density, kg/m^3]
# name 10 = sigma-é00: Density [sigma-theta, kg/m^3]
# name 11 = sbox0Mm/Kg: Oxygen, SBE 43 [umol/kg]
# name 12 = sbox1Mm/Kg: Oxygen, SBE 43, 2 [umol/kg]
# name 13 = oxsolMm/Kg: Oxygen Saturation, Garcia & Gordon [umol/kg]
# name 14 = sbeox0PS: Oxygen, SBE 43 [% saturation]
# name 15 = sbeox1PS: Oxygen, SBE 43, 2 [% saturation]
# name 16 = v0: Voltage 0
# name 17 = flECO-AFL: Fluorescence, WET Labs ECO-AFL/FL [mg/m^3]
# name 18 = v1: Voltage 1
# name 19 = CStarAt0: Beam Attenuation, WET Labs C-Star [1/m]
# name 20 = par: PAR/Irradiance, Biospherical/Licor
# name 21 = scan: Scan Count
# name 22 = timeM: Time, Elapsed [minutes]
# name 23 = flag:  0.000e+00
# span 0 =      0.962,     75.423                 
# span 1 =   62.05010,   62.05014                 
# span 2 = -175.20902, -175.20876                 
# span 3 =      0.971,     76.167                 
# span 4 =    -1.3780,     7.3462                 
# span 5 =    -1.3767,     7.3474                 
# span 6 =    -1.3788,     7.3459                 
# span 7 =    30.5121,    31.9177                 
# span 8 =    30.4577,    31.9446                 
# span 9 =  1023.8476,  1026.0186                 
# span 10 =    23.8413,    25.6585                
# span 11 =    252.970,    414.631                
# span 12 =    236.072,    363.539                
# span 13 =  300.56884,  370.97041                
# span 14 =     69.150,    113.076                
# span 15 =     64.548,     98.623                
# span 16 =     0.0440,     0.5140                
# span 17 =    -0.0843,     2.7362                
# span 18 =     3.2576,     4.2418                
# span 19 =     0.4209,     1.4771                
# span 20 = 1.0000e-12, 1.5909e+00                
# span 21 =          1,       8410                
# span 22 =     0.0000,     5.8396                
# span 23 = 0.0000e+00, 0.0000e+00                
# interval = seconds: 0.0416667
# start_time = Sep 15 2023 08:02:23 [NMEA time, first data scan]
# bad_flag = -9.990e-29
*END*
[from data line 2778]
     31.583   62.05010 -175.20898     31.891    -1.2311    -1.2243    -1.2317    31.4825    31.5074  1025.4632    25.3092    359.389    341.494  369.51670     97.259     92.452     0.1856     0.7656     4.2308     0.4312 1.0000e-12       2779     1.9292  0.000e+00
     31.483   62.05010 -175.20898     31.790    -1.2267    -1.2208    -1.2273    31.4827    31.5083  1025.4628    25.3093    358.945    341.116  369.47221     97.151     92.359     0.1856     0.7656     4.2308     0.4312 1.0000e-12       2780     1.9299  0.000e+00
     31.637   62.05010 -175.20898     31.946    -1.2213    -1.2179    -1.2219    31.4817    31.5090  1025.4626    25.3083    358.773    340.760  369.42160     97.117     92.270     0.1844     0.7582     4.2332     0.4289 1.0000e-12       2781     1.9306  0.000e+00
     31.537   62.05010 -175.20898     31.844    -1.2180    -1.2145    -1.2186    31.4833    31.5102  1025.4633    25.3096    358.405    340.355  369.38388     97.028     92.170     0.1856     0.7656     4.2344     0.4278 1.0000e-12       2782     1.9312  0.000e+00
     31.598   62.05010 -175.20898     31.907    -1.2127    -1.2110    -1.2133    31.4835    31.5122  1025.4637    25.3096    358.247    340.189  369.33074     96.999     92.134     0.1868     0.7729     4.2344     0.4278 1.0000e-12       2783     1.9319  0.000e+00
     31.637   62.05010 -175.20898     31.946    -1.2067    -1.2066    -1.2073    31.4841    31.5132  1025.4642    25.3099    357.882    339.821  369.26991     96.916     92.046     0.1856     0.7656     4.2332     0.4289 1.0000e-12       2784     1.9326  0.000e+00
     31.598   62.05010 -175.20898     31.907    -1.2037    -1.2016    -1.2043    31.4865    31.5136  1025.4659    25.3118    357.758    339.451  369.23283     96.892     91.959     0.1856     0.7656     4.2332     0.4289 1.0000e-12       2785     1.9333  0.000e+00
     31.637   62.05010 -175.20898     31.946    -1.2030    -1.1977    -1.2036    31.4917    31.5146  1025.4703    25.3160    357.198    339.100  369.21014     96.746     91.874     0.1844     0.7582     4.2332     0.4289 8.4714e-06       2786     1.9340  0.000e+00
     31.652   62.05010 -175.20898     31.961    -1.2012    -1.1934    -1.2018    31.4957    31.5158  1025.4736    25.3192    357.059    338.947  369.18147     96.716     91.844     0.1856     0.7656     4.2332     0.4289 1.0000e-12       2787     1.9347  0.000e+00
     31.652   62.05010 -175.20898     31.961    -1.1968    -1.1890    -1.1974    31.4960    31.5164  1025.4737    25.3194    356.296    338.604  369.13623     96.521     91.763     0.1844     0.7582     4.2332     0.4289 1.0000e-12       2788     1.9354  0.000e+00
     31.699   62.05010 -175.20898     32.008    -1.1908    -1.1860    -1.1914    31.4949    31.5179  1025.4728    25.3183    356.151    338.250  369.08038     96.497     91.675     0.1856     0.7656     4.2332     0.4289 1.0000e-12       2789     1.9361  0.000e+00
     31.714   62.05010 -175.20898     32.024    -1.1879    -1.1834    -1.1885    31.4959    31.5184  1025.4736    25.3190    355.788    338.137  369.04849     96.407     91.651     0.1844     0.7582     4.2332     0.4289 1.0000e-12       2790     1.9368  0.000e+00
     31.699   62.05010 -175.20898     32.008    -1.1840    -1.1810    -1.1847    31.4956    31.5190  1025.4732    25.3186    355.640    337.576  369.01150     96.376     91.506     0.1844     0.7582     4.2332     0.4289 1.0000e-12       2791     1.9375  0.000e+00
     31.714   62.05010 -175.20898     32.024    -1.1808    -1.1776    -1.1815    31.4947    31.5187  1025.4725    25.3179    355.307    337.475  368.98207     96.294     91.486     0.1844     0.7582     4.2332     0.4289 1.0000e-12       2792     1.9382  0.000e+00
     31.768   62.05010 -175.20898     32.078    -1.1773    -1.1754    -1.1779    31.4937    31.5197  1025.4718    25.3170    354.939    337.132  368.94986     96.203     91.400     0.1856     0.7656     4.2332     0.4289 1.0000e-12       2793     1.9389  0.000e+00
     31.753   62.05010 -175.20898     32.063    -1.1755    -1.1734    -1.1761    31.4946    31.5200  1025.4724    25.3176    354.598    336.768  368.92971     96.115     91.306     0.1832     0.7509     4.2332     0.4289 1.0000e-12       2794     1.9396  0.000e+00
     31.768   62.05010 -175.20898     32.078    -1.1745    -1.1720    -1.1752    31.4959    31.5212  1025.4736    25.3187    354.540    336.417  368.91610     96.103     91.215     0.1844     0.7582     4.2332     0.4289 1.0000e-12       2795     1.9403  0.000e+00
     31.753   62.05010 -175.20898     32.063    -1.1726    -1.1706    -1.1732    31.4964    31.5220  1025.4738    25.3190    354.232    336.305  368.89551     96.025     91.189     0.1856     0.7656     4.2344     0.4278 1.0000e-12       2796     1.9410  0.000e+00
     31.822   62.05010 -175.20898     32.133    -1.1709    -1.1686    -1.1715    31.4967    31.5225  1025.4743    25.3192    353.128    336.005  368.87761     95.730     91.113     0.1844     0.7582     4.2332     0.4289 1.0000e-12       2797     1.9417  0.000e+00
     31.822   62.05010 -175.20898     32.133    -1.1700    -1.1673    -1.1706    31.4974    31.5229  1025.4749    25.3198    353.705    335.688  368.86644     95.890     91.030     0.1856     0.7656     4.2332     0.4289 1.0000e-12       2798     1.9424  0.000e+00
     31.868   62.05010 -175.20898     32.179    -1.1681    -1.1662    -1.1687    31.4976    31.5237  1025.4752    25.3198    353.410    335.354  368.84785     95.815     90.943     0.1844     0.7582     4.2344     0.4278 1.0000e-12       2799     1.9431  0.000e+00
     31.822   62.05010 -175.20898     32.133    -1.1669    -1.1649    -1.1675    31.4979    31.5236  1025.4752    25.3201    353.136    335.255  368.83489     95.744     90.919     0.1856     0.7656     4.2344     0.4278 1.0000e-12       2800     1.9438  0.000e+00
     31.868   62.05010 -175.20898     32.179    -1.1663    -1.1639    -1.1669    31.4980    31.5240  1025.4755    25.3201    353.099    334.978  368.82845     95.735     90.847     0.1844     0.7582     4.2381     0.4243 1.0000e-12       2801     1.9444  0.000e+00
     31.884   62.05010 -175.20898     32.195    -1.1650    -1.1635    -1.1656    31.4980    31.5246  1025.4755    25.3201    352.813    334.717  368.81606     95.661     90.777     0.1856     0.7656     4.2393     0.4232 1.0000e-12       2802     1.9451  0.000e+00
     31.884   62.05010 -175.20898     32.195    -1.1643    -1.1630    -1.1649    31.4981    31.5249  1025.4756    25.3202    352.807    334.438  368.80827     95.661     90.703     0.1844     0.7582     4.2393     0.4232 1.0000e-12       2803     1.9458  0.000e+00
     31.984   62.05010 -175.20898     32.296    -1.1637    -1.1624    -1.1643    31.4984    31.5252  1025.4763    25.3205    352.667    334.144  368.80158     95.625     90.625     0.1856     0.7656     4.2393     0.4232 1.0000e-12       2804     1.9465  0.000e+00
     31.938   62.05010 -175.20898     32.249    -1.1629    -1.1619    -1.1635    31.4988    31.5260  1025.4764    25.3207    352.439    334.086  368.79271     95.566     90.611     0.1844     0.7582     4.2393     0.4232 1.0000e-12       2805     1.9472  0.000e+00
     31.930   62.05010 -175.20898     32.242    -1.1627    -1.1614    -1.1634    31.4997    31.5262  1025.4771    25.3215    352.238    333.815  368.78822     95.512     90.539     0.1844     0.7582     4.2393     0.4232 1.0000e-12       2806     1.9479  0.000e+00
     31.938   62.05010 -175.20898     32.249    -1.1627    -1.1609    -1.1633    31.5000    31.5261  1025.4773    25.3216    352.012    333.560  368.78698     95.451     90.471     0.1832     0.7509     4.2393     0.4232 1.0000e-12       2807     1.9486  0.000e+00
     32.000   62.05010 -175.20898     32.312    -1.1623    -1.1606    -1.1629    31.4994    31.5268  1025.4771    25.3212    352.016    333.291  368.78471     95.453     90.399     0.1856     0.7656     4.2393     0.4232 1.0000e-12       2808     1.9493  0.000e+00
     32.038   62.05010 -175.20898     32.351    -1.1622    -1.1604    -1.1628    31.4997    31.5270  1025.4776    25.3214    351.781    333.235  368.78265     95.390     90.384     0.1929     0.8095     4.2393     0.4232 1.0000e-12       2809     1.9500  0.000e+00
     31.999   62.05010 -175.20898     32.312    -1.1618    -1.1604    -1.1624    31.4998    31.5270  1025.4774    25.3215    351.561    332.995  368.77901     95.331     90.319     0.2051     0.8828     4.2393     0.4232 1.0000e-12       2810     1.9507  0.000e+00
     31.984   62.05010 -175.20898     32.296    -1.1621    -1.1606    -1.1627    31.5005    31.5273  1025.4780    25.3221    351.575    332.773  368.77920     95.335     90.259     0.2100     0.9121     4.2393     0.4232 1.0000e-12       2811     1.9514  0.000e+00
     32.054   62.05010 -175.20898     32.366    -1.1625    -1.1609    -1.1631    31.5002    31.5272  1025.4780    25.3218    351.359    332.540  368.78415     95.275     90.195     0.2076     0.8974     4.2393     0.4232 1.0000e-12       2812     1.9521  0.000e+00
     32.054   62.05010 -175.20898     32.366    -1.1629    -1.1613    -1.1635    31.5002    31.5273  1025.4781    25.3218    351.159    332.518  368.78863     95.220     90.188     0.2076     0.8974     4.2393     0.4232 1.0000e-12       2813     1.9528  0.000e+00
     32.100   62.05010 -175.20898     32.413    -1.1631    -1.1618    -1.1638    31.5005    31.5285  1025.4786    25.3221    351.187    332.283  368.78991     95.227     90.124     0.2076     0.8974     4.2393     0.4232 1.0000e-12       2814     1.9535  0.000e+00
     32.053   62.05010 -175.20898     32.366    -1.1632    -1.1621    -1.1638    31.5010    31.5288  1025.4787    25.3225    351.020    332.059  368.78912     95.182     90.063     0.2076     0.8974     4.2393     0.4232 1.0000e-12       2815     1.9542  0.000e+00
     32.169   62.05010 -175.20898     32.483    -1.1634    -1.1625    -1.1640    31.5011    31.5290  1025.4794    25.3226    350.834    331.861  368.79050     95.131     90.008     0.2076     0.8974     4.2393     0.4232 1.0000e-12       2816     1.9549  0.000e+00
     32.100   62.05010 -175.20898     32.413    -1.1641    -1.1625    -1.1647    31.5016    31.5291  1025.4795    25.3230    350.873    331.637  368.79582     95.140     89.947     0.2076     0.8974     4.2393     0.4232 1.0000e-12       2817     1.9556  0.000e+00
     32.115   62.05010 -175.20898     32.429    -1.1643    -1.1633    -1.1649    31.5020    31.5300  1025.4799    25.3233    350.723    331.668  368.79693     95.099     89.954     0.2076     0.8974     4.2393     0.4232 1.0000e-12       2818     1.9563  0.000e+00
     32.154   62.05010 -175.20898     32.468    -1.1647    -1.1632    -1.1654    31.5023    31.5298  1025.4803    25.3236    350.755    331.710  368.80062     95.107     89.966     0.2076     0.8974     4.2393     0.4232 1.0000e-12       2819     1.9569  0.000e+00
     32.169   62.05010 -175.20898     32.483    -1.1650    -1.1639    -1.1657    31.5028    31.5304  1025.4808    25.3240    350.850    331.546  368.80212     95.132     89.920     0.2088     0.9047     4.2393     0.4232 1.0000e-12       2820     1.9576  0.000e+00
     32.169   62.05010 -175.20898     32.483    -1.1651    -1.1641    -1.1657    31.5030    31.5305  1025.4810    25.3242    350.753    331.362  368.80202     95.106     89.870     0.2076     0.8974     4.2405     0.4220 1.0000e-12       2821     1.9583  0.000e+00
     32.215   62.05010 -175.20898     32.530    -1.1655    -1.1644    -1.1661    31.5027    31.5307  1025.4809    25.3239    350.632    331.164  368.80693     95.072     89.816     0.2076     0.8974     4.2418     0.4209 1.0000e-12       2822     1.9590  0.000e+00
     32.169   62.05010 -175.20898     32.483    -1.1659    -1.1649    -1.1666    31.5032    31.5313  1025.4811    25.3243    350.476    331.209  368.80999     95.029     89.827     0.2076     0.8974     4.2418     0.4209 1.0000e-12       2823     1.9597  0.000e+00
     32.269   62.05010 -175.20898     32.584    -1.1662    -1.1649    -1.1668    31.5036    31.5304  1025.4820    25.3247    350.550    331.274  368.81099     95.049     89.844     0.2076     0.8974     4.2418     0.4209 1.0000e-12       2824     1.9604  0.000e+00
     32.223   62.05010 -175.20898     32.538    -1.1665    -1.1651    -1.1671    31.5044    31.5305  1025.4824    25.3254    350.377    331.120  368.81141     95.002     89.802     0.2076     0.8974     4.2405     0.4220 1.0000e-12       2825     1.9611  0.000e+00
     32.223   62.05010 -175.20898     32.538    -1.1666    -1.1654    -1.1672    31.5045    31.5308  1025.4825    25.3254    350.173    330.983  368.81244     94.946     89.764     0.2076     0.8974     4.2418     0.4209 1.0000e-12       2826     1.9618  0.000e+00
     32.269   62.05010 -175.20898     32.584    -1.1667    -1.1659    -1.1674    31.5047    31.5308  1025.4829    25.3256    350.197    331.063  368.81357     94.952     89.785     0.2076     0.8974     4.2405     0.4220 1.0000e-12       2827     1.9625  0.000e+00
     32.285   62.05010 -175.20898     32.600    -1.1672    -1.1663    -1.1678    31.5051    31.5311  1025.4833    25.3259    350.029    330.927  368.81698     94.906     89.747     0.2076     0.8974     4.2405     0.4220 1.0000e-12       2828     1.9632  0.000e+00
     32.269   62.05010 -175.20898     32.584    -1.1674    -1.1663    -1.1680    31.5055    31.5315  1025.4835    25.3262    349.825    330.768  368.81752     94.850     89.704     0.2076     0.8974     4.2405     0.4220 1.0000e-12       2829     1.9639  0.000e+00
     32.339   62.05010 -175.20898     32.654    -1.1675    -1.1660    -1.1681    31.5052    31.5309  1025.4836    25.3260    349.900    330.596  368.81952     94.870     89.658     0.2076     0.8974     4.2418     0.4209 1.0000e-12       2830     1.9646  0.000e+00
     32.339   62.05010 -175.20898     32.654    -1.1680    -1.1665    -1.1686    31.5054    31.5310  1025.4838    25.3262    349.735    330.409  368.82403     94.824     89.606     0.2063     0.8901     4.2405     0.4220 1.0000e-12       2831     1.9653  0.000e+00
     32.385   62.05010 -175.20898     32.701    -1.1688    -1.1663    -1.1694    31.5061    31.5307  1025.4846    25.3268    349.848    330.462  368.82934     94.854     89.621     0.2076     0.8974     4.2405     0.4220 1.0000e-12       2832     1.9660  0.000e+00
     32.339   62.05010 -175.20898     32.654    -1.1692    -1.1669    -1.1698    31.5063    31.5311  1025.4846    25.3270    349.714    330.532  368.83313     94.816     89.639     0.2088     0.9047     4.2418     0.4209 1.0000e-12       2833     1.9667  0.000e+00
     32.401   62.05010 -175.20898     32.717    -1.1693    -1.1679    -1.1700    31.5056    31.5319  1025.4843    25.3264    349.602    330.394  368.83634     94.785     89.599     0.2051     0.8828     4.2405     0.4220 1.0000e-12       2834     1.9674  0.000e+00
     32.385   62.05010 -175.20898     32.701    -1.1701    -1.1689    -1.1708    31.5061    31.5326  1025.4847    25.3268    349.667    330.464  368.84291     94.801     89.616     0.1673     0.6557     4.2405     0.4220 1.0000e-12       2835     1.9681  0.000e+00
     32.455   62.05010 -175.20898     32.771    -1.1715    -1.1697    -1.1721    31.5069    31.5334  1025.4857    25.3275    349.549    330.350  368.85428     94.766     89.584     0.1465     0.5311     4.2418     0.4209 1.0000e-12       2836     1.9688  0.000e+00
     32.439   62.05010 -175.20898     32.756    -1.1720    -1.1711    -1.1726    31.5072    31.5342  1025.4858    25.3277    349.850    330.449  368.85800     94.847     89.608     0.1441     0.5165     4.2418     0.4209 1.0000e-12       2837     1.9694  0.000e+00
