EcoFOCI/data/1_SampleCollection/2023_SikuliaqDBO_CruiseData/CTD_raw_BottleFile_SKQ23-12S/proc/skq202312s_081svp.cnv
* Sea-Bird SBE 9 Data File:
* FileName = D:\CTD\SKQ202312S\SKQ202312S_081.hex
* Software Version Seasave V 7.26.7.121
* Temperature SN = 6177
* Conductivity SN = 0369
* Number of Bytes Per Scan = 41
* Number of Voltage Words = 4
* Number of Scans Averaged by the Deck Unit = 1
* NMEA Latitude = 65 41.58 N
* NMEA Longitude = 168 27.84 W
* NMEA UTC (Time) = Oct 03 2023  09:04:12
* NMEA baud rate = 4800
** Ship: R/V Sikuliaq
** Station Number: 081
** Station Name: BS4
** Bottom Depth: 54
** Operator: SD
# nquan = 7
# nvalues = 3554                                  
# units = specified
# name 0 = depSM: Depth [salt water, m]
# name 1 = latitude: Latitude [deg]
# name 2 = longitude: Longitude [deg]
# name 3 = t090C: Temperature [ITS-90, deg C]
# name 4 = sal00: Salinity, Practical [PSU]
# name 5 = svCM: Sound Velocity [Chen-Millero, m/s]
# name 6 = flag:  0.000e+00
# span 0 =      2.584,     49.454                 
# span 1 =   65.69290,   65.69292                 
# span 2 = -168.46470, -168.46450                 
# span 3 =     2.9660,     6.7152                 
# span 4 =    25.8991,    32.8646                 
# span 5 =    1459.99,    1473.49                 
# span 6 = 0.0000e+00, 0.0000e+00                 
# interval = seconds: 0.0416667
# start_time = Oct 03 2023 09:06:59 [NMEA time, first data scan]
# bad_flag = -9.990e-29
*END*
[from data line 3488]
     48.821   65.69292 -168.46464     2.9991    32.8625    1460.43  0.000e+00
     48.883   65.69292 -168.46464     2.9990    32.8626    1460.43  0.000e+00
     48.883   65.69292 -168.46464     2.9990    32.8626    1460.43  0.000e+00
     48.883   65.69292 -168.46464     2.9991    32.8624    1460.43  0.000e+00
     48.883   65.69292 -168.46464     2.9988    32.8621    1460.43  0.000e+00
     48.883   65.69292 -168.46464     2.9991    32.8620    1460.43  0.000e+00
     48.883   65.69292 -168.46464     2.9991    32.8621    1460.43  0.000e+00
     48.883   65.69292 -168.46464     2.9990    32.8623    1460.43  0.000e+00
     48.937   65.69292 -168.46464     2.9993    32.8617    1460.43  0.000e+00
     48.937   65.69292 -168.46464     2.9990    32.8624    1460.43  0.000e+00
     48.937   65.69292 -168.46464     2.9991    32.8624    1460.43  0.000e+00
     48.883   65.69292 -168.46464     2.9991    32.8624    1460.43  0.000e+00
     48.999   65.69292 -168.46464     2.9991    32.8624    1460.43  0.000e+00
     48.937   65.69292 -168.46464     2.9990    32.8626    1460.43  0.000e+00
     48.937   65.69292 -168.46464     2.9990    32.8623    1460.43  0.000e+00
     48.991   65.69292 -168.46464     2.9991    32.8614    1460.43  0.000e+00
     48.937   65.69292 -168.46464     2.9990    32.8614    1460.43  0.000e+00
     48.999   65.69292 -168.46464     2.9991    32.8614    1460.43  0.000e+00
     48.999   65.69292 -168.46464     2.9990    32.8614    1460.43  0.000e+00
     49.053   65.69292 -168.46464     2.9990    32.8611    1460.43  0.000e+00
     48.999   65.69292 -168.46464     2.9988    32.8617    1460.43  0.000e+00
     49.053   65.69292 -168.46464     2.9988    32.8614    1460.43  0.000e+00
     49.053   65.69292 -168.46464     2.9987    32.8616    1460.43  0.000e+00
     49.053   65.69292 -168.46464     2.9988    32.8613    1460.43  0.000e+00
     49.053   65.69292 -168.46464     2.9987    32.8616    1460.43  0.000e+00
     49.115   65.69292 -168.46464     2.9988    32.8612    1460.43  0.000e+00
     49.115   65.69292 -168.46464     2.9987    32.8616    1460.43  0.000e+00
     49.053   65.69292 -168.46464     2.9986    32.8626    1460.43  0.000e+00
     49.115   65.69292 -168.46464     2.9990    32.8622    1460.44  0.000e+00
     49.169   65.69292 -168.46464     2.9986    32.8626    1460.44  0.000e+00
     49.169   65.69292 -168.46464     2.9987    32.8627    1460.44  0.000e+00
     49.115   65.69292 -168.46464     2.9987    32.8628    1460.44  0.000e+00
     49.169   65.69292 -168.46464     2.9987    32.8632    1460.44  0.000e+00
     49.169   65.69292 -168.46464     2.9987    32.8640    1460.44  0.000e+00
     49.223   65.69292 -168.46464     2.9990    32.8639    1460.44  0.000e+00
     49.169   65.69292 -168.46464     2.9990    32.8643    1460.44  0.000e+00
     49.223   65.69292 -168.46464     2.9991    32.8641    1460.44  0.000e+00
     49.223   65.69292 -168.46464     2.9993    32.8641    1460.44  0.000e+00
     49.223   65.69292 -168.46464     2.9995    32.8639    1460.44  0.000e+00
     49.284   65.69292 -168.46464     2.9993    32.8643    1460.44  0.000e+00
     49.284   65.69292 -168.46464     2.9996    32.8641    1460.44  0.000e+00
     49.223   65.69292 -168.46464     2.9996    32.8642    1460.44  0.000e+00
     49.284   65.69292 -168.46464     2.9996    32.8639    1460.44  0.000e+00
     49.284   65.69292 -168.46464     2.9996    32.8640    1460.44  0.000e+00
     49.338   65.69292 -168.46464     2.9999    32.8643    1460.45  0.000e+00
     49.284   65.69290 -168.46464     2.9998    32.8643    1460.44  0.000e+00
     49.338   65.69290 -168.46464     2.9999    32.8640    1460.45  0.000e+00
     49.338   65.69290 -168.46464     2.9999    32.8642    1460.45  0.000e+00
     49.338   65.69290 -168.46464     2.9998    32.8644    1460.45  0.000e+00
     49.338   65.69290 -168.46464     3.0001    32.8641    1460.45  0.000e+00
     49.338   65.69290 -168.46464     3.0001    32.8641    1460.45  0.000e+00
     49.338   65.69290 -168.46464     2.9998    32.8646    1460.45  0.000e+00
     49.400   65.69290 -168.46464     3.0001    32.8641    1460.45  0.000e+00
     49.338   65.69290 -168.46464     3.0001    32.8637    1460.45  0.000e+00
     49.400   65.69290 -168.46464     3.0001    32.8639    1460.45  0.000e+00
     49.400   65.69290 -168.46464     3.0001    32.8641    1460.45  0.000e+00
     49.400   65.69290 -168.46464     2.9999    32.8642    1460.45  0.000e+00
     49.400   65.69290 -168.46464     3.0001    32.8641    1460.45  0.000e+00
     49.400   65.69290 -168.46464     2.9999    32.8644    1460.45  0.000e+00
     49.400   65.69290 -168.46464     3.0001    32.8639    1460.45  0.000e+00
     49.454   65.69290 -168.46464     3.0001    32.8640    1460.45  0.000e+00
     49.400   65.69290 -168.46464     3.0001    32.8638    1460.45  0.000e+00
     49.400   65.69290 -168.46464     2.9999    32.8644    1460.45  0.000e+00
     49.400   65.69290 -168.46464     3.0001    32.8641    1460.45  0.000e+00
     49.400   65.69290 -168.46464     2.9998    32.8646    1460.45  0.000e+00
     49.454   65.69290 -168.46464     2.9998    32.8642    1460.45  0.000e+00
