EcoFOCI/data/1_SampleCollection/2023_SikuliaqDBO_CruiseData/CTD_raw_BottleFile_SKQ23-12S/proc/skq202312s_083.cnv
* Sea-Bird SBE 9 Data File:
* FileName = D:\CTD\SKQ202312S\SKQ202312S_083.hex
* Software Version Seasave V 7.26.7.121
* Temperature SN = 6177
* Conductivity SN = 0369
* Number of Bytes Per Scan = 41
* Number of Voltage Words = 4
* Number of Scans Averaged by the Deck Unit = 1
* NMEA Latitude = 65 38.84 N
* NMEA Longitude = 168 16.47 W
* NMEA UTC (Time) = Oct 03 2023  11:08:11
* NMEA baud rate = 4800
** Ship: R/V Sikuliaq
** Station Number: 083
** Station Name: BS2
** Bottom Depth: 45
** Operator: SD
# nquan = 24
# nvalues = 2989                                  
# units = specified
# name 0 = depSM: Depth [salt water, m]
# name 1 = latitude: Latitude [deg]
# name 2 = longitude: Longitude [deg]
# name 3 = prDM: Pressure, Digiquartz [db]
# name 4 = t090C: Temperature [ITS-90, deg C]
# name 5 = t190C: Temperature, 2 [ITS-90, deg C]
# name 6 = potemp090C: Potential Temperature [ITS-90, deg C]
# name 7 = sal00: Salinity, Practical [PSU]
# name 8 = sal11: Salinity, Practical, 2 [PSU]
# name 9 = density00: Density [density, kg/m^3]
# name 10 = sigma-é00: Density [sigma-theta, kg/m^3]
# name 11 = sbox0Mm/Kg: Oxygen, SBE 43 [umol/kg]
# name 12 = sbox1Mm/Kg: Oxygen, SBE 43, 2 [umol/kg]
# name 13 = oxsolMm/Kg: Oxygen Saturation, Garcia & Gordon [umol/kg]
# name 14 = sbeox0PS: Oxygen, SBE 43 [% saturation]
# name 15 = sbeox1PS: Oxygen, SBE 43, 2 [% saturation]
# name 16 = v0: Voltage 0
# name 17 = flECO-AFL: Fluorescence, WET Labs ECO-AFL/FL [mg/m^3]
# name 18 = v1: Voltage 1
# name 19 = CStarAt0: Beam Attenuation, WET Labs C-Star [1/m]
# name 20 = par: PAR/Irradiance, Biospherical/Licor
# name 21 = scan: Scan Count
# name 22 = timeM: Time, Elapsed [minutes]
# name 23 = flag:  0.000e+00
# span 0 =      2.442,     40.356                 
# span 1 =   65.64734,   65.64734                 
# span 2 = -168.27482, -168.27476                 
# span 3 =      2.467,     40.762                 
# span 4 =     2.9949,     6.6692                 
# span 5 =     2.9957,     6.6720                 
# span 6 =     2.9926,     6.6681                 
# span 7 =    28.0364,    32.7355                 
# span 8 =    28.0468,    32.7538                 
# span 9 =  1022.0885,  1026.2646                 
# span 10 =    22.0762,    26.0770                
# span 11 =    256.316,    292.022                
# span 12 =    244.267,    277.453                
# span 13 =  303.23674,  328.20107                
# span 14 =     78.964,     91.936                
# span 15 =     75.199,     87.409                
# span 16 =     0.1062,     0.2979                
# span 17 =     0.2894,     1.4395                
# span 18 =     3.1636,     4.0476                
# span 19 =     0.6083,     1.5943                
# span 20 = 1.0000e-12, 4.2732e-01                
# span 21 =          1,       2989                
# span 22 =     0.0000,     2.0750                
# span 23 = 0.0000e+00, 0.0000e+00                
# interval = seconds: 0.0416667
# start_time = Oct 03 2023 11:11:32 [NMEA time, first data scan]
# bad_flag = -9.990e-29
*END*
[from data line 2174]
     34.982   65.64734 -168.27478     35.333     3.0083     3.0021     3.0063    32.7303    32.7416  1026.2388    26.0730    259.979    247.603  328.08927     79.240     75.463     0.2894     1.3883     3.7912     0.8702 1.0000e-12       2175     1.5097  0.000e+00
     34.982   65.64734 -168.27478     35.333     3.0082     3.0025     3.0062    32.7307    32.7416  1026.2391    26.0733    260.040    247.422  328.08867     79.259     75.409     0.2894     1.3883     3.7912     0.8702 1.0000e-12       2176     1.5104  0.000e+00
     34.966   65.64734 -168.27478     35.317     3.0089     3.0031     3.0069    32.7291    32.7418  1026.2377    26.0720    260.071    247.418  328.08748     79.269     75.409     0.2882     1.3809     3.7912     0.8702 1.0000e-12       2177     1.5111  0.000e+00
     34.920   65.64734 -168.27478     35.270     3.0094     3.0038     3.0074    32.7282    32.7418  1026.2367    26.0712    260.108    247.417  328.08544     79.281     75.410     0.2894     1.3883     3.7912     0.8702 1.0000e-12       2178     1.5118  0.000e+00
     34.966   65.64734 -168.27478     35.317     3.0100     3.0047     3.0079    32.7285    32.7420  1026.2371    26.0714    259.936    247.423  328.08022     79.229     75.413     0.2882     1.3809     3.7912     0.8702 1.0000e-12       2179     1.5125  0.000e+00
     34.982   65.64734 -168.27478     35.333     3.0108     3.0066     3.0088    32.7293    32.7429  1026.2377    26.0719    259.914    247.426  328.07145     79.225     75.418     0.2894     1.3883     3.7912     0.8702 1.0000e-12       2180     1.5132  0.000e+00
     34.982   65.64734 -168.27478     35.333     3.0126     3.0111     3.0106    32.7291    32.7422  1026.2374    26.0716    260.112    247.420  328.05711     79.289     75.424     0.2906     1.3956     3.7912     0.8702 1.0000e-12       2181     1.5139  0.000e+00
     34.966   65.64734 -168.27478     35.317     3.0143     3.0161     3.0123    32.7282    32.7402  1026.2365    26.0708    259.953    247.199  328.04584     79.243     75.365     0.2894     1.3883     3.7912     0.8702 1.0000e-12       2182     1.5146  0.000e+00
     34.982   65.64734 -168.27478     35.333     3.0150     3.0180     3.0130    32.7284    32.7398  1026.2366    26.0708    259.956    247.174  328.03988     79.245     75.361     0.2894     1.3883     3.7912     0.8702 1.0000e-12       2183     1.5153  0.000e+00
     35.036   65.64734 -168.27478     35.387     3.0159     3.0192     3.0139    32.7272    32.7392  1026.2359    26.0698    259.968    247.163  328.03539     79.250     75.359     0.2894     1.3883     3.7912     0.8702 1.0000e-12       2184     1.5160  0.000e+00
     34.966   65.64734 -168.27478     35.317     3.0160     3.0197     3.0140    32.7266    32.7385  1026.2351    26.0693    259.988    247.181  328.03611     79.256     75.365     0.2894     1.3883     3.7912     0.8702 1.0000e-12       2185     1.5167  0.000e+00
     34.982   65.64734 -168.27478     35.333     3.0164     3.0207     3.0144    32.7261    32.7375  1026.2347    26.0689    259.799    247.377  328.03435     79.199     75.426     0.2882     1.3809     3.7912     0.8702 1.0000e-12       2186     1.5174  0.000e+00
     34.982   65.64734 -168.27478     35.333     3.0166     3.0215     3.0146    32.7253    32.7371  1026.2340    26.0682    260.018    247.211  328.03416     79.266     75.377     0.2894     1.3883     3.7900     0.8715 1.0000e-12       2187     1.5181  0.000e+00
     34.966   65.64734 -168.27478     35.317     3.0167     3.0226     3.0147    32.7253    32.7362  1026.2340    26.0683    260.063    247.220  328.03364     79.279     75.382     0.2882     1.3809     3.7912     0.8702 1.0000e-12       2188     1.5188  0.000e+00
     34.920   65.64734 -168.27478     35.270     3.0179     3.0226     3.0159    32.7257    32.7360  1026.2340    26.0685    260.104    247.023  328.02271     79.294     75.321     0.2894     1.3883     3.7912     0.8702 1.0000e-12       2189     1.5194  0.000e+00
     34.966   65.64734 -168.27478     35.317     3.0186     3.0216     3.0166    32.7255    32.7363  1026.2340    26.0683    260.124    247.035  328.01790     79.302     75.323     0.2906     1.3956     3.7912     0.8702 1.0000e-12       2190     1.5201  0.000e+00
     34.982   65.64734 -168.27478     35.333     3.0189     3.0204     3.0169    32.7245    32.7364  1026.2332    26.0674    259.936    247.031  328.01794     79.245     75.320     0.2527     1.1685     3.7912     0.8702 1.0000e-12       2191     1.5208  0.000e+00
     34.920   65.64734 -168.27478     35.270     3.0190     3.0190     3.0170    32.7238    32.7367  1026.2324    26.0669    260.153    247.031  328.01866     79.311     75.318     0.2210     0.9780     3.8034     0.8573 1.0000e-12       2192     1.5215  0.000e+00
     34.966   65.64734 -168.27478     35.317     3.0196     3.0185     3.0176    32.7230    32.7360  1026.2319    26.0662    259.977    247.037  328.01545     79.257     75.318     0.2137     0.9341     3.8107     0.8496 1.0000e-12       2193     1.5222  0.000e+00
     34.920   65.64734 -168.27478     35.270     3.0200     3.0165     3.0179    32.7227    32.7376  1026.2314    26.0659    260.205    247.050  328.01360     79.328     75.319     0.2173     0.9560     3.8107     0.8496 1.0000e-12       2194     1.5229  0.000e+00
     34.982   65.64734 -168.27478     35.333     3.0206     3.0162     3.0186    32.7212    32.7372  1026.2304    26.0646    260.225    247.066  328.01232     79.334     75.323     0.2173     0.9560     3.8107     0.8496 1.0000e-12       2195     1.5236  0.000e+00
     34.912   65.64734 -168.27478     35.263     3.0203     3.0158     3.0183    32.7203    32.7366  1026.2294    26.0640    260.286    247.083  328.01702     79.351     75.327     0.2173     0.9560     3.8095     0.8509 1.0000e-12       2196     1.5243  0.000e+00
     35.036   65.64734 -168.27478     35.387     3.0187     3.0151     3.0167    32.7212    32.7366  1026.2309    26.0648    260.329    247.090  328.02783     79.362     75.328     0.2173     0.9560     3.8107     0.8496 1.0000e-12       2197     1.5250  0.000e+00
     34.966   65.64734 -168.27478     35.317     3.0178     3.0145     3.0157    32.7216    32.7369  1026.2309    26.0652    260.366    247.095  328.03421     79.372     75.329     0.2173     0.9560     3.8095     0.8509 1.0000e-12       2198     1.5257  0.000e+00
     34.982   65.64734 -168.27478     35.333     3.0174     3.0150     3.0154    32.7218    32.7362  1026.2312    26.0654    260.407    247.101  328.03632     79.384     75.331     0.2186     0.9634     3.8095     0.8509 1.0000e-12       2199     1.5264  0.000e+00
     34.982   65.64734 -168.27478     35.333     3.0170     3.0152     3.0150    32.7215    32.7355  1026.2310    26.0652    260.235    247.113  328.04051     79.330     75.335     0.2173     0.9560     3.8095     0.8509 1.0000e-12       2200     1.5271  0.000e+00
     35.028   65.64734 -168.27478     35.380     3.0164     3.0148     3.0144    32.7220    32.7360  1026.2316    26.0656    260.254    247.133  328.04454     79.335     75.340     0.2173     0.9560     3.8095     0.8509 1.0000e-12       2201     1.5278  0.000e+00
     34.982   65.64734 -168.27478     35.333     3.0157     3.0156     3.0137    32.7227    32.7355  1026.2321    26.0663    260.492    247.149  328.04825     79.407     75.346     0.2173     0.9560     3.8095     0.8509 1.0000e-12       2202     1.5285  0.000e+00
     34.982   65.64734 -168.27478     35.333     3.0153     3.0166     3.0133    32.7231    32.7351  1026.2324    26.0666    260.335    247.146  328.05034     79.358     75.347     0.2186     0.9634     3.8107     0.8496 1.0000e-12       2203     1.5292  0.000e+00
     34.966   65.64734 -168.27478     35.317     3.0153     3.0171     3.0132    32.7233    32.7355  1026.2325    26.0668    260.327    247.147  328.05032     79.356     75.349     0.2173     0.9560     3.8095     0.8509 1.0000e-12       2204     1.5299  0.000e+00
     35.036   65.64734 -168.27478     35.387     3.0156     3.0189     3.0136    32.7231    32.7342  1026.2326    26.0666    260.325    247.151  328.04832     79.356     75.352     0.2173     0.9560     3.8107     0.8496 1.0000e-12       2205     1.5306  0.000e+00
     34.912   65.64734 -168.27478     35.263     3.0156     3.0213     3.0136    32.7225    32.7311  1026.2316    26.0661    260.323    246.955  328.04976     79.355     75.295     0.2161     0.9487     3.8095     0.8509 1.0000e-12       2206     1.5313  0.000e+00
     35.098   65.64734 -168.27478     35.450     3.0154     3.0231     3.0134    32.7226    32.7287  1026.2325    26.0662    260.336    246.950  328.05080     79.358     75.296     0.2173     0.9560     3.8095     0.8509 1.0000e-12       2207     1.5319  0.000e+00
     34.982   65.64734 -168.27478     35.333     3.0153     3.0237     3.0133    32.7225    32.7281  1026.2319    26.0662    260.343    246.944  328.05185     79.360     75.295     0.2186     0.9634     3.8107     0.8496 1.0000e-12       2208     1.5326  0.000e+00
     35.028   65.64734 -168.27478     35.380     3.0145     3.0226     3.0124    32.7233    32.7294  1026.2329    26.0669    260.364    246.956  328.05678     79.366     75.297     0.2173     0.9560     3.8107     0.8496 1.0000e-12       2209     1.5333  0.000e+00
     34.982   65.64734 -168.27478     35.333     3.0134     3.0207     3.0114    32.7242    32.7317  1026.2335    26.0677    260.387    246.974  328.06317     79.371     75.300     0.2186     0.9634     3.8095     0.8509 1.0000e-12       2210     1.5340  0.000e+00
     35.036   65.64734 -168.27478     35.387     3.0127     3.0193     3.0107    32.7249    32.7328  1026.2343    26.0683    260.416    247.192  328.06722     79.379     75.365     0.2173     0.9560     3.8095     0.8509 1.0000e-12       2211     1.5347  0.000e+00
     35.028   65.64734 -168.27478     35.379     3.0125     3.0179     3.0104    32.7251    32.7344  1026.2345    26.0685    260.445    247.240  328.06840     79.387     75.378     0.2186     0.9634     3.8168     0.8432 1.0000e-12       2212     1.5354  0.000e+00
     35.036   65.64734 -168.27478     35.387     3.0124     3.0168     3.0104    32.7255    32.7350  1026.2348    26.0688    260.477    247.293  328.06781     79.397     75.392     0.2173     0.9560     3.8230     0.8368 1.0000e-12       2213     1.5361  0.000e+00
     35.036   65.64734 -168.27478     35.387     3.0123     3.0150     3.0103    32.7258    32.7360  1026.2351    26.0690    260.513    247.328  328.06790     79.408     75.400     0.2173     0.9560     3.8242     0.8355 1.0000e-12       2214     1.5368  0.000e+00
     35.082   65.64734 -168.27478     35.434     3.0123     3.0125     3.0103    32.7267    32.7382  1026.2360    26.0697    260.554    247.395  328.06575     79.421     75.417     0.2161     0.9487     3.8242     0.8355 1.0000e-12       2215     1.5375  0.000e+00
     35.036   65.64734 -168.27478     35.387     3.0123     3.0118     3.0102    32.7276    32.7393  1026.2366    26.0705    260.560    247.428  328.06378     79.423     75.426     0.2222     0.9853     3.8242     0.8355 1.0000e-12       2216     1.5382  0.000e+00
     35.136   65.64734 -168.27478     35.489     3.0130     3.0123     3.0109    32.7277    32.7386  1026.2370    26.0705    260.787    247.464  328.05793     79.494     75.438     0.2418     1.1025     3.8242     0.8355 1.0000e-12       2217     1.5389  0.000e+00
     35.036   65.64734 -168.27478     35.387     3.0135     3.0136     3.0115    32.7281    32.7373  1026.2368    26.0708    260.609    247.492  328.05261     79.441     75.448     0.2479     1.1392     3.8230     0.8368 1.0000e-12       2218     1.5396  0.000e+00
     35.098   65.64734 -168.27478     35.450     3.0148     3.0137     3.0128    32.7278    32.7372  1026.2368    26.0704    260.618    247.534  328.04254     79.447     75.461     0.2491     1.1465     3.8242     0.8355 1.0000e-12       2219     1.5403  0.000e+00
     35.082   65.64734 -168.27478     35.434     3.0159     3.0136     3.0139    32.7268    32.7370  1026.2358    26.0695    260.631    247.578  328.03636     79.452     75.474     0.2466     1.1319     3.8242     0.8355 1.0000e-12       2220     1.5410  0.000e+00
     35.098   65.64734 -168.27478     35.450     3.0168     3.0142     3.0148    32.7254    32.7370  1026.2346    26.0683    260.650    247.621  328.03262     79.458     75.488     0.2479     1.1392     3.8242     0.8355 1.0000e-12       2221     1.5417  0.000e+00
     35.098   65.64734 -168.27478     35.450     3.0175     3.0154     3.0155    32.7247    32.7360  1026.2341    26.0677    260.671    247.663  328.02855     79.466     75.503     0.2466     1.1319     3.8242     0.8355 1.0000e-12       2222     1.5424  0.000e+00
     35.136   65.64734 -168.27478     35.489     3.0178     3.0171     3.0157    32.7243    32.7349  1026.2339    26.0674    260.698    247.684  328.02741     79.475     75.512     0.2479     1.1392     3.8242     0.8355 1.0000e-12       2223     1.5431  0.000e+00
     35.097   65.64734 -168.27478     35.450     3.0181     3.0176     3.0161    32.7229    32.7357  1026.2325    26.0662    260.728    247.731  328.02848     79.483     75.528     0.2466     1.1319     3.8230     0.8368 1.0000e-12       2224     1.5438  0.000e+00
     35.097   65.64734 -168.27478     35.450     3.0181     3.0182     3.0161    32.7214    32.7353  1026.2314    26.0650    260.765    247.955  328.03209     79.494     75.597     0.2479     1.1392     3.8242     0.8355 1.0000e-12       2225     1.5444  0.000e+00
     35.136   65.64734 -168.27478     35.489     3.0176     3.0188     3.0156    32.7199    32.7355  1026.2304    26.0639    260.809    248.008  328.03964     79.505     75.614     0.2479     1.1392     3.8242     0.8355 1.0000e-12       2226     1.5451  0.000e+00
     35.097   65.64734 -168.27478     35.450     3.0169     3.0192     3.0148    32.7190    32.7363  1026.2295    26.0632    261.289    248.061  328.04808     79.650     75.631     0.2479     1.1392     3.8242     0.8355 1.0000e-12       2227     1.5458  0.000e+00
     35.198   65.64734 -168.27478     35.551     3.0158     3.0201     3.0138    32.7178    32.7353  1026.2292    26.0624    260.940    248.118  328.05919     79.541     75.650     0.2479     1.1392     3.8242     0.8355 1.0000e-12       2228     1.5465  0.000e+00
     35.151   65.64734 -168.27478     35.504     3.0139     3.0203     3.0118    32.7187    32.7358  1026.2298    26.0632    260.956    247.979  328.07317     79.542     75.608     0.2466     1.1319     3.8242     0.8355 1.0000e-12       2229     1.5472  0.000e+00
     35.151   65.64734 -168.27478     35.504     3.0127     3.0206     3.0107    32.7191    32.7363  1026.2303    26.0637    261.006    248.015  328.08153     79.555     75.620     0.2479     1.1392     3.8242     0.8355 1.0000e-12       2230     1.5479  0.000e+00
     35.136   65.64734 -168.27478     35.489     3.0115     3.0204     3.0095    32.7203    32.7364  1026.2312    26.0647    261.020    248.032  328.08827     79.558     75.625     0.2466     1.1319     3.8230     0.8368 1.0000e-12       2231     1.5486  0.000e+00
     35.206   65.64734 -168.27478     35.559     3.0107     3.0206     3.0086    32.7204    32.7366  1026.2318    26.0649    261.039    248.246  328.09473     79.562     75.691     0.2479     1.1392     3.8242     0.8355 1.0000e-12       2232     1.5493  0.000e+00
     35.205   65.64734 -168.27478     35.559     3.0095     3.0207     3.0074    32.7211    32.7354  1026.2324    26.0655    261.058    248.288  328.10259     79.566     75.703     0.2466     1.1319     3.8266     0.8330 1.0000e-12       2233     1.5500  0.000e+00
