EcoFOCI/data/1_SampleCollection/2023_SikuliaqDBO_CruiseData/CTD_raw_BottleFile_SKQ23-12S/proc/skq202312s_049svp.cnv
* Sea-Bird SBE 9 Data File:
* FileName = D:\CTD\SKQ202312S\SKQ202312S_049.hex
* Software Version Seasave V 7.26.7.121
* Temperature SN = 6177
* Conductivity SN = 0369
* Number of Bytes Per Scan = 41
* Number of Voltage Words = 4
* Number of Scans Averaged by the Deck Unit = 1
* NMEA Latitude = 71 51.00 N
* NMEA Longitude = 162 09.40 W
* NMEA UTC (Time) = Sep 25 2023  06:43:07
* NMEA baud rate = 4800
** Ship: R/V Sikuliaq
** Station Number: 049
** Station Name: DBO4.6n
** Bottom Depth: 41
** Operator: SS
# nquan = 7
# nvalues = 3871                                  
# units = specified
# name 0 = depSM: Depth [salt water, m]
# name 1 = latitude: Latitude [deg]
# name 2 = longitude: Longitude [deg]
# name 3 = t090C: Temperature [ITS-90, deg C]
# name 4 = sal00: Salinity, Practical [PSU]
# name 5 = svCM: Sound Velocity [Chen-Millero, m/s]
# name 6 = flag:  0.000e+00
# span 0 =      2.537,     36.027                 
# span 1 =   71.85006,   71.85008                 
# span 2 = -162.15676, -162.15674                 
# span 3 =    -0.7787,     1.8087                 
# span 4 =    28.1422,    32.6489                 
# span 5 =    1441.48,    1449.42                 
# span 6 = 0.0000e+00, 0.0000e+00                 
# interval = seconds: 0.0416667
# start_time = Sep 25 2023 06:46:31 [NMEA time, first data scan]
# bad_flag = -9.990e-29
*END*
[from data line 2052]
     18.859   71.85008 -162.15676    -0.4965    32.3121    1443.54  0.000e+00
     18.836   71.85008 -162.15676    -0.4977    32.3148    1443.54  0.000e+00
     18.836   71.85008 -162.15676    -0.4995    32.3178    1443.53  0.000e+00
     18.890   71.85008 -162.15676    -0.5011    32.3202    1443.53  0.000e+00
     18.859   71.85008 -162.15676    -0.5023    32.3225    1443.53  0.000e+00
     18.952   71.85008 -162.15676    -0.5036    32.3251    1443.53  0.000e+00
     18.952   71.85008 -162.15676    -0.5047    32.3267    1443.52  0.000e+00
     18.975   71.85008 -162.15676    -0.5059    32.3288    1443.52  0.000e+00
     18.952   71.85008 -162.15676    -0.5073    32.3312    1443.52  0.000e+00
     19.006   71.85008 -162.15676    -0.5091    32.3329    1443.51  0.000e+00
     19.006   71.85008 -162.15676    -0.5106    32.3339    1443.51  0.000e+00
     19.091   71.85008 -162.15676    -0.5125    32.3358    1443.50  0.000e+00
     19.060   71.85008 -162.15676    -0.5142    32.3373    1443.50  0.000e+00
     19.122   71.85008 -162.15676    -0.5165    32.3396    1443.49  0.000e+00
     19.122   71.85008 -162.15676    -0.5183    32.3415    1443.48  0.000e+00
     19.145   71.85008 -162.15676    -0.5197    32.3438    1443.48  0.000e+00
     19.122   71.85008 -162.15676    -0.5209    32.3456    1443.48  0.000e+00
     19.237   71.85008 -162.15676    -0.5223    32.3482    1443.48  0.000e+00
     19.176   71.85008 -162.15676    -0.5233    32.3503    1443.47  0.000e+00
     19.206   71.85008 -162.15676    -0.5240    32.3526    1443.47  0.000e+00
     19.291   71.85008 -162.15676    -0.5252    32.3561    1443.47  0.000e+00
     19.237   71.85008 -162.15676    -0.5260    32.3591    1443.47  0.000e+00
     19.291   71.85008 -162.15676    -0.5274    32.3617    1443.47  0.000e+00
     19.376   71.85008 -162.15676    -0.5284    32.3640    1443.47  0.000e+00
     19.291   71.85008 -162.15676    -0.5295    32.3665    1443.47  0.000e+00
     19.353   71.85008 -162.15676    -0.5314    32.3687    1443.46  0.000e+00
     19.407   71.85008 -162.15676    -0.5342    32.3726    1443.46  0.000e+00
     19.430   71.85008 -162.15676    -0.5363    32.3754    1443.45  0.000e+00
     19.407   71.85008 -162.15676    -0.5392    32.3779    1443.44  0.000e+00
     19.461   71.85008 -162.15676    -0.5411    32.3794    1443.43  0.000e+00
     19.492   71.85008 -162.15676    -0.5429    32.3804    1443.43  0.000e+00
     19.523   71.85008 -162.15676    -0.5448    32.3817    1443.42  0.000e+00
     19.523   71.85008 -162.15676    -0.5471    32.3829    1443.41  0.000e+00
     19.523   71.85008 -162.15676    -0.5498    32.3837    1443.40  0.000e+00
     19.600   71.85008 -162.15676    -0.5520    32.3841    1443.39  0.000e+00
     19.577   71.85008 -162.15676    -0.5541    32.3853    1443.38  0.000e+00
     19.638   71.85008 -162.15676    -0.5560    32.3855    1443.37  0.000e+00
     19.638   71.85008 -162.15676    -0.5580    32.3866    1443.37  0.000e+00
     19.600   71.85008 -162.15676    -0.5599    32.3864    1443.36  0.000e+00
     19.754   71.85008 -162.15676    -0.5620    32.3871    1443.35  0.000e+00
     19.692   71.85008 -162.15676    -0.5637    32.3882    1443.34  0.000e+00
     19.715   71.85008 -162.15676    -0.5657    32.3886    1443.33  0.000e+00
     19.754   71.85008 -162.15676    -0.5674    32.3893    1443.33  0.000e+00
     19.754   71.85008 -162.15676    -0.5691    32.3892    1443.32  0.000e+00
     19.808   71.85008 -162.15676    -0.5709    32.3903    1443.31  0.000e+00
     19.831   71.85008 -162.15676    -0.5726    32.3912    1443.31  0.000e+00
     19.808   71.85008 -162.15676    -0.5746    32.3919    1443.30  0.000e+00
     19.862   71.85008 -162.15676    -0.5766    32.3920    1443.29  0.000e+00
     19.924   71.85008 -162.15676    -0.5788    32.3929    1443.28  0.000e+00
     19.893   71.85008 -162.15676    -0.5806    32.3935    1443.27  0.000e+00
     19.924   71.85008 -162.15676    -0.5832    32.3944    1443.26  0.000e+00
     19.978   71.85008 -162.15676    -0.5864    32.3958    1443.25  0.000e+00
     19.947   71.85008 -162.15676    -0.5889    32.3960    1443.24  0.000e+00
     19.978   71.85008 -162.15676    -0.5914    32.3961    1443.23  0.000e+00
     20.039   71.85008 -162.15676    -0.5941    32.3964    1443.22  0.000e+00
     19.978   71.85008 -162.15676    -0.5970    32.3965    1443.20  0.000e+00
     20.116   71.85008 -162.15676    -0.5996    32.3970    1443.19  0.000e+00
     20.039   71.85008 -162.15676    -0.6023    32.3985    1443.18  0.000e+00
     20.093   71.85008 -162.15676    -0.6050    32.3996    1443.17  0.000e+00
     20.116   71.85008 -162.15676    -0.6078    32.4011    1443.16  0.000e+00
     20.155   71.85008 -162.15676    -0.6101    32.4023    1443.15  0.000e+00
     20.155   71.85008 -162.15676    -0.6124    32.4035    1443.14  0.000e+00
     20.209   71.85008 -162.15676    -0.6139    32.4048    1443.14  0.000e+00
     20.178   71.85008 -162.15676    -0.6158    32.4057    1443.13  0.000e+00
     20.209   71.85008 -162.15676    -0.6179    32.4074    1443.12  0.000e+00
     20.263   71.85008 -162.15676    -0.6199    32.4089    1443.12  0.000e+00
     20.232   71.85008 -162.15676    -0.6212    32.4089    1443.11  0.000e+00
     20.263   71.85008 -162.15676    -0.6223    32.4096    1443.11  0.000e+00
     20.325   71.85008 -162.15676    -0.6237    32.4101    1443.10  0.000e+00
     20.325   71.85008 -162.15676    -0.6252    32.4110    1443.10  0.000e+00
     20.294   71.85008 -162.15676    -0.6274    32.4117    1443.09  0.000e+00
     20.379   71.85008 -162.15676    -0.6297    32.4128    1443.08  0.000e+00
     20.379   71.85008 -162.15676    -0.6317    32.4140    1443.07  0.000e+00
     20.402   71.85008 -162.15676    -0.6329    32.4141    1443.06  0.000e+00
     20.440   71.85008 -162.15676    -0.6344    32.4144    1443.06  0.000e+00
     20.440   71.85008 -162.15676    -0.6371    32.4155    1443.05  0.000e+00
     20.440   71.85008 -162.15676    -0.6398    32.4173    1443.04  0.000e+00
     20.463   71.85008 -162.15676    -0.6421    32.4191    1443.03  0.000e+00
     20.494   71.85008 -162.15676    -0.6449    32.4210    1443.02  0.000e+00
     20.494   71.85008 -162.15676    -0.6472    32.4229    1443.01  0.000e+00
     20.517   71.85008 -162.15676    -0.6492    32.4243    1443.00  0.000e+00
     20.556   71.85008 -162.15676    -0.6507    32.4255    1443.00  0.000e+00
     20.556   71.85008 -162.15676    -0.6524    32.4271    1442.99  0.000e+00
     20.610   71.85008 -162.15676    -0.6532    32.4280    1442.99  0.000e+00
     20.579   71.85008 -162.15676    -0.6543    32.4291    1442.99  0.000e+00
     20.610   71.85008 -162.15676    -0.6552    32.4304    1442.99  0.000e+00
     20.664   71.85008 -162.15676    -0.6558    32.4310    1442.98  0.000e+00
     20.633   71.85008 -162.15676    -0.6569    32.4323    1442.98  0.000e+00
     20.726   71.85008 -162.15676    -0.6578    32.4338    1442.98  0.000e+00
     20.664   71.85008 -162.15676    -0.6583    32.4346    1442.98  0.000e+00
     20.749   71.85008 -162.15676    -0.6590    32.4352    1442.98  0.000e+00
     20.664   71.85008 -162.15676    -0.6594    32.4356    1442.97  0.000e+00
     20.780   71.85008 -162.15676    -0.6602    32.4367    1442.97  0.000e+00
     20.780   71.85008 -162.15676    -0.6603    32.4375    1442.97  0.000e+00
     20.749   71.85008 -162.15676    -0.6605    32.4380    1442.97  0.000e+00
     20.841   71.85008 -162.15676    -0.6607    32.4389    1442.98  0.000e+00
     20.780   71.85008 -162.15676    -0.6606    32.4399    1442.98  0.000e+00
     20.803   71.85008 -162.15676    -0.6608    32.4407    1442.98  0.000e+00
     20.895   71.85008 -162.15676    -0.6607    32.4413    1442.98  0.000e+00
     20.841   71.85008 -162.15676    -0.6607    32.4417    1442.98  0.000e+00
     20.895   71.85008 -162.15676    -0.6608    32.4428    1442.98  0.000e+00
     20.918   71.85008 -162.15676    -0.6608    32.4435    1442.98  0.000e+00
     20.895   71.85008 -162.15676    -0.6608    32.4444    1442.98  0.000e+00
     20.957   71.85008 -162.15676    -0.6608    32.4451    1442.98  0.000e+00
     20.918   71.85008 -162.15676    -0.6606    32.4454    1442.99  0.000e+00
     20.957   71.85008 -162.15676    -0.6604    32.4462    1442.99  0.000e+00
     21.011   71.85008 -162.15676    -0.6601    32.4469    1442.99  0.000e+00
     21.034   71.85008 -162.15676    -0.6598    32.4481    1442.99  0.000e+00
     21.011   71.85008 -162.15676    -0.6593    32.4479    1443.00  0.000e+00
     21.011   71.85008 -162.15676    -0.6587    32.4477    1443.00  0.000e+00
     21.065   71.85008 -162.15676    -0.6585    32.4484    1443.00  0.000e+00
     21.088   71.85008 -162.15676    -0.6578    32.4493    1443.01  0.000e+00
     21.127   71.85008 -162.15676    -0.6574    32.4505    1443.01  0.000e+00
     21.065   71.85008 -162.15676    -0.6569    32.4517    1443.01  0.000e+00
     21.150   71.85008 -162.15676    -0.6567    32.4528    1443.02  0.000e+00
     21.127   71.85008 -162.15676    -0.6561    32.4529    1443.02  0.000e+00
     21.181   71.85008 -162.15676    -0.6562    32.4540    1443.02  0.000e+00
     21.150   71.85008 -162.15676    -0.6558    32.4540    1443.02  0.000e+00
     21.242   71.85008 -162.15676    -0.6556    32.4548    1443.03  0.000e+00
     21.242   71.85008 -162.15676    -0.6552    32.4553    1443.03  0.000e+00
     21.204   71.85008 -162.15676    -0.6552    32.4557    1443.03  0.000e+00
     21.242   71.85008 -162.15676    -0.6549    32.4558    1443.03  0.000e+00
     21.296   71.85008 -162.15676    -0.6551    32.4567    1443.03  0.000e+00
     21.296   71.85008 -162.15676    -0.6547    32.4573    1443.04  0.000e+00
     21.266   71.85008 -162.15676    -0.6547    32.4581    1443.04  0.000e+00
     21.358   71.85008 -162.15676    -0.6547    32.4590    1443.04  0.000e+00
     21.358   71.85008 -162.15676    -0.6544    32.4593    1443.04  0.000e+00
     21.319   71.85008 -162.15676    -0.6543    32.4597    1443.04  0.000e+00
     21.412   71.85008 -162.15676    -0.6541    32.4594    1443.04  0.000e+00
     21.412   71.85008 -162.15676    -0.6543    32.4604    1443.04  0.000e+00
     21.435   71.85008 -162.15676    -0.6538    32.4610    1443.05  0.000e+00
     21.412   71.85008 -162.15676    -0.6539    32.4621    1443.05  0.000e+00
     21.412   71.85008 -162.15676    -0.6538    32.4624    1443.05  0.000e+00
     21.489   71.85008 -162.15676    -0.6538    32.4631    1443.05  0.000e+00
     21.528   71.85008 -162.15676    -0.6538    32.4635    1443.05  0.000e+00
     21.528   71.85008 -162.15676    -0.6539    32.4645    1443.05  0.000e+00
     21.528   71.85008 -162.15676    -0.6539    32.4655    1443.05  0.000e+00
     21.551   71.85008 -162.15676    -0.6544    32.4673    1443.05  0.000e+00
     21.582   71.85008 -162.15676    -0.6548    32.4678    1443.05  0.000e+00
     21.582   71.85008 -162.15676    -0.6549    32.4689    1443.05  0.000e+00
     21.605   71.85008 -162.15676    -0.6553    32.4707    1443.06  0.000e+00
     21.582   71.85008 -162.15676    -0.6553    32.4718    1443.06  0.000e+00
     21.697   71.85008 -162.15676    -0.6558    32.4732    1443.06  0.000e+00
     21.667   71.85008 -162.15676    -0.6556    32.4738    1443.06  0.000e+00
     21.697   71.85008 -162.15676    -0.6558    32.4764    1443.06  0.000e+00
     21.697   71.85008 -162.15676    -0.6561    32.4783    1443.06  0.000e+00
     21.721   71.85008 -162.15676    -0.6561    32.4801    1443.07  0.000e+00
     21.759   71.85008 -162.15676    -0.6558    32.4815    1443.07  0.000e+00
     21.759   71.85008 -162.15676    -0.6561    32.4841    1443.07  0.000e+00
     21.775   71.85008 -162.15676    -0.6564    32.4867    1443.07  0.000e+00
     21.813   71.85008 -162.15676    -0.6566    32.4898    1443.08  0.000e+00
     21.867   71.85008 -162.15676    -0.6573    32.4925    1443.08  0.000e+00
     21.836   71.85008 -162.15676    -0.6581    32.4947    1443.08  0.000e+00
     21.867   71.85008 -162.15676    -0.6593    32.4972    1443.08  0.000e+00
     21.929   71.85008 -162.15676    -0.6605    32.5003    1443.08  0.000e+00
     21.929   71.85008 -162.15676    -0.6622    32.5031    1443.07  0.000e+00
     21.952   71.85008 -162.15676    -0.6639    32.5055    1443.07  0.000e+00
     21.929   71.85008 -162.15676    -0.6657    32.5080    1443.06  0.000e+00
     21.983   71.85008 -162.15676    -0.6676    32.5098    1443.06  0.000e+00
     22.006   71.85008 -162.15676    -0.6691    32.5113    1443.05  0.000e+00
     22.044   71.85008 -162.15676    -0.6711    32.5133    1443.05  0.000e+00
     22.044   71.85008 -162.15676    -0.6736    32.5159    1443.04  0.000e+00
     22.068   71.85008 -162.15676    -0.6760    32.5180    1443.03  0.000e+00
     22.098   71.85008 -162.15676    -0.6780    32.5198    1443.02  0.000e+00
     22.160   71.85008 -162.15676    -0.6798    32.5219    1443.02  0.000e+00
     22.122   71.85008 -162.15676    -0.6822    32.5243    1443.01  0.000e+00
     22.160   71.85008 -162.15676    -0.6840    32.5256    1443.00  0.000e+00
     22.160   71.85008 -162.15676    -0.6858    32.5275    1443.00  0.000e+00
     22.237   71.85008 -162.15676    -0.6875    32.5298    1442.99  0.000e+00
     22.214   71.85008 -162.15676    -0.6895    32.5319    1442.99  0.000e+00
     22.268   71.85008 -162.15676    -0.6912    32.5335    1442.98  0.000e+00
     22.237   71.85008 -162.15676    -0.6936    32.5356    1442.97  0.000e+00
     22.330   71.85008 -162.15676    -0.6955    32.5374    1442.97  0.000e+00
     22.330   71.85008 -162.15676    -0.6970    32.5379    1442.96  0.000e+00
     22.353   71.85008 -162.15676    -0.6994    32.5393    1442.95  0.000e+00
     22.384   71.85008 -162.15676    -0.7018    32.5400    1442.94  0.000e+00
     22.330   71.85008 -162.15676    -0.7045    32.5411    1442.93  0.000e+00
     22.469   71.85008 -162.15676    -0.7072    32.5428    1442.92  0.000e+00
     22.445   71.85008 -162.15676    -0.7094    32.5439    1442.91  0.000e+00
     22.445   71.85008 -162.15676    -0.7117    32.5452    1442.90  0.000e+00
     22.469   71.85008 -162.15676    -0.7137    32.5467    1442.90  0.000e+00
     22.499   71.85008 -162.15676    -0.7155    32.5485    1442.89  0.000e+00
     22.561   71.85008 -162.15676    -0.7168    32.5493    1442.89  0.000e+00
     22.523   71.85008 -162.15676    -0.7185    32.5512    1442.88  0.000e+00
     22.615   71.85008 -162.15676    -0.7191    32.5521    1442.88  0.000e+00
     22.561   71.85008 -162.15676    -0.7202    32.5537    1442.88  0.000e+00
     22.638   71.85008 -162.15676    -0.7209    32.5545    1442.88  0.000e+00
     22.669   71.85008 -162.15676    -0.7210    32.5552    1442.88  0.000e+00
     22.669   71.85008 -162.15676    -0.7216    32.5561    1442.88  0.000e+00
     22.692   71.85008 -162.15676    -0.7217    32.5564    1442.88  0.000e+00
     22.669   71.85008 -162.15676    -0.7222    32.5573    1442.88  0.000e+00
     22.731   71.85008 -162.15676    -0.7221    32.5571    1442.88  0.000e+00
     22.808   71.85008 -162.15676    -0.7221    32.5577    1442.88  0.000e+00
     22.785   71.85008 -162.15676    -0.7223    32.5588    1442.88  0.000e+00
     22.785   71.85008 -162.15676    -0.7222    32.5594    1442.88  0.000e+00
     22.808   71.85008 -162.15676    -0.7222    32.5599    1442.88  0.000e+00
     22.900   71.85008 -162.15676    -0.7219    32.5596    1442.88  0.000e+00
     22.846   71.85008 -162.15676    -0.7218    32.5608    1442.89  0.000e+00
     22.870   71.85008 -162.15676    -0.7213    32.5617    1442.89  0.000e+00
     22.962   71.85008 -162.15676    -0.7207    32.5619    1442.89  0.000e+00
     22.962   71.85008 -162.15676    -0.7205    32.5627    1442.90  0.000e+00
     22.978   71.85008 -162.15676    -0.7198    32.5635    1442.90  0.000e+00
     22.962   71.85008 -162.15676    -0.7194    32.5641    1442.90  0.000e+00
     23.016   71.85008 -162.15676    -0.7189    32.5646    1442.91  0.000e+00
