EcoFOCI/data/1_SampleCollection/2023_SikuliaqDBO_CruiseData/CTD_raw_BottleFile_SKQ23-12S/proc/skq202312s_047.ros
* Sea-Bird SBE 9 Data File:
* FileName = D:\CTD\SKQ202312S\SKQ202312S_047.hex
* Software Version Seasave V 7.26.7.121
* Temperature SN = 6177
* Conductivity SN = 0369
* Number of Bytes Per Scan = 41
* Number of Voltage Words = 4
* Number of Scans Averaged by the Deck Unit = 1
* NMEA Latitude = 71 43.16 N
* NMEA Longitude = 161 46.33 W
* NMEA UTC (Time) = Sep 25 2023  03:05:57
* NMEA baud rate = 4800
** Ship: R/V Sikuliaq
** Station Number: 047
** Station Name: DBO4.5n
** Bottom Depth: 44
** Operator: SS
# nquan = 22
# nvalues = 735                                   
# units = specified
# name 0 = depSM: Depth [salt water, m]
# name 1 = latitude: Latitude [deg]
# name 2 = longitude: Longitude [deg]
# name 3 = prDM: Pressure, Digiquartz [db]
# name 4 = t090C: Temperature [ITS-90, deg C]
# name 5 = t190C: Temperature, 2 [ITS-90, deg C]
# name 6 = potemp090C: Potential Temperature [ITS-90, deg C]
# name 7 = sal00: Salinity, Practical [PSU]
# name 8 = sal11: Salinity, Practical, 2 [PSU]
# name 9 = density00: Density [density, kg/m^3]
# name 10 = sigma-é00: Density [sigma-theta, kg/m^3]
# name 11 = sbox0Mm/Kg: Oxygen, SBE 43 [umol/kg]
# name 12 = sbox1Mm/Kg: Oxygen, SBE 43, 2 [umol/kg]
# name 13 = oxsolMm/Kg: Oxygen Saturation, Garcia & Gordon [umol/kg]
# name 14 = sbeox0PS: Oxygen, SBE 43 [% saturation]
# name 15 = v0: Voltage 0
# name 16 = flECO-AFL: Fluorescence, WET Labs ECO-AFL/FL [mg/m^3]
# name 17 = CStarAt0: Beam Attenuation, WET Labs C-Star [1/m]
# name 18 = par: PAR/Irradiance, Biospherical/Licor
# name 19 = scan: Scan Count
# name 20 = nbf: Bottles Fired
# name 21 = flag:  0.000e+00
# interval = seconds: 0.0416667
# start_time = Sep 25 2023 03:09:44 [NMEA time, first data scan]
# bad_flag = -9.990e-29
*END*
[from data line 659]
      2.803   71.71920 -161.77274      2.832     1.8413     1.8449     1.8412    27.6285    27.6399  1022.0934    22.0799    342.580    314.765  351.26681     97.527     0.1331     0.4505     0.5129 4.0748e+01      21954         14  0.000e+00
      2.803   71.71920 -161.77274      2.832     1.8409     1.8455     1.8408    27.6295    27.6403  1022.0942    22.0807    342.564    314.799  351.26819     97.522     0.1319     0.4432     0.5117 4.0863e+01      21955         14  0.000e+00
      2.803   71.71920 -161.77274      2.832     1.8422     1.8467     1.8421    27.6294    27.6401  1022.0941    22.0806    342.533    314.653  351.25612     97.516     0.1331     0.4505     0.5129 4.0863e+01      21956         14  0.000e+00
      2.803   71.71920 -161.77274      2.832     1.8429     1.8490     1.8428    27.6293    27.6401  1022.0939    22.0804    342.508    314.876  351.25057     97.511     0.1331     0.4505     0.5129 4.0863e+01      21957         14  0.000e+00
      2.803   71.71920 -161.77274      2.832     1.8434     1.8492     1.8433    27.6298    27.6399  1022.0943    22.0808    342.484    314.733  351.24469     97.506     0.1331     0.4505     0.5129 4.0979e+01      21958         14  0.000e+00
      2.803   71.71920 -161.77274      2.832     1.8447     1.8486     1.8446    27.6305    27.6398  1022.0948    22.0813    342.492    314.764  351.23070     97.512     0.1331     0.4505     0.5141 4.0979e+01      21959         14  0.000e+00
      2.803   71.71920 -161.77274      2.832     1.8462     1.8475     1.8461    27.6308    27.6395  1022.0950    22.0815    342.695    315.018  351.21705     97.573     0.1319     0.4432     0.5259 4.0979e+01      21960         14  0.000e+00
      2.657   71.71920 -161.77274      2.684     1.8467     1.8467     1.8465    27.6310    27.6397  1022.0944    22.0816    342.469    314.876  351.21209     97.511     0.1331     0.4505     0.5318 4.0863e+01      21961         14  0.000e+00
      2.865   71.71920 -161.77274      2.895     1.8472     1.8469     1.8471    27.6306    27.6398  1022.0951    22.0813    342.731    315.142  351.20768     97.586     0.1331     0.4505     0.5318 4.0863e+01      21962         14  0.000e+00
      2.803   71.71920 -161.77274      2.832     1.8482     1.8479     1.8481    27.6307    27.6395  1022.0948    22.0813    342.505    315.214  351.19913     97.525     0.1319     0.4432     0.5318 4.0863e+01      21963         14  0.000e+00
      2.750   71.71920 -161.77274      2.778     1.8508     1.8485     1.8507    27.6310    27.6399  1022.0946    22.0814    342.457    315.269  351.17438     97.518     0.1319     0.4432     0.5306 4.0979e+01      21964         14  0.000e+00
      2.750   71.71920 -161.77274      2.778     1.8544     1.8485     1.8543    27.6318    27.6397  1022.0950    22.0818    342.401    315.340  351.13993     97.511     0.1331     0.4505     0.5306 4.0979e+01      21965         14  0.000e+00
      2.803   71.71920 -161.77274      2.832     1.8576     1.8478     1.8574    27.6308    27.6389  1022.0944    22.0808    342.357    315.635  351.11456     97.506     0.1343     0.4579     0.5318 4.0979e+01      21966         14  0.000e+00
      2.750   71.71920 -161.77274      2.778     1.8594     1.8469     1.8593    27.6297    27.6385  1022.0930    22.0798    342.321    315.513  351.10109     97.499     0.1319     0.4432     0.5318 4.0979e+01      21967         14  0.000e+00
      2.750   71.71920 -161.77274      2.778     1.8615     1.8457     1.8614    27.6281    27.6388  1022.0917    22.0785    342.562    315.584  351.08656     97.572     0.1270     0.4139     0.5306 4.0863e+01      21968         14  0.000e+00
      2.804   71.71920 -161.77274      2.832     1.8622     1.8443     1.8621    27.6275    27.6394  1022.0914    22.0779    342.386    315.663  351.08147     97.523     0.1233     0.3919     0.5318 4.0979e+01      21969         14  0.000e+00
      2.750   71.71920 -161.77274      2.778     1.8603     1.8444     1.8602    27.6277    27.6394  1022.0914    22.0782    342.426    315.731  351.09808     97.530     0.1245     0.3993     0.5318 4.0863e+01      21970         14  0.000e+00
      2.750   71.71920 -161.77274      2.778     1.8586     1.8452     1.8585    27.6266    27.6389  1022.0907    22.0774    342.432    316.011  351.11615     97.527     0.1233     0.3919     0.5318 4.0633e+01      21971         14  0.000e+00
      2.750   71.71920 -161.77274      2.778     1.8569     1.8453     1.8568    27.6253    27.6392  1022.0897    22.0764    342.672    316.115  351.13548     97.590     0.1245     0.3993     0.5318 4.0633e+01      21972         14  0.000e+00
      2.750   71.71920 -161.77274      2.778     1.8543     1.8452     1.8542    27.6250    27.6394  1022.0896    22.0763    342.488    316.226  351.15969     97.530     0.1233     0.3919     0.5318 4.0405e+01      21973         14  0.000e+00
      2.750   71.71920 -161.77274      2.778     1.8524     1.8450     1.8523    27.6256    27.6400  1022.0902    22.0770    342.489    316.314  351.17507     97.527     0.1233     0.3919     0.5306 4.0178e+01      21974         14  0.000e+00
      2.750   71.71920 -161.77274      2.778     1.8523     1.8458     1.8522    27.6262    27.6390  1022.0907    22.0774    342.513    316.400  351.17458     97.534     0.1233     0.3919     0.5318 4.0178e+01      21975         14  0.000e+00
      2.750   71.71920 -161.77274      2.778     1.8534     1.8460     1.8533    27.6276    27.6391  1022.0917    22.0785    342.249    316.466  351.16099     97.462     0.1245     0.3993     0.5318 4.0064e+01      21976         14  0.000e+00
      2.750   71.71920 -161.77274      2.778     1.8549     1.8460     1.8548    27.6284    27.6393  1022.0923    22.0790    342.414    316.535  351.14522     97.514     0.1245     0.3993     0.5318 3.9952e+01      21977         14  0.000e+00
      2.750   71.71920 -161.77274      2.778     1.8552     1.8457     1.8551    27.6290    27.6396  1022.0928    22.0795    342.396    316.819  351.14052     97.510     0.1233     0.3919     0.5318 3.9952e+01      21978         14  0.000e+00
      2.750   71.71920 -161.77274      2.778     1.8546     1.8460     1.8545    27.6295    27.6397  1022.0932    22.0800    342.388    316.914  351.14450     97.506     0.1245     0.3993     0.5318 3.9839e+01      21979         14  0.000e+00
      2.750   71.71920 -161.77274      2.778     1.8547     1.8461     1.8546    27.6303    27.6396  1022.0938    22.0806    342.371    317.013  351.14145     97.502     0.1233     0.3919     0.5271 3.9504e+01      21980         14  0.000e+00
      2.806   71.71920 -161.77274      2.835     1.8599     1.8590     1.8598    27.6295    27.6383  1022.0931    22.0796    342.598    317.766  351.09721     97.579     0.1099     0.3113     0.5141 4.0863e+01      22106         15  0.000e+00
      2.806   71.71920 -161.77274      2.835     1.8601     1.8590     1.8600    27.6301    27.6382  1022.0936    22.0801    342.617    317.748  351.09400     97.586     0.1111     0.3187     0.5141 4.0863e+01      22107         15  0.000e+00
      2.867   71.71920 -161.77274      2.897     1.8603     1.8587     1.8602    27.6307    27.6378  1022.0944    22.0806    342.639    317.734  351.08985     97.593     0.1099     0.3113     0.5141 4.0863e+01      22108         15  0.000e+00
      2.806   71.71920 -161.77274      2.835     1.8613     1.8576     1.8612    27.6312    27.6385  1022.0944    22.0809    342.648    317.718  351.07994     97.598     0.1099     0.3113     0.5141 4.0863e+01      22109         15  0.000e+00
      2.868   71.71920 -161.77274      2.897     1.8619     1.8574     1.8618    27.6302    27.6387  1022.0939    22.0801    342.670    317.697  351.07716     97.605     0.1099     0.3113     0.5141 4.0863e+01      22110         15  0.000e+00
      2.806   71.71920 -161.77274      2.835     1.8621     1.8574     1.8620    27.6293    27.6383  1022.0929    22.0793    342.691    317.669  351.07812     97.611     0.1099     0.3113     0.5141 4.0863e+01      22111         15  0.000e+00
      2.868   71.71920 -161.77274      2.897     1.8619     1.8574     1.8618    27.6290    27.6385  1022.0930    22.0791    342.719    317.852  351.08029     97.618     0.1099     0.3113     0.5141 4.0863e+01      22112         15  0.000e+00
      2.868   71.71920 -161.77274      2.897     1.8619     1.8569     1.8618    27.6294    27.6395  1022.0933    22.0795    342.975    317.847  351.07918     97.692     0.1099     0.3113     0.5141 4.0863e+01      22113         15  0.000e+00
      2.868   71.71920 -161.77274      2.897     1.8626     1.8577     1.8625    27.6296    27.6394  1022.0934    22.0796    342.794    317.831  351.07272     97.642     0.1099     0.3113     0.5141 4.0748e+01      22114         15  0.000e+00
      2.868   71.71920 -161.77274      2.897     1.8628     1.8585     1.8627    27.6295    27.6389  1022.0933    22.0795    342.772    317.812  351.07118     97.636     0.1099     0.3113     0.5141 4.0633e+01      22115         15  0.000e+00
      2.806   71.71920 -161.77274      2.835     1.8626     1.8591     1.8625    27.6285    27.6386  1022.0922    22.0787    342.794    317.789  351.07577     97.641     0.1111     0.3187     0.5141 4.0633e+01      22116         15  0.000e+00
      2.945   71.71920 -161.77274      2.975     1.8624     1.8591     1.8623    27.6281    27.6384  1022.0925    22.0784    342.782    317.776  351.07845     97.637     0.1099     0.3113     0.5141 4.0633e+01      22117         15  0.000e+00
      2.868   71.71920 -161.77274      2.897     1.8610     1.8595     1.8609    27.6284    27.6381  1022.0925    22.0787    342.810    317.748  351.09037     97.641     0.1111     0.3187     0.5141 4.0405e+01      22118         15  0.000e+00
      2.868   71.71920 -161.77274      2.897     1.8590     1.8588     1.8589    27.6299    27.6386  1022.0938    22.0800    342.844    317.727  351.10444     97.647     0.1099     0.3113     0.5141 4.0291e+01      22119         15  0.000e+00
      2.868   71.71920 -161.77274      2.897     1.8576     1.8587     1.8574    27.6318    27.6384  1022.0955    22.0816    342.871    317.701  351.11191     97.653     0.1099     0.3113     0.5141 4.0291e+01      22120         15  0.000e+00
      2.868   71.71920 -161.77274      2.897     1.8580     1.8583     1.8579    27.6323    27.6382  1022.0958    22.0820    342.883    317.699  351.10614     97.658     0.1160     0.3480     0.5129 3.9952e+01      22121         15  0.000e+00
      2.868   71.71920 -161.77274      2.897     1.8583     1.8579     1.8582    27.6329    27.6383  1022.0963    22.0825    342.856    317.695  351.10211     97.651     0.1209     0.3773     0.5117 3.9839e+01      22122         15  0.000e+00
      2.922   71.71920 -161.77274      2.952     1.8594     1.8577     1.8593    27.6323    27.6380  1022.0960    22.0819    342.824    317.690  351.09394     97.645     0.1197     0.3699     0.5105 3.9839e+01      22123         15  0.000e+00
      2.922   71.71920 -161.77274      2.952     1.8603     1.8581     1.8602    27.6320    27.6379  1022.0957    22.0816    342.830    317.885  351.08639     97.648     0.1209     0.3773     0.5105 3.9615e+01      22124         15  0.000e+00
      2.868   71.71920 -161.77274      2.897     1.8611     1.8581     1.8610    27.6320    27.6383  1022.0954    22.0816    343.069    317.893  351.07965     97.718     0.1197     0.3699     0.5105 3.9504e+01      22125         15  0.000e+00
      2.922   71.71920 -161.77274      2.952     1.8619     1.8588     1.8618    27.6320    27.6379  1022.0956    22.0815    342.841    317.896  351.07238     97.655     0.1197     0.3699     0.5105 3.9504e+01      22126         15  0.000e+00
      2.868   71.71920 -161.77274      2.897     1.8626     1.8591     1.8625    27.6310    27.6375  1022.0945    22.0807    342.846    317.896  351.06899     97.658     0.1209     0.3773     0.5105 3.9281e+01      22127         15  0.000e+00
      2.922   71.71920 -161.77274      2.952     1.8632     1.8590     1.8631    27.6305    27.6377  1022.0943    22.0802    342.814    318.137  351.06509     97.650     0.1197     0.3699     0.5105 3.9060e+01      22128         15  0.000e+00
      2.922   71.71920 -161.77274      2.952     1.8638     1.8593     1.8637    27.6302    27.6381  1022.0941    22.0800    342.778    318.182  351.06041     97.641     0.1209     0.3773     0.5105 3.9060e+01      22129         15  0.000e+00
      2.868   71.71920 -161.77274      2.898     1.8641     1.8593     1.8640    27.6301    27.6382  1022.0937    22.0799    342.780    318.253  351.05777     97.642     0.1197     0.3699     0.5105 3.8841e+01      22130         15  0.000e+00
      2.984   71.71920 -161.77274      3.014     1.8639     1.8590     1.8638    27.6305    27.6384  1022.0946    22.0802    342.794    318.305  351.05819     97.646     0.1209     0.3773     0.5105 3.8514e+01      22131         15  0.000e+00
      2.868   71.71920 -161.77274      2.898     1.8641     1.8585     1.8640    27.6302    27.6389  1022.0937    22.0799    342.797    318.344  351.05767     97.647     0.1197     0.3699     0.5105 3.8405e+01      22132         15  0.000e+00
      2.922   71.71920 -161.77274      2.952     1.8644     1.8582     1.8643    27.6295    27.6389  1022.0935    22.0794    342.806    318.388  351.05648     97.650     0.1209     0.3773     0.5105 3.8297e+01      22133         15  0.000e+00
      2.922   71.71920 -161.77274      2.952     1.8652     1.8577     1.8651    27.6293    27.6390  1022.0933    22.0792    342.806    318.426  351.04965     97.652     0.1197     0.3699     0.5105 3.8189e+01      22134         15  0.000e+00
      2.922   71.71920 -161.77274      2.952     1.8654     1.8576     1.8652    27.6292    27.6388  1022.0932    22.0791    342.814    318.460  351.04903     97.654     0.1209     0.3773     0.5105 3.8082e+01      22135         15  0.000e+00
      2.922   71.71920 -161.77274      2.952     1.8658     1.8574     1.8657    27.6286    27.6385  1022.0927    22.0786    342.777    318.700  351.04618     97.645     0.1197     0.3699     0.5105 3.8082e+01      22136         15  0.000e+00
      2.922   71.71920 -161.77274      2.952     1.8657     1.8573     1.8656    27.6286    27.6387  1022.0927    22.0786    342.745    318.751  351.04757     97.635     0.1209     0.3773     0.5105 3.7867e+01      22137         15  0.000e+00
      2.922   71.71920 -161.77274      2.952     1.8660     1.8573     1.8659    27.6281    27.6388  1022.0923    22.0782    342.748    318.587  351.04601     97.636     0.1209     0.3773     0.5105 3.7867e+01      22138         15  0.000e+00
      2.922   71.71920 -161.77274      2.952     1.8661     1.8571     1.8660    27.6280    27.6389  1022.0922    22.0781    342.752    318.814  351.04538     97.637     0.1197     0.3699     0.5105 3.7761e+01      22139         15  0.000e+00
      2.922   71.71920 -161.77274      2.952     1.8658     1.8573     1.8657    27.6280    27.6388  1022.0922    22.0781    342.759    318.851  351.04769     97.639     0.1209     0.3773     0.5105 3.7974e+01      22140         15  0.000e+00
      2.891   71.71920 -161.77274      2.921     1.8661     1.8576     1.8660    27.6281    27.6391  1022.0921    22.0782    342.678    318.907  351.04504     97.617     0.1197     0.3699     0.5129 3.7974e+01      22141         15  0.000e+00
      2.922   71.71920 -161.77274      2.952     1.8670     1.8576     1.8669    27.6274    27.6390  1022.0916    22.0775    342.674    318.730  351.03920     97.617     0.1209     0.3773     0.5271 3.7974e+01      22142         15  0.000e+00
      2.984   71.71920 -161.77274      3.015     1.8674     1.8587     1.8673    27.6274    27.6385  1022.0919    22.0776    342.675    318.726  351.03564     97.618     0.1197     0.3699     0.5342 3.8082e+01      22143         15  0.000e+00
