EcoFOCI/data/1_SampleCollection/2023_SikuliaqDBO_CruiseData/CTD_raw_BottleFile_SKQ23-12S/proc/skq202312s_074.cnv
* Sea-Bird SBE 9 Data File:
* FileName = D:\CTD\SKQ202312S\SKQ202312S_074.hex
* Software Version Seasave V 7.26.7.121
* Temperature SN = 6177
* Conductivity SN = 0369
* Number of Bytes Per Scan = 41
* Number of Voltage Words = 4
* Number of Scans Averaged by the Deck Unit = 1
* NMEA Latitude = 68 11.23 N
* NMEA Longitude = 167 17.73 W
* NMEA UTC (Time) = Oct 02 2023  03:41:14
* NMEA baud rate = 4800
** Ship: R/V Sikuliaq
** Station Number: 074
** Station Name: DBO3.3
** Bottom Depth: 47
** Operator: SD
# nquan = 24
# nvalues = 4146                                  
# units = specified
# name 0 = depSM: Depth [salt water, m]
# name 1 = latitude: Latitude [deg]
# name 2 = longitude: Longitude [deg]
# name 3 = prDM: Pressure, Digiquartz [db]
# name 4 = t090C: Temperature [ITS-90, deg C]
# name 5 = t190C: Temperature, 2 [ITS-90, deg C]
# name 6 = potemp090C: Potential Temperature [ITS-90, deg C]
# name 7 = sal00: Salinity, Practical [PSU]
# name 8 = sal11: Salinity, Practical, 2 [PSU]
# name 9 = density00: Density [density, kg/m^3]
# name 10 = sigma-é00: Density [sigma-theta, kg/m^3]
# name 11 = sbox0Mm/Kg: Oxygen, SBE 43 [umol/kg]
# name 12 = sbox1Mm/Kg: Oxygen, SBE 43, 2 [umol/kg]
# name 13 = oxsolMm/Kg: Oxygen Saturation, Garcia & Gordon [umol/kg]
# name 14 = sbeox0PS: Oxygen, SBE 43 [% saturation]
# name 15 = sbeox1PS: Oxygen, SBE 43, 2 [% saturation]
# name 16 = v0: Voltage 0
# name 17 = flECO-AFL: Fluorescence, WET Labs ECO-AFL/FL [mg/m^3]
# name 18 = v1: Voltage 1
# name 19 = CStarAt0: Beam Attenuation, WET Labs C-Star [1/m]
# name 20 = par: PAR/Irradiance, Biospherical/Licor
# name 21 = scan: Scan Count
# name 22 = timeM: Time, Elapsed [minutes]
# name 23 = flag:  0.000e+00
# span 0 =      2.364,     42.384                 
# span 1 =   68.18698,   68.18702                 
# span 2 = -167.29566, -167.29562                 
# span 3 =      2.388,     42.818                 
# span 4 =     3.3167,     6.4617                 
# span 5 =     3.3171,     6.4657                 
# span 6 =     3.3142,     6.4614                 
# span 7 =    25.7777,    32.2111                 
# span 8 =    25.7372,    32.1201                 
# span 9 =  1020.2402,  1025.7551                 
# span 10 =    20.2253,    25.5767                
# span 11 =    261.306,    294.063                
# span 12 =    246.444,    280.632                
# span 13 =  308.69516,  327.27067                
# span 14 =     81.523,     93.120                
# span 15 =     77.171,     88.559                
# span 16 =     0.0684,     0.3028                
# span 17 =     0.0623,     1.4688                
# span 18 =     3.3358,     4.0464                
# span 19 =     0.6095,     1.3823                
# span 20 = 1.0000e-12, 2.1108e+01                
# span 21 =          1,       4146                
# span 22 =     0.0000,     2.8785                
# span 23 = 0.0000e+00, 0.0000e+00                
# interval = seconds: 0.0416667
# start_time = Oct 02 2023 03:44:53 [NMEA time, first data scan]
# bad_flag = -9.990e-29
*END*
[from data line 544]
      6.366   68.18700 -167.29564      6.430     6.3341     6.3224     6.3336    29.0815    29.2427  1022.8709    22.8411    287.569    273.047  311.27454     92.385     87.800     0.2540     1.1758     3.8864     0.7709 4.0259e+00        545     0.3778  0.000e+00
      6.427   68.18700 -167.29564      6.492     6.3344     6.3216     6.3339    29.0990    29.2469  1022.8849    22.8548    287.534    273.188  311.23183     92.386     87.846     0.2552     1.1831     3.8877     0.7696 4.0259e+00        546     0.3785  0.000e+00
      6.366   68.18700 -167.29564      6.430     6.3343     6.3210     6.3338    29.1146    29.2482  1022.8969    22.8671    287.502    273.163  311.19707     92.386     87.838     0.2540     1.1758     3.8877     0.7696 4.0027e+00        547     0.3792  0.000e+00
      6.427   68.18700 -167.29564      6.492     6.3338     6.3211     6.3333    29.1208    29.2367  1022.9022    22.8721    287.498    273.178  311.18640     92.388     87.835     0.2552     1.1831     3.8877     0.7696 3.9911e+00        548     0.3799  0.000e+00
      6.366   68.18700 -167.29564      6.430     6.3340     6.3223     6.3335    29.1192    29.2172  1022.9006    22.8708    287.500    273.193  311.18874     92.388     87.830     0.2540     1.1758     3.8889     0.7684 3.9796e+00        549     0.3806  0.000e+00
      6.427   68.18700 -167.29564      6.492     6.3338     6.3237     6.3333    29.1155    29.2026  1022.8980    22.8679    287.485    273.198  311.19867     92.380     87.825     0.2552     1.1831     3.8889     0.7684 3.9681e+00        550     0.3812  0.000e+00
      6.481   68.18700 -167.29564      6.547     6.3330     6.3245     6.3325    29.1118    29.1971  1022.8955    22.8651    287.502    273.203  311.21300     92.381     87.824     0.2540     1.1758     3.8877     0.7696 3.9566e+00        551     0.3819  0.000e+00
      6.427   68.18700 -167.29564      6.492     6.3322     6.3246     6.3317    29.1096    29.1974  1022.8935    22.8634    287.512    273.015  311.22407     92.381     87.764     0.2540     1.1758     3.8877     0.7696 3.9452e+00        552     0.3826  0.000e+00
      6.427   68.18700 -167.29564      6.492     6.3322     6.3245     6.3317    29.1122    29.1981  1022.8956    22.8655    287.507    273.168  311.21810     92.381     87.814     0.2540     1.1758     3.8877     0.7696 3.9452e+00        553     0.3833  0.000e+00
      6.481   68.18700 -167.29564      6.547     6.3325     6.3247     6.3320    29.1185    29.1958  1022.9008    22.8704    287.494    273.163  311.20091     92.382     87.811     0.2552     1.1831     3.8889     0.7684 3.9566e+00        554     0.3840  0.000e+00
      6.481   68.18700 -167.29564      6.547     6.3325     6.3245     6.3320    29.1210    29.1943  1022.9027    22.8724    287.490    273.154  311.19536     92.383     87.807     0.2552     1.1831     3.8877     0.7696 3.9566e+00        555     0.3847  0.000e+00
      6.481   68.18700 -167.29564      6.547     6.3322     6.3240     6.3316    29.1249    29.1948  1022.9059    22.8755    287.457    272.960  311.18887     92.374     87.744     0.2540     1.1758     3.8877     0.7696 3.9566e+00        556     0.3854  0.000e+00
      6.481   68.18700 -167.29564      6.547     6.3322     6.3238     6.3316    29.1392    29.1961  1022.9171    22.8868    287.426    273.101  311.15600     92.374     87.790     0.2552     1.1831     3.8877     0.7696 3.9681e+00        557     0.3861  0.000e+00
      6.481   68.18700 -167.29564      6.547     6.3307     6.3230     6.3302    29.1570    29.1997  1022.9313    22.9010    287.399    273.078  311.12546     92.374     87.783     0.2540     1.1758     3.8877     0.7696 3.9681e+00        558     0.3868  0.000e+00
      6.512   68.18700 -167.29564      6.578     6.3283     6.3176     6.3278    29.1772    29.2185  1022.9476    22.9172    287.375    272.875  311.09649     92.375     87.719     0.2552     1.1831     3.8877     0.7696 3.9681e+00        559     0.3875  0.000e+00
      6.481   68.18700 -167.29564      6.547     6.3246     6.3073     6.3241    29.2018    29.2575  1022.9673    22.9370    287.350    272.841  311.06689     92.376     87.712     0.2540     1.1758     3.8877     0.7696 3.9796e+00        560     0.3882  0.000e+00
      6.481   68.18700 -167.29564      6.547     6.3200     6.3008     6.3195    29.2241    29.2940  1022.9854    22.9551    287.337    272.964  311.04945     92.377     87.762     0.2552     1.1831     3.8877     0.7696 3.9796e+00        561     0.3889  0.000e+00
      6.543   68.18700 -167.29564      6.609     6.3162     6.2994     6.3156    29.2385    29.3119  1022.9976    22.9669    286.883    272.928  311.04431     92.232     87.759     0.2540     1.1758     3.8877     0.7696 3.9796e+00        562     0.3896  0.000e+00
      6.481   68.18700 -167.29564      6.547     6.3130     6.2995     6.3125    29.2497    29.3163  1023.0065    22.9761    287.221    272.902  311.04149     92.342     87.753     0.2552     1.1831     3.8877     0.7696 3.9911e+00        563     0.3903  0.000e+00
      6.543   68.18700 -167.29564      6.609     6.3103     6.3016     6.3097    29.2514    29.3138  1023.0084    22.9778    287.240    272.897  311.05760     92.343     87.755     0.2540     1.1758     3.8877     0.7696 3.9911e+00        564     0.3910  0.000e+00
      6.543   68.18700 -167.29564      6.609     6.3078     6.3021     6.3073    29.2379    29.3065  1022.9980    22.9674    287.287    272.890  311.10639     92.344     87.749     0.2552     1.1831     3.8877     0.7696 3.9911e+00        565     0.3917  0.000e+00
      6.481   68.18700 -167.29564      6.547     6.3057     6.3033     6.3052    29.2272    29.2950  1022.9895    22.9592    287.323    272.703  311.14624     92.344     87.683     0.2552     1.1831     3.8901     0.7671 4.0143e+00        566     0.3924  0.000e+00
      6.543   68.18700 -167.29564      6.609     6.3040     6.3050     6.3035    29.2166    29.2810  1022.9817    22.9511    287.162    272.682  311.18308     92.281     87.671     0.2540     1.1758     3.8901     0.7671 4.0259e+00        567     0.3931  0.000e+00
      6.543   68.18700 -167.29564      6.609     6.3029     6.3069     6.3024    29.2088    29.2631  1022.9757    22.9450    287.161    272.860  311.20923     92.273     87.721     0.2564     1.1905     3.8901     0.7671 4.0259e+00        568     0.3937  0.000e+00
      6.543   68.18700 -167.29564      6.609     6.3039     6.3101     6.3033    29.2027    29.2429  1022.9707    22.9401    287.141    272.873  311.21624     92.264     87.718     0.2491     1.1465     3.8901     0.7671 4.0493e+00        569     0.3944  0.000e+00
      6.543   68.18700 -167.29564      6.609     6.3037     6.3105     6.3031    29.1940    29.2318  1022.9639    22.9333    287.136    272.866  311.23761     92.256     87.710     0.2381     1.0806     3.8901     0.7671 4.0728e+00        570     0.3951  0.000e+00
      6.481   68.18700 -167.29564      6.547     6.3037     6.3119     6.3031    29.1762    29.2250  1022.9496    22.9193    287.148    272.839  311.27845     92.248     87.700     0.2344     1.0586     3.8901     0.7671 4.0728e+00        571     0.3958  0.000e+00
      6.543   68.18700 -167.29564      6.609     6.3029     6.3141     6.3024    29.1668    29.2170  1022.9426    22.9120    287.154    272.830  311.30559     92.242     87.696     0.2344     1.0586     3.8901     0.7671 4.0846e+00        572     0.3965  0.000e+00
      6.543   68.18700 -167.29564      6.609     6.3016     6.3157     6.3011    29.1705    29.2098  1022.9457    22.9150    287.135    272.820  311.30671     92.235     87.691     0.2344     1.0586     3.8901     0.7671 4.1083e+00        573     0.3972  0.000e+00
      6.481   68.18700 -167.29564      6.547     6.2989     6.3166     6.2984    29.1976    29.2058  1022.9670    22.9367    287.275    272.625  311.26409     92.293     87.628     0.2344     1.0586     3.8901     0.7671 4.1202e+00        574     0.3979  0.000e+00
      6.512   68.18700 -167.29564      6.578     6.2965     6.3173     6.2960    29.2311    29.2032  1022.9939    22.9634    287.061    272.592  311.20451     92.242     87.617     0.2344     1.0586     3.8901     0.7671 4.1321e+00        575     0.3986  0.000e+00
      6.543   68.18700 -167.29564      6.609     6.2953     6.3181     6.2948    29.2632    29.1979  1023.0195    22.9888    286.986    272.564  311.13961     92.237     87.606     0.2357     1.0659     3.8901     0.7671 4.1561e+00        576     0.3993  0.000e+00
      6.543   68.18700 -167.29564      6.609     6.2942     6.3192     6.2937    29.2703    29.1892  1023.0251    22.9945    286.963    272.359  311.13120     92.232     87.537     0.2357     1.0659     3.8901     0.7671 4.1561e+00        577     0.4000  0.000e+00
      6.543   68.18700 -167.29564      6.609     6.2937     6.3203     6.2932    29.2308    29.1807  1022.9941    22.9635    287.034    272.334  311.22510     92.227     87.526     0.2344     1.0586     3.8901     0.7671 4.1681e+00        578     0.4007  0.000e+00
      6.481   68.18700 -167.29564      6.547     6.2950     6.3221     6.2945    29.1852    29.1773  1022.9577    22.9274    287.105    272.293  311.32070     92.222     87.514     0.2357     1.0659     3.8901     0.7671 4.1802e+00        579     0.4014  0.000e+00
      6.543   68.18700 -167.29564      6.609     6.2982     6.3231     6.2977    29.1437    29.1782  1022.9249    22.8943    286.960    272.432  311.39288     92.154     87.561     0.2344     1.0586     3.8901     0.7671 4.1923e+00        580     0.4021  0.000e+00
      6.481   68.18700 -167.29564      6.547     6.3035     6.3237     6.3030    29.1188    29.1803  1022.9044    22.8741    286.933    272.406  311.41156     92.139     87.556     0.2357     1.0659     3.8901     0.7671 4.1923e+00        581     0.4028  0.000e+00
      6.543   68.18700 -167.29564      6.609     6.3085     6.3245     6.3080    29.1130    29.1791  1022.8995    22.8689    287.272    272.372  311.38870     92.255     87.545     0.2344     1.0586     3.8901     0.7671 4.2288e+00        582     0.4035  0.000e+00
      6.481   68.18700 -167.29564      6.547     6.3123     6.3253     6.3118    29.1140    29.1677  1022.8996    22.8692    286.891    272.192  311.35865     92.141     87.482     0.2357     1.0659     3.8901     0.7671 4.2411e+00        583     0.4042  0.000e+00
      6.543   68.18700 -167.29564      6.609     6.3146     6.3267     6.3141    29.1193    29.1446  1022.9038    22.8731    286.832    272.376  311.32977     92.131     87.529     0.2344     1.0586     3.8901     0.7671 4.2411e+00        584     0.4049  0.000e+00
      6.481   68.18700 -167.29564      6.547     6.3160     6.3288     6.3155    29.1215    29.1159  1022.9051    22.8747    286.784    272.223  311.31426     92.120     87.466     0.2357     1.0659     3.8901     0.7671 4.2656e+00        585     0.4056  0.000e+00
      6.481   68.18700 -167.29564      6.547     6.3170     6.3304     6.3165    29.1178    29.0909  1022.9020    22.8717    286.786    272.230  311.31576     92.121     87.455     0.2344     1.0586     3.8864     0.7709 4.2780e+00        586     0.4063  0.000e+00
      6.543   68.18700 -167.29564      6.609     6.3185     6.3312     6.3180    29.1135    29.0746  1022.8987    22.8681    286.761    272.228  311.31426     92.113     87.445     0.2357     1.0659     3.8840     0.7734 4.2780e+00        587     0.4069  0.000e+00
      6.481   68.18700 -167.29564      6.547     6.3195     6.3323     6.3190    29.1134    29.0618  1022.8982    22.8679    286.730    272.232  311.30748     92.105     87.441     0.2357     1.0659     3.8840     0.7734 4.3028e+00        588     0.4076  0.000e+00
      6.481   68.18700 -167.29564      6.547     6.3195     6.3332     6.3190    29.1190    29.0522  1022.9027    22.8724    286.698    272.234  311.29445     92.099     87.437     0.2344     1.0586     3.8852     0.7722 4.3152e+00        589     0.4083  0.000e+00
      6.481   68.18700 -167.29564      6.547     6.3175     6.3340     6.3170    29.1328    29.0466  1022.9138    22.8835    286.666    272.211  311.27717     92.094     87.428     0.2357     1.0659     3.8852     0.7722 4.3152e+00        590     0.4090  0.000e+00
      6.458   68.18700 -167.29564      6.523     6.3157     6.3347     6.3152    29.1507    29.0433  1022.9280    22.8978    286.626    272.186  311.24933     92.089     87.419     0.2344     1.0586     3.8852     0.7722 4.3277e+00        591     0.4097  0.000e+00
      6.481   68.18700 -167.29564      6.547     6.3139     6.3351     6.3134    29.1650    29.0422  1022.9396    22.9092    286.399    272.159  311.22956     92.022     87.411     0.2357     1.0659     3.8852     0.7722 4.3402e+00        592     0.4104  0.000e+00
      6.427   68.18700 -167.29564      6.492     6.3120     6.3297     6.3115    29.1775    29.0677  1022.9494    22.9193    286.318    271.938  311.21492     92.000     87.345     0.2344     1.0586     3.8852     0.7722 4.3402e+00        593     0.4111  0.000e+00
      6.481   68.18700 -167.29564      6.547     6.3101     6.3146     6.3096    29.1822    29.1447  1022.9536    22.9232    286.290    272.028  311.21809     91.990     87.393     0.2357     1.0659     3.8840     0.7734 4.3528e+00        594     0.4118  0.000e+00
      6.481   68.18700 -167.29564      6.547     6.3086     6.3033     6.3081    29.1842    29.2223  1022.9553    22.9250    286.265    271.767  311.22390     91.980     87.336     0.2418     1.1025     3.8840     0.7734 4.3654e+00        595     0.4125  0.000e+00
      6.427   68.18700 -167.29564      6.492     6.3059     6.3024     6.3054    29.1968    29.2541  1022.9653    22.9352    286.229    271.687  311.21497     91.971     87.329     0.2479     1.1392     3.8840     0.7734 4.3780e+00        596     0.4132  0.000e+00
      6.481   68.18700 -167.29564      6.547     6.3034     6.3065     6.3028    29.2018    29.2507  1022.9698    22.9395    286.214    271.649  311.22195     91.965     87.323     0.2479     1.1392     3.8852     0.7722 4.3780e+00        597     0.4139  0.000e+00
      6.427   68.18700 -167.29564      6.492     6.3013     6.3103     6.3008    29.2029    29.2320  1022.9707    22.9406    286.205    271.642  311.23446     91.958     87.316     0.2479     1.1392     3.8840     0.7734 4.3906e+00        598     0.4146  0.000e+00
      6.427   68.18700 -167.29564      6.492     6.3005     6.3063     6.3000    29.2062    29.2431  1022.9733    22.9433    286.186    271.455  311.23296     91.952     87.255     0.2479     1.1392     3.8852     0.7722 4.3906e+00        599     0.4153  0.000e+00
      6.427   68.18700 -167.29564      6.492     6.2995     6.3025     6.2990    29.1940    29.2636  1022.9639    22.9338    286.205    271.411  311.26794     91.948     87.246     0.2466     1.1319     3.8852     0.7722 4.4033e+00        600     0.4160  0.000e+00
      6.481   68.18700 -167.29564      6.547     6.3003     6.3026     6.2998    29.1694    29.2626  1022.9447    22.9143    286.243    271.370  311.31856     91.945     87.233     0.2479     1.1392     3.8852     0.7722 4.4161e+00        601     0.4167  0.000e+00
      6.427   68.18700 -167.29564      6.492     6.3011     6.3030     6.3006    29.1208    29.2548  1022.9060    22.8759    286.330    271.358  311.42438     91.942     87.224     0.2466     1.1319     3.8852     0.7722 4.4288e+00        602     0.4174  0.000e+00
      6.365   68.18700 -167.29564      6.430     6.3035     6.3035     6.3030    29.0695    29.2394  1022.8650    22.8352    286.415    271.363  311.52490     91.940     87.217     0.2479     1.1392     3.8852     0.7722 4.4288e+00        603     0.4181  0.000e+00
