EcoFOCI/data/1_SampleCollection/2023_SikuliaqDBO_CruiseData/CTD_raw_BottleFile_SKQ23-12S/proc/skq202312s_001.cnv
* Sea-Bird SBE 9 Data File:
* FileName = D:\CTD\SKQ202312S\SKQ202312S_001.hex
* Software Version Seasave V 7.26.7.121
* Temperature SN = 6177
* Conductivity SN = 0369
* Number of Bytes Per Scan = 41
* Number of Voltage Words = 4
* Number of Scans Averaged by the Deck Unit = 1
* NMEA Latitude = 62 11.69 N
* NMEA Longitude = 174 40.42 W
* NMEA UTC (Time) = Sep 14 2023  13:19:49
* NMEA baud rate = 4800
** Ship: R/V Sikuliaq
** Station Number: 001
** Station Name: Mooring M8
** Bottom Depth: 73
** Operator: SD
# nquan = 24
# nvalues = 8691                                  
# units = specified
# name 0 = depSM: Depth [salt water, m]
# name 1 = latitude: Latitude [deg]
# name 2 = longitude: Longitude [deg]
# name 3 = prDM: Pressure, Digiquartz [db]
# name 4 = t090C: Temperature [ITS-90, deg C]
# name 5 = t190C: Temperature, 2 [ITS-90, deg C]
# name 6 = potemp090C: Potential Temperature [ITS-90, deg C]
# name 7 = sal00: Salinity, Practical [PSU]
# name 8 = sal11: Salinity, Practical, 2 [PSU]
# name 9 = density00: Density [density, kg/m^3]
# name 10 = sigma-é00: Density [sigma-theta, kg/m^3]
# name 11 = sbox0Mm/Kg: Oxygen, SBE 43 [umol/kg]
# name 12 = sbox1Mm/Kg: Oxygen, SBE 43, 2 [umol/kg]
# name 13 = oxsolMm/Kg: Oxygen Saturation, Garcia & Gordon [umol/kg]
# name 14 = sbeox0PS: Oxygen, SBE 43 [% saturation]
# name 15 = sbeox1PS: Oxygen, SBE 43, 2 [% saturation]
# name 16 = v0: Voltage 0
# name 17 = flECO-AFL: Fluorescence, WET Labs ECO-AFL/FL [mg/m^3]
# name 18 = v1: Voltage 1
# name 19 = CStarAt0: Beam Attenuation, WET Labs C-Star [1/m]
# name 20 = par: PAR/Irradiance, Biospherical/Licor
# name 21 = scan: Scan Count
# name 22 = timeM: Time, Elapsed [minutes]
# name 23 = flag:  0.000e+00
# span 0 =      1.206,     67.491                 
# span 1 =   62.19444,   62.19452                 
# span 2 = -174.67422, -174.67402                 
# span 3 =      1.218,     68.156                 
# span 4 =    -1.5247,     7.7743                 
# span 5 =    -1.5234,     7.7752                 
# span 6 =    -1.5258,     7.7733                 
# span 7 =    30.5765,    31.8394                 
# span 8 =    30.7825,    31.8524                 
# span 9 =  1023.9968,  1025.9340                 
# span 10 =    23.9517,    25.6058                
# span 11 =    279.688,    431.414                
# span 12 =    266.413,    370.586                
# span 13 =  297.39563,  371.45204                
# span 14 =     75.324,    116.877                
# span 15 =     71.754,    100.195                
# span 16 =     0.0684,     0.4896                
# span 17 =     0.0623,     2.5897                
# span 18 =     3.4286,     4.1673                
# span 19 =     0.4917,     1.2725                
# span 20 = 1.0000e-12, 1.5157e+00                
# span 21 =          1,       8691                
# span 22 =     0.0000,     6.0347                
# span 23 = 0.0000e+00, 0.0000e+00                
# interval = seconds: 0.0416667
# start_time = Sep 14 2023 13:27:19 [NMEA time, first data scan]
# bad_flag = -9.990e-29
*END*
[from data line 3744]
     46.969   62.19448 -174.67410     47.429    -1.5128    -1.5114    -1.5136    31.7995    31.8136  1025.8024    25.5731    297.084    286.111  371.40349     79.990     77.047     0.0720     0.0842     3.7668     0.8960 1.0000e-12       3745     2.6000  0.000e+00
     46.969   62.19448 -174.67410     47.429    -1.5127    -1.5113    -1.5135    31.7994    31.8131  1025.8024    25.5731    297.085    285.824  371.40192     79.990     76.969     0.0733     0.0916     3.7656     0.8973 8.4714e-06       3746     2.6007  0.000e+00
     46.969   62.19448 -174.67410     47.429    -1.5128    -1.5115    -1.5136    31.7996    31.8134  1025.8025    25.5732    296.805    285.566  371.40324     79.914     76.900     0.0720     0.0842     3.7668     0.8960 8.4714e-06       3747     2.6014  0.000e+00
     47.023   62.19448 -174.67410     47.484    -1.5128    -1.5113    -1.5136    31.7990    31.8134  1025.8022    25.5727    296.556    285.534  371.40508     79.847     76.891     0.0733     0.0916     3.7656     0.8973 1.0000e-12       3748     2.6021  0.000e+00
     47.023   62.19448 -174.67410     47.484    -1.5126    -1.5113    -1.5134    31.7989    31.8134  1025.8022    25.5726    296.280    285.331  371.40247     79.773     76.837     0.0720     0.0842     3.7631     0.8999 1.0000e-12       3749     2.6028  0.000e+00
     47.023   62.19448 -174.67410     47.484    -1.5128    -1.5114    -1.5136    31.7991    31.8132  1025.8024    25.5728    296.249    284.895  371.40471     79.764     76.719     0.0733     0.0916     3.7582     0.9051 1.0000e-12       3750     2.6035  0.000e+00
     47.023   62.19448 -174.67410     47.484    -1.5127    -1.5115    -1.5135    31.7993    31.8136  1025.8025    25.5729    295.823    284.653  371.40239     79.650     76.654     0.0720     0.0842     3.7582     0.9051 1.0000e-12       3751     2.6042  0.000e+00
     47.085   62.19448 -174.67410     47.546    -1.5127    -1.5115    -1.5135    31.7993    31.8138  1025.8028    25.5730    295.805    284.675  371.40225     79.645     76.660     0.0720     0.0842     3.7582     0.9051 1.0000e-12       3752     2.6049  0.000e+00
     47.139   62.19448 -174.67410     47.601    -1.5127    -1.5115    -1.5135    31.7991    31.8135  1025.8029    25.5728    295.555    284.463  371.40285     79.578     76.603     0.0720     0.0842     3.7582     0.9051 8.4714e-06       3753     2.6056  0.000e+00
     47.085   62.19448 -174.67410     47.546    -1.5126    -1.5115    -1.5134    31.7988    31.8135  1025.8024    25.5725    295.332    284.045  371.40270     79.518     76.490     0.0720     0.0842     3.7582     0.9051 8.4714e-06       3754     2.6063  0.000e+00
     47.085   62.19448 -174.67410     47.546    -1.5127    -1.5114    -1.5135    31.7992    31.8135  1025.8027    25.5729    295.092    283.826  371.40263     79.453     76.431     0.0733     0.0916     3.7582     0.9051 1.0000e-12       3755     2.6069  0.000e+00
     47.139   62.19448 -174.67410     47.601    -1.5127    -1.5111    -1.5135    31.7993    31.8133  1025.8031    25.5730    294.835    283.837  371.40222     79.384     76.435     0.0733     0.0916     3.7582     0.9051 8.4714e-06       3756     2.6076  0.000e+00
     47.139   62.19448 -174.67410     47.601    -1.5126    -1.5111    -1.5134    31.7987    31.8134  1025.8026    25.5725    294.558    283.680  371.40280     79.310     76.392     0.0733     0.0916     3.7582     0.9051 1.0000e-12       3757     2.6083  0.000e+00
     47.193   62.19448 -174.67410     47.656    -1.5127    -1.5110    -1.5135    31.7992    31.8127  1025.8033    25.5729    294.524    283.490  371.40269     79.301     76.341     0.0733     0.0916     3.7582     0.9051 1.0000e-12       3758     2.6090  0.000e+00
     47.193   62.19448 -174.67410     47.656    -1.5127    -1.5111    -1.5135    31.7991    31.8129  1025.8032    25.5728    294.310    283.296  371.40294     79.243     76.289     0.0733     0.0916     3.7582     0.9051 1.0000e-12       3759     2.6097  0.000e+00
     47.139   62.19448 -174.67410     47.601    -1.5124    -1.5113    -1.5132    31.7989    31.8137  1025.8028    25.5726    294.072    283.131  371.40061     79.179     76.244     0.0720     0.0842     3.7582     0.9051 1.0000e-12       3760     2.6104  0.000e+00
     47.193   62.19448 -174.67410     47.656    -1.5126    -1.5115    -1.5134    31.7992    31.8139  1025.8033    25.5729    293.822    282.935  371.40152     79.112     76.191     0.0733     0.0916     3.7582     0.9051 8.4714e-06       3761     2.6111  0.000e+00
     47.254   62.19448 -174.67410     47.718    -1.5126    -1.5111    -1.5134    31.7991    31.8128  1025.8035    25.5728    293.554    282.736  371.40176     79.039     76.138     0.0733     0.0916     3.7582     0.9051 1.0000e-12       3762     2.6118  0.000e+00
     47.193   62.19448 -174.67410     47.656    -1.5122    -1.5110    -1.5130    31.7986    31.8130  1025.8028    25.5724    293.573    282.528  371.39976     79.045     76.082     0.0733     0.0916     3.7582     0.9051 1.0000e-12       3763     2.6125  0.000e+00
     47.254   62.19448 -174.67410     47.718    -1.5122    -1.5111    -1.5130    31.7985    31.8133  1025.8030    25.5723    293.368    282.521  371.40000     78.990     76.080     0.0733     0.0916     3.7582     0.9051 8.4714e-06       3764     2.6132  0.000e+00
     47.254   62.19448 -174.67410     47.718    -1.5121    -1.5113    -1.5129    31.7985    31.8137  1025.8030    25.5723    293.142    282.145  371.39883     78.929     75.979     0.0733     0.0916     3.7582     0.9051 1.0000e-12       3765     2.6139  0.000e+00
     47.254   62.19448 -174.67410     47.718    -1.5121    -1.5110    -1.5129    31.7984    31.8136  1025.8029    25.5722    292.898    282.194  371.39908     78.864     75.993     0.0733     0.0916     3.7582     0.9051 1.0000e-12       3766     2.6146  0.000e+00
     47.309   62.19448 -174.67410     47.773    -1.5119    -1.5110    -1.5127    31.7979    31.8131  1025.8028    25.5718    292.950    281.782  371.39885     78.877     75.882     0.0733     0.0916     3.7582     0.9051 1.0000e-12       3767     2.6153  0.000e+00
     47.255   62.19448 -174.67410     47.718    -1.5121    -1.5111    -1.5129    31.7983    31.8133  1025.8028    25.5721    292.769    281.562  371.39945     78.829     75.822     0.0733     0.0916     3.7570     0.9064 8.4714e-06       3768     2.6160  0.000e+00
     47.309   62.19448 -174.67410     47.773    -1.5121    -1.5111    -1.5129    31.7986    31.8133  1025.8033    25.5724    292.572    281.343  371.39867     78.776     75.763     0.0733     0.0916     3.7582     0.9051 1.0000e-12       3769     2.6167  0.000e+00
     47.309   62.19448 -174.67410     47.773    -1.5122    -1.5111    -1.5130    31.7987    31.8131  1025.8034    25.5725    292.356    281.119  371.39947     78.717     75.703     0.0733     0.0916     3.7582     0.9051 8.4714e-06       3770     2.6174  0.000e+00
     47.309   62.19448 -174.67410     47.773    -1.5121    -1.5111    -1.5129    31.7986    31.8135  1025.8034    25.5724    292.432    281.122  371.39855     78.738     75.704     0.0733     0.0916     3.7582     0.9051 1.0000e-12       3771     2.6181  0.000e+00
     47.370   62.19448 -174.67410     47.835    -1.5119    -1.5113    -1.5127    31.7984    31.8130  1025.8034    25.5722    292.281    280.928  371.39759     78.698     75.651     0.0733     0.0916     3.7582     0.9051 1.0000e-12       3772     2.6187  0.000e+00
     47.309   62.19448 -174.67410     47.773    -1.5126    -1.5110    -1.5134    31.7991    31.8126  1025.8038    25.5728    292.111    280.756  371.40173     78.651     75.605     0.0733     0.0916     3.7582     0.9051 1.0000e-12       3773     2.6194  0.000e+00
     47.370   62.19448 -174.67410     47.835    -1.5122    -1.5111    -1.5130    31.7985    31.8131  1025.8036    25.5723    291.922    280.620  371.40008     78.600     75.568     0.0720     0.0842     3.7582     0.9051 1.0000e-12       3774     2.6201  0.000e+00
     47.370   62.19448 -174.67410     47.835    -1.5121    -1.5111    -1.5129    31.7985    31.8133  1025.8035    25.5723    291.973    280.447  371.39903     78.614     75.522     0.0733     0.0916     3.7582     0.9051 8.4714e-06       3775     2.6208  0.000e+00
     47.370   62.19448 -174.67410     47.835    -1.5122    -1.5113    -1.5130    31.7989    31.8132  1025.8039    25.5726    291.794    280.272  371.39883     78.566     75.474     0.0733     0.0916     3.7582     0.9051 1.0000e-12       3776     2.6215  0.000e+00
     47.370   62.19448 -174.67410     47.835    -1.5122    -1.5115    -1.5130    31.7987    31.8133  1025.8038    25.5725    291.594    280.095  371.39933     78.512     75.426     0.0733     0.0916     3.7582     0.9051 8.4714e-06       3777     2.6222  0.000e+00
     47.424   62.19448 -174.67410     47.890    -1.5124    -1.5113    -1.5132    31.7991    31.8132  1025.8043    25.5728    291.375    279.915  371.40012     78.453     75.378     0.0733     0.0916     3.7582     0.9051 1.0000e-12       3778     2.6229  0.000e+00
     47.424   62.19448 -174.67410     47.890    -1.5122    -1.5116    -1.5130    31.7992    31.8134  1025.8044    25.5729    291.496    279.733  371.39805     78.486     75.329     0.0733     0.0916     3.7582     0.9051 1.0000e-12       3779     2.6236  0.000e+00
     47.424   62.19448 -174.67410     47.890    -1.5124    -1.5115    -1.5132    31.7996    31.8133  1025.8047    25.5732    291.286    279.546  371.39862     78.429     75.279     0.0733     0.0916     3.7582     0.9051 1.0000e-12       3780     2.6243  0.000e+00
     47.424   62.19448 -174.67410     47.890    -1.5121    -1.5115    -1.5129    31.7990    31.8133  1025.8042    25.5727    291.103    279.588  371.39750     78.381     75.290     0.0733     0.0916     3.7582     0.9051 1.0000e-12       3781     2.6250  0.000e+00
     47.424   62.19448 -174.67410     47.890    -1.5122    -1.5115    -1.5130    31.7991    31.8133  1025.8043    25.5728    290.901    279.427  371.39817     78.326     75.246     0.0733     0.0916     3.7582     0.9051 8.4714e-06       3782     2.6257  0.000e+00
     47.486   62.19448 -174.67410     47.952    -1.5121    -1.5113    -1.5129    31.7991    31.8133  1025.8046    25.5728    290.732    279.263  371.39724     78.281     75.203     0.0733     0.0916     3.7582     0.9051 8.4714e-06       3783     2.6264  0.000e+00
     47.424   62.19448 -174.67410     47.890    -1.5119    -1.5114    -1.5127    31.7987    31.8134  1025.8040    25.5725    290.800    279.093  371.39644     78.299     75.157     0.0720     0.0842     3.7582     0.9051 1.0000e-12       3784     2.6271  0.000e+00
     47.486   62.19448 -174.67410     47.952    -1.5121    -1.5115    -1.5129    31.7988    31.8133  1025.8043    25.5725    290.903    278.923  371.39811     78.326     75.111     0.0733     0.0916     3.7582     0.9051 1.0000e-12       3785     2.6278  0.000e+00
     47.486   62.19448 -174.67410     47.952    -1.5122    -1.5115    -1.5130    31.7991    31.8133  1025.8047    25.5728    290.769    278.976  371.39816     78.290     75.125     0.0733     0.0916     3.7582     0.9051 1.0000e-12       3786     2.6285  0.000e+00
     47.540   62.19448 -174.67410     48.007    -1.5122    -1.5115    -1.5130    31.7987    31.8132  1025.8045    25.5725    290.355    278.828  371.39950     78.179     75.085     0.0720     0.0842     3.7582     0.9051 1.0000e-12       3787     2.6292  0.000e+00
     47.486   62.19448 -174.67410     47.952    -1.5124    -1.5115    -1.5132    31.7992    31.8133  1025.8047    25.5729    290.387    278.671  371.39960     78.187     75.043     0.0733     0.0916     3.7582     0.9051 1.0000e-12       3788     2.6299  0.000e+00
     47.540   62.19448 -174.67410     48.007    -1.5124    -1.5114    -1.5132    31.7994    31.8134  1025.8051    25.5730    290.240    278.511  371.39920     78.148     75.000     0.0733     0.0916     3.7570     0.9064 8.4714e-06       3789     2.6306  0.000e+00
     47.540   62.19448 -174.67410     48.007    -1.5122    -1.5116    -1.5130    31.7989    31.8135  1025.8047    25.5727    290.331    278.346  371.39875     78.172     74.955     0.0733     0.0916     3.7558     0.9077 8.4714e-06       3790     2.6313  0.000e+00
     47.540   62.19448 -174.67410     48.007    -1.5126    -1.5115    -1.5134    31.7995    31.8135  1025.8052    25.5731    290.191    278.174  371.40064     78.134     74.909     0.0733     0.0916     3.7558     0.9077 8.4714e-06       3791     2.6319  0.000e+00
     47.594   62.19448 -174.67410     48.061    -1.5126    -1.5115    -1.5134    31.7993    31.8135  1025.8053    25.5729    290.289    277.999  371.40123     78.160     74.862     0.0733     0.0916     3.7558     0.9077 1.0000e-12       3792     2.6326  0.000e+00
     47.540   62.19448 -174.67410     48.007    -1.5126    -1.5115    -1.5134    31.7993    31.8135  1025.8050    25.5729    290.147    278.045  371.40126     78.122     74.874     0.0720     0.0842     3.7558     0.9077 1.0000e-12       3793     2.6333  0.000e+00
     47.656   62.19448 -174.67410     48.124    -1.5127    -1.5114    -1.5135    31.7994    31.8134  1025.8057    25.5730    289.987    277.892  371.40214     78.079     74.833     0.0733     0.0916     3.7558     0.9077 1.0000e-12       3794     2.6340  0.000e+00
     47.594   62.19448 -174.67410     48.061    -1.5127    -1.5117    -1.5135    31.7997    31.8138  1025.8057    25.5733    289.846    277.729  371.40103     78.041     74.789     0.0720     0.0842     3.7558     0.9077 1.0000e-12       3795     2.6347  0.000e+00
     47.594   62.19448 -174.67410     48.061    -1.5128    -1.5115    -1.5137    31.7997    31.8139  1025.8056    25.5733    289.687    277.556  371.40297     77.998     74.743     0.0733     0.0916     3.7558     0.9077 8.4714e-06       3796     2.6354  0.000e+00
     47.656   62.19448 -174.67410     48.124    -1.5127    -1.5117    -1.5135    31.7997    31.8138  1025.8059    25.5733    289.764    277.417  371.40114     78.019     74.705     0.0733     0.0916     3.7546     0.9090 1.0000e-12       3797     2.6361  0.000e+00
     47.656   62.19448 -174.67410     48.124    -1.5130    -1.5117    -1.5138    31.7998    31.8135  1025.8060    25.5734    289.869    277.500  371.40427     78.047     74.727     0.0733     0.0916     3.7558     0.9077 1.0000e-12       3798     2.6368  0.000e+00
     47.656   62.19448 -174.67410     48.124    -1.5131    -1.5119    -1.5139    31.7996    31.8141  1025.8059    25.5732    289.526    277.343  371.40607     77.954     74.685     0.0720     0.0842     3.7558     0.9077 1.0000e-12       3799     2.6375  0.000e+00
     47.710   62.19448 -174.67410     48.178    -1.5128    -1.5116    -1.5137    31.7993    31.8136  1025.8059    25.5730    289.578    277.179  371.40392     77.969     74.641     0.0733     0.0916     3.7558     0.9077 1.0000e-12       3800     2.6382  0.000e+00
     47.656   62.19448 -174.67410     48.124    -1.5128    -1.5119    -1.5137    31.7995    31.8142  1025.8058    25.5731    289.442    277.039  371.40345     77.932     74.603     0.0733     0.0916     3.7558     0.9077 1.0000e-12       3801     2.6389  0.000e+00
     47.772   62.19448 -174.67410     48.241    -1.5128    -1.5116    -1.5137    31.7996    31.8132  1025.8064    25.5732    289.548    277.127  371.40316     77.961     74.627     0.0733     0.0916     3.7558     0.9077 8.4714e-06       3802     2.6396  0.000e+00
     47.710   62.19448 -174.67410     48.178    -1.5130    -1.5120    -1.5138    31.7997    31.8139  1025.8062    25.5733    289.411    276.972  371.40449     77.923     74.585     0.0733     0.0916     3.7558     0.9077 1.0000e-12       3803     2.6403  0.000e+00
