EcoFOCI/data/1_SampleCollection/2023_SikuliaqDBO_CruiseData/CTD_raw_BottleFile_SKQ23-12S/proc/skq202312s_027.cnv
* Sea-Bird SBE 9 Data File:
* FileName = D:\CTD\SKQ202312S\SKQ202312S_027.hex
* Software Version Seasave V 7.26.7.121
* Temperature SN = 6177
* Conductivity SN = 0369
* Number of Bytes Per Scan = 41
* Number of Voltage Words = 4
* Number of Scans Averaged by the Deck Unit = 1
* NMEA Latitude = 71 19.80 N
* NMEA Longitude = 157 19.91 W
* NMEA UTC (Time) = Sep 21 2023  01:08:33
* NMEA baud rate = 4800
** Ship: R/V Sikuliaq
** Station Number: 027
** Station Name: DBO5.3
** Bottom Depth: 91
** Operator: SD
# nquan = 24
# nvalues = 6715                                  
# units = specified
# name 0 = depSM: Depth [salt water, m]
# name 1 = latitude: Latitude [deg]
# name 2 = longitude: Longitude [deg]
# name 3 = prDM: Pressure, Digiquartz [db]
# name 4 = t090C: Temperature [ITS-90, deg C]
# name 5 = t190C: Temperature, 2 [ITS-90, deg C]
# name 6 = potemp090C: Potential Temperature [ITS-90, deg C]
# name 7 = sal00: Salinity, Practical [PSU]
# name 8 = sal11: Salinity, Practical, 2 [PSU]
# name 9 = density00: Density [density, kg/m^3]
# name 10 = sigma-é00: Density [sigma-theta, kg/m^3]
# name 11 = sbox0Mm/Kg: Oxygen, SBE 43 [umol/kg]
# name 12 = sbox1Mm/Kg: Oxygen, SBE 43, 2 [umol/kg]
# name 13 = oxsolMm/Kg: Oxygen Saturation, Garcia & Gordon [umol/kg]
# name 14 = sbeox0PS: Oxygen, SBE 43 [% saturation]
# name 15 = sbeox1PS: Oxygen, SBE 43, 2 [% saturation]
# name 16 = v0: Voltage 0
# name 17 = flECO-AFL: Fluorescence, WET Labs ECO-AFL/FL [mg/m^3]
# name 18 = v1: Voltage 1
# name 19 = CStarAt0: Beam Attenuation, WET Labs C-Star [1/m]
# name 20 = par: PAR/Irradiance, Biospherical/Licor
# name 21 = scan: Scan Count
# name 22 = timeM: Time, Elapsed [minutes]
# name 23 = flag:  0.000e+00
# span 0 =      2.076,     85.515                 
# span 1 =   71.32992,   71.33000                 
# span 2 = -157.33170, -157.33124                 
# span 3 =      2.097,     86.414                 
# span 4 =    -1.2074,     4.8666                 
# span 5 =    -1.2150,     4.8681                 
# span 6 =    -1.2092,     4.8664                 
# span 7 =    30.1071,    32.4541                 
# span 8 =    30.1299,    32.4766                 
# span 9 =  1023.8266,  1026.5111                 
# span 10 =    23.8131,    26.0963                
# span 11 =    300.320,    339.718                
# span 12 =    284.736,    318.170                
# span 13 =  319.35409,  366.48556                
# span 14 =     85.598,     98.928                
# span 15 =     81.128,     93.124                
# span 16 =     0.0684,     0.2381                
# span 17 =     0.0623,     1.0806                
# span 18 =     3.5433,     4.2479                
# span 19 =     0.4151,     1.1407                
# span 20 = 1.0000e-12, 1.1044e+02                
# span 21 =          1,       6715                
# span 22 =     0.0000,     4.6625                
# span 23 = 0.0000e+00, 0.0000e+00                
# interval = seconds: 0.0416667
# start_time = Sep 21 2023 01:12:36 [NMEA time, first data scan]
# bad_flag = -9.990e-29
*END*
[from data line 5374]
     82.047   71.32998 -157.33136     82.909    -0.8815    -0.9184    -0.8835    32.3589    32.4088  1026.4079    26.0093    316.429    300.623  363.55920     87.037     82.640     0.1404     0.4945     3.6667     1.0038 1.0000e-12       5375     3.7319  0.000e+00
     82.023   71.32998 -157.33136     82.885    -0.8805    -0.9184    -0.8825    32.3585    32.4064  1026.4074    26.0089    316.395    300.617  363.55043     87.029     82.637     0.1416     0.5018     3.6667     1.0038 1.0000e-12       5376     3.7326  0.000e+00
     82.108   71.32998 -157.33136     82.971    -0.8810    -0.9152    -0.8830    32.3616    32.4027  1026.4103    26.0114    316.111    300.579  363.54607     86.952     82.631     0.1429     0.5091     3.6667     1.0038 1.0000e-12       5377     3.7333  0.000e+00
     82.023   71.32998 -157.33136     82.885    -0.8803    -0.9096    -0.8823    32.3637    32.3976  1026.4116    26.0131    316.269    300.507  363.53388     86.998     82.620     0.1343     0.4579     3.6679     1.0025 1.0000e-12       5378     3.7340  0.000e+00
     82.085   71.32998 -157.33136     82.948    -0.8782    -0.9060    -0.8802    32.3627    32.3947  1026.4109    26.0122    316.213    300.476  363.51601     86.987     82.618     0.1172     0.3553     3.6667     1.0038 1.0000e-12       5379     3.7347  0.000e+00
     82.047   71.32998 -157.33136     82.909    -0.8757    -0.9011    -0.8777    32.3603    32.3898  1026.4087    26.0101    316.147    300.653  363.49912     86.973     82.674     0.1099     0.3113     3.6667     1.0038 1.0000e-12       5380     3.7354  0.000e+00
     82.085   71.32998 -157.33136     82.948    -0.8777    -0.8978    -0.8797    32.3609    32.3867  1026.4095    26.0107    316.115    300.640  363.51676     86.960     82.676     0.1111     0.3187     3.6679     1.0025 1.0000e-12       5381     3.7361  0.000e+00
     81.993   71.32998 -157.33136     82.854    -0.8793    -0.8989    -0.8812    32.3598    32.3861  1026.4083    26.0099    315.916    300.681  363.53455     86.901     82.684     0.1099     0.3113     3.6667     1.0038 1.0000e-12       5382     3.7368  0.000e+00
     82.139   71.32998 -157.33136     83.002    -0.8826    -0.9019    -0.8846    32.3606    32.3851  1026.4097    26.0107    316.103    300.742  363.56495     86.945     82.694     0.1111     0.3187     3.6667     1.0038 1.0000e-12       5383     3.7375  0.000e+00
     82.085   71.32998 -157.33136     82.948    -0.8850    -0.9051    -0.8869    32.3604    32.3845  1026.4094    26.0106    316.060    300.788  363.58810     86.928     82.699     0.1123     0.3260     3.6667     1.0038 8.4714e-06       5384     3.7382  0.000e+00
     82.047   71.32998 -157.33136     82.909    -0.8859    -0.9057    -0.8878    32.3578    32.3829  1026.4071    26.0085    316.004    301.031  363.60438     86.909     82.763     0.1111     0.3187     3.6667     1.0038 1.0000e-12       5385     3.7389  0.000e+00
     82.085   71.32998 -157.33136     82.948    -0.8865    -0.9078    -0.8885    32.3559    32.3856  1026.4058    26.0070    316.196    301.077  363.61600     86.959     82.773     0.1123     0.3260     3.6667     1.0038 1.0000e-12       5386     3.7396  0.000e+00
     82.085   71.32998 -157.33136     82.948    -0.8898    -0.9061    -0.8918    32.3557    32.3886  1026.4057    26.0069    315.988    301.076  363.64870     86.894     82.779     0.1111     0.3187     3.6667     1.0038 8.4714e-06       5387     3.7403  0.000e+00
     82.047   71.32998 -157.33136     82.909    -0.8978    -0.8974    -0.8998    32.3586    32.3869  1026.4082    26.0096    316.021    300.977  363.71815     86.886     82.769     0.1123     0.3260     3.6667     1.0038 1.0000e-12       5388     3.7410  0.000e+00
     82.085   71.32998 -157.33136     82.948    -0.9079    -0.8857    -0.9099    32.3652    32.3808  1026.4141    26.0152    316.065    300.853  363.79724     86.879     82.757     0.1111     0.3187     3.6667     1.0038 8.4714e-06       5389     3.7417  0.000e+00
     82.108   71.32998 -157.33136     82.971    -0.9130    -0.8740    -0.9150    32.3691    32.3716  1026.4175    26.0186    316.060    300.758  363.83529     86.869     82.751     0.1123     0.3260     3.6667     1.0038 1.0000e-12       5390     3.7424  0.000e+00
     82.085   71.32998 -157.33136     82.948    -0.9147    -0.8772    -0.9166    32.3717    32.3759  1026.4195    26.0207    316.019    300.760  363.84402     86.856     82.747     0.1123     0.3260     3.6667     1.0038 1.0000e-12       5391     3.7431  0.000e+00
     82.085   71.32998 -157.33136     82.948    -0.9138    -0.8847    -0.9157    32.3728    32.3832  1026.4204    26.0216    316.208    301.045  363.83190     86.911     82.814     0.1111     0.3187     3.6630     1.0078 1.0000e-12       5392     3.7437  0.000e+00
     82.108   71.32998 -157.33136     82.971    -0.9126    -0.8901    -0.9145    32.3725    32.3862  1026.4203    26.0213    315.931    301.119  363.82108     86.837     82.824     0.1123     0.3260     3.6593     1.0118 8.4714e-06       5393     3.7444  0.000e+00
     82.023   71.32998 -157.33136     82.885    -0.9126    -0.8959    -0.9145    32.3757    32.3899  1026.4224    26.0239    315.856    301.181  363.81206     86.818     82.831     0.1111     0.3187     3.6581     1.0132 1.0000e-12       5394     3.7451  0.000e+00
     82.139   71.32998 -157.33136     83.002    -0.9133    -0.8989    -0.9153    32.3825    32.3912  1026.4285    26.0294    315.783    301.221  363.79991     86.801     82.836     0.1123     0.3260     3.6581     1.0132 1.0000e-12       5395     3.7458  0.000e+00
     82.108   71.32998 -157.33136     82.971    -0.9072    -0.8993    -0.9092    32.3827    32.3910  1026.4283    26.0293    315.954    301.225  363.74012     86.862     82.836     0.1111     0.3187     3.6593     1.0118 1.0000e-12       5396     3.7465  0.000e+00
     82.085   71.32998 -157.33136     82.948    -0.8981    -0.9005    -0.9001    32.3782    32.3906  1026.4242    26.0254    315.896    301.261  363.66497     86.865     82.843     0.1123     0.3260     3.6593     1.0118 1.0000e-12       5397     3.7472  0.000e+00
     82.108   71.32998 -157.33136     82.971    -0.8877    -0.9038    -0.8897    32.3720    32.3911  1026.4190    26.0201    315.523    301.503  363.58149     86.782     82.903     0.1111     0.3187     3.6581     1.0132 8.4714e-06       5398     3.7479  0.000e+00
     82.085   71.32998 -157.33136     82.948    -0.8751    -0.9069    -0.8771    32.3661    32.3920  1026.4136    26.0149    315.328    301.340  363.47636     86.753     82.852     0.1111     0.3187     3.6593     1.0118 1.0000e-12       5399     3.7486  0.000e+00
     82.085   71.32998 -157.33136     82.948    -0.8627    -0.9101    -0.8647    32.3572    32.3932  1026.4060    26.0072    315.394    301.625  363.38143     86.794     82.924     0.1123     0.3260     3.6593     1.0118 1.0000e-12       5400     3.7493  0.000e+00
     82.108   71.32998 -157.33136     82.971    -0.8570    -0.9103    -0.8590    32.3512    32.3926  1026.4011    26.0022    315.308    301.652  363.34329     86.780     82.930     0.1111     0.3187     3.6593     1.0118 8.4714e-06       5401     3.7500  0.000e+00
     82.139   71.32998 -157.33136     83.002    -0.8578    -0.9085    -0.8598    32.3507    32.3922  1026.4008    26.0018    315.521    301.650  363.35250     86.836     82.933     0.1123     0.3260     3.6593     1.0118 1.0000e-12       5402     3.7507  0.000e+00
     82.047   71.32998 -157.33136     82.909    -0.8584    -0.9030    -0.8604    32.3514    32.3915  1026.4009    26.0024    315.001    301.534  363.35673     86.692     82.913     0.1111     0.3187     3.6593     1.0118 1.0000e-12       5403     3.7514  0.000e+00
     82.139   71.32998 -157.33136     83.002    -0.8596    -0.8942    -0.8616    32.3531    32.3885  1026.4028    26.0038    315.255    301.454  363.36347     86.760     82.909     0.1282     0.4212     3.6593     1.0118 1.0000e-12       5404     3.7521  0.000e+00
     82.139   71.32998 -157.33136     83.002    -0.8604    -0.8883    -0.8624    32.3537    32.3871  1026.4033    26.0043    315.550    301.643  363.36948     86.840     82.973     0.1392     0.4872     3.6593     1.0118 1.0000e-12       5405     3.7528  0.000e+00
     82.108   71.32998 -157.33136     82.971    -0.8615    -0.8850    -0.8635    32.3538    32.3875  1026.4033    26.0045    315.078    301.614  363.37949     86.708     82.973     0.1429     0.5091     3.6593     1.0118 1.0000e-12       5406     3.7535  0.000e+00
     82.085   71.32998 -157.33136     82.948    -0.8618    -0.8843    -0.8638    32.3530    32.3894  1026.4025    26.0038    315.062    301.597  363.38461     86.702     82.971     0.1429     0.5091     3.6593     1.0118 8.4714e-06       5407     3.7542  0.000e+00
     82.139   71.32998 -157.33136     83.002    -0.8622    -0.8828    -0.8642    32.3536    32.3895  1026.4033    26.0043    315.047    301.376  363.38736     86.697     82.913     0.1416     0.5018     3.6593     1.0118 1.0000e-12       5408     3.7549  0.000e+00
     82.108   71.32998 -157.33136     82.971    -0.8631    -0.8796    -0.8651    32.3532    32.3874  1026.4029    26.0040    315.036    301.554  363.39721     86.692     82.968     0.1429     0.5091     3.6593     1.0118 1.0000e-12       5409     3.7556  0.000e+00
     82.139   71.32998 -157.33136     83.002    -0.8665    -0.8786    -0.8685    32.3529    32.3871  1026.4029    26.0039    315.306    301.578  363.43079     86.758     82.976     0.1416     0.5018     3.6581     1.0132 1.0000e-12       5410     3.7563  0.000e+00
     82.108   71.32998 -157.33136     82.971    -0.8713    -0.8777    -0.8733    32.3536    32.3863  1026.4035    26.0046    315.376    301.562  363.47502     86.767     82.974     0.1416     0.5018     3.6581     1.0132 1.0000e-12       5411     3.7569  0.000e+00
     82.139   71.32998 -157.33136     83.002    -0.8750    -0.8796    -0.8770    32.3552    32.3870  1026.4051    26.0061    315.179    301.531  363.50626     86.705     82.961     0.1404     0.4945     3.6630     1.0078 1.0000e-12       5412     3.7576  0.000e+00
     82.085   71.32998 -157.33136     82.948    -0.8775    -0.8804    -0.8795    32.3571    32.3878  1026.4065    26.0077    315.428    301.540  363.52569     86.769     82.962     0.1416     0.5018     3.6691     1.0012 1.0000e-12       5413     3.7583  0.000e+00
     82.162   71.32998 -157.33136     83.026    -0.8802    -0.8786    -0.8822    32.3588    32.3863  1026.4082    26.0091    315.270    301.526  363.54646     86.721     82.962     0.1404     0.4945     3.6703     0.9998 1.0000e-12       5414     3.7590  0.000e+00
     82.085   71.32998 -157.33136     82.948    -0.8819    -0.8755    -0.8839    32.3589    32.3844  1026.4080    26.0093    315.514    301.489  363.56262     86.784     82.957     0.1416     0.5018     3.6703     0.9998 1.0000e-12       5415     3.7597  0.000e+00
     82.139   71.32998 -157.33136     83.002    -0.8831    -0.8745    -0.8851    32.3596    32.3845  1026.4089    26.0099    315.548    301.463  363.57221     86.791     82.952     0.1416     0.5018     3.6703     0.9998 1.0000e-12       5416     3.7604  0.000e+00
     82.108   71.32998 -157.33136     82.971    -0.8835    -0.8738    -0.8855    32.3602    32.3849  1026.4093    26.0104    315.315    301.396  363.57494     86.726     82.936     0.1404     0.4945     3.6691     1.0012 1.0000e-12       5417     3.7611  0.000e+00
     82.139   71.32998 -157.33136     83.002    -0.8840    -0.8723    -0.8860    32.3592    32.3841  1026.4086    26.0096    315.296    301.350  363.58226     86.719     82.926     0.1416     0.5018     3.6691     1.0012 1.0000e-12       5418     3.7618  0.000e+00
     82.108   71.32998 -157.33136     82.971    -0.8852    -0.8716    -0.8872    32.3582    32.3832  1026.4077    26.0088    315.281    301.302  363.59730     86.712     82.913     0.1416     0.5018     3.6691     1.0012 1.0000e-12       5419     3.7625  0.000e+00
     82.139   71.32998 -157.33136     83.002    -0.8869    -0.8813    -0.8889    32.3590    32.3916  1026.4086    26.0095    315.269    301.325  363.61085     86.705     82.904     0.1416     0.5018     3.6703     0.9998 1.0000e-12       5420     3.7632  0.000e+00
     82.139   71.32998 -157.33136     83.002    -0.8877    -0.8874    -0.8897    32.3594    32.3918  1026.4089    26.0099    315.248    301.324  363.61747     86.698     82.890     0.1404     0.4945     3.6691     1.0012 1.0000e-12       5421     3.7639  0.000e+00
     82.162   71.32998 -157.33136     83.026    -0.8886    -0.8869    -0.8906    32.3593    32.3853  1026.4090    26.0098    315.230    301.269  363.62658     86.691     82.872     0.1416     0.5018     3.6691     1.0012 1.0000e-12       5422     3.7646  0.000e+00
     82.085   71.32998 -157.33136     82.948    -0.8892    -0.8898    -0.8912    32.3589    32.3854  1026.4083    26.0095    315.206    301.220  363.63400     86.682     82.852     0.1416     0.5018     3.6703     0.9998 1.0000e-12       5423     3.7653  0.000e+00
     82.139   71.32998 -157.33136     83.002    -0.8914    -0.8918    -0.8934    32.3614    32.3879  1026.4107    26.0116    315.196    301.186  363.64771     86.676     82.840     0.1416     0.5018     3.6703     0.9998 1.0000e-12       5424     3.7660  0.000e+00
     82.162   71.32998 -157.33136     83.026    -0.8935    -0.8906    -0.8955    32.3642    32.3887  1026.4131    26.0139    315.182    301.117  363.66027     86.669     82.824     0.1416     0.5018     3.6691     1.0012 1.0000e-12       5425     3.7667  0.000e+00
     82.139   71.32998 -157.33136     83.002    -0.8943    -0.8864    -0.8963    32.3658    32.3888  1026.4143    26.0153    315.362    301.015  363.66333     86.718     82.805     0.1416     0.5018     3.6691     1.0012 1.0000e-12       5426     3.7674  0.000e+00
     82.108   71.32998 -157.33136     82.971    -0.8948    -0.8780    -0.8967    32.3686    32.3835  1026.4164    26.0175    315.120    300.879  363.65986     86.652     82.783     0.1416     0.5018     3.6691     1.0012 1.0000e-12       5427     3.7681  0.000e+00
     82.139   71.32998 -157.33136     83.002    -0.8935    -0.8719    -0.8955    32.3702    32.3782  1026.4178    26.0188    315.073    300.760  363.64311     86.643     82.760     0.1416     0.5018     3.6691     1.0012 1.0000e-12       5428     3.7687  0.000e+00
     82.139   71.32998 -157.33136     83.002    -0.8925    -0.8716    -0.8945    32.3710    32.3787  1026.4185    26.0194    315.029    300.707  363.63085     86.634     82.747     0.1514     0.5604     3.6703     0.9998 1.0000e-12       5429     3.7694  0.000e+00
     82.162   71.32998 -157.33136     83.026    -0.8905    -0.8748    -0.8925    32.3637    32.3820  1026.4126    26.0134    315.251    300.676  363.63237     86.695     82.733     0.1917     0.8022     3.6703     0.9998 1.0000e-12       5430     3.7701  0.000e+00
     82.139   71.32998 -157.33136     83.002    -0.8914    -0.8834    -0.8934    32.3558    32.3858  1026.4061    26.0070    314.988    300.688  363.66386     86.615     82.720     0.2051     0.8828     3.6691     1.0012 1.0000e-12       5431     3.7708  0.000e+00
     82.162   71.32998 -157.33136     83.026    -0.8957    -0.9072    -0.8977    32.3557    32.3968  1026.4063    26.0071    314.995    300.822  363.70546     86.607     82.712     0.2063     0.8901     3.6703     0.9998 1.0000e-12       5432     3.7715  0.000e+00
     82.139   71.32998 -157.33136     83.002    -0.9015    -0.9357    -0.9035    32.3574    32.4090  1026.4078    26.0087    315.266    300.990  363.75694     86.669     82.703     0.2039     0.8754     3.6716     0.9985 1.0000e-12       5433     3.7722  0.000e+00
