EcoFOCI/data/1_SampleCollection/2023_SikuliaqDBO_CruiseData/CTD_raw_BottleFile_SKQ23-12S/proc/skq202312s_029svp.cnv
* Sea-Bird SBE 9 Data File:
* FileName = D:\CTD\SKQ202312S\SKQ202312S_029.hex
* Software Version Seasave V 7.26.7.121
* Temperature SN = 6177
* Conductivity SN = 0369
* Number of Bytes Per Scan = 41
* Number of Voltage Words = 4
* Number of Scans Averaged by the Deck Unit = 1
* NMEA Latitude = 71 24.54 N
* NMEA Longitude = 157 29.66 W
* NMEA UTC (Time) = Sep 21 2023  04:58:57
* NMEA baud rate = 4800
** Ship: R/V Sikuliaq
** Station Number: 029
** Station Name: DBO5.5
** Bottom Depth: 124
** Operator: SS
# nquan = 7
# nvalues = 9233                                  
# units = specified
# name 0 = depSM: Depth [salt water, m]
# name 1 = latitude: Latitude [deg]
# name 2 = longitude: Longitude [deg]
# name 3 = t090C: Temperature [ITS-90, deg C]
# name 4 = sal00: Salinity, Practical [PSU]
# name 5 = svCM: Sound Velocity [Chen-Millero, m/s]
# name 6 = flag:  0.000e+00
# span 0 =      2.734,    119.316                 
# span 1 =   71.40904,   71.40908                 
# span 2 = -157.49360, -157.49236                 
# span 3 =    -1.6681,     4.7481                 
# span 4 =    30.2602,    32.7515                 
# span 5 =    1439.10,    1464.33                 
# span 6 = 0.0000e+00, 0.0000e+00                 
# interval = seconds: 0.0416667
# start_time = Sep 21 2023 05:03:15 [NMEA time, first data scan]
# bad_flag = -9.990e-29
*END*
[from data line 2872]
     34.665   71.40906 -157.49326    -1.4611    32.5636    1439.57  0.000e+00
     34.765   71.40906 -157.49326    -1.4619    32.5638    1439.57  0.000e+00
     34.781   71.40906 -157.49326    -1.4624    32.5636    1439.57  0.000e+00
     34.765   71.40906 -157.49326    -1.4633    32.5637    1439.57  0.000e+00
     34.835   71.40906 -157.49326    -1.4640    32.5646    1439.57  0.000e+00
     34.835   71.40906 -157.49326    -1.4642    32.5643    1439.56  0.000e+00
     34.819   71.40906 -157.49326    -1.4646    32.5646    1439.56  0.000e+00
     34.889   71.40906 -157.49326    -1.4646    32.5644    1439.56  0.000e+00
     34.834   71.40906 -157.49326    -1.4649    32.5639    1439.56  0.000e+00
     34.935   71.40906 -157.49326    -1.4653    32.5641    1439.56  0.000e+00
     34.888   71.40906 -157.49326    -1.4653    32.5642    1439.56  0.000e+00
     34.935   71.40906 -157.49326    -1.4656    32.5644    1439.56  0.000e+00
     34.950   71.40906 -157.49326    -1.4657    32.5644    1439.56  0.000e+00
     35.004   71.40906 -157.49326    -1.4658    32.5644    1439.56  0.000e+00
     34.935   71.40906 -157.49326    -1.4660    32.5646    1439.56  0.000e+00
     35.004   71.40906 -157.49326    -1.4661    32.5644    1439.56  0.000e+00
     35.004   71.40906 -157.49326    -1.4663    32.5647    1439.56  0.000e+00
     35.050   71.40906 -157.49326    -1.4663    32.5649    1439.56  0.000e+00
     35.004   71.40906 -157.49326    -1.4664    32.5651    1439.56  0.000e+00
     35.050   71.40906 -157.49326    -1.4665    32.5651    1439.56  0.000e+00
     35.120   71.40906 -157.49326    -1.4667    32.5652    1439.56  0.000e+00
     35.066   71.40906 -157.49326    -1.4663    32.5650    1439.56  0.000e+00
     35.112   71.40906 -157.49326    -1.4663    32.5653    1439.56  0.000e+00
     35.120   71.40906 -157.49326    -1.4665    32.5653    1439.56  0.000e+00
     35.120   71.40906 -157.49326    -1.4665    32.5649    1439.56  0.000e+00
     35.112   71.40906 -157.49326    -1.4667    32.5646    1439.56  0.000e+00
     35.181   71.40906 -157.49326    -1.4668    32.5650    1439.56  0.000e+00
     35.166   71.40906 -157.49326    -1.4669    32.5654    1439.56  0.000e+00
     35.181   71.40906 -157.49324    -1.4671    32.5658    1439.56  0.000e+00
     35.181   71.40906 -157.49324    -1.4670    32.5651    1439.56  0.000e+00
     35.166   71.40906 -157.49324    -1.4671    32.5644    1439.56  0.000e+00
     35.235   71.40906 -157.49324    -1.4670    32.5647    1439.56  0.000e+00
     35.181   71.40906 -157.49324    -1.4672    32.5651    1439.56  0.000e+00
     35.281   71.40906 -157.49324    -1.4674    32.5652    1439.56  0.000e+00
     35.235   71.40906 -157.49324    -1.4675    32.5656    1439.56  0.000e+00
     35.220   71.40906 -157.49324    -1.4680    32.5663    1439.55  0.000e+00
     35.235   71.40906 -157.49324    -1.4681    32.5660    1439.55  0.000e+00
     35.289   71.40906 -157.49324    -1.4684    32.5666    1439.55  0.000e+00
     35.281   71.40906 -157.49324    -1.4681    32.5661    1439.55  0.000e+00
     35.289   71.40906 -157.49324    -1.4683    32.5665    1439.55  0.000e+00
     35.289   71.40906 -157.49324    -1.4686    32.5674    1439.55  0.000e+00
     35.335   71.40906 -157.49324    -1.4688    32.5670    1439.55  0.000e+00
     35.289   71.40906 -157.49324    -1.4691    32.5676    1439.55  0.000e+00
     35.335   71.40906 -157.49324    -1.4688    32.5675    1439.55  0.000e+00
     35.350   71.40906 -157.49324    -1.4684    32.5668    1439.56  0.000e+00
     35.350   71.40906 -157.49324    -1.4692    32.5678    1439.55  0.000e+00
     35.335   71.40906 -157.49324    -1.4692    32.5674    1439.55  0.000e+00
     35.350   71.40906 -157.49324    -1.4692    32.5661    1439.55  0.000e+00
     35.404   71.40906 -157.49324    -1.4690    32.5675    1439.55  0.000e+00
     35.397   71.40906 -157.49324    -1.4689    32.5677    1439.56  0.000e+00
     35.404   71.40906 -157.49324    -1.4693    32.5688    1439.55  0.000e+00
     35.397   71.40906 -157.49324    -1.4694    32.5691    1439.55  0.000e+00
     35.404   71.40906 -157.49324    -1.4688    32.5692    1439.56  0.000e+00
     35.404   71.40906 -157.49324    -1.4679    32.5685    1439.56  0.000e+00
     35.512   71.40906 -157.49324    -1.4675    32.5681    1439.56  0.000e+00
     35.404   71.40906 -157.49324    -1.4669    32.5684    1439.57  0.000e+00
     35.466   71.40906 -157.49324    -1.4657    32.5679    1439.57  0.000e+00
     35.450   71.40906 -157.49324    -1.4652    32.5674    1439.57  0.000e+00
     35.520   71.40906 -157.49324    -1.4646    32.5666    1439.58  0.000e+00
     35.512   71.40906 -157.49324    -1.4646    32.5667    1439.58  0.000e+00
     35.520   71.40906 -157.49324    -1.4649    32.5668    1439.58  0.000e+00
     35.466   71.40906 -157.49324    -1.4648    32.5663    1439.57  0.000e+00
     35.566   71.40906 -157.49324    -1.4655    32.5663    1439.57  0.000e+00
     35.520   71.40906 -157.49324    -1.4667    32.5675    1439.57  0.000e+00
     35.581   71.40906 -157.49324    -1.4669    32.5678    1439.57  0.000e+00
     35.566   71.40906 -157.49324    -1.4679    32.5682    1439.56  0.000e+00
     35.581   71.40906 -157.49324    -1.4687    32.5678    1439.56  0.000e+00
     35.581   71.40906 -157.49324    -1.4694    32.5680    1439.56  0.000e+00
     35.620   71.40906 -157.49324    -1.4699    32.5685    1439.55  0.000e+00
     35.635   71.40906 -157.49324    -1.4695    32.5682    1439.56  0.000e+00
     35.620   71.40906 -157.49324    -1.4689    32.5675    1439.56  0.000e+00
     35.635   71.40906 -157.49324    -1.4686    32.5665    1439.56  0.000e+00
     35.689   71.40906 -157.49324    -1.4692    32.5670    1439.56  0.000e+00
     35.681   71.40906 -157.49324    -1.4693    32.5665    1439.56  0.000e+00
     35.689   71.40906 -157.49324    -1.4695    32.5665    1439.56  0.000e+00
     35.689   71.40906 -157.49324    -1.4695    32.5656    1439.55  0.000e+00
     35.735   71.40906 -157.49324    -1.4698    32.5658    1439.55  0.000e+00
     35.751   71.40906 -157.49324    -1.4697    32.5660    1439.55  0.000e+00
     35.751   71.40906 -157.49324    -1.4698    32.5661    1439.55  0.000e+00
     35.797   71.40906 -157.49324    -1.4698    32.5667    1439.56  0.000e+00
     35.751   71.40906 -157.49324    -1.4701    32.5665    1439.55  0.000e+00
     35.851   71.40906 -157.49324    -1.4699    32.5662    1439.56  0.000e+00
     35.805   71.40906 -157.49324    -1.4703    32.5661    1439.55  0.000e+00
     35.805   71.40906 -157.49324    -1.4706    32.5660    1439.55  0.000e+00
     35.851   71.40906 -157.49324    -1.4706    32.5656    1439.55  0.000e+00
     35.920   71.40906 -157.49324    -1.4710    32.5660    1439.55  0.000e+00
     35.920   71.40906 -157.49324    -1.4712    32.5665    1439.55  0.000e+00
     35.851   71.40906 -157.49324    -1.4716    32.5669    1439.55  0.000e+00
     35.920   71.40906 -157.49324    -1.4713    32.5666    1439.55  0.000e+00
     35.974   71.40906 -157.49324    -1.4717    32.5661    1439.55  0.000e+00
     36.021   71.40906 -157.49324    -1.4722    32.5661    1439.55  0.000e+00
     35.974   71.40906 -157.49324    -1.4726    32.5672    1439.55  0.000e+00
     35.974   71.40906 -157.49324    -1.4728    32.5675    1439.55  0.000e+00
     36.020   71.40906 -157.49324    -1.4730    32.5675    1439.55  0.000e+00
     36.090   71.40906 -157.49324    -1.4735    32.5682    1439.55  0.000e+00
     36.082   71.40906 -157.49324    -1.4735    32.5677    1439.54  0.000e+00
     36.090   71.40906 -157.49324    -1.4735    32.5676    1439.54  0.000e+00
     36.090   71.40906 -157.49324    -1.4741    32.5684    1439.54  0.000e+00
     36.198   71.40906 -157.49324    -1.4743    32.5686    1439.54  0.000e+00
     36.151   71.40906 -157.49324    -1.4744    32.5686    1439.54  0.000e+00
     36.205   71.40906 -157.49324    -1.4747    32.5687    1439.54  0.000e+00
     36.198   71.40906 -157.49324    -1.4747    32.5690    1439.54  0.000e+00
     36.267   71.40906 -157.49324    -1.4753    32.5695    1439.54  0.000e+00
     36.267   71.40906 -157.49324    -1.4753    32.5700    1439.54  0.000e+00
     36.313   71.40906 -157.49324    -1.4756    32.5694    1439.54  0.000e+00
     36.321   71.40906 -157.49324    -1.4759    32.5698    1439.54  0.000e+00
     36.321   71.40906 -157.49324    -1.4762    32.5703    1439.54  0.000e+00
     36.367   71.40906 -157.49324    -1.4765    32.5704    1439.54  0.000e+00
     36.437   71.40906 -157.49324    -1.4769    32.5706    1439.54  0.000e+00
     36.437   71.40906 -157.49324    -1.4771    32.5707    1439.54  0.000e+00
     36.421   71.40906 -157.49324    -1.4773    32.5709    1439.54  0.000e+00
     36.491   71.40906 -157.49324    -1.4777    32.5712    1439.54  0.000e+00
     36.483   71.40906 -157.49324    -1.4783    32.5717    1439.53  0.000e+00
     36.552   71.40906 -157.49324    -1.4786    32.5718    1439.53  0.000e+00
     36.552   71.40906 -157.49324    -1.4788    32.5721    1439.53  0.000e+00
     36.598   71.40906 -157.49324    -1.4793    32.5728    1439.53  0.000e+00
     36.606   71.40906 -157.49324    -1.4797    32.5736    1439.53  0.000e+00
     36.668   71.40906 -157.49324    -1.4801    32.5742    1439.53  0.000e+00
     36.652   71.40906 -157.49324    -1.4802    32.5742    1439.53  0.000e+00
     36.722   71.40906 -157.49324    -1.4804    32.5751    1439.53  0.000e+00
     36.722   71.40906 -157.49324    -1.4805    32.5758    1439.53  0.000e+00
     36.768   71.40906 -157.49324    -1.4805    32.5765    1439.53  0.000e+00
     36.776   71.40906 -157.49324    -1.4807    32.5773    1439.53  0.000e+00
     36.837   71.40906 -157.49324    -1.4808    32.5777    1439.54  0.000e+00
     36.822   71.40906 -157.49324    -1.4804    32.5774    1439.54  0.000e+00
     36.891   71.40906 -157.49324    -1.4807    32.5783    1439.54  0.000e+00
     36.891   71.40906 -157.49324    -1.4803    32.5780    1439.54  0.000e+00
     36.938   71.40906 -157.49324    -1.4804    32.5780    1439.54  0.000e+00
     36.953   71.40906 -157.49324    -1.4803    32.5787    1439.54  0.000e+00
     37.007   71.40906 -157.49324    -1.4804    32.5788    1439.54  0.000e+00
     37.053   71.40906 -157.49324    -1.4802    32.5783    1439.54  0.000e+00
     37.007   71.40906 -157.49324    -1.4805    32.5790    1439.54  0.000e+00
     37.123   71.40906 -157.49324    -1.4805    32.5789    1439.54  0.000e+00
     37.115   71.40906 -157.49324    -1.4810    32.5792    1439.54  0.000e+00
     37.123   71.40906 -157.49324    -1.4811    32.5791    1439.54  0.000e+00
     37.177   71.40906 -157.49324    -1.4815    32.5794    1439.54  0.000e+00
     37.169   71.40906 -157.49324    -1.4819    32.5793    1439.54  0.000e+00
     37.238   71.40906 -157.49324    -1.4820    32.5794    1439.54  0.000e+00
     37.238   71.40906 -157.49324    -1.4825    32.5794    1439.54  0.000e+00
     37.284   71.40906 -157.49324    -1.4824    32.5792    1439.54  0.000e+00
     37.292   71.40906 -157.49324    -1.4827    32.5798    1439.54  0.000e+00
     37.354   71.40906 -157.49324    -1.4826    32.5792    1439.54  0.000e+00
     37.400   71.40906 -157.49324    -1.4830    32.5800    1439.54  0.000e+00
     37.354   71.40906 -157.49324    -1.4828    32.5793    1439.54  0.000e+00
     37.408   71.40906 -157.49324    -1.4831    32.5797    1439.54  0.000e+00
     37.454   71.40906 -157.49324    -1.4831    32.5796    1439.54  0.000e+00
     37.469   71.40906 -157.49324    -1.4834    32.5796    1439.54  0.000e+00
     37.523   71.40906 -157.49324    -1.4836    32.5801    1439.54  0.000e+00
     37.516   71.40906 -157.49324    -1.4837    32.5795    1439.53  0.000e+00
     37.523   71.40906 -157.49324    -1.4838    32.5797    1439.53  0.000e+00
     37.577   71.40906 -157.49324    -1.4840    32.5797    1439.53  0.000e+00
     37.624   71.40906 -157.49324    -1.4840    32.5799    1439.54  0.000e+00
     37.639   71.40906 -157.49324    -1.4843    32.5801    1439.53  0.000e+00
     37.639   71.40906 -157.49324    -1.4845    32.5798    1439.53  0.000e+00
     37.685   71.40906 -157.49324    -1.4846    32.5798    1439.53  0.000e+00
     37.693   71.40906 -157.49324    -1.4846    32.5804    1439.53  0.000e+00
     37.693   71.40906 -157.49324    -1.4845    32.5797    1439.53  0.000e+00
     37.685   71.40906 -157.49324    -1.4847    32.5801    1439.53  0.000e+00
     37.809   71.40906 -157.49324    -1.4851    32.5801    1439.53  0.000e+00
     37.809   71.40906 -157.49324    -1.4848    32.5801    1439.54  0.000e+00
     37.808   71.40906 -157.49324    -1.4852    32.5804    1439.53  0.000e+00
     37.801   71.40906 -157.49324    -1.4850    32.5800    1439.53  0.000e+00
     37.924   71.40906 -157.49324    -1.4857    32.5808    1439.53  0.000e+00
     37.870   71.40906 -157.49324    -1.4853    32.5804    1439.53  0.000e+00
     37.916   71.40906 -157.49324    -1.4855    32.5804    1439.53  0.000e+00
     37.924   71.40906 -157.49324    -1.4853    32.5801    1439.53  0.000e+00
     37.924   71.40906 -157.49324    -1.4855    32.5789    1439.53  0.000e+00
     37.970   71.40906 -157.49324    -1.4853    32.5760    1439.53  0.000e+00
     37.978   71.40906 -157.49324    -1.4854    32.5793    1439.53  0.000e+00
     38.040   71.40906 -157.49324    -1.4855    32.5804    1439.54  0.000e+00
     38.024   71.40906 -157.49324    -1.4855    32.5804    1439.54  0.000e+00
     37.978   71.40906 -157.49324    -1.4855    32.5804    1439.53  0.000e+00
     38.094   71.40906 -157.49324    -1.4855    32.5799    1439.54  0.000e+00
     38.086   71.40906 -157.49324    -1.4855    32.5800    1439.54  0.000e+00
     38.094   71.40906 -157.49324    -1.4855    32.5803    1439.54  0.000e+00
     38.155   71.40906 -157.49324    -1.4858    32.5805    1439.54  0.000e+00
     38.086   71.40906 -157.49324    -1.4860    32.5807    1439.53  0.000e+00
     38.209   71.40906 -157.49324    -1.4860    32.5800    1439.54  0.000e+00
     38.155   71.40906 -157.49324    -1.4861    32.5800    1439.53  0.000e+00
     38.209   71.40906 -157.49324    -1.4864    32.5800    1439.53  0.000e+00
     38.202   71.40906 -157.49324    -1.4871    32.5807    1439.53  0.000e+00
     38.209   71.40906 -157.49324    -1.4872    32.5808    1439.53  0.000e+00
     38.271   71.40906 -157.49324    -1.4876    32.5807    1439.53  0.000e+00
     38.202   71.40906 -157.49324    -1.4879    32.5811    1439.53  0.000e+00
     38.271   71.40906 -157.49324    -1.4880    32.5811    1439.53  0.000e+00
     38.325   71.40906 -157.49324    -1.4883    32.5812    1439.53  0.000e+00
     38.317   71.40906 -157.49324    -1.4885    32.5812    1439.53  0.000e+00
     38.271   71.40906 -157.49324    -1.4889    32.5811    1439.52  0.000e+00
     38.325   71.40906 -157.49324    -1.4892    32.5815    1439.52  0.000e+00
     38.371   71.40906 -157.49324    -1.4896    32.5820    1439.52  0.000e+00
     38.325   71.40906 -157.49324    -1.4899    32.5818    1439.52  0.000e+00
     38.379   71.40906 -157.49324    -1.4900    32.5823    1439.52  0.000e+00
     38.440   71.40906 -157.49324    -1.4902    32.5823    1439.52  0.000e+00
     38.371   71.40906 -157.49324    -1.4902    32.5820    1439.52  0.000e+00
     38.440   71.40906 -157.49324    -1.4905    32.5825    1439.52  0.000e+00
     38.379   71.40906 -157.49324    -1.4902    32.5816    1439.52  0.000e+00
     38.487   71.40906 -157.49322    -1.4903    32.5817    1439.52  0.000e+00
     38.440   71.40906 -157.49322    -1.4908    32.5821    1439.52  0.000e+00
     38.440   71.40906 -157.49322    -1.4905    32.5813    1439.52  0.000e+00
     38.541   71.40906 -157.49322    -1.4905    32.5808    1439.52  0.000e+00
     38.494   71.40906 -157.49322    -1.4910    32.5811    1439.52  0.000e+00
     38.494   71.40906 -157.49322    -1.4915    32.5816    1439.52  0.000e+00
     38.541   71.40906 -157.49322    -1.4916    32.5819    1439.52  0.000e+00
     38.556   71.40906 -157.49322    -1.4919    32.5817    1439.52  0.000e+00
