EcoFOCI/data/1_SampleCollection/2023_SikuliaqDBO_CruiseData/CTD_raw_BottleFile_SKQ23-12S/proc/skq202312s_045svp.cnv
* Sea-Bird SBE 9 Data File:
* FileName = D:\CTD\SKQ202312S\SKQ202312S_045.hex
* Software Version Seasave V 7.26.7.121
* Temperature SN = 6177
* Conductivity SN = 0369
* Number of Bytes Per Scan = 41
* Number of Voltage Words = 4
* Number of Scans Averaged by the Deck Unit = 1
* NMEA Latitude = 71 39.21 N
* NMEA Longitude = 161 35.21 W
* NMEA UTC (Time) = Sep 24 2023  11:43:57
* NMEA baud rate = 4800
** Ship: R/V Sikuliaq
** Station Number: 045
** Station Name: DBO4.4na
** Bottom Depth: 47
** Operator: Bern
# nquan = 7
# nvalues = 6596                                  
# units = specified
# name 0 = depSM: Depth [salt water, m]
# name 1 = latitude: Latitude [deg]
# name 2 = longitude: Longitude [deg]
# name 3 = t090C: Temperature [ITS-90, deg C]
# name 4 = sal00: Salinity, Practical [PSU]
# name 5 = svCM: Sound Velocity [Chen-Millero, m/s]
# name 6 = flag:  0.000e+00
# span 0 =      2.756,     39.988                 
# span 1 =   71.65350,   71.65352                 
# span 2 = -161.58680, -161.58674                 
# span 3 =    -1.4991,     2.4107                 
# span 4 =    27.3134,    32.5744                 
# span 5 =    1439.22,    1452.22                 
# span 6 = 0.0000e+00, 0.0000e+00                 
# interval = seconds: 0.0416667
# start_time = Sep 24 2023 11:47:11 [NMEA time, first data scan]
# bad_flag = -9.990e-29
*END*
[from data line 4308]
     35.088   71.65352 -161.58674    -1.3221    32.5722    1440.26  0.000e+00
     35.142   71.65352 -161.58674    -1.3221    32.5719    1440.26  0.000e+00
     35.135   71.65352 -161.58674    -1.3221    32.5721    1440.26  0.000e+00
     35.142   71.65352 -161.58674    -1.3223    32.5722    1440.26  0.000e+00
     35.142   71.65352 -161.58674    -1.3226    32.5728    1440.26  0.000e+00
     35.135   71.65352 -161.58674    -1.3225    32.5726    1440.26  0.000e+00
     35.142   71.65352 -161.58674    -1.3224    32.5725    1440.26  0.000e+00
     35.135   71.65352 -161.58674    -1.3226    32.5729    1440.26  0.000e+00
     35.142   71.65352 -161.58674    -1.3225    32.5726    1440.26  0.000e+00
     35.088   71.65352 -161.58674    -1.3225    32.5726    1440.26  0.000e+00
     35.189   71.65352 -161.58674    -1.3225    32.5726    1440.26  0.000e+00
     35.088   71.65352 -161.58674    -1.3226    32.5731    1440.26  0.000e+00
     35.088   71.65352 -161.58674    -1.3221    32.5726    1440.26  0.000e+00
     35.135   71.65352 -161.58674    -1.3221    32.5729    1440.26  0.000e+00
     35.142   71.65352 -161.58674    -1.3220    32.5728    1440.26  0.000e+00
     35.134   71.65352 -161.58674    -1.3217    32.5723    1440.26  0.000e+00
     35.088   71.65352 -161.58674    -1.3217    32.5724    1440.26  0.000e+00
     35.142   71.65352 -161.58674    -1.3214    32.5721    1440.26  0.000e+00
     35.134   71.65352 -161.58674    -1.3214    32.5718    1440.26  0.000e+00
     35.142   71.65352 -161.58674    -1.3212    32.5719    1440.26  0.000e+00
     35.088   71.65352 -161.58674    -1.3212    32.5723    1440.26  0.000e+00
     35.134   71.65352 -161.58674    -1.3211    32.5721    1440.26  0.000e+00
     35.088   71.65352 -161.58674    -1.3214    32.5723    1440.26  0.000e+00
     35.134   71.65352 -161.58674    -1.3215    32.5725    1440.26  0.000e+00
     35.088   71.65352 -161.58674    -1.3214    32.5724    1440.26  0.000e+00
     35.026   71.65352 -161.58674    -1.3215    32.5725    1440.26  0.000e+00
     35.134   71.65352 -161.58674    -1.3214    32.5727    1440.26  0.000e+00
     35.088   71.65352 -161.58674    -1.3215    32.5725    1440.26  0.000e+00
     35.018   71.65352 -161.58674    -1.3215    32.5727    1440.26  0.000e+00
     35.088   71.65352 -161.58674    -1.3215    32.5725    1440.26  0.000e+00
     35.088   71.65352 -161.58674    -1.3217    32.5726    1440.26  0.000e+00
     35.072   71.65352 -161.58674    -1.3215    32.5728    1440.26  0.000e+00
     35.088   71.65352 -161.58674    -1.3214    32.5729    1440.26  0.000e+00
     35.088   71.65352 -161.58674    -1.3214    32.5729    1440.26  0.000e+00
     35.072   71.65352 -161.58674    -1.3212    32.5730    1440.26  0.000e+00
     35.088   71.65352 -161.58674    -1.3211    32.5731    1440.26  0.000e+00
     35.134   71.65352 -161.58674    -1.3209    32.5729    1440.26  0.000e+00
     35.026   71.65352 -161.58674    -1.3209    32.5731    1440.26  0.000e+00
     35.088   71.65352 -161.58674    -1.3210    32.5727    1440.26  0.000e+00
     35.072   71.65352 -161.58674    -1.3207    32.5729    1440.26  0.000e+00
     35.088   71.65352 -161.58674    -1.3205    32.5724    1440.27  0.000e+00
     35.026   71.65352 -161.58674    -1.3206    32.5720    1440.26  0.000e+00
     35.072   71.65352 -161.58674    -1.3205    32.5723    1440.27  0.000e+00
     35.088   71.65352 -161.58674    -1.3206    32.5724    1440.26  0.000e+00
     35.018   71.65352 -161.58674    -1.3206    32.5725    1440.26  0.000e+00
     35.026   71.65352 -161.58674    -1.3206    32.5721    1440.26  0.000e+00
     35.088   71.65352 -161.58674    -1.3209    32.5721    1440.26  0.000e+00
     35.072   71.65352 -161.58674    -1.3206    32.5723    1440.26  0.000e+00
     35.087   71.65352 -161.58674    -1.3207    32.5727    1440.26  0.000e+00
     35.026   71.65352 -161.58674    -1.3207    32.5724    1440.26  0.000e+00
     35.072   71.65352 -161.58674    -1.3209    32.5725    1440.26  0.000e+00
     35.087   71.65352 -161.58674    -1.3210    32.5725    1440.26  0.000e+00
     35.072   71.65352 -161.58674    -1.3211    32.5723    1440.26  0.000e+00
     35.087   71.65352 -161.58674    -1.3211    32.5723    1440.26  0.000e+00
     35.087   71.65352 -161.58674    -1.3212    32.5725    1440.26  0.000e+00
     35.134   71.65352 -161.58674    -1.3214    32.5728    1440.26  0.000e+00
     35.087   71.65352 -161.58674    -1.3215    32.5726    1440.26  0.000e+00
     35.072   71.65352 -161.58674    -1.3215    32.5726    1440.26  0.000e+00
     35.087   71.65352 -161.58674    -1.3218    32.5728    1440.26  0.000e+00
     35.087   71.65352 -161.58674    -1.3218    32.5726    1440.26  0.000e+00
     35.134   71.65352 -161.58674    -1.3221    32.5729    1440.26  0.000e+00
     35.087   71.65352 -161.58674    -1.3218    32.5725    1440.26  0.000e+00
     35.141   71.65352 -161.58674    -1.3217    32.5727    1440.26  0.000e+00
     35.072   71.65352 -161.58674    -1.3218    32.5731    1440.26  0.000e+00
     35.141   71.65352 -161.58674    -1.3215    32.5728    1440.26  0.000e+00
     35.187   71.65352 -161.58674    -1.3217    32.5731    1440.26  0.000e+00
     35.141   71.65352 -161.58674    -1.3215    32.5728    1440.26  0.000e+00
     35.141   71.65352 -161.58674    -1.3215    32.5729    1440.26  0.000e+00
     35.187   71.65352 -161.58674    -1.3215    32.5725    1440.26  0.000e+00
     35.203   71.65352 -161.58674    -1.3217    32.5728    1440.26  0.000e+00
     35.141   71.65352 -161.58674    -1.3218    32.5726    1440.26  0.000e+00
     35.187   71.65352 -161.58674    -1.3218    32.5722    1440.26  0.000e+00
     35.257   71.65352 -161.58674    -1.3217    32.5717    1440.26  0.000e+00
     35.187   71.65352 -161.58674    -1.3220    32.5721    1440.26  0.000e+00
     35.257   71.65352 -161.58674    -1.3221    32.5725    1440.26  0.000e+00
     35.257   71.65352 -161.58674    -1.3223    32.5729    1440.26  0.000e+00
     35.187   71.65352 -161.58674    -1.3223    32.5725    1440.26  0.000e+00
     35.257   71.65352 -161.58674    -1.3224    32.5726    1440.26  0.000e+00
     35.318   71.65352 -161.58674    -1.3221    32.5722    1440.26  0.000e+00
     35.249   71.65352 -161.58674    -1.3227    32.5728    1440.26  0.000e+00
     35.318   71.65352 -161.58674    -1.3226    32.5725    1440.26  0.000e+00
     35.303   71.65352 -161.58674    -1.3226    32.5724    1440.26  0.000e+00
     35.318   71.65352 -161.58674    -1.3225    32.5724    1440.26  0.000e+00
     35.372   71.65352 -161.58674    -1.3227    32.5728    1440.26  0.000e+00
     35.357   71.65352 -161.58674    -1.3227    32.5724    1440.26  0.000e+00
     35.372   71.65352 -161.58674    -1.3229    32.5728    1440.26  0.000e+00
     35.372   71.65352 -161.58674    -1.3227    32.5725    1440.26  0.000e+00
     35.357   71.65352 -161.58674    -1.3227    32.5726    1440.26  0.000e+00
     35.426   71.65352 -161.58674    -1.3227    32.5723    1440.26  0.000e+00
     35.418   71.65352 -161.58674    -1.3229    32.5725    1440.26  0.000e+00
     35.426   71.65352 -161.58674    -1.3229    32.5728    1440.26  0.000e+00
     35.426   71.65352 -161.58674    -1.3227    32.5721    1440.26  0.000e+00
     35.472   71.65352 -161.58674    -1.3230    32.5722    1440.26  0.000e+00
     35.488   71.65352 -161.58674    -1.3227    32.5722    1440.26  0.000e+00
     35.488   71.65352 -161.58674    -1.3227    32.5727    1440.26  0.000e+00
     35.472   71.65352 -161.58674    -1.3230    32.5728    1440.26  0.000e+00
     35.488   71.65352 -161.58674    -1.3227    32.5726    1440.26  0.000e+00
     35.534   71.65352 -161.58674    -1.3227    32.5728    1440.26  0.000e+00
     35.542   71.65352 -161.58674    -1.3227    32.5725    1440.26  0.000e+00
     35.542   71.65352 -161.58674    -1.3229    32.5730    1440.26  0.000e+00
     35.588   71.65352 -161.58674    -1.3227    32.5728    1440.26  0.000e+00
     35.542   71.65352 -161.58674    -1.3227    32.5729    1440.26  0.000e+00
     35.603   71.65352 -161.58674    -1.3229    32.5731    1440.26  0.000e+00
     35.588   71.65352 -161.58674    -1.3227    32.5729    1440.26  0.000e+00
     35.657   71.65352 -161.58674    -1.3227    32.5730    1440.26  0.000e+00
     35.472   71.65352 -161.58674    -1.3226    32.5726    1440.26  0.000e+00
     35.719   71.65352 -161.58674    -1.3227    32.5723    1440.26  0.000e+00
     35.657   71.65352 -161.58674    -1.3227    32.5724    1440.26  0.000e+00
     35.649   71.65352 -161.58674    -1.3229    32.5727    1440.26  0.000e+00
     35.657   71.65352 -161.58674    -1.3227    32.5723    1440.26  0.000e+00
     35.657   71.65352 -161.58674    -1.3229    32.5728    1440.26  0.000e+00
     35.703   71.65352 -161.58674    -1.3229    32.5724    1440.26  0.000e+00
     35.719   71.65352 -161.58674    -1.3229    32.5728    1440.26  0.000e+00
     35.657   71.65352 -161.58674    -1.3227    32.5726    1440.26  0.000e+00
     35.757   71.65352 -161.58674    -1.3227    32.5727    1440.27  0.000e+00
     35.657   71.65352 -161.58674    -1.3229    32.5728    1440.26  0.000e+00
     35.757   71.65352 -161.58674    -1.3227    32.5725    1440.27  0.000e+00
     35.719   71.65352 -161.58674    -1.3227    32.5727    1440.27  0.000e+00
     35.719   71.65352 -161.58674    -1.3227    32.5726    1440.27  0.000e+00
     35.757   71.65352 -161.58674    -1.3229    32.5729    1440.27  0.000e+00
     35.773   71.65352 -161.58674    -1.3229    32.5727    1440.27  0.000e+00
     35.719   71.65352 -161.58674    -1.3230    32.5730    1440.26  0.000e+00
     35.757   71.65352 -161.58674    -1.3227    32.5728    1440.27  0.000e+00
     35.773   71.65352 -161.58674    -1.3229    32.5724    1440.27  0.000e+00
     35.719   71.65352 -161.58674    -1.3230    32.5726    1440.26  0.000e+00
     35.819   71.65352 -161.58674    -1.3229    32.5726    1440.27  0.000e+00
     35.719   71.65352 -161.58674    -1.3229    32.5727    1440.26  0.000e+00
     35.819   71.65352 -161.58674    -1.3230    32.5727    1440.27  0.000e+00
     35.772   71.65352 -161.58674    -1.3230    32.5728    1440.27  0.000e+00
     35.772   71.65352 -161.58674    -1.3226    32.5723    1440.27  0.000e+00
     35.757   71.65352 -161.58674    -1.3229    32.5725    1440.26  0.000e+00
     35.772   71.65352 -161.58674    -1.3229    32.5725    1440.27  0.000e+00
     35.772   71.65352 -161.58674    -1.3229    32.5727    1440.27  0.000e+00
     35.819   71.65352 -161.58674    -1.3227    32.5721    1440.27  0.000e+00
     35.772   71.65352 -161.58674    -1.3229    32.5727    1440.27  0.000e+00
     35.772   71.65352 -161.58674    -1.3227    32.5726    1440.27  0.000e+00
     35.757   71.65352 -161.58674    -1.3227    32.5725    1440.27  0.000e+00
     35.772   71.65352 -161.58674    -1.3227    32.5729    1440.27  0.000e+00
     35.819   71.65352 -161.58674    -1.3227    32.5724    1440.27  0.000e+00
     35.772   71.65352 -161.58674    -1.3229    32.5726    1440.27  0.000e+00
     35.772   71.65352 -161.58674    -1.3227    32.5727    1440.27  0.000e+00
     35.757   71.65352 -161.58674    -1.3227    32.5723    1440.27  0.000e+00
     35.772   71.65352 -161.58674    -1.3227    32.5722    1440.27  0.000e+00
     35.772   71.65352 -161.58674    -1.3227    32.5724    1440.27  0.000e+00
     35.757   71.65352 -161.58674    -1.3227    32.5720    1440.27  0.000e+00
     35.772   71.65352 -161.58674    -1.3229    32.5722    1440.27  0.000e+00
     35.772   71.65352 -161.58674    -1.3227    32.5724    1440.27  0.000e+00
     35.818   71.65352 -161.58674    -1.3230    32.5729    1440.27  0.000e+00
     35.772   71.65352 -161.58674    -1.3229    32.5728    1440.27  0.000e+00
     35.757   71.65352 -161.58674    -1.3229    32.5729    1440.27  0.000e+00
     35.772   71.65352 -161.58674    -1.3227    32.5724    1440.27  0.000e+00
     35.772   71.65352 -161.58674    -1.3227    32.5726    1440.27  0.000e+00
     35.757   71.65352 -161.58674    -1.3226    32.5724    1440.27  0.000e+00
     35.772   71.65352 -161.58674    -1.3226    32.5728    1440.27  0.000e+00
     35.772   71.65352 -161.58674    -1.3225    32.5727    1440.27  0.000e+00
     35.757   71.65352 -161.58674    -1.3223    32.5726    1440.27  0.000e+00
     35.718   71.65352 -161.58674    -1.3225    32.5724    1440.27  0.000e+00
     35.756   71.65352 -161.58674    -1.3226    32.5730    1440.27  0.000e+00
     35.772   71.65352 -161.58674    -1.3224    32.5727    1440.27  0.000e+00
     35.718   71.65352 -161.58674    -1.3223    32.5728    1440.27  0.000e+00
     35.756   71.65352 -161.58674    -1.3225    32.5729    1440.27  0.000e+00
     35.718   71.65352 -161.58674    -1.3221    32.5723    1440.27  0.000e+00
     35.772   71.65352 -161.58674    -1.3223    32.5728    1440.27  0.000e+00
     35.756   71.65352 -161.58674    -1.3225    32.5731    1440.27  0.000e+00
     35.772   71.65352 -161.58674    -1.3224    32.5725    1440.27  0.000e+00
     35.772   71.65352 -161.58674    -1.3226    32.5730    1440.27  0.000e+00
     35.756   71.65352 -161.58674    -1.3225    32.5727    1440.27  0.000e+00
     35.718   71.65352 -161.58674    -1.3225    32.5729    1440.27  0.000e+00
     35.756   71.65352 -161.58674    -1.3226    32.5727    1440.27  0.000e+00
     35.772   71.65352 -161.58674    -1.3223    32.5727    1440.27  0.000e+00
     35.772   71.65352 -161.58674    -1.3224    32.5730    1440.27  0.000e+00
     35.702   71.65352 -161.58674    -1.3225    32.5730    1440.27  0.000e+00
     35.772   71.65352 -161.58674    -1.3225    32.5728    1440.27  0.000e+00
     35.772   71.65352 -161.58674    -1.3225    32.5728    1440.27  0.000e+00
     35.756   71.65352 -161.58676    -1.3225    32.5727    1440.27  0.000e+00
     35.718   71.65352 -161.58676    -1.3225    32.5726    1440.27  0.000e+00
     35.772   71.65352 -161.58676    -1.3226    32.5726    1440.27  0.000e+00
     35.756   71.65352 -161.58676    -1.3225    32.5725    1440.27  0.000e+00
     35.772   71.65352 -161.58676    -1.3227    32.5730    1440.27  0.000e+00
     35.818   71.65352 -161.58676    -1.3225    32.5727    1440.27  0.000e+00
     35.718   71.65352 -161.58676    -1.3225    32.5726    1440.27  0.000e+00
     35.825   71.65352 -161.58676    -1.3226    32.5729    1440.27  0.000e+00
     35.756   71.65352 -161.58676    -1.3226    32.5727    1440.27  0.000e+00
     35.825   71.65352 -161.58676    -1.3227    32.5728    1440.27  0.000e+00
     35.825   71.65352 -161.58676    -1.3225    32.5719    1440.27  0.000e+00
     35.756   71.65352 -161.58676    -1.3225    32.5719    1440.27  0.000e+00
     35.825   71.65352 -161.58676    -1.3225    32.5727    1440.27  0.000e+00
     35.825   71.65352 -161.58676    -1.3225    32.5730    1440.27  0.000e+00
     35.818   71.65352 -161.58676    -1.3221    32.5728    1440.27  0.000e+00
     35.825   71.65352 -161.58676    -1.3223    32.5725    1440.27  0.000e+00
     35.818   71.65352 -161.58676    -1.3225    32.5725    1440.27  0.000e+00
     35.825   71.65352 -161.58676    -1.3223    32.5726    1440.27  0.000e+00
     35.887   71.65352 -161.58676    -1.3225    32.5727    1440.27  0.000e+00
     35.872   71.65352 -161.58676    -1.3221    32.5725    1440.27  0.000e+00
     35.887   71.65352 -161.58676    -1.3223    32.5725    1440.27  0.000e+00
     35.825   71.65352 -161.58676    -1.3223    32.5726    1440.27  0.000e+00
     35.933   71.65352 -161.58676    -1.3223    32.5727    1440.27  0.000e+00
     35.887   71.65352 -161.58676    -1.3223    32.5728    1440.27  0.000e+00
     35.941   71.65352 -161.58676    -1.3221    32.5723    1440.27  0.000e+00
     35.933   71.65352 -161.58676    -1.3223    32.5727    1440.27  0.000e+00
     35.941   71.65352 -161.58676    -1.3226    32.5731    1440.27  0.000e+00
     35.933   71.65352 -161.58676    -1.3223    32.5720    1440.27  0.000e+00
     35.941   71.65352 -161.58676    -1.3226    32.5726    1440.27  0.000e+00
     36.003   71.65352 -161.58676    -1.3225    32.5724    1440.27  0.000e+00
