EcoFOCI/data/1_SampleCollection/2023_SikuliaqDBO_CruiseData/CTD_raw_BottleFile_SKQ23-12S/proc/skq202312s_021.ros
* Sea-Bird SBE 9 Data File:
* FileName = D:\CTD\SKQ202312S\SKQ202312S_021.hex
* Software Version Seasave V 7.26.7.121
* Temperature SN = 6177
* Conductivity SN = 0369
* Number of Bytes Per Scan = 41
* Number of Voltage Words = 4
* Number of Scans Averaged by the Deck Unit = 1
* NMEA Latitude = 64 59.46 N
* NMEA Longitude = 169 08.29 W
* NMEA UTC (Time) = Sep 18 2023  02:53:31
* NMEA baud rate = 4800
** Ship: R/V Sikuliaq
** Station Number: 021
** Station Name: DBO2.5
** Bottom Depth: 48
** Operator: SS
# nquan = 22
# nvalues = 1127                                  
# units = specified
# name 0 = depSM: Depth [salt water, m]
# name 1 = latitude: Latitude [deg]
# name 2 = longitude: Longitude [deg]
# name 3 = prDM: Pressure, Digiquartz [db]
# name 4 = t090C: Temperature [ITS-90, deg C]
# name 5 = t190C: Temperature, 2 [ITS-90, deg C]
# name 6 = potemp090C: Potential Temperature [ITS-90, deg C]
# name 7 = sal00: Salinity, Practical [PSU]
# name 8 = sal11: Salinity, Practical, 2 [PSU]
# name 9 = density00: Density [density, kg/m^3]
# name 10 = sigma-é00: Density [sigma-theta, kg/m^3]
# name 11 = sbox0Mm/Kg: Oxygen, SBE 43 [umol/kg]
# name 12 = sbox1Mm/Kg: Oxygen, SBE 43, 2 [umol/kg]
# name 13 = oxsolMm/Kg: Oxygen Saturation, Garcia & Gordon [umol/kg]
# name 14 = sbeox0PS: Oxygen, SBE 43 [% saturation]
# name 15 = v0: Voltage 0
# name 16 = flECO-AFL: Fluorescence, WET Labs ECO-AFL/FL [mg/m^3]
# name 17 = CStarAt0: Beam Attenuation, WET Labs C-Star [1/m]
# name 18 = par: PAR/Irradiance, Biospherical/Licor
# name 19 = scan: Scan Count
# name 20 = nbf: Bottles Fired
# name 21 = flag:  0.000e+00
# interval = seconds: 0.0416667
# start_time = Sep 18 2023 02:57:41 [NMEA time, first data scan]
# bad_flag = -9.990e-29
*END*
     42.768   64.99154 -169.13858     43.196     3.1474     3.1346     3.1449    32.8273    32.8443  1026.3407    26.1383    259.548    248.752  326.72525     79.439     0.1368     0.4725     0.9865 3.6788e-01       4668          1  0.000e+00
     42.830   64.99154 -169.13858     43.259     3.1499     3.1355     3.1474    32.8256    32.8433  1026.3394    26.1366    259.534    248.776  326.70947     79.439     0.1294     0.4286     0.9865 3.6652e-01       4669          1  0.000e+00
     42.830   64.99154 -169.13858     43.259     3.1512     3.1365     3.1486    32.8251    32.8425  1026.3389    26.1361    259.741    248.795  326.70080     79.504     0.1294     0.4286     0.9865 3.6652e-01       4670          1  0.000e+00
     42.830   64.99154 -169.13858     43.259     3.1524     3.1366     3.1499    32.8240    32.8429  1026.3379    26.1351    259.766    248.816  326.69322     79.514     0.1294     0.4286     0.9865 3.7063e-01       4671          1  0.000e+00
     42.768   64.99154 -169.13858     43.196     3.1535     3.1377     3.1510    32.8227    32.8420  1026.3365    26.1340    259.789    248.828  326.68784     79.522     0.1306     0.4359     0.9865 3.7339e-01       4672          1  0.000e+00
     42.822   64.99154 -169.13858     43.251     3.1545     3.1383     3.1519    32.8219    32.8419  1026.3360    26.1333    259.598    248.845  326.68210     79.465     0.1306     0.4359     0.9865 3.7477e-01       4673          1  0.000e+00
     42.768   64.99154 -169.13858     43.196     3.1554     3.1387     3.1529    32.8210    32.8420  1026.3349    26.1325    259.801    249.028  326.67663     79.529     0.1306     0.4359     0.9865 3.6788e-01       4674          1  0.000e+00
     42.768   64.99154 -169.13858     43.196     3.1560     3.1389     3.1535    32.8201    32.8416  1026.3342    26.1317    259.790    248.845  326.67398     79.526     0.1306     0.4359     0.9839 3.6516e-01       4675          1  0.000e+00
     42.830   64.99154 -169.13858     43.259     3.1565     3.1392     3.1540    32.8202    32.8419  1026.3345    26.1317    259.777    248.855  326.67001     79.523     0.1294     0.4286     0.9720 3.6380e-01       4676          1  0.000e+00
     42.768   64.99154 -169.13858     43.196     3.1563     3.1405     3.1538    32.8204    32.8409  1026.3344    26.1320    259.797    248.854  326.67062     79.529     0.1319     0.4432     0.9667 3.6109e-01       4677          1  0.000e+00
     42.768   64.99154 -169.13858     43.196     3.1557     3.1408     3.1532    32.8211    32.8408  1026.3350    26.1326    259.820    248.859  326.67366     79.535     0.1294     0.4286     0.9667 3.5840e-01       4678          1  0.000e+00
     42.768   64.99154 -169.13858     43.196     3.1554     3.1389     3.1529    32.8215    32.8418  1026.3354    26.1329    259.624    248.875  326.67523     79.475     0.1306     0.4359     0.9667 3.5706e-01       4679          1  0.000e+00
     42.768   64.99154 -169.13858     43.196     3.1549     3.1365     3.1524    32.8222    32.8435  1026.3360    26.1335    259.827    248.892  326.67738     79.536     0.1306     0.4359     0.9680 3.6109e-01       4680          1  0.000e+00
     42.768   64.99154 -169.13858     43.196     3.1554     3.1307     3.1529    32.8214    32.8479  1026.3353    26.1328    259.409    248.730  326.67543     79.409     0.1306     0.4359     0.9680 3.6652e-01       4681          1  0.000e+00
     42.768   64.99154 -169.13858     43.196     3.1556     3.1250     3.1531    32.8213    32.8528  1026.3352    26.1327    259.358    248.931  326.67454     79.393     0.1294     0.4286     0.9680 3.6925e-01       4682          1  0.000e+00
     42.714   64.99154 -169.13858     43.142     3.1559     3.1265     3.1534    32.8208    32.8515  1026.3345    26.1323    259.342    248.920  326.67310     79.389     0.1306     0.4359     0.9667 3.7063e-01       4683          1  0.000e+00
     42.768   64.99154 -169.13858     43.196     3.1567     3.1250     3.1541    32.8200    32.8532  1026.3341    26.1316    259.690    248.925  326.66915     79.496     0.1306     0.4359     0.9680 3.7477e-01       4684          1  0.000e+00
     42.707   64.99154 -169.13858     43.134     3.1565     3.1252     3.1540    32.8202    32.8529  1026.3340    26.1318    259.457    248.917  326.66985     79.425     0.1306     0.4359     0.9680 3.7477e-01       4685          1  0.000e+00
     42.768   64.99154 -169.13858     43.196     3.1565     3.1276     3.1540    32.8200    32.8498  1026.3340    26.1316    259.407    248.901  326.67053     79.409     0.1306     0.4359     0.9680 3.7339e-01       4686          1  0.000e+00
     42.714   64.99154 -169.13858     43.142     3.1565     3.1276     3.1540    32.8197    32.8494  1026.3335    26.1313    259.425    248.890  326.67126     79.415     0.1306     0.4359     0.9680 3.6925e-01       4687          1  0.000e+00
     42.714   64.99154 -169.13858     43.142     3.1570     3.1285     3.1544    32.8191    32.8484  1026.3331    26.1309    259.406    248.875  326.66870     79.410     0.1306     0.4359     0.9680 3.6788e-01       4688          1  0.000e+00
     42.768   64.99154 -169.13858     43.196     3.1567     3.1287     3.1541    32.8197    32.8484  1026.3338    26.1313    259.394    248.862  326.66994     79.405     0.1294     0.4286     0.9667 3.6925e-01       4689          1  0.000e+00
     42.706   64.99154 -169.13858     43.134     3.1563     3.1273     3.1538    32.8201    32.8498  1026.3339    26.1317    259.377    248.852  326.67153     79.400     0.1306     0.4359     0.9680 3.7895e-01       4690          1  0.000e+00
     42.714   64.99154 -169.13858     43.142     3.1565     3.1250     3.1540    32.8201    32.8519  1026.3339    26.1317    259.360    249.041  326.67016     79.395     0.1294     0.4286     0.9667 3.8458e-01       4691          1  0.000e+00
     42.714   64.99154 -169.13858     43.142     3.1584     3.1258     3.1559    32.8182    32.8506  1026.3322    26.1300    259.334    249.041  326.65934     79.390     0.1306     0.4359     0.9667 3.8316e-01       4692          1  0.000e+00
     42.714   64.99154 -169.13858     43.141     3.1595     3.1266     3.1570    32.8167    32.8497  1026.3310    26.1287    259.314    248.843  326.65445     79.385     0.1306     0.4359     0.9680 3.8316e-01       4693          1  0.000e+00
     42.714   64.99154 -169.13858     43.141     3.1600     3.1277     3.1574    32.8165    32.8490  1026.3307    26.1285    259.295    248.812  326.65119     79.380     0.1270     0.4139     0.9680 3.8176e-01       4694          1  0.000e+00
     42.652   64.99154 -169.13858     43.079     3.1603     3.1300     3.1578    32.8164    32.8471  1026.3303    26.1284    259.275    248.772  326.64894     79.374     0.1270     0.4139     0.9667 3.8176e-01       4695          1  0.000e+00
     42.768   64.99154 -169.13858     43.196     3.1609     3.1299     3.1584    32.8154    32.8476  1026.3300    26.1275    259.260    248.554  326.64616     79.370     0.1270     0.4139     0.9627 3.8035e-01       4696          1  0.000e+00
     42.652   64.99154 -169.13858     43.079     3.1614     3.1299     3.1589    32.8154    32.8485  1026.3294    26.1275    259.669    248.691  326.64226     79.497     0.1270     0.4139     0.9614 3.7895e-01       4697          1  0.000e+00
     42.714   64.99154 -169.13858     43.141     3.1616     3.1310     3.1590    32.8153    32.8480  1026.3296    26.1274    259.072    248.678  326.64125     79.314     0.1258     0.4066     0.9614 3.7895e-01       4698          1  0.000e+00
     42.652   64.99154 -169.13858     43.079     3.1628     3.1342     3.1603    32.8137    32.8454  1026.3279    26.1260    259.048    248.650  326.63549     79.308     0.1270     0.4139     0.9614 3.8176e-01       4699          1  0.000e+00
     42.714   64.99154 -169.13858     43.141     3.1631     3.1369     3.1606    32.8132    32.8434  1026.3278    26.1256    258.784    248.628  326.63410     79.227     0.1258     0.4066     0.9614 3.8316e-01       4700          1  0.000e+00
     42.714   64.99154 -169.13858     43.141     3.1638     3.1385     3.1612    32.8130    32.8424  1026.3276    26.1254    259.348    248.415  326.62937     79.401     0.1270     0.4139     0.9614 3.8458e-01       4701          1  0.000e+00
     42.652   64.99154 -169.13858     43.079     3.1651     3.1394     3.1626    32.8115    32.8412  1026.3260    26.1241    259.180    248.570  326.62192     79.352     0.1258     0.4066     0.9614 3.8176e-01       4702          1  0.000e+00
     42.652   64.99154 -169.13858     43.079     3.1656     3.1400     3.1631    32.8105    32.8407  1026.3251    26.1232    259.167    248.556  326.62056     79.348     0.1270     0.4139     0.9614 3.7895e-01       4703          1  0.000e+00
     42.714   64.99154 -169.13858     43.141     3.1663     3.1407     3.1637    32.8101    32.8401  1026.3250    26.1228    259.189    248.348  326.61641     79.356     0.1270     0.4139     0.9614 3.7755e-01       4704          1  0.000e+00
     42.652   64.99154 -169.13858     43.079     3.1661     3.1402     3.1636    32.8100    32.8408  1026.3247    26.1228    259.178    248.508  326.61781     79.352     0.1258     0.4066     0.9614 3.8035e-01       4705          1  0.000e+00
     42.652   64.99154 -169.13858     43.079     3.1663     3.1392     3.1637    32.8095    32.8419  1026.3243    26.1223    259.168    248.499  326.61793     79.349     0.1270     0.4139     0.9614 3.8176e-01       4706          1  0.000e+00
     42.706   64.99154 -169.13858     43.134     3.1675     3.1427     3.1650    32.8086    32.8388  1026.3237    26.1215    259.153    248.468  326.61032     79.346     0.1270     0.4139     0.9614 3.8176e-01       4707          1  0.000e+00
     42.652   64.99154 -169.13858     43.079     3.1685     3.1477     3.1659    32.8075    32.8340  1026.3225    26.1206    259.136    248.426  326.60514     79.342     0.1270     0.4139     0.9614 3.8176e-01       4708          1  0.000e+00
     42.652   64.99154 -169.13858     43.079     3.1685     3.1505     3.1659    32.8075    32.8312  1026.3225    26.1206    259.126    248.397  326.60524     79.339     0.1258     0.4066     0.9614 3.7895e-01       4709          1  0.000e+00
     42.714   64.99154 -169.13858     43.141     3.1678     3.1489     3.1653    32.8079    32.8330  1026.3231    26.1209    259.158    248.390  326.60946     79.348     0.1270     0.4139     0.9614 3.7895e-01       4710          1  0.000e+00
     42.652   64.99154 -169.13858     43.079     3.1677     3.1475     3.1651    32.8086    32.8339  1026.3235    26.1215    259.183    248.377  326.60887     79.356     0.1258     0.4066     0.9614 3.8035e-01       4711          1  0.000e+00
     42.652   64.99154 -169.13858     43.079     3.1680     3.1441     3.1655    32.8083    32.8370  1026.3231    26.1212    258.957    248.376  326.60680     79.287     0.1270     0.4139     0.9614 3.8458e-01       4712          1  0.000e+00
     42.706   64.99154 -169.13858     43.134     3.1678     3.1407     3.1653    32.8082    32.8406  1026.3234    26.1212    258.921    248.375  326.60865     79.275     0.1258     0.4066     0.9614 3.8599e-01       4713          1  0.000e+00
     42.652   64.99154 -169.13858     43.079     3.1675     3.1387     3.1650    32.8087    32.8426  1026.3235    26.1216    258.881    248.363  326.61005     79.263     0.1270     0.4139     0.9614 3.8458e-01       4714          1  0.000e+00
     42.652   64.99154 -169.13858     43.079     3.1675     3.1380     3.1650    32.8090    32.8428  1026.3237    26.1218    259.023    248.345  326.60935     79.307     0.1270     0.4139     0.9614 3.7477e-01       4715          1  0.000e+00
     42.652   64.99154 -169.13858     43.079     3.1672     3.1383     3.1647    32.8093    32.8424  1026.3240    26.1221    259.020    248.345  326.61063     79.306     0.1258     0.4066     0.9509 3.7063e-01       4716          1  0.000e+00
     42.999   64.99154 -169.13860     43.429     3.1215     3.1085     3.1189    32.8430    32.8637  1026.3566    26.1530    257.884    247.512  326.89544     78.889     0.1294     0.4286     1.1781 3.6380e-01       4872          2  0.000e+00
     42.883   64.99154 -169.13860     43.312     3.1227     3.1106     3.1202    32.8424    32.8624  1026.3555    26.1524    257.817    247.515  326.88650     78.871     0.1294     0.4286     1.1781 3.6652e-01       4873          2  0.000e+00
     42.883   64.99154 -169.13860     43.312     3.1240     3.1126     3.1214    32.8409    32.8607  1026.3542    26.1511    258.232    247.525  326.88031     78.999     0.1294     0.4286     1.1767 3.6516e-01       4874          2  0.000e+00
     42.883   64.99154 -169.13860     43.312     3.1255     3.1140     3.1230    32.8396    32.8594  1026.3530    26.1500    258.067    247.541  326.87095     78.951     0.1294     0.4286     1.1781 3.6244e-01       4875          2  0.000e+00
     42.883   64.99154 -169.13860     43.312     3.1273     3.1152     3.1247    32.8382    32.8584  1026.3518    26.1487    258.053    247.537  326.86031     78.949     0.1294     0.4286     1.1781 3.6109e-01       4876          2  0.000e+00
     42.875   64.99154 -169.13860     43.304     3.1279     3.1163     3.1254    32.8372    32.8574  1026.3508    26.1478    257.833    247.536  326.85776     78.882     0.1282     0.4212     1.1698 3.6109e-01       4877          2  0.000e+00
     42.829   64.99154 -169.13860     43.257     3.1268     3.1150     3.1243    32.8387    32.8583  1026.3519    26.1491    257.844    247.549  326.86309     78.884     0.1294     0.4286     1.1132 3.6244e-01       4878          2  0.000e+00
     42.829   64.99154 -169.13860     43.257     3.1265     3.1135     3.1240    32.8389    32.8596  1026.3521    26.1493    257.824    247.565  326.86507     78.878     0.1294     0.4286     1.0873 3.6380e-01       4879          2  0.000e+00
     42.883   64.99154 -169.13860     43.312     3.1268     3.1142     3.1243    32.8389    32.8589  1026.3523    26.1493    257.808    247.574  326.86247     78.874     0.1294     0.4286     1.0859 3.6380e-01       4880          2  0.000e+00
     42.829   64.99154 -169.13860     43.257     3.1263     3.1162     3.1238    32.8396    32.8571  1026.3527    26.1499    257.798    247.574  326.86465     78.870     0.1282     0.4212     1.0887 3.6109e-01       4881          2  0.000e+00
     42.829   64.99154 -169.13860     43.257     3.1266     3.1179     3.1241    32.8397    32.8560  1026.3527    26.1499    257.791    247.384  326.86178     78.869     0.1294     0.4286     1.0900 3.5975e-01       4882          2  0.000e+00
     42.821   64.99154 -169.13860     43.249     3.1266     3.1187     3.1241    32.8398    32.8548  1026.3528    26.1500    257.792    247.375  326.86147     78.869     0.1282     0.4212     1.0900 3.5975e-01       4883          2  0.000e+00
     42.829   64.99154 -169.13858     43.257     3.1274     3.1182     3.1249    32.8390    32.8557  1026.3521    26.1493    257.796    247.374  326.85705     78.871     0.1294     0.4286     1.0900 3.5840e-01       4884          2  0.000e+00
     42.829   64.99154 -169.13858     43.257     3.1279     3.1162     3.1254    32.8383    32.8571  1026.3515    26.1487    257.806    247.579  326.85490     78.875     0.1294     0.4286     1.0887 3.5840e-01       4885          2  0.000e+00
     42.829   64.99154 -169.13858     43.257     3.1271     3.1132     3.1246    32.8386    32.8604  1026.3518    26.1490    257.830    247.618  326.86062     78.881     0.1294     0.4286     1.0900 3.5840e-01       4886          2  0.000e+00
     42.829   64.99154 -169.13858     43.257     3.1270     3.1123     3.1244    32.8386    32.8613  1026.3519    26.1491    257.856    247.649  326.86181     78.888     0.1294     0.4286     1.0900 3.5840e-01       4887          2  0.000e+00
