EcoFOCI/data/1_SampleCollection/2023_SikuliaqDBO_CruiseData/CTD_raw_BottleFile_SKQ23-12S/proc/skq202312s_082svp.cnv
* Sea-Bird SBE 9 Data File:
* FileName = D:\CTD\SKQ202312S\SKQ202312S_082.hex
* Software Version Seasave V 7.26.7.121
* Temperature SN = 6177
* Conductivity SN = 0369
* Number of Bytes Per Scan = 41
* Number of Voltage Words = 4
* Number of Scans Averaged by the Deck Unit = 1
* NMEA Latitude = 65 40.20 N
* NMEA Longitude = 168 22.04 W
* NMEA UTC (Time) = Oct 03 2023  09:48:47
* NMEA baud rate = 4800
** Ship: R/V Sikuliaq
** Station Number: 082
** Station Name: BS3
** Bottom Depth: 54
** Operator: SD
# nquan = 7
# nvalues = 4335                                  
# units = specified
# name 0 = depSM: Depth [salt water, m]
# name 1 = latitude: Latitude [deg]
# name 2 = longitude: Longitude [deg]
# name 3 = t090C: Temperature [ITS-90, deg C]
# name 4 = sal00: Salinity, Practical [PSU]
# name 5 = svCM: Sound Velocity [Chen-Millero, m/s]
# name 6 = flag:  0.000e+00
# span 0 =      1.748,     47.513                 
# span 1 =   65.66982,   65.66992                 
# span 2 = -168.36854, -168.36790                 
# span 3 =     3.0148,     6.5091                 
# span 4 =    26.2911,    32.8800                 
# span 5 =    1460.20,    1472.27                 
# span 6 = 0.0000e+00, 0.0000e+00                 
# interval = seconds: 0.0416667
# start_time = Oct 03 2023 09:52:12 [NMEA time, first data scan]
# bad_flag = -9.990e-29
*END*
[from data line 2257]
     39.046   65.66988 -168.36808     3.0233    32.8653    1460.38  0.000e+00
     39.046   65.66988 -168.36808     3.0230    32.8656    1460.38  0.000e+00
     39.046   65.66988 -168.36808     3.0231    32.8655    1460.38  0.000e+00
     39.092   65.66988 -168.36808     3.0230    32.8658    1460.38  0.000e+00
     39.100   65.66988 -168.36808     3.0231    32.8651    1460.38  0.000e+00
     39.162   65.66988 -168.36808     3.0231    32.8653    1460.38  0.000e+00
     39.154   65.66988 -168.36808     3.0231    32.8654    1460.38  0.000e+00
     39.161   65.66988 -168.36808     3.0231    32.8654    1460.38  0.000e+00
     39.215   65.66988 -168.36808     3.0233    32.8655    1460.38  0.000e+00
     39.161   65.66988 -168.36808     3.0231    32.8650    1460.38  0.000e+00
     39.262   65.66988 -168.36808     3.0231    32.8650    1460.38  0.000e+00
     39.215   65.66988 -168.36808     3.0231    32.8655    1460.38  0.000e+00
     39.277   65.66988 -168.36808     3.0233    32.8653    1460.38  0.000e+00
     39.262   65.66988 -168.36808     3.0231    32.8656    1460.38  0.000e+00
     39.277   65.66988 -168.36808     3.0230    32.8658    1460.38  0.000e+00
     39.277   65.66988 -168.36808     3.0228    32.8653    1460.38  0.000e+00
     39.277   65.66988 -168.36808     3.0233    32.8651    1460.38  0.000e+00
     39.323   65.66988 -168.36808     3.0228    32.8654    1460.38  0.000e+00
     39.331   65.66988 -168.36808     3.0230    32.8652    1460.38  0.000e+00
     39.385   65.66988 -168.36810     3.0230    32.8654    1460.38  0.000e+00
     39.385   65.66988 -168.36810     3.0230    32.8651    1460.38  0.000e+00
     39.377   65.66988 -168.36810     3.0230    32.8652    1460.38  0.000e+00
     39.385   65.66988 -168.36810     3.0230    32.8654    1460.38  0.000e+00
     39.447   65.66988 -168.36810     3.0230    32.8652    1460.38  0.000e+00
     39.439   65.66988 -168.36810     3.0230    32.8652    1460.38  0.000e+00
     39.501   65.66988 -168.36810     3.0228    32.8653    1460.38  0.000e+00
     39.447   65.66988 -168.36810     3.0231    32.8648    1460.38  0.000e+00
     39.501   65.66988 -168.36810     3.0228    32.8654    1460.38  0.000e+00
     39.493   65.66988 -168.36810     3.0231    32.8651    1460.38  0.000e+00
     39.501   65.66988 -168.36810     3.0230    32.8649    1460.38  0.000e+00
     39.501   65.66988 -168.36810     3.0228    32.8654    1460.38  0.000e+00
     39.562   65.66988 -168.36810     3.0230    32.8654    1460.39  0.000e+00
     39.555   65.66988 -168.36810     3.0230    32.8650    1460.38  0.000e+00
     39.562   65.66988 -168.36810     3.0231    32.8651    1460.39  0.000e+00
     39.562   65.66988 -168.36810     3.0231    32.8646    1460.39  0.000e+00
     39.609   65.66988 -168.36810     3.0230    32.8647    1460.39  0.000e+00
     39.562   65.66988 -168.36810     3.0228    32.8654    1460.38  0.000e+00
     39.678   65.66988 -168.36810     3.0226    32.8655    1460.39  0.000e+00
     39.616   65.66988 -168.36810     3.0228    32.8652    1460.39  0.000e+00
     39.608   65.66988 -168.36810     3.0230    32.8653    1460.39  0.000e+00
     39.678   65.66988 -168.36810     3.0228    32.8653    1460.39  0.000e+00
     39.678   65.66988 -168.36810     3.0230    32.8650    1460.39  0.000e+00
     39.616   65.66988 -168.36810     3.0230    32.8653    1460.39  0.000e+00
     39.724   65.66988 -168.36810     3.0231    32.8649    1460.39  0.000e+00
     39.678   65.66988 -168.36810     3.0230    32.8650    1460.39  0.000e+00
     39.678   65.66988 -168.36810     3.0230    32.8651    1460.39  0.000e+00
     39.662   65.66988 -168.36810     3.0230    32.8652    1460.39  0.000e+00
     39.678   65.66988 -168.36810     3.0230    32.8649    1460.39  0.000e+00
     39.732   65.66988 -168.36810     3.0228    32.8653    1460.39  0.000e+00
     39.678   65.66988 -168.36810     3.0230    32.8649    1460.39  0.000e+00
     39.724   65.66988 -168.36810     3.0228    32.8651    1460.39  0.000e+00
     39.678   65.66988 -168.36810     3.0228    32.8652    1460.39  0.000e+00
     39.732   65.66988 -168.36810     3.0231    32.8649    1460.39  0.000e+00
     39.732   65.66988 -168.36810     3.0230    32.8646    1460.39  0.000e+00
     39.724   65.66988 -168.36810     3.0226    32.8651    1460.39  0.000e+00
     39.732   65.66988 -168.36810     3.0230    32.8646    1460.39  0.000e+00
     39.786   65.66988 -168.36810     3.0228    32.8649    1460.39  0.000e+00
     39.662   65.66988 -168.36810     3.0228    32.8652    1460.39  0.000e+00
     39.847   65.66988 -168.36810     3.0228    32.8649    1460.39  0.000e+00
     39.732   65.66988 -168.36810     3.0228    32.8651    1460.39  0.000e+00
     39.786   65.66988 -168.36810     3.0228    32.8651    1460.39  0.000e+00
     39.778   65.66988 -168.36810     3.0230    32.8650    1460.39  0.000e+00
     39.732   65.66988 -168.36810     3.0230    32.8650    1460.39  0.000e+00
     39.786   65.66988 -168.36810     3.0230    32.8652    1460.39  0.000e+00
     39.732   65.66988 -168.36810     3.0231    32.8651    1460.39  0.000e+00
     39.778   65.66988 -168.36810     3.0230    32.8653    1460.39  0.000e+00
     39.786   65.66988 -168.36810     3.0230    32.8651    1460.39  0.000e+00
     39.786   65.66988 -168.36810     3.0231    32.8646    1460.39  0.000e+00
     39.786   65.66988 -168.36810     3.0230    32.8651    1460.39  0.000e+00
     39.778   65.66988 -168.36810     3.0228    32.8650    1460.39  0.000e+00
     39.786   65.66988 -168.36810     3.0228    32.8646    1460.39  0.000e+00
     39.785   65.66988 -168.36810     3.0231    32.8647    1460.39  0.000e+00
     39.894   65.66988 -168.36810     3.0230    32.8653    1460.39  0.000e+00
     39.731   65.66988 -168.36810     3.0231    32.8648    1460.39  0.000e+00
     39.847   65.66988 -168.36810     3.0231    32.8645    1460.39  0.000e+00
     39.847   65.66988 -168.36810     3.0230    32.8648    1460.39  0.000e+00
     39.839   65.66988 -168.36810     3.0233    32.8646    1460.39  0.000e+00
     39.847   65.66988 -168.36810     3.0228    32.8649    1460.39  0.000e+00
     39.785   65.66988 -168.36810     3.0231    32.8649    1460.39  0.000e+00
     39.785   65.66988 -168.36810     3.0230    32.8651    1460.39  0.000e+00
     39.839   65.66988 -168.36810     3.0233    32.8648    1460.39  0.000e+00
     39.847   65.66988 -168.36810     3.0231    32.8651    1460.39  0.000e+00
     39.847   65.66988 -168.36810     3.0234    32.8650    1460.39  0.000e+00
     39.847   65.66988 -168.36810     3.0234    32.8643    1460.39  0.000e+00
     39.839   65.66988 -168.36810     3.0233    32.8648    1460.39  0.000e+00
     39.785   65.66988 -168.36810     3.0236    32.8649    1460.39  0.000e+00
     39.901   65.66988 -168.36810     3.0236    32.8644    1460.39  0.000e+00
     39.839   65.66988 -168.36810     3.0234    32.8647    1460.39  0.000e+00
     39.901   65.66988 -168.36810     3.0234    32.8645    1460.39  0.000e+00
     39.847   65.66988 -168.36810     3.0233    32.8648    1460.39  0.000e+00
     39.847   65.66988 -168.36810     3.0233    32.8647    1460.39  0.000e+00
     39.893   65.66988 -168.36810     3.0233    32.8646    1460.39  0.000e+00
     39.847   65.66988 -168.36810     3.0233    32.8648    1460.39  0.000e+00
     39.847   65.66988 -168.36810     3.0233    32.8649    1460.39  0.000e+00
     39.901   65.66988 -168.36810     3.0231    32.8650    1460.39  0.000e+00
     39.839   65.66988 -168.36810     3.0233    32.8645    1460.39  0.000e+00
     39.901   65.66988 -168.36810     3.0233    32.8645    1460.39  0.000e+00
     39.901   65.66988 -168.36810     3.0231    32.8646    1460.39  0.000e+00
     39.847   65.66988 -168.36810     3.0231    32.8645    1460.39  0.000e+00
     39.893   65.66988 -168.36810     3.0233    32.8645    1460.39  0.000e+00
     39.901   65.66988 -168.36810     3.0231    32.8646    1460.39  0.000e+00
     39.963   65.66988 -168.36810     3.0230    32.8648    1460.39  0.000e+00
     39.901   65.66988 -168.36810     3.0233    32.8648    1460.39  0.000e+00
     39.893   65.66988 -168.36810     3.0231    32.8648    1460.39  0.000e+00
     39.901   65.66988 -168.36810     3.0231    32.8649    1460.39  0.000e+00
     39.962   65.66988 -168.36810     3.0233    32.8644    1460.39  0.000e+00
     39.955   65.66988 -168.36810     3.0234    32.8639    1460.39  0.000e+00
     39.901   65.66988 -168.36810     3.0231    32.8648    1460.39  0.000e+00
     39.962   65.66988 -168.36810     3.0233    32.8642    1460.39  0.000e+00
     39.962   65.66988 -168.36810     3.0233    32.8642    1460.39  0.000e+00
     39.955   65.66988 -168.36810     3.0233    32.8645    1460.39  0.000e+00
     39.962   65.66988 -168.36810     3.0233    32.8644    1460.39  0.000e+00
     39.901   65.66988 -168.36810     3.0231    32.8646    1460.39  0.000e+00
     40.016   65.66988 -168.36810     3.0233    32.8645    1460.39  0.000e+00
     40.009   65.66988 -168.36810     3.0233    32.8643    1460.39  0.000e+00
     39.962   65.66988 -168.36810     3.0233    32.8642    1460.39  0.000e+00
     39.962   65.66988 -168.36812     3.0233    32.8645    1460.39  0.000e+00
     40.016   65.66988 -168.36812     3.0231    32.8643    1460.39  0.000e+00
     40.009   65.66988 -168.36812     3.0233    32.8642    1460.39  0.000e+00
     40.016   65.66988 -168.36812     3.0231    32.8642    1460.39  0.000e+00
     40.016   65.66988 -168.36812     3.0233    32.8641    1460.39  0.000e+00
     40.016   65.66988 -168.36812     3.0231    32.8640    1460.39  0.000e+00
     40.063   65.66988 -168.36812     3.0230    32.8644    1460.39  0.000e+00
     40.016   65.66988 -168.36812     3.0230    32.8647    1460.39  0.000e+00
     40.078   65.66988 -168.36812     3.0231    32.8645    1460.39  0.000e+00
     40.008   65.66988 -168.36812     3.0230    32.8647    1460.39  0.000e+00
     40.078   65.66988 -168.36812     3.0231    32.8645    1460.39  0.000e+00
     40.078   65.66988 -168.36812     3.0230    32.8646    1460.39  0.000e+00
     40.078   65.66988 -168.36812     3.0231    32.8648    1460.39  0.000e+00
     40.062   65.66988 -168.36812     3.0230    32.8642    1460.39  0.000e+00
     40.078   65.66988 -168.36812     3.0233    32.8637    1460.39  0.000e+00
     40.132   65.66988 -168.36812     3.0230    32.8648    1460.39  0.000e+00
     40.078   65.66988 -168.36812     3.0233    32.8648    1460.39  0.000e+00
     40.124   65.66988 -168.36812     3.0233    32.8652    1460.40  0.000e+00
     40.132   65.66988 -168.36812     3.0236    32.8650    1460.40  0.000e+00
     40.132   65.66988 -168.36812     3.0239    32.8647    1460.40  0.000e+00
     40.132   65.66988 -168.36812     3.0239    32.8644    1460.40  0.000e+00
     40.124   65.66988 -168.36812     3.0239    32.8644    1460.40  0.000e+00
     40.132   65.66988 -168.36812     3.0240    32.8641    1460.40  0.000e+00
     40.186   65.66988 -168.36812     3.0236    32.8640    1460.40  0.000e+00
     40.132   65.66988 -168.36812     3.0238    32.8637    1460.40  0.000e+00
     40.178   65.66988 -168.36812     3.0234    32.8635    1460.40  0.000e+00
     40.186   65.66988 -168.36812     3.0233    32.8640    1460.40  0.000e+00
     40.186   65.66988 -168.36812     3.0233    32.8640    1460.40  0.000e+00
     40.186   65.66988 -168.36812     3.0233    32.8636    1460.39  0.000e+00
     40.178   65.66988 -168.36812     3.0234    32.8636    1460.40  0.000e+00
     40.185   65.66988 -168.36812     3.0231    32.8643    1460.40  0.000e+00
     40.247   65.66988 -168.36812     3.0233    32.8639    1460.40  0.000e+00
     40.178   65.66988 -168.36812     3.0234    32.8644    1460.40  0.000e+00
     40.247   65.66988 -168.36812     3.0234    32.8643    1460.40  0.000e+00
     40.247   65.66988 -168.36812     3.0234    32.8640    1460.40  0.000e+00
     40.247   65.66988 -168.36812     3.0234    32.8638    1460.40  0.000e+00
     40.239   65.66988 -168.36812     3.0234    32.8640    1460.40  0.000e+00
     40.301   65.66988 -168.36812     3.0236    32.8636    1460.40  0.000e+00
     40.247   65.66988 -168.36812     3.0234    32.8637    1460.40  0.000e+00
     40.301   65.66988 -168.36812     3.0234    32.8638    1460.40  0.000e+00
     40.293   65.66988 -168.36812     3.0234    32.8637    1460.40  0.000e+00
     40.247   65.66988 -168.36812     3.0236    32.8635    1460.40  0.000e+00
     40.301   65.66988 -168.36812     3.0233    32.8640    1460.40  0.000e+00
     40.363   65.66988 -168.36812     3.0234    32.8639    1460.40  0.000e+00
     40.293   65.66988 -168.36812     3.0234    32.8641    1460.40  0.000e+00
     40.363   65.66988 -168.36812     3.0234    32.8644    1460.40  0.000e+00
     40.363   65.66988 -168.36812     3.0236    32.8641    1460.40  0.000e+00
     40.301   65.66988 -168.36812     3.0238    32.8638    1460.40  0.000e+00
     40.355   65.66988 -168.36812     3.0238    32.8637    1460.40  0.000e+00
     40.363   65.66988 -168.36812     3.0236    32.8637    1460.40  0.000e+00
     40.417   65.66988 -168.36812     3.0239    32.8636    1460.40  0.000e+00
     40.417   65.66988 -168.36812     3.0238    32.8634    1460.40  0.000e+00
     40.409   65.66988 -168.36812     3.0238    32.8636    1460.40  0.000e+00
     40.362   65.66988 -168.36812     3.0238    32.8632    1460.40  0.000e+00
     40.478   65.66988 -168.36812     3.0236    32.8636    1460.40  0.000e+00
     40.416   65.66988 -168.36812     3.0236    32.8637    1460.40  0.000e+00
     40.463   65.66988 -168.36812     3.0236    32.8634    1460.40  0.000e+00
     40.416   65.66988 -168.36812     3.0236    32.8634    1460.40  0.000e+00
     40.478   65.66988 -168.36812     3.0234    32.8638    1460.40  0.000e+00
     40.478   65.66988 -168.36812     3.0236    32.8637    1460.40  0.000e+00
     40.463   65.66988 -168.36812     3.0236    32.8636    1460.40  0.000e+00
     40.532   65.66988 -168.36812     3.0234    32.8640    1460.40  0.000e+00
     40.478   65.66988 -168.36812     3.0236    32.8640    1460.40  0.000e+00
     40.532   65.66988 -168.36812     3.0236    32.8639    1460.40  0.000e+00
     40.524   65.66988 -168.36812     3.0236    32.8635    1460.40  0.000e+00
     40.532   65.66988 -168.36812     3.0236    32.8637    1460.40  0.000e+00
     40.586   65.66988 -168.36812     3.0236    32.8637    1460.40  0.000e+00
     40.532   65.66988 -168.36812     3.0236    32.8637    1460.40  0.000e+00
     40.640   65.66988 -168.36812     3.0234    32.8639    1460.40  0.000e+00
     40.586   65.66988 -168.36812     3.0236    32.8637    1460.40  0.000e+00
     40.648   65.66988 -168.36812     3.0234    32.8635    1460.40  0.000e+00
     40.586   65.66988 -168.36812     3.0234    32.8635    1460.40  0.000e+00
     40.694   65.66988 -168.36812     3.0234    32.8634    1460.40  0.000e+00
     40.586   65.66988 -168.36812     3.0233    32.8634    1460.40  0.000e+00
     40.702   65.66988 -168.36812     3.0231    32.8639    1460.40  0.000e+00
     40.648   65.66988 -168.36812     3.0231    32.8639    1460.40  0.000e+00
     40.694   65.66988 -168.36812     3.0233    32.8640    1460.40  0.000e+00
     40.702   65.66988 -168.36812     3.0233    32.8640    1460.40  0.000e+00
     40.702   65.66988 -168.36812     3.0234    32.8635    1460.40  0.000e+00
     40.763   65.66988 -168.36812     3.0236    32.8634    1460.41  0.000e+00
     40.756   65.66988 -168.36812     3.0233    32.8636    1460.40  0.000e+00
     40.763   65.66988 -168.36812     3.0234    32.8631    1460.40  0.000e+00
     40.763   65.66988 -168.36812     3.0234    32.8631    1460.40  0.000e+00
     40.817   65.66988 -168.36812     3.0231    32.8634    1460.40  0.000e+00
     40.809   65.66988 -168.36812     3.0231    32.8638    1460.40  0.000e+00
     40.817   65.66988 -168.36812     3.0233    32.8636    1460.41  0.000e+00
     40.817   65.66988 -168.36812     3.0233    32.8633    1460.40  0.000e+00
     40.879   65.66988 -168.36812     3.0230    32.8637    1460.41  0.000e+00
