EcoFOCI/data/1_SampleCollection/2023_SikuliaqDBO_CruiseData/CTD_raw_BottleFile_SKQ23-12S/proc/skq202312s_007svpavg.cnv
* Sea-Bird SBE 9 Data File:
* FileName = D:\CTD\SKQ202312S\SKQ202312S_007.hex
* Software Version Seasave V 7.26.7.121
* Temperature SN = 6177
* Conductivity SN = 0369
* Number of Bytes Per Scan = 41
* Number of Voltage Words = 4
* Number of Scans Averaged by the Deck Unit = 1
* NMEA Latitude = 62 33.56 N
* NMEA Longitude = 173 33.01 W
* NMEA UTC (Time) = Sep 16 2023  04:45:18
* NMEA baud rate = 4800
** Ship: R/V Sikuliaq
** Station Number: 007
** Station Name: DBO1.6
** Bottom Depth: 65
** Operator: SD
# nquan = 7
# nvalues = 60                          
# units = specified
# name 0 = depSM: Depth [salt water, m]
# name 1 = latitude: Latitude [deg]
# name 2 = longitude: Longitude [deg]
# name 3 = t090C: Temperature [ITS-90, deg C]
# name 4 = sal00: Salinity, Practical [PSU]
# name 5 = svCM: Sound Velocity [Chen-Millero, m/s]
# name 6 = flag: flag
# span 0 =      2.000,     61.000       
# span 1 =   62.55918,   62.55922       
# span 2 = -173.55037, -173.55032       
# span 3 =    -1.5131,     7.6650       
# span 4 =    31.0386,    31.9042       
# span 5 =    1438.53,    1476.35       
# span 6 = 0.0000e+00, 0.0000e+00       
# interval = meters: 1                  
# start_time = Sep 16 2023 04:49:28 [NMEA time, first data scan]
# bad_flag = -9.990e-29
*END*
      2.000   62.55918 -173.55037     7.6510    31.0469    1476.27 0.0000e+00
      3.000   62.55918 -173.55036     7.6600    31.0419    1476.32 0.0000e+00
      4.000   62.55918 -173.55036     7.6650    31.0386    1476.35 0.0000e+00
      5.000   62.55919 -173.55036     7.6537    31.0416    1476.33 0.0000e+00
      6.000   62.55919 -173.55036     7.6231    31.0561    1476.24 0.0000e+00
      7.000   62.55920 -173.55036     7.6182    31.0597    1476.25 0.0000e+00
      8.000   62.55920 -173.55036     7.5400    31.1142    1476.03 0.0000e+00
      9.000   62.55920 -173.55036     7.4911    31.1388    1475.89 0.0000e+00
     10.000   62.55920 -173.55036     7.4714    31.1496    1475.84 0.0000e+00
     11.000   62.55920 -173.55036     7.5086    31.1729    1476.03 0.0000e+00
     12.000   62.55920 -173.55035     7.5240    31.1818    1476.12 0.0000e+00
     13.000   62.55920 -173.55034     7.5206    31.1847    1476.12 0.0000e+00
     14.000   62.55920 -173.55034     7.5119    31.1854    1476.11 0.0000e+00
     15.000   62.55920 -173.55034     7.5108    31.1866    1476.12 0.0000e+00
     16.000   62.55920 -173.55034     7.5010    31.1872    1476.10 0.0000e+00
     17.000   62.55920 -173.55034     7.4890    31.1935    1476.08 0.0000e+00
     18.000   62.55921 -173.55034     7.4716    31.1961    1476.03 0.0000e+00
     19.000   62.55921 -173.55034     7.4546    31.1982    1475.99 0.0000e+00
     20.000   62.55921 -173.55034     7.4578    31.1981    1476.01 0.0000e+00
     21.000   62.55922 -173.55034     7.4251    31.2070    1475.92 0.0000e+00
     22.000   62.55922 -173.55034     7.4045    31.2128    1475.86 0.0000e+00
     23.000   62.55922 -173.55034     7.2795    31.2232    1475.40 0.0000e+00
     24.000   62.55922 -173.55034     6.7081    31.2418    1473.20 0.0000e+00
     25.000   62.55922 -173.55034     4.0884    31.3991    1462.75 0.0000e+00
     26.000   62.55922 -173.55034     1.8448    31.6252    1453.35 0.0000e+00
     27.000   62.55922 -173.55034    -0.1685    31.7657    1444.45 0.0000e+00
     28.000   62.55922 -173.55034    -0.7872    31.7924    1441.63 0.0000e+00
     29.000   62.55922 -173.55032    -0.9879    31.8082    1440.71 0.0000e+00
     30.000   62.55922 -173.55033    -1.1047    31.8179    1440.19 0.0000e+00
     31.000   62.55922 -173.55034    -1.1395    31.8197    1440.04 0.0000e+00
     32.000   62.55922 -173.55033    -1.2362    31.8254    1439.61 0.0000e+00
     33.000   62.55922 -173.55032    -1.3182    31.8448    1439.26 0.0000e+00
     34.000   62.55922 -173.55032    -1.3703    31.8714    1439.06 0.0000e+00
     35.000   62.55922 -173.55034    -1.4063    31.8834    1438.92 0.0000e+00
     36.000   62.55922 -173.55032    -1.4258    31.8873    1438.85 0.0000e+00
     37.000   62.55922 -173.55032    -1.4446    31.8950    1438.78 0.0000e+00
     38.000   62.55922 -173.55032    -1.4811    31.9038    1438.64 0.0000e+00
     39.000   62.55922 -173.55033    -1.4604    31.8932    1438.74 0.0000e+00
     40.000   62.55922 -173.55032    -1.5103    31.9042    1438.53 0.0000e+00
     41.000   62.55922 -173.55032    -1.5090    31.9023    1438.55 0.0000e+00
     42.000   62.55922 -173.55032    -1.5105    31.9011    1438.56 0.0000e+00
     43.000   62.55922 -173.55032    -1.5111    31.8995    1438.57 0.0000e+00
     44.000   62.55922 -173.55033    -1.5114    31.8970    1438.58 0.0000e+00
     45.000   62.55922 -173.55032    -1.5119    31.8962    1438.59 0.0000e+00
     46.000   62.55922 -173.55032    -1.5124    31.8957    1438.61 0.0000e+00
     47.000   62.55922 -173.55032    -1.5125    31.8950    1438.62 0.0000e+00
     48.000   62.55922 -173.55033    -1.5126    31.8938    1438.64 0.0000e+00
     49.000   62.55922 -173.55032    -1.5125    31.8930    1438.65 0.0000e+00
     50.000   62.55922 -173.55032    -1.5129    31.8925    1438.67 0.0000e+00
     51.000   62.55922 -173.55032    -1.5130    31.8920    1438.68 0.0000e+00
     52.000   62.55922 -173.55032    -1.5130    31.8915    1438.70 0.0000e+00
     53.000   62.55922 -173.55032    -1.5131    31.8911    1438.71 0.0000e+00
     54.000   62.55922 -173.55032    -1.5128    31.8905    1438.73 0.0000e+00
     55.000   62.55922 -173.55035    -1.5127    31.8884    1438.74 0.0000e+00
     56.000   62.55922 -173.55034    -1.5124    31.8886    1438.76 0.0000e+00
     57.000   62.55922 -173.55034    -1.5127    31.8884    1438.78 0.0000e+00
     58.000   62.55922 -173.55034    -1.5126    31.8885    1438.79 0.0000e+00
     59.000   62.55922 -173.55034    -1.5123    31.8885    1438.81 0.0000e+00
     60.000   62.55920 -173.55034    -1.5114    31.8885    1438.83 0.0000e+00
     61.000   62.55919 -173.55036    -1.5120    31.8885    1438.84 0.0000e+00
