EcoFOCI/data/1_SampleCollection/2023_SikuliaqDBO_CruiseData/CTD_raw_BottleFile_SKQ23-12S/proc/skq202312s_071.cnv
* Sea-Bird SBE 9 Data File:
* FileName = D:\CTD\SKQ202312S\SKQ202312S_071.hex
* Software Version Seasave V 7.26.7.121
* Temperature SN = 6177
* Conductivity SN = 0369
* Number of Bytes Per Scan = 41
* Number of Voltage Words = 4
* Number of Scans Averaged by the Deck Unit = 1
* NMEA Latitude = 68 07.96 N
* NMEA Longitude = 167 29.16 W
* NMEA UTC (Time) = Oct 01 2023  15:37:48
* NMEA baud rate = 4800
** Ship: R/V Sikuliaq
** Station Number: 071
** Station Name: DBO3.4
** Bottom Depth: 48
** Operator: SD
# nquan = 24
# nvalues = 5682                                  
# units = specified
# name 0 = depSM: Depth [salt water, m]
# name 1 = latitude: Latitude [deg]
# name 2 = longitude: Longitude [deg]
# name 3 = prDM: Pressure, Digiquartz [db]
# name 4 = t090C: Temperature [ITS-90, deg C]
# name 5 = t190C: Temperature, 2 [ITS-90, deg C]
# name 6 = potemp090C: Potential Temperature [ITS-90, deg C]
# name 7 = sal00: Salinity, Practical [PSU]
# name 8 = sal11: Salinity, Practical, 2 [PSU]
# name 9 = density00: Density [density, kg/m^3]
# name 10 = sigma-é00: Density [sigma-theta, kg/m^3]
# name 11 = sbox0Mm/Kg: Oxygen, SBE 43 [umol/kg]
# name 12 = sbox1Mm/Kg: Oxygen, SBE 43, 2 [umol/kg]
# name 13 = oxsolMm/Kg: Oxygen Saturation, Garcia & Gordon [umol/kg]
# name 14 = sbeox0PS: Oxygen, SBE 43 [% saturation]
# name 15 = sbeox1PS: Oxygen, SBE 43, 2 [% saturation]
# name 16 = v0: Voltage 0
# name 17 = flECO-AFL: Fluorescence, WET Labs ECO-AFL/FL [mg/m^3]
# name 18 = v1: Voltage 1
# name 19 = CStarAt0: Beam Attenuation, WET Labs C-Star [1/m]
# name 20 = par: PAR/Irradiance, Biospherical/Licor
# name 21 = scan: Scan Count
# name 22 = timeM: Time, Elapsed [minutes]
# name 23 = flag:  0.000e+00
# span 0 =      2.762,     44.483                 
# span 1 =   68.13258,   68.13266                 
# span 2 = -167.48644, -167.48614                 
# span 3 =      2.790,     44.938                 
# span 4 =     3.5666,     5.2849                 
# span 5 =     3.5671,     5.3229                 
# span 6 =     3.5639,     5.2843                 
# span 7 =    29.7391,    32.1387                 
# span 8 =    29.7136,    32.1369                 
# span 9 =  1023.5066,  1025.6682                 
# span 10 =    23.4916,    25.5078                
# span 11 =    264.210,    303.124                
# span 12 =    251.676,    290.444                
# span 13 =  314.66490,  325.36157                
# span 14 =     81.305,     95.196                
# span 15 =     77.395,     91.270                
# span 16 =     0.0684,     0.5104                
# span 17 =     0.0623,     2.7143                
# span 18 =     3.2772,     4.2076                
# span 19 =     0.4532,     1.4532                
# span 20 = 1.0000e-12, 4.8039e-01                
# span 21 =          1,       5682                
# span 22 =     0.0000,     3.9451                
# span 23 = 0.0000e+00, 0.0000e+00                
# interval = seconds: 0.0416667
# start_time = Oct 01 2023 15:41:18 [NMEA time, first data scan]
# bad_flag = -9.990e-29
*END*
[from data line 1933]
     14.210   68.13262 -167.48618     14.354     3.8144     4.1566     3.8135    32.0016    31.9430  1025.4866    25.4194    288.982    274.951  323.44629     89.345     85.678     0.0904     0.1941     3.9353     0.7209 1.0000e-12       1934     1.3424  0.000e+00
     14.210   68.13262 -167.48618     14.354     3.8033     4.2077     3.8024    32.0068    31.9251  1025.4918    25.4247    288.840    274.677  323.52053     89.280     85.687     0.0904     0.1941     3.9365     0.7197 1.0000e-12       1935     1.3431  0.000e+00
     14.179   68.13262 -167.48618     14.323     3.7945     4.1487     3.7936    32.0106    31.9699  1025.4955    25.4285    288.638    275.275  323.58095     89.201     85.780     0.0904     0.1941     3.9365     0.7197 1.0000e-12       1936     1.3438  0.000e+00
     14.272   68.13262 -167.48618     14.417     3.7867     4.0335     3.7858    32.0140    32.0150  1025.4994    25.4319    288.846    276.114  323.63392     89.251     85.831     0.0891     0.1868     3.9353     0.7209 1.0000e-12       1937     1.3444  0.000e+00
     14.210   68.13262 -167.48618     14.354     3.7790     3.9368     3.7781    32.0179    32.0356  1025.5029    25.4358    288.676    276.877  323.68526     89.184     85.879     0.0904     0.1941     3.9353     0.7209 1.0000e-12       1938     1.3451  0.000e+00
     14.295   68.13262 -167.48618     14.440     3.7732     3.8757     3.7723    32.0205    32.0415  1025.5060    25.4384    288.913    277.403  323.72472     89.247     85.919     0.0904     0.1941     3.9353     0.7209 1.0000e-12       1939     1.3458  0.000e+00
     14.272   68.13262 -167.48618     14.417     3.7680     3.8351     3.7671    32.0237    32.0472  1025.5089    25.4414    288.735    277.784  323.75826     89.182     85.955     0.0904     0.1941     3.9353     0.7209 1.0000e-12       1940     1.3465  0.000e+00
     14.326   68.13262 -167.48618     14.471     3.7639     3.8061     3.7630    32.0258    32.0532  1025.5112    25.4435    288.753    278.280  323.78532     89.180     86.052     0.0904     0.1941     3.8877     0.7696 1.0000e-12       1941     1.3472  0.000e+00
     14.349   68.13262 -167.48618     14.495     3.7612     3.7873     3.7603    32.0269    32.0575  1025.5124    25.4446    288.782    278.520  323.80402     89.184     86.090     0.0904     0.1941     3.8010     0.8599 8.4714e-06       1942     1.3479  0.000e+00
     14.326   68.13262 -167.48618     14.471     3.7580     3.7744     3.7571    32.0275    32.0589  1025.5131    25.4454    288.588    278.728  323.82740     89.118     86.128     0.0904     0.1941     3.7778     0.8844 8.4714e-06       1943     1.3486  0.000e+00
     14.380   68.13262 -167.48618     14.526     3.7551     3.7648     3.7542    32.0276    32.0594  1025.5137    25.4457    288.631    278.924  323.85058     89.125     86.168     0.0904     0.1941     3.7802     0.8818 1.0000e-12       1944     1.3493  0.000e+00
     14.441   68.13262 -167.48618     14.588     3.7517     3.7574     3.7508    32.0283    32.0612  1025.5148    25.4466    288.663    279.297  323.87533     89.128     86.269     0.0904     0.1941     3.7839     0.8779 8.4714e-06       1945     1.3500  0.000e+00
     14.403   68.13262 -167.48618     14.549     3.7489     3.7518     3.7480    32.0281    32.0607  1025.5148    25.4467    288.498    279.474  323.89791     89.071     86.312     0.0904     0.1941     3.7851     0.8766 1.0000e-12       1946     1.3507  0.000e+00
     14.441   68.13262 -167.48618     14.588     3.7462     3.7471     3.7453    32.0278    32.0597  1025.5150    25.4467    288.536    279.653  323.91992     89.076     86.357     0.0904     0.1941     3.7851     0.8766 1.0000e-12       1947     1.3514  0.000e+00
     14.495   68.13262 -167.48618     14.643     3.7435     3.7427     3.7426    32.0281    32.0590  1025.5157    25.4472    288.596    279.813  323.94060     89.089     86.396     0.0904     0.1941     3.7851     0.8766 1.0000e-12       1948     1.3521  0.000e+00
     14.465   68.13262 -167.48618     14.611     3.7414     3.7386     3.7405    32.0277    32.0588  1025.5155    25.4471    288.425    279.970  323.95856     89.031     86.436     0.0904     0.1941     3.7851     0.8766 1.0000e-12       1949     1.3528  0.000e+00
     14.557   68.13262 -167.48618     14.705     3.7395     3.7350     3.7385    32.0270    32.0587  1025.5155    25.4467    288.458    280.324  323.97532     89.037     86.538     0.0904     0.1941     3.7851     0.8766 1.0000e-12       1950     1.3535  0.000e+00
     14.495   68.13262 -167.48618     14.643     3.7372     3.7324     3.7363    32.0267    32.0572  1025.5152    25.4467    288.297    280.480  323.99373     88.982     86.579     0.0904     0.1941     3.7839     0.8779 1.0000e-12       1951     1.3542  0.000e+00
     14.580   68.13262 -167.48618     14.728     3.7346     3.7295     3.7337    32.0267    32.0566  1025.5158    25.4469    288.347    280.644  324.01455     88.992     86.623     0.0904     0.1941     3.7851     0.8766 1.0000e-12       1952     1.3549  0.000e+00
     14.611   68.13262 -167.48618     14.759     3.7324     3.7275     3.7315    32.0266    32.0556  1025.5161    25.4470    288.238    280.803  324.03241     88.953     86.668     0.0904     0.1941     3.7851     0.8766 1.0000e-12       1953     1.3556  0.000e+00
     14.611   68.13262 -167.48618     14.759     3.7299     3.7252     3.7290    32.0261    32.0552  1025.5159    25.4468    288.054    280.965  324.05293     88.891     86.712     0.0904     0.1941     3.7839     0.8779 8.4714e-06       1954     1.3563  0.000e+00
     14.634   68.13262 -167.48618     14.783     3.7278     3.7228     3.7269    32.0263    32.0551  1025.5164    25.4472    288.036    281.297  324.06904     88.881     86.810     0.0855     0.1648     3.7851     0.8766 1.0000e-12       1955     1.3569  0.000e+00
     14.673   68.13262 -167.48618     14.822     3.7254     3.7213     3.7245    32.0263    32.0538  1025.5168    25.4475    288.079    281.459  324.08788     88.889     86.856     0.0830     0.1502     3.7839     0.8779 1.0000e-12       1956     1.3576  0.000e+00
     14.673   68.13262 -167.48618     14.822     3.7231     3.7192     3.7221    32.0268    32.0542  1025.5174    25.4481    287.898    281.599  324.10552     88.828     86.895     0.0830     0.1502     3.7839     0.8779 1.0000e-12       1957     1.3583  0.000e+00
     14.727   68.13262 -167.48618     14.876     3.7212     3.7172     3.7203    32.0267    32.0538  1025.5178    25.4482    287.708    281.741  324.12031     88.766     86.934     0.0830     0.1502     3.7839     0.8779 1.0000e-12       1958     1.3590  0.000e+00
     14.750   68.13262 -167.48618     14.900     3.7190     3.7155     3.7181    32.0265    32.0532  1025.5180    25.4482    287.725    281.859  324.13846     88.766     86.966     0.0830     0.1502     3.7851     0.8766 1.0000e-12       1959     1.3597  0.000e+00
     14.727   68.13262 -167.48618     14.876     3.7164     3.7133     3.7155    32.0262    32.0527  1025.5178    25.4482    287.522    281.977  324.15936     88.698     86.998     0.0830     0.1502     3.7851     0.8766 1.0000e-12       1960     1.3604  0.000e+00
     14.781   68.13262 -167.48618     14.931     3.7142     3.7113     3.7133    32.0269    32.0521  1025.5188    25.4490    287.489    282.287  324.17523     88.683     87.089     0.0842     0.1575     3.7680     0.8947 1.0000e-12       1961     1.3611  0.000e+00
     14.804   68.13262 -167.48618     14.954     3.7122     3.7091     3.7113    32.0262    32.0516  1025.5186    25.4486    287.480    282.212  324.19270     88.676     87.061     0.0830     0.1502     3.7118     0.9548 1.0000e-12       1962     1.3618  0.000e+00
     14.842   68.13262 -167.48618     14.993     3.7098     3.7066     3.7089    32.0263    32.0518  1025.5191    25.4489    287.217    282.307  324.21137     88.589     87.085     0.0830     0.1502     3.6899     0.9786 1.0000e-12       1963     1.3625  0.000e+00
     14.896   68.13262 -167.48618     15.048     3.7080     3.7041     3.7070    32.0252    32.0517  1025.5186    25.4482    287.225    282.401  324.22878     88.587     87.108     0.0830     0.1502     3.6899     0.9786 1.0000e-12       1964     1.3632  0.000e+00
     14.866   68.13262 -167.48618     15.016     3.7061     3.7019     3.7052    32.0251    32.0511  1025.5186    25.4483    287.219    282.657  324.24377     88.581     87.182     0.0842     0.1575     3.6923     0.9759 1.0000e-12       1965     1.3639  0.000e+00
     14.896   68.13262 -167.48618     15.048     3.7040     3.7000     3.7031    32.0253    32.0504  1025.5191    25.4486    287.029    282.550  324.26001     88.518     87.145     0.0830     0.1502     3.6935     0.9746 1.0000e-12       1966     1.3646  0.000e+00
     14.958   68.13262 -167.48618     15.110     3.7020     3.6983     3.7011    32.0258    32.0501  1025.5200    25.4492    287.010    282.799  324.27464     88.508     87.218     0.0842     0.1575     3.6935     0.9746 1.0000e-12       1967     1.3653  0.000e+00
     14.981   68.13262 -167.48618     15.133     3.6999     3.6970     3.6990    32.0251    32.0503  1025.5197    25.4488    287.017    282.679  324.29280     88.505     87.178     0.0830     0.1502     3.6935     0.9746 1.0000e-12       1968     1.3660  0.000e+00
     15.012   68.13262 -167.48618     15.165     3.6979     3.6956     3.6970    32.0249    32.0502  1025.5199    25.4489    286.800    282.727  324.30904     88.434     87.190     0.0830     0.1502     3.6935     0.9746 1.0000e-12       1969     1.3667  0.000e+00
     15.012   68.13262 -167.48618     15.165     3.6955     3.6939     3.6946    32.0248    32.0489  1025.5200    25.4491    286.790    282.776  324.32815     88.426     87.201     0.0830     0.1502     3.6935     0.9746 8.4714e-06       1970     1.3674  0.000e+00
     14.958   68.13262 -167.48618     15.110     3.6930     3.6917     3.6921    32.0251    32.0489  1025.5202    25.4495    286.803    282.608  324.34759     88.425     87.144     0.0830     0.1502     3.6935     0.9746 1.0000e-12       1971     1.3681  0.000e+00
     15.151   68.13262 -167.48618     15.305     3.6911     3.6894     3.6902    32.0256    32.0481  1025.5217    25.4501    286.597    282.810  324.36113     88.357     87.201     0.0830     0.1502     3.6935     0.9746 1.0000e-12       1972     1.3687  0.000e+00
     15.074   68.13262 -167.48618     15.227     3.6892     3.6873     3.6883    32.0261    32.0484  1025.5219    25.4507    286.585    282.633  324.37492     88.350     87.142     0.0830     0.1502     3.6935     0.9746 8.4714e-06       1973     1.3694  0.000e+00
     15.128   68.13262 -167.48618     15.281     3.6879     3.6861     3.6870    32.0263    32.0484  1025.5225    25.4510    286.352    282.600  324.38480     88.276     87.129     0.0830     0.1502     3.6935     0.9746 1.0000e-12       1974     1.3701  0.000e+00
     15.151   68.13262 -167.48618     15.305     3.6866     3.6850     3.6856    32.0264    32.0479  1025.5228    25.4512    286.323    282.562  324.39502     88.264     87.115     0.0830     0.1502     3.6935     0.9746 1.0000e-12       1975     1.3708  0.000e+00
     15.182   68.13262 -167.48618     15.336     3.6859     3.6837     3.6850    32.0267    32.0481  1025.5232    25.4514    286.101    282.330  324.39953     88.194     87.041     0.0830     0.1502     3.6935     0.9746 8.4714e-06       1976     1.3715  0.000e+00
     15.182   68.13262 -167.48618     15.336     3.6852     3.6833     3.6843    32.0269    32.0476  1025.5235    25.4517    285.836    282.067  324.40477     88.111     86.959     0.0830     0.1502     3.6935     0.9746 1.0000e-12       1977     1.3722  0.000e+00
     15.267   68.13262 -167.48618     15.422     3.6845     3.6822     3.6836    32.0264    32.0472  1025.5236    25.4514    285.995    282.003  324.41138     88.158     86.936     0.0830     0.1502     3.6935     0.9746 8.4714e-06       1978     1.3729  0.000e+00
     15.182   68.13262 -167.48618     15.336     3.6839     3.6812     3.6830    32.0260    32.0472  1025.5229    25.4511    285.992    281.929  324.41699     88.156     86.911     0.0830     0.1502     3.6923     0.9759 1.0000e-12       1979     1.3736  0.000e+00
     15.297   68.13262 -167.48618     15.453     3.6828     3.6806     3.6818    32.0257    32.0469  1025.5233    25.4509    285.812    281.837  324.42714     88.098     86.882     0.0818     0.1428     3.6935     0.9746 1.0000e-12       1980     1.3743  0.000e+00
     15.321   68.13262 -167.48618     15.476     3.6821     3.6797     3.6812    32.0258    32.0463  1025.5236    25.4511    285.795    281.553  324.43173     88.091     86.792     0.0818     0.1428     3.6899     0.9786 8.4714e-06       1981     1.3750  0.000e+00
     15.297   68.13262 -167.48618     15.453     3.6816     3.6791     3.6806    32.0253    32.0463  1025.5231    25.4508    285.768    281.431  324.43762     88.081     86.753     0.0794     0.1282     3.6593     1.0118 1.0000e-12       1982     1.3757  0.000e+00
     15.359   68.13262 -167.48618     15.515     3.6808     3.6780     3.6798    32.0249    32.0468  1025.5232    25.4505    285.591    281.123  324.44488     88.025     86.656     0.0806     0.1355     3.6435     1.0292 1.0000e-12       1983     1.3764  0.000e+00
     15.321   68.13262 -167.48618     15.476     3.6795     3.6775     3.6785    32.0253    32.0461  1025.5233    25.4509    285.583    280.788  324.45415     88.020     86.551     0.0806     0.1355     3.6410     1.0319 1.0000e-12       1984     1.3771  0.000e+00
     15.413   68.13262 -167.48618     15.570     3.6787     3.6766     3.6777    32.0246    32.0456  1025.5233    25.4504    285.570    280.463  324.46213     88.013     86.448     0.0806     0.1355     3.6435     1.0292 1.0000e-12       1985     1.3778  0.000e+00
     15.413   68.13262 -167.48618     15.570     3.6774     3.6757     3.6765    32.0247    32.0455  1025.5235    25.4507    285.399    280.304  324.47184     87.958     86.398     0.0806     0.1355     3.6435     1.0292 1.0000e-12       1986     1.3785  0.000e+00
     15.436   68.13262 -167.48618     15.593     3.6765     3.6747     3.6755    32.0244    32.0453  1025.5235    25.4505    285.400    279.960  324.48022     87.956     86.289     0.0806     0.1355     3.6435     1.0292 1.0000e-12       1987     1.3792  0.000e+00
     15.413   68.13262 -167.48618     15.570     3.6754     3.6739     3.6745    32.0244    32.0451  1025.5235    25.4506    285.671    279.785  324.48845     88.037     86.234     0.0806     0.1355     3.6435     1.0292 1.0000e-12       1988     1.3799  0.000e+00
     15.475   68.13262 -167.48618     15.632     3.6741     3.6731     3.6732    32.0242    32.0448  1025.5237    25.4505    285.120    279.426  324.49921     87.865     86.121     0.0806     0.1355     3.6435     1.0292 1.0000e-12       1989     1.3806  0.000e+00
     15.490   68.13262 -167.48618     15.648     3.6733     3.6721     3.6724    32.0243    32.0444  1025.5240    25.4507    285.129    279.073  324.50506     87.866     86.010     0.0806     0.1355     3.6435     1.0292 1.0000e-12       1990     1.3813  0.000e+00
     15.583   68.13262 -167.48618     15.741     3.6722     3.6714     3.6713    32.0247    32.0443  1025.5248    25.4511    285.171    278.895  324.51305     87.876     85.954     0.0806     0.1355     3.6435     1.0292 1.0000e-12       1991     1.3819  0.000e+00
     15.529   68.13262 -167.48618     15.686     3.6714     3.6708     3.6705    32.0247    32.0441  1025.5246    25.4512    285.198    278.718  324.51940     87.883     85.898     0.0806     0.1355     3.6435     1.0292 1.0000e-12       1992     1.3826  0.000e+00
