EcoFOCI/data/1_SampleCollection/2023_SikuliaqDBO_CruiseData/CTD_raw_BottleFile_SKQ23-12S/proc/skq202312s_031svp.cnv
* Sea-Bird SBE 9 Data File:
* FileName = D:\CTD\SKQ202312S\SKQ202312S_031.hex
* Software Version Seasave V 7.26.7.121
* Temperature SN = 6177
* Conductivity SN = 0369
* Number of Bytes Per Scan = 41
* Number of Voltage Words = 4
* Number of Scans Averaged by the Deck Unit = 1
* NMEA Latitude = 71 29.95 N
* NMEA Longitude = 157 40.36 W
* NMEA UTC (Time) = Sep 21 2023  09:49:17
* NMEA baud rate = 4800
** Ship: R/V Sikuliaq
** Station Number: 031
** Station Name: DBO5.7
** Bottom Depth: 81
** Operator: SS
# nquan = 7
# nvalues = 7970                                  
# units = specified
# name 0 = depSM: Depth [salt water, m]
# name 1 = latitude: Latitude [deg]
# name 2 = longitude: Longitude [deg]
# name 3 = t090C: Temperature [ITS-90, deg C]
# name 4 = sal00: Salinity, Practical [PSU]
# name 5 = svCM: Sound Velocity [Chen-Millero, m/s]
# name 6 = flag:  0.000e+00
# span 0 =      2.872,     76.386                 
# span 1 =   71.49900,   71.49906                 
# span 2 = -157.67374, -157.67336                 
# span 3 =    -1.6844,     3.0301                 
# span 4 =    29.9724,    32.8984                 
# span 5 =    1438.97,    1456.52                 
# span 6 = 0.0000e+00, 0.0000e+00                 
# interval = seconds: 0.0416667
# start_time = Sep 21 2023 09:54:09 [NMEA time, first data scan]
# bad_flag = -9.990e-29
*END*
[from data line 4103]
     61.968   71.49902 -157.67358    -1.6830    32.7879    1439.26  0.000e+00
     62.030   71.49902 -157.67358    -1.6831    32.7885    1439.26  0.000e+00
     62.030   71.49902 -157.67358    -1.6833    32.7888    1439.26  0.000e+00
     62.030   71.49902 -157.67358    -1.6835    32.7888    1439.26  0.000e+00
     62.145   71.49902 -157.67358    -1.6836    32.7892    1439.26  0.000e+00
     62.084   71.49902 -157.67358    -1.6836    32.7889    1439.26  0.000e+00
     62.091   71.49902 -157.67358    -1.6840    32.7896    1439.26  0.000e+00
     62.145   71.49902 -157.67358    -1.6840    32.7898    1439.26  0.000e+00
     62.145   71.49902 -157.67358    -1.6838    32.7893    1439.26  0.000e+00
     62.199   71.49902 -157.67358    -1.6838    32.7892    1439.26  0.000e+00
     62.145   71.49902 -157.67358    -1.6838    32.7893    1439.26  0.000e+00
     62.253   71.49902 -157.67358    -1.6838    32.7893    1439.26  0.000e+00
     62.261   71.49902 -157.67358    -1.6840    32.7894    1439.26  0.000e+00
     62.261   71.49902 -157.67358    -1.6838    32.7892    1439.26  0.000e+00
     62.261   71.49902 -157.67358    -1.6838    32.7893    1439.26  0.000e+00
     62.315   71.49902 -157.67358    -1.6838    32.7894    1439.26  0.000e+00
     62.307   71.49902 -157.67358    -1.6840    32.7892    1439.26  0.000e+00
     62.315   71.49902 -157.67358    -1.6836    32.7892    1439.27  0.000e+00
     62.377   71.49902 -157.67358    -1.6841    32.7898    1439.26  0.000e+00
     62.377   71.49902 -157.67358    -1.6839    32.7897    1439.27  0.000e+00
     62.377   71.49902 -157.67358    -1.6840    32.7897    1439.27  0.000e+00
     62.423   71.49902 -157.67358    -1.6840    32.7893    1439.27  0.000e+00
     62.431   71.49902 -157.67358    -1.6841    32.7898    1439.27  0.000e+00
     62.431   71.49902 -157.67358    -1.6838    32.7892    1439.27  0.000e+00
     62.431   71.49902 -157.67358    -1.6839    32.7896    1439.27  0.000e+00
     62.492   71.49902 -157.67358    -1.6841    32.7901    1439.27  0.000e+00
     62.423   71.49902 -157.67358    -1.6840    32.7897    1439.27  0.000e+00
     62.546   71.49902 -157.67358    -1.6840    32.7894    1439.27  0.000e+00
     62.492   71.49902 -157.67358    -1.6840    32.7893    1439.27  0.000e+00
     62.546   71.49902 -157.67358    -1.6840    32.7899    1439.27  0.000e+00
     62.546   71.49902 -157.67358    -1.6841    32.7897    1439.27  0.000e+00
     62.539   71.49902 -157.67358    -1.6841    32.7898    1439.27  0.000e+00
     62.600   71.49902 -157.67358    -1.6838    32.7889    1439.27  0.000e+00
     62.546   71.49902 -157.67358    -1.6840    32.7900    1439.27  0.000e+00
     62.600   71.49902 -157.67358    -1.6840    32.7901    1439.27  0.000e+00
     62.600   71.49902 -157.67358    -1.6838    32.7894    1439.27  0.000e+00
     62.600   71.49902 -157.67358    -1.6838    32.7892    1439.27  0.000e+00
     62.600   71.49902 -157.67358    -1.6841    32.7898    1439.27  0.000e+00
     62.662   71.49902 -157.67358    -1.6838    32.7895    1439.27  0.000e+00
     62.662   71.49902 -157.67358    -1.6840    32.7897    1439.27  0.000e+00
     62.662   71.49902 -157.67358    -1.6840    32.7896    1439.27  0.000e+00
     62.708   71.49902 -157.67358    -1.6836    32.7891    1439.27  0.000e+00
     62.662   71.49902 -157.67358    -1.6838    32.7897    1439.27  0.000e+00
     62.716   71.49902 -157.67358    -1.6840    32.7893    1439.27  0.000e+00
     62.778   71.49902 -157.67358    -1.6838    32.7895    1439.27  0.000e+00
     62.716   71.49902 -157.67358    -1.6840    32.7897    1439.27  0.000e+00
     62.770   71.49902 -157.67358    -1.6838    32.7894    1439.27  0.000e+00
     62.778   71.49902 -157.67358    -1.6840    32.7894    1439.27  0.000e+00
     62.832   71.49902 -157.67358    -1.6840    32.7894    1439.27  0.000e+00
     62.778   71.49902 -157.67358    -1.6841    32.7899    1439.27  0.000e+00
     62.832   71.49902 -157.67358    -1.6841    32.7893    1439.27  0.000e+00
     62.824   71.49902 -157.67358    -1.6841    32.7896    1439.27  0.000e+00
     62.894   71.49902 -157.67358    -1.6838    32.7889    1439.27  0.000e+00
     62.832   71.49902 -157.67358    -1.6840    32.7894    1439.27  0.000e+00
     62.894   71.49902 -157.67358    -1.6838    32.7894    1439.27  0.000e+00
     62.886   71.49902 -157.67358    -1.6840    32.7897    1439.27  0.000e+00
     62.894   71.49902 -157.67358    -1.6840    32.7898    1439.27  0.000e+00
     62.948   71.49902 -157.67358    -1.6838    32.7894    1439.28  0.000e+00
     63.002   71.49902 -157.67358    -1.6841    32.7895    1439.27  0.000e+00
     62.947   71.49902 -157.67358    -1.6840    32.7901    1439.28  0.000e+00
     62.994   71.49902 -157.67358    -1.6838    32.7898    1439.28  0.000e+00
     63.001   71.49902 -157.67358    -1.6840    32.7898    1439.28  0.000e+00
     63.001   71.49902 -157.67358    -1.6840    32.7897    1439.28  0.000e+00
     63.063   71.49902 -157.67358    -1.6839    32.7897    1439.28  0.000e+00
     63.063   71.49902 -157.67358    -1.6840    32.7895    1439.28  0.000e+00
     63.110   71.49902 -157.67358    -1.6838    32.7896    1439.28  0.000e+00
     63.117   71.49902 -157.67358    -1.6840    32.7898    1439.28  0.000e+00
     63.179   71.49902 -157.67358    -1.6840    32.7897    1439.28  0.000e+00
     63.179   71.49902 -157.67358    -1.6840    32.7900    1439.28  0.000e+00
     63.179   71.49902 -157.67358    -1.6838    32.7894    1439.28  0.000e+00
     63.171   71.49902 -157.67358    -1.6840    32.7896    1439.28  0.000e+00
     63.179   71.49902 -157.67358    -1.6840    32.7896    1439.28  0.000e+00
     63.233   71.49902 -157.67358    -1.6841    32.7898    1439.28  0.000e+00
     63.295   71.49902 -157.67358    -1.6838    32.7894    1439.28  0.000e+00
     63.287   71.49902 -157.67358    -1.6841    32.7895    1439.28  0.000e+00
     63.233   71.49902 -157.67358    -1.6840    32.7895    1439.28  0.000e+00
     63.349   71.49902 -157.67358    -1.6840    32.7898    1439.28  0.000e+00
     63.349   71.49902 -157.67358    -1.6836    32.7892    1439.28  0.000e+00
     63.349   71.49902 -157.67358    -1.6841    32.7899    1439.28  0.000e+00
     63.341   71.49902 -157.67358    -1.6838    32.7892    1439.28  0.000e+00
     63.403   71.49902 -157.67358    -1.6839    32.7894    1439.28  0.000e+00
     63.403   71.49902 -157.67358    -1.6838    32.7893    1439.28  0.000e+00
     63.464   71.49902 -157.67358    -1.6836    32.7895    1439.28  0.000e+00
     63.464   71.49902 -157.67358    -1.6840    32.7894    1439.28  0.000e+00
     63.511   71.49902 -157.67358    -1.6840    32.7896    1439.28  0.000e+00
     63.518   71.49902 -157.67358    -1.6839    32.7897    1439.28  0.000e+00
     63.518   71.49902 -157.67358    -1.6841    32.7901    1439.28  0.000e+00
     63.580   71.49902 -157.67358    -1.6841    32.7896    1439.28  0.000e+00
     63.572   71.49902 -157.67358    -1.6841    32.7902    1439.29  0.000e+00
     63.634   71.49902 -157.67358    -1.6838    32.7892    1439.29  0.000e+00
     63.634   71.49902 -157.67358    -1.6838    32.7891    1439.29  0.000e+00
     63.634   71.49902 -157.67358    -1.6841    32.7895    1439.29  0.000e+00
     63.696   71.49902 -157.67358    -1.6842    32.7894    1439.29  0.000e+00
     63.688   71.49902 -157.67358    -1.6840    32.7892    1439.29  0.000e+00
     63.696   71.49902 -157.67358    -1.6841    32.7895    1439.29  0.000e+00
     63.750   71.49902 -157.67358    -1.6842    32.7899    1439.29  0.000e+00
     63.750   71.49902 -157.67358    -1.6841    32.7895    1439.29  0.000e+00
     63.796   71.49902 -157.67358    -1.6840    32.7895    1439.29  0.000e+00
     63.811   71.49902 -157.67358    -1.6840    32.7896    1439.29  0.000e+00
     63.865   71.49902 -157.67358    -1.6841    32.7901    1439.29  0.000e+00
     63.865   71.49902 -157.67358    -1.6841    32.7897    1439.29  0.000e+00
     63.865   71.49902 -157.67358    -1.6840    32.7895    1439.29  0.000e+00
     63.912   71.49902 -157.67358    -1.6839    32.7895    1439.29  0.000e+00
     63.919   71.49902 -157.67358    -1.6841    32.7892    1439.29  0.000e+00
     63.981   71.49902 -157.67358    -1.6840    32.7893    1439.29  0.000e+00
     63.981   71.49902 -157.67358    -1.6842    32.7898    1439.29  0.000e+00
     63.973   71.49902 -157.67358    -1.6840    32.7896    1439.29  0.000e+00
     64.035   71.49902 -157.67358    -1.6842    32.7894    1439.29  0.000e+00
     64.035   71.49902 -157.67358    -1.6840    32.7895    1439.29  0.000e+00
     64.035   71.49902 -157.67358    -1.6842    32.7898    1439.29  0.000e+00
     64.089   71.49902 -157.67358    -1.6841    32.7893    1439.29  0.000e+00
     64.097   71.49902 -157.67358    -1.6840    32.7895    1439.29  0.000e+00
     64.151   71.49902 -157.67358    -1.6841    32.7899    1439.29  0.000e+00
     64.151   71.49902 -157.67358    -1.6839    32.7896    1439.29  0.000e+00
     64.035   71.49902 -157.67358    -1.6838    32.7895    1439.29  0.000e+00
     64.259   71.49902 -157.67358    -1.6840    32.7896    1439.30  0.000e+00
     64.213   71.49902 -157.67358    -1.6840    32.7894    1439.29  0.000e+00
     64.213   71.49902 -157.67358    -1.6838    32.7893    1439.30  0.000e+00
     64.267   71.49902 -157.67358    -1.6839    32.7895    1439.30  0.000e+00
     64.197   71.49902 -157.67358    -1.6838    32.7892    1439.30  0.000e+00
     64.267   71.49902 -157.67358    -1.6838    32.7895    1439.30  0.000e+00
     64.321   71.49902 -157.67358    -1.6836    32.7890    1439.30  0.000e+00
     64.267   71.49902 -157.67358    -1.6836    32.7891    1439.30  0.000e+00
     64.313   71.49902 -157.67358    -1.6838    32.7892    1439.30  0.000e+00
     64.321   71.49902 -157.67358    -1.6836    32.7893    1439.30  0.000e+00
     64.382   71.49902 -157.67358    -1.6838    32.7895    1439.30  0.000e+00
     64.321   71.49902 -157.67358    -1.6836    32.7892    1439.30  0.000e+00
     64.375   71.49902 -157.67358    -1.6836    32.7894    1439.30  0.000e+00
     64.382   71.49902 -157.67358    -1.6835    32.7894    1439.30  0.000e+00
     64.382   71.49902 -157.67358    -1.6838    32.7897    1439.30  0.000e+00
     64.382   71.49902 -157.67358    -1.6836    32.7894    1439.30  0.000e+00
     64.429   71.49902 -157.67358    -1.6835    32.7893    1439.30  0.000e+00
     64.436   71.49902 -157.67358    -1.6838    32.7893    1439.30  0.000e+00
     64.436   71.49902 -157.67358    -1.6836    32.7891    1439.30  0.000e+00
     64.436   71.49902 -157.67358    -1.6833    32.7892    1439.30  0.000e+00
     64.436   71.49902 -157.67358    -1.6834    32.7890    1439.30  0.000e+00
     64.490   71.49902 -157.67358    -1.6838    32.7894    1439.30  0.000e+00
     64.436   71.49902 -157.67358    -1.6833    32.7895    1439.30  0.000e+00
     64.436   71.49902 -157.67358    -1.6833    32.7892    1439.30  0.000e+00
     64.498   71.49902 -157.67358    -1.6835    32.7892    1439.30  0.000e+00
     64.490   71.49902 -157.67358    -1.6834    32.7894    1439.30  0.000e+00
     64.498   71.49902 -157.67358    -1.6833    32.7895    1439.30  0.000e+00
     64.498   71.49902 -157.67358    -1.6833    32.7894    1439.30  0.000e+00
     64.498   71.49902 -157.67358    -1.6833    32.7893    1439.30  0.000e+00
     64.544   71.49902 -157.67358    -1.6833    32.7895    1439.30  0.000e+00
     64.498   71.49902 -157.67358    -1.6830    32.7891    1439.30  0.000e+00
     64.498   71.49902 -157.67358    -1.6831    32.7892    1439.30  0.000e+00
     64.552   71.49902 -157.67358    -1.6831    32.7891    1439.30  0.000e+00
     64.490   71.49902 -157.67358    -1.6831    32.7889    1439.30  0.000e+00
     64.498   71.49902 -157.67358    -1.6829    32.7890    1439.30  0.000e+00
     64.552   71.49902 -157.67358    -1.6829    32.7886    1439.30  0.000e+00
     64.552   71.49902 -157.67358    -1.6826    32.7883    1439.31  0.000e+00
     64.490   71.49902 -157.67358    -1.6824    32.7881    1439.31  0.000e+00
     64.552   71.49902 -157.67358    -1.6819    32.7879    1439.31  0.000e+00
     64.498   71.49902 -157.67358    -1.6818    32.7877    1439.31  0.000e+00
     64.552   71.49902 -157.67358    -1.6816    32.7876    1439.31  0.000e+00
     64.544   71.49902 -157.67358    -1.6815    32.7871    1439.31  0.000e+00
     64.498   71.49902 -157.67358    -1.6816    32.7871    1439.31  0.000e+00
     64.552   71.49902 -157.67358    -1.6815    32.7867    1439.31  0.000e+00
     64.498   71.49902 -157.67358    -1.6815    32.7869    1439.31  0.000e+00
     64.490   71.49902 -157.67358    -1.6814    32.7866    1439.31  0.000e+00
     64.552   71.49902 -157.67358    -1.6814    32.7863    1439.31  0.000e+00
     64.498   71.49902 -157.67358    -1.6814    32.7863    1439.31  0.000e+00
     64.552   71.49902 -157.67358    -1.6812    32.7858    1439.31  0.000e+00
     64.498   71.49902 -157.67358    -1.6810    32.7855    1439.31  0.000e+00
     64.490   71.49902 -157.67358    -1.6809    32.7855    1439.31  0.000e+00
     64.498   71.49902 -157.67358    -1.6805    32.7849    1439.31  0.000e+00
     64.552   71.49902 -157.67358    -1.6805    32.7847    1439.31  0.000e+00
     64.498   71.49902 -157.67358    -1.6804    32.7842    1439.31  0.000e+00
     64.544   71.49902 -157.67358    -1.6804    32.7840    1439.31  0.000e+00
     64.498   71.49902 -157.67358    -1.6801    32.7837    1439.31  0.000e+00
     64.498   71.49902 -157.67358    -1.6798    32.7834    1439.31  0.000e+00
     64.552   71.49902 -157.67358    -1.6792    32.7823    1439.31  0.000e+00
     64.490   71.49902 -157.67358    -1.6790    32.7817    1439.31  0.000e+00
     64.552   71.49902 -157.67358    -1.6790    32.7818    1439.31  0.000e+00
     64.552   71.49902 -157.67358    -1.6789    32.7815    1439.31  0.000e+00
     64.497   71.49902 -157.67358    -1.6789    32.7817    1439.31  0.000e+00
     64.544   71.49902 -157.67358    -1.6786    32.7812    1439.32  0.000e+00
     64.552   71.49902 -157.67358    -1.6783    32.7809    1439.32  0.000e+00
     64.497   71.49902 -157.67358    -1.6780    32.7801    1439.32  0.000e+00
     64.551   71.49902 -157.67358    -1.6777    32.7795    1439.32  0.000e+00
     64.544   71.49902 -157.67358    -1.6771    32.7794    1439.32  0.000e+00
     64.551   71.49902 -157.67358    -1.6768    32.7787    1439.32  0.000e+00
     64.551   71.49902 -157.67358    -1.6766    32.7786    1439.32  0.000e+00
     64.551   71.49902 -157.67358    -1.6763    32.7784    1439.32  0.000e+00
     64.598   71.49902 -157.67358    -1.6766    32.7786    1439.32  0.000e+00
     64.551   71.49902 -157.67358    -1.6764    32.7787    1439.32  0.000e+00
     64.613   71.49902 -157.67358    -1.6767    32.7792    1439.32  0.000e+00
     64.613   71.49902 -157.67358    -1.6766    32.7789    1439.32  0.000e+00
     64.544   71.49902 -157.67358    -1.6769    32.7795    1439.32  0.000e+00
     64.667   71.49902 -157.67358    -1.6768    32.7792    1439.32  0.000e+00
     64.613   71.49902 -157.67358    -1.6772    32.7800    1439.32  0.000e+00
     64.613   71.49902 -157.67358    -1.6772    32.7799    1439.32  0.000e+00
     64.667   71.49902 -157.67358    -1.6775    32.7803    1439.32  0.000e+00
     64.659   71.49902 -157.67358    -1.6777    32.7809    1439.32  0.000e+00
     64.667   71.49902 -157.67358    -1.6780    32.7812    1439.32  0.000e+00
     64.667   71.49902 -157.67358    -1.6783    32.7818    1439.32  0.000e+00
     64.721   71.49902 -157.67358    -1.6785    32.7821    1439.32  0.000e+00
     64.659   71.49902 -157.67358    -1.6786    32.7822    1439.32  0.000e+00
     64.721   71.49902 -157.67358    -1.6789    32.7823    1439.32  0.000e+00
     64.721   71.49902 -157.67358    -1.6789    32.7823    1439.32  0.000e+00
     64.783   71.49902 -157.67358    -1.6793    32.7833    1439.32  0.000e+00
     64.829   71.49902 -157.67358    -1.6798    32.7843    1439.32  0.000e+00
     64.783   71.49902 -157.67358    -1.6805    32.7852    1439.32  0.000e+00
