EcoFOCI/data/1_SampleCollection/2023_SikuliaqDBO_CruiseData/CTD_raw_BottleFile_SKQ23-12S/proc/skq202312s_053.cnv
* Sea-Bird SBE 9 Data File:
* FileName = D:\CTD\SKQ202312S\SKQ202312S_053.hex
* Software Version Seasave V 7.26.7.121
* Temperature SN = 6177
* Conductivity SN = 0369
* Number of Bytes Per Scan = 41
* Number of Voltage Words = 4
* Number of Scans Averaged by the Deck Unit = 1
* NMEA Latitude = 70 50.92 N
* NMEA Longitude = 163 11.04 W
* NMEA UTC (Time) = Sep 26 2023  23:34:43
* NMEA baud rate = 4800
** Ship: R/V Sikuliaq
** Station Number: 053
** Station Name: IC9
** Bottom Depth: 44
** Operator: SS
# nquan = 24
# nvalues = 4192                                  
# units = specified
# name 0 = depSM: Depth [salt water, m]
# name 1 = latitude: Latitude [deg]
# name 2 = longitude: Longitude [deg]
# name 3 = prDM: Pressure, Digiquartz [db]
# name 4 = t090C: Temperature [ITS-90, deg C]
# name 5 = t190C: Temperature, 2 [ITS-90, deg C]
# name 6 = potemp090C: Potential Temperature [ITS-90, deg C]
# name 7 = sal00: Salinity, Practical [PSU]
# name 8 = sal11: Salinity, Practical, 2 [PSU]
# name 9 = density00: Density [density, kg/m^3]
# name 10 = sigma-é00: Density [sigma-theta, kg/m^3]
# name 11 = sbox0Mm/Kg: Oxygen, SBE 43 [umol/kg]
# name 12 = sbox1Mm/Kg: Oxygen, SBE 43, 2 [umol/kg]
# name 13 = oxsolMm/Kg: Oxygen Saturation, Garcia & Gordon [umol/kg]
# name 14 = sbeox0PS: Oxygen, SBE 43 [% saturation]
# name 15 = sbeox1PS: Oxygen, SBE 43, 2 [% saturation]
# name 16 = v0: Voltage 0
# name 17 = flECO-AFL: Fluorescence, WET Labs ECO-AFL/FL [mg/m^3]
# name 18 = v1: Voltage 1
# name 19 = CStarAt0: Beam Attenuation, WET Labs C-Star [1/m]
# name 20 = par: PAR/Irradiance, Biospherical/Licor
# name 21 = scan: Scan Count
# name 22 = timeM: Time, Elapsed [minutes]
# name 23 = flag:  0.000e+00
# span 0 =      2.319,     38.959                 
# span 1 =   70.84866,   70.84870                 
# span 2 = -163.18456, -163.18434                 
# span 3 =      2.343,     39.363                 
# span 4 =     4.3929,     6.8622                 
# span 5 =     4.3935,     6.8575                 
# span 6 =     4.3908,     6.8610                 
# span 7 =    29.2773,    31.8033                 
# span 8 =    29.2885,    31.8251                 
# span 9 =  1023.0908,  1025.3775                 
# span 10 =    23.0785,    25.2017                
# span 11 =    234.045,    299.936                
# span 12 =    219.552,    281.234                
# span 13 =  302.16909,  319.55082                
# span 14 =     73.274,     95.266                
# span 15 =     68.739,     89.727                
# span 16 =     0.0781,     0.2271                
# span 17 =     0.1209,     1.0146                
# span 18 =     1.9035,     4.1746                
# span 19 =     0.4847,     3.6273                
# span 20 = 1.0000e-12, 1.1684e+02                
# span 21 =          1,       4192                
# span 22 =     0.0000,     2.9104                
# span 23 = 0.0000e+00, 0.0000e+00                
# interval = seconds: 0.0416667
# start_time = Sep 26 2023 23:38:01 [NMEA time, first data scan]
# bad_flag = -9.990e-29
*END*
[from data line 363]
      2.496   70.84866 -163.18436      2.522     5.6184     5.6198     5.6182    29.4988    29.5069  1023.2632    23.2515    298.498    274.965  315.58624     94.585     87.136     0.1868     0.7729     4.0330     0.6228 1.0294e+02        364     0.2521  0.000e+00
      2.550   70.84866 -163.18436      2.576     5.6188     5.6195     5.6186    29.5036    29.5064  1023.2672    23.2552    298.503    274.969  315.57157     94.591     87.137     0.1868     0.7729     4.0330     0.6228 1.0294e+02        365     0.2528  0.000e+00
      2.496   70.84866 -163.18436      2.522     5.6198     5.6202     5.6196    29.5096    29.5085  1023.2715    23.2598    298.497    274.962  315.55030     94.596     87.137     0.1880     0.7802     4.0330     0.6228 1.0294e+02        366     0.2535  0.000e+00
      2.496   70.84866 -163.18436      2.522     5.6203     5.6214     5.6201    29.5138    29.5093  1023.2748    23.2630    298.299    274.961  315.53703     94.537     87.140     0.1868     0.7729     4.0330     0.6228 1.0265e+02        367     0.2542  0.000e+00
      2.550   70.84866 -163.18436      2.576     5.6210     5.6216     5.6209    29.5136    29.5083  1023.2748    23.2628    298.456    274.977  315.53180     94.588     87.145     0.1880     0.7802     4.0330     0.6228 1.0236e+02        368     0.2549  0.000e+00
      2.496   70.84866 -163.18436      2.522     5.6214     5.6214     5.6212    29.5096    29.5070  1023.2714    23.2596    298.507    274.997  315.53831     94.603     87.150     0.1868     0.7729     4.0330     0.6228 1.0236e+02        369     0.2556  0.000e+00
      2.496   70.84866 -163.18436      2.522     5.6209     5.6208     5.6207    29.5054    29.5062  1023.2681    23.2563    298.539    275.026  315.55211     94.609     87.157     0.1868     0.7729     4.0330     0.6228 1.0236e+02        370     0.2562  0.000e+00
      2.496   70.84866 -163.18436      2.522     5.6203     5.6209     5.6201    29.5019    29.5056  1023.2654    23.2536    298.600    275.034  315.56492     94.624     87.160     0.1868     0.7729     4.0330     0.6228 1.0294e+02        371     0.2569  0.000e+00
      2.496   70.84866 -163.18436      2.522     5.6198     5.6206     5.6196    29.5005    29.5067  1023.2643    23.2526    298.627    274.863  315.57165     94.630     87.106     0.1868     0.7729     4.0330     0.6228 1.0352e+02        372     0.2576  0.000e+00
      2.496   70.84866 -163.18436      2.522     5.6195     5.6208     5.6193    29.5003    29.5077  1023.2642    23.2525    298.619    274.858  315.57435     94.627     87.105     0.1868     0.7729     4.0330     0.6228 1.0381e+02        373     0.2583  0.000e+00
      2.496   70.84866 -163.18436      2.522     5.6193     5.6209     5.6191    29.5002    29.5095  1023.2642    23.2525    298.608    274.856  315.57607     94.623     87.106     0.1880     0.7802     4.0330     0.6228 1.0381e+02        374     0.2590  0.000e+00
      2.496   70.84866 -163.18436      2.522     5.6187     5.6216     5.6185    29.4962    29.5113  1023.2611    23.2493    298.639    274.854  315.59008     94.629     87.108     0.1880     0.7802     4.0330     0.6228 1.0440e+02        375     0.2597  0.000e+00
      2.550   70.84866 -163.18436      2.576     5.6182     5.6219     5.6180    29.4898    29.5123  1023.2563    23.2444    298.676    274.864  315.60848     94.635     87.112     0.1868     0.7729     4.0317     0.6240 1.0440e+02        376     0.2604  0.000e+00
      2.496   70.84866 -163.18436      2.522     5.6177     5.6221     5.6175    29.4870    29.5130  1023.2539    23.2422    298.671    274.875  315.61896     94.630     87.117     0.1880     0.7802     4.0317     0.6240 1.0440e+02        377     0.2611  0.000e+00
      2.550   70.84866 -163.18436      2.576     5.6171     5.6222     5.6169    29.4864    29.5142  1023.2538    23.2418    298.897    274.896  315.62494     94.700     87.124     0.1868     0.7729     4.0317     0.6240 1.0410e+02        378     0.2618  0.000e+00
      2.519   70.84866 -163.18436      2.545     5.6168     5.6223     5.6166    29.4902    29.5153  1023.2567    23.2448    298.671    274.898  315.61831     94.630     87.126     0.1868     0.7729     4.0317     0.6240 1.0381e+02        379     0.2625  0.000e+00
      2.550   70.84866 -163.18436      2.576     5.6167     5.6223     5.6165    29.5017    29.5173  1023.2658    23.2539    298.629    274.722  315.59194     94.625     87.071     0.1868     0.7729     4.0317     0.6240 1.0381e+02        380     0.2632  0.000e+00
      2.550   70.84866 -163.18436      2.576     5.6179     5.6226     5.6177    29.5119    29.5178  1023.2738    23.2618    298.607    274.715  315.55902     94.628     87.070     0.1880     0.7802     4.0305     0.6252 1.0294e+02        381     0.2639  0.000e+00
      2.550   70.84866 -163.18436      2.576     5.6195     5.6225     5.6193    29.5173    29.5142  1023.2779    23.2659    298.594    274.907  315.53446     94.631     87.128     0.1856     0.7656     4.0317     0.6240 1.0265e+02        382     0.2646  0.000e+00
      2.550   70.84866 -163.18436      2.576     5.6207     5.6209     5.6205    29.5199    29.5022  1023.2798    23.2678    298.589    274.784  315.51918     94.634     87.078     0.1868     0.7729     4.0317     0.6240 1.0265e+02        383     0.2653  0.000e+00
      2.550   70.84866 -163.18436      2.576     5.6220     5.6192     5.6218    29.5203    29.4863  1023.2800    23.2680    298.589    275.020  315.50860     94.637     87.139     0.1856     0.7656     4.0317     0.6240 1.0150e+02        384     0.2660  0.000e+00
      2.612   70.84866 -163.18436      2.639     5.6225     5.6166     5.6223    29.5196    29.4679  1023.2797    23.2674    298.773    274.909  315.50685     94.696     87.087     0.1832     0.7509     4.0317     0.6240 1.0121e+02        385     0.2667  0.000e+00
      2.550   70.84866 -163.18436      2.576     5.6233     5.6152     5.6231    29.5185    29.4490  1023.2784    23.2665    298.804    275.135  315.50328     94.707     87.143     0.1832     0.7509     4.0317     0.6240 1.0121e+02        386     0.2674  0.000e+00
      2.612   70.84866 -163.18436      2.639     5.6235     5.6144     5.6233    29.5181    29.4377  1023.2784    23.2661    298.640    275.003  315.50303     94.655     87.093     0.1832     0.7509     4.0317     0.6240 1.0065e+02        387     0.2681  0.000e+00
      2.612   70.84866 -163.18436      2.639     5.6238     5.6138     5.6236    29.5179    29.4303  1023.2782    23.2659    298.615    275.210  315.50119     94.648     87.152     0.1832     0.7509     4.0317     0.6240 1.0036e+02        388     0.2687  0.000e+00
      2.612   70.84866 -163.18436      2.639     5.6240     5.6121     5.6238    29.5165    29.4177  1023.2771    23.2648    298.622    275.275  315.50300     94.650     87.161     0.1832     0.7509     4.0305     0.6252 1.0036e+02        389     0.2694  0.000e+00
      2.612   70.84866 -163.18436      2.639     5.6241     5.6101     5.6239    29.5130    29.3978  1023.2743    23.2620    298.605    275.360  315.51045     94.642     87.171     0.1832     0.7509     4.0305     0.6252 1.0093e+02        390     0.2701  0.000e+00
      2.666   70.84866 -163.18436      2.693     5.6239     5.6072     5.6237    29.5104    29.3737  1023.2725    23.2600    298.588    275.283  315.51763     94.634     87.125     0.1844     0.7582     4.0317     0.6240 1.0150e+02        391     0.2708  0.000e+00
      2.612   70.84866 -163.18436      2.639     5.6238     5.6048     5.6236    29.5059    29.3497  1023.2687    23.2564    298.601    275.365  315.52951     94.635     87.130     0.1844     0.7582     4.0305     0.6252 1.0179e+02        392     0.2715  0.000e+00
      2.666   70.84866 -163.18436      2.693     5.6232     5.6032     5.6230    29.4972    29.3336  1023.2622    23.2497    298.601    275.414  315.55434     94.627     87.132     0.1844     0.7582     4.0305     0.6252 1.0150e+02        393     0.2722  0.000e+00
      2.666   70.84866 -163.18436      2.693     5.6223     5.6024     5.6221    29.4782    29.3267  1023.2473    23.2347    298.621    275.439  315.60500     94.619     87.134     0.1832     0.7509     4.0317     0.6240 1.0121e+02        394     0.2729  0.000e+00
      2.720   70.84866 -163.18436      2.748     5.6207     5.6019     5.6205    29.4438    29.3248  1023.2205    23.2078    298.683    275.274  315.69750     94.611     87.080     0.1844     0.7582     4.0305     0.6252 1.0121e+02        395     0.2736  0.000e+00
      2.666   70.84866 -163.18436      2.693     5.6185     5.6014     5.6183    29.4096    29.3240  1023.1935    23.1810    298.775    275.271  315.79469     94.610     87.077     0.1832     0.7509     4.0293     0.6265 1.0093e+02        396     0.2743  0.000e+00
      2.720   70.84866 -163.18436      2.748     5.6161     5.6009     5.6159    29.3825    29.3211  1023.1726    23.1598    298.825    275.280  315.87586     94.602     87.077     0.1832     0.7509     4.0269     0.6289 1.0036e+02        397     0.2750  0.000e+00
      2.720   70.84866 -163.18436      2.748     5.6134     5.6003     5.6132    29.3626    29.3150  1023.1572    23.1444    298.687    275.298  315.94303     94.538     87.078     0.1832     0.7509     4.0256     0.6301 1.0036e+02        398     0.2757  0.000e+00
      2.720   70.84866 -163.18436      2.748     5.6112     5.5995     5.6110    29.3398    29.3082  1023.1394    23.1266    298.929    275.506  316.01299     94.594     87.137     0.1832     0.7509     4.0256     0.6301 9.9800e+01        399     0.2764  0.000e+00
      2.720   70.84866 -163.18436      2.748     5.6080     5.5992     5.6078    29.3187    29.3032  1023.1230    23.1103    299.001    275.363  316.08655     94.595     87.088     0.1856     0.7656     4.0256     0.6301 9.8683e+01        400     0.2771  0.000e+00
      2.720   70.84866 -163.18436      2.748     5.6055     5.5991     5.6053    29.3049    29.3006  1023.1124    23.0996    299.051    275.363  316.13737     94.595     87.086     0.1832     0.7509     4.0256     0.6301 9.8406e+01        401     0.2778  0.000e+00
      2.720   70.84866 -163.18436      2.748     5.6036     5.5989     5.6034    29.2973    29.2991  1023.1066    23.0939    299.083    275.363  316.16984     94.596     87.085     0.1832     0.7509     4.0256     0.6301 9.8129e+01        402     0.2785  0.000e+00
      2.781   70.84866 -163.18436      2.810     5.6018     5.5988     5.6016    29.2923    29.2977  1023.1032    23.0901    298.908    275.368  316.19473     94.533     87.085     0.1832     0.7509     4.0256     0.6301 9.7304e+01        403     0.2792  0.000e+00
      2.805   70.84866 -163.18436      2.833     5.6005     5.5988     5.6003    29.2897    29.2973  1023.1014    23.0882    299.099    275.372  316.21044     94.589     87.086     0.1844     0.7582     4.0256     0.6301 9.7304e+01        404     0.2799  0.000e+00
      2.781   70.84866 -163.18436      2.810     5.5999     5.5988     5.5997    29.2873    29.2982  1023.0994    23.0864    299.110    275.375  316.22102     94.589     87.088     0.1832     0.7509     4.0256     0.6301 9.6758e+01        405     0.2806  0.000e+00
      2.781   70.84866 -163.18436      2.810     5.5991     5.5988     5.5989    29.2858    29.2986  1023.0983    23.0852    298.512    275.383  316.23038     94.397     87.091     0.1832     0.7509     4.0256     0.6301 9.5944e+01        406     0.2813  0.000e+00
      2.835   70.84866 -163.18436      2.865     5.5986     5.5986     5.5984    29.2865    29.2981  1023.0992    23.0859    299.042    275.399  316.23210     94.564     87.095     0.1832     0.7509     4.0256     0.6301 9.5405e+01        407     0.2819  0.000e+00
      2.835   70.84866 -163.18436      2.865     5.5983     5.5989     5.5981    29.2893    29.2995  1023.1015    23.0882    298.841    275.409  316.22813     94.502     87.100     0.1832     0.7509     4.0256     0.6301 9.5405e+01        408     0.2826  0.000e+00
      2.781   70.84866 -163.18436      2.810     5.5984     5.5993     5.5982    29.2912    29.3019  1023.1027    23.0896    299.013    275.418  316.22259     94.558     87.105     0.1868     0.7729     4.0256     0.6301 9.5137e+01        409     0.2833  0.000e+00
      2.835   70.84866 -163.18436      2.865     5.5983     5.5995     5.5981    29.2910    29.3033  1023.1028    23.0895    298.820    275.437  316.22426     94.496     87.112     0.1880     0.7802     4.0256     0.6301 9.4870e+01        410     0.2840  0.000e+00
      2.835   70.84866 -163.18436      2.865     5.5981     5.5999     5.5979    29.2881    29.3036  1023.1005    23.0872    299.009    275.438  316.23232     94.553     87.114     0.1905     0.7949     4.0256     0.6301 9.4870e+01        411     0.2847  0.000e+00
      2.897   70.84866 -163.18436      2.927     5.5980     5.6005     5.5978    29.2848    29.3067  1023.0982    23.0846    298.793    275.457  316.24113     94.483     87.123     0.1893     0.7875     4.0256     0.6301 9.4870e+01        412     0.2854  0.000e+00
      2.835   70.84866 -163.18436      2.865     5.5978     5.6011     5.5976    29.2833    29.3131  1023.0968    23.0834    298.976    275.447  316.24578     94.539     87.125     0.1905     0.7949     4.0256     0.6301 9.5137e+01        413     0.2861  0.000e+00
      2.835   70.84866 -163.18436      2.865     5.5977     5.6018     5.5975    29.2821    29.3218  1023.0958    23.0825    298.988    275.620  316.24988     94.542     87.187     0.1893     0.7875     4.0256     0.6301 9.5137e+01        414     0.2868  0.000e+00
      2.835   70.84866 -163.18436      2.865     5.5975     5.6025     5.5973    29.2835    29.3267  1023.0970    23.0836    298.993    275.638  316.24763     94.544     87.197     0.1893     0.7875     4.0256     0.6301 9.4870e+01        415     0.2875  0.000e+00
      2.897   70.84866 -163.18436      2.927     5.5980     5.6016     5.5978    29.2856    29.3274  1023.0989    23.0853    298.964    275.497  316.23916     94.537     87.151     0.1893     0.7875     4.0256     0.6301 9.4603e+01        416     0.2882  0.000e+00
      2.897   70.84866 -163.18436      2.927     5.5983     5.6013     5.5981    29.2837    29.3259  1023.0973    23.0837    298.972    275.704  316.24134     94.539     87.215     0.1893     0.7875     4.0244     0.6313 9.4337e+01        417     0.2889  0.000e+00
      2.897   70.84866 -163.18436      2.927     5.5981     5.6011     5.5979    29.2821    29.3236  1023.0960    23.0824    298.983    275.748  316.24640     94.541     87.227     0.1905     0.7949     4.0232     0.6325 9.3807e+01        418     0.2896  0.000e+00
      2.835   70.84866 -163.18436      2.865     5.5980     5.6008     5.5978    29.2816    29.3219  1023.0954    23.0821    298.989    275.793  316.24872     94.542     87.239     0.1893     0.7875     4.0244     0.6313 9.3019e+01        419     0.2903  0.000e+00
      2.951   70.84866 -163.18436      2.981     5.5981     5.6013     5.5979    29.2818    29.3218  1023.0961    23.0822    298.998    276.018  316.24706     94.546     87.312     0.1905     0.7949     4.0244     0.6313 9.3019e+01        420     0.2910  0.000e+00
      2.897   70.84866 -163.18436      2.927     5.5981     5.6006     5.5979    29.2811    29.3214  1023.0953    23.0816    298.800    276.064  316.24872     94.483     87.325     0.1893     0.7875     4.0244     0.6313 9.2757e+01        421     0.2917  0.000e+00
      2.897   70.84866 -163.18436      2.927     5.5980     5.6001     5.5978    29.2807    29.3174  1023.0950    23.0814    298.983    276.118  316.25076     94.540     87.338     0.1905     0.7949     4.0244     0.6313 9.1718e+01        422     0.2924  0.000e+00
