EcoFOCI/data/1_SampleCollection/2023_SikuliaqDBO_CruiseData/CTD_raw_BottleFile_SKQ23-12S/proc/skq202312s_075svp.cnv
* Sea-Bird SBE 9 Data File:
* FileName = D:\CTD\SKQ202312S\SKQ202312S_075.hex
* Software Version Seasave V 7.26.7.121
* Temperature SN = 6177
* Conductivity SN = 0369
* Number of Bytes Per Scan = 41
* Number of Voltage Words = 4
* Number of Scans Averaged by the Deck Unit = 1
* NMEA Latitude = 68 14.82 N
* NMEA Longitude = 167 07.33 W
* NMEA UTC (Time) = Oct 02 2023  05:40:29
* NMEA baud rate = 4800
** Ship: R/V Sikuliaq
** Station Number: 075
** Station Name: DBO3.3
** Bottom Depth: 43
** Operator: SD
# nquan = 7
# nvalues = 6111                                  
# units = specified
# name 0 = depSM: Depth [salt water, m]
# name 1 = latitude: Latitude [deg]
# name 2 = longitude: Longitude [deg]
# name 3 = t090C: Temperature [ITS-90, deg C]
# name 4 = sal00: Salinity, Practical [PSU]
# name 5 = svCM: Sound Velocity [Chen-Millero, m/s]
# name 6 = flag:  0.000e+00
# span 0 =      2.824,     38.685                 
# span 1 =   68.24652,   68.24672                 
# span 2 = -167.12266, -167.12246                 
# span 3 =     4.4215,     7.9027                 
# span 4 =    25.6333,    31.9134                 
# span 5 =    1464.53,    1475.69                 
# span 6 = 0.0000e+00, 0.0000e+00                 
# interval = seconds: 0.0416667
# start_time = Oct 02 2023 05:44:07 [NMEA time, first data scan]
# bad_flag = -9.990e-29
*END*
[from data line 5129]
     38.170   68.24656 -167.12258     4.4295    31.9039    1465.06  0.000e+00
     38.062   68.24656 -167.12258     4.4293    31.9047    1465.06  0.000e+00
     38.124   68.24656 -167.12258     4.4296    31.9043    1465.06  0.000e+00
     38.108   68.24656 -167.12258     4.4296    31.9040    1465.06  0.000e+00
     38.124   68.24656 -167.12258     4.4299    31.9032    1465.06  0.000e+00
     38.124   68.24656 -167.12258     4.4296    31.9033    1465.06  0.000e+00
     38.124   68.24656 -167.12258     4.4298    31.9036    1465.06  0.000e+00
     38.108   68.24656 -167.12258     4.4298    31.9034    1465.06  0.000e+00
     38.124   68.24656 -167.12258     4.4299    31.9035    1465.06  0.000e+00
     38.124   68.24656 -167.12258     4.4301    31.9032    1465.06  0.000e+00
     38.124   68.24656 -167.12258     4.4303    31.9034    1465.06  0.000e+00
     38.108   68.24656 -167.12258     4.4304    31.9038    1465.06  0.000e+00
     38.062   68.24656 -167.12258     4.4306    31.9043    1465.07  0.000e+00
     38.124   68.24656 -167.12258     4.4307    31.9036    1465.07  0.000e+00
     38.108   68.24656 -167.12258     4.4307    31.9032    1465.07  0.000e+00
     38.124   68.24656 -167.12258     4.4304    31.9041    1465.07  0.000e+00
     38.062   68.24656 -167.12258     4.4304    31.9046    1465.06  0.000e+00
     38.124   68.24656 -167.12258     4.4310    31.9048    1465.07  0.000e+00
     38.108   68.24656 -167.12258     4.4314    31.9056    1465.07  0.000e+00
     38.062   68.24656 -167.12258     4.4320    31.9060    1465.07  0.000e+00
     38.124   68.24656 -167.12258     4.4331    31.9042    1465.08  0.000e+00
     38.108   68.24656 -167.12258     4.4332    31.9034    1465.08  0.000e+00
     38.062   68.24656 -167.12258     4.4334    31.9031    1465.08  0.000e+00
     38.124   68.24656 -167.12258     4.4334    31.9022    1465.08  0.000e+00
     38.062   68.24656 -167.12258     4.4334    31.9013    1465.07  0.000e+00
     38.108   68.24656 -167.12258     4.4328    31.9009    1465.07  0.000e+00
     38.062   68.24656 -167.12258     4.4323    31.9015    1465.07  0.000e+00
     38.062   68.24656 -167.12258     4.4315    31.9020    1465.07  0.000e+00
     38.124   68.24656 -167.12258     4.4314    31.9024    1465.07  0.000e+00
     38.054   68.24656 -167.12258     4.4312    31.9033    1465.07  0.000e+00
     38.124   68.24656 -167.12258     4.4312    31.9039    1465.07  0.000e+00
     38.062   68.24656 -167.12258     4.4315    31.9045    1465.07  0.000e+00
     38.054   68.24656 -167.12258     4.4320    31.9040    1465.07  0.000e+00
     38.062   68.24656 -167.12258     4.4323    31.9042    1465.07  0.000e+00
     38.062   68.24656 -167.12258     4.4328    31.9036    1465.07  0.000e+00
     38.062   68.24656 -167.12258     4.4334    31.9024    1465.07  0.000e+00
     38.054   68.24656 -167.12258     4.4329    31.9019    1465.07  0.000e+00
     38.124   68.24656 -167.12258     4.4329    31.9020    1465.07  0.000e+00
     38.008   68.24656 -167.12258     4.4323    31.9028    1465.07  0.000e+00
     38.054   68.24656 -167.12258     4.4321    31.9027    1465.07  0.000e+00
     38.062   68.24656 -167.12258     4.4318    31.9027    1465.07  0.000e+00
     38.062   68.24656 -167.12258     4.4320    31.9029    1465.07  0.000e+00
     38.008   68.24656 -167.12258     4.4321    31.9034    1465.07  0.000e+00
     38.054   68.24656 -167.12258     4.4321    31.9037    1465.07  0.000e+00
     38.008   68.24656 -167.12258     4.4329    31.9030    1465.07  0.000e+00
     38.062   68.24656 -167.12258     4.4331    31.9033    1465.07  0.000e+00
     38.008   68.24656 -167.12258     4.4336    31.9032    1465.08  0.000e+00
     38.054   68.24656 -167.12258     4.4336    31.9028    1465.08  0.000e+00
     38.008   68.24656 -167.12258     4.4336    31.9030    1465.07  0.000e+00
     38.008   68.24656 -167.12258     4.4336    31.9026    1465.07  0.000e+00
     38.000   68.24656 -167.12258     4.4336    31.9022    1465.07  0.000e+00
     38.008   68.24656 -167.12258     4.4334    31.9027    1465.07  0.000e+00
     38.008   68.24656 -167.12258     4.4334    31.9029    1465.07  0.000e+00
     37.946   68.24656 -167.12258     4.4334    31.9027    1465.07  0.000e+00
     38.000   68.24656 -167.12258     4.4337    31.9029    1465.08  0.000e+00
     38.008   68.24656 -167.12258     4.4337    31.9027    1465.08  0.000e+00
     37.946   68.24656 -167.12258     4.4337    31.9034    1465.08  0.000e+00
     38.000   68.24656 -167.12258     4.4340    31.9034    1465.08  0.000e+00
     37.946   68.24656 -167.12258     4.4340    31.9038    1465.08  0.000e+00
     37.946   68.24656 -167.12258     4.4345    31.9039    1465.08  0.000e+00
     37.946   68.24656 -167.12258     4.4350    31.9042    1465.08  0.000e+00
     37.938   68.24656 -167.12258     4.4355    31.9043    1465.08  0.000e+00
     37.946   68.24656 -167.12258     4.4361    31.9043    1465.09  0.000e+00
     37.946   68.24656 -167.12258     4.4371    31.9033    1465.09  0.000e+00
     37.938   68.24656 -167.12258     4.4375    31.9026    1465.09  0.000e+00
     37.892   68.24656 -167.12258     4.4383    31.9022    1465.09  0.000e+00
     37.946   68.24656 -167.12258     4.4383    31.9019    1465.09  0.000e+00
     37.892   68.24656 -167.12258     4.4383    31.9022    1465.09  0.000e+00
     37.884   68.24656 -167.12258     4.4385    31.9024    1465.09  0.000e+00
     37.892   68.24656 -167.12258     4.4391    31.9019    1465.09  0.000e+00
     37.892   68.24656 -167.12258     4.4393    31.9015    1465.09  0.000e+00
     37.884   68.24656 -167.12258     4.4391    31.9012    1465.09  0.000e+00
     37.892   68.24656 -167.12258     4.4388    31.9015    1465.09  0.000e+00
     37.892   68.24656 -167.12258     4.4388    31.9012    1465.09  0.000e+00
     37.830   68.24656 -167.12258     4.4385    31.9016    1465.09  0.000e+00
     37.884   68.24656 -167.12258     4.4385    31.9023    1465.09  0.000e+00
     37.892   68.24656 -167.12258     4.4389    31.9029    1465.10  0.000e+00
     37.830   68.24656 -167.12258     4.4393    31.9039    1465.10  0.000e+00
     37.822   68.24656 -167.12258     4.4399    31.9047    1465.10  0.000e+00
     37.830   68.24656 -167.12258     4.4410    31.9058    1465.11  0.000e+00
     37.892   68.24656 -167.12258     4.4435    31.9057    1465.12  0.000e+00
     37.830   68.24656 -167.12258     4.4461    31.9041    1465.13  0.000e+00
     37.822   68.24656 -167.12258     4.4480    31.9020    1465.13  0.000e+00
     37.830   68.24656 -167.12258     4.4486    31.9018    1465.13  0.000e+00
     37.830   68.24656 -167.12258     4.4493    31.9007    1465.13  0.000e+00
     37.822   68.24656 -167.12258     4.4493    31.9007    1465.13  0.000e+00
     37.830   68.24656 -167.12258     4.4491    31.9009    1465.13  0.000e+00
     37.776   68.24656 -167.12258     4.4489    31.9013    1465.13  0.000e+00
     37.830   68.24656 -167.12258     4.4488    31.9013    1465.13  0.000e+00
     37.768   68.24656 -167.12258     4.4489    31.9007    1465.13  0.000e+00
     37.830   68.24656 -167.12258     4.4489    31.9005    1465.13  0.000e+00
     37.830   68.24656 -167.12258     4.4493    31.9006    1465.13  0.000e+00
     37.706   68.24656 -167.12258     4.4499    31.9000    1465.13  0.000e+00
     37.891   68.24656 -167.12258     4.4502    31.9006    1465.14  0.000e+00
     37.776   68.24656 -167.12258     4.4505    31.9001    1465.14  0.000e+00
     37.830   68.24656 -167.12258     4.4505    31.8994    1465.14  0.000e+00
     37.768   68.24656 -167.12258     4.4508    31.8982    1465.14  0.000e+00
     37.830   68.24656 -167.12258     4.4503    31.8979    1465.14  0.000e+00
     37.776   68.24656 -167.12258     4.4500    31.8979    1465.13  0.000e+00
     37.776   68.24656 -167.12258     4.4496    31.8989    1465.13  0.000e+00
     37.822   68.24656 -167.12258     4.4494    31.9001    1465.13  0.000e+00
     37.776   68.24656 -167.12258     4.4496    31.9006    1465.13  0.000e+00
     37.830   68.24656 -167.12258     4.4500    31.9001    1465.14  0.000e+00
     37.822   68.24656 -167.12258     4.4500    31.8998    1465.14  0.000e+00
     37.776   68.24656 -167.12258     4.4500    31.9002    1465.14  0.000e+00
     37.776   68.24656 -167.12258     4.4505    31.8999    1465.14  0.000e+00
     37.830   68.24656 -167.12258     4.4505    31.8996    1465.14  0.000e+00
     37.822   68.24656 -167.12258     4.4508    31.8995    1465.14  0.000e+00
     37.776   68.24656 -167.12258     4.4508    31.9002    1465.14  0.000e+00
     37.830   68.24656 -167.12258     4.4513    31.8997    1465.14  0.000e+00
     37.822   68.24656 -167.12258     4.4516    31.8981    1465.14  0.000e+00
     37.829   68.24656 -167.12258     4.4513    31.8975    1465.14  0.000e+00
     37.829   68.24656 -167.12258     4.4505    31.8975    1465.14  0.000e+00
     37.829   68.24656 -167.12258     4.4497    31.8977    1465.13  0.000e+00
     37.822   68.24656 -167.12258     4.4493    31.8973    1465.13  0.000e+00
     37.829   68.24656 -167.12258     4.4482    31.8980    1465.13  0.000e+00
     37.829   68.24656 -167.12258     4.4475    31.8983    1465.12  0.000e+00
     37.822   68.24656 -167.12258     4.4471    31.8982    1465.12  0.000e+00
     37.829   68.24656 -167.12258     4.4464    31.8981    1465.12  0.000e+00
     37.891   68.24656 -167.12258     4.4457    31.8987    1465.12  0.000e+00
     37.829   68.24656 -167.12258     4.4451    31.8999    1465.12  0.000e+00
     37.883   68.24656 -167.12258     4.4450    31.8999    1465.12  0.000e+00
     37.829   68.24656 -167.12258     4.4448    31.8994    1465.11  0.000e+00
     37.891   68.24656 -167.12258     4.4443    31.8994    1465.11  0.000e+00
     37.883   68.24656 -167.12258     4.4442    31.8989    1465.11  0.000e+00
     37.891   68.24656 -167.12258     4.4434    31.8994    1465.11  0.000e+00
     37.891   68.24656 -167.12258     4.4429    31.8996    1465.11  0.000e+00
     37.891   68.24656 -167.12258     4.4423    31.9005    1465.11  0.000e+00
     37.937   68.24656 -167.12258     4.4421    31.9000    1465.11  0.000e+00
     37.891   68.24656 -167.12258     4.4417    31.8996    1465.10  0.000e+00
     37.891   68.24656 -167.12258     4.4414    31.8992    1465.10  0.000e+00
     37.937   68.24656 -167.12258     4.4404    31.8992    1465.10  0.000e+00
     37.945   68.24656 -167.12258     4.4399    31.9000    1465.10  0.000e+00
     37.945   68.24656 -167.12258     4.4399    31.9004    1465.10  0.000e+00
     37.891   68.24656 -167.12258     4.4402    31.9004    1465.10  0.000e+00
     37.937   68.24656 -167.12258     4.4400    31.9001    1465.10  0.000e+00
     37.945   68.24656 -167.12258     4.4396    31.9001    1465.10  0.000e+00
     38.007   68.24656 -167.12258     4.4389    31.9006    1465.09  0.000e+00
     37.937   68.24656 -167.12258     4.4385    31.9013    1465.09  0.000e+00
     38.007   68.24656 -167.12258     4.4380    31.9013    1465.09  0.000e+00
     37.945   68.24656 -167.12258     4.4377    31.9018    1465.09  0.000e+00
     38.007   68.24656 -167.12258     4.4378    31.9023    1465.09  0.000e+00
     37.999   68.24656 -167.12258     4.4382    31.9024    1465.09  0.000e+00
     38.007   68.24656 -167.12258     4.4385    31.9021    1465.09  0.000e+00
     38.007   68.24656 -167.12258     4.4385    31.9019    1465.09  0.000e+00
     37.999   68.24656 -167.12258     4.4388    31.9014    1465.09  0.000e+00
     38.007   68.24656 -167.12258     4.4385    31.9016    1465.09  0.000e+00
     38.007   68.24656 -167.12258     4.4385    31.9022    1465.09  0.000e+00
     38.061   68.24656 -167.12258     4.4385    31.9026    1465.10  0.000e+00
     37.999   68.24656 -167.12258     4.4389    31.9023    1465.10  0.000e+00
     38.061   68.24656 -167.12258     4.4391    31.9034    1465.10  0.000e+00
     38.060   68.24656 -167.12258     4.4399    31.9039    1465.10  0.000e+00
     38.006   68.24656 -167.12258     4.4409    31.9036    1465.11  0.000e+00
     38.053   68.24656 -167.12258     4.4414    31.9043    1465.11  0.000e+00
     38.060   68.24656 -167.12258     4.4426    31.9045    1465.12  0.000e+00
     38.060   68.24656 -167.12258     4.4439    31.9036    1465.12  0.000e+00
     38.053   68.24656 -167.12258     4.4448    31.9036    1465.12  0.000e+00
     38.060   68.24656 -167.12258     4.4459    31.9032    1465.13  0.000e+00
     38.122   68.24656 -167.12258     4.4466    31.9026    1465.13  0.000e+00
     38.060   68.24656 -167.12258     4.4474    31.9025    1465.13  0.000e+00
     38.053   68.24656 -167.12258     4.4478    31.9027    1465.13  0.000e+00
     38.122   68.24656 -167.12258     4.4485    31.9018    1465.14  0.000e+00
     38.060   68.24656 -167.12258     4.4491    31.9007    1465.14  0.000e+00
     38.107   68.24656 -167.12258     4.4494    31.8991    1465.14  0.000e+00
     38.122   68.24656 -167.12258     4.4494    31.8986    1465.14  0.000e+00
     38.122   68.24656 -167.12258     4.4488    31.8985    1465.13  0.000e+00
     38.060   68.24656 -167.12258     4.4483    31.8988    1465.13  0.000e+00
     38.107   68.24656 -167.12258     4.4482    31.8993    1465.13  0.000e+00
     38.122   68.24656 -167.12260     4.4483    31.9001    1465.13  0.000e+00
     38.122   68.24656 -167.12260     4.4489    31.8996    1465.14  0.000e+00
     38.122   68.24656 -167.12260     4.4488    31.8986    1465.13  0.000e+00
     38.107   68.24656 -167.12260     4.4482    31.8978    1465.13  0.000e+00
     38.060   68.24656 -167.12260     4.4475    31.8983    1465.13  0.000e+00
     38.176   68.24656 -167.12260     4.4472    31.8991    1465.13  0.000e+00
     38.107   68.24656 -167.12260     4.4469    31.8993    1465.13  0.000e+00
     38.122   68.24656 -167.12260     4.4469    31.8995    1465.13  0.000e+00
     38.122   68.24656 -167.12260     4.4467    31.8989    1465.13  0.000e+00
     38.122   68.24656 -167.12260     4.4462    31.8989    1465.12  0.000e+00
     38.107   68.24656 -167.12260     4.4459    31.8993    1465.12  0.000e+00
     38.122   68.24656 -167.12260     4.4454    31.8990    1465.12  0.000e+00
     38.122   68.24656 -167.12260     4.4450    31.8987    1465.12  0.000e+00
     38.168   68.24656 -167.12260     4.4442    31.8989    1465.12  0.000e+00
     38.122   68.24656 -167.12260     4.4434    31.8998    1465.11  0.000e+00
     38.060   68.24656 -167.12260     4.4431    31.8998    1465.11  0.000e+00
     38.122   68.24656 -167.12260     4.4426    31.9011    1465.11  0.000e+00
     38.168   68.24656 -167.12260     4.4426    31.9006    1465.11  0.000e+00
     38.122   68.24656 -167.12260     4.4421    31.8995    1465.11  0.000e+00
     38.122   68.24656 -167.12260     4.4414    31.8994    1465.10  0.000e+00
     38.122   68.24656 -167.12260     4.4405    31.8997    1465.10  0.000e+00
     38.168   68.24656 -167.12260     4.4396    31.9002    1465.10  0.000e+00
     38.060   68.24656 -167.12260     4.4389    31.9004    1465.09  0.000e+00
     38.122   68.24656 -167.12260     4.4383    31.9008    1465.09  0.000e+00
     38.106   68.24656 -167.12260     4.4377    31.9017    1465.09  0.000e+00
     38.176   68.24656 -167.12260     4.4377    31.9015    1465.09  0.000e+00
     38.060   68.24656 -167.12260     4.4372    31.9011    1465.09  0.000e+00
     38.122   68.24656 -167.12260     4.4369    31.9011    1465.09  0.000e+00
     38.106   68.24656 -167.12260     4.4366    31.9018    1465.09  0.000e+00
     38.122   68.24656 -167.12260     4.4364    31.9027    1465.09  0.000e+00
     38.122   68.24656 -167.12260     4.4367    31.9035    1465.09  0.000e+00
     38.168   68.24656 -167.12260     4.4375    31.9053    1465.10  0.000e+00
     38.060   68.24656 -167.12260     4.4393    31.9070    1465.10  0.000e+00
     38.122   68.24656 -167.12260     4.4420    31.9064    1465.12  0.000e+00
     38.060   68.24656 -167.12260     4.4443    31.9035    1465.12  0.000e+00
     38.106   68.24656 -167.12260     4.4456    31.9007    1465.12  0.000e+00
