EcoFOCI/data/1_SampleCollection/2023_SikuliaqDBO_CruiseData/CTD_raw_BottleFile_SKQ23-12S/proc/skq202312s_018.ros
* Sea-Bird SBE 9 Data File:
* FileName = D:\CTD\SKQ202312S\SKQ202312S_018.hex
* Software Version Seasave V 7.26.7.121
* Temperature SN = 6177
* Conductivity SN = 0369
* Number of Bytes Per Scan = 41
* Number of Voltage Words = 4
* Number of Scans Averaged by the Deck Unit = 1
* NMEA Latitude = 64 40.12 N
* NMEA Longitude = 168 14.25 W
* NMEA UTC (Time) = Sep 17 2023  18:54:46
* NMEA baud rate = 4800
** Ship: R/V Sikuliaq
** Station Number: 018
** Station Name: DBO2.3
** Bottom Depth: 38
** Operator: SD
# nquan = 22
# nvalues = 784                                   
# units = specified
# name 0 = depSM: Depth [salt water, m]
# name 1 = latitude: Latitude [deg]
# name 2 = longitude: Longitude [deg]
# name 3 = prDM: Pressure, Digiquartz [db]
# name 4 = t090C: Temperature [ITS-90, deg C]
# name 5 = t190C: Temperature, 2 [ITS-90, deg C]
# name 6 = potemp090C: Potential Temperature [ITS-90, deg C]
# name 7 = sal00: Salinity, Practical [PSU]
# name 8 = sal11: Salinity, Practical, 2 [PSU]
# name 9 = density00: Density [density, kg/m^3]
# name 10 = sigma-é00: Density [sigma-theta, kg/m^3]
# name 11 = sbox0Mm/Kg: Oxygen, SBE 43 [umol/kg]
# name 12 = sbox1Mm/Kg: Oxygen, SBE 43, 2 [umol/kg]
# name 13 = oxsolMm/Kg: Oxygen Saturation, Garcia & Gordon [umol/kg]
# name 14 = sbeox0PS: Oxygen, SBE 43 [% saturation]
# name 15 = v0: Voltage 0
# name 16 = flECO-AFL: Fluorescence, WET Labs ECO-AFL/FL [mg/m^3]
# name 17 = CStarAt0: Beam Attenuation, WET Labs C-Star [1/m]
# name 18 = par: PAR/Irradiance, Biospherical/Licor
# name 19 = scan: Scan Count
# name 20 = nbf: Bottles Fired
# name 21 = flag:  0.000e+00
# interval = seconds: 0.0416667
# start_time = Sep 17 2023 18:58:23 [NMEA time, first data scan]
# bad_flag = -9.990e-29
*END*
[from data line 527]
     10.030   64.66890 -168.23690     10.129     6.1066     6.1209     6.1058    31.8187    31.8232  1025.0736    25.0268    291.936    278.422  306.66652     95.196     0.3822     1.9450     0.7974 2.5008e+01      11644         11  0.000e+00
     10.061   64.66890 -168.23690     10.160     6.1071     6.1181     6.1063    31.8179    31.8231  1025.0730    25.0261    291.756    278.443  306.66460     95.138     0.3895     1.9890     0.7974 2.5008e+01      11645         11  0.000e+00
     10.030   64.66890 -168.23690     10.129     6.1071     6.1154     6.1062    31.8178    31.8236  1025.0728    25.0260    291.746    278.460  306.66517     95.135     0.3956     2.0256     0.7974 2.5008e+01      11646         11  0.000e+00
     10.030   64.66890 -168.23690     10.129     6.1072     6.1130     6.1064    31.8178    31.8250  1025.0728    25.0260    291.737    278.472  306.66423     95.132     0.3956     2.0256     0.7974 2.5008e+01      11647         11  0.000e+00
     10.091   64.66890 -168.23690     10.191     6.1074     6.1115     6.1066    31.8175    31.8259  1025.0728    25.0257    291.731    278.481  306.66344     95.131     0.3956     2.0256     0.7974 2.5008e+01      11648         11  0.000e+00
     10.030   64.66890 -168.23690     10.129     6.1076     6.1124     6.1068    31.8170    31.8263  1025.0721    25.0253    291.723    278.645  306.66313     95.128     0.3968     2.0330     0.7974 2.5008e+01      11649         11  0.000e+00
     10.030   64.66890 -168.23690     10.129     6.1072     6.1143     6.1064    31.8176    31.8267  1025.0726    25.0258    291.720    278.645  306.66466     95.127     0.3956     2.0256     0.7974 2.5008e+01      11650         11  0.000e+00
     10.091   64.66890 -168.23690     10.191     6.1072     6.1157     6.1064    31.8177    31.8264  1025.0730    25.0259    291.718    278.472  306.66429     95.126     0.3956     2.0256     0.7974 2.4938e+01      11651         11  0.000e+00
     10.030   64.66890 -168.23690     10.129     6.1076     6.1151     6.1068    31.8176    31.8260  1025.0726    25.0258    291.711    278.469  306.66209     95.125     0.3956     2.0256     0.7974 2.4938e+01      11652         11  0.000e+00
     10.030   64.66890 -168.23690     10.129     6.1079     6.1137     6.1071    31.8178    31.8253  1025.0727    25.0259    291.736    278.473  306.65935     95.134     0.3968     2.0330     0.7974 2.4867e+01      11653         11  0.000e+00
     10.091   64.66890 -168.23690     10.191     6.1092     6.1115     6.1084    31.8173    31.8247  1025.0724    25.0253    291.731    278.483  306.65112     95.134     0.3944     2.0183     0.7974 2.4867e+01      11654         11  0.000e+00
     10.060   64.66890 -168.23690     10.160     6.1108     6.1102     6.1100    31.8173    31.8240  1025.0721    25.0252    291.720    278.484  306.63970     95.134     0.3956     2.0256     0.7974 2.4867e+01      11655         11  0.000e+00
     10.057   64.66890 -168.23688     10.157     6.0887     6.1021     6.0878    31.8179    31.8259  1025.0753    25.0283    292.108    277.520  306.79668     95.212     0.3761     1.9084     0.7986 2.3835e+01      11855         12  0.000e+00
     10.026   64.66890 -168.23688     10.125     6.0898     6.1028     6.0890    31.8190    31.8266  1025.0758    25.0290    292.097    277.472  306.78626     95.212     0.3773     1.9157     0.7986 2.3835e+01      11856         12  0.000e+00
      9.972   64.66890 -168.23688     10.071     6.0943     6.1043     6.0935    31.8181    31.8264  1025.0744    25.0278    292.064    277.419  306.75606     95.210     0.3761     1.9084     0.7986 2.3835e+01      11857         12  0.000e+00
     10.026   64.66890 -168.23688     10.125     6.0978     6.1064     6.0970    31.8181    31.8257  1025.0741    25.0274    292.040    277.368  306.73102     95.211     0.3773     1.9157     0.7986 2.3903e+01      11858         12  0.000e+00
      9.972   64.66890 -168.23688     10.071     6.0994     6.1081     6.0986    31.8177    31.8251  1025.0734    25.0269    292.028    277.316  306.72051     95.210     0.3761     1.9084     0.7986 2.3971e+01      11859         12  0.000e+00
      9.972   64.66890 -168.23688     10.071     6.0995     6.1101     6.0987    31.8178    31.8246  1025.0735    25.0269    292.028    277.283  306.71923     95.210     0.3773     1.9157     0.7986 2.3971e+01      11860         12  0.000e+00
     10.026   64.66890 -168.23688     10.125     6.1004     6.1113     6.0996    31.8164    31.8241  1025.0725    25.0257    292.027    277.241  306.71579     95.211     0.3761     1.9084     0.7986 2.3971e+01      11861         12  0.000e+00
      9.972   64.66890 -168.23688     10.071     6.1018     6.1096     6.1010    31.8146    31.8247  1025.0707    25.0242    292.020    277.232  306.70994     95.210     0.3761     1.9084     0.7986 2.4038e+01      11862         12  0.000e+00
      9.972   64.66890 -168.23688     10.071     6.1015     6.1065     6.1006    31.8140    31.8251  1025.0702    25.0237    292.025    277.061  306.71406     95.211     0.3785     1.9231     0.7986 2.4038e+01      11863         12  0.000e+00
      9.972   64.66890 -168.23688     10.071     6.1008     6.1039     6.1000    31.8149    31.8256  1025.0710    25.0245    292.029    277.047  306.71627     95.211     0.3761     1.9084     0.7999 2.4038e+01      11864         12  0.000e+00
     10.003   64.66890 -168.23688     10.102     6.1005     6.1023     6.0997    31.8156    31.8255  1025.0718    25.0251    292.032    277.030  306.71724     95.212     0.3773     1.9157     0.7974 2.4106e+01      11865         12  0.000e+00
      9.910   64.66890 -168.23688     10.008     6.1004     6.1009     6.0996    31.8155    31.8260  1025.0713    25.0250    292.031    277.009  306.71782     95.212     0.3761     1.9084     0.7961 2.4175e+01      11866         12  0.000e+00
     10.026   64.66890 -168.23688     10.125     6.1010     6.1002     6.1002    31.8156    31.8257  1025.0718    25.0250    292.032    276.993  306.71367     95.213     0.3773     1.9157     0.7961 2.4175e+01      11867         12  0.000e+00
      9.972   64.66890 -168.23688     10.071     6.1013     6.0993     6.1005    31.8157    31.8263  1025.0716    25.0251    292.028    277.151  306.71121     95.213     0.3761     1.9084     0.7961 2.4243e+01      11868         12  0.000e+00
      9.972   64.66890 -168.23688     10.071     6.1018     6.0988     6.1010    31.8147    31.8264  1025.0708    25.0242    291.999    276.993  306.70977     95.204     0.3773     1.9157     0.7961 2.4312e+01      11869         12  0.000e+00
      9.910   64.66890 -168.23688     10.008     6.1013     6.0986     6.1005    31.8154    31.8260  1025.0711    25.0248    291.999    277.171  306.71192     95.203     0.3761     1.9084     0.7961 2.4312e+01      11870         12  0.000e+00
      9.972   64.66890 -168.23688     10.071     6.1003     6.0980     6.0995    31.8167    31.8260  1025.0725    25.0260    292.006    277.198  306.71616     95.204     0.3773     1.9157     0.7949 2.4312e+01      11871         12  0.000e+00
      9.972   64.66890 -168.23688     10.071     6.0997     6.0982     6.0989    31.8174    31.8263  1025.0732    25.0266    292.009    277.220  306.71855     95.204     0.3761     1.9084     0.7961 2.4380e+01      11872         12  0.000e+00
      9.972   64.66890 -168.23688     10.071     6.0997     6.0985     6.0989    31.8178    31.8258  1025.0734    25.0269    292.037    277.067  306.71777     95.214     0.3773     1.9157     0.7961 2.4449e+01      11873         12  0.000e+00
      9.972   64.66890 -168.23688     10.071     6.1003     6.0983     6.0995    31.8174    31.8260  1025.0731    25.0266    292.034    277.237  306.71418     95.214     0.3773     1.9157     0.7961 2.4449e+01      11874         12  0.000e+00
      9.941   64.66890 -168.23688     10.039     6.1008     6.0985     6.1000    31.8169    31.8260  1025.0724    25.0261    292.032    277.246  306.71176     95.214     0.3834     1.9524     0.7961 2.4518e+01      11875         12  0.000e+00
      9.972   64.66890 -168.23688     10.071     6.1016     6.0988     6.1007    31.8158    31.8258  1025.0717    25.0251    292.031    277.258  306.70906     95.214     0.3871     1.9743     0.7961 2.4449e+01      11876         12  0.000e+00
      9.972   64.66890 -168.23688     10.071     6.1000     6.0991     6.0992    31.8167    31.8255  1025.0725    25.0260    292.042    277.270  306.71813     95.215     0.3858     1.9670     0.7961 2.4518e+01      11877         12  0.000e+00
      9.972   64.66890 -168.23688     10.071     6.0992     6.0991     6.0984    31.8174    31.8260  1025.0732    25.0267    292.048    277.285  306.72232     95.216     0.3871     1.9743     0.7961 2.4588e+01      11878         12  0.000e+00
      9.972   64.66890 -168.23688     10.071     6.0997     6.0993     6.0989    31.8170    31.8258  1025.0728    25.0263    292.046    277.302  306.71949     95.216     0.3858     1.9670     0.7961 2.4518e+01      11879         12  0.000e+00
      9.972   64.66890 -168.23688     10.071     6.0997     6.0993     6.0989    31.8170    31.8259  1025.0728    25.0262    292.047    277.320  306.71967     95.216     0.3858     1.9670     0.7961 2.4588e+01      11880         12  0.000e+00
      9.972   64.66890 -168.23688     10.070     6.0993     6.0985     6.0985    31.8174    31.8263  1025.0732    25.0267    292.050    277.345  306.72154     95.217     0.3858     1.9670     0.7961 2.4518e+01      11881         12  0.000e+00
      9.972   64.66890 -168.23688     10.070     6.0984     6.0985     6.0976    31.8178    31.8258  1025.0736    25.0271    292.058    277.368  306.72728     95.217     0.3858     1.9670     0.7961 2.4588e+01      11882         12  0.000e+00
      9.972   64.66890 -168.23688     10.070     6.0995     6.0979     6.0987    31.8166    31.8265  1025.0725    25.0260    291.857    277.394  306.72199     95.153     0.3858     1.9670     0.7961 2.4588e+01      11883         12  0.000e+00
      9.972   64.66890 -168.23688     10.070     6.1010     6.0982     6.1002    31.8161    31.8262  1025.0719    25.0254    292.017    277.418  306.71249     95.209     0.3858     1.9670     0.7961 2.4657e+01      11884         12  0.000e+00
      9.941   64.66890 -168.23688     10.039     6.1023     6.0982     6.1015    31.8154    31.8261  1025.0711    25.0247    291.814    277.443  306.70501     95.145     0.3858     1.9670     0.7961 2.4657e+01      11885         12  0.000e+00
     10.026   64.66890 -168.23688     10.125     6.1019     6.0986     6.1010    31.8152    31.8257  1025.0714    25.0246    291.796    277.453  306.70836     95.138     0.3858     1.9670     0.7949 2.4588e+01      11886         12  0.000e+00
      9.972   64.66890 -168.23688     10.070     6.1003     6.0982     6.0995    31.8166    31.8260  1025.0724    25.0259    291.780    277.482  306.71607     95.130     0.3871     1.9743     0.7949 2.4657e+01      11887         12  0.000e+00
     10.026   64.66890 -168.23688     10.125     6.1000     6.0966     6.0992    31.8168    31.8276  1025.0729    25.0261    291.762    277.522  306.71784     95.124     0.3858     1.9670     0.7949 2.4657e+01      11888         12  0.000e+00
      9.972   64.66890 -168.23688     10.070     6.0997     6.0955     6.0989    31.8165    31.8291  1025.0724    25.0259    291.742    277.538  306.72062     95.116     0.3871     1.9743     0.7936 2.4657e+01      11889         12  0.000e+00
     10.026   64.66890 -168.23688     10.125     6.0984     6.0958     6.0976    31.8168    31.8287  1025.0731    25.0263    291.733    277.552  306.72941     95.111     0.3858     1.9670     0.7949 2.4657e+01      11890         12  0.000e+00
     10.026   64.66890 -168.23688     10.125     6.0971     6.0966     6.0963    31.8171    31.8282  1025.0735    25.0267    291.695    277.580  306.73822     95.096     0.3871     1.9743     0.7949 2.4657e+01      11891         12  0.000e+00
      9.972   64.66890 -168.23688     10.070     6.0964     6.0974     6.0955    31.8168    31.8270  1025.0731    25.0266    291.681    277.414  306.74400     95.089     0.3858     1.9670     0.7949 2.4657e+01      11892         12  0.000e+00
     10.026   64.66890 -168.23688     10.125     6.0958     6.0980     6.0950    31.8167    31.8269  1025.0733    25.0265    291.669    277.588  306.74791     95.084     0.3858     1.9670     0.7936 2.4657e+01      11893         12  0.000e+00
     10.087   64.66890 -168.23688     10.187     6.0954     6.0985     6.0946    31.8174    31.8267  1025.0742    25.0271    291.658    277.605  306.74977     95.080     0.3858     1.9670     0.7949 2.4657e+01      11894         12  0.000e+00
     10.002   64.66890 -168.23688     10.101     6.0954     6.0990     6.0946    31.8174    31.8263  1025.0738    25.0271    291.836    277.441  306.74967     95.138     0.3858     1.9670     0.7949 2.4657e+01      11895         12  0.000e+00
     10.026   64.66890 -168.23688     10.125     6.0950     6.0994     6.0942    31.8175    31.8262  1025.0740    25.0272    291.655    277.441  306.75210     95.079     0.3858     1.9670     0.7936 2.4657e+01      11896         12  0.000e+00
     10.025   64.66890 -168.23688     10.125     6.0956     6.0996     6.0948    31.8176    31.8260  1025.0740    25.0272    291.637    277.444  306.74747     95.074     0.3858     1.9670     0.7949 2.4657e+01      11897         12  0.000e+00
     10.087   64.66890 -168.23688     10.187     6.0961     6.0996     6.0953    31.8170    31.8262  1025.0738    25.0267    291.624    277.451  306.74515     95.070     0.3846     1.9597     0.7936 2.4657e+01      11898         12  0.000e+00
     10.087   64.66890 -168.23688     10.187     6.0964     6.0985     6.0955    31.8172    31.8264  1025.0739    25.0269    291.610    277.466  306.74317     95.067     0.3858     1.9670     0.7949 2.4657e+01      11899         12  0.000e+00
     10.087   64.66890 -168.23688     10.187     6.0967     6.0972     6.0958    31.8168    31.8263  1025.0735    25.0265    291.598    277.483  306.74198     95.063     0.3895     1.9890     0.7936 2.4657e+01      11900         12  0.000e+00
     10.025   64.66890 -168.23688     10.125     6.0960     6.0971     6.0952    31.8172    31.8259  1025.0737    25.0269    291.591    277.493  306.74568     95.059     0.3907     1.9963     0.7936 2.4588e+01      11901         12  0.000e+00
     10.141   64.66890 -168.23688     10.242     6.0952     6.0974     6.0944    31.8180    31.8255  1025.0749    25.0276    291.591    277.507  306.74973     95.058     0.3932     2.0110     0.7949 2.4588e+01      11902         12  0.000e+00
     10.087   64.66890 -168.23688     10.187     6.0946     6.0980     6.0938    31.8183    31.8255  1025.0750    25.0279    291.586    277.494  306.75344     95.056     0.3919     2.0036     0.7949 2.4588e+01      11903         12  0.000e+00
      3.820   64.66894 -168.23674      3.858     6.1149     6.1140     6.1146    31.8170    31.8257  1025.0422    25.0244    291.838    277.526  306.61089     95.182     0.3614     1.8205     0.7986 6.5236e+01      14593         13  0.000e+00
      3.766   64.66894 -168.23674      3.803     6.1157     6.1140     6.1154    31.8169    31.8258  1025.0418    25.0242    292.004    277.547  306.60536     95.238     0.3602     1.8132     0.7986 6.5975e+01      14594         13  0.000e+00
      3.704   64.66894 -168.23674      3.741     6.1157     6.1144     6.1154    31.8171    31.8262  1025.0416    25.0243    292.176    277.564  306.60495     95.294     0.3614     1.8205     0.7999 6.6535e+01      14595         13  0.000e+00
      3.766   64.66894 -168.23674      3.803     6.1157     6.1145     6.1154    31.8169    31.8260  1025.0418    25.0242    291.990    277.588  306.60536     95.233     0.3602     1.8132     0.7999 6.6723e+01      14596         13  0.000e+00
