EcoFOCI/data/1_SampleCollection/2023_SikuliaqDBO_CruiseData/CTD_raw_BottleFile_SKQ23-12S/proc/skq202312s_063svp.cnv
* Sea-Bird SBE 9 Data File:
* FileName = D:\CTD\SKQ202312S\SKQ202312S_063.hex
* Software Version Seasave V 7.26.7.121
* Temperature SN = 6177
* Conductivity SN = 0369
* Number of Bytes Per Scan = 41
* Number of Voltage Words = 4
* Number of Scans Averaged by the Deck Unit = 1
* NMEA Latitude = 71 49.84 N
* NMEA Longitude = 165 58.06 W
* NMEA UTC (Time) = Sep 28 2023  06:16:57
* NMEA baud rate = 4800
** Ship: R/V Sikuliaq
** Station Number: 063
** Station Name: IC1
** Bottom Depth: 44
** Operator: SD
# nquan = 7
# nvalues = 4818                                  
# units = specified
# name 0 = depSM: Depth [salt water, m]
# name 1 = latitude: Latitude [deg]
# name 2 = longitude: Longitude [deg]
# name 3 = t090C: Temperature [ITS-90, deg C]
# name 4 = sal00: Salinity, Practical [PSU]
# name 5 = svCM: Sound Velocity [Chen-Millero, m/s]
# name 6 = flag:  0.000e+00
# span 0 =      2.371,     39.010                 
# span 1 =   71.83034,   71.83050                 
# span 2 = -165.96708, -165.96666                 
# span 3 =    -0.7761,     3.7917                 
# span 4 =    30.1534,    32.4386                 
# span 5 =    1442.60,    1461.89                 
# span 6 = 0.0000e+00, 0.0000e+00                 
# interval = seconds: 0.0416667
# start_time = Sep 28 2023 06:20:37 [NMEA time, first data scan]
# bad_flag = -9.990e-29
*END*
[from data line 1231]
      9.410   71.83044 -165.96696     2.7257    30.1639    1455.09  0.000e+00
      9.387   71.83044 -165.96696     2.7250    30.1652    1455.09  0.000e+00
      9.410   71.83044 -165.96696     2.7241    30.1669    1455.09  0.000e+00
      9.464   71.83044 -165.96696     2.7238    30.1694    1455.09  0.000e+00
      9.410   71.83044 -165.96696     2.7240    30.1705    1455.10  0.000e+00
      9.464   71.83044 -165.96696     2.7236    30.1720    1455.10  0.000e+00
      9.410   71.83044 -165.96696     2.7237    30.1724    1455.10  0.000e+00
      9.464   71.83044 -165.96696     2.7233    30.1731    1455.10  0.000e+00
      9.464   71.83044 -165.96696     2.7232    30.1729    1455.10  0.000e+00
      9.410   71.83044 -165.96696     2.7226    30.1726    1455.09  0.000e+00
      9.495   71.83044 -165.96696     2.7221    30.1719    1455.09  0.000e+00
      9.464   71.83044 -165.96696     2.7212    30.1709    1455.08  0.000e+00
      9.464   71.83044 -165.96696     2.7197    30.1708    1455.08  0.000e+00
      9.464   71.83044 -165.96696     2.7191    30.1696    1455.07  0.000e+00
      9.464   71.83044 -165.96696     2.7185    30.1687    1455.07  0.000e+00
      9.526   71.83044 -165.96696     2.7180    30.1680    1455.07  0.000e+00
      9.464   71.83044 -165.96696     2.7172    30.1679    1455.06  0.000e+00
      9.464   71.83044 -165.96696     2.7164    30.1680    1455.06  0.000e+00
      9.526   71.83044 -165.96696     2.7160    30.1681    1455.06  0.000e+00
      9.495   71.83044 -165.96696     2.7158    30.1700    1455.06  0.000e+00
      9.464   71.83044 -165.96696     2.7154    30.1723    1455.06  0.000e+00
      9.526   71.83044 -165.96696     2.7149    30.1745    1455.06  0.000e+00
      9.526   71.83044 -165.96696     2.7150    30.1756    1455.07  0.000e+00
      9.526   71.83044 -165.96696     2.7154    30.1756    1455.07  0.000e+00
      9.526   71.83044 -165.96696     2.7161    30.1757    1455.07  0.000e+00
      9.526   71.83044 -165.96696     2.7169    30.1766    1455.07  0.000e+00
      9.526   71.83044 -165.96696     2.7177    30.1765    1455.08  0.000e+00
      9.526   71.83044 -165.96696     2.7182    30.1763    1455.08  0.000e+00
      9.557   71.83044 -165.96696     2.7185    30.1757    1455.08  0.000e+00
      9.526   71.83044 -165.96696     2.7190    30.1753    1455.08  0.000e+00
      9.580   71.83044 -165.96696     2.7193    30.1749    1455.08  0.000e+00
      9.526   71.83044 -165.96696     2.7194    30.1743    1455.08  0.000e+00
      9.580   71.83044 -165.96696     2.7199    30.1737    1455.08  0.000e+00
      9.580   71.83044 -165.96696     2.7204    30.1740    1455.09  0.000e+00
      9.580   71.83044 -165.96696     2.7205    30.1754    1455.09  0.000e+00
      9.580   71.83044 -165.96696     2.7212    30.1755    1455.09  0.000e+00
      9.611   71.83044 -165.96696     2.7216    30.1757    1455.10  0.000e+00
      9.580   71.83044 -165.96696     2.7222    30.1748    1455.10  0.000e+00
      9.580   71.83044 -165.96696     2.7227    30.1744    1455.10  0.000e+00
      9.580   71.83044 -165.96696     2.7229    30.1749    1455.10  0.000e+00
      9.642   71.83044 -165.96696     2.7232    30.1752    1455.10  0.000e+00
      9.642   71.83044 -165.96696     2.7232    30.1747    1455.10  0.000e+00
      9.642   71.83044 -165.96696     2.7233    30.1736    1455.10  0.000e+00
      9.642   71.83044 -165.96696     2.7233    30.1726    1455.10  0.000e+00
      9.642   71.83044 -165.96696     2.7232    30.1728    1455.10  0.000e+00
      9.672   71.83044 -165.96696     2.7231    30.1731    1455.10  0.000e+00
      9.642   71.83044 -165.96696     2.7231    30.1735    1455.10  0.000e+00
      9.642   71.83044 -165.96696     2.7229    30.1736    1455.10  0.000e+00
      9.696   71.83044 -165.96696     2.7229    30.1737    1455.10  0.000e+00
      9.696   71.83044 -165.96696     2.7229    30.1735    1455.10  0.000e+00
      9.696   71.83044 -165.96696     2.7231    30.1737    1455.10  0.000e+00
      9.696   71.83044 -165.96696     2.7231    30.1735    1455.10  0.000e+00
      9.696   71.83044 -165.96696     2.7229    30.1737    1455.10  0.000e+00
      9.642   71.83044 -165.96696     2.7232    30.1739    1455.10  0.000e+00
      9.842   71.83044 -165.96696     2.7229    30.1744    1455.10  0.000e+00
      9.696   71.83044 -165.96696     2.7229    30.1743    1455.10  0.000e+00
      9.757   71.83044 -165.96696     2.7227    30.1742    1455.10  0.000e+00
      9.757   71.83044 -165.96696     2.7226    30.1741    1455.10  0.000e+00
      9.811   71.83044 -165.96696     2.7224    30.1741    1455.10  0.000e+00
      9.757   71.83044 -165.96696     2.7222    30.1741    1455.10  0.000e+00
      9.811   71.83044 -165.96696     2.7221    30.1738    1455.10  0.000e+00
      9.757   71.83044 -165.96696     2.7219    30.1740    1455.10  0.000e+00
      9.780   71.83044 -165.96696     2.7218    30.1728    1455.09  0.000e+00
      9.811   71.83044 -165.96696     2.7213    30.1725    1455.09  0.000e+00
      9.865   71.83044 -165.96696     2.7212    30.1730    1455.09  0.000e+00
      9.811   71.83044 -165.96696     2.7207    30.1742    1455.09  0.000e+00
      9.811   71.83044 -165.96696     2.7210    30.1737    1455.09  0.000e+00
      9.865   71.83044 -165.96696     2.7208    30.1727    1455.09  0.000e+00
      9.865   71.83044 -165.96696     2.7207    30.1727    1455.09  0.000e+00
      9.865   71.83044 -165.96696     2.7205    30.1731    1455.09  0.000e+00
      9.896   71.83044 -165.96696     2.7204    30.1730    1455.09  0.000e+00
      9.865   71.83044 -165.96696     2.7202    30.1730    1455.09  0.000e+00
      9.865   71.83044 -165.96696     2.7204    30.1731    1455.09  0.000e+00
      9.927   71.83044 -165.96696     2.7200    30.1732    1455.09  0.000e+00
      9.927   71.83044 -165.96696     2.7200    30.1725    1455.09  0.000e+00
      9.927   71.83044 -165.96696     2.7200    30.1723    1455.09  0.000e+00
      9.927   71.83044 -165.96696     2.7197    30.1720    1455.09  0.000e+00
      9.981   71.83044 -165.96696     2.7196    30.1723    1455.09  0.000e+00
      9.896   71.83044 -165.96696     2.7194    30.1726    1455.09  0.000e+00
      9.981   71.83044 -165.96696     2.7191    30.1733    1455.09  0.000e+00
      9.981   71.83044 -165.96696     2.7190    30.1731    1455.09  0.000e+00
      9.981   71.83044 -165.96696     2.7188    30.1734    1455.09  0.000e+00
      9.981   71.83044 -165.96696     2.7186    30.1740    1455.09  0.000e+00
      9.981   71.83044 -165.96696     2.7186    30.1743    1455.09  0.000e+00
     10.042   71.83044 -165.96696     2.7188    30.1734    1455.09  0.000e+00
      9.981   71.83044 -165.96696     2.7188    30.1717    1455.08  0.000e+00
     10.042   71.83044 -165.96696     2.7185    30.1710    1455.08  0.000e+00
     10.012   71.83044 -165.96696     2.7179    30.1708    1455.08  0.000e+00
     10.096   71.83044 -165.96696     2.7175    30.1712    1455.08  0.000e+00
     10.042   71.83044 -165.96696     2.7174    30.1711    1455.08  0.000e+00
     10.042   71.83044 -165.96696     2.7171    30.1711    1455.08  0.000e+00
     10.042   71.83044 -165.96696     2.7172    30.1711    1455.08  0.000e+00
     10.096   71.83044 -165.96696     2.7171    30.1714    1455.08  0.000e+00
     10.096   71.83044 -165.96696     2.7169    30.1719    1455.08  0.000e+00
     10.096   71.83044 -165.96696     2.7171    30.1730    1455.08  0.000e+00
     10.073   71.83044 -165.96696     2.7175    30.1738    1455.08  0.000e+00
     10.096   71.83044 -165.96696     2.7177    30.1739    1455.08  0.000e+00
     10.096   71.83044 -165.96696     2.7179    30.1723    1455.08  0.000e+00
     10.158   71.83044 -165.96696     2.7180    30.1709    1455.08  0.000e+00
     10.096   71.83044 -165.96696     2.7176    30.1701    1455.08  0.000e+00
     10.158   71.83044 -165.96696     2.7174    30.1703    1455.08  0.000e+00
     10.096   71.83044 -165.96696     2.7172    30.1704    1455.08  0.000e+00
     10.096   71.83044 -165.96696     2.7171    30.1699    1455.08  0.000e+00
     10.243   71.83044 -165.96696     2.7169    30.1699    1455.08  0.000e+00
     10.158   71.83044 -165.96696     2.7168    30.1704    1455.08  0.000e+00
     10.158   71.83044 -165.96696     2.7164    30.1724    1455.08  0.000e+00
     10.158   71.83044 -165.96696     2.7166    30.1738    1455.08  0.000e+00
     10.212   71.83044 -165.96696     2.7172    30.1743    1455.08  0.000e+00
     10.158   71.83044 -165.96696     2.7177    30.1741    1455.09  0.000e+00
     10.212   71.83044 -165.96696     2.7179    30.1731    1455.09  0.000e+00
     10.181   71.83044 -165.96696     2.7180    30.1724    1455.08  0.000e+00
     10.212   71.83044 -165.96696     2.7182    30.1721    1455.09  0.000e+00
     10.212   71.83044 -165.96696     2.7181    30.1726    1455.09  0.000e+00
     10.212   71.83044 -165.96696     2.7178    30.1723    1455.08  0.000e+00
     10.212   71.83044 -165.96696     2.7179    30.1716    1455.08  0.000e+00
     10.212   71.83044 -165.96696     2.7174    30.1708    1455.08  0.000e+00
     10.266   71.83044 -165.96696     2.7172    30.1708    1455.08  0.000e+00
     10.212   71.83044 -165.96696     2.7171    30.1703    1455.08  0.000e+00
     10.243   71.83044 -165.96696     2.7171    30.1693    1455.08  0.000e+00
     10.266   71.83044 -165.96696     2.7168    30.1697    1455.08  0.000e+00
     10.212   71.83044 -165.96696     2.7169    30.1710    1455.08  0.000e+00
     10.266   71.83044 -165.96696     2.7166    30.1720    1455.08  0.000e+00
     10.266   71.83044 -165.96696     2.7166    30.1722    1455.08  0.000e+00
     10.266   71.83044 -165.96696     2.7169    30.1719    1455.08  0.000e+00
     10.266   71.83044 -165.96696     2.7172    30.1713    1455.08  0.000e+00
     10.328   71.83044 -165.96696     2.7171    30.1716    1455.08  0.000e+00
     10.297   71.83044 -165.96696     2.7174    30.1718    1455.08  0.000e+00
     10.266   71.83044 -165.96696     2.7174    30.1720    1455.08  0.000e+00
     10.328   71.83044 -165.96696     2.7176    30.1715    1455.08  0.000e+00
     10.328   71.83044 -165.96696     2.7175    30.1717    1455.08  0.000e+00
     10.328   71.83044 -165.96696     2.7176    30.1718    1455.08  0.000e+00
     10.328   71.83044 -165.96696     2.7174    30.1719    1455.08  0.000e+00
     10.328   71.83044 -165.96696     2.7178    30.1713    1455.08  0.000e+00
     10.328   71.83044 -165.96696     2.7176    30.1717    1455.08  0.000e+00
     10.359   71.83044 -165.96696     2.7177    30.1716    1455.09  0.000e+00
     10.328   71.83044 -165.96696     2.7177    30.1714    1455.08  0.000e+00
     10.328   71.83044 -165.96696     2.7174    30.1711    1455.08  0.000e+00
     10.443   71.83044 -165.96696     2.7171    30.1705    1455.08  0.000e+00
     10.328   71.83044 -165.96696     2.7164    30.1710    1455.08  0.000e+00
     10.382   71.83044 -165.96696     2.7163    30.1716    1455.08  0.000e+00
     10.382   71.83044 -165.96696     2.7162    30.1718    1455.08  0.000e+00
     10.413   71.83044 -165.96696     2.7164    30.1717    1455.08  0.000e+00
     10.382   71.83044 -165.96696     2.7166    30.1726    1455.08  0.000e+00
     10.443   71.83044 -165.96694     2.7168    30.1729    1455.08  0.000e+00
     10.443   71.83044 -165.96694     2.7172    30.1732    1455.09  0.000e+00
     10.382   71.83044 -165.96694     2.7176    30.1737    1455.09  0.000e+00
     10.443   71.83044 -165.96694     2.7179    30.1733    1455.09  0.000e+00
     10.443   71.83044 -165.96694     2.7178    30.1735    1455.09  0.000e+00
     10.443   71.83044 -165.96694     2.7182    30.1737    1455.09  0.000e+00
     10.467   71.83044 -165.96694     2.7183    30.1741    1455.09  0.000e+00
     10.497   71.83044 -165.96694     2.7182    30.1735    1455.09  0.000e+00
     10.443   71.83044 -165.96694     2.7183    30.1729    1455.09  0.000e+00
     10.497   71.83044 -165.96694     2.7182    30.1738    1455.09  0.000e+00
     10.497   71.83044 -165.96694     2.7190    30.1743    1455.10  0.000e+00
     10.497   71.83044 -165.96694     2.7199    30.1735    1455.10  0.000e+00
     10.497   71.83044 -165.96694     2.7205    30.1723    1455.10  0.000e+00
     10.528   71.83044 -165.96694     2.7207    30.1715    1455.10  0.000e+00
     10.559   71.83044 -165.96694     2.7210    30.1707    1455.10  0.000e+00
     10.497   71.83044 -165.96694     2.7208    30.1707    1455.10  0.000e+00
     10.559   71.83044 -165.96694     2.7205    30.1714    1455.10  0.000e+00
     10.559   71.83044 -165.96694     2.7204    30.1719    1455.10  0.000e+00
     10.559   71.83044 -165.96694     2.7204    30.1722    1455.10  0.000e+00
     10.559   71.83044 -165.96694     2.7204    30.1720    1455.10  0.000e+00
     10.613   71.83044 -165.96694     2.7207    30.1720    1455.10  0.000e+00
     10.528   71.83044 -165.96694     2.7208    30.1724    1455.10  0.000e+00
     10.613   71.83044 -165.96694     2.7212    30.1726    1455.11  0.000e+00
     10.613   71.83044 -165.96694     2.7210    30.1735    1455.11  0.000e+00
     10.613   71.83044 -165.96694     2.7212    30.1724    1455.11  0.000e+00
     10.613   71.83044 -165.96694     2.7210    30.1702    1455.10  0.000e+00
     10.667   71.83044 -165.96694     2.7205    30.1689    1455.10  0.000e+00
     10.613   71.83044 -165.96694     2.7198    30.1687    1455.09  0.000e+00
     10.644   71.83044 -165.96694     2.7188    30.1696    1455.09  0.000e+00
     10.667   71.83044 -165.96694     2.7188    30.1698    1455.09  0.000e+00
     10.667   71.83044 -165.96694     2.7188    30.1697    1455.09  0.000e+00
     10.667   71.83044 -165.96694     2.7183    30.1703    1455.09  0.000e+00
     10.667   71.83044 -165.96694     2.7183    30.1709    1455.09  0.000e+00
     10.667   71.83044 -165.96694     2.7185    30.1714    1455.09  0.000e+00
     10.729   71.83044 -165.96694     2.7188    30.1718    1455.10  0.000e+00
     10.644   71.83044 -165.96694     2.7188    30.1724    1455.10  0.000e+00
     10.729   71.83044 -165.96694     2.7193    30.1717    1455.10  0.000e+00
     10.729   71.83044 -165.96694     2.7194    30.1712    1455.10  0.000e+00
     10.729   71.83044 -165.96694     2.7193    30.1703    1455.10  0.000e+00
     10.729   71.83044 -165.96694     2.7193    30.1693    1455.10  0.000e+00
     10.729   71.83044 -165.96694     2.7186    30.1699    1455.09  0.000e+00
     10.783   71.83044 -165.96694     2.7185    30.1701    1455.09  0.000e+00
     10.698   71.83044 -165.96694     2.7180    30.1708    1455.09  0.000e+00
     10.783   71.83044 -165.96694     2.7181    30.1694    1455.09  0.000e+00
     10.783   71.83044 -165.96694     2.7179    30.1685    1455.09  0.000e+00
     10.729   71.83044 -165.96694     2.7177    30.1691    1455.09  0.000e+00
     10.783   71.83044 -165.96694     2.7176    30.1692    1455.09  0.000e+00
     10.783   71.83044 -165.96694     2.7177    30.1674    1455.09  0.000e+00
     10.783   71.83044 -165.96694     2.7174    30.1662    1455.08  0.000e+00
     10.814   71.83044 -165.96694     2.7168    30.1674    1455.08  0.000e+00
     10.783   71.83044 -165.96694     2.7162    30.1683    1455.08  0.000e+00
     10.844   71.83044 -165.96694     2.7161    30.1680    1455.08  0.000e+00
     10.783   71.83044 -165.96694     2.7155    30.1688    1455.08  0.000e+00
     10.783   71.83044 -165.96694     2.7158    30.1680    1455.08  0.000e+00
     10.844   71.83044 -165.96694     2.7155    30.1689    1455.08  0.000e+00
     10.844   71.83044 -165.96694     2.7157    30.1690    1455.08  0.000e+00
     10.844   71.83044 -165.96694     2.7157    30.1698    1455.08  0.000e+00
     10.814   71.83044 -165.96694     2.7158    30.1708    1455.08  0.000e+00
     10.844   71.83044 -165.96694     2.7162    30.1717    1455.09  0.000e+00
     10.844   71.83044 -165.96694     2.7164    30.1730    1455.09  0.000e+00
     10.844   71.83044 -165.96694     2.7172    30.1731    1455.09  0.000e+00
