EcoFOCI/data/1_SampleCollection/2023_SikuliaqDBO_CruiseData/CTD_raw_BottleFile_SKQ23-12S/proc/skq202312s_025.cnv
* Sea-Bird SBE 9 Data File:
* FileName = D:\CTD\SKQ202312S\SKQ202312S_025.hex
* Software Version Seasave V 7.26.7.121
* Temperature SN = 6177
* Conductivity SN = 0369
* Number of Bytes Per Scan = 41
* Number of Voltage Words = 4
* Number of Scans Averaged by the Deck Unit = 1
* NMEA Latitude = 71 14.81 N
* NMEA Longitude = 157 09.84 W
* NMEA UTC (Time) = Sep 20 2023  21:07:47
* NMEA baud rate = 4800
** Ship: R/V Sikuliaq
** Station Number: 025
** Station Name: DBO5.1
** Bottom Depth: 46
** Operator: SD
# nquan = 24
# nvalues = 4850                                  
# units = specified
# name 0 = depSM: Depth [salt water, m]
# name 1 = latitude: Latitude [deg]
# name 2 = longitude: Longitude [deg]
# name 3 = prDM: Pressure, Digiquartz [db]
# name 4 = t090C: Temperature [ITS-90, deg C]
# name 5 = t190C: Temperature, 2 [ITS-90, deg C]
# name 6 = potemp090C: Potential Temperature [ITS-90, deg C]
# name 7 = sal00: Salinity, Practical [PSU]
# name 8 = sal11: Salinity, Practical, 2 [PSU]
# name 9 = density00: Density [density, kg/m^3]
# name 10 = sigma-é00: Density [sigma-theta, kg/m^3]
# name 11 = sbox0Mm/Kg: Oxygen, SBE 43 [umol/kg]
# name 12 = sbox1Mm/Kg: Oxygen, SBE 43, 2 [umol/kg]
# name 13 = oxsolMm/Kg: Oxygen Saturation, Garcia & Gordon [umol/kg]
# name 14 = sbeox0PS: Oxygen, SBE 43 [% saturation]
# name 15 = sbeox1PS: Oxygen, SBE 43, 2 [% saturation]
# name 16 = v0: Voltage 0
# name 17 = flECO-AFL: Fluorescence, WET Labs ECO-AFL/FL [mg/m^3]
# name 18 = v1: Voltage 1
# name 19 = CStarAt0: Beam Attenuation, WET Labs C-Star [1/m]
# name 20 = par: PAR/Irradiance, Biospherical/Licor
# name 21 = scan: Scan Count
# name 22 = timeM: Time, Elapsed [minutes]
# name 23 = flag:  0.000e+00
# span 0 =      1.605,     41.238                 
# span 1 =   71.24684,   71.24686                 
# span 2 = -157.16436, -157.16418                 
# span 3 =      1.622,     41.667                 
# span 4 =     2.4755,     4.5770                 
# span 5 =     2.4789,     4.5734                 
# span 6 =     2.4734,     4.5766                 
# span 7 =    30.1353,    31.6743                 
# span 8 =    30.1028,    31.6893                 
# span 9 =  1023.9299,  1025.4648                 
# span 10 =    23.9162,    25.2718                
# span 11 =    302.149,    322.425                
# span 12 =    287.957,    307.807                
# span 13 =  320.99086,  335.16143                
# span 14 =     93.063,     96.624                
# span 15 =     88.779,     92.506                
# span 16 =     0.0855,     0.2112                
# span 17 =     0.1648,     0.9194                
# span 18 =     2.1905,     4.0733                
# span 19 =     0.5830,     3.0654                
# span 20 = 1.0000e-12, 2.0801e+02                
# span 21 =          1,       4850                
# span 22 =     0.0000,     3.3674                
# span 23 = 0.0000e+00, 0.0000e+00                
# interval = seconds: 0.0416667
# start_time = Sep 20 2023 21:11:24 [NMEA time, first data scan]
# bad_flag = -9.990e-29
*END*
[from data line 3985]
     40.668   71.24684 -157.16432     41.091     2.5379     2.5083     2.5358    31.6565    31.6772  1025.4479    25.2541    318.389    301.931  334.66809     95.136     90.166     0.0928     0.2088     3.4689     1.2257 8.4714e-06       3986     2.7674  0.000e+00
     40.722   71.24684 -157.16432     41.145     2.5396     2.5061     2.5375    31.6528    31.6787  1025.4450    25.2511    318.391    302.172  334.66308     95.138     90.234     0.0940     0.2161     3.4701     1.2243 8.4714e-06       3987     2.7681  0.000e+00
     40.722   71.24684 -157.16432     41.145     2.5319     2.5066     2.5298    31.6527    31.6791  1025.4456    25.2516    318.461    302.218  334.72729     95.141     90.249     0.0904     0.1941     3.4701     1.2243 1.0000e-12       3988     2.7687  0.000e+00
     40.660   71.24684 -157.16432     41.083     2.5264     2.5093     2.5243    31.6557    31.6783  1025.4481    25.2544    318.534    302.047  334.76572     95.151     90.203     0.0904     0.1941     3.4701     1.2243 1.0000e-12       3989     2.7694  0.000e+00
     40.606   71.24684 -157.16432     41.028     2.5313     2.5113     2.5292    31.6599    31.6778  1025.4508    25.2574    318.466    302.036  334.71443     95.146     90.204     0.0891     0.1868     3.4701     1.2243 1.0000e-12       3990     2.7701  0.000e+00
     40.668   71.24684 -157.16432     41.091     2.5440     2.5168     2.5419    31.6582    31.6742  1025.4487    25.2550    318.340    302.232  334.61241     95.137     90.273     0.0904     0.1941     3.4701     1.2243 8.4714e-06       3991     2.7708  0.000e+00
     40.606   71.24684 -157.16432     41.028     2.5550     2.5252     2.5528    31.6538    31.6680  1025.4441    25.2507    318.225    302.208  334.53194     95.125     90.280     0.0904     0.1941     3.4701     1.2243 1.0000e-12       3992     2.7715  0.000e+00
     40.606   71.24684 -157.16432     41.028     2.5680     2.5313     2.5659    31.6469    31.6656  1025.4375    25.2442    318.093    302.197  334.44067     95.112     90.289     0.0904     0.1941     3.4701     1.2243 1.0000e-12       3993     2.7722  0.000e+00
     40.552   71.24684 -157.16432     40.974     2.5749     2.5413     2.5728    31.6407    31.6627  1025.4318    25.2387    318.008    302.178  334.39877     95.098     90.304     0.0904     0.1941     3.4701     1.2243 8.4714e-06       3994     2.7729  0.000e+00
     40.606   71.24684 -157.16432     41.028     2.5739     2.5495     2.5718    31.6410    31.6609  1025.4324    25.2390    318.016    302.352  334.40612     95.099     90.373     0.0904     0.1941     3.4701     1.2243 8.4714e-06       3995     2.7736  0.000e+00
     40.606   71.24684 -157.16432     41.028     2.5741     2.5542     2.5720    31.6428    31.6601  1025.4338    25.2404    318.225    302.176  334.40031     95.163     90.331     0.0904     0.1941     3.4701     1.2243 1.0000e-12       3996     2.7743  0.000e+00
     40.606   71.24684 -157.16432     41.028     2.5752     2.5570     2.5731    31.6443    31.6588  1025.4349    25.2415    318.234    302.195  334.38701     95.169     90.342     0.0904     0.1941     3.4701     1.2243 8.4714e-06       3997     2.7750  0.000e+00
     40.552   71.24684 -157.16432     40.974     2.5779     2.5581     2.5757    31.6424    31.6593  1025.4329    25.2398    318.006    302.422  334.36983     95.106     90.412     0.0891     0.1868     3.4689     1.2257 1.0000e-12       3998     2.7757  0.000e+00
     40.668   71.24684 -157.16432     41.091     2.5793     2.5574     2.5771    31.6402    31.6601  1025.4316    25.2379    318.164    302.295  334.36365     95.155     90.374     0.0904     0.1941     3.4652     1.2299 8.4714e-06       3999     2.7764  0.000e+00
     40.606   71.24684 -157.16432     41.028     2.5805     2.5568     2.5784    31.6389    31.6609  1025.4301    25.2368    318.158    302.338  334.35675     95.155     90.385     0.0916     0.2015     3.4652     1.2299 8.4714e-06       4000     2.7771  0.000e+00
     40.660   71.24684 -157.16432     41.083     2.5801     2.5579     2.5780    31.6386    31.6603  1025.4302    25.2366    318.163    302.349  334.36106     95.156     90.391     0.0904     0.1941     3.4640     1.2314 1.0000e-12       4001     2.7778  0.000e+00
     40.668   71.24684 -157.16432     41.091     2.5801     2.5582     2.5780    31.6384    31.6602  1025.4301    25.2364    318.156    302.564  334.36148     95.153     90.456     0.0904     0.1941     3.4652     1.2299 1.0000e-12       4002     2.7785  0.000e+00
     40.606   71.24684 -157.16432     41.028     2.5805     2.5584     2.5784    31.6391    31.6601  1025.4303    25.2370    318.134    302.626  334.35614     95.148     90.475     0.0904     0.1941     3.4652     1.2299 8.4714e-06       4003     2.7792  0.000e+00
     40.668   71.24684 -157.16432     41.091     2.5859     2.5590     2.5838    31.6403    31.6591  1025.4312    25.2375    318.065    302.466  334.30809     95.141     90.428     0.0904     0.1941     3.4640     1.2314 1.0000e-12       4004     2.7799  0.000e+00
     40.668   71.24684 -157.16432     41.091     2.5976     2.5584     2.5955    31.6358    31.6592  1025.4266    25.2330    317.943    302.688  334.22154     95.129     90.492     0.0904     0.1941     3.4652     1.2299 1.0000e-12       4005     2.7806  0.000e+00
     40.668   71.24684 -157.16432     41.091     2.6019     2.5564     2.5998    31.6350    31.6610  1025.4256    25.2320    317.874    302.541  334.18815     95.118     90.445     0.0904     0.1941     3.4652     1.2299 1.0000e-12       4006     2.7813  0.000e+00
     40.660   71.24684 -157.16432     41.083     2.6051     2.5564     2.6030    31.6369    31.6606  1025.4269    25.2333    317.802    302.757  334.15625     95.106     90.509     0.0904     0.1941     3.4652     1.2299 1.0000e-12       4007     2.7819  0.000e+00
     40.606   71.24684 -157.16432     41.028     2.6129     2.5576     2.6108    31.6352    31.6592  1025.4247    25.2313    317.727    302.786  334.09594     95.101     90.520     0.0904     0.1941     3.4652     1.2299 1.0000e-12       4008     2.7826  0.000e+00
     40.606   71.24684 -157.16432     41.028     2.6280     2.5590     2.6259    31.6255    31.6590  1025.4157    25.2224    317.602    302.811  333.99454     95.092     90.531     0.0891     0.1868     3.4652     1.2299 1.0000e-12       4009     2.7833  0.000e+00
     40.668   71.24684 -157.16432     41.091     2.6327     2.5568     2.6306    31.6152    31.6608  1025.4074    25.2137    317.572    302.666  333.98185     95.087     90.483     0.0904     0.1941     3.4652     1.2299 1.0000e-12       4010     2.7840  0.000e+00
     40.606   71.24684 -157.16432     41.028     2.6291     2.5539     2.6270    31.6116    31.6625  1025.4045    25.2112    317.591    302.872  334.02087     95.081     90.540     0.0904     0.1941     3.4652     1.2299 1.0000e-12       4011     2.7847  0.000e+00
     40.606   71.24684 -157.16432     41.028     2.6358     2.5529     2.6337    31.6038    31.6622  1025.3978    25.2045    317.525    302.891  333.98464     95.072     90.543     0.0904     0.1941     3.4640     1.2314 1.0000e-12       4012     2.7854  0.000e+00
     40.606   71.24684 -157.16432     41.028     2.6357     2.5514     2.6335    31.6071    31.6617  1025.4004    25.2070    317.490    302.938  333.97779     95.063     90.553     0.0891     0.1868     3.4652     1.2299 1.0000e-12       4013     2.7861  0.000e+00
     40.668   71.24684 -157.16432     41.091     2.6297     2.5473     2.6276    31.6142    31.6639  1025.4069    25.2132    317.718    302.977  334.00889     95.123     90.557     0.0891     0.1868     3.4652     1.2299 1.0000e-12       4014     2.7868  0.000e+00
     40.606   71.24684 -157.16432     41.028     2.6352     2.5431     2.6331    31.6000    31.6630  1025.3948    25.2014    317.735    303.217  333.99932     95.130     90.619     0.0879     0.1795     3.4652     1.2299 1.0000e-12       4015     2.7875  0.000e+00
     40.668   71.24684 -157.16432     41.091     2.6143     2.5341     2.6122    31.6011    31.6628  1025.3976    25.2039    317.733    303.323  334.17124     95.081     90.630     0.0891     0.1868     3.4640     1.2314 8.4714e-06       4016     2.7882  0.000e+00
     40.606   71.24684 -157.16432     41.028     2.5934     2.5249     2.5913    31.6152    31.6652  1025.4103    25.2169    318.100    303.417  334.30900     95.151     90.639     0.0879     0.1795     3.4652     1.2299 1.0000e-12       4017     2.7889  0.000e+00
     40.722   71.24684 -157.16432     41.145     2.5798     2.5210     2.5776    31.6353    31.6682  1025.4279    25.2340    318.203    303.468  334.37206     95.164     90.647     0.0891     0.1868     3.4652     1.2299 1.0000e-12       4018     2.7896  0.000e+00
     40.660   71.24684 -157.16432     41.083     2.5713     2.5198     2.5692    31.6531    31.6711  1025.4425    25.2488    318.215    303.486  334.39752     95.161     90.652     0.0891     0.1868     3.4628     1.2328 1.0000e-12       4019     2.7903  0.000e+00
     40.668   71.24684 -157.16432     41.091     2.5914     2.5195     2.5893    31.6314    31.6721  1025.4236    25.2300    318.097    303.500  334.28491     95.157     90.656     0.0891     0.1868     3.4628     1.2328 1.0000e-12       4020     2.7910  0.000e+00
     40.668   71.24684 -157.16432     41.091     2.5904     2.5192     2.5883    31.6103    31.6727  1025.4069    25.2132    318.127    303.513  334.34674     95.149     90.659     0.0891     0.1868     3.4628     1.2328 1.0000e-12       4021     2.7917  0.000e+00
     40.668   71.24684 -157.16432     41.091     2.5634     2.5193     2.5613    31.6165    31.6729  1025.4139    25.2202    318.359    303.543  334.55642     95.159     90.669     0.0891     0.1868     3.4628     1.2328 1.0000e-12       4022     2.7924  0.000e+00
     40.668   71.24684 -157.16432     41.091     2.5385     2.5192     2.5364    31.6314    31.6732  1025.4278    25.2341    318.548    303.750  334.72655     95.167     90.731     0.0891     0.1868     3.4628     1.2328 1.0000e-12       4023     2.7931  0.000e+00
     40.668   71.24684 -157.16432     41.091     2.5212     2.5214     2.5191    31.6443    31.6722  1025.4394    25.2457    318.667    303.759  334.83819     95.170     90.738     0.0891     0.1868     3.4628     1.2328 8.4714e-06       4024     2.7938  0.000e+00
     40.668   71.24684 -157.16432     41.091     2.5098     2.5253     2.5077    31.6529    31.6711  1025.4472    25.2534    318.738    303.749  334.91201     95.171     90.743     0.0891     0.1868     3.4628     1.2328 1.0000e-12       4025     2.7944  0.000e+00
     40.660   71.24684 -157.16432     41.083     2.5022     2.5299     2.5001    31.6592    31.6693  1025.4528    25.2591    318.776    303.956  334.95991     95.168     90.814     0.0879     0.1795     3.4628     1.2328 1.0000e-12       4026     2.7951  0.000e+00
     40.668   71.24684 -157.16432     41.091     2.4993     2.5329     2.4972    31.6660    31.6681  1025.4585    25.2647    318.764    303.796  334.96602     95.163     90.772     0.0891     0.1868     3.4628     1.2328 8.4714e-06       4027     2.7958  0.000e+00
     40.668   71.24684 -157.16432     41.091     2.5042     2.5359     2.5021    31.6685    31.6666  1025.4601    25.2663    318.911    303.784  334.91911     95.220     90.774     0.0891     0.1868     3.4628     1.2328 8.4714e-06       4028     2.7965  0.000e+00
     40.606   71.24684 -157.16432     41.028     2.5101     2.5386     2.5080    31.6669    31.6658  1025.4580    25.2646    318.639    303.966  334.87357     95.152     90.834     0.0891     0.1868     3.4628     1.2328 1.0000e-12       4029     2.7972  0.000e+00
     40.668   71.24684 -157.16432     41.091     2.5150     2.5417     2.5129    31.6619    31.6649  1025.4540    25.2603    318.350    303.970  334.84551     95.074     90.842     0.0891     0.1868     3.4628     1.2328 1.0000e-12       4030     2.7979  0.000e+00
     40.668   71.24684 -157.16432     41.091     2.5182     2.5430     2.5161    31.6591    31.6651  1025.4515    25.2577    318.920    303.979  334.82570     95.250     90.848     0.0891     0.1868     3.4628     1.2328 1.0000e-12       4031     2.7986  0.000e+00
     40.660   71.24684 -157.16432     41.083     2.5202     2.5442     2.5181    31.6605    31.6638  1025.4524    25.2587    318.740    304.012  334.80581     95.201     90.859     0.0891     0.1868     3.4628     1.2328 1.0000e-12       4032     2.7993  0.000e+00
     40.668   71.24684 -157.16432     41.091     2.5253     2.5441     2.5232    31.6606    31.6630  1025.4522    25.2584    318.715    304.052  334.76216     95.206     90.870     0.0891     0.1868     3.4628     1.2328 1.0000e-12       4033     2.8000  0.000e+00
     40.668   71.24684 -157.16432     41.091     2.5299     2.5423     2.5278    31.6592    31.6631  1025.4506    25.2569    318.696    304.075  334.72799     95.210     90.873     0.0891     0.1868     3.4628     1.2328 1.0000e-12       4034     2.8007  0.000e+00
     40.668   71.24684 -157.16432     41.091     2.5321     2.5402     2.5300    31.6559    31.6632  1025.4478    25.2541    318.697    304.295  334.71783     95.214     90.934     0.0891     0.1868     3.4628     1.2328 8.4714e-06       4035     2.8014  0.000e+00
     40.668   71.24684 -157.16432     41.091     2.5305     2.5371     2.5284    31.6535    31.6638  1025.4461    25.2523    318.726    304.366  334.73703     95.217     90.949     0.0891     0.1868     3.4628     1.2328 8.4714e-06       4036     2.8021  0.000e+00
     40.668   71.24684 -157.16432     41.091     2.5280     2.5349     2.5259    31.6543    31.6649  1025.4469    25.2532    318.752    304.423  334.75620     95.219     90.962     0.0891     0.1868     3.4628     1.2328 1.0000e-12       4037     2.8028  0.000e+00
     40.660   71.24684 -157.16432     41.083     2.5258     2.5329     2.5237    31.6537    31.6660  1025.4465    25.2528    318.996    304.449  334.77580     95.287     90.966     0.0891     0.1868     3.4628     1.2328 8.4714e-06       4038     2.8035  0.000e+00
     40.668   71.24684 -157.16432     41.091     2.5193     2.5305     2.5171    31.6537    31.6673  1025.4471    25.2534    318.641    304.471  334.83081     95.165     90.968     0.0928     0.2088     3.4615     1.2342 1.0000e-12       4039     2.8042  0.000e+00
     40.668   71.24684 -157.16432     41.091     2.5122     2.5267     2.5101    31.6597    31.6684  1025.4525    25.2587    319.092    304.526  334.87462     95.287     90.976     0.0952     0.2234     3.4628     1.2328 1.0000e-12       4040     2.8049  0.000e+00
     40.668   71.24684 -157.16432     41.091     2.5141     2.5245     2.5120    31.6638    31.6688  1025.4555    25.2618    318.863    304.562  334.84853     95.226     90.982     0.0940     0.2161     3.4628     1.2328 1.0000e-12       4041     2.8056  0.000e+00
     40.606   71.24684 -157.16432     41.028     2.5185     2.5229     2.5164    31.6629    31.6697  1025.4542    25.2608    318.802    304.785  334.81356     95.218     91.046     0.0940     0.2161     3.4628     1.2328 1.0000e-12       4042     2.8062  0.000e+00
     40.668   71.24684 -157.16432     41.091     2.5224     2.5197     2.5203    31.6600    31.6717  1025.4519    25.2582    318.752    304.843  334.78853     95.210     91.057     0.0940     0.2161     3.4628     1.2328 1.0000e-12       4043     2.8069  0.000e+00
     40.660   71.24684 -157.16432     41.083     2.5264     2.5179     2.5243    31.6581    31.6728  1025.4500    25.2563    318.690    304.905  334.75962     95.200     91.073     0.0940     0.2161     3.4628     1.2328 1.0000e-12       4044     2.8076  0.000e+00
     40.668   71.24684 -157.16432     41.091     2.5300     2.5200     2.5279    31.6568    31.6714  1025.4487    25.2550    318.442    305.111  334.73274     95.133     91.138     0.0940     0.2161     3.4628     1.2328 1.0000e-12       4045     2.8083  0.000e+00
