EcoFOCI/data/1_SampleCollection/2023_SikuliaqDBO_CruiseData/CTD_raw_BottleFile_SKQ23-12S/proc/skq202312s_031avg.cnv
* Sea-Bird SBE 9 Data File:
* FileName = D:\CTD\SKQ202312S\SKQ202312S_031.hex
* Software Version Seasave V 7.26.7.121
* Temperature SN = 6177
* Conductivity SN = 0369
* Number of Bytes Per Scan = 41
* Number of Voltage Words = 4
* Number of Scans Averaged by the Deck Unit = 1
* NMEA Latitude = 71 29.95 N
* NMEA Longitude = 157 40.36 W
* NMEA UTC (Time) = Sep 21 2023  09:49:17
* NMEA baud rate = 4800
** Ship: R/V Sikuliaq
** Station Number: 031
** Station Name: DBO5.7
** Bottom Depth: 81
** Operator: SS
# nquan = 25
# nvalues = 74                          
# units = specified
# name 0 = depSM: Depth [salt water, m]
# name 1 = latitude: Latitude [deg]
# name 2 = longitude: Longitude [deg]
# name 3 = prDM: Pressure, Digiquartz [db]
# name 4 = t090C: Temperature [ITS-90, deg C]
# name 5 = t190C: Temperature, 2 [ITS-90, deg C]
# name 6 = potemp090C: Potential Temperature [ITS-90, deg C]
# name 7 = sal00: Salinity, Practical [PSU]
# name 8 = sal11: Salinity, Practical, 2 [PSU]
# name 9 = density00: Density [density, kg/m^3]
# name 10 = sigma-é00: Density [sigma-theta, kg/m^3]
# name 11 = sbox0Mm/Kg: Oxygen, SBE 43 [umol/kg]
# name 12 = sbox1Mm/Kg: Oxygen, SBE 43, 2 [umol/kg]
# name 13 = oxsolMm/Kg: Oxygen Saturation, Garcia & Gordon [umol/kg]
# name 14 = sbeox0PS: Oxygen, SBE 43 [% saturation]
# name 15 = sbeox1PS: Oxygen, SBE 43, 2 [% saturation]
# name 16 = v0: Voltage 0
# name 17 = flECO-AFL: Fluorescence, WET Labs ECO-AFL/FL [mg/m^3]
# name 18 = v1: Voltage 1
# name 19 = CStarAt0: Beam Attenuation, WET Labs C-Star [1/m]
# name 20 = par: PAR/Irradiance, Biospherical/Licor
# name 21 = scan: Scan Count
# name 22 = timeM: Time, Elapsed [minutes]
# name 23 = nbin: number of scans per bin
# name 24 = flag: flag
# span 0 =      3.959,     76.200       
# span 1 =   71.49900,   71.49906       
# span 2 = -157.67369, -157.67337       
# span 3 =      4.000,     77.000       
# span 4 =    -1.6840,     2.9660       
# span 5 =    -1.6822,     2.9395       
# span 6 =    -1.6851,     2.9654       
# span 7 =    29.9764,    32.8939       
# span 8 =    29.9828,    32.9029       
# span 9 =  1023.9126,  1026.8368       
# span 10 =    23.8843,    26.4651      
# span 11 =    254.293,    442.256      
# span 12 =    241.515,    426.319      
# span 13 =  335.07750,  370.21568      
# span 14 =     68.698,    123.916      
# span 15 =     65.258,    120.280      
# span 16 =     0.0760,     0.1678      
# span 17 =     0.1082,     0.6587      
# span 18 =     3.3607,     4.1661      
# span 19 =     0.4929,     1.3557      
# span 20 = -5.349e-08, 2.6124e-01      
# span 21 =        326,       7236      
# span 22 =     0.2254,     5.0241      
# span 23 =         22,        546      
# span 24 = 0.0000e+00, 0.0000e+00      
# interval = decibars: 1                
# start_time = Sep 21 2023 09:54:09 [NMEA time, first data scan]
# bad_flag = -9.990e-29
*END*
[from data line 58]
     61.358   71.49902 -157.67358     62.000    -1.6796    -1.6780    -1.6806    32.7823    32.7924  1026.6746    26.3751    256.203    242.125  370.19330     69.208     65.413     0.0782     0.1213     3.7089     0.9579 5.3003e-06       4081     2.8332         32 0.0000e+00
     62.347   71.49902 -157.67358     63.000    -1.6835    -1.6817    -1.6846    32.7887    32.7986  1026.6848    26.3805    256.516    242.082  370.21321     69.289     65.398     0.0770     0.1144     3.6956     0.9724 4.6431e-06       4125     2.8636         57 0.0000e+00
     63.337   71.49902 -157.67358     64.000    -1.6840    -1.6822    -1.6851    32.7896    32.7995  1026.6903    26.3812    256.440    243.276  370.21568     69.268     65.720     0.0775     0.1171     3.6861     0.9826 4.2284e-06       4181     2.9024         46 0.0000e+00
     64.326   71.49902 -157.67358     65.000    -1.6817    -1.6799    -1.6828    32.7864    32.7961  1026.6925    26.3785    256.153    242.823  370.20227     69.193     65.600     0.0780     0.1200     3.6930     0.9752 4.6488e-06       4248     2.9490        103 0.0000e+00
     65.316   71.49902 -157.67359     66.000    -1.6831    -1.6800    -1.6842    32.7885    32.7963  1026.6991    26.3803    256.130    241.724  370.21019     69.185     65.303     0.0795     0.1292     3.6924     0.9759 5.2675e-06       4329     3.0055         34 0.0000e+00
     66.305   71.49902 -157.67360     67.000    -1.6832    -1.6813    -1.6843    32.7921    32.8021  1026.7068    26.3832    256.093    241.845  370.20048     69.177     65.336     0.0760     0.1082     3.6862     0.9825 5.7181e-06       4356     3.0241         31 0.0000e+00
     67.295   71.49904 -157.67358     68.000    -1.6811    -1.6791    -1.6823    32.7936    32.7997  1026.7128    26.3844    256.118    243.634  370.17589     69.188     65.823     0.0768     0.1128     3.7010     0.9665 5.2044e-06       4441     3.0831        114 0.0000e+00
     68.284   71.49903 -157.67359     69.000    -1.6751    -1.6736    -1.6763    32.8099    32.8189  1026.7307    26.3975    257.317    243.491  370.06787     69.532     65.804     0.0776     0.1177     3.7050     0.9622 4.2738e-06       4513     3.1330         67 0.0000e+00
     69.274   71.49902 -157.67358     70.000    -1.6625    -1.6604    -1.6638    32.8504    32.8622  1026.7681    26.4301    256.037    242.020  369.82344     69.232     65.452     0.0796     0.1296     3.6967     0.9712 4.8082e-06       4583     3.1817         48 0.0000e+00
     70.263   71.49904 -157.67358     71.000    -1.6650    -1.6643    -1.6663    32.8340    32.8399  1026.7597    26.4168    259.779    247.330  369.89612     70.230     66.869     0.0780     0.1200     3.5942     1.0838 4.7094e-06       4676     3.2465        133 0.0000e+00
     71.252   71.49902 -157.67358     72.000    -1.6640    -1.6602    -1.6653    32.8255    32.8437  1026.7576    26.4099    259.427    246.585  369.91125     70.132     66.677     0.0782     0.1214     3.5470     1.1367 4.5387e-06       4929     3.4222        371 0.0000e+00
     72.242   71.49902 -157.67363     73.000    -1.6512    -1.6478    -1.6526    32.8800    32.9007  1026.8063    26.4539    258.766    246.893  369.62411     70.008     66.813     0.0775     0.1171     3.4884     1.2033 5.0077e-06       5430     3.7698        160 0.0000e+00
     73.231   71.49900 -157.67364     74.000    -1.6502    -1.6481    -1.6515    32.8881    32.9001  1026.8177    26.4604    259.391    246.203  369.59015     70.184     66.625     0.0773     0.1158     3.4740     1.2197 3.3913e-06       5542     3.8478         33 0.0000e+00
     74.221   71.49902 -157.67365     75.000    -1.6510    -1.6493    -1.6524    32.8813    32.8910  1026.8170    26.4549    259.138    247.690  369.61829     70.110     67.020     0.0785     0.1228     3.4726     1.2215 4.9080e-06       5657     3.9279        137 0.0000e+00
     75.210   71.49900 -157.67366     76.000    -1.6506    -1.6484    -1.6519    32.8839    32.8955  1026.8240    26.4571    259.797    247.906  369.60592     70.290     67.083     0.0787     0.1244     3.4819     1.2107 4.2507e-06       5749     3.9916         38 0.0000e+00
     76.200   71.49903 -157.67369     77.000    -1.6461    -1.6448    -1.6475    32.8939    32.9029  1026.8368    26.4651    260.385    248.168  369.53211     70.463     67.164     0.0786     0.1240     3.3607     1.3557 4.2587e-06       7236     5.0241        546 0.0000e+00
