EcoFOCI/data/1_SampleCollection/2023_SikuliaqDBO_CruiseData/CTD_raw_BottleFile_SKQ23-12S/proc/skq202312s_028svpavg.cnv
* Sea-Bird SBE 9 Data File:
* FileName = D:\CTD\SKQ202312S\SKQ202312S_028.hex
* Software Version Seasave V 7.26.7.121
* Temperature SN = 6177
* Conductivity SN = 0369
* Number of Bytes Per Scan = 41
* Number of Voltage Words = 4
* Number of Scans Averaged by the Deck Unit = 1
* NMEA Latitude = 71 22.34 N
* NMEA Longitude = 157 24.94 W
* NMEA UTC (Time) = Sep 21 2023  03:13:25
* NMEA baud rate = 4800
** Ship: R/V Sikuliaq
** Station Number: 028
** Station Name: DBO5.4
** Bottom Depth: 112
** Operator: SD
# nquan = 7
# nvalues = 104                         
# units = specified
# name 0 = depSM: Depth [salt water, m]
# name 1 = latitude: Latitude [deg]
# name 2 = longitude: Longitude [deg]
# name 3 = t090C: Temperature [ITS-90, deg C]
# name 4 = sal00: Salinity, Practical [PSU]
# name 5 = svCM: Sound Velocity [Chen-Millero, m/s]
# name 6 = flag: flag
# span 0 =      3.000,    106.000       
# span 1 =   71.37240,   71.37256       
# span 2 = -157.41495, -157.41353       
# span 3 =    -1.4917,     4.8696       
# span 4 =    30.0428,    32.5764       
# span 5 =    1440.18,    1464.90       
# span 6 = 0.0000e+00, 0.0000e+00       
# interval = meters: 1                  
# start_time = Sep 21 2023 03:18:10 [NMEA time, first data scan]
# bad_flag = -9.990e-29
*END*
      3.000   71.37240 -157.41495     4.8299    30.0428    1463.77 0.0000e+00
      4.000   71.37240 -157.41491     4.8224    30.0463    1463.76 0.0000e+00
      5.000   71.37242 -157.41487     4.8492    30.0445    1463.88 0.0000e+00
      6.000   71.37242 -157.41486     4.8250    30.0446    1463.80 0.0000e+00
      7.000   71.37244 -157.41484     4.7953    30.0471    1463.69 0.0000e+00
      8.000   71.37244 -157.41483     4.7993    30.0484    1463.73 0.0000e+00
      9.000   71.37244 -157.41481     4.7995    30.0502    1463.75 0.0000e+00
     10.000   71.37244 -157.41480     4.7989    30.0514    1463.76 0.0000e+00
     11.000   71.37245 -157.41478     4.7986    30.0522    1463.78 0.0000e+00
     12.000   71.37246 -157.41477     4.7967    30.0543    1463.79 0.0000e+00
     13.000   71.37246 -157.41475     4.7937    30.0578    1463.80 0.0000e+00
     14.000   71.37246 -157.41474     4.7957    30.0562    1463.82 0.0000e+00
     15.000   71.37246 -157.41472     4.7873    30.0686    1463.82 0.0000e+00
     16.000   71.37246 -157.41470     4.7718    30.0913    1463.80 0.0000e+00
     17.000   71.37246 -157.41470     4.6250    30.3950    1463.60 0.0000e+00
     18.000   71.37246 -157.41469     4.6957    30.4644    1463.99 0.0000e+00
     19.000   71.37246 -157.41467     4.7613    30.5022    1464.33 0.0000e+00
     20.000   71.37246 -157.41466     4.8059    30.5337    1464.57 0.0000e+00
     21.000   71.37246 -157.41464     4.8696    30.5739    1464.90 0.0000e+00
     22.000   71.37246 -157.41463     4.7675    30.5825    1464.51 0.0000e+00
     23.000   71.37246 -157.41462     4.4179    30.5805    1463.07 0.0000e+00
     24.000   71.37246 -157.41462     4.1193    30.6267    1461.89 0.0000e+00
     25.000   71.37246 -157.41460     4.1035    30.6488    1461.87 0.0000e+00
     26.000   71.37246 -157.41458     4.1403    30.6520    1462.05 0.0000e+00
     27.000   71.37246 -157.41458     3.9160    30.7770    1461.27 0.0000e+00
     28.000   71.37246 -157.41457     1.8450    31.5915    1453.40 0.0000e+00
     29.000   71.37246 -157.41456     0.5780    31.9763    1448.22 0.0000e+00
     30.000   71.37246 -157.41455    -0.1236    32.1991    1445.31 0.0000e+00
     31.000   71.37246 -157.41454    -0.5851    32.3652    1443.40 0.0000e+00
     32.000   71.37246 -157.41453    -0.6417    32.3748    1443.16 0.0000e+00
     33.000   71.37246 -157.41452    -0.7204    32.3800    1442.81 0.0000e+00
     34.000   71.37246 -157.41451    -0.7938    32.3906    1442.50 0.0000e+00
     35.000   71.37246 -157.41450    -0.8792    32.4055    1442.13 0.0000e+00
     36.000   71.37246 -157.41450    -0.8517    32.3909    1442.26 0.0000e+00
     37.000   71.37248 -157.41450    -0.8976    32.3971    1442.07 0.0000e+00
     38.000   71.37247 -157.41448    -0.9204    32.3980    1441.98 0.0000e+00
     39.000   71.37246 -157.41448    -0.9747    32.4069    1441.75 0.0000e+00
     40.000   71.37246 -157.41446    -0.9891    32.4085    1441.70 0.0000e+00
     41.000   71.37248 -157.41446    -1.0051    32.4099    1441.64 0.0000e+00
     42.000   71.37248 -157.41446    -1.0460    32.4157    1441.47 0.0000e+00
     43.000   71.37248 -157.41446    -1.0684    32.4203    1441.39 0.0000e+00
     44.000   71.37248 -157.41445    -1.1355    32.4348    1441.10 0.0000e+00
     45.000   71.37248 -157.41444    -1.2142    32.4494    1440.77 0.0000e+00
     46.000   71.37248 -157.41444    -1.2466    32.4558    1440.64 0.0000e+00
     47.000   71.37248 -157.41444    -1.2668    32.4647    1440.57 0.0000e+00
     48.000   71.37248 -157.41443    -1.2765    32.4702    1440.55 0.0000e+00
     49.000   71.37248 -157.41442    -1.2785    32.4692    1440.55 0.0000e+00
     50.000   71.37248 -157.41442    -1.3020    32.4777    1440.47 0.0000e+00
     51.000   71.37248 -157.41442    -1.3183    32.4867    1440.42 0.0000e+00
     52.000   71.37248 -157.41442    -1.3273    32.4913    1440.40 0.0000e+00
     53.000   71.37248 -157.41440    -1.3334    32.4930    1440.39 0.0000e+00
     54.000   71.37246 -157.41442    -1.3448    32.4986    1440.36 0.0000e+00
     55.000   71.37246 -157.41442    -1.3528    32.5027    1440.34 0.0000e+00
     56.000   71.37248 -157.41441    -1.3590    32.5053    1440.33 0.0000e+00
     57.000   71.37247 -157.41442    -1.3759    32.5121    1440.28 0.0000e+00
     58.000   71.37246 -157.41442    -1.3915    32.5203    1440.23 0.0000e+00
     59.000   71.37246 -157.41442    -1.3973    32.5232    1440.22 0.0000e+00
     60.000   71.37248 -157.41441    -1.4001    32.5241    1440.23 0.0000e+00
     61.000   71.37246 -157.41442    -1.4032    32.5254    1440.23 0.0000e+00
     62.000   71.37246 -157.41442    -1.4162    32.5335    1440.19 0.0000e+00
     63.000   71.37246 -157.41441    -1.4230    32.5377    1440.19 0.0000e+00
     64.000   71.37247 -157.41440    -1.4236    32.5375    1440.20 0.0000e+00
     65.000   71.37248 -157.41440    -1.4326    32.5432    1440.18 0.0000e+00
     66.000   71.37248 -157.41440    -1.4333    32.5433    1440.19 0.0000e+00
     67.000   71.37248 -157.41440    -1.4337    32.5432    1440.21 0.0000e+00
     68.000   71.37248 -157.41440    -1.4343    32.5436    1440.22 0.0000e+00
     69.000   71.37248 -157.41440    -1.4359    32.5442    1440.23 0.0000e+00
     70.000   71.37248 -157.41438    -1.4382    32.5455    1440.24 0.0000e+00
     71.000   71.37248 -157.41438    -1.4382    32.5453    1440.25 0.0000e+00
     72.000   71.37248 -157.41438    -1.4415    32.5474    1440.26 0.0000e+00
     73.000   71.37248 -157.41438    -1.4459    32.5503    1440.26 0.0000e+00
     74.000   71.37248 -157.41438    -1.4487    32.5520    1440.26 0.0000e+00
     75.000   71.37248 -157.41438    -1.4511    32.5533    1440.27 0.0000e+00
     76.000   71.37248 -157.41436    -1.4659    32.5626    1440.23 0.0000e+00
     77.000   71.37248 -157.41436    -1.4731    32.5668    1440.21 0.0000e+00
     78.000   71.37248 -157.41436    -1.4761    32.5685    1440.22 0.0000e+00
     79.000   71.37248 -157.41436    -1.4756    32.5680    1440.24 0.0000e+00
     80.000   71.37248 -157.41436    -1.4761    32.5682    1440.25 0.0000e+00
     81.000   71.37248 -157.41435    -1.4759    32.5680    1440.27 0.0000e+00
     82.000   71.37248 -157.41434    -1.4774    32.5690    1440.28 0.0000e+00
     83.000   71.37248 -157.41434    -1.4778    32.5692    1440.29 0.0000e+00
     84.000   71.37248 -157.41434    -1.4781    32.5693    1440.31 0.0000e+00
     85.000   71.37248 -157.41434    -1.4803    32.5705    1440.31 0.0000e+00
     86.000   71.37248 -157.41434    -1.4835    32.5720    1440.32 0.0000e+00
     87.000   71.37248 -157.41434    -1.4822    32.5715    1440.34 0.0000e+00
     88.000   71.37248 -157.41432    -1.4834    32.5719    1440.35 0.0000e+00
     89.000   71.37248 -157.41432    -1.4828    32.5716    1440.37 0.0000e+00
     90.000   71.37248 -157.41432    -1.4837    32.5719    1440.38 0.0000e+00
     91.000   71.37248 -157.41432    -1.4847    32.5726    1440.39 0.0000e+00
     92.000   71.37250 -157.41430    -1.4853    32.5728    1440.41 0.0000e+00
     93.000   71.37250 -157.41430    -1.4859    32.5732    1440.42 0.0000e+00
     94.000   71.37250 -157.41430    -1.4877    32.5743    1440.43 0.0000e+00
     95.000   71.37250 -157.41430    -1.4879    32.5745    1440.45 0.0000e+00
     96.000   71.37250 -157.41427    -1.4876    32.5744    1440.46 0.0000e+00
     97.000   71.37250 -157.41426    -1.4879    32.5744    1440.48 0.0000e+00
     98.000   71.37250 -157.41424    -1.4876    32.5744    1440.50 0.0000e+00
     99.000   71.37250 -157.41422    -1.4880    32.5743    1440.51 0.0000e+00
    100.000   71.37250 -157.41418    -1.4910    32.5761    1440.52 0.0000e+00
    101.000   71.37252 -157.41404    -1.4915    32.5764    1440.53 0.0000e+00
    102.000   71.37252 -157.41398    -1.4898    32.5753    1440.55 0.0000e+00
    103.000   71.37252 -157.41395    -1.4902    32.5751    1440.57 0.0000e+00
    104.000   71.37252 -157.41392    -1.4906    32.5755    1440.58 0.0000e+00
    105.000   71.37252 -157.41388    -1.4914    32.5761    1440.60 0.0000e+00
    106.000   71.37256 -157.41353    -1.4917    32.5754    1440.61 0.0000e+00
