EcoFOCI/data/1_SampleCollection/2023_SikuliaqDBO_CruiseData/CTD_raw_BottleFile_SKQ23-12S/proc/skq202312s_018.cnv
* Sea-Bird SBE 9 Data File:
* FileName = D:\CTD\SKQ202312S\SKQ202312S_018.hex
* Software Version Seasave V 7.26.7.121
* Temperature SN = 6177
* Conductivity SN = 0369
* Number of Bytes Per Scan = 41
* Number of Voltage Words = 4
* Number of Scans Averaged by the Deck Unit = 1
* NMEA Latitude = 64 40.12 N
* NMEA Longitude = 168 14.25 W
* NMEA UTC (Time) = Sep 17 2023  18:54:46
* NMEA baud rate = 4800
** Ship: R/V Sikuliaq
** Station Number: 018
** Station Name: DBO2.3
** Bottom Depth: 38
** Operator: SD
# nquan = 24
# nvalues = 4087                                  
# units = specified
# name 0 = depSM: Depth [salt water, m]
# name 1 = latitude: Latitude [deg]
# name 2 = longitude: Longitude [deg]
# name 3 = prDM: Pressure, Digiquartz [db]
# name 4 = t090C: Temperature [ITS-90, deg C]
# name 5 = t190C: Temperature, 2 [ITS-90, deg C]
# name 6 = potemp090C: Potential Temperature [ITS-90, deg C]
# name 7 = sal00: Salinity, Practical [PSU]
# name 8 = sal11: Salinity, Practical, 2 [PSU]
# name 9 = density00: Density [density, kg/m^3]
# name 10 = sigma-é00: Density [sigma-theta, kg/m^3]
# name 11 = sbox0Mm/Kg: Oxygen, SBE 43 [umol/kg]
# name 12 = sbox1Mm/Kg: Oxygen, SBE 43, 2 [umol/kg]
# name 13 = oxsolMm/Kg: Oxygen Saturation, Garcia & Gordon [umol/kg]
# name 14 = sbeox0PS: Oxygen, SBE 43 [% saturation]
# name 15 = sbeox1PS: Oxygen, SBE 43, 2 [% saturation]
# name 16 = v0: Voltage 0
# name 17 = flECO-AFL: Fluorescence, WET Labs ECO-AFL/FL [mg/m^3]
# name 18 = v1: Voltage 1
# name 19 = CStarAt0: Beam Attenuation, WET Labs C-Star [1/m]
# name 20 = par: PAR/Irradiance, Biospherical/Licor
# name 21 = scan: Scan Count
# name 22 = timeM: Time, Elapsed [minutes]
# name 23 = flag:  0.000e+00
# span 0 =      3.209,     33.032                 
# span 1 =   64.66886,   64.66890                 
# span 2 = -168.23718, -168.23714                 
# span 3 =      3.241,     33.361                 
# span 4 =     5.3066,     6.2563                 
# span 5 =     5.3161,     6.2392                 
# span 6 =     5.3042,     6.2559                 
# span 7 =    31.7797,    31.8869                 
# span 8 =    31.6612,    31.8934                 
# span 9 =  1025.0101,  1025.3283                 
# span 10 =    24.9912,    25.1743                
# span 11 =    285.566,    295.994                
# span 12 =    272.152,    281.018                
# span 13 =  305.61799,  312.34072                
# span 14 =     92.201,     95.708                
# span 15 =     87.543,     91.429                
# span 16 =     0.2613,     0.3980                
# span 17 =     1.2198,     2.0403                
# span 18 =     3.7045,     3.8706                
# span 19 =     0.7873,     0.9627                
# span 20 = 5.6694e-01, 7.6165e+01                
# span 21 =          1,       4087                
# span 22 =     0.0000,     2.8375                
# span 23 = 0.0000e+00, 0.0000e+00                
# interval = seconds: 0.0416667
# start_time = Sep 17 2023 18:58:23 [NMEA time, first data scan]
# bad_flag = -9.990e-29
*END*
[from data line 3261]
     28.212   64.66888 -168.23718     28.492     6.0094     6.0105     6.0072    31.8181    31.8265  1025.1699    25.0382    292.143    278.900  307.36431     95.048     90.747     0.3590     1.8058     3.8559     0.8024 1.1326e+00       3262     2.2646  0.000e+00
     28.227   64.66888 -168.23718     28.508     6.0099     6.0104     6.0076    31.8182    31.8265  1025.1700    25.0383    292.142    278.876  307.36071     95.049     90.739     0.3578     1.7985     3.8559     0.8024 1.1326e+00       3263     2.2653  0.000e+00
     28.212   64.66888 -168.23718     28.492     6.0100     6.0102     6.0077    31.8181    31.8264  1025.1698    25.0381    292.145    278.833  307.36035     95.050     90.725     0.3590     1.8058     3.8559     0.8024 1.1291e+00       3264     2.2660  0.000e+00
     28.227   64.66888 -168.23718     28.508     6.0099     6.0100     6.0076    31.8181    31.8262  1025.1699    25.0382    291.982    278.790  307.36097     94.997     90.710     0.3578     1.7985     3.8559     0.8024 1.1291e+00       3265     2.2667  0.000e+00
     28.266   64.66888 -168.23718     28.547     6.0097     6.0099     6.0075    31.8170    31.8264  1025.1692    25.0373    292.165    278.765  307.36473     95.055     90.702     0.3590     1.8058     3.8559     0.8024 1.1326e+00       3266     2.2674  0.000e+00
     28.227   64.66888 -168.23718     28.508     6.0093     6.0099     6.0070    31.8170    31.8267  1025.1691    25.0374    292.176    278.737  307.36795     95.058     90.693     0.3578     1.7985     3.8559     0.8024 1.1326e+00       3267     2.2681  0.000e+00
     28.266   64.66888 -168.23718     28.547     6.0086     6.0095     6.0063    31.8172    31.8266  1025.1695    25.0376    292.193    278.695  307.37230     95.062     90.678     0.3578     1.7985     3.8559     0.8024 1.1361e+00       3268     2.2687  0.000e+00
     28.227   64.66888 -168.23718     28.508     6.0088     6.0096     6.0065    31.8169    31.8267  1025.1691    25.0374    292.203    278.488  307.37174     95.065     90.611     0.3602     1.8132     3.8559     0.8024 1.1326e+00       3269     2.2694  0.000e+00
     28.266   64.66888 -168.23718     28.547     6.0085     6.0102     6.0062    31.8174    31.8263  1025.1697    25.0378    292.416    278.619  307.37290     95.134     90.655     0.3602     1.8132     3.8559     0.8024 1.1291e+00       3270     2.2701  0.000e+00
     28.289   64.66888 -168.23718     28.570     6.0086     6.0104     6.0063    31.8171    31.8267  1025.1696    25.0375    292.260    278.413  307.37249     95.083     90.588     0.3614     1.8205     3.8559     0.8024 1.1291e+00       3271     2.2708  0.000e+00
     28.266   64.66888 -168.23718     28.547     6.0088     6.0107     6.0065    31.8174    31.8262  1025.1697    25.0377    292.271    278.367  307.37074     95.088     90.574     0.3602     1.8132     3.8571     0.8012 1.1291e+00       3272     2.2715  0.000e+00
     28.227   64.66888 -168.23718     28.508     6.0088     6.0105     6.0065    31.8179    31.8263  1025.1699    25.0382    292.284    278.323  307.36949     95.092     90.559     0.3614     1.8205     3.8584     0.7999 1.1221e+00       3273     2.2722  0.000e+00
     28.266   64.66888 -168.23718     28.547     6.0089     6.0106     6.0066    31.8177    31.8262  1025.1699    25.0379    292.301    278.281  307.36902     95.098     90.546     0.3602     1.8132     3.8596     0.7986 1.1221e+00       3274     2.2729  0.000e+00
     28.289   64.66888 -168.23718     28.570     6.0090     6.0102     6.0067    31.8177    31.8264  1025.1700    25.0380    292.319    278.262  307.36818     95.104     90.539     0.3614     1.8205     3.8596     0.7986 1.1186e+00       3275     2.2736  0.000e+00
     28.266   64.66888 -168.23718     28.547     6.0091     6.0099     6.0068    31.8177    31.8271  1025.1699    25.0380    292.139    278.418  307.36773     95.045     90.589     0.3602     1.8132     3.8596     0.7986 1.1186e+00       3276     2.2743  0.000e+00
     28.289   64.66888 -168.23718     28.570     6.0089     6.0096     6.0066    31.8176    31.8270  1025.1700    25.0379    292.331    278.419  307.36904     95.108     90.589     0.3614     1.8205     3.8584     0.7999 1.1186e+00       3277     2.2750  0.000e+00
     28.266   64.66888 -168.23718     28.547     6.0091     6.0094     6.0068    31.8178    31.8270  1025.1700    25.0381    292.351    278.259  307.36747     95.115     90.537     0.3614     1.8205     3.8596     0.7986 1.1186e+00       3278     2.2757  0.000e+00
     28.289   64.66888 -168.23718     28.570     6.0093     6.0099     6.0070    31.8178    31.8264  1025.1701    25.0380    292.374    278.240  307.36603     95.122     90.531     0.3614     1.8205     3.8596     0.7986 1.1151e+00       3279     2.2764  0.000e+00
     28.327   64.66888 -168.23718     28.609     6.0093     6.0106     6.0070    31.8182    31.8258  1025.1705    25.0383    292.370    278.222  307.36521     95.121     90.526     0.3614     1.8205     3.8596     0.7986 1.1151e+00       3280     2.2771  0.000e+00
     28.289   64.66888 -168.23718     28.570     6.0094     6.0113     6.0071    31.8182    31.8252  1025.1704    25.0383    292.392    278.221  307.36405     95.129     90.527     0.3602     1.8132     3.8596     0.7986 1.1151e+00       3281     2.2778  0.000e+00
     28.266   64.66888 -168.23718     28.547     6.0094     6.0113     6.0071    31.8180    31.8252  1025.1701    25.0382    292.388    278.208  307.36454     95.127     90.523     0.3614     1.8205     3.8596     0.7986 1.1117e+00       3282     2.2785  0.000e+00
     28.327   64.66888 -168.23718     28.609     6.0093     6.0110     6.0070    31.8179    31.8253  1025.1703    25.0381    292.418    278.202  307.36599     95.137     90.520     0.3602     1.8132     3.8596     0.7986 1.1048e+00       3283     2.2792  0.000e+00
     28.227   64.66888 -168.23718     28.508     6.0096     6.0102     6.0073    31.8180    31.8258  1025.1698    25.0381    292.409    278.194  307.36355     95.135     90.516     0.3602     1.8132     3.8596     0.7986 1.1048e+00       3284     2.2799  0.000e+00
     28.327   64.66888 -168.23718     28.609     6.0093     6.0097     6.0070    31.8181    31.8261  1025.1704    25.0382    292.442    278.212  307.36512     95.145     90.521     0.3614     1.8205     3.8596     0.7986 1.1082e+00       3285     2.2806  0.000e+00
     28.289   64.66888 -168.23718     28.570     6.0094     6.0092     6.0071    31.8178    31.8268  1025.1700    25.0380    292.271    278.226  307.36508     95.089     90.525     0.3614     1.8205     3.8596     0.7986 1.1151e+00       3286     2.2813  0.000e+00
     28.266   64.66888 -168.23718     28.547     6.0097     6.0088     6.0075    31.8176    31.8268  1025.1697    25.0378    292.438    278.244  307.36325     95.144     90.530     0.3614     1.8205     3.8584     0.7999 1.1151e+00       3287     2.2819  0.000e+00
     28.289   64.66888 -168.23718     28.570     6.0096     6.0085     6.0073    31.8176    31.8268  1025.1698    25.0378    292.303    278.266  307.36440     95.100     90.537     0.3602     1.8132     3.8596     0.7986 1.1117e+00       3288     2.2826  0.000e+00
     28.266   64.66888 -168.23718     28.547     6.0099     6.0079     6.0076    31.8175    31.8267  1025.1696    25.0377    292.474    278.289  307.36248     95.156     90.543     0.3614     1.8205     3.8596     0.7986 1.1117e+00       3289     2.2833  0.000e+00
     28.289   64.66888 -168.23718     28.570     6.0094     6.0075     6.0071    31.8181    31.8263  1025.1703    25.0383    292.284    278.317  307.36422     95.094     90.551     0.3602     1.8132     3.8596     0.7986 1.1117e+00       3290     2.2840  0.000e+00
     28.266   64.66888 -168.23718     28.547     6.0094     6.0076     6.0071    31.8180    31.8263  1025.1701    25.0382    292.459    278.340  307.36454     95.150     90.559     0.3614     1.8205     3.8584     0.7999 1.1151e+00       3291     2.2847  0.000e+00
     28.289   64.66888 -168.23718     28.570     6.0094     6.0076     6.0071    31.8180    31.8260  1025.1702    25.0382    292.524    278.191  307.36456     95.172     90.510     0.3602     1.8132     3.8571     0.8012 1.1256e+00       3292     2.2854  0.000e+00
     28.266   64.66888 -168.23718     28.547     6.0096     6.0081     6.0073    31.8180    31.8249  1025.1701    25.0382    292.333    278.360  307.36342     95.110     90.565     0.3614     1.8205     3.8559     0.8024 1.1291e+00       3293     2.2861  0.000e+00
     28.289   64.66888 -168.23718     28.570     6.0096     6.0075     6.0073    31.8179    31.8250  1025.1701    25.0380    292.315    278.378  307.36379     95.104     90.570     0.3626     1.8278     3.8559     0.8024 1.1291e+00       3294     2.2868  0.000e+00
     28.266   64.66888 -168.23718     28.547     6.0096     6.0071     6.0073    31.8182    31.8248  1025.1702    25.0383    292.493    278.395  307.36299     95.162     90.574     0.3687     1.8645     3.8559     0.8024 1.1256e+00       3295     2.2875  0.000e+00
     28.227   64.66888 -168.23718     28.508     6.0095     6.0073     6.0073    31.8180    31.8250  1025.1699    25.0381    292.503    278.407  307.36381     95.165     90.579     0.3724     1.8864     3.8559     0.8024 1.1256e+00       3296     2.2882  0.000e+00
     28.327   64.66888 -168.23718     28.609     6.0097     6.0067     6.0075    31.8177    31.8262  1025.1701    25.0378    292.319    278.431  307.36315     95.106     90.586     0.3724     1.8864     3.8571     0.8012 1.1256e+00       3297     2.2889  0.000e+00
     28.227   64.66888 -168.23718     28.508     6.0094     6.0057     6.0072    31.8175    31.8273  1025.1695    25.0378    292.302    278.273  307.36562     95.099     90.533     0.3724     1.8864     3.8571     0.8012 1.1326e+00       3298     2.2896  0.000e+00
     28.266   64.66888 -168.23718     28.547     6.0091     6.0059     6.0068    31.8180    31.8275  1025.1701    25.0382    292.290    278.275  307.36721     95.095     90.535     0.3712     1.8791     3.8559     0.8024 1.1361e+00       3299     2.2903  0.000e+00
     28.227   64.66888 -168.23718     28.508     6.0091     6.0059     6.0068    31.8180    31.8285  1025.1700    25.0382    292.274    278.456  307.36708     95.090     90.594     0.3724     1.8864     3.8559     0.8024 1.1361e+00       3300     2.2910  0.000e+00
     28.266   64.66888 -168.23718     28.547     6.0089     6.0060     6.0066    31.8173    31.8289  1025.1696    25.0377    292.265    278.461  307.36980     95.086     90.596     0.3712     1.8791     3.8559     0.8024 1.1397e+00       3301     2.2917  0.000e+00
     28.227   64.66888 -168.23718     28.508     6.0086     6.0062     6.0063    31.8173    31.8285  1025.1695    25.0377    292.254    278.466  307.37191     95.082     90.598     0.3712     1.8791     3.8559     0.8024 1.1397e+00       3302     2.2924  0.000e+00
     28.212   64.66888 -168.23718     28.492     6.0086     6.0060     6.0063    31.8171    31.8288  1025.1692    25.0376    292.214    278.474  307.37241     95.069     90.601     0.3724     1.8864     3.8559     0.8024 1.1361e+00       3303     2.2931  0.000e+00
     28.227   64.66888 -168.23718     28.508     6.0091     6.0062     6.0068    31.8179    31.8290  1025.1699    25.0381    292.199    278.481  307.36734     95.065     90.603     0.3712     1.8791     3.8571     0.8012 1.1326e+00       3304     2.2938  0.000e+00
     28.266   64.66888 -168.23718     28.547     6.0096     6.0065     6.0073    31.8178    31.8286  1025.1699    25.0380    292.188    278.312  307.36385     95.062     90.549     0.3724     1.8864     3.8571     0.8012 1.1326e+00       3305     2.2944  0.000e+00
     28.173   64.66888 -168.23718     28.453     6.0098     6.0067     6.0076    31.8174    31.8286  1025.1692    25.0377    292.145    278.300  307.36290     95.049     90.545     0.3712     1.8791     3.8559     0.8024 1.1291e+00       3306     2.2951  0.000e+00
     28.212   64.66888 -168.23718     28.492     6.0099     6.0067     6.0076    31.8177    31.8284  1025.1695    25.0378    292.138    278.474  307.36199     95.047     90.602     0.3712     1.8791     3.8571     0.8012 1.1326e+00       3307     2.2958  0.000e+00
     28.227   64.66888 -168.23718     28.508     6.0099     6.0070     6.0076    31.8176    31.8282  1025.1695    25.0378    292.132    278.485  307.36218     95.045     90.606     0.3712     1.8791     3.8559     0.8024 1.1361e+00       3308     2.2965  0.000e+00
     28.212   64.66888 -168.23718     28.492     6.0100     6.0070     6.0078    31.8174    31.8284  1025.1693    25.0376    292.124    278.498  307.36148     95.043     90.610     0.3724     1.8864     3.8559     0.8024 1.1361e+00       3309     2.2972  0.000e+00
     28.173   64.66888 -168.23718     28.453     6.0099     6.0073     6.0076    31.8171    31.8284  1025.1689    25.0374    292.288    278.509  307.36325     95.095     90.614     0.3712     1.8791     3.8559     0.8024 1.1432e+00       3310     2.2979  0.000e+00
     28.212   64.66888 -168.23718     28.492     6.0094     6.0076     6.0072    31.8176    31.8281  1025.1695    25.0379    292.314    278.524  307.36543     95.103     90.620     0.3724     1.8864     3.8559     0.8024 1.1467e+00       3311     2.2986  0.000e+00
     28.173   64.66888 -168.23718     28.453     6.0097     6.0081     6.0075    31.8168    31.8279  1025.1686    25.0372    292.137    278.536  307.36514     95.046     90.624     0.3724     1.8864     3.8559     0.8024 1.1467e+00       3312     2.2993  0.000e+00
     28.212   64.66888 -168.23718     28.492     6.0093     6.0079     6.0070    31.8168    31.8281  1025.1689    25.0373    292.137    278.554  307.36828     95.045     90.630     0.3712     1.8791     3.8559     0.8024 1.1467e+00       3313     2.3000  0.000e+00
     28.173   64.66888 -168.23718     28.453     6.0099     6.0085     6.0076    31.8168    31.8281  1025.1687    25.0372    292.098    278.567  307.36394     95.033     90.636     0.3724     1.8864     3.8559     0.8024 1.1503e+00       3314     2.3007  0.000e+00
     28.158   64.66888 -168.23718     28.438     6.0104     6.0086     6.0081    31.8170    31.8279  1025.1686    25.0372    292.090    278.584  307.35996     95.032     90.641     0.3712     1.8791     3.8559     0.8024 1.1503e+00       3315     2.3014  0.000e+00
     28.042   64.66888 -168.23718     28.321     6.0107     6.0089     6.0084    31.8171    31.8274  1025.1681    25.0373    292.081    278.598  307.35751     95.030     90.646     0.3724     1.8864     3.8559     0.8024 1.1503e+00       3316     2.3021  0.000e+00
     28.289   64.66888 -168.23718     28.570     6.0101     6.0089     6.0079    31.8169    31.8275  1025.1692    25.0372    292.291    278.626  307.36191     95.097     90.655     0.3712     1.8791     3.8559     0.8024 1.1503e+00       3317     2.3028  0.000e+00
     28.096   64.66888 -168.23718     28.375     6.0096     6.0091     6.0073    31.8175    31.8274  1025.1689    25.0378    292.116    278.620  307.36453     95.039     90.654     0.3724     1.8864     3.8559     0.8024 1.1467e+00       3318     2.3035  0.000e+00
     28.173   64.66888 -168.23718     28.453     6.0094     6.0096     6.0072    31.8179    31.8274  1025.1696    25.0381    292.149    278.462  307.36470     95.050     90.603     0.3724     1.8864     3.8559     0.8024 1.1503e+00       3319     2.3042  0.000e+00
     28.096   64.66888 -168.23718     28.375     6.0089     6.0102     6.0067    31.8182    31.8270  1025.1695    25.0383    292.152    278.618  307.36788     95.049     90.655     0.3700     1.8718     3.8559     0.8024 1.1611e+00       3320     2.3049  0.000e+00
