INSTRUMENT_TYPE=SBE4
SERIALNO=4367
CCALDATE=09-Dec-15
CG=-9.89163204e+000
CH= 1.40010984e+000
CI= 7.32856652e-004
CJ= 8.85372922e-006
CTCOR= 3.25000e-006
CPCOR=-9.57000e-008
