INSTRUMENT_TYPE=SBE4
SERIALNO=4367
CCALDATE=06-Jan-17
CG=-9.80972120e+000
CH= 1.39223256e+000
CI=-1.00319165e-003
CJ= 1.36546078e-004
CTCOR= 3.25000e-006
CPCOR=-9.57000e-008
