INSTRUMENT_TYPE=SBE4
SERIALNO=4367
CCALDATE=28-Dec-18
CG=-9.80928456e+000
CH= 1.39159346e+000
CI=-7.57450115e-004
CJ= 1.22554287e-004
CTCOR= 3.25000e-006
CPCOR=-9.57000e-008
