INSTRUMENT_TYPE=SBE4
SERIALNO=4367
CCALDATE=06-Feb-20
CG=-9.81675063e+000
CH= 1.39402433e+000
CI=-1.38908980e-003
CJ= 1.71074236e-004
CTCOR= 3.25000e-006
CPCOR=-9.57000e-008
