INSTRUMENT_TYPE=SBE4
SERIALNO=4367
CCALDATE=25-Jan-22
CG=-9.79869558e+000
CH= 1.38846013e+000
CI=-2.83410392e-007
CJ= 7.37324840e-005
CTCOR= 3.25000e-006
CPCOR=-9.57000e-008
