INSTRUMENT_TYPE=SBE43
SERIALNO=3706
OCALDATE=08-Jun-19
SOC= 4.793125e-001
VOFFSET=-4.853535e-001
A=-3.590363e-003
B= 1.280450e-004
C=-1.594415e-006
E= 3.600000e-002
Tau20= 1.160000e+000
