INSTRUMENT_TYPE=SBE43
SERIALNO=3706
OCALDATE=03-Mar-21
SOC= 4.494235e-001
VOFFSET=-4.861756e-001
A=-4.880344e-003
B= 1.956612e-004
C=-3.039602e-006
E= 3.600000e-002
Tau20= 1.280000e+000
