INSTRUMENT_TYPE=SBE43
SERIALNO=3706
OCALDATE=23-Feb-23
SOC= 4.585067e-001
VOFFSET=-4.879152e-001
A=-4.264849e-003
B= 1.545099e-004
C=-2.176189e-006
E= 3.600000e-002
Tau20= 1.470000e+000
