INSTRUMENT_TYPE=SBE3
SERIALNO=5773
TCALDATE=08-Dec-15
TG= 4.35204624e-003
TH= 6.29426555e-004
TI= 1.96308712e-005
TJ= 1.42894126e-006
TF0=1000.0
