INSTRUMENT_TYPE=SBE3
SERIALNO=5773
TCALDATE=05-May-15
TG= 4.35205932e-003
TH= 6.29422572e-004
TI= 1.96157929e-005
TJ= 1.42358822e-006
TF0=1000.0
