INSTRUMENT_TYPE=SBE3
SERIALNO=5773
TCALDATE=19-Apr-17
TG= 4.35202619e-003
TH= 6.29384584e-004
TI= 1.95931257e-005
TJ= 1.41796236e-006
TF0=1000.0
