INSTRUMENT_TYPE=SBE3
SERIALNO=5773
TCALDATE=29-Dec-18
TG= 4.35217387e-003
TH= 6.29694163e-004
TI= 1.98090911e-005
TJ= 1.46770779e-006
TF0=1000.0
