INSTRUMENT_TYPE=SBE3
SERIALNO=5773
TCALDATE=30-Jan-20
TG= 4.35228597e-003
TH= 6.29925088e-004
TI= 1.99607626e-005
TJ= 1.50121759e-006
TF0=1000.0
