INSTRUMENT_TYPE=SBE3
SERIALNO=5773
TCALDATE=13-Jan-22
TG= 4.35229577e-003
TH= 6.29952237e-004
TI= 1.99761771e-005
TJ= 1.50404411e-006
TF0=1000.0
