INSTRUMENT_TYPE=SBE4
SERIALNO=0369
CCALDATE=06-May-15
CG=-4.28668149e+000
CH= 5.38004803e-001
CI=-2.50705323e-003
CJ= 1.66203771e-004
CTCOR= 3.25000e-006
CPCOR=-9.57000e-008
