INSTRUMENT_TYPE=SBE4
SERIALNO=0369
CCALDATE=27-Dec-18
CG=-4.28477499e+000
CH= 5.37458866e-001
CI=-2.41799867e-003
CJ= 1.61828234e-004
CTCOR= 3.25000e-006
CPCOR=-9.57000e-008
