INSTRUMENT_TYPE=SBE4
SERIALNO=0369
CCALDATE=06-Mar-18
CG=-4.28680021e+000
CH= 5.37894483e-001
CI=-2.49638715e-003
CJ= 1.65811500e-004
CTCOR= 3.25000e-006
CPCOR=-9.57000e-008
