INSTRUMENT_TYPE=SBE4
SERIALNO=0369
CCALDATE=13-Feb-20
CG=-4.28941001e+000
CH= 5.38398275e-001
CI=-2.56677711e-003
CJ= 1.69226660e-004
CTCOR= 3.25000e-006
CPCOR=-9.57000e-008
