INSTRUMENT_TYPE=SBE4
SERIALNO=0369
CCALDATE=21-Jan-22
CG=-4.27508521e+000
CH= 5.35486639e-001
CI=-2.10747157e-003
CJ= 1.49783814e-004
CTCOR= 3.25000e-006
CPCOR=-9.57000e-008
