INSTRUMENT_TYPE=SBE3
SERIALNO=6177
TCALDATE=30-Jan-20
TG= 4.35450935e-003
TH= 6.38033080e-004
TI= 2.26612163e-005
TJ= 2.16361245e-006
TF0=1000.0
