INSTRUMENT_TYPE=SBE3
SERIALNO=6177
TCALDATE=16-Jan-22
TG= 4.35445246e-003
TH= 6.37891881e-004
TI= 2.25568033e-005
TJ= 2.14205519e-006
TF0=1000.0
