EcoFOCI/data/1_SampleCollection/2022_GOA-OA_CruiseData/CTD_raw_BottleFile_RC0083/RC0083_099.cnv
* Sea-Bird SBE 9 Data File:
* FileName = C:\Data\RC0083ctd\RC0083_099.hex
* Software Version Seasave V 7.26.7.107
* Temperature SN = 2060
* Conductivity SN = 2881
* Number of Bytes Per Scan = 31
* Number of Voltage Words = 4
* Number of Scans Averaged by the Deck Unit = 1
* NMEA Latitude = 56 29.51 N
* NMEA Longitude = 132 43.97 W
* NMEA UTC (Time) = Aug 22 2022  23:31:32
* NMEA baud rate = 4800
** Ship: R/V Rachel Carson
** Cruise ID: RC0083
** Tech: McHugh/Nomura
** Chief Scientist: Cross
** Station: FWI7
** Cast:  CTD099
# nquan = 19
# nvalues = 9763                                  
# units = specified
# name 0 = latitude: Latitude [deg]
# name 1 = longitude: Longitude [deg]
# name 2 = sfdSM: Seafloor depth [salt water, m]
# name 3 = prDM: Pressure, Digiquartz [db]
# name 4 = depSM: Depth [salt water, m]
# name 5 = t090C: Temperature [ITS-90, deg C]
# name 6 = sal00: Salinity, Practical [PSU]
# name 7 = density00: Density [density, kg/m^3]
# name 8 = sigma-é00: Density [sigma-theta, kg/m^3]
# name 9 = potemp090C: Potential Temperature [ITS-90, deg C]
# name 10 = sbeox0PS: Oxygen, SBE 43 [% saturation]
# name 11 = CStarTr0: Beam Transmission, WET Labs C-Star [%]
# name 12 = flECO-AFL: Fluorescence, WET Labs ECO-AFL/FL [mg/m^3]
# name 13 = ph: pH
# name 14 = sbeox0ML/L: Oxygen, SBE 43 [ml/l]
# name 15 = sbeox0Mg/L: Oxygen, SBE 43 [mg/l]
# name 16 = sbox0Mm/Kg: Oxygen, SBE 43 [umol/kg]
# name 17 = sbeox0Mm/L: Oxygen, SBE 43 [umol/l]
# name 18 = flag:  0.000e+00
# span 0 =   56.49138,   56.49186                 
# span 1 = -132.73392, -132.73278                 
# span 2 =      3.031,    145.229                 
# span 3 =      2.324,    133.803                 
# span 4 =      2.303,    132.536                 
# span 5 =   -98.9762,    98.9762                 
# span 6 =     7.0813,    51.9669                 
# span 7 =   797.5634,  1026.0901                 
# span 8 =  -202.1064,    25.4768                 
# span 9 =   -98.9456,    98.9623                 
# span 10 =     -2.282,   1299.010                
# span 11 =    18.4597,    92.0740                
# span 12 =     0.0581,     8.7321                
# span 13 =      7.645,      8.589                
# span 14 = -1286.0198,     8.0288                
# span 15 = -1837.8509,    11.4740                
# span 16 = -71981.584,    355.499                
# span 17 = -57433.645,    358.568                
# span 18 = 0.0000e+00, 0.0000e+00                
# interval = seconds: 0.0416667
# start_time = Aug 22 2022 23:31:32 [NMEA time, header]
# bad_flag = -9.990e-29
*END*
[from data line 8762]
   56.49142 -132.73378    119.620     19.802     19.620     8.0405    30.4061  1023.7536    23.6628     8.0387     46.451    91.3189     0.4390      7.801     3.1559     4.5101    137.686    140.944  0.000e+00
   56.49142 -132.73378    118.840     19.681     19.500     8.0368    30.4136  1023.7595    23.6693     8.0350     46.447    91.3189     0.4390      7.801     3.1558     4.5100    137.680    140.938  0.000e+00
   56.49142 -132.73378    118.132     19.681     19.500     8.0279    30.4299  1023.7735    23.6833     8.0261     46.445    91.3189     0.4390      7.801     3.1560     4.5102    137.684    140.945  0.000e+00
   56.49142 -132.73378    118.034     19.681     19.500     8.0211    30.4428  1023.7845    23.6943     8.0193     46.442    91.3189     0.4976      7.801     3.1560     4.5102    137.684    140.946  0.000e+00
   56.49142 -132.73378    118.027     19.624     19.444     8.0239    30.4394  1023.7812    23.6913     8.0220     46.444    91.3189     0.5562      7.801     3.1560     4.5102    137.684    140.946  0.000e+00
   56.49142 -132.73378    118.020     19.567     19.388     8.0271    30.4354  1023.7774    23.6877     8.0253     46.446    91.3189     0.5562      7.801     3.1560     4.5102    137.684    140.945  0.000e+00
   56.49142 -132.73378    118.020     19.567     19.388     8.0245    30.4363  1023.7784    23.6888     8.0227     46.505    91.3189     0.5562      7.801     3.1601     4.5161    137.865    141.131  0.000e+00
   56.49142 -132.73378    117.932     19.503     19.324     8.0427    30.4118  1023.7564    23.6670     8.0409     46.511    91.3189     0.5562      7.801     3.1597     4.5156    137.851    141.114  0.000e+00
   56.49142 -132.73378    117.932     19.503     19.324     8.0574    30.3903  1023.7375    23.6481     8.0556     46.517    91.3189     0.5269      7.801     3.1596     4.5153    137.846    141.106  0.000e+00
   56.49142 -132.73378    106.332     19.503     19.324     8.0623    30.3877  1023.7348    23.6454     8.0604     46.524    91.3189     0.5562      7.801     3.1598     4.5156    137.855    141.115  0.000e+00
   56.49142 -132.73378     53.392     19.382     19.204     8.0564    30.4050  1023.7486    23.6598     8.0546     46.476    91.3189     0.5269      7.801     3.1565     4.5110    137.712    140.970  0.000e+00
   56.49142 -132.73378     31.209     19.422     19.244     8.0441    30.4239  1023.7653    23.6763     8.0423     46.535    91.3189     0.5562      7.801     3.1610     4.5174    137.906    141.171  0.000e+00
   56.49142 -132.73378     30.022     19.382     19.204     8.0499    30.4014  1023.7467    23.6579     8.0481     46.541    91.2909     0.5562      7.801     3.1615     4.5181    137.929    141.192  0.000e+00
   56.49142 -132.73378     32.188     19.325     19.148     8.0801    30.3407  1023.6946    23.6060     8.0783     46.601    91.2909     0.5562      7.801     3.1646     4.5226    138.073    141.332  0.000e+00
   56.49142 -132.73378     32.987     19.269     19.092     8.1035    30.3013  1023.6602    23.5719     8.1017     46.548    91.3189     0.5562      7.801     3.1602     4.5162    137.884    141.134  0.000e+00
   56.49142 -132.73378     33.011     19.269     19.092     8.0940    30.3249  1023.6800    23.5917     8.0922     46.499    91.3189     0.5562      7.801     3.1570     4.5117    137.744    140.994  0.000e+00
   56.49142 -132.73378     32.913     19.269     19.092     8.0752    30.3691  1023.7173    23.6290     8.0734     46.551    91.3189     0.5562      7.801     3.1610     4.5174    137.912    141.170  0.000e+00
   56.49142 -132.73378     32.825     19.204     19.027     8.0525    30.4183  1023.7588    23.6708     8.0508     46.608    91.3189     0.5269      7.801     3.1655     4.5238    138.102    141.371  0.000e+00
   56.49142 -132.73378     32.769     19.147     18.971     8.0274    30.4668  1023.8000    23.7123     8.0256     46.559    91.3189     0.5562      7.801     3.1630     4.5202    137.986    141.258  0.000e+00
   56.49142 -132.73378     32.769     19.147     18.971     8.0067    30.5031  1023.8314    23.7437     8.0049     46.559    91.2909     0.5562      7.801     3.1637     4.5212    138.014    141.291  0.000e+00
   56.49142 -132.73378     32.713     19.091     18.915     7.9970    30.5191  1023.8450    23.7575     7.9952     46.613    91.3189     0.5269      7.801     3.1677     4.5270    138.189    141.472  0.000e+00
   56.49142 -132.73378     32.769     19.147     18.971     7.9950    30.5205  1023.8467    23.7589     7.9932     46.616    91.3189     0.5562      7.801     3.1681     4.5275    138.203    141.487  0.000e+00
   56.49142 -132.73378     32.649     19.026     18.851     7.9916    30.5262  1023.8510    23.7638     7.9898     46.624    91.3189     0.5269      7.801     3.1687     4.5285    138.231    141.516  0.000e+00
   56.49142 -132.73378     32.625     19.002     18.827     7.9800    30.5507  1023.8718    23.7847     7.9783     46.633    91.3189     0.5269      7.801     3.1697     4.5298    138.269    141.557  0.000e+00
   56.49142 -132.73378     32.593     18.970     18.795     7.9690    30.5700  1023.8883    23.8013     7.9673     46.641    91.3189     0.5562      7.801     3.1706     4.5311    138.308    141.600  0.000e+00
   56.49142 -132.73378     32.593     18.970     18.795     7.9625    30.5710  1023.8900    23.8031     7.9608     46.649    91.3189     0.5562      7.801     3.1716     4.5325    138.349    141.642  0.000e+00
   56.49142 -132.73378     38.634     18.905     18.731     7.9772    30.5303  1023.8558    23.7691     7.9755     46.653    91.2909     0.5269      7.801     3.1716     4.5326    138.357    141.646  0.000e+00
   56.49142 -132.73378     90.893     18.905     18.731     8.0269    30.4337  1023.7731    23.6864     8.0251     46.709    91.3189     0.5562      7.801     3.1739     4.5358    138.467    141.747  0.000e+00
   56.49142 -132.73378    116.771     18.848     18.675     8.0616    30.3686  1023.7169    23.6305     8.0599     46.710    91.3189     0.5269      7.801     3.1728     4.5343    138.426    141.698  0.000e+00
   56.49142 -132.73378    118.675     18.848     18.675     8.0807    30.3342  1023.6872    23.6008     8.0790     46.712    91.3189     0.5562      7.801     3.1723     4.5335    138.407    141.673  0.000e+00
   56.49142 -132.73378    116.990     18.848     18.675     8.1039    30.2850  1023.6454    23.5590     8.1022     46.663    91.2909     0.5562      7.801     3.1682     4.5277    138.237    141.494  0.000e+00
   56.49142 -132.73378    115.933     18.792     18.619     8.1297    30.2302  1023.5985    23.5124     8.1280     46.718    91.2629     0.5562      7.800     3.1713     4.5321    138.376    141.630  0.000e+00
   56.49142 -132.73378    115.835     18.792     18.619     8.1362    30.2134  1023.5845    23.4984     8.1345     46.719    91.2629     0.5562      7.800     3.1712     4.5320    138.375    141.627  0.000e+00
   56.49142 -132.73378    115.813     18.671     18.499     8.1314    30.2250  1023.5937    23.5081     8.1297     46.719    91.2350     0.5269      7.800     3.1713     4.5322    138.379    141.632  0.000e+00
   56.49142 -132.73378    115.894     18.703     18.531     8.1257    30.2400  1023.6064    23.5207     8.1239     46.782    91.2629     0.5562      7.800     3.1757     4.5384    138.567    141.826  0.000e+00
   56.49142 -132.73378    115.862     18.671     18.499     8.1264    30.2431  1023.6086    23.5230     8.1246     46.792    91.2350     0.5562      7.800     3.1763     4.5392    138.593    141.853  0.000e+00
   56.49142 -132.73378    115.806     18.614     18.443     8.1299    30.2382  1023.6040    23.5187     8.1282     46.801    91.2350     0.5562      7.800     3.1767     4.5399    138.613    141.873  0.000e+00
   56.49142 -132.73378    115.806     18.614     18.443     8.1227    30.2593  1023.6215    23.5362     8.1210     46.810    91.2350     0.5269      7.800     3.1775     4.5409    138.642    141.905  0.000e+00
   56.49142 -132.73378     67.479     18.614     18.443     8.1038    30.3051  1023.6601    23.5748     8.1021     46.820    91.2350     0.5269      7.801     3.1785     4.5424    138.684    141.953  0.000e+00
   56.49142 -132.73378     25.210     18.493     18.323     8.0945    30.3288  1023.6794    23.5947     8.0928     46.827    91.2629     0.5562      7.801     3.1792     4.5434    138.710    141.982  0.000e+00
   56.49142 -132.73378     18.323     18.493     18.323     8.0921    30.3275  1023.6787    23.5940     8.0904     46.889    91.2350     0.5562      7.801     3.1836     4.5497    138.902    142.179  0.000e+00
   56.49142 -132.73378     19.080     18.493     18.323     8.1051    30.2884  1023.6462    23.5615     8.1033     46.898    91.2629     0.5562      7.801     3.1841     4.5504    138.928    142.201  0.000e+00
   56.49142 -132.73378     20.726     18.428     18.259     8.1281    30.2306  1023.5974    23.5130     8.1264     46.904    91.2629     0.5562      7.800     3.1840     4.5503    138.933    142.199  0.000e+00
   56.49142 -132.73378     21.019     18.428     18.259     8.1476    30.1877  1023.5611    23.4766     8.1459     46.916    91.2350     0.5269      7.800     3.1843     4.5507    138.950    142.212  0.000e+00
   56.49142 -132.73378     20.897     18.404     18.235     8.1684    30.1492  1023.5279    23.4435     8.1667     46.921    91.2350     0.4976      7.800     3.1839     4.5502    138.937    142.195  0.000e+00
   56.49142 -132.73378     20.792     18.372     18.203     8.2102    30.0937  1023.4783    23.3941     8.2085     46.922    91.2629     0.4683      7.800     3.1821     4.5476    138.866    142.114  0.000e+00
   56.49142 -132.73378     20.711     18.315     18.147     8.2192    30.0789  1023.4652    23.3813     8.2175     46.925    91.2350     0.4683      7.800     3.1820     4.5474    138.862    142.109  0.000e+00
   56.49142 -132.73378     20.736     18.315     18.147     8.2216    30.0784  1023.4644    23.3805     8.2199     46.984    91.2350     0.4683      7.800     3.1858     4.5529    139.029    142.280  0.000e+00
   56.49142 -132.73378     20.672     18.251     18.083     8.2177    30.0928  1023.4760    23.3923     8.2160     46.991    91.2350     0.4683      7.800     3.1863     4.5536    139.049    142.302  0.000e+00
   56.49142 -132.73378     20.672     18.251     18.083     8.1962    30.1319  1023.5096    23.4260     8.1945     47.056    91.2350     0.4683      7.800     3.1915     4.5609    139.268    142.530  0.000e+00
   56.49142 -132.73378     20.616     18.194     18.027     8.1635    30.1855  1023.5560    23.4726     8.1618     47.070    91.2070     0.4976      7.800     3.1936     4.5640    139.357    142.628  0.000e+00
   56.49142 -132.73378     20.616     18.194     18.027     8.1410    30.2256  1023.5906    23.5072     8.1393     47.081    91.0672     0.4683      7.800     3.1952     4.5662    139.420    142.697  0.000e+00
   56.49142 -132.73378     20.552     18.130     17.963     8.1380    30.2298  1023.5940    23.5109     8.1363     47.088    91.0112     0.4976      7.800     3.1958     4.5671    139.445    142.724  0.000e+00
   56.49142 -132.73378     20.552     18.130     17.963     8.1341    30.2313  1023.5958    23.5127     8.1324     47.093    90.9833     0.4683      7.800     3.1964     4.5680    139.473    142.752  0.000e+00
   56.49142 -132.73378     20.472     18.049     17.883     8.1356    30.2311  1023.5950    23.5123     8.1339     47.152    91.0112     0.4683      7.800     3.2003     4.5736    139.642    142.926  0.000e+00
   56.49142 -132.73378     38.298     18.073     17.907     8.1793    30.1671  1023.5388    23.4560     8.1776     47.161    91.0112     0.4683      7.800     3.1991     4.5718    139.596    142.870  0.000e+00
   56.49142 -132.73378     96.923     18.016     17.851     8.2469    30.0719  1023.4544    23.3718     8.2452     47.221    91.0112     0.4683      7.800     3.2002     4.5734    139.657    142.921  0.000e+00
   56.49142 -132.73378    117.851     18.016     17.851     8.2559    30.0546  1023.4395    23.3570     8.2542     47.235    91.0112     0.4976      7.800     3.2009     4.5744    139.690    142.953  0.000e+00
   56.49142 -132.73378    117.787     17.952     17.787     8.2503    30.0646  1023.4479    23.3657     8.2486     47.249    91.0112     0.4976      7.800     3.2021     4.5761    139.739    143.004  0.000e+00
   56.49142 -132.73378    117.128     17.952     17.787     8.2658    30.0531  1023.4367    23.3544     8.2641     47.197    91.0112     0.4683      7.800     3.1976     4.5698    139.548    142.807  0.000e+00
   56.49142 -132.73378    116.217     17.895     17.731     8.2518    30.0727  1023.4538    23.3718     8.2501     47.258    91.0112     0.4683      7.800     3.2024     4.5765    139.753    143.019  0.000e+00
   56.49142 -132.73378    116.217     17.895     17.731     8.2329    30.1060  1023.4826    23.4006     8.2312     47.268    91.0112     0.4683      7.800     3.2038     4.5785    139.808    143.080  0.000e+00
   56.49142 -132.73378    116.283     17.839     17.675     8.2195    30.1332  1023.5055    23.4238     8.2178     47.282    91.0112     0.4976      7.800     3.2051     4.5803    139.862    143.138  0.000e+00
   56.49142 -132.73378    116.275     17.806     17.643     8.2171    30.1422  1023.5128    23.4312     8.2154     47.342    91.0112     0.4976      7.800     3.2091     4.5862    140.038    143.320  0.000e+00
   56.49142 -132.73378    116.243     17.774     17.611     8.2495    30.1157  1023.4872    23.4058     8.2478     47.340    91.0112     0.5856      7.800     3.2072     4.5834    139.957    143.233  0.000e+00
   56.49142 -132.73378    116.219     17.774     17.611     8.3190    30.0500  1023.4259    23.3445     8.3173     47.393    91.0112     0.6149      7.800     3.2071     4.5833    139.962    143.229  0.000e+00
   56.49142 -132.73378    116.163     17.718     17.555     8.4634    29.9024  1023.2894    23.2083     8.4617     47.391    91.0112     0.6149      7.799     3.1996     4.5725    139.652    142.893  0.000e+00
   56.49142 -132.73378    109.423     17.718     17.555     8.6082    29.7522  1023.1509    23.0698     8.6065     47.381    91.0112     0.5856      7.804     3.1916     4.5611    139.322    142.536  0.000e+00
   56.49142 -132.73378     65.159     17.653     17.491     8.6781    29.6763  1023.0811    23.0003     8.6764     47.432    91.0112     0.5856      7.799     3.1916     4.5611    139.332    142.537  0.000e+00
   56.49142 -132.73378     44.646     17.653     17.491     8.6956    29.6501  1023.0580    22.9773     8.6938     47.444    91.0112     0.5856      7.799     3.1917     4.5612    139.338    142.539  0.000e+00
   56.49142 -132.73378     42.978     17.596     17.435     8.6717    29.6677  1023.0750    22.9945     8.6699     47.513    91.0112     0.6149      7.799     3.1977     4.5698    139.597    142.807  0.000e+00
   56.49142 -132.73378     44.834     17.596     17.435     8.6309    29.7131  1023.1164    23.0360     8.6292     47.531    91.1790     0.6149      7.804     3.2009     4.5744    139.733    142.952  0.000e+00
   56.49142 -132.73378     45.552     17.508     17.347     8.6002    29.7514  1023.1504    23.0703     8.5986     47.546    91.3189     0.6149      7.799     3.2033     4.5778    139.833    143.059  0.000e+00
   56.49142 -132.73378     45.633     17.540     17.379     8.5932    29.7620  1023.1599    23.0797     8.5915     47.555    91.3189     0.6149      7.799     3.2042     4.5792    139.873    143.101  0.000e+00
   56.49142 -132.73378     45.496     17.475     17.315     8.5882    29.7631  1023.1612    23.0813     8.5865     47.562    91.3189     0.6149      7.804     3.2050     4.5803    139.906    143.135  0.000e+00
   56.49142 -132.73378     45.471     17.475     17.315     8.5819    29.7665  1023.1648    23.0848     8.5802     47.566    91.3189     0.6149      7.804     3.2057     4.5812    139.934    143.165  0.000e+00
