EcoFOCI/data/1_SampleCollection/2022_GOA-OA_CruiseData/CTD_raw_BottleFile_RC0083/RC0083_025.ros
* Sea-Bird SBE 9 Data File:
* FileName = C:\Data\RC0083ctd\RC0083_025.hex
* Software Version Seasave V 7.26.7.107
* Temperature SN = 2060
* Conductivity SN = 1084
* Number of Bytes Per Scan = 31
* Number of Voltage Words = 4
* Number of Scans Averaged by the Deck Unit = 1
* NMEA Latitude = 56 31.10 N
* NMEA Longitude = 136 15.19 W
* NMEA UTC (Time) = Aug 15 2022  00:24:06
* NMEA baud rate = 4800
** Ship: R/V Rachel Carson
** Cruise ID: RC0083
** Tech: McHugh/Nomura
** Chief Scientist: Cross
** Station: SEC05
** Cast:  CTD025
# nquan = 21
# nvalues = 588                                   
# units = specified
# name 0 = latitude: Latitude [deg]
# name 1 = longitude: Longitude [deg]
# name 2 = sfdSM: Seafloor depth [salt water, m]
# name 3 = prDM: Pressure, Digiquartz [db]
# name 4 = depSM: Depth [salt water, m]
# name 5 = t090C: Temperature [ITS-90, deg C]
# name 6 = sal00: Salinity, Practical [PSU]
# name 7 = density00: Density [density, kg/m^3]
# name 8 = sigma-é00: Density [sigma-theta, kg/m^3]
# name 9 = potemp090C: Potential Temperature [ITS-90, deg C]
# name 10 = sbeox0PS: Oxygen, SBE 43 [% saturation]
# name 11 = CStarTr0: Beam Transmission, WET Labs C-Star [%]
# name 12 = flECO-AFL: Fluorescence, WET Labs ECO-AFL/FL [mg/m^3]
# name 13 = ph: pH
# name 14 = sbeox0ML/L: Oxygen, SBE 43 [ml/l]
# name 15 = sbeox0Mg/L: Oxygen, SBE 43 [mg/l]
# name 16 = sbox0Mm/Kg: Oxygen, SBE 43 [umol/kg]
# name 17 = sbeox0Mm/L: Oxygen, SBE 43 [umol/l]
# name 18 = scan: Scan Count
# name 19 = nbf: Bottles Fired
# name 20 = flag:  0.000e+00
# interval = seconds: 0.0416667
# start_time = Aug 15 2022 00:24:06 [NMEA time, header]
# bad_flag = -9.990e-29
*END*
[from data line 552]
   56.52178 -136.26862    102.241      3.543      3.510    14.8785    32.0418  1023.7342    23.7185    14.8780    103.549    96.2414     1.2302      8.333     6.0174     8.5995    262.511    268.737      99206         12  0.000e+00
   56.52178 -136.26862    102.024      3.325      3.294    14.8810    32.0413  1023.7323    23.7176    14.8805    103.543    96.1855     1.2302      8.333     6.0168     8.5985    262.483    268.708      99207         12  0.000e+00
   56.52178 -136.26862    102.160      3.486      3.454    14.8834    32.0407  1023.7320    23.7166    14.8829    103.542    96.1575     1.2302      8.333     6.0164     8.5981    262.469    268.694      99208         12  0.000e+00
   56.52178 -136.26862    102.064      3.389      3.358    14.8868    32.0400  1023.7303    23.7153    14.8863    103.591    96.1575     1.2302      8.332     6.0189     8.6016    262.577    268.804      99209         12  0.000e+00
   56.52178 -136.26862    101.984      3.309      3.278    14.8902    32.0398  1023.7291    23.7145    14.8898    103.598    96.1575     1.2302      8.332     6.0189     8.6016    262.578    268.804      99210         12  0.000e+00
   56.52178 -136.26862    102.025      3.325      3.294    14.8936    32.0398  1023.7285    23.7138    14.8931    103.550    96.1575     1.2302      8.332     6.0157     8.5970    262.436    268.660      99211         12  0.000e+00
   56.52178 -136.26862    101.920      3.244      3.214    14.8969    32.0401  1023.7276    23.7132    14.8965    103.600    96.1575     1.2302      8.332     6.0182     8.6006    262.548    268.774      99212         12  0.000e+00
   56.52178 -136.26862    101.945      3.244      3.214    14.8986    32.0396  1023.7269    23.7125    14.8981    103.553    96.1575     1.2302      8.332     6.0153     8.5964    262.419    268.641      99213         12  0.000e+00
   56.52178 -136.26862    101.905      3.204      3.174    14.8988    32.0389  1023.7261    23.7119    14.8984    103.552    96.1575     1.2302      8.332     6.0152     8.5964    262.418    268.641      99214         12  0.000e+00
   56.52178 -136.26862    101.889      3.188      3.158    14.8982    32.0391  1023.7263    23.7122    14.8977    103.558    96.1575     1.2302      8.332     6.0157     8.5970    262.437    268.660      99215         12  0.000e+00
   56.52178 -136.26862    101.849      3.147      3.118    14.8974    32.0381  1023.7255    23.7116    14.8970    103.560    96.1575     1.2302      8.332     6.0159     8.5973    262.446    268.669      99216         12  0.000e+00
   56.52178 -136.26862    101.825      3.123      3.094    14.8921    32.0380  1023.7264    23.7126    14.8916    103.562    96.1575     1.2302      8.332     6.0167     8.5984    262.480    268.704      99217         12  0.000e+00
   56.52178 -136.26862    101.768      3.091      3.062    14.8870    32.0402  1023.7291    23.7154    14.8866    103.565    96.1575     1.2302      8.332     6.0173     8.5994    262.509    268.735      99218         12  0.000e+00
   56.52178 -136.26862    101.744      3.066      3.038    14.8922    32.0400  1023.7278    23.7142    14.8917    103.568    96.1575     1.2009      8.332     6.0169     8.5988    262.491    268.716      99219         12  0.000e+00
   56.52178 -136.26862    101.793      3.091      3.062    14.8993    32.0393  1023.7258    23.7121    14.8988    103.573    96.1575     1.2009      8.332     6.0164     8.5980    262.467    268.691      99220         12  0.000e+00
   56.52178 -136.26862    101.688      3.010      2.982    14.9027    32.0391  1023.7245    23.7112    14.9022    103.577    96.1575     1.2009      8.332     6.0162     8.5977    262.460    268.683      99221         12  0.000e+00
   56.52178 -136.26862    101.729      3.026      2.998    14.9047    32.0389  1023.7240    23.7106    14.9043    103.583    96.1575     1.2009      8.332     6.0163     8.5979    262.464    268.687      99222         12  0.000e+00
   56.52178 -136.26862    101.649      2.945      2.918    14.9055    32.0381  1023.7229    23.7099    14.9051    103.640    96.1575     1.2009      8.332     6.0196     8.6026    262.608    268.834      99223         12  0.000e+00
   56.52178 -136.26862    101.729      3.026      2.998    14.9062    32.0383  1023.7233    23.7099    14.9058    103.600    96.1575     1.2009      8.332     6.0172     8.5991    262.503    268.726      99224         12  0.000e+00
   56.52178 -136.26862    101.649      2.945      2.918    14.9072    32.0380  1023.7224    23.7094    14.9068    103.607    96.1575     1.2009      8.332     6.0174     8.5995    262.514    268.738      99225         12  0.000e+00
   56.52178 -136.26862    101.673      2.970      2.942    14.9079    32.0372  1023.7218    23.7086    14.9075    103.610    96.1575     1.2009      8.332     6.0175     8.5997    262.519    268.743      99226         12  0.000e+00
   56.52178 -136.26862    101.649      2.945      2.918    14.9065    32.0374  1023.7221    23.7091    14.9061    103.613    96.2414     1.2009      8.332     6.0179     8.6001    262.533    268.758      99227         12  0.000e+00
   56.52178 -136.26862    101.609      2.905      2.878    14.9052    32.0366  1023.7216    23.7087    14.9048    103.616    96.4092     1.2009      8.332     6.0182     8.6007    262.549    268.774      99228         12  0.000e+00
   56.52178 -136.26862    101.649      2.945      2.919    14.9020    32.0373  1023.7230    23.7100    14.9016    103.620    96.4372     1.2009      8.332     6.0189     8.6015    262.576    268.802      99229         12  0.000e+00
   56.52178 -136.26862    101.673      2.970      2.943    14.8991    32.0374  1023.7238    23.7107    14.8987    103.678    96.4372     1.2009      8.332     6.0225     8.6068    262.737    268.966      99230         12  0.000e+00
   56.52178 -136.26862    101.649      2.945      2.919    14.8978    32.0380  1023.7244    23.7114    14.8974    103.687    96.4092     1.2009      8.332     6.0232     8.6078    262.766    268.997      99231         12  0.000e+00
   56.52178 -136.26862    101.673      2.970      2.943    14.8972    32.0385  1023.7251    23.7120    14.8968    103.697    96.4092     1.2009      8.332     6.0239     8.6087    262.794    269.025      99232         12  0.000e+00
   56.52178 -136.26862    101.649      2.946      2.919    14.8969    32.0389  1023.7254    23.7123    14.8965    103.707    96.4092     1.2009      8.332     6.0244     8.6095    262.819    269.051      99233         12  0.000e+00
   56.52178 -136.26862    101.673      2.970      2.943    14.8987    32.0391  1023.7253    23.7121    14.8983    103.717    96.4092     1.2009      8.332     6.0248     8.6101    262.836    269.069      99234         12  0.000e+00
   56.52178 -136.26862    101.713      3.010      2.983    14.9014    32.0386  1023.7244    23.7111    14.9009    103.723    96.4092     1.2009      8.332     6.0249     8.6101    262.838    269.070      99235         12  0.000e+00
   56.52178 -136.26862    101.704      3.026      2.999    14.9024    32.0375  1023.7234    23.7100    14.9019    103.728    96.4092     1.2009      8.332     6.0251     8.6105    262.848    269.080      99236         12  0.000e+00
   56.52178 -136.26862    101.769      3.067      3.039    14.8998    32.0371  1023.7239    23.7103    14.8993    103.734    96.4092     1.2009      8.332     6.0258     8.6114    262.877    269.110      99237         12  0.000e+00
   56.52178 -136.26862    101.729      3.026      2.999    14.8966    32.0383  1023.7253    23.7119    14.8962    103.739    96.4092     1.2009      8.332     6.0264     8.6123    262.904    269.138      99238         12  0.000e+00
   56.52178 -136.26862    101.769      3.067      3.039    14.8959    32.0387  1023.7260    23.7124    14.8954    103.745    96.4092     1.1716      8.332     6.0268     8.6129    262.921    269.156      99239         12  0.000e+00
   56.52178 -136.26864    101.768      3.091      3.063    14.8961    32.0390  1023.7262    23.7125    14.8957    103.750    96.4092     1.1130      8.332     6.0271     8.6133    262.934    269.168      99240         12  0.000e+00
   56.52178 -136.26864    101.825      3.123      3.095    14.8960    32.0389  1023.7264    23.7125    14.8955    103.756    96.4092     1.1130      8.332     6.0274     8.6138    262.949    269.184      99241         12  0.000e+00
