EcoFOCI/data/1_SampleCollection/2022_GOA-OA_CruiseData/CTD_raw_BottleFile_RC0083/RC0083_145.cnv
* Sea-Bird SBE 9 Data File:
* FileName = C:\Data\RC0083ctd\RC0083_145.hex
* Software Version Seasave V 7.26.7.107
* Temperature SN = 2060
* Conductivity SN = 2881
* Number of Bytes Per Scan = 31
* Number of Voltage Words = 4
* Number of Scans Averaged by the Deck Unit = 1
* NMEA Latitude = 55 01.00 N
* NMEA Longitude = 131 40.33 W
* NMEA UTC (Time) = Aug 28 2022  16:06:26
* NMEA baud rate = 4800
** Ship: R/V Rachel Carson
** Cruise ID: RC0083
** Tech: McHugh/Nomura
** Chief Scientist: Cross
** Station: LCLS5
** Cast:  CTD145
# nquan = 19
# nvalues = 6671                                  
# units = specified
# name 0 = latitude: Latitude [deg]
# name 1 = longitude: Longitude [deg]
# name 2 = sfdSM: Seafloor depth [salt water, m]
# name 3 = prDM: Pressure, Digiquartz [db]
# name 4 = depSM: Depth [salt water, m]
# name 5 = t090C: Temperature [ITS-90, deg C]
# name 6 = sal00: Salinity, Practical [PSU]
# name 7 = density00: Density [density, kg/m^3]
# name 8 = sigma-é00: Density [sigma-theta, kg/m^3]
# name 9 = potemp090C: Potential Temperature [ITS-90, deg C]
# name 10 = sbeox0PS: Oxygen, SBE 43 [% saturation]
# name 11 = CStarTr0: Beam Transmission, WET Labs C-Star [%]
# name 12 = flECO-AFL: Fluorescence, WET Labs ECO-AFL/FL [mg/m^3]
# name 13 = ph: pH
# name 14 = sbeox0ML/L: Oxygen, SBE 43 [ml/l]
# name 15 = sbeox0Mg/L: Oxygen, SBE 43 [mg/l]
# name 16 = sbox0Mm/Kg: Oxygen, SBE 43 [umol/kg]
# name 17 = sbeox0Mm/L: Oxygen, SBE 43 [umol/l]
# name 18 = flag:  0.000e+00
# span 0 =   55.01666,   55.01772                 
# span 1 = -131.67298, -131.67218                 
# span 2 =     12.417,     88.477                 
# span 3 =      2.751,     73.160                 
# span 4 =      2.727,     72.487                 
# span 5 =     6.8215,    14.1386                 
# span 6 =    27.7902,    32.8158                 
# span 7 =  1020.6120,  1026.0586                 
# span 8 =    20.5972,    25.7231                 
# span 9 =     6.8152,    14.1381                 
# span 10 =     37.398,     91.816                
# span 11 =    77.8378,   103.8210                
# span 12 =    -0.0591,     7.0031                
# span 13 =      7.790,      8.364                
# span 14 =     2.5705,     5.5790                
# span 15 =     3.6735,     7.9729                
# span 16 =    111.921,    244.033                
# span 17 =    114.798,    249.157                
# span 18 = 0.0000e+00, 0.0000e+00                
# interval = seconds: 0.0416667
# start_time = Aug 28 2022 16:06:26 [NMEA time, header]
# bad_flag = -9.990e-29
*END*
[from data line 3124]
   55.01702 -131.67250     82.588     44.878     44.468     8.3817    31.8087  1024.9185    24.7137     8.3773     48.127   103.1498     0.1167      7.895     3.2152     4.5949    140.129    143.592  0.000e+00
   55.01702 -131.67250     82.588     44.878     44.468     8.3726    31.8154  1024.9252    24.7204     8.3682     48.133   103.1498     0.1167      7.895     3.2162     4.5962    140.169    143.634  0.000e+00
   55.01702 -131.67250     82.635     44.999     44.588     8.3683    31.8172  1024.9278    24.7224     8.3639     48.138   103.1498     0.1167      7.895     3.2168     4.5971    140.195    143.661  0.000e+00
   55.01702 -131.67250     82.441     44.878     44.468     8.3667    31.8185  1024.9284    24.7236     8.3623     48.090   103.1498     0.1167      7.895     3.2136     4.5926    140.057    143.520  0.000e+00
   55.01702 -131.67250     82.554     44.991     44.580     8.3646    31.8191  1024.9298    24.7245     8.3602     48.097   103.1498     0.1167      7.895     3.2142     4.5935    140.084    143.548  0.000e+00
   55.01702 -131.67250     82.626     45.064     44.652     8.3600    31.8220  1024.9330    24.7274     8.3556     48.109   103.1498     0.1167      7.895     3.2153     4.5950    140.131    143.596  0.000e+00
   55.01704 -131.67252     82.554     44.991     44.580     8.3557    31.8241  1024.9350    24.7297     8.3513     48.118   103.1498     0.1167      7.895     3.2162     4.5963    140.169    143.635  0.000e+00
   55.01704 -131.67252     82.552     45.064     44.652     8.3510    31.8271  1024.9384    24.7327     8.3466     48.132   103.1498     0.1167      7.895     3.2174     4.5980    140.222    143.690  0.000e+00
   55.01704 -131.67252     82.647     45.233     44.821     8.3472    31.8294  1024.9415    24.7351     8.3427     48.095   103.1498     0.1167      7.895     3.2152     4.5948    140.124    143.589  0.000e+00
   55.01704 -131.67252     82.527     45.112     44.701     8.3454    31.8309  1024.9424    24.7365     8.3410     48.105   103.1498     0.1167      7.895     3.2159     4.5958    140.155    143.622  0.000e+00
   55.01704 -131.67252     82.535     45.120     44.709     8.3445    31.8313  1024.9429    24.7369     8.3401     48.119   103.1498     0.1167      7.891     3.2169     4.5973    140.200    143.668  0.000e+00
   55.01704 -131.67252     82.743     45.355     44.941     8.3441    31.8312  1024.9439    24.7369     8.3397     48.133   103.1498     0.1167      7.891     3.2179     4.5987    140.241    143.710  0.000e+00
   55.01704 -131.67252     82.678     45.363     44.949     8.3441    31.8309  1024.9437    24.7367     8.3397     48.093   103.1498     0.1167      7.891     3.2152     4.5949    140.126    143.592  0.000e+00
   55.01704 -131.67252     82.501     45.233     44.821     8.3436    31.8313  1024.9435    24.7371     8.3392     48.045   103.1498     0.1167      7.891     3.2120     4.5903    139.986    143.448  0.000e+00
   55.01704 -131.67252     82.677     45.411     44.997     8.3423    31.8319  1024.9450    24.7377     8.3378     48.053   103.1498     0.1167      7.891     3.2126     4.5912    140.012    143.476  0.000e+00
   55.01704 -131.67252     82.629     45.363     44.949     8.3399    31.8330  1024.9460    24.7390     8.3354     48.063   103.1218     0.1167      7.891     3.2135     4.5924    140.050    143.514  0.000e+00
   55.01704 -131.67252     82.748     45.532     45.117     8.3355    31.8349  1024.9489    24.7411     8.3310     48.074   103.0938     0.1167      7.891     3.2144     4.5938    140.091    143.557  0.000e+00
   55.01704 -131.67252     82.650     45.532     45.117     8.3183    31.8454  1024.9597    24.7519     8.3139     48.088   103.0938     0.1167      7.891     3.2164     4.5966    140.175    143.644  0.000e+00
   55.01704 -131.67252     82.690     45.597     45.181     8.2984    31.8589  1024.9735    24.7654     8.2939     48.100   103.0938     0.1167      7.891     3.2184     4.5994    140.259    143.733  0.000e+00
   55.01704 -131.67252     82.682     45.589     45.173     8.2850    31.8674  1024.9821    24.7739     8.2806     48.115   103.0938     0.1167      7.891     3.2202     4.6020    140.337    143.814  0.000e+00
   55.01704 -131.67252     82.754     45.662     45.245     8.2743    31.8743  1024.9894    24.7810     8.2698     48.072   103.0938     0.1167      7.891     3.2179     4.5988    140.238    143.713  0.000e+00
   55.01704 -131.67252     82.785     45.767     45.349     8.2676    31.8785  1024.9942    24.7852     8.2631     48.083   103.0938     0.1167      7.891     3.2191     4.6003    140.286    143.763  0.000e+00
   55.01704 -131.67252     82.631     45.710     45.293     8.2632    31.8807  1024.9962    24.7876     8.2587     48.090   103.1218     0.1167      7.891     3.2198     4.6014    140.318    143.797  0.000e+00
   55.01704 -131.67252     82.735     45.839     45.421     8.2587    31.8833  1024.9996    24.7903     8.2542     48.095   103.0938     0.1167      7.891     3.2205     4.6023    140.346    143.825  0.000e+00
   55.01704 -131.67252     82.727     45.831     45.413     8.2549    31.8857  1025.0019    24.7927     8.2504     48.103   103.0938     0.1167      7.891     3.2212     4.6034    140.379    143.859  0.000e+00
   55.01704 -131.67252     82.735     45.839     45.421     8.2506    31.8881  1025.0045    24.7952     8.2462     48.058   103.0938     0.1167      7.891     3.2185     4.5995    140.258    143.736  0.000e+00
   55.01704 -131.67252     82.510     46.130     45.709     8.2464    31.8905  1025.0083    24.7977     8.2419     48.125   103.0938     0.1167      7.886     3.2232     4.6062    140.464    143.947  0.000e+00
   55.01704 -131.67252     81.992     45.953     45.533     8.2417    31.8935  1025.0105    24.8007     8.2372     48.079   103.0938     0.1167      7.891     3.2204     4.6023    140.343    143.823  0.000e+00
   55.01704 -131.67252     82.007     46.017     45.597     8.2376    31.8957  1025.0132    24.8031     8.2331     48.089   103.0938     0.1167      7.886     3.2213     4.6035    140.381    143.863  0.000e+00
   55.01704 -131.67252     82.144     46.130     45.709     8.2342    31.8976  1025.0157    24.8051     8.2297     48.108   103.0938     0.1167      7.891     3.2228     4.6057    140.445    143.929  0.000e+00
   55.01704 -131.67252     82.176     46.138     45.717     8.2317    31.8991  1025.0173    24.8066     8.2273     48.074   103.0938     0.1167      7.886     3.2206     4.6026    140.351    143.833  0.000e+00
   55.01704 -131.67252     82.320     46.308     45.885     8.2299    31.9006  1025.0194    24.8080     8.2254     48.088   103.0938     0.1167      7.886     3.2217     4.6041    140.397    143.880  0.000e+00
   55.01704 -131.67252     82.232     46.243     45.821     8.2287    31.9008  1025.0195    24.8083     8.2242     48.098   103.0938     0.1167      7.886     3.2224     4.6052    140.431    143.914  0.000e+00
   55.01704 -131.67252     82.360     46.373     45.949     8.2277    31.9010  1025.0204    24.8087     8.2232     48.050   103.0938     0.1167      7.886     3.2193     4.6007    140.294    143.774  0.000e+00
   55.01704 -131.67252     82.352     46.365     45.941     8.2255    31.9027  1025.0220    24.8103     8.2210     48.055   103.0938     0.1167      7.886     3.2197     4.6013    140.313    143.794  0.000e+00
   55.01704 -131.67252     82.399     46.437     46.014     8.2236    31.9038  1025.0235    24.8115     8.2191     48.064   103.1218     0.1167      7.886     3.2204     4.6023    140.343    143.825  0.000e+00
   55.01704 -131.67252     82.479     46.542     46.118     8.2222    31.9047  1025.0248    24.8123     8.2177     48.013   103.1498     0.1167      7.886     3.2171     4.5976    140.199    143.677  0.000e+00
   55.01704 -131.67252     82.399     46.486     46.062     8.2211    31.9051  1025.0251    24.8128     8.2166     48.015   103.1498     0.1167      7.886     3.2173     4.5979    140.207    143.686  0.000e+00
   55.01704 -131.67252     82.527     46.615     46.190     8.2200    31.9056  1025.0263    24.8134     8.2155     48.021   103.1498     0.1167      7.886     3.2178     4.5986    140.229    143.708  0.000e+00
   55.01704 -131.67252     82.575     46.664     46.238     8.2187    31.9065  1025.0273    24.8143     8.2142     47.968   103.1498     0.1167      7.886     3.2143     4.5936    140.076    143.552  0.000e+00
   55.01704 -131.67252     82.478     46.615     46.190     8.2166    31.9076  1025.0283    24.8154     8.2121     47.968   103.1498     0.1753      7.886     3.2144     4.5938    140.081    143.557  0.000e+00
   55.01704 -131.67252     82.629     46.841     46.414     8.2130    31.9100  1025.0317    24.8178     8.2085     47.972   103.1498     0.1753      7.886     3.2150     4.5945    140.103    143.580  0.000e+00
   55.01704 -131.67252     82.573     46.785     46.358     8.2091    31.9125  1025.0340    24.8204     8.2046     47.972   103.1498     0.1753      7.886     3.2152     4.5948    140.112    143.590  0.000e+00
   55.01704 -131.67252     82.701     46.914     46.486     8.2062    31.9142  1025.0364    24.8222     8.2016     47.976   103.1498     0.1753      7.886     3.2156     4.5955    140.131    143.610  0.000e+00
   55.01704 -131.67252     82.629     46.841     46.414     8.2039    31.9155  1025.0374    24.8235     8.1994     47.982   103.1498     0.1753      7.886     3.2161     4.5962    140.154    143.633  0.000e+00
   55.01704 -131.67252     82.628     46.914     46.486     8.2008    31.9171  1025.0394    24.8252     8.1963     47.991   103.1498     0.1753      7.886     3.2170     4.5974    140.190    143.671  0.000e+00
   55.01704 -131.67252     82.658     47.019     46.590     8.1995    31.9182  1025.0409    24.8262     8.1949     47.998   103.1498     0.1753      7.886     3.2175     4.5981    140.212    143.693  0.000e+00
   55.01704 -131.67252     82.610     46.971     46.542     8.1996    31.9182  1025.0407    24.8262     8.1951     47.950   103.1498     0.1753      7.886     3.2143     4.5935    140.071    143.549  0.000e+00
   55.01704 -131.67252     82.722     47.084     46.654     8.2004    31.9178  1025.0408    24.8258     8.1958     47.950   103.1498     0.1753      7.881     3.2142     4.5934    140.069    143.546  0.000e+00
   55.01704 -131.67252     82.778     47.140     46.710     8.2008    31.9169  1025.0403    24.8250     8.1963     47.952   103.1498     0.1753      7.881     3.2143     4.5936    140.075    143.553  0.000e+00
   55.01704 -131.67252     82.569     47.027     46.598     8.1989    31.9183  1025.0411    24.8264     8.1943     47.900   103.1498     0.1753      7.881     3.2110     4.5888    139.928    143.402  0.000e+00
   55.01704 -131.67252     82.672     47.205     46.774     8.1975    31.9191  1025.0428    24.8272     8.1930     47.903   103.1498     0.1753      7.881     3.2112     4.5892    139.940    143.414  0.000e+00
   55.01704 -131.67252     82.672     47.205     46.774     8.1951    31.9205  1025.0442    24.8287     8.1905     47.902   103.1498     0.1753      7.881     3.2113     4.5893    139.942    143.417  0.000e+00
   55.01704 -131.67252     82.672     47.205     46.774     8.1904    31.9236  1025.0474    24.8318     8.1858     47.903   103.1498     0.1753      7.882     3.2117     4.5898    139.959    143.434  0.000e+00
   55.01704 -131.67252     82.711     47.270     46.838     8.1873    31.9258  1025.0499    24.8340     8.1827     47.852   103.1498     0.1753      7.882     3.2084     4.5851    139.815    143.288  0.000e+00
   55.01704 -131.67252     82.686     47.318     46.886     8.1870    31.9254  1025.0498    24.8338     8.1824     47.853   103.1218     0.1753      7.882     3.2085     4.5853    139.820    143.293  0.000e+00
   55.01704 -131.67252     82.701     47.383     46.950     8.1857    31.9264  1025.0511    24.8347     8.1812     47.857   103.0659     0.1753      7.882     3.2089     4.5858    139.836    143.309  0.000e+00
   55.01704 -131.67252     82.645     47.326     46.894     8.1836    31.9275  1025.0520    24.8358     8.1790     47.802   103.0659     0.1753      7.882     3.2053     4.5807    139.680    143.149  0.000e+00
   55.01704 -131.67252     82.701     47.383     46.950     8.1824    31.9284  1025.0531    24.8367     8.1778     47.800   103.0659     0.1753      7.882     3.2052     4.5806    139.677    143.146  0.000e+00
   55.01704 -131.67252     82.765     47.447     47.014     8.1814    31.9291  1025.0541    24.8374     8.1768     47.801   103.0659     0.1753      7.882     3.2054     4.5808    139.683    143.152  0.000e+00
   55.01704 -131.67252     82.821     47.504     47.070     8.1807    31.9292  1025.0546    24.8376     8.1760     47.805   103.0659     0.1460      7.882     3.2057     4.5813    139.697    143.167  0.000e+00
   55.01704 -131.67252     82.757     47.439     47.006     8.1797    31.9300  1025.0550    24.8384     8.1751     47.749   103.0659     0.1460      7.882     3.2020     4.5760    139.536    143.002  0.000e+00
   55.01704 -131.67252     83.005     47.690     47.255     8.1790    31.9297  1025.0561    24.8383     8.1744     47.742   103.0659     0.1460      7.882     3.2016     4.5754    139.517    142.983  0.000e+00
   55.01704 -131.67252     82.821     47.504     47.070     8.1788    31.9299  1025.0554    24.8385     8.1742     47.735   103.0659     0.1460      7.882     3.2011     4.5747    139.497    142.962  0.000e+00
   55.01704 -131.67252     82.893     47.625     47.190     8.1775    31.9307  1025.0568    24.8393     8.1729     47.676   103.0659     0.1460      7.882     3.1973     4.5692    139.329    142.790  0.000e+00
   55.01704 -131.67252     82.650     47.504     47.070     8.1763    31.9315  1025.0570    24.8401     8.1717     47.669   103.0659     0.1460      7.882     3.1969     4.5686    139.312    142.772  0.000e+00
   55.01704 -131.67252     82.746     47.625     47.190     8.1749    31.9324  1025.0584    24.8409     8.1703     47.667   103.0659     0.1460      7.882     3.1968     4.5685    139.308    142.768  0.000e+00
   55.01704 -131.67252     82.802     47.682     47.246     8.1737    31.9329  1025.0593    24.8415     8.1691     47.611   103.0659     0.1460      7.882     3.1931     4.5633    139.148    142.604  0.000e+00
   55.01704 -131.67252     82.810     47.690     47.254     8.1722    31.9338  1025.0603    24.8425     8.1676     47.608   103.0659     0.1460      7.882     3.1930     4.5631    139.143    142.600  0.000e+00
   55.01704 -131.67252     82.665     47.617     47.182     8.1704    31.9349  1025.0611    24.8436     8.1658     47.602   103.0659     0.1460      7.882     3.1927     4.5627    139.129    142.585  0.000e+00
   55.01704 -131.67252     82.743     47.795     47.359     8.1671    31.9370  1025.0640    24.8457     8.1625     47.600   103.0659     0.1460      7.882     3.1928     4.5628    139.132    142.589  0.000e+00
   55.01704 -131.67252     82.815     47.868     47.431     8.1649    31.9383  1025.0657    24.8471     8.1602     47.601   103.0659     0.1460      7.882     3.1929     4.5630    139.140    142.597  0.000e+00
   55.01704 -131.67252     82.631     47.682     47.246     8.1642    31.9391  1025.0655    24.8478     8.1596     47.546   103.0379     0.1460      7.882     3.1893     4.5579    138.982    142.436  0.000e+00
   55.01704 -131.67252     82.815     47.868     47.431     8.1635    31.9387  1025.0662    24.8476     8.1589     47.548   103.0659     0.1460      7.882     3.1895     4.5581    138.989    142.442  0.000e+00
   55.01704 -131.67252     82.645     47.795     47.359     8.1614    31.9403  1025.0674    24.8492     8.1568     47.545   103.0659     0.1460      7.882     3.1894     4.5580    138.985    142.438  0.000e+00
   55.01704 -131.67252     82.700     47.924     47.487     8.1610    31.9405  1025.0682    24.8493     8.1563     47.552   103.0659     0.1460      7.882     3.1899     4.5587    139.007    142.462  0.000e+00
