EcoFOCI/data/1_SampleCollection/2022_GOA-OA_CruiseData/CTD_raw_BottleFile_RC0083/RC0083_012.ros
* Sea-Bird SBE 9 Data File:
* FileName = C:\Data\RC0083ctd\RC0083_012.hex
* Software Version Seasave V 7.26.7.107
* Temperature SN = 2060
* Conductivity SN = 1084
* Number of Bytes Per Scan = 31
* Number of Voltage Words = 4
* Number of Scans Averaged by the Deck Unit = 1
* NMEA Latitude = 55 37.27 N
* NMEA Longitude = 134 39.60 W
* NMEA UTC (Time) = Aug 13 2022  04:34:00
* NMEA baud rate = 4800
** Ship: R/V Rachel Carson
** Cruise ID: RC0083 RC0083
** Tech: McHugh/Nomura
** Chief Scientist: Cross Cross
** Station: POW5
** Cast:  012
# nquan = 21
# nvalues = 392                                   
# units = specified
# name 0 = latitude: Latitude [deg]
# name 1 = longitude: Longitude [deg]
# name 2 = sfdSM: Seafloor depth [salt water, m]
# name 3 = prDM: Pressure, Digiquartz [db]
# name 4 = depSM: Depth [salt water, m]
# name 5 = t090C: Temperature [ITS-90, deg C]
# name 6 = sal00: Salinity, Practical [PSU]
# name 7 = density00: Density [density, kg/m^3]
# name 8 = sigma-é00: Density [sigma-theta, kg/m^3]
# name 9 = potemp090C: Potential Temperature [ITS-90, deg C]
# name 10 = sbeox0PS: Oxygen, SBE 43 [% saturation]
# name 11 = CStarTr0: Beam Transmission, WET Labs C-Star [%]
# name 12 = flECO-AFL: Fluorescence, WET Labs ECO-AFL/FL [mg/m^3]
# name 13 = ph: pH
# name 14 = sbeox0ML/L: Oxygen, SBE 43 [ml/l]
# name 15 = sbeox0Mg/L: Oxygen, SBE 43 [mg/l]
# name 16 = sbox0Mm/Kg: Oxygen, SBE 43 [umol/kg]
# name 17 = sbeox0Mm/L: Oxygen, SBE 43 [umol/l]
# name 18 = scan: Scan Count
# name 19 = nbf: Bottles Fired
# name 20 = flag:  0.000e+00
# interval = seconds: 0.0416667
# start_time = Aug 13 2022 04:34:00 [NMEA time, header]
# bad_flag = -9.990e-29
*END*
   55.62126 -134.65982    217.482    209.154    207.152     5.4747    33.8247  1027.6544    26.6902     5.4580     26.975   106.0306    -0.0884      7.692     1.9015     2.7175     82.715     84.923       9624          1  0.000e+00
   55.62126 -134.65982    217.345    209.040    207.040     5.4748    33.8244  1027.6536    26.6899     5.4581     26.923   106.0306    -0.0884      7.692     1.8979     2.7123     82.556     84.760       9625          1  0.000e+00
   55.62126 -134.65982    217.370    209.040    207.040     5.4747    33.8243  1027.6535    26.6898     5.4579     26.971   106.0306    -0.0884      7.692     1.9013     2.7171     82.704     84.911       9626          1  0.000e+00
   55.62126 -134.65982    217.426    209.097    207.096     5.4744    33.8250  1027.6544    26.6905     5.4577     26.969   106.0585    -0.0884      7.692     1.9011     2.7169     82.698     84.905       9627          1  0.000e+00
   55.62126 -134.65982    217.362    209.032    207.032     5.4747    33.8243  1027.6535    26.6899     5.4579     26.975   106.0306    -0.0884      7.692     1.9016     2.7175     82.717     84.924       9628          1  0.000e+00
   55.62126 -134.65982    217.426    209.097    207.096     5.4744    33.8246  1027.6540    26.6901     5.4577     26.924   106.0306    -0.0884      7.692     1.8979     2.7124     82.559     84.762       9629          1  0.000e+00
   55.62126 -134.65982    217.345    209.040    207.040     5.4744    33.8247  1027.6539    26.6902     5.4577     26.922   106.0585    -0.0884      7.692     1.8978     2.7122     82.553     84.756       9630          1  0.000e+00
   55.62126 -134.65982    217.362    209.032    207.032     5.4743    33.8246  1027.6538    26.6902     5.4575     26.970   106.0585    -0.0884      7.692     1.9012     2.7170     82.700     84.907       9631          1  0.000e+00
   55.62126 -134.65982    217.426    209.097    207.096     5.4740    33.8248  1027.6543    26.6904     5.4572     26.968   106.0585    -0.0884      7.697     1.9011     2.7168     82.695     84.902       9632          1  0.000e+00
   55.62126 -134.65982    217.370    209.040    207.040     5.4739    33.8243  1027.6536    26.6900     5.4571     26.974   106.0585    -0.0884      7.692     1.9015     2.7175     82.714     84.922       9633          1  0.000e+00
   55.62126 -134.65982    217.458    209.154    207.152     5.4732    33.8249  1027.6547    26.6905     5.4564     26.981   106.0585    -0.0884      7.692     1.9020     2.7182     82.736     84.944       9634          1  0.000e+00
   55.62126 -134.65982    217.289    208.984    206.984     5.4732    33.8253  1027.6542    26.6908     5.4565     26.986   106.0585    -0.0884      7.692     1.9024     2.7187     82.753     84.962       9635          1  0.000e+00
   55.62126 -134.65982    217.370    209.040    207.040     5.4734    33.8249  1027.6542    26.6905     5.4567     26.993   106.0585    -0.0884      7.692     1.9029     2.7194     82.773     84.982       9636          1  0.000e+00
   55.62126 -134.65982    217.362    209.032    207.032     5.4740    33.8247  1027.6539    26.6903     5.4573     26.999   106.0585    -0.0884      7.692     1.9033     2.7200     82.791     85.001       9637          1  0.000e+00
   55.62126 -134.65982    217.394    209.040    207.040     5.4741    33.8247  1027.6539    26.6902     5.4574     27.005   106.0306    -0.0884      7.692     1.9037     2.7206     82.810     85.020       9638          1  0.000e+00
   55.62126 -134.65982    217.314    208.984    206.984     5.4747    33.8244  1027.6534    26.6900     5.4579     27.012   106.0585    -0.0884      7.692     1.9041     2.7212     82.828     85.039       9639          1  0.000e+00
   55.62126 -134.65982    217.370    209.040    207.040     5.4748    33.8246  1027.6537    26.6900     5.4581     27.018   106.0585    -0.0884      7.692     1.9046     2.7218     82.848     85.059       9640          1  0.000e+00
   55.62126 -134.65982    217.386    209.032    207.032     5.4751    33.8243  1027.6535    26.6898     5.4583     26.966   106.0585    -0.0884      7.692     1.9009     2.7166     82.688     84.895       9641          1  0.000e+00
   55.62126 -134.65982    217.338    208.984    206.984     5.4751    33.8243  1027.6532    26.6898     5.4583     27.022   106.0585    -0.0884      7.692     1.9049     2.7223     82.860     85.072       9642          1  0.000e+00
   55.62126 -134.65982    217.418    209.040    207.040     5.4752    33.8244  1027.6535    26.6898     5.4585     27.029   106.0585    -0.0884      7.692     1.9054     2.7229     82.881     85.093       9643          1  0.000e+00
   55.62126 -134.65982    217.322    208.967    206.968     5.4751    33.8245  1027.6532    26.6899     5.4583     26.969   106.0585    -0.0884      7.692     1.9011     2.7169     82.696     84.903       9644          1  0.000e+00
   55.62126 -134.65982    217.338    208.984    206.984     5.4749    33.8243  1027.6532    26.6898     5.4582     26.958   106.0585    -0.0884      7.692     1.9004     2.7158     82.664     84.871       9645          1  0.000e+00
   55.62126 -134.65982    217.362    208.984    206.984     5.4751    33.8243  1027.6532    26.6898     5.4583     27.006   106.0585    -0.0884      7.692     1.9037     2.7206     82.810     85.020       9646          1  0.000e+00
   55.62126 -134.65982    217.346    208.967    206.968     5.4756    33.8241  1027.6529    26.6896     5.4589     27.012   106.0585    -0.0884      7.692     1.9041     2.7212     82.828     85.039       9647          1  0.000e+00
   55.62126 -134.65982    217.362    208.984    206.984     5.4755    33.8242  1027.6531    26.6897     5.4588     27.019   106.0585    -0.0884      7.692     1.9046     2.7218     82.848     85.059       9648          1  0.000e+00
   55.62126 -134.65982    217.298    208.919    206.920     5.4756    33.8237  1027.6524    26.6893     5.4589     27.025   106.0306    -0.0884      7.692     1.9050     2.7225     82.867     85.078       9649          1  0.000e+00
   55.62126 -134.65982    217.371    208.967    206.968     5.4757    33.8241  1027.6529    26.6896     5.4590     27.031   106.0026    -0.0884      7.692     1.9055     2.7231     82.886     85.098       9650          1  0.000e+00
   55.62126 -134.65982    217.323    208.919    206.920     5.4756    33.8243  1027.6528    26.6897     5.4589     27.028   105.9746    -0.0884      7.692     1.9053     2.7228     82.878     85.090       9651          1  0.000e+00
   55.62126 -134.65982    217.347    208.919    206.920     5.4757    33.8243  1027.6528    26.6897     5.4590     27.026   105.9746    -0.0884      7.697     1.9051     2.7226     82.869     85.081       9652          1  0.000e+00
   55.62126 -134.65982    217.339    208.911    206.912     5.4759    33.8240  1027.6525    26.6894     5.4592     27.022   105.9746    -0.0884      7.692     1.9049     2.7222     82.859     85.071       9653          1  0.000e+00
   55.62126 -134.65982    217.266    208.862    206.863     5.4757    33.8243  1027.6525    26.6897     5.4590     27.019   105.9746    -0.0884      7.692     1.9046     2.7219     82.848     85.059       9654          1  0.000e+00
   55.62126 -134.65982    217.323    208.919    206.920     5.4760    33.8244  1027.6529    26.6898     5.4593     26.966   105.9746    -0.1177      7.692     1.9008     2.7165     82.685     84.892       9655          1  0.000e+00
   55.62126 -134.65982    217.291    208.862    206.863     5.4760    33.8244  1027.6526    26.6898     5.4593     26.962   105.9746    -0.0884      7.692     1.9006     2.7162     82.675     84.881       9656          1  0.000e+00
   55.62126 -134.65982    217.307    208.854    206.855     5.4762    33.8240  1027.6522    26.6894     5.4594     27.018   105.9746    -0.0884      7.692     1.9045     2.7217     82.844     85.055       9657          1  0.000e+00
   55.62126 -134.65982    217.315    208.862    206.863     5.4764    33.8239  1027.6522    26.6893     5.4597     27.023   105.9746    -0.0884      7.692     1.9049     2.7223     82.861     85.072       9658          1  0.000e+00
   55.62126 -134.65982    217.227    208.797    206.799     5.4764    33.8240  1027.6520    26.6894     5.4597     26.962   105.9746    -0.0884      7.692     1.9006     2.7161     82.672     84.879       9659          1  0.000e+00
   55.62126 -134.65982    217.307    208.854    206.855     5.4764    33.8240  1027.6522    26.6894     5.4597     27.017   105.9746    -0.0884      7.692     1.9045     2.7217     82.843     85.054       9660          1  0.000e+00
   55.62126 -134.65982    217.275    208.797    206.799     5.4767    33.8237  1027.6517    26.6892     5.4600     27.014   105.9746    -0.0884      7.692     1.9042     2.7213     82.832     85.042       9661          1  0.000e+00
   55.62126 -134.65982    217.275    208.797    206.799     5.4765    33.8243  1027.6522    26.6896     5.4598     27.019   105.9746    -0.0884      7.692     1.9046     2.7219     82.848     85.059       9662          1  0.000e+00
   55.62126 -134.65982    217.267    208.789    206.791     5.4765    33.8240  1027.6519    26.6894     5.4598     27.016   105.9746    -0.0884      7.692     1.9043     2.7215     82.837     85.048       9663          1  0.000e+00
   55.62126 -134.65982    217.275    208.797    206.799     5.4768    33.8236  1027.6516    26.6890     5.4601     27.021   105.9746    -0.0884      7.692     1.9047     2.7220     82.852     85.063       9664          1  0.000e+00
   55.62126 -134.65982    216.682    208.740    206.743     5.4767    33.8242  1027.6518    26.6895     5.4600     27.025   105.9746    -0.0884      7.692     1.9050     2.7225     82.866     85.078       9665          1  0.000e+00
   55.62126 -134.65982    216.308    208.732    206.735     5.4767    33.8243  1027.6519    26.6896     5.4600     27.021   105.9746    -0.0884      7.692     1.9047     2.7221     82.854     85.066       9666          1  0.000e+00
   55.62126 -134.65982    216.242    208.740    206.743     5.4770    33.8233  1027.6511    26.6888     5.4603     27.017   105.9746    -0.0884      7.692     1.9044     2.7216     82.842     85.053       9667          1  0.000e+00
   55.62126 -134.65982    216.323    208.797    206.799     5.4767    33.8241  1027.6519    26.6894     5.4600     27.013   105.9746    -0.0884      7.692     1.9041     2.7212     82.828     85.039       9668          1  0.000e+00
   55.62126 -134.65982    216.219    208.667    206.671     5.4768    33.8240  1027.6513    26.6894     5.4601     27.008   105.9746    -0.0884      7.692     1.9038     2.7207     82.812     85.022       9669          1  0.000e+00
   55.62126 -134.65982    216.462    208.740    206.743     5.4767    33.8240  1027.6517    26.6894     5.4600     27.003   105.9746    -0.0884      7.692     1.9034     2.7202     82.797     85.006       9670          1  0.000e+00
   55.62126 -134.65982    216.584    208.740    206.743     5.4767    33.8240  1027.6517    26.6894     5.4600     27.006   106.0026    -0.0884      7.692     1.9036     2.7205     82.806     85.016       9671          1  0.000e+00
   55.62126 -134.65982    216.512    208.667    206.671     5.4768    33.8242  1027.6514    26.6895     5.4601     27.009   106.0026    -0.0884      7.692     1.9038     2.7208     82.815     85.025       9672          1  0.000e+00
   55.62130 -134.66002    165.702    153.105    151.660     5.9423    33.6705  1027.2155    26.5108     5.9296     34.947   106.4221    -0.0884      7.749     2.4391     3.4857    106.117    108.930      12776          2  0.000e+00
   55.62130 -134.66002    169.072    153.056    151.612     5.9418    33.6713  1027.2160    26.5116     5.9291     34.949   106.4221    -0.0884      7.749     2.4392     3.4859    106.123    108.937      12777          2  0.000e+00
   55.62130 -134.66002    201.577    152.983    151.540     5.9421    33.6708  1027.2152    26.5112     5.9294     34.951   106.4221    -0.0884      7.749     2.4394     3.4861    106.128    108.941      12778          2  0.000e+00
   55.62130 -134.66002    218.269    153.169    151.724     5.9421    33.6706  1027.2159    26.5110     5.9294     34.953   106.4221    -0.0884      7.744     2.4396     3.4864    106.137    108.951      12779          2  0.000e+00
   55.62130 -134.66002    219.569    152.805    151.363     5.9421    33.6708  1027.2143    26.5111     5.9294     34.954   106.4221    -0.0884      7.749     2.4396     3.4864    106.138    108.952      12780          2  0.000e+00
   55.62130 -134.66002    218.730    153.339    151.893     5.9419    33.6707  1027.2167    26.5111     5.9292     34.958   106.4221    -0.0884      7.749     2.4399     3.4869    106.152    108.966      12781          2  0.000e+00
   55.62130 -134.66002    217.751    152.991    151.548     5.9421    33.6707  1027.2151    26.5110     5.9294     34.959   106.4221    -0.0884      7.749     2.4399     3.4869    106.153    108.967      12782          2  0.000e+00
   55.62130 -134.66002    217.799    153.040    151.596     5.9418    33.6709  1027.2156    26.5113     5.9291     34.961   106.4221    -0.0884      7.749     2.4401     3.4871    106.160    108.974      12783          2  0.000e+00
   55.62130 -134.66002    217.968    153.113    151.668     5.9419    33.6708  1027.2158    26.5111     5.9292     34.963   106.4501    -0.0884      7.749     2.4402     3.4874    106.167    108.982      12784          2  0.000e+00
   55.62130 -134.66002    217.865    152.983    151.540     5.9419    33.6708  1027.2152    26.5112     5.9292     34.965   106.4501    -0.0884      7.744     2.4403     3.4875    106.171    108.986      12785          2  0.000e+00
   55.62130 -134.66002    217.873    152.991    151.548     5.9421    33.6704  1027.2149    26.5109     5.9294     34.967   106.4221    -0.0884      7.744     2.4405     3.4877    106.177    108.992      12786          2  0.000e+00
   55.62130 -134.66002    217.808    152.926    151.484     5.9421    33.6711  1027.2151    26.5113     5.9294     34.968   106.4221    -0.0884      7.749     2.4406     3.4879    106.182    108.997      12787          2  0.000e+00
   55.62130 -134.66002    217.784    152.926    151.484     5.9423    33.6704  1027.2146    26.5108     5.9296     34.970   106.4221    -0.0884      7.749     2.4407     3.4881    106.188    109.003      12788          2  0.000e+00
   55.62130 -134.66002    217.968    153.113    151.668     5.9422    33.6706  1027.2156    26.5110     5.9295     34.973   106.4501    -0.0884      7.749     2.4409     3.4883    106.197    109.012      12789          2  0.000e+00
   55.62130 -134.66002    217.664    152.805    151.363     5.9423    33.6706  1027.2142    26.5110     5.9296     34.974   106.4221    -0.0884      7.744     2.4410     3.4884    106.199    109.014      12790          2  0.000e+00
   55.62130 -134.66002    217.912    153.056    151.612     5.9425    33.6703  1027.2151    26.5107     5.9297     34.977   106.4501    -0.0884      7.749     2.4412     3.4887    106.208    109.024      12791          2  0.000e+00
   55.62130 -134.66002    217.600    152.740    151.299     5.9423    33.6706  1027.2139    26.5110     5.9296     34.969   106.4221    -0.0884      7.749     2.4407     3.4879    106.184    109.000      12792          2  0.000e+00
   55.62130 -134.66002    217.912    153.056    151.612     5.9423    33.6700  1027.2149    26.5105     5.9296     34.964   106.4501    -0.0884      7.749     2.4403     3.4874    106.169    108.983      12793          2  0.000e+00
   55.62130 -134.66002    217.600    152.740    151.299     5.9425    33.6703  1027.2136    26.5107     5.9298     34.964   106.4221    -0.0884      7.744     2.4403     3.4874    106.168    108.983      12794          2  0.000e+00
