EcoFOCI/data/1_SampleCollection/2022_GOA-OA_CruiseData/CTD_raw_BottleFile_RC0083/RC0083_014.cnv
* Sea-Bird SBE 9 Data File:
* FileName = C:\Data\RC0083ctd\RC0083_014.hex
* Software Version Seasave V 7.26.7.107
* Temperature SN = 2060
* Conductivity SN = 1084
* Number of Bytes Per Scan = 31
* Number of Voltage Words = 4
* Number of Scans Averaged by the Deck Unit = 1
* NMEA Latitude = 55 45.82 N
* NMEA Longitude = 134 25.01 W
* NMEA UTC (Time) = Aug 13 2022  07:08:13
* NMEA baud rate = 4800
** Ship: R/V Rachel Carson
** Cruise ID: RC0083 RC0083
** Tech: McHugh/Nomura
** Chief Scientist: Cross Cross
** Station: POW3
** Cast:  014
# nquan = 19
# nvalues = 15279                                 
# units = specified
# name 0 = latitude: Latitude [deg]
# name 1 = longitude: Longitude [deg]
# name 2 = sfdSM: Seafloor depth [salt water, m]
# name 3 = prDM: Pressure, Digiquartz [db]
# name 4 = depSM: Depth [salt water, m]
# name 5 = t090C: Temperature [ITS-90, deg C]
# name 6 = sal00: Salinity, Practical [PSU]
# name 7 = density00: Density [density, kg/m^3]
# name 8 = sigma-é00: Density [sigma-theta, kg/m^3]
# name 9 = potemp090C: Potential Temperature [ITS-90, deg C]
# name 10 = sbeox0PS: Oxygen, SBE 43 [% saturation]
# name 11 = CStarTr0: Beam Transmission, WET Labs C-Star [%]
# name 12 = flECO-AFL: Fluorescence, WET Labs ECO-AFL/FL [mg/m^3]
# name 13 = ph: pH
# name 14 = sbeox0ML/L: Oxygen, SBE 43 [ml/l]
# name 15 = sbeox0Mg/L: Oxygen, SBE 43 [mg/l]
# name 16 = sbox0Mm/Kg: Oxygen, SBE 43 [umol/kg]
# name 17 = sbeox0Mm/L: Oxygen, SBE 43 [umol/l]
# name 18 = flag:  0.000e+00
# span 0 =   55.76370,   55.76574                 
# span 1 = -134.41786, -134.41692                 
# span 2 =      2.769,    133.497                 
# span 3 =      2.600,    118.584                 
# span 4 =      2.577,    117.473                 
# span 5 =     6.4916,    10.5889                 
# span 6 =    30.8547,    33.1278                 
# span 7 =  1023.6357,  1026.5535                 
# span 8 =    23.6204,    26.0126                 
# span 9 =     6.4814,    10.5886                 
# span 10 =     49.885,    120.541                
# span 11 =    66.8181,   104.5762                
# span 12 =    -0.1177,    18.8127                
# span 13 =      7.839,      8.315                
# span 14 =     3.4488,     7.7184                
# span 15 =     4.9287,    11.0303                
# span 16 =    150.122,    336.747                
# span 17 =    154.025,    344.702                
# span 18 = 0.0000e+00, 0.0000e+00                
# interval = seconds: 0.0416667
# start_time = Aug 13 2022 07:08:13 [NMEA time, header]
# bad_flag = -9.990e-29
*END*
[from data line 77]
   55.76372 -134.41694    110.059     12.123     12.012    10.0554    31.0060  1023.8812    23.8262    10.0541     99.222    81.2221     9.2888      8.175     6.4203     9.1753    280.060    286.732  0.000e+00
   55.76372 -134.41694    110.059     12.123     12.012    10.0550    31.0051  1023.8805    23.8256    10.0536     99.226    81.2221     9.2888      8.175     6.4207     9.1758    280.076    286.749  0.000e+00
   55.76372 -134.41694    110.059     12.123     12.012    10.0554    31.0052  1023.8805    23.8256    10.0541     99.176    81.2221     9.2888      8.180     6.4174     9.1711    279.932    286.601  0.000e+00
   55.76372 -134.41694    110.091     12.155     12.044    10.0573    31.0051  1023.8803    23.8252    10.0559     99.175    81.1941     9.0544      8.175     6.4170     9.1706    279.916    286.585  0.000e+00
   55.76372 -134.41694    110.059     12.123     12.012    10.0595    31.0060  1023.8805    23.8256    10.0582     99.281    81.1102     8.6442      8.180     6.4236     9.1799    280.200    286.876  0.000e+00
   55.76372 -134.41694    110.123     12.187     12.076    10.0609    31.0074  1023.8816    23.8264    10.0596     99.238    81.0822     8.5269      8.175     6.4205     9.1756    280.068    286.741  0.000e+00
   55.76372 -134.41694    110.091     12.155     12.044    10.0620    31.0069  1023.8809    23.8258    10.0607     99.249    81.0822     8.5269      8.180     6.4211     9.1764    280.092    286.766  0.000e+00
   55.76372 -134.41694    110.196     12.187     12.076    10.0613    31.0080  1023.8821    23.8268    10.0599     99.254    81.0822     8.5562      8.180     6.4215     9.1769    280.109    286.783  0.000e+00
   55.76372 -134.41694    110.562     12.187     12.076    10.0605    31.0083  1023.8824    23.8272    10.0592     99.259    81.1102     8.5562      8.180     6.4219     9.1775    280.127    286.802  0.000e+00
   55.76372 -134.41694    110.709     12.187     12.076    10.0602    31.0076  1023.8819    23.8267    10.0588     99.270    81.1102     8.5562      8.175     6.4227     9.1787    280.162    286.838  0.000e+00
   55.76372 -134.41694    110.757     12.212     12.100    10.0598    31.0074  1023.8820    23.8266    10.0584     99.282    81.1102     8.5562      8.180     6.4235     9.1799    280.199    286.875  0.000e+00
   55.76372 -134.41694    110.789     12.244     12.132    10.0598    31.0075  1023.8822    23.8267    10.0585     99.288    81.0822     8.5562      8.180     6.4239     9.1804    280.214    286.891  0.000e+00
   55.76372 -134.41694    110.709     12.187     12.076    10.0594    31.0072  1023.8817    23.8265    10.0581     99.292    81.0822     8.5562      8.175     6.4243     9.1809    280.231    286.907  0.000e+00
   55.76372 -134.41694    110.797     12.276     12.164    10.0592    31.0072  1023.8822    23.8265    10.0579     99.299    81.1102     8.5562      8.180     6.4247     9.1815    280.250    286.927  0.000e+00
   55.76372 -134.41694    110.765     12.244     12.132    10.0593    31.0076  1023.8823    23.8268    10.0580     99.304    81.0822     8.5562      8.180     6.4250     9.1820    280.262    286.940  0.000e+00
   55.76372 -134.41694    110.765     12.244     12.132    10.0594    31.0073  1023.8821    23.8266    10.0580     99.309    81.0822     8.5562      8.175     6.4253     9.1824    280.277    286.955  0.000e+00
   55.76372 -134.41694    110.829     12.308     12.196    10.0591    31.0074  1023.8825    23.8267    10.0577     99.315    81.1102     8.5562      8.180     6.4258     9.1831    280.296    286.975  0.000e+00
   55.76372 -134.41694    110.797     12.276     12.164    10.0590    31.0076  1023.8825    23.8269    10.0577     99.266    81.0822     8.5562      8.175     6.4226     9.1785    280.157    286.832  0.000e+00
   55.76372 -134.41694    110.765     12.244     12.132    10.0583    31.0078  1023.8826    23.8271    10.0569     99.264    81.1102     8.5562      8.180     6.4226     9.1785    280.158    286.833  0.000e+00
   55.76372 -134.41694    110.829     12.308     12.196    10.0587    31.0072  1023.8824    23.8266    10.0573     99.265    81.1102     8.5562      8.180     6.4226     9.1785    280.157    286.832  0.000e+00
   55.76372 -134.41694    110.765     12.244     12.132    10.0591    31.0071  1023.8819    23.8264    10.0577     99.264    81.1102     8.5562      8.180     6.4225     9.1783    280.152    286.827  0.000e+00
   55.76372 -134.41694    110.853     12.333     12.220    10.0605    31.0069  1023.8820    23.8261    10.0592     99.210    81.1102     8.5562      8.180     6.4188     9.1731    279.993    286.664  0.000e+00
   55.76372 -134.41694    110.829     12.308     12.196    10.0621    31.0077  1023.8822    23.8264    10.0608     99.204    81.1102     8.5562      8.180     6.4181     9.1722    279.964    286.634  0.000e+00
   55.76372 -134.41694    110.829     12.308     12.196    10.0634    31.0084  1023.8826    23.8268    10.0620     99.192    81.1102     8.3511      8.180     6.4172     9.1708    279.921    286.591  0.000e+00
   55.76372 -134.41694    110.853     12.333     12.220    10.0634    31.0087  1023.8829    23.8270    10.0621     99.181    81.3899     7.5306      8.180     6.4164     9.1697    279.888    286.557  0.000e+00
   55.76372 -134.41694    110.853     12.308     12.196    10.0634    31.0088  1023.8829    23.8271    10.0620     99.169    81.5577     7.1790      8.180     6.4157     9.1686    279.855    286.524  0.000e+00
   55.76372 -134.41694    110.829     12.308     12.196    10.0632    31.0092  1023.8832    23.8274    10.0618     99.158    81.5577     7.1497      8.175     6.4150     9.1676    279.825    286.492  0.000e+00
   55.76372 -134.41694    110.885     12.365     12.252    10.0631    31.0089  1023.8833    23.8272    10.0617     99.141    81.5577     7.1790      8.180     6.4139     9.1661    279.779    286.445  0.000e+00
   55.76372 -134.41694    110.853     12.333     12.220    10.0633    31.0084  1023.8827    23.8268    10.0619     99.184    81.5577     7.1790      8.180     6.4167     9.1701    279.900    286.569  0.000e+00
   55.76372 -134.41694    110.829     12.308     12.196    10.0628    31.0096  1023.8836    23.8278    10.0614     99.186    81.5577     7.1790      8.180     6.4168     9.1703    279.906    286.576  0.000e+00
   55.76372 -134.41694    110.885     12.365     12.252    10.0632    31.0095  1023.8837    23.8277    10.0618     99.128    81.5577     7.1790      8.180     6.4130     9.1649    279.741    286.406  0.000e+00
   55.76372 -134.41694    110.829     12.308     12.196    10.0629    31.0095  1023.8835    23.8278    10.0615     99.178    81.5577     7.1790      8.175     6.4163     9.1695    279.883    286.552  0.000e+00
   55.76372 -134.41694    110.853     12.333     12.220    10.0628    31.0091  1023.8833    23.8274    10.0615     99.181    81.5577     7.1790      8.175     6.4165     9.1699    279.893    286.563  0.000e+00
   55.76372 -134.41694    110.885     12.365     12.252    10.0633    31.0090  1023.8833    23.8272    10.0619     99.178    81.5577     7.1790      8.175     6.4163     9.1695    279.882    286.551  0.000e+00
   55.76372 -134.41694    100.157     12.308     12.196    10.0639    31.0090  1023.8830    23.8272    10.0626     99.120    81.5577     7.1790      8.180     6.4124     9.1640    279.713    286.378  0.000e+00
   55.76372 -134.41694     63.234     12.333     12.220    10.0640    31.0093  1023.8833    23.8274    10.0626     99.158    81.5577     7.1790      8.180     6.4149     9.1675    279.821    286.488  0.000e+00
   55.76372 -134.41694     49.004     12.365     12.252    10.0644    31.0086  1023.8828    23.8268    10.0630     99.155    81.5577     7.1790      8.180     6.4146     9.1672    279.811    286.478  0.000e+00
   55.76372 -134.41694     48.558     12.308     12.196    10.0642    31.0092  1023.8831    23.8273    10.0629     99.205    81.5577     7.1790      8.180     6.4179     9.1718    279.952    286.623  0.000e+00
   55.76372 -134.41694     50.152     12.365     12.252    10.0642    31.0090  1023.8831    23.8271    10.0629     99.209    81.5577     7.1790      8.175     6.4181     9.1721    279.962    286.633  0.000e+00
   55.76372 -134.41694     50.626     12.276     12.164    10.0641    31.0088  1023.8826    23.8270    10.0628     99.210    81.5577     7.1790      8.180     6.4182     9.1723    279.967    286.638  0.000e+00
   55.76372 -134.41694     50.714     12.365     12.252    10.0636    31.0089  1023.8832    23.8272    10.0622     99.213    81.5577     7.1790      8.175     6.4185     9.1727    279.979    286.650  0.000e+00
   55.76372 -134.41694     50.609     12.308     12.196    10.0633    31.0091  1023.8832    23.8274    10.0619     99.221    81.5577     7.1790      8.180     6.4190     9.1734    280.002    286.674  0.000e+00
   55.76372 -134.41694     50.609     12.333     12.220    10.0633    31.0089  1023.8831    23.8272    10.0619     99.230    81.5577     7.1790      8.175     6.4196     9.1743    280.027    286.700  0.000e+00
   55.76372 -134.41692     50.521     12.244     12.132    10.0631    31.0093  1023.8830    23.8275    10.0618     99.231    81.5577     7.2083      8.180     6.4197     9.1744    280.030    286.703  0.000e+00
   55.76372 -134.41692     50.585     12.308     12.196    10.0628    31.0089  1023.8831    23.8273    10.0615     99.240    81.4738     7.6185      8.180     6.4203     9.1753    280.058    286.731  0.000e+00
   55.76372 -134.41692     50.585     12.308     12.196    10.0628    31.0084  1023.8827    23.8269    10.0614     99.248    81.4179     7.9116      8.175     6.4209     9.1761    280.082    286.756  0.000e+00
   55.76372 -134.41692     50.609     12.333     12.220    10.0623    31.0078  1023.8824    23.8265    10.0609     99.250    81.4179     7.9702      8.180     6.4211     9.1764    280.092    286.766  0.000e+00
   55.76372 -134.41692     50.521     12.244     12.132    10.0617    31.0083  1023.8824    23.8269    10.0604     99.257    81.4179     7.9409      8.175     6.4216     9.1771    280.114    286.788  0.000e+00
   55.76372 -134.41692     50.585     12.308     12.196    10.0613    31.0081  1023.8826    23.8269    10.0600     99.265    81.4179     7.9409      8.180     6.4222     9.1780    280.141    286.816  0.000e+00
   55.76372 -134.41692     50.521     12.244     12.132    10.0613    31.0078  1023.8821    23.8266    10.0599     99.327    81.4179     7.9409      8.180     6.4262     9.1837    280.315    286.994  0.000e+00
   55.76372 -134.41692     51.993     12.276     12.164    10.0610    31.0083  1023.8827    23.8271    10.0596     99.341    81.4179     7.9409      8.175     6.4272     9.1850    280.357    287.037  0.000e+00
   55.76372 -134.41692     88.347     12.244     12.132    10.0616    31.0083  1023.8825    23.8270    10.0603     99.348    81.4179     7.9409      8.180     6.4275     9.1855    280.372    287.052  0.000e+00
   55.76372 -134.41692    110.292     12.308     12.196    10.0621    31.0086  1023.8829    23.8271    10.0608     99.355    81.4179     7.9409      8.175     6.4279     9.1861    280.388    287.069  0.000e+00
   55.76372 -134.41692    112.100     12.212     12.100    10.0628    31.0088  1023.8826    23.8272    10.0615     99.373    81.4179     7.9409      8.180     6.4289     9.1876    280.434    287.116  0.000e+00
   55.76372 -134.41692    111.619     12.244     12.132    10.0631    31.0088  1023.8826    23.8271    10.0618     99.386    81.4179     7.9409      8.175     6.4297     9.1887    280.469    287.152  0.000e+00
   55.76372 -134.41692    110.765     12.244     12.132    10.0628    31.0084  1023.8824    23.8269    10.0615     99.398    81.4179     7.9409      8.180     6.4306     9.1900    280.507    287.190  0.000e+00
   55.76372 -134.41692    110.667     12.244     12.132    10.0611    31.0075  1023.8820    23.8265    10.0597     99.411    81.4179     7.9409      8.175     6.4317     9.1915    280.554    287.239  0.000e+00
   55.76372 -134.41692    110.684     12.212     12.100    10.0594    31.0070  1023.8817    23.8264    10.0580     99.422    81.4179     7.9409      8.180     6.4327     9.1930    280.598    287.284  0.000e+00
   55.76372 -134.41692    110.709     12.187     12.076    10.0590    31.0064  1023.8812    23.8260    10.0576     99.434    81.4179     7.9409      8.175     6.4335     9.1941    280.634    287.321  0.000e+00
   55.76372 -134.41692    110.765     12.244     12.132    10.0585    31.0063  1023.8814    23.8259    10.0572     99.446    81.4179     7.9409      8.180     6.4344     9.1953    280.671    287.358  0.000e+00
   55.76372 -134.41692    110.733     12.212     12.100    10.0581    31.0064  1023.8814    23.8261    10.0568     99.457    81.4179     7.9409      8.180     6.4351     9.1964    280.703    287.392  0.000e+00
   55.76372 -134.41692    110.709     12.187     12.076    10.0573    31.0061  1023.8812    23.8260    10.0559     99.521    81.4179     7.9409      8.180     6.4394     9.2026    280.892    287.585  0.000e+00
   55.76372 -134.41692    110.709     12.187     12.076    10.0570    31.0056  1023.8809    23.8257    10.0557     99.538    81.4179     7.9409      8.180     6.4406     9.2042    280.942    287.636  0.000e+00
   55.76372 -134.41692    110.709     12.187     12.076    10.0571    31.0060  1023.8812    23.8260    10.0557     99.554    81.4179     7.9409      8.175     6.4416     9.2057    280.986    287.681  0.000e+00
   55.76372 -134.41692    110.677     12.155     12.044    10.0579    31.0061  1023.8809    23.8258    10.0566     99.569    81.4738     8.3511      8.175     6.4424     9.2069    281.023    287.719  0.000e+00
   55.76372 -134.41692    110.709     12.187     12.076    10.0589    31.0058  1023.8808    23.8255    10.0576     99.584    81.5857     8.8786      8.180     6.4433     9.2081    281.061    287.757  0.000e+00
   55.76372 -134.41692    110.709     12.187     12.076    10.0589    31.0058  1023.8807    23.8255    10.0576     99.592    81.6136     9.0251      8.175     6.4438     9.2088    281.083    287.780  0.000e+00
   55.76372 -134.41692    110.709     12.187     12.076    10.0593    31.0060  1023.8808    23.8255    10.0580     99.599    81.5857     8.9958      8.175     6.4442     9.2094    281.100    287.798  0.000e+00
   55.76372 -134.41692    110.677     12.155     12.044    10.0589    31.0069  1023.8815    23.8264    10.0576     99.605    81.5857     8.9665      8.180     6.4446     9.2100    281.118    287.816  0.000e+00
   55.76372 -134.41692    110.709     12.187     12.076    10.0591    31.0067  1023.8814    23.8262    10.0578     99.665    81.5857     8.9665      8.180     6.4485     9.2155    281.287    287.989  0.000e+00
   55.76372 -134.41692    110.645     12.123     12.012    10.0590    31.0067  1023.8811    23.8262    10.0577     99.669    81.5857     8.9665      8.180     6.4487     9.2158    281.297    287.999  0.000e+00
   55.76372 -134.41692    110.677     12.155     12.044    10.0590    31.0068  1023.8813    23.8262    10.0576     99.618    81.5857     8.9958      8.175     6.4454     9.2111    281.153    287.852  0.000e+00
   55.76372 -134.41692    110.645     12.123     12.012    10.0590    31.0067  1023.8811    23.8262    10.0577     99.613    81.5857     8.9665      8.180     6.4451     9.2107    281.139    287.837  0.000e+00
   55.76372 -134.41692    110.709     12.187     12.076    10.0591    31.0068  1023.8815    23.8263    10.0578     99.608    81.5857     8.9665      8.175     6.4448     9.2102    281.125    287.823  0.000e+00
   55.76372 -134.41692    110.645     12.123     12.012    10.0590    31.0072  1023.8815    23.8265    10.0577     99.601    81.5857     8.9665      8.175     6.4443     9.2095    281.104    287.802  0.000e+00
