EcoFOCI/data/1_SampleCollection/2022_GOA-OA_CruiseData/CTD_raw_BottleFile_RC0083/RC0083_024.ros
* Sea-Bird SBE 9 Data File:
* FileName = C:\Data\RC0083ctd\RC0083_024.hex
* Software Version Seasave V 7.26.7.107
* Temperature SN = 2060
* Conductivity SN = 1084
* Number of Bytes Per Scan = 31
* Number of Voltage Words = 4
* Number of Scans Averaged by the Deck Unit = 1
* NMEA Latitude = 56 36.41 N
* NMEA Longitude = 135 59.87 W
* NMEA UTC (Time) = Aug 14 2022  22:41:56
* NMEA baud rate = 4800
** Ship: R/V Rachel Carson
** Cruise ID: RC0083
** Tech: McHugh/Nomura
** Chief Scientist: Cross
** Station: SEC04
** Cast:  CTD024
# nquan = 21
# nvalues = 490                                   
# units = specified
# name 0 = latitude: Latitude [deg]
# name 1 = longitude: Longitude [deg]
# name 2 = sfdSM: Seafloor depth [salt water, m]
# name 3 = prDM: Pressure, Digiquartz [db]
# name 4 = depSM: Depth [salt water, m]
# name 5 = t090C: Temperature [ITS-90, deg C]
# name 6 = sal00: Salinity, Practical [PSU]
# name 7 = density00: Density [density, kg/m^3]
# name 8 = sigma-é00: Density [sigma-theta, kg/m^3]
# name 9 = potemp090C: Potential Temperature [ITS-90, deg C]
# name 10 = sbeox0PS: Oxygen, SBE 43 [% saturation]
# name 11 = CStarTr0: Beam Transmission, WET Labs C-Star [%]
# name 12 = flECO-AFL: Fluorescence, WET Labs ECO-AFL/FL [mg/m^3]
# name 13 = ph: pH
# name 14 = sbeox0ML/L: Oxygen, SBE 43 [ml/l]
# name 15 = sbeox0Mg/L: Oxygen, SBE 43 [mg/l]
# name 16 = sbox0Mm/Kg: Oxygen, SBE 43 [umol/kg]
# name 17 = sbeox0Mm/L: Oxygen, SBE 43 [umol/l]
# name 18 = scan: Scan Count
# name 19 = nbf: Bottles Fired
# name 20 = flag:  0.000e+00
# interval = seconds: 0.0416667
# start_time = Aug 14 2022 22:41:56 [NMEA time, header]
# bad_flag = -9.990e-29
*END*
[from data line 69]
   56.60842 -135.99654    349.039    252.874    250.407     5.5487    33.8578  1027.8726    26.7080     5.5282     28.180   106.6459    -0.0884      7.707     1.9826     2.8333     86.239     88.543      26795          2  0.000e+00
   56.60842 -135.99654    349.023    252.858    250.391     5.5500    33.8576  1027.8722    26.7077     5.5295     28.176   106.6459    -0.0884      7.707     1.9822     2.8328     86.223     88.526      26796          2  0.000e+00
   56.60842 -135.99654    348.919    252.753    250.286     5.5504    33.8576  1027.8717    26.7076     5.5299     28.170   106.6459    -0.0884      7.707     1.9818     2.8323     86.207     88.509      26797          2  0.000e+00
   56.60842 -135.99654    348.903    252.736    250.270     5.5508    33.8575  1027.8715    26.7075     5.5303     28.165   106.6459    -0.0884      7.707     1.9815     2.8317     86.191     88.493      26798          2  0.000e+00
   56.60842 -135.99654    348.863    252.696    250.230     5.5513    33.8578  1027.8715    26.7077     5.5309     28.160   106.6459    -0.0884      7.707     1.9811     2.8311     86.173     88.474      26799          2  0.000e+00
   56.60842 -135.99654    348.782    252.615    250.150     5.5519    33.8576  1027.8709    26.7075     5.5314     28.154   106.6459    -0.0884      7.707     1.9806     2.8305     86.153     88.454      26800          2  0.000e+00
   56.60842 -135.99654    348.782    252.615    250.150     5.5525    33.8575  1027.8707    26.7073     5.5320     28.148   106.6459    -0.0884      7.707     1.9802     2.8298     86.133     88.434      26801          2  0.000e+00
   56.60842 -135.99654    348.686    252.517    250.054     5.5533    33.8573  1027.8700    26.7070     5.5328     28.141   106.6459    -0.0884      7.707     1.9796     2.8291     86.111     88.411      26802          2  0.000e+00
   56.60842 -135.99654    348.662    252.493    250.030     5.5540    33.8570  1027.8695    26.7067     5.5335     28.134   106.6179    -0.0884      7.707     1.9791     2.8284     86.089     88.388      26803          2  0.000e+00
   56.60842 -135.99654    348.622    252.453    249.990     5.5541    33.8572  1027.8695    26.7069     5.5336     28.127   106.6179    -0.0884      7.707     1.9786     2.8276     86.066     88.365      26804          2  0.000e+00
   56.60842 -135.99654    348.606    252.436    249.973     5.5544    33.8572  1027.8694    26.7068     5.5339     28.119   106.6179    -0.0884      7.707     1.9781     2.8269     86.043     88.341      26805          2  0.000e+00
   56.60842 -135.99654    348.566    252.396    249.933     5.5549    33.8570  1027.8690    26.7066     5.5344     28.111   106.6179    -0.0884      7.707     1.9775     2.8260     86.017     88.315      26806          2  0.000e+00
   56.60842 -135.99654    348.365    252.193    249.733     5.5551    33.8569  1027.8679    26.7065     5.5346     28.111   106.6179    -0.0884      7.707     1.9775     2.8260     86.017     88.314      26807          2  0.000e+00
   56.60842 -135.99654    348.486    252.315    249.853     5.5554    33.8567  1027.8683    26.7063     5.5349     28.112   106.6179    -0.0884      7.707     1.9775     2.8261     86.020     88.317      26808          2  0.000e+00
   56.60842 -135.99654    348.622    252.453    249.990     5.5553    33.8564  1027.8687    26.7061     5.5349     28.105   106.6179    -0.0884      7.707     1.9770     2.8254     85.997     88.294      26809          2  0.000e+00
   56.60842 -135.99654    348.486    252.315    249.853     5.5556    33.8564  1027.8681    26.7061     5.5351     28.096   106.6179    -0.0884      7.707     1.9764     2.8244     85.969     88.265      26810          2  0.000e+00
   56.60842 -135.99654    348.389    252.217    249.757     5.5559    33.8568  1027.8679    26.7063     5.5354     28.087   106.6179    -0.0884      7.707     1.9757     2.8235     85.940     88.235      26811          2  0.000e+00
   56.60842 -135.99654    348.309    252.136    249.677     5.5560    33.8565  1027.8673    26.7061     5.5355     28.086   106.6179    -0.0884      7.707     1.9757     2.8234     85.938     88.233      26812          2  0.000e+00
   56.60842 -135.99654    348.566    252.396    249.933     5.5559    33.8565  1027.8684    26.7060     5.5354     28.087   106.6179    -0.0884      7.707     1.9757     2.8235     85.940     88.235      26813          2  0.000e+00
   56.60842 -135.99654    348.365    252.193    249.733     5.5560    33.8563  1027.8674    26.7059     5.5355     28.085   106.6179    -0.0884      7.707     1.9756     2.8234     85.936     88.231      26814          2  0.000e+00
   56.60842 -135.99654    348.389    252.217    249.757     5.5559    33.8563  1027.8675    26.7059     5.5354     28.085   106.6179    -0.0884      7.707     1.9756     2.8233     85.936     88.231      26815          2  0.000e+00
   56.60842 -135.99654    348.365    252.193    249.733     5.5559    33.8571  1027.8680    26.7065     5.5354     28.085   106.6179    -0.0884      7.707     1.9756     2.8233     85.934     88.229      26816          2  0.000e+00
   56.60842 -135.99654    348.365    252.193    249.733     5.5559    33.8566  1027.8676    26.7061     5.5354     28.084   106.6179    -0.0884      7.707     1.9756     2.8233     85.933     88.228      26817          2  0.000e+00
   56.60842 -135.99654    348.389    252.217    249.757     5.5559    33.8566  1027.8677    26.7061     5.5355     28.084   106.6179    -0.0884      7.707     1.9755     2.8232     85.932     88.227      26818          2  0.000e+00
   56.60842 -135.99654    348.365    252.193    249.733     5.5559    33.8566  1027.8676    26.7061     5.5354     28.084   106.6179    -0.0884      7.707     1.9755     2.8232     85.931     88.226      26819          2  0.000e+00
   56.60842 -135.99654    348.325    252.153    249.693     5.5559    33.8566  1027.8674    26.7061     5.5354     28.074   106.6179    -0.0884      7.707     1.9748     2.8222     85.902     88.196      26820          2  0.000e+00
   56.60842 -135.99654    348.365    252.193    249.733     5.5561    33.8564  1027.8674    26.7060     5.5357     28.074   106.6179    -0.0884      7.707     1.9748     2.8222     85.900     88.194      26821          2  0.000e+00
   56.60842 -135.99654    348.389    252.217    249.757     5.5561    33.8560  1027.8672    26.7057     5.5357     28.073   106.6179    -0.0884      7.707     1.9748     2.8221     85.898     88.192      26822          2  0.000e+00
   56.60842 -135.99654    348.365    252.193    249.733     5.5553    33.8570  1027.8680    26.7065     5.5349     28.072   106.5620    -0.0884      7.707     1.9747     2.8221     85.897     88.191      26823          2  0.000e+00
   56.60852 -135.99634    298.462    201.774    199.829     5.9410    33.7786  1027.5249    26.5970     5.9241     34.427   106.6739    -0.0884      7.749     2.4011     3.4315    104.456    107.235      29298          3  0.000e+00
   56.60852 -135.99634    298.149    201.458    199.517     5.9412    33.7789  1027.5237    26.5972     5.9243     34.416   106.6459    -0.0884      7.749     2.4004     3.4304    104.424    107.202      29299          3  0.000e+00
   56.60852 -135.99634    298.165    201.474    199.533     5.9413    33.7791  1027.5239    26.5973     5.9244     34.416   106.6459    -0.0884      7.749     2.4004     3.4304    104.423    107.201      29300          3  0.000e+00
   56.60852 -135.99634    298.205    201.514    199.573     5.9415    33.7785  1027.5236    26.5968     5.9247     34.416   106.6459    -0.0884      7.749     2.4004     3.4304    104.424    107.201      29301          3  0.000e+00
   56.60852 -135.99634    298.165    201.474    199.533     5.9417    33.7784  1027.5233    26.5967     5.9248     34.416   106.6739    -0.0884      7.749     2.4004     3.4304    104.424    107.201      29302          3  0.000e+00
   56.60852 -135.99634    298.205    201.514    199.573     5.9417    33.7785  1027.5235    26.5968     5.9248     34.417   106.6739    -0.0884      7.749     2.4004     3.4305    104.426    107.204      29303          3  0.000e+00
   56.60852 -135.99634    298.101    201.409    199.469     5.9417    33.7787  1027.5233    26.5970     5.9248     34.418   106.6459    -0.0884      7.749     2.4005     3.4305    104.428    107.205      29304          3  0.000e+00
   56.60852 -135.99634    298.085    201.393    199.453     5.9417    33.7786  1027.5231    26.5969     5.9248     34.419   106.6739    -0.0884      7.749     2.4006     3.4307    104.432    107.209      29305          3  0.000e+00
   56.60852 -135.99634    298.165    201.474    199.533     5.9415    33.7786  1027.5235    26.5969     5.9247     34.363   106.6739    -0.0884      7.749     2.3967     3.4251    104.263    107.036      29306          3  0.000e+00
   56.60852 -135.99634    298.101    201.409    199.469     5.9418    33.7786  1027.5231    26.5969     5.9250     34.349   106.6459    -0.0884      7.749     2.3957     3.4236    104.218    106.990      29307          3  0.000e+00
   56.60852 -135.99634    298.149    201.458    199.517     5.9417    33.7788  1027.5235    26.5970     5.9248     34.344   106.6459    -0.0884      7.749     2.3953     3.4231    104.202    106.974      29308          3  0.000e+00
   56.60852 -135.99634    298.101    201.409    199.469     5.9417    33.7788  1027.5233    26.5971     5.9248     34.396   106.6459    -0.0884      7.749     2.3990     3.4284    104.362    107.138      29309          3  0.000e+00
   56.60852 -135.99634    298.085    201.393    199.453     5.9415    33.7790  1027.5234    26.5972     5.9247     34.342   106.6179    -0.0884      7.749     2.3952     3.4230    104.199    106.970      29310          3  0.000e+00
   56.60852 -135.99634    298.101    201.409    199.469     5.9415    33.7787  1027.5233    26.5970     5.9247     34.339   106.6459    -0.0884      7.749     2.3950     3.4226    104.188    106.959      29311          3  0.000e+00
   56.60852 -135.99634    298.085    201.393    199.453     5.9413    33.7787  1027.5232    26.5970     5.9245     34.393   106.6459    -0.0884      7.749     2.3988     3.4281    104.354    107.129      29312          3  0.000e+00
   56.60852 -135.99634    298.101    201.409    199.469     5.9410    33.7791  1027.5236    26.5974     5.9242     34.399   106.6459    -0.0884      7.749     2.3992     3.4287    104.371    107.147      29313          3  0.000e+00
   56.60852 -135.99634    298.085    201.393    199.453     5.9405    33.7792  1027.5237    26.5975     5.9237     34.347   106.6459    -0.0884      7.749     2.3956     3.4235    104.215    106.986      29314          3  0.000e+00
   56.60852 -135.99634    298.165    201.474    199.533     5.9405    33.7791  1027.5240    26.5974     5.9237     34.345   106.6459    -0.0884      7.749     2.3955     3.4234    104.211    106.982      29315          3  0.000e+00
   56.60852 -135.99634    298.085    201.393    199.453     5.9401    33.7791  1027.5237    26.5975     5.9232     34.344   106.6459    -0.0884      7.749     2.3954     3.4233    104.208    106.979      29316          3  0.000e+00
   56.60852 -135.99634    298.101    201.409    199.469     5.9399    33.7794  1027.5240    26.5977     5.9230     34.402   106.6459    -0.0884      7.749     2.3994     3.4290    104.382    107.159      29317          3  0.000e+00
   56.60852 -135.99634    298.149    201.458    199.517     5.9394    33.7794  1027.5243    26.5978     5.9226     34.344   106.6459    -0.0884      7.749     2.3954     3.4233    104.208    106.980      29318          3  0.000e+00
   56.60852 -135.99634    298.165    201.474    199.533     5.9396    33.7791  1027.5241    26.5976     5.9227     34.344   106.6459    -0.0884      7.749     2.3954     3.4233    104.209    106.981      29319          3  0.000e+00
   56.60852 -135.99634    298.165    201.474    199.533     5.9399    33.7786  1027.5237    26.5971     5.9230     34.345   106.6459    -0.0884      7.749     2.3955     3.4234    104.212    106.983      29320          3  0.000e+00
   56.60852 -135.99634    298.205    201.514    199.573     5.9399    33.7792  1027.5243    26.5976     5.9230     34.347   106.6459    -0.0884      7.749     2.3956     3.4236    104.217    106.989      29321          3  0.000e+00
   56.60852 -135.99634    298.165    201.474    199.533     5.9397    33.7793  1027.5243    26.5977     5.9229     34.349   106.6459    -0.0884      7.749     2.3958     3.4238    104.224    106.996      29322          3  0.000e+00
   56.60852 -135.99634    298.205    201.514    199.573     5.9391    33.7795  1027.5247    26.5979     5.9222     34.410   106.6179    -0.0884      7.749     2.4001     3.4300    104.411    107.188      29323          3  0.000e+00
   56.60852 -135.99634    298.222    201.531    199.589     5.9389    33.7792  1027.5246    26.5977     5.9221     34.364   106.6179    -0.0884      7.749     2.3969     3.4254    104.272    107.045      29324          3  0.000e+00
   56.60852 -135.99634    298.270    201.579    199.637     5.9386    33.7796  1027.5252    26.5981     5.9218     34.426   106.6179    -0.0884      7.749     2.4012     3.4316    104.460    107.239      29325          3  0.000e+00
   56.60852 -135.99634    298.286    201.596    199.653     5.9393    33.7793  1027.5249    26.5977     5.9224     34.439   106.6459    -0.0884      7.749     2.4021     3.4328    104.498    107.277      29326          3  0.000e+00
   56.60852 -135.99634    298.326    201.636    199.693     5.9393    33.7793  1027.5251    26.5978     5.9224     34.444   106.6459    -0.0884      7.749     2.4024     3.4333    104.512    107.291      29327          3  0.000e+00
   56.60852 -135.99634    298.286    201.596    199.653     5.9386    33.7796  1027.5252    26.5980     5.9218     34.448   106.6459    -0.0884      7.749     2.4027     3.4338    104.526    107.306      29328          3  0.000e+00
   56.60852 -135.99634    298.390    201.701    199.758     5.9386    33.7791  1027.5253    26.5977     5.9218     34.461   106.6179    -0.0884      7.749     2.4037     3.4351    104.567    107.349      29329          3  0.000e+00
   56.60852 -135.99634    298.286    201.596    199.653     5.9383    33.7797  1027.5253    26.5982     5.9214     34.466   106.6179    -0.0884      7.749     2.4040     3.4356    104.581    107.363      29330          3  0.000e+00
   56.60852 -135.99634    298.502    201.814    199.870     5.9383    33.7790  1027.5258    26.5976     5.9214     34.472   106.6179    -0.0884      7.749     2.4044     3.4361    104.599    107.381      29331          3  0.000e+00
   56.60852 -135.99634    298.462    201.774    199.830     5.9380    33.7797  1027.5262    26.5982     5.9211     34.418   106.6459    -0.0884      7.749     2.4007     3.4309    104.438    107.216      29332          3  0.000e+00
   56.60852 -135.99634    298.462    201.774    199.830     5.9381    33.7794  1027.5259    26.5980     5.9212     34.473   106.6459    -0.0884      7.749     2.4045     3.4363    104.604    107.386      29333          3  0.000e+00
   56.60852 -135.99634    298.567    201.879    199.934     5.9373    33.7802  1027.5272    26.5987     5.9204     34.479   106.6459    -0.0884      7.749     2.4049     3.4369    104.622    107.405      29334          3  0.000e+00
   56.60852 -135.99634    298.518    201.831    199.886     5.9376    33.7800  1027.5267    26.5985     5.9207     34.484   106.6459    -0.0884      7.749     2.4053     3.4374    104.637    107.420      29335          3  0.000e+00
   56.60852 -135.99634    298.623    201.936    199.990     5.9380    33.7800  1027.5272    26.5985     5.9211     34.489   106.6459    -0.0884      7.749     2.4056     3.4379    104.653    107.436      29336          3  0.000e+00
