EcoFOCI/data/1_SampleCollection/2022_GOA-OA_CruiseData/CTD_raw_BottleFile_RC0083/RC0083_126.cnv
* Sea-Bird SBE 9 Data File:
* FileName = C:\Data\RC0083ctd\RC0083_126.hex
* Software Version Seasave V 7.26.7.107
* Temperature SN = 2060
* Conductivity SN = 2881
* Number of Bytes Per Scan = 31
* Number of Voltage Words = 4
* Number of Scans Averaged by the Deck Unit = 1
* NMEA Latitude = 56 59.78 N
* NMEA Longitude = 134 31.21 W
* NMEA UTC (Time) = Aug 24 2022  03:35:11
* NMEA baud rate = 4800
** Ship: R/V Rachel Carson
** Cruise ID: RC0083
** Tech: McHugh/Nomura
** Chief Scientist: Cross
** Station: FSW5
** Cast:  CTD126
# nquan = 19
# nvalues = 4613                                  
# units = specified
# name 0 = latitude: Latitude [deg]
# name 1 = longitude: Longitude [deg]
# name 2 = sfdSM: Seafloor depth [salt water, m]
# name 3 = prDM: Pressure, Digiquartz [db]
# name 4 = depSM: Depth [salt water, m]
# name 5 = t090C: Temperature [ITS-90, deg C]
# name 6 = sal00: Salinity, Practical [PSU]
# name 7 = density00: Density [density, kg/m^3]
# name 8 = sigma-é00: Density [sigma-theta, kg/m^3]
# name 9 = potemp090C: Potential Temperature [ITS-90, deg C]
# name 10 = sbeox0PS: Oxygen, SBE 43 [% saturation]
# name 11 = CStarTr0: Beam Transmission, WET Labs C-Star [%]
# name 12 = flECO-AFL: Fluorescence, WET Labs ECO-AFL/FL [mg/m^3]
# name 13 = ph: pH
# name 14 = sbeox0ML/L: Oxygen, SBE 43 [ml/l]
# name 15 = sbeox0Mg/L: Oxygen, SBE 43 [mg/l]
# name 16 = sbox0Mm/Kg: Oxygen, SBE 43 [umol/kg]
# name 17 = sbeox0Mm/L: Oxygen, SBE 43 [umol/l]
# name 18 = flag:  0.000e+00
# span 0 =   56.99638,   56.99690                 
# span 1 = -134.52022, -134.51960                 
# span 2 =      8.555,     58.120                 
# span 3 =      2.390,     46.040                 
# span 4 =      2.368,     45.612                 
# span 5 =     7.8510,    11.8635                 
# span 6 =    25.4002,    30.8866                 
# span 7 =  1019.3713,  1024.2775                 
# span 8 =    19.3437,    24.0665                 
# span 9 =     7.8468,    11.8631                 
# span 10 =     58.583,    101.492                
# span 11 =    92.4097,   103.2616                
# span 12 =     0.2339,     3.6918                
# span 13 =      7.945,      8.333                
# span 14 =     3.9846,     6.5372                
# span 15 =     5.6945,     9.3424                
# span 16 =    173.775,    286.063                
# span 17 =    177.954,    291.953                
# span 18 = 0.0000e+00, 0.0000e+00                
# interval = seconds: 0.0416667
# start_time = Aug 24 2022 03:35:11 [NMEA time, header]
# bad_flag = -9.990e-29
*END*
[from data line 2667]
   56.99672 -134.51992     56.069     45.798     45.373     7.8620    30.8626  1024.2561    24.0462     7.8577     58.797   103.2337     0.2925      7.950     3.9990     5.7150    174.404    178.597  0.000e+00
   56.99672 -134.51992     56.013     45.742     45.317     7.8626    30.8623  1024.2554    24.0458     7.8584     58.738   103.2337     0.2925      7.950     3.9950     5.7092    174.227    178.417  0.000e+00
   56.99672 -134.51992     56.005     45.734     45.309     7.8618    30.8629  1024.2560    24.0464     7.8575     58.730   103.2057     0.2925      7.950     3.9945     5.7086    174.206    178.395  0.000e+00
   56.99672 -134.51992     56.069     45.798     45.373     7.8611    30.8638  1024.2571    24.0472     7.8569     58.667   103.2616     0.2925      7.950     3.9902     5.7025    174.020    178.205  0.000e+00
   56.99672 -134.51992     56.013     45.742     45.317     7.8608    30.8641  1024.2571    24.0475     7.8566     58.709   103.2616     0.2925      7.950     3.9932     5.7067    174.148    178.336  0.000e+00
   56.99672 -134.51992     56.005     45.734     45.309     7.8611    30.8642  1024.2571    24.0475     7.8569     58.709   103.2616     0.2925      7.950     3.9931     5.7066    174.144    178.332  0.000e+00
   56.99672 -134.51992     56.077     45.806     45.381     7.8610    30.8640  1024.2573    24.0474     7.8568     58.766   103.2616     0.2925      7.950     3.9970     5.7121    174.314    178.506  0.000e+00
   56.99672 -134.51992     56.005     45.734     45.309     7.8607    30.8643  1024.2573    24.0477     7.8564     58.715   103.2616     0.2925      7.950     3.9936     5.7072    174.165    178.353  0.000e+00
   56.99672 -134.51992     56.069     45.798     45.373     7.8605    30.8647  1024.2579    24.0480     7.8563     58.716   103.2616     0.2925      7.945     3.9937     5.7074    174.169    178.357  0.000e+00
   56.99672 -134.51992     56.037     45.742     45.317     7.8607    30.8645  1024.2575    24.0479     7.8564     58.717   103.2616     0.3218      7.950     3.9937     5.7074    174.171    178.360  0.000e+00
   56.99672 -134.51992     56.093     45.798     45.373     7.8610    30.8646  1024.2577    24.0479     7.8568     58.776   103.2616     0.2925      7.950     3.9977     5.7131    174.343    178.536  0.000e+00
   56.99672 -134.51992     56.037     45.742     45.317     7.8607    30.8651  1024.2579    24.0483     7.8564     58.777   103.2616     0.2925      7.950     3.9978     5.7132    174.348    178.541  0.000e+00
   56.99672 -134.51992     56.093     45.798     45.373     7.8605    30.8654  1024.2584    24.0486     7.8563     58.779   103.2616     0.3218      7.950     3.9979     5.7134    174.355    178.548  0.000e+00
   56.99672 -134.51992     56.093     45.798     45.373     7.8607    30.8654  1024.2584    24.0486     7.8564     58.725   103.2616     0.2925      7.950     3.9942     5.7081    174.192    178.381  0.000e+00
   56.99672 -134.51992     56.101     45.806     45.381     7.8605    30.8659  1024.2589    24.0490     7.8563     58.721   103.2616     0.2925      7.950     3.9939     5.7077    174.180    178.369  0.000e+00
   56.99672 -134.51992     56.093     45.798     45.373     7.8608    30.8657  1024.2586    24.0487     7.8565     58.723   103.2616     0.2925      7.950     3.9941     5.7079    174.187    178.376  0.000e+00
   56.99672 -134.51992     56.029     45.734     45.309     7.8592    30.8672  1024.2597    24.0501     7.8549     58.726   103.2616     0.3218      7.950     3.9944     5.7084    174.199    178.389  0.000e+00
   56.99672 -134.51992     56.157     45.863     45.437     7.8579    30.8688  1024.2617    24.0516     7.8537     58.787   103.2616     0.3218      7.950     3.9986     5.7144    174.383    178.578  0.000e+00
   56.99672 -134.51992     56.093     45.798     45.373     7.8571    30.8695  1024.2622    24.0523     7.8528     58.740   103.2616     0.2925      7.950     3.9955     5.7099    174.247    178.438  0.000e+00
   56.99672 -134.51992     56.101     45.806     45.381     7.8562    30.8702  1024.2629    24.0529     7.8519     58.745   103.2616     0.2925      7.950     3.9958     5.7105    174.263    178.454  0.000e+00
   56.99672 -134.51992     56.093     45.798     45.373     7.8562    30.8707  1024.2632    24.0533     7.8520     58.749   103.2616     0.2925      7.950     3.9961     5.7109    174.276    178.468  0.000e+00
   56.99672 -134.51992     56.149     45.855     45.429     7.8562    30.8705  1024.2633    24.0532     7.8520     58.699   103.2616     0.2925      7.950     3.9927     5.7060    174.126    178.314  0.000e+00
   56.99672 -134.51992     56.157     45.863     45.437     7.8563    30.8702  1024.2631    24.0529     7.8521     58.749   103.2616     0.3218      7.950     3.9961     5.7109    174.275    178.467  0.000e+00
   56.99672 -134.51992     56.149     45.855     45.429     7.8571    30.8694  1024.2623    24.0522     7.8528     58.692   103.2616     0.2925      7.950     3.9922     5.7053    174.105    178.293  0.000e+00
   56.99672 -134.51992     56.157     45.863     45.437     7.8574    30.8689  1024.2619    24.0517     7.8532     58.743   103.2337     0.2925      7.950     3.9957     5.7102    174.255    178.446  0.000e+00
   56.99672 -134.51992     56.149     45.855     45.429     7.8581    30.8677  1024.2609    24.0507     7.8538     58.744   103.2337     0.2925      7.950     3.9957     5.7102    174.256    178.447  0.000e+00
   56.99672 -134.51992     56.149     45.855     45.429     7.8587    30.8677  1024.2608    24.0506     7.8544     58.745   103.2337     0.2925      7.950     3.9957     5.7102    174.256    178.447  0.000e+00
   56.99672 -134.51992     56.157     45.863     45.437     7.8589    30.8674  1024.2605    24.0503     7.8546     58.690   103.2337     0.3218      7.950     3.9919     5.7049    174.093    178.280  0.000e+00
   56.99672 -134.51992     56.125     45.855     45.429     7.8581    30.8686  1024.2616    24.0514     7.8538     58.742   103.2337     0.3511      7.950     3.9955     5.7100    174.249    178.440  0.000e+00
   56.99672 -134.51992     56.133     45.863     45.437     7.8566    30.8704  1024.2632    24.0531     7.8523     58.744   103.2337     0.3511      7.950     3.9958     5.7103    174.259    178.450  0.000e+00
   56.99672 -134.51992     56.125     45.855     45.429     7.8562    30.8711  1024.2638    24.0536     7.8519     58.746   103.2337     0.3511      7.945     3.9959     5.7106    174.267    178.458  0.000e+00
   56.99672 -134.51992     56.181     45.911     45.485     7.8558    30.8712  1024.2642    24.0538     7.8516     58.749   103.2337     0.3511      7.950     3.9962     5.7109    174.277    178.469  0.000e+00
   56.99672 -134.51992     55.888     45.863     45.437     7.8556    30.8713  1024.2641    24.0539     7.8513     58.752   103.2337     0.3511      7.950     3.9963     5.7112    174.285    178.477  0.000e+00
   56.99672 -134.51992     55.563     45.855     45.429     7.8560    30.8712  1024.2639    24.0537     7.8517     58.748   103.2337     0.3511      7.950     3.9961     5.7108    174.273    178.465  0.000e+00
   56.99672 -134.51992     55.554     45.919     45.493     7.8560    30.8714  1024.2643    24.0539     7.8517     58.746   103.2337     0.3511      7.950     3.9959     5.7105    174.265    178.457  0.000e+00
   56.99672 -134.51992     55.490     45.855     45.429     7.8551    30.8723  1024.2649    24.0547     7.8509     58.742   103.2337     0.3511      7.950     3.9957     5.7102    174.256    178.448  0.000e+00
   56.99672 -134.51992     55.570     45.911     45.485     7.8550    30.8725  1024.2653    24.0549     7.8508     58.683   103.2337     0.3511      7.950     3.9917     5.7045    174.080    178.268  0.000e+00
   56.99672 -134.51992     55.651     45.919     45.493     7.8548    30.8726  1024.2654    24.0550     7.8506     58.674   103.2337     0.3511      7.945     3.9911     5.7036    174.054    178.241  0.000e+00
   56.99672 -134.51992     55.660     45.855     45.428     7.8548    30.8724  1024.2650    24.0549     7.8506     58.671   103.2337     0.3511      7.945     3.9909     5.7034    174.046    178.232  0.000e+00
   56.99672 -134.51992     55.725     45.919     45.493     7.8550    30.8724  1024.2652    24.0548     7.8508     58.725   103.2337     0.3511      7.950     3.9946     5.7087    174.207    178.398  0.000e+00
   56.99672 -134.51992     55.717     45.911     45.485     7.8550    30.8721  1024.2650    24.0546     7.8507     58.730   103.2337     0.3511      7.945     3.9949     5.7091    174.221    178.411  0.000e+00
   56.99672 -134.51992     55.717     45.911     45.485     7.8548    30.8725  1024.2653    24.0549     7.8506     58.734   103.2337     0.3511      7.950     3.9952     5.7095    174.234    178.425  0.000e+00
   56.99672 -134.51992     55.773     45.919     45.493     7.8548    30.8731  1024.2658    24.0554     7.8506     58.739   103.2337     0.3511      7.950     3.9955     5.7100    174.248    178.440  0.000e+00
   56.99672 -134.51992     55.814     45.911     45.485     7.8545    30.8743  1024.2668    24.0564     7.8502     58.744   103.2337     0.3511      7.945     3.9959     5.7105    174.263    178.455  0.000e+00
   56.99672 -134.51992     55.822     45.919     45.493     7.8543    30.8746  1024.2671    24.0566     7.8501     58.750   103.2057     0.3511      7.945     3.9962     5.7110    174.279    178.472  0.000e+00
   56.99672 -134.51992     55.814     45.911     45.484     7.8542    30.8750  1024.2674    24.0570     7.8499     58.755   103.2057     0.3511      7.950     3.9966     5.7115    174.295    178.488  0.000e+00
   56.99672 -134.51992     55.878     45.976     45.549     7.8540    30.8749  1024.2676    24.0569     7.8497     58.761   103.2057     0.3511      7.950     3.9971     5.7122    174.315    178.509  0.000e+00
   56.99672 -134.51992     55.935     45.984     45.557     7.8541    30.8746  1024.2674    24.0567     7.8499     58.768   103.2057     0.3511      7.945     3.9975     5.7128    174.333    178.527  0.000e+00
   56.99672 -134.51992     55.887     45.911     45.484     7.8539    30.8749  1024.2673    24.0569     7.8497     58.773   103.2057     0.3218      7.950     3.9979     5.7134    174.351    178.545  0.000e+00
   56.99672 -134.51992     55.959     45.984     45.557     7.8541    30.8749  1024.2677    24.0569     7.8499     58.780   103.2057     0.2925      7.945     3.9983     5.7140    174.371    178.566  0.000e+00
   56.99672 -134.51992     55.887     45.911     45.484     7.8540    30.8758  1024.2680    24.0576     7.8497     58.780   103.2057     0.2925      7.945     3.9983     5.7140    174.370    178.565  0.000e+00
   56.99672 -134.51992     55.951     45.976     45.549     7.8534    30.8770  1024.2694    24.0587     7.8492     58.782   103.2057     0.2925      7.950     3.9984     5.7141    174.374    178.569  0.000e+00
   56.99672 -134.51992     55.944     45.919     45.492     7.8534    30.8772  1024.2692    24.0588     7.8491     58.775   103.2057     0.3218      7.945     3.9980     5.7135    174.356    178.551  0.000e+00
   56.99672 -134.51992     56.000     45.976     45.548     7.8535    30.8769  1024.2692    24.0586     7.8492     58.776   103.2057     0.3218      7.950     3.9980     5.7136    174.358    178.552  0.000e+00
   56.99672 -134.51992     55.944     45.919     45.492     7.8541    30.8758  1024.2680    24.0576     7.8498     58.776   103.2057     0.2925      7.950     3.9980     5.7135    174.356    178.551  0.000e+00
   56.99672 -134.51992     55.936     45.911     45.484     7.8538    30.8759  1024.2681    24.0577     7.8496     58.782   103.2057     0.2925      7.950     3.9985     5.7142    174.376    178.571  0.000e+00
   56.99672 -134.51992     56.000     45.976     45.548     7.8536    30.8759  1024.2684    24.0577     7.8494     58.727   103.2057     0.2925      7.950     3.9947     5.7089    174.213    178.404  0.000e+00
   56.99672 -134.51992     55.969     45.919     45.492     7.8536    30.8757  1024.2680    24.0576     7.8493     58.721   103.2057     0.2925      7.945     3.9943     5.7083    174.196    178.387  0.000e+00
   56.99672 -134.51992     55.985     45.911     45.484     7.8536    30.8753  1024.2677    24.0573     7.8494     58.716   103.2057     0.2925      7.950     3.9940     5.7078    174.181    178.372  0.000e+00
   56.99672 -134.51992     55.993     45.919     45.492     7.8540    30.8752  1024.2676    24.0572     7.8497     58.774   103.2057     0.2925      7.945     3.9979     5.7134    174.352    178.546  0.000e+00
   56.99672 -134.51992     56.049     45.976     45.548     7.8539    30.8755  1024.2681    24.0574     7.8497     58.782   103.2057     0.2925      7.950     3.9985     5.7142    174.376    178.571  0.000e+00
   56.99672 -134.51992     55.985     45.911     45.484     7.8536    30.8759  1024.2682    24.0578     7.8494     58.790   103.2057     0.3218      7.950     3.9990     5.7150    174.400    178.595  0.000e+00
   56.99672 -134.51992     56.017     45.919     45.492     7.8535    30.8765  1024.2687    24.0582     7.8492     58.792   103.2057     0.3218      7.945     3.9991     5.7152    174.406    178.602  0.000e+00
   56.99672 -134.51992     55.953     45.855     45.428     7.8537    30.8769  1024.2687    24.0585     7.8495     58.794   103.2057     0.2925      7.950     3.9992     5.7153    174.409    178.605  0.000e+00
   56.99672 -134.51992     56.017     45.919     45.492     7.8540    30.8766  1024.2687    24.0583     7.8497     58.796   103.2057     0.2925      7.945     3.9994     5.7155    174.415    178.612  0.000e+00
   56.99672 -134.51992     56.009     45.911     45.484     7.8545    30.8765  1024.2685    24.0581     7.8502     58.798   103.2057     0.2925      7.945     3.9995     5.7156    174.419    178.615  0.000e+00
   56.99672 -134.51992     56.009     45.911     45.484     7.8548    30.8762  1024.2682    24.0578     7.8506     58.806   103.2057     0.2925      7.945     4.0000     5.7164    174.443    178.640  0.000e+00
   56.99672 -134.51992     56.042     45.919     45.492     7.8548    30.8765  1024.2685    24.0581     7.8506     58.809   103.2057     0.2925      7.945     4.0001     5.7166    174.450    178.646  0.000e+00
   56.99672 -134.51992     56.009     45.911     45.484     7.8550    30.8766  1024.2685    24.0582     7.8507     58.811   103.2057     0.2925      7.945     4.0003     5.7168    174.455    178.652  0.000e+00
   56.99672 -134.51992     55.986     45.863     45.436     7.8550    30.8770  1024.2686    24.0584     7.8508     58.813   103.2057     0.2925      7.950     4.0004     5.7170    174.460    178.657  0.000e+00
   56.99672 -134.51992     56.034     45.911     45.484     7.8553    30.8766  1024.2685    24.0581     7.8511     58.809   103.2057     0.2925      7.950     4.0001     5.7166    174.449    178.646  0.000e+00
   56.99672 -134.51992     56.034     45.911     45.484     7.8553    30.8764  1024.2683    24.0579     7.8511     58.811   103.2057     0.2925      7.945     4.0003     5.7168    174.455    178.652  0.000e+00
   56.99672 -134.51992     56.010     45.863     45.436     7.8557    30.8762  1024.2679    24.0577     7.8514     58.806   103.2057     0.2925      7.950     3.9999     5.7163    174.440    178.636  0.000e+00
   56.99672 -134.51992     56.058     45.911     45.484     7.8561    30.8757  1024.2677    24.0573     7.8518     58.808   103.2057     0.2925      7.945     4.0000     5.7165    174.445    178.642  0.000e+00
   56.99672 -134.51992     56.010     45.863     45.436     7.8561    30.8751  1024.2670    24.0568     7.8518     58.753   103.2057     0.3218      7.950     3.9963     5.7111    174.283    178.475  0.000e+00
