EcoFOCI/data/1_SampleCollection/2022_GOA-OA_CruiseData/CTD_raw_BottleFile_RC0083/RC0083_117.ros
* Sea-Bird SBE 9 Data File:
* FileName = C:\Data\RC0083ctd\RC0083_117.hex
* Software Version Seasave V 7.26.7.107
* Temperature SN = 2060
* Conductivity SN = 2881
* Number of Bytes Per Scan = 31
* Number of Voltage Words = 4
* Number of Scans Averaged by the Deck Unit = 1
* NMEA Latitude = 56 28.35 N
* NMEA Longitude = 134 27.35 W
* NMEA UTC (Time) = Aug 23 2022  18:32:24
* NMEA baud rate = 4800
** Ship: R/V Rachel Carson
** Cruise ID: RC0083
** Tech: McHugh/Nomura
** Chief Scientist: Cross
** Station: MCS1
** Cast:  CTD117
# nquan = 21
# nvalues = 392                                   
# units = specified
# name 0 = latitude: Latitude [deg]
# name 1 = longitude: Longitude [deg]
# name 2 = sfdSM: Seafloor depth [salt water, m]
# name 3 = prDM: Pressure, Digiquartz [db]
# name 4 = depSM: Depth [salt water, m]
# name 5 = t090C: Temperature [ITS-90, deg C]
# name 6 = sal00: Salinity, Practical [PSU]
# name 7 = density00: Density [density, kg/m^3]
# name 8 = sigma-é00: Density [sigma-theta, kg/m^3]
# name 9 = potemp090C: Potential Temperature [ITS-90, deg C]
# name 10 = sbeox0PS: Oxygen, SBE 43 [% saturation]
# name 11 = CStarTr0: Beam Transmission, WET Labs C-Star [%]
# name 12 = flECO-AFL: Fluorescence, WET Labs ECO-AFL/FL [mg/m^3]
# name 13 = ph: pH
# name 14 = sbeox0ML/L: Oxygen, SBE 43 [ml/l]
# name 15 = sbeox0Mg/L: Oxygen, SBE 43 [mg/l]
# name 16 = sbox0Mm/Kg: Oxygen, SBE 43 [umol/kg]
# name 17 = sbeox0Mm/L: Oxygen, SBE 43 [umol/l]
# name 18 = scan: Scan Count
# name 19 = nbf: Bottles Fired
# name 20 = flag:  0.000e+00
# interval = seconds: 0.0416667
# start_time = Aug 23 2022 18:32:24 [NMEA time, header]
# bad_flag = -9.990e-29
*END*
[from data line 138]
   56.47092 -134.45514    300.115    203.441    201.482     5.5401    33.5522  1027.4047    26.4667     5.5238     24.681   105.8907    -0.0591      7.692     1.7403     2.4871     75.718     77.722      25739          3  0.000e+00
   56.47092 -134.45514    300.051    203.376    201.418     5.5401    33.5521  1027.4043    26.4666     5.5238     24.686   105.9187    -0.0591      7.692     1.7407     2.4876     75.735     77.739      25740          3  0.000e+00
   56.47092 -134.45514    300.163    203.490    201.530     5.5399    33.5526  1027.4052    26.4670     5.5235     24.692   105.9187    -0.0591      7.692     1.7411     2.4882     75.754     77.759      25741          3  0.000e+00
   56.47092 -134.45514    299.994    203.319    201.362     5.5397    33.5524  1027.4043    26.4669     5.5234     24.639   105.9187    -0.0591      7.692     1.7374     2.4829     75.590     77.590      25742          3  0.000e+00
   56.47092 -134.45514    300.043    203.368    201.410     5.5399    33.5521  1027.4043    26.4666     5.5236     24.638   105.9187    -0.0591      7.692     1.7373     2.4827     75.586     77.587      25743          3  0.000e+00
   56.47092 -134.45514    300.115    203.441    201.482     5.5397    33.5519  1027.4045    26.4665     5.5234     24.696   105.8907    -0.0591      7.697     1.7414     2.4886     75.765     77.770      25744          3  0.000e+00
   56.47092 -134.45514    300.051    203.376    201.418     5.5396    33.5520  1027.4043    26.4666     5.5233     24.702   105.9187    -0.0591      7.697     1.7418     2.4892     75.784     77.790      25745          3  0.000e+00
   56.47092 -134.45514    300.043    203.368    201.410     5.5395    33.5521  1027.4043    26.4667     5.5232     24.708   105.9187    -0.0591      7.697     1.7423     2.4899     75.803     77.809      25746          3  0.000e+00
   56.47092 -134.45514    300.115    203.441    201.482     5.5397    33.5516  1027.4042    26.4662     5.5234     24.715   105.9187    -0.0591      7.692     1.7427     2.4905     75.823     77.830      25747          3  0.000e+00
   56.47078 -134.45484    198.253    100.563     99.620     6.5391    32.6330  1026.0785    25.6161     6.5305     38.612   105.1356     0.0288      7.810     2.6760     3.8242    116.524    119.509      30367          4  0.000e+00
   56.47078 -134.45484    198.341    100.652     99.708     6.5389    32.6332  1026.0790    25.6162     6.5303     38.607   105.1356     0.0288      7.810     2.6757     3.8238    116.511    119.495      30368          4  0.000e+00
   56.47078 -134.45484    198.373    100.685     99.740     6.5391    32.6327  1026.0788    25.6158     6.5305     38.603   105.1356     0.0288      7.810     2.6753     3.8233    116.496    119.480      30369          4  0.000e+00
   56.47078 -134.45484    198.525    100.838     99.892     6.5389    32.6327  1026.0796    25.6159     6.5303     38.541   105.1356     0.0288      7.810     2.6711     3.8172    116.311    119.290      30370          4  0.000e+00
   56.47078 -134.45484    198.309    100.620     99.676     6.5390    32.6331  1026.0788    25.6162     6.5304     38.529   105.1356     0.0288      7.810     2.6702     3.8160    116.273    119.251      30371          4  0.000e+00
   56.47078 -134.45484    198.436    100.774     99.828     6.5391    32.6330  1026.0794    25.6161     6.5305     38.518   105.1356     0.0288      7.810     2.6695     3.8150    116.242    119.220      30372          4  0.000e+00
   56.47078 -134.45484    198.373    100.685     99.740     6.5389    32.6331  1026.0792    25.6162     6.5303     38.565   105.1356     0.0288      7.815     2.6727     3.8196    116.382    119.363      30373          4  0.000e+00
   56.47078 -134.45484    198.405    100.717     99.772     6.5392    32.6326  1026.0789    25.6157     6.5306     38.503   105.1356     0.0288      7.810     2.6684     3.8135    116.196    119.173      30374          4  0.000e+00
   56.47078 -134.45484    198.429    100.741     99.796     6.5389    32.6325  1026.0790    25.6157     6.5303     38.550   105.1356     0.0288      7.810     2.6717     3.8182    116.339    119.319      30375          4  0.000e+00
   56.47078 -134.45484    198.461    100.774     99.828     6.5389    32.6329  1026.0794    25.6160     6.5303     38.547   105.1356     0.0288      7.810     2.6715     3.8178    116.328    119.308      30376          4  0.000e+00
   56.47078 -134.45484    198.549    100.863     99.917     6.5385    32.6336  1026.0804    25.6166     6.5299     38.557   105.1356     0.0288      7.815     2.6722     3.8188    116.360    119.340      30377          4  0.000e+00
   56.47078 -134.45484    198.341    100.653     99.708     6.5386    32.6337  1026.0795    25.6167     6.5300     38.502   105.1356     0.0288      7.805     2.6684     3.8134    116.194    119.170      30378          4  0.000e+00
   56.47078 -134.45484    198.429    100.741     99.796     6.5385    32.6336  1026.0799    25.6166     6.5298     38.564   105.1076     0.0288      7.810     2.6727     3.8196    116.382    119.363      30379          4  0.000e+00
   56.47078 -134.45484    198.525    100.839     99.893     6.5383    32.6337  1026.0804    25.6167     6.5296     38.627   105.1356     0.0288      7.815     2.6771     3.8258    116.571    119.557      30380          4  0.000e+00
   56.47078 -134.45484    198.429    100.742     99.796     6.5381    32.6339  1026.0801    25.6169     6.5295     38.573   105.1076     0.0288      7.810     2.6734     3.8205    116.410    119.392      30381          4  0.000e+00
   56.47078 -134.45484    198.549    100.863     99.917     6.5381    32.6338  1026.0806    25.6169     6.5295     38.579   105.1356    -0.0005      7.810     2.6737     3.8210    116.426    119.409      30382          4  0.000e+00
   56.47078 -134.45484    198.437    100.774     99.828     6.5376    32.6343  1026.0807    25.6173     6.5290     38.583   105.1356    -0.0005      7.810     2.6741     3.8215    116.441    119.424      30383          4  0.000e+00
   56.47078 -134.45484    198.493    100.806     99.861     6.5376    32.6343  1026.0808    25.6173     6.5290     38.589   105.1356    -0.0005      7.805     2.6744     3.8220    116.457    119.440      30384          4  0.000e+00
   56.47078 -134.45484    198.637    100.952    100.005     6.5375    32.6344  1026.0816    25.6174     6.5288     38.544   105.1356    -0.0005      7.805     2.6714     3.8177    116.324    119.304      30385          4  0.000e+00
   56.47078 -134.45484    198.373    100.685     99.740     6.5373    32.6346  1026.0806    25.6176     6.5287     38.550   105.1635    -0.0005      7.810     2.6717     3.8182    116.340    119.320      30386          4  0.000e+00
   56.47078 -134.45484    198.581    100.895     99.949     6.5371    32.6350  1026.0818    25.6179     6.5285     38.602   105.1915    -0.0005      7.810     2.6754     3.8234    116.498    119.482      30387          4  0.000e+00
   56.47078 -134.45484    198.493    100.806     99.861     6.5370    32.6352  1026.0816    25.6181     6.5283     38.558   105.1915    -0.0005      7.810     2.6723     3.8190    116.366    119.347      30388          4  0.000e+00
   56.47078 -134.45484    198.501    100.839     99.893     6.5370    32.6347  1026.0814    25.6177     6.5283     38.560   105.1915    -0.0005      7.810     2.6725     3.8192    116.371    119.352      30389          4  0.000e+00
   56.47078 -134.45484    198.605    100.920     99.973     6.5368    32.6351  1026.0821    25.6180     6.5282     38.562   105.1915    -0.0005      7.810     2.6726     3.8194    116.378    119.359      30390          4  0.000e+00
   56.47078 -134.45484    198.525    100.839     99.893     6.5367    32.6355  1026.0820    25.6183     6.5280     38.564   105.1915    -0.0005      7.810     2.6728     3.8196    116.384    119.366      30391          4  0.000e+00
   56.47078 -134.45484    198.669    100.984    100.037     6.5368    32.6352  1026.0825    25.6182     6.5282     38.568   105.1915    -0.0005      7.815     2.6730     3.8200    116.395    119.377      30392          4  0.000e+00
   56.47078 -134.45484    198.461    100.774     99.829     6.5365    32.6357  1026.0819    25.6185     6.5278     38.570   105.1915    -0.0005      7.815     2.6732     3.8203    116.404    119.386      30393          4  0.000e+00
   56.47078 -134.45484    198.605    100.920     99.973     6.5362    32.6359  1026.0828    25.6187     6.5275     38.518   105.1915    -0.0005      7.810     2.6696     3.8151    116.246    119.224      30394          4  0.000e+00
   56.47078 -134.45484    198.525    100.839     99.893     6.5360    32.6359  1026.0824    25.6187     6.5274     38.516   105.1915    -0.0005      7.810     2.6695     3.8149    116.240    119.218      30395          4  0.000e+00
   56.47078 -134.45484    198.605    100.920     99.973     6.5357    32.6361  1026.0830    25.6190     6.5270     38.509   105.1915    -0.0005      7.810     2.6690     3.8142    116.219    119.196      30396          4  0.000e+00
   56.47078 -134.45484    198.581    100.895     99.949     6.5354    32.6366  1026.0833    25.6194     6.5268     38.552   105.1915    -0.0005      7.810     2.6720     3.8185    116.350    119.330      30397          4  0.000e+00
   56.47078 -134.45484    198.605    100.920     99.973     6.5350    32.6368  1026.0836    25.6196     6.5264     38.544   105.1915    -0.0005      7.810     2.6715     3.8178    116.329    119.309      30398          4  0.000e+00
   56.47078 -134.45484    198.637    100.952    100.005     6.5350    32.6364  1026.0835    25.6193     6.5264     38.487   105.1915    -0.0005      7.815     2.6675     3.8121    116.154    119.130      30399          4  0.000e+00
   56.47078 -134.45484    198.493    100.806     99.861     6.5349    32.6368  1026.0831    25.6196     6.5263     38.537   105.1915    -0.0005      7.810     2.6710     3.8171    116.306    119.285      30400          4  0.000e+00
   56.47078 -134.45484    198.637    100.952    100.005     6.5346    32.6373  1026.0843    25.6201     6.5260     38.531   105.1915    -0.0005      7.815     2.6706     3.8165    116.288    119.268      30401          4  0.000e+00
   56.47078 -134.45484    198.605    100.920     99.973     6.5346    32.6372  1026.0840    25.6200     6.5260     38.588   105.1915    -0.0005      7.810     2.6746     3.8222    116.462    119.446      30402          4  0.000e+00
   56.47078 -134.45484    198.581    100.895     99.949     6.5345    32.6372  1026.0839    25.6200     6.5259     38.538   105.1915    -0.0005      7.810     2.6711     3.8172    116.309    119.289      30403          4  0.000e+00
   56.47078 -134.45484    198.605    100.920     99.973     6.5344    32.6371  1026.0840    25.6199     6.5257     38.481   105.1915    -0.0005      7.810     2.6671     3.8116    116.139    119.114      30404          4  0.000e+00
   56.47078 -134.45484    198.669    100.984    100.037     6.5346    32.6368  1026.0840    25.6196     6.5260     38.540   105.1915    -0.0005      7.810     2.6712     3.8174    116.317    119.297      30405          4  0.000e+00
   56.47078 -134.45484    198.581    100.895     99.949     6.5344    32.6370  1026.0838    25.6199     6.5258     38.541   105.1635    -0.0005      7.810     2.6713     3.8176    116.321    119.301      30406          4  0.000e+00
   56.47078 -134.45484    198.726    101.041    100.093     6.5346    32.6367  1026.0842    25.6196     6.5260     38.537   105.1635    -0.0005      7.815     2.6710     3.8171    116.308    119.287      30407          4  0.000e+00
   56.47078 -134.45484    198.525    100.839     99.893     6.5346    32.6370  1026.0835    25.6198     6.5260     38.595   105.1635    -0.0005      7.810     2.6750     3.8229    116.483    119.468      30408          4  0.000e+00
   56.47078 -134.45484    198.605    100.920     99.973     6.5349    32.6369  1026.0837    25.6197     6.5262     38.547   105.1635    -0.0005      7.810     2.6717     3.8181    116.336    119.317      30409          4  0.000e+00
   56.47078 -134.45484    198.637    100.952    100.005     6.5349    32.6366  1026.0836    25.6194     6.5262     38.549   105.1635    -0.0005      7.810     2.6718     3.8183    116.344    119.324      30410          4  0.000e+00
   56.47078 -134.45484    198.549    100.863     99.917     6.5349    32.6368  1026.0834    25.6196     6.5263     38.551   105.1635    -0.0005      7.810     2.6720     3.8185    116.350    119.331      30411          4  0.000e+00
   56.47078 -134.45484    198.637    100.952    100.005     6.5350    32.6364  1026.0835    25.6193     6.5264     38.555   105.1635    -0.0005      7.810     2.6722     3.8188    116.359    119.340      30412          4  0.000e+00
   56.47078 -134.45484    198.605    100.920     99.973     6.5350    32.6364  1026.0833    25.6193     6.5264     38.557   105.1635    -0.0005      7.810     2.6724     3.8191    116.368    119.349      30413          4  0.000e+00
   56.47078 -134.45484    198.758    101.073    100.125     6.5354    32.6362  1026.0838    25.6191     6.5267     38.497   105.1635    -0.0005      7.815     2.6682     3.8131    116.185    119.162      30414          4  0.000e+00
   56.47078 -134.45484    198.493    100.806     99.861     6.5350    32.6368  1026.0831    25.6196     6.5264     38.493   105.1635    -0.0005      7.810     2.6679     3.8127    116.173    119.149      30415          4  0.000e+00
   56.47060 -134.45468    148.803     50.639     50.170     7.5859    31.8792  1025.1147    24.8827     7.5812     50.204   104.4084     0.1167      7.917     3.4134     4.8781    148.743    152.444      33551          5  0.000e+00
   56.47060 -134.45468    148.979     50.817     50.347     7.5861    31.8786  1025.1150    24.8822     7.5814     50.249   104.4084     0.1167      7.917     3.4165     4.8825    148.876    152.580      33552          5  0.000e+00
   56.47060 -134.45468    148.979     50.817     50.347     7.5860    31.8784  1025.1149    24.8821     7.5813     50.242   104.4084     0.1167      7.917     3.4160     4.8818    148.855    152.559      33553          5  0.000e+00
   56.47060 -134.45468    149.035     50.874     50.403     7.5869    31.8775  1025.1143    24.8812     7.5822     50.241   104.4084     0.1167      7.917     3.4159     4.8816    148.850    152.553      33554          5  0.000e+00
   56.47060 -134.45468    148.691     50.526     50.058     7.5877    31.8773  1025.1124    24.8809     7.5831     50.237   104.4084     0.1167      7.917     3.4156     4.8812    148.836    152.539      33555          5  0.000e+00
   56.47060 -134.45468    148.923     50.761     50.291     7.5886    31.8764  1025.1126    24.8801     7.5839     50.237   104.4084     0.1167      7.917     3.4155     4.8811    148.833    152.536      33556          5  0.000e+00
   56.47060 -134.45468    148.923     50.761     50.291     7.5891    31.8758  1025.1121    24.8796     7.5844     50.178   104.4084     0.1167      7.917     3.4115     4.8753    148.658    152.356      33557          5  0.000e+00
   56.47060 -134.45468    148.859     50.696     50.227     7.5891    31.8758  1025.1118    24.8796     7.5844     50.169   104.3804     0.1167      7.917     3.4109     4.8745    148.632    152.330      33558          5  0.000e+00
   56.47060 -134.45468    148.867     50.704     50.235     7.5891    31.8756  1025.1116    24.8794     7.5844     50.161   104.3524     0.1167      7.917     3.4103     4.8737    148.608    152.306      33559          5  0.000e+00
   56.47060 -134.45468    148.923     50.761     50.291     7.5886    31.8760  1025.1123    24.8798     7.5839     50.160   104.3524     0.1167      7.917     3.4103     4.8736    148.606    152.303      33560          5  0.000e+00
