EcoFOCI/data/1_SampleCollection/2022_GOA-OA_CruiseData/CTD_raw_BottleFile_RC0083/RC0083_129.ros
* Sea-Bird SBE 9 Data File:
* FileName = C:\Data\RC0083ctd\RC0083_129.hex
* Software Version Seasave V 7.26.7.107
* Temperature SN = 2060
* Conductivity SN = 2881
* Number of Bytes Per Scan = 31
* Number of Voltage Words = 4
* Number of Scans Averaged by the Deck Unit = 1
* NMEA Latitude = 57 15.18 N
* NMEA Longitude = 134 42.62 W
* NMEA UTC (Time) = Aug 24 2022  07:10:06
* NMEA baud rate = 4800
** Ship: R/V Rachel Carson
** Cruise ID: RC0083
** Tech: McHugh/Nomura
** Chief Scientist: Cross
** Station: MSC3B
** Cast:  CTD129
# nquan = 21
# nvalues = 490                                   
# units = specified
# name 0 = latitude: Latitude [deg]
# name 1 = longitude: Longitude [deg]
# name 2 = sfdSM: Seafloor depth [salt water, m]
# name 3 = prDM: Pressure, Digiquartz [db]
# name 4 = depSM: Depth [salt water, m]
# name 5 = t090C: Temperature [ITS-90, deg C]
# name 6 = sal00: Salinity, Practical [PSU]
# name 7 = density00: Density [density, kg/m^3]
# name 8 = sigma-é00: Density [sigma-theta, kg/m^3]
# name 9 = potemp090C: Potential Temperature [ITS-90, deg C]
# name 10 = sbeox0PS: Oxygen, SBE 43 [% saturation]
# name 11 = CStarTr0: Beam Transmission, WET Labs C-Star [%]
# name 12 = flECO-AFL: Fluorescence, WET Labs ECO-AFL/FL [mg/m^3]
# name 13 = ph: pH
# name 14 = sbeox0ML/L: Oxygen, SBE 43 [ml/l]
# name 15 = sbeox0Mg/L: Oxygen, SBE 43 [mg/l]
# name 16 = sbox0Mm/Kg: Oxygen, SBE 43 [umol/kg]
# name 17 = sbeox0Mm/L: Oxygen, SBE 43 [umol/l]
# name 18 = scan: Scan Count
# name 19 = nbf: Bottles Fired
# name 20 = flag:  0.000e+00
# interval = seconds: 0.0416667
# start_time = Aug 24 2022 07:10:06 [NMEA time, header]
# bad_flag = -9.990e-29
*END*
   57.25776 -134.70744    877.135    856.759    847.123     5.0971    33.9050  1030.7337    26.8041     5.0268     17.419    98.4789    -0.0591      7.630     1.2383     1.7697     53.859     55.303      32927          1  0.000e+00
   57.25776 -134.70744    877.046    856.669    847.034     5.0971    33.9048  1030.7331    26.8039     5.0268     17.476    98.4789    -0.0591      7.630     1.2423     1.7754     54.033     55.482      32928          1  0.000e+00
   57.25776 -134.70744    877.014    856.636    847.001     5.0971    33.9053  1030.7334    26.8043     5.0268     17.475    98.4789    -0.0591      7.630     1.2423     1.7753     54.032     55.480      32929          1  0.000e+00
   57.25776 -134.70744    876.925    856.546    846.912     5.0972    33.9054  1030.7330    26.8044     5.0269     17.474    98.4789    -0.0591      7.630     1.2422     1.7752     54.028     55.477      32930          1  0.000e+00
   57.25776 -134.70744    877.078    856.702    847.066     5.0974    33.9052  1030.7335    26.8042     5.0271     17.483    98.4789    -0.0591      7.630     1.2428     1.7761     54.055     55.504      32931          1  0.000e+00
   57.25776 -134.70744    876.933    856.579    846.945     5.0972    33.9054  1030.7331    26.8044     5.0269     17.425    98.4789    -0.0591      7.630     1.2387     1.7703     53.877     55.321      32932          1  0.000e+00
   57.25776 -134.70744    877.143    856.792    847.155     5.0971    33.9052  1030.7339    26.8042     5.0268     17.425    98.4789    -0.0591      7.630     1.2387     1.7703     53.878     55.322      32933          1  0.000e+00
   57.25776 -134.70744    876.811    856.456    846.824     5.0969    33.9057  1030.7328    26.8046     5.0267     17.415    98.4789    -0.0591      7.630     1.2380     1.7692     53.846     55.290      32934          1  0.000e+00
   57.25776 -134.70744    877.143    856.792    847.155     5.0972    33.9050  1030.7338    26.8041     5.0269     17.472    98.4789    -0.0591      7.630     1.2421     1.7750     54.022     55.470      32935          1  0.000e+00
   57.25776 -134.70744    876.690    856.333    846.702     5.0971    33.9053  1030.7320    26.8043     5.0268     17.480    98.3950    -0.0591      7.630     1.2426     1.7758     54.046     55.495      32936          1  0.000e+00
   57.25776 -134.70744    877.110    856.759    847.123     5.0972    33.9050  1030.7336    26.8040     5.0269     17.424    98.2272    -0.0591      7.630     1.2386     1.7701     53.873     55.317      32937          1  0.000e+00
   57.25776 -134.70744    876.957    856.603    846.969     5.0972    33.9053  1030.7332    26.8043     5.0269     17.423    98.1713    -0.0591      7.630     1.2386     1.7701     53.872     55.316      32938          1  0.000e+00
   57.25776 -134.70744    876.989    856.636    847.001     5.0972    33.9051  1030.7332    26.8041     5.0269     17.424    98.1713    -0.0591      7.630     1.2386     1.7701     53.873     55.317      32939          1  0.000e+00
   57.25776 -134.70744    876.933    856.579    846.945     5.0971    33.9052  1030.7330    26.8042     5.0268     17.415    98.1993    -0.0591      7.630     1.2380     1.7692     53.846     55.289      32940          1  0.000e+00
   57.25776 -134.70744    876.957    856.603    846.969     5.0971    33.9052  1030.7331    26.8042     5.0268     17.406    98.1993    -0.0591      7.630     1.2374     1.7684     53.819     55.262      32941          1  0.000e+00
   57.25776 -134.70744    876.933    856.579    846.945     5.0974    33.9046  1030.7325    26.8037     5.0271     17.398    98.1993    -0.0591      7.630     1.2368     1.7675     53.792     55.234      32942          1  0.000e+00
   57.25776 -134.70744    876.957    856.603    846.969     5.0972    33.9050  1030.7329    26.8040     5.0269     17.455    98.1993    -0.0591      7.630     1.2408     1.7733     53.968     55.415      32943          1  0.000e+00
   57.25776 -134.70744    876.933    856.579    846.945     5.0974    33.9052  1030.7330    26.8042     5.0271     17.455    98.1993    -0.0591      7.630     1.2408     1.7732     53.968     55.414      32944          1  0.000e+00
   57.25776 -134.70744    876.933    856.579    846.945     5.0972    33.9052  1030.7330    26.8042     5.0269     17.454    98.1993    -0.0591      7.630     1.2408     1.7732     53.967     55.413      32945          1  0.000e+00
   57.25776 -134.70744    877.078    856.726    847.090     5.0972    33.9055  1030.7339    26.8044     5.0269     17.519    98.1993    -0.0591      7.630     1.2454     1.7798     54.168     55.620      32946          1  0.000e+00
   57.25776 -134.70744    876.812    856.456    846.824     5.0971    33.9051  1030.7324    26.8042     5.0269     17.526    98.1993    -0.0591      7.630     1.2459     1.7805     54.190     55.643      32947          1  0.000e+00
   57.25776 -134.70744    876.957    856.603    846.969     5.0972    33.9052  1030.7331    26.8042     5.0269     17.468    98.1993    -0.0591      7.630     1.2418     1.7746     54.009     55.457      32948          1  0.000e+00
   57.25776 -134.70744    876.812    856.456    846.824     5.0971    33.9051  1030.7324    26.8042     5.0268     17.409    98.1993    -0.0591      7.630     1.2376     1.7686     53.827     55.269      32949          1  0.000e+00
   57.25776 -134.70744    877.054    856.702    847.066     5.0971    33.9051  1030.7335    26.8041     5.0268     17.473    98.1993    -0.0591      7.630     1.2421     1.7751     54.025     55.473      32950          1  0.000e+00
   57.25776 -134.70744    876.957    856.604    846.969     5.0969    33.9053  1030.7332    26.8044     5.0266     17.480    98.1993    -0.0591      7.630     1.2426     1.7758     54.047     55.496      32951          1  0.000e+00
   57.25776 -134.70744    876.957    856.579    846.945     5.0972    33.9051  1030.7329    26.8041     5.0269     17.487    98.1993    -0.0591      7.630     1.2431     1.7766     54.069     55.518      32952          1  0.000e+00
   57.25776 -134.70744    876.925    856.546    846.913     5.0971    33.9052  1030.7329    26.8042     5.0268     17.429    98.1993    -0.0591      7.630     1.2390     1.7706     53.888     55.333      32953          1  0.000e+00
   57.25776 -134.70744    877.014    856.636    847.002     5.0972    33.9048  1030.7329    26.8039     5.0269     17.484    98.1993    -0.0591      7.630     1.2429     1.7762     54.058     55.507      32954          1  0.000e+00
   57.25776 -134.70744    876.957    856.579    846.945     5.0972    33.9053  1030.7330    26.8043     5.0269     17.416    98.1993    -0.0591      7.630     1.2380     1.7693     53.847     55.290      32955          1  0.000e+00
   57.25776 -134.70744    877.046    856.669    847.034     5.0972    33.9051  1030.7333    26.8041     5.0269     17.404    98.2552    -0.0591      7.630     1.2372     1.7681     53.813     55.255      32956          1  0.000e+00
   57.25776 -134.70744    876.836    856.456    846.824     5.0971    33.9053  1030.7325    26.8043     5.0268     17.458    98.4789    -0.0591      7.630     1.2411     1.7736     53.979     55.426      32957          1  0.000e+00
   57.25776 -134.70744    876.957    856.579    846.945     5.0971    33.9055  1030.7332    26.8044     5.0268     17.456    98.5629    -0.0591      7.630     1.2409     1.7734     53.972     55.418      32958          1  0.000e+00
   57.25776 -134.70744    877.046    856.669    847.034     5.0969    33.9054  1030.7336    26.8044     5.0266     17.453    98.5629    -0.0591      7.630     1.2407     1.7731     53.963     55.410      32959          1  0.000e+00
   57.25776 -134.70744    876.836    856.456    846.824     5.0971    33.9053  1030.7325    26.8043     5.0268     17.449    98.5349    -0.0591      7.630     1.2404     1.7727     53.951     55.397      32960          1  0.000e+00
   57.25776 -134.70744    876.982    856.604    846.969     5.0971    33.9056  1030.7334    26.8045     5.0269     17.455    98.5349    -0.0591      7.630     1.2408     1.7733     53.969     55.416      32961          1  0.000e+00
   57.25776 -134.70744    876.893    856.514    846.881     5.0972    33.9053  1030.7328    26.8043     5.0269     17.461    98.5349    -0.0591      7.630     1.2412     1.7738     53.986     55.433      32962          1  0.000e+00
   57.25776 -134.70744    876.957    856.579    846.945     5.0972    33.9053  1030.7331    26.8043     5.0269     17.401    98.5349    -0.0591      7.630     1.2370     1.7678     53.802     55.244      32963          1  0.000e+00
   57.25776 -134.70744    876.925    856.546    846.913     5.0972    33.9054  1030.7330    26.8044     5.0269     17.407    98.5349    -0.0591      7.630     1.2374     1.7684     53.821     55.264      32964          1  0.000e+00
   57.25776 -134.70744    876.893    856.514    846.881     5.0972    33.9052  1030.7327    26.8042     5.0269     17.414    98.5349    -0.0591      7.630     1.2379     1.7691     53.843     55.287      32965          1  0.000e+00
   57.25776 -134.70744    876.925    856.546    846.913     5.0971    33.9055  1030.7331    26.8045     5.0268     17.413    98.5349    -0.0591      7.630     1.2378     1.7690     53.839     55.282      32966          1  0.000e+00
   57.25776 -134.70744    877.014    856.636    847.002     5.0971    33.9052  1030.7333    26.8043     5.0268     17.412    98.5349    -0.0591      7.630     1.2378     1.7689     53.836     55.279      32967          1  0.000e+00
   57.25776 -134.70744    876.772    856.391    846.759     5.0969    33.9057  1030.7326    26.8047     5.0267     17.476    98.5349    -0.0591      7.630     1.2424     1.7754     54.035     55.483      32968          1  0.000e+00
   57.25776 -134.70744    877.046    856.669    847.034     5.0972    33.9051  1030.7333    26.8041     5.0269     17.485    98.5349    -0.0591      7.630     1.2430     1.7763     54.063     55.512      32969          1  0.000e+00
   57.25776 -134.70744    876.772    856.391    846.759     5.0971    33.9053  1030.7322    26.8043     5.0268     17.483    98.5349    -0.0591      7.630     1.2429     1.7762     54.057     55.506      32970          1  0.000e+00
   57.25776 -134.70744    876.860    856.481    846.848     5.0971    33.9053  1030.7326    26.8043     5.0268     17.482    98.5349    -0.0591      7.630     1.2428     1.7760     54.053     55.502      32971          1  0.000e+00
   57.25776 -134.70744    876.893    856.514    846.881     5.0971    33.9052  1030.7327    26.8043     5.0268     17.490    98.5349    -0.0591      7.630     1.2433     1.7768     54.077     55.526      32972          1  0.000e+00
   57.25776 -134.70744    876.893    856.514    846.881     5.0971    33.9055  1030.7330    26.8045     5.0268     17.553    98.5349    -0.0591      7.630     1.2478     1.7833     54.274     55.729      32973          1  0.000e+00
   57.25776 -134.70744    876.982    856.604    846.970     5.0971    33.9055  1030.7333    26.8044     5.0269     17.495    98.5349    -0.0591      7.630     1.2436     1.7773     54.091     55.541      32974          1  0.000e+00
   57.25776 -134.70744    876.715    856.334    846.703     5.0971    33.9055  1030.7321    26.8044     5.0268     17.491    98.5349    -0.0591      7.630     1.2434     1.7769     54.080     55.530      32975          1  0.000e+00
   57.25972 -134.70754    598.049    504.795    499.539     5.1608    33.8607  1029.0817    26.7582     5.1204     19.174   102.8141    -0.0591      7.664     1.3614     1.9456     59.215     60.799      47045          2  0.000e+00
   57.25972 -134.70754    598.009    504.755    499.499     5.1606    33.8604  1029.0813    26.7580     5.1203     19.183   102.8141    -0.0591      7.664     1.3621     1.9465     59.244     60.829      47046          2  0.000e+00
   57.25972 -134.70754    597.832    504.551    499.297     5.1605    33.8605  1029.0804    26.7581     5.1202     19.130   102.8141    -0.0591      7.659     1.3583     1.9411     59.080     60.661      47047          2  0.000e+00
   57.25972 -134.70754    597.929    504.673    499.418     5.1605    33.8608  1029.0812    26.7583     5.1201     19.132   102.8141    -0.0591      7.659     1.3584     1.9413     59.086     60.667      47048          2  0.000e+00
   57.25972 -134.70754    598.098    504.820    499.563     5.1608    33.8600  1029.0812    26.7577     5.1204     19.126   102.8141    -0.0591      7.659     1.3580     1.9407     59.068     60.648      47049          2  0.000e+00
   57.25972 -134.70754    597.832    504.551    499.297     5.1606    33.8601  1029.0801    26.7578     5.1203     19.119   102.8141    -0.0591      7.659     1.3575     1.9400     59.046     60.626      47050          2  0.000e+00
   57.25972 -134.70754    597.977    504.698    499.442     5.1606    33.8605  1029.0811    26.7581     5.1203     19.113   102.8141    -0.0591      7.659     1.3571     1.9394     59.027     60.607      47051          2  0.000e+00
   57.25972 -134.70754    598.074    504.795    499.539     5.1609    33.8603  1029.0814    26.7579     5.1206     19.169   102.8141    -0.0591      7.664     1.3610     1.9450     59.199     60.783      47052          2  0.000e+00
   57.25972 -134.70754    597.897    504.616    499.362     5.1608    33.8601  1029.0804    26.7577     5.1204     19.108   102.8141    -0.0591      7.659     1.3567     1.9389     59.011     60.590      47053          2  0.000e+00
   57.25972 -134.70754    597.977    504.698    499.442     5.1606    33.8603  1029.0809    26.7579     5.1203     19.172   102.8141    -0.0591      7.659     1.3612     1.9453     59.208     60.793      47054          2  0.000e+00
   57.25972 -134.70754    598.017    504.738    499.483     5.1606    33.8604  1029.0812    26.7580     5.1203     19.182   102.8141    -0.0591      7.659     1.3619     1.9463     59.239     60.824      47055          2  0.000e+00
   57.25974 -134.70754    597.977    504.698    499.442     5.1605    33.8605  1029.0812    26.7581     5.1201     19.191   102.8141    -0.0591      7.659     1.3626     1.9473     59.269     60.855      47056          2  0.000e+00
   57.25974 -134.70754    597.953    504.673    499.418     5.1605    33.8605  1029.0810    26.7581     5.1202     19.201   102.8141    -0.0591      7.659     1.3633     1.9483     59.298     60.885      47057          2  0.000e+00
   57.25974 -134.70754    597.993    504.738    499.483     5.1605    33.8609  1029.0817    26.7584     5.1201     19.211   102.8141    -0.0591      7.659     1.3640     1.9493     59.329     60.916      47058          2  0.000e+00
   57.25974 -134.70754    597.977    504.698    499.442     5.1606    33.8603  1029.0809    26.7579     5.1203     19.150   102.8421    -0.0591      7.659     1.3597     1.9431     59.142     60.724      47059          2  0.000e+00
   57.25974 -134.70754    598.018    504.738    499.483     5.1606    33.8602  1029.0811    26.7579     5.1203     19.143   102.9260    -0.0591      7.659     1.3592     1.9425     59.121     60.703      47060          2  0.000e+00
   57.25974 -134.70754    598.154    504.877    499.620     5.1607    33.8604  1029.0819    26.7580     5.1203     19.207   102.9540    -0.0591      7.659     1.3638     1.9490     59.318     60.906      47061          2  0.000e+00
   57.25974 -134.70754    597.897    504.616    499.362     5.1606    33.8605  1029.0807    26.7581     5.1203     19.217   102.9540    -0.0591      7.659     1.3644     1.9499     59.347     60.935      47062          2  0.000e+00
   57.25974 -134.70754    598.018    504.738    499.483     5.1605    33.8605  1029.0813    26.7581     5.1201     19.227   102.9540    -0.0591      7.659     1.3651     1.9509     59.378     60.967      47063          2  0.000e+00
