EcoFOCI/data/1_SampleCollection/2022_GOA-OA_CruiseData/CTD_raw_BottleFile_RC0083/RC0083_065.cnv
* Sea-Bird SBE 9 Data File:
* FileName = C:\Data\RC0083ctd\RC0083_065.hex
* Software Version Seasave V 7.26.7.107
* Temperature SN = 2060
* Conductivity SN = 1084
* Number of Bytes Per Scan = 31
* Number of Voltage Words = 4
* Number of Scans Averaged by the Deck Unit = 1
* NMEA Latitude = 58 50.77 N
* NMEA Longitude = 136 05.10 W
* NMEA UTC (Time) = Aug 20 2022  16:35:21
* NMEA baud rate = 4800
** Ship: R/V Rachel Carson
** Cruise ID: RC0083
** Tech: McHugh/Nomura
** Chief Scientist: Cross
** Station: GB15
** Cast:  CTD065
# nquan = 19
# nvalues = 18234                                 
# units = specified
# name 0 = latitude: Latitude [deg]
# name 1 = longitude: Longitude [deg]
# name 2 = sfdSM: Seafloor depth [salt water, m]
# name 3 = prDM: Pressure, Digiquartz [db]
# name 4 = depSM: Depth [salt water, m]
# name 5 = t090C: Temperature [ITS-90, deg C]
# name 6 = sal00: Salinity, Practical [PSU]
# name 7 = density00: Density [density, kg/m^3]
# name 8 = sigma-é00: Density [sigma-theta, kg/m^3]
# name 9 = potemp090C: Potential Temperature [ITS-90, deg C]
# name 10 = sbeox0PS: Oxygen, SBE 43 [% saturation]
# name 11 = CStarTr0: Beam Transmission, WET Labs C-Star [%]
# name 12 = flECO-AFL: Fluorescence, WET Labs ECO-AFL/FL [mg/m^3]
# name 13 = ph: pH
# name 14 = sbeox0ML/L: Oxygen, SBE 43 [ml/l]
# name 15 = sbeox0Mg/L: Oxygen, SBE 43 [mg/l]
# name 16 = sbox0Mm/Kg: Oxygen, SBE 43 [umol/kg]
# name 17 = sbeox0Mm/L: Oxygen, SBE 43 [umol/l]
# name 18 = flag:  0.000e+00
# span 0 =   58.84468,   58.84624                 
# span 1 = -136.08546, -136.08500                 
# span 2 =     27.790,    329.149                 
# span 3 =      2.316,    252.936                 
# span 4 =      2.295,    250.421                 
# span 5 =     4.8553,     7.9482                 
# span 6 =    16.5842,    30.9106                 
# span 7 =  1012.9617,  1025.6262                 
# span 8 =    12.9496,    24.4517                 
# span 9 =     4.8374,     7.9473                 
# span 10 =     69.137,     98.120                
# span 11 =    12.8659,    84.6343                
# span 12 =    -0.0591,     2.4903                
# span 13 =      7.916,      8.293                
# span 14 =     4.7681,     7.4242                
# span 15 =     6.8142,    10.6099                
# span 16 =    208.064,    327.157                
# span 17 =    212.945,    331.565                
# span 18 = 0.0000e+00, 0.0000e+00                
# interval = seconds: 0.0416667
# start_time = Aug 20 2022 16:35:21 [NMEA time, header]
# bad_flag = -9.990e-29
*END*
[from data line 5943]
   58.84580 -136.08500    227.721    130.346    129.088     5.5204    30.7799  1024.8801    24.2757     5.5106     75.697    48.1068    -0.0298      7.938     5.4396     7.7737    237.175    242.933  0.000e+00
   58.84580 -136.08500    227.785    130.411    129.152     5.5200    30.7800  1024.8805    24.2758     5.5102     75.695    48.1068    -0.0298      7.943     5.4395     7.7736    237.172    242.929  0.000e+00
   58.84580 -136.08500    227.785    130.411    129.152     5.5204    30.7800  1024.8804    24.2757     5.5106     75.750    48.1068    -0.0298      7.938     5.4434     7.7792    237.341    243.102  0.000e+00
   58.84580 -136.08500    227.841    130.467    129.209     5.5201    30.7801  1024.8808    24.2758     5.5104     75.755    48.0788    -0.0298      7.943     5.4438     7.7798    237.359    243.121  0.000e+00
   58.84580 -136.08500    227.905    130.532    129.273     5.5200    30.7799  1024.8810    24.2757     5.5102     75.760    48.0788    -0.0298      7.938     5.4442     7.7803    237.375    243.137  0.000e+00
   58.84580 -136.08500    227.905    130.532    129.273     5.5201    30.7799  1024.8810    24.2757     5.5104     75.763    48.0509    -0.0298      7.943     5.4444     7.7806    237.384    243.147  0.000e+00
   58.84580 -136.08500    227.905    130.532    129.273     5.5201    30.7800  1024.8810    24.2758     5.5104     75.766    48.0788    -0.0298      7.943     5.4446     7.7809    237.393    243.156  0.000e+00
   58.84580 -136.08500    228.017    130.645    129.385     5.5201    30.7799  1024.8815    24.2757     5.5104     75.769    48.0788    -0.0298      7.943     5.4448     7.7812    237.403    243.166  0.000e+00
   58.84580 -136.08500    227.961    130.589    129.329     5.5204    30.7802  1024.8814    24.2759     5.5106     75.770    48.0788    -0.0298      7.938     5.4448     7.7812    237.404    243.167  0.000e+00
   58.84580 -136.08500    228.081    130.710    129.449     5.5205    30.7799  1024.8817    24.2757     5.5107     75.772    48.0788    -0.0298      7.943     5.4450     7.7814    237.409    243.172  0.000e+00
   58.84580 -136.08500    228.017    130.645    129.385     5.5205    30.7797  1024.8812    24.2755     5.5107     75.771    48.0788    -0.0298      7.938     5.4449     7.7813    237.407    243.171  0.000e+00
   58.84580 -136.08500    228.138    130.767    129.505     5.5206    30.7798  1024.8819    24.2756     5.5109     75.772    48.0788    -0.0298      7.943     5.4449     7.7814    237.408    243.171  0.000e+00
   58.84580 -136.08500    228.146    130.775    129.513     5.5206    30.7795  1024.8817    24.2754     5.5109     75.770    48.0788    -0.0298      7.938     5.4449     7.7812    237.404    243.167  0.000e+00
   58.84580 -136.08500    228.138    130.767    129.505     5.5205    30.7800  1024.8820    24.2757     5.5107     75.768    48.0788    -0.0298      7.938     5.4447     7.7810    237.398    243.161  0.000e+00
   58.84580 -136.08500    228.258    130.888    129.625     5.5208    30.7798  1024.8824    24.2755     5.5110     75.767    48.0788    -0.0298      7.943     5.4446     7.7808    237.391    243.154  0.000e+00
   58.84580 -136.08500    228.194    130.824    129.561     5.5208    30.7800  1024.8823    24.2757     5.5110     75.763    48.0788    -0.0298      7.938     5.4443     7.7804    237.378    243.141  0.000e+00
   58.84580 -136.08500    228.314    130.945    129.681     5.5212    30.7795  1024.8824    24.2752     5.5114     75.817    48.0788    -0.0298      7.938     5.4481     7.7859    237.548    243.314  0.000e+00
   58.84580 -136.08500    228.314    130.945    129.681     5.5212    30.7796  1024.8825    24.2754     5.5114     75.763    48.0788    -0.0298      7.943     5.4442     7.7804    237.377    243.140  0.000e+00
   58.84580 -136.08500    228.314    130.945    129.681     5.5212    30.7797  1024.8826    24.2754     5.5114     75.814    48.0788    -0.0298      7.943     5.4479     7.7857    237.539    243.305  0.000e+00
   58.84580 -136.08500    228.378    131.010    129.745     5.5214    30.7798  1024.8829    24.2754     5.5116     75.816    48.0788    -0.0298      7.938     5.4480     7.7858    237.543    243.309  0.000e+00
   58.84580 -136.08500    228.434    131.066    129.802     5.5217    30.7794  1024.8828    24.2751     5.5119     75.825    48.0788    -0.0298      7.943     5.4487     7.7867    237.571    243.338  0.000e+00
   58.84580 -136.08500    228.434    131.066    129.802     5.5224    30.7790  1024.8824    24.2747     5.5126     75.834    48.0788    -0.0298      7.938     5.4492     7.7874    237.594    243.361  0.000e+00
   58.84580 -136.08500    228.490    131.123    129.858     5.5220    30.7794  1024.8831    24.2751     5.5121     75.776    48.0788    -0.0298      7.943     5.4451     7.7816    237.415    243.178  0.000e+00
   58.84580 -136.08500    228.378    131.010    129.745     5.5216    30.7796  1024.8827    24.2753     5.5118     75.822    47.9390    -0.0298      7.943     5.4485     7.7864    237.562    243.329  0.000e+00
   58.84580 -136.08500    228.674    131.309    130.042     5.5214    30.7793  1024.8839    24.2751     5.5116     75.822    47.6593    -0.0298      7.938     5.4485     7.7865    237.564    243.331  0.000e+00
   58.84580 -136.08500    228.579    131.188    129.922     5.5213    30.7794  1024.8835    24.2752     5.5115     75.826    47.5474    -0.0298      7.943     5.4488     7.7869    237.576    243.343  0.000e+00
   58.84580 -136.08500    228.610    131.244    129.978     5.5209    30.7793  1024.8837    24.2752     5.5111     75.831    47.5474    -0.0298      7.938     5.4492     7.7874    237.593    243.360  0.000e+00
   58.84580 -136.08500    228.674    131.309    130.042     5.5204    30.7793  1024.8840    24.2752     5.5105     75.826    47.5754    -0.0298      7.943     5.4489     7.7871    237.582    243.350  0.000e+00
   58.84580 -136.08500    228.674    131.309    130.042     5.5190    30.7802  1024.8849    24.2760     5.5092     75.821    47.5474    -0.0298      7.938     5.4487     7.7867    237.570    243.337  0.000e+00
   58.84580 -136.08500    228.730    131.366    130.098     5.5188    30.7803  1024.8853    24.2762     5.5089     75.823    47.5754    -0.0298      7.938     5.4488     7.7869    237.577    243.345  0.000e+00
   58.84580 -136.08500    228.730    131.366    130.098     5.5182    30.7810  1024.8859    24.2768     5.5084     75.823    47.5754    -0.0298      7.943     5.4489     7.7871    237.582    243.349  0.000e+00
   58.84580 -136.08500    228.787    131.422    130.154     5.5184    30.7805  1024.8858    24.2764     5.5086     75.824    47.5754    -0.0298      7.943     5.4490     7.7871    237.583    243.351  0.000e+00
   58.84580 -136.08500    228.787    131.422    130.154     5.5181    30.7808  1024.8860    24.2767     5.5083     75.823    47.5474    -0.0298      7.938     5.4490     7.7871    237.582    243.350  0.000e+00
   58.84580 -136.08500    228.851    131.487    130.218     5.5181    30.7805  1024.8861    24.2764     5.5083     75.823    47.5754    -0.0298      7.943     5.4489     7.7870    237.581    243.348  0.000e+00
   58.84580 -136.08500    228.859    131.495    130.226     5.5181    30.7805  1024.8861    24.2764     5.5083     75.821    47.5754    -0.0298      7.938     5.4488     7.7868    237.575    243.342  0.000e+00
   58.84580 -136.08500    228.907    131.544    130.274     5.5185    30.7804  1024.8862    24.2763     5.5087     75.818    47.5474    -0.0298      7.938     5.4485     7.7865    237.565    243.332  0.000e+00
   58.84580 -136.08500    228.907    131.544    130.274     5.5181    30.7809  1024.8866    24.2767     5.5083     75.823    47.5474    -0.0298      7.943     5.4490     7.7871    237.583    243.351  0.000e+00
   58.84580 -136.08500    229.027    131.665    130.394     5.5180    30.7811  1024.8874    24.2769     5.5081     75.887    47.5754    -0.0298      7.938     5.4535     7.7936    237.782    243.554  0.000e+00
   58.84580 -136.08500    228.971    131.609    130.338     5.5180    30.7806  1024.8867    24.2765     5.5081     75.890    47.5754    -0.0298      7.943     5.4538     7.7940    237.793    243.565  0.000e+00
   58.84580 -136.08500    229.027    131.665    130.394     5.5181    30.7807  1024.8870    24.2765     5.5082     75.902    47.5754    -0.0298      7.943     5.4546     7.7952    237.829    243.602  0.000e+00
   58.84580 -136.08500    229.083    131.722    130.451     5.5181    30.7806  1024.8872    24.2765     5.5082     75.913    47.5754    -0.0298      7.943     5.4554     7.7963    237.864    243.638  0.000e+00
   58.84580 -136.08500    229.083    131.722    130.451     5.5176    30.7814  1024.8879    24.2772     5.5077     75.914    47.5754    -0.0298      7.943     5.4555     7.7965    237.870    243.645  0.000e+00
   58.84580 -136.08500    229.147    131.787    130.515     5.5177    30.7807  1024.8877    24.2766     5.5079     75.915    47.5474    -0.0298      7.943     5.4556     7.7966    237.873    243.648  0.000e+00
   58.84580 -136.08500    229.147    131.787    130.515     5.5176    30.7804  1024.8875    24.2764     5.5077     75.915    47.5195    -0.0298      7.943     5.4556     7.7966    237.872    243.647  0.000e+00
   58.84580 -136.08500    229.211    131.851    130.579     5.5176    30.7808  1024.8880    24.2767     5.5077     75.971    47.3516    -0.0298      7.943     5.4596     7.8024    238.048    243.827  0.000e+00
   58.84580 -136.08500    229.267    131.908    130.635     5.5180    30.7805  1024.8881    24.2765     5.5081     75.985    47.2957    -0.0298      7.943     5.4606     7.8038    238.091    243.871  0.000e+00
   58.84580 -136.08500    229.267    131.908    130.635     5.5177    30.7810  1024.8884    24.2768     5.5079     75.932    47.2957    -0.0298      7.938     5.4568     7.7983    237.925    243.701  0.000e+00
   58.84580 -136.08500    229.267    131.908    130.635     5.5180    30.7806  1024.8881    24.2765     5.5081     75.935    47.2957    -0.0298      7.938     5.4570     7.7986    237.935    243.711  0.000e+00
   58.84580 -136.08500    229.323    131.965    130.691     5.5177    30.7807  1024.8885    24.2766     5.5079     75.930    47.2957    -0.0298      7.943     5.4567     7.7981    237.919    243.695  0.000e+00
   58.84580 -136.08500    229.380    132.021    130.747     5.5180    30.7807  1024.8887    24.2766     5.5081     75.924    47.2957    -0.0298      7.938     5.4562     7.7975    237.898    243.674  0.000e+00
   58.84580 -136.08500    229.380    132.021    130.747     5.5180    30.7806  1024.8886    24.2765     5.5081     75.916    47.2957    -0.0298      7.943     5.4556     7.7967    237.874    243.649  0.000e+00
   58.84580 -136.08500    229.500    132.143    130.867     5.5182    30.7802  1024.8888    24.2761     5.5084     75.917    47.2957    -0.0298      7.943     5.4557     7.7967    237.876    243.650  0.000e+00
   58.84580 -136.08500    229.444    132.086    130.811     5.5182    30.7806  1024.8889    24.2765     5.5084     75.915    47.2957    -0.0298      7.943     5.4555     7.7965    237.870    243.644  0.000e+00
   58.84580 -136.08500    229.508    132.151    130.875     5.5180    30.7808  1024.8894    24.2766     5.5081     75.971    47.2957    -0.0298      7.938     5.4596     7.8023    238.048    243.827  0.000e+00
   58.84580 -136.08500    229.500    132.143    130.867     5.5177    30.7809  1024.8895    24.2768     5.5078     75.920    47.2957    -0.0298      7.938     5.4559     7.7970    237.886    243.661  0.000e+00
   58.84580 -136.08500    229.564    132.208    130.931     5.5176    30.7806  1024.8896    24.2765     5.5077     75.974    47.2957    -0.0298      7.943     5.4599     7.8027    238.059    243.838  0.000e+00
   58.84580 -136.08500    229.620    132.264    130.987     5.5177    30.7807  1024.8899    24.2766     5.5078     75.921    47.2957    -0.0298      7.938     5.4560     7.7972    237.891    243.666  0.000e+00
   58.84580 -136.08500    229.620    132.264    130.987     5.5176    30.7808  1024.8900    24.2767     5.5077     75.916    47.2957    -0.0298      7.938     5.4557     7.7967    237.876    243.651  0.000e+00
   58.84580 -136.08500    229.676    132.321    131.044     5.5176    30.7807  1024.8901    24.2766     5.5077     75.968    47.2957    -0.0298      7.943     5.4594     7.8021    238.039    243.818  0.000e+00
   58.84580 -136.08500    229.676    132.321    131.044     5.5177    30.7808  1024.8902    24.2767     5.5078     75.969    47.2957    -0.0298      7.943     5.4595     7.8022    238.043    243.822  0.000e+00
   58.84580 -136.08500    229.740    132.386    131.108     5.5176    30.7807  1024.8905    24.2766     5.5077     75.970    47.2957    -0.0298      7.943     5.4596     7.8023    238.047    243.826  0.000e+00
   58.84580 -136.08500    229.765    132.386    131.108     5.5174    30.7810  1024.8907    24.2769     5.5075     75.970    47.2957    -0.0298      7.938     5.4596     7.8023    238.045    243.824  0.000e+00
   58.84580 -136.08500    229.804    132.450    131.172     5.5176    30.7813  1024.8912    24.2771     5.5077     75.969    47.2957    -0.0298      7.938     5.4595     7.8021    238.040    243.819  0.000e+00
   58.84580 -136.08500    229.796    132.442    131.164     5.5172    30.7814  1024.8913    24.2772     5.5072     75.966    47.3237    -0.0298      7.943     5.4593     7.8019    238.034    243.813  0.000e+00
   58.84580 -136.08500    229.852    132.499    131.220     5.5168    30.7814  1024.8916    24.2773     5.5069     75.963    47.5754    -0.0298      7.943     5.4591     7.8016    238.026    243.805  0.000e+00
   58.84580 -136.08500    229.916    132.564    131.284     5.5165    30.7814  1024.8919    24.2773     5.5066     75.967    47.7712    -0.0298      7.943     5.4595     7.8022    238.042    243.821  0.000e+00
   58.84580 -136.08500    229.916    132.564    131.284     5.5165    30.7811  1024.8917    24.2771     5.5066     75.962    47.7991    -0.0298      7.943     5.4591     7.8016    238.025    243.804  0.000e+00
   58.84580 -136.08500    229.972    132.620    131.340     5.5165    30.7818  1024.8926    24.2776     5.5066     75.965    47.7712    -0.0298      7.938     5.4593     7.8018    238.032    243.811  0.000e+00
   58.84580 -136.08500    229.972    132.620    131.340     5.5164    30.7816  1024.8924    24.2775     5.5064     75.966    47.7712    -0.0298      7.938     5.4594     7.8020    238.038    243.817  0.000e+00
   58.84580 -136.08500    230.037    132.685    131.404     5.5164    30.7818  1024.8928    24.2776     5.5064     75.967    47.7712    -0.0298      7.943     5.4595     7.8022    238.042    243.821  0.000e+00
   58.84580 -136.08500    230.037    132.685    131.404     5.5164    30.7815  1024.8926    24.2774     5.5064     75.967    47.7712    -0.0298      7.943     5.4595     7.8022    238.042    243.821  0.000e+00
   58.84580 -136.08500    230.173    132.798    131.516     5.5161    30.7817  1024.8934    24.2776     5.5062     75.959    47.7712    -0.0298      7.943     5.4589     7.8014    238.018    243.796  0.000e+00
   58.84580 -136.08500    230.149    132.798    131.516     5.5161    30.7816  1024.8932    24.2775     5.5062     75.957    47.7712    -0.0298      7.943     5.4588     7.8012    238.013    243.791  0.000e+00
   58.84580 -136.08500    230.149    132.798    131.516     5.5165    30.7812  1024.8929    24.2771     5.5066     75.955    47.7712    -0.0298      7.943     5.4586     7.8009    238.004    243.782  0.000e+00
   58.84580 -136.08500    230.149    132.798    131.516     5.5161    30.7819  1024.8935    24.2778     5.5062     75.952    47.7712    -0.0298      7.943     5.4584     7.8006    237.995    243.773  0.000e+00
   58.84580 -136.08500    230.269    132.920    131.636     5.5165    30.7815  1024.8937    24.2774     5.5066     75.949    47.7712    -0.0298      7.943     5.4582     7.8003    237.985    243.763  0.000e+00
