EcoFOCI/data/1_SampleCollection/2022_GOA-OA_CruiseData/CTD_raw_BottleFile_RC0083/RC0083_005.ros
* Sea-Bird SBE 9 Data File:
* FileName = C:\Data\RC0083ctd\RC0083_005.hex
* Software Version Seasave V 7.26.7.107
* Temperature SN = 2060
* Conductivity SN = 1084
* Number of Bytes Per Scan = 31
* Number of Voltage Words = 4
* Number of Scans Averaged by the Deck Unit = 1
* NMEA Latitude = 54 38.64 N
* NMEA Longitude = 133 33.20 W
* NMEA UTC (Time) = Aug 12 2022  09:21:35
* NMEA baud rate = 4800
** Ship: R/V Rachel Carson
** Cruise ID: RC0083 RC0083
** Tech: McHugh/Nomura
** Chief Scientist: Cross Cross
** Station: DE5
** Cast:  005
# nquan = 21
# nvalues = 490                                   
# units = specified
# name 0 = latitude: Latitude [deg]
# name 1 = longitude: Longitude [deg]
# name 2 = sfdSM: Seafloor depth [salt water, m]
# name 3 = prDM: Pressure, Digiquartz [db]
# name 4 = depSM: Depth [salt water, m]
# name 5 = t090C: Temperature [ITS-90, deg C]
# name 6 = sal00: Salinity, Practical [PSU]
# name 7 = density00: Density [density, kg/m^3]
# name 8 = sigma-é00: Density [sigma-theta, kg/m^3]
# name 9 = potemp090C: Potential Temperature [ITS-90, deg C]
# name 10 = sbeox0PS: Oxygen, SBE 43 [% saturation]
# name 11 = CStarTr0: Beam Transmission, WET Labs C-Star [%]
# name 12 = flECO-AFL: Fluorescence, WET Labs ECO-AFL/FL [mg/m^3]
# name 13 = ph: pH
# name 14 = sbeox0ML/L: Oxygen, SBE 43 [ml/l]
# name 15 = sbeox0Mg/L: Oxygen, SBE 43 [mg/l]
# name 16 = sbox0Mm/Kg: Oxygen, SBE 43 [umol/kg]
# name 17 = sbeox0Mm/L: Oxygen, SBE 43 [umol/l]
# name 18 = scan: Scan Count
# name 19 = nbf: Bottles Fired
# name 20 = flag:  0.000e+00
# interval = seconds: 0.0416667
# start_time = Aug 12 2022 09:21:35 [NMEA time, header]
# bad_flag = -9.990e-29
*END*
[from data line 69]
   54.64140 -133.55140    351.880    255.701    253.247     5.4789    33.8332  1027.8750    26.6968     5.4584     26.878   106.5900    -0.0884      7.716     1.8945     2.7074     82.406     84.606      21435          2  0.000e+00
   54.64140 -133.55140    351.760    255.580    253.127     5.4788    33.8336  1027.8747    26.6972     5.4582     26.824   106.5900    -0.0884      7.716     1.8906     2.7019     82.239     84.434      21436          2  0.000e+00
   54.64140 -133.55140    352.016    255.839    253.384     5.4789    33.8334  1027.8757    26.6970     5.4584     26.821   106.5900    -0.0884      7.716     1.8904     2.7015     82.229     84.424      21437          2  0.000e+00
   54.64140 -133.55140    351.816    255.636    253.183     5.4789    33.8331  1027.8745    26.6967     5.4584     26.875   106.5900    -0.0884      7.716     1.8942     2.7070     82.396     84.595      21438          2  0.000e+00
   54.64140 -133.55140    351.880    255.701    253.247     5.4789    33.8334  1027.8751    26.6970     5.4584     26.880   106.5900    -0.0884      7.716     1.8946     2.7075     82.412     84.612      21439          2  0.000e+00
   54.64140 -133.55140    352.081    255.904    253.448     5.4788    33.8335  1027.8762    26.6971     5.4582     26.827   106.5900    -0.0884      7.716     1.8909     2.7022     82.250     84.446      21440          2  0.000e+00
   54.64140 -133.55140    351.936    255.758    253.304     5.4789    33.8332  1027.8752    26.6969     5.4584     26.815   106.5620    -0.0884      7.716     1.8900     2.7009     82.211     84.406      21441          2  0.000e+00
   54.64140 -133.55140    351.960    255.782    253.328     5.4791    33.8334  1027.8755    26.6970     5.4585     26.803   106.5900    -0.0884      7.716     1.8891     2.6997     82.174     84.367      21442          2  0.000e+00
   54.64140 -133.55140    351.880    255.701    253.247     5.4787    33.8336  1027.8753    26.6972     5.4581     26.799   106.5900    -0.0884      7.716     1.8889     2.6994     82.164     84.357      21443          2  0.000e+00
   54.64140 -133.55140    351.936    255.758    253.304     5.4788    33.8331  1027.8752    26.6968     5.4582     26.855   106.5620    -0.0884      7.716     1.8928     2.7050     82.335     84.533      21444          2  0.000e+00
   54.64140 -133.55140    352.137    255.961    253.504     5.4788    33.8331  1027.8761    26.6968     5.4582     26.862   106.5900    -0.0884      7.716     1.8933     2.7057     82.355     84.553      21445          2  0.000e+00
   54.64140 -133.55140    351.992    255.815    253.360     5.4786    33.8339  1027.8761    26.6975     5.4580     26.808   106.5900    -0.0884      7.716     1.8895     2.7003     82.191     84.386      21446          2  0.000e+00
   54.64140 -133.55140    351.992    255.815    253.360     5.4788    33.8337  1027.8759    26.6973     5.4582     26.806   106.5620    -0.0884      7.716     1.8893     2.7000     82.183     84.377      21447          2  0.000e+00
   54.64140 -133.55140    352.016    255.839    253.384     5.4789    33.8330  1027.8754    26.6967     5.4584     26.804   106.5620    -0.0884      7.716     1.8892     2.6998     82.177     84.371      21448          2  0.000e+00
   54.64140 -133.55140    351.992    255.815    253.360     5.4788    33.8336  1027.8758    26.6972     5.4582     26.793   106.5620    -0.0884      7.716     1.8884     2.6987     82.144     84.337      21449          2  0.000e+00
   54.64140 -133.55140    352.081    255.904    253.448     5.4792    33.8331  1027.8758    26.6968     5.4586     26.841   106.5620    -0.0884      7.716     1.8918     2.7036     82.291     84.488      21450          2  0.000e+00
   54.64140 -133.55140    351.880    255.701    253.248     5.4788    33.8335  1027.8752    26.6971     5.4582     26.847   106.5620    -0.0884      7.716     1.8922     2.7042     82.309     84.507      21451          2  0.000e+00
   54.64140 -133.55140    352.113    255.937    253.480     5.4789    33.8333  1027.8761    26.6969     5.4583     26.854   106.5620    -0.0884      7.716     1.8927     2.7049     82.331     84.529      21452          2  0.000e+00
   54.64140 -133.55140    352.081    255.904    253.448     5.4789    33.8336  1027.8762    26.6971     5.4583     26.860   106.5620    -0.0884      7.716     1.8932     2.7055     82.350     84.549      21453          2  0.000e+00
   54.64140 -133.55140    351.880    255.701    253.248     5.4791    33.8334  1027.8751    26.6970     5.4585     26.925   106.5620    -0.0884      7.716     1.8977     2.7120     82.547     84.751      21454          2  0.000e+00
   54.64140 -133.55140    351.992    255.815    253.360     5.4792    33.8334  1027.8756    26.6970     5.4586     26.872   106.5620    -0.0884      7.716     1.8940     2.7067     82.386     84.585      21455          2  0.000e+00
   54.64140 -133.55140    352.201    256.026    253.569     5.4791    33.8333  1027.8765    26.6969     5.4585     26.811   106.5620    -0.0884      7.716     1.8897     2.7006     82.199     84.394      21456          2  0.000e+00
   54.64140 -133.55140    351.880    255.701    253.248     5.4791    33.8335  1027.8752    26.6971     5.4585     26.807   106.5620    -0.0884      7.716     1.8894     2.7002     82.187     84.381      21457          2  0.000e+00
   54.64140 -133.55140    352.137    255.961    253.504     5.4791    33.8335  1027.8764    26.6970     5.4585     26.814   106.5620    -0.0884      7.716     1.8899     2.7009     82.209     84.404      21458          2  0.000e+00
   54.64140 -133.55140    351.880    255.701    253.248     5.4792    33.8332  1027.8750    26.6968     5.4587     26.812   106.5620    -0.0884      7.716     1.8897     2.7006     82.201     84.396      21459          2  0.000e+00
   54.64140 -133.55140    352.113    255.937    253.480     5.4792    33.8334  1027.8761    26.6970     5.4586     26.811   106.5620    -0.0884      7.716     1.8897     2.7006     82.199     84.394      21460          2  0.000e+00
   54.64140 -133.55140    352.017    255.839    253.384     5.4791    33.8333  1027.8757    26.6969     5.4585     26.810   106.5620    -0.0884      7.716     1.8896     2.7004     82.195     84.390      21461          2  0.000e+00
   54.64140 -133.55140    351.816    255.637    253.183     5.4794    33.8333  1027.8747    26.6968     5.4588     26.867   106.5620    -0.0884      7.716     1.8936     2.7062     82.370     84.569      21462          2  0.000e+00
   54.64140 -133.55140    351.840    255.661    253.207     5.4794    33.8331  1027.8746    26.6967     5.4588     26.875   106.5620    -0.0884      7.716     1.8942     2.7070     82.394     84.594      21463          2  0.000e+00
   54.64112 -133.55142    299.504    202.792    200.872     5.8140    33.7540  1027.5265    26.5932     5.7972     31.628   106.8137    -0.0884      7.749     2.2128     3.1624     96.266     98.826      24387          3  0.000e+00
   54.64112 -133.55142    299.504    202.792    200.872     5.8142    33.7538  1027.5263    26.5930     5.7974     31.635   106.8137    -0.0884      7.749     2.2134     3.1631     96.288     98.849      24388          3  0.000e+00
   54.64112 -133.55142    299.553    202.841    200.920     5.8142    33.7542  1027.5269    26.5934     5.7974     31.635   106.8137    -0.0884      7.749     2.2133     3.1631     96.287     98.847      24389          3  0.000e+00
   54.64112 -133.55142    299.392    202.679    200.760     5.8143    33.7537  1027.5257    26.5929     5.7976     31.633   106.8137    -0.0884      7.749     2.2132     3.1629     96.283     98.843      24390          3  0.000e+00
   54.64112 -133.55142    299.673    202.963    201.040     5.8142    33.7537  1027.5271    26.5930     5.7974     31.634   106.8137    -0.0884      7.749     2.2133     3.1630     96.284     98.845      24391          3  0.000e+00
   54.64112 -133.55142    299.504    202.792    200.872     5.8142    33.7540  1027.5265    26.5932     5.7974     31.632   106.8137    -0.0884      7.749     2.2132     3.1628     96.280     98.840      24392          3  0.000e+00
   54.64112 -133.55142    299.553    202.841    200.920     5.8142    33.7537  1027.5264    26.5929     5.7974     31.632   106.8137    -0.0884      7.749     2.2131     3.1628     96.279     98.839      24393          3  0.000e+00
   54.64112 -133.55142    299.448    202.736    200.816     5.8138    33.7541  1027.5264    26.5933     5.7971     31.631   106.8137    -0.0884      7.749     2.2131     3.1627     96.276     98.836      24394          3  0.000e+00
   54.64112 -133.55142    299.673    202.963    201.040     5.8142    33.7538  1027.5271    26.5930     5.7974     31.631   106.8137    -0.0884      7.749     2.2131     3.1627     96.276     98.836      24395          3  0.000e+00
   54.64112 -133.55142    299.569    202.857    200.936     5.8142    33.7540  1027.5268    26.5932     5.7974     31.630   106.8137    -0.0884      7.749     2.2130     3.1626     96.272     98.833      24396          3  0.000e+00
   54.64112 -133.55142    299.569    202.857    200.936     5.8140    33.7543  1027.5271    26.5935     5.7972     31.629   106.8137    -0.0884      7.749     2.2130     3.1625     96.271     98.831      24397          3  0.000e+00
   54.64112 -133.55142    299.553    202.841    200.920     5.8143    33.7536  1027.5264    26.5928     5.7976     31.637   106.8137    -0.0884      7.749     2.2135     3.1633     96.294     98.855      24398          3  0.000e+00
   54.64112 -133.55142    299.569    202.857    200.936     5.8142    33.7542  1027.5269    26.5933     5.7974     31.637   106.8137    -0.0884      7.749     2.2135     3.1633     96.293     98.854      24399          3  0.000e+00
   54.64112 -133.55142    299.617    202.906    200.984     5.8138    33.7541  1027.5271    26.5933     5.7971     31.637   106.8137    -0.0884      7.749     2.2135     3.1633     96.294     98.854      24400          3  0.000e+00
   54.64112 -133.55142    299.569    202.857    200.936     5.8140    33.7539  1027.5267    26.5931     5.7973     31.636   106.8137    -0.0884      7.749     2.2134     3.1632     96.292     98.852      24401          3  0.000e+00
   54.64112 -133.55142    299.617    202.906    200.984     5.8140    33.7538  1027.5269    26.5931     5.7972     31.636   106.7857    -0.0884      7.749     2.2134     3.1632     96.291     98.852      24402          3  0.000e+00
   54.64112 -133.55142    299.625    202.914    200.992     5.8140    33.7539  1027.5270    26.5931     5.7972     31.636   106.7857    -0.0884      7.749     2.2134     3.1632     96.290     98.851      24403          3  0.000e+00
   54.64112 -133.55142    299.625    202.914    200.992     5.8139    33.7541  1027.5271    26.5933     5.7971     31.578   106.8137    -0.0884      7.749     2.2093     3.1574     96.113     98.669      24404          3  0.000e+00
   54.64112 -133.55142    299.673    202.963    201.041     5.8140    33.7537  1027.5271    26.5930     5.7972     31.569   106.8137    -0.0884      7.749     2.2088     3.1566     96.089     98.644      24405          3  0.000e+00
   54.64112 -133.55142    299.505    202.792    200.872     5.8140    33.7536  1027.5262    26.5929     5.7972     31.619   106.8137    -0.0884      7.749     2.2122     3.1615     96.239     98.798      24406          3  0.000e+00
   54.64112 -133.55142    299.793    203.084    201.161     5.8139    33.7540  1027.5279    26.5933     5.7971     31.620   106.8137    -0.0884      7.749     2.2123     3.1616     96.243     98.803      24407          3  0.000e+00
   54.64112 -133.55142    299.569    202.857    200.936     5.8140    33.7539  1027.5267    26.5931     5.7972     31.620   106.7857    -0.0884      7.749     2.2123     3.1616     96.242     98.801      24408          3  0.000e+00
   54.64112 -133.55142    299.793    203.084    201.161     5.8140    33.7539  1027.5278    26.5931     5.7972     31.621   106.8137    -0.0884      7.749     2.2124     3.1617     96.245     98.805      24409          3  0.000e+00
   54.64112 -133.55142    299.745    203.036    201.113     5.8140    33.7541  1027.5277    26.5933     5.7973     31.621   106.8137    -0.0884      7.749     2.2124     3.1617     96.246     98.805      24410          3  0.000e+00
   54.64112 -133.55142    299.673    202.963    201.041     5.8138    33.7542  1027.5275    26.5934     5.7971     31.621   106.8137    -0.0884      7.749     2.2124     3.1617     96.246     98.806      24411          3  0.000e+00
   54.64112 -133.55142    299.745    203.036    201.113     5.8140    33.7539  1027.5276    26.5932     5.7972     31.622   106.7857    -0.0884      7.749     2.2124     3.1618     96.248     98.807      24412          3  0.000e+00
   54.64112 -133.55142    299.625    202.914    200.992     5.8140    33.7541  1027.5271    26.5933     5.7972     31.622   106.7857    -0.0884      7.749     2.2124     3.1618     96.247     98.807      24413          3  0.000e+00
   54.64112 -133.55142    299.914    203.206    201.281     5.8140    33.7536  1027.5281    26.5929     5.7973     31.632   106.8137    -0.0884      7.749     2.2131     3.1628     96.278     98.839      24414          3  0.000e+00
   54.64112 -133.55142    299.801    203.092    201.169     5.8140    33.7543  1027.5281    26.5934     5.7972     31.632   106.8137    -0.0884      7.749     2.2131     3.1628     96.279     98.839      24415          3  0.000e+00
   54.64112 -133.55142    299.793    203.084    201.161     5.8140    33.7538  1027.5277    26.5931     5.7972     31.633   106.8137    -0.0884      7.749     2.2132     3.1629     96.281     98.842      24416          3  0.000e+00
   54.64112 -133.55142    299.801    203.092    201.169     5.8139    33.7542  1027.5281    26.5934     5.7971     31.633   106.8137    -0.0884      7.749     2.2133     3.1630     96.283     98.844      24417          3  0.000e+00
   54.64112 -133.55142    299.793    203.084    201.161     5.8140    33.7540  1027.5278    26.5932     5.7972     31.634   106.7857    -0.0884      7.749     2.2133     3.1630     96.285     98.846      24418          3  0.000e+00
   54.64112 -133.55142    299.866    203.157    201.233     5.8137    33.7546  1027.5287    26.5937     5.7969     31.635   106.7857    -0.0884      7.749     2.2134     3.1631     96.289     98.849      24419          3  0.000e+00
   54.64112 -133.55142    299.841    203.157    201.233     5.8140    33.7542  1027.5283    26.5933     5.7973     31.636   106.7857    -0.0884      7.749     2.2134     3.1632     96.290     98.851      24420          3  0.000e+00
   54.64112 -133.55142    299.729    203.019    201.097     5.8140    33.7541  1027.5276    26.5933     5.7972     31.636   106.7857    -0.0884      7.749     2.2134     3.1632     96.291     98.851      24421          3  0.000e+00
   54.64112 -133.55142    299.986    203.279    201.354     5.8140    33.7536  1027.5284    26.5929     5.7972     31.638   106.7857    -0.0884      7.749     2.2135     3.1634     96.296     98.857      24422          3  0.000e+00
   54.64112 -133.55142    299.914    203.206    201.281     5.8139    33.7541  1027.5285    26.5933     5.7971     31.638   106.7857    -0.0884      7.749     2.2136     3.1634     96.297     98.858      24423          3  0.000e+00
   54.64112 -133.55142    299.745    203.036    201.113     5.8143    33.7537  1027.5274    26.5929     5.7976     31.638   106.7857    -0.0884      7.749     2.2136     3.1634     96.297     98.857      24424          3  0.000e+00
   54.64112 -133.55142    300.026    203.319    201.394     5.8142    33.7536  1027.5286    26.5929     5.7974     31.640   106.7857    -0.0884      7.749     2.2137     3.1636     96.303     98.864      24425          3  0.000e+00
