EcoFOCI/data/1_SampleCollection/2022_GOA-OA_CruiseData/CTD_raw_BottleFile_RC0083/RC0083_066.ros
* Sea-Bird SBE 9 Data File:
* FileName = C:\Data\RC0083ctd\RC0083_066.hex
* Software Version Seasave V 7.26.7.107
* Temperature SN = 2060
* Conductivity SN = 1084
* Number of Bytes Per Scan = 31
* Number of Voltage Words = 4
* Number of Scans Averaged by the Deck Unit = 1
* NMEA Latitude = 58 53.63 N
* NMEA Longitude = 136 05.61 W
* NMEA UTC (Time) = Aug 20 2022  17:36:24
* NMEA baud rate = 4800
** Ship: R/V Rachel Carson
** Cruise ID: RC0083
** Tech: McHugh/Nomura
** Chief Scientist: Cross
** Station: GB16
** Cast:  CTD066
# nquan = 21
# nvalues = 343                                   
# units = specified
# name 0 = latitude: Latitude [deg]
# name 1 = longitude: Longitude [deg]
# name 2 = sfdSM: Seafloor depth [salt water, m]
# name 3 = prDM: Pressure, Digiquartz [db]
# name 4 = depSM: Depth [salt water, m]
# name 5 = t090C: Temperature [ITS-90, deg C]
# name 6 = sal00: Salinity, Practical [PSU]
# name 7 = density00: Density [density, kg/m^3]
# name 8 = sigma-é00: Density [sigma-theta, kg/m^3]
# name 9 = potemp090C: Potential Temperature [ITS-90, deg C]
# name 10 = sbeox0PS: Oxygen, SBE 43 [% saturation]
# name 11 = CStarTr0: Beam Transmission, WET Labs C-Star [%]
# name 12 = flECO-AFL: Fluorescence, WET Labs ECO-AFL/FL [mg/m^3]
# name 13 = ph: pH
# name 14 = sbeox0ML/L: Oxygen, SBE 43 [ml/l]
# name 15 = sbeox0Mg/L: Oxygen, SBE 43 [mg/l]
# name 16 = sbox0Mm/Kg: Oxygen, SBE 43 [umol/kg]
# name 17 = sbeox0Mm/L: Oxygen, SBE 43 [umol/l]
# name 18 = scan: Scan Count
# name 19 = nbf: Bottles Fired
# name 20 = flag:  0.000e+00
# interval = seconds: 0.0416667
# start_time = Aug 20 2022 17:36:24 [NMEA time, header]
# bad_flag = -9.990e-29
*END*
[from data line 138]
   58.89150 -136.09496    248.637    151.499    150.029     5.0111    30.8564  1025.0959    24.3917     5.0003     73.123    99.9054    -0.0591      7.940     5.3162     7.5974    231.768    237.421      22754          3  0.000e+00
   58.89150 -136.09496    248.598    151.434    149.965     5.0111    30.8567  1025.0958    24.3919     5.0003     73.172    99.8494    -0.0591      7.940     5.3197     7.6024    231.922    237.579      22755          3  0.000e+00
   58.89150 -136.09496    248.718    151.556    150.085     5.0111    30.8563  1025.0961    24.3917     5.0003     73.116    99.7935    -0.0591      7.940     5.3157     7.5967    231.747    237.400      22756          3  0.000e+00
   58.89150 -136.09496    248.654    151.491    150.021     5.0113    30.8557  1025.0953    24.3911     5.0005     73.110    99.7935    -0.0591      7.940     5.3153     7.5961    231.729    237.381      22757          3  0.000e+00
   58.89150 -136.09496    248.606    151.443    149.973     5.0115    30.8552  1025.0946    24.3907     5.0007     73.115    99.7935    -0.0591      7.940     5.3156     7.5966    231.744    237.396      22758          3  0.000e+00
   58.89150 -136.09496    248.654    151.491    150.021     5.0113    30.8562  1025.0957    24.3915     5.0006     73.123    99.7935    -0.0591      7.940     5.3162     7.5974    231.768    237.421      22759          3  0.000e+00
   58.89150 -136.09496    248.662    151.499    150.029     5.0113    30.8568  1025.0962    24.3920     5.0005     73.133    99.7935    -0.0591      7.940     5.3169     7.5983    231.798    237.452      22760          3  0.000e+00
   58.89150 -136.09496    248.654    151.491    150.021     5.0116    30.8561  1025.0956    24.3914     5.0009     73.193    99.7935    -0.0591      7.940     5.3212     7.6046    231.988    237.647      22761          3  0.000e+00
   58.89150 -136.09496    248.662    151.499    150.029     5.0116    30.8560  1025.0956    24.3914     5.0009     73.148    99.7935    -0.0591      7.935     5.3180     7.5999    231.846    237.501      22762          3  0.000e+00
   58.89114 -136.09514    173.560     75.648     74.928     6.6371    30.5020  1024.2732    23.9242     6.6309     69.931    96.7449    -0.0298      7.983     4.9040     7.0083    213.895    219.012      26440          4  0.000e+00
   58.89114 -136.09514    173.672     75.761     75.040     6.6366    30.5025  1024.2742    23.9246     6.6304     69.993    96.7169    -0.0298      7.983     4.9084     7.0146    214.086    219.208      26441          4  0.000e+00
   58.89114 -136.09514    173.672     75.761     75.040     6.6364    30.5026  1024.2743    23.9247     6.6301     70.005    96.7169    -0.0298      7.983     4.9092     7.0158    214.124    219.246      26442          4  0.000e+00
   58.89114 -136.09514    173.616     75.704     74.984     6.6360    30.5029  1024.2743    23.9250     6.6297     70.016    96.7169    -0.0298      7.983     4.9100     7.0169    214.158    219.281      26443          4  0.000e+00
   58.89114 -136.09514    173.672     75.761     75.040     6.6359    30.5028  1024.2745    23.9250     6.6296     70.019    96.7169    -0.0298      7.983     4.9102     7.0172    214.168    219.292      26444          4  0.000e+00
   58.89114 -136.09514    173.616     75.704     74.984     6.6356    30.5016  1024.2734    23.9241     6.6293     70.020    96.7169    -0.0298      7.983     4.9104     7.0175    214.175    219.298      26445          4  0.000e+00
   58.89114 -136.09514    173.672     75.761     75.040     6.6354    30.5030  1024.2748    23.9252     6.6292     70.085    96.7449    -0.0298      7.983     4.9150     7.0240    214.373    219.502      26446          4  0.000e+00
   58.89114 -136.09514    173.616     75.704     74.984     6.6354    30.5033  1024.2747    23.9255     6.6291     70.092    96.7449    -0.0298      7.983     4.9154     7.0246    214.394    219.523      26447          4  0.000e+00
   58.89114 -136.09514    173.672     75.761     75.040     6.6354    30.5029  1024.2746    23.9251     6.6292     70.090    96.7169    -0.0298      7.983     4.9153     7.0245    214.390    219.519      26448          4  0.000e+00
   58.89114 -136.09514    173.616     75.704     74.984     6.6356    30.5021  1024.2738    23.9245     6.6293     70.094    96.7169    -0.0298      7.983     4.9156     7.0249    214.402    219.531      26449          4  0.000e+00
   58.89114 -136.09514    173.616     75.704     74.984     6.6357    30.5018  1024.2735    23.9242     6.6294     70.098    96.7169    -0.0298      7.983     4.9158     7.0252    214.411    219.541      26450          4  0.000e+00
   58.89114 -136.09514    173.672     75.761     75.040     6.6356    30.5017  1024.2737    23.9242     6.6293     70.100    96.7169    -0.0298      7.983     4.9160     7.0255    214.420    219.550      26451          4  0.000e+00
   58.89114 -136.09514    173.672     75.761     75.040     6.6354    30.5006  1024.2728    23.9233     6.6292     70.101    96.7169    -0.0298      7.983     4.9161     7.0256    214.424    219.554      26452          4  0.000e+00
   58.89114 -136.09514    173.616     75.704     74.984     6.6352    30.5010  1024.2729    23.9237     6.6289     70.100    96.7169    -0.0298      7.983     4.9161     7.0255    214.421    219.551      26453          4  0.000e+00
   58.89114 -136.09514    173.672     75.761     75.040     6.6357    30.5015  1024.2735    23.9240     6.6294     70.154    96.8008    -0.0298      7.983     4.9198     7.0309    214.586    219.719      26454          4  0.000e+00
   58.89114 -136.09514    173.616     75.704     74.984     6.6357    30.5012  1024.2730    23.9237     6.6294     70.158    96.9127    -0.0298      7.983     4.9201     7.0313    214.597    219.731      26455          4  0.000e+00
   58.89114 -136.09514    173.672     75.761     75.040     6.6354    30.5013  1024.2734    23.9239     6.6291     70.161    96.9127    -0.0298      7.983     4.9203     7.0317    214.608    219.742      26456          4  0.000e+00
   58.89114 -136.09514    173.672     75.761     75.040     6.6356    30.5013  1024.2734    23.9238     6.6293     70.162    96.9127    -0.0298      7.983     4.9204     7.0317    214.610    219.744      26457          4  0.000e+00
   58.89114 -136.09514    173.616     75.704     74.984     6.6357    30.5011  1024.2729    23.9236     6.6294     70.217    96.9127    -0.0298      7.983     4.9242     7.0372    214.778    219.916      26458          4  0.000e+00
   58.89114 -136.09514    173.616     75.704     74.984     6.6354    30.5009  1024.2728    23.9235     6.6292     70.166    96.9127    -0.0298      7.983     4.9207     7.0322    214.623    219.758      26459          4  0.000e+00
   58.89114 -136.09514    173.672     75.761     75.040     6.6359    30.4997  1024.2721    23.9226     6.6296     70.170    96.9127    -0.0298      7.983     4.9210     7.0326    214.636    219.771      26460          4  0.000e+00
   58.89114 -136.09514    173.616     75.704     74.984     6.6359    30.5011  1024.2729    23.9237     6.6296     70.228    96.9127    -0.0298      7.983     4.9250     7.0383    214.812    219.951      26461          4  0.000e+00
   58.89114 -136.09514    173.672     75.761     75.040     6.6364    30.5008  1024.2729    23.9234     6.6301     70.181    96.9127    -0.0298      7.983     4.9217     7.0335    214.666    219.801      26462          4  0.000e+00
   58.89114 -136.09514    173.672     75.761     75.040     6.6361    30.5009  1024.2730    23.9235     6.6298     70.237    96.9127    -0.0298      7.983     4.9256     7.0392    214.838    219.978      26463          4  0.000e+00
   58.89114 -136.09514    173.616     75.704     74.984     6.6359    30.5011  1024.2730    23.9237     6.6296     70.242    96.9127    -0.0298      7.983     4.9260     7.0397    214.855    219.995      26464          4  0.000e+00
   58.89114 -136.09514    173.616     75.704     74.984     6.6356    30.5016  1024.2733    23.9241     6.6293     70.247    96.9127    -0.0298      7.983     4.9263     7.0402    214.868    220.009      26465          4  0.000e+00
   58.89114 -136.09514    173.672     75.761     75.040     6.6357    30.5013  1024.2734    23.9238     6.6294     70.250    96.9127    -0.0298      7.983     4.9265     7.0405    214.877    220.018      26466          4  0.000e+00
   58.89114 -136.09514    173.672     75.761     75.040     6.6357    30.5000  1024.2724    23.9228     6.6294     70.251    96.9127    -0.0298      7.983     4.9266     7.0406    214.882    220.023      26467          4  0.000e+00
   58.89114 -136.09514    173.616     75.704     74.984     6.6354    30.5011  1024.2730    23.9237     6.6292     70.257    96.9127    -0.0298      7.983     4.9271     7.0413    214.903    220.044      26468          4  0.000e+00
   58.89114 -136.09514    173.672     75.761     75.040     6.6357    30.5018  1024.2738    23.9242     6.6294     70.264    96.9127    -0.0298      7.983     4.9275     7.0419    214.920    220.062      26469          4  0.000e+00
   58.89114 -136.09514    173.616     75.704     74.984     6.6357    30.5021  1024.2737    23.9244     6.6294     70.268    96.9127    -0.0298      7.983     4.9278     7.0423    214.933    220.075      26470          4  0.000e+00
   58.89114 -136.09514    173.672     75.761     75.040     6.6362    30.5014  1024.2734    23.9238     6.6299     70.272    96.9127    -0.0298      7.983     4.9280     7.0426    214.943    220.085      26471          4  0.000e+00
   58.89114 -136.09514    173.616     75.704     74.984     6.6362    30.5009  1024.2728    23.9235     6.6299     70.274    96.9127    -0.0298      7.983     4.9282     7.0428    214.949    220.091      26472          4  0.000e+00
   58.89114 -136.09514    173.672     75.761     75.040     6.6362    30.5008  1024.2729    23.9234     6.6299     70.275    96.9127    -0.0298      7.983     4.9283     7.0430    214.954    220.096      26473          4  0.000e+00
   58.89112 -136.09516    173.592     75.704     74.984     6.6365    30.5002  1024.2721    23.9228     6.6302     70.274    96.8567    -0.0298      7.983     4.9282     7.0429    214.951    220.093      26474          4  0.000e+00
   58.89112 -136.09516    173.616     75.704     74.984     6.6365    30.4994  1024.2715    23.9223     6.6302     70.273    96.8008    -0.0298      7.983     4.9281     7.0427    214.947    220.089      26475          4  0.000e+00
   58.89112 -136.09516    173.688     75.777     75.056     6.6362    30.5011  1024.2732    23.9236     6.6299     70.271    96.7728    -0.0298      7.983     4.9279     7.0425    214.939    220.081      26476          4  0.000e+00
   58.89112 -136.09516    173.672     75.761     75.040     6.6362    30.5018  1024.2737    23.9241     6.6299     70.266    96.7728    -0.0298      7.983     4.9276     7.0420    214.925    220.067      26477          4  0.000e+00
   58.89112 -136.09516    173.616     75.704     74.984     6.6362    30.5017  1024.2734    23.9241     6.6299     70.260    96.7728    -0.0298      7.983     4.9272     7.0415    214.907    220.049      26478          4  0.000e+00
   58.89112 -136.09516    173.672     75.761     75.040     6.6362    30.5018  1024.2737    23.9241     6.6299     70.254    96.7728    -0.0298      7.983     4.9268     7.0408    214.888    220.029      26479          4  0.000e+00
   58.89112 -136.09516    173.616     75.704     74.984     6.6364    30.5017  1024.2734    23.9241     6.6301     70.246    96.7728    -0.0298      7.983     4.9262     7.0400    214.862    220.002      26480          4  0.000e+00
   58.89112 -136.09516    173.616     75.704     74.984     6.6361    30.5016  1024.2733    23.9240     6.6298     70.237    96.7728    -0.0298      7.983     4.9256     7.0391    214.835    219.975      26481          4  0.000e+00
   58.89112 -136.09516    173.672     75.761     75.040     6.6360    30.5001  1024.2724    23.9229     6.6297     70.227    96.7728    -0.0298      7.983     4.9249     7.0382    214.808    219.946      26482          4  0.000e+00
   58.89112 -136.09516    173.672     75.761     75.040     6.6359    30.5013  1024.2734    23.9239     6.6296     70.215    96.7728    -0.0298      7.983     4.9241     7.0370    214.771    219.909      26483          4  0.000e+00
   58.89112 -136.09516    173.616     75.704     74.984     6.6354    30.5024  1024.2740    23.9247     6.6291     70.209    96.7728    -0.0298      7.983     4.9237     7.0365    214.755    219.893      26484          4  0.000e+00
   58.89112 -136.09516    173.672     75.761     75.040     6.6349    30.5031  1024.2749    23.9254     6.6287     70.204    96.7728    -0.0298      7.983     4.9233     7.0360    214.739    219.877      26485          4  0.000e+00
   58.89112 -136.09516    173.672     75.761     75.040     6.6344    30.5029  1024.2748    23.9253     6.6282     70.189    96.7728    -0.0298      7.983     4.9224     7.0346    214.696    219.833      26486          4  0.000e+00
   58.89112 -136.09516    173.616     75.704     74.984     6.6339    30.5033  1024.2749    23.9256     6.6277     70.181    96.7728    -0.0298      7.983     4.9218     7.0338    214.672    219.808      26487          4  0.000e+00
   58.89112 -136.09516    173.672     75.761     75.040     6.6338    30.5033  1024.2752    23.9256     6.6275     70.164    96.7728    -0.0298      7.983     4.9207     7.0321    214.622    219.757      26488          4  0.000e+00
   58.89090 -136.09520    148.913     50.761     50.280     7.1466    30.2753  1023.9147    23.6809     7.1422     67.545    92.4376     0.0288      7.986     4.6881     6.6997    204.525    209.368      28777          5  0.000e+00
   58.89090 -136.09520    149.025     50.874     50.392     7.1464    30.2743  1023.9145    23.6802     7.1420     67.443    92.4097     0.0288      7.986     4.6810     6.6896    204.218    209.054      28778          5  0.000e+00
   58.89090 -136.09520    149.025     50.874     50.392     7.1466    30.2748  1023.9148    23.6806     7.1422     67.542    92.4097     0.0288      7.986     4.6878     6.6994    204.515    209.358      28779          5  0.000e+00
   58.89090 -136.09520    149.025     50.874     50.392     7.1464    30.2759  1023.9157    23.6815     7.1420     67.543    92.4097     0.0288      7.986     4.6879     6.6995    204.517    209.361      28780          5  0.000e+00
   58.89090 -136.09520    149.025     50.874     50.392     7.1464    30.2757  1023.9155    23.6813     7.1420     67.488    92.4097     0.0288      7.986     4.6841     6.6940    204.352    209.191      28781          5  0.000e+00
   58.89090 -136.09520    149.025     50.874     50.392     7.1463    30.2759  1023.9157    23.6815     7.1419     67.482    92.3817     0.0288      7.986     4.6836     6.6934    204.333    209.171      28782          5  0.000e+00
   58.89090 -136.09520    149.057     50.930     50.448     7.1464    30.2754  1023.9155    23.6811     7.1420     67.532    92.4097     0.0288      7.986     4.6871     6.6983    204.484    209.326      28783          5  0.000e+00
   58.89090 -136.09520    149.025     50.874     50.392     7.1464    30.2755  1023.9154    23.6812     7.1420     67.587    92.3817     0.0288      7.986     4.6910     6.7039    204.653    209.499      28784          5  0.000e+00
   58.89090 -136.09520    149.025     50.874     50.392     7.1464    30.2748  1023.9148    23.6805     7.1420     67.603    92.3817     0.0288      7.986     4.6920     6.7054    204.699    209.547      28785          5  0.000e+00
   58.89090 -136.09520    149.025     50.874     50.392     7.1463    30.2749  1023.9149    23.6807     7.1419     67.569    92.3817     0.0288      7.986     4.6897     6.7021    204.599    209.444      28786          5  0.000e+00
