EcoFOCI/data/1_SampleCollection/2022_GOA-OA_CruiseData/CTD_raw_BottleFile_RC0083/RC0083_104.cnv
* Sea-Bird SBE 9 Data File:
* FileName = C:\Data\RC0083ctd\RC0083_104.hex
* Software Version Seasave V 7.26.7.107
* Temperature SN = 2060
* Conductivity SN = 2881
* Number of Bytes Per Scan = 31
* Number of Voltage Words = 4
* Number of Scans Averaged by the Deck Unit = 1
* NMEA Latitude = 56 27.34 N
* NMEA Longitude = 132 28.44 W
* NMEA UTC (Time) = Aug 23 2022  01:43:30
* NMEA baud rate = 4800
** Ship: R/V Rachel Carson
** Cruise ID: RC0083
** Tech: McHugh/Nomura
** Chief Scientist: Cross
** Station: WI2
** Cast:  CTD104
# nquan = 19
# nvalues = 11558                                 
# units = specified
# name 0 = latitude: Latitude [deg]
# name 1 = longitude: Longitude [deg]
# name 2 = sfdSM: Seafloor depth [salt water, m]
# name 3 = prDM: Pressure, Digiquartz [db]
# name 4 = depSM: Depth [salt water, m]
# name 5 = t090C: Temperature [ITS-90, deg C]
# name 6 = sal00: Salinity, Practical [PSU]
# name 7 = density00: Density [density, kg/m^3]
# name 8 = sigma-é00: Density [sigma-theta, kg/m^3]
# name 9 = potemp090C: Potential Temperature [ITS-90, deg C]
# name 10 = sbeox0PS: Oxygen, SBE 43 [% saturation]
# name 11 = CStarTr0: Beam Transmission, WET Labs C-Star [%]
# name 12 = flECO-AFL: Fluorescence, WET Labs ECO-AFL/FL [mg/m^3]
# name 13 = ph: pH
# name 14 = sbeox0ML/L: Oxygen, SBE 43 [ml/l]
# name 15 = sbeox0Mg/L: Oxygen, SBE 43 [mg/l]
# name 16 = sbox0Mm/Kg: Oxygen, SBE 43 [umol/kg]
# name 17 = sbeox0Mm/L: Oxygen, SBE 43 [umol/l]
# name 18 = flag:  0.000e+00
# span 0 =   56.45524,   56.45572                 
# span 1 = -132.47400, -132.47302                 
# span 2 =      5.501,    232.025                 
# span 3 =      2.802,    169.764                 
# span 4 =      2.776,    168.144                 
# span 5 =     5.8306,    12.3061                 
# span 6 =     9.7599,    33.5615                 
# span 7 =  1007.0513,  1027.2198                 
# span 8 =     7.0374,    26.4387                 
# span 9 =     5.8167,    12.3057                 
# span 10 =     19.569,     99.012                
# span 11 =     2.1538,    96.5771                
# span 12 =    -0.0591,    14.4757                
# span 13 =      7.604,      8.477                
# span 14 =     1.3691,     6.6121                
# span 15 =     1.9566,     9.4493                
# span 16 =     59.572,    292.811                
# span 17 =     61.143,    295.295                
# span 18 = 0.0000e+00, 0.0000e+00                
# interval = seconds: 0.0416667
# start_time = Aug 23 2022 01:43:30 [NMEA time, header]
# bad_flag = -9.990e-29
*END*
[from data line 5181]
   56.45562 -132.47364    181.133    153.336    151.878     5.9023    33.4720  1027.0650    26.3589     5.8896     20.152    57.3925     0.0288      7.609     1.4097     2.0146     61.340     62.957  0.000e+00
   56.45562 -132.47364    181.558    153.765    152.303     5.9023    33.4716  1027.0667    26.3586     5.8896     20.153    57.3925     0.0288      7.609     1.4097     2.0147     61.342     62.959  0.000e+00
   56.45562 -132.47364    181.366    153.570    152.110     5.9024    33.4714  1027.0656    26.3584     5.8897     20.153    57.3925     0.0288      7.609     1.4097     2.0147     61.342     62.959  0.000e+00
   56.45562 -132.47364    181.438    153.643    152.183     5.9019    33.4721  1027.0666    26.3591     5.8892     20.155    57.3925     0.0288      7.609     1.4099     2.0149     61.348     62.965  0.000e+00
   56.45562 -132.47364    181.486    153.692    152.231     5.9019    33.4721  1027.0668    26.3591     5.8892     20.157    57.3925     0.0288      7.609     1.4100     2.0151     61.355     62.973  0.000e+00
   56.45562 -132.47364    181.438    153.643    152.183     5.9019    33.4725  1027.0668    26.3594     5.8892     20.160    57.3925     0.0288      7.609     1.4103     2.0154     61.364     62.982  0.000e+00
   56.45562 -132.47364    181.542    153.748    152.287     5.9021    33.4722  1027.0671    26.3591     5.8894     20.165    57.3925     0.0288      7.609     1.4106     2.0158     61.377     62.995  0.000e+00
   56.45562 -132.47364    181.606    153.813    152.351     5.9016    33.4725  1027.0677    26.3594     5.8889     20.162    56.6933     0.0288      7.609     1.4104     2.0156     61.371     62.989  0.000e+00
   56.45562 -132.47364    181.558    153.765    152.303     5.9019    33.4723  1027.0673    26.3593     5.8892     20.102    54.9033     0.0288      7.609     1.4062     2.0096     61.188     62.801  0.000e+00
   56.45562 -132.47364    181.662    153.870    152.407     5.9020    33.4723  1027.0677    26.3592     5.8893     20.095    54.2600     0.0288      7.609     1.4057     2.0089     61.165     62.778  0.000e+00
   56.45562 -132.47364    179.929    153.821    152.359     5.9019    33.4722  1027.0674    26.3591     5.8892     20.088    54.2600     0.0288      7.609     1.4052     2.0082     61.144     62.756  0.000e+00
   56.45562 -132.47364    168.588    153.935    152.471     5.9018    33.4727  1027.0684    26.3595     5.8891     20.082    54.3439     0.0288      7.609     1.4048     2.0076     61.127     62.738  0.000e+00
   56.45562 -132.47364    163.127    153.870    152.407     5.9018    33.4724  1027.0679    26.3593     5.8891     20.084    54.3719     0.0288      7.609     1.4049     2.0078     61.132     62.744  0.000e+00
   56.45562 -132.47364    162.816    153.999    152.535     5.9016    33.4725  1027.0685    26.3594     5.8889     20.029    54.3719     0.0288      7.609     1.4011     2.0023     60.966     62.573  0.000e+00
   56.45562 -132.47364    163.296    153.991    152.527     5.9015    33.4729  1027.0689    26.3598     5.8888     20.020    54.3719     0.0288      7.609     1.4004     2.0014     60.937     62.543  0.000e+00
   56.45562 -132.47364    163.524    153.999    152.535     5.9016    33.4727  1027.0687    26.3596     5.8889     20.011    54.3719    -0.0005      7.609     1.3998     2.0005     60.912     62.517  0.000e+00
   56.45562 -132.47364    163.597    154.048    152.583     5.9013    33.4728  1027.0691    26.3597     5.8886     20.062    54.3719    -0.0005      7.609     1.4034     2.0056     61.067     62.677  0.000e+00
   56.45562 -132.47364    163.636    154.113    152.647     5.9012    33.4730  1027.0695    26.3599     5.8885     20.063    54.3719    -0.0005      7.609     1.4035     2.0057     61.070     62.680  0.000e+00
   56.45562 -132.47364    163.620    154.121    152.655     5.9013    33.4728  1027.0694    26.3597     5.8886     20.065    54.3719    -0.0005      7.609     1.4036     2.0059     61.074     62.684  0.000e+00
   56.45562 -132.47364    163.668    154.169    152.704     5.9011    33.4730  1027.0698    26.3599     5.8884     20.067    54.3719    -0.0005      7.609     1.4038     2.0061     61.082     62.692  0.000e+00
   56.45562 -132.47364    163.684    154.186    152.720     5.9011    33.4736  1027.0703    26.3604     5.8884     20.070    54.3719    -0.0005      7.609     1.4040     2.0064     61.091     62.702  0.000e+00
   56.45562 -132.47364    163.732    154.234    152.768     5.9010    33.4738  1027.0707    26.3605     5.8882     20.075    54.3719    -0.0005      7.609     1.4043     2.0068     61.104     62.715  0.000e+00
   56.45562 -132.47364    163.732    154.234    152.768     5.9010    33.4736  1027.0706    26.3604     5.8882     20.079    54.3719    -0.0005      7.609     1.4046     2.0073     61.119     62.730  0.000e+00
   56.45562 -132.47364    163.796    154.299    152.832     5.9008    33.4738  1027.0711    26.3606     5.8881     20.085    54.3719    -0.0005      7.609     1.4050     2.0079     61.137     62.749  0.000e+00
   56.45562 -132.47364    163.788    154.291    152.824     5.9010    33.4737  1027.0710    26.3605     5.8882     20.085    54.3719    -0.0005      7.609     1.4050     2.0079     61.135     62.747  0.000e+00
   56.45562 -132.47364    165.887    154.364    152.896     5.9009    33.4739  1027.0714    26.3606     5.8882     20.027    54.3719    -0.0005      7.609     1.4009     2.0021     60.959     62.566  0.000e+00
   56.45562 -132.47364    176.436    154.412    152.944     5.9005    33.4741  1027.0719    26.3608     5.8878     20.028    54.3719    -0.0005      7.609     1.4010     2.0022     60.963     62.570  0.000e+00
   56.45562 -132.47364    181.027    154.412    152.944     5.9003    33.4744  1027.0721    26.3611     5.8876     20.023    54.0362    -0.0005      7.609     1.4007     2.0017     60.949     62.555  0.000e+00
   56.45562 -132.47364    181.328    154.420    152.952     5.9005    33.4743  1027.0721    26.3610     5.8878     20.019    52.1343    -0.0005      7.609     1.4004     2.0013     60.936     62.542  0.000e+00
   56.45562 -132.47364    181.001    154.534    153.064     5.9003    33.4745  1027.0728    26.3612     5.8876     19.965    51.2673    -0.0005      7.609     1.3967     1.9960     60.772     62.374  0.000e+00
   56.45562 -132.47364    180.757    154.485    153.016     5.9000    33.4747  1027.0727    26.3614     5.8873     19.964    51.2114    -0.0005      7.609     1.3965     1.9958     60.768     62.370  0.000e+00
   56.45562 -132.47364    180.813    154.590    153.120     5.8999    33.4744  1027.0730    26.3611     5.8871     20.022    51.2953    -0.0005      7.609     1.4006     2.0017     60.946     62.553  0.000e+00
   56.45562 -132.47364    180.837    154.590    153.120     5.9000    33.4748  1027.0733    26.3614     5.8873     20.030    51.3512    -0.0005      7.609     1.4012     2.0025     60.970     62.578  0.000e+00
   56.45562 -132.47364    180.845    154.599    153.128     5.8999    33.4749  1027.0735    26.3616     5.8871     20.032    51.3512    -0.0005      7.609     1.4013     2.0027     60.977     62.584  0.000e+00
   56.45562 -132.47364    180.918    154.647    153.177     5.8999    33.4751  1027.0738    26.3617     5.8871     20.035    51.3512    -0.0005      7.609     1.4016     2.0030     60.986     62.594  0.000e+00
   56.45562 -132.47364    180.941    154.720    153.249     5.8997    33.4754  1027.0744    26.3619     5.8869     20.039    51.3512    -0.0005      7.609     1.4018     2.0034     60.998     62.606  0.000e+00
   56.45562 -132.47364    180.884    154.712    153.241     5.8997    33.4756  1027.0746    26.3622     5.8869     20.044    51.3512    -0.0005      7.609     1.4022     2.0038     61.012     62.620  0.000e+00
   56.45562 -132.47364    180.940    154.769    153.297     5.8994    33.4756  1027.0748    26.3622     5.8866     20.050    51.3512    -0.0005      7.609     1.4026     2.0044     61.030     62.639  0.000e+00
   56.45562 -132.47364    180.956    154.785    153.313     5.8994    33.4754  1027.0747    26.3620     5.8866     20.056    51.3512    -0.0005      7.609     1.4030     2.0050     61.049     62.659  0.000e+00
   56.45562 -132.47364    181.004    154.833    153.361     5.8992    33.4759  1027.0754    26.3624     5.8865     20.005    51.3512    -0.0005      7.609     1.3995     2.0000     60.894     62.500  0.000e+00
   56.45562 -132.47364    180.964    154.841    153.369     5.8991    33.4757  1027.0753    26.3623     5.8863     20.007    51.3512    -0.0005      7.609     1.3996     2.0001     60.899     62.505  0.000e+00
   56.45562 -132.47364    180.987    154.890    153.417     5.8991    33.4761  1027.0758    26.3626     5.8863     20.002    51.3512    -0.0005      7.609     1.3993     1.9997     60.885     62.491  0.000e+00
   56.45562 -132.47364    181.043    154.947    153.473     5.8989    33.4763  1027.0763    26.3628     5.8861     19.999    51.3512    -0.0005      7.609     1.3990     1.9993     60.875     62.479  0.000e+00
   56.45562 -132.47364    181.180    155.084    153.609     5.8989    33.4763  1027.0769    26.3628     5.8861     19.996    51.3512    -0.0005      7.609     1.3988     1.9991     60.867     62.472  0.000e+00
   56.45562 -132.47364    181.043    154.947    153.473     5.8987    33.4765  1027.0764    26.3629     5.8859     19.994    51.3512    -0.0005      7.609     1.3987     1.9988     60.860     62.464  0.000e+00
   56.45562 -132.47364    181.042    155.020    153.545     5.8987    33.4760  1027.0764    26.3626     5.8859     19.934    51.3512    -0.0005      7.609     1.3945     1.9929     60.680     62.280  0.000e+00
   56.45562 -132.47364    181.041    155.068    153.593     5.8989    33.4762  1027.0767    26.3627     5.8861     19.928    51.3512    -0.0005      7.609     1.3940     1.9922     60.659     62.258  0.000e+00
   56.45562 -132.47364    181.106    155.133    153.657     5.8986    33.4768  1027.0775    26.3632     5.8858     19.922    51.3232    -0.0005      7.609     1.3937     1.9917     60.642     62.241  0.000e+00
   56.45562 -132.47364    181.114    155.141    153.665     5.8986    33.4764  1027.0772    26.3629     5.8858     19.917    50.7079    -0.0005      7.609     1.3933     1.9912     60.628     62.226  0.000e+00
   56.45562 -132.47364    181.218    155.246    153.770     5.8986    33.4764  1027.0777    26.3629     5.8858     19.972    50.3443    -0.0005      7.609     1.3972     1.9967     60.796     62.398  0.000e+00
   56.45562 -132.47364    181.120    155.246    153.770     5.8987    33.4761  1027.0775    26.3626     5.8859     19.919    50.2884    -0.0005      7.609     1.3934     1.9913     60.632     62.230  0.000e+00
   56.45562 -132.47364    181.143    155.319    153.842     5.8984    33.4766  1027.0782    26.3630     5.8856     19.859    50.3164    -0.0005      7.609     1.3893     1.9854     60.451     62.045  0.000e+00
   56.45562 -132.47364    181.135    155.311    153.834     5.8984    33.4771  1027.0786    26.3635     5.8856     19.852    50.3443    -0.0005      7.609     1.3888     1.9847     60.430     62.023  0.000e+00
   56.45562 -132.47364    181.143    155.319    153.842     5.8978    33.4780  1027.0794    26.3642     5.8850     19.847    50.3443    -0.0005      7.604     1.3884     1.9842     60.414     62.006  0.000e+00
   56.45562 -132.47364    181.167    155.368    153.890     5.8976    33.4782  1027.0799    26.3644     5.8848     19.843    50.3443    -0.0005      7.609     1.3881     1.9838     60.402     61.994  0.000e+00
   56.45562 -132.47364    181.118    155.368    153.890     5.8973    33.4785  1027.0801    26.3647     5.8845     19.840    50.3443    -0.0005      7.609     1.3880     1.9835     60.394     61.986  0.000e+00
   56.45562 -132.47364    181.110    155.384    153.906     5.8967    33.4793  1027.0809    26.3654     5.8839     19.839    50.3443    -0.0005      7.609     1.3879     1.9834     60.391     61.984  0.000e+00
   56.45562 -132.47364    181.150    155.424    153.946     5.8966    33.4795  1027.0813    26.3656     5.8838     19.832    50.3443    -0.0005      7.609     1.3874     1.9828     60.371     61.962  0.000e+00
   56.45562 -132.47364    181.150    155.424    153.946     5.8962    33.4799  1027.0816    26.3660     5.8834     19.827    50.3443    -0.0005      7.609     1.3870     1.9822     60.353     61.945  0.000e+00
   56.45562 -132.47364    181.061    155.384    153.906     5.8965    33.4800  1027.0815    26.3660     5.8837     19.822    50.3443    -0.0005      7.604     1.3867     1.9817     60.339     61.929  0.000e+00
   56.45562 -132.47364    181.052    155.424    153.946     5.8962    33.4795  1027.0813    26.3656     5.8834     19.818    50.3443    -0.0005      7.609     1.3865     1.9814     60.329     61.920  0.000e+00
   56.45562 -132.47364    181.044    155.441    153.962     5.8963    33.4795  1027.0814    26.3657     5.8835     19.816    50.3443    -0.0005      7.609     1.3863     1.9812     60.322     61.912  0.000e+00
   56.45562 -132.47364    181.028    155.424    153.946     5.8965    33.4792  1027.0810    26.3654     5.8837     19.808    50.3443    -0.0005      7.609     1.3857     1.9803     60.296     61.886  0.000e+00
   56.45562 -132.47364    181.092    155.489    154.010     5.8963    33.4799  1027.0819    26.3659     5.8835     19.800    50.3443    -0.0005      7.609     1.3852     1.9796     60.274     61.863  0.000e+00
   56.45562 -132.47364    181.051    155.497    154.018     5.8965    33.4797  1027.0818    26.3658     5.8836     19.794    50.3443    -0.0005      7.609     1.3847     1.9789     60.253     61.842  0.000e+00
   56.45562 -132.47364    180.994    155.489    154.010     5.8966    33.4794  1027.0815    26.3655     5.8838     19.795    50.3443    -0.0005      7.609     1.3848     1.9791     60.258     61.846  0.000e+00
   56.45562 -132.47364    181.042    155.562    154.082     5.8968    33.4789  1027.0814    26.3651     5.8840     19.798    50.3443    -0.0005      7.604     1.3850     1.9793     60.266     61.855  0.000e+00
   56.45562 -132.47364    181.026    155.546    154.066     5.8970    33.4793  1027.0816    26.3654     5.8842     19.802    50.3443    -0.0005      7.609     1.3853     1.9797     60.277     61.866  0.000e+00
   56.45562 -132.47364    181.090    155.611    154.130     5.8968    33.4795  1027.0821    26.3656     5.8840     19.749    50.0367    -0.0005      7.609     1.3816     1.9744     60.115     61.700  0.000e+00
   56.45562 -132.47364    180.969    155.562    154.082     5.8965    33.4797  1027.0821    26.3657     5.8836     19.748    49.7849    -0.0005      7.609     1.3815     1.9743     60.114     61.699  0.000e+00
   56.45562 -132.47364    181.105    155.724    154.243     5.8963    33.4799  1027.0830    26.3659     5.8835     19.749    49.7290    -0.0005      7.609     1.3816     1.9745     60.118     61.703  0.000e+00
   56.45562 -132.47364    180.968    155.611    154.130     5.8962    33.4801  1027.0827    26.3662     5.8834     19.751    49.7290    -0.0005      7.609     1.3818     1.9747     60.124     61.709  0.000e+00
   56.45562 -132.47364    180.976    155.619    154.138     5.8962    33.4802  1027.0828    26.3662     5.8833     19.755    49.7570    -0.0005      7.609     1.3820     1.9750     60.136     61.721  0.000e+00
   56.45562 -132.47364    181.080    155.724    154.243     5.8965    33.4795  1027.0827    26.3656     5.8836     19.760    49.7570    -0.0005      7.609     1.3824     1.9756     60.152     61.738  0.000e+00
   56.45562 -132.47364    181.079    155.797    154.315     5.8963    33.4799  1027.0833    26.3659     5.8835     19.760    49.7570    -0.0005      7.604     1.3824     1.9755     60.151     61.737  0.000e+00
   56.45562 -132.47364    180.926    155.667    154.187     5.8962    33.4798  1027.0827    26.3659     5.8833     19.760    49.7290    -0.0005      7.609     1.3824     1.9756     60.152     61.738  0.000e+00
