EcoFOCI/data/1_SampleCollection/2022_GOA-OA_CruiseData/CTD_raw_BottleFile_RC0083/RC0083_063.ros
* Sea-Bird SBE 9 Data File:
* FileName = C:\Data\RC0083ctd\RC0083_063.hex
* Software Version Seasave V 7.26.7.107
* Temperature SN = 2060
* Conductivity SN = 1084
* Number of Bytes Per Scan = 31
* Number of Voltage Words = 4
* Number of Scans Averaged by the Deck Unit = 1
* NMEA Latitude = 58 42.84 N
* NMEA Longitude = 136 06.86 W
* NMEA UTC (Time) = Aug 20 2022  15:08:42
* NMEA baud rate = 4800
** Ship: R/V Rachel Carson
** Cruise ID: RC0083
** Tech: McHugh/Nomura
** Chief Scientist: Cross
** Station: GB13
** Cast:  CTD063
# nquan = 21
# nvalues = 245                                   
# units = specified
# name 0 = latitude: Latitude [deg]
# name 1 = longitude: Longitude [deg]
# name 2 = sfdSM: Seafloor depth [salt water, m]
# name 3 = prDM: Pressure, Digiquartz [db]
# name 4 = depSM: Depth [salt water, m]
# name 5 = t090C: Temperature [ITS-90, deg C]
# name 6 = sal00: Salinity, Practical [PSU]
# name 7 = density00: Density [density, kg/m^3]
# name 8 = sigma-é00: Density [sigma-theta, kg/m^3]
# name 9 = potemp090C: Potential Temperature [ITS-90, deg C]
# name 10 = sbeox0PS: Oxygen, SBE 43 [% saturation]
# name 11 = CStarTr0: Beam Transmission, WET Labs C-Star [%]
# name 12 = flECO-AFL: Fluorescence, WET Labs ECO-AFL/FL [mg/m^3]
# name 13 = ph: pH
# name 14 = sbeox0ML/L: Oxygen, SBE 43 [ml/l]
# name 15 = sbeox0Mg/L: Oxygen, SBE 43 [mg/l]
# name 16 = sbox0Mm/Kg: Oxygen, SBE 43 [umol/kg]
# name 17 = sbeox0Mm/L: Oxygen, SBE 43 [umol/l]
# name 18 = scan: Scan Count
# name 19 = nbf: Bottles Fired
# name 20 = flag:  0.000e+00
# interval = seconds: 0.0416667
# start_time = Aug 20 2022 15:08:42 [NMEA time, header]
# bad_flag = -9.990e-29
*END*
[from data line 138]
   58.71346 -136.11306    124.466     26.103     25.858     7.4884    30.0335  1023.5659    23.4458     7.4861     69.081    94.1158     0.2339      7.980     4.7646     6.8091    207.911    212.786      10094          3  0.000e+00
   58.71346 -136.11306    124.491     26.103     25.858     7.4884    30.0334  1023.5658    23.4458     7.4861     69.071    94.1158     0.2339      7.980     4.7639     6.8081    207.883    212.757      10095          3  0.000e+00
   58.71346 -136.11306    124.491     26.103     25.858     7.4884    30.0333  1023.5657    23.4457     7.4861     69.062    94.1158     0.2339      7.980     4.7633     6.8072    207.855    212.728      10096          3  0.000e+00
   58.71346 -136.11306    124.491     26.103     25.858     7.4884    30.0333  1023.5658    23.4457     7.4861     69.061    94.1158     0.2339      7.980     4.7632     6.8071    207.851    212.724      10097          3  0.000e+00
   58.71346 -136.11306    124.491     26.103     25.858     7.4883    30.0334  1023.5658    23.4458     7.4860     69.060    94.1158     0.2339      7.980     4.7631     6.8070    207.848    212.721      10098          3  0.000e+00
   58.71346 -136.11306    124.547     26.160     25.914     7.4882    30.0337  1023.5664    23.4461     7.4858     69.052    94.1158     0.2339      7.980     4.7626     6.8063    207.827    212.699      10099          3  0.000e+00
   58.71346 -136.11306    124.427     26.038     25.794     7.4884    30.0334  1023.5655    23.4457     7.4861     69.044    94.1158     0.2339      7.980     4.7620     6.8054    207.800    212.672      10100          3  0.000e+00
   58.71346 -136.11306    124.547     26.160     25.914     7.4885    30.0334  1023.5660    23.4457     7.4862     69.038    94.1158     0.2339      7.980     4.7616     6.8048    207.781    212.653      10101          3  0.000e+00
   58.71346 -136.11306    124.491     26.103     25.858     7.4884    30.0340  1023.5663    23.4462     7.4861     69.038    94.1158     0.2339      7.980     4.7616     6.8048    207.781    212.653      10102          3  0.000e+00
   58.71332 -136.11292    109.373     10.842     10.741     7.8125    29.1787  1022.7814    22.7315     7.8115     75.642    88.1584     1.3768      8.036     5.2075     7.4421    227.400    232.569      11711          4  0.000e+00
   58.71332 -136.11292    109.221     10.688     10.589     7.8130    29.1783  1022.7803    22.7312     7.8120     75.591    88.1584     1.3768      8.036     5.2040     7.4370    227.243    232.409      11712          4  0.000e+00
   58.71332 -136.11292    109.309     10.777     10.677     7.8129    29.1788  1022.7811    22.7315     7.8119     75.646    88.1584     1.3768      8.036     5.2077     7.4423    227.407    232.577      11713          4  0.000e+00
   58.71332 -136.11292    109.253     10.721     10.621     7.8126    29.1795  1022.7814    22.7321     7.8117     75.651    88.1864     1.3768      8.036     5.2081     7.4428    227.422    232.592      11714          4  0.000e+00
   58.71332 -136.11292    109.397     10.866     10.765     7.8129    29.1794  1022.7820    22.7320     7.8119     75.658    88.1864     1.3768      8.036     5.2085     7.4435    227.442    232.613      11715          4  0.000e+00
   58.71332 -136.11290    109.253     10.721     10.621     7.8129    29.1795  1022.7814    22.7321     7.8119     75.662    88.1864     1.3768      8.036     5.2088     7.4439    227.455    232.625      11716          4  0.000e+00
   58.71332 -136.11290    109.253     10.721     10.621     7.8124    29.1802  1022.7820    22.7327     7.8114     75.667    88.1864     1.3768      8.036     5.2092     7.4445    227.473    232.644      11717          4  0.000e+00
   58.71332 -136.11290    109.333     10.802     10.701     7.8122    29.1807  1022.7828    22.7331     7.8112     75.666    88.1864     1.3768      8.036     5.2092     7.4444    227.470    232.642      11718          4  0.000e+00
   58.71332 -136.11290    109.253     10.721     10.621     7.8127    29.1795  1022.7814    22.7321     7.8118     75.664    88.1864     1.3768      8.036     5.2089     7.4441    227.461    232.631      11719          4  0.000e+00
   58.71332 -136.11290    108.943     10.777     10.677     7.8137    29.1777  1022.7801    22.7305     7.8127     75.662    88.1864     1.3768      8.036     5.2088     7.4438    227.453    232.623      11720          4  0.000e+00
   58.71332 -136.11290    108.576     10.802     10.701     7.8145    29.1772  1022.7797    22.7300     7.8135     75.666    88.1584     1.3768      8.036     5.2090     7.4442    227.464    232.634      11721          4  0.000e+00
   58.71332 -136.11290    108.398     10.721     10.621     7.8148    29.1765  1022.7788    22.7295     7.8138     75.608    88.1304     1.4061      8.036     5.2050     7.4384    227.288    232.454      11722          4  0.000e+00
   58.71332 -136.11290    108.479     10.777     10.677     7.8146    29.1765  1022.7791    22.7295     7.8136     75.599    88.0185     1.4061      8.036     5.2044     7.4375    227.261    232.426      11723          4  0.000e+00
   58.71332 -136.11290    108.447     10.745     10.645     7.8145    29.1766  1022.7790    22.7296     7.8135     75.589    87.9626     1.4061      8.036     5.2037     7.4366    227.232    232.396      11724          4  0.000e+00
   58.71332 -136.11290    108.479     10.777     10.677     7.8146    29.1762  1022.7788    22.7293     7.8136     75.587    87.9626     1.4061      8.036     5.2035     7.4364    227.225    232.390      11725          4  0.000e+00
   58.71332 -136.11290    108.479     10.777     10.677     7.8148    29.1762  1022.7788    22.7293     7.8138     75.577    87.9626     1.4061      8.036     5.2029     7.4354    227.196    232.360      11726          4  0.000e+00
   58.71332 -136.11290    108.327     10.624     10.525     7.8146    29.1765  1022.7783    22.7295     7.8137     75.574    87.9906     1.4061      8.036     5.2026     7.4351    227.186    232.350      11727          4  0.000e+00
   58.71332 -136.11290    108.599     10.898     10.797     7.8153    29.1756  1022.7788    22.7287     7.8143     75.575    87.9906     1.4061      8.036     5.2026     7.4351    227.186    232.350      11728          4  0.000e+00
   58.71332 -136.11290    108.423     10.721     10.621     7.8155    29.1754  1022.7778    22.7285     7.8145     75.516    87.9906     1.4061      8.036     5.1986     7.4293    227.011    232.170      11729          4  0.000e+00
   58.71332 -136.11290    108.479     10.777     10.677     7.8156    29.1755  1022.7781    22.7286     7.8146     75.564    87.9626     1.4061      8.036     5.2019     7.4340    227.153    232.316      11730          4  0.000e+00
   58.71332 -136.11290    108.447     10.745     10.645     7.8154    29.1758  1022.7783    22.7288     7.8144     75.563    87.9906     1.4061      8.036     5.2018     7.4339    227.151    232.314      11731          4  0.000e+00
   58.71332 -136.11290    108.479     10.777     10.677     7.8158    29.1754  1022.7781    22.7285     7.8148     75.501    87.9626     1.4061      8.036     5.1975     7.4277    226.962    232.120      11732          4  0.000e+00
   58.71332 -136.11290    108.479     10.777     10.677     7.8156    29.1752  1022.7779    22.7284     7.8146     75.494    87.9626     1.4061      8.036     5.1970     7.4271    226.942    232.100      11733          4  0.000e+00
   58.71332 -136.11290    108.544     10.745     10.645     7.8153    29.1755  1022.7780    22.7286     7.8144     75.480    87.9626     1.4061      8.036     5.1961     7.4257    226.901    232.058      11734          4  0.000e+00
   58.71332 -136.11290    109.089     10.777     10.677     7.8152    29.1762  1022.7788    22.7292     7.8143     75.474    87.9626     1.4061      8.036     5.1957     7.4252    226.882    232.039      11735          4  0.000e+00
   58.71332 -136.11290    109.253     10.721     10.621     7.8153    29.1757  1022.7781    22.7288     7.8144     75.460    87.9626     1.4061      8.036     5.1948     7.4238    226.842    231.998      11736          4  0.000e+00
   58.71332 -136.11290    109.357     10.802     10.701     7.8159    29.1748  1022.7777    22.7280     7.8150     75.456    87.9906     1.4061      8.036     5.1944     7.4233    226.827    231.982      11737          4  0.000e+00
   58.71332 -136.11290    109.309     10.777     10.677     7.8159    29.1752  1022.7778    22.7283     7.8150     75.451    87.9906     1.4061      8.036     5.1941     7.4228    226.811    231.967      11738          4  0.000e+00
   58.71332 -136.11290    109.253     10.721     10.621     7.8157    29.1755  1022.7779    22.7286     7.8148     75.446    87.9626     1.4061      8.036     5.1938     7.4224    226.798    231.953      11739          4  0.000e+00
   58.71330 -136.11290    109.277     10.745     10.645     7.8155    29.1761  1022.7785    22.7291     7.8145     75.443    87.9626     1.4061      8.036     5.1935     7.4221    226.789    231.944      11740          4  0.000e+00
   58.71330 -136.11290    109.309     10.777     10.677     7.8146    29.1766  1022.7791    22.7295     7.8136     75.433    87.9626     1.4061      8.036     5.1929     7.4212    226.763    231.917      11741          4  0.000e+00
   58.71330 -136.11290    109.309     10.777     10.677     7.8153    29.1762  1022.7788    22.7292     7.8143     75.430    87.9626     1.3768      8.036     5.1927     7.4209    226.752    231.905      11742          4  0.000e+00
   58.71330 -136.11290    109.277     10.745     10.645     7.8159    29.1754  1022.7779    22.7285     7.8149     75.428    87.8228     1.3768      8.036     5.1925     7.4206    226.743    231.896      11743          4  0.000e+00
   58.71330 -136.11290    109.309     10.777     10.677     7.8163    29.1748  1022.7775    22.7279     7.8153     75.427    87.7668     1.3768      8.036     5.1924     7.4204    226.738    231.891      11744          4  0.000e+00
   58.71330 -136.11290    109.309     10.777     10.677     7.8169    29.1742  1022.7770    22.7274     7.8160     75.481    87.7668     1.3768      8.036     5.1960     7.4257    226.898    232.055      11745          4  0.000e+00
   58.71330 -136.11290    109.277     10.745     10.645     7.8171    29.1741  1022.7767    22.7273     7.8161     75.432    87.7668     1.3768      8.036     5.1927     7.4208    226.750    231.904      11746          4  0.000e+00
   58.71330 -136.11290    109.309     10.777     10.677     7.8171    29.1744  1022.7771    22.7275     7.8162     75.425    87.7668     1.3768      8.036     5.1922     7.4201    226.728    231.881      11747          4  0.000e+00
   58.71330 -136.11290    109.253     10.721     10.621     7.8166    29.1749  1022.7773    22.7280     7.8156     75.417    87.7668     1.3768      8.036     5.1917     7.4194    226.708    231.861      11748          4  0.000e+00
   58.71330 -136.11290    109.157     10.624     10.525     7.8163    29.1751  1022.7770    22.7282     7.8153     75.410    87.7668     1.3768      8.036     5.1912     7.4187    226.686    231.838      11749          4  0.000e+00
   58.71330 -136.11290    109.429     10.898     10.797     7.8164    29.1751  1022.7783    22.7282     7.8155     75.406    87.7668     1.3768      8.036     5.1909     7.4183    226.674    231.826      11750          4  0.000e+00
   58.71330 -136.11290    109.285     10.777     10.677     7.8162    29.1752  1022.7778    22.7282     7.8153     75.399    87.7668     1.3768      8.036     5.1904     7.4176    226.653    231.804      11751          4  0.000e+00
   58.71330 -136.11290    109.277     10.745     10.645     7.8166    29.1750  1022.7775    22.7281     7.8156     75.392    87.7668     1.3768      8.036     5.1900     7.4170    226.633    231.784      11752          4  0.000e+00
   58.71330 -136.11290    109.309     10.777     10.677     7.8166    29.1748  1022.7775    22.7279     7.8156     75.394    87.7668     1.3768      8.036     5.1901     7.4172    226.639    231.790      11753          4  0.000e+00
   58.71330 -136.11290    109.309     10.777     10.677     7.8168    29.1742  1022.7770    22.7274     7.8158     75.397    87.7668     1.3768      8.036     5.1903     7.4174    226.646    231.797      11754          4  0.000e+00
   58.71330 -136.11290    109.277     10.745     10.645     7.8174    29.1742  1022.7767    22.7273     7.8164     75.399    87.7668     1.3768      8.036     5.1904     7.4176    226.651    231.802      11755          4  0.000e+00
   58.71330 -136.11290    109.309     10.777     10.677     7.8176    29.1741  1022.7768    22.7272     7.8166     75.396    87.7668     1.3768      8.036     5.1901     7.4172    226.639    231.790      11756          4  0.000e+00
   58.71330 -136.11290    109.253     10.721     10.621     7.8174    29.1739  1022.7764    22.7271     7.8165     75.399    87.7668     1.3768      8.036     5.1904     7.4175    226.650    231.801      11757          4  0.000e+00
   58.71330 -136.11290    109.333     10.802     10.701     7.8172    29.1740  1022.7768    22.7272     7.8162     75.404    87.7668     1.3768      8.036     5.1907     7.4181    226.667    231.818      11758          4  0.000e+00
   58.71330 -136.11290    109.229     10.721     10.621     7.8171    29.1743  1022.7767    22.7274     7.8162     75.408    87.7668     1.3768      8.036     5.1910     7.4185    226.680    231.831      11759          4  0.000e+00
   58.71314 -136.11270     33.384      3.231      3.201     9.2405    21.5369  1016.5825    16.5676     9.2402    117.666    60.9166     4.1606      8.412     8.2395    11.7751    361.979    367.976      13405          5  0.000e+00
   58.71314 -136.11270     33.424      3.271      3.241     9.2614    21.5170  1016.5644    16.5493     9.2611    117.661    60.9166     4.1606      8.411     8.2363    11.7704    361.843    367.831      13406          5  0.000e+00
   58.71314 -136.11270     33.440      3.287      3.257     9.2698    21.5102  1016.5581    16.5429     9.2695    117.651    60.9166     4.1606      8.411     8.2344    11.7678    361.763    367.748      13407          5  0.000e+00
   58.71314 -136.11270     33.304      3.150      3.121     9.2706    21.5118  1016.5585    16.5440     9.2703    117.690    60.9166     4.1606      8.411     8.2368    11.7713    361.870    367.857      13408          5  0.000e+00
   58.71314 -136.11270     33.440      3.287      3.257     9.2710    21.5114  1016.5588    16.5436     9.2707    117.684    60.9166     4.1606      8.411     8.2364    11.7706    361.851    367.838      13409          5  0.000e+00
   58.71314 -136.11270     67.099      3.271      3.241     9.2653    21.5212  1016.5672    16.5521     9.2650    117.672    60.9166     4.1313      8.411     8.2361    11.7702    361.834    367.823      13410          5  0.000e+00
   58.71314 -136.11270     98.317      3.231      3.201     9.2458    21.5528  1016.5942    16.5793     9.2455    117.662    60.9166     4.1606      8.411     8.2374    11.7720    361.881    367.881      13411          5  0.000e+00
   58.71314 -136.11270    103.241      3.271      3.241     9.2209    21.5935  1016.6294    16.6143     9.2206    117.649    60.9166     4.1606      8.412     8.2390    11.7743    361.939    367.952      13412          5  0.000e+00
   58.71314 -136.11270    103.176      3.231      3.201     9.2058    21.6220  1016.6534    16.6385     9.2055    117.626    60.9166     4.1606      8.412     8.2387    11.7739    361.917    367.939      13413          5  0.000e+00
   58.71314 -136.11270    101.971      3.271      3.241     9.2009    21.6299  1016.6604    16.6453     9.2006    117.602    60.9166     4.1606      8.412     8.2375    11.7722    361.863    367.886      13414          5  0.000e+00
