EcoFOCI/data/1_SampleCollection/2022_GOA-OA_CruiseData/CTD_raw_BottleFile_RC0083/RC0083_106.cnv
* Sea-Bird SBE 9 Data File:
* FileName = C:\Data\RC0083ctd\RC0083_106.hex
* Software Version Seasave V 7.26.7.107
* Temperature SN = 2060
* Conductivity SN = 2881
* Number of Bytes Per Scan = 31
* Number of Voltage Words = 4
* Number of Scans Averaged by the Deck Unit = 1
* NMEA Latitude = 56 12.35 N
* NMEA Longitude = 132 42.74 W
* NMEA UTC (Time) = Aug 23 2022  04:52:22
* NMEA baud rate = 4800
** Ship: R/V Rachel Carson
** Cruise ID: RC0083
** Tech: McHugh/Nomura
** Chief Scientist: Cross
** Station: UCLS1
** Cast:  CTD106
# nquan = 19
# nvalues = 16796                                 
# units = specified
# name 0 = latitude: Latitude [deg]
# name 1 = longitude: Longitude [deg]
# name 2 = sfdSM: Seafloor depth [salt water, m]
# name 3 = prDM: Pressure, Digiquartz [db]
# name 4 = depSM: Depth [salt water, m]
# name 5 = t090C: Temperature [ITS-90, deg C]
# name 6 = sal00: Salinity, Practical [PSU]
# name 7 = density00: Density [density, kg/m^3]
# name 8 = sigma-é00: Density [sigma-theta, kg/m^3]
# name 9 = potemp090C: Potential Temperature [ITS-90, deg C]
# name 10 = sbeox0PS: Oxygen, SBE 43 [% saturation]
# name 11 = CStarTr0: Beam Transmission, WET Labs C-Star [%]
# name 12 = flECO-AFL: Fluorescence, WET Labs ECO-AFL/FL [mg/m^3]
# name 13 = ph: pH
# name 14 = sbeox0ML/L: Oxygen, SBE 43 [ml/l]
# name 15 = sbeox0Mg/L: Oxygen, SBE 43 [mg/l]
# name 16 = sbox0Mm/Kg: Oxygen, SBE 43 [umol/kg]
# name 17 = sbeox0Mm/L: Oxygen, SBE 43 [umol/l]
# name 18 = flag:  0.000e+00
# span 0 =   56.20500,   56.20586                 
# span 1 = -132.71236, -132.71202                 
# span 2 =      5.000,    325.903                 
# span 3 =      3.005,    247.487                 
# span 4 =      2.977,    245.084                 
# span 5 =     5.7864,    14.9087                 
# span 6 =    27.3851,    33.5914                 
# span 7 =  1020.1459,  1027.6071                 
# span 8 =    20.1291,    26.4685                 
# span 9 =     5.7660,    14.9082                 
# span 10 =     20.711,    117.128                
# span 11 =    81.9493,   103.2896                
# span 12 =    -0.0591,    10.7247                
# span 13 =      7.624,      8.429                
# span 14 =     1.4513,     7.0865                
# span 15 =     2.0740,    10.1273                
# span 16 =     63.145,    310.063                
# span 17 =     64.813,    316.483                
# span 18 = 0.0000e+00, 0.0000e+00                
# interval = seconds: 0.0416667
# start_time = Aug 23 2022 04:52:22 [NMEA time, header]
# bad_flag = -9.990e-29
*END*
[from data line 3353]
   56.20532 -132.71220    181.575     83.698     82.918     6.4783    32.7313  1026.0862    25.7012     6.4712     35.036   102.6184     0.0874      7.714     2.4300     3.4727    105.803    108.522  0.000e+00
   56.20532 -132.71220    181.607     83.730     82.950     6.4772    32.7314  1026.0866    25.7014     6.4701     35.030   102.6184     0.0874      7.714     2.4296     3.4722    105.789    108.508  0.000e+00
   56.20532 -132.71220    181.631     83.754     82.974     6.4766    32.7314  1026.0868    25.7015     6.4694     35.026   102.6184     0.0874      7.714     2.4294     3.4719    105.779    108.497  0.000e+00
   56.20532 -132.71220    181.687     83.811     83.030     6.4753    32.7319  1026.0876    25.7021     6.4681     35.024   102.6184     0.0874      7.714     2.4293     3.4717    105.775    108.494  0.000e+00
   56.20532 -132.71220    181.687     83.811     83.030     6.4736    32.7325  1026.0882    25.7027     6.4665     35.023   102.6184     0.0874      7.714     2.4294     3.4718    105.776    108.495  0.000e+00
   56.20532 -132.71220    181.751     83.875     83.094     6.4718    32.7335  1026.0896    25.7038     6.4647     35.024   102.6184     0.0874      7.714     2.4295     3.4720    105.784    108.503  0.000e+00
   56.20532 -132.71220    181.791     83.916     83.134     6.4708    32.7338  1026.0902    25.7042     6.4636     35.027   102.6184     0.0874      7.709     2.4298     3.4724    105.794    108.514  0.000e+00
   56.20532 -132.71220    181.782     83.932     83.150     6.4701    32.7336  1026.0901    25.7041     6.4629     35.031   102.5904     0.0874      7.714     2.4301     3.4729    105.809    108.529  0.000e+00
   56.20532 -132.71220    181.807     83.932     83.150     6.4691    32.7340  1026.0906    25.7045     6.4620     35.030   102.6184     0.0874      7.714     2.4301     3.4728    105.808    108.528  0.000e+00
   56.20532 -132.71220    181.846     83.997     83.214     6.4682    32.7343  1026.0912    25.7048     6.4610     34.981   102.6184     0.0874      7.709     2.4267     3.4680    105.660    108.376  0.000e+00
   56.20532 -132.71220    181.927     84.053     83.270     6.4670    32.7347  1026.0919    25.7053     6.4599     34.977   102.6184     0.0874      7.709     2.4265     3.4677    105.650    108.366  0.000e+00
   56.20532 -132.71220    181.847     83.972     83.190     6.4660    32.7357  1026.0925    25.7063     6.4589     34.974   102.6184     0.0874      7.714     2.4263     3.4674    105.642    108.358  0.000e+00
   56.20532 -132.71220    181.983     84.110     83.326     6.4650    32.7366  1026.0940    25.7071     6.4578     34.973   102.6184     0.0874      7.709     2.4263     3.4674    105.643    108.359  0.000e+00
   56.20532 -132.71220    182.047     84.175     83.390     6.4642    32.7382  1026.0957    25.7085     6.4570     34.974   102.6184     0.0581      7.709     2.4264     3.4676    105.647    108.363  0.000e+00
   56.20532 -132.71220    181.983     84.110     83.326     6.4632    32.7396  1026.0966    25.7097     6.4560     34.976   102.6184     0.0288      7.709     2.4266     3.4678    105.654    108.370  0.000e+00
   56.20532 -132.71220    182.047     84.175     83.390     6.4625    32.7404  1026.0976    25.7104     6.4554     34.973   102.6184     0.0288      7.709     2.4264     3.4676    105.647    108.363  0.000e+00
   56.20532 -132.71220    182.087     84.215     83.430     6.4616    32.7418  1026.0990    25.7116     6.4544     34.979   102.6184     0.0288      7.709     2.4268     3.4682    105.664    108.381  0.000e+00
   56.20532 -132.71220    182.103     84.231     83.446     6.4609    32.7428  1026.1000    25.7125     6.4538     34.979   102.6184     0.0288      7.709     2.4268     3.4682    105.666    108.383  0.000e+00
   56.20532 -132.71220    182.079     84.231     83.446     6.4601    32.7443  1026.1013    25.7138     6.4529     34.980   102.6184     0.0288      7.709     2.4270     3.4684    105.671    108.388  0.000e+00
   56.20532 -132.71220    182.167     84.296     83.510     6.4598    32.7452  1026.1023    25.7145     6.4526     34.926   102.6184     0.0288      7.709     2.4232     3.4630    105.507    108.220  0.000e+00
   56.20532 -132.71220    182.223     84.352     83.566     6.4597    32.7464  1026.1036    25.7155     6.4525     34.924   102.6184     0.0288      7.709     2.4231     3.4628    105.501    108.214  0.000e+00
   56.20532 -132.71220    182.199     84.328     83.542     6.4592    32.7477  1026.1045    25.7166     6.4520     34.924   102.6184     0.0581      7.709     2.4230     3.4627    105.499    108.212  0.000e+00
   56.20532 -132.71220    182.279     84.409     83.622     6.4588    32.7484  1026.1055    25.7172     6.4516     34.932   102.6184     0.0288      7.709     2.4236     3.4636    105.525    108.238  0.000e+00
   56.20532 -132.71220    182.279     84.409     83.622     6.4590    32.7491  1026.1060    25.7177     6.4518     34.935   102.6184     0.0288      7.709     2.4238     3.4638    105.533    108.247  0.000e+00
   56.20532 -132.71220    182.279     84.409     83.622     6.4587    32.7497  1026.1065    25.7182     6.4515     34.946   102.6184     0.0288      7.709     2.4246     3.4650    105.568    108.283  0.000e+00
   56.20532 -132.71220    182.343     84.474     83.686     6.4588    32.7493  1026.1065    25.7179     6.4516     34.896   102.6184     0.0288      7.709     2.4211     3.4600    105.416    108.127  0.000e+00
   56.20532 -132.71220    182.439     84.571     83.783     6.4587    32.7498  1026.1073    25.7183     6.4515     34.892   102.6184     0.0288      7.709     2.4208     3.4596    105.402    108.113  0.000e+00
   56.20532 -132.71220    182.399     84.530     83.743     6.4584    32.7507  1026.1079    25.7191     6.4512     34.888   102.5904     0.0288      7.709     2.4206     3.4592    105.392    108.102  0.000e+00
   56.20532 -132.71220    182.399     84.530     83.743     6.4586    32.7507  1026.1079    25.7191     6.4514     34.886   102.5065     0.0288      7.709     2.4204     3.4590    105.386    108.096  0.000e+00
   56.20532 -132.71220    182.455     84.587     83.799     6.4585    32.7505  1026.1080    25.7189     6.4513     34.887   102.4785     0.0288      7.709     2.4205     3.4591    105.387    108.098  0.000e+00
   56.20532 -132.71220    182.520     84.652     83.863     6.4584    32.7510  1026.1087    25.7193     6.4512     34.889   102.4785     0.0288      7.709     2.4206     3.4593    105.393    108.104  0.000e+00
   56.20532 -132.71220    182.560     84.692     83.903     6.4585    32.7506  1026.1085    25.7190     6.4513     34.892   102.4785     0.0288      7.709     2.4208     3.4596    105.403    108.114  0.000e+00
   56.20532 -132.71220    182.520     84.652     83.863     6.4585    32.7509  1026.1086    25.7192     6.4513     34.897   102.4785     0.0288      7.709     2.4212     3.4601    105.418    108.129  0.000e+00
   56.20532 -132.71220    182.576     84.708     83.919     6.4584    32.7511  1026.1091    25.7194     6.4512     34.846   102.4785     0.0288      7.709     2.4177     3.4551    105.265    107.973  0.000e+00
   56.20532 -132.71220    182.696     84.830     84.039     6.4584    32.7509  1026.1094    25.7192     6.4511     34.899   102.4785     0.0288      7.709     2.4213     3.4603    105.425    108.137  0.000e+00
   56.20532 -132.71220    182.615     84.773     83.983     6.4580    32.7516  1026.1097    25.7198     6.4508     34.902   102.4785     0.0288      7.709     2.4215     3.4606    105.434    108.146  0.000e+00
   56.20532 -132.71220    182.616     84.749     83.959     6.4581    32.7517  1026.1097    25.7199     6.4509     34.906   102.4785     0.0288      7.709     2.4218     3.4610    105.447    108.159  0.000e+00
   56.20532 -132.71220    182.752     84.886     84.095     6.4579    32.7521  1026.1107    25.7202     6.4506     34.856   102.4785     0.0288      7.709     2.4183     3.4560    105.293    108.001  0.000e+00
   56.20532 -132.71220    182.752     84.886     84.095     6.4580    32.7521  1026.1107    25.7202     6.4508     34.856   102.4785     0.0288      7.709     2.4184     3.4561    105.295    108.004  0.000e+00
   56.20532 -132.71220    182.696     84.830     84.039     6.4580    32.7521  1026.1104    25.7202     6.4508     34.859   102.4785     0.0288      7.709     2.4185     3.4563    105.302    108.010  0.000e+00
   56.20532 -132.71220    182.856     84.991     84.199     6.4579    32.7521  1026.1112    25.7203     6.4506     34.863   102.4785     0.0288      7.709     2.4188     3.4568    105.317    108.026  0.000e+00
   56.20532 -132.71220    182.816     84.951     84.159     6.4580    32.7522  1026.1111    25.7203     6.4508     34.869   102.4785     0.0288      7.709     2.4192     3.4573    105.333    108.043  0.000e+00
   56.20532 -132.71220    182.872     85.007     84.215     6.4575    32.7528  1026.1119    25.7208     6.4503     34.877   102.4785     0.0288      7.709     2.4198     3.4581    105.358    108.067  0.000e+00
   56.20532 -132.71220    182.936     85.072     84.279     6.4579    32.7527  1026.1120    25.7207     6.4507     34.879   102.4785     0.0288      7.709     2.4199     3.4583    105.364    108.074  0.000e+00
   56.20532 -132.71220    182.936     85.072     84.279     6.4577    32.7529  1026.1122    25.7209     6.4505     34.825   102.4785     0.0288      7.709     2.4162     3.4530    105.202    107.908  0.000e+00
   56.20532 -132.71220    182.944     85.104     84.311     6.4577    32.7531  1026.1125    25.7210     6.4505     34.882   102.4785     0.0288      7.709     2.4201     3.4586    105.371    108.082  0.000e+00
   56.20532 -132.71220    182.936     85.072     84.279     6.4575    32.7535  1026.1127    25.7213     6.4503     34.881   102.4785     0.0288      7.709     2.4201     3.4585    105.370    108.081  0.000e+00
   56.20532 -132.71220    183.112     85.250     84.455     6.4574    32.7537  1026.1137    25.7216     6.4501     34.825   102.4785     0.0288      7.709     2.4162     3.4530    105.202    107.908  0.000e+00
   56.20532 -132.71220    183.048     85.185     84.391     6.4574    32.7536  1026.1133    25.7215     6.4501     34.828   102.6184     0.0288      7.709     2.4164     3.4532    105.209    107.915  0.000e+00
   56.20532 -132.71220    183.032     85.169     84.375     6.4574    32.7538  1026.1134    25.7216     6.4501     34.768   102.6743     0.0288      7.709     2.4122     3.4473    105.027    107.729  0.000e+00
   56.20532 -132.71220    183.168     85.307     84.511     6.4575    32.7534  1026.1137    25.7213     6.4502     34.818   102.6743     0.0288      7.709     2.4157     3.4522    105.179    107.884  0.000e+00
   56.20532 -132.71220    183.168     85.307     84.511     6.4573    32.7536  1026.1139    25.7214     6.4500     34.818   102.6743     0.0288      7.709     2.4157     3.4523    105.180    107.886  0.000e+00
   56.20532 -132.71220    183.144     85.307     84.511     6.4572    32.7538  1026.1141    25.7217     6.4500     34.762   102.6743     0.0288      7.709     2.4119     3.4468    105.012    107.713  0.000e+00
   56.20532 -132.71220    183.208     85.371     84.575     6.4571    32.7538  1026.1144    25.7217     6.4498     34.817   102.6743     0.0288      7.709     2.4156     3.4522    105.176    107.882  0.000e+00
   56.20532 -132.71220    183.264     85.404     84.607     6.4572    32.7540  1026.1147    25.7218     6.4499     34.821   102.6743     0.0288      7.709     2.4159     3.4526    105.190    107.896  0.000e+00
   56.20532 -132.71220    183.288     85.428     84.631     6.4572    32.7540  1026.1148    25.7218     6.4499     34.770   102.6743     0.0288      7.709     2.4124     3.4476    105.036    107.738  0.000e+00
   56.20532 -132.71220    183.288     85.428     84.631     6.4571    32.7545  1026.1152    25.7222     6.4498     34.771   102.6743     0.0288      7.709     2.4125     3.4477    105.039    107.741  0.000e+00
   56.20532 -132.71220    183.344     85.484     84.688     6.4572    32.7543  1026.1153    25.7220     6.4499     34.774   102.6743     0.0288      7.709     2.4127     3.4480    105.048    107.750  0.000e+00
   56.20532 -132.71220    183.360     85.525     84.728     6.4578    32.7544  1026.1154    25.7220     6.4505     34.772   102.6743     0.0581      7.709     2.4125     3.4477    105.040    107.742  0.000e+00
   56.20532 -132.71220    183.408     85.549     84.752     6.4582    32.7550  1026.1160    25.7225     6.4509     34.771   102.6743     0.0288      7.709     2.4124     3.4475    105.035    107.737  0.000e+00
   56.20532 -132.71220    183.408     85.549     84.752     6.4585    32.7554  1026.1162    25.7227     6.4512     34.771   102.6743     0.0288      7.709     2.4124     3.4475    105.035    107.737  0.000e+00
   56.20532 -132.71220    183.521     85.662     84.864     6.4588    32.7560  1026.1172    25.7232     6.4515     34.773   102.6743     0.0288      7.709     2.4125     3.4477    105.040    107.742  0.000e+00
   56.20532 -132.71220    183.440     85.606     84.808     6.4590    32.7558  1026.1168    25.7230     6.4517     34.719   102.6743     0.0288      7.709     2.4087     3.4423    104.875    107.573  0.000e+00
   56.20532 -132.71220    183.480     85.646     84.848     6.4590    32.7562  1026.1173    25.7233     6.4517     34.717   102.6743     0.0288      7.709     2.4086     3.4421    104.869    107.567  0.000e+00
   56.20532 -132.71220    183.641     85.784     84.984     6.4588    32.7567  1026.1183    25.7238     6.4515     34.718   102.6743     0.0288      7.709     2.4086     3.4421    104.871    107.568  0.000e+00
   56.20532 -132.71220    183.560     85.727     84.928     6.4584    32.7576  1026.1188    25.7245     6.4511     34.661   102.6743     0.0288      7.709     2.4047     3.4366    104.701    107.395  0.000e+00
   56.20532 -132.71220    183.585     85.727     84.928     6.4582    32.7578  1026.1190    25.7246     6.4509     34.658   102.6743     0.0288      7.709     2.4045     3.4363    104.692    107.385  0.000e+00
   56.20532 -132.71220    183.681     85.824     85.024     6.4575    32.7586  1026.1202    25.7254     6.4502     34.715   102.6743     0.0288      7.709     2.4084     3.4419    104.863    107.561  0.000e+00
   56.20532 -132.71220    183.705     85.848     85.048     6.4572    32.7587  1026.1204    25.7255     6.4499     34.715   102.7023     0.0288      7.709     2.4085     3.4419    104.864    107.562  0.000e+00
   56.20532 -132.71220    183.680     85.848     85.048     6.4566    32.7595  1026.1211    25.7262     6.4493     34.716   102.7302     0.0288      7.709     2.4086     3.4421    104.869    107.567  0.000e+00
   56.20532 -132.71220    183.736     85.905     85.104     6.4559    32.7602  1026.1220    25.7269     6.4486     34.719   102.7302     0.0288      7.709     2.4088     3.4424    104.880    107.578  0.000e+00
   56.20532 -132.71220    183.712     85.881     85.080     6.4553    32.7610  1026.1227    25.7276     6.4480     34.666   102.7302     0.0288      7.709     2.4051     3.4372    104.720    107.414  0.000e+00
   56.20532 -132.71220    183.857     86.026     85.224     6.4548    32.7608  1026.1232    25.7275     6.4475     34.666   102.7302     0.0288      7.709     2.4052     3.4372    104.721    107.415  0.000e+00
   56.20532 -132.71220    183.817     85.961     85.160     6.4545    32.7614  1026.1234    25.7280     6.4472     34.666   102.7302     0.0288      7.709     2.4052     3.4373    104.723    107.417  0.000e+00
   56.20532 -132.71220    183.881     86.026     85.224     6.4539    32.7618  1026.1241    25.7284     6.4466     34.605   102.7302     0.0288      7.709     2.4010     3.4312    104.538    107.228  0.000e+00
