EcoFOCI/data/1_SampleCollection/2022_GOA-OA_CruiseData/CTD_raw_BottleFile_RC0083/RC0083_014.cnv
* Sea-Bird SBE 9 Data File:
* FileName = C:\Data\RC0083ctd\RC0083_014.hex
* Software Version Seasave V 7.26.7.107
* Temperature SN = 2060
* Conductivity SN = 1084
* Number of Bytes Per Scan = 31
* Number of Voltage Words = 4
* Number of Scans Averaged by the Deck Unit = 1
* NMEA Latitude = 55 45.82 N
* NMEA Longitude = 134 25.01 W
* NMEA UTC (Time) = Aug 13 2022  07:08:13
* NMEA baud rate = 4800
** Ship: R/V Rachel Carson
** Cruise ID: RC0083 RC0083
** Tech: McHugh/Nomura
** Chief Scientist: Cross Cross
** Station: POW3
** Cast:  014
# nquan = 19
# nvalues = 15279                                 
# units = specified
# name 0 = latitude: Latitude [deg]
# name 1 = longitude: Longitude [deg]
# name 2 = sfdSM: Seafloor depth [salt water, m]
# name 3 = prDM: Pressure, Digiquartz [db]
# name 4 = depSM: Depth [salt water, m]
# name 5 = t090C: Temperature [ITS-90, deg C]
# name 6 = sal00: Salinity, Practical [PSU]
# name 7 = density00: Density [density, kg/m^3]
# name 8 = sigma-é00: Density [sigma-theta, kg/m^3]
# name 9 = potemp090C: Potential Temperature [ITS-90, deg C]
# name 10 = sbeox0PS: Oxygen, SBE 43 [% saturation]
# name 11 = CStarTr0: Beam Transmission, WET Labs C-Star [%]
# name 12 = flECO-AFL: Fluorescence, WET Labs ECO-AFL/FL [mg/m^3]
# name 13 = ph: pH
# name 14 = sbeox0ML/L: Oxygen, SBE 43 [ml/l]
# name 15 = sbeox0Mg/L: Oxygen, SBE 43 [mg/l]
# name 16 = sbox0Mm/Kg: Oxygen, SBE 43 [umol/kg]
# name 17 = sbeox0Mm/L: Oxygen, SBE 43 [umol/l]
# name 18 = flag:  0.000e+00
# span 0 =   55.76370,   55.76574                 
# span 1 = -134.41786, -134.41692                 
# span 2 =      2.769,    133.497                 
# span 3 =      2.600,    118.584                 
# span 4 =      2.577,    117.473                 
# span 5 =     6.4916,    10.5889                 
# span 6 =    30.8547,    33.1278                 
# span 7 =  1023.6357,  1026.5535                 
# span 8 =    23.6204,    26.0126                 
# span 9 =     6.4814,    10.5886                 
# span 10 =     49.885,    120.541                
# span 11 =    66.8181,   104.5762                
# span 12 =    -0.1177,    18.8127                
# span 13 =      7.839,      8.315                
# span 14 =     3.4488,     7.7184                
# span 15 =     4.9287,    11.0303                
# span 16 =    150.122,    336.747                
# span 17 =    154.025,    344.702                
# span 18 = 0.0000e+00, 0.0000e+00                
# interval = seconds: 0.0416667
# start_time = Aug 13 2022 07:08:13 [NMEA time, header]
# bad_flag = -9.990e-29
*END*
[from data line 3581]
   55.76400 -134.41712    131.832     59.832     59.280     7.3416    32.5320  1025.7037    25.4295     7.3361     56.427   102.5344     0.2339      7.894     3.8415     5.4899    167.308    171.563  0.000e+00
   55.76400 -134.41712    131.888     59.889     59.336     7.3406    32.5323  1025.7043    25.4299     7.3352     56.437   102.5344     0.2632      7.889     3.8423     5.4911    167.343    171.598  0.000e+00
   55.76400 -134.41712    131.888     59.889     59.336     7.3406    32.5321  1025.7042    25.4298     7.3352     56.449   102.5344     0.2632      7.894     3.8431     5.4922    167.377    171.633  0.000e+00
   55.76400 -134.41712    131.847     59.897     59.344     7.3431    32.5304  1025.7025    25.4281     7.3376     56.462   102.5344     0.2339      7.894     3.8438     5.4932    167.408    171.665  0.000e+00
   55.76400 -134.41712    131.903     59.953     59.400     7.3449    32.5296  1025.7019    25.4272     7.3394     56.477   102.5344     0.2632      7.894     3.8447     5.4945    167.446    171.704  0.000e+00
   55.76400 -134.41712    131.903     59.953     59.400     7.3460    32.5288  1025.7011    25.4264     7.3405     56.493   102.5344     0.2339      7.894     3.8457     5.4959    167.491    171.749  0.000e+00
   55.76400 -134.41712    131.903     59.953     59.400     7.3460    32.5288  1025.7011    25.4264     7.3405     56.503   102.5344     0.2925      7.889     3.8464     5.4969    167.520    171.780  0.000e+00
   55.76400 -134.41712    131.959     60.010     59.456     7.3451    32.5292  1025.7018    25.4269     7.3396     56.515   102.5344     0.2339      7.894     3.8473     5.4981    167.558    171.819  0.000e+00
   55.76400 -134.41712    132.024     60.075     59.520     7.3424    32.5300  1025.7031    25.4279     7.3369     56.528   102.5344     0.2339      7.894     3.8484     5.4997    167.607    171.869  0.000e+00
   55.76400 -134.41712    131.935     60.010     59.456     7.3382    32.5325  1025.7053    25.4304     7.3328     56.542   102.5344     0.2339      7.889     3.8496     5.5015    167.660    171.924  0.000e+00
   55.76400 -134.41712    132.055     60.131     59.577     7.3337    32.5345  1025.7081    25.4326     7.3282     56.558   102.5344     0.2339      7.889     3.8511     5.5036    167.724    171.989  0.000e+00
   55.76400 -134.41712    132.055     60.131     59.577     7.3305    32.5365  1025.7101    25.4346     7.3250     56.574   102.5344     0.2339      7.894     3.8524     5.5055    167.783    172.050  0.000e+00
   55.76400 -134.41712    132.055     60.131     59.576     7.3283    32.5381  1025.7117    25.4362     7.3228     56.584   102.5344     0.2339      7.889     3.8533     5.5067    167.818    172.087  0.000e+00
   55.76400 -134.41712    132.144     60.196     59.641     7.3268    32.5394  1025.7132    25.4374     7.3213     56.596   102.5344     0.2339      7.894     3.8541     5.5080    167.856    172.126  0.000e+00
   55.76400 -134.41712    132.175     60.252     59.697     7.3261    32.5398  1025.7139    25.4378     7.3206     56.608   102.5344     0.2339      7.894     3.8550     5.5092    167.894    172.165  0.000e+00
   55.76400 -134.41712    132.175     60.252     59.697     7.3248    32.5407  1025.7148    25.4387     7.3193     56.557   102.5344     0.2339      7.894     3.8517     5.5044    167.748    172.015  0.000e+00
   55.76400 -134.41712    132.231     60.309     59.753     7.3237    32.5413  1025.7157    25.4393     7.3182     56.564   102.5624     0.2339      7.894     3.8522     5.5052    167.771    172.039  0.000e+00
   55.76400 -134.41712    132.214     60.366     59.809     7.3225    32.5418  1025.7164    25.4399     7.3170     56.620   102.5624     0.2339      7.894     3.8561     5.5107    167.941    172.213  0.000e+00
   55.76400 -134.41712    132.190     60.366     59.809     7.3218    32.5424  1025.7170    25.4404     7.3162     56.627   102.5904     0.2339      7.894     3.8567     5.5116    167.966    172.239  0.000e+00
   55.76400 -134.41712    132.173     60.374     59.817     7.3208    32.5429  1025.7176    25.4410     7.3153     56.580   102.5904     0.2339      7.889     3.8535     5.5071    167.829    172.098  0.000e+00
   55.76400 -134.41712    132.285     60.487     59.929     7.3201    32.5438  1025.7190    25.4418     7.3146     56.583   102.5904     0.2339      7.894     3.8537     5.5074    167.838    172.108  0.000e+00
   55.76400 -134.41712    132.285     60.487     59.929     7.3196    32.5437  1025.7189    25.4418     7.3141     56.586   102.5904     0.2339      7.894     3.8540     5.5077    167.848    172.119  0.000e+00
   55.76400 -134.41712    132.318     60.495     59.937     7.3185    32.5443  1025.7196    25.4424     7.3130     56.645   102.5904     0.2339      7.889     3.8581     5.5136    168.029    172.304  0.000e+00
   55.76400 -134.41712    132.430     60.608     60.049     7.3167    32.5459  1025.7216    25.4439     7.3112     56.594   102.5904     0.2339      7.889     3.8548     5.5089    167.883    172.155  0.000e+00
   55.76400 -134.41712    132.430     60.608     60.049     7.3147    32.5473  1025.7230    25.4453     7.3091     56.600   102.5904     0.2339      7.889     3.8553     5.5096    167.904    172.177  0.000e+00
   55.76400 -134.41712    132.486     60.665     60.105     7.3123    32.5485  1025.7245    25.4466     7.3068     56.606   102.5624     0.2339      7.894     3.8559     5.5105    167.931    172.204  0.000e+00
   55.76400 -134.41712    132.526     60.729     60.169     7.3096    32.5506  1025.7269    25.4486     7.3040     56.606   102.5624     0.2339      7.889     3.8561     5.5107    167.939    172.212  0.000e+00
   55.76400 -134.41712    132.484     60.786     60.225     7.3070    32.5523  1025.7288    25.4503     7.3015     56.606   102.5904     0.2339      7.894     3.8563     5.5110    167.947    172.222  0.000e+00
   55.76400 -134.41712    132.459     60.786     60.225     7.3051    32.5544  1025.7307    25.4522     7.2995     56.663   102.5624     0.2046      7.889     3.8602     5.5167    168.120    172.399  0.000e+00
   55.76400 -134.41712    132.524     60.850     60.289     7.3034    32.5549  1025.7317    25.4528     7.2979     56.616   102.5904     0.2046      7.889     3.8572     5.5123    167.985    172.261  0.000e+00
   55.76400 -134.41712    132.580     60.907     60.345     7.3012    32.5571  1025.7339    25.4548     7.2956     56.617   102.5624     0.2046      7.889     3.8574     5.5127    167.997    172.273  0.000e+00
   55.76400 -134.41712    132.636     60.964     60.401     7.2988    32.5588  1025.7359    25.4565     7.2932     56.620   102.5904     0.2046      7.889     3.8578     5.5132    168.011    172.288  0.000e+00
   55.76400 -134.41712    132.644     60.972     60.409     7.2970    32.5598  1025.7369    25.4576     7.2914     56.623   102.5904     0.2046      7.889     3.8581     5.5136    168.025    172.302  0.000e+00
   55.76400 -134.41712    132.700     61.028     60.465     7.2950    32.5607  1025.7382    25.4585     7.2894     56.619   102.5904     0.1753      7.889     3.8580     5.5134    168.020    172.297  0.000e+00
   55.76400 -134.41712    132.836     61.141     60.577     7.2930    32.5619  1025.7399    25.4598     7.2874     56.623   102.5904     0.2046      7.889     3.8584     5.5141    168.039    172.318  0.000e+00
   55.76400 -134.41712    132.812     61.141     60.577     7.2910    32.5634  1025.7414    25.4612     7.2854     56.620   102.5624     0.2046      7.889     3.8583     5.5139    168.035    172.313  0.000e+00
   55.76400 -134.41712    132.876     61.206     60.641     7.2893    32.5647  1025.7429    25.4624     7.2838     56.625   102.5065     0.2046      7.889     3.8588     5.5146    168.054    172.333  0.000e+00
   55.76400 -134.41712    132.932     61.263     60.697     7.2889    32.5647  1025.7433    25.4625     7.2833     56.630   102.4505     0.2046      7.889     3.8592     5.5152    168.072    172.351  0.000e+00
   55.76400 -134.41712    132.932     61.263     60.697     7.2884    32.5651  1025.7436    25.4629     7.2828     56.636   102.4226     0.1753      7.889     3.8596     5.5158    168.090    172.370  0.000e+00
   55.76400 -134.41712    133.052     61.384     60.818     7.2874    32.5654  1025.7445    25.4632     7.2818     56.643   102.4226     0.2046      7.889     3.8602     5.5166    168.114    172.395  0.000e+00
   55.76400 -134.41712    133.052     61.384     60.818     7.2853    32.5667  1025.7459    25.4646     7.2797     56.642   102.4226     0.2046      7.889     3.8603     5.5167    168.119    172.400  0.000e+00
   55.76400 -134.41712    133.001     61.505     60.938     7.2835    32.5682  1025.7479    25.4660     7.2779     56.643   102.4226     0.2046      7.889     3.8604     5.5169    168.125    172.406  0.000e+00
   55.76402 -134.41712    132.855     61.505     60.938     7.2811    32.5692  1025.7490    25.4671     7.2755     56.643   102.4226     0.2046      7.889     3.8606     5.5172    168.133    172.415  0.000e+00
   55.76402 -134.41712    132.919     61.570     61.002     7.2745    32.5737  1025.7538    25.4716     7.2689     56.644   102.4226     0.1753      7.889     3.8612     5.5180    168.157    172.440  0.000e+00
   55.76402 -134.41712    133.031     61.683     61.114     7.2684    32.5780  1025.7584    25.4757     7.2628     56.646   102.4226     0.2046      7.889     3.8617     5.5188    168.180    172.465  0.000e+00
   55.76402 -134.41712    132.967     61.618     61.050     7.2651    32.5798  1025.7601    25.4777     7.2595     56.590   102.4505     0.2046      7.889     3.8582     5.5138    168.026    172.307  0.000e+00
   55.76402 -134.41712    132.875     61.748     61.178     7.2621    32.5822  1025.7629    25.4799     7.2565     56.586   102.4505     0.2046      7.889     3.8581     5.5136    168.021    172.302  0.000e+00
   55.76402 -134.41712    132.914     61.861     61.290     7.2595    32.5837  1025.7650    25.4815     7.2538     56.581   102.4226     0.2046      7.889     3.8580     5.5134    168.016    172.297  0.000e+00
   55.76402 -134.41712    132.889     61.861     61.290     7.2574    32.5853  1025.7665    25.4830     7.2518     56.632   102.4505     0.2046      7.889     3.8616     5.5186    168.174    172.459  0.000e+00
   55.76402 -134.41712    132.914     61.861     61.290     7.2566    32.5859  1025.7671    25.4836     7.2509     56.635   102.4505     0.2046      7.889     3.8619     5.5190    168.185    172.471  0.000e+00
   55.76402 -134.41712    132.961     61.982     61.410     7.2559    32.5864  1025.7681    25.4841     7.2503     56.583   102.4505     0.2046      7.889     3.8584     5.5140    168.033    172.315  0.000e+00
   55.76402 -134.41712    132.870     62.039     61.466     7.2542    32.5878  1025.7698    25.4855     7.2485     56.580   102.4505     0.2046      7.889     3.8583     5.5139    168.029    172.311  0.000e+00
   55.76402 -134.41712    132.797     62.039     61.466     7.2524    32.5894  1025.7713    25.4870     7.2468     56.577   102.4226     0.1753      7.889     3.8582     5.5138    168.025    172.307  0.000e+00
   55.76402 -134.41712    132.917     62.160     61.586     7.2513    32.5904  1025.7728    25.4879     7.2456     56.576   102.4505     0.2046      7.889     3.8582     5.5137    168.024    172.306  0.000e+00
   55.76402 -134.41712    132.973     62.216     61.642     7.2504    32.5912  1025.7738    25.4886     7.2448     56.575   102.4226     0.2046      7.889     3.8581     5.5137    168.022    172.305  0.000e+00
   55.76402 -134.41712    132.900     62.216     61.642     7.2503    32.5913  1025.7739    25.4888     7.2446     56.574   102.4226     0.1753      7.889     3.8581     5.5136    168.019    172.302  0.000e+00
   55.76402 -134.41712    132.793     62.281     61.706     7.2503    32.5911  1025.7740    25.4885     7.2446     56.573   102.4226     0.2046      7.889     3.8581     5.5136    168.019    172.301  0.000e+00
   55.76402 -134.41712    132.864     62.402     61.826     7.2495    32.5917  1025.7751    25.4891     7.2438     56.574   102.3946     0.2046      7.889     3.8582     5.5137    168.024    172.307  0.000e+00
   55.76402 -134.41712    132.856     62.394     61.818     7.2479    32.5938  1025.7770    25.4911     7.2422     56.575   102.3946     0.2046      7.889     3.8583     5.5139    168.030    172.313  0.000e+00
   55.76402 -134.41712    133.001     62.516     61.939     7.2457    32.5969  1025.7802    25.4937     7.2401     56.577   102.3946     0.2046      7.889     3.8586     5.5143    168.041    172.325  0.000e+00
   55.76402 -134.41712    132.823     62.459     61.882     7.2445    32.5992  1025.7820    25.4957     7.2388     56.579   102.3946     0.2046      7.894     3.8588     5.5146    168.048    172.332  0.000e+00
   55.76402 -134.41712    132.821     62.580     62.003     7.2437    32.6004  1025.7836    25.4968     7.2380     56.582   102.3946     0.2046      7.894     3.8590     5.5149    168.060    172.345  0.000e+00
   55.76402 -134.41712    132.852     62.637     62.059     7.2430    32.6009  1025.7843    25.4973     7.2373     56.530   102.3946     0.1753      7.894     3.8555     5.5099    167.906    172.188  0.000e+00
   55.76402 -134.41712    132.908     62.693     62.115     7.2420    32.6023  1025.7858    25.4985     7.2364     56.527   102.4226     0.2046      7.894     3.8554     5.5097    167.900    172.181  0.000e+00
   55.76402 -134.41712    132.908     62.693     62.115     7.2414    32.6024  1025.7860    25.4987     7.2357     56.517   102.3946     0.2046      7.894     3.8547     5.5088    167.872    172.153  0.000e+00
   55.76402 -134.41712    132.972     62.758     62.179     7.2408    32.6024  1025.7864    25.4987     7.2351     56.508   102.3946     0.2046      7.894     3.8542     5.5080    167.848    172.128  0.000e+00
   55.76402 -134.41712    133.028     62.815     62.235     7.2401    32.6031  1025.7872    25.4994     7.2344     56.508   102.4226     0.2046      7.894     3.8542     5.5080    167.847    172.127  0.000e+00
   55.76402 -134.41712    133.093     62.879     62.299     7.2388    32.6039  1025.7884    25.5002     7.2331     56.508   102.3946     0.2046      7.894     3.8543     5.5082    167.852    172.133  0.000e+00
   55.76402 -134.41712    133.149     62.936     62.355     7.2369    32.6054  1025.7901    25.5016     7.2312     56.501   102.3946     0.1753      7.894     3.8540     5.5077    167.839    172.119  0.000e+00
   55.76402 -134.41712    133.108     62.944     62.363     7.2352    32.6062  1025.7910    25.5025     7.2295     56.495   102.3946     0.1460      7.894     3.8537     5.5073    167.826    172.106  0.000e+00
   55.76402 -134.41712    132.904     62.936     62.355     7.2340    32.6072  1025.7919    25.5035     7.2283     56.490   102.3946     0.1167      7.894     3.8534     5.5069    167.812    172.092  0.000e+00
   55.76402 -134.41712    132.927     63.057     62.475     7.2323    32.6083  1025.7935    25.5045     7.2266     56.437   102.4226     0.1460      7.894     3.8499     5.5019    167.662    171.938  0.000e+00
   55.76402 -134.41712    132.983     63.114     62.531     7.2303    32.6100  1025.7955    25.5062     7.2246     56.427   102.4226     0.1167      7.894     3.8493     5.5011    167.636    171.911  0.000e+00
   55.76402 -134.41712    133.015     63.122     62.539     7.2283    32.6119  1025.7972    25.5079     7.2226     56.416   102.3946     0.1460      7.894     3.8488     5.5003    167.611    171.886  0.000e+00
   55.76402 -134.41712    132.958     63.114     62.531     7.2264    32.6139  1025.7991    25.5098     7.2207     56.407   102.4226     0.1167      7.894     3.8483     5.4995    167.588    171.863  0.000e+00
   55.76402 -134.41712    132.883     63.235     62.651     7.2253    32.6141  1025.7999    25.5101     7.2195     56.399   102.3946     0.1460      7.899     3.8478     5.4989    167.569    171.844  0.000e+00
