EcoFOCI/data/1_SampleCollection/2022_GOA-OA_CruiseData/CTD_raw_BottleFile_RC0083/RC0083_028.ros
* Sea-Bird SBE 9 Data File:
* FileName = C:\Data\RC0083ctd\RC0083_028.hex
* Software Version Seasave V 7.26.7.107
* Temperature SN = 2060
* Conductivity SN = 1084
* Number of Bytes Per Scan = 31
* Number of Voltage Words = 4
* Number of Scans Averaged by the Deck Unit = 1
* NMEA Latitude = 58 49.84 N
* NMEA Longitude = 135 11.23 W
* NMEA UTC (Time) = Aug 17 2022  22:51:05
* NMEA baud rate = 4800
** Ship: R/V Rachel Carson
** Cruise ID: RC0083
** Tech: McHugh/Nomura
** Chief Scientist: Cross
** Station: LC03
** Cast:  CTD028
# nquan = 21
# nvalues = 245                                   
# units = specified
# name 0 = latitude: Latitude [deg]
# name 1 = longitude: Longitude [deg]
# name 2 = sfdSM: Seafloor depth [salt water, m]
# name 3 = prDM: Pressure, Digiquartz [db]
# name 4 = depSM: Depth [salt water, m]
# name 5 = t090C: Temperature [ITS-90, deg C]
# name 6 = sal00: Salinity, Practical [PSU]
# name 7 = density00: Density [density, kg/m^3]
# name 8 = sigma-é00: Density [sigma-theta, kg/m^3]
# name 9 = potemp090C: Potential Temperature [ITS-90, deg C]
# name 10 = sbeox0PS: Oxygen, SBE 43 [% saturation]
# name 11 = CStarTr0: Beam Transmission, WET Labs C-Star [%]
# name 12 = flECO-AFL: Fluorescence, WET Labs ECO-AFL/FL [mg/m^3]
# name 13 = ph: pH
# name 14 = sbeox0ML/L: Oxygen, SBE 43 [ml/l]
# name 15 = sbeox0Mg/L: Oxygen, SBE 43 [mg/l]
# name 16 = sbox0Mm/Kg: Oxygen, SBE 43 [umol/kg]
# name 17 = sbeox0Mm/L: Oxygen, SBE 43 [umol/l]
# name 18 = scan: Scan Count
# name 19 = nbf: Bottles Fired
# name 20 = flag:  0.000e+00
# interval = seconds: 0.0416667
# start_time = Aug 17 2022 22:51:05 [NMEA time, header]
# bad_flag = -9.990e-29
*END*
[from data line 69]
   58.83342 -135.18970    301.296    204.675    202.664     5.3038    33.5232  1027.4164    26.4715     5.2878     21.250    96.7728    -0.0591      7.591     1.5071     2.1537     65.569     67.305      14650          2  0.000e+00
   58.83342 -135.18970    301.344    204.724    202.712     5.3041    33.5228  1027.4163    26.4711     5.2881     21.258    96.7728    -0.0591      7.591     1.5076     2.1546     65.595     67.331      14651          2  0.000e+00
   58.83342 -135.18970    301.296    204.675    202.664     5.3038    33.5231  1027.4164    26.4715     5.2878     21.258    96.7728    -0.0591      7.591     1.5076     2.1545     65.593     67.330      14652          2  0.000e+00
   58.83342 -135.18970    301.352    204.732    202.720     5.3040    33.5230  1027.4165    26.4713     5.2880     21.257    96.7728    -0.0591      7.591     1.5076     2.1545     65.593     67.329      14653          2  0.000e+00
   58.83342 -135.18970    301.344    204.724    202.712     5.3040    33.5228  1027.4163    26.4711     5.2880     21.257    96.7728    -0.0591      7.591     1.5076     2.1545     65.592     67.328      14654          2  0.000e+00
   58.83342 -135.18970    301.352    204.732    202.720     5.3040    33.5227  1027.4163    26.4711     5.2880     21.257    96.7728    -0.0591      7.591     1.5075     2.1544     65.591     67.327      14655          2  0.000e+00
   58.83342 -135.18970    301.232    204.610    202.600     5.3040    33.5234  1027.4163    26.4716     5.2880     21.256    96.7728    -0.0591      7.591     1.5075     2.1543     65.588     67.324      14656          2  0.000e+00
   58.83342 -135.18970    301.457    204.837    202.824     5.3040    33.5231  1027.4171    26.4714     5.2880     21.256    96.7728    -0.0591      7.591     1.5075     2.1544     65.589     67.325      14657          2  0.000e+00
   58.83342 -135.18970    301.352    204.732    202.720     5.3040    33.5228  1027.4163    26.4711     5.2880     21.256    96.7728    -0.0591      7.591     1.5075     2.1543     65.587     67.323      14658          2  0.000e+00
   58.83344 -135.18972    301.344    204.724    202.712     5.3038    33.5227  1027.4163    26.4711     5.2878     21.255    96.7728    -0.0591      7.591     1.5074     2.1543     65.587     67.323      14659          2  0.000e+00
   58.83344 -135.18972    301.352    204.732    202.720     5.3038    33.5225  1027.4162    26.4710     5.2878     21.255    96.7728    -0.0591      7.591     1.5074     2.1543     65.585     67.322      14660          2  0.000e+00
   58.83344 -135.18972    301.352    204.732    202.720     5.3038    33.5228  1027.4164    26.4712     5.2878     21.255    96.7728    -0.0591      7.591     1.5074     2.1542     65.584     67.320      14661          2  0.000e+00
   58.83344 -135.18972    301.344    204.724    202.712     5.3040    33.5227  1027.4162    26.4711     5.2880     21.254    96.7728    -0.0591      7.591     1.5074     2.1542     65.583     67.319      14662          2  0.000e+00
   58.83344 -135.18972    301.352    204.732    202.720     5.3040    33.5225  1027.4161    26.4709     5.2880     21.254    96.8008    -0.0591      7.591     1.5073     2.1541     65.582     67.318      14663          2  0.000e+00
   58.83344 -135.18972    301.344    204.724    202.712     5.3043    33.5225  1027.4161    26.4709     5.2883     21.253    96.8008    -0.0591      7.591     1.5073     2.1541     65.580     67.316      14664          2  0.000e+00
   58.83344 -135.18972    301.296    204.675    202.664     5.3040    33.5232  1027.4164    26.4715     5.2880     21.253    96.8008    -0.0591      7.591     1.5073     2.1540     65.579     67.315      14665          2  0.000e+00
   58.83344 -135.18972    301.352    204.732    202.720     5.3040    33.5228  1027.4164    26.4712     5.2880     21.253    96.8008    -0.0591      7.591     1.5073     2.1540     65.579     67.314      14666          2  0.000e+00
   58.83344 -135.18972    301.280    204.659    202.648     5.3041    33.5228  1027.4160    26.4711     5.2881     21.252    96.8008    -0.0591      7.591     1.5072     2.1540     65.577     67.312      14667          2  0.000e+00
   58.83344 -135.18972    301.352    204.732    202.720     5.3040    33.5225  1027.4162    26.4710     5.2880     21.252    96.8008    -0.0591      7.591     1.5072     2.1540     65.577     67.312      14668          2  0.000e+00
   58.83344 -135.18972    301.280    204.659    202.648     5.3038    33.5226  1027.4159    26.4710     5.2878     21.252    96.8008    -0.0591      7.591     1.5072     2.1539     65.575     67.311      14669          2  0.000e+00
   58.83344 -135.18972    301.232    204.610    202.600     5.3038    33.5229  1027.4159    26.4713     5.2878     21.251    96.8008    -0.0591      7.591     1.5072     2.1539     65.574     67.309      14670          2  0.000e+00
   58.83344 -135.18972    301.296    204.675    202.664     5.3040    33.5229  1027.4162    26.4712     5.2880     21.251    96.8008    -0.0591      7.591     1.5071     2.1538     65.573     67.308      14671          2  0.000e+00
   58.83344 -135.18972    301.224    204.602    202.592     5.3038    33.5230  1027.4160    26.4713     5.2878     21.250    96.8008    -0.0591      7.591     1.5071     2.1538     65.571     67.307      14672          2  0.000e+00
   58.83344 -135.18972    301.152    204.553    202.544     5.3038    33.5231  1027.4158    26.4714     5.2878     21.250    96.8008    -0.0591      7.591     1.5071     2.1537     65.570     67.305      14673          2  0.000e+00
   58.83344 -135.18972    301.296    204.675    202.664     5.3038    33.5230  1027.4163    26.4713     5.2878     21.250    96.8008    -0.0591      7.591     1.5071     2.1537     65.570     67.305      14674          2  0.000e+00
   58.83344 -135.18972    301.224    204.602    202.592     5.3041    33.5228  1027.4158    26.4712     5.2881     21.249    96.7728    -0.0591      7.591     1.5070     2.1537     65.567     67.303      14675          2  0.000e+00
   58.83344 -135.18972    301.176    204.553    202.544     5.3040    33.5224  1027.4152    26.4709     5.2880     21.249    96.8008    -0.0591      7.591     1.5070     2.1536     65.566     67.302      14676          2  0.000e+00
   58.83344 -135.18972    301.224    204.602    202.592     5.3038    33.5227  1027.4157    26.4711     5.2878     21.249    96.8008    -0.0591      7.591     1.5070     2.1536     65.566     67.301      14677          2  0.000e+00
   58.83344 -135.18972    301.176    204.553    202.544     5.3038    33.5230  1027.4157    26.4713     5.2878     21.248    96.8008    -0.0591      7.591     1.5069     2.1536     65.564     67.300      14678          2  0.000e+00
   58.83414 -135.19030    199.384    101.726    100.752     4.6870    32.0710  1025.8610    25.3881     4.6799     51.484    99.7935    -0.0591      7.699     3.7417     5.3472    162.965    167.103      18570          3  0.000e+00
   58.83414 -135.19030    199.529    101.872    100.896     4.6855    32.0717  1025.8625    25.3888     4.6783     51.485    99.7935    -0.0591      7.699     3.7418     5.3475    162.973    167.111      18571          3  0.000e+00
   58.83414 -135.19030    199.448    101.791    100.816     4.6837    32.0723  1025.8627    25.3894     4.6766     51.485    99.7935    -0.0591      7.699     3.7420     5.3477    162.980    167.118      18572          3  0.000e+00
   58.83414 -135.19030    199.416    101.759    100.784     4.6830    32.0724  1025.8627    25.3896     4.6759     51.486    99.7655    -0.0591      7.704     3.7421     5.3479    162.985    167.123      18573          3  0.000e+00
   58.83414 -135.19030    199.505    101.848    100.872     4.6832    32.0719  1025.8627    25.3892     4.6761     51.488    99.7935    -0.0591      7.699     3.7423     5.3481    162.992    167.131      18574          3  0.000e+00
   58.83414 -135.19030    199.472    101.815    100.840     4.6836    32.0715  1025.8622    25.3888     4.6764     51.490    99.7935    -0.0591      7.699     3.7424     5.3483    162.999    167.137      18575          3  0.000e+00
   58.83414 -135.19030    199.505    101.848    100.872     4.6833    32.0719  1025.8627    25.3892     4.6762     51.494    99.7935    -0.0591      7.699     3.7427     5.3487    163.010    167.148      18576          3  0.000e+00
   58.83414 -135.19030    199.529    101.872    100.896     4.6837    32.0731  1025.8637    25.3901     4.6766     51.498    99.7655    -0.0591      7.699     3.7429     5.3490    163.019    167.158      18577          3  0.000e+00
   58.83414 -135.19030    199.561    101.904    100.928     4.6840    32.0765  1025.8665    25.3927     4.6769     51.503    99.7935    -0.0591      7.699     3.7431     5.3493    163.029    167.169      18578          3  0.000e+00
   58.83414 -135.19030    199.529    101.872    100.896     4.6843    32.0791  1025.8684    25.3948     4.6772     51.508    99.7935    -0.0591      7.699     3.7434     5.3497    163.041    167.181      18579          3  0.000e+00
   58.83414 -135.19030    199.625    101.969    100.992     4.6847    32.0793  1025.8690    25.3949     4.6775     51.514    99.7935    -0.0591      7.699     3.7439     5.3503    163.060    167.201      18580          3  0.000e+00
   58.83414 -135.19030    199.529    101.872    100.896     4.6841    32.0782  1025.8677    25.3941     4.6770     51.520    99.7935    -0.0591      7.699     3.7444     5.3511    163.083    167.224      18581          3  0.000e+00
   58.83414 -135.19030    199.593    101.937    100.960     4.6836    32.0778  1025.8677    25.3938     4.6764     51.519    99.7655    -0.0591      7.699     3.7444     5.3511    163.083    167.224      18582          3  0.000e+00
   58.83414 -135.19030    199.625    101.969    100.992     4.6832    32.0767  1025.8671    25.3930     4.6760     51.519    99.7096    -0.0591      7.699     3.7444     5.3511    163.083    167.224      18583          3  0.000e+00
   58.83414 -135.19030    199.593    101.937    100.960     4.6830    32.0758  1025.8663    25.3923     4.6759     51.518    99.6816    -0.0591      7.699     3.7444     5.3511    163.082    167.223      18584          3  0.000e+00
   58.83414 -135.19030    199.625    101.969    100.992     4.6826    32.0758  1025.8664    25.3923     4.6755     51.518    99.6816    -0.0591      7.699     3.7444     5.3511    163.083    167.224      18585          3  0.000e+00
   58.83414 -135.19030    199.649    101.993    101.016     4.6824    32.0755  1025.8663    25.3921     4.6752     51.518    99.6816    -0.0591      7.699     3.7444     5.3512    163.085    167.226      18586          3  0.000e+00
   58.83414 -135.19030    199.625    101.969    100.992     4.6826    32.0748  1025.8656    25.3915     4.6755     51.527    99.6816    -0.0591      7.699     3.7451     5.3521    163.113    167.255      18587          3  0.000e+00
   58.83414 -135.19030    199.649    101.993    101.016     4.6822    32.0754  1025.8662    25.3920     4.6751     51.528    99.6816    -0.0591      7.699     3.7452     5.3522    163.118    167.260      18588          3  0.000e+00
   58.83414 -135.19030    199.681    102.026    101.048     4.6819    32.0756  1025.8666    25.3922     4.6748     51.539    99.6816    -0.0591      7.699     3.7460     5.3534    163.152    167.295      18589          3  0.000e+00
   58.83414 -135.19030    199.593    101.937    100.960     4.6826    32.0764  1025.8667    25.3928     4.6755     51.549    99.6816    -0.0591      7.699     3.7466     5.3543    163.181    167.325      18590          3  0.000e+00
   58.83414 -135.19030    199.681    102.026    101.048     4.6837    32.0800  1025.8699    25.3955     4.6766     51.552    99.6816    -0.0591      7.699     3.7467     5.3544    163.183    167.327      18591          3  0.000e+00
   58.83414 -135.19030    199.649    101.993    101.016     4.6866    32.0834  1025.8721    25.3979     4.6794     51.555    99.6816    -0.0591      7.699     3.7465     5.3541    163.175    167.319      18592          3  0.000e+00
   58.83414 -135.19030    199.649    101.993    101.016     4.6885    32.0857  1025.8737    25.3995     4.6813     51.558    99.6816    -0.0591      7.699     3.7465     5.3542    163.175    167.320      18593          3  0.000e+00
   58.83414 -135.19032    199.681    102.026    101.048     4.6892    32.0872  1025.8750    25.4007     4.6821     51.562    99.6816    -0.0591      7.699     3.7467     5.3544    163.183    167.328      18594          3  0.000e+00
   58.83414 -135.19032    199.649    101.993    101.016     4.6908    32.0888  1025.8759    25.4017     4.6836     51.566    99.6816    -0.0591      7.699     3.7468     5.3546    163.187    167.332      18595          3  0.000e+00
   58.83414 -135.19032    199.681    102.026    101.048     4.6920    32.0899  1025.8769    25.4026     4.6848     51.513    99.6816    -0.0591      7.699     3.7428     5.3489    163.013    167.154      18596          3  0.000e+00
   58.83414 -135.19032    199.649    101.993    101.016     4.6929    32.0916  1025.8780    25.4038     4.6858     51.509    99.6816    -0.0591      7.699     3.7424     5.3483    162.997    167.137      18597          3  0.000e+00
   58.83414 -135.19032    199.625    101.969    100.992     4.6942    32.0936  1025.8793    25.4052     4.6870     51.564    99.6816    -0.0591      7.699     3.7462     5.3538    163.162    167.307      18598          3  0.000e+00
   58.83414 -135.19032    199.713    102.058    101.080     4.6956    32.0951  1025.8807    25.4062     4.6885     51.571    99.6816    -0.0591      7.699     3.7466     5.3542    163.176    167.322      18599          3  0.000e+00
   58.83414 -135.19032    199.625    101.969    100.992     4.6970    32.0959  1025.8808    25.4068     4.6898     51.576    99.6816    -0.0591      7.699     3.7469     5.3546    163.188    167.334      18600          3  0.000e+00
   58.83414 -135.19032    199.649    101.993    101.016     4.6973    32.0964  1025.8813    25.4071     4.6901     51.584    99.6816    -0.0591      7.699     3.7473     5.3553    163.209    167.356      18601          3  0.000e+00
   58.83414 -135.19032    199.649    101.993    101.016     4.6976    32.0957  1025.8807    25.4066     4.6904     51.591    99.6816    -0.0591      7.699     3.7479     5.3561    163.232    167.379      18602          3  0.000e+00
   58.83414 -135.19032    199.625    101.969    100.992     4.6969    32.0952  1025.8803    25.4062     4.6897     51.599    99.6257    -0.0591      7.699     3.7485     5.3570    163.260    167.407      18603          3  0.000e+00
   58.83414 -135.19032    199.593    101.937    100.960     4.6963    32.0942  1025.8794    25.4055     4.6891     51.607    99.5697    -0.0591      7.699     3.7491     5.3579    163.288    167.437      18604          3  0.000e+00
   58.83414 -135.19032    199.625    101.969    100.992     4.6951    32.0932  1025.8789    25.4048     4.6880     51.615    99.5697    -0.0591      7.699     3.7499     5.3590    163.322    167.471      18605          3  0.000e+00
   58.83414 -135.19032    199.649    101.993    101.016     4.6945    32.0924  1025.8784    25.4042     4.6874     51.624    99.5697    -0.0591      7.699     3.7507     5.3601    163.354    167.504      18606          3  0.000e+00
   58.83414 -135.19032    199.561    101.904    100.928     4.6945    32.0919  1025.8776    25.4039     4.6874     51.624    99.5697    -0.0591      7.699     3.7506     5.3600    163.354    167.504      18607          3  0.000e+00
   58.83414 -135.19032    199.593    101.937    100.960     4.6942    32.0914  1025.8774    25.4035     4.6870     51.625    99.5697    -0.0591      7.699     3.7507     5.3602    163.358    167.508      18608          3  0.000e+00
