EcoFOCI/data/1_SampleCollection/2022_GOA-OA_CruiseData/CTD_raw_BottleFile_RC0083/RC0083_019.ros
* Sea-Bird SBE 9 Data File:
* FileName = C:\Data\RC0083ctd\RC0083_019.hex
* Software Version Seasave V 7.26.7.107
* Temperature SN = 2060
* Conductivity SN = 1084
* Number of Bytes Per Scan = 31
* Number of Voltage Words = 4
* Number of Scans Averaged by the Deck Unit = 1
* NMEA Latitude = 56 11.01 N
* NMEA Longitude = 134 33.53 W
* NMEA UTC (Time) = Aug 13 2022  18:13:01
* NMEA baud rate = 4800
** Ship: R/V Rachel Carson
** Cruise ID: RC0083 RC0083
** Tech: McHugh/Nomura
** Chief Scientist: Cross Cross
** Station: CS4
** Cast:  019
# nquan = 21
# nvalues = 392                                   
# units = specified
# name 0 = latitude: Latitude [deg]
# name 1 = longitude: Longitude [deg]
# name 2 = sfdSM: Seafloor depth [salt water, m]
# name 3 = prDM: Pressure, Digiquartz [db]
# name 4 = depSM: Depth [salt water, m]
# name 5 = t090C: Temperature [ITS-90, deg C]
# name 6 = sal00: Salinity, Practical [PSU]
# name 7 = density00: Density [density, kg/m^3]
# name 8 = sigma-é00: Density [sigma-theta, kg/m^3]
# name 9 = potemp090C: Potential Temperature [ITS-90, deg C]
# name 10 = sbeox0PS: Oxygen, SBE 43 [% saturation]
# name 11 = CStarTr0: Beam Transmission, WET Labs C-Star [%]
# name 12 = flECO-AFL: Fluorescence, WET Labs ECO-AFL/FL [mg/m^3]
# name 13 = ph: pH
# name 14 = sbeox0ML/L: Oxygen, SBE 43 [ml/l]
# name 15 = sbeox0Mg/L: Oxygen, SBE 43 [mg/l]
# name 16 = sbox0Mm/Kg: Oxygen, SBE 43 [umol/kg]
# name 17 = sbeox0Mm/L: Oxygen, SBE 43 [umol/l]
# name 18 = scan: Scan Count
# name 19 = nbf: Bottles Fired
# name 20 = flag:  0.000e+00
# interval = seconds: 0.0416667
# start_time = Aug 13 2022 18:13:01 [NMEA time, header]
# bad_flag = -9.990e-29
*END*
[from data line 207]
   56.18668 -134.56510    149.778     51.622     51.145     8.0276    31.5806  1024.8223    24.5863     8.0227     70.205   103.5134     0.2632      8.040     4.7348     6.7665    206.383    211.457      42041          5  0.000e+00
   56.18668 -134.56510    149.714     51.558     51.081     8.0279    31.5800  1024.8215    24.5857     8.0230     70.200   103.5134     0.2632      8.040     4.7345     6.7661    206.369    211.443      42042          5  0.000e+00
   56.18668 -134.56510    149.834     51.679     51.201     8.0278    31.5799  1024.8220    24.5857     8.0229     70.197   103.5134     0.2632      8.040     4.7343     6.7658    206.362    211.435      42043          5  0.000e+00
   56.18668 -134.56510    149.658     51.501     51.025     8.0278    31.5796  1024.8209    24.5854     8.0229     70.192   103.5134     0.2632      8.040     4.7340     6.7654    206.347    211.420      42044          5  0.000e+00
   56.18668 -134.56510    149.778     51.622     51.145     8.0280    31.5792  1024.8212    24.5851     8.0231     70.198   103.5134     0.2632      8.040     4.7343     6.7658    206.362    211.435      42045          5  0.000e+00
   56.18668 -134.56510    149.714     51.558     51.081     8.0278    31.5792  1024.8209    24.5851     8.0229     70.202   103.5134     0.2632      8.040     4.7346     6.7663    206.375    211.449      42046          5  0.000e+00
   56.18668 -134.56510    149.714     51.558     51.081     8.0274    31.5788  1024.8206    24.5849     8.0225     70.207   103.5134     0.2632      8.040     4.7350     6.7669    206.393    211.467      42047          5  0.000e+00
   56.18668 -134.56510    149.714     51.558     51.081     8.0276    31.5790  1024.8207    24.5850     8.0227     70.213   103.5134     0.2632      8.040     4.7354     6.7674    206.409    211.484      42048          5  0.000e+00
   56.18668 -134.56510    149.658     51.501     51.025     8.0271    31.5790  1024.8206    24.5851     8.0222     70.219   103.5134     0.2632      8.040     4.7359     6.7680    206.429    211.504      42049          5  0.000e+00
   56.18668 -134.56510    149.658     51.501     51.025     8.0274    31.5787  1024.8203    24.5848     8.0225     70.219   103.5134     0.2632      8.040     4.7358     6.7680    206.427    211.502      42050          5  0.000e+00
   56.18668 -134.56510    149.633     51.501     51.025     8.0273    31.5788  1024.8204    24.5849     8.0224     70.219   103.5134     0.2632      8.040     4.7358     6.7680    206.428    211.503      42051          5  0.000e+00
   56.18668 -134.56510    149.658     51.501     51.025     8.0274    31.5790  1024.8205    24.5850     8.0225     70.219   103.5134     0.2632      8.040     4.7359     6.7680    206.428    211.503      42052          5  0.000e+00
   56.18668 -134.56510    149.658     51.501     51.025     8.0276    31.5788  1024.8203    24.5848     8.0227     70.219   103.5134     0.2632      8.040     4.7359     6.7680    206.429    211.504      42053          5  0.000e+00
   56.18668 -134.56510    149.538     51.380     50.905     8.0273    31.5791  1024.8201    24.5851     8.0224     70.219   103.5134     0.2632      8.040     4.7359     6.7680    206.429    211.504      42054          5  0.000e+00
   56.18668 -134.56510    149.714     51.558     51.081     8.0274    31.5783  1024.8203    24.5845     8.0225     70.222   103.5413     0.2925      8.040     4.7361     6.7683    206.438    211.513      42055          5  0.000e+00
   56.18668 -134.56510    149.594     51.437     50.961     8.0271    31.5786  1024.8199    24.5847     8.0223     70.222   103.6812     0.2925      8.040     4.7361     6.7684    206.440    211.515      42056          5  0.000e+00
   56.18668 -134.56510    149.602     51.445     50.969     8.0274    31.5787  1024.8200    24.5848     8.0225     70.224   103.7371     0.2925      8.040     4.7362     6.7685    206.444    211.519      42057          5  0.000e+00
   56.18668 -134.56510    149.538     51.380     50.905     8.0279    31.5791  1024.8200    24.5850     8.0230     70.226   103.7371     0.2925      8.040     4.7362     6.7686    206.445    211.521      42058          5  0.000e+00
   56.18668 -134.56510    149.602     51.445     50.969     8.0282    31.5786  1024.8199    24.5846     8.0233     70.229   103.7371     0.2925      8.040     4.7364     6.7688    206.453    211.529      42059          5  0.000e+00
   56.18668 -134.56510    149.538     51.380     50.905     8.0278    31.5787  1024.8197    24.5847     8.0230     70.231   103.7371     0.2925      8.040     4.7366     6.7691    206.461    211.537      42060          5  0.000e+00
   56.18668 -134.56510    149.538     51.380     50.905     8.0278    31.5788  1024.8198    24.5849     8.0229     70.234   103.7371     0.2925      8.040     4.7368     6.7694    206.470    211.546      42061          5  0.000e+00
   56.18668 -134.56510    149.538     51.380     50.905     8.0276    31.5788  1024.8198    24.5848     8.0227     70.237   103.7371     0.2925      8.040     4.7370     6.7697    206.480    211.557      42062          5  0.000e+00
   56.18668 -134.56510    149.482     51.323     50.849     8.0276    31.5784  1024.8192    24.5845     8.0227     70.240   103.7371     0.2925      8.040     4.7373     6.7700    206.490    211.566      42063          5  0.000e+00
   56.18668 -134.56510    149.538     51.380     50.905     8.0276    31.5780  1024.8192    24.5842     8.0227     70.244   103.7371     0.2925      8.040     4.7376     6.7704    206.503    211.579      42064          5  0.000e+00
   56.18668 -134.56510    149.482     51.323     50.849     8.0273    31.5785  1024.8194    24.5847     8.0224     70.248   103.7371     0.2925      8.040     4.7378     6.7708    206.514    211.591      42065          5  0.000e+00
   56.18668 -134.56510    149.594     51.437     50.961     8.0274    31.5782  1024.8196    24.5844     8.0225     70.246   103.7371     0.2925      8.040     4.7377     6.7706    206.508    211.585      42066          5  0.000e+00
   56.18668 -134.56510    149.362     51.202     50.729     8.0273    31.5786  1024.8189    24.5847     8.0224     70.248   103.7371     0.2925      8.040     4.7378     6.7709    206.515    211.592      42067          5  0.000e+00
   56.18668 -134.56510    149.474     51.315     50.841     8.0275    31.5788  1024.8195    24.5849     8.0226     70.254   103.7371     0.2925      8.040     4.7382     6.7714    206.531    211.608      42068          5  0.000e+00
   56.18668 -134.56510    149.482     51.323     50.849     8.0274    31.5784  1024.8192    24.5845     8.0225     70.259   103.7371     0.2925      8.040     4.7386     6.7719    206.547    211.624      42069          5  0.000e+00
   56.18668 -134.56510    149.474     51.315     50.841     8.0273    31.5785  1024.8193    24.5847     8.0224     70.264   103.7371     0.2925      8.040     4.7389     6.7724    206.562    211.641      42070          5  0.000e+00
   56.18668 -134.56510    149.426     51.267     50.793     8.0274    31.5783  1024.8189    24.5844     8.0225     70.214   103.7371     0.2925      8.040     4.7355     6.7676    206.414    211.489      42071          5  0.000e+00
   56.18668 -134.56510    149.474     51.315     50.841     8.0275    31.5784  1024.8192    24.5845     8.0226     70.206   103.7371     0.2925      8.040     4.7350     6.7668    206.391    211.465      42072          5  0.000e+00
   56.18668 -134.56510    149.426     51.267     50.793     8.0276    31.5785  1024.8191    24.5846     8.0227     70.205   103.7371     0.2925      8.040     4.7349     6.7667    206.387    211.461      42073          5  0.000e+00
   56.18668 -134.56510    149.418     51.259     50.785     8.0278    31.5783  1024.8188    24.5844     8.0229     70.205   103.7371     0.3218      8.040     4.7349     6.7666    206.387    211.460      42074          5  0.000e+00
   56.18668 -134.56512    149.482     51.323     50.849     8.0278    31.5783  1024.8191    24.5844     8.0230     70.262   103.7371     0.3511      8.040     4.7387     6.7721    206.552    211.630      42075          5  0.000e+00
   56.18668 -134.56512    149.418     51.259     50.785     8.0279    31.5783  1024.8188    24.5844     8.0230     70.269   103.7931     0.3511      8.040     4.7392     6.7728    206.574    211.652      42076          5  0.000e+00
   56.18668 -134.56512    149.426     51.267     50.793     8.0281    31.5784  1024.8189    24.5845     8.0232     70.270   103.8490     0.3511      8.040     4.7392     6.7728    206.576    211.654      42077          5  0.000e+00
   56.18668 -134.56512    149.418     51.259     50.785     8.0285    31.5778  1024.8183    24.5839     8.0237     70.271   103.8490     0.3511      8.040     4.7392     6.7729    206.576    211.655      42078          5  0.000e+00
   56.18684 -134.56544    123.893     25.494     25.260     8.6825    31.0257  1024.1721    24.0558     8.6800     78.884    99.5138     1.5233      8.104     5.2612     7.5187    229.444    234.964      44064          6  0.000e+00
   56.18684 -134.56544    123.773     25.373     25.140     8.6828    31.0256  1024.1714    24.0557     8.6803     78.827    99.5138     1.5233      8.104     5.2573     7.5133    229.277    234.793      44065          6  0.000e+00
   56.18684 -134.56544    123.773     25.373     25.140     8.6830    31.0256  1024.1714    24.0557     8.6804     78.820    99.5138     1.5233      8.104     5.2569     7.5126    229.258    234.773      44066          6  0.000e+00
   56.18684 -134.56546    123.893     25.494     25.260     8.6828    31.0254  1024.1718    24.0555     8.6803     78.816    99.5138     1.5233      8.104     5.2566     7.5123    229.247    234.761      44067          6  0.000e+00
   56.18684 -134.56546    123.957     25.559     25.324     8.6830    31.0253  1024.1720    24.0554     8.6805     78.813    99.5138     1.5233      8.104     5.2564     7.5119    229.235    234.750      44068          6  0.000e+00
   56.18684 -134.56546    123.837     25.438     25.204     8.6828    31.0259  1024.1720    24.0559     8.6803     78.815    99.5138     1.5233      8.104     5.2566     7.5121    229.243    234.758      44069          6  0.000e+00
   56.18684 -134.56546    123.957     25.559     25.324     8.6826    31.0264  1024.1729    24.0563     8.6801     78.822    99.5138     1.5233      8.104     5.2570     7.5128    229.263    234.778      44070          6  0.000e+00
   56.18684 -134.56546    123.893     25.494     25.260     8.6818    31.0268  1024.1731    24.0567     8.6793     78.821    99.5418     1.5233      8.104     5.2570     7.5128    229.264    234.779      44071          6  0.000e+00
   56.18684 -134.56546    123.957     25.559     25.324     8.6816    31.0270  1024.1736    24.0570     8.6790     78.823    99.5138     1.5233      8.104     5.2572     7.5130    229.269    234.785      44072          6  0.000e+00
   56.18684 -134.56546    124.013     25.615     25.380     8.6812    31.0268  1024.1737    24.0568     8.6787     78.770    99.5138     1.5233      8.104     5.2537     7.5081    229.119    234.631      44073          6  0.000e+00
   56.18684 -134.56546    123.957     25.559     25.324     8.6807    31.0277  1024.1743    24.0577     8.6781     78.766    99.5138     1.5233      8.104     5.2535     7.5078    229.109    234.621      44074          6  0.000e+00
   56.18684 -134.56546    124.013     25.615     25.380     8.6807    31.0282  1024.1749    24.0580     8.6782     78.765    99.5138     1.5233      8.104     5.2534     7.5076    229.104    234.616      44075          6  0.000e+00
   56.18684 -134.56546    124.013     25.615     25.380     8.6804    31.0288  1024.1754    24.0586     8.6778     78.819    99.5697     1.5233      8.104     5.2570     7.5128    229.263    234.778      44076          6  0.000e+00
   56.18684 -134.56546    124.013     25.615     25.380     8.6802    31.0294  1024.1759    24.0590     8.6776     78.827    99.6816     1.5233      8.104     5.2575     7.5135    229.284    234.801      44077          6  0.000e+00
   56.18684 -134.56546    124.069     25.672     25.436     8.6805    31.0297  1024.1763    24.0592     8.6780     78.781    99.7096     1.5233      8.104     5.2544     7.5091    229.149    234.662      44078          6  0.000e+00
   56.18684 -134.56546    123.989     25.591     25.356     8.6799    31.0310  1024.1771    24.0603     8.6774     78.776    99.7096     1.5233      8.104     5.2541     7.5087    229.136    234.649      44079          6  0.000e+00
   56.18684 -134.56546    124.069     25.672     25.436     8.6794    31.0317  1024.1781    24.0609     8.6769     78.774    99.7096     1.4061      8.104     5.2540     7.5085    229.131    234.645      44080          6  0.000e+00
   56.18684 -134.56546    124.069     25.672     25.436     8.6787    31.0322  1024.1786    24.0615     8.6762     78.773    99.7096     1.2302      8.104     5.2540     7.5085    229.129    234.643      44081          6  0.000e+00
   56.18684 -134.56546    124.189     25.793     25.556     8.6784    31.0328  1024.1796    24.0619     8.6759     78.773    99.7096     1.1716      8.104     5.2540     7.5085    229.132    234.645      44082          6  0.000e+00
   56.18684 -134.56546    124.013     25.615     25.380     8.6784    31.0330  1024.1790    24.0621     8.6759     78.772    99.7096     1.1716      8.104     5.2539     7.5084    229.128    234.641      44083          6  0.000e+00
   56.18684 -134.56546    124.069     25.672     25.436     8.6780    31.0335  1024.1797    24.0626     8.6754     78.774    99.7096     1.1716      8.104     5.2541     7.5087    229.136    234.650      44084          6  0.000e+00
   56.18684 -134.56546    124.069     25.672     25.436     8.6780    31.0338  1024.1800    24.0628     8.6754     78.777    99.7096     1.2009      8.104     5.2543     7.5089    229.144    234.658      44085          6  0.000e+00
   56.18684 -134.56546    124.133     25.737     25.500     8.6776    31.0344  1024.1808    24.0633     8.6751     78.782    99.7096     1.1716      8.104     5.2547     7.5094    229.158    234.673      44086          6  0.000e+00
   56.18684 -134.56546    124.133     25.737     25.500     8.6776    31.0336  1024.1801    24.0627     8.6751     78.787    99.7096     1.2009      8.104     5.2550     7.5099    229.175    234.689      44087          6  0.000e+00
   56.18684 -134.56546    124.069     25.672     25.436     8.6778    31.0337  1024.1799    24.0627     8.6752     78.847    99.7096     1.1716      8.104     5.2590     7.5157    229.349    234.868      44088          6  0.000e+00
   56.18684 -134.56546    124.133     25.737     25.500     8.6776    31.0339  1024.1804    24.0630     8.6751     78.862    99.7096     1.2009      8.104     5.2600     7.5171    229.392    234.912      44089          6  0.000e+00
   56.18684 -134.56546    124.069     25.672     25.436     8.6775    31.0338  1024.1800    24.0629     8.6749     78.876    99.7096     1.2009      8.104     5.2610     7.5184    229.434    234.955      44090          6  0.000e+00
   56.18684 -134.56546    124.253     25.858     25.621     8.6776    31.0336  1024.1807    24.0627     8.6751     78.893    99.7096     1.2009      8.104     5.2621     7.5201    229.484    235.006      44091          6  0.000e+00
   56.18684 -134.56546    124.013     25.616     25.380     8.6776    31.0337  1024.1797    24.0628     8.6751     78.900    99.7096     1.2009      8.104     5.2626     7.5207    229.504    235.026      44092          6  0.000e+00
   56.18684 -134.56546    124.069     25.672     25.436     8.6778    31.0338  1024.1800    24.0628     8.6752     78.856    99.7096     1.1716      8.104     5.2596     7.5165    229.374    234.893      44093          6  0.000e+00
