EcoFOCI/data/1_SampleCollection/2022_GOA-OA_CruiseData/CTD_raw_BottleFile_RC0083/RC0083_106.cnv
* Sea-Bird SBE 9 Data File:
* FileName = C:\Data\RC0083ctd\RC0083_106.hex
* Software Version Seasave V 7.26.7.107
* Temperature SN = 2060
* Conductivity SN = 2881
* Number of Bytes Per Scan = 31
* Number of Voltage Words = 4
* Number of Scans Averaged by the Deck Unit = 1
* NMEA Latitude = 56 12.35 N
* NMEA Longitude = 132 42.74 W
* NMEA UTC (Time) = Aug 23 2022  04:52:22
* NMEA baud rate = 4800
** Ship: R/V Rachel Carson
** Cruise ID: RC0083
** Tech: McHugh/Nomura
** Chief Scientist: Cross
** Station: UCLS1
** Cast:  CTD106
# nquan = 19
# nvalues = 16796                                 
# units = specified
# name 0 = latitude: Latitude [deg]
# name 1 = longitude: Longitude [deg]
# name 2 = sfdSM: Seafloor depth [salt water, m]
# name 3 = prDM: Pressure, Digiquartz [db]
# name 4 = depSM: Depth [salt water, m]
# name 5 = t090C: Temperature [ITS-90, deg C]
# name 6 = sal00: Salinity, Practical [PSU]
# name 7 = density00: Density [density, kg/m^3]
# name 8 = sigma-é00: Density [sigma-theta, kg/m^3]
# name 9 = potemp090C: Potential Temperature [ITS-90, deg C]
# name 10 = sbeox0PS: Oxygen, SBE 43 [% saturation]
# name 11 = CStarTr0: Beam Transmission, WET Labs C-Star [%]
# name 12 = flECO-AFL: Fluorescence, WET Labs ECO-AFL/FL [mg/m^3]
# name 13 = ph: pH
# name 14 = sbeox0ML/L: Oxygen, SBE 43 [ml/l]
# name 15 = sbeox0Mg/L: Oxygen, SBE 43 [mg/l]
# name 16 = sbox0Mm/Kg: Oxygen, SBE 43 [umol/kg]
# name 17 = sbeox0Mm/L: Oxygen, SBE 43 [umol/l]
# name 18 = flag:  0.000e+00
# span 0 =   56.20500,   56.20586                 
# span 1 = -132.71236, -132.71202                 
# span 2 =      5.000,    325.903                 
# span 3 =      3.005,    247.487                 
# span 4 =      2.977,    245.084                 
# span 5 =     5.7864,    14.9087                 
# span 6 =    27.3851,    33.5914                 
# span 7 =  1020.1459,  1027.6071                 
# span 8 =    20.1291,    26.4685                 
# span 9 =     5.7660,    14.9082                 
# span 10 =     20.711,    117.128                
# span 11 =    81.9493,   103.2896                
# span 12 =    -0.0591,    10.7247                
# span 13 =      7.624,      8.429                
# span 14 =     1.4513,     7.0865                
# span 15 =     2.0740,    10.1273                
# span 16 =     63.145,    310.063                
# span 17 =     64.813,    316.483                
# span 18 = 0.0000e+00, 0.0000e+00                
# interval = seconds: 0.0416667
# start_time = Aug 23 2022 04:52:22 [NMEA time, header]
# bad_flag = -9.990e-29
*END*
[from data line 10667]
   56.20502 -132.71204    288.244    191.469    189.635     5.8240    33.5403  1027.3045    26.4229     5.8083     21.118    99.9054    -0.0298      7.629     1.4793     2.1140     64.363     66.064  0.000e+00
   56.20502 -132.71204    288.124    191.323    189.491     5.8242    33.5403  1027.3038    26.4229     5.8084     21.065    99.9054    -0.0298      7.629     1.4756     2.1087     64.203     65.899  0.000e+00
   56.20502 -132.71204    288.099    191.323    189.491     5.8242    33.5403  1027.3038    26.4229     5.8085     21.072    99.9054    -0.0298      7.629     1.4760     2.1094     64.222     65.919  0.000e+00
   56.20502 -132.71204    288.059    191.283    189.451     5.8242    33.5400  1027.3034    26.4227     5.8085     21.071    99.9054    -0.0298      7.629     1.4760     2.1093     64.219     65.916  0.000e+00
   56.20502 -132.71204    288.067    191.267    189.435     5.8245    33.5395  1027.3028    26.4222     5.8088     21.128    99.9054    -0.0298      7.629     1.4800     2.1150     64.394     66.095  0.000e+00
   56.20502 -132.71204    288.003    191.226    189.395     5.8248    33.5393  1027.3024    26.4220     5.8091     21.133    99.9054    -0.0298      7.629     1.4803     2.1155     64.409     66.111  0.000e+00
   56.20502 -132.71204    288.003    191.202    189.371     5.8250    33.5393  1027.3024    26.4220     5.8093     21.079    99.8774    -0.0298      7.629     1.4765     2.1101     64.245     65.942  0.000e+00
   56.20502 -132.71204    287.947    191.145    189.315     5.8252    33.5392  1027.3020    26.4219     5.8095     21.135    99.9054    -0.0298      7.629     1.4804     2.1157     64.414     66.116  0.000e+00
   56.20502 -132.71204    287.883    191.105    189.275     5.8255    33.5385  1027.3012    26.4213     5.8098     21.080    99.9054    -0.0298      7.629     1.4766     2.1102     64.247     65.944  0.000e+00
   56.20502 -132.71204    287.867    191.088    189.259     5.8256    33.5387  1027.3012    26.4214     5.8099     21.076    99.9333    -0.0298      7.629     1.4763     2.1098     64.236     65.933  0.000e+00
   56.20502 -132.71204    287.891    191.088    189.259     5.8260    33.5383  1027.3009    26.4211     5.8103     21.131    99.9333    -0.0298      7.629     1.4802     2.1153     64.402     66.104  0.000e+00
   56.20502 -132.71204    287.787    190.983    189.154     5.8261    33.5379  1027.3001    26.4207     5.8104     21.075    99.9333    -0.0298      7.629     1.4762     2.1097     64.231     65.928  0.000e+00
   56.20502 -132.71204    287.771    190.967    189.138     5.8263    33.5375  1027.2997    26.4205     5.8106     21.070    99.9333    -0.0298      7.629     1.4759     2.1092     64.216     65.913  0.000e+00
   56.20502 -132.71204    287.771    190.967    189.138     5.8263    33.5376  1027.2998    26.4205     5.8106     21.124    99.9333    -0.0298      7.629     1.4796     2.1145     64.380     66.081  0.000e+00
   56.20502 -132.71204    287.787    190.983    189.154     5.8264    33.5370  1027.2993    26.4200     5.8107     21.125    99.9333    -0.0298      7.629     1.4797     2.1147     64.384     66.085  0.000e+00
   56.20502 -132.71204    287.650    190.845    189.018     5.8264    33.5370  1027.2987    26.4200     5.8107     21.126    99.9333    -0.0298      7.629     1.4798     2.1147     64.386     66.087  0.000e+00
   56.20502 -132.71204    287.682    190.902    189.074     5.8266    33.5369  1027.2989    26.4199     5.8109     21.126    99.9333    -0.0298      7.629     1.4798     2.1148     64.387     66.088  0.000e+00
   56.20502 -132.71204    287.586    190.805    188.978     5.8266    33.5369  1027.2984    26.4199     5.8109     21.126    99.9333    -0.0298      7.629     1.4798     2.1147     64.385     66.086  0.000e+00
   56.20502 -132.71204    287.570    190.789    188.962     5.8266    33.5366  1027.2981    26.4197     5.8109     21.125    99.9333    -0.0298      7.629     1.4797     2.1146     64.383     66.084  0.000e+00
   56.20502 -132.71204    287.570    190.789    188.962     5.8266    33.5366  1027.2981    26.4197     5.8109     21.131    99.9333    -0.0298      7.629     1.4801     2.1152     64.400     66.102  0.000e+00
   56.20502 -132.71204    287.490    190.683    188.858     5.8266    33.5366  1027.2976    26.4197     5.8110     21.194    99.9333    -0.0298      7.629     1.4846     2.1216     64.595     66.301  0.000e+00
   56.20502 -132.71204    287.530    190.724    188.898     5.8266    33.5370  1027.2981    26.4199     5.8109     21.148    99.9333    -0.0298      7.629     1.4813     2.1170     64.453     66.156  0.000e+00
   56.20502 -132.71204    287.474    190.667    188.842     5.8268    33.5368  1027.2977    26.4198     5.8111     21.145    99.9333    -0.0298      7.629     1.4811     2.1167     64.445     66.147  0.000e+00
   56.20502 -132.71204    287.409    190.627    188.801     5.8268    33.5365  1027.2972    26.4195     5.8111     21.142    99.9333    -0.0298      7.629     1.4809     2.1164     64.435     66.137  0.000e+00
   56.20502 -132.71204    287.410    190.602    188.777     5.8266    33.5365  1027.2971    26.4196     5.8110     21.145    99.9333    -0.0298      7.629     1.4811     2.1167     64.445     66.148  0.000e+00
   56.20502 -132.71204    287.329    190.546    188.721     5.8266    33.5364  1027.2969    26.4195     5.8109     21.148    99.9333    -0.0298      7.629     1.4814     2.1170     64.455     66.158  0.000e+00
   56.20502 -132.71204    287.378    190.570    188.745     5.8271    33.5360  1027.2966    26.4191     5.8114     21.151    99.9333    -0.0298      7.629     1.4816     2.1173     64.463     66.166  0.000e+00
   56.20502 -132.71204    287.298    190.489    188.665     5.8268    33.5363  1027.2964    26.4194     5.8111     21.154    99.9333    -0.0298      7.629     1.4817     2.1175     64.471     66.174  0.000e+00
   56.20502 -132.71204    287.257    190.448    188.625     5.8268    33.5363  1027.2963    26.4194     5.8111     21.090    99.9333    -0.0298      7.629     1.4773     2.1112     64.277     65.975  0.000e+00
   56.20502 -132.71204    287.233    190.424    188.601     5.8268    33.5364  1027.2963    26.4195     5.8111     21.136    99.9333    -0.0298      7.629     1.4805     2.1158     64.418     66.120  0.000e+00
   56.20502 -132.71204    287.233    190.424    188.601     5.8266    33.5367  1027.2965    26.4197     5.8110     21.196    99.9613    -0.0298      7.629     1.4847     2.1218     64.601     66.307  0.000e+00
   56.20502 -132.71204    287.137    190.327    188.505     5.8269    33.5363  1027.2957    26.4194     5.8113     21.204    99.9613    -0.0298      7.629     1.4852     2.1226     64.624     66.331  0.000e+00
   56.20502 -132.71204    287.177    190.367    188.545     5.8266    33.5367  1027.2962    26.4197     5.8109     21.204    99.9613    -0.0298      7.629     1.4853     2.1226     64.625     66.332  0.000e+00
   56.20502 -132.71204    287.057    190.246    188.424     5.8264    33.5367  1027.2957    26.4198     5.8108     21.203    99.9613    -0.0298      7.629     1.4852     2.1225     64.621     66.328  0.000e+00
   56.20502 -132.71204    287.113    190.327    188.505     5.8263    33.5369  1027.2963    26.4199     5.8106     21.209    99.9613    -0.0298      7.629     1.4856     2.1231     64.639     66.347  0.000e+00
   56.20502 -132.71204    287.001    190.189    188.368     5.8260    33.5369  1027.2957    26.4200     5.8103     21.213    99.9613    -0.0298      7.629     1.4859     2.1235     64.653     66.362  0.000e+00
   56.20502 -132.71204    287.001    190.189    188.368     5.8260    33.5369  1027.2957    26.4200     5.8103     21.218    99.9613    -0.0298      7.629     1.4862     2.1240     64.667     66.375  0.000e+00
   56.20502 -132.71204    287.017    190.205    188.384     5.8255    33.5375  1027.2963    26.4205     5.8098     21.222    99.9613    -0.0298      7.629     1.4865     2.1244     64.679     66.388  0.000e+00
   56.20502 -132.71204    286.937    190.124    188.304     5.8260    33.5374  1027.2958    26.4204     5.8103     21.166    99.9613    -0.0298      7.629     1.4826     2.1188     64.509     66.213  0.000e+00
   56.20502 -132.71204    286.856    190.068    188.248     5.8258    33.5376  1027.2957    26.4206     5.8101     21.169    99.9613    -0.0298      7.629     1.4828     2.1191     64.519     66.223  0.000e+00
   56.20502 -132.71204    286.897    190.084    188.264     5.8256    33.5381  1027.2962    26.4210     5.8100     21.165    99.9613    -0.0298      7.629     1.4825     2.1187     64.506     66.211  0.000e+00
   56.20502 -132.71204    286.816    190.003    188.184     5.8260    33.5378  1027.2955    26.4207     5.8104     21.168    99.9613    -0.0298      7.629     1.4827     2.1190     64.514     66.219  0.000e+00
   56.20502 -132.71204    286.816    190.003    188.184     5.8263    33.5377  1027.2954    26.4206     5.8106     21.222    99.9613    -0.0298      7.629     1.4865     2.1244     64.679     66.388  0.000e+00
   56.20502 -132.71204    286.760    189.970    188.152     5.8263    33.5374  1027.2950    26.4203     5.8107     21.224    99.9613    -0.0298      7.629     1.4867     2.1246     64.685     66.394  0.000e+00
   56.20502 -132.71204    286.760    189.946    188.128     5.8266    33.5368  1027.2944    26.4198     5.8110     21.284    99.9613    -0.0298      7.629     1.4908     2.1306     64.867     66.581  0.000e+00
   56.20502 -132.71204    286.704    189.889    188.072     5.8266    33.5370  1027.2943    26.4200     5.8109     21.291    99.9613    -0.0298      7.629     1.4914     2.1313     64.890     66.604  0.000e+00
   56.20502 -132.71204    286.720    189.906    188.088     5.8264    33.5370  1027.2944    26.4200     5.8108     21.291    99.9613    -0.0298      7.629     1.4913     2.1313     64.889     66.603  0.000e+00
   56.20502 -132.71204    286.640    189.825    188.007     5.8264    33.5368  1027.2938    26.4198     5.8108     21.230    99.9613    -0.0298      7.629     1.4871     2.1252     64.704     66.414  0.000e+00
   56.20502 -132.71204    286.640    189.825    188.007     5.8261    33.5369  1027.2939    26.4199     5.8105     21.221    99.9613    -0.0298      7.629     1.4864     2.1243     64.675     66.384  0.000e+00
   56.20502 -132.71204    286.584    189.768    187.951     5.8255    33.5374  1027.2941    26.4204     5.8099     21.225    99.9333    -0.0298      7.629     1.4867     2.1247     64.688     66.397  0.000e+00
   56.20502 -132.71204    286.544    189.727    187.911     5.8252    33.5379  1027.2944    26.4208     5.8096     21.279    99.9333    -0.0298      7.629     1.4906     2.1302     64.856     66.569  0.000e+00
   56.20502 -132.71204    286.520    189.703    187.887     5.8252    33.5384  1027.2947    26.4213     5.8096     21.224    99.9333    -0.0298      7.629     1.4867     2.1246     64.685     66.394  0.000e+00
   56.20502 -132.71204    286.464    189.646    187.831     5.8251    33.5385  1027.2945    26.4213     5.8095     21.218    99.9333    -0.0298      7.629     1.4863     2.1241     64.669     66.378  0.000e+00
   56.20502 -132.71204    286.311    189.492    187.679     5.8255    33.5380  1027.2934    26.4209     5.8099     21.220    99.9333    -0.0298      7.629     1.4864     2.1242     64.673     66.382  0.000e+00
   56.20502 -132.71204    286.111    189.290    187.478     5.8260    33.5377  1027.2921    26.4206     5.8104     21.221    99.9333    -0.0298      7.629     1.4864     2.1243     64.675     66.384  0.000e+00
   56.20502 -132.71204    286.704    189.889    188.072     5.8261    33.5375  1027.2948    26.4205     5.8105     21.158    99.9333    -0.0298      7.629     1.4820     2.1179     64.483     66.186  0.000e+00
   56.20502 -132.71204    286.191    189.371    187.558     5.8264    33.5375  1027.2923    26.4204     5.8108     21.208    99.9333    -0.0298      7.629     1.4856     2.1230     64.638     66.345  0.000e+00
   56.20502 -132.71204    286.760    189.946    188.128     5.8263    33.5372  1027.2947    26.4201     5.8107     21.145    99.9333    -0.0298      7.629     1.4811     2.1167     64.444     66.146  0.000e+00
   56.20502 -132.71204    286.167    189.347    187.534     5.8268    33.5368  1027.2916    26.4198     5.8112     21.188    99.9333    -0.0298      7.629     1.4841     2.1209     64.574     66.280  0.000e+00
   56.20502 -132.71204    286.247    189.428    187.614     5.8266    33.5371  1027.2922    26.4200     5.8110     21.187    99.9333    -0.0298      7.629     1.4841     2.1209     64.574     66.280  0.000e+00
   56.20502 -132.71204    286.223    189.403    187.590     5.8269    33.5365  1027.2916    26.4195     5.8113     21.179    99.9333    -0.0298      7.629     1.4835     2.1201     64.549     66.254  0.000e+00
   56.20502 -132.71204    286.343    189.525    187.711     5.8268    33.5364  1027.2921    26.4195     5.8112     21.230    99.9333    -0.0298      7.629     1.4871     2.1252     64.703     66.412  0.000e+00
   56.20502 -132.71204    286.247    189.428    187.614     5.8269    33.5361  1027.2914    26.4192     5.8113     21.235    99.9333    -0.0298      7.629     1.4874     2.1256     64.717     66.427  0.000e+00
   56.20502 -132.71204    286.343    189.525    187.711     5.8269    33.5364  1027.2921    26.4195     5.8113     21.239    99.9333    -0.0298      7.629     1.4877     2.1261     64.731     66.441  0.000e+00
   56.20502 -132.71204    286.046    189.225    187.414     5.8271    33.5362  1027.2905    26.4193     5.8115     21.242    99.9333    -0.0298      7.629     1.4879     2.1264     64.740     66.450  0.000e+00
   56.20502 -132.71204    286.247    189.428    187.614     5.8272    33.5358  1027.2911    26.4189     5.8116     21.246    99.9333    -0.0298      7.629     1.4882     2.1268     64.752     66.462  0.000e+00
   56.20502 -132.71204    286.046    189.225    187.414     5.8274    33.5355  1027.2900    26.4187     5.8119     21.248    99.9333    -0.0298      7.629     1.4883     2.1270     64.758     66.468  0.000e+00
   56.20502 -132.71204    286.111    189.290    187.478     5.8271    33.5365  1027.2911    26.4195     5.8115     21.250    99.9333    -0.0298      7.629     1.4885     2.1272     64.765     66.476  0.000e+00
   56.20502 -132.71204    286.046    189.249    187.438     5.8274    33.5355  1027.2901    26.4187     5.8119     21.252    99.9333    -0.0298      7.629     1.4886     2.1273     64.769     66.480  0.000e+00
   56.20502 -132.71204    285.902    189.104    187.294     5.8277    33.5352  1027.2891    26.4184     5.8122     21.201    99.9613    -0.0298      7.629     1.4850     2.1222     64.614     66.321  0.000e+00
   56.20502 -132.71204    285.990    189.168    187.358     5.8276    33.5352  1027.2894    26.4184     5.8120     21.253    99.9893    -0.0298      7.629     1.4887     2.1275     64.774     66.485  0.000e+00
   56.20502 -132.71204    285.926    189.104    187.294     5.8277    33.5352  1027.2891    26.4184     5.8122     21.254   100.0172    -0.0298      7.629     1.4887     2.1275     64.774     66.485  0.000e+00
   56.20502 -132.71204    285.830    189.006    187.197     5.8277    33.5354  1027.2888    26.4186     5.8122     21.253    99.9893    -0.0298      7.629     1.4887     2.1274     64.772     66.484  0.000e+00
   56.20502 -132.71204    285.870    189.047    187.238     5.8279    33.5353  1027.2889    26.4185     5.8123     21.252    99.9893    -0.0298      7.629     1.4886     2.1274     64.770     66.481  0.000e+00
   56.20502 -132.71204    285.814    188.990    187.181     5.8277    33.5354  1027.2887    26.4185     5.8122     21.251    99.9893    -0.0298      7.629     1.4885     2.1272     64.765     66.476  0.000e+00
