EcoFOCI/data/1_SampleCollection/2022_GOA-OA_CruiseData/CTD_raw_BottleFile_RC0083/RC0083_074.cnv
* Sea-Bird SBE 9 Data File:
* FileName = C:\Data\RC0083ctd\RC0083_074.hex
* Software Version Seasave V 7.26.7.107
* Temperature SN = 2060
* Conductivity SN = 1084
* Number of Bytes Per Scan = 31
* Number of Voltage Words = 4
* Number of Scans Averaged by the Deck Unit = 1
* NMEA Latitude = 58 34.16 N
* NMEA Longitude = 136 04.02 W
* NMEA UTC (Time) = Aug 21 2022  02:40:00
* NMEA baud rate = 4800
** Ship: R/V Rachel Carson
** Cruise ID: RC0083
** Tech: McHugh/Nomura
** Chief Scientist: Cross
** Station: GB03
** Cast:  CTD074
# nquan = 19
# nvalues = 7809                                  
# units = specified
# name 0 = latitude: Latitude [deg]
# name 1 = longitude: Longitude [deg]
# name 2 = sfdSM: Seafloor depth [salt water, m]
# name 3 = prDM: Pressure, Digiquartz [db]
# name 4 = depSM: Depth [salt water, m]
# name 5 = t090C: Temperature [ITS-90, deg C]
# name 6 = sal00: Salinity, Practical [PSU]
# name 7 = density00: Density [density, kg/m^3]
# name 8 = sigma-é00: Density [sigma-theta, kg/m^3]
# name 9 = potemp090C: Potential Temperature [ITS-90, deg C]
# name 10 = sbeox0PS: Oxygen, SBE 43 [% saturation]
# name 11 = CStarTr0: Beam Transmission, WET Labs C-Star [%]
# name 12 = flECO-AFL: Fluorescence, WET Labs ECO-AFL/FL [mg/m^3]
# name 13 = ph: pH
# name 14 = sbeox0ML/L: Oxygen, SBE 43 [ml/l]
# name 15 = sbeox0Mg/L: Oxygen, SBE 43 [mg/l]
# name 16 = sbox0Mm/Kg: Oxygen, SBE 43 [umol/kg]
# name 17 = sbeox0Mm/L: Oxygen, SBE 43 [umol/l]
# name 18 = flag:  0.000e+00
# span 0 =   58.56856,   58.56934                 
# span 1 = -136.06706, -136.06660                 
# span 2 =      6.134,    130.548                 
# span 3 =      3.365,     98.741                 
# span 4 =      3.333,     97.798                 
# span 5 =     7.2808,     9.7470                 
# span 6 =    21.5461,    30.5382                 
# span 7 =  1016.5269,  1024.3009                 
# span 8 =    16.5102,    23.8478                 
# span 9 =     7.2721,     9.7466                 
# span 10 =     62.710,    127.095                
# span 11 =    35.9683,    88.1584                
# span 12 =     0.1753,    14.7980                
# span 13 =      7.921,      8.486                
# span 14 =     4.2934,     8.7805                
# span 15 =     6.1357,    12.5482                
# span 16 =    187.289,    385.614                
# span 17 =    191.744,    392.136                
# span 18 = 0.0000e+00, 0.0000e+00                
# interval = seconds: 0.0416667
# start_time = Aug 21 2022 02:40:00 [NMEA time, header]
# bad_flag = -9.990e-29
*END*
[from data line 2896]
   58.56882 -136.06672    109.798     59.667     59.102     7.8172    30.3650  1023.9358    23.6621     7.8117     64.328    87.7948     0.4683      7.931     4.3939     6.2794    191.698    196.234  0.000e+00
   58.56882 -136.06672    109.765     59.731     59.166     7.8172    30.3647  1023.9358    23.6618     7.8117     64.331    87.7948     0.4683      7.931     4.3942     6.2797    191.707    196.243  0.000e+00
   58.56882 -136.06672    109.699     59.788     59.222     7.8171    30.3648  1023.9361    23.6619     7.8117     64.327    87.7948     0.4683      7.931     4.3940     6.2794    191.698    196.234  0.000e+00
   58.56882 -136.06672    109.650     59.788     59.222     7.8168    30.3653  1023.9366    23.6624     7.8113     64.325    87.7948     0.4683      7.931     4.3938     6.2792    191.692    196.228  0.000e+00
   58.56882 -136.06672    109.714     59.853     59.287     7.8168    30.3656  1023.9371    23.6626     7.8113     64.276    87.7948     0.4683      7.931     4.3905     6.2744    191.546    196.078  0.000e+00
   58.56882 -136.06672    109.714     59.853     59.287     7.8166    30.3659  1023.9374    23.6629     7.8111     64.277    87.7948     0.4683      7.931     4.3905     6.2745    191.549    196.082  0.000e+00
   58.56882 -136.06672    109.770     59.909     59.343     7.8164    30.3666  1023.9382    23.6634     7.8109     64.280    87.7948     0.4683      7.931     4.3908     6.2748    191.559    196.092  0.000e+00
   58.56882 -136.06672    109.794     59.909     59.343     7.8166    30.3664  1023.9381    23.6633     7.8111     64.222    87.7948     0.4683      7.931     4.3867     6.2691    191.383    195.912  0.000e+00
   58.56882 -136.06672    109.834     59.974     59.407     7.8166    30.3661  1023.9381    23.6630     7.8111     64.270    87.7668     0.4683      7.931     4.3900     6.2738    191.526    196.058  0.000e+00
   58.56882 -136.06672    109.890     60.030     59.463     7.8164    30.3663  1023.9386    23.6632     7.8109     64.215    87.6829     0.4683      7.931     4.3863     6.2684    191.363    195.891  0.000e+00
   58.56882 -136.06672    109.890     60.030     59.463     7.8164    30.3669  1023.9390    23.6637     7.8109     64.210    87.6549     0.4683      7.931     4.3859     6.2679    191.348    195.876  0.000e+00
   58.56882 -136.06672    109.670     60.030     59.463     7.8159    30.3680  1023.9400    23.6646     7.8104     64.207    87.6549     0.4683      7.931     4.3857     6.2676    191.338    195.866  0.000e+00
   58.56882 -136.06672    109.668     60.152     59.583     7.8153    30.3688  1023.9412    23.6653     7.8098     64.206    87.6549     0.4683      7.931     4.3857     6.2676    191.339    195.867  0.000e+00
   58.56882 -136.06672    109.580     60.087     59.519     7.8151    30.3693  1023.9414    23.6658     7.8096     64.206    87.6549     0.4683      7.931     4.3857     6.2676    191.338    195.866  0.000e+00
   58.56882 -136.06672    109.724     60.208     59.639     7.8146    30.3703  1023.9428    23.6666     7.8091     64.209    87.6549     0.4683      7.931     4.3860     6.2680    191.348    195.877  0.000e+00
   58.56882 -136.06672    109.724     60.208     59.639     7.8140    30.3717  1023.9439    23.6678     7.8085     64.213    87.6549     0.4683      7.935     4.3863     6.2684    191.361    195.890  0.000e+00
   58.56882 -136.06672    109.780     60.265     59.695     7.8135    30.3725  1023.9449    23.6685     7.8080     64.164    87.6549     0.4683      7.931     4.3829     6.2636    191.215    195.740  0.000e+00
   58.56882 -136.06672    109.732     60.265     59.695     7.8137    30.3724  1023.9448    23.6684     7.8082     64.157    87.6829     0.4683      7.931     4.3824     6.2629    191.193    195.719  0.000e+00
   58.56882 -136.06672    109.796     60.330     59.759     7.8128    30.3734  1023.9460    23.6693     7.8073     64.208    87.6829     0.4683      7.931     4.3860     6.2680    191.348    195.877  0.000e+00
   58.56882 -136.06672    109.780     60.265     59.695     7.8127    30.3735  1023.9458    23.6694     7.8072     64.155    87.6549     0.4683      7.931     4.3824     6.2629    191.192    195.717  0.000e+00
   58.56882 -136.06672    109.852     60.386     59.815     7.8130    30.3730  1023.9459    23.6689     7.8075     64.155    87.6549     0.4683      7.931     4.3823     6.2628    191.189    195.714  0.000e+00
   58.56882 -136.06672    109.705     60.386     59.815     7.8127    30.3735  1023.9464    23.6694     7.8072     64.155    87.6549     0.4683      7.931     4.3823     6.2628    191.190    195.715  0.000e+00
   58.56882 -136.06672    109.712     60.443     59.871     7.8125    30.3732  1023.9464    23.6692     7.8070     64.157    87.6829     0.4683      7.931     4.3825     6.2631    191.198    195.723  0.000e+00
   58.56882 -136.06672    109.712     60.443     59.871     7.8119    30.3742  1023.9473    23.6700     7.8063     64.160    87.6829     0.4683      7.931     4.3828     6.2635    191.210    195.736  0.000e+00
   58.56882 -136.06672    109.857     60.564     59.991     7.8119    30.3741  1023.9478    23.6700     7.8063     64.104    87.6829     0.4683      7.931     4.3789     6.2579    191.041    195.563  0.000e+00
   58.56882 -136.06672    109.752     60.507     59.935     7.8111    30.3749  1023.9482    23.6707     7.8056     64.096    87.6549     0.4683      7.931     4.3785     6.2573    191.020    195.542  0.000e+00
   58.56882 -136.06672    109.735     60.564     59.991     7.8114    30.3747  1023.9483    23.6705     7.8058     64.091    87.6549     0.4683      7.931     4.3781     6.2567    191.004    195.525  0.000e+00
   58.56882 -136.06672    109.774     60.629     60.055     7.8114    30.3749  1023.9488    23.6707     7.8058     64.087    87.6549     0.4683      7.931     4.3778     6.2564    190.993    195.514  0.000e+00
   58.56882 -136.06672    109.830     60.685     60.111     7.8115    30.3745  1023.9486    23.6703     7.8060     64.086    87.6829     0.4683      7.931     4.3777     6.2562    190.989    195.509  0.000e+00
   58.56882 -136.06672    109.830     60.685     60.111     7.8115    30.3747  1023.9489    23.6705     7.8060     64.085    87.7389     0.4683      7.931     4.3777     6.2562    190.987    195.508  0.000e+00
   58.56882 -136.06672    109.660     60.685     60.111     7.8117    30.3747  1023.9488    23.6704     7.8062     64.087    87.7668     0.4683      7.931     4.3778     6.2563    190.991    195.512  0.000e+00
   58.56882 -136.06672    109.602     60.750     60.175     7.8119    30.3743  1023.9488    23.6701     7.8063     64.083    87.7668     0.4683      7.931     4.3775     6.2559    190.980    195.500  0.000e+00
   58.56882 -136.06672    109.658     60.807     60.231     7.8119    30.3745  1023.9492    23.6703     7.8063     64.089    87.7668     0.4683      7.931     4.3779     6.2564    190.995    195.516  0.000e+00
   58.56882 -136.06672    109.714     60.863     60.287     7.8119    30.3745  1023.9495    23.6703     7.8063     64.088    87.7668     0.4683      7.931     4.3778     6.2564    190.994    195.515  0.000e+00
   58.56882 -136.06672    109.658     60.807     60.231     7.8117    30.3740  1023.9488    23.6699     7.8062     64.088    87.7668     0.4683      7.931     4.3779     6.2564    190.996    195.516  0.000e+00
   58.56882 -136.06672    109.680     60.928     60.352     7.8119    30.3737  1023.9491    23.6696     7.8063     64.091    87.7668     0.4683      7.931     4.3781     6.2567    191.005    195.526  0.000e+00
   58.56882 -136.06672    109.599     60.920     60.344     7.8117    30.3742  1023.9495    23.6700     7.8061     64.039    87.7668     0.4683      7.931     4.3745     6.2516    190.849    195.367  0.000e+00
   58.56882 -136.06672    109.663     60.984     60.408     7.8115    30.3745  1023.9500    23.6703     7.8059     64.038    87.7668     0.4683      7.931     4.3745     6.2515    190.846    195.364  0.000e+00
   58.56882 -136.06672    109.663     60.984     60.408     7.8119    30.3747  1023.9502    23.6705     7.8063     64.038    87.7668     0.4683      7.931     4.3744     6.2515    190.844    195.362  0.000e+00
   58.56882 -136.06672    109.663     60.985     60.408     7.8123    30.3743  1023.9498    23.6701     7.8067     64.040    87.7668     0.4683      7.931     4.3745     6.2516    190.848    195.366  0.000e+00
   58.56882 -136.06672    109.783     61.106     60.528     7.8119    30.3742  1023.9503    23.6701     7.8063     64.044    87.7668     0.4683      7.931     4.3749     6.2521    190.864    195.382  0.000e+00
   58.56882 -136.06672    109.807     61.106     60.528     7.8120    30.3744  1023.9504    23.6702     7.8064     64.050    87.7668     0.4683      7.931     4.3752     6.2526    190.879    195.397  0.000e+00
   58.56882 -136.06672    109.783     61.106     60.528     7.8127    30.3741  1023.9501    23.6699     7.8071     64.057    87.7668     0.4683      7.931     4.3756     6.2532    190.897    195.416  0.000e+00
   58.56882 -136.06672    109.839     61.162     60.584     7.8130    30.3737  1023.9500    23.6695     7.8074     64.066    87.7668     0.4683      7.931     4.3763     6.2541    190.925    195.444  0.000e+00
   58.56882 -136.06672    109.815     61.162     60.584     7.8135    30.3730  1023.9494    23.6689     7.8079     64.014    87.7668     0.4683      7.935     4.3727     6.2490    190.767    195.283  0.000e+00
   58.56882 -136.06672    109.708     61.227     60.648     7.8135    30.3733  1023.9500    23.6691     7.8079     64.068    87.7668     0.4683      7.931     4.3763     6.2542    190.928    195.447  0.000e+00
   58.56882 -136.06672    109.764     61.284     60.704     7.8133    30.3731  1023.9501    23.6690     7.8077     64.019    87.7668     0.4683      7.931     4.3730     6.2495    190.784    195.300  0.000e+00
   58.56882 -136.06672    109.764     61.284     60.704     7.8125    30.3746  1023.9514    23.6703     7.8069     64.021    87.7668     0.4683      7.931     4.3732     6.2497    190.790    195.306  0.000e+00
   58.56882 -136.06672    109.820     61.340     60.760     7.8124    30.3749  1023.9519    23.6705     7.8067     64.024    87.7668     0.4683      7.931     4.3734     6.2500    190.800    195.317  0.000e+00
   58.56882 -136.06672    109.666     61.284     60.704     7.8122    30.3746  1023.9514    23.6704     7.8066     64.028    87.6829     0.4683      7.931     4.3737     6.2505    190.814    195.331  0.000e+00
   58.56882 -136.06672    109.705     61.397     60.816     7.8120    30.3748  1023.9522    23.6705     7.8064     64.036    87.6270     0.4683      7.931     4.3743     6.2512    190.837    195.354  0.000e+00
   58.56882 -136.06672    109.680     61.397     60.816     7.8119    30.3752  1023.9525    23.6709     7.8062     64.044    87.6270     0.4683      7.931     4.3748     6.2521    190.862    195.380  0.000e+00
   58.56882 -136.06672    109.744     61.462     60.880     7.8120    30.3748  1023.9524    23.6705     7.8064     64.055    87.6270     0.4683      7.931     4.3756     6.2531    190.894    195.412  0.000e+00
   58.56882 -136.06672    109.801     61.518     60.936     7.8120    30.3748  1023.9527    23.6705     7.8064     64.060    87.6549     0.4683      7.931     4.3759     6.2536    190.908    195.427  0.000e+00
   58.56882 -136.06672    109.678     61.518     60.936     7.8119    30.3763  1023.9538    23.6717     7.8062     64.066    87.6270     0.4683      7.931     4.3763     6.2541    190.925    195.444  0.000e+00
   58.56882 -136.06672    109.669     61.583     61.000     7.8120    30.3748  1023.9530    23.6705     7.8064     64.074    87.6270     0.4683      7.931     4.3768     6.2549    190.950    195.470  0.000e+00
   58.56882 -136.06672    109.645     61.583     61.000     7.8119    30.3752  1023.9533    23.6709     7.8062     64.075    87.6549     0.4683      7.931     4.3769     6.2551    190.955    195.475  0.000e+00
   58.56882 -136.06672    109.701     61.639     61.056     7.8119    30.3755  1023.9538    23.6711     7.8062     64.141    87.6549     0.4683      7.931     4.3815     6.2615    191.151    195.676  0.000e+00
   58.56882 -136.06672    109.701     61.639     61.056     7.8117    30.3754  1023.9537    23.6710     7.8061     64.152    87.6270     0.4683      7.931     4.3822     6.2627    191.185    195.711  0.000e+00
   58.56882 -136.06672    109.618     61.704     61.120     7.8117    30.3749  1023.9536    23.6706     7.8061     64.054    87.6270     0.4683      7.931     4.3755     6.2530    190.892    195.410  0.000e+00
   58.56882 -136.06672    109.488     61.696     61.112     7.8117    30.3744  1023.9532    23.6703     7.8060     64.053    87.6270     0.4683      7.931     4.3755     6.2530    190.890    195.408  0.000e+00
   58.56882 -136.06672    109.552     61.761     61.176     7.8099    30.3755  1023.9546    23.6713     7.8042     64.054    87.6270     0.4683      7.931     4.3757     6.2533    190.900    195.419  0.000e+00
   58.56882 -136.06672    109.633     61.817     61.232     7.8080    30.3767  1023.9561    23.6726     7.8023     64.057    87.6270     0.4683      7.931     4.3760     6.2538    190.915    195.434  0.000e+00
   58.56882 -136.06672    109.672     61.882     61.296     7.8073    30.3764  1023.9563    23.6724     7.8016     64.061    87.6270     0.4683      7.931     4.3764     6.2543    190.930    195.450  0.000e+00
   58.56882 -136.06672    109.486     61.817     61.232     7.8059    30.3760  1023.9559    23.6723     7.8002     64.066    87.6270     0.4683      7.931     4.3769     6.2550    190.951    195.471  0.000e+00
   58.56882 -136.06672    109.533     61.939     61.352     7.8047    30.3764  1023.9569    23.6727     7.7990     64.066    87.6270     0.4683      7.931     4.3770     6.2552    190.957    195.477  0.000e+00
   58.56882 -136.06672    109.533     61.939     61.352     7.8041    30.3769  1023.9573    23.6732     7.7984     64.066    87.6270     0.4683      7.931     4.3771     6.2553    190.960    195.480  0.000e+00
   58.56882 -136.06672    109.533     61.939     61.352     7.8039    30.3768  1023.9573    23.6732     7.7983     64.020    87.6270     0.4683      7.931     4.3739     6.2508    190.821    195.339  0.000e+00
   58.56882 -136.06672    109.540     61.995     61.409     7.8034    30.3772  1023.9579    23.6736     7.7978     64.016    87.6270     0.4683      7.931     4.3737     6.2505    190.813    195.330  0.000e+00
   58.56882 -136.06672    109.482     62.060     61.473     7.8027    30.3776  1023.9586    23.6740     7.7970     64.015    87.6829     0.4683      7.931     4.3737     6.2504    190.811    195.328  0.000e+00
   58.56882 -136.06672    109.458     62.060     61.473     7.8018    30.3784  1023.9594    23.6748     7.7961     64.014    87.7389     0.4683      7.931     4.3737     6.2504    190.811    195.328  0.000e+00
   58.56882 -136.06672    109.514     62.116     61.529     7.8028    30.3776  1023.9589    23.6740     7.7971     64.015    87.7668     0.4683      7.931     4.3737     6.2504    190.810    195.328  0.000e+00
   58.56882 -136.06672    109.514     62.116     61.529     7.8031    30.3778  1023.9590    23.6741     7.7974     64.017    87.7668     0.4683      7.931     4.3738     6.2505    190.815    195.332  0.000e+00
   58.56882 -136.06672    109.570     62.173     61.585     7.8041    30.3773  1023.9588    23.6736     7.7984     64.013    87.7668     0.4683      7.931     4.3734     6.2501    190.801    195.317  0.000e+00
   58.56882 -136.06672    109.634     62.238     61.649     7.8049    30.3767  1023.9584    23.6729     7.7992     64.011    87.7668     0.4683      7.931     4.3732     6.2498    190.791    195.308  0.000e+00
