EcoFOCI/data/1_SampleCollection/2022_GOA-OA_CruiseData/CTD_raw_BottleFile_RC0083/RC0083_080.ros
* Sea-Bird SBE 9 Data File:
* FileName = C:\Data\RC0083ctd\RC0083_080.hex
* Software Version Seasave V 7.26.7.107
* Temperature SN = 2060
* Conductivity SN = 2881
* Number of Bytes Per Scan = 31
* Number of Voltage Words = 4
* Number of Scans Averaged by the Deck Unit = 1
* NMEA Latitude = 58 13.89 N
* NMEA Longitude = 134 37.83 W
* NMEA UTC (Time) = Aug 22 2022  00:40:40
* NMEA baud rate = 4800
** Ship: R/V Rachel Carson
** Cruise ID: RC0083
** Tech: McHugh/Nomura
** Chief Scientist: Cross
** Station: SPC
** Cast:  CTD080
# nquan = 21
# nvalues = 196                                   
# units = specified
# name 0 = latitude: Latitude [deg]
# name 1 = longitude: Longitude [deg]
# name 2 = sfdSM: Seafloor depth [salt water, m]
# name 3 = prDM: Pressure, Digiquartz [db]
# name 4 = depSM: Depth [salt water, m]
# name 5 = t090C: Temperature [ITS-90, deg C]
# name 6 = sal00: Salinity, Practical [PSU]
# name 7 = density00: Density [density, kg/m^3]
# name 8 = sigma-é00: Density [sigma-theta, kg/m^3]
# name 9 = potemp090C: Potential Temperature [ITS-90, deg C]
# name 10 = sbeox0PS: Oxygen, SBE 43 [% saturation]
# name 11 = CStarTr0: Beam Transmission, WET Labs C-Star [%]
# name 12 = flECO-AFL: Fluorescence, WET Labs ECO-AFL/FL [mg/m^3]
# name 13 = ph: pH
# name 14 = sbeox0ML/L: Oxygen, SBE 43 [ml/l]
# name 15 = sbeox0Mg/L: Oxygen, SBE 43 [mg/l]
# name 16 = sbox0Mm/Kg: Oxygen, SBE 43 [umol/kg]
# name 17 = sbeox0Mm/L: Oxygen, SBE 43 [umol/l]
# name 18 = scan: Scan Count
# name 19 = nbf: Bottles Fired
# name 20 = flag:  0.000e+00
# interval = seconds: 0.0416667
# start_time = Aug 22 2022 00:40:40 [NMEA time, header]
# bad_flag = -9.990e-29
*END*
[from data line 138]
   58.23028 -134.62868     20.681      9.931      9.838    10.8593    27.1366  1020.7290    20.6839    10.8582     87.909    95.7380     1.6991      8.224     5.7292     8.1876    250.680    255.865       7771          3  0.000e+00
   58.23028 -134.62868     15.154      9.898      9.806    10.8603    27.1339  1020.7266    20.6816    10.8592     87.911    95.7380     1.6991      8.224     5.7292     8.1876    250.683    255.867       7772          3  0.000e+00
   58.23028 -134.62868     13.989      9.931      9.838    10.8607    27.1324  1020.7255    20.6804    10.8597     87.858    95.7380     1.6991      8.224     5.7258     8.1827    250.532    255.713       7773          3  0.000e+00
   58.23028 -134.62868     14.178      9.874      9.782    10.8608    27.1312  1020.7243    20.6795    10.8597     87.854    95.7380     1.6991      8.224     5.7256     8.1824    250.523    255.703       7774          3  0.000e+00
   58.23028 -134.62868     14.453      9.931      9.838    10.8611    27.1304  1020.7239    20.6788    10.8600     87.851    95.7100     1.6991      8.224     5.7254     8.1822    250.516    255.696       7775          3  0.000e+00
   58.23028 -134.62868     14.534      9.963      9.870    10.8616    27.1293  1020.7231    20.6779    10.8605     87.849    95.7380     1.6991      8.224     5.7252     8.1819    250.507    255.687       7776          3  0.000e+00
   58.23028 -134.62868     14.422      9.874      9.782    10.8623    27.1272  1020.7210    20.6761    10.8612     87.845    95.7380     1.6991      8.224     5.7250     8.1815    250.497    255.676       7777          3  0.000e+00
   58.23028 -134.62868     14.478      9.931      9.838    10.8623    27.1265  1020.7207    20.6755    10.8612     87.844    95.7380     1.6991      8.224     5.7249     8.1814    250.493    255.672       7778          3  0.000e+00
   58.23028 -134.62868     14.446      9.898      9.806    10.8621    27.1278  1020.7216    20.6766    10.8610     87.841    95.7380     1.6991      8.224     5.7247     8.1811    250.485    255.664       7779          3  0.000e+00
   58.23010 -134.62840     24.113      3.462      3.430    13.2083    18.4223  1013.5707    13.5549    13.2079     98.956    92.5775     0.8200      8.387     6.4764     9.2554    285.366    289.234       9052          4  0.000e+00
   58.23010 -134.62840     24.153      3.502      3.470    13.2081    18.4259  1013.5737    13.5578    13.2077     98.956    92.5775     0.8200      8.387     6.4762     9.2552    285.360    289.229       9053          4  0.000e+00
   58.23010 -134.62840     28.583      3.438      3.406    13.2080    18.4290  1013.5758    13.5601    13.2076     98.955    92.5775     0.8200      8.387     6.4761     9.2549    285.351    289.220       9054          4  0.000e+00
   58.23010 -134.62840     51.903      3.462      3.430    13.2036    18.4346  1013.5810    13.5652    13.2032     98.955    92.5775     0.8200      8.387     6.4764     9.2555    285.366    289.237       9055          4  0.000e+00
   58.23010 -134.62840     62.127      3.502      3.470    13.1994    18.4396  1013.5857    13.5697    13.1990     98.955    92.5775     0.8200      8.387     6.4768     9.2560    285.383    289.255       9056          4  0.000e+00
   58.23010 -134.62840     62.721      3.462      3.430    13.1964    18.4433  1013.5889    13.5731    13.1960     99.009    92.5775     0.8200      8.387     6.4806     9.2614    285.547    289.423       9057          4  0.000e+00
   58.23010 -134.62840     61.785      3.502      3.470    13.1961    18.4454  1013.5907    13.5748    13.1957     99.013    92.5775     0.8200      8.387     6.4808     9.2618    285.558    289.434       9058          4  0.000e+00
   58.23010 -134.62840     61.354      3.462      3.430    13.1977    18.4454  1013.5903    13.5745    13.1973     98.962    92.5775     0.7907      8.387     6.4773     9.2567    285.400    289.274       9059          4  0.000e+00
   58.23010 -134.62840     61.369      3.502      3.470    13.1999    18.4447  1013.5896    13.5736    13.1995     98.961    92.5775     0.7907      8.387     6.4769     9.2562    285.386    289.260       9060          4  0.000e+00
   58.23010 -134.62840     61.418      3.502      3.470    13.2038    18.4440  1013.5884    13.5724    13.2034     98.960    92.5775     0.7907      8.387     6.4763     9.2553    285.361    289.234       9061          4  0.000e+00
   58.23010 -134.62840     61.378      3.462      3.430    13.2039    18.4463  1013.5899    13.5742    13.2035     98.904    92.5775     0.7907      8.387     6.4726     9.2500    285.195    289.066       9062          4  0.000e+00
   58.23010 -134.62840     61.443      3.502      3.470    13.2050    18.4463  1013.5900    13.5740    13.2046     98.899    92.3258     0.7907      8.387     6.4721     9.2493    285.174    289.045       9063          4  0.000e+00
   58.23010 -134.62840     61.434      3.518      3.486    13.2030    18.4481  1013.5918    13.5757    13.2026     98.894    91.9062     0.7907      8.387     6.4720     9.2491    285.168    289.040       9064          4  0.000e+00
   58.23010 -134.62840     61.418      3.502      3.470    13.2001    18.4495  1013.5932    13.5773    13.1997     98.944    91.7944     0.7907      8.387     6.4756     9.2542    285.325    289.199       9065          4  0.000e+00
   58.23010 -134.62840     61.322      3.405      3.374    13.2010    18.4469  1013.5906    13.5751    13.2006     98.947    91.7944     0.7614      8.387     6.4758     9.2545    285.334    289.208       9066          4  0.000e+00
   58.23010 -134.62840     61.474      3.559      3.526    13.1993    18.4468  1013.5916    13.5753    13.1989     98.953    91.8223     0.7907      8.387     6.4764     9.2555    285.364    289.238       9067          4  0.000e+00
   58.23010 -134.62840     61.418      3.502      3.470    13.1989    18.4465  1013.5912    13.5752    13.1985     98.958    91.8223     0.7614      8.387     6.4768     9.2560    285.379    289.253       9068          4  0.000e+00
   58.23010 -134.62840     61.378      3.462      3.430    13.2019    18.4403  1013.5857    13.5699    13.2015     98.962    91.8223     0.7614      8.387     6.4769     9.2561    285.385    289.258       9069          4  0.000e+00
   58.23010 -134.62840     61.418      3.502      3.470    13.2056    18.4303  1013.5775    13.5616    13.2052     98.967    91.8223     0.7907      8.387     6.4771     9.2565    285.398    289.269       9070          4  0.000e+00
   58.23010 -134.62840     61.434      3.518      3.486    13.2140    18.4198  1013.5681    13.5521    13.2136     98.967    91.8223     0.7907      8.387     6.4764     9.2554    285.368    289.236       9071          4  0.000e+00
   58.23010 -134.62840     61.443      3.502      3.470    13.2189    18.4115  1013.5608    13.5449    13.2185     98.972    91.8223     0.7614      8.387     6.4764     9.2554    285.369    289.235       9072          4  0.000e+00
   58.23010 -134.62840     58.244      3.502      3.470    13.2216    18.4020  1013.5530    13.5371    13.2212     99.027    91.8223     0.7907      8.387     6.4800     9.2605    285.530    289.395       9073          4  0.000e+00
   58.23010 -134.62840     50.787      3.518      3.486    13.2182    18.3972  1013.5500    13.5339    13.2178     98.978    91.8223     0.7614      8.387     6.4774     9.2569    285.420    289.283       9074          4  0.000e+00
   58.23010 -134.62840     48.305      3.502      3.470    13.2201    18.3963  1013.5489    13.5329    13.2196     98.979    91.8223     0.7614      8.387     6.4772     9.2566    285.411    289.274       9075          4  0.000e+00
   58.23010 -134.62840     48.314      3.462      3.430    13.2280    18.3945  1013.5459    13.5302    13.2276     98.978    91.8223     0.7614      8.387     6.4762     9.2551    285.366    289.227       9076          4  0.000e+00
   58.23010 -134.62840     48.671      3.502      3.470    13.2351    18.3914  1013.5426    13.5266    13.2347     98.924    91.8223     0.7907      8.387     6.4718     9.2489    285.174    289.031       9077          4  0.000e+00
   58.23010 -134.62840     48.785      3.518      3.486    13.2407    18.3916  1013.5418    13.5258    13.2403     98.920    91.8223     0.7907      8.387     6.4708     9.2474    285.127    288.984       9078          4  0.000e+00
   58.23010 -134.62840     48.744      3.502      3.470    13.2433    18.3955  1013.5443    13.5284    13.2429     98.916    91.8223     0.7614      8.387     6.4700     9.2462    285.092    288.949       9079          4  0.000e+00
   58.23010 -134.62840     48.744      3.502      3.470    13.2417    18.4008  1013.5486    13.5327    13.2413     98.967    91.8223     0.7321      8.387     6.4733     9.2510    285.238    289.098       9080          4  0.000e+00
   58.23010 -134.62840     48.736      3.518      3.486    13.2401    18.4049  1013.5522    13.5361    13.2396     98.914    91.8223     0.7028      8.387     6.4699     9.2462    285.088    288.947       9081          4  0.000e+00
   58.23010 -134.62840     48.720      3.502      3.470    13.2331    18.4087  1013.5563    13.5403    13.2327     98.911    91.8223     0.7028      8.387     6.4705     9.2471    285.114    288.975       9082          4  0.000e+00
   58.23010 -134.62840     48.736      3.518      3.486    13.2268    18.4110  1013.5592    13.5431    13.2264     98.909    91.9062     0.7028      8.387     6.4712     9.2479    285.141    289.002       9083          4  0.000e+00
   58.23010 -134.62840     48.720      3.502      3.470    13.2175    18.4156  1013.5642    13.5482    13.2171     98.961    92.1580     0.7321      8.387     6.4757     9.2544    285.337    289.203       9084          4  0.000e+00
   58.23010 -134.62840     48.744      3.502      3.470    13.2085    18.4200  1013.5691    13.5531    13.2081     98.963    92.2419     0.7028      8.387     6.4769     9.2561    285.390    289.258       9085          4  0.000e+00
   58.23010 -134.62840     48.760      3.518      3.486    13.2068    18.4204  1013.5698    13.5537    13.2064     98.965    92.2419     0.7028      8.392     6.4773     9.2566    285.406    289.274       9086          4  0.000e+00
   58.23010 -134.62840     48.720      3.502      3.470    13.2110    18.4181  1013.5672    13.5513    13.2106     98.912    92.2419     0.7028      8.387     6.4733     9.2510    285.232    289.097       9087          4  0.000e+00
   58.23010 -134.62840     52.099      3.462      3.430    13.2051    18.4215  1013.5706    13.5549    13.2047     98.910    92.2419     0.7321      8.387     6.4738     9.2517    285.253    289.119       9088          4  0.000e+00
   58.23010 -134.62840     55.118      3.502      3.470    13.2023    18.4241  1013.5733    13.5574    13.2019     98.957    92.2419     0.7028      8.387     6.4772     9.2565    285.402    289.271       9089          4  0.000e+00
   58.23010 -134.62840     55.696      3.518      3.486    13.2065    18.4225  1013.5714    13.5554    13.2061     98.959    92.2419     0.7321      8.387     6.4768     9.2560    285.385    289.254       9090          4  0.000e+00
   58.23010 -134.62840     55.533      3.502      3.470    13.2061    18.4217  1013.5708    13.5548    13.2057     98.961    92.2419     0.7028      8.387     6.4770     9.2563    285.394    289.262       9091          4  0.000e+00
   58.23010 -134.62840     55.411      3.502      3.470    13.2014    18.4213  1013.5713    13.5553    13.2010     98.963    92.2419     0.7028      8.387     6.4778     9.2574    285.430    289.299       9092          4  0.000e+00
   58.23010 -134.62840     55.347      3.462      3.430    13.1978    18.4201  1013.5708    13.5550    13.1974     98.965    92.2419     0.7321      8.387     6.4785     9.2584    285.459    289.329       9093          4  0.000e+00
   58.23010 -134.62840     55.411      3.502      3.470    13.2013    18.4157  1013.5670    13.5510    13.2009     98.967    92.2419     0.7321      8.387     6.4783     9.2581    285.453    289.321       9094          4  0.000e+00
   58.23010 -134.62840     55.427      3.518      3.486    13.2078    18.4107  1013.5621    13.5461    13.2074     98.969    92.2419     0.7028      8.387     6.4777     9.2573    285.428    289.294       9095          4  0.000e+00
   58.23010 -134.62840     55.411      3.502      3.470    13.2164    18.4043  1013.5557    13.5397    13.2160     98.965    92.2139     0.7028      8.387     6.4765     9.2556    285.378    289.242       9096          4  0.000e+00
   58.23010 -134.62840     55.251      3.341      3.310    13.2198    18.4012  1013.5520    13.5368    13.2194     98.959    92.2419     0.7321      8.387     6.4758     9.2546    285.348    289.211       9097          4  0.000e+00
   58.23010 -134.62840     55.523      3.615      3.582    13.2155    18.4020  1013.5546    13.5381    13.2151     98.965    92.2419     0.7028      8.387     6.4767     9.2559    285.387    289.251       9098          4  0.000e+00
   58.23010 -134.62840     55.347      3.438      3.406    13.2144    18.4009  1013.5531    13.5375    13.2140     98.964    92.2419     0.7028      8.392     6.4769     9.2561    285.395    289.259       9099          4  0.000e+00
   58.23010 -134.62840     55.371      3.462      3.430    13.2131    18.4012  1013.5537    13.5379    13.2127     98.966    92.2419     0.7321      8.387     6.4772     9.2566    285.408    289.271       9100          4  0.000e+00
