EcoFOCI/data/1_SampleCollection/2022_GOA-OA_CruiseData/CTD_raw_BottleFile_RC0083/RC0083_146.cnv
* Sea-Bird SBE 9 Data File:
* FileName = C:\Data\RC0083ctd\RC0083_146.hex
* Software Version Seasave V 7.26.7.107
* Temperature SN = 2060
* Conductivity SN = 2881
* Number of Bytes Per Scan = 31
* Number of Voltage Words = 4
* Number of Scans Averaged by the Deck Unit = 1
* NMEA Latitude = 54 55.77 N
* NMEA Longitude = 131 10.41 W
* NMEA UTC (Time) = Aug 28 2022  19:58:30
* NMEA baud rate = 4800
** Ship: R/V Rachel Carson
** Cruise ID: RC0083
** Tech: McHugh/Nomura
** Chief Scientist: Cross
** Station: RC1
** Cast:  CTD146
# nquan = 19
# nvalues = 9999                                  
# units = specified
# name 0 = latitude: Latitude [deg]
# name 1 = longitude: Longitude [deg]
# name 2 = sfdSM: Seafloor depth [salt water, m]
# name 3 = prDM: Pressure, Digiquartz [db]
# name 4 = depSM: Depth [salt water, m]
# name 5 = t090C: Temperature [ITS-90, deg C]
# name 6 = sal00: Salinity, Practical [PSU]
# name 7 = density00: Density [density, kg/m^3]
# name 8 = sigma-é00: Density [sigma-theta, kg/m^3]
# name 9 = potemp090C: Potential Temperature [ITS-90, deg C]
# name 10 = sbeox0PS: Oxygen, SBE 43 [% saturation]
# name 11 = CStarTr0: Beam Transmission, WET Labs C-Star [%]
# name 12 = flECO-AFL: Fluorescence, WET Labs ECO-AFL/FL [mg/m^3]
# name 13 = ph: pH
# name 14 = sbeox0ML/L: Oxygen, SBE 43 [ml/l]
# name 15 = sbeox0Mg/L: Oxygen, SBE 43 [mg/l]
# name 16 = sbox0Mm/Kg: Oxygen, SBE 43 [umol/kg]
# name 17 = sbeox0Mm/L: Oxygen, SBE 43 [umol/l]
# name 18 = flag:  0.000e+00
# span 0 =   54.92946,   54.93238                 
# span 1 = -131.17448, -131.17346                 
# span 2 =      7.458,    173.200                 
# span 3 =      2.420,    132.031                 
# span 4 =      2.398,    130.800                 
# span 5 =     6.2119,    12.4353                 
# span 6 =    28.8418,    33.0886                 
# span 7 =  1021.7472,  1026.6216                 
# span 8 =    21.7327,    26.0174                 
# span 9 =     6.2009,    12.4349                 
# span 10 =     29.971,     83.423                
# span 11 =    91.5706,   103.6532                
# span 12 =    -0.0591,     2.8127                
# span 13 =      7.695,      8.208                
# span 14 =     2.0863,     5.2033                
# span 15 =     2.9815,     7.4361                
# span 16 =     90.811,    227.436                
# span 17 =     93.173,    232.381                
# span 18 = 0.0000e+00, 0.0000e+00                
# interval = seconds: 0.0416667
# start_time = Aug 28 2022 19:58:30 [NMEA time, header]
# bad_flag = -9.990e-29
*END*
[from data line 9296]
   54.93214 -131.17448    123.640     25.483     25.251     9.0391    30.7762  1023.9232    23.8071     9.0366     54.018   101.9471     0.5856      7.903     3.5799     5.1161    156.162    159.879  0.000e+00
   54.93214 -131.17448    123.127     25.483     25.251     9.0398    30.7761  1023.9230    23.8069     9.0372     53.962   101.9471     0.5856      7.903     3.5762     5.1107    155.999    159.712  0.000e+00
   54.93214 -131.17448    123.014     25.418     25.187     9.0408    30.7753  1023.9220    23.8061     9.0382     53.954   101.8912     0.6149      7.903     3.5756     5.1099    155.973    159.686  0.000e+00
   54.93214 -131.17448    123.063     25.418     25.187     9.0429    30.7749  1023.9213    23.8055     9.0403     53.945   101.8632     0.5856      7.903     3.5748     5.1088    155.939    159.652  0.000e+00
   54.93214 -131.17448    123.063     25.418     25.187     9.0447    30.7738  1023.9202    23.8043     9.0421     53.934   101.8352     0.5856      7.903     3.5740     5.1076    155.903    159.614  0.000e+00
   54.93216 -131.17448    123.007     25.361     25.131     9.0467    30.7733  1023.9192    23.8037     9.0441     53.983   101.8352     0.5856      7.903     3.5771     5.1120    156.037    159.752  0.000e+00
   54.93216 -131.17448    123.087     25.418     25.187     9.0489    30.7721  1023.9182    23.8024     9.0464     53.981   101.8352     0.6149      7.903     3.5768     5.1115    156.024    159.738  0.000e+00
   54.93216 -131.17448    123.063     25.418     25.187     9.0502    30.7716  1023.9176    23.8018     9.0477     53.971   101.8352     0.5856      7.903     3.5760     5.1105    155.991    159.704  0.000e+00
   54.93216 -131.17448    123.031     25.361     25.131     9.0504    30.7714  1023.9172    23.8016     9.0479     53.958   101.8352     0.5856      7.903     3.5752     5.1093    155.955    159.667  0.000e+00
   54.93216 -131.17448    123.031     25.361     25.131     9.0507    30.7712  1023.9169    23.8014     9.0481     54.000   101.8352     0.6149      7.903     3.5779     5.1132    156.076    159.791  0.000e+00
   54.93216 -131.17448    123.007     25.361     25.131     9.0509    30.7714  1023.9170    23.8015     9.0484     53.996   101.8352     0.5856      7.903     3.5776     5.1128    156.062    159.777  0.000e+00
   54.93216 -131.17448    123.031     25.361     25.131     9.0520    30.7713  1023.9168    23.8013     9.0495     53.996   101.8352     0.5856      7.903     3.5775     5.1126    156.057    159.772  0.000e+00
   54.93216 -131.17448    123.031     25.361     25.131     9.0537    30.7705  1023.9160    23.8004     9.0511     53.999   101.8352     0.5856      7.903     3.5777     5.1128    156.064    159.778  0.000e+00
   54.93216 -131.17448    123.007     25.361     25.131     9.0553    30.7700  1023.9153    23.7997     9.0528     53.996   101.8352     0.5856      7.903     3.5773     5.1123    156.048    159.762  0.000e+00
   54.93216 -131.17448    122.951     25.305     25.075     9.0570    30.7690  1023.9140    23.7987     9.0544     53.990   101.8352     0.5856      7.903     3.5768     5.1116    156.028    159.741  0.000e+00
   54.93216 -131.17448    123.349     25.361     25.131     9.0576    30.7688  1023.9140    23.7985     9.0550     53.984   101.8352     0.6149      7.903     3.5764     5.1110    156.008    159.720  0.000e+00
   54.93216 -131.17448    123.561     25.305     25.075     9.0578    30.7688  1023.9138    23.7985     9.0552     53.981   101.8352     0.6149      7.903     3.5762     5.1107    155.999    159.712  0.000e+00
   54.93216 -131.17448    123.610     25.305     25.075     9.0583    30.7685  1023.9134    23.7981     9.0557     53.977   101.8352     0.6149      7.903     3.5759     5.1103    155.986    159.698  0.000e+00
   54.93216 -131.17448    123.610     25.305     25.075     9.0589    30.7685  1023.9134    23.7981     9.0564     53.972   101.8352     0.6149      7.903     3.5755     5.1097    155.969    159.681  0.000e+00
   54.93216 -131.17448    123.522     25.240     25.011     9.0601    30.7679  1023.9124    23.7974     9.0575     54.021   101.8352     0.5856      7.903     3.5786     5.1142    156.105    159.820  0.000e+00
   54.93216 -131.17448    123.586     25.305     25.075     9.0604    30.7680  1023.9127    23.7974     9.0578     54.074   101.8352     0.5856      7.903     3.5821     5.1192    156.259    159.978  0.000e+00
   54.93216 -131.17448    123.546     25.240     25.011     9.0611    30.7673  1023.9118    23.7968     9.0585     54.019   101.8352     0.5856      7.903     3.5784     5.1139    156.098    159.813  0.000e+00
   54.93216 -131.17448    123.546     25.240     25.011     9.0615    30.7676  1023.9119    23.7969     9.0590     54.013   101.8632     0.5856      7.903     3.5780     5.1133    156.079    159.793  0.000e+00
   54.93216 -131.17448    123.466     25.184     24.955     9.0627    30.7667  1023.9108    23.7961     9.0602     54.004   101.9751     0.5856      7.903     3.5774     5.1124    156.051    159.765  0.000e+00
   54.93216 -131.17448    123.466     25.184     24.955     9.0632    30.7667  1023.9107    23.7960     9.0606     54.001   102.0030     0.5856      7.903     3.5771     5.1120    156.039    159.752  0.000e+00
   54.93216 -131.17448    123.522     25.240     25.011     9.0640    30.7669  1023.9110    23.7960     9.0615     54.052   102.0030     0.5856      7.903     3.5804     5.1167    156.184    159.900  0.000e+00
   54.93216 -131.17448    123.426     25.119     24.891     9.0658    30.7656  1023.9092    23.7947     9.0633     54.056   102.0030     0.5856      7.903     3.5805     5.1169    156.190    159.907  0.000e+00
   54.93216 -131.17448    123.490     25.184     24.955     9.0673    30.7641  1023.9081    23.7933     9.0647     54.060   102.0030     0.5856      7.903     3.5807     5.1172    156.198    159.914  0.000e+00
   54.93216 -131.17448    123.345     25.062     24.835     9.0685    30.7634  1023.9068    23.7926     9.0659     54.061   102.0030     0.5856      7.903     3.5807     5.1172    156.198    159.914  0.000e+00
   54.93216 -131.17448    123.370     25.062     24.835     9.0695    30.7622  1023.9057    23.7915     9.0670     54.061   102.0030     0.5856      7.903     3.5807     5.1172    156.197    159.913  0.000e+00
   54.93216 -131.17448    123.345     25.062     24.835     9.0708    30.7610  1023.9045    23.7903     9.0683     54.060   102.0030     0.5856      7.903     3.5806     5.1170    156.192    159.908  0.000e+00
   54.93216 -131.17448    123.314     25.006     24.779     9.0715    30.7602  1023.9035    23.7896     9.0690     54.052   102.0030     0.5856      7.903     3.5800     5.1161    156.166    159.881  0.000e+00
   54.93216 -131.17448    123.225     24.941     24.715     9.0738    30.7574  1023.9007    23.7871     9.0713     54.042   102.0030     0.5856      7.903     3.5791     5.1150    156.131    159.845  0.000e+00
   54.93216 -131.17448    123.105     24.820     24.595     9.0772    30.7536  1023.8967    23.7836     9.0747     54.035   102.0030     0.5856      7.903     3.5785     5.1141    156.104    159.817  0.000e+00
   54.93216 -131.17448    123.370     25.062     24.835     9.0792    30.7516  1023.8959    23.7817     9.0767     54.029   102.0030     0.5856      7.903     3.5780     5.1134    156.084    159.795  0.000e+00
   54.93216 -131.17448    123.130     24.820     24.595     9.0812    30.7500  1023.8933    23.7802     9.0786     54.019   102.0030     0.5856      7.903     3.5773     5.1123    156.049    159.760  0.000e+00
   54.93216 -131.17448    123.105     24.820     24.595     9.0819    30.7492  1023.8925    23.7794     9.0793     54.009   102.0030     0.5856      7.903     3.5766     5.1113    156.019    159.730  0.000e+00
   54.93216 -131.17448    123.074     24.763     24.539     9.0825    30.7479  1023.8911    23.7783     9.0800     54.059   102.0030     0.6149      7.903     3.5799     5.1160    156.163    159.877  0.000e+00
   54.93216 -131.17448    123.049     24.763     24.539     9.0837    30.7461  1023.8896    23.7768     9.0812     54.058   102.0030     0.6149      7.903     3.5797     5.1158    156.158    159.871  0.000e+00
   54.93216 -131.17448    122.993     24.707     24.483     9.0856    30.7444  1023.8877    23.7751     9.0831     54.061   102.0030     0.5856      7.903     3.5798     5.1159    156.162    159.875  0.000e+00
   54.93216 -131.17448    122.898     24.586     24.363     9.0871    30.7429  1023.8857    23.7737     9.0846     54.007   102.0030     0.6149      7.903     3.5761     5.1107    156.001    159.710  0.000e+00
   54.93216 -131.17448    122.898     24.586     24.363     9.0858    30.7428  1023.8858    23.7738     9.0833     54.059   102.0030     0.6149      7.903     3.5797     5.1157    156.155    159.867  0.000e+00
   54.93216 -131.17448    122.841     24.529     24.307     9.0841    30.7441  1023.8869    23.7751     9.0816     54.059   101.9751     0.6149      7.903     3.5798     5.1158    156.160    159.872  0.000e+00
   54.93216 -131.17448    122.753     24.464     24.243     9.0827    30.7443  1023.8869    23.7755     9.0802     54.057   101.8352     0.6149      7.903     3.5798     5.1159    156.161    159.873  0.000e+00
   54.93216 -131.17448    122.753     24.464     24.243     9.0819    30.7425  1023.8856    23.7742     9.0794     54.055   101.7793     0.6149      7.903     3.5798     5.1158    156.160    159.872  0.000e+00
   54.93216 -131.17448    122.633     24.343     24.123     9.0806    30.7411  1023.8842    23.7733     9.0781     54.002   101.7793     0.6149      7.903     3.5763     5.1109    156.010    159.719  0.000e+00
   54.93216 -131.17448    122.601     24.287     24.067     9.0790    30.7395  1023.8830    23.7723     9.0766     54.053   101.8073     0.6149      7.903     3.5799     5.1161    156.167    159.879  0.000e+00
   54.93216 -131.17448    122.577     24.287     24.067     9.0782    30.7364  1023.8807    23.7700     9.0757     54.048   101.8073     0.6149      7.903     3.5797     5.1158    156.159    159.871  0.000e+00
   54.93216 -131.17448    122.481     24.166     23.946     9.0782    30.7336  1023.8779    23.7678     9.0758     54.047   101.8073     0.6149      7.903     3.5797     5.1158    156.159    159.870  0.000e+00
   54.93216 -131.17448    122.345     24.052     23.834     9.0782    30.7323  1023.8764    23.7668     9.0758     54.101   101.8073     0.6149      7.903     3.5833     5.1209    156.315    160.031  0.000e+00
   54.93216 -131.17448    122.345     24.052     23.834     9.0772    30.7318  1023.8761    23.7665     9.0748     54.098   101.7793     0.6149      7.903     3.5832     5.1208    156.312    160.027  0.000e+00
   54.93216 -131.17448    122.305     23.988     23.770     9.0769    30.7301  1023.8746    23.7653     9.0745     54.094   101.7793     0.6442      7.907     3.5830     5.1205    156.302    160.017  0.000e+00
   54.93216 -131.17448    122.305     23.988     23.770     9.0788    30.7263  1023.8713    23.7620     9.0764     54.088   101.7793     0.6149      7.903     3.5826     5.1198    156.284    159.997  0.000e+00
   54.93216 -131.17448    122.225     23.931     23.714     9.0823    30.7218  1023.8670    23.7580     9.0799     54.081   101.8073     0.6149      7.907     3.5819     5.1189    156.254    159.967  0.000e+00
   54.93216 -131.17448    122.185     23.867     23.650     9.0859    30.7173  1023.8626    23.7539     9.0835     54.077   101.8073     0.6149      7.907     3.5815     5.1183    156.238    159.949  0.000e+00
   54.93216 -131.17448    122.129     23.810     23.594     9.0908    30.7120  1023.8575    23.7490     9.0884     54.073   101.8073     0.6442      7.907     3.5809     5.1175    156.214    159.924  0.000e+00
   54.93216 -131.17448    121.340     23.753     23.538     9.0943    30.7081  1023.8537    23.7454     9.0918     54.067   101.7793     0.6149      7.903     3.5804     5.1167    156.191    159.899  0.000e+00
   54.93216 -131.17448     96.002     23.689     23.474     9.0980    30.7042  1023.8497    23.7418     9.0956     54.061   101.8073     0.6149      7.907     3.5797     5.1158    156.162    159.870  0.000e+00
   54.93216 -131.17448     80.097     23.632     23.418     9.0979    30.7049  1023.8500    23.7424     9.0955     54.059   101.8073     0.6149      7.907     3.5796     5.1156    156.158    159.865  0.000e+00
   54.93216 -131.17448     77.826     23.632     23.418     9.0984    30.7043  1023.8495    23.7418     9.0960     54.057   101.8073     0.6149      7.907     3.5794     5.1154    156.150    159.858  0.000e+00
   54.93216 -131.17448     78.756     23.511     23.298     9.1016    30.6993  1023.8445    23.7374     9.0992     54.053   101.7793     0.6149      7.907     3.5790     5.1148    156.133    159.839  0.000e+00
   54.93216 -131.17448     79.359     23.455     23.242     9.1056    30.6950  1023.8403    23.7334     9.1032     54.048   101.7793     0.6149      7.907     3.5785     5.1140    156.110    159.815  0.000e+00
   54.93216 -131.17448     79.488     23.511     23.298     9.1072    30.6930  1023.8388    23.7317     9.1048     54.099   101.7793     0.5856      7.907     3.5818     5.1187    156.253    159.962  0.000e+00
   54.93216 -131.17448     79.344     23.390     23.178     9.1080    30.6913  1023.8368    23.7302     9.1056     54.097   101.7793     0.5856      7.907     3.5816     5.1185    156.248    159.956  0.000e+00
   54.93216 -131.17448     79.264     23.333     23.122     9.1084    30.6909  1023.8361    23.7298     9.1060     54.095   101.7793     0.5856      7.907     3.5815     5.1183    156.242    159.949  0.000e+00
   54.93216 -131.17448     79.295     23.390     23.178     9.1080    30.6908  1023.8364    23.7298     9.1056     54.093   101.7793     0.5856      7.907     3.5814     5.1181    156.236    159.943  0.000e+00
   54.93216 -131.17448     79.183     23.277     23.066     9.1082    30.6873  1023.8331    23.7270     9.1059     54.088   101.7793     0.5856      7.907     3.5811     5.1178    156.225    159.932  0.000e+00
   54.93216 -131.17448     79.207     23.277     23.066     9.1092    30.6837  1023.8301    23.7241     9.1068     54.083   101.7793     0.6149      7.907     3.5808     5.1173    156.211    159.917  0.000e+00
   54.93216 -131.17448     79.119     23.212     23.002     9.1102    30.6824  1023.8287    23.7229     9.1078     54.082   101.7793     0.5856      7.907     3.5806     5.1171    156.206    159.911  0.000e+00
   54.93216 -131.17448     79.143     23.212     23.002     9.1100    30.6827  1023.8289    23.7232     9.1077     54.086   101.7793     0.5856      7.907     3.5809     5.1175    156.219    159.925  0.000e+00
   54.93216 -131.17448     79.087     23.156     22.946     9.1100    30.6831  1023.8289    23.7234     9.1077     54.084   101.7793     0.5856      7.907     3.5808     5.1173    156.211    159.917  0.000e+00
   54.93216 -131.17448     79.063     23.156     22.946     9.1095    30.6843  1023.8300    23.7245     9.1072     54.136   101.7793     0.5856      7.907     3.5843     5.1223    156.364    160.073  0.000e+00
   54.93216 -131.17448     84.631     23.131     22.922     9.1091    30.6858  1023.8311    23.7258     9.1067     54.138   101.7793     0.6149      7.907     3.5844     5.1224    156.367    160.077  0.000e+00
   54.93216 -131.17448    110.982     23.034     22.826     9.1082    30.6873  1023.8320    23.7271     9.1059     54.082   101.7793     0.5856      7.907     3.5807     5.1171    156.207    159.913  0.000e+00
   54.93216 -131.17448    122.271     23.091     22.882     9.1088    30.6856  1023.8308    23.7256     9.1065     54.137   101.7793     0.5856      7.907     3.5843     5.1224    156.367    160.077  0.000e+00
