EcoFOCI/data/1_SampleCollection/2022_GOA-OA_CruiseData/CTD_raw_BottleFile_RC0083/RC0083_052.ros
* Sea-Bird SBE 9 Data File:
* FileName = C:\Data\RC0083ctd\RC0083_052.hex
* Software Version Seasave V 7.26.7.107
* Temperature SN = 2060
* Conductivity SN = 1084
* Number of Bytes Per Scan = 31
* Number of Voltage Words = 4
* Number of Scans Averaged by the Deck Unit = 1
* NMEA Latitude = 58 16.24 N
* NMEA Longitude = 136 52.33 W
* NMEA UTC (Time) = Aug 19 2022  10:19:54
* NMEA baud rate = 4800
** Ship: R/V Rachel Carson
** Cruise ID: RC0083
** Tech: McHugh/Nomura
** Chief Scientist: Cross
** Station: SEM-2.5
** Cast:  CTD052
# nquan = 21
# nvalues = 245                                   
# units = specified
# name 0 = latitude: Latitude [deg]
# name 1 = longitude: Longitude [deg]
# name 2 = sfdSM: Seafloor depth [salt water, m]
# name 3 = prDM: Pressure, Digiquartz [db]
# name 4 = depSM: Depth [salt water, m]
# name 5 = t090C: Temperature [ITS-90, deg C]
# name 6 = sal00: Salinity, Practical [PSU]
# name 7 = density00: Density [density, kg/m^3]
# name 8 = sigma-é00: Density [sigma-theta, kg/m^3]
# name 9 = potemp090C: Potential Temperature [ITS-90, deg C]
# name 10 = sbeox0PS: Oxygen, SBE 43 [% saturation]
# name 11 = CStarTr0: Beam Transmission, WET Labs C-Star [%]
# name 12 = flECO-AFL: Fluorescence, WET Labs ECO-AFL/FL [mg/m^3]
# name 13 = ph: pH
# name 14 = sbeox0ML/L: Oxygen, SBE 43 [ml/l]
# name 15 = sbeox0Mg/L: Oxygen, SBE 43 [mg/l]
# name 16 = sbox0Mm/Kg: Oxygen, SBE 43 [umol/kg]
# name 17 = sbeox0Mm/L: Oxygen, SBE 43 [umol/l]
# name 18 = scan: Scan Count
# name 19 = nbf: Bottles Fired
# name 20 = flag:  0.000e+00
# interval = seconds: 0.0416667
# start_time = Aug 19 2022 10:19:54 [NMEA time, header]
# bad_flag = -9.990e-29
*END*
[from data line 69]
   58.27128 -136.87076     71.171     51.287     50.804     8.3784    31.3708  1024.6054    24.3712     8.3734     64.527    91.2070     0.4683      7.962     4.3234     6.1786    188.491    193.084       5104          2  0.000e+00
   58.27128 -136.87076     71.411     51.529     51.044     8.3782    31.3710  1024.6067    24.3714     8.3731     64.538    91.2070     0.4683      7.962     4.3242     6.1797    188.524    193.119       5105          2  0.000e+00
   58.27128 -136.87076     71.347     51.465     50.980     8.3782    31.3715  1024.6067    24.3717     8.3732     64.547    91.2070     0.4683      7.962     4.3248     6.1805    188.549    193.144       5106          2  0.000e+00
   58.27128 -136.87074     71.411     51.529     51.044     8.3786    31.3714  1024.6069    24.3716     8.3736     64.556    91.2070     0.4683      7.962     4.3254     6.1814    188.576    193.172       5107          2  0.000e+00
   58.27128 -136.87074     71.467     51.586     51.100     8.3789    31.3708  1024.6067    24.3711     8.3739     64.566    91.2070     0.4683      7.962     4.3260     6.1823    188.604    193.200       5108          2  0.000e+00
   58.27128 -136.87074     71.467     51.586     51.100     8.3789    31.3711  1024.6069    24.3713     8.3739     64.575    91.2070     0.4683      7.962     4.3266     6.1832    188.630    193.228       5109          2  0.000e+00
   58.27128 -136.87074     71.523     51.643     51.156     8.3793    31.3706  1024.6067    24.3709     8.3742     64.585    91.1790     0.4683      7.962     4.3273     6.1841    188.658    193.256       5110          2  0.000e+00
   58.27128 -136.87074     71.531     51.651     51.164     8.3791    31.3705  1024.6067    24.3709     8.3740     64.594    91.2070     0.4683      7.962     4.3279     6.1850    188.686    193.285       5111          2  0.000e+00
   58.27128 -136.87074     71.674     51.820     51.333     8.3789    31.3714  1024.6082    24.3716     8.3739     64.605    91.2070     0.4683      7.962     4.3286     6.1860    188.717    193.316       5112          2  0.000e+00
   58.27128 -136.87074     71.714     51.885     51.397     8.3794    31.3708  1024.6079    24.3710     8.3743     64.615    91.2070     0.4683      7.962     4.3292     6.1869    188.744    193.344       5113          2  0.000e+00
   58.27128 -136.87074     71.594     51.764     51.277     8.3796    31.3707  1024.6073    24.3709     8.3746     64.623    91.2070     0.4683      7.962     4.3298     6.1877    188.767    193.368       5114          2  0.000e+00
   58.27128 -136.87074     71.770     51.942     51.453     8.3792    31.3711  1024.6085    24.3713     8.3741     64.634    91.2070     0.4683      7.962     4.3305     6.1887    188.800    193.401       5115          2  0.000e+00
   58.27128 -136.87074     71.690     51.885     51.397     8.3789    31.3707  1024.6080    24.3711     8.3739     64.698    91.2070     0.4683      7.962     4.3349     6.1949    188.989    193.594       5116          2  0.000e+00
   58.27128 -136.87074     71.761     52.006     51.517     8.3791    31.3714  1024.6090    24.3715     8.3740     64.707    91.2070     0.4683      7.962     4.3355     6.1958    189.015    193.622       5117          2  0.000e+00
   58.27128 -136.87074     71.793     52.063     51.573     8.3794    31.3708  1024.6087    24.3710     8.3743     64.716    91.2070     0.4683      7.962     4.3360     6.1966    189.040    193.647       5118          2  0.000e+00
   58.27128 -136.87074     71.793     52.063     51.573     8.3791    31.3707  1024.6088    24.3710     8.3740     64.731    91.2070     0.4683      7.962     4.3370     6.1981    189.084    193.692       5119          2  0.000e+00
   58.27128 -136.87074     71.849     52.119     51.629     8.3789    31.3709  1024.6092    24.3712     8.3738     64.739    91.2070     0.4683      7.962     4.3376     6.1988    189.107    193.716       5120          2  0.000e+00
   58.27128 -136.87074     71.864     52.184     51.693     8.3791    31.3708  1024.6093    24.3711     8.3740     64.690    91.2070     0.4390      7.962     4.3343     6.1942    188.966    193.571       5121          2  0.000e+00
   58.27128 -136.87074     71.871     52.241     51.749     8.3789    31.3711  1024.6099    24.3714     8.3738     64.690    91.2070     0.4390      7.962     4.3343     6.1942    188.966    193.572       5122          2  0.000e+00
   58.27128 -136.87074     72.023     52.418     51.925     8.3786    31.3714  1024.6110    24.3716     8.3735     64.691    91.2070     0.4390      7.962     4.3344     6.1943    188.969    193.574       5123          2  0.000e+00
   58.27128 -136.87074     71.847     52.241     51.749     8.3792    31.3713  1024.6100    24.3715     8.3741     64.688    91.2070     0.4390      7.962     4.3342     6.1940    188.959    193.564       5124          2  0.000e+00
   58.27128 -136.87074     72.087     52.483     51.989     8.3799    31.3708  1024.6106    24.3709     8.3748     64.737    91.2070     0.4390      7.962     4.3374     6.1985    189.098    193.707       5125          2  0.000e+00
   58.27128 -136.87074     71.974     52.418     51.925     8.3800    31.3709  1024.6104    24.3710     8.3749     64.741    91.2070     0.4390      7.962     4.3376     6.1989    189.109    193.718       5126          2  0.000e+00
   58.27128 -136.87074     72.045     52.540     52.045     8.3804    31.3704  1024.6105    24.3706     8.3752     64.746    91.2070     0.4390      7.957     4.3379     6.1993    189.123    193.732       5127          2  0.000e+00
   58.27128 -136.87074     71.901     52.418     51.925     8.3807    31.3702  1024.6097    24.3704     8.3756     64.741    91.2070     0.4390      7.962     4.3376     6.1988    189.108    193.717       5128          2  0.000e+00
   58.27128 -136.87074     72.021     52.540     52.045     8.3818    31.3699  1024.6099    24.3700     8.3767     64.737    91.2070     0.4390      7.962     4.3372     6.1983    189.093    193.701       5129          2  0.000e+00
   58.27128 -136.87074     71.965     52.483     51.989     8.3832    31.3694  1024.6090    24.3694     8.3780     64.738    91.2070     0.4390      7.962     4.3372     6.1983    189.091    193.699       5130          2  0.000e+00
   58.27128 -136.87074     72.003     52.596     52.101     8.3842    31.3689  1024.6090    24.3689     8.3791     64.733    91.2070     0.4390      7.962     4.3368     6.1977    189.072    193.679       5131          2  0.000e+00
   58.27128 -136.87074     71.963     52.604     52.109     8.3845    31.3686  1024.6088    24.3686     8.3793     64.733    91.2629     0.4390      7.962     4.3368     6.1977    189.072    193.680       5132          2  0.000e+00
   58.27140 -136.87042     70.132     26.103     25.859     9.2515    30.9935  1024.0632    23.9444     9.2488     76.478    89.7806     1.0837      8.016     5.0374     7.1990    219.712    224.972       6769          3  0.000e+00
   58.27140 -136.87042     70.239     26.038     25.795     9.2518    30.9933  1024.0627    23.9442     9.2491     76.476    89.8365     1.0837      8.016     5.0373     7.1988    219.705    224.966       6770          3  0.000e+00
   58.27140 -136.87042     70.327     26.103     25.859     9.2532    30.9927  1024.0623    23.9435     9.2505     76.475    89.8645     1.0837      8.016     5.0371     7.1985    219.697    224.957       6771          3  0.000e+00
   58.27140 -136.87042     70.303     26.103     25.859     9.2532    30.9931  1024.0626    23.9438     9.2505     76.474    89.8645     1.0837      8.016     5.0370     7.1984    219.692    224.952       6772          3  0.000e+00
   58.27140 -136.87042     70.415     26.216     25.971     9.2537    30.9923  1024.0624    23.9431     9.2509     76.473    89.8645     1.0544      8.016     5.0369     7.1982    219.688    224.948       6773          3  0.000e+00
   58.27140 -136.87042     70.359     26.159     25.915     9.2538    30.9922  1024.0621    23.9431     9.2511     76.470    89.8645     1.0837      8.016     5.0367     7.1980    219.680    224.939       6774          3  0.000e+00
   58.27140 -136.87042     70.479     26.280     26.035     9.2535    30.9924  1024.0628    23.9432     9.2507     76.469    89.8645     1.0837      8.016     5.0367     7.1979    219.678    224.937       6775          3  0.000e+00
   58.27140 -136.87042     70.479     26.280     26.035     9.2532    30.9925  1024.0630    23.9434     9.2505     76.466    89.8645     1.0837      8.016     5.0365     7.1977    219.671    224.930       6776          3  0.000e+00
   58.27140 -136.87042     70.535     26.337     26.091     9.2524    30.9934  1024.0641    23.9442     9.2496     76.464    89.8645     1.0837      8.012     5.0364     7.1975    219.667    224.926       6777          3  0.000e+00
   58.27140 -136.87042     70.535     26.337     26.091     9.2515    30.9937  1024.0644    23.9445     9.2487     76.460    89.8645     1.0837      8.016     5.0363     7.1974    219.661    224.921       6778          3  0.000e+00
   58.27140 -136.87042     70.680     26.458     26.211     9.2514    30.9935  1024.0648    23.9444     9.2487     76.458    89.8645     1.0837      8.016     5.0362     7.1972    219.655    224.915       6779          3  0.000e+00
   58.27140 -136.87042     70.680     26.458     26.211     9.2505    30.9937  1024.0651    23.9447     9.2478     76.454    89.8645     1.0837      8.016     5.0360     7.1969    219.648    224.908       6780          3  0.000e+00
   58.27140 -136.87042     70.680     26.458     26.211     9.2499    30.9946  1024.0659    23.9455     9.2471     76.450    89.8645     1.0544      8.016     5.0358     7.1966    219.638    224.898       6781          3  0.000e+00
   58.27140 -136.87042     70.800     26.579     26.331     9.2493    30.9945  1024.0665    23.9455     9.2465     76.447    89.8645     1.0544      8.016     5.0356     7.1964    219.632    224.892       6782          3  0.000e+00
   58.27140 -136.87042     70.751     26.579     26.331     9.2493    30.9944  1024.0664    23.9454     9.2466     76.442    89.8645     1.0837      8.016     5.0353     7.1960    219.619    224.878       6783          3  0.000e+00
   58.27140 -136.87042     70.702     26.579     26.331     9.2491    30.9946  1024.0666    23.9456     9.2464     76.438    89.8645     1.0837      8.016     5.0350     7.1955    219.605    224.864       6784          3  0.000e+00
   58.27140 -136.87042     70.758     26.636     26.387     9.2487    30.9941  1024.0665    23.9453     9.2460     76.433    89.8645     1.0837      8.016     5.0348     7.1952    219.595    224.853       6785          3  0.000e+00
   58.27140 -136.87042     70.838     26.717     26.467     9.2481    30.9941  1024.0670    23.9454     9.2453     76.428    89.8645     1.0837      8.016     5.0345     7.1949    219.584    224.842       6786          3  0.000e+00
   58.27140 -136.87042     70.854     26.757     26.507     9.2481    30.9952  1024.0681    23.9463     9.2453     76.430    89.8645     1.0837      8.012     5.0346     7.1949    219.587    224.845       6787          3  0.000e+00
   58.27140 -136.87042     70.609     26.757     26.507     9.2480    30.9959  1024.0686    23.9469     9.2453     76.431    89.8645     1.0837      8.012     5.0347     7.1950    219.589    224.848       6788          3  0.000e+00
   58.27140 -136.87042     70.463     26.757     26.507     9.2480    30.9957  1024.0684    23.9467     9.2452     76.377    89.8645     1.0837      8.012     5.0311     7.1900    219.436    224.691       6789          3  0.000e+00
   58.27140 -136.87042     70.583     26.878     26.627     9.2475    30.9960  1024.0693    23.9470     9.2448     76.373    89.8365     1.0544      8.016     5.0309     7.1897    219.426    224.681       6790          3  0.000e+00
   58.27140 -136.87042     70.583     26.878     26.627     9.2475    30.9962  1024.0694    23.9471     9.2447     76.423    89.8365     1.0837      8.016     5.0342     7.1944    219.569    224.827       6791          3  0.000e+00
   58.27140 -136.87042     70.583     26.878     26.627     9.2475    30.9964  1024.0696    23.9473     9.2447     76.425    89.8365     1.0837      8.016     5.0343     7.1945    219.574    224.832       6792          3  0.000e+00
   58.27140 -136.87042     70.583     26.878     26.627     9.2471    30.9970  1024.0701    23.9478     9.2443     76.426    89.8365     1.0837      8.012     5.0344     7.1947    219.580    224.838       6793          3  0.000e+00
   58.27140 -136.87042     70.695     26.991     26.739     9.2463    30.9977  1024.0713    23.9485     9.2435     76.429    89.8365     1.0837      8.012     5.0347     7.1951    219.590    224.849       6794          3  0.000e+00
   58.27140 -136.87042     70.639     26.935     26.683     9.2467    30.9972  1024.0706    23.9480     9.2439     76.430    89.8365     1.0837      8.012     5.0347     7.1951    219.592    224.851       6795          3  0.000e+00
   58.27140 -136.87042     70.695     26.991     26.739     9.2469    30.9973  1024.0709    23.9481     9.2441     76.432    89.8365     1.0837      8.012     5.0349     7.1953    219.597    224.856       6796          3  0.000e+00
   58.27140 -136.87042     70.524     26.991     26.739     9.2470    30.9971  1024.0708    23.9480     9.2442     76.427    89.8365     1.0837      8.012     5.0345     7.1948    219.582    224.841       6797          3  0.000e+00
   58.27140 -136.87042     70.246     27.056     26.803     9.2469    30.9972  1024.0711    23.9480     9.2441     76.368    89.8365     1.0837      8.012     5.0306     7.1892    219.412    224.666       6798          3  0.000e+00
   58.27140 -136.87042     70.124     27.056     26.803     9.2460    30.9981  1024.0719    23.9488     9.2432     76.356    89.8365     1.0837      8.012     5.0299     7.1882    219.380    224.634       6799          3  0.000e+00
   58.27140 -136.87042     70.148     27.056     26.803     9.2449    30.9993  1024.0731    23.9500     9.2421     76.351    89.8365     1.0837      8.012     5.0296     7.1878    219.369    224.623       6800          3  0.000e+00
   58.27140 -136.87042     70.229     27.112     26.859     9.2441    30.9998  1024.0739    23.9505     9.2413     76.339    89.8365     1.0837      8.016     5.0289     7.1869    219.339    224.593       6801          3  0.000e+00
   58.27140 -136.87042     69.953     27.056     26.803     9.2439    31.0000  1024.0738    23.9507     9.2411     76.334    89.8365     1.0837      8.012     5.0286     7.1864    219.324    224.577       6802          3  0.000e+00
   58.27140 -136.87042     69.765     27.112     26.859     9.2438    30.9997  1024.0738    23.9504     9.2410     76.330    89.8365     1.0544      8.016     5.0284     7.1860    219.314    224.566       6803          3  0.000e+00
   58.27140 -136.87042     69.716     27.112     26.859     9.2434    31.0000  1024.0742    23.9508     9.2406     76.325    89.8365     1.0837      8.012     5.0281     7.1857    219.302    224.555       6804          3  0.000e+00
   58.27140 -136.87042     69.716     27.112     26.859     9.2429    31.0005  1024.0746    23.9512     9.2401     76.321    89.8365     1.0837      8.012     5.0279     7.1853    219.292    224.545       6805          3  0.000e+00
   58.27140 -136.87042     69.804     27.177     26.923     9.2429    31.0006  1024.0749    23.9513     9.2401     76.318    89.8365     1.0837      8.012     5.0277     7.1850    219.283    224.535       6806          3  0.000e+00
   58.27140 -136.87042     69.521     27.112     26.859     9.2424    31.0012  1024.0752    23.9518     9.2396     76.314    89.8365     1.0837      8.012     5.0274     7.1847    219.273    224.525       6807          3  0.000e+00
