EcoFOCI/data/1_SampleCollection/2022_GOA-OA_CruiseData/CTD_raw_BottleFile_RC0083/RC0083_025.ros
* Sea-Bird SBE 9 Data File:
* FileName = C:\Data\RC0083ctd\RC0083_025.hex
* Software Version Seasave V 7.26.7.107
* Temperature SN = 2060
* Conductivity SN = 1084
* Number of Bytes Per Scan = 31
* Number of Voltage Words = 4
* Number of Scans Averaged by the Deck Unit = 1
* NMEA Latitude = 56 31.10 N
* NMEA Longitude = 136 15.19 W
* NMEA UTC (Time) = Aug 15 2022  00:24:06
* NMEA baud rate = 4800
** Ship: R/V Rachel Carson
** Cruise ID: RC0083
** Tech: McHugh/Nomura
** Chief Scientist: Cross
** Station: SEC05
** Cast:  CTD025
# nquan = 21
# nvalues = 588                                   
# units = specified
# name 0 = latitude: Latitude [deg]
# name 1 = longitude: Longitude [deg]
# name 2 = sfdSM: Seafloor depth [salt water, m]
# name 3 = prDM: Pressure, Digiquartz [db]
# name 4 = depSM: Depth [salt water, m]
# name 5 = t090C: Temperature [ITS-90, deg C]
# name 6 = sal00: Salinity, Practical [PSU]
# name 7 = density00: Density [density, kg/m^3]
# name 8 = sigma-é00: Density [sigma-theta, kg/m^3]
# name 9 = potemp090C: Potential Temperature [ITS-90, deg C]
# name 10 = sbeox0PS: Oxygen, SBE 43 [% saturation]
# name 11 = CStarTr0: Beam Transmission, WET Labs C-Star [%]
# name 12 = flECO-AFL: Fluorescence, WET Labs ECO-AFL/FL [mg/m^3]
# name 13 = ph: pH
# name 14 = sbeox0ML/L: Oxygen, SBE 43 [ml/l]
# name 15 = sbeox0Mg/L: Oxygen, SBE 43 [mg/l]
# name 16 = sbox0Mm/Kg: Oxygen, SBE 43 [umol/kg]
# name 17 = sbeox0Mm/L: Oxygen, SBE 43 [umol/l]
# name 18 = scan: Scan Count
# name 19 = nbf: Bottles Fired
# name 20 = flag:  0.000e+00
# interval = seconds: 0.0416667
# start_time = Aug 15 2022 00:24:06 [NMEA time, header]
# bad_flag = -9.990e-29
*END*
[from data line 276]
   56.52100 -136.26658    297.966    201.271    199.333     5.9468    33.7883  1027.5295    26.6039     5.9299     33.776   106.6739    -0.0884      7.768     2.3553     3.3660    102.462    105.188      86929          6  0.000e+00
   56.52100 -136.26658    298.094    201.401    199.462     5.9468    33.7884  1027.5301    26.6040     5.9299     33.777   106.6739    -0.0884      7.768     2.3553     3.3660    102.464    105.190      86930          6  0.000e+00
   56.52100 -136.26658    298.022    201.328    199.390     5.9464    33.7890  1027.5303    26.6045     5.9296     33.777   106.6459    -0.0884      7.768     2.3553     3.3660    102.463    105.189      86931          6  0.000e+00
   56.52100 -136.26658    298.094    201.401    199.462     5.9466    33.7883  1027.5301    26.6039     5.9298     33.777   106.6739    -0.0884      7.768     2.3554     3.3660    102.464    105.190      86932          6  0.000e+00
   56.52100 -136.26658    298.078    201.384    199.446     5.9468    33.7878  1027.5297    26.6035     5.9299     33.777   106.6739    -0.0884      7.768     2.3553     3.3660    102.464    105.190      86933          6  0.000e+00
   56.52100 -136.26658    298.215    201.522    199.582     5.9466    33.7883  1027.5306    26.6039     5.9298     33.720   106.6739    -0.0884      7.768     2.3514     3.3603    102.290    105.012      86934          6  0.000e+00
   56.52100 -136.26658    298.038    201.344    199.406     5.9464    33.7892  1027.5306    26.6047     5.9296     33.711   106.6739    -0.0884      7.768     2.3508     3.3595    102.264    104.985      86935          6  0.000e+00
   56.52100 -136.26658    298.263    201.571    199.630     5.9464    33.7883  1027.5309    26.6040     5.9296     33.762   106.6739    -0.0884      7.768     2.3543     3.3646    102.420    105.145      86936          6  0.000e+00
   56.52100 -136.26658    298.158    201.466    199.526     5.9464    33.7883  1027.5304    26.6039     5.9296     33.763   106.6459    -0.0884      7.768     2.3544     3.3646    102.421    105.146      86937          6  0.000e+00
   56.52100 -136.26658    298.319    201.628    199.686     5.9463    33.7886  1027.5315    26.6042     5.9294     33.764   106.6459    -0.0884      7.768     2.3545     3.3648    102.425    105.150      86938          6  0.000e+00
   56.52100 -136.26658    298.335    201.644    199.703     5.9463    33.7883  1027.5313    26.6040     5.9294     33.765   106.6459    -0.0884      7.768     2.3545     3.3648    102.428    105.153      86939          6  0.000e+00
   56.52100 -136.26658    298.199    201.506    199.566     5.9458    33.7887  1027.5310    26.6044     5.9289     33.765   106.6459    -0.0884      7.768     2.3545     3.3649    102.429    105.154      86940          6  0.000e+00
   56.52100 -136.26658    298.511    201.822    199.879     5.9458    33.7888  1027.5325    26.6044     5.9289     33.767   106.6459    -0.0884      7.768     2.3547     3.3651    102.435    105.160      86941          6  0.000e+00
   56.52100 -136.26658    298.375    201.684    199.743     5.9456    33.7888  1027.5320    26.6045     5.9288     33.767   106.6459    -0.0884      7.768     2.3547     3.3651    102.436    105.161      86942          6  0.000e+00
   56.52100 -136.26658    298.455    201.765    199.823     5.9455    33.7889  1027.5324    26.6045     5.9286     33.768   106.6459    -0.0884      7.768     2.3548     3.3652    102.439    105.165      86943          6  0.000e+00
   56.52100 -136.26658    298.375    201.684    199.743     5.9455    33.7887  1027.5319    26.6044     5.9286     33.768   106.6459    -0.0884      7.768     2.3548     3.3653    102.440    105.166      86944          6  0.000e+00
   56.52100 -136.26658    298.576    201.887    199.943     5.9453    33.7889  1027.5330    26.6045     5.9285     33.770   106.6459    -0.1177      7.768     2.3549     3.3654    102.445    105.171      86945          6  0.000e+00
   56.52100 -136.26658    298.560    201.871    199.927     5.9452    33.7891  1027.5331    26.6047     5.9283     33.771   106.6459    -0.0884      7.768     2.3550     3.3655    102.448    105.173      86946          6  0.000e+00
   56.52112 -136.26694    249.077    151.888    150.444     6.2810    33.6172  1027.1239    26.4261     6.2680     43.231   106.9815    -0.0884      7.825     2.9946     4.2795    130.294    133.737      89416          7  0.000e+00
   56.52112 -136.26694    249.261    152.075    150.629     6.2809    33.6171  1027.1248    26.4261     6.2679     43.233   106.9535    -0.0884      7.825     2.9947     4.2797    130.300    133.743      89417          7  0.000e+00
   56.52112 -136.26694    248.900    151.710    150.268     6.2809    33.6172  1027.1231    26.4261     6.2679     43.231   106.9815    -0.0884      7.825     2.9946     4.2796    130.295    133.738      89418          7  0.000e+00
   56.52112 -136.26694    249.261    152.075    150.629     6.2810    33.6172  1027.1248    26.4261     6.2680     43.233   106.9535    -0.0884      7.825     2.9947     4.2797    130.300    133.744      89419          7  0.000e+00
   56.52112 -136.26694    249.077    151.888    150.444     6.2807    33.6173  1027.1241    26.4263     6.2677     43.240   106.9815    -0.0884      7.825     2.9952     4.2805    130.322    133.766      89420          7  0.000e+00
   56.52112 -136.26694    249.021    151.832    150.388     6.2809    33.6168  1027.1234    26.4259     6.2679     43.247   106.9815    -0.0884      7.825     2.9957     4.2812    130.345    133.789      89421          7  0.000e+00
   56.52112 -136.26694    249.133    151.945    150.500     6.2807    33.6172  1027.1243    26.4262     6.2677     43.256   106.9815    -0.0884      7.825     2.9963     4.2821    130.371    133.816      89422          7  0.000e+00
   56.52112 -136.26694    249.021    151.832    150.388     6.2807    33.6176  1027.1240    26.4265     6.2677     43.263   106.9815    -0.0884      7.825     2.9968     4.2828    130.393    133.839      89423          7  0.000e+00
   56.52112 -136.26694    249.133    151.945    150.500     6.2809    33.6168  1027.1239    26.4258     6.2679     43.272   106.9815    -0.0884      7.825     2.9974     4.2836    130.419    133.865      89424          7  0.000e+00
   56.52112 -136.26694    248.965    151.775    150.332     6.2809    33.6174  1027.1236    26.4263     6.2679     43.271   106.9815    -0.0884      7.825     2.9973     4.2835    130.414    133.861      89425          7  0.000e+00
   56.52112 -136.26694    249.077    151.888    150.444     6.2809    33.6170  1027.1238    26.4260     6.2679     43.271   106.9815    -0.0884      7.825     2.9973     4.2835    130.415    133.861      89426          7  0.000e+00
   56.52112 -136.26694    249.021    151.832    150.388     6.2807    33.6173  1027.1238    26.4263     6.2677     43.269   106.9815    -0.0884      7.825     2.9973     4.2834    130.411    133.857      89427          7  0.000e+00
   56.52112 -136.26694    249.133    151.945    150.500     6.2809    33.6174  1027.1244    26.4263     6.2679     43.269   106.9815    -0.0884      7.825     2.9972     4.2833    130.408    133.854      89428          7  0.000e+00
   56.52112 -136.26694    248.965    151.775    150.332     6.2807    33.6176  1027.1238    26.4265     6.2677     43.266   106.9815    -0.0884      7.825     2.9970     4.2830    130.401    133.847      89429          7  0.000e+00
   56.52112 -136.26694    249.077    151.889    150.444     6.2807    33.6172  1027.1240    26.4262     6.2677     43.265   106.9815    -0.0884      7.825     2.9969     4.2829    130.397    133.843      89430          7  0.000e+00
   56.52112 -136.26694    249.021    151.832    150.388     6.2809    33.6171  1027.1236    26.4260     6.2679     43.270   106.9815    -0.0884      7.825     2.9973     4.2835    130.413    133.860      89431          7  0.000e+00
   56.52112 -136.26694    248.957    151.767    150.324     6.2809    33.6172  1027.1234    26.4262     6.2679     43.268   106.9815    -0.0884      7.825     2.9971     4.2832    130.405    133.851      89432          7  0.000e+00
   56.52112 -136.26694    249.085    151.897    150.452     6.2810    33.6175  1027.1242    26.4264     6.2680     43.274   106.9815    -0.0884      7.825     2.9975     4.2838    130.424    133.870      89433          7  0.000e+00
   56.52112 -136.26694    249.013    151.824    150.380     6.2810    33.6169  1027.1234    26.4259     6.2680     43.279   106.9815    -0.1177      7.825     2.9979     4.2843    130.440    133.887      89434          7  0.000e+00
   56.52112 -136.26694    249.205    152.018    150.573     6.2807    33.6168  1027.1243    26.4259     6.2677     43.286   106.9815    -0.0884      7.825     2.9984     4.2850    130.461    133.909      89435          7  0.000e+00
   56.52112 -136.26694    249.077    151.889    150.445     6.2809    33.6164  1027.1234    26.4256     6.2679     43.291   106.9815    -0.0884      7.825     2.9987     4.2855    130.476    133.924      89436          7  0.000e+00
   56.52112 -136.26694    248.965    151.775    150.332     6.2809    33.6167  1027.1231    26.4258     6.2679     43.296   106.9815    -0.0884      7.825     2.9991     4.2860    130.491    133.939      89437          7  0.000e+00
   56.52112 -136.26694    249.133    151.945    150.501     6.2809    33.6169  1027.1240    26.4259     6.2679     43.294   106.9815    -0.0884      7.825     2.9990     4.2858    130.485    133.934      89438          7  0.000e+00
   56.52112 -136.26694    249.085    151.897    150.453     6.2812    33.6167  1027.1236    26.4258     6.2682     43.291   106.9815    -0.0884      7.825     2.9987     4.2855    130.475    133.923      89439          7  0.000e+00
   56.52112 -136.26694    249.013    151.824    150.380     6.2809    33.6168  1027.1233    26.4258     6.2679     43.295   106.9815    -0.0884      7.825     2.9991     4.2859    130.489    133.938      89440          7  0.000e+00
   56.52112 -136.26694    249.133    151.945    150.501     6.2809    33.6166  1027.1238    26.4257     6.2679     43.293   106.9815    -0.0884      7.825     2.9989     4.2857    130.482    133.930      89441          7  0.000e+00
   56.52112 -136.26694    249.141    151.954    150.509     6.2809    33.6169  1027.1241    26.4259     6.2679     43.289   106.9535    -0.0884      7.825     2.9986     4.2853    130.470    133.918      89442          7  0.000e+00
   56.52112 -136.26694    249.189    152.002    150.557     6.2807    33.6169  1027.1243    26.4259     6.2677     43.285   106.9815    -0.0884      7.825     2.9984     4.2850    130.460    133.908      89443          7  0.000e+00
   56.52112 -136.26694    249.085    151.897    150.453     6.2809    33.6171  1027.1239    26.4261     6.2679     43.281   106.9815    -0.0884      7.825     2.9980     4.2845    130.444    133.892      89444          7  0.000e+00
   56.52112 -136.26694    249.189    152.002    150.557     6.2807    33.6175  1027.1247    26.4264     6.2677     43.277   106.9535    -0.0884      7.825     2.9977     4.2841    130.433    133.879      89445          7  0.000e+00
   56.52112 -136.26694    249.141    151.954    150.509     6.2809    33.6172  1027.1243    26.4262     6.2679     43.271   106.9535    -0.0884      7.825     2.9974     4.2835    130.416    133.863      89446          7  0.000e+00
   56.52112 -136.26694    249.077    151.889    150.445     6.2809    33.6171  1027.1239    26.4261     6.2679     43.274   106.9535    -0.0884      7.825     2.9976     4.2838    130.424    133.871      89447          7  0.000e+00
   56.52112 -136.26694    249.205    152.018    150.573     6.2810    33.6170  1027.1244    26.4259     6.2680     43.278   106.9535    -0.0884      7.825     2.9978     4.2842    130.435    133.882      89448          7  0.000e+00
   56.52112 -136.26694    249.254    152.067    150.621     6.2810    33.6170  1027.1246    26.4260     6.2680     43.273   106.9535    -0.0884      7.825     2.9975     4.2837    130.420    133.866      89449          7  0.000e+00
   56.52112 -136.26694    249.085    151.897    150.453     6.2810    33.6172  1027.1240    26.4261     6.2680     43.266   106.9535    -0.0884      7.825     2.9970     4.2830    130.400    133.846      89450          7  0.000e+00
   56.52112 -136.26694    249.133    151.946    150.501     6.2810    33.6169  1027.1239    26.4259     6.2680     43.260   106.9535    -0.0884      7.825     2.9966     4.2825    130.383    133.829      89451          7  0.000e+00
   56.52112 -136.26694    249.262    152.075    150.629     6.2809    33.6169  1027.1246    26.4259     6.2679     43.255   106.9535    -0.0884      7.825     2.9962     4.2819    130.367    133.812      89452          7  0.000e+00
   56.52112 -136.26694    249.254    152.067    150.621     6.2807    33.6167  1027.1244    26.4258     6.2677     43.248   106.9535    -0.0884      7.825     2.9958     4.2813    130.348    133.792      89453          7  0.000e+00
   56.52112 -136.26694    249.141    151.954    150.509     6.2807    33.6166  1027.1238    26.4257     6.2677     43.241   106.9535    -0.0884      7.830     2.9953     4.2805    130.325    133.769      89454          7  0.000e+00
   56.52112 -136.26694    249.133    151.946    150.501     6.2807    33.6168  1027.1239    26.4258     6.2677     43.241   106.9535    -0.0884      7.825     2.9953     4.2806    130.327    133.771      89455          7  0.000e+00
   56.52112 -136.26694    249.318    152.132    150.685     6.2809    33.6168  1027.1247    26.4258     6.2679     43.243   106.9535    -0.0884      7.825     2.9955     4.2808    130.333    133.777      89456          7  0.000e+00
   56.52112 -136.26694    249.254    152.067    150.621     6.2809    33.6169  1027.1245    26.4259     6.2679     43.244   106.9535    -0.0884      7.825     2.9955     4.2809    130.335    133.779      89457          7  0.000e+00
   56.52112 -136.26694    249.206    152.019    150.573     6.2805    33.6168  1027.1243    26.4259     6.2675     43.294   106.9535    -0.0884      7.825     2.9990     4.2858    130.485    133.934      89458          7  0.000e+00
   56.52112 -136.26694    249.077    151.889    150.445     6.2807    33.6163  1027.1233    26.4254     6.2677     43.301   106.9535    -0.0884      7.825     2.9995     4.2866    130.508    133.957      89459          7  0.000e+00
   56.52112 -136.26694    249.318    152.132    150.685     6.2807    33.6166  1027.1246    26.4257     6.2676     43.245   106.9535    -0.0884      7.825     2.9956     4.2810    130.339    133.783      89460          7  0.000e+00
   56.52112 -136.26694    249.190    152.003    150.557     6.2809    33.6162  1027.1237    26.4254     6.2679     43.236   106.9535    -0.0884      7.825     2.9949     4.2801    130.310    133.754      89461          7  0.000e+00
   56.52112 -136.26694    249.142    151.954    150.509     6.2807    33.6162  1027.1235    26.4254     6.2677     43.235   106.9535    -0.0884      7.825     2.9949     4.2800    130.308    133.752      89462          7  0.000e+00
   56.52112 -136.26694    249.254    152.067    150.621     6.2805    33.6166  1027.1244    26.4257     6.2675     43.235   106.9535    -0.0884      7.825     2.9949     4.2800    130.308    133.752      89463          7  0.000e+00
   56.52112 -136.26694    249.142    151.954    150.509     6.2809    33.6166  1027.1238    26.4256     6.2679     43.234   106.9535    -0.0884      7.825     2.9948     4.2798    130.303    133.747      89464          7  0.000e+00
   56.52128 -136.26738    197.892    100.200     99.260     6.2351    32.7756  1026.2285    25.7671     6.2268     75.076   107.0654    -0.0005      8.022     5.2351     7.4815    227.926    233.799      92016          8  0.000e+00
