EcoFOCI/data/1_SampleCollection/2022_GOA-OA_CruiseData/CTD_raw_BottleFile_RC0083/RC0083_095.cnv
* Sea-Bird SBE 9 Data File:
* FileName = C:\Data\RC0083ctd\RC0083_095.hex
* Software Version Seasave V 7.26.7.107
* Temperature SN = 2060
* Conductivity SN = 2881
* Number of Bytes Per Scan = 31
* Number of Voltage Words = 4
* Number of Scans Averaged by the Deck Unit = 1
* NMEA Latitude = 57 10.01 N
* NMEA Longitude = 133 35.88 W
* NMEA UTC (Time) = Aug 22 2022  15:12:27
* NMEA baud rate = 4800
** Ship: R/V Rachel Carson
** Cruise ID: RC0083
** Tech: McHugh/Nomura
** Chief Scientist: Cross
** Station: FSA
** Cast:  CTD095
# nquan = 19
# nvalues = 15598                                 
# units = specified
# name 0 = latitude: Latitude [deg]
# name 1 = longitude: Longitude [deg]
# name 2 = sfdSM: Seafloor depth [salt water, m]
# name 3 = prDM: Pressure, Digiquartz [db]
# name 4 = depSM: Depth [salt water, m]
# name 5 = t090C: Temperature [ITS-90, deg C]
# name 6 = sal00: Salinity, Practical [PSU]
# name 7 = density00: Density [density, kg/m^3]
# name 8 = sigma-é00: Density [sigma-theta, kg/m^3]
# name 9 = potemp090C: Potential Temperature [ITS-90, deg C]
# name 10 = sbeox0PS: Oxygen, SBE 43 [% saturation]
# name 11 = CStarTr0: Beam Transmission, WET Labs C-Star [%]
# name 12 = flECO-AFL: Fluorescence, WET Labs ECO-AFL/FL [mg/m^3]
# name 13 = ph: pH
# name 14 = sbeox0ML/L: Oxygen, SBE 43 [ml/l]
# name 15 = sbeox0Mg/L: Oxygen, SBE 43 [mg/l]
# name 16 = sbox0Mm/Kg: Oxygen, SBE 43 [umol/kg]
# name 17 = sbeox0Mm/L: Oxygen, SBE 43 [umol/l]
# name 18 = flag:  0.000e+00
# span 0 =   57.16650,   57.16734                 
# span 1 = -133.59814, -133.59780                 
# span 2 =     10.097,    254.128                 
# span 3 =      2.869,    234.969                 
# span 4 =      2.843,    232.676                 
# span 5 =     5.5809,    11.7558                 
# span 6 =    26.4974,    33.4193                 
# span 7 =  1020.0525,  1027.4394                 
# span 8 =    20.0379,    26.3570                 
# span 9 =     5.5620,    11.7554                 
# span 10 =     24.612,     98.138                
# span 11 =    89.5848,   102.4505                
# span 12 =    -0.0591,     1.4061                
# span 13 =      7.682,      8.270                
# span 14 =     1.7353,     6.4467                
# span 15 =     2.4799,     9.2130                
# span 16 =     75.508,    281.680                
# span 17 =     77.498,    287.910                
# span 18 = 0.0000e+00, 0.0000e+00                
# interval = seconds: 0.0416667
# start_time = Aug 22 2022 15:12:27 [NMEA time, header]
# bad_flag = -9.990e-29
*END*
[from data line 9143]
   57.16678 -133.59790    242.573    219.901    217.763     5.5845    33.4119  1027.3643    26.3506     5.5668     24.837    99.5697    -0.0591      7.682     1.7511     2.5025     76.197     78.205  0.000e+00
   57.16678 -133.59790    242.842    219.901    217.763     5.5845    33.4119  1027.3643    26.3506     5.5668     24.838    99.5697    -0.0591      7.682     1.7512     2.5026     76.200     78.207  0.000e+00
   57.16678 -133.59790    242.883    219.844    217.706     5.5847    33.4117  1027.3638    26.3504     5.5670     24.839    99.5697    -0.0591      7.682     1.7512     2.5027     76.202     78.210  0.000e+00
   57.16678 -133.59790    242.883    219.844    217.706     5.5843    33.4121  1027.3642    26.3507     5.5667     24.899    99.5697    -0.0591      7.682     1.7555     2.5088     76.388     78.401  0.000e+00
   57.16678 -133.59790    242.795    219.780    217.642     5.5845    33.4117  1027.3635    26.3504     5.5668     24.849    99.5697    -0.0298      7.682     1.7520     2.5037     76.233     78.242  0.000e+00
   57.16678 -133.59790    242.795    219.780    217.642     5.5847    33.4119  1027.3637    26.3505     5.5670     24.851    99.4858    -0.0298      7.682     1.7521     2.5039     76.238     78.247  0.000e+00
   57.16678 -133.59790    242.739    219.723    217.586     5.5845    33.4118  1027.3634    26.3505     5.5668     24.911    99.4019    -0.0591      7.682     1.7564     2.5100     76.426     78.439  0.000e+00
   57.16678 -133.59790    242.739    219.723    217.586     5.5842    33.4119  1027.3635    26.3506     5.5665     24.921    99.4019    -0.0591      7.682     1.7570     2.5110     76.455     78.469  0.000e+00
   57.16678 -133.59790    242.683    219.666    217.530     5.5845    33.4119  1027.3632    26.3505     5.5668     24.930    99.4019    -0.0591      7.682     1.7577     2.5119     76.482     78.497  0.000e+00
   57.16678 -133.59790    242.618    219.601    217.466     5.5843    33.4122  1027.3631    26.3508     5.5667     24.880    99.4019    -0.0591      7.682     1.7542     2.5069     76.329     78.341  0.000e+00
   57.16678 -133.59790    242.863    219.601    217.466     5.5843    33.4120  1027.3630    26.3507     5.5666     24.875    99.4019    -0.0591      7.682     1.7538     2.5064     76.314     78.325  0.000e+00
   57.16678 -133.59790    243.033    219.601    217.466     5.5842    33.4120  1027.3630    26.3507     5.5666     24.870    99.4019    -0.0591      7.682     1.7534     2.5058     76.298     78.309  0.000e+00
   57.16678 -133.59790    242.906    219.423    217.289     5.5843    33.4120  1027.3621    26.3506     5.5667     24.872    99.4019    -0.0298      7.682     1.7536     2.5060     76.304     78.314  0.000e+00
   57.16678 -133.59790    243.058    219.601    217.466     5.5843    33.4119  1027.3629    26.3505     5.5667     24.808    99.4019    -0.0298      7.682     1.7491     2.4997     76.110     78.116  0.000e+00
   57.16678 -133.59790    242.962    219.480    217.345     5.5845    33.4118  1027.3622    26.3505     5.5669     24.863    99.4019    -0.0591      7.682     1.7529     2.5051     76.276     78.286  0.000e+00
   57.16678 -133.59790    243.101    219.423    217.289     5.5842    33.4118  1027.3620    26.3505     5.5666     24.925    99.4019    -0.0591      7.682     1.7573     2.5114     76.467     78.482  0.000e+00
   57.16678 -133.59790    243.223    219.423    217.289     5.5843    33.4118  1027.3620    26.3505     5.5667     24.884    99.4019    -0.0591      7.682     1.7544     2.5073     76.341     78.353  0.000e+00
   57.16678 -133.59790    243.223    219.423    217.289     5.5841    33.4119  1027.3621    26.3506     5.5665     24.888    99.4019    -0.0591      7.682     1.7547     2.5077     76.354     78.366  0.000e+00
   57.16678 -133.59790    243.103    219.301    217.169     5.5842    33.4123  1027.3618    26.3509     5.5666     24.892    99.4019    -0.0591      7.682     1.7550     2.5080     76.365     78.377  0.000e+00
   57.16678 -133.59790    243.127    219.301    217.169     5.5842    33.4122  1027.3618    26.3508     5.5666     24.896    99.4019    -0.0591      7.682     1.7553     2.5085     76.379     78.392  0.000e+00
   57.16678 -133.59790    243.347    219.301    217.169     5.5843    33.4120  1027.3616    26.3507     5.5667     24.901    99.4019    -0.0591      7.682     1.7556     2.5090     76.394     78.407  0.000e+00
   57.16678 -133.59790    243.364    219.244    217.113     5.5843    33.4118  1027.3611    26.3505     5.5667     24.906    99.4019    -0.0591      7.682     1.7560     2.5095     76.409     78.422  0.000e+00
   57.16678 -133.59790    243.364    219.244    217.113     5.5842    33.4116  1027.3610    26.3503     5.5666     24.911    99.4019    -0.0591      7.682     1.7564     2.5100     76.426     78.440  0.000e+00
   57.16678 -133.59790    243.244    219.123    216.992     5.5841    33.4118  1027.3607    26.3505     5.5665     24.917    99.4019    -0.0591      7.682     1.7567     2.5106     76.442     78.456  0.000e+00
   57.16678 -133.59790    243.300    219.180    217.048     5.5841    33.4125  1027.3615    26.3511     5.5664     24.923    99.4019    -0.0591      7.682     1.7572     2.5112     76.461     78.475  0.000e+00
   57.16678 -133.59790    243.188    219.066    216.936     5.5841    33.4122  1027.3607    26.3508     5.5665     24.921    99.3460    -0.0591      7.682     1.7571     2.5110     76.456     78.471  0.000e+00
   57.16678 -133.59790    243.244    219.123    216.992     5.5841    33.4123  1027.3610    26.3509     5.5664     24.920    99.2900    -0.0591      7.682     1.7570     2.5109     76.453     78.467  0.000e+00
   57.16678 -133.59790    243.067    218.944    216.816     5.5842    33.4121  1027.3600    26.3507     5.5666     24.918    99.2621    -0.0591      7.682     1.7569     2.5107     76.447     78.462  0.000e+00
   57.16678 -133.59790    243.188    219.066    216.936     5.5842    33.4121  1027.3606    26.3508     5.5666     24.859    99.2621    -0.0591      7.682     1.7527     2.5047     76.264     78.274  0.000e+00
   57.16678 -133.59790    243.067    218.944    216.816     5.5841    33.4121  1027.3601    26.3508     5.5665     24.909    99.2621    -0.0591      7.682     1.7562     2.5098     76.419     78.433  0.000e+00
   57.16678 -133.59790    243.123    219.001    216.872     5.5842    33.4120  1027.3602    26.3506     5.5666     24.908    99.2621    -0.0591      7.682     1.7562     2.5097     76.417     78.430  0.000e+00
   57.16678 -133.59790    243.003    218.880    216.751     5.5842    33.4120  1027.3597    26.3507     5.5666     24.907    99.2621    -0.0591      7.682     1.7561     2.5096     76.413     78.426  0.000e+00
   57.16678 -133.59790    242.947    218.823    216.695     5.5842    33.4121  1027.3594    26.3507     5.5666     24.906    99.2621    -0.0591      7.682     1.7560     2.5095     76.409     78.423  0.000e+00
   57.16678 -133.59790    242.947    218.823    216.695     5.5843    33.4121  1027.3595    26.3507     5.5668     24.905    99.2621    -0.0591      7.682     1.7559     2.5094     76.406     78.420  0.000e+00
   57.16678 -133.59790    243.118    218.823    216.695     5.5841    33.4125  1027.3598    26.3511     5.5665     24.904    99.2621    -0.0591      7.682     1.7559     2.5093     76.404     78.417  0.000e+00
   57.16678 -133.59790    243.264    218.823    216.695     5.5843    33.4120  1027.3594    26.3507     5.5667     24.844    99.2621    -0.0591      7.682     1.7516     2.5033     76.220     78.229  0.000e+00
   57.16678 -133.59790    243.168    218.701    216.575     5.5842    33.4118  1027.3587    26.3505     5.5666     24.895    99.2621    -0.0591      7.682     1.7552     2.5084     76.376     78.389  0.000e+00
   57.16678 -133.59790    243.168    218.701    216.575     5.5845    33.4117  1027.3586    26.3504     5.5669     24.895    99.2621    -0.0591      7.682     1.7552     2.5083     76.374     78.386  0.000e+00
   57.16678 -133.59790    243.144    218.701    216.575     5.5842    33.4118  1027.3587    26.3505     5.5666     24.894    99.2621    -0.0591      7.682     1.7551     2.5083     76.372     78.385  0.000e+00
   57.16678 -133.59790    243.104    218.636    216.511     5.5845    33.4117  1027.3583    26.3504     5.5669     24.834    99.2621    -0.0591      7.682     1.7509     2.5022     76.189     78.196  0.000e+00
   57.16678 -133.59790    243.024    218.580    216.455     5.5843    33.4120  1027.3583    26.3507     5.5668     24.885    99.2621    -0.0591      7.682     1.7545     2.5074     76.346     78.358  0.000e+00
   57.16678 -133.59790    242.992    218.523    216.398     5.5848    33.4113  1027.3574    26.3501     5.5672     24.885    99.2621    -0.0591      7.682     1.7545     2.5073     76.344     78.356  0.000e+00
   57.16678 -133.59790    242.992    218.523    216.398     5.5845    33.4116  1027.3576    26.3503     5.5669     24.826    99.2621    -0.0298      7.682     1.7503     2.5014     76.163     78.170  0.000e+00
   57.16678 -133.59790    242.926    218.580    216.455     5.5843    33.4119  1027.3582    26.3505     5.5668     24.819    99.2621    -0.0591      7.682     1.7498     2.5007     76.141     78.148  0.000e+00
   57.16678 -133.59790    242.472    218.466    216.342     5.5845    33.4114  1027.3572    26.3501     5.5669     24.870    99.2621    -0.0591      7.687     1.7535     2.5059     76.300     78.310  0.000e+00
   57.16678 -133.59790    242.285    218.401    216.278     5.5845    33.4115  1027.3570    26.3502     5.5669     24.871    99.2900    -0.0591      7.682     1.7535     2.5059     76.300     78.311  0.000e+00
   57.16678 -133.59790    242.285    218.401    216.278     5.5843    33.4120  1027.3574    26.3506     5.5668     24.871    99.3740    -0.0591      7.682     1.7535     2.5059     76.301     78.312  0.000e+00
   57.16678 -133.59790    242.341    218.458    216.334     5.5845    33.4119  1027.3576    26.3506     5.5669     24.812    99.4299    -0.0591      7.682     1.7494     2.5000     76.122     78.127  0.000e+00
   57.16678 -133.59790    242.376    218.344    216.222     5.5845    33.4115  1027.3567    26.3502     5.5669     24.805    99.4019    -0.0591      7.682     1.7489     2.4994     76.101     78.106  0.000e+00
   57.16678 -133.59790    242.573    218.223    216.101     5.5845    33.4119  1027.3565    26.3505     5.5670     24.799    99.4019    -0.0298      7.682     1.7484     2.4987     76.080     78.085  0.000e+00
   57.16678 -133.59790    242.791    218.344    216.222     5.5847    33.4112  1027.3565    26.3500     5.5672     24.793    99.4019    -0.0298      7.682     1.7480     2.4981     76.063     78.067  0.000e+00
   57.16678 -133.59790    242.670    218.223    216.101     5.5845    33.4114  1027.3561    26.3501     5.5670     24.787    99.4019    -0.0591      7.682     1.7476     2.4975     76.044     78.048  0.000e+00
   57.16678 -133.59790    242.727    218.280    216.158     5.5845    33.4113  1027.3563    26.3501     5.5670     24.789    99.4019    -0.0591      7.682     1.7478     2.4977     76.051     78.055  0.000e+00
   57.16678 -133.59790    242.761    218.166    216.045     5.5845    33.4119  1027.3562    26.3505     5.5670     24.784    99.4019    -0.0591      7.682     1.7474     2.4972     76.035     78.039  0.000e+00
   57.16678 -133.59790    242.892    218.101    215.981     5.5843    33.4120  1027.3561    26.3506     5.5668     24.721    99.4019    -0.0591      7.682     1.7429     2.4908     75.840     77.839  0.000e+00
   57.16678 -133.59790    242.965    218.101    215.981     5.5845    33.4118  1027.3559    26.3504     5.5670     24.776    99.4019    -0.0591      7.682     1.7468     2.4964     76.010     78.013  0.000e+00
   57.16678 -133.59790    242.965    218.101    215.981     5.5845    33.4118  1027.3559    26.3504     5.5670     24.780    99.4019    -0.0298      7.682     1.7471     2.4968     76.023     78.026  0.000e+00
   57.16678 -133.59790    242.820    217.980    215.861     5.5845    33.4113  1027.3549    26.3500     5.5670     24.785    99.4019    -0.0298      7.682     1.7474     2.4972     76.036     78.040  0.000e+00
   57.16678 -133.59790    243.136    218.101    215.981     5.5845    33.4116  1027.3557    26.3503     5.5670     24.783    99.4019    -0.0591      7.682     1.7473     2.4971     76.031     78.034  0.000e+00
   57.16678 -133.59790    243.131    217.923    215.805     5.5845    33.4116  1027.3549    26.3503     5.5670     24.780    99.4019    -0.0591      7.682     1.7471     2.4968     76.024     78.027  0.000e+00
   57.16678 -133.59790    243.236    217.980    215.861     5.5847    33.4115  1027.3550    26.3502     5.5672     24.779    99.4019    -0.0591      7.682     1.7470     2.4967     76.019     78.022  0.000e+00
   57.16678 -133.59790    243.211    217.980    215.861     5.5842    33.4121  1027.3556    26.3507     5.5667     24.778    99.4019    -0.0591      7.682     1.7470     2.4966     76.016     78.019  0.000e+00
   57.16678 -133.59790    243.099    217.866    215.748     5.5842    33.4122  1027.3551    26.3508     5.5667     24.769    99.4019    -0.0591      7.682     1.7463     2.4957     75.989     77.992  0.000e+00
   57.16678 -133.59790    243.206    217.801    215.684     5.5845    33.4117  1027.3544    26.3503     5.5670     24.768    99.4299    -0.0591      7.682     1.7463     2.4956     75.986     77.988  0.000e+00
   57.16678 -133.59790    243.328    217.801    215.684     5.5845    33.4118  1027.3545    26.3504     5.5670     24.775    99.4299    -0.0298      7.682     1.7467     2.4963     76.007     78.010  0.000e+00
   57.16678 -133.59790    243.416    217.866    215.748     5.5845    33.4116  1027.3547    26.3503     5.5670     24.775    99.4299    -0.0298      7.682     1.7468     2.4963     76.008     78.010  0.000e+00
   57.16678 -133.59790    243.328    217.801    215.684     5.5843    33.4115  1027.3543    26.3503     5.5668     24.775    99.5697    -0.0591      7.682     1.7468     2.4963     76.008     78.011  0.000e+00
   57.16678 -133.59790    243.232    217.680    215.564     5.5847    33.4116  1027.3537    26.3502     5.5672     24.775    99.6257    -0.0591      7.682     1.7468     2.4963     76.008     78.011  0.000e+00
   57.16678 -133.59790    243.427    217.680    215.564     5.5842    33.4123  1027.3543    26.3509     5.5667     24.776    99.6257    -0.0591      7.682     1.7469     2.4964     76.012     78.014  0.000e+00
   57.16678 -133.59790    243.500    217.680    215.564     5.5842    33.4123  1027.3543    26.3509     5.5667     24.837    99.6257    -0.0591      7.682     1.7511     2.5025     76.196     78.204  0.000e+00
   57.16678 -133.59790    243.500    217.680    215.564     5.5843    33.4116  1027.3538    26.3503     5.5669     24.845    99.6257    -0.0591      7.682     1.7517     2.5033     76.222     78.230  0.000e+00
   57.16678 -133.59790    243.388    217.566    215.451     5.5841    33.4120  1027.3536    26.3507     5.5666     24.853    99.6257    -0.0298      7.682     1.7523     2.5042     76.247     78.256  0.000e+00
   57.16678 -133.59790    243.437    217.566    215.451     5.5841    33.4118  1027.3534    26.3505     5.5666     24.802    99.6257    -0.0298      7.682     1.7487     2.4991     76.092     78.097  0.000e+00
   57.16678 -133.59790    243.583    217.566    215.451     5.5842    33.4118  1027.3535    26.3505     5.5667     24.804    99.6257    -0.0591      7.682     1.7488     2.4992     76.096     78.101  0.000e+00
   57.16678 -133.59790    243.632    217.566    215.451     5.5842    33.4120  1027.3536    26.3506     5.5667     24.806    99.6257    -0.0591      7.682     1.7489     2.4994     76.102     78.107  0.000e+00
   57.16678 -133.59790    243.568    217.501    215.387     5.5842    33.4117  1027.3531    26.3504     5.5667     24.808    99.6257    -0.0591      7.682     1.7491     2.4996     76.108     78.113  0.000e+00
