EcoFOCI/data/1_SampleCollection/2022_GOA-OA_CruiseData/CTD_raw_BottleFile_RC0083/RC0083_021.ros
* Sea-Bird SBE 9 Data File:
* FileName = C:\Data\RC0083ctd\RC0083_021.hex
* Software Version Seasave V 7.26.7.107
* Temperature SN = 2060
* Conductivity SN = 1084
* Number of Bytes Per Scan = 31
* Number of Voltage Words = 4
* Number of Scans Averaged by the Deck Unit = 1
* NMEA Latitude = 56 46.25 N
* NMEA Longitude = 135 30.18 W
* NMEA UTC (Time) = Aug 14 2022  19:17:58
* NMEA baud rate = 4800
** Ship: R/V Rachel Carson
** Cruise ID: RC0083
** Tech: McHugh/Nomura
** Chief Scientist: Cross
** Station: SEC0
** Cast:  CTD021
# nquan = 21
# nvalues = 196                                   
# units = specified
# name 0 = latitude: Latitude [deg]
# name 1 = longitude: Longitude [deg]
# name 2 = sfdSM: Seafloor depth [salt water, m]
# name 3 = prDM: Pressure, Digiquartz [db]
# name 4 = depSM: Depth [salt water, m]
# name 5 = t090C: Temperature [ITS-90, deg C]
# name 6 = sal00: Salinity, Practical [PSU]
# name 7 = density00: Density [density, kg/m^3]
# name 8 = sigma-é00: Density [sigma-theta, kg/m^3]
# name 9 = potemp090C: Potential Temperature [ITS-90, deg C]
# name 10 = sbeox0PS: Oxygen, SBE 43 [% saturation]
# name 11 = CStarTr0: Beam Transmission, WET Labs C-Star [%]
# name 12 = flECO-AFL: Fluorescence, WET Labs ECO-AFL/FL [mg/m^3]
# name 13 = ph: pH
# name 14 = sbeox0ML/L: Oxygen, SBE 43 [ml/l]
# name 15 = sbeox0Mg/L: Oxygen, SBE 43 [mg/l]
# name 16 = sbox0Mm/Kg: Oxygen, SBE 43 [umol/kg]
# name 17 = sbeox0Mm/L: Oxygen, SBE 43 [umol/l]
# name 18 = scan: Scan Count
# name 19 = nbf: Bottles Fired
# name 20 = flag:  0.000e+00
# interval = seconds: 0.0416667
# start_time = Aug 14 2022 19:17:58 [NMEA time, header]
# bad_flag = -9.990e-29
*END*
   56.77186 -135.50366     70.235     60.937     60.370     9.1705    31.8434  1024.8988    24.6219     9.1641     72.398   103.9888     0.1460      7.988     4.7511     6.7898    207.087    212.186       4732          1  0.000e+00
   56.77186 -135.50366     70.019     60.694     60.129     9.1706    31.8436  1024.8978    24.6220     9.1643     72.390   103.9609     0.1460      7.988     4.7506     6.7891    207.064    212.162       4733          1  0.000e+00
   56.77186 -135.50366     69.955     60.630     60.065     9.1708    31.8435  1024.8974    24.6219     9.1645     72.383   103.9888     0.1460      7.988     4.7501     6.7884    207.043    212.141       4734          1  0.000e+00
   56.77188 -135.50368     70.019     60.694     60.129     9.1720    31.8430  1024.8972    24.6214     9.1657     72.377   103.9888     0.1460      7.993     4.7496     6.7877    207.021    212.118       4735          1  0.000e+00
   56.77188 -135.50368     69.892     60.517     59.953     9.1726    31.8432  1024.8964    24.6214     9.1662     72.313   103.9609     0.1460      7.993     4.7454     6.7816    206.835    211.928       4736          1  0.000e+00
   56.77188 -135.50368     69.877     60.452     59.889     9.1736    31.8424  1024.8953    24.6206     9.1673     72.353   103.9609     0.1460      7.993     4.7479     6.7852    206.946    212.041       4737          1  0.000e+00
   56.77188 -135.50368     69.901     60.452     59.889     9.1744    31.8422  1024.8950    24.6203     9.1680     72.290   103.9609     0.1460      7.988     4.7437     6.7792    206.762    211.853       4738          1  0.000e+00
   56.77188 -135.50368     69.845     60.395     59.833     9.1763    31.8417  1024.8941    24.6196     9.1700     72.329   103.9609     0.1460      7.993     4.7461     6.7826    206.866    211.959       4739          1  0.000e+00
   56.77188 -135.50368     69.725     60.274     59.713     9.1783    31.8415  1024.8931    24.6192     9.1720     72.264   103.9329     0.1460      7.988     4.7416     6.7762    206.671    211.759       4740          1  0.000e+00
   56.77188 -135.50368     69.774     60.274     59.713     9.1820    31.8409  1024.8920    24.6181     9.1757     72.302   103.9049     0.1460      7.988     4.7437     6.7793    206.765    211.856       4741          1  0.000e+00
   56.77188 -135.50368     69.742     60.217     59.657     9.1859    31.8399  1024.8903    24.6167     9.1796     72.291   103.9049     0.1460      7.993     4.7427     6.7777    206.718    211.807       4742          1  0.000e+00
   56.77188 -135.50368     69.686     60.161     59.601     9.1895    31.8386  1024.8885    24.6152     9.1833     72.287   103.9049     0.1460      7.988     4.7420     6.7768    206.691    211.779       4743          1  0.000e+00
   56.77188 -135.50368     69.558     60.032     59.473     9.1918    31.8392  1024.8880    24.6152     9.1855     72.282   103.9049     0.1460      7.993     4.7414     6.7760    206.666    211.753       4744          1  0.000e+00
   56.77188 -135.50368     69.527     59.975     59.417     9.1948    31.8395  1024.8875    24.6150     9.1886     72.277   103.9049     0.1460      7.993     4.7408     6.7751    206.638    211.724       4745          1  0.000e+00
   56.77188 -135.50368     69.617     59.918     59.361     9.1977    31.8383  1024.8859    24.6136     9.1915     72.272   103.9329     0.1460      7.993     4.7402     6.7742    206.612    211.697       4746          1  0.000e+00
   56.77188 -135.50368     69.626     59.854     59.297     9.1992    31.8382  1024.8853    24.6133     9.1930     72.267   103.9049     0.1460      7.993     4.7397     6.7735    206.590    211.675       4747          1  0.000e+00
   56.77188 -135.50368     69.570     59.797     59.240     9.2001    31.8379  1024.8846    24.6129     9.1938     72.269   103.9049     0.1460      7.993     4.7397     6.7736    206.592    211.676       4748          1  0.000e+00
   56.77188 -135.50368     69.490     59.740     59.184     9.2008    31.8377  1024.8841    24.6127     9.1945     72.263   103.9049     0.1460      7.993     4.7393     6.7730    206.574    211.658       4749          1  0.000e+00
   56.77188 -135.50368     69.538     59.740     59.184     9.2012    31.8380  1024.8843    24.6129     9.1950     72.258   103.9049     0.1460      7.993     4.7389     6.7724    206.556    211.640       4750          1  0.000e+00
   56.77188 -135.50368     69.540     59.619     59.064     9.2021    31.8377  1024.8834    24.6125     9.1958     72.204   103.9049     0.1460      7.993     4.7353     6.7672    206.397    211.477       4751          1  0.000e+00
   56.77188 -135.50368     69.550     59.555     59.000     9.2025    31.8374  1024.8828    24.6122     9.1963     72.246   103.9049     0.1460      7.993     4.7380     6.7711    206.517    211.600       4752          1  0.000e+00
   56.77188 -135.50368     69.558     59.563     59.008     9.2023    31.8380  1024.8833    24.6127     9.1961     72.241   103.9049     0.1460      7.993     4.7377     6.7706    206.503    211.585       4753          1  0.000e+00
   56.77188 -135.50368     69.413     59.441     58.888     9.2025    31.8380  1024.8827    24.6126     9.1963     72.234   103.9049     0.1460      7.993     4.7372     6.7700    206.482    211.565       4754          1  0.000e+00
   56.77188 -135.50368     69.462     59.441     58.888     9.2034    31.8379  1024.8825    24.6124     9.1971     72.180   103.9049     0.1460      7.993     4.7336     6.7648    206.325    211.403       4755          1  0.000e+00
   56.77188 -135.50368     69.479     59.385     58.832     9.2038    31.8377  1024.8820    24.6122     9.1976     72.230   103.9049     0.1460      7.993     4.7368     6.7693    206.463    211.545       4756          1  0.000e+00
   56.77188 -135.50368     69.440     59.320     58.768     9.2047    31.8370  1024.8810    24.6115     9.1985     72.230   103.9049     0.1460      7.993     4.7368     6.7693    206.462    211.544       4757          1  0.000e+00
   56.77188 -135.50368     69.375     59.255     58.704     9.2052    31.8370  1024.8807    24.6115     9.1990     72.231   103.9049     0.1460      7.993     4.7368     6.7693    206.462    211.544       4758          1  0.000e+00
   56.77188 -135.50368     69.415     59.320     58.768     9.2058    31.8364  1024.8804    24.6109     9.1996     72.233   103.9049     0.1460      7.993     4.7368     6.7694    206.466    211.547       4759          1  0.000e+00
   56.77188 -135.50368     69.002     59.199     58.648     9.2058    31.8361  1024.8796    24.6107     9.1996     72.178   103.9049     0.1460      7.993     4.7333     6.7643    206.310    211.387       4760          1  0.000e+00
   56.77188 -135.50368     68.677     59.142     58.592     9.2067    31.8358  1024.8790    24.6103     9.2005     72.173   103.8490     0.1460      7.993     4.7328     6.7636    206.290    211.367       4761          1  0.000e+00
   56.77188 -135.50368     68.660     59.199     58.648     9.2073    31.8359  1024.8792    24.6103     9.2011     72.168   103.8490     0.1460      7.993     4.7325     6.7632    206.275    211.352       4762          1  0.000e+00
   56.77188 -135.50368     68.628     59.142     58.592     9.2074    31.8356  1024.8787    24.6100     9.2012     72.163   103.8490     0.1460      7.993     4.7321     6.7627    206.261    211.337       4763          1  0.000e+00
   56.77188 -135.50368     68.564     59.078     58.528     9.2068    31.8364  1024.8791    24.6107     9.2006     72.214   103.8490     0.1460      7.993     4.7355     6.7674    206.406    211.486       4764          1  0.000e+00
   56.77188 -135.50368     68.589     59.078     58.528     9.2069    31.8362  1024.8790    24.6106     9.2008     72.216   103.8490     0.1460      7.993     4.7356     6.7677    206.413    211.493       4765          1  0.000e+00
   56.77188 -135.50368     68.597     59.086     58.536     9.2071    31.8362  1024.8789    24.6105     9.2010     72.164   103.8490     0.1460      7.993     4.7322     6.7627    206.262    211.338       4766          1  0.000e+00
   56.77188 -135.50368     68.589     59.077     58.528     9.2069    31.8365  1024.8792    24.6107     9.2008     72.215   103.8490     0.1460      7.993     4.7355     6.7675    206.408    211.488       4767          1  0.000e+00
   56.77188 -135.50368     68.413     58.900     58.352     9.2073    31.8362  1024.8781    24.6105     9.2011     72.216   103.8490     0.1460      7.993     4.7356     6.7676    206.410    211.490       4768          1  0.000e+00
   56.77188 -135.50368     68.733     59.199     58.648     9.2074    31.8362  1024.8794    24.6105     9.2012     72.221   103.8490     0.1460      7.993     4.7359     6.7681    206.426    211.506       4769          1  0.000e+00
   56.77188 -135.50368     68.752     59.021     58.472     9.2073    31.8360  1024.8785    24.6103     9.2011     72.222   103.8490     0.1460      7.993     4.7360     6.7682    206.430    211.510       4770          1  0.000e+00
   56.77188 -135.50368     68.850     59.021     58.472     9.2069    31.8360  1024.8785    24.6104     9.2008     72.225   103.8490     0.1460      7.993     4.7362     6.7685    206.439    211.520       4771          1  0.000e+00
   56.77188 -135.50368     68.939     59.086     58.536     9.2065    31.8361  1024.8790    24.6105     9.2003     72.229   103.8490     0.1460      7.993     4.7365     6.7689    206.451    211.532       4772          1  0.000e+00
   56.77188 -135.50368     68.906     59.077     58.528     9.2065    31.8360  1024.8789    24.6105     9.2003     72.176   103.8490     0.1460      7.993     4.7331     6.7640    206.302    211.379       4773          1  0.000e+00
   56.77188 -135.50368     68.899     59.021     58.472     9.2061    31.8366  1024.8791    24.6110     9.1999     72.172   103.8490     0.1460      7.993     4.7328     6.7637    206.291    211.368       4774          1  0.000e+00
   56.77188 -135.50368     69.126     59.077     58.528     9.2058    31.8363  1024.8792    24.6108     9.1996     72.225   103.8490     0.1460      7.993     4.7363     6.7686    206.442    211.523       4775          1  0.000e+00
   56.77188 -135.50368     69.207     59.085     58.536     9.2058    31.8365  1024.8794    24.6110     9.1996     72.228   103.8490     0.1460      7.993     4.7365     6.7689    206.452    211.533       4776          1  0.000e+00
   56.77188 -135.50368     69.199     59.077     58.528     9.2063    31.8364  1024.8792    24.6108     9.2001     72.231   103.8490     0.1460      7.993     4.7367     6.7692    206.459    211.540       4777          1  0.000e+00
   56.77188 -135.50368     69.175     59.077     58.528     9.2072    31.8371  1024.8796    24.6112     9.2010     72.234   103.8490     0.1460      7.993     4.7368     6.7693    206.463    211.544       4778          1  0.000e+00
   56.77188 -135.50368     69.288     59.142     58.592     9.2085    31.8360  1024.8788    24.6101     9.2023     72.238   103.8490     0.1460      7.993     4.7369     6.7695    206.469    211.551       4779          1  0.000e+00
   56.77188 -135.50368     69.321     59.077     58.528     9.2085    31.8360  1024.8786    24.6102     9.2023     72.241   103.8490     0.1460      7.993     4.7371     6.7698    206.477    211.558       4780          1  0.000e+00
   56.77242 -135.50410     79.376     24.042     23.820    10.2831    31.4860  1024.2718    24.1631    10.2804     81.117   100.6885     0.9665      8.074     5.2068     7.4410    227.048    232.534       7359          2  0.000e+00
   56.77242 -135.50410     79.456     24.099     23.876    10.2833    31.4864  1024.2723    24.1633    10.2806     81.185   100.6885     0.9665      8.074     5.2111     7.4472    227.238    232.729       7360          2  0.000e+00
   56.77242 -135.50410     79.601     24.220     23.996    10.2853    31.4856  1024.2719    24.1624    10.2826     81.146   100.6885     0.9665      8.074     5.2084     7.4433    227.120    232.608       7361          2  0.000e+00
   56.77242 -135.50410     79.481     24.099     23.876    10.2891    31.4830  1024.2687    24.1597    10.2864     81.207   100.6885     0.9958      8.074     5.2120     7.4485    227.277    232.768       7362          2  0.000e+00
   56.77242 -135.50410     79.537     24.155     23.932    10.2894    31.4829  1024.2688    24.1596    10.2867     81.169   100.6885     1.0544      8.074     5.2095     7.4449    227.169    232.657       7363          2  0.000e+00
   56.77242 -135.50410     79.659     24.155     23.932    10.2886    31.4836  1024.2695    24.1602    10.2859     81.179   100.6885     1.0837      8.074     5.2102     7.4459    227.200    232.689       7364          2  0.000e+00
   56.77242 -135.50410     79.772     24.220     23.996    10.2878    31.4835  1024.2699    24.1603    10.2851     81.190   100.6885     1.0837      8.074     5.2111     7.4471    227.236    232.726       7365          2  0.000e+00
   56.77242 -135.50410     79.772     24.220     23.996    10.2866    31.4845  1024.2709    24.1613    10.2839     81.195   100.6605     1.0837      8.074     5.2115     7.4477    227.254    232.745       7366          2  0.000e+00
   56.77242 -135.50410     79.747     24.220     23.996    10.2864    31.4845  1024.2709    24.1613    10.2837     81.255   100.4647     1.0837      8.074     5.2153     7.4532    227.422    232.917       7367          2  0.000e+00
   56.77242 -135.50410     79.747     24.220     23.996    10.2864    31.4845  1024.2709    24.1613    10.2837     81.267   100.3808     1.0837      8.074     5.2161     7.4543    227.456    232.951       7368          2  0.000e+00
   56.77242 -135.50410     79.803     24.276     24.052    10.2871    31.4844  1024.2709    24.1611    10.2844     81.280   100.3808     1.0837      8.074     5.2169     7.4554    227.489    232.985       7369          2  0.000e+00
   56.77242 -135.50410     79.683     24.155     23.932    10.2874    31.4835  1024.2697    24.1604    10.2847     81.237   100.3808     1.0837      8.074     5.2141     7.4515    227.368    232.861       7370          2  0.000e+00
   56.77242 -135.50410     79.867     24.341     24.116    10.2880    31.4825  1024.2696    24.1595    10.2852     81.246   100.3808     1.0837      8.074     5.2146     7.4522    227.391    232.885       7371          2  0.000e+00
   56.77242 -135.50410     79.867     24.341     24.116    10.2889    31.4817  1024.2689    24.1588    10.2862     81.253   100.3808     1.0837      8.074     5.2150     7.4528    227.408    232.902       7372          2  0.000e+00
   56.77242 -135.50410     79.803     24.276     24.052    10.2905    31.4806  1024.2674    24.1576    10.2878     81.260   100.3808     1.0837      8.074     5.2153     7.4532    227.421    232.915       7373          2  0.000e+00
   56.77242 -135.50410     79.867     24.341     24.116    10.2930    31.4795  1024.2664    24.1563    10.2903     81.269   100.3808     1.0837      8.074     5.2156     7.4536    227.436    232.930       7374          2  0.000e+00
   56.77242 -135.50410     79.867     24.341     24.116    10.2949    31.4790  1024.2657    24.1556    10.2921     81.277   100.3808     1.0837      8.074     5.2160     7.4542    227.452    232.946       7375          2  0.000e+00
   56.77242 -135.50410     79.923     24.397     24.172    10.2958    31.4777  1024.2648    24.1545    10.2931     81.287   100.3808     1.0837      8.074     5.2166     7.4550    227.477    232.972       7376          2  0.000e+00
   56.77242 -135.50410     79.923     24.397     24.172    10.2917    31.4790  1024.2665    24.1561    10.2890     81.298   100.3808     1.0544      8.074     5.2176     7.4565    227.524    233.020       7377          2  0.000e+00
