EcoFOCI/data/1_SampleCollection/2022_GOA-OA_CruiseData/CTD_raw_BottleFile_RC0083/RC0083_002.ros
* Sea-Bird SBE 9 Data File:
* FileName = C:\Data\RC0083ctd\RC0083_002.hex
* Software Version Seasave V 7.26.7.107
* Temperature SN = 2060
* Conductivity SN = 1084
* Number of Bytes Per Scan = 31
* Number of Voltage Words = 4
* Number of Scans Averaged by the Deck Unit = 1
* NMEA Latitude = 54 40.91 N
* NMEA Longitude = 132 54.84 W
* NMEA UTC (Time) = Aug 12 2022  04:38:53
* NMEA baud rate = 4800
** Ship: R/V Rachel Carson
** Cruise ID: RC0083 RC0083
** Tech: McHugh/Nomura
** Chief Scientist: Cross Cross
** Station: DE2
** Cast:  002
# nquan = 21
# nvalues = 294                                   
# units = specified
# name 0 = latitude: Latitude [deg]
# name 1 = longitude: Longitude [deg]
# name 2 = sfdSM: Seafloor depth [salt water, m]
# name 3 = prDM: Pressure, Digiquartz [db]
# name 4 = depSM: Depth [salt water, m]
# name 5 = t090C: Temperature [ITS-90, deg C]
# name 6 = sal00: Salinity, Practical [PSU]
# name 7 = density00: Density [density, kg/m^3]
# name 8 = sigma-é00: Density [sigma-theta, kg/m^3]
# name 9 = potemp090C: Potential Temperature [ITS-90, deg C]
# name 10 = sbeox0PS: Oxygen, SBE 43 [% saturation]
# name 11 = CStarTr0: Beam Transmission, WET Labs C-Star [%]
# name 12 = flECO-AFL: Fluorescence, WET Labs ECO-AFL/FL [mg/m^3]
# name 13 = ph: pH
# name 14 = sbeox0ML/L: Oxygen, SBE 43 [ml/l]
# name 15 = sbeox0Mg/L: Oxygen, SBE 43 [mg/l]
# name 16 = sbox0Mm/Kg: Oxygen, SBE 43 [umol/kg]
# name 17 = sbeox0Mm/L: Oxygen, SBE 43 [umol/l]
# name 18 = scan: Scan Count
# name 19 = nbf: Bottles Fired
# name 20 = flag:  0.000e+00
# interval = seconds: 0.0416667
# start_time = Aug 12 2022 04:38:53 [NMEA time, header]
# bad_flag = -9.990e-29
*END*
[from data line 138]
   54.68342 -132.91144    148.987     50.818     50.355     7.8605    32.3391  1025.4376    25.2053     7.8557     53.125   103.0659     0.2046      7.873     3.5787     5.1144    155.897    159.826      17252          3  0.000e+00
   54.68342 -132.91144    148.995     50.826     50.363     7.8603    32.3391  1025.4377    25.2054     7.8555     53.127   103.0659     0.2046      7.873     3.5789     5.1147    155.906    159.835      17253          3  0.000e+00
   54.68342 -132.91144    149.051     50.882     50.419     7.8595    32.3392  1025.4382    25.2056     7.8547     53.130   103.0659     0.2046      7.873     3.5792     5.1150    155.916    159.846      17254          3  0.000e+00
   54.68342 -132.91144    149.051     50.882     50.419     7.8587    32.3398  1025.4388    25.2062     7.8539     53.132   103.0659     0.2046      7.873     3.5793     5.1152    155.923    159.853      17255          3  0.000e+00
   54.68342 -132.91144    149.051     50.882     50.419     7.8577    32.3403  1025.4393    25.2067     7.8529     53.125   103.0659     0.2046      7.873     3.5790     5.1147    155.907    159.837      17256          3  0.000e+00
   54.68342 -132.91144    149.107     50.939     50.475     7.8569    32.3411  1025.4402    25.2074     7.8521     53.118   103.0659     0.2046      7.873     3.5785     5.1141    155.888    159.818      17257          3  0.000e+00
   54.68342 -132.91144    149.107     50.939     50.475     7.8566    32.3411  1025.4403    25.2074     7.8517     53.110   103.0659     0.2046      7.873     3.5780     5.1133    155.865    159.794      17258          3  0.000e+00
   54.68342 -132.91144    149.171     51.004     50.539     7.8564    32.3410  1025.4406    25.2074     7.8516     53.164   103.0659     0.2046      7.873     3.5817     5.1186    156.025    159.958      17259          3  0.000e+00
   54.68342 -132.91144    149.171     51.004     50.539     7.8552    32.3416  1025.4412    25.2080     7.8503     53.113   103.0659     0.2046      7.873     3.5783     5.1138    155.879    159.809      17260          3  0.000e+00
   54.68358 -132.91120    124.345     25.948     25.713    10.8565    30.6664  1023.5454    23.4282    10.8535     79.846    95.0947     1.5819      8.096     5.0885     7.2719    222.049    227.251      19263          4  0.000e+00
   54.68358 -132.91120    124.521     26.125     25.889    10.8563    30.6668  1023.5466    23.4286    10.8533     79.843    95.0947     1.6112      8.096     5.0882     7.2716    222.039    227.241      19264          4  0.000e+00
   54.68358 -132.91120    124.465     26.069     25.833    10.8565    30.6671  1023.5466    23.4288    10.8535     79.836    95.0947     1.6112      8.096     5.0878     7.2710    222.020    227.222      19265          4  0.000e+00
   54.68358 -132.91120    124.465     26.069     25.833    10.8565    30.6669  1023.5464    23.4287    10.8535     79.830    95.0947     1.6112      8.096     5.0874     7.2704    222.003    227.204      19266          4  0.000e+00
   54.68360 -132.91120    124.401     26.004     25.769    10.8570    30.6664  1023.5457    23.4282    10.8540     79.822    95.0947     1.6112      8.096     5.0869     7.2697    221.980    227.180      19267          4  0.000e+00
   54.68360 -132.91120    124.465     26.069     25.833    10.8575    30.6662  1023.5457    23.4280    10.8545     79.815    95.0947     1.6112      8.096     5.0864     7.2690    221.959    227.159      19268          4  0.000e+00
   54.68360 -132.91120    124.465     26.069     25.833    10.8581    30.6660  1023.5454    23.4277    10.8551     79.807    95.0667     1.6112      8.096     5.0858     7.2682    221.934    227.134      19269          4  0.000e+00
   54.68360 -132.91120    124.465     26.069     25.833    10.8573    30.6660  1023.5455    23.4278    10.8543     79.806    95.0388     1.5526      8.096     5.0858     7.2681    221.933    227.132      19270          4  0.000e+00
   54.68360 -132.91120    124.465     26.069     25.833    10.8565    30.6659  1023.5457    23.4279    10.8535     79.803    95.0388     1.4940      8.096     5.0857     7.2680    221.930    227.130      19271          4  0.000e+00
   54.68360 -132.91120    124.465     26.069     25.833    10.8557    30.6655  1023.5455    23.4277    10.8527     79.801    95.0388     1.4940      8.096     5.0857     7.2680    221.928    227.127      19272          4  0.000e+00
   54.68360 -132.91120    124.465     26.069     25.833    10.8555    30.6663  1023.5461    23.4283    10.8525     79.798    95.0388     1.4940      8.096     5.0855     7.2677    221.920    227.119      19273          4  0.000e+00
   54.68360 -132.91120    124.465     26.069     25.833    10.8560    30.6664  1023.5461    23.4284    10.8530     79.795    95.0388     1.4940      8.096     5.0853     7.2673    221.909    227.108      19274          4  0.000e+00
   54.68360 -132.91120    124.497     26.125     25.889    10.8567    30.6669  1023.5466    23.4286    10.8537     79.792    95.0388     1.4940      8.096     5.0850     7.2670    221.897    227.096      19275          4  0.000e+00
   54.68360 -132.91120    124.465     26.069     25.833    10.8575    30.6664  1023.5459    23.4281    10.8545     79.788    95.0388     1.4940      8.096     5.0847     7.2665    221.882    227.081      19276          4  0.000e+00
   54.68360 -132.91120    124.465     26.069     25.833    10.8572    30.6661  1023.5457    23.4279    10.8542     79.784    95.0388     1.4940      8.096     5.0844     7.2662    221.873    227.071      19277          4  0.000e+00
   54.68360 -132.91120    124.521     26.125     25.889    10.8561    30.6661  1023.5461    23.4281    10.8531     79.781    95.0388     1.4940      8.096     5.0844     7.2660    221.869    227.067      19278          4  0.000e+00
   54.68360 -132.91120    124.465     26.069     25.833    10.8551    30.6667  1023.5465    23.4287    10.8521     79.776    95.0388     1.4940      8.096     5.0841     7.2657    221.860    227.057      19279          4  0.000e+00
   54.68360 -132.91120    124.522     26.125     25.889    10.8547    30.6668  1023.5469    23.4288    10.8517     79.826    95.0388     1.4940      8.096     5.0874     7.2704    222.001    227.202      19280          4  0.000e+00
   54.68360 -132.91120    124.465     26.069     25.833    10.8544    30.6668  1023.5467    23.4289    10.8514     79.833    95.0388     1.4940      8.096     5.0878     7.2710    222.021    227.223      19281          4  0.000e+00
   54.68360 -132.91120    124.522     26.125     25.889    10.8537    30.6669  1023.5472    23.4291    10.8507     79.787    95.0388     1.4940      8.096     5.0850     7.2669    221.896    227.094      19282          4  0.000e+00
   54.68360 -132.91120    124.522     26.125     25.889    10.8528    30.6669  1023.5473    23.4293    10.8498     79.788    95.0388     1.4940      8.096     5.0851     7.2672    221.903    227.102      19283          4  0.000e+00
   54.68360 -132.91120    124.465     26.069     25.833    10.8512    30.6653  1023.5461    23.4283    10.8482     79.782    95.0388     1.4940      8.096     5.0850     7.2670    221.897    227.096      19284          4  0.000e+00
   54.68360 -132.91120    124.522     26.125     25.889    10.8469    30.6648  1023.5467    23.4287    10.8439     79.777    95.0388     1.4940      8.096     5.0852     7.2672    221.906    227.104      19285          4  0.000e+00
   54.68360 -132.91120    124.522     26.125     25.889    10.8468    30.6658  1023.5475    23.4295    10.8438     79.771    95.0388     1.4940      8.096     5.0848     7.2667    221.888    227.087      19286          4  0.000e+00
   54.68360 -132.91120    124.522     26.125     25.889    10.8498    30.6670  1023.5478    23.4298    10.8468     79.771    95.0388     1.4940      8.096     5.0844     7.2661    221.872    227.070      19287          4  0.000e+00
   54.68360 -132.91120    124.466     26.069     25.833    10.8521    30.6668  1023.5471    23.4294    10.8491     79.765    95.0388     1.4940      8.096     5.0837     7.2652    221.842    227.040      19288          4  0.000e+00
   54.68360 -132.91120    124.602     26.206     25.969    10.8528    30.6666  1023.5474    23.4290    10.8498     79.766    95.0667     1.4940      8.096     5.0837     7.2652    221.843    227.040      19289          4  0.000e+00
   54.68360 -132.91120    124.522     26.126     25.889    10.8523    30.6666  1023.5471    23.4291    10.8493     79.765    95.0667     1.4647      8.096     5.0838     7.2652    221.843    227.041      19290          4  0.000e+00
   54.68360 -132.91120    124.578     26.182     25.945    10.8496    30.6664  1023.5477    23.4295    10.8466     79.766    95.0667     1.4354      8.096     5.0841     7.2657    221.858    227.056      19291          4  0.000e+00
   54.68360 -132.91120    124.522     26.126     25.889    10.8481    30.6664  1023.5477    23.4297    10.8451     79.765    95.0667     1.4354      8.096     5.0842     7.2659    221.864    227.062      19292          4  0.000e+00
   54.68360 -132.91120    124.522     26.126     25.889    10.8479    30.6667  1023.5480    23.4300    10.8449     79.765    95.0667     1.4354      8.096     5.0843     7.2659    221.865    227.063      19293          4  0.000e+00
   54.68360 -132.91120    124.522     26.126     25.889    10.8480    30.6672  1023.5484    23.4303    10.8450     79.765    95.0667     1.4354      8.096     5.0842     7.2659    221.863    227.062      19294          4  0.000e+00
   54.68360 -132.91120    124.578     26.182     25.945    10.8504    30.6663  1023.5475    23.4292    10.8474     79.766    95.0667     1.4354      8.096     5.0840     7.2656    221.854    227.052      19295          4  0.000e+00
   54.68360 -132.91120    124.522     26.126     25.889    10.8522    30.6666  1023.5471    23.4291    10.8492     79.765    95.0388     1.4354      8.096     5.0838     7.2652    221.844    227.041      19296          4  0.000e+00
   54.68360 -132.91120    124.578     26.182     25.945    10.8526    30.6656  1023.5466    23.4283    10.8496     79.759    95.0667     1.4354      8.096     5.0834     7.2647    221.827    227.024      19297          4  0.000e+00
   54.68360 -132.91120    124.578     26.182     25.945    10.8483    30.6649  1023.5467    23.4285    10.8453     79.759    95.0667     1.4354      8.096     5.0839     7.2654    221.849    227.046      19298          4  0.000e+00
   54.68360 -132.91120    124.522     26.126     25.889    10.8427    30.6651  1023.5477    23.4296    10.8397     79.759    95.0667     1.4354      8.096     5.0845     7.2662    221.874    227.073      19299          4  0.000e+00
   54.68360 -132.91120    124.578     26.182     25.945    10.8398    30.6653  1023.5486    23.4303    10.8367     79.760    95.0667     1.4354      8.096     5.0848     7.2667    221.889    227.088      19300          4  0.000e+00
   54.68360 -132.91120    124.522     26.126     25.889    10.8381    30.6658  1023.5490    23.4309    10.8351     79.759    95.0667     1.4354      8.096     5.0850     7.2669    221.895    227.094      19301          4  0.000e+00
   54.68360 -132.91120    124.578     26.182     25.945    10.8366    30.6644  1023.5484    23.4301    10.8336     79.759    95.0667     1.4354      8.096     5.0852     7.2672    221.905    227.105      19302          4  0.000e+00
   54.68360 -132.91120    124.578     26.182     25.945    10.8301    30.6659  1023.5506    23.4324    10.8271     79.760    95.0667     1.4354      8.096     5.0859     7.2682    221.935    227.135      19303          4  0.000e+00
   54.68360 -132.91120    124.522     26.126     25.889    10.8249    30.6668  1023.5520    23.4339    10.8219     79.759    95.0667     1.4354      8.096     5.0864     7.2690    221.957    227.158      19304          4  0.000e+00
   54.68360 -132.91120    124.578     26.182     25.945    10.8220    30.6678  1023.5536    23.4353    10.8190     79.760    95.0667     1.4354      8.096     5.0867     7.2694    221.971    227.173      19305          4  0.000e+00
   54.68360 -132.91120    124.522     26.126     25.889    10.8206    30.6682  1023.5538    23.4358    10.8176     79.759    95.0667     1.4354      8.096     5.0868     7.2696    221.975    227.177      19306          4  0.000e+00
   54.68360 -132.91120    124.578     26.182     25.945    10.8197    30.6684  1023.5544    23.4361    10.8167     79.760    95.0667     1.4354      8.096     5.0869     7.2697    221.980    227.183      19307          4  0.000e+00
   54.68360 -132.91120    124.522     26.126     25.889    10.8192    30.6681  1023.5540    23.4360    10.8162     79.759    95.0667     1.4354      8.096     5.0870     7.2698    221.981    227.183      19308          4  0.000e+00
   54.68360 -132.91120    124.522     26.126     25.889    10.8188    30.6684  1023.5543    23.4362    10.8158     79.759    95.0108     1.4354      8.096     5.0870     7.2698    221.982    227.184      19309          4  0.000e+00
   54.68360 -132.91120    124.522     26.126     25.889    10.8189    30.6688  1023.5546    23.4365    10.8159     79.752    94.9549     1.4354      8.096     5.0865     7.2692    221.962    227.164      19310          4  0.000e+00
   54.68360 -132.91120    124.578     26.182     25.945    10.8190    30.6688  1023.5548    23.4365    10.8160     79.806    94.9549     1.4354      8.096     5.0900     7.2741    222.112    227.318      19311          4  0.000e+00
   54.68380 -132.91098    109.979     11.474     11.371    12.3095    29.9813  1022.6898    22.6383    12.3080     94.684    84.6623     2.6661      8.203     5.8754     8.3965    256.586    262.394      20990          5  0.000e+00
   54.68380 -132.91098    109.707     11.175     11.075    12.3086    29.9817  1022.6890    22.6388    12.3072     94.639    84.6623     2.6661      8.203     5.8727     8.3926    256.468    262.274      20991          5  0.000e+00
   54.68380 -132.91098    109.883     11.353     11.251    12.3081    29.9825  1022.6904    22.6394    12.3067     94.646    84.6902     2.6661      8.203     5.8732     8.3933    256.489    262.295      20992          5  0.000e+00
   54.68380 -132.91098    109.971     11.442     11.339    12.3086    29.9824  1022.6906    22.6392    12.3072     94.651    84.6902     2.6368      8.203     5.8734     8.3936    256.498    262.305      20993          5  0.000e+00
   54.68380 -132.91098    109.883     11.353     11.251    12.3086    29.9821  1022.6900    22.6390    12.3072     94.646    84.6623     2.5782      8.203     5.8731     8.3932    256.486    262.292      20994          5  0.000e+00
   54.68380 -132.91098    109.939     11.410     11.307    12.3085    29.9822  1022.6904    22.6392    12.3071     94.647    84.6623     2.5489      8.203     5.8732     8.3934    256.489    262.296      20995          5  0.000e+00
   54.68380 -132.91098    109.907     11.377     11.275    12.3095    29.9817  1022.6897    22.6386    12.3080     94.645    84.6623     2.5782      8.203     5.8730     8.3931    256.481    262.287      20996          5  0.000e+00
   54.68380 -132.91098    109.939     11.410     11.307    12.3095    29.9818  1022.6899    22.6386    12.3080     94.697    84.6623     2.5489      8.203     5.8762     8.3976    256.620    262.430      20997          5  0.000e+00
   54.68380 -132.91098    109.939     11.410     11.307    12.3105    29.9810  1022.6891    22.6378    12.3090     94.645    84.6623     2.5782      8.203     5.8729     8.3929    256.476    262.282      20998          5  0.000e+00
   54.68380 -132.91098    109.939     11.410     11.307    12.3113    29.9807  1022.6887    22.6374    12.3099     94.639    84.6623     2.5782      8.203     5.8724     8.3923    256.457    262.263      20999          5  0.000e+00
