EcoFOCI/data/1_SampleCollection/2022_GOA-OA_CruiseData/CTD_raw_BottleFile_RC0083/RC0083_117.ros
* Sea-Bird SBE 9 Data File:
* FileName = C:\Data\RC0083ctd\RC0083_117.hex
* Software Version Seasave V 7.26.7.107
* Temperature SN = 2060
* Conductivity SN = 2881
* Number of Bytes Per Scan = 31
* Number of Voltage Words = 4
* Number of Scans Averaged by the Deck Unit = 1
* NMEA Latitude = 56 28.35 N
* NMEA Longitude = 134 27.35 W
* NMEA UTC (Time) = Aug 23 2022  18:32:24
* NMEA baud rate = 4800
** Ship: R/V Rachel Carson
** Cruise ID: RC0083
** Tech: McHugh/Nomura
** Chief Scientist: Cross
** Station: MCS1
** Cast:  CTD117
# nquan = 21
# nvalues = 392                                   
# units = specified
# name 0 = latitude: Latitude [deg]
# name 1 = longitude: Longitude [deg]
# name 2 = sfdSM: Seafloor depth [salt water, m]
# name 3 = prDM: Pressure, Digiquartz [db]
# name 4 = depSM: Depth [salt water, m]
# name 5 = t090C: Temperature [ITS-90, deg C]
# name 6 = sal00: Salinity, Practical [PSU]
# name 7 = density00: Density [density, kg/m^3]
# name 8 = sigma-é00: Density [sigma-theta, kg/m^3]
# name 9 = potemp090C: Potential Temperature [ITS-90, deg C]
# name 10 = sbeox0PS: Oxygen, SBE 43 [% saturation]
# name 11 = CStarTr0: Beam Transmission, WET Labs C-Star [%]
# name 12 = flECO-AFL: Fluorescence, WET Labs ECO-AFL/FL [mg/m^3]
# name 13 = ph: pH
# name 14 = sbeox0ML/L: Oxygen, SBE 43 [ml/l]
# name 15 = sbeox0Mg/L: Oxygen, SBE 43 [mg/l]
# name 16 = sbox0Mm/Kg: Oxygen, SBE 43 [umol/kg]
# name 17 = sbeox0Mm/L: Oxygen, SBE 43 [umol/l]
# name 18 = scan: Scan Count
# name 19 = nbf: Bottles Fired
# name 20 = flag:  0.000e+00
# interval = seconds: 0.0416667
# start_time = Aug 23 2022 18:32:24 [NMEA time, header]
# bad_flag = -9.990e-29
*END*
[from data line 345]
   56.47012 -134.45446    101.756      3.202      3.173    11.1107    27.8758  1021.2308    21.2163    11.1103     86.442    89.5009     2.6368      8.241     5.5766     7.9696    243.879    249.053      39322          8  0.000e+00
   56.47012 -134.45446    101.420      2.887      2.861    11.1112    27.8751  1021.2287    21.2156    11.1109     86.434    89.5009     2.6368      8.241     5.5761     7.9688    243.855    249.029      39323          8  0.000e+00
   56.47012 -134.45446    101.524      2.968      2.941    11.1117    27.8746  1021.2286    21.2151    11.1113     86.433    89.5009     2.6368      8.241     5.5760     7.9687    243.851    249.024      39324          8  0.000e+00
   56.47012 -134.45446    101.540      3.008      2.981    11.1120    27.8741  1021.2283    21.2147    11.1117     86.434    89.5009     2.6368      8.241     5.5760     7.9687    243.852    249.025      39325          8  0.000e+00
   56.47012 -134.45446    101.540      3.008      2.981    11.1115    27.8742  1021.2285    21.2148    11.1112     86.431    89.5009     2.6368      8.241     5.5759     7.9685    243.847    249.020      39326          8  0.000e+00
   56.47012 -134.45446    101.556      3.024      2.997    11.1109    27.8744  1021.2288    21.2151    11.1105     86.376    89.5009     2.6368      8.241     5.5724     7.9636    243.695    248.865      39327          8  0.000e+00
   56.47012 -134.45446    101.476      2.944      2.917    11.1109    27.8746  1021.2286    21.2152    11.1105     86.427    89.5009     2.6368      8.241     5.5757     7.9682    243.838    249.011      39328          8  0.000e+00
   56.47012 -134.45446    101.676      3.146      3.117    11.1107    27.8742  1021.2293    21.2150    11.1103     86.379    89.5009     2.6368      8.241     5.5726     7.9638    243.703    248.873      39329          8  0.000e+00
   56.47010 -134.45446    101.356      2.823      2.797    11.1113    27.8740  1021.2275    21.2147    11.1110     86.486    89.5009     2.6368      8.241     5.5795     7.9736    244.002    249.179      39330          8  0.000e+00
   56.47010 -134.45446    101.580      3.024      2.997    11.1112    27.8738  1021.2283    21.2146    11.1109     86.507    89.5009     2.6368      8.241     5.5808     7.9756    244.063    249.240      39331          8  0.000e+00
   56.47010 -134.45446    101.500      2.944      2.917    11.1112    27.8738  1021.2279    21.2146    11.1109     86.527    89.5009     2.6368      8.241     5.5821     7.9774    244.119    249.298      39332          8  0.000e+00
   56.47010 -134.45446    101.500      2.968      2.941    11.1099    27.8746  1021.2289    21.2154    11.1095     86.550    89.5009     2.6368      8.241     5.5838     7.9798    244.191    249.372      39333          8  0.000e+00
   56.47010 -134.45446    101.540      3.008      2.981    11.1084    27.8754  1021.2299    21.2163    11.1081     86.571    89.5009     2.6368      8.241     5.5852     7.9819    244.255    249.437      39334          8  0.000e+00
   56.47010 -134.45446    101.452      2.944      2.917    11.1064    27.8767  1021.2310    21.2176    11.1061     86.592    89.5009     2.6368      8.241     5.5868     7.9841    244.323    249.507      39335          8  0.000e+00
   56.47010 -134.45446    101.620      3.089      3.061    11.1059    27.8773  1021.2322    21.2182    11.1056     86.617    89.5009     2.6368      8.241     5.5885     7.9865    244.396    249.582      39336          8  0.000e+00
   56.47010 -134.45446    101.476      2.944      2.917    11.1072    27.8759  1021.2302    21.2169    11.1069     86.636    89.5289     2.6368      8.241     5.5896     7.9881    244.444    249.631      39337          8  0.000e+00
   56.47010 -134.45446    101.380      2.847      2.821    11.1075    27.8751  1021.2291    21.2162    11.1072     86.657    89.5568     2.6368      8.241     5.5909     7.9900    244.503    249.690      39338          8  0.000e+00
   56.47010 -134.45446    101.476      2.944      2.917    11.1074    27.8748  1021.2293    21.2160    11.1071     86.731    89.5848     2.6368      8.241     5.5957     7.9969    244.714    249.905      39339          8  0.000e+00
   56.47010 -134.45446    101.500      2.968      2.941    11.1077    27.8744  1021.2291    21.2157    11.1074     86.816    89.5848     2.6368      8.241     5.6012     8.0047    244.953    250.149      39340          8  0.000e+00
   56.47010 -134.45446    101.476      2.944      2.917    11.1085    27.8730  1021.2277    21.2144    11.1082     86.798    89.5848     2.6368      8.241     5.5999     8.0029    244.898    250.094      39341          8  0.000e+00
   56.47010 -134.45446    101.436      2.904      2.877    11.1082    27.8730  1021.2276    21.2144    11.1079     86.880    89.5848     2.6368      8.241     5.6053     8.0105    245.131    250.332      39342          8  0.000e+00
   56.47010 -134.45446    101.476      2.944      2.917    11.1075    27.8729  1021.2278    21.2145    11.1072     86.914    89.5848     2.6368      8.241     5.6076     8.0138    245.232    250.434      39343          8  0.000e+00
   56.47010 -134.45446    101.620      3.089      3.061    11.1074    27.8731  1021.2287    21.2147    11.1071     86.945    89.5848     2.6368      8.241     5.6096     8.0167    245.320    250.524      39344          8  0.000e+00
   56.47010 -134.45446    101.356      2.823      2.797    11.1077    27.8725  1021.2269    21.2141    11.1074     86.972    89.5848     2.6368      8.241     5.6113     8.0192    245.396    250.602      39345          8  0.000e+00
   56.47010 -134.45446    101.476      2.944      2.917    11.1081    27.8719  1021.2270    21.2137    11.1077     87.005    89.5848     2.6368      8.241     5.6134     8.0221    245.487    250.695      39346          8  0.000e+00
   56.47010 -134.45446    101.436      2.904      2.877    11.1084    27.8721  1021.2269    21.2137    11.1081     87.031    89.5848     2.6368      8.241     5.6150     8.0245    245.559    250.768      39347          8  0.000e+00
   56.47010 -134.45446    101.476      2.944      2.917    11.1084    27.8721  1021.2271    21.2137    11.1081     87.059    89.5848     2.6368      8.241     5.6168     8.0270    245.637    250.848      39348          8  0.000e+00
   56.47010 -134.45446    101.461      2.904      2.877    11.1079    27.8719  1021.2269    21.2137    11.1075     87.086    89.5848     2.6368      8.241     5.6187     8.0297    245.718    250.931      39349          8  0.000e+00
   56.47010 -134.45446    101.501      2.944      2.917    11.1076    27.8718  1021.2270    21.2136    11.1073     87.170    89.5848     2.6368      8.241     5.6241     8.0375    245.957    251.174      39350          8  0.000e+00
   56.47010 -134.45446    101.556      3.025      2.997    11.1067    27.8723  1021.2279    21.2142    11.1064     87.200    89.5848     2.6368      8.241     5.6262     8.0403    246.044    251.264      39351          8  0.000e+00
   56.47010 -134.45446    101.356      2.823      2.797    11.1061    27.8725  1021.2272    21.2144    11.1057     87.227    89.5848     2.6368      8.241     5.6280     8.0429    246.123    251.345      39352          8  0.000e+00
   56.47010 -134.45446    101.436      2.904      2.877    11.1059    27.8725  1021.2276    21.2145    11.1055     87.257    89.5848     2.6368      8.241     5.6299     8.0457    246.210    251.433      39353          8  0.000e+00
   56.47010 -134.45446    101.476      2.944      2.917    11.1057    27.8721  1021.2276    21.2142    11.1054     87.287    89.5848     2.6368      8.241     5.6319     8.0485    246.295    251.520      39354          8  0.000e+00
   56.47010 -134.45446    101.436      2.904      2.877    11.1061    27.8720  1021.2272    21.2140    11.1057     87.371    89.5848     2.6661      8.241     5.6373     8.0562    246.531    251.761      39355          8  0.000e+00
   56.47010 -134.45446    101.476      2.944      2.917    11.1062    27.8713  1021.2269    21.2135    11.1059     87.406    89.5848     2.6954      8.241     5.6396     8.0595    246.631    251.863      39356          8  0.000e+00
   56.47010 -134.45446    101.420      2.888      2.861    11.1059    27.8709  1021.2263    21.2132    11.1055     87.430    89.5568     2.7247      8.241     5.6411     8.0617    246.700    251.933      39357          8  0.000e+00
   56.47010 -134.45446    101.556      3.025      2.997    11.1055    27.8708  1021.2269    21.2132    11.1052     87.450    89.5009     2.7247      8.241     5.6425     8.0636    246.758    251.992      39358          8  0.000e+00
   56.47010 -134.45446    101.356      2.823      2.797    11.1055    27.8710  1021.2262    21.2134    11.1052     87.460    89.4450     2.7247      8.241     5.6431     8.0646    246.786    252.021      39359          8  0.000e+00
   56.47010 -134.45446    101.436      2.904      2.877    11.1055    27.8706  1021.2262    21.2131    11.1052     87.478    89.4450     2.7247      8.241     5.6443     8.0662    246.837    252.073      39360          8  0.000e+00
   56.47010 -134.45446    101.477      2.944      2.917    11.1053    27.8701  1021.2260    21.2127    11.1049     87.544    89.4450     2.7541      8.241     5.6486     8.0724    247.026    252.266      39361          8  0.000e+00
   56.47010 -134.45446    101.437      2.904      2.877    11.1055    27.8699  1021.2257    21.2125    11.1052     87.564    89.4450     2.7247      8.241     5.6498     8.0742    247.081    252.322      39362          8  0.000e+00
   56.47010 -134.45446    101.452      2.944      2.917    11.1057    27.8696  1021.2256    21.2122    11.1054     87.583    89.4450     2.7247      8.241     5.6511     8.0760    247.136    252.379      39363          8  0.000e+00
   56.47010 -134.45446    101.437      2.904      2.877    11.1051    27.8697  1021.2256    21.2124    11.1048     87.596    89.4450     2.7247      8.241     5.6520     8.0773    247.176    252.419      39364          8  0.000e+00
   56.47010 -134.45446    101.597      3.065      3.037    11.1043    27.8703  1021.2269    21.2130    11.1039     87.610    89.4450     2.7247      8.241     5.6530     8.0787    247.219    252.463      39365          8  0.000e+00
   56.47010 -134.45446    101.325      2.791      2.765    11.1036    27.8707  1021.2261    21.2135    11.1033     87.668    89.4450     2.7247      8.241     5.6568     8.0841    247.384    252.632      39366          8  0.000e+00
   56.47010 -134.45446    101.541      3.009      2.981    11.1031    27.8707  1021.2272    21.2135    11.1027     87.680    89.4450     2.7247      8.241     5.6576     8.0853    247.421    252.669      39367          8  0.000e+00
   56.47010 -134.45446    101.477      2.944      2.917    11.1034    27.8702  1021.2265    21.2131    11.1031     87.687    89.4450     2.7247      8.241     5.6581     8.0859    247.440    252.689      39368          8  0.000e+00
