EcoFOCI/data/1_SampleCollection/2022_GOA-OA_CruiseData/CTD_raw_BottleFile_RC0083/RC0083_049.cnv
* Sea-Bird SBE 9 Data File:
* FileName = C:\Data\RC0083ctd\RC0083_049.hex
* Software Version Seasave V 7.26.7.107
* Temperature SN = 2060
* Conductivity SN = 1084
* Number of Bytes Per Scan = 31
* Number of Voltage Words = 4
* Number of Scans Averaged by the Deck Unit = 1
* NMEA Latitude = 58 12.65 N
* NMEA Longitude = 137 05.13 W
* NMEA UTC (Time) = Aug 19 2022  08:16:29
* NMEA baud rate = 4800
** Ship: R/V Rachel Carson
** Cruise ID: RC0083
** Tech: McHugh/Nomura
** Chief Scientist: Cross
** Station: SEM05
** Cast:  CTD049
# nquan = 19
# nvalues = 12700                                 
# units = specified
# name 0 = latitude: Latitude [deg]
# name 1 = longitude: Longitude [deg]
# name 2 = sfdSM: Seafloor depth [salt water, m]
# name 3 = prDM: Pressure, Digiquartz [db]
# name 4 = depSM: Depth [salt water, m]
# name 5 = t090C: Temperature [ITS-90, deg C]
# name 6 = sal00: Salinity, Practical [PSU]
# name 7 = density00: Density [density, kg/m^3]
# name 8 = sigma-é00: Density [sigma-theta, kg/m^3]
# name 9 = potemp090C: Potential Temperature [ITS-90, deg C]
# name 10 = sbeox0PS: Oxygen, SBE 43 [% saturation]
# name 11 = CStarTr0: Beam Transmission, WET Labs C-Star [%]
# name 12 = flECO-AFL: Fluorescence, WET Labs ECO-AFL/FL [mg/m^3]
# name 13 = ph: pH
# name 14 = sbeox0ML/L: Oxygen, SBE 43 [ml/l]
# name 15 = sbeox0Mg/L: Oxygen, SBE 43 [mg/l]
# name 16 = sbox0Mm/Kg: Oxygen, SBE 43 [umol/kg]
# name 17 = sbeox0Mm/L: Oxygen, SBE 43 [umol/l]
# name 18 = flag:  0.000e+00
# span 0 =   58.21080,   58.21210                 
# span 1 = -137.08572, -137.08530                 
# span 2 =      2.845,    134.110                 
# span 3 =      2.686,    118.676                 
# span 4 =      2.661,    117.541                 
# span 5 =     6.7265,    14.5252                 
# span 6 =    31.5662,    32.5227                 
# span 7 =  1023.4728,  1026.0493                 
# span 8 =    23.4508,    25.5044                 
# span 9 =     6.7163,    14.5236                 
# span 10 =     57.031,    102.129                
# span 11 =    92.5216,   106.1145                
# span 12 =    -0.1177,     2.6368                
# span 13 =      7.902,      8.302                
# span 14 =     3.8710,     6.0172                
# span 15 =     5.5320,     8.5991                
# span 16 =    168.673,    262.550                
# span 17 =    172.878,    268.727                
# span 18 = 0.0000e+00, 0.0000e+00                
# interval = seconds: 0.0416667
# start_time = Aug 19 2022 08:16:29 [NMEA time, header]
# bad_flag = -9.990e-29
*END*
[from data line 915]
   58.21096 -137.08552     64.967      4.225      4.186    14.4889    31.6005  1023.4794    23.4607    14.4883    101.501    92.5775     1.9921      8.297     5.9610     8.5189    260.117    266.220  0.000e+00
   58.21096 -137.08552     87.555      4.249      4.210    14.4888    31.6005  1023.4795    23.4607    14.4882    101.507    92.5495     1.9921      8.297     5.9614     8.5194    260.132    266.235  0.000e+00
   58.21096 -137.08552    102.304      4.346      4.306    14.4888    31.6009  1023.4803    23.4610    14.4881    101.512    92.5495     1.9921      8.297     5.9617     8.5198    260.145    266.249  0.000e+00
   58.21096 -137.08552    104.266      4.306      4.266    14.4893    31.6008  1023.4799    23.4608    14.4887    101.515    92.5775     1.9921      8.297     5.9618     8.5200    260.150    266.254  0.000e+00
   58.21096 -137.08552    103.581      4.403      4.362    14.4893    31.6002  1023.4799    23.4603    14.4886    101.519    92.5775     1.9921      8.297     5.9620     8.5203    260.161    266.265  0.000e+00
   58.21096 -137.08552    103.074      4.484      4.442    14.4895    31.5998  1023.4799    23.4600    14.4888    101.522    92.5775     1.9921      8.297     5.9622     8.5206    260.168    266.271  0.000e+00
   58.21096 -137.08552    103.041      4.524      4.482    14.4894    31.5993  1023.4797    23.4597    14.4888    101.518    92.5775     1.9921      8.297     5.9620     8.5203    260.159    266.262  0.000e+00
   58.21096 -137.08552    103.122      4.581      4.538    14.4886    31.6001  1023.4807    23.4604    14.4880    101.513    92.5495     1.9921      8.297     5.9618     8.5200    260.149    266.252  0.000e+00
   58.21096 -137.08552    103.018      4.427      4.386    14.4886    31.5999  1023.4799    23.4602    14.4879    101.452    92.5495     1.9335      8.297     5.9582     8.5148    259.993    266.092  0.000e+00
   58.21096 -137.08552    103.410      4.823      4.778    14.4883    31.6004  1023.4822    23.4608    14.4876    101.444    92.5495     1.9335      8.297     5.9578     8.5142    259.974    266.073  0.000e+00
   58.21096 -137.08552    103.314      4.726      4.682    14.4881    31.6003  1023.4817    23.4607    14.4874    101.429    92.5495     1.8749      8.297     5.9569     8.5130    259.938    266.036  0.000e+00
   58.21096 -137.08552    103.410      4.823      4.778    14.4874    31.6005  1023.4824    23.4610    14.4867    101.422    92.5216     1.8749      8.297     5.9565     8.5125    259.921    266.019  0.000e+00
   58.21096 -137.08552    103.410      4.823      4.778    14.4870    31.6004  1023.4824    23.4610    14.4864    101.412    92.5216     1.8749      8.297     5.9560     8.5118    259.899    265.996  0.000e+00
   58.21096 -137.08552    103.490      4.904      4.858    14.4869    31.6005  1023.4828    23.4611    14.4862    101.403    92.5216     1.8749      8.297     5.9555     8.5110    259.876    265.973  0.000e+00
   58.21096 -137.08552    103.522      4.936      4.890    14.4874    31.6004  1023.4828    23.4609    14.4867    101.387    92.5216     1.8749      8.297     5.9545     8.5096    259.833    265.929  0.000e+00
   58.21096 -137.08552    103.586      5.025      4.978    14.4874    31.6002  1023.4831    23.4608    14.4867    101.377    92.5216     1.8749      8.297     5.9539     8.5087    259.806    265.901  0.000e+00
   58.21096 -137.08552    103.642      5.057      5.010    14.4876    31.6009  1023.4837    23.4612    14.4868    101.312    92.5216     1.8749      8.297     5.9501     8.5032    259.638    265.729  0.000e+00
   58.21096 -137.08552    103.666      5.081      5.034    14.4872    31.6009  1023.4839    23.4613    14.4865    101.289    92.5216     1.8749      8.297     5.9487     8.5014    259.581    265.671  0.000e+00
   58.21096 -137.08552    103.818      5.235      5.186    14.4874    31.6008  1023.4845    23.4612    14.4867    101.272    92.5216     1.8749      8.297     5.9478     8.4999    259.538    265.627  0.000e+00
   58.21096 -137.08552    103.882      5.299      5.250    14.4871    31.6003  1023.4844    23.4609    14.4864    101.254    92.5216     1.8749      8.297     5.9467     8.4985    259.494    265.582  0.000e+00
   58.21096 -137.08552    103.842      5.259      5.210    14.4874    31.6002  1023.4841    23.4608    14.4867    101.234    92.5216     1.8749      8.297     5.9455     8.4968    259.441    265.528  0.000e+00
   58.21096 -137.08552    103.994      5.412      5.362    14.4876    31.6001  1023.4847    23.4607    14.4868    101.216    92.5216     1.8749      8.297     5.9445     8.4953    259.395    265.481  0.000e+00
   58.21096 -137.08552    104.018      5.436      5.386    14.4872    31.6002  1023.4849    23.4608    14.4865    101.197    92.5216     1.8749      8.297     5.9433     8.4936    259.345    265.430  0.000e+00
   58.21096 -137.08552    104.058      5.477      5.426    14.4867    31.6003  1023.4853    23.4610    14.4859    101.182    92.5216     1.8749      8.297     5.9425     8.4925    259.310    265.393  0.000e+00
   58.21096 -137.08552    104.114      5.533      5.482    14.4866    31.5999  1023.4853    23.4608    14.4858    101.114    92.5216     1.8749      8.292     5.9386     8.4868    259.138    265.217  0.000e+00
   58.21096 -137.08552    104.258      5.679      5.626    14.4864    31.5998  1023.4859    23.4607    14.4856    101.095    92.5216     1.8749      8.297     5.9375     8.4853    259.091    265.169  0.000e+00
   58.21096 -137.08552    104.290      5.711      5.658    14.4864    31.5999  1023.4861    23.4607    14.4856    101.022    92.5216     1.8749      8.297     5.9332     8.4792    258.903    264.977  0.000e+00
   58.21096 -137.08552    104.170      5.614      5.562    14.4862    31.6003  1023.4860    23.4611    14.4854    101.048    92.5216     1.8749      8.292     5.9348     8.4814    258.970    265.046  0.000e+00
   58.21096 -137.08552    104.642      6.066      6.010    14.4861    31.6003  1023.4881    23.4612    14.4852    100.986    92.5216     1.8749      8.297     5.9311     8.4762    258.811    264.883  0.000e+00
   58.21096 -137.08552    104.762      6.188      6.130    14.4862    31.5995  1023.4880    23.4605    14.4853    100.968    92.5495     1.8749      8.297     5.9301     8.4746    258.765    264.836  0.000e+00
   58.21096 -137.08552    104.554      5.978      5.922    14.4861    31.5999  1023.4874    23.4609    14.4852    100.946    92.8572     1.8749      8.297     5.9288     8.4728    258.709    264.778  0.000e+00
   58.21096 -137.08552    104.642      6.066      6.010    14.4857    31.6001  1023.4880    23.4611    14.4848    100.928    93.0530     1.8749      8.297     5.9277     8.4713    258.665    264.733  0.000e+00
   58.21096 -137.08552    104.466      5.889      5.834    14.4859    31.5998  1023.4869    23.4608    14.4851    100.860    93.0809     1.8749      8.297     5.9237     8.4656    258.489    264.554  0.000e+00
   58.21098 -137.08552    104.730      6.155      6.098    14.4860    31.5997  1023.4880    23.4607    14.4852    100.845    93.0809     1.8749      8.297     5.9229     8.4644    258.453    264.516  0.000e+00
   58.21098 -137.08552    104.586      6.010      5.954    14.4861    31.5996  1023.4872    23.4606    14.4852    100.774    93.0530     1.8749      8.297     5.9187     8.4584    258.270    264.329  0.000e+00
   58.21098 -137.08552    104.490      5.913      5.858    14.4860    31.5994  1023.4867    23.4605    14.4852    100.752    93.0530     1.8749      8.297     5.9174     8.4566    258.215    264.272  0.000e+00
   58.21098 -137.08552    104.586      6.010      5.954    14.4859    31.6000  1023.4876    23.4610    14.4850    100.681    93.0530     1.8749      8.297     5.9132     8.4506    258.032    264.085  0.000e+00
   58.21098 -137.08552    104.466      5.889      5.834    14.4862    31.5993  1023.4865    23.4604    14.4854    100.709    93.0530     1.8749      8.297     5.9149     8.4529    258.103    264.158  0.000e+00
   58.21098 -137.08552    104.610      6.034      5.978    14.4859    31.5994  1023.4872    23.4605    14.4850    100.699    93.0530     1.8749      8.297     5.9143     8.4521    258.078    264.133  0.000e+00
   58.21098 -137.08552    104.706      6.131      6.074    14.4860    31.5994  1023.4877    23.4605    14.4852    100.637    93.0530     1.8749      8.297     5.9106     8.4469    257.918    263.969  0.000e+00
   58.21098 -137.08552    104.786      6.212      6.154    14.4861    31.5992  1023.4879    23.4603    14.4852    100.623    93.0530     1.8749      8.297     5.9099     8.4458    257.884    263.934  0.000e+00
   58.21098 -137.08552     84.098      6.010      5.954    14.4859    31.5993  1023.4871    23.4604    14.4850    100.608    93.0530     1.8749      8.297     5.9090     8.4445    257.846    263.895  0.000e+00
   58.21098 -137.08552     34.914      6.131      6.074    14.4861    31.5996  1023.4878    23.4606    14.4852    100.545    93.0530     1.8749      8.297     5.9053     8.4392    257.684    263.729  0.000e+00
   58.21098 -137.08552     18.156      5.977      5.922    14.4860    31.5994  1023.4870    23.4605    14.4852    100.529    93.0809     1.8749      8.297     5.9043     8.4378    257.642    263.686  0.000e+00
   58.21098 -137.08552     18.281      5.832      5.778    14.4857    31.5996  1023.4866    23.4607    14.4849    100.514    93.0809     1.8749      8.297     5.9035     8.4366    257.605    263.649  0.000e+00
   58.21098 -137.08552     20.276      5.800      5.746    14.4859    31.5996  1023.4864    23.4606    14.4851    100.502    93.0530     1.8749      8.297     5.9028     8.4356    257.574    263.617  0.000e+00
   58.21098 -137.08552     20.887      5.776      5.722    14.4857    31.5995  1023.4862    23.4606    14.4849    100.492    93.0809     1.8749      8.297     5.9022     8.4348    257.550    263.592  0.000e+00
   58.21098 -137.08552     20.974      5.889      5.834    14.4857    31.5993  1023.4866    23.4605    14.4849    100.433    93.0809     1.8749      8.297     5.8987     8.4299    257.398    263.437  0.000e+00
   58.21098 -137.08552     20.725      5.735      5.682    14.4857    31.5996  1023.4861    23.4607    14.4849    100.473    93.0530     1.8749      8.297     5.9011     8.4332    257.500    263.541  0.000e+00
   58.21098 -137.08552     20.916      5.953      5.898    14.4855    31.5995  1023.4870    23.4606    14.4847    100.419    93.0530     1.8163      8.297     5.8979     8.4287    257.362    263.400  0.000e+00
   58.21098 -137.08552     20.876      5.913      5.858    14.4856    31.5990  1023.4865    23.4602    14.4847    100.411    93.1369     1.7577      8.297     5.8974     8.4280    257.342    263.379  0.000e+00
   58.21098 -137.08552     20.796      5.832      5.778    14.4855    31.5996  1023.4866    23.4607    14.4847    100.404    93.2208     1.7577      8.297     5.8970     8.4274    257.324    263.361  0.000e+00
   58.21098 -137.08552     20.941      5.953      5.898    14.4857    31.5992  1023.4868    23.4604    14.4849    100.402    93.2487     1.6991      8.297     5.8969     8.4273    257.319    263.355  0.000e+00
   58.21098 -137.08552     20.700      5.735      5.682    14.4856    31.5994  1023.4860    23.4605    14.4848    100.398    93.2487     1.7284      8.297     5.8966     8.4269    257.308    263.344  0.000e+00
   58.21098 -137.08552     20.620      5.654      5.602    14.4857    31.5992  1023.4855    23.4604    14.4849    100.397    93.2487     1.6991      8.297     5.8966     8.4268    257.305    263.342  0.000e+00
   58.21098 -137.08552     20.525      5.533      5.482    14.4859    31.5992  1023.4849    23.4604    14.4851    100.397    93.2487     1.7284      8.292     5.8966     8.4268    257.306    263.342  0.000e+00
   58.21098 -137.08552     20.845      5.856      5.802    14.4857    31.5991  1023.4863    23.4603    14.4849    100.405    93.2487     1.7577      8.297     5.8971     8.4275    257.328    263.365  0.000e+00
   58.21098 -137.08552     20.620      5.654      5.602    14.4856    31.5996  1023.4858    23.4607    14.4848    100.404    93.2487     1.7577      8.297     5.8970     8.4274    257.323    263.360  0.000e+00
   58.21098 -137.08552     37.103      5.679      5.626    14.4857    31.5999  1023.4861    23.4609    14.4849    100.406    93.2487     1.7577      8.297     5.8971     8.4276    257.328    263.365  0.000e+00
   58.21098 -137.08552     87.993      5.775      5.722    14.4856    31.5992  1023.4860    23.4604    14.4848    100.464    93.2487     1.6991      8.297     5.9006     8.4325    257.479    263.520  0.000e+00
   58.21098 -137.08552    105.482      5.533      5.482    14.4860    31.5989  1023.4846    23.4600    14.4852    100.472    93.2487     1.7284      8.297     5.9010     8.4331    257.497    263.538  0.000e+00
   58.21098 -137.08552    105.562      5.614      5.562    14.4857    31.5987  1023.4849    23.4600    14.4849    100.485    93.2487     1.7577      8.292     5.9018     8.4343    257.532    263.574  0.000e+00
   58.21098 -137.08552    104.725      5.533      5.482    14.4860    31.5992  1023.4848    23.4603    14.4852    100.498    93.2487     1.7284      8.297     5.9025     8.4352    257.562    263.605  0.000e+00
   58.21098 -137.08552    104.016      5.557      5.506    14.4859    31.5992  1023.4850    23.4603    14.4851    100.513    93.2487     1.7284      8.297     5.9034     8.4366    257.603    263.646  0.000e+00
   58.21098 -137.08552    104.232      5.775      5.722    14.4857    31.5987  1023.4856    23.4600    14.4849    100.532    93.2487     1.7284      8.297     5.9046     8.4382    257.654    263.699  0.000e+00
   58.21098 -137.08552    104.266      5.711      5.658    14.4856    31.5988  1023.4854    23.4601    14.4848    100.544    93.2487     1.7577      8.297     5.9053     8.4393    257.685    263.730  0.000e+00
   58.21098 -137.08552    104.194      5.614      5.562    14.4855    31.5990  1023.4852    23.4603    14.4847    100.557    93.2208     1.7284      8.292     5.9060     8.4403    257.718    263.764  0.000e+00
   58.21098 -137.08552    104.146      5.590      5.538    14.4857    31.5989  1023.4849    23.4601    14.4849    100.625    93.2487     1.7284      8.297     5.9100     8.4460    257.891    263.941  0.000e+00
   58.21098 -137.08552    104.138      5.557      5.506    14.4857    31.5989  1023.4848    23.4601    14.4849    100.646    93.2487     1.7284      8.297     5.9113     8.4478    257.945    263.997  0.000e+00
   58.21098 -137.08552    104.114      5.533      5.482    14.4857    31.5990  1023.4848    23.4602    14.4849    100.669    93.2487     1.7577      8.297     5.9126     8.4496    258.002    264.055  0.000e+00
   58.21098 -137.08552    104.114      5.533      5.482    14.4857    31.5990  1023.4847    23.4602    14.4849    100.692    93.2208     1.8163      8.297     5.9140     8.4516    258.063    264.117  0.000e+00
   58.21098 -137.08552    104.194      5.614      5.562    14.4859    31.5987  1023.4849    23.4600    14.4851    100.718    93.1928     1.8163      8.297     5.9154     8.4538    258.128    264.184  0.000e+00
   58.21098 -137.08552    102.632      5.590      5.538    14.4855    31.5989  1023.4850    23.4601    14.4847    100.743    93.1928     1.8163      8.297     5.9170     8.4560    258.195    264.253  0.000e+00
   58.21098 -137.08552     95.882      5.679      5.626    14.4857    31.5993  1023.4857    23.4605    14.4849    100.766    93.1928     1.8163      8.297     5.9183     8.4578    258.251    264.310  0.000e+00
   58.21098 -137.08552     92.825      5.477      5.426    14.4855    31.6001  1023.4854    23.4611    14.4847    100.786    93.1928     1.8163      8.297     5.9194     8.4595    258.302    264.362  0.000e+00
