EcoFOCI/data/1_SampleCollection/2022_GOA-OA_CruiseData/CTD_raw_BottleFile_RC0083/RC0083_081.cnv
* Sea-Bird SBE 9 Data File:
* FileName = C:\Data\RC0083ctd\RC0083_081.hex
* Software Version Seasave V 7.26.7.107
* Temperature SN = 2060
* Conductivity SN = 2881
* Number of Bytes Per Scan = 31
* Number of Voltage Words = 4
* Number of Scans Averaged by the Deck Unit = 1
* NMEA Latitude = 58 12.37 N
* NMEA Longitude = 134 26.53 W
* NMEA UTC (Time) = Aug 22 2022  01:33:07
* NMEA baud rate = 4800
** Ship: R/V Rachel Carson
** Cruise ID: RC0083
** Tech: McHugh/Nomura
** Chief Scientist: Cross
** Station: SPB
** Cast:  CTD081
# nquan = 19
# nvalues = 9597                                  
# units = specified
# name 0 = latitude: Latitude [deg]
# name 1 = longitude: Longitude [deg]
# name 2 = sfdSM: Seafloor depth [salt water, m]
# name 3 = prDM: Pressure, Digiquartz [db]
# name 4 = depSM: Depth [salt water, m]
# name 5 = t090C: Temperature [ITS-90, deg C]
# name 6 = sal00: Salinity, Practical [PSU]
# name 7 = density00: Density [density, kg/m^3]
# name 8 = sigma-é00: Density [sigma-theta, kg/m^3]
# name 9 = potemp090C: Potential Temperature [ITS-90, deg C]
# name 10 = sbeox0PS: Oxygen, SBE 43 [% saturation]
# name 11 = CStarTr0: Beam Transmission, WET Labs C-Star [%]
# name 12 = flECO-AFL: Fluorescence, WET Labs ECO-AFL/FL [mg/m^3]
# name 13 = ph: pH
# name 14 = sbeox0ML/L: Oxygen, SBE 43 [ml/l]
# name 15 = sbeox0Mg/L: Oxygen, SBE 43 [mg/l]
# name 16 = sbox0Mm/Kg: Oxygen, SBE 43 [umol/kg]
# name 17 = sbeox0Mm/L: Oxygen, SBE 43 [umol/l]
# name 18 = flag:  0.000e+00
# span 0 =   58.20604,   58.20616                 
# span 1 = -134.44218, -134.44174                 
# span 2 =      3.427,    130.603                 
# span 3 =      3.100,     70.488                 
# span 4 =      3.072,     69.821                 
# span 5 =     5.5003,    13.0197                 
# span 6 =    18.6970,    32.3010                 
# span 7 =  1013.8144,  1025.8053                 
# span 8 =    13.7983,    25.4802                 
# span 9 =     5.4950,    13.0193                 
# span 10 =     29.931,    101.574                
# span 11 =    69.5031,    96.1855                
# span 12 =    -0.0005,     4.2779                
# span 13 =      7.591,      8.398                
# span 14 =     2.1302,     6.6880                
# span 15 =     3.0442,     9.5579                
# span 16 =     92.770,    293.918                
# span 17 =     95.133,    298.687                
# span 18 = 0.0000e+00, 0.0000e+00                
# interval = seconds: 0.0416667
# start_time = Aug 22 2022 01:33:07 [NMEA time, header]
# bad_flag = -9.990e-29
*END*
[from data line 9448]
   58.20616 -134.44174     32.869      3.574      3.541    12.4264    19.9510  1014.8803    14.8640    12.4260     98.812    91.6825     1.0544      8.368     6.5137     9.3088    286.642    290.903  0.000e+00
   58.20616 -134.44174     32.679      3.235      3.205    12.4229    19.9534  1014.8812    14.8664    12.4226     98.808    91.6825     1.0544      8.368     6.5138     9.3089    286.647    290.908  0.000e+00
   58.20616 -134.44174     33.677      3.453      3.421    12.4212    19.9573  1014.8855    14.8697    12.4209     98.811    91.6825     1.0544      8.368     6.5141     9.3093    286.658    290.920  0.000e+00
   58.20616 -134.44174     33.889      3.420      3.389    12.4241    19.9609  1014.8877    14.8720    12.4237     98.810    91.6825     1.0544      8.372     6.5135     9.3085    286.632    290.895  0.000e+00
   58.20616 -134.44174     33.897      3.453      3.421    12.4229    19.9663  1014.8921    14.8764    12.4226     98.866    91.6825     1.0544      8.368     6.5171     9.3136    286.788    291.055  0.000e+00
   58.20616 -134.44174     33.752      3.331      3.301    12.4196    19.9700  1014.8950    14.8798    12.4192     98.870    91.6825     1.0544      8.368     6.5177     9.3145    286.813    291.081  0.000e+00
   58.20616 -134.44174     33.816      3.420      3.389    12.4199    19.9688  1014.8944    14.8788    12.4195     98.822    91.6825     1.0544      8.368     6.5145     9.3099    286.674    290.939  0.000e+00
   58.20616 -134.44174     33.792      3.396      3.364    12.4227    19.9659  1014.8916    14.8761    12.4224     98.822    91.6825     1.0544      8.368     6.5143     9.3095    286.662    290.927  0.000e+00
   58.20616 -134.44174     33.816      3.420      3.388    12.4263    19.9637  1014.8895    14.8739    12.4259     98.822    91.6825     1.0544      8.368     6.5139     9.3090    286.647    290.911  0.000e+00
   58.20616 -134.44174     33.848      3.453      3.420    12.4290    19.9631  1014.8887    14.8729    12.4286     98.824    91.6825     1.0544      8.368     6.5136     9.3086    286.635    290.899  0.000e+00
   58.20616 -134.44174     33.752      3.356      3.324    12.4314    19.9616  1014.8867    14.8714    12.4310     98.823    91.6825     1.0544      8.367     6.5133     9.3082    286.623    290.885  0.000e+00
   58.20616 -134.44174     33.792      3.396      3.364    12.4288    19.9618  1014.8875    14.8720    12.4284     98.820    91.6825     1.1716      8.368     6.5135     9.3084    286.630    290.893  0.000e+00
   58.20616 -134.44174     33.792      3.396      3.364    12.4236    19.9640  1014.8900    14.8745    12.4232     98.817    91.6825     1.2595      8.372     6.5139     9.3091    286.649    290.912  0.000e+00
   58.20616 -134.44174     33.816      3.420      3.388    12.4196    19.9624  1014.8895    14.8739    12.4192     98.820    91.6545     1.2595      8.368     6.5147     9.3102    286.682    290.947  0.000e+00
   58.20616 -134.44174     48.468      3.396      3.364    12.4181    19.9567  1014.8853    14.8698    12.4177     98.821    91.6825     1.2595      8.372     6.5152     9.3109    286.707    290.971  0.000e+00
   58.20616 -134.44174     74.182      3.420      3.388    12.4209    19.9494  1014.8793    14.8636    12.4205     98.823    91.6825     1.2595      8.372     6.5153     9.3110    286.710    290.972  0.000e+00
   58.20616 -134.44174     81.728      3.396      3.364    12.4286    19.9417  1014.8720    14.8565    12.4282     98.824    91.7384     1.2595      8.368     6.5146     9.3100    286.681    290.940  0.000e+00
   58.20616 -134.44174     81.175      3.356      3.324    12.4358    19.9344  1014.8649    14.8496    12.4355     98.825    91.7944     1.2595      8.372     6.5139     9.3090    286.654    290.911  0.000e+00
   58.20616 -134.44174     80.165      3.396      3.364    12.4405    19.9276  1014.8591    14.8436    12.4401     98.827    91.7944     1.2595      8.372     6.5137     9.3087    286.647    290.901  0.000e+00
   58.20616 -134.44174     79.928      3.453      3.420    12.4436    19.9224  1014.8549    14.8391    12.4432     98.830    91.7944     1.2595      8.367     6.5137     9.3087    286.646    290.900  0.000e+00
   58.20616 -134.44174     79.881      3.356      3.324    12.4377    19.9251  1014.8575    14.8422    12.4373     98.827    91.7944     1.2595      8.367     6.5142     9.3094    286.669    290.924  0.000e+00
   58.20616 -134.44174     80.002      3.453      3.420    12.4266    19.9299  1014.8634    14.8477    12.4262     98.882    91.7944     1.2595      8.372     6.5192     9.3165    286.886    291.145  0.000e+00
   58.20616 -134.44174     79.930      3.356      3.324    12.4249    19.9282  1014.8620    14.8466    12.4245     98.829    91.7944     1.2595      8.368     6.5160     9.3120    286.746    291.003  0.000e+00
   58.20616 -134.44174     79.970      3.396      3.364    12.4311    19.9219  1014.8562    14.8407    12.4307     98.881    91.7944     1.2595      8.367     6.5188     9.3160    286.871    291.128  0.000e+00
   58.20616 -134.44174     79.994      3.420      3.388    12.4332    19.9184  1014.8533    14.8377    12.4328     98.834    91.7944     1.2595      8.367     6.5155     9.3113    286.729    290.983  0.000e+00
   58.20616 -134.44174     79.970      3.396      3.364    12.4287    19.9215  1014.8564    14.8409    12.4283     98.891    91.7944     1.2595      8.372     6.5198     9.3174    286.916    291.174  0.000e+00
   58.20616 -134.44174     79.970      3.396      3.364    12.4238    19.9255  1014.8603    14.8448    12.4234     98.894    91.7944     1.2595      8.372     6.5205     9.3185    286.946    291.206  0.000e+00
   58.20616 -134.44174     79.994      3.420      3.388    12.4275    19.9228  1014.8577    14.8421    12.4271     98.896    91.7944     1.2595      8.372     6.5202     9.3181    286.935    291.194  0.000e+00
   58.20616 -134.44174     79.970      3.396      3.364    12.4330    19.9174  1014.8524    14.8370    12.4326     98.902    91.7944     1.2595      8.367     6.5201     9.3179    286.930    291.187  0.000e+00
   58.20616 -134.44174     85.766      3.356      3.324    12.4390    19.9116  1014.8468    14.8315    12.4386     98.908    91.7944     1.2595      8.372     6.5199     9.3176    286.922    291.178  0.000e+00
   58.20616 -134.44174     98.773      3.396      3.364    12.4425    19.9068  1014.8428    14.8273    12.4421     98.861    91.7944     1.2595      8.367     6.5165     9.3127    286.773    291.025  0.000e+00
   58.20616 -134.44174    103.047      3.420      3.388    12.4430    19.9036  1014.8403    14.8247    12.4426     98.863    91.7944     1.2302      8.372     6.5167     9.3130    286.785    291.036  0.000e+00
   58.20616 -134.44174    102.900      3.396      3.364    12.4321    19.9105  1014.8473    14.8318    12.4317     98.862    91.7944     1.1716      8.372     6.5178     9.3147    286.833    291.087  0.000e+00
   58.20616 -134.44174    102.363      3.396      3.364    12.4161    19.9233  1014.8599    14.8444    12.4157     98.866    91.7944     1.1716      8.372     6.5199     9.3175    286.918    291.177  0.000e+00
   58.20616 -134.44174    102.216      3.420      3.388    12.4095    19.9299  1014.8661    14.8505    12.4091     98.924    91.7944     1.1716      8.368     6.5243     9.3239    287.113    291.377  0.000e+00
   58.20616 -134.44174    102.217      3.396      3.364    12.4124    19.9312  1014.8665    14.8510    12.4120     98.926    91.7944     1.1716      8.372     6.5240     9.3235    287.099    291.363  0.000e+00
   58.20616 -134.44174    102.265      3.420      3.388    12.4124    19.9350  1014.8696    14.8540    12.4120     98.929    91.7944     1.1716      8.372     6.5240     9.3235    287.099    291.364  0.000e+00
   58.20616 -134.44174    102.241      3.396      3.364    12.4081    19.9417  1014.8753    14.8598    12.4077     98.931    91.7664     1.1716      8.372     6.5245     9.3242    287.119    291.386  0.000e+00
   58.20616 -134.44174    102.265      3.420      3.388    12.4037    19.9475  1014.8806    14.8650    12.4033     98.880    91.7664     1.1716      8.372     6.5215     9.3199    286.984    291.250  0.000e+00
   58.20616 -134.44174    102.241      3.396      3.364    12.4015    19.9503  1014.8830    14.8675    12.4011     98.877    91.7664     1.1716      8.368     6.5215     9.3199    286.984    291.250  0.000e+00
   58.20616 -134.44174    102.241      3.396      3.364    12.4037    19.9477  1014.8807    14.8652    12.4034     98.928    91.7664     1.1716      8.372     6.5247     9.3244    287.124    291.392  0.000e+00
   58.20616 -134.44174    102.265      3.420      3.388    12.4112    19.9397  1014.8734    14.8578    12.4108     98.929    91.7664     1.1716      8.372     6.5241     9.3235    287.098    291.364  0.000e+00
   58.20616 -134.44174    102.241      3.396      3.364    12.4221    19.9302  1014.8642    14.8487    12.4217     98.875    91.7664     1.1716      8.372     6.5193     9.3168    286.893    291.153  0.000e+00
   58.20616 -134.44174    102.265      3.420      3.388    12.4341    19.9210  1014.8552    14.8396    12.4338     98.925    91.7664     1.1716      8.372     6.5213     9.3196    286.984    291.243  0.000e+00
   58.20616 -134.44174    102.241      3.396      3.364    12.4388    19.9200  1014.8535    14.8381    12.4384     98.931    91.7664     1.1716      8.372     6.5211     9.3193    286.974    291.232  0.000e+00
   58.20616 -134.44174    102.241      3.396      3.364    12.4324    19.9294  1014.8619    14.8464    12.4320     98.933    91.7664     1.1716      8.367     6.5217     9.3202    287.000    291.261  0.000e+00
   58.20616 -134.44174    102.265      3.420      3.388    12.4241    19.9395  1014.8711    14.8555    12.4237     98.935    91.7664     1.1716      8.372     6.5226     9.3215    287.037    291.301  0.000e+00
   58.20616 -134.44174    102.241      3.396      3.364    12.4223    19.9437  1014.8745    14.8590    12.4219     98.936    91.7664     1.1716      8.372     6.5228     9.3217    287.043    291.308  0.000e+00
   58.20616 -134.44174    102.265      3.420      3.388    12.4251    19.9430  1014.8736    14.8580    12.4247     98.937    91.7664     1.1716      8.372     6.5225     9.3213    287.029    291.294  0.000e+00
   58.20616 -134.44174    102.241      3.396      3.364    12.4293    19.9386  1014.8694    14.8540    12.4289     98.937    91.7664     1.1716      8.372     6.5221     9.3207    287.012    291.275  0.000e+00
   58.20616 -134.44174    102.265      3.420      3.388    12.4269    19.9353  1014.8674    14.8518    12.4266     98.992    91.7664     1.1716      8.372     6.5262     9.3266    287.194    291.459  0.000e+00
   58.20616 -134.44174    102.241      3.396      3.364    12.4227    19.9347  1014.8675    14.8520    12.4224     98.943    91.7664     1.1130      8.368     6.5235     9.3228    287.077    291.341  0.000e+00
   58.20616 -134.44174    102.241      3.396      3.364    12.4224    19.9342  1014.8672    14.8517    12.4220     98.943    91.7664     0.9372      8.368     6.5236     9.3229    287.080    291.343  0.000e+00
   58.20616 -134.44174    102.265      3.420      3.388    12.4253    19.9336  1014.8663    14.8507    12.4249     98.947    91.7664     0.9079      8.372     6.5235     9.3227    287.077    291.340  0.000e+00
   58.20616 -134.44174    102.241      3.396      3.364    12.4279    19.9341  1014.8662    14.8508    12.4275     98.951    91.7664     0.8786      8.372     6.5234     9.3226    287.071    291.334  0.000e+00
   58.20616 -134.44174    102.265      3.420      3.388    12.4290    19.9360  1014.8676    14.8520    12.4286     98.951    91.7664     0.9079      8.372     6.5231     9.3222    287.060    291.324  0.000e+00
   58.20616 -134.44174    102.241      3.396      3.364    12.4281    19.9386  1014.8696    14.8541    12.4277     98.950    91.7664     0.9079      8.372     6.5231     9.3222    287.058    291.322  0.000e+00
   58.20616 -134.44174    102.265      3.420      3.388    12.4247    19.9416  1014.8727    14.8571    12.4243     98.950    91.8503     0.9079      8.372     6.5234     9.3227    287.072    291.337  0.000e+00
   58.20616 -134.44174    102.241      3.396      3.364    12.4221    19.9435  1014.8744    14.8589    12.4217     99.004    91.8783     0.9079      8.372     6.5273     9.3281    287.240    291.508  0.000e+00
   58.20616 -134.44174    102.241      3.396      3.364    12.4251    19.9413  1014.8722    14.8567    12.4247     99.007    91.8783     0.9079      8.372     6.5271     9.3279    287.234    291.502  0.000e+00
   58.20616 -134.44174    102.265      3.420      3.388    12.4324    19.9377  1014.8684    14.8527    12.4320     99.009    91.8783     0.9079      8.372     6.5264     9.3269    287.204    291.470  0.000e+00
   58.20616 -134.44174    102.297      3.452      3.420    12.4365    19.9381  1014.8682    14.8524    12.4361     98.957    91.8783     0.9079      8.367     6.5224     9.3212    287.028    291.291  0.000e+00
   58.20616 -134.44174    102.201      3.355      3.324    12.4370    19.9402  1014.8692    14.8539    12.4366     98.954    91.8783     0.9079      8.372     6.5220     9.3206    287.010    291.273  0.000e+00
   58.20616 -134.44174    102.241      3.396      3.364    12.4355    19.9399  1014.8695    14.8540    12.4351     98.897    91.8783     0.9079      8.372     6.5185     9.3156    286.856    291.117  0.000e+00
   58.20616 -134.44174    102.265      3.420      3.388    12.4318    19.9385  1014.8691    14.8535    12.4314     98.891    91.8783     0.9079      8.367     6.5187     9.3158    286.862    291.123  0.000e+00
   58.20616 -134.44174    102.241      3.396      3.364    12.4293    19.9369  1014.8682    14.8527    12.4289     98.938    91.8783     0.9079      8.368     6.5222     9.3208    287.017    291.280  0.000e+00
   58.20616 -134.44174    102.297      3.452      3.420    12.4265    19.9366  1014.8686    14.8529    12.4262     98.881    91.8783     0.9079      8.372     6.5189     9.3161    286.871    291.132  0.000e+00
   58.20616 -134.44174    102.201      3.355      3.324    12.4261    19.9362  1014.8679    14.8526    12.4257     98.927    91.8783     0.9079      8.372     6.5219     9.3205    287.007    291.270  0.000e+00
   58.20616 -134.44174    102.297      3.452      3.420    12.4263    19.9360  1014.8682    14.8524    12.4259     98.925    91.8783     0.9079      8.372     6.5218     9.3203    287.001    291.264  0.000e+00
   58.20616 -134.44174    102.201      3.355      3.324    12.4289    19.9328  1014.8649    14.8496    12.4285     98.920    91.8783     0.9079      8.372     6.5213     9.3195    286.978    291.240  0.000e+00
   58.20616 -134.44174    102.241      3.396      3.364    12.4350    19.9273  1014.8598    14.8443    12.4346     98.922    91.8783     0.9079      8.367     6.5207     9.3188    286.956    291.216  0.000e+00
   58.20616 -134.44174     96.795      3.420      3.388    12.4396    19.9239  1014.8565    14.8409    12.4393     98.918    91.8783     0.9079      8.367     6.5200     9.3177    286.924    291.182  0.000e+00
   58.20616 -134.44174     75.989      3.396      3.364    12.4408    19.9239  1014.8562    14.8407    12.4404     98.865    91.8783     0.9079      8.372     6.5163     9.3124    286.762    291.018  0.000e+00
   58.20616 -134.44174     67.767      3.452      3.420    12.4348    19.9290  1014.8614    14.8456    12.4344     98.858    91.8783     0.9079      8.372     6.5165     9.3127    286.768    291.026  0.000e+00
   58.20616 -134.44174     67.378      3.355      3.324    12.4280    19.9346  1014.8664    14.8511    12.4276     98.909    91.8783     0.9079      8.368     6.5205     9.3185    286.946    291.207  0.000e+00
