EcoFOCI/data/1_SampleCollection/2022_GOA-OA_CruiseData/CTD_raw_BottleFile_RC0083/RC0083_076.ros
* Sea-Bird SBE 9 Data File:
* FileName = C:\Data\RC0083ctd\RC0083_076.hex
* Software Version Seasave V 7.26.7.107
* Temperature SN = 2060
* Conductivity SN = 1084
* Number of Bytes Per Scan = 31
* Number of Voltage Words = 4
* Number of Scans Averaged by the Deck Unit = 1
* NMEA Latitude = 58 24.84 N
* NMEA Longitude = 135 59.68 W
* NMEA UTC (Time) = Aug 21 2022  04:04:57
* NMEA baud rate = 4800
** Ship: R/V Rachel Carson
** Cruise ID: RC0083
** Tech: McHugh/Nomura
** Chief Scientist: Cross
** Station: GB01
** Cast:  CTD076
# nquan = 21
# nvalues = 196                                   
# units = specified
# name 0 = latitude: Latitude [deg]
# name 1 = longitude: Longitude [deg]
# name 2 = sfdSM: Seafloor depth [salt water, m]
# name 3 = prDM: Pressure, Digiquartz [db]
# name 4 = depSM: Depth [salt water, m]
# name 5 = t090C: Temperature [ITS-90, deg C]
# name 6 = sal00: Salinity, Practical [PSU]
# name 7 = density00: Density [density, kg/m^3]
# name 8 = sigma-é00: Density [sigma-theta, kg/m^3]
# name 9 = potemp090C: Potential Temperature [ITS-90, deg C]
# name 10 = sbeox0PS: Oxygen, SBE 43 [% saturation]
# name 11 = CStarTr0: Beam Transmission, WET Labs C-Star [%]
# name 12 = flECO-AFL: Fluorescence, WET Labs ECO-AFL/FL [mg/m^3]
# name 13 = ph: pH
# name 14 = sbeox0ML/L: Oxygen, SBE 43 [ml/l]
# name 15 = sbeox0Mg/L: Oxygen, SBE 43 [mg/l]
# name 16 = sbox0Mm/Kg: Oxygen, SBE 43 [umol/kg]
# name 17 = sbeox0Mm/L: Oxygen, SBE 43 [umol/l]
# name 18 = scan: Scan Count
# name 19 = nbf: Bottles Fired
# name 20 = flag:  0.000e+00
# interval = seconds: 0.0416667
# start_time = Aug 21 2022 04:04:57 [NMEA time, header]
# bad_flag = -9.990e-29
*END*
   58.41440 -135.99438     64.195     54.748     54.231     7.6627    31.5311  1024.8495    24.5987     7.6577     55.915    89.5568     0.2925      7.893     3.8037     5.4359    165.796    169.875       4021          1  0.000e+00
   58.41440 -135.99438     64.371     54.926     54.408     7.6630    31.5308  1024.8500    24.5984     7.6579     55.918    89.5289     0.2925      7.893     3.8039     5.4362    165.804    169.882       4022          1  0.000e+00
   58.41440 -135.99438     64.131     54.683     54.167     7.6627    31.5313  1024.8494    24.5988     7.6577     55.918    89.5848     0.2925      7.893     3.8039     5.4362    165.804    169.882       4023          1  0.000e+00
   58.41440 -135.99438     64.251     54.804     54.287     7.6627    31.5315  1024.8501    24.5990     7.6576     55.920    89.6128     0.2925      7.893     3.8041     5.4364    165.810    169.889       4024          1  0.000e+00
   58.41440 -135.99438     64.315     54.869     54.351     7.6628    31.5314  1024.8503    24.5989     7.6578     55.922    89.6128     0.2925      7.898     3.8042     5.4366    165.816    169.895       4025          1  0.000e+00
   58.41440 -135.99438     64.195     54.748     54.231     7.6626    31.5313  1024.8497    24.5988     7.6575     55.923    89.6128     0.2925      7.893     3.8043     5.4367    165.819    169.898       4026          1  0.000e+00
   58.41440 -135.99438     64.251     54.804     54.287     7.6628    31.5310  1024.8496    24.5985     7.6578     55.925    89.6128     0.2925      7.893     3.8044     5.4368    165.824    169.903       4027          1  0.000e+00
   58.41440 -135.99438     64.251     54.804     54.287     7.6626    31.5313  1024.8500    24.5989     7.6575     55.919    89.6128     0.2925      7.893     3.8040     5.4363    165.807    169.885       4028          1  0.000e+00
   58.41440 -135.99438     64.251     54.804     54.287     7.6626    31.5311  1024.8498    24.5987     7.6576     55.920    89.6128     0.2925      7.893     3.8041     5.4364    165.810    169.889       4029          1  0.000e+00
   58.41440 -135.99438     64.251     54.804     54.287     7.6627    31.5310  1024.8497    24.5986     7.6576     55.921    89.6128     0.2925      7.893     3.8041     5.4365    165.814    169.892       4030          1  0.000e+00
   58.41440 -135.99438     64.275     54.804     54.287     7.6626    31.5316  1024.8502    24.5991     7.6575     55.922    89.6128     0.2925      7.893     3.8042     5.4366    165.817    169.896       4031          1  0.000e+00
   58.41440 -135.99438     64.219     54.748     54.231     7.6626    31.5313  1024.8497    24.5989     7.6575     55.923    89.6128     0.2925      7.893     3.8043     5.4367    165.820    169.899       4032          1  0.000e+00
   58.41440 -135.99438     64.275     54.804     54.287     7.6626    31.5313  1024.8500    24.5989     7.6575     55.925    89.6128     0.2925      7.893     3.8044     5.4368    165.824    169.904       4033          1  0.000e+00
   58.41440 -135.99438     64.177     54.804     54.287     7.6628    31.5309  1024.8496    24.5985     7.6578     55.926    89.6128     0.2925      7.893     3.8044     5.4369    165.827    169.906       4034          1  0.000e+00
   58.41440 -135.99438     63.731     54.748     54.231     7.6626    31.5317  1024.8500    24.5992     7.6575     55.927    89.6128     0.2925      7.893     3.8045     5.4370    165.830    169.909       4035          1  0.000e+00
   58.41440 -135.99438     63.591     54.804     54.287     7.6626    31.5314  1024.8500    24.5989     7.6575     55.873    89.6128     0.2925      7.893     3.8008     5.4318    165.670    169.746       4036          1  0.000e+00
   58.41440 -135.99438     63.591     54.804     54.287     7.6626    31.5311  1024.8498    24.5987     7.6575     55.923    89.6128     0.2925      7.893     3.8042     5.4366    165.818    169.897       4037          1  0.000e+00
   58.41440 -135.99438     63.535     54.748     54.231     7.6628    31.5309  1024.8494    24.5985     7.6577     55.924    89.6128     0.2925      7.893     3.8043     5.4367    165.821    169.900       4038          1  0.000e+00
   58.41440 -135.99438     63.665     54.804     54.287     7.6628    31.5311  1024.8497    24.5986     7.6578     55.926    89.6128     0.2925      7.893     3.8044     5.4369    165.826    169.905       4039          1  0.000e+00
   58.41440 -135.99438     63.706     54.748     54.231     7.6627    31.5313  1024.8497    24.5988     7.6577     55.927    89.6128     0.2925      7.893     3.8045     5.4370    165.830    169.909       4040          1  0.000e+00
   58.41440 -135.99438     63.787     54.804     54.287     7.6627    31.5307  1024.8495    24.5984     7.6576     55.929    89.6128     0.2925      7.893     3.8046     5.4372    165.836    169.915       4041          1  0.000e+00
   58.41440 -135.99438     63.731     54.748     54.231     7.6628    31.5306  1024.8491    24.5982     7.6578     55.930    89.6128     0.2925      7.898     3.8047     5.4373    165.839    169.918       4042          1  0.000e+00
   58.41440 -135.99438     63.787     54.804     54.287     7.6627    31.5309  1024.8496    24.5985     7.6576     55.932    89.6128     0.2925      7.893     3.8048     5.4375    165.845    169.924       4043          1  0.000e+00
   58.41440 -135.99438     63.804     54.748     54.231     7.6627    31.5310  1024.8494    24.5986     7.6577     55.925    89.6128     0.2925      7.893     3.8044     5.4369    165.826    169.905       4044          1  0.000e+00
   58.41440 -135.99438     63.877     54.748     54.231     7.6628    31.5309  1024.8493    24.5985     7.6578     55.926    89.5848     0.2925      7.898     3.8045     5.4370    165.829    169.908       4045          1  0.000e+00
   58.41440 -135.99438     63.958     54.804     54.287     7.6630    31.5304  1024.8492    24.5981     7.6579     55.928    89.6128     0.2925      7.893     3.8046     5.4371    165.834    169.913       4046          1  0.000e+00
   58.41440 -135.99438     63.902     54.748     54.231     7.6628    31.5302  1024.8488    24.5979     7.6578     55.929    89.6128     0.2925      7.893     3.8047     5.4372    165.837    169.916       4047          1  0.000e+00
   58.41440 -135.99438     63.958     54.804     54.287     7.6628    31.5307  1024.8495    24.5984     7.6577     55.930    89.5848     0.2925      7.893     3.8048     5.4374    165.841    169.921       4048          1  0.000e+00
   58.41440 -135.99438     63.926     54.748     54.231     7.6627    31.5306  1024.8491    24.5983     7.6577     55.931    89.5848     0.2925      7.893     3.8048     5.4375    165.844    169.923       4049          1  0.000e+00
   58.41440 -135.99438     64.055     54.804     54.287     7.6633    31.5297  1024.8486    24.5975     7.6583     55.933    89.5848     0.2925      7.893     3.8049     5.4376    165.847    169.927       4050          1  0.000e+00
   58.41440 -135.99438     64.024     54.748     54.231     7.6630    31.5300  1024.8486    24.5978     7.6579     55.926    89.6128     0.2925      7.893     3.8045     5.4370    165.828    169.907       4051          1  0.000e+00
   58.41440 -135.99438     64.024     54.748     54.231     7.6630    31.5300  1024.8486    24.5978     7.6579     55.920    89.5848     0.2925      7.893     3.8040     5.4363    165.809    169.888       4052          1  0.000e+00
   58.41440 -135.99438     64.080     54.804     54.287     7.6632    31.5301  1024.8489    24.5978     7.6581     55.913    89.6128     0.2925      7.893     3.8036     5.4357    165.789    169.867       4053          1  0.000e+00
   58.41440 -135.99438     64.072     54.748     54.231     7.6632    31.5299  1024.8485    24.5977     7.6581     55.913    89.6128     0.2925      7.893     3.8036     5.4357    165.789    169.867       4054          1  0.000e+00
   58.41440 -135.99438     64.097     54.748     54.231     7.6633    31.5295  1024.8482    24.5973     7.6583     55.913    89.6128     0.2925      7.893     3.8036     5.4357    165.789    169.867       4055          1  0.000e+00
   58.41440 -135.99438     64.153     54.804     54.287     7.6637    31.5290  1024.8480    24.5969     7.6586     55.914    89.5848     0.2925      7.893     3.8036     5.4357    165.791    169.869       4056          1  0.000e+00
   58.41440 -135.99438     64.097     54.748     54.231     7.6635    31.5288  1024.8476    24.5968     7.6584     55.914    89.6128     0.2925      7.893     3.8036     5.4357    165.791    169.869       4057          1  0.000e+00
   58.41440 -135.99438     64.097     54.748     54.231     7.6635    31.5287  1024.8475    24.5967     7.6584     55.914    89.6128     0.2925      7.893     3.8036     5.4358    165.793    169.870       4058          1  0.000e+00
   58.41440 -135.99438     64.177     54.804     54.287     7.6635    31.5293  1024.8482    24.5971     7.6584     55.915    89.6128     0.2925      7.893     3.8037     5.4358    165.794    169.872       4059          1  0.000e+00
   58.41440 -135.99438     64.121     54.748     54.231     7.6638    31.5284  1024.8473    24.5964     7.6588     55.915    89.5848     0.2925      7.893     3.8037     5.4358    165.793    169.871       4060          1  0.000e+00
   58.41440 -135.99438     64.146     54.748     54.231     7.6635    31.5290  1024.8478    24.5970     7.6584     55.915    89.6128     0.2925      7.893     3.8037     5.4359    165.795    169.873       4061          1  0.000e+00
   58.41440 -135.99438     64.177     54.804     54.287     7.6635    31.5292  1024.8482    24.5971     7.6584     55.916    89.5848     0.2925      7.893     3.8037     5.4359    165.797    169.875       4062          1  0.000e+00
   58.41440 -135.99438     64.121     54.748     54.231     7.6635    31.5288  1024.8476    24.5968     7.6584     55.916    89.6128     0.2925      7.893     3.8037     5.4359    165.797    169.875       4063          1  0.000e+00
   58.41440 -135.99438     64.226     54.804     54.287     7.6635    31.5284  1024.8476    24.5965     7.6584     55.916    89.6687     0.2925      7.893     3.8038     5.4360    165.799    169.877       4064          1  0.000e+00
   58.41440 -135.99438     64.195     54.748     54.231     7.6638    31.5280  1024.8469    24.5961     7.6588     55.972    89.6687     0.2925      7.893     3.8075     5.4414    165.963    170.045       4065          1  0.000e+00
   58.41440 -135.99438     64.195     54.748     54.231     7.6638    31.5278  1024.8468    24.5960     7.6588     55.979    89.6687     0.2925      7.893     3.8080     5.4421    165.984    170.067       4066          1  0.000e+00
   58.41440 -135.99438     64.251     54.804     54.287     7.6640    31.5281  1024.8472    24.5961     7.6589     55.986    89.6687     0.2925      7.893     3.8085     5.4428    166.005    170.088       4067          1  0.000e+00
   58.41440 -135.99438     64.194     54.748     54.231     7.6640    31.5278  1024.8468    24.5959     7.6589     55.992    89.6687     0.2925      7.893     3.8089     5.4434    166.024    170.107       4068          1  0.000e+00
   58.41440 -135.99438     64.194     54.748     54.231     7.6640    31.5276  1024.8466    24.5957     7.6589     55.999    89.6687     0.2925      7.893     3.8094     5.4440    166.043    170.127       4069          1  0.000e+00
   58.41476 -135.99430     64.452     25.669     25.429     8.0999    30.2715  1023.6667    23.5491     8.0975     64.390    88.4381     1.1130      7.958     4.3727     6.2490    190.791    195.284       6123          2  0.000e+00
   58.41476 -135.99430     64.396     25.613     25.373     8.0999    30.2716  1023.6666    23.5492     8.0975     64.387    88.4660     1.1130      7.954     4.3725     6.2487    190.782    195.275       6124          2  0.000e+00
   58.41476 -135.99430     64.452     25.669     25.429     8.1000    30.2714  1023.6666    23.5490     8.0976     64.385    88.4381     1.1130      7.954     4.3723     6.2485    190.775    195.268       6125          2  0.000e+00
   58.41476 -135.99430     64.516     25.734     25.493     8.0999    30.2718  1023.6672    23.5493     8.0975     64.383    88.4101     1.0837      7.958     4.3722     6.2483    190.769    195.262       6126          2  0.000e+00
   58.41476 -135.99430     64.516     25.734     25.493     8.1000    30.2714  1023.6670    23.5490     8.0976     64.380    88.3821     1.1130      7.954     4.3720     6.2480    190.761    195.254       6127          2  0.000e+00
   58.41476 -135.99430     64.452     25.669     25.429     8.1002    30.2712  1023.6664    23.5488     8.0978     64.377    88.3821     1.1130      7.958     4.3718     6.2477    190.751    195.243       6128          2  0.000e+00
   58.41476 -135.99430     64.477     25.669     25.429     8.1003    30.2711  1023.6663    23.5487     8.0979     64.374    88.3821     1.1130      7.954     4.3716     6.2474    190.743    195.235       6129          2  0.000e+00
   58.41476 -135.99430     64.501     25.669     25.429     8.1000    30.2715  1023.6667    23.5491     8.0976     64.372    88.3821     1.1130      7.954     4.3714     6.2472    190.736    195.228       6130          2  0.000e+00
   58.41478 -135.99430     64.501     25.669     25.429     8.1004    30.2711  1023.6663    23.5487     8.0980     64.369    88.3821     1.1130      7.958     4.3712     6.2469    190.728    195.219       6131          2  0.000e+00
   58.41478 -135.99430     64.565     25.734     25.493     8.1000    30.2713  1023.6668    23.5489     8.0976     64.367    88.3821     1.1130      7.954     4.3711     6.2468    190.723    195.214       6132          2  0.000e+00
   58.41478 -135.99430     64.477     25.669     25.429     8.1002    30.2712  1023.6664    23.5488     8.0978     64.371    88.3821     1.1130      7.958     4.3714     6.2471    190.734    195.226       6133          2  0.000e+00
   58.41478 -135.99430     64.477     25.669     25.429     8.1002    30.2712  1023.6664    23.5488     8.0978     64.369    88.3821     1.1130      7.954     4.3712     6.2469    190.727    195.219       6134          2  0.000e+00
   58.41478 -135.99430     64.541     25.734     25.493     8.1000    30.2711  1023.6667    23.5488     8.0976     64.367    88.3821     1.1130      7.958     4.3711     6.2468    190.723    195.214       6135          2  0.000e+00
   58.41478 -135.99430     64.477     25.669     25.429     8.1004    30.2704  1023.6658    23.5481     8.0980     64.364    88.3821     1.0837      7.954     4.3709     6.2465    190.714    195.205       6136          2  0.000e+00
   58.41478 -135.99430     64.477     25.669     25.429     8.1000    30.2706  1023.6660    23.5483     8.0976     64.362    88.3821     1.0544      7.954     4.3708     6.2463    190.708    195.199       6137          2  0.000e+00
   58.41478 -135.99430     64.565     25.734     25.493     8.1004    30.2698  1023.6656    23.5477     8.0980     64.360    88.3821     1.0837      7.958     4.3706     6.2461    190.703    195.193       6138          2  0.000e+00
   58.41478 -135.99430     64.501     25.669     25.429     8.1002    30.2699  1023.6654    23.5478     8.0978     64.357    88.3821     1.0544      7.958     4.3705     6.2458    190.695    195.185       6139          2  0.000e+00
   58.41478 -135.99430     64.501     25.669     25.429     8.1007    30.2693  1023.6649    23.5472     8.0983     64.355    88.3821     1.0544      7.958     4.3703     6.2456    190.687    195.177       6140          2  0.000e+00
   58.41478 -135.99430     64.565     25.734     25.493     8.1002    30.2694  1023.6653    23.5474     8.0978     64.353    88.3821     1.0837      7.958     4.3702     6.2455    190.683    195.173       6141          2  0.000e+00
