EcoFOCI/data/1_SampleCollection/2022_GOA-OA_CruiseData/CTD_raw_BottleFile_RC0083/RC0083_016.ros
* Sea-Bird SBE 9 Data File:
* FileName = C:\Data\RC0083ctd\RC0083_016.hex
* Software Version Seasave V 7.26.7.107
* Temperature SN = 2060
* Conductivity SN = 1084
* Number of Bytes Per Scan = 31
* Number of Voltage Words = 4
* Number of Scans Averaged by the Deck Unit = 1
* NMEA Latitude = 56 10.79 N
* NMEA Longitude = 134 19.21 W
* NMEA UTC (Time) = Aug 13 2022  14:56:51
* NMEA baud rate = 4800
** Ship: R/V Rachel Carson
** Cruise ID: RC0083 RC0083
** Tech: McHugh/Nomura
** Chief Scientist: Cross Cross
** Station: CS1
** Cast:  016
# nquan = 21
# nvalues = 245                                   
# units = specified
# name 0 = latitude: Latitude [deg]
# name 1 = longitude: Longitude [deg]
# name 2 = sfdSM: Seafloor depth [salt water, m]
# name 3 = prDM: Pressure, Digiquartz [db]
# name 4 = depSM: Depth [salt water, m]
# name 5 = t090C: Temperature [ITS-90, deg C]
# name 6 = sal00: Salinity, Practical [PSU]
# name 7 = density00: Density [density, kg/m^3]
# name 8 = sigma-é00: Density [sigma-theta, kg/m^3]
# name 9 = potemp090C: Potential Temperature [ITS-90, deg C]
# name 10 = sbeox0PS: Oxygen, SBE 43 [% saturation]
# name 11 = CStarTr0: Beam Transmission, WET Labs C-Star [%]
# name 12 = flECO-AFL: Fluorescence, WET Labs ECO-AFL/FL [mg/m^3]
# name 13 = ph: pH
# name 14 = sbeox0ML/L: Oxygen, SBE 43 [ml/l]
# name 15 = sbeox0Mg/L: Oxygen, SBE 43 [mg/l]
# name 16 = sbox0Mm/Kg: Oxygen, SBE 43 [umol/kg]
# name 17 = sbeox0Mm/L: Oxygen, SBE 43 [umol/l]
# name 18 = scan: Scan Count
# name 19 = nbf: Bottles Fired
# name 20 = flag:  0.000e+00
# interval = seconds: 0.0416667
# start_time = Aug 13 2022 14:56:51 [NMEA time, header]
# bad_flag = -9.990e-29
*END*
   56.18000 -134.32142    133.594    124.707    123.533     6.9564    32.8416  1026.2979    25.7261     6.9452     48.430   102.0869     0.2632      7.833     3.3196     4.7440    144.535    148.254      10230          1  0.000e+00
   56.18000 -134.32142    133.562    124.650    123.477     6.9557    32.8417  1026.2979    25.7263     6.9446     48.430   102.1149     0.2632      7.833     3.3197     4.7442    144.539    148.258      10231          1  0.000e+00
   56.18000 -134.32142    133.714    124.828    123.653     6.9553    32.8423  1026.2992    25.7268     6.9442     48.432   102.1149     0.2632      7.833     3.3199     4.7444    144.546    148.265      10232          1  0.000e+00
   56.18000 -134.32142    133.674    124.763    123.589     6.9552    32.8424  1026.2989    25.7269     6.9441     48.433   102.1149     0.2632      7.833     3.3199     4.7445    144.548    148.267      10233          1  0.000e+00
   56.18000 -134.32142    133.618    124.707    123.533     6.9550    32.8424  1026.2987    25.7269     6.9438     48.434   102.1149     0.2632      7.833     3.3200     4.7446    144.551    148.270      10234          1  0.000e+00
   56.18000 -134.32142    133.674    124.763    123.589     6.9543    32.8429  1026.2995    25.7274     6.9432     48.435   102.1149     0.2632      7.833     3.3201     4.7448    144.557    148.276      10235          1  0.000e+00
   56.18000 -134.32142    133.699    124.763    123.589     6.9543    32.8433  1026.2998    25.7278     6.9432     48.436   102.1149     0.2632      7.833     3.3202     4.7448    144.559    148.278      10236          1  0.000e+00
   56.18000 -134.32142    133.794    124.885    123.709     6.9551    32.8429  1026.2999    25.7273     6.9439     48.438   102.1149     0.2632      7.833     3.3202     4.7449    144.562    148.281      10237          1  0.000e+00
   56.18000 -134.32142    133.618    124.707    123.533     6.9559    32.8425  1026.2987    25.7269     6.9447     48.437   102.1149     0.2632      7.833     3.3201     4.7448    144.559    148.278      10238          1  0.000e+00
   56.18000 -134.32142    133.618    124.707    123.533     6.9552    32.8425  1026.2988    25.7270     6.9441     48.438   102.1149     0.2632      7.837     3.3203     4.7450    144.564    148.283      10239          1  0.000e+00
   56.18000 -134.32142    133.859    124.949    123.773     6.9534    32.8431  1026.3006    25.7277     6.9422     48.498   102.1149     0.2632      7.833     3.3245     4.7510    144.746    148.470      10240          1  0.000e+00
   56.18000 -134.32142    133.674    124.763    123.589     6.9517    32.8445  1026.3011    25.7291     6.9405     48.448   102.1149     0.2632      7.833     3.3212     4.7463    144.603    148.324      10241          1  0.000e+00
   56.18000 -134.32142    133.674    124.763    123.589     6.9508    32.8452  1026.3018    25.7297     6.9396     48.506   102.1149     0.2632      7.833     3.3252     4.7520    144.777    148.502      10242          1  0.000e+00
   56.18000 -134.32142    133.794    124.885    123.709     6.9498    32.8460  1026.3031    25.7305     6.9386     48.514   102.1149     0.2632      7.833     3.3258     4.7529    144.805    148.531      10243          1  0.000e+00
   56.18000 -134.32142    133.738    124.828    123.653     6.9496    32.8460  1026.3029    25.7305     6.9384     48.522   102.1149     0.2632      7.833     3.3263     4.7537    144.828    148.554      10244          1  0.000e+00
   56.18000 -134.32142    133.770    124.885    123.709     6.9488    32.8467  1026.3038    25.7312     6.9376     48.529   102.1149     0.2632      7.837     3.3269     4.7545    144.853    148.580      10245          1  0.000e+00
   56.18000 -134.32142    133.714    124.828    123.653     6.9488    32.8467  1026.3035    25.7312     6.9376     48.536   102.1149     0.2632      7.833     3.3274     4.7551    144.873    148.600      10246          1  0.000e+00
   56.18000 -134.32142    133.738    124.828    123.653     6.9490    32.8463  1026.3032    25.7308     6.9378     48.486   102.1149     0.2632      7.837     3.3239     4.7502    144.723    148.447      10247          1  0.000e+00
   56.18000 -134.32142    133.738    124.828    123.653     6.9492    32.8460  1026.3029    25.7306     6.9380     48.485   102.1149     0.2632      7.837     3.3239     4.7501    144.720    148.444      10248          1  0.000e+00
   56.18000 -134.32142    133.794    124.885    123.709     6.9496    32.8456  1026.3028    25.7302     6.9385     48.485   102.1149     0.2632      7.837     3.3238     4.7500    144.717    148.441      10249          1  0.000e+00
   56.18000 -134.32142    133.738    124.828    123.653     6.9493    32.8458  1026.3027    25.7303     6.9381     48.483   102.1988     0.2632      7.837     3.3237     4.7499    144.714    148.438      10250          1  0.000e+00
   56.18000 -134.32142    133.859    124.949    123.773     6.9488    32.8465  1026.3039    25.7310     6.9376     48.483   102.2268     0.2632      7.837     3.3237     4.7500    144.715    148.439      10251          1  0.000e+00
   56.18000 -134.32142    133.738    124.828    123.653     6.9486    32.8467  1026.3036    25.7312     6.9374     48.481   102.2268     0.2632      7.837     3.3236     4.7498    144.710    148.434      10252          1  0.000e+00
   56.18000 -134.32142    133.738    124.828    123.653     6.9483    32.8466  1026.3035    25.7312     6.9372     48.537   102.2268     0.2632      7.833     3.3275     4.7553    144.877    148.605      10253          1  0.000e+00
   56.18000 -134.32142    133.859    124.949    123.773     6.9478    32.8472  1026.3046    25.7317     6.9367     48.536   102.2268     0.2632      7.837     3.3274     4.7553    144.876    148.604      10254          1  0.000e+00
   56.18000 -134.32142    133.834    124.949    123.773     6.9474    32.8473  1026.3048    25.7318     6.9362     48.542   102.2268     0.2339      7.833     3.3279     4.7559    144.895    148.623      10255          1  0.000e+00
   56.18000 -134.32142    133.794    124.885    123.709     6.9476    32.8467  1026.3040    25.7313     6.9365     48.547   102.2268     0.2046      7.837     3.3282     4.7563    144.909    148.638      10256          1  0.000e+00
   56.18000 -134.32142    133.794    124.885    123.709     6.9477    32.8470  1026.3042    25.7315     6.9365     48.552   102.2268     0.2046      7.837     3.3285     4.7568    144.924    148.653      10257          1  0.000e+00
   56.18000 -134.32142    133.738    124.828    123.653     6.9477    32.8468  1026.3037    25.7313     6.9365     48.557   102.2268     0.2046      7.833     3.3289     4.7573    144.937    148.667      10258          1  0.000e+00
   56.18000 -134.32144    133.738    124.828    123.653     6.9475    32.8472  1026.3041    25.7318     6.9363     48.561   102.2268     0.2046      7.837     3.3292     4.7577    144.951    148.681      10259          1  0.000e+00
   56.18000 -134.32144    133.971    125.063    123.885     6.9473    32.8475  1026.3054    25.7320     6.9361     48.567   102.2268     0.2046      7.837     3.3296     4.7583    144.968    148.698      10260          1  0.000e+00
   56.18000 -134.32144    133.770    124.885    123.709     6.9470    32.8476  1026.3048    25.7321     6.9358     48.561   102.2268     0.2046      7.833     3.3292     4.7578    144.953    148.683      10261          1  0.000e+00
   56.18000 -134.32144    133.714    124.828    123.653     6.9464    32.8482  1026.3050    25.7326     6.9352     48.508   102.2268     0.2046      7.837     3.3256     4.7526    144.795    148.521      10262          1  0.000e+00
   56.18000 -134.32144    133.714    124.828    123.653     6.9462    32.8479  1026.3048    25.7324     6.9351     48.503   102.2268     0.2046      7.833     3.3253     4.7522    144.782    148.508      10263          1  0.000e+00
   56.18000 -134.32144    133.834    124.949    123.773     6.9465    32.8479  1026.3053    25.7324     6.9353     48.556   102.2268     0.2046      7.837     3.3289     4.7573    144.939    148.669      10264          1  0.000e+00
   56.18000 -134.32144    133.890    125.006    123.829     6.9464    32.8477  1026.3054    25.7323     6.9352     48.559   102.2268     0.2046      7.837     3.3291     4.7577    144.949    148.679      10265          1  0.000e+00
   56.18000 -134.32144    133.714    124.828    123.653     6.9467    32.8479  1026.3048    25.7324     6.9356     48.561   102.2268     0.2046      7.837     3.3292     4.7578    144.952    148.682      10266          1  0.000e+00
   56.18000 -134.32144    133.714    124.828    123.653     6.9472    32.8477  1026.3045    25.7321     6.9361     48.498   102.2268     0.2046      7.837     3.3249     4.7516    144.765    148.490      10267          1  0.000e+00
   56.18000 -134.32144    133.834    124.949    123.773     6.9474    32.8471  1026.3046    25.7317     6.9363     48.550   102.2268     0.2046      7.837     3.3284     4.7566    144.918    148.647      10268          1  0.000e+00
   56.18000 -134.32144    133.834    124.949    123.773     6.9474    32.8478  1026.3051    25.7322     6.9362     48.552   102.2268     0.2046      7.837     3.3285     4.7568    144.923    148.652      10269          1  0.000e+00
   56.18000 -134.32144    133.650    124.763    123.589     6.9470    32.8478  1026.3044    25.7323     6.9358     48.552   102.1988     0.2046      7.837     3.3286     4.7568    144.924    148.653      10270          1  0.000e+00
   56.18000 -134.32144    133.890    125.006    123.829     6.9466    32.8479  1026.3056    25.7324     6.9354     48.498   102.1988     0.2046      7.837     3.3249     4.7516    144.764    148.489      10271          1  0.000e+00
   56.18000 -134.32144    133.770    124.885    123.709     6.9466    32.8481  1026.3052    25.7325     6.9355     48.547   102.1988     0.2046      7.837     3.3282     4.7564    144.910    148.639      10272          1  0.000e+00
   56.18000 -134.32144    133.746    124.885    123.709     6.9464    32.8480  1026.3052    25.7325     6.9352     48.548   102.1988     0.2046      7.837     3.3283     4.7565    144.913    148.642      10273          1  0.000e+00
   56.18000 -134.32144    133.714    124.828    123.653     6.9464    32.8477  1026.3046    25.7323     6.9352     48.548   102.1988     0.2046      7.837     3.3283     4.7565    144.914    148.643      10274          1  0.000e+00
   56.18000 -134.32144    133.770    124.885    123.709     6.9464    32.8480  1026.3052    25.7325     6.9352     48.548   102.1988     0.2046      7.837     3.3283     4.7565    144.914    148.643      10275          1  0.000e+00
   56.18000 -134.32144    133.650    124.763    123.589     6.9460    32.8481  1026.3047    25.7327     6.9348     48.547   102.1988     0.2046      7.837     3.3283     4.7565    144.912    148.641      10276          1  0.000e+00
   56.18000 -134.32144    133.714    124.828    123.653     6.9457    32.8482  1026.3052    25.7328     6.9346     48.547   102.1988     0.2046      7.837     3.3283     4.7565    144.913    148.642      10277          1  0.000e+00
   56.18000 -134.32144    133.770    124.885    123.709     6.9461    32.8479  1026.3051    25.7324     6.9349     48.546   102.1988     0.2046      7.837     3.3282     4.7564    144.910    148.639      10278          1  0.000e+00
   56.17992 -134.32160    133.374    101.183    100.236     7.6778    32.4208  1025.7586    25.2960     7.6682     57.816   100.2130     0.7028      7.907     3.9089     5.5861    170.263    174.569      12287          2  0.000e+00
   56.17992 -134.32160    133.102    100.908     99.964     7.6776    32.4212  1025.7577    25.2963     7.6681     57.864   100.2130     0.6735      7.907     3.9121     5.5908    170.404    174.714      12288          2  0.000e+00
   56.17992 -134.32160    133.327    101.061    100.116     7.6774    32.4209  1025.7582    25.2961     7.6679     57.866   100.1851     0.7028      7.907     3.9123     5.5910    170.412    174.722      12289          2  0.000e+00
   56.17992 -134.32160    133.353    100.964    100.020     7.6773    32.4211  1025.7580    25.2964     7.6678     57.866   100.2410     0.7028      7.907     3.9123     5.5911    170.413    174.724      12290          2  0.000e+00
   56.17992 -134.32160    133.378    100.940     99.996     7.6773    32.4212  1025.7579    25.2964     7.6678     57.868   100.2969     0.6735      7.907     3.9124     5.5912    170.416    174.727      12291          2  0.000e+00
   56.17992 -134.32160    133.466    101.029    100.084     7.6773    32.4213  1025.7584    25.2965     7.6678     57.813   100.2969     0.7028      7.907     3.9087     5.5860    170.257    174.564      12292          2  0.000e+00
   56.17992 -134.32160    133.434    100.997    100.052     7.6769    32.4214  1025.7584    25.2966     7.6673     57.807   100.2969     0.6735      7.907     3.9084     5.5854    170.241    174.547      12293          2  0.000e+00
   56.17992 -134.32160    133.346    100.908     99.964     7.6768    32.4220  1025.7585    25.2971     7.6673     57.857   100.2969     0.6735      7.907     3.9117     5.5902    170.387    174.698      12294          2  0.000e+00
   56.17992 -134.32160    133.378    100.940     99.996     7.6769    32.4215  1025.7582    25.2967     7.6674     57.859   100.2969     0.6735      7.907     3.9119     5.5904    170.393    174.704      12295          2  0.000e+00
   56.17992 -134.32160    133.402    100.964    100.020     7.6764    32.4221  1025.7589    25.2972     7.6669     57.805   100.2969     0.7028      7.907     3.9082     5.5853    170.236    174.542      12296          2  0.000e+00
   56.17992 -134.32160    133.258    100.819     99.875     7.6761    32.4227  1025.7587    25.2977     7.6667     57.855   100.2969     0.7028      7.907     3.9116     5.5901    170.383    174.693      12297          2  0.000e+00
   56.17992 -134.32160    133.402    100.964    100.020     7.6757    32.4224  1025.7592    25.2976     7.6661     57.858   100.2969     0.7028      7.907     3.9119     5.5905    170.395    174.705      12298          2  0.000e+00
   56.17992 -134.32160    133.322    100.884     99.940     7.6753    32.4225  1025.7590    25.2977     7.6658     57.860   100.2969     0.6735      7.907     3.9120     5.5907    170.400    174.711      12299          2  0.000e+00
   56.17992 -134.32160    133.346    100.908     99.964     7.6755    32.4227  1025.7592    25.2978     7.6660     57.862   100.2969     0.7028      7.907     3.9122     5.5909    170.406    174.717      12300          2  0.000e+00
   56.17992 -134.32160    133.322    100.884     99.940     7.6755    32.4223  1025.7587    25.2975     7.6660     57.864   100.2969     0.7614      7.907     3.9123     5.5911    170.412    174.723      12301          2  0.000e+00
   56.17992 -134.32160    133.290    100.851     99.907     7.6758    32.4224  1025.7587    25.2976     7.6663     57.866   100.2969     0.8200      7.907     3.9124     5.5912    170.417    174.728      12302          2  0.000e+00
   56.17992 -134.32160    120.916    100.884     99.940     7.6758    32.4225  1025.7589    25.2976     7.6663     57.813   100.2969     0.8493      7.907     3.9088     5.5860    170.259    174.566      12303          2  0.000e+00
   56.17992 -134.32160    111.067    100.851     99.907     7.6758    32.4220  1025.7583    25.2972     7.6663     57.807   100.2969     0.8200      7.907     3.9084     5.5856    170.244    174.551      12304          2  0.000e+00
   56.17992 -134.32160    109.317    100.884     99.940     7.6757    32.4225  1025.7590    25.2977     7.6662     57.803   100.2969     0.8493      7.907     3.9081     5.5851    170.231    174.538      12305          2  0.000e+00
