EcoFOCI/data/1_SampleCollection/2022_GOA-OA_CruiseData/CTD_raw_BottleFile_RC0083/RC0083_041.ros
* Sea-Bird SBE 9 Data File:
* FileName = C:\Data\RC0083ctd\RC0083_041.hex
* Software Version Seasave V 7.26.7.107
* Temperature SN = 2060
* Conductivity SN = 1084
* Number of Bytes Per Scan = 31
* Number of Voltage Words = 4
* Number of Scans Averaged by the Deck Unit = 1
* NMEA Latitude = 58 16.37 N
* NMEA Longitude = 135 23.99 W
* NMEA UTC (Time) = Aug 18 2022  13:46:22
* NMEA baud rate = 4800
** Ship: R/V Rachel Carson
** Cruise ID: RC0083
** Tech: McHugh/Nomura
** Chief Scientist: Cross
** Station: ISD
** Cast:  CTD041
# nquan = 21
# nvalues = 196                                   
# units = specified
# name 0 = latitude: Latitude [deg]
# name 1 = longitude: Longitude [deg]
# name 2 = sfdSM: Seafloor depth [salt water, m]
# name 3 = prDM: Pressure, Digiquartz [db]
# name 4 = depSM: Depth [salt water, m]
# name 5 = t090C: Temperature [ITS-90, deg C]
# name 6 = sal00: Salinity, Practical [PSU]
# name 7 = density00: Density [density, kg/m^3]
# name 8 = sigma-é00: Density [sigma-theta, kg/m^3]
# name 9 = potemp090C: Potential Temperature [ITS-90, deg C]
# name 10 = sbeox0PS: Oxygen, SBE 43 [% saturation]
# name 11 = CStarTr0: Beam Transmission, WET Labs C-Star [%]
# name 12 = flECO-AFL: Fluorescence, WET Labs ECO-AFL/FL [mg/m^3]
# name 13 = ph: pH
# name 14 = sbeox0ML/L: Oxygen, SBE 43 [ml/l]
# name 15 = sbeox0Mg/L: Oxygen, SBE 43 [mg/l]
# name 16 = sbox0Mm/Kg: Oxygen, SBE 43 [umol/kg]
# name 17 = sbeox0Mm/L: Oxygen, SBE 43 [umol/l]
# name 18 = scan: Scan Count
# name 19 = nbf: Bottles Fired
# name 20 = flag:  0.000e+00
# interval = seconds: 0.0416667
# start_time = Aug 18 2022 13:46:22 [NMEA time, header]
# bad_flag = -9.990e-29
*END*
   58.27330 -135.39854    223.652    215.583    213.469     5.3654    33.3777  1027.3443    26.3492     5.3484     27.197    94.5074    -0.0591      7.668     1.9279     2.7551     83.888     86.099       8409          1  0.000e+00
   58.27330 -135.39854    223.508    215.462    213.349     5.3652    33.3780  1027.3440    26.3495     5.3483     27.196    94.5074    -0.0591      7.668     1.9278     2.7550     83.886     86.096       8410          1  0.000e+00
   58.27330 -135.39854    223.596    215.527    213.413     5.3654    33.3782  1027.3445    26.3496     5.3484     27.196    94.5353    -0.0591      7.668     1.9278     2.7551     83.886     86.097       8411          1  0.000e+00
   58.27330 -135.39854    223.596    215.527    213.413     5.3654    33.3781  1027.3444    26.3496     5.3484     27.196    94.8150    -0.0591      7.668     1.9278     2.7551     83.887     86.098       8412          1  0.000e+00
   58.27330 -135.39854    223.532    215.462    213.349     5.3652    33.3783  1027.3442    26.3497     5.3483     27.197    94.9549    -0.0591      7.668     1.9279     2.7551     83.889     86.099       8413          1  0.000e+00
   58.27330 -135.39854    223.532    215.462    213.349     5.3651    33.3782  1027.3442    26.3496     5.3481     27.198    94.9828    -0.0591      7.668     1.9280     2.7553     83.893     86.103       8414          1  0.000e+00
   58.27330 -135.39854    223.596    215.526    213.413     5.3651    33.3783  1027.3446    26.3498     5.3481     27.200    94.9549    -0.0591      7.668     1.9281     2.7554     83.898     86.108       8415          1  0.000e+00
   58.27330 -135.39854    223.532    215.462    213.349     5.3649    33.3783  1027.3443    26.3498     5.3480     27.201    94.9549    -0.0591      7.668     1.9282     2.7556     83.903     86.114       8416          1  0.000e+00
   58.27330 -135.39854    223.596    215.526    213.413     5.3649    33.3786  1027.3449    26.3500     5.3480     27.203    94.9549    -0.0591      7.668     1.9284     2.7558     83.910     86.121       8417          1  0.000e+00
   58.27330 -135.39854    223.588    215.518    213.405     5.3649    33.3793  1027.3453    26.3505     5.3480     27.206    94.9549    -0.0591      7.668     1.9285     2.7561     83.917     86.128       8418          1  0.000e+00
   58.27330 -135.39854    223.532    215.462    213.349     5.3651    33.3790  1027.3449    26.3503     5.3481     27.208    94.9549    -0.0591      7.668     1.9287     2.7563     83.925     86.136       8419          1  0.000e+00
   58.27330 -135.39854    223.532    215.462    213.349     5.3651    33.3790  1027.3448    26.3503     5.3481     27.212    94.9549    -0.0591      7.668     1.9289     2.7566     83.935     86.146       8420          1  0.000e+00
   58.27330 -135.39854    223.596    215.526    213.413     5.3648    33.3794  1027.3455    26.3507     5.3478     27.215    94.9549    -0.0591      7.668     1.9292     2.7570     83.947     86.159       8421          1  0.000e+00
   58.27330 -135.39854    223.596    215.526    213.413     5.3649    33.3789  1027.3451    26.3503     5.3480     27.219    94.9549    -0.0591      7.664     1.9295     2.7574     83.959     86.171       8422          1  0.000e+00
   58.27330 -135.39854    223.532    215.462    213.349     5.3649    33.3788  1027.3447    26.3502     5.3480     27.223    94.9549    -0.0591      7.668     1.9298     2.7578     83.971     86.184       8423          1  0.000e+00
   58.27330 -135.39854    223.596    215.526    213.413     5.3649    33.3794  1027.3455    26.3507     5.3480     27.228    94.9549    -0.0591      7.668     1.9301     2.7583     83.986     86.199       8424          1  0.000e+00
   58.27330 -135.39854    223.532    215.462    213.349     5.3651    33.3791  1027.3450    26.3504     5.3481     27.233    94.9549    -0.0591      7.668     1.9304     2.7588     84.000     86.214       8425          1  0.000e+00
   58.27330 -135.39854    223.532    215.462    213.349     5.3649    33.3795  1027.3453    26.3507     5.3480     27.238    94.9549    -0.0591      7.664     1.9308     2.7593     84.017     86.230       8426          1  0.000e+00
   58.27330 -135.39854    223.596    215.526    213.413     5.3646    33.3800  1027.3460    26.3512     5.3476     27.244    94.9549    -0.0591      7.668     1.9312     2.7599     84.035     86.250       8427          1  0.000e+00
   58.27330 -135.39854    223.532    215.462    213.349     5.3648    33.3796  1027.3454    26.3508     5.3478     27.192    94.9549    -0.0591      7.668     1.9275     2.7546     83.873     86.083       8428          1  0.000e+00
   58.27330 -135.39854    223.596    215.526    213.413     5.3644    33.3799  1027.3459    26.3511     5.3475     27.240    94.9549    -0.0591      7.668     1.9309     2.7595     84.021     86.235       8429          1  0.000e+00
   58.27330 -135.39854    223.532    215.462    213.349     5.3646    33.3796  1027.3454    26.3508     5.3476     27.237    94.9549    -0.0591      7.668     1.9308     2.7593     84.014     86.228       8430          1  0.000e+00
   58.27330 -135.39854    223.596    215.526    213.413     5.3644    33.3796  1027.3457    26.3508     5.3475     27.244    94.9549    -0.0591      7.668     1.9313     2.7600     84.036     86.250       8431          1  0.000e+00
   58.27330 -135.39854    223.532    215.462    213.349     5.3643    33.3798  1027.3455    26.3510     5.3473     27.251    94.8150    -0.0591      7.668     1.9318     2.7607     84.057     86.272       8432          1  0.000e+00
   58.27330 -135.39854    223.507    215.462    213.349     5.3643    33.3794  1027.3452    26.3507     5.3473     27.258    94.7031    -0.0591      7.664     1.9323     2.7614     84.080     86.296       8433          1  0.000e+00
   58.27330 -135.39854    223.596    215.526    213.413     5.3646    33.3791  1027.3453    26.3504     5.3476     27.258    94.6752    -0.0591      7.668     1.9322     2.7613     84.077     86.293       8434          1  0.000e+00
   58.27330 -135.39854    223.532    215.462    213.349     5.3652    33.3786  1027.3445    26.3499     5.3483     27.256    94.7031    -0.0591      7.668     1.9321     2.7612     84.072     86.287       8435          1  0.000e+00
   58.27330 -135.39854    223.532    215.462    213.349     5.3657    33.3782  1027.3442    26.3496     5.3488     27.264    94.7031    -0.0591      7.668     1.9326     2.7619     84.095     86.311       8436          1  0.000e+00
   58.27330 -135.39854    223.596    215.526    213.413     5.3659    33.3786  1027.3447    26.3499     5.3489     27.272    94.7031    -0.0591      7.668     1.9332     2.7627     84.120     86.337       8437          1  0.000e+00
   58.27330 -135.39854    223.532    215.461    213.349     5.3656    33.3788  1027.3447    26.3501     5.3486     27.272    94.7031    -0.0591      7.668     1.9332     2.7627     84.119     86.336       8438          1  0.000e+00
   58.27330 -135.39854    223.532    215.461    213.349     5.3651    33.3795  1027.3452    26.3507     5.3481     27.280    94.7031    -0.0591      7.664     1.9338     2.7636     84.146     86.363       8439          1  0.000e+00
   58.27330 -135.39854    223.532    215.461    213.349     5.3648    33.3794  1027.3452    26.3507     5.3478     27.289    94.7031    -0.0591      7.668     1.9344     2.7645     84.174     86.392       8440          1  0.000e+00
   58.27330 -135.39854    223.596    215.526    213.413     5.3644    33.3800  1027.3460    26.3512     5.3475     27.290    94.7031    -0.0591      7.668     1.9345     2.7646     84.176     86.394       8441          1  0.000e+00
   58.27330 -135.39854    223.532    215.461    213.349     5.3646    33.3798  1027.3456    26.3510     5.3476     27.290    94.7031    -0.0591      7.668     1.9345     2.7646     84.176     86.395       8442          1  0.000e+00
   58.27330 -135.39854    223.532    215.461    213.349     5.3648    33.3798  1027.3455    26.3510     5.3478     27.232    94.7031    -0.0591      7.668     1.9304     2.7587     83.997     86.211       8443          1  0.000e+00
   58.27330 -135.39854    223.596    215.526    213.413     5.3646    33.3798  1027.3458    26.3510     5.3476     27.224    94.7031    -0.0591      7.668     1.9299     2.7580     83.975     86.187       8444          1  0.000e+00
   58.27330 -135.39854    223.532    215.461    213.349     5.3648    33.3794  1027.3452    26.3506     5.3478     27.217    94.7031    -0.0591      7.668     1.9293     2.7572     83.951     86.163       8445          1  0.000e+00
   58.27330 -135.39854    223.532    215.461    213.349     5.3646    33.3795  1027.3453    26.3507     5.3476     27.210    94.7031    -0.0591      7.668     1.9288     2.7565     83.929     86.141       8446          1  0.000e+00
   58.27330 -135.39854    223.532    215.461    213.349     5.3649    33.3789  1027.3448    26.3502     5.3480     27.270    94.7031    -0.0591      7.668     1.9331     2.7626     84.115     86.332       8447          1  0.000e+00
   58.27330 -135.39854    223.532    215.461    213.349     5.3648    33.3794  1027.3452    26.3507     5.3478     27.272    94.7031    -0.0591      7.668     1.9332     2.7628     84.122     86.338       8448          1  0.000e+00
   58.27330 -135.39854    223.596    215.526    213.413     5.3649    33.3798  1027.3458    26.3509     5.3480     27.275    94.7031    -0.0591      7.668     1.9334     2.7630     84.128     86.345       8449          1  0.000e+00
   58.27330 -135.39854    223.532    215.461    213.349     5.3648    33.3799  1027.3456    26.3511     5.3478     27.276    94.7031    -0.0591      7.668     1.9335     2.7632     84.134     86.351       8450          1  0.000e+00
   58.27330 -135.39854    223.507    215.461    213.349     5.3648    33.3796  1027.3454    26.3508     5.3478     27.279    94.7031    -0.0591      7.668     1.9337     2.7634     84.141     86.358       8451          1  0.000e+00
   58.27330 -135.39854    223.532    215.461    213.349     5.3646    33.3798  1027.3455    26.3510     5.3476     27.281    94.7870    -0.0591      7.664     1.9338     2.7637     84.148     86.366       8452          1  0.000e+00
   58.27330 -135.39854    223.532    215.461    213.349     5.3651    33.3788  1027.3447    26.3502     5.3481     27.274    94.8989    -0.0591      7.668     1.9334     2.7630     84.127     86.344       8453          1  0.000e+00
   58.27330 -135.39854    223.532    215.461    213.349     5.3649    33.3795  1027.3452    26.3507     5.3480     27.276    94.9269    -0.0591      7.664     1.9335     2.7631     84.132     86.349       8454          1  0.000e+00
   58.27330 -135.39854    223.532    215.461    213.349     5.3648    33.3794  1027.3452    26.3507     5.3478     27.219    94.9269    -0.0591      7.668     1.9295     2.7574     83.958     86.171       8455          1  0.000e+00
   58.27330 -135.39854    223.532    215.461    213.349     5.3648    33.3790  1027.3449    26.3504     5.3478     27.271    94.9269    -0.0591      7.664     1.9332     2.7627     84.119     86.335       8456          1  0.000e+00
   58.27330 -135.39854    223.507    215.461    213.349     5.3651    33.3789  1027.3447    26.3502     5.3481     27.273    94.9269    -0.0591      7.668     1.9333     2.7629     84.125     86.341       8457          1  0.000e+00
   58.27322 -135.39828    198.730    101.061    100.098     5.6846    32.5475  1026.1208    25.6539     5.6767     40.679    97.1364    -0.0298      7.740     2.8778     4.1127    125.309    128.524      13266          2  0.000e+00
   58.27322 -135.39828    198.586    100.915     99.953     5.6843    32.5477  1026.1203    25.6541     5.6763     40.681    97.1364    -0.0298      7.740     2.8779     4.1129    125.314    128.529      13267          2  0.000e+00
   58.27322 -135.39828    198.794    101.126    100.162     5.6838    32.5482  1026.1218    25.6546     5.6758     40.741    97.1644    -0.0298      7.740     2.8822     4.1190    125.500    128.720      13268          2  0.000e+00
   58.27322 -135.39828    198.586    100.915     99.953     5.6837    32.5480  1026.1207    25.6544     5.6757     40.749    97.1364    -0.0298      7.740     2.8828     4.1199    125.527    128.748      13269          2  0.000e+00
   58.27322 -135.39828    198.618    100.948     99.985     5.6835    32.5485  1026.1212    25.6549     5.6755     40.702    97.1364    -0.0298      7.740     2.8795     4.1151    125.381    128.598      13270          2  0.000e+00
   58.27322 -135.39828    198.762    101.093    100.130     5.6833    32.5482  1026.1217    25.6546     5.6753     40.704    97.1364    -0.0298      7.740     2.8797     4.1153    125.389    128.606      13271          2  0.000e+00
   58.27322 -135.39828    198.730    101.061    100.098     5.6833    32.5485  1026.1218    25.6549     5.6754     40.705    97.1364    -0.0298      7.740     2.8797     4.1154    125.392    128.609      13272          2  0.000e+00
   58.27322 -135.39828    198.650    100.980    100.018     5.6833    32.5489  1026.1217    25.6551     5.6753     40.706    97.1364    -0.0298      7.740     2.8798     4.1155    125.395    128.612      13273          2  0.000e+00
   58.27322 -135.39828    198.730    101.061    100.098     5.6840    32.5483  1026.1216    25.6546     5.6760     40.651    97.1364    -0.0298      7.740     2.8758     4.1099    125.223    128.435      13274          2  0.000e+00
   58.27322 -135.39828    198.706    101.037    100.074     5.6845    32.5481  1026.1212    25.6544     5.6765     40.701    97.1364    -0.0298      7.740     2.8794     4.1149    125.377    128.593      13275          2  0.000e+00
   58.27322 -135.39828    198.674    101.004    100.042     5.6846    32.5477  1026.1207    25.6541     5.6766     40.703    97.1644    -0.0298      7.740     2.8795     4.1151    125.382    128.598      13276          2  0.000e+00
   58.27322 -135.39828    198.586    100.915     99.953     5.6854    32.5470  1026.1197    25.6534     5.6775     40.704    97.1364    -0.0298      7.740     2.8795     4.1151    125.383    128.600      13277          2  0.000e+00
   58.27322 -135.39828    198.794    101.126    100.162     5.6865    32.5466  1026.1202    25.6530     5.6785     40.707    97.1364    -0.0298      7.740     2.8797     4.1153    125.389    128.605      13278          2  0.000e+00
   58.27322 -135.39828    198.650    100.980    100.018     5.6873    32.5456  1026.1186    25.6521     5.6794     40.651    97.1364    -0.0298      7.740     2.8756     4.1096    125.214    128.426      13279          2  0.000e+00
   58.27322 -135.39828    198.730    101.061    100.098     5.6878    32.5449  1026.1184    25.6515     5.6799     40.702    97.1364    -0.0298      7.740     2.8792     4.1147    125.371    128.587      13280          2  0.000e+00
   58.27322 -135.39828    198.586    100.915     99.953     5.6879    32.5452  1026.1179    25.6517     5.6799     40.703    97.1364    -0.0298      7.745     2.8793     4.1148    125.375    128.591      13281          2  0.000e+00
   58.27322 -135.39828    198.794    101.126    100.162     5.6869    32.5461  1026.1197    25.6525     5.6789     40.706    97.1364    -0.0591      7.740     2.8796     4.1152    125.387    128.603      13282          2  0.000e+00
   58.27322 -135.39828    198.706    101.037    100.074     5.6857    32.5471  1026.1203    25.6535     5.6777     40.651    97.2763    -0.0591      7.740     2.8758     4.1097    125.219    128.431      13283          2  0.000e+00
   58.27322 -135.39828    198.730    101.061    100.098     5.6845    32.5482  1026.1214    25.6544     5.6765     40.694    97.3882    -0.0591      7.740     2.8789     4.1142    125.355    128.570      13284          2  0.000e+00
