EcoFOCI/data/1_SampleCollection/2022_GOA-OA_CruiseData/CTD_raw_BottleFile_RC0083/RC0083_044.ros
* Sea-Bird SBE 9 Data File:
* FileName = C:\Data\RC0083ctd\RC0083_044.hex
* Software Version Seasave V 7.26.7.107
* Temperature SN = 2060
* Conductivity SN = 1084
* Number of Bytes Per Scan = 31
* Number of Voltage Words = 4
* Number of Scans Averaged by the Deck Unit = 1
* NMEA Latitude = 58 09.46 N
* NMEA Longitude = 136 34.90 W
* NMEA UTC (Time) = Aug 18 2022  23:17:27
* NMEA baud rate = 4800
** Ship: R/V Rachel Carson
** Cruise ID: RC0083
** Tech: McHugh/Nomura
** Chief Scientist: Cross
** Station: XS3
** Cast:  CTD044
# nquan = 21
# nvalues = 441                                   
# units = specified
# name 0 = latitude: Latitude [deg]
# name 1 = longitude: Longitude [deg]
# name 2 = sfdSM: Seafloor depth [salt water, m]
# name 3 = prDM: Pressure, Digiquartz [db]
# name 4 = depSM: Depth [salt water, m]
# name 5 = t090C: Temperature [ITS-90, deg C]
# name 6 = sal00: Salinity, Practical [PSU]
# name 7 = density00: Density [density, kg/m^3]
# name 8 = sigma-é00: Density [sigma-theta, kg/m^3]
# name 9 = potemp090C: Potential Temperature [ITS-90, deg C]
# name 10 = sbeox0PS: Oxygen, SBE 43 [% saturation]
# name 11 = CStarTr0: Beam Transmission, WET Labs C-Star [%]
# name 12 = flECO-AFL: Fluorescence, WET Labs ECO-AFL/FL [mg/m^3]
# name 13 = ph: pH
# name 14 = sbeox0ML/L: Oxygen, SBE 43 [ml/l]
# name 15 = sbeox0Mg/L: Oxygen, SBE 43 [mg/l]
# name 16 = sbox0Mm/Kg: Oxygen, SBE 43 [umol/kg]
# name 17 = sbeox0Mm/L: Oxygen, SBE 43 [umol/l]
# name 18 = scan: Scan Count
# name 19 = nbf: Bottles Fired
# name 20 = flag:  0.000e+00
# interval = seconds: 0.0416667
# start_time = Aug 18 2022 23:17:27 [NMEA time, header]
# bad_flag = -9.990e-29
*END*
[from data line 138]
   58.15720 -136.57994    301.854    205.227    203.221     6.4168    32.9835  1026.8520    25.9093     6.3992     48.022   100.7165    -0.0298      7.825     3.3299     4.7587    144.957    148.713      16250          3  0.000e+00
   58.15720 -136.57994    301.797    205.170    203.165     6.4168    32.9836  1026.8518    25.9094     6.3992     48.017   100.4927    -0.0298      7.825     3.3296     4.7583    144.943    148.698      16251          3  0.000e+00
   58.15720 -136.57994    301.846    205.218    203.213     6.4165    32.9849  1026.8531    25.9104     6.3988     48.012   100.4368    -0.0298      7.825     3.3292     4.7577    144.927    148.682      16252          3  0.000e+00
   58.15720 -136.57994    301.974    205.348    203.341     6.4161    32.9849  1026.8537    25.9105     6.3984     48.006   100.4368    -0.0298      7.825     3.3288     4.7572    144.909    148.664      16253          3  0.000e+00
   58.15720 -136.57994    301.781    205.154    203.149     6.4157    32.9853  1026.8532    25.9109     6.3980     47.996   100.4368    -0.0298      7.825     3.3282     4.7563    144.881    148.635      16254          3  0.000e+00
   58.15720 -136.57994    301.854    205.227    203.221     6.4158    32.9852  1026.8534    25.9108     6.3982     47.995   100.4368    -0.0298      7.825     3.3281     4.7562    144.878    148.632      16255          3  0.000e+00
   58.15720 -136.57994    301.910    205.283    203.277     6.4157    32.9851  1026.8536    25.9107     6.3980     47.993   100.4368    -0.0298      7.825     3.3280     4.7560    144.873    148.627      16256          3  0.000e+00
   58.15720 -136.57994    301.902    205.275    203.269     6.4157    32.9853  1026.8537    25.9108     6.3980     47.990   100.4368    -0.0298      7.825     3.3277     4.7556    144.863    148.616      16257          3  0.000e+00
   58.15720 -136.57994    301.974    205.348    203.341     6.4157    32.9855  1026.8543    25.9110     6.3980     47.986   100.4368    -0.0298      7.825     3.3274     4.7553    144.851    148.604      16258          3  0.000e+00
   58.15736 -136.57960    251.379    154.235    152.746     6.6695    32.7207  1026.3772    25.6690     6.6561     49.024    98.0594    -0.0005      7.838     3.3854     4.8381    147.408    151.192      19117          4  0.000e+00
   58.15736 -136.57960    251.154    154.008    152.522     6.6697    32.7205  1026.3759    25.6688     6.6563     49.023    98.0314    -0.0005      7.843     3.3853     4.8379    147.404    151.188      19118          4  0.000e+00
   58.15736 -136.57960    251.146    154.000    152.514     6.6697    32.7210  1026.3763    25.6692     6.6563     49.024    98.0594    -0.0005      7.843     3.3853     4.8379    147.404    151.188      19119          4  0.000e+00
   58.15736 -136.57960    251.154    154.008    152.522     6.6697    32.7211  1026.3764    25.6692     6.6563     49.032    98.0594    -0.0005      7.843     3.3859     4.8388    147.430    151.214      19120          4  0.000e+00
   58.15736 -136.57960    251.323    154.178    152.690     6.6695    32.7212  1026.3773    25.6694     6.6561     49.034    98.1433    -0.0005      7.843     3.3860     4.8390    147.435    151.220      19121          4  0.000e+00
   58.15736 -136.57960    251.323    154.178    152.690     6.6695    32.7210  1026.3771    25.6692     6.6561     48.977    98.1433    -0.0005      7.838     3.3821     4.8334    147.266    151.047      19122          4  0.000e+00
   58.15736 -136.57960    251.275    154.129    152.642     6.6694    32.7218  1026.3776    25.6699     6.6559     48.970    98.1433    -0.0005      7.838     3.3816     4.8327    147.245    151.024      19123          4  0.000e+00
   58.15736 -136.57960    251.267    154.121    152.634     6.6692    32.7214  1026.3773    25.6696     6.6558     48.964    98.1433    -0.0005      7.843     3.3812     4.8321    147.226    151.005      19124          4  0.000e+00
   58.15736 -136.57960    251.331    154.186    152.698     6.6691    32.7215  1026.3777    25.6697     6.6557     49.007    98.1433    -0.0005      7.838     3.3842     4.8364    147.356    151.138      19125          4  0.000e+00
   58.15736 -136.57960    251.323    154.178    152.690     6.6691    32.7218  1026.3778    25.6699     6.6557     49.008    98.1433    -0.0005      7.843     3.3843     4.8365    147.359    151.142      19126          4  0.000e+00
   58.15736 -136.57960    251.323    154.178    152.690     6.6687    32.7217  1026.3778    25.6698     6.6553     49.009    98.1433    -0.0005      7.843     3.3844     4.8367    147.365    151.148      19127          4  0.000e+00
   58.15736 -136.57960    251.331    154.186    152.698     6.6689    32.7214  1026.3776    25.6697     6.6554     49.011    98.1433    -0.0005      7.843     3.3845     4.8368    147.368    151.151      19128          4  0.000e+00
   58.15736 -136.57960    251.379    154.235    152.746     6.6689    32.7219  1026.3782    25.6700     6.6554     49.012    98.1433    -0.0005      7.843     3.3846     4.8369    147.373    151.156      19129          4  0.000e+00
   58.15736 -136.57960    251.395    154.251    152.762     6.6687    32.7220  1026.3784    25.6701     6.6553     49.014    98.1433    -0.0005      7.838     3.3847     4.8371    147.377    151.161      19130          4  0.000e+00
   58.15736 -136.57960    251.379    154.235    152.746     6.6689    32.7218  1026.3782    25.6700     6.6554     49.015    98.1433    -0.0005      7.843     3.3848     4.8372    147.381    151.164      19131          4  0.000e+00
   58.15736 -136.57960    251.443    154.299    152.810     6.6689    32.7217  1026.3784    25.6699     6.6554     49.017    98.1433    -0.0005      7.843     3.3849     4.8373    147.386    151.169      19132          4  0.000e+00
   58.15736 -136.57960    251.395    154.251    152.762     6.6687    32.7219  1026.3783    25.6700     6.6553     49.018    98.1433    -0.0005      7.843     3.3850     4.8375    147.389    151.173      19133          4  0.000e+00
   58.15736 -136.57960    251.443    154.299    152.810     6.6687    32.7217  1026.3783    25.6699     6.6553     49.019    98.1433    -0.0005      7.843     3.3851     4.8376    147.394    151.178      19134          4  0.000e+00
   58.15736 -136.57960    251.451    154.308    152.818     6.6687    32.7217  1026.3784    25.6699     6.6553     49.021    98.1433    -0.0005      7.838     3.3852     4.8378    147.398    151.182      19135          4  0.000e+00
   58.15736 -136.57960    251.499    154.356    152.867     6.6686    32.7219  1026.3788    25.6701     6.6551     49.022    98.1433    -0.0005      7.838     3.3853     4.8379    147.404    151.187      19136          4  0.000e+00
   58.15736 -136.57960    251.451    154.308    152.819     6.6686    32.7216  1026.3783    25.6698     6.6551     48.966    98.1433    -0.0005      7.843     3.3814     4.8324    147.236    151.015      19137          4  0.000e+00
   58.15736 -136.57960    251.499    154.356    152.867     6.6681    32.7223  1026.3792    25.6705     6.6546     49.018    98.1433    -0.0005      7.838     3.3850     4.8375    147.390    151.174      19138          4  0.000e+00
   58.15736 -136.57960    251.499    154.356    152.867     6.6681    32.7223  1026.3792    25.6705     6.6546     49.019    98.1433    -0.0005      7.843     3.3851     4.8377    147.395    151.179      19139          4  0.000e+00
   58.15736 -136.57960    251.571    154.429    152.939     6.6682    32.7222  1026.3794    25.6704     6.6548     49.021    98.1433    -0.0005      7.843     3.3852     4.8378    147.401    151.185      19140          4  0.000e+00
   58.15736 -136.57960    251.499    154.356    152.867     6.6682    32.7223  1026.3792    25.6704     6.6548     48.957    98.1433    -0.0005      7.843     3.3808     4.8315    147.209    150.988      19141          4  0.000e+00
   58.15736 -136.57960    251.571    154.429    152.939     6.6680    32.7226  1026.3798    25.6707     6.6545     49.009    98.1433    -0.0005      7.838     3.3844     4.8366    147.364    151.146      19142          4  0.000e+00
   58.15736 -136.57960    251.563    154.421    152.931     6.6681    32.7220  1026.3793    25.6702     6.6546     49.010    98.1433    -0.0005      7.838     3.3845     4.8368    147.368    151.151      19143          4  0.000e+00
   58.15736 -136.57960    251.619    154.478    152.987     6.6675    32.7231  1026.3805    25.6711     6.6540     49.012    98.1433    -0.0005      7.843     3.3847     4.8370    147.376    151.159      19144          4  0.000e+00
   58.15736 -136.57960    251.571    154.429    152.939     6.6670    32.7238  1026.3809    25.6718     6.6535     49.014    98.1433    -0.0005      7.843     3.3848     4.8372    147.381    151.164      19145          4  0.000e+00
   58.15736 -136.57960    251.619    154.478    152.987     6.6663    32.7240  1026.3814    25.6720     6.6528     49.016    98.1433    -0.0005      7.843     3.3850     4.8374    147.389    151.172      19146          4  0.000e+00
   58.15736 -136.57960    251.627    154.486    152.995     6.6652    32.7253  1026.3826    25.6732     6.6517     48.960    98.1433    -0.0005      7.843     3.3812     4.8321    147.225    151.005      19147          4  0.000e+00
   58.15736 -136.57960    251.675    154.534    153.043     6.6622    32.7294  1026.3864    25.6768     6.6487     49.012    98.1433    -0.0005      7.843     3.3849     4.8374    147.387    151.171      19148          4  0.000e+00
   58.15736 -136.57960    251.619    154.478    152.987     6.6604    32.7313  1026.3878    25.6785     6.6469     48.957    98.1433    -0.0005      7.838     3.3812     4.8321    147.225    151.005      19149          4  0.000e+00
   58.15736 -136.57960    251.692    154.551    153.059     6.6618    32.7295  1026.3866    25.6769     6.6483     49.009    98.1433    -0.0005      7.843     3.3847     4.8371    147.378    151.162      19150          4  0.000e+00
   58.15736 -136.57960    251.675    154.534    153.043     6.6637    32.7274  1026.3846    25.6750     6.6503     49.011    98.1433    -0.0005      7.838     3.3848     4.8372    147.379    151.163      19151          4  0.000e+00
   58.15736 -136.57960    251.692    154.551    153.059     6.6645    32.7260  1026.3835    25.6738     6.6510     49.013    98.1433    -0.0005      7.843     3.3849     4.8373    147.385    151.169      19152          4  0.000e+00
   58.15736 -136.57960    251.740    154.599    153.107     6.6649    32.7258  1026.3835    25.6737     6.6514     49.016    98.1433    -0.0005      7.838     3.3850     4.8375    147.391    151.176      19153          4  0.000e+00
   58.15736 -136.57960    251.676    154.534    153.043     6.6641    32.7271  1026.3843    25.6747     6.6506     49.018    98.1433    -0.0005      7.843     3.3852     4.8378    147.399    151.183      19154          4  0.000e+00
   58.15736 -136.57960    251.748    154.607    153.115     6.6640    32.7273  1026.3848    25.6749     6.6505     49.012    98.1433    -0.0005      7.838     3.3848     4.8373    147.382    151.166      19155          4  0.000e+00
   58.15736 -136.57960    251.740    154.599    153.107     6.6633    32.7276  1026.3851    25.6753     6.6498     49.014    98.1433    -0.0005      7.843     3.3850     4.8375    147.391    151.175      19156          4  0.000e+00
   58.15736 -136.57960    251.748    154.607    153.115     6.6620    32.7294  1026.3868    25.6768     6.6485     49.016    98.1433    -0.0005      7.843     3.3852     4.8378    147.400    151.184      19157          4  0.000e+00
   58.15736 -136.57960    251.740    154.599    153.107     6.6604    32.7319  1026.3889    25.6790     6.6469     49.018    98.1433    -0.0005      7.843     3.3854     4.8381    147.409    151.194      19158          4  0.000e+00
   58.15736 -136.57960    251.740    154.599    153.107     6.6591    32.7330  1026.3899    25.6801     6.6456     49.020    98.1433    -0.0005      7.843     3.3857     4.8385    147.418    151.204      19159          4  0.000e+00
   58.15736 -136.57960    251.748    154.607    153.115     6.6576    32.7346  1026.3914    25.6815     6.6441     49.023    98.1433    -0.0005      7.843     3.3859     4.8388    147.428    151.214      19160          4  0.000e+00
   58.15736 -136.57960    251.796    154.656    153.163     6.6564    32.7363  1026.3931    25.6830     6.6429     48.968    98.1433    -0.0005      7.838     3.3822     4.8335    147.266    151.048      19161          4  0.000e+00
   58.15736 -136.57960    251.748    154.607    153.115     6.6554    32.7373  1026.3938    25.6839     6.6420     48.962    98.1433    -0.0005      7.843     3.3818     4.8330    147.251    151.033      19162          4  0.000e+00
   58.15736 -136.57960    251.796    154.656    153.163     6.6543    32.7386  1026.3952    25.6851     6.6408     49.023    98.1433    -0.0005      7.843     3.3861     4.8390    147.435    151.222      19163          4  0.000e+00
   58.15736 -136.57960    251.748    154.607    153.115     6.6538    32.7391  1026.3955    25.6856     6.6403     49.025    98.1433    -0.0005      7.838     3.3863     4.8393    147.444    151.231      19164          4  0.000e+00
   58.15736 -136.57960    251.796    154.656    153.163     6.6530    32.7404  1026.3968    25.6866     6.6395     49.029    98.1713    -0.0005      7.838     3.3865     4.8397    147.456    151.243      19165          4  0.000e+00
   58.15756 -136.57914    173.817     75.903     75.185     7.8694    31.5136  1024.9038    24.5564     7.8622     57.712    87.7948     0.3218      7.930     3.9079     5.5848    170.346    174.529      22680          5  0.000e+00
   58.15756 -136.57914    173.817     75.903     75.185     7.8698    31.5139  1024.9039    24.5566     7.8626     57.712    87.7948     0.3218      7.930     3.9080     5.5849    170.346    174.530      22681          5  0.000e+00
   58.15756 -136.57914    173.938     76.025     75.305     7.8696    31.5134  1024.9041    24.5562     7.8625     57.707    87.7668     0.3218      7.930     3.9076     5.5844    170.333    174.515      22682          5  0.000e+00
   58.15756 -136.57914    173.818     75.903     75.185     7.8698    31.5135  1024.9036    24.5563     7.8627     57.701    87.7389     0.3218      7.930     3.9072     5.5837    170.312    174.494      22683          5  0.000e+00
   58.15756 -136.57914    173.882     75.968     75.249     7.8698    31.5136  1024.9040    24.5563     7.8626     57.696    87.7389     0.3218      7.930     3.9068     5.5833    170.298    174.480      22684          5  0.000e+00
   58.15756 -136.57914    173.882     75.968     75.249     7.8691    31.5131  1024.9037    24.5561     7.8620     57.691    87.7389     0.3218      7.930     3.9066     5.5829    170.286    174.468      22685          5  0.000e+00
   58.15756 -136.57914    173.818     75.903     75.185     7.8691    31.5132  1024.9035    24.5561     7.8619     57.693    87.7389     0.3218      7.930     3.9067     5.5831    170.293    174.475      22686          5  0.000e+00
   58.15756 -136.57914    173.882     75.968     75.249     7.8687    31.5133  1024.9039    24.5563     7.8615     57.689    87.7389     0.3218      7.930     3.9065     5.5828    170.284    174.465      22687          5  0.000e+00
   58.15756 -136.57914    173.882     75.968     75.249     7.8691    31.5133  1024.9038    24.5562     7.8619     57.685    87.7389     0.3218      7.930     3.9062     5.5824    170.270    174.452      22688          5  0.000e+00
   58.15756 -136.57914    173.882     75.968     75.249     7.8693    31.5133  1024.9038    24.5562     7.8621     57.682    87.7389     0.3218      7.930     3.9060     5.5820    170.259    174.440      22689          5  0.000e+00
