EcoFOCI/data/1_SampleCollection/2022_GOA-OA_CruiseData/CTD_raw_BottleFile_RC0083/RC0083_050.ros
* Sea-Bird SBE 9 Data File:
* FileName = C:\Data\RC0083ctd\RC0083_050.hex
* Software Version Seasave V 7.26.7.107
* Temperature SN = 2060
* Conductivity SN = 1084
* Number of Bytes Per Scan = 31
* Number of Voltage Words = 4
* Number of Scans Averaged by the Deck Unit = 1
* NMEA Latitude = 58 14.01 N
* NMEA Longitude = 137 00.36 W
* NMEA UTC (Time) = Aug 19 2022  09:01:05
* NMEA baud rate = 4800
** Ship: R/V Rachel Carson
** Cruise ID: RC0083
** Tech: McHugh/Nomura
** Chief Scientist: Cross
** Station: SEM2.5
** Cast:  CTD050
# nquan = 21
# nvalues = 294                                   
# units = specified
# name 0 = latitude: Latitude [deg]
# name 1 = longitude: Longitude [deg]
# name 2 = sfdSM: Seafloor depth [salt water, m]
# name 3 = prDM: Pressure, Digiquartz [db]
# name 4 = depSM: Depth [salt water, m]
# name 5 = t090C: Temperature [ITS-90, deg C]
# name 6 = sal00: Salinity, Practical [PSU]
# name 7 = density00: Density [density, kg/m^3]
# name 8 = sigma-é00: Density [sigma-theta, kg/m^3]
# name 9 = potemp090C: Potential Temperature [ITS-90, deg C]
# name 10 = sbeox0PS: Oxygen, SBE 43 [% saturation]
# name 11 = CStarTr0: Beam Transmission, WET Labs C-Star [%]
# name 12 = flECO-AFL: Fluorescence, WET Labs ECO-AFL/FL [mg/m^3]
# name 13 = ph: pH
# name 14 = sbeox0ML/L: Oxygen, SBE 43 [ml/l]
# name 15 = sbeox0Mg/L: Oxygen, SBE 43 [mg/l]
# name 16 = sbox0Mm/Kg: Oxygen, SBE 43 [umol/kg]
# name 17 = sbeox0Mm/L: Oxygen, SBE 43 [umol/l]
# name 18 = scan: Scan Count
# name 19 = nbf: Bottles Fired
# name 20 = flag:  0.000e+00
# interval = seconds: 0.0416667
# start_time = Aug 19 2022 09:01:05 [NMEA time, header]
# bad_flag = -9.990e-29
*END*
[from data line 207]
   58.23500 -137.00506    108.337      9.968      9.875    14.2688    31.5932  1023.5452    23.5009    14.2673    101.308    93.5564     2.5196      8.289     5.9765     8.5410    260.782    266.911      13122          5  0.000e+00
   58.23500 -137.00506    108.481     10.113     10.019    14.2689    31.5937  1023.5462    23.5013    14.2675    101.350    93.5844     2.5489      8.289     5.9790     8.5445    260.889    267.020      13123          5  0.000e+00
   58.23500 -137.00506    108.273      9.903      9.811    14.2691    31.5936  1023.5452    23.5012    14.2677    101.339    93.5844     2.5489      8.289     5.9783     8.5436    260.861    266.991      13124          5  0.000e+00
   58.23500 -137.00506    108.361      9.968      9.875    14.2696    31.5934  1023.5452    23.5009    14.2682    101.337    93.5844     2.5489      8.289     5.9781     8.5433    260.852    266.983      13125          5  0.000e+00
   58.23500 -137.00506    108.537     10.170     10.075    14.2697    31.5934  1023.5461    23.5009    14.2683    101.336    93.5844     2.5489      8.289     5.9780     8.5432    260.849    266.979      13126          5  0.000e+00
   58.23500 -137.00506    108.273      9.903      9.811    14.2697    31.5938  1023.5451    23.5012    14.2683    101.328    93.5844     2.5196      8.289     5.9776     8.5426    260.829    266.959      13127          5  0.000e+00
   58.23500 -137.00506    108.593     10.202     10.107    14.2701    31.5933  1023.5460    23.5007    14.2687    101.327    93.5844     2.5489      8.289     5.9775     8.5425    260.826    266.956      13128          5  0.000e+00
   58.23500 -137.00506    108.417     10.049      9.955    14.2697    31.5935  1023.5456    23.5010    14.2683    101.321    93.5844     2.5489      8.289     5.9771     8.5419    260.810    266.939      13129          5  0.000e+00
   58.23500 -137.00506    108.417     10.025      9.931    14.2697    31.5935  1023.5455    23.5010    14.2683    101.315    93.5844     2.5489      8.289     5.9768     8.5414    260.795    266.924      13130          5  0.000e+00
   58.23500 -137.00506    108.473     10.081      9.987    14.2696    31.5937  1023.5459    23.5011    14.2682    101.257    93.5844     2.5196      8.289     5.9734     8.5366    260.646    266.772      13131          5  0.000e+00
   58.23500 -137.00506    108.681     10.291     10.195    14.2696    31.5935  1023.5467    23.5010    14.2681    101.248    93.5564     2.5196      8.289     5.9729     8.5359    260.624    266.749      13132          5  0.000e+00
   58.23500 -137.00506    108.593     10.202     10.107    14.2696    31.5936  1023.5464    23.5010    14.2681    101.183    93.5844     2.5196      8.289     5.9690     8.5303    260.456    266.577      13133          5  0.000e+00
   58.23500 -137.00506    108.593     10.202     10.107    14.2701    31.5931  1023.5459    23.5006    14.2687    101.166    93.5564     2.5196      8.289     5.9680     8.5289    260.411    266.531      13134          5  0.000e+00
   58.23500 -137.00506    108.593     10.202     10.107    14.2699    31.5936  1023.5463    23.5010    14.2685    101.150    93.5844     2.5196      8.293     5.9670     8.5275    260.369    266.488      13135          5  0.000e+00
   58.23500 -137.00506    108.537     10.170     10.075    14.2699    31.5936  1023.5462    23.5010    14.2685    101.133    93.5844     2.5489      8.293     5.9660     8.5261    260.325    266.443      13136          5  0.000e+00
   58.23500 -137.00506    108.769     10.380     10.283    14.2699    31.5933  1023.5469    23.5008    14.2684    101.124    93.5844     2.5196      8.289     5.9655     8.5253    260.303    266.421      13137          5  0.000e+00
   58.23500 -137.00506    108.593     10.202     10.107    14.2701    31.5934  1023.5461    23.5008    14.2687    101.058    93.5844     2.5196      8.289     5.9616     8.5197    260.132    266.245      13138          5  0.000e+00
   58.23500 -137.00506    108.833     10.469     10.371    14.2702    31.5936  1023.5475    23.5010    14.2687    101.046    93.6403     2.5196      8.293     5.9609     8.5187    260.099    266.212      13139          5  0.000e+00
   58.23500 -137.00506    108.537     10.146     10.051    14.2707    31.5932  1023.5456    23.5006    14.2693    101.026    93.6683     2.5782      8.289     5.9597     8.5169    260.047    266.158      13140          5  0.000e+00
   58.23500 -137.00506    108.921     10.558     10.459    14.2700    31.5934  1023.5478    23.5009    14.2685    101.016    93.6683     2.6368      8.293     5.9592     8.5162    260.026    266.136      13141          5  0.000e+00
   58.23500 -137.00506    108.913     10.525     10.427    14.2694    31.5939  1023.5481    23.5013    14.2679    101.002    93.6683     2.6661      8.293     5.9584     8.5151    259.990    266.100      13142          5  0.000e+00
   58.23500 -137.00506    108.889     10.501     10.403    14.2684    31.5939  1023.5482    23.5015    14.2669    100.934    93.6683     2.6368      8.289     5.9545     8.5096    259.822    265.929      13143          5  0.000e+00
   58.23500 -137.00506    108.769     10.380     10.283    14.2679    31.5939  1023.5478    23.5017    14.2664    100.914    93.6683     2.6368      8.289     5.9534     8.5080    259.773    265.878      13144          5  0.000e+00
   58.23500 -137.00506    109.033     10.647     10.547    14.2675    31.5942  1023.5492    23.5020    14.2660    100.905    93.6683     2.6368      8.289     5.9529     8.5073    259.751    265.856      13145          5  0.000e+00
   58.23500 -137.00506    108.945     10.558     10.459    14.2677    31.5939  1023.5486    23.5017    14.2662    100.893    93.6403     2.6368      8.293     5.9521     8.5062    259.718    265.821      13146          5  0.000e+00
   58.23500 -137.00506    108.889     10.501     10.403    14.2681    31.5943  1023.5486    23.5019    14.2666    100.881    93.6683     2.6368      8.293     5.9514     8.5051    259.686    265.789      13147          5  0.000e+00
   58.23500 -137.00506     84.392     10.743     10.643    14.2679    31.5945  1023.5498    23.5021    14.2663    100.869    93.6683     2.6368      8.293     5.9507     8.5041    259.655    265.757      13148          5  0.000e+00
   58.23500 -137.00506     43.612     10.647     10.547    14.2679    31.5943  1023.5493    23.5020    14.2664    100.858    93.6683     2.6368      8.293     5.9501     8.5032    259.628    265.730      13149          5  0.000e+00
   58.23500 -137.00506     31.876     10.558     10.459    14.2681    31.5941  1023.5487    23.5018    14.2666    100.796    93.6403     2.6368      8.293     5.9464     8.4979    259.467    265.565      13150          5  0.000e+00
   58.23500 -137.00506     32.988     10.743     10.643    14.2674    31.5945  1023.5499    23.5022    14.2658    100.786    93.6403     2.6661      8.293     5.9458     8.4972    259.444    265.541      13151          5  0.000e+00
   58.23500 -137.00506     34.728     10.824     10.723    14.2672    31.5943  1023.5502    23.5021    14.2657    100.775    93.6683     2.6368      8.293     5.9452     8.4964    259.418    265.515      13152          5  0.000e+00
   58.23500 -137.00506     34.999     10.679     10.579    14.2669    31.5943  1023.5496    23.5022    14.2654    100.763    93.6403     2.6368      8.293     5.9446     8.4954    259.388    265.484      13153          5  0.000e+00
   58.23500 -137.00506     35.039     10.743     10.643    14.2669    31.5940  1023.5497    23.5020    14.2654    100.755    93.6403     2.6368      8.293     5.9441     8.4947    259.367    265.462      13154          5  0.000e+00
   58.23500 -137.00506     35.198     10.978     10.875    14.2664    31.5942  1023.5510    23.5022    14.2648    100.696    93.6403     2.6368      8.289     5.9407     8.4899    259.219    265.312      13155          5  0.000e+00
   58.23500 -137.00506     35.021     10.824     10.723    14.2660    31.5950  1023.5510    23.5029    14.2645    100.683    93.6683     2.6368      8.293     5.9399     8.4887    259.184    265.276      13156          5  0.000e+00
   58.23500 -137.00506     34.941     10.743     10.643    14.2660    31.5946  1023.5503    23.5026    14.2645    100.671    93.6403     2.6368      8.293     5.9392     8.4877    259.154    265.245      13157          5  0.000e+00
   58.23500 -137.00506     35.053     10.857     10.755    14.2660    31.5948  1023.5509    23.5027    14.2645    100.663    93.6683     2.6368      8.293     5.9387     8.4870    259.133    265.224      13158          5  0.000e+00
   58.23500 -137.00506     35.197     11.002     10.899    14.2659    31.5947  1023.5516    23.5027    14.2643    100.656    93.6683     2.6368      8.293     5.9384     8.4865    259.118    265.208      13159          5  0.000e+00
   58.23512 -137.00502     19.094      4.508      4.467    14.4417    31.5929  1023.4847    23.4647    14.4410    101.471    93.3886     2.2852      8.297     5.9652     8.5249    260.300    266.408      14142          6  0.000e+00
   58.23512 -137.00502     19.302      4.718      4.675    14.4417    31.5924  1023.4852    23.4643    14.4411    101.472    93.3886     2.2852      8.297     5.9653     8.5250    260.303    266.411      14143          6  0.000e+00
   58.23512 -137.00502     40.268      4.387      4.347    14.4417    31.5927  1023.4839    23.4645    14.4410    101.467    93.3886     2.2852      8.297     5.9650     8.5246    260.289    266.397      14144          6  0.000e+00
   58.23512 -137.00502     89.529      4.541      4.499    14.4419    31.5927  1023.4846    23.4645    14.4412    101.468    93.3886     2.2852      8.297     5.9650     8.5246    260.291    266.398      14145          6  0.000e+00
   58.23512 -137.00502    104.467      4.508      4.467    14.4420    31.5925  1023.4843    23.4642    14.4414    101.467    93.3886     2.2852      8.297     5.9650     8.5245    260.288    266.395      14146          6  0.000e+00
   58.23512 -137.00502    104.443      4.484      4.443    14.4420    31.5926  1023.4843    23.4643    14.4414    101.467    93.3886     2.2852      8.297     5.9649     8.5245    260.287    266.394      14147          6  0.000e+00
   58.23512 -137.00502    103.248      4.363      4.323    14.4422    31.5928  1023.4838    23.4645    14.4416    101.466    93.3886     2.2852      8.297     5.9649     8.5244    260.283    266.391      14148          6  0.000e+00
   58.23512 -137.00502    102.693      4.444      4.403    14.4422    31.5929  1023.4842    23.4645    14.4415    101.468    93.3886     2.2852      8.297     5.9650     8.5245    260.288    266.395      14149          6  0.000e+00
   58.23512 -137.00502    102.662      4.363      4.323    14.4422    31.5929  1023.4839    23.4645    14.4416    101.468    93.3886     2.2852      8.297     5.9650     8.5246    260.288    266.396      14150          6  0.000e+00
   58.23512 -137.00502    102.639      4.266      4.227    14.4424    31.5925  1023.4832    23.4642    14.4418    101.468    93.3886     2.2852      8.297     5.9650     8.5246    260.289    266.397      14151          6  0.000e+00
   58.23512 -137.00502    102.824      4.428      4.387    14.4422    31.5926  1023.4840    23.4643    14.4415    101.472    93.3886     2.2852      8.297     5.9653     8.5250    260.301    266.409      14152          6  0.000e+00
   58.23512 -137.00502    102.728      4.331      4.291    14.4422    31.5928  1023.4837    23.4645    14.4416    101.474    93.3886     2.2559      8.297     5.9653     8.5251    260.304    266.412      14153          6  0.000e+00
   58.23512 -137.00502    102.704      4.307      4.267    14.4424    31.5927  1023.4835    23.4644    14.4417    101.476    93.3886     2.1680      8.297     5.9655     8.5253    260.310    266.418      14154          6  0.000e+00
   58.23512 -137.00502    102.584      4.185      4.147    14.4422    31.5927  1023.4830    23.4644    14.4416    101.478    93.3886     2.1094      8.297     5.9656     8.5254    260.316    266.424      14155          6  0.000e+00
   58.23512 -137.00502    102.608      4.210      4.171    14.4424    31.5929  1023.4832    23.4645    14.4418    101.483    93.3886     2.0801      8.297     5.9658     8.5258    260.325    266.433      14156          6  0.000e+00
   58.23512 -137.00502    102.488      4.064      4.027    14.4422    31.5928  1023.4825    23.4645    14.4416    101.485    93.3886     2.1094      8.297     5.9660     8.5260    260.332    266.441      14157          6  0.000e+00
   58.23512 -137.00502    102.728      4.331      4.291    14.4420    31.5927  1023.4837    23.4644    14.4414    101.493    93.3886     2.1094      8.297     5.9665     8.5267    260.354    266.463      14158          6  0.000e+00
   58.23512 -137.00502    102.432      4.008      3.970    14.4417    31.5927  1023.4823    23.4645    14.4411    101.494    93.3886     2.1094      8.297     5.9666     8.5269    260.359    266.468      14159          6  0.000e+00
   58.23512 -137.00502    102.715      4.145      4.107    14.4417    31.5927  1023.4829    23.4645    14.4411    101.501    93.3886     2.1094      8.297     5.9670     8.5275    260.377    266.487      14160          6  0.000e+00
   58.23512 -137.00502    102.708      4.064      4.027    14.4413    31.5929  1023.4828    23.4647    14.4408    101.506    93.3886     2.1094      8.297     5.9673     8.5279    260.391    266.501      14161          6  0.000e+00
   58.23512 -137.00502    102.708      4.064      4.027    14.4413    31.5929  1023.4827    23.4647    14.4408    101.513    93.3886     2.1094      8.297     5.9677     8.5285    260.408    266.518      14162          6  0.000e+00
   58.23512 -137.00502    102.676      4.032      3.995    14.4412    31.5928  1023.4825    23.4646    14.4406    101.466    93.3886     2.1094      8.297     5.9650     8.5246    260.290    266.397      14163          6  0.000e+00
   58.23512 -137.00502    102.596      3.951      3.914    14.4412    31.5928  1023.4822    23.4647    14.4406    101.468    93.3886     2.1094      8.297     5.9651     8.5247    260.293    266.401      14164          6  0.000e+00
   58.23512 -137.00502    102.556      3.911      3.874    14.4412    31.5930  1023.4821    23.4648    14.4407    101.470    93.3886     2.1094      8.297     5.9652     8.5249    260.299    266.407      14165          6  0.000e+00
   58.23512 -137.00502    102.596      3.951      3.914    14.4412    31.5931  1023.4824    23.4649    14.4406    101.474    93.3886     2.1094      8.297     5.9655     8.5253    260.310    266.418      14166          6  0.000e+00
   58.23512 -137.00502    102.556      3.911      3.874    14.4406    31.5929  1023.4822    23.4648    14.4401    101.473    93.3886     2.1094      8.297     5.9655     8.5252    260.309    266.417      14167          6  0.000e+00
   58.23512 -137.00502    102.356      3.709      3.674    14.4398    31.5926  1023.4813    23.4648    14.4393    101.470    93.3886     2.1094      8.297     5.9654     8.5251    260.306    266.414      14168          6  0.000e+00
   58.23512 -137.00502    102.676      4.008      3.970    14.4395    31.5925  1023.4826    23.4648    14.4389    101.473    93.3886     2.1094      8.297     5.9656     8.5255    260.317    266.425      14169          6  0.000e+00
   58.23512 -137.00502    102.436      3.790      3.754    14.4394    31.5927  1023.4818    23.4650    14.4388    101.471    93.4166     2.1094      8.297     5.9655     8.5253    260.310    266.419      14170          6  0.000e+00
   58.23512 -137.00502    102.356      3.709      3.674    14.4390    31.5928  1023.4816    23.4651    14.4385    101.523    93.4445     2.1094      8.297     5.9686     8.5297    260.447    266.558      14171          6  0.000e+00
