EcoFOCI/data/1_SampleCollection/2022_GOA-OA_CruiseData/CTD_raw_BottleFile_RC0083/RC0083_015.ros
* Sea-Bird SBE 9 Data File:
* FileName = C:\Data\RC0083ctd\RC0083_015.hex
* Software Version Seasave V 7.26.7.107
* Temperature SN = 2060
* Conductivity SN = 1084
* Number of Bytes Per Scan = 31
* Number of Voltage Words = 4
* Number of Scans Averaged by the Deck Unit = 1
* NMEA Latitude = 55 47.82 N
* NMEA Longitude = 134 21.35 W
* NMEA UTC (Time) = Aug 13 2022  08:05:54
* NMEA baud rate = 4800
** Ship: R/V Rachel Carson
** Cruise ID: RC0083 RC0083
** Tech: McHugh/Nomura
** Chief Scientist: Cross Cross
** Station: POW2
** Cast:  015
# nquan = 21
# nvalues = 245                                   
# units = specified
# name 0 = latitude: Latitude [deg]
# name 1 = longitude: Longitude [deg]
# name 2 = sfdSM: Seafloor depth [salt water, m]
# name 3 = prDM: Pressure, Digiquartz [db]
# name 4 = depSM: Depth [salt water, m]
# name 5 = t090C: Temperature [ITS-90, deg C]
# name 6 = sal00: Salinity, Practical [PSU]
# name 7 = density00: Density [density, kg/m^3]
# name 8 = sigma-é00: Density [sigma-theta, kg/m^3]
# name 9 = potemp090C: Potential Temperature [ITS-90, deg C]
# name 10 = sbeox0PS: Oxygen, SBE 43 [% saturation]
# name 11 = CStarTr0: Beam Transmission, WET Labs C-Star [%]
# name 12 = flECO-AFL: Fluorescence, WET Labs ECO-AFL/FL [mg/m^3]
# name 13 = ph: pH
# name 14 = sbeox0ML/L: Oxygen, SBE 43 [ml/l]
# name 15 = sbeox0Mg/L: Oxygen, SBE 43 [mg/l]
# name 16 = sbox0Mm/Kg: Oxygen, SBE 43 [umol/kg]
# name 17 = sbeox0Mm/L: Oxygen, SBE 43 [umol/l]
# name 18 = scan: Scan Count
# name 19 = nbf: Bottles Fired
# name 20 = flag:  0.000e+00
# interval = seconds: 0.0416667
# start_time = Aug 13 2022 08:05:54 [NMEA time, header]
# bad_flag = -9.990e-29
*END*
[from data line 69]
   55.79726 -134.35492     97.094     51.364     50.891     7.4052    32.4802  1025.6153    25.3800     7.4005     56.604   102.3946     0.2046      7.903     3.8493     5.5010    167.653    171.908       8704          2  0.000e+00
   55.79726 -134.35492     97.158     51.428     50.955     7.4084    32.4775  1025.6130    25.3774     7.4037     56.605   102.3946     0.2046      7.903     3.8491     5.5008    167.648    171.902       8705          2  0.000e+00
   55.79726 -134.35492     97.093     51.364     50.891     7.4115    32.4756  1025.6107    25.3755     7.4068     56.605   102.3946     0.2339      7.903     3.8489     5.5005    167.640    171.894       8706          2  0.000e+00
   55.79726 -134.35492     97.101     51.372     50.899     7.4146    32.4733  1025.6086    25.3733     7.4099     56.606   102.3946     0.2339      7.903     3.8488     5.5003    167.633    171.887       8707          2  0.000e+00
   55.79726 -134.35492     97.158     51.428     50.955     7.4185    32.4703  1025.6059    25.3703     7.4137     56.607   102.3946     0.2339      7.903     3.8486     5.5000    167.626    171.878       8708          2  0.000e+00
   55.79726 -134.35492     97.101     51.372     50.899     7.4207    32.4686  1025.6040    25.3687     7.4160     56.608   102.3946     0.2339      7.903     3.8485     5.4999    167.621    171.873       8709          2  0.000e+00
   55.79726 -134.35492     97.158     51.428     50.955     7.4204    32.4689  1025.6046    25.3690     7.4156     56.609   102.3946     0.2339      7.903     3.8486     5.5001    167.627    171.879       8710          2  0.000e+00
   55.79726 -134.35492     97.101     51.372     50.899     7.4217    32.4677  1025.6032    25.3678     7.4170     56.610   102.3946     0.2339      7.903     3.8486     5.5000    167.625    171.877       8711          2  0.000e+00
   55.79726 -134.35492     97.093     51.364     50.891     7.4230    32.4665  1025.6020    25.3667     7.4183     56.611   102.3946     0.2339      7.903     3.8486     5.5000    167.624    171.877       8712          2  0.000e+00
   55.79726 -134.35492     97.158     51.428     50.955     7.4233    32.4655  1025.6015    25.3659     7.4186     56.613   102.3946     0.2339      7.903     3.8487     5.5001    167.629    171.881       8713          2  0.000e+00
   55.79726 -134.35492     97.093     51.364     50.891     7.4196    32.4684  1025.6040    25.3687     7.4149     56.614   102.3946     0.2339      7.903     3.8490     5.5006    167.643    171.896       8714          2  0.000e+00
   55.79726 -134.35492     97.157     51.428     50.955     7.4153    32.4721  1025.6078    25.3722     7.4106     56.560   102.3946     0.2339      7.903     3.8456     5.4958    167.497    171.747       8715          2  0.000e+00
   55.79726 -134.35492     97.093     51.364     50.891     7.4139    32.4731  1025.6084    25.3732     7.4092     56.554   102.3946     0.2339      7.903     3.8453     5.4954    167.483    171.733       8716          2  0.000e+00
   55.79726 -134.35492     97.182     51.428     50.955     7.4130    32.4739  1025.6095    25.3739     7.4082     56.550   102.3946     0.2339      7.903     3.8451     5.4950    167.471    171.721       8717          2  0.000e+00
   55.79726 -134.35492     97.093     51.364     50.891     7.4122    32.4746  1025.6098    25.3746     7.4075     56.536   102.3946     0.2339      7.903     3.8442     5.4938    167.434    171.683       8718          2  0.000e+00
   55.79726 -134.35492     97.157     51.428     50.955     7.4123    32.4745  1025.6101    25.3745     7.4076     56.587   102.3946     0.2339      7.903     3.8477     5.4987    167.585    171.838       8719          2  0.000e+00
   55.79726 -134.35492     97.093     51.364     50.891     7.4116    32.4747  1025.6101    25.3748     7.4069     56.589   102.3946     0.2339      7.903     3.8479     5.4990    167.593    171.845       8720          2  0.000e+00
   55.79726 -134.35492     97.157     51.428     50.955     7.4111    32.4750  1025.6107    25.3751     7.4064     56.592   102.3946     0.2339      7.903     3.8481     5.4993    167.602    171.855       8721          2  0.000e+00
   55.79726 -134.35492     97.157     51.428     50.955     7.4103    32.4754  1025.6111    25.3755     7.4056     56.531   102.3946     0.2339      7.903     3.8440     5.4934    167.424    171.672       8722          2  0.000e+00
   55.79726 -134.35492     97.101     51.372     50.899     7.4102    32.4758  1025.6112    25.3758     7.4055     56.518   102.3946     0.2339      7.903     3.8431     5.4922    167.385    171.633       8723          2  0.000e+00
   55.79726 -134.35492     97.157     51.428     50.955     7.4096    32.4763  1025.6119    25.3763     7.4048     56.513   102.3946     0.2339      7.903     3.8428     5.4918    167.373    171.620       8724          2  0.000e+00
   55.79726 -134.35492     97.101     51.372     50.899     7.4098    32.4760  1025.6113    25.3760     7.4051     56.563   102.3946     0.2632      7.903     3.8462     5.4966    167.522    171.773       8725          2  0.000e+00
   55.79726 -134.35492     97.157     51.428     50.955     7.4098    32.4762  1025.6117    25.3762     7.4051     56.511   102.3946     0.3218      7.903     3.8426     5.4915    167.365    171.612       8726          2  0.000e+00
   55.79726 -134.35492     97.157     51.428     50.955     7.4094    32.4767  1025.6122    25.3766     7.4046     56.506   102.4226     0.3218      7.903     3.8424     5.4911    167.353    171.600       8727          2  0.000e+00
   55.79726 -134.35492     97.157     51.428     50.955     7.4089    32.4766  1025.6122    25.3767     7.4041     56.502   102.3946     0.3218      7.903     3.8421     5.4908    167.342    171.589       8728          2  0.000e+00
   55.79726 -134.35492     97.101     51.372     50.899     7.4084    32.4768  1025.6122    25.3768     7.4037     56.553   102.4226     0.3218      7.903     3.8456     5.4958    167.496    171.746       8729          2  0.000e+00
   55.79726 -134.35492     97.182     51.428     50.955     7.4079    32.4774  1025.6130    25.3774     7.4032     56.501   102.4226     0.3218      7.903     3.8421     5.4908    167.343    171.590       8730          2  0.000e+00
   55.79726 -134.35492     97.157     51.428     50.955     7.4077    32.4777  1025.6132    25.3776     7.4030     56.553   102.4226     0.3218      7.903     3.8457     5.4959    167.498    171.749       8731          2  0.000e+00
   55.79726 -134.35492     97.093     51.363     50.891     7.4076    32.4780  1025.6132    25.3779     7.4029     56.557   102.3946     0.3218      7.903     3.8459     5.4962    167.508    171.759       8732          2  0.000e+00
   55.79732 -134.35482     97.473     25.644     25.409     7.8589    32.1611  1025.1827    25.0654     7.8565     60.119   100.4088     0.6149      7.930     4.0548     5.7947    176.658    181.086      10491          3  0.000e+00
   55.79732 -134.35482     97.649     25.821     25.585     7.8541    32.1648  1025.1871    25.0690     7.8516     60.127   100.4088     0.6149      7.926     4.0557     5.7959    176.696    181.125      10492          3  0.000e+00
   55.79732 -134.35482     97.553     25.700     25.465     7.8561    32.1627  1025.1847    25.0671     7.8537     60.132   100.4088     0.6149      7.926     4.0559     5.7963    176.706    181.136      10493          3  0.000e+00
   55.79732 -134.35482     97.529     25.700     25.465     7.8566    32.1624  1025.1844    25.0668     7.8542     60.139   100.4368     0.6149      7.930     4.0563     5.7968    176.724    181.154      10494          3  0.000e+00
   55.79732 -134.35482     97.568     25.765     25.529     7.8571    32.1617  1025.1840    25.0662     7.8547     60.147   100.4088     0.6149      7.926     4.0568     5.7975    176.745    181.175      10495          3  0.000e+00
   55.79732 -134.35482     97.568     25.765     25.529     7.8571    32.1611  1025.1836    25.0657     7.8546     60.154   100.4368     0.6149      7.926     4.0573     5.7983    176.767    181.198      10496          3  0.000e+00
   55.79732 -134.35480     97.593     25.765     25.529     7.8564    32.1614  1025.1839    25.0661     7.8540     60.162   100.4368     0.6149      7.926     4.0579     5.7991    176.792    181.224      10497          3  0.000e+00
   55.79732 -134.35480     97.568     25.765     25.529     7.8568    32.1612  1025.1837    25.0658     7.8544     60.170   100.4368     0.6149      7.926     4.0584     5.7998    176.814    181.246      10498          3  0.000e+00
   55.79732 -134.35480     97.649     25.821     25.585     7.8572    32.1611  1025.1838    25.0657     7.8548     60.171   100.4368     0.6149      7.926     4.0584     5.7999    176.816    181.249      10499          3  0.000e+00
   55.79732 -134.35480     97.649     25.821     25.585     7.8574    32.1611  1025.1837    25.0656     7.8550     60.172   100.4368     0.6149      7.926     4.0584     5.7999    176.818    181.250      10500          3  0.000e+00
   55.79732 -134.35480     97.593     25.765     25.529     7.8578    32.1606  1025.1831    25.0652     7.8553     60.172   100.4368     0.6149      7.926     4.0585     5.7999    176.819    181.251      10501          3  0.000e+00
   55.79732 -134.35480     97.649     25.821     25.585     7.8550    32.1618  1025.1847    25.0666     7.8525     60.174   100.4368     0.6149      7.926     4.0588     5.8004    176.833    181.266      10502          3  0.000e+00
   55.79732 -134.35480     97.649     25.821     25.585     7.8540    32.1617  1025.1847    25.0666     7.8515     60.175   100.4368     0.6149      7.926     4.0590     5.8007    176.840    181.273      10503          3  0.000e+00
   55.79732 -134.35480     97.575     25.821     25.585     7.8528    32.1632  1025.1861    25.0680     7.8504     60.176   100.6885     0.6149      7.926     4.0591     5.8009    176.846    181.279      10504          3  0.000e+00
   55.79732 -134.35480     97.551     25.821     25.585     7.8499    32.1663  1025.1889    25.0708     7.8475     60.177   100.8283     0.6149      7.926     4.0594     5.8012    176.857    181.291      10505          3  0.000e+00
   55.79732 -134.35480     97.551     25.821     25.585     7.8527    32.1646  1025.1872    25.0691     7.8502     60.178   100.8563     0.6149      7.926     4.0592     5.8010    176.850    181.283      10506          3  0.000e+00
   55.79732 -134.35480     97.583     25.878     25.641     7.8583    32.1601  1025.1831    25.0648     7.8558     60.178   100.8563     0.6149      7.926     4.0588     5.8005    176.835    181.268      10507          3  0.000e+00
   55.79732 -134.35480     97.527     25.821     25.585     7.8662    32.1539  1025.1769    25.0588     7.8638     60.178   100.8283     0.5856      7.926     4.0582     5.7996    176.810    181.241      10508          3  0.000e+00
   55.79732 -134.35480     97.527     25.821     25.585     7.8641    32.1567  1025.1794    25.0613     7.8616     60.179   100.8283     0.5269      7.926     4.0584     5.7999    176.818    181.250      10509          3  0.000e+00
   55.79732 -134.35480     97.527     25.821     25.585     7.8586    32.1624  1025.1847    25.0666     7.8561     60.180   100.8563     0.5269      7.926     4.0589     5.8006    176.838    181.270      10510          3  0.000e+00
   55.79732 -134.35480     97.527     25.821     25.585     7.8584    32.1623  1025.1845    25.0664     7.8560     60.181   100.8563     0.5269      7.926     4.0590     5.8007    176.841    181.274      10511          3  0.000e+00
   55.79732 -134.35480     97.583     25.878     25.641     7.8599    32.1612  1025.1837    25.0654     7.8574     60.182   100.8283     0.5269      7.926     4.0589     5.8006    176.840    181.272      10512          3  0.000e+00
   55.79732 -134.35480     97.446     25.765     25.529     7.8642    32.1586  1025.1806    25.0627     7.8618     60.182   100.8283     0.5269      7.926     4.0586     5.8001    176.824    181.256      10513          3  0.000e+00
   55.79732 -134.35480     97.478     25.821     25.585     7.8708    32.1544  1025.1766    25.0585     7.8683     60.182   100.8563     0.5269      7.926     4.0581     5.7995    176.805    181.236      10514          3  0.000e+00
   55.79732 -134.35480     97.478     25.821     25.585     7.8767    32.1506  1025.1728    25.0547     7.8742     60.183   100.8563     0.5269      7.926     4.0577     5.7988    176.787    181.217      10515          3  0.000e+00
   55.79732 -134.35480     97.478     25.821     25.585     7.8811    32.1476  1025.1698    25.0517     7.8787     60.183   100.8563     0.5269      7.926     4.0574     5.7984    176.774    181.203      10516          3  0.000e+00
   55.79732 -134.35480     97.422     25.765     25.529     7.8846    32.1451  1025.1671    25.0493     7.8821     60.183   100.8283     0.5269      7.926     4.0571     5.7980    176.764    181.192      10517          3  0.000e+00
   55.79732 -134.35480     97.478     25.821     25.585     7.8861    32.1439  1025.1662    25.0481     7.8837     60.184   100.8283     0.5269      7.926     4.0571     5.7980    176.763    181.190      10518          3  0.000e+00
   55.79732 -134.35480     97.446     25.765     25.529     7.8865    32.1435  1025.1655    25.0477     7.8841     60.184   100.8283     0.5269      7.926     4.0571     5.7980    176.763    181.190      10519          3  0.000e+00
   55.79732 -134.35480     97.446     25.765     25.529     7.8875    32.1437  1025.1656    25.0478     7.8850     60.185   100.8563     0.5269      7.926     4.0571     5.7979    176.761    181.188      10520          3  0.000e+00
   55.79732 -134.35480     97.366     25.684     25.449     7.8911    32.1411  1025.1627    25.0452     7.8887     60.178   100.8563     0.5269      7.926     4.0563     5.7968    176.728    181.154      10521          3  0.000e+00
   55.79732 -134.35480     97.502     25.821     25.585     7.8929    32.1395  1025.1618    25.0437     7.8905     60.172   100.8563     0.5269      7.926     4.0558     5.7961    176.705    181.130      10522          3  0.000e+00
   55.79732 -134.35480     97.382     25.700     25.465     7.8928    32.1395  1025.1612    25.0437     7.8903     60.171   100.8283     0.5269      7.926     4.0557     5.7961    176.704    181.129      10523          3  0.000e+00
   55.79732 -134.35480     97.382     25.700     25.465     7.8917    32.1404  1025.1621    25.0445     7.8893     60.172   100.9402     0.5269      7.926     4.0558     5.7962    176.708    181.134      10524          3  0.000e+00
   55.79732 -134.35480     97.382     25.700     25.465     7.8914    32.1404  1025.1621    25.0446     7.8890     60.117   101.0521     0.5269      7.921     4.0522     5.7909    176.548    180.970      10525          3  0.000e+00
   55.79732 -134.35480     97.326     25.643     25.409     7.8916    32.1405  1025.1619    25.0447     7.8892     60.110   101.0521     0.5269      7.926     4.0517     5.7903    176.527    180.948      10526          3  0.000e+00
   55.79732 -134.35480     97.382     25.700     25.465     7.8923    32.1401  1025.1617    25.0442     7.8899     60.104   101.0521     0.5269      7.926     4.0512     5.7896    176.508    180.928      10527          3  0.000e+00
   55.79732 -134.35480     97.326     25.643     25.409     7.8922    32.1403  1025.1617    25.0444     7.8898     60.098   101.0521     0.5269      7.921     4.0508     5.7890    176.489    180.909      10528          3  0.000e+00
   55.79732 -134.35480     97.270     25.587     25.353     7.8926    32.1399  1025.1611    25.0441     7.8901     60.092   101.0521     0.5269      7.926     4.0504     5.7884    176.470    180.890      10529          3  0.000e+00
