EcoFOCI/data/1_SampleCollection/2022_GOA-OA_CruiseData/CTD_raw_BottleFile_RC0083/RC0083_072.cnv
* Sea-Bird SBE 9 Data File:
* FileName = C:\Data\RC0083ctd\RC0083_072.hex
* Software Version Seasave V 7.26.7.107
* Temperature SN = 2060
* Conductivity SN = 1084
* Number of Bytes Per Scan = 31
* Number of Voltage Words = 4
* Number of Scans Averaged by the Deck Unit = 1
* NMEA Latitude = 59 04.67 N
* NMEA Longitude = 136 21.57 W
* NMEA UTC (Time) = Aug 20 2022  22:10:20
* NMEA baud rate = 4800
** Ship: R/V Rachel Carson
** Cruise ID: RC0083
** Tech: McHugh/Nomura
** Chief Scientist: Cross
** Station: GB23
** Cast:  CTD072
# nquan = 19
# nvalues = 12633                                 
# units = specified
# name 0 = latitude: Latitude [deg]
# name 1 = longitude: Longitude [deg]
# name 2 = sfdSM: Seafloor depth [salt water, m]
# name 3 = prDM: Pressure, Digiquartz [db]
# name 4 = depSM: Depth [salt water, m]
# name 5 = t090C: Temperature [ITS-90, deg C]
# name 6 = sal00: Salinity, Practical [PSU]
# name 7 = density00: Density [density, kg/m^3]
# name 8 = sigma-é00: Density [sigma-theta, kg/m^3]
# name 9 = potemp090C: Potential Temperature [ITS-90, deg C]
# name 10 = sbeox0PS: Oxygen, SBE 43 [% saturation]
# name 11 = CStarTr0: Beam Transmission, WET Labs C-Star [%]
# name 12 = flECO-AFL: Fluorescence, WET Labs ECO-AFL/FL [mg/m^3]
# name 13 = ph: pH
# name 14 = sbeox0ML/L: Oxygen, SBE 43 [ml/l]
# name 15 = sbeox0Mg/L: Oxygen, SBE 43 [mg/l]
# name 16 = sbox0Mm/Kg: Oxygen, SBE 43 [umol/kg]
# name 17 = sbeox0Mm/L: Oxygen, SBE 43 [umol/l]
# name 18 = flag:  0.000e+00
# span 0 =   59.07756,   59.07782                 
# span 1 = -136.35990, -136.35902                 
# span 2 =      5.021,    251.167                 
# span 3 =      2.218,    186.646                 
# span 4 =      2.197,    184.816                 
# span 5 =     3.2836,     7.2488                 
# span 6 =     8.5805,    30.6270                 
# span 7 =  1006.8500,  1025.0351                 
# span 8 =     6.8369,    24.1896                 
# span 9 =     3.2835,     7.2472                 
# span 10 =     77.427,    100.165                
# span 11 =     0.0001,    14.1804                
# span 12 =    -0.0005,     1.5233                
# span 13 =      7.930,      8.548                
# span 14 =     5.4823,     8.6893                
# span 15 =     7.8348,    12.4179                
# span 16 =    239.259,    385.423                
# span 17 =    244.840,    388.066                
# span 18 = 0.0000e+00, 0.0000e+00                
# interval = seconds: 0.0416667
# start_time = Aug 20 2022 22:10:20 [NMEA time, header]
# bad_flag = -9.990e-29
*END*
[from data line 3048]
   59.07768 -136.35972    180.385     82.541     81.752     6.7741    29.9563  1023.8585    23.4776     6.7673     79.008     0.0001     1.2595      8.001     5.5428     7.9212    241.862    247.540  0.000e+00
   59.07768 -136.35972    180.449     82.605     81.816     6.7711    29.9559  1023.8588    23.4777     6.7642     79.055     0.0001     1.2888      8.001     5.5465     7.9265    242.024    247.706  0.000e+00
   59.07768 -136.35972    180.449     82.605     81.816     6.7691    29.9568  1023.8598    23.4786     6.7623     79.053     0.0001     1.2595      8.001     5.5465     7.9266    242.026    247.709  0.000e+00
   59.07768 -136.35972    180.489     82.646     81.856     6.7693    29.9574  1023.8605    23.4791     6.7624     78.995     0.0001     1.2888      8.001     5.5424     7.9207    241.847    247.525  0.000e+00
   59.07768 -136.35972    180.561     82.718     81.928     6.7684    29.9557  1023.8596    23.4779     6.7615     78.986     0.0001     1.2888      8.001     5.5420     7.9201    241.829    247.507  0.000e+00
   59.07768 -136.35972    180.561     82.718     81.928     6.7661    29.9545  1023.8589    23.4772     6.7592     78.978     0.0001     1.2595      8.001     5.5418     7.9198    241.820    247.497  0.000e+00
   59.07768 -136.35972    180.561     82.718     81.928     6.7649    29.9549  1023.8593    23.4776     6.7581     78.971     0.0001     1.2595      8.001     5.5414     7.9192    241.802    247.479  0.000e+00
   59.07768 -136.35972    180.625     82.783     81.992     6.7666    29.9564  1023.8607    23.4787     6.7597     78.964     0.0001     1.2888      8.001     5.5406     7.9181    241.769    247.445  0.000e+00
   59.07768 -136.35972    180.681     82.840     82.048     6.7684    29.9564  1023.8606    23.4784     6.7615     79.014     0.0001     1.2888      8.001     5.5439     7.9228    241.911    247.591  0.000e+00
   59.07768 -136.35972    180.681     82.840     82.048     6.7677    29.9566  1023.8609    23.4786     6.7608     79.015     0.0001     1.2595      8.001     5.5441     7.9231    241.919    247.599  0.000e+00
   59.07768 -136.35972    180.745     82.904     82.112     6.7696    29.9590  1023.8628    23.4803     6.7628     79.017     0.0001     1.2888      8.001     5.5439     7.9228    241.910    247.590  0.000e+00
   59.07768 -136.35972    180.745     82.904     82.112     6.7736    29.9614  1023.8642    23.4817     6.7667     79.018     0.0001     1.2595      8.001     5.5434     7.9220    241.887    247.566  0.000e+00
   59.07768 -136.35972    180.785     82.945     82.152     6.7775    29.9625  1023.8648    23.4821     6.7706     78.964     0.0001     1.2888      8.001     5.5390     7.9158    241.697    247.372  0.000e+00
   59.07768 -136.35972    180.857     83.018     82.224     6.7808    29.9624  1023.8647    23.4816     6.7739     78.959     0.0001     1.3182      8.001     5.5383     7.9147    241.664    247.339  0.000e+00
   59.07768 -136.35972    180.801     82.961     82.168     6.7818    29.9613  1023.8633    23.4806     6.7749     78.954     0.0001     1.3182      8.001     5.5378     7.9141    241.646    247.320  0.000e+00
   59.07768 -136.35972    180.921     83.082     82.289     6.7806    29.9593  1023.8625    23.4792     6.7736     78.952     0.0001     1.2888      8.001     5.5379     7.9143    241.650    247.324  0.000e+00
   59.07768 -136.35972    180.921     83.082     82.288     6.7794    29.9584  1023.8619    23.4786     6.7725     78.950     0.0001     1.2888      8.001     5.5379     7.9143    241.650    247.324  0.000e+00
   59.07768 -136.35972    180.921     83.082     82.288     6.7780    29.9589  1023.8625    23.4792     6.7711     78.948     0.0001     1.3182      8.001     5.5380     7.9143    241.651    247.325  0.000e+00
   59.07768 -136.35972    180.977     83.139     82.345     6.7768    29.9594  1023.8633    23.4797     6.7699     78.947     0.0001     1.2888      8.001     5.5380     7.9144    241.654    247.328  0.000e+00
   59.07768 -136.35972    181.041     83.204     82.409     6.7748    29.9583  1023.8630    23.4791     6.7679     78.947     0.0001     1.2888      8.001     5.5383     7.9148    241.668    247.342  0.000e+00
   59.07768 -136.35972    181.041     83.204     82.409     6.7686    29.9545  1023.8608    23.4769     6.7617     78.948     0.0001     1.2888      8.001     5.5393     7.9163    241.712    247.386  0.000e+00
   59.07768 -136.35972    181.081     83.244     82.449     6.7563    29.9495  1023.8586    23.4745     6.7494     78.951     0.0001     1.2888      8.001     5.5413     7.9191    241.799    247.475  0.000e+00
   59.07768 -136.35972    181.097     83.260     82.465     6.7452    29.9462  1023.8575    23.4733     6.7383     78.898     0.0001     1.3182      8.001     5.5391     7.9160    241.704    247.377  0.000e+00
   59.07768 -136.35972    181.153     83.317     82.521     6.7373    29.9452  1023.8579    23.4734     6.7304     78.950     0.0001     1.2888      8.001     5.5439     7.9227    241.911    247.589  0.000e+00
   59.07768 -136.35972    181.217     83.381     82.585     6.7322    29.9450  1023.8588    23.4740     6.7253     78.954     0.0001     1.3182      8.001     5.5448     7.9241    241.952    247.632  0.000e+00
   59.07768 -136.35972    181.217     83.381     82.585     6.7285    29.9451  1023.8593    23.4745     6.7216     78.958     0.0001     1.2888      8.001     5.5456     7.9252    241.984    247.665  0.000e+00
   59.07768 -136.35972    181.217     83.381     82.585     6.7252    29.9460  1023.8604    23.4756     6.7183     78.962     0.0001     1.3182      8.001     5.5463     7.9262    242.015    247.696  0.000e+00
   59.07768 -136.35972    181.273     83.438     82.641     6.7238    29.9459  1023.8608    23.4757     6.7169     78.968     0.0001     1.3182      8.001     5.5468     7.9270    242.039    247.721  0.000e+00
   59.07768 -136.35972    181.337     83.503     82.705     6.7227    29.9457  1023.8611    23.4757     6.7158     78.917     0.0001     1.3182      8.001     5.5434     7.9221    241.891    247.570  0.000e+00
   59.07768 -136.35972    181.313     83.478     82.681     6.7201    29.9456  1023.8612    23.4759     6.7132     78.964     0.0001     1.3182      8.001     5.5471     7.9273    242.050    247.732  0.000e+00
   59.07768 -136.35972    181.393     83.559     82.761     6.7155    29.9461  1023.8626    23.4769     6.7086     78.972     0.0001     1.2888      8.001     5.5482     7.9290    242.100    247.783  0.000e+00
   59.07768 -136.35972    181.449     83.616     82.817     6.7115    29.9479  1023.8647    23.4788     6.7046     78.981     0.0001     1.3182      8.001     5.5493     7.9304    242.144    247.830  0.000e+00
   59.07768 -136.35972    181.449     83.616     82.817     6.7104    29.9484  1023.8653    23.4793     6.7035     78.932     0.0001     1.3182      8.001     5.5460     7.9257    242.001    247.683  0.000e+00
   59.07768 -136.35972    181.513     83.681     82.881     6.7079    29.9489  1023.8663    23.4800     6.7010     78.990     0.0001     1.3475      8.001     5.5504     7.9320    242.193    247.879  0.000e+00
   59.07768 -136.35972    181.513     83.681     82.881     6.7053    29.9491  1023.8667    23.4805     6.6984     79.000     0.0001     1.3475      8.001     5.5514     7.9335    242.237    247.924  0.000e+00
   59.07768 -136.35972    181.569     83.737     82.937     6.7015    29.9507  1023.8688    23.4822     6.6946     79.003     0.0001     1.3475      8.002     5.5520     7.9344    242.265    247.954  0.000e+00
   59.07768 -136.35972    181.569     83.737     82.937     6.6984    29.9516  1023.8699    23.4833     6.6915     79.006     0.0001     1.3475      8.002     5.5526     7.9352    242.289    247.979  0.000e+00
   59.07768 -136.35972    181.610     83.778     82.977     6.6959    29.9532  1023.8716    23.4848     6.6890     79.010     0.0001     1.3475      8.002     5.5531     7.9359    242.311    248.002  0.000e+00
   59.07768 -136.35972    181.690     83.858     83.057     6.6948    29.9537  1023.8725    23.4854     6.6878     78.965     0.0001     1.3475      8.002     5.5501     7.9317    242.180    247.868  0.000e+00
   59.07768 -136.35972    181.690     83.858     83.057     6.6937    29.9539  1023.8728    23.4857     6.6868     79.026     0.0001     1.3475      8.002     5.5545     7.9379    242.372    248.064  0.000e+00
   59.07768 -136.35972    181.746     83.915     83.113     6.6910    29.9542  1023.8736    23.4863     6.6841     79.031     0.0001     1.3475      8.002     5.5552     7.9390    242.403    248.096  0.000e+00
   59.07768 -136.35972    181.810     83.980     83.177     6.6888    29.9550  1023.8748    23.4871     6.6819     78.981     0.0001     1.3475      8.002     5.5519     7.9343    242.259    247.949  0.000e+00
   59.07768 -136.35972    181.810     83.980     83.177     6.6866    29.9571  1023.8768    23.4891     6.6797     78.979     0.0001     1.3475      8.002     5.5520     7.9344    242.262    247.953  0.000e+00
   59.07768 -136.35972    181.866     84.036     83.233     6.6850    29.9588  1023.8786    23.4907     6.6780     79.034     0.0001     1.3475      8.002     5.5561     7.9402    242.439    248.134  0.000e+00
   59.07768 -136.35972    181.866     84.036     83.233     6.6833    29.9607  1023.8803    23.4923     6.6764     78.985     0.0001     1.3475      8.002     5.5527     7.9354    242.292    247.984  0.000e+00
   59.07768 -136.35972    181.906     84.077     83.273     6.6822    29.9628  1023.8823    23.4941     6.6752     78.985     0.0001     1.3475      8.002     5.5528     7.9355    242.295    247.988  0.000e+00
   59.07768 -136.35972    181.922     84.093     83.289     6.6819    29.9638  1023.8831    23.4949     6.6750     78.985     0.0001     1.3475      8.002     5.5528     7.9355    242.296    247.988  0.000e+00
   59.07768 -136.35972    181.986     84.158     83.353     6.6817    29.9640  1023.8837    23.4952     6.6747     78.986     0.0001     1.3475      8.002     5.5529     7.9357    242.300    247.993  0.000e+00
   59.07768 -136.35972    182.042     84.214     83.409     6.6814    29.9643  1023.8841    23.4954     6.6745     78.988     0.0001     1.3475      8.002     5.5531     7.9359    242.307    248.000  0.000e+00
   59.07768 -136.35972    182.042     84.214     83.409     6.6810    29.9654  1023.8851    23.4964     6.6740     78.982     0.0001     1.3475      8.002     5.5527     7.9353    242.289    247.982  0.000e+00
   59.07768 -136.35972    182.106     84.279     83.473     6.6802    29.9685  1023.8879    23.4988     6.6733     78.985     0.0001     1.3475      8.002     5.5529     7.9356    242.297    247.991  0.000e+00
   59.07768 -136.35972    182.106     84.279     83.473     6.6765    29.9790  1023.8966    23.5076     6.6695     78.933     0.0001     1.3475      8.002     5.5493     7.9305    242.138    247.830  0.000e+00
   59.07768 -136.35972    182.202     84.376     83.570     6.6670    29.9982  1023.9134    23.5239     6.6600     78.980     0.0001     1.3182      8.002     5.5531     7.9360    242.302    248.002  0.000e+00
   59.07768 -136.35972    182.162     84.335     83.529     6.6589    30.0144  1023.9270    23.5376     6.6519     78.977     0.0001     1.3182      8.002     5.5534     7.9363    242.310    248.014  0.000e+00
   59.07768 -136.35972    182.218     84.392     83.586     6.6548    30.0221  1023.9338    23.5442     6.6479     78.975     0.0001     1.3182      8.002     5.5535     7.9365    242.313    248.018  0.000e+00
   59.07768 -136.35972    182.282     84.457     83.650     6.6522    30.0263  1023.9378    23.5479     6.6453     78.973     0.0001     1.2888      8.002     5.5535     7.9365    242.313    248.019  0.000e+00
   59.07768 -136.35972    182.282     84.457     83.650     6.6490    30.0317  1023.9424    23.5525     6.6421     78.971     0.0001     1.2888      8.002     5.5536     7.9366    242.315    248.022  0.000e+00
   59.07768 -136.35972    182.338     84.513     83.706     6.6472    30.0362  1023.9464    23.5562     6.6403     78.977     0.0001     1.2888      8.002     5.5541     7.9373    242.336    248.045  0.000e+00
   59.07768 -136.35972    182.394     84.570     83.762     6.6462    30.0390  1023.9490    23.5586     6.6392     78.984     0.0001     1.2888      8.002     5.5546     7.9381    242.358    248.068  0.000e+00
   59.07768 -136.35972    182.378     84.554     83.746     6.6431    30.0446  1023.9537    23.5633     6.6361     78.934     0.0001     1.2888      8.002     5.5513     7.9334    242.215    247.922  0.000e+00
   59.07768 -136.35972    182.458     84.635     83.826     6.6411    30.0482  1023.9572    23.5664     6.6341     78.936     0.0001     1.2888      8.002     5.5515     7.9337    242.223    247.931  0.000e+00
   59.07768 -136.35972    182.458     84.635     83.826     6.6397    30.0511  1023.9596    23.5689     6.6328     78.985     0.0001     1.3182      8.002     5.5551     7.9388    242.378    248.090  0.000e+00
   59.07768 -136.35972    182.514     84.691     83.882     6.6396    30.0508  1023.9596    23.5686     6.6326     78.930     0.0001     1.3182      8.002     5.5513     7.9333    242.211    247.919  0.000e+00
   59.07768 -136.35972    182.514     84.691     83.882     6.6410    30.0465  1023.9561    23.5651     6.6340     78.868     0.0001     1.3182      8.002     5.5468     7.9270    242.018    247.721  0.000e+00
   59.07768 -136.35972    182.634     84.813     84.002     6.6434    30.0414  1023.9523    23.5608     6.6364     78.969     0.0001     1.2888      8.002     5.5538     7.9369    242.323    248.033  0.000e+00
   59.07768 -136.35972    182.634     84.813     84.002     6.6432    30.0421  1023.9529    23.5614     6.6363     78.915     0.0001     1.3182      8.002     5.5500     7.9315    242.159    247.864  0.000e+00
   59.07768 -136.35972    182.618     84.796     83.986     6.6417    30.0449  1023.9553    23.5638     6.6348     78.855     0.0001     1.3182      8.002     5.5459     7.9256    241.977    247.679  0.000e+00
   59.07768 -136.35972    182.690     84.869     84.058     6.6418    30.0450  1023.9556    23.5638     6.6348     78.901     0.0001     1.2888      8.002     5.5491     7.9302    242.118    247.824  0.000e+00
   59.07768 -136.35972    182.754     84.934     84.122     6.6397    30.0505  1023.9605    23.5684     6.6327     78.956     0.0001     1.3182      7.997     5.5530     7.9358    242.288    247.999  0.000e+00
   59.07768 -136.35972    182.754     84.934     84.122     6.6372    30.0565  1023.9655    23.5734     6.6302     78.905     0.0001     1.3182      7.997     5.5496     7.9309    242.137    247.845  0.000e+00
   59.07768 -136.35972    182.810     84.990     84.178     6.6381    30.0519  1023.9621    23.5697     6.6312     78.848     0.0001     1.3182      8.002     5.5456     7.9252    241.963    247.666  0.000e+00
   59.07768 -136.35972    182.754     84.934     84.122     6.6399    30.0449  1023.9561    23.5639     6.6330     78.943     0.0001     1.2888      7.997     5.5523     7.9349    242.259    247.968  0.000e+00
   59.07768 -136.35972    182.915     85.095     84.282     6.6415    30.0404  1023.9531    23.5602     6.6345     78.895     0.0001     1.2888      7.997     5.5489     7.9300    242.111    247.815  0.000e+00
   59.07768 -136.35972    182.875     85.055     84.242     6.6424    30.0381  1023.9510    23.5584     6.6354     78.839     0.0001     1.2595      7.997     5.5449     7.9242    241.936    247.635  0.000e+00
   59.07768 -136.35972    182.931     85.112     84.298     6.6412    30.0415  1023.9541    23.5612     6.6342     78.833     0.0001     1.2302      7.997     5.5445     7.9237    241.918    247.618  0.000e+00
