EcoFOCI/data/1_SampleCollection/2022_GOA-OA_CruiseData/CTD_raw_BottleFile_RC0083/RC0083_107.cnv
* Sea-Bird SBE 9 Data File:
* FileName = C:\Data\RC0083ctd\RC0083_107.hex
* Software Version Seasave V 7.26.7.107
* Temperature SN = 2060
* Conductivity SN = 2881
* Number of Bytes Per Scan = 31
* Number of Voltage Words = 4
* Number of Scans Averaged by the Deck Unit = 1
* NMEA Latitude = 56 12.48 N
* NMEA Longitude = 132 46.22 W
* NMEA UTC (Time) = Aug 23 2022  05:23:20
* NMEA baud rate = 4800
** Ship: R/V Rachel Carson
** Cruise ID: RC0083
** Tech: McHugh/Nomura
** Chief Scientist: Cross
** Station: UCLS2
** Cast:  CTD107
# nquan = 19
# nvalues = 13884                                 
# units = specified
# name 0 = latitude: Latitude [deg]
# name 1 = longitude: Longitude [deg]
# name 2 = sfdSM: Seafloor depth [salt water, m]
# name 3 = prDM: Pressure, Digiquartz [db]
# name 4 = depSM: Depth [salt water, m]
# name 5 = t090C: Temperature [ITS-90, deg C]
# name 6 = sal00: Salinity, Practical [PSU]
# name 7 = density00: Density [density, kg/m^3]
# name 8 = sigma-é00: Density [sigma-theta, kg/m^3]
# name 9 = potemp090C: Potential Temperature [ITS-90, deg C]
# name 10 = sbeox0PS: Oxygen, SBE 43 [% saturation]
# name 11 = CStarTr0: Beam Transmission, WET Labs C-Star [%]
# name 12 = flECO-AFL: Fluorescence, WET Labs ECO-AFL/FL [mg/m^3]
# name 13 = ph: pH
# name 14 = sbeox0ML/L: Oxygen, SBE 43 [ml/l]
# name 15 = sbeox0Mg/L: Oxygen, SBE 43 [mg/l]
# name 16 = sbox0Mm/Kg: Oxygen, SBE 43 [umol/kg]
# name 17 = sbeox0Mm/L: Oxygen, SBE 43 [umol/l]
# name 18 = flag:  0.000e+00
# span 0 =   56.20804,   56.20856                 
# span 1 = -132.77100, -132.77036                 
# span 2 =      4.170,    209.179                 
# span 3 =      2.505,    192.007                 
# span 4 =      2.482,    190.168                 
# span 5 =     5.8347,    14.2101                 
# span 6 =    27.8627,    33.5452                 
# span 7 =  1020.6872,  1027.3092                 
# span 8 =    20.6742,    26.4255                 
# span 9 =     5.8189,    14.2097                 
# span 10 =     20.450,    113.363                
# span 11 =    19.1869,   103.0659                
# span 12 =    -0.0884,    13.9189                
# span 13 =      7.633,      8.420                
# span 14 =     1.4318,     6.8977                
# span 15 =     2.0461,     9.8574                
# span 16 =     62.297,    301.679                
# span 17 =     63.942,    308.050                
# span 18 = 0.0000e+00, 0.0000e+00                
# interval = seconds: 0.0416667
# start_time = Aug 23 2022 05:23:20 [NMEA time, header]
# bad_flag = -9.990e-29
*END*
[from data line 6477]
   56.20828 -132.77096    200.189    164.118    162.557     5.8629    33.5059  1027.1464    26.3907     5.8494     22.410   100.4647    -0.0591      7.643     1.5687     2.2419     68.259     70.060  0.000e+00
   56.20828 -132.77096    200.132    164.062    162.501     5.8632    33.5056  1027.1459    26.3904     5.8497     22.411   100.4088    -0.0591      7.643     1.5687     2.2419     68.259     70.060  0.000e+00
   56.20828 -132.77096    200.131    164.183    162.621     5.8630    33.5057  1027.1466    26.3905     5.8495     22.412   100.3808    -0.0591      7.643     1.5689     2.2421     68.264     70.065  0.000e+00
   56.20828 -132.77096    200.042    164.143    162.581     5.8633    33.5055  1027.1462    26.3903     5.8498     22.407   100.3808    -0.0591      7.643     1.5685     2.2415     68.247     70.048  0.000e+00
   56.20828 -132.77096    200.057    164.183    162.621     5.8636    33.5060  1027.1467    26.3906     5.8500     22.409   100.3808    -0.0591      7.643     1.5686     2.2418     68.255     70.056  0.000e+00
   56.20828 -132.77096    200.138    164.240    162.678     5.8633    33.5058  1027.1469    26.3906     5.8497     22.355   100.3808    -0.0591      7.638     1.5648     2.2363     68.089     69.886  0.000e+00
   56.20828 -132.77096    200.113    164.240    162.678     5.8636    33.5054  1027.1466    26.3902     5.8500     22.352   100.3808    -0.0591      7.643     1.5647     2.2361     68.081     69.878  0.000e+00
   56.20828 -132.77096    200.080    164.305    162.742     5.8637    33.5055  1027.1469    26.3903     5.8502     22.403   100.3808    -0.0591      7.638     1.5682     2.2411     68.233     70.034  0.000e+00
   56.20828 -132.77096    200.087    164.361    162.798     5.8632    33.5062  1027.1478    26.3909     5.8497     22.402   100.3808    -0.0591      7.643     1.5681     2.2410     68.232     70.033  0.000e+00
   56.20828 -132.77096    200.047    164.321    162.758     5.8634    33.5057  1027.1471    26.3905     5.8499     22.409   100.3808    -0.0591      7.643     1.5686     2.2417     68.253     70.054  0.000e+00
   56.20828 -132.77096    200.143    164.418    162.854     5.8632    33.5059  1027.1477    26.3906     5.8497     22.410   100.3808    -0.0591      7.638     1.5687     2.2418     68.256     70.057  0.000e+00
   56.20828 -132.77096    200.087    164.361    162.798     5.8636    33.5055  1027.1471    26.3903     5.8500     22.352   100.3808    -0.0591      7.643     1.5647     2.2360     68.081     69.877  0.000e+00
   56.20828 -132.77096    200.207    164.483    162.918     5.8636    33.5058  1027.1480    26.3905     5.8500     22.348   100.3808    -0.0591      7.643     1.5643     2.2356     68.067     69.863  0.000e+00
   56.20828 -132.77096    200.207    164.483    162.918     5.8637    33.5055  1027.1477    26.3902     5.8502     22.409   100.3808    -0.0591      7.643     1.5686     2.2417     68.254     70.055  0.000e+00
   56.20828 -132.77096    200.224    164.499    162.934     5.8636    33.5054  1027.1477    26.3902     5.8500     22.362   100.3808    -0.0591      7.643     1.5653     2.2370     68.110     69.908  0.000e+00
   56.20828 -132.77096    200.264    164.539    162.974     5.8638    33.5054  1027.1479    26.3902     5.8503     22.360   100.3808    -0.0591      7.643     1.5652     2.2368     68.104     69.901  0.000e+00
   56.20828 -132.77096    200.190    164.539    162.974     5.8637    33.5053  1027.1478    26.3901     5.8502     22.359   100.3808    -0.0591      7.643     1.5651     2.2367     68.101     69.898  0.000e+00
   56.20828 -132.77096    200.157    164.604    163.038     5.8638    33.5053  1027.1480    26.3901     5.8503     22.359   100.3808    -0.0591      7.643     1.5651     2.2367     68.100     69.897  0.000e+00
   56.20828 -132.77096    200.189    164.661    163.094     5.8637    33.5053  1027.1484    26.3901     5.8501     22.359   100.3808    -0.0591      7.643     1.5652     2.2368     68.103     69.900  0.000e+00
   56.20828 -132.77096    200.205    164.677    163.111     5.8636    33.5053  1027.1484    26.3901     5.8500     22.361   100.3808    -0.0591      7.643     1.5653     2.2369     68.107     69.905  0.000e+00
   56.20828 -132.77096    200.213    164.661    163.094     5.8638    33.5051  1027.1482    26.3899     5.8503     22.363   100.3808    -0.0591      7.643     1.5654     2.2371     68.114     69.911  0.000e+00
   56.20828 -132.77096    200.147    164.717    163.151     5.8636    33.5056  1027.1488    26.3903     5.8500     22.359   100.4088    -0.0591      7.643     1.5651     2.2368     68.102     69.900  0.000e+00
   56.20828 -132.77096    200.113    164.782    163.215     5.8637    33.5054  1027.1490    26.3902     5.8501     22.363   100.4368    -0.0591      7.643     1.5654     2.2371     68.114     69.912  0.000e+00
   56.20828 -132.77096    200.113    164.782    163.215     5.8638    33.5054  1027.1490    26.3902     5.8503     22.361   100.4368    -0.0591      7.643     1.5652     2.2369     68.106     69.903  0.000e+00
   56.20828 -132.77096    200.113    164.782    163.215     5.8637    33.5057  1027.1492    26.3904     5.8501     22.359   100.4368    -0.0591      7.638     1.5651     2.2367     68.100     69.897  0.000e+00
   56.20828 -132.77096    200.194    164.863    163.295     5.8637    33.5053  1027.1493    26.3901     5.8501     22.357   100.4088    -0.0591      7.643     1.5650     2.2366     68.096     69.893  0.000e+00
   56.20828 -132.77096    200.170    164.839    163.271     5.8636    33.5052  1027.1491    26.3901     5.8500     22.357   100.4368    -0.0591      7.643     1.5650     2.2365     68.094     69.891  0.000e+00
   56.20828 -132.77096    200.234    164.904    163.335     5.8638    33.5050  1027.1492    26.3898     5.8503     22.356   100.4368    -0.0591      7.643     1.5649     2.2365     68.093     69.890  0.000e+00
   56.20828 -132.77096    200.290    164.960    163.391     5.8638    33.5046  1027.1492    26.3895     5.8503     22.357   100.4368    -0.0591      7.643     1.5650     2.2365     68.095     69.892  0.000e+00
   56.20828 -132.77096    200.290    164.960    163.391     5.8641    33.5045  1027.1491    26.3895     5.8505     22.365   100.4368    -0.0591      7.643     1.5655     2.2373     68.119     69.917  0.000e+00
   56.20828 -132.77096    200.281    164.977    163.407     5.8638    33.5049  1027.1495    26.3898     5.8503     22.367   100.4368    -0.0591      7.638     1.5657     2.2375     68.125     69.923  0.000e+00
   56.20828 -132.77096    200.224    165.017    163.447     5.8638    33.5048  1027.1496    26.3897     5.8503     22.369   100.4368    -0.0591      7.643     1.5658     2.2377     68.132     69.930  0.000e+00
   56.20828 -132.77096    200.175    165.017    163.447     5.8638    33.5049  1027.1497    26.3898     5.8503     22.365   100.4368    -0.0591      7.643     1.5655     2.2373     68.119     69.917  0.000e+00
   56.20828 -132.77096    200.239    165.082    163.511     5.8638    33.5048  1027.1499    26.3897     5.8503     22.303   100.4368    -0.0591      7.643     1.5612     2.2311     67.930     69.722  0.000e+00
   56.20828 -132.77096    200.295    165.139    163.567     5.8640    33.5048  1027.1502    26.3897     5.8504     22.300   100.4368    -0.0591      7.643     1.5610     2.2308     67.920     69.713  0.000e+00
   56.20830 -132.77096    200.222    165.139    163.567     5.8638    33.5052  1027.1505    26.3900     5.8503     22.356   100.4088    -0.0591      7.643     1.5649     2.2364     68.091     69.888  0.000e+00
   56.20830 -132.77096    200.148    165.163    163.592     5.8640    33.5047  1027.1502    26.3896     5.8504     22.361   100.4088    -0.0591      7.638     1.5653     2.2369     68.107     69.904  0.000e+00
   56.20830 -132.77096    200.140    165.203    163.632     5.8640    33.5044  1027.1501    26.3894     5.8504     22.367   100.4368    -0.0591      7.643     1.5657     2.2375     68.125     69.923  0.000e+00
   56.20830 -132.77096    200.140    165.203    163.632     5.8637    33.5048  1027.1505    26.3897     5.8501     22.373   100.4368    -0.0591      7.643     1.5661     2.2381     68.145     69.943  0.000e+00
   56.20830 -132.77096    200.252    165.317    163.744     5.8640    33.5048  1027.1509    26.3897     5.8504     22.322   100.4088    -0.0591      7.643     1.5625     2.2330     67.989     69.783  0.000e+00
   56.20830 -132.77096    200.196    165.260    163.688     5.8638    33.5049  1027.1508    26.3898     5.8502     22.323   100.4088    -0.0591      7.638     1.5626     2.2331     67.991     69.786  0.000e+00
   56.20830 -132.77096    200.019    165.082    163.511     5.8640    33.5051  1027.1501    26.3900     5.8504     22.324   100.2969    -0.0591      7.638     1.5627     2.2332     67.995     69.789  0.000e+00
   56.20830 -132.77096    200.508    165.576    164.000     5.8638    33.5048  1027.1521    26.3897     5.8502     22.328   100.2690    -0.0591      7.643     1.5630     2.2336     68.007     69.802  0.000e+00
   56.20830 -132.77096    200.372    165.438    163.864     5.8641    33.5044  1027.1512    26.3894     5.8504     22.331   100.2690    -0.0591      7.638     1.5632     2.2339     68.017     69.812  0.000e+00
   56.20830 -132.77096    200.316    165.381    163.808     5.8642    33.5045  1027.1510    26.3894     5.8506     22.335   100.2690    -0.0591      7.643     1.5635     2.2343     68.029     69.824  0.000e+00
   56.20830 -132.77096    200.250    165.438    163.864     5.8642    33.5044  1027.1512    26.3894     5.8506     22.399   100.2690    -0.0591      7.638     1.5679     2.2407     68.223     70.023  0.000e+00
   56.20830 -132.77096    200.233    165.495    163.920     5.8640    33.5047  1027.1517    26.3896     5.8504     22.412   100.2690    -0.0591      7.643     1.5688     2.2420     68.263     70.064  0.000e+00
   56.20830 -132.77096    200.208    165.495    163.920     5.8643    33.5042  1027.1513    26.3892     5.8507     22.360   100.2690    -0.0591      7.643     1.5652     2.2368     68.103     69.901  0.000e+00
   56.20830 -132.77096    200.232    165.519    163.944     5.8641    33.5047  1027.1518    26.3896     5.8504     22.360   100.2690    -0.0591      7.643     1.5652     2.2368     68.103     69.900  0.000e+00
   56.20830 -132.77096    200.273    165.560    163.984     5.8642    33.5048  1027.1520    26.3896     5.8506     22.360   100.2690    -0.0591      7.643     1.5652     2.2368     68.104     69.901  0.000e+00
   56.20830 -132.77096    200.182    165.616    164.041     5.8640    33.5046  1027.1522    26.3895     5.8504     22.361   100.2690    -0.0591      7.638     1.5653     2.2369     68.108     69.905  0.000e+00
   56.20830 -132.77096    200.109    165.616    164.041     5.8642    33.5042  1027.1518    26.3892     5.8506     22.363   100.2690    -0.0591      7.643     1.5654     2.2371     68.112     69.909  0.000e+00
   56.20830 -132.77096    200.173    165.681    164.105     5.8642    33.5045  1027.1524    26.3894     5.8506     22.365   100.2690    -0.0591      7.643     1.5655     2.2373     68.118     69.916  0.000e+00
   56.20830 -132.77096    200.197    165.681    164.105     5.8643    33.5041  1027.1520    26.3891     5.8507     22.367   100.2690    -0.0591      7.643     1.5657     2.2375     68.126     69.924  0.000e+00
   56.20830 -132.77096    200.213    165.697    164.121     5.8643    33.5042  1027.1522    26.3892     5.8507     22.363   100.2690    -0.0591      7.643     1.5654     2.2371     68.114     69.911  0.000e+00
   56.20830 -132.77096    200.254    165.738    164.161     5.8646    33.5036  1027.1519    26.3887     5.8510     22.301   100.2690    -0.0591      7.643     1.5611     2.2309     67.925     69.718  0.000e+00
   56.20830 -132.77096    200.310    165.794    164.217     5.8643    33.5039  1027.1524    26.3889     5.8507     22.240   100.2690    -0.0591      7.643     1.5568     2.2248     67.740     69.527  0.000e+00
   56.20830 -132.77096    200.310    165.794    164.217     5.8643    33.5040  1027.1525    26.3890     5.8507     22.290   100.2690    -0.0591      7.643     1.5603     2.2298     67.891     69.682  0.000e+00
   56.20830 -132.77096    200.310    165.794    164.217     5.8642    33.5044  1027.1528    26.3893     5.8506     22.289   100.2690    -0.0591      7.643     1.5602     2.2297     67.888     69.679  0.000e+00
   56.20830 -132.77096    200.301    165.859    164.281     5.8643    33.5046  1027.1533    26.3895     5.8507     22.289   100.2690    -0.0591      7.638     1.5602     2.2297     67.888     69.680  0.000e+00
   56.20830 -132.77096    200.234    165.940    164.361     5.8643    33.5041  1027.1532    26.3891     5.8507     22.283   100.2690    -0.0591      7.643     1.5598     2.2291     67.870     69.661  0.000e+00
   56.20830 -132.77096    200.186    165.916    164.337     5.8643    33.5043  1027.1533    26.3893     5.8507     22.277   100.3249    -0.0591      7.643     1.5594     2.2285     67.852     69.642  0.000e+00
   56.20830 -132.77096    200.186    165.916    164.337     5.8642    33.5045  1027.1535    26.3895     5.8505     22.279   100.3808    -0.0591      7.643     1.5595     2.2287     67.858     69.649  0.000e+00
   56.20830 -132.77096    200.274    165.981    164.401     5.8643    33.5042  1027.1535    26.3892     5.8507     22.275   100.3529    -0.0591      7.643     1.5592     2.2283     67.845     69.636  0.000e+00
   56.20830 -132.77096    200.233    166.037    164.457     5.8643    33.5043  1027.1538    26.3892     5.8507     22.213   100.3808    -0.0591      7.638     1.5549     2.2221     67.657     69.442  0.000e+00
   56.20830 -132.77096    200.135    166.037    164.457     5.8643    33.5039  1027.1535    26.3890     5.8507     22.203   100.3529    -0.0591      7.643     1.5542     2.2211     67.627     69.411  0.000e+00
   56.20830 -132.77096    200.135    166.062    164.481     5.8643    33.5042  1027.1539    26.3892     5.8507     22.253   100.3529    -0.0591      7.638     1.5577     2.2261     67.777     69.565  0.000e+00
   56.20830 -132.77096    200.191    166.094    164.514     5.8641    33.5046  1027.1543    26.3895     5.8504     22.310   100.3529    -0.0591      7.638     1.5617     2.2318     67.951     69.744  0.000e+00
   56.20830 -132.77096    200.191    166.094    164.514     5.8640    33.5053  1027.1549    26.3901     5.8503     22.315   100.3808    -0.0591      7.643     1.5621     2.2323     67.968     69.762  0.000e+00
   56.20830 -132.77096    200.133    166.159    164.578     5.8642    33.5046  1027.1546    26.3895     5.8505     22.263   100.3529    -0.0591      7.643     1.5584     2.2271     67.810     69.599  0.000e+00
   56.20830 -132.77096    200.116    166.216    164.634     5.8638    33.5053  1027.1555    26.3902     5.8502     22.263   100.3529    -0.0591      7.643     1.5584     2.2271     67.810     69.599  0.000e+00
   56.20830 -132.77096    200.092    166.216    164.634     5.8642    33.5049  1027.1552    26.3898     5.8505     22.264   100.3529    -0.0591      7.643     1.5584     2.2272     67.810     69.599  0.000e+00
   56.20830 -132.77096    200.140    166.240    164.658     5.8642    33.5047  1027.1551    26.3896     5.8505     22.265   100.3808    -0.0591      7.643     1.5585     2.2273     67.813     69.603  0.000e+00
   56.20830 -132.77096    200.156    166.280    164.698     5.8642    33.5045  1027.1551    26.3894     5.8505     22.208   100.3529    -0.0591      7.643     1.5545     2.2216     67.640     69.425  0.000e+00
   56.20830 -132.77096    200.058    166.280    164.698     5.8642    33.5046  1027.1552    26.3895     5.8505     22.203   100.3529    -0.0591      7.643     1.5542     2.2211     67.626     69.411  0.000e+00
