EcoFOCI/data/1_SampleCollection/2022_GOA-OA_CruiseData/CTD_raw_BottleFile_RC0083/RC0083_076.cnv
* Sea-Bird SBE 9 Data File:
* FileName = C:\Data\RC0083ctd\RC0083_076.hex
* Software Version Seasave V 7.26.7.107
* Temperature SN = 2060
* Conductivity SN = 1084
* Number of Bytes Per Scan = 31
* Number of Voltage Words = 4
* Number of Scans Averaged by the Deck Unit = 1
* NMEA Latitude = 58 24.84 N
* NMEA Longitude = 135 59.68 W
* NMEA UTC (Time) = Aug 21 2022  04:04:57
* NMEA baud rate = 4800
** Ship: R/V Rachel Carson
** Cruise ID: RC0083
** Tech: McHugh/Nomura
** Chief Scientist: Cross
** Station: GB01
** Cast:  CTD076
# nquan = 19
# nvalues = 8959                                  
# units = specified
# name 0 = latitude: Latitude [deg]
# name 1 = longitude: Longitude [deg]
# name 2 = sfdSM: Seafloor depth [salt water, m]
# name 3 = prDM: Pressure, Digiquartz [db]
# name 4 = depSM: Depth [salt water, m]
# name 5 = t090C: Temperature [ITS-90, deg C]
# name 6 = sal00: Salinity, Practical [PSU]
# name 7 = density00: Density [density, kg/m^3]
# name 8 = sigma-é00: Density [sigma-theta, kg/m^3]
# name 9 = potemp090C: Potential Temperature [ITS-90, deg C]
# name 10 = sbeox0PS: Oxygen, SBE 43 [% saturation]
# name 11 = CStarTr0: Beam Transmission, WET Labs C-Star [%]
# name 12 = flECO-AFL: Fluorescence, WET Labs ECO-AFL/FL [mg/m^3]
# name 13 = ph: pH
# name 14 = sbeox0ML/L: Oxygen, SBE 43 [ml/l]
# name 15 = sbeox0Mg/L: Oxygen, SBE 43 [mg/l]
# name 16 = sbox0Mm/Kg: Oxygen, SBE 43 [umol/kg]
# name 17 = sbeox0Mm/L: Oxygen, SBE 43 [umol/l]
# name 18 = flag:  0.000e+00
# span 0 =   58.41404,   58.41534                 
# span 1 = -135.99464, -135.99430                 
# span 2 =      6.220,     67.623                 
# span 3 =      2.894,     55.107                 
# span 4 =      2.867,     54.587                 
# span 5 =     7.6606,    10.2799                 
# span 6 =    27.1385,    31.5384                 
# span 7 =  1020.7941,  1024.8558                 
# span 8 =    20.7782,    24.6047                 
# span 9 =     7.6555,    10.2795                 
# span 10 =     55.754,     90.304                
# span 11 =    80.3271,    89.7526                
# span 12 =     0.2339,     3.7797                
# span 13 =      7.893,      8.176                
# span 14 =     3.7927,     6.0012                
# span 15 =     5.4202,     8.5763                
# span 16 =    165.317,    262.435                
# span 17 =    169.383,    268.013                
# span 18 = 0.0000e+00, 0.0000e+00                
# interval = seconds: 0.0416667
# start_time = Aug 21 2022 04:04:57 [NMEA time, header]
# bad_flag = -9.990e-29
*END*
[from data line 2439]
   58.41424 -135.99446     65.403     31.239     30.946     7.9898    30.6063  1023.9702    23.8271     7.9869     62.792    87.8787     0.7614      7.940     4.2655     6.0958    186.064    190.497  0.000e+00
   58.41424 -135.99446     65.459     31.296     31.002     7.9902    30.6059  1023.9702    23.8268     7.9873     62.799    87.8787     0.7614      7.940     4.2660     6.0965    186.084    190.518  0.000e+00
   58.41424 -135.99446     65.459     31.296     31.002     7.9901    30.6068  1023.9709    23.8275     7.9872     62.748    87.8787     0.7321      7.940     4.2625     6.0916    185.934    190.364  0.000e+00
   58.41424 -135.99446     65.523     31.361     31.067     7.9892    30.6081  1023.9723    23.8286     7.9863     62.752    87.8787     0.7321      7.940     4.2628     6.0920    185.946    190.377  0.000e+00
   58.41424 -135.99446     65.523     31.361     31.066     7.9891    30.6078  1023.9721    23.8284     7.9862     62.760    87.8787     0.7614      7.940     4.2634     6.0928    185.971    190.402  0.000e+00
   58.41424 -135.99446     65.579     31.417     31.123     7.9892    30.6076  1023.9721    23.8282     7.9863     62.711    87.8787     0.7614      7.940     4.2601     6.0881    185.827    190.255  0.000e+00
   58.41424 -135.99446     65.515     31.377     31.082     7.9898    30.6068  1023.9713    23.8275     7.9869     62.716    87.9067     0.7614      7.940     4.2603     6.0884    185.837    190.265  0.000e+00
   58.41424 -135.99446     65.489     31.474     31.179     7.9894    30.6075  1023.9723    23.8281     7.9865     62.726    87.9346     0.7321      7.940     4.2610     6.0894    185.869    190.298  0.000e+00
   58.41424 -135.99446     65.440     31.474     31.179     7.9891    30.6081  1023.9729    23.8287     7.9861     62.678    87.9346     0.7614      7.940     4.2578     6.0848    185.729    190.154  0.000e+00
   58.41424 -135.99446     65.440     31.474     31.179     7.9891    30.6082  1023.9729    23.8287     7.9861     62.629    87.9346     0.7321      7.940     4.2545     6.0801    185.582    190.004  0.000e+00
   58.41424 -135.99446     65.504     31.538     31.243     7.9893    30.6080  1023.9731    23.8285     7.9863     62.627    87.9346     0.7321      7.940     4.2543     6.0798    185.574    189.996  0.000e+00
   58.41424 -135.99446     65.455     31.538     31.243     7.9887    30.6097  1023.9744    23.8299     7.9858     62.629    87.9346     0.7614      7.940     4.2545     6.0800    185.581    190.004  0.000e+00
   58.41424 -135.99446     65.357     31.538     31.243     7.9882    30.6111  1023.9756    23.8311     7.9853     62.637    87.9346     0.7614      7.940     4.2550     6.0808    185.604    190.027  0.000e+00
   58.41424 -135.99446     65.453     31.659     31.363     7.9878    30.6120  1023.9770    23.8319     7.9849     62.588    87.9346     0.7321      7.940     4.2517     6.0761    185.460    189.880  0.000e+00
   58.41424 -135.99446     65.389     31.595     31.299     7.9879    30.6119  1023.9765    23.8318     7.9850     62.591    87.9346     0.7614      7.940     4.2519     6.0764    185.470    189.890  0.000e+00
   58.41424 -135.99446     65.453     31.659     31.363     7.9875    30.6132  1023.9779    23.8329     7.9845     62.546    87.9346     0.7614      7.940     4.2488     6.0720    185.335    189.752  0.000e+00
   58.41424 -135.99446     65.469     31.676     31.379     7.9872    30.6136  1023.9783    23.8332     7.9842     62.546    87.9346     0.7614      7.940     4.2489     6.0720    185.337    189.754  0.000e+00
   58.41424 -135.99446     65.453     31.659     31.363     7.9872    30.6131  1023.9779    23.8328     7.9843     62.489    87.9346     0.7614      7.940     4.2450     6.0665    185.168    189.581  0.000e+00
   58.41424 -135.99446     65.589     31.773     31.475     7.9872    30.6129  1023.9782    23.8326     7.9843     62.486    87.9346     0.7321      7.940     4.2448     6.0663    185.161    189.573  0.000e+00
   58.41424 -135.99446     65.589     31.773     31.475     7.9873    30.6130  1023.9783    23.8327     7.9844     62.488    87.9346     0.7614      7.940     4.2449     6.0664    185.165    189.578  0.000e+00
   58.41424 -135.99446     65.589     31.773     31.475     7.9871    30.6133  1023.9785    23.8330     7.9841     62.440    87.9346     0.7614      7.940     4.2417     6.0618    185.023    189.433  0.000e+00
   58.41424 -135.99446     65.653     31.837     31.539     7.9873    30.6131  1023.9787    23.8328     7.9843     62.439    87.9346     0.7321      7.940     4.2416     6.0616    185.019    189.428  0.000e+00
   58.41424 -135.99446     65.629     31.837     31.539     7.9871    30.6136  1023.9791    23.8332     7.9841     62.435    87.9346     0.7614      7.940     4.2413     6.0613    185.007    189.417  0.000e+00
   58.41424 -135.99446     65.653     31.837     31.539     7.9871    30.6138  1023.9792    23.8333     7.9841     62.436    87.9346     0.7321      7.940     4.2414     6.0614    185.011    189.420  0.000e+00
   58.41424 -135.99446     65.749     31.958     31.659     7.9875    30.6128  1023.9790    23.8326     7.9845     62.388    87.9346     0.7614      7.940     4.2381     6.0567    184.868    189.274  0.000e+00
   58.41424 -135.99446     59.327     31.910     31.611     7.9877    30.6116  1023.9778    23.8315     7.9848     62.384    87.9346     0.7321      7.940     4.2379     6.0564    184.858    189.264  0.000e+00
   58.41424 -135.99446     51.805     31.958     31.659     7.9881    30.6106  1023.9772    23.8307     7.9851     62.332    87.9626     0.7614      7.940     4.2343     6.0512    184.702    189.103  0.000e+00
   58.41424 -135.99446     49.998     31.958     31.659     7.9882    30.6104  1023.9770    23.8306     7.9852     62.332    88.0465     0.7321      7.940     4.2343     6.0512    184.703    189.104  0.000e+00
   58.41424 -135.99446     50.347     32.015     31.715     7.9877    30.6109  1023.9777    23.8310     7.9847     62.275    88.0465     0.7321      7.940     4.2305     6.0458    184.536    188.934  0.000e+00
   58.41424 -135.99446     50.721     32.071     31.771     7.9879    30.6108  1023.9779    23.8309     7.9850     62.272    88.0465     0.7321      7.940     4.2303     6.0455    184.526    188.924  0.000e+00
   58.41424 -135.99446     50.713     32.015     31.715     7.9882    30.6106  1023.9774    23.8307     7.9852     62.274    88.0465     0.7614      7.940     4.2303     6.0456    184.530    188.927  0.000e+00
   58.41424 -135.99446     50.809     32.136     31.835     7.9877    30.6112  1023.9785    23.8312     7.9847     62.274    88.0465     0.7614      7.940     4.2304     6.0457    184.533    188.930  0.000e+00
   58.41424 -135.99446     50.809     32.136     31.835     7.9879    30.6110  1023.9783    23.8311     7.9849     62.224    88.0465     0.7614      7.940     4.2270     6.0407    184.382    188.776  0.000e+00
   58.41424 -135.99446     50.809     32.136     31.835     7.9878    30.6118  1023.9789    23.8317     7.9848     62.227    88.0465     0.7614      7.940     4.2272     6.0410    184.390    188.785  0.000e+00
   58.41424 -135.99446     50.825     32.152     31.851     7.9877    30.6123  1023.9794    23.8321     7.9847     62.228    88.0465     0.7907      7.940     4.2272     6.0411    184.393    188.787  0.000e+00
   58.41424 -135.99446     50.921     32.249     31.947     7.9870    30.6137  1023.9811    23.8333     7.9840     62.179    88.0465     0.7614      7.940     4.2240     6.0364    184.250    188.642  0.000e+00
   58.41424 -135.99446     50.865     32.193     31.891     7.9867    30.6152  1023.9821    23.8345     7.9837     62.183    88.0465     0.7614      7.940     4.2242     6.0368    184.260    188.652  0.000e+00
   58.41424 -135.99446     50.985     32.314     32.011     7.9861    30.6160  1023.9833    23.8352     7.9831     62.186    88.0465     0.7614      7.940     4.2244     6.0371    184.271    188.663  0.000e+00
   58.41424 -135.99446     50.921     32.249     31.947     7.9862    30.6156  1023.9827    23.8349     7.9832     62.192    88.0465     0.7614      7.940     4.2249     6.0378    184.290    188.683  0.000e+00
   58.41424 -135.99446     50.985     32.314     32.011     7.9863    30.6151  1023.9826    23.8345     7.9833     62.142    88.0465     0.7614      7.940     4.2215     6.0329    184.142    188.531  0.000e+00
   58.41424 -135.99446     58.269     32.370     32.067     7.9865    30.6151  1023.9828    23.8345     7.9835     62.145    88.0465     0.7614      7.940     4.2217     6.0332    184.150    188.540  0.000e+00
   58.41424 -135.99446     64.374     32.370     32.067     7.9862    30.6158  1023.9834    23.8351     7.9832     62.153    88.0465     0.7907      7.940     4.2222     6.0339    184.173    188.563  0.000e+00
   58.41424 -135.99446     65.563     32.386     32.083     7.9860    30.6169  1023.9844    23.8360     7.9830     62.110    88.0465     0.7614      7.940     4.2193     6.0298    184.047    188.434  0.000e+00
   58.41424 -135.99446     65.229     32.370     32.067     7.9858    30.6171  1023.9845    23.8361     7.9828     62.114    88.0465     0.7907      7.940     4.2195     6.0301    184.057    188.444  0.000e+00
   58.41424 -135.99446     65.105     32.491     32.187     7.9855    30.6173  1023.9852    23.8363     7.9825     62.123    88.0465     0.7614      7.940     4.2202     6.0311    184.086    188.474  0.000e+00
   58.41424 -135.99446     65.032     32.491     32.187     7.9855    30.6167  1023.9848    23.8359     7.9825     62.129    88.0465     0.7907      7.940     4.2206     6.0317    184.105    188.494  0.000e+00
   58.41424 -135.99446     65.032     32.491     32.187     7.9855    30.6171  1023.9850    23.8362     7.9825     62.085    88.0745     0.7614      7.940     4.2176     6.0274    183.973    188.358  0.000e+00
   58.41424 -135.99446     65.032     32.491     32.187     7.9855    30.6167  1023.9847    23.8359     7.9825     62.094    88.1584     0.7614      7.940     4.2182     6.0283    184.000    188.386  0.000e+00
   58.41424 -135.99446     65.152     32.613     32.307     7.9858    30.6167  1023.9853    23.8359     7.9828     62.108    88.1864     0.7614      7.940     4.2192     6.0296    184.042    188.429  0.000e+00
   58.41424 -135.99446     65.088     32.548     32.243     7.9860    30.6160  1023.9844    23.8353     7.9829     62.119    88.1864     0.7907      7.940     4.2199     6.0307    184.074    188.462  0.000e+00
   58.41424 -135.99446     65.119     32.629     32.323     7.9855    30.6169  1023.9856    23.8361     7.9825     62.081    88.1864     0.7614      7.935     4.2173     6.0270    183.961    188.346  0.000e+00
   58.41424 -135.99446     65.134     32.669     32.363     7.9854    30.6179  1023.9865    23.8369     7.9823     62.088    88.1864     0.7614      7.940     4.2178     6.0277    183.981    188.367  0.000e+00
   58.41424 -135.99446     65.078     32.613     32.307     7.9849    30.6184  1023.9867    23.8373     7.9818     62.099    88.1864     0.7907      7.940     4.2186     6.0288    184.016    188.402  0.000e+00
   58.41424 -135.99446     65.190     32.726     32.419     7.9854    30.6180  1023.9869    23.8369     7.9823     62.116    88.1864     0.7614      7.940     4.2197     6.0304    184.064    188.452  0.000e+00
   58.41424 -135.99446     65.190     32.726     32.419     7.9851    30.6175  1023.9865    23.8365     7.9821     62.129    88.1864     0.7614      7.940     4.2206     6.0317    184.106    188.494  0.000e+00
   58.41424 -135.99446     65.190     32.726     32.419     7.9855    30.6171  1023.9861    23.8362     7.9824     62.092    88.1864     0.7907      7.940     4.2181     6.0281    183.994    188.380  0.000e+00
   58.41424 -135.99446     65.311     32.847     32.539     7.9851    30.6185  1023.9878    23.8373     7.9821     62.109    88.1864     0.7907      7.940     4.2192     6.0297    184.042    188.430  0.000e+00
   58.41424 -135.99446     65.190     32.726     32.419     7.9842    30.6216  1023.9899    23.8399     7.9812     62.065    88.1864     0.7907      7.940     4.2163     6.0255    183.914    188.298  0.000e+00
   58.41424 -135.99446     65.327     32.863     32.555     7.9833    30.6248  1023.9932    23.8426     7.9802     62.070    88.1864     0.7614      7.940     4.2166     6.0259    183.927    188.312  0.000e+00
   58.41424 -135.99446     65.262     32.847     32.539     7.9823    30.6275  1023.9953    23.8448     7.9792     62.077    88.1864     0.7907      7.940     4.2171     6.0267    183.950    188.336  0.000e+00
   58.41424 -135.99446     65.252     32.912     32.603     7.9805    30.6313  1023.9989    23.8481     7.9774     62.090    88.1864     0.7614      7.940     4.2180     6.0280    183.990    188.377  0.000e+00
   58.41424 -135.99446     65.252     32.912     32.603     7.9791    30.6348  1024.0018    23.8510     7.9761     62.106    88.1864     0.7614      7.940     4.2192     6.0296    184.039    188.429  0.000e+00
   58.41424 -135.99446     65.252     32.912     32.603     7.9784    30.6365  1024.0032    23.8524     7.9753     62.065    88.1864     0.7907      7.940     4.2164     6.0256    183.917    188.304  0.000e+00
   58.41424 -135.99446     65.364     33.025     32.715     7.9777    30.6386  1024.0055    23.8541     7.9746     62.076    88.1864     0.7614      7.940     4.2172     6.0268    183.952    188.340  0.000e+00
   58.41424 -135.99446     65.308     32.968     32.659     7.9770    30.6398  1024.0062    23.8552     7.9739     62.084    88.1864     0.7614      7.940     4.2177     6.0276    183.975    188.364  0.000e+00
   58.41424 -135.99446     65.364     33.025     32.715     7.9767    30.6405  1024.0071    23.8557     7.9737     62.096    88.1864     0.7614      7.940     4.2186     6.0288    184.012    188.402  0.000e+00
   58.41424 -135.99446     65.388     33.049     32.739     7.9769    30.6403  1024.0070    23.8556     7.9738     62.105    88.1864     0.7614      7.940     4.2192     6.0296    184.038    188.429  0.000e+00
   58.41424 -135.99446     65.364     33.025     32.715     7.9763    30.6412  1024.0077    23.8564     7.9732     62.063    88.2423     0.7614      7.940     4.2163     6.0255    183.913    188.301  0.000e+00
   58.41424 -135.99446     65.428     33.089     32.779     7.9760    30.6424  1024.0090    23.8573     7.9729     62.073    88.2703     0.7614      7.940     4.2170     6.0265    183.943    188.331  0.000e+00
   58.41424 -135.99446     65.387     33.146     32.835     7.9757    30.6433  1024.0100    23.8581     7.9726     62.080    88.2703     0.7614      7.940     4.2175     6.0272    183.963    188.352  0.000e+00
   58.41424 -135.99446     65.314     33.146     32.835     7.9756    30.6434  1024.0101    23.8582     7.9725     62.090    88.2703     0.7614      7.940     4.2182     6.0282    183.994    188.384  0.000e+00
   58.41424 -135.99446     65.378     33.210     32.899     7.9754    30.6440  1024.0108    23.8587     7.9723     61.994    88.2703     0.7321      7.940     4.2117     6.0189    183.710    188.093  0.000e+00
   58.41424 -135.99446     65.378     33.210     32.899     7.9755    30.6442  1024.0111    23.8589     7.9724     61.999    88.2703     0.7028      7.940     4.2119     6.0193    183.722    188.106  0.000e+00
   58.41424 -135.99446     65.369     33.227     32.915     7.9750    30.6451  1024.0119    23.8596     7.9719     62.000    88.2703     0.7321      7.940     4.2121     6.0195    183.728    188.111  0.000e+00
   58.41424 -135.99446     65.336     33.267     32.955     7.9747    30.6459  1024.0127    23.8603     7.9716     62.006    88.2703     0.7028      7.940     4.2125     6.0201    183.745    188.130  0.000e+00
