EcoFOCI/data/1_SampleCollection/2022_GOA-OA_CruiseData/CTD_raw_BottleFile_RC0083/RC0083_048.ros
* Sea-Bird SBE 9 Data File:
* FileName = C:\Data\RC0083ctd\RC0083_048.hex
* Software Version Seasave V 7.26.7.107
* Temperature SN = 2060
* Conductivity SN = 1084
* Number of Bytes Per Scan = 31
* Number of Voltage Words = 4
* Number of Scans Averaged by the Deck Unit = 1
* NMEA Latitude = 58 10.30 N
* NMEA Longitude = 137 13.34 W
* NMEA UTC (Time) = Aug 19 2022  07:25:00
* NMEA baud rate = 4800
** Ship: R/V Rachel Carson
** Cruise ID: RC0083
** Tech: McHugh/Nomura
** Chief Scientist: Cross
** Station: SEM10
** Cast:  CTD048
# nquan = 21
# nvalues = 294                                   
# units = specified
# name 0 = latitude: Latitude [deg]
# name 1 = longitude: Longitude [deg]
# name 2 = sfdSM: Seafloor depth [salt water, m]
# name 3 = prDM: Pressure, Digiquartz [db]
# name 4 = depSM: Depth [salt water, m]
# name 5 = t090C: Temperature [ITS-90, deg C]
# name 6 = sal00: Salinity, Practical [PSU]
# name 7 = density00: Density [density, kg/m^3]
# name 8 = sigma-é00: Density [sigma-theta, kg/m^3]
# name 9 = potemp090C: Potential Temperature [ITS-90, deg C]
# name 10 = sbeox0PS: Oxygen, SBE 43 [% saturation]
# name 11 = CStarTr0: Beam Transmission, WET Labs C-Star [%]
# name 12 = flECO-AFL: Fluorescence, WET Labs ECO-AFL/FL [mg/m^3]
# name 13 = ph: pH
# name 14 = sbeox0ML/L: Oxygen, SBE 43 [ml/l]
# name 15 = sbeox0Mg/L: Oxygen, SBE 43 [mg/l]
# name 16 = sbox0Mm/Kg: Oxygen, SBE 43 [umol/kg]
# name 17 = sbeox0Mm/L: Oxygen, SBE 43 [umol/l]
# name 18 = scan: Scan Count
# name 19 = nbf: Bottles Fired
# name 20 = flag:  0.000e+00
# interval = seconds: 0.0416667
# start_time = Aug 19 2022 07:25:00 [NMEA time, header]
# bad_flag = -9.990e-29
*END*
[from data line 207]
   58.17248 -137.22366    110.302     11.779     11.669    14.5197    31.6723  1023.5620    23.5098    14.5180    102.441    95.2905     2.0508      8.297     6.0098     8.5886    262.233    268.398      12318          5  0.000e+00
   58.17248 -137.22366    110.302     11.779     11.669    14.5197    31.6728  1023.5624    23.5102    14.5180    102.444    95.2905     2.0508      8.297     6.0100     8.5889    262.240    268.406      12319          5  0.000e+00
   58.17248 -137.22366    110.270     11.747     11.637    14.5200    31.6733  1023.5626    23.5105    14.5183    102.447    95.2905     2.0508      8.297     6.0101     8.5890    262.245    268.411      12320          5  0.000e+00
   58.17248 -137.22366    110.238     11.715     11.605    14.5202    31.6728  1023.5620    23.5101    14.5185    102.449    95.2905     2.0508      8.297     6.0102     8.5892    262.251    268.417      12321          5  0.000e+00
   58.17248 -137.22366    110.182     11.658     11.549    14.5203    31.6729  1023.5618    23.5101    14.5187    102.452    95.2905     2.0508      8.297     6.0103     8.5894    262.256    268.421      12322          5  0.000e+00
   58.17248 -137.22366    110.182     11.658     11.549    14.5204    31.6730  1023.5619    23.5102    14.5187    102.454    95.2905     2.0508      8.297     6.0105     8.5896    262.262    268.428      12323          5  0.000e+00
   58.17248 -137.22366    110.150     11.626     11.517    14.5204    31.6724  1023.5613    23.5097    14.5187    102.456    95.2905     2.0508      8.297     6.0106     8.5898    262.268    268.434      12324          5  0.000e+00
   58.17248 -137.22366    110.118     11.593     11.485    14.5203    31.6727  1023.5614    23.5100    14.5187    102.458    95.2905     2.0508      8.297     6.0107     8.5899    262.272    268.438      12325          5  0.000e+00
   58.17248 -137.22366    110.062     11.537     11.429    14.5205    31.6723  1023.5608    23.5096    14.5189    102.459    95.2905     2.0508      8.297     6.0108     8.5900    262.275    268.441      12326          5  0.000e+00
   58.17248 -137.22366    110.086     11.561     11.453    14.5203    31.6727  1023.5612    23.5100    14.5187    102.461    95.2905     2.0508      8.297     6.0109     8.5902    262.280    268.446      12327          5  0.000e+00
   58.17248 -137.22366    110.062     11.537     11.429    14.5200    31.6725  1023.5610    23.5099    14.5184    102.462    95.2905     2.0508      8.297     6.0110     8.5903    262.285    268.452      12328          5  0.000e+00
   58.17248 -137.22366    110.006     11.480     11.373    14.5199    31.6722  1023.5606    23.5097    14.5182    102.463    95.2905     2.0508      8.297     6.0111     8.5904    262.288    268.454      12329          5  0.000e+00
   58.17248 -137.22366    110.006     11.480     11.373    14.5200    31.6725  1023.5608    23.5099    14.5183    102.458    95.2905     2.0508      8.297     6.0108     8.5900    262.276    268.442      12330          5  0.000e+00
   58.17248 -137.22366    109.974     11.448     11.341    14.5199    31.6719  1023.5602    23.5094    14.5183    102.459    95.2905     1.9335      8.297     6.0108     8.5901    262.278    268.444      12331          5  0.000e+00
   58.17248 -137.22366    109.942     11.416     11.309    14.5198    31.6717  1023.5599    23.5093    14.5182    102.459    95.2905     1.8749      8.297     6.0109     8.5901    262.279    268.445      12332          5  0.000e+00
   58.17248 -137.22366    109.886     11.359     11.253    14.5197    31.6714  1023.5595    23.5091    14.5181    102.458    95.2905     1.8749      8.297     6.0109     8.5901    262.279    268.445      12333          5  0.000e+00
   58.17248 -137.22366    109.854     11.327     11.221    14.5194    31.6716  1023.5595    23.5093    14.5178    102.458    95.2905     1.8749      8.297     6.0109     8.5901    262.279    268.445      12334          5  0.000e+00
   58.17248 -137.22366    109.227     11.359     11.253    14.5193    31.6720  1023.5600    23.5096    14.5177    102.458    95.2905     1.8749      8.297     6.0109     8.5901    262.279    268.445      12335          5  0.000e+00
   58.17248 -137.22366     88.186     11.295     11.189    14.5195    31.6718  1023.5595    23.5094    14.5179    102.457    95.2905     1.8749      8.297     6.0108     8.5900    262.275    268.441      12336          5  0.000e+00
   58.17248 -137.22366     75.121     11.295     11.189    14.5193    31.6717  1023.5595    23.5094    14.5177    102.456    95.2905     1.8749      8.297     6.0108     8.5900    262.275    268.441      12337          5  0.000e+00
   58.17248 -137.22366     73.217     11.270     11.165    14.5194    31.6712  1023.5590    23.5090    14.5178    102.455    95.2905     1.8749      8.297     6.0107     8.5899    262.272    268.438      12338          5  0.000e+00
   58.17248 -137.22366     74.113     11.238     11.133    14.5185    31.6716  1023.5593    23.5095    14.5169    102.453    95.2905     1.8749      8.297     6.0107     8.5899    262.273    268.439      12339          5  0.000e+00
   58.17248 -137.22366     74.569     11.181     11.077    14.5186    31.6710  1023.5586    23.5090    14.5170    102.446    95.2905     1.8749      8.297     6.0103     8.5893    262.254    268.420      12340          5  0.000e+00
   58.17248 -137.22366     74.643     11.181     11.077    14.5180    31.6713  1023.5590    23.5094    14.5164    102.497    95.2905     1.8749      8.297     6.0134     8.5937    262.388    268.556      12341          5  0.000e+00
   58.17248 -137.22366     74.562     11.149     11.045    14.5178    31.6713  1023.5589    23.5094    14.5162    102.500    95.2905     1.8749      8.297     6.0135     8.5939    262.396    268.564      12342          5  0.000e+00
   58.17248 -137.22366     74.530     11.117     11.013    14.5180    31.6713  1023.5587    23.5094    14.5165    102.502    95.2905     1.8749      8.297     6.0136     8.5941    262.400    268.569      12343          5  0.000e+00
   58.17248 -137.22366     74.505     11.117     11.013    14.5177    31.6716  1023.5590    23.5097    14.5161    102.504    95.2905     1.8749      8.297     6.0138     8.5943    262.407    268.576      12344          5  0.000e+00
   58.17248 -137.22366     74.473     11.085     10.981    14.5179    31.6715  1023.5587    23.5095    14.5163    102.505    95.2625     1.8749      8.297     6.0138     8.5944    262.409    268.578      12345          5  0.000e+00
   58.17248 -137.22366     74.474     11.060     10.957    14.5175    31.6716  1023.5587    23.5097    14.5160    102.506    95.2625     1.8749      8.297     6.0139     8.5945    262.413    268.583      12346          5  0.000e+00
   58.17248 -137.22366     74.449     11.060     10.957    14.5178    31.6711  1023.5583    23.5093    14.5162    102.507    95.2625     1.8749      8.297     6.0140     8.5946    262.415    268.584      12347          5  0.000e+00
   58.17248 -137.22366     53.497     11.060     10.957    14.5173    31.6716  1023.5588    23.5097    14.5158    102.508    95.2625     1.8749      8.297     6.0140     8.5947    262.418    268.587      12348          5  0.000e+00
   58.17248 -137.22366     20.271     10.971     10.869    14.5173    31.6715  1023.5583    23.5096    14.5158    102.507    95.2625     1.8749      8.297     6.0140     8.5946    262.415    268.584      12349          5  0.000e+00
   58.17248 -137.22366     11.023     11.004     10.901    14.5173    31.6713  1023.5583    23.5095    14.5157    102.507    95.2625     1.8749      8.297     6.0140     8.5946    262.416    268.585      12350          5  0.000e+00
   58.17248 -137.22366     11.829     11.004     10.901    14.5173    31.6717  1023.5586    23.5098    14.5158    102.506    95.2625     1.8456      8.297     6.0139     8.5945    262.412    268.581      12351          5  0.000e+00
   58.17248 -137.22366     13.140     10.971     10.869    14.5174    31.6715  1023.5583    23.5097    14.5158    102.504    95.2625     1.8163      8.297     6.0138     8.5943    262.408    268.577      12352          5  0.000e+00
   58.17248 -137.22366     13.475     10.939     10.837    14.5175    31.6711  1023.5578    23.5093    14.5160    102.502    95.2625     1.8163      8.297     6.0137     8.5942    262.403    268.571      12353          5  0.000e+00
   58.17248 -137.22366     13.490     11.004     10.901    14.5173    31.6713  1023.5583    23.5095    14.5158    102.506    95.2625     1.8163      8.297     6.0139     8.5945    262.413    268.583      12354          5  0.000e+00
   58.17248 -137.22366     13.353     10.939     10.837    14.5174    31.6714  1023.5581    23.5096    14.5158    102.508    95.2625     1.8163      8.297     6.0141     8.5947    262.419    268.588      12355          5  0.000e+00
   58.17254 -137.22376      5.261      3.732      3.698    14.5086    31.6669  1023.5243    23.5078    14.5081    102.308    95.1227     1.7577      8.302     6.0036     8.5797    261.962    268.120      13142          6  0.000e+00
   58.17254 -137.22376      5.453      3.926      3.890    14.5088    31.6667  1023.5250    23.5075    14.5082    102.310    95.1227     1.7870      8.302     6.0037     8.5798    261.966    268.124      13143          6  0.000e+00
   58.17254 -137.22376      5.317      3.789      3.754    14.5086    31.6671  1023.5247    23.5079    14.5080    102.308    95.1227     1.7870      8.302     6.0035     8.5797    261.960    268.118      13144          6  0.000e+00
   58.17254 -137.22376      5.373      3.846      3.810    14.5086    31.6671  1023.5250    23.5079    14.5080    102.308    95.1227     1.7870      8.302     6.0035     8.5797    261.960    268.118      13145          6  0.000e+00
   58.17254 -137.22376      5.301      3.749      3.714    14.5088    31.6670  1023.5244    23.5078    14.5082    102.359    95.1227     1.7870      8.302     6.0065     8.5839    262.090    268.251      13146          6  0.000e+00
   58.17254 -137.22376      5.341      3.789      3.754    14.5088    31.6668  1023.5244    23.5076    14.5082    102.311    95.1227     1.7870      8.302     6.0037     8.5799    261.967    268.125      13147          6  0.000e+00
   58.17254 -137.22376      5.365      3.813      3.778    14.5086    31.6671  1023.5248    23.5079    14.5080    102.310    95.1227     1.7577      8.302     6.0037     8.5799    261.966    268.124      13148          6  0.000e+00
   58.17254 -137.22376      5.341      3.789      3.754    14.5086    31.6672  1023.5247    23.5079    14.5080    102.309    95.1227     1.7577      8.302     6.0036     8.5798    261.963    268.121      13149          6  0.000e+00
   58.17254 -137.22376      5.179      3.749      3.714    14.5088    31.6670  1023.5244    23.5078    14.5082    102.308    95.1227     1.7870      8.302     6.0035     8.5796    261.959    268.117      13150          6  0.000e+00
   58.17254 -137.22376      5.090      3.732      3.698    14.5090    31.6667  1023.5240    23.5075    14.5084    102.307    95.1227     1.7870      8.302     6.0034     8.5795    261.956    268.114      13151          6  0.000e+00
   58.17254 -137.22376      5.121      3.789      3.754    14.5089    31.6668  1023.5244    23.5076    14.5084    102.307    95.1227     1.7870      8.302     6.0034     8.5795    261.955    268.113      13152          6  0.000e+00
   58.17254 -137.22376      5.081      3.749      3.714    14.5091    31.6670  1023.5243    23.5077    14.5086    102.305    95.1227     1.7870      8.302     6.0033     8.5794    261.951    268.108      13153          6  0.000e+00
   58.17254 -137.22376      5.090      3.732      3.698    14.5095    31.6671  1023.5243    23.5077    14.5089    102.304    95.1227     1.7870      8.302     6.0032     8.5792    261.946    268.103      13154          6  0.000e+00
   58.17254 -137.22376      5.130      3.749      3.714    14.5094    31.6671  1023.5244    23.5077    14.5089    102.303    95.1227     1.7577      8.302     6.0032     8.5791    261.944    268.102      13155          6  0.000e+00
   58.17254 -137.22376      5.074      3.668      3.634    14.5100    31.6668  1023.5236    23.5074    14.5095    102.302    95.1227     1.7577      8.302     6.0030     8.5789    261.937    268.094      13156          6  0.000e+00
   58.17254 -137.22376      5.098      3.692      3.658    14.5101    31.6664  1023.5234    23.5070    14.5096    102.301    95.1506     1.7870      8.302     6.0030     8.5789    261.936    268.093      13157          6  0.000e+00
   58.17254 -137.22376      5.018      3.611      3.578    14.5100    31.6664  1023.5230    23.5070    14.5095    102.299    95.1227     1.7577      8.302     6.0029     8.5787    261.932    268.089      13158          6  0.000e+00
   58.17254 -137.22376      4.994      3.635      3.602    14.5099    31.6668  1023.5235    23.5074    14.5094    102.299    95.1227     1.7870      8.302     6.0028     8.5787    261.930    268.087      13159          6  0.000e+00
   58.17256 -137.22380      4.896      3.611      3.578    14.5099    31.6667  1023.5233    23.5073    14.5094    102.297    95.1227     1.7870      8.302     6.0028     8.5786    261.927    268.084      13160          6  0.000e+00
   58.17256 -137.22380      4.752      3.490      3.458    14.5100    31.6665  1023.5226    23.5071    14.5095    102.295    95.1227     1.7577      8.302     6.0026     8.5784    261.921    268.078      13161          6  0.000e+00
   58.17256 -137.22380      4.776      3.514      3.482    14.5103    31.6663  1023.5225    23.5069    14.5098    102.294    95.1227     1.8163      8.302     6.0026     8.5783    261.918    268.075      13162          6  0.000e+00
   58.17256 -137.22380      4.752      3.490      3.458    14.5107    31.6659  1023.5220    23.5065    14.5102    102.293    95.1227     1.8749      8.302     6.0025     8.5781    261.914    268.071      13163          6  0.000e+00
   58.17256 -137.22380      4.607      3.393      3.362    14.5104    31.6667  1023.5222    23.5072    14.5099    102.291    95.1227     1.8749      8.302     6.0024     8.5780    261.908    268.065      13164          6  0.000e+00
   58.17256 -137.22380      4.510      3.369      3.338    14.5104    31.6665  1023.5220    23.5070    14.5099    102.290    95.1506     1.8749      8.302     6.0023     8.5779    261.906    268.062      13165          6  0.000e+00
   58.17256 -137.22380      4.453      3.337      3.306    14.5108    31.6667  1023.5219    23.5071    14.5103    102.289    95.1227     1.8749      8.302     6.0022     8.5777    261.900    268.057      13166          6  0.000e+00
   58.17256 -137.22380      4.429      3.312      3.282    14.5108    31.6665  1023.5216    23.5069    14.5103    102.288    95.1506     1.8749      8.302     6.0021     8.5776    261.898    268.054      13167          6  0.000e+00
   58.17256 -137.22380      4.454      3.312      3.282    14.5112    31.6664  1023.5215    23.5068    14.5107    102.287    95.1227     1.8749      8.302     6.0020     8.5775    261.894    268.050      13168          6  0.000e+00
   58.17256 -137.22380      4.318      3.151      3.122    14.5111    31.6667  1023.5210    23.5070    14.5107    102.284    95.1227     1.8749      8.302     6.0018     8.5772    261.886    268.042      13169          6  0.000e+00
   58.17256 -137.22380      4.358      3.191      3.162    14.5110    31.6666  1023.5211    23.5070    14.5105    102.283    95.1227     1.8749      8.302     6.0018     8.5772    261.886    268.042      13170          6  0.000e+00
   58.17256 -137.22380      4.287      3.094      3.066    14.5109    31.6666  1023.5207    23.5070    14.5105    102.281    95.1227     1.8749      8.302     6.0017     8.5771    261.881    268.037      13171          6  0.000e+00
