EcoFOCI/data/1_SampleCollection/2022_GOA-OA_CruiseData/CTD_raw_BottleFile_RC0083/RC0083_051.ros
* Sea-Bird SBE 9 Data File:
* FileName = C:\Data\RC0083ctd\RC0083_051.hex
* Software Version Seasave V 7.26.7.107
* Temperature SN = 2060
* Conductivity SN = 1084
* Number of Bytes Per Scan = 31
* Number of Voltage Words = 4
* Number of Scans Averaged by the Deck Unit = 1
* NMEA Latitude = 58 14.99 N
* NMEA Longitude = 136 56.67 W
* NMEA UTC (Time) = Aug 19 2022  09:41:15
* NMEA baud rate = 4800
** Ship: R/V Rachel Carson
** Cruise ID: RC0083
** Tech: McHugh/Nomura
** Chief Scientist: Cross
** Station: SEM0
** Cast:  CTD051
# nquan = 21
# nvalues = 343                                   
# units = specified
# name 0 = latitude: Latitude [deg]
# name 1 = longitude: Longitude [deg]
# name 2 = sfdSM: Seafloor depth [salt water, m]
# name 3 = prDM: Pressure, Digiquartz [db]
# name 4 = depSM: Depth [salt water, m]
# name 5 = t090C: Temperature [ITS-90, deg C]
# name 6 = sal00: Salinity, Practical [PSU]
# name 7 = density00: Density [density, kg/m^3]
# name 8 = sigma-é00: Density [sigma-theta, kg/m^3]
# name 9 = potemp090C: Potential Temperature [ITS-90, deg C]
# name 10 = sbeox0PS: Oxygen, SBE 43 [% saturation]
# name 11 = CStarTr0: Beam Transmission, WET Labs C-Star [%]
# name 12 = flECO-AFL: Fluorescence, WET Labs ECO-AFL/FL [mg/m^3]
# name 13 = ph: pH
# name 14 = sbeox0ML/L: Oxygen, SBE 43 [ml/l]
# name 15 = sbeox0Mg/L: Oxygen, SBE 43 [mg/l]
# name 16 = sbox0Mm/Kg: Oxygen, SBE 43 [umol/kg]
# name 17 = sbeox0Mm/L: Oxygen, SBE 43 [umol/l]
# name 18 = scan: Scan Count
# name 19 = nbf: Bottles Fired
# name 20 = flag:  0.000e+00
# interval = seconds: 0.0416667
# start_time = Aug 19 2022 09:41:15 [NMEA time, header]
# bad_flag = -9.990e-29
*END*
   58.25064 -136.94278    150.139    141.835    140.469     6.4455    32.8578  1026.4578    25.8058     6.4333     56.899    99.4299    -0.0591      7.868     3.9461     5.6394    171.799    176.232       6881          1  0.000e+00
   58.25064 -136.94278    150.139    141.835    140.469     6.4456    32.8580  1026.4579    25.8059     6.4335     56.902    99.4299    -0.0591      7.873     3.9463     5.6396    171.807    176.241       6882          1  0.000e+00
   58.25064 -136.94278    150.083    141.778    140.413     6.4456    32.8583  1026.4579    25.8062     6.4335     56.905    99.4299    -0.0591      7.873     3.9464     5.6399    171.814    176.248       6883          1  0.000e+00
   58.25064 -136.94278    150.139    141.835    140.469     6.4456    32.8575  1026.4575    25.8056     6.4335     56.908    99.4299    -0.0591      7.873     3.9467     5.6402    171.825    176.259       6884          1  0.000e+00
   58.25064 -136.94278    150.010    141.778    140.413     6.4452    32.8579  1026.4576    25.8059     6.4330     56.911    99.4579    -0.0591      7.873     3.9469     5.6405    171.834    176.269       6885          1  0.000e+00
   58.25064 -136.94278    149.986    141.778    140.413     6.4445    32.8584  1026.4581    25.8064     6.4324     56.914    99.4579    -0.0591      7.873     3.9472     5.6409    171.846    176.280       6886          1  0.000e+00
   58.25064 -136.94278    149.986    141.778    140.413     6.4443    32.8579  1026.4577    25.8060     6.4322     56.917    99.4579    -0.0591      7.873     3.9474     5.6412    171.856    176.291       6887          1  0.000e+00
   58.25064 -136.94278    149.929    141.721    140.357     6.4440    32.8586  1026.4581    25.8066     6.4319     56.919    99.4579    -0.0591      7.873     3.9476     5.6415    171.864    176.299       6888          1  0.000e+00
   58.25064 -136.94278    149.929    141.721    140.357     6.4442    32.8583  1026.4578    25.8064     6.4320     56.922    99.4579    -0.0591      7.873     3.9478     5.6418    171.873    176.308       6889          1  0.000e+00
   58.25064 -136.94278    149.897    141.713    140.349     6.4440    32.8585  1026.4579    25.8065     6.4319     56.925    99.4579    -0.0591      7.873     3.9480     5.6421    171.882    176.317       6890          1  0.000e+00
   58.25064 -136.94278    149.816    141.656    140.293     6.4443    32.8583  1026.4575    25.8063     6.4322     56.919    99.4858    -0.0591      7.873     3.9476     5.6415    171.864    176.299       6891          1  0.000e+00
   58.25064 -136.94278    149.816    141.656    140.293     6.4445    32.8579  1026.4571    25.8060     6.4324     56.922    99.4579    -0.0591      7.873     3.9478     5.6417    171.871    176.307       6892          1  0.000e+00
   58.25064 -136.94278    149.816    141.656    140.293     6.4442    32.8586  1026.4577    25.8066     6.4320     56.925    99.4579    -0.0591      7.873     3.9479     5.6420    171.880    176.315       6893          1  0.000e+00
   58.25064 -136.94278    149.760    141.600    140.237     6.4443    32.8586  1026.4575    25.8066     6.4322     56.927    99.4579    -0.0591      7.873     3.9481     5.6422    171.886    176.322       6894          1  0.000e+00
   58.25064 -136.94278    149.760    141.600    140.237     6.4445    32.8582  1026.4571    25.8062     6.4324     56.929    99.4579    -0.0591      7.873     3.9483     5.6425    171.893    176.329       6895          1  0.000e+00
   58.25064 -136.94278    149.696    141.535    140.172     6.4445    32.8580  1026.4566    25.8060     6.4324     56.932    99.4579    -0.0591      7.873     3.9484     5.6427    171.900    176.336       6896          1  0.000e+00
   58.25064 -136.94278    149.696    141.535    140.172     6.4445    32.8581  1026.4568    25.8062     6.4324     56.926    99.4858    -0.0591      7.873     3.9480     5.6421    171.883    176.319       6897          1  0.000e+00
   58.25064 -136.94278    149.760    141.600    140.237     6.4443    32.8586  1026.4574    25.8066     6.4322     56.864    99.4579    -0.0591      7.873     3.9437     5.6360    171.695    176.126       6898          1  0.000e+00
   58.25064 -136.94278    149.640    141.478    140.116     6.4448    32.8577  1026.4561    25.8058     6.4327     56.906    99.4858    -0.0591      7.873     3.9466     5.6401    171.822    176.256       6899          1  0.000e+00
   58.25064 -136.94278    149.640    141.478    140.116     6.4445    32.8581  1026.4565    25.8062     6.4324     56.900    99.4579    -0.0591      7.873     3.9462     5.6395    171.804    176.237       6900          1  0.000e+00
   58.25064 -136.94278    149.584    141.422    140.060     6.4443    32.8582  1026.4564    25.8063     6.4322     56.901    99.4579    -0.0591      7.868     3.9463     5.6397    171.808    176.242       6901          1  0.000e+00
   58.25064 -136.94280    149.640    141.478    140.116     6.4447    32.8578  1026.4562    25.8059     6.4326     56.895    99.4579    -0.0591      7.873     3.9459     5.6390    171.789    176.222       6902          1  0.000e+00
   58.25064 -136.94280    149.584    141.422    140.060     6.4447    32.8576  1026.4558    25.8057     6.4326     56.896    99.4579    -0.0591      7.873     3.9459     5.6391    171.792    176.225       6903          1  0.000e+00
   58.25064 -136.94280    149.608    141.422    140.060     6.4445    32.8579  1026.4560    25.8060     6.4324     56.897    99.4579    -0.0591      7.873     3.9460     5.6393    171.796    176.229       6904          1  0.000e+00
   58.25064 -136.94280    149.544    141.357    139.996     6.4447    32.8581  1026.4559    25.8061     6.4326     56.898    99.4858    -0.0591      7.873     3.9461     5.6393    171.798    176.231       6905          1  0.000e+00
   58.25064 -136.94280    149.544    141.357    139.996     6.4452    32.8580  1026.4558    25.8060     6.4331     56.899    99.5418    -0.0591      7.873     3.9461     5.6394    171.799    176.233       6906          1  0.000e+00
   58.25064 -136.94280    149.544    141.357    139.996     6.4453    32.8580  1026.4558    25.8060     6.4332     56.892    99.5697    -0.0591      7.868     3.9456     5.6387    171.778    176.211       6907          1  0.000e+00
   58.25064 -136.94280    149.488    141.300    139.940     6.4456    32.8580  1026.4555    25.8060     6.4335     56.893    99.5697    -0.0591      7.873     3.9456     5.6387    171.778    176.211       6908          1  0.000e+00
   58.25064 -136.94280    149.513    141.300    139.940     6.4452    32.8581  1026.4556    25.8061     6.4331     56.894    99.5697    -0.0591      7.873     3.9457     5.6388    171.783    176.216       6909          1  0.000e+00
   58.25064 -136.94280    149.473    141.235    139.876     6.4455    32.8581  1026.4553    25.8061     6.4334     56.894    99.5418    -0.0591      7.873     3.9457     5.6389    171.783    176.217       6910          1  0.000e+00
   58.25064 -136.94280    149.593    141.357    139.996     6.4456    32.8581  1026.4558    25.8060     6.4335     56.896    99.5418    -0.0591      7.873     3.9459     5.6390    171.789    176.222       6911          1  0.000e+00
   58.25064 -136.94280    149.417    141.179    139.820     6.4456    32.8582  1026.4550    25.8061     6.4335     56.896    99.5697    -0.0591      7.873     3.9458     5.6390    171.788    176.221       6912          1  0.000e+00
   58.25064 -136.94280    149.473    141.235    139.876     6.4456    32.8583  1026.4554    25.8062     6.4335     56.897    99.5697    -0.0591      7.873     3.9459     5.6391    171.791    176.225       6913          1  0.000e+00
   58.25064 -136.94280    149.497    141.235    139.876     6.4460    32.8580  1026.4551    25.8059     6.4339     56.898    99.5697    -0.0591      7.873     3.9460     5.6392    171.793    176.227       6914          1  0.000e+00
   58.25064 -136.94280    149.522    141.235    139.876     6.4460    32.8583  1026.4553    25.8061     6.4339     56.899    99.5697    -0.0591      7.873     3.9460     5.6393    171.796    176.229       6915          1  0.000e+00
   58.25064 -136.94280    149.466    141.179    139.820     6.4461    32.8580  1026.4548    25.8059     6.4340     56.900    99.5697    -0.0591      7.873     3.9461     5.6393    171.797    176.231       6916          1  0.000e+00
   58.25064 -136.94280    149.522    141.235    139.876     6.4460    32.8581  1026.4552    25.8059     6.4339     56.901    99.5697    -0.0591      7.873     3.9462     5.6395    171.802    176.236       6917          1  0.000e+00
   58.25064 -136.94280    149.466    141.179    139.820     6.4460    32.8587  1026.4554    25.8065     6.4339     56.902    99.5697    -0.0591      7.873     3.9462     5.6395    171.803    176.237       6918          1  0.000e+00
   58.25064 -136.94280    149.490    141.179    139.820     6.4461    32.8584  1026.4551    25.8062     6.4340     56.903    99.5418    -0.0591      7.873     3.9462     5.6396    171.806    176.239       6919          1  0.000e+00
   58.25064 -136.94280    149.571    141.235    139.876     6.4463    32.8577  1026.4548    25.8056     6.4342     56.904    99.5418    -0.0591      7.873     3.9463     5.6397    171.810    176.244       6920          1  0.000e+00
   58.25064 -136.94280    149.458    141.122    139.764     6.4461    32.8579  1026.4545    25.8058     6.4340     56.904    99.5697    -0.0591      7.868     3.9464     5.6398    171.811    176.245       6921          1  0.000e+00
   58.25064 -136.94280    149.571    141.235    139.876     6.4463    32.8579  1026.4550    25.8058     6.4342     56.906    99.5697    -0.0591      7.873     3.9465     5.6399    171.816    176.250       6922          1  0.000e+00
   58.25064 -136.94280    149.514    141.179    139.820     6.4461    32.8582  1026.4550    25.8060     6.4340     56.906    99.5697    -0.0591      7.873     3.9465     5.6400    171.818    176.252       6923          1  0.000e+00
   58.25064 -136.94280    149.539    141.179    139.820     6.4461    32.8582  1026.4550    25.8061     6.4340     56.899    99.5697    -0.0591      7.873     3.9460     5.6393    171.796    176.229       6924          1  0.000e+00
   58.25064 -136.94280    149.563    141.179    139.820     6.4463    32.8577  1026.4546    25.8056     6.4342     56.892    99.5418    -0.0591      7.873     3.9455     5.6385    171.773    176.206       6925          1  0.000e+00
   58.25064 -136.94278    149.563    141.179    139.820     6.4461    32.8579  1026.4547    25.8058     6.4340     56.892    99.5697    -0.0591      7.873     3.9455     5.6386    171.775    176.208       6926          1  0.000e+00
   58.25064 -136.94278    149.563    141.179    139.820     6.4461    32.8580  1026.4548    25.8058     6.4340     56.892    99.5418    -0.0591      7.873     3.9456     5.6386    171.776    176.209       6927          1  0.000e+00
   58.25064 -136.94278    149.619    141.235    139.876     6.4461    32.8577  1026.4549    25.8057     6.4340     56.893    99.5697    -0.0591      7.873     3.9456     5.6387    171.778    176.211       6928          1  0.000e+00
   58.25064 -136.94278    149.588    141.179    139.820     6.4463    32.8575  1026.4544    25.8055     6.4342     56.893    99.5697    -0.0591      7.868     3.9456     5.6387    171.778    176.210       6929          1  0.000e+00
   58.25064 -136.94274    148.963    139.980    138.633     6.4465    32.8556  1026.4474    25.8039     6.4345     56.918    99.7935    -0.0591      7.873     3.9473     5.6411    171.853    176.288       7103          2  0.000e+00
   58.25064 -136.94274    148.907    139.923    138.577     6.4465    32.8556  1026.4471    25.8039     6.4345     56.914    99.7655    -0.0591      7.873     3.9471     5.6408    171.843    176.277       7104          2  0.000e+00
   58.25064 -136.94274    148.842    139.859    138.513     6.4466    32.8560  1026.4471    25.8042     6.4346     56.911    99.7655    -0.0591      7.868     3.9469     5.6405    171.833    176.267       7105          2  0.000e+00
   58.25064 -136.94274    148.877    139.745    138.401     6.4465    32.8561  1026.4467    25.8043     6.4345     56.900    99.7655    -0.0591      7.873     3.9461     5.6394    171.799    176.232       7106          2  0.000e+00
   58.25064 -136.94274    148.926    139.745    138.401     6.4466    32.8561  1026.4467    25.8043     6.4346     56.946    99.7655    -0.0591      7.873     3.9493     5.6439    171.939    176.376       7107          2  0.000e+00
   58.25064 -136.94274    148.886    139.681    138.337     6.4466    32.8559  1026.4462    25.8042     6.4347     56.886    99.7655    -0.0591      7.873     3.9451     5.6380    171.757    176.189       7108          2  0.000e+00
   58.25064 -136.94274    148.741    139.559    138.216     6.4468    32.8556  1026.4454    25.8039     6.4348     56.874    99.7655    -0.0591      7.873     3.9443     5.6368    171.721    176.153       7109          2  0.000e+00
   58.25064 -136.94274    148.790    139.559    138.216     6.4469    32.8554  1026.4452    25.8037     6.4349     56.872    99.7655    -0.0591      7.873     3.9441     5.6365    171.713    176.144       7110          2  0.000e+00
   58.25064 -136.94274    148.856    139.503    138.160     6.4474    32.8547  1026.4444    25.8031     6.4355     56.869    99.7655    -0.0591      7.873     3.9439     5.6362    171.704    176.134       7111          2  0.000e+00
   58.25064 -136.94274    148.905    139.503    138.160     6.4477    32.8544  1026.4440    25.8028     6.4357     56.924    99.7655    -0.0591      7.868     3.9477     5.6416    171.869    176.303       7112          2  0.000e+00
   58.25064 -136.94274    148.785    139.381    138.040     6.4479    32.8538  1026.4430    25.8023     6.4360     56.872    99.7655    -0.0591      7.873     3.9441     5.6365    171.712    176.142       7113          2  0.000e+00
   58.25064 -136.94274    148.785    139.381    138.040     6.4483    32.8532  1026.4425    25.8018     6.4364     56.870    99.7655    -0.0591      7.873     3.9439     5.6363    171.706    176.136       7114          2  0.000e+00
   58.25064 -136.94274    148.682    139.203    137.864     6.4483    32.8531  1026.4416    25.8017     6.4364     56.924    99.7655    -0.0591      7.873     3.9477     5.6417    171.870    176.304       7115          2  0.000e+00
   58.25064 -136.94274    148.828    139.203    137.864     6.4487    32.8529  1026.4414    25.8015     6.4368     56.931    99.7655    -0.0591      7.873     3.9481     5.6423    171.888    176.323       7116          2  0.000e+00
   58.25064 -136.94274    148.821    139.146    137.808     6.4483    32.8534  1026.4415    25.8019     6.4364     56.937    99.7655    -0.0591      7.873     3.9486     5.6429    171.908    176.343       7117          2  0.000e+00
   58.25066 -136.94274    148.797    139.146    137.808     6.4480    32.8539  1026.4419    25.8023     6.4361     56.944    99.7655    -0.0591      7.873     3.9490     5.6436    171.928    176.364       7118          2  0.000e+00
   58.25066 -136.94274    148.612    138.960    137.623     6.4483    32.8535  1026.4408    25.8020     6.4364     56.884    99.7655    -0.0591      7.873     3.9449     5.6376    171.746    176.178       7119          2  0.000e+00
   58.25066 -136.94274    148.774    139.025    137.687     6.4483    32.8534  1026.4410    25.8020     6.4364     56.940    99.7655    -0.0591      7.868     3.9488     5.6432    171.916    176.352       7120          2  0.000e+00
   58.25066 -136.94274    148.776    138.904    137.567     6.4487    32.8529  1026.4400    25.8015     6.4368     56.880    99.7655    -0.0591      7.873     3.9446     5.6372    171.735    176.166       7121          2  0.000e+00
