EcoFOCI/data/1_SampleCollection/2022_GOA-OA_CruiseData/CTD_raw_BottleFile_RC0083/RC0083_111.cnv
* Sea-Bird SBE 9 Data File:
* FileName = C:\Data\RC0083ctd\RC0083_111.hex
* Software Version Seasave V 7.26.7.107
* Temperature SN = 2060
* Conductivity SN = 2881
* Number of Bytes Per Scan = 31
* Number of Voltage Words = 4
* Number of Scans Averaged by the Deck Unit = 1
* NMEA Latitude = 56 20.56 N
* NMEA Longitude = 133 42.66 W
* NMEA UTC (Time) = Aug 23 2022  09:44:35
* NMEA baud rate = 4800
** Ship: R/V Rachel Carson
** Cruise ID: RC0083
** Tech: McHugh/Nomura
** Chief Scientist: Cross
** Station: USS2
** Cast:  CTD111
# nquan = 19
# nvalues = 13376                                 
# units = specified
# name 0 = latitude: Latitude [deg]
# name 1 = longitude: Longitude [deg]
# name 2 = sfdSM: Seafloor depth [salt water, m]
# name 3 = prDM: Pressure, Digiquartz [db]
# name 4 = depSM: Depth [salt water, m]
# name 5 = t090C: Temperature [ITS-90, deg C]
# name 6 = sal00: Salinity, Practical [PSU]
# name 7 = density00: Density [density, kg/m^3]
# name 8 = sigma-é00: Density [sigma-theta, kg/m^3]
# name 9 = potemp090C: Potential Temperature [ITS-90, deg C]
# name 10 = sbeox0PS: Oxygen, SBE 43 [% saturation]
# name 11 = CStarTr0: Beam Transmission, WET Labs C-Star [%]
# name 12 = flECO-AFL: Fluorescence, WET Labs ECO-AFL/FL [mg/m^3]
# name 13 = ph: pH
# name 14 = sbeox0ML/L: Oxygen, SBE 43 [ml/l]
# name 15 = sbeox0Mg/L: Oxygen, SBE 43 [mg/l]
# name 16 = sbox0Mm/Kg: Oxygen, SBE 43 [umol/kg]
# name 17 = sbeox0Mm/L: Oxygen, SBE 43 [umol/l]
# name 18 = flag:  0.000e+00
# span 0 =   56.34004,   56.34266                 
# span 1 = -133.71654, -133.71096                 
# span 2 =      2.100,    223.329                 
# span 3 =      1.739,    187.817                 
# span 4 =      1.724,    186.018                 
# span 5 =     6.8514,     9.4232                 
# span 6 =    29.7833,    32.8361                 
# span 7 =  1022.9806,  1026.5952                 
# span 8 =    22.9723,    25.7365                 
# span 9 =     6.8348,     9.4230                 
# span 10 =     40.821,     73.475                
# span 11 =    83.7673,   100.0732                
# span 12 =    -0.0005,     8.4390                
# span 13 =      7.794,      8.088                
# span 14 =     2.8037,     4.8708                
# span 15 =     4.0067,     6.9608                
# span 16 =    122.073,    212.598                
# span 17 =    125.211,    217.528                
# span 18 = 0.0000e+00, 0.0000e+00                
# interval = seconds: 0.0416667
# start_time = Aug 23 2022 09:44:35 [NMEA time, header]
# bad_flag = -9.990e-29
*END*
[from data line 7467]
   56.34104 -133.71458    192.424    179.784    178.065     6.8831    32.8021  1026.5296    25.7054     6.8670     41.002    99.3740     0.0288      7.794     2.8159     4.0242    122.608    125.760  0.000e+00
   56.34104 -133.71458    192.424    179.784    178.065     6.8836    32.8014  1026.5290    25.7048     6.8675     41.002    99.3740     0.0288      7.799     2.8159     4.0243    122.609    125.760  0.000e+00
   56.34104 -133.71458    192.488    179.849    178.129     6.8836    32.8015  1026.5294    25.7049     6.8675     41.003    99.3740     0.0288      7.799     2.8160     4.0244    122.611    125.763  0.000e+00
   56.34102 -133.71458    192.539    179.727    178.009     6.8843    32.8009  1026.5283    25.7043     6.8683     41.003    99.3740     0.0288      7.794     2.8160     4.0243    122.609    125.761  0.000e+00
   56.34102 -133.71458    192.604    179.695    177.977     6.8860    32.7992  1026.5265    25.7027     6.8700     41.003    99.3740     0.0288      7.794     2.8159     4.0242    122.607    125.758  0.000e+00
   56.34102 -133.71458    192.580    179.670    177.953     6.8863    32.7988  1026.5261    25.7024     6.8702     41.003    99.3740     0.0288      7.794     2.8159     4.0242    122.607    125.759  0.000e+00
   56.34102 -133.71458    192.637    179.727    178.009     6.8865    32.7985  1026.5261    25.7022     6.8704     41.004    99.3740     0.0288      7.799     2.8160     4.0243    122.610    125.761  0.000e+00
   56.34102 -133.71458    192.580    179.670    177.953     6.8866    32.7984  1026.5257    25.7021     6.8706     41.005    99.3460     0.0288      7.794     2.8160     4.0243    122.610    125.761  0.000e+00
   56.34102 -133.71458    192.516    179.606    177.889     6.8873    32.7976  1026.5248    25.7014     6.8712     40.947    99.3740     0.0288      7.799     2.8120     4.0186    122.436    125.583  0.000e+00
   56.34102 -133.71458    192.485    179.549    177.833     6.8874    32.7977  1026.5245    25.7014     6.8714     40.941    99.3740     0.0288      7.794     2.8115     4.0180    122.417    125.564  0.000e+00
   56.34102 -133.71458    192.516    179.606    177.889     6.8880    32.7971  1026.5242    25.7008     6.8720     40.993    99.3740     0.0288      7.794     2.8151     4.0231    122.573    125.724  0.000e+00
   56.34102 -133.71458    192.460    179.549    177.833     6.8890    32.7960  1026.5229    25.6998     6.8730     40.994    99.3740     0.0288      7.799     2.8151     4.0231    122.574    125.724  0.000e+00
   56.34102 -133.71458    192.509    179.549    177.833     6.8890    32.7956  1026.5227    25.6995     6.8730     40.995    99.3740     0.0288      7.799     2.8152     4.0232    122.577    125.727  0.000e+00
   56.34102 -133.71458    192.518    179.484    177.768     6.8895    32.7955  1026.5222    25.6994     6.8735     40.996    99.3740     0.0288      7.794     2.8152     4.0233    122.578    125.728  0.000e+00
   56.34102 -133.71458    192.518    179.460    177.744     6.8906    32.7943  1026.5210    25.6982     6.8746     40.997    99.3740     0.0288      7.799     2.8152     4.0233    122.579    125.729  0.000e+00
   56.34102 -133.71458    192.486    179.427    177.712     6.8924    32.7922  1026.5189    25.6964     6.8764     40.997    99.4579     0.0288      7.794     2.8152     4.0232    122.578    125.728  0.000e+00
   56.34102 -133.71458    192.486    179.427    177.712     6.8926    32.7921  1026.5188    25.6963     6.8766     40.999    99.5138     0.0288      7.799     2.8153     4.0233    122.581    125.731  0.000e+00
   56.34102 -133.71458    192.504    179.371    177.656     6.8930    32.7918  1026.5183    25.6960     6.8770     40.999    99.5418     0.0288      7.794     2.8153     4.0234    122.582    125.732  0.000e+00
   56.34102 -133.71458    192.577    179.371    177.656     6.8935    32.7911  1026.5177    25.6954     6.8775     41.000    99.5138     0.0288      7.799     2.8154     4.0234    122.585    125.734  0.000e+00
   56.34102 -133.71458    192.601    179.371    177.656     6.8948    32.7900  1026.5167    25.6944     6.8788     40.936    99.5418     0.0288      7.799     2.8109     4.0171    122.391    125.536  0.000e+00
   56.34102 -133.71458    192.537    179.306    177.592     6.8958    32.7887  1026.5152    25.6932     6.8798     40.924    99.5138     0.0288      7.799     2.8100     4.0158    122.351    125.494  0.000e+00
   56.34102 -133.71458    192.481    179.249    177.536     6.8970    32.7877  1026.5140    25.6923     6.8810     40.911    99.5138     0.0288      7.799     2.8091     4.0144    122.310    125.452  0.000e+00
   56.34102 -133.71458    192.530    179.249    177.536     6.8982    32.7864  1026.5127    25.6910     6.8822     40.963    99.5418     0.0288      7.794     2.8126     4.0195    122.464    125.610  0.000e+00
   56.34102 -133.71458    192.554    179.249    177.536     6.8990    32.7858  1026.5122    25.6904     6.8830     40.964    99.5418     0.0288      7.794     2.8126     4.0195    122.465    125.611  0.000e+00
   56.34102 -133.71458    192.547    179.217    177.504     6.9006    32.7839  1026.5103    25.6887     6.8846     40.965    99.5418     0.0288      7.799     2.8126     4.0195    122.465    125.611  0.000e+00
   56.34102 -133.71458    192.458    179.128    177.416     6.9012    32.7830  1026.5091    25.6880     6.8852     41.030    99.5138     0.0288      7.799     2.8171     4.0259    122.660    125.811  0.000e+00
   56.34102 -133.71458    192.458    179.128    177.416     6.9013    32.7830  1026.5091    25.6879     6.8853     41.045    99.5418     0.0288      7.794     2.8181     4.0273    122.703    125.855  0.000e+00
   56.34102 -133.71460    192.532    179.128    177.416     6.9010    32.7836  1026.5096    25.6884     6.8850     40.995    99.5418     0.0288      7.799     2.8146     4.0224    122.553    125.702  0.000e+00
   56.34102 -133.71460    192.524    179.071    177.360     6.9002    32.7846  1026.5102    25.6893     6.8842     40.996    99.5418     0.0288      7.799     2.8147     4.0225    122.558    125.706  0.000e+00
   56.34102 -133.71460    192.524    179.071    177.360     6.8989    32.7860  1026.5115    25.6906     6.8829     40.997    99.5138     0.0288      7.799     2.8149     4.0227    122.564    125.712  0.000e+00
   56.34102 -133.71460    192.460    179.006    177.295     6.8981    32.7871  1026.5122    25.6916     6.8821     40.998    99.5138     0.0288      7.794     2.8150     4.0229    122.567    125.716  0.000e+00
   56.34102 -133.71460    192.453    178.950    177.239     6.8975    32.7876  1026.5124    25.6921     6.8815     40.999    99.5418     0.0288      7.799     2.8151     4.0230    122.571    125.721  0.000e+00
   56.34102 -133.71460    192.624    178.950    177.239     6.8978    32.7872  1026.5121    25.6917     6.8818     41.000    99.5138     0.0288      7.799     2.8151     4.0231    122.574    125.723  0.000e+00
   56.34102 -133.71460    192.697    178.950    177.239     6.8981    32.7868  1026.5118    25.6914     6.8821     41.001    99.5418     0.0288      7.799     2.8152     4.0232    122.577    125.726  0.000e+00
   56.34102 -133.71460    192.577    178.828    177.119     6.8979    32.7871  1026.5114    25.6916     6.8819     41.001    99.5418     0.0288      7.794     2.8152     4.0232    122.579    125.728  0.000e+00
   56.34102 -133.71460    192.609    178.861    177.151     6.8972    32.7878  1026.5122    25.6922     6.8813     41.003    99.5977     0.0288      7.799     2.8153     4.0234    122.584    125.733  0.000e+00
   56.34102 -133.71460    192.521    178.772    177.063     6.8971    32.7879  1026.5119    25.6923     6.8811     41.003    99.7096     0.0288      7.799     2.8154     4.0235    122.586    125.736  0.000e+00
   56.34102 -133.71460    192.601    178.828    177.119     6.8968    32.7884  1026.5126    25.6928     6.8808     41.005    99.7376     0.0288      7.794     2.8155     4.0236    122.591    125.740  0.000e+00
   56.34102 -133.71460    192.481    178.707    176.999     6.8957    32.7897  1026.5132    25.6939     6.8797     41.005    99.7376     0.0288      7.799     2.8156     4.0238    122.595    125.744  0.000e+00
   56.34102 -133.71460    192.481    178.707    176.999     6.8945    32.7908  1026.5142    25.6950     6.8785     41.006    99.7376     0.0288      7.794     2.8157     4.0240    122.601    125.751  0.000e+00
   56.34102 -133.71460    192.481    178.707    176.999     6.8939    32.7911  1026.5146    25.6953     6.8779     41.066    99.7376     0.0288      7.799     2.8198     4.0298    122.779    125.933  0.000e+00
   56.34102 -133.71460    192.449    178.650    176.943     6.8935    32.7914  1026.5146    25.6956     6.8776     41.008    99.7376     0.0288      7.799     2.8159     4.0242    122.607    125.757  0.000e+00
   56.34102 -133.71460    192.378    178.529    176.822     6.8937    32.7914  1026.5140    25.6956     6.8778     41.008    99.7376     0.0288      7.799     2.8159     4.0242    122.606    125.756  0.000e+00
   56.34102 -133.71460    192.258    178.407    176.702     6.8940    32.7913  1026.5133    25.6954     6.8781     41.008    99.7376     0.0288      7.799     2.8158     4.0241    122.605    125.755  0.000e+00
   56.34102 -133.71460    192.378    178.529    176.822     6.8947    32.7902  1026.5129    25.6945     6.8787     41.009    99.7376     0.0288      7.799     2.8159     4.0242    122.608    125.758  0.000e+00
   56.34102 -133.71460    192.322    178.472    176.766     6.8957    32.7893  1026.5118    25.6937     6.8797     41.009    99.7376     0.0288      7.799     2.8159     4.0241    122.606    125.756  0.000e+00
   56.34102 -133.71460    192.476    178.529    176.822     6.8957    32.7893  1026.5121    25.6937     6.8797     41.010    99.7376     0.0288      7.794     2.8159     4.0242    122.609    125.759  0.000e+00
   56.34102 -133.71460    192.316    178.318    176.614     6.8956    32.7895  1026.5113    25.6938     6.8797     41.009    99.7096     0.0288      7.799     2.8159     4.0242    122.607    125.757  0.000e+00
   56.34102 -133.71460    192.549    178.529    176.822     6.8950    32.7900  1026.5128    25.6943     6.8791     41.011    99.7376     0.0288      7.799     2.8160     4.0244    122.613    125.764  0.000e+00
   56.34102 -133.71460    192.308    178.286    176.582     6.8945    32.7905  1026.5121    25.6948     6.8786     41.010    99.7376     0.0581      7.794     2.8160     4.0244    122.612    125.763  0.000e+00
   56.34102 -133.71460    192.605    178.585    176.879     6.8942    32.7907  1026.5137    25.6950     6.8782     41.013    99.7376     0.0581      7.799     2.8162     4.0246    122.620    125.770  0.000e+00
   56.34102 -133.71460    192.149    178.051    176.349     6.8930    32.7926  1026.5129    25.6966     6.8771     41.010    99.7376     0.0581      7.799     2.8161     4.0244    122.615    125.765  0.000e+00
   56.34102 -133.71460    192.615    178.472    176.766     6.8920    32.7934  1026.5155    25.6974     6.8760     41.013    99.7376     0.0581      7.799     2.8163     4.0248    122.626    125.777  0.000e+00
   56.34102 -133.71460    192.254    178.107    176.405     6.8913    32.7945  1026.5148    25.6983     6.8754     41.012    99.7376     0.0581      7.794     2.8162     4.0247    122.623    125.774  0.000e+00
   56.34102 -133.71460    192.318    178.172    176.470     6.8910    32.7943  1026.5150    25.6982     6.8751     41.013    99.7376     0.0581      7.799     2.8163     4.0248    122.627    125.778  0.000e+00
   56.34102 -133.71460    192.399    178.229    176.526     6.8908    32.7944  1026.5154    25.6983     6.8749     41.014    99.7376     0.0581      7.799     2.8164     4.0249    122.629    125.781  0.000e+00
   56.34102 -133.71460    192.271    178.051    176.349     6.8908    32.7945  1026.5147    25.6984     6.8749     41.071    99.7376     0.0581      7.794     2.8204     4.0306    122.801    125.957  0.000e+00
   56.34102 -133.71460    192.296    178.051    176.349     6.8908    32.7943  1026.5145    25.6982     6.8749     41.071    99.7376     0.0581      7.799     2.8204     4.0306    122.801    125.957  0.000e+00
   56.34102 -133.71460    192.296    178.051    176.349     6.8906    32.7947  1026.5148    25.6985     6.8747     41.013    99.7376     0.0581      7.799     2.8164     4.0249    122.627    125.778  0.000e+00
   56.34102 -133.71460    192.175    177.929    176.229     6.8908    32.7943  1026.5139    25.6982     6.8750     41.012    99.7096     0.0581      7.799     2.8163     4.0247    122.623    125.774  0.000e+00
   56.34102 -133.71460    192.232    177.962    176.261     6.8911    32.7940  1026.5138    25.6979     6.8752     41.069    99.7376     0.0581      7.799     2.8202     4.0303    122.795    125.950  0.000e+00
   56.34102 -133.71460    192.128    177.808    176.109     6.8918    32.7935  1026.5126    25.6975     6.8759     41.074    99.7376     0.0581      7.794     2.8205     4.0308    122.808    125.964  0.000e+00
   56.34102 -133.71460    192.217    177.873    176.173     6.8929    32.7918  1026.5115    25.6960     6.8770     41.080    99.7376     0.0581      7.799     2.8209     4.0313    122.824    125.980  0.000e+00
   56.34102 -133.71460    192.153    177.808    176.109     6.8934    32.7915  1026.5108    25.6956     6.8775     41.085    99.7376     0.0581      7.799     2.8212     4.0317    122.837    125.993  0.000e+00
   56.34102 -133.71460    192.033    177.686    175.989     6.8932    32.7917  1026.5105    25.6959     6.8774     41.089    99.7376     0.0581      7.799     2.8215     4.0322    122.850    126.007  0.000e+00
   56.34102 -133.71460    192.170    177.751    176.053     6.8935    32.7917  1026.5107    25.6958     6.8777     41.094    99.7376     0.0581      7.799     2.8218     4.0326    122.864    126.022  0.000e+00
   56.34102 -133.71460    192.123    177.630    175.932     6.8935    32.7915  1026.5100    25.6957     6.8777     41.098    99.7376     0.0581      7.799     2.8221     4.0330    122.876    126.033  0.000e+00
   56.34102 -133.71460    192.091    177.573    175.876     6.8937    32.7913  1026.5095    25.6955     6.8779     41.102    99.7376     0.0581      7.799     2.8223     4.0334    122.887    126.045  0.000e+00
   56.34102 -133.71460    192.203    177.686    175.989     6.8944    32.7907  1026.5095    25.6949     6.8785     41.099    99.7096     0.0581      7.799     2.8221     4.0331    122.878    126.036  0.000e+00
   56.34102 -133.71460    191.971    177.451    175.756     6.8942    32.7909  1026.5087    25.6951     6.8783     41.152    99.7376     0.0581      7.794     2.8258     4.0383    123.037    126.199  0.000e+00
   56.34102 -133.71460    192.044    177.451    175.756     6.8942    32.7907  1026.5085    25.6950     6.8783     41.155    99.7376     0.0288      7.794     2.8259     4.0385    123.044    126.206  0.000e+00
   56.34102 -133.71460    192.149    177.508    175.812     6.8940    32.7910  1026.5090    25.6952     6.8782     41.105    99.7376     0.0288      7.799     2.8225     4.0337    122.897    126.055  0.000e+00
   56.34102 -133.71460    191.997    177.330    175.636     6.8947    32.7903  1026.5075    25.6946     6.8788     41.106    99.7096     0.0288      7.799     2.8225     4.0337    122.897    126.055  0.000e+00
   56.34102 -133.71460    192.053    177.387    175.692     6.8948    32.7900  1026.5075    25.6943     6.8790     41.049    99.7376     0.0288      7.799     2.8187     4.0281    122.728    125.881  0.000e+00
   56.34102 -133.71460    191.997    177.330    175.636     6.8947    32.7902  1026.5074    25.6945     6.8788     41.108    99.7376     0.0288      7.799     2.8227     4.0339    122.905    126.062  0.000e+00
