EcoFOCI/data/1_SampleCollection/2022_GOA-OA_CruiseData/CTD_raw_BottleFile_RC0083/RC0083_007.ros
* Sea-Bird SBE 9 Data File:
* FileName = C:\Data\RC0083ctd\RC0083_007.hex
* Software Version Seasave V 7.26.7.107
* Temperature SN = 2060
* Conductivity SN = 1084
* Number of Bytes Per Scan = 31
* Number of Voltage Words = 4
* Number of Scans Averaged by the Deck Unit = 1
* NMEA Latitude = 54 36.09 N
* NMEA Longitude = 134 15.70 W
* NMEA UTC (Time) = Aug 12 2022  13:17:36
* NMEA baud rate = 4800
** Ship: R/V Rachel Carson
** Cruise ID: RC0083 RC0083
** Tech: McHugh/Nomura
** Chief Scientist: Cross Cross
** Station: DE7
** Cast:  007
# nquan = 21
# nvalues = 490                                   
# units = specified
# name 0 = latitude: Latitude [deg]
# name 1 = longitude: Longitude [deg]
# name 2 = sfdSM: Seafloor depth [salt water, m]
# name 3 = prDM: Pressure, Digiquartz [db]
# name 4 = depSM: Depth [salt water, m]
# name 5 = t090C: Temperature [ITS-90, deg C]
# name 6 = sal00: Salinity, Practical [PSU]
# name 7 = density00: Density [density, kg/m^3]
# name 8 = sigma-é00: Density [sigma-theta, kg/m^3]
# name 9 = potemp090C: Potential Temperature [ITS-90, deg C]
# name 10 = sbeox0PS: Oxygen, SBE 43 [% saturation]
# name 11 = CStarTr0: Beam Transmission, WET Labs C-Star [%]
# name 12 = flECO-AFL: Fluorescence, WET Labs ECO-AFL/FL [mg/m^3]
# name 13 = ph: pH
# name 14 = sbeox0ML/L: Oxygen, SBE 43 [ml/l]
# name 15 = sbeox0Mg/L: Oxygen, SBE 43 [mg/l]
# name 16 = sbox0Mm/Kg: Oxygen, SBE 43 [umol/kg]
# name 17 = sbeox0Mm/L: Oxygen, SBE 43 [umol/l]
# name 18 = scan: Scan Count
# name 19 = nbf: Bottles Fired
# name 20 = flag:  0.000e+00
# interval = seconds: 0.0416667
# start_time = Aug 12 2022 13:17:36 [NMEA time, header]
# bad_flag = -9.990e-29
*END*
[from data line 69]
   54.60224 -134.26856    350.149    253.952    251.517     5.6347    33.8435  1027.8554    26.6863     5.6139     30.551   107.2892    -0.0591      7.745     2.1452     3.0658     93.316     95.806      36567          2  0.000e+00
   54.60224 -134.26856    350.069    253.871    251.437     5.6345    33.8438  1027.8553    26.6866     5.6138     30.548   107.2892    -0.0591      7.745     2.1450     3.0655     93.308     95.798      36568          2  0.000e+00
   54.60224 -134.26856    350.093    253.895    251.461     5.6350    33.8435  1027.8551    26.6863     5.6142     30.604   107.2892    -0.0591      7.745     2.1490     3.0711     93.478     95.973      36569          2  0.000e+00
   54.60224 -134.26856    350.133    253.936    251.501     5.6348    33.8433  1027.8551    26.6862     5.6141     30.610   107.2892    -0.0591      7.745     2.1494     3.0717     93.496     95.991      36570          2  0.000e+00
   54.60224 -134.26856    350.037    253.839    251.405     5.6350    33.8433  1027.8547    26.6861     5.6142     30.556   107.2892    -0.0591      7.745     2.1456     3.0663     93.333     95.823      36571          2  0.000e+00
   54.60224 -134.26856    350.069    253.871    251.437     5.6351    33.8432  1027.8547    26.6860     5.6144     30.553   107.2892    -0.0591      7.745     2.1454     3.0660     93.323     95.813      36572          2  0.000e+00
   54.60224 -134.26856    350.013    253.814    251.381     5.6352    33.8434  1027.8546    26.6862     5.6145     30.550   107.2892    -0.0591      7.745     2.1452     3.0656     93.312     95.802      36573          2  0.000e+00
   54.60224 -134.26856    350.037    253.839    251.405     5.6350    33.8427  1027.8542    26.6857     5.6142     30.605   107.2892    -0.0591      7.745     2.1491     3.0712     93.482     95.977      36574          2  0.000e+00
   54.60224 -134.26856    349.949    253.749    251.316     5.6348    33.8435  1027.8544    26.6863     5.6141     30.542   107.2892    -0.0884      7.745     2.1447     3.0649     93.291     95.780      36575          2  0.000e+00
   54.60224 -134.26856    349.973    253.774    251.340     5.6350    33.8437  1027.8547    26.6864     5.6142     30.530   107.2892    -0.0591      7.745     2.1438     3.0636     93.252     95.740      36576          2  0.000e+00
   54.60224 -134.26856    349.949    253.749    251.316     5.6347    33.8435  1027.8545    26.6864     5.6140     30.517   107.2892    -0.0591      7.745     2.1429     3.0624     93.212     95.700      36577          2  0.000e+00
   54.60224 -134.26856    349.949    253.749    251.316     5.6345    33.8435  1027.8545    26.6864     5.6138     30.512   107.2892    -0.0591      7.745     2.1425     3.0619     93.199     95.686      36578          2  0.000e+00
   54.60224 -134.26856    349.917    253.717    251.284     5.6344    33.8439  1027.8547    26.6867     5.6137     30.507   107.2892    -0.0591      7.745     2.1422     3.0614     93.184     95.671      36579          2  0.000e+00
   54.60224 -134.26856    349.837    253.636    251.204     5.6343    33.8436  1027.8541    26.6865     5.6136     30.503   107.2892    -0.0591      7.745     2.1419     3.0610     93.170     95.656      36580          2  0.000e+00
   54.60224 -134.26856    349.796    253.595    251.164     5.6342    33.8437  1027.8539    26.6865     5.6135     30.498   107.2892    -0.0591      7.745     2.1415     3.0605     93.156     95.642      36581          2  0.000e+00
   54.60224 -134.26856    349.772    253.571    251.140     5.6340    33.8436  1027.8538    26.6865     5.6133     30.493   107.2892    -0.0591      7.745     2.1412     3.0600     93.142     95.627      36582          2  0.000e+00
   54.60224 -134.26856    349.796    253.595    251.164     5.6346    33.8434  1027.8537    26.6862     5.6139     30.547   107.2892    -0.0591      7.745     2.1450     3.0654     93.305     95.795      36583          2  0.000e+00
   54.60224 -134.26856    349.716    253.514    251.084     5.6352    33.8432  1027.8531    26.6860     5.6145     30.492   107.2892    -0.0591      7.745     2.1411     3.0598     93.135     95.621      36584          2  0.000e+00
   54.60224 -134.26856    349.716    253.514    251.084     5.6356    33.8435  1027.8533    26.6862     5.6149     30.487   107.2892    -0.0591      7.745     2.1407     3.0593     93.119     95.604      36585          2  0.000e+00
   54.60224 -134.26856    349.620    253.417    250.987     5.6360    33.8434  1027.8527    26.6861     5.6153     30.481   107.2892    -0.0591      7.745     2.1403     3.0587     93.102     95.586      36586          2  0.000e+00
   54.60224 -134.26856    349.652    253.450    251.020     5.6362    33.8432  1027.8526    26.6859     5.6155     30.477   107.2892    -0.0591      7.745     2.1400     3.0582     93.087     95.571      36587          2  0.000e+00
   54.60224 -134.26856    349.556    253.352    250.923     5.6361    33.8429  1027.8519    26.6856     5.6154     30.471   107.2892    -0.0591      7.745     2.1396     3.0577     93.071     95.554      36588          2  0.000e+00
   54.60224 -134.26856    349.475    253.271    250.843     5.6364    33.8431  1027.8517    26.6858     5.6157     30.466   107.3171    -0.0591      7.745     2.1392     3.0571     93.054     95.537      36589          2  0.000e+00
   54.60224 -134.26856    349.540    253.336    250.907     5.6361    33.8429  1027.8519    26.6857     5.6154     30.403   107.3171    -0.0591      7.745     2.1348     3.0508     92.862     95.340      36590          2  0.000e+00
   54.60224 -134.26856    349.443    253.239    250.811     5.6364    33.8432  1027.8517    26.6859     5.6157     30.448   107.3171    -0.0591      7.745     2.1379     3.0553     92.999     95.480      36591          2  0.000e+00
   54.60224 -134.26856    349.419    253.214    250.787     5.6361    33.8432  1027.8516    26.6859     5.6155     30.443   107.3171    -0.0591      7.745     2.1376     3.0549     92.985     95.466      36592          2  0.000e+00
   54.60224 -134.26856    349.379    253.174    250.747     5.6364    33.8432  1027.8514    26.6859     5.6157     30.438   107.3171    -0.0591      7.745     2.1373     3.0544     92.969     95.450      36593          2  0.000e+00
   54.60224 -134.26856    349.355    253.150    250.723     5.6367    33.8431  1027.8511    26.6858     5.6160     30.434   107.3171    -0.0591      7.745     2.1369     3.0539     92.955     95.435      36594          2  0.000e+00
   54.60224 -134.26856    349.259    253.052    250.626     5.6369    33.8432  1027.8507    26.6858     5.6163     30.429   107.3171    -0.0591      7.745     2.1366     3.0534     92.939     95.419      36595          2  0.000e+00
   54.60242 -134.26920    299.743    203.033    201.111     5.9950    33.7813  1027.5259    26.5924     5.9780     39.904   107.3171    -0.0884      7.807     2.7796     3.9723    120.922    124.137      40111          3  0.000e+00
   54.60242 -134.26920    299.695    202.984    201.063     5.9952    33.7812  1027.5255    26.5923     5.9781     39.894   107.3171    -0.0591      7.807     2.7789     3.9713    120.891    124.106      40112          3  0.000e+00
   54.60242 -134.26920    299.623    202.912    200.991     5.9953    33.7810  1027.5250    26.5922     5.9783     39.883   107.3171    -0.0591      7.807     2.7781     3.9702    120.856    124.070      40113          3  0.000e+00
   54.60242 -134.26920    299.695    202.985    201.063     5.9956    33.7810  1027.5253    26.5921     5.9785     39.879   107.3171    -0.0591      7.807     2.7778     3.9697    120.843    124.056      40114          3  0.000e+00
   54.60242 -134.26920    299.744    203.033    201.111     5.9957    33.7805  1027.5251    26.5917     5.9786     39.873   107.3171    -0.0591      7.807     2.7774     3.9692    120.826    124.039      40115          3  0.000e+00
   54.60242 -134.26920    299.639    202.928    201.007     5.9963    33.7801  1027.5242    26.5913     5.9793     39.865   107.3171    -0.0591      7.807     2.7768     3.9684    120.801    124.013      40116          3  0.000e+00
   54.60242 -134.26920    299.623    202.912    200.991     5.9966    33.7800  1027.5241    26.5912     5.9796     39.857   107.3171    -0.0884      7.807     2.7762     3.9675    120.774    123.986      40117          3  0.000e+00
   54.60242 -134.26920    299.695    202.985    201.063     5.9965    33.7802  1027.5246    26.5913     5.9794     39.905   107.3171    -0.0591      7.807     2.7796     3.9723    120.921    124.136      40118          3  0.000e+00
   54.60242 -134.26920    299.639    202.928    201.007     5.9963    33.7797  1027.5239    26.5909     5.9793     39.901   107.2892    -0.0591      7.807     2.7793     3.9720    120.910    124.125      40119          3  0.000e+00
   54.60242 -134.26920    299.623    202.912    200.991     5.9962    33.7805  1027.5245    26.5916     5.9791     39.838   107.3171    -0.0591      7.807     2.7750     3.9657    120.719    123.929      40120          3  0.000e+00
   54.60242 -134.26920    299.695    202.985    201.063     5.9968    33.7803  1027.5246    26.5914     5.9797     39.824   107.3171    -0.0884      7.807     2.7739     3.9642    120.674    123.883      40121          3  0.000e+00
   54.60242 -134.26920    299.567    202.855    200.935     5.9970    33.7796  1027.5234    26.5908     5.9799     39.807   107.3171    -0.0591      7.807     2.7728     3.9625    120.624    123.831      40122          3  0.000e+00
   54.60242 -134.26920    299.639    202.928    201.007     5.9976    33.7790  1027.5232    26.5902     5.9806     39.790   107.3171    -0.0591      7.807     2.7715     3.9608    120.571    123.777      40123          3  0.000e+00
   54.60242 -134.26920    299.623    202.912    200.991     5.9982    33.7785  1027.5227    26.5898     5.9812     39.780   107.3171    -0.0884      7.807     2.7708     3.9597    120.538    123.743      40124          3  0.000e+00
   54.60242 -134.26920    299.583    202.871    200.951     5.9987    33.7778  1027.5218    26.5891     5.9817     39.777   107.3171    -0.0591      7.807     2.7705     3.9594    120.528    123.733      40125          3  0.000e+00
   54.60242 -134.26920    299.519    202.806    200.887     5.9992    33.7780  1027.5216    26.5892     5.9822     39.773   107.2892    -0.0591      7.807     2.7702     3.9590    120.515    123.719      40126          3  0.000e+00
   54.60242 -134.26920    299.567    202.855    200.935     5.9991    33.7778  1027.5218    26.5892     5.9820     39.711   107.3171    -0.0591      7.807     2.7660     3.9528    120.329    123.528      40127          3  0.000e+00
   54.60242 -134.26920    299.583    202.871    200.951     5.9985    33.7780  1027.5220    26.5893     5.9815     39.699   107.3171    -0.0591      7.807     2.7651     3.9517    120.293    123.491      40128          3  0.000e+00
   54.60242 -134.26920    299.511    202.798    200.879     5.9978    33.7787  1027.5223    26.5900     5.9807     39.686   107.3171    -0.0591      7.807     2.7642     3.9504    120.254    123.451      40129          3  0.000e+00
   54.60242 -134.26920    299.463    202.750    200.831     5.9978    33.7789  1027.5223    26.5902     5.9807     39.672   107.3171    -0.0884      7.807     2.7633     3.9490    120.212    123.409      40130          3  0.000e+00
   54.60242 -134.26920    299.511    202.798    200.879     5.9978    33.7791  1027.5226    26.5903     5.9807     39.659   107.3171    -0.0591      7.807     2.7624     3.9477    120.172    123.367      40131          3  0.000e+00
   54.60242 -134.26920    299.399    202.685    200.766     5.9976    33.7787  1027.5219    26.5901     5.9806     39.644   107.3171    -0.0591      7.807     2.7614     3.9463    120.128    123.323      40132          3  0.000e+00
   54.60242 -134.26920    299.447    202.734    200.815     5.9971    33.7795  1027.5228    26.5907     5.9801     39.688   107.2892    -0.0591      7.807     2.7644     3.9506    120.262    123.459      40133          3  0.000e+00
   54.60242 -134.26920    299.399    202.685    200.766     5.9971    33.7794  1027.5225    26.5907     5.9801     39.681   107.3171    -0.0591      7.807     2.7639     3.9499    120.240    123.437      40134          3  0.000e+00
   54.60242 -134.26920    299.399    202.685    200.766     5.9970    33.7797  1027.5227    26.5909     5.9800     39.616   107.3171    -0.0591      7.807     2.7594     3.9435    120.043    123.235      40135          3  0.000e+00
   54.60242 -134.26920    299.327    202.612    200.694     5.9970    33.7793  1027.5221    26.5906     5.9800     39.599   107.2892    -0.0591      7.807     2.7583     3.9418    119.993    123.184      40136          3  0.000e+00
   54.60242 -134.26920    299.343    202.628    200.710     5.9971    33.7795  1027.5223    26.5907     5.9801     39.583   107.3171    -0.0591      7.807     2.7571     3.9402    119.943    123.133      40137          3  0.000e+00
   54.60242 -134.26920    299.271    202.555    200.638     5.9971    33.7795  1027.5220    26.5907     5.9801     39.566   107.3171    -0.0591      7.807     2.7559     3.9385    119.892    123.080      40138          3  0.000e+00
   54.60242 -134.26920    299.287    202.572    200.654     5.9976    33.7790  1027.5216    26.5902     5.9805     39.491   107.3171    -0.0591      7.807     2.7507     3.9310    119.664    122.846      40139          3  0.000e+00
   54.60242 -134.26920    299.190    202.499    200.582     5.9987    33.7779  1027.5202    26.5892     5.9817     39.465   107.3171    -0.0591      7.807     2.7489     3.9284    119.584    122.764      40140          3  0.000e+00
   54.60242 -134.26920    299.223    202.507    200.590     5.9999    33.7760  1027.5186    26.5876     5.9829     39.448   107.3171    -0.0591      7.807     2.7476     3.9267    119.532    122.710      40141          3  0.000e+00
   54.60242 -134.26920    299.094    202.377    200.462     6.0007    33.7757  1027.5177    26.5873     5.9837     39.431   107.3171    -0.0591      7.807     2.7464     3.9249    119.478    122.654      40142          3  0.000e+00
   54.60242 -134.26920    299.223    202.507    200.590     6.0016    33.7746  1027.5173    26.5862     5.9846     39.416   107.3171    -0.0591      7.807     2.7453     3.9233    119.429    122.604      40143          3  0.000e+00
   54.60242 -134.26920    299.166    202.450    200.534     6.0021    33.7737  1027.5163    26.5855     5.9851     39.400   107.2892    -0.0591      7.807     2.7442     3.9217    119.380    122.554      40144          3  0.000e+00
   54.60242 -134.26920    299.094    202.377    200.462     6.0023    33.7738  1027.5159    26.5855     5.9853     39.384   107.3171    -0.0591      7.807     2.7430     3.9201    119.332    122.504      40145          3  0.000e+00
   54.60242 -134.26920    299.046    202.329    200.414     6.0024    33.7736  1027.5156    26.5854     5.9854     39.311   107.3171    -0.0591      7.807     2.7380     3.9128    119.111    122.277      40146          3  0.000e+00
   54.60242 -134.26920    299.030    202.313    200.398     6.0023    33.7736  1027.5155    26.5854     5.9853     39.346   107.3171    -0.0591      7.807     2.7404     3.9163    119.217    122.387      40147          3  0.000e+00
   54.60242 -134.26920    298.990    202.272    200.358     6.0028    33.7726  1027.5145    26.5846     5.9858     39.332   107.3171    -0.0591      7.807     2.7394     3.9149    119.174    122.342      40148          3  0.000e+00
   54.60242 -134.26920    298.974    202.256    200.341     6.0033    33.7718  1027.5137    26.5838     5.9863     39.261   107.3171    -0.0591      7.807     2.7344     3.9077    118.956    122.119      40149          3  0.000e+00
