EcoFOCI/data/1_SampleCollection/2022_GOA-OA_CruiseData/CTD_raw_BottleFile_RC0083/RC0083_073.ros
* Sea-Bird SBE 9 Data File:
* FileName = C:\Data\RC0083ctd\RC0083_073.hex
* Software Version Seasave V 7.26.7.107
* Temperature SN = 2060
* Conductivity SN = 1084
* Number of Bytes Per Scan = 31
* Number of Voltage Words = 4
* Number of Scans Averaged by the Deck Unit = 1
* NMEA Latitude = 58 39.01 N
* NMEA Longitude = 136 06.74 W
* NMEA UTC (Time) = Aug 21 2022  01:46:38
* NMEA baud rate = 4800
** Ship: R/V Rachel Carson
** Cruise ID: RC0083
** Tech: McHugh/Nomura
** Chief Scientist: Cross
** Station: GB04
** Cast:  CTD073
# nquan = 21
# nvalues = 294                                   
# units = specified
# name 0 = latitude: Latitude [deg]
# name 1 = longitude: Longitude [deg]
# name 2 = sfdSM: Seafloor depth [salt water, m]
# name 3 = prDM: Pressure, Digiquartz [db]
# name 4 = depSM: Depth [salt water, m]
# name 5 = t090C: Temperature [ITS-90, deg C]
# name 6 = sal00: Salinity, Practical [PSU]
# name 7 = density00: Density [density, kg/m^3]
# name 8 = sigma-é00: Density [sigma-theta, kg/m^3]
# name 9 = potemp090C: Potential Temperature [ITS-90, deg C]
# name 10 = sbeox0PS: Oxygen, SBE 43 [% saturation]
# name 11 = CStarTr0: Beam Transmission, WET Labs C-Star [%]
# name 12 = flECO-AFL: Fluorescence, WET Labs ECO-AFL/FL [mg/m^3]
# name 13 = ph: pH
# name 14 = sbeox0ML/L: Oxygen, SBE 43 [ml/l]
# name 15 = sbeox0Mg/L: Oxygen, SBE 43 [mg/l]
# name 16 = sbox0Mm/Kg: Oxygen, SBE 43 [umol/kg]
# name 17 = sbeox0Mm/L: Oxygen, SBE 43 [umol/l]
# name 18 = scan: Scan Count
# name 19 = nbf: Bottles Fired
# name 20 = flag:  0.000e+00
# interval = seconds: 0.0416667
# start_time = Aug 21 2022 01:46:38 [NMEA time, header]
# bad_flag = -9.990e-29
*END*
[from data line 138]
   58.64888 -136.11068    198.605    100.938     99.972     6.8821    30.5910  1024.4286    23.9637     6.8735     69.344    94.3955     0.0288      7.938     4.8324     6.9060    210.764    215.814      17901          3  0.000e+00
   58.64888 -136.11068    198.685    101.019    100.053     6.8814    30.5911  1024.4292    23.9639     6.8728     69.327    94.3955     0.0288      7.938     4.8313     6.9044    210.715    215.765      17902          3  0.000e+00
   58.64888 -136.11068    198.605    100.938     99.972     6.8813    30.5909  1024.4287    23.9638     6.8727     69.309    94.3955     0.0288      7.938     4.8300     6.9026    210.661    215.710      17903          3  0.000e+00
   58.64888 -136.11068    198.629    100.962     99.997     6.8808    30.5915  1024.4293    23.9643     6.8722     69.349    94.3955     0.0288      7.938     4.8328     6.9066    210.783    215.835      17904          3  0.000e+00
   58.64888 -136.11068    198.661    100.994    100.029     6.8809    30.5911  1024.4291    23.9640     6.8723     69.291    94.3955     0.0288      7.938     4.8288     6.9009    210.608    215.655      17905          3  0.000e+00
   58.64888 -136.11068    198.629    100.962     99.997     6.8806    30.5910  1024.4289    23.9639     6.8721     69.274    94.3955     0.0288      7.938     4.8277     6.8993    210.559    215.605      17906          3  0.000e+00
   58.64888 -136.11068    198.605    100.938     99.972     6.8803    30.5910  1024.4289    23.9640     6.8717     69.266    94.3955     0.0288      7.938     4.8271     6.8985    210.535    215.580      17907          3  0.000e+00
   58.64888 -136.11068    198.685    101.019    100.053     6.8803    30.5911  1024.4293    23.9641     6.8717     69.259    94.4514     0.0288      7.938     4.8267     6.8978    210.514    215.559      17908          3  0.000e+00
   58.64888 -136.11068    198.629    100.962     99.997     6.8803    30.5910  1024.4290    23.9640     6.8717     69.252    94.4514     0.0288      7.938     4.8261     6.8970    210.491    215.536      17909          3  0.000e+00
   58.64868 -136.11042    148.573     50.416     49.940     7.4901    30.3258  1023.9072    23.6755     7.4856     64.878    88.8856     0.2925      7.932     4.4660     6.3823    194.838    199.451      20950          4  0.000e+00
   58.64868 -136.11042    148.461     50.303     49.828     7.4885    30.3260  1023.9070    23.6759     7.4840     64.881    88.8856     0.2925      7.932     4.4664     6.3829    194.854    199.468      20951          4  0.000e+00
   58.64868 -136.11042    148.397     50.238     49.764     7.4883    30.3256  1023.9064    23.6755     7.4838     64.885    88.9136     0.2925      7.932     4.4666     6.3833    194.866    199.480      20952          4  0.000e+00
   58.64868 -136.11042    148.637     50.481     50.004     7.4875    30.3252  1023.9073    23.6753     7.4830     64.891    88.9136     0.2925      7.932     4.4671     6.3840    194.888    199.502      20953          4  0.000e+00
   58.64868 -136.11042    148.573     50.416     49.940     7.4868    30.3236  1023.9059    23.6742     7.4823     64.894    88.8856     0.2925      7.932     4.4675     6.3845    194.904    199.519      20954          4  0.000e+00
   58.64868 -136.11042    148.517     50.360     49.884     7.4870    30.3234  1023.9054    23.6740     7.4825     64.898    88.8856     0.2925      7.932     4.4677     6.3848    194.914    199.528      20955          4  0.000e+00
   58.64868 -136.11042    148.509     50.352     49.876     7.4865    30.3236  1023.9056    23.6742     7.4820     64.902    88.8856     0.2925      7.932     4.4680     6.3853    194.928    199.542      20956          4  0.000e+00
   58.64868 -136.11042    148.517     50.360     49.884     7.4846    30.3236  1023.9059    23.6744     7.4801     64.906    88.8856     0.2925      7.932     4.4685     6.3860    194.949    199.564      20957          4  0.000e+00
   58.64868 -136.11042    148.573     50.416     49.940     7.4826    30.3238  1023.9066    23.6749     7.4781     64.911    88.8856     0.2925      7.932     4.4690     6.3867    194.972    199.588      20958          4  0.000e+00
   58.64868 -136.11042    148.517     50.360     49.884     7.4811    30.3238  1023.9065    23.6751     7.4766     64.914    88.8856     0.2925      7.932     4.4695     6.3873    194.989    199.606      20959          4  0.000e+00
   58.64868 -136.11042    148.509     50.352     49.876     7.4802    30.3239  1023.9067    23.6753     7.4757     64.911    88.8296     0.2925      7.932     4.4693     6.3871    194.983    199.599      20960          4  0.000e+00
   58.64868 -136.11042    148.517     50.360     49.884     7.4792    30.3242  1023.9071    23.6757     7.4747     64.907    88.7457     0.2925      7.932     4.4691     6.3868    194.975    199.592      20961          4  0.000e+00
   58.64868 -136.11042    148.573     50.416     49.940     7.4790    30.3239  1023.9071    23.6755     7.4745     64.911    88.7178     0.2925      7.932     4.4694     6.3873    194.988    199.605      20962          4  0.000e+00
   58.64868 -136.11042    148.517     50.360     49.884     7.4784    30.3241  1023.9071    23.6757     7.4739     64.914    88.7457     0.2925      7.932     4.4697     6.3876    194.999    199.616      20963          4  0.000e+00
   58.64868 -136.11042    148.509     50.352     49.876     7.4777    30.3244  1023.9074    23.6760     7.4732     64.917    88.7457     0.2925      7.932     4.4700     6.3880    195.012    199.629      20964          4  0.000e+00
   58.64868 -136.11042    148.573     50.416     49.940     7.4769    30.3238  1023.9074    23.6757     7.4724     64.921    88.7457     0.2925      7.932     4.4703     6.3886    195.028    199.646      20965          4  0.000e+00
   58.64868 -136.11042    148.509     50.352     49.876     7.4767    30.3240  1023.9073    23.6759     7.4722     64.924    88.7457     0.2925      7.932     4.4706     6.3889    195.037    199.655      20966          4  0.000e+00
   58.64868 -136.11042    148.517     50.360     49.884     7.4769    30.3236  1023.9069    23.6755     7.4724     64.927    88.7457     0.2925      7.932     4.4708     6.3892    195.047    199.665      20967          4  0.000e+00
   58.64868 -136.11042    148.509     50.352     49.876     7.4766    30.3236  1023.9069    23.6755     7.4721     64.931    88.7457     0.2925      7.936     4.4710     6.3896    195.059    199.677      20968          4  0.000e+00
   58.64868 -136.11042    148.517     50.360     49.884     7.4761    30.3239  1023.9073    23.6759     7.4716     64.934    88.7457     0.2925      7.932     4.4713     6.3900    195.071    199.689      20969          4  0.000e+00
   58.64868 -136.11042    148.573     50.416     49.940     7.4759    30.3236  1023.9074    23.6757     7.4715     64.930    88.7457     0.3218      7.932     4.4711     6.3896    195.061    199.679      20970          4  0.000e+00
   58.64868 -136.11042    148.517     50.360     49.884     7.4761    30.3232  1023.9067    23.6753     7.4716     64.933    88.7457     0.3218      7.932     4.4713     6.3899    195.068    199.686      20971          4  0.000e+00
   58.64868 -136.11042    148.509     50.352     49.876     7.4759    30.3230  1023.9066    23.6752     7.4715     64.936    88.7457     0.3218      7.932     4.4715     6.3902    195.078    199.696      20972          4  0.000e+00
   58.64868 -136.11042    148.517     50.360     49.884     7.4758    30.3233  1023.9069    23.6754     7.4713     64.931    88.7457     0.3218      7.932     4.4712     6.3898    195.065    199.683      20973          4  0.000e+00
   58.64868 -136.11042    148.573     50.416     49.940     7.4753    30.3232  1023.9071    23.6754     7.4708     64.927    88.7457     0.3218      7.932     4.4709     6.3894    195.054    199.672      20974          4  0.000e+00
   58.64868 -136.11042    148.517     50.360     49.884     7.4753    30.3232  1023.9068    23.6754     7.4708     64.921    88.7457     0.3218      7.932     4.4706     6.3889    195.037    199.655      20975          4  0.000e+00
   58.64868 -136.11042    148.509     50.352     49.876     7.4754    30.3231  1023.9067    23.6753     7.4710     64.923    88.7457     0.3218      7.932     4.4707     6.3891    195.043    199.661      20976          4  0.000e+00
   58.64868 -136.11042    148.517     50.360     49.884     7.4754    30.3227  1023.9065    23.6750     7.4710     64.926    88.7457     0.3218      7.932     4.4708     6.3893    195.050    199.668      20977          4  0.000e+00
   58.64868 -136.11042    148.509     50.352     49.876     7.4753    30.3231  1023.9068    23.6754     7.4708     64.928    88.7457     0.3218      7.932     4.4710     6.3895    195.056    199.674      20978          4  0.000e+00
   58.64868 -136.11042    148.517     50.360     49.884     7.4753    30.3231  1023.9067    23.6753     7.4708     64.922    88.7457     0.3218      7.932     4.4706     6.3890    195.040    199.658      20979          4  0.000e+00
   58.64868 -136.11042    148.509     50.352     49.876     7.4751    30.3230  1023.9067    23.6753     7.4706     64.917    88.7737     0.3218      7.932     4.4702     6.3884    195.024    199.641      20980          4  0.000e+00
   58.64868 -136.11042    148.517     50.360     49.884     7.4752    30.3231  1023.9068    23.6753     7.4707     64.911    88.8856     0.3218      7.932     4.4698     6.3878    195.006    199.622      20981          4  0.000e+00
   58.64868 -136.11042    148.453     50.295     49.820     7.4750    30.3231  1023.9065    23.6754     7.4705     64.904    88.9415     0.3218      7.932     4.4694     6.3872    194.986    199.602      20982          4  0.000e+00
   58.64868 -136.11042    148.637     50.481     50.004     7.4748    30.3229  1023.9073    23.6753     7.4703     64.899    88.9415     0.3218      7.932     4.4690     6.3867    194.972    199.588      20983          4  0.000e+00
   58.64868 -136.11042    148.517     50.360     49.884     7.4745    30.3228  1023.9067    23.6752     7.4700     64.946    88.9415     0.3218      7.932     4.4724     6.3915    195.117    199.736      20984          4  0.000e+00
   58.64868 -136.11042    148.509     50.352     49.876     7.4745    30.3235  1023.9071    23.6757     7.4700     64.890    88.9415     0.3218      7.932     4.4685     6.3859    194.947    199.563      20985          4  0.000e+00
   58.64868 -136.11042    148.517     50.360     49.884     7.4750    30.3235  1023.9071    23.6757     7.4705     64.890    88.9415     0.3218      7.932     4.4684     6.3858    194.944    199.560      20986          4  0.000e+00
   58.64868 -136.11042    148.509     50.352     49.876     7.4759    30.3241  1023.9074    23.6760     7.4715     64.890    88.9415     0.3218      7.932     4.4683     6.3856    194.938    199.553      20987          4  0.000e+00
   58.64868 -136.11042    148.517     50.360     49.884     7.4769    30.3245  1023.9076    23.6762     7.4724     64.889    88.9415     0.3218      7.932     4.4681     6.3854    194.932    199.547      20988          4  0.000e+00
   58.64868 -136.11042    148.509     50.352     49.876     7.4782    30.3243  1023.9072    23.6758     7.4737     64.889    88.9415     0.3218      7.932     4.4680     6.3852    194.925    199.540      20989          4  0.000e+00
   58.64868 -136.11042    148.517     50.360     49.884     7.4790    30.3232  1023.9063    23.6749     7.4745     64.888    88.9415     0.3218      7.932     4.4679     6.3851    194.922    199.536      20990          4  0.000e+00
   58.64868 -136.11042    148.509     50.352     49.876     7.4790    30.3225  1023.9058    23.6744     7.4746     64.888    88.9415     0.3218      7.932     4.4679     6.3851    194.921    199.536      20991          4  0.000e+00
   58.64868 -136.11042    148.517     50.360     49.884     7.4796    30.3219  1023.9052    23.6738     7.4751     64.888    88.9415     0.3218      7.932     4.4678     6.3850    194.919    199.533      20992          4  0.000e+00
   58.64868 -136.11042    148.509     50.352     49.876     7.4797    30.3230  1023.9061    23.6747     7.4752     64.887    88.9415     0.3218      7.932     4.4678     6.3849    194.916    199.530      20993          4  0.000e+00
   58.64868 -136.11042    148.517     50.360     49.884     7.4798    30.3241  1023.9069    23.6755     7.4753     64.887    88.9415     0.3218      7.936     4.4677     6.3848    194.913    199.527      20994          4  0.000e+00
   58.64868 -136.11042    148.509     50.352     49.876     7.4803    30.3241  1023.9068    23.6755     7.4758     64.887    88.9415     0.3218      7.932     4.4676     6.3847    194.909    199.524      20995          4  0.000e+00
   58.64868 -136.11042    148.517     50.360     49.884     7.4800    30.3233  1023.9063    23.6748     7.4755     64.886    88.9415     0.3218      7.932     4.4677     6.3847    194.911    199.526      20996          4  0.000e+00
   58.64868 -136.11042    148.509     50.352     49.876     7.4788    30.3227  1023.9059    23.6745     7.4744     64.886    88.9415     0.3218      7.932     4.4678     6.3849    194.916    199.531      20997          4  0.000e+00
   58.64868 -136.11042    148.517     50.360     49.884     7.4790    30.3228  1023.9060    23.6746     7.4745     64.886    88.9415     0.3218      7.932     4.4677     6.3849    194.915    199.529      20998          4  0.000e+00
   58.64856 -136.11016    108.556     10.017      9.924     7.8013    28.9553  1022.6039    22.5578     7.8004     78.687    89.9204     1.5233      8.041     5.4264     7.7549    236.998    242.344      23184          5  0.000e+00
   58.64856 -136.11016    108.468      9.929      9.836     7.8016    28.9554  1022.6035    22.5579     7.8007     78.686    89.9484     1.5233      8.041     5.4263     7.7548    236.994    242.340      23185          5  0.000e+00
   58.64856 -136.11016    108.644     10.106     10.012     7.8016    28.9556  1022.6045    22.5580     7.8007     78.633    89.9484     1.5233      8.041     5.4227     7.7495    236.833    242.176      23186          5  0.000e+00
   58.64856 -136.11016    108.556     10.017      9.924     7.8013    28.9558  1022.6042    22.5582     7.8004     78.625    89.9484     1.5233      8.041     5.4221     7.7488    236.811    242.153      23187          5  0.000e+00
   58.64856 -136.11016    108.532      9.993      9.900     7.8015    28.9563  1022.6045    22.5585     7.8006     78.618    89.9484     1.5233      8.041     5.4216     7.7481    236.789    242.131      23188          5  0.000e+00
   58.64856 -136.11016    108.644     10.106     10.012     7.8016    28.9561  1022.6049    22.5584     7.8007     78.613    89.9484     1.5233      8.041     5.4213     7.7476    236.774    242.115      23189          5  0.000e+00
   58.64856 -136.11016    108.532      9.993      9.900     7.8016    28.9568  1022.6049    22.5589     7.8007     78.606    89.9484     1.5233      8.041     5.4208     7.7468    236.751    242.092      23190          5  0.000e+00
   58.64856 -136.11016    108.556     10.017      9.924     7.8017    28.9568  1022.6050    22.5589     7.8008     78.601    89.9484     1.5233      8.041     5.4204     7.7463    236.735    242.075      23191          5  0.000e+00
   58.64856 -136.11016    108.588     10.050      9.956     7.8016    28.9564  1022.6049    22.5586     7.8007     78.596    89.9484     1.5233      8.041     5.4201     7.7458    236.721    242.061      23192          5  0.000e+00
   58.64856 -136.11016    108.588     10.050      9.956     7.8013    28.9565  1022.6050    22.5588     7.8004     78.591    89.9484     1.5233      8.041     5.4198     7.7454    236.707    242.047      23193          5  0.000e+00
