EcoFOCI/data/1_SampleCollection/2022_GOA-OA_CruiseData/CTD_raw_BottleFile_RC0083/RC0083_009.ros
* Sea-Bird SBE 9 Data File:
* FileName = C:\Data\RC0083ctd\RC0083_009.hex
* Software Version Seasave V 7.26.7.107
* Temperature SN = 2060
* Conductivity SN = 1084
* Number of Bytes Per Scan = 31
* Number of Voltage Words = 4
* Number of Scans Averaged by the Deck Unit = 1
* NMEA Latitude = 55 12.86 N
* NMEA Longitude = 135 21.01 W
* NMEA UTC (Time) = Aug 12 2022  22:34:59
* NMEA baud rate = 4800
** Ship: R/V Rachel Carson
** Cruise ID: RC0083 RC0083
** Tech: McHugh/Nomura
** Chief Scientist: Cross Cross
** Station: POW8
** Cast:  009
# nquan = 21
# nvalues = 588                                   
# units = specified
# name 0 = latitude: Latitude [deg]
# name 1 = longitude: Longitude [deg]
# name 2 = sfdSM: Seafloor depth [salt water, m]
# name 3 = prDM: Pressure, Digiquartz [db]
# name 4 = depSM: Depth [salt water, m]
# name 5 = t090C: Temperature [ITS-90, deg C]
# name 6 = sal00: Salinity, Practical [PSU]
# name 7 = density00: Density [density, kg/m^3]
# name 8 = sigma-é00: Density [sigma-theta, kg/m^3]
# name 9 = potemp090C: Potential Temperature [ITS-90, deg C]
# name 10 = sbeox0PS: Oxygen, SBE 43 [% saturation]
# name 11 = CStarTr0: Beam Transmission, WET Labs C-Star [%]
# name 12 = flECO-AFL: Fluorescence, WET Labs ECO-AFL/FL [mg/m^3]
# name 13 = ph: pH
# name 14 = sbeox0ML/L: Oxygen, SBE 43 [ml/l]
# name 15 = sbeox0Mg/L: Oxygen, SBE 43 [mg/l]
# name 16 = sbox0Mm/Kg: Oxygen, SBE 43 [umol/kg]
# name 17 = sbeox0Mm/L: Oxygen, SBE 43 [umol/l]
# name 18 = scan: Scan Count
# name 19 = nbf: Bottles Fired
# name 20 = flag:  0.000e+00
# interval = seconds: 0.0416667
# start_time = Aug 12 2022 22:34:59 [NMEA time, header]
# bad_flag = -9.990e-29
*END*
[from data line 552]
   55.21788 -135.35376    102.034      2.964      2.937    14.5029    31.6240  1023.4890    23.4759    14.5024    108.104    84.3266     1.0837      8.348     6.3461     9.0692    276.915    283.416      91427         12  0.000e+00
   55.21788 -135.35376    102.194      3.101      3.073    14.5037    31.6244  1023.4897    23.4760    14.5032    108.095    84.3266     1.0837      8.348     6.3454     9.0683    276.887    283.387      91428         12  0.000e+00
   55.21788 -135.35376    102.034      2.964      2.937    14.5040    31.6242  1023.4889    23.4757    14.5036    108.082    84.3266     1.0837      8.348     6.3447     9.0672    276.853    283.353      91429         12  0.000e+00
   55.21788 -135.35376    101.874      2.803      2.777    14.5046    31.6240  1023.4879    23.4755    14.5042    108.075    84.3266     1.0837      8.348     6.3442     9.0664    276.832    283.330      91430         12  0.000e+00
   55.21788 -135.35376    102.058      2.964      2.937    14.5045    31.6244  1023.4889    23.4758    14.5041    108.073    84.3266     1.0837      8.348     6.3440     9.0662    276.825    283.324      91431         12  0.000e+00
   55.21788 -135.35376    102.114      3.021      2.993    14.5046    31.6243  1023.4891    23.4757    14.5042    108.069    84.3266     1.0837      8.348     6.3438     9.0659    276.816    283.314      91432         12  0.000e+00
   55.21788 -135.35376    102.018      2.924      2.897    14.5047    31.6243  1023.4887    23.4757    14.5043    108.064    84.3546     1.0837      8.348     6.3435     9.0655    276.802    283.300      91433         12  0.000e+00
   55.21788 -135.35376    101.762      2.665      2.641    14.5049    31.6240  1023.4872    23.4754    14.5045    108.057    84.3826     1.0837      8.348     6.3431     9.0649    276.784    283.281      91434         12  0.000e+00
   55.21788 -135.35376    102.234      3.166      3.138    14.5049    31.6244  1023.4898    23.4757    14.5044    108.061    84.3826     1.0837      8.348     6.3433     9.0652    276.793    283.291      91435         12  0.000e+00
   55.21788 -135.35376    101.858      2.787      2.761    14.5049    31.6241  1023.4878    23.4755    14.5045    108.053    84.3826     1.0837      8.348     6.3428     9.0645    276.774    283.271      91436         12  0.000e+00
   55.21788 -135.35376    102.050      2.980      2.953    14.5049    31.6242  1023.4888    23.4756    14.5045    108.054    84.3826     1.0837      8.348     6.3429     9.0646    276.775    283.272      91437         12  0.000e+00
   55.21788 -135.35376    101.882      2.787      2.761    14.5049    31.6243  1023.4880    23.4756    14.5045    108.049    84.3826     1.0837      8.348     6.3426     9.0642    276.763    283.261      91438         12  0.000e+00
   55.21788 -135.35376    101.938      2.867      2.841    14.5051    31.6240  1023.4880    23.4753    14.5047    108.049    84.3826     1.0837      8.348     6.3426     9.0642    276.763    283.260      91439         12  0.000e+00
   55.21788 -135.35376    101.938      2.843      2.818    14.5049    31.6240  1023.4880    23.4754    14.5045    108.048    84.3826     1.0837      8.348     6.3425     9.0641    276.761    283.258      91440         12  0.000e+00
   55.21788 -135.35376    102.050      2.981      2.954    14.5049    31.6238  1023.4885    23.4753    14.5045    108.055    84.3826     1.0837      8.348     6.3429     9.0647    276.778    283.276      91441         12  0.000e+00
   55.21788 -135.35376    101.794      2.722      2.698    14.5046    31.6244  1023.4879    23.4758    14.5042    108.057    84.3826     1.0837      8.348     6.3431     9.0649    276.784    283.282      91442         12  0.000e+00
   55.21788 -135.35376    102.075      2.981      2.954    14.5047    31.6240  1023.4887    23.4755    14.5043    108.066    84.3826     1.0837      8.348     6.3436     9.0657    276.809    283.307      91443         12  0.000e+00
   55.21788 -135.35376    101.794      2.722      2.698    14.5049    31.6242  1023.4876    23.4755    14.5045    108.064    84.3826     1.0837      8.348     6.3435     9.0655    276.802    283.300      91444         12  0.000e+00
   55.21788 -135.35376    102.034      2.964      2.938    14.5047    31.6237  1023.4883    23.4752    14.5043    108.070    84.3826     1.0837      8.348     6.3438     9.0660    276.818    283.316      91445         12  0.000e+00
   55.21788 -135.35376    101.818      2.746      2.722    14.5049    31.6238  1023.4875    23.4753    14.5045    108.069    84.3826     1.0837      8.348     6.3438     9.0659    276.815    283.313      91446         12  0.000e+00
   55.21788 -135.35376    101.939      2.843      2.818    14.5047    31.6240  1023.4881    23.4755    14.5043    108.073    84.3826     1.0837      8.348     6.3440     9.0663    276.826    283.324      91447         12  0.000e+00
   55.21788 -135.35376    101.963      2.868      2.842    14.5049    31.6242  1023.4883    23.4756    14.5045    108.082    84.3826     1.0837      8.348     6.3445     9.0669    276.847    283.346      91448         12  0.000e+00
   55.21788 -135.35376    101.939      2.843      2.818    14.5046    31.6241  1023.4882    23.4755    14.5042    108.085    84.3826     1.0837      8.348     6.3448     9.0673    276.858    283.357      91449         12  0.000e+00
   55.21788 -135.35376    102.075      2.981      2.954    14.5045    31.6243  1023.4889    23.4757    14.5041    108.144    84.3826     1.0837      8.348     6.3482     9.0723    277.009    283.512      91450         12  0.000e+00
   55.21788 -135.35376    101.858      2.787      2.762    14.5049    31.6244  1023.4881    23.4757    14.5045    108.098    84.3826     1.0837      8.348     6.3455     9.0683    276.889    283.389      91451         12  0.000e+00
   55.21788 -135.35376    102.075      2.981      2.954    14.5050    31.6241  1023.4886    23.4754    14.5046    108.106    84.3826     1.0837      8.348     6.3459     9.0690    276.908    283.409      91452         12  0.000e+00
   55.21788 -135.35376    101.883      2.787      2.762    14.5052    31.6239  1023.4877    23.4753    14.5048    108.109    84.2987     1.0837      8.348     6.3461     9.0691    276.914    283.415      91453         12  0.000e+00
   55.21788 -135.35376    102.075      2.981      2.954    14.5054    31.6237  1023.4883    23.4750    14.5050    108.117    84.2427     1.0837      8.348     6.3465     9.0698    276.935    283.436      91454         12  0.000e+00
   55.21788 -135.35376    101.978      2.908      2.882    14.5052    31.6241  1023.4883    23.4754    14.5048    108.122    84.2427     1.0837      8.348     6.3468     9.0703    276.949    283.450      91455         12  0.000e+00
   55.21788 -135.35376    101.938      2.868      2.842    14.5052    31.6241  1023.4882    23.4754    14.5048    108.128    84.2427     1.0837      8.348     6.3472     9.0708    276.964    283.466      91456         12  0.000e+00
   55.21788 -135.35376    101.858      2.787      2.762    14.5051    31.6239  1023.4877    23.4753    14.5047    108.129    84.2427     1.0837      8.348     6.3473     9.0709    276.967    283.469      91457         12  0.000e+00
   55.21788 -135.35376    102.034      2.965      2.938    14.5046    31.6241  1023.4887    23.4755    14.5042    108.133    84.2427     1.0837      8.348     6.3476     9.0713    276.980    283.483      91458         12  0.000e+00
   55.21788 -135.35376    101.994      2.924      2.898    14.5042    31.6240  1023.4885    23.4755    14.5038    108.187    84.2427     1.0544      8.348     6.3508     9.0760    277.122    283.627      91459         12  0.000e+00
   55.21788 -135.35376    102.034      2.965      2.938    14.5039    31.6237  1023.4886    23.4754    14.5035    108.195    84.2427     1.0837      8.348     6.3513     9.0767    277.144    283.650      91460         12  0.000e+00
   55.21788 -135.35376    102.139      3.046      3.018    14.5039    31.6244  1023.4894    23.4759    14.5034    108.204    84.2427     1.0837      8.348     6.3518     9.0773    277.164    283.671      91461         12  0.000e+00
   55.21788 -135.35376    101.914      2.844      2.818    14.5041    31.6240  1023.4882    23.4756    14.5037    108.208    84.2427     1.0544      8.348     6.3520     9.0777    277.175    283.682      91462         12  0.000e+00
