EcoFOCI/data/1_SampleCollection/2022_GOA-OA_CruiseData/CTD_raw_BottleFile_RC0083/RC0083_080.ros
* Sea-Bird SBE 9 Data File:
* FileName = C:\Data\RC0083ctd\RC0083_080.hex
* Software Version Seasave V 7.26.7.107
* Temperature SN = 2060
* Conductivity SN = 2881
* Number of Bytes Per Scan = 31
* Number of Voltage Words = 4
* Number of Scans Averaged by the Deck Unit = 1
* NMEA Latitude = 58 13.89 N
* NMEA Longitude = 134 37.83 W
* NMEA UTC (Time) = Aug 22 2022  00:40:40
* NMEA baud rate = 4800
** Ship: R/V Rachel Carson
** Cruise ID: RC0083
** Tech: McHugh/Nomura
** Chief Scientist: Cross
** Station: SPC
** Cast:  CTD080
# nquan = 21
# nvalues = 196                                   
# units = specified
# name 0 = latitude: Latitude [deg]
# name 1 = longitude: Longitude [deg]
# name 2 = sfdSM: Seafloor depth [salt water, m]
# name 3 = prDM: Pressure, Digiquartz [db]
# name 4 = depSM: Depth [salt water, m]
# name 5 = t090C: Temperature [ITS-90, deg C]
# name 6 = sal00: Salinity, Practical [PSU]
# name 7 = density00: Density [density, kg/m^3]
# name 8 = sigma-é00: Density [sigma-theta, kg/m^3]
# name 9 = potemp090C: Potential Temperature [ITS-90, deg C]
# name 10 = sbeox0PS: Oxygen, SBE 43 [% saturation]
# name 11 = CStarTr0: Beam Transmission, WET Labs C-Star [%]
# name 12 = flECO-AFL: Fluorescence, WET Labs ECO-AFL/FL [mg/m^3]
# name 13 = ph: pH
# name 14 = sbeox0ML/L: Oxygen, SBE 43 [ml/l]
# name 15 = sbeox0Mg/L: Oxygen, SBE 43 [mg/l]
# name 16 = sbox0Mm/Kg: Oxygen, SBE 43 [umol/kg]
# name 17 = sbeox0Mm/L: Oxygen, SBE 43 [umol/l]
# name 18 = scan: Scan Count
# name 19 = nbf: Bottles Fired
# name 20 = flag:  0.000e+00
# interval = seconds: 0.0416667
# start_time = Aug 22 2022 00:40:40 [NMEA time, header]
# bad_flag = -9.990e-29
*END*
[from data line 69]
   58.23050 -134.62902     35.687     25.374     25.137     9.0009    30.0015  1023.3230    23.2072     8.9984     71.968    99.2621     0.5269      8.055     4.7975     6.8562    209.399    214.259       6207          2  0.000e+00
   58.23050 -134.62902     35.623     25.310     25.073     9.0010    30.0016  1023.3227    23.2072     8.9985     71.973    99.2621     0.5269      8.055     4.7979     6.8566    209.413    214.273       6208          2  0.000e+00
   58.23050 -134.62902     35.687     25.374     25.137     9.0009    30.0016  1023.3230    23.2072     8.9984     71.924    99.2621     0.5269      8.055     4.7946     6.8519    209.269    214.126       6209          2  0.000e+00
   58.23050 -134.62902     35.623     25.310     25.073     9.0008    30.0012  1023.3224    23.2069     8.9982     71.867    99.2621     0.5562      8.055     4.7908     6.8466    209.106    213.959       6210          2  0.000e+00
   58.23050 -134.62902     35.818     25.310     25.073     9.0004    30.0015  1023.3227    23.2072     8.9979     71.861    99.2621     0.5269      8.055     4.7905     6.8461    209.091    213.943       6211          2  0.000e+00
   58.23050 -134.62902     36.053     25.374     25.137     8.9999    30.0020  1023.3235    23.2077     8.9974     71.912    99.2621     0.5269      8.055     4.7939     6.8510    209.240    214.096       6212          2  0.000e+00
   58.23050 -134.62902     36.038     25.310     25.073     8.9999    30.0018  1023.3230    23.2075     8.9974     71.912    99.2900     0.5562      8.055     4.7939     6.8510    209.240    214.096       6213          2  0.000e+00
   58.23050 -134.62902     36.038     25.310     25.073     8.9996    30.0018  1023.3231    23.2076     8.9970     71.912    99.3180     0.5269      8.055     4.7940     6.8510    209.242    214.098       6214          2  0.000e+00
   58.23050 -134.62902     36.102     25.374     25.137     8.9996    30.0017  1023.3233    23.2075     8.9970     71.857    99.3180     0.5562      8.055     4.7903     6.8458    209.083    213.935       6215          2  0.000e+00
   58.23050 -134.62902     36.160     25.310     25.073     8.9992    30.0022  1023.3234    23.2079     8.9967     71.907    99.3180     0.5562      8.055     4.7936     6.8506    209.229    214.084       6216          2  0.000e+00
   58.23050 -134.62902     36.257     25.310     25.073     8.9996    30.0024  1023.3236    23.2081     8.9970     71.958    99.3180     0.5562      8.055     4.7970     6.8553    209.373    214.232       6217          2  0.000e+00
   58.23050 -134.62902     36.257     25.310     25.073     9.0001    30.0020  1023.3232    23.2077     8.9975     71.963    99.3180     0.5562      8.055     4.7973     6.8558    209.388    214.247       6218          2  0.000e+00
   58.23050 -134.62902     36.257     25.310     25.073     9.0022    30.0012  1023.3223    23.2068     8.9997     71.913    99.3180     0.5269      8.055     4.7937     6.8507    209.232    214.087       6219          2  0.000e+00
   58.23050 -134.62902     36.346     25.374     25.137     9.0052    29.9998  1023.3210    23.2052     9.0026     71.913    99.3180     0.5562      8.055     4.7934     6.8503    209.220    214.075       6220          2  0.000e+00
   58.23050 -134.62902     36.404     25.310     25.073     9.0070    29.9990  1023.3198    23.2043     9.0044     71.912    99.3180     0.5562      8.055     4.7932     6.8500    209.210    214.065       6221          2  0.000e+00
   58.23050 -134.62902     36.477     25.310     25.073     9.0091    29.9983  1023.3189    23.2034     9.0066     71.911    99.3180     0.5269      8.055     4.7930     6.8496    209.200    214.054       6222          2  0.000e+00
   58.23050 -134.62902     36.477     25.310     25.073     9.0089    29.9992  1023.3196    23.2042     9.0064     71.911    99.3180     0.5562      8.055     4.7929     6.8496    209.199    214.053       6223          2  0.000e+00
   58.23050 -134.62902     36.477     25.310     25.073     9.0101    29.9981  1023.3186    23.2032     9.0075     71.861    99.3180     0.5269      8.055     4.7895     6.8447    209.049    213.899       6224          2  0.000e+00
   58.23050 -134.62902     36.502     25.310     25.073     9.0119    29.9970  1023.3175    23.2020     9.0093     71.861    99.3180     0.5269      8.055     4.7894     6.8445    209.043    213.893       6225          2  0.000e+00
   58.23050 -134.62902     36.599     25.310     25.073     9.0150    29.9954  1023.3158    23.2003     9.0124     71.856    99.3180     0.5562      8.050     4.7887     6.8436    209.015    213.864       6226          2  0.000e+00
   58.23050 -134.62902     36.624     25.310     25.073     9.0181    29.9938  1023.3141    23.1986     9.0155     71.906    99.3180     0.5562      8.055     4.7918     6.8480    209.150    214.002       6227          2  0.000e+00
   58.23050 -134.62902     36.624     25.310     25.073     9.0189    29.9940  1023.3141    23.1986     9.0163     71.907    99.3180     0.5562      8.055     4.7918     6.8479    209.148    214.000       6228          2  0.000e+00
   58.23050 -134.62902     36.624     25.310     25.073     9.0207    29.9936  1023.3135    23.1981     9.0181     71.963    99.3180     0.5562      8.050     4.7953     6.8530    209.305    214.160       6229          2  0.000e+00
   58.23050 -134.62902     36.673     25.310     25.073     9.0212    29.9935  1023.3134    23.1979     9.0186     71.970    99.3180     0.5562      8.055     4.7957     6.8536    209.321    214.177       6230          2  0.000e+00
   58.23050 -134.62902     36.746     25.310     25.073     9.0216    29.9933  1023.3131    23.1977     9.0191     71.920    99.3180     0.5269      8.055     4.7924     6.8488    209.175    214.027       6231          2  0.000e+00
   58.23050 -134.62902     36.770     25.310     25.073     9.0230    29.9925  1023.3123    23.1968     9.0204     71.920    99.3180     0.5269      8.055     4.7923     6.8486    209.171    214.023       6232          2  0.000e+00
   58.23050 -134.62902     36.770     25.310     25.073     9.0236    29.9926  1023.3123    23.1968     9.0210     71.859    99.2900     0.5562      8.055     4.7881     6.8427    208.990    213.838       6233          2  0.000e+00
   58.23050 -134.62902     36.770     25.310     25.073     9.0236    29.9923  1023.3120    23.1965     9.0210     71.904    99.2341     0.5269      8.050     4.7911     6.8470    209.120    213.971       6234          2  0.000e+00
   58.23050 -134.62902     36.795     25.310     25.073     9.0228    29.9930  1023.3127    23.1972     9.0203     71.898    99.2341     0.5562      8.055     4.7908     6.8465    209.106    213.957       6235          2  0.000e+00
   58.23028 -134.62868     16.439      9.963      9.870    10.8550    27.1491  1020.7396    20.6943    10.8539     87.937    95.6820     1.6991      8.224     5.7310     8.1902    250.758    255.947       7731          3  0.000e+00
   58.23028 -134.62868     16.351      9.874      9.782    10.8555    27.1470  1020.7375    20.6926    10.8544     87.940    95.6820     1.6991      8.224     5.7312     8.1905    250.768    255.957       7732          3  0.000e+00
   58.23028 -134.62868     16.471      9.995      9.902    10.8565    27.1431  1020.7348    20.6894    10.8554     87.945    95.6820     1.6991      8.224     5.7316     8.1911    250.785    255.974       7733          3  0.000e+00
   58.23028 -134.62868     16.375      9.898      9.806    10.8585    27.1369  1020.7292    20.6843    10.8574     87.948    95.6820     1.6991      8.224     5.7318     8.1913    250.794    255.982       7734          3  0.000e+00
   58.23028 -134.62868     16.407      9.931      9.838    10.8601    27.1314  1020.7248    20.6797    10.8591     87.947    95.6820     1.6991      8.224     5.7317     8.1912    250.793    255.979       7735          3  0.000e+00
   58.23028 -134.62868     16.407      9.931      9.838    10.8609    27.1270  1020.7212    20.6761    10.8599     87.946    95.6820     1.6991      8.224     5.7317     8.1912    250.792    255.978       7736          3  0.000e+00
   58.23028 -134.62868     16.351      9.874      9.782    10.8614    27.1236  1020.7183    20.6734    10.8603     87.889    95.6820     1.6991      8.224     5.7280     8.1859    250.633    255.814       7737          3  0.000e+00
   58.23028 -134.62868     16.375      9.898      9.806    10.8603    27.1283  1020.7223    20.6773    10.8592     87.938    95.6820     1.6991      8.224     5.7312     8.1904    250.769    255.954       7738          3  0.000e+00
   58.23028 -134.62868     16.407      9.931      9.838    10.8581    27.1395  1020.7315    20.6864    10.8570     87.936    95.6820     1.6991      8.224     5.7310     8.1901    250.758    255.945       7739          3  0.000e+00
   58.23028 -134.62868     16.407      9.931      9.838    10.8553    27.1499  1020.7400    20.6949    10.8542     87.885    95.6820     1.6991      8.224     5.7276     8.1853    250.608    255.795       7740          3  0.000e+00
   58.23028 -134.62868     16.439      9.963      9.870    10.8537    27.1569  1020.7459    20.7006    10.8526     87.939    95.6820     1.6991      8.228     5.7311     8.1903    250.759    255.949       7741          3  0.000e+00
   58.23028 -134.62868     17.328      9.874      9.782    10.8528    27.1613  1020.7490    20.7042    10.8517     87.942    95.6820     1.6991      8.224     5.7312     8.1905    250.763    255.955       7742          3  0.000e+00
   58.23028 -134.62868     22.781      9.931      9.838    10.8521    27.1631  1020.7508    20.7057    10.8510     87.946    95.6820     1.6991      8.224     5.7315     8.1909    250.777    255.969       7743          3  0.000e+00
   58.23028 -134.62868     25.142      9.898      9.806    10.8518    27.1631  1020.7507    20.7057    10.8507     87.999    95.6820     1.7284      8.224     5.7350     8.1959    250.929    256.125       7744          3  0.000e+00
   58.23028 -134.62868     25.320      9.931      9.838    10.8526    27.1586  1020.7472    20.7021    10.8515     87.948    95.6820     1.7284      8.224     5.7317     8.1912    250.785    255.977       7745          3  0.000e+00
   58.23028 -134.62868     25.101      9.931      9.838    10.8542    27.1541  1020.7434    20.6983    10.8532     87.945    95.6820     1.7284      8.224     5.7315     8.1909    250.777    255.968       7746          3  0.000e+00
   58.23028 -134.62868     24.947      9.874      9.782    10.8543    27.1532  1020.7424    20.6976    10.8532     87.942    95.6820     1.7284      8.224     5.7313     8.1906    250.769    255.960       7747          3  0.000e+00
   58.23028 -134.62868     25.035      9.963      9.870    10.8539    27.1519  1020.7419    20.6967    10.8528     87.940    95.6820     1.7284      8.224     5.7313     8.1906    250.769    255.959       7748          3  0.000e+00
   58.23028 -134.62868     25.003      9.931      9.838    10.8546    27.1492  1020.7395    20.6944    10.8536     87.942    95.5702     1.7284      8.224     5.7314     8.1908    250.775    255.965       7749          3  0.000e+00
   58.23028 -134.62868     24.947      9.874      9.782    10.8548    27.1483  1020.7386    20.6937    10.8538     87.944    95.3744     1.7284      8.224     5.7315     8.1909    250.781    255.970       7750          3  0.000e+00
   58.23028 -134.62868     25.035      9.963      9.870    10.8560    27.1459  1020.7370    20.6917    10.8549     87.947    95.3185     1.7284      8.224     5.7317     8.1912    250.788    255.977       7751          3  0.000e+00
   58.23028 -134.62868     24.947      9.874      9.782    10.8565    27.1451  1020.7358    20.6910    10.8554     87.948    95.3464     1.7284      8.224     5.7317     8.1912    250.790    255.979       7752          3  0.000e+00
   58.23028 -134.62868     25.003      9.931      9.838    10.8560    27.1465  1020.7373    20.6921    10.8549     87.951    95.3464     1.7284      8.224     5.7320     8.1915    250.799    255.989       7753          3  0.000e+00
   58.23028 -134.62868     25.003      9.931      9.838    10.8552    27.1503  1020.7403    20.6952    10.8541     87.954    95.3464     1.7284      8.224     5.7321     8.1917    250.804    255.995       7754          3  0.000e+00
   58.23028 -134.62868     24.971      9.898      9.806    10.8543    27.1530  1020.7424    20.6974    10.8532     87.956    95.3464     1.7284      8.224     5.7322     8.1919    250.810    256.001       7755          3  0.000e+00
   58.23028 -134.62868     25.003      9.931      9.838    10.8554    27.1492  1020.7394    20.6943    10.8543     87.959    95.3464     1.7284      8.224     5.7324     8.1922    250.819    256.009       7756          3  0.000e+00
   58.23028 -134.62868     25.467      9.931      9.838    10.8568    27.1448  1020.7358    20.6907    10.8557     87.906    95.3464     1.7284      8.224     5.7289     8.1872    250.668    255.855       7757          3  0.000e+00
   58.23028 -134.62868     25.997      9.898      9.806    10.8560    27.1482  1020.7384    20.6934    10.8549     87.903    95.3464     1.7284      8.224     5.7287     8.1869    250.659    255.846       7758          3  0.000e+00
   58.23028 -134.62868     26.175      9.931      9.838    10.8550    27.1531  1020.7425    20.6974    10.8540     87.956    95.3464     1.7284      8.224     5.7321     8.1918    250.806    255.997       7759          3  0.000e+00
   58.23028 -134.62868     26.151      9.931      9.838    10.8538    27.1567  1020.7455    20.7004    10.8527     87.904    95.3464     1.7284      8.224     5.7288     8.1870    250.658    255.847       7760          3  0.000e+00
   58.23028 -134.62868     26.126      9.931      9.838    10.8529    27.1594  1020.7478    20.7027    10.8518     87.902    95.3464     1.7284      8.224     5.7286     8.1868    250.652    255.841       7761          3  0.000e+00
   58.23028 -134.62868     26.094      9.898      9.806    10.8530    27.1595  1020.7476    20.7027    10.8519     87.894    95.3464     1.6991      8.224     5.7281     8.1861    250.630    255.819       7762          3  0.000e+00
   58.23028 -134.62868     26.126      9.931      9.838    10.8532    27.1579  1020.7465    20.7014    10.8521     87.887    95.3464     1.6991      8.224     5.7277     8.1855    250.611    255.799       7763          3  0.000e+00
   58.23028 -134.62868     26.126      9.931      9.838    10.8533    27.1570  1020.7458    20.7007    10.8522     87.935    95.3464     1.6991      8.224     5.7308     8.1899    250.748    255.939       7764          3  0.000e+00
   58.23028 -134.62868     26.094      9.898      9.806    10.8537    27.1551  1020.7442    20.6992    10.8526     87.883    95.3464     1.6991      8.224     5.7274     8.1851    250.600    255.787       7765          3  0.000e+00
   58.23028 -134.62868     26.126      9.931      9.838    10.8548    27.1513  1020.7412    20.6961    10.8537     87.930    95.3464     1.6991      8.224     5.7306     8.1895    250.737    255.927       7766          3  0.000e+00
   58.23028 -134.62868     26.126      9.931      9.838    10.8560    27.1473  1020.7379    20.6928    10.8549     87.922    95.3464     1.6991      8.224     5.7300     8.1888    250.715    255.903       7767          3  0.000e+00
   58.23028 -134.62868     26.070      9.874      9.782    10.8573    27.1435  1020.7345    20.6896    10.8562     87.919    95.3464     1.6991      8.224     5.7298     8.1884    250.705    255.892       7768          3  0.000e+00
   58.23028 -134.62868     26.158      9.963      9.870    10.8579    27.1414  1020.7331    20.6878    10.8568     87.917    95.4024     1.6991      8.224     5.7296     8.1882    250.699    255.885       7769          3  0.000e+00
