EcoFOCI/data/1_SampleCollection/2022_GOA-OA_CruiseData/CTD_raw_BottleFile_RC0083/RC0083_037.ros
* Sea-Bird SBE 9 Data File:
* FileName = C:\Data\RC0083ctd\RC0083_037.hex
* Software Version Seasave V 7.26.7.107
* Temperature SN = 2060
* Conductivity SN = 1084
* Number of Bytes Per Scan = 31
* Number of Voltage Words = 4
* Number of Scans Averaged by the Deck Unit = 1
* NMEA Latitude = 58 04.74 N
* NMEA Longitude = 135 00.17 W
* NMEA UTC (Time) = Aug 18 2022  09:04:23
* NMEA baud rate = 4800
** Ship: R/V Rachel Carson
** Cruise ID: RC0083
** Tech: McHugh/Nomura
** Chief Scientist: Cross
** Station: UCA
** Cast:  CTD037
# nquan = 21
# nvalues = 392                                   
# units = specified
# name 0 = latitude: Latitude [deg]
# name 1 = longitude: Longitude [deg]
# name 2 = sfdSM: Seafloor depth [salt water, m]
# name 3 = prDM: Pressure, Digiquartz [db]
# name 4 = depSM: Depth [salt water, m]
# name 5 = t090C: Temperature [ITS-90, deg C]
# name 6 = sal00: Salinity, Practical [PSU]
# name 7 = density00: Density [density, kg/m^3]
# name 8 = sigma-é00: Density [sigma-theta, kg/m^3]
# name 9 = potemp090C: Potential Temperature [ITS-90, deg C]
# name 10 = sbeox0PS: Oxygen, SBE 43 [% saturation]
# name 11 = CStarTr0: Beam Transmission, WET Labs C-Star [%]
# name 12 = flECO-AFL: Fluorescence, WET Labs ECO-AFL/FL [mg/m^3]
# name 13 = ph: pH
# name 14 = sbeox0ML/L: Oxygen, SBE 43 [ml/l]
# name 15 = sbeox0Mg/L: Oxygen, SBE 43 [mg/l]
# name 16 = sbox0Mm/Kg: Oxygen, SBE 43 [umol/kg]
# name 17 = sbeox0Mm/L: Oxygen, SBE 43 [umol/l]
# name 18 = scan: Scan Count
# name 19 = nbf: Bottles Fired
# name 20 = flag:  0.000e+00
# interval = seconds: 0.0416667
# start_time = Aug 18 2022 09:04:23 [NMEA time, header]
# bad_flag = -9.990e-29
*END*
[from data line 138]
   58.07800 -135.00068    249.624    152.462    150.992     5.3060    33.1952  1026.9157    26.2110     5.2942     30.042   101.9191    -0.0884      7.678     2.1352     3.0514     92.922     95.358      23309          3  0.000e+00
   58.07800 -135.00068    249.753    152.591    151.120     5.3059    33.1949  1026.9161    26.2108     5.2941     30.049   101.9191    -0.0884      7.678     2.1357     3.0521     92.943     95.379      23310          3  0.000e+00
   58.07800 -135.00068    249.745    152.583    151.112     5.3057    33.1952  1026.9163    26.2111     5.2939     30.055   101.9191    -0.0884      7.678     2.1361     3.0527     92.962     95.399      23311          3  0.000e+00
   58.07800 -135.00068    249.576    152.413    150.944     5.3060    33.1946  1026.9150    26.2106     5.2942     30.003   101.9191    -0.0884      7.678     2.1324     3.0474     92.802     95.234      23312          3  0.000e+00
   58.07800 -135.00068    249.745    152.583    151.112     5.3060    33.1947  1026.9159    26.2107     5.2942     30.003   101.9191    -0.0884      7.678     2.1324     3.0474     92.801     95.233      23313          3  0.000e+00
   58.07800 -135.00068    249.745    152.583    151.112     5.3059    33.1948  1026.9160    26.2108     5.2941     30.003   101.9191    -0.0884      7.678     2.1324     3.0474     92.800     95.232      23314          3  0.000e+00
   58.07800 -135.00068    249.640    152.478    151.008     5.3060    33.1948  1026.9155    26.2108     5.2942     30.003   101.9191    -0.0884      7.678     2.1324     3.0474     92.799     95.232      23315          3  0.000e+00
   58.07800 -135.00068    249.624    152.462    150.992     5.3060    33.1950  1026.9155    26.2109     5.2942     30.003   101.9191    -0.0884      7.673     2.1324     3.0475     92.802     95.235      23316          3  0.000e+00
   58.07800 -135.00068    249.697    152.534    151.064     5.3057    33.1951  1026.9160    26.2110     5.2939     29.997   101.9191    -0.0884      7.678     2.1320     3.0468     92.782     95.214      23317          3  0.000e+00
   58.07792 -135.00034    199.545    101.882    100.912     5.3625    32.4778  1026.1078    25.6362     5.3547     43.512   103.5134    -0.0591      7.736     3.1032     4.4347    135.123    138.588      26016          4  0.000e+00
   58.07792 -135.00034    199.457    101.793    100.824     5.3627    32.4777  1026.1073    25.6361     5.3549     43.506   103.5134    -0.0591      7.736     3.1028     4.4342    135.106    138.569      26017          4  0.000e+00
   58.07792 -135.00034    199.545    101.882    100.912     5.3625    32.4780  1026.1080    25.6364     5.3547     43.558   103.5134    -0.0591      7.736     3.1065     4.4395    135.269    138.737      26018          4  0.000e+00
   58.07792 -135.00034    199.513    101.850    100.880     5.3625    32.4777  1026.1076    25.6361     5.3547     43.504   103.5134    -0.0591      7.736     3.1026     4.4340    135.100    138.563      26019          4  0.000e+00
   58.07792 -135.00034    199.601    101.939    100.968     5.3628    32.4774  1026.1077    25.6359     5.3550     43.499   103.5134    -0.0591      7.736     3.1023     4.4334    135.084    138.547      26020          4  0.000e+00
   58.07792 -135.00034    199.457    101.793    100.824     5.3627    32.4777  1026.1073    25.6361     5.3549     43.550   103.5134    -0.0591      7.736     3.1059     4.4386    135.242    138.709      26021          4  0.000e+00
   58.07792 -135.00034    199.545    101.882    100.912     5.3625    32.4778  1026.1078    25.6362     5.3547     43.553   103.5134    -0.0591      7.736     3.1061     4.4389    135.251    138.719      26022          4  0.000e+00
   58.07792 -135.00034    199.513    101.850    100.880     5.3625    32.4774  1026.1073    25.6359     5.3547     43.497   103.5134    -0.0591      7.736     3.1022     4.4333    135.080    138.543      26023          4  0.000e+00
   58.07792 -135.00034    199.545    101.882    100.912     5.3628    32.4773  1026.1074    25.6358     5.3550     43.491   103.4854    -0.0591      7.731     3.1017     4.4327    135.060    138.523      26024          4  0.000e+00
   58.07792 -135.00034    199.545    101.882    100.912     5.3625    32.4775  1026.1076    25.6360     5.3547     43.485   103.5134    -0.0591      7.736     3.1013     4.4321    135.042    138.504      26025          4  0.000e+00
   58.07792 -135.00034    199.457    101.793    100.824     5.3628    32.4775  1026.1071    25.6359     5.3550     43.536   103.4854    -0.0591      7.736     3.1049     4.4372    135.198    138.664      26026          4  0.000e+00
   58.07792 -135.00034    199.545    101.882    100.912     5.3628    32.4777  1026.1077    25.6361     5.3550     43.538   103.4854    -0.0591      7.736     3.1050     4.4374    135.205    138.671      26027          4  0.000e+00
   58.07792 -135.00034    199.513    101.850    100.880     5.3627    32.4779  1026.1077    25.6363     5.3549     43.482   103.4854    -0.0591      7.731     3.1011     4.4317    135.031    138.493      26028          4  0.000e+00
   58.07792 -135.00034    199.545    101.882    100.912     5.3625    32.4774  1026.1075    25.6359     5.3547     43.475   103.5134    -0.0591      7.736     3.1006     4.4311    135.012    138.473      26029          4  0.000e+00
   58.07792 -135.00034    199.513    101.850    100.880     5.3628    32.4770  1026.1070    25.6355     5.3550     43.477   103.5134    -0.0591      7.736     3.1007     4.4312    135.016    138.477      26030          4  0.000e+00
   58.07792 -135.00034    199.481    101.817    100.848     5.3628    32.4772  1026.1070    25.6357     5.3550     43.479   103.4854    -0.0591      7.736     3.1008     4.4314    135.021    138.483      26031          4  0.000e+00
   58.07792 -135.00034    199.577    101.914    100.944     5.3625    32.4772  1026.1075    25.6358     5.3547     43.539   103.5134    -0.0591      7.736     3.1051     4.4375    135.209    138.675      26032          4  0.000e+00
   58.07792 -135.00034    199.481    101.817    100.848     5.3629    32.4768  1026.1067    25.6354     5.3552     43.483   103.4854    -0.0591      7.736     3.1011     4.4318    135.035    138.497      26033          4  0.000e+00
   58.07792 -135.00034    199.577    101.915    100.944     5.3627    32.4771  1026.1074    25.6356     5.3549     43.478   103.4854    -0.0591      7.736     3.1008     4.4313    135.018    138.480      26034          4  0.000e+00
   58.07792 -135.00034    199.481    101.817    100.848     5.3628    32.4771  1026.1070    25.6357     5.3550     43.528   103.4854    -0.0591      7.736     3.1043     4.4364    135.175    138.640      26035          4  0.000e+00
   58.07792 -135.00034    199.513    101.850    100.880     5.3628    32.4768  1026.1068    25.6354     5.3550     43.473   103.4854    -0.0591      7.736     3.1004     4.4308    135.003    138.464      26036          4  0.000e+00
   58.07792 -135.00034    199.545    101.882    100.912     5.3628    32.4771  1026.1072    25.6356     5.3550     43.467   103.4854    -0.0591      7.736     3.1000     4.4301    134.984    138.444      26037          4  0.000e+00
   58.07792 -135.00034    199.513    101.850    100.880     5.3632    32.4765  1026.1065    25.6351     5.3554     43.517   103.4854    -0.0591      7.736     3.1035     4.4353    135.140    138.604      26038          4  0.000e+00
   58.07792 -135.00034    199.545    101.882    100.912     5.3627    32.4772  1026.1073    25.6357     5.3549     43.461   103.4854    -0.0591      7.736     3.0996     4.4296    134.968    138.428      26039          4  0.000e+00
   58.07792 -135.00034    199.513    101.850    100.880     5.3628    32.4770  1026.1070    25.6356     5.3550     43.463   103.4854    -0.0591      7.736     3.0997     4.4298    134.972    138.433      26040          4  0.000e+00
   58.07792 -135.00034    199.481    101.817    100.848     5.3627    32.4771  1026.1070    25.6357     5.3549     43.465   103.4854    -0.0591      7.736     3.0998     4.4300    134.979    138.439      26041          4  0.000e+00
   58.07792 -135.00034    199.513    101.850    100.880     5.3629    32.4766  1026.1067    25.6352     5.3552     43.467   103.4854    -0.0591      7.736     3.1000     4.4302    134.986    138.447      26042          4  0.000e+00
   58.07792 -135.00034    199.545    101.882    100.913     5.3628    32.4766  1026.1068    25.6353     5.3550     43.462   103.4854    -0.0591      7.736     3.0996     4.4297    134.969    138.429      26043          4  0.000e+00
   58.07792 -135.00034    199.513    101.850    100.880     5.3628    32.4766  1026.1067    25.6353     5.3550     43.456   103.4854    -0.0591      7.736     3.0992     4.4291    134.951    138.410      26044          4  0.000e+00
   58.07792 -135.00034    199.545    101.882    100.913     5.3628    32.4766  1026.1069    25.6353     5.3550     43.459   103.4854    -0.0591      7.736     3.0994     4.4294    134.960    138.419      26045          4  0.000e+00
   58.07792 -135.00034    199.513    101.850    100.880     5.3630    32.4767  1026.1067    25.6353     5.3553     43.453   103.4854    -0.0591      7.736     3.0990     4.4288    134.941    138.401      26046          4  0.000e+00
   58.07792 -135.00034    199.481    101.818    100.848     5.3628    32.4771  1026.1070    25.6357     5.3550     43.447   103.4854    -0.0591      7.736     3.0986     4.4282    134.924    138.383      26047          4  0.000e+00
   58.07792 -135.00034    199.513    101.850    100.881     5.3629    32.4764  1026.1065    25.6351     5.3552     43.508   103.4854    -0.0591      7.731     3.1029     4.4344    135.112    138.576      26048          4  0.000e+00
   58.07792 -135.00034    199.545    101.882    100.913     5.3628    32.4766  1026.1068    25.6352     5.3550     43.462   103.4854    -0.0591      7.736     3.0996     4.4297    134.970    138.430      26049          4  0.000e+00
   58.07792 -135.00034    199.481    101.818    100.848     5.3630    32.4765  1026.1064    25.6351     5.3553     43.514   103.4854    -0.0591      7.736     3.1033     4.4350    135.130    138.594      26050          4  0.000e+00
   58.07792 -135.00034    199.513    101.850    100.881     5.3629    32.4765  1026.1066    25.6351     5.3552     43.517   103.4854    -0.0591      7.736     3.1035     4.4353    135.139    138.604      26051          4  0.000e+00
   58.07792 -135.00034    199.545    101.882    100.913     5.3628    32.4766  1026.1068    25.6353     5.3550     43.462   103.4854    -0.0591      7.736     3.0996     4.4297    134.970    138.430      26052          4  0.000e+00
   58.07792 -135.00034    199.513    101.850    100.881     5.3630    32.4760  1026.1062    25.6348     5.3553     43.513   103.4854    -0.0591      7.736     3.1033     4.4349    135.129    138.593      26053          4  0.000e+00
   58.07792 -135.00034    199.481    101.818    100.848     5.3629    32.4762  1026.1062    25.6349     5.3552     43.458   103.4854    -0.0591      7.731     3.0994     4.4293    134.957    138.417      26054          4  0.000e+00
   58.07792 -135.00034    199.513    101.850    100.881     5.3627    32.4763  1026.1064    25.6350     5.3549     43.461   103.4854    -0.0591      7.731     3.0996     4.4296    134.966    138.426      26055          4  0.000e+00
   58.07792 -135.00034    199.481    101.818    100.849     5.3628    32.4757  1026.1058    25.6345     5.3550     43.463   103.4854    -0.0591      7.736     3.0997     4.4298    134.974    138.434      26056          4  0.000e+00
   58.07792 -135.00034    199.577    101.915    100.945     5.3629    32.4758  1026.1063    25.6346     5.3552     43.458   103.4854    -0.0591      7.736     3.0994     4.4293    134.958    138.418      26057          4  0.000e+00
   58.07792 -135.00034    199.481    101.818    100.849     5.3630    32.4757  1026.1058    25.6345     5.3553     43.452   103.4854    -0.0591      7.736     3.0989     4.4287    134.940    138.399      26058          4  0.000e+00
   58.07792 -135.00034    199.457    101.793    100.824     5.3630    32.4754  1026.1054    25.6342     5.3553     43.504   103.4854    -0.0591      7.736     3.1026     4.4340    135.100    138.563      26059          4  0.000e+00
   58.07792 -135.00034    199.545    101.882    100.913     5.3629    32.4752  1026.1057    25.6341     5.3552     43.449   103.4854    -0.0591      7.736     3.0988     4.4284    134.932    138.391      26060          4  0.000e+00
   58.07792 -135.00034    199.513    101.850    100.881     5.3630    32.4757  1026.1059    25.6345     5.3553     43.452   103.4854    -0.0591      7.736     3.0989     4.4287    134.939    138.398      26061          4  0.000e+00
   58.07792 -135.00034    199.545    101.882    100.913     5.3628    32.4756  1026.1061    25.6345     5.3550     43.512   103.4854    -0.0591      7.736     3.1033     4.4349    135.128    138.591      26062          4  0.000e+00
   58.07792 -135.00034    199.457    101.793    100.825     5.3629    32.4752  1026.1053    25.6341     5.3552     43.466   103.4854    -0.0591      7.736     3.0999     4.4301    134.983    138.444      26063          4  0.000e+00
   58.07792 -135.00034    199.545    101.882    100.913     5.3628    32.4756  1026.1061    25.6345     5.3550     43.470   103.4854    -0.0591      7.736     3.1002     4.4305    134.996    138.456      26064          4  0.000e+00
   58.07784 -135.00000    149.010     50.855     50.377     7.7625    30.6752  1024.1461    23.9129     7.7578     63.302    99.2061     0.1167      7.959     4.3205     6.1744    188.448    192.954      28730          5  0.000e+00
   58.07784 -135.00000    149.138     50.984     50.505     7.7628    30.6744  1024.1461    23.9123     7.7581     63.303    99.2061     0.1167      7.959     4.3206     6.1745    188.451    192.957      28731          5  0.000e+00
   58.07784 -135.00000    149.074     50.920     50.441     7.7630    30.6743  1024.1456    23.9121     7.7583     63.302    99.2061     0.1167      7.959     4.3205     6.1745    188.448    192.955      28732          5  0.000e+00
   58.07784 -135.00000    148.962     50.806     50.329     7.7628    30.6747  1024.1455    23.9125     7.7582     63.301    99.2061     0.1167      7.959     4.3205     6.1744    188.446    192.952      28733          5  0.000e+00
   58.07784 -135.00000    149.010     50.855     50.377     7.7630    30.6744  1024.1455    23.9122     7.7583     63.357    99.2061     0.1167      7.959     4.3243     6.1798    188.612    193.122      28734          5  0.000e+00
   58.07784 -135.00000    149.074     50.920     50.441     7.7633    30.6746  1024.1459    23.9123     7.7587     63.309    99.2061     0.1167      7.959     4.3209     6.1751    188.467    192.973      28735          5  0.000e+00
   58.07784 -135.00000    149.010     50.855     50.377     7.7637    30.6741  1024.1451    23.9119     7.7590     63.308    99.2061     0.1167      7.959     4.3209     6.1749    188.463    192.970      28736          5  0.000e+00
   58.07784 -135.00000    149.018     50.863     50.385     7.7637    30.6740  1024.1451    23.9118     7.7590     63.308    99.2061     0.1167      7.959     4.3209     6.1749    188.463    192.969      28737          5  0.000e+00
   58.07784 -135.00000    149.074     50.920     50.441     7.7635    30.6742  1024.1455    23.9120     7.7588     63.308    99.2061     0.1167      7.959     4.3209     6.1750    188.464    192.971      28738          5  0.000e+00
   58.07784 -135.00000    149.018     50.863     50.385     7.7635    30.6741  1024.1452    23.9119     7.7589     63.307    99.2061     0.1167      7.959     4.3208     6.1749    188.461    192.968      28739          5  0.000e+00
