EcoFOCI/data/1_SampleCollection/2022_GOA-OA_CruiseData/CTD_raw_BottleFile_RC0083/RC0083_036.ros
* Sea-Bird SBE 9 Data File:
* FileName = C:\Data\RC0083ctd\RC0083_036.hex
* Software Version Seasave V 7.26.7.107
* Temperature SN = 2060
* Conductivity SN = 1084
* Number of Bytes Per Scan = 31
* Number of Voltage Words = 4
* Number of Scans Averaged by the Deck Unit = 1
* NMEA Latitude = 58 06.17 N
* NMEA Longitude = 135 00.91 W
* NMEA UTC (Time) = Aug 18 2022  08:22:02
* NMEA baud rate = 4800
** Ship: R/V Rachel Carson
** Cruise ID: RC0083
** Tech: McHugh/Nomura
** Chief Scientist: Cross
** Station: UCB
** Cast:  CTD036
# nquan = 21
# nvalues = 196                                   
# units = specified
# name 0 = latitude: Latitude [deg]
# name 1 = longitude: Longitude [deg]
# name 2 = sfdSM: Seafloor depth [salt water, m]
# name 3 = prDM: Pressure, Digiquartz [db]
# name 4 = depSM: Depth [salt water, m]
# name 5 = t090C: Temperature [ITS-90, deg C]
# name 6 = sal00: Salinity, Practical [PSU]
# name 7 = density00: Density [density, kg/m^3]
# name 8 = sigma-é00: Density [sigma-theta, kg/m^3]
# name 9 = potemp090C: Potential Temperature [ITS-90, deg C]
# name 10 = sbeox0PS: Oxygen, SBE 43 [% saturation]
# name 11 = CStarTr0: Beam Transmission, WET Labs C-Star [%]
# name 12 = flECO-AFL: Fluorescence, WET Labs ECO-AFL/FL [mg/m^3]
# name 13 = ph: pH
# name 14 = sbeox0ML/L: Oxygen, SBE 43 [ml/l]
# name 15 = sbeox0Mg/L: Oxygen, SBE 43 [mg/l]
# name 16 = sbox0Mm/Kg: Oxygen, SBE 43 [umol/kg]
# name 17 = sbeox0Mm/L: Oxygen, SBE 43 [umol/l]
# name 18 = scan: Scan Count
# name 19 = nbf: Bottles Fired
# name 20 = flag:  0.000e+00
# interval = seconds: 0.0416667
# start_time = Aug 18 2022 08:22:02 [NMEA time, header]
# bad_flag = -9.990e-29
*END*
[from data line 69]
   58.10142 -135.01490    174.054     76.141     75.421     5.9701    31.7759  1025.3619    25.0101     5.9640     57.712    97.5839    -0.0005      7.836     4.0763     5.8254    177.604    182.046      17786          2  0.000e+00
   58.10142 -135.01490    173.998     76.085     75.365     5.9702    31.7762  1025.3618    25.0103     5.9641     57.712    97.5839    -0.0005      7.836     4.0763     5.8254    177.605    182.047      17787          2  0.000e+00
   58.10142 -135.01490    173.998     76.085     75.365     5.9702    31.7757  1025.3614    25.0099     5.9641     57.713    97.5839    -0.0005      7.836     4.0764     5.8255    177.608    182.050      17788          2  0.000e+00
   58.10142 -135.01490    174.054     76.141     75.421     5.9702    31.7756  1025.3617    25.0099     5.9641     57.715    97.5839    -0.0005      7.836     4.0765     5.8257    177.613    182.055      17789          2  0.000e+00
   58.10142 -135.01490    173.998     76.085     75.365     5.9702    31.7759  1025.3616    25.0101     5.9641     57.715    97.5839    -0.0005      7.836     4.0765     5.8257    177.614    182.056      17790          2  0.000e+00
   58.10142 -135.01490    174.054     76.141     75.421     5.9702    31.7762  1025.3621    25.0103     5.9641     57.717    97.5839    -0.0005      7.836     4.0766     5.8258    177.618    182.060      17791          2  0.000e+00
   58.10142 -135.01490    173.998     76.085     75.365     5.9702    31.7763  1025.3619    25.0104     5.9641     57.717    97.5839    -0.0005      7.836     4.0766     5.8259    177.620    182.062      17792          2  0.000e+00
   58.10142 -135.01490    174.054     76.141     75.421     5.9701    31.7762  1025.3621    25.0103     5.9640     57.719    97.5839     0.0288      7.836     4.0767     5.8261    177.625    182.067      17793          2  0.000e+00
   58.10142 -135.01490    174.054     76.141     75.421     5.9702    31.7760  1025.3620    25.0102     5.9641     57.720    97.5839     0.0288      7.836     4.0768     5.8262    177.627    182.070      17794          2  0.000e+00
   58.10142 -135.01490    173.998     76.085     75.365     5.9701    31.7761  1025.3618    25.0103     5.9640     57.720    97.5839     0.0288      7.836     4.0769     5.8262    177.630    182.072      17795          2  0.000e+00
   58.10142 -135.01490    174.054     76.141     75.421     5.9701    31.7759  1025.3619    25.0101     5.9640     57.722    97.5839     0.0288      7.836     4.0770     5.8264    177.634    182.077      17796          2  0.000e+00
   58.10142 -135.01490    174.054     76.141     75.421     5.9701    31.7763  1025.3622    25.0104     5.9640     57.723    97.5839     0.0288      7.836     4.0770     5.8265    177.637    182.080      17797          2  0.000e+00
   58.10142 -135.01490    173.998     76.085     75.365     5.9703    31.7759  1025.3616    25.0101     5.9643     57.723    97.5839     0.0288      7.836     4.0770     5.8265    177.638    182.080      17798          2  0.000e+00
   58.10142 -135.01490    174.054     76.141     75.421     5.9702    31.7758  1025.3618    25.0100     5.9641     57.724    97.5839     0.0288      7.836     4.0772     5.8267    177.643    182.086      17799          2  0.000e+00
   58.10142 -135.01490    174.054     76.141     75.421     5.9702    31.7765  1025.3624    25.0106     5.9641     57.725    97.5839     0.0288      7.836     4.0772     5.8267    177.645    182.088      17800          2  0.000e+00
   58.10142 -135.01490    173.998     76.085     75.365     5.9703    31.7761  1025.3617    25.0102     5.9643     57.726    97.8357     0.0288      7.836     4.0772     5.8268    177.646    182.089      17801          2  0.000e+00
   58.10142 -135.01490    174.110     76.198     75.477     5.9702    31.7760  1025.3622    25.0102     5.9641     57.728    99.1502     0.0288      7.836     4.0774     5.8270    177.653    182.096      17802          2  0.000e+00
   58.10142 -135.01490    173.998     76.085     75.365     5.9701    31.7703  1025.3572    25.0057     5.9640     57.728    99.7655     0.0288      7.836     4.0776     5.8272    177.661    182.104      17803          2  0.000e+00
   58.10142 -135.01490    173.998     76.085     75.365     5.9702    31.7652  1025.3531    25.0016     5.9641     57.729    99.7935     0.0288      7.836     4.0778     5.8275    177.671    182.113      17804          2  0.000e+00
   58.10142 -135.01490    174.054     76.141     75.421     5.9701    31.7732  1025.3598    25.0080     5.9640     57.730    99.7376     0.0288      7.836     4.0777     5.8274    177.665    182.108      17805          2  0.000e+00
   58.10142 -135.01490    174.054     76.141     75.421     5.9698    31.7761  1025.3621    25.0103     5.9638     57.731    99.7096     0.0288      7.836     4.0777     5.8274    177.665    182.109      17806          2  0.000e+00
   58.10142 -135.01490    173.998     76.085     75.365     5.9698    31.7761  1025.3618    25.0103     5.9638     57.732    99.7096     0.0288      7.836     4.0777     5.8275    177.667    182.110      17807          2  0.000e+00
   58.10142 -135.01490    174.054     76.141     75.421     5.9701    31.7760  1025.3620    25.0102     5.9640     57.733    99.7096     0.0288      7.836     4.0778     5.8276    177.670    182.114      17808          2  0.000e+00
   58.10142 -135.01490    174.054     76.141     75.421     5.9698    31.7763  1025.3622    25.0105     5.9638     57.734    99.7096     0.0288      7.836     4.0779     5.8277    177.674    182.118      17809          2  0.000e+00
   58.10142 -135.01490    174.054     76.141     75.421     5.9702    31.7762  1025.3621    25.0103     5.9641     57.735    99.7096     0.0288      7.836     4.0779     5.8277    177.676    182.119      17810          2  0.000e+00
   58.10142 -135.01490    174.054     76.141     75.421     5.9698    31.7764  1025.3623    25.0105     5.9638     57.736    99.7096     0.0288      7.836     4.0780     5.8279    177.680    182.124      17811          2  0.000e+00
   58.10142 -135.01490    173.998     76.085     75.365     5.9697    31.7769  1025.3624    25.0109     5.9636     57.737    99.7096     0.0288      7.836     4.0781     5.8279    177.682    182.126      17812          2  0.000e+00
   58.10142 -135.01490    174.054     76.141     75.421     5.9696    31.7772  1025.3629    25.0111     5.9635     57.738    99.7096    -0.0005      7.836     4.0782     5.8281    177.686    182.130      17813          2  0.000e+00
   58.10142 -135.01490    174.054     76.141     75.421     5.9697    31.7766  1025.3625    25.0107     5.9636     57.739    99.7096    -0.0005      7.836     4.0782     5.8282    177.689    182.134      17814          2  0.000e+00
   58.10132 -135.01476    124.052     25.660     25.420     8.1319    30.0752  1023.5083    23.3907     8.1295     65.594    95.3464     0.5856      7.977     4.4569     6.3693    194.495    199.045      20060          3  0.000e+00
   58.10132 -135.01476    124.108     25.716     25.476     8.1319    30.0748  1023.5083    23.3904     8.1295     65.592    95.3185     0.5856      7.977     4.4568     6.3692    194.490    199.039      20061          3  0.000e+00
   58.10132 -135.01476    123.876     25.482     25.244     8.1320    30.0749  1023.5072    23.3904     8.1297     65.643    95.3185     0.5856      7.977     4.4602     6.3741    194.640    199.193      20062          3  0.000e+00
   58.10132 -135.01476    124.109     25.716     25.476     8.1319    30.0749  1023.5084    23.3905     8.1295     65.594    95.3185     0.5856      7.977     4.4569     6.3694    194.496    199.045      20063          3  0.000e+00
   58.10132 -135.01476    123.988     25.595     25.356     8.1314    30.0756  1023.5084    23.3911     8.1290     65.646    95.3185     0.5856      7.977     4.4604     6.3744    194.650    199.203      20064          3  0.000e+00
   58.10132 -135.01476    124.053     25.660     25.420     8.1314    30.0753  1023.5085    23.3908     8.1290     65.595    95.3185     0.5856      7.973     4.4570     6.3695    194.501    199.050      20065          3  0.000e+00
   58.10132 -135.01476    123.988     25.595     25.356     8.1319    30.0749  1023.5078    23.3905     8.1295     65.591    95.3185     0.5856      7.977     4.4567     6.3691    194.489    199.038      20066          3  0.000e+00
   58.10132 -135.01476    124.053     25.660     25.420     8.1319    30.0748  1023.5080    23.3904     8.1295     65.589    95.2905     0.5856      7.977     4.4566     6.3689    194.482    199.031      20067          3  0.000e+00
   58.10132 -135.01476    124.053     25.660     25.420     8.1320    30.0750  1023.5081    23.3905     8.1296     65.586    95.3185     0.5856      7.977     4.4564     6.3686    194.472    199.021      20068          3  0.000e+00
   58.10132 -135.01476    123.989     25.595     25.356     8.1320    30.0751  1023.5080    23.3907     8.1296     65.645    95.2905     0.5856      7.977     4.4604     6.3743    194.647    199.200      20069          3  0.000e+00
   58.10132 -135.01476    124.053     25.660     25.420     8.1320    30.0749  1023.5081    23.3905     8.1296     65.650    95.3185     0.5856      7.977     4.4607     6.3748    194.661    199.214      20070          3  0.000e+00
   58.10132 -135.01476    123.989     25.595     25.356     8.1320    30.0749  1023.5078    23.3905     8.1296     65.598    95.2905     0.5856      7.973     4.4572     6.3697    194.507    199.057      20071          3  0.000e+00
   58.10132 -135.01476    124.053     25.660     25.420     8.1324    30.0747  1023.5079    23.3903     8.1300     65.595    95.2905     0.5856      7.977     4.4569     6.3694    194.498    199.047      20072          3  0.000e+00
   58.10132 -135.01476    124.053     25.660     25.420     8.1324    30.0746  1023.5078    23.3902     8.1300     65.592    95.3185     0.5856      7.977     4.4567     6.3691    194.488    199.038      20073          3  0.000e+00
   58.10132 -135.01476    124.053     25.660     25.420     8.1325    30.0742  1023.5075    23.3899     8.1301     65.644    95.2905     0.5856      7.977     4.4603     6.3742    194.642    199.195      20074          3  0.000e+00
   58.10132 -135.01476    123.989     25.595     25.356     8.1322    30.0749  1023.5078    23.3905     8.1298     65.592    95.3185     0.5856      7.977     4.4567     6.3691    194.488    199.038      20075          3  0.000e+00
   58.10132 -135.01476    124.053     25.660     25.420     8.1322    30.0752  1023.5083    23.3907     8.1298     65.596    95.2905     0.5856      7.977     4.4570     6.3695    194.501    199.050      20076          3  0.000e+00
   58.10132 -135.01476    124.053     25.660     25.420     8.1322    30.0747  1023.5079    23.3903     8.1298     65.593    95.2905     0.5856      7.977     4.4568     6.3692    194.492    199.041      20077          3  0.000e+00
   58.10132 -135.01476    123.989     25.595     25.356     8.1322    30.0747  1023.5076    23.3903     8.1298     65.589    95.2905     0.5856      7.977     4.4566     6.3689    194.481    199.030      20078          3  0.000e+00
   58.10132 -135.01476    124.053     25.660     25.420     8.1320    30.0746  1023.5079    23.3903     8.1296     65.594    95.2905     0.5856      7.973     4.4569     6.3693    194.495    199.045      20079          3  0.000e+00
   58.10132 -135.01476    124.053     25.660     25.420     8.1320    30.0748  1023.5080    23.3904     8.1296     65.591    95.2905     0.5856      7.977     4.4567     6.3690    194.486    199.036      20080          3  0.000e+00
   58.10132 -135.01476    123.989     25.595     25.356     8.1320    30.0751  1023.5079    23.3906     8.1296     65.643    95.2905     0.5856      7.977     4.4602     6.3741    194.639    199.192      20081          3  0.000e+00
   58.10132 -135.01476    124.053     25.660     25.420     8.1322    30.0748  1023.5080    23.3904     8.1298     65.592    95.2905     0.5856      7.977     4.4567     6.3691    194.488    199.038      20082          3  0.000e+00
   58.10132 -135.01476    124.053     25.660     25.420     8.1322    30.0747  1023.5079    23.3903     8.1298     65.644    95.2905     0.5562      7.977     4.4603     6.3742    194.642    199.195      20083          3  0.000e+00
   58.10132 -135.01476    124.053     25.660     25.420     8.1322    30.0749  1023.5081    23.3905     8.1298     65.592    95.2905     0.5562      7.977     4.4567     6.3691    194.489    199.038      20084          3  0.000e+00
   58.10132 -135.01476    123.989     25.595     25.356     8.1320    30.0753  1023.5081    23.3908     8.1296     65.595    95.2625     0.5562      7.977     4.4570     6.3695    194.499    199.048      20085          3  0.000e+00
   58.10132 -135.01476    124.053     25.660     25.420     8.1320    30.0752  1023.5083    23.3907     8.1296     65.648    95.1786     0.5562      7.977     4.4605     6.3746    194.654    199.208      20086          3  0.000e+00
   58.10132 -135.01476    124.053     25.660     25.420     8.1322    30.0748  1023.5080    23.3904     8.1298     65.603    95.1506     0.5562      7.973     4.4575     6.3702    194.523    199.073      20087          3  0.000e+00
   58.10132 -135.01476    124.053     25.660     25.420     8.1320    30.0748  1023.5080    23.3904     8.1296     65.600    95.1506     0.5856      7.977     4.4573     6.3699    194.514    199.064      20088          3  0.000e+00
   58.10132 -135.01476    123.989     25.595     25.356     8.1322    30.0751  1023.5080    23.3907     8.1298     65.604    95.1786     0.5562      7.977     4.4575     6.3703    194.523    199.073      20089          3  0.000e+00
   58.10132 -135.01476    124.053     25.660     25.420     8.1322    30.0747  1023.5079    23.3903     8.1298     65.601    95.1786     0.5562      7.977     4.4574     6.3700    194.517    199.067      20090          3  0.000e+00
   58.10132 -135.01476    124.053     25.660     25.420     8.1322    30.0749  1023.5080    23.3904     8.1298     65.653    95.1786     0.5562      7.977     4.4609     6.3751    194.671    199.225      20091          3  0.000e+00
   58.10132 -135.01476    123.989     25.595     25.356     8.1320    30.0751  1023.5080    23.3907     8.1296     65.602    95.1506     0.5562      7.977     4.4574     6.3701    194.518    199.068      20092          3  0.000e+00
   58.10132 -135.01476    124.053     25.660     25.420     8.1320    30.0749  1023.5081    23.3905     8.1296     65.599    95.1506     0.5856      7.977     4.4572     6.3698    194.510    199.060      20093          3  0.000e+00
   58.10132 -135.01476    124.053     25.660     25.420     8.1320    30.0748  1023.5080    23.3904     8.1296     65.596    95.1786     0.5562      7.977     4.4570     6.3695    194.501    199.050      20094          3  0.000e+00
   58.10132 -135.01476    123.989     25.595     25.356     8.1322    30.0748  1023.5077    23.3903     8.1298     65.592    95.1506     0.5856      7.977     4.4568     6.3691    194.489    199.039      20095          3  0.000e+00
   58.10132 -135.01476    124.053     25.660     25.420     8.1320    30.0750  1023.5082    23.3906     8.1296     65.589    95.1786     0.5562      7.977     4.4566     6.3689    194.482    199.031      20096          3  0.000e+00
   58.10132 -135.01476    124.053     25.660     25.420     8.1315    30.0753  1023.5085    23.3909     8.1292     65.586    95.1506     0.5562      7.977     4.4564     6.3687    194.474    199.023      20097          3  0.000e+00
   58.10132 -135.01476    123.989     25.595     25.356     8.1315    30.0755  1023.5083    23.3910     8.1292     65.638    95.1506     0.5562      7.977     4.4599     6.3736    194.626    199.179      20098          3  0.000e+00
