EcoFOCI/data/1_SampleCollection/2022_GOA-OA_CruiseData/CTD_raw_BottleFile_RC0083/RC0083_019.ros
* Sea-Bird SBE 9 Data File:
* FileName = C:\Data\RC0083ctd\RC0083_019.hex
* Software Version Seasave V 7.26.7.107
* Temperature SN = 2060
* Conductivity SN = 1084
* Number of Bytes Per Scan = 31
* Number of Voltage Words = 4
* Number of Scans Averaged by the Deck Unit = 1
* NMEA Latitude = 56 11.01 N
* NMEA Longitude = 134 33.53 W
* NMEA UTC (Time) = Aug 13 2022  18:13:01
* NMEA baud rate = 4800
** Ship: R/V Rachel Carson
** Cruise ID: RC0083 RC0083
** Tech: McHugh/Nomura
** Chief Scientist: Cross Cross
** Station: CS4
** Cast:  019
# nquan = 21
# nvalues = 392                                   
# units = specified
# name 0 = latitude: Latitude [deg]
# name 1 = longitude: Longitude [deg]
# name 2 = sfdSM: Seafloor depth [salt water, m]
# name 3 = prDM: Pressure, Digiquartz [db]
# name 4 = depSM: Depth [salt water, m]
# name 5 = t090C: Temperature [ITS-90, deg C]
# name 6 = sal00: Salinity, Practical [PSU]
# name 7 = density00: Density [density, kg/m^3]
# name 8 = sigma-é00: Density [sigma-theta, kg/m^3]
# name 9 = potemp090C: Potential Temperature [ITS-90, deg C]
# name 10 = sbeox0PS: Oxygen, SBE 43 [% saturation]
# name 11 = CStarTr0: Beam Transmission, WET Labs C-Star [%]
# name 12 = flECO-AFL: Fluorescence, WET Labs ECO-AFL/FL [mg/m^3]
# name 13 = ph: pH
# name 14 = sbeox0ML/L: Oxygen, SBE 43 [ml/l]
# name 15 = sbeox0Mg/L: Oxygen, SBE 43 [mg/l]
# name 16 = sbox0Mm/Kg: Oxygen, SBE 43 [umol/kg]
# name 17 = sbeox0Mm/L: Oxygen, SBE 43 [umol/l]
# name 18 = scan: Scan Count
# name 19 = nbf: Bottles Fired
# name 20 = flag:  0.000e+00
# interval = seconds: 0.0416667
# start_time = Aug 13 2022 18:13:01 [NMEA time, header]
# bad_flag = -9.990e-29
*END*
[from data line 276]
   56.18684 -134.56546    124.133     25.737     25.501     8.6775    31.0336  1024.1802    24.0627     8.6749     78.920    99.6816     1.1716      8.104     5.2639     7.5227    229.563    235.086      44095          6  0.000e+00
   56.18684 -134.56546    124.189     25.793     25.557     8.6775    31.0338  1024.1806    24.0629     8.6749     78.878    99.7096     1.2009      8.104     5.2611     7.5186    229.440    234.961      44096          6  0.000e+00
   56.18684 -134.56546    123.957     25.559     25.324     8.6773    31.0342  1024.1798    24.0632     8.6747     78.882    99.7655     1.2009      8.104     5.2614     7.5190    229.451    234.973      44097          6  0.000e+00
   56.18684 -134.56546    124.133     25.737     25.501     8.6773    31.0340  1024.1805    24.0631     8.6747     78.946    99.7935     1.2009      8.104     5.2656     7.5251    229.637    235.163      44098          6  0.000e+00
   56.18684 -134.56546    124.069     25.672     25.437     8.6771    31.0343  1024.1805    24.0633     8.6746     78.904    99.7935     1.2009      8.104     5.2629     7.5212    229.518    235.041      44099          6  0.000e+00
   56.18684 -134.56546    124.069     25.672     25.437     8.6770    31.0346  1024.1807    24.0636     8.6744     78.968    99.7935     1.2009      8.104     5.2671     7.5272    229.702    235.230      44100          6  0.000e+00
   56.18684 -134.56546    124.069     25.672     25.437     8.6770    31.0348  1024.1808    24.0637     8.6744     78.977    99.7935     1.2595      8.104     5.2677     7.5281    229.727    235.256      44101          6  0.000e+00
   56.18684 -134.56546    124.013     25.616     25.381     8.6768    31.0348  1024.1806    24.0638     8.6742     78.985    99.7935     1.2595      8.104     5.2683     7.5289    229.753    235.282      44102          6  0.000e+00
   56.18684 -134.56546    124.069     25.672     25.437     8.6768    31.0351  1024.1811    24.0640     8.6742     78.947    99.7935     1.2888      8.104     5.2658     7.5253    229.642    235.168      44103          6  0.000e+00
   56.18684 -134.56546    124.069     25.672     25.437     8.6766    31.0355  1024.1814    24.0643     8.6741     79.012    99.7935     1.2888      8.104     5.2701     7.5315    229.833    235.363      44104          6  0.000e+00
   56.18684 -134.56546    124.069     25.672     25.437     8.6764    31.0356  1024.1816    24.0644     8.6739     79.023    99.7935     1.2888      8.104     5.2709     7.5326    229.865    235.396      44105          6  0.000e+00
   56.18684 -134.56546    124.013     25.616     25.381     8.6766    31.0350  1024.1808    24.0639     8.6741     79.034    99.7935     1.2888      8.104     5.2715     7.5336    229.895    235.427      44106          6  0.000e+00
   56.18684 -134.56546    124.069     25.672     25.437     8.6768    31.0348  1024.1809    24.0638     8.6742     79.038    99.7935     1.2888      8.104     5.2719     7.5340    229.909    235.441      44107          6  0.000e+00
   56.18684 -134.56546    124.013     25.616     25.381     8.6768    31.0350  1024.1808    24.0639     8.6742     79.042    99.7935     1.2888      8.104     5.2721     7.5343    229.919    235.452      44108          6  0.000e+00
   56.18684 -134.56546    124.013     25.616     25.381     8.6771    31.0347  1024.1805    24.0636     8.6746     79.046    99.7935     1.2888      8.104     5.2723     7.5347    229.930    235.463      44109          6  0.000e+00
   56.18684 -134.56546    124.013     25.616     25.381     8.6770    31.0347  1024.1805    24.0637     8.6745     79.058    99.7935     1.2888      8.104     5.2731     7.5358    229.963    235.497      44110          6  0.000e+00
   56.18684 -134.56546    124.069     25.672     25.437     8.6770    31.0344  1024.1805    24.0634     8.6744     79.070    99.7935     1.2888      8.104     5.2739     7.5370    229.999    235.534      44111          6  0.000e+00
   56.18684 -134.56546    123.957     25.559     25.325     8.6771    31.0344  1024.1800    24.0634     8.6746     79.080    99.7935     1.2888      8.104     5.2746     7.5380    230.030    235.565      44112          6  0.000e+00
   56.18704 -134.56582    109.500     10.968     10.867     9.6427    30.4489  1023.5077    23.4579     9.6415     89.962    89.6687     4.9225      8.196     5.8952     8.4249    257.246    263.281      45991          7  0.000e+00
   56.18704 -134.56582    109.996     11.469     11.364     9.6429    30.4486  1023.5097    23.4576     9.6416     89.967    89.6687     4.9225      8.196     5.8955     8.4252    257.258    263.293      45992          7  0.000e+00
   56.18704 -134.56582    109.556     11.024     10.924     9.6430    30.4492  1023.5081    23.4580     9.6418     89.960    89.6687     4.9225      8.196     5.8950     8.4246    257.238    263.272      45993          7  0.000e+00
   56.18704 -134.56582    109.796     11.267     11.164     9.6425    30.4498  1023.5098    23.4586     9.6413     89.962    89.6687     4.9225      8.196     5.8952     8.4248    257.244    263.278      45994          7  0.000e+00
   56.18704 -134.56582    109.612     11.081     10.980     9.6420    30.4510  1023.5099    23.4595     9.6409     89.958    89.6687     4.9225      8.196     5.8950     8.4245    257.234    263.269      45995          7  0.000e+00
   56.18704 -134.56582     97.976     11.291     11.188     9.6420    30.4506  1023.5106    23.4593     9.6408     89.960    89.4729     4.9225      8.196     5.8950     8.4246    257.238    263.273      45996          7  0.000e+00
   56.18704 -134.56582     65.698     11.024     10.924     9.6420    30.4506  1023.5094    23.4593     9.6409     89.955    88.9136     4.9225      8.196     5.8948     8.4242    257.226    263.260      45997          7  0.000e+00
   56.18704 -134.56582     54.511     11.145     11.044     9.6419    30.4509  1023.5102    23.4595     9.6407     89.955    88.7178     4.9225      8.196     5.8948     8.4242    257.226    263.260      45998          7  0.000e+00
   56.18704 -134.56582     54.591     11.226     11.124     9.6418    30.4508  1023.5105    23.4595     9.6406     89.955    88.7178     4.9225      8.196     5.8948     8.4242    257.225    263.260      45999          7  0.000e+00
   56.18704 -134.56582     55.654     10.968     10.868     9.6422    30.4508  1023.5092    23.4594     9.6410     89.950    88.7178     4.9225      8.196     5.8944     8.4237    257.211    263.245      46000          7  0.000e+00
   56.18704 -134.56582     56.270     11.146     11.044     9.6422    30.4497  1023.5092    23.4586     9.6410     89.951    88.7457     4.9225      8.196     5.8945     8.4238    257.215    263.249      46001          7  0.000e+00
   56.18704 -134.56582     56.174     11.049     10.948     9.6422    30.4498  1023.5089    23.4586     9.6410     89.949    88.7457     4.9225      8.196     5.8943     8.4236    257.208    263.241      46002          7  0.000e+00
   56.18704 -134.56582     56.132     11.081     10.980     9.6422    30.4510  1023.5099    23.4595     9.6410     89.948    88.7457     4.9225      8.196     5.8942     8.4235    257.203    263.237      46003          7  0.000e+00
   56.18704 -134.56582     56.132     11.081     10.980     9.6425    30.4510  1023.5099    23.4595     9.6413     89.946    88.7457     4.9225      8.196     5.8941     8.4233    257.197    263.231      46004          7  0.000e+00
   56.18704 -134.56582     56.220     11.170     11.068     9.6427    30.4506  1023.5100    23.4592     9.6415     89.946    88.7457     4.9225      8.196     5.8941     8.4232    257.196    263.229      46005          7  0.000e+00
   56.18704 -134.56582     56.020     10.968     10.868     9.6430    30.4494  1023.5080    23.4581     9.6418     89.997    88.7457     5.0984      8.196     5.8974     8.4280    257.341    263.378      46006          7  0.000e+00
   56.18704 -134.56582     56.132     11.081     10.980     9.6438    30.4483  1023.5076    23.4572     9.6426     89.948    88.7457     5.2156      8.196     5.8942     8.4233    257.200    263.233      46007          7  0.000e+00
   56.18704 -134.56582     56.276     11.226     11.124     9.6450    30.4465  1023.5066    23.4556     9.6438     90.003    88.7457     5.2449      8.196     5.8976     8.4283    257.352    263.389      46008          7  0.000e+00
   56.18704 -134.56582     56.020     10.968     10.868     9.6463    30.4450  1023.5041    23.4542     9.6451     90.004    88.7457     5.2449      8.196     5.8976     8.4283    257.352    263.388      46009          7  0.000e+00
   56.18704 -134.56582     56.132     11.081     10.980     9.6466    30.4442  1023.5040    23.4536     9.6454     89.955    88.7457     5.2449      8.196     5.8944     8.4237    257.212    263.244      46010          7  0.000e+00
   56.18706 -134.56582     56.164     11.113     11.012     9.6466    30.4443  1023.5041    23.4536     9.6454     90.014    88.7457     5.2449      8.196     5.8983     8.4292    257.381    263.418      46011          7  0.000e+00
   56.18706 -134.56582     64.897     11.202     11.100     9.6461    30.4453  1023.5054    23.4545     9.6450     90.027    88.7457     5.2449      8.196     5.8991     8.4304    257.416    263.454      46012          7  0.000e+00
   56.18706 -134.56582     97.737     11.024     10.924     9.6445    30.4478  1023.5068    23.4566     9.6433     89.975    88.7457     5.2449      8.196     5.8958     8.4257    257.273    263.308      46013          7  0.000e+00
   56.18706 -134.56582    111.139     11.291     11.188     9.6435    30.4492  1023.5092    23.4579     9.6423     89.976    88.7457     5.2449      8.196     5.8960     8.4259    257.279    263.314      46014          7  0.000e+00
   56.18706 -134.56582    111.044     11.146     11.044     9.6437    30.4494  1023.5087    23.4580     9.6425     89.979    88.7457     5.2449      8.196     5.8961     8.4262    257.286    263.321      46015          7  0.000e+00
   56.18706 -134.56582    110.052     11.081     10.980     9.6437    30.4489  1023.5081    23.4577     9.6425     89.983    88.7178     5.2449      8.196     5.8964     8.4266    257.298    263.334      46016          7  0.000e+00
   56.18706 -134.56582    109.603     11.146     11.044     9.6438    30.4490  1023.5084    23.4577     9.6426     89.988    88.5779     5.2449      8.196     5.8968     8.4271    257.314    263.350      46017          7  0.000e+00
   56.18706 -134.56582    109.683     11.226     11.124     9.6438    30.4485  1023.5084    23.4573     9.6426     89.995    88.4940     5.2449      8.196     5.8972     8.4277    257.333    263.369      46018          7  0.000e+00
   56.18706 -134.56582    109.708     11.202     11.100     9.6440    30.4479  1023.5078    23.4568     9.6428     89.993    88.4940     5.2449      8.196     5.8971     8.4276    257.329    263.365      46019          7  0.000e+00
   56.18706 -134.56582    109.796     11.267     11.164     9.6442    30.4473  1023.5076    23.4563     9.6430     89.993    88.4940     5.2449      8.196     5.8971     8.4275    257.328    263.364      46020          7  0.000e+00
   56.18706 -134.56582    109.940     11.412     11.308     9.6450    30.4462  1023.5073    23.4554     9.6438     89.939    88.4940     5.2449      8.196     5.8935     8.4224    257.171    263.203      46021          7  0.000e+00
   56.18706 -134.56582    109.732     11.202     11.100     9.6459    30.4450  1023.5052    23.4543     9.6447     89.929    88.4940     5.2449      8.196     5.8928     8.4214    257.140    263.171      46022          7  0.000e+00
   56.18706 -134.56582    109.852     11.323     11.220     9.6466    30.4442  1023.5051    23.4536     9.6454     89.930    88.4940     5.2449      8.196     5.8928     8.4214    257.141    263.172      46023          7  0.000e+00
   56.18706 -134.56582    109.876     11.348     11.244     9.6467    30.4439  1023.5049    23.4533     9.6455     89.924    88.4940     5.2449      8.196     5.8924     8.4208    257.123    263.153      46024          7  0.000e+00
   56.18706 -134.56582    109.908     11.380     11.276     9.6465    30.4449  1023.5058    23.4541     9.6453     89.918    88.5220     5.2449      8.196     5.8920     8.4202    257.106    263.136      46025          7  0.000e+00
   56.18706 -134.56582    109.908     11.380     11.276     9.6463    30.4455  1023.5064    23.4546     9.6451     89.913    88.4940     5.3621      8.196     5.8916     8.4197    257.089    263.119      46026          7  0.000e+00
   56.18706 -134.56582    109.972     11.469     11.364     9.6459    30.4454  1023.5068    23.4546     9.6447     89.908    88.4940     5.5672      8.196     5.8914     8.4193    257.078    263.108      46027          7  0.000e+00
   56.18706 -134.56582    110.085     11.558     11.452     9.6460    30.4452  1023.5070    23.4544     9.6448     89.904    88.4940     5.6258      8.196     5.8911     8.4189    257.066    263.095      46028          7  0.000e+00
   56.18706 -134.56582    109.908     11.380     11.276     9.6470    30.4443  1023.5053    23.4536     9.6458     89.896    88.4940     5.5965      8.196     5.8905     8.4181    257.041    263.070      46029          7  0.000e+00
   56.18706 -134.56582    110.173     11.647     11.540     9.6472    30.4439  1023.5062    23.4533     9.6459     89.895    88.4940     5.5965      8.196     5.8904     8.4179    257.036    263.064      46030          7  0.000e+00
   56.18706 -134.56582    109.973     11.445     11.340     9.6478    30.4433  1023.5047    23.4526     9.6466     89.881    88.4940     5.5965      8.196     5.8894     8.4166    256.994    263.022      46031          7  0.000e+00
   56.18706 -134.56582    110.149     11.622     11.516     9.6478    30.4425  1023.5049    23.4521     9.6465     89.824    88.4940     5.5965      8.196     5.8857     8.4113    256.833    262.856      46032          7  0.000e+00
   56.18706 -134.56582    110.149     11.622     11.516     9.6479    30.4423  1023.5047    23.4518     9.6467     89.813    88.4940     5.5965      8.200     5.8850     8.4103    256.803    262.825      46033          7  0.000e+00
   56.18706 -134.56582    110.293     11.768     11.660     9.6480    30.4422  1023.5052    23.4517     9.6467     89.805    88.4940     5.5965      8.196     5.8845     8.4095    256.779    262.801      46034          7  0.000e+00
   56.18706 -134.56582    110.085     11.558     11.452     9.6474    30.4431  1023.5051    23.4526     9.6462     89.793    88.4940     5.5965      8.196     5.8837     8.4085    256.747    262.768      46035          7  0.000e+00
   56.18706 -134.56582    110.269     11.744     11.636     9.6463    30.4445  1023.5072    23.4539     9.6450     89.787    88.4940     5.5965      8.196     5.8834     8.4080    256.732    262.753      46036          7  0.000e+00
   56.18706 -134.56582    110.413     11.889     11.780     9.6450    30.4463  1023.5095    23.4554     9.6437     89.780    88.6339     5.5965      8.196     5.8831     8.4075    256.717    262.739      46037          7  0.000e+00
   56.18706 -134.56582    110.149     11.622     11.516     9.6437    30.4483  1023.5100    23.4572     9.6424     89.770    88.7178     5.5965      8.196     5.8825     8.4067    256.690    262.712      46038          7  0.000e+00
   56.18706 -134.56582    110.381     11.857     11.748     9.6427    30.4493  1023.5120    23.4581     9.6414     89.759    88.7457     5.5965      8.196     5.8818     8.4057    256.662    262.683      46039          7  0.000e+00
   56.18726 -134.56616    101.367      2.759      2.734    10.9360    28.8932  1022.0483    22.0358    10.9357    129.879    82.1451     5.7724      8.488     8.3565    11.9422    365.153    373.199      47966          8  0.000e+00
