EcoFOCI/data/1_SampleCollection/2022_GOA-OA_CruiseData/CTD_raw_BottleFile_RC0083/RC0083_012.ros
* Sea-Bird SBE 9 Data File:
* FileName = C:\Data\RC0083ctd\RC0083_012.hex
* Software Version Seasave V 7.26.7.107
* Temperature SN = 2060
* Conductivity SN = 1084
* Number of Bytes Per Scan = 31
* Number of Voltage Words = 4
* Number of Scans Averaged by the Deck Unit = 1
* NMEA Latitude = 55 37.27 N
* NMEA Longitude = 134 39.60 W
* NMEA UTC (Time) = Aug 13 2022  04:34:00
* NMEA baud rate = 4800
** Ship: R/V Rachel Carson
** Cruise ID: RC0083 RC0083
** Tech: McHugh/Nomura
** Chief Scientist: Cross Cross
** Station: POW5
** Cast:  012
# nquan = 21
# nvalues = 392                                   
# units = specified
# name 0 = latitude: Latitude [deg]
# name 1 = longitude: Longitude [deg]
# name 2 = sfdSM: Seafloor depth [salt water, m]
# name 3 = prDM: Pressure, Digiquartz [db]
# name 4 = depSM: Depth [salt water, m]
# name 5 = t090C: Temperature [ITS-90, deg C]
# name 6 = sal00: Salinity, Practical [PSU]
# name 7 = density00: Density [density, kg/m^3]
# name 8 = sigma-é00: Density [sigma-theta, kg/m^3]
# name 9 = potemp090C: Potential Temperature [ITS-90, deg C]
# name 10 = sbeox0PS: Oxygen, SBE 43 [% saturation]
# name 11 = CStarTr0: Beam Transmission, WET Labs C-Star [%]
# name 12 = flECO-AFL: Fluorescence, WET Labs ECO-AFL/FL [mg/m^3]
# name 13 = ph: pH
# name 14 = sbeox0ML/L: Oxygen, SBE 43 [ml/l]
# name 15 = sbeox0Mg/L: Oxygen, SBE 43 [mg/l]
# name 16 = sbox0Mm/Kg: Oxygen, SBE 43 [umol/kg]
# name 17 = sbeox0Mm/L: Oxygen, SBE 43 [umol/l]
# name 18 = scan: Scan Count
# name 19 = nbf: Bottles Fired
# name 20 = flag:  0.000e+00
# interval = seconds: 0.0416667
# start_time = Aug 13 2022 04:34:00 [NMEA time, header]
# bad_flag = -9.990e-29
*END*
[from data line 345]
   55.62154 -134.66070    101.499      2.893      2.867    12.8542    31.1778  1023.4748    23.4619    12.8538    114.238    69.0556     7.2669      8.337     6.9560     9.9408    303.532    310.654      25580          8  0.000e+00
   55.62154 -134.66070    101.595      2.990      2.963    12.8540    31.1778  1023.4753    23.4619    12.8537    114.243    69.0556     7.2669      8.337     6.9563     9.9413    303.547    310.669      25581          8  0.000e+00
   55.62154 -134.66070    101.619      3.014      2.987    12.8544    31.1779  1023.4753    23.4619    12.8540    114.252    69.0556     7.2669      8.337     6.9568     9.9420    303.568    310.691      25582          8  0.000e+00
   55.62154 -134.66070    101.659      3.054      3.027    12.8544    31.1779  1023.4755    23.4619    12.8540    114.260    69.0556     7.2669      8.337     6.9573     9.9427    303.590    310.713      25583          8  0.000e+00
   55.62154 -134.66070    101.563      2.957      2.931    12.8544    31.1780  1023.4752    23.4620    12.8541    114.265    69.0556     7.2669      8.337     6.9576     9.9431    303.604    310.727      25584          8  0.000e+00
   55.62154 -134.66070    101.635      3.054      3.027    12.8544    31.1778  1023.4755    23.4619    12.8540    114.326    69.0556     7.2669      8.337     6.9613     9.9484    303.765    310.892      25585          8  0.000e+00
   55.62154 -134.66070    101.619      3.014      2.987    12.8544    31.1778  1023.4753    23.4618    12.8540    114.335    69.0556     7.2962      8.337     6.9619     9.9492    303.790    310.918      25586          8  0.000e+00
   55.62154 -134.66070    101.595      2.990      2.963    12.8538    31.1779  1023.4754    23.4620    12.8534    114.344    69.0556     7.2962      8.337     6.9625     9.9501    303.817    310.945      25587          8  0.000e+00
   55.62154 -134.66070    101.619      3.014      2.987    12.8530    31.1780  1023.4757    23.4622    12.8526    114.352    69.0556     7.2962      8.337     6.9631     9.9510    303.843    310.972      25588          8  0.000e+00
   55.62154 -134.66070    101.635      3.054      3.027    12.8529    31.1775  1023.4755    23.4619    12.8525    114.359    69.0556     7.2669      8.337     6.9636     9.9516    303.864    310.993      25589          8  0.000e+00
   55.62154 -134.66070    101.595      2.990      2.963    12.8526    31.1777  1023.4755    23.4621    12.8522    114.364    69.0556     7.2669      8.337     6.9639     9.9521    303.878    311.008      25590          8  0.000e+00
   55.62154 -134.66070    101.619      3.014      2.987    12.8529    31.1778  1023.4756    23.4621    12.8525    114.422    69.0556     7.2669      8.337     6.9674     9.9571    304.030    311.163      25591          8  0.000e+00
   55.62154 -134.66070    101.659      3.054      3.027    12.8534    31.1779  1023.4758    23.4621    12.8530    114.431    69.0556     7.2669      8.337     6.9679     9.9578    304.051    311.184      25592          8  0.000e+00
   55.62154 -134.66070    101.619      3.014      2.987    12.8534    31.1779  1023.4755    23.4621    12.8530    114.384    69.0556     7.2669      8.337     6.9650     9.9537    303.927    311.057      25593          8  0.000e+00
   55.62154 -134.66070    101.659      3.054      3.027    12.8532    31.1775  1023.4755    23.4619    12.8528    114.385    69.0835     7.5013      8.337     6.9651     9.9538    303.931    311.062      25594          8  0.000e+00
   55.62154 -134.66070    101.619      3.014      2.987    12.8523    31.1780  1023.4759    23.4624    12.8519    114.384    69.1395     8.6735      8.337     6.9652     9.9539    303.933    311.064      25595          8  0.000e+00
   55.62154 -134.66070    101.595      2.990      2.963    12.8517    31.1778  1023.4757    23.4623    12.8513    114.435    69.1395     9.2302      8.337     6.9684     9.9585    304.073    311.207      25596          8  0.000e+00
   55.62154 -134.66070    101.619      3.014      2.987    12.8512    31.1778  1023.4759    23.4624    12.8509    114.385    69.1395     9.2888      8.337     6.9654     9.9542    303.941    311.073      25597          8  0.000e+00
   55.62154 -134.66070    101.595      2.990      2.963    12.8518    31.1780  1023.4759    23.4625    12.8514    114.380    69.1395     9.2302      8.337     6.9650     9.9536    303.924    311.055      25598          8  0.000e+00
   55.62154 -134.66070    101.651      3.071      3.043    12.8534    31.1780  1023.4759    23.4622    12.8530    114.375    69.1395     9.2302      8.337     6.9645     9.9529    303.903    311.033      25599          8  0.000e+00
   55.62154 -134.66070    101.595      2.990      2.963    12.8539    31.1781  1023.4755    23.4622    12.8535    114.367    69.1395     9.2302      8.337     6.9639     9.9521    303.878    311.008      25600          8  0.000e+00
   55.62154 -134.66070    101.659      3.054      3.027    12.8542    31.1781  1023.4758    23.4621    12.8538    114.361    69.1395     9.2009      8.337     6.9634     9.9515    303.858    310.987      25601          8  0.000e+00
   55.62154 -134.66070    101.619      3.014      2.987    12.8544    31.1780  1023.4755    23.4620    12.8540    114.298    69.1395     9.2009      8.337     6.9596     9.9459    303.690    310.815      25602          8  0.000e+00
   55.62154 -134.66070    101.595      2.990      2.963    12.8546    31.1777  1023.4751    23.4617    12.8542    114.341    69.1395     9.2302      8.337     6.9622     9.9497    303.805    310.932      25603          8  0.000e+00
   55.62154 -134.66070    101.619      3.014      2.987    12.8544    31.1780  1023.4755    23.4620    12.8540    114.277    69.1395     9.2302      8.337     6.9584     9.9442    303.636    310.760      25604          8  0.000e+00
   55.62154 -134.66070    101.595      2.990      2.963    12.8544    31.1782  1023.4755    23.4621    12.8540    114.313    69.1395     9.2009      8.337     6.9605     9.9473    303.730    310.856      25605          8  0.000e+00
   55.62154 -134.66070    101.619      3.014      2.987    12.8547    31.1779  1023.4753    23.4618    12.8543    114.247    69.1395     9.2009      8.337     6.9565     9.9415    303.554    310.676      25606          8  0.000e+00
   55.62154 -134.66070    101.659      3.055      3.027    12.8546    31.1779  1023.4755    23.4619    12.8542    114.228    69.1395     9.2009      8.337     6.9554     9.9399    303.505    310.626      25607          8  0.000e+00
   55.62154 -134.66070    101.619      3.014      2.987    12.8548    31.1776  1023.4751    23.4616    12.8544    114.208    69.1395     9.2302      8.337     6.9541     9.9381    303.450    310.569      25608          8  0.000e+00
   55.62154 -134.66070    101.595      2.990      2.963    12.8547    31.1779  1023.4753    23.4619    12.8543    114.192    69.1395     9.2009      8.337     6.9531     9.9367    303.407    310.526      25609          8  0.000e+00
   55.62154 -134.66070    101.563      2.958      2.931    12.8544    31.1779  1023.4751    23.4619    12.8541    114.175    69.1395     9.2302      8.337     6.9521     9.9353    303.365    310.483      25610          8  0.000e+00
   55.62154 -134.66070    101.595      2.990      2.963    12.8544    31.1780  1023.4754    23.4620    12.8540    114.159    69.1395     9.2009      8.337     6.9512     9.9339    303.322    310.438      25611          8  0.000e+00
   55.62154 -134.66070    101.571      2.990      2.963    12.8537    31.1774  1023.4750    23.4616    12.8533    114.142    69.1395     9.2009      8.337     6.9502     9.9325    303.281    310.397      25612          8  0.000e+00
   55.62154 -134.66070    101.619      3.014      2.987    12.8529    31.1776  1023.4755    23.4620    12.8525    114.130    69.1395     9.2302      8.337     6.9496     9.9317    303.254    310.368      25613          8  0.000e+00
   55.62154 -134.66070    101.539      2.933      2.907    12.8534    31.1781  1023.4754    23.4622    12.8530    114.116    69.1395     9.2009      8.337     6.9486     9.9303    303.212    310.326      25614          8  0.000e+00
   55.62154 -134.66070    101.563      2.958      2.931    12.8533    31.1779  1023.4753    23.4621    12.8529    114.103    69.1115     7.9995      8.337     6.9479     9.9292    303.179    310.292      25615          8  0.000e+00
   55.62154 -134.66070    101.595      2.990      2.963    12.8518    31.1782  1023.4760    23.4626    12.8514    114.036    69.0835     7.1204      8.337     6.9440     9.9237    303.011    310.120      25616          8  0.000e+00
   55.62154 -134.66070    101.563      2.958      2.931    12.8514    31.1778  1023.4756    23.4624    12.8510    114.016    69.0835     6.9445      8.337     6.9429     9.9221    302.961    310.070      25617          8  0.000e+00
   55.62154 -134.66070    101.539      2.933      2.907    12.8512    31.1779  1023.4756    23.4625    12.8509    113.996    69.0835     6.9738      8.337     6.9417     9.9204    302.909    310.016      25618          8  0.000e+00
   55.62154 -134.66070    101.619      3.014      2.987    12.8512    31.1782  1023.4762    23.4628    12.8508    113.924    69.0835     7.0324      8.337     6.9373     9.9141    302.717    309.819      25619          8  0.000e+00
   55.62154 -134.66070    101.515      2.933      2.907    12.8514    31.1785  1023.4761    23.4630    12.8510    113.956    69.0835     7.0324      8.337     6.9392     9.9168    302.801    309.905      25620          8  0.000e+00
   55.62154 -134.66070    101.563      2.958      2.931    12.8518    31.1781  1023.4758    23.4626    12.8514    113.942    69.0835     7.0324      8.337     6.9383     9.9156    302.762    309.866      25621          8  0.000e+00
   55.62154 -134.66070    101.595      2.990      2.963    12.8517    31.1781  1023.4760    23.4626    12.8513    113.929    69.0835     7.0324      8.337     6.9375     9.9144    302.726    309.829      25622          8  0.000e+00
   55.62154 -134.66070    101.539      2.933      2.907    12.8512    31.1785  1023.4761    23.4630    12.8509    113.914    69.0835     7.0324      8.337     6.9366     9.9131    302.688    309.790      25623          8  0.000e+00
   55.62154 -134.66070    101.619      3.014      2.987    12.8505    31.1787  1023.4767    23.4632    12.8501    113.853    69.0835     7.0324      8.337     6.9330     9.9080    302.531    309.630      25624          8  0.000e+00
   55.62154 -134.66070    101.595      2.990      2.963    12.8502    31.1780  1023.4762    23.4628    12.8498    113.839    69.0835     7.0324      8.337     6.9323     9.9069    302.498    309.595      25625          8  0.000e+00
   55.62154 -134.66070    101.619      3.014      2.987    12.8493    31.1783  1023.4767    23.4632    12.8489    113.826    69.0835     7.0324      8.337     6.9316     9.9060    302.469    309.566      25626          8  0.000e+00
