EcoFOCI/data/1_SampleCollection/2022_GOA-OA_CruiseData/CTD_raw_BottleFile_RC0083/RC0083_026.ros
* Sea-Bird SBE 9 Data File:
* FileName = C:\Data\RC0083ctd\RC0083_026.hex
* Software Version Seasave V 7.26.7.107
* Temperature SN = 2060
* Conductivity SN = 1084
* Number of Bytes Per Scan = 31
* Number of Voltage Words = 4
* Number of Scans Averaged by the Deck Unit = 1
* NMEA Latitude = 59 19.14 N
* NMEA Longitude = 135 22.97 W
* NMEA UTC (Time) = Aug 17 2022  16:53:25
* NMEA baud rate = 4800
** Ship: R/V Rachel Carson
** Cruise ID: RC0083
** Tech: McHugh/Nomura
** Chief Scientist: Cross
** Station: LC05
** Cast:  CTD026
# nquan = 21
# nvalues = 392                                   
# units = specified
# name 0 = latitude: Latitude [deg]
# name 1 = longitude: Longitude [deg]
# name 2 = sfdSM: Seafloor depth [salt water, m]
# name 3 = prDM: Pressure, Digiquartz [db]
# name 4 = depSM: Depth [salt water, m]
# name 5 = t090C: Temperature [ITS-90, deg C]
# name 6 = sal00: Salinity, Practical [PSU]
# name 7 = density00: Density [density, kg/m^3]
# name 8 = sigma-é00: Density [sigma-theta, kg/m^3]
# name 9 = potemp090C: Potential Temperature [ITS-90, deg C]
# name 10 = sbeox0PS: Oxygen, SBE 43 [% saturation]
# name 11 = CStarTr0: Beam Transmission, WET Labs C-Star [%]
# name 12 = flECO-AFL: Fluorescence, WET Labs ECO-AFL/FL [mg/m^3]
# name 13 = ph: pH
# name 14 = sbeox0ML/L: Oxygen, SBE 43 [ml/l]
# name 15 = sbeox0Mg/L: Oxygen, SBE 43 [mg/l]
# name 16 = sbox0Mm/Kg: Oxygen, SBE 43 [umol/kg]
# name 17 = sbeox0Mm/L: Oxygen, SBE 43 [umol/l]
# name 18 = scan: Scan Count
# name 19 = nbf: Bottles Fired
# name 20 = flag:  0.000e+00
# interval = seconds: 0.0416667
# start_time = Aug 17 2022 16:53:25 [NMEA time, header]
# bad_flag = -9.990e-29
*END*
[from data line 345]
   59.33064 -135.38082      4.499      2.594      2.570    10.9748    11.1875  1008.3160     8.3039    10.9745    100.471    74.8452     3.1643      8.332     7.2268    10.3279    320.092    322.750      46128          8  0.000e+00
   59.33064 -135.38082      4.588      2.635      2.610    10.9869    11.1244  1008.2658     8.2535    10.9867    100.534    74.8452     3.1643      8.332     7.2322    10.3356    320.348    322.992      46129          8  0.000e+00
   59.33064 -135.38082      4.789      2.812      2.786    10.9945    11.0700  1008.2236     8.2104    10.9942    100.544    74.8172     3.1643      8.332     7.2342    10.3384    320.450    323.081      46130          8  0.000e+00
   59.33064 -135.38082      4.637      2.659      2.634    11.0027    10.9962  1008.1646     8.1522    11.0024    100.561    74.8452     3.1643      8.332     7.2375    10.3432    320.615    323.229      46131          8  0.000e+00
   59.33064 -135.38082      4.613      2.635      2.610    11.0162    10.8930  1008.0828     8.0705    11.0159    100.627    74.8452     3.1643      8.332     7.2448    10.3535    320.961    323.552      46132          8  0.000e+00
   59.33064 -135.38082      4.717      2.716      2.690    11.0257    10.8027  1008.0120     7.9994    11.0255    100.639    74.8452     3.1643      8.332     7.2482    10.3585    321.137    323.706      46133          8  0.000e+00
   59.33064 -135.38082      4.661      2.635      2.610    11.0325    10.7430  1007.9646     7.9523    11.0323    100.661    74.8452     3.1643      8.332     7.2514    10.3630    321.294    323.849      46134          8  0.000e+00
   59.33064 -135.38082      4.685      2.659      2.634    11.0370    10.7197  1007.9461     7.9337    11.0367    100.731    74.8452     3.1643      8.332     7.2568    10.3707    321.539    324.090      46135          8  0.000e+00
   59.33064 -135.38082      4.726      2.700      2.674    11.0384    10.7198  1007.9462     7.9336    11.0382    100.746    74.8172     3.1643      8.332     7.2577    10.3720    321.577    324.128      46136          8  0.000e+00
   59.33064 -135.38082      4.686      2.659      2.634    11.0363    10.7495  1007.9693     7.9569    11.0361    100.759    74.8172     3.1643      8.332     7.2576    10.3719    321.567    324.125      46137          8  0.000e+00
   59.33066 -135.38082      4.823      2.700      2.674    11.0307    10.7827  1007.9958     7.9833    11.0304    100.785    74.8452     3.1643      8.332     7.2589    10.3737    321.614    324.181      46138          8  0.000e+00
   59.33066 -135.38082      4.986      2.716      2.690    11.0277    10.7961  1008.0067     7.9940    11.0274    100.803    74.8172     3.1643      8.332     7.2600    10.3753    321.662    324.233      46139          8  0.000e+00
   59.33066 -135.38082      5.019      2.700      2.674    11.0255    10.8050  1008.0138     8.0012    11.0253    100.813    74.8452     3.1643      8.332     7.2607    10.3762    321.688    324.262      46140          8  0.000e+00
   59.33066 -135.38082      4.994      2.700      2.674    11.0247    10.8122  1008.0195     8.0069    11.0245    100.821    74.8452     3.1643      8.332     7.2611    10.3768    321.704    324.280      46141          8  0.000e+00
   59.33066 -135.38082      5.074      2.780      2.754    11.0246    10.8037  1008.0133     8.0003    11.0244    100.883    74.7892     3.1643      8.332     7.2659    10.3838    321.921    324.497      46142          8  0.000e+00
   59.33066 -135.38082      5.068      2.700      2.674    11.0267    10.7849  1007.9981     7.9855    11.0265    100.899    74.7612     3.1643      8.332     7.2676    10.3861    322.000    324.571      46143          8  0.000e+00
   59.33066 -135.38082      5.221      2.780      2.754    11.0262    10.7729  1007.9893     7.9763    11.0260    100.922    74.7612     3.1643      8.332     7.2699    10.3894    322.105    324.674      46144          8  0.000e+00
   59.33066 -135.38082      5.253      2.813      2.786    11.0272    10.7678  1007.9853     7.9722    11.0270    100.937    74.7612     3.1643      8.332     7.2711    10.3911    322.157    324.725      46145          8  0.000e+00
   59.33066 -135.38082      5.221      2.781      2.754    11.0285    10.7685  1007.9855     7.9726    11.0283    100.943    74.7612     3.1643      8.327     7.2712    10.3913    322.165    324.734      46146          8  0.000e+00
   59.33066 -135.38082      5.253      2.813      2.786    11.0291    10.7784  1007.9933     7.9802    11.0289    100.948    74.7612     3.1643      8.327     7.2711    10.3911    322.155    324.726      46147          8  0.000e+00
   59.33066 -135.38082      5.294      2.781      2.754    11.0269    10.7971  1008.0079     7.9949    11.0266    100.951    74.7612     3.2229      8.327     7.2708    10.3907    322.139    324.715      46148          8  0.000e+00
   59.33066 -135.38082      5.439      2.878      2.851    11.0223    10.8117  1008.0203     8.0068    11.0220    101.009    74.7612     3.2815      8.327     7.2750    10.3967    322.321    324.902      46149          8  0.000e+00
   59.33066 -135.38082      5.399      2.837      2.811    11.0199    10.8142  1008.0222     8.0090    11.0197    101.020    74.7612     3.2815      8.322     7.2761    10.3983    322.370    324.952      46150          8  0.000e+00
   59.33066 -135.38082      5.263      2.700      2.675    11.0221    10.8060  1008.0150     8.0024    11.0218    101.034    74.7612     3.2815      8.322     7.2772    10.3998    322.418    324.998      46151          8  0.000e+00
   59.33066 -135.38082      5.510      2.999      2.971    11.0244    10.7951  1008.0076     7.9937    11.0241    101.040    74.7612     3.2815      8.322     7.2777    10.4006    322.445    325.022      46152          8  0.000e+00
   59.33066 -135.38082      5.260      2.894      2.867    11.0272    10.7868  1008.0004     7.9869    11.0269    101.039    74.7612     3.2815      8.322     7.2775    10.4003    322.439    325.014      46153          8  0.000e+00
   59.33066 -135.38082      5.171      2.878      2.851    11.0293    10.7767  1007.9922     7.9788    11.0291    101.097    74.7612     3.2815      8.322     7.2818    10.4064    322.631    325.205      46154          8  0.000e+00
   59.33066 -135.38082      5.187      2.894      2.867    11.0303    10.7680  1007.9855     7.9720    11.0300    101.111    74.7612     3.2815      8.322     7.2831    10.4083    322.692    325.264      46155          8  0.000e+00
   59.33066 -135.38082      5.171      2.878      2.851    11.0305    10.7616  1007.9804     7.9670    11.0302    101.118    74.7612     3.2815      8.322     7.2839    10.4094    322.726    325.297      46156          8  0.000e+00
   59.33066 -135.38082      5.089      2.894      2.867    11.0313    10.7534  1007.9740     7.9605    11.0311    101.117    74.7612     3.2815      8.322     7.2840    10.4095    322.734    325.303      46157          8  0.000e+00
   59.33066 -135.38082      4.958      2.934      2.907    11.0317    10.7528  1007.9737     7.9600    11.0314    101.173    74.7612     3.2815      8.322     7.2880    10.4153    322.914    325.484      46158          8  0.000e+00
   59.33066 -135.38082      4.869      2.894      2.867    11.0311    10.7604  1007.9795     7.9660    11.0309    101.185    74.7612     3.2815      8.322     7.2887    10.4162    322.939    325.511      46159          8  0.000e+00
   59.33066 -135.38082      4.909      2.934      2.907    11.0303    10.7683  1007.9859     7.9722    11.0301    101.190    74.7612     3.3108      8.322     7.2888    10.4164    322.942    325.517      46160          8  0.000e+00
   59.33066 -135.38082      4.869      2.894      2.867    11.0293    10.7734  1007.9897     7.9762    11.0291    101.198    74.7612     3.2815      8.322     7.2893    10.4171    322.963    325.539      46161          8  0.000e+00
   59.33066 -135.38082      4.983      2.934      2.907    11.0287    10.7723  1007.9892     7.9755    11.0284    101.253    74.5934     3.2815      8.322     7.2934    10.4229    323.144    325.721      46162          8  0.000e+00
   59.33068 -135.38082      5.080      2.934      2.907    11.0289    10.7623  1007.9814     7.9677    11.0286    101.262    74.3137     3.2815      8.322     7.2945    10.4245    323.197    325.772      46163          8  0.000e+00
   59.33068 -135.38082      5.104      2.959      2.931    11.0301    10.7476  1007.9700     7.9562    11.0299    101.264    74.2298     3.2815      8.322     7.2951    10.4254    323.225    325.797      46164          8  0.000e+00
   59.33068 -135.38082      5.080      2.934      2.907    11.0335    10.7261  1007.9528     7.9391    11.0332    101.268    74.2298     3.2815      8.322     7.2958    10.4264    323.264    325.831      46165          8  0.000e+00
   59.33068 -135.38082      5.040      2.894      2.867    11.0389    10.6969  1007.9293     7.9158    11.0387    101.317    74.2298     3.2815      8.322     7.2998    10.4321    323.448    326.009      46166          8  0.000e+00
   59.33068 -135.38082      5.080      2.934      2.907    11.0424    10.6866  1007.9210     7.9073    11.0421    101.323    74.2298     3.2815      8.322     7.3001    10.4326    323.466    326.024      46167          8  0.000e+00
   59.33068 -135.38082      5.104      2.959      2.931    11.0416    10.6943  1007.9272     7.9134    11.0413    101.375    74.2298     3.2815      8.322     7.3036    10.4376    323.619    326.180      46168          8  0.000e+00
   59.33068 -135.38082      5.024      2.878      2.851    11.0442    10.6805  1007.9158     7.9024    11.0439    101.380    74.2578     3.1936      8.322     7.3042    10.4384    323.648    326.205      46169          8  0.000e+00
   59.33068 -135.38082      5.104      2.959      2.931    11.0454    10.6762  1007.9127     7.8989    11.0451    101.378    74.2578     3.1643      8.322     7.3041    10.4383    323.644    326.200      46170          8  0.000e+00
   59.33068 -135.38082      5.056      2.935      2.907    11.0420    10.7068  1007.9367     7.9231    11.0418    101.379    74.2578     3.1643      8.327     7.3033    10.4371    323.601    326.164      46171          8  0.000e+00
   59.33068 -135.38082      4.821      2.894      2.867    11.0335    10.7602  1007.9790     7.9655    11.0332    101.378    74.2578     3.1643      8.327     7.3021    10.4355    323.536    326.113      46172          8  0.000e+00
   59.33068 -135.38082      4.739      2.935      2.907    11.0283    10.8069  1008.0160     8.0023    11.0281    101.428    74.2578     3.1643      8.327     7.3044    10.4388    323.626    326.216      46173          8  0.000e+00
   59.33068 -135.38082      4.739      2.935      2.907    11.0238    10.8438  1008.0452     8.0315    11.0235    101.433    74.2298     3.1643      8.327     7.3038    10.4379    323.591    326.190      46174          8  0.000e+00
