EcoFOCI/data/1_SampleCollection/2022_GOA-OA_CruiseData/CTD_raw_BottleFile_RC0083/RC0083_077.cnv
* Sea-Bird SBE 9 Data File:
* FileName = C:\Data\RC0083ctd\RC0083_077.hex
* Software Version Seasave V 7.26.7.107
* Temperature SN = 2060
* Conductivity SN = 1084
* Number of Bytes Per Scan = 31
* Number of Voltage Words = 4
* Number of Scans Averaged by the Deck Unit = 1
* NMEA Latitude = 58 19.58 N
* NMEA Longitude = 135 52.61 W
* NMEA UTC (Time) = Aug 21 2022  17:07:16
* NMEA baud rate = 4800
** Ship: R/V Rachel Carson
** Cruise ID: RC0083
** Tech: McHugh/Nomura
** Chief Scientist: Cross
** Station: GB00
** Cast:  CTD077
# nquan = 19
# nvalues = 8680                                  
# units = specified
# name 0 = latitude: Latitude [deg]
# name 1 = longitude: Longitude [deg]
# name 2 = sfdSM: Seafloor depth [salt water, m]
# name 3 = prDM: Pressure, Digiquartz [db]
# name 4 = depSM: Depth [salt water, m]
# name 5 = t090C: Temperature [ITS-90, deg C]
# name 6 = sal00: Salinity, Practical [PSU]
# name 7 = density00: Density [density, kg/m^3]
# name 8 = sigma-é00: Density [sigma-theta, kg/m^3]
# name 9 = potemp090C: Potential Temperature [ITS-90, deg C]
# name 10 = sbeox0PS: Oxygen, SBE 43 [% saturation]
# name 11 = CStarTr0: Beam Transmission, WET Labs C-Star [%]
# name 12 = flECO-AFL: Fluorescence, WET Labs ECO-AFL/FL [mg/m^3]
# name 13 = ph: pH
# name 14 = sbeox0ML/L: Oxygen, SBE 43 [ml/l]
# name 15 = sbeox0Mg/L: Oxygen, SBE 43 [mg/l]
# name 16 = sbox0Mm/Kg: Oxygen, SBE 43 [umol/kg]
# name 17 = sbeox0Mm/L: Oxygen, SBE 43 [umol/l]
# name 18 = flag:  0.000e+00
# span 0 =   58.32622,   58.32636                 
# span 1 = -135.87686, -135.87672                 
# span 2 =      3.211,     56.699                 
# span 3 =      2.628,     44.587                 
# span 4 =      2.604,     44.168                 
# span 5 =     7.4709,    10.8739                 
# span 6 =    26.3344,    30.9697                 
# span 7 =  1020.0712,  1024.3879                 
# span 8 =    20.0584,    24.1838                 
# span 9 =     7.4670,    10.8736                 
# span 10 =     55.296,     97.823                
# span 11 =    81.3340,    89.7526                
# span 12 =     0.2339,     3.0764                
# span 13 =      7.893,      8.239                
# span 14 =     3.7905,     6.4097                
# span 15 =     5.4170,     9.1601                
# span 16 =    165.291,    280.575                
# span 17 =    169.284,    286.258                
# span 18 = 0.0000e+00, 0.0000e+00                
# interval = seconds: 0.0416667
# start_time = Aug 21 2022 17:07:16 [NMEA time, header]
# bad_flag = -9.990e-29
*END*
[from data line 7924]
   58.32632 -135.87676     54.687      3.092      3.063    10.5618    26.9456  1020.5974    20.5834    10.5615     92.985    83.4037     2.9299      8.230     6.1068     8.7273    267.230    272.731  0.000e+00
   58.32632 -135.87676     54.607      3.011      2.983    10.5612    26.9476  1020.5988    20.5851    10.5609     92.976    83.4037     2.9299      8.230     6.1063     8.7265    267.206    272.707  0.000e+00
   58.32632 -135.87676     54.567      2.971      2.943    10.5584    26.9514  1020.6019    20.5884    10.5581     92.968    83.4037     2.9299      8.230     6.1059     8.7260    267.190    272.691  0.000e+00
   58.32632 -135.87676     54.727      3.132      3.103    10.5569    26.9530  1020.6042    20.5899    10.5566     92.960    83.4037     2.9299      8.230     6.1056     8.7254    267.173    272.674  0.000e+00
   58.32632 -135.87676     54.607      3.011      2.983    10.5553    26.9549  1020.6053    20.5916    10.5550     92.954    83.4037     2.9299      8.230     6.1053     8.7251    267.161    272.662  0.000e+00
   58.32632 -135.87676     54.631      3.035      3.007    10.5543    26.9554  1020.6060    20.5922    10.5539     92.948    83.4037     2.9299      8.230     6.1050     8.7247    267.150    272.651  0.000e+00
   58.32632 -135.87676     54.549      3.076      3.047    10.5524    26.9556  1020.6067    20.5927    10.5521     92.942    83.4037     2.9299      8.230     6.1049     8.7245    267.143    272.644  0.000e+00
   58.32632 -135.87676     53.849      3.035      3.007    10.5512    26.9560  1020.6069    20.5931    10.5508     92.934    83.4037     2.9299      8.230     6.1045     8.7239    267.125    272.626  0.000e+00
   58.32632 -135.87676     53.596      3.076      3.047    10.5514    26.9554  1020.6066    20.5926    10.5511     92.925    83.4037     2.9299      8.230     6.1039     8.7231    267.101    272.601  0.000e+00
   58.32632 -135.87676     53.532      3.035      3.007    10.5518    26.9545  1020.6057    20.5919    10.5515     92.915    83.4037     2.9299      8.230     6.1032     8.7221    267.070    272.570  0.000e+00
   58.32632 -135.87676     53.532      3.011      2.983    10.5533    26.9534  1020.6045    20.5908    10.5529     92.910    83.4037     2.9299      8.230     6.1027     8.7214    267.049    272.548  0.000e+00
   58.32632 -135.87676     53.645      3.076      3.047    10.5502    26.9559  1020.6072    20.5932    10.5498     92.905    83.4037     2.9299      8.230     6.1028     8.7215    267.050    272.549  0.000e+00
   58.32632 -135.87676     53.776      3.035      3.007    10.5502    26.9553  1020.6066    20.5927    10.5498     92.899    83.4037     2.7247      8.230     6.1024     8.7209    267.032    272.531  0.000e+00
   58.32632 -135.87676     53.825      3.011      2.983    10.5567    26.9507  1020.6019    20.5882    10.5564     92.891    83.4037     2.4903      8.230     6.1011     8.7191    266.980    272.476  0.000e+00
   58.32632 -135.87676     53.905      3.092      3.063    10.5582    26.9501  1020.6015    20.5874    10.5579     92.884    83.4316     2.4317      8.230     6.1005     8.7182    266.952    272.448  0.000e+00
   58.32632 -135.87676     53.825      3.011      2.983    10.5579    26.9507  1020.6016    20.5879    10.5576     92.874    83.5155     2.4317      8.230     6.0999     8.7174    266.926    272.422  0.000e+00
   58.32632 -135.87676     53.954      3.092      3.063    10.5576    26.9513  1020.6025    20.5885    10.5572     92.920    83.5435     2.4610      8.230     6.1029     8.7217    267.058    272.557  0.000e+00
   58.32632 -135.87676     53.972      3.011      2.983    10.5551    26.9535  1020.6043    20.5906    10.5548     92.861    83.5435     2.4610      8.230     6.0993     8.7165    266.900    272.395  0.000e+00
   58.32632 -135.87676     54.045      3.035      3.007    10.5538    26.9553  1020.6060    20.5922    10.5535     92.851    83.5155     2.4610      8.230     6.0987     8.7157    266.873    272.369  0.000e+00
   58.32632 -135.87676     54.085      3.075      3.047    10.5535    26.9561  1020.6068    20.5928    10.5531     92.846    83.5435     2.4610      8.230     6.0984     8.7152    266.860    272.355  0.000e+00
   58.32632 -135.87676     54.085      3.075      3.047    10.5538    26.9562  1020.6069    20.5929    10.5535     92.840    83.5435     2.4610      8.230     6.0980     8.7146    266.841    272.336  0.000e+00
   58.32632 -135.87676     54.094      3.035      3.007    10.5531    26.9571  1020.6075    20.5937    10.5527     92.833    83.5435     2.4610      8.230     6.0976     8.7141    266.824    272.319  0.000e+00
   58.32632 -135.87676     54.207      3.075      3.047    10.5523    26.9578  1020.6084    20.5944    10.5520     92.827    83.5155     2.4610      8.230     6.0972     8.7136    266.808    272.303  0.000e+00
   58.32632 -135.87676     54.191      3.035      3.007    10.5521    26.9581  1020.6084    20.5946    10.5518     92.819    83.5435     2.4610      8.230     6.0967     8.7129    266.786    272.281  0.000e+00
   58.32632 -135.87676     54.207      3.075      3.047    10.5516    26.9585  1020.6090    20.5950    10.5513     92.812    83.5435     2.4610      8.230     6.0963     8.7122    266.767    272.261  0.000e+00
   58.32632 -135.87676     54.167      3.035      3.007    10.5509    26.9595  1020.6097    20.5959    10.5506     92.803    83.5435     2.4610      8.230     6.0958     8.7115    266.744    272.238  0.000e+00
   58.32632 -135.87676     54.207      3.075      3.047    10.5494    26.9613  1020.6115    20.5975    10.5490     92.801    83.5435     2.4610      8.230     6.0958     8.7115    266.744    272.238  0.000e+00
   58.32632 -135.87676     54.191      3.035      3.007    10.5482    26.9630  1020.6129    20.5991    10.5479     92.798    83.5435     2.4610      8.230     6.0957     8.7113    266.738    272.233  0.000e+00
   58.32632 -135.87676     54.207      3.075      3.047    10.5452    26.9658  1020.6157    20.6017    10.5449     92.795    83.5155     2.4610      8.230     6.0958     8.7115    266.744    272.239  0.000e+00
   58.32632 -135.87676     54.207      3.075      3.047    10.5436    26.9668  1020.6168    20.6028    10.5432     92.792    83.5435     2.4610      8.230     6.0958     8.7115    266.742    272.238  0.000e+00
   58.32632 -135.87676     54.167      3.035      3.007    10.5416    26.9678  1020.6177    20.6039    10.5413     92.788    83.5435     2.4610      8.230     6.0958     8.7115    266.741    272.237  0.000e+00
   58.32632 -135.87676     54.207      3.075      3.047    10.5398    26.9680  1020.6183    20.6043    10.5395     92.785    83.5435     2.4610      8.230     6.0958     8.7115    266.742    272.238  0.000e+00
   58.32632 -135.87676     54.167      3.035      3.007    10.5423    26.9651  1020.6154    20.6016    10.5420     92.780    83.5435     2.4903      8.230     6.0953     8.7107    266.719    272.214  0.000e+00
   58.32632 -135.87676     54.207      3.075      3.047    10.5393    26.9658  1020.6167    20.6027    10.5390     92.777    83.5155     2.5782      8.230     6.0954     8.7109    266.725    272.220  0.000e+00
   58.32632 -135.87676     54.167      3.035      3.007    10.5385    26.9648  1020.6158    20.6020    10.5382     92.772    83.5435     2.5782      8.230     6.0952     8.7107    266.717    272.212  0.000e+00
   58.32632 -135.87676     54.231      3.075      3.047    10.5454    26.9585  1020.6100    20.5960    10.5451     92.827    83.5435     2.6075      8.230     6.0981     8.7149    266.847    272.343  0.000e+00
   58.32632 -135.87676     54.240      3.035      3.007    10.5518    26.9527  1020.6043    20.5905    10.5515     92.827    83.5715     2.6075      8.230     6.0975     8.7140    266.821    272.315  0.000e+00
   58.32632 -135.87676     54.304      3.075      3.047    10.5558    26.9491  1020.6011    20.5871    10.5554     92.827    83.5715     2.6075      8.230     6.0972     8.7135    266.806    272.299  0.000e+00
   58.32632 -135.87676     54.329      3.075      3.047    10.5559    26.9473  1020.5996    20.5856    10.5556     92.827    83.5435     2.6075      8.230     6.0972     8.7135    266.809    272.302  0.000e+00
   58.32632 -135.87676     54.289      3.035      3.007    10.5541    26.9465  1020.5991    20.5853    10.5538     92.833    83.5435     2.5782      8.230     6.0978     8.7144    266.837    272.330  0.000e+00
   58.32632 -135.87676     54.329      3.075      3.047    10.5602    26.9407  1020.5938    20.5798    10.5599     92.838    83.5435     2.5782      8.230     6.0976     8.7141    266.828    272.320  0.000e+00
   58.32632 -135.87676     54.338      3.035      3.007    10.5750    26.9277  1020.5811    20.5673    10.5747     92.835    83.5435     2.6075      8.230     6.0959     8.7117    266.758    272.244  0.000e+00
   58.32632 -135.87676     54.378      3.075      3.047    10.5822    26.9206  1020.5746    20.5606    10.5819     92.894    83.5435     2.6075      8.229     6.0991     8.7162    266.898    272.385  0.000e+00
   58.32632 -135.87676     54.394      3.091      3.063    10.5830    26.9194  1020.5737    20.5596    10.5826     92.904    83.5435     2.6075      8.229     6.0997     8.7171    266.926    272.414  0.000e+00
   58.32632 -135.87676     54.314      3.011      2.983    10.5816    26.9207  1020.5746    20.5608    10.5813     92.907    83.5435     2.6075      8.230     6.1000     8.7176    266.939    272.428  0.000e+00
   58.32632 -135.87676     54.442      3.091      3.063    10.5821    26.9213  1020.5753    20.5613    10.5817     92.911    83.5435     2.5782      8.229     6.1002     8.7178    266.946    272.435  0.000e+00
   58.32632 -135.87676     54.387      3.011      2.983    10.5821    26.9222  1020.5756    20.5619    10.5818     92.912    83.5435     2.5782      8.229     6.1002     8.7179    266.948    272.437  0.000e+00
   58.32632 -135.87676     54.451      3.075      3.047    10.5816    26.9234  1020.5769    20.5629    10.5813     92.920    83.5435     2.5782      8.230     6.1008     8.7187    266.973    272.462  0.000e+00
   58.32632 -135.87676     54.411      3.035      3.007    10.5783    26.9271  1020.5802    20.5663    10.5780     92.927    83.5435     2.5782      8.230     6.1016     8.7198    267.005    272.496  0.000e+00
   58.32632 -135.87676     54.451      3.075      3.047    10.5710    26.9337  1020.5866    20.5727    10.5707     92.935    83.5435     2.5782      8.230     6.1028     8.7215    267.058    272.552  0.000e+00
   58.32632 -135.87676     54.411      3.035      3.007    10.5691    26.9358  1020.5884    20.5746    10.5688     92.941    83.5435     2.5782      8.230     6.1034     8.7223    267.082    272.577  0.000e+00
   58.32632 -135.87676     54.451      3.075      3.047    10.5715    26.9348  1020.5874    20.5734    10.5712     92.947    83.5435     2.5782      8.230     6.1035     8.7225    267.087    272.581  0.000e+00
   58.32632 -135.87676     54.411      3.035      3.007    10.5738    26.9344  1020.5866    20.5728    10.5735     92.951    83.5435     2.5782      8.230     6.1035     8.7225    267.086    272.581  0.000e+00
   58.32632 -135.87676     54.451      3.075      3.047    10.5725    26.9362  1020.5884    20.5744    10.5722     92.957    83.5435     2.5782      8.230     6.1039     8.7231    267.105    272.601  0.000e+00
   58.32632 -135.87676     54.411      3.035      3.007    10.5636    26.9432  1020.5950    20.5812    10.5633     93.015    83.5435     2.5782      8.230     6.1087     8.7299    267.312    272.814  0.000e+00
   58.32632 -135.87676     54.451      3.075      3.047    10.5584    26.9474  1020.5993    20.5853    10.5580     93.026    83.5715     2.5782      8.230     6.1099     8.7317    267.365    272.869  0.000e+00
   58.32632 -135.87676     54.387      3.011      2.983    10.5576    26.9487  1020.6002    20.5865    10.5572     93.034    83.5715     2.5782      8.230     6.1105     8.7325    267.391    272.895  0.000e+00
   58.32632 -135.87676     54.411      3.035      3.007    10.5539    26.9515  1020.6030    20.5892    10.5536     93.043    83.5715     2.5782      8.230     6.1115     8.7339    267.431    272.938  0.000e+00
   58.32632 -135.87676     54.451      3.075      3.047    10.5490    26.9552  1020.6068    20.5928    10.5487     93.051    83.5715     2.5782      8.230     6.1125     8.7354    267.477    272.985  0.000e+00
   58.32632 -135.87676     51.603      3.035      3.007    10.5457    26.9578  1020.6092    20.5954    10.5454     93.057    83.5715     2.5782      8.230     6.1133     8.7365    267.509    273.019  0.000e+00
   58.32632 -135.87676     47.012      3.011      2.983    10.5444    26.9591  1020.6104    20.5967    10.5441     93.117    83.5715     2.5782      8.230     6.1173     8.7422    267.685    273.198  0.000e+00
   58.32632 -135.87676     45.717      3.035      3.007    10.5424    26.9611  1020.6123    20.5985    10.5421     93.128    83.5715     2.6075      8.230     6.1182     8.7436    267.726    273.240  0.000e+00
   58.32632 -135.87676     45.855      3.075      3.047    10.5403    26.9626  1020.6140    20.6000    10.5399     93.193    83.5715     2.5782      8.230     6.1227     8.7500    267.921    273.440  0.000e+00
   58.32632 -135.87676     45.986      3.011      2.983    10.5380    26.9639  1020.6151    20.6014    10.5376     93.207    83.5715     2.5782      8.230     6.1239     8.7516    267.972    273.493  0.000e+00
   58.32632 -135.87676     46.059      3.035      3.007    10.5403    26.9619  1020.6133    20.5995    10.5399     93.220    83.5715     2.5782      8.230     6.1245     8.7526    268.001    273.522  0.000e+00
   58.32632 -135.87676     46.035      3.011      2.983    10.5415    26.9606  1020.6120    20.5983    10.5411     93.238    83.5994     2.5782      8.230     6.1256     8.7541    268.048    273.569  0.000e+00
   58.32632 -135.87676     46.059      3.035      3.007    10.5390    26.9620  1020.6136    20.5998    10.5387     93.250    83.5715     2.6075      8.230     6.1266     8.7556    268.094    273.616  0.000e+00
   58.32632 -135.87676     46.035      3.011      2.983    10.5398    26.9606  1020.6123    20.5986    10.5395     93.259    83.5715     2.5782      8.230     6.1272     8.7564    268.118    273.641  0.000e+00
   58.32632 -135.87676     46.035      3.035      3.007    10.5415    26.9584  1020.6104    20.5966    10.5411     93.322    83.5715     2.5782      8.230     6.1312     8.7621    268.292    273.818  0.000e+00
   58.32632 -135.87676     46.035      3.011      2.983    10.5472    26.9527  1020.6050    20.5912    10.5469     93.334    83.5715     2.5782      8.230     6.1314     8.7624    268.305    273.829  0.000e+00
   58.32632 -135.87676     46.059      3.035      3.007    10.5527    26.9475  1020.6001    20.5863    10.5524     93.345    83.5715     2.5782      8.230     6.1316     8.7627    268.314    273.838  0.000e+00
   58.32632 -135.87676     46.035      3.011      2.983    10.5600    26.9410  1020.5938    20.5801    10.5597     93.353    83.5715     2.6075      8.230     6.1315     8.7625    268.310    273.831  0.000e+00
   58.32632 -135.87676     46.035      3.011      2.983    10.5698    26.9332  1020.5862    20.5725    10.5694     93.361    83.5715     2.5782      8.230     6.1309     8.7617    268.288    273.808  0.000e+00
   58.32632 -135.87676     46.059      3.035      3.007    10.5806    26.9240  1020.5774    20.5636    10.5803     93.366    83.5715     2.6661      8.230     6.1302     8.7607    268.259    273.776  0.000e+00
   58.32632 -135.87678     46.035      3.011      2.983    10.5898    26.9156  1020.5693    20.5556    10.5894     93.370    83.5715     2.6954      8.229     6.1296     8.7598    268.233    273.747  0.000e+00
   58.32632 -135.87678     46.059      3.035      3.007    10.5903    26.9139  1020.5680    20.5542    10.5900     93.428    83.3477     2.7247      8.229     6.1334     8.7652    268.400    273.917  0.000e+00
