EcoFOCI/data/1_SampleCollection/2022_GOA-OA_CruiseData/CTD_raw_BottleFile_RC0083/RC0083_013.ros
* Sea-Bird SBE 9 Data File:
* FileName = C:\Data\RC0083ctd\RC0083_013.hex
* Software Version Seasave V 7.26.7.107
* Temperature SN = 2060
* Conductivity SN = 1084
* Number of Bytes Per Scan = 31
* Number of Voltage Words = 4
* Number of Scans Averaged by the Deck Unit = 1
* NMEA Latitude = 55 43.96 N
* NMEA Longitude = 134 28.39 W
* NMEA UTC (Time) = Aug 13 2022  05:59:07
* NMEA baud rate = 4800
** Ship: R/V Rachel Carson
** Cruise ID: RC0083 RC0083
** Tech: McHugh/Nomura
** Chief Scientist: Cross Cross
** Station: POW4
** Cast:  013
# nquan = 21
# nvalues = 294                                   
# units = specified
# name 0 = latitude: Latitude [deg]
# name 1 = longitude: Longitude [deg]
# name 2 = sfdSM: Seafloor depth [salt water, m]
# name 3 = prDM: Pressure, Digiquartz [db]
# name 4 = depSM: Depth [salt water, m]
# name 5 = t090C: Temperature [ITS-90, deg C]
# name 6 = sal00: Salinity, Practical [PSU]
# name 7 = density00: Density [density, kg/m^3]
# name 8 = sigma-é00: Density [sigma-theta, kg/m^3]
# name 9 = potemp090C: Potential Temperature [ITS-90, deg C]
# name 10 = sbeox0PS: Oxygen, SBE 43 [% saturation]
# name 11 = CStarTr0: Beam Transmission, WET Labs C-Star [%]
# name 12 = flECO-AFL: Fluorescence, WET Labs ECO-AFL/FL [mg/m^3]
# name 13 = ph: pH
# name 14 = sbeox0ML/L: Oxygen, SBE 43 [ml/l]
# name 15 = sbeox0Mg/L: Oxygen, SBE 43 [mg/l]
# name 16 = sbox0Mm/Kg: Oxygen, SBE 43 [umol/kg]
# name 17 = sbeox0Mm/L: Oxygen, SBE 43 [umol/l]
# name 18 = scan: Scan Count
# name 19 = nbf: Bottles Fired
# name 20 = flag:  0.000e+00
# interval = seconds: 0.0416667
# start_time = Aug 13 2022 05:59:07 [NMEA time, header]
# bad_flag = -9.990e-29
*END*
[from data line 69]
   55.73406 -134.47222    176.669    102.213    101.260     6.6633    32.9953  1026.3550    25.8856     6.6544     52.464   104.8559    -0.0591      7.867     3.6169     5.1689    157.454    161.530      11383          2  0.000e+00
   55.73406 -134.47222    161.659    102.246    101.293     6.6632    32.9951  1026.3550    25.8855     6.6543     52.467   104.8559    -0.0591      7.862     3.6171     5.1692    157.464    161.540      11384          2  0.000e+00
   55.73406 -134.47222    159.331    102.213    101.260     6.6631    32.9954  1026.3551    25.8858     6.6542     52.470   104.8559    -0.0591      7.862     3.6173     5.1695    157.472    161.548      11385          2  0.000e+00
   55.73406 -134.47222    160.365    102.246    101.292     6.6630    32.9958  1026.3556    25.8861     6.6540     52.473   104.8559    -0.0591      7.862     3.6175     5.1698    157.481    161.558      11386          2  0.000e+00
   55.73406 -134.47222    160.983    102.278    101.325     6.6634    32.9952  1026.3553    25.8856     6.6545     52.532   104.8559    -0.0591      7.862     3.6216     5.1756    157.659    161.740      11387          2  0.000e+00
   55.73406 -134.47222    161.024    102.246    101.292     6.6633    32.9955  1026.3553    25.8858     6.6544     52.486   104.8559    -0.0591      7.862     3.6184     5.1710    157.520    161.597      11388          2  0.000e+00
   55.73406 -134.47222    161.007    102.278    101.325     6.6631    32.9953  1026.3554    25.8857     6.6542     52.489   104.8559    -0.0591      7.867     3.6186     5.1713    157.529    161.607      11389          2  0.000e+00
   55.73406 -134.47222    160.975    102.246    101.292     6.6627    32.9958  1026.3557    25.8861     6.6537     52.491   104.8559    -0.0591      7.862     3.6188     5.1716    157.537    161.615      11390          2  0.000e+00
   55.73406 -134.47222    161.007    102.278    101.325     6.6628    32.9959  1026.3559    25.8862     6.6539     52.494   104.8559    -0.0591      7.862     3.6190     5.1719    157.545    161.623      11391          2  0.000e+00
   55.73406 -134.47222    161.039    102.310    101.357     6.6626    32.9960  1026.3561    25.8863     6.6537     52.497   104.8559    -0.0591      7.867     3.6192     5.1722    157.554    161.632      11392          2  0.000e+00
   55.73406 -134.47222    161.063    102.335    101.381     6.6627    32.9961  1026.3563    25.8863     6.6537     52.499   104.8559    -0.0591      7.867     3.6194     5.1724    157.562    161.640      11393          2  0.000e+00
   55.73406 -134.47222    160.975    102.246    101.292     6.6623    32.9965  1026.3563    25.8867     6.6534     52.501   104.8559    -0.0591      7.862     3.6195     5.1726    157.568    161.647      11394          2  0.000e+00
   55.73406 -134.47222    161.063    102.335    101.381     6.6620    32.9967  1026.3569    25.8869     6.6531     52.505   104.8559    -0.0591      7.867     3.6197     5.1730    157.579    161.658      11395          2  0.000e+00
   55.73406 -134.47222    161.063    102.335    101.381     6.6622    32.9962  1026.3564    25.8865     6.6532     52.507   104.8559    -0.0591      7.862     3.6199     5.1732    157.587    161.666      11396          2  0.000e+00
   55.73406 -134.47222    161.039    102.310    101.357     6.6621    32.9968  1026.3568    25.8869     6.6532     52.510   104.8559    -0.0591      7.862     3.6201     5.1735    157.593    161.673      11397          2  0.000e+00
   55.73406 -134.47222    168.194    102.335    101.381     6.6620    32.9966  1026.3568    25.8868     6.6531     52.512   104.8559    -0.0591      7.867     3.6203     5.1737    157.602    161.682      11398          2  0.000e+00
   55.73406 -134.47222    192.060    102.367    101.413     6.6621    32.9966  1026.3569    25.8868     6.6532     52.515   104.8559    -0.0591      7.862     3.6205     5.1740    157.610    161.690      11399          2  0.000e+00
   55.73406 -134.47222    201.088    102.335    101.381     6.6620    32.9970  1026.3571    25.8871     6.6531     52.517   104.8559    -0.0591      7.867     3.6206     5.1742    157.617    161.697      11400          2  0.000e+00
   55.73406 -134.47222    201.339    102.367    101.413     6.6620    32.9964  1026.3567    25.8867     6.6531     52.520   104.8559    -0.0591      7.862     3.6208     5.1745    157.626    161.706      11401          2  0.000e+00
   55.73406 -134.47222    200.306    102.335    101.381     6.6620    32.9967  1026.3568    25.8869     6.6530     52.522   104.8559    -0.0591      7.867     3.6210     5.1748    157.633    161.713      11402          2  0.000e+00
   55.73406 -134.47222    199.996    102.367    101.413     6.6619    32.9971  1026.3573    25.8872     6.6530     52.517   104.8559    -0.0591      7.862     3.6206     5.1742    157.617    161.697      11403          2  0.000e+00
   55.73406 -134.47222    200.020    102.391    101.437     6.6621    32.9967  1026.3571    25.8869     6.6532     52.512   104.8559    -0.0298      7.867     3.6202     5.1737    157.600    161.680      11404          2  0.000e+00
   55.73406 -134.47222    200.021    102.367    101.413     6.6622    32.9964  1026.3567    25.8866     6.6532     52.513   104.8559    -0.0298      7.867     3.6204     5.1739    157.605    161.685      11405          2  0.000e+00
   55.73406 -134.47222    200.069    102.391    101.437     6.6620    32.9966  1026.3571    25.8869     6.6531     52.516   104.8559    -0.0298      7.862     3.6205     5.1741    157.612    161.692      11406          2  0.000e+00
   55.73408 -134.47222    200.069    102.391    101.437     6.6618    32.9967  1026.3572    25.8870     6.6529     52.517   104.8559    -0.0298      7.862     3.6207     5.1743    157.618    161.699      11407          2  0.000e+00
   55.73408 -134.47222    200.045    102.367    101.413     6.6617    32.9966  1026.3570    25.8869     6.6527     52.519   104.8559    -0.0298      7.862     3.6208     5.1745    157.624    161.705      11408          2  0.000e+00
   55.73408 -134.47222    200.069    102.391    101.437     6.6615    32.9971  1026.3575    25.8873     6.6525     52.513   104.8559    -0.0298      7.862     3.6204     5.1739    157.607    161.687      11409          2  0.000e+00
   55.73408 -134.47222    200.045    102.367    101.413     6.6615    32.9970  1026.3573    25.8872     6.6526     52.515   104.8559    -0.0298      7.862     3.6205     5.1740    157.611    161.691      11410          2  0.000e+00
   55.73408 -134.47222    200.069    102.391    101.437     6.6615    32.9971  1026.3575    25.8873     6.6526     52.517   104.8559    -0.0298      7.862     3.6206     5.1742    157.616    161.696      11411          2  0.000e+00
   55.73454 -134.47224    148.620     50.451     49.987     8.5291    32.0147  1025.0834    24.8535     8.5241     69.684   103.4295     0.2046      8.005     4.6338     6.6221    201.925    206.944      13975          3  0.000e+00
   55.73454 -134.47224    148.684     50.516     50.051     8.5304    32.0141  1025.0830    24.8528     8.5254     69.628   103.4295     0.2046      8.005     4.6300     6.6167    201.760    206.774      13976          3  0.000e+00
   55.73454 -134.47224    148.620     50.451     49.987     8.5307    32.0133  1025.0821    24.8522     8.5257     69.621   103.4015     0.2046      8.005     4.6294     6.6159    201.737    206.751      13977          3  0.000e+00
   55.73454 -134.47224    148.684     50.516     50.051     8.5308    32.0134  1025.0824    24.8522     8.5258     69.614   103.4295     0.2046      8.005     4.6290     6.6153    201.718    206.731      13978          3  0.000e+00
   55.73454 -134.47224    148.564     50.395     49.931     8.5286    32.0156  1025.0840    24.8543     8.5236     69.607   103.4295     0.2046      8.005     4.6287     6.6148    201.703    206.717      13979          3  0.000e+00
   55.73454 -134.47224    148.508     50.338     49.875     8.5281    32.0152  1025.0834    24.8540     8.5231     69.655   103.4295     0.2046      8.005     4.6320     6.6195    201.847    206.863      13980          3  0.000e+00
   55.73454 -134.47224    148.508     50.338     49.875     8.5279    32.0160  1025.0841    24.8546     8.5229     69.656   103.4295     0.2046      8.005     4.6320     6.6196    201.848    206.865      13981          3  0.000e+00
   55.73454 -134.47224    148.452     50.282     49.819     8.5278    32.0158  1025.0837    24.8545     8.5228     69.656   103.4295     0.2046      8.005     4.6320     6.6196    201.849    206.866      13982          3  0.000e+00
   55.73454 -134.47224    148.444     50.274     49.811     8.5284    32.0150  1025.0830    24.8538     8.5234     69.656   103.4015     0.2046      8.005     4.6320     6.6196    201.849    206.866      13983          3  0.000e+00
   55.73454 -134.47224    148.388     50.217     49.755     8.5291    32.0148  1025.0824    24.8536     8.5241     69.656   103.4015     0.2046      8.005     4.6319     6.6195    201.846    206.863      13984          3  0.000e+00
   55.73454 -134.47224    148.388     50.217     49.755     8.5286    32.0158  1025.0833    24.8544     8.5236     69.657   103.4015     0.2046      8.005     4.6320     6.6196    201.848    206.865      13985          3  0.000e+00
   55.73454 -134.47224    148.331     50.160     49.699     8.5287    32.0157  1025.0829    24.8543     8.5237     69.602   103.3456     0.2046      8.005     4.6283     6.6143    201.688    206.701      13986          3  0.000e+00
   55.73454 -134.47224    148.267     50.096     49.635     8.5290    32.0156  1025.0825    24.8542     8.5240     69.650   103.3456     0.2046      8.005     4.6315     6.6189    201.828    206.845      13987          3  0.000e+00
   55.73454 -134.47224    148.323     50.152     49.691     8.5286    32.0160  1025.0831    24.8545     8.5236     69.652   103.3456     0.2046      8.005     4.6317     6.6191    201.833    206.850      13988          3  0.000e+00
   55.73454 -134.47224    148.211     50.039     49.579     8.5289    32.0158  1025.0824    24.8543     8.5239     69.659   103.3456     0.2046      8.005     4.6321     6.6197    201.853    206.869      13989          3  0.000e+00
   55.73454 -134.47224    148.267     50.096     49.635     8.5290    32.0157  1025.0826    24.8543     8.5240     69.660   103.3456     0.2046      8.005     4.6322     6.6199    201.857    206.874      13990          3  0.000e+00
   55.73454 -134.47224    148.211     50.039     49.579     8.5297    32.0151  1025.0817    24.8536     8.5247     69.661   103.3456     0.2046      8.005     4.6322     6.6198    201.856    206.873      13991          3  0.000e+00
   55.73454 -134.47224    148.211     50.039     49.579     8.5302    32.0148  1025.0814    24.8534     8.5252     69.662   103.3456     0.2046      8.005     4.6322     6.6199    201.858    206.874      13992          3  0.000e+00
   55.73454 -134.47224    148.211     50.039     49.579     8.5309    32.0143  1025.0809    24.8528     8.5259     69.670   103.3456     0.2046      8.005     4.6327     6.6206    201.879    206.896      13993          3  0.000e+00
   55.73454 -134.47224    148.211     50.039     49.579     8.5314    32.0144  1025.0809    24.8529     8.5264     69.672   103.3456     0.2046      8.005     4.6327     6.6206    201.881    206.898      13994          3  0.000e+00
   55.73454 -134.47224    148.155     49.982     49.523     8.5315    32.0137  1025.0801    24.8523     8.5265     69.673   103.3456     0.2046      8.005     4.6328     6.6207    201.884    206.901      13995          3  0.000e+00
   55.73454 -134.47224    148.147     49.974     49.515     8.5314    32.0138  1025.0802    24.8524     8.5264     69.674   103.3456     0.2046      8.005     4.6329     6.6209    201.888    206.906      13996          3  0.000e+00
   55.73454 -134.47224    148.211     50.039     49.579     8.5301    32.0150  1025.0816    24.8535     8.5251     69.676   103.3456     0.2046      8.005     4.6332     6.6212    201.899    206.917      13997          3  0.000e+00
   55.73454 -134.47224    148.147     49.974     49.515     8.5301    32.0148  1025.0812    24.8534     8.5251     69.684   103.3456     0.2046      8.005     4.6337     6.6220    201.922    206.941      13998          3  0.000e+00
   55.73454 -134.47224    148.155     49.982     49.523     8.5287    32.0158  1025.0821    24.8543     8.5238     69.693   103.3456     0.2046      8.005     4.6344     6.6230    201.953    206.973      13999          3  0.000e+00
   55.73454 -134.47224    148.211     50.039     49.579     8.5276    32.0171  1025.0837    24.8556     8.5226     69.641   103.3456     0.2046      8.005     4.6310     6.6182    201.804    206.820      14000          3  0.000e+00
   55.73454 -134.47224    148.155     49.982     49.523     8.5262    32.0183  1025.0845    24.8567     8.5212     69.636   103.3456     0.2046      8.005     4.6308     6.6178    201.795    206.811      14001          3  0.000e+00
   55.73454 -134.47224    148.211     50.039     49.579     8.5258    32.0183  1025.0849    24.8568     8.5208     69.632   103.3456     0.2046      8.005     4.6306     6.6175    201.785    206.801      14002          3  0.000e+00
   55.73454 -134.47224    148.211     50.039     49.579     8.5262    32.0182  1025.0847    24.8566     8.5212     69.683   103.3456     0.2046      8.005     4.6339     6.6224    201.932    206.951      14003          3  0.000e+00
   55.73454 -134.47224    148.211     50.039     49.579     8.5269    32.0178  1025.0843    24.8562     8.5220     69.686   103.3456     0.2046      8.005     4.6341     6.6225    201.937    206.957      14004          3  0.000e+00
   55.73454 -134.47224    148.211     50.039     49.579     8.5278    32.0171  1025.0836    24.8555     8.5228     69.634   103.3176     0.2046      8.005     4.6305     6.6174    201.783    206.798      14005          3  0.000e+00
   55.73454 -134.47224    148.267     50.096     49.635     8.5281    32.0174  1025.0840    24.8557     8.5231     69.630   103.2616     0.2046      8.005     4.6302     6.6171    201.771    206.786      14006          3  0.000e+00
   55.73454 -134.47224    148.275     50.104     49.643     8.5278    32.0175  1025.0842    24.8558     8.5228     69.627   103.2337     0.2046      8.005     4.6300     6.6168    201.763    206.778      14007          3  0.000e+00
   55.73454 -134.47224    148.323     50.152     49.691     8.5269    32.0178  1025.0848    24.8562     8.5219     69.624   103.2337     0.2046      8.005     4.6300     6.6167    201.759    206.774      14008          3  0.000e+00
   55.73454 -134.47224    148.275     50.104     49.643     8.5262    32.0187  1025.0854    24.8570     8.5212     69.621   103.2337     0.2046      8.005     4.6298     6.6164    201.752    206.767      14009          3  0.000e+00
   55.73454 -134.47224    148.387     50.217     49.755     8.5253    32.0193  1025.0865    24.8576     8.5203     69.620   103.2337     0.2046      8.005     4.6298     6.6164    201.750    206.765      14010          3  0.000e+00
   55.73454 -134.47224    148.331     50.160     49.699     8.5248    32.0202  1025.0870    24.8584     8.5198     69.617   103.2337     0.2046      8.005     4.6296     6.6162    201.743    206.758      14011          3  0.000e+00
   55.73454 -134.47224    148.387     50.217     49.755     8.5244    32.0206  1025.0877    24.8588     8.5194     69.616   103.2337     0.2046      8.005     4.6295     6.6161    201.740    206.755      14012          3  0.000e+00
   55.73454 -134.47224    148.451     50.281     49.819     8.5240    32.0211  1025.0884    24.8592     8.5190     69.614   103.2337     0.2046      8.005     4.6295     6.6160    201.738    206.753      14013          3  0.000e+00
