EcoFOCI/data/1_SampleCollection/2022_GOA-OA_CruiseData/CTD_raw_BottleFile_RC0083/RC0083_011.ros
* Sea-Bird SBE 9 Data File:
* FileName = C:\Data\RC0083ctd\RC0083_011.hex
* Software Version Seasave V 7.26.7.107
* Temperature SN = 2060
* Conductivity SN = 1084
* Number of Bytes Per Scan = 31
* Number of Voltage Words = 4
* Number of Scans Averaged by the Deck Unit = 1
* NMEA Latitude = 55 30.13 N
* NMEA Longitude = 134 52.04 W
* NMEA UTC (Time) = Aug 13 2022  02:58:15
* NMEA baud rate = 4800
** Ship: R/V Rachel Carson
** Cruise ID: RC0083 RC0083
** Tech: McHugh/Nomura
** Chief Scientist: Cross Cross
** Station: POW6
** Cast:  011
# nquan = 21
# nvalues = 441                                   
# units = specified
# name 0 = latitude: Latitude [deg]
# name 1 = longitude: Longitude [deg]
# name 2 = sfdSM: Seafloor depth [salt water, m]
# name 3 = prDM: Pressure, Digiquartz [db]
# name 4 = depSM: Depth [salt water, m]
# name 5 = t090C: Temperature [ITS-90, deg C]
# name 6 = sal00: Salinity, Practical [PSU]
# name 7 = density00: Density [density, kg/m^3]
# name 8 = sigma-é00: Density [sigma-theta, kg/m^3]
# name 9 = potemp090C: Potential Temperature [ITS-90, deg C]
# name 10 = sbeox0PS: Oxygen, SBE 43 [% saturation]
# name 11 = CStarTr0: Beam Transmission, WET Labs C-Star [%]
# name 12 = flECO-AFL: Fluorescence, WET Labs ECO-AFL/FL [mg/m^3]
# name 13 = ph: pH
# name 14 = sbeox0ML/L: Oxygen, SBE 43 [ml/l]
# name 15 = sbeox0Mg/L: Oxygen, SBE 43 [mg/l]
# name 16 = sbox0Mm/Kg: Oxygen, SBE 43 [umol/kg]
# name 17 = sbeox0Mm/L: Oxygen, SBE 43 [umol/l]
# name 18 = scan: Scan Count
# name 19 = nbf: Bottles Fired
# name 20 = flag:  0.000e+00
# interval = seconds: 0.0416667
# start_time = Aug 13 2022 02:58:15 [NMEA time, header]
# bad_flag = -9.990e-29
*END*
[from data line 69]
   55.50236 -134.86750    299.763    252.656    250.215     5.5782    33.8154  1027.8344    26.6709     5.5577     28.696   106.5340    -0.0884      7.702     2.0180     2.8840     87.784     90.126      14206          2  0.000e+00
   55.50236 -134.86750    299.683    252.575    250.134     5.5785    33.8149  1027.8336    26.6705     5.5579     28.690   106.5340    -0.0884      7.702     2.0176     2.8834     87.766     90.107      14207          2  0.000e+00
   55.50236 -134.86750    299.883    252.778    250.335     5.5782    33.8152  1027.8348    26.6707     5.5577     28.693   106.5340    -0.0884      7.702     2.0178     2.8837     87.775     90.116      14208          2  0.000e+00
   55.50236 -134.86750    299.803    252.697    250.255     5.5782    33.8149  1027.8342    26.6705     5.5577     28.694   106.5340    -0.0884      7.702     2.0179     2.8838     87.779     90.120      14209          2  0.000e+00
   55.50236 -134.86750    299.739    252.632    250.191     5.5782    33.8152  1027.8341    26.6707     5.5577     28.753   106.5340    -0.0884      7.706     2.0220     2.8897     87.959     90.305      14210          2  0.000e+00
   55.50236 -134.86750    299.763    252.656    250.215     5.5782    33.8153  1027.8344    26.6708     5.5577     28.694   106.5340    -0.0884      7.702     2.0179     2.8838     87.778     90.119      14211          2  0.000e+00
   55.50236 -134.86750    299.626    252.518    250.078     5.5785    33.8149  1027.8334    26.6705     5.5579     28.683   106.5340    -0.0884      7.702     2.0171     2.8827     87.745     90.085      14212          2  0.000e+00
   55.50236 -134.86750    299.859    252.778    250.335     5.5781    33.8151  1027.8347    26.6707     5.5576     28.681   106.5340    -0.0884      7.702     2.0170     2.8825     87.741     90.081      14213          2  0.000e+00
   55.50236 -134.86750    299.690    252.632    250.191     5.5780    33.8147  1027.8338    26.6704     5.5574     28.678   106.5340    -0.0884      7.702     2.0168     2.8822     87.730     90.070      14214          2  0.000e+00
   55.50236 -134.86750    299.714    252.656    250.215     5.5777    33.8145  1027.8337    26.6702     5.5571     28.732   106.5340    -0.0884      7.706     2.0207     2.8877     87.898     90.242      14215          2  0.000e+00
   55.50236 -134.86750    299.690    252.632    250.191     5.5766    33.8148  1027.8340    26.6706     5.5561     28.677   106.5340    -0.0884      7.702     2.0168     2.8823     87.732     90.072      14216          2  0.000e+00
   55.50236 -134.86750    299.578    252.518    250.078     5.5762    33.8153  1027.8339    26.6710     5.5557     28.730   106.5340    -0.0884      7.706     2.0205     2.8875     87.893     90.237      14217          2  0.000e+00
   55.50236 -134.86750    299.770    252.713    250.271     5.5754    33.8154  1027.8350    26.6712     5.5549     28.674   106.5340    -0.0884      7.702     2.0166     2.8820     87.723     90.063      14218          2  0.000e+00
   55.50236 -134.86750    299.513    252.453    250.014     5.5750    33.8160  1027.8343    26.6717     5.5545     28.665   106.5340    -0.0884      7.702     2.0161     2.8812     87.698     90.037      14219          2  0.000e+00
   55.50236 -134.86750    299.770    252.713    250.271     5.5746    33.8158  1027.8355    26.6717     5.5541     28.658   106.5340    -0.0884      7.702     2.0156     2.8805     87.677     90.016      14220          2  0.000e+00
   55.50236 -134.86750    299.609    252.575    250.134     5.5742    33.8162  1027.8351    26.6720     5.5537     28.716   106.5620    -0.0884      7.702     2.0197     2.8863     87.855     90.199      14221          2  0.000e+00
   55.50236 -134.86750    299.569    252.534    250.094     5.5752    33.8156  1027.8344    26.6714     5.5547     28.657   106.5620    -0.0884      7.702     2.0154     2.8803     87.671     90.009      14222          2  0.000e+00
   55.50236 -134.86750    299.465    252.453    250.014     5.5754    33.8156  1027.8340    26.6714     5.5549     28.646   106.5620    -0.0884      7.702     2.0147     2.8792     87.638     89.975      14223          2  0.000e+00
   55.50236 -134.86750    299.665    252.656    250.215     5.5761    33.8153  1027.8346    26.6710     5.5555     28.694   106.5620    -0.0884      7.706     2.0180     2.8840     87.784     90.126      14224          2  0.000e+00
   55.50236 -134.86750    299.529    252.518    250.078     5.5764    33.8154  1027.8340    26.6711     5.5558     28.690   106.5620    -0.0884      7.702     2.0177     2.8835     87.771     90.112      14225          2  0.000e+00
   55.50236 -134.86750    299.465    252.453    250.014     5.5764    33.8160  1027.8342    26.6716     5.5558     28.685   106.5620    -0.0884      7.702     2.0174     2.8830     87.756     90.097      14226          2  0.000e+00
   55.50236 -134.86750    299.545    252.534    250.094     5.5770    33.8156  1027.8342    26.6712     5.5565     28.630   106.5620    -0.0884      7.702     2.0135     2.8775     87.587     89.923      14227          2  0.000e+00
   55.50236 -134.86750    299.465    252.453    250.014     5.5777    33.8154  1027.8335    26.6709     5.5572     28.683   106.5620    -0.0884      7.702     2.0172     2.8827     87.746     90.086      14228          2  0.000e+00
   55.50236 -134.86750    299.400    252.413    249.974     5.5781    33.8159  1027.8337    26.6713     5.5576     28.685   106.5620    -0.0884      7.702     2.0173     2.8829     87.750     90.091      14229          2  0.000e+00
   55.50236 -134.86750    299.440    252.453    250.014     5.5788    33.8153  1027.8333    26.6707     5.5582     28.686   106.5620    -0.0884      7.706     2.0173     2.8830     87.754     90.095      14230          2  0.000e+00
   55.50236 -134.86750    299.344    252.356    249.918     5.5793    33.8148  1027.8324    26.6702     5.5588     28.686   106.5620    -0.0884      7.702     2.0173     2.8830     87.754     90.095      14231          2  0.000e+00
   55.50236 -134.86750    299.433    252.397    249.958     5.5796    33.8149  1027.8326    26.6703     5.5590     28.687   106.5620    -0.0884      7.702     2.0173     2.8830     87.754     90.095      14232          2  0.000e+00
   55.50236 -134.86750    299.369    252.332    249.894     5.5797    33.8143  1027.8318    26.6698     5.5592     28.686   106.5620    -0.0884      7.706     2.0173     2.8829     87.751     90.092      14233          2  0.000e+00
   55.50236 -134.86750    299.417    252.356    249.918     5.5801    33.8143  1027.8319    26.6698     5.5596     28.684   106.5620    -0.0884      7.702     2.0172     2.8827     87.746     90.087      14234          2  0.000e+00
   55.50236 -134.86776    298.891    202.188    200.258     5.7424    33.7604  1027.5379    26.6070     5.7258     30.985   106.3103    -0.0884      7.730     2.1714     3.1032     94.462     96.976      16908          3  0.000e+00
   55.50236 -134.86776    298.891    202.188    200.258     5.7425    33.7606  1027.5380    26.6072     5.7259     30.985   106.3103    -0.0884      7.730     2.1714     3.1032     94.463     96.976      16909          3  0.000e+00
   55.50236 -134.86776    298.939    202.236    200.307     5.7425    33.7605  1027.5382    26.6071     5.7259     30.986   106.3103    -0.0884      7.730     2.1715     3.1033     94.465     96.978      16910          3  0.000e+00
   55.50236 -134.86776    298.947    202.245    200.315     5.7427    33.7598  1027.5377    26.6065     5.7261     30.986   106.3103    -0.0884      7.730     2.1715     3.1033     94.466     96.979      16911          3  0.000e+00
   55.50236 -134.86776    298.875    202.172    200.242     5.7424    33.7602  1027.5377    26.6069     5.7258     30.986   106.3103    -0.0884      7.730     2.1715     3.1033     94.466     96.980      16912          3  0.000e+00
   55.50236 -134.86776    298.891    202.188    200.258     5.7425    33.7602  1027.5377    26.6068     5.7259     30.986   106.3103    -0.0884      7.730     2.1715     3.1033     94.467     96.981      16913          3  0.000e+00
   55.50236 -134.86776    298.875    202.172    200.242     5.7425    33.7604  1027.5378    26.6070     5.7259     30.987   106.3103    -0.0884      7.730     2.1716     3.1034     94.468     96.982      16914          3  0.000e+00
   55.50236 -134.86776    298.827    202.123    200.194     5.7424    33.7604  1027.5376    26.6070     5.7258     30.987   106.3103    -0.0884      7.730     2.1716     3.1034     94.469     96.982      16915          3  0.000e+00
   55.50236 -134.86776    298.819    202.115    200.186     5.7425    33.7600  1027.5372    26.6067     5.7259     30.987   106.3103    -0.0884      7.730     2.1716     3.1034     94.470     96.983      16916          3  0.000e+00
   55.50236 -134.86776    298.771    202.066    200.138     5.7425    33.7604  1027.5373    26.6070     5.7259     30.987   106.3103    -0.0884      7.725     2.1716     3.1034     94.470     96.983      16917          3  0.000e+00
   55.50236 -134.86776    298.714    202.010    200.082     5.7422    33.7602  1027.5369    26.6069     5.7257     30.988   106.3103    -0.0884      7.730     2.1716     3.1035     94.471     96.985      16918          3  0.000e+00
   55.50236 -134.86776    298.698    201.993    200.066     5.7422    33.7603  1027.5369    26.6069     5.7256     30.988   106.3103    -0.1177      7.725     2.1716     3.1035     94.472     96.986      16919          3  0.000e+00
   55.50236 -134.86776    298.714    202.010    200.082     5.7420    33.7609  1027.5375    26.6075     5.7254     30.988   106.3103    -0.0884      7.725     2.1717     3.1035     94.473     96.987      16920          3  0.000e+00
   55.50236 -134.86776    298.642    201.937    200.010     5.7420    33.7607  1027.5370    26.6073     5.7254     30.988   106.3103    -0.0884      7.730     2.1717     3.1036     94.474     96.987      16921          3  0.000e+00
   55.50236 -134.86776    298.650    201.945    200.018     5.7422    33.7603  1027.5367    26.6069     5.7257     30.989   106.3103    -0.0884      7.725     2.1717     3.1036     94.475     96.988      16922          3  0.000e+00
   55.50236 -134.86776    298.578    201.872    199.946     5.7420    33.7610  1027.5369    26.6075     5.7255     30.989   106.3103    -0.0884      7.730     2.1717     3.1036     94.475     96.988      16923          3  0.000e+00
   55.50236 -134.86776    298.594    201.888    199.962     5.7422    33.7607  1027.5368    26.6073     5.7256     30.989   106.3103    -0.0884      7.730     2.1717     3.1036     94.476     96.990      16924          3  0.000e+00
   55.50236 -134.86776    298.522    201.815    199.889     5.7422    33.7602  1027.5360    26.6069     5.7257     30.989   106.3103    -0.0884      7.730     2.1717     3.1036     94.476     96.990      16925          3  0.000e+00
   55.50236 -134.86776    298.474    201.766    199.841     5.7422    33.7602  1027.5358    26.6068     5.7256     30.981   106.2823    -0.0884      7.730     2.1711     3.1028     94.451     96.964      16926          3  0.000e+00
   55.50236 -134.86776    298.522    201.815    199.889     5.7420    33.7607  1027.5365    26.6073     5.7255     30.981   106.3103    -0.0884      7.730     2.1712     3.1028     94.451     96.964      16927          3  0.000e+00
   55.50236 -134.86776    298.418    201.710    199.785     5.7420    33.7607  1027.5360    26.6073     5.7255     30.980   106.3103    -0.0884      7.730     2.1711     3.1028     94.450     96.963      16928          3  0.000e+00
   55.50236 -134.86776    298.121    201.410    199.488     5.7420    33.7608  1027.5346    26.6073     5.7255     30.979   106.3103    -0.0884      7.730     2.1710     3.1026     94.446     96.959      16929          3  0.000e+00
   55.50236 -134.86776    298.618    201.937    200.010     5.7417    33.7606  1027.5370    26.6072     5.7252     30.981   106.3382    -0.0884      7.730     2.1712     3.1029     94.453     96.967      16930          3  0.000e+00
   55.50236 -134.86776    291.418    201.645    199.721     5.7419    33.7607  1027.5357    26.6073     5.7253     31.038   106.3382    -0.0884      7.730     2.1752     3.1086     94.626     97.144      16931          3  0.000e+00
   55.50236 -134.86776    286.291    201.572    199.649     5.7422    33.7603  1027.5350    26.6070     5.7256     31.046   106.3382    -0.0884      7.730     2.1757     3.1093     94.649     97.167      16932          3  0.000e+00
   55.50236 -134.86776    285.452    201.588    199.665     5.7424    33.7605  1027.5352    26.6071     5.7258     30.996   106.3382    -0.0884      7.725     2.1722     3.1043     94.495     97.009      16933          3  0.000e+00
   55.50236 -134.86776    285.729    201.572    199.649     5.7422    33.7606  1027.5353    26.6072     5.7256     30.995   106.3382    -0.0884      7.725     2.1721     3.1042     94.493     97.007      16934          3  0.000e+00
   55.50236 -134.86776    285.700    201.345    199.424     5.7420    33.7604  1027.5340    26.6070     5.7255     30.993   106.3103    -0.0884      7.725     2.1720     3.1040     94.489     97.003      16935          3  0.000e+00
   55.50236 -134.86776    286.038    201.637    199.713     5.7420    33.7607  1027.5357    26.6073     5.7255     30.994   106.3382    -0.0884      7.730     2.1721     3.1041     94.490     97.004      16936          3  0.000e+00
   55.50236 -134.86776    285.845    201.467    199.545     5.7420    33.7608  1027.5349    26.6074     5.7255     30.992   106.3382    -0.1177      7.730     2.1720     3.1040     94.486     97.000      16937          3  0.000e+00
   55.50236 -134.86776    285.773    201.394    199.472     5.7424    33.7604  1027.5342    26.6070     5.7259     30.991   106.3382    -0.0884      7.730     2.1719     3.1038     94.482     96.996      16938          3  0.000e+00
   55.50236 -134.86776    285.789    201.410    199.488     5.7420    33.7606  1027.5345    26.6072     5.7255     30.991   106.3382    -0.0884      7.730     2.1719     3.1038     94.481     96.995      16939          3  0.000e+00
   55.50236 -134.86776    285.652    201.272    199.352     5.7419    33.7605  1027.5338    26.6071     5.7254     30.989   106.3382    -0.0884      7.725     2.1718     3.1037     94.478     96.991      16940          3  0.000e+00
   55.50236 -134.86776    285.845    201.467    199.545     5.7417    33.7607  1027.5349    26.6073     5.7252     30.990   106.3382    -0.0884      7.730     2.1718     3.1037     94.478     96.992      16941          3  0.000e+00
   55.50236 -134.86776    285.668    201.288    199.368     5.7419    33.7607  1027.5340    26.6073     5.7254     31.046   106.3382    -0.0884      7.725     2.1757     3.1093     94.650     97.168      16942          3  0.000e+00
   55.50236 -134.86776    285.652    201.272    199.352     5.7419    33.7607  1027.5340    26.6073     5.7254     30.995   106.3382    -0.0884      7.725     2.1722     3.1043     94.495     97.010      16943          3  0.000e+00
   55.50236 -134.86776    285.548    201.167    199.248     5.7420    33.7606  1027.5334    26.6072     5.7255     30.994   106.3382    -0.0884      7.730     2.1721     3.1041     94.491     97.005      16944          3  0.000e+00
   55.50236 -134.86776    286.798    201.394    199.472     5.7416    33.7607  1027.5346    26.6073     5.7251     30.994   106.3382    -0.0884      7.730     2.1721     3.1041     94.491     97.006      16945          3  0.000e+00
   55.50236 -134.86776    291.034    201.232    199.312     5.7417    33.7610  1027.5340    26.6076     5.7252     31.050   106.3382    -0.0884      7.725     2.1760     3.1097     94.662     97.181      16946          3  0.000e+00
