EcoFOCI/data/1_SampleCollection/2022_GOA-OA_CruiseData/CTD_raw_BottleFile_RC0083/RC0083_006.ros
* Sea-Bird SBE 9 Data File:
* FileName = C:\Data\RC0083ctd\RC0083_006.hex
* Software Version Seasave V 7.26.7.107
* Temperature SN = 2060
* Conductivity SN = 1084
* Number of Bytes Per Scan = 31
* Number of Voltage Words = 4
* Number of Scans Averaged by the Deck Unit = 1
* NMEA Latitude = 54 38.07 N
* NMEA Longitude = 133 46.59 W
* NMEA UTC (Time) = Aug 12 2022  11:05:10
* NMEA baud rate = 4800
** Ship: R/V Rachel Carson
** Cruise ID: RC0083 RC0083
** Tech: McHugh/Nomura
** Chief Scientist: Cross Cross
** Station: DE6
** Cast:  006
# nquan = 21
# nvalues = 441                                   
# units = specified
# name 0 = latitude: Latitude [deg]
# name 1 = longitude: Longitude [deg]
# name 2 = sfdSM: Seafloor depth [salt water, m]
# name 3 = prDM: Pressure, Digiquartz [db]
# name 4 = depSM: Depth [salt water, m]
# name 5 = t090C: Temperature [ITS-90, deg C]
# name 6 = sal00: Salinity, Practical [PSU]
# name 7 = density00: Density [density, kg/m^3]
# name 8 = sigma-é00: Density [sigma-theta, kg/m^3]
# name 9 = potemp090C: Potential Temperature [ITS-90, deg C]
# name 10 = sbeox0PS: Oxygen, SBE 43 [% saturation]
# name 11 = CStarTr0: Beam Transmission, WET Labs C-Star [%]
# name 12 = flECO-AFL: Fluorescence, WET Labs ECO-AFL/FL [mg/m^3]
# name 13 = ph: pH
# name 14 = sbeox0ML/L: Oxygen, SBE 43 [ml/l]
# name 15 = sbeox0Mg/L: Oxygen, SBE 43 [mg/l]
# name 16 = sbox0Mm/Kg: Oxygen, SBE 43 [umol/kg]
# name 17 = sbeox0Mm/L: Oxygen, SBE 43 [umol/l]
# name 18 = scan: Scan Count
# name 19 = nbf: Bottles Fired
# name 20 = flag:  0.000e+00
# interval = seconds: 0.0416667
# start_time = Aug 12 2022 11:05:10 [NMEA time, header]
# bad_flag = -9.990e-29
*END*
[from data line 414]
   54.63290 -133.77968      6.148      2.853      2.827    13.8084    31.2415  1023.3360    23.3233    13.8080    104.148    90.5078     3.1057      8.314     6.2155     8.8826    271.257    277.584      33135          9  0.000e+00
   54.63290 -133.77968      6.148      2.853      2.827    13.8084    31.2409  1023.3356    23.3229    13.8080    104.197    90.5078     3.1057      8.314     6.2185     8.8868    271.387    277.717      33136          9  0.000e+00
   54.63290 -133.77968      6.229      2.934      2.907    13.8084    31.2411  1023.3361    23.3230    13.8080    104.200    90.5078     3.1057      8.314     6.2186     8.8870    271.394    277.724      33137          9  0.000e+00
   54.63290 -133.77968      6.188      2.918      2.891    13.8085    31.2414  1023.3362    23.3232    13.8081    104.207    90.5078     3.1350      8.314     6.2190     8.8876    271.411    277.741      33138          9  0.000e+00
   54.63290 -133.77968      6.131      2.934      2.907    13.8082    31.2414  1023.3363    23.3233    13.8078    104.215    90.5078     3.1057      8.314     6.2195     8.8883    271.433    277.763      33139          9  0.000e+00
   54.63290 -133.77968      6.210      3.039      3.011    13.8084    31.2412  1023.3366    23.3231    13.8080    104.224    90.5078     3.1057      8.314     6.2200     8.8891    271.456    277.787      33140          9  0.000e+00
   54.63290 -133.77968      6.227      3.055      3.027    13.8086    31.2409  1023.3364    23.3228    13.8081    104.226    90.5078     3.1057      8.314     6.2202     8.8893    271.462    277.794      33141          9  0.000e+00
   54.63290 -133.77968      6.267      3.095      3.068    13.8087    31.2411  1023.3367    23.3229    13.8083    104.229    90.5078     3.1057      8.314     6.2203     8.8895    271.469    277.800      33142          9  0.000e+00
   54.63290 -133.77968      6.331      3.111      3.084    13.8085    31.2414  1023.3370    23.3232    13.8081    104.232    90.5078     3.1057      8.314     6.2205     8.8897    271.476    277.808      33143          9  0.000e+00
   54.63290 -133.77968      6.494      3.152      3.124    13.8086    31.2411  1023.3370    23.3229    13.8081    104.182    90.5078     3.1057      8.314     6.2175     8.8855    271.346    277.675      33144          9  0.000e+00
   54.63290 -133.77968      6.542      3.176      3.148    13.8087    31.2411  1023.3371    23.3229    13.8083    104.233    90.5078     3.1057      8.314     6.2205     8.8898    271.477    277.809      33145          9  0.000e+00
   54.63290 -133.77968      6.638      3.273      3.244    13.8084    31.2414  1023.3378    23.3232    13.8079    104.237    90.5358     3.1057      8.314     6.2208     8.8901    271.489    277.821      33146          9  0.000e+00
   54.63290 -133.77968      6.638      3.297      3.268    13.8086    31.2410  1023.3375    23.3229    13.8082    104.240    90.5358     3.1057      8.314     6.2210     8.8904    271.496    277.828      33147          9  0.000e+00
   54.63290 -133.77968      6.614      3.273      3.244    13.8084    31.2415  1023.3379    23.3233    13.8079    104.189    90.5358     3.1057      8.314     6.2179     8.8861    271.364    277.693      33148          9  0.000e+00
   54.63290 -133.77968      6.734      3.394      3.364    13.8086    31.2409  1023.3379    23.3228    13.8081    104.241    90.5078     3.1057      8.314     6.2211     8.8905    271.500    277.832      33149          9  0.000e+00
   54.63290 -133.77968      6.750      3.410      3.380    13.8084    31.2410  1023.3381    23.3229    13.8079    104.191    90.5078     3.1350      8.314     6.2181     8.8863    271.371    277.700      33150          9  0.000e+00
   54.63290 -133.77968      6.765      3.451      3.420    13.8086    31.2411  1023.3383    23.3230    13.8081    104.242    90.5358     3.1936      8.314     6.2211     8.8906    271.503    277.836      33151          9  0.000e+00
   54.63290 -133.77968      6.845      3.532      3.500    13.8083    31.2412  1023.3388    23.3231    13.8078    104.194    90.5078     3.2229      8.314     6.2182     8.8865    271.377    277.707      33152          9  0.000e+00
   54.63290 -133.77968      6.861      3.572      3.540    13.8086    31.2409  1023.3387    23.3228    13.8081    104.192    90.5358     3.2229      8.314     6.2181     8.8863    271.373    277.702      33153          9  0.000e+00
   54.63290 -133.77968      6.941      3.653      3.620    13.8084    31.2410  1023.3392    23.3229    13.8079    104.191    90.5358     3.2229      8.314     6.2181     8.8863    271.372    277.701      33154          9  0.000e+00
   54.63290 -133.77968      6.917      3.628      3.596    13.8084    31.2412  1023.3392    23.3231    13.8079    104.190    90.5358     3.1936      8.314     6.2180     8.8861    271.367    277.696      33155          9  0.000e+00
   54.63290 -133.77968      6.973      3.709      3.676    13.8086    31.2409  1023.3393    23.3228    13.8081    104.136    90.5358     3.1936      8.314     6.2148     8.8816    271.227    277.553      33156          9  0.000e+00
   54.63290 -133.77968      6.957      3.693      3.660    13.8086    31.2412  1023.3394    23.3230    13.8081    104.130    90.5078     3.1936      8.314     6.2144     8.8810    271.210    277.535      33157          9  0.000e+00
   54.63290 -133.77968      6.957      3.693      3.660    13.8084    31.2413  1023.3396    23.3232    13.8079    104.124    90.5078     3.1936      8.314     6.2141     8.8806    271.196    277.521      33158          9  0.000e+00
   54.63290 -133.77968      6.892      3.653      3.620    13.8082    31.2411  1023.3393    23.3231    13.8077    104.113    90.5078     3.2229      8.314     6.2134     8.8796    271.168    277.492      33159          9  0.000e+00
   54.63290 -133.77968      9.528      3.750      3.716    13.8087    31.2409  1023.3395    23.3228    13.8082    104.104    90.5078     3.1936      8.314     6.2128     8.8788    271.142    277.465      33160          9  0.000e+00
   54.63290 -133.77968     67.876      3.709      3.676    13.8086    31.2411  1023.3395    23.3230    13.8081    104.098    90.5078     3.2229      8.314     6.2125     8.8783    271.128    277.451      33161          9  0.000e+00
