EcoFOCI/data/1_SampleCollection/2022_GOA-OA_CruiseData/CTD_raw_BottleFile_RC0083/RC0083_070.ros
* Sea-Bird SBE 9 Data File:
* FileName = C:\Data\RC0083ctd\RC0083_070.hex
* Software Version Seasave V 7.26.7.107
* Temperature SN = 2060
* Conductivity SN = 1084
* Number of Bytes Per Scan = 31
* Number of Voltage Words = 4
* Number of Scans Averaged by the Deck Unit = 1
* NMEA Latitude = 59 03.90 N
* NMEA Longitude = 136 11.97 W
* NMEA UTC (Time) = Aug 20 2022  20:35:36
* NMEA baud rate = 4800
** Ship: R/V Rachel Carson
** Cruise ID: RC0083
** Tech: McHugh/Nomura
** Chief Scientist: Cross
** Station: GB20
** Cast:  CTD070
# nquan = 21
# nvalues = 245                                   
# units = specified
# name 0 = latitude: Latitude [deg]
# name 1 = longitude: Longitude [deg]
# name 2 = sfdSM: Seafloor depth [salt water, m]
# name 3 = prDM: Pressure, Digiquartz [db]
# name 4 = depSM: Depth [salt water, m]
# name 5 = t090C: Temperature [ITS-90, deg C]
# name 6 = sal00: Salinity, Practical [PSU]
# name 7 = density00: Density [density, kg/m^3]
# name 8 = sigma-é00: Density [sigma-theta, kg/m^3]
# name 9 = potemp090C: Potential Temperature [ITS-90, deg C]
# name 10 = sbeox0PS: Oxygen, SBE 43 [% saturation]
# name 11 = CStarTr0: Beam Transmission, WET Labs C-Star [%]
# name 12 = flECO-AFL: Fluorescence, WET Labs ECO-AFL/FL [mg/m^3]
# name 13 = ph: pH
# name 14 = sbeox0ML/L: Oxygen, SBE 43 [ml/l]
# name 15 = sbeox0Mg/L: Oxygen, SBE 43 [mg/l]
# name 16 = sbox0Mm/Kg: Oxygen, SBE 43 [umol/kg]
# name 17 = sbeox0Mm/L: Oxygen, SBE 43 [umol/l]
# name 18 = scan: Scan Count
# name 19 = nbf: Bottles Fired
# name 20 = flag:  0.000e+00
# interval = seconds: 0.0416667
# start_time = Aug 20 2022 20:35:36 [NMEA time, header]
# bad_flag = -9.990e-29
*END*
   59.06522 -136.19928    237.347    229.165    226.895     4.8907    30.7948  1025.4212    24.3561     4.8745     77.478     2.8810     0.0874      7.921     5.6514     8.0765    246.392    252.393      12427          1  0.000e+00
   59.06522 -136.19928    237.411    229.230    226.959     4.8907    30.7950  1025.4217    24.3563     4.8745     77.468     2.8810     0.0874      7.921     5.6507     8.0754    246.361    252.361      12428          1  0.000e+00
   59.06522 -136.19928    237.467    229.286    227.016     4.8907    30.7946  1025.4217    24.3559     4.8745     77.458     2.8810     0.0874      7.921     5.6500     8.0744    246.329    252.328      12429          1  0.000e+00
   59.06522 -136.19928    237.323    229.165    226.895     4.8909    30.7944  1025.4210    24.3558     4.8748     77.454     2.8810     0.0874      7.921     5.6497     8.0739    246.315    252.314      12430          1  0.000e+00
   59.06522 -136.19928    237.467    229.286    227.016     4.8908    30.7948  1025.4219    24.3561     4.8746     77.452     2.8810     0.0874      7.921     5.6496     8.0738    246.310    252.309      12431          1  0.000e+00
   59.06522 -136.19928    237.387    229.230    226.959     4.8911    30.7945  1025.4213    24.3558     4.8749     77.448     2.9089     0.0874      7.921     5.6492     8.0733    246.297    252.295      12432          1  0.000e+00
   59.06522 -136.19928    237.387    229.230    226.959     4.8908    30.7946  1025.4214    24.3559     4.8746     77.445     2.8810     0.0874      7.921     5.6490     8.0730    246.287    252.285      12433          1  0.000e+00
   59.06522 -136.19928    237.387    229.230    226.959     4.8908    30.7948  1025.4216    24.3561     4.8746     77.441     2.8530     0.0874      7.921     5.6487     8.0726    246.274    252.272      12434          1  0.000e+00
   59.06522 -136.19928    237.379    229.221    226.951     4.8908    30.7951  1025.4218    24.3564     4.8746     77.445     2.8250     0.0874      7.921     5.6490     8.0731    246.288    252.286      12435          1  0.000e+00
   59.06522 -136.19928    237.387    229.230    226.959     4.8911    30.7946  1025.4214    24.3559     4.8749     77.441     2.7970     0.0874      7.921     5.6487     8.0726    246.273    252.271      12436          1  0.000e+00
   59.06522 -136.19928    237.387    229.230    226.959     4.8907    30.7952  1025.4219    24.3565     4.8745     77.436     2.7970     0.0874      7.921     5.6484     8.0721    246.260    252.258      12437          1  0.000e+00
   59.06522 -136.19928    237.387    229.230    226.959     4.8909    30.7949  1025.4216    24.3562     4.8748     77.431     2.7970     0.0874      7.921     5.6480     8.0716    246.243    252.240      12438          1  0.000e+00
   59.06522 -136.19928    237.362    229.230    226.959     4.8908    30.7949  1025.4217    24.3562     4.8746     77.426     2.7970     0.0874      7.921     5.6476     8.0710    246.226    252.223      12439          1  0.000e+00
   59.06522 -136.19928    237.362    229.230    226.959     4.8907    30.7948  1025.4216    24.3561     4.8745     77.420     2.7970     0.0874      7.921     5.6472     8.0705    246.209    252.205      12440          1  0.000e+00
   59.06522 -136.19928    237.362    229.230    226.959     4.8908    30.7946  1025.4214    24.3560     4.8746     77.414     2.7970     0.0874      7.921     5.6468     8.0698    246.188    252.185      12441          1  0.000e+00
   59.06522 -136.19928    237.362    229.230    226.959     4.8911    30.7944  1025.4212    24.3558     4.8749     77.416     2.7970     0.0874      7.921     5.6469     8.0700    246.195    252.191      12442          1  0.000e+00
   59.06522 -136.19928    237.362    229.230    226.959     4.8913    30.7944  1025.4212    24.3557     4.8751     77.419     2.7970     0.1167      7.921     5.6471     8.0702    246.202    252.198      12443          1  0.000e+00
   59.06522 -136.19928    237.362    229.230    226.959     4.8911    30.7948  1025.4215    24.3561     4.8749     77.421     2.7970     0.1167      7.921     5.6473     8.0705    246.211    252.207      12444          1  0.000e+00
   59.06522 -136.19928    237.298    229.165    226.895     4.8918    30.7943  1025.4208    24.3556     4.8756     77.423     2.7970     0.1167      7.921     5.6473     8.0706    246.213    252.210      12445          1  0.000e+00
   59.06522 -136.19928    237.419    229.286    227.016     4.8919    30.7944  1025.4214    24.3557     4.8757     77.427     2.7970     0.1167      7.921     5.6476     8.0710    246.224    252.221      12446          1  0.000e+00
   59.06522 -136.19928    237.298    229.165    226.895     4.8920    30.7940  1025.4205    24.3553     4.8759     77.428     2.7970     0.1167      7.921     5.6477     8.0711    246.228    252.225      12447          1  0.000e+00
   59.06522 -136.19928    237.362    229.230    226.959     4.8913    30.7946  1025.4213    24.3559     4.8751     77.423     2.7970     0.1167      7.921     5.6473     8.0706    246.213    252.210      12448          1  0.000e+00
   59.06522 -136.19928    237.362    229.230    226.959     4.8912    30.7944  1025.4212    24.3557     4.8751     77.425     2.8250     0.1167      7.921     5.6475     8.0709    246.221    252.218      12449          1  0.000e+00
   59.06522 -136.19928    237.362    229.230    226.959     4.8909    30.7945  1025.4213    24.3559     4.8748     77.427     2.7970     0.1167      7.921     5.6477     8.0711    246.229    252.227      12450          1  0.000e+00
   59.06522 -136.19928    237.362    229.230    226.959     4.8908    30.7949  1025.4216    24.3562     4.8746     77.420     2.7970     0.1167      7.921     5.6472     8.0704    246.208    252.204      12451          1  0.000e+00
   59.06522 -136.19928    237.387    229.230    226.959     4.8911    30.7944  1025.4212    24.3558     4.8749     77.413     2.7970     0.1167      7.921     5.6467     8.0696    246.184    252.180      12452          1  0.000e+00
   59.06522 -136.19928    237.354    229.221    226.951     4.8909    30.7947  1025.4214    24.3560     4.8748     77.414     2.7970     0.1167      7.921     5.6468     8.0698    246.188    252.185      12453          1  0.000e+00
   59.06522 -136.19928    237.298    229.165    226.895     4.8908    30.7950  1025.4214    24.3562     4.8746     77.406     2.7970     0.1167      7.921     5.6462     8.0690    246.163    252.158      12454          1  0.000e+00
   59.06522 -136.19928    237.387    229.230    226.959     4.8908    30.7948  1025.4216    24.3561     4.8746     77.399     2.8250     0.1167      7.921     5.6456     8.0682    246.140    252.135      12455          1  0.000e+00
   59.06522 -136.19928    237.362    229.230    226.959     4.8907    30.7947  1025.4215    24.3560     4.8745     77.399     2.8250     0.1167      7.921     5.6457     8.0683    246.143    252.138      12456          1  0.000e+00
   59.06522 -136.19928    237.362    229.230    226.959     4.8908    30.7946  1025.4214    24.3559     4.8746     77.400     2.8250     0.1167      7.921     5.6458     8.0684    246.145    252.140      12457          1  0.000e+00
   59.06522 -136.19928    237.362    229.230    226.959     4.8908    30.7947  1025.4215    24.3560     4.8746     77.401     2.8250     0.1167      7.921     5.6458     8.0684    246.147    252.142      12458          1  0.000e+00
   59.06522 -136.19928    237.298    229.165    226.895     4.8908    30.7950  1025.4214    24.3563     4.8746     77.401     2.8250     0.1167      7.921     5.6458     8.0684    246.147    252.142      12459          1  0.000e+00
   59.06522 -136.19928    237.362    229.230    226.959     4.8909    30.7946  1025.4214    24.3560     4.8748     77.393     2.8250     0.1167      7.921     5.6452     8.0676    246.122    252.116      12460          1  0.000e+00
   59.06522 -136.19928    237.362    229.230    226.959     4.8908    30.7947  1025.4215    24.3560     4.8746     77.394     2.8250     0.1167      7.921     5.6453     8.0677    246.124    252.118      12461          1  0.000e+00
   59.06522 -136.19928    237.362    229.230    226.959     4.8909    30.7945  1025.4213    24.3559     4.8748     77.394     2.8250     0.1167      7.921     5.6453     8.0677    246.124    252.119      12462          1  0.000e+00
   59.06522 -136.19928    237.298    229.165    226.895     4.8909    30.7945  1025.4210    24.3558     4.8748     77.394     2.8250     0.1167      7.921     5.6453     8.0677    246.124    252.118      12463          1  0.000e+00
   59.06522 -136.19928    237.362    229.230    226.959     4.8909    30.7943  1025.4212    24.3557     4.8748     77.395     2.8250     0.1167      7.921     5.6454     8.0678    246.127    252.122      12464          1  0.000e+00
   59.06522 -136.19928    237.362    229.230    226.959     4.8911    30.7947  1025.4215    24.3560     4.8749     77.395     2.8250     0.1167      7.921     5.6453     8.0678    246.126    252.121      12465          1  0.000e+00
   59.06522 -136.19928    237.362    229.230    226.959     4.8913    30.7949  1025.4216    24.3562     4.8751     77.395     2.8250     0.1167      7.921     5.6453     8.0677    246.126    252.120      12466          1  0.000e+00
   59.06522 -136.19928    237.362    229.230    226.959     4.8916    30.7942  1025.4210    24.3556     4.8754     77.396     2.8250     0.1167      7.921     5.6453     8.0678    246.126    252.121      12467          1  0.000e+00
   59.06522 -136.19928    237.298    229.165    226.895     4.8912    30.7949  1025.4213    24.3562     4.8751     77.395     2.8250     0.1167      7.921     5.6453     8.0678    246.127    252.121      12468          1  0.000e+00
   59.06522 -136.19928    237.362    229.230    226.959     4.8915    30.7945  1025.4212    24.3558     4.8753     77.396     2.8250     0.1167      7.921     5.6454     8.0679    246.129    252.124      12469          1  0.000e+00
   59.06522 -136.19928    237.362    229.230    226.959     4.8915    30.7942  1025.4210    24.3556     4.8753     77.397     2.8250     0.1167      7.921     5.6454     8.0679    246.131    252.125      12470          1  0.000e+00
   59.06522 -136.19928    237.354    229.221    226.951     4.8918    30.7942  1025.4210    24.3556     4.8756     77.388     2.8250     0.1167      7.921     5.6448     8.0669    246.101    252.095      12471          1  0.000e+00
   59.06522 -136.19928    237.387    229.230    226.959     4.8919    30.7944  1025.4211    24.3557     4.8757     77.388     2.8250     0.1167      7.921     5.6447     8.0669    246.100    252.094      12472          1  0.000e+00
   59.06522 -136.19928    237.298    229.165    226.895     4.8919    30.7939  1025.4204    24.3553     4.8757     77.387     2.8250     0.1167      7.921     5.6447     8.0668    246.099    252.093      12473          1  0.000e+00
   59.06522 -136.19928    237.362    229.230    226.959     4.8916    30.7944  1025.4212    24.3557     4.8754     77.388     2.8250     0.1167      7.921     5.6448     8.0669    246.102    252.096      12474          1  0.000e+00
   59.06522 -136.19928    237.362    229.230    226.959     4.8915    30.7946  1025.4214    24.3559     4.8753     77.388     2.9089     0.1167      7.921     5.6448     8.0670    246.102    252.096      12475          1  0.000e+00
   59.06518 -136.19902    249.184    152.128    150.649     4.8911    30.7880  1025.0578    24.3501     4.8804     77.482    15.9425     0.0581      7.926     5.6520     8.0772    246.417    252.417      16940          2  0.000e+00
   59.06518 -136.19902    248.953    151.820    150.345     4.8911    30.7878  1025.0562    24.3499     4.8805     77.435    15.9145     0.0581      7.926     5.6485     8.0723    246.268    252.264      16941          2  0.000e+00
   59.06518 -136.19902    249.105    151.950    150.473     4.8915    30.7873  1025.0564    24.3495     4.8808     77.500    15.9145     0.0581      7.926     5.6532     8.0790    246.472    252.474      16942          2  0.000e+00
   59.06518 -136.19902    249.154    151.998    150.521     4.8911    30.7876  1025.0569    24.3498     4.8805     77.448    15.9145     0.0581      7.926     5.6495     8.0737    246.309    252.306      16943          2  0.000e+00
   59.06518 -136.19902    249.162    152.006    150.529     4.8913    30.7876  1025.0569    24.3498     4.8807     77.503    15.9425     0.0581      7.926     5.6534     8.0793    246.481    252.483      16944          2  0.000e+00
   59.06518 -136.19902    249.097    151.942    150.465     4.8915    30.7872  1025.0563    24.3494     4.8808     77.507    15.9145     0.0581      7.926     5.6538     8.0798    246.495    252.497      16945          2  0.000e+00
   59.06518 -136.19900    249.105    151.950    150.473     4.8889    30.7892  1025.0582    24.3513     4.8783     77.512    15.9425     0.0581      7.926     5.6544     8.0807    246.523    252.526      16946          2  0.000e+00
   59.06518 -136.19900    249.097    151.942    150.465     4.8843    30.7932  1025.0618    24.3549     4.8737     77.518    15.9425     0.0581      7.926     5.6553     8.0819    246.559    252.564      16947          2  0.000e+00
   59.06518 -136.19900    249.162    152.006    150.529     4.8810    30.7959  1025.0646    24.3574     4.8704     77.523    15.9425     0.0581      7.926     5.6560     8.0830    246.591    252.597      16948          2  0.000e+00
   59.06518 -136.19900    249.097    151.942    150.465     4.8796    30.7968  1025.0652    24.3583     4.8689     77.526    15.9145     0.0581      7.926     5.6564     8.0836    246.608    252.615      16949          2  0.000e+00
   59.06518 -136.19900    249.105    151.950    150.473     4.8791    30.7967  1025.0652    24.3583     4.8685     77.530    15.9425     0.0581      7.926     5.6567     8.0840    246.622    252.629      16950          2  0.000e+00
   59.06518 -136.19900    249.154    151.998    150.521     4.8789    30.7966  1025.0653    24.3582     4.8683     77.533    15.9425     0.0581      7.926     5.6570     8.0844    246.634    252.642      16951          2  0.000e+00
   59.06518 -136.19900    249.105    151.950    150.473     4.8786    30.7970  1025.0654    24.3585     4.8680     77.477    15.9425     0.0581      7.926     5.6529     8.0786    246.457    252.461      16952          2  0.000e+00
   59.06518 -136.19900    249.154    151.998    150.521     4.8786    30.7962  1025.0651    24.3579     4.8680     77.529    15.9425     0.0581      7.926     5.6568     8.0841    246.625    252.633      16953          2  0.000e+00
   59.06518 -136.19900    249.105    151.950    150.473     4.8789    30.7955  1025.0642    24.3573     4.8683     77.531    15.9425     0.0581      7.926     5.6569     8.0843    246.630    252.637      16954          2  0.000e+00
   59.06518 -136.19900    249.154    151.998    150.521     4.8789    30.7954  1025.0644    24.3573     4.8683     77.533    15.9425     0.0581      7.926     5.6571     8.0845    246.637    252.645      16955          2  0.000e+00
   59.06518 -136.19900    249.105    151.950    150.473     4.8787    30.7958  1025.0645    24.3576     4.8681     77.534    15.9425     0.0288      7.926     5.6571     8.0846    246.641    252.648      16956          2  0.000e+00
   59.06518 -136.19900    249.154    151.998    150.521     4.8794    30.7946  1025.0637    24.3566     4.8688     77.536    15.9425     0.0288      7.926     5.6572     8.0847    246.643    252.651      16957          2  0.000e+00
   59.06518 -136.19900    249.105    151.950    150.473     4.8799    30.7939  1025.0629    24.3560     4.8693     77.536    15.9425     0.0288      7.926     5.6572     8.0847    246.642    252.649      16958          2  0.000e+00
