EcoFOCI/data/1_SampleCollection/2022_GOA-OA_CruiseData/CTD_raw_BottleFile_RC0083/RC0083_073.ros
* Sea-Bird SBE 9 Data File:
* FileName = C:\Data\RC0083ctd\RC0083_073.hex
* Software Version Seasave V 7.26.7.107
* Temperature SN = 2060
* Conductivity SN = 1084
* Number of Bytes Per Scan = 31
* Number of Voltage Words = 4
* Number of Scans Averaged by the Deck Unit = 1
* NMEA Latitude = 58 39.01 N
* NMEA Longitude = 136 06.74 W
* NMEA UTC (Time) = Aug 21 2022  01:46:38
* NMEA baud rate = 4800
** Ship: R/V Rachel Carson
** Cruise ID: RC0083
** Tech: McHugh/Nomura
** Chief Scientist: Cross
** Station: GB04
** Cast:  CTD073
# nquan = 21
# nvalues = 294                                   
# units = specified
# name 0 = latitude: Latitude [deg]
# name 1 = longitude: Longitude [deg]
# name 2 = sfdSM: Seafloor depth [salt water, m]
# name 3 = prDM: Pressure, Digiquartz [db]
# name 4 = depSM: Depth [salt water, m]
# name 5 = t090C: Temperature [ITS-90, deg C]
# name 6 = sal00: Salinity, Practical [PSU]
# name 7 = density00: Density [density, kg/m^3]
# name 8 = sigma-é00: Density [sigma-theta, kg/m^3]
# name 9 = potemp090C: Potential Temperature [ITS-90, deg C]
# name 10 = sbeox0PS: Oxygen, SBE 43 [% saturation]
# name 11 = CStarTr0: Beam Transmission, WET Labs C-Star [%]
# name 12 = flECO-AFL: Fluorescence, WET Labs ECO-AFL/FL [mg/m^3]
# name 13 = ph: pH
# name 14 = sbeox0ML/L: Oxygen, SBE 43 [ml/l]
# name 15 = sbeox0Mg/L: Oxygen, SBE 43 [mg/l]
# name 16 = sbox0Mm/Kg: Oxygen, SBE 43 [umol/kg]
# name 17 = sbeox0Mm/L: Oxygen, SBE 43 [umol/l]
# name 18 = scan: Scan Count
# name 19 = nbf: Bottles Fired
# name 20 = flag:  0.000e+00
# interval = seconds: 0.0416667
# start_time = Aug 21 2022 01:46:38 [NMEA time, header]
# bad_flag = -9.990e-29
*END*
   58.64930 -136.11148    286.949    279.928    277.132     5.1916    31.0111  1025.7936    24.4959     5.1710     75.669    87.4312    -0.0591      7.906     5.4719     7.8199    238.532    244.375      10173          1  0.000e+00
   58.64930 -136.11148    286.949    279.928    277.132     5.1921    31.0109  1025.7934    24.4957     5.1715     75.669    87.4312    -0.0591      7.905     5.4719     7.8199    238.532    244.375      10174          1  0.000e+00
   58.64930 -136.11146    286.884    279.864    277.068     5.1922    31.0112  1025.7933    24.4959     5.1716     75.610    87.4592    -0.0591      7.905     5.4676     7.8137    238.344    244.182      10175          1  0.000e+00
   58.64930 -136.11146    286.949    279.928    277.132     5.1926    31.0104  1025.7929    24.4952     5.1720     75.661    87.4312    -0.0591      7.905     5.4713     7.8190    238.504    244.346      10176          1  0.000e+00
   58.64930 -136.11146    286.884    279.864    277.068     5.1929    31.0103  1025.7925    24.4951     5.1723     75.661    87.4592    -0.0591      7.905     5.4712     7.8188    238.500    244.342      10177          1  0.000e+00
   58.64930 -136.11146    286.884    279.864    277.068     5.1934    31.0107  1025.7928    24.4954     5.1727     75.660    87.4312    -0.0591      7.905     5.4711     7.8187    238.496    244.338      10178          1  0.000e+00
   58.64930 -136.11146    286.949    279.928    277.132     5.1928    31.0108  1025.7933    24.4956     5.1721     75.660    87.4312    -0.0591      7.901     5.4711     7.8188    238.499    244.341      10179          1  0.000e+00
   58.64930 -136.11146    286.908    279.888    277.092     5.1926    31.0104  1025.7928    24.4953     5.1720     75.659    87.4312    -0.0591      7.901     5.4711     7.8187    238.496    244.338      10180          1  0.000e+00
   58.64930 -136.11146    286.884    279.864    277.067     5.1921    31.0106  1025.7929    24.4954     5.1715     75.657    87.4312    -0.0591      7.905     5.4710     7.8186    238.493    244.335      10181          1  0.000e+00
   58.64930 -136.11146    286.949    279.928    277.132     5.1919    31.0109  1025.7934    24.4957     5.1713     75.715    87.4312    -0.0591      7.905     5.4752     7.8246    238.676    244.523      10182          1  0.000e+00
   58.64930 -136.11146    286.949    279.928    277.132     5.1916    31.0106  1025.7932    24.4955     5.1710     75.662    87.4312    -0.0591      7.906     5.4715     7.8193    238.513    244.355      10183          1  0.000e+00
   58.64930 -136.11146    286.860    279.863    277.067     5.1918    31.0106  1025.7929    24.4955     5.1712     75.659    87.4312    -0.0591      7.905     5.4712     7.8188    238.500    244.342      10184          1  0.000e+00
   58.64930 -136.11146    286.949    279.928    277.132     5.1918    31.0110  1025.7935    24.4958     5.1711     75.656    87.4871    -0.0591      7.901     5.4710     7.8186    238.491    244.333      10185          1  0.000e+00
   58.64930 -136.11146    286.884    279.863    277.067     5.1913    31.0115  1025.7937    24.4963     5.1707     75.593    87.5990    -0.0591      7.906     5.4664     7.8121    238.294    244.131      10186          1  0.000e+00
   58.64930 -136.11146    286.949    279.928    277.132     5.1913    31.0113  1025.7938    24.4961     5.1707     75.640    87.6270    -0.0591      7.901     5.4699     7.8170    238.443    244.284      10187          1  0.000e+00
   58.64930 -136.11146    286.884    279.863    277.067     5.1913    31.0113  1025.7935    24.4961     5.1707     75.577    87.6270    -0.0591      7.906     5.4653     7.8104    238.243    244.079      10188          1  0.000e+00
   58.64930 -136.11146    286.908    279.888    277.092     5.1916    31.0108  1025.7932    24.4956     5.1710     75.564    87.6270    -0.0591      7.906     5.4643     7.8091    238.202    244.037      10189          1  0.000e+00
   58.64930 -136.11146    286.949    279.928    277.132     5.1912    31.0107  1025.7933    24.4956     5.1705     75.552    87.6270    -0.0591      7.906     5.4635     7.8079    238.167    244.001      10190          1  0.000e+00
   58.64930 -136.11146    286.884    279.863    277.067     5.1910    31.0109  1025.7932    24.4958     5.1704     75.538    87.6270    -0.0591      7.906     5.4626     7.8065    238.125    243.958      10191          1  0.000e+00
   58.64930 -136.11146    286.948    279.928    277.132     5.1905    31.0114  1025.7940    24.4963     5.1699     75.526    87.6270    -0.0591      7.901     5.4617     7.8054    238.089    243.921      10192          1  0.000e+00
   58.64930 -136.11146    286.948    279.928    277.132     5.1904    31.0113  1025.7940    24.4962     5.1697     75.573    87.6270    -0.0591      7.901     5.4651     7.8102    238.236    244.072      10193          1  0.000e+00
   58.64930 -136.11146    286.884    279.863    277.067     5.1902    31.0115  1025.7938    24.4963     5.1696     75.568    87.6270    -0.0591      7.906     5.4648     7.8097    238.221    244.056      10194          1  0.000e+00
   58.64930 -136.11146    286.884    279.863    277.067     5.1901    31.0114  1025.7937    24.4963     5.1694     75.513    87.6270    -0.0591      7.906     5.4608     7.8041    238.050    243.881      10195          1  0.000e+00
   58.64930 -136.11146    286.948    279.928    277.132     5.1900    31.0116  1025.7942    24.4965     5.1694     75.510    87.6270    -0.0591      7.906     5.4606     7.8037    238.039    243.870      10196          1  0.000e+00
   58.64930 -136.11146    286.908    279.888    277.091     5.1902    31.0117  1025.7940    24.4965     5.1696     75.497    87.6270    -0.0591      7.906     5.4596     7.8023    237.996    243.826      10197          1  0.000e+00
   58.64930 -136.11146    286.948    279.928    277.132     5.1912    31.0110  1025.7936    24.4959     5.1705     75.543    87.6270    -0.0591      7.906     5.4629     7.8070    238.138    243.972      10198          1  0.000e+00
   58.64930 -136.11146    286.948    279.928    277.132     5.1911    31.0114  1025.7939    24.4962     5.1705     75.539    87.5990    -0.0591      7.901     5.4626     7.8065    238.124    243.957      10199          1  0.000e+00
   58.64930 -136.11146    286.884    279.863    277.067     5.1905    31.0114  1025.7937    24.4962     5.1699     75.543    87.6270    -0.0591      7.906     5.4629     7.8070    238.140    243.973      10200          1  0.000e+00
   58.64930 -136.11146    286.948    279.928    277.132     5.1905    31.0112  1025.7938    24.4961     5.1699     75.489    87.6270    -0.0591      7.906     5.4590     7.8015    237.970    243.800      10201          1  0.000e+00
   58.64930 -136.11146    286.884    279.863    277.067     5.1907    31.0114  1025.7937    24.4963     5.1700     75.484    87.5990    -0.0591      7.906     5.4586     7.8010    237.954    243.783      10202          1  0.000e+00
   58.64930 -136.11146    286.948    279.928    277.132     5.1905    31.0113  1025.7939    24.4962     5.1699     75.540    87.6270    -0.0591      7.906     5.4627     7.8068    238.132    243.965      10203          1  0.000e+00
   58.64930 -136.11146    286.948    279.928    277.132     5.1912    31.0110  1025.7936    24.4959     5.1705     75.486    87.6270    -0.0591      7.906     5.4587     7.8011    237.958    243.787      10204          1  0.000e+00
   58.64930 -136.11146    286.908    279.888    277.091     5.1913    31.0106  1025.7931    24.4955     5.1707     75.482    87.5990    -0.0591      7.901     5.4585     7.8007    237.947    243.775      10205          1  0.000e+00
   58.64930 -136.11146    286.948    279.928    277.132     5.1918    31.0110  1025.7935    24.4958     5.1711     75.480    87.5151    -0.0591      7.905     5.4582     7.8003    237.935    243.764      10206          1  0.000e+00
   58.64930 -136.11146    286.884    279.863    277.067     5.1926    31.0108  1025.7929    24.4955     5.1720     75.476    87.4871    -0.0591      7.901     5.4579     7.7998    237.920    243.748      10207          1  0.000e+00
   58.64930 -136.11146    286.948    279.928    277.132     5.1943    31.0099  1025.7924    24.4947     5.1736     75.533    87.4871    -0.0591      7.905     5.4618     7.8055    238.092    243.924      10208          1  0.000e+00
   58.64930 -136.11146    286.884    279.863    277.067     5.1953    31.0096  1025.7917    24.4943     5.1747     75.471    87.4871    -0.0591      7.905     5.4572     7.7988    237.890    243.717      10209          1  0.000e+00
   58.64930 -136.11146    286.948    279.928    277.132     5.1960    31.0097  1025.7920    24.4943     5.1754     75.469    87.4871    -0.0591      7.905     5.4570     7.7985    237.881    243.707      10210          1  0.000e+00
   58.64930 -136.11146    286.948    279.928    277.132     5.1964    31.0099  1025.7921    24.4944     5.1758     75.458    87.4871    -0.0591      7.905     5.4561     7.7973    237.843    243.669      10211          1  0.000e+00
   58.64930 -136.11146    286.948    279.928    277.132     5.1966    31.0099  1025.7921    24.4944     5.1759     75.456    87.4871    -0.0591      7.905     5.4559     7.7971    237.836    243.662      10212          1  0.000e+00
   58.64930 -136.11146    286.908    279.888    277.091     5.1967    31.0096  1025.7917    24.4942     5.1760     75.455    87.4871    -0.0591      7.905     5.4558     7.7969    237.831    243.656      10213          1  0.000e+00
   58.64930 -136.11146    286.948    279.928    277.132     5.1968    31.0102  1025.7923    24.4946     5.1762     75.454    87.4871    -0.0591      7.905     5.4557     7.7968    237.826    243.652      10214          1  0.000e+00
   58.64930 -136.11146    286.884    279.863    277.067     5.1966    31.0099  1025.7918    24.4944     5.1759     75.452    87.4871    -0.0591      7.905     5.4557     7.7967    237.824    243.650      10215          1  0.000e+00
   58.64930 -136.11146    286.948    279.928    277.132     5.1968    31.0100  1025.7921    24.4945     5.1762     75.453    87.4871    -0.0591      7.905     5.4556     7.7967    237.823    243.649      10216          1  0.000e+00
   58.64930 -136.11146    286.948    279.928    277.132     5.1964    31.0102  1025.7924    24.4947     5.1757     75.453    87.4871    -0.0591      7.905     5.4557     7.7967    237.826    243.651      10217          1  0.000e+00
   58.64930 -136.11146    286.884    279.863    277.067     5.1958    31.0102  1025.7922    24.4948     5.1751     75.453    87.4871    -0.0591      7.905     5.4558     7.7968    237.829    243.654      10218          1  0.000e+00
   58.64930 -136.11146    286.948    279.928    277.132     5.1956    31.0106  1025.7928    24.4951     5.1750     75.445    87.4592    -0.0591      7.905     5.4552     7.7960    237.805    243.630      10219          1  0.000e+00
   58.64930 -136.11146    286.948    279.928    277.131     5.1953    31.0103  1025.7925    24.4948     5.1746     75.446    87.4871    -0.0591      7.905     5.4553     7.7962    237.810    243.635      10220          1  0.000e+00
   58.64930 -136.11146    286.908    279.888    277.091     5.1953    31.0104  1025.7924    24.4949     5.1747     75.446    87.4871    -0.0591      7.901     5.4554     7.7963    237.811    243.637      10221          1  0.000e+00
   58.64910 -136.11114    298.610    201.957    199.977     5.5798    30.9512  1025.3401    24.4050     5.5645     74.804    94.2277    -0.0591      7.919     5.3617     7.6624    233.750    239.455      13692          2  0.000e+00
   58.64910 -136.11114    298.594    201.941    199.961     5.5796    30.9517  1025.3405    24.4054     5.5642     74.795    94.2277    -0.0591      7.919     5.3611     7.6616    233.723    239.427      13693          2  0.000e+00
   58.64910 -136.11114    298.610    201.957    199.977     5.5794    30.9521  1025.3409    24.4058     5.5640     74.787    94.2277    -0.0591      7.919     5.3605     7.6607    233.697    239.400      13694          2  0.000e+00
   58.64910 -136.11114    298.658    202.006    200.025     5.5796    30.9528  1025.3417    24.4063     5.5642     74.778    94.2277    -0.0591      7.919     5.3599     7.6598    233.669    239.372      13695          2  0.000e+00
   58.64910 -136.11114    298.610    201.957    199.977     5.5794    30.9516  1025.3405    24.4054     5.5640     74.769    94.2277    -0.0591      7.919     5.3593     7.6589    233.643    239.346      13696          2  0.000e+00
   58.64910 -136.11114    298.610    201.957    199.977     5.5794    30.9515  1025.3405    24.4053     5.5640     74.760    94.2277    -0.0591      7.919     5.3587     7.6581    233.616    239.318      13697          2  0.000e+00
   58.64910 -136.11114    298.594    201.941    199.961     5.5794    30.9514  1025.3403    24.4052     5.5640     74.810    94.2277    -0.0591      7.919     5.3622     7.6631    233.770    239.475      13698          2  0.000e+00
   58.64910 -136.11114    298.666    202.014    200.033     5.5794    30.9518  1025.3409    24.4055     5.5640     74.810    94.2277    -0.0591      7.919     5.3622     7.6631    233.769    239.475      13699          2  0.000e+00
   58.64910 -136.11114    298.594    201.941    199.961     5.5793    30.9516  1025.3405    24.4054     5.5639     74.817    94.2277    -0.0591      7.919     5.3627     7.6638    233.792    239.498      13700          2  0.000e+00
   58.64910 -136.11114    298.610    201.957    199.977     5.5790    30.9543  1025.3427    24.4076     5.5637     74.766    94.2277    -0.0591      7.919     5.3590     7.6586    233.632    239.335      13701          2  0.000e+00
   58.64910 -136.11114    298.658    202.006    200.025     5.5789    30.9533  1025.3421    24.4068     5.5635     74.816    94.2277    -0.0591      7.919     5.3626     7.6637    233.789    239.495      13702          2  0.000e+00
   58.64910 -136.11114    298.610    201.957    199.977     5.5793    30.9525  1025.3412    24.4061     5.5639     74.756    94.1997    -0.0591      7.914     5.3583     7.6576    233.602    239.304      13703          2  0.000e+00
   58.64910 -136.11114    298.594    201.941    199.961     5.5793    30.9519  1025.3407    24.4057     5.5639     74.805    94.1997    -0.0591      7.919     5.3618     7.6626    233.755    239.460      13704          2  0.000e+00
   58.64910 -136.11114    298.610    201.957    199.977     5.5793    30.9516  1025.3405    24.4054     5.5639     74.919    94.1997    -0.0591      7.919     5.3701     7.6744    234.114    239.827      13705          2  0.000e+00
   58.64910 -136.11114    298.610    201.957    199.977     5.5794    30.9517  1025.3406    24.4055     5.5640     74.876    94.1717    -0.0591      7.919     5.3669     7.6699    233.976    239.686      13706          2  0.000e+00
   58.64910 -136.11114    298.594    201.941    199.961     5.5796    30.9518  1025.3406    24.4055     5.5642     74.831    94.1997    -0.0591      7.919     5.3637     7.6653    233.837    239.544      13707          2  0.000e+00
   58.64910 -136.11114    298.666    202.014    200.033     5.5801    30.9513  1025.3404    24.4050     5.5647     74.829    94.1997    -0.0591      7.919     5.3635     7.6650    233.827    239.534      13708          2  0.000e+00
   58.64910 -136.11114    298.594    201.941    199.961     5.5798    30.9517  1025.3404    24.4054     5.5645     74.767    94.1997    -0.0591      7.919     5.3591     7.6586    233.634    239.335      13709          2  0.000e+00
   58.64910 -136.11114    298.610    201.957    199.977     5.5802    30.9513  1025.3402    24.4050     5.5648     74.755    94.1717    -0.0591      7.919     5.3582     7.6574    233.595    239.296      13710          2  0.000e+00
