EcoFOCI/data/1_SampleCollection/2022_GOA-OA_CruiseData/CTD_raw_BottleFile_RC0083/RC0083_009.ros
* Sea-Bird SBE 9 Data File:
* FileName = C:\Data\RC0083ctd\RC0083_009.hex
* Software Version Seasave V 7.26.7.107
* Temperature SN = 2060
* Conductivity SN = 1084
* Number of Bytes Per Scan = 31
* Number of Voltage Words = 4
* Number of Scans Averaged by the Deck Unit = 1
* NMEA Latitude = 55 12.86 N
* NMEA Longitude = 135 21.01 W
* NMEA UTC (Time) = Aug 12 2022  22:34:59
* NMEA baud rate = 4800
** Ship: R/V Rachel Carson
** Cruise ID: RC0083 RC0083
** Tech: McHugh/Nomura
** Chief Scientist: Cross Cross
** Station: POW8
** Cast:  009
# nquan = 21
# nvalues = 588                                   
# units = specified
# name 0 = latitude: Latitude [deg]
# name 1 = longitude: Longitude [deg]
# name 2 = sfdSM: Seafloor depth [salt water, m]
# name 3 = prDM: Pressure, Digiquartz [db]
# name 4 = depSM: Depth [salt water, m]
# name 5 = t090C: Temperature [ITS-90, deg C]
# name 6 = sal00: Salinity, Practical [PSU]
# name 7 = density00: Density [density, kg/m^3]
# name 8 = sigma-é00: Density [sigma-theta, kg/m^3]
# name 9 = potemp090C: Potential Temperature [ITS-90, deg C]
# name 10 = sbeox0PS: Oxygen, SBE 43 [% saturation]
# name 11 = CStarTr0: Beam Transmission, WET Labs C-Star [%]
# name 12 = flECO-AFL: Fluorescence, WET Labs ECO-AFL/FL [mg/m^3]
# name 13 = ph: pH
# name 14 = sbeox0ML/L: Oxygen, SBE 43 [ml/l]
# name 15 = sbeox0Mg/L: Oxygen, SBE 43 [mg/l]
# name 16 = sbox0Mm/Kg: Oxygen, SBE 43 [umol/kg]
# name 17 = sbeox0Mm/L: Oxygen, SBE 43 [umol/l]
# name 18 = scan: Scan Count
# name 19 = nbf: Bottles Fired
# name 20 = flag:  0.000e+00
# interval = seconds: 0.0416667
# start_time = Aug 12 2022 22:34:59 [NMEA time, header]
# bad_flag = -9.990e-29
*END*
[from data line 207]
   55.21734 -135.35244    349.830    253.643    251.197     5.4652    33.8426  1027.8746    26.7059     5.4448     27.450   106.9535    -0.0884      7.731     1.9352     2.7656     84.179     86.427      74887          5  0.000e+00
   55.21734 -135.35244    349.886    253.699    251.253     5.4669    33.8425  1027.8746    26.7056     5.4465     27.452   106.9535    -0.0884      7.731     1.9353     2.7657     84.181     86.429      74888          5  0.000e+00
   55.21734 -135.35244    349.790    253.602    251.157     5.4681    33.8418  1027.8735    26.7050     5.4477     27.453   106.9535    -0.0884      7.731     1.9353     2.7658     84.184     86.433      74889          5  0.000e+00
   55.21734 -135.35244    349.830    253.643    251.197     5.4677    33.8426  1027.8743    26.7056     5.4473     27.456   106.9535    -0.0884      7.731     1.9355     2.7661     84.193     86.442      74890          5  0.000e+00
   55.21734 -135.35244    349.974    253.789    251.342     5.4669    33.8429  1027.8753    26.7059     5.4465     27.450   106.9535    -0.0884      7.731     1.9352     2.7656     84.178     86.426      74891          5  0.000e+00
   55.21734 -135.35244    349.653    253.464    251.021     5.4665    33.8434  1027.8743    26.7064     5.4461     27.443   106.9535    -0.0884      7.731     1.9347     2.7649     84.156     86.404      74892          5  0.000e+00
   55.21734 -135.35244    349.830    253.643    251.197     5.4673    33.8431  1027.8747    26.7060     5.4469     27.438   106.9535    -0.0884      7.731     1.9343     2.7643     84.138     86.385      74893          5  0.000e+00
   55.21734 -135.35244    349.790    253.602    251.157     5.4682    33.8430  1027.8744    26.7059     5.4479     27.432   106.9535    -0.1177      7.731     1.9338     2.7636     84.117     86.363      74894          5  0.000e+00
   55.21734 -135.35244    349.709    253.521    251.077     5.4693    33.8424  1027.8734    26.7052     5.4489     27.425   106.9535    -0.0884      7.731     1.9333     2.7629     84.095     86.341      74895          5  0.000e+00
   55.21734 -135.35244    349.910    253.724    251.278     5.4700    33.8428  1027.8746    26.7055     5.4496     27.429   106.9535    -0.0884      7.731     1.9335     2.7632     84.105     86.351      74896          5  0.000e+00
   55.21734 -135.35244    349.653    253.464    251.021     5.4717    33.8434  1027.8736    26.7058     5.4513     27.431   106.9535    -0.0884      7.731     1.9336     2.7633     84.107     86.353      74897          5  0.000e+00
   55.21734 -135.35244    349.710    253.521    251.077     5.4740    33.8429  1027.8732    26.7051     5.4536     27.434   106.9535    -0.0884      7.731     1.9337     2.7635     84.114     86.360      74898          5  0.000e+00
   55.21734 -135.35244    349.734    253.546    251.101     5.4755    33.8428  1027.8730    26.7048     5.4550     27.438   106.9535    -0.0884      7.731     1.9339     2.7638     84.123     86.370      74899          5  0.000e+00
   55.21734 -135.35244    349.653    253.465    251.021     5.4756    33.8421  1027.8721    26.7042     5.4552     27.433   106.9535    -0.0884      7.731     1.9336     2.7633     84.108     86.354      74900          5  0.000e+00
   55.21734 -135.35244    349.678    253.489    251.045     5.4747    33.8426  1027.8727    26.7047     5.4543     27.429   106.9535    -0.0884      7.731     1.9333     2.7629     84.096     86.342      74901          5  0.000e+00
   55.21734 -135.35244    349.653    253.465    251.021     5.4752    33.8423  1027.8723    26.7045     5.4548     27.424   106.9535    -0.0884      7.731     1.9330     2.7624     84.081     86.326      74902          5  0.000e+00
   55.21734 -135.35244    349.613    253.424    250.981     5.4762    33.8430  1027.8726    26.7049     5.4558     27.419   106.9535    -0.0884      7.731     1.9326     2.7618     84.063     86.308      74903          5  0.000e+00
   55.21734 -135.35244    349.533    253.343    250.901     5.4773    33.8432  1027.8722    26.7049     5.4570     27.414   106.9535    -0.0884      7.731     1.9322     2.7612     84.046     86.290      74904          5  0.000e+00
   55.21734 -135.35244    349.654    253.465    251.021     5.4789    33.8430  1027.8724    26.7046     5.4585     27.410   106.9535    -0.0884      7.731     1.9318     2.7607     84.029     86.273      74905          5  0.000e+00
   55.21734 -135.35244    349.557    253.367    250.925     5.4804    33.8429  1027.8717    26.7043     5.4600     27.472   106.9535    -0.0884      7.731     1.9361     2.7669     84.218     86.467      74906          5  0.000e+00
   55.21734 -135.35244    349.533    253.343    250.901     5.4812    33.8432  1027.8717    26.7045     5.4608     27.418   106.9535    -0.0884      7.731     1.9322     2.7613     84.048     86.293      74907          5  0.000e+00
   55.21734 -135.35244    349.493    253.303    250.861     5.4823    33.8427  1027.8710    26.7040     5.4619     27.413   106.9535    -0.0884      7.731     1.9318     2.7608     84.031     86.275      74908          5  0.000e+00
   55.21734 -135.35244    349.477    253.286    250.845     5.4832    33.8431  1027.8712    26.7042     5.4628     27.408   106.9535    -0.0884      7.731     1.9314     2.7602     84.015     86.258      74909          5  0.000e+00
   55.21734 -135.35244    349.413    253.222    250.780     5.4848    33.8431  1027.8706    26.7040     5.4644     27.353   106.9535    -0.0884      7.731     1.9275     2.7546     83.844     86.083      74910          5  0.000e+00
   55.21734 -135.35244    349.493    253.303    250.861     5.4858    33.8432  1027.8709    26.7039     5.4654     27.350   106.9535    -0.0884      7.731     1.9272     2.7542     83.832     86.071      74911          5  0.000e+00
   55.21734 -135.35244    349.293    253.100    250.660     5.4871    33.8432  1027.8699    26.7038     5.4667     27.346   106.9535    -0.0884      7.731     1.9269     2.7538     83.818     86.056      74912          5  0.000e+00
   55.21734 -135.35244    349.317    253.124    250.684     5.4883    33.8434  1027.8700    26.7038     5.4679     27.403   106.9535    -0.0884      7.731     1.9308     2.7594     83.988     86.231      74913          5  0.000e+00
   55.21734 -135.35244    349.293    253.100    250.660     5.4899    33.8438  1027.8700    26.7039     5.4695     27.409   106.9535    -0.0884      7.731     1.9312     2.7599     84.005     86.248      74914          5  0.000e+00
   55.21734 -135.35244    349.261    253.068    250.628     5.4923    33.8443  1027.8699    26.7040     5.4719     27.407   106.9535    -0.0884      7.731     1.9310     2.7595     83.994     86.237      74915          5  0.000e+00
   55.21734 -135.35244    349.237    253.043    250.604     5.4953    33.8437  1027.8690    26.7032     5.4749     27.405   106.9535    -0.0884      7.731     1.9307     2.7591     83.982     86.224      74916          5  0.000e+00
   55.21734 -135.35244    349.180    252.987    250.548     5.4970    33.8436  1027.8684    26.7029     5.4766     27.344   106.9535    -0.0884      7.731     1.9263     2.7529     83.793     86.030      74917          5  0.000e+00
   55.21734 -135.35244    349.140    252.946    250.508     5.4977    33.8433  1027.8679    26.7026     5.4773     27.334   106.9535    -0.0884      7.731     1.9256     2.7519     83.761     85.997      74918          5  0.000e+00
   55.21734 -135.35244    349.116    252.922    250.484     5.4969    33.8430  1027.8677    26.7025     5.4765     27.325   106.9535    -0.0884      7.731     1.9250     2.7510     83.733     85.969      74919          5  0.000e+00
   55.21734 -135.35244    349.084    252.889    250.452     5.4971    33.8435  1027.8679    26.7028     5.4768     27.315   106.9535    -0.0884      7.731     1.9243     2.7500     83.703     85.938      74920          5  0.000e+00
   55.21734 -135.35244    349.060    252.865    250.428     5.4990    33.8440  1027.8679    26.7030     5.4786     27.306   106.9535    -0.0884      7.731     1.9235     2.7489     83.671     85.906      74921          5  0.000e+00
   55.21734 -135.35244    349.060    252.865    250.428     5.5011    33.8436  1027.8673    26.7024     5.4807     27.298   106.9535    -0.0884      7.731     1.9228     2.7479     83.641     85.874      74922          5  0.000e+00
   55.21734 -135.35244    348.964    252.768    250.331     5.5027    33.8438  1027.8668    26.7023     5.4824     27.230   106.9535    -0.0884      7.731     1.9180     2.7411     83.432     85.660      74923          5  0.000e+00
   55.21734 -135.35244    348.940    252.743    250.307     5.5038    33.8431  1027.8660    26.7017     5.4834     27.214   106.9815    -0.0884      7.731     1.9169     2.7394     83.381     85.607      74924          5  0.000e+00
   55.21740 -135.35256    298.001    201.283    199.368     5.9297    33.7594  1027.5090    26.5832     5.9129     33.294   106.8137    -0.0884      7.773     2.3230     3.3198    101.060    103.746      77497          6  0.000e+00
   55.21740 -135.35256    298.225    201.510    199.593     5.9294    33.7590  1027.5098    26.5830     5.9126     33.346   106.8137    -0.0884      7.773     2.3267     3.3251    101.220    103.911      77498          6  0.000e+00
   55.21740 -135.35256    298.065    201.348    199.432     5.9293    33.7595  1027.5094    26.5833     5.9125     33.348   106.8137    -0.0884      7.773     2.3268     3.3252    101.224    103.915      77499          6  0.000e+00
   55.21740 -135.35256    298.289    201.575    199.657     5.9297    33.7596  1027.5105    26.5833     5.9128     33.351   106.8137    -0.0884      7.773     2.3270     3.3255    101.233    103.924      77500          6  0.000e+00
   55.21740 -135.35256    298.241    201.527    199.609     5.9302    33.7596  1027.5102    26.5833     5.9134     33.352   106.8137    -0.0884      7.773     2.3271     3.3256    101.237    103.928      77501          6  0.000e+00
   55.21740 -135.35256    298.346    201.632    199.713     5.9302    33.7590  1027.5102    26.5828     5.9134     33.355   106.8137    -0.0884      7.773     2.3273     3.3259    101.245    103.936      77502          6  0.000e+00
   55.21740 -135.35256    298.297    201.583    199.665     5.9297    33.7585  1027.5097    26.5825     5.9128     33.357   106.8137    -0.0884      7.773     2.3274     3.3262    101.252    103.944      77503          6  0.000e+00
   55.21740 -135.35256    298.402    201.689    199.769     5.9289    33.7589  1027.5105    26.5829     5.9120     33.359   106.8137    -0.0884      7.773     2.3277     3.3265    101.262    103.953      77504          6  0.000e+00
   55.21740 -135.35256    298.418    201.705    199.785     5.9289    33.7589  1027.5106    26.5829     5.9120     33.304   106.8137    -0.0884      7.773     2.3238     3.3209    101.093    103.780      77505          6  0.000e+00
   55.21740 -135.35256    298.482    201.770    199.850     5.9285    33.7591  1027.5111    26.5831     5.9117     33.356   106.8137    -0.0884      7.773     2.3274     3.3261    101.252    103.944      77506          6  0.000e+00
   55.21740 -135.35256    298.522    201.810    199.890     5.9290    33.7593  1027.5114    26.5832     5.9122     33.301   106.8137    -0.0884      7.773     2.3236     3.3206    101.083    103.770      77507          6  0.000e+00
   55.21740 -135.35256    298.594    201.883    199.962     5.9289    33.7598  1027.5121    26.5836     5.9120     33.296   106.8137    -0.0884      7.773     2.3232     3.3201    101.067    103.754      77508          6  0.000e+00
   55.21740 -135.35256    298.586    201.875    199.954     5.9290    33.7591  1027.5115    26.5830     5.9122     33.290   106.8137    -0.0884      7.773     2.3228     3.3196    101.052    103.738      77509          6  0.000e+00
   55.21740 -135.35256    298.659    201.948    200.026     5.9284    33.7591  1027.5120    26.5832     5.9115     33.286   106.8137    -0.0884      7.773     2.3226     3.3192    101.040    103.726      77510          6  0.000e+00
   55.21740 -135.35256    298.643    201.932    200.010     5.9282    33.7592  1027.5120    26.5832     5.9114     33.339   106.8137    -0.0884      7.773     2.3263     3.3245    101.202    103.892      77511          6  0.000e+00
   55.21740 -135.35256    298.771    202.062    200.138     5.9279    33.7595  1027.5129    26.5835     5.9110     33.344   106.8137    -0.0884      7.773     2.3266     3.3250    101.216    103.906      77512          6  0.000e+00
   55.21740 -135.35256    298.763    202.054    200.130     5.9290    33.7592  1027.5125    26.5831     5.9121     33.347   106.8137    -0.0884      7.773     2.3268     3.3252    101.224    103.915      77513          6  0.000e+00
   55.21740 -135.35256    298.771    202.062    200.139     5.9306    33.7594  1027.5124    26.5831     5.9137     33.293   106.8137    -0.0884      7.773     2.3229     3.3197    101.056    103.742      77514          6  0.000e+00
   55.21740 -135.35256    298.835    202.127    200.203     5.9314    33.7595  1027.5128    26.5831     5.9145     33.289   106.8137    -0.0884      7.773     2.3226     3.3193    101.042    103.728      77515          6  0.000e+00
   55.21740 -135.35256    298.939    202.232    200.307     5.9325    33.7599  1027.5134    26.5833     5.9156     33.286   106.8137    -0.0884      7.773     2.3223     3.3188    101.029    103.715      77516          6  0.000e+00
   55.21740 -135.35256    298.891    202.183    200.259     5.9331    33.7597  1027.5129    26.5831     5.9162     33.282   106.8137    -0.0884      7.773     2.3220     3.3184    101.016    103.702      77517          6  0.000e+00
   55.21740 -135.35256    298.940    202.232    200.307     5.9331    33.7597  1027.5132    26.5830     5.9162     33.279   106.8137    -0.0884      7.773     2.3218     3.3181    101.008    103.693      77518          6  0.000e+00
   55.21740 -135.35256    298.956    202.248    200.323     5.9336    33.7596  1027.5131    26.5829     5.9167     33.277   106.8137    -0.0884      7.773     2.3216     3.3178    100.998    103.683      77519          6  0.000e+00
   55.21740 -135.35256    298.996    202.289    200.363     5.9351    33.7600  1027.5134    26.5830     5.9182     33.332   106.8137    -0.0884      7.773     2.3254     3.3232    101.163    103.852      77520          6  0.000e+00
   55.21740 -135.35256    299.068    202.362    200.435     5.9365    33.7596  1027.5132    26.5825     5.9196     33.338   106.8137    -0.0884      7.773     2.3257     3.3237    101.178    103.868      77521          6  0.000e+00
   55.21740 -135.35256    298.996    202.289    200.363     5.9365    33.7596  1027.5129    26.5825     5.9196     33.344   106.8137    -0.0884      7.773     2.3261     3.3243    101.195    103.885      77522          6  0.000e+00
   55.21740 -135.35256    299.132    202.427    200.500     5.9367    33.7595  1027.5134    26.5824     5.9198     33.292   106.8137    -0.0884      7.773     2.3225     3.3191    101.038    103.724      77523          6  0.000e+00
   55.21740 -135.35256    299.068    202.362    200.436     5.9362    33.7597  1027.5133    26.5826     5.9193     33.290   106.8137    -0.0884      7.773     2.3224     3.3189    101.033    103.718      77524          6  0.000e+00
   55.21740 -135.35256    299.116    202.410    200.484     5.9365    33.7594  1027.5133    26.5824     5.9196     33.280   106.8137    -0.0884      7.773     2.3217     3.3179    101.001    103.686      77525          6  0.000e+00
   55.21740 -135.35256    299.132    202.427    200.500     5.9360    33.7599  1027.5138    26.5828     5.9191     33.278   106.8137    -0.0884      7.773     2.3216     3.3178    100.997    103.682      77526          6  0.000e+00
