EcoFOCI/data/1_SampleCollection/2022_GOA-OA_CruiseData/CTD_raw_BottleFile_RC0083/RC0083_001.ros
* Sea-Bird SBE 9 Data File:
* FileName = C:\Data\RC0083ctd\RC0083_001.hex
* Software Version Seasave V 7.26.7.107
* Temperature SN = 2060
* Conductivity SN = 1084
* Number of Bytes Per Scan = 31
* Number of Voltage Words = 4
* Number of Scans Averaged by the Deck Unit = 1
* NMEA Latitude = 54 41.00 N
* NMEA Longitude = 132 51.47 W
* NMEA UTC (Time) = Aug 12 2022  03:46:21
* NMEA baud rate = 4800
** Ship: R/V Rachel Carson
** Cruise ID: RC0080 RC0083
** Tech: McHugh
** Chief Scientist: Newton Cross
** Station: DE1
** Cast:  001
# nquan = 21
# nvalues = 245                                   
# units = specified
# name 0 = latitude: Latitude [deg]
# name 1 = longitude: Longitude [deg]
# name 2 = sfdSM: Seafloor depth [salt water, m]
# name 3 = prDM: Pressure, Digiquartz [db]
# name 4 = depSM: Depth [salt water, m]
# name 5 = t090C: Temperature [ITS-90, deg C]
# name 6 = sal00: Salinity, Practical [PSU]
# name 7 = density00: Density [density, kg/m^3]
# name 8 = sigma-é00: Density [sigma-theta, kg/m^3]
# name 9 = potemp090C: Potential Temperature [ITS-90, deg C]
# name 10 = sbeox0PS: Oxygen, SBE 43 [% saturation]
# name 11 = CStarTr0: Beam Transmission, WET Labs C-Star [%]
# name 12 = flECO-AFL: Fluorescence, WET Labs ECO-AFL/FL [mg/m^3]
# name 13 = ph: pH
# name 14 = sbeox0ML/L: Oxygen, SBE 43 [ml/l]
# name 15 = sbeox0Mg/L: Oxygen, SBE 43 [mg/l]
# name 16 = sbox0Mm/Kg: Oxygen, SBE 43 [umol/kg]
# name 17 = sbeox0Mm/L: Oxygen, SBE 43 [umol/l]
# name 18 = scan: Scan Count
# name 19 = nbf: Bottles Fired
# name 20 = flag:  0.000e+00
# interval = seconds: 0.0416667
# start_time = Aug 12 2022 03:46:21 [NMEA time, header]
# bad_flag = -9.990e-29
*END*
[from data line 138]
   54.68500 -132.85374     63.068     25.693     25.461    10.7229    30.8606  1023.7181    23.6021    10.7200     78.031    94.7591     1.8163      8.068     4.9810     7.1183    217.321    222.450      17651          3  0.000e+00
   54.68500 -132.85374     78.965     25.693     25.461    10.7247    30.8639  1023.7205    23.6044    10.7218     78.040    94.7591     1.7870      8.063     4.9812     7.1187    217.332    222.462      17652          3  0.000e+00
   54.68500 -132.85374    114.601     25.750     25.517    10.7280    30.8640  1023.7202    23.6039    10.7251     78.050    94.7591     1.8163      8.068     4.9815     7.1191    217.345    222.475      17653          3  0.000e+00
   54.68500 -132.85374    125.517     25.750     25.517    10.7282    30.8647  1023.7207    23.6044    10.7253     78.053    94.7591     1.8163      8.063     4.9817     7.1194    217.353    222.484      17654          3  0.000e+00
   54.68500 -132.85374    125.581     25.814     25.581    10.7357    30.8787  1023.7307    23.6140    10.7328     78.057    94.7591     1.8163      8.063     4.9807     7.1180    217.308    222.439      17655          3  0.000e+00
   54.68500 -132.85374    124.555     25.814     25.581    10.7460    30.8943  1023.7410    23.6244    10.7430     78.061    94.7870     1.8163      8.063     4.9794     7.1160    217.246    222.378      17656          3  0.000e+00
   54.68500 -132.85374    124.091     25.814     25.581    10.7530    30.8990  1023.7435    23.6269    10.7500     78.065    94.8430     1.8163      8.068     4.9787     7.1151    217.217    222.349      17657          3  0.000e+00
   54.68500 -132.85374    124.260     25.936     25.701    10.7535    30.8975  1023.7428    23.6256    10.7505     78.071    94.8430     1.8163      8.063     4.9791     7.1156    217.234    222.366      17658          3  0.000e+00
   54.68500 -132.85374    124.245     25.871     25.637    10.7521    30.8954  1023.7411    23.6242    10.7492     78.075    94.8430     1.8163      8.063     4.9796     7.1163    217.256    222.388      17659          3  0.000e+00
   54.68510 -132.85352    108.400      9.906      9.816    12.7435    29.7544  1022.4262    22.3818    12.7422     96.996    84.0469     3.2522      8.201     5.9728     8.5357    260.904    266.744      19281          4  0.000e+00
   54.68510 -132.85352    108.280      9.760      9.672    12.7435    29.7548  1022.4258    22.3820    12.7423     97.049    84.0469     3.0178      8.201     5.9760     8.5403    261.047    266.890      19282          4  0.000e+00
   54.68512 -132.85350    108.513      9.970      9.881    12.7429    29.7562  1022.4280    22.3833    12.7416     97.059    84.0469     2.9006      8.201     5.9766     8.5412    261.073    266.917      19283          4  0.000e+00
   54.68512 -132.85350    108.337      9.793      9.704    12.7414    29.7583  1022.4291    22.3852    12.7401     97.064    84.0469     2.8713      8.201     5.9770     8.5418    261.090    266.935      19284          4  0.000e+00
   54.68512 -132.85350    108.312      9.793      9.704    12.7414    29.7584  1022.4292    22.3853    12.7401     97.070    84.0469     2.8713      8.201     5.9774     8.5424    261.107    266.952      19285          4  0.000e+00
   54.68512 -132.85350    108.305      9.760      9.672    12.7412    29.7581  1022.4288    22.3850    12.7399     97.076    84.0469     2.9006      8.201     5.9778     8.5429    261.125    266.970      19286          4  0.000e+00
   54.68512 -132.85350    108.273      9.728      9.640    12.7416    29.7578  1022.4284    22.3848    12.7403     97.028    84.0469     2.8713      8.201     5.9749     8.5387    260.995    266.837      19287          4  0.000e+00
   54.68512 -132.85350    108.273      9.728      9.640    12.7422    29.7569  1022.4276    22.3839    12.7410     97.029    84.0469     2.9006      8.201     5.9748     8.5386    260.994    266.836      19288          4  0.000e+00
   54.68512 -132.85350    108.241      9.696      9.608    12.7427    29.7567  1022.4272    22.3837    12.7414     97.082    84.0469     2.8713      8.201     5.9781     8.5433    261.136    266.981      19289          4  0.000e+00
   54.68512 -132.85350    108.217      9.672      9.584    12.7432    29.7561  1022.4265    22.3832    12.7420     97.087    84.0469     2.9006      8.201     5.9784     8.5437    261.148    266.994      19290          4  0.000e+00
   54.68512 -132.85350    108.217      9.672      9.584    12.7434    29.7563  1022.4266    22.3833    12.7421     97.087    84.0469     2.8713      8.201     5.9783     8.5436    261.146    266.992      19291          4  0.000e+00
   54.68512 -132.85350    108.185      9.639      9.552    12.7437    29.7557  1022.4260    22.3828    12.7425     97.086    84.0469     2.9006      8.201     5.9782     8.5435    261.143    266.988      19292          4  0.000e+00
   54.68512 -132.85350    108.161      9.615      9.528    12.7438    29.7559  1022.4260    22.3829    12.7426     97.031    83.9630     2.8713      8.201     5.9748     8.5386    260.994    266.836      19293          4  0.000e+00
   54.68512 -132.85350    108.161      9.615      9.528    12.7440    29.7558  1022.4258    22.3827    12.7428     97.083    83.7952     2.8713      8.201     5.9780     8.5432    261.134    266.979      19294          4  0.000e+00
   54.68512 -132.85350    108.136      9.615      9.528    12.7440    29.7558  1022.4259    22.3827    12.7428     97.088    83.7393     2.9006      8.201     5.9783     8.5436    261.145    266.990      19295          4  0.000e+00
   54.68512 -132.85350    108.121      9.575      9.488    12.7438    29.7563  1022.4261    22.3832    12.7426     97.091    83.7393     2.9006      8.201     5.9785     8.5439    261.154    267.000      19296          4  0.000e+00
   54.68512 -132.85350    108.161      9.615      9.528    12.7435    29.7570  1022.4269    22.3838    12.7423     97.095    83.7393     2.9006      8.201     5.9788     8.5443    261.166    267.012      19297          4  0.000e+00
   54.68512 -132.85350    108.072      9.550      9.464    12.7431    29.7578  1022.4273    22.3845    12.7418     97.098    83.7393     2.9006      8.201     5.9790     8.5445    261.174    267.021      19298          4  0.000e+00
   54.68512 -132.85350    108.185      9.639      9.552    12.7420    29.7595  1022.4293    22.3860    12.7408     97.102    83.7393     2.9006      8.201     5.9793     8.5450    261.189    267.036      19299          4  0.000e+00
   54.68512 -132.85350    108.097      9.550      9.464    12.7414    29.7602  1022.4295    22.3866    12.7401     97.045    83.7393     2.9006      8.201     5.9758     8.5401    261.037    266.881      19300          4  0.000e+00
   54.68512 -132.85350     99.736      9.615      9.528    12.7410    29.7603  1022.4299    22.3868    12.7398     97.091    83.7393     2.9006      8.201     5.9787     8.5441    261.162    267.008      19301          4  0.000e+00
   54.68512 -132.85350     56.155      9.575      9.488    12.7408    29.7611  1022.4304    22.3874    12.7396     97.034    83.7393     3.0178      8.201     5.9752     8.5391    261.007    266.850      19302          4  0.000e+00
   54.68512 -132.85350     37.252      9.672      9.584    12.7407    29.7604  1022.4303    22.3869    12.7395     97.079    83.7393     3.1643      8.201     5.9780     8.5431    261.131    266.977      19303          4  0.000e+00
   54.68512 -132.85350     36.000      9.615      9.528    12.7410    29.7601  1022.4298    22.3867    12.7398     97.080    83.7393     3.1936      8.201     5.9780     8.5432    261.132    266.978      19304          4  0.000e+00
   54.68512 -132.85350     37.880      9.639      9.552    12.7410    29.7599  1022.4298    22.3865    12.7398     97.076    83.7393     3.1643      8.201     5.9778     8.5428    261.121    266.967      19305          4  0.000e+00
   54.68512 -132.85350     38.644      9.672      9.584    12.7407    29.7608  1022.4307    22.3873    12.7395     97.077    83.7393     3.1643      8.201     5.9779     8.5429    261.125    266.971      19306          4  0.000e+00
   54.68512 -132.85350     38.669      9.672      9.584    12.7388    29.7639  1022.4334    22.3900    12.7376     97.024    83.7393     3.1643      8.201     5.9747     8.5385    260.988    266.832      19307          4  0.000e+00
   54.68512 -132.85350     38.652      9.728      9.641    12.7367    29.7674  1022.4367    22.3931    12.7354     97.020    83.7393     3.1643      8.201     5.9746     8.5383    260.983    266.827      19308          4  0.000e+00
   54.68512 -132.85350     38.595      9.696      9.609    12.7346    29.7706  1022.4395    22.3960    12.7334     97.015    83.7393     3.1643      8.201     5.9744     8.5381    260.974    266.819      19309          4  0.000e+00
   54.68512 -132.85350     38.627      9.728      9.641    12.7331    29.7735  1022.4421    22.3985    12.7318     97.011    83.7393     3.1643      8.201     5.9743     8.5378    260.966    266.811      19310          4  0.000e+00
   54.68512 -132.85350     38.691      9.793      9.705    12.7316    29.7753  1022.4441    22.4002    12.7304     97.007    83.7393     3.1643      8.201     5.9741     8.5376    260.959    266.805      19311          4  0.000e+00
   54.68512 -132.85350     38.715      9.817      9.729    12.7303    29.7777  1022.4463    22.4022    12.7291     97.003    83.7393     3.1643      8.201     5.9739     8.5374    260.950    266.796      19312          4  0.000e+00
   54.68512 -132.85350     38.747      9.849      9.761    12.7286    29.7802  1022.4487    22.4046    12.7274     96.998    83.7393     3.1643      8.201     5.9738     8.5371    260.943    266.789      19313          4  0.000e+00
   54.68512 -132.85350     38.747      9.849      9.761    12.7278    29.7820  1022.4502    22.4061    12.7265     96.993    83.7952     3.1643      8.201     5.9735     8.5368    260.931    266.778      19314          4  0.000e+00
   54.68512 -132.85350     38.835      9.938      9.849    12.7265    29.7849  1022.4531    22.4086    12.7252     96.990    83.8232     3.1643      8.201     5.9734     8.5365    260.923    266.770      19315          4  0.000e+00
   54.68512 -132.85350     38.803      9.906      9.817    12.7247    29.7877  1022.4555    22.4111    12.7234     96.985    83.8512     3.1643      8.201     5.9732     8.5362    260.914    266.761      19316          4  0.000e+00
   54.68512 -132.85350     38.923     10.027      9.937    12.7233    29.7895  1022.4577    22.4128    12.7220     96.981    83.8232     3.1643      8.201     5.9731     8.5361    260.909    266.757      19317          4  0.000e+00
   54.68512 -132.85350     64.459      9.971      9.881    12.7216    29.7921  1022.4598    22.4151    12.7203     96.976    83.8232     3.1643      8.201     5.9728     8.5358    260.899    266.747      19318          4  0.000e+00
   54.68512 -132.85350    101.495     10.059      9.969    12.7221    29.7913  1022.4594    22.4143    12.7208     96.972    83.8232     3.1643      8.201     5.9726     8.5354    260.887    266.735      19319          4  0.000e+00
   54.68512 -132.85350    110.001     10.092     10.001    12.7243    29.7877  1022.4564    22.4111    12.7230     96.967    83.8232     3.1643      8.201     5.9722     8.5348    260.870    266.716      19320          4  0.000e+00
   54.68512 -132.85350    110.057     10.148     10.057    12.7283    29.7813  1022.4510    22.4054    12.7270     96.910    83.8232     3.1643      8.201     5.9683     8.5293    260.704    266.545      19321          4  0.000e+00
   54.68512 -132.85350    108.957     10.172     10.081    12.7324    29.7744  1022.4450    22.3994    12.7311     96.899    83.8232     3.2815      8.201     5.9675     8.5281    260.668    266.506      19322          4  0.000e+00
   54.68512 -132.85350    108.599     10.205     10.113    12.7346    29.7714  1022.4424    22.3966    12.7333     96.943    83.8232     3.4573      8.201     5.9700     8.5317    260.778    266.619      19323          4  0.000e+00
   54.68512 -132.85350    108.736     10.269     10.177    12.7319    29.7775  1022.4479    22.4018    12.7306     96.940    83.8232     3.5160      8.201     5.9699     8.5315    260.773    266.614      19324          4  0.000e+00
   54.68512 -132.85350    108.841     10.326     10.233    12.7250    29.7886  1022.4580    22.4117    12.7237     96.883    83.8232     3.5160      8.201     5.9668     8.5272    260.637    266.479      19325          4  0.000e+00
   54.68512 -132.85350    108.953     10.415     10.321    12.7197    29.7957  1022.4649    22.4182    12.7183     96.875    83.8232     3.5160      8.201     5.9667     8.5270    260.631    266.474      19326          4  0.000e+00
   54.68512 -132.85350    108.985     10.447     10.353    12.7161    29.8000  1022.4690    22.4222    12.7148     96.866    83.8232     3.5160      8.202     5.9665     8.5267    260.618    266.462      19327          4  0.000e+00
   54.68512 -132.85350    108.961     10.447     10.353    12.7148    29.8008  1022.4699    22.4231    12.7134     96.857    83.8232     3.5160      8.202     5.9660     8.5261    260.600    266.443      19328          4  0.000e+00
   54.68512 -132.85350    109.073     10.536     10.441    12.7146    29.8000  1022.4698    22.4225    12.7133     96.854    83.8232     3.5160      8.202     5.9659     8.5259    260.596    266.439      19329          4  0.000e+00
   54.68524 -132.85324     14.216      3.749      3.715    14.0815    28.7964  1021.3994    21.3826    14.0810    104.264    75.1528     3.2815      8.247     6.2823     8.9780    274.692    280.565      21047          5  0.000e+00
   54.68524 -132.85324     14.432      3.967      3.932    14.0799    28.7957  1021.4001    21.3824    14.0793    104.271    75.1528     3.2815      8.247     6.2829     8.9789    274.720    280.594      21048          5  0.000e+00
   54.68524 -132.85324     14.272      3.806      3.771    14.0780    28.7953  1021.3995    21.3825    14.0774    104.272    75.1528     3.2815      8.247     6.2833     8.9794    274.736    280.610      21049          5  0.000e+00
   54.68524 -132.85324     14.256      3.790      3.756    14.0767    28.7955  1021.3998    21.3828    14.0762    104.276    75.1528     3.2522      8.247     6.2837     8.9800    274.753    280.628      21050          5  0.000e+00
   54.68524 -132.85324     14.160      3.693      3.659    14.0767    28.7952  1021.3991    21.3826    14.0762    104.279    75.1528     3.2815      8.243     6.2838     8.9802    274.761    280.637      21051          5  0.000e+00
   54.68524 -132.85324     14.256      3.790      3.756    14.0770    28.7947  1021.3991    21.3822    14.0765    104.285    75.0409     3.2815      8.243     6.2842     8.9807    274.776    280.652      21052          5  0.000e+00
   54.68524 -132.85324     14.161      3.668      3.635    14.0741    28.7955  1021.3998    21.3834    14.0736    104.289    74.9570     3.2815      8.247     6.2847     8.9815    274.799    280.676      21053          5  0.000e+00
   54.68524 -132.85324     14.096      3.628      3.595    14.0718    28.7963  1021.4007    21.3845    14.0713    104.293    74.9570     3.2815      8.247     6.2853     8.9823    274.823    280.700      21054          5  0.000e+00
   54.68524 -132.85324     14.136      3.669      3.636    14.0696    28.7971  1021.4019    21.3855    14.0691    104.299    74.9570     3.2815      8.247     6.2859     8.9831    274.849    280.727      21055          5  0.000e+00
   54.68524 -132.85324     55.210      3.693      3.660    14.0674    28.7980  1021.4031    21.3867    14.0669    104.305    74.9570     3.2815      8.247     6.2865     8.9840    274.875    280.754      21056          5  0.000e+00
