EcoFOCI/data/1_SampleCollection/2022_GOA-OA_CruiseData/CTD_raw_BottleFile_RC0083/RC0083_023.ros
* Sea-Bird SBE 9 Data File:
* FileName = C:\Data\RC0083ctd\RC0083_023.hex
* Software Version Seasave V 7.26.7.107
* Temperature SN = 2060
* Conductivity SN = 1084
* Number of Bytes Per Scan = 31
* Number of Voltage Words = 4
* Number of Scans Averaged by the Deck Unit = 1
* NMEA Latitude = 56 41.50 N
* NMEA Longitude = 135 44.84 W
* NMEA UTC (Time) = Aug 14 2022  21:02:40
* NMEA baud rate = 4800
** Ship: R/V Rachel Carson
** Cruise ID: RC0083
** Tech: McHugh/Nomura
** Chief Scientist: Cross
** Station: SEC03
** Cast:  CTD023
# nquan = 21
# nvalues = 392                                   
# units = specified
# name 0 = latitude: Latitude [deg]
# name 1 = longitude: Longitude [deg]
# name 2 = sfdSM: Seafloor depth [salt water, m]
# name 3 = prDM: Pressure, Digiquartz [db]
# name 4 = depSM: Depth [salt water, m]
# name 5 = t090C: Temperature [ITS-90, deg C]
# name 6 = sal00: Salinity, Practical [PSU]
# name 7 = density00: Density [density, kg/m^3]
# name 8 = sigma-é00: Density [sigma-theta, kg/m^3]
# name 9 = potemp090C: Potential Temperature [ITS-90, deg C]
# name 10 = sbeox0PS: Oxygen, SBE 43 [% saturation]
# name 11 = CStarTr0: Beam Transmission, WET Labs C-Star [%]
# name 12 = flECO-AFL: Fluorescence, WET Labs ECO-AFL/FL [mg/m^3]
# name 13 = ph: pH
# name 14 = sbeox0ML/L: Oxygen, SBE 43 [ml/l]
# name 15 = sbeox0Mg/L: Oxygen, SBE 43 [mg/l]
# name 16 = sbox0Mm/Kg: Oxygen, SBE 43 [umol/kg]
# name 17 = sbeox0Mm/L: Oxygen, SBE 43 [umol/l]
# name 18 = scan: Scan Count
# name 19 = nbf: Bottles Fired
# name 20 = flag:  0.000e+00
# interval = seconds: 0.0416667
# start_time = Aug 14 2022 21:02:40 [NMEA time, header]
# bad_flag = -9.990e-29
*END*
   56.69384 -135.74948    190.294    181.511    179.769     5.9336    33.3994  1027.1335    26.2980     5.9185     36.859   104.6601    -0.0591      7.739     2.5777     3.6838    112.169    115.119       7736          1  0.000e+00
   56.69384 -135.74948    190.495    181.689    179.946     5.9333    33.3998  1027.1347    26.2983     5.9183     36.922   104.6601    -0.0591      7.739     2.5821     3.6901    112.364    115.319       7737          1  0.000e+00
   56.69384 -135.74948    190.399    181.567    179.826     5.9335    33.3993  1027.1337    26.2980     5.9185     36.869   104.6601    -0.0591      7.739     2.5784     3.6848    112.202    115.153       7738          1  0.000e+00
   56.69386 -135.74950    190.559    181.754    180.010     5.9335    33.3993  1027.1346    26.2979     5.9184     36.925   104.6601    -0.0591      7.739     2.5823     3.6904    112.371    115.326       7739          1  0.000e+00
   56.69386 -135.74950    190.463    181.657    179.914     5.9335    33.3994  1027.1342    26.2980     5.9184     36.871   104.6601    -0.0591      7.739     2.5786     3.6851    112.209    115.159       7740          1  0.000e+00
   56.69386 -135.74950    190.616    181.810    180.066     5.9331    33.3996  1027.1351    26.2982     5.9181     36.869   104.6601    -0.0591      7.739     2.5784     3.6848    112.201    115.152       7741          1  0.000e+00
   56.69386 -135.74950    190.584    181.754    180.010     5.9333    33.3997  1027.1349    26.2983     5.9183     36.865   104.6601    -0.0591      7.739     2.5781     3.6844    112.190    115.140       7742          1  0.000e+00
   56.69386 -135.74950    190.616    181.810    180.066     5.9331    33.3998  1027.1352    26.2984     5.9181     36.920   104.6601    -0.0591      7.739     2.5820     3.6899    112.356    115.311       7743          1  0.000e+00
   56.69386 -135.74950    190.672    181.867    180.122     5.9333    33.3995  1027.1352    26.2981     5.9183     36.867   104.6601    -0.0591      7.739     2.5783     3.6846    112.194    115.145       7744          1  0.000e+00
   56.69386 -135.74950    190.760    181.932    180.186     5.9331    33.3998  1027.1359    26.2984     5.9181     36.863   104.6601    -0.0591      7.739     2.5780     3.6843    112.184    115.135       7745          1  0.000e+00
   56.69386 -135.74950    190.833    181.956    180.210     5.9331    33.3999  1027.1360    26.2985     5.9181     36.860   104.6321    -0.0591      7.739     2.5778     3.6839    112.173    115.123       7746          1  0.000e+00
   56.69386 -135.74950    190.833    181.932    180.186     5.9331    33.4000  1027.1360    26.2986     5.9181     36.856   104.6042    -0.0591      7.739     2.5775     3.6835    112.161    115.111       7747          1  0.000e+00
   56.69386 -135.74950    190.929    182.053    180.307     5.9331    33.3999  1027.1365    26.2985     5.9181     36.853   104.6042    -0.0591      7.739     2.5773     3.6832    112.152    115.101       7748          1  0.000e+00
   56.69386 -135.74950    190.929    182.053    180.307     5.9331    33.4001  1027.1366    26.2986     5.9181     36.849   104.6042    -0.0591      7.739     2.5770     3.6828    112.140    115.090       7749          1  0.000e+00
   56.69386 -135.74950    190.961    182.110    180.363     5.9331    33.4001  1027.1369    26.2986     5.9181     36.845   104.6042    -0.0591      7.739     2.5768     3.6825    112.130    115.079       7750          1  0.000e+00
   56.69386 -135.74950    190.968    182.167    180.419     5.9335    33.3995  1027.1366    26.2981     5.9184     36.842   104.6321    -0.0591      7.739     2.5765     3.6821    112.119    115.067       7751          1  0.000e+00
   56.69386 -135.74950    190.968    182.167    180.419     5.9333    33.3996  1027.1367    26.2982     5.9183     36.838   104.6321    -0.0591      7.739     2.5763     3.6817    112.108    115.056       7752          1  0.000e+00
   56.69386 -135.74950    191.056    182.256    180.507     5.9331    33.3999  1027.1374    26.2984     5.9180     36.901   104.6321    -0.0591      7.739     2.5807     3.6880    112.299    115.252       7753          1  0.000e+00
   56.69386 -135.74950    191.089    182.288    180.539     5.9330    33.3999  1027.1376    26.2985     5.9179     36.914   104.6321    -0.0591      7.739     2.5816     3.6893    112.339    115.294       7754          1  0.000e+00
   56.69386 -135.74950    191.153    182.353    180.603     5.9332    33.3996  1027.1376    26.2983     5.9181     36.861   104.6321    -0.0591      7.739     2.5779     3.6840    112.178    115.128       7755          1  0.000e+00
   56.69386 -135.74950    191.153    182.353    180.603     5.9330    33.4003  1027.1382    26.2988     5.9179     36.858   104.6321    -0.0591      7.739     2.5776     3.6837    112.167    115.117       7756          1  0.000e+00
   56.69386 -135.74950    191.184    182.410    180.659     5.9330    33.3998  1027.1380    26.2984     5.9179     36.863   104.6042    -0.0591      7.739     2.5780     3.6842    112.183    115.133       7757          1  0.000e+00
   56.69386 -135.74950    191.305    182.531    180.780     5.9331    33.3998  1027.1386    26.2984     5.9180     36.926   104.6042    -0.0591      7.739     2.5824     3.6905    112.375    115.330       7758          1  0.000e+00
   56.69386 -135.74950    191.329    182.556    180.804     5.9327    33.4005  1027.1393    26.2990     5.9176     36.931   104.6321    -0.0591      7.739     2.5828     3.6910    112.390    115.346       7759          1  0.000e+00
   56.69386 -135.74950    191.231    182.531    180.780     5.9330    33.4000  1027.1388    26.2986     5.9179     36.935   104.6321    -0.0591      7.739     2.5830     3.6914    112.403    115.359       7760          1  0.000e+00
   56.69386 -135.74950    191.239    182.588    180.836     5.9330    33.3998  1027.1389    26.2984     5.9179     36.882   104.6321    -0.0591      7.739     2.5793     3.6861    112.241    115.193       7761          1  0.000e+00
   56.69386 -135.74950    191.359    182.709    180.956     5.9327    33.4002  1027.1398    26.2987     5.9176     36.878   104.6321    -0.0884      7.739     2.5791     3.6858    112.231    115.182       7762          1  0.000e+00
   56.69386 -135.74950    191.359    182.709    180.956     5.9327    33.4003  1027.1398    26.2988     5.9176     36.874   104.6321    -0.0884      7.739     2.5788     3.6854    112.218    115.170       7763          1  0.000e+00
   56.69386 -135.74950    191.415    182.766    181.012     5.9325    33.4011  1027.1408    26.2995     5.9173     36.870   104.6321    -0.0884      7.739     2.5785     3.6850    112.207    115.158       7764          1  0.000e+00
   56.69386 -135.74950    191.454    182.855    181.100     5.9328    33.4003  1027.1405    26.2988     5.9177     36.867   104.6042    -0.0884      7.739     2.5783     3.6846    112.195    115.146       7765          1  0.000e+00
   56.69386 -135.74950    191.462    182.888    181.132     5.9327    33.4005  1027.1408    26.2990     5.9176     36.920   104.6042    -0.0884      7.739     2.5820     3.6900    112.359    115.314       7766          1  0.000e+00
   56.69386 -135.74950    191.462    182.888    181.132     5.9325    33.4005  1027.1409    26.2990     5.9173     36.924   104.6042    -0.0884      7.739     2.5823     3.6904    112.371    115.326       7767          1  0.000e+00
   56.69386 -135.74950    191.582    183.009    181.253     5.9327    33.4008  1027.1416    26.2992     5.9175     36.928   104.6042    -0.0884      7.739     2.5826     3.6908    112.382    115.338       7768          1  0.000e+00
   56.69386 -135.74950    191.534    183.009    181.253     5.9323    33.4009  1027.1418    26.2994     5.9172     36.931   104.6042    -0.0884      7.739     2.5828     3.6911    112.392    115.348       7769          1  0.000e+00
   56.69386 -135.74950    191.492    183.066    181.309     5.9325    33.4008  1027.1419    26.2993     5.9173     36.934   104.6042    -0.0884      7.739     2.5830     3.6914    112.401    115.357       7770          1  0.000e+00
   56.69386 -135.74950    191.556    183.155    181.397     5.9322    33.4009  1027.1424    26.2994     5.9170     36.937   104.6042    -0.0884      7.739     2.5832     3.6917    112.410    115.367       7771          1  0.000e+00
   56.69386 -135.74950    191.652    183.252    181.493     5.9320    33.4017  1027.1435    26.3000     5.9169     36.948   104.6042    -0.0884      7.739     2.5840     3.6928    112.444    115.401       7772          1  0.000e+00
   56.69386 -135.74950    191.676    183.252    181.493     5.9318    33.4017  1027.1436    26.3000     5.9166     36.959   104.5762    -0.0884      7.739     2.5847     3.6939    112.477    115.435       7773          1  0.000e+00
   56.69386 -135.74950    191.530    183.252    181.493     5.9317    33.4020  1027.1438    26.3003     5.9165     36.969   104.6042    -0.0884      7.739     2.5855     3.6949    112.509    115.468       7774          1  0.000e+00
   56.69386 -135.74950    191.520    183.365    181.605     5.9319    33.4014  1027.1439    26.2998     5.9167     36.923   104.6042    -0.0884      7.739     2.5822     3.6903    112.367    115.322       7775          1  0.000e+00
   56.69386 -135.74950    191.680    183.552    181.790     5.9322    33.4007  1027.1441    26.2992     5.9170     36.918   104.6042    -0.0884      7.739     2.5819     3.6898    112.352    115.307       7776          1  0.000e+00
   56.69386 -135.74950    191.584    183.455    181.694     5.9320    33.4015  1027.1443    26.2999     5.9169     36.912   104.6042    -0.0884      7.739     2.5814     3.6891    112.333    115.287       7777          1  0.000e+00
   56.69386 -135.74950    191.704    183.552    181.790     5.9317    33.4017  1027.1449    26.3001     5.9165     36.906   104.6042    -0.0884      7.739     2.5811     3.6886    112.317    115.271       7778          1  0.000e+00
   56.69386 -135.74950    191.759    183.730    181.966     5.9311    33.4024  1027.1464    26.3007     5.9159     36.959   104.6042    -0.0884      7.739     2.5848     3.6939    112.479    115.437       7779          1  0.000e+00
   56.69386 -135.74950    191.661    183.730    181.966     5.9305    33.4031  1027.1471    26.3014     5.9152     36.961   104.6042    -0.0884      7.739     2.5850     3.6942    112.486    115.445       7780          1  0.000e+00
   56.69386 -135.74950    191.637    183.730    181.966     5.9299    33.4036  1027.1475    26.3018     5.9147     36.963   104.6042    -0.0884      7.739     2.5851     3.6944    112.492    115.451       7781          1  0.000e+00
   56.69386 -135.74950    191.685    183.754    181.990     5.9301    33.4035  1027.1475    26.3017     5.9149     36.964   104.6042    -0.0591      7.739     2.5852     3.6945    112.497    115.456       7782          1  0.000e+00
   56.69386 -135.74950    191.757    183.851    182.087     5.9302    33.4033  1027.1478    26.3015     5.9150     36.966   104.6042    -0.0591      7.739     2.5853     3.6947    112.501    115.460       7783          1  0.000e+00
   56.69386 -135.74950    191.666    183.908    182.143     5.9305    33.4031  1027.1479    26.3014     5.9152     36.909   104.6042    -0.0591      7.739     2.5813     3.6890    112.328    115.282       7784          1  0.000e+00
   56.69438 -135.75038    191.856    149.050    147.631     6.0024    33.3097  1026.9045    26.2183     5.9900     37.920   104.4643    -0.0591      7.749     2.6492     3.7860    115.291    118.314       9656          2  0.000e+00
   56.69438 -135.75038    192.466    149.592    148.168     6.0023    33.3095  1026.9068    26.2181     5.9899     37.922   104.4643    -0.0591      7.749     2.6494     3.7862    115.297    118.320       9657          2  0.000e+00
   56.69440 -135.75038    192.034    149.106    147.687     6.0028    33.3091  1026.9042    26.2178     5.9904     37.861   104.4643    -0.0591      7.749     2.6451     3.7801    115.112    118.130       9658          2  0.000e+00
   56.69440 -135.75038    192.243    149.292    147.872     6.0029    33.3088  1026.9048    26.2175     5.9905     37.919   104.4643    -0.0591      7.749     2.6491     3.7858    115.287    118.309       9659          2  0.000e+00
   56.69440 -135.75038    192.179    149.228    147.808     6.0032    33.3083  1026.9041    26.2171     5.9908     37.917   104.4643    -0.0591      7.749     2.6490     3.7857    115.282    118.304       9660          2  0.000e+00
   56.69440 -135.75038    192.187    149.236    147.816     6.0036    33.3085  1026.9043    26.2172     5.9912     37.916   104.4643    -0.0591      7.749     2.6489     3.7855    115.277    118.299       9661          2  0.000e+00
   56.69440 -135.75038    192.036    148.985    147.567     6.0037    33.3083  1026.9029    26.2170     5.9914     37.913   104.4643    -0.0591      7.749     2.6487     3.7852    115.268    118.290       9662          2  0.000e+00
   56.69440 -135.75038    192.294    149.171    147.751     6.0037    33.3074  1026.9031    26.2163     5.9913     37.855   104.4643    -0.0591      7.749     2.6446     3.7794    115.091    118.108       9663          2  0.000e+00
   56.69440 -135.75038    192.109    148.985    147.567     6.0039    33.3076  1026.9023    26.2164     5.9915     37.844   104.4643    -0.0591      7.749     2.6438     3.7783    115.057    118.074       9664          2  0.000e+00
   56.69440 -135.75038    192.294    149.171    147.751     6.0039    33.3078  1026.9034    26.2167     5.9915     37.835   104.4363    -0.0591      7.749     2.6432     3.7774    115.029    118.045       9665          2  0.000e+00
   56.69440 -135.75038    191.933    148.807    147.391     6.0038    33.3077  1026.9016    26.2166     5.9914     37.831   104.4084    -0.0591      7.749     2.6430     3.7771    115.019    118.034       9666          2  0.000e+00
   56.69440 -135.75038    192.213    149.114    147.695     6.0040    33.3077  1026.9030    26.2165     5.9916     37.889   104.3804    -0.0591      7.749     2.6470     3.7828    115.193    118.213       9667          2  0.000e+00
   56.69440 -135.75038    192.060    148.985    147.567     6.0042    33.3079  1026.9025    26.2166     5.9919     37.895   104.3804    -0.0591      7.749     2.6474     3.7833    115.211    118.231       9668          2  0.000e+00
   56.69440 -135.75038    191.892    148.815    147.399     6.0047    33.3072  1026.9011    26.2160     5.9923     37.892   104.4084    -0.0591      7.749     2.6472     3.7831    115.202    118.223       9669          2  0.000e+00
   56.69440 -135.75038    192.060    148.985    147.567     6.0049    33.3065  1026.9014    26.2155     5.9925     37.891   104.3804    -0.0591      7.749     2.6471     3.7829    115.199    118.219       9670          2  0.000e+00
   56.69440 -135.75038    192.021    148.871    147.455     6.0047    33.3071  1026.9014    26.2160     5.9923     37.831   104.4084    -0.0591      7.749     2.6429     3.7769    115.016    118.031       9671          2  0.000e+00
   56.69440 -135.75038    192.346    148.928    147.511     6.0044    33.3073  1026.9018    26.2162     5.9920     37.829   104.4084    -0.0591      7.749     2.6428     3.7768    115.011    118.027       9672          2  0.000e+00
   56.69440 -135.75038    192.508    148.993    147.575     6.0044    33.3077  1026.9024    26.2164     5.9920     37.828   104.4084    -0.0591      7.749     2.6427     3.7767    115.007    118.022       9673          2  0.000e+00
   56.69440 -135.75038    192.444    148.928    147.511     6.0040    33.3082  1026.9025    26.2169     5.9916     37.883   104.3804    -0.0591      7.749     2.6466     3.7822    115.177    118.196       9674          2  0.000e+00
