EcoFOCI/data/1_SampleCollection/2022_GOA-OA_CruiseData/CTD_raw_BottleFile_RC0083/RC0083_078.ros
* Sea-Bird SBE 9 Data File:
* FileName = C:\Data\RC0083ctd\RC0083_078.hex
* Software Version Seasave V 7.26.7.107
* Temperature SN = 2060
* Conductivity SN = 2881
* Number of Bytes Per Scan = 31
* Number of Voltage Words = 4
* Number of Scans Averaged by the Deck Unit = 1
* NMEA Latitude = 58 21.01 N
* NMEA Longitude = 134 46.91 W
* NMEA UTC (Time) = Aug 21 2022  23:13:56
* NMEA baud rate = 4800
** Ship: R/V Rachel Carson
** Cruise ID: RC0083
** Tech: McHugh/Nomura
** Chief Scientist: Cross
** Station: LFC
** Cast:  CTD078
# nquan = 21
# nvalues = 196                                   
# units = specified
# name 0 = latitude: Latitude [deg]
# name 1 = longitude: Longitude [deg]
# name 2 = sfdSM: Seafloor depth [salt water, m]
# name 3 = prDM: Pressure, Digiquartz [db]
# name 4 = depSM: Depth [salt water, m]
# name 5 = t090C: Temperature [ITS-90, deg C]
# name 6 = sal00: Salinity, Practical [PSU]
# name 7 = density00: Density [density, kg/m^3]
# name 8 = sigma-é00: Density [sigma-theta, kg/m^3]
# name 9 = potemp090C: Potential Temperature [ITS-90, deg C]
# name 10 = sbeox0PS: Oxygen, SBE 43 [% saturation]
# name 11 = CStarTr0: Beam Transmission, WET Labs C-Star [%]
# name 12 = flECO-AFL: Fluorescence, WET Labs ECO-AFL/FL [mg/m^3]
# name 13 = ph: pH
# name 14 = sbeox0ML/L: Oxygen, SBE 43 [ml/l]
# name 15 = sbeox0Mg/L: Oxygen, SBE 43 [mg/l]
# name 16 = sbox0Mm/Kg: Oxygen, SBE 43 [umol/kg]
# name 17 = sbeox0Mm/L: Oxygen, SBE 43 [umol/l]
# name 18 = scan: Scan Count
# name 19 = nbf: Bottles Fired
# name 20 = flag:  0.000e+00
# interval = seconds: 0.0416667
# start_time = Aug 21 2022 23:13:56 [NMEA time, header]
# bad_flag = -9.990e-29
*END*
   58.34938 -134.78010    118.533    109.223    108.179     5.4003    32.2203  1025.9338    25.4282     5.3920     40.393    86.8718    -0.0005      7.692     2.8832     4.1203    125.569    128.762       8824          1  0.000e+00
   58.34938 -134.78010    118.653    109.344    108.299     5.4001    32.2202  1025.9344    25.4282     5.3918     40.338    86.8718    -0.0005      7.692     2.8792     4.1147    125.398    128.586       8825          1  0.000e+00
   58.34938 -134.78010    118.357    109.045    108.003     5.4001    32.2204  1025.9331    25.4283     5.3918     40.339    86.8718    -0.0005      7.692     2.8793     4.1148    125.401    128.589       8826          1  0.000e+00
   58.34938 -134.78010    118.613    109.328    108.283     5.4003    32.2204  1025.9344    25.4283     5.3920     40.337    86.8998    -0.0005      7.692     2.8791     4.1145    125.392    128.581       8827          1  0.000e+00
   58.34938 -134.78010    118.452    109.166    108.123     5.4001    32.2204  1025.9337    25.4283     5.3918     40.339    86.8718    -0.0005      7.692     2.8793     4.1148    125.401    128.590       8828          1  0.000e+00
   58.34938 -134.78010    118.508    109.223    108.179     5.4001    32.2203  1025.9339    25.4283     5.3918     40.336    86.8718    -0.0005      7.692     2.8791     4.1145    125.392    128.580       8829          1  0.000e+00
   58.34938 -134.78010    118.508    109.223    108.179     5.3996    32.2206  1025.9342    25.4285     5.3913     40.333    86.8718    -0.0005      7.692     2.8789     4.1143    125.384    128.573       8830          1  0.000e+00
   58.34938 -134.78010    118.549    109.263    108.219     5.3996    32.2207  1025.9344    25.4286     5.3913     40.331    86.8718    -0.0005      7.692     2.8787     4.1140    125.377    128.565       8831          1  0.000e+00
   58.34938 -134.78010    118.452    109.166    108.123     5.3996    32.2208  1025.9341    25.4287     5.3913     40.328    86.8998    -0.0005      7.692     2.8785     4.1137    125.368    128.556       8832          1  0.000e+00
   58.34938 -134.78010    118.508    109.223    108.179     5.3990    32.2212  1025.9347    25.4291     5.3906     40.319    86.8998    -0.0005      7.692     2.8779     4.1129    125.341    128.529       8833          1  0.000e+00
   58.34938 -134.78010    118.492    109.207    108.163     5.3988    32.2213  1025.9347    25.4291     5.3905     40.317    86.8998    -0.0005      7.692     2.8778     4.1127    125.335    128.522       8834          1  0.000e+00
   58.34938 -134.78010    118.508    109.223    108.179     5.3985    32.2216  1025.9351    25.4294     5.3902     40.316    86.8998    -0.0005      7.692     2.8777     4.1125    125.331    128.518       8835          1  0.000e+00
   58.34938 -134.78010    118.508    109.223    108.179     5.3990    32.2211  1025.9347    25.4290     5.3906     40.314    86.8998    -0.0005      7.692     2.8776     4.1123    125.325    128.512       8836          1  0.000e+00
   58.34938 -134.78010    118.484    109.223    108.179     5.3990    32.2214  1025.9349    25.4292     5.3906     40.371    86.8718    -0.0005      7.692     2.8816     4.1181    125.502    128.693       8837          1  0.000e+00
   58.34938 -134.78010    118.492    109.207    108.163     5.3992    32.2208  1025.9343    25.4287     5.3909     40.319    86.8998    -0.0005      7.692     2.8779     4.1128    125.339    128.526       8838          1  0.000e+00
   58.34938 -134.78010    118.452    109.166    108.123     5.3987    32.2216  1025.9348    25.4294     5.3904     40.318    86.8718    -0.0005      7.692     2.8778     4.1127    125.337    128.524       8839          1  0.000e+00
   58.34938 -134.78010    118.508    109.223    108.179     5.3988    32.2211  1025.9347    25.4290     5.3905     40.317    86.8998    -0.0005      7.692     2.8778     4.1127    125.336    128.523       8840          1  0.000e+00
   58.34938 -134.78010    118.508    109.223    108.179     5.3992    32.2210  1025.9346    25.4289     5.3909     40.317    86.8998    -0.0005      7.692     2.8778     4.1126    125.334    128.521       8841          1  0.000e+00
   58.34938 -134.78010    118.492    109.207    108.163     5.3992    32.2210  1025.9344    25.4289     5.3909     40.375    86.8998    -0.0005      7.692     2.8819     4.1185    125.514    128.705       8842          1  0.000e+00
   58.34938 -134.78010    118.484    109.223    108.179     5.3992    32.2212  1025.9347    25.4290     5.3909     40.324    86.8718    -0.0005      7.692     2.8783     4.1133    125.355    128.543       8843          1  0.000e+00
   58.34938 -134.78010    118.484    109.223    108.179     5.3992    32.2212  1025.9347    25.4290     5.3909     40.324    86.8998    -0.0005      7.692     2.8783     4.1133    125.356    128.544       8844          1  0.000e+00
   58.34938 -134.78010    118.452    109.166    108.123     5.3992    32.2208  1025.9341    25.4287     5.3909     40.324    86.8998    -0.0005      7.692     2.8783     4.1134    125.357    128.545       8845          1  0.000e+00
   58.34938 -134.78010    118.524    109.263    108.219     5.3990    32.2213  1025.9350    25.4292     5.3906     40.326    86.9557    -0.0005      7.692     2.8784     4.1135    125.362    128.550       8846          1  0.000e+00
   58.34938 -134.78010    118.428    109.166    108.123     5.3990    32.2217  1025.9348    25.4295     5.3907     40.327    86.9837    -0.0005      7.692     2.8785     4.1136    125.364    128.552       8847          1  0.000e+00
   58.34938 -134.78010    118.484    109.223    108.179     5.3988    32.2217  1025.9351    25.4295     5.3905     40.328    86.9837    -0.0005      7.692     2.8786     4.1138    125.370    128.558       8848          1  0.000e+00
   58.34938 -134.78010    118.492    109.207    108.163     5.3990    32.2215  1025.9349    25.4293     5.3907     40.330    86.9837    -0.0005      7.692     2.8787     4.1139    125.374    128.563       8849          1  0.000e+00
   58.34938 -134.78010    118.508    109.223    108.179     5.3992    32.2210  1025.9345    25.4289     5.3909     40.390    86.9837    -0.0005      7.692     2.8830     4.1201    125.561    128.754       8850          1  0.000e+00
   58.34938 -134.78010    118.452    109.166    108.123     5.3993    32.2208  1025.9341    25.4287     5.3910     40.341    86.9837    -0.0005      7.692     2.8795     4.1150    125.408    128.597       8851          1  0.000e+00
   58.34938 -134.78010    118.508    109.223    108.179     5.3990    32.2213  1025.9348    25.4292     5.3906     40.351    86.9837     0.0288      7.692     2.8802     4.1161    125.439    128.629       8852          1  0.000e+00
   58.34938 -134.78010    118.492    109.206    108.163     5.3988    32.2213  1025.9348    25.4292     5.3905     40.354    86.9837    -0.0005      7.692     2.8804     4.1164    125.449    128.639       8853          1  0.000e+00
   58.34938 -134.78010    118.508    109.223    108.179     5.3987    32.2215  1025.9350    25.4293     5.3904     40.292    86.9837    -0.0005      7.692     2.8760     4.1101    125.256    128.441       8854          1  0.000e+00
   58.34938 -134.78010    118.508    109.223    108.179     5.3980    32.2222  1025.9356    25.4300     5.3897     40.339    86.9837    -0.0005      7.692     2.8794     4.1149    125.404    128.593       8855          1  0.000e+00
   58.34938 -134.78010    118.452    109.166    108.123     5.3982    32.2220  1025.9352    25.4298     5.3899     40.335    86.9837    -0.0005      7.692     2.8791     4.1145    125.391    128.580       8856          1  0.000e+00
   58.34938 -134.78010    118.492    109.206    108.163     5.3979    32.2222  1025.9356    25.4300     5.3896     40.331    86.9837    -0.0005      7.692     2.8789     4.1142    125.381    128.569       8857          1  0.000e+00
   58.34938 -134.78010    118.484    109.223    108.179     5.3977    32.2223  1025.9357    25.4301     5.3894     40.386    86.9837    -0.0005      7.692     2.8827     4.1197    125.550    128.743       8858          1  0.000e+00
   58.34938 -134.78010    118.508    109.223    108.179     5.3976    32.2224  1025.9359    25.4302     5.3893     40.389    86.9837    -0.0005      7.692     2.8830     4.1200    125.560    128.753       8859          1  0.000e+00
   58.34938 -134.78010    118.428    109.166    108.123     5.3972    32.2228  1025.9359    25.4306     5.3889     40.340    86.9837    -0.0005      7.692     2.8795     4.1151    125.410    128.599       8860          1  0.000e+00
   58.34938 -134.78010    118.468    109.206    108.163     5.3979    32.2227  1025.9360    25.4304     5.3896     40.336    86.9837    -0.0005      7.692     2.8792     4.1147    125.396    128.585       8861          1  0.000e+00
   58.34938 -134.78010    118.484    109.223    108.179     5.3977    32.2228  1025.9361    25.4305     5.3894     40.332    86.9837    -0.0005      7.692     2.8789     4.1143    125.384    128.573       8862          1  0.000e+00
   58.34938 -134.78010    118.460    109.223    108.179     5.3979    32.2222  1025.9357    25.4300     5.3896     40.335    86.9837    -0.0005      7.692     2.8791     4.1146    125.394    128.583       8863          1  0.000e+00
   58.34938 -134.78010    118.444    109.206    108.163     5.3977    32.2223  1025.9357    25.4301     5.3894     40.339    86.9837    -0.0005      7.692     2.8794     4.1150    125.405    128.594       8864          1  0.000e+00
   58.34938 -134.78010    118.484    109.223    108.179     5.3977    32.2226  1025.9360    25.4303     5.3894     40.343    86.9837    -0.0005      7.692     2.8797     4.1153    125.417    128.606       8865          1  0.000e+00
   58.34938 -134.78010    118.403    109.166    108.123     5.3976    32.2227  1025.9358    25.4305     5.3893     40.405    86.8438    -0.0005      7.692     2.8841     4.1217    125.609    128.804       8866          1  0.000e+00
   58.34938 -134.78010    118.460    109.223    108.179     5.3977    32.2224  1025.9358    25.4301     5.3894     40.358    86.7879    -0.0005      7.692     2.8808     4.1169    125.464    128.655       8867          1  0.000e+00
   58.34938 -134.78010    118.468    109.206    108.163     5.3979    32.2222  1025.9355    25.4300     5.3896     40.362    86.7599    -0.0005      7.692     2.8811     4.1173    125.477    128.668       8868          1  0.000e+00
   58.34938 -134.78010    118.460    109.223    108.179     5.3977    32.2223  1025.9357    25.4301     5.3894     40.367    86.7599    -0.0005      7.692     2.8814     4.1178    125.492    128.684       8869          1  0.000e+00
   58.34938 -134.78010    118.403    109.166    108.123     5.3982    32.2222  1025.9353    25.4299     5.3899     40.364    86.7599    -0.0005      7.692     2.8812     4.1175    125.483    128.674       8870          1  0.000e+00
   58.34938 -134.78010    118.484    109.223    108.179     5.3979    32.2222  1025.9357    25.4300     5.3896     40.370    86.7599    -0.0005      7.692     2.8816     4.1181    125.500    128.692       8871          1  0.000e+00
   58.34938 -134.78010    118.444    109.206    108.163     5.3979    32.2220  1025.9354    25.4298     5.3896     40.375    86.7879    -0.0005      7.692     2.8820     4.1186    125.516    128.708       8872          1  0.000e+00
   58.34908 -134.78004    124.623     26.261     26.015     8.7950    30.0933  1023.4295    23.3096     8.7924     69.502    98.6468     0.4390      8.027     4.6518     6.6478    203.015    207.747      12279          2  0.000e+00
   58.34908 -134.78004    124.559     26.196     25.951     8.7952    30.0935  1023.4293    23.3097     8.7927     69.507    98.6468     0.4390      8.027     4.6521     6.6483    203.030    207.763      12280          2  0.000e+00
   58.34908 -134.78004    124.503     26.140     25.895     8.7957    30.0936  1023.4291    23.3097     8.7931     69.507    98.6468     0.4390      8.027     4.6521     6.6483    203.028    207.761      12281          2  0.000e+00
   58.34908 -134.78004    124.503     26.140     25.895     8.7966    30.0936  1023.4289    23.3095     8.7940     69.508    98.6468     0.4097      8.027     4.6520     6.6481    203.025    207.757      12282          2  0.000e+00
   58.34908 -134.78004    124.503     26.140     25.895     8.7981    30.0935  1023.4286    23.3092     8.7955     69.508    98.6468     0.4390      8.027     4.6518     6.6480    203.019    207.752      12283          2  0.000e+00
   58.34908 -134.78004    124.503     26.140     25.895     8.8002    30.0928  1023.4278    23.3084     8.7976     69.508    98.6747     0.4097      8.027     4.6517     6.6477    203.011    207.743      12284          2  0.000e+00
   58.34908 -134.78004    124.503     26.140     25.895     8.8018    30.0920  1023.4269    23.3075     8.7992     69.564    98.6747     0.4390      8.027     4.6553     6.6528    203.169    207.904      12285          2  0.000e+00
   58.34908 -134.78004    124.527     26.164     25.919     8.8013    30.0914  1023.4266    23.3071     8.7987     69.570    98.6747     0.4097      8.027     4.6558     6.6535    203.190    207.926      12286          2  0.000e+00
   58.34908 -134.78004    124.503     26.140     25.895     8.8002    30.0921  1023.4273    23.3079     8.7976     69.520    98.6747     0.4390      8.027     4.6525     6.6489    203.048    207.781      12287          2  0.000e+00
   58.34908 -134.78004    124.503     26.140     25.895     8.7996    30.0925  1023.4277    23.3083     8.7970     69.520    98.6747     0.4390      8.027     4.6526     6.6490    203.050    207.783      12288          2  0.000e+00
   58.34908 -134.78004    124.503     26.140     25.895     8.7997    30.0922  1023.4274    23.3080     8.7971     69.465    98.6747     0.4390      8.027     4.6488     6.6436    202.888    207.617      12289          2  0.000e+00
   58.34908 -134.78004    124.503     26.140     25.895     8.7991    30.0926  1023.4278    23.3084     8.7965     69.515    98.6747     0.4390      8.027     4.6522     6.6485    203.037    207.769      12290          2  0.000e+00
   58.34908 -134.78004    124.503     26.140     25.895     8.7994    30.0923  1023.4275    23.3082     8.7968     69.515    98.6747     0.4390      8.027     4.6522     6.6485    203.036    207.769      12291          2  0.000e+00
   58.34908 -134.78004    124.503     26.140     25.895     8.8007    30.0907  1023.4261    23.3067     8.7981     69.515    98.6747     0.4097      8.027     4.6521     6.6484    203.033    207.765      12292          2  0.000e+00
   58.34908 -134.78004    124.503     26.140     25.895     8.8004    30.0905  1023.4259    23.3065     8.7978     69.515    98.6747     0.4097      8.027     4.6522     6.6485    203.036    207.768      12293          2  0.000e+00
   58.34908 -134.78004    107.995     26.140     25.895     8.7976    30.0915  1023.4272    23.3078     8.7950     69.516    98.6747     0.4390      8.027     4.6525     6.6489    203.049    207.781      12294          2  0.000e+00
   58.34908 -134.78004     93.441     26.140     25.895     8.7959    30.0919  1023.4277    23.3083     8.7933     69.511    98.6747     0.4390      8.027     4.6523     6.6486    203.040    207.772      12295          2  0.000e+00
   58.34908 -134.78004     90.559     26.140     25.895     8.7945    30.0927  1023.4285    23.3091     8.7919     69.505    98.6747     0.4097      8.027     4.6520     6.6482    203.028    207.760      12296          2  0.000e+00
   58.34908 -134.78004     91.316     26.140     25.895     8.7932    30.0937  1023.4295    23.3101     8.7907     69.499    98.6747     0.4390      8.027     4.6517     6.6478    203.014    207.746      12297          2  0.000e+00
