EcoFOCI/data/1_SampleCollection/2022_GOA-OA_CruiseData/CTD_raw_BottleFile_RC0083/RC0083_017.ros
* Sea-Bird SBE 9 Data File:
* FileName = C:\Data\RC0083ctd\RC0083_017.hex
* Software Version Seasave V 7.26.7.107
* Temperature SN = 2060
* Conductivity SN = 1084
* Number of Bytes Per Scan = 31
* Number of Voltage Words = 4
* Number of Scans Averaged by the Deck Unit = 1
* NMEA Latitude = 56 10.75 N
* NMEA Longitude = 134 24.05 W
* NMEA UTC (Time) = Aug 13 2022  15:43:07
* NMEA baud rate = 4800
** Ship: R/V Rachel Carson
** Cruise ID: RC0083 RC0083
** Tech: McHugh/Nomura
** Chief Scientist: Cross Cross
** Station: CS2
** Cast:  017
# nquan = 21
# nvalues = 441                                   
# units = specified
# name 0 = latitude: Latitude [deg]
# name 1 = longitude: Longitude [deg]
# name 2 = sfdSM: Seafloor depth [salt water, m]
# name 3 = prDM: Pressure, Digiquartz [db]
# name 4 = depSM: Depth [salt water, m]
# name 5 = t090C: Temperature [ITS-90, deg C]
# name 6 = sal00: Salinity, Practical [PSU]
# name 7 = density00: Density [density, kg/m^3]
# name 8 = sigma-é00: Density [sigma-theta, kg/m^3]
# name 9 = potemp090C: Potential Temperature [ITS-90, deg C]
# name 10 = sbeox0PS: Oxygen, SBE 43 [% saturation]
# name 11 = CStarTr0: Beam Transmission, WET Labs C-Star [%]
# name 12 = flECO-AFL: Fluorescence, WET Labs ECO-AFL/FL [mg/m^3]
# name 13 = ph: pH
# name 14 = sbeox0ML/L: Oxygen, SBE 43 [ml/l]
# name 15 = sbeox0Mg/L: Oxygen, SBE 43 [mg/l]
# name 16 = sbox0Mm/Kg: Oxygen, SBE 43 [umol/kg]
# name 17 = sbeox0Mm/L: Oxygen, SBE 43 [umol/l]
# name 18 = scan: Scan Count
# name 19 = nbf: Bottles Fired
# name 20 = flag:  0.000e+00
# interval = seconds: 0.0416667
# start_time = Aug 13 2022 15:43:07 [NMEA time, header]
# bad_flag = -9.990e-29
*END*
[from data line 276]
   56.17460 -134.40588    198.760    101.073    100.127     6.6991    32.8756  1026.2507    25.7866     6.6903     48.451   105.3034    -0.0298      7.872     3.3401     4.7733    145.418    149.168      46439          6  0.000e+00
   56.17460 -134.40588    198.736    101.049    100.103     6.6994    32.8752  1026.2503    25.7863     6.6906     48.452   105.2754    -0.0298      7.872     3.3401     4.7734    145.420    149.170      46440          6  0.000e+00
   56.17460 -134.40588    198.760    101.073    100.127     6.6997    32.8749  1026.2502    25.7860     6.6909     48.453   105.2754    -0.0298      7.872     3.3402     4.7735    145.423    149.173      46441          6  0.000e+00
   56.17460 -134.40588    198.792    101.105    100.159     6.7000    32.8748  1026.2502    25.7859     6.6912     48.454   105.3034    -0.0298      7.872     3.3402     4.7735    145.425    149.175      46442          6  0.000e+00
   56.17460 -134.40588    198.704    101.016    100.071     6.7004    32.8744  1026.2494    25.7855     6.6916     48.454   105.3034    -0.0298      7.872     3.3402     4.7735    145.425    149.175      46443          6  0.000e+00
   56.17460 -134.40588    198.792    101.105    100.159     6.7002    32.8747  1026.2500    25.7857     6.6913     48.399   105.3034    -0.0298      7.872     3.3365     4.7681    145.261    149.007      46444          6  0.000e+00
   56.17460 -134.40588    198.760    101.073    100.127     6.7000    32.8747  1026.2499    25.7858     6.6912     48.393   105.2754    -0.0298      7.872     3.3360     4.7675    145.242    148.987      46445          6  0.000e+00
   56.17460 -134.40588    198.880    101.194    100.247     6.6999    32.8747  1026.2505    25.7858     6.6911     48.387   105.3034    -0.0298      7.872     3.3357     4.7670    145.226    148.971      46446          6  0.000e+00
   56.17460 -134.40588    198.672    100.984    100.039     6.6998    32.8749  1026.2497    25.7860     6.6909     48.380   105.2754    -0.0298      7.872     3.3352     4.7663    145.205    148.950      46447          6  0.000e+00
   56.17460 -134.40588    198.816    101.130    100.183     6.6995    32.8751  1026.2505    25.7861     6.6907     48.432   105.2754    -0.0298      7.872     3.3388     4.7715    145.362    149.110      46448          6  0.000e+00
   56.17460 -134.40588    198.736    101.049    100.103     6.6995    32.8751  1026.2502    25.7862     6.6907     48.434   105.2754    -0.0298      7.872     3.3389     4.7716    145.367    149.116      46449          6  0.000e+00
   56.17460 -134.40588    198.816    101.130    100.183     6.7004    32.8742  1026.2498    25.7854     6.6916     48.380   105.2754    -0.0298      7.872     3.3351     4.7663    145.204    148.948      46450          6  0.000e+00
   56.17460 -134.40588    198.848    101.162    100.215     6.7003    32.8743  1026.2500    25.7854     6.6915     48.375   105.2754    -0.0298      7.872     3.3348     4.7658    145.189    148.933      46451          6  0.000e+00
   56.17460 -134.40588    198.816    101.130    100.183     6.7005    32.8741  1026.2497    25.7852     6.6917     48.427   105.2754    -0.0298      7.872     3.3384     4.7708    145.343    149.091      46452          6  0.000e+00
   56.17460 -134.40588    198.792    101.105    100.159     6.7004    32.8742  1026.2497    25.7854     6.6916     48.373   105.2754    -0.0298      7.872     3.3347     4.7656    145.182    148.926      46453          6  0.000e+00
   56.17460 -134.40588    198.880    101.194    100.248     6.7000    32.8745  1026.2504    25.7857     6.6912     48.426   105.2754    -0.0298      7.872     3.3383     4.7708    145.341    149.089      46454          6  0.000e+00
   56.17460 -134.40588    198.848    101.162    100.216     6.7005    32.8743  1026.2500    25.7854     6.6917     48.372   105.2754    -0.0298      7.872     3.3346     4.7654    145.179    148.922      46455          6  0.000e+00
   56.17458 -134.40590    198.816    101.130    100.184     6.7005    32.8742  1026.2497    25.7853     6.6917     48.368   105.2754    -0.0298      7.872     3.3343     4.7650    145.166    148.909      46456          6  0.000e+00
   56.17428 -134.40626    174.912     76.995     76.279     7.1371    32.5598  1025.8325    25.4795     7.1302     53.797   104.9398     0.0288      7.914     3.6790     5.2577    160.223    164.306      48780          7  0.000e+00
   56.17428 -134.40626    174.848     76.930     76.215     7.1376    32.5594  1025.8318    25.4791     7.1306     53.796   104.9398     0.0288      7.914     3.6790     5.2576    160.220    164.302      48781          7  0.000e+00
   56.17428 -134.40626    174.912     76.995     76.279     7.1371    32.5594  1025.8322    25.4792     7.1301     53.796   104.9398     0.0288      7.914     3.6789     5.2576    160.220    164.302      48782          7  0.000e+00
   56.17428 -134.40626    175.024     77.108     76.391     7.1371    32.5594  1025.8327    25.4791     7.1302     53.794   104.9398     0.0288      7.914     3.6788     5.2574    160.215    164.297      48783          7  0.000e+00
   56.17428 -134.40626    174.727     76.809     76.095     7.1371    32.5603  1025.8320    25.4798     7.1301     53.733   104.9398     0.0288      7.914     3.6746     5.2514    160.032    164.110      48784          7  0.000e+00
   56.17428 -134.40626    174.912     76.995     76.279     7.1373    32.5596  1025.8323    25.4793     7.1303     53.731   104.9398     0.0288      7.914     3.6745     5.2512    160.026    164.103      48785          7  0.000e+00
   56.17428 -134.40626    174.912     76.995     76.279     7.1373    32.5596  1025.8323    25.4793     7.1303     53.783   104.9398     0.0288      7.914     3.6781     5.2563    160.182    164.263      48786          7  0.000e+00
   56.17428 -134.40626    174.912     76.995     76.279     7.1375    32.5592  1025.8320    25.4790     7.1306     53.786   104.9398     0.0288      7.914     3.6783     5.2566    160.190    164.272      48787          7  0.000e+00
   56.17428 -134.40626    174.912     76.995     76.279     7.1373    32.5596  1025.8323    25.4793     7.1303     53.789   104.9398     0.0288      7.914     3.6785     5.2569    160.198    164.280      48788          7  0.000e+00
   56.17428 -134.40626    174.912     76.995     76.279     7.1374    32.5595  1025.8322    25.4792     7.1305     53.735   104.9398     0.0288      7.914     3.6747     5.2516    160.036    164.114      48789          7  0.000e+00
   56.17428 -134.40626    174.912     76.995     76.279     7.1373    32.5596  1025.8323    25.4792     7.1304     53.785   104.9398     0.0288      7.914     3.6782     5.2565    160.186    164.267      48790          7  0.000e+00
   56.17428 -134.40626    174.912     76.995     76.279     7.1373    32.5598  1025.8325    25.4795     7.1303     53.786   104.8838     0.0288      7.914     3.6782     5.2566    160.189    164.270      48791          7  0.000e+00
   56.17428 -134.40626    174.848     76.931     76.215     7.1374    32.5594  1025.8318    25.4791     7.1305     53.786   104.8559     0.0288      7.914     3.6782     5.2566    160.188    164.270      48792          7  0.000e+00
   56.17428 -134.40626    174.912     76.995     76.279     7.1373    32.5595  1025.8322    25.4792     7.1304     53.786   104.8559     0.0288      7.914     3.6782     5.2566    160.189    164.270      48793          7  0.000e+00
   56.17428 -134.40626    174.912     76.995     76.279     7.1373    32.5596  1025.8324    25.4793     7.1303     53.785   104.8559     0.0288      7.914     3.6782     5.2565    160.186    164.268      48794          7  0.000e+00
   56.17428 -134.40626    174.912     76.995     76.279     7.1374    32.5595  1025.8322    25.4792     7.1305     53.783   104.8559     0.0288      7.914     3.6781     5.2563    160.181    164.262      48795          7  0.000e+00
   56.17428 -134.40626    174.848     76.931     76.215     7.1375    32.5597  1025.8321    25.4793     7.1306     53.781   104.8559     0.0288      7.914     3.6779     5.2561    160.173    164.254      48796          7  0.000e+00
   56.17428 -134.40626    174.912     76.995     76.279     7.1373    32.5595  1025.8322    25.4792     7.1303     53.834   104.8559     0.0288      7.914     3.6816     5.2613    160.334    164.419      48797          7  0.000e+00
   56.17428 -134.40626    174.848     76.931     76.215     7.1368    32.5599  1025.8323    25.4795     7.1298     53.782   104.8559     0.0288      7.914     3.6780     5.2562    160.178    164.259      48798          7  0.000e+00
   56.17428 -134.40626    174.912     76.995     76.279     7.1368    32.5598  1025.8325    25.4795     7.1299     53.785   104.8559     0.0288      7.914     3.6783     5.2566    160.190    164.271      48799          7  0.000e+00
   56.17428 -134.40626    174.968     77.052     76.335     7.1366    32.5601  1025.8331    25.4798     7.1297     53.789   104.8559     0.0288      7.914     3.6785     5.2570    160.200    164.282      48800          7  0.000e+00
   56.17428 -134.40626    174.848     76.931     76.215     7.1366    32.5598  1025.8323    25.4796     7.1297     53.791   104.8559     0.0288      7.914     3.6786     5.2572    160.206    164.288      48801          7  0.000e+00
   56.17428 -134.40626    174.848     76.931     76.215     7.1368    32.5601  1025.8325    25.4798     7.1299     53.786   104.8559     0.0288      7.914     3.6783     5.2566    160.190    164.271      48802          7  0.000e+00
   56.17428 -134.40626    174.848     76.931     76.215     7.1373    32.5597  1025.8321    25.4794     7.1303     53.836   104.8838     0.0288      7.914     3.6817     5.2615    160.338    164.423      48803          7  0.000e+00
   56.17428 -134.40626    174.728     76.809     76.095     7.1373    32.5599  1025.8317    25.4795     7.1304     53.836   104.8838     0.0288      7.914     3.6816     5.2614    160.337    164.422      48804          7  0.000e+00
   56.17428 -134.40626    174.968     77.052     76.336     7.1376    32.5593  1025.8323    25.4790     7.1307     53.837   104.8559     0.0288      7.914     3.6817     5.2615    160.340    164.425      48805          7  0.000e+00
   56.17428 -134.40626    174.728     76.810     76.095     7.1384    32.5591  1025.8309    25.4787     7.1315     53.778   104.8559     0.0288      7.914     3.6776     5.2557    160.162    164.242      48806          7  0.000e+00
   56.17428 -134.40626    174.912     76.996     76.280     7.1388    32.5589  1025.8316    25.4785     7.1319     53.834   104.8838     0.0288      7.914     3.6814     5.2611    160.326    164.411      48807          7  0.000e+00
   56.17428 -134.40626    174.672     76.753     76.039     7.1392    32.5588  1025.8303    25.4784     7.1323     53.773   104.8559     0.0288      7.914     3.6773     5.2552    160.146    164.226      48808          7  0.000e+00
   56.17428 -134.40626    174.848     76.931     76.215     7.1394    32.5587  1025.8310    25.4783     7.1325     53.772   104.8559     0.0288      7.914     3.6771     5.2550    160.140    164.220      48809          7  0.000e+00
   56.17428 -134.40626    174.792     76.874     76.159     7.1398    32.5582  1025.8303    25.4778     7.1329     53.768   104.8559     0.0288      7.914     3.6769     5.2546    160.129    164.209      48810          7  0.000e+00
   56.17428 -134.40626    174.848     76.931     76.215     7.1398    32.5583  1025.8307    25.4779     7.1329     53.765   104.8838     0.0288      7.914     3.6767     5.2543    160.120    164.199      48811          7  0.000e+00
   56.17428 -134.40626    174.792     76.874     76.159     7.1401    32.5577  1025.8299    25.4774     7.1332     53.761   104.8838     0.0288      7.914     3.6764     5.2539    160.107    164.186      48812          7  0.000e+00
   56.17428 -134.40626    174.792     76.874     76.159     7.1403    32.5584  1025.8304    25.4779     7.1334     53.813   104.8838     0.0288      7.914     3.6799     5.2589    160.260    164.343      48813          7  0.000e+00
   56.17428 -134.40626    174.728     76.810     76.095     7.1410    32.5580  1025.8297    25.4775     7.1340     53.815   104.8838     0.0288      7.914     3.6800     5.2591    160.265    164.348      48814          7  0.000e+00
   56.17428 -134.40626    174.672     76.753     76.039     7.1410    32.5577  1025.8292    25.4772     7.1341     53.761   104.8838     0.0288      7.914     3.6763     5.2538    160.104    164.183      48815          7  0.000e+00
   56.17428 -134.40626    174.792     76.874     76.159     7.1415    32.5573  1025.8294    25.4769     7.1345     53.756   104.8838     0.0288      7.914     3.6759     5.2533    160.088    164.167      48816          7  0.000e+00
   56.17428 -134.40626    174.616     76.696     75.983     7.1415    32.5577  1025.8289    25.4772     7.1345     53.749   104.8838     0.0288      7.914     3.6754     5.2526    160.067    164.145      48817          7  0.000e+00
   56.17428 -134.40626    174.728     76.810     76.095     7.1412    32.5575  1025.8293    25.4771     7.1343     53.744   104.8838     0.0288      7.914     3.6751     5.2521    160.052    164.129      48818          7  0.000e+00
   56.17428 -134.40626    174.848     76.931     76.216     7.1411    32.5570  1025.8295    25.4767     7.1342     53.738   104.8838     0.0288      7.914     3.6747     5.2515    160.036    164.113      48819          7  0.000e+00
   56.17428 -134.40626    174.672     76.753     76.039     7.1412    32.5577  1025.8292    25.4772     7.1343     53.786   104.8838     0.0288      7.914     3.6780     5.2562    160.177    164.258      48820          7  0.000e+00
   56.17428 -134.40626    174.728     76.810     76.095     7.1412    32.5575  1025.8293    25.4771     7.1343     53.786   104.8838     0.0288      7.914     3.6780     5.2562    160.179    164.260      48821          7  0.000e+00
   56.17428 -134.40626    174.552     76.632     75.919     7.1419    32.5571  1025.8280    25.4767     7.1350     53.784   104.8838     0.0288      7.914     3.6778     5.2560    160.171    164.252      48822          7  0.000e+00
   56.17428 -134.40626    174.792     76.874     76.160     7.1426    32.5568  1025.8288    25.4763     7.1357     53.729   104.8838     0.0288      7.914     3.6740     5.2505    160.003    164.080      48823          7  0.000e+00
   56.17428 -134.40626    174.496     76.575     75.863     7.1432    32.5560  1025.8268    25.4757     7.1363     53.774   104.8838     0.0288      7.914     3.6770     5.2548    160.135    164.215      48824          7  0.000e+00
   56.17428 -134.40626    174.672     76.753     76.039     7.1432    32.5563  1025.8278    25.4759     7.1362     53.773   104.8838     0.0288      7.914     3.6769     5.2547    160.133    164.212      48825          7  0.000e+00
   56.17428 -134.40626    174.656     76.737     76.023     7.1439    32.5560  1025.8274    25.4755     7.1370     53.770   104.8838     0.0288      7.914     3.6767     5.2543    160.122    164.201      48826          7  0.000e+00
   56.17428 -134.40626    174.616     76.697     75.983     7.1447    32.5560  1025.8271    25.4754     7.1377     53.774   104.8838     0.0288      7.914     3.6769     5.2546    160.130    164.210      48827          7  0.000e+00
   56.17428 -134.40626    174.616     76.697     75.983     7.1449    32.5553  1025.8265    25.4749     7.1380     53.778   104.8838     0.0288      7.914     3.6772     5.2550    160.142    164.222      48828          7  0.000e+00
   56.17396 -134.40678    123.981     25.584     25.349     8.7382    31.8981  1024.8469    24.7304     8.7356     71.432   100.2969     1.0544      8.042     4.7314     6.7617    206.206    211.306      51963          8  0.000e+00
