EcoFOCI/data/1_SampleCollection/2022_GOA-OA_CruiseData/CTD_raw_BottleFile_RC0083/RC0083_037.ros
* Sea-Bird SBE 9 Data File:
* FileName = C:\Data\RC0083ctd\RC0083_037.hex
* Software Version Seasave V 7.26.7.107
* Temperature SN = 2060
* Conductivity SN = 1084
* Number of Bytes Per Scan = 31
* Number of Voltage Words = 4
* Number of Scans Averaged by the Deck Unit = 1
* NMEA Latitude = 58 04.74 N
* NMEA Longitude = 135 00.17 W
* NMEA UTC (Time) = Aug 18 2022  09:04:23
* NMEA baud rate = 4800
** Ship: R/V Rachel Carson
** Cruise ID: RC0083
** Tech: McHugh/Nomura
** Chief Scientist: Cross
** Station: UCA
** Cast:  CTD037
# nquan = 21
# nvalues = 392                                   
# units = specified
# name 0 = latitude: Latitude [deg]
# name 1 = longitude: Longitude [deg]
# name 2 = sfdSM: Seafloor depth [salt water, m]
# name 3 = prDM: Pressure, Digiquartz [db]
# name 4 = depSM: Depth [salt water, m]
# name 5 = t090C: Temperature [ITS-90, deg C]
# name 6 = sal00: Salinity, Practical [PSU]
# name 7 = density00: Density [density, kg/m^3]
# name 8 = sigma-é00: Density [sigma-theta, kg/m^3]
# name 9 = potemp090C: Potential Temperature [ITS-90, deg C]
# name 10 = sbeox0PS: Oxygen, SBE 43 [% saturation]
# name 11 = CStarTr0: Beam Transmission, WET Labs C-Star [%]
# name 12 = flECO-AFL: Fluorescence, WET Labs ECO-AFL/FL [mg/m^3]
# name 13 = ph: pH
# name 14 = sbeox0ML/L: Oxygen, SBE 43 [ml/l]
# name 15 = sbeox0Mg/L: Oxygen, SBE 43 [mg/l]
# name 16 = sbox0Mm/Kg: Oxygen, SBE 43 [umol/kg]
# name 17 = sbeox0Mm/L: Oxygen, SBE 43 [umol/l]
# name 18 = scan: Scan Count
# name 19 = nbf: Bottles Fired
# name 20 = flag:  0.000e+00
# interval = seconds: 0.0416667
# start_time = Aug 18 2022 09:04:23 [NMEA time, header]
# bad_flag = -9.990e-29
*END*
[from data line 345]
   58.07762 -134.99914    101.466      2.860      2.834    10.7563    28.6127  1021.8607    21.8477    10.7560     99.462    89.1653     3.1643      8.248     6.4359     9.1975    281.280    287.425      34035          8  0.000e+00
   58.07762 -134.99914    101.562      2.957      2.930    10.7566    28.6119  1021.8605    21.8471    10.7562     99.509    89.1653     3.1643      8.248     6.4389     9.2019    281.414    287.562      34036          8  0.000e+00
   58.07762 -134.99914    101.522      2.917      2.890    10.7573    28.6105  1021.8590    21.8458    10.7570     99.508    89.1653     3.1643      8.248     6.4388     9.2017    281.409    287.557      34037          8  0.000e+00
   58.07762 -134.99914    101.562      2.957      2.930    10.7580    28.6095  1021.8584    21.8449    10.7576     99.448    89.1932     3.1643      8.248     6.4349     9.1961    281.238    287.381      34038          8  0.000e+00
   58.07762 -134.99914    101.522      2.917      2.890    10.7578    28.6091  1021.8579    21.8447    10.7574     99.436    89.1932     3.1643      8.248     6.4341     9.1950    281.205    287.348      34039          8  0.000e+00
   58.07762 -134.99914    101.562      2.957      2.930    10.7580    28.6082  1021.8573    21.8439    10.7576     99.432    89.1932     3.1057      8.248     6.4339     9.1946    281.194    287.337      34040          8  0.000e+00
   58.07762 -134.99914    101.522      2.917      2.890    10.7582    28.6075  1021.8566    21.8433    10.7578     99.421    89.1932     2.9592      8.248     6.4332     9.1937    281.165    287.307      34041          8  0.000e+00
   58.07762 -134.99914    101.562      2.957      2.930    10.7586    28.6064  1021.8559    21.8425    10.7582     99.413    89.1932     2.9006      8.248     6.4326     9.1929    281.140    287.281      34042          8  0.000e+00
   58.07762 -134.99914    101.579      2.974      2.946    10.7594    28.6058  1021.8553    21.8418    10.7591     99.404    89.1932     2.9006      8.248     6.4320     9.1920    281.113    287.253      34043          8  0.000e+00
   58.07762 -134.99914    101.499      2.893      2.866    10.7598    28.6052  1021.8544    21.8413    10.7595     99.396    89.1932     2.9006      8.248     6.4314     9.1911    281.087    287.227      34044          8  0.000e+00
   58.07762 -134.99914    101.579      2.974      2.946    10.7603    28.6048  1021.8544    21.8409    10.7600     99.390    89.1932     2.9006      8.252     6.4310     9.1905    281.068    287.207      34045          8  0.000e+00
   58.07762 -134.99914    101.499      2.893      2.866    10.7601    28.6051  1021.8543    21.8412    10.7598     99.329    89.1932     2.9006      8.248     6.4270     9.1849    280.896    287.032      34046          8  0.000e+00
   58.07762 -134.99914    101.579      2.974      2.946    10.7599    28.6048  1021.8545    21.8410    10.7596     99.373    89.1932     2.9006      8.248     6.4299     9.1890    281.022    287.160      34047          8  0.000e+00
   58.07762 -134.99914    101.563      2.958      2.930    10.7596    28.6053  1021.8548    21.8414    10.7592     99.314    89.1932     2.9006      8.248     6.4262     9.1836    280.858    286.992      34048          8  0.000e+00
   58.07762 -134.99914    101.563      2.958      2.930    10.7599    28.6056  1021.8550    21.8416    10.7596     99.305    89.1932     2.9299      8.248     6.4255     9.1827    280.829    286.962      34049          8  0.000e+00
   58.07762 -134.99914    101.523      2.917      2.890    10.7604    28.6062  1021.8552    21.8420    10.7601     99.296    89.1932     2.9006      8.248     6.4248     9.1817    280.799    286.932      34050          8  0.000e+00
   58.07762 -134.99914    101.563      2.958      2.930    10.7594    28.6077  1021.8567    21.8433    10.7591     99.289    89.1932     2.9006      8.248     6.4245     9.1812    280.783    286.916      34051          8  0.000e+00
   58.07762 -134.99914    101.523      2.917      2.890    10.7591    28.6086  1021.8573    21.8441    10.7588     99.282    89.1932     2.9006      8.248     6.4240     9.1806    280.764    286.897      34052          8  0.000e+00
   58.07762 -134.99914    101.563      2.958      2.930    10.7591    28.6098  1021.8584    21.8450    10.7588     99.331    89.1932     2.9006      8.248     6.4272     9.1850    280.900    287.037      34053          8  0.000e+00
   58.07762 -134.99914    101.579      2.974      2.946    10.7590    28.6107  1021.8592    21.8457    10.7586     99.279    89.1932     2.9006      8.248     6.4238     9.1802    280.752    286.885      34054          8  0.000e+00
   58.07762 -134.99914    101.563      2.958      2.930    10.7574    28.6131  1021.8612    21.8478    10.7571     99.276    89.1932     2.9006      8.248     6.4236     9.1800    280.746    286.880      34055          8  0.000e+00
   58.07762 -134.99914    101.579      2.974      2.946    10.7558    28.6154  1021.8633    21.8499    10.7555     99.273    89.1932     2.9006      8.248     6.4236     9.1800    280.745    286.879      34056          8  0.000e+00
   58.07762 -134.99914    101.563      2.958      2.930    10.7549    28.6166  1021.8644    21.8510    10.7546     99.272    89.1932     2.9006      8.248     6.4236     9.1800    280.743    286.878      34057          8  0.000e+00
   58.07762 -134.99914    101.523      2.917      2.890    10.7555    28.6156  1021.8633    21.8501    10.7552     99.325    89.1932     2.9006      8.248     6.4270     9.1848    280.891    287.029      34058          8  0.000e+00
   58.07762 -134.99914    101.619      3.014      2.986    10.7568    28.6144  1021.8626    21.8489    10.7564     99.278    89.2212     2.9006      8.252     6.4238     9.1803    280.755    286.889      34059          8  0.000e+00
   58.07762 -134.99914    101.523      2.917      2.890    10.7558    28.6157  1021.8633    21.8501    10.7555     99.278    89.1932     2.9006      8.248     6.4239     9.1804    280.758    286.893      34060          8  0.000e+00
   58.07762 -134.99914    101.619      3.014      2.986    10.7556    28.6164  1021.8644    21.8507    10.7553     99.282    89.1932     2.9885      8.248     6.4242     9.1808    280.768    286.903      34061          8  0.000e+00
   58.07762 -134.99914    101.523      2.917      2.890    10.7555    28.6170  1021.8644    21.8512    10.7552     99.284    89.1932     3.0471      8.248     6.4243     9.1810    280.774    286.909      34062          8  0.000e+00
   58.07762 -134.99914    101.563      2.958      2.930    10.7555    28.6171  1021.8646    21.8512    10.7552     99.289    89.1932     3.0471      8.248     6.4246     9.1814    280.787    286.922      34063          8  0.000e+00
   58.07762 -134.99914    101.579      2.974      2.946    10.7556    28.6166  1021.8644    21.8509    10.7553     99.294    89.2212     3.0471      8.248     6.4250     9.1819    280.803    286.939      34064          8  0.000e+00
   58.07762 -134.99914    101.563      2.958      2.930    10.7551    28.6168  1021.8645    21.8511    10.7548     99.300    89.1932     3.0471      8.248     6.4254     9.1826    280.823    286.959      34065          8  0.000e+00
   58.07762 -134.99914    101.579      2.974      2.946    10.7548    28.6171  1021.8649    21.8514    10.7545     99.302    89.2212     3.0471      8.248     6.4255     9.1827    280.828    286.964      34066          8  0.000e+00
   58.07762 -134.99914    101.619      3.014      2.986    10.7548    28.6166  1021.8646    21.8510    10.7545     99.310    89.2212     3.0471      8.248     6.4261     9.1836    280.853    286.990      34067          8  0.000e+00
   58.07762 -134.99914    101.563      2.958      2.930    10.7551    28.6164  1021.8642    21.8508    10.7547     99.319    89.2212     3.0471      8.248     6.4266     9.1843    280.876    287.013      34068          8  0.000e+00
   58.07762 -134.99912    101.523      2.917      2.890    10.7553    28.6157  1021.8635    21.8502    10.7550     99.382    89.2212     3.0471      8.248     6.4307     9.1902    281.056    287.197      34069          8  0.000e+00
   58.07762 -134.99912    101.619      3.014      2.986    10.7553    28.6151  1021.8635    21.8498    10.7549     99.347    89.2212     3.0471      8.248     6.4285     9.1869    280.956    287.095      34070          8  0.000e+00
   58.07762 -134.99912    101.523      2.917      2.890    10.7548    28.6151  1021.8630    21.8498    10.7545     99.357    89.2212     3.0471      8.248     6.4292     9.1880    280.989    287.129      34071          8  0.000e+00
   58.07762 -134.99912    101.563      2.958      2.930    10.7544    28.6149  1021.8631    21.8497    10.7541     99.365    89.2212     3.0471      8.252     6.4297     9.1887    281.012    287.152      34072          8  0.000e+00
   58.07762 -134.99912    101.579      2.974      2.946    10.7551    28.6137  1021.8622    21.8487    10.7548     99.378    89.1932     3.0471      8.248     6.4306     9.1899    281.049    287.190      34073          8  0.000e+00
   58.07762 -134.99912    101.563      2.958      2.930    10.7553    28.6131  1021.8616    21.8482    10.7549     99.387    89.2212     3.0471      8.248     6.4311     9.1907    281.073    287.214      34074          8  0.000e+00
   58.07762 -134.99912    101.579      2.974      2.946    10.7555    28.6127  1021.8613    21.8479    10.7551     99.450    89.2212     3.0471      8.248     6.4352     9.1965    281.251    287.396      34075          8  0.000e+00
   58.07762 -134.99912    101.563      2.958      2.930    10.7556    28.6122  1021.8608    21.8474    10.7553     99.465    89.2212     3.0471      8.252     6.4362     9.1980    281.295    287.441      34076          8  0.000e+00
   58.07762 -134.99912    101.579      2.974      2.946    10.7563    28.6109  1021.8598    21.8463    10.7560     99.428    89.1932     3.0471      8.248     6.4337     9.1944    281.187    287.330      34077          8  0.000e+00
   58.07762 -134.99912    101.563      2.958      2.930    10.7561    28.6105  1021.8594    21.8460    10.7558     99.486    89.1932     3.0471      8.248     6.4375     9.1999    281.354    287.501      34078          8  0.000e+00
   58.07762 -134.99912    101.523      2.918      2.890    10.7559    28.6102  1021.8590    21.8458    10.7556     99.503    89.1653     3.0471      8.248     6.4387     9.2015    281.403    287.551      34079          8  0.000e+00
   58.07762 -134.99912    101.563      2.958      2.930    10.7563    28.6094  1021.8586    21.8452    10.7560     99.467    89.1373     3.0471      8.248     6.4363     9.1982    281.302    287.447      34080          8  0.000e+00
   58.07762 -134.99912    101.579      2.974      2.946    10.7563    28.6090  1021.8583    21.8449    10.7560     99.473    89.1373     3.0471      8.252     6.4368     9.1988    281.320    287.466      34081          8  0.000e+00
