EcoFOCI/data/1_SampleCollection/2022_GOA-OA_CruiseData/CTD_raw_BottleFile_RC0083/RC0083_024.ros
* Sea-Bird SBE 9 Data File:
* FileName = C:\Data\RC0083ctd\RC0083_024.hex
* Software Version Seasave V 7.26.7.107
* Temperature SN = 2060
* Conductivity SN = 1084
* Number of Bytes Per Scan = 31
* Number of Voltage Words = 4
* Number of Scans Averaged by the Deck Unit = 1
* NMEA Latitude = 56 36.41 N
* NMEA Longitude = 135 59.87 W
* NMEA UTC (Time) = Aug 14 2022  22:41:56
* NMEA baud rate = 4800
** Ship: R/V Rachel Carson
** Cruise ID: RC0083
** Tech: McHugh/Nomura
** Chief Scientist: Cross
** Station: SEC04
** Cast:  CTD024
# nquan = 21
# nvalues = 490                                   
# units = specified
# name 0 = latitude: Latitude [deg]
# name 1 = longitude: Longitude [deg]
# name 2 = sfdSM: Seafloor depth [salt water, m]
# name 3 = prDM: Pressure, Digiquartz [db]
# name 4 = depSM: Depth [salt water, m]
# name 5 = t090C: Temperature [ITS-90, deg C]
# name 6 = sal00: Salinity, Practical [PSU]
# name 7 = density00: Density [density, kg/m^3]
# name 8 = sigma-é00: Density [sigma-theta, kg/m^3]
# name 9 = potemp090C: Potential Temperature [ITS-90, deg C]
# name 10 = sbeox0PS: Oxygen, SBE 43 [% saturation]
# name 11 = CStarTr0: Beam Transmission, WET Labs C-Star [%]
# name 12 = flECO-AFL: Fluorescence, WET Labs ECO-AFL/FL [mg/m^3]
# name 13 = ph: pH
# name 14 = sbeox0ML/L: Oxygen, SBE 43 [ml/l]
# name 15 = sbeox0Mg/L: Oxygen, SBE 43 [mg/l]
# name 16 = sbox0Mm/Kg: Oxygen, SBE 43 [umol/kg]
# name 17 = sbeox0Mm/L: Oxygen, SBE 43 [umol/l]
# name 18 = scan: Scan Count
# name 19 = nbf: Bottles Fired
# name 20 = flag:  0.000e+00
# interval = seconds: 0.0416667
# start_time = Aug 14 2022 22:41:56 [NMEA time, header]
# bad_flag = -9.990e-29
*END*
[from data line 207]
   56.60882 -135.99610    198.954    101.273    100.321     6.4694    32.8905  1026.2938    25.8281     6.4607     67.013   106.8137    -0.0884      7.949     4.6439     6.6366    202.174    207.396      34364          5  0.000e+00
   56.60882 -135.99610    198.922    101.240    100.289     6.4696    32.8904  1026.2934    25.8279     6.4610     67.003   106.8137    -0.0884      7.949     4.6432     6.6356    202.146    207.367      34365          5  0.000e+00
   56.60882 -135.99610    198.898    101.216    100.265     6.4693    32.8903  1026.2933    25.8279     6.4606     66.994   106.8137    -0.0884      7.949     4.6426     6.6348    202.120    207.340      34366          5  0.000e+00
   56.60882 -135.99610    198.986    101.305    100.354     6.4699    32.8905  1026.2938    25.8281     6.4612     66.929   106.8137    -0.0884      7.949     4.6381     6.6282    201.920    207.136      34367          5  0.000e+00
   56.60882 -135.99610    198.898    101.216    100.265     6.4706    32.8903  1026.2932    25.8278     6.4619     66.912   106.8137    -0.0884      7.949     4.6368     6.6264    201.865    207.079      34368          5  0.000e+00
   56.60882 -135.99610    198.866    101.184    100.233     6.4711    32.8907  1026.2933    25.8280     6.4624     66.952   106.8137    -0.0884      7.949     4.6395     6.6303    201.983    207.200      34369          5  0.000e+00
   56.60882 -135.99610    198.898    101.216    100.265     6.4706    32.8921  1026.2946    25.8292     6.4619     66.944   106.8137    -0.0884      7.949     4.6390     6.6295    201.960    207.176      34370          5  0.000e+00
   56.60882 -135.99610    198.866    101.184    100.233     6.4722    32.8922  1026.2943    25.8291     6.4635     66.935   106.8137    -0.0884      7.949     4.6382     6.6284    201.925    207.140      34371          5  0.000e+00
   56.60882 -135.99610    198.898    101.216    100.265     6.4746    32.8912  1026.2934    25.8280     6.4660     66.927   106.8137    -0.0884      7.949     4.6373     6.6272    201.889    207.104      34372          5  0.000e+00
   56.60882 -135.99610    198.810    101.127    100.177     6.4761    32.8910  1026.2926    25.8276     6.4674     66.869   106.8137    -0.0884      7.949     4.6332     6.6213    201.708    206.918      34373          5  0.000e+00
   56.60882 -135.99610    198.810    101.127    100.177     6.4774    32.8905  1026.2920    25.8271     6.4687     66.861   106.8137    -0.0884      7.949     4.6325     6.6204    201.680    206.889      34374          5  0.000e+00
   56.60882 -135.99610    198.842    101.160    100.209     6.4782    32.8905  1026.2921    25.8270     6.4695     66.854   106.8137    -0.0884      7.949     4.6320     6.6196    201.656    206.865      34375          5  0.000e+00
   56.60882 -135.99610    198.810    101.127    100.177     6.4790    32.8901  1026.2915    25.8265     6.4704     66.848   106.8137    -0.0884      7.949     4.6315     6.6188    201.633    206.841      34376          5  0.000e+00
   56.60882 -135.99610    198.778    101.095    100.145     6.4793    32.8905  1026.2916    25.8268     6.4706     66.842   106.8137    -0.0884      7.949     4.6310     6.6182    201.614    206.821      34377          5  0.000e+00
   56.60882 -135.99610    198.810    101.127    100.177     6.4794    32.8906  1026.2918    25.8269     6.4708     66.894   106.8137    -0.0884      7.949     4.6346     6.6233    201.770    206.981      34378          5  0.000e+00
   56.60882 -135.99610    198.722    101.038    100.089     6.4801    32.8903  1026.2911    25.8265     6.4714     66.840   106.8137    -0.0884      7.949     4.6308     6.6178    201.604    206.811      34379          5  0.000e+00
   56.60882 -135.99610    198.746    101.063    100.113     6.4801    32.8908  1026.2916    25.8269     6.4714     66.836   106.8417    -0.0884      7.949     4.6305     6.6175    201.592    206.799      34380          5  0.000e+00
   56.60882 -135.99610    198.722    101.038    100.089     6.4802    32.8904  1026.2911    25.8266     6.4716     66.833   106.8417    -0.0884      7.949     4.6303     6.6171    201.582    206.788      34381          5  0.000e+00
   56.60882 -135.99610    198.746    101.063    100.113     6.4802    32.8904  1026.2913    25.8266     6.4716     66.887   106.8417    -0.0884      7.949     4.6340     6.6225    201.745    206.955      34382          5  0.000e+00
   56.60882 -135.99610    198.658    100.974    100.025     6.4804    32.8900  1026.2905    25.8263     6.4717     66.835   106.8417    -0.0884      7.949     4.6304     6.6173    201.588    206.795      34383          5  0.000e+00
   56.60882 -135.99610    198.690    101.006    100.057     6.4802    32.8906  1026.2911    25.8268     6.4716     66.834   106.8417    -0.0884      7.949     4.6303     6.6172    201.584    206.791      34384          5  0.000e+00
   56.60882 -135.99610    198.602    100.917     99.969     6.4802    32.8904  1026.2906    25.8266     6.4716     66.832   106.8417    -0.0884      7.949     4.6302     6.6170    201.579    206.785      34385          5  0.000e+00
   56.60882 -135.99610    198.746    101.063    100.113     6.4802    32.8900  1026.2909    25.8263     6.4716     66.833   106.8417    -0.0884      7.949     4.6303     6.6172    201.583    206.789      34386          5  0.000e+00
   56.60882 -135.99610    198.602    100.917     99.969     6.4801    32.8901  1026.2904    25.8264     6.4714     66.832   106.8417    -0.0884      7.949     4.6302     6.6171    201.580    206.787      34387          5  0.000e+00
   56.60882 -135.99610    198.626    100.942     99.993     6.4799    32.8897  1026.2902    25.8261     6.4713     66.890   106.8417    -0.0884      7.949     4.6343     6.6228    201.756    206.967      34388          5  0.000e+00
   56.60882 -135.99610    198.658    100.974    100.025     6.4799    32.8896  1026.2903    25.8260     6.4713     66.843   106.8417    -0.0884      7.949     4.6310     6.6182    201.614    206.820      34389          5  0.000e+00
   56.60882 -135.99610    198.570    100.885     99.937     6.4796    32.8898  1026.2901    25.8262     6.4709     66.900   106.8417    -0.0884      7.949     4.6350     6.6239    201.789    207.001      34390          5  0.000e+00
   56.60882 -135.99610    198.602    100.917     99.969     6.4797    32.8894  1026.2899    25.8259     6.4711     66.911   106.8417    -0.0884      7.949     4.6357     6.6249    201.820    207.032      34391          5  0.000e+00
   56.60882 -135.99610    198.570    100.885     99.937     6.4798    32.8893  1026.2896    25.8258     6.4712     66.921   106.8417    -0.0884      7.949     4.6364     6.6259    201.850    207.063      34392          5  0.000e+00
   56.60882 -135.99610    198.546    100.861     99.913     6.4796    32.8899  1026.2900    25.8263     6.4709     66.931   106.8417    -0.0884      7.949     4.6372     6.6270    201.882    207.096      34393          5  0.000e+00
   56.60882 -135.99610    198.570    100.885     99.937     6.4796    32.8898  1026.2901    25.8262     6.4709     66.942   106.8417    -0.0884      7.949     4.6379     6.6281    201.916    207.130      34394          5  0.000e+00
   56.60882 -135.99610    198.546    100.861     99.913     6.4796    32.8900  1026.2901    25.8264     6.4709     66.953   106.8417    -0.0884      7.949     4.6387     6.6292    201.949    207.164      34395          5  0.000e+00
   56.60882 -135.99610    198.514    100.828     99.881     6.4796    32.8894  1026.2895    25.8259     6.4710     66.965   106.8417    -0.0884      7.949     4.6395     6.6303    201.984    207.200      34396          5  0.000e+00
   56.60882 -135.99610    198.546    100.861     99.913     6.4793    32.8897  1026.2899    25.8262     6.4707     66.977   106.8417    -0.0884      7.949     4.6404     6.6316    202.022    207.239      34397          5  0.000e+00
   56.60882 -135.99610    198.514    100.828     99.881     6.4793    32.8898  1026.2898    25.8262     6.4707     66.989   106.8417    -0.0591      7.949     4.6412     6.6327    202.058    207.276      34398          5  0.000e+00
   56.60882 -135.99610    198.482    100.796     99.849     6.4794    32.8894  1026.2894    25.8260     6.4708     67.001   106.8417    -0.0591      7.949     4.6420     6.6339    202.094    207.314      34399          5  0.000e+00
   56.60882 -135.99610    198.514    100.829     99.881     6.4793    32.8895  1026.2896    25.8260     6.4707     67.014   106.8417    -0.0591      7.949     4.6430     6.6353    202.135    207.355      34400          5  0.000e+00
   56.60882 -135.99610    198.546    100.861     99.913     6.4793    32.8896  1026.2898    25.8261     6.4707     67.076   106.8417    -0.0591      7.949     4.6473     6.6414    202.322    207.547      34401          5  0.000e+00
   56.60888 -135.99608    174.054     76.133     75.422     6.6459    32.4996  1025.8470    25.4969     6.6394     82.567   106.7857    -0.0298      8.050     5.7131     8.1647    248.805    255.149      35926          6  0.000e+00
   56.60888 -135.99608    174.175     76.254     75.542     6.6462    32.4990  1025.8470    25.4964     6.6396     82.561   106.7857    -0.0298      8.050     5.7127     8.1640    248.787    255.130      35927          6  0.000e+00
   56.60888 -135.99608    174.175     76.254     75.542     6.6459    32.4995  1025.8474    25.4968     6.6394     82.554   106.7857    -0.0298      8.050     5.7122     8.1634    248.766    255.109      35928          6  0.000e+00
   56.60888 -135.99608    174.175     76.254     75.542     6.6463    32.4991  1025.8471    25.4965     6.6397     82.548   106.7857    -0.0298      8.050     5.7118     8.1627    248.745    255.087      35929          6  0.000e+00
   56.60888 -135.99608    174.239     76.319     75.606     6.6463    32.4988  1025.8471    25.4962     6.6397     82.542   106.7857    -0.0298      8.050     5.7114     8.1621    248.728    255.070      35930          6  0.000e+00
   56.60888 -135.99608    174.175     76.254     75.542     6.6458    32.4994  1025.8474    25.4968     6.6392     82.535   106.7857    -0.0298      8.050     5.7110     8.1615    248.710    255.051      35931          6  0.000e+00
   56.60888 -135.99608    174.055     76.133     75.422     6.6462    32.4994  1025.8468    25.4967     6.6396     82.528   106.7857    -0.0298      8.050     5.7104     8.1608    248.687    255.027      35932          6  0.000e+00
   56.60888 -135.99608    174.239     76.319     75.606     6.6461    32.4995  1025.8477    25.4968     6.6395     82.525   106.7857    -0.0298      8.050     5.7102     8.1604    248.677    255.017      35933          6  0.000e+00
   56.60888 -135.99608    174.175     76.254     75.542     6.6458    32.4998  1025.8477    25.4971     6.6392     82.519   106.7857    -0.0298      8.050     5.7098     8.1599    248.661    255.001      35934          6  0.000e+00
   56.60888 -135.99608    174.150     76.254     75.542     6.6461    32.4993  1025.8472    25.4966     6.6395     82.514   106.7857    -0.0298      8.050     5.7095     8.1594    248.645    254.985      35935          6  0.000e+00
   56.60888 -135.99608    174.119     76.197     75.486     6.6458    32.4997  1025.8474    25.4970     6.6392     82.509   106.7857    -0.0298      8.050     5.7091     8.1589    248.631    254.971      35936          6  0.000e+00
   56.60888 -135.99608    174.119     76.197     75.486     6.6456    32.5002  1025.8478    25.4974     6.6390     82.505   106.7857    -0.0298      8.050     5.7089     8.1586    248.619    254.958      35937          6  0.000e+00
   56.60888 -135.99608    174.159     76.238     75.526     6.6459    32.4991  1025.8470    25.4965     6.6394     82.502   106.8137    -0.0298      8.050     5.7086     8.1582    248.609    254.948      35938          6  0.000e+00
   56.60888 -135.99608    174.119     76.197     75.486     6.6459    32.4995  1025.8471    25.4968     6.6394     82.498   106.8137    -0.0298      8.050     5.7083     8.1578    248.596    254.935      35939          6  0.000e+00
   56.60888 -135.99608    174.175     76.254     75.542     6.6459    32.4996  1025.8475    25.4969     6.6394     82.495   106.8137    -0.0298      8.050     5.7082     8.1575    248.588    254.927      35940          6  0.000e+00
   56.60888 -135.99608    174.055     76.133     75.422     6.6459    32.4995  1025.8469    25.4968     6.6394     82.491   106.8137    -0.0298      8.050     5.7079     8.1571    248.576    254.914      35941          6  0.000e+00
   56.60888 -135.99608    174.119     76.197     75.486     6.6459    32.4996  1025.8472    25.4969     6.6394     82.489   106.8137    -0.0298      8.050     5.7078     8.1569    248.570    254.908      35942          6  0.000e+00
   56.60888 -135.99608    174.119     76.197     75.486     6.6459    32.4997  1025.8473    25.4970     6.6394     82.487   106.8137    -0.0298      8.050     5.7076     8.1567    248.564    254.901      35943          6  0.000e+00
   56.60888 -135.99608    174.119     76.198     75.486     6.6459    32.4997  1025.8473    25.4970     6.6394     82.485   106.7857    -0.0298      8.050     5.7075     8.1565    248.558    254.895      35944          6  0.000e+00
   56.60888 -135.99608    174.119     76.198     75.486     6.6459    32.4999  1025.8475    25.4971     6.6394     82.427   106.8137    -0.0298      8.050     5.7035     8.1508    248.383    254.716      35945          6  0.000e+00
   56.60888 -135.99608    174.119     76.198     75.486     6.6459    32.4995  1025.8472    25.4969     6.6394     82.427   106.8137    -0.0298      8.050     5.7034     8.1508    248.382    254.715      35946          6  0.000e+00
   56.60888 -135.99608    174.055     76.133     75.422     6.6461    32.4995  1025.8468    25.4968     6.6395     82.418   106.8137    -0.0298      8.050     5.7028     8.1499    248.356    254.688      35947          6  0.000e+00
   56.60888 -135.99608    174.119     76.198     75.486     6.6458    32.4998  1025.8474    25.4971     6.6392     82.420   106.8137    -0.0298      8.050     5.7030     8.1501    248.362    254.695      35948          6  0.000e+00
   56.60888 -135.99608    174.119     76.198     75.486     6.6459    32.4995  1025.8471    25.4968     6.6394     82.470   106.8137    -0.0298      8.050     5.7064     8.1551    248.513    254.850      35949          6  0.000e+00
   56.60888 -135.99608    174.055     76.133     75.422     6.6462    32.4996  1025.8469    25.4969     6.6396     82.471   106.8137    -0.0298      8.050     5.7065     8.1551    248.515    254.852      35950          6  0.000e+00
   56.60888 -135.99608    174.119     76.198     75.486     6.6459    32.4997  1025.8474    25.4970     6.6394     82.474   106.7857    -0.0298      8.050     5.7067     8.1555    248.525    254.862      35951          6  0.000e+00
   56.60888 -135.99608    174.055     76.133     75.422     6.6462    32.4997  1025.8470    25.4970     6.6396     82.484   106.8137    -0.0298      8.050     5.7074     8.1564    248.553    254.891      35952          6  0.000e+00
   56.60888 -135.99608    174.055     76.133     75.422     6.6459    32.5000  1025.8472    25.4972     6.6394     82.487   106.7857    -0.0298      8.050     5.7076     8.1567    248.564    254.901      35953          6  0.000e+00
   56.60888 -135.99608    174.175     76.254     75.543     6.6462    32.4997  1025.8476    25.4970     6.6396     82.492   106.7857    -0.0298      8.050     5.7079     8.1572    248.577    254.915      35954          6  0.000e+00
   56.60888 -135.99608    174.119     76.198     75.486     6.6458    32.5001  1025.8476    25.4973     6.6392     82.495   106.7857    -0.0298      8.050     5.7082     8.1575    248.589    254.927      35955          6  0.000e+00
