EcoFOCI/data/1_SampleCollection/2022_GOA-OA_CruiseData/CTD_raw_BottleFile_RC0083/RC0083_008.ros
* Sea-Bird SBE 9 Data File:
* FileName = C:\Data\RC0083ctd\RC0083_008.hex
* Software Version Seasave V 7.26.7.107
* Temperature SN = 2060
* Conductivity SN = 1084
* Number of Bytes Per Scan = 31
* Number of Voltage Words = 4
* Number of Scans Averaged by the Deck Unit = 1
* NMEA Latitude = 54 34.38 N
* NMEA Longitude = 134 44.60 W
* NMEA UTC (Time) = Aug 12 2022  15:42:24
* NMEA baud rate = 4800
** Ship: R/V Rachel Carson
** Cruise ID: RC0083 RC0083
** Tech: McHugh/Nomura
** Chief Scientist: Cross Cross
** Station: DE8
** Cast:  008
# nquan = 21
# nvalues = 490                                   
# units = specified
# name 0 = latitude: Latitude [deg]
# name 1 = longitude: Longitude [deg]
# name 2 = sfdSM: Seafloor depth [salt water, m]
# name 3 = prDM: Pressure, Digiquartz [db]
# name 4 = depSM: Depth [salt water, m]
# name 5 = t090C: Temperature [ITS-90, deg C]
# name 6 = sal00: Salinity, Practical [PSU]
# name 7 = density00: Density [density, kg/m^3]
# name 8 = sigma-é00: Density [sigma-theta, kg/m^3]
# name 9 = potemp090C: Potential Temperature [ITS-90, deg C]
# name 10 = sbeox0PS: Oxygen, SBE 43 [% saturation]
# name 11 = CStarTr0: Beam Transmission, WET Labs C-Star [%]
# name 12 = flECO-AFL: Fluorescence, WET Labs ECO-AFL/FL [mg/m^3]
# name 13 = ph: pH
# name 14 = sbeox0ML/L: Oxygen, SBE 43 [ml/l]
# name 15 = sbeox0Mg/L: Oxygen, SBE 43 [mg/l]
# name 16 = sbox0Mm/Kg: Oxygen, SBE 43 [umol/kg]
# name 17 = sbeox0Mm/L: Oxygen, SBE 43 [umol/l]
# name 18 = scan: Scan Count
# name 19 = nbf: Bottles Fired
# name 20 = flag:  0.000e+00
# interval = seconds: 0.0416667
# start_time = Aug 12 2022 15:42:24 [NMEA time, header]
# bad_flag = -9.990e-29
*END*
[from data line 276]
   54.57292 -134.74714    197.921    100.213     99.289     6.2359    32.4897  1026.0030    25.5414     6.2276     90.268   107.4850     0.0874      8.114     6.3063     9.0123    274.624    281.639      40246          6  0.000e+00
   54.57292 -134.74714    197.889    100.180     99.257     6.2372    32.4889  1026.0020    25.5405     6.2288     90.273   107.4850     0.0874      8.114     6.3065     9.0126    274.632    281.646      40247          6  0.000e+00
   54.57292 -134.74714    197.801    100.091     99.169     6.2374    32.4891  1026.0018    25.5407     6.2291     90.277   107.4850     0.0874      8.114     6.3067     9.0129    274.644    281.658      40248          6  0.000e+00
   54.57292 -134.74714    197.769    100.059     99.137     6.2381    32.4888  1026.0014    25.5404     6.2298     90.283   107.4850     0.0874      8.114     6.3070     9.0133    274.656    281.671      40249          6  0.000e+00
   54.57292 -134.74714    197.737    100.027     99.105     6.2386    32.4883  1026.0007    25.5399     6.2303     90.288   107.4850     0.0874      8.114     6.3074     9.0138    274.671    281.686      40250          6  0.000e+00
   54.57292 -134.74714    197.713    100.003     99.081     6.2390    32.4876  1026.0000    25.5393     6.2307     90.286   107.4850     0.0874      8.114     6.3072     9.0136    274.664    281.679      40251          6  0.000e+00
   54.57292 -134.74714    197.537     99.825     98.904     6.2394    32.4879  1025.9994    25.5395     6.2311     90.283   107.4850     0.0874      8.114     6.3068     9.0131    274.649    281.664      40252          6  0.000e+00
   54.57292 -134.74714    197.737    100.027     99.105     6.2394    32.4876  1026.0000    25.5393     6.2311     90.283   107.4850     0.0874      8.114     6.3069     9.0132    274.652    281.667      40253          6  0.000e+00
   54.57292 -134.74714    197.537     99.825     98.905     6.2395    32.4876  1025.9991    25.5393     6.2312     90.287   107.4850     0.0874      8.114     6.3072     9.0136    274.664    281.679      40254          6  0.000e+00
   54.57292 -134.74714    197.561     99.849     98.929     6.2395    32.4876  1025.9993    25.5393     6.2312     90.295   107.4570     0.0874      8.114     6.3077     9.0143    274.685    281.701      40255          6  0.000e+00
   54.57292 -134.74714    197.537     99.825     98.905     6.2397    32.4875  1025.9991    25.5392     6.2314     90.301   107.4570     0.0874      8.114     6.3081     9.0150    274.706    281.721      40256          6  0.000e+00
   54.57292 -134.74714    197.505     99.792     98.872     6.2398    32.4872  1025.9986    25.5389     6.2315     90.309   107.4570     0.0874      8.114     6.3086     9.0157    274.727    281.743      40257          6  0.000e+00
   54.57292 -134.74714    197.473     99.760     98.840     6.2397    32.4877  1025.9989    25.5393     6.2314     90.308   107.4570     0.0874      8.114     6.3086     9.0156    274.725    281.741      40258          6  0.000e+00
   54.57292 -134.74714    197.505     99.792     98.873     6.2401    32.4872  1025.9986    25.5389     6.2318     90.308   107.4570     0.0874      8.114     6.3085     9.0155    274.723    281.739      40259          6  0.000e+00
   54.57292 -134.74714    197.392     99.703     98.784     6.2400    32.4870  1025.9980    25.5387     6.2318     90.306   107.4570     0.0874      8.114     6.3085     9.0154    274.720    281.736      40260          6  0.000e+00
   54.57292 -134.74714    197.449     99.736     98.816     6.2400    32.4874  1025.9984    25.5390     6.2317     90.315   107.4570     0.0874      8.114     6.3090     9.0162    274.744    281.761      40261          6  0.000e+00
   54.57292 -134.74714    197.473     99.760     98.840     6.2400    32.4874  1025.9986    25.5390     6.2317     90.315   107.4570     0.0874      8.114     6.3090     9.0163    274.745    281.762      40262          6  0.000e+00
   54.57292 -134.74714    197.385     99.671     98.752     6.2399    32.4872  1025.9980    25.5389     6.2316     90.314   107.4570     0.0874      8.114     6.3090     9.0162    274.743    281.760      40263          6  0.000e+00
   54.57302 -134.74746    149.592     51.428     50.960     8.4400    32.3039  1025.3278    25.0934     8.4349    101.163   104.1846     1.0544      8.201     6.7278     9.6147    293.110    300.465      43634          7  0.000e+00
   54.57302 -134.74746    149.416     51.250     50.783     8.4415    32.3037  1025.3265    25.0929     8.4364    101.161   104.1846     1.0544      8.201     6.7275     9.6143    293.096    300.451      43635          7  0.000e+00
   54.57302 -134.74746    149.472     51.306     50.839     8.4418    32.3044  1025.3273    25.0935     8.4367    101.162   104.1846     1.0544      8.201     6.7275     9.6143    293.096    300.451      43636          7  0.000e+00
   54.57302 -134.74746    149.416     51.250     50.783     8.4433    32.3040  1025.3266    25.0930     8.4382    101.162   104.1846     1.0544      8.201     6.7273     9.6140    293.087    300.442      43637          7  0.000e+00
   54.57302 -134.74746    149.352     51.185     50.719     8.4442    32.3044  1025.3264    25.0931     8.4392    101.162   104.1846     1.0544      8.201     6.7271     9.6138    293.080    300.434      43638          7  0.000e+00
   54.57302 -134.74746    149.360     51.193     50.727     8.4452    32.3043  1025.3262    25.0929     8.4401    101.163   104.1846     1.0544      8.196     6.7270     9.6136    293.076    300.430      43639          7  0.000e+00
   54.57302 -134.74746    149.232     51.064     50.599     8.4461    32.3036  1025.3249    25.0922     8.4410    101.155   104.1846     1.0544      8.201     6.7264     9.6127    293.048    300.402      43640          7  0.000e+00
   54.57302 -134.74746    149.296     51.129     50.663     8.4461    32.3035  1025.3251    25.0921     8.4410    101.156   104.1846     1.0544      8.201     6.7265     9.6129    293.053    300.406      43641          7  0.000e+00
   54.57302 -134.74746    149.232     51.064     50.599     8.4461    32.3034  1025.3248    25.0921     8.4410    101.156   104.1846     1.0544      8.201     6.7265     9.6128    293.052    300.405      43642          7  0.000e+00
   54.57302 -134.74746    149.184     51.015     50.551     8.4456    32.3039  1025.3250    25.0925     8.4405    101.156   104.1846     1.0544      8.201     6.7265     9.6129    293.054    300.408      43643          7  0.000e+00
   54.57302 -134.74746    149.176     51.007     50.543     8.4458    32.3039  1025.3250    25.0925     8.4408    101.149   104.1846     1.0544      8.196     6.7261     9.6122    293.033    300.386      43644          7  0.000e+00
   54.57302 -134.74746    149.120     50.951     50.487     8.4451    32.3036  1025.3246    25.0924     8.4400    101.142   104.1846     1.0544      8.201     6.7257     9.6117    293.017    300.369      43645          7  0.000e+00
   54.57302 -134.74746    149.120     50.951     50.487     8.4447    32.3034  1025.3245    25.0923     8.4397    101.134   104.1846     1.0544      8.196     6.7253     9.6111    292.999    300.351      43646          7  0.000e+00
   54.57302 -134.74746    149.064     50.894     50.431     8.4439    32.3037  1025.3246    25.0926     8.4388    101.126   104.1846     1.0544      8.201     6.7248     9.6105    292.980    300.332      43647          7  0.000e+00
   54.57302 -134.74746    149.000     50.830     50.367     8.4436    32.3032  1025.3239    25.0923     8.4386    101.125   104.1846     1.0544      8.201     6.7248     9.6104    292.979    300.331      43648          7  0.000e+00
   54.57302 -134.74746    149.000     50.830     50.367     8.4429    32.3040  1025.3247    25.0930     8.4379    101.117   104.1846     1.0251      8.196     6.7244     9.6098    292.960    300.311      43649          7  0.000e+00
   54.57302 -134.74746    148.879     50.708     50.247     8.4429    32.3042  1025.3243    25.0932     8.4379    101.108   104.1846     0.9958      8.201     6.7237     9.6089    292.931    300.282      43650          7  0.000e+00
   54.57302 -134.74746    148.944     50.773     50.311     8.4431    32.3042  1025.3246    25.0931     8.4381    101.100   104.1846     0.9958      8.196     6.7232     9.6081    292.908    300.258      43651          7  0.000e+00
   54.57302 -134.74746    148.823     50.652     50.191     8.4441    32.3047  1025.3242    25.0934     8.4391    101.097   104.1846     0.9958      8.201     6.7228     9.6076    292.891    300.241      43652          7  0.000e+00
   54.57302 -134.74746    148.888     50.717     50.255     8.4452    32.3047  1025.3244    25.0932     8.4402    101.096   104.1846     0.9958      8.201     6.7226     9.6073    292.882    300.231      43653          7  0.000e+00
   54.57302 -134.74746    148.759     50.587     50.127     8.4461    32.3043  1025.3233    25.0927     8.4410    101.093   104.1846     0.9958      8.201     6.7223     9.6068    292.868    300.217      43654          7  0.000e+00
   54.57302 -134.74746    148.767     50.595     50.135     8.4464    32.3039  1025.3230    25.0924     8.4414    101.092   104.1846     0.9958      8.196     6.7221     9.6066    292.862    300.211      43655          7  0.000e+00
   54.57302 -134.74746    148.703     50.531     50.071     8.4465    32.3042  1025.3229    25.0926     8.4415    101.089   104.1846     0.9958      8.201     6.7220     9.6063    292.854    300.203      43656          7  0.000e+00
   54.57302 -134.74746    148.767     50.595     50.135     8.4470    32.3041  1025.3230    25.0924     8.4420    101.144   104.1846     0.9958      8.201     6.7255     9.6114    293.009    300.361      43657          7  0.000e+00
   54.57302 -134.74746    148.647     50.474     50.015     8.4477    32.3043  1025.3225    25.0925     8.4426    101.092   104.1846     0.9958      8.196     6.7220     9.6064    292.855    300.203      43658          7  0.000e+00
   54.57302 -134.74746    148.647     50.474     50.015     8.4485    32.3044  1025.3225    25.0924     8.4435    101.090   104.1846     0.9958      8.201     6.7217     9.6060    292.844    300.192      43659          7  0.000e+00
   54.57302 -134.74746    148.583     50.409     49.951     8.4490    32.3042  1025.3219    25.0922     8.4440    101.087   104.1846     0.9958      8.201     6.7215     9.6057    292.833    300.181      43660          7  0.000e+00
   54.57302 -134.74746    148.591     50.418     49.959     8.4488    32.3045  1025.3223    25.0925     8.4437    101.141   104.1846     0.9958      8.196     6.7251     9.6108    292.989    300.341      43661          7  0.000e+00
   54.57302 -134.74746    148.527     50.353     49.895     8.4493    32.3042  1025.3217    25.0922     8.4442    101.090   104.1846     0.9958      8.196     6.7216     9.6058    292.838    300.186      43662          7  0.000e+00
   54.57302 -134.74746    148.591     50.418     49.959     8.4495    32.3044  1025.3221    25.0923     8.4444    101.144   104.1846     0.9958      8.201     6.7251     9.6109    292.993    300.345      43663          7  0.000e+00
   54.57302 -134.74746    148.463     50.288     49.831     8.4502    32.3043  1025.3213    25.0921     8.4452    101.091   104.1846     0.9958      8.201     6.7215     9.6058    292.836    300.184      43664          7  0.000e+00
   54.57302 -134.74746    148.471     50.296     49.839     8.4507    32.3042  1025.3212    25.0920     8.4457    101.089   104.1846     0.9958      8.201     6.7213     9.6054    292.827    300.174      43665          7  0.000e+00
   54.57302 -134.74746    148.463     50.288     49.831     8.4505    32.3036  1025.3207    25.0915     8.4455    101.087   104.1846     0.9665      8.201     6.7212     9.6053    292.823    300.170      43666          7  0.000e+00
   54.57302 -134.74746    148.415     50.240     49.783     8.4501    32.3035  1025.3205    25.0915     8.4451    101.084   104.1846     0.9958      8.201     6.7211     9.6051    292.817    300.164      43667          7  0.000e+00
   54.57302 -134.74746    148.463     50.288     49.831     8.4495    32.3042  1025.3214    25.0922     8.4445    101.082   104.1846     0.9958      8.196     6.7211     9.6051    292.815    300.163      43668          7  0.000e+00
   54.57302 -134.74746    148.327     50.175     49.719     8.4491    32.3043  1025.3209    25.0923     8.4441    101.079   104.1846     0.9958      8.201     6.7209     9.6048    292.807    300.154      43669          7  0.000e+00
   54.57302 -134.74746    148.407     50.232     49.775     8.4493    32.3041  1025.3210    25.0921     8.4443    101.084   104.1846     1.0544      8.201     6.7212     9.6053    292.822    300.169      43670          7  0.000e+00
   54.57302 -134.74746    148.415     50.240     49.783     8.4491    32.3048  1025.3216    25.0927     8.4441    101.082   104.1846     1.0837      8.201     6.7211     9.6051    292.816    300.164      43671          7  0.000e+00
   54.57302 -134.74746    148.351     50.175     49.719     8.4490    32.3045  1025.3211    25.0924     8.4440    101.080   104.1567     1.0837      8.201     6.7209     9.6049    292.810    300.157      43672          7  0.000e+00
   54.57302 -134.74746    148.351     50.175     49.719     8.4490    32.3043  1025.3210    25.0923     8.4440    101.085   104.1846     1.0837      8.201     6.7213     9.6054    292.825    300.173      43673          7  0.000e+00
   54.57302 -134.74746    148.351     50.175     49.719     8.4488    32.3042  1025.3210    25.0923     8.4438    101.083   104.1846     1.0837      8.201     6.7212     9.6053    292.822    300.169      43674          7  0.000e+00
   54.57302 -134.74746    148.351     50.175     49.719     8.4486    32.3045  1025.3212    25.0925     8.4436    101.081   104.1846     1.0837      8.201     6.7211     9.6051    292.817    300.165      43675          7  0.000e+00
   54.57302 -134.74746    148.351     50.175     49.719     8.4486    32.3045  1025.3212    25.0925     8.4436    101.087   104.1846     1.0837      8.201     6.7215     9.6056    292.833    300.181      43676          7  0.000e+00
   54.57302 -134.74746    148.351     50.175     49.719     8.4483    32.3046  1025.3213    25.0927     8.4434    101.141   104.1846     1.0837      8.201     6.7251     9.6108    292.990    300.342      43677          7  0.000e+00
   54.57302 -134.74746    148.351     50.175     49.719     8.4481    32.3045  1025.3213    25.0926     8.4431    101.153   104.1846     1.0837      8.196     6.7259     9.6120    293.028    300.381      43678          7  0.000e+00
   54.57302 -134.74746    148.327     50.175     49.719     8.4480    32.3044  1025.3212    25.0925     8.4430    101.110   104.1846     1.0837      8.201     6.7231     9.6080    292.905    300.255      43679          7  0.000e+00
   54.57302 -134.74746    148.351     50.175     49.719     8.4475    32.3043  1025.3212    25.0925     8.4425    101.109   104.1846     1.0837      8.201     6.7231     9.6080    292.905    300.254      43680          7  0.000e+00
   54.57302 -134.74746    148.351     50.175     49.719     8.4469    32.3048  1025.3217    25.0930     8.4419    101.108   104.1846     1.0837      8.201     6.7231     9.6080    292.904    300.254      43681          7  0.000e+00
   54.57302 -134.74746    148.408     50.232     49.775     8.4470    32.3044  1025.3216    25.0927     8.4420    101.162   104.1846     1.0837      8.196     6.7267     9.6132    293.061    300.415      43682          7  0.000e+00
   54.57312 -134.74782    122.899     24.488     24.267    14.9012    32.0627  1023.8388    23.7304    14.8976    102.180    97.6678     2.7834      8.309     5.9344     8.4808    258.886    265.030      46093          8  0.000e+00
