EcoFOCI/data/1_SampleCollection/2022_GOA-OA_CruiseData/CTD_raw_BottleFile_RC0083/RC0083_023.ros
* Sea-Bird SBE 9 Data File:
* FileName = C:\Data\RC0083ctd\RC0083_023.hex
* Software Version Seasave V 7.26.7.107
* Temperature SN = 2060
* Conductivity SN = 1084
* Number of Bytes Per Scan = 31
* Number of Voltage Words = 4
* Number of Scans Averaged by the Deck Unit = 1
* NMEA Latitude = 56 41.50 N
* NMEA Longitude = 135 44.84 W
* NMEA UTC (Time) = Aug 14 2022  21:02:40
* NMEA baud rate = 4800
** Ship: R/V Rachel Carson
** Cruise ID: RC0083
** Tech: McHugh/Nomura
** Chief Scientist: Cross
** Station: SEC03
** Cast:  CTD023
# nquan = 21
# nvalues = 392                                   
# units = specified
# name 0 = latitude: Latitude [deg]
# name 1 = longitude: Longitude [deg]
# name 2 = sfdSM: Seafloor depth [salt water, m]
# name 3 = prDM: Pressure, Digiquartz [db]
# name 4 = depSM: Depth [salt water, m]
# name 5 = t090C: Temperature [ITS-90, deg C]
# name 6 = sal00: Salinity, Practical [PSU]
# name 7 = density00: Density [density, kg/m^3]
# name 8 = sigma-é00: Density [sigma-theta, kg/m^3]
# name 9 = potemp090C: Potential Temperature [ITS-90, deg C]
# name 10 = sbeox0PS: Oxygen, SBE 43 [% saturation]
# name 11 = CStarTr0: Beam Transmission, WET Labs C-Star [%]
# name 12 = flECO-AFL: Fluorescence, WET Labs ECO-AFL/FL [mg/m^3]
# name 13 = ph: pH
# name 14 = sbeox0ML/L: Oxygen, SBE 43 [ml/l]
# name 15 = sbeox0Mg/L: Oxygen, SBE 43 [mg/l]
# name 16 = sbox0Mm/Kg: Oxygen, SBE 43 [umol/kg]
# name 17 = sbeox0Mm/L: Oxygen, SBE 43 [umol/l]
# name 18 = scan: Scan Count
# name 19 = nbf: Bottles Fired
# name 20 = flag:  0.000e+00
# interval = seconds: 0.0416667
# start_time = Aug 14 2022 21:02:40 [NMEA time, header]
# bad_flag = -9.990e-29
*END*
[from data line 345]
   56.69826 -135.75190     16.885      2.846      2.819    13.4938    31.3121  1023.4534    23.4407    13.4934    109.147    71.8804     6.3584      8.320     6.5531     9.3651    285.960    292.663      21197          8  0.000e+00
   56.69826 -135.75190     16.620      2.652      2.627    13.4938    31.3120  1023.4525    23.4406    13.4934    109.186    71.8804     6.3584      8.320     6.5555     9.3685    286.064    292.770      21198          8  0.000e+00
   56.69826 -135.75190     16.627      2.732      2.707    13.4936    31.3120  1023.4529    23.4407    13.4932    109.182    71.8804     6.3584      8.320     6.5553     9.3681    286.053    292.758      21199          8  0.000e+00
   56.69826 -135.75190     16.522      2.652      2.627    13.4936    31.3119  1023.4524    23.4406    13.4932    109.121    71.8804     6.3584      8.320     6.5516     9.3630    285.895    292.596      21200          8  0.000e+00
   56.69826 -135.75190     16.538      2.668      2.643    13.4934    31.3125  1023.4531    23.4412    13.4930    109.163    71.8804     6.3584      8.320     6.5541     9.3665    286.003    292.707      21201          8  0.000e+00
   56.69826 -135.75190     16.522      2.652      2.627    13.4936    31.3122  1023.4527    23.4409    13.4932    109.156    71.8804     6.3584      8.320     6.5537     9.3659    285.984    292.688      21202          8  0.000e+00
   56.69826 -135.75190     16.418      2.547      2.523    13.4936    31.3121  1023.4521    23.4408    13.4932    109.094    71.8804     6.3584      8.320     6.5500     9.3606    285.822    292.522      21203          8  0.000e+00
   56.69826 -135.75190     16.522      2.652      2.627    13.4938    31.3117  1023.4523    23.4404    13.4934    109.088    71.9084     6.3584      8.320     6.5496     9.3601    285.806    292.506      21204          8  0.000e+00
   56.69826 -135.75190     16.458      2.587      2.563    13.4938    31.3123  1023.4524    23.4409    13.4934    109.074    71.9084     6.3584      8.320     6.5488     9.3588    285.769    292.468      21205          8  0.000e+00
   56.69826 -135.75190     16.418      2.547      2.523    13.4939    31.3115  1023.4516    23.4403    13.4936    109.066    71.9084     6.3584      8.320     6.5483     9.3582    285.748    292.446      21206          8  0.000e+00
   56.69826 -135.75190     22.825      2.531      2.507    13.4941    31.3118  1023.4517    23.4404    13.4938    109.058    71.9084     6.3584      8.320     6.5478     9.3574    285.726    292.424      21207          8  0.000e+00
   56.69826 -135.75190     28.213      2.547      2.523    13.4939    31.3121  1023.4521    23.4407    13.4936    109.051    71.9084     6.3584      8.320     6.5474     9.3568    285.708    292.405      21208          8  0.000e+00
   56.69826 -135.75190     29.223      2.531      2.507    13.4939    31.3117  1023.4517    23.4404    13.4936    109.043    71.9084     6.3291      8.320     6.5469     9.3562    285.688    292.385      21209          8  0.000e+00
   56.69826 -135.75190     28.834      2.434      2.411    13.4938    31.3121  1023.4516    23.4407    13.4934    109.034    71.9084     6.2705      8.320     6.5464     9.3554    285.665    292.361      21210          8  0.000e+00
   56.69826 -135.75190     28.734      2.531      2.507    13.4938    31.3122  1023.4521    23.4408    13.4934    109.028    71.9084     6.2705      8.320     6.5460     9.3549    285.648    292.344      21211          8  0.000e+00
   56.69826 -135.75190     28.590      2.434      2.411    13.4938    31.3122  1023.4517    23.4408    13.4934    109.019    71.9084     6.2705      8.320     6.5455     9.3541    285.625    292.320      21212          8  0.000e+00
   56.69826 -135.75190     28.654      2.474      2.451    13.4939    31.3121  1023.4518    23.4408    13.4936    109.012    71.9084     6.2705      8.320     6.5450     9.3535    285.606    292.300      21213          8  0.000e+00
   56.69826 -135.75190     28.614      2.434      2.411    13.4939    31.3121  1023.4516    23.4407    13.4936    109.004    71.9084     6.2705      8.320     6.5445     9.3528    285.584    292.279      21214          8  0.000e+00
   56.69826 -135.75190     28.590      2.409      2.387    13.4938    31.3122  1023.4516    23.4409    13.4934    108.996    71.9084     6.2705      8.320     6.5441     9.3521    285.564    292.258      21215          8  0.000e+00
   56.69826 -135.75190     28.614      2.434      2.411    13.4939    31.3119  1023.4514    23.4406    13.4936    108.994    71.9084     6.2705      8.320     6.5440     9.3520    285.560    292.253      21216          8  0.000e+00
   56.69826 -135.75190     28.534      2.353      2.331    13.4938    31.3120  1023.4511    23.4406    13.4935    108.991    71.9084     6.2705      8.320     6.5438     9.3517    285.553    292.246      21217          8  0.000e+00
   56.69826 -135.75190     28.590      2.409      2.387    13.4939    31.3119  1023.4513    23.4406    13.4936    108.990    71.9084     6.2705      8.320     6.5437     9.3517    285.550    292.243      21218          8  0.000e+00
   56.69826 -135.75190     28.550      2.369      2.347    13.4938    31.3120  1023.4512    23.4406    13.4935    108.989    71.9084     6.2705      8.320     6.5436     9.3515    285.546    292.239      21219          8  0.000e+00
   56.69826 -135.75190     28.534      2.353      2.331    13.4938    31.3118  1023.4510    23.4405    13.4935    108.987    71.9084     6.2705      8.320     6.5436     9.3514    285.542    292.236      21220          8  0.000e+00
   56.69826 -135.75190     28.550      2.369      2.347    13.4938    31.3119  1023.4512    23.4406    13.4935    108.987    71.9084     6.2705      8.320     6.5435     9.3513    285.541    292.234      21221          8  0.000e+00
   56.69826 -135.75190     28.534      2.353      2.331    13.4938    31.3122  1023.4513    23.4408    13.4935    108.933    71.9084     6.2705      8.320     6.5403     9.3467    285.399    292.089      21222          8  0.000e+00
   56.69826 -135.75190     33.402      2.313      2.291    13.4936    31.3120  1023.4510    23.4407    13.4933    108.927    71.5448     6.2705      8.320     6.5399     9.3462    285.384    292.074      21223          8  0.000e+00
   56.69826 -135.75190     78.693      2.353      2.331    13.4936    31.3121  1023.4513    23.4408    13.4933    108.975    70.3981     6.2705      8.320     6.5428     9.3504    285.511    292.204      21224          8  0.000e+00
   56.69826 -135.75190    101.437      2.313      2.291    13.4939    31.3119  1023.4509    23.4406    13.4936    108.927    70.0065     6.2705      8.320     6.5400     9.3462    285.385    292.074      21225          8  0.000e+00
   56.69826 -135.75190    102.331      2.353      2.331    13.4939    31.3119  1023.4510    23.4405    13.4936    108.929    70.0065     6.2705      8.320     6.5401     9.3464    285.390    292.079      21226          8  0.000e+00
   56.69826 -135.75192    101.754      2.313      2.291    13.4936    31.3122  1023.4512    23.4408    13.4933    108.925    70.0345     6.2705      8.320     6.5399     9.3461    285.380    292.070      21227          8  0.000e+00
   56.69826 -135.75192    100.851      2.288      2.267    13.4936    31.3122  1023.4510    23.4408    13.4933    108.922    70.0625     6.2705      8.320     6.5396     9.3458    285.371    292.061      21228          8  0.000e+00
   56.69826 -135.75192    100.802      2.313      2.291    13.4936    31.3122  1023.4512    23.4408    13.4933    108.919    70.0625     6.2705      8.320     6.5395     9.3456    285.365    292.054      21229          8  0.000e+00
   56.69826 -135.75192    100.851      2.288      2.267    13.4934    31.3123  1023.4512    23.4410    13.4931    108.917    70.0625     6.2412      8.320     6.5394     9.3454    285.359    292.048      21230          8  0.000e+00
   56.69826 -135.75192    100.924      2.313      2.291    13.4939    31.3117  1023.4507    23.4404    13.4936    108.915    70.0625     6.2412      8.320     6.5392     9.3452    285.353    292.042      21231          8  0.000e+00
   56.69826 -135.75192    100.900      2.288      2.267    13.4938    31.3119  1023.4508    23.4406    13.4935    108.914    70.0625     6.2412      8.320     6.5391     9.3451    285.349    292.038      21232          8  0.000e+00
   56.69826 -135.75192    100.900      2.288      2.267    13.4938    31.3120  1023.4509    23.4407    13.4935    108.913    70.0625     6.2412      8.320     6.5391     9.3450    285.347    292.036      21233          8  0.000e+00
   56.69826 -135.75192    100.924      2.313      2.291    13.4939    31.3121  1023.4511    23.4407    13.4936    108.913    70.0625     6.2412      8.320     6.5391     9.3450    285.346    292.034      21234          8  0.000e+00
   56.69826 -135.75192    100.900      2.288      2.267    13.4944    31.3120  1023.4507    23.4405    13.4941    108.912    70.0625     6.2705      8.320     6.5390     9.3448    285.342    292.031      21235          8  0.000e+00
   56.69826 -135.75192    100.980      2.369      2.347    13.4949    31.3120  1023.4510    23.4404    13.4946    108.967    70.0625     6.2412      8.320     6.5422     9.3494    285.482    292.174      21236          8  0.000e+00
   56.69826 -135.75192    100.900      2.288      2.267    13.4953    31.3117  1023.4503    23.4401    13.4949    108.919    70.0625     6.2705      8.320     6.5393     9.3453    285.355    292.043      21237          8  0.000e+00
   56.69826 -135.75192    100.980      2.369      2.347    13.4954    31.3116  1023.4506    23.4401    13.4951    108.921    70.0625     6.2412      8.320     6.5394     9.3454    285.359    292.048      21238          8  0.000e+00
   56.69826 -135.75192    100.964      2.353      2.331    13.4960    31.3115  1023.4503    23.4398    13.4956    108.970    70.0625     6.2412      8.320     6.5422     9.3495    285.484    292.176      21239          8  0.000e+00
   56.69826 -135.75192    100.980      2.369      2.347    13.4956    31.3117  1023.4506    23.4400    13.4953    108.977    70.0625     6.2412      8.320     6.5427     9.3502    285.505    292.197      21240          8  0.000e+00
   56.69826 -135.75192    100.964      2.353      2.331    13.4954    31.3117  1023.4506    23.4401    13.4951    108.984    70.0625     6.2412      8.320     6.5431     9.3508    285.524    292.217      21241          8  0.000e+00
   56.69826 -135.75192    100.980      2.369      2.347    13.4951    31.3117  1023.4508    23.4402    13.4948    108.991    70.0625     6.2412      8.320     6.5436     9.3515    285.546    292.239      21242          8  0.000e+00
   56.69826 -135.75192    100.964      2.353      2.331    13.4946    31.3119  1023.4509    23.4404    13.4943    108.999    70.0065     6.2412      8.320     6.5441     9.3522    285.568    292.261      21243          8  0.000e+00
