EcoFOCI/data/1_SampleCollection/2022_GOA-OA_CruiseData/CTD_raw_BottleFile_RC0083/RC0083_039.ros
* Sea-Bird SBE 9 Data File:
* FileName = C:\Data\RC0083ctd\RC0083_039.hex
* Software Version Seasave V 7.26.7.107
* Temperature SN = 2060
* Conductivity SN = 1084
* Number of Bytes Per Scan = 31
* Number of Voltage Words = 4
* Number of Scans Averaged by the Deck Unit = 1
* NMEA Latitude = 58 14.18 N
* NMEA Longitude = 135 29.37 W
* NMEA UTC (Time) = Aug 18 2022  12:25:20
* NMEA baud rate = 4800
** Ship: R/V Rachel Carson
** Cruise ID: RC0083
** Tech: McHugh/Nomura
** Chief Scientist: Cross
** Station: ISB
** Cast:  CTD039
# nquan = 21
# nvalues = 196                                   
# units = specified
# name 0 = latitude: Latitude [deg]
# name 1 = longitude: Longitude [deg]
# name 2 = sfdSM: Seafloor depth [salt water, m]
# name 3 = prDM: Pressure, Digiquartz [db]
# name 4 = depSM: Depth [salt water, m]
# name 5 = t090C: Temperature [ITS-90, deg C]
# name 6 = sal00: Salinity, Practical [PSU]
# name 7 = density00: Density [density, kg/m^3]
# name 8 = sigma-é00: Density [sigma-theta, kg/m^3]
# name 9 = potemp090C: Potential Temperature [ITS-90, deg C]
# name 10 = sbeox0PS: Oxygen, SBE 43 [% saturation]
# name 11 = CStarTr0: Beam Transmission, WET Labs C-Star [%]
# name 12 = flECO-AFL: Fluorescence, WET Labs ECO-AFL/FL [mg/m^3]
# name 13 = ph: pH
# name 14 = sbeox0ML/L: Oxygen, SBE 43 [ml/l]
# name 15 = sbeox0Mg/L: Oxygen, SBE 43 [mg/l]
# name 16 = sbox0Mm/Kg: Oxygen, SBE 43 [umol/kg]
# name 17 = sbeox0Mm/L: Oxygen, SBE 43 [umol/l]
# name 18 = scan: Scan Count
# name 19 = nbf: Bottles Fired
# name 20 = flag:  0.000e+00
# interval = seconds: 0.0416667
# start_time = Aug 18 2022 12:25:20 [NMEA time, header]
# bad_flag = -9.990e-29
*END*
[from data line 138]
   58.23678 -135.49286    124.084     25.692     25.452     7.8475    30.0947  1023.5634    23.4455     7.8451     62.626    91.2070     0.3804      7.945     4.2823     6.1199    186.868    191.250      15908          3  0.000e+00
   58.23678 -135.49286    123.900     25.506     25.268     7.8482    30.0938  1023.5617    23.4447     7.8458     62.727    91.2070     0.3804      7.950     4.2892     6.1297    187.168    191.556      15909          3  0.000e+00
   58.23678 -135.49286    123.964     25.571     25.332     7.8486    30.0930  1023.5613    23.4440     7.8463     62.789    91.2070     0.3804      7.945     4.2934     6.1357    187.350    191.742      15910          3  0.000e+00
   58.23678 -135.49286    123.964     25.571     25.332     7.8487    30.0927  1023.5611    23.4437     7.8463     62.793    91.2070     0.3804      7.945     4.2937     6.1361    187.363    191.756      15911          3  0.000e+00
   58.23678 -135.49286    123.900     25.506     25.268     7.8489    30.0928  1023.5608    23.4437     7.8466     62.748    91.2070     0.3804      7.945     4.2906     6.1316    187.227    191.616      15912          3  0.000e+00
   58.23678 -135.49286    123.964     25.571     25.332     7.8486    30.0930  1023.5613    23.4440     7.8463     62.696    91.2070     0.3804      7.950     4.2870     6.1266    187.074    191.460      15913          3  0.000e+00
   58.23678 -135.49286    123.900     25.506     25.268     7.8488    30.0932  1023.5612    23.4441     7.8465     62.746    91.2070     0.3804      7.945     4.2905     6.1315    187.223    191.612      15914          3  0.000e+00
   58.23678 -135.49286    123.844     25.450     25.212     7.8487    30.0933  1023.5610    23.4441     7.8463     62.748    91.2070     0.3804      7.945     4.2906     6.1317    187.228    191.618      15915          3  0.000e+00
   58.23678 -135.49286    124.020     25.627     25.388     7.8486    30.0930  1023.5616    23.4440     7.8462     62.696    91.2070     0.3804      7.950     4.2870     6.1266    187.073    191.458      15916          3  0.000e+00
   58.23688 -135.49354    101.844      3.241      3.211    12.2613    24.8419  1018.6844    18.6697    12.2609    111.874    85.2216     4.1899      8.387     7.1772    10.2570    314.661    320.535      18793          4  0.000e+00
   58.23688 -135.49354    101.948      3.346      3.315    12.2620    24.8640  1018.7018    18.6867    12.2616    111.884    85.2216     4.1899      8.387     7.1768    10.2564    314.636    320.516      18794          4  0.000e+00
   58.23688 -135.49354    101.732      3.128      3.099    12.2623    24.8935  1018.7236    18.7094    12.2620    111.888    85.1937     4.1899      8.387     7.1757    10.2548    314.580    320.465      18795          4  0.000e+00
   58.23688 -135.49354    102.180      3.581      3.547    12.2620    24.9098  1018.7383    18.7221    12.2616    111.900    85.2216     4.1899      8.387     7.1757    10.2548    314.579    320.468      18796          4  0.000e+00
   58.23688 -135.49354    101.788      3.185      3.155    12.2583    24.9228  1018.7472    18.7328    12.2580    111.898    85.2216     4.1899      8.387     7.1756    10.2546    314.569    320.462      18797          4  0.000e+00
   58.23688 -135.49354    102.004      3.403      3.371    12.2565    24.9235  1018.7490    18.7336    12.2561    111.956    85.2216     4.1899      8.387     7.1796    10.2603    314.743    320.640      18798          4  0.000e+00
   58.23688 -135.49354    101.908      3.306      3.275    12.2568    24.9215  1018.7470    18.7320    12.2564    111.960    85.2216     4.1899      8.387     7.1798    10.2607    314.756    320.652      18799          4  0.000e+00
   58.23688 -135.49354    101.948      3.346      3.315    12.2566    24.9246  1018.7496    18.7344    12.2562    111.963    85.2216     4.1899      8.387     7.1799    10.2609    314.760    320.656      18800          4  0.000e+00
   58.23688 -135.49354    101.948      3.346      3.315    12.2568    24.9301  1018.7538    18.7387    12.2564    111.964    85.2216     4.1899      8.387     7.1797    10.2605    314.748    320.646      18801          4  0.000e+00
   58.23688 -135.49354    101.908      3.306      3.275    12.2560    24.9459  1018.7660    18.7511    12.2556    111.962    85.2216     4.1899      8.387     7.1790    10.2595    314.713    320.614      18802          4  0.000e+00
   58.23688 -135.49354    102.060      3.459      3.427    12.2499    24.9680  1018.7849    18.7692    12.2495    111.961    85.2216     4.1899      8.387     7.1789    10.2594    314.703    320.610      18803          4  0.000e+00
   58.23688 -135.49354    101.908      3.306      3.275    12.2475    24.9763  1018.7909    18.7760    12.2471    112.007    85.2216     4.4830      8.387     7.1818    10.2636    314.829    320.741      18804          4  0.000e+00
   58.23688 -135.49354    102.004      3.403      3.371    12.2400    24.9827  1018.7977    18.7823    12.2396    111.960    85.2216     4.6588      8.387     7.1796    10.2604    314.731    320.642      18805          4  0.000e+00
   58.23688 -135.49354    101.908      3.306      3.275    12.2202    25.0001  1018.8141    18.7991    12.2199    111.956    85.2216     4.6881      8.383     7.1817    10.2633    314.815    320.734      18806          4  0.000e+00
   58.23688 -135.49354    102.060      3.459      3.427    12.2110    25.0118  1018.8254    18.8098    12.2106    112.007    85.2216     4.6881      8.383     7.1858    10.2693    314.994    320.919      18807          4  0.000e+00
   58.23688 -135.49354    101.964      3.363      3.331    12.2196    25.0106  1018.8226    18.8074    12.2192    112.002    85.2216     4.6881      8.387     7.1843    10.2670    314.926    320.849      18808          4  0.000e+00
   58.23688 -135.49354    102.004      3.403      3.371    12.2304    25.0045  1018.8162    18.8008    12.2300    111.997    85.2216     4.6881      8.387     7.1826    10.2646    314.853    320.773      18809          4  0.000e+00
   58.23688 -135.49354    101.844      3.241      3.211    12.2331    25.0018  1018.8129    18.7982    12.2327    111.988    85.1657     4.6881      8.383     7.1817    10.2633    314.815    320.733      18810          4  0.000e+00
   58.23688 -135.49356    102.124      3.524      3.491    12.2354    25.0005  1018.8128    18.7968    12.2349    111.983    84.9699     4.6881      8.387     7.1811    10.2624    314.789    320.706      18811          4  0.000e+00
   58.23688 -135.49356    101.908      3.306      3.275    12.2379    25.0000  1018.8110    18.7960    12.2375    111.969    84.8860     4.6881      8.383     7.1798    10.2606    314.733    320.649      18812          4  0.000e+00
   58.23688 -135.49356    102.060      3.459      3.427    12.2185    25.0097  1018.8226    18.8069    12.2181    111.960    84.9140     4.6881      8.383     7.1817    10.2634    314.816    320.737      18813          4  0.000e+00
   58.23688 -135.49356    102.004      3.403      3.371    12.1920    25.0211  1018.8357    18.8202    12.1916    111.953    84.9140     4.6881      8.383     7.1848    10.2679    314.948    320.875      18814          4  0.000e+00
   58.23688 -135.49356    102.084      3.484      3.451    12.1813    25.0243  1018.8403    18.8246    12.1809    111.944    84.9140     4.6881      8.383     7.1858    10.2692    314.987    320.917      18815          4  0.000e+00
   58.23688 -135.49356    102.060      3.459      3.427    12.1849    25.0206  1018.8367    18.8211    12.1845    111.936    84.9140     4.6881      8.383     7.1849    10.2679    314.950    320.877      18816          4  0.000e+00
   58.23688 -135.49356    102.020      3.419      3.387    12.1948    25.0136  1018.8294    18.8140    12.1944    111.973    84.9140     4.6881      8.383     7.1861    10.2696    315.003    320.930      18817          4  0.000e+00
   58.23688 -135.49356    102.004      3.403      3.371    12.2108    25.0022  1018.8178    18.8024    12.2104    111.913    84.9140     4.6881      8.383     7.1802    10.2613    314.751    320.669      18818          4  0.000e+00
   58.23688 -135.49356    102.020      3.419      3.387    12.2204    24.9932  1018.8092    18.7937    12.2200    111.899    84.9140     4.6881      8.383     7.1783    10.2585    314.670    320.583      18819          4  0.000e+00
   58.23688 -135.49356    102.060      3.459      3.427    12.2312    24.9794  1018.7969    18.7812    12.2308    111.885    84.9140     4.6881      8.383     7.1763    10.2557    314.586    320.495      18820          4  0.000e+00
   58.23688 -135.49356    101.964      3.363      3.331    12.2424    24.9639  1018.7825    18.7673    12.2420    111.866    84.9140     4.6881      8.383     7.1741    10.2525    314.494    320.397      18821          4  0.000e+00
   58.23688 -135.49356    102.060      3.459      3.427    12.2481    24.9541  1018.7744    18.7587    12.2477    111.855    84.9140     4.6881      8.383     7.1730    10.2509    314.448    320.346      18822          4  0.000e+00
   58.23688 -135.49356    101.964      3.363      3.331    12.2518    24.9494  1018.7697    18.7544    12.2514    111.841    84.9140     4.6881      8.382     7.1717    10.2491    314.392    320.288      18823          4  0.000e+00
   58.23688 -135.49356    102.124      3.524      3.491    12.2558    24.9515  1018.7714    18.7554    12.2554    111.828    84.9140     4.5416      8.382     7.1702    10.2469    314.325    320.220      18824          4  0.000e+00
   58.23688 -135.49356    102.004      3.403      3.371    12.2562    24.9585  1018.7762    18.7607    12.2558    111.810    84.9140     4.4244      8.382     7.1687    10.2448    314.258    320.153      18825          4  0.000e+00
   58.23688 -135.49356    102.020      3.419      3.387    12.2527    24.9626  1018.7800    18.7645    12.2523    111.800    84.9140     4.3951      8.382     7.1683    10.2443    314.242    320.138      18826          4  0.000e+00
   58.23688 -135.49356    102.060      3.459      3.427    12.2525    24.9609  1018.7789    18.7632    12.2521    111.782    84.9140     4.3951      8.382     7.1673    10.2428    314.197    320.092      18827          4  0.000e+00
   58.23688 -135.49356    102.020      3.419      3.387    12.2512    24.9563  1018.7754    18.7599    12.2508    111.767    84.9140     4.3951      8.382     7.1668    10.2421    314.175    320.069      18828          4  0.000e+00
   58.23688 -135.49356    102.060      3.459      3.427    12.2505    24.9518  1018.7722    18.7566    12.2501    111.806    84.9140     4.4244      8.382     7.1696    10.2461    314.299    320.194      18829          4  0.000e+00
   58.23688 -135.49356    101.964      3.363      3.331    12.2525    24.9486  1018.7690    18.7538    12.2521    111.800    84.9140     4.4244      8.382     7.1690    10.2452    314.274    320.168      18830          4  0.000e+00
   58.23688 -135.49356    101.948      3.346      3.315    12.2537    24.9467  1018.7672    18.7521    12.2534    111.740    84.9420     4.3951      8.382     7.1651    10.2396    314.102    319.992      18831          4  0.000e+00
   58.23688 -135.49356    102.084      3.484      3.451    12.2560    24.9477  1018.7682    18.7524    12.2556    111.729    84.9699     4.3951      8.382     7.1640    10.2380    314.054    319.943      18832          4  0.000e+00
   58.23688 -135.49356    102.060      3.459      3.427    12.2581    24.9521  1018.7711    18.7555    12.2577    111.715    84.9699     4.3951      8.382     7.1625    10.2360    313.989    319.878      18833          4  0.000e+00
   58.23688 -135.49356    101.908      3.306      3.275    12.2593    24.9535  1018.7713    18.7563    12.2589    111.757    84.9699     4.4244      8.387     7.1650    10.2395    314.098    319.989      18834          4  0.000e+00
   58.23688 -135.49356    102.180      3.581      3.547    12.2595    24.9560  1018.7745    18.7582    12.2591    111.757    84.9699     4.3951      8.382     7.1648    10.2393    314.090    319.982      18835          4  0.000e+00
   58.23688 -135.49356    101.908      3.306      3.275    12.2595    24.9679  1018.7824    18.7675    12.2591    111.748    84.9699     4.4244      8.387     7.1637    10.2377    314.039    319.933      18836          4  0.000e+00
   58.23688 -135.49356    102.124      3.524      3.491    12.2590    24.9810  1018.7936    18.7777    12.2586    111.745    84.9699     4.4244      8.387     7.1631    10.2367    314.006    319.902      18837          4  0.000e+00
   58.23688 -135.49356    102.004      3.403      3.371    12.2580    24.9852  1018.7965    18.7811    12.2576    111.683    84.9699     4.3951      8.387     7.1591    10.2310    313.829    319.723      18838          4  0.000e+00
   58.23688 -135.49356    101.964      3.363      3.331    12.2568    24.9771  1018.7903    18.7750    12.2564    111.670    84.9699     4.3951      8.382     7.1587    10.2305    313.816    319.708      18839          4  0.000e+00
   58.23688 -135.49356    101.948      3.346      3.315    12.2552    24.9705  1018.7854    18.7702    12.2548    111.715    84.9699     4.4244      8.387     7.1622    10.2355    313.969    319.862      18840          4  0.000e+00
   58.23688 -135.49356    101.964      3.363      3.331    12.2573    24.9723  1018.7865    18.7712    12.2569    111.706    84.9699     4.4244      8.387     7.1612    10.2341    313.926    319.819      18841          4  0.000e+00
