EcoFOCI/data/1_SampleCollection/2022_GOA-OA_CruiseData/CTD_raw_BottleFile_RC0083/RC0083_005.ros
* Sea-Bird SBE 9 Data File:
* FileName = C:\Data\RC0083ctd\RC0083_005.hex
* Software Version Seasave V 7.26.7.107
* Temperature SN = 2060
* Conductivity SN = 1084
* Number of Bytes Per Scan = 31
* Number of Voltage Words = 4
* Number of Scans Averaged by the Deck Unit = 1
* NMEA Latitude = 54 38.64 N
* NMEA Longitude = 133 33.20 W
* NMEA UTC (Time) = Aug 12 2022  09:21:35
* NMEA baud rate = 4800
** Ship: R/V Rachel Carson
** Cruise ID: RC0083 RC0083
** Tech: McHugh/Nomura
** Chief Scientist: Cross Cross
** Station: DE5
** Cast:  005
# nquan = 21
# nvalues = 490                                   
# units = specified
# name 0 = latitude: Latitude [deg]
# name 1 = longitude: Longitude [deg]
# name 2 = sfdSM: Seafloor depth [salt water, m]
# name 3 = prDM: Pressure, Digiquartz [db]
# name 4 = depSM: Depth [salt water, m]
# name 5 = t090C: Temperature [ITS-90, deg C]
# name 6 = sal00: Salinity, Practical [PSU]
# name 7 = density00: Density [density, kg/m^3]
# name 8 = sigma-é00: Density [sigma-theta, kg/m^3]
# name 9 = potemp090C: Potential Temperature [ITS-90, deg C]
# name 10 = sbeox0PS: Oxygen, SBE 43 [% saturation]
# name 11 = CStarTr0: Beam Transmission, WET Labs C-Star [%]
# name 12 = flECO-AFL: Fluorescence, WET Labs ECO-AFL/FL [mg/m^3]
# name 13 = ph: pH
# name 14 = sbeox0ML/L: Oxygen, SBE 43 [ml/l]
# name 15 = sbeox0Mg/L: Oxygen, SBE 43 [mg/l]
# name 16 = sbox0Mm/Kg: Oxygen, SBE 43 [umol/kg]
# name 17 = sbeox0Mm/L: Oxygen, SBE 43 [umol/l]
# name 18 = scan: Scan Count
# name 19 = nbf: Bottles Fired
# name 20 = flag:  0.000e+00
# interval = seconds: 0.0416667
# start_time = Aug 12 2022 09:21:35 [NMEA time, header]
# bad_flag = -9.990e-29
*END*
[from data line 207]
   54.64046 -133.55106    199.142    101.445    100.509     6.6978    33.0380  1026.3805    25.9148     6.6889     52.806   106.4501    -0.0591      7.891     3.6365     5.1969    158.304    162.406      31083          5  0.000e+00
   54.64046 -133.55106    199.166    101.469    100.533     6.6976    33.0382  1026.3808    25.9149     6.6887     52.803   106.4221    -0.0591      7.891     3.6363     5.1967    158.296    162.398      31084          5  0.000e+00
   54.64046 -133.55106    199.198    101.502    100.565     6.6975    33.0384  1026.3811    25.9151     6.6886     52.807   106.4221    -0.0591      7.891     3.6366     5.1971    158.310    162.413      31085          5  0.000e+00
   54.64046 -133.55106    199.222    101.526    100.589     6.6976    33.0380  1026.3809    25.9148     6.6887     52.804   106.4221    -0.0591      7.891     3.6364     5.1968    158.300    162.402      31086          5  0.000e+00
   54.64046 -133.55106    199.254    101.558    100.621     6.6976    33.0382  1026.3812    25.9149     6.6887     52.800   106.3942    -0.0591      7.891     3.6362     5.1964    158.289    162.391      31087          5  0.000e+00
   54.64046 -133.55106    199.222    101.526    100.589     6.6978    33.0379  1026.3808    25.9147     6.6889     52.796   106.3382    -0.0591      7.891     3.6358     5.1960    158.275    162.377      31088          5  0.000e+00
   54.64046 -133.55106    199.254    101.558    100.621     6.6978    33.0383  1026.3813    25.9150     6.6889     52.792   106.3103    -0.0591      7.891     3.6356     5.1956    158.262    162.364      31089          5  0.000e+00
   54.64046 -133.55106    199.342    101.647    100.709     6.6978    33.0381  1026.3815    25.9148     6.6889     52.796   106.3103    -0.0591      7.891     3.6358     5.1959    158.274    162.375      31090          5  0.000e+00
   54.64046 -133.55106    199.318    101.623    100.685     6.6978    33.0379  1026.3812    25.9147     6.6889     52.791   106.3103    -0.0591      7.891     3.6355     5.1955    158.259    162.360      31091          5  0.000e+00
   54.64046 -133.55106    199.342    101.647    100.709     6.6975    33.0385  1026.3819    25.9152     6.6886     52.786   106.3103    -0.0591      7.891     3.6352     5.1950    158.245    162.346      31092          5  0.000e+00
   54.64046 -133.55106    199.374    101.680    100.742     6.6970    33.0387  1026.3822    25.9154     6.6881     52.781   106.3382    -0.0591      7.891     3.6348     5.1945    158.231    162.332      31093          5  0.000e+00
   54.64046 -133.55106    199.406    101.712    100.774     6.6970    33.0387  1026.3824    25.9154     6.6881     52.775   106.3103    -0.0591      7.891     3.6345     5.1940    158.215    162.315      31094          5  0.000e+00
   54.64046 -133.55106    199.438    101.744    100.806     6.6971    33.0385  1026.3824    25.9153     6.6882     52.769   106.3103    -0.0591      7.891     3.6340     5.1934    158.197    162.296      31095          5  0.000e+00
   54.64046 -133.55106    199.518    101.825    100.886     6.6973    33.0386  1026.3828    25.9153     6.6884     52.763   106.3103    -0.0591      7.891     3.6336     5.1928    158.178    162.278      31096          5  0.000e+00
   54.64046 -133.55106    199.438    101.744    100.806     6.6972    33.0388  1026.3826    25.9155     6.6883     52.764   106.3103    -0.0591      7.891     3.6337     5.1929    158.181    162.280      31097          5  0.000e+00
   54.64046 -133.55106    199.518    101.825    100.886     6.6971    33.0387  1026.3829    25.9154     6.6882     52.758   106.3103    -0.0591      7.891     3.6333     5.1923    158.163    162.262      31098          5  0.000e+00
   54.64046 -133.55106    199.494    101.801    100.862     6.6975    33.0384  1026.3825    25.9151     6.6885     52.759   106.3103    -0.0591      7.891     3.6333     5.1923    158.164    162.263      31099          5  0.000e+00
   54.64046 -133.55106    199.638    101.947    101.006     6.6973    33.0384  1026.3832    25.9151     6.6884     52.761   106.3103    -0.0591      7.891     3.6334     5.1926    158.171    162.270      31100          5  0.000e+00
   54.64046 -133.55106    199.582    101.890    100.950     6.6973    33.0384  1026.3830    25.9152     6.6883     52.761   106.3103    -0.0591      7.891     3.6335     5.1926    158.173    162.272      31101          5  0.000e+00
   54.64046 -133.55106    199.614    101.922    100.982     6.6972    33.0386  1026.3833    25.9153     6.6883     52.762   106.3103    -0.0591      7.891     3.6336     5.1927    158.176    162.275      31102          5  0.000e+00
   54.64046 -133.55106    199.638    101.947    101.006     6.6972    33.0385  1026.3833    25.9153     6.6883     52.764   106.3103    -0.0591      7.891     3.6337     5.1929    158.180    162.279      31103          5  0.000e+00
   54.64046 -133.55106    199.671    101.979    101.038     6.6973    33.0384  1026.3833    25.9152     6.6883     52.765   106.3103    -0.0591      7.891     3.6337     5.1930    158.183    162.282      31104          5  0.000e+00
   54.64046 -133.55106    199.695    102.003    101.062     6.6972    33.0384  1026.3835    25.9152     6.6882     52.766   106.3103    -0.0591      7.891     3.6338     5.1931    158.187    162.286      31105          5  0.000e+00
   54.64046 -133.55106    199.735    102.044    101.102     6.6972    33.0385  1026.3838    25.9153     6.6882     52.759   106.3103    -0.0591      7.891     3.6333     5.1924    158.166    162.265      31106          5  0.000e+00
   54.64046 -133.55106    199.695    102.003    101.062     6.6971    33.0388  1026.3838    25.9155     6.6882     52.752   106.3103    -0.0591      7.891     3.6328     5.1917    158.143    162.242      31107          5  0.000e+00
   54.64046 -133.55106    199.791    102.100    101.158     6.6970    33.0389  1026.3843    25.9156     6.6880     52.753   106.3942    -0.0591      7.891     3.6329     5.1918    158.147    162.245      31108          5  0.000e+00
   54.64046 -133.55106    199.759    102.068    101.126     6.6970    33.0389  1026.3842    25.9156     6.6880     52.753   106.4221    -0.0591      7.891     3.6329     5.1918    158.147    162.246      31109          5  0.000e+00
   54.64046 -133.55106    199.847    102.157    101.214     6.6970    33.0383  1026.3842    25.9151     6.6880     52.754   106.3942    -0.0591      7.891     3.6330     5.1919    158.151    162.249      31110          5  0.000e+00
   54.64046 -133.55106    199.759    102.068    101.126     6.6968    33.0386  1026.3840    25.9154     6.6879     52.753   106.4221    -0.0591      7.891     3.6330     5.1919    158.150    162.248      31111          5  0.000e+00
   54.64046 -133.55106    199.847    102.157    101.214     6.6970    33.0386  1026.3844    25.9153     6.6880     52.746   106.4221    -0.0591      7.891     3.6325     5.1912    158.128    162.226      31112          5  0.000e+00
   54.64046 -133.55106    199.879    102.190    101.246     6.6971    33.0386  1026.3845    25.9154     6.6882     52.746   106.4221    -0.0591      7.891     3.6325     5.1912    158.128    162.226      31113          5  0.000e+00
   54.64046 -133.55106    199.847    102.157    101.214     6.6972    33.0383  1026.3841    25.9151     6.6882     52.746   106.4221    -0.0591      7.891     3.6325     5.1911    158.128    162.226      31114          5  0.000e+00
   54.64046 -133.55106    199.879    102.190    101.246     6.6973    33.0384  1026.3843    25.9152     6.6884     52.746   106.4221    -0.0591      7.891     3.6325     5.1911    158.128    162.226      31115          5  0.000e+00
   54.64046 -133.55106    199.879    102.190    101.246     6.6970    33.0386  1026.3845    25.9154     6.6880     52.746   106.4221    -0.0591      7.891     3.6325     5.1912    158.129    162.227      31116          5  0.000e+00
   54.64046 -133.55106    199.911    102.222    101.279     6.6968    33.0386  1026.3847    25.9154     6.6879     52.747   106.3942    -0.0591      7.891     3.6325     5.1912    158.130    162.228      31117          5  0.000e+00
   54.64046 -133.55106    199.879    102.190    101.246     6.6970    33.0387  1026.3846    25.9155     6.6880     52.746   106.3942    -0.0591      7.891     3.6325     5.1912    158.129    162.227      31118          5  0.000e+00
   54.64046 -133.55106    199.911    102.222    101.279     6.6973    33.0385  1026.3846    25.9153     6.6883     52.747   106.4221    -0.0591      7.891     3.6325     5.1912    158.128    162.226      31119          5  0.000e+00
   54.64046 -133.55106    199.759    102.068    101.126     6.6975    33.0382  1026.3836    25.9150     6.6885     52.746   106.3942    -0.0591      7.891     3.6324     5.1911    158.125    162.223      31120          5  0.000e+00
   54.64020 -133.55088    174.829     76.901     76.196     7.5530    32.5749  1025.7861    25.4342     7.5458     61.897   105.8628    -0.0298      7.965     4.1925     5.9915    182.592    187.236      33276          6  0.000e+00
   54.64020 -133.55088    174.588     76.659     75.956     7.5423    32.5809  1025.7912    25.4405     7.5352     61.901   105.8348    -0.0298      7.965     4.1936     5.9931    182.640    187.286      33277          6  0.000e+00
   54.64020 -133.55088    174.644     76.715     76.012     7.5288    32.5893  1025.8000    25.4490     7.5216     61.908   105.8628    -0.0298      7.965     4.1951     5.9952    182.704    187.353      33278          6  0.000e+00
   54.64020 -133.55088    174.765     76.836     76.132     7.5176    32.5950  1025.8066    25.4550     7.5105     61.970   105.8628    -0.0298      7.965     4.2002     6.0026    182.926    187.583      33279          6  0.000e+00
   54.64020 -133.55088    174.708     76.780     76.076     7.5088    32.5993  1025.8109    25.4596     7.5016     61.926   105.8628    -0.0298      7.965     4.1980     5.9993    182.826    187.481      33280          6  0.000e+00
   54.64020 -133.55088    174.709     76.780     76.076     7.5067    32.5979  1025.8101    25.4588     7.4996     61.929   105.8628    -0.0298      7.965     4.1984     6.0000    182.846    187.501      33281          6  0.000e+00
   54.64020 -133.55088    174.709     76.780     76.076     7.4930    32.6040  1025.8169    25.4655     7.4859     61.933   105.8628    -0.0298      7.965     4.1999     6.0020    182.908    187.566      33282          6  0.000e+00
   54.64020 -133.55088    174.644     76.715     76.012     7.4759    32.6116  1025.8249    25.4738     7.4688     61.938   105.8628    -0.0298      7.965     4.2016     6.0045    182.982    187.643      33283          6  0.000e+00
   54.64020 -133.55088    174.709     76.780     76.076     7.4670    32.6144  1025.8287    25.4773     7.4599     61.942   105.8628    -0.0298      7.965     4.2026     6.0060    183.026    187.689      33284          6  0.000e+00
   54.64020 -133.55088    174.644     76.715     76.012     7.4571    32.6186  1025.8331    25.4819     7.4500     62.000   105.8628    -0.0298      7.965     4.2074     6.0128    183.235    187.904      33285          6  0.000e+00
   54.64020 -133.55088    174.644     76.715     76.012     7.4485    32.6230  1025.8377    25.4866     7.4414     61.954   105.8628    -0.0298      7.965     4.2050     6.0094    183.128    187.796      33286          6  0.000e+00
   54.64020 -133.55088    174.644     76.715     76.012     7.4449    32.6250  1025.8398    25.4886     7.4378     61.955   105.8628    -0.0298      7.965     4.2054     6.0099    183.145    187.813      33287          6  0.000e+00
   54.64020 -133.55088    174.645     76.715     76.012     7.4467    32.6241  1025.8389    25.4877     7.4396     61.956   105.8628    -0.0298      7.965     4.2053     6.0097    183.139    187.807      33288          6  0.000e+00
   54.64020 -133.55088    174.645     76.715     76.012     7.4483    32.6234  1025.8381    25.4869     7.4412     61.956   105.8628    -0.0298      7.965     4.2051     6.0096    183.134    187.801      33289          6  0.000e+00
   54.64020 -133.55088    174.645     76.715     76.012     7.4483    32.6232  1025.8379    25.4868     7.4412     61.956   105.8907    -0.0298      7.965     4.2052     6.0096    183.135    187.802      33290          6  0.000e+00
   54.64020 -133.55088    174.588     76.659     75.956     7.4502    32.6224  1025.8368    25.4859     7.4432     62.011   105.9187    -0.0298      7.965     4.2087     6.0147    183.289    187.961      33291          6  0.000e+00
   54.64020 -133.55088    174.588     76.659     75.956     7.4548    32.6200  1025.8343    25.4834     7.4477     62.016   105.9187    -0.0298      7.965     4.2087     6.0147    183.291    187.961      33292          6  0.000e+00
   54.64020 -133.55088    174.588     76.659     75.956     7.4551    32.6194  1025.8338    25.4829     7.4480     62.022   105.8907    -0.0298      7.965     4.2091     6.0152    183.307    187.978      33293          6  0.000e+00
   54.64020 -133.55088    174.532     76.602     75.900     7.4537    32.6201  1025.8342    25.4836     7.4466     62.027   105.9187    -0.0298      7.965     4.2096     6.0159    183.327    187.999      33294          6  0.000e+00
   54.64020 -133.55088    174.532     76.602     75.900     7.4534    32.6200  1025.8342    25.4836     7.4463     62.032   105.9187    -0.0298      7.965     4.2099     6.0164    183.342    188.014      33295          6  0.000e+00
   54.64020 -133.55088    174.532     76.602     75.900     7.4550    32.6195  1025.8336    25.4830     7.4479     62.035   105.9187    -0.0298      7.965     4.2100     6.0165    183.347    188.019      33296          6  0.000e+00
   54.64020 -133.55088    174.468     76.538     75.836     7.4576    32.6189  1025.8324    25.4821     7.4505     62.038   105.9187    -0.0298      7.965     4.2099     6.0164    183.344    188.016      33297          6  0.000e+00
   54.64020 -133.55088    174.468     76.538     75.836     7.4603    32.6173  1025.8308    25.4804     7.4533     62.040   105.9187    -0.0298      7.965     4.2099     6.0164    183.342    188.014      33298          6  0.000e+00
   54.64020 -133.55088    174.468     76.538     75.836     7.4621    32.6161  1025.8296    25.4793     7.4550     62.042   105.9187    -0.0298      7.960     4.2099     6.0163    183.342    188.013      33299          6  0.000e+00
   54.64020 -133.55088    174.468     76.538     75.836     7.4645    32.6150  1025.8284    25.4781     7.4574     62.043   105.9187    -0.0298      7.965     4.2098     6.0162    183.337    188.008      33300          6  0.000e+00
   54.64020 -133.55088    174.412     76.481     75.780     7.4661    32.6140  1025.8271    25.4771     7.4590     62.044   105.9187    -0.0298      7.965     4.2097     6.0160    183.332    188.003      33301          6  0.000e+00
   54.64020 -133.55088    174.348     76.416     75.716     7.4669    32.6137  1025.8265    25.4767     7.4598     62.043   105.9187    -0.0298      7.965     4.2096     6.0159    183.328    187.999      33302          6  0.000e+00
   54.64020 -133.55088    174.412     76.481     75.780     7.4683    32.6127  1025.8258    25.4757     7.4612     61.987   105.9187    -0.0298      7.960     4.2057     6.0103    183.159    187.825      33303          6  0.000e+00
   54.64020 -133.55088    174.348     76.416     75.716     7.4697    32.6126  1025.8252    25.4754     7.4626     61.979   105.9187    -0.0298      7.960     4.2050     6.0093    183.128    187.793      33304          6  0.000e+00
   54.64020 -133.55088    174.348     76.416     75.716     7.4712    32.6123  1025.8248    25.4750     7.4641     61.970   105.9187    -0.0298      7.960     4.2042     6.0083    183.097    187.761      33305          6  0.000e+00
