EcoFOCI/data/1_SampleCollection/2022_GOA-OA_CruiseData/CTD_raw_BottleFile_RC0083/RC0083_033.ros
* Sea-Bird SBE 9 Data File:
* FileName = C:\Data\RC0083ctd\RC0083_033.hex
* Software Version Seasave V 7.26.7.107
* Temperature SN = 2060
* Conductivity SN = 1084
* Number of Bytes Per Scan = 31
* Number of Voltage Words = 4
* Number of Scans Averaged by the Deck Unit = 1
* NMEA Latitude = 58 27.04 N
* NMEA Longitude = 135 02.64 W
* NMEA UTC (Time) = Aug 18 2022  04:23:59
* NMEA baud rate = 4800
** Ship: R/V Rachel Carson
** Cruise ID: RC0083
** Tech: McHugh/Nomura
** Chief Scientist: Cross
** Station: LC01
** Cast:  CTD033
# nquan = 21
# nvalues = 392                                   
# units = specified
# name 0 = latitude: Latitude [deg]
# name 1 = longitude: Longitude [deg]
# name 2 = sfdSM: Seafloor depth [salt water, m]
# name 3 = prDM: Pressure, Digiquartz [db]
# name 4 = depSM: Depth [salt water, m]
# name 5 = t090C: Temperature [ITS-90, deg C]
# name 6 = sal00: Salinity, Practical [PSU]
# name 7 = density00: Density [density, kg/m^3]
# name 8 = sigma-é00: Density [sigma-theta, kg/m^3]
# name 9 = potemp090C: Potential Temperature [ITS-90, deg C]
# name 10 = sbeox0PS: Oxygen, SBE 43 [% saturation]
# name 11 = CStarTr0: Beam Transmission, WET Labs C-Star [%]
# name 12 = flECO-AFL: Fluorescence, WET Labs ECO-AFL/FL [mg/m^3]
# name 13 = ph: pH
# name 14 = sbeox0ML/L: Oxygen, SBE 43 [ml/l]
# name 15 = sbeox0Mg/L: Oxygen, SBE 43 [mg/l]
# name 16 = sbox0Mm/Kg: Oxygen, SBE 43 [umol/kg]
# name 17 = sbeox0Mm/L: Oxygen, SBE 43 [umol/l]
# name 18 = scan: Scan Count
# name 19 = nbf: Bottles Fired
# name 20 = flag:  0.000e+00
# interval = seconds: 0.0416667
# start_time = Aug 18 2022 04:23:59 [NMEA time, header]
# bad_flag = -9.990e-29
*END*
[from data line 276]
   58.45182 -135.04846    124.238     25.848     25.606     8.2038    30.1175  1023.5322    23.4138     8.2013     67.915    96.4652     0.8786      8.011     4.6058     6.5822    200.990    205.696      45293          6  0.000e+00
   58.45182 -135.04846    124.174     25.783     25.542     8.2067    30.1148  1023.5294    23.4113     8.2043     67.916    96.4652     0.8493      8.010     4.6056     6.5819    200.983    205.688      45294          6  0.000e+00
   58.45182 -135.04846    124.238     25.848     25.606     8.2093    30.1127  1023.5277    23.4093     8.2068     67.917    96.4652     0.8493      8.010     4.6056     6.5818    200.979    205.684      45295          6  0.000e+00
   58.45182 -135.04846    124.174     25.783     25.542     8.2146    30.1080  1023.5229    23.4048     8.2122     67.917    96.4652     0.8786      8.010     4.6051     6.5812    200.962    205.665      45296          6  0.000e+00
   58.45182 -135.04846    124.238     25.848     25.606     8.2199    30.1032  1023.5187    23.4003     8.2174     67.918    96.4652     0.8786      8.010     4.6048     6.5807    200.947    205.649      45297          6  0.000e+00
   58.45182 -135.04846    124.174     25.783     25.542     8.2166    30.1068  1023.5217    23.4036     8.2142     67.911    96.4652     0.8786      8.010     4.6046     6.5804    200.937    205.639      45298          6  0.000e+00
   58.45182 -135.04846    124.238     25.848     25.606     8.2122    30.1108  1023.5257    23.4073     8.2098     67.912    96.4652     0.8786      8.010     4.6050     6.5810    200.954    205.658      45299          6  0.000e+00
   58.45182 -135.04846    124.238     25.848     25.606     8.2107    30.1122  1023.5271    23.4087     8.2083     67.912    96.4372     0.9079      8.010     4.6051     6.5811    200.958    205.662      45300          6  0.000e+00
   58.45182 -135.04846    124.174     25.783     25.542     8.2101    30.1127  1023.5272    23.4091     8.2077     67.911    96.4652     0.9079      8.015     4.6051     6.5811    200.957    205.662      45301          6  0.000e+00
   58.45182 -135.04846    124.238     25.848     25.606     8.2126    30.1103  1023.5253    23.4069     8.2101     67.911    96.4652     0.8786      8.010     4.6048     6.5808    200.948    205.652      45302          6  0.000e+00
   58.45182 -135.04846    124.238     25.848     25.606     8.2142    30.1092  1023.5242    23.4058     8.2117     67.909    96.4652     0.8786      8.010     4.6046     6.5804    200.938    205.641      45303          6  0.000e+00
   58.45182 -135.04846    124.174     25.783     25.542     8.2122    30.1107  1023.5254    23.4073     8.2098     67.907    96.4372     0.8786      8.010     4.6046     6.5805    200.940    205.643      45304          6  0.000e+00
   58.45182 -135.04846    124.238     25.848     25.606     8.2133    30.1100  1023.5249    23.4065     8.2109     67.906    96.3813     0.9079      8.010     4.6045     6.5802    200.932    205.635      45305          6  0.000e+00
   58.45182 -135.04846    124.238     25.848     25.606     8.2192    30.1055  1023.5206    23.4022     8.2167     67.848    96.3533     0.9079      8.010     4.6001     6.5739    200.741    205.438      45306          6  0.000e+00
   58.45182 -135.04846    124.238     25.848     25.606     8.2182    30.1072  1023.5221    23.4036     8.2158     67.895    96.3813     0.9079      8.010     4.6032     6.5785    200.879    205.581      45307          6  0.000e+00
   58.45182 -135.04846    124.174     25.783     25.542     8.2150    30.1096  1023.5241    23.4060     8.2126     67.892    96.3813     0.9079      8.010     4.6033     6.5786    200.883    205.585      45308          6  0.000e+00
   58.45182 -135.04846    124.294     25.905     25.662     8.2239    30.1013  1023.5169    23.3983     8.2215     67.889    96.3813     0.9079      8.010     4.6025     6.5774    200.847    205.546      45309          6  0.000e+00
   58.45182 -135.04846    124.238     25.848     25.606     8.2269    30.0978  1023.5135    23.3951     8.2244     67.886    96.3813     0.8786      8.010     4.6020     6.5767    200.828    205.526      45310          6  0.000e+00
   58.45192 -135.04840    109.552     11.022     10.919    11.4376    24.7342  1018.7755    18.7254    11.4363    106.331    89.5009     3.4867      8.334     6.9483     9.9298    304.607    310.311      46793          7  0.000e+00
   58.45192 -135.04840    109.552     11.022     10.919    11.4364    24.7342  1018.7757    18.7256    11.4352    106.331    89.5009     3.4867      8.334     6.9485     9.9301    304.615    310.319      46794          7  0.000e+00
   58.45192 -135.04840    109.280     10.747     10.647    11.4346    24.7350  1018.7754    18.7265    11.4334    106.327    89.5009     3.5160      8.334     6.9485     9.9301    304.615    310.319      46795          7  0.000e+00
   58.45192 -135.04840    109.608     11.078     10.975    11.4334    24.7353  1018.7774    18.7270    11.4322    106.332    89.5289     3.6039      8.334     6.9489     9.9307    304.633    310.338      46796          7  0.000e+00
   58.45192 -135.04840    109.432     10.901     10.799    11.4332    24.7351  1018.7765    18.7269    11.4320    106.328    89.5289     3.6625      8.339     6.9487     9.9304    304.626    310.330      46797          7  0.000e+00
   58.45192 -135.04840    109.496     10.965     10.863    11.4332    24.7348  1018.7765    18.7266    11.4320    106.328    89.5289     3.6625      8.339     6.9487     9.9304    304.626    310.331      46798          7  0.000e+00
   58.45192 -135.04840    109.464     10.933     10.831    11.4335    24.7345  1018.7760    18.7263    11.4323    106.327    89.5009     3.6625      8.334     6.9486     9.9303    304.620    310.325      46799          7  0.000e+00
   58.45192 -135.04840    109.432     10.901     10.799    11.4336    24.7342  1018.7757    18.7261    11.4324    106.271    89.4729     3.6625      8.339     6.9450     9.9251    304.461    310.162      46800          7  0.000e+00
   58.45192 -135.04840    109.496     10.965     10.863    11.4339    24.7342  1018.7760    18.7261    11.4327    106.324    89.4450     3.6625      8.334     6.9484     9.9300    304.612    310.316      46801          7  0.000e+00
   58.45192 -135.04840    109.400     10.869     10.767    11.4348    24.7338  1018.7750    18.7256    11.4336    106.328    89.4450     3.6625      8.334     6.9485     9.9301    304.616    310.320      46802          7  0.000e+00
   58.45192 -135.04840    109.432     10.901     10.799    11.4354    24.7335  1018.7748    18.7253    11.4342    106.333    89.4450     3.6625      8.334     6.9488     9.9305    304.627    310.331      46803          7  0.000e+00
   58.45192 -135.04840     87.249     10.966     10.863    11.4359    24.7336  1018.7751    18.7252    11.4347    106.338    89.4450     3.6625      8.334     6.9490     9.9309    304.640    310.344      46804          7  0.000e+00
   58.45192 -135.04840     40.608     10.869     10.767    11.4362    24.7335  1018.7745    18.7251    11.4350    106.341    89.4729     3.6625      8.339     6.9492     9.9311    304.647    310.352      46805          7  0.000e+00
   58.45192 -135.04840     25.793     10.901     10.799    11.4371    24.7327  1018.7739    18.7244    11.4359    106.347    89.4450     3.6625      8.334     6.9494     9.9314    304.658    310.362      46806          7  0.000e+00
   58.45192 -135.04840     26.330     10.901     10.799    11.4370    24.7322  1018.7736    18.7240    11.4358    106.351    89.4450     3.6625      8.334     6.9498     9.9319    304.672    310.377      46807          7  0.000e+00
   58.45192 -135.04840     28.204     10.844     10.743    11.4366    24.7322  1018.7734    18.7241    11.4353    106.355    89.4450     3.6625      8.334     6.9501     9.9324    304.687    310.392      46808          7  0.000e+00
   58.45192 -135.04840     28.789     10.869     10.767    11.4364    24.7316  1018.7730    18.7236    11.4352    106.360    89.4450     3.6625      8.334     6.9505     9.9329    304.703    310.409      46809          7  0.000e+00
   58.45192 -135.04840     28.772     10.901     10.799    11.4369    24.7312  1018.7728    18.7233    11.4357    106.365    89.4450     3.6625      8.334     6.9508     9.9333    304.716    310.421      46810          7  0.000e+00
   58.45192 -135.04840     28.699     10.901     10.799    11.4374    24.7310  1018.7726    18.7230    11.4361    106.370    89.4450     3.6625      8.334     6.9510     9.9337    304.726    310.432      46811          7  0.000e+00
   58.45192 -135.04840     28.643     10.869     10.767    11.4377    24.7308  1018.7722    18.7228    11.4365    106.320    89.4729     3.6625      8.339     6.9477     9.9290    304.583    310.285      46812          7  0.000e+00
   58.45192 -135.04840     28.675     10.901     10.799    11.4374    24.7307  1018.7723    18.7227    11.4361    106.314    89.4450     3.6625      8.339     6.9473     9.9285    304.566    310.268      46813          7  0.000e+00
   58.45192 -135.04840     28.619     10.844     10.743    11.4364    24.7313  1018.7727    18.7234    11.4352    106.306    89.4450     3.6625      8.339     6.9469     9.9279    304.548    310.251      46814          7  0.000e+00
   58.45192 -135.04840     28.643     10.869     10.767    11.4362    24.7314  1018.7729    18.7235    11.4350    106.299    89.4450     3.6625      8.334     6.9465     9.9273    304.530    310.232      46815          7  0.000e+00
   58.45192 -135.04840     28.619     10.844     10.743    11.4366    24.7313  1018.7727    18.7233    11.4353    106.292    89.4170     3.9848      8.334     6.9460     9.9265    304.507    310.208      46816          7  0.000e+00
   58.45192 -135.04840     28.675     10.901     10.799    11.4369    24.7317  1018.7732    18.7236    11.4357    106.285    89.4729     4.1606      8.334     6.9455     9.9258    304.485    310.186      46817          7  0.000e+00
   58.45192 -135.04840     28.619     10.845     10.743    11.4383    24.7313  1018.7724    18.7231    11.4371    106.283    89.4450     4.1899      8.334     6.9452     9.9254    304.471    310.172      46818          7  0.000e+00
   58.45192 -135.04840     28.643     10.869     10.767    11.4403    24.7302  1018.7713    18.7219    11.4391    106.283    89.4450     4.1899      8.334     6.9449     9.9249    304.458    310.158      46819          7  0.000e+00
   58.45192 -135.04840     28.619     10.845     10.743    11.4405    24.7306  1018.7715    18.7222    11.4393    106.276    89.3890     4.1899      8.334     6.9444     9.9242    304.436    310.136      46820          7  0.000e+00
   58.45192 -135.04840     51.898     10.901     10.799    11.4405    24.7303  1018.7715    18.7219    11.4393    106.270    89.2772     4.1899      8.334     6.9440     9.9237    304.420    310.119      46821          7  0.000e+00
   58.45192 -135.04840     97.971     10.869     10.767    11.4385    24.7312  1018.7724    18.7229    11.4373    106.263    89.2492     4.1899      8.334     6.9438     9.9234    304.412    310.111      46822          7  0.000e+00
   58.45192 -135.04840    110.743     10.845     10.743    11.4369    24.7314  1018.7727    18.7234    11.4357    106.256    89.2492     4.1899      8.334     6.9436     9.9231    304.402    310.102      46823          7  0.000e+00
   58.45192 -135.04840    110.743     10.845     10.743    11.4357    24.7319  1018.7733    18.7240    11.4345    106.250    89.2492     4.1899      8.334     6.9433     9.9227    304.391    310.090      46824          7  0.000e+00
   58.45192 -135.04840    109.815     10.869     10.767    11.4352    24.7324  1018.7738    18.7244    11.4340    106.189    89.2492     4.1899      8.334     6.9395     9.9172    304.221    309.917      46825          7  0.000e+00
   58.45192 -135.04840    109.285     10.901     10.799    11.4354    24.7324  1018.7740    18.7244    11.4342    106.231    89.2492     4.1899      8.339     6.9422     9.9211    304.339    310.038      46826          7  0.000e+00
   58.45192 -135.04840    109.334     10.901     10.799    11.4352    24.7330  1018.7744    18.7249    11.4340    106.225    89.2492     4.1899      8.339     6.9418     9.9205    304.321    310.019      46827          7  0.000e+00
   58.45192 -135.04840    109.199     10.691     10.591    11.4351    24.7331  1018.7736    18.7250    11.4339    106.216    89.2492     4.1899      8.334     6.9412     9.9196    304.295    309.993      46828          7  0.000e+00
   58.45192 -135.04840    109.552     11.022     10.920    11.4344    24.7330  1018.7752    18.7250    11.4332    106.214    89.2492     4.1899      8.334     6.9412     9.9196    304.294    309.992      46829          7  0.000e+00
   58.45192 -135.04840    109.432     10.901     10.799    11.4336    24.7334  1018.7750    18.7254    11.4324    106.212    89.2492     4.1899      8.334     6.9412     9.9196    304.294    309.992      46830          7  0.000e+00
   58.45192 -135.04840    109.376     10.845     10.743    11.4340    24.7333  1018.7747    18.7253    11.4328    106.211    89.2492     4.1899      8.334     6.9410     9.9194    304.289    309.987      46831          7  0.000e+00
   58.45192 -135.04840    109.464     10.934     10.832    11.4352    24.7331  1018.7747    18.7250    11.4340    106.213    89.2492     4.1899      8.334     6.9409     9.9193    304.285    309.983      46832          7  0.000e+00
   58.45192 -135.04840    109.432     10.901     10.800    11.4359    24.7330  1018.7744    18.7248    11.4347    106.213    89.2492     4.1899      8.339     6.9409     9.9192    304.281    309.979      46833          7  0.000e+00
   58.45192 -135.04840    109.376     10.845     10.744    11.4374    24.7324  1018.7734    18.7241    11.4361    106.206    89.2492     4.1606      8.334     6.9402     9.9183    304.254    309.951      46834          7  0.000e+00
   58.45192 -135.04840    109.464     10.934     10.832    11.4392    24.7316  1018.7729    18.7231    11.4380    106.208    89.2492     4.1899      8.334     6.9401     9.9181    304.249    309.946      46835          7  0.000e+00
   58.45192 -135.04840    109.432     10.901     10.800    11.4393    24.7311  1018.7723    18.7228    11.4381    106.208    89.2492     4.2779      8.339     6.9402     9.9182    304.251    309.947      46836          7  0.000e+00
   58.45192 -135.04840    109.432     10.901     10.800    11.4379    24.7317  1018.7731    18.7235    11.4367    106.210    89.2492     4.3951      8.334     6.9404     9.9186    304.263    309.960      46837          7  0.000e+00
   58.45192 -135.04840    109.400     10.869     10.768    11.4362    24.7323  1018.7736    18.7242    11.4350    106.211    89.2492     4.3951      8.334     6.9407     9.9190    304.276    309.973      46838          7  0.000e+00
   58.45192 -135.04840    109.432     10.901     10.800    11.4349    24.7329  1018.7744    18.7249    11.4337    106.213    89.2492     4.4244      8.339     6.9411     9.9195    304.290    309.988      46839          7  0.000e+00
   58.45192 -135.04840    109.432     10.901     10.800    11.4344    24.7330  1018.7746    18.7250    11.4332    106.209    89.2772     4.3951      8.334     6.9409     9.9192    304.281    309.979      46840          7  0.000e+00
   58.45192 -135.04840    109.432     10.901     10.800    11.4342    24.7332  1018.7748    18.7252    11.4330    106.205    89.5848     4.3951      8.334     6.9406     9.9188    304.270    309.967      46841          7  0.000e+00
   58.45200 -135.04830    101.547      2.942      2.914    12.2335    20.4901  1015.3253    15.3119    12.2332    107.042    92.5216     2.2852      8.397     7.0617    10.0919    310.621    315.377      48205          8  0.000e+00
