EcoFOCI/data/1_SampleCollection/2022_GOA-OA_CruiseData/CTD_raw_BottleFile_RC0083/RC0083_102.cnv
* Sea-Bird SBE 9 Data File:
* FileName = C:\Data\RC0083ctd\RC0083_102.hex
* Software Version Seasave V 7.26.7.107
* Temperature SN = 2060
* Conductivity SN = 2881
* Number of Bytes Per Scan = 31
* Number of Voltage Words = 4
* Number of Scans Averaged by the Deck Unit = 1
* NMEA Latitude = 56 25.80 N
* NMEA Longitude = 132 35.11 W
* NMEA UTC (Time) = Aug 23 2022  00:50:52
* NMEA baud rate = 4800
** Ship: R/V Rachel Carson
** Cruise ID: RC0083
** Tech: McHugh/Nomura
** Chief Scientist: Cross
** Station: WI4
** Cast:  CTD102
# nquan = 19
# nvalues = 13173                                 
# units = specified
# name 0 = latitude: Latitude [deg]
# name 1 = longitude: Longitude [deg]
# name 2 = sfdSM: Seafloor depth [salt water, m]
# name 3 = prDM: Pressure, Digiquartz [db]
# name 4 = depSM: Depth [salt water, m]
# name 5 = t090C: Temperature [ITS-90, deg C]
# name 6 = sal00: Salinity, Practical [PSU]
# name 7 = density00: Density [density, kg/m^3]
# name 8 = sigma-é00: Density [sigma-theta, kg/m^3]
# name 9 = potemp090C: Potential Temperature [ITS-90, deg C]
# name 10 = sbeox0PS: Oxygen, SBE 43 [% saturation]
# name 11 = CStarTr0: Beam Transmission, WET Labs C-Star [%]
# name 12 = flECO-AFL: Fluorescence, WET Labs ECO-AFL/FL [mg/m^3]
# name 13 = ph: pH
# name 14 = sbeox0ML/L: Oxygen, SBE 43 [ml/l]
# name 15 = sbeox0Mg/L: Oxygen, SBE 43 [mg/l]
# name 16 = sbox0Mm/Kg: Oxygen, SBE 43 [umol/kg]
# name 17 = sbeox0Mm/L: Oxygen, SBE 43 [umol/l]
# name 18 = flag:  0.000e+00
# span 0 =   56.42972,   56.43002                 
# span 1 = -132.58572, -132.58506                 
# span 2 =      5.278,    261.169                 
# span 3 =      3.155,    194.769                 
# span 4 =      3.126,    192.898                 
# span 5 =     5.8466,    13.3743                 
# span 6 =    13.9753,    33.5477                 
# span 7 =  1010.1226,  1027.3222                 
# span 8 =    10.1067,    26.4260                 
# span 9 =     5.8306,    13.3739                 
# span 10 =     19.773,    102.851                
# span 11 =    22.7110,    99.4019                
# span 12 =    -0.0591,    15.6478                
# span 13 =      7.604,      8.490                
# span 14 =     1.3842,     6.8883                
# span 15 =     1.9782,     9.8440                
# span 16 =     60.229,    304.460                
# span 17 =     61.819,    307.630                
# span 18 = 0.0000e+00, 0.0000e+00                
# interval = seconds: 0.0416667
# start_time = Aug 23 2022 00:50:52 [NMEA time, header]
# bad_flag = -9.990e-29
*END*
[from data line 6934]
   56.42996 -132.58532    205.137    194.551    192.682     5.8510    33.5421  1027.3167    26.4211     5.8350     19.933    78.4811    -0.0298      7.609     1.3954     1.9941     60.713     62.317  0.000e+00
   56.42996 -132.58532    205.137    194.526    192.658     5.8510    33.5423  1027.3167    26.4212     5.8350     19.929    78.5371    -0.0298      7.609     1.3951     1.9937     60.701     62.305  0.000e+00
   56.42996 -132.58532    205.105    194.470    192.602     5.8507    33.5428  1027.3168    26.4216     5.8347     19.925    78.5091    -0.0298      7.609     1.3948     1.9933     60.689     62.293  0.000e+00
   56.42996 -132.58532    205.185    194.551    192.682     5.8510    33.5422  1027.3168    26.4212     5.8349     19.929    78.5091    -0.0298      7.609     1.3951     1.9937     60.700     62.304  0.000e+00
   56.42996 -132.58532    205.105    194.470    192.602     5.8502    33.5431  1027.3172    26.4220     5.8342     19.984    78.5091    -0.0298      7.609     1.3989     1.9992     60.868     62.476  0.000e+00
   56.42996 -132.58532    205.185    194.551    192.682     5.8501    33.5434  1027.3178    26.4222     5.8340     19.987    78.5091    -0.0298      7.609     1.3992     1.9996     60.879     62.487  0.000e+00
   56.42996 -132.58532    205.105    194.470    192.602     5.8501    33.5434  1027.3174    26.4222     5.8341     19.931    78.5091    -0.0298      7.609     1.3953     1.9940     60.709     62.313  0.000e+00
   56.42996 -132.58532    205.306    194.648    192.779     5.8500    33.5436  1027.3184    26.4224     5.8340     19.928    78.5091    -0.0298      7.609     1.3950     1.9936     60.698     62.301  0.000e+00
   56.42996 -132.58532    205.033    194.372    192.506     5.8498    33.5438  1027.3173    26.4226     5.8338     19.930    78.5091    -0.0298      7.609     1.3952     1.9939     60.706     62.310  0.000e+00
   56.42996 -132.58532    205.306    194.648    192.779     5.8498    33.5438  1027.3186    26.4226     5.8337     19.927    78.5091    -0.0298      7.609     1.3950     1.9936     60.696     62.300  0.000e+00
   56.42996 -132.58532    205.033    194.372    192.506     5.8496    33.5440  1027.3175    26.4228     5.8336     19.922    78.5091    -0.0298      7.609     1.3947     1.9931     60.683     62.286  0.000e+00
   56.42996 -132.58532    205.154    194.470    192.602     5.8497    33.5438  1027.3178    26.4226     5.8336     19.919    78.5091    -0.0005      7.609     1.3944     1.9928     60.672     62.275  0.000e+00
   56.42996 -132.58532    205.234    194.551    192.682     5.8493    33.5444  1027.3187    26.4231     5.8333     19.915    78.5091    -0.0005      7.609     1.3942     1.9924     60.661     62.264  0.000e+00
   56.42996 -132.58532    205.154    194.470    192.602     5.8494    33.5441  1027.3181    26.4229     5.8334     19.919    78.5091    -0.0005      7.609     1.3944     1.9927     60.671     62.274  0.000e+00
   56.42996 -132.58532    205.210    194.526    192.658     5.8493    33.5442  1027.3184    26.4229     5.8333     19.923    78.5091    -0.0005      7.609     1.3947     1.9931     60.683     62.287  0.000e+00
   56.42996 -132.58532    205.234    194.551    192.683     5.8489    33.5446  1027.3189    26.4233     5.8328     19.919    78.5091    -0.0005      7.609     1.3945     1.9928     60.674     62.277  0.000e+00
   56.42996 -132.58532    205.275    194.591    192.723     5.8488    33.5448  1027.3193    26.4235     5.8327     19.916    78.5091    -0.0005      7.609     1.3943     1.9925     60.665     62.268  0.000e+00
   56.42996 -132.58532    205.114    194.429    192.562     5.8492    33.5444  1027.3182    26.4231     5.8331     19.913    78.5091    -0.0005      7.609     1.3940     1.9922     60.653     62.256  0.000e+00
   56.42996 -132.58532    205.210    194.526    192.658     5.8496    33.5439  1027.3181    26.4227     5.8335     19.910    78.5091    -0.0005      7.609     1.3938     1.9918     60.644     62.246  0.000e+00
   56.42996 -132.58532    205.170    194.486    192.618     5.8498    33.5437  1027.3178    26.4225     5.8338     19.914    78.4532    -0.0005      7.609     1.3940     1.9922     60.656     62.258  0.000e+00
   56.42996 -132.58532    205.210    194.526    192.658     5.8499    33.5435  1027.3178    26.4223     5.8339     19.911    78.3692    -0.0005      7.609     1.3938     1.9919     60.647     62.249  0.000e+00
   56.42996 -132.58532    205.210    194.526    192.658     5.8496    33.5441  1027.3183    26.4228     5.8335     19.908    78.3413    -0.0005      7.609     1.3937     1.9917     60.638     62.240  0.000e+00
   56.42996 -132.58532    205.234    194.551    192.683     5.8494    33.5441  1027.3184    26.4228     5.8334     19.905    78.3413    -0.0005      7.609     1.3935     1.9914     60.630     62.232  0.000e+00
   56.42996 -132.58532    205.331    194.648    192.779     5.8495    33.5439  1027.3187    26.4227     5.8335     19.902    78.3413    -0.0005      7.609     1.3933     1.9911     60.621     62.223  0.000e+00
   56.42996 -132.58532    205.355    194.672    192.803     5.8493    33.5438  1027.3188    26.4226     5.8332     19.958    78.3413    -0.0005      7.609     1.3972     1.9967     60.792     62.398  0.000e+00
   56.42996 -132.58532    205.331    194.648    192.779     5.8490    33.5443  1027.3191    26.4230     5.8330     19.962    78.3413    -0.0005      7.609     1.3974     1.9971     60.803     62.410  0.000e+00
   56.42996 -132.58532    205.275    194.591    192.723     5.8490    33.5446  1027.3191    26.4233     5.8330     19.907    78.3413    -0.0005      7.609     1.3936     1.9916     60.635     62.237  0.000e+00
   56.42996 -132.58532    205.291    194.608    192.739     5.8497    33.5433  1027.3180    26.4222     5.8336     19.903    78.3413    -0.0005      7.609     1.3933     1.9912     60.624     62.226  0.000e+00
   56.42996 -132.58532    205.154    194.470    192.602     5.8496    33.5437  1027.3177    26.4225     5.8335     19.958    78.3413    -0.0005      7.609     1.3971     1.9967     60.790     62.397  0.000e+00
   56.42996 -132.58532    205.170    194.486    192.618     5.8498    33.5434  1027.3176    26.4223     5.8338     19.961    78.3133    -0.0005      7.609     1.3974     1.9970     60.800     62.407  0.000e+00
   56.42996 -132.58532    205.123    194.413    192.546     5.8496    33.5436  1027.3174    26.4224     5.8336     19.905    78.3413    -0.0005      7.609     1.3935     1.9914     60.630     62.232  0.000e+00
   56.42996 -132.58532    205.107    194.373    192.506     5.8494    33.5440  1027.3175    26.4227     5.8334     19.908    78.3413    -0.0298      7.609     1.3937     1.9917     60.640     62.242  0.000e+00
   56.42996 -132.58532    205.027    194.292    192.426     5.8490    33.5443  1027.3175    26.4230     5.8330     19.904    78.3413    -0.0298      7.609     1.3934     1.9913     60.628     62.230  0.000e+00
   56.42996 -132.58532    205.083    194.348    192.482     5.8486    33.5448  1027.3181    26.4235     5.8326     19.901    78.3413    -0.0298      7.609     1.3932     1.9910     60.617     62.219  0.000e+00
   56.42996 -132.58532    204.866    194.130    192.266     5.8486    33.5450  1027.3173    26.4237     5.8326     19.904    78.3413    -0.0298      7.609     1.3934     1.9913     60.626     62.228  0.000e+00
   56.42996 -132.58532    204.931    194.170    192.306     5.8486    33.5447  1027.3173    26.4234     5.8326     19.908    78.3413    -0.0298      7.609     1.3937     1.9917     60.638     62.241  0.000e+00
   56.42996 -132.58532    204.915    194.130    192.266     5.8490    33.5443  1027.3167    26.4231     5.8330     19.912    78.3413    -0.0298      7.609     1.3939     1.9921     60.650     62.253  0.000e+00
   56.42996 -132.58532    204.835    194.049    192.185     5.8493    33.5445  1027.3165    26.4232     5.8333     19.909    78.3413    -0.0298      7.609     1.3937     1.9917     60.640     62.242  0.000e+00
   56.42996 -132.58532    204.835    194.049    192.185     5.8493    33.5439  1027.3160    26.4227     5.8333     19.906    78.3413    -0.0298      7.609     1.3935     1.9914     60.631     62.234  0.000e+00
   56.42996 -132.58532    204.795    194.008    192.145     5.8502    33.5428  1027.3148    26.4217     5.8342     19.910    78.3133    -0.0298      7.609     1.3938     1.9918     60.644     62.246  0.000e+00
   56.42996 -132.58532    204.732    193.870    192.009     5.8521    33.5407  1027.3123    26.4198     5.8361     19.914    78.2294    -0.0298      7.609     1.3940     1.9922     60.655     62.257  0.000e+00
   56.42996 -132.58532    204.837    193.951    192.089     5.8530    33.5395  1027.3116    26.4188     5.8370     19.919    78.2014    -0.0298      7.609     1.3944     1.9927     60.670     62.273  0.000e+00
   56.42996 -132.58532    204.756    193.870    192.009     5.8541    33.5384  1027.3102    26.4178     5.8381     19.975    78.2014    -0.0298      7.609     1.3983     1.9983     60.840     62.447  0.000e+00
   56.42996 -132.58532    204.756    193.870    192.009     5.8552    33.5370  1027.3089    26.4165     5.8392     19.980    78.2014    -0.0298      7.609     1.3986     1.9987     60.853     62.461  0.000e+00
   56.42996 -132.58532    204.685    193.773    191.913     5.8570    33.5352  1027.3069    26.4149     5.8410     19.926    78.2014    -0.0298      7.609     1.3947     1.9932     60.685     62.288  0.000e+00
   56.42996 -132.58532    204.854    193.871    192.009     5.8583    33.5336  1027.3059    26.4135     5.8423     19.916    78.2014    -0.0298      7.609     1.3940     1.9922     60.654     62.257  0.000e+00
   56.42996 -132.58532    204.662    193.652    191.793     5.8589    33.5327  1027.3041    26.4127     5.8429     19.912    78.2014    -0.0298      7.609     1.3938     1.9918     60.643     62.245  0.000e+00
   56.42996 -132.58532    204.734    193.749    191.889     5.8591    33.5325  1027.3043    26.4125     5.8431     19.917    78.2014    -0.0298      7.609     1.3941     1.9923     60.657     62.259  0.000e+00
   56.42996 -132.58532    204.638    193.652    191.793     5.8589    33.5327  1027.3041    26.4126     5.8429     19.921    78.2014    -0.0298      7.609     1.3944     1.9927     60.671     62.273  0.000e+00
   56.42996 -132.58532    204.727    193.692    191.833     5.8592    33.5321  1027.3038    26.4121     5.8432     19.978    78.2014    -0.0298      7.609     1.3983     1.9983     60.842     62.449  0.000e+00
   56.42996 -132.58532    204.736    193.628    191.769     5.8597    33.5315  1027.3030    26.4116     5.8437     19.923    78.2014    -0.0298      7.609     1.3945     1.9929     60.676     62.279  0.000e+00
   56.42996 -132.58532    204.720    193.587    191.728     5.8600    33.5313  1027.3025    26.4114     5.8440     19.921    78.2014    -0.0298      7.609     1.3943     1.9926     60.668     62.270  0.000e+00
   56.42996 -132.58532    204.704    193.571    191.712     5.8599    33.5316  1027.3028    26.4117     5.8439     19.918    78.2014    -0.0298      7.609     1.3941     1.9923     60.659     62.262  0.000e+00
   56.42996 -132.58532    204.664    193.530    191.672     5.8595    33.5319  1027.3028    26.4119     5.8435     19.922    78.2014    -0.0298      7.609     1.3945     1.9928     60.674     62.276  0.000e+00
   56.42996 -132.58532    204.697    193.514    191.656     5.8589    33.5329  1027.3036    26.4128     5.8430     19.927    78.2014    -0.0298      7.609     1.3948     1.9933     60.689     62.292  0.000e+00
   56.42996 -132.58532    204.770    193.514    191.656     5.8583    33.5337  1027.3044    26.4135     5.8423     19.925    78.2014    -0.0298      7.609     1.3947     1.9931     60.684     62.287  0.000e+00
   56.42996 -132.58532    204.690    193.409    191.552     5.8581    33.5339  1027.3040    26.4137     5.8422     19.923    78.2014    -0.0298      7.609     1.3945     1.9929     60.677     62.280  0.000e+00
   56.42996 -132.58532    204.730    193.449    191.592     5.8583    33.5335  1027.3039    26.4134     5.8423     19.921    78.2014    -0.0298      7.609     1.3944     1.9927     60.671     62.273  0.000e+00
   56.42996 -132.58532    204.610    193.352    191.496     5.8587    33.5328  1027.3028    26.4127     5.8427     19.919    78.2014    -0.0298      7.609     1.3942     1.9925     60.664     62.266  0.000e+00
   56.42996 -132.58532    204.723    193.393    191.536     5.8599    33.5310  1027.3015    26.4112     5.8439     19.917    78.2014    -0.0298      7.609     1.3941     1.9922     60.657     62.259  0.000e+00
   56.42996 -132.58532    204.772    193.393    191.536     5.8609    33.5300  1027.3005    26.4103     5.8450     19.915    78.0336    -0.0298      7.609     1.3939     1.9920     60.649     62.251  0.000e+00
   56.42996 -132.58532    204.555    193.174    191.320     5.8617    33.5291  1027.2987    26.4095     5.8458     19.912    77.9497    -0.0298      7.609     1.3937     1.9917     60.640     62.242  0.000e+00
   56.42996 -132.58532    204.595    193.214    191.360     5.8623    33.5283  1027.2982    26.4088     5.8463     19.910    77.9217    -0.0298      7.609     1.3935     1.9915     60.634     62.235  0.000e+00
   56.42996 -132.58532    204.620    193.214    191.360     5.8629    33.5276  1027.2976    26.4082     5.8470     19.967    77.9217    -0.0298      7.609     1.3975     1.9971     60.805     62.411  0.000e+00
   56.42996 -132.58532    204.702    193.174    191.320     5.8638    33.5267  1027.2966    26.4073     5.8479     19.971    77.9497    -0.0298      7.609     1.3978     1.9975     60.818     62.424  0.000e+00
   56.42996 -132.58532    204.702    193.150    191.296     5.8643    33.5259  1027.2957    26.4066     5.8484     19.975    77.9497    -0.0298      7.609     1.3981     1.9980     60.831     62.437  0.000e+00
   56.42996 -132.58532    204.606    193.052    191.199     5.8643    33.5259  1027.2953    26.4066     5.8484     19.979    77.9497    -0.0298      7.609     1.3983     1.9983     60.843     62.449  0.000e+00
   56.42996 -132.58532    204.702    193.150    191.296     5.8654    33.5246  1027.2946    26.4055     5.8494     19.983    77.9497    -0.0298      7.609     1.3986     1.9987     60.854     62.461  0.000e+00
   56.42996 -132.58532    204.494    192.915    191.063     5.8661    33.5236  1027.2926    26.4046     5.8502     19.986    77.9497    -0.0298      7.609     1.3988     1.9990     60.862     62.469  0.000e+00
   56.42996 -132.58532    204.728    193.052    191.199     5.8662    33.5231  1027.2928    26.4042     5.8503     19.931    77.9497    -0.0298      7.609     1.3949     1.9935     60.695     62.297  0.000e+00
   56.42996 -132.58532    204.616    192.915    191.063     5.8667    33.5226  1027.2918    26.4037     5.8508     19.927    77.9497    -0.0298      7.609     1.3946     1.9931     60.681     62.284  0.000e+00
   56.42996 -132.58532    204.632    192.931    191.079     5.8678    33.5215  1027.2908    26.4027     5.8519     19.923    77.9497    -0.0298      7.609     1.3943     1.9926     60.669     62.271  0.000e+00
   56.42996 -132.58532    204.616    192.915    191.063     5.8683    33.5206  1027.2899    26.4019     5.8523     19.919    77.9497    -0.0298      7.609     1.3941     1.9922     60.657     62.258  0.000e+00
   56.42996 -132.58532    204.665    192.915    191.063     5.8694    33.5190  1027.2886    26.4005     5.8535     19.923    77.9497    -0.0298      7.609     1.3943     1.9925     60.666     62.268  0.000e+00
   56.42996 -132.58532    204.634    192.809    190.959     5.8696    33.5190  1027.2880    26.4005     5.8537     19.926    77.9497    -0.0298      7.609     1.3945     1.9929     60.677     62.279  0.000e+00
