EcoFOCI/data/1_SampleCollection/2022_GOA-OA_CruiseData/CTD_raw_BottleFile_RC0083/RC0083_023.ros
* Sea-Bird SBE 9 Data File:
* FileName = C:\Data\RC0083ctd\RC0083_023.hex
* Software Version Seasave V 7.26.7.107
* Temperature SN = 2060
* Conductivity SN = 1084
* Number of Bytes Per Scan = 31
* Number of Voltage Words = 4
* Number of Scans Averaged by the Deck Unit = 1
* NMEA Latitude = 56 41.50 N
* NMEA Longitude = 135 44.84 W
* NMEA UTC (Time) = Aug 14 2022  21:02:40
* NMEA baud rate = 4800
** Ship: R/V Rachel Carson
** Cruise ID: RC0083
** Tech: McHugh/Nomura
** Chief Scientist: Cross
** Station: SEC03
** Cast:  CTD023
# nquan = 21
# nvalues = 392                                   
# units = specified
# name 0 = latitude: Latitude [deg]
# name 1 = longitude: Longitude [deg]
# name 2 = sfdSM: Seafloor depth [salt water, m]
# name 3 = prDM: Pressure, Digiquartz [db]
# name 4 = depSM: Depth [salt water, m]
# name 5 = t090C: Temperature [ITS-90, deg C]
# name 6 = sal00: Salinity, Practical [PSU]
# name 7 = density00: Density [density, kg/m^3]
# name 8 = sigma-é00: Density [sigma-theta, kg/m^3]
# name 9 = potemp090C: Potential Temperature [ITS-90, deg C]
# name 10 = sbeox0PS: Oxygen, SBE 43 [% saturation]
# name 11 = CStarTr0: Beam Transmission, WET Labs C-Star [%]
# name 12 = flECO-AFL: Fluorescence, WET Labs ECO-AFL/FL [mg/m^3]
# name 13 = ph: pH
# name 14 = sbeox0ML/L: Oxygen, SBE 43 [ml/l]
# name 15 = sbeox0Mg/L: Oxygen, SBE 43 [mg/l]
# name 16 = sbox0Mm/Kg: Oxygen, SBE 43 [umol/kg]
# name 17 = sbeox0Mm/L: Oxygen, SBE 43 [umol/l]
# name 18 = scan: Scan Count
# name 19 = nbf: Bottles Fired
# name 20 = flag:  0.000e+00
# interval = seconds: 0.0416667
# start_time = Aug 14 2022 21:02:40 [NMEA time, header]
# bad_flag = -9.990e-29
*END*
[from data line 138]
   56.69522 -135.75132    192.573     94.831     93.940     6.6843    32.7945  1026.1602    25.7246     6.6761     50.533   105.0237    -0.0591      7.838     3.4867     4.9828    151.809    155.714      12298          3  0.000e+00
   56.69524 -135.75134    192.253     94.507     93.620     6.6845    32.7944  1026.1586    25.7244     6.6762     50.574   105.0237    -0.0591      7.838     3.4895     4.9868    151.932    155.841      12299          3  0.000e+00
   56.69524 -135.75134    192.517     94.774     93.884     6.6843    32.7945  1026.1599    25.7246     6.6761     50.512   104.9957    -0.0591      7.838     3.4852     4.9807    151.746    155.650      12300          3  0.000e+00
   56.69524 -135.75134    192.188     94.442     93.556     6.6842    32.7947  1026.1586    25.7247     6.6760     50.493   104.9957    -0.0591      7.838     3.4839     4.9789    151.690    155.593      12301          3  0.000e+00
   56.69524 -135.75134    192.341     94.596     93.708     6.6830    32.7956  1026.1601    25.7256     6.6748     50.484   104.9957    -0.0591      7.838     3.4834     4.9781    151.666    155.568      12302          3  0.000e+00
   56.69524 -135.75134    192.397     94.653     93.764     6.6825    32.7961  1026.1608    25.7260     6.6743     50.473   105.0237    -0.0591      7.838     3.4827     4.9771    151.634    155.535      12303          3  0.000e+00
   56.69524 -135.75134    192.253     94.507     93.620     6.6820    32.7960  1026.1601    25.7260     6.6738     50.460   105.0237    -0.0591      7.838     3.4818     4.9758    151.595    155.495      12304          3  0.000e+00
   56.69524 -135.75134    192.397     94.653     93.764     6.6805    32.7974  1026.1622    25.7274     6.6722     50.447   105.0237    -0.0591      7.838     3.4810     4.9746    151.561    155.460      12305          3  0.000e+00
   56.69524 -135.75134    192.132     94.386     93.500     6.6804    32.7973  1026.1608    25.7272     6.6722     50.430   104.9957    -0.0591      7.838     3.4798     4.9730    151.510    155.408      12306          3  0.000e+00
   56.69616 -135.75154    170.027     72.067     71.394     7.6286    32.2617  1025.5073    25.1775     7.6218     74.392   105.2474    -0.0298      7.993     5.0405     7.2033    219.578    225.107      14672          4  0.000e+00
   56.69616 -135.75154    170.203     72.245     71.570     7.6241    32.2625  1025.5094    25.1788     7.6174     74.433   105.2474    -0.0298      7.993     5.0437     7.2079    219.718    225.251      14673          4  0.000e+00
   56.69616 -135.75154    170.147     72.188     71.514     7.6195    32.2636  1025.5107    25.1803     7.6127     74.419   105.2474    -0.0298      7.993     5.0433     7.2073    219.701    225.233      14674          4  0.000e+00
   56.69616 -135.75154    170.147     72.188     71.514     7.6158    32.2643  1025.5117    25.1814     7.6091     74.411   105.2474    -0.0298      7.993     5.0431     7.2071    219.693    225.225      14675          4  0.000e+00
   56.69616 -135.75154    170.267     72.309     71.634     7.6142    32.2655  1025.5135    25.1826     7.6075     74.401   105.2474    -0.0298      7.993     5.0426     7.2063    219.668    225.200      14676          4  0.000e+00
   56.69616 -135.75154    170.203     72.245     71.570     7.6147    32.2653  1025.5129    25.1823     7.6080     74.385   105.2474    -0.0298      7.993     5.0415     7.2048    219.622    225.152      14677          4  0.000e+00
   56.69616 -135.75154    170.267     72.309     71.634     7.6151    32.2644  1025.5125    25.1816     7.6084     74.313   105.2474    -0.0298      7.993     5.0365     7.1977    219.407    224.932      14678          4  0.000e+00
   56.69616 -135.75154    170.323     72.366     71.691     7.6142    32.2643  1025.5127    25.1816     7.6075     74.343   105.2474    -0.0298      7.993     5.0387     7.2007    219.499    225.026      14679          4  0.000e+00
   56.69616 -135.75154    170.443     72.487     71.811     7.6124    32.2648  1025.5140    25.1822     7.6056     74.322   105.2474    -0.0298      7.993     5.0374     7.1990    219.446    224.972      14680          4  0.000e+00
   56.69616 -135.75154    170.379     72.422     71.747     7.6108    32.2649  1025.5140    25.1826     7.6041     74.304   105.2474    -0.0298      7.993     5.0364     7.1975    219.401    224.926      14681          4  0.000e+00
   56.69616 -135.75154    170.499     72.544     71.867     7.6109    32.2649  1025.5145    25.1825     7.6041     74.285   105.2474    -0.0298      7.993     5.0351     7.1957    219.345    224.868      14682          4  0.000e+00
   56.69616 -135.75154    170.499     72.544     71.867     7.6115    32.2648  1025.5144    25.1824     7.6047     74.207   105.2474    -0.0298      7.993     5.0298     7.1880    219.111    224.629      14683          4  0.000e+00
   56.69616 -135.75154    170.563     72.608     71.931     7.6121    32.2644  1025.5143    25.1820     7.6053     74.183   105.2474    -0.0298      7.993     5.0281     7.1856    219.039    224.555      14684          4  0.000e+00
   56.69616 -135.75154    170.619     72.665     71.987     7.6100    32.2647  1025.5151    25.1825     7.6032     74.158   105.2474    -0.0298      7.993     5.0266     7.1836    218.975    224.489      14685          4  0.000e+00
   56.69616 -135.75154    170.675     72.722     72.043     7.6076    32.2651  1025.5159    25.1831     7.6008     74.076   105.2474    -0.0298      7.998     5.0213     7.1759    218.742    224.251      14686          4  0.000e+00
   56.69616 -135.75154    170.675     72.722     72.043     7.6060    32.2657  1025.5166    25.1838     7.5993     74.047   105.2474    -0.0298      7.993     5.0195     7.1734    218.664    224.171      14687          4  0.000e+00
   56.69616 -135.75154    170.739     72.786     72.107     7.6041    32.2656  1025.5172    25.1840     7.5973     74.018   105.2474    -0.0298      7.994     5.0177     7.1708    218.587    224.092      14688          4  0.000e+00
   56.69616 -135.75154    170.916     72.964     72.283     7.6017    32.2657  1025.5184    25.1845     7.5949     73.988   105.2474    -0.0298      7.998     5.0160     7.1684    218.512    224.015      14689          4  0.000e+00
   56.69616 -135.75154    170.868     72.916     72.235     7.5996    32.2670  1025.5195    25.1858     7.5928     73.963   105.2474    -0.0298      7.994     5.0145     7.1662    218.446    223.948      14690          4  0.000e+00
   56.69616 -135.75154    170.972     73.021     72.339     7.5985    32.2673  1025.5204    25.1862     7.5917     73.882   105.2474    -0.0298      7.998     5.0092     7.1586    218.213    223.709      14691          4  0.000e+00
   56.69616 -135.75154    170.972     73.021     72.339     7.5974    32.2671  1025.5203    25.1861     7.5906     73.849   105.2474    -0.0298      7.998     5.0070     7.1555    218.120    223.613      14692          4  0.000e+00
   56.69616 -135.75154    171.092     73.142     72.459     7.5960    32.2676  1025.5215    25.1867     7.5891     73.760   105.2474    -0.0298      7.998     5.0011     7.1471    217.863    223.351      14693          4  0.000e+00
   56.69616 -135.75154    171.148     73.199     72.515     7.5945    32.2675  1025.5219    25.1869     7.5877     73.719   105.2474    -0.0298      7.998     4.9985     7.1434    217.749    223.233      14694          4  0.000e+00
   56.69616 -135.75154    171.148     73.199     72.515     7.5917    32.2681  1025.5227    25.1877     7.5848     73.677   105.2474    -0.0298      7.998     4.9960     7.1397    217.638    223.120      14695          4  0.000e+00
   56.69616 -135.75154    171.268     73.320     72.636     7.5886    32.2688  1025.5243    25.1887     7.5818     73.587   105.2754    -0.0298      7.998     4.9902     7.1315    217.388    222.864      14696          4  0.000e+00
   56.69616 -135.75154    171.268     73.320     72.636     7.5859    32.2689  1025.5248    25.1892     7.5791     73.546   105.3034    -0.0298      7.998     4.9877     7.1279    217.278    222.752      14697          4  0.000e+00
   56.69616 -135.75154    171.268     73.320     72.636     7.5837    32.2689  1025.5251    25.1895     7.5769     73.504   105.3034    -0.0298      7.998     4.9852     7.1243    217.167    222.637      14698          4  0.000e+00
   56.69616 -135.75154    171.268     73.320     72.636     7.5824    32.2690  1025.5253    25.1898     7.5755     73.463   105.3034    -0.0298      7.998     4.9825     7.1205    217.051    222.519      14699          4  0.000e+00
   56.69616 -135.75154    171.332     73.385     72.700     7.5809    32.2691  1025.5259    25.1900     7.5741     73.423   105.3034    -0.0298      7.998     4.9799     7.1168    216.939    222.404      14700          4  0.000e+00
   56.69616 -135.75154    171.332     73.385     72.700     7.5786    32.2698  1025.5268    25.1909     7.5718     73.334   105.3034    -0.0298      7.998     4.9742     7.1086    216.687    222.146      14701          4  0.000e+00
   56.69616 -135.75154    171.388     73.441     72.756     7.5765    32.2697  1025.5273    25.1911     7.5697     73.240   105.3034    -0.0298      7.998     4.9680     7.0997    216.418    221.870      14702          4  0.000e+00
   56.69616 -135.75154    171.388     73.441     72.756     7.5750    32.2700  1025.5277    25.1915     7.5681     73.138   105.3034    -0.0298      7.998     4.9613     7.0902    216.126    221.571      14703          4  0.000e+00
   56.69616 -135.75154    171.388     73.441     72.756     7.5735    32.2697  1025.5276    25.1915     7.5667     73.095   105.3034    -0.0298      7.998     4.9585     7.0862    216.005    221.446      14704          4  0.000e+00
   56.69616 -135.75154    171.444     73.498     72.812     7.5726    32.2698  1025.5281    25.1917     7.5657     73.061   105.3034    -0.0298      7.998     4.9563     7.0830    215.909    221.348      14705          4  0.000e+00
   56.69616 -135.75154    171.508     73.562     72.876     7.5724    32.2703  1025.5289    25.1921     7.5655     73.021   105.3034    -0.0298      7.998     4.9536     7.0792    215.793    221.229      14706          4  0.000e+00
   56.69616 -135.75154    171.388     73.441     72.756     7.5743    32.2700  1025.5278    25.1916     7.5674     72.926   105.3034    -0.0298      7.998     4.9470     7.0697    215.502    220.931      14707          4  0.000e+00
   56.69616 -135.75154    171.508     73.562     72.876     7.5754    32.2699  1025.5282    25.1914     7.5685     72.828   105.3034    -0.0298      7.998     4.9402     7.0600    215.207    220.628      14708          4  0.000e+00
   56.69616 -135.75154    171.444     73.498     72.812     7.5759    32.2695  1025.5275    25.1910     7.5690     72.787   105.3034    -0.0298      7.998     4.9373     7.0560    215.083    220.502      14709          4  0.000e+00
   56.69616 -135.75154    171.508     73.562     72.876     7.5752    32.2702  1025.5284    25.1917     7.5684     72.742   105.3034    -0.0298      7.998     4.9344     7.0517    214.953    220.368      14710          4  0.000e+00
   56.69616 -135.75154    171.444     73.498     72.812     7.5759    32.2699  1025.5278    25.1914     7.5690     72.650   105.3034    -0.0298      7.998     4.9281     7.0427    214.679    220.087      14711          4  0.000e+00
   56.69616 -135.75154    171.564     73.619     72.932     7.5762    32.2696  1025.5280    25.1911     7.5694     72.611   105.3034    -0.0298      7.998     4.9254     7.0389    214.564    219.969      14712          4  0.000e+00
   56.69616 -135.75154    171.508     73.562     72.876     7.5747    32.2702  1025.5284    25.1917     7.5679     72.519   105.3034    -0.0298      7.998     4.9193     7.0301    214.296    219.695      14713          4  0.000e+00
   56.69616 -135.75154    171.268     73.320     72.636     7.5715    32.2707  1025.5282    25.1926     7.5647     72.476   105.3034    -0.0298      7.998     4.9167     7.0265    214.186    219.582      14714          4  0.000e+00
   56.69616 -135.75154    171.684     73.740     73.052     7.5707    32.2705  1025.5301    25.1926     7.5638     72.451   105.3034    -0.0298      7.998     4.9151     7.0242    214.114    219.508      14715          4  0.000e+00
   56.69616 -135.75154    171.508     73.562     72.876     7.5696    32.2708  1025.5296    25.1929     7.5628     72.367   105.3313    -0.0298      7.998     4.9096     7.0162    213.872    219.261      14716          4  0.000e+00
   56.69616 -135.75154    171.268     73.320     72.636     7.5678    32.2712  1025.5291    25.1935     7.5610     72.328   105.4153    -0.0298      7.998     4.9071     7.0127    213.765    219.151      14717          4  0.000e+00
   56.69616 -135.75154    171.684     73.740     73.052     7.5669    32.2709  1025.5309    25.1933     7.5601     72.306   105.4432    -0.0298      7.998     4.9057     7.0108    213.706    219.090      14718          4  0.000e+00
   56.69616 -135.75154    171.388     73.441     72.756     7.5664    32.2711  1025.5298    25.1936     7.5595     72.226   105.4432    -0.0298      7.998     4.9003     7.0031    213.471    218.849      14719          4  0.000e+00
   56.69616 -135.75154    171.444     73.498     72.812     7.5664    32.2712  1025.5301    25.1937     7.5595     72.194   105.4432    -0.0298      7.998     4.8982     7.0000    213.376    218.752      14720          4  0.000e+00
   56.69676 -135.75130    151.877     53.744     53.245     8.6334    31.8867  1024.9825    24.7377     8.6280     70.960   103.9329     0.1167      7.995     4.7115     6.7332    205.337    210.417      16462          5  0.000e+00
   56.69676 -135.75130    151.525     53.388     52.892     8.6335    31.8872  1024.9813    24.7380     8.6282     70.942   103.9329     0.1167      7.995     4.7103     6.7315    205.284    210.363      16463          5  0.000e+00
   56.69676 -135.75130    151.645     53.509     53.012     8.6339    31.8870  1024.9816    24.7378     8.6285     70.934   103.9329     0.1167      7.995     4.7097     6.7307    205.259    210.336      16464          5  0.000e+00
   56.69676 -135.75130    151.525     53.388     52.892     8.6350    31.8866  1024.9806    24.7373     8.6296     70.921   103.9049     0.1167      7.995     4.7088     6.7293    205.218    210.295      16465          5  0.000e+00
   56.69676 -135.75130    151.581     53.445     52.948     8.6367    31.8858  1024.9799    24.7364     8.6313     70.909   103.9329     0.1167      7.995     4.7078     6.7279    205.176    210.251      16466          5  0.000e+00
   56.69676 -135.75130    151.581     53.445     52.948     8.6376    31.8853  1024.9794    24.7359     8.6323     70.894   103.9329     0.1167      7.995     4.7068     6.7264    205.129    210.204      16467          5  0.000e+00
   56.69676 -135.75130    151.581     53.445     52.948     8.6380    31.8853  1024.9794    24.7359     8.6326     70.830   103.9329     0.1167      7.995     4.7024     6.7203    204.942    210.011      16468          5  0.000e+00
   56.69676 -135.75130    151.525     53.388     52.892     8.6376    31.8850  1024.9790    24.7357     8.6323     70.812   103.9329     0.1167      7.995     4.7013     6.7187    204.893    209.961      16469          5  0.000e+00
   56.69676 -135.75130    151.581     53.445     52.948     8.6380    31.8849  1024.9790    24.7355     8.6326     70.794   103.9329     0.1167      7.995     4.7001     6.7169    204.840    209.907      16470          5  0.000e+00
   56.69676 -135.75130    151.525     53.388     52.892     8.6382    31.8848  1024.9787    24.7354     8.6329     70.774   103.9329     0.1167      7.995     4.6988     6.7150    204.781    209.846      16471          5  0.000e+00
