EcoFOCI/data/1_SampleCollection/2022_GOA-OA_CruiseData/CTD_raw_BottleFile_RC0083/RC0083_051.ros
* Sea-Bird SBE 9 Data File:
* FileName = C:\Data\RC0083ctd\RC0083_051.hex
* Software Version Seasave V 7.26.7.107
* Temperature SN = 2060
* Conductivity SN = 1084
* Number of Bytes Per Scan = 31
* Number of Voltage Words = 4
* Number of Scans Averaged by the Deck Unit = 1
* NMEA Latitude = 58 14.99 N
* NMEA Longitude = 136 56.67 W
* NMEA UTC (Time) = Aug 19 2022  09:41:15
* NMEA baud rate = 4800
** Ship: R/V Rachel Carson
** Cruise ID: RC0083
** Tech: McHugh/Nomura
** Chief Scientist: Cross
** Station: SEM0
** Cast:  CTD051
# nquan = 21
# nvalues = 343                                   
# units = specified
# name 0 = latitude: Latitude [deg]
# name 1 = longitude: Longitude [deg]
# name 2 = sfdSM: Seafloor depth [salt water, m]
# name 3 = prDM: Pressure, Digiquartz [db]
# name 4 = depSM: Depth [salt water, m]
# name 5 = t090C: Temperature [ITS-90, deg C]
# name 6 = sal00: Salinity, Practical [PSU]
# name 7 = density00: Density [density, kg/m^3]
# name 8 = sigma-é00: Density [sigma-theta, kg/m^3]
# name 9 = potemp090C: Potential Temperature [ITS-90, deg C]
# name 10 = sbeox0PS: Oxygen, SBE 43 [% saturation]
# name 11 = CStarTr0: Beam Transmission, WET Labs C-Star [%]
# name 12 = flECO-AFL: Fluorescence, WET Labs ECO-AFL/FL [mg/m^3]
# name 13 = ph: pH
# name 14 = sbeox0ML/L: Oxygen, SBE 43 [ml/l]
# name 15 = sbeox0Mg/L: Oxygen, SBE 43 [mg/l]
# name 16 = sbox0Mm/Kg: Oxygen, SBE 43 [umol/kg]
# name 17 = sbeox0Mm/L: Oxygen, SBE 43 [umol/l]
# name 18 = scan: Scan Count
# name 19 = nbf: Bottles Fired
# name 20 = flag:  0.000e+00
# interval = seconds: 0.0416667
# start_time = Aug 19 2022 09:41:15 [NMEA time, header]
# bad_flag = -9.990e-29
*END*
[from data line 276]
   58.25148 -136.94138    109.904     11.378     11.272    13.1756    31.5421  1023.7323    23.6815    13.1741     95.593    95.3744     2.1094      8.251     5.7689     8.2443    251.679    257.639      16319          6  0.000e+00
   58.25148 -136.94138    110.112     11.588     11.480    13.1738    31.5374  1023.7300    23.6783    13.1722     95.593    95.3464     2.1094      8.247     5.7693     8.2449    251.696    257.656      16320          6  0.000e+00
   58.25148 -136.94138    110.056     11.531     11.424    13.1567    31.5379  1023.7334    23.6820    13.1552     95.591    95.3744     2.1094      8.247     5.7711     8.2475    251.776    257.739      16321          6  0.000e+00
   58.25148 -136.94138    110.056     11.531     11.424    13.1357    31.5404  1023.7395    23.6881    13.1342     95.588    95.3744     2.1094      8.251     5.7734     8.2508    251.874    257.840      16322          6  0.000e+00
   58.25148 -136.94138    110.024     11.499     11.392    13.1204    31.5390  1023.7413    23.6900    13.1189     95.585    95.3744     2.1094      8.251     5.7751     8.2532    251.946    257.915      16323          6  0.000e+00
   58.25148 -136.94138    110.112     11.588     11.480    13.1104    31.5334  1023.7393    23.6876    13.1088     95.635    95.3744     2.0801      8.247     5.7795     8.2595    252.141    258.114      16324          6  0.000e+00
   58.25148 -136.94138    110.056     11.531     11.424    13.1030    31.5301  1023.7379    23.6865    13.1015     95.582    95.3744     2.1094      8.247     5.7773     8.2563    252.044    258.014      16325          6  0.000e+00
   58.25148 -136.94138    110.112     11.588     11.480    13.0957    31.5288  1023.7386    23.6869    13.0941     95.577    95.3744     2.1094      8.247     5.7780     8.2573    252.073    258.044      16326          6  0.000e+00
   58.25148 -136.94138    110.080     11.555     11.448    13.0950    31.5239  1023.7348    23.6832    13.0935     95.571    95.3744     2.1094      8.247     5.7778     8.2571    252.068    258.038      16327          6  0.000e+00
   58.25148 -136.94138    110.168     11.644     11.536    13.0843    31.5213  1023.7353    23.6833    13.0828     95.566    95.3744     2.1094      8.247     5.7789     8.2586    252.115    258.086      16328          6  0.000e+00
   58.25148 -136.94138    110.112     11.588     11.480    13.0582    31.5228  1023.7413    23.6896    13.0566     95.566    95.3744     2.1094      8.247     5.7820     8.2630    252.246    258.222      16329          6  0.000e+00
   58.25148 -136.94138    110.144     11.620     11.512    13.0367    31.5238  1023.7464    23.6945    13.0352     95.566    95.3744     2.1094      8.247     5.7845     8.2666    252.356    258.335      16330          6  0.000e+00
   58.25148 -136.94138    110.168     11.644     11.536    13.0373    31.5175  1023.7415    23.6895    13.0358     95.564    95.3744     2.1094      8.247     5.7846     8.2667    252.360    258.338      16331          6  0.000e+00
   58.25148 -136.94138    110.168     11.644     11.536    13.0316    31.5120  1023.7384    23.6864    13.0301     95.509    95.3744     2.1094      8.247     5.7821     8.2632    252.254    258.229      16332          6  0.000e+00
   58.25148 -136.94138    110.168     11.644     11.536    13.0123    31.5155  1023.7449    23.6929    13.0107     95.503    95.3744     2.1094      8.247     5.7839     8.2658    252.332    258.310      16333          6  0.000e+00
   58.25148 -136.94138    110.144     11.620     11.512    12.9916    31.5283  1023.7587    23.7068    12.9900     95.497    95.3744     2.1387      8.247     5.7856     8.2681    252.399    258.383      16334          6  0.000e+00
   58.25148 -136.94138    110.232     11.709     11.600    12.9905    31.5270  1023.7583    23.7060    12.9889     95.490    95.3744     2.1973      8.247     5.7853     8.2678    252.390    258.373      16335          6  0.000e+00
   58.25148 -136.94138    110.168     11.644     11.536    12.9919    31.5195  1023.7519    23.6999    12.9903     95.482    95.3744     2.1973      8.247     5.7849     8.2672    252.374    258.355      16336          6  0.000e+00
   58.25166 -136.94108    103.056      4.465      4.424    14.2802    31.5755  1023.5046    23.4848    14.2795    101.145    94.0319     2.0801      8.298     5.9662     8.5263    260.336    266.450      17894          7  0.000e+00
   58.25166 -136.94108    103.088      4.498      4.456    14.2804    31.5756  1023.5048    23.4848    14.2797    101.159    94.0039     2.1680      8.298     5.9670     8.5274    260.371    266.486      17895          7  0.000e+00
   58.25166 -136.94108    102.992      4.401      4.360    14.2802    31.5758  1023.5045    23.4850    14.2795    101.171    94.0319     2.2266      8.298     5.9677     8.5284    260.402    266.518      17896          7  0.000e+00
   58.25166 -136.94108    103.032      4.441      4.400    14.2802    31.5756  1023.5046    23.4848    14.2795    101.184    94.0319     2.2266      8.298     5.9685     8.5296    260.436    266.553      17897          7  0.000e+00
   58.25166 -136.94108    103.056      4.465      4.424    14.2798    31.5753  1023.5045    23.4847    14.2792    101.244    94.0319     2.2266      8.298     5.9721     8.5347    260.593    266.713      17898          7  0.000e+00
   58.25166 -136.94108    103.064      4.498      4.456    14.2788    31.5751  1023.5047    23.4847    14.2782    101.256    94.0319     2.2266      8.298     5.9729     8.5359    260.629    266.750      17899          7  0.000e+00
   58.25166 -136.94108    103.088      4.498      4.456    14.2777    31.5754  1023.5052    23.4852    14.2770    101.213    94.0319     2.2266      8.298     5.9705     8.5325    260.525    266.643      17900          7  0.000e+00
   58.25166 -136.94108    103.168      4.579      4.536    14.2775    31.5751  1023.5053    23.4850    14.2768    101.219    94.0319     2.2266      8.298     5.9709     8.5330    260.541    266.660      17901          7  0.000e+00
   58.25166 -136.94108    103.152      4.562      4.520    14.2777    31.5754  1023.5054    23.4852    14.2770    101.275    94.0319     2.2266      8.298     5.9742     8.5377    260.685    266.807      17902          7  0.000e+00
   58.25166 -136.94108    103.168      4.579      4.536    14.2775    31.5755  1023.5056    23.4853    14.2768    101.278    94.0319     2.2266      8.298     5.9744     8.5380    260.693    266.816      17903          7  0.000e+00
   58.25166 -136.94108    103.032      4.441      4.400    14.2778    31.5750  1023.5046    23.4848    14.2772    101.278    94.0319     2.2266      8.298     5.9744     8.5380    260.693    266.815      17904          7  0.000e+00
   58.25166 -136.94108    103.344      4.756      4.712    14.2778    31.5751  1023.5061    23.4849    14.2771    101.283    94.0319     2.2266      8.298     5.9746     8.5383    260.704    266.827      17905          7  0.000e+00
   58.25166 -136.94108    103.208      4.619      4.576    14.2777    31.5753  1023.5056    23.4851    14.2770    101.286    94.0319     2.2266      8.298     5.9748     8.5386    260.713    266.836      17906          7  0.000e+00
   58.25166 -136.94108    103.208      4.619      4.576    14.2773    31.5751  1023.5056    23.4851    14.2766    101.290    94.0319     2.2266      8.298     5.9751     8.5390    260.726    266.849      17907          7  0.000e+00
   58.25166 -136.94108    103.232      4.643      4.600    14.2773    31.5752  1023.5057    23.4851    14.2766    101.294    94.0319     2.2266      8.298     5.9753     8.5393    260.735    266.858      17908          7  0.000e+00
   58.25166 -136.94108    103.208      4.619      4.576    14.2773    31.5752  1023.5056    23.4851    14.2766    101.296    94.0319     2.2266      8.298     5.9754     8.5395    260.740    266.864      17909          7  0.000e+00
   58.25166 -136.94108    103.264      4.700      4.656    14.2772    31.5755  1023.5063    23.4854    14.2765    101.298    94.0319     2.2266      8.298     5.9756     8.5397    260.747    266.870      17910          7  0.000e+00
   58.25166 -136.94108    103.208      4.619      4.576    14.2775    31.5752  1023.5056    23.4851    14.2768    101.245    94.0319     2.2266      8.298     5.9724     8.5352    260.608    266.729      17911          7  0.000e+00
   58.25166 -136.94108    103.264      4.675      4.632    14.2775    31.5755  1023.5061    23.4853    14.2768    101.241    94.0319     2.2266      8.298     5.9722     8.5348    260.596    266.717      17912          7  0.000e+00
   58.25166 -136.94108     99.943      4.700      4.656    14.2777    31.5756  1023.5062    23.4853    14.2770    101.288    94.0319     2.2266      8.298     5.9749     8.5388    260.717    266.840      17913          7  0.000e+00
   58.25166 -136.94108     74.888      4.675      4.632    14.2780    31.5754  1023.5059    23.4851    14.2773    101.286    94.0319     2.2266      8.298     5.9748     8.5386    260.711    266.834      17914          7  0.000e+00
   58.25166 -136.94108     62.873      4.700      4.656    14.2780    31.5755  1023.5061    23.4852    14.2773    101.284    94.0319     2.1973      8.298     5.9747     8.5384    260.706    266.828      17915          7  0.000e+00
   58.25166 -136.94108     61.799      4.676      4.632    14.2780    31.5759  1023.5063    23.4855    14.2773    101.228    94.0319     2.1973      8.298     5.9713     8.5336    260.560    266.679      17916          7  0.000e+00
   58.25166 -136.94108     62.817      4.643      4.600    14.2790    31.5755  1023.5056    23.4850    14.2784    101.218    94.0319     2.1973      8.298     5.9707     8.5327    260.531    266.649      17917          7  0.000e+00
   58.25166 -136.94108     63.338      4.676      4.632    14.2802    31.5754  1023.5054    23.4847    14.2795    101.209    94.0319     2.1973      8.298     5.9700     8.5317    260.501    266.619      17918          7  0.000e+00
   58.25166 -136.94108     63.362      4.676      4.632    14.2809    31.5758  1023.5056    23.4849    14.2802    101.199    94.0039     2.1973      8.298     5.9693     8.5307    260.470    266.587      17919          7  0.000e+00
   58.25166 -136.94108     63.281      4.643      4.600    14.2816    31.5758  1023.5053    23.4847    14.2809    101.187    94.0319     2.1973      8.298     5.9685     8.5296    260.437    266.553      17920          7  0.000e+00
   58.25166 -136.94108     63.289      4.676      4.632    14.2811    31.5757  1023.5055    23.4847    14.2804    101.234    94.0319     2.1973      8.298     5.9713     8.5336    260.561    266.680      17921          7  0.000e+00
   58.25166 -136.94108     63.257      4.643      4.600    14.2807    31.5759  1023.5056    23.4850    14.2800    101.227    94.0039     2.1973      8.298     5.9709     8.5331    260.543    266.662      17922          7  0.000e+00
   58.25166 -136.94108     63.233      4.619      4.576    14.2805    31.5757  1023.5054    23.4848    14.2799    101.219    94.0039     2.1973      8.298     5.9705     8.5324    260.523    266.641      17923          7  0.000e+00
   58.25166 -136.94108     63.257      4.643      4.600    14.2802    31.5755  1023.5054    23.4847    14.2795    101.210    94.0039     2.1973      8.298     5.9700     8.5318    260.503    266.621      17924          7  0.000e+00
   58.25166 -136.94108     63.233      4.619      4.576    14.2798    31.5757  1023.5055    23.4850    14.2792    101.205    94.0039     2.1973      8.298     5.9698     8.5314    260.493    266.611      17925          7  0.000e+00
   58.25166 -136.94108     63.233      4.619      4.576    14.2798    31.5754  1023.5053    23.4848    14.2792    101.201    94.0039     2.1973      8.298     5.9695     8.5310    260.481    266.598      17926          7  0.000e+00
   58.25166 -136.94108     63.193      4.579      4.536    14.2792    31.5759  1023.5056    23.4852    14.2786    101.194    94.0039     2.1973      8.298     5.9692     8.5306    260.468    266.585      17927          7  0.000e+00
   58.25166 -136.94108     63.177      4.563      4.520    14.2793    31.5756  1023.5053    23.4850    14.2787    101.188    94.0039     2.1973      8.298     5.9688     8.5300    260.451    266.567      17928          7  0.000e+00
   58.25166 -136.94108     74.932      4.522      4.480    14.2793    31.5756  1023.5051    23.4850    14.2787    101.181    94.0039     2.1973      8.298     5.9684     8.5294    260.432    266.548      17929          7  0.000e+00
   58.25166 -136.94108     97.658      4.563      4.520    14.2792    31.5755  1023.5052    23.4849    14.2786    101.174    94.0039     2.1973      8.298     5.9680     8.5289    260.415    266.530      17930          7  0.000e+00
   58.25166 -136.94108    104.456      4.498      4.456    14.2790    31.5755  1023.5050    23.4850    14.2784    101.112    94.0039     2.1973      8.298     5.9644     8.5237    260.256    266.368      17931          7  0.000e+00
   58.25166 -136.94108    104.236      4.522      4.480    14.2787    31.5752  1023.5049    23.4848    14.2781    101.151    94.0039     2.1973      8.298     5.9667     8.5271    260.360    266.475      17932          7  0.000e+00
   58.25166 -136.94108    103.284      4.498      4.456    14.2783    31.5754  1023.5050    23.4850    14.2777    101.142    94.0039     2.1973      8.298     5.9662     8.5263    260.337    266.451      17933          7  0.000e+00
   58.25166 -136.94108    102.983      4.466      4.424    14.2777    31.5750  1023.5047    23.4849    14.2770    101.137    94.0039     2.1680      8.298     5.9660     8.5260    260.329    266.442      17934          7  0.000e+00
   58.25166 -136.94108    102.984      4.441      4.400    14.2777    31.5754  1023.5049    23.4852    14.2770    101.132    94.0039     2.1973      8.298     5.9657     8.5256    260.314    266.428      17935          7  0.000e+00
   58.25166 -136.94108    103.032      4.466      4.424    14.2777    31.5756  1023.5052    23.4853    14.2770    101.074    94.0039     2.2266      8.298     5.9623     8.5207    260.165    266.275      17936          7  0.000e+00
   58.25166 -136.94108    102.969      4.377      4.336    14.2775    31.5754  1023.5047    23.4852    14.2769    101.062    94.0039     2.2266      8.298     5.9616     8.5197    260.136    266.245      17937          7  0.000e+00
   58.25166 -136.94108    103.033      4.441      4.400    14.2778    31.5749  1023.5045    23.4848    14.2772    101.104    94.0039     2.2266      8.298     5.9641     8.5233    260.245    266.357      17938          7  0.000e+00
   58.25166 -136.94108    102.937      4.345      4.304    14.2778    31.5750  1023.5041    23.4848    14.2772    101.097    94.0039     2.2266      8.298     5.9637     8.5227    260.226    266.337      17939          7  0.000e+00
   58.25166 -136.94108    102.969      4.377      4.336    14.2777    31.5750  1023.5044    23.4849    14.2771    101.096    94.0039     2.2266      8.298     5.9636     8.5226    260.224    266.335      17940          7  0.000e+00
   58.25166 -136.94106    102.937      4.345      4.304    14.2777    31.5747  1023.5040    23.4847    14.2771    101.041    94.0039     2.2266      8.298     5.9604     8.5180    260.083    266.191      17941          7  0.000e+00
   58.25166 -136.94106    102.888      4.320      4.280    14.2777    31.5749  1023.5040    23.4848    14.2771    101.087    94.0039     2.2266      8.298     5.9631     8.5219    260.201    266.312      17942          7  0.000e+00
