EcoFOCI/data/1_SampleCollection/2022_GOA-OA_CruiseData/CTD_raw_BottleFile_RC0083/RC0083_043.ros
* Sea-Bird SBE 9 Data File:
* FileName = C:\Data\RC0083ctd\RC0083_043.hex
* Software Version Seasave V 7.26.7.107
* Temperature SN = 2060
* Conductivity SN = 1084
* Number of Bytes Per Scan = 31
* Number of Voltage Words = 4
* Number of Scans Averaged by the Deck Unit = 1
* NMEA Latitude = 58 07.79 N
* NMEA Longitude = 136 33.45 W
* NMEA UTC (Time) = Aug 18 2022  22:19:16
* NMEA baud rate = 4800
** Ship: R/V Rachel Carson
** Cruise ID: RC0083
** Tech: McHugh/Nomura
** Chief Scientist: Cross
** Station: XS2
** Cast:  CTD043
# nquan = 21
# nvalues = 441                                   
# units = specified
# name 0 = latitude: Latitude [deg]
# name 1 = longitude: Longitude [deg]
# name 2 = sfdSM: Seafloor depth [salt water, m]
# name 3 = prDM: Pressure, Digiquartz [db]
# name 4 = depSM: Depth [salt water, m]
# name 5 = t090C: Temperature [ITS-90, deg C]
# name 6 = sal00: Salinity, Practical [PSU]
# name 7 = density00: Density [density, kg/m^3]
# name 8 = sigma-é00: Density [sigma-theta, kg/m^3]
# name 9 = potemp090C: Potential Temperature [ITS-90, deg C]
# name 10 = sbeox0PS: Oxygen, SBE 43 [% saturation]
# name 11 = CStarTr0: Beam Transmission, WET Labs C-Star [%]
# name 12 = flECO-AFL: Fluorescence, WET Labs ECO-AFL/FL [mg/m^3]
# name 13 = ph: pH
# name 14 = sbeox0ML/L: Oxygen, SBE 43 [ml/l]
# name 15 = sbeox0Mg/L: Oxygen, SBE 43 [mg/l]
# name 16 = sbox0Mm/Kg: Oxygen, SBE 43 [umol/kg]
# name 17 = sbeox0Mm/L: Oxygen, SBE 43 [umol/l]
# name 18 = scan: Scan Count
# name 19 = nbf: Bottles Fired
# name 20 = flag:  0.000e+00
# interval = seconds: 0.0416667
# start_time = Aug 18 2022 22:19:16 [NMEA time, header]
# bad_flag = -9.990e-29
*END*
[from data line 414]
   58.13006 -136.55170    102.102      3.502      3.469     9.3127    29.8898  1023.0884    23.0724     9.3123     74.153    71.5168     0.2339      8.054     4.9125     7.0205    214.446    219.394      29582          9  0.000e+00
   58.13006 -136.55170    102.078      3.477      3.445     9.3113    29.8899  1023.0886    23.0727     9.3109     74.159    71.5168     0.2339      8.054     4.9131     7.0213    214.470    219.418      29583          9  0.000e+00
   58.13006 -136.55170    102.158      3.558      3.525     9.3124    29.8904  1023.0892    23.0729     9.3120     74.165    71.5168     0.2339      8.054     4.9133     7.0216    214.480    219.428      29584          9  0.000e+00
   58.13006 -136.55170    102.078      3.477      3.445     9.3185    29.8905  1023.0879    23.0721     9.3181     74.167    71.1253     0.2339      8.054     4.9128     7.0209    214.457    219.405      29585          9  0.000e+00
   58.13006 -136.55170    102.158      3.558      3.525     9.3230    29.8905  1023.0876    23.0714     9.3226     74.170    70.2303     0.2339      8.054     4.9125     7.0204    214.444    219.392      29586          9  0.000e+00
   58.13006 -136.55170    102.134      3.534      3.501     9.3227    29.8916  1023.0884    23.0723     9.3223     74.171    69.9226     0.2339      8.054     4.9126     7.0206    214.448    219.396      29587          9  0.000e+00
   58.13006 -136.55170    102.134      3.534      3.501     9.3253    29.8895  1023.0864    23.0702     9.3249     74.172    69.9226     0.2339      8.054     4.9124     7.0203    214.440    219.387      29588          9  0.000e+00
   58.13006 -136.55170    102.158      3.558      3.525     9.3263    29.8903  1023.0870    23.0708     9.3259     74.171    69.9785     0.2339      8.054     4.9122     7.0200    214.432    219.380      29589          9  0.000e+00
   58.13006 -136.55170    102.109      3.534      3.501     9.3275    29.8898  1023.0863    23.0702     9.3272     74.169    69.9785     0.2339      8.054     4.9120     7.0197    214.421    219.368      29590          9  0.000e+00
   58.13006 -136.55170    102.158      3.558      3.525     9.3268    29.8894  1023.0862    23.0699     9.3264     74.221    70.0065     0.2339      8.054     4.9155     7.0247    214.576    219.526      29591          9  0.000e+00
   58.13006 -136.55170    102.198      3.599      3.565     9.3255    29.8886  1023.0860    23.0696     9.3251     74.224    69.9785     0.2339      8.054     4.9159     7.0253    214.592    219.543      29592          9  0.000e+00
   58.13006 -136.55170    102.158      3.558      3.525     9.3251    29.8871  1023.0846    23.0684     9.3248     74.225    70.0065     0.2339      8.054     4.9160     7.0255    214.598    219.549      29593          9  0.000e+00
   58.13006 -136.55170    102.134      3.534      3.501     9.3251    29.8871  1023.0845    23.0684     9.3248     74.225    70.0065     0.2339      8.054     4.9160     7.0254    214.597    219.547      29594          9  0.000e+00
   58.13006 -136.55170    102.134      3.534      3.501     9.3259    29.8868  1023.0842    23.0681     9.3255     74.168    70.0065     0.2339      8.054     4.9122     7.0200    214.431    219.378      29595          9  0.000e+00
   58.13006 -136.55170    102.158      3.558      3.525     9.3261    29.8864  1023.0840    23.0678     9.3257     74.214    69.9785     0.2339      8.054     4.9152     7.0243    214.562    219.512      29596          9  0.000e+00
   58.13006 -136.55170    102.198      3.599      3.565     9.3235    29.8872  1023.0851    23.0687     9.3231     74.210    69.9785     0.2339      8.054     4.9152     7.0243    214.564    219.513      29597          9  0.000e+00
   58.13006 -136.55170    102.158      3.558      3.525     9.3191    29.8887  1023.0868    23.0706     9.3187     74.205    70.0065     0.2339      8.054     4.9153     7.0244    214.567    219.517      29598          9  0.000e+00
   58.13006 -136.55170    102.134      3.534      3.501     9.3170    29.8892  1023.0874    23.0713     9.3167     74.205    70.0065     0.2339      8.054     4.9155     7.0248    214.576    219.527      29599          9  0.000e+00
   58.13006 -136.55170    102.158      3.558      3.525     9.3163    29.8894  1023.0878    23.0716     9.3160     74.204    69.9785     0.2339      8.054     4.9155     7.0248    214.577    219.527      29600          9  0.000e+00
   58.13006 -136.55170    102.078      3.478      3.445     9.3173    29.8897  1023.0875    23.0717     9.3169     74.195    69.9785     0.2339      8.054     4.9148     7.0237    214.543    219.493      29601          9  0.000e+00
   58.13006 -136.55170    102.134      3.534      3.501     9.3183    29.8882  1023.0864    23.0703     9.3179     74.137    69.9785     0.2339      8.054     4.9109     7.0181    214.375    219.320      29602          9  0.000e+00
   58.13006 -136.55170    102.102      3.502      3.469     9.3142    29.8890  1023.0875    23.0716     9.3139     74.181    69.9785     0.2339      8.054     4.9142     7.0229    214.519    219.468      29603          9  0.000e+00
   58.13006 -136.55170    102.134      3.534      3.501     9.3140    29.8886  1023.0874    23.0713     9.3136     74.121    69.9785     0.2339      8.054     4.9103     7.0173    214.348    219.294      29604          9  0.000e+00
   58.13006 -136.55170    102.102      3.502      3.469     9.3148    29.8895  1023.0878    23.0718     9.3145     74.162    69.9785     0.2339      8.054     4.9129     7.0210    214.462    219.410      29605          9  0.000e+00
   58.13006 -136.55170    102.078      3.478      3.446     9.3152    29.8896  1023.0877    23.0719     9.3148     74.100    70.0345     0.2339      8.054     4.9088     7.0151    214.281    219.225      29606          9  0.000e+00
   58.13006 -136.55170    102.038      3.437      3.406     9.3147    29.8902  1023.0881    23.0724     9.3143     74.085    70.0345     0.2339      8.054     4.9078     7.0137    214.239    219.182      29607          9  0.000e+00
   58.13006 -136.55170    102.022      3.421      3.390     9.3147    29.8903  1023.0881    23.0725     9.3143     74.131    70.0345     0.2339      8.054     4.9108     7.0180    214.371    219.317      29608          9  0.000e+00
