EcoFOCI/data/1_SampleCollection/2022_GOA-OA_CruiseData/CTD_raw_BottleFile_RC0083/RC0083_048.ros
* Sea-Bird SBE 9 Data File:
* FileName = C:\Data\RC0083ctd\RC0083_048.hex
* Software Version Seasave V 7.26.7.107
* Temperature SN = 2060
* Conductivity SN = 1084
* Number of Bytes Per Scan = 31
* Number of Voltage Words = 4
* Number of Scans Averaged by the Deck Unit = 1
* NMEA Latitude = 58 10.30 N
* NMEA Longitude = 137 13.34 W
* NMEA UTC (Time) = Aug 19 2022  07:25:00
* NMEA baud rate = 4800
** Ship: R/V Rachel Carson
** Cruise ID: RC0083
** Tech: McHugh/Nomura
** Chief Scientist: Cross
** Station: SEM10
** Cast:  CTD048
# nquan = 21
# nvalues = 294                                   
# units = specified
# name 0 = latitude: Latitude [deg]
# name 1 = longitude: Longitude [deg]
# name 2 = sfdSM: Seafloor depth [salt water, m]
# name 3 = prDM: Pressure, Digiquartz [db]
# name 4 = depSM: Depth [salt water, m]
# name 5 = t090C: Temperature [ITS-90, deg C]
# name 6 = sal00: Salinity, Practical [PSU]
# name 7 = density00: Density [density, kg/m^3]
# name 8 = sigma-é00: Density [sigma-theta, kg/m^3]
# name 9 = potemp090C: Potential Temperature [ITS-90, deg C]
# name 10 = sbeox0PS: Oxygen, SBE 43 [% saturation]
# name 11 = CStarTr0: Beam Transmission, WET Labs C-Star [%]
# name 12 = flECO-AFL: Fluorescence, WET Labs ECO-AFL/FL [mg/m^3]
# name 13 = ph: pH
# name 14 = sbeox0ML/L: Oxygen, SBE 43 [ml/l]
# name 15 = sbeox0Mg/L: Oxygen, SBE 43 [mg/l]
# name 16 = sbox0Mm/Kg: Oxygen, SBE 43 [umol/kg]
# name 17 = sbeox0Mm/L: Oxygen, SBE 43 [umol/l]
# name 18 = scan: Scan Count
# name 19 = nbf: Bottles Fired
# name 20 = flag:  0.000e+00
# interval = seconds: 0.0416667
# start_time = Aug 19 2022 07:25:00 [NMEA time, header]
# bad_flag = -9.990e-29
*END*
   58.17210 -137.22258    122.658    112.845    111.767     6.4505    32.7749  1026.2584    25.7395     6.4409     59.702   103.5413    -0.0884      7.887     4.1423     5.9197    180.351    184.994       5772          1  0.000e+00
   58.17210 -137.22258    122.571    112.707    111.631     6.4503    32.7756  1026.2584    25.7401     6.4407     59.695   103.5413    -0.0884      7.887     4.1417     5.9190    180.329    184.970       5773          1  0.000e+00
   58.17210 -137.22258    122.707    112.845    111.767     6.4505    32.7749  1026.2584    25.7394     6.4409     59.690   103.5413    -0.0884      7.887     4.1414     5.9185    180.315    184.957       5774          1  0.000e+00
   58.17210 -137.22258    122.627    112.788    111.711     6.4506    32.7752  1026.2583    25.7397     6.4410     59.742   103.5413    -0.0884      7.887     4.1450     5.9236    180.470    185.116       5775          1  0.000e+00
   58.17210 -137.22258    122.651    112.788    111.711     6.4509    32.7751  1026.2582    25.7396     6.4413     59.746   103.5413    -0.0884      7.887     4.1452     5.9240    180.481    185.127       5776          1  0.000e+00
   58.17210 -137.22258    122.644    112.707    111.631     6.4511    32.7747  1026.2575    25.7392     6.4415     59.693   103.5413    -0.0884      7.887     4.1416     5.9187    180.321    184.962       5777          1  0.000e+00
   58.17210 -137.22258    122.724    112.788    111.711     6.4511    32.7751  1026.2582    25.7395     6.4415     59.748   103.5134    -0.0884      7.887     4.1454     5.9242    180.487    185.133       5778          1  0.000e+00
   58.17210 -137.22258    122.780    112.845    111.767     6.4509    32.7750  1026.2584    25.7394     6.4413     59.755   103.5134    -0.0884      7.887     4.1459     5.9249    180.508    185.154       5779          1  0.000e+00
   58.17210 -137.22258    122.780    112.845    111.767     6.4506    32.7757  1026.2590    25.7401     6.4410     59.761   103.5134    -0.0884      7.887     4.1463     5.9255    180.529    185.176       5780          1  0.000e+00
   58.17210 -137.22258    122.805    112.845    111.767     6.4509    32.7754  1026.2588    25.7398     6.4413     59.769   103.5134    -0.0884      7.887     4.1468     5.9262    180.550    185.198       5781          1  0.000e+00
   58.17210 -137.22258    122.838    112.829    111.751     6.4509    32.7754  1026.2586    25.7398     6.4413     59.777   103.5134    -0.0884      7.887     4.1474     5.9270    180.575    185.223       5782          1  0.000e+00
   58.17210 -137.22258    122.918    112.910    111.831     6.4511    32.7751  1026.2588    25.7396     6.4415     59.786   103.5134    -0.0884      7.887     4.1480     5.9279    180.602    185.251       5783          1  0.000e+00
   58.17210 -137.22258    122.918    112.910    111.831     6.4511    32.7751  1026.2588    25.7396     6.4415     59.796   103.5134    -0.0884      7.887     4.1487     5.9289    180.631    185.280       5784          1  0.000e+00
   58.17210 -137.22258    122.918    112.910    111.831     6.4512    32.7753  1026.2589    25.7397     6.4416     59.806   103.5134    -0.0884      7.887     4.1494     5.9299    180.660    185.311       5785          1  0.000e+00
   58.17210 -137.22258    122.982    112.950    111.871     6.4509    32.7754  1026.2592    25.7398     6.4413     59.760   103.5134    -0.1177      7.887     4.1462     5.9254    180.524    185.170       5786          1  0.000e+00
   58.17210 -137.22258    122.998    112.966    111.887     6.4511    32.7753  1026.2592    25.7397     6.4415     59.821   103.5134    -0.0884      7.887     4.1504     5.9314    180.706    185.357       5787          1  0.000e+00
   58.17210 -137.22258    123.062    113.031    111.951     6.4513    32.7750  1026.2592    25.7394     6.4416     59.777   103.5134    -0.0884      7.887     4.1474     5.9270    180.573    185.221       5788          1  0.000e+00
   58.17210 -137.22258    123.062    113.031    111.951     6.4509    32.7755  1026.2597    25.7399     6.4413     59.831   103.5134    -0.0591      7.887     4.1511     5.9324    180.738    185.390       5789          1  0.000e+00
   58.17210 -137.22258    123.102    113.071    111.991     6.4516    32.7749  1026.2593    25.7393     6.4419     59.837   103.5134    -0.0591      7.887     4.1515     5.9329    180.753    185.406       5790          1  0.000e+00
   58.17210 -137.22258    123.118    113.088    112.007     6.4516    32.7749  1026.2594    25.7393     6.4419     59.843   103.5134    -0.0591      7.887     4.1519     5.9335    180.771    185.424       5791          1  0.000e+00
   58.17210 -137.22258    123.174    113.144    112.063     6.4514    32.7752  1026.2599    25.7396     6.4418     59.849   103.5134    -0.0591      7.887     4.1524     5.9341    180.791    185.445       5792          1  0.000e+00
   58.17210 -137.22258    123.174    113.144    112.063     6.4512    32.7756  1026.2602    25.7399     6.4415     59.856   103.5134    -0.0591      7.887     4.1528     5.9348    180.811    185.465       5793          1  0.000e+00
   58.17210 -137.22258    123.158    113.128    112.047     6.4511    32.7754  1026.2600    25.7398     6.4415     59.862   103.5134    -0.0591      7.887     4.1533     5.9355    180.832    185.487       5794          1  0.000e+00
   58.17210 -137.22258    123.359    113.330    112.248     6.4513    32.7751  1026.2607    25.7395     6.4416     59.871   103.5134    -0.0591      7.887     4.1539     5.9363    180.858    185.513       5795          1  0.000e+00
   58.17210 -137.22258    123.246    113.266    112.183     6.4513    32.7753  1026.2606    25.7397     6.4416     59.878   103.5134    -0.0591      7.887     4.1544     5.9370    180.879    185.535       5796          1  0.000e+00
   58.17210 -137.22258    123.285    113.330    112.248     6.4516    32.7751  1026.2607    25.7395     6.4419     59.886   103.5134    -0.0591      7.887     4.1549     5.9378    180.903    185.559       5797          1  0.000e+00
   58.17210 -137.22258    123.285    113.330    112.248     6.4516    32.7747  1026.2603    25.7391     6.4419     59.894   103.4854    -0.0591      7.887     4.1555     5.9386    180.928    185.585       5798          1  0.000e+00
   58.17210 -137.22258    123.438    113.484    112.400     6.4518    32.7745  1026.2608    25.7390     6.4421     59.904   103.4854    -0.0591      7.887     4.1562     5.9396    180.956    185.614       5799          1  0.000e+00
   58.17210 -137.22258    123.398    113.443    112.360     6.4519    32.7747  1026.2608    25.7391     6.4422     59.912   103.4854    -0.0591      7.887     4.1567     5.9404    180.981    185.639       5800          1  0.000e+00
   58.17210 -137.22258    123.413    113.508    112.424     6.4518    32.7750  1026.2614    25.7394     6.4421     59.922   103.4854    -0.0591      7.887     4.1574     5.9413    181.010    185.669       5801          1  0.000e+00
   58.17210 -137.22258    123.388    113.508    112.424     6.4523    32.7744  1026.2608    25.7388     6.4427     59.931   103.4854    -0.0591      7.887     4.1580     5.9422    181.036    185.696       5802          1  0.000e+00
   58.17210 -137.22258    123.428    113.549    112.464     6.4522    32.7742  1026.2608    25.7387     6.4425     59.941   103.4854    -0.0591      7.887     4.1587     5.9432    181.068    185.728       5803          1  0.000e+00
   58.17210 -137.22258    123.501    113.621    112.536     6.4521    32.7742  1026.2612    25.7387     6.4424     59.952   103.4854    -0.0591      7.887     4.1595     5.9443    181.100    185.762       5804          1  0.000e+00
   58.17210 -137.22258    123.516    113.686    112.600     6.4524    32.7736  1026.2610    25.7382     6.4427     59.963   103.4854    -0.0591      7.887     4.1602     5.9453    181.132    185.794       5805          1  0.000e+00
   58.17210 -137.22258    123.523    113.743    112.656     6.4526    32.7736  1026.2612    25.7382     6.4429     59.966   103.4854    -0.0591      7.887     4.1604     5.9456    181.141    185.803       5806          1  0.000e+00
   58.17210 -137.22258    123.499    113.743    112.656     6.4526    32.7739  1026.2614    25.7384     6.4429     59.968   103.4854    -0.0591      7.887     4.1606     5.9459    181.148    185.811       5807          1  0.000e+00
   58.17210 -137.22258    123.659    113.905    112.816     6.4522    32.7744  1026.2627    25.7389     6.4425     59.972   103.4854    -0.0591      7.892     4.1609     5.9463    181.161    185.824       5808          1  0.000e+00
   58.17210 -137.22258    123.563    113.808    112.720     6.4526    32.7740  1026.2618    25.7385     6.4428     59.974   103.4854    -0.0591      7.892     4.1610     5.9464    181.165    185.828       5809          1  0.000e+00
   58.17210 -137.22258    123.602    113.921    112.832     6.4525    32.7737  1026.2622    25.7383     6.4428     59.977   103.4854    -0.0591      7.887     4.1612     5.9468    181.176    185.840       5810          1  0.000e+00
   58.17210 -137.22258    123.617    113.986    112.896     6.4526    32.7740  1026.2626    25.7385     6.4428     59.981   103.4854    -0.0591      7.887     4.1614     5.9471    181.185    185.849       5811          1  0.000e+00
   58.17210 -137.22258    123.648    114.042    112.953     6.4516    32.7746  1026.2636    25.7391     6.4418     59.984   103.4854    -0.0591      7.887     4.1617     5.9475    181.198    185.862       5812          1  0.000e+00
   58.17210 -137.22258    123.689    114.083    112.993     6.4511    32.7755  1026.2645    25.7399     6.4414     59.987   103.4854    -0.0591      7.887     4.1619     5.9478    181.208    185.872       5813          1  0.000e+00
   58.17210 -137.22258    123.713    114.107    113.017     6.4509    32.7755  1026.2646    25.7399     6.4412     59.990   103.4854    -0.0591      7.887     4.1621     5.9481    181.217    185.882       5814          1  0.000e+00
   58.17210 -137.22260    123.727    114.220    113.129     6.4509    32.7753  1026.2650    25.7397     6.4412     59.993   103.4854    -0.0591      7.887     4.1624     5.9485    181.228    185.893       5815          1  0.000e+00
   58.17210 -137.22260    123.654    114.220    113.129     6.4514    32.7751  1026.2647    25.7395     6.4417     59.996   103.4854    -0.0591      7.887     4.1625     5.9487    181.234    185.899       5816          1  0.000e+00
   58.17210 -137.22260    123.702    114.269    113.177     6.4516    32.7745  1026.2645    25.7390     6.4418     60.055   103.4854    -0.0591      7.887     4.1667     5.9546    181.414    186.083       5817          1  0.000e+00
   58.17210 -137.22260    123.862    114.406    113.313     6.4514    32.7751  1026.2656    25.7395     6.4417     60.010   103.4574    -0.0591      7.887     4.1635     5.9501    181.276    185.942       5818          1  0.000e+00
   58.17210 -137.22260    123.750    114.341    113.249     6.4509    32.7756  1026.2658    25.7400     6.4412     60.003   103.4015    -0.0591      7.887     4.1631     5.9495    181.259    185.924       5819          1  0.000e+00
   58.17210 -137.22260    123.804    114.519    113.425     6.4503    32.7761  1026.2671    25.7404     6.4405     59.999   103.4015    -0.0591      7.887     4.1628     5.9491    181.247    185.912       5820          1  0.000e+00
   58.17224 -137.22290    123.242     75.581     74.866     7.0850    32.3562  1025.6730    25.3263     7.0782     86.912   106.2264    -0.0005      8.058     5.9587     8.5156    259.544    266.117       7780          2  0.000e+00
   58.17224 -137.22290    123.322     75.638     74.922     7.0860    32.3552  1025.6723    25.3253     7.0793     86.898   106.2264    -0.0005      8.058     5.9577     8.5141    259.499    266.071       7781          2  0.000e+00
   58.17224 -137.22290    123.378     75.694     74.978     7.0860    32.3559  1025.6731    25.3258     7.0792     86.883   106.2264    -0.0005      8.058     5.9566     8.5126    259.452    266.023       7782          2  0.000e+00
   58.17224 -137.22290    123.499     75.816     75.098     7.0857    32.3566  1025.6743    25.3265     7.0789     86.866   106.2264    -0.0005      8.058     5.9555     8.5110    259.402    265.971       7783          2  0.000e+00
   58.17224 -137.22290    123.251     75.516     74.802     7.0861    32.3564  1025.6727    25.3262     7.0794     86.842   106.2264    -0.0005      8.058     5.9538     8.5085    259.328    265.896       7784          2  0.000e+00
   58.17224 -137.22290    123.444     75.638     74.922     7.0858    32.3561  1025.6731    25.3260     7.0791     86.821   106.2264    -0.0005      8.058     5.9524     8.5065    259.267    265.833       7785          2  0.000e+00
   58.17224 -137.22290    123.589     75.759     75.042     7.0856    32.3561  1025.6737    25.3261     7.0788     86.805   106.2264    -0.0005      8.058     5.9513     8.5050    259.221    265.786       7786          2  0.000e+00
   58.17224 -137.22290    123.413     75.581     74.866     7.0853    32.3565  1025.6732    25.3264     7.0786     86.776   106.2264    -0.0005      8.058     5.9494     8.5023    259.137    265.700       7787          2  0.000e+00
   58.17224 -137.22290    123.501     75.694     74.978     7.0853    32.3564  1025.6736    25.3263     7.0786     86.756   106.2264    -0.0005      8.058     5.9480     8.5003    259.078    265.639       7788          2  0.000e+00
   58.17224 -137.22290    123.469     75.638     74.922     7.0851    32.3560  1025.6731    25.3261     7.0783     86.677   106.2264    -0.0005      8.053     5.9426     8.4926    258.842    265.398       7789          2  0.000e+00
   58.17224 -137.22290    123.574     75.694     74.978     7.0839    32.3558  1025.6734    25.3261     7.0771     86.710   106.2264    -0.0005      8.058     5.9450     8.4961    258.947    265.505       7790          2  0.000e+00
   58.17224 -137.22290    123.574     75.694     74.978     7.0827    32.3558  1025.6735    25.3262     7.0759     86.692   106.2264    -0.0005      8.058     5.9440     8.4945    258.901    265.458       7791          2  0.000e+00
   58.17224 -137.22290    123.638     75.759     75.042     7.0816    32.3559  1025.6741    25.3265     7.0749     86.617   106.2264    -0.0005      8.058     5.9390     8.4874    258.683    265.234       7792          2  0.000e+00
   58.17224 -137.22290    123.574     75.694     74.978     7.0806    32.3564  1025.6743    25.3270     7.0739     86.588   106.2264     0.0288      8.058     5.9371     8.4847    258.601    265.151       7793          2  0.000e+00
   58.17224 -137.22290    123.758     75.880     75.162     7.0800    32.3562  1025.6751    25.3269     7.0732     86.568   106.2264     0.0288      8.058     5.9358     8.4829    258.546    265.094       7794          2  0.000e+00
   58.17224 -137.22290    123.638     75.759     75.042     7.0791    32.3568  1025.6751    25.3275     7.0724     86.544   106.2264     0.0288      8.058     5.9343     8.4807    258.478    265.024       7795          2  0.000e+00
   58.17224 -137.22290    123.694     75.815     75.098     7.0789    32.3571  1025.6756    25.3277     7.0721     86.520   106.2264     0.0288      8.058     5.9327     8.4784    258.410    264.955       7796          2  0.000e+00
   58.17224 -137.22290    123.518     75.638     74.922     7.0785    32.3566  1025.6744    25.3274     7.0717     86.494   106.2264     0.0288      8.053     5.9309     8.4759    258.333    264.876       7797          2  0.000e+00
   58.17224 -137.22290    123.694     75.815     75.098     7.0772    32.3566  1025.6754    25.3276     7.0705     86.470   106.2264     0.0288      8.058     5.9295     8.4738    258.270    264.811       7798          2  0.000e+00
