EcoFOCI/data/1_SampleCollection/2022_GOA-OA_CruiseData/CTD_raw_BottleFile_RC0083/RC0083_115.cnv
* Sea-Bird SBE 9 Data File:
* FileName = C:\Data\RC0083ctd\RC0083_115.hex
* Software Version Seasave V 7.26.7.107
* Temperature SN = 2060
* Conductivity SN = 2881
* Number of Bytes Per Scan = 31
* Number of Voltage Words = 4
* Number of Scans Averaged by the Deck Unit = 1
* NMEA Latitude = 56 02.44 N
* NMEA Longitude = 133 53.90 W
* NMEA UTC (Time) = Aug 23 2022  13:33:50
* NMEA baud rate = 4800
** Ship: R/V Rachel Carson
** Cruise ID: RC0083
** Tech: McHugh/Nomura
** Chief Scientist: Cross
** Station: LSS3
** Cast:  CTD115
# nquan = 19
# nvalues = 17221                                 
# units = specified
# name 0 = latitude: Latitude [deg]
# name 1 = longitude: Longitude [deg]
# name 2 = sfdSM: Seafloor depth [salt water, m]
# name 3 = prDM: Pressure, Digiquartz [db]
# name 4 = depSM: Depth [salt water, m]
# name 5 = t090C: Temperature [ITS-90, deg C]
# name 6 = sal00: Salinity, Practical [PSU]
# name 7 = density00: Density [density, kg/m^3]
# name 8 = sigma-é00: Density [sigma-theta, kg/m^3]
# name 9 = potemp090C: Potential Temperature [ITS-90, deg C]
# name 10 = sbeox0PS: Oxygen, SBE 43 [% saturation]
# name 11 = CStarTr0: Beam Transmission, WET Labs C-Star [%]
# name 12 = flECO-AFL: Fluorescence, WET Labs ECO-AFL/FL [mg/m^3]
# name 13 = ph: pH
# name 14 = sbeox0ML/L: Oxygen, SBE 43 [ml/l]
# name 15 = sbeox0Mg/L: Oxygen, SBE 43 [mg/l]
# name 16 = sbox0Mm/Kg: Oxygen, SBE 43 [umol/kg]
# name 17 = sbeox0Mm/L: Oxygen, SBE 43 [umol/l]
# name 18 = flag:  0.000e+00
# span 0 =   56.04060,   56.04106                 
# span 1 = -133.89848, -133.89794                 
# span 2 =      2.571,    277.694                 
# span 3 =      1.778,    262.835                 
# span 4 =      1.762,    260.277                 
# span 5 =     6.1982,    12.0509                 
# span 6 =    30.8175,    33.4093                 
# span 7 =  1023.3601,  1027.4801                 
# span 8 =    23.3510,    26.2737                 
# span 9 =     6.1757,    12.0505                 
# span 10 =     32.372,     88.638                
# span 11 =    91.7944,   102.3946                
# span 12 =    -0.0591,     6.6222                
# span 13 =      7.758,      8.205                
# span 14 =     2.2482,     5.6120                
# span 15 =     3.2129,     8.0201                
# span 16 =     97.838,    244.721                
# span 17 =    100.405,    250.633                
# span 18 = 0.0000e+00, 0.0000e+00                
# interval = seconds: 0.0416667
# start_time = Aug 23 2022 13:33:50 [NMEA time, header]
# bad_flag = -9.990e-29
*END*
[from data line 14324]
   56.04104 -133.89808    198.928    101.242    100.296     7.0408    32.6272  1026.0100    25.5457     7.0317     39.421   100.2690     0.0874      7.823     2.7007     3.8595    117.607    120.611  0.000e+00
   56.04104 -133.89808    198.840    101.153    100.208     7.0413    32.6266  1026.0091    25.5452     7.0322     39.432   100.2690     0.0874      7.823     2.7014     3.8606    117.640    120.646  0.000e+00
   56.04104 -133.89808    198.808    101.121    100.176     7.0422    32.6261  1026.0084    25.5447     7.0331     39.444   100.2690     0.0874      7.823     2.7021     3.8616    117.672    120.678  0.000e+00
   56.04104 -133.89808    198.840    101.153    100.208     7.0432    32.6258  1026.0082    25.5443     7.0341     39.455   100.2690     0.0874      7.823     2.7028     3.8626    117.703    120.709  0.000e+00
   56.04104 -133.89808    198.752    101.064    100.120     7.0440    32.6251  1026.0071    25.5436     7.0349     39.522   100.2690     0.0874      7.823     2.7074     3.8692    117.901    120.913  0.000e+00
   56.04104 -133.89808    198.664    100.975    100.031     7.0445    32.6248  1026.0064    25.5433     7.0354     39.537   100.2690     0.0874      7.823     2.7085     3.8706    117.947    120.959  0.000e+00
   56.04104 -133.89808    198.864    101.177    100.232     7.0461    32.6228  1026.0056    25.5416     7.0370     39.611   100.2690     0.0874      7.823     2.7134     3.8777    118.163    121.181  0.000e+00
   56.04104 -133.89808    198.688    100.999    100.055     7.0478    32.6211  1026.0031    25.5400     7.0388     39.573   100.1851     0.0874      7.823     2.7108     3.8739    118.048    121.062  0.000e+00
   56.04104 -133.89808    198.696    101.032    100.088     7.0469    32.6219  1026.0041    25.5408     7.0378     39.580   100.1571     0.0874      7.823     2.7113     3.8747    118.070    121.086  0.000e+00
   56.04104 -133.89808    198.632    100.943     99.999     7.0469    32.6214  1026.0033    25.5404     7.0378     39.585   100.1571     0.0874      7.823     2.7116     3.8752    118.086    121.102  0.000e+00
   56.04104 -133.89808    198.600    100.910     99.967     7.0461    32.6221  1026.0038    25.5410     7.0371     39.590   100.1571     0.0874      7.823     2.7120     3.8757    118.101    121.117  0.000e+00
   56.04104 -133.89808    198.688    100.999    100.055     7.0463    32.6224  1026.0044    25.5412     7.0372     39.594   100.1571     0.0874      7.823     2.7122     3.8761    118.112    121.129  0.000e+00
   56.04104 -133.89808    198.600    100.910     99.967     7.0475    32.6217  1026.0033    25.5405     7.0385     39.653   100.1571     0.0874      7.823     2.7162     3.8817    118.285    121.306  0.000e+00
   56.04104 -133.89808    198.543    100.878     99.935     7.0511    32.6184  1026.0000    25.5374     7.0420     39.666   100.1571     0.0874      7.823     2.7170     3.8828    118.319    121.341  0.000e+00
   56.04104 -133.89808    198.544    100.854     99.911     7.0575    32.6123  1025.9943    25.5318     7.0484     39.672   100.1571     0.0874      7.823     2.7171     3.8830    118.324    121.345  0.000e+00
   56.04104 -133.89808    198.568    100.878     99.935     7.0642    32.6051  1025.9878    25.5252     7.0552     39.676   100.1571     0.0874      7.823     2.7171     3.8830    118.325    121.345  0.000e+00
   56.04104 -133.89808    198.488    100.797     99.855     7.0690    32.6009  1025.9835    25.5213     7.0599     39.736   100.1571     0.0874      7.823     2.7210     3.8886    118.495    121.519  0.000e+00
   56.04104 -133.89808    198.456    100.765     99.823     7.0697    32.6005  1025.9829    25.5208     7.0606     39.745   100.1571     0.0874      7.823     2.7215     3.8893    118.518    121.543  0.000e+00
   56.04104 -133.89808    198.544    100.854     99.911     7.0659    32.6038  1025.9864    25.5240     7.0568     39.753   100.1571     0.0874      7.823     2.7222     3.8903    118.549    121.575  0.000e+00
   56.04104 -133.89808    198.456    100.765     99.823     7.0600    32.6091  1025.9910    25.5289     7.0510     39.765   100.1571     0.0874      7.823     2.7233     3.8919    118.597    121.624  0.000e+00
   56.04104 -133.89808    198.488    100.797     99.855     7.0565    32.6120  1025.9939    25.5317     7.0474     39.776   100.1571     0.0874      7.823     2.7243     3.8933    118.637    121.666  0.000e+00
   56.04104 -133.89808    198.392    100.700     99.759     7.0551    32.6131  1025.9945    25.5327     7.0460     39.785   100.1571     0.0874      7.823     2.7250     3.8943    118.667    121.697  0.000e+00
   56.04104 -133.89808    198.399    100.732     99.791     7.0555    32.6124  1025.9940    25.5321     7.0465     39.793   100.1571     0.0874      7.823     2.7255     3.8950    118.691    121.722  0.000e+00
   56.04104 -133.89808    198.392    100.700     99.759     7.0589    32.6088  1025.9906    25.5288     7.0499     39.799   100.1571     0.0874      7.823     2.7258     3.8954    118.703    121.734  0.000e+00
   56.04104 -133.89808    198.367    100.676     99.735     7.0607    32.6071  1025.9889    25.5272     7.0516     39.804   100.1571     0.0874      7.823     2.7261     3.8958    118.715    121.746  0.000e+00
   56.04104 -133.89808    198.335    100.643     99.703     7.0626    32.6051  1025.9870    25.5255     7.0536     39.808   100.1571     0.0874      7.823     2.7262     3.8960    118.722    121.753  0.000e+00
   56.04104 -133.89808    198.367    100.676     99.735     7.0669    32.6014  1025.9836    25.5220     7.0578     39.810   100.1571     0.0874      7.823     2.7262     3.8960    118.721    121.751  0.000e+00
   56.04104 -133.89808    198.335    100.643     99.703     7.0723    32.5965  1025.9788    25.5173     7.0632     39.811   100.0732     0.0874      7.823     2.7260     3.8957    118.713    121.742  0.000e+00
   56.04104 -133.89808    198.303    100.611     99.671     7.0756    32.5928  1025.9753    25.5140     7.0666     39.817   100.0172     0.0874      7.823     2.7262     3.8961    118.725    121.754  0.000e+00
   56.04104 -133.89808    198.271    100.579     99.639     7.0766    32.5917  1025.9742    25.5130     7.0676     39.873   100.0172     0.0874      7.823     2.7300     3.9015    118.890    121.923  0.000e+00
   56.04104 -133.89808    198.247    100.554     99.615     7.0748    32.5932  1025.9755    25.5144     7.0658     39.870   100.0172     0.0874      7.823     2.7299     3.9013    118.885    121.918  0.000e+00
   56.04104 -133.89808    198.271    100.579     99.639     7.0718    32.5955  1025.9778    25.5166     7.0627     39.872   100.0172     0.0874      7.823     2.7302     3.9018    118.898    121.932  0.000e+00
   56.04104 -133.89808    198.127    100.433     99.495     7.0664    32.6001  1025.9815    25.5210     7.0573     39.866   100.0172     0.0874      7.823     2.7300     3.9015    118.889    121.923  0.000e+00
   56.04104 -133.89808    198.271    100.579     99.639     7.0618    32.6041  1025.9859    25.5247     7.0528     39.859   100.0172     0.0874      7.823     2.7298     3.9011    118.877    121.911  0.000e+00
   56.04104 -133.89808    198.191    100.498     99.559     7.0584    32.6071  1025.9884    25.5275     7.0494     39.791   100.0172     0.0874      7.823     2.7253     3.8947    118.682    121.712  0.000e+00
   56.04104 -133.89808    198.015    100.344     99.407     7.0583    32.6069  1025.9876    25.5274     7.0493     39.779    99.9893     0.0874      7.823     2.7245     3.8935    118.646    121.675  0.000e+00
   56.04104 -133.89808    198.191    100.498     99.559     7.0600    32.6051  1025.9866    25.5258     7.0510     39.824   100.0172     0.0874      7.823     2.7275     3.8978    118.777    121.809  0.000e+00
   56.04104 -133.89808    198.071    100.401     99.463     7.0632    32.6023  1025.9836    25.5232     7.0542     39.822   100.0172     0.0874      7.823     2.7272     3.8974    118.764    121.795  0.000e+00
   56.04104 -133.89808    198.127    100.433     99.495     7.0700    32.5958  1025.9777    25.5171     7.0610     39.876   100.0172     0.0874      7.823     2.7306     3.9022    118.912    121.947  0.000e+00
   56.04104 -133.89808    197.975    100.279     99.342     7.0800    32.5869  1025.9686    25.5088     7.0710     39.876   100.0172     0.0874      7.823     2.7301     3.9016    118.893    121.926  0.000e+00
   56.04104 -133.89808    198.071    100.377     99.439     7.0893    32.5792  1025.9617    25.5014     7.0803     39.876   100.0172     0.0874      7.823     2.7297     3.9010    118.875    121.907  0.000e+00
   56.04104 -133.89808    197.975    100.279     99.342     7.0977    32.5708  1025.9535    25.4937     7.0887     39.874   100.0172     0.0874      7.823     2.7291     3.9002    118.852    121.882  0.000e+00
   56.04104 -133.89808    197.951    100.255     99.318     7.1028    32.5658  1025.9488    25.4891     7.0938     39.870   100.0172     0.0874      7.823     2.7287     3.8995    118.833    121.862  0.000e+00
   56.04104 -133.89808    197.919    100.223     99.286     7.1037    32.5647  1025.9476    25.4881     7.0947     39.808   100.0172     0.0874      7.823     2.7244     3.8934    118.647    121.671  0.000e+00
   56.04104 -133.89808    197.895    100.199     99.262     7.1030    32.5645  1025.9475    25.4881     7.0940     39.796   100.0172     0.0874      7.823     2.7236     3.8923    118.613    121.637  0.000e+00
   56.04104 -133.89808    197.919    100.223     99.286     7.1028    32.5640  1025.9472    25.4877     7.0938     39.840   100.0172     0.0874      7.823     2.7266     3.8966    118.745    121.772  0.000e+00
   56.04104 -133.89808    197.775    100.077     99.142     7.1032    32.5629  1025.9456    25.4868     7.0942     39.831   100.0172     0.0874      7.823     2.7260     3.8957    118.717    121.743  0.000e+00
   56.04104 -133.89808    197.799    100.101     99.166     7.1001    32.5651  1025.9478    25.4889     7.0911     39.828   100.0172     0.0874      7.823     2.7259     3.8956    118.715    121.741  0.000e+00
   56.04104 -133.89808    197.831    100.134     99.198     7.0958    32.5680  1025.9509    25.4917     7.0868     39.824   100.0732     0.0874      7.823     2.7259     3.8956    118.711    121.738  0.000e+00
   56.04104 -133.89808    197.743    100.045     99.110     7.0969    32.5666  1025.9492    25.4905     7.0879     39.817   100.0732     0.0874      7.823     2.7254     3.8948    118.690    121.715  0.000e+00
   56.04104 -133.89808    197.654     99.956     99.022     7.1014    32.5616  1025.9443    25.4860     7.0924     39.809   100.0732     0.0874      7.823     2.7246     3.8937    118.657    121.681  0.000e+00
   56.04104 -133.89808    197.687     99.988     99.054     7.1070    32.5556  1025.9389    25.4805     7.0980     39.799   100.0452     0.0874      7.823     2.7237     3.8925    118.619    121.642  0.000e+00
   56.04104 -133.89808    197.630     99.956     99.022     7.1137    32.5496  1025.9331    25.4748     7.1047     39.788   100.0732     0.0874      7.823     2.7227     3.8909    118.573    121.594  0.000e+00
   56.04104 -133.89808    197.478     99.778     98.846     7.1195    32.5444  1025.9274    25.4700     7.1105     39.782   100.0732     0.0874      7.823     2.7220     3.8899    118.543    121.562  0.000e+00
   56.04104 -133.89808    197.566     99.867     98.934     7.1251    32.5394  1025.9232    25.4653     7.1161     39.776   100.0732     0.0874      7.822     2.7213     3.8890    118.514    121.532  0.000e+00
   56.04104 -133.89808    197.598     99.899     98.966     7.1289    32.5361  1025.9202    25.4622     7.1199     39.775   100.0732     0.1167      7.822     2.7211     3.8887    118.506    121.523  0.000e+00
   56.04104 -133.89808    197.446     99.746     98.814     7.1321    32.5327  1025.9164    25.4591     7.1231     39.767   100.0732     0.1167      7.822     2.7203     3.8876    118.473    121.490  0.000e+00
   56.04104 -133.89808    197.414     99.713     98.782     7.1342    32.5305  1025.9142    25.4571     7.1252     39.757   100.0732     0.1167      7.822     2.7196     3.8866    118.442    121.457  0.000e+00
   56.04104 -133.89808    197.446     99.746     98.814     7.1361    32.5279  1025.9121    25.4548     7.1271     39.747   100.0732     0.1167      7.822     2.7188     3.8855    118.410    121.424  0.000e+00
   56.04104 -133.89808    197.358     99.657     98.726     7.1379    32.5258  1025.9098    25.4529     7.1289     39.736   100.0732     0.1167      7.822     2.7180     3.8843    118.372    121.385  0.000e+00
   56.04104 -133.89808    197.245     99.568     98.637     7.1391    32.5237  1025.9075    25.4510     7.1301     39.780   100.0732     0.1167      7.822     2.7210     3.8886    118.503    121.519  0.000e+00
   56.04104 -133.89808    197.302     99.600     98.669     7.1403    32.5214  1025.9057    25.4491     7.1313     39.780   100.0732     0.1167      7.822     2.7209     3.8885    118.501    121.517  0.000e+00
   56.04104 -133.89808    197.150     99.446     98.517     7.1417    32.5201  1025.9038    25.4479     7.1328     39.778   100.0732     0.1167      7.822     2.7207     3.8882    118.492    121.507  0.000e+00
   56.04104 -133.89808    197.238     99.535     98.605     7.1433    32.5185  1025.9027    25.4464     7.1343     39.719   100.0732     0.1167      7.822     2.7166     3.8823    118.313    121.323  0.000e+00
   56.04104 -133.89808    197.150     99.446     98.517     7.1458    32.5156  1025.8997    25.4438     7.1368     39.708   100.0732     0.1167      7.822     2.7158     3.8811    118.278    121.287  0.000e+00
   56.04104 -133.89808    197.062     99.357     98.429     7.1476    32.5136  1025.8974    25.4420     7.1386     39.704   100.0732     0.1167      7.822     2.7154     3.8806    118.262    121.271  0.000e+00
   56.04104 -133.89808    197.030     99.325     98.397     7.1488    32.5116  1025.8956    25.4402     7.1399     39.699   100.0732     0.1167      7.822     2.7151     3.8801    118.247    121.255  0.000e+00
   56.04104 -133.89808    197.037     99.357     98.429     7.1501    32.5107  1025.8948    25.4393     7.1411     39.695   100.0172     0.1167      7.822     2.7147     3.8795    118.230    121.237  0.000e+00
   56.04104 -133.89808    196.973     99.268     98.341     7.1512    32.5096  1025.8934    25.4383     7.1423     39.689    99.8774     0.1167      7.822     2.7142     3.8789    118.210    121.217  0.000e+00
   56.04104 -133.89808    196.885     99.179     98.253     7.1522    32.5081  1025.8916    25.4370     7.1433     39.739    99.8494     0.1167      7.822     2.7176     3.8838    118.360    121.370  0.000e+00
   56.04104 -133.89808    196.973     99.268     98.341     7.1531    32.5072  1025.8913    25.4362     7.1441     39.682    99.8494     0.1167      7.822     2.7137     3.8782    118.188    121.194  0.000e+00
   56.04104 -133.89808    196.829     99.123     98.197     7.1540    32.5063  1025.8897    25.4353     7.1451     39.732    99.8494     0.1167      7.822     2.7170     3.8829    118.333    121.342  0.000e+00
   56.04104 -133.89808    196.797     99.090     98.165     7.1545    32.5058  1025.8892    25.4349     7.1456     39.730    99.8494     0.1167      7.822     2.7169     3.8827    118.326    121.336  0.000e+00
   56.04104 -133.89808    196.765     99.058     98.133     7.1560    32.5039  1025.8873    25.4332     7.1471     39.727    99.8494     0.1167      7.822     2.7166     3.8823    118.316    121.325  0.000e+00
   56.04104 -133.89808    196.733     99.026     98.101     7.1567    32.5031  1025.8865    25.4325     7.1478     39.666    99.8774     0.1167      7.822     2.7125     3.8764    118.134    121.139  0.000e+00
   56.04104 -133.89808    196.645     98.937     98.013     7.1573    32.5023  1025.8853    25.4318     7.1484     39.656    99.8494     0.1167      7.822     2.7117     3.8753    118.102    121.105  0.000e+00
