EcoFOCI/data/1_SampleCollection/2022_GOA-OA_CruiseData/CTD_raw_BottleFile_RC0083/RC0083_040.ros
* Sea-Bird SBE 9 Data File:
* FileName = C:\Data\RC0083ctd\RC0083_040.hex
* Software Version Seasave V 7.26.7.107
* Temperature SN = 2060
* Conductivity SN = 1084
* Number of Bytes Per Scan = 31
* Number of Voltage Words = 4
* Number of Scans Averaged by the Deck Unit = 1
* NMEA Latitude = 58 15.27 N
* NMEA Longitude = 135 26.59 W
* NMEA UTC (Time) = Aug 18 2022  13:05:02
* NMEA baud rate = 4800
** Ship: R/V Rachel Carson
** Cruise ID: RC0083
** Tech: McHugh/Nomura
** Chief Scientist: Cross
** Station: ISC
** Cast:  CTD040
# nquan = 21
# nvalues = 196                                   
# units = specified
# name 0 = latitude: Latitude [deg]
# name 1 = longitude: Longitude [deg]
# name 2 = sfdSM: Seafloor depth [salt water, m]
# name 3 = prDM: Pressure, Digiquartz [db]
# name 4 = depSM: Depth [salt water, m]
# name 5 = t090C: Temperature [ITS-90, deg C]
# name 6 = sal00: Salinity, Practical [PSU]
# name 7 = density00: Density [density, kg/m^3]
# name 8 = sigma-é00: Density [sigma-theta, kg/m^3]
# name 9 = potemp090C: Potential Temperature [ITS-90, deg C]
# name 10 = sbeox0PS: Oxygen, SBE 43 [% saturation]
# name 11 = CStarTr0: Beam Transmission, WET Labs C-Star [%]
# name 12 = flECO-AFL: Fluorescence, WET Labs ECO-AFL/FL [mg/m^3]
# name 13 = ph: pH
# name 14 = sbeox0ML/L: Oxygen, SBE 43 [ml/l]
# name 15 = sbeox0Mg/L: Oxygen, SBE 43 [mg/l]
# name 16 = sbox0Mm/Kg: Oxygen, SBE 43 [umol/kg]
# name 17 = sbeox0Mm/L: Oxygen, SBE 43 [umol/l]
# name 18 = scan: Scan Count
# name 19 = nbf: Bottles Fired
# name 20 = flag:  0.000e+00
# interval = seconds: 0.0416667
# start_time = Aug 18 2022 13:05:02 [NMEA time, header]
# bad_flag = -9.990e-29
*END*
[from data line 69]
   58.25450 -135.44416    198.813    101.145    100.181     5.9109    32.3961  1025.9741    25.5073     5.9027     41.390    89.2212    -0.0005      7.754     2.9155     4.1665    126.966    130.204      16101          2  0.000e+00
   58.25450 -135.44416    198.717    101.047    100.084     5.9109    32.3966  1025.9740    25.5077     5.9027     41.389    89.2212    -0.0005      7.754     2.9154     4.1664    126.964    130.202      16102          2  0.000e+00
   58.25450 -135.44416    198.869    101.201    100.237     5.9106    32.3971  1025.9752    25.5081     5.9024     41.390    89.2212    -0.0005      7.754     2.9155     4.1665    126.967    130.205      16103          2  0.000e+00
   58.25450 -135.44416    198.781    101.112    100.149     5.9109    32.3966  1025.9743    25.5077     5.9027     41.333    89.2212    -0.0005      7.754     2.9114     4.1607    126.790    130.025      16104          2  0.000e+00
   58.25450 -135.44416    198.693    101.023    100.060     5.9109    32.3965  1025.9739    25.5076     5.9027     41.381    89.2212    -0.0005      7.754     2.9149     4.1656    126.940    130.178      16105          2  0.000e+00
   58.25450 -135.44416    198.893    101.225    100.261     5.9111    32.3963  1025.9746    25.5074     5.9029     41.383    89.2212    -0.0005      7.754     2.9150     4.1658    126.944    130.182      16106          2  0.000e+00
   58.25450 -135.44416    198.749    101.080    100.117     5.9107    32.3971  1025.9746    25.5081     5.9026     41.326    89.2212    -0.0005      7.754     2.9109     4.1600    126.769    130.002      16107          2  0.000e+00
   58.25450 -135.44416    198.781    101.112    100.149     5.9111    32.3964  1025.9742    25.5075     5.9029     41.318    89.2492    -0.0005      7.754     2.9104     4.1593    126.746    129.979      16108          2  0.000e+00
   58.25450 -135.44416    198.813    101.145    100.181     5.9111    32.3963  1025.9742    25.5074     5.9029     41.368    89.3890    -0.0005      7.754     2.9139     4.1643    126.900    130.137      16109          2  0.000e+00
   58.25450 -135.44416    198.717    101.047    100.084     5.9109    32.3962  1025.9737    25.5073     5.9027     41.369    89.4450    -0.0005      7.754     2.9140     4.1644    126.902    130.139      16110          2  0.000e+00
   58.25450 -135.44416    198.749    101.080    100.117     5.9111    32.3966  1025.9742    25.5076     5.9030     41.370    89.4729    -0.0005      7.754     2.9141     4.1645    126.905    130.142      16111          2  0.000e+00
   58.25450 -135.44416    198.837    101.169    100.205     5.9109    32.3968  1025.9748    25.5078     5.9027     41.372    89.4450    -0.0005      7.754     2.9142     4.1646    126.910    130.147      16112          2  0.000e+00
   58.25450 -135.44416    198.749    101.080    100.117     5.9109    32.3960  1025.9738    25.5072     5.9027     41.372    89.4450    -0.0005      7.754     2.9142     4.1647    126.912    130.149      16113          2  0.000e+00
   58.25450 -135.44416    198.781    101.112    100.149     5.9109    32.3965  1025.9743    25.5076     5.9027     41.373    89.4450    -0.0005      7.754     2.9143     4.1648    126.915    130.152      16114          2  0.000e+00
   58.25450 -135.44416    198.629    100.958     99.996     5.9109    32.3964  1025.9735    25.5075     5.9027     41.373    89.4450    -0.0005      7.754     2.9143     4.1648    126.916    130.153      16115          2  0.000e+00
   58.25450 -135.44416    198.893    101.225    100.261     5.9111    32.3960  1025.9744    25.5072     5.9029     41.376    89.4450    -0.0005      7.754     2.9145     4.1651    126.923    130.160      16116          2  0.000e+00
   58.25450 -135.44416    198.629    100.958     99.996     5.9107    32.3965  1025.9735    25.5076     5.9026     41.375    89.4450    -0.0005      7.754     2.9145     4.1651    126.922    130.160      16117          2  0.000e+00
   58.25450 -135.44416    198.893    101.225    100.261     5.9111    32.3964  1025.9747    25.5075     5.9029     41.378    89.4450    -0.0005      7.754     2.9146     4.1653    126.929    130.166      16118          2  0.000e+00
   58.25450 -135.44416    198.629    100.958     99.996     5.9111    32.3965  1025.9736    25.5076     5.9030     41.377    89.4450    -0.0005      7.754     2.9146     4.1652    126.927    130.165      16119          2  0.000e+00
   58.25450 -135.44416    198.893    101.225    100.261     5.9111    32.3963  1025.9746    25.5074     5.9029     41.323    89.4450    -0.0005      7.754     2.9107     4.1597    126.760    129.994      16120          2  0.000e+00
   58.25452 -135.44416    198.749    101.080    100.117     5.9109    32.3963  1025.9740    25.5074     5.9027     41.316    89.4450    -0.0005      7.754     2.9102     4.1590    126.738    129.971      16121          2  0.000e+00
   58.25452 -135.44416    198.781    101.112    100.149     5.9109    32.3966  1025.9744    25.5077     5.9027     41.366    89.4450    -0.0005      7.754     2.9138     4.1641    126.894    130.130      16122          2  0.000e+00
   58.25452 -135.44416    198.629    100.958     99.996     5.9107    32.3965  1025.9735    25.5076     5.9026     41.367    89.4450    -0.0005      7.754     2.9139     4.1642    126.897    130.134      16123          2  0.000e+00
   58.25452 -135.44416    198.893    101.225    100.261     5.9107    32.3965  1025.9748    25.5076     5.9026     41.370    89.4450    -0.0005      7.754     2.9141     4.1645    126.906    130.143      16124          2  0.000e+00
   58.25452 -135.44416    198.749    101.080    100.117     5.9104    32.3967  1025.9743    25.5078     5.9023     41.371    89.4450    -0.0005      7.754     2.9142     4.1646    126.910    130.147      16125          2  0.000e+00
   58.25452 -135.44416    198.717    101.047    100.084     5.9104    32.3968  1025.9742    25.5078     5.9023     41.373    89.4450    -0.0005      7.754     2.9143     4.1648    126.914    130.152      16126          2  0.000e+00
   58.25452 -135.44416    198.749    101.080    100.117     5.9109    32.3963  1025.9739    25.5074     5.9027     41.374    89.4450    -0.0005      7.754     2.9144     4.1649    126.919    130.156      16127          2  0.000e+00
   58.25452 -135.44416    198.781    101.112    100.149     5.9106    32.3967  1025.9745    25.5078     5.9024     41.319    89.4450    -0.0005      7.754     2.9105     4.1594    126.751    129.984      16128          2  0.000e+00
   58.25452 -135.44416    198.693    101.023    100.060     5.9109    32.3964  1025.9738    25.5075     5.9027     41.313    89.1373    -0.0005      7.754     2.9100     4.1588    126.730    129.963      16129          2  0.000e+00
   58.25476 -135.44448    123.803     25.408     25.170     7.7380    30.2102  1023.6677    23.5510     7.7357     61.770    91.1790     0.3511      7.940     4.2311     6.0467    184.615    188.962      20600          3  0.000e+00
   58.25476 -135.44448    123.827     25.432     25.194     7.7379    30.2102  1023.6678    23.5510     7.7356     61.765    91.1790     0.3511      7.940     4.2308     6.0463    184.602    188.949      20601          3  0.000e+00
   58.25476 -135.44448    123.707     25.311     25.074     7.7379    30.2100  1023.6671    23.5509     7.7356     61.759    91.1790     0.3511      7.940     4.2305     6.0457    184.585    188.932      20602          3  0.000e+00
   58.25476 -135.44448    123.771     25.375     25.138     7.7380    30.2100  1023.6674    23.5508     7.7357     61.763    91.1790     0.3511      7.940     4.2307     6.0460    184.594    188.941      20603          3  0.000e+00
   58.25476 -135.44448    123.771     25.375     25.138     7.7375    30.2105  1023.6678    23.5513     7.7352     61.758    91.1790     0.3511      7.940     4.2304     6.0457    184.582    188.929      20604          3  0.000e+00
   58.25476 -135.44448    123.771     25.375     25.138     7.7379    30.2106  1023.6678    23.5513     7.7356     61.761    91.1790     0.3511      7.940     4.2306     6.0459    184.589    188.937      20605          3  0.000e+00
   58.25476 -135.44448    123.771     25.375     25.138     7.7383    30.2103  1023.6676    23.5511     7.7360     61.764    91.1790     0.3511      7.940     4.2307     6.0461    184.597    188.945      20606          3  0.000e+00
   58.25476 -135.44448    123.771     25.375     25.138     7.7382    30.2109  1023.6680    23.5515     7.7359     61.768    91.1790     0.3511      7.940     4.2310     6.0465    184.608    188.956      20607          3  0.000e+00
   58.25476 -135.44448    123.827     25.432     25.194     7.7383    30.2102  1023.6678    23.5510     7.7360     61.772    91.1790     0.3511      7.940     4.2313     6.0469    184.621    188.969      20608          3  0.000e+00
   58.25476 -135.44448    123.771     25.375     25.138     7.7382    30.2102  1023.6675    23.5510     7.7359     61.776    91.1790     0.3511      7.940     4.2315     6.0473    184.633    188.981      20609          3  0.000e+00
   58.25476 -135.44448    123.771     25.375     25.138     7.7387    30.2102  1023.6674    23.5509     7.7364     61.780    91.1790     0.3511      7.940     4.2318     6.0477    184.644    188.992      20610          3  0.000e+00
   58.25476 -135.44448    123.827     25.432     25.194     7.7385    30.2106  1023.6680    23.5512     7.7362     61.778    91.1790     0.3511      7.945     4.2317     6.0475    184.637    188.986      20611          3  0.000e+00
   58.25476 -135.44448    123.771     25.375     25.138     7.7383    30.2107  1023.6678    23.5513     7.7360     61.782    91.1790     0.3511      7.945     4.2320     6.0479    184.651    189.000      20612          3  0.000e+00
   58.25476 -135.44448    123.827     25.432     25.194     7.7387    30.2105  1023.6679    23.5511     7.7364     61.788    91.1790     0.3511      7.940     4.2323     6.0484    184.666    189.015      20613          3  0.000e+00
   58.25476 -135.44448    123.771     25.375     25.138     7.7394    30.2103  1023.6674    23.5509     7.7371     61.793    91.1790     0.3511      7.945     4.2326     6.0488    184.677    189.026      20614          3  0.000e+00
   58.25476 -135.44448    123.771     25.375     25.138     7.7401    30.2096  1023.6668    23.5503     7.7378     61.798    91.1790     0.3511      7.940     4.2329     6.0492    184.692    189.041      20615          3  0.000e+00
   58.25476 -135.44448    123.827     25.432     25.194     7.7401    30.2091  1023.6666    23.5499     7.7378     61.805    91.1511     0.3511      7.945     4.2333     6.0499    184.711    189.061      20616          3  0.000e+00
   58.25476 -135.44448    123.771     25.375     25.138     7.7403    30.2089  1023.6662    23.5497     7.7380     61.810    91.0951     0.3511      7.945     4.2337     6.0504    184.728    189.078      20617          3  0.000e+00
   58.25476 -135.44448    123.827     25.432     25.194     7.7400    30.2087  1023.6663    23.5496     7.7377     61.817    91.0672     0.3511      7.940     4.2342     6.0512    184.750    189.101      20618          3  0.000e+00
   58.25476 -135.44448    123.771     25.375     25.138     7.7383    30.2103  1023.6675    23.5510     7.7360     61.824    91.0672     0.3511      7.940     4.2348     6.0520    184.775    189.127      20619          3  0.000e+00
   58.25476 -135.44448    123.827     25.432     25.194     7.7374    30.2109  1023.6684    23.5516     7.7351     61.824    91.0672     0.3511      7.945     4.2349     6.0521    184.779    189.131      20620          3  0.000e+00
   58.25476 -135.44448    123.771     25.375     25.138     7.7371    30.2110  1023.6682    23.5517     7.7348     61.775    91.0672     0.3511      7.940     4.2316     6.0474    184.635    188.983      20621          3  0.000e+00
   58.25476 -135.44448    123.827     25.432     25.194     7.7379    30.2108  1023.6682    23.5515     7.7356     61.824    91.0672     0.3511      7.940     4.2349     6.0521    184.778    189.129      20622          3  0.000e+00
   58.25476 -135.44448    123.771     25.375     25.138     7.7388    30.2104  1023.6675    23.5510     7.7365     61.824    91.0672     0.3511      7.940     4.2348     6.0519    184.774    189.125      20623          3  0.000e+00
   58.25476 -135.44448    123.827     25.432     25.194     7.7400    30.2092  1023.6667    23.5499     7.7377     61.825    91.0672     0.3511      7.940     4.2347     6.0519    184.772    189.123      20624          3  0.000e+00
   58.25476 -135.44448    123.771     25.375     25.138     7.7406    30.2090  1023.6662    23.5497     7.7383     61.824    91.0672     0.3511      7.945     4.2347     6.0518    184.769    189.120      20625          3  0.000e+00
   58.25476 -135.44448    123.771     25.375     25.138     7.7409    30.2087  1023.6659    23.5494     7.7386     61.825    91.0672     0.3218      7.940     4.2347     6.0518    184.769    189.120      20626          3  0.000e+00
   58.25476 -135.44448    123.827     25.432     25.194     7.7406    30.2084  1023.6660    23.5493     7.7383     61.825    91.0672     0.3218      7.945     4.2347     6.0519    184.773    189.124      20627          3  0.000e+00
   58.25476 -135.44448    123.827     25.432     25.194     7.7408    30.2084  1023.6660    23.5492     7.7385     61.826    91.0672     0.3218      7.940     4.2348     6.0519    184.773    189.124      20628          3  0.000e+00
   58.25476 -135.44448    123.707     25.311     25.074     7.7403    30.2091  1023.6661    23.5499     7.7380     61.825    91.0672     0.3218      7.940     4.2347     6.0519    184.772    189.124      20629          3  0.000e+00
   58.25476 -135.44448    123.827     25.432     25.194     7.7398    30.2094  1023.6669    23.5501     7.7375     61.826    91.0672     0.3218      7.940     4.2349     6.0521    184.778    189.129      20630          3  0.000e+00
   58.25476 -135.44448    123.771     25.375     25.138     7.7400    30.2093  1023.6666    23.5501     7.7377     61.826    91.0672     0.3218      7.945     4.2348     6.0520    184.777    189.128      20631          3  0.000e+00
   58.25476 -135.44448    123.771     25.375     25.138     7.7400    30.2090  1023.6663    23.5498     7.7377     61.827    91.0672     0.3218      7.940     4.2349     6.0521    184.778    189.129      20632          3  0.000e+00
   58.25476 -135.44448    123.771     25.375     25.138     7.7403    30.2090  1023.6663    23.5498     7.7380     61.827    91.0672     0.3218      7.940     4.2349     6.0520    184.777    189.129      20633          3  0.000e+00
   58.25476 -135.44448    123.827     25.432     25.194     7.7401    30.2090  1023.6666    23.5498     7.7378     61.828    91.0672     0.3218      7.940     4.2349     6.0521    184.780    189.132      20634          3  0.000e+00
   58.25476 -135.44448    123.707     25.311     25.074     7.7393    30.2098  1023.6667    23.5505     7.7370     61.827    91.0672     0.3218      7.945     4.2349     6.0522    184.781    189.133      20635          3  0.000e+00
   58.25476 -135.44448    123.771     25.375     25.138     7.7388    30.2104  1023.6675    23.5510     7.7365     61.828    91.0672     0.3218      7.945     4.2350     6.0523    184.785    189.137      20636          3  0.000e+00
   58.25476 -135.44448    123.771     25.375     25.138     7.7388    30.2100  1023.6673    23.5508     7.7365     61.828    91.0672     0.3218      7.945     4.2351     6.0523    184.786    189.138      20637          3  0.000e+00
   58.25476 -135.44448    123.771     25.375     25.138     7.7387    30.2101  1023.6673    23.5508     7.7364     61.828    91.0672     0.3218      7.940     4.2351     6.0524    184.788    189.140      20638          3  0.000e+00
