EcoFOCI/data/1_SampleCollection/2022_GOA-OA_CruiseData/CTD_raw_BottleFile_RC0083/RC0083_042.ros
* Sea-Bird SBE 9 Data File:
* FileName = C:\Data\RC0083ctd\RC0083_042.hex
* Software Version Seasave V 7.26.7.107
* Temperature SN = 2060
* Conductivity SN = 1084
* Number of Bytes Per Scan = 31
* Number of Voltage Words = 4
* Number of Scans Averaged by the Deck Unit = 1
* NMEA Latitude = 58 06.53 N
* NMEA Longitude = 136 31.59 W
* NMEA UTC (Time) = Aug 18 2022  21:43:42
* NMEA baud rate = 4800
** Ship: R/V Rachel Carson
** Cruise ID: RC0083
** Tech: McHugh/Nomura
** Chief Scientist: Cross
** Station: XS1
** Cast:  CTD042
# nquan = 21
# nvalues = 245                                   
# units = specified
# name 0 = latitude: Latitude [deg]
# name 1 = longitude: Longitude [deg]
# name 2 = sfdSM: Seafloor depth [salt water, m]
# name 3 = prDM: Pressure, Digiquartz [db]
# name 4 = depSM: Depth [salt water, m]
# name 5 = t090C: Temperature [ITS-90, deg C]
# name 6 = sal00: Salinity, Practical [PSU]
# name 7 = density00: Density [density, kg/m^3]
# name 8 = sigma-é00: Density [sigma-theta, kg/m^3]
# name 9 = potemp090C: Potential Temperature [ITS-90, deg C]
# name 10 = sbeox0PS: Oxygen, SBE 43 [% saturation]
# name 11 = CStarTr0: Beam Transmission, WET Labs C-Star [%]
# name 12 = flECO-AFL: Fluorescence, WET Labs ECO-AFL/FL [mg/m^3]
# name 13 = ph: pH
# name 14 = sbeox0ML/L: Oxygen, SBE 43 [ml/l]
# name 15 = sbeox0Mg/L: Oxygen, SBE 43 [mg/l]
# name 16 = sbox0Mm/Kg: Oxygen, SBE 43 [umol/kg]
# name 17 = sbeox0Mm/L: Oxygen, SBE 43 [umol/l]
# name 18 = scan: Scan Count
# name 19 = nbf: Bottles Fired
# name 20 = flag:  0.000e+00
# interval = seconds: 0.0416667
# start_time = Aug 18 2022 21:43:42 [NMEA time, header]
# bad_flag = -9.990e-29
*END*
[from data line 69]
   58.10854 -136.52502     76.461     50.735     50.259    10.4913    31.4349  1024.3181    24.0888    10.4855     76.194    94.9269     0.7321      8.102     4.8703     6.9602    212.392    217.509       5918          2  0.000e+00
   58.10854 -136.52502     76.575     50.727     50.251    10.4915    31.4347  1024.3178    24.0886    10.4857     76.189    94.9828     0.7028      8.102     4.8700     6.9597    212.378    217.494       5919          2  0.000e+00
   58.10854 -136.52502     76.544     50.671     50.195    10.4913    31.4351  1024.3179    24.0890    10.4855     76.191    95.0108     0.7028      8.102     4.8701     6.9599    212.383    217.499       5920          2  0.000e+00
   58.10854 -136.52502     76.600     50.727     50.251    10.4915    31.4349  1024.3180    24.0888    10.4857     76.187    95.0108     0.7028      8.102     4.8699     6.9595    212.373    217.489       5921          2  0.000e+00
   58.10854 -136.52502     76.544     50.671     50.195    10.4924    31.4349  1024.3176    24.0887    10.4867     76.183    95.0108     0.7028      8.102     4.8695     6.9590    212.357    217.472       5922          2  0.000e+00
   58.10854 -136.52502     76.634     50.614     50.138    10.4943    31.4340  1024.3163    24.0877    10.4885     76.179    95.0108     0.7028      8.102     4.8691     6.9584    212.338    217.453       5923          2  0.000e+00
   58.10854 -136.52502     76.732     50.614     50.138    10.4954    31.4340  1024.3161    24.0874    10.4897     76.182    95.0108     0.7028      8.102     4.8692     6.9585    212.342    217.457       5924          2  0.000e+00
   58.10854 -136.52502     76.788     50.671     50.195    10.4954    31.4339  1024.3163    24.0874    10.4896     76.180    94.9828     0.7321      8.102     4.8690     6.9583    212.337    217.451       5925          2  0.000e+00
   58.10854 -136.52502     76.676     50.558     50.082    10.4944    31.4344  1024.3164    24.0879    10.4887     76.177    94.9828     0.7321      8.107     4.8689     6.9582    212.331    217.445       5926          2  0.000e+00
   58.10854 -136.52502     76.700     50.558     50.082    10.4940    31.4347  1024.3167    24.0882    10.4883     76.181    95.0108     0.7028      8.107     4.8692     6.9586    212.345    217.460       5927          2  0.000e+00
   58.10854 -136.52502     76.854     50.614     50.138    10.4941    31.4346  1024.3168    24.0881    10.4883     76.187    94.9828     0.7028      8.102     4.8696     6.9591    212.360    217.475       5928          2  0.000e+00
   58.10854 -136.52502     76.871     50.558     50.082    10.4946    31.4348  1024.3166    24.0882    10.4889     76.185    94.9828     0.7614      8.102     4.8694     6.9589    212.353    217.468       5929          2  0.000e+00
   58.10854 -136.52502     76.807     50.493     50.018    10.4967    31.4344  1024.3157    24.0876    10.4910     76.184    95.0108     0.7614      8.107     4.8691     6.9584    212.339    217.454       5930          2  0.000e+00
   58.10854 -136.52502     76.871     50.558     50.082    10.4982    31.4347  1024.3160    24.0876    10.4925     76.190    95.0108     0.7907      8.102     4.8693     6.9588    212.350    217.465       5931          2  0.000e+00
   58.10854 -136.52502     76.832     50.493     50.018    10.4994    31.4344  1024.3152    24.0871    10.4936     76.189    94.9828     0.7907      8.102     4.8692     6.9586    212.343    217.458       5932          2  0.000e+00
   58.10854 -136.52502     76.954     50.493     50.018    10.4997    31.4344  1024.3152    24.0870    10.4940     76.190    94.9828     0.7907      8.102     4.8692     6.9585    212.342    217.457       5933          2  0.000e+00
   58.10854 -136.52502     77.002     50.493     50.018    10.5004    31.4345  1024.3151    24.0870    10.4946     76.190    95.0108     0.7907      8.102     4.8691     6.9585    212.340    217.455       5934          2  0.000e+00
   58.10854 -136.52502     77.002     50.493     50.018    10.5015    31.4347  1024.3151    24.0870    10.4958     76.191    95.0108     0.7907      8.107     4.8690     6.9583    212.337    217.451       5935          2  0.000e+00
   58.10854 -136.52502     76.914     50.428     49.954    10.5025    31.4340  1024.3141    24.0862    10.4968     76.191    95.0108     0.7907      8.102     4.8690     6.9582    212.334    217.448       5936          2  0.000e+00
   58.10854 -136.52502     76.995     50.436     49.962    10.5030    31.4343  1024.3143    24.0864    10.4973     76.138    95.0108     0.7614      8.102     4.8655     6.9533    212.183    217.294       5937          2  0.000e+00
   58.10854 -136.52502     77.125     50.493     50.018    10.5031    31.4343  1024.3145    24.0864    10.4974     76.134    95.0108     0.7614      8.107     4.8653     6.9529    212.172    217.283       5938          2  0.000e+00
   58.10854 -136.52502     77.093     50.436     49.962    10.5027    31.4346  1024.3146    24.0867    10.4969     76.130    94.9828     0.7907      8.102     4.8650     6.9526    212.161    217.272       5939          2  0.000e+00
   58.10854 -136.52502     77.061     50.428     49.954    10.5022    31.4354  1024.3153    24.0874    10.4965     76.126    94.9549     0.7907      8.107     4.8648     6.9523    212.153    217.263       5940          2  0.000e+00
   58.10854 -136.52502     77.037     50.380     49.906    10.5008    31.4361  1024.3158    24.0882    10.4951     76.177    94.9549     0.7907      8.107     4.8682     6.9572    212.301    217.414       5941          2  0.000e+00
   58.10854 -136.52502     77.109     50.428     49.954    10.4998    31.4364  1024.3164    24.0886    10.4941     76.127    94.9549     0.7907      8.102     4.8651     6.9527    212.165    217.276       5942          2  0.000e+00
   58.10854 -136.52502     77.166     50.436     49.962    10.4997    31.4368  1024.3168    24.0889    10.4940     76.180    94.9549     0.7907      8.107     4.8685     6.9575    212.311    217.425       5943          2  0.000e+00
   58.10854 -136.52502     77.158     50.428     49.954    10.5004    31.4367  1024.3166    24.0887    10.4946     76.130    94.9549     0.7907      8.102     4.8652     6.9528    212.168    217.279       5944          2  0.000e+00
   58.10854 -136.52502     77.110     50.380     49.906    10.5005    31.4372  1024.3167    24.0891    10.4948     76.128    94.9549     0.7907      8.102     4.8650     6.9526    212.162    217.273       5945          2  0.000e+00
   58.10854 -136.52502     77.166     50.436     49.962    10.5000    31.4377  1024.3174    24.0895    10.4943     76.128    94.9549     0.7907      8.102     4.8651     6.9527    212.163    217.274       5946          2  0.000e+00
   58.10850 -136.52466     64.788     25.071     24.837    13.0761    31.1997  1023.5485    23.4365    13.0728     93.628    96.6050     1.2302      8.242     5.6741     8.1088    247.601    253.404       7732          3  0.000e+00
   58.10850 -136.52466     64.668     24.950     24.717    13.0761    31.1998  1023.5481    23.4366    13.0728     93.623    96.6050     1.2302      8.242     5.6737     8.1083    247.586    253.389       7733          3  0.000e+00
   58.10850 -136.52466     64.788     25.071     24.837    13.0756    31.1993  1023.5483    23.4363    13.0723     93.625    96.6050     1.2302      8.242     5.6740     8.1087    247.597    253.399       7734          3  0.000e+00
   58.10850 -136.52466     64.668     24.950     24.717    13.0752    31.1997  1023.5481    23.4367    13.0719     93.678    96.6050     1.2302      8.242     5.6772     8.1133    247.737    253.543       7735          3  0.000e+00
   58.10850 -136.52466     64.788     25.071     24.837    13.0748    31.1999  1023.5490    23.4370    13.0715     93.632    96.6050     1.2302      8.242     5.6744     8.1093    247.616    253.419       7736          3  0.000e+00
   58.10850 -136.52466     64.668     24.950     24.717    13.0744    31.1998  1023.5483    23.4369    13.0712     93.683    96.6050     1.2302      8.242     5.6776     8.1138    247.754    253.561       7737          3  0.000e+00
   58.10850 -136.52466     68.420     25.015     24.781    13.0737    31.1994  1023.5485    23.4367    13.0704     93.688    96.6330     1.2302      8.238     5.6780     8.1144    247.772    253.579       7738          3  0.000e+00
   58.10850 -136.52466     73.533     24.950     24.717    13.0728    31.1998  1023.5487    23.4372    13.0695     93.691    96.6610     1.2302      8.242     5.6783     8.1148    247.784    253.592       7739          3  0.000e+00
   58.10850 -136.52466     74.940     25.015     24.781    13.0719    31.2002  1023.5494    23.4377    13.0686     93.695    96.6610     1.2302      8.238     5.6786     8.1153    247.798    253.606       7740          3  0.000e+00
   58.10850 -136.52466     74.729     24.950     24.717    13.0719    31.2003  1023.5493    23.4378    13.0686     93.696    96.6610     1.2302      8.242     5.6787     8.1154    247.802    253.610       7741          3  0.000e+00
   58.10850 -136.52466     74.509     24.950     24.717    13.0717    31.2004  1023.5493    23.4379    13.0684     93.751    96.6610     1.2302      8.242     5.6820     8.1202    247.948    253.759       7742          3  0.000e+00
   58.10850 -136.52466     74.461     24.950     24.717    13.0722    31.1999  1023.5488    23.4374    13.0689     93.758    96.6610     1.2302      8.242     5.6824     8.1207    247.963    253.774       7743          3  0.000e+00
   58.10850 -136.52466     74.525     25.015     24.781    13.0720    31.2000  1023.5493    23.4376    13.0687     93.764    96.6610     1.2302      8.242     5.6827     8.1212    247.980    253.792       7744          3  0.000e+00
   58.10850 -136.52466     74.485     24.950     24.717    13.0719    31.1999  1023.5490    23.4375    13.0686     93.720    96.6610     1.2302      8.242     5.6801     8.1174    247.864    253.673       7745          3  0.000e+00
   58.10850 -136.52466     74.429     24.893     24.661    13.0717    31.1998  1023.5487    23.4375    13.0684     93.723    96.6610     1.2302      8.242     5.6803     8.1178    247.874    253.683       7746          3  0.000e+00
   58.10850 -136.52466     74.485     24.950     24.717    13.0714    31.1998  1023.5490    23.4375    13.0681     93.727    96.6610     1.2302      8.242     5.6806     8.1182    247.887    253.697       7747          3  0.000e+00
   58.10850 -136.52466     74.485     24.950     24.717    13.0709    31.1996  1023.5489    23.4374    13.0676     93.784    96.6610     1.2302      8.242     5.6841     8.1232    248.040    253.853       7748          3  0.000e+00
   58.10848 -136.52466     74.485     24.950     24.717    13.0702    31.1997  1023.5491    23.4377    13.0669     93.792    96.6610     1.2302      8.242     5.6847     8.1240    248.064    253.878       7749          3  0.000e+00
   58.10848 -136.52466     74.485     24.950     24.717    13.0699    31.1999  1023.5493    23.4379    13.0666     93.746    96.6610     1.2302      8.242     5.6819     8.1201    247.944    253.755       7750          3  0.000e+00
   58.10848 -136.52466     69.064     24.950     24.717    13.0697    31.1997  1023.5492    23.4377    13.0664     93.747    96.6610     1.2302      8.242     5.6821     8.1202    247.949    253.760       7751          3  0.000e+00
   58.10848 -136.52466     48.575     24.950     24.717    13.0691    31.2001  1023.5496    23.4382    13.0658     93.743    96.6610     1.2595      8.242     5.6818     8.1199    247.939    253.750       7752          3  0.000e+00
   58.10848 -136.52466     40.412     24.893     24.661    13.0691    31.1999  1023.5492    23.4380    13.0658     93.742    96.6610     1.3182      8.242     5.6818     8.1199    247.938    253.749       7753          3  0.000e+00
   58.10848 -136.52466     40.150     24.950     24.717    13.0691    31.1994  1023.5491    23.4376    13.0658     93.743    96.6610     1.3475      8.242     5.6818     8.1199    247.940    253.751       7754          3  0.000e+00
   58.10848 -136.52466     40.974     24.893     24.661    13.0693    31.1995  1023.5489    23.4377    13.0660     93.741    96.6610     1.3475      8.242     5.6817     8.1198    247.935    253.746       7755          3  0.000e+00
   58.10848 -136.52466     41.347     24.950     24.717    13.0685    31.1998  1023.5495    23.4381    13.0652     93.741    96.6610     1.3475      8.242     5.6818     8.1198    247.937    253.749       7756          3  0.000e+00
   58.10848 -136.52466     41.171     24.772     24.541    13.0693    31.2004  1023.5490    23.4383    13.0660     93.737    96.6610     1.3475      8.242     5.6815     8.1194    247.923    253.734       7757          3  0.000e+00
   58.10848 -136.52466     41.378     25.031     24.797    13.0711    31.2008  1023.5501    23.4383    13.0678     93.738    96.5771     1.3475      8.242     5.6813     8.1191    247.915    253.726       7758          3  0.000e+00
   58.10848 -136.52466     41.298     24.950     24.717    13.0724    31.2008  1023.5496    23.4381    13.0691     93.734    96.5211     1.3475      8.242     5.6809     8.1186    247.899    253.709       7759          3  0.000e+00
   58.10848 -136.52466     41.298     24.950     24.717    13.0728    31.2014  1023.5499    23.4384    13.0695     93.731    96.4931     1.3475      8.242     5.6807     8.1182    247.888    253.698       7760          3  0.000e+00
   58.10848 -136.52466     41.413     24.893     24.661    13.0731    31.2015  1023.5497    23.4385    13.0698     93.727    96.5211     1.3475      8.242     5.6804     8.1178    247.875    253.685       7761          3  0.000e+00
   58.10848 -136.52466     41.713     24.950     24.717    13.0737    31.2014  1023.5498    23.4383    13.0704     93.724    96.5211     1.3475      8.242     5.6801     8.1174    247.864    253.673       7762          3  0.000e+00
   58.10848 -136.52466     41.706     24.893     24.661    13.0741    31.2010  1023.5491    23.4379    13.0708     93.666    96.5211     1.3475      8.242     5.6765     8.1123    247.708    253.514       7763          3  0.000e+00
   58.10848 -136.52466     41.762     24.950     24.717    13.0741    31.2008  1023.5492    23.4378    13.0708     93.656    96.5211     1.3475      8.242     5.6760     8.1115    247.684    253.489       7764          3  0.000e+00
   58.10848 -136.52466     41.706     24.893     24.661    13.0741    31.2006  1023.5488    23.4376    13.0708     93.645    96.5211     1.3475      8.242     5.6753     8.1106    247.655    253.459       7765          3  0.000e+00
   58.10848 -136.52466     41.738     24.950     24.717    13.0739    31.2008  1023.5492    23.4378    13.0706     93.635    96.5211     1.3475      8.242     5.6747     8.1097    247.629    253.433       7766          3  0.000e+00
   58.10848 -136.52466     41.682     24.893     24.661    13.0741    31.2006  1023.5488    23.4376    13.0708     93.624    96.5211     1.3475      8.242     5.6740     8.1087    247.599    253.402       7767          3  0.000e+00
   58.10848 -136.52466     41.706     24.893     24.661    13.0757    31.2001  1023.5481    23.4369    13.0725     93.613    96.5211     1.3475      8.242     5.6732     8.1075    247.562    253.364       7768          3  0.000e+00
   58.10848 -136.52466     41.762     24.950     24.717    13.0768    31.1994  1023.5476    23.4362    13.0735     93.656    96.5211     1.3475      8.242     5.6757     8.1111    247.671    253.475       7769          3  0.000e+00
   58.10848 -136.52466     41.682     24.893     24.661    13.0764    31.1999  1023.5478    23.4366    13.0731     93.649    96.5211     1.3475      8.242     5.6753     8.1105    247.654    253.458       7770          3  0.000e+00
