EcoFOCI/data/1_SampleCollection/2022_GOA-OA_CruiseData/CTD_raw_BottleFile_RC0083/RC0083_049.ros
* Sea-Bird SBE 9 Data File:
* FileName = C:\Data\RC0083ctd\RC0083_049.hex
* Software Version Seasave V 7.26.7.107
* Temperature SN = 2060
* Conductivity SN = 1084
* Number of Bytes Per Scan = 31
* Number of Voltage Words = 4
* Number of Scans Averaged by the Deck Unit = 1
* NMEA Latitude = 58 12.65 N
* NMEA Longitude = 137 05.13 W
* NMEA UTC (Time) = Aug 19 2022  08:16:29
* NMEA baud rate = 4800
** Ship: R/V Rachel Carson
** Cruise ID: RC0083
** Tech: McHugh/Nomura
** Chief Scientist: Cross
** Station: SEM05
** Cast:  CTD049
# nquan = 21
# nvalues = 294                                   
# units = specified
# name 0 = latitude: Latitude [deg]
# name 1 = longitude: Longitude [deg]
# name 2 = sfdSM: Seafloor depth [salt water, m]
# name 3 = prDM: Pressure, Digiquartz [db]
# name 4 = depSM: Depth [salt water, m]
# name 5 = t090C: Temperature [ITS-90, deg C]
# name 6 = sal00: Salinity, Practical [PSU]
# name 7 = density00: Density [density, kg/m^3]
# name 8 = sigma-é00: Density [sigma-theta, kg/m^3]
# name 9 = potemp090C: Potential Temperature [ITS-90, deg C]
# name 10 = sbeox0PS: Oxygen, SBE 43 [% saturation]
# name 11 = CStarTr0: Beam Transmission, WET Labs C-Star [%]
# name 12 = flECO-AFL: Fluorescence, WET Labs ECO-AFL/FL [mg/m^3]
# name 13 = ph: pH
# name 14 = sbeox0ML/L: Oxygen, SBE 43 [ml/l]
# name 15 = sbeox0Mg/L: Oxygen, SBE 43 [mg/l]
# name 16 = sbox0Mm/Kg: Oxygen, SBE 43 [umol/kg]
# name 17 = sbeox0Mm/L: Oxygen, SBE 43 [umol/l]
# name 18 = scan: Scan Count
# name 19 = nbf: Bottles Fired
# name 20 = flag:  0.000e+00
# interval = seconds: 0.0416667
# start_time = Aug 19 2022 08:16:29 [NMEA time, header]
# bad_flag = -9.990e-29
*END*
[from data line 138]
   58.21176 -137.08542    113.176     50.822     50.344     9.4736    31.9009  1024.8496    24.6190     9.4681     77.021   104.8559     0.2046      8.063     5.0189     7.1725    218.760    224.145       8745          3  0.000e+00
   58.21176 -137.08542    112.864     50.531     50.056     9.4739    31.9005  1024.8479    24.6186     9.4685     77.027   104.8279     0.2046      8.063     5.0193     7.1731    218.776    224.162       8746          3  0.000e+00
   58.21176 -137.08542    113.000     50.644     50.168     9.4741    31.9004  1024.8483    24.6185     9.4686     77.036   104.7999     0.2046      8.063     5.0199     7.1739    218.801    224.188       8747          3  0.000e+00
   58.21176 -137.08542    112.920     50.587     50.112     9.4739    31.9001  1024.8479    24.6184     9.4685     77.049   104.7720     0.2046      8.063     5.0208     7.1752    218.840    224.227       8748          3  0.000e+00
   58.21176 -137.08542    113.000     50.644     50.168     9.4736    31.9001  1024.8482    24.6184     9.4682     77.056   104.7720     0.2046      8.063     5.0212     7.1758    218.860    224.248       8749          3  0.000e+00
   58.21176 -137.08542    112.986     50.531     50.056     9.4724    31.8999  1024.8476    24.6184     9.4670     77.060   104.7999     0.2046      8.063     5.0216     7.1764    218.877    224.266       8750          3  0.000e+00
   58.21176 -137.08542    119.911     50.644     50.168     9.4712    31.8999  1024.8484    24.6186     9.4658     77.065   104.7999     0.2046      8.063     5.0221     7.1771    218.897    224.286       8751          3  0.000e+00
   58.21176 -137.08542    124.358     50.474     50.000     9.4708    31.9001  1024.8478    24.6188     9.4654     77.066   104.7720     0.2046      8.063     5.0222     7.1772    218.903    224.292       8752          3  0.000e+00
   58.21176 -137.08542    125.139     50.523     50.048     9.4701    31.9007  1024.8486    24.6194     9.4647     77.123   104.7999     0.2046      8.063     5.0260     7.1826    219.067    224.460       8753          3  0.000e+00
   58.21190 -137.08554     58.648     24.863     24.631    11.8944    31.6818  1024.1448    24.0332    11.8913     87.645   101.1080     1.2009      8.181     5.4280     7.7572    236.726    242.415      10377          4  0.000e+00
   58.21190 -137.08554     58.712     24.928     24.695    11.8957    31.6818  1024.1448    24.0330    11.8926     87.601   101.1080     1.2009      8.181     5.4251     7.7531    236.601    242.287      10378          4  0.000e+00
   58.21190 -137.08554     58.687     24.928     24.695    11.8959    31.6821  1024.1450    24.0332    11.8928     87.606   101.1080     1.2009      8.181     5.4254     7.7534    236.612    242.298      10379          4  0.000e+00
   58.21190 -137.08554     58.599     24.863     24.631    11.8969    31.6816  1024.1442    24.0326    11.8938     87.611   101.1080     1.2009      8.181     5.4256     7.7537    236.621    242.308      10380          4  0.000e+00
   58.21190 -137.08554     58.519     24.807     24.575    11.8976    31.6820  1024.1441    24.0328    11.8945     87.617   101.1080     1.2009      8.181     5.4259     7.7542    236.634    242.321      10381          4  0.000e+00
   58.21190 -137.08554     58.399     24.685     24.455    11.8982    31.6818  1024.1433    24.0325    11.8952     87.624   101.0801     1.2009      8.181     5.4263     7.7547    236.650    242.337      10382          4  0.000e+00
   58.21190 -137.08554     58.646     24.984     24.751    11.8984    31.6817  1024.1445    24.0324    11.8953     87.684   101.0521     1.2009      8.181     5.4300     7.7600    236.812    242.503      10383          4  0.000e+00
   58.21190 -137.08554     58.350     24.685     24.455    11.8989    31.6819  1024.1432    24.0324    11.8958     87.637   101.0521     1.2009      8.181     5.4270     7.7557    236.682    242.370      10384          4  0.000e+00
   58.21190 -137.08554     58.414     24.750     24.519    11.8999    31.6816  1024.1431    24.0320    11.8968     87.643   101.0521     1.2009      8.181     5.4273     7.7561    236.693    242.382      10385          4  0.000e+00
   58.21190 -137.08554     55.850     24.750     24.519    11.9007    31.6816  1024.1429    24.0319    11.8977     87.703   101.0521     1.2009      8.181     5.4309     7.7612    236.850    242.542      10386          4  0.000e+00
   58.21190 -137.08554     50.902     24.685     24.455    11.9012    31.6814  1024.1424    24.0316    11.8981     87.661   101.0521     1.2009      8.181     5.4282     7.7575    236.735    242.424      10387          4  0.000e+00
   58.21190 -137.08554     49.452     24.750     24.519    11.9015    31.6814  1024.1426    24.0316    11.8985     87.669   101.0521     1.2009      8.181     5.4287     7.7582    236.757    242.446      10388          4  0.000e+00
   58.21190 -137.08554     49.365     24.564     24.335    11.9019    31.6814  1024.1417    24.0315    11.8988     87.729   101.0521     1.2009      8.181     5.4324     7.7635    236.918    242.611      10389          4  0.000e+00
   58.21190 -137.08554     49.625     24.629     24.399    11.9019    31.6812  1024.1419    24.0314    11.8988     87.692   101.0521     1.2009      8.181     5.4301     7.7601    236.816    242.507      10390          4  0.000e+00
   58.21190 -137.08554     49.673     24.629     24.399    11.9022    31.6812  1024.1419    24.0313    11.8991     87.696   101.0521     1.2009      8.181     5.4303     7.7605    236.826    242.518      10391          4  0.000e+00
   58.21190 -137.08554     49.609     24.564     24.335    11.9029    31.6807  1024.1410    24.0308    11.8999     87.754   101.0521     1.2009      8.181     5.4338     7.7655    236.980    242.675      10392          4  0.000e+00
   58.21190 -137.08554     49.793     24.750     24.519    11.9030    31.6806  1024.1417    24.0306    11.9000     87.768   101.0521     1.2009      8.181     5.4347     7.7667    237.016    242.712      10393          4  0.000e+00
   58.21190 -137.08554     49.497     24.451     24.223    11.8991    31.6815  1024.1418    24.0321    11.8960     87.723   101.0521     1.2009      8.181     5.4323     7.7633    236.913    242.607      10394          4  0.000e+00
   58.21190 -137.08554     49.729     24.685     24.455    11.8937    31.6826  1024.1447    24.0339    11.8907     87.786   101.0521     1.2009      8.181     5.4368     7.7697    237.109    242.808      10395          4  0.000e+00
   58.21190 -137.08554     49.433     24.386     24.159    11.8898    31.6834  1024.1447    24.0353    11.8868     87.743   101.0521     1.2009      8.181     5.4345     7.7665    237.010    242.706      10396          4  0.000e+00
   58.21190 -137.08554     49.609     24.564     24.335    11.8873    31.6855  1024.1476    24.0373    11.8842     87.747   101.0521     1.2009      8.186     5.4350     7.7672    237.030    242.727      10397          4  0.000e+00
   58.21190 -137.08554     49.609     24.564     24.335    11.8889    31.6855  1024.1473    24.0371    11.8859     87.809   101.0521     1.2009      8.181     5.4387     7.7724    237.189    242.890      10398          4  0.000e+00
   58.21190 -137.08554     49.553     24.508     24.279    11.8904    31.6853  1024.1466    24.0366    11.8874     87.811   101.0521     1.2009      8.186     5.4386     7.7723    237.187    242.888      10399          4  0.000e+00
   58.21190 -137.08554     49.609     24.564     24.335    11.8926    31.6846  1024.1460    24.0357    11.8895     87.820   101.0521     1.2009      8.181     5.4390     7.7728    237.203    242.904      10400          4  0.000e+00
   58.21190 -137.08554     49.822     24.508     24.279    11.8951    31.6838  1024.1446    24.0346    11.8920     87.828   101.0521     1.2302      8.181     5.4392     7.7732    237.214    242.915      10401          4  0.000e+00
   58.21190 -137.08554     50.120     24.685     24.455    11.8953    31.6829  1024.1447    24.0339    11.8922     87.899   101.0521     1.2888      8.181     5.4436     7.7795    237.405    243.111      10402          4  0.000e+00
   58.21190 -137.08554     49.848     24.386     24.158    11.8937    31.6836  1024.1442    24.0347    11.8907     87.911   101.0241     1.3475      8.181     5.4445     7.7807    237.444    243.151      10403          4  0.000e+00
   58.21190 -137.08554     50.144     24.685     24.455    11.8932    31.6831  1024.1452    24.0344    11.8901     87.930   100.9962     1.3475      8.181     5.4457     7.7825    237.498    243.206      10404          4  0.000e+00
   58.21190 -137.08554     49.888     24.451     24.222    11.8943    31.6832  1024.1440    24.0343    11.8912     87.942   101.0241     1.3475      8.181     5.4464     7.7834    237.527    243.236      10405          4  0.000e+00
   58.21190 -137.08554     49.968     24.507     24.279    11.8966    31.6826  1024.1434    24.0334    11.8935     87.952   100.9962     1.3475      8.186     5.4467     7.7839    237.542    243.251      10406          4  0.000e+00
   58.21190 -137.08554     50.000     24.564     24.335    11.8986    31.6821  1024.1429    24.0327    11.8955     88.015   100.9962     1.3475      8.181     5.4504     7.7892    237.704    243.416      10407          4  0.000e+00
   58.21190 -137.08554     50.120     24.685     24.455    11.8991    31.6817  1024.1430    24.0322    11.8960     88.030   100.9962     1.3475      8.186     5.4514     7.7905    237.744    243.458      10408          4  0.000e+00
   58.21190 -137.08554     50.064     24.629     24.399    11.8992    31.6815  1024.1426    24.0321    11.8962     88.044   101.0241     1.3475      8.181     5.4522     7.7917    237.779    243.494      10409          4  0.000e+00
   58.21190 -137.08554     49.888     24.451     24.222    11.8982    31.6820  1024.1424    24.0326    11.8952     88.055   101.0241     1.3475      8.186     5.4530     7.7928    237.814    243.529      10410          4  0.000e+00
   58.21190 -137.08554     50.064     24.629     24.399    11.8969    31.6818  1024.1432    24.0327    11.8938     88.064   101.0241     1.3475      8.186     5.4537     7.7938    237.845    243.561      10411          4  0.000e+00
   58.21190 -137.08554     50.064     24.629     24.399    11.8949    31.6820  1024.1437    24.0332    11.8919     88.076   100.9962     1.3475      8.186     5.4547     7.7953    237.888    243.605      10412          4  0.000e+00
   58.21190 -137.08554     50.264     24.806     24.575    11.8936    31.6828  1024.1455    24.0342    11.8905     88.144   100.9962     1.3475      8.186     5.4590     7.8014    238.075    243.797      10413          4  0.000e+00
   58.21190 -137.08554     50.000     24.564     24.334    11.8936    31.6828  1024.1444    24.0341    11.8906     88.158   100.9962     1.3475      8.186     5.4598     7.8026    238.113    243.836      10414          4  0.000e+00
   58.21190 -137.08554     50.240     24.806     24.575    11.8934    31.6830  1024.1456    24.0343    11.8903     88.176   101.0241     1.3475      8.186     5.4610     7.8043    238.164    243.888      10415          4  0.000e+00
   58.21190 -137.08554     50.000     24.564     24.334    11.8931    31.6833  1024.1448    24.0346    11.8900     88.189   101.0241     1.3475      8.186     5.4618     7.8055    238.199    243.924      10416          4  0.000e+00
   58.21190 -137.08554     64.885     24.750     24.519    11.8929    31.6827  1024.1452    24.0342    11.8898     88.206   101.0241     1.3475      8.186     5.4629     7.8070    238.246    243.972      10417          4  0.000e+00
   58.21190 -137.08554    109.044     24.782     24.551    11.8924    31.6829  1024.1456    24.0344    11.8893     88.220   101.0241     1.3475      8.186     5.4638     7.8083    238.287    244.014      10418          4  0.000e+00
   58.21190 -137.08554    124.575     24.806     24.575    11.8943    31.6845  1024.1467    24.0353    11.8912     88.281   101.0241     1.3475      8.181     5.4673     7.8133    238.439    244.170      10419          4  0.000e+00
   58.21190 -137.08554    124.695     24.927     24.695    11.9044    31.6828  1024.1440    24.0321    11.9013     88.299   101.0241     1.3475      8.186     5.4673     7.8133    238.440    244.171      10420          4  0.000e+00
   58.21190 -137.08554    123.654     24.863     24.631    11.9116    31.6808  1024.1408    24.0293    11.9085     88.308   100.9962     1.3475      8.186     5.4671     7.8131    238.433    244.162      10421          4  0.000e+00
   58.21190 -137.08554    123.043     24.863     24.631    11.9092    31.6796  1024.1404    24.0288    11.9061     88.324   100.9962     1.4354      8.181     5.4684     7.8149    238.489    244.220      10422          4  0.000e+00
   58.21190 -137.08554    123.107     24.927     24.695    11.8994    31.6801  1024.1428    24.0309    11.8963     88.394   100.9962     1.4940      8.186     5.4739     7.8227    238.726    244.463      10423          4  0.000e+00
   58.21190 -137.08554    123.205     24.927     24.695    11.8896    31.6812  1024.1455    24.0336    11.8865     88.414   101.0241     1.4940      8.181     5.4762     7.8260    238.827    244.567      10424          4  0.000e+00
   58.21190 -137.08554    123.261     24.984     24.751    11.8831    31.6827  1024.1481    24.0360    11.8800     88.480   101.0241     1.4940      8.186     5.4810     7.8329    239.038    244.783      10425          4  0.000e+00
   58.21202 -137.08564    109.296     10.911     10.810    14.5079    31.6051  1023.5088    23.4604    14.5064    101.540    93.6123     2.1094      8.292     5.9609     8.5187    260.110    266.212      11679          5  0.000e+00
   58.21202 -137.08564    109.264     10.879     10.778    14.5081    31.6052  1023.5087    23.4605    14.5065    101.536    93.6123     2.1387      8.292     5.9606     8.5183    260.098    266.200      11680          5  0.000e+00
   58.21202 -137.08564    109.184     10.798     10.698    14.5085    31.6050  1023.5081    23.4602    14.5069    101.531    93.6123     2.1094      8.292     5.9603     8.5178    260.084    266.185      11681          5  0.000e+00
   58.21202 -137.08564    109.360     10.976     10.874    14.5088    31.6049  1023.5088    23.4601    14.5072    101.530    93.6123     2.1387      8.292     5.9601     8.5176    260.079    266.180      11682          5  0.000e+00
   58.21202 -137.08564    109.208     10.823     10.722    14.5086    31.6052  1023.5084    23.4603    14.5070    101.530    93.6123     2.1094      8.292     5.9602     8.5177    260.079    266.181      11683          5  0.000e+00
   58.21202 -137.08564    109.240     10.855     10.754    14.5083    31.6055  1023.5088    23.4607    14.5067    101.532    93.6123     2.1387      8.292     5.9603     8.5179    260.087    266.189      11684          5  0.000e+00
   58.21202 -137.08564    109.120     10.734     10.634    14.5085    31.6051  1023.5079    23.4603    14.5069    101.534    93.6123     2.1094      8.292     5.9604     8.5180    260.090    266.192      11685          5  0.000e+00
   58.21202 -137.08564    109.296     10.911     10.810    14.5086    31.6052  1023.5088    23.4604    14.5070    101.539    93.6123     2.1094      8.292     5.9607     8.5184    260.103    266.205      11686          5  0.000e+00
   58.21202 -137.08564    109.208     10.823     10.722    14.5083    31.6043  1023.5078    23.4598    14.5067    101.542    93.6123     2.1094      8.292     5.9609     8.5188    260.113    266.215      11687          5  0.000e+00
   58.21202 -137.08564    109.120     10.734     10.634    14.5073    31.6038  1023.5072    23.4596    14.5057    101.545    93.6123     2.1387      8.292     5.9612     8.5192    260.127    266.229      11688          5  0.000e+00
