EcoFOCI/data/1_SampleCollection/2022_GOA-OA_CruiseData/CTD_raw_BottleFile_RC0083/RC0083_042.ros
* Sea-Bird SBE 9 Data File:
* FileName = C:\Data\RC0083ctd\RC0083_042.hex
* Software Version Seasave V 7.26.7.107
* Temperature SN = 2060
* Conductivity SN = 1084
* Number of Bytes Per Scan = 31
* Number of Voltage Words = 4
* Number of Scans Averaged by the Deck Unit = 1
* NMEA Latitude = 58 06.53 N
* NMEA Longitude = 136 31.59 W
* NMEA UTC (Time) = Aug 18 2022  21:43:42
* NMEA baud rate = 4800
** Ship: R/V Rachel Carson
** Cruise ID: RC0083
** Tech: McHugh/Nomura
** Chief Scientist: Cross
** Station: XS1
** Cast:  CTD042
# nquan = 21
# nvalues = 245                                   
# units = specified
# name 0 = latitude: Latitude [deg]
# name 1 = longitude: Longitude [deg]
# name 2 = sfdSM: Seafloor depth [salt water, m]
# name 3 = prDM: Pressure, Digiquartz [db]
# name 4 = depSM: Depth [salt water, m]
# name 5 = t090C: Temperature [ITS-90, deg C]
# name 6 = sal00: Salinity, Practical [PSU]
# name 7 = density00: Density [density, kg/m^3]
# name 8 = sigma-é00: Density [sigma-theta, kg/m^3]
# name 9 = potemp090C: Potential Temperature [ITS-90, deg C]
# name 10 = sbeox0PS: Oxygen, SBE 43 [% saturation]
# name 11 = CStarTr0: Beam Transmission, WET Labs C-Star [%]
# name 12 = flECO-AFL: Fluorescence, WET Labs ECO-AFL/FL [mg/m^3]
# name 13 = ph: pH
# name 14 = sbeox0ML/L: Oxygen, SBE 43 [ml/l]
# name 15 = sbeox0Mg/L: Oxygen, SBE 43 [mg/l]
# name 16 = sbox0Mm/Kg: Oxygen, SBE 43 [umol/kg]
# name 17 = sbeox0Mm/L: Oxygen, SBE 43 [umol/l]
# name 18 = scan: Scan Count
# name 19 = nbf: Bottles Fired
# name 20 = flag:  0.000e+00
# interval = seconds: 0.0416667
# start_time = Aug 18 2022 21:43:42 [NMEA time, header]
# bad_flag = -9.990e-29
*END*
[from data line 207]
   58.10840 -136.52414     74.856      3.140      3.110    14.1377    31.1155  1023.1732    23.1592    14.1373    101.932    94.0878     0.9958      8.299     6.0472     8.6421    263.955    270.068      10093          5  0.000e+00
   58.10840 -136.52414     74.841      3.099      3.070    14.1374    31.1156  1023.1731    23.1593    14.1369    101.933    94.1158     0.9958      8.299     6.0473     8.6422    263.961    270.074      10094          5  0.000e+00
   58.10840 -136.52414     74.792      3.075      3.046    14.1369    31.1155  1023.1731    23.1594    14.1364    101.935    94.1158     0.9958      8.299     6.0475     8.6425    263.967    270.081      10095          5  0.000e+00
   58.10840 -136.52414     74.841      3.099      3.070    14.1360    31.1154  1023.1733    23.1595    14.1355    101.936    94.1158     0.9958      8.299     6.0477     8.6428    263.977    270.091      10096          5  0.000e+00
   58.10840 -136.52414     74.792      3.075      3.046    14.1355    31.1152  1023.1731    23.1595    14.1351    101.937    94.1158     0.9958      8.299     6.0478     8.6430    263.982    270.096      10097          5  0.000e+00
   58.10840 -136.52414     74.792      3.075      3.046    14.1355    31.1147  1023.1727    23.1590    14.1351    101.939    94.1158     0.9958      8.299     6.0479     8.6431    263.986    270.100      10098          5  0.000e+00
   58.10840 -136.52414     74.785      3.043      3.014    14.1357    31.1150  1023.1728    23.1593    14.1353    101.944    94.1158     0.9958      8.299     6.0482     8.6435    264.000    270.114      10099          5  0.000e+00
   58.10840 -136.52414     74.792      3.075      3.046    14.1360    31.1158  1023.1735    23.1598    14.1355    101.946    94.1158     0.9958      8.299     6.0482     8.6435    264.000    270.114      10100          5  0.000e+00
   58.10840 -136.52412     74.785      3.043      3.014    14.1362    31.1157  1023.1732    23.1597    14.1357    101.951    94.1158     0.9958      8.299     6.0486     8.6440    264.014    270.128      10101          5  0.000e+00
   58.10840 -136.52412     74.761      3.018      2.990    14.1362    31.1158  1023.1732    23.1598    14.1358    101.952    94.0878     0.9958      8.299     6.0486     8.6440    264.014    270.129      10102          5  0.000e+00
   58.10840 -136.52412     74.760      3.043      3.014    14.1370    31.1157  1023.1730    23.1595    14.1366    101.952    94.0598     0.9958      8.299     6.0485     8.6439    264.012    270.127      10103          5  0.000e+00
   58.10840 -136.52412     74.761      3.018      2.990    14.1372    31.1162  1023.1733    23.1599    14.1368    101.958    94.0319     1.0251      8.299     6.0488     8.6443    264.024    270.139      10104          5  0.000e+00
   58.10840 -136.52412     74.736      3.018      2.990    14.1372    31.1162  1023.1733    23.1598    14.1368    101.958    94.0319     1.0251      8.299     6.0488     8.6443    264.024    270.139      10105          5  0.000e+00
   58.10840 -136.52412     74.721      2.978      2.950    14.1369    31.1156  1023.1727    23.1595    14.1365    101.963    94.0319     1.0251      8.299     6.0491     8.6448    264.040    270.155      10106          5  0.000e+00
   58.10840 -136.52412     74.761      3.018      2.990    14.1374    31.1160  1023.1731    23.1596    14.1370    101.963    94.0319     1.0251      8.299     6.0491     8.6448    264.038    270.153      10107          5  0.000e+00
   58.10840 -136.52412     74.721      2.978      2.950    14.1378    31.1161  1023.1729    23.1597    14.1374    101.962    94.0319     1.0251      8.299     6.0490     8.6446    264.033    270.148      10108          5  0.000e+00
   58.10840 -136.52412     74.761      3.018      2.990    14.1382    31.1161  1023.1730    23.1596    14.1378    101.963    94.0319     1.0251      8.299     6.0490     8.6446    264.032    270.146      10109          5  0.000e+00
   58.10840 -136.52412     74.745      2.978      2.950    14.1383    31.1159  1023.1727    23.1594    14.1379    102.020    94.0319     1.0251      8.299     6.0523     8.6494    264.179    270.298      10110          5  0.000e+00
   58.10840 -136.52412     74.754      2.962      2.934    14.1387    31.1155  1023.1722    23.1590    14.1383    101.971    94.0319     1.0251      8.299     6.0494     8.6452    264.051    270.167      10111          5  0.000e+00
   58.10840 -136.52412     74.754      2.962      2.934    14.1387    31.1155  1023.1722    23.1590    14.1383    101.970    94.0319     1.0251      8.299     6.0493     8.6451    264.049    270.164      10112          5  0.000e+00
   58.10840 -136.52412     74.770      2.978      2.950    14.1383    31.1156  1023.1724    23.1592    14.1379    101.974    94.0319     1.0251      8.299     6.0497     8.6456    264.062    270.177      10113          5  0.000e+00
   58.10840 -136.52412     74.754      2.962      2.934    14.1383    31.1162  1023.1728    23.1596    14.1379    101.973    94.0319     1.0251      8.299     6.0495     8.6454    264.057    270.172      10114          5  0.000e+00
   58.10840 -136.52412     74.770      2.978      2.950    14.1384    31.1155  1023.1723    23.1591    14.1380    101.971    94.0319     1.0251      8.299     6.0495     8.6453    264.054    270.170      10115          5  0.000e+00
   58.10840 -136.52412     74.690      2.897      2.870    14.1375    31.1155  1023.1722    23.1593    14.1371    101.969    94.0319     1.0251      8.299     6.0494     8.6452    264.052    270.167      10116          5  0.000e+00
   58.10840 -136.52412     74.770      2.978      2.950    14.1375    31.1158  1023.1727    23.1595    14.1371    101.968    94.0319     1.0251      8.299     6.0494     8.6451    264.049    270.164      10117          5  0.000e+00
   58.10840 -136.52412     74.690      2.897      2.870    14.1379    31.1161  1023.1725    23.1596    14.1375    101.964    94.0319     1.0251      8.299     6.0491     8.6448    264.038    270.153      10118          5  0.000e+00
   58.10840 -136.52412     74.714      2.922      2.894    14.1378    31.1156  1023.1723    23.1593    14.1374    101.962    94.0319     1.0251      8.299     6.0490     8.6446    264.034    270.149      10119          5  0.000e+00
   58.10840 -136.52412     74.754      2.962      2.934    14.1377    31.1157  1023.1725    23.1594    14.1373    101.960    94.0319     1.0251      8.299     6.0489     8.6445    264.029    270.144      10120          5  0.000e+00
   58.10840 -136.52412     74.690      2.897      2.870    14.1379    31.1157  1023.1722    23.1593    14.1375    101.957    94.0319     1.0251      8.299     6.0487     8.6441    264.019    270.133      10121          5  0.000e+00
   58.10840 -136.52412     74.770      2.978      2.950    14.1378    31.1157  1023.1726    23.1594    14.1374    101.955    94.0319     1.0251      8.299     6.0486     8.6440    264.014    270.128      10122          5  0.000e+00
   58.10840 -136.52412     74.690      2.897      2.870    14.1376    31.1157  1023.1723    23.1594    14.1372    101.950    94.0319     1.0251      8.299     6.0483     8.6437    264.004    270.118      10123          5  0.000e+00
   58.10840 -136.52412     64.482      2.922      2.894    14.1378    31.1154  1023.1721    23.1591    14.1374    101.947    94.0878     0.9958      8.299     6.0481     8.6434    263.995    270.109      10124          5  0.000e+00
   58.10840 -136.52412     52.956      2.897      2.870    14.1375    31.1155  1023.1721    23.1593    14.1371    101.890    94.0878     0.9958      8.299     6.0448     8.6386    263.849    269.960      10125          5  0.000e+00
   58.10840 -136.52412     50.350      2.978      2.950    14.1378    31.1154  1023.1724    23.1591    14.1373    101.941    94.0878     0.9958      8.299     6.0477     8.6428    263.979    270.092      10126          5  0.000e+00
   58.10840 -136.52412     50.798      2.962      2.934    14.1378    31.1160  1023.1728    23.1596    14.1374    101.942    94.0878     0.9958      8.299     6.0478     8.6429    263.981    270.095      10127          5  0.000e+00
   58.10840 -136.52412     51.198      2.897      2.870    14.1382    31.1159  1023.1723    23.1594    14.1378    101.943    94.0878     0.9958      8.299     6.0478     8.6429    263.982    270.096      10128          5  0.000e+00
   58.10840 -136.52412     51.375      2.978      2.950    14.1386    31.1154  1023.1722    23.1589    14.1382    101.946    94.0878     0.9958      8.299     6.0480     8.6431    263.988    270.102      10129          5  0.000e+00
   58.10840 -136.52412     51.335      2.962      2.934    14.1385    31.1156  1023.1723    23.1591    14.1381    101.942    94.0878     0.9958      8.299     6.0477     8.6428    263.978    270.091      10130          5  0.000e+00
