EcoFOCI/data/1_SampleCollection/2022_GOA-OA_CruiseData/CTD_raw_BottleFile_RC0083/RC0083_149.cnv
* Sea-Bird SBE 9 Data File:
* FileName = C:\Data\RC0083ctd\RC0083_149.hex
* Software Version Seasave V 7.26.7.107
* Temperature SN = 2060
* Conductivity SN = 2881
* Number of Bytes Per Scan = 31
* Number of Voltage Words = 4
* Number of Scans Averaged by the Deck Unit = 1
* NMEA Latitude = 54 56.24 N
* NMEA Longitude = 131 00.58 W
* NMEA UTC (Time) = Aug 28 2022  21:24:53
* NMEA baud rate = 4800
** Ship: R/V Rachel Carson
** Cruise ID: RC0083
** Tech: McHugh/Nomura
** Chief Scientist: Cross
** Station: RC4
** Cast:  CTD149
# nquan = 19
# nvalues = 15781                                 
# units = specified
# name 0 = latitude: Latitude [deg]
# name 1 = longitude: Longitude [deg]
# name 2 = sfdSM: Seafloor depth [salt water, m]
# name 3 = prDM: Pressure, Digiquartz [db]
# name 4 = depSM: Depth [salt water, m]
# name 5 = t090C: Temperature [ITS-90, deg C]
# name 6 = sal00: Salinity, Practical [PSU]
# name 7 = density00: Density [density, kg/m^3]
# name 8 = sigma-é00: Density [sigma-theta, kg/m^3]
# name 9 = potemp090C: Potential Temperature [ITS-90, deg C]
# name 10 = sbeox0PS: Oxygen, SBE 43 [% saturation]
# name 11 = CStarTr0: Beam Transmission, WET Labs C-Star [%]
# name 12 = flECO-AFL: Fluorescence, WET Labs ECO-AFL/FL [mg/m^3]
# name 13 = ph: pH
# name 14 = sbeox0ML/L: Oxygen, SBE 43 [ml/l]
# name 15 = sbeox0Mg/L: Oxygen, SBE 43 [mg/l]
# name 16 = sbox0Mm/Kg: Oxygen, SBE 43 [umol/kg]
# name 17 = sbeox0Mm/L: Oxygen, SBE 43 [umol/l]
# name 18 = flag:  0.000e+00
# span 0 =   54.93730,   54.94204                 
# span 1 = -131.01076, -131.00968                 
# span 2 =      2.868,    280.988                 
# span 3 =      2.838,    211.570                 
# span 4 =      2.812,    209.556                 
# span 5 =     5.9266,    13.7299                 
# span 6 =    27.4036,    33.4249                 
# span 7 =  1020.3921,  1027.2916                 
# span 8 =    20.3789,    26.3193                 
# span 9 =     5.9091,    13.7295                 
# span 10 =     26.654,     92.801                
# span 11 =    89.6687,   103.7931                
# span 12 =    -0.0884,     3.3108                
# span 13 =      7.696,      8.324                
# span 14 =     1.8640,     5.6843                
# span 15 =     2.6638,     8.1234                
# span 16 =     81.111,    248.774                
# span 17 =     83.245,    253.860                
# span 18 = 0.0000e+00, 0.0000e+00                
# interval = seconds: 0.0416667
# start_time = Aug 28 2022 21:24:53 [NMEA time, header]
# bad_flag = -9.990e-29
*END*
[from data line 13029]
   54.94112 -131.01070    170.129     72.258     71.594     7.1778    32.4461  1025.7158    25.3844     7.1713     40.580   102.5624    -0.0298      7.798     2.7746     3.9652    120.848    123.915  0.000e+00
   54.94112 -131.01070    170.129     72.258     71.594     7.1832    32.4435  1025.7130    25.3816     7.1766     40.625   102.5624    -0.0298      7.798     2.7774     3.9692    120.968    124.039  0.000e+00
   54.94112 -131.01070    170.065     72.193     71.530     7.1875    32.4411  1025.7103    25.3792     7.1810     40.615   102.5624    -0.0298      7.803     2.7765     3.9679    120.928    123.997  0.000e+00
   54.94112 -131.01070    170.065     72.193     71.530     7.1898    32.4401  1025.7091    25.3781     7.1832     40.664   102.5624    -0.0298      7.798     2.7797     3.9725    121.071    124.143  0.000e+00
   54.94112 -131.01070    170.065     72.193     71.530     7.1906    32.4410  1025.7098    25.3787     7.1841     40.659   102.5624    -0.0298      7.798     2.7793     3.9720    121.053    124.125  0.000e+00
   54.94112 -131.01070    170.009     72.137     71.474     7.1957    32.4392  1025.7073    25.3766     7.1892     40.650   102.5624    -0.0298      7.798     2.7784     3.9706    121.011    124.082  0.000e+00
   54.94112 -131.01070    170.009     72.137     71.474     7.1996    32.4374  1025.7054    25.3746     7.1931     40.642   102.5624    -0.0298      7.803     2.7777     3.9696    120.981    124.051  0.000e+00
   54.94112 -131.01070    169.985     72.137     71.474     7.2031    32.4356  1025.7035    25.3727     7.1966     40.638   102.5624    -0.0298      7.803     2.7772     3.9689    120.959    124.028  0.000e+00
   54.94112 -131.01070    170.017     72.145     71.482     7.2077    32.4335  1025.7012    25.3705     7.2012     40.687   102.5624    -0.0298      7.803     2.7802     3.9732    121.093    124.166  0.000e+00
   54.94112 -131.01070    169.953     72.080     71.418     7.2126    32.4304  1025.6978    25.3674     7.2061     40.680   102.5624    -0.0298      7.803     2.7796     3.9723    121.064    124.135  0.000e+00
   54.94112 -131.01070    170.009     72.137     71.474     7.2158    32.4285  1025.6962    25.3654     7.2092     40.671   102.5624    -0.0298      7.803     2.7788     3.9711    121.029    124.099  0.000e+00
   54.94112 -131.01070    169.889     72.015     71.354     7.2182    32.4270  1025.6941    25.3639     7.2117     40.657   102.5624    -0.0298      7.803     2.7777     3.9696    120.982    124.050  0.000e+00
   54.94112 -131.01070    170.009     72.137     71.474     7.2212    32.4250  1025.6927    25.3620     7.2147     40.703   102.5624    -0.0298      7.803     2.7807     3.9739    121.114    124.185  0.000e+00
   54.94112 -131.01070    169.953     72.080     71.418     7.2251    32.4224  1025.6898    25.3594     7.2186     40.638   102.5904    -0.0298      7.803     2.7760     3.9672    120.909    123.976  0.000e+00
   54.94112 -131.01070    169.953     72.080     71.418     7.2280    32.4209  1025.6883    25.3578     7.2215     40.682   102.5904    -0.0005      7.798     2.7789     3.9713    121.036    124.105  0.000e+00
   54.94112 -131.01070    169.953     72.080     71.418     7.2299    32.4196  1025.6870    25.3566     7.2234     40.680   102.5904    -0.0005      7.803     2.7786     3.9709    121.024    124.093  0.000e+00
   54.94112 -131.01070    169.889     72.015     71.354     7.2311    32.4185  1025.6856    25.3555     7.2245     40.674   102.5904    -0.0005      7.803     2.7781     3.9702    121.003    124.072  0.000e+00
   54.94112 -131.01070    169.953     72.080     71.418     7.2314    32.4175  1025.6851    25.3547     7.2249     40.671   102.5904    -0.0005      7.803     2.7780     3.9700    120.996    124.064  0.000e+00
   54.94112 -131.01070    169.889     72.015     71.354     7.2311    32.4165  1025.6841    25.3539     7.2245     40.665   102.5904    -0.0005      7.803     2.7776     3.9695    120.980    124.047  0.000e+00
   54.94112 -131.01070    169.953     72.080     71.418     7.2309    32.4164  1025.6843    25.3539     7.2244     40.713   102.5904    -0.0005      7.803     2.7809     3.9742    121.124    124.195  0.000e+00
   54.94112 -131.01070    169.889     72.015     71.354     7.2309    32.4158  1025.6836    25.3534     7.2243     40.764   102.5904    -0.0005      7.803     2.7844     3.9791    121.275    124.350  0.000e+00
   54.94112 -131.01070    169.833     71.959     71.298     7.2307    32.4158  1025.6833    25.3534     7.2242     40.760   102.5904    -0.0005      7.798     2.7841     3.9788    121.264    124.339  0.000e+00
   54.94112 -131.01070    169.889     72.015     71.354     7.2307    32.4152  1025.6831    25.3530     7.2242     40.753   102.6184    -0.0005      7.803     2.7837     3.9781    121.244    124.318  0.000e+00
   54.94112 -131.01070    169.841     71.967     71.306     7.2309    32.4147  1025.6824    25.3525     7.2244     40.749   102.5904    -0.0005      7.803     2.7834     3.9777    121.231    124.305  0.000e+00
   54.94112 -131.01070    169.833     71.959     71.298     7.2307    32.4143  1025.6821    25.3522     7.2242     40.741   102.5904    -0.0005      7.803     2.7829     3.9770    121.209    124.282  0.000e+00
   54.94112 -131.01070    169.833     71.959     71.298     7.2311    32.4131  1025.6811    25.3512     7.2246     40.787   102.6184    -0.0005      7.803     2.7860     3.9814    121.345    124.422  0.000e+00
   54.94112 -131.01070    169.593     71.716     71.058     7.2309    32.4126  1025.6797    25.3509     7.2244     40.777   102.5904    -0.0005      7.803     2.7853     3.9805    121.317    124.393  0.000e+00
   54.94112 -131.01070    170.065     72.193     71.530     7.2307    32.4129  1025.6821    25.3512     7.2242     40.768   102.6184    -0.0005      7.803     2.7847     3.9796    121.289    124.364  0.000e+00
   54.94112 -131.01070    169.240     71.360     70.705     7.2314    32.4128  1025.6781    25.3510     7.2250     40.754   102.6184    -0.0005      7.803     2.7837     3.9782    121.246    124.320  0.000e+00
   54.94112 -131.01070    170.129     72.258     71.594     7.2327    32.4121  1025.6816    25.3503     7.2262     40.809   102.5904    -0.0005      7.803     2.7874     3.9835    121.408    124.486  0.000e+00
   54.94112 -131.01070    169.537     71.660     71.002     7.2355    32.4109  1025.6774    25.3489     7.2290     40.809   102.5904    -0.0005      7.803     2.7873     3.9833    121.401    124.479  0.000e+00
   54.94112 -131.01070    170.305     72.436     71.771     7.2365    32.4085  1025.6790    25.3469     7.2300     40.813   102.5904    -0.0005      7.803     2.7875     3.9836    121.413    124.491  0.000e+00
   54.94112 -131.01070    168.888     71.005     70.353     7.2369    32.4097  1025.6733    25.3478     7.2304     40.803   102.5904    -0.0005      7.803     2.7868     3.9825    121.380    124.456  0.000e+00
   54.94112 -131.01070    170.009     72.137     71.474     7.2414    32.4085  1025.6769    25.3463     7.2349     40.802   102.7023    -0.0005      7.808     2.7864     3.9821    121.367    124.443  0.000e+00
   54.94114 -131.01070    169.833     71.959     71.298     7.2448    32.4077  1025.6750    25.3452     7.2383     40.848   102.8141    -0.0298      7.808     2.7894     3.9863    121.495    124.575  0.000e+00
   54.94114 -131.01070    169.657     71.781     71.122     7.2480    32.4074  1025.6735    25.3445     7.2415     40.847   102.8141    -0.0298      7.808     2.7891     3.9859    121.484    124.563  0.000e+00
   54.94114 -131.01070    169.537     71.660     71.002     7.2511    32.4060  1025.6715    25.3430     7.2446     40.843   102.8141    -0.0298      7.808     2.7887     3.9853    121.464    124.543  0.000e+00
   54.94114 -131.01070    169.472     71.595     70.938     7.2527    32.4062  1025.6711    25.3429     7.2462     40.894   102.8141    -0.0298      7.803     2.7920     3.9901    121.609    124.691  0.000e+00
   54.94114 -131.01070    169.488     71.611     70.954     7.2553    32.4058  1025.6705    25.3422     7.2488     40.890   102.8141    -0.0298      7.808     2.7916     3.9895    121.592    124.674  0.000e+00
   54.94114 -131.01070    169.593     71.716     71.058     7.2593    32.4046  1025.6695    25.3408     7.2528     40.947   102.8141    -0.0298      7.808     2.7953     3.9947    121.751    124.837  0.000e+00
   54.94114 -131.01070    169.336     71.482     70.825     7.2632    32.4035  1025.6670    25.3394     7.2567     40.948   102.8141    -0.0298      7.808     2.7951     3.9945    121.745    124.830  0.000e+00
   54.94114 -131.01070    169.472     71.595     70.938     7.2666    32.4019  1025.6658    25.3376     7.2601     40.955   102.8141    -0.0298      7.808     2.7954     3.9948    121.755    124.840  0.000e+00
   54.94114 -131.01070    169.240     71.360     70.705     7.2692    32.4009  1025.6636    25.3365     7.2627     40.956   102.8141    -0.0298      7.808     2.7953     3.9948    121.753    124.838  0.000e+00
   54.94114 -131.01070    169.472     71.595     70.938     7.2711    32.3991  1025.6630    25.3348     7.2646     40.950   102.8141    -0.0298      7.808     2.7948     3.9941    121.732    124.816  0.000e+00
   54.94114 -131.01070    169.240     71.360     70.705     7.2714    32.3983  1025.6612    25.3341     7.2650     40.938   102.8141    -0.0298      7.808     2.7940     3.9929    121.698    124.781  0.000e+00
   54.94114 -131.01070    169.296     71.417     70.761     7.2698    32.3984  1025.6618    25.3344     7.2633     40.989   102.8141    -0.0298      7.808     2.7975     3.9980    121.851    124.938  0.000e+00
   54.94114 -131.01070    169.120     71.239     70.585     7.2684    32.3999  1025.6623    25.3358     7.2619     40.990   102.8141    -0.0298      7.808     2.7977     3.9982    121.859    124.946  0.000e+00
   54.94114 -131.01070    169.240     71.360     70.705     7.2690    32.4011  1025.6638    25.3367     7.2626     40.990   102.8141    -0.0298      7.808     2.7976     3.9981    121.855    124.942  0.000e+00
   54.94114 -131.01070    169.064     71.183     70.529     7.2736    32.4007  1025.6620    25.3357     7.2671     40.985   102.8141    -0.0298      7.808     2.7970     3.9972    121.827    124.913  0.000e+00
   54.94114 -131.01070    169.064     71.183     70.529     7.2784    32.4009  1025.6615    25.3352     7.2719     41.034   102.8141    -0.0298      7.808     2.8000     4.0015    121.959    125.049  0.000e+00
   54.94114 -131.01070    169.184     71.304     70.649     7.2845    32.4007  1025.6611    25.3343     7.2781     41.036   102.8141    -0.0298      7.808     2.7998     4.0012    121.949    125.038  0.000e+00
   54.94114 -131.01070    168.840     70.956     70.305     7.2916    32.3981  1025.6565    25.3313     7.2852     41.089   102.8141    -0.0298      7.808     2.8030     4.0058    122.090    125.182  0.000e+00
   54.94114 -131.01070    169.064     71.183     70.529     7.2941    32.3951  1025.6548    25.3285     7.2876     41.099   102.8141    -0.0298      7.808     2.8036     4.0066    122.114    125.207  0.000e+00
   54.94114 -131.01070    168.679     70.819     70.169     7.2926    32.3937  1025.6522    25.3276     7.2862     41.102   102.8421    -0.0298      7.808     2.8039     4.0071    122.130    125.224  0.000e+00
   54.94114 -131.01070    169.000     71.118     70.465     7.2908    32.3920  1025.6525    25.3265     7.2844     41.107   102.8421    -0.0298      7.808     2.8044     4.0077    122.149    125.243  0.000e+00
   54.94114 -131.01070    168.591     70.706     70.057     7.2903    32.3913  1025.6501    25.3261     7.2839     41.104   102.8421    -0.0298      7.812     2.8042     4.0075    122.142    125.236  0.000e+00
   54.94114 -131.01070    168.944     71.061     70.409     7.2921    32.3898  1025.6504    25.3247     7.2856     41.158   102.8421    -0.0298      7.812     2.8078     4.0127    122.301    125.398  0.000e+00
   54.94114 -131.01070    168.447     70.584     69.936     7.2950    32.3887  1025.6468    25.3233     7.2886     41.161   102.8421    -0.0298      7.812     2.8079     4.0127    122.302    125.399  0.000e+00
   54.94114 -131.01070    168.743     70.883     70.233     7.2999    32.3861  1025.6455    25.3207     7.2934     41.221   102.8421    -0.0298      7.812     2.8117     4.0182    122.469    125.570  0.000e+00
   54.94114 -131.01070    168.471     70.584     69.936     7.3031    32.3853  1025.6430    25.3196     7.2967     41.224   102.8421    -0.0298      7.812     2.8117     4.0182    122.470    125.571  0.000e+00
   54.94114 -131.01070    168.527     70.641     69.992     7.3059    32.3851  1025.6428    25.3190     7.2995     41.283   102.8701    -0.0298      7.812     2.8155     4.0237    122.637    125.742  0.000e+00
   54.94114 -131.01070    168.207     70.342     69.696     7.3101    32.3837  1025.6397    25.3174     7.3037     41.235   102.8421    -0.0298      7.812     2.8120     4.0187    122.484    125.585  0.000e+00
   54.94114 -131.01070    168.519     70.657     70.008     7.3136    32.3816  1025.6390    25.3152     7.3072     41.231   102.8421    -0.0298      7.812     2.8116     4.0180    122.465    125.565  0.000e+00
   54.94114 -131.01070    168.351     70.463     69.816     7.3148    32.3805  1025.6371    25.3142     7.3084     41.285   102.8421    -0.0298      7.812     2.8152     4.0232    122.622    125.726  0.000e+00
   54.94114 -131.01070    168.351     70.463     69.816     7.3165    32.3774  1025.6344    25.3115     7.3101     41.342   102.8421    -0.0298      7.812     2.8191     4.0287    122.791    125.899  0.000e+00
   54.94114 -131.01070    168.175     70.285     69.640     7.3169    32.3741  1025.6310    25.3089     7.3105     41.402   102.8421    -0.0298      7.812     2.8232     4.0346    122.970    126.082  0.000e+00
   54.94114 -131.01070    168.231     70.342     69.696     7.3162    32.3727  1025.6302    25.3079     7.3098     41.408   102.8421    -0.0298      7.812     2.8237     4.0353    122.992    126.104  0.000e+00
   54.94114 -131.01070    168.175     70.285     69.640     7.3162    32.3709  1025.6285    25.3064     7.3098     41.467   102.8421    -0.0298      7.812     2.8277     4.0410    123.167    126.284  0.000e+00
   54.94114 -131.01070    167.999     70.107     69.464     7.3159    32.3703  1025.6273    25.3060     7.3095     41.477   102.8421    -0.0298      7.812     2.8284     4.0420    123.198    126.316  0.000e+00
   54.94114 -131.01070    168.055     70.164     69.520     7.3161    32.3687  1025.6263    25.3048     7.3097     41.490   102.8421    -0.0298      7.812     2.8293     4.0434    123.239    126.358  0.000e+00
   54.94114 -131.01070    167.999     70.107     69.464     7.3159    32.3678  1025.6254    25.3041     7.3095     41.557   102.8421    -0.0298      7.812     2.8339     4.0499    123.437    126.561  0.000e+00
   54.94114 -131.01070    167.935     70.043     69.400     7.3151    32.3683  1025.6256    25.3046     7.3087     41.568   102.8421    -0.0298      7.812     2.8347     4.0511    123.474    126.599  0.000e+00
   54.94114 -131.01070    167.830     69.937     69.296     7.3145    32.3690  1025.6257    25.3052     7.3081     41.576   102.8421    -0.0298      7.817     2.8353     4.0519    123.498    126.623  0.000e+00
   54.94114 -131.01070    167.822     69.929     69.288     7.3150    32.3685  1025.6252    25.3047     7.3086     41.580   102.8141    -0.0298      7.817     2.8355     4.0523    123.509    126.635  0.000e+00
   54.94114 -131.01070    167.822     69.929     69.288     7.3158    32.3682  1025.6249    25.3044     7.3094     41.587   102.7582    -0.0298      7.817     2.8359     4.0528    123.527    126.653  0.000e+00
