EcoFOCI/data/1_SampleCollection/2022_GOA-OA_CruiseData/CTD_raw_BottleFile_RC0083/RC0083_049.cnv
* Sea-Bird SBE 9 Data File:
* FileName = C:\Data\RC0083ctd\RC0083_049.hex
* Software Version Seasave V 7.26.7.107
* Temperature SN = 2060
* Conductivity SN = 1084
* Number of Bytes Per Scan = 31
* Number of Voltage Words = 4
* Number of Scans Averaged by the Deck Unit = 1
* NMEA Latitude = 58 12.65 N
* NMEA Longitude = 137 05.13 W
* NMEA UTC (Time) = Aug 19 2022  08:16:29
* NMEA baud rate = 4800
** Ship: R/V Rachel Carson
** Cruise ID: RC0083
** Tech: McHugh/Nomura
** Chief Scientist: Cross
** Station: SEM05
** Cast:  CTD049
# nquan = 19
# nvalues = 12700                                 
# units = specified
# name 0 = latitude: Latitude [deg]
# name 1 = longitude: Longitude [deg]
# name 2 = sfdSM: Seafloor depth [salt water, m]
# name 3 = prDM: Pressure, Digiquartz [db]
# name 4 = depSM: Depth [salt water, m]
# name 5 = t090C: Temperature [ITS-90, deg C]
# name 6 = sal00: Salinity, Practical [PSU]
# name 7 = density00: Density [density, kg/m^3]
# name 8 = sigma-é00: Density [sigma-theta, kg/m^3]
# name 9 = potemp090C: Potential Temperature [ITS-90, deg C]
# name 10 = sbeox0PS: Oxygen, SBE 43 [% saturation]
# name 11 = CStarTr0: Beam Transmission, WET Labs C-Star [%]
# name 12 = flECO-AFL: Fluorescence, WET Labs ECO-AFL/FL [mg/m^3]
# name 13 = ph: pH
# name 14 = sbeox0ML/L: Oxygen, SBE 43 [ml/l]
# name 15 = sbeox0Mg/L: Oxygen, SBE 43 [mg/l]
# name 16 = sbox0Mm/Kg: Oxygen, SBE 43 [umol/kg]
# name 17 = sbeox0Mm/L: Oxygen, SBE 43 [umol/l]
# name 18 = flag:  0.000e+00
# span 0 =   58.21080,   58.21210                 
# span 1 = -137.08572, -137.08530                 
# span 2 =      2.845,    134.110                 
# span 3 =      2.686,    118.676                 
# span 4 =      2.661,    117.541                 
# span 5 =     6.7265,    14.5252                 
# span 6 =    31.5662,    32.5227                 
# span 7 =  1023.4728,  1026.0493                 
# span 8 =    23.4508,    25.5044                 
# span 9 =     6.7163,    14.5236                 
# span 10 =     57.031,    102.129                
# span 11 =    92.5216,   106.1145                
# span 12 =    -0.1177,     2.6368                
# span 13 =      7.902,      8.302                
# span 14 =     3.8710,     6.0172                
# span 15 =     5.5320,     8.5991                
# span 16 =    168.673,    262.550                
# span 17 =    172.878,    268.727                
# span 18 = 0.0000e+00, 0.0000e+00                
# interval = seconds: 0.0416667
# start_time = Aug 19 2022 08:16:29 [NMEA time, header]
# bad_flag = -9.990e-29
*END*
[from data line 8915]
   58.21178 -137.08544    124.646     51.726     51.239     9.3943    31.9105  1024.8739    24.6391     9.3888     76.573   104.7999     0.2339      8.063     4.9982     7.1429    217.850    223.218  0.000e+00
   58.21178 -137.08544    124.758     51.839     51.352     9.3934    31.9109  1024.8748    24.6395     9.3879     76.573   104.7999     0.2339      8.063     4.9982     7.1430    217.854    223.221  0.000e+00
   58.21178 -137.08544    124.702     51.783     51.295     9.3920    31.9102  1024.8743    24.6392     9.3865     76.572   104.7999     0.2339      8.063     4.9984     7.1432    217.859    223.227  0.000e+00
   58.21178 -137.08544    124.678     51.783     51.295     9.3877    31.9115  1024.8760    24.6409     9.3822     76.572   104.7999     0.2339      8.063     4.9988     7.1438    217.878    223.247  0.000e+00
   58.21178 -137.08544    124.653     51.783     51.295     9.3861    31.9114  1024.8761    24.6411     9.3806     76.573   104.7999     0.2339      8.063     4.9991     7.1441    217.889    223.258  0.000e+00
   58.21178 -137.08544    124.589     51.718     51.231     9.3853    31.9109  1024.8756    24.6409     9.3798     76.519   104.7999     0.2339      8.063     4.9956     7.1392    217.739    223.104  0.000e+00
   58.21178 -137.08544    124.597     51.726     51.239     9.3831    31.9115  1024.8764    24.6417     9.3777     76.514   104.8279     0.2339      8.063     4.9955     7.1391    217.736    223.101  0.000e+00
   58.21178 -137.08544    124.533     51.661     51.175     9.3835    31.9132  1024.8774    24.6429     9.3780     76.510   104.7999     0.2046      8.063     4.9952     7.1386    217.719    223.084  0.000e+00
   58.21178 -137.08544    124.629     51.783     51.295     9.3892    31.9142  1024.8778    24.6428     9.3837     76.507   104.7999     0.2046      8.063     4.9943     7.1374    217.683    223.047  0.000e+00
   58.21178 -137.08544    124.453     51.605     51.119     9.3971    31.9152  1024.8766    24.6424     9.3916     76.503   104.7999     0.2046      8.063     4.9931     7.1357    217.630    222.993  0.000e+00
   58.21178 -137.08544    124.509     51.661     51.175     9.4047    31.9140  1024.8746    24.6401     9.3992     76.501   104.7999     0.2046      8.063     4.9922     7.1344    217.590    222.952  0.000e+00
   58.21178 -137.08544    124.453     51.605     51.119     9.4095    31.9128  1024.8727    24.6385     9.4040     76.499   104.7999     0.2046      8.063     4.9916     7.1335    217.565    222.925  0.000e+00
   58.21178 -137.08544    124.413     51.540     51.055     9.4167    31.9111  1024.8699    24.6360     9.4112     76.498   104.8559     0.2046      8.063     4.9908     7.1323    217.530    222.889  0.000e+00
   58.21178 -137.08544    124.462     51.540     51.055     9.4237    31.9099  1024.8679    24.6340     9.4182     76.492   104.8838     0.2046      8.063     4.9896     7.1307    217.480    222.837  0.000e+00
   58.21178 -137.08544    124.486     51.540     51.055     9.4298    31.9086  1024.8659    24.6320     9.4243     76.438   104.8838     0.2046      8.063     4.9855     7.1248    217.299    222.652  0.000e+00
   58.21178 -137.08544    124.430     51.484     50.999     9.4347    31.9078  1024.8642    24.6305     9.4293     76.426   104.8838     0.2046      8.063     4.9842     7.1229    217.244    222.595  0.000e+00
   58.21178 -137.08544    124.366     51.419     50.935     9.4388    31.9076  1024.8631    24.6298     9.4333     76.422   104.8838     0.2046      8.063     4.9835     7.1219    217.213    222.563  0.000e+00
   58.21178 -137.08544    124.374     51.427     50.943     9.4431    31.9059  1024.8612    24.6278     9.4376     76.413   104.8838     0.2046      8.063     4.9825     7.1205    217.169    222.518  0.000e+00
   58.21178 -137.08544    124.310     51.362     50.879     9.4458    31.9052  1024.8599    24.6268     9.4404     76.404   104.8838     0.2046      8.063     4.9816     7.1192    217.132    222.479  0.000e+00
   58.21178 -137.08544    124.310     51.362     50.879     9.4486    31.9046  1024.8589    24.6258     9.4432     76.396   104.8838     0.2046      8.063     4.9808     7.1181    217.098    222.445  0.000e+00
   58.21178 -137.08544    124.190     51.241     50.759     9.4532    31.9038  1024.8570    24.6245     9.4478     76.388   104.8838     0.2046      8.063     4.9798     7.1167    217.055    222.400  0.000e+00
   58.21178 -137.08544    124.254     51.306     50.823     9.4583    31.9024  1024.8554    24.6226     9.4528     76.383   104.8838     0.2046      8.063     4.9790     7.1155    217.018    222.361  0.000e+00
   58.21178 -137.08544    124.183     51.184     50.703     9.4616    31.9023  1024.8543    24.6220     9.4561     76.377   104.8838     0.2046      8.063     4.9782     7.1144    216.985    222.327  0.000e+00
   58.21178 -137.08544    124.207     51.184     50.703     9.4642    31.9020  1024.8536    24.6214     9.4587     76.373   104.8838     0.2046      8.063     4.9777     7.1136    216.961    222.303  0.000e+00
   58.21178 -137.08544    124.143     51.120     50.639     9.4666    31.9007  1024.8519    24.6199     9.4611     76.376   104.8838     0.2046      8.063     4.9776     7.1136    216.960    222.302  0.000e+00
   58.21178 -137.08544    124.087     51.063     50.583     9.4680    31.9005  1024.8513    24.6196     9.4625     76.373   104.8838     0.2046      8.063     4.9773     7.1131    216.947    222.288  0.000e+00
   58.21178 -137.08544    124.263     51.241     50.759     9.4688    31.9003  1024.8518    24.6193     9.4633     76.373   104.8838     0.2046      8.063     4.9773     7.1130    216.945    222.286  0.000e+00
   58.21178 -137.08544    123.911     50.885     50.407     9.4693    31.9006  1024.8503    24.6194     9.4638     76.370   104.8838     0.2046      8.063     4.9770     7.1126    216.931    222.272  0.000e+00
   58.21178 -137.08544    123.975     50.950     50.471     9.4699    31.9006  1024.8505    24.6193     9.4645     76.371   104.8838     0.2046      8.063     4.9770     7.1126    216.931    222.272  0.000e+00
   58.21178 -137.08544    123.967     50.942     50.463     9.4706    31.9002  1024.8501    24.6190     9.4652     76.372   104.8838     0.2046      8.063     4.9770     7.1126    216.932    222.272  0.000e+00
   58.21178 -137.08544    123.911     50.885     50.407     9.4709    31.8999  1024.8495    24.6186     9.4655     76.374   104.8838     0.2046      8.063     4.9771     7.1127    216.936    222.276  0.000e+00
   58.21178 -137.08544    123.967     50.942     50.463     9.4704    31.9000  1024.8500    24.6188     9.4650     76.377   104.8838     0.2046      8.063     4.9774     7.1131    216.948    222.289  0.000e+00
   58.21178 -137.08544    123.710     50.708     50.231     9.4701    31.9001  1024.8490    24.6189     9.4647     76.379   104.8838     0.2046      8.063     4.9775     7.1133    216.954    222.295  0.000e+00
   58.21178 -137.08544    123.862     50.885     50.407     9.4704    31.9002  1024.8498    24.6189     9.4650     76.385   104.8838     0.2046      8.063     4.9779     7.1139    216.970    222.312  0.000e+00
   58.21178 -137.08544    123.566     50.586     50.111     9.4709    31.9006  1024.8487    24.6192     9.4655     76.388   104.8838     0.2046      8.063     4.9780     7.1140    216.975    222.316  0.000e+00
   58.21178 -137.08544    123.686     50.708     50.231     9.4714    31.9004  1024.8491    24.6190     9.4660     76.395   104.8838     0.2046      8.063     4.9784     7.1146    216.993    222.335  0.000e+00
   58.21178 -137.08544    123.630     50.651     50.175     9.4723    31.9003  1024.8485    24.6187     9.4669     76.456   104.8838     0.2046      8.063     4.9823     7.1202    217.164    222.510  0.000e+00
   58.21178 -137.08544    123.686     50.708     50.231     9.4732    31.9003  1024.8487    24.6186     9.4678     76.416   104.8838     0.2046      8.063     4.9796     7.1163    217.045    222.389  0.000e+00
   58.21178 -137.08544    123.454     50.473     49.998     9.4749    31.9001  1024.8472    24.6181     9.4695     76.416   104.8838     0.2046      8.063     4.9794     7.1160    217.035    222.378  0.000e+00
   58.21178 -137.08544    123.502     50.522     50.046     9.4759    31.8998  1024.8470    24.6178     9.4705     76.473   104.8838     0.2046      8.063     4.9830     7.1212    217.194    222.541  0.000e+00
   58.21178 -137.08544    123.454     50.473     49.998     9.4763    31.9004  1024.8472    24.6182     9.4709     76.488   104.8838     0.2046      8.063     4.9839     7.1225    217.235    222.583  0.000e+00
   58.21178 -137.08544    123.575     50.522     50.046     9.4769    31.9002  1024.8472    24.6180     9.4715     76.498   104.8838     0.2046      8.063     4.9845     7.1234    217.261    222.609  0.000e+00
   58.21178 -137.08544    123.585     50.408     49.934     9.4771    31.8998  1024.8463    24.6175     9.4718     76.514   104.8838     0.2046      8.063     4.9855     7.1248    217.304    222.654  0.000e+00
   58.21178 -137.08544    123.570     50.344     49.870     9.4773    31.9000  1024.8461    24.6177     9.4720     76.524   104.8838     0.2046      8.063     4.9861     7.1257    217.331    222.681  0.000e+00
   58.21178 -137.08544    123.578     50.352     49.878     9.4777    31.8998  1024.8459    24.6175     9.4723     76.534   104.8838     0.2046      8.063     4.9868     7.1266    217.360    222.711  0.000e+00
   58.21178 -137.08544    123.570     50.344     49.870     9.4780    31.8998  1024.8458    24.6174     9.4726     76.545   104.8838     0.2046      8.063     4.9875     7.1276    217.390    222.741  0.000e+00
   58.21178 -137.08544    123.556     50.231     49.758     9.4785    31.8996  1024.8451    24.6172     9.4731     76.555   104.8838     0.2046      8.063     4.9881     7.1285    217.416    222.768  0.000e+00
   58.21178 -137.08544    123.734     50.287     49.814     9.4788    31.8996  1024.8453    24.6172     9.4734     76.567   104.8838     0.2339      8.063     4.9888     7.1296    217.449    222.802  0.000e+00
   58.21178 -137.08544    123.702     50.231     49.758     9.4786    31.8996  1024.8451    24.6172     9.4733     76.579   104.8838     0.2339      8.063     4.9896     7.1306    217.481    222.835  0.000e+00
   58.21178 -137.08544    123.758     50.287     49.814     9.4786    31.9002  1024.8458    24.6176     9.4733     76.591   104.8838     0.2339      8.063     4.9904     7.1318    217.516    222.871  0.000e+00
   58.21178 -137.08544    123.526     50.053     49.582     9.4786    31.8999  1024.8445    24.6174     9.4733     76.656   104.8838     0.2339      8.063     4.9946     7.1378    217.701    223.060  0.000e+00
   58.21178 -137.08544    123.758     50.287     49.814     9.4788    31.8994  1024.8452    24.6170     9.4734     76.622   104.8838     0.2339      8.063     4.9924     7.1347    217.605    222.962  0.000e+00
   58.21178 -137.08544    123.462     49.988     49.518     9.4786    31.8998  1024.8442    24.6174     9.4733     76.632   104.8559     0.2339      8.063     4.9931     7.1356    217.633    222.990  0.000e+00
   58.21178 -137.08544    123.518     50.045     49.574     9.4791    31.8995  1024.8441    24.6170     9.4738     76.646   104.8279     0.2339      8.063     4.9939     7.1368    217.669    223.028  0.000e+00
   58.21178 -137.08544    123.582     50.109     49.638     9.4785    31.8998  1024.8447    24.6173     9.4732     76.653   104.8279     0.2339      8.063     4.9944     7.1375    217.692    223.051  0.000e+00
   58.21178 -137.08544    123.638     50.166     49.694     9.4786    31.8996  1024.8448    24.6172     9.4733     76.659   104.8279     0.2339      8.063     4.9949     7.1381    217.711    223.070  0.000e+00
   58.21178 -137.08544    123.406     49.932     49.462     9.4785    31.8996  1024.8437    24.6172     9.4732     76.663   104.8279     0.2339      8.063     4.9951     7.1385    217.723    223.082  0.000e+00
   58.21178 -137.08544    123.462     49.988     49.518     9.4786    31.8994  1024.8438    24.6170     9.4733     76.670   104.8279     0.2339      8.063     4.9956     7.1392    217.742    223.102  0.000e+00
   58.21178 -137.08544    123.526     50.053     49.582     9.4790    31.8995  1024.8441    24.6170     9.4736     76.677   104.8279     0.2339      8.063     4.9960     7.1397    217.760    223.120  0.000e+00
   58.21178 -137.08544    123.582     50.109     49.638     9.4790    31.8998  1024.8446    24.6173     9.4736     76.684   104.8279     0.2339      8.063     4.9964     7.1404    217.779    223.140  0.000e+00
   58.21178 -137.08544    123.335     49.810     49.342     9.4790    31.8992  1024.8428    24.6168     9.4737     76.742   104.8279     0.2339      8.063     5.0002     7.1458    217.945    223.310  0.000e+00
   58.21178 -137.08544    123.682     49.988     49.518     9.4791    31.8995  1024.8438    24.6170     9.4738     76.702   104.8279     0.2339      8.063     4.9976     7.1420    217.829    223.191  0.000e+00
   58.21178 -137.08544    123.755     49.988     49.518     9.4790    31.8997  1024.8440    24.6172     9.4736     76.708   104.8279     0.2339      8.063     4.9980     7.1426    217.846    223.209  0.000e+00
   58.21178 -137.08544    123.699     49.932     49.462     9.4791    31.8995  1024.8436    24.6170     9.4738     76.706   104.8279     0.2339      8.063     4.9979     7.1424    217.842    223.205  0.000e+00
   58.21178 -137.08544    123.699     49.931     49.462     9.4790    31.8999  1024.8439    24.6173     9.4737     76.760   104.8279     0.2339      8.063     5.0014     7.1475    217.995    223.361  0.000e+00
   58.21178 -137.08544    123.828     49.988     49.518     9.4790    31.8995  1024.8438    24.6170     9.4736     76.766   104.8279     0.2339      8.063     5.0017     7.1480    218.011    223.377  0.000e+00
   58.21178 -137.08544    123.894     49.931     49.462     9.4788    31.8998  1024.8438    24.6173     9.4734     76.769   104.8279     0.2339      8.063     5.0020     7.1484    218.022    223.389  0.000e+00
   58.21178 -137.08544    124.055     50.045     49.574     9.4786    31.8995  1024.8442    24.6171     9.4733     76.774   104.8279     0.2339      8.063     5.0023     7.1489    218.037    223.405  0.000e+00
   58.21178 -137.08544    123.887     49.875     49.406     9.4783    31.8999  1024.8438    24.6175     9.4730     76.776   104.8279     0.2339      8.063     5.0025     7.1490    218.043    223.411  0.000e+00
   58.21178 -137.08544    123.943     49.931     49.462     9.4782    31.8999  1024.8440    24.6175     9.4728     76.779   104.8279     0.2339      8.063     5.0027     7.1494    218.053    223.421  0.000e+00
   58.21178 -137.08544    124.048     49.988     49.518     9.4778    31.8999  1024.8444    24.6176     9.4725     76.782   104.8279     0.2339      8.063     5.0029     7.1497    218.063    223.431  0.000e+00
   58.21178 -137.08544    124.065     49.931     49.462     9.4775    31.9002  1024.8443    24.6178     9.4721     76.783   104.8279     0.2339      8.063     5.0030     7.1498    218.067    223.435  0.000e+00
   58.21178 -137.08544    124.146     49.988     49.518     9.4772    31.8998  1024.8443    24.6175     9.4719     76.785   104.8279     0.2339      8.063     5.0032     7.1501    218.074    223.442  0.000e+00
   58.21178 -137.08544    124.146     49.988     49.518     9.4760    31.9002  1024.8448    24.6180     9.4707     76.786   104.8559     0.2339      8.063     5.0033     7.1503    218.081    223.449  0.000e+00
   58.21178 -137.08544    124.146     49.988     49.518     9.4744    31.9009  1024.8456    24.6188     9.4691     76.786   104.8559     0.2339      8.063     5.0035     7.1505    218.088    223.457  0.000e+00
