EcoFOCI/data/1_SampleCollection/2022_GOA-OA_CruiseData/CTD_raw_BottleFile_RC0083/RC0083_077.cnv
* Sea-Bird SBE 9 Data File:
* FileName = C:\Data\RC0083ctd\RC0083_077.hex
* Software Version Seasave V 7.26.7.107
* Temperature SN = 2060
* Conductivity SN = 1084
* Number of Bytes Per Scan = 31
* Number of Voltage Words = 4
* Number of Scans Averaged by the Deck Unit = 1
* NMEA Latitude = 58 19.58 N
* NMEA Longitude = 135 52.61 W
* NMEA UTC (Time) = Aug 21 2022  17:07:16
* NMEA baud rate = 4800
** Ship: R/V Rachel Carson
** Cruise ID: RC0083
** Tech: McHugh/Nomura
** Chief Scientist: Cross
** Station: GB00
** Cast:  CTD077
# nquan = 19
# nvalues = 8680                                  
# units = specified
# name 0 = latitude: Latitude [deg]
# name 1 = longitude: Longitude [deg]
# name 2 = sfdSM: Seafloor depth [salt water, m]
# name 3 = prDM: Pressure, Digiquartz [db]
# name 4 = depSM: Depth [salt water, m]
# name 5 = t090C: Temperature [ITS-90, deg C]
# name 6 = sal00: Salinity, Practical [PSU]
# name 7 = density00: Density [density, kg/m^3]
# name 8 = sigma-é00: Density [sigma-theta, kg/m^3]
# name 9 = potemp090C: Potential Temperature [ITS-90, deg C]
# name 10 = sbeox0PS: Oxygen, SBE 43 [% saturation]
# name 11 = CStarTr0: Beam Transmission, WET Labs C-Star [%]
# name 12 = flECO-AFL: Fluorescence, WET Labs ECO-AFL/FL [mg/m^3]
# name 13 = ph: pH
# name 14 = sbeox0ML/L: Oxygen, SBE 43 [ml/l]
# name 15 = sbeox0Mg/L: Oxygen, SBE 43 [mg/l]
# name 16 = sbox0Mm/Kg: Oxygen, SBE 43 [umol/kg]
# name 17 = sbeox0Mm/L: Oxygen, SBE 43 [umol/l]
# name 18 = flag:  0.000e+00
# span 0 =   58.32622,   58.32636                 
# span 1 = -135.87686, -135.87672                 
# span 2 =      3.211,     56.699                 
# span 3 =      2.628,     44.587                 
# span 4 =      2.604,     44.168                 
# span 5 =     7.4709,    10.8739                 
# span 6 =    26.3344,    30.9697                 
# span 7 =  1020.0712,  1024.3879                 
# span 8 =    20.0584,    24.1838                 
# span 9 =     7.4670,    10.8736                 
# span 10 =     55.296,     97.823                
# span 11 =    81.3340,    89.7526                
# span 12 =     0.2339,     3.0764                
# span 13 =      7.893,      8.239                
# span 14 =     3.7905,     6.4097                
# span 15 =     5.4170,     9.1601                
# span 16 =    165.291,    280.575                
# span 17 =    169.284,    286.258                
# span 18 = 0.0000e+00, 0.0000e+00                
# interval = seconds: 0.0416667
# start_time = Aug 21 2022 17:07:16 [NMEA time, header]
# bad_flag = -9.990e-29
*END*
[from data line 3962]
   58.32624 -135.87676     54.601     40.771     40.388     7.6674    30.9002  1024.2894    24.1024     7.6637     57.383    89.5848     0.3511      7.917     3.9193     5.6010    170.915    175.034  0.000e+00
   58.32624 -135.87676     54.401     40.545     40.164     7.6655    30.9009  1024.2892    24.1032     7.6618     57.391    89.5848     0.3511      7.917     3.9200     5.6021    170.947    175.067  0.000e+00
   58.32624 -135.87676     54.301     40.715     40.332     7.6628    30.9008  1024.2903    24.1036     7.6591     57.405    89.5848     0.3511      7.917     3.9212     5.6038    170.999    175.120  0.000e+00
   58.32624 -135.87676     54.064     40.771     40.388     7.6588    30.8992  1024.2899    24.1029     7.6551     57.366    89.5848     0.3511      7.917     3.9189     5.6005    170.899    175.018  0.000e+00
   58.32624 -135.87676     53.911     40.666     40.284     7.6526    30.9010  1024.2917    24.1051     7.6489     57.369    89.5848     0.3511      7.917     3.9196     5.6015    170.930    175.051  0.000e+00
   58.32624 -135.87676     54.135     40.893     40.508     7.6496    30.9021  1024.2940    24.1064     7.6459     57.377    89.5848     0.3511      7.917     3.9204     5.6027    170.965    175.087  0.000e+00
   58.32624 -135.87676     53.983     40.715     40.332     7.6480    30.9026  1024.2938    24.1070     7.6443     57.440    89.5848     0.3511      7.917     3.9249     5.6091    171.159    175.286  0.000e+00
   58.32624 -135.87676     53.969     40.602     40.220     7.6455    30.9019  1024.2931    24.1068     7.6418     57.458    89.5848     0.3511      7.917     3.9264     5.6111    171.223    175.351  0.000e+00
   58.32624 -135.87676     54.330     40.893     40.508     7.6405    30.9031  1024.2960    24.1084     7.6368     57.482    89.5848     0.3511      7.917     3.9284     5.6140    171.311    175.441  0.000e+00
   58.32624 -135.87676     54.386     40.949     40.564     7.6407    30.9039  1024.2969    24.1090     7.6369     57.450    89.5848     0.3511      7.917     3.9262     5.6109    171.215    175.343  0.000e+00
   58.32624 -135.87676     54.218     40.779     40.396     7.6434    30.9040  1024.2958    24.1087     7.6397     57.460    89.5848     0.3511      7.917     3.9266     5.6115    171.233    175.362  0.000e+00
   58.32624 -135.87676     54.401     41.014     40.628     7.6438    30.9029  1024.2959    24.1078     7.6400     57.420    89.5848     0.3511      7.917     3.9239     5.6076    171.114    175.239  0.000e+00
   58.32624 -135.87676     53.964     40.892     40.508     7.6429    30.9030  1024.2956    24.1080     7.6392     57.484    89.5848     0.3511      7.917     3.9283     5.6139    171.308    175.438  0.000e+00
   58.32624 -135.87676     53.873     40.949     40.564     7.6425    30.9029  1024.2959    24.1080     7.6388     57.503    89.5848     0.3511      7.917     3.9297     5.6159    171.367    175.498  0.000e+00
   58.32624 -135.87676     53.801     40.901     40.516     7.6426    30.9027  1024.2955    24.1078     7.6389     57.516    89.5009     0.3511      7.917     3.9306     5.6172    171.407    175.539  0.000e+00
   58.32624 -135.87676     53.817     40.892     40.508     7.6420    30.9030  1024.2958    24.1082     7.6383     57.532    89.4450     0.3511      7.917     3.9317     5.6188    171.456    175.589  0.000e+00
   58.32624 -135.87676     53.927     41.127     40.741     7.6415    30.9031  1024.2970    24.1083     7.6378     57.496    89.4450     0.3511      7.917     3.9293     5.6153    171.351    175.482  0.000e+00
   58.32624 -135.87676     53.386     40.901     40.516     7.6410    30.9032  1024.2960    24.1084     7.6373     57.508    89.4450     0.3511      7.917     3.9301     5.6165    171.387    175.519  0.000e+00
   58.32624 -135.87676     53.376     41.014     40.628     7.6417    30.9024  1024.2959    24.1077     7.6379     57.517    89.4450     0.3511      7.917     3.9307     5.6173    171.412    175.544  0.000e+00
   58.32624 -135.87676     53.552     41.191     40.805     7.6407    30.9026  1024.2970    24.1080     7.6369     57.528    89.4450     0.3511      7.917     3.9316     5.6186    171.450    175.583  0.000e+00
   58.32624 -135.87676     53.328     40.965     40.580     7.6403    30.9027  1024.2961    24.1081     7.6365     57.532    89.4450     0.3511      7.917     3.9318     5.6189    171.461    175.594  0.000e+00
   58.32624 -135.87676     53.608     41.248     40.861     7.6400    30.9023  1024.2971    24.1078     7.6363     57.540    89.4450     0.3511      7.917     3.9324     5.6198    171.488    175.622  0.000e+00
   58.32624 -135.87676     53.488     41.127     40.740     7.6388    30.9035  1024.2977    24.1090     7.6350     57.548    89.4450     0.3511      7.917     3.9330     5.6207    171.514    175.649  0.000e+00
   58.32624 -135.87676     53.384     41.022     40.636     7.6404    30.9039  1024.2972    24.1090     7.6367     57.557    89.4450     0.3511      7.917     3.9335     5.6214    171.535    175.670  0.000e+00
   58.32624 -135.87676     53.552     41.191     40.805     7.6426    30.9037  1024.2975    24.1086     7.6389     57.570    89.4450     0.3511      7.917     3.9342     5.6224    171.565    175.701  0.000e+00
   58.32624 -135.87676     53.672     41.313     40.925     7.6433    30.9033  1024.2977    24.1082     7.6395     57.585    89.4450     0.3218      7.917     3.9351     5.6237    171.606    175.743  0.000e+00
   58.32624 -135.87676     53.528     41.143     40.756     7.6429    30.9008  1024.2951    24.1063     7.6392     57.591    89.4450     0.3218      7.917     3.9357     5.6245    171.631    175.768  0.000e+00
   58.32624 -135.87676     53.728     41.369     40.981     7.6386    30.8980  1024.2944    24.1046     7.6349     57.603    89.4450     0.3218      7.917     3.9370     5.6263    171.686    175.825  0.000e+00
   58.32624 -135.87676     53.608     41.248     40.861     7.6317    30.8979  1024.2948    24.1056     7.6279     57.614    89.4450     0.3218      7.917     3.9383     5.6283    171.746    175.886  0.000e+00
   58.32624 -135.87676     53.528     41.143     40.756     7.6215    30.8973  1024.2952    24.1064     7.6177     57.627    89.4450     0.3218      7.917     3.9401     5.6309    171.825    175.967  0.000e+00
   58.32624 -135.87676     52.402     41.313     40.925     7.6100    30.8979  1024.2980    24.1085     7.6062     57.588    89.4729     0.3218      7.917     3.9385     5.6285    171.753    175.894  0.000e+00
   58.32624 -135.87676     46.458     41.426     41.037     7.6019    30.9011  1024.3022    24.1121     7.5981     57.646    89.4450     0.3218      7.917     3.9431     5.6351    171.955    176.101  0.000e+00
   58.32624 -135.87676     43.726     41.256     40.869     7.6011    30.9020  1024.3022    24.1129     7.5974     57.655    89.4450     0.3218      7.917     3.9438     5.6360    171.982    176.129  0.000e+00
   58.32624 -135.87676     43.635     41.313     40.925     7.5977    30.9001  1024.3014    24.1119     7.5940     57.603    89.4450     0.3218      7.917     3.9406     5.6315    171.844    175.987  0.000e+00
   58.32624 -135.87676     44.111     41.547     41.157     7.5932    30.8991  1024.3024    24.1117     7.5894     57.610    89.3051     0.3218      7.912     3.9415     5.6328    171.884    176.028  0.000e+00
   58.32624 -135.87676     44.041     41.377     40.989     7.5892    30.8997  1024.3026    24.1128     7.5854     57.616    89.1932     0.3218      7.912     3.9422     5.6338    171.915    176.060  0.000e+00
   58.32624 -135.87676     44.089     41.426     41.037     7.5838    30.9007  1024.3044    24.1143     7.5801     57.672    89.1932     0.3218      7.917     3.9466     5.6400    172.104    176.254  0.000e+00
   58.32624 -135.87676     44.033     41.369     40.981     7.5791    30.9064  1024.3092    24.1194     7.5754     57.681    89.1932     0.3218      7.917     3.9474     5.6413    172.140    176.292  0.000e+00
   58.32624 -135.87676     44.161     41.498     41.109     7.5825    30.9071  1024.3099    24.1195     7.5787     57.691    89.1932     0.3218      7.917     3.9478     5.6418    172.156    176.308  0.000e+00
   58.32624 -135.87676     44.153     41.490     41.101     7.5838    30.9073  1024.3098    24.1194     7.5801     57.701    89.1932     0.3218      7.917     3.9483     5.6426    172.180    176.333  0.000e+00
   58.32624 -135.87676     44.273     41.612     41.221     7.5890    30.9057  1024.3084    24.1175     7.5852     57.657    89.1932     0.3218      7.917     3.9449     5.6377    172.030    176.179  0.000e+00
   58.32624 -135.87676     44.105     41.442     41.053     7.5945    30.9030  1024.3048    24.1146     7.5907     57.660    89.1932     0.3218      7.917     3.9447     5.6374    172.022    176.170  0.000e+00
   58.32624 -135.87676     44.329     41.668     41.277     7.5974    30.8998  1024.3029    24.1117     7.5936     57.668    89.1932     0.3218      7.912     3.9450     5.6379    172.037    176.186  0.000e+00
   58.32624 -135.87676     44.273     41.612     41.221     7.5901    30.8982  1024.3024    24.1114     7.5863     57.668    89.1932     0.3218      7.912     3.9458     5.6389    172.069    176.218  0.000e+00
   58.32624 -135.87676     44.105     41.442     41.053     7.5804    30.8992  1024.3037    24.1135     7.5766     57.669    89.1932     0.3218      7.912     3.9467     5.6402    172.108    176.258  0.000e+00
   58.32624 -135.87676     44.329     41.668     41.277     7.5740    30.9016  1024.3075    24.1163     7.5702     57.673    89.1932     0.3218      7.912     3.9475     5.6413    172.143    176.294  0.000e+00
   58.32624 -135.87676     44.385     41.725     41.333     7.5719    30.9021  1024.3085    24.1170     7.5682     57.676    89.1932     0.3218      7.912     3.9479     5.6419    172.160    176.312  0.000e+00
   58.32624 -135.87676     44.161     41.498     41.109     7.5702    30.9025  1024.3080    24.1175     7.5665     57.678    89.1932     0.3218      7.912     3.9482     5.6423    172.172    176.325  0.000e+00
   58.32624 -135.87676     44.449     41.789     41.397     7.5691    30.9036  1024.3103    24.1185     7.5653     57.685    89.1932     0.3218      7.912     3.9487     5.6431    172.196    176.349  0.000e+00
   58.32624 -135.87676     44.505     41.846     41.453     7.5697    30.9034  1024.3104    24.1183     7.5659     57.691    89.1932     0.3218      7.912     3.9490     5.6436    172.211    176.364  0.000e+00
   58.32624 -135.87676     44.281     41.620     41.229     7.5697    30.9040  1024.3098    24.1188     7.5660     57.640    89.1932     0.3218      7.912     3.9455     5.6386    172.058    176.208  0.000e+00
   58.32624 -135.87676     44.449     41.789     41.397     7.5702    30.9036  1024.3102    24.1184     7.5665     57.641    89.1932     0.3218      7.912     3.9456     5.6387    172.061    176.211  0.000e+00
   58.32624 -135.87676     44.449     41.789     41.397     7.5707    30.9042  1024.3106    24.1188     7.5669     57.635    89.1932     0.3218      7.912     3.9451     5.6380    172.040    176.190  0.000e+00
   58.32624 -135.87676     44.401     41.741     41.349     7.5747    30.9036  1024.3093    24.1178     7.5710     57.629    89.1932     0.3218      7.912     3.9444     5.6369    172.008    176.156  0.000e+00
   58.32624 -135.87676     44.561     41.902     41.509     7.5780    30.9027  1024.3089    24.1166     7.5742     57.626    89.1373     0.3218      7.912     3.9439     5.6362    171.986    176.134  0.000e+00
   58.32624 -135.87676     44.561     41.902     41.509     7.5765    30.9014  1024.3081    24.1158     7.5727     57.630    89.0534     0.3218      7.912     3.9443     5.6369    172.006    176.154  0.000e+00
   58.32624 -135.87676     44.457     41.797     41.405     7.5733    30.9014  1024.3081    24.1162     7.5696     57.635    89.0534     0.3218      7.912     3.9450     5.6378    172.034    176.182  0.000e+00
   58.32624 -135.87676     44.561     41.902     41.509     7.5709    30.9019  1024.3093    24.1170     7.5671     57.643    89.0534     0.3218      7.912     3.9457     5.6388    172.065    176.215  0.000e+00
   58.32624 -135.87676     44.681     42.024     41.629     7.5700    30.9039  1024.3115    24.1186     7.5662     57.644    89.0534     0.3218      7.912     3.9458     5.6390    172.070    176.221  0.000e+00
   58.32624 -135.87676     44.457     41.797     41.405     7.5724    30.9036  1024.3099    24.1181     7.5686     57.588    89.0534     0.3218      7.912     3.9418     5.6332    171.893    176.039  0.000e+00
   58.32624 -135.87676     44.625     41.967     41.573     7.5720    30.9015  1024.3091    24.1165     7.5682     57.577    89.0534     0.3218      7.912     3.9411     5.6322    171.865    176.010  0.000e+00
   58.32624 -135.87676     44.801     42.145     41.749     7.5688    30.9004  1024.3095    24.1160     7.5650     57.575    89.0534     0.3218      7.912     3.9413     5.6325    171.872    176.017  0.000e+00
   58.32624 -135.87676     44.513     41.854     41.461     7.5662    30.9014  1024.3093    24.1172     7.5624     57.570    89.0534     0.3218      7.912     3.9412     5.6323    171.867    176.012  0.000e+00
   58.32624 -135.87676     44.801     42.145     41.749     7.5647    30.9018  1024.3111    24.1177     7.5609     57.571    89.0534     0.3218      7.912     3.9413     5.6326    171.875    176.020  0.000e+00
   58.32624 -135.87676     46.528     42.088     41.693     7.5636    30.9021  1024.3113    24.1181     7.5598     57.571    89.0534     0.2925      7.912     3.9414     5.6326    171.877    176.022  0.000e+00
   58.32624 -135.87676     52.643     41.975     41.581     7.5626    30.9026  1024.3113    24.1186     7.5588     57.508    89.0534     0.2925      7.912     3.9372     5.6266    171.693    175.834  0.000e+00
   58.32624 -135.87676     55.285     42.201     41.805     7.5622    30.9031  1024.3128    24.1191     7.5584     57.497    89.0534     0.2925      7.912     3.9364     5.6256    171.661    175.802  0.000e+00
   58.32624 -135.87676     55.302     42.145     41.749     7.5630    30.9027  1024.3121    24.1187     7.5592     57.485    89.0534     0.2925      7.912     3.9356     5.6243    171.623    175.763  0.000e+00
   58.32624 -135.87676     54.946     42.032     41.637     7.5630    30.9029  1024.3117    24.1188     7.5592     57.474    89.0534     0.2925      7.912     3.9348     5.6232    171.590    175.729  0.000e+00
   58.32624 -135.87676     55.176     42.387     41.989     7.5630    30.9032  1024.3136    24.1190     7.5591     57.412    89.0534     0.2925      7.912     3.9306     5.6172    171.405    175.539  0.000e+00
   58.32624 -135.87676     54.982     42.266     41.869     7.5630    30.9035  1024.3132    24.1193     7.5592     57.396    89.0534     0.2925      7.912     3.9295     5.6156    171.358    175.491  0.000e+00
   58.32624 -135.87676     54.990     42.274     41.877     7.5625    30.9028  1024.3128    24.1188     7.5587     57.383    89.0534     0.2925      7.912     3.9287     5.6144    171.322    175.454  0.000e+00
   58.32624 -135.87676     55.158     42.444     42.045     7.5617    30.9029  1024.3138    24.1190     7.5579     57.373    89.0534     0.2925      7.912     3.9280     5.6135    171.294    175.425  0.000e+00
   58.32624 -135.87676     54.870     42.153     41.757     7.5623    30.9027  1024.3122    24.1187     7.5585     57.361    89.0534     0.2925      7.912     3.9271     5.6122    171.255    175.385  0.000e+00
   58.32624 -135.87676     55.014     42.322     41.925     7.5619    30.9020  1024.3125    24.1183     7.5580     57.353    88.9695     0.2925      7.912     3.9267     5.6116    171.235    175.365  0.000e+00
   58.32624 -135.87676     54.869     42.201     41.805     7.5604    30.9022  1024.3123    24.1187     7.5566     57.290    88.8296     0.2925      7.907     3.9225     5.6056    171.051    175.177  0.000e+00
