EcoFOCI/data/1_SampleCollection/2022_GOA-OA_CruiseData/CTD_raw_BottleFile_RC0083/RC0083_071.cnv
* Sea-Bird SBE 9 Data File:
* FileName = C:\Data\RC0083ctd\RC0083_071.hex
* Software Version Seasave V 7.26.7.107
* Temperature SN = 2060
* Conductivity SN = 1084
* Number of Bytes Per Scan = 31
* Number of Voltage Words = 4
* Number of Scans Averaged by the Deck Unit = 1
* NMEA Latitude = 59 03.51 N
* NMEA Longitude = 136 16.99 W
* NMEA UTC (Time) = Aug 20 2022  21:29:06
* NMEA baud rate = 4800
** Ship: R/V Rachel Carson
** Cruise ID: RC0083
** Tech: McHugh/Nomura
** Chief Scientist: Cross
** Station: GB22
** Cast:  CTD071
# nquan = 19
# nvalues = 15744                                 
# units = specified
# name 0 = latitude: Latitude [deg]
# name 1 = longitude: Longitude [deg]
# name 2 = sfdSM: Seafloor depth [salt water, m]
# name 3 = prDM: Pressure, Digiquartz [db]
# name 4 = depSM: Depth [salt water, m]
# name 5 = t090C: Temperature [ITS-90, deg C]
# name 6 = sal00: Salinity, Practical [PSU]
# name 7 = density00: Density [density, kg/m^3]
# name 8 = sigma-é00: Density [sigma-theta, kg/m^3]
# name 9 = potemp090C: Potential Temperature [ITS-90, deg C]
# name 10 = sbeox0PS: Oxygen, SBE 43 [% saturation]
# name 11 = CStarTr0: Beam Transmission, WET Labs C-Star [%]
# name 12 = flECO-AFL: Fluorescence, WET Labs ECO-AFL/FL [mg/m^3]
# name 13 = ph: pH
# name 14 = sbeox0ML/L: Oxygen, SBE 43 [ml/l]
# name 15 = sbeox0Mg/L: Oxygen, SBE 43 [mg/l]
# name 16 = sbox0Mm/Kg: Oxygen, SBE 43 [umol/kg]
# name 17 = sbeox0Mm/L: Oxygen, SBE 43 [umol/l]
# name 18 = flag:  0.000e+00
# span 0 =   59.05846,   59.05868                 
# span 1 = -136.28324, -136.28078                 
# span 2 =      2.118,    251.674                 
# span 3 =      2.121,    213.679                 
# span 4 =      2.101,    211.571                 
# span 5 =     4.5339,     7.3907                 
# span 6 =     8.4084,    30.8394                 
# span 7 =  1006.6767,  1025.3911                 
# span 8 =     6.6660,    24.4022                 
# span 9 =     4.5338,     7.3896                 
# span 10 =     71.771,    101.279                
# span 11 =     0.0001,    37.7303                
# span 12 =    -0.1177,     0.5562                
# span 13 =      7.912,      8.612                
# span 14 =     4.9757,     8.4477                
# span 15 =     7.1107,    12.0726                
# span 16 =    217.140,    374.085                
# span 17 =    222.213,    377.274                
# span 18 = 0.0000e+00, 0.0000e+00                
# interval = seconds: 0.0416667
# start_time = Aug 20 2022 21:29:06 [NMEA time, header]
# bad_flag = -9.990e-29
*END*
[from data line 1677]
   59.05846 -136.28304    110.259     11.737     11.627     7.3285    28.9911  1022.7020    22.6479     7.3275     78.138    26.4029     0.0288      8.023     5.4462     7.7831    237.839    243.225  0.000e+00
   59.05846 -136.28304    110.291     11.769     11.659     7.3282    28.9932  1022.7039    22.6496     7.3272     78.145    26.4029     0.0288      8.023     5.4466     7.7838    237.860    243.247  0.000e+00
   59.05846 -136.28304    110.291     11.769     11.659     7.3279    28.9942  1022.7047    22.6504     7.3269     78.148    25.8994     0.0288      8.023     5.4468     7.7841    237.867    243.255  0.000e+00
   59.05846 -136.28304    110.315     11.793     11.683     7.3281    28.9935  1022.7042    22.6498     7.3271     78.201    25.0044     0.0288      8.023     5.4505     7.7894    238.030    243.421  0.000e+00
   59.05846 -136.28304    110.411     11.890     11.779     7.3285    28.9952  1022.7060    22.6511     7.3275     78.209    24.7247     0.0288      8.023     5.4510     7.7900    238.049    243.441  0.000e+00
   59.05846 -136.28304    110.411     11.890     11.779     7.3290    28.9986  1022.7085    22.6537     7.3280     78.211    24.7527     0.0288      8.023     5.4509     7.7899    238.045    243.438  0.000e+00
   59.05846 -136.28304    110.371     11.850     11.739     7.3297    29.0023  1022.7112    22.6565     7.3287     78.214    24.7807     0.0288      8.023     5.4509     7.7899    238.045    243.438  0.000e+00
   59.05846 -136.28304    110.467     11.947     11.835     7.3302    29.0090  1022.7168    22.6617     7.3292     78.268    24.7807     0.0288      8.023     5.4544     7.7949    238.195    243.593  0.000e+00
   59.05846 -136.28304    110.467     11.947     11.835     7.3311    29.0133  1022.7201    22.6650     7.3301     78.266    24.7807     0.0288      8.023     5.4540     7.7944    238.179    243.577  0.000e+00
   59.05846 -136.28304    110.523     12.003     11.891     7.3319    29.0153  1022.7218    22.6664     7.3309     78.267    24.7807     0.0288      8.023     5.4539     7.7941    238.171    243.569  0.000e+00
   59.05846 -136.28304    110.491     11.971     11.859     7.3324    29.0179  1022.7237    22.6685     7.3314     78.259    24.7807     0.0288      8.023     5.4532     7.7932    238.141    243.539  0.000e+00
   59.05846 -136.28304    110.587     12.068     11.955     7.3329    29.0207  1022.7262    22.6706     7.3319     78.309    24.7807     0.0288      8.023     5.4565     7.7979    238.285    243.687  0.000e+00
   59.05846 -136.28304    110.587     12.068     11.955     7.3337    29.0224  1022.7275    22.6718     7.3327     78.255    24.7807     0.0288      8.023     5.4526     7.7923    238.113    243.511  0.000e+00
   59.05846 -136.28304    110.667     12.149     12.035     7.3345    29.0256  1022.7303    22.6743     7.3335     78.298    24.7807     0.0288      8.023     5.4553     7.7962    238.234    243.636  0.000e+00
   59.05846 -136.28304    110.643     12.124     12.011     7.3358    29.0302  1022.7336    22.6777     7.3348     78.340    24.7807     0.0288      8.023     5.4579     7.7999    238.346    243.751  0.000e+00
   59.05846 -136.28304    110.643     12.124     12.011     7.3376    29.0352  1022.7373    22.6814     7.3366     78.333    24.7807     0.0288      8.023     5.4570     7.7987    238.307    243.712  0.000e+00
   59.05846 -136.28302    110.731     12.213     12.099     7.3401    29.0402  1022.7413    22.6850     7.3391     78.382    24.7807     0.0288      8.023     5.4599     7.8028    238.432    243.841  0.000e+00
   59.05846 -136.28302    110.763     12.246     12.131     7.3418    29.0442  1022.7444    22.6879     7.3407     78.373    24.7807     0.0288      8.023     5.4590     7.8015    238.391    243.800  0.000e+00
   59.05846 -136.28302    110.763     12.246     12.131     7.3427    29.0481  1022.7473    22.6908     7.3416     78.364    24.7807     0.0288      8.023     5.4581     7.8001    238.350    243.758  0.000e+00
   59.05846 -136.28302    110.787     12.270     12.155     7.3439    29.0549  1022.7526    22.6960     7.3428     78.353    24.7807     0.0288      8.023     5.4569     7.7985    238.299    243.707  0.000e+00
   59.05846 -136.28302    110.819     12.302     12.187     7.3459    29.0611  1022.7574    22.7006     7.3448     78.396    24.7807     0.0288      8.023     5.4595     7.8022    238.409    243.821  0.000e+00
   59.05846 -136.28302    110.819     12.302     12.187     7.3479    29.0681  1022.7626    22.7059     7.3469     78.382    24.7807     0.0288      8.023     5.4580     7.8000    238.343    243.755  0.000e+00
   59.05846 -136.28302    110.907     12.391     12.275     7.3509    29.0739  1022.7672    22.7101     7.3498     78.367    24.3611     0.0288      8.023     5.4564     7.7977    238.271    243.682  0.000e+00
   59.05846 -136.28302    110.883     12.367     12.251     7.3522    29.0776  1022.7698    22.7128     7.3511     78.405    22.8508     0.0288      8.023     5.4587     7.8010    238.371    243.785  0.000e+00
   59.05846 -136.28302    110.939     12.423     12.307     7.3543    29.0806  1022.7721    22.7149     7.3532     78.393    22.2635     0.0288      8.018     5.4575     7.7993    238.318    243.731  0.000e+00
   59.05846 -136.28302    111.027     12.512     12.395     7.3567    29.0856  1022.7762    22.7185     7.3556     78.427    22.2635     0.0288      8.018     5.4594     7.8020    238.399    243.815  0.000e+00
   59.05846 -136.28302    110.939     12.423     12.307     7.3593    29.0943  1022.7822    22.7250     7.3582     78.408    22.3194     0.0288      8.023     5.4574     7.7992    238.314    243.729  0.000e+00
   59.05846 -136.28302    111.059     12.544     12.427     7.3630    29.1083  1022.7933    22.7355     7.3619     78.444    22.3474     0.0288      8.018     5.4590     7.8014    238.379    243.798  0.000e+00
   59.05846 -136.28302    111.059     12.544     12.427     7.3682    29.1254  1022.8061    22.7482     7.3671     78.428    22.3474     0.0288      8.018     5.4566     7.7980    238.270    243.691  0.000e+00
   59.05846 -136.28302    111.083     12.569     12.451     7.3718    29.1375  1022.8152    22.7573     7.3707     78.409    22.3474     0.0288      8.018     5.4544     7.7948    238.172    243.592  0.000e+00
   59.05846 -136.28302    111.115     12.601     12.483     7.3749    29.1437  1022.8199    22.7618     7.3738     78.442    22.3474     0.0288      8.018     5.4561     7.7973    238.246    243.669  0.000e+00
   59.05846 -136.28302    111.115     12.601     12.483     7.3773    29.1474  1022.8225    22.7644     7.3762     78.479    22.3474     0.0288      8.018     5.4582     7.8003    238.338    243.764  0.000e+00
   59.05846 -136.28302    111.203     12.690     12.571     7.3783    29.1501  1022.8248    22.7664     7.3772     78.465    22.3474     0.0288      8.018     5.4570     7.7987    238.286    243.711  0.000e+00
   59.05846 -136.28302    111.179     12.666     12.547     7.3787    29.1531  1022.8270    22.7687     7.3776     78.502    22.3474     0.0288      8.018     5.4594     7.8021    238.391    243.819  0.000e+00
   59.05846 -136.28302    111.235     12.722     12.603     7.3790    29.1583  1022.8313    22.7727     7.3779     78.480    22.3474     0.0288      8.018     5.4577     7.7996    238.314    243.741  0.000e+00
   59.05846 -136.28302    111.259     12.746     12.627     7.3799    29.1641  1022.8359    22.7771     7.3788     78.454    22.3474     0.0288      8.018     5.4555     7.7965    238.219    243.645  0.000e+00
   59.05846 -136.28302    111.291     12.779     12.659     7.3810    29.1686  1022.8394    22.7805     7.3799     78.486    22.3474     0.0288      8.018     5.4575     7.7993    238.303    243.731  0.000e+00
   59.05846 -136.28302    111.291     12.779     12.659     7.3817    29.1696  1022.8401    22.7812     7.3806     78.466    22.3474     0.0288      8.018     5.4559     7.7971    238.235    243.663  0.000e+00
   59.05846 -136.28302    111.355     12.843     12.723     7.3824    29.1712  1022.8416    22.7824     7.3813     78.497    22.3474     0.0288      8.018     5.4580     7.8000    238.324    243.754  0.000e+00
   59.05846 -136.28302    111.379     12.867     12.747     7.3834    29.1755  1022.8450    22.7857     7.3823     78.476    22.3474     0.0288      8.018     5.4562     7.7975    238.246    243.674  0.000e+00
   59.05846 -136.28302    111.411     12.900     12.779     7.3849    29.1801  1022.8485    22.7890     7.3838     78.505    22.3474     0.0288      8.018     5.4579     7.7999    238.318    243.749  0.000e+00
   59.05846 -136.28302    111.411     12.900     12.779     7.3855    29.1812  1022.8493    22.7898     7.3844     78.481    22.3474     0.0288      8.018     5.4561     7.7973    238.240    243.670  0.000e+00
   59.05846 -136.28302    111.499     12.989     12.867     7.3857    29.1816  1022.8500    22.7902     7.3846     78.509    22.1796     0.0288      8.018     5.4580     7.8000    238.322    243.754  0.000e+00
   59.05846 -136.28302    111.467     12.956     12.835     7.3865    29.1844  1022.8519    22.7922     7.3854     78.537    20.5853     0.0288      8.018     5.4598     7.8025    238.399    243.833  0.000e+00
   59.05846 -136.28302    111.531     13.021     12.899     7.3878    29.1872  1022.8543    22.7943     7.3867     78.513    19.8022     0.0581      8.018     5.4578     7.7997    238.313    243.746  0.000e+00
   59.05846 -136.28302    111.555     13.045     12.923     7.3875    29.1886  1022.8555    22.7954     7.3864     78.538    19.7183     0.0581      8.018     5.4596     7.8023    238.390    243.824  0.000e+00
   59.05846 -136.28302    111.587     13.077     12.955     7.3872    29.1887  1022.8558    22.7956     7.3860     78.565    19.8022     0.0581      8.018     5.4615     7.8050    238.473    243.909  0.000e+00
   59.05846 -136.28302    111.587     13.077     12.955     7.3882    29.1894  1022.8562    22.7959     7.3870     78.545    19.8302     0.0581      8.018     5.4599     7.8028    238.406    243.841  0.000e+00
   59.05846 -136.28302    111.651     13.142     13.019     7.3888    29.1906  1022.8574    22.7968     7.3877     78.575    19.8302     0.0581      8.018     5.4619     7.8056    238.492    243.929  0.000e+00
   59.05846 -136.28302    111.675     13.166     13.043     7.3896    29.1927  1022.8591    22.7984     7.3884     78.551    19.8302     0.0581      8.018     5.4600     7.8029    238.410    243.846  0.000e+00
   59.05846 -136.28302    111.763     13.255     13.131     7.3894    29.1968  1022.8627    22.8016     7.3883     78.577    19.8302     0.0581      8.018     5.4617     7.8053    238.482    243.920  0.000e+00
   59.05846 -136.28302    111.707     13.199     13.075     7.3901    29.2012  1022.8658    22.8050     7.3889     78.602    19.8302     0.0581      8.018     5.4632     7.8075    238.547    243.987  0.000e+00
   59.05846 -136.28302    111.731     13.223     13.099     7.3907    29.2038  1022.8679    22.8070     7.3896     78.580    19.8022     0.0581      8.018     5.4616     7.8051    238.474    243.913  0.000e+00
   59.05846 -136.28302    111.827     13.320     13.195     7.3898    29.2071  1022.8710    22.8096     7.3886     78.609    19.8022     0.0581      8.018     5.4635     7.8080    238.561    244.002  0.000e+00
   59.05846 -136.28302    111.827     13.320     13.195     7.3855    29.2140  1022.8770    22.8156     7.3844     78.582    19.8302     0.0581      8.018     5.4620     7.8057    238.490    243.932  0.000e+00
   59.05846 -136.28302    111.851     13.344     13.219     7.3795    29.2230  1022.8850    22.8235     7.3784     78.605    19.8022     0.0581      8.018     5.4640     7.8085    238.575    244.021  0.000e+00
   59.05846 -136.28302    111.883     13.376     13.251     7.3732    29.2306  1022.8919    22.8303     7.3721     78.635    19.8302     0.0581      8.018     5.4666     7.8123    238.688    244.138  0.000e+00
   59.05846 -136.28302    111.883     13.376     13.251     7.3679    29.2380  1022.8984    22.8367     7.3668     78.665    19.8022     0.0581      8.018     5.4691     7.8159    238.796    244.250  0.000e+00
   59.05846 -136.28302    111.939     13.433     13.307     7.3641    29.2436  1022.9035    22.8416     7.3630     78.640    19.8022     0.0581      8.018     5.4677     7.8138    238.732    244.185  0.000e+00
   59.05846 -136.28302    111.971     13.465     13.339     7.3616    29.2485  1022.9079    22.8459     7.3604     78.663    19.8022     0.0581      8.018     5.4694     7.8163    238.808    244.263  0.000e+00
   59.05846 -136.28302    112.003     13.497     13.371     7.3590    29.2537  1022.9124    22.8502     7.3578     78.638    19.8022     0.0581      8.018     5.4678     7.8140    238.737    244.192  0.000e+00
   59.05846 -136.28302    112.003     13.497     13.371     7.3567    29.2576  1022.9158    22.8536     7.3555     78.654    19.8302     0.0581      8.018     5.4690     7.8158    238.789    244.246  0.000e+00
   59.05846 -136.28302    112.091     13.586     13.459     7.3543    29.2623  1022.9202    22.8576     7.3531     78.677    19.8022     0.0581      8.018     5.4707     7.8182    238.864    244.323  0.000e+00
   59.05846 -136.28302    112.059     13.554     13.427     7.3512    29.2696  1022.9262    22.8637     7.3500     78.705    17.6486     0.0581      8.018     5.4729     7.8213    238.955    244.419  0.000e+00
   59.05846 -136.28302    112.123     13.618     13.491     7.3472    29.2757  1022.9318    22.8691     7.3460     78.679    16.1662     0.0874      8.018     5.4714     7.8191    238.888    244.351  0.000e+00
   59.05846 -136.28302    112.123     13.618     13.491     7.3445    29.2795  1022.9351    22.8724     7.3434     78.708    15.9145     0.0874      8.018     5.4735     7.8222    238.981    244.447  0.000e+00
   59.05846 -136.28302    112.147     13.643     13.515     7.3415    29.2846  1022.9397    22.8768     7.3403     78.736    16.0264     0.0874      8.018     5.4756     7.8253    239.073    244.542  0.000e+00
   59.05846 -136.28302    112.235     13.732     13.603     7.3389    29.2916  1022.9459    22.8826     7.3377     78.708    16.0823     0.0874      8.018     5.4738     7.8226    238.991    244.460  0.000e+00
   59.05846 -136.28302    112.179     13.675     13.547     7.3366    29.3008  1022.9531    22.8901     7.3354     78.726    16.0823     0.0874      8.018     5.4750     7.8243    239.042    244.514  0.000e+00
   59.05846 -136.28302    112.267     13.764     13.635     7.3356    29.3085  1022.9598    22.8963     7.3344     78.751    16.0823     0.0874      8.018     5.4766     7.8267    239.112    244.586  0.000e+00
   59.05846 -136.28302    112.299     13.796     13.667     7.3356    29.3148  1022.9648    22.9012     7.3344     78.720    16.0823     0.0874      8.018     5.4742     7.8232    239.005    244.478  0.000e+00
   59.05846 -136.28302    112.299     13.796     13.667     7.3358    29.3203  1022.9692    22.9056     7.3346     78.735    16.0823     0.0874      8.018     5.4750     7.8244    239.039    244.515  0.000e+00
   59.05846 -136.28302    112.355     13.853     13.723     7.3371    29.3258  1022.9736    22.9097     7.3359     78.756    16.0823     0.0874      8.018     5.4762     7.8260    239.088    244.565  0.000e+00
   59.05846 -136.28302    112.387     13.885     13.755     7.3381    29.3307  1022.9774    22.9134     7.3369     78.776    16.0823     0.0874      8.018     5.4772     7.8275    239.134    244.613  0.000e+00
   59.05846 -136.28302    112.411     13.909     13.779     7.3389    29.3339  1022.9799    22.9158     7.3377     78.801    16.0823     0.0874      8.018     5.4788     7.8297    239.201    244.683  0.000e+00
