EcoFOCI/data/1_SampleCollection/2022_GOA-OA_CruiseData/CTD_raw_BottleFile_RC0083/RC0083_063.ros
* Sea-Bird SBE 9 Data File:
* FileName = C:\Data\RC0083ctd\RC0083_063.hex
* Software Version Seasave V 7.26.7.107
* Temperature SN = 2060
* Conductivity SN = 1084
* Number of Bytes Per Scan = 31
* Number of Voltage Words = 4
* Number of Scans Averaged by the Deck Unit = 1
* NMEA Latitude = 58 42.84 N
* NMEA Longitude = 136 06.86 W
* NMEA UTC (Time) = Aug 20 2022  15:08:42
* NMEA baud rate = 4800
** Ship: R/V Rachel Carson
** Cruise ID: RC0083
** Tech: McHugh/Nomura
** Chief Scientist: Cross
** Station: GB13
** Cast:  CTD063
# nquan = 21
# nvalues = 245                                   
# units = specified
# name 0 = latitude: Latitude [deg]
# name 1 = longitude: Longitude [deg]
# name 2 = sfdSM: Seafloor depth [salt water, m]
# name 3 = prDM: Pressure, Digiquartz [db]
# name 4 = depSM: Depth [salt water, m]
# name 5 = t090C: Temperature [ITS-90, deg C]
# name 6 = sal00: Salinity, Practical [PSU]
# name 7 = density00: Density [density, kg/m^3]
# name 8 = sigma-é00: Density [sigma-theta, kg/m^3]
# name 9 = potemp090C: Potential Temperature [ITS-90, deg C]
# name 10 = sbeox0PS: Oxygen, SBE 43 [% saturation]
# name 11 = CStarTr0: Beam Transmission, WET Labs C-Star [%]
# name 12 = flECO-AFL: Fluorescence, WET Labs ECO-AFL/FL [mg/m^3]
# name 13 = ph: pH
# name 14 = sbeox0ML/L: Oxygen, SBE 43 [ml/l]
# name 15 = sbeox0Mg/L: Oxygen, SBE 43 [mg/l]
# name 16 = sbox0Mm/Kg: Oxygen, SBE 43 [umol/kg]
# name 17 = sbeox0Mm/L: Oxygen, SBE 43 [umol/l]
# name 18 = scan: Scan Count
# name 19 = nbf: Bottles Fired
# name 20 = flag:  0.000e+00
# interval = seconds: 0.0416667
# start_time = Aug 20 2022 15:08:42 [NMEA time, header]
# bad_flag = -9.990e-29
*END*
[from data line 207]
   58.71314 -136.11270    101.824      3.271      3.241     9.2257    21.5879  1016.6244    16.6093     9.2254    117.533    60.9166     4.1606      8.412     8.2303    11.7619    361.558    367.563      13416          5  0.000e+00
   58.71314 -136.11270    101.833      3.231      3.201     9.2294    21.5782  1016.6161    16.6012     9.2291    117.557    60.9166     4.1606      8.412     8.2317    11.7639    361.624    367.628      13417          5  0.000e+00
   58.71314 -136.11270    101.809      3.207      3.177     9.2326    21.5758  1016.6138    16.5989     9.2323    117.527    60.9166     4.1606      8.412     8.2291    11.7603    361.512    367.513      13418          5  0.000e+00
   58.71314 -136.11270    101.873      3.271      3.241     9.2336    21.5673  1016.6073    16.5922     9.2333    117.499    60.9166     4.1606      8.412     8.2275    11.7579    361.443    367.440      13419          5  0.000e+00
   58.71314 -136.11270    101.889      3.287      3.257     9.2496    21.5468  1016.5893    16.5741     9.2493    117.469    60.8886     4.1606      8.411     8.2235    11.7522    361.273    367.261      13420          5  0.000e+00
   58.71314 -136.11270    101.809      3.207      3.177     9.2622    21.5286  1016.5731    16.5582     9.2619    117.379    60.8886     4.1606      8.411     8.2158    11.7412    360.940    366.917      13421          5  0.000e+00
   58.71314 -136.11270    101.833      3.231      3.201     9.2686    21.5165  1016.5629    16.5480     9.2683    117.335    60.8886     4.1606      8.411     8.2121    11.7359    360.783    366.753      13422          5  0.000e+00
   58.71314 -136.11270    101.873      3.271      3.241     9.2755    21.5036  1016.5521    16.5370     9.2752    117.293    60.8886     4.1606      8.411     8.2086    11.7309    360.631    366.595      13423          5  0.000e+00
   58.71314 -136.11270    101.833      3.231      3.201     9.2817    21.4900  1016.5405    16.5256     9.2815    117.245    60.8886     4.0141      8.411     8.2048    11.7254    360.468    366.425      13424          5  0.000e+00
   58.71314 -136.11270    101.873      3.271      3.241     9.2776    21.4783  1016.5321    16.5170     9.2773    117.257    60.8886     3.9262      8.411     8.2070    11.7287    360.571    366.526      13425          5  0.000e+00
   58.71314 -136.11270    101.833      3.231      3.201     9.2876    21.4513  1016.5096    16.4947     9.2873    117.220    60.8886     3.8969      8.411     8.2040    11.7243    360.444    366.389      13426          5  0.000e+00
   58.71314 -136.11270    101.873      3.271      3.241     9.2971    21.4351  1016.4959    16.4808     9.2968    117.124    60.8886     3.8969      8.411     8.1964    11.7135    360.116    366.051      13427          5  0.000e+00
   58.71314 -136.11270    101.833      3.231      3.201     9.3126    21.4198  1016.4817    16.4668     9.3123    117.132    60.8886     3.9262      8.411     8.1948    11.7112    360.052    365.981      13428          5  0.000e+00
   58.71314 -136.11270    101.873      3.271      3.241     9.3186    21.4025  1016.4676    16.4525     9.3183    117.097    60.8886     3.9262      8.411     8.1922    11.7075    359.943    365.864      13429          5  0.000e+00
   58.71314 -136.11270    101.833      3.231      3.201     9.3248    21.3838  1016.4520    16.4371     9.3245    117.058    60.8886     3.9262      8.411     8.1893    11.7033    359.819    365.734      13430          5  0.000e+00
   58.71314 -136.11270    101.809      3.207      3.177     9.3347    21.3680  1016.4383    16.4235     9.3344    117.014    60.8886     3.8969      8.411     8.1852    11.6975    359.645    365.552      13431          5  0.000e+00
   58.71314 -136.11270    101.889      3.287      3.257     9.3530    21.3481  1016.4207    16.4055     9.3527    116.973    60.8886     3.9262      8.411     8.1800    11.6900    359.422    365.319      13432          5  0.000e+00
   58.71314 -136.11270    101.809      3.207      3.177     9.3763    21.3297  1016.4029    16.3881     9.3760    116.932    60.8886     3.9262      8.411     8.1738    11.6811    359.155    365.041      13433          5  0.000e+00
   58.71314 -136.11270    101.833      3.231      3.201     9.3831    21.3261  1016.3993    16.3843     9.3829    116.954    60.8886     3.9262      8.411     8.1742    11.6818    359.176    365.061      13434          5  0.000e+00
   58.71314 -136.11270    101.873      3.271      3.241     9.3818    21.3256  1016.3993    16.3842     9.3815    116.926    60.8886     3.8969      8.411     8.1726    11.6794    359.104    364.988      13435          5  0.000e+00
   58.71314 -136.11270     57.047      3.231      3.201     9.3864    21.3197  1016.3939    16.3790     9.3861    116.893    60.8886     3.9262      8.411     8.1697    11.6754    358.981    364.861      13436          5  0.000e+00
   58.71314 -136.11270     17.649      3.271      3.241     9.3775    21.3206  1016.3959    16.3808     9.3772    116.868    60.8886     3.8969      8.411     8.1696    11.6751    358.973    364.853      13437          5  0.000e+00
   58.71314 -136.11270      9.794      3.231      3.201     9.3686    21.3175  1016.3946    16.3796     9.3683    116.838    60.8886     3.9262      8.411     8.1693    11.6747    358.961    364.841      13438          5  0.000e+00
   58.71314 -136.11270     11.797      3.207      3.177     9.3766    21.3111  1016.3884    16.3736     9.3763    116.864    60.8607     3.9262      8.411     8.1699    11.6756    358.990    364.868      13439          5  0.000e+00
   58.71314 -136.11270     13.448      3.271      3.241     9.3751    21.3109  1016.3888    16.3736     9.3748    116.896    60.7208     3.9262      8.411     8.1724    11.6792    359.102    364.981      13440          5  0.000e+00
   58.71314 -136.11270     13.677      3.231      3.201     9.3697    21.3033  1016.3834    16.3684     9.3694    116.883    60.6649     3.9262      8.411     8.1729    11.6799    359.125    365.003      13441          5  0.000e+00
   58.71314 -136.11270     13.619      3.271      3.241     9.3698    21.2917  1016.3745    16.3594     9.3695    116.921    60.6649     3.9262      8.411     8.1762    11.6846    359.273    365.150      13442          5  0.000e+00
   58.71314 -136.11270     13.530      3.231      3.201     9.3737    21.2823  1016.3664    16.3515     9.3734    116.913    60.6649     3.9262      8.411     8.1754    11.6835    359.241    365.115      13443          5  0.000e+00
   58.71314 -136.11270     13.482      3.207      3.177     9.3802    21.2766  1016.3610    16.3462     9.3799    116.956    60.6649     3.9555      8.411     8.1776    11.6866    359.336    365.210      13444          5  0.000e+00
   58.71314 -136.11270     13.530      3.231      3.201     9.3637    21.2962  1016.3787    16.3637     9.3634    117.015    60.6649     3.9848      8.411     8.1837    11.6953    359.599    365.484      13445          5  0.000e+00
   58.71314 -136.11270     13.570      3.271      3.241     9.3578    21.3079  1016.3887    16.3736     9.3575    117.021    60.6649     3.9848      8.411     8.1846    11.6966    359.634    365.523      13446          5  0.000e+00
   58.71314 -136.11270     13.530      3.231      3.201     9.3596    21.3131  1016.3923    16.3774     9.3593    117.081    60.6649     3.9848      8.411     8.1882    11.7018    359.792    365.685      13447          5  0.000e+00
   58.71314 -136.11270     13.570      3.271      3.241     9.3403    21.3378  1016.4143    16.3992     9.3400    117.151    60.6649     4.0141      8.411     8.1953    11.7120    360.099    366.004      13448          5  0.000e+00
   58.71314 -136.11270     13.530      3.231      3.201     9.3275    21.3574  1016.4311    16.4162     9.3272    117.228    60.6649     3.9848      8.411     8.2021    11.7216    360.388    366.304      13449          5  0.000e+00
   58.71314 -136.11270     13.506      3.207      3.177     9.3256    21.3624  1016.4352    16.4203     9.3253    117.258    60.6649     4.0141      8.411     8.2043    11.7247    360.483    366.403      13450          5  0.000e+00
   58.71314 -136.11270     13.586      3.287      3.257     9.3295    21.3537  1016.4282    16.4130     9.3292    117.394    60.6649     3.9848      8.411     8.2135    11.7379    360.893    366.816      13451          5  0.000e+00
   58.71314 -136.11270     23.445      3.207      3.177     9.3346    21.3387  1016.4155    16.4006     9.3343    117.482    60.6928     4.0141      8.411     8.2196    11.7466    361.162    367.085      13452          5  0.000e+00
   58.71314 -136.11270     64.007      3.231      3.201     9.3521    21.3211  1016.3996    16.3847     9.3518    117.572    60.6649     4.0141      8.411     8.2235    11.7522    361.341    367.261      13453          5  0.000e+00
