EcoFOCI/data/1_SampleCollection/2022_GOA-OA_CruiseData/CTD_raw_BottleFile_RC0083/RC0083_102.cnv
* Sea-Bird SBE 9 Data File:
* FileName = C:\Data\RC0083ctd\RC0083_102.hex
* Software Version Seasave V 7.26.7.107
* Temperature SN = 2060
* Conductivity SN = 2881
* Number of Bytes Per Scan = 31
* Number of Voltage Words = 4
* Number of Scans Averaged by the Deck Unit = 1
* NMEA Latitude = 56 25.80 N
* NMEA Longitude = 132 35.11 W
* NMEA UTC (Time) = Aug 23 2022  00:50:52
* NMEA baud rate = 4800
** Ship: R/V Rachel Carson
** Cruise ID: RC0083
** Tech: McHugh/Nomura
** Chief Scientist: Cross
** Station: WI4
** Cast:  CTD102
# nquan = 19
# nvalues = 13173                                 
# units = specified
# name 0 = latitude: Latitude [deg]
# name 1 = longitude: Longitude [deg]
# name 2 = sfdSM: Seafloor depth [salt water, m]
# name 3 = prDM: Pressure, Digiquartz [db]
# name 4 = depSM: Depth [salt water, m]
# name 5 = t090C: Temperature [ITS-90, deg C]
# name 6 = sal00: Salinity, Practical [PSU]
# name 7 = density00: Density [density, kg/m^3]
# name 8 = sigma-é00: Density [sigma-theta, kg/m^3]
# name 9 = potemp090C: Potential Temperature [ITS-90, deg C]
# name 10 = sbeox0PS: Oxygen, SBE 43 [% saturation]
# name 11 = CStarTr0: Beam Transmission, WET Labs C-Star [%]
# name 12 = flECO-AFL: Fluorescence, WET Labs ECO-AFL/FL [mg/m^3]
# name 13 = ph: pH
# name 14 = sbeox0ML/L: Oxygen, SBE 43 [ml/l]
# name 15 = sbeox0Mg/L: Oxygen, SBE 43 [mg/l]
# name 16 = sbox0Mm/Kg: Oxygen, SBE 43 [umol/kg]
# name 17 = sbeox0Mm/L: Oxygen, SBE 43 [umol/l]
# name 18 = flag:  0.000e+00
# span 0 =   56.42972,   56.43002                 
# span 1 = -132.58572, -132.58506                 
# span 2 =      5.278,    261.169                 
# span 3 =      3.155,    194.769                 
# span 4 =      3.126,    192.898                 
# span 5 =     5.8466,    13.3743                 
# span 6 =    13.9753,    33.5477                 
# span 7 =  1010.1226,  1027.3222                 
# span 8 =    10.1067,    26.4260                 
# span 9 =     5.8306,    13.3739                 
# span 10 =     19.773,    102.851                
# span 11 =    22.7110,    99.4019                
# span 12 =    -0.0591,    15.6478                
# span 13 =      7.604,      8.490                
# span 14 =     1.3842,     6.8883                
# span 15 =     1.9782,     9.8440                
# span 16 =     60.229,    304.460                
# span 17 =     61.819,    307.630                
# span 18 = 0.0000e+00, 0.0000e+00                
# interval = seconds: 0.0416667
# start_time = Aug 23 2022 00:50:52 [NMEA time, header]
# bad_flag = -9.990e-29
*END*
[from data line 991]
   56.43000 -132.58506    102.080      3.455      3.423    12.8449    17.0963  1012.6101    12.5942    12.8446    101.107    47.0719     1.3182      8.474     6.7242     9.6095    296.567    300.302  0.000e+00
   56.43000 -132.58506    101.960      3.334      3.303    13.0038    16.3288  1011.9924    11.9772    13.0034    101.026    47.8271     1.3768      8.473     6.7281     9.6151    296.920    300.476  0.000e+00
   56.43000 -132.58506    101.960      3.358      3.327    13.0756    15.5588  1011.3880    11.3727    13.0752    101.011    47.8271     1.4061      8.472     6.7490     9.6449    298.020    301.409  0.000e+00
   56.43000 -132.58506    102.024      3.398      3.367    13.0955    15.2290  1011.1311    11.1155    13.0952    101.000    47.7712     1.4061      8.472     6.7592     9.6596    298.549    301.868  0.000e+00
   56.43000 -132.58506    101.984      3.358      3.327    13.1516    15.4224  1011.2707    11.2553    13.1512    100.985    47.7152     1.4061      8.472     6.7420     9.6349    297.744    301.096  0.000e+00
   56.43000 -132.58506    101.960      3.334      3.303    13.1293    15.7959  1011.5616    11.5464    13.1289    100.982    47.7432     1.4061      8.472     6.7293     9.6169    297.100    300.531  0.000e+00
   56.43000 -132.58506    102.024      3.398      3.367    13.0665    16.2090  1011.8902    11.8747    13.0662    100.984    47.7432     1.4061      8.473     6.7212     9.6052    296.645    300.168  0.000e+00
   56.43000 -132.58506    101.984      3.358      3.327    12.9770    16.6884  1012.2738    12.2585    12.9766    100.987    47.7152     1.4061      8.473     6.7142     9.5953    296.226    299.857  0.000e+00
   56.43000 -132.58506    101.960      3.334      3.303    12.8561    17.0549  1012.5758    12.5606    12.8557    101.047    47.7432     1.4061      8.474     6.7204     9.6041    296.408    300.131  0.000e+00
   56.43000 -132.58506    101.984      3.358      3.327    12.7760    17.3419  1012.8101    12.7947    12.7757    101.059    47.7432     1.4061      8.474     6.7207     9.6046    296.356    300.147  0.000e+00
   56.43000 -132.58506    102.024      3.398      3.367    12.8619    17.5514  1012.9576    12.9421    12.8615    101.051    47.7432     1.4061      8.474     6.6990     9.5735    295.355    299.177  0.000e+00
   56.43000 -132.58506    101.984      3.358      3.327    12.9454    17.6540  1013.0227    13.0074    12.9450    101.042    47.7432     1.4061      8.473     6.6821     9.5494    294.592    298.424  0.000e+00
   56.43000 -132.58506    101.960      3.334      3.303    12.9028    17.6580  1013.0327    13.0175    12.9025    101.104    47.7432     1.4061      8.473     6.6922     9.5638    295.032    298.872  0.000e+00
   56.43000 -132.58506    101.960      3.334      3.303    12.8977    17.5030  1012.9142    12.8989    12.8973    101.114    47.7432     1.4061      8.473     6.7000     9.5750    295.411    299.222  0.000e+00
   56.43000 -132.58506    101.984      3.358      3.327    12.9326    17.2593  1012.7208    12.7055    12.9322    101.065    47.7432     1.4061      8.473     6.7019     9.5777    295.552    299.308  0.000e+00
   56.43000 -132.58506    102.024      3.398      3.367    12.9880    16.9295  1012.4578    12.4423    12.9877    101.059    47.7432     1.4061      8.473     6.7073     9.5855    295.868    299.550  0.000e+00
   56.43000 -132.58506    101.904      3.301      3.271    13.0525    16.5291  1012.1386    12.1235    13.0521    101.055    47.7432     1.4061      8.473     6.7145     9.5958    296.280    299.872  0.000e+00
   56.43000 -132.58506    102.024      3.398      3.367    13.0864    16.1976  1011.8782    11.8626    13.0861    101.057    47.7432     1.4061      8.472     6.7236     9.6088    296.757    300.278  0.000e+00
   56.43000 -132.58506    102.048      3.423      3.391    13.0699    16.0042  1011.7322    11.7165    13.0695    101.116    47.7432     1.4061      8.472     6.7381     9.6294    297.439    300.924  0.000e+00
   56.43000 -132.58506    101.904      3.277      3.247    13.0644    15.9767  1011.7112    11.6962    13.0640    101.123    47.7712     1.4061      8.473     6.7405     9.6329    297.551    301.031  0.000e+00
   56.43000 -132.58506    101.960      3.334      3.303    13.0528    16.1854  1011.8740    11.8587    13.0525    101.187    48.2466     1.4061      8.473     6.7377     9.6288    297.378    300.904  0.000e+00
   56.43000 -132.58506    101.960      3.358      3.327    13.0145    16.5157  1012.1347    12.1193    13.0142    101.257    48.4704     1.2888      8.473     6.7340     9.6236    297.140    300.741  0.000e+00
   56.43000 -132.58506    101.960      3.334      3.303    12.9628    16.8041  1012.3652    12.3499    12.9625    101.332    48.5263     1.2888      8.473     6.7344     9.6241    297.089    300.758  0.000e+00
   56.43000 -132.58506    101.984      3.358      3.327    12.9013    16.9766  1012.5082    12.4928    12.9010    101.359    48.4984     1.2595      8.473     6.7378     9.6290    297.198    300.911  0.000e+00
   56.43000 -132.58506    101.936      3.334      3.303    12.8287    17.0478  1012.5747    12.5595    12.8283    101.444    48.4704     1.2888      8.474     6.7511     9.6480    297.763    301.503  0.000e+00
   56.43000 -132.58506    101.984      3.358      3.327    12.8412    17.0718  1012.5913    12.5760    12.8408    101.472    48.4704     1.2888      8.474     6.7501     9.6465    297.714    301.458  0.000e+00
   56.43000 -132.58506    101.960      3.334      3.303    12.8712    17.1182  1012.6220    12.6068    12.8709    101.550    48.4704     1.2888      8.474     6.7490     9.6449    297.656    301.408  0.000e+00
   56.43000 -132.58506    101.960      3.334      3.303    12.9040    17.1776  1012.6624    12.6472    12.9036    101.627    48.4704     1.2888      8.473     6.7468     9.6419    297.550    301.313  0.000e+00
   56.43000 -132.58506    101.984      3.358      3.327    12.9280    17.2791  1012.7368    12.7214    12.9276    101.709    48.4704     1.2888      8.473     6.7445     9.6385    297.425    301.208  0.000e+00
   56.43000 -132.58506    101.960      3.334      3.303    12.9198    17.3962  1012.8283    12.8130    12.9194    101.797    48.4704     1.2888      8.473     6.7465     9.6415    297.489    301.300  0.000e+00
   56.43000 -132.58506    101.984      3.358      3.327    12.8967    17.4764  1012.8940    12.8786    12.8963    101.835    48.4704     1.2888      8.478     6.7491     9.6451    297.581    301.414  0.000e+00
   56.43000 -132.58506    101.960      3.334      3.303    12.8624    17.5154  1012.9295    12.9142    12.8621    101.873    48.4704     1.2888      8.474     6.7549     9.6534    297.827    301.673  0.000e+00
   56.43000 -132.58506    101.928      3.301      3.271    12.8331    17.4764  1012.9041    12.8890    12.8327    101.962    48.4704     1.2888      8.474     6.7667     9.6703    298.357    302.202  0.000e+00
   56.43000 -132.58506    102.000      3.398      3.367    12.8684    17.2903  1012.7554    12.7399    12.8680    101.989    48.4704     1.2888      8.478     6.7713     9.6768    298.601    302.405  0.000e+00
   56.43000 -132.58506    101.960      3.334      3.303    12.9393    17.0079  1012.5260    12.5107    12.9389    102.008    48.4704     1.2888      8.473     6.7741     9.6809    298.794    302.532  0.000e+00
   56.43000 -132.58506    101.928      3.301      3.271    13.0042    16.7323  1012.3029    12.2878    13.0039    102.080    48.4704     1.2888      8.478     6.7811     9.6909    299.167    302.843  0.000e+00
   56.43000 -132.58506    102.024      3.398      3.367    13.0436    16.5088  1012.1248    12.1093    13.0432    102.159    48.4704     1.2888      8.473     6.7900     9.7036    299.615    303.243  0.000e+00
   56.43000 -132.58506    101.928      3.302      3.271    13.0512    16.3539  1012.0039    11.9888    13.0508    102.187    48.4704     1.2888      8.473     6.7973     9.7141    299.973    303.569  0.000e+00
   56.43000 -132.58506    101.960      3.334      3.303    13.0106    16.2811  1011.9546    11.9393    13.0102    102.219    48.4704     1.2888      8.473     6.8085     9.7301    300.482    304.070  0.000e+00
   56.43000 -132.58506    101.984      3.358      3.327    12.9808    16.2220  1011.9140    11.8987    12.9805    102.248    48.4704     1.2888      8.473     6.8173     9.7427    300.882    304.462  0.000e+00
   56.43000 -132.58506    101.904      3.277      3.247    12.9749    16.1021  1011.8223    11.8073    12.9745    102.325    48.6382     1.2888      8.478     6.8284     9.7585    301.399    304.957  0.000e+00
   56.43000 -132.58506    101.960      3.334      3.303    13.0151    15.9040  1011.6635    11.6483    13.0147    102.345    48.7781     1.1716      8.473     6.8323     9.7640    301.617    305.130  0.000e+00
   56.43000 -132.58506    101.984      3.358      3.327    13.0432    15.6651  1011.4751    11.4597    13.0428    102.413    48.8060     1.0544      8.473     6.8429     9.7791    302.140    305.602  0.000e+00
   56.43000 -132.58506    101.904      3.277      3.247    13.1051    15.3630  1011.2321    11.2171    13.1047    102.476    48.7781     1.0544      8.477     6.8509     9.7906    302.567    305.961  0.000e+00
   56.43000 -132.58506    101.864      3.237      3.207    13.1803    14.9926  1010.9347    10.9199    13.1799    102.491    48.7781     1.0544      8.477     6.8566     9.7987    302.907    306.215  0.000e+00
   56.43000 -132.58506    102.024      3.398      3.367    13.2544    14.5762  1010.6030    10.5874    13.2540    102.505    48.7781     1.0544      8.476     6.8644     9.8099    303.351    306.563  0.000e+00
   56.43000 -132.58506    102.048      3.423      3.391    13.2821    14.2717  1010.3644    10.3487    13.2817    102.520    48.7781     1.0544      8.476     6.8743     9.8240    303.861    307.006  0.000e+00
   56.43000 -132.58506    102.024      3.398      3.367    13.2515    14.2732  1010.3704    10.3548    13.2511    102.598    48.7781     1.0544      8.476     6.8840     9.8379    304.287    307.438  0.000e+00
   56.43000 -132.58506    102.024      3.398      3.367    13.2284    14.4509  1010.5108    10.4952    13.2280    102.622    48.7781     1.0544      8.476     6.8814     9.8342    304.132    307.324  0.000e+00
   56.43000 -132.58506    101.984      3.358      3.327    13.2197    14.5227  1010.5673    10.5519    13.2194    102.641    48.7781     1.0544      8.476     6.8809     9.8335    304.092    307.300  0.000e+00
   56.43000 -132.58506    101.936      3.334      3.303    13.2357    14.4414  1010.5020    10.4868    13.2353    102.649    48.7781     1.0544      8.476     6.8825     9.8358    304.184    307.374  0.000e+00
   56.43000 -132.58506    102.048      3.423      3.391    13.2519    14.3462  1010.4266    10.4109    13.2515    102.709    48.7781     1.0544      8.476     6.8883     9.8440    304.460    307.630  0.000e+00
   56.43000 -132.58506    102.120      3.520      3.487    13.2720    14.3137  1010.3988    10.3827    13.2716    102.716    48.7781     1.0544      8.471     6.8871     9.8424    304.419    307.580  0.000e+00
   56.43000 -132.58506    102.104      3.479      3.447    13.2892    14.2825  1010.3718    10.3558    13.2888    102.664    48.7781     1.0544      8.471     6.8825     9.8357    304.220    307.370  0.000e+00
   56.43000 -132.58506    102.200      3.576      3.543    13.3235    14.1660  1010.2771    10.2607    13.3231    102.658    48.7781     1.0544      8.471     6.8819     9.8350    304.226    307.347  0.000e+00
   56.43000 -132.58506    102.120      3.520      3.487    13.3511    14.0457  1010.1798    10.1636    13.3507    102.648    48.7781     1.0544      8.471     6.8823     9.8355    304.271    307.363  0.000e+00
   56.43000 -132.58506    102.080      3.479      3.447    13.3685    13.9753  1010.1226    10.1067    13.3681    102.635    48.7781     1.0544      8.471     6.8819     9.8349    304.271    307.346  0.000e+00
   56.43000 -132.58506    102.056      3.455      3.423    13.3735    13.9793  1010.1248    10.1090    13.3731    102.626    48.7781     1.0544      8.471     6.8804     9.8328    304.203    307.278  0.000e+00
   56.43000 -132.58506    102.104      3.479      3.447    13.3743    14.0607  1010.1874    10.1714    13.3739    102.615    48.7781     1.0544      8.466     6.8761     9.8266    303.993    307.085  0.000e+00
   56.43000 -132.58506    102.120      3.520      3.487    13.3495    14.2298  1010.3217    10.3055    13.3491    102.605    48.7781     1.0544      8.466     6.8718     9.8205    303.764    306.895  0.000e+00
   56.43000 -132.58506    102.200      3.576      3.543    13.3267    14.4509  1010.4957    10.4793    13.3263    102.591    48.8899     1.0544      8.466     6.8648     9.8105    303.402    306.582  0.000e+00
   56.43000 -132.58506    102.136      3.536      3.503    13.3228    14.6408  1010.6422    10.6260    13.3224    102.575    49.0018     1.1716      8.466     6.8562     9.7982    302.979    306.199  0.000e+00
   56.43000 -132.58506    102.120      3.520      3.487    13.3275    14.7471  1010.7231    10.7070    13.3271    102.556    49.0577     1.2888      8.466     6.8497     9.7889    302.668    305.909  0.000e+00
   56.43000 -132.58506    102.080      3.479      3.447    13.3300    14.7929  1010.7578    10.7418    13.3296    102.529    49.0298     1.3475      8.466     6.8456     9.7831    302.476    305.725  0.000e+00
   56.43000 -132.58506    102.176      3.576      3.543    13.3442    14.7889  1010.7528    10.7364    13.3438    102.445    49.0298     1.3475      8.466     6.8381     9.7723    302.145    305.389  0.000e+00
   56.43000 -132.58506    102.200      3.600      3.567    13.3582    14.7638  1010.7313    10.7148    13.3578    102.462    49.0298     1.3475      8.466     6.8382     9.7724    302.156    305.393  0.000e+00
   56.43000 -132.58506    102.232      3.633      3.600    13.3659    14.7506  1010.7201    10.7034    13.3655    102.480    49.0298     1.3475      8.466     6.8389     9.7734    302.189    305.423  0.000e+00
   56.43000 -132.58506    102.232      3.633      3.600    13.3688    14.7510  1010.7199    10.7032    13.3684    102.451    49.0298     1.3475      8.466     6.8365     9.7700    302.083    305.316  0.000e+00
   56.43000 -132.58506    102.312      3.713      3.680    13.3725    14.7477  1010.7171    10.7001    13.3720    102.474    49.0298     1.3475      8.466     6.8376     9.7716    302.134    305.366  0.000e+00
   56.43000 -132.58506    102.352      3.754      3.720    13.3735    14.7449  1010.7150    10.6978    13.3731    102.448    49.0298     1.3475      8.466     6.8359     9.7691    302.058    305.289  0.000e+00
   56.43000 -132.58506    102.312      3.714      3.680    13.3695    14.7576  1010.7253    10.7083    13.3691    102.478    49.0298     1.3475      8.466     6.8379     9.7720    302.145    305.380  0.000e+00
   56.43000 -132.58506    102.408      3.810      3.776    13.3582    14.8021  1010.7617    10.7443    13.3578    102.463    49.0298     1.3475      8.466     6.8366     9.7702    302.078    305.324  0.000e+00
   56.43000 -132.58506    102.256      3.657      3.624    13.3442    14.8582  1010.8065    10.7897    13.3438    102.442    49.0298     1.3475      8.466     6.8349     9.7677    301.988    305.246  0.000e+00
   56.43000 -132.58506    102.408      3.810      3.776    13.3287    14.9626  1010.8900    10.8726    13.3283    102.426    49.0298     1.3475      8.466     6.8317     9.7632    301.823    305.105  0.000e+00
   56.43000 -132.58506    102.408      3.810      3.776    13.3148    15.1553  1011.0405    11.0231    13.3144    102.461    49.0298     1.3475      8.467     6.8279     9.7577    301.607    304.932  0.000e+00
