EcoFOCI/data/1_SampleCollection/2022_GOA-OA_CruiseData/CTD_raw_BottleFile_RC0083/RC0083_008.ros
* Sea-Bird SBE 9 Data File:
* FileName = C:\Data\RC0083ctd\RC0083_008.hex
* Software Version Seasave V 7.26.7.107
* Temperature SN = 2060
* Conductivity SN = 1084
* Number of Bytes Per Scan = 31
* Number of Voltage Words = 4
* Number of Scans Averaged by the Deck Unit = 1
* NMEA Latitude = 54 34.38 N
* NMEA Longitude = 134 44.60 W
* NMEA UTC (Time) = Aug 12 2022  15:42:24
* NMEA baud rate = 4800
** Ship: R/V Rachel Carson
** Cruise ID: RC0083 RC0083
** Tech: McHugh/Nomura
** Chief Scientist: Cross Cross
** Station: DE8
** Cast:  008
# nquan = 21
# nvalues = 490                                   
# units = specified
# name 0 = latitude: Latitude [deg]
# name 1 = longitude: Longitude [deg]
# name 2 = sfdSM: Seafloor depth [salt water, m]
# name 3 = prDM: Pressure, Digiquartz [db]
# name 4 = depSM: Depth [salt water, m]
# name 5 = t090C: Temperature [ITS-90, deg C]
# name 6 = sal00: Salinity, Practical [PSU]
# name 7 = density00: Density [density, kg/m^3]
# name 8 = sigma-é00: Density [sigma-theta, kg/m^3]
# name 9 = potemp090C: Potential Temperature [ITS-90, deg C]
# name 10 = sbeox0PS: Oxygen, SBE 43 [% saturation]
# name 11 = CStarTr0: Beam Transmission, WET Labs C-Star [%]
# name 12 = flECO-AFL: Fluorescence, WET Labs ECO-AFL/FL [mg/m^3]
# name 13 = ph: pH
# name 14 = sbeox0ML/L: Oxygen, SBE 43 [ml/l]
# name 15 = sbeox0Mg/L: Oxygen, SBE 43 [mg/l]
# name 16 = sbox0Mm/Kg: Oxygen, SBE 43 [umol/kg]
# name 17 = sbeox0Mm/L: Oxygen, SBE 43 [umol/l]
# name 18 = scan: Scan Count
# name 19 = nbf: Bottles Fired
# name 20 = flag:  0.000e+00
# interval = seconds: 0.0416667
# start_time = Aug 12 2022 15:42:24 [NMEA time, header]
# bad_flag = -9.990e-29
*END*
[from data line 345]
   54.57312 -134.74782    122.843     24.431     24.211    14.9044    32.0631  1023.8381    23.7300    14.9008    102.228    97.6678     2.7834      8.309     5.9368     8.4843    258.991    265.137      46095          8  0.000e+00
   54.57312 -134.74782    122.843     24.431     24.211    14.9067    32.0630  1023.8375    23.7294    14.9031    102.177    97.6399     2.7541      8.309     5.9335     8.4796    258.848    264.990      46096          8  0.000e+00
   54.57312 -134.74782    122.899     24.488     24.267    14.9075    32.0628  1023.8375    23.7291    14.9040    102.179    97.5839     2.7541      8.309     5.9335     8.4796    258.850    264.992      46097          8  0.000e+00
   54.57312 -134.74782    122.899     24.488     24.267    14.9077    32.0628  1023.8374    23.7291    14.9042    102.176    97.5560     2.7541      8.309     5.9334     8.4794    258.842    264.984      46098          8  0.000e+00
   54.57312 -134.74782    122.779     24.367     24.147    14.9082    32.0626  1023.8366    23.7288    14.9047    102.172    97.5839     2.7541      8.309     5.9331     8.4789    258.829    264.971      46099          8  0.000e+00
   54.57312 -134.74782    122.843     24.431     24.211    14.9081    32.0628  1023.8371    23.7290    14.9045    102.171    97.5839     2.7541      8.309     5.9330     8.4789    258.826    264.968      46100          8  0.000e+00
   54.57312 -134.74782    122.843     24.431     24.211    14.9075    32.0628  1023.8372    23.7291    14.9040    102.169    97.5839     2.7541      8.309     5.9330     8.4788    258.825    264.967      46101          8  0.000e+00
   54.57312 -134.74782    122.779     24.367     24.147    14.9074    32.0626  1023.8368    23.7290    14.9039    102.167    97.5839     2.6954      8.309     5.9329     8.4787    258.821    264.962      46102          8  0.000e+00
   54.57312 -134.74782    122.779     24.367     24.147    14.9070    32.0626  1023.8369    23.7291    14.9035    102.166    97.5839     2.6661      8.304     5.9329     8.4787    258.820    264.962      46103          8  0.000e+00
   54.57312 -134.74782    122.779     24.367     24.147    14.9075    32.0626  1023.8368    23.7290    14.9040    102.166    97.5839     2.6661      8.309     5.9328     8.4785    258.817    264.958      46104          8  0.000e+00
   54.57312 -134.74782    122.779     24.367     24.147    14.9075    32.0629  1023.8370    23.7292    14.9040    102.166    97.5839     2.6661      8.309     5.9328     8.4785    258.816    264.958      46105          8  0.000e+00
   54.57312 -134.74782    122.779     24.367     24.147    14.9075    32.0624  1023.8366    23.7288    14.9040    102.113    97.5839     2.6661      8.309     5.9297     8.4742    258.684    264.823      46106          8  0.000e+00
   54.57312 -134.74782    122.779     24.367     24.147    14.9079    32.0626  1023.8367    23.7289    14.9044    102.162    97.5839     2.6661      8.304     5.9325     8.4782    258.806    264.947      46107          8  0.000e+00
   54.57312 -134.74782    122.779     24.367     24.147    14.9077    32.0631  1023.8371    23.7293    14.9042    102.164    97.5560     2.6661      8.309     5.9326     8.4783    258.809    264.951      46108          8  0.000e+00
   54.57312 -134.74782    122.723     24.310     24.091    14.9082    32.0626  1023.8364    23.7288    14.9047    102.112    97.5839     2.6661      8.309     5.9296     8.4740    258.677    264.815      46109          8  0.000e+00
   54.57312 -134.74782    122.779     24.367     24.147    14.9086    32.0624  1023.8364    23.7286    14.9050    102.163    97.5839     2.6661      8.309     5.9325     8.4782    258.805    264.946      46110          8  0.000e+00
   54.57312 -134.74782    122.779     24.367     24.147    14.9091    32.0626  1023.8364    23.7286    14.9056    102.113    97.5839     2.6661      8.309     5.9295     8.4739    258.675    264.813      46111          8  0.000e+00
   54.57312 -134.74782    122.779     24.367     24.147    14.9094    32.0623  1023.8362    23.7283    14.9059    102.111    97.5839     2.6661      8.304     5.9294     8.4737    258.670    264.808      46112          8  0.000e+00
   54.57312 -134.74782    122.755     24.367     24.147    14.9081    32.0625  1023.8366    23.7288    14.9045    102.164    97.5839     2.6661      8.304     5.9326     8.4783    258.809    264.950      46113          8  0.000e+00
   54.57312 -134.74782    122.779     24.367     24.147    14.9070    32.0623  1023.8367    23.7289    14.9035    102.168    97.5839     2.6661      8.309     5.9330     8.4789    258.826    264.968      46114          8  0.000e+00
   54.57312 -134.74782    122.779     24.367     24.147    14.9059    32.0625  1023.8371    23.7293    14.9023    102.173    97.5839     2.6661      8.309     5.9334     8.4795    258.844    264.987      46115          8  0.000e+00
   54.57312 -134.74782    122.779     24.367     24.147    14.9052    32.0624  1023.8371    23.7293    14.9016    102.173    97.5560     2.6661      8.304     5.9335     8.4796    258.849    264.991      46116          8  0.000e+00
   54.57312 -134.74782    122.843     24.432     24.211    14.9045    32.0625  1023.8376    23.7295    14.9009    102.180    97.5280     2.6661      8.309     5.9340     8.4803    258.869    265.012      46117          8  0.000e+00
   54.57312 -134.74782    122.699     24.310     24.091    14.9044    32.0624  1023.8371    23.7295    14.9008    102.185    97.5000     2.6661      8.309     5.9343     8.4807    258.881    265.024      46118          8  0.000e+00
   54.57312 -134.74782    122.899     24.488     24.267    14.9047    32.0626  1023.8379    23.7295    14.9011    102.193    97.5000     2.6661      8.309     5.9347     8.4813    258.901    265.045      46119          8  0.000e+00
   54.57312 -134.74782    122.899     24.488     24.267    14.9049    32.0628  1023.8380    23.7297    14.9013    102.195    97.5000     2.6661      8.309     5.9348     8.4814    258.904    265.048      46120          8  0.000e+00
   54.57312 -134.74782    122.843     24.432     24.211    14.9052    32.0625  1023.8375    23.7294    14.9016    102.196    97.5000     2.6661      8.309     5.9348     8.4815    258.906    265.050      46121          8  0.000e+00
   54.57312 -134.74782    122.899     24.488     24.267    14.9055    32.0631  1023.8382    23.7298    14.9019    102.204    97.5000     2.7541      8.309     5.9352     8.4821    258.924    265.068      46122          8  0.000e+00
   54.57312 -134.74782    122.963     24.553     24.331    14.9069    32.0625  1023.8377    23.7291    14.9033    102.208    97.5280     2.7834      8.309     5.9353     8.4821    258.926    265.070      46123          8  0.000e+00
   54.57312 -134.74782    122.963     24.553     24.331    14.9075    32.0622  1023.8373    23.7287    14.9040    102.210    97.5000     2.8127      8.309     5.9354     8.4823    258.930    265.074      46124          8  0.000e+00
   54.57312 -134.74782    122.939     24.529     24.307    14.9069    32.0625  1023.8376    23.7290    14.9033    102.266    97.5280     2.8127      8.309     5.9387     8.4870    259.074    265.221      46125          8  0.000e+00
   54.57312 -134.74782    123.019     24.609     24.387    14.9065    32.0624  1023.8379    23.7290    14.9029    102.275    97.5280     2.8420      8.304     5.9392     8.4878    259.099    265.247      46126          8  0.000e+00
   54.57312 -134.74782    123.019     24.609     24.387    14.9062    32.0624  1023.8380    23.7291    14.9026    102.283    97.5280     2.8127      8.309     5.9398     8.4885    259.121    265.269      46127          8  0.000e+00
   54.57312 -134.74782    123.019     24.609     24.387    14.9060    32.0621  1023.8378    23.7289    14.9024    102.291    97.5280     2.8127      8.309     5.9403     8.4892    259.142    265.292      46128          8  0.000e+00
   54.57312 -134.74782    123.076     24.666     24.443    14.9050    32.0623  1023.8385    23.7293    14.9014    102.300    97.5280     2.8127      8.309     5.9409     8.4901    259.169    265.319      46129          8  0.000e+00
   54.57312 -134.74782    123.140     24.731     24.507    14.9037    32.0628  1023.8394    23.7300    14.9001    102.308    97.5000     2.8127      8.304     5.9415     8.4910    259.198    265.348      46130          8  0.000e+00
   54.57312 -134.74782    123.140     24.731     24.507    14.9028    32.0628  1023.8396    23.7302    14.8992    102.316    97.5000     2.8127      8.309     5.9421     8.4918    259.222    265.374      46131          8  0.000e+00
   54.57312 -134.74782    123.196     24.787     24.563    14.9022    32.0629  1023.8400    23.7303    14.8986    102.325    97.5000     2.8127      8.309     5.9427     8.4927    259.248    265.400      46132          8  0.000e+00
   54.57312 -134.74782    123.196     24.787     24.563    14.9016    32.0633  1023.8405    23.7308    14.8980    102.386    97.5000     2.8127      8.309     5.9463     8.4978    259.404    265.560      46133          8  0.000e+00
   54.57312 -134.74782    123.260     24.852     24.627    14.9015    32.0627  1023.8404    23.7304    14.8978    102.347    97.5000     2.8127      8.309     5.9440     8.4946    259.306    265.460      46134          8  0.000e+00
   54.57312 -134.74782    123.260     24.852     24.627    14.9010    32.0629  1023.8406    23.7306    14.8973    102.407    97.5000     2.8127      8.309     5.9476     8.4997    259.462    265.620      46135          8  0.000e+00
   54.57312 -134.74782    123.316     24.908     24.683    14.9006    32.0629  1023.8409    23.7307    14.8970    102.421    97.5000     2.8127      8.309     5.9484     8.5009    259.498    265.656      46136          8  0.000e+00
   54.57312 -134.74782    123.372     24.965     24.739    14.9005    32.0628  1023.8411    23.7306    14.8968    102.429    97.5560     2.8127      8.309     5.9489     8.5016    259.519    265.678      46137          8  0.000e+00
   54.57312 -134.74782    123.372     24.965     24.739    14.8998    32.0632  1023.8416    23.7311    14.8961    102.441    97.5560     2.8127      8.309     5.9497     8.5027    259.552    265.712      46138          8  0.000e+00
   54.57312 -134.74782    123.436     25.030     24.803    14.8988    32.0634  1023.8422    23.7315    14.8952    102.506    97.5560     2.8127      8.304     5.9536     8.5082    259.723    265.886      46139          8  0.000e+00
   54.57312 -134.74782    123.436     25.030     24.803    14.8989    32.0629  1023.8418    23.7310    14.8952    102.517    97.5560     2.8127      8.304     5.9542     8.5092    259.752    265.916      46140          8  0.000e+00
   54.57312 -134.74782    123.492     25.086     24.859    14.8988    32.0631  1023.8423    23.7312    14.8952    102.529    97.5560     2.8127      8.309     5.9549     8.5101    259.780    265.945      46141          8  0.000e+00
   54.57318 -134.74804    109.227     10.690     10.594    14.9866    32.0553  1023.7533    23.7060    14.9850    102.766    96.6610     2.2852      8.309     5.9585     8.5152    259.942    266.105      48417          9  0.000e+00
   54.57318 -134.74804    109.195     10.658     10.562    14.9863    32.0556  1023.7534    23.7063    14.9847    102.750    96.6610     2.2852      8.309     5.9576     8.5139    259.903    266.064      48418          9  0.000e+00
   54.57318 -134.74804    109.467     10.933     10.834    14.9863    32.0546  1023.7539    23.7056    14.9846    102.743    96.6610     2.2852      8.309     5.9572     8.5134    259.887    266.048      48419          9  0.000e+00
   54.57318 -134.74804    109.347     10.812     10.714    14.9862    32.0549  1023.7536    23.7058    14.9846    102.731    96.6330     2.2852      8.309     5.9565     8.5124    259.857    266.017      48420          9  0.000e+00
   54.57318 -134.74804    109.315     10.779     10.682    14.9861    32.0554  1023.7539    23.7062    14.9845    102.668    96.6889     2.2852      8.309     5.9528     8.5072    259.697    265.854      48421          9  0.000e+00
   54.57318 -134.74804    109.291     10.755     10.658    14.9861    32.0555  1023.7538    23.7062    14.9845    102.653    96.7169     2.2852      8.309     5.9520     8.5060    259.660    265.815      48422          9  0.000e+00
   54.57318 -134.74804    109.291     10.755     10.658    14.9861    32.0552  1023.7537    23.7061    14.9845    102.639    96.7169     2.2852      8.309     5.9512     8.5048    259.624    265.779      48423          9  0.000e+00
   54.57318 -134.74804    109.315     10.779     10.682    14.9859    32.0553  1023.7538    23.7061    14.9844    102.625    96.7169     2.2852      8.309     5.9504     8.5037    259.591    265.745      48424          9  0.000e+00
   54.57318 -134.74804    109.291     10.755     10.658    14.9859    32.0555  1023.7539    23.7063    14.9843    102.612    96.7169     2.2852      8.309     5.9496     8.5026    259.556    265.709      48425          9  0.000e+00
   54.57318 -134.74804    109.347     10.812     10.714    14.9861    32.0554  1023.7541    23.7062    14.9845    102.599    96.7169     2.2852      8.309     5.9489     8.5015    259.524    265.677      48426          9  0.000e+00
   54.57318 -134.74804    109.347     10.812     10.714    14.9859    32.0549  1023.7537    23.7058    14.9844    102.587    96.7169     2.2852      8.309     5.9482     8.5005    259.494    265.646      48427          9  0.000e+00
   54.57318 -134.74804    109.251     10.715     10.618    14.9859    32.0553  1023.7536    23.7062    14.9844    102.574    96.7169     2.2852      8.309     5.9474     8.4994    259.460    265.610      48428          9  0.000e+00
   54.57318 -134.74804    109.347     10.812     10.714    14.9859    32.0551  1023.7538    23.7060    14.9844    102.563    96.7169     2.2852      8.309     5.9468     8.4986    259.434    265.584      48429          9  0.000e+00
   54.57318 -134.74804    109.347     10.812     10.714    14.9857    32.0552  1023.7539    23.7061    14.9841    102.504    96.7169     2.2852      8.309     5.9434     8.4937    259.286    265.433      48430          9  0.000e+00
   54.57318 -134.74804    109.315     10.779     10.682    14.9859    32.0552  1023.7537    23.7060    14.9844    102.494    96.7169     2.2852      8.309     5.9428     8.4928    259.258    265.404      48431          9  0.000e+00
   54.57318 -134.74804    109.347     10.812     10.714    14.9856    32.0556  1023.7543    23.7064    14.9840    102.485    96.7169     2.2559      8.309     5.9423     8.4921    259.237    265.382      48432          9  0.000e+00
   54.57318 -134.74804    109.347     10.812     10.714    14.9857    32.0552  1023.7540    23.7061    14.9842    102.476    96.7169     2.2559      8.309     5.9418     8.4914    259.215    265.360      48433          9  0.000e+00
   54.57318 -134.74804    109.315     10.780     10.682    14.9863    32.0553  1023.7538    23.7061    14.9847    102.468    96.7169     2.2266      8.309     5.9412     8.4906    259.191    265.336      48434          9  0.000e+00
   54.57318 -134.74804    109.347     10.812     10.715    14.9861    32.0551  1023.7538    23.7059    14.9845    102.514    96.7169     2.2266      8.309     5.9440     8.4945    259.310    265.457      48435          9  0.000e+00
   54.57318 -134.74804    109.347     10.812     10.715    14.9863    32.0551  1023.7538    23.7059    14.9847    102.460    96.7169     2.2266      8.309     5.9408     8.4900    259.172    265.316      48436          9  0.000e+00
   54.57318 -134.74804    109.371     10.836     10.739    14.9863    32.0553  1023.7540    23.7061    14.9847    102.455    96.7169     2.2559      8.309     5.9405     8.4896    259.159    265.303      48437          9  0.000e+00
