EcoFOCI/data/1_SampleCollection/2022_GOA-OA_CruiseData/CTD_raw_BottleFile_RC0083/RC0083_064.cnv
* Sea-Bird SBE 9 Data File:
* FileName = C:\Data\RC0083ctd\RC0083_064.hex
* Software Version Seasave V 7.26.7.107
* Temperature SN = 2060
* Conductivity SN = 1084
* Number of Bytes Per Scan = 31
* Number of Voltage Words = 4
* Number of Scans Averaged by the Deck Unit = 1
* NMEA Latitude = 58 47.37 N
* NMEA Longitude = 136 06.63 W
* NMEA UTC (Time) = Aug 20 2022  15:57:05
* NMEA baud rate = 4800
** Ship: R/V Rachel Carson
** Cruise ID: RC0083
** Tech: McHugh/Nomura
** Chief Scientist: Cross
** Station: GB14
** Cast:  CTD064
# nquan = 19
# nvalues = 7300                                  
# units = specified
# name 0 = latitude: Latitude [deg]
# name 1 = longitude: Longitude [deg]
# name 2 = sfdSM: Seafloor depth [salt water, m]
# name 3 = prDM: Pressure, Digiquartz [db]
# name 4 = depSM: Depth [salt water, m]
# name 5 = t090C: Temperature [ITS-90, deg C]
# name 6 = sal00: Salinity, Practical [PSU]
# name 7 = density00: Density [density, kg/m^3]
# name 8 = sigma-é00: Density [sigma-theta, kg/m^3]
# name 9 = potemp090C: Potential Temperature [ITS-90, deg C]
# name 10 = sbeox0PS: Oxygen, SBE 43 [% saturation]
# name 11 = CStarTr0: Beam Transmission, WET Labs C-Star [%]
# name 12 = flECO-AFL: Fluorescence, WET Labs ECO-AFL/FL [mg/m^3]
# name 13 = ph: pH
# name 14 = sbeox0ML/L: Oxygen, SBE 43 [ml/l]
# name 15 = sbeox0Mg/L: Oxygen, SBE 43 [mg/l]
# name 16 = sbox0Mm/Kg: Oxygen, SBE 43 [umol/kg]
# name 17 = sbeox0Mm/L: Oxygen, SBE 43 [umol/l]
# name 18 = flag:  0.000e+00
# span 0 =   58.78854,   58.78948                 
# span 1 = -136.11062, -136.11040                 
# span 2 =     20.282,     75.915                 
# span 3 =      2.066,     63.845                 
# span 4 =      2.047,     63.240                 
# span 5 =     6.8855,     8.3829                 
# span 6 =    17.2087,    30.4205                 
# span 7 =  1013.4020,  1024.1227                 
# span 8 =    13.3897,    23.8287                 
# span 9 =     6.8801,     8.3826                 
# span 10 =     68.383,     99.621                
# span 11 =    18.8512,    92.4097                
# span 12 =    -0.0005,     2.4903                
# span 13 =      7.953,      8.290                
# span 14 =     4.7305,     7.4411                
# span 15 =     6.7603,    10.6340                
# span 16 =    206.388,    327.928                
# span 17 =    211.263,    332.318                
# span 18 = 0.0000e+00, 0.0000e+00                
# interval = seconds: 0.0416667
# start_time = Aug 20 2022 15:57:05 [NMEA time, header]
# bad_flag = -9.990e-29
*END*
[from data line 7239]
   58.78856 -136.11062     73.094      3.234      3.204     7.7784    22.8695  1017.8071    17.7920     7.7782     87.287    32.5001     1.2302      8.156     6.2667     8.9557    274.977    279.870  0.000e+00
   58.78856 -136.11062     73.054      3.194      3.164     7.7760    22.8780  1017.8137    17.7989     7.7757     87.301    32.5001     1.2302      8.156     6.2677     8.9571    275.019    279.914  0.000e+00
   58.78856 -136.11062     72.362      3.234      3.204     7.7737    22.8609  1017.8008    17.7858     7.7735     87.364    32.5001     1.2302      8.156     6.2732     8.9651    275.266    280.162  0.000e+00
   58.78856 -136.11062     63.994      3.194      3.164     7.7732    22.8180  1017.7671    17.7523     7.7730     87.378    32.4721     1.2302      8.156     6.2761     8.9691    275.401    280.290  0.000e+00
   58.78856 -136.11062     59.639      3.234      3.204     7.7747    22.7682  1017.7282    17.7131     7.7745     87.441    32.5001     1.2009      8.156     6.2825     8.9783    275.691    280.574  0.000e+00
   58.78856 -136.11062     59.135      3.194      3.164     7.7768    22.7136  1017.6850    17.6701     7.7766     87.504    32.5001     1.2302      8.156     6.2889     8.9874    275.985    280.862  0.000e+00
   58.78856 -136.11062     59.461      3.178      3.148     7.7772    22.6702  1017.6509    17.6361     7.7770     87.520    32.5001     1.2302      8.156     6.2917     8.9915    276.119    280.988  0.000e+00
   58.78856 -136.11062     59.712      3.258      3.228     7.7768    22.6479  1017.6338    17.6186     7.7766     87.530    32.5001     1.2009      8.156     6.2934     8.9939    276.198    281.064  0.000e+00
   58.78856 -136.11062     59.632      3.178      3.148     7.7756    22.6376  1017.6255    17.6108     7.7754     87.586    32.4721     1.2595      8.156     6.2981     9.0006    276.406    281.273  0.000e+00
   58.78854 -136.11062     59.688      3.234      3.204     7.7770    22.6225  1017.6138    17.5988     7.7767     87.652    32.4721     1.2595      8.156     6.3032     9.0079    276.633    281.501  0.000e+00
   58.78854 -136.11062     59.648      3.194      3.164     7.7765    22.6017  1017.5974    17.5826     7.7762     87.723    32.4721     1.2888      8.156     6.3093     9.0166    276.904    281.773  0.000e+00
   58.78854 -136.11062     59.688      3.234      3.204     7.7784    22.5874  1017.5862    17.5711     7.7782     87.740    33.1714     1.2888      8.156     6.3108     9.0188    276.974    281.841  0.000e+00
   58.78854 -136.11062     59.648      3.194      3.164     7.7815    22.5983  1017.5941    17.5793     7.7812     87.804    34.4579     1.2888      8.156     6.3145     9.0241    277.135    282.006  0.000e+00
   58.78854 -136.11062     59.688      3.234      3.204     7.7834    22.6392  1017.6261    17.6111     7.7832     87.876    34.8495     1.2888      8.156     6.3177     9.0287    277.267    282.150  0.000e+00
   58.78854 -136.11062     59.712      3.258      3.228     7.7827    22.6895  1017.6657    17.6505     7.7824     87.948    34.7936     1.2888      8.156     6.3210     9.0333    277.398    282.294  0.000e+00
   58.78854 -136.11062     59.436      3.178      3.148     7.7820    22.7300  1017.6971    17.6824     7.7818     87.964    34.7656     1.2888      8.156     6.3205     9.0326    277.368    282.273  0.000e+00
   58.78854 -136.11062     37.929      3.258      3.228     7.7827    22.7540  1017.7162    17.7011     7.7824     88.028    34.7376     1.2888      8.156     6.3240     9.0377    277.518    282.431  0.000e+00
   58.78854 -136.11062     22.789      3.234      3.204     7.7797    22.7728  1017.7311    17.7161     7.7795     88.043    34.7376     1.2888      8.156     6.3248     9.0388    277.548    282.465  0.000e+00
   58.78854 -136.11062     20.282      3.194      3.164     7.7746    22.7868  1017.7425    17.7277     7.7744     88.107    34.7376     1.2302      8.156     6.3295     9.0455    277.751    282.675  0.000e+00
   58.78854 -136.11062     21.250      3.234      3.204     7.7709    22.7869  1017.7432    17.7282     7.7707     88.114    34.7376     1.2888      8.156     6.3306     9.0471    277.800    282.725  0.000e+00
   58.78854 -136.11062     21.821      3.194      3.164     7.7692    22.7785  1017.7367    17.7218     7.7689     88.175    34.7376     1.2595      8.156     6.3356     9.0542    278.020    282.947  0.000e+00
   58.78854 -136.11062     21.959      3.234      3.204     7.7732    22.7665  1017.7270    17.7119     7.7730     88.235    34.7656     1.2888      8.156     6.3398     9.0601    278.206    283.133  0.000e+00
   58.78854 -136.11062     21.909      3.258      3.228     7.7758    22.7587  1017.7207    17.7056     7.7756     88.246    34.7376     1.2888      8.156     6.3405     9.0612    278.239    283.165  0.000e+00
   58.78854 -136.11062     21.885      3.234      3.204     7.7789    22.7520  1017.7150    17.6999     7.7787     88.310    34.7376     1.2595      8.156     6.3449     9.0675    278.436    283.364  0.000e+00
   58.78854 -136.11062     21.845      3.194      3.164     7.7865    22.7454  1017.7087    17.6939     7.7863     88.373    34.7376     1.2888      8.156     6.3486     9.0727    278.597    283.526  0.000e+00
   58.78854 -136.11062     21.885      3.234      3.204     7.7911    22.7449  1017.7080    17.6929     7.7908     88.380    34.7376     1.2888      8.156     6.3485     9.0726    278.593    283.522  0.000e+00
   58.78854 -136.11062     21.909      3.258      3.228     7.7881    22.7595  1017.7199    17.7047     7.7879     88.389    34.7376     1.2888      8.156     6.3489     9.0732    278.610    283.542  0.000e+00
   58.78854 -136.11062     21.885      3.234      3.204     7.7828    22.7967  1017.7495    17.7344     7.7825     88.445    34.7376     1.2302      8.156     6.3522     9.0779    278.745    283.688  0.000e+00
   58.78854 -136.11062     21.909      3.258      3.228     7.7810    22.8224  1017.7700    17.7548     7.7808     88.444    34.7376     1.2595      8.156     6.3513     9.0767    278.701    283.650  0.000e+00
   58.78854 -136.11062     21.829      3.178      3.148     7.7810    22.8173  1017.7656    17.7508     7.7808     88.496    34.7376     1.2888      8.156     6.3552     9.0823    278.875    283.825  0.000e+00
   58.78854 -136.11062     21.909      3.258      3.228     7.7827    22.8027  1017.7543    17.7391     7.7825     88.500    34.7376     1.2888      8.156     6.3559     9.0832    278.908    283.855  0.000e+00
   58.78854 -136.11062     21.885      3.234      3.204     7.7822    22.8103  1017.7602    17.7452     7.7819     88.496    34.8215     1.2888      8.156     6.3554     9.0825    278.882    283.831  0.000e+00
   58.78854 -136.11062     49.162      3.258      3.228     7.7801    22.8384  1017.7826    17.7674     7.7798     88.547    35.1572     1.2888      8.156     6.3582     9.0865    279.000    283.957  0.000e+00
   58.78854 -136.11062     71.116      3.234      3.204     7.7789    22.8766  1017.8125    17.7974     7.7787     88.542    35.2970     1.2888      8.156     6.3564     9.0839    278.912    283.876  0.000e+00
   58.78854 -136.11062     75.243      3.258      3.228     7.7776    22.9134  1017.8416    17.8264     7.7773     88.584    35.2970     1.2888      8.156     6.3581     9.0863    278.979    283.952  0.000e+00
   58.78854 -136.11062     73.998      3.234      3.204     7.7782    22.9349  1017.8583    17.8432     7.7780     88.576    35.2690     1.2595      8.156     6.3565     9.0841    278.907    283.883  0.000e+00
   58.78854 -136.11062     73.118      3.234      3.204     7.7801    22.9379  1017.8604    17.8453     7.7799     88.615    35.2690     1.2888      8.156     6.3590     9.0876    279.012    283.991  0.000e+00
   58.78854 -136.11062     72.996      3.258      3.228     7.7813    22.9543  1017.8732    17.8580     7.7811     88.606    35.2690     1.2888      8.156     6.3575     9.0854    278.942    283.924  0.000e+00
   58.78854 -136.11062     73.021      3.234      3.204     7.7807    23.0124  1017.9186    17.9036     7.7804     88.652    35.2690     1.2888      8.156     6.3584     9.0868    278.971    283.965  0.000e+00
   58.78854 -136.11062     73.069      3.258      3.228     7.7796    23.0888  1017.9787    17.9636     7.7793     88.642    35.2690     1.2888      8.156     6.3547     9.0815    278.791    283.799  0.000e+00
   58.78854 -136.11062     73.070      3.234      3.204     7.7777    23.1381  1018.0174    18.0024     7.7775     88.686    35.2690     1.2888      8.156     6.3561     9.0834    278.842    283.861  0.000e+00
   58.78854 -136.11062     73.005      3.194      3.164     7.7773    23.1325  1018.0129    17.9980     7.7771     88.673    35.2690     1.2888      8.156     6.3555     9.0826    278.817    283.835  0.000e+00
   58.78854 -136.11062     73.101      3.291      3.260     7.7761    23.1151  1017.9999    17.9846     7.7759     88.662    35.2690     1.2888      8.156     6.3556     9.0827    278.825    283.839  0.000e+00
   58.78854 -136.11062     73.029      3.194      3.164     7.7754    23.0849  1017.9758    17.9610     7.7751     88.696    35.2690     1.2888      8.156     6.3594     9.0882    278.998    284.009  0.000e+00
   58.78854 -136.11062     73.101      3.291      3.260     7.7752    22.9966  1017.9072    17.8919     7.7749     88.684    35.2690     1.2888      8.156     6.3621     9.0921    279.139    284.133  0.000e+00
   58.78854 -136.11062     73.005      3.194      3.164     7.7853    22.8495  1017.7903    17.7755     7.7850     88.721    35.2690     1.2888      8.156     6.3694     9.1026    279.491    284.459  0.000e+00
   58.78854 -136.11062     73.069      3.234      3.204     7.7984    22.7331  1017.6979    17.6829     7.7981     88.703    35.2690     1.2888      8.156     6.3711     9.1049    279.588    284.532  0.000e+00
   58.78854 -136.11062     73.142      3.258      3.228     7.8057    22.6895  1017.6630    17.6478     7.8054     88.680    35.2690     1.2888      8.156     6.3701     9.1035    279.555    284.489  0.000e+00
   58.78854 -136.11062     73.143      3.234      3.204     7.8053    22.7027  1017.6733    17.6582     7.8050     88.657    35.2690     1.2888      8.156     6.3680     9.1005    279.459    284.394  0.000e+00
   58.78854 -136.11062     73.142      3.258      3.228     7.7968    22.7403  1017.7038    17.6886     7.7965     88.692    35.2690     1.2888      8.156     6.3702     9.1036    279.548    284.493  0.000e+00
   58.78854 -136.11062     73.118      3.234      3.204     7.7891    22.7434  1017.7071    17.6920     7.7889     88.726    35.2690     1.3182      8.156     6.3736     9.1085    279.698    284.646  0.000e+00
   58.78854 -136.11062     73.167      3.258      3.228     7.7874    22.7114  1017.6823    17.6672     7.7871     88.710    35.3250     1.3182      8.156     6.3741     9.1092    279.726    284.668  0.000e+00
   58.78854 -136.11062     73.118      3.234      3.204     7.7883    22.6795  1017.6571    17.6420     7.7881     88.741    35.8284     1.3182      8.156     6.3775     9.1141    279.883    284.820  0.000e+00
   58.78854 -136.11062     73.078      3.194      3.164     7.7911    22.6339  1017.6209    17.6060     7.7908     88.724    36.1081     1.2888      8.156     6.3777     9.1144    279.902    284.830  0.000e+00
   58.78854 -136.11062     73.118      3.234      3.204     7.7969    22.5936  1017.5889    17.5738     7.7967     88.761    36.1361     1.3182      8.156     6.3812     9.1194    280.064    284.986  0.000e+00
   58.78854 -136.11062     73.142      3.258      3.228     7.8018    22.5980  1017.5918    17.5766     7.8016     88.743    36.1081     1.3182      8.156     6.3790     9.1163    279.967    284.888  0.000e+00
   58.78854 -136.11062     73.118      3.234      3.204     7.8006    22.6355  1017.6212    17.6061     7.8004     88.719    36.0801     1.3182      8.156     6.3759     9.1118    279.822    284.748  0.000e+00
   58.78854 -136.11062     73.093      3.258      3.228     7.7938    22.6874  1017.6628    17.6476     7.7936     88.752    36.0801     1.2888      8.156     6.3771     9.1135    279.863    284.802  0.000e+00
   58.78854 -136.11062     73.094      3.234      3.204     7.7882    22.6756  1017.6540    17.6390     7.7880     88.735    36.0801     1.2888      8.156     6.3773     9.1138    279.872    284.809  0.000e+00
   58.78854 -136.11062     73.054      3.194      3.164     7.7890    22.5996  1017.5943    17.5795     7.7887     88.773    36.0801     1.3182      8.156     6.3830     9.1220    280.140    285.065  0.000e+00
   58.78854 -136.11062     73.094      3.234      3.204     7.7935    22.5121  1017.5254    17.5104     7.7933     88.810    36.0801     1.2888      8.156     6.3887     9.1301    280.408    285.318  0.000e+00
