EcoFOCI/data/1_SampleCollection/2022_GOA-OA_CruiseData/CTD_raw_BottleFile_RC0083/RC0083_071.cnv
* Sea-Bird SBE 9 Data File:
* FileName = C:\Data\RC0083ctd\RC0083_071.hex
* Software Version Seasave V 7.26.7.107
* Temperature SN = 2060
* Conductivity SN = 1084
* Number of Bytes Per Scan = 31
* Number of Voltage Words = 4
* Number of Scans Averaged by the Deck Unit = 1
* NMEA Latitude = 59 03.51 N
* NMEA Longitude = 136 16.99 W
* NMEA UTC (Time) = Aug 20 2022  21:29:06
* NMEA baud rate = 4800
** Ship: R/V Rachel Carson
** Cruise ID: RC0083
** Tech: McHugh/Nomura
** Chief Scientist: Cross
** Station: GB22
** Cast:  CTD071
# nquan = 19
# nvalues = 15744                                 
# units = specified
# name 0 = latitude: Latitude [deg]
# name 1 = longitude: Longitude [deg]
# name 2 = sfdSM: Seafloor depth [salt water, m]
# name 3 = prDM: Pressure, Digiquartz [db]
# name 4 = depSM: Depth [salt water, m]
# name 5 = t090C: Temperature [ITS-90, deg C]
# name 6 = sal00: Salinity, Practical [PSU]
# name 7 = density00: Density [density, kg/m^3]
# name 8 = sigma-é00: Density [sigma-theta, kg/m^3]
# name 9 = potemp090C: Potential Temperature [ITS-90, deg C]
# name 10 = sbeox0PS: Oxygen, SBE 43 [% saturation]
# name 11 = CStarTr0: Beam Transmission, WET Labs C-Star [%]
# name 12 = flECO-AFL: Fluorescence, WET Labs ECO-AFL/FL [mg/m^3]
# name 13 = ph: pH
# name 14 = sbeox0ML/L: Oxygen, SBE 43 [ml/l]
# name 15 = sbeox0Mg/L: Oxygen, SBE 43 [mg/l]
# name 16 = sbox0Mm/Kg: Oxygen, SBE 43 [umol/kg]
# name 17 = sbeox0Mm/L: Oxygen, SBE 43 [umol/l]
# name 18 = flag:  0.000e+00
# span 0 =   59.05846,   59.05868                 
# span 1 = -136.28324, -136.28078                 
# span 2 =      2.118,    251.674                 
# span 3 =      2.121,    213.679                 
# span 4 =      2.101,    211.571                 
# span 5 =     4.5339,     7.3907                 
# span 6 =     8.4084,    30.8394                 
# span 7 =  1006.6767,  1025.3911                 
# span 8 =     6.6660,    24.4022                 
# span 9 =     4.5338,     7.3896                 
# span 10 =     71.771,    101.279                
# span 11 =     0.0001,    37.7303                
# span 12 =    -0.1177,     0.5562                
# span 13 =      7.912,      8.612                
# span 14 =     4.9757,     8.4477                
# span 15 =     7.1107,    12.0726                
# span 16 =    217.140,    374.085                
# span 17 =    222.213,    377.274                
# span 18 = 0.0000e+00, 0.0000e+00                
# interval = seconds: 0.0416667
# start_time = Aug 20 2022 21:29:06 [NMEA time, header]
# bad_flag = -9.990e-29
*END*
[from data line 11353]
   59.05862 -136.28168    221.365    140.258    138.899     4.8909    30.7781  1024.9948    24.3422     4.8811     74.273     1.5944     0.0288      7.921     5.4183     7.7433    236.230    241.980  0.000e+00
   59.05862 -136.28168    221.416    140.136    138.778     4.8913    30.7795  1024.9953    24.3433     4.8815     74.280     1.5944     0.0288      7.921     5.4187     7.7438    236.247    241.998  0.000e+00
   59.05862 -136.28168    221.496    140.193    138.834     4.8919    30.7800  1024.9959    24.3436     4.8821     74.286     1.5944     0.0288      7.921     5.4190     7.7443    236.262    242.014  0.000e+00
   59.05862 -136.28168    221.352    140.071    138.714     4.8920    30.7802  1024.9955    24.3438     4.8823     74.288     1.5944     0.0288      7.921     5.4191     7.7445    236.267    242.019  0.000e+00
   59.05862 -136.28168    221.416    140.136    138.778     4.8923    30.7803  1024.9958    24.3438     4.8825     74.290     1.5944     0.0288      7.921     5.4192     7.7446    236.270    242.022  0.000e+00
   59.05862 -136.28168    221.352    140.071    138.714     4.8924    30.7800  1024.9953    24.3436     4.8826     74.287     1.5944     0.0288      7.921     5.4190     7.7443    236.262    242.013  0.000e+00
   59.05862 -136.28168    221.239    139.958    138.602     4.8919    30.7805  1024.9952    24.3440     4.8821     74.282     1.5944     0.0288      7.921     5.4187     7.7438    236.247    241.999  0.000e+00
   59.05862 -136.28168    221.295    140.015    138.658     4.8918    30.7798  1024.9949    24.3435     4.8820     74.276     1.5944     0.0288      7.921     5.4183     7.7433    236.230    241.981  0.000e+00
   59.05862 -136.28168    221.239    139.958    138.602     4.8916    30.7807  1024.9954    24.3442     4.8818     74.275     1.5944    -0.0005      7.921     5.4182     7.7432    236.226    241.977  0.000e+00
   59.05862 -136.28168    221.175    139.893    138.538     4.8920    30.7810  1024.9953    24.3444     4.8823     74.263     1.5944    -0.0005      7.921     5.4173     7.7418    236.185    241.935  0.000e+00
   59.05862 -136.28168    221.175    139.893    138.538     4.8924    30.7805  1024.9948    24.3439     4.8826     74.258     1.6503     0.0288      7.921     5.4169     7.7412    236.168    241.917  0.000e+00
   59.05862 -136.28168    221.175    139.893    138.538     4.8930    30.7800  1024.9943    24.3435     4.8832     74.251     1.6503     0.0288      7.926     5.4163     7.7404    236.143    241.891  0.000e+00
   59.05860 -136.28168    221.063    139.780    138.426     4.8941    30.7789  1024.9928    24.3425     4.8843     74.182     1.6503     0.0288      7.921     5.4112     7.7331    235.921    241.664  0.000e+00
   59.05860 -136.28168    221.119    139.837    138.482     4.8950    30.7780  1024.9923    24.3417     4.8852     74.163     1.6503     0.0288      7.926     5.4097     7.7310    235.857    241.598  0.000e+00
   59.05860 -136.28168    221.658    139.715    138.361     4.8956    30.7769  1024.9908    24.3407     4.8858     74.199     1.6503     0.0288      7.926     5.4123     7.7347    235.968    241.711  0.000e+00
   59.05860 -136.28168    231.475    139.715    138.361     4.8960    30.7761  1024.9901    24.3401     4.8862     74.192     1.6503     0.0288      7.921     5.4118     7.7340    235.947    241.690  0.000e+00
   59.05860 -136.28168    236.913    139.658    138.305     4.8965    30.7770  1024.9905    24.3407     4.8868     74.126     1.6503     0.0288      7.921     5.4069     7.7269    235.732    241.470  0.000e+00
   59.05860 -136.28168    237.629    139.715    138.361     4.8967    30.7773  1024.9910    24.3410     4.8869     74.100     1.6503     0.0288      7.921     5.4049     7.7242    235.648    241.384  0.000e+00
   59.05860 -136.28168    237.069    139.594    138.241     4.8971    30.7771  1024.9902    24.3408     4.8874     74.071     1.6503     0.0288      7.921     5.4027     7.7210    235.552    241.286  0.000e+00
   59.05860 -136.28168    236.849    139.594    138.241     4.8975    30.7771  1024.9902    24.3407     4.8877     74.099     1.6503     0.0288      7.921     5.4047     7.7239    235.638    241.374  0.000e+00
   59.05860 -136.28168    236.793    139.537    138.185     4.8978    30.7767  1024.9896    24.3404     4.8880     74.025     1.6503     0.0288      7.921     5.3993     7.7162    235.405    241.135  0.000e+00
   59.05860 -136.28168    236.874    139.594    138.241     4.8983    30.7761  1024.9893    24.3399     4.8885     74.001     1.6783     0.0288      7.921     5.3975     7.7136    235.326    241.053  0.000e+00
   59.05860 -136.28168    236.754    139.472    138.121     4.8981    30.7757  1024.9884    24.3395     4.8884     73.916     1.6503     0.0288      7.921     5.3914     7.7048    235.057    240.778  0.000e+00
   59.05860 -136.28168    236.697    139.416    138.065     4.8983    30.7760  1024.9884    24.3398     4.8885     73.889     1.6503    -0.0005      7.926     5.3893     7.7019    234.969    240.688  0.000e+00
   59.05860 -136.28168    236.753    139.472    138.121     4.8983    30.7770  1024.9894    24.3405     4.8885     73.862     1.6503     0.0288      7.921     5.3873     7.6990    234.881    240.598  0.000e+00
   59.05860 -136.28168    236.697    139.416    138.065     4.8984    30.7771  1024.9893    24.3407     4.8887     73.824     1.6503     0.0288      7.921     5.3846     7.6951    234.760    240.474  0.000e+00
   59.05860 -136.28168    236.641    139.359    138.009     4.8983    30.7773  1024.9892    24.3408     4.8885     73.852     1.6503     0.0288      7.926     5.3866     7.6980    234.850    240.566  0.000e+00
   59.05860 -136.28168    236.577    139.294    137.945     4.8980    30.7780  1024.9895    24.3414     4.8883     73.830     1.6503     0.0288      7.921     5.3850     7.6957    234.779    240.494  0.000e+00
   59.05860 -136.28168    235.552    139.294    137.945     4.8979    30.7776  1024.9891    24.3411     4.8882     73.807     1.6503     0.0288      7.926     5.3833     7.6933    234.707    240.420  0.000e+00
   59.05860 -136.28168    225.808    139.294    137.945     4.8984    30.7763  1024.9880    24.3400     4.8887     73.725     1.6783     0.0288      7.921     5.3774     7.6848    234.446    240.153  0.000e+00
   59.05860 -136.28168    220.795    139.237    137.889     4.8985    30.7757  1024.9873    24.3395     4.8888     73.700     1.7902     0.0288      7.926     5.3756     7.6822    234.368    240.072  0.000e+00
   59.05860 -136.28168    220.218    139.173    137.824     4.8986    30.7771  1024.9881    24.3406     4.8888     73.675     1.8461     0.0288      7.926     5.3736     7.6795    234.284    239.987  0.000e+00
   59.05860 -136.28168    220.697    139.237    137.889     4.8987    30.7771  1024.9884    24.3406     4.8890     73.650     1.8461     0.0288      7.921     5.3718     7.6769    234.206    239.906  0.000e+00
   59.05860 -136.28168    220.796    139.116    137.768     4.8990    30.7772  1024.9879    24.3407     4.8892     73.624     1.8461     0.0288      7.921     5.3699     7.6741    234.120    239.818  0.000e+00
   59.05860 -136.28168    220.796    139.116    137.768     4.8989    30.7770  1024.9877    24.3405     4.8891     73.656     1.8461     0.0288      7.921     5.3722     7.6774    234.222    239.923  0.000e+00
   59.05860 -136.28168    220.716    139.059    137.712     4.8988    30.7770  1024.9875    24.3405     4.8891     73.579     1.8461     0.0288      7.921     5.3667     7.6695    233.980    239.675  0.000e+00
   59.05860 -136.28168    220.716    139.059    137.712     4.8989    30.7767  1024.9872    24.3403     4.8892     73.553     1.8461     0.0288      7.921     5.3647     7.6667    233.895    239.588  0.000e+00
   59.05860 -136.28168    220.652    138.994    137.648     4.8989    30.7756  1024.9861    24.3394     4.8892     73.534     1.8461     0.0288      7.926     5.3634     7.6648    233.837    239.528  0.000e+00
   59.05860 -136.28168    220.652    138.994    137.648     4.8992    30.7758  1024.9861    24.3395     4.8895     73.515     1.8461    -0.0005      7.926     5.3620     7.6628    233.776    239.466  0.000e+00
   59.05860 -136.28168    220.532    138.873    137.528     4.8989    30.7777  1024.9871    24.3410     4.8892     73.496     1.8461    -0.0005      7.926     5.3605     7.6607    233.713    239.402  0.000e+00
   59.05860 -136.28168    220.596    138.938    137.592     4.8986    30.7781  1024.9878    24.3414     4.8889     73.487     1.8461     0.0288      7.921     5.3599     7.6599    233.686    239.374  0.000e+00
   59.05860 -136.28168    220.532    138.873    137.528     4.8987    30.7776  1024.9871    24.3410     4.8889     73.477     1.8461     0.0288      7.926     5.3592     7.6588    233.655    239.342  0.000e+00
   59.05860 -136.28168    220.532    138.873    137.528     4.8983    30.7780  1024.9874    24.3413     4.8886     73.468     1.8461     0.0288      7.926     5.3586     7.6580    233.628    239.315  0.000e+00
   59.05860 -136.28168    220.639    138.760    137.416     4.8983    30.7779  1024.9868    24.3413     4.8886     73.459     1.8461     0.0288      7.926     5.3579     7.6570    233.598    239.284  0.000e+00
   59.05860 -136.28168    220.988    138.816    137.472     4.8985    30.7768  1024.9862    24.3404     4.8888     73.451     1.8461     0.0288      7.921     5.3574     7.6562    233.575    239.260  0.000e+00
   59.05860 -136.28168    221.005    138.760    137.416     4.8981    30.7764  1024.9857    24.3401     4.8884     73.385     1.8461     0.0288      7.926     5.3526     7.6494    233.368    239.048  0.000e+00
   59.05860 -136.28168    220.941    138.695    137.352     4.8981    30.7780  1024.9866    24.3413     4.8884     73.369     1.8461     0.0288      7.921     5.3514     7.6477    233.314    238.993  0.000e+00
   59.05860 -136.28168    220.917    138.695    137.352     4.8978    30.7781  1024.9867    24.3414     4.8881     73.363     1.8461     0.0288      7.921     5.3510     7.6471    233.297    238.976  0.000e+00
   59.05860 -136.28168    220.861    138.638    137.295     4.8973    30.7785  1024.9868    24.3418     4.8876     73.416     1.8461     0.0288      7.921     5.3549     7.6526    233.465    239.148  0.000e+00
   59.05860 -136.28168    220.861    138.638    137.295     4.8977    30.7784  1024.9867    24.3417     4.8880     73.420     1.8461     0.0288      7.921     5.3551     7.6530    233.476    239.160  0.000e+00
   59.05860 -136.28168    220.805    138.582    137.239     4.8976    30.7784  1024.9864    24.3417     4.8879     73.366     1.8461     0.0288      7.926     5.3512     7.6475    233.307    238.986  0.000e+00
   59.05860 -136.28168    220.805    138.582    137.239     4.8979    30.7776  1024.9858    24.3411     4.8882     73.364     1.8461     0.0288      7.921     5.3510     7.6472    233.299    238.978  0.000e+00
   59.05860 -136.28168    220.741    138.517    137.175     4.8979    30.7765  1024.9847    24.3402     4.8882     73.362     1.8461     0.0288      7.921     5.3509     7.6470    233.295    238.973  0.000e+00
   59.05860 -136.28168    220.684    138.460    137.119     4.8979    30.7776  1024.9852    24.3411     4.8882     73.361     1.8461     0.0288      7.926     5.3508     7.6469    233.290    238.968  0.000e+00
   59.05860 -136.28168    220.684    138.460    137.119     4.8979    30.7781  1024.9857    24.3415     4.8882     73.304     1.8461     0.0288      7.926     5.3467     7.6409    233.108    238.782  0.000e+00
   59.05860 -136.28168    220.620    138.395    137.055     4.8976    30.7782  1024.9854    24.3415     4.8880     73.355     1.8461     0.0288      7.921     5.3504     7.6463    233.271    238.949  0.000e+00
   59.05860 -136.28168    220.684    138.460    137.119     4.8970    30.7789  1024.9864    24.3422     4.8873     73.359     1.8461     0.0288      7.926     5.3507     7.6467    233.285    238.964  0.000e+00
   59.05860 -136.28168    220.564    138.339    136.999     4.8965    30.7792  1024.9861    24.3425     4.8869     73.362     1.8461     0.0288      7.926     5.3510     7.6471    233.297    238.977  0.000e+00
   59.05860 -136.28168    228.550    138.339    136.999     4.8968    30.7787  1024.9856    24.3420     4.8871     73.309     1.8461     0.0288      7.926     5.3472     7.6416    233.130    238.805  0.000e+00
   59.05860 -136.28168    234.989    138.282    136.943     4.8975    30.7772  1024.9842    24.3408     4.8878     73.307     1.8461     0.0288      7.921     5.3470     7.6413    233.121    238.795  0.000e+00
   59.05860 -136.28168    236.210    138.282    136.943     4.8981    30.7767  1024.9837    24.3404     4.8885     73.364     1.8461     0.0288      7.921     5.3511     7.6472    233.300    238.979  0.000e+00
   59.05860 -136.28168    235.780    138.217    136.879     4.8990    30.7771  1024.9836    24.3405     4.8894     73.364     1.8461    -0.0005      7.921     5.3509     7.6470    233.293    238.972  0.000e+00
   59.05860 -136.28168    235.479    138.161    136.823     4.8998    30.7763  1024.9826    24.3398     4.8902     73.364     1.8461     0.0288      7.926     5.3509     7.6469    233.291    238.969  0.000e+00
   59.05860 -136.28168    235.431    138.161    136.822     4.9004    30.7758  1024.9822    24.3394     4.8908     73.375     1.8461     0.0288      7.921     5.3516     7.6479    233.322    239.001  0.000e+00
   59.05860 -136.28168    235.431    138.161    136.822     4.9011    30.7753  1024.9817    24.3389     4.8914     73.386     1.8741     0.0288      7.926     5.3523     7.6490    233.356    239.035  0.000e+00
   59.05860 -136.28168    235.391    138.096    136.758     4.9014    30.7748  1024.9810    24.3385     4.8917     73.389     1.8461     0.0288      7.926     5.3525     7.6493    233.365    239.045  0.000e+00
   59.05860 -136.28168    235.335    138.039    136.702     4.9016    30.7746  1024.9805    24.3383     4.8919     73.393     1.8461     0.0288      7.921     5.3528     7.6497    233.377    239.057  0.000e+00
   59.05860 -136.28168    235.286    138.039    136.702     4.9013    30.7744  1024.9804    24.3382     4.8916     73.399     1.8461     0.0288      7.926     5.3533     7.6503    233.396    239.076  0.000e+00
   59.05860 -136.28168    235.279    137.982    136.646     4.9014    30.7753  1024.9809    24.3389     4.8917     73.413     1.8461     0.0288      7.926     5.3543     7.6518    233.439    239.121  0.000e+00
   59.05860 -136.28168    235.279    137.982    136.646     4.9008    30.7766  1024.9819    24.3399     4.8911     73.478     1.8461     0.0288      7.926     5.3590     7.6586    233.647    239.334  0.000e+00
   59.05860 -136.28168    233.481    137.918    136.582     4.8997    30.7777  1024.9827    24.3410     4.8900     73.493     1.8461     0.0288      7.926     5.3602     7.6603    233.700    239.389  0.000e+00
   59.05860 -136.28168    202.509    137.861    136.526     4.8990    30.7784  1024.9830    24.3416     4.8893     73.500     1.8181     0.0288      7.921     5.3608     7.6612    233.725    239.415  0.000e+00
   59.05860 -136.28168    184.902    137.861    136.526     4.8984    30.7785  1024.9832    24.3418     4.8888     73.508     1.8181     0.0288      7.926     5.3614     7.6620    233.752    239.442  0.000e+00
   59.05860 -136.28168    182.704    137.861    136.526     4.8987    30.7783  1024.9830    24.3416     4.8891     73.515     1.8181     0.0288      7.926     5.3619     7.6628    233.774    239.465  0.000e+00
   59.05860 -136.28168    183.959    137.796    136.462     4.8991    30.7769  1024.9815    24.3404     4.8895     73.522     1.8181     0.0288      7.926     5.3624     7.6635    233.796    239.487  0.000e+00
