EcoFOCI/data/1_SampleCollection/2022_GOA-OA_CruiseData/CTD_raw_BottleFile_RC0083/RC0083_020.ros
* Sea-Bird SBE 9 Data File:
* FileName = C:\Data\RC0083ctd\RC0083_020.hex
* Software Version Seasave V 7.26.7.107
* Temperature SN = 2060
* Conductivity SN = 1084
* Number of Bytes Per Scan = 31
* Number of Voltage Words = 4
* Number of Scans Averaged by the Deck Unit = 1
* NMEA Latitude = 56 11.35 N
* NMEA Longitude = 134 37.16 W
* NMEA UTC (Time) = Aug 13 2022  19:18:30
* NMEA baud rate = 4800
** Ship: R/V Rachel Carson
** Cruise ID: RC0083 RC0083
** Tech: McHugh/Nomura
** Chief Scientist: Cross Cross
** Station: CS5
** Cast:  020
# nquan = 21
# nvalues = 392                                   
# units = specified
# name 0 = latitude: Latitude [deg]
# name 1 = longitude: Longitude [deg]
# name 2 = sfdSM: Seafloor depth [salt water, m]
# name 3 = prDM: Pressure, Digiquartz [db]
# name 4 = depSM: Depth [salt water, m]
# name 5 = t090C: Temperature [ITS-90, deg C]
# name 6 = sal00: Salinity, Practical [PSU]
# name 7 = density00: Density [density, kg/m^3]
# name 8 = sigma-é00: Density [sigma-theta, kg/m^3]
# name 9 = potemp090C: Potential Temperature [ITS-90, deg C]
# name 10 = sbeox0PS: Oxygen, SBE 43 [% saturation]
# name 11 = CStarTr0: Beam Transmission, WET Labs C-Star [%]
# name 12 = flECO-AFL: Fluorescence, WET Labs ECO-AFL/FL [mg/m^3]
# name 13 = ph: pH
# name 14 = sbeox0ML/L: Oxygen, SBE 43 [ml/l]
# name 15 = sbeox0Mg/L: Oxygen, SBE 43 [mg/l]
# name 16 = sbox0Mm/Kg: Oxygen, SBE 43 [umol/kg]
# name 17 = sbeox0Mm/L: Oxygen, SBE 43 [umol/l]
# name 18 = scan: Scan Count
# name 19 = nbf: Bottles Fired
# name 20 = flag:  0.000e+00
# interval = seconds: 0.0416667
# start_time = Aug 13 2022 19:18:30 [NMEA time, header]
# bad_flag = -9.990e-29
*END*
[from data line 345]
   56.19306 -134.62240    102.146      3.546      3.514    11.4478    28.8972  1021.9676    21.9516    11.4474    128.443    84.1588     4.5709      8.486     8.1733    11.6804    357.177    365.017      36757          8  0.000e+00
   56.19306 -134.62240    102.146      3.546      3.514    11.4474    28.8972  1021.9677    21.9517    11.4470    128.443    84.1588     4.5416      8.486     8.1733    11.6805    357.180    365.021      36758          8  0.000e+00
   56.19306 -134.62240    102.282      3.683      3.650    11.4465    28.8977  1021.9689    21.9523    11.4461    128.451    84.1588     4.5709      8.486     8.1739    11.6814    357.207    365.048      36759          8  0.000e+00
   56.19306 -134.62240    102.202      3.603      3.570    11.4440    28.8995  1021.9704    21.9541    11.4436    128.455    84.1588     4.5709      8.486     8.1745    11.6822    357.232    365.075      36760          8  0.000e+00
   56.19306 -134.62240    102.162      3.562      3.530    11.4425    28.9003  1021.9710    21.9549    11.4421    128.459    84.0749     4.5709      8.486     8.1750    11.6829    357.253    365.096      36761          8  0.000e+00
   56.19306 -134.62240    102.202      3.603      3.570    11.4419    28.9008  1021.9718    21.9555    11.4414    128.463    83.9071     4.5709      8.486     8.1754    11.6835    357.269    365.113      36762          8  0.000e+00
   56.19306 -134.62240    102.202      3.627      3.594    11.4420    28.9006  1021.9717    21.9553    11.4416    128.467    83.8512     4.5709      8.486     8.1756    11.6838    357.279    365.124      36763          8  0.000e+00
   56.19306 -134.62240    102.090      3.489      3.458    11.4419    28.9009  1021.9713    21.9555    11.4415    128.468    83.8512     4.5416      8.486     8.1757    11.6839    357.282    365.126      36764          8  0.000e+00
   56.19306 -134.62240    102.402      3.804      3.770    11.4427    28.9002  1021.9720    21.9549    11.4422    128.475    83.8791     4.2779      8.486     8.1761    11.6844    357.298    365.143      36765          8  0.000e+00
   56.19306 -134.62240    102.178      3.603      3.570    11.4439    28.8997  1021.9705    21.9543    11.4434    128.474    83.8512     4.0727      8.486     8.1758    11.6840    357.286    365.130      36766          8  0.000e+00
   56.19306 -134.62240    102.282      3.683      3.650    11.4445    28.8991  1021.9703    21.9537    11.4441    128.530    83.8791     4.0434      8.486     8.1793    11.6890    357.439    365.287      36767          8  0.000e+00
   56.19306 -134.62240    102.146      3.546      3.514    11.4460    28.8979  1021.9685    21.9525    11.4456    128.535    83.8512     4.0434      8.486     8.1793    11.6891    357.443    365.290      36768          8  0.000e+00
   56.19306 -134.62240    102.402      3.805      3.770    11.4470    28.8976  1021.9693    21.9521    11.4465    128.491    83.8791     4.0727      8.486     8.1764    11.6849    357.315    365.158      36769          8  0.000e+00
   56.19306 -134.62240    102.266      3.667      3.634    11.4467    28.8979  1021.9690    21.9524    11.4462    128.542    83.8512     4.0727      8.486     8.1797    11.6896    357.458    365.305      36770          8  0.000e+00
   56.19306 -134.62240    102.282      3.683      3.650    11.4460    28.8982  1021.9694    21.9527    11.4456    128.547    83.8791     4.0727      8.486     8.1801    11.6902    357.476    365.324      36771          8  0.000e+00
   56.19306 -134.62240    102.202      3.603      3.570    11.4455    28.8983  1021.9692    21.9529    11.4451    128.550    83.8512     4.0727      8.486     8.1804    11.6906    357.487    365.335      36772          8  0.000e+00
   56.19306 -134.62240    102.442      3.845      3.810    11.4453    28.8983  1021.9703    21.9530    11.4449    128.557    83.8512     4.0727      8.486     8.1809    11.6913    357.509    365.357      36773          8  0.000e+00
   56.19306 -134.62240    102.282      3.683      3.650    11.4445    28.8990  1021.9703    21.9536    11.4441    128.503    83.8512     4.0727      8.486     8.1775    11.6865    357.363    365.209      36774          8  0.000e+00
   56.19306 -134.62240    102.378      3.780      3.746    11.4445    28.8990  1021.9707    21.9536    11.4441    128.501    83.8791     4.0434      8.481     8.1774    11.6863    357.357    365.202      36775          8  0.000e+00
   56.19306 -134.62240    102.282      3.683      3.650    11.4447    28.8991  1021.9703    21.9537    11.4442    128.548    83.8791     4.0434      8.486     8.1804    11.6906    357.488    365.336      36776          8  0.000e+00
   56.19306 -134.62240    102.266      3.667      3.634    11.4444    28.8990  1021.9702    21.9536    11.4440    128.549    83.8512     4.0727      8.481     8.1805    11.6907    357.492    365.340      36777          8  0.000e+00
   56.19306 -134.62240    102.458      3.861      3.826    11.4430    28.8995  1021.9717    21.9543    11.4425    128.552    83.8791     4.0727      8.486     8.1809    11.6913    357.510    365.359      36778          8  0.000e+00
   56.19306 -134.62240    102.322      3.724      3.690    11.4410    28.9008  1021.9725    21.9556    11.4406    128.543    83.8791     4.0727      8.481     8.1806    11.6909    357.498    365.347      36779          8  0.000e+00
   56.19306 -134.62240    102.346      3.748      3.714    11.4389    28.9021  1021.9739    21.9570    11.4384    128.489    83.8512     4.0727      8.486     8.1775    11.6864    357.359    365.205      36780          8  0.000e+00
   56.19306 -134.62240    102.266      3.667      3.634    11.4390    28.9022  1021.9736    21.9571    11.4386    128.479    83.8512     4.0727      8.486     8.1768    11.6855    357.331    365.177      36781          8  0.000e+00
   56.19306 -134.62240    102.458      3.861      3.826    11.4400    28.9013  1021.9736    21.9562    11.4396    128.474    83.8791     4.0727      8.486     8.1763    11.6848    357.310    365.155      36782          8  0.000e+00
   56.19306 -134.62240    102.378      3.780      3.746    11.4399    28.9016  1021.9735    21.9564    11.4394    128.517    83.9071     4.0727      8.486     8.1791    11.6888    357.431    365.279      36783          8  0.000e+00
   56.19306 -134.62240    102.346      3.748      3.714    11.4409    28.9011  1021.9728    21.9558    11.4404    128.512    83.9071     4.0727      8.486     8.1787    11.6881    357.412    365.259      36784          8  0.000e+00
   56.19306 -134.62240    102.378      3.780      3.746    11.4410    28.9010  1021.9728    21.9558    11.4406    128.454    83.9071     4.3951      8.486     8.1750    11.6828    357.250    365.094      36785          8  0.000e+00
   56.19306 -134.62240    102.346      3.748      3.714    11.4404    28.9009  1021.9727    21.9558    11.4400    128.443    83.9071     4.8639      8.486     8.1743    11.6819    357.223    365.066      36786          8  0.000e+00
   56.19306 -134.62240    102.378      3.780      3.746    11.4377    28.9030  1021.9750    21.9579    11.4372    128.432    83.9071     4.9812      8.486     8.1740    11.6815    357.209    365.052      36787          8  0.000e+00
   56.19306 -134.62240    102.202      3.603      3.570    11.4356    28.9046  1021.9758    21.9595    11.4351    128.471    83.9071     4.9812      8.486     8.1768    11.6855    357.329    365.176      36788          8  0.000e+00
   56.19306 -134.62240    102.522      3.926      3.890    11.4374    28.9031  1021.9757    21.9580    11.4369    128.469    83.9071     4.9812      8.481     8.1765    11.6850    357.314    365.160      36789          8  0.000e+00
   56.19306 -134.62240    102.202      3.603      3.570    11.4393    28.9018  1021.9730    21.9567    11.4389    128.456    83.9071     4.9519      8.486     8.1753    11.6834    357.266    365.110      36790          8  0.000e+00
   56.19306 -134.62240    102.458      3.861      3.826    11.4395    28.9018  1021.9741    21.9566    11.4391    128.405    83.9071     4.9519      8.481     8.1720    11.6786    357.120    364.962      36791          8  0.000e+00
   56.19306 -134.62240    102.202      3.603      3.570    11.4397    28.9017  1021.9728    21.9565    11.4393    128.392    83.9071     4.9519      8.481     8.1712    11.6774    357.085    364.925      36792          8  0.000e+00
   56.19306 -134.62240    102.458      3.861      3.826    11.4410    28.9010  1021.9732    21.9558    11.4406    128.387    83.9071     4.9519      8.481     8.1707    11.6767    357.064    364.903      36793          8  0.000e+00
   56.19306 -134.62240    102.202      3.603      3.570    11.4419    28.9005  1021.9715    21.9552    11.4414    128.374    83.9071     4.9519      8.481     8.1697    11.6754    357.022    364.860      36794          8  0.000e+00
   56.19306 -134.62240    102.402      3.805      3.770    11.4425    28.8996  1021.9716    21.9544    11.4421    128.422    83.9071     4.9519      8.481     8.1727    11.6796    357.152    364.993      36795          8  0.000e+00
   56.19306 -134.62240    102.322      3.724      3.690    11.4425    28.8998  1021.9714    21.9545    11.4421    128.417    83.9071     4.9519      8.481     8.1724    11.6791    357.138    364.978      36796          8  0.000e+00
   56.19306 -134.62240    102.282      3.684      3.650    11.4423    28.9000  1021.9714    21.9548    11.4419    128.412    83.9071     4.9519      8.481     8.1721    11.6787    357.125    364.966      36797          8  0.000e+00
   56.19306 -134.62240    102.202      3.603      3.570    11.4427    28.8996  1021.9707    21.9544    11.4422    128.359    83.9071     4.9812      8.486     8.1686    11.6738    356.975    364.812      36798          8  0.000e+00
   56.19306 -134.62240    102.402      3.805      3.770    11.4427    28.9000  1021.9719    21.9547    11.4422    128.357    83.9071     4.9519      8.481     8.1686    11.6737    356.970    364.808      36799          8  0.000e+00
   56.19306 -134.62240    102.146      3.546      3.514    11.4432    28.8999  1021.9705    21.9545    11.4428    128.402    83.9071     4.9519      8.481     8.1713    11.6776    357.092    364.932      36800          8  0.000e+00
   56.19306 -134.62240    102.226      3.627      3.594    11.4433    28.8996  1021.9706    21.9542    11.4429    128.351    83.9071     4.9519      8.481     8.1681    11.6730    356.949    364.786      36801          8  0.000e+00
   56.19306 -134.62240    102.266      3.667      3.634    11.4439    28.8992  1021.9705    21.9539    11.4434    128.347    83.9071     4.9519      8.481     8.1677    11.6725    356.935    364.771      36802          8  0.000e+00
   56.19306 -134.62240    102.322      3.724      3.690    11.4447    28.8990  1021.9704    21.9536    11.4442    128.343    83.9071     4.9519      8.481     8.1674    11.6720    356.919    364.754      36803          8  0.000e+00
