EcoFOCI/data/1_SampleCollection/2022_GOA-OA_CruiseData/CTD_raw_BottleFile_RC0083/RC0083_022.ros
* Sea-Bird SBE 9 Data File:
* FileName = C:\Data\RC0083ctd\RC0083_022.hex
* Software Version Seasave V 7.26.7.107
* Temperature SN = 2060
* Conductivity SN = 1084
* Number of Bytes Per Scan = 31
* Number of Voltage Words = 4
* Number of Scans Averaged by the Deck Unit = 1
* NMEA Latitude = 56 44.03 N
* NMEA Longitude = 135 37.02 W
* NMEA UTC (Time) = Aug 14 2022  20:04:00
* NMEA baud rate = 4800
** Ship: R/V Rachel Carson
** Cruise ID: RC0083
** Tech: McHugh/Nomura
** Chief Scientist: Cross
** Station: SEC05
** Cast:  CTD022
# nquan = 21
# nvalues = 294                                   
# units = specified
# name 0 = latitude: Latitude [deg]
# name 1 = longitude: Longitude [deg]
# name 2 = sfdSM: Seafloor depth [salt water, m]
# name 3 = prDM: Pressure, Digiquartz [db]
# name 4 = depSM: Depth [salt water, m]
# name 5 = t090C: Temperature [ITS-90, deg C]
# name 6 = sal00: Salinity, Practical [PSU]
# name 7 = density00: Density [density, kg/m^3]
# name 8 = sigma-é00: Density [sigma-theta, kg/m^3]
# name 9 = potemp090C: Potential Temperature [ITS-90, deg C]
# name 10 = sbeox0PS: Oxygen, SBE 43 [% saturation]
# name 11 = CStarTr0: Beam Transmission, WET Labs C-Star [%]
# name 12 = flECO-AFL: Fluorescence, WET Labs ECO-AFL/FL [mg/m^3]
# name 13 = ph: pH
# name 14 = sbeox0ML/L: Oxygen, SBE 43 [ml/l]
# name 15 = sbeox0Mg/L: Oxygen, SBE 43 [mg/l]
# name 16 = sbox0Mm/Kg: Oxygen, SBE 43 [umol/kg]
# name 17 = sbeox0Mm/L: Oxygen, SBE 43 [umol/l]
# name 18 = scan: Scan Count
# name 19 = nbf: Bottles Fired
# name 20 = flag:  0.000e+00
# interval = seconds: 0.0416667
# start_time = Aug 14 2022 20:04:00 [NMEA time, header]
# bad_flag = -9.990e-29
*END*
[from data line 276]
   56.73916 -135.61890     41.100      4.215      4.177    12.5546    30.9536  1023.3642    23.3454    12.5541    107.700    71.0693     5.1863      8.268     6.6083     9.4439    288.394    295.127      17741          6  0.000e+00
   56.73916 -135.61890     41.257      4.078      4.041    12.5539    30.9541  1023.3642    23.3459    12.5534    107.704    71.0693     5.1863      8.273     6.6086     9.4444    288.409    295.142      17742          6  0.000e+00
   56.73916 -135.61890     41.208      4.078      4.041    12.5537    30.9541  1023.3642    23.3460    12.5532    107.764    71.0693     5.1863      8.273     6.6123     9.4497    288.570    295.307      17743          6  0.000e+00
   56.73916 -135.61890     41.063      3.981      3.945    12.5537    30.9539  1023.3636    23.3458    12.5532    107.775    71.0693     5.1863      8.273     6.6130     9.4506    288.598    295.336      17744          6  0.000e+00
   56.73916 -135.61890     41.015      3.957      3.921    12.5539    30.9541  1023.3636    23.3459    12.5534    107.780    71.0693     5.1863      8.273     6.6133     9.4511    288.612    295.350      17745          6  0.000e+00
   56.73916 -135.61890     40.975      3.917      3.881    12.5535    30.9546  1023.3639    23.3463    12.5530    107.786    71.0693     5.1863      8.273     6.6137     9.4516    288.628    295.366      17746          6  0.000e+00
   56.73916 -135.61890     40.839      3.779      3.745    12.5536    30.9543  1023.3630    23.3461    12.5531    107.789    71.0693     5.1863      8.273     6.6139     9.4519    288.638    295.376      17747          6  0.000e+00
   56.73916 -135.61890     40.799      3.739      3.705    12.5530    30.9546  1023.3632    23.3464    12.5525    107.794    71.0693     5.1863      8.273     6.6143     9.4524    288.654    295.393      17748          6  0.000e+00
   56.73916 -135.61890     40.775      3.715      3.681    12.5528    30.9546  1023.3631    23.3465    12.5523    107.799    71.0693     5.1863      8.273     6.6146     9.4529    288.668    295.408      17749          6  0.000e+00
   56.73916 -135.61890     40.719      3.658      3.625    12.5522    30.9549  1023.3632    23.3468    12.5518    107.809    71.0693     5.1863      8.273     6.6153     9.4539    288.698    295.438      17750          6  0.000e+00
   56.73916 -135.61890     40.623      3.561      3.529    12.5518    30.9549  1023.3628    23.3469    12.5514    107.819    71.0693     5.2156      8.273     6.6159     9.4548    288.725    295.466      17751          6  0.000e+00
   56.73916 -135.61890     40.599      3.537      3.505    12.5518    30.9551  1023.3629    23.3470    12.5513    107.823    71.0693     5.1863      8.273     6.6162     9.4552    288.737    295.479      17752          6  0.000e+00
   56.73916 -135.61890     50.090      3.505      3.473    12.5515    30.9552  1023.3629    23.3472    12.5510    107.881    71.0693     5.1863      8.268     6.6198     9.4603    288.893    295.638      17753          6  0.000e+00
   56.73916 -135.61890     88.098      3.416      3.385    12.5514    30.9545  1023.3620    23.3467    12.5510    107.889    71.0693     5.1863      8.273     6.6203     9.4611    288.918    295.663      17754          6  0.000e+00
   56.73916 -135.61890    103.353      3.384      3.353    12.5511    30.9548  1023.3621    23.3470    12.5507    107.904    71.0693     5.1863      8.268     6.6212     9.4624    288.959    295.705      17755          6  0.000e+00
   56.73916 -135.61890    103.273      3.303      3.273    12.5514    30.9547  1023.3616    23.3468    12.5510    107.918    71.0693     5.1863      8.273     6.6221     9.4636    288.994    295.741      17756          6  0.000e+00
   56.73916 -135.61890    102.354      3.238      3.209    12.5515    30.9551  1023.3616    23.3471    12.5510    107.932    71.0693     5.1570      8.268     6.6229     9.4648    289.030    295.778      17757          6  0.000e+00
   56.73916 -135.61890    101.792      3.262      3.233    12.5516    30.9552  1023.3618    23.3472    12.5512    107.941    71.0693     5.1277      8.273     6.6234     9.4655    289.053    295.801      17758          6  0.000e+00
