EcoFOCI/data/1_SampleCollection/2022_GOA-OA_CruiseData/CTD_raw_BottleFile_RC0083/RC0083_148.cnv
* Sea-Bird SBE 9 Data File:
* FileName = C:\Data\RC0083ctd\RC0083_148.hex
* Software Version Seasave V 7.26.7.107
* Temperature SN = 2060
* Conductivity SN = 2881
* Number of Bytes Per Scan = 31
* Number of Voltage Words = 4
* Number of Scans Averaged by the Deck Unit = 1
* NMEA Latitude = 54 56.05 N
* NMEA Longitude = 131 03.67 W
* NMEA UTC (Time) = Aug 28 2022  20:53:48
* NMEA baud rate = 4800
** Ship: R/V Rachel Carson
** Cruise ID: RC0083
** Tech: McHugh/Nomura
** Chief Scientist: Cross
** Station: RC3
** Cast:  CTD148
# nquan = 19
# nvalues = 17428                                 
# units = specified
# name 0 = latitude: Latitude [deg]
# name 1 = longitude: Longitude [deg]
# name 2 = sfdSM: Seafloor depth [salt water, m]
# name 3 = prDM: Pressure, Digiquartz [db]
# name 4 = depSM: Depth [salt water, m]
# name 5 = t090C: Temperature [ITS-90, deg C]
# name 6 = sal00: Salinity, Practical [PSU]
# name 7 = density00: Density [density, kg/m^3]
# name 8 = sigma-é00: Density [sigma-theta, kg/m^3]
# name 9 = potemp090C: Potential Temperature [ITS-90, deg C]
# name 10 = sbeox0PS: Oxygen, SBE 43 [% saturation]
# name 11 = CStarTr0: Beam Transmission, WET Labs C-Star [%]
# name 12 = flECO-AFL: Fluorescence, WET Labs ECO-AFL/FL [mg/m^3]
# name 13 = ph: pH
# name 14 = sbeox0ML/L: Oxygen, SBE 43 [ml/l]
# name 15 = sbeox0Mg/L: Oxygen, SBE 43 [mg/l]
# name 16 = sbox0Mm/Kg: Oxygen, SBE 43 [umol/kg]
# name 17 = sbeox0Mm/L: Oxygen, SBE 43 [umol/l]
# name 18 = flag:  0.000e+00
# span 0 =   54.93412,   54.93888                 
# span 1 = -131.06158, -131.06122                 
# span 2 =     29.623,    317.817                 
# span 3 =      2.000,    228.369                 
# span 4 =      1.982,    226.187                 
# span 5 =     5.8962,    13.8517                 
# span 6 =    27.1484,    33.4466                 
# span 7 =  1020.1719,  1027.3907                 
# span 8 =    20.1583,    26.3404                 
# span 9 =     5.8772,    13.8513                 
# span 10 =     25.739,     96.563                
# span 11 =    84.4105,   103.7091                
# span 12 =    -0.1177,     5.7431                
# span 13 =      7.686,      8.356                
# span 14 =     1.8009,     5.9067                
# span 15 =     2.5737,     8.4412                
# span 16 =     78.366,    258.577                
# span 17 =     80.430,    263.792                
# span 18 = 0.0000e+00, 0.0000e+00                
# interval = seconds: 0.0416667
# start_time = Aug 28 2022 20:53:48 [NMEA time, header]
# bad_flag = -9.990e-29
*END*
[from data line 6629]
   54.93592 -131.06144    278.922    182.132    180.412     6.0458    33.2948  1027.0395    26.2015     6.0306     28.321   100.4927    -0.0591      7.700     1.9768     2.8250     86.030     88.284  0.000e+00
   54.93592 -131.06144    278.978    182.189    180.468     6.0458    33.2946  1027.0396    26.2013     6.0306     28.269   100.4647    -0.0591      7.700     1.9731     2.8198     85.871     88.121  0.000e+00
   54.93592 -131.06144    279.219    182.432    180.709     6.0459    33.2945  1027.0406    26.2012     6.0307     28.210   100.4927    -0.0591      7.700     1.9691     2.8140     85.693     87.939  0.000e+00
   54.93592 -131.06144    279.002    182.213    180.492     6.0457    33.2949  1027.0400    26.2016     6.0304     28.261   100.4647    -0.0591      7.700     1.9726     2.8190     85.847     88.096  0.000e+00
   54.93592 -131.06144    279.300    182.489    180.765     6.0455    33.2949  1027.0413    26.2016     6.0303     28.262   100.4647    -0.0591      7.700     1.9727     2.8191     85.850     88.099  0.000e+00
   54.93592 -131.06144    279.179    182.367    180.644     6.0450    33.2955  1027.0412    26.2021     6.0298     28.262   100.4647    -0.0591      7.700     1.9727     2.8192     85.850     88.100  0.000e+00
   54.93592 -131.06144    279.420    182.610    180.885     6.0445    33.2959  1027.0427    26.2025     6.0292     28.263   100.4927    -0.0591      7.700     1.9728     2.8193     85.856     88.105  0.000e+00
   54.93592 -131.06144    279.572    182.788    181.062     6.0444    33.2959  1027.0436    26.2026     6.0291     28.265   100.4927    -0.0591      7.700     1.9729     2.8195     85.860     88.110  0.000e+00
   54.93592 -131.06144    279.452    182.667    180.941     6.0441    33.2960  1027.0431    26.2027     6.0288     28.266   100.4927    -0.0591      7.700     1.9730     2.8196     85.863     88.113  0.000e+00
   54.93592 -131.06144    279.540    182.756    181.029     6.0428    33.2974  1027.0448    26.2040     6.0275     28.267   100.5207    -0.0591      7.700     1.9731     2.8198     85.871     88.121  0.000e+00
   54.93592 -131.06144    279.652    182.845    181.118     6.0412    33.2987  1027.0465    26.2052     6.0259     28.270   100.5207    -0.0591      7.700     1.9734     2.8201     85.880     88.130  0.000e+00
   54.93592 -131.06144    279.748    182.967    181.238     6.0395    33.3004  1027.0486    26.2067     6.0242     28.272   100.5207    -0.0591      7.700     1.9736     2.8205     85.890     88.141  0.000e+00
   54.93592 -131.06144    279.692    182.910    181.182     6.0386    33.3015  1027.0493    26.2077     6.0233     28.325   100.4927    -0.0591      7.700     1.9773     2.8258     86.053     88.308  0.000e+00
   54.93592 -131.06144    279.717    182.910    181.182     6.0384    33.3011  1027.0490    26.2074     6.0232     28.327   100.5207    -0.0591      7.700     1.9775     2.8260     86.059     88.314  0.000e+00
   54.93592 -131.06144    279.717    182.910    181.182     6.0387    33.3010  1027.0489    26.2073     6.0235     28.329   100.5207    -0.0591      7.700     1.9776     2.8261     86.063     88.318  0.000e+00
   54.93592 -131.06144    279.780    182.999    181.270     6.0386    33.3009  1027.0492    26.2072     6.0233     28.272   100.5207    -0.0591      7.700     1.9736     2.8205     85.890     88.141  0.000e+00
   54.93592 -131.06144    279.773    182.967    181.238     6.0387    33.3010  1027.0492    26.2073     6.0234     28.273   100.4927    -0.0591      7.700     1.9737     2.8206     85.894     88.145  0.000e+00
   54.93592 -131.06144    279.652    182.845    181.118     6.0387    33.3008  1027.0484    26.2071     6.0235     28.274   100.5207    -0.0591      7.700     1.9738     2.8207     85.898     88.149  0.000e+00
   54.93592 -131.06144    279.717    182.910    181.182     6.0387    33.3010  1027.0489    26.2073     6.0235     28.277   100.5207    -0.0591      7.700     1.9739     2.8209     85.905     88.156  0.000e+00
   54.93592 -131.06144    279.717    182.910    181.182     6.0389    33.3009  1027.0488    26.2072     6.0236     28.279   100.4927    -0.0591      7.700     1.9741     2.8212     85.911     88.163  0.000e+00
   54.93592 -131.06144    279.692    182.910    181.182     6.0386    33.3010  1027.0489    26.2073     6.0233     28.282   100.5207    -0.0591      7.700     1.9743     2.8215     85.920     88.172  0.000e+00
   54.93592 -131.06144    279.484    182.699    180.973     6.0387    33.3009  1027.0478    26.2072     6.0234     28.284   100.5207    -0.0591      7.700     1.9744     2.8217     85.926     88.178  0.000e+00
   54.93592 -131.06144    279.572    182.788    181.062     6.0389    33.3009  1027.0482    26.2072     6.0236     28.287   100.5207    -0.0591      7.700     1.9747     2.8220     85.936     88.189  0.000e+00
   54.93592 -131.06144    279.516    182.732    181.005     6.0397    33.2999  1027.0471    26.2063     6.0244     28.290   100.5207    -0.0591      7.700     1.9749     2.8223     85.945     88.197  0.000e+00
   54.93592 -131.06144    279.540    182.732    181.005     6.0389    33.3009  1027.0479    26.2071     6.0236     28.294   100.5207    -0.0591      7.700     1.9752     2.8227     85.958     88.210  0.000e+00
   54.93592 -131.06144    279.452    182.667    180.941     6.0395    33.3004  1027.0472    26.2067     6.0243     28.298   100.5207    -0.0591      7.700     1.9754     2.8230     85.968     88.221  0.000e+00
   54.93592 -131.06144    279.420    182.610    180.885     6.0395    33.3007  1027.0472    26.2069     6.0243     28.295   100.4927    -0.0591      7.700     1.9752     2.8227     85.959     88.211  0.000e+00
   54.93592 -131.06144    279.508    182.699    180.973     6.0388    33.3009  1027.0479    26.2072     6.0235     28.292   100.4927    -0.0591      7.700     1.9750     2.8225     85.952     88.205  0.000e+00
   54.93592 -131.06144    279.420    182.610    180.885     6.0381    33.3015  1027.0480    26.2077     6.0228     28.340   100.4927    -0.0591      7.700     1.9784     2.8273     86.099     88.356  0.000e+00
   54.93592 -131.06144    279.420    182.610    180.885     6.0379    33.3016  1027.0481    26.2079     6.0227     28.344   100.4927    -0.0591      7.700     1.9787     2.8277     86.110     88.367  0.000e+00
   54.93592 -131.06144    279.420    182.610    180.885     6.0379    33.3019  1027.0483    26.2081     6.0227     28.347   100.4927    -0.0591      7.700     1.9789     2.8280     86.119     88.376  0.000e+00
   54.93592 -131.06144    279.395    182.610    180.885     6.0382    33.3015  1027.0480    26.2077     6.0230     28.292   100.4927    -0.0591      7.700     1.9750     2.8225     85.950     88.203  0.000e+00
   54.93592 -131.06144    279.356    182.545    180.821     6.0384    33.3014  1027.0476    26.2077     6.0232     28.294   100.4927    -0.0591      7.700     1.9752     2.8227     85.959     88.212  0.000e+00
   54.93592 -131.06144    279.444    182.634    180.909     6.0384    33.3013  1027.0479    26.2075     6.0232     28.298   100.4927    -0.0591      7.700     1.9755     2.8231     85.971     88.224  0.000e+00
   54.93592 -131.06144    279.476    182.667    180.941     6.0386    33.3012  1027.0480    26.2075     6.0233     28.302   100.4927    -0.0591      7.700     1.9757     2.8235     85.982     88.236  0.000e+00
   54.93592 -131.06144    279.420    182.610    180.885     6.0391    33.3006  1027.0472    26.2069     6.0238     28.299   100.4927    -0.0591      7.700     1.9755     2.8231     85.971     88.224  0.000e+00
   54.93592 -131.06144    279.452    182.667    180.941     6.0395    33.3003  1027.0471    26.2066     6.0243     28.237   100.4927    -0.0591      7.700     1.9712     2.8170     85.784     88.032  0.000e+00
   54.93594 -131.06144    279.476    182.667    180.941     6.0404    33.2995  1027.0464    26.2059     6.0251     28.227   100.4927    -0.0591      7.700     1.9704     2.8160     85.753     88.000  0.000e+00
   54.93594 -131.06144    279.476    182.667    180.941     6.0403    33.2999  1027.0467    26.2062     6.0251     28.225   100.4927    -0.0591      7.700     1.9703     2.8157     85.746     87.993  0.000e+00
   54.93594 -131.06144    279.444    182.634    180.909     6.0399    33.2998  1027.0466    26.2062     6.0246     28.223   100.4927    -0.0591      7.700     1.9702     2.8156     85.741     87.988  0.000e+00
   54.93594 -131.06144    279.476    182.667    180.941     6.0391    33.3003  1027.0471    26.2067     6.0238     28.222   100.4927    -0.0591      7.700     1.9701     2.8155     85.739     87.986  0.000e+00
   54.93594 -131.06144    279.516    182.732    181.005     6.0386    33.3011  1027.0481    26.2074     6.0233     28.280   100.4927    -0.0591      7.700     1.9742     2.8213     85.916     88.168  0.000e+00
   54.93594 -131.06144    279.476    182.667    180.941     6.0386    33.3013  1027.0480    26.2075     6.0233     28.280   100.4927    -0.0591      7.700     1.9741     2.8212     85.914     88.165  0.000e+00
   54.93594 -131.06144    279.540    182.732    181.005     6.0387    33.3012  1027.0482    26.2074     6.0234     28.279   100.4927    -0.0591      7.700     1.9741     2.8212     85.912     88.164  0.000e+00
   54.93594 -131.06144    279.476    182.667    180.941     6.0382    33.3015  1027.0482    26.2077     6.0230     28.278   100.4927    -0.0591      7.700     1.9741     2.8212     85.911     88.162  0.000e+00
   54.93594 -131.06144    279.564    182.756    181.029     6.0382    33.3018  1027.0488    26.2079     6.0230     28.278   100.4927    -0.0591      7.700     1.9741     2.8211     85.910     88.161  0.000e+00
   54.93594 -131.06144    279.540    182.732    181.005     6.0381    33.3016  1027.0486    26.2079     6.0228     28.219   100.4927    -0.0591      7.700     1.9699     2.8152     85.731     87.978  0.000e+00
   54.93594 -131.06144    279.572    182.788    181.062     6.0382    33.3015  1027.0488    26.2078     6.0230     28.212   100.4368    -0.0591      7.700     1.9694     2.8145     85.709     87.955  0.000e+00
   54.93594 -131.06144    279.596    182.788    181.061     6.0387    33.3012  1027.0485    26.2074     6.0234     28.212   100.4088    -0.0591      7.700     1.9694     2.8145     85.709     87.956  0.000e+00
   54.93594 -131.06144    279.652    182.845    181.118     6.0386    33.3012  1027.0488    26.2075     6.0233     28.213   100.4088    -0.0591      7.700     1.9695     2.8147     85.713     87.959  0.000e+00
   54.93594 -131.06144    279.628    182.845    181.118     6.0379    33.3019  1027.0494    26.2081     6.0227     28.208   100.4088    -0.0591      7.700     1.9691     2.8141     85.696     87.942  0.000e+00
   54.93594 -131.06144    279.596    182.813    181.086     6.0374    33.3024  1027.0497    26.2085     6.0222     28.195   100.4088    -0.0591      7.700     1.9683     2.8129     85.658     87.903  0.000e+00
   54.93594 -131.06144    279.596    182.788    181.061     6.0376    33.3022  1027.0495    26.2084     6.0223     28.189   100.4088    -0.0591      7.700     1.9679     2.8123     85.641     87.885  0.000e+00
   54.93594 -131.06144    279.773    182.967    181.238     6.0373    33.3027  1027.0507    26.2088     6.0220     28.243   100.4088    -0.0591      7.700     1.9716     2.8177     85.805     88.053  0.000e+00
   54.93594 -131.06144    279.628    182.845    181.118     6.0375    33.3023  1027.0498    26.2085     6.0222     28.244   100.4088    -0.0591      7.700     1.9717     2.8178     85.808     88.057  0.000e+00
   54.93594 -131.06144    279.692    182.910    181.182     6.0371    33.3021  1027.0500    26.2084     6.0219     28.188   100.4088    -0.0591      7.700     1.9678     2.8122     85.638     87.882  0.000e+00
   54.93594 -131.06144    279.893    183.088    181.358     6.0366    33.3028  1027.0514    26.2090     6.0214     28.184   100.4088    -0.0591      7.700     1.9675     2.8118     85.626     87.870  0.000e+00
   54.93594 -131.06144    279.684    182.877    181.150     6.0361    33.3031  1027.0508    26.2093     6.0209     28.178   100.4088    -0.0591      7.700     1.9672     2.8113     85.610     87.854  0.000e+00
   54.93594 -131.06144    279.837    183.031    181.302     6.0357    33.3038  1027.0520    26.2098     6.0204     28.175   100.4088    -0.0591      7.696     1.9669     2.8109     85.599     87.843  0.000e+00
   54.93594 -131.06144    279.837    183.031    181.302     6.0353    33.3042  1027.0524    26.2102     6.0200     28.171   100.4088    -0.0591      7.700     1.9667     2.8105     85.587     87.831  0.000e+00
   54.93594 -131.06144    279.893    183.088    181.358     6.0349    33.3044  1027.0529    26.2104     6.0196     28.226   100.4088    -0.0591      7.700     1.9705     2.8160     85.755     88.002  0.000e+00
   54.93594 -131.06144    279.893    183.088    181.358     6.0345    33.3047  1027.0532    26.2107     6.0193     28.236   100.4088    -0.0591      7.700     1.9712     2.8171     85.787     88.035  0.000e+00
   54.93594 -131.06144    279.925    183.145    181.414     6.0337    33.3057  1027.0544    26.2117     6.0185     28.189   100.4088    -0.0591      7.700     1.9680     2.8124     85.644     87.889  0.000e+00
   54.93594 -131.06144    279.957    183.177    181.446     6.0329    33.3060  1027.0548    26.2120     6.0177     28.251   100.4088    -0.0591      7.700     1.9724     2.8187     85.836     88.086  0.000e+00
   54.93594 -131.06144    279.949    183.145    181.414     6.0326    33.3065  1027.0551    26.2124     6.0173     28.256   100.4088    -0.0591      7.700     1.9727     2.8192     85.850     88.100  0.000e+00
   54.93594 -131.06144    279.989    183.209    181.478     6.0326    33.3066  1027.0555    26.2125     6.0173     28.260   100.4088    -0.0591      7.700     1.9730     2.8196     85.864     88.114  0.000e+00
   54.93594 -131.06144    280.109    183.331    181.599     6.0326    33.3065  1027.0560    26.2124     6.0173     28.265   100.4088    -0.0591      7.700     1.9733     2.8201     85.878     88.129  0.000e+00
   54.93594 -131.06144    279.925    183.145    181.414     6.0323    33.3069  1027.0554    26.2127     6.0170     28.210   100.4088    -0.0591      7.700     1.9695     2.8147     85.712     87.959  0.000e+00
   54.93594 -131.06144    280.134    183.331    181.599     6.0318    33.3071  1027.0565    26.2130     6.0165     28.150   100.4368    -0.0591      7.700     1.9654     2.8087     85.531     87.773  0.000e+00
   54.93594 -131.06144    280.101    183.299    181.567     6.0315    33.3073  1027.0565    26.2131     6.0162     28.142   100.4368    -0.0591      7.696     1.9648     2.8078     85.505     87.746  0.000e+00
   54.93594 -131.06144    280.109    183.331    181.599     6.0310    33.3080  1027.0573    26.2138     6.0157     28.134   100.4368    -0.0591      7.700     1.9642     2.8071     85.481     87.722  0.000e+00
   54.93594 -131.06144    280.165    183.388    181.655     6.0310    33.3078  1027.0574    26.2136     6.0157     28.126   100.4368    -0.0591      7.700     1.9637     2.8063     85.459     87.699  0.000e+00
   54.93594 -131.06144    280.310    183.509    181.775     6.0314    33.3076  1027.0578    26.2134     6.0161     28.120   100.4368    -0.0591      7.700     1.9632     2.8057     85.439     87.678  0.000e+00
   54.93594 -131.06144    280.134    183.331    181.599     6.0311    33.3082  1027.0575    26.2139     6.0159     28.171   100.4368    -0.0591      7.700     1.9668     2.8108     85.595     87.839  0.000e+00
   54.93594 -131.06144    280.334    183.533    181.799     6.0314    33.3075  1027.0578    26.2133     6.0161     28.231   100.4368    -0.0591      7.696     1.9710     2.8168     85.777     88.025  0.000e+00
