EcoFOCI/data/1_SampleCollection/2022_GOA-OA_CruiseData/CTD_raw_BottleFile_RC0083/RC0083_149.cnv
* Sea-Bird SBE 9 Data File:
* FileName = C:\Data\RC0083ctd\RC0083_149.hex
* Software Version Seasave V 7.26.7.107
* Temperature SN = 2060
* Conductivity SN = 2881
* Number of Bytes Per Scan = 31
* Number of Voltage Words = 4
* Number of Scans Averaged by the Deck Unit = 1
* NMEA Latitude = 54 56.24 N
* NMEA Longitude = 131 00.58 W
* NMEA UTC (Time) = Aug 28 2022  21:24:53
* NMEA baud rate = 4800
** Ship: R/V Rachel Carson
** Cruise ID: RC0083
** Tech: McHugh/Nomura
** Chief Scientist: Cross
** Station: RC4
** Cast:  CTD149
# nquan = 19
# nvalues = 15781                                 
# units = specified
# name 0 = latitude: Latitude [deg]
# name 1 = longitude: Longitude [deg]
# name 2 = sfdSM: Seafloor depth [salt water, m]
# name 3 = prDM: Pressure, Digiquartz [db]
# name 4 = depSM: Depth [salt water, m]
# name 5 = t090C: Temperature [ITS-90, deg C]
# name 6 = sal00: Salinity, Practical [PSU]
# name 7 = density00: Density [density, kg/m^3]
# name 8 = sigma-é00: Density [sigma-theta, kg/m^3]
# name 9 = potemp090C: Potential Temperature [ITS-90, deg C]
# name 10 = sbeox0PS: Oxygen, SBE 43 [% saturation]
# name 11 = CStarTr0: Beam Transmission, WET Labs C-Star [%]
# name 12 = flECO-AFL: Fluorescence, WET Labs ECO-AFL/FL [mg/m^3]
# name 13 = ph: pH
# name 14 = sbeox0ML/L: Oxygen, SBE 43 [ml/l]
# name 15 = sbeox0Mg/L: Oxygen, SBE 43 [mg/l]
# name 16 = sbox0Mm/Kg: Oxygen, SBE 43 [umol/kg]
# name 17 = sbeox0Mm/L: Oxygen, SBE 43 [umol/l]
# name 18 = flag:  0.000e+00
# span 0 =   54.93730,   54.94204                 
# span 1 = -131.01076, -131.00968                 
# span 2 =      2.868,    280.988                 
# span 3 =      2.838,    211.570                 
# span 4 =      2.812,    209.556                 
# span 5 =     5.9266,    13.7299                 
# span 6 =    27.4036,    33.4249                 
# span 7 =  1020.3921,  1027.2916                 
# span 8 =    20.3789,    26.3193                 
# span 9 =     5.9091,    13.7295                 
# span 10 =     26.654,     92.801                
# span 11 =    89.6687,   103.7931                
# span 12 =    -0.0884,     3.3108                
# span 13 =      7.696,      8.324                
# span 14 =     1.8640,     5.6843                
# span 15 =     2.6638,     8.1234                
# span 16 =     81.111,    248.774                
# span 17 =     83.245,    253.860                
# span 18 = 0.0000e+00, 0.0000e+00                
# interval = seconds: 0.0416667
# start_time = Aug 28 2022 21:24:53 [NMEA time, header]
# bad_flag = -9.990e-29
*END*
[from data line 4343]
   54.93862 -131.01022    205.640    108.107    107.105     6.5101    32.8766  1026.3089    25.8120     6.5008     34.583   101.5276    -0.0591      7.747     2.3945     3.4220    104.249    106.940  0.000e+00
   54.93862 -131.01022    205.711    108.204    107.201     6.5105    32.8764  1026.3091    25.8117     6.5012     34.578   101.5276    -0.0591      7.747     2.3941     3.4214    104.231    106.922  0.000e+00
   54.93862 -131.01022    205.615    108.107    107.105     6.5107    32.8760  1026.3084    25.8114     6.5014     34.630   101.5276    -0.0591      7.747     2.3977     3.4266    104.388    107.082  0.000e+00
   54.93862 -131.01022    205.760    108.228    107.225     6.5100    32.8755  1026.3086    25.8111     6.5007     34.633   101.5276    -0.0591      7.747     2.3980     3.4270    104.399    107.094  0.000e+00
   54.93862 -131.01022    205.655    108.147    107.145     6.5090    32.8752  1026.3082    25.8111     6.4997     34.578   101.5276    -0.0591      7.747     2.3943     3.4217    104.238    106.929  0.000e+00
   54.93862 -131.01022    205.735    108.228    107.225     6.5068    32.8755  1026.3090    25.8115     6.4975     34.577   101.5276    -0.0591      7.747     2.3943     3.4217    104.238    106.929  0.000e+00
   54.93862 -131.01022    205.760    108.228    107.225     6.5038    32.8766  1026.3103    25.8128     6.4945     34.576   101.5276    -0.0591      7.747     2.3944     3.4218    104.242    106.932  0.000e+00
   54.93862 -131.01022    205.767    108.261    107.257     6.5009    32.8773  1026.3113    25.8137     6.4916     34.576   101.5276    -0.0591      7.747     2.3945     3.4220    104.249    106.940  0.000e+00
   54.93862 -131.01022    205.760    108.228    107.225     6.4965    32.8810  1026.3147    25.8172     6.4872     34.628   101.5276    -0.0591      7.747     2.3983     3.4274    104.414    107.109  0.000e+00
   54.93862 -131.01022    205.792    108.285    107.281     6.4938    32.8819  1026.3161    25.8183     6.4846     34.572   101.5276    -0.0591      7.747     2.3946     3.4221    104.251    106.943  0.000e+00
   54.93862 -131.01022    205.832    108.325    107.321     6.4916    32.8819  1026.3165    25.8185     6.4823     34.568   101.5276    -0.0591      7.747     2.3945     3.4219    104.245    106.936  0.000e+00
   54.93862 -131.01022    205.792    108.285    107.281     6.4872    32.8843  1026.3188    25.8210     6.4779     34.572   101.5276    -0.0591      7.747     2.3949     3.4225    104.264    106.956  0.000e+00
   54.93862 -131.01022    205.880    108.350    107.345     6.4852    32.8855  1026.3203    25.8222     6.4760     34.570   101.5276    -0.0591      7.743     2.3948     3.4225    104.261    106.954  0.000e+00
   54.93862 -131.01022    205.856    108.325    107.321     6.4827    32.8869  1026.3216    25.8236     6.4734     34.568   101.5276    -0.0591      7.743     2.3949     3.4225    104.262    106.954  0.000e+00
   54.93862 -131.01022    205.912    108.406    107.401     6.4801    32.8888  1026.3238    25.8254     6.4708     34.511   101.5276    -0.0591      7.743     2.3910     3.4169    104.093    106.781  0.000e+00
   54.93862 -131.01022    205.936    108.406    107.401     6.4791    32.8894  1026.3244    25.8260     6.4698     34.504   101.5276    -0.0591      7.743     2.3906     3.4164    104.076    106.763  0.000e+00
   54.93862 -131.01022    205.912    108.382    107.377     6.4777    32.8900  1026.3249    25.8267     6.4684     34.499   101.5276    -0.0591      7.743     2.3903     3.4160    104.063    106.750  0.000e+00
   54.93862 -131.01022    205.936    108.406    107.401     6.4753    32.8914  1026.3265    25.8281     6.4660     34.495   101.5276    -0.0591      7.743     2.3901     3.4157    104.056    106.743  0.000e+00
   54.93862 -131.01022    205.992    108.463    107.457     6.4734    32.8929  1026.3282    25.8296     6.4641     34.493   101.5276    -0.0591      7.743     2.3900     3.4156    104.051    106.739  0.000e+00
   54.93862 -131.01022    205.952    108.447    107.441     6.4718    32.8936  1026.3289    25.8303     6.4625     34.491   101.5276    -0.0591      7.743     2.3900     3.4155    104.049    106.736  0.000e+00
   54.93862 -131.01022    205.992    108.463    107.457     6.4703    32.8948  1026.3301    25.8314     6.4610     34.433   101.5276    -0.0591      7.743     2.3860     3.4099    103.876    106.559  0.000e+00
   54.93862 -131.01022    206.056    108.527    107.521     6.4688    32.8956  1026.3312    25.8322     6.4595     34.484   101.5276    -0.0591      7.743     2.3897     3.4151    104.035    106.723  0.000e+00
   54.93862 -131.01022    206.152    108.625    107.618     6.4673    32.8974  1026.3332    25.8339     6.4580     34.480   101.5276    -0.0591      7.743     2.3894     3.4147    104.023    106.711  0.000e+00
   54.93862 -131.01022    205.968    108.463    107.457     6.4667    32.8982  1026.3332    25.8346     6.4574     34.474   101.5276    -0.0591      7.743     2.3891     3.4142    104.009    106.696  0.000e+00
   54.93862 -131.01022    206.112    108.584    107.578     6.4667    32.8982  1026.3338    25.8345     6.4574     34.478   101.5276    -0.0591      7.743     2.3893     3.4146    104.020    106.708  0.000e+00
   54.93862 -131.01022    206.088    108.560    107.553     6.4658    32.8988  1026.3343    25.8352     6.4565     34.483   101.5276    -0.0591      7.743     2.3897     3.4151    104.035    106.723  0.000e+00
   54.93862 -131.01022    206.168    108.641    107.634     6.4654    32.8995  1026.3353    25.8358     6.4561     34.489   101.5276    -0.0591      7.743     2.3901     3.4157    104.054    106.742  0.000e+00
   54.93862 -131.01022    206.168    108.641    107.634     6.4642    32.9009  1026.3365    25.8370     6.4549     34.438   101.5276    -0.0591      7.743     2.3866     3.4107    103.902    106.587  0.000e+00
   54.93862 -131.01022    206.128    108.625    107.618     6.4630    32.9020  1026.3374    25.8380     6.4537     34.439   101.5276    -0.0591      7.743     2.3868     3.4109    103.909    106.593  0.000e+00
   54.93862 -131.01022    206.233    108.705    107.698     6.4624    32.9024  1026.3382    25.8384     6.4531     34.500   101.5555    -0.0591      7.743     2.3910     3.4170    104.093    106.782  0.000e+00
   54.93862 -131.01022    206.208    108.705    107.698     6.4612    32.9036  1026.3393    25.8396     6.4519     34.446   101.6394    -0.0591      7.743     2.3873     3.4117    103.932    106.618  0.000e+00
   54.93862 -131.01022    206.273    108.746    107.738     6.4601    32.9048  1026.3406    25.8406     6.4508     34.445   101.6674    -0.0591      7.743     2.3873     3.4116    103.929    106.615  0.000e+00
   54.93862 -131.01022    206.328    108.827    107.818     6.4590    32.9058  1026.3419    25.8415     6.4497     34.444   101.6674    -0.0591      7.743     2.3873     3.4116    103.930    106.615  0.000e+00
   54.93862 -131.01022    206.289    108.762    107.754     6.4574    32.9076  1026.3432    25.8432     6.4481     34.495   101.6674    -0.0591      7.743     2.3908     3.4168    104.085    106.775  0.000e+00
   54.93862 -131.01022    206.449    108.924    107.914     6.4567    32.9085  1026.3448    25.8440     6.4474     34.503   101.6674    -0.0591      7.743     2.3914     3.4176    104.111    106.802  0.000e+00
   54.93862 -131.01022    206.328    108.827    107.818     6.4562    32.9091  1026.3449    25.8445     6.4469     34.447   101.6674    -0.0591      7.743     2.3875     3.4120    103.941    106.628  0.000e+00
   54.93862 -131.01022    206.465    108.940    107.930     6.4559    32.9091  1026.3454    25.8445     6.4466     34.443   101.6674    -0.0591      7.743     2.3873     3.4117    103.930    106.616  0.000e+00
   54.93862 -131.01022    206.465    108.940    107.930     6.4551    32.9098  1026.3461    25.8452     6.4458     34.389   101.6674    -0.0298      7.743     2.3836     3.4064    103.768    106.450  0.000e+00
   54.93862 -131.01022    206.569    109.045    108.034     6.4550    32.9101  1026.3468    25.8455     6.4457     34.387   101.6674    -0.0298      7.738     2.3835     3.4062    103.764    106.446  0.000e+00
   54.93862 -131.01022    206.505    109.005    107.994     6.4544    32.9106  1026.3471    25.8460     6.4450     34.386   101.6674    -0.0298      7.738     2.3834     3.4062    103.763    106.445  0.000e+00
   54.93862 -131.01022    206.561    109.061    108.050     6.4539    32.9109  1026.3477    25.8462     6.4446     34.330   101.6674    -0.0298      7.738     2.3796     3.4006    103.594    106.271  0.000e+00
   54.93862 -131.01022    206.601    109.102    108.090     6.4533    32.9114  1026.3483    25.8467     6.4440     34.326   101.6674    -0.0298      7.738     2.3793     3.4003    103.583    106.260  0.000e+00
   54.93862 -131.01022    206.705    109.183    108.170     6.4531    32.9119  1026.3492    25.8472     6.4437     34.324   101.6674    -0.0298      7.738     2.3792     3.4001    103.577    106.254  0.000e+00
   54.93862 -131.01022    206.705    109.183    108.170     6.4527    32.9119  1026.3492    25.8472     6.4434     34.316   101.6674    -0.0298      7.738     2.3787     3.3993    103.554    106.231  0.000e+00
   54.93862 -131.01022    206.721    109.223    108.210     6.4527    32.9117  1026.3492    25.8470     6.4434     34.310   101.6674    -0.0298      7.738     2.3782     3.3987    103.536    106.212  0.000e+00
   54.93862 -131.01022    206.761    109.239    108.226     6.4524    32.9122  1026.3497    25.8475     6.4431     34.305   101.6674    -0.0298      7.738     2.3779     3.3983    103.521    106.197  0.000e+00
   54.93862 -131.01022    206.881    109.361    108.347     6.4519    32.9124  1026.3505    25.8477     6.4426     34.302   101.6674    -0.0298      7.738     2.3777     3.3980    103.513    106.189  0.000e+00
   54.93862 -131.01022    206.857    109.336    108.323     6.4518    32.9125  1026.3505    25.8478     6.4424     34.242   101.6674    -0.0298      7.738     2.3736     3.3921    103.333    106.004  0.000e+00
   54.93862 -131.01022    206.946    109.425    108.411     6.4513    32.9129  1026.3513    25.8482     6.4419     34.236   101.6674    -0.0298      7.738     2.3731     3.3914    103.313    105.984  0.000e+00
   54.93862 -131.01022    206.946    109.425    108.411     6.4512    32.9130  1026.3514    25.8483     6.4418     34.223   101.6394    -0.0298      7.738     2.3723     3.3902    103.276    105.945  0.000e+00
   54.93862 -131.01022    206.922    109.401    108.387     6.4508    32.9134  1026.3516    25.8486     6.4414     34.212   101.6954    -0.0298      7.738     2.3715     3.3891    103.243    105.912  0.000e+00
   54.93862 -131.01022    207.154    109.660    108.643     6.4506    32.9140  1026.3533    25.8491     6.4412     34.210   101.6954    -0.0298      7.738     2.3714     3.3890    103.238    105.907  0.000e+00
   54.93862 -131.01022    207.122    109.603    108.587     6.4505    32.9137  1026.3529    25.8489     6.4411     34.209   101.6954    -0.0298      7.738     2.3713     3.3888    103.234    105.903  0.000e+00
   54.93862 -131.01022    207.098    109.579    108.563     6.4503    32.9138  1026.3528    25.8490     6.4409     34.145   101.6954    -0.0298      7.738     2.3669     3.3825    103.042    105.705  0.000e+00
   54.93862 -131.01022    207.234    109.717    108.699     6.4501    32.9139  1026.3535    25.8491     6.4407     34.134   101.6954    -0.0298      7.733     2.3662     3.3815    103.010    105.672  0.000e+00
   54.93862 -131.01022    207.234    109.717    108.699     6.4501    32.9142  1026.3538    25.8493     6.4407     34.125   101.6954    -0.0298      7.733     2.3655     3.3805    102.980    105.642  0.000e+00
   54.93864 -131.01022    207.298    109.781    108.763     6.4498    32.9142  1026.3541    25.8494     6.4404     34.117   101.6954    -0.0298      7.738     2.3650     3.3798    102.958    105.619  0.000e+00
   54.93864 -131.01022    207.314    109.822    108.803     6.4498    32.9140  1026.3542    25.8492     6.4404     34.118   101.6954    -0.0298      7.733     2.3650     3.3798    102.960    105.622  0.000e+00
   54.93864 -131.01022    207.394    109.903    108.884     6.4500    32.9136  1026.3542    25.8489     6.4406     34.056   101.6954    -0.0298      7.733     2.3607     3.3737    102.774    105.431  0.000e+00
   54.93864 -131.01022    207.418    109.903    108.884     6.4496    32.9145  1026.3549    25.8496     6.4402     34.047   101.6954    -0.0298      7.733     2.3601     3.3728    102.747    105.403  0.000e+00
   54.93864 -131.01022    207.490    110.000    108.980     6.4496    32.9143  1026.3552    25.8495     6.4402     34.040   101.6954    -0.0298      7.733     2.3596     3.3722    102.726    105.382  0.000e+00
   54.93864 -131.01022    207.530    110.016    108.996     6.4496    32.9144  1026.3554    25.8496     6.4402     33.977   101.6954    -0.0298      7.733     2.3553     3.3660    102.537    105.188  0.000e+00
   54.93864 -131.01022    207.595    110.081    109.060     6.4498    32.9139  1026.3552    25.8491     6.4404     33.968   101.6954    -0.0298      7.733     2.3546     3.3650    102.509    105.158  0.000e+00
   54.93864 -131.01022    207.666    110.178    109.156     6.4496    32.9141  1026.3559    25.8493     6.4402     33.954   101.6954    -0.0298      7.733     2.3537     3.3636    102.467    105.115  0.000e+00
   54.93864 -131.01022    207.651    110.137    109.116     6.4495    32.9143  1026.3559    25.8495     6.4401     33.941   101.6954    -0.0298      7.733     2.3528     3.3624    102.429    105.076  0.000e+00
   54.93864 -131.01022    207.746    110.259    109.236     6.4496    32.9141  1026.3563    25.8494     6.4402     33.931   101.6954    -0.0298      7.733     2.3521     3.3614    102.398    105.045  0.000e+00
   54.93864 -131.01022    207.827    110.315    109.292     6.4498    32.9138  1026.3562    25.8490     6.4403     33.923   101.6954    -0.0298      7.733     2.3515     3.3606    102.373    105.019  0.000e+00
   54.93864 -131.01022    207.811    110.299    109.276     6.4496    32.9142  1026.3566    25.8494     6.4402     33.916   101.6954    -0.0298      7.733     2.3511     3.3599    102.353    104.999  0.000e+00
   54.93864 -131.01022    207.923    110.437    109.412     6.4500    32.9136  1026.3566    25.8489     6.4405     33.855   101.6954    -0.0298      7.733     2.3468     3.3538    102.166    104.807  0.000e+00
   54.93864 -131.01022    208.011    110.501    109.476     6.4500    32.9136  1026.3569    25.8489     6.4405     33.839   101.6954    -0.0298      7.733     2.3457     3.3522    102.119    104.758  0.000e+00
   54.93864 -131.01022    207.987    110.477    109.452     6.4500    32.9137  1026.3569    25.8490     6.4405     33.831   101.8632    -0.0298      7.733     2.3452     3.3515    102.097    104.736  0.000e+00
   54.93864 -131.01022    208.067    110.558    109.533     6.4505    32.9134  1026.3570    25.8487     6.4410     33.827   101.9471    -0.0298      7.733     2.3448     3.3510    102.081    104.720  0.000e+00
   54.93864 -131.01022    208.123    110.615    109.589     6.4503    32.9135  1026.3573    25.8488     6.4408     33.824   101.9751    -0.0298      7.733     2.3447     3.3508    102.074    104.713  0.000e+00
   54.93864 -131.01022    208.163    110.679    109.653     6.4498    32.9137  1026.3579    25.8490     6.4404     33.824   101.9751    -0.0298      7.733     2.3447     3.3508    102.074    104.713  0.000e+00
   54.93864 -131.01022    208.228    110.720    109.693     6.4495    32.9140  1026.3584    25.8493     6.4400     33.826   101.9471    -0.0298      7.733     2.3448     3.3510    102.081    104.719  0.000e+00
   54.93864 -131.01022    208.275    110.793    109.765     6.4491    32.9141  1026.3588    25.8494     6.4396     33.773   101.9471    -0.0298      7.733     2.3411     3.3457    101.921    104.555  0.000e+00
