EcoFOCI/data/1_SampleCollection/2022_GOA-OA_CruiseData/CTD_raw_BottleFile_RC0083/RC0083_105.cnv
* Sea-Bird SBE 9 Data File:
* FileName = C:\Data\RC0083ctd\RC0083_105.hex
* Software Version Seasave V 7.26.7.107
* Temperature SN = 2060
* Conductivity SN = 2881
* Number of Bytes Per Scan = 31
* Number of Voltage Words = 4
* Number of Scans Averaged by the Deck Unit = 1
* NMEA Latitude = 56 27.76 N
* NMEA Longitude = 132 24.79 W
* NMEA UTC (Time) = Aug 23 2022  02:09:40
* NMEA baud rate = 4800
** Ship: R/V Rachel Carson
** Cruise ID: RC0083
** Tech: McHugh/Nomura
** Chief Scientist: Cross
** Station: WI1
** Cast:  CTD105
# nquan = 19
# nvalues = 9056                                  
# units = specified
# name 0 = latitude: Latitude [deg]
# name 1 = longitude: Longitude [deg]
# name 2 = sfdSM: Seafloor depth [salt water, m]
# name 3 = prDM: Pressure, Digiquartz [db]
# name 4 = depSM: Depth [salt water, m]
# name 5 = t090C: Temperature [ITS-90, deg C]
# name 6 = sal00: Salinity, Practical [PSU]
# name 7 = density00: Density [density, kg/m^3]
# name 8 = sigma-é00: Density [sigma-theta, kg/m^3]
# name 9 = potemp090C: Potential Temperature [ITS-90, deg C]
# name 10 = sbeox0PS: Oxygen, SBE 43 [% saturation]
# name 11 = CStarTr0: Beam Transmission, WET Labs C-Star [%]
# name 12 = flECO-AFL: Fluorescence, WET Labs ECO-AFL/FL [mg/m^3]
# name 13 = ph: pH
# name 14 = sbeox0ML/L: Oxygen, SBE 43 [ml/l]
# name 15 = sbeox0Mg/L: Oxygen, SBE 43 [mg/l]
# name 16 = sbox0Mm/Kg: Oxygen, SBE 43 [umol/kg]
# name 17 = sbeox0Mm/L: Oxygen, SBE 43 [umol/l]
# name 18 = flag:  0.000e+00
# span 0 =   56.46226,   56.46260                 
# span 1 = -132.41318, -132.41074                 
# span 2 =      2.214,    183.827                 
# span 3 =      1.613,    113.156                 
# span 4 =      1.598,    112.092                 
# span 5 =     6.1267,    14.3893                 
# span 6 =     2.1118,    33.1219                 
# span 7 =  1001.1357,  1026.5747                 
# span 8 =     1.1276,    26.0542                 
# span 9 =     6.1173,    14.3889                 
# span 10 =     26.124,    109.922                
# span 11 =     0.0001,    97.8916                
# span 12 =    -0.0591,     3.5160                
# span 13 =      7.657,      8.628                
# span 14 =     1.8220,     7.7868                
# span 15 =     2.6039,    11.1281                
# span 16 =     79.306,    347.240                
# span 17 =     81.372,    347.759                
# span 18 = 0.0000e+00, 0.0000e+00                
# interval = seconds: 0.0416667
# start_time = Aug 23 2022 02:09:40 [NMEA time, header]
# bad_flag = -9.990e-29
*END*
[from data line 534]
   56.46256 -132.41290    102.839      4.294      4.255    12.8524    22.6362  1016.8830    16.8635    12.8518     92.876    62.2591     2.0801      8.323     5.9658     8.5257    262.013    266.431  0.000e+00
   56.46256 -132.41290    102.727      4.181      4.143    12.8430    22.6505  1016.8951    16.8762    12.8425     93.234    62.2591     2.0801      8.323     5.9894     8.5595    263.049    267.488  0.000e+00
   56.46256 -132.41290    102.743      4.197      4.159    12.8112    22.7001  1016.9390    16.9200    12.8107     93.604    62.2591     2.0801      8.323     6.0154     8.5966    264.178    268.648  0.000e+00
   56.46256 -132.41290    102.727      4.181      4.143    12.8078    22.7097  1016.9469    16.9280    12.8073     94.010    62.2591     2.0801      8.323     6.0416     8.6340    265.325    269.816  0.000e+00
   56.46256 -132.41290    102.743      4.197      4.159    12.8292    22.6849  1016.9241    16.9051    12.8287     94.359    62.2591     2.0801      8.328     6.0622     8.6634    266.235    270.736  0.000e+00
   56.46256 -132.41290    102.727      4.181      4.143    12.8624    22.6474  1016.8893    16.8704    12.8619     94.695    62.2591     2.0801      8.328     6.0809     8.6902    267.068    271.573  0.000e+00
   56.46256 -132.41290    102.686      4.141      4.103    12.9008    22.5986  1016.8448    16.8260    12.9003     94.972    62.2591     2.0801      8.328     6.0956     8.7112    267.723    272.228  0.000e+00
   56.46256 -132.41290    102.727      4.181      4.143    12.9839    22.4951  1016.7506    16.7316    12.9834     95.271    62.2591     2.0801      8.332     6.1079     8.7289    268.292    272.780  0.000e+00
   56.46256 -132.41290    102.662      4.117      4.079    13.0756    22.3550  1016.6261    16.6075    13.0751     95.561    62.2591     2.0801      8.332     6.1200     8.7461    268.854    273.319  0.000e+00
   56.46256 -132.41290    102.686      4.141      4.103    13.1969    22.1771  1016.4676    16.4488    13.1964     95.884    62.2591     2.1094      8.331     6.1317     8.7629    269.412    273.843  0.000e+00
   56.46256 -132.41290    102.606      4.060      4.023    13.2890    22.0337  1016.3404    16.3220    13.2885     96.112    62.2591     2.0801      8.335     6.1398     8.7744    269.800    274.204  0.000e+00
   56.46256 -132.41290    102.630      4.084      4.047    13.3467    21.9426  1016.2600    16.2415    13.3463     96.456    62.2591     2.0801      8.335     6.1578     8.8001    270.613    275.008  0.000e+00
   56.46256 -132.41290    102.606      4.060      4.023    13.3929    21.8701  1016.1958    16.1775    13.3924     96.756    62.2591     2.0801      8.335     6.1737     8.8229    271.330    275.719  0.000e+00
   56.46256 -132.41290    102.566      4.020      3.983    13.4302    21.7794  1016.1191    16.1009    13.4297     97.055    62.2591     2.0801      8.335     6.1914     8.8482    272.127    276.509  0.000e+00
   56.46256 -132.41290    102.606      4.060      4.023    13.4681    21.6743  1016.0316    16.0132    13.4676     97.300    61.0005     2.0801      8.334     6.2062     8.8692    272.799    277.167  0.000e+00
   56.46256 -132.41290    102.606      4.060      4.023    13.4614    21.6527  1016.0162    15.9978    13.4609     97.611    60.1055     2.0801      8.334     6.2277     8.9000    273.749    278.128  0.000e+00
   56.46256 -132.41290    102.510      3.963      3.927    13.4388    21.6888  1016.0476    16.0296    13.4383     97.922    59.9657     2.0801      8.339     6.2491     8.9306    274.683    279.086  0.000e+00
   56.46256 -132.41290    102.606      4.060      4.023    13.3989    21.7486  1016.1012    16.0828    13.3984     98.244    60.0216     2.0801      8.339     6.2726     8.9642    275.700    280.134  0.000e+00
   56.46256 -132.41290    102.566      4.020      3.983    13.3459    21.8152  1016.1618    16.1436    13.3454     98.569    60.0496     2.0801      8.340     6.2978     9.0002    276.792    281.260  0.000e+00
   56.46256 -132.41290    102.550      4.003      3.967    13.2917    21.8806  1016.2217    16.2036    13.2912     98.840    60.0496     2.0801      8.340     6.3198     9.0316    277.741    282.241  0.000e+00
   56.46256 -132.41290    102.510      3.963      3.927    13.2408    21.9449  1016.2801    16.2622    13.2403     99.153    60.0496     2.0801      8.340     6.3440     9.0663    278.791    283.325  0.000e+00
   56.46256 -132.41290    102.550      4.003      3.967    13.2125    21.9874  1016.3181    16.2999    13.2120     99.394    60.0496     2.0801      8.340     6.3616     9.0914    279.553    284.109  0.000e+00
   56.46256 -132.41290    102.486      3.939      3.903    13.2011    22.0051  1016.3334    16.3156    13.2006     99.624    60.0496     2.0801      8.340     6.3771     9.1135    280.230    284.802  0.000e+00
   56.46256 -132.41290    102.454      3.907      3.871    13.1902    22.0214  1016.3478    16.3301    13.1897     99.847    60.0496     2.0801      8.345     6.3922     9.1351    280.889    285.476  0.000e+00
   56.46256 -132.41290    102.486      3.939      3.903    13.1879    22.0144  1016.3429    16.3251    13.1875    100.163    60.0496     2.0801      8.345     6.4131     9.1649    281.807    286.407  0.000e+00
   56.46256 -132.41290    102.454      3.907      3.871    13.1997    21.9859  1016.3187    16.3010    13.1993    100.365    60.0496     2.0801      8.345     6.4255     9.1827    282.362    286.965  0.000e+00
   56.46256 -132.41290    102.430      3.882      3.847    13.2096    21.9683  1016.3033    16.2857    13.2092    100.561    60.0496     2.0801      8.345     6.4374     9.1997    282.889    287.496  0.000e+00
   56.46256 -132.41290    102.454      3.907      3.871    13.2112    21.9638  1016.2997    16.2820    13.2107    100.760    60.0496     2.0801      8.345     6.4501     9.2179    283.447    288.062  0.000e+00
   56.46256 -132.41290    102.430      3.882      3.847    13.2211    21.9401  1016.2796    16.2620    13.2206    101.000    60.0496     2.0801      8.345     6.4651     9.2393    284.113    288.733  0.000e+00
   56.46256 -132.41290    102.430      3.882      3.847    13.2508    21.8847  1016.2316    16.2140    13.2503    101.175    60.0496     2.1094      8.345     6.4745     9.2527    284.536    289.150  0.000e+00
   56.46256 -132.41290    102.390      3.842      3.807    13.2801    21.8259  1016.1809    16.1635    13.2796    101.401    60.0496     2.0801      8.345     6.4873     9.2710    285.113    289.722  0.000e+00
   56.46256 -132.41290    102.366      3.818      3.783    13.3260    21.7415  1016.1076    16.0903    13.3255    101.561    60.0496     2.0801      8.344     6.4947     9.2815    285.459    290.052  0.000e+00
   56.46256 -132.41288    102.390      3.842      3.807    13.4053    21.5990  1015.9839    15.9665    13.4048    101.758    60.0496     2.1094      8.349     6.5021     9.2922    285.822    290.385  0.000e+00
   56.46256 -132.41288    102.366      3.818      3.783    13.5231    21.3964  1015.8067    15.7894    13.5226    101.927    60.0496     2.0801      8.348     6.5050     9.2963    285.997    290.513  0.000e+00
   56.46256 -132.41288    102.334      3.785      3.751    13.6183    21.2101  1015.6461    15.6289    13.6178    102.057    54.3998     2.1094      8.348     6.5077     9.3002    286.163    290.635  0.000e+00
   56.46256 -132.41288    102.310      3.761      3.727    13.6755    21.0966  1015.5483    15.5313    13.6751    102.203    48.1627     2.1094      8.347     6.5138     9.3088    286.457    290.906  0.000e+00
   56.46256 -132.41288    102.270      3.721      3.687    13.7167    21.0301  1015.4896    15.4727    13.7163    102.354    46.7363     2.1094      8.347     6.5205     9.3184    286.768    291.205  0.000e+00
   56.46256 -132.41288    102.366      3.818      3.783    13.7568    20.9734  1015.4391    15.4218    13.7563    102.507    47.0160     2.1094      8.347     6.5270     9.3278    287.070    291.497  0.000e+00
   56.46256 -132.41288    102.310      3.761      3.727    13.7925    20.9154  1015.3878    15.3707    13.7920    102.653    47.2677     2.1094      8.347     6.5338     9.3374    287.380    291.798  0.000e+00
   56.46256 -132.41288    102.270      3.721      3.687    13.7880    20.9019  1015.3780    15.3612    13.7876    102.762    47.3237     2.1094      8.347     6.5419     9.3490    287.741    292.161  0.000e+00
   56.46256 -132.41288    102.310      3.761      3.727    13.7400    20.9311  1015.4094    15.3923    13.7395    102.938    47.3237     2.1094      8.347     6.5585     9.3727    288.462    292.902  0.000e+00
   56.46256 -132.41288    102.270      3.721      3.687    13.6814    20.9658  1015.4464    15.4296    13.6809    103.116    47.2957     2.1094      8.347     6.5765     9.3985    289.244    293.707  0.000e+00
   56.46256 -132.41288    102.254      3.705      3.671    13.6845    20.9182  1015.4092    15.3924    13.6840    103.208    47.2957     2.1094      8.352     6.5839     9.4091    289.581    294.039  0.000e+00
   56.46256 -132.41288    102.270      3.721      3.687    13.7464    20.7604  1015.2767    15.2599    13.7459    103.322    47.2957     2.1094      8.352     6.5891     9.4164    289.845    294.268  0.000e+00
   56.46256 -132.41288    102.190      3.640      3.607    13.7828    20.6665  1015.1976    15.1811    13.7823    103.392    47.2957     2.1094      8.352     6.5923     9.4211    290.010    294.413  0.000e+00
   56.46256 -132.41288    102.254      3.705      3.671    13.8185    20.6131  1015.1503    15.1336    13.8180    103.460    47.2957     2.1094      8.352     6.5939     9.4233    290.092    294.482  0.000e+00
   56.46256 -132.41288    102.214      3.664      3.631    13.8670    20.5165  1015.0671    15.0506    13.8666    103.516    47.2957     2.1094      8.351     6.5947     9.4244    290.151    294.518  0.000e+00
   56.46256 -132.41288    102.134      3.584      3.551    13.9075    20.4170  1014.9829    14.9666    13.9071    103.571    47.2957     2.1094      8.351     6.5967     9.4273    290.262    294.606  0.000e+00
   56.46256 -132.41288    102.214      3.664      3.631    13.9343    20.3503  1014.9272    14.9106    13.9338    103.631    47.2957     2.1094      8.351     6.5995     9.4314    290.405    294.735  0.000e+00
   56.46256 -132.41288    102.190      3.640      3.607    13.9495    20.3134  1014.8959    14.8795    13.9490    103.801    47.2957     2.1094      8.351     6.6097     9.4459    290.862    295.189  0.000e+00
   56.46256 -132.41288    102.158      3.608      3.575    13.9601    20.2721  1014.8621    14.8457    13.9597    103.869    47.2957     2.1094      8.351     6.6143     9.4525    291.074    295.395  0.000e+00
   56.46256 -132.41288    102.134      3.584      3.551    13.9734    20.2098  1014.8116    14.7954    13.9729    103.934    47.2957     2.1094      8.351     6.6191     9.4594    291.301    295.611  0.000e+00
   56.46256 -132.41288    102.094      3.543      3.511    13.9869    20.1282  1014.7463    14.7303    13.9864    104.001    47.2957     2.1094      8.355     6.6249     9.4676    291.571    295.866  0.000e+00
   56.46256 -132.41288    102.190      3.640      3.607    14.0031    20.0093  1014.6525    14.6360    14.0026    104.120    47.2957     2.1094      8.355     6.6351     9.4822    292.049    296.323  0.000e+00
   56.46256 -132.41288    102.134      3.584      3.551    14.0191    19.8844  1014.5533    14.5371    14.0187    104.186    42.3732     2.1387      8.355     6.6422     9.4924    292.390    296.641  0.000e+00
   56.46256 -132.41288    102.094      3.543      3.511    14.0157    19.8255  1014.5084    14.4924    14.0153    104.309    33.1714     2.1680      8.355     6.6529     9.5077    292.875    297.119  0.000e+00
   56.46256 -132.41288    102.014      3.462      3.431    14.0372    19.7063  1014.4126    14.3969    14.0367    104.369    30.4024     2.1680      8.355     6.6587     9.5159    293.156    297.377  0.000e+00
   56.46256 -132.41286    102.158      3.608      3.575    14.0863    19.4444  1014.2032    14.1868    14.0859    104.366    30.5702     2.1680      8.360     6.6624     9.5213    293.382    297.544  0.000e+00
   56.46256 -132.41286    102.134      3.584      3.551    14.1185    19.2204  1014.0252    14.0089    14.1180    104.476    30.9898     2.1680      8.359     6.6742     9.5381    293.951    298.069  0.000e+00
   56.46256 -132.41286    102.038      3.487      3.455    14.0759    19.2597  1014.0626    14.0468    14.0755    104.562    31.1017     2.1680      8.360     6.6840     9.5521    294.371    298.506  0.000e+00
   56.46256 -132.41286    102.078      3.527      3.495    13.9860    19.5267  1014.2841    14.2682    13.9856    104.673    31.0737     2.1680      8.365     6.6926     9.5645    294.689    298.893  0.000e+00
   56.46256 -132.41286    101.862      3.309      3.279    13.9402    19.7054  1014.4288    14.4138    13.9398    104.762    31.0457     2.1680      8.365     6.6974     9.5713    294.856    299.106  0.000e+00
   56.46256 -132.41286    102.134      3.584      3.551    13.9426    19.6958  1014.4222    14.4059    13.9421    104.894    31.0457     2.1680      8.365     6.7059     9.5834    295.232    299.485  0.000e+00
   56.46256 -132.41286    102.014      3.462      3.431    13.9501    19.6519  1014.3866    14.3709    13.9496    104.965    31.0457     2.1680      8.370     6.7112     9.5910    295.476    299.722  0.000e+00
   56.46256 -132.41286    101.974      3.422      3.391    13.9611    19.6072  1014.3501    14.3346    13.9606    105.091    31.0457     2.1680      8.370     6.7196     9.6029    295.854    300.095  0.000e+00
   56.46256 -132.41286    101.958      3.406      3.375    13.9840    19.5521  1014.3035    14.2881    13.9836    105.165    31.0457     2.1680      8.374     6.7233     9.6083    296.034    300.264  0.000e+00
   56.46256 -132.41286    102.038      3.487      3.455    13.9877    19.5363  1014.2910    14.2752    13.9873    105.249    31.0457     2.1680      8.374     6.7289     9.6162    296.282    300.511  0.000e+00
   56.46256 -132.41286    101.958      3.406      3.375    13.9786    19.5641  1014.3137    14.2983    13.9782    105.339    31.0457     2.1680      8.374     6.7347     9.6246    296.533    300.772  0.000e+00
   56.46256 -132.41286    101.918      3.365      3.335    13.9638    19.6168  1014.3567    14.3414    13.9633    105.429    31.0457     2.1680      8.379     6.7404     9.6327    296.770    301.026  0.000e+00
   56.46256 -132.41286    101.958      3.406      3.375    13.9358    19.6596  1014.3948    14.3794    13.9354    105.528    31.0457     2.1680      8.379     6.7489     9.6449    297.133    301.406  0.000e+00
   56.46256 -132.41286    101.894      3.341      3.311    13.9094    19.6811  1014.4158    14.4007    13.9090    105.624    31.0457     2.1680      8.384     6.7579     9.6577    297.522    301.806  0.000e+00
   56.46256 -132.41286    101.974      3.422      3.391    13.8944    19.6981  1014.4320    14.4164    13.8940    105.716    31.0457     2.1680      8.389     6.7651     9.6681    297.838    302.132  0.000e+00
   56.46256 -132.41286    101.894      3.341      3.311    13.8841    19.6893  1014.4266    14.4115    13.8837    105.802    31.0457     2.1680      8.389     6.7725     9.6786    298.164    302.461  0.000e+00
   56.46256 -132.41286    101.862      3.309      3.279    13.8626    19.6195  1014.3767    14.3617    13.8622    105.902    31.0457     2.1680      8.393     6.7849     9.6963    298.724    303.014  0.000e+00
   56.46256 -132.41286    101.894      3.341      3.311    13.8510    19.5277  1014.3083    14.2932    13.8506    105.998    29.2277     2.1387      8.394     6.7966     9.7130    299.259    303.537  0.000e+00
