EcoFOCI/data/1_SampleCollection/2022_GOA-OA_CruiseData/CTD_raw_BottleFile_RC0083/RC0083_042.ros
* Sea-Bird SBE 9 Data File:
* FileName = C:\Data\RC0083ctd\RC0083_042.hex
* Software Version Seasave V 7.26.7.107
* Temperature SN = 2060
* Conductivity SN = 1084
* Number of Bytes Per Scan = 31
* Number of Voltage Words = 4
* Number of Scans Averaged by the Deck Unit = 1
* NMEA Latitude = 58 06.53 N
* NMEA Longitude = 136 31.59 W
* NMEA UTC (Time) = Aug 18 2022  21:43:42
* NMEA baud rate = 4800
** Ship: R/V Rachel Carson
** Cruise ID: RC0083
** Tech: McHugh/Nomura
** Chief Scientist: Cross
** Station: XS1
** Cast:  CTD042
# nquan = 21
# nvalues = 245                                   
# units = specified
# name 0 = latitude: Latitude [deg]
# name 1 = longitude: Longitude [deg]
# name 2 = sfdSM: Seafloor depth [salt water, m]
# name 3 = prDM: Pressure, Digiquartz [db]
# name 4 = depSM: Depth [salt water, m]
# name 5 = t090C: Temperature [ITS-90, deg C]
# name 6 = sal00: Salinity, Practical [PSU]
# name 7 = density00: Density [density, kg/m^3]
# name 8 = sigma-é00: Density [sigma-theta, kg/m^3]
# name 9 = potemp090C: Potential Temperature [ITS-90, deg C]
# name 10 = sbeox0PS: Oxygen, SBE 43 [% saturation]
# name 11 = CStarTr0: Beam Transmission, WET Labs C-Star [%]
# name 12 = flECO-AFL: Fluorescence, WET Labs ECO-AFL/FL [mg/m^3]
# name 13 = ph: pH
# name 14 = sbeox0ML/L: Oxygen, SBE 43 [ml/l]
# name 15 = sbeox0Mg/L: Oxygen, SBE 43 [mg/l]
# name 16 = sbox0Mm/Kg: Oxygen, SBE 43 [umol/kg]
# name 17 = sbeox0Mm/L: Oxygen, SBE 43 [umol/l]
# name 18 = scan: Scan Count
# name 19 = nbf: Bottles Fired
# name 20 = flag:  0.000e+00
# interval = seconds: 0.0416667
# start_time = Aug 18 2022 21:43:42 [NMEA time, header]
# bad_flag = -9.990e-29
*END*
[from data line 138]
   58.10848 -136.52466     41.682     24.893     24.661    13.0764    31.2001  1023.5480    23.4368    13.0731     93.576    96.5211     1.3475      8.242     5.6709     8.1043    247.462    253.262       7772          3  0.000e+00
   58.10848 -136.52466     41.738     24.950     24.717    13.0765    31.1999  1023.5480    23.4366    13.0732     93.564    96.5211     1.3768      8.242     5.6702     8.1032    247.430    253.229       7773          3  0.000e+00
   58.10848 -136.52464     41.682     24.893     24.661    13.0766    31.2004  1023.5481    23.4369    13.0733     93.551    96.5211     1.4061      8.242     5.6693     8.1020    247.393    253.191       7774          3  0.000e+00
   58.10848 -136.52464     41.762     24.950     24.717    13.0772    31.2002  1023.5482    23.4367    13.0739     93.592    96.5211     1.4061      8.242     5.6717     8.1054    247.498    253.299       7775          3  0.000e+00
   58.10848 -136.52464     44.514     24.893     24.661    13.0774    31.2000  1023.5477    23.4365    13.0741     93.583    96.5211     1.4061      8.242     5.6712     8.1047    247.475    253.275       7776          3  0.000e+00
   58.10848 -136.52464     66.273     24.893     24.661    13.0772    31.2003  1023.5479    23.4367    13.0739     93.580    96.5211     1.4061      8.242     5.6710     8.1045    247.468    253.268       7777          3  0.000e+00
   58.10848 -136.52464     76.822     24.893     24.661    13.0764    31.2002  1023.5480    23.4368    13.0731     93.578    96.5491     1.4061      8.242     5.6709     8.1043    247.465    253.264       7778          3  0.000e+00
   58.10848 -136.52464     77.830     24.950     24.717    13.0764    31.2003  1023.5484    23.4369    13.0731     93.575    96.6330     1.4061      8.242     5.6708     8.1041    247.458    253.257       7779          3  0.000e+00
   58.10848 -136.52464     76.846     24.893     24.661    13.0769    31.2002  1023.5480    23.4368    13.0736     93.571    96.6330     1.4061      8.242     5.6705     8.1037    247.444    253.244       7780          3  0.000e+00
   58.10844 -136.52434     75.663     10.166     10.071    13.7708    31.2225  1023.3616    23.3164    13.7694    100.494    93.2767     1.8749      8.295     6.0027     8.5785    261.975    268.083       9179          4  0.000e+00
   58.10844 -136.52434     75.639     10.166     10.071    13.7703    31.2223  1023.3616    23.3164    13.7689    100.534    93.2767     1.8749      8.296     6.0052     8.5820    262.082    268.192       9180          4  0.000e+00
   58.10844 -136.52434     75.703     10.230     10.135    13.7695    31.2223  1023.3621    23.3165    13.7681    100.527    93.2487     1.8749      8.296     6.0049     8.5816    262.069    268.179       9181          4  0.000e+00
   58.10844 -136.52434     75.607     10.133     10.039    13.7692    31.2226  1023.3619    23.3168    13.7678    100.519    93.2487     1.8749      8.296     6.0044     8.5809    262.047    268.157       9182          4  0.000e+00
   58.10844 -136.52434     75.583     10.109     10.015    13.7686    31.2223  1023.3617    23.3167    13.7673    100.458    93.2767     1.8749      8.296     6.0009     8.5759    261.894    268.000       9183          4  0.000e+00
   58.10844 -136.52434     75.703     10.230     10.135    13.7684    31.2225  1023.3624    23.3168    13.7670    100.448    93.2767     1.8749      8.296     6.0003     8.5750    261.867    267.973       9184          4  0.000e+00
   58.10844 -136.52434     75.607     10.133     10.039    13.7677    31.2227  1023.3623    23.3172    13.7664    100.435    93.2487     1.8749      8.296     5.9996     8.5741    261.838    267.943       9185          4  0.000e+00
   58.10844 -136.52434     75.639     10.166     10.071    13.7676    31.2224  1023.3622    23.3170    13.7662    100.425    93.2767     1.8749      8.296     5.9990     8.5732    261.811    267.916       9186          4  0.000e+00
   58.10844 -136.52434     75.703     10.230     10.135    13.7675    31.2224  1023.3626    23.3170    13.7661    100.415    93.2767     1.8749      8.296     5.9984     8.5724    261.786    267.890       9187          4  0.000e+00
   58.10844 -136.52434     75.583     10.109     10.015    13.7678    31.2223  1023.3619    23.3169    13.7664    100.403    93.2767     1.8749      8.296     5.9977     8.5713    261.754    267.858       9188          4  0.000e+00
   58.10844 -136.52434     75.671     10.198     10.103    13.7681    31.2232  1023.3629    23.3175    13.7667    100.395    93.2767     1.8749      8.296     5.9971     8.5705    261.729    267.832       9189          4  0.000e+00
   58.10844 -136.52434     75.639     10.166     10.071    13.7690    31.2231  1023.3625    23.3172    13.7676    100.385    93.2767     1.8749      8.296     5.9964     8.5695    261.699    267.801       9190          4  0.000e+00
   58.10844 -136.52434     75.583     10.109     10.015    13.7693    31.2229  1023.3620    23.3170    13.7679    100.375    93.2767     1.8749      8.296     5.9958     8.5687    261.673    267.774       9191          4  0.000e+00
   58.10844 -136.52434     75.607     10.133     10.039    13.7701    31.2235  1023.3624    23.3173    13.7687    100.314    93.2767     1.8749      8.296     5.9921     8.5633    261.508    267.605       9192          4  0.000e+00
   58.10844 -136.52434     75.639     10.166     10.071    13.7705    31.2231  1023.3622    23.3169    13.7691    100.307    93.2208     1.8749      8.296     5.9916     8.5626    261.488    267.585       9193          4  0.000e+00
   58.10844 -136.52434     75.583     10.109     10.015    13.7713    31.2223  1023.3611    23.3161    13.7700    100.300    93.1648     1.8749      8.295     5.9911     8.5619    261.466    267.562       9194          4  0.000e+00
   58.10844 -136.52434     75.583     10.109     10.015    13.7721    31.2228  1023.3614    23.3163    13.7707    100.294    93.1369     1.8749      8.295     5.9906     8.5612    261.446    267.542       9195          4  0.000e+00
   58.10844 -136.52434     70.625     10.133     10.039    13.7728    31.2228  1023.3614    23.3162    13.7714    100.289    93.1089     1.8749      8.295     5.9903     8.5607    261.430    267.526       9196          4  0.000e+00
   58.10844 -136.52434     41.517     10.109     10.015    13.7736    31.2227  1023.3610    23.3160    13.7723    100.285    93.1369     1.8749      8.295     5.9899     8.5602    261.415    267.510       9197          4  0.000e+00
   58.10844 -136.52434     28.379     10.109     10.015    13.7745    31.2223  1023.3605    23.3155    13.7731    100.282    93.1369     1.8749      8.295     5.9896     8.5598    261.403    267.497       9198          4  0.000e+00
   58.10844 -136.52434     27.395     10.077      9.983    13.7753    31.2228  1023.3606    23.3157    13.7739    100.279    93.1369     1.8749      8.295     5.9894     8.5594    261.390    267.485       9199          4  0.000e+00
   58.10844 -136.52434     28.584     10.044      9.951    13.7760    31.2229  1023.3604    23.3157    13.7746    100.277    93.1369     1.8749      8.295     5.9892     8.5591    261.382    267.476       9200          4  0.000e+00
   58.10844 -136.52434     29.331     10.109     10.015    13.7774    31.2232  1023.3606    23.3156    13.7760    100.278    93.1369     1.8749      8.295     5.9890     8.5589    261.375    267.469       9201          4  0.000e+00
   58.10844 -136.52434     29.846      9.988      9.895    13.7785    31.2235  1023.3601    23.3156    13.7772    100.224    93.1369     1.8749      8.295     5.9856     8.5541    261.227    267.318       9202          4  0.000e+00
   58.10844 -136.52434     30.130     10.077      9.983    13.7794    31.2232  1023.3601    23.3152    13.7780    100.274    93.1369     1.8749      8.295     5.9885     8.5582    261.355    267.448       9203          4  0.000e+00
   58.10844 -136.52434     30.042      9.988      9.895    13.7805    31.2236  1023.3598    23.3153    13.7791    100.275    93.1369     1.8749      8.295     5.9885     8.5581    261.351    267.445       9204          4  0.000e+00
   58.10844 -136.52434     30.073     10.044      9.951    13.7814    31.2235  1023.3598    23.3150    13.7800    100.279    93.1369     1.8749      8.295     5.9886     8.5583    261.357    267.450       9205          4  0.000e+00
   58.10844 -136.52434     30.017     10.012      9.919    13.7821    31.2240  1023.3599    23.3153    13.7807    100.283    93.1369     1.8749      8.295     5.9887     8.5585    261.362    267.456       9206          4  0.000e+00
   58.10844 -136.52434     29.937      9.931      9.839    13.7823    31.2238  1023.3593    23.3151    13.7809    100.234    93.1369     1.8749      8.295     5.9858     8.5543    261.234    267.325       9207          4  0.000e+00
   58.10844 -136.52434     29.993      9.988      9.895    13.7826    31.2239  1023.3596    23.3151    13.7812    100.236    93.1369     1.8749      8.295     5.9858     8.5543    261.236    267.327       9208          4  0.000e+00
   58.10844 -136.52434     29.993      9.988      9.895    13.7828    31.2240  1023.3596    23.3151    13.7814    100.238    93.1369     1.8749      8.295     5.9859     8.5545    261.240    267.331       9209          4  0.000e+00
   58.10844 -136.52434     29.905      9.899      9.807    13.7834    31.2239  1023.3590    23.3150    13.7821    100.240    93.1369     1.8749      8.295     5.9860     8.5545    261.242    267.333       9210          4  0.000e+00
   58.10844 -136.52434     29.937      9.931      9.839    13.7829    31.2239  1023.3593    23.3151    13.7815    100.297    93.1369     1.8749      8.295     5.9895     8.5595    261.395    267.490       9211          4  0.000e+00
   58.10844 -136.52434     29.937      9.931      9.839    13.7831    31.2233  1023.3588    23.3146    13.7817    100.255    93.1369     1.8456      8.295     5.9869     8.5559    261.284    267.376       9212          4  0.000e+00
   58.10844 -136.52434     29.905      9.899      9.807    13.7835    31.2237  1023.3588    23.3148    13.7822    100.260    93.1089     1.8456      8.295     5.9872     8.5563    261.296    267.388       9213          4  0.000e+00
   58.10842 -136.52432     29.873      9.867      9.775    13.7844    31.2243  1023.3590    23.3150    13.7831    100.262    93.0530     1.8456      8.295     5.9871     8.5562    261.293    267.386       9214          4  0.000e+00
   58.10842 -136.52432     29.873      9.867      9.775    13.7849    31.2240  1023.3587    23.3147    13.7835    100.211    93.0250     1.8456      8.295     5.9841     8.5519    261.160    267.249       9215          4  0.000e+00
   58.10842 -136.52432     29.905      9.899      9.807    13.7848    31.2244  1023.3591    23.3150    13.7835    100.263    93.0250     1.8456      8.295     5.9872     8.5563    261.295    267.387       9216          4  0.000e+00
   58.10842 -136.52432     42.784      9.810      9.719    13.7851    31.2238  1023.3582    23.3145    13.7837    100.267    93.0250     1.8456      8.295     5.9874     8.5566    261.304    267.396       9217          4  0.000e+00
   58.10842 -136.52432     68.840      9.810      9.719    13.7849    31.2237  1023.3582    23.3145    13.7835    100.272    93.0250     1.8456      8.295     5.9877     8.5571    261.320    267.412       9218          4  0.000e+00
   58.10842 -136.52432     76.996      9.810      9.719    13.7853    31.2238  1023.3581    23.3145    13.7839    100.278    93.0250     1.8456      8.295     5.9881     8.5575    261.334    267.427       9219          4  0.000e+00
   58.10842 -136.52432     76.678      9.834      9.743    13.7851    31.2241  1023.3585    23.3147    13.7838    100.281    93.0250     1.8456      8.295     5.9882     8.5577    261.340    267.433       9220          4  0.000e+00
   58.10842 -136.52432     75.580      9.810      9.719    13.7853    31.2242  1023.3584    23.3147    13.7839    100.283    93.0250     1.8456      8.295     5.9883     8.5579    261.344    267.437       9221          4  0.000e+00
   58.10842 -136.52432     75.206      9.754      9.663    13.7853    31.2242  1023.3582    23.3148    13.7839    100.285    93.0250     1.8456      8.295     5.9884     8.5581    261.350    267.444       9222          4  0.000e+00
   58.10842 -136.52432     75.135      9.657      9.567    13.7854    31.2238  1023.3575    23.3145    13.7841    100.288    93.0250     1.8456      8.295     5.9886     8.5583    261.357    267.450       9223          4  0.000e+00
   58.10842 -136.52432     75.367      9.867      9.775    13.7865    31.2227  1023.3573    23.3134    13.7851    100.295    93.0250     1.8456      8.295     5.9889     8.5588    261.372    267.465       9224          4  0.000e+00
   58.10842 -136.52432     75.280      9.754      9.663    13.7876    31.2211  1023.3553    23.3119    13.7862    100.298    93.0250     1.8456      8.295     5.9891     8.5590    261.378    267.471       9225          4  0.000e+00
   58.10842 -136.52432     75.216      9.689      9.599    13.7884    31.2197  1023.3538    23.3107    13.7871    100.303    93.0250     1.8456      8.295     5.9893     8.5593    261.389    267.482       9226          4  0.000e+00
   58.10842 -136.52432     75.296      9.721      9.631    13.7892    31.2187  1023.3530    23.3098    13.7879    100.363    93.0250     1.8456      8.295     5.9928     8.5643    261.542    267.639       9227          4  0.000e+00
   58.10840 -136.52414     74.968      3.277      3.246    14.1375    31.1154  1023.1738    23.1592    14.1370    101.923    94.0319     1.0544      8.299     6.0467     8.6413    263.933    270.046      10082          5  0.000e+00
   58.10840 -136.52414     74.656      2.962      2.934    14.1376    31.1158  1023.1726    23.1594    14.1372    101.913    94.0598     1.0251      8.299     6.0461     8.6405    263.907    270.019      10083          5  0.000e+00
   58.10840 -136.52414     75.008      3.317      3.286    14.1377    31.1153  1023.1738    23.1591    14.1372    101.911    94.1158     0.9958      8.299     6.0460     8.6404    263.903    270.015      10084          5  0.000e+00
   58.10840 -136.52414     74.736      3.043      3.014    14.1377    31.1154  1023.1727    23.1591    14.1373    101.902    94.1158     0.9958      8.299     6.0454     8.6395    263.878    269.989      10085          5  0.000e+00
   58.10840 -136.52414     74.832      3.140      3.110    14.1378    31.1150  1023.1728    23.1588    14.1373    101.896    94.1158     0.9958      8.299     6.0451     8.6391    263.864    269.975      10086          5  0.000e+00
   58.10840 -136.52414     74.736      3.043      3.014    14.1377    31.1154  1023.1726    23.1591    14.1373    101.883    94.1158     0.9958      8.299     6.0443     8.6379    263.829    269.939      10087          5  0.000e+00
   58.10840 -136.52414     74.832      3.140      3.110    14.1383    31.1150  1023.1726    23.1587    14.1379    101.930    94.1158     0.9958      8.299     6.0470     8.6418    263.948    270.061      10088          5  0.000e+00
   58.10840 -136.52414     74.792      3.099      3.070    14.1388    31.1156  1023.1728    23.1590    14.1384    101.927    94.1158     0.9958      8.299     6.0468     8.6415    263.937    270.050      10089          5  0.000e+00
   58.10840 -136.52414     74.832      3.140      3.110    14.1383    31.1155  1023.1730    23.1591    14.1379    101.930    94.1158     0.9958      8.299     6.0470     8.6418    263.948    270.061      10090          5  0.000e+00
   58.10840 -136.52414     74.792      3.075      3.046    14.1379    31.1156  1023.1730    23.1593    14.1375    101.932    94.1158     0.9958      8.299     6.0472     8.6420    263.954    270.067      10091          5  0.000e+00
