EcoFOCI/data/1_SampleCollection/2022_GOA-OA_CruiseData/CTD_raw_BottleFile_RC0083/RC0083_133.ros
* Sea-Bird SBE 9 Data File:
* FileName = C:\Data\RC0083ctd\RC0083_133.hex
* Software Version Seasave V 7.26.7.107
* Temperature SN = 2060
* Conductivity SN = 2881
* Number of Bytes Per Scan = 31
* Number of Voltage Words = 4
* Number of Scans Averaged by the Deck Unit = 1
* NMEA Latitude = 57 55.97 N
* NMEA Longitude = 134 48.98 W
* NMEA UTC (Time) = Aug 24 2022  14:42:32
* NMEA baud rate = 4800
** Ship: R/V Rachel Carson
** Cruise ID: RC0083
** Tech: McHugh/Nomura
** Chief Scientist: Cross
** Station: MCS5B
** Cast:  CTD133
# nquan = 21
# nvalues = 441                                   
# units = specified
# name 0 = latitude: Latitude [deg]
# name 1 = longitude: Longitude [deg]
# name 2 = sfdSM: Seafloor depth [salt water, m]
# name 3 = prDM: Pressure, Digiquartz [db]
# name 4 = depSM: Depth [salt water, m]
# name 5 = t090C: Temperature [ITS-90, deg C]
# name 6 = sal00: Salinity, Practical [PSU]
# name 7 = density00: Density [density, kg/m^3]
# name 8 = sigma-é00: Density [sigma-theta, kg/m^3]
# name 9 = potemp090C: Potential Temperature [ITS-90, deg C]
# name 10 = sbeox0PS: Oxygen, SBE 43 [% saturation]
# name 11 = CStarTr0: Beam Transmission, WET Labs C-Star [%]
# name 12 = flECO-AFL: Fluorescence, WET Labs ECO-AFL/FL [mg/m^3]
# name 13 = ph: pH
# name 14 = sbeox0ML/L: Oxygen, SBE 43 [ml/l]
# name 15 = sbeox0Mg/L: Oxygen, SBE 43 [mg/l]
# name 16 = sbox0Mm/Kg: Oxygen, SBE 43 [umol/kg]
# name 17 = sbeox0Mm/L: Oxygen, SBE 43 [umol/l]
# name 18 = scan: Scan Count
# name 19 = nbf: Bottles Fired
# name 20 = flag:  0.000e+00
# interval = seconds: 0.0416667
# start_time = Aug 24 2022 14:42:32 [NMEA time, header]
# bad_flag = -9.990e-29
*END*
   57.93548 -134.81450    561.037    552.056    546.214     5.1459    33.8423  1029.2858    26.7458     5.1017     17.998    91.4587    -0.0591      7.625     1.2785     1.8271     55.612     57.099      19973          1  0.000e+00
   57.93548 -134.81450    561.045    552.064    546.222     5.1458    33.8421  1029.2857    26.7457     5.1015     17.999    91.4587    -0.0591      7.625     1.2786     1.8272     55.613     57.101      19974          1  0.000e+00
   57.93548 -134.81450    561.158    552.178    546.335     5.1458    33.8422  1029.2863    26.7457     5.1015     17.999    91.4587    -0.0591      7.625     1.2786     1.8273     55.615     57.102      19975          1  0.000e+00
   57.93548 -134.81450    561.077    552.121    546.279     5.1458    33.8424  1029.2861    26.7459     5.1015     18.000    91.4587    -0.0591      7.625     1.2786     1.8273     55.616     57.103      19976          1  0.000e+00
   57.93548 -134.81450    560.932    551.999    546.158     5.1458    33.8423  1029.2856    26.7458     5.1016     18.000    91.4587    -0.0591      7.625     1.2786     1.8273     55.616     57.103      19977          1  0.000e+00
   57.93548 -134.81450    561.053    552.121    546.279     5.1456    33.8425  1029.2863    26.7460     5.1014     18.000    91.4587    -0.0591      7.625     1.2787     1.8273     55.618     57.105      19978          1  0.000e+00
   57.93548 -134.81450    561.174    552.243    546.400     5.1460    33.8420  1029.2864    26.7455     5.1018     18.001    91.4587    -0.0591      7.625     1.2787     1.8274     55.619     57.107      19979          1  0.000e+00
   57.93548 -134.81450    561.053    552.121    546.279     5.1455    33.8429  1029.2866    26.7463     5.1012     18.001    91.4587    -0.0591      7.625     1.2787     1.8274     55.620     57.108      19980          1  0.000e+00
   57.93548 -134.81450    561.029    552.121    546.279     5.1456    33.8426  1029.2863    26.7460     5.1014     18.001    91.4587    -0.0591      7.625     1.2787     1.8275     55.621     57.109      19981          1  0.000e+00
   57.93548 -134.81450    561.085    552.178    546.335     5.1456    33.8425  1029.2865    26.7460     5.1014     18.002    91.4587    -0.0591      7.625     1.2788     1.8275     55.622     57.110      19982          1  0.000e+00
   57.93548 -134.81450    561.085    552.178    546.335     5.1457    33.8424  1029.2864    26.7459     5.1015     18.002    91.4587    -0.0591      7.625     1.2788     1.8275     55.623     57.111      19983          1  0.000e+00
   57.93548 -134.81450    561.085    552.178    546.335     5.1458    33.8423  1029.2864    26.7458     5.1015     18.003    91.4587    -0.0591      7.625     1.2788     1.8276     55.624     57.112      19984          1  0.000e+00
   57.93548 -134.81450    561.085    552.178    546.335     5.1455    33.8428  1029.2868    26.7463     5.1012     18.003    91.4587    -0.0591      7.625     1.2789     1.8276     55.626     57.114      19985          1  0.000e+00
   57.93548 -134.81450    561.036    552.178    546.335     5.1458    33.8421  1029.2862    26.7457     5.1015     17.941    91.4587    -0.0591      7.625     1.2744     1.8213     55.434     56.916      19986          1  0.000e+00
   57.93548 -134.81450    561.093    552.235    546.392     5.1455    33.8425  1029.2868    26.7460     5.1012     17.925    91.4028    -0.0591      7.625     1.2733     1.8197     55.385     56.866      19987          1  0.000e+00
   57.93548 -134.81450    561.036    552.178    546.335     5.1455    33.8426  1029.2866    26.7460     5.1013     17.980    91.2909    -0.0591      7.625     1.2772     1.8252     55.554     57.040      19988          1  0.000e+00
   57.93548 -134.81450    561.036    552.178    546.335     5.1458    33.8423  1029.2864    26.7458     5.1015     17.980    91.2909    -0.0591      7.625     1.2772     1.8253     55.556     57.042      19989          1  0.000e+00
   57.93548 -134.81450    561.036    552.178    546.335     5.1453    33.8428  1029.2868    26.7462     5.1011     17.990    91.2909    -0.0591      7.625     1.2779     1.8263     55.585     57.072      19990          1  0.000e+00
   57.93548 -134.81450    561.012    552.178    546.335     5.1456    33.8425  1029.2865    26.7460     5.1014     17.991    91.2909    -0.0591      7.625     1.2780     1.8264     55.588     57.074      19991          1  0.000e+00
   57.93548 -134.81450    560.955    552.121    546.279     5.1456    33.8422  1029.2861    26.7458     5.1014     17.991    91.2909    -0.0591      7.625     1.2780     1.8265     55.591     57.077      19992          1  0.000e+00
   57.93548 -134.81450    561.012    552.178    546.335     5.1457    33.8423  1029.2863    26.7458     5.1015     17.993    91.2909    -0.0591      7.625     1.2781     1.8266     55.594     57.081      19993          1  0.000e+00
   57.93548 -134.81450    561.012    552.178    546.335     5.1456    33.8427  1029.2867    26.7461     5.1014     17.994    91.2909    -0.0591      7.625     1.2782     1.8267     55.597     57.084      19994          1  0.000e+00
   57.93548 -134.81450    560.931    552.121    546.279     5.1456    33.8426  1029.2863    26.7460     5.1014     17.995    91.2909    -0.0591      7.625     1.2783     1.8268     55.600     57.087      19995          1  0.000e+00
   57.93548 -134.81450    560.931    552.121    546.279     5.1458    33.8421  1029.2859    26.7456     5.1015     18.058    91.2909    -0.0591      7.625     1.2828     1.8332     55.796     57.288      19996          1  0.000e+00
   57.93548 -134.81450    560.931    552.121    546.279     5.1455    33.8425  1029.2863    26.7460     5.1012     18.067    91.2909    -0.0591      7.625     1.2834     1.8341     55.824     57.317      19997          1  0.000e+00
   57.93548 -134.81450    560.931    552.121    546.279     5.1455    33.8429  1029.2866    26.7463     5.1012     18.013    91.2909    -0.0591      7.625     1.2796     1.8286     55.657     57.146      19998          1  0.000e+00
   57.93548 -134.81450    560.875    552.064    546.223     5.1457    33.8423  1029.2858    26.7458     5.1015     18.005    91.2909    -0.0591      7.625     1.2790     1.8278     55.631     57.119      19999          1  0.000e+00
   57.93548 -134.81450    560.931    552.121    546.279     5.1456    33.8422  1029.2860    26.7457     5.1014     18.005    91.2909    -0.0591      7.625     1.2790     1.8278     55.632     57.120      20000          1  0.000e+00
   57.93548 -134.81450    560.867    552.056    546.215     5.1456    33.8424  1029.2859    26.7459     5.1014     17.942    91.2909    -0.0591      7.625     1.2745     1.8215     55.438     56.921      20001          1  0.000e+00
   57.93548 -134.81450    560.875    552.064    546.223     5.1455    33.8427  1029.2862    26.7461     5.1012     17.934    91.2909    -0.0591      7.625     1.2740     1.8207     55.414     56.896      20002          1  0.000e+00
   57.93548 -134.81450    560.810    551.999    546.158     5.1456    33.8426  1029.2858    26.7460     5.1014     17.989    91.2909    -0.0591      7.625     1.2779     1.8262     55.583     57.070      20003          1  0.000e+00
   57.93548 -134.81450    560.875    552.064    546.223     5.1455    33.8426  1029.2861    26.7461     5.1013     17.990    91.2909    -0.0591      7.625     1.2779     1.8263     55.586     57.073      20004          1  0.000e+00
   57.93548 -134.81450    560.835    551.999    546.158     5.1456    33.8426  1029.2858    26.7460     5.1014     17.991    91.2909    -0.0591      7.625     1.2780     1.8264     55.588     57.074      20005          1  0.000e+00
   57.93548 -134.81450    560.835    551.999    546.158     5.1458    33.8421  1029.2854    26.7457     5.1015     17.991    91.2909    -0.0591      7.625     1.2780     1.8264     55.590     57.076      20006          1  0.000e+00
   57.93548 -134.81450    560.770    551.934    546.094     5.1456    33.8423  1029.2852    26.7458     5.1014     17.992    91.3469    -0.0591      7.625     1.2781     1.8265     55.591     57.078      20007          1  0.000e+00
   57.93548 -134.81450    560.778    551.942    546.102     5.1455    33.8424  1029.2854    26.7459     5.1013     17.992    91.4587    -0.0591      7.625     1.2781     1.8266     55.594     57.081      20008          1  0.000e+00
   57.93548 -134.81450    560.779    551.942    546.102     5.1456    33.8422  1029.2853    26.7458     5.1014     17.993    91.5147    -0.0591      7.625     1.2782     1.8266     55.596     57.083      20009          1  0.000e+00
   57.93548 -134.81450    560.819    551.934    546.094     5.1457    33.8424  1029.2853    26.7459     5.1015     17.994    91.5147    -0.0591      7.625     1.2782     1.8267     55.598     57.085      20010          1  0.000e+00
   57.93548 -134.81450    560.763    551.877    546.038     5.1456    33.8426  1029.2853    26.7461     5.1014     18.057    91.5147    -0.0591      7.625     1.2827     1.8331     55.792     57.284      20011          1  0.000e+00
   57.93548 -134.81450    560.819    551.934    546.094     5.1455    33.8430  1029.2858    26.7464     5.1013     18.003    91.5147    -0.0591      7.625     1.2789     1.8276     55.626     57.114      20012          1  0.000e+00
   57.93548 -134.81450    560.763    551.877    546.038     5.1456    33.8424  1029.2851    26.7459     5.1014     17.941    91.5147    -0.0591      7.625     1.2744     1.8213     55.434     56.917      20013          1  0.000e+00
   57.93548 -134.81450    560.699    551.812    545.973     5.1455    33.8427  1029.2850    26.7461     5.1013     17.933    91.5147    -0.0591      7.625     1.2739     1.8205     55.411     56.893      20014          1  0.000e+00
   57.93548 -134.81450    560.787    551.877    546.038     5.1457    33.8426  1029.2852    26.7460     5.1015     17.926    91.5147    -0.0591      7.625     1.2734     1.8198     55.389     56.870      20015          1  0.000e+00
   57.93548 -134.81450    560.787    551.877    546.038     5.1455    33.8425  1029.2852    26.7460     5.1013     17.982    91.5147    -0.0591      7.625     1.2774     1.8255     55.561     57.047      20016          1  0.000e+00
   57.93548 -134.81450    560.731    551.820    545.981     5.1458    33.8422  1029.2846    26.7457     5.1016     17.983    91.5147    -0.0591      7.625     1.2774     1.8256     55.564     57.050      20017          1  0.000e+00
   57.93548 -134.81450    560.731    551.820    545.981     5.1455    33.8427  1029.2850    26.7461     5.1013     17.984    91.5147    -0.0591      7.625     1.2775     1.8257     55.569     57.055      20018          1  0.000e+00
   57.93548 -134.81450    560.747    551.812    545.973     5.1456    33.8424  1029.2848    26.7459     5.1014     17.986    91.5147    -0.0591      7.625     1.2776     1.8259     55.573     57.059      20019          1  0.000e+00
   57.93548 -134.81450    560.780    551.820    545.981     5.1458    33.8424  1029.2848    26.7459     5.1016     17.987    91.5147    -0.0591      7.625     1.2777     1.8260     55.577     57.063      20020          1  0.000e+00
   57.93548 -134.81450    560.772    551.812    545.973     5.1457    33.8426  1029.2849    26.7460     5.1015     17.988    91.5147    -0.0591      7.625     1.2778     1.8261     55.581     57.068      20021          1  0.000e+00
   57.93646 -134.81372    448.064    353.122    349.553     5.2078    33.7921  1028.3248    26.6970     5.1799     18.725    99.2341    -0.0591      7.645     1.3287     1.8988     57.795     59.338      28398          2  0.000e+00
   57.93646 -134.81372    448.032    353.090    349.521     5.2079    33.7919  1028.3244    26.6968     5.1799     18.736    99.2341    -0.0591      7.640     1.3294     1.8999     57.827     59.371      28399          2  0.000e+00
   57.93648 -134.81370    448.112    353.147    349.577     5.2079    33.7918  1028.3246    26.6967     5.1799     18.799    99.2341    -0.0591      7.645     1.3339     1.9063     58.023     59.572      28400          2  0.000e+00
   57.93648 -134.81370    448.152    353.187    349.618     5.2076    33.7920  1028.3250    26.6969     5.1797     18.749    99.2341    -0.0591      7.645     1.3304     1.9012     57.869     59.414      28401          2  0.000e+00
   57.93648 -134.81370    448.112    353.147    349.577     5.2075    33.7921  1028.3250    26.6971     5.1796     18.752    99.2341    -0.0591      7.645     1.3305     1.9015     57.876     59.422      28402          2  0.000e+00
   57.93648 -134.81370    448.152    353.187    349.618     5.2075    33.7918  1028.3249    26.6968     5.1796     18.754    99.2341    -0.0591      7.640     1.3307     1.9017     57.885     59.430      28403          2  0.000e+00
   57.93648 -134.81370    448.152    353.212    349.642     5.2076    33.7921  1028.3252    26.6970     5.1797     18.765    99.2341    -0.0884      7.645     1.3315     1.9028     57.917     59.463      28404          2  0.000e+00
   57.93648 -134.81370    448.152    353.187    349.618     5.2075    33.7919  1028.3250    26.6969     5.1796     18.768    99.2341    -0.0884      7.645     1.3317     1.9031     57.926     59.473      28405          2  0.000e+00
   57.93648 -134.81370    448.152    353.212    349.642     5.2076    33.7918  1028.3250    26.6968     5.1797     18.710    99.2341    -0.0884      7.645     1.3276     1.8973     57.749     59.290      28406          2  0.000e+00
   57.93648 -134.81370    448.152    353.212    349.642     5.2074    33.7922  1028.3253    26.6971     5.1795     18.766    99.2341    -0.0884      7.645     1.3316     1.9029     57.921     59.468      28407          2  0.000e+00
   57.93648 -134.81370    448.209    353.244    349.674     5.2073    33.7920  1028.3253    26.6969     5.1794     18.769    99.2341    -0.0884      7.645     1.3318     1.9033     57.932     59.478      28408          2  0.000e+00
   57.93648 -134.81370    448.177    353.212    349.642     5.2075    33.7918  1028.3250    26.6968     5.1796     18.773    99.2341    -0.0884      7.645     1.3320     1.9036     57.941     59.488      28409          2  0.000e+00
   57.93648 -134.81370    448.209    353.244    349.674     5.2071    33.7921  1028.3254    26.6971     5.1792     18.776    99.2341    -0.0884      7.645     1.3323     1.9039     57.952     59.499      28410          2  0.000e+00
   57.93648 -134.81370    448.208    353.269    349.698     5.2072    33.7920  1028.3255    26.6970     5.1793     18.779    99.2341    -0.0884      7.645     1.3325     1.9043     57.962     59.509      28411          2  0.000e+00
   57.93648 -134.81370    448.112    353.147    349.578     5.2070    33.7922  1028.3251    26.6972     5.1791     18.782    99.2341    -0.0884      7.645     1.3327     1.9046     57.971     59.518      28412          2  0.000e+00
   57.93648 -134.81370    448.329    353.366    349.794     5.2070    33.7922  1028.3261    26.6972     5.1790     18.786    99.2341    -0.0884      7.640     1.3330     1.9049     57.982     59.530      28413          2  0.000e+00
   57.93648 -134.81370    448.233    353.269    349.698     5.2073    33.7916  1028.3251    26.6967     5.1794     18.789    99.2341    -0.0884      7.645     1.3332     1.9052     57.991     59.539      28414          2  0.000e+00
   57.93648 -134.81370    448.209    353.244    349.674     5.2072    33.7922  1028.3255    26.6971     5.1793     18.792    99.2341    -0.0884      7.645     1.3334     1.9055     58.001     59.549      28415          2  0.000e+00
   57.93648 -134.81370    448.208    353.269    349.698     5.2071    33.7919  1028.3254    26.6969     5.1792     18.795    99.3740    -0.0884      7.645     1.3336     1.9059     58.011     59.560      28416          2  0.000e+00
