EcoFOCI/data/1_SampleCollection/2022_GOA-OA_CruiseData/CTD_raw_BottleFile_RC0083/RC0083_070.ros
* Sea-Bird SBE 9 Data File:
* FileName = C:\Data\RC0083ctd\RC0083_070.hex
* Software Version Seasave V 7.26.7.107
* Temperature SN = 2060
* Conductivity SN = 1084
* Number of Bytes Per Scan = 31
* Number of Voltage Words = 4
* Number of Scans Averaged by the Deck Unit = 1
* NMEA Latitude = 59 03.90 N
* NMEA Longitude = 136 11.97 W
* NMEA UTC (Time) = Aug 20 2022  20:35:36
* NMEA baud rate = 4800
** Ship: R/V Rachel Carson
** Cruise ID: RC0083
** Tech: McHugh/Nomura
** Chief Scientist: Cross
** Station: GB20
** Cast:  CTD070
# nquan = 21
# nvalues = 245                                   
# units = specified
# name 0 = latitude: Latitude [deg]
# name 1 = longitude: Longitude [deg]
# name 2 = sfdSM: Seafloor depth [salt water, m]
# name 3 = prDM: Pressure, Digiquartz [db]
# name 4 = depSM: Depth [salt water, m]
# name 5 = t090C: Temperature [ITS-90, deg C]
# name 6 = sal00: Salinity, Practical [PSU]
# name 7 = density00: Density [density, kg/m^3]
# name 8 = sigma-é00: Density [sigma-theta, kg/m^3]
# name 9 = potemp090C: Potential Temperature [ITS-90, deg C]
# name 10 = sbeox0PS: Oxygen, SBE 43 [% saturation]
# name 11 = CStarTr0: Beam Transmission, WET Labs C-Star [%]
# name 12 = flECO-AFL: Fluorescence, WET Labs ECO-AFL/FL [mg/m^3]
# name 13 = ph: pH
# name 14 = sbeox0ML/L: Oxygen, SBE 43 [ml/l]
# name 15 = sbeox0Mg/L: Oxygen, SBE 43 [mg/l]
# name 16 = sbox0Mm/Kg: Oxygen, SBE 43 [umol/kg]
# name 17 = sbeox0Mm/L: Oxygen, SBE 43 [umol/l]
# name 18 = scan: Scan Count
# name 19 = nbf: Bottles Fired
# name 20 = flag:  0.000e+00
# interval = seconds: 0.0416667
# start_time = Aug 20 2022 20:35:36 [NMEA time, header]
# bad_flag = -9.990e-29
*END*
[from data line 207]
   59.06514 -136.19822     10.138      2.888      2.861     4.0634    12.1903  1009.6964     9.6825     4.0633     96.808     0.0001     0.8786      8.457     8.1668    11.6711    361.231    364.728      26507          5  0.000e+00
   59.06514 -136.19822     10.098      2.848      2.821     4.0645    12.2016  1009.7052     9.6914     4.0644     96.761     0.0001     0.8786      8.457     8.1620    11.6643    361.015    364.513      26508          5  0.000e+00
   59.06514 -136.19822     10.138      2.888      2.861     4.0691    12.2096  1009.7115     9.6975     4.0690     96.819     0.0001     0.8786      8.457     8.1655    11.6693    361.168    364.671      26509          5  0.000e+00
   59.06514 -136.19822     10.098      2.848      2.821     4.0744    12.2122  1009.7132     9.6994     4.0743     96.826     0.0001     0.8786      8.457     8.1649    11.6684    361.141    364.644      26510          5  0.000e+00
   59.06514 -136.19822     18.270      2.888      2.861     4.0764    12.2072  1009.7093     9.6954     4.0763     96.835     0.0001     0.8493      8.457     8.1655    11.6693    361.169    364.671      26511          5  0.000e+00
   59.06514 -136.19822     75.520      2.848      2.821     4.0696    12.2005  1009.7041     9.6903     4.0695     96.846     0.0001     0.8786      8.457     8.1681    11.6731    361.288    364.789      26512          5  0.000e+00
   59.06514 -136.19822    102.641      2.888      2.861     4.0652    12.1976  1009.7022     9.6882     4.0651     96.855     0.0001     0.8786      8.457     8.1700    11.6758    361.372    364.873      26513          5  0.000e+00
   59.06514 -136.19822    102.821      2.848      2.821     4.0675    12.1989  1009.7029     9.6891     4.0674     96.861     0.0001     0.8493      8.457     8.1700    11.6757    361.369    364.870      26514          5  0.000e+00
   59.06514 -136.19822    102.471      2.888      2.861     4.0698    12.2017  1009.7052     9.6912     4.0697     96.867     0.0001     0.8200      8.457     8.1698    11.6755    361.363    364.865      26515          5  0.000e+00
   59.06514 -136.19822    101.380      2.848      2.821     4.0696    12.1977  1009.7019     9.6881     4.0695     96.872     0.0001     0.8200      8.457     8.1705    11.6765    361.395    364.896      26516          5  0.000e+00
   59.06514 -136.19822    101.347      2.888      2.861     4.0724    12.1819  1009.6894     9.6754     4.0723     96.877     0.0001     0.8200      8.457     8.1712    11.6775    361.429    364.926      26517          5  0.000e+00
   59.06514 -136.19822    101.405      2.848      2.821     4.0759    12.1697  1009.6795     9.6657     4.0758     96.879     0.0001     0.8200      8.457     8.1714    11.6777    361.439    364.933      26518          5  0.000e+00
   59.06514 -136.19822    101.494      2.888      2.861     4.0780    12.1677  1009.6780     9.6640     4.0779     96.883     0.0001     0.8200      8.457     8.1713    11.6776    361.438    364.931      26519          5  0.000e+00
   59.06514 -136.19822    101.454      2.848      2.821     4.0705    12.1676  1009.6780     9.6642     4.0704     96.887     0.0001     0.8200      8.457     8.1733    11.6804    361.525    365.019      26520          5  0.000e+00
   59.06514 -136.19822    101.494      2.888      2.861     4.0607    12.1662  1009.6775     9.6635     4.0606     96.893     0.0001     0.8200      8.457     8.1759    11.6842    361.640    365.135      26521          5  0.000e+00
   59.06514 -136.19822    101.454      2.848      2.821     4.0514    12.1693  1009.6801     9.6663     4.0513     96.897     0.0001     0.8200      8.457     8.1780    11.6872    361.732    365.229      26522          5  0.000e+00
   59.06514 -136.19820    101.494      2.888      2.861     4.0419    12.1786  1009.6880     9.6741     4.0418     96.901     0.0001     0.8200      8.457     8.1798    11.6898    361.811    365.311      26523          5  0.000e+00
   59.06514 -136.19820    101.454      2.848      2.821     4.0479    12.1858  1009.6933     9.6795     4.0478     96.956     0.0001     0.8200      8.457     8.1828    11.6940    361.939    365.442      26524          5  0.000e+00
   59.06514 -136.19820    101.494      2.888      2.861     4.0673    12.1875  1009.6941     9.6801     4.0672     96.957     0.0001     0.8200      8.457     8.1788    11.6883    361.762    365.264      26525          5  0.000e+00
   59.06514 -136.19820    101.454      2.848      2.821     4.0753    12.1910  1009.6963     9.6826     4.0752     96.961     0.0001     0.8200      8.457     8.1772    11.6860    361.690    365.192      26526          5  0.000e+00
   59.06514 -136.19820    101.494      2.888      2.861     4.0747    12.1939  1009.6989     9.6849     4.0746     96.967     0.0001     0.8200      8.457     8.1777    11.6867    361.711    365.214      26527          5  0.000e+00
   59.06514 -136.19820    101.454      2.848      2.821     4.0747    12.1952  1009.6997     9.6859     4.0746     96.913     0.0001     0.8200      8.457     8.1731    11.6802    361.509    365.010      26528          5  0.000e+00
   59.06514 -136.19820    101.438      2.832      2.805     4.0738    12.1987  1009.7024     9.6887     4.0738     96.966     0.0001     0.8200      8.457     8.1775    11.6864    361.701    365.206      26529          5  0.000e+00
   59.06514 -136.19820    101.454      2.848      2.821     4.0718    12.2069  1009.7091     9.6953     4.0717     96.969     0.0001     0.8200      8.457     8.1777    11.6868    361.710    365.217      26530          5  0.000e+00
   59.06514 -136.19820    101.494      2.888      2.861     4.0791    12.2181  1009.7178     9.7039     4.0790     96.911     0.0001     0.8200      8.457     8.1707    11.6768    361.398    364.905      26531          5  0.000e+00
   59.06514 -136.19820    101.454      2.848      2.821     4.0921    12.2324  1009.7285     9.7147     4.0920     96.899     0.0001     0.8200      8.457     8.1662    11.6703    361.194    364.703      26532          5  0.000e+00
   59.06514 -136.19820    101.494      2.888      2.861     4.1273    12.2362  1009.7303     9.7163     4.1272     96.880     0.0001     0.8200      8.457     8.1570    11.6572    360.788    364.294      26533          5  0.000e+00
   59.06514 -136.19820    101.454      2.848      2.821     4.1683    12.2301  1009.7235     9.7097     4.1682     96.914     0.0001     0.8200      8.457     8.1517    11.6496    360.555    364.056      26534          5  0.000e+00
   59.06514 -136.19820    101.494      2.888      2.861     4.1765    12.2311  1009.7241     9.7102     4.1764     96.910     0.0001     0.8493      8.457     8.1496    11.6466    360.462    363.963      26535          5  0.000e+00
   59.06514 -136.19820    101.454      2.848      2.821     4.1556    12.2424  1009.7338     9.7200     4.1555     96.914     0.0001     0.8786      8.457     8.1536    11.6524    360.637    364.142      26536          5  0.000e+00
   59.06514 -136.19820    101.494      2.888      2.861     4.1394    12.2577  1009.7467     9.7328     4.1394     96.858     0.0001     0.8493      8.457     8.1515    11.6494    360.538    364.047      26537          5  0.000e+00
   59.06514 -136.19820    101.454      2.848      2.821     4.1258    12.2714  1009.7581     9.7443     4.1257     96.915     0.0001     0.8786      8.457     8.1584    11.6591    360.837    364.353      26538          5  0.000e+00
   59.06514 -136.19820    101.438      2.832      2.805     4.1378    12.2714  1009.7574     9.7437     4.1377     96.858     0.0001     0.8786      8.452     8.1510    11.6487    360.513    364.026      26539          5  0.000e+00
   59.06514 -136.19820    101.454      2.848      2.821     4.1502    12.2699  1009.7558     9.7421     4.1501     96.840     0.0001     0.8786      8.457     8.1471    11.6430    360.337    363.847      26540          5  0.000e+00
   59.06514 -136.19820    101.494      2.888      2.861     4.1429    12.2738  1009.7594     9.7454     4.1428     96.828     0.0001     0.8786      8.457     8.1474    11.6434    360.349    363.861      26541          5  0.000e+00
   59.06514 -136.19820    101.454      2.848      2.821     4.1333    12.2760  1009.7614     9.7476     4.1332     96.815     0.0001     0.8493      8.457     8.1482    11.6445    360.384    363.897      26542          5  0.000e+00
   59.06514 -136.19820    101.494      2.888      2.861     4.1238    12.2770  1009.7628     9.7488     4.1237     96.859     0.0001     0.8786      8.457     8.1538    11.6526    360.633    364.149      26543          5  0.000e+00
   59.06514 -136.19820    101.454      2.848      2.821     4.1145    12.2801  1009.7654     9.7516     4.1144     96.853     0.0001     0.8493      8.457     8.1550    11.6543    360.686    364.203      26544          5  0.000e+00
