EcoFOCI/data/1_SampleCollection/2022_GOA-OA_CruiseData/CTD_raw_BottleFile_RC0083/RC0083_050.ros
* Sea-Bird SBE 9 Data File:
* FileName = C:\Data\RC0083ctd\RC0083_050.hex
* Software Version Seasave V 7.26.7.107
* Temperature SN = 2060
* Conductivity SN = 1084
* Number of Bytes Per Scan = 31
* Number of Voltage Words = 4
* Number of Scans Averaged by the Deck Unit = 1
* NMEA Latitude = 58 14.01 N
* NMEA Longitude = 137 00.36 W
* NMEA UTC (Time) = Aug 19 2022  09:01:05
* NMEA baud rate = 4800
** Ship: R/V Rachel Carson
** Cruise ID: RC0083
** Tech: McHugh/Nomura
** Chief Scientist: Cross
** Station: SEM2.5
** Cast:  CTD050
# nquan = 21
# nvalues = 294                                   
# units = specified
# name 0 = latitude: Latitude [deg]
# name 1 = longitude: Longitude [deg]
# name 2 = sfdSM: Seafloor depth [salt water, m]
# name 3 = prDM: Pressure, Digiquartz [db]
# name 4 = depSM: Depth [salt water, m]
# name 5 = t090C: Temperature [ITS-90, deg C]
# name 6 = sal00: Salinity, Practical [PSU]
# name 7 = density00: Density [density, kg/m^3]
# name 8 = sigma-é00: Density [sigma-theta, kg/m^3]
# name 9 = potemp090C: Potential Temperature [ITS-90, deg C]
# name 10 = sbeox0PS: Oxygen, SBE 43 [% saturation]
# name 11 = CStarTr0: Beam Transmission, WET Labs C-Star [%]
# name 12 = flECO-AFL: Fluorescence, WET Labs ECO-AFL/FL [mg/m^3]
# name 13 = ph: pH
# name 14 = sbeox0ML/L: Oxygen, SBE 43 [ml/l]
# name 15 = sbeox0Mg/L: Oxygen, SBE 43 [mg/l]
# name 16 = sbox0Mm/Kg: Oxygen, SBE 43 [umol/kg]
# name 17 = sbeox0Mm/L: Oxygen, SBE 43 [umol/l]
# name 18 = scan: Scan Count
# name 19 = nbf: Bottles Fired
# name 20 = flag:  0.000e+00
# interval = seconds: 0.0416667
# start_time = Aug 19 2022 09:01:05 [NMEA time, header]
# bad_flag = -9.990e-29
*END*
   58.23414 -137.00524    129.406    121.066    119.906     6.8576    32.5466  1026.0625    25.5068     6.8469     61.278    99.4579    -0.0591      7.905     4.2180     6.0280    183.692    188.377       5622          1  0.000e+00
   58.23414 -137.00524    129.526    121.187    120.026     6.8591    32.5455  1026.0620    25.5058     6.8484     61.273    99.4579    -0.0591      7.905     4.2176     6.0274    183.674    188.359       5623          1  0.000e+00
   58.23414 -137.00524    129.406    121.066    119.906     6.8605    32.5449  1026.0608    25.5051     6.8498     61.267    99.4579    -0.0591      7.905     4.2171     6.0266    183.651    188.335       5624          1  0.000e+00
   58.23414 -137.00524    129.430    121.066    119.906     6.8618    32.5440  1026.0599    25.5042     6.8511     61.319    99.4579    -0.0591      7.905     4.2206     6.0316    183.803    188.490       5625          1  0.000e+00
   58.23414 -137.00524    129.415    121.001    119.842     6.8623    32.5435  1026.0591    25.5038     6.8516     61.314    99.4579    -0.0591      7.905     4.2202     6.0310    183.785    188.472       5626          1  0.000e+00
   58.23414 -137.00524    129.415    121.001    119.842     6.8628    32.5430  1026.0587    25.5033     6.8521     61.260    99.4579    -0.0591      7.905     4.2164     6.0257    183.623    188.306       5627          1  0.000e+00
   58.23414 -137.00524    129.463    121.049    119.890     6.8624    32.5433  1026.0592    25.5036     6.8517     61.256    99.4579    -0.0591      7.905     4.2162     6.0253    183.612    188.294       5628          1  0.000e+00
   58.23414 -137.00524    129.359    120.944    119.786     6.8610    32.5440  1026.0595    25.5044     6.8503     61.251    99.4579    -0.0591      7.905     4.2160     6.0250    183.602    188.285       5629          1  0.000e+00
   58.23414 -137.00524    129.408    120.944    119.786     6.8603    32.5448  1026.0602    25.5050     6.8497     61.296    99.4579    -0.0591      7.905     4.2191     6.0295    183.738    188.425       5630          1  0.000e+00
   58.23414 -137.00524    129.488    121.001    119.842     6.8608    32.5445  1026.0602    25.5048     6.8501     61.244    99.4579    -0.0591      7.905     4.2154     6.0243    183.579    188.261       5631          1  0.000e+00
   58.23414 -137.00524    129.376    120.888    119.730     6.8613    32.5444  1026.0595    25.5046     6.8506     61.239    99.4579    -0.0591      7.905     4.2151     6.0237    183.563    188.245       5632          1  0.000e+00
   58.23414 -137.00524    129.432    120.944    119.786     6.8618    32.5437  1026.0592    25.5040     6.8511     61.236    99.4579    -0.0591      7.905     4.2148     6.0234    183.552    188.234       5633          1  0.000e+00
   58.23414 -137.00524    129.376    120.888    119.730     6.8621    32.5437  1026.0588    25.5039     6.8515     61.232    99.4579    -0.0591      7.905     4.2145     6.0230    183.540    188.221       5634          1  0.000e+00
   58.23414 -137.00524    129.425    120.888    119.730     6.8624    32.5434  1026.0585    25.5037     6.8517     61.229    99.4579    -0.0591      7.905     4.2143     6.0227    183.530    188.211       5635          1  0.000e+00
   58.23414 -137.00524    129.449    120.888    119.730     6.8628    32.5436  1026.0587    25.5038     6.8521     61.227    99.4579    -0.0591      7.905     4.2141     6.0224    183.521    188.201       5636          1  0.000e+00
   58.23414 -137.00524    129.449    120.888    119.730     6.8632    32.5435  1026.0585    25.5036     6.8525     61.224    99.4579    -0.0591      7.910     4.2139     6.0221    183.512    188.193       5637          1  0.000e+00
   58.23414 -137.00524    129.385    120.823    119.666     6.8632    32.5433  1026.0581    25.5035     6.8525     61.222    99.4579    -0.0591      7.905     4.2137     6.0218    183.505    188.185       5638          1  0.000e+00
   58.23414 -137.00524    129.449    120.888    119.730     6.8623    32.5435  1026.0587    25.5038     6.8516     61.213    99.5697    -0.0591      7.905     4.2132     6.0211    183.482    188.162       5639          1  0.000e+00
   58.23414 -137.00524    129.474    120.888    119.730     6.8611    32.5440  1026.0592    25.5043     6.8504     61.212    99.6536    -0.0591      7.910     4.2132     6.0211    183.482    188.162       5640          1  0.000e+00
   58.23414 -137.00524    129.482    120.871    119.714     6.8593    32.5448  1026.0600    25.5052     6.8487     61.202    99.6536    -0.0591      7.910     4.2127     6.0204    183.461    188.140       5641          1  0.000e+00
   58.23414 -137.00524    129.434    120.823    119.666     6.8573    32.5461  1026.0611    25.5065     6.8466     61.201    99.6536    -0.0591      7.905     4.2128     6.0205    183.464    188.144       5642          1  0.000e+00
   58.23414 -137.00524    129.434    120.823    119.666     6.8551    32.5474  1026.0624    25.5078     6.8445     61.144    99.6536    -0.0591      7.905     4.2090     6.0151    183.300    187.975       5643          1  0.000e+00
   58.23414 -137.00524    129.498    120.888    119.730     6.8531    32.5486  1026.0639    25.5090     6.8424     61.185    99.6536    -0.0591      7.905     4.2121     6.0194    183.431    188.110       5644          1  0.000e+00
   58.23414 -137.00524    129.547    120.888    119.730     6.8511    32.5499  1026.0652    25.5103     6.8405     61.185    99.6536    -0.0591      7.905     4.2122     6.0197    183.437    188.117       5645          1  0.000e+00
   58.23414 -137.00524    129.483    120.823    119.666     6.8495    32.5507  1026.0658    25.5112     6.8389     61.185    99.6536    -0.0591      7.905     4.2123     6.0198    183.442    188.122       5646          1  0.000e+00
   58.23414 -137.00524    129.547    120.888    119.730     6.8486    32.5509  1026.0663    25.5114     6.8379     61.186    99.6536    -0.0591      7.910     4.2125     6.0200    183.449    188.129       5647          1  0.000e+00
   58.23414 -137.00524    129.427    120.766    119.610     6.8477    32.5519  1026.0666    25.5123     6.8371     61.186    99.6536    -0.0298      7.910     4.2125     6.0201    183.450    188.131       5648          1  0.000e+00
   58.23414 -137.00524    129.627    120.944    119.786     6.8474    32.5522  1026.0678    25.5126     6.8368     61.188    99.6536    -0.0298      7.905     4.2127     6.0204    183.458    188.139       5649          1  0.000e+00
   58.23414 -137.00524    129.652    120.944    119.786     6.8477    32.5519  1026.0675    25.5123     6.8371     61.189    99.6536    -0.0298      7.905     4.2128     6.0205    183.461    188.142       5650          1  0.000e+00
   58.23414 -137.00524    129.596    120.888    119.730     6.8477    32.5519  1026.0672    25.5123     6.8371     61.190    99.6536    -0.0298      7.905     4.2128     6.0206    183.465    188.145       5651          1  0.000e+00
   58.23414 -137.00524    129.531    120.823    119.666     6.8481    32.5520  1026.0670    25.5124     6.8374     61.192    99.6536    -0.0298      7.910     4.2129     6.0206    183.467    188.148       5652          1  0.000e+00
   58.23414 -137.00524    129.652    120.944    119.786     6.8479    32.5523  1026.0678    25.5126     6.8372     61.203    99.6536    -0.0298      7.910     4.2137     6.0218    183.501    188.183       5653          1  0.000e+00
   58.23414 -137.00524    129.700    120.993    119.834     6.8476    32.5523  1026.0681    25.5127     6.8369     61.206    99.6536    -0.0298      7.905     4.2139     6.0221    183.512    188.194       5654          1  0.000e+00
   58.23414 -137.00524    129.620    120.888    119.730     6.8474    32.5523  1026.0676    25.5127     6.8368     61.209    99.6536    -0.0298      7.905     4.2141     6.0224    183.520    188.202       5655          1  0.000e+00
   58.23416 -137.00526    129.676    120.944    119.786     6.8472    32.5522  1026.0677    25.5126     6.8366     61.213    99.6536    -0.0298      7.910     4.2144     6.0228    183.533    188.215       5656          1  0.000e+00
   58.23416 -137.00526    129.732    121.001    119.842     6.8471    32.5524  1026.0682    25.5128     6.8364     61.217    99.6536    -0.0298      7.905     4.2147     6.0232    183.546    188.229       5657          1  0.000e+00
   58.23416 -137.00526    129.676    120.944    119.786     6.8474    32.5523  1026.0679    25.5127     6.8368     61.221    99.6536    -0.0298      7.905     4.2149     6.0236    183.556    188.239       5658          1  0.000e+00
   58.23416 -137.00526    129.852    121.122    119.962     6.8474    32.5519  1026.0683    25.5124     6.8368     61.219    99.5977    -0.0298      7.905     4.2148     6.0234    183.550    188.233       5659          1  0.000e+00
   58.23416 -137.00526    129.620    120.888    119.730     6.8474    32.5520  1026.0673    25.5124     6.8368     61.221    99.5418    -0.0298      7.910     4.2150     6.0236    183.558    188.241       5660          1  0.000e+00
   58.23416 -137.00526    129.852    121.122    119.962     6.8468    32.5526  1026.0690    25.5130     6.8361     61.228    99.5418    -0.0298      7.910     4.2155     6.0243    183.580    188.263       5661          1  0.000e+00
   58.23416 -137.00526    129.732    121.001    119.842     6.8464    32.5524  1026.0683    25.5129     6.8358     61.224    99.5418    -0.0298      7.905     4.2153     6.0240    183.570    188.254       5662          1  0.000e+00
   58.23416 -137.00526    129.772    121.066    119.906     6.8459    32.5529  1026.0690    25.5133     6.8353     61.230    99.5418    -0.0298      7.905     4.2157     6.0246    183.589    188.273       5663          1  0.000e+00
   58.23416 -137.00526    129.747    121.066    119.906     6.8459    32.5527  1026.0689    25.5132     6.8353     61.235    99.5418    -0.0298      7.905     4.2161     6.0252    183.605    188.289       5664          1  0.000e+00
   58.23416 -137.00526    129.803    121.122    119.962     6.8459    32.5529  1026.0694    25.5134     6.8353     61.241    99.5418    -0.0298      7.905     4.2165     6.0258    183.623    188.308       5665          1  0.000e+00
   58.23416 -137.00526    129.803    121.122    119.962     6.8463    32.5528  1026.0692    25.5132     6.8356     61.247    99.5418    -0.0298      7.910     4.2169     6.0263    183.640    188.325       5666          1  0.000e+00
   58.23416 -137.00526    129.852    121.171    120.010     6.8462    32.5525  1026.0692    25.5130     6.8355     61.254    99.5418    -0.0298      7.905     4.2174     6.0270    183.661    188.347       5667          1  0.000e+00
   58.23416 -137.00526    129.779    121.122    119.962     6.8462    32.5524  1026.0689    25.5129     6.8355     61.260    99.5418    -0.0298      7.910     4.2178     6.0276    183.680    188.367       5668          1  0.000e+00
   58.23416 -137.00526    129.899    121.244    120.082     6.8459    32.5526  1026.0696    25.5131     6.8353     61.268    99.5418    -0.0298      7.905     4.2184     6.0285    183.705    188.392       5669          1  0.000e+00
   58.23416 -137.00526    129.843    121.187    120.026     6.8463    32.5525  1026.0692    25.5130     6.8356     61.324    99.5418    -0.0298      7.905     4.2221     6.0339    183.870    188.561       5670          1  0.000e+00
   58.23436 -137.00514    131.894    100.075     99.122     7.4989    32.0396  1025.4796    25.0213     7.4897     58.762    95.7100     0.0874      7.912     3.9990     5.7150    174.236    178.596       7414          2  0.000e+00
   58.23436 -137.00514    131.926    100.108     99.154     7.4989    32.0398  1025.4800    25.0216     7.4896     58.772    95.7100     0.0874      7.912     3.9997     5.7160    174.267    178.627       7415          2  0.000e+00
   58.23436 -137.00514    132.119    100.253     99.298     7.4988    32.0402  1025.4809    25.0218     7.4896     58.776    95.7100     0.0874      7.912     4.0000     5.7163    174.277    178.638       7416          2  0.000e+00
   58.23436 -137.00514    132.297    100.286     99.330     7.4987    32.0407  1025.4815    25.0223     7.4894     58.778    95.7100     0.0874      7.912     4.0001     5.7166    174.284    178.645       7417          2  0.000e+00
   58.23436 -137.00514    132.338    100.253     99.298     7.4985    32.0410  1025.4816    25.0225     7.4893     58.780    95.7380     0.0874      7.912     4.0002     5.7167    174.289    178.650       7418          2  0.000e+00
   58.23436 -137.00514    132.491    100.407     99.450     7.4988    32.0407  1025.4820    25.0222     7.4895     58.782    95.7380     0.0874      7.912     4.0004     5.7170    174.296    178.658       7419          2  0.000e+00
   58.23436 -137.00514    132.459    100.375     99.418     7.4994    32.0395  1025.4809    25.0213     7.4901     58.783    95.7380     0.0874      7.912     4.0004     5.7170    174.298    178.659       7420          2  0.000e+00
   58.23436 -137.00514    132.595    100.463     99.506     7.4994    32.0395  1025.4813    25.0212     7.4902     58.785    95.7380     0.0874      7.912     4.0005     5.7172    174.303    178.664       7421          2  0.000e+00
   58.23436 -137.00514    132.701    100.496     99.538     7.4989    32.0413  1025.4829    25.0227     7.4896     58.786    95.7380     0.0874      7.912     4.0006     5.7173    174.306    178.667       7422          2  0.000e+00
   58.23436 -137.00514    132.813    100.585     99.626     7.4985    32.0420  1025.4839    25.0233     7.4893     58.787    95.7380     0.0874      7.912     4.0007     5.7174    174.309    178.671       7423          2  0.000e+00
   58.23436 -137.00514    132.870    100.617     99.659     7.4977    32.0437  1025.4855    25.0247     7.4885     58.787    95.7380     0.0874      7.912     4.0007     5.7175    174.311    178.673       7424          2  0.000e+00
   58.23436 -137.00514    132.813    100.585     99.626     7.4978    32.0436  1025.4853    25.0246     7.4885     58.787    95.7380     0.0874      7.912     4.0007     5.7174    174.309    178.671       7425          2  0.000e+00
   58.23436 -137.00514    133.128    100.730     99.771     7.4974    32.0440  1025.4863    25.0251     7.4881     58.787    95.7380     0.0874      7.912     4.0008     5.7175    174.312    178.674       7426          2  0.000e+00
   58.23436 -137.00514    133.405    100.763     99.803     7.4970    32.0445  1025.4869    25.0255     7.4878     58.787    95.7380     0.0874      7.912     4.0007     5.7175    174.311    178.673       7427          2  0.000e+00
   58.23436 -137.00514    133.486    100.795     99.835     7.4968    32.0447  1025.4872    25.0256     7.4875     58.842    95.7380     0.0874      7.912     4.0045     5.7228    174.475    178.842       7428          2  0.000e+00
   58.23436 -137.00514    133.574    100.884     99.923     7.4970    32.0448  1025.4877    25.0257     7.4877     58.792    95.7380     0.0581      7.912     4.0011     5.7180    174.326    178.689       7429          2  0.000e+00
   58.23436 -137.00514    133.662    100.973    100.011     7.4968    32.0444  1025.4879    25.0255     7.4875     58.790    95.7380     0.0581      7.912     4.0010     5.7179    174.323    178.686       7430          2  0.000e+00
   58.23436 -137.00514    133.728    100.916     99.955     7.4970    32.0441  1025.4873    25.0251     7.4877     58.787    95.7380     0.0581      7.912     4.0008     5.7176    174.314    178.676       7431          2  0.000e+00
   58.23436 -137.00514    134.034    101.127    100.163     7.4966    32.0451  1025.4891    25.0260     7.4873     58.842    95.7380     0.0581      7.912     4.0046     5.7229    174.477    178.844       7432          2  0.000e+00
