EcoFOCI/data/1_SampleCollection/2022_GOA-OA_CruiseData/CTD_raw_BottleFile_RC0083/RC0083_105.cnv
* Sea-Bird SBE 9 Data File:
* FileName = C:\Data\RC0083ctd\RC0083_105.hex
* Software Version Seasave V 7.26.7.107
* Temperature SN = 2060
* Conductivity SN = 2881
* Number of Bytes Per Scan = 31
* Number of Voltage Words = 4
* Number of Scans Averaged by the Deck Unit = 1
* NMEA Latitude = 56 27.76 N
* NMEA Longitude = 132 24.79 W
* NMEA UTC (Time) = Aug 23 2022  02:09:40
* NMEA baud rate = 4800
** Ship: R/V Rachel Carson
** Cruise ID: RC0083
** Tech: McHugh/Nomura
** Chief Scientist: Cross
** Station: WI1
** Cast:  CTD105
# nquan = 19
# nvalues = 9056                                  
# units = specified
# name 0 = latitude: Latitude [deg]
# name 1 = longitude: Longitude [deg]
# name 2 = sfdSM: Seafloor depth [salt water, m]
# name 3 = prDM: Pressure, Digiquartz [db]
# name 4 = depSM: Depth [salt water, m]
# name 5 = t090C: Temperature [ITS-90, deg C]
# name 6 = sal00: Salinity, Practical [PSU]
# name 7 = density00: Density [density, kg/m^3]
# name 8 = sigma-é00: Density [sigma-theta, kg/m^3]
# name 9 = potemp090C: Potential Temperature [ITS-90, deg C]
# name 10 = sbeox0PS: Oxygen, SBE 43 [% saturation]
# name 11 = CStarTr0: Beam Transmission, WET Labs C-Star [%]
# name 12 = flECO-AFL: Fluorescence, WET Labs ECO-AFL/FL [mg/m^3]
# name 13 = ph: pH
# name 14 = sbeox0ML/L: Oxygen, SBE 43 [ml/l]
# name 15 = sbeox0Mg/L: Oxygen, SBE 43 [mg/l]
# name 16 = sbox0Mm/Kg: Oxygen, SBE 43 [umol/kg]
# name 17 = sbeox0Mm/L: Oxygen, SBE 43 [umol/l]
# name 18 = flag:  0.000e+00
# span 0 =   56.46226,   56.46260                 
# span 1 = -132.41318, -132.41074                 
# span 2 =      2.214,    183.827                 
# span 3 =      1.613,    113.156                 
# span 4 =      1.598,    112.092                 
# span 5 =     6.1267,    14.3893                 
# span 6 =     2.1118,    33.1219                 
# span 7 =  1001.1357,  1026.5747                 
# span 8 =     1.1276,    26.0542                 
# span 9 =     6.1173,    14.3889                 
# span 10 =     26.124,    109.922                
# span 11 =     0.0001,    97.8916                
# span 12 =    -0.0591,     3.5160                
# span 13 =      7.657,      8.628                
# span 14 =     1.8220,     7.7868                
# span 15 =     2.6039,    11.1281                
# span 16 =     79.306,    347.240                
# span 17 =     81.372,    347.759                
# span 18 = 0.0000e+00, 0.0000e+00                
# interval = seconds: 0.0416667
# start_time = Aug 23 2022 02:09:40 [NMEA time, header]
# bad_flag = -9.990e-29
*END*
[from data line 8762]
   56.46228 -132.41080    101.815      3.236      3.207    13.7823    20.2223  1014.8542    14.8395    13.7819    107.880    26.6546     3.2522      8.502     6.8975     9.8573    303.539    308.044  0.000e+00
   56.46228 -132.41080    101.775      3.196      3.167    13.7613    20.3108  1014.9259    14.9114    13.7609    107.791    26.6546     3.2229      8.502     6.8911     9.8481    303.236    307.757  0.000e+00
   56.46228 -132.41080    101.751      3.172      3.143    13.7934    20.3069  1014.9170    14.9027    13.7930    107.741    26.6546     3.2522      8.502     6.8834     9.8371    302.900    307.414  0.000e+00
   56.46228 -132.41080    101.815      3.236      3.207    13.7742    20.3315  1014.9396    14.9250    13.7738    107.654    26.6546     3.2229      8.502     6.8796     9.8316    302.724    307.243  0.000e+00
   56.46228 -132.41080    101.775      3.196      3.167    13.7403    20.3842  1014.9861    14.9716    13.7399    107.569    26.6546     3.2522      8.502     6.8768     9.8276    302.587    307.118  0.000e+00
   56.46228 -132.41080    101.751      3.172      3.143    13.7763    20.1509  1014.8001    14.7857    13.7760    107.472    26.6546     3.2229      8.502     6.8753     9.8255    302.578    307.052  0.000e+00
   56.46228 -132.41080    101.831      3.252      3.223    13.8601    19.6697  1014.4155    14.4007    13.8597    107.424    26.6546     3.2229      8.501     6.8806     9.8331    302.927    307.289  0.000e+00
   56.46228 -132.41080    101.751      3.172      3.143    13.9641    19.2767  1014.0944    14.0801    13.9637    107.319    26.6546     3.0178      8.501     6.8756     9.8260    302.802    307.065  0.000e+00
   56.46228 -132.41080    101.831      3.252      3.223    14.0166    19.2003  1014.0266    14.0119    14.0162    107.224    26.6546     2.8127      8.500     6.8652     9.8111    302.365    306.602  0.000e+00
   56.46228 -132.41080    101.815      3.236      3.207    13.9707    19.4759  1014.2465    14.2319    13.9703    107.149    26.6546     2.7541      8.501     6.8553     9.7969    301.863    306.159  0.000e+00
   56.46228 -132.41080    101.831      3.252      3.223    13.8650    19.8153  1014.5265    14.5118    13.8646    107.137    26.6546     2.7541      8.501     6.8553     9.7970    301.780    306.160  0.000e+00
   56.46228 -132.41080    101.815      3.236      3.207    13.8573    19.8469  1014.5521    14.5374    13.8569    107.061    26.6546     2.7541      8.501     6.8503     9.7898    301.551    305.935  0.000e+00
   56.46228 -132.41080    101.815      3.236      3.207    13.9109    19.6455  1014.3877    14.3730    13.9105    107.035    25.6757     2.7541      8.506     6.8494     9.7885    301.562    305.896  0.000e+00
   56.46228 -132.41080    101.831      3.252      3.223    13.9153    19.4644  1014.2478    14.2331    13.9149    106.968    23.7738     2.7834      8.506     6.8522     9.7925    301.724    306.019  0.000e+00
   56.46228 -132.41080    101.815      3.236      3.207    13.9335    19.3932  1014.1897    14.1750    13.9331    106.898    23.1864     2.7541      8.506     6.8481     9.7867    301.563    305.838  0.000e+00
   56.46228 -132.41080    101.831      3.252      3.223    13.9458    19.2967  1014.1134    14.0987    13.9454    106.885    23.2424     2.7541      8.505     6.8496     9.7888    301.652    305.905  0.000e+00
   56.46228 -132.41080    101.871      3.293      3.263    13.9239    19.1863  1014.0327    14.0177    13.9235    106.879    23.3263     2.7541      8.506     6.8571     9.7994    302.003    306.236  0.000e+00
   56.46228 -132.41080    101.831      3.252      3.223    13.8645    19.1576  1014.0211    14.0063    13.8641    106.828    23.3263     2.7541      8.506     6.8636     9.8088    302.294    306.528  0.000e+00
   56.46228 -132.41080    101.871      3.293      3.263    13.8398    19.1514  1014.0209    14.0059    13.8394    106.829    23.3263     2.7541      8.506     6.8675     9.8143    302.465    306.701  0.000e+00
   56.46228 -132.41080    101.831      3.252      3.223    13.8485    19.1522  1014.0197    14.0050    13.8481    106.776    23.3263     2.7541      8.506     6.8628     9.8076    302.257    306.490  0.000e+00
   56.46228 -132.41080    101.871      3.293      3.263    13.8775    19.1806  1014.0366    14.0217    13.8771    106.777    23.3263     2.7541      8.506     6.8574     9.8000    302.019    306.253  0.000e+00
   56.46228 -132.41080    101.871      3.293      3.263    13.9244    19.2067  1014.0483    14.0334    13.9240    106.728    23.3263     2.7834      8.506     6.8464     9.7842    301.530    305.762  0.000e+00
   56.46228 -132.41080    101.831      3.252      3.223    13.9434    19.2716  1014.0946    14.0798    13.9430    106.734    23.3263     2.7541      8.505     6.8414     9.7770    301.293    305.535  0.000e+00
   56.46228 -132.41080    101.871      3.293      3.263    13.9431    19.3315  1014.1408    14.1259    13.9427    106.751    23.3263     2.7834      8.505     6.8400     9.7750    301.218    305.473  0.000e+00
   56.46228 -132.41080    101.895      3.317      3.287    13.9351    19.3676  1014.1701    14.1551    13.9347    106.723    23.3263     2.7834      8.506     6.8378     9.7718    301.112    305.374  0.000e+00
   56.46228 -132.41080    101.871      3.293      3.263    13.9255    19.4211  1014.2129    14.1979    13.9251    106.692    23.3263     2.7834      8.506     6.8349     9.7678    300.974    305.247  0.000e+00
   56.46228 -132.41080    101.831      3.252      3.223    13.9279    19.4982  1014.2715    14.2567    13.9275    106.713    23.3263     2.7541      8.506     6.8326     9.7645    300.855    305.144  0.000e+00
   56.46228 -132.41080    101.871      3.293      3.263    13.9000    19.5822  1014.3412    14.3263    13.8996    106.692    23.3263     2.9885      8.506     6.8317     9.7632    300.796    305.105  0.000e+00
   56.46228 -132.41080    101.831      3.252      3.223    13.8803    19.6263  1014.3785    14.3637    13.8799    106.776    23.3263     3.3694      8.506     6.8381     9.7723    301.064    305.388  0.000e+00
   56.46228 -132.41080    101.871      3.293      3.263    13.9136    19.6283  1014.3743    14.3593    13.9132    106.803    23.3263     3.5160      8.506     6.8350     9.7678    300.928    305.249  0.000e+00
   56.46228 -132.41080    101.895      3.317      3.287    13.9301    19.6436  1014.3832    14.3681    13.9297    106.782    23.3263     3.5160      8.506     6.8306     9.7616    300.732    305.053  0.000e+00
   56.46228 -132.41080    101.815      3.236      3.207    13.9146    19.7173  1014.4422    14.4275    13.9142    106.762    23.3263     3.4867      8.506     6.8284     9.7585    300.619    304.956  0.000e+00
   56.46228 -132.41080    101.871      3.293      3.263    13.8943    19.8462  1014.5452    14.5303    13.8938    106.748    24.1094     3.4867      8.506     6.8250     9.7536    300.439    304.804  0.000e+00
   56.46228 -132.41080    101.831      3.252      3.223    13.8788    19.9706  1014.6434    14.6287    13.8784    106.727    27.0741     3.4867      8.506     6.8206     9.7473    300.217    304.609  0.000e+00
   56.46228 -132.41080    101.871      3.293      3.263    13.8651    20.0628  1014.7170    14.7021    13.8647    106.761    28.2488     3.4867      8.511     6.8208     9.7476    300.204    304.618  0.000e+00
   56.46228 -132.41080    101.831      3.252      3.223    13.8460    20.1144  1014.7599    14.7451    13.8456    106.748    28.3048     3.4867      8.506     6.8206     9.7473    300.181    304.608  0.000e+00
   56.46228 -132.41080    101.815      3.236      3.207    13.8304    20.1450  1014.7861    14.7715    13.8301    106.736    28.1649     3.4867      8.511     6.8207     9.7475    300.179    304.613  0.000e+00
   56.46228 -132.41080    101.733      3.252      3.223    13.8190    20.1471  1014.7899    14.7751    13.8186    106.777    28.1090     3.4867      8.511     6.8249     9.7535    300.362    304.800  0.000e+00
   56.46228 -132.41080    101.204      3.236      3.207    13.8228    20.1111  1014.7614    14.7468    13.8224    106.766    28.1090     3.4867      8.511     6.8252     9.7539    300.383    304.813  0.000e+00
   56.46228 -132.41080    100.976      3.252      3.223    13.8399    20.0291  1014.6954    14.6807    13.8395    106.755    28.1369     3.4867      8.511     6.8255     9.7543    300.415    304.825  0.000e+00
   56.46228 -132.41080    100.936      3.236      3.207    13.8450    19.9519  1014.6350    14.6204    13.8446    106.798    28.1090     3.4867      8.511     6.8308     9.7619    300.668    305.064  0.000e+00
   56.46228 -132.41080    100.960      3.236      3.207    13.8389    19.9090  1014.6032    14.5885    13.8385    106.844    28.1369     3.4867      8.511     6.8364     9.7699    300.924    305.314  0.000e+00
   56.46228 -132.41080    100.920      3.196      3.167    13.8287    19.8671  1014.5726    14.5581    13.8283    106.840    28.1369     3.4867      8.511     6.8394     9.7742    301.065    305.448  0.000e+00
   56.46228 -132.41080    100.960      3.236      3.207    13.8234    19.8477  1014.5588    14.5441    13.8230    106.837    28.1369     3.4867      8.511     6.8408     9.7762    301.131    305.511  0.000e+00
   56.46228 -132.41080    100.976      3.252      3.223    13.8178    19.8630  1014.5716    14.5569    13.8174    106.835    28.1369     3.4867      8.511     6.8408     9.7762    301.126    305.510  0.000e+00
   56.46228 -132.41080    100.896      3.172      3.143    13.8061    19.8899  1014.5941    14.5797    13.8057    106.886    28.1369     3.4867      8.511     6.8446     9.7817    301.289    305.682  0.000e+00
   56.46228 -132.41080    100.920      3.196      3.167    13.8004    19.9013  1014.6040    14.5895    13.8000    106.885    28.1369     3.4867      8.511     6.8449     9.7821    301.298    305.693  0.000e+00
   56.46228 -132.41080    100.960      3.236      3.207    13.7991    19.8934  1014.5983    14.5836    13.7987    106.938    28.1369     3.3694      8.511     6.8488     9.7877    301.472    305.869  0.000e+00
   56.46228 -132.41080    100.920      3.196      3.167    13.8059    19.8474  1014.5616    14.5471    13.8055    106.936    28.1369     2.8127      8.511     6.8496     9.7888    301.519    305.905  0.000e+00
   56.46228 -132.41080    100.896      3.172      3.143    13.8133    19.7744  1014.5040    14.4896    13.8129    106.934    28.1369     2.5489      8.511     6.8516     9.7916    301.622    305.993  0.000e+00
   56.46228 -132.41080    100.960      3.236      3.207    13.8208    19.7592  1014.4913    14.4766    13.8204    106.931    28.1369     2.5196      8.511     6.8509     9.7906    301.595    305.961  0.000e+00
   56.46228 -132.41080    100.920      3.196      3.167    13.8285    19.7737  1014.5008    14.4863    13.8281    106.926    28.1369     2.5489      8.511     6.8489     9.7878    301.504    305.872  0.000e+00
   56.46228 -132.41080    100.896      3.172      3.143    13.8405    19.6779  1014.4249    14.4105    13.8401    106.918    27.9412     2.5782      8.511     6.8507     9.7903    301.606    305.953  0.000e+00
   56.46228 -132.41080    100.920      3.196      3.167    13.8707    19.4624  1014.2540    14.2395    13.8703    106.958    26.0672     2.5782      8.511     6.8581     9.8009    301.982    306.283  0.000e+00
   56.46228 -132.41080    100.896      3.172      3.143    13.9057    19.2231  1014.0637    14.0493    13.9053    106.944    25.0883     2.5782      8.510     6.8623     9.8070    302.226    306.472  0.000e+00
   56.46228 -132.41080    100.920      3.196      3.167    13.9410    18.8294  1013.7549    13.7404    13.9406    106.986    24.9764     2.5489      8.510     6.8767     9.8274    302.949    307.111  0.000e+00
   56.46228 -132.41080    100.920      3.172      3.143    13.9717    18.3692  1013.3958    13.3814    13.9713    106.975    25.0883     2.5782      8.510     6.8911     9.8480    303.691    307.755  0.000e+00
   56.46228 -132.41080    101.408      3.196      3.167    14.0113    17.9925  1013.0994    13.0849    14.0109    106.959    25.1163     2.5782      8.510     6.9004     9.8613    304.191    308.171  0.000e+00
   56.46228 -132.41080    101.726      3.172      3.143    14.0439    17.6366  1012.8202    12.8058    14.0436    106.940    25.1163     2.5489      8.510     6.9096     9.8745    304.681    308.583  0.000e+00
   56.46228 -132.41080    101.799      3.196      3.167    14.1123    17.3020  1012.5513    12.5367    14.1119    106.918    25.1163     2.5489      8.505     6.9126     9.8787    304.893    308.715  0.000e+00
   56.46228 -132.41080    101.695      3.115      3.087    14.1637    17.1799  1012.4480    12.4339    14.1634    106.894    25.1163     2.5782      8.509     6.9087     9.8733    304.754    308.544  0.000e+00
   56.46228 -132.41078    101.751      3.172      3.143    14.1649    17.2392  1012.4936    12.4792    14.1645    106.878    25.1163     2.5489      8.509     6.9050     9.8679    304.577    308.378  0.000e+00
   56.46228 -132.41078    101.775      3.196      3.167    14.1565    17.3692  1012.5950    12.5805    14.1561    106.860    25.1163     2.5782      8.509     6.8995     9.8600    304.302    308.131  0.000e+00
   56.46228 -132.41078    101.751      3.172      3.143    14.1123    17.5545  1012.7450    12.7306    14.1120    106.841    25.1163     2.5782      8.509     6.8968     9.8562    304.139    308.011  0.000e+00
   56.46228 -132.41078    101.775      3.196      3.167    14.0559    17.5411  1012.7449    12.7303    14.0555    106.826    25.1163     2.5782      8.510     6.9046     9.8673    304.482    308.358  0.000e+00
   56.46228 -132.41078    101.751      3.172      3.143    14.0946    17.2211  1012.4921    12.4777    14.0942    106.747    25.1163     2.5489      8.509     6.9075     9.8715    304.687    308.489  0.000e+00
   56.46228 -132.41078    101.719      3.139      3.111    14.1547    16.8506  1012.1970    12.1827    14.1543    106.713    25.1163     2.5489      8.509     6.9123     9.8784    304.990    308.705  0.000e+00
   56.46228 -132.41078    101.751      3.172      3.143    14.2135    16.6104  1012.0023    11.9879    14.2131    106.735    25.1163     2.5782      8.509     6.9155     9.8830    305.189    308.847  0.000e+00
   56.46228 -132.41078    101.775      3.196      3.167    14.2049    16.5989  1011.9951    11.9806    14.2045    106.659    25.1163     2.8420      8.509     6.9123     9.8783    305.048    308.703  0.000e+00
   56.46228 -132.41078    101.751      3.172      3.143    14.1935    16.8633  1012.2000    12.1856    14.1931    106.633    25.1163     3.0178      8.509     6.9010     9.8622    304.489    308.199  0.000e+00
   56.46228 -132.41078    101.751      3.172      3.143    14.1973    17.2635  1012.5065    12.4921    14.1969    106.604    25.1163     3.0471      8.509     6.8815     9.8344    303.538    307.330  0.000e+00
   56.46228 -132.41078    101.775      3.196      3.167    14.1757    17.5044  1012.6954    12.6808    14.1753    106.634    25.1163     3.0471      8.509     6.8764     9.8270    303.253    307.098  0.000e+00
   56.46228 -132.41078    101.751      3.172      3.143    14.1367    17.5878  1012.7662    12.7518    14.1363    106.617    25.0883     3.0178      8.509     6.8774     9.8285    303.277    307.144  0.000e+00
   56.46228 -132.41078    101.775      3.196      3.167    14.1136    17.5432  1012.7363    12.7217    14.1132    106.598    23.1864     3.0178      8.509     6.8814     9.8342    303.461    307.322  0.000e+00
   56.46228 -132.41078    101.751      3.172      3.143    14.0984    17.5820  1012.7686    12.7542    14.0980    106.574    21.7880     3.0178      8.509     6.8804     9.8328    303.409    307.279  0.000e+00
   56.46228 -132.41078    101.775      3.196      3.167    14.1008    17.8346  1012.9623    12.9478    14.1004    106.552    21.5363     3.0178      8.509     6.8679     9.8149    302.800    306.721  0.000e+00
