EcoFOCI/data/1_SampleCollection/2022_GOA-OA_CruiseData/CTD_raw_BottleFile_RC0083/RC0083_018.ros
* Sea-Bird SBE 9 Data File:
* FileName = C:\Data\RC0083ctd\RC0083_018.hex
* Software Version Seasave V 7.26.7.107
* Temperature SN = 2060
* Conductivity SN = 1084
* Number of Bytes Per Scan = 31
* Number of Voltage Words = 4
* Number of Scans Averaged by the Deck Unit = 1
* NMEA Latitude = 56 10.89 N
* NMEA Longitude = 134 27.43 W
* NMEA UTC (Time) = Aug 13 2022  16:55:27
* NMEA baud rate = 4800
** Ship: R/V Rachel Carson
** Cruise ID: RC0083 RC0083
** Tech: McHugh/Nomura
** Chief Scientist: Cross Cross
** Station: CS3
** Cast:  018
# nquan = 21
# nvalues = 392                                   
# units = specified
# name 0 = latitude: Latitude [deg]
# name 1 = longitude: Longitude [deg]
# name 2 = sfdSM: Seafloor depth [salt water, m]
# name 3 = prDM: Pressure, Digiquartz [db]
# name 4 = depSM: Depth [salt water, m]
# name 5 = t090C: Temperature [ITS-90, deg C]
# name 6 = sal00: Salinity, Practical [PSU]
# name 7 = density00: Density [density, kg/m^3]
# name 8 = sigma-é00: Density [sigma-theta, kg/m^3]
# name 9 = potemp090C: Potential Temperature [ITS-90, deg C]
# name 10 = sbeox0PS: Oxygen, SBE 43 [% saturation]
# name 11 = CStarTr0: Beam Transmission, WET Labs C-Star [%]
# name 12 = flECO-AFL: Fluorescence, WET Labs ECO-AFL/FL [mg/m^3]
# name 13 = ph: pH
# name 14 = sbeox0ML/L: Oxygen, SBE 43 [ml/l]
# name 15 = sbeox0Mg/L: Oxygen, SBE 43 [mg/l]
# name 16 = sbox0Mm/Kg: Oxygen, SBE 43 [umol/kg]
# name 17 = sbeox0Mm/L: Oxygen, SBE 43 [umol/l]
# name 18 = scan: Scan Count
# name 19 = nbf: Bottles Fired
# name 20 = flag:  0.000e+00
# interval = seconds: 0.0416667
# start_time = Aug 13 2022 16:55:27 [NMEA time, header]
# bad_flag = -9.990e-29
*END*
[from data line 138]
   56.17616 -134.46256    247.490    150.282    148.858     5.9606    33.4325  1027.0124    26.3205     5.9481     35.954   105.9187    -0.0591      7.792     2.5122     3.5902    109.319    112.197      41583          3  0.000e+00
   56.17616 -134.46256    247.426    150.217    148.793     5.9606    33.4325  1027.0121    26.3205     5.9481     35.954   105.9187    -0.0591      7.792     2.5123     3.5903    109.321    112.198      41584          3  0.000e+00
   56.17616 -134.46256    247.490    150.282    148.858     5.9609    33.4322  1027.0121    26.3202     5.9484     35.955   105.9187    -0.0591      7.792     2.5123     3.5904    109.323    112.200      41585          3  0.000e+00
   56.17616 -134.46256    247.482    150.273    148.850     5.9607    33.4323  1027.0122    26.3203     5.9483     35.956   105.9187    -0.0591      7.792     2.5124     3.5904    109.325    112.203      41586          3  0.000e+00
   56.17616 -134.46256    247.490    150.282    148.858     5.9609    33.4322  1027.0121    26.3202     5.9484     35.956   105.9187    -0.0591      7.792     2.5124     3.5905    109.327    112.205      41587          3  0.000e+00
   56.17616 -134.46256    247.546    150.338    148.914     5.9609    33.4321  1027.0123    26.3202     5.9484     35.957   105.9187    -0.0591      7.792     2.5125     3.5906    109.330    112.207      41588          3  0.000e+00
   56.17616 -134.46256    247.490    150.282    148.858     5.9609    33.4324  1027.0122    26.3204     5.9484     35.958   105.9187    -0.0591      7.792     2.5125     3.5906    109.331    112.209      41589          3  0.000e+00
   56.17616 -134.46256    247.546    150.338    148.914     5.9609    33.4320  1027.0122    26.3201     5.9484     35.967   105.9187    -0.0591      7.792     2.5132     3.5916    109.360    112.238      41590          3  0.000e+00
   56.17616 -134.46256    247.546    150.338    148.914     5.9609    33.4321  1027.0122    26.3201     5.9484     35.968   105.9467    -0.0591      7.792     2.5132     3.5917    109.363    112.241      41591          3  0.000e+00
   56.17560 -134.46328    198.054    100.361     99.422     6.7568    32.8360  1026.2086    25.7478     6.7480     48.760   105.2195    -0.0298      7.881     3.3578     4.7987    146.196    149.960      44598          4  0.000e+00
   56.17560 -134.46328    197.910    100.215     99.278     6.7572    32.8352  1026.2073    25.7472     6.7484     48.758   105.2195    -0.0298      7.881     3.3577     4.7984    146.190    149.954      44599          4  0.000e+00
   56.17560 -134.46328    198.174    100.482     99.542     6.7584    32.8340  1026.2074    25.7461     6.7496     48.759   105.2195    -0.0298      7.881     3.3577     4.7984    146.190    149.954      44600          4  0.000e+00
   56.17560 -134.46328    197.910    100.215     99.278     6.7587    32.8338  1026.2060    25.7459     6.7499     48.757   105.2195    -0.0298      7.881     3.3575     4.7982    146.183    149.946      44601          4  0.000e+00
   56.17560 -134.46328    197.934    100.239     99.302     6.7590    32.8334  1026.2057    25.7455     6.7502     48.757   105.2195    -0.0298      7.881     3.3575     4.7982    146.183    149.946      44602          4  0.000e+00
   56.17560 -134.46328    197.846    100.150     99.214     6.7592    32.8333  1026.2052    25.7454     6.7504     48.757   105.2474    -0.0298      7.881     3.3575     4.7982    146.181    149.945      44603          4  0.000e+00
   56.17560 -134.46328    197.758    100.061     99.125     6.7597    32.8332  1026.2047    25.7453     6.7509     48.757   105.2195    -0.0298      7.881     3.3574     4.7981    146.180    149.943      44604          4  0.000e+00
   56.17560 -134.46328    197.790    100.094     99.157     6.7603    32.8325  1026.2041    25.7446     6.7515     48.758   105.2474    -0.0298      7.881     3.3575     4.7982    146.182    149.945      44605          4  0.000e+00
   56.17560 -134.46328    197.758    100.062     99.125     6.7609    32.8318  1026.2034    25.7440     6.7522     48.759   105.2195    -0.0298      7.881     3.3575     4.7982    146.183    149.947      44606          4  0.000e+00
   56.17560 -134.46328    197.670     99.973     99.037     6.7614    32.8312  1026.2024    25.7434     6.7527     48.760   105.2195    -0.0298      7.881     3.3576     4.7983    146.185    149.949      44607          4  0.000e+00
   56.17560 -134.46328    197.638     99.940     99.005     6.7619    32.8313  1026.2023    25.7434     6.7532     48.762   105.2195    -0.0298      7.881     3.3576     4.7984    146.188    149.952      44608          4  0.000e+00
   56.17560 -134.46328    197.550     99.851     98.917     6.7623    32.8309  1026.2015    25.7431     6.7535     48.764   105.2474    -0.0298      7.881     3.3577     4.7985    146.192    149.956      44609          4  0.000e+00
   56.17560 -134.46328    197.582     99.884     98.949     6.7629    32.8301  1026.2010    25.7424     6.7541     48.766   105.2474    -0.0298      7.881     3.3579     4.7987    146.199    149.963      44610          4  0.000e+00
   56.17560 -134.46328    197.494     99.795     98.861     6.7636    32.8298  1026.2002    25.7420     6.7549     48.768   105.2474    -0.0298      7.881     3.3580     4.7989    146.204    149.967      44611          4  0.000e+00
   56.17560 -134.46328    197.494     99.795     98.861     6.7643    32.8293  1026.1998    25.7416     6.7555     48.772   105.2474    -0.0298      7.881     3.3582     4.7991    146.211    149.975      44612          4  0.000e+00
   56.17560 -134.46328    197.462     99.762     98.829     6.7645    32.8289  1026.1992    25.7412     6.7558     48.775   105.2474    -0.0298      7.881     3.3584     4.7994    146.221    149.985      44613          4  0.000e+00
   56.17560 -134.46328    197.430     99.730     98.797     6.7648    32.8288  1026.1990    25.7411     6.7560     48.778   105.2195    -0.0298      7.881     3.3586     4.7998    146.231    149.995      44614          4  0.000e+00
   56.17560 -134.46328    197.341     99.641     98.709     6.7648    32.8291  1026.1988    25.7414     6.7560     48.726   105.2474    -0.0298      7.881     3.3550     4.7946    146.072    149.832      44615          4  0.000e+00
   56.17560 -134.46328    197.373     99.673     98.741     6.7651    32.8286  1026.1985    25.7409     6.7564     48.779   105.2474    -0.0298      7.881     3.3586     4.7998    146.232    149.997      44616          4  0.000e+00
   56.17560 -134.46328    197.341     99.641     98.709     6.7656    32.8281  1026.1979    25.7404     6.7569     48.784   105.2195    -0.0298      7.881     3.3589     4.8003    146.246    150.010      44617          4  0.000e+00
   56.17560 -134.46328    197.317     99.617     98.685     6.7651    32.8288  1026.1984    25.7411     6.7564     48.789   105.2195    -0.0298      7.881     3.3593     4.8008    146.263    150.028      44618          4  0.000e+00
   56.17560 -134.46328    197.341     99.641     98.709     6.7648    32.8285  1026.1984    25.7409     6.7560     48.795   105.2474    -0.0298      7.881     3.3598     4.8014    146.282    150.047      44619          4  0.000e+00
   56.17560 -134.46328    197.317     99.617     98.685     6.7648    32.8288  1026.1984    25.7411     6.7560     48.801   105.2195    -0.0298      7.881     3.3602     4.8020    146.299    150.065      44620          4  0.000e+00
   56.17560 -134.46328    197.285     99.584     98.653     6.7649    32.8290  1026.1985    25.7413     6.7562     48.799   105.2195    -0.0298      7.881     3.3600     4.8018    146.293    150.059      44621          4  0.000e+00
   56.17560 -134.46328    197.253     99.552     98.621     6.7653    32.8283  1026.1977    25.7406     6.7566     48.805   105.1635    -0.0298      7.881     3.3604     4.8024    146.311    150.077      44622          4  0.000e+00
   56.17560 -134.46328    197.285     99.584     98.653     6.7658    32.8277  1026.1973    25.7401     6.7570     48.804   105.1635    -0.0298      7.881     3.3603     4.8023    146.307    150.073      44623          4  0.000e+00
   56.17560 -134.46328    197.318     99.617     98.685     6.7651    32.8285  1026.1982    25.7408     6.7564     48.811   105.1635    -0.0298      7.881     3.3608     4.8030    146.329    150.095      44624          4  0.000e+00
   56.17560 -134.46328    197.285     99.584     98.653     6.7649    32.8290  1026.1985    25.7413     6.7562     48.818   105.1635    -0.0298      7.881     3.3613     4.8037    146.349    150.116      44625          4  0.000e+00
   56.17560 -134.46328    197.318     99.617     98.685     6.7648    32.8289  1026.1986    25.7412     6.7560     48.826   105.1635    -0.0298      7.881     3.3618     4.8044    146.372    150.140      44626          4  0.000e+00
   56.17560 -134.46328    197.318     99.617     98.685     6.7648    32.8289  1026.1985    25.7412     6.7560     48.833   105.1635    -0.0298      7.881     3.3624     4.8052    146.395    150.164      44627          4  0.000e+00
   56.17560 -134.46328    197.342     99.641     98.709     6.7653    32.8286  1026.1984    25.7409     6.7565     48.841   105.1635    -0.0298      7.881     3.3629     4.8059    146.418    150.187      44628          4  0.000e+00
   56.17560 -134.46328    197.318     99.617     98.685     6.7654    32.8284  1026.1980    25.7407     6.7567     48.841   105.1635    -0.0298      7.876     3.3629     4.8059    146.418    150.187      44629          4  0.000e+00
   56.17560 -134.46328    197.342     99.641     98.709     6.7658    32.8282  1026.1979    25.7405     6.7570     48.842   105.1635    -0.0298      7.881     3.3629     4.8059    146.418    150.187      44630          4  0.000e+00
   56.17560 -134.46328    197.374     99.674     98.741     6.7656    32.8282  1026.1981    25.7405     6.7569     48.842   105.1635    -0.0298      7.881     3.3630     4.8060    146.421    150.190      44631          4  0.000e+00
   56.17560 -134.46328    197.342     99.641     98.709     6.7652    32.8283  1026.1981    25.7406     6.7565     48.843   105.1635    -0.0298      7.881     3.3630     4.8061    146.422    150.191      44632          4  0.000e+00
   56.17560 -134.46328    197.430     99.730     98.797     6.7648    32.8292  1026.1993    25.7414     6.7560     48.844   105.1635    -0.0298      7.881     3.3631     4.8062    146.426    150.195      44633          4  0.000e+00
   56.17560 -134.46328    197.406     99.706     98.773     6.7646    32.8294  1026.1993    25.7416     6.7559     48.844   105.1635    -0.0298      7.881     3.3631     4.8062    146.426    150.196      44634          4  0.000e+00
   56.17560 -134.46328    197.430     99.730     98.797     6.7649    32.8288  1026.1990    25.7411     6.7562     48.844   105.1635    -0.0298      7.881     3.3631     4.8062    146.427    150.197      44635          4  0.000e+00
   56.17560 -134.46328    197.462     99.763     98.829     6.7656    32.8285  1026.1988    25.7407     6.7569     48.901   105.1635    -0.0298      7.881     3.3670     4.8117    146.596    150.369      44636          4  0.000e+00
   56.17560 -134.46328    197.430     99.730     98.797     6.7656    32.8279  1026.1982    25.7403     6.7569     48.852   105.1635    -0.0298      7.881     3.3636     4.8069    146.449    150.219      44637          4  0.000e+00
   56.17560 -134.46328    197.518     99.819     98.885     6.7659    32.8273  1026.1981    25.7398     6.7571     48.853   105.1635    -0.0298      7.881     3.3637     4.8070    146.451    150.221      44638          4  0.000e+00
   56.17560 -134.46328    197.550     99.852     98.918     6.7656    32.8282  1026.1990    25.7406     6.7569     48.853   105.1635    -0.0298      7.881     3.3637     4.8070    146.451    150.221      44639          4  0.000e+00
   56.17560 -134.46328    197.582     99.884     98.950     6.7654    32.8287  1026.1996    25.7410     6.7567     48.853   105.1635    -0.0298      7.881     3.3637     4.8070    146.452    150.222      44640          4  0.000e+00
   56.17560 -134.46328    197.550     99.852     98.918     6.7651    32.8286  1026.1993    25.7409     6.7564     48.853   105.1635    -0.0298      7.881     3.3637     4.8071    146.453    150.223      44641          4  0.000e+00
   56.17560 -134.46328    197.670     99.973     99.038     6.7654    32.8289  1026.2001    25.7411     6.7567     48.910   105.1356    -0.0298      7.881     3.3676     4.8126    146.623    150.397      44642          4  0.000e+00
   56.17560 -134.46328    197.638     99.941     99.006     6.7656    32.8284  1026.1995    25.7407     6.7569     48.917   105.1356    -0.0298      7.881     3.3681     4.8133    146.644    150.419      44643          4  0.000e+00
   56.17560 -134.46328    197.726    100.030     99.094     6.7652    32.8288  1026.2003    25.7411     6.7564     48.925   105.1356    -0.0298      7.881     3.3686     4.8141    146.668    150.443      44644          4  0.000e+00
   56.17560 -134.46328    197.758    100.062     99.126     6.7654    32.8287  1026.2003    25.7409     6.7567     48.931   105.1356    -0.0298      7.881     3.3691     4.8148    146.688    150.464      44645          4  0.000e+00
   56.17560 -134.46328    197.790    100.094     99.158     6.7649    32.8291  1026.2009    25.7414     6.7561     48.882   105.1356    -0.0298      7.881     3.3657     4.8099    146.540    150.312      44646          4  0.000e+00
   56.17508 -134.46374    149.659     51.502     51.027     8.5517    31.9619  1025.0435    24.8087     8.5466     69.036   100.4088     1.0544      8.028     4.5900     6.5595    200.026    204.988      47856          5  0.000e+00
   56.17508 -134.46374    149.419     51.260     50.786     8.5519    31.9619  1025.0423    24.8087     8.5468     68.986   100.4088     1.0544      8.028     4.5866     6.5547    199.880    204.839      47857          5  0.000e+00
   56.17508 -134.46374    149.715     51.559     51.083     8.5522    31.9615  1025.0433    24.8083     8.5471     68.983   100.4088     1.0837      8.028     4.5864     6.5544    199.869    204.827      47858          5  0.000e+00
   56.17508 -134.46374    149.659     51.502     51.027     8.5527    31.9612  1025.0428    24.8080     8.5476     68.977   100.4088     1.0544      8.028     4.5859     6.5538    199.850    204.808      47859          5  0.000e+00
   56.17508 -134.46374    149.603     51.446     50.971     8.5527    31.9610  1025.0424    24.8079     8.5476     68.971   100.4088     1.0544      8.028     4.5856     6.5532    199.834    204.792      47860          5  0.000e+00
   56.17508 -134.46374    149.659     51.502     51.027     8.5527    31.9611  1025.0427    24.8079     8.5476     68.968   100.4088     1.0251      8.028     4.5853     6.5529    199.823    204.781      47861          5  0.000e+00
   56.17508 -134.46374    149.659     51.502     51.027     8.5519    31.9615  1025.0432    24.8084     8.5467     68.964   100.4088     0.9958      8.033     4.5852     6.5526    199.816    204.773      47862          5  0.000e+00
   56.17508 -134.46374    149.659     51.502     51.027     8.5519    31.9616  1025.0432    24.8085     8.5467     69.016   100.4088     0.9958      8.028     4.5886     6.5576    199.966    204.927      47863          5  0.000e+00
   56.17508 -134.46374    149.659     51.502     51.027     8.5519    31.9620  1025.0435    24.8088     8.5467     69.020   100.4088     1.0251      8.028     4.5889     6.5579    199.977    204.939      47864          5  0.000e+00
   56.17508 -134.46374    149.715     51.559     51.083     8.5514    31.9622  1025.0440    24.8090     8.5462     69.025   100.4088     0.9958      8.033     4.5892     6.5585    199.993    204.955      47865          5  0.000e+00
