EcoFOCI/data/1_SampleCollection/2022_GOA-OA_CruiseData/CTD_raw_BottleFile_RC0083/RC0083_066.ros
* Sea-Bird SBE 9 Data File:
* FileName = C:\Data\RC0083ctd\RC0083_066.hex
* Software Version Seasave V 7.26.7.107
* Temperature SN = 2060
* Conductivity SN = 1084
* Number of Bytes Per Scan = 31
* Number of Voltage Words = 4
* Number of Scans Averaged by the Deck Unit = 1
* NMEA Latitude = 58 53.63 N
* NMEA Longitude = 136 05.61 W
* NMEA UTC (Time) = Aug 20 2022  17:36:24
* NMEA baud rate = 4800
** Ship: R/V Rachel Carson
** Cruise ID: RC0083
** Tech: McHugh/Nomura
** Chief Scientist: Cross
** Station: GB16
** Cast:  CTD066
# nquan = 21
# nvalues = 343                                   
# units = specified
# name 0 = latitude: Latitude [deg]
# name 1 = longitude: Longitude [deg]
# name 2 = sfdSM: Seafloor depth [salt water, m]
# name 3 = prDM: Pressure, Digiquartz [db]
# name 4 = depSM: Depth [salt water, m]
# name 5 = t090C: Temperature [ITS-90, deg C]
# name 6 = sal00: Salinity, Practical [PSU]
# name 7 = density00: Density [density, kg/m^3]
# name 8 = sigma-é00: Density [sigma-theta, kg/m^3]
# name 9 = potemp090C: Potential Temperature [ITS-90, deg C]
# name 10 = sbeox0PS: Oxygen, SBE 43 [% saturation]
# name 11 = CStarTr0: Beam Transmission, WET Labs C-Star [%]
# name 12 = flECO-AFL: Fluorescence, WET Labs ECO-AFL/FL [mg/m^3]
# name 13 = ph: pH
# name 14 = sbeox0ML/L: Oxygen, SBE 43 [ml/l]
# name 15 = sbeox0Mg/L: Oxygen, SBE 43 [mg/l]
# name 16 = sbox0Mm/Kg: Oxygen, SBE 43 [umol/kg]
# name 17 = sbeox0Mm/L: Oxygen, SBE 43 [umol/l]
# name 18 = scan: Scan Count
# name 19 = nbf: Bottles Fired
# name 20 = flag:  0.000e+00
# interval = seconds: 0.0416667
# start_time = Aug 20 2022 17:36:24 [NMEA time, header]
# bad_flag = -9.990e-29
*END*
[from data line 276]
   58.89068 -136.09534    123.914     25.522     25.282     7.4281    29.9503  1023.5059    23.3885     7.4259     66.497    59.9936     0.1460      7.994     4.5952     6.5671    200.534    205.224      31046          6  0.000e+00
   58.89068 -136.09534    123.915     25.522     25.282     7.4284    29.9504  1023.5059    23.3885     7.4261     66.506    59.9936     0.1460      7.994     4.5958     6.5679    200.559    205.250      31047          6  0.000e+00
   58.89068 -136.09534    123.915     25.522     25.282     7.4283    29.9502  1023.5058    23.3883     7.4260     66.515    59.9936     0.1460      7.994     4.5965     6.5688    200.588    205.279      31048          6  0.000e+00
   58.89068 -136.09534    123.794     25.401     25.162     7.4284    29.9487  1023.5041    23.3872     7.4261     66.524    59.9936     0.1460      7.994     4.5971     6.5698    200.616    205.308      31049          6  0.000e+00
   58.89068 -136.09534    123.971     25.579     25.338     7.4280    29.9502  1023.5061    23.3884     7.4258     66.536    59.9936     0.1460      7.994     4.5980     6.5709    200.652    205.345      31050          6  0.000e+00
   58.89068 -136.09534    123.915     25.522     25.282     7.4279    29.9509  1023.5064    23.3890     7.4256     66.547    59.9936     0.1460      7.994     4.5987     6.5720    200.684    205.377      31051          6  0.000e+00
   58.89068 -136.09534    123.915     25.522     25.282     7.4279    29.9509  1023.5064    23.3890     7.4256     66.559    59.9936     0.1167      7.994     4.5995     6.5731    200.719    205.414      31052          6  0.000e+00
   58.89068 -136.09534    123.915     25.522     25.282     7.4277    29.9512  1023.5067    23.3893     7.4255     66.564    59.9936     0.1167      7.994     4.5998     6.5736    200.734    205.429      31053          6  0.000e+00
   58.89068 -136.09534    123.915     25.522     25.282     7.4280    29.9511  1023.5065    23.3891     7.4258     66.569    59.9936     0.1167      7.994     4.6002     6.5741    200.748    205.443      31054          6  0.000e+00
   58.89068 -136.09534    123.915     25.522     25.282     7.4277    29.9509  1023.5064    23.3890     7.4255     66.574    59.9936     0.1167      7.994     4.6006     6.5747    200.766    205.461      31055          6  0.000e+00
   58.89068 -136.09534    123.890     25.522     25.282     7.4279    29.9503  1023.5059    23.3885     7.4256     66.635    59.9936     0.1167      7.994     4.6048     6.5807    200.950    205.650      31056          6  0.000e+00
   58.89068 -136.09534    123.890     25.522     25.282     7.4281    29.9503  1023.5059    23.3885     7.4259     66.648    59.9936     0.1167      7.994     4.6057     6.5819    200.988    205.689      31057          6  0.000e+00
   58.89068 -136.09534    123.915     25.522     25.282     7.4279    29.9518  1023.5071    23.3897     7.4256     66.661    59.9936     0.1167      7.994     4.6065     6.5832    201.026    205.728      31058          6  0.000e+00
   58.89068 -136.09534    123.915     25.522     25.282     7.4282    29.9517  1023.5070    23.3896     7.4260     66.666    59.9936     0.1167      7.994     4.6069     6.5837    201.041    205.743      31059          6  0.000e+00
   58.89068 -136.09534    123.915     25.522     25.282     7.4281    29.9517  1023.5070    23.3896     7.4259     66.727    59.9936     0.1167      7.994     4.6111     6.5897    201.223    205.930      31060          6  0.000e+00
   58.89068 -136.09534    123.915     25.522     25.282     7.4280    29.9517  1023.5070    23.3896     7.4258     66.739    59.9936     0.1167      7.994     4.6119     6.5908    201.259    205.967      31061          6  0.000e+00
   58.89068 -136.09534    123.890     25.522     25.282     7.4284    29.9513  1023.5067    23.3893     7.4261     66.702    60.0216     0.1167      7.994     4.6093     6.5872    201.147    205.852      31062          6  0.000e+00
   58.89068 -136.09534    123.890     25.522     25.282     7.4285    29.9510  1023.5064    23.3890     7.4263     66.713    60.0496     0.1167      7.994     4.6101     6.5883    201.181    205.887      31063          6  0.000e+00
   58.89040 -136.09552     54.969      2.637      2.613     6.4931    17.3997  1013.6482    13.6357     6.4930     93.640    49.3374     0.3511      8.315     7.1836    10.2661    316.503    320.819      33384          7  0.000e+00
   58.89040 -136.09552     56.222      2.718      2.693     6.4954    17.4034  1013.6513    13.6384     6.4953     93.645    49.3374     0.3511      8.315     7.1834    10.2659    316.496    320.813      33385          7  0.000e+00
   58.89040 -136.09552     56.630      2.637      2.613     6.4984    17.4045  1013.6515    13.6390     6.4983     93.704    49.3374     0.3511      8.315     7.1873    10.2714    316.668    320.987      33386          7  0.000e+00
   58.89040 -136.09552     56.678      2.662      2.637     6.4970    17.4068  1013.6535    13.6409     6.4968     93.715    49.3654     0.3511      8.315     7.1883    10.2729    316.711    321.032      33387          7  0.000e+00
   58.89040 -136.09552     56.605      2.637      2.613     6.4954    17.4083  1013.6547    13.6423     6.4953     93.724    49.3654     0.3511      8.315     7.1893    10.2742    316.752    321.073      33388          7  0.000e+00
   58.89040 -136.09552     56.549      2.605      2.581     6.4943    17.4092  1013.6554    13.6431     6.4941     93.677    49.3374     0.3511      8.315     7.1858    10.2692    316.597    320.917      33389          7  0.000e+00
   58.89040 -136.09552     56.645      2.702      2.677     6.4930    17.4121  1013.6583    13.6455     6.4928     93.678    49.3374     0.3511      8.315     7.1859    10.2694    316.604    320.924      33390          7  0.000e+00
   58.89040 -136.09552     56.485      2.541      2.517     6.4957    17.4152  1013.6597    13.6477     6.4956     93.674    49.3374     0.3511      8.315     7.1850    10.2681    316.563    320.884      33391          7  0.000e+00
   58.89040 -136.09552     56.701      2.759      2.733     6.4891    17.4241  1013.6683    13.6553     6.4890     93.676    49.3374     0.3511      8.315     7.1859    10.2694    316.599    320.923      33392          7  0.000e+00
   58.89040 -136.09552     56.549      2.605      2.581     6.4820    17.4318  1013.6743    13.6620     6.4819     93.728    49.3654     0.3511      8.315     7.1908    10.2764    316.812    321.141      33393          7  0.000e+00
   58.89040 -136.09552     56.645      2.702      2.677     6.4845    17.4328  1013.6753    13.6625     6.4843     93.732    49.3374     0.3511      8.315     7.1906    10.2761    316.804    321.133      33394          7  0.000e+00
   58.89040 -136.09552     56.549      2.605      2.581     6.4849    17.4339  1013.6756    13.6633     6.4847     93.733    49.3654     0.3511      8.315     7.1905    10.2760    316.800    321.129      33395          7  0.000e+00
   58.89040 -136.09552     56.581      2.637      2.613     6.4879    17.4336  1013.6753    13.6628     6.4877     93.677    49.3374     0.3511      8.315     7.1858    10.2692    316.591    320.917      33396          7  0.000e+00
   58.89040 -136.09552     66.910      2.662      2.637     6.4938    17.4310  1013.6729    13.6603     6.4936     93.676    49.3374     0.3511      8.315     7.1848    10.2678    316.549    320.873      33397          7  0.000e+00
   58.89040 -136.09552     93.480      2.637      2.613     6.4989    17.4298  1013.6713    13.6588     6.4988     93.674    49.3374     0.3511      8.315     7.1838    10.2664    316.505    320.828      33398          7  0.000e+00
   58.89040 -136.09552    102.637      2.662      2.637     6.5035    17.4274  1013.6692    13.6566     6.5033     93.672    49.3374     0.3511      8.315     7.1830    10.2652    316.469    320.791      33399          7  0.000e+00
   58.89040 -136.09552    102.613      2.637      2.613     6.5072    17.4229  1013.6652    13.6527     6.5071     93.661    49.3654     0.3511      8.315     7.1817    10.2634    316.414    320.734      33400          7  0.000e+00
   58.89040 -136.09552    101.538      2.662      2.637     6.5100    17.4167  1013.6602    13.6476     6.5099     93.714    49.3654     0.3511      8.315     7.1855    10.2688    316.585    320.906      33401          7  0.000e+00
   58.89040 -136.09552    101.172      2.637      2.613     6.5075    17.4113  1013.6560    13.6436     6.5073     93.710    49.3374     0.3218      8.315     7.1859    10.2694    316.605    320.924      33402          7  0.000e+00
   58.89040 -136.09552    101.220      2.662      2.637     6.4967    17.4112  1013.6571    13.6445     6.4966     93.660    49.3374     0.3218      8.315     7.1839    10.2666    316.516    320.835      33403          7  0.000e+00
   58.89040 -136.09552    101.221      2.637      2.613     6.4881    17.4110  1013.6575    13.6450     6.4880     93.648    49.3934     0.3218      8.315     7.1846    10.2674    316.543    320.862      33404          7  0.000e+00
   58.89040 -136.09552    101.213      2.605      2.581     6.4817    17.4105  1013.6576    13.6453     6.4815     93.587    50.7079     0.3218      8.315     7.1810    10.2624    316.386    320.704      33405          7  0.000e+00
   58.89040 -136.09552    101.245      2.637      2.613     6.4766    17.4115  1013.6589    13.6465     6.4764     93.574    51.5470     0.3218      8.315     7.1809    10.2622    316.380    320.697      33406          7  0.000e+00
   58.89040 -136.09552    101.269      2.662      2.637     6.4718    17.4115  1013.6595    13.6469     6.4717     93.561    51.6589     0.3218      8.315     7.1807    10.2619    316.371    320.688      33407          7  0.000e+00
   58.89040 -136.09552    101.245      2.637      2.613     6.4695    17.4077  1013.6566    13.6441     6.4693     93.538    51.6029     0.3218      8.315     7.1795    10.2603    316.322    320.637      33408          7  0.000e+00
   58.89040 -136.09552    101.269      2.662      2.637     6.4730    17.3985  1013.6492    13.6366     6.4728     93.578    51.5750     0.3218      8.315     7.1824    10.2643    316.450    320.765      33409          7  0.000e+00
   58.89040 -136.09552    101.245      2.637      2.613     6.4767    17.3885  1013.6409    13.6284     6.4766     93.512    51.5750     0.3218      8.315     7.1772    10.2569    316.223    320.533      33410          7  0.000e+00
   58.89040 -136.09552    101.213      2.605      2.581     6.4787    17.3806  1013.6343    13.6220     6.4785     93.495    51.5750     0.3218      8.315     7.1759    10.2551    316.168    320.475      33411          7  0.000e+00
   58.89040 -136.09552    101.245      2.637      2.613     6.4817    17.3737  1013.6288    13.6164     6.4815     93.478    51.5750     0.3218      8.315     7.1744    10.2529    316.103    320.407      33412          7  0.000e+00
   58.89040 -136.09552    101.269      2.662      2.637     6.4717    17.3761  1013.6317    13.6191     6.4715     93.471    51.5470     0.3218      8.315     7.1755    10.2545    316.150    320.456      33413          7  0.000e+00
   58.89040 -136.09552    101.245      2.637      2.613     6.4695    17.3768  1013.6323    13.6198     6.4693     93.454    51.5750     0.3218      8.315     7.1745    10.2531    316.108    320.414      33414          7  0.000e+00
   58.89040 -136.09552    101.269      2.662      2.637     6.4663    17.3764  1013.6324    13.6198     6.4661     93.382    51.5750     0.3218      8.315     7.1696    10.2460    315.890    320.192      33415          7  0.000e+00
   58.89040 -136.09552    101.245      2.637      2.613     6.4759    17.3668  1013.6239    13.6114     6.4758     93.410    51.5750     0.3218      8.315     7.1705    10.2474    315.934    320.234      33416          7  0.000e+00
   58.89040 -136.09552    101.269      2.662      2.637     6.4845    17.3538  1013.6130    13.6005     6.4843     93.391    51.5750     0.3218      8.315     7.1681    10.2440    315.834    320.129      33417          7  0.000e+00
   58.89040 -136.09552    101.245      2.637      2.613     6.4810    17.3443  1013.6057    13.5933     6.4809     93.325    51.5750     0.3218      8.315     7.1642    10.2383    315.661    319.952      33418          7  0.000e+00
   58.89040 -136.09552    101.213      2.605      2.581     6.4784    17.3321  1013.5962    13.5839     6.4783     93.300    51.5750     0.3218      8.315     7.1633    10.2370    315.624    319.911      33419          7  0.000e+00
   58.89040 -136.09552    101.285      2.702      2.677     6.4783    17.3186  1013.5861    13.5734     6.4781     93.284    51.5750     0.3218      8.315     7.1627    10.2362    315.601    319.885      33420          7  0.000e+00
   58.89040 -136.09552    101.213      2.605      2.581     6.4729    17.3156  1013.5838    13.5714     6.4727     93.267    51.5750     0.3218      8.315     7.1624    10.2358    315.592    319.875      33421          7  0.000e+00
   58.89040 -136.09552    101.245      2.637      2.613     6.4654    17.3209  1013.5888    13.5763     6.4652     93.252    51.5750     0.3218      8.315     7.1623    10.2357    315.586    319.870      33422          7  0.000e+00
   58.89040 -136.09552    101.269      2.662      2.637     6.4603    17.3310  1013.5972    13.5846     6.4601     93.237    51.5750     0.3218      8.315     7.1616    10.2346    315.550    319.836      33423          7  0.000e+00
   58.89040 -136.09552    101.245      2.637      2.613     6.4633    17.3405  1013.6043    13.5918     6.4632     93.220    51.5470     0.3218      8.315     7.1593    10.2313    315.446    319.734      33424          7  0.000e+00
   58.89040 -136.09552    101.269      2.662      2.637     6.4660    17.3517  1013.6130    13.6004     6.4659     93.203    51.4351     0.3218      8.315     7.1570    10.2281    315.345    319.634      33425          7  0.000e+00
   58.89040 -136.09552    101.221      2.637      2.613     6.4688    17.3622  1013.6209    13.6084     6.4687     93.131    51.3232     0.3218      8.315     7.1505    10.2188    315.055    319.342      33426          7  0.000e+00
   58.89040 -136.09552    101.245      2.662      2.637     6.4708    17.3720  1013.6286    13.6160     6.4706     93.116    51.2953     0.3218      8.315     7.1486    10.2161    314.967    319.256      33427          7  0.000e+00
   58.89040 -136.09552    101.245      2.637      2.613     6.4725    17.3796  1013.6342    13.6217     6.4723     93.102    51.3232     0.3218      8.315     7.1468    10.2135    314.888    319.178      33428          7  0.000e+00
   58.89040 -136.09552    101.269      2.662      2.637     6.4750    17.3835  1013.6372    13.6246     6.4748     93.033    51.3232     0.3218      8.315     7.1409    10.2051    314.628    318.914      33429          7  0.000e+00
   58.89040 -136.09552    101.245      2.637      2.613     6.4736    17.3844  1013.6379    13.6254     6.4735     93.070    51.3232     0.3218      8.315     7.1439    10.2094    314.760    319.049      33430          7  0.000e+00
   58.89040 -136.09552    101.269      2.662      2.637     6.4722    17.3813  1013.6357    13.6231     6.4720     93.060    51.3232     0.3218      8.315     7.1436    10.2089    314.744    319.032      33431          7  0.000e+00
   58.89040 -136.09552    101.245      2.637      2.613     6.4709    17.3752  1013.6309    13.6184     6.4708     93.042    51.3232     0.3218      8.315     7.1427    10.2077    314.709    318.995      33432          7  0.000e+00
