EcoFOCI/data/1_SampleCollection/2022_GOA-OA_CruiseData/CTD_raw_BottleFile_RC0083/RC0083_055.ros
* Sea-Bird SBE 9 Data File:
* FileName = C:\Data\RC0083ctd\RC0083_055.hex
* Software Version Seasave V 7.26.7.107
* Temperature SN = 2060
* Conductivity SN = 1084
* Number of Bytes Per Scan = 31
* Number of Voltage Words = 4
* Number of Scans Averaged by the Deck Unit = 1
* NMEA Latitude = 59 01.96 N
* NMEA Longitude = 137 01.04 W
* NMEA UTC (Time) = Aug 20 2022  03:19:15
* NMEA baud rate = 4800
** Ship: R/V Rachel Carson
** Cruise ID: RC0083
** Tech: McHugh/Nomura
** Chief Scientist: Cross
** Station: GB12
** Cast:  CTD055
# nquan = 21
# nvalues = 294                                   
# units = specified
# name 0 = latitude: Latitude [deg]
# name 1 = longitude: Longitude [deg]
# name 2 = sfdSM: Seafloor depth [salt water, m]
# name 3 = prDM: Pressure, Digiquartz [db]
# name 4 = depSM: Depth [salt water, m]
# name 5 = t090C: Temperature [ITS-90, deg C]
# name 6 = sal00: Salinity, Practical [PSU]
# name 7 = density00: Density [density, kg/m^3]
# name 8 = sigma-é00: Density [sigma-theta, kg/m^3]
# name 9 = potemp090C: Potential Temperature [ITS-90, deg C]
# name 10 = sbeox0PS: Oxygen, SBE 43 [% saturation]
# name 11 = CStarTr0: Beam Transmission, WET Labs C-Star [%]
# name 12 = flECO-AFL: Fluorescence, WET Labs ECO-AFL/FL [mg/m^3]
# name 13 = ph: pH
# name 14 = sbeox0ML/L: Oxygen, SBE 43 [ml/l]
# name 15 = sbeox0Mg/L: Oxygen, SBE 43 [mg/l]
# name 16 = sbox0Mm/Kg: Oxygen, SBE 43 [umol/kg]
# name 17 = sbeox0Mm/L: Oxygen, SBE 43 [umol/l]
# name 18 = scan: Scan Count
# name 19 = nbf: Bottles Fired
# name 20 = flag:  0.000e+00
# interval = seconds: 0.0416667
# start_time = Aug 20 2022 03:19:15 [NMEA time, header]
# bad_flag = -9.990e-29
*END*
[from data line 207]
   59.03146 -137.01526    109.339     10.857     10.755     7.6938    28.8240  1022.5191    22.4691     7.6928     84.310     0.0841     0.4683      8.084     5.8336     8.3368    254.802    260.527      21959          5  0.000e+00
   59.03146 -137.01526    109.339     10.857     10.755     7.6931    28.8248  1022.5198    22.4699     7.6921     84.312     0.0841     0.4683      8.084     5.8337     8.3370    254.810    260.535      21960          5  0.000e+00
   59.03146 -137.01526    109.395     10.914     10.811     7.6930    28.8250  1022.5202    22.4700     7.6920     84.321     0.0841     0.4683      8.084     5.8344     8.3379    254.838    260.564      21961          5  0.000e+00
   59.03146 -137.01526    109.363     10.881     10.779     7.6927    28.8240  1022.5194    22.4693     7.6917     84.274     0.0841     0.4683      8.084     5.8312     8.3334    254.700    260.422      21962          5  0.000e+00
   59.03146 -137.01526    109.339     10.857     10.755     7.6933    28.8215  1022.5172    22.4672     7.6924     84.268     0.0841     0.4683      8.084     5.8308     8.3328    254.683    260.405      21963          5  0.000e+00
   59.03146 -137.01526    109.339     10.857     10.755     7.6943    28.8183  1022.5145    22.4645     7.6933     84.318     0.1120     0.4683      8.084     5.8342     8.3377    254.832    260.557      21964          5  0.000e+00
   59.03146 -137.01526    109.363     10.881     10.779     7.6943    28.8157  1022.5126    22.4625     7.6933     84.326     0.0841     0.4683      8.084     5.8349     8.3387    254.864    260.588      21965          5  0.000e+00
   59.03146 -137.01526    109.339     10.857     10.755     7.6939    28.8133  1022.5107    22.4607     7.6930     84.327     0.0841     0.4683      8.084     5.8351     8.3390    254.873    260.598      21966          5  0.000e+00
   59.03146 -137.01526    109.395     10.914     10.811     7.6935    28.8111  1022.5093    22.4590     7.6925     84.336     0.0841     0.4683      8.084     5.8359     8.3401    254.907    260.632      21967          5  0.000e+00
   59.03146 -137.01526    109.243     10.760     10.659     7.6927    28.8101  1022.5079    22.4583     7.6917     84.343     0.1120     0.4683      8.084     5.8365     8.3410    254.934    260.659      21968          5  0.000e+00
   59.03146 -137.01526    109.459     10.978     10.875     7.6922    28.8092  1022.5083    22.4577     7.6912     84.354     0.0841     0.4683      8.084     5.8374     8.3422    254.971    260.697      21969          5  0.000e+00
   59.03146 -137.01526    109.339     10.857     10.755     7.6922    28.8089  1022.5075    22.4575     7.6912     84.361     0.0841     0.4683      8.084     5.8379     8.3429    254.992    260.719      21970          5  0.000e+00
   59.03146 -137.01526    109.339     10.857     10.755     7.6917    28.8088  1022.5075    22.4575     7.6907     84.362     0.0841     0.4683      8.084     5.8380     8.3431    254.998    260.725      21971          5  0.000e+00
   59.03146 -137.01526    109.363     10.881     10.779     7.6913    28.8103  1022.5088    22.4587     7.6904     84.370     0.0841     0.4683      8.084     5.8386     8.3439    255.022    260.750      21972          5  0.000e+00
   59.03146 -137.01526    109.339     10.857     10.755     7.6913    28.8109  1022.5092    22.4592     7.6904     84.378     0.0841     0.4683      8.084     5.8391     8.3446    255.045    260.773      21973          5  0.000e+00
   59.03146 -137.01526    109.395     10.914     10.811     7.6928    28.8102  1022.5086    22.4584     7.6919     84.386     0.0841     0.4683      8.084     5.8395     8.3452    255.063    260.791      21974          5  0.000e+00
   59.03146 -137.01526    109.363     10.881     10.779     7.6949    28.8085  1022.5069    22.4568     7.6939     84.393     0.0841     0.4683      8.084     5.8398     8.3456    255.076    260.804      21975          5  0.000e+00
   59.03146 -137.01526    109.339     10.857     10.755     7.6961    28.8071  1022.5055    22.4555     7.6951     84.393     0.0841     0.4683      8.084     5.8397     8.3455    255.072    260.800      21976          5  0.000e+00
   59.03146 -137.01526    109.339     10.857     10.755     7.6949    28.8074  1022.5059    22.4559     7.6940     84.401     0.0841     0.4683      8.084     5.8404     8.3464    255.102    260.830      21977          5  0.000e+00
   59.03146 -137.01526    109.363     10.881     10.779     7.6931    28.8084  1022.5071    22.4570     7.6921     84.402     0.0841     0.4683      8.084     5.8406     8.3468    255.113    260.842      21978          5  0.000e+00
   59.03146 -137.01526    109.339     10.857     10.755     7.6923    28.8087  1022.5073    22.4573     7.6914     84.402     0.0841     0.4683      8.084     5.8407     8.3469    255.116    260.846      21979          5  0.000e+00
   59.03146 -137.01526    109.339     10.857     10.755     7.6918    28.8082  1022.5069    22.4569     7.6909     84.409     0.0841     0.4683      8.084     5.8413     8.3478    255.142    260.872      21980          5  0.000e+00
   59.03146 -137.01526    109.339     10.857     10.755     7.6915    28.8068  1022.5059    22.4559     7.6905     84.416     0.0841     0.4683      8.084     5.8419     8.3486    255.168    260.898      21981          5  0.000e+00
   59.03146 -137.01526    109.363     10.881     10.779     7.6913    28.8052  1022.5048    22.4547     7.6904     84.416     0.0841     0.4683      8.084     5.8420     8.3487    255.172    260.902      21982          5  0.000e+00
   59.03146 -137.01526    109.395     10.914     10.811     7.6928    28.8035  1022.5034    22.4531     7.6919     84.416     0.0841     0.4683      8.084     5.8418     8.3485    255.165    260.894      21983          5  0.000e+00
   59.03146 -137.01526    109.339     10.857     10.755     7.6943    28.8017  1022.5016    22.4516     7.6933     84.477     0.0841     0.4683      8.084     5.8459     8.3543    255.343    261.076      21984          5  0.000e+00
   59.03146 -137.01526    109.363     10.882     10.779     7.6936    28.8015  1022.5016    22.4515     7.6926     84.428     0.0841     0.4683      8.084     5.8426     8.3496    255.200    260.930      21985          5  0.000e+00
   59.03146 -137.01526    109.339     10.857     10.756     7.6935    28.8011  1022.5012    22.4512     7.6925     84.426     0.0841     0.4683      8.084     5.8425     8.3495    255.196    260.926      21986          5  0.000e+00
   59.03146 -137.01526    109.339     10.857     10.756     7.6928    28.8011  1022.5013    22.4513     7.6919     84.424     0.0841     0.4683      8.084     5.8425     8.3495    255.195    260.925      21987          5  0.000e+00
   59.03146 -137.01526    109.363     10.882     10.780     7.6918    28.8006  1022.5011    22.4510     7.6909     84.423     0.0841     0.4683      8.084     5.8425     8.3495    255.197    260.926      21988          5  0.000e+00
   59.03146 -137.01526    109.339     10.857     10.756     7.6912    28.7997  1022.5004    22.4504     7.6902     84.420     0.0841     0.4683      8.084     5.8425     8.3494    255.195    260.924      21989          5  0.000e+00
   59.03146 -137.01526    109.339     10.857     10.756     7.6910    28.7987  1022.4996    22.4496     7.6900     84.418     0.0841     0.4683      8.084     5.8423     8.3493    255.190    260.919      21990          5  0.000e+00
   59.03146 -137.01526    109.363     10.882     10.780     7.6909    28.7985  1022.4996    22.4495     7.6899     84.470     0.0841     0.4683      8.084     5.8460     8.3545    255.350    261.082      21991          5  0.000e+00
   59.03146 -137.01526    109.339     10.857     10.756     7.6912    28.7980  1022.4991    22.4491     7.6902     84.481     0.0841     0.4683      8.084     5.8467     8.3555    255.381    261.114      21992          5  0.000e+00
   59.03146 -137.01526    109.339     10.857     10.756     7.6912    28.7972  1022.4984    22.4484     7.6902     84.429     0.0841     0.4683      8.084     5.8431     8.3504    255.225    260.955      21993          5  0.000e+00
   59.03146 -137.01526    109.339     10.857     10.756     7.6910    28.7964  1022.4978    22.4478     7.6900     84.425     0.0841     0.4683      8.084     5.8429     8.3501    255.216    260.945      21994          5  0.000e+00
   59.03146 -137.01526    109.363     10.882     10.780     7.6912    28.7953  1022.4971    22.4470     7.6902     84.420     0.0841     0.4683      8.084     5.8426     8.3497    255.204    260.932      21995          5  0.000e+00
   59.03146 -137.01526    109.339     10.857     10.756     7.6910    28.7943  1022.4961    22.4462     7.6900     84.415     0.0841     0.4683      8.084     5.8424     8.3493    255.192    260.920      21996          5  0.000e+00
   59.03140 -137.01512    101.466      2.861      2.834     5.1162    20.9169  1016.5356    16.5221     5.1160     92.901    50.4003     0.0288      8.220     7.1997    10.2890    316.311    321.537      23532          6  0.000e+00
   59.03140 -137.01512    101.442      2.836      2.810     5.1174    20.9179  1016.5363    16.5228     5.1172     92.889    50.4003     0.0288      8.215     7.1985    10.2874    316.260    321.486      23533          6  0.000e+00
   59.03140 -137.01512    101.522      2.917      2.890     5.1179    20.9193  1016.5377    16.5239     5.1178     92.873    50.4003     0.0288      8.215     7.1971    10.2853    316.196    321.421      23534          6  0.000e+00
   59.03140 -137.01512    101.442      2.837      2.810     5.1183    20.9204  1016.5382    16.5247     5.1182     92.856    50.4003     0.0288      8.215     7.1956    10.2833    316.134    321.358      23535          6  0.000e+00
   59.03140 -137.01512    101.466      2.861      2.834     5.1186    20.9220  1016.5395    16.5259     5.1184     92.834    50.4003     0.0288      8.215     7.1938    10.2807    316.053    321.276      23536          6  0.000e+00
   59.03140 -137.01512    101.442      2.837      2.810     5.1182    20.9239  1016.5409    16.5275     5.1180     92.870    50.4003     0.0288      8.215     7.1966    10.2847    316.175    321.401      23537          6  0.000e+00
   59.03140 -137.01512    101.499      2.893      2.866     5.1171    20.9255  1016.5425    16.5288     5.1170     92.853    50.4003     0.0288      8.215     7.1954    10.2829    316.121    321.346      23538          6  0.000e+00
   59.03140 -137.01512    101.467      2.861      2.834     5.1154    20.9275  1016.5441    16.5305     5.1153     92.837    50.4003     0.0288      8.215     7.1943    10.2814    316.074    321.299      23539          6  0.000e+00
   59.03140 -137.01512    101.443      2.837      2.810     5.1135    20.9299  1016.5460    16.5326     5.1133     92.815    50.4003     0.0288      8.215     7.1929    10.2793    316.008    321.233      23540          6  0.000e+00
   59.03140 -137.01512    101.467      2.861      2.834     5.1116    20.9325  1016.5483    16.5348     5.1114     92.796    50.3723     0.0288      8.220     7.1916    10.2775    315.952    321.176      23541          6  0.000e+00
   59.03140 -137.01512    101.499      2.893      2.866     5.1108    20.9347  1016.5503    16.5366     5.1106     92.827    50.3164     0.0288      8.215     7.1940    10.2810    316.060    321.286      23542          6  0.000e+00
   59.03140 -137.01512    101.467      2.861      2.834     5.1098    20.9368  1016.5519    16.5383     5.1097     92.803    50.3164     0.0288      8.215     7.1923    10.2785    315.981    321.207      23543          6  0.000e+00
   59.03140 -137.01512    101.443      2.837      2.810     5.1105    20.9378  1016.5525    16.5391     5.1103     92.781    50.3164     0.0288      8.215     7.1904    10.2758    315.899    321.124      23544          6  0.000e+00
   59.03140 -137.01512    101.467      2.861      2.834     5.1109    20.9387  1016.5533    16.5397     5.1108     92.763    50.3164     0.0288      8.215     7.1889    10.2736    315.831    321.054      23545          6  0.000e+00
   59.03140 -137.01512    101.443      2.837      2.810     5.1113    20.9400  1016.5542    16.5408     5.1111     92.795    50.3164     0.0288      8.215     7.1912    10.2769    315.933    321.159      23546          6  0.000e+00
   59.03140 -137.01512    101.467      2.861      2.834     5.1121    20.9410  1016.5550    16.5415     5.1119     92.725    50.3164     0.0581      8.215     7.1856    10.2690    315.687    320.909      23547          6  0.000e+00
   59.03140 -137.01512    101.499      2.893      2.866     5.1126    20.9437  1016.5573    16.5436     5.1124     92.755    50.3164     0.0581      8.215     7.1877    10.2720    315.780    321.004      23548          6  0.000e+00
   59.03140 -137.01512    101.467      2.861      2.834     5.1133    20.9476  1016.5601    16.5466     5.1132     92.739    50.3164     0.0581      8.215     7.1862    10.2698    315.711    320.935      23549          6  0.000e+00
   59.03140 -137.01512    101.443      2.837      2.810     5.1143    20.9513  1016.5629    16.5494     5.1141     92.718    50.3164     0.0581      8.215     7.1842    10.2670    315.624    320.847      23550          6  0.000e+00
   59.03140 -137.01512    101.467      2.861      2.834     5.1152    20.9554  1016.5661    16.5526     5.1151     92.701    50.3164     0.0581      8.215     7.1825    10.2646    315.549    320.772      23551          6  0.000e+00
   59.03140 -137.01512    101.443      2.837      2.810     5.1168    20.9598  1016.5693    16.5559     5.1167     92.679    50.3164     0.0581      8.215     7.1803    10.2614    315.449    320.672      23552          6  0.000e+00
   59.03140 -137.01512    101.474      2.893      2.866     5.1186    20.9641  1016.5729    16.5592     5.1184     92.653    50.3164     0.0581      8.220     7.1777    10.2577    315.336    320.558      23553          6  0.000e+00
   59.03140 -137.01512    101.403      2.796      2.770     5.1209    20.9685  1016.5757    16.5625     5.1207     92.620    50.3164     0.0581      8.215     7.1746    10.2532    315.197    320.417      23554          6  0.000e+00
   59.03140 -137.01512    101.499      2.893      2.866     5.1229    20.9729  1016.5795    16.5658     5.1228     92.649    50.3164     0.0581      8.215     7.1763    10.2557    315.271    320.494      23555          6  0.000e+00
   59.03140 -137.01512    101.403      2.797      2.770     5.1248    20.9776  1016.5826    16.5693     5.1247     92.632    50.3164     0.0581      8.215     7.1744    10.2529    315.186    320.408      23556          6  0.000e+00
   59.03140 -137.01512    101.499      2.893      2.866     5.1264    20.9828  1016.5870    16.5734     5.1263     92.613    50.3164     0.0581      8.215     7.1724    10.2500    315.096    320.318      23557          6  0.000e+00
   59.03140 -137.01512    101.467      2.861      2.834     5.1280    20.9877  1016.5906    16.5771     5.1279     92.596    50.3164     0.0581      8.220     7.1705    10.2474    315.014    320.236      23558          6  0.000e+00
   59.03140 -137.01512    101.443      2.837      2.810     5.1298    20.9930  1016.5945    16.5811     5.1296     92.575    50.3164     0.0581      8.220     7.1684    10.2443    314.917    320.139      23559          6  0.000e+00
   59.03140 -137.01512    101.467      2.861      2.834     5.1310    20.9988  1016.5992    16.5856     5.1309     92.551    50.3164     0.0581      8.220     7.1660    10.2409    314.812    320.034      23560          6  0.000e+00
   59.03140 -137.01512    101.443      2.837      2.810     5.1327    21.0043  1016.6033    16.5899     5.1325     92.522    49.8409     0.0581      8.220     7.1632    10.2370    314.689    319.910      23561          6  0.000e+00
