EcoFOCI/data/1_SampleCollection/2022_GOA-OA_CruiseData/CTD_raw_BottleFile_RC0083/RC0083_007.ros
* Sea-Bird SBE 9 Data File:
* FileName = C:\Data\RC0083ctd\RC0083_007.hex
* Software Version Seasave V 7.26.7.107
* Temperature SN = 2060
* Conductivity SN = 1084
* Number of Bytes Per Scan = 31
* Number of Voltage Words = 4
* Number of Scans Averaged by the Deck Unit = 1
* NMEA Latitude = 54 36.09 N
* NMEA Longitude = 134 15.70 W
* NMEA UTC (Time) = Aug 12 2022  13:17:36
* NMEA baud rate = 4800
** Ship: R/V Rachel Carson
** Cruise ID: RC0083 RC0083
** Tech: McHugh/Nomura
** Chief Scientist: Cross Cross
** Station: DE7
** Cast:  007
# nquan = 21
# nvalues = 490                                   
# units = specified
# name 0 = latitude: Latitude [deg]
# name 1 = longitude: Longitude [deg]
# name 2 = sfdSM: Seafloor depth [salt water, m]
# name 3 = prDM: Pressure, Digiquartz [db]
# name 4 = depSM: Depth [salt water, m]
# name 5 = t090C: Temperature [ITS-90, deg C]
# name 6 = sal00: Salinity, Practical [PSU]
# name 7 = density00: Density [density, kg/m^3]
# name 8 = sigma-é00: Density [sigma-theta, kg/m^3]
# name 9 = potemp090C: Potential Temperature [ITS-90, deg C]
# name 10 = sbeox0PS: Oxygen, SBE 43 [% saturation]
# name 11 = CStarTr0: Beam Transmission, WET Labs C-Star [%]
# name 12 = flECO-AFL: Fluorescence, WET Labs ECO-AFL/FL [mg/m^3]
# name 13 = ph: pH
# name 14 = sbeox0ML/L: Oxygen, SBE 43 [ml/l]
# name 15 = sbeox0Mg/L: Oxygen, SBE 43 [mg/l]
# name 16 = sbox0Mm/Kg: Oxygen, SBE 43 [umol/kg]
# name 17 = sbeox0Mm/L: Oxygen, SBE 43 [umol/l]
# name 18 = scan: Scan Count
# name 19 = nbf: Bottles Fired
# name 20 = flag:  0.000e+00
# interval = seconds: 0.0416667
# start_time = Aug 12 2022 13:17:36 [NMEA time, header]
# bad_flag = -9.990e-29
*END*
[from data line 276]
   54.60260 -134.27116    174.030     76.095     75.398     7.6263    32.4337  1025.6612    25.3131     7.6192     59.146   105.6390     0.0288      7.955     4.0032     5.7209    174.368    178.782      49878          6  0.000e+00
   54.60260 -134.27118    174.094     76.160     75.462     7.6263    32.4333  1025.6612    25.3128     7.6192     59.141   105.6390     0.0288      7.955     4.0028     5.7204    174.353    178.766      49879          6  0.000e+00
   54.60260 -134.27118    174.094     76.160     75.462     7.6264    32.4331  1025.6610    25.3126     7.6193     59.135   105.6390     0.0288      7.955     4.0024     5.7199    174.336    178.749      49880          6  0.000e+00
   54.60260 -134.27118    174.094     76.160     75.462     7.6265    32.4331  1025.6609    25.3125     7.6193     59.130   105.6390     0.0288      7.955     4.0020     5.7193    174.319    178.731      49881          6  0.000e+00
   54.60260 -134.27118    174.030     76.095     75.398     7.6265    32.4329  1025.6605    25.3124     7.6193     59.131   105.6390     0.0288      7.955     4.0021     5.7195    174.323    178.735      49882          6  0.000e+00
   54.60260 -134.27118    174.094     76.160     75.462     7.6265    32.4336  1025.6614    25.3130     7.6193     59.134   105.6110     0.0288      7.955     4.0023     5.7197    174.330    178.742      49883          6  0.000e+00
   54.60260 -134.27118    174.094     76.160     75.462     7.6268    32.4330  1025.6608    25.3124     7.6197     59.136   105.6390     0.0288      7.955     4.0024     5.7199    174.336    178.749      49884          6  0.000e+00
   54.60260 -134.27118    174.030     76.095     75.398     7.6266    32.4332  1025.6607    25.3126     7.6195     59.131   105.6390     0.0288      7.955     4.0021     5.7194    174.321    178.734      49885          6  0.000e+00
   54.60260 -134.27118    174.094     76.160     75.462     7.6263    32.4333  1025.6611    25.3127     7.6192     59.134   105.6390     0.0288      7.955     4.0023     5.7197    174.332    178.744      49886          6  0.000e+00
   54.60260 -134.27118    174.030     76.095     75.398     7.6262    32.4332  1025.6607    25.3126     7.6190     59.137   105.6390     0.0288      7.955     4.0025     5.7200    174.340    178.753      49887          6  0.000e+00
   54.60260 -134.27118    174.094     76.160     75.462     7.6262    32.4335  1025.6613    25.3129     7.6190     59.133   105.6390     0.0288      7.955     4.0023     5.7196    174.328    178.741      49888          6  0.000e+00
   54.60260 -134.27118    174.030     76.095     75.398     7.6263    32.4333  1025.6608    25.3127     7.6192     59.136   105.6390     0.0288      7.955     4.0024     5.7199    174.336    178.749      49889          6  0.000e+00
   54.60260 -134.27118    174.094     76.160     75.462     7.6262    32.4331  1025.6610    25.3126     7.6191     59.132   105.6390     0.0288      7.955     4.0022     5.7196    174.327    178.739      49890          6  0.000e+00
   54.60260 -134.27118    174.030     76.095     75.398     7.6262    32.4335  1025.6610    25.3129     7.6190     59.128   105.6390     0.0288      7.955     4.0019     5.7191    174.314    178.726      49891          6  0.000e+00
   54.60260 -134.27118    174.094     76.160     75.462     7.6265    32.4334  1025.6612    25.3127     7.6193     59.132   105.6390     0.0288      7.955     4.0022     5.7195    174.325    178.737      49892          6  0.000e+00
   54.60260 -134.27118    174.030     76.095     75.398     7.6262    32.4332  1025.6608    25.3127     7.6190     59.135   105.6390     0.0288      7.955     4.0024     5.7199    174.336    178.749      49893          6  0.000e+00
   54.60260 -134.27118    174.094     76.160     75.462     7.6262    32.4331  1025.6610    25.3126     7.6190     59.140   105.6390     0.0288      7.955     4.0028     5.7204    174.350    178.764      49894          6  0.000e+00
   54.60260 -134.27118    174.030     76.095     75.398     7.6262    32.4333  1025.6609    25.3127     7.6190     59.144   105.6390    -0.0005      7.955     4.0030     5.7207    174.362    178.776      49895          6  0.000e+00
   54.60258 -134.27170    148.401     50.226     49.769     8.6668    32.0172  1025.0636    24.8348     8.6617     63.490   104.7160     0.1167      8.004     4.2088     6.0148    183.412    187.967      52027          7  0.000e+00
   54.60258 -134.27170    148.273     50.097     49.641     8.6681    32.0164  1025.0621    24.8340     8.6631     63.495   104.7160     0.1167      8.004     4.2091     6.0152    183.422    187.977      52028          7  0.000e+00
   54.60258 -134.27170    148.401     50.226     49.769     8.6683    32.0162  1025.0625    24.8338     8.6633     63.496   104.7160     0.1167      8.004     4.2091     6.0152    183.424    187.979      52029          7  0.000e+00
   54.60258 -134.27170    148.393     50.218     49.761     8.6686    32.0161  1025.0624    24.8337     8.6635     63.503   104.7160     0.1167      8.004     4.2095     6.0159    183.443    187.998      52030          7  0.000e+00
   54.60258 -134.27170    148.457     50.283     49.825     8.6701    32.0158  1025.0622    24.8332     8.6651     63.504   104.7160     0.1167      8.004     4.2095     6.0158    183.440    187.995      52031          7  0.000e+00
   54.60258 -134.27170    148.457     50.283     49.825     8.6707    32.0155  1025.0619    24.8328     8.6656     63.512   104.7160     0.1167      8.004     4.2100     6.0164    183.461    188.017      52032          7  0.000e+00
   54.60258 -134.27170    148.521     50.347     49.889     8.6681    32.0158  1025.0628    24.8335     8.6630     63.521   104.7160     0.1167      8.004     4.2108     6.0177    183.498    188.055      52033          7  0.000e+00
   54.60258 -134.27170    148.457     50.283     49.825     8.6617    32.0187  1025.0658    24.8367     8.6567     63.530   104.7160     0.1167      8.009     4.2119     6.0193    183.547    188.106      52034          7  0.000e+00
   54.60258 -134.27170    148.522     50.347     49.889     8.6582    32.0211  1025.0685    24.8392     8.6531     63.534   104.7160     0.1167      8.009     4.2124     6.0200    183.568    188.128      52035          7  0.000e+00
   54.60258 -134.27170    148.514     50.339     49.881     8.6565    32.0218  1025.0692    24.8399     8.6515     63.592   104.7160     0.1167      8.004     4.2164     6.0257    183.742    188.306      52036          7  0.000e+00
   54.60258 -134.27170    148.578     50.404     49.945     8.6543    32.0230  1025.0708    24.8412     8.6492     63.602   104.7160     0.1167      8.004     4.2173     6.0270    183.780    188.345      52037          7  0.000e+00
   54.60258 -134.27170    148.514     50.339     49.881     8.6528    32.0233  1025.0709    24.8416     8.6477     63.612   104.7160     0.1167      8.004     4.2181     6.0280    183.812    188.379      52038          7  0.000e+00
   54.60258 -134.27170    148.578     50.404     49.945     8.6520    32.0239  1025.0719    24.8423     8.6469     63.567   104.7160     0.1167      8.004     4.2151     6.0239    183.685    188.249      52039          7  0.000e+00
   54.60258 -134.27170    148.570     50.396     49.937     8.6515    32.0240  1025.0720    24.8424     8.6464     63.625   104.7160     0.1167      8.004     4.2191     6.0294    183.856    188.423      52040          7  0.000e+00
   54.60258 -134.27170    148.634     50.460     50.001     8.6509    32.0244  1025.0726    24.8428     8.6459     63.636   104.7160     0.1167      8.004     4.2198     6.0305    183.888    188.456      52041          7  0.000e+00
   54.60258 -134.27170    148.570     50.396     49.937     8.6502    32.0249  1025.0729    24.8433     8.6451     63.645   104.7160     0.1167      8.004     4.2205     6.0315    183.918    188.487      52042          7  0.000e+00
   54.60258 -134.27170    148.578     50.404     49.945     8.6498    32.0249  1025.0729    24.8434     8.6448     63.655   104.7160     0.1167      8.004     4.2212     6.0325    183.948    188.518      52043          7  0.000e+00
   54.60258 -134.27170    148.634     50.461     50.001     8.6497    32.0245  1025.0729    24.8431     8.6446     63.666   104.7160     0.1167      8.004     4.2219     6.0335    183.980    188.550      52044          7  0.000e+00
   54.60258 -134.27170    148.578     50.404     49.945     8.6495    32.0245  1025.0727    24.8431     8.6445     63.620   104.7440     0.1167      8.004     4.2189     6.0292    183.849    188.416      52045          7  0.000e+00
   54.60258 -134.27170    148.570     50.396     49.937     8.6485    32.0255  1025.0736    24.8440     8.6434     63.624   104.7999     0.1167      8.004     4.2192     6.0297    183.862    188.429      52046          7  0.000e+00
   54.60258 -134.27170    148.634     50.461     50.001     8.6474    32.0258  1025.0743    24.8445     8.6423     63.676   104.7999     0.1167      8.004     4.2228     6.0348    184.017    188.589      52047          7  0.000e+00
   54.60258 -134.27170    148.570     50.396     49.937     8.6468    32.0262  1025.0744    24.8449     8.6417     63.624   104.7999     0.1167      8.004     4.2193     6.0299    183.867    188.436      52048          7  0.000e+00
   54.60258 -134.27170    148.634     50.461     50.001     8.6459    32.0263  1025.0749    24.8451     8.6409     63.683   104.7999     0.1167      8.004     4.2233     6.0356    184.042    188.614      52049          7  0.000e+00
   54.60258 -134.27170    148.570     50.396     49.937     8.6452    32.0269  1025.0752    24.8457     8.6402     63.693   104.7999     0.1167      8.004     4.2240     6.0366    184.072    188.645      52050          7  0.000e+00
   54.60258 -134.27170    148.578     50.404     49.945     8.6454    32.0271  1025.0754    24.8458     8.6403     63.703   104.7999     0.1167      8.004     4.2247     6.0375    184.101    188.675      52051          7  0.000e+00
   54.60258 -134.27170    148.570     50.396     49.937     8.6459    32.0269  1025.0751    24.8455     8.6409     63.706   104.7999     0.1167      8.004     4.2249     6.0377    184.108    188.682      52052          7  0.000e+00
   54.60258 -134.27170    148.522     50.348     49.889     8.6479    32.0258  1025.0737    24.8444     8.6428     63.715   104.7999     0.1167      8.004     4.2253     6.0384    184.128    188.703      52053          7  0.000e+00
   54.60258 -134.27170    148.570     50.396     49.937     8.6511    32.0239  1025.0719    24.8424     8.6461     63.718   104.7999     0.1167      8.004     4.2253     6.0383    184.126    188.700      52054          7  0.000e+00
   54.60258 -134.27170    148.394     50.218     49.761     8.6523    32.0238  1025.0709    24.8421     8.6473     63.664   104.7999     0.1167      8.004     4.2216     6.0330    183.965    188.535      52055          7  0.000e+00
   54.60258 -134.27170    148.578     50.404     49.945     8.6539    32.0229  1025.0708    24.8412     8.6488     63.661   104.7999     0.1167      8.004     4.2212     6.0326    183.951    188.520      52056          7  0.000e+00
   54.60258 -134.27170    148.514     50.340     49.881     8.6551    32.0220  1025.0696    24.8403     8.6500     63.656   104.7999     0.1167      8.004     4.2208     6.0320    183.933    188.502      52057          7  0.000e+00
   54.60258 -134.27170    148.522     50.348     49.889     8.6546    32.0223  1025.0699    24.8406     8.6495     63.652   104.7999     0.1167      8.004     4.2206     6.0316    183.923    188.491      52058          7  0.000e+00
   54.60258 -134.27170    148.458     50.283     49.825     8.6544    32.0226  1025.0699    24.8409     8.6493     63.647   104.7999     0.1167      8.004     4.2203     6.0312    183.909    188.478      52059          7  0.000e+00
   54.60258 -134.27170    148.458     50.283     49.825     8.6543    32.0224  1025.0698    24.8407     8.6492     63.698   104.7999     0.1167      8.004     4.2237     6.0360    184.057    188.629      52060          7  0.000e+00
   54.60258 -134.27170    148.394     50.218     49.761     8.6546    32.0222  1025.0692    24.8405     8.6496     63.645   104.7999     0.1167      8.004     4.2201     6.0309    183.902    188.470      52061          7  0.000e+00
   54.60258 -134.27170    148.402     50.226     49.769     8.6544    32.0222  1025.0693    24.8406     8.6493     63.695   104.7999     0.1167      8.004     4.2235     6.0358    184.049    188.621      52062          7  0.000e+00
   54.60258 -134.27170    148.394     50.218     49.761     8.6536    32.0224  1025.0696    24.8409     8.6486     63.697   104.7999     0.1167      8.004     4.2237     6.0361    184.057    188.630      52063          7  0.000e+00
   54.60258 -134.27170    148.402     50.227     49.769     8.6526    32.0226  1025.0699    24.8411     8.6475     63.644   104.7999     0.1167      8.004     4.2202     6.0312    183.908    188.476      52064          7  0.000e+00
   54.60258 -134.27170    148.274     50.097     49.641     8.6515    32.0228  1025.0697    24.8415     8.6464     63.693   104.7999     0.1167      8.004     4.2236     6.0359    184.054    188.626      52065          7  0.000e+00
   54.60258 -134.27170    148.338     50.162     49.705     8.6501    32.0236  1025.0708    24.8423     8.6451     63.640   104.7999     0.1167      8.004     4.2202     6.0311    183.905    188.474      52066          7  0.000e+00
   54.60258 -134.27170    148.274     50.097     49.641     8.6495    32.0239  1025.0708    24.8426     8.6445     63.689   104.7999     0.1167      8.004     4.2235     6.0358    184.049    188.621      52067          7  0.000e+00
   54.60258 -134.27170    148.282     50.105     49.649     8.6482    32.0246  1025.0716    24.8434     8.6432     63.691   104.7999     0.1167      8.004     4.2237     6.0361    184.058    188.630      52068          7  0.000e+00
   54.60258 -134.27170    148.218     50.041     49.585     8.6486    32.0252  1025.0717    24.8438     8.6435     63.691   104.7999     0.1167      8.004     4.2237     6.0360    184.056    188.629      52069          7  0.000e+00
   54.60258 -134.27170    148.226     50.049     49.593     8.6495    32.0247  1025.0712    24.8432     8.6445     63.692   104.7999     0.1167      8.004     4.2236     6.0360    184.054    188.627      52070          7  0.000e+00
   54.60258 -134.27170    148.218     50.041     49.585     8.6498    32.0246  1025.0711    24.8432     8.6448     63.692   104.7999     0.1167      8.004     4.2236     6.0360    184.054    188.626      52071          7  0.000e+00
   54.60258 -134.27170    148.162     49.984     49.529     8.6506    32.0244  1025.0706    24.8429     8.6456     63.691   104.7999     0.1167      8.004     4.2235     6.0358    184.049    188.622      52072          7  0.000e+00
   54.60258 -134.27170    148.162     49.984     49.529     8.6510    32.0242  1025.0703    24.8427     8.6460     63.691   104.7999     0.1167      8.004     4.2234     6.0357    184.047    188.619      52073          7  0.000e+00
   54.60258 -134.27170    148.106     49.928     49.473     8.6513    32.0241  1025.0700    24.8425     8.6463     63.690   104.7999     0.1167      8.004     4.2233     6.0356    184.043    188.615      52074          7  0.000e+00
   54.60258 -134.27170    148.098     49.920     49.465     8.6518    32.0238  1025.0696    24.8422     8.6468     63.689   104.7999     0.1167      8.004     4.2232     6.0354    184.038    188.610      52075          7  0.000e+00
   54.60260 -134.27222    122.834     24.423     24.202    13.1744    31.3641  1023.6535    23.5444    13.1712     99.344    94.6752     2.3145      8.289     6.0020     8.5775    261.884    268.050      54528          8  0.000e+00
