EcoFOCI/data/1_SampleCollection/2022_GOA-OA_CruiseData/CTD_raw_BottleFile_RC0083/RC0083_016.ros
* Sea-Bird SBE 9 Data File:
* FileName = C:\Data\RC0083ctd\RC0083_016.hex
* Software Version Seasave V 7.26.7.107
* Temperature SN = 2060
* Conductivity SN = 1084
* Number of Bytes Per Scan = 31
* Number of Voltage Words = 4
* Number of Scans Averaged by the Deck Unit = 1
* NMEA Latitude = 56 10.79 N
* NMEA Longitude = 134 19.21 W
* NMEA UTC (Time) = Aug 13 2022  14:56:51
* NMEA baud rate = 4800
** Ship: R/V Rachel Carson
** Cruise ID: RC0083 RC0083
** Tech: McHugh/Nomura
** Chief Scientist: Cross Cross
** Station: CS1
** Cast:  016
# nquan = 21
# nvalues = 245                                   
# units = specified
# name 0 = latitude: Latitude [deg]
# name 1 = longitude: Longitude [deg]
# name 2 = sfdSM: Seafloor depth [salt water, m]
# name 3 = prDM: Pressure, Digiquartz [db]
# name 4 = depSM: Depth [salt water, m]
# name 5 = t090C: Temperature [ITS-90, deg C]
# name 6 = sal00: Salinity, Practical [PSU]
# name 7 = density00: Density [density, kg/m^3]
# name 8 = sigma-é00: Density [sigma-theta, kg/m^3]
# name 9 = potemp090C: Potential Temperature [ITS-90, deg C]
# name 10 = sbeox0PS: Oxygen, SBE 43 [% saturation]
# name 11 = CStarTr0: Beam Transmission, WET Labs C-Star [%]
# name 12 = flECO-AFL: Fluorescence, WET Labs ECO-AFL/FL [mg/m^3]
# name 13 = ph: pH
# name 14 = sbeox0ML/L: Oxygen, SBE 43 [ml/l]
# name 15 = sbeox0Mg/L: Oxygen, SBE 43 [mg/l]
# name 16 = sbox0Mm/Kg: Oxygen, SBE 43 [umol/kg]
# name 17 = sbeox0Mm/L: Oxygen, SBE 43 [umol/l]
# name 18 = scan: Scan Count
# name 19 = nbf: Bottles Fired
# name 20 = flag:  0.000e+00
# interval = seconds: 0.0416667
# start_time = Aug 13 2022 14:56:51 [NMEA time, header]
# bad_flag = -9.990e-29
*END*
[from data line 138]
   56.17976 -134.32192    126.188     50.833     50.363     7.9603    32.2229  1025.3321    25.0998     7.9555     62.406   101.2199     0.7907      7.944     4.1977     5.9989    182.877    187.468      15316          3  0.000e+00
   56.17976 -134.32192    136.729     50.825     50.355     7.9606    32.2232  1025.3323    25.1001     7.9557     62.407   101.2199     0.7614      7.944     4.1977     5.9989    182.879    187.470      15317          3  0.000e+00
   56.17976 -134.32192    136.713     50.833     50.363     7.9606    32.2228  1025.3320    25.0997     7.9557     62.409   101.2199     0.7614      7.944     4.1978     5.9991    182.884    187.474      15318          3  0.000e+00
   56.17976 -134.32192    135.515     50.881     50.411     7.9604    32.2227  1025.3322    25.0997     7.9556     62.403   101.2199     0.7614      7.944     4.1974     5.9985    182.867    187.457      15319          3  0.000e+00
   56.17976 -134.32192    135.052     50.833     50.363     7.9606    32.2230  1025.3322    25.0999     7.9557     62.396   101.2479     0.7907      7.944     4.1969     5.9979    182.846    187.436      15320          3  0.000e+00
   56.17976 -134.32192    135.044     50.825     50.355     7.9604    32.2231  1025.3322    25.1000     7.9556     62.396   101.3598     0.8200      7.944     4.1970     5.9979    182.848    187.438      15321          3  0.000e+00
   56.17976 -134.32192    135.101     50.833     50.363     7.9606    32.2229  1025.3321    25.0998     7.9557     62.397   101.3877     0.8200      7.944     4.1970     5.9980    182.850    187.439      15322          3  0.000e+00
   56.17976 -134.32192    135.093     50.825     50.355     7.9608    32.2226  1025.3318    25.0996     7.9560     62.398   101.4157     0.8200      7.944     4.1970     5.9980    182.850    187.440      15323          3  0.000e+00
   56.17976 -134.32194    135.101     50.833     50.363     7.9609    32.2226  1025.3318    25.0995     7.9560     62.398   101.3877     0.8200      7.944     4.1971     5.9980    182.852    187.442      15324          3  0.000e+00
   56.17960 -134.32224     65.849     25.226     24.994     8.4010    32.0463  1025.0119    24.8968     8.3986     68.288    98.8425     2.0801      7.986     4.5531     6.5069    198.403    203.343      17290          4  0.000e+00
   56.17960 -134.32224     66.025     25.403     25.170     8.4011    32.0461  1025.0125    24.8967     8.3986     68.237    98.8425     2.0801      7.986     4.5497     6.5019    198.253    203.188      17291          4  0.000e+00
   56.17960 -134.32224     66.049     25.403     25.170     8.4010    32.0461  1025.0125    24.8967     8.3985     68.238    98.8425     2.0801      7.986     4.5498     6.5021    198.258    203.194      17292          4  0.000e+00
   56.17960 -134.32224     66.049     25.403     25.170     8.4008    32.0461  1025.0126    24.8967     8.3983     68.233    98.8425     2.0508      7.986     4.5495     6.5016    198.243    203.179      17293          4  0.000e+00
   56.17960 -134.32224     66.025     25.403     25.170     8.4009    32.0457  1025.0123    24.8964     8.3984     68.227    98.8425     2.0508      7.986     4.5491     6.5011    198.227    203.162      17294          4  0.000e+00
   56.17960 -134.32224     66.025     25.403     25.170     8.4002    32.0461  1025.0127    24.8968     8.3977     68.229    98.8425     2.0508      7.986     4.5492     6.5013    198.233    203.168      17295          4  0.000e+00
   56.17960 -134.32224     66.025     25.403     25.170     8.3999    32.0460  1025.0127    24.8968     8.3974     68.223    98.8705     2.0508      7.986     4.5489     6.5008    198.217    203.152      17296          4  0.000e+00
   56.17960 -134.32224     67.847     25.468     25.234     8.3990    32.0462  1025.0132    24.8970     8.3965     68.224    98.8705     2.0508      7.991     4.5490     6.5010    198.225    203.160      17297          4  0.000e+00
   56.17960 -134.32224     87.725     25.468     25.234     8.3982    32.0465  1025.0136    24.8974     8.3957     68.225    98.8705     2.0508      7.991     4.5492     6.5012    198.231    203.166      17298          4  0.000e+00
   56.17960 -134.32224     98.226     25.468     25.234     8.3978    32.0463  1025.0135    24.8973     8.3953     68.219    98.8705     2.0801      7.991     4.5488     6.5007    198.215    203.150      17299          4  0.000e+00
   56.17960 -134.32224     99.429     25.524     25.290     8.3969    32.0461  1025.0138    24.8973     8.3944     68.213    98.8425     2.0801      7.991     4.5485     6.5003    198.202    203.136      17300          4  0.000e+00
   56.17960 -134.32224     98.519     25.468     25.234     8.3958    32.0474  1025.0147    24.8985     8.3932     68.268    98.8425     2.0801      7.991     4.5523     6.5056    198.365    203.304      17301          4  0.000e+00
   56.17960 -134.32224     98.184     25.524     25.290     8.3951    32.0474  1025.0151    24.8986     8.3926     68.268    98.8425     2.0508      7.991     4.5523     6.5057    198.368    203.307      17302          4  0.000e+00
   56.17960 -134.32224     98.135     25.524     25.290     8.3948    32.0471  1025.0149    24.8984     8.3923     68.267    98.8425     2.0801      7.986     4.5523     6.5057    198.368    203.307      17303          4  0.000e+00
   56.17960 -134.32224     98.184     25.524     25.290     8.3937    32.0478  1025.0156    24.8991     8.3912     68.273    98.8425     2.0508      7.986     4.5528     6.5064    198.389    203.328      17304          4  0.000e+00
   56.17960 -134.32224     98.248     25.589     25.354     8.3928    32.0487  1025.0167    24.8999     8.3903     68.224    98.8425     2.0801      7.991     4.5496     6.5018    198.249    203.186      17305          4  0.000e+00
   56.17960 -134.32224     98.184     25.524     25.290     8.3930    32.0482  1025.0160    24.8995     8.3905     68.222    98.8425     1.8749      7.986     4.5495     6.5017    198.243    203.180      17306          4  0.000e+00
   56.17960 -134.32224     98.248     25.589     25.354     8.3933    32.0482  1025.0162    24.8995     8.3908     68.221    98.8425     1.6698      7.986     4.5494     6.5015    198.239    203.175      17307          4  0.000e+00
   56.17960 -134.32224     98.248     25.589     25.354     8.3937    32.0484  1025.0163    24.8996     8.3911     68.275    98.8425     1.6112      7.991     4.5529     6.5066    198.393    203.333      17308          4  0.000e+00
   56.17960 -134.32224     98.248     25.589     25.354     8.3933    32.0484  1025.0164    24.8997     8.3908     68.280    98.8425     1.6112      7.986     4.5533     6.5071    198.409    203.350      17309          4  0.000e+00
   56.17960 -134.32224     98.248     25.589     25.354     8.3930    32.0484  1025.0164    24.8997     8.3905     68.285    98.8425     1.6405      7.986     4.5537     6.5076    198.425    203.366      17310          4  0.000e+00
   56.17960 -134.32224     98.248     25.589     25.354     8.3922    32.0490  1025.0170    24.9003     8.3897     68.290    98.8146     1.6405      7.986     4.5540     6.5082    198.441    203.383      17311          4  0.000e+00
   56.17960 -134.32224     98.297     25.589     25.354     8.3922    32.0492  1025.0172    24.9005     8.3897     68.294    98.8425     1.6405      7.991     4.5543     6.5086    198.454    203.395      17312          4  0.000e+00
   56.17960 -134.32224    112.761     25.646     25.410     8.3928    32.0485  1025.0168    24.8998     8.3903     68.298    98.8425     1.6405      7.986     4.5546     6.5089    198.465    203.406      17313          4  0.000e+00
   56.17960 -134.32224    123.254     25.589     25.354     8.3923    32.0491  1025.0171    24.9003     8.3898     68.302    98.8425     1.6405      7.991     4.5548     6.5093    198.476    203.418      17314          4  0.000e+00
   56.17960 -134.32224    125.117     25.646     25.410     8.3925    32.0488  1025.0171    24.9001     8.3900     68.306    98.8425     1.6405      7.991     4.5551     6.5096    198.487    203.429      17315          4  0.000e+00
   56.17960 -134.32224    124.482     25.646     25.410     8.3927    32.0483  1025.0167    24.8997     8.3902     68.309    98.8425     1.6405      7.991     4.5553     6.5099    198.496    203.438      17316          4  0.000e+00
   56.17960 -134.32224    124.011     25.589     25.354     8.3920    32.0487  1025.0168    24.9001     8.3895     68.311    98.8425     1.6405      7.991     4.5555     6.5102    198.505    203.448      17317          4  0.000e+00
   56.17960 -134.32224    123.994     25.646     25.410     8.3919    32.0490  1025.0173    24.9003     8.3893     68.314    98.8425     1.6405      7.986     4.5557     6.5106    198.515    203.458      17318          4  0.000e+00
   56.17960 -134.32224    124.018     25.646     25.410     8.3917    32.0487  1025.0171    24.9001     8.3892     68.262    98.8425     1.6405      7.986     4.5522     6.5056    198.362    203.302      17319          4  0.000e+00
   56.17960 -134.32224    124.043     25.646     25.410     8.3917    32.0490  1025.0174    24.9004     8.3892     68.312    98.8425     1.6405      7.991     4.5556     6.5104    198.509    203.451      17320          4  0.000e+00
   56.17960 -134.32224    124.043     25.646     25.410     8.3917    32.0490  1025.0173    24.9003     8.3892     68.259    98.8146     1.6112      7.986     4.5520     6.5053    198.355    203.294      17321          4  0.000e+00
   56.17960 -134.32224    124.043     25.646     25.410     8.3920    32.0486  1025.0170    24.9000     8.3895     68.254    98.8146     1.6405      7.986     4.5517     6.5048    198.340    203.278      17322          4  0.000e+00
   56.17960 -134.32224    124.043     25.646     25.410     8.3917    32.0487  1025.0171    24.9001     8.3892     68.249    98.8146     1.6405      7.991     4.5514     6.5044    198.327    203.265      17323          4  0.000e+00
   56.17960 -134.32224    123.987     25.589     25.354     8.3917    32.0493  1025.0173    24.9006     8.3892     68.299    98.8146     1.6405      7.986     4.5547     6.5091    198.470    203.412      17324          4  0.000e+00
   56.17960 -134.32224    124.099     25.702     25.466     8.3917    32.0492  1025.0178    24.9005     8.3892     68.302    98.8146     1.6405      7.986     4.5549     6.5094    198.478    203.420      17325          4  0.000e+00
   56.17960 -134.32224    123.987     25.589     25.354     8.3922    32.0488  1025.0168    24.9001     8.3897     68.302    98.8146     1.6405      7.991     4.5549     6.5093    198.478    203.420      17326          4  0.000e+00
   56.17960 -134.32224    123.603     25.646     25.410     8.3922    32.0487  1025.0170    24.9000     8.3897     68.304    98.8146     1.6698      7.986     4.5550     6.5095    198.482    203.425      17327          4  0.000e+00
   56.17960 -134.32224    122.968     25.646     25.410     8.3925    32.0487  1025.0170    24.9000     8.3900     68.304    98.8146     1.6991      7.986     4.5550     6.5095    198.484    203.426      17328          4  0.000e+00
   56.17960 -134.32224    122.797     25.646     25.410     8.3925    32.0486  1025.0169    24.8999     8.3900     68.305    98.8146     1.6991      7.986     4.5550     6.5096    198.486    203.428      17329          4  0.000e+00
   56.17960 -134.32224    122.822     25.646     25.410     8.3927    32.0479  1025.0163    24.8993     8.3902     68.305    98.8146     1.6991      7.986     4.5550     6.5096    198.486    203.429      17330          4  0.000e+00
   56.17960 -134.32224    122.790     25.589     25.354     8.3927    32.0482  1025.0163    24.8995     8.3902     68.305    98.8146     1.6991      7.986     4.5550     6.5096    198.484    203.427      17331          4  0.000e+00
   56.17960 -134.32224    122.846     25.646     25.410     8.3927    32.0483  1025.0167    24.8997     8.3902     68.305    98.8146     1.6991      7.986     4.5550     6.5096    198.485    203.427      17332          4  0.000e+00
   56.17960 -134.32224    122.871     25.646     25.410     8.3925    32.0483  1025.0166    24.8996     8.3900     68.304    98.8146     1.6991      7.991     4.5550     6.5096    198.484    203.426      17333          4  0.000e+00
   56.17960 -134.32224    122.815     25.589     25.354     8.3919    32.0488  1025.0169    24.9002     8.3893     68.303    98.8146     1.6991      7.986     4.5550     6.5095    198.483    203.425      17334          4  0.000e+00
   56.17960 -134.32224    122.815     25.589     25.354     8.3919    32.0488  1025.0169    24.9002     8.3893     68.302    98.8146     1.6991      7.986     4.5549     6.5094    198.479    203.421      17335          4  0.000e+00
   56.17960 -134.32224    122.846     25.646     25.410     8.3917    32.0489  1025.0173    24.9003     8.3892     68.301    98.8146     1.6991      7.986     4.5548     6.5093    198.477    203.419      17336          4  0.000e+00
   56.17960 -134.32224    122.815     25.589     25.354     8.3917    32.0494  1025.0174    24.9006     8.3892     68.299    98.8146     1.6991      7.986     4.5547     6.5091    198.470    203.412      17337          4  0.000e+00
   56.17960 -134.32224    122.815     25.589     25.354     8.3919    32.0487  1025.0168    24.9001     8.3893     68.297    98.8146     1.6991      7.991     4.5545     6.5089    198.464    203.406      17338          4  0.000e+00
   56.17944 -134.32262     16.445      3.978      3.942     9.7585    31.6312  1024.3800    24.3619     9.7581     88.042    90.9833     2.9885      8.114     5.7111     8.1618    248.994    255.060      19591          5  0.000e+00
   56.17944 -134.32262      3.770      3.534      3.501     9.7570    31.6322  1024.3790    24.3629     9.7566     88.030    90.9833     2.9885      8.114     5.7105     8.1609    248.965    255.031      19592          5  0.000e+00
   56.17944 -134.32262      5.328      3.800      3.766     9.7562    31.6317  1024.3800    24.3628     9.7558     88.031    90.9833     2.9885      8.114     5.7107     8.1612    248.975    255.040      19593          5  0.000e+00
   56.17944 -134.32262      6.984      3.598      3.565     9.7557    31.6318  1024.3792    24.3629     9.7553     88.027    90.9833     2.9885      8.114     5.7105     8.1609    248.965    255.031      19594          5  0.000e+00
   56.17944 -134.32262      7.448      3.598      3.565     9.7555    31.6320  1024.3794    24.3631     9.7551     88.024    90.9833     2.9885      8.114     5.7103     8.1606    248.958    255.024      19595          5  0.000e+00
   56.17944 -134.32262      7.511      3.736      3.702     9.7554    31.6320  1024.3800    24.3631     9.7550     88.077    90.9833     2.9592      8.114     5.7138     8.1655    249.108    255.177      19596          5  0.000e+00
   56.17944 -134.32262      7.238      3.534      3.501     9.7552    31.6324  1024.3794    24.3634     9.7548     88.023    90.9833     2.8127      8.114     5.7103     8.1605    248.955    255.020      19597          5  0.000e+00
   56.17944 -134.32262      7.477      3.800      3.766     9.7557    31.6319  1024.3802    24.3629     9.7553     88.075    90.9833     2.7247      8.114     5.7136     8.1654    249.102    255.171      19598          5  0.000e+00
   56.17944 -134.32262      7.213      3.534      3.501     9.7562    31.6317  1024.3788    24.3627     9.7558     87.972    90.9833     2.7247      8.114     5.7068     8.1557    248.806    254.868      19599          5  0.000e+00
   56.17944 -134.32262      7.502      3.800      3.766     9.7558    31.6316  1024.3799    24.3627     9.7554     88.017    90.9833     2.7541      8.114     5.7098     8.1599    248.937    255.002      19600          5  0.000e+00
