EcoFOCI/data/1_SampleCollection/2022_GOA-OA_CruiseData/CTD_raw_BottleFile_RC0083/RC0083_047.ros
* Sea-Bird SBE 9 Data File:
* FileName = C:\Data\RC0083ctd\RC0083_047.hex
* Software Version Seasave V 7.26.7.107
* Temperature SN = 2060
* Conductivity SN = 1084
* Number of Bytes Per Scan = 31
* Number of Voltage Words = 4
* Number of Scans Averaged by the Deck Unit = 1
* NMEA Latitude = 58 05.53 N
* NMEA Longitude = 137 29.42 W
* NMEA UTC (Time) = Aug 19 2022  05:56:59
* NMEA baud rate = 4800
** Ship: R/V Rachel Carson
** Cruise ID: RC0083
** Tech: McHugh/Nomura
** Chief Scientist: Cross
** Station: SEM20
** Cast:  CTD047
# nquan = 21
# nvalues = 294                                   
# units = specified
# name 0 = latitude: Latitude [deg]
# name 1 = longitude: Longitude [deg]
# name 2 = sfdSM: Seafloor depth [salt water, m]
# name 3 = prDM: Pressure, Digiquartz [db]
# name 4 = depSM: Depth [salt water, m]
# name 5 = t090C: Temperature [ITS-90, deg C]
# name 6 = sal00: Salinity, Practical [PSU]
# name 7 = density00: Density [density, kg/m^3]
# name 8 = sigma-é00: Density [sigma-theta, kg/m^3]
# name 9 = potemp090C: Potential Temperature [ITS-90, deg C]
# name 10 = sbeox0PS: Oxygen, SBE 43 [% saturation]
# name 11 = CStarTr0: Beam Transmission, WET Labs C-Star [%]
# name 12 = flECO-AFL: Fluorescence, WET Labs ECO-AFL/FL [mg/m^3]
# name 13 = ph: pH
# name 14 = sbeox0ML/L: Oxygen, SBE 43 [ml/l]
# name 15 = sbeox0Mg/L: Oxygen, SBE 43 [mg/l]
# name 16 = sbox0Mm/Kg: Oxygen, SBE 43 [umol/kg]
# name 17 = sbeox0Mm/L: Oxygen, SBE 43 [umol/l]
# name 18 = scan: Scan Count
# name 19 = nbf: Bottles Fired
# name 20 = flag:  0.000e+00
# interval = seconds: 0.0416667
# start_time = Aug 19 2022 05:56:59 [NMEA time, header]
# bad_flag = -9.990e-29
*END*
[from data line 276]
   58.09178 -137.49222     94.382      2.710      2.685    14.7962    31.6292  1023.4301    23.4181    14.7958    101.892    95.4863     1.6991      8.300     5.9460     8.4974    259.472    265.548      14430          6  0.000e+00
   58.09178 -137.49222    101.595      2.694      2.669    14.7962    31.6286  1023.4296    23.4177    14.7958    101.899    95.5142     1.6991      8.300     5.9464     8.4980    259.491    265.568      14431          6  0.000e+00
   58.09178 -137.49222    102.221      2.710      2.685    14.7962    31.6282  1023.4293    23.4173    14.7958    101.908    95.5142     1.6991      8.300     5.9469     8.4987    259.512    265.589      14432          6  0.000e+00
   58.09178 -137.49222    101.546      2.694      2.669    14.7962    31.6290  1023.4299    23.4180    14.7958    101.916    95.4863     1.6991      8.300     5.9474     8.4994    259.533    265.610      14433          6  0.000e+00
   58.09178 -137.49222    101.293      2.710      2.685    14.7959    31.6293  1023.4303    23.4182    14.7955    101.925    95.5142     1.6405      8.300     5.9480     8.5002    259.558    265.636      14434          6  0.000e+00
   58.09178 -137.49222    101.253      2.694      2.669    14.7957    31.6286  1023.4297    23.4178    14.7953    101.935    95.4863     1.5819      8.300     5.9486     8.5011    259.585    265.663      14435          6  0.000e+00
   58.09178 -137.49222    101.262      2.654      2.629    14.7957    31.6287  1023.4296    23.4178    14.7954    101.945    95.4863     1.5819      8.300     5.9491     8.5019    259.609    265.689      14436          6  0.000e+00
   58.09178 -137.49222    101.302      2.694      2.669    14.7959    31.6284  1023.4296    23.4176    14.7955    101.957    95.4863     1.5819      8.300     5.9498     8.5029    259.639    265.719      14437          6  0.000e+00
   58.09178 -137.49222    101.238      2.630      2.605    14.7957    31.6290  1023.4297    23.4181    14.7953    101.962    95.4863     1.5819      8.300     5.9502     8.5034    259.653    265.734      14438          6  0.000e+00
   58.09178 -137.49222    101.318      2.710      2.685    14.7957    31.6285  1023.4297    23.4177    14.7953    101.970    95.5142     1.5819      8.300     5.9506     8.5040    259.674    265.755      14439          6  0.000e+00
   58.09178 -137.49222    101.238      2.630      2.605    14.7957    31.6287  1023.4295    23.4179    14.7953    101.924    95.4863     1.5819      8.300     5.9479     8.5002    259.556    265.634      14440          6  0.000e+00
   58.09178 -137.49222    101.318      2.710      2.685    14.7957    31.6286  1023.4298    23.4178    14.7953    101.928    95.4863     1.5819      8.300     5.9482     8.5005    259.566    265.645      14441          6  0.000e+00
   58.09178 -137.49222    101.213      2.630      2.605    14.7957    31.6281  1023.4291    23.4174    14.7954    101.930    95.4863     1.5819      8.300     5.9483     8.5007    259.573    265.652      14442          6  0.000e+00
   58.09178 -137.49222    101.262      2.654      2.629    14.7957    31.6289  1023.4297    23.4180    14.7953    101.935    95.4863     1.5819      8.300     5.9486     8.5011    259.584    265.663      14443          6  0.000e+00
   58.09178 -137.49222    101.302      2.694      2.669    14.7961    31.6284  1023.4295    23.4175    14.7957    101.935    95.4863     1.5819      8.300     5.9485     8.5011    259.583    265.662      14444          6  0.000e+00
   58.09178 -137.49222    101.318      2.710      2.685    14.7961    31.6284  1023.4296    23.4176    14.7957    101.935    95.4863     1.5819      8.300     5.9485     8.5011    259.583    265.662      14445          6  0.000e+00
   58.09178 -137.49222    101.302      2.694      2.669    14.7959    31.6287  1023.4298    23.4178    14.7955    101.883    95.4863     1.5819      8.300     5.9455     8.4967    259.450    265.526      14446          6  0.000e+00
   58.09178 -137.49222    101.318      2.710      2.685    14.7961    31.6287  1023.4298    23.4178    14.7957    101.879    95.5142     1.5819      8.300     5.9452     8.4964    259.439    265.515      14447          6  0.000e+00
