EcoFOCI/data/1_SampleCollection/2022_GOA-OA_CruiseData/CTD_raw_BottleFile_RC0083/RC0083_115.cnv
* Sea-Bird SBE 9 Data File:
* FileName = C:\Data\RC0083ctd\RC0083_115.hex
* Software Version Seasave V 7.26.7.107
* Temperature SN = 2060
* Conductivity SN = 2881
* Number of Bytes Per Scan = 31
* Number of Voltage Words = 4
* Number of Scans Averaged by the Deck Unit = 1
* NMEA Latitude = 56 02.44 N
* NMEA Longitude = 133 53.90 W
* NMEA UTC (Time) = Aug 23 2022  13:33:50
* NMEA baud rate = 4800
** Ship: R/V Rachel Carson
** Cruise ID: RC0083
** Tech: McHugh/Nomura
** Chief Scientist: Cross
** Station: LSS3
** Cast:  CTD115
# nquan = 19
# nvalues = 17221                                 
# units = specified
# name 0 = latitude: Latitude [deg]
# name 1 = longitude: Longitude [deg]
# name 2 = sfdSM: Seafloor depth [salt water, m]
# name 3 = prDM: Pressure, Digiquartz [db]
# name 4 = depSM: Depth [salt water, m]
# name 5 = t090C: Temperature [ITS-90, deg C]
# name 6 = sal00: Salinity, Practical [PSU]
# name 7 = density00: Density [density, kg/m^3]
# name 8 = sigma-é00: Density [sigma-theta, kg/m^3]
# name 9 = potemp090C: Potential Temperature [ITS-90, deg C]
# name 10 = sbeox0PS: Oxygen, SBE 43 [% saturation]
# name 11 = CStarTr0: Beam Transmission, WET Labs C-Star [%]
# name 12 = flECO-AFL: Fluorescence, WET Labs ECO-AFL/FL [mg/m^3]
# name 13 = ph: pH
# name 14 = sbeox0ML/L: Oxygen, SBE 43 [ml/l]
# name 15 = sbeox0Mg/L: Oxygen, SBE 43 [mg/l]
# name 16 = sbox0Mm/Kg: Oxygen, SBE 43 [umol/kg]
# name 17 = sbeox0Mm/L: Oxygen, SBE 43 [umol/l]
# name 18 = flag:  0.000e+00
# span 0 =   56.04060,   56.04106                 
# span 1 = -133.89848, -133.89794                 
# span 2 =      2.571,    277.694                 
# span 3 =      1.778,    262.835                 
# span 4 =      1.762,    260.277                 
# span 5 =     6.1982,    12.0509                 
# span 6 =    30.8175,    33.4093                 
# span 7 =  1023.3601,  1027.4801                 
# span 8 =    23.3510,    26.2737                 
# span 9 =     6.1757,    12.0505                 
# span 10 =     32.372,     88.638                
# span 11 =    91.7944,   102.3946                
# span 12 =    -0.0591,     6.6222                
# span 13 =      7.758,      8.205                
# span 14 =     2.2482,     5.6120                
# span 15 =     3.2129,     8.0201                
# span 16 =     97.838,    244.721                
# span 17 =    100.405,    250.633                
# span 18 = 0.0000e+00, 0.0000e+00                
# interval = seconds: 0.0416667
# start_time = Aug 23 2022 13:33:50 [NMEA time, header]
# bad_flag = -9.990e-29
*END*
[from data line 13867]
   56.04106 -133.89810    213.767    116.225    115.135     6.9422    32.7419  1026.1825    25.6494     6.9318     38.820   101.5835     0.0581      7.813     2.6635     3.8064    115.978    118.952  0.000e+00
   56.04106 -133.89810    213.727    116.185    115.095     6.9446    32.7401  1026.1805    25.6476     6.9342     38.833   101.6115     0.0581      7.813     2.6643     3.8075    116.011    118.986  0.000e+00
   56.04106 -133.89810    213.639    116.120    115.031     6.9466    32.7383  1026.1786    25.6460     6.9362     38.794   101.6115     0.0581      7.813     2.6615     3.8036    115.892    118.864  0.000e+00
   56.04106 -133.89810    213.663    116.120    115.031     6.9485    32.7370  1026.1773    25.6447     6.9381     38.806   101.6115     0.0581      7.813     2.6623     3.8047    115.925    118.897  0.000e+00
   56.04106 -133.89810    213.583    116.063    114.975     6.9506    32.7356  1026.1757    25.6433     6.9403     38.868   101.5835     0.0581      7.813     2.6664     3.8106    116.106    119.083  0.000e+00
   56.04106 -133.89810    213.591    116.047    114.959     6.9515    32.7354  1026.1753    25.6430     6.9412     38.879   101.6115     0.0581      7.813     2.6671     3.8116    116.136    119.114  0.000e+00
   56.04106 -133.89810    213.487    115.942    114.854     6.9528    32.7352  1026.1745    25.6427     6.9425     38.832   101.6115     0.0581      7.813     2.6638     3.8068    115.991    118.965  0.000e+00
   56.04106 -133.89810    213.487    115.942    114.854     6.9537    32.7354  1026.1745    25.6427     6.9433     38.892   101.6115     0.0581      7.813     2.6679     3.8127    116.169    119.148  0.000e+00
   56.04106 -133.89810    213.431    115.885    114.798     6.9537    32.7363  1026.1750    25.6435     6.9433     38.958   101.6115     0.0581      7.813     2.6724     3.8191    116.365    119.349  0.000e+00
   56.04106 -133.89810    213.431    115.885    114.798     6.9537    32.7368  1026.1753    25.6438     6.9433     38.973   101.6115     0.0581      7.813     2.6734     3.8205    116.408    119.393  0.000e+00
   56.04106 -133.89810    213.326    115.805    114.718     6.9538    32.7378  1026.1758    25.6446     6.9435     38.985   101.6115     0.0581      7.813     2.6742     3.8217    116.445    119.431  0.000e+00
   56.04106 -133.89810    213.286    115.764    114.678     6.9538    32.7382  1026.1759    25.6449     6.9435     38.997   101.5835     0.0581      7.813     2.6750     3.8229    116.480    119.467  0.000e+00
   56.04106 -133.89810    213.254    115.707    114.622     6.9535    32.7390  1026.1763    25.6456     6.9431     39.008   101.6115     0.0581      7.813     2.6758     3.8240    116.513    119.501  0.000e+00
   56.04106 -133.89810    213.134    115.586    114.502     6.9533    32.7396  1026.1762    25.6461     6.9430     39.018   101.6115     0.0581      7.813     2.6764     3.8249    116.541    119.530  0.000e+00
   56.04106 -133.89810    213.254    115.707    114.622     6.9528    32.7409  1026.1779    25.6472     6.9425     39.034   101.6115     0.0581      7.813     2.6776     3.8265    116.590    119.580  0.000e+00
   56.04106 -133.89810    212.998    115.449    114.366     6.9521    32.7419  1026.1776    25.6481     6.9418     39.048   101.6115     0.0581      7.813     2.6785     3.8279    116.632    119.623  0.000e+00
   56.04106 -133.89810    213.190    115.643    114.558     6.9511    32.7429  1026.1794    25.6490     6.9407     39.113   101.6115     0.0581      7.813     2.6831     3.8344    116.830    119.827  0.000e+00
   56.04106 -133.89810    213.070    115.521    114.438     6.9501    32.7440  1026.1798    25.6500     6.9398     39.125   101.6115     0.0581      7.813     2.6839     3.8356    116.868    119.865  0.000e+00
   56.04106 -133.89810    212.958    115.408    114.325     6.9490    32.7453  1026.1805    25.6511     6.9387     39.136   101.6115     0.0581      7.818     2.6847     3.8367    116.901    119.900  0.000e+00
   56.04106 -133.89810    212.958    115.408    114.325     6.9473    32.7471  1026.1821    25.6528     6.9370     39.146   101.5835     0.0581      7.813     2.6855     3.8378    116.934    119.934  0.000e+00
   56.04106 -133.89810    212.758    115.206    114.125     6.9461    32.7485  1026.1825    25.6540     6.9358     39.153   101.5276     0.0581      7.813     2.6860     3.8386    116.958    119.959  0.000e+00
   56.04106 -133.89810    212.894    115.343    114.261     6.9451    32.7496  1026.1841    25.6550     6.9348     39.161   101.4996     0.0581      7.813     2.6866     3.8395    116.984    119.985  0.000e+00
   56.04106 -133.89810    212.894    115.343    114.261     6.9439    32.7502  1026.1848    25.6557     6.9337     39.167   101.4996     0.0581      7.818     2.6871     3.8401    117.003    120.005  0.000e+00
   56.04106 -133.89810    212.782    115.230    114.149     6.9432    32.7506  1026.1847    25.6561     6.9329     39.171   101.4996     0.0581      7.818     2.6874     3.8406    117.017    120.019  0.000e+00
   56.04106 -133.89810    212.718    115.165    114.085     6.9427    32.7508  1026.1846    25.6563     6.9324     39.174   101.4996     0.0581      7.818     2.6876     3.8409    117.026    120.028  0.000e+00
   56.04106 -133.89810    212.645    115.092    114.013     6.9432    32.7500  1026.1836    25.6557     6.9329     39.175   101.4996     0.0581      7.813     2.6877     3.8409    117.029    120.031  0.000e+00
   56.04106 -133.89810    212.661    115.109    114.029     6.9446    32.7486  1026.1823    25.6544     6.9343     39.175   101.4996     0.0581      7.813     2.6876     3.8409    117.027    120.029  0.000e+00
   56.04106 -133.89810    212.597    115.044    113.965     6.9465    32.7465  1026.1801    25.6525     6.9362     39.173   101.4996     0.0581      7.818     2.6874     3.8406    117.019    120.020  0.000e+00
   56.04106 -133.89810    212.485    114.931    113.853     6.9478    32.7450  1026.1782    25.6511     6.9376     39.170   101.4996     0.0581      7.818     2.6872     3.8402    117.007    120.008  0.000e+00
   56.04106 -133.89810    212.541    114.987    113.909     6.9481    32.7448  1026.1783    25.6509     6.9379     39.224   101.4996     0.0581      7.813     2.6908     3.8455    117.167    120.172  0.000e+00
   56.04106 -133.89810    212.461    114.906    113.829     6.9478    32.7453  1026.1783    25.6513     6.9376     39.225   101.4996     0.0581      7.818     2.6909     3.8455    117.169    120.175  0.000e+00
   56.04106 -133.89810    212.397    114.866    113.789     6.9465    32.7463  1026.1791    25.6523     6.9363     39.224   101.4996     0.0581      7.818     2.6909     3.8456    117.170    120.176  0.000e+00
   56.04106 -133.89810    211.779    114.809    113.733     6.9466    32.7467  1026.1791    25.6525     6.9363     39.222   101.4996     0.0581      7.818     2.6907     3.8453    117.163    120.168  0.000e+00
   56.04106 -133.89810    211.437    114.809    113.733     6.9485    32.7450  1026.1776    25.6510     6.9383     39.218   101.4996     0.0581      7.818     2.6904     3.8448    117.147    120.152  0.000e+00
   56.04106 -133.89810    211.268    114.688    113.612     6.9501    32.7435  1026.1756    25.6496     6.9399     39.211   101.4996     0.0581      7.818     2.6899     3.8441    117.125    120.129  0.000e+00
   56.04106 -133.89810    211.333    114.728    113.652     6.9510    32.7429  1026.1752    25.6490     6.9407     39.205   101.4996     0.0581      7.813     2.6893     3.8433    117.103    120.106  0.000e+00
   56.04106 -133.89810    211.148    114.567    113.492     6.9509    32.7432  1026.1747    25.6492     6.9407     39.202   101.4996     0.0581      7.818     2.6892     3.8431    117.095    120.098  0.000e+00
   56.04106 -133.89810    211.317    114.688    113.612     6.9493    32.7449  1026.1768    25.6508     6.9390     39.193   101.4996     0.0581      7.818     2.6886     3.8423    117.070    120.073  0.000e+00
   56.04106 -133.89810    211.197    114.567    113.492     6.9470    32.7474  1026.1786    25.6531     6.9368     39.245   101.4996     0.0581      7.813     2.6923     3.8475    117.229    120.237  0.000e+00
   56.04106 -133.89810    211.181    114.550    113.476     6.9447    32.7497  1026.1806    25.6552     6.9345     39.245   101.5276     0.0581      7.818     2.6924     3.8477    117.234    120.242  0.000e+00
   56.04106 -133.89810    211.141    114.510    113.436     6.9414    32.7531  1026.1836    25.6583     6.9312     39.243   101.5835     0.0581      7.818     2.6924     3.8478    117.236    120.244  0.000e+00
   56.04106 -133.89810    211.141    114.510    113.436     6.9377    32.7563  1026.1865    25.6613     6.9275     39.176   101.5835     0.0581      7.818     2.6880     3.8414    117.043    120.047  0.000e+00
   56.04106 -133.89810    211.020    114.389    113.316     6.9348    32.7592  1026.1886    25.6640     6.9246     39.165   101.5835     0.0581      7.813     2.6873     3.8405    117.013    120.017  0.000e+00
   56.04106 -133.89810    211.020    114.389    113.316     6.9312    32.7624  1026.1917    25.6670     6.9210     39.159   101.5835     0.0581      7.818     2.6871     3.8402    117.004    120.007  0.000e+00
   56.04106 -133.89810    211.060    114.429    113.356     6.9286    32.7646  1026.1939    25.6690     6.9184     39.153   101.5835     0.0581      7.818     2.6868     3.8397    116.989    119.992  0.000e+00
   56.04106 -133.89810    210.964    114.332    113.260     6.9269    32.7659  1026.1948    25.6703     6.9167     39.202   101.5835     0.0581      7.818     2.6902     3.8446    117.139    120.146  0.000e+00
   56.04106 -133.89810    211.233    114.332    113.260     6.9271    32.7648  1026.1938    25.6694     6.9170     39.192   101.5835     0.0581      7.818     2.6896     3.8437    117.110    120.116  0.000e+00
   56.04106 -133.89810    211.682    114.267    113.196     6.9275    32.7640  1026.1929    25.6687     6.9173     39.187   101.5835     0.0581      7.818     2.6892     3.8432    117.095    120.100  0.000e+00
   56.04106 -133.89810    211.716    114.130    113.059     6.9278    32.7627  1026.1912    25.6677     6.9176     39.180   101.5835     0.0581      7.818     2.6888     3.8425    117.075    120.080  0.000e+00
   56.04106 -133.89810    211.973    114.389    113.316     6.9298    32.7606  1026.1904    25.6657     6.9197     39.181   101.5835     0.0581      7.813     2.6887     3.8424    117.073    120.078  0.000e+00
   56.04106 -133.89810    211.716    114.154    113.083     6.9335    32.7568  1026.1859    25.6622     6.9233     39.120   101.5835     0.0581      7.818     2.6844     3.8363    116.886    119.885  0.000e+00
   56.04106 -133.89810    211.652    114.089    113.019     6.9375    32.7526  1026.1817    25.6584     6.9273     39.104   101.5835     0.0581      7.818     2.6831     3.8344    116.829    119.827  0.000e+00
   56.04106 -133.89810    211.828    114.267    113.196     6.9422    32.7485  1026.1787    25.6546     6.9320     39.087   101.5835     0.0581      7.813     2.6818     3.8325    116.771    119.767  0.000e+00
   56.04106 -133.89810    211.636    114.073    113.003     6.9454    32.7452  1026.1747    25.6515     6.9352     39.132   101.5835     0.0581      7.818     2.6847     3.8367    116.900    119.898  0.000e+00
   56.04106 -133.89810    211.716    114.154    113.083     6.9466    32.7440  1026.1741    25.6505     6.9364     39.127   101.5835     0.0581      7.818     2.6843     3.8361    116.881    119.879  0.000e+00
   56.04106 -133.89810    211.596    114.033    112.963     6.9441    32.7463  1026.1756    25.6526     6.9340     39.113   101.5835     0.0581      7.818     2.6834     3.8349    116.844    119.842  0.000e+00
   56.04106 -133.89810    211.652    114.089    113.019     6.9427    32.7481  1026.1775    25.6542     6.9325     39.105   101.5835     0.0581      7.813     2.6830     3.8342    116.824    119.821  0.000e+00
   56.04106 -133.89810    211.572    114.008    112.939     6.9419    32.7498  1026.1786    25.6557     6.9317     39.102   101.5835     0.0581      7.813     2.6828     3.8340    116.816    119.813  0.000e+00
   56.04106 -133.89810    211.532    113.968    112.899     6.9412    32.7511  1026.1795    25.6568     6.9311     39.099   101.5835     0.0581      7.818     2.6826     3.8337    116.807    119.804  0.000e+00
   56.04106 -133.89810    211.652    114.089    113.019     6.9392    32.7536  1026.1823    25.6590     6.9291     39.096   101.5835     0.0581      7.818     2.6824     3.8335    116.800    119.797  0.000e+00
   56.04106 -133.89810    211.532    113.968    112.899     6.9383    32.7552  1026.1831    25.6604     6.9282     39.090   101.5555     0.0581      7.813     2.6821     3.8330    116.785    119.782  0.000e+00
   56.04106 -133.89810    211.532    113.968    112.899     6.9399    32.7540  1026.1819    25.6592     6.9297     39.085   101.5555     0.0581      7.818     2.6816     3.8323    116.765    119.761  0.000e+00
   56.04106 -133.89810    211.516    113.952    112.883     6.9410    32.7523  1026.1804    25.6578     6.9309     39.078   101.5555     0.0581      7.818     2.6811     3.8316    116.743    119.738  0.000e+00
   56.04106 -133.89810    211.476    113.911    112.843     6.9410    32.7520  1026.1799    25.6575     6.9309     39.070   101.5555     0.0581      7.818     2.6806     3.8308    116.721    119.716  0.000e+00
   56.04106 -133.89810    211.476    113.911    112.843     6.9414    32.7516  1026.1796    25.6571     6.9312     39.062   101.5555     0.0581      7.818     2.6800     3.8300    116.696    119.690  0.000e+00
   56.04106 -133.89810    211.476    113.911    112.843     6.9419    32.7511  1026.1791    25.6566     6.9317     39.060   101.5555     0.0581      7.818     2.6798     3.8298    116.688    119.682  0.000e+00
   56.04106 -133.89810    211.339    113.774    112.707     6.9422    32.7506  1026.1781    25.6562     6.9320     39.057   101.5555     0.0581      7.818     2.6796     3.8294    116.678    119.671  0.000e+00
   56.04106 -133.89810    211.476    113.911    112.843     6.9407    32.7513  1026.1795    25.6570     6.9306     38.997   101.5555     0.0581      7.818     2.6756     3.8237    116.502    119.491  0.000e+00
   56.04106 -133.89810    211.419    113.855    112.787     6.9396    32.7525  1026.1803    25.6580     6.9295     38.987   101.5555     0.0581      7.818     2.6749     3.8227    116.474    119.462  0.000e+00
   56.04106 -133.89810    211.355    113.790    112.723     6.9385    32.7537  1026.1811    25.6592     6.9283     38.976   101.5555     0.0581      7.818     2.6743     3.8218    116.445    119.432  0.000e+00
   56.04106 -133.89810    211.395    113.830    112.763     6.9377    32.7545  1026.1820    25.6599     6.9275     38.966   101.5555     0.0581      7.813     2.6736     3.8208    116.415    119.403  0.000e+00
   56.04106 -133.89810    211.331    113.790    112.723     6.9364    32.7552  1026.1825    25.6606     6.9263     38.955   101.5555     0.0581      7.818     2.6729     3.8199    116.386    119.372  0.000e+00
   56.04106 -133.89810    211.331    113.790    112.723     6.9360    32.7558  1026.1831    25.6612     6.9259     38.944   101.5555     0.0581      7.818     2.6722     3.8188    116.353    119.339  0.000e+00
   56.04106 -133.89810    211.235    113.668    112.603     6.9350    32.7566  1026.1833    25.6619     6.9249     38.989   101.5555     0.0581      7.818     2.6753     3.8233    116.491    119.480  0.000e+00
   56.04106 -133.89810    211.355    113.790    112.723     6.9346    32.7572  1026.1844    25.6624     6.9245     38.985   101.5555     0.0581      7.818     2.6750     3.8229    116.477    119.466  0.000e+00
