EcoFOCI/data/1_SampleCollection/2022_GOA-OA_CruiseData/CTD_raw_BottleFile_RC0083/RC0083_045.ros
* Sea-Bird SBE 9 Data File:
* FileName = C:\Data\RC0083ctd\RC0083_045.hex
* Software Version Seasave V 7.26.7.107
* Temperature SN = 2060
* Conductivity SN = 1084
* Number of Bytes Per Scan = 31
* Number of Voltage Words = 4
* Number of Scans Averaged by the Deck Unit = 1
* NMEA Latitude = 58 10.42 N
* NMEA Longitude = 136 36.93 W
* NMEA UTC (Time) = Aug 19 2022  00:09:40
* NMEA baud rate = 4800
** Ship: R/V Rachel Carson
** Cruise ID: RC0083
** Tech: McHugh/Nomura
** Chief Scientist: Cross
** Station: XS4
** Cast:  CTD045
# nquan = 21
# nvalues = 245                                   
# units = specified
# name 0 = latitude: Latitude [deg]
# name 1 = longitude: Longitude [deg]
# name 2 = sfdSM: Seafloor depth [salt water, m]
# name 3 = prDM: Pressure, Digiquartz [db]
# name 4 = depSM: Depth [salt water, m]
# name 5 = t090C: Temperature [ITS-90, deg C]
# name 6 = sal00: Salinity, Practical [PSU]
# name 7 = density00: Density [density, kg/m^3]
# name 8 = sigma-é00: Density [sigma-theta, kg/m^3]
# name 9 = potemp090C: Potential Temperature [ITS-90, deg C]
# name 10 = sbeox0PS: Oxygen, SBE 43 [% saturation]
# name 11 = CStarTr0: Beam Transmission, WET Labs C-Star [%]
# name 12 = flECO-AFL: Fluorescence, WET Labs ECO-AFL/FL [mg/m^3]
# name 13 = ph: pH
# name 14 = sbeox0ML/L: Oxygen, SBE 43 [ml/l]
# name 15 = sbeox0Mg/L: Oxygen, SBE 43 [mg/l]
# name 16 = sbox0Mm/Kg: Oxygen, SBE 43 [umol/kg]
# name 17 = sbeox0Mm/L: Oxygen, SBE 43 [umol/l]
# name 18 = scan: Scan Count
# name 19 = nbf: Bottles Fired
# name 20 = flag:  0.000e+00
# interval = seconds: 0.0416667
# start_time = Aug 19 2022 00:09:40 [NMEA time, header]
# bad_flag = -9.990e-29
*END*
[from data line 207]
   58.17376 -136.61140    100.834      3.406      3.374    12.1500    30.8632  1023.3661    23.3508    12.1496     90.627    85.2216     0.8786      8.232     5.6113     8.0192    244.884    250.603      10730          5  0.000e+00
   58.17376 -136.61140    100.883      3.430      3.398    12.1500    30.8632  1023.3662    23.3508    12.1496     90.639    85.2216     0.8786      8.232     5.6121     8.0203    244.917    250.636      10731          5  0.000e+00
   58.17376 -136.61140    100.979      3.527      3.494    12.1507    30.8635  1023.3668    23.3509    12.1503     90.704    85.2216     0.8786      8.232     5.6160     8.0259    245.089    250.812      10732          5  0.000e+00
   58.17376 -136.61140    100.883      3.430      3.398    12.1525    30.8637  1023.3661    23.3507    12.1521     90.717    85.2216     0.8786      8.232     5.6166     8.0267    245.115    250.839      10733          5  0.000e+00
   58.17376 -136.61140    100.979      3.527      3.494    12.1541    30.8630  1023.3657    23.3499    12.1537     90.731    85.2216     0.8786      8.232     5.6173     8.0277    245.145    250.869      10734          5  0.000e+00
   58.17376 -136.61140    101.003      3.551      3.518    12.1562    30.8631  1023.3655    23.3496    12.1558     90.742    85.2216     0.8786      8.232     5.6178     8.0283    245.165    250.889      10735          5  0.000e+00
   58.17376 -136.61140    100.979      3.527      3.494    12.1583    30.8635  1023.3654    23.3496    12.1578     90.805    85.2216     0.8786      8.232     5.6214     8.0335    245.322    251.050      10736          5  0.000e+00
   58.17376 -136.61140    101.003      3.551      3.518    12.1601    30.8639  1023.3654    23.3495    12.1597     90.818    85.2216     0.8786      8.232     5.6220     8.0344    245.348    251.077      10737          5  0.000e+00
   58.17376 -136.61140     87.677      3.583      3.550    12.1626    30.8635  1023.3648    23.3487    12.1622     90.883    85.2216     0.8786      8.232     5.6257     8.0397    245.512    251.244      10738          5  0.000e+00
   58.17376 -136.61140     31.391      3.486      3.454    12.1633    30.8640  1023.3646    23.3490    12.1628     90.897    85.2216     0.8786      8.232     5.6265     8.0408    245.545    251.278      10739          5  0.000e+00
   58.17376 -136.61140      8.530      3.705      3.670    12.1644    30.8645  1023.3658    23.3491    12.1640     90.912    85.1937     0.8786      8.232     5.6273     8.0419    245.579    251.313      10740          5  0.000e+00
   58.17376 -136.61140      7.360      3.583      3.550    12.1679    30.8642  1023.3643    23.3483    12.1675     90.921    85.1377     0.8786      8.232     5.6274     8.0421    245.586    251.320      10741          5  0.000e+00
   58.17376 -136.61140      9.784      3.664      3.630    12.1715    30.8638  1023.3638    23.3473    12.1711     90.930    85.1377     0.8786      8.232     5.6276     8.0423    245.593    251.326      10742          5  0.000e+00
   58.17376 -136.61140     10.671      3.648      3.614    12.1691    30.8583  1023.3598    23.3435    12.1686     90.936    85.1377     0.8786      8.232     5.6284     8.0436    245.632    251.366      10743          5  0.000e+00
   58.17376 -136.61140     10.712      3.664      3.630    12.1445    30.8653  1023.3699    23.3535    12.1441     90.997    85.1377     0.8786      8.232     5.6348     8.0527    245.909    251.652      10744          5  0.000e+00
   58.17376 -136.61140     10.574      3.648      3.614    12.1424    30.8629  1023.3684    23.3520    12.1419     91.010    85.1377     0.8786      8.232     5.6360     8.0544    245.961    251.705      10745          5  0.000e+00
   58.17376 -136.61140     10.565      3.664      3.630    12.1349    30.8674  1023.3733    23.3569    12.1344     91.023    85.1377     0.8786      8.232     5.6375     8.0566    246.025    251.772      10746          5  0.000e+00
   58.17376 -136.61140     10.605      3.705      3.670    12.1369    30.8681  1023.3736    23.3570    12.1364     91.086    85.1377     0.8786      8.232     5.6412     8.0618    246.184    251.934      10747          5  0.000e+00
   58.17376 -136.61140     10.629      3.729      3.694    12.1439    30.8662  1023.3710    23.3542    12.1434     91.098    85.1377     0.8493      8.232     5.6411     8.0618    246.184    251.934      10748          5  0.000e+00
   58.17376 -136.61140     10.605      3.705      3.670    12.1491    30.8653  1023.3693    23.3527    12.1486     91.107    85.1377     0.8786      8.232     5.6411     8.0618    246.184    251.933      10749          5  0.000e+00
   58.17376 -136.61140     10.605      3.705      3.670    12.1525    30.8628  1023.3667    23.3501    12.1520     91.115    85.1657     0.8786      8.232     5.6413     8.0620    246.191    251.940      10750          5  0.000e+00
   58.17376 -136.61140     10.629      3.729      3.694    12.1456    30.8629  1023.3681    23.3514    12.1452     91.121    85.1377     0.8786      8.227     5.6425     8.0637    246.244    251.994      10751          5  0.000e+00
   58.17376 -136.61140     10.605      3.705      3.670    12.1403    30.8647  1023.3704    23.3537    12.1399     91.125    85.1377     0.8786      8.232     5.6433     8.0648    246.277    252.029      10752          5  0.000e+00
   58.17376 -136.61140     10.629      3.729      3.694    12.1429    30.8633  1023.3690    23.3522    12.1424     91.125    85.1377     0.8786      8.227     5.6431     8.0645    246.268    252.019      10753          5  0.000e+00
   58.17376 -136.61140     10.605      3.705      3.670    12.1439    30.8614  1023.3672    23.3505    12.1434     91.129    85.1377     0.8786      8.227     5.6433     8.0648    246.277    252.028      10754          5  0.000e+00
   58.17376 -136.61140     11.240      3.729      3.694    12.1447    30.8585  1023.3649    23.3482    12.1442     91.132    85.1377     0.8786      8.227     5.6434     8.0650    246.284    252.035      10755          5  0.000e+00
   58.17376 -136.61140     64.076      3.769      3.734    12.1447    30.8567  1023.3637    23.3467    12.1442     91.126    85.1377     0.8786      8.227     5.6431     8.0646    246.273    252.023      10756          5  0.000e+00
   58.17376 -136.61140    100.324      3.729      3.694    12.1370    30.8577  1023.3657    23.3489    12.1366     91.177    85.1377     0.8786      8.228     5.6472     8.0704    246.449    252.204      10757          5  0.000e+00
   58.17376 -136.61138    103.670      3.705      3.670    12.1229    30.8613  1023.3710    23.3544    12.1225     91.180    85.1377     0.8786      8.228     5.6489     8.0728    246.521    252.279      10758          5  0.000e+00
   58.17376 -136.61138    103.694      3.729      3.694    12.1159    30.8585  1023.3702    23.3534    12.1154     91.179    85.1377     0.8786      8.228     5.6498     8.0741    246.561    252.319      10759          5  0.000e+00
   58.17376 -136.61138    102.327      3.705      3.670    12.1016    30.8532  1023.3686    23.3520    12.1011     91.177    85.1098     0.8786      8.228     5.6515     8.0766    246.637    252.397      10760          5  0.000e+00
   58.17376 -136.61138    102.132      3.705      3.670    12.0818    30.8515  1023.3710    23.3543    12.0814     91.172    85.0538     0.8493      8.228     5.6537     8.0797    246.731    252.493      10761          5  0.000e+00
   58.17376 -136.61138    102.253      3.729      3.694    12.0645    30.8541  1023.3763    23.3595    12.0640     91.172    85.0538     0.8200      8.228     5.6556     8.0824    246.814    252.580      10762          5  0.000e+00
   58.17376 -136.61138    102.278      3.705      3.670    12.0543    30.8564  1023.3798    23.3631    12.0538     91.215    85.0538     0.8200      8.228     5.6595     8.0879    246.981    252.751      10763          5  0.000e+00
   58.17376 -136.61138    102.263      3.664      3.630    12.0526    30.8566  1023.3800    23.3636    12.0521     91.207    85.0538     0.8200      8.228     5.6592     8.0875    246.968    252.738      10764          5  0.000e+00
   58.17376 -136.61138    102.303      3.705      3.670    12.0490    30.8557  1023.3802    23.3636    12.0485     91.204    85.0538     0.8200      8.228     5.6594     8.0879    246.979    252.749      10765          5  0.000e+00
   58.17376 -136.61138    102.263      3.664      3.630    12.0403    30.8559  1023.3818    23.3653    12.0398     91.198    85.0538     0.8200      8.228     5.6601     8.0888    247.007    252.778      10766          5  0.000e+00
   58.17376 -136.61138    102.247      3.648      3.614    12.0314    30.8656  1023.3909    23.3745    12.0309     91.243    85.0538     0.8493      8.228     5.6636     8.0938    247.158    252.935      10767          5  0.000e+00
