EcoFOCI/data/1_SampleCollection/2022_GOA-OA_CruiseData/CTD_raw_BottleFile_RC0083/RC0083_074.cnv
* Sea-Bird SBE 9 Data File:
* FileName = C:\Data\RC0083ctd\RC0083_074.hex
* Software Version Seasave V 7.26.7.107
* Temperature SN = 2060
* Conductivity SN = 1084
* Number of Bytes Per Scan = 31
* Number of Voltage Words = 4
* Number of Scans Averaged by the Deck Unit = 1
* NMEA Latitude = 58 34.16 N
* NMEA Longitude = 136 04.02 W
* NMEA UTC (Time) = Aug 21 2022  02:40:00
* NMEA baud rate = 4800
** Ship: R/V Rachel Carson
** Cruise ID: RC0083
** Tech: McHugh/Nomura
** Chief Scientist: Cross
** Station: GB03
** Cast:  CTD074
# nquan = 19
# nvalues = 7809                                  
# units = specified
# name 0 = latitude: Latitude [deg]
# name 1 = longitude: Longitude [deg]
# name 2 = sfdSM: Seafloor depth [salt water, m]
# name 3 = prDM: Pressure, Digiquartz [db]
# name 4 = depSM: Depth [salt water, m]
# name 5 = t090C: Temperature [ITS-90, deg C]
# name 6 = sal00: Salinity, Practical [PSU]
# name 7 = density00: Density [density, kg/m^3]
# name 8 = sigma-é00: Density [sigma-theta, kg/m^3]
# name 9 = potemp090C: Potential Temperature [ITS-90, deg C]
# name 10 = sbeox0PS: Oxygen, SBE 43 [% saturation]
# name 11 = CStarTr0: Beam Transmission, WET Labs C-Star [%]
# name 12 = flECO-AFL: Fluorescence, WET Labs ECO-AFL/FL [mg/m^3]
# name 13 = ph: pH
# name 14 = sbeox0ML/L: Oxygen, SBE 43 [ml/l]
# name 15 = sbeox0Mg/L: Oxygen, SBE 43 [mg/l]
# name 16 = sbox0Mm/Kg: Oxygen, SBE 43 [umol/kg]
# name 17 = sbeox0Mm/L: Oxygen, SBE 43 [umol/l]
# name 18 = flag:  0.000e+00
# span 0 =   58.56856,   58.56934                 
# span 1 = -136.06706, -136.06660                 
# span 2 =      6.134,    130.548                 
# span 3 =      3.365,     98.741                 
# span 4 =      3.333,     97.798                 
# span 5 =     7.2808,     9.7470                 
# span 6 =    21.5461,    30.5382                 
# span 7 =  1016.5269,  1024.3009                 
# span 8 =    16.5102,    23.8478                 
# span 9 =     7.2721,     9.7466                 
# span 10 =     62.710,    127.095                
# span 11 =    35.9683,    88.1584                
# span 12 =     0.1753,    14.7980                
# span 13 =      7.921,      8.486                
# span 14 =     4.2934,     8.7805                
# span 15 =     6.1357,    12.5482                
# span 16 =    187.289,    385.614                
# span 17 =    191.744,    392.136                
# span 18 = 0.0000e+00, 0.0000e+00                
# interval = seconds: 0.0416667
# start_time = Aug 21 2022 02:40:00 [NMEA time, header]
# bad_flag = -9.990e-29
*END*
[from data line 6477]
   58.56858 -136.06660    107.560     34.132     33.811     7.9168    30.1531  1023.6384    23.4818     7.9137     65.063    88.0465     0.7321      7.945     4.4403     6.3456    193.753    198.302  0.000e+00
   58.56858 -136.06660    107.471     34.067     33.747     7.9168    30.1525  1023.6376    23.4814     7.9137     65.063    88.0465     0.7614      7.945     4.4403     6.3456    193.754    198.303  0.000e+00
   58.56858 -136.06660    107.520     34.067     33.747     7.9167    30.1531  1023.6381    23.4818     7.9136     65.063    88.0465     0.7028      7.945     4.4402     6.3455    193.751    198.300  0.000e+00
   58.56858 -136.06660    107.627     34.027     33.707     7.9171    30.1518  1023.6368    23.4807     7.9140     65.060    88.0465     0.7321      7.945     4.4400     6.3452    193.743    198.292  0.000e+00
   58.56858 -136.06660    107.635     34.011     33.691     7.9175    30.1505  1023.6357    23.4797     7.9143     65.056    88.0465     0.7028      7.945     4.4398     6.3449    193.731    198.280  0.000e+00
   58.56858 -136.06660    107.635     34.011     33.691     7.9186    30.1487  1023.6342    23.4781     7.9155     65.050    88.0465     0.7321      7.945     4.4393     6.3442    193.712    198.260  0.000e+00
   58.56858 -136.06660    107.515     33.889     33.571     7.9191    30.1479  1023.6329    23.4774     7.9160     65.043    88.0185     0.7321      7.945     4.4388     6.3434    193.688    198.235  0.000e+00
   58.56858 -136.06660    107.515     33.889     33.571     7.9182    30.1504  1023.6350    23.4795     7.9151     65.090    88.0185     0.7321      7.945     4.4420     6.3481    193.829    198.380  0.000e+00
   58.56858 -136.06660    107.459     33.833     33.515     7.9165    30.1541  1023.6378    23.4826     7.9134     65.031    88.0185     0.7321      7.949     4.4381     6.3425    193.657    198.205  0.000e+00
   58.56858 -136.06660    107.475     33.849     33.531     7.9165    30.1544  1023.6382    23.4829     7.9134     65.083    88.0185     0.7321      7.945     4.4416     6.3474    193.809    198.360  0.000e+00
   58.56858 -136.06660    107.395     33.768     33.451     7.9165    30.1542  1023.6376    23.4827     7.9134     65.083    88.0185     0.7028      7.945     4.4416     6.3475    193.812    198.363  0.000e+00
   58.56858 -136.06660    107.395     33.768     33.451     7.9165    30.1543  1023.6377    23.4828     7.9134     65.083    88.0185     0.7321      7.945     4.4416     6.3475    193.812    198.363  0.000e+00
   58.56858 -136.06660    107.461     33.712     33.395     7.9163    30.1547  1023.6378    23.4832     7.9132     65.081    88.0185     0.7321      7.945     4.4415     6.3473    193.806    198.357  0.000e+00
   58.56858 -136.06660    107.534     33.712     33.395     7.9162    30.1549  1023.6380    23.4833     7.9131     65.079    88.0185     0.7028      7.949     4.4413     6.3471    193.798    198.349  0.000e+00
   58.56858 -136.06660    107.495     33.647     33.331     7.9155    30.1567  1023.6392    23.4848     7.9124     65.074    88.0185     0.7321      7.945     4.4410     6.3466    193.784    198.335  0.000e+00
   58.56858 -136.06660    107.455     33.607     33.291     7.9129    30.1619  1023.6434    23.4893     7.9098     65.068    88.0185     0.7614      7.945     4.4407     6.3462    193.770    198.322  0.000e+00
   58.56858 -136.06660    107.495     33.647     33.331     7.9115    30.1640  1023.6454    23.4911     7.9084     65.068    88.0185     0.7321      7.945     4.4408     6.3464    193.775    198.327  0.000e+00
   58.56858 -136.06660    107.505     33.534     33.219     7.9118    30.1622  1023.6435    23.4896     7.9087     65.121    88.0185     0.7321      7.945     4.4445     6.3516    193.935    198.490  0.000e+00
   58.56858 -136.06660    107.578     33.534     33.219     7.9141    30.1571  1023.6392    23.4853     7.9110     65.126    88.0185     0.7028      7.945     4.4447     6.3519    193.944    198.499  0.000e+00
   58.56858 -136.06660    107.578     33.534     33.219     7.9161    30.1532  1023.6358    23.4820     7.9130     65.128    88.0185     0.7028      7.949     4.4448     6.3520    193.949    198.503  0.000e+00
   58.56858 -136.06660    107.458     33.413     33.099     7.9168    30.1525  1023.6346    23.4814     7.9138     65.129    88.0185     0.7028      7.949     4.4447     6.3520    193.947    198.502  0.000e+00
   58.56858 -136.06660    107.530     33.486     33.171     7.9165    30.1537  1023.6359    23.4823     7.9134     65.129    88.0185     0.7028      7.945     4.4448     6.3520    193.949    198.504  0.000e+00
   58.56858 -136.06660    107.458     33.413     33.099     7.9158    30.1549  1023.6367    23.4834     7.9128     65.135    88.0185     0.7028      7.945     4.4452     6.3526    193.966    198.521  0.000e+00
   58.56858 -136.06660    107.402     33.356     33.043     7.9161    30.1547  1023.6362    23.4832     7.9130     65.139    88.0185     0.7028      7.949     4.4454     6.3530    193.978    198.533  0.000e+00
   58.56858 -136.06660    107.402     33.356     33.043     7.9168    30.1532  1023.6349    23.4819     7.9138     65.135    88.0185     0.7028      7.945     4.4451     6.3525    193.965    198.520  0.000e+00
   58.56858 -136.06660    107.338     33.292     32.979     7.9170    30.1525  1023.6340    23.4813     7.9139     65.129    88.0185     0.7028      7.949     4.4447     6.3520    193.948    198.502  0.000e+00
   58.56858 -136.06660    107.355     33.235     32.923     7.9173    30.1519  1023.6332    23.4808     7.9143     65.122    88.0465     0.7028      7.949     4.4442     6.3512    193.926    198.479  0.000e+00
   58.56858 -136.06660    107.502     33.235     32.923     7.9180    30.1505  1023.6320    23.4796     7.9149     65.121    88.0465     0.7028      7.949     4.4441     6.3511    193.922    198.475  0.000e+00
   58.56858 -136.06660    107.502     33.187     32.875     7.9186    30.1491  1023.6306    23.4784     7.9155     65.111    88.0465     0.7028      7.945     4.4434     6.3501    193.892    198.444  0.000e+00
   58.56858 -136.06660    107.550     33.235     32.923     7.9188    30.1483  1023.6302    23.4778     7.9157     65.108    88.0465     0.7028      7.949     4.4432     6.3498    193.883    198.435  0.000e+00
   58.56858 -136.06660    107.486     33.170     32.859     7.9197    30.1466  1023.6285    23.4763     7.9167     65.102    88.0465     0.7028      7.945     4.4428     6.3492    193.865    198.416  0.000e+00
   58.56858 -136.06660    107.374     33.057     32.747     7.9201    30.1456  1023.6271    23.4755     7.9171     65.151    88.0465     0.7028      7.949     4.4461     6.3539    194.009    198.563  0.000e+00
   58.56858 -136.06660    107.374     33.057     32.747     7.9208    30.1451  1023.6266    23.4750     7.9178     65.150    88.0465     0.7028      7.949     4.4460     6.3538    194.005    198.559  0.000e+00
   58.56858 -136.06660    107.350     33.057     32.747     7.9206    30.1455  1023.6270    23.4754     7.9176     65.093    88.0465     0.7028      7.949     4.4421     6.3483    193.836    198.386  0.000e+00
   58.56858 -136.06660    107.374     33.057     32.747     7.9215    30.1435  1023.6253    23.4737     7.9184     65.146    88.0465     0.7028      7.949     4.4457     6.3533    193.991    198.545  0.000e+00
   58.56858 -136.06660    107.270     32.952     32.643     7.9211    30.1436  1023.6249    23.4738     7.9181     65.148    88.0465     0.7028      7.945     4.4459     6.3536    194.000    198.554  0.000e+00
   58.56858 -136.06660    107.401     32.936     32.627     7.9213    30.1443  1023.6253    23.4743     7.9183     65.150    88.0465     0.7028      7.949     4.4460     6.3538    194.004    198.558  0.000e+00
   58.56858 -136.06660    107.523     32.936     32.627     7.9209    30.1451  1023.6261    23.4750     7.9179     65.151    88.0465     0.7028      7.949     4.4461     6.3539    194.007    198.561  0.000e+00
   58.56858 -136.06660    107.483     32.872     32.563     7.9212    30.1445  1023.6253    23.4745     7.9182     65.150    88.0465     0.7028      7.945     4.4460     6.3538    194.004    198.558  0.000e+00
   58.56858 -136.06660    107.427     32.815     32.507     7.9212    30.1446  1023.6250    23.4745     7.9182     65.148    88.0465     0.7028      7.949     4.4459     6.3536    193.998    198.552  0.000e+00
   58.56858 -136.06660    107.403     32.815     32.507     7.9210    30.1442  1023.6248    23.4743     7.9180     65.146    88.0465     0.6735      7.945     4.4457     6.3534    193.991    198.545  0.000e+00
   58.56858 -136.06660    107.403     32.815     32.507     7.9212    30.1444  1023.6249    23.4744     7.9182     65.142    88.0465     0.6735      7.949     4.4454     6.3529    193.979    198.532  0.000e+00
   58.56858 -136.06660    107.299     32.710     32.403     7.9208    30.1451  1023.6250    23.4749     7.9178     65.136    88.0465     0.6735      7.949     4.4450     6.3524    193.962    198.516  0.000e+00
   58.56858 -136.06660    107.371     32.758     32.451     7.9208    30.1451  1023.6253    23.4750     7.9177     65.130    88.0465     0.6735      7.949     4.4447     6.3519    193.946    198.498  0.000e+00
   58.56858 -136.06660    107.283     32.694     32.387     7.9207    30.1452  1023.6250    23.4751     7.9177     65.185    88.0465     0.6735      7.945     4.4484     6.3572    194.109    198.665  0.000e+00
   58.56858 -136.06660    107.276     32.637     32.331     7.9211    30.1434  1023.6234    23.4736     7.9181     65.135    88.0465     0.6442      7.949     4.4450     6.3523    193.961    198.514  0.000e+00
   58.56858 -136.06660    107.569     32.637     32.331     7.9219    30.1424  1023.6224    23.4727     7.9189     65.181    87.9906     0.6735      7.949     4.4481     6.3567    194.095    198.651  0.000e+00
   58.56858 -136.06660    107.635     32.581     32.275     7.9222    30.1421  1023.6219    23.4725     7.9192     65.176    87.9626     0.6735      7.949     4.4478     6.3563    194.081    198.637  0.000e+00
   58.56858 -136.06660    107.635     32.581     32.275     7.9217    30.1429  1023.6226    23.4731     7.9187     65.116    87.9626     0.6735      7.945     4.4436     6.3504    193.902    198.453  0.000e+00
   58.56858 -136.06660    107.562     32.532     32.227     7.9217    30.1429  1023.6224    23.4731     7.9187     65.165    87.9906     0.7028      7.949     4.4470     6.3552    194.047    198.602  0.000e+00
   58.56858 -136.06660    107.588     32.460     32.155     7.9219    30.1423  1023.6215    23.4726     7.9189     65.164    87.9626     0.6735      7.949     4.4469     6.3551    194.044    198.599  0.000e+00
   58.56858 -136.06660    107.815     32.516     32.211     7.9222    30.1411  1023.6208    23.4717     7.9192     65.163    87.9626     0.6442      7.949     4.4468     6.3550    194.042    198.596  0.000e+00
   58.56858 -136.06660    107.744     32.395     32.091     7.9222    30.1409  1023.6201    23.4715     7.9192     65.214    87.9626     0.6735      7.949     4.4504     6.3600    194.195    198.753  0.000e+00
   58.56858 -136.06660    107.744     32.395     32.091     7.9224    30.1407  1023.6199    23.4713     7.9195     65.217    87.9626     0.6735      7.949     4.4506     6.3603    194.203    198.762  0.000e+00
   58.56858 -136.06660    107.688     32.338     32.035     7.9226    30.1404  1023.6194    23.4710     7.9196     65.163    87.9626     0.6735      7.945     4.4468     6.3550    194.042    198.596  0.000e+00
   58.56858 -136.06660    107.810     32.338     32.035     7.9224    30.1406  1023.6196    23.4713     7.9195     65.211    87.9906     0.6442      7.949     4.4502     6.3597    194.186    198.744  0.000e+00
   58.56858 -136.06660    107.805     32.161     31.859     7.9224    30.1408  1023.6190    23.4714     7.9194     65.216    87.9626     0.6735      7.945     4.4505     6.3602    194.200    198.758  0.000e+00
   58.56858 -136.06660    108.046     32.355     32.051     7.9223    30.1404  1023.6195    23.4711     7.9193     65.160    87.9626     0.6735      7.949     4.4467     6.3547    194.034    198.589  0.000e+00
   58.56858 -136.06660    107.910     32.217     31.915     7.9222    30.1400  1023.6186    23.4708     7.9193     65.211    87.9626     0.6735      7.949     4.4502     6.3597    194.187    198.745  0.000e+00
   58.56858 -136.06660    107.885     32.217     31.915     7.9224    30.1397  1023.6183    23.4705     7.9195     65.214    87.9626     0.7028      7.949     4.4503     6.3600    194.194    198.752  0.000e+00
   58.56858 -136.06660    107.912     32.096     31.795     7.9224    30.1394  1023.6175    23.4703     7.9194     65.214    87.9626     0.7028      7.949     4.4504     6.3600    194.196    198.754  0.000e+00
   58.56858 -136.06660    108.034     32.096     31.795     7.9222    30.1401  1023.6181    23.4708     7.9192     65.214    87.9626     0.7028      7.949     4.4504     6.3601    194.197    198.755  0.000e+00
   58.56858 -136.06660    108.083     32.096     31.795     7.9219    30.1403  1023.6183    23.4711     7.9189     65.214    87.9626     0.7028      7.949     4.4504     6.3600    194.196    198.754  0.000e+00
   58.56858 -136.06660    108.002     32.039     31.739     7.9222    30.1396  1023.6175    23.4705     7.9192     65.211    87.9626     0.7028      7.949     4.4502     6.3598    194.188    198.745  0.000e+00
   58.56858 -136.06660    107.962     31.999     31.699     7.9219    30.1390  1023.6168    23.4700     7.9189     65.208    87.9906     0.7028      7.949     4.4500     6.3595    194.179    198.737  0.000e+00
   58.56858 -136.06660    108.002     32.039     31.739     7.9223    30.1377  1023.6160    23.4690     7.9194     65.203    87.9626     0.7028      7.949     4.4497     6.3591    194.167    198.724  0.000e+00
   58.56858 -136.06660    107.882     31.918     31.619     7.9222    30.1377  1023.6154    23.4689     7.9193     65.204    87.9626     0.7028      7.949     4.4498     6.3592    194.170    198.727  0.000e+00
   58.56858 -136.06660    107.882     31.918     31.619     7.9222    30.1367  1023.6146    23.4682     7.9192     65.205    87.9626     0.7028      7.949     4.4499     6.3593    194.174    198.731  0.000e+00
   58.56858 -136.06660    107.882     31.918     31.619     7.9227    30.1351  1023.6133    23.4669     7.9198     65.205    87.9626     0.7028      7.949     4.4498     6.3593    194.174    198.730  0.000e+00
   58.56858 -136.06660    107.795     31.805     31.507     7.9231    30.1340  1023.6118    23.4659     7.9202     65.203    87.9626     0.7028      7.949     4.4497     6.3591    194.168    198.724  0.000e+00
   58.56858 -136.06660    108.046     31.862     31.563     7.9230    30.1341  1023.6122    23.4660     7.9201     65.202    87.9626     0.7028      7.949     4.4496     6.3590    194.164    198.721  0.000e+00
   58.56858 -136.06660    107.999     31.741     31.443     7.9226    30.1353  1023.6126    23.4670     7.9197     65.198    87.9626     0.7028      7.949     4.4494     6.3586    194.153    198.710  0.000e+00
   58.56858 -136.06660    108.079     31.821     31.523     7.9226    30.1359  1023.6135    23.4675     7.9197     65.195    87.9626     0.7028      7.945     4.4492     6.3583    194.144    198.700  0.000e+00
   58.56858 -136.06660    107.943     31.684     31.387     7.9222    30.1377  1023.6143    23.4690     7.9192     65.190    87.9626     0.7028      7.949     4.4488     6.3578    194.127    198.683  0.000e+00
   58.56858 -136.06660    107.943     31.684     31.387     7.9216    30.1388  1023.6152    23.4699     7.9187     65.185    87.9626     0.7028      7.949     4.4485     6.3573    194.113    198.669  0.000e+00
