EcoFOCI/data/1_SampleCollection/2022_GOA-OA_CruiseData/CTD_raw_BottleFile_RC0083/RC0083_046.ros
* Sea-Bird SBE 9 Data File:
* FileName = C:\Data\RC0083ctd\RC0083_046.hex
* Software Version Seasave V 7.26.7.107
* Temperature SN = 2060
* Conductivity SN = 1084
* Number of Bytes Per Scan = 31
* Number of Voltage Words = 4
* Number of Scans Averaged by the Deck Unit = 1
* NMEA Latitude = 58 00.67 N
* NMEA Longitude = 137 43.94 W
* NMEA UTC (Time) = Aug 19 2022  04:29:14
* NMEA baud rate = 4800
** Ship: R/V Rachel Carson
** Cruise ID: RC0083
** Tech: McHugh/Nomura
** Chief Scientist: Cross
** Station: SEM30
** Cast:  CTD046
# nquan = 21
# nvalues = 294                                   
# units = specified
# name 0 = latitude: Latitude [deg]
# name 1 = longitude: Longitude [deg]
# name 2 = sfdSM: Seafloor depth [salt water, m]
# name 3 = prDM: Pressure, Digiquartz [db]
# name 4 = depSM: Depth [salt water, m]
# name 5 = t090C: Temperature [ITS-90, deg C]
# name 6 = sal00: Salinity, Practical [PSU]
# name 7 = density00: Density [density, kg/m^3]
# name 8 = sigma-é00: Density [sigma-theta, kg/m^3]
# name 9 = potemp090C: Potential Temperature [ITS-90, deg C]
# name 10 = sbeox0PS: Oxygen, SBE 43 [% saturation]
# name 11 = CStarTr0: Beam Transmission, WET Labs C-Star [%]
# name 12 = flECO-AFL: Fluorescence, WET Labs ECO-AFL/FL [mg/m^3]
# name 13 = ph: pH
# name 14 = sbeox0ML/L: Oxygen, SBE 43 [ml/l]
# name 15 = sbeox0Mg/L: Oxygen, SBE 43 [mg/l]
# name 16 = sbox0Mm/Kg: Oxygen, SBE 43 [umol/kg]
# name 17 = sbeox0Mm/L: Oxygen, SBE 43 [umol/l]
# name 18 = scan: Scan Count
# name 19 = nbf: Bottles Fired
# name 20 = flag:  0.000e+00
# interval = seconds: 0.0416667
# start_time = Aug 19 2022 04:29:14 [NMEA time, header]
# bad_flag = -9.990e-29
*END*
   58.01056 -137.73272    174.658    164.847    163.254     6.1482    33.5554  1027.1522    26.3943     6.1342     39.994   104.1846    -0.0884      7.772     2.7800     3.9730    120.964    124.157       7760          1  0.000e+00
   58.01056 -137.73272    174.401    164.588    162.997     6.1481    33.5556  1027.1512    26.3945     6.1342     39.993   104.1846    -0.0884      7.772     2.7800     3.9729    120.962    124.155       7761          1  0.000e+00
   58.01056 -137.73272    174.514    164.701    163.110     6.1483    33.5553  1027.1515    26.3943     6.1344     39.994   104.1846    -0.0884      7.772     2.7801     3.9730    120.966    124.158       7762          1  0.000e+00
   58.01056 -137.73272    174.506    164.644    163.053     6.1483    33.5550  1027.1509    26.3940     6.1344     39.995   104.1846    -0.0884      7.772     2.7801     3.9731    120.967    124.160       7763          1  0.000e+00
   58.01056 -137.73272    174.499    164.588    162.997     6.1485    33.5552  1027.1508    26.3941     6.1345     39.995   104.1846    -0.0884      7.772     2.7801     3.9731    120.968    124.160       7764          1  0.000e+00
   58.01056 -137.73272    174.459    164.547    162.957     6.1482    33.5552  1027.1506    26.3942     6.1343     39.995   104.1846    -0.0884      7.772     2.7802     3.9732    120.970    124.163       7765          1  0.000e+00
   58.01056 -137.73272    174.499    164.588    162.997     6.1485    33.5551  1027.1507    26.3940     6.1345     39.996   104.1846    -0.0884      7.772     2.7802     3.9732    120.972    124.165       7766          1  0.000e+00
   58.01056 -137.73272    174.435    164.523    162.933     6.1485    33.5553  1027.1506    26.3942     6.1345     39.997   104.1846    -0.0884      7.772     2.7802     3.9732    120.973    124.166       7767          1  0.000e+00
   58.01056 -137.73272    174.428    164.466    162.877     6.1481    33.5553  1027.1504    26.3942     6.1342     39.997   104.1846    -0.0884      7.772     2.7803     3.9733    120.975    124.168       7768          1  0.000e+00
   58.01056 -137.73272    174.477    164.466    162.877     6.1483    33.5549  1027.1501    26.3939     6.1344     39.998   104.1846    -0.0884      7.772     2.7803     3.9734    120.977    124.170       7769          1  0.000e+00
   58.01056 -137.73272    174.477    164.466    162.877     6.1483    33.5551  1027.1502    26.3941     6.1344     39.998   104.1846    -0.0884      7.772     2.7804     3.9734    120.978    124.172       7770          1  0.000e+00
   58.01056 -137.73272    174.436    164.426    162.837     6.1481    33.5552  1027.1501    26.3941     6.1342     39.999   104.1567    -0.0884      7.772     2.7804     3.9735    120.980    124.174       7771          1  0.000e+00
   58.01056 -137.73272    174.412    164.401    162.813     6.1482    33.5553  1027.1501    26.3942     6.1343     39.999   104.1846    -0.0884      7.772     2.7805     3.9735    120.982    124.175       7772          1  0.000e+00
   58.01056 -137.73272    174.405    164.345    162.757     6.1481    33.5555  1027.1500    26.3944     6.1342     40.000   104.1567    -0.0884      7.772     2.7805     3.9736    120.983    124.176       7773          1  0.000e+00
   58.01056 -137.73272    174.454    164.345    162.757     6.1480    33.5556  1027.1501    26.3945     6.1341     40.000   104.1846    -0.0884      7.772     2.7805     3.9737    120.985    124.179       7774          1  0.000e+00
   58.01056 -137.73272    174.398    164.288    162.701     6.1480    33.5551  1027.1494    26.3941     6.1341     40.001   104.1846    -0.0884      7.772     2.7806     3.9737    120.987    124.180       7775          1  0.000e+00
   58.01056 -137.73272    174.414    164.304    162.717     6.1482    33.5548  1027.1492    26.3939     6.1343     40.002   104.1567    -0.0884      7.772     2.7806     3.9738    120.989    124.182       7776          1  0.000e+00
   58.01056 -137.73272    174.398    164.288    162.701     6.1482    33.5549  1027.1492    26.3939     6.1343     40.002   104.1846    -0.0884      7.772     2.7807     3.9738    120.991    124.184       7777          1  0.000e+00
   58.01056 -137.73272    174.398    164.288    162.701     6.1480    33.5551  1027.1494    26.3941     6.1341     40.003   104.1846    -0.0884      7.772     2.7807     3.9739    120.993    124.187       7778          1  0.000e+00
   58.01056 -137.73272    174.334    164.223    162.636     6.1480    33.5551  1027.1491    26.3941     6.1341     40.003   104.1846    -0.0884      7.772     2.7807     3.9739    120.994    124.188       7779          1  0.000e+00
   58.01056 -137.73272    174.334    164.223    162.636     6.1478    33.5554  1027.1494    26.3944     6.1339     40.004   104.1846    -0.0884      7.772     2.7808     3.9740    120.996    124.190       7780          1  0.000e+00
   58.01056 -137.73272    174.358    164.247    162.661     6.1482    33.5549  1027.1491    26.3940     6.1343     40.005   104.1846    -0.0884      7.772     2.7808     3.9741    120.998    124.192       7781          1  0.000e+00
   58.01056 -137.73272    174.326    164.166    162.580     6.1481    33.5548  1027.1486    26.3938     6.1342     40.005   104.1567    -0.0884      7.772     2.7808     3.9741    120.999    124.193       7782          1  0.000e+00
   58.01056 -137.73272    174.448    164.166    162.580     6.1480    33.5553  1027.1490    26.3943     6.1341     40.006   104.1846    -0.0884      7.772     2.7809     3.9742    121.001    124.195       7783          1  0.000e+00
   58.01056 -137.73272    174.529    164.223    162.636     6.1480    33.5551  1027.1491    26.3941     6.1341     40.007   104.1567    -0.0884      7.772     2.7810     3.9743    121.004    124.198       7784          1  0.000e+00
   58.01056 -137.73272    174.409    164.102    162.516     6.1480    33.5553  1027.1488    26.3943     6.1341     40.007   104.1846    -0.0884      7.772     2.7810     3.9743    121.004    124.198       7785          1  0.000e+00
   58.01056 -137.73272    174.489    164.183    162.596     6.1482    33.5550  1027.1488    26.3940     6.1343     40.008   104.1846    -0.0884      7.772     2.7810     3.9744    121.007    124.201       7786          1  0.000e+00
   58.01056 -137.73272    174.433    164.102    162.516     6.1480    33.5556  1027.1490    26.3945     6.1341     40.008   104.1846    -0.0884      7.772     2.7811     3.9744    121.008    124.202       7787          1  0.000e+00
   58.01056 -137.73272    174.546    164.166    162.580     6.1482    33.5555  1027.1491    26.3944     6.1343     40.009   104.1846    -0.0884      7.772     2.7811     3.9745    121.010    124.204       7788          1  0.000e+00
   58.01056 -137.73272    174.506    164.102    162.516     6.1480    33.5552  1027.1486    26.3942     6.1341     40.009   104.1846    -0.0884      7.772     2.7812     3.9745    121.012    124.206       7789          1  0.000e+00
   58.01056 -137.73272    174.506    164.102    162.516     6.1480    33.5549  1027.1484    26.3940     6.1341     40.002   104.1846    -0.0884      7.772     2.7806     3.9738    120.989    124.183       7790          1  0.000e+00
   58.01056 -137.73272    174.530    164.126    162.540     6.1480    33.5551  1027.1487    26.3941     6.1341     40.002   104.1846    -0.0884      7.772     2.7807     3.9738    120.991    124.184       7791          1  0.000e+00
   58.01056 -137.73272    174.531    164.102    162.516     6.1480    33.5552  1027.1486    26.3942     6.1341     40.002   104.1846    -0.0884      7.772     2.7807     3.9739    120.991    124.185       7792          1  0.000e+00
   58.01056 -137.73272    174.644    164.166    162.580     6.1482    33.5553  1027.1490    26.3942     6.1343     40.003   104.1846    -0.0884      7.772     2.7807     3.9739    120.992    124.186       7793          1  0.000e+00
   58.01056 -137.73272    174.580    164.102    162.516     6.1480    33.5553  1027.1487    26.3943     6.1341     40.003   104.1846    -0.0884      7.772     2.7807     3.9739    120.993    124.187       7794          1  0.000e+00
   58.01056 -137.73272    174.580    164.102    162.516     6.1480    33.5558  1027.1491    26.3947     6.1341     40.003   104.1846    -0.0884      7.772     2.7807     3.9739    120.994    124.187       7795          1  0.000e+00
   58.01056 -137.73272    174.604    164.126    162.540     6.1481    33.5559  1027.1493    26.3947     6.1342     40.004   104.1846    -0.0884      7.772     2.7807     3.9740    120.994    124.188       7796          1  0.000e+00
   58.01056 -137.73272    174.604    164.102    162.516     6.1485    33.5553  1027.1487    26.3942     6.1346     40.004   104.1846    -0.0884      7.772     2.7807     3.9740    120.995    124.188       7797          1  0.000e+00
   58.01056 -137.73272    174.693    164.166    162.580     6.1483    33.5551  1027.1489    26.3941     6.1344     40.005   104.1846    -0.0884      7.772     2.7808     3.9741    120.997    124.191       7798          1  0.000e+00
   58.01056 -137.73272    174.628    164.102    162.516     6.1485    33.5547  1027.1482    26.3937     6.1346     40.005   104.1846    -0.0884      7.772     2.7808     3.9740    120.997    124.191       7799          1  0.000e+00
   58.01056 -137.73272    174.693    164.166    162.580     6.1483    33.5554  1027.1491    26.3943     6.1344     40.005   104.1846    -0.0884      7.772     2.7808     3.9741    120.999    124.193       7800          1  0.000e+00
   58.01056 -137.73272    174.693    164.166    162.580     6.1485    33.5553  1027.1489    26.3942     6.1346     40.006   104.1846    -0.0884      7.772     2.7809     3.9741    121.000    124.193       7801          1  0.000e+00
   58.01056 -137.73272    174.733    164.183    162.596     6.1485    33.5554  1027.1491    26.3943     6.1346     39.998   104.1846    -0.0884      7.772     2.7803     3.9733    120.975    124.169       7802          1  0.000e+00
   58.01056 -137.73272    174.798    164.223    162.636     6.1483    33.5558  1027.1497    26.3947     6.1344     39.998   104.1846    -0.0884      7.768     2.7803     3.9734    120.976    124.170       7803          1  0.000e+00
   58.01056 -137.73272    174.798    164.223    162.636     6.1482    33.5558  1027.1496    26.3946     6.1343     39.998   104.1846    -0.0884      7.772     2.7803     3.9734    120.977    124.170       7804          1  0.000e+00
   58.01056 -137.73272    174.798    164.223    162.636     6.1483    33.5561  1027.1499    26.3949     6.1344     39.998   104.1567    -0.0884      7.772     2.7803     3.9734    120.976    124.169       7805          1  0.000e+00
   58.01056 -137.73272    174.798    164.223    162.636     6.1483    33.5562  1027.1500    26.3950     6.1344     39.998   104.1846    -0.0884      7.772     2.7803     3.9734    120.976    124.169       7806          1  0.000e+00
   58.01056 -137.73272    174.878    164.304    162.717     6.1483    33.5559  1027.1501    26.3947     6.1344     39.998   104.1846    -0.0884      7.772     2.7804     3.9734    120.977    124.171       7807          1  0.000e+00
   58.01056 -137.73272    174.862    164.288    162.700     6.1483    33.5559  1027.1500    26.3947     6.1344     39.998   104.1846    -0.0884      7.772     2.7804     3.9734    120.977    124.171       7808          1  0.000e+00
   58.01040 -137.73280    175.038    102.879    101.900     6.3950    32.6834  1026.1476    25.6742     6.3862     69.694   106.1704    -0.0591      7.959     4.8447     6.9236    210.949    216.365      10938          2  0.000e+00
   58.01040 -137.73280    174.991    102.782    101.804     6.3955    32.6825  1026.1464    25.6735     6.3868     69.679   106.1424    -0.0591      7.959     4.8436     6.9220    210.901    216.316      10939          2  0.000e+00
   58.01040 -137.73282    175.023    102.814    101.836     6.3955    32.6809  1026.1453    25.6722     6.3868     69.666   106.1704    -0.0591      7.959     4.8428     6.9208    210.864    216.278      10940          2  0.000e+00
   58.01040 -137.73282    175.047    102.838    101.860     6.3930    32.6810  1026.1458    25.6726     6.3843     69.654   106.1424    -0.0591      7.959     4.8422     6.9200    210.842    216.254      10941          2  0.000e+00
   58.01040 -137.73282    174.991    102.782    101.804     6.3900    32.6828  1026.1473    25.6744     6.3813     69.644   106.1704    -0.0591      7.959     4.8418     6.9194    210.821    216.234      10942          2  0.000e+00
   58.01040 -137.73282    175.023    102.814    101.836     6.3879    32.6840  1026.1487    25.6756     6.3792     69.635   106.1424    -0.0591      7.959     4.8414     6.9188    210.803    216.215      10943          2  0.000e+00
   58.01040 -137.73282    175.047    102.838    101.860     6.3896    32.6844  1026.1489    25.6757     6.3809     69.570   106.1424    -0.0591      7.959     4.8367     6.9121    210.598    216.005      10944          2  0.000e+00
   58.01040 -137.73282    174.966    102.757    101.780     6.3927    32.6852  1026.1488    25.6759     6.3840     69.555   106.1424    -0.0591      7.959     4.8352     6.9100    210.535    215.940      10945          2  0.000e+00
   58.01040 -137.73282    175.047    102.838    101.860     6.3945    32.6856  1026.1492    25.6760     6.3857     69.486   106.1424    -0.0591      7.959     4.8302     6.9029    210.318    215.718      10946          2  0.000e+00
   58.01040 -137.73282    175.023    102.814    101.836     6.3953    32.6854  1026.1489    25.6758     6.3866     69.467   106.1424    -0.0591      7.959     4.8288     6.9009    210.257    215.655      10947          2  0.000e+00
   58.01040 -137.73282    175.039    102.782    101.804     6.3957    32.6855  1026.1487    25.6758     6.3870     69.450   106.1424    -0.0591      7.959     4.8276     6.8991    210.203    215.601      10948          2  0.000e+00
   58.01040 -137.73282    175.120    102.838    101.860     6.3961    32.6852  1026.1487    25.6755     6.3874     69.436   106.1424    -0.0591      7.959     4.8266     6.8977    210.159    215.555      10949          2  0.000e+00
   58.01040 -137.73282    175.120    102.814    101.836     6.3961    32.6856  1026.1489    25.6758     6.3874     69.423   106.1424    -0.0591      7.959     4.8257     6.8964    210.120    215.515      10950          2  0.000e+00
   58.01040 -137.73282    175.120    102.838    101.860     6.3970    32.6855  1026.1488    25.6756     6.3883     69.413   106.1704    -0.0591      7.959     4.8248     6.8952    210.083    215.477      10951          2  0.000e+00
   58.01040 -137.73282    175.096    102.814    101.836     6.3982    32.6860  1026.1489    25.6759     6.3895     69.403   106.1424    -0.0591      7.959     4.8241     6.8941    210.049    215.443      10952          2  0.000e+00
   58.01040 -137.73282    175.088    102.782    101.804     6.3975    32.6866  1026.1493    25.6764     6.3888     69.340   106.1424    -0.0591      7.959     4.8197     6.8878    209.859    215.248      10953          2  0.000e+00
   58.01040 -137.73282    175.184    102.879    101.900     6.3968    32.6873  1026.1504    25.6771     6.3880     69.329   106.1704    -0.0591      7.959     4.8190     6.8868    209.828    215.215      10954          2  0.000e+00
   58.01040 -137.73282    175.144    102.838    101.860     6.3962    32.6875  1026.1504    25.6773     6.3875     69.318   106.1424    -0.0591      7.959     4.8183     6.8858    209.799    215.186      10955          2  0.000e+00
   58.01040 -137.73282    175.088    102.782    101.804     6.3965    32.6904  1026.1525    25.6795     6.3878     69.253   106.1704    -0.0591      7.959     4.8137     6.8792    209.596    214.978      10956          2  0.000e+00
