EcoFOCI/data/1_SampleCollection/2022_GOA-OA_CruiseData/CTD_raw_BottleFile_RC0083/RC0083_038.ros
* Sea-Bird SBE 9 Data File:
* FileName = C:\Data\RC0083ctd\RC0083_038.hex
* Software Version Seasave V 7.26.7.107
* Temperature SN = 2060
* Conductivity SN = 1084
* Number of Bytes Per Scan = 31
* Number of Voltage Words = 4
* Number of Scans Averaged by the Deck Unit = 1
* NMEA Latitude = 58 13.26 N
* NMEA Longitude = 135 31.81 W
* NMEA UTC (Time) = Aug 18 2022  11:39:46
* NMEA baud rate = 4800
** Ship: R/V Rachel Carson
** Cruise ID: RC0083
** Tech: McHugh/Nomura
** Chief Scientist: Cross
** Station: ISA
** Cast:  CTD038
# nquan = 21
# nvalues = 196                                   
# units = specified
# name 0 = latitude: Latitude [deg]
# name 1 = longitude: Longitude [deg]
# name 2 = sfdSM: Seafloor depth [salt water, m]
# name 3 = prDM: Pressure, Digiquartz [db]
# name 4 = depSM: Depth [salt water, m]
# name 5 = t090C: Temperature [ITS-90, deg C]
# name 6 = sal00: Salinity, Practical [PSU]
# name 7 = density00: Density [density, kg/m^3]
# name 8 = sigma-é00: Density [sigma-theta, kg/m^3]
# name 9 = potemp090C: Potential Temperature [ITS-90, deg C]
# name 10 = sbeox0PS: Oxygen, SBE 43 [% saturation]
# name 11 = CStarTr0: Beam Transmission, WET Labs C-Star [%]
# name 12 = flECO-AFL: Fluorescence, WET Labs ECO-AFL/FL [mg/m^3]
# name 13 = ph: pH
# name 14 = sbeox0ML/L: Oxygen, SBE 43 [ml/l]
# name 15 = sbeox0Mg/L: Oxygen, SBE 43 [mg/l]
# name 16 = sbox0Mm/Kg: Oxygen, SBE 43 [umol/kg]
# name 17 = sbeox0Mm/L: Oxygen, SBE 43 [umol/l]
# name 18 = scan: Scan Count
# name 19 = nbf: Bottles Fired
# name 20 = flag:  0.000e+00
# interval = seconds: 0.0416667
# start_time = Aug 18 2022 11:39:46 [NMEA time, header]
# bad_flag = -9.990e-29
*END*
   58.22144 -135.53126    105.026     96.666     95.746     6.2985    32.0486  1025.6310    25.1855     6.2905     43.290    52.3581     0.1167      7.777     3.0287     4.3284    131.941    135.264       7969          1  0.000e+00
   58.22144 -135.53126    104.913     96.577     95.658     6.2966    32.0513  1025.6330    25.1879     6.2886     43.282    52.3581     0.1167      7.777     3.0282     4.3276    131.918    135.240       7970          1  0.000e+00
   58.22144 -135.53126    104.937     96.601     95.682     6.2946    32.0540  1025.6355    25.1902     6.2866     43.274    52.3581     0.1167      7.777     3.0278     4.3270    131.898    135.221       7971          1  0.000e+00
   58.22144 -135.53126    104.969     96.634     95.714     6.2940    32.0548  1025.6364    25.1910     6.2860     43.267    52.3581     0.1167      7.777     3.0273     4.3264    131.878    135.200       7972          1  0.000e+00
   58.22144 -135.53126    104.937     96.601     95.682     6.2940    32.0546  1025.6360    25.1908     6.2860     43.261    52.3581     0.1167      7.777     3.0269     4.3257    131.858    135.180       7973          1  0.000e+00
   58.22144 -135.53126    104.937     96.601     95.682     6.2932    32.0555  1025.6369    25.1916     6.2852     43.263    52.3581     0.1167      7.777     3.0271     4.3260    131.867    135.189       7974          1  0.000e+00
   58.22144 -135.53126    104.913     96.577     95.658     6.2930    32.0557  1025.6369    25.1918     6.2850     43.258    52.3581     0.1167      7.777     3.0267     4.3255    131.852    135.174       7975          1  0.000e+00
   58.22144 -135.53126    104.937     96.601     95.682     6.2930    32.0557  1025.6370    25.1918     6.2850     43.254    52.3581     0.1167      7.777     3.0264     4.3251    131.840    135.161       7976          1  0.000e+00
   58.22144 -135.53126    104.969     96.634     95.714     6.2915    32.0578  1025.6390    25.1936     6.2835     43.251    52.3581     0.1167      7.777     3.0263     4.3249    131.832    135.154       7977          1  0.000e+00
   58.22144 -135.53126    104.937     96.601     95.682     6.2900    32.0598  1025.6406    25.1954     6.2820     43.248    52.3581     0.1167      7.777     3.0261     4.3247    131.826    135.147       7978          1  0.000e+00
   58.22144 -135.53126    104.937     96.601     95.682     6.2889    32.0617  1025.6423    25.1970     6.2809     43.246    52.3581     0.1167      7.777     3.0260     4.3245    131.821    135.143       7979          1  0.000e+00
   58.22144 -135.53126    104.969     96.634     95.714     6.2882    32.0620  1025.6427    25.1974     6.2802     43.244    52.3581     0.1167      7.777     3.0260     4.3244    131.819    135.140       7980          1  0.000e+00
   58.22144 -135.53126    104.937     96.601     95.682     6.2892    32.0608  1025.6415    25.1963     6.2812     43.243    52.3581     0.1167      7.777     3.0258     4.3242    131.813    135.134       7981          1  0.000e+00
   58.22144 -135.53126    104.969     96.634     95.714     6.2911    32.0579  1025.6391    25.1938     6.2831     43.186    52.3581     0.1167      7.777     3.0218     4.3184    131.636    134.953       7982          1  0.000e+00
   58.22144 -135.53126    104.937     96.601     95.682     6.2943    32.0534  1025.6351    25.1898     6.2863     43.178    53.5328     0.1167      7.777     3.0211     4.3175    131.607    134.923       7983          1  0.000e+00
   58.22144 -135.53126    104.969     96.634     95.714     6.2971    32.0497  1025.6319    25.1866     6.2891     43.172    54.5397     0.1167      7.777     3.0206     4.3167    131.584    134.898       7984          1  0.000e+00
   58.22144 -135.53126    105.001     96.666     95.746     6.3008    32.0448  1025.6277    25.1822     6.2928     43.167    54.7355     0.1167      7.777     3.0200     4.3159    131.561    134.874       7985          1  0.000e+00
   58.22144 -135.53126    104.937     96.601     95.682     6.3060    32.0379  1025.6213    25.1761     6.2980     43.162    54.6795     0.1167      7.777     3.0194     4.3151    131.536    134.847       7986          1  0.000e+00
   58.22144 -135.53126    104.969     96.634     95.714     6.3122    32.0300  1025.6145    25.1691     6.3041     43.158    54.6515     0.1167      7.777     3.0189     4.3143    131.514    134.824       7987          1  0.000e+00
   58.22144 -135.53126    104.937     96.601     95.682     6.3171    32.0230  1025.6082    25.1630     6.3091     43.155    54.6515     0.1167      7.777     3.0185     4.3137    131.496    134.805       7988          1  0.000e+00
   58.22144 -135.53126    104.969     96.634     95.714     6.3193    32.0205  1025.6061    25.1608     6.3113     43.154    54.6515     0.1167      7.777     3.0183     4.3134    131.488    134.796       7989          1  0.000e+00
   58.22144 -135.53126    104.937     96.601     95.682     6.3209    32.0189  1025.6045    25.1593     6.3128     43.145    54.6515     0.1167      7.777     3.0176     4.3124    131.458    134.765       7990          1  0.000e+00
   58.22144 -135.53126    104.969     96.634     95.714     6.3221    32.0173  1025.6032    25.1579     6.3141     43.145    54.6515     0.1167      7.777     3.0176     4.3124    131.457    134.764       7991          1  0.000e+00
   58.22144 -135.53126    105.001     96.666     95.746     6.3229    32.0167  1025.6028    25.1573     6.3148     43.147    54.6515     0.1167      7.777     3.0176     4.3125    131.460    134.767       7992          1  0.000e+00
   58.22144 -135.53126    104.937     96.601     95.682     6.3235    32.0160  1025.6019    25.1567     6.3155     43.149    54.6515     0.1167      7.777     3.0177     4.3126    131.464    134.771       7993          1  0.000e+00
   58.22144 -135.53126    104.969     96.634     95.714     6.3240    32.0154  1025.6015    25.1562     6.3160     43.152    54.6515     0.1167      7.777     3.0179     4.3129    131.473    134.781       7994          1  0.000e+00
   58.22144 -135.53126    105.001     96.666     95.746     6.3240    32.0152  1025.6015    25.1560     6.3160     43.156    54.6515     0.1167      7.777     3.0182     4.3134    131.487    134.794       7995          1  0.000e+00
   58.22144 -135.53126    104.969     96.634     95.714     6.3239    32.0153  1025.6014    25.1561     6.3159     43.161    54.6515     0.1460      7.777     3.0186     4.3139    131.502    134.810       7996          1  0.000e+00
   58.22144 -135.53126    104.937     96.601     95.682     6.3234    32.0162  1025.6020    25.1568     6.3153     43.167    54.6515     0.1460      7.777     3.0190     4.3145    131.521    134.830       7997          1  0.000e+00
   58.22144 -135.53126    105.001     96.666     95.746     6.3224    32.0179  1025.6038    25.1584     6.3143     43.167    54.6515     0.1460      7.777     3.0190     4.3145    131.521    134.830       7998          1  0.000e+00
   58.22144 -135.53126    104.969     96.634     95.714     6.3217    32.0189  1025.6045    25.1592     6.3137     43.110    54.6515     0.1460      7.777     3.0151     4.3088    131.349    134.653       7999          1  0.000e+00
   58.22144 -135.53126    105.001     96.666     95.746     6.3214    32.0190  1025.6048    25.1593     6.3134     43.103    54.6515     0.1460      7.777     3.0146     4.3082    131.328    134.632       8000          1  0.000e+00
   58.22144 -135.53126    104.969     96.633     95.714     6.3215    32.0183  1025.6041    25.1588     6.3135     43.105    54.6515     0.1460      7.777     3.0147     4.3084    131.334    134.638       8001          1  0.000e+00
   58.22144 -135.53126    105.001     96.666     95.746     6.3234    32.0163  1025.6024    25.1569     6.3153     43.108    54.6515     0.1460      7.777     3.0149     4.3086    131.340    134.644       8002          1  0.000e+00
   58.22144 -135.53126    104.969     96.633     95.714     6.3243    32.0150  1025.6011    25.1558     6.3163     43.169    58.1756     0.1460      7.777     3.0191     4.3146    131.524    134.833       8003          1  0.000e+00
   58.22144 -135.53126    105.001     96.666     95.746     6.3238    32.0158  1025.6020    25.1565     6.3158     43.182    63.1541     0.1460      7.777     3.0201     4.3160    131.566    134.876       8004          1  0.000e+00
   58.22144 -135.53126    104.937     96.601     95.682     6.3232    32.0169  1025.6026    25.1574     6.3152     43.132    64.4407     0.1460      7.777     3.0165     4.3109    131.412    134.718       8005          1  0.000e+00
   58.22144 -135.53126    105.025     96.690     95.770     6.3234    32.0162  1025.6024    25.1568     6.3153     43.131    64.3008     0.1460      7.777     3.0165     4.3109    131.412    134.718       8006          1  0.000e+00
   58.22144 -135.53126    104.937     96.601     95.682     6.3247    32.0144  1025.6005    25.1553     6.3167     43.131    64.0491     0.1460      7.777     3.0164     4.3108    131.408    134.714       8007          1  0.000e+00
   58.22144 -135.53126    105.001     96.690     95.770     6.3249    32.0144  1025.6008    25.1552     6.3169     43.133    64.0212     0.1460      7.777     3.0165     4.3109    131.413    134.719       8008          1  0.000e+00
   58.22144 -135.53126    104.913     96.601     95.682     6.3249    32.0141  1025.6002    25.1550     6.3169     43.135    64.0212     0.1460      7.777     3.0167     4.3111    131.419    134.725       8009          1  0.000e+00
   58.22144 -135.53126    105.001     96.690     95.770     6.3253    32.0139  1025.6004    25.1548     6.3173     43.138    64.0212     0.1460      7.772     3.0169     4.3115    131.429    134.735       8010          1  0.000e+00
   58.22144 -135.53126    104.977     96.666     95.746     6.3262    32.0128  1025.5993    25.1538     6.3182     43.142    64.0212     0.1460      7.777     3.0171     4.3118    131.440    134.746       8011          1  0.000e+00
   58.22144 -135.53126    104.912     96.601     95.682     6.3274    32.0109  1025.5973    25.1522     6.3194     43.139    64.0491     0.1460      7.777     3.0169     4.3114    131.428    134.733       8012          1  0.000e+00
   58.22144 -135.53126    105.001     96.690     95.770     6.3309    32.0061  1025.5935    25.1479     6.3229     43.137    64.0212     0.1460      7.777     3.0166     4.3110    131.415    134.720       8013          1  0.000e+00
   58.22144 -135.53126    104.977     96.666     95.746     6.3349    32.0008  1025.5887    25.1433     6.3269     43.143    64.0212     0.1460      7.777     3.0168     4.3113    131.426    134.731       8014          1  0.000e+00
   58.22144 -135.53126    105.001     96.690     95.770     6.3378    31.9970  1025.5855    25.1400     6.3298     43.150    64.0491     0.1460      7.777     3.0172     4.3119    131.443    134.748       8015          1  0.000e+00
   58.22144 -135.53126    104.977     96.666     95.746     6.3391    31.9959  1025.5844    25.1389     6.3311     43.150    64.0491     0.1167      7.777     3.0171     4.3118    131.440    134.745       8016          1  0.000e+00
   58.22144 -135.53126    104.977     96.666     95.746     6.3395    31.9955  1025.5840    25.1386     6.3315     43.151    64.0491     0.1167      7.777     3.0172     4.3118    131.442    134.747       8017          1  0.000e+00
   58.22158 -135.53124    106.529     52.814     52.316     7.1743    31.0121  1024.4996    24.2567     7.1697     54.419    88.4660     0.1753      7.870     3.7564     5.3683    163.788    167.761      10549          2  0.000e+00
   58.22158 -135.53124    106.289     52.571     52.076     7.1743    31.0122  1024.4985    24.2568     7.1697     54.419    88.4660     0.1753      7.870     3.7564     5.3682    163.786    167.759      10550          2  0.000e+00
   58.22158 -135.53124    106.233     52.514     52.020     7.1747    31.0116  1024.4977    24.2563     7.1701     54.420    88.4381     0.1753      7.870     3.7564     5.3683    163.790    167.763      10551          2  0.000e+00
   58.22158 -135.53124    106.289     52.571     52.076     7.1743    31.0117  1024.4981    24.2564     7.1697     54.423    88.4381     0.1753      7.870     3.7567     5.3687    163.800    167.773      10552          2  0.000e+00
   58.22158 -135.53124    106.289     52.571     52.076     7.1743    31.0121  1024.4984    24.2567     7.1697     54.426    88.4381     0.1753      7.870     3.7569     5.3690    163.809    167.782      10553          2  0.000e+00
   58.22158 -135.53124    106.353     52.636     52.140     7.1742    31.0129  1024.4993    24.2574     7.1695     54.431    88.4381     0.1753      7.870     3.7572     5.3693    163.821    167.794      10554          2  0.000e+00
   58.22158 -135.53124    106.289     52.571     52.076     7.1743    31.0122  1024.4985    24.2568     7.1697     54.427    88.4381     0.1753      7.870     3.7569     5.3690    163.809    167.783      10555          2  0.000e+00
   58.22158 -135.53124    106.289     52.571     52.076     7.1742    31.0122  1024.4985    24.2568     7.1696     54.431    88.4381     0.1753      7.870     3.7572     5.3694    163.824    167.797      10556          2  0.000e+00
   58.22158 -135.53124    106.289     52.571     52.076     7.1742    31.0125  1024.4988    24.2571     7.1695     54.429    88.4381     0.1753      7.870     3.7570     5.3692    163.816    167.790      10557          2  0.000e+00
   58.22158 -135.53124    106.289     52.571     52.076     7.1739    31.0130  1024.4992    24.2575     7.1693     54.434    88.4381     0.1753      7.870     3.7574     5.3698    163.833    167.807      10558          2  0.000e+00
   58.22158 -135.53124    106.313     52.571     52.076     7.1743    31.0125  1024.4987    24.2570     7.1697     54.440    88.4381     0.1753      7.870     3.7578     5.3703    163.851    167.825      10559          2  0.000e+00
   58.22158 -135.53124    106.313     52.571     52.076     7.1741    31.0128  1024.4990    24.2573     7.1695     54.447    88.4381     0.1753      7.870     3.7583     5.3710    163.871    167.846      10560          2  0.000e+00
   58.22158 -135.53124    106.313     52.571     52.076     7.1739    31.0127  1024.4989    24.2572     7.1693     54.447    88.4381     0.1753      7.870     3.7583     5.3710    163.871    167.846      10561          2  0.000e+00
   58.22158 -135.53124    106.313     52.571     52.076     7.1738    31.0129  1024.4991    24.2574     7.1692     54.455    88.4381     0.1753      7.870     3.7589     5.3718    163.895    167.870      10562          2  0.000e+00
   58.22158 -135.53124    106.313     52.571     52.076     7.1739    31.0128  1024.4990    24.2573     7.1693     54.455    88.4381     0.1753      7.870     3.7589     5.3718    163.896    167.872      10563          2  0.000e+00
   58.22158 -135.53124    106.313     52.571     52.076     7.1739    31.0130  1024.4992    24.2575     7.1693     54.456    88.4381     0.1753      7.870     3.7589     5.3719    163.899    167.874      10564          2  0.000e+00
   58.22158 -135.53124    106.313     52.571     52.076     7.1742    31.0129  1024.4990    24.2573     7.1695     54.457    88.4381     0.1753      7.870     3.7590     5.3720    163.901    167.877      10565          2  0.000e+00
   58.22158 -135.53124    106.313     52.571     52.076     7.1743    31.0125  1024.4988    24.2571     7.1697     54.459    88.4381     0.2046      7.870     3.7591     5.3721    163.906    167.882      10566          2  0.000e+00
   58.22158 -135.53124    106.313     52.571     52.076     7.1743    31.0127  1024.4989    24.2572     7.1697     54.413    88.4381     0.2046      7.870     3.7559     5.3676    163.766    167.739      10567          2  0.000e+00
