EcoFOCI/data/1_SampleCollection/2022_GOA-OA_CruiseData/CTD_raw_BottleFile_RC0083/RC0083_013.ros
* Sea-Bird SBE 9 Data File:
* FileName = C:\Data\RC0083ctd\RC0083_013.hex
* Software Version Seasave V 7.26.7.107
* Temperature SN = 2060
* Conductivity SN = 1084
* Number of Bytes Per Scan = 31
* Number of Voltage Words = 4
* Number of Scans Averaged by the Deck Unit = 1
* NMEA Latitude = 55 43.96 N
* NMEA Longitude = 134 28.39 W
* NMEA UTC (Time) = Aug 13 2022  05:59:07
* NMEA baud rate = 4800
** Ship: R/V Rachel Carson
** Cruise ID: RC0083 RC0083
** Tech: McHugh/Nomura
** Chief Scientist: Cross Cross
** Station: POW4
** Cast:  013
# nquan = 21
# nvalues = 294                                   
# units = specified
# name 0 = latitude: Latitude [deg]
# name 1 = longitude: Longitude [deg]
# name 2 = sfdSM: Seafloor depth [salt water, m]
# name 3 = prDM: Pressure, Digiquartz [db]
# name 4 = depSM: Depth [salt water, m]
# name 5 = t090C: Temperature [ITS-90, deg C]
# name 6 = sal00: Salinity, Practical [PSU]
# name 7 = density00: Density [density, kg/m^3]
# name 8 = sigma-é00: Density [sigma-theta, kg/m^3]
# name 9 = potemp090C: Potential Temperature [ITS-90, deg C]
# name 10 = sbeox0PS: Oxygen, SBE 43 [% saturation]
# name 11 = CStarTr0: Beam Transmission, WET Labs C-Star [%]
# name 12 = flECO-AFL: Fluorescence, WET Labs ECO-AFL/FL [mg/m^3]
# name 13 = ph: pH
# name 14 = sbeox0ML/L: Oxygen, SBE 43 [ml/l]
# name 15 = sbeox0Mg/L: Oxygen, SBE 43 [mg/l]
# name 16 = sbox0Mm/Kg: Oxygen, SBE 43 [umol/kg]
# name 17 = sbeox0Mm/L: Oxygen, SBE 43 [umol/l]
# name 18 = scan: Scan Count
# name 19 = nbf: Bottles Fired
# name 20 = flag:  0.000e+00
# interval = seconds: 0.0416667
# start_time = Aug 13 2022 05:59:07 [NMEA time, header]
# bad_flag = -9.990e-29
*END*
[from data line 207]
   55.73506 -134.47226    110.038     11.511     11.406     9.9706    31.1702  1024.0202    23.9680     9.9694     95.834    86.1726     6.8566      8.170     6.2061     8.8691    270.675    277.163      17482          5  0.000e+00
   55.73506 -134.47226    110.038     11.511     11.406     9.9699    31.1702  1024.0204    23.9682     9.9686     95.843    86.1726     6.8566      8.170     6.2068     8.8701    270.707    277.195      17483          5  0.000e+00
   55.73506 -134.47226    110.094     11.567     11.462     9.9695    31.1697  1024.0202    23.9678     9.9683     95.852    86.1726     6.8566      8.170     6.2075     8.8711    270.736    277.225      17484          5  0.000e+00
   55.73506 -134.47226    110.182     11.656     11.550     9.9684    31.1704  1024.0214    23.9685     9.9672     95.861    86.1726     6.8566      8.170     6.2081     8.8720    270.765    277.255      17485          5  0.000e+00
   55.73506 -134.47226    109.974     11.446     11.342     9.9671    31.1714  1024.0214    23.9695     9.9658     95.865    86.1726     6.8566      8.170     6.2085     8.8726    270.783    277.273      17486          5  0.000e+00
   55.73506 -134.47226    110.094     11.567     11.462     9.9664    31.1721  1024.0226    23.9702     9.9651     95.872    86.1446     6.8566      8.166     6.2090     8.8733    270.805    277.296      17487          5  0.000e+00
   55.73506 -134.47226    110.062     11.535     11.430     9.9676    31.1717  1024.0220    23.9697     9.9664     95.930    86.1726     6.8566      8.166     6.2126     8.8785    270.962    277.457      17488          5  0.000e+00
   55.73506 -134.47226    110.094     11.567     11.462     9.9688    31.1709  1024.0213    23.9689     9.9676     95.939    86.1726     6.8566      8.166     6.2131     8.8792    270.983    277.478      17489          5  0.000e+00
   55.73506 -134.47226    110.094     11.567     11.462     9.9691    31.1705  1024.0210    23.9685     9.9678     95.947    86.1726     6.8566      8.166     6.2136     8.8799    271.005    277.500      17490          5  0.000e+00
   55.73506 -134.47226    110.094     11.567     11.462     9.9690    31.1710  1024.0214    23.9690     9.9677     95.954    86.1726     6.8566      8.166     6.2140     8.8805    271.023    277.519      17491          5  0.000e+00
   55.73506 -134.47226    110.062     11.535     11.430     9.9705    31.1713  1024.0212    23.9689     9.9693     95.959    86.1446     6.8566      8.166     6.2141     8.8806    271.026    277.522      17492          5  0.000e+00
   55.73506 -134.47226    110.038     11.511     11.406     9.9761    31.1692  1024.0186    23.9664     9.9749     95.961    86.1726     6.8566      8.166     6.2136     8.8799    271.005    277.500      17493          5  0.000e+00
   55.73506 -134.47226    105.479     11.567     11.462     9.9805    31.1667  1024.0161    23.9637     9.9793     95.964    86.1446     6.8566      8.166     6.2133     8.8794    270.992    277.486      17494          5  0.000e+00
   55.73506 -134.47226     88.199     11.478     11.374     9.9827    31.1655  1024.0144    23.9624     9.9815     95.964    86.1446     6.8566      8.166     6.2130     8.8791    270.981    277.475      17495          5  0.000e+00
   55.73506 -134.47226     81.555     11.624     11.518     9.9849    31.1651  1024.0145    23.9618     9.9836     95.965    86.1726     6.8566      8.166     6.2129     8.8788    270.973    277.466      17496          5  0.000e+00
   55.73506 -134.47226     81.078     11.390     11.286     9.9881    31.1641  1024.0121    23.9605     9.9868     95.961    86.1446     6.8566      8.166     6.2122     8.8778    270.943    277.435      17497          5  0.000e+00
   55.73506 -134.47226     81.867     11.446     11.342     9.9898    31.1626  1024.0109    23.9590     9.9886     95.959    86.1726     6.8566      8.166     6.2118     8.8773    270.930    277.421      17498          5  0.000e+00
   55.73506 -134.47226     82.168     11.478     11.374     9.9898    31.1625  1024.0109    23.9589     9.9886     95.955    86.1726     6.6808      8.166     6.2116     8.8770    270.920    277.411      17499          5  0.000e+00
   55.73506 -134.47226     82.080     11.390     11.286     9.9887    31.1627  1024.0109    23.9593     9.9874     95.949    86.1446     6.3878      8.166     6.2114     8.8767    270.909    277.399      17500          5  0.000e+00
   55.73506 -134.47226     82.111     11.446     11.342     9.9864    31.1630  1024.0117    23.9598     9.9851     95.943    86.2006     6.3291      8.166     6.2113     8.8766    270.906    277.397      17501          5  0.000e+00
   55.73506 -134.47226     81.999     11.357     11.254     9.9843    31.1640  1024.0124    23.9610     9.9830     95.935    86.2565     6.3291      8.166     6.2110     8.8761    270.892    277.383      17502          5  0.000e+00
   55.73506 -134.47226     82.031     11.390     11.286     9.9827    31.1645  1024.0133    23.9617     9.9815     95.926    86.2845     6.3291      8.166     6.2106     8.8756    270.876    277.366      17503          5  0.000e+00
   55.73506 -134.47226     81.967     11.325     11.222     9.9814    31.1651  1024.0136    23.9623     9.9802     95.915    86.2845     6.3291      8.166     6.2100     8.8748    270.851    277.341      17504          5  0.000e+00
   55.73506 -134.47226     81.911     11.268     11.166     9.9797    31.1660  1024.0144    23.9633     9.9785     95.902    86.2845     6.3291      8.166     6.2094     8.8739    270.824    277.314      17505          5  0.000e+00
   55.73506 -134.47226     81.935     11.293     11.190     9.9788    31.1663  1024.0149    23.9637     9.9775     95.890    86.2845     6.3291      8.166     6.2087     8.8729    270.793    277.282      17506          5  0.000e+00
   55.73506 -134.47226     81.911     11.268     11.166     9.9776    31.1668  1024.0153    23.9642     9.9764     95.882    86.2845     6.3291      8.166     6.2083     8.8724    270.776    277.265      17507          5  0.000e+00
   55.73506 -134.47226     81.855     11.212     11.110     9.9771    31.1669  1024.0152    23.9644     9.9759     95.872    86.2845     6.3291      8.166     6.2078     8.8716    270.751    277.240      17508          5  0.000e+00
   55.73506 -134.47226     82.855     11.236     11.134     9.9765    31.1670  1024.0155    23.9646     9.9752     95.862    86.2845     6.3291      8.166     6.2073     8.8708    270.728    277.216      17509          5  0.000e+00
   55.73506 -134.47226    100.037     11.325     11.222     9.9765    31.1678  1024.0166    23.9652     9.9752     95.859    86.2845     6.3291      8.166     6.2070     8.8704    270.717    277.205      17510          5  0.000e+00
   55.73506 -134.47226    109.469     11.034     10.934     9.9791    31.1672  1024.0143    23.9643     9.9779     95.843    86.2845     6.3291      8.166     6.2056     8.8685    270.658    277.144      17511          5  0.000e+00
   55.73506 -134.47226    110.721     11.091     10.990     9.9835    31.1656  1024.0126    23.9623     9.9823     95.783    86.2565     6.3291      8.170     6.2012     8.8621    270.464    276.945      17512          5  0.000e+00
   55.73506 -134.47226    110.013     11.115     11.014     9.9877    31.1638  1024.0107    23.9603     9.9865     95.769    86.2845     6.3291      8.170     6.1998     8.8602    270.405    276.884      17513          5  0.000e+00
   55.73506 -134.47226    109.598     11.091     10.990     9.9902    31.1628  1024.0094    23.9591     9.9890     95.755    86.2845     6.3291      8.170     6.1986     8.8584    270.351    276.829      17514          5  0.000e+00
   55.73506 -134.47226    109.453     10.970     10.870     9.9926    31.1621  1024.0079    23.9581     9.9914     95.739    86.2845     6.3291      8.166     6.1972     8.8565    270.293    276.769      17515          5  0.000e+00
   55.73506 -134.47226    109.686     11.180     11.078     9.9946    31.1610  1024.0077    23.9570     9.9934     95.726    86.2845     6.3291      8.170     6.1962     8.8550    270.248    276.723      17516          5  0.000e+00
   55.73506 -134.47226    109.382     10.848     10.750     9.9974    31.1599  1024.0048    23.9557     9.9962     95.706    86.2845     6.3291      8.170     6.1946     8.8527    270.179    276.651      17517          5  0.000e+00
   55.73506 -134.47226    109.502     10.970     10.870    10.0002    31.1586  1024.0039    23.9542     9.9990     95.637    86.2845     6.3291      8.170     6.1898     8.8459    269.970    276.437      17518          5  0.000e+00
   55.73506 -134.47226    109.470     10.937     10.838    10.0021    31.1574  1024.0025    23.9529    10.0009     95.614    86.2565     6.2119      8.170     6.1881     8.8434    269.896    276.360      17519          5  0.000e+00
   55.73532 -134.47222    102.123      3.227      3.197    10.1366    31.0971  1023.8984    23.8838    10.1362    102.764    77.0267     8.9079      8.222     6.6338     9.4804    289.356    296.267      18736          6  0.000e+00
   55.73532 -134.47222    102.203      3.307      3.277    10.1356    31.0977  1023.8994    23.8844    10.1352    102.876    77.0267    10.1680      8.222     6.6412     9.4909    289.677    296.596      18737          6  0.000e+00
   55.73532 -134.47222    102.067      3.170      3.141    10.1344    31.0975  1023.8988    23.8844    10.1341    102.991    77.0267    10.8420      8.222     6.6488     9.5018    290.010    296.937      18738          6  0.000e+00
   55.73532 -134.47222    102.379      3.485      3.454    10.1306    31.0988  1023.9019    23.8861    10.1303    103.113    76.9988    10.9299      8.222     6.6572     9.5137    290.373    297.308      18739          6  0.000e+00
   55.73532 -134.47222    102.187      3.291      3.261    10.1297    31.0993  1023.9015    23.8866    10.1293    103.172    77.0267    10.9006      8.222     6.6611     9.5194    290.544    297.484      18740          6  0.000e+00
   55.73532 -134.47222    102.299      3.404      3.374    10.1305    31.0987  1023.9015    23.8861    10.1301    103.288    77.0267    10.8713      8.222     6.6685     9.5299    290.867    297.814      18741          6  0.000e+00
   55.73532 -134.47222    102.555      3.663      3.630    10.1288    31.0981  1023.9024    23.8858    10.1284    103.411    77.0267    10.8713      8.222     6.6767     9.5417    291.226    298.182      18742          6  0.000e+00
   55.73532 -134.47222    102.419      3.526      3.494    10.1236    31.0992  1023.9035    23.8875    10.1232    103.534    76.9988    10.8713      8.222     6.6854     9.5541    291.603    298.569      18743          6  0.000e+00
   55.73532 -134.47222    102.499      3.606      3.574    10.1200    31.0995  1023.9047    23.8884    10.1196    103.719    76.9988    10.8713      8.222     6.6978     9.5718    292.145    299.124      18744          6  0.000e+00
   55.73532 -134.47222    102.395      3.526      3.494    10.1164    31.0998  1023.9052    23.8892    10.1160    103.850    77.0267    10.8420      8.222     6.7068     9.5847    292.539    299.527      18745          6  0.000e+00
   55.73532 -134.47222    102.675      3.784      3.750    10.1131    31.1005  1023.9074    23.8903    10.1127    103.990    77.0267    10.8420      8.222     6.7163     9.5983    292.952    299.950      18746          6  0.000e+00
   55.73532 -134.47222    102.475      3.582      3.550    10.1091    31.1020  1023.9084    23.8921    10.1088    104.127    77.0267    10.8713      8.222     6.7257     9.6117    293.360    300.369      18747          6  0.000e+00
   55.73532 -134.47222    102.619      3.728      3.694    10.1064    31.1030  1023.9103    23.8934    10.1060    104.211    77.0267    10.8713      8.222     6.7314     9.6199    293.611    300.626      18748          6  0.000e+00
   55.73532 -134.47222    102.595      3.703      3.670    10.1052    31.1029  1023.9103    23.8935    10.1048    104.336    77.0267    10.8713      8.222     6.7397     9.6317    293.971    300.995      18749          6  0.000e+00
   55.73532 -134.47222    102.811      3.946      3.910    10.1020    31.1035  1023.9124    23.8945    10.1015    104.521    77.0267    10.8713      8.222     6.7521     9.6494    294.512    301.550      18750          6  0.000e+00
   55.73532 -134.47222    102.675      3.784      3.750    10.0970    31.1064  1023.9147    23.8975    10.0966    104.655    77.0267    10.8420      8.222     6.7614     9.6627    294.915    301.963      18751          6  0.000e+00
   55.73532 -134.47222    102.539      3.647      3.614    10.0943    31.1078  1023.9156    23.8990    10.0939    104.790    77.0267    10.8420      8.222     6.7704     9.6756    295.310    302.368      18752          6  0.000e+00
   55.73532 -134.47222    102.827      3.962      3.926    10.0929    31.1084  1023.9177    23.8997    10.0925    104.926    77.0267    10.8713      8.217     6.7794     9.6884    295.700    302.767      18753          6  0.000e+00
   55.73532 -134.47222    102.595      3.703      3.670    10.0923    31.1086  1023.9168    23.9000    10.0919    105.054    77.2225    10.8420      8.222     6.7877     9.7004    296.064    303.140      18754          6  0.000e+00
   55.73532 -134.47222    102.915      4.026      3.990    10.0920    31.1087  1023.9184    23.9002    10.0915    105.183    78.0896    10.8713      8.217     6.7961     9.7124    296.431    303.516      18755          6  0.000e+00
   55.73532 -134.47222    102.715      3.824      3.790    10.0918    31.1092  1023.9179    23.9006    10.0914    105.305    78.4252    10.8420      8.217     6.8041     9.7237    296.776    303.869      18756          6  0.000e+00
   55.73532 -134.47222    102.923      4.059      4.022    10.0920    31.1084  1023.9184    23.9000    10.0915    105.433    78.4252    10.6368      8.217     6.8123     9.7355    297.136    304.237      18757          6  0.000e+00
   55.73532 -134.47222    102.827      3.962      3.926    10.0913    31.1091  1023.9185    23.9006    10.0909    105.555    78.3972    10.4317      8.217     6.8203     9.7469    297.484    304.594      18758          6  0.000e+00
   55.73532 -134.47222    102.691      3.824      3.790    10.0893    31.1103  1023.9192    23.9018    10.0889    105.677    78.3692    10.4024      8.217     6.8283     9.7584    297.835    304.954      18759          6  0.000e+00
   55.73532 -134.47222    102.827      3.962      3.926    10.0903    31.1096  1023.9191    23.9011    10.0899    105.745    78.3692    10.4317      8.217     6.8327     9.7646    298.024    305.148      18760          6  0.000e+00
   55.73532 -134.47222    102.811      3.946      3.910    10.0903    31.1094  1023.9188    23.9010    10.0899    105.852    78.3692    10.4317      8.217     6.8396     9.7745    298.326    305.457      18761          6  0.000e+00
   55.73532 -134.47222    102.851      3.962      3.926    10.0885    31.1097  1023.9195    23.9015    10.0881    105.958    78.3692    10.4317      8.217     6.8467     9.7846    298.635    305.773      18762          6  0.000e+00
   55.73532 -134.47222    102.811      3.946      3.910    10.0874    31.1102  1023.9200    23.9021    10.0869    106.061    78.3692    10.4317      8.217     6.8535     9.7944    298.933    306.078      18763          6  0.000e+00
   55.73532 -134.47222    102.947      4.083      4.046    10.0882    31.1100  1023.9203    23.9018    10.0877    106.164    78.3692    10.4317      8.217     6.8600     9.8037    299.217    306.369      18764          6  0.000e+00
   55.73532 -134.47222    102.867      4.002      3.966    10.0897    31.1097  1023.9195    23.9013    10.0892    106.207    78.3692    10.4317      8.217     6.8626     9.8073    299.328    306.482      18765          6  0.000e+00
