EcoFOCI/data/1_SampleCollection/2022_GOA-OA_CruiseData/CTD_raw_BottleFile_RC0083/RC0083_041.ros
* Sea-Bird SBE 9 Data File:
* FileName = C:\Data\RC0083ctd\RC0083_041.hex
* Software Version Seasave V 7.26.7.107
* Temperature SN = 2060
* Conductivity SN = 1084
* Number of Bytes Per Scan = 31
* Number of Voltage Words = 4
* Number of Scans Averaged by the Deck Unit = 1
* NMEA Latitude = 58 16.37 N
* NMEA Longitude = 135 23.99 W
* NMEA UTC (Time) = Aug 18 2022  13:46:22
* NMEA baud rate = 4800
** Ship: R/V Rachel Carson
** Cruise ID: RC0083
** Tech: McHugh/Nomura
** Chief Scientist: Cross
** Station: ISD
** Cast:  CTD041
# nquan = 21
# nvalues = 196                                   
# units = specified
# name 0 = latitude: Latitude [deg]
# name 1 = longitude: Longitude [deg]
# name 2 = sfdSM: Seafloor depth [salt water, m]
# name 3 = prDM: Pressure, Digiquartz [db]
# name 4 = depSM: Depth [salt water, m]
# name 5 = t090C: Temperature [ITS-90, deg C]
# name 6 = sal00: Salinity, Practical [PSU]
# name 7 = density00: Density [density, kg/m^3]
# name 8 = sigma-é00: Density [sigma-theta, kg/m^3]
# name 9 = potemp090C: Potential Temperature [ITS-90, deg C]
# name 10 = sbeox0PS: Oxygen, SBE 43 [% saturation]
# name 11 = CStarTr0: Beam Transmission, WET Labs C-Star [%]
# name 12 = flECO-AFL: Fluorescence, WET Labs ECO-AFL/FL [mg/m^3]
# name 13 = ph: pH
# name 14 = sbeox0ML/L: Oxygen, SBE 43 [ml/l]
# name 15 = sbeox0Mg/L: Oxygen, SBE 43 [mg/l]
# name 16 = sbox0Mm/Kg: Oxygen, SBE 43 [umol/kg]
# name 17 = sbeox0Mm/L: Oxygen, SBE 43 [umol/l]
# name 18 = scan: Scan Count
# name 19 = nbf: Bottles Fired
# name 20 = flag:  0.000e+00
# interval = seconds: 0.0416667
# start_time = Aug 18 2022 13:46:22 [NMEA time, header]
# bad_flag = -9.990e-29
*END*
[from data line 69]
   58.27322 -135.39828    198.730    101.061    100.098     5.6838    32.5488  1026.1219    25.6550     5.6758     40.634    97.4161    -0.0591      7.740     2.8746     4.1081    125.169    128.381      13286          2  0.000e+00
   58.27322 -135.39828    198.586    100.915     99.953     5.6841    32.5484  1026.1209    25.6547     5.6762     40.619    97.4161    -0.0591      7.740     2.8736     4.1066    125.124    128.334      13287          2  0.000e+00
   58.27322 -135.39828    198.794    101.126    100.162     5.6845    32.5479  1026.1214    25.6542     5.6765     40.663    97.3882    -0.0591      7.740     2.8767     4.1111    125.260    128.473      13288          2  0.000e+00
   58.27322 -135.39828    198.706    101.037    100.074     5.6847    32.5477  1026.1209    25.6541     5.6767     40.665    97.3882    -0.0591      7.740     2.8768     4.1113    125.265    128.479      13289          2  0.000e+00
   58.27322 -135.39828    198.674    101.004    100.042     5.6851    32.5478  1026.1207    25.6541     5.6771     40.667    97.3882    -0.0591      7.740     2.8769     4.1114    125.271    128.484      13290          2  0.000e+00
   58.27322 -135.39828    198.706    101.037    100.074     5.6860    32.5468  1026.1200    25.6532     5.6780     40.661    97.4161    -0.0591      7.740     2.8765     4.1108    125.250    128.463      13291          2  0.000e+00
   58.27322 -135.39828    198.674    101.004    100.042     5.6864    32.5466  1026.1196    25.6530     5.6784     40.655    97.4161    -0.0591      7.740     2.8760     4.1101    125.229    128.442      13292          2  0.000e+00
   58.27322 -135.39828    198.706    101.037    100.074     5.6861    32.5467  1026.1199    25.6531     5.6781     40.591    97.3882    -0.0591      7.740     2.8715     4.1037    125.034    128.242      13293          2  0.000e+00
   58.27322 -135.39828    198.674    101.004    100.042     5.6851    32.5476  1026.1206    25.6540     5.6771     40.642    97.4161    -0.0591      7.740     2.8751     4.1089    125.192    128.404      13294          2  0.000e+00
   58.27322 -135.39828    198.706    101.037    100.074     5.6841    32.5485  1026.1216    25.6548     5.6762     40.644    97.4161    -0.0591      7.740     2.8753     4.1091    125.200    128.412      13295          2  0.000e+00
   58.27322 -135.39828    198.730    101.061    100.098     5.6833    32.5494  1026.1224    25.6555     5.6753     40.646    97.4161    -0.0591      7.740     2.8755     4.1094    125.208    128.420      13296          2  0.000e+00
   58.27322 -135.39828    198.530    100.859     99.897     5.6828    32.5497  1026.1218    25.6558     5.6749     40.646    97.4161    -0.0591      7.740     2.8756     4.1095    125.211    128.423      13297          2  0.000e+00
   58.27322 -135.39828    198.850    101.182    100.218     5.6825    32.5495  1026.1232    25.6558     5.6746     40.593    97.4161    -0.0591      7.740     2.8718     4.1041    125.047    128.255      13298          2  0.000e+00
   58.27322 -135.39828    198.650    100.980    100.018     5.6822    32.5501  1026.1228    25.6563     5.6742     40.586    97.4161    -0.0591      7.740     2.8713     4.1034    125.026    128.233      13299          2  0.000e+00
   58.27322 -135.39828    198.730    101.061    100.098     5.6820    32.5501  1026.1232    25.6563     5.6741     40.581    97.3882    -0.0591      7.740     2.8710     4.1029    125.010    128.217      13300          2  0.000e+00
   58.27322 -135.39828    198.706    101.037    100.074     5.6819    32.5506  1026.1235    25.6566     5.6739     40.575    97.4161    -0.0591      7.740     2.8706     4.1023    124.993    128.200      13301          2  0.000e+00
   58.27322 -135.39828    198.674    101.004    100.042     5.6822    32.5499  1026.1228    25.6561     5.6743     40.570    97.3882    -0.0591      7.740     2.8702     4.1018    124.976    128.183      13302          2  0.000e+00
   58.27322 -135.39828    198.650    100.980    100.018     5.6824    32.5497  1026.1225    25.6559     5.6744     40.565    97.4721    -0.0591      7.740     2.8698     4.1013    124.961    128.167      13303          2  0.000e+00
   58.27322 -135.39828    198.730    101.061    100.098     5.6827    32.5494  1026.1225    25.6556     5.6747     40.561    97.5560    -0.0591      7.740     2.8696     4.1009    124.949    128.154      13304          2  0.000e+00
   58.27322 -135.39828    198.706    101.037    100.074     5.6832    32.5495  1026.1225    25.6557     5.6752     40.557    97.5839    -0.0591      7.740     2.8692     4.1004    124.934    128.139      13305          2  0.000e+00
   58.27322 -135.39828    198.674    101.004    100.042     5.6840    32.5485  1026.1215    25.6548     5.6760     40.553    97.5839    -0.0591      7.740     2.8689     4.0999    124.920    128.125      13306          2  0.000e+00
   58.27322 -135.39828    198.706    101.037    100.074     5.6843    32.5483  1026.1214    25.6546     5.6763     40.550    97.5839    -0.0591      7.740     2.8687     4.0996    124.910    128.114      13307          2  0.000e+00
   58.27322 -135.39828    198.674    101.004    100.042     5.6848    32.5475  1026.1205    25.6539     5.6768     40.546    97.5839    -0.0591      7.740     2.8684     4.0992    124.899    128.103      13308          2  0.000e+00
   58.27322 -135.39828    198.650    100.980    100.018     5.6852    32.5472  1026.1201    25.6536     5.6773     40.544    97.5839    -0.0591      7.740     2.8682     4.0989    124.889    128.093      13309          2  0.000e+00
   58.27322 -135.39828    198.730    101.061    100.098     5.6856    32.5471  1026.1204    25.6535     5.6776     40.542    97.5839    -0.0591      7.740     2.8680     4.0987    124.882    128.086      13310          2  0.000e+00
   58.27322 -135.39828    198.586    100.915     99.953     5.6849    32.5474  1026.1200    25.6538     5.6770     40.539    97.5839    -0.0591      7.740     2.8679     4.0985    124.876    128.079      13311          2  0.000e+00
   58.27322 -135.39828    198.794    101.126    100.162     5.6847    32.5478  1026.1213    25.6541     5.6767     40.538    97.5839    -0.0591      7.740     2.8678     4.0984    124.874    128.078      13312          2  0.000e+00
   58.27322 -135.39828    198.530    100.859     99.897     5.6846    32.5479  1026.1202    25.6542     5.6767     40.536    97.5839    -0.0591      7.740     2.8677     4.0982    124.866    128.069      13313          2  0.000e+00
   58.27322 -135.39828    198.794    101.126    100.162     5.6844    32.5483  1026.1218    25.6546     5.6764     40.536    97.5560    -0.0591      7.740     2.8677     4.0982    124.867    128.071      13314          2  0.000e+00
   58.27308 -135.39804    123.826     25.431     25.193     8.0548    29.7055  1023.2284    23.1117     8.0524     65.081    90.9553     0.5562      7.973     4.4405     6.3459    193.832    198.311      17872          3  0.000e+00
   58.27308 -135.39804    123.890     25.496     25.257     8.0548    29.7055  1023.2287    23.1117     8.0524     65.084    90.8714     0.5562      7.973     4.4407     6.3462    193.840    198.320      17873          3  0.000e+00
   58.27308 -135.39804    123.770     25.374     25.137     8.0548    29.7061  1023.2286    23.1122     8.0524     65.078    90.8714     0.5856      7.973     4.4402     6.3456    193.822    198.301      17874          3  0.000e+00
   58.27308 -135.39804    123.706     25.310     25.073     8.0548    29.7058  1023.2281    23.1119     8.0524     65.079    90.8714     0.5562      7.973     4.4404     6.3457    193.827    198.306      17875          3  0.000e+00
   58.27308 -135.39804    123.826     25.431     25.193     8.0546    29.7060  1023.2288    23.1121     8.0523     65.082    90.8714     0.5562      7.968     4.4406     6.3460    193.836    198.316      17876          3  0.000e+00
   58.27308 -135.39804    123.826     25.431     25.193     8.0550    29.7055  1023.2284    23.1117     8.0526     65.084    90.8994     0.5562      7.973     4.4407     6.3462    193.841    198.321      17877          3  0.000e+00
   58.27308 -135.39804    123.770     25.374     25.137     8.0548    29.7057  1023.2283    23.1119     8.0524     65.079    90.8994     0.5856      7.973     4.4403     6.3457    193.825    198.304      17878          3  0.000e+00
   58.27308 -135.39804    123.770     25.374     25.137     8.0548    29.7057  1023.2282    23.1118     8.0524     65.080    90.8714     0.5856      7.973     4.4404     6.3458    193.830    198.310      17879          3  0.000e+00
   58.27308 -135.39804    123.770     25.374     25.137     8.0550    29.7055  1023.2281    23.1117     8.0527     65.082    90.8714     0.5856      7.973     4.4405     6.3460    193.834    198.314      17880          3  0.000e+00
   58.27308 -135.39804    123.826     25.431     25.193     8.0546    29.7058  1023.2286    23.1119     8.0523     65.084    90.8994     0.5856      7.973     4.4407     6.3462    193.842    198.322      17881          3  0.000e+00
   58.27308 -135.39804    123.770     25.374     25.137     8.0548    29.7057  1023.2283    23.1119     8.0524     65.086    90.8714     0.5856      7.973     4.4408     6.3463    193.846    198.326      17882          3  0.000e+00
   58.27308 -135.39804    123.826     25.431     25.193     8.0546    29.7056  1023.2284    23.1118     8.0523     65.088    90.8994     0.5856      7.973     4.4410     6.3466    193.853    198.333      17883          3  0.000e+00
   58.27308 -135.39804    123.770     25.374     25.137     8.0548    29.7053  1023.2279    23.1115     8.0524     65.089    90.8994     0.5856      7.973     4.4410     6.3467    193.857    198.337      17884          3  0.000e+00
   58.27308 -135.39804    123.826     25.431     25.193     8.0550    29.7052  1023.2281    23.1114     8.0526     65.091    90.8994     0.5856      7.973     4.4412     6.3469    193.862    198.343      17885          3  0.000e+00
   58.27308 -135.39804    123.770     25.374     25.137     8.0545    29.7059  1023.2285    23.1120     8.0522     65.093    90.8994     0.5856      7.973     4.4413     6.3471    193.868    198.348      17886          3  0.000e+00
   58.27308 -135.39804    123.826     25.431     25.193     8.0550    29.7053  1023.2281    23.1115     8.0526     65.095    90.8994     0.5856      7.973     4.4414     6.3472    193.873    198.353      17887          3  0.000e+00
   58.27308 -135.39804    123.770     25.374     25.137     8.0546    29.7058  1023.2283    23.1119     8.0523     65.096    90.8714     0.5856      7.973     4.4415     6.3474    193.877    198.358      17888          3  0.000e+00
   58.27308 -135.39804    123.826     25.431     25.193     8.0543    29.7059  1023.2287    23.1120     8.0519     65.098    90.8994     0.5856      7.973     4.4417     6.3476    193.886    198.367      17889          3  0.000e+00
   58.27308 -135.39804    123.770     25.374     25.137     8.0546    29.7054  1023.2281    23.1116     8.0523     65.100    90.8994     0.5856      7.973     4.4418     6.3477    193.888    198.369      17890          3  0.000e+00
   58.27308 -135.39804    123.826     25.431     25.193     8.0542    29.7057  1023.2286    23.1119     8.0518     65.095    90.8714     0.5856      7.973     4.4415     6.3473    193.875    198.356      17891          3  0.000e+00
   58.27308 -135.39804    123.770     25.374     25.137     8.0542    29.7056  1023.2282    23.1118     8.0518     65.088    90.9833     0.5856      7.973     4.4410     6.3467    193.857    198.337      17892          3  0.000e+00
   58.27308 -135.39804    123.826     25.431     25.193     8.0543    29.7053  1023.2283    23.1116     8.0519     65.083    91.1231     0.5856      7.973     4.4407     6.3461    193.840    198.319      17893          3  0.000e+00
   58.27308 -135.39804    123.826     25.431     25.193     8.0543    29.7055  1023.2284    23.1117     8.0519     65.076    91.1511     0.6149      7.973     4.4402     6.3455    193.820    198.300      17894          3  0.000e+00
   58.27308 -135.39804    123.770     25.374     25.137     8.0543    29.7056  1023.2283    23.1119     8.0520     65.069    91.1511     0.5856      7.973     4.4397     6.3448    193.799    198.278      17895          3  0.000e+00
   58.27308 -135.39804    123.826     25.431     25.193     8.0545    29.7052  1023.2282    23.1115     8.0522     65.063    91.1511     0.5856      7.973     4.4393     6.3441    193.779    198.257      17896          3  0.000e+00
   58.27308 -135.39804    123.770     25.374     25.137     8.0542    29.7053  1023.2280    23.1116     8.0518     65.062    91.1511     0.5856      7.973     4.4393     6.3442    193.779    198.257      17897          3  0.000e+00
   58.27308 -135.39804    123.826     25.431     25.193     8.0542    29.7053  1023.2283    23.1117     8.0518     65.063    91.1511     0.5856      7.973     4.4393     6.3442    193.780    198.259      17898          3  0.000e+00
   58.27308 -135.39804    123.770     25.374     25.137     8.0542    29.7053  1023.2280    23.1116     8.0518     65.062    91.1231     0.5562      7.973     4.4393     6.3442    193.779    198.257      17899          3  0.000e+00
   58.27308 -135.39804    123.826     25.431     25.193     8.0543    29.7052  1023.2282    23.1115     8.0519     65.063    91.1231     0.5562      7.973     4.4393     6.3442    193.780    198.258      17900          3  0.000e+00
   58.27308 -135.39804    123.770     25.374     25.137     8.0543    29.7056  1023.2282    23.1118     8.0520     65.062    91.1231     0.5562      7.973     4.4392     6.3441    193.778    198.256      17901          3  0.000e+00
   58.27308 -135.39804    123.826     25.431     25.193     8.0545    29.7048  1023.2278    23.1112     8.0522     65.063    91.1231     0.5562      7.973     4.4393     6.3442    193.779    198.258      17902          3  0.000e+00
   58.27308 -135.39804    123.770     25.374     25.137     8.0542    29.7052  1023.2279    23.1115     8.0518     65.062    91.1231     0.5562      7.973     4.4393     6.3442    193.779    198.258      17903          3  0.000e+00
   58.27308 -135.39804    123.801     25.431     25.193     8.0543    29.7054  1023.2284    23.1117     8.0519     65.118    91.1511     0.5562      7.968     4.4430     6.3495    193.944    198.426      17904          3  0.000e+00
   58.27308 -135.39804    123.704     25.431     25.193     8.0542    29.7053  1023.2283    23.1117     8.0518     65.125    91.1231     0.5856      7.973     4.4435     6.3502    193.964    198.447      17905          3  0.000e+00
   58.27308 -135.39804    123.599     25.350     25.113     8.0542    29.7054  1023.2280    23.1117     8.0518     65.130    91.1511     0.5856      7.973     4.4439     6.3508    193.982    198.465      17906          3  0.000e+00
   58.27308 -135.39804    123.679     25.431     25.193     8.0543    29.7054  1023.2283    23.1117     8.0519     65.137    91.1511     0.5562      7.973     4.4444     6.3514    194.001    198.485      17907          3  0.000e+00
   58.27308 -135.39804    123.679     25.431     25.193     8.0543    29.7057  1023.2286    23.1119     8.0519     65.143    91.1511     0.5562      7.968     4.4447     6.3520    194.018    198.502      17908          3  0.000e+00
   58.27308 -135.39804    123.623     25.374     25.137     8.0542    29.7060  1023.2286    23.1122     8.0518     65.093    91.1231     0.5856      7.973     4.4413     6.3471    193.869    198.350      17909          3  0.000e+00
   58.27308 -135.39804    123.679     25.431     25.193     8.0540    29.7056  1023.2286    23.1119     8.0517     65.092    91.1511     0.5856      7.968     4.4413     6.3470    193.867    198.348      17910          3  0.000e+00
