EcoFOCI/data/1_SampleCollection/2022_GOA-OA_CruiseData/CTD_raw_BottleFile_RC0083/RC0083_063.cnv
* Sea-Bird SBE 9 Data File:
* FileName = C:\Data\RC0083ctd\RC0083_063.hex
* Software Version Seasave V 7.26.7.107
* Temperature SN = 2060
* Conductivity SN = 1084
* Number of Bytes Per Scan = 31
* Number of Voltage Words = 4
* Number of Scans Averaged by the Deck Unit = 1
* NMEA Latitude = 58 42.84 N
* NMEA Longitude = 136 06.86 W
* NMEA UTC (Time) = Aug 20 2022  15:08:42
* NMEA baud rate = 4800
** Ship: R/V Rachel Carson
** Cruise ID: RC0083
** Tech: McHugh/Nomura
** Chief Scientist: Cross
** Station: GB13
** Cast:  CTD063
# nquan = 19
# nvalues = 13534                                 
# units = specified
# name 0 = latitude: Latitude [deg]
# name 1 = longitude: Longitude [deg]
# name 2 = sfdSM: Seafloor depth [salt water, m]
# name 3 = prDM: Pressure, Digiquartz [db]
# name 4 = depSM: Depth [salt water, m]
# name 5 = t090C: Temperature [ITS-90, deg C]
# name 6 = sal00: Salinity, Practical [PSU]
# name 7 = density00: Density [density, kg/m^3]
# name 8 = sigma-é00: Density [sigma-theta, kg/m^3]
# name 9 = potemp090C: Potential Temperature [ITS-90, deg C]
# name 10 = sbeox0PS: Oxygen, SBE 43 [% saturation]
# name 11 = CStarTr0: Beam Transmission, WET Labs C-Star [%]
# name 12 = flECO-AFL: Fluorescence, WET Labs ECO-AFL/FL [mg/m^3]
# name 13 = ph: pH
# name 14 = sbeox0ML/L: Oxygen, SBE 43 [ml/l]
# name 15 = sbeox0Mg/L: Oxygen, SBE 43 [mg/l]
# name 16 = sbox0Mm/Kg: Oxygen, SBE 43 [umol/kg]
# name 17 = sbeox0Mm/L: Oxygen, SBE 43 [umol/l]
# name 18 = flag:  0.000e+00
# span 0 =   58.71312,   58.71412                 
# span 1 = -136.11430, -136.11270                 
# span 2 =      2.634,    159.487                 
# span 3 =      1.876,     97.759                 
# span 4 =      1.858,     96.824                 
# span 5 =     6.7809,     9.6489                 
# span 6 =    19.4685,    30.5822                 
# span 7 =  1015.0377,  1024.4190                 
# span 8 =    15.0207,    23.9691                 
# span 9 =     6.7727,     9.6486                 
# span 10 =     67.008,    119.628                
# span 11 =    36.3598,    94.2277                
# span 12 =    -0.0005,     5.6845                
# span 13 =      7.947,      8.420                
# span 14 =     4.6332,     8.3586                
# span 15 =     6.6213,    11.9453                
# span 16 =    202.131,    367.320                
# span 17 =    206.917,    373.296                
# span 18 = 0.0000e+00, 0.0000e+00                
# interval = seconds: 0.0416667
# start_time = Aug 20 2022 15:08:42 [NMEA time, header]
# bad_flag = -9.990e-29
*END*
[from data line 1981]
   58.71410 -136.11396     23.064     11.622     11.513     7.7857    29.2703  1022.8604    22.8070     7.7847     76.252    60.1055     1.5526      8.026     5.2496     7.5022    229.219    234.447  0.000e+00
   58.71410 -136.11396     23.054     11.711     11.601     7.7825    29.2890  1022.8759    22.8220     7.7815     76.181    60.0496     1.4647      8.026     5.2445     7.4948    228.991    234.217  0.000e+00
   58.71410 -136.11396     22.982     11.687     11.577     7.7776    29.3108  1022.8936    22.8399     7.7766     76.114    60.0496     1.4647      8.022     5.2397     7.4880    228.778    234.003  0.000e+00
   58.71410 -136.11396     23.102     11.808     11.697     7.7706    29.3320  1022.9117    22.8574     7.7696     75.997    60.0496     1.4647      8.022     5.2317     7.4767    228.428    233.649  0.000e+00
   58.71410 -136.11396     23.102     11.808     11.697     7.7617    29.3517  1022.9284    22.8741     7.7607     75.876    60.0496     1.4647      8.022     5.2238     7.4653    228.078    233.295  0.000e+00
   58.71410 -136.11396     23.062     11.767     11.657     7.7573    29.3651  1022.9392    22.8851     7.7562     75.754    60.0496     1.4647      8.022     5.2155     7.4534    227.711    232.922  0.000e+00
   58.71410 -136.11396     23.158     11.864     11.753     7.7533    29.3767  1022.9494    22.8948     7.7522     75.685    60.0496     1.4940      8.022     5.2108     7.4468    227.507    232.715  0.000e+00
   58.71410 -136.11396     23.158     11.864     11.753     7.7494    29.3892  1022.9597    22.9051     7.7483     75.621    60.0496     1.4647      8.022     5.2064     7.4405    227.312    232.518  0.000e+00
   58.71410 -136.11396     23.182     11.889     11.777     7.7437    29.4053  1022.9732    22.9186     7.7426     75.505    60.0496     1.4940      8.022     5.1986     7.4293    226.966    232.168  0.000e+00
   58.71410 -136.11396     23.278     11.986     11.873     7.7388    29.4197  1022.9855    22.9304     7.7377     75.387    60.0496     1.4647      8.022     5.1905     7.4178    226.612    231.809  0.000e+00
   58.71410 -136.11396     23.278     11.986     11.873     7.7354    29.4297  1022.9939    22.9388     7.7344     75.320    60.0496     1.4647      8.022     5.1860     7.4113    226.414    231.607  0.000e+00
   58.71410 -136.11396     31.140     12.010     11.897     7.7302    29.4403  1023.0030    22.9478     7.7292     75.202    60.0496     1.4647      8.022     5.1782     7.4001    226.069    231.257  0.000e+00
   58.71410 -136.11396     78.376     12.042     11.929     7.7247    29.4507  1023.0120    22.9567     7.7237     75.137    60.0496     1.4647      8.017     5.1739     7.3940    225.882    231.067  0.000e+00
   58.71410 -136.11396     99.873     12.099     11.985     7.7210    29.4589  1023.0192    22.9636     7.7199     75.075    60.0496     1.4647      8.022     5.1698     7.3882    225.702    230.884  0.000e+00
   58.71410 -136.11396    101.492     12.131     12.017     7.7147    29.4697  1023.0287    22.9729     7.7136     74.960    60.0496     1.4647      8.017     5.1623     7.3775    225.372    230.550  0.000e+00
   58.71410 -136.11396     99.522     12.163     12.049     7.7077    29.4812  1023.0388    22.9829     7.7066     74.897    60.0496     1.4647      8.017     5.1584     7.3719    225.199    230.374  0.000e+00
   58.71410 -136.11396     98.748     12.220     12.105     7.7038    29.4888  1023.0456    22.9894     7.7027     74.782    60.0496     1.4647      8.017     5.1507     7.3609    224.862    230.031  0.000e+00
   58.71410 -136.11396     98.699     12.220     12.105     7.7003    29.4952  1023.0511    22.9949     7.6992     74.719    62.9024     1.4647      8.017     5.1465     7.3549    224.677    229.843  0.000e+00
   58.71410 -136.11396     98.804     12.252     12.137     7.6968    29.5013  1023.0564    23.0001     7.6957     74.658    65.2518     1.4940      8.017     5.1425     7.3492    224.501    229.665  0.000e+00
   58.71410 -136.11396     98.885     12.284     12.169     7.6935    29.5064  1023.0611    23.0046     7.6924     74.544    65.6713     1.4647      8.017     5.1349     7.3383    224.168    229.325  0.000e+00
   58.71410 -136.11396     98.941     12.341     12.225     7.6913    29.5097  1023.0642    23.0074     7.6902     74.481    65.5315     1.1716      8.017     5.1307     7.3323    223.984    229.138  0.000e+00
   58.71410 -136.11396     98.941     12.365     12.249     7.6896    29.5124  1023.0667    23.0098     7.6885     74.420    65.4196     1.0251      8.017     5.1266     7.3265    223.805    228.955  0.000e+00
   58.71410 -136.11396     98.973     12.397     12.281     7.6880    29.5152  1023.0693    23.0123     7.6869     74.361    65.4196     0.9958      8.012     5.1227     7.3208    223.631    228.778  0.000e+00
   58.71410 -136.11396     99.061     12.462     12.345     7.6837    29.5219  1023.0753    23.0180     7.6826     74.303    65.4196     0.9958      8.012     5.1189     7.3155    223.468    228.612  0.000e+00
   58.71410 -136.11396     99.061     12.462     12.345     7.6793    29.5300  1023.0823    23.0250     7.6782     74.198    65.4196     0.9958      8.012     5.1119     7.3055    223.161    228.299  0.000e+00
   58.71410 -136.11396     99.085     12.486     12.369     7.6747    29.5372  1023.0887    23.0313     7.6736     74.143    65.4196     1.0251      8.012     5.1084     7.3005    223.007    228.143  0.000e+00
   58.71410 -136.11396    102.299     12.575     12.457     7.6718    29.5420  1023.0933    23.0355     7.6707     74.089    65.4196     0.9958      8.012     5.1049     7.2955    222.853    227.987  0.000e+00
   58.71410 -136.11396    109.234     12.575     12.457     7.6697    29.5444  1023.0954    23.0376     7.6686     74.036    65.4196     1.0251      8.012     5.1015     7.2905    222.701    227.831  0.000e+00
   58.71410 -136.11396    111.537     12.607     12.489     7.6682    29.5466  1023.0975    23.0395     7.6671     73.977    65.4196     0.9958      8.012     5.0975     7.2848    222.526    227.653  0.000e+00
   58.71410 -136.11396    111.520     12.640     12.521     7.6676    29.5482  1023.0990    23.0409     7.6664     73.925    65.4196     0.9958      8.012     5.0939     7.2797    222.371    227.495  0.000e+00
   58.71410 -136.11396    111.139     12.575     12.457     7.6667    29.5490  1023.0995    23.0416     7.6656     73.817    65.4196     1.0251      8.012     5.0866     7.2692    222.050    227.166  0.000e+00
   58.71410 -136.11396    111.306     12.817     12.697     7.6664    29.5496  1023.1011    23.0421     7.6653     73.760    65.4196     1.0251      8.012     5.0827     7.2636    221.879    226.991  0.000e+00
   58.71410 -136.11396    111.242     12.729     12.609     7.6662    29.5499  1023.1009    23.0423     7.6651     73.763    65.4196     0.9958      8.012     5.0828     7.2639    221.887    227.000  0.000e+00
   58.71410 -136.11396    111.330     12.817     12.697     7.6659    29.5501  1023.1015    23.0425     7.6648     73.718    65.4196     0.9958      8.012     5.0798     7.2595    221.754    226.863  0.000e+00
   58.71410 -136.11396    111.330     12.817     12.697     7.6658    29.5504  1023.1017    23.0428     7.6647     73.672    65.4196     0.9958      8.012     5.0766     7.2550    221.614    226.721  0.000e+00
   58.71410 -136.11396    111.354     12.842     12.721     7.6651    29.5524  1023.1035    23.0445     7.6640     73.632    65.4196     0.9958      8.012     5.0739     7.2511    221.494    226.599  0.000e+00
   58.71410 -136.11396    111.450     12.939     12.817     7.6642    29.5539  1023.1053    23.0458     7.6630     73.591    65.4196     0.9958      8.008     5.0711     7.2471    221.374    226.476  0.000e+00
   58.71410 -136.11396    111.450     12.939     12.817     7.6632    29.5561  1023.1071    23.0476     7.6620     73.548    68.5521     0.9958      8.008     5.0682     7.2430    221.247    226.346  0.000e+00
   58.71410 -136.11394    111.450     12.938     12.817     7.6621    29.5580  1023.1088    23.0493     7.6609     73.559    72.6915     0.9958      8.012     5.0690     7.2441    221.281    226.381  0.000e+00
   58.71410 -136.11394    111.538     13.027     12.905     7.6607    29.5601  1023.1110    23.0511     7.6596     73.527    73.7544     0.9958      8.008     5.0669     7.2411    221.188    226.287  0.000e+00
   58.71410 -136.11394    111.562     13.052     12.929     7.6600    29.5613  1023.1121    23.0521     7.6588     73.492    73.5865     0.9665      8.008     5.0645     7.2377    221.086    226.182  0.000e+00
   58.71410 -136.11394    111.562     13.052     12.929     7.6593    29.5620  1023.1128    23.0527     7.6582     73.455    73.4187     0.9079      8.008     5.0620     7.2341    220.975    226.069  0.000e+00
   58.71410 -136.11394    111.594     13.084     12.961     7.6588    29.5624  1023.1133    23.0532     7.6577     73.414    73.3628     0.8786      8.008     5.0593     7.2302    220.856    225.947  0.000e+00
   58.71410 -136.11394    111.682     13.173     13.049     7.6586    29.5627  1023.1140    23.0535     7.6575     73.379    73.3908     0.8786      8.008     5.0568     7.2267    220.750    225.839  0.000e+00
   58.71410 -136.11394    111.682     13.173     13.049     7.6582    29.5630  1023.1143    23.0537     7.6570     73.395    73.3908     0.8786      8.008     5.0580     7.2283    220.798    225.889  0.000e+00
   58.71410 -136.11394    111.682     13.173     13.049     7.6583    29.5630  1023.1143    23.0537     7.6572     73.366    73.3908     0.8786      8.008     5.0560     7.2255    220.711    225.799  0.000e+00
   58.71410 -136.11394    111.770     13.262     13.137     7.6579    29.5636  1023.1152    23.0542     7.6567     73.334    73.3908     0.8786      8.008     5.0538     7.2224    220.616    225.702  0.000e+00
   58.71410 -136.11394    111.802     13.294     13.169     7.6580    29.5639  1023.1156    23.0545     7.6568     73.297    73.3908     0.8786      8.008     5.0512     7.2187    220.505    225.589  0.000e+00
   58.71410 -136.11394    111.802     13.294     13.169     7.6580    29.5636  1023.1153    23.0542     7.6568     73.319    73.3908     0.8786      8.008     5.0527     7.2209    220.570    225.655  0.000e+00
   58.71410 -136.11394    111.890     13.383     13.257     7.6580    29.5637  1023.1158    23.0543     7.6568     73.280    73.3908     0.8786      8.008     5.0501     7.2171    220.455    225.537  0.000e+00
   58.71410 -136.11394    111.922     13.415     13.289     7.6580    29.5632  1023.1156    23.0539     7.6568     73.299    73.3908     0.8786      8.008     5.0514     7.2190    220.512    225.595  0.000e+00
   58.71410 -136.11394    111.922     13.415     13.289     7.6583    29.5629  1023.1153    23.0536     7.6572     73.271    73.3908     0.9079      8.008     5.0494     7.2162    220.427    225.508  0.000e+00
   58.71410 -136.11394    111.922     13.415     13.289     7.6581    29.5634  1023.1157    23.0540     7.6569     73.293    73.3908     0.8786      8.008     5.0510     7.2183    220.492    225.575  0.000e+00
   58.71410 -136.11394    101.143     13.504     13.377     7.6580    29.5633  1023.1161    23.0540     7.6568     73.261    73.3908     0.8786      8.008     5.0488     7.2152    220.397    225.478  0.000e+00
   58.71410 -136.11394     68.428     13.536     13.409     7.6577    29.5634  1023.1164    23.0541     7.6565     73.222    73.3908     0.8786      8.008     5.0461     7.2114    220.281    225.359  0.000e+00
   58.71410 -136.11394     56.413     13.536     13.409     7.6574    29.5637  1023.1167    23.0544     7.6562     73.239    73.3908     0.8786      8.008     5.0473     7.2131    220.332    225.411  0.000e+00
   58.71410 -136.11394     56.323     13.593     13.465     7.6572    29.5643  1023.1174    23.0549     7.6560     73.208    73.3908     0.8786      8.008     5.0452     7.2100    220.239    225.317  0.000e+00
   58.71410 -136.11394     57.714     13.617     13.489     7.6572    29.5646  1023.1177    23.0551     7.6560     73.225    74.5095     0.8786      8.008     5.0463     7.2117    220.290    225.369  0.000e+00
   58.71410 -136.11394     58.186     13.649     13.521     7.6570    29.5646  1023.1179    23.0551     7.6558     73.186    77.1666     0.8786      8.008     5.0437     7.2079    220.175    225.251  0.000e+00
   58.71410 -136.11394     58.250     13.714     13.585     7.6567    29.5651  1023.1186    23.0556     7.6555     73.203    78.0616     0.8786      8.008     5.0448     7.2096    220.224    225.302  0.000e+00
   58.71410 -136.11394     58.137     13.649     13.521     7.6565    29.5649  1023.1182    23.0554     7.6553     73.217    78.0336     0.8786      8.008     5.0458     7.2110    220.268    225.346  0.000e+00
   58.71410 -136.11394     58.200     13.738     13.609     7.6563    29.5656  1023.1192    23.0560     7.6551     73.182    77.9217     0.8493      8.008     5.0435     7.2076    220.165    225.241  0.000e+00
   58.71410 -136.11394     58.288     13.827     13.697     7.6564    29.5657  1023.1197    23.0561     7.6551     73.146    77.8658     0.8493      8.008     5.0410     7.2041    220.057    225.130  0.000e+00
   58.71410 -136.11394     58.232     13.770     13.641     7.6561    29.5660  1023.1197    23.0563     7.6549     73.156    77.8938     0.8493      8.008     5.0416     7.2050    220.086    225.160  0.000e+00
   58.71410 -136.11394     58.320     13.859     13.729     7.6559    29.5658  1023.1200    23.0563     7.6546     73.171    77.8938     0.8493      8.008     5.0428     7.2066    220.134    225.209  0.000e+00
   58.71410 -136.11394     58.288     13.827     13.697     7.6559    29.5662  1023.1202    23.0566     7.6547     73.183    77.8938     0.8493      8.008     5.0436     7.2078    220.169    225.245  0.000e+00
   58.71410 -136.11394     58.408     13.948     13.817     7.6559    29.5662  1023.1207    23.0565     7.6546     73.145    77.8938     0.8493      8.008     5.0410     7.2040    220.055    225.129  0.000e+00
   58.71410 -136.11394     57.163     13.948     13.817     7.6557    29.5662  1023.1207    23.0566     7.6545     73.104    77.8938     0.8493      8.008     5.0381     7.1999    219.930    225.001  0.000e+00
   58.71410 -136.11394     51.505     13.980     13.849     7.6556    29.5663  1023.1210    23.0567     7.6544     73.162    77.8938     0.8493      8.008     5.0421     7.2057    220.107    225.182  0.000e+00
   58.71410 -136.11394     49.080     13.948     13.817     7.6556    29.5663  1023.1208    23.0567     7.6544     73.120    77.8938     0.8493      8.008     5.0392     7.2016    219.980    225.052  0.000e+00
   58.71410 -136.11394     49.078     14.069     13.937     7.6557    29.5664  1023.1214    23.0567     7.6545     73.075    77.8938     0.8493      8.008     5.0361     7.1971    219.845    224.914  0.000e+00
   58.71410 -136.11394     49.322     14.069     13.937     7.6559    29.5659  1023.1210    23.0563     7.6546     73.081    77.8938     0.8493      8.008     5.0365     7.1977    219.862    224.931  0.000e+00
   58.71410 -136.11394     49.363     14.037     13.905     7.6559    29.5657  1023.1207    23.0562     7.6546     73.034    77.8938     0.8493      8.008     5.0333     7.1931    219.722    224.787  0.000e+00
   58.71410 -136.11394     49.571     14.247     14.114     7.6552    29.5672  1023.1229    23.0574     7.6540     73.033    77.8938     0.8493      8.008     5.0333     7.1930    219.719    224.785  0.000e+00
   58.71410 -136.11394     49.451     14.126     13.993     7.6540    29.5690  1023.1240    23.0590     7.6527     73.031    77.8938     0.8493      8.008     5.0332     7.1930    219.717    224.784  0.000e+00
   58.71410 -136.11394     49.571     14.247     14.113     7.6540    29.5691  1023.1246    23.0591     7.6527     73.034    77.8938     0.8493      8.008     5.0334     7.1932    219.725    224.792  0.000e+00
