EcoFOCI/data/1_SampleCollection/2022_GOA-OA_CruiseData/CTD_raw_BottleFile_RC0083/RC0083_110.cnv
* Sea-Bird SBE 9 Data File:
* FileName = C:\Data\RC0083ctd\RC0083_110.hex
* Software Version Seasave V 7.26.7.107
* Temperature SN = 2060
* Conductivity SN = 2881
* Number of Bytes Per Scan = 31
* Number of Voltage Words = 4
* Number of Scans Averaged by the Deck Unit = 1
* NMEA Latitude = 56 21.37 N
* NMEA Longitude = 133 39.50 W
* NMEA UTC (Time) = Aug 23 2022  09:26:08
* NMEA baud rate = 4800
** Ship: R/V Rachel Carson
** Cruise ID: RC0083
** Tech: McHugh/Nomura
** Chief Scientist: Cross
** Station: USS1
** Cast:  CTD110
# nquan = 19
# nvalues = 4765                                  
# units = specified
# name 0 = latitude: Latitude [deg]
# name 1 = longitude: Longitude [deg]
# name 2 = sfdSM: Seafloor depth [salt water, m]
# name 3 = prDM: Pressure, Digiquartz [db]
# name 4 = depSM: Depth [salt water, m]
# name 5 = t090C: Temperature [ITS-90, deg C]
# name 6 = sal00: Salinity, Practical [PSU]
# name 7 = density00: Density [density, kg/m^3]
# name 8 = sigma-é00: Density [sigma-theta, kg/m^3]
# name 9 = potemp090C: Potential Temperature [ITS-90, deg C]
# name 10 = sbeox0PS: Oxygen, SBE 43 [% saturation]
# name 11 = CStarTr0: Beam Transmission, WET Labs C-Star [%]
# name 12 = flECO-AFL: Fluorescence, WET Labs ECO-AFL/FL [mg/m^3]
# name 13 = ph: pH
# name 14 = sbeox0ML/L: Oxygen, SBE 43 [ml/l]
# name 15 = sbeox0Mg/L: Oxygen, SBE 43 [mg/l]
# name 16 = sbox0Mm/Kg: Oxygen, SBE 43 [umol/kg]
# name 17 = sbeox0Mm/L: Oxygen, SBE 43 [umol/l]
# name 18 = flag:  0.000e+00
# span 0 =   56.35476,   56.35610                 
# span 1 = -133.66224, -133.65836                 
# span 2 =      6.682,     62.751                 
# span 3 =      1.880,     50.935                 
# span 4 =      1.863,     50.464                 
# span 5 =     7.4031,    10.9830                 
# span 6 =    27.9410,    32.2362                 
# span 7 =  1021.2975,  1025.4055                 
# span 8 =    21.2882,    25.1883                 
# span 9 =     7.3987,    10.9828                 
# span 10 =     46.255,     94.827                
# span 11 =    76.4953,    98.5629                
# span 12 =     0.2925,     8.2925                
# span 13 =      7.826,      8.154                
# span 14 =     3.1486,     6.2571                
# span 15 =     4.4996,     8.9420                
# span 16 =    137.165,    273.105                
# span 17 =    140.615,    279.442                
# span 18 = 0.0000e+00, 0.0000e+00                
# interval = seconds: 0.0416667
# start_time = Aug 23 2022 09:26:08 [NMEA time, header]
# bad_flag = -9.990e-29
*END*
[from data line 1220]
   56.35570 -133.65936     60.318      6.531      6.471     8.7584    30.8822  1023.9617    23.9319     8.7578     68.400    85.0818     4.6881      7.999     4.5585     6.5145    198.822    203.581  0.000e+00
   56.35568 -133.65938     60.350      6.564      6.503     8.7544    30.8861  1023.9655    23.9356     8.7538     68.275    85.5573     4.5123      7.994     4.5504     6.5030    198.471    203.222  0.000e+00
   56.35568 -133.65938     60.414      6.628      6.567     8.7510    30.8901  1023.9694    23.9392     8.7504     68.157    85.7810     4.3951      7.994     4.5428     6.4921    198.137    202.881  0.000e+00
   56.35568 -133.65938     60.374      6.588      6.527     8.7485    30.8936  1023.9724    23.9423     8.7478     67.983    85.8090     4.4244      7.994     4.5314     6.4758    197.638    202.370  0.000e+00
   56.35568 -133.65938     60.445      6.685      6.623     8.7429    30.9000  1023.9787    23.9482     8.7422     67.866    85.7810     4.3951      7.994     4.5239     6.4651    197.313    202.038  0.000e+00
   56.35568 -133.65938     60.428      6.741      6.680     8.7402    30.9035  1023.9820    23.9513     8.7396     67.750    85.7531     4.4537      7.994     4.5163     6.4543    196.982    201.700  0.000e+00
   56.35568 -133.65938     60.428      6.765      6.704     8.7413    30.9020  1023.9808    23.9499     8.7407     67.641    85.7531     4.4537      7.989     4.5090     6.4438    196.661    201.371  0.000e+00
   56.35568 -133.65938     60.404      6.741      6.679     8.7373    30.9063  1023.9846    23.9539     8.7366     67.530    85.7531     4.4537      7.994     4.5019     6.4337    196.351    201.055  0.000e+00
   56.35568 -133.65938     60.548      6.887      6.824     8.7134    30.9322  1024.0092    23.9778     8.7127     67.416    85.7810     4.4537      7.990     4.4959     6.4251    196.085    200.787  0.000e+00
   56.35568 -133.65938     60.524      6.862      6.800     8.6868    30.9645  1024.0383    24.0070     8.6861     67.361    85.7810     4.4244      7.990     4.4940     6.4223    195.996    200.701  0.000e+00
   56.35568 -133.65938     60.524      6.862      6.800     8.6667    30.9899  1024.0612    24.0299     8.6660     67.207    85.7531     4.4244      7.990     4.4850     6.4096    195.602    200.302  0.000e+00
   56.35568 -133.65938     60.612      6.951      6.888     8.6503    31.0102  1024.0799    24.0481     8.6496     67.106    85.7810     4.4244      7.990     4.4793     6.4014    195.348    200.046  0.000e+00
   56.35568 -133.65938     60.644      6.983      6.920     8.6350    31.0292  1024.0972    24.0653     8.6343     67.059    85.7810     4.4244      7.985     4.4772     6.3983    195.252    199.951  0.000e+00
   56.35568 -133.65938     60.644      6.983      6.920     8.6156    31.0535  1024.1191    24.0872     8.6150     66.960    85.7810     4.4244      7.985     4.4718     6.3907    195.015    199.712  0.000e+00
   56.35568 -133.65938     60.724      7.064      7.000     8.5902    31.0855  1024.1483    24.1160     8.5895     66.860    85.7810     4.3951      7.985     4.4667     6.3834    194.787    199.484  0.000e+00
   56.35568 -133.65938     60.764      7.105      7.040     8.5660    31.1141  1024.1744    24.1420     8.5653     66.764    85.7810     4.3951      7.985     4.4619     6.3765    194.572    199.269  0.000e+00
   56.35568 -133.65938     60.820      7.161      7.096     8.5498    31.1323  1024.1913    24.1586     8.5491     66.669    85.7810     4.4244      7.985     4.4567     6.3690    194.339    199.034  0.000e+00
   56.35568 -133.65938     60.788      7.129      7.064     8.5418    31.1427  1024.2005    24.1679     8.5411     66.573    85.7810     4.4244      7.985     4.4508     6.3606    194.081    198.771  0.000e+00
   56.35568 -133.65938     60.876      7.218      7.152     8.5303    31.1574  1024.2141    24.1811     8.5296     66.531    85.7810     4.4244      7.981     4.4487     6.3576    193.988    198.679  0.000e+00
   56.35568 -133.65938     60.778      7.242      7.176     8.5033    31.1903  1024.2439    24.2109     8.5025     66.439    85.7810     4.4244      7.981     4.4443     6.3514    193.791    198.483  0.000e+00
   56.35568 -133.65938     60.720      7.282      7.216     8.4769    31.2256  1024.2757    24.2424     8.4762     66.345    85.8090     4.3951      7.981     4.4396     6.3447    193.581    198.274  0.000e+00
   56.35568 -133.65938     60.776      7.339      7.272     8.4239    31.2871  1024.3319    24.2983     8.4232     66.249    86.5082     3.5746      7.981     4.4367     6.3405    193.443    198.143  0.000e+00
   56.35568 -133.65938     60.800      7.363      7.296     8.3651    31.3567  1024.3951    24.3615     8.3643     66.143    86.8998     3.0471      7.981     4.4334     6.3358    193.289    197.998  0.000e+00
   56.35568 -133.65938     60.815      7.403      7.336     8.3277    31.4044  1024.4381    24.4043     8.3270     66.094    86.9557     2.9592      7.977     4.4325     6.3346    193.242    197.958  0.000e+00
   56.35568 -133.65938     60.749      7.460      7.392     8.2979    31.4407  1024.4712    24.4371     8.2972     66.050    86.9278     2.9885      7.977     4.4315     6.3331    193.190    197.911  0.000e+00
   56.35568 -133.65940     60.644      7.428      7.360     8.2778    31.4661  1024.4938    24.4599     8.2771     66.009    86.8998     2.9885      7.977     4.4300     6.3309    193.121    197.845  0.000e+00
   56.35568 -133.65940     60.732      7.516      7.448     8.2655    31.4819  1024.5084    24.4741     8.2648     65.978    86.8998     3.0178      7.977     4.4287     6.3291    193.061    197.786  0.000e+00
   56.35568 -133.65940     60.796      7.581      7.512     8.2604    31.4879  1024.5142    24.4795     8.2597     65.949    86.8998     3.0178      7.977     4.4271     6.3268    192.991    197.715  0.000e+00
   56.35568 -133.65940     60.820      7.605      7.536     8.2632    31.4837  1024.5106    24.4758     8.2625     65.866    86.8998     3.0178      7.972     4.4214     6.3186    192.743    197.461  0.000e+00
   56.35568 -133.65940     60.852      7.638      7.568     8.2624    31.4826  1024.5099    24.4750     8.2617     65.777    86.8998     2.9885      7.972     4.4156     6.3103    192.488    197.199  0.000e+00
   56.35568 -133.65940     60.852      7.637      7.568     8.2614    31.4833  1024.5107    24.4758     8.2606     65.682    86.8998     3.0178      7.972     4.4093     6.3013    192.213    196.917  0.000e+00
   56.35568 -133.65940     60.940      7.726      7.656     8.2619    31.4832  1024.5109    24.4756     8.2611     65.644    86.8998     3.0178      7.967     4.4066     6.2975    192.098    196.800  0.000e+00
   56.35568 -133.65940     60.972      7.759      7.688     8.2637    31.4792  1024.5077    24.4722     8.2629     65.605    86.8998     2.9885      7.967     4.4039     6.2937    191.982    196.680  0.000e+00
   56.35568 -133.65940     61.021      7.783      7.712     8.2635    31.4781  1024.5069    24.4713     8.2628     65.571    86.8998     2.9885      7.967     4.4017     6.2905    191.884    196.580  0.000e+00
   56.35568 -133.65940     61.028      7.815      7.744     8.2674    31.4749  1024.5040    24.4683     8.2667     65.480    86.8998     3.0178      7.962     4.3953     6.2813    191.607    196.295  0.000e+00
   56.35568 -133.65940     61.092      7.880      7.808     8.2682    31.4745  1024.5039    24.4679     8.2675     65.438    86.8998     2.9885      7.962     4.3924     6.2772    191.480    196.165  0.000e+00
   56.35568 -133.65940     61.116      7.904      7.832     8.2632    31.4801  1024.5091    24.4730     8.2624     65.342    86.8998     3.0178      7.963     4.3863     6.2685    191.214    195.894  0.000e+00
   56.35568 -133.65940     48.467      7.880      7.808     8.2588    31.4860  1024.5143    24.4783     8.2580     65.294    86.8998     3.0178      7.958     4.3834     6.2643    191.085    195.763  0.000e+00
   56.35568 -133.65940     34.098      7.993      7.920     8.2559    31.4896  1024.5181    24.4815     8.2551     65.190    86.8998     2.9885      7.958     4.3766     6.2545    190.786    195.457  0.000e+00
   56.35568 -133.65940     30.703      8.017      7.944     8.2521    31.4945  1024.5226    24.4859     8.2513     65.088    86.8998     3.0178      7.958     4.3700     6.2451    190.498    195.162  0.000e+00
   56.35568 -133.65940     31.241      7.993      7.920     8.2482    31.4988  1024.5263    24.4898     8.2474     65.033    86.8998     2.9885      7.953     4.3666     6.2402    190.349    195.010  0.000e+00
   56.35568 -133.65940     31.891      8.057      7.984     8.2477    31.4995  1024.5273    24.4904     8.2469     64.983    87.4312     2.9885      7.953     4.3632     6.2355    190.203    194.861  0.000e+00
   56.35568 -133.65940     32.093      8.138      8.064     8.2470    31.4992  1024.5275    24.4903     8.2462     64.936    87.8787     2.9592      7.948     4.3601     6.2310    190.068    194.723  0.000e+00
   56.35568 -133.65940     32.045      8.114      8.040     8.2400    31.5066  1024.5342    24.4971     8.2393     64.834    87.9626     2.9592      7.948     4.3537     6.2219    189.788    194.438  0.000e+00
   56.35568 -133.65940     32.052      8.170      8.096     8.2337    31.5137  1024.5410    24.5036     8.2329     64.779    87.9346     2.9592      7.948     4.3505     6.2173    189.645    194.292  0.000e+00
   56.35568 -133.65940     32.108      8.203      8.128     8.2331    31.5151  1024.5423    24.5048     8.2323     64.671    87.9067     2.9592      7.943     4.3433     6.2069    189.330    193.970  0.000e+00
   56.35568 -133.65940     32.140      8.235      8.160     8.2319    31.5155  1024.5429    24.5053     8.2311     64.560    87.9067     2.9592      7.943     4.3359     6.1964    189.008    193.640  0.000e+00
   56.35568 -133.65940     32.172      8.292      8.216     8.2123    31.5359  1024.5620    24.5241     8.2115     64.497    87.9067     2.9592      7.944     4.3330     6.1923    188.881    193.513  0.000e+00
   56.35568 -133.65940     32.220      8.316      8.240     8.1892    31.5612  1024.5853    24.5473     8.1884     64.381    87.9067     2.9299      7.944     4.3267     6.1833    188.602    193.232  0.000e+00
   56.35568 -133.65942     32.260      8.356      8.280     8.1769    31.5766  1024.5994    24.5612     8.1761     64.262    87.9067     2.9592      7.939     4.3195     6.1730    188.285    192.909  0.000e+00
   56.35568 -133.65942     32.236      8.356      8.280     8.1671    31.5879  1024.6096    24.5714     8.1663     64.195    87.9067     2.9299      7.939     4.3157     6.1675    188.115    192.737  0.000e+00
   56.35568 -133.65942     32.284      8.380      8.304     8.1600    31.5962  1024.6173    24.5789     8.1592     64.131    87.9067     2.9592      7.939     4.3118     6.1620    187.945    192.565  0.000e+00
   56.35568 -133.65942     38.599      8.469      8.392     8.1594    31.5973  1024.6186    24.5799     8.1585     64.063    87.9067     2.9592      7.934     4.3073     6.1555    187.748    192.363  0.000e+00
   56.35568 -133.65942     55.083      8.469      8.392     8.1557    31.6010  1024.6220    24.5833     8.1549     63.995    87.9067     2.9592      7.934     4.3030     6.1494    187.560    192.171  0.000e+00
   56.35568 -133.65942     60.958      8.558      8.480     8.1507    31.6057  1024.6268    24.5877     8.1499     63.929    87.9067     2.9592      7.934     4.2989     6.1435    187.380    191.987  0.000e+00
   56.35568 -133.65942     60.934      8.534      8.456     8.1445    31.6114  1024.6321    24.5931     8.1437     63.806    87.9067     2.9592      7.929     4.2910     6.1323    187.037    191.637  0.000e+00
   56.35568 -133.65942     60.307      8.590      8.512     8.1360    31.6204  1024.6407    24.6014     8.1351     63.678    87.9067     2.9299      7.929     4.2830     6.1208    186.686    191.278  0.000e+00
   56.35568 -133.65942     60.086      8.615      8.536     8.1274    31.6286  1024.6484    24.6090     8.1265     63.600    87.9067     2.9592      7.925     4.2784     6.1142    186.482    191.071  0.000e+00
   56.35568 -133.65942     60.118      8.647      8.568     8.1260    31.6288  1024.6489    24.6094     8.1252     63.474    87.9067     2.9592      7.925     4.2700     6.1022    186.118    190.698  0.000e+00
   56.35568 -133.65942     60.143      8.647      8.568     8.1296    31.6245  1024.6451    24.6055     8.1288     63.392    87.9067     2.9592      7.925     4.2643     6.0941    185.870    190.443  0.000e+00
   56.35568 -133.65942     60.231      8.736      8.656     8.1247    31.6282  1024.6490    24.6091     8.1239     63.310    87.9067     2.9592      7.925     4.2591     6.0867    185.645    190.213  0.000e+00
   56.35568 -133.65942     60.263      8.768      8.688     8.1165    31.6356  1024.6562    24.6161     8.1157     63.233    88.3262     2.7834      7.925     4.2545     6.0802    185.443    190.008  0.000e+00
   56.35568 -133.65942     60.207      8.711      8.632     8.1070    31.6438  1024.6637    24.6239     8.1062     63.155    88.9415     2.4610      7.925     4.2500     6.0737    185.243    189.804  0.000e+00
   56.35568 -133.65942     60.287      8.792      8.712     8.0984    31.6514  1024.6713    24.6311     8.0976     63.078    89.1093     2.3438      7.920     4.2454     6.0671    185.041    189.599  0.000e+00
   56.35568 -133.65942     60.383      8.889      8.808     8.0926    31.6566  1024.6767    24.6360     8.0918     63.000    89.0814     2.3438      7.920     4.2406     6.0602    184.831    189.384  0.000e+00
   56.35568 -133.65942     60.327      8.833      8.752     8.0882    31.6608  1024.6803    24.6399     8.0874     62.865    89.0534     2.3438      7.920     4.2318     6.0476    184.446    188.991  0.000e+00
   56.35568 -133.65942     60.351      8.857      8.776     8.0842    31.6646  1024.6840    24.6435     8.0833     62.779    89.0534     2.3438      7.920     4.2263     6.0398    184.206    188.746  0.000e+00
   56.35568 -133.65942     60.310      8.889      8.808     8.0821    31.6657  1024.6853    24.6447     8.0812     62.699    89.0534     2.3731      7.915     4.2210     6.0323    183.977    188.511  0.000e+00
   56.35568 -133.65942     60.341      8.946      8.864     8.0819    31.6659  1024.6857    24.6448     8.0810     62.561    89.0534     2.3438      7.915     4.2118     6.0191    183.575    188.100  0.000e+00
   56.35568 -133.65942     60.373      8.978      8.896     8.0801    31.6669  1024.6869    24.6458     8.0792     62.473    89.0534     2.3438      7.915     4.2060     6.0108    183.321    187.839  0.000e+00
   56.35568 -133.65942     60.405      9.010      8.928     8.0786    31.6678  1024.6880    24.6468     8.0777     62.382    89.0534     2.3438      7.915     4.2000     6.0022    183.061    187.572  0.000e+00
   56.35568 -133.65942     60.381      9.010      8.928     8.0780    31.6682  1024.6884    24.6472     8.0771     62.234    89.0534     2.3438      7.915     4.1901     5.9881    182.628    187.129  0.000e+00
   56.35566 -133.65946     60.332      9.034      8.952     8.0775    31.6687  1024.6889    24.6476     8.0767     62.141    89.0534     2.3438      7.911     4.1838     5.9791    182.355    186.850  0.000e+00
   56.35566 -133.65946     60.339      9.067      8.984     8.0759    31.6703  1024.6906    24.6491     8.0750     62.052    89.0534     2.3438      7.911     4.1779     5.9707    182.098    186.587  0.000e+00
   56.35566 -133.65946     60.403      9.131      9.048     8.0746    31.6713  1024.6919    24.6501     8.0737     61.967    89.0534     2.3438      7.911     4.1724     5.9627    181.855    186.337  0.000e+00
