EcoFOCI/data/1_SampleCollection/2022_GOA-OA_CruiseData/CTD_raw_BottleFile_RC0083/RC0083_016.ros
* Sea-Bird SBE 9 Data File:
* FileName = C:\Data\RC0083ctd\RC0083_016.hex
* Software Version Seasave V 7.26.7.107
* Temperature SN = 2060
* Conductivity SN = 1084
* Number of Bytes Per Scan = 31
* Number of Voltage Words = 4
* Number of Scans Averaged by the Deck Unit = 1
* NMEA Latitude = 56 10.79 N
* NMEA Longitude = 134 19.21 W
* NMEA UTC (Time) = Aug 13 2022  14:56:51
* NMEA baud rate = 4800
** Ship: R/V Rachel Carson
** Cruise ID: RC0083 RC0083
** Tech: McHugh/Nomura
** Chief Scientist: Cross Cross
** Station: CS1
** Cast:  016
# nquan = 21
# nvalues = 245                                   
# units = specified
# name 0 = latitude: Latitude [deg]
# name 1 = longitude: Longitude [deg]
# name 2 = sfdSM: Seafloor depth [salt water, m]
# name 3 = prDM: Pressure, Digiquartz [db]
# name 4 = depSM: Depth [salt water, m]
# name 5 = t090C: Temperature [ITS-90, deg C]
# name 6 = sal00: Salinity, Practical [PSU]
# name 7 = density00: Density [density, kg/m^3]
# name 8 = sigma-é00: Density [sigma-theta, kg/m^3]
# name 9 = potemp090C: Potential Temperature [ITS-90, deg C]
# name 10 = sbeox0PS: Oxygen, SBE 43 [% saturation]
# name 11 = CStarTr0: Beam Transmission, WET Labs C-Star [%]
# name 12 = flECO-AFL: Fluorescence, WET Labs ECO-AFL/FL [mg/m^3]
# name 13 = ph: pH
# name 14 = sbeox0ML/L: Oxygen, SBE 43 [ml/l]
# name 15 = sbeox0Mg/L: Oxygen, SBE 43 [mg/l]
# name 16 = sbox0Mm/Kg: Oxygen, SBE 43 [umol/kg]
# name 17 = sbeox0Mm/L: Oxygen, SBE 43 [umol/l]
# name 18 = scan: Scan Count
# name 19 = nbf: Bottles Fired
# name 20 = flag:  0.000e+00
# interval = seconds: 0.0416667
# start_time = Aug 13 2022 14:56:51 [NMEA time, header]
# bad_flag = -9.990e-29
*END*
[from data line 207]
   56.17944 -134.32262      7.318      3.614      3.581     9.7550    31.6311  1024.3789    24.3625     9.7546     88.070    90.9833     2.7247      8.114     5.7134     8.1650    249.093    255.161      19602          5  0.000e+00
   56.17944 -134.32262      7.333      3.655      3.621     9.7539    31.6307  1024.3789    24.3623     9.7535     88.070    90.9833     2.7247      8.114     5.7136     8.1653    249.099    255.168      19603          5  0.000e+00
   56.17944 -134.32262      7.358      3.655      3.621     9.7534    31.6301  1024.3785    24.3619     9.7530     88.069    90.9833     2.7541      8.114     5.7135     8.1652    249.098    255.167      19604          5  0.000e+00
   56.17944 -134.32262      7.438      3.736      3.702     9.7513    31.6304  1024.3795    24.3625     9.7509     88.074    90.9553     2.7247      8.114     5.7142     8.1661    249.125    255.194      19605          5  0.000e+00
   56.17944 -134.32262      7.238      3.534      3.501     9.7498    31.6312  1024.3794    24.3634     9.7494     88.076    90.9553     2.7541      8.114     5.7144     8.1665    249.136    255.206      19606          5  0.000e+00
   56.17944 -134.32262     15.692      3.736      3.702     9.7496    31.6314  1024.3805    24.3636     9.7492     88.074    90.9553     2.7247      8.114     5.7143     8.1664    249.133    255.203      19607          5  0.000e+00
   56.17944 -134.32262     75.099      3.655      3.621     9.7502    31.6327  1024.3810    24.3644     9.7498     88.076    90.9273     2.7247      8.114     5.7143     8.1663    249.132    255.202      19608          5  0.000e+00
   56.17944 -134.32262    103.426      3.679      3.645     9.7532    31.6332  1024.3811    24.3644     9.7528     88.023    90.9273     2.7247      8.114     5.7105     8.1609    248.966    255.032      19609          5  0.000e+00
   56.17944 -134.32262    103.501      3.534      3.501     9.7557    31.6329  1024.3798    24.3638     9.7553     88.017    90.9273     2.7541      8.114     5.7098     8.1598    248.934    254.999      19610          5  0.000e+00
   56.17944 -134.32262    103.224      3.598      3.565     9.7570    31.6322  1024.3793    24.3630     9.7566     88.012    90.9273     2.7247      8.114     5.7094     8.1592    248.915    254.980      19611          5  0.000e+00
   56.17944 -134.32262    102.300      3.800      3.766     9.7585    31.6308  1024.3789    24.3616     9.7581     88.063    90.9553     2.7247      8.114     5.7125     8.1638    249.054    255.121      19612          5  0.000e+00
   56.17944 -134.32262    101.931      3.477      3.445     9.7577    31.6317  1024.3782    24.3624     9.7573     87.999    90.9273     2.7541      8.114     5.7084     8.1579    248.876    254.939      19613          5  0.000e+00
   56.17944 -134.32262    102.349      3.800      3.766     9.7582    31.6319  1024.3798    24.3626     9.7577     87.996    90.9553     2.7541      8.114     5.7082     8.1576    248.865    254.928      19614          5  0.000e+00
   56.17944 -134.32262    102.134      3.534      3.501     9.7585    31.6319  1024.3785    24.3625     9.7581     88.041    90.9273     2.7247      8.114     5.7110     8.1617    248.989    255.055      19615          5  0.000e+00
   56.17944 -134.32262    102.398      3.800      3.766     9.7578    31.6314  1024.3795    24.3622     9.7574     87.989    90.9273     2.7247      8.114     5.7078     8.1570    248.847    254.909      19616          5  0.000e+00
   56.17944 -134.32262    102.078      3.477      3.445     9.7565    31.6322  1024.3788    24.3631     9.7561     88.039    90.9273     2.7834      8.114     5.7112     8.1618    248.994    255.060      19617          5  0.000e+00
   56.17944 -134.32262    102.398      3.800      3.766     9.7560    31.6322  1024.3804    24.3632     9.7556     87.994    90.9273     2.8127      8.114     5.7083     8.1577    248.868    254.932      19618          5  0.000e+00
   56.17944 -134.32262    102.134      3.534      3.501     9.7563    31.6315  1024.3786    24.3626     9.7559     88.037    90.9273     2.8420      8.114     5.7111     8.1617    248.991    255.057      19619          5  0.000e+00
   56.17944 -134.32262    102.254      3.655      3.621     9.7573    31.6303  1024.3780    24.3614     9.7569     87.982    90.9273     2.8127      8.114     5.7074     8.1565    248.833    254.895      19620          5  0.000e+00
   56.17944 -134.32262    102.398      3.800      3.766     9.7569    31.6300  1024.3785    24.3613     9.7564     87.975    90.9273     2.8127      8.114     5.7071     8.1560    248.817    254.878      19621          5  0.000e+00
   56.17944 -134.32262    102.134      3.534      3.501     9.7549    31.6314  1024.3787    24.3627     9.7545     87.916    90.9273     2.8127      8.114     5.7034     8.1508    248.657    254.715      19622          5  0.000e+00
   56.17944 -134.32262    102.334      3.736      3.702     9.7534    31.6316  1024.3800    24.3631     9.7530     87.904    90.9273     2.8127      8.114     5.7028     8.1499    248.630    254.687      19623          5  0.000e+00
   56.17944 -134.32262    102.134      3.534      3.501     9.7521    31.6320  1024.3796    24.3636     9.7517     87.887    90.9273     2.8127      8.114     5.7019     8.1485    248.588    254.645      19624          5  0.000e+00
   56.17944 -134.32262    102.398      3.800      3.766     9.7517    31.6323  1024.3811    24.3639     9.7513     87.882    90.9273     2.8127      8.114     5.7015     8.1481    248.575    254.631      19625          5  0.000e+00
   56.17944 -134.32262    102.134      3.534      3.501     9.7514    31.6324  1024.3800    24.3640     9.7510     87.871    90.9273     2.8127      8.114     5.7009     8.1471    248.545    254.601      19626          5  0.000e+00
   56.17944 -134.32262    102.398      3.800      3.766     9.7513    31.6320  1024.3810    24.3638     9.7509     87.866    90.9273     2.8127      8.114     5.7006     8.1467    248.533    254.589      19627          5  0.000e+00
   56.17944 -134.32262    102.198      3.598      3.565     9.7508    31.6325  1024.3805    24.3642     9.7504     87.856    90.9273     2.8127      8.114     5.7000     8.1459    248.508    254.563      19628          5  0.000e+00
   56.17944 -134.32262    102.254      3.655      3.621     9.7508    31.6330  1024.3812    24.3646     9.7504     87.850    90.9273     2.8127      8.114     5.6996     8.1453    248.488    254.543      19629          5  0.000e+00
   56.17944 -134.32262    102.278      3.679      3.645     9.7514    31.6328  1024.3811    24.3644     9.7510     87.843    90.9273     2.8127      8.114     5.6991     8.1445    248.466    254.520      19630          5  0.000e+00
   56.17944 -134.32262    102.254      3.655      3.621     9.7517    31.6322  1024.3804    24.3639     9.7513     87.775    90.9273     2.8127      8.114     5.6946     8.1382    248.273    254.322      19631          5  0.000e+00
   56.17944 -134.32262    102.454      3.857      3.822     9.7516    31.6320  1024.3812    24.3637     9.7512     87.819    90.9273     2.8127      8.114     5.6975     8.1423    248.398    254.450      19632          5  0.000e+00
   56.17944 -134.32262    102.134      3.534      3.501     9.7506    31.6327  1024.3805    24.3644     9.7502     87.809    90.9273     2.8127      8.114     5.6970     8.1415    248.375    254.427      19633          5  0.000e+00
   56.17944 -134.32262    102.398      3.800      3.766     9.7506    31.6336  1024.3823    24.3651     9.7502     87.806    90.9273     2.8127      8.114     5.6968     8.1412    248.366    254.417      19634          5  0.000e+00
   56.17944 -134.32262     84.225      3.598      3.565     9.7514    31.6330  1024.3808    24.3645     9.7510     87.798    90.9273     2.8127      8.114     5.6962     8.1404    248.340    254.391      19635          5  0.000e+00
   56.17944 -134.32262     63.206      3.679      3.645     9.7516    31.6328  1024.3810    24.3643     9.7512     87.787    90.9273     2.8127      8.114     5.6954     8.1393    248.308    254.358      19636          5  0.000e+00
   56.17944 -134.32262     58.191      3.719      3.686     9.7526    31.6324  1024.3807    24.3638     9.7522     87.782    90.8994     2.9006      8.114     5.6950     8.1387    248.289    254.338      19637          5  0.000e+00
   56.17944 -134.32262     58.997      3.719      3.686     9.7527    31.6326  1024.3808    24.3640     9.7523     87.723    90.9273     2.9885      8.114     5.6911     8.1332    248.120    254.165      19638          5  0.000e+00
   56.17944 -134.32262     59.932      3.800      3.766     9.7527    31.6330  1024.3816    24.3643     9.7523     87.706    90.9273     2.9885      8.114     5.6900     8.1316    248.072    254.116      19639          5  0.000e+00
