EcoFOCI/data/1_SampleCollection/2022_GOA-OA_CruiseData/CTD_raw_BottleFile_RC0083/RC0083_034.ros
* Sea-Bird SBE 9 Data File:
* FileName = C:\Data\RC0083ctd\RC0083_034.hex
* Software Version Seasave V 7.26.7.107
* Temperature SN = 2060
* Conductivity SN = 1084
* Number of Bytes Per Scan = 31
* Number of Voltage Words = 4
* Number of Scans Averaged by the Deck Unit = 1
* NMEA Latitude = 58 09.63 N
* NMEA Longitude = 135 02.45 W
* NMEA UTC (Time) = Aug 18 2022  07:04:40
* NMEA baud rate = 4800
** Ship: R/V Rachel Carson
** Cruise ID: RC0083
** Tech: McHugh/Nomura
** Chief Scientist: Cross
** Station: UCD
** Cast:  CTD034
# nquan = 21
# nvalues = 294                                   
# units = specified
# name 0 = latitude: Latitude [deg]
# name 1 = longitude: Longitude [deg]
# name 2 = sfdSM: Seafloor depth [salt water, m]
# name 3 = prDM: Pressure, Digiquartz [db]
# name 4 = depSM: Depth [salt water, m]
# name 5 = t090C: Temperature [ITS-90, deg C]
# name 6 = sal00: Salinity, Practical [PSU]
# name 7 = density00: Density [density, kg/m^3]
# name 8 = sigma-é00: Density [sigma-theta, kg/m^3]
# name 9 = potemp090C: Potential Temperature [ITS-90, deg C]
# name 10 = sbeox0PS: Oxygen, SBE 43 [% saturation]
# name 11 = CStarTr0: Beam Transmission, WET Labs C-Star [%]
# name 12 = flECO-AFL: Fluorescence, WET Labs ECO-AFL/FL [mg/m^3]
# name 13 = ph: pH
# name 14 = sbeox0ML/L: Oxygen, SBE 43 [ml/l]
# name 15 = sbeox0Mg/L: Oxygen, SBE 43 [mg/l]
# name 16 = sbox0Mm/Kg: Oxygen, SBE 43 [umol/kg]
# name 17 = sbeox0Mm/L: Oxygen, SBE 43 [umol/l]
# name 18 = scan: Scan Count
# name 19 = nbf: Bottles Fired
# name 20 = flag:  0.000e+00
# interval = seconds: 0.0416667
# start_time = Aug 18 2022 07:04:40 [NMEA time, header]
# bad_flag = -9.990e-29
*END*
   58.15944 -135.04082    150.104    139.011    137.674     5.3353    33.0813  1026.7600    26.1174     5.3246     32.396   101.1919    -0.0591      7.668     2.3026     3.2907    100.218    102.835       7398          1  0.000e+00
   58.15944 -135.04082    150.224    139.132    137.794     5.3353    33.0812  1026.7605    26.1173     5.3245     32.390   101.1919    -0.0591      7.668     2.3022     3.2901    100.199    102.816       7399          1  0.000e+00
   58.15944 -135.04082    150.184    139.067    137.730     5.3352    33.0814  1026.7603    26.1174     5.3244     32.392   101.1919    -0.0591      7.668     2.3023     3.2903    100.205    102.822       7400          1  0.000e+00
   58.15944 -135.04082    150.249    139.132    137.794     5.3353    33.0814  1026.7606    26.1175     5.3245     32.394   101.0801    -0.0591      7.668     2.3025     3.2905    100.213    102.830       7401          1  0.000e+00
   58.15944 -135.04082    150.184    139.067    137.730     5.3350    33.0814  1026.7603    26.1175     5.3243     32.388   101.0241    -0.0591      7.668     2.3021     3.2899    100.195    102.811       7402          1  0.000e+00
   58.15944 -135.04082    150.128    139.011    137.674     5.3353    33.0816  1026.7602    26.1176     5.3246     32.382   101.0241    -0.0591      7.668     2.3016     3.2893    100.175    102.791       7403          1  0.000e+00
   58.15944 -135.04082    150.329    139.189    137.850     5.3352    33.0817  1026.7611    26.1177     5.3244     32.377   101.0241    -0.0591      7.668     2.3013     3.2888    100.159    102.775       7404          1  0.000e+00
   58.15944 -135.04082    150.153    139.011    137.674     5.3352    33.0815  1026.7601    26.1175     5.3244     32.370   100.9962    -0.0591      7.668     2.3008     3.2881    100.139    102.754       7405          1  0.000e+00
   58.15944 -135.04082    150.297    139.132    137.794     5.3350    33.0819  1026.7611    26.1179     5.3243     32.423   101.0241    -0.0591      7.668     2.3045     3.2934    100.300    102.920       7406          1  0.000e+00
   58.15944 -135.04082    150.297    139.132    137.794     5.3353    33.0813  1026.7606    26.1174     5.3245     32.425   101.0241    -0.0591      7.668     2.3047     3.2936    100.306    102.926       7407          1  0.000e+00
   58.15944 -135.04082    150.233    139.067    137.730     5.3352    33.0812  1026.7602    26.1173     5.3244     32.435   101.0241    -0.0591      7.668     2.3054     3.2946    100.338    102.959       7408          1  0.000e+00
   58.15944 -135.04082    150.297    139.132    137.794     5.3352    33.0815  1026.7607    26.1175     5.3244     32.388   101.0241    -0.0591      7.668     2.3021     3.2899    100.193    102.810       7409          1  0.000e+00
   58.15944 -135.04082    150.258    139.067    137.730     5.3353    33.0820  1026.7608    26.1179     5.3246     32.390   101.0241    -0.0591      7.668     2.3022     3.2901    100.199    102.816       7410          1  0.000e+00
   58.15944 -135.04082    150.346    139.132    137.794     5.3353    33.0816  1026.7608    26.1176     5.3245     32.393   101.0241    -0.0591      7.668     2.3024     3.2904    100.208    102.826       7411          1  0.000e+00
   58.15944 -135.04082    150.346    139.132    137.794     5.3350    33.0816  1026.7608    26.1176     5.3243     32.454   101.0241    -0.0591      7.668     2.3067     3.2966    100.397    103.019       7412          1  0.000e+00
   58.15944 -135.04082    150.282    139.067    137.730     5.3353    33.0810  1026.7600    26.1171     5.3246     32.456   101.0241    -0.0591      7.668     2.3069     3.2968    100.404    103.026       7413          1  0.000e+00
   58.15944 -135.04082    150.402    139.189    137.850     5.3352    33.0806  1026.7603    26.1168     5.3244     32.459   101.0241    -0.0591      7.668     2.3071     3.2971    100.414    103.036       7414          1  0.000e+00
   58.15944 -135.04082    150.282    139.067    137.730     5.3350    33.0815  1026.7605    26.1176     5.3243     32.461   101.0241    -0.0591      7.668     2.3072     3.2973    100.418    103.041       7415          1  0.000e+00
   58.15942 -135.04082    150.346    139.132    137.794     5.3350    33.0813  1026.7606    26.1174     5.3243     32.463   101.0241    -0.0591      7.668     2.3074     3.2975    100.425    103.048       7416          1  0.000e+00
   58.15942 -135.04082    150.346    139.132    137.794     5.3349    33.0815  1026.7607    26.1176     5.3241     32.464   101.0241    -0.0591      7.668     2.3075     3.2976    100.429    103.052       7417          1  0.000e+00
   58.15942 -135.04082    150.346    139.132    137.794     5.3350    33.0817  1026.7609    26.1177     5.3243     32.465   101.0241    -0.0591      7.668     2.3075     3.2977    100.432    103.055       7418          1  0.000e+00
   58.15942 -135.04082    150.402    139.189    137.850     5.3352    33.0810  1026.7606    26.1171     5.3244     32.466   101.0241    -0.0591      7.668     2.3076     3.2978    100.435    103.058       7419          1  0.000e+00
   58.15942 -135.04082    150.306    139.067    137.730     5.3350    33.0816  1026.7605    26.1176     5.3243     32.466   101.0241    -0.0591      7.668     2.3076     3.2978    100.434    103.057       7420          1  0.000e+00
   58.15942 -135.04082    150.371    139.132    137.794     5.3350    33.0813  1026.7606    26.1174     5.3243     32.475   101.1080    -0.0591      7.668     2.3082     3.2987    100.462    103.086       7421          1  0.000e+00
   58.15942 -135.04082    150.427    139.189    137.850     5.3350    33.0812  1026.7607    26.1173     5.3243     32.484   101.2199    -0.0591      7.668     2.3089     3.2996    100.490    103.114       7422          1  0.000e+00
   58.15942 -135.04082    150.306    139.067    137.730     5.3352    33.0813  1026.7603    26.1174     5.3244     32.492   101.2479    -0.0591      7.668     2.3094     3.3004    100.514    103.139       7423          1  0.000e+00
   58.15942 -135.04082    150.427    139.189    137.850     5.3353    33.0812  1026.7607    26.1173     5.3245     32.492   101.2479    -0.0591      7.668     2.3095     3.3005    100.516    103.141       7424          1  0.000e+00
   58.15942 -135.04082    150.395    139.132    137.794     5.3355    33.0810  1026.7603    26.1171     5.3248     32.492   101.2479    -0.0591      7.668     2.3094     3.3004    100.513    103.138       7425          1  0.000e+00
   58.15942 -135.04082    150.331    139.067    137.730     5.3356    33.0809  1026.7599    26.1171     5.3248     32.491   101.2199    -0.0591      7.668     2.3093     3.3003    100.510    103.135       7426          1  0.000e+00
   58.15942 -135.04082    150.451    139.188    137.850     5.3355    33.0810  1026.7605    26.1171     5.3248     32.490   101.2199    -0.0591      7.668     2.3093     3.3002    100.509    103.134       7427          1  0.000e+00
   58.15942 -135.04082    150.395    139.132    137.794     5.3354    33.0813  1026.7605    26.1173     5.3247     32.488   101.2479    -0.0591      7.668     2.3092     3.3001    100.504    103.129       7428          1  0.000e+00
   58.15942 -135.04082    150.395    139.132    137.794     5.3353    33.0817  1026.7609    26.1177     5.3245     32.487   101.2199    -0.0591      7.668     2.3091     3.2999    100.498    103.123       7429          1  0.000e+00
   58.15942 -135.04082    150.395    139.132    137.794     5.3353    33.0811  1026.7604    26.1172     5.3245     32.493   101.2479    -0.0591      7.668     2.3095     3.3006    100.519    103.144       7430          1  0.000e+00
   58.15942 -135.04082    150.395    139.132    137.794     5.3357    33.0809  1026.7602    26.1170     5.3250     32.500   101.2199    -0.0591      7.668     2.3100     3.3012    100.538    103.164       7431          1  0.000e+00
   58.15942 -135.04082    150.331    139.067    137.730     5.3357    33.0817  1026.7605    26.1177     5.3250     32.498   101.2199    -0.0591      7.668     2.3098     3.3010    100.531    103.156       7432          1  0.000e+00
   58.15942 -135.04082    150.451    139.188    137.850     5.3365    33.0814  1026.7607    26.1173     5.3257     32.496   101.2199    -0.0591      7.668     2.3096     3.3007    100.523    103.148       7433          1  0.000e+00
   58.15942 -135.04082    150.475    139.188    137.850     5.3364    33.0815  1026.7609    26.1174     5.3256     32.493   101.2199    -0.0591      7.668     2.3094     3.3004    100.515    103.140       7434          1  0.000e+00
   58.15942 -135.04082    150.419    139.132    137.794     5.3365    33.0817  1026.7607    26.1176     5.3257     32.498   101.2199    -0.0591      7.668     2.3098     3.3010    100.531    103.156       7435          1  0.000e+00
   58.15942 -135.04082    150.419    139.132    137.794     5.3365    33.0813  1026.7604    26.1172     5.3258     32.504   101.2199    -0.0591      7.668     2.3102     3.3015    100.548    103.174       7436          1  0.000e+00
   58.15942 -135.04082    150.475    139.188    137.850     5.3364    33.0812  1026.7606    26.1172     5.3256     32.509   101.2199    -0.0591      7.668     2.3106     3.3021    100.566    103.193       7437          1  0.000e+00
   58.15942 -135.04082    150.419    139.132    137.794     5.3361    33.0816  1026.7607    26.1175     5.3254     32.515   101.2199    -0.0591      7.668     2.3110     3.3027    100.583    103.210       7438          1  0.000e+00
   58.15942 -135.04082    150.419    139.132    137.794     5.3362    33.0821  1026.7610    26.1179     5.3255     32.520   101.2479    -0.0591      7.668     2.3114     3.3032    100.599    103.227       7439          1  0.000e+00
   58.15942 -135.04082    150.475    139.188    137.850     5.3365    33.0820  1026.7613    26.1178     5.3257     32.517   101.2199    -0.0591      7.668     2.3112     3.3029    100.590    103.217       7440          1  0.000e+00
   58.15942 -135.04082    150.419    139.132    137.794     5.3368    33.0820  1026.7609    26.1178     5.3260     32.514   101.1919    -0.0591      7.668     2.3109     3.3025    100.578    103.205       7441          1  0.000e+00
   58.15942 -135.04082    150.475    139.188    137.850     5.3369    33.0821  1026.7613    26.1178     5.3261     32.510   101.1360    -0.0591      7.668     2.3106     3.3021    100.566    103.193       7442          1  0.000e+00
   58.15942 -135.04082    150.419    139.132    137.794     5.3368    33.0828  1026.7615    26.1184     5.3260     32.514   101.1360    -0.0591      7.668     2.3109     3.3026    100.579    103.206       7443          1  0.000e+00
   58.15942 -135.04082    150.444    139.132    137.794     5.3371    33.0824  1026.7612    26.1180     5.3263     32.568   101.1360    -0.0591      7.668     2.3147     3.3080    100.744    103.375       7444          1  0.000e+00
   58.15942 -135.04082    150.500    139.188    137.850     5.3368    33.0821  1026.7613    26.1178     5.3260     32.514   101.1360    -0.0591      7.668     2.3109     3.3025    100.578    103.205       7445          1  0.000e+00
   58.15942 -135.04082    150.444    139.132    137.794     5.3365    33.0818  1026.7608    26.1176     5.3258     32.517   101.1360    -0.0591      7.668     2.3112     3.3029    100.589    103.216       7446          1  0.000e+00
   58.15926 -135.04096    155.205    101.470    100.504     5.5379    32.3996  1026.0234    25.5541     5.5300     44.708   101.9471    -0.0298      7.736     3.1770     4.5402    138.348    141.883       9514          2  0.000e+00
   58.15926 -135.04096    155.373    101.616    100.648     5.5377    32.3999  1026.0244    25.5544     5.5299     44.709   101.9471    -0.0298      7.736     3.1770     4.5402    138.349    141.885       9515          2  0.000e+00
   58.15926 -135.04096    155.349    101.591    100.624     5.5377    32.4001  1026.0244    25.5545     5.5299     44.710   101.9471    -0.0298      7.736     3.1771     4.5404    138.354    141.890       9516          2  0.000e+00
   58.15926 -135.04096    155.261    101.502    100.536     5.5376    32.4004  1026.0243    25.5548     5.5297     44.714   101.9471    -0.0298      7.736     3.1773     4.5407    138.364    141.900       9517          2  0.000e+00
   58.15926 -135.04096    155.349    101.591    100.624     5.5376    32.4002  1026.0246    25.5547     5.5297     44.720   101.9471    -0.0298      7.736     3.1778     4.5414    138.384    141.920       9518          2  0.000e+00
   58.15926 -135.04096    155.317    101.559    100.592     5.5376    32.4002  1026.0244    25.5547     5.5297     44.727   101.9471    -0.0298      7.736     3.1783     4.5421    138.407    141.944       9519          2  0.000e+00
   58.15926 -135.04096    155.317    101.559    100.592     5.5377    32.3999  1026.0241    25.5544     5.5299     44.680   101.9471    -0.0298      7.736     3.1750     4.5373    138.261    141.794       9520          2  0.000e+00
   58.15926 -135.04096    155.293    101.535    100.568     5.5377    32.3998  1026.0239    25.5543     5.5299     44.676   101.9471    -0.0298      7.736     3.1746     4.5369    138.247    141.780       9521          2  0.000e+00
   58.15926 -135.04096    155.373    101.616    100.648     5.5379    32.3994  1026.0240    25.5540     5.5300     44.674   101.9751    -0.0298      7.736     3.1745     4.5367    138.241    141.773       9522          2  0.000e+00
   58.15926 -135.04096    155.293    101.535    100.568     5.5377    32.3995  1026.0237    25.5541     5.5299     44.673   101.9751    -0.0298      7.736     3.1745     4.5366    138.239    141.771       9523          2  0.000e+00
   58.15926 -135.04096    155.261    101.502    100.536     5.5379    32.3994  1026.0234    25.5540     5.5300     44.674   101.9751    -0.0298      7.731     3.1746     4.5368    138.243    141.776       9524          2  0.000e+00
   58.15926 -135.04096    155.349    101.591    100.624     5.5381    32.3996  1026.0240    25.5541     5.5302     44.687   101.9751    -0.0298      7.736     3.1754     4.5380    138.281    141.815       9525          2  0.000e+00
   58.15926 -135.04096    155.261    101.502    100.536     5.5379    32.3995  1026.0236    25.5541     5.5300     44.693   101.9751    -0.0298      7.736     3.1758     4.5386    138.299    141.833       9526          2  0.000e+00
   58.15926 -135.04096    155.349    101.591    100.624     5.5377    32.3997  1026.0241    25.5543     5.5299     44.701   101.9751    -0.0298      7.736     3.1765     4.5395    138.326    141.861       9527          2  0.000e+00
   58.15926 -135.04096    155.261    101.502    100.536     5.5377    32.3996  1026.0236    25.5542     5.5299     44.702   101.9751    -0.0298      7.736     3.1766     4.5396    138.330    141.865       9528          2  0.000e+00
   58.15926 -135.04096    155.293    101.535    100.568     5.5378    32.3997  1026.0238    25.5542     5.5300     44.706   101.9751    -0.0298      7.736     3.1768     4.5400    138.341    141.876       9529          2  0.000e+00
   58.15926 -135.04096    155.317    101.559    100.592     5.5377    32.3998  1026.0240    25.5543     5.5299     44.711   101.9751    -0.0298      7.736     3.1772     4.5405    138.357    141.892       9530          2  0.000e+00
   58.15926 -135.04096    155.293    101.535    100.568     5.5377    32.3996  1026.0238    25.5542     5.5299     44.718   101.9751    -0.0298      7.736     3.1776     4.5412    138.378    141.914       9531          2  0.000e+00
   58.15926 -135.04096    155.317    101.559    100.592     5.5377    32.3997  1026.0240    25.5543     5.5299     44.726   101.9751    -0.0298      7.736     3.1783     4.5420    138.404    141.941       9532          2  0.000e+00
