EcoFOCI/data/1_SampleCollection/2022_GOA-OA_CruiseData/CTD_raw_BottleFile_RC0083/RC0083_011.ros
* Sea-Bird SBE 9 Data File:
* FileName = C:\Data\RC0083ctd\RC0083_011.hex
* Software Version Seasave V 7.26.7.107
* Temperature SN = 2060
* Conductivity SN = 1084
* Number of Bytes Per Scan = 31
* Number of Voltage Words = 4
* Number of Scans Averaged by the Deck Unit = 1
* NMEA Latitude = 55 30.13 N
* NMEA Longitude = 134 52.04 W
* NMEA UTC (Time) = Aug 13 2022  02:58:15
* NMEA baud rate = 4800
** Ship: R/V Rachel Carson
** Cruise ID: RC0083 RC0083
** Tech: McHugh/Nomura
** Chief Scientist: Cross Cross
** Station: POW6
** Cast:  011
# nquan = 21
# nvalues = 441                                   
# units = specified
# name 0 = latitude: Latitude [deg]
# name 1 = longitude: Longitude [deg]
# name 2 = sfdSM: Seafloor depth [salt water, m]
# name 3 = prDM: Pressure, Digiquartz [db]
# name 4 = depSM: Depth [salt water, m]
# name 5 = t090C: Temperature [ITS-90, deg C]
# name 6 = sal00: Salinity, Practical [PSU]
# name 7 = density00: Density [density, kg/m^3]
# name 8 = sigma-é00: Density [sigma-theta, kg/m^3]
# name 9 = potemp090C: Potential Temperature [ITS-90, deg C]
# name 10 = sbeox0PS: Oxygen, SBE 43 [% saturation]
# name 11 = CStarTr0: Beam Transmission, WET Labs C-Star [%]
# name 12 = flECO-AFL: Fluorescence, WET Labs ECO-AFL/FL [mg/m^3]
# name 13 = ph: pH
# name 14 = sbeox0ML/L: Oxygen, SBE 43 [ml/l]
# name 15 = sbeox0Mg/L: Oxygen, SBE 43 [mg/l]
# name 16 = sbox0Mm/Kg: Oxygen, SBE 43 [umol/kg]
# name 17 = sbeox0Mm/L: Oxygen, SBE 43 [umol/l]
# name 18 = scan: Scan Count
# name 19 = nbf: Bottles Fired
# name 20 = flag:  0.000e+00
# interval = seconds: 0.0416667
# start_time = Aug 13 2022 02:58:15 [NMEA time, header]
# bad_flag = -9.990e-29
*END*
[from data line 207]
   55.50240 -134.86846    199.354    101.667    100.721     6.6814    32.6850  1026.1058    25.6387     6.6726     68.699   106.7298    -0.0884      7.968     4.7439     6.7794    206.565    211.861      25112          5  0.000e+00
   55.50240 -134.86846    199.314    101.627    100.681     6.6812    32.6851  1026.1057    25.6388     6.6724     68.701   106.7578    -0.0884      7.968     4.7440     6.7796    206.570    211.866      25113          5  0.000e+00
   55.50240 -134.86846    199.354    101.667    100.721     6.6807    32.6855  1026.1063    25.6392     6.6719     68.703   106.7578    -0.0884      7.968     4.7442     6.7799    206.580    211.876      25114          5  0.000e+00
   55.50240 -134.86846    199.202    101.513    100.569     6.6797    32.6862  1026.1062    25.6399     6.6709     68.705   106.7578    -0.0884      7.968     4.7444     6.7802    206.588    211.885      25115          5  0.000e+00
   55.50240 -134.86846    199.234    101.546    100.601     6.6793    32.6857  1026.1061    25.6395     6.6705     68.708   106.7857    -0.0884      7.968     4.7447     6.7806    206.600    211.897      25116          5  0.000e+00
   55.50240 -134.86846    199.202    101.513    100.569     6.6777    32.6866  1026.1069    25.6405     6.6689     68.711   106.7857    -0.0884      7.968     4.7450     6.7811    206.616    211.914      25117          5  0.000e+00
   55.50240 -134.86846    199.114    101.424    100.481     6.6772    32.6874  1026.1071    25.6411     6.6684     68.714   106.7857    -0.0884      7.968     4.7453     6.7815    206.625    211.923      25118          5  0.000e+00
   55.50240 -134.86846    199.138    101.449    100.505     6.6792    32.6867  1026.1064    25.6404     6.6704     68.718   106.7578    -0.0884      7.968     4.7453     6.7815    206.628    211.926      25119          5  0.000e+00
   55.50240 -134.86846    199.057    101.368    100.425     6.6809    32.6859  1026.1052    25.6395     6.6721     68.721   106.7857    -0.0884      7.968     4.7454     6.7816    206.631    211.929      25120          5  0.000e+00
   55.50240 -134.86846    199.082    101.392    100.449     6.6822    32.6854  1026.1047    25.6389     6.6734     68.725   106.7578    -0.1177      7.968     4.7456     6.7819    206.639    211.937      25121          5  0.000e+00
   55.50240 -134.86846    199.025    101.335    100.393     6.6833    32.6848  1026.1038    25.6383     6.6745     68.730   106.7857    -0.0884      7.968     4.7457     6.7821    206.647    211.945      25122          5  0.000e+00
   55.50240 -134.86846    198.993    101.303    100.361     6.6845    32.6838  1026.1028    25.6374     6.6757     68.678   106.7857    -0.0884      7.973     4.7421     6.7769    206.487    211.781      25123          5  0.000e+00
   55.50240 -134.86846    198.905    101.214    100.273     6.6850    32.6836  1026.1021    25.6371     6.6762     68.675   106.7857    -0.0884      7.968     4.7418     6.7766    206.477    211.770      25124          5  0.000e+00
   55.50240 -134.86846    198.937    101.246    100.305     6.6855    32.6834  1026.1021    25.6369     6.6767     68.674   106.7578    -0.0884      7.973     4.7417     6.7764    206.471    211.765      25125          5  0.000e+00
   55.50240 -134.86846    198.905    101.214    100.273     6.6867    32.6823  1026.1008    25.6358     6.6780     68.673   106.7578    -0.0884      7.968     4.7415     6.7761    206.464    211.757      25126          5  0.000e+00
   55.50240 -134.86846    198.817    101.125    100.185     6.6878    32.6819  1026.1000    25.6354     6.6790     68.672   106.7857    -0.0884      7.973     4.7414     6.7759    206.456    211.749      25127          5  0.000e+00
   55.50240 -134.86846    198.785    101.093    100.153     6.6885    32.6815  1026.0994    25.6350     6.6797     68.672   106.7578    -0.0884      7.968     4.7413     6.7758    206.454    211.747      25128          5  0.000e+00
   55.50240 -134.86846    198.817    101.125    100.185     6.6891    32.6811  1026.0992    25.6346     6.6803     68.673   106.7857    -0.0884      7.968     4.7414     6.7759    206.456    211.749      25129          5  0.000e+00
   55.50240 -134.86846    198.729    101.036    100.097     6.6895    32.6809  1026.0986    25.6344     6.6807     68.675   106.7857    -0.0884      7.973     4.7414     6.7759    206.458    211.751      25130          5  0.000e+00
   55.50240 -134.86846    198.761    101.069    100.129     6.6888    32.6810  1026.0989    25.6346     6.6800     68.677   106.7857    -0.0884      7.973     4.7417     6.7763    206.470    211.763      25131          5  0.000e+00
   55.50240 -134.86846    198.729    101.036    100.097     6.6885    32.6817  1026.0993    25.6352     6.6797     68.672   106.7857    -0.0884      7.973     4.7413     6.7758    206.456    211.748      25132          5  0.000e+00
   55.50240 -134.86846    198.697    101.004    100.065     6.6885    32.6816  1026.0992    25.6351     6.6797     68.668   106.7578    -0.0884      7.973     4.7410     6.7754    206.441    211.734      25133          5  0.000e+00
   55.50240 -134.86846    198.665    100.972    100.033     6.6892    32.6813  1026.0987    25.6348     6.6804     68.607   106.7018    -0.0884      7.973     4.7367     6.7693    206.255    211.542      25134          5  0.000e+00
   55.50240 -134.86846    198.641    100.947    100.008     6.6895    32.6814  1026.0986    25.6348     6.6807     68.595   106.6739    -0.0884      7.973     4.7359     6.7681    206.219    211.506      25135          5  0.000e+00
   55.50240 -134.86846    198.609    100.915     99.976     6.6904    32.6806  1026.0977    25.6341     6.6816     68.584   106.6739    -0.0884      7.968     4.7351     6.7669    206.183    211.468      25136          5  0.000e+00
   55.50240 -134.86846    198.641    100.947    100.008     6.6911    32.6803  1026.0975    25.6338     6.6823     68.575   106.6739    -0.0884      7.973     4.7343     6.7658    206.151    211.435      25137          5  0.000e+00
   55.50240 -134.86846    198.609    100.915     99.976     6.6917    32.6799  1026.0970    25.6334     6.6829     68.565   106.6739    -0.0884      7.973     4.7336     6.7648    206.120    211.403      25138          5  0.000e+00
   55.50240 -134.86846    198.521    100.826     99.888     6.6923    32.6796  1026.0962    25.6330     6.6836     68.556   106.6739    -0.0884      7.973     4.7329     6.7638    206.089    211.372      25139          5  0.000e+00
   55.50240 -134.86846    198.545    100.850     99.912     6.6935    32.6787  1026.0955    25.6322     6.6848     68.491   106.6739    -0.0884      7.973     4.7284     6.7573    205.891    211.168      25140          5  0.000e+00
   55.50240 -134.86846    198.521    100.826     99.888     6.6943    32.6783  1026.0949    25.6318     6.6855     68.533   106.7018    -0.0884      7.973     4.7311     6.7613    206.013    211.293      25141          5  0.000e+00
   55.50240 -134.86848    198.489    100.794     99.856     6.6944    32.6783  1026.0947    25.6317     6.6856     68.526   106.6739    -0.0884      7.973     4.7307     6.7606    205.992    211.272      25142          5  0.000e+00
   55.50240 -134.86848    198.465    100.769     99.832     6.6947    32.6780  1026.0944    25.6314     6.6859     68.520   106.6739    -0.0884      7.973     4.7302     6.7600    205.973    211.252      25143          5  0.000e+00
   55.50240 -134.86848    198.489    100.794     99.856     6.6949    32.6780  1026.0945    25.6314     6.6861     68.515   106.6739    -0.0884      7.973     4.7299     6.7595    205.957    211.236      25144          5  0.000e+00
   55.50240 -134.86848    198.465    100.769     99.832     6.6949    32.6779  1026.0943    25.6313     6.6861     68.510   106.6739    -0.0884      7.973     4.7296     6.7590    205.943    211.222      25145          5  0.000e+00
   55.50240 -134.86848    198.433    100.737     99.800     6.6952    32.6780  1026.0941    25.6314     6.6864     68.450   106.6739    -0.0884      7.973     4.7253     6.7530    205.760    211.034      25146          5  0.000e+00
   55.50240 -134.86848    198.433    100.737     99.800     6.6959    32.6772  1026.0935    25.6307     6.6871     68.439   106.6739    -0.0884      7.973     4.7245     6.7519    205.725    210.998      25147          5  0.000e+00
   55.50240 -134.86848    198.401    100.705     99.768     6.6967    32.6771  1026.0931    25.6305     6.6879     68.429   106.6739    -0.0884      7.973     4.7238     6.7508    205.692    210.964      25148          5  0.000e+00
   55.50240 -134.86848    198.369    100.672     99.736     6.6973    32.6763  1026.0923    25.6298     6.6885     68.420   106.7018    -0.0884      7.973     4.7231     6.7498    205.663    210.935      25149          5  0.000e+00
   55.50242 -134.86868    149.075     50.910     50.443     8.5014    32.2106  1025.2431    25.0111     8.4964     90.408   105.4992     0.4097      8.129     6.0080     8.5860    261.768    268.315      28093          6  0.000e+00
   55.50242 -134.86868    148.638     50.740     50.275     8.5021    32.2098  1025.2415    25.0103     8.4970     90.352   105.4992     0.4097      8.129     6.0042     8.5806    261.605    268.148      28094          6  0.000e+00
   55.50242 -134.86868     99.957     50.975     50.507     8.5008    32.2102  1025.2432    25.0109     8.4957     90.357   105.4992     0.4097      8.129     6.0047     8.5813    261.626    268.169      28095          6  0.000e+00
   55.50242 -134.86868     64.590     50.918     50.451     8.4995    32.2104  1025.2432    25.0112     8.4944     90.358   105.4992     0.4097      8.129     6.0049     8.5816    261.636    268.180      28096          6  0.000e+00
   55.50242 -134.86868     58.688     50.975     50.507     8.4988    32.2102  1025.2435    25.0112     8.4937     90.416   105.4992     0.4097      8.129     6.0089     8.5873    261.808    268.356      28097          6  0.000e+00
   55.50242 -134.86868     60.837     50.975     50.507     8.4983    32.2098  1025.2432    25.0109     8.4932     90.369   105.4992     0.4097      8.129     6.0058     8.5829    261.676    268.221      28098          6  0.000e+00
   55.50242 -134.86868     62.309     51.031     50.563     8.4964    32.2098  1025.2437    25.0112     8.4913     90.427   105.4712     0.4097      8.129     6.0099     8.5888    261.854    268.403      28099          6  0.000e+00
   55.50242 -134.86868     62.448     50.975     50.507     8.4923    32.2096  1025.2440    25.0116     8.4873     90.435   105.4992     0.4097      8.129     6.0110     8.5903    261.901    268.452      28100          6  0.000e+00
   55.50242 -134.86868     62.487     51.088     50.619     8.4875    32.2094  1025.2450    25.0122     8.4824     90.445   105.4992     0.4097      8.129     6.0123     8.5922    261.959    268.511      28101          6  0.000e+00
   55.50242 -134.86868     62.422     51.096     50.627     8.4818    32.2098  1025.2463    25.0134     8.4767     90.453   105.4992     0.4097      8.129     6.0137     8.5941    262.016    268.570      28102          6  0.000e+00
   55.50242 -134.86868     62.422     51.096     50.627     8.4748    32.2118  1025.2488    25.0160     8.4697     90.455   105.4992     0.4097      8.129     6.0146     8.5955    262.057    268.612      28103          6  0.000e+00
   55.50242 -134.86868     62.414     51.088     50.619     8.4696    32.2120  1025.2497    25.0169     8.4645     90.400   105.4992     0.4097      8.129     6.0116     8.5912    261.927    268.480      28104          6  0.000e+00
   55.50242 -134.86868     62.478     51.153     50.683     8.4644    32.2129  1025.2515    25.0184     8.4593     90.449   105.4992     0.4097      8.129     6.0156     8.5968    262.098    268.655      28105          6  0.000e+00
   55.50242 -134.86868     62.478     51.153     50.683     8.4592    32.2142  1025.2534    25.0202     8.4541     90.448   105.4992     0.4097      8.129     6.0162     8.5977    262.124    268.683      28106          6  0.000e+00
   55.50242 -134.86868     62.542     51.217     50.747     8.4547    32.2154  1025.2553    25.0218     8.4496     90.448   105.4992     0.4097      8.129     6.0167     8.5985    262.147    268.706      28107          6  0.000e+00
   55.50242 -134.86868     62.534     51.209     50.739     8.4506    32.2163  1025.2565    25.0231     8.4456     90.453   105.4992     0.4097      8.129     6.0176     8.5997    262.184    268.744      28108          6  0.000e+00
   55.50242 -134.86868     62.598     51.274     50.803     8.4477    32.2169  1025.2577    25.0240     8.4426     90.403   105.4992     0.4097      8.129     6.0146     8.5955    262.056    268.614      28109          6  0.000e+00
   55.50242 -134.86868     62.598     51.274     50.803     8.4457    32.2173  1025.2584    25.0247     8.4406     90.401   105.4992     0.4097      8.129     6.0147     8.5957    262.060    268.618      28110          6  0.000e+00
   55.50242 -134.86868     62.598     51.274     50.803     8.4444    32.2172  1025.2585    25.0248     8.4393     90.399   105.4992     0.4097      8.129     6.0148     8.5957    262.061    268.619      28111          6  0.000e+00
   55.50242 -134.86868    101.524     51.274     50.803     8.4419    32.2180  1025.2595    25.0258     8.4369     90.389   105.4992     0.4097      8.129     6.0144     8.5952    262.047    268.605      28112          6  0.000e+00
   55.50242 -134.86868    143.582     51.330     50.859     8.4405    32.2180  1025.2599    25.0259     8.4354     90.380   105.4992     0.4097      8.129     6.0140     8.5946    262.029    268.586      28113          6  0.000e+00
   55.50242 -134.86868    150.859     51.331     50.859     8.4384    32.2183  1025.2605    25.0265     8.4333     90.370   105.4992     0.3804      8.129     6.0136     8.5941    262.011    268.569      28114          6  0.000e+00
   55.50242 -134.86868    150.923     51.395     50.923     8.4378    32.2183  1025.2609    25.0266     8.4327     90.360   105.4992     0.3804      8.129     6.0130     8.5932    261.986    268.543      28115          6  0.000e+00
   55.50242 -134.86868    149.687     51.331     50.859     8.4381    32.2186  1025.2608    25.0268     8.4330     90.356   105.4992     0.3804      8.129     6.0127     8.5928    261.971    268.527      28116          6  0.000e+00
   55.50242 -134.86868    149.385     51.395     50.923     8.4358    32.2186  1025.2614    25.0271     8.4307     90.346   105.4992     0.3804      8.129     6.0123     8.5922    261.956    268.512      28117          6  0.000e+00
   55.50242 -134.86868    149.539     51.452     50.979     8.4337    32.2190  1025.2623    25.0277     8.4286     90.343   105.4992     0.3804      8.129     6.0124     8.5923    261.958    268.514      28118          6  0.000e+00
   55.50242 -134.86868    149.556     51.395     50.923     8.4330    32.2184  1025.2616    25.0273     8.4279     90.331   105.4992     0.3804      8.129     6.0118     8.5914    261.929    268.485      28119          6  0.000e+00
   55.50242 -134.86868    149.612     51.452     50.979     8.4301    32.2185  1025.2625    25.0279     8.4250     90.328   105.4992     0.3804      8.129     6.0119     8.5916    261.937    268.493      28120          6  0.000e+00
   55.50242 -134.86868    149.612     51.452     50.979     8.4276    32.2198  1025.2638    25.0293     8.4224     90.324   105.4992     0.3804      8.129     6.0120     8.5917    261.938    268.494      28121          6  0.000e+00
   55.50242 -134.86868    149.612     51.452     50.979     8.4269    32.2190  1025.2633    25.0288     8.4218     90.320   105.4992     0.3804      8.129     6.0118     8.5915    261.931    268.487      28122          6  0.000e+00
