EcoFOCI/data/1_SampleCollection/2022_GOA-OA_CruiseData/CTD_raw_BottleFile_RC0083/RC0083_080.ros
* Sea-Bird SBE 9 Data File:
* FileName = C:\Data\RC0083ctd\RC0083_080.hex
* Software Version Seasave V 7.26.7.107
* Temperature SN = 2060
* Conductivity SN = 2881
* Number of Bytes Per Scan = 31
* Number of Voltage Words = 4
* Number of Scans Averaged by the Deck Unit = 1
* NMEA Latitude = 58 13.89 N
* NMEA Longitude = 134 37.83 W
* NMEA UTC (Time) = Aug 22 2022  00:40:40
* NMEA baud rate = 4800
** Ship: R/V Rachel Carson
** Cruise ID: RC0083
** Tech: McHugh/Nomura
** Chief Scientist: Cross
** Station: SPC
** Cast:  CTD080
# nquan = 21
# nvalues = 196                                   
# units = specified
# name 0 = latitude: Latitude [deg]
# name 1 = longitude: Longitude [deg]
# name 2 = sfdSM: Seafloor depth [salt water, m]
# name 3 = prDM: Pressure, Digiquartz [db]
# name 4 = depSM: Depth [salt water, m]
# name 5 = t090C: Temperature [ITS-90, deg C]
# name 6 = sal00: Salinity, Practical [PSU]
# name 7 = density00: Density [density, kg/m^3]
# name 8 = sigma-é00: Density [sigma-theta, kg/m^3]
# name 9 = potemp090C: Potential Temperature [ITS-90, deg C]
# name 10 = sbeox0PS: Oxygen, SBE 43 [% saturation]
# name 11 = CStarTr0: Beam Transmission, WET Labs C-Star [%]
# name 12 = flECO-AFL: Fluorescence, WET Labs ECO-AFL/FL [mg/m^3]
# name 13 = ph: pH
# name 14 = sbeox0ML/L: Oxygen, SBE 43 [ml/l]
# name 15 = sbeox0Mg/L: Oxygen, SBE 43 [mg/l]
# name 16 = sbox0Mm/Kg: Oxygen, SBE 43 [umol/kg]
# name 17 = sbeox0Mm/L: Oxygen, SBE 43 [umol/l]
# name 18 = scan: Scan Count
# name 19 = nbf: Bottles Fired
# name 20 = flag:  0.000e+00
# interval = seconds: 0.0416667
# start_time = Aug 22 2022 00:40:40 [NMEA time, header]
# bad_flag = -9.990e-29
*END*
   58.23078 -134.62942     59.265     51.570     51.085     6.2525    31.4881  1024.9866    24.7486     6.2483     50.054    83.7952     0.0874      7.796     3.5188     5.0287    153.353    157.148       4221          1  0.000e+00
   58.23078 -134.62942     59.346     51.626     51.141     6.2521    31.4884  1024.9872    24.7489     6.2479     50.057    83.7952     0.0874      7.796     3.5190     5.0290    153.362    157.157       4222          1  0.000e+00
   58.23078 -134.62942     59.265     51.570     51.085     6.2523    31.4882  1024.9868    24.7487     6.2482     50.059    83.7952     0.0874      7.796     3.5191     5.0292    153.368    157.163       4223          1  0.000e+00
   58.23078 -134.62942     59.273     51.626     51.141     6.2527    31.4879  1024.9867    24.7484     6.2485     50.062    83.7952     0.0874      7.796     3.5193     5.0294    153.376    157.172       4224          1  0.000e+00
   58.23078 -134.62942     59.192     51.570     51.085     6.2529    31.4877  1024.9863    24.7482     6.2487     50.058    83.7952     0.0874      7.796     3.5190     5.0290    153.363    157.158       4225          1  0.000e+00
   58.23078 -134.62942     59.192     51.570     51.085     6.2530    31.4879  1024.9864    24.7483     6.2488     50.054    83.7952     0.0874      7.796     3.5187     5.0286    153.350    157.146       4226          1  0.000e+00
   58.23078 -134.62942     59.248     51.626     51.141     6.2531    31.4873  1024.9862    24.7479     6.2489     50.050    83.7952     0.0874      7.796     3.5185     5.0282    153.340    157.135       4227          1  0.000e+00
   58.23078 -134.62942     59.192     51.570     51.085     6.2534    31.4874  1024.9860    24.7479     6.2492     50.046    83.7952     0.0874      7.796     3.5181     5.0278    153.326    157.120       4228          1  0.000e+00
   58.23078 -134.62942     59.168     51.570     51.085     6.2531    31.4876  1024.9862    24.7481     6.2489     50.049    83.7952     0.0874      7.791     3.5184     5.0281    153.336    157.131       4229          1  0.000e+00
   58.23078 -134.62942     59.079     51.505     51.021     6.2531    31.4878  1024.9860    24.7482     6.2489     50.109    83.7952     0.0874      7.796     3.5226     5.0341    153.519    157.319       4230          1  0.000e+00
   58.23078 -134.62942     59.319     51.748     51.261     6.2532    31.4874  1024.9868    24.7479     6.2490     50.127    83.7952     0.0874      7.796     3.5239     5.0360    153.576    157.376       4231          1  0.000e+00
   58.23078 -134.62942     59.143     51.570     51.085     6.2533    31.4873  1024.9859    24.7478     6.2492     50.079    83.8232     0.0874      7.796     3.5205     5.0311    153.428    157.225       4232          1  0.000e+00
   58.23078 -134.62942     59.143     51.570     51.085     6.2536    31.4870  1024.9857    24.7476     6.2494     50.083    83.8791     0.0874      7.796     3.5207     5.0315    153.439    157.236       4233          1  0.000e+00
   58.23078 -134.62942     59.175     51.626     51.141     6.2534    31.4875  1024.9863    24.7480     6.2492     50.081    83.8791     0.0874      7.796     3.5206     5.0313    153.432    157.229       4234          1  0.000e+00
   58.23078 -134.62942     59.119     51.570     51.085     6.2531    31.4878  1024.9864    24.7483     6.2489     50.078    83.8791     0.0874      7.796     3.5204     5.0310    153.423    157.220       4235          1  0.000e+00
   58.23078 -134.62942     59.175     51.626     51.141     6.2530    31.4879  1024.9867    24.7484     6.2488     50.075    83.8791     0.0874      7.791     3.5202     5.0307    153.416    157.213       4236          1  0.000e+00
   58.23078 -134.62942     59.119     51.570     51.085     6.2531    31.4876  1024.9862    24.7481     6.2489     50.072    83.8791     0.0874      7.796     3.5200     5.0304    153.407    157.203       4237          1  0.000e+00
   58.23078 -134.62942     59.119     51.570     51.085     6.2530    31.4876  1024.9862    24.7481     6.2488     50.070    83.8791     0.0874      7.796     3.5198     5.0302    153.399    157.195       4238          1  0.000e+00
   58.23078 -134.62942     59.175     51.626     51.141     6.2530    31.4879  1024.9867    24.7483     6.2488     50.067    83.8791     0.0874      7.796     3.5196     5.0299    153.391    157.187       4239          1  0.000e+00
   58.23078 -134.62942     59.175     51.626     51.141     6.2530    31.4881  1024.9869    24.7485     6.2488     50.064    83.8791     0.0874      7.796     3.5194     5.0296    153.382    157.178       4240          1  0.000e+00
   58.23078 -134.62942     59.119     51.570     51.085     6.2531    31.4880  1024.9865    24.7484     6.2489     50.061    83.8791     0.0874      7.796     3.5192     5.0293    153.373    157.169       4241          1  0.000e+00
   58.23078 -134.62942     59.175     51.626     51.141     6.2527    31.4880  1024.9868    24.7485     6.2485     50.059    83.8791     0.0874      7.796     3.5191     5.0291    153.367    157.162       4242          1  0.000e+00
   58.23078 -134.62942     59.119     51.570     51.085     6.2527    31.4882  1024.9867    24.7486     6.2485     50.063    83.8791     0.0874      7.796     3.5193     5.0295    153.378    157.174       4243          1  0.000e+00
   58.23078 -134.62942     59.150     51.626     51.141     6.2524    31.4883  1024.9871    24.7487     6.2482     50.068    83.8791     0.0874      7.796     3.5197     5.0300    153.394    157.190       4244          1  0.000e+00
   58.23078 -134.62942     59.094     51.570     51.085     6.2525    31.4884  1024.9869    24.7488     6.2483     50.065    83.8791     0.0874      7.791     3.5195     5.0297    153.386    157.182       4245          1  0.000e+00
   58.23078 -134.62942     59.150     51.626     51.141     6.2527    31.4880  1024.9868    24.7485     6.2485     50.063    83.8791     0.0874      7.796     3.5194     5.0295    153.379    157.175       4246          1  0.000e+00
   58.23078 -134.62942     59.094     51.570     51.085     6.2526    31.4880  1024.9866    24.7485     6.2484     50.067    83.8791     0.0874      7.796     3.5197     5.0300    153.393    157.189       4247          1  0.000e+00
   58.23078 -134.62942     59.150     51.626     51.141     6.2525    31.4881  1024.9869    24.7485     6.2483     50.066    83.8791     0.0874      7.796     3.5196     5.0298    153.389    157.185       4248          1  0.000e+00
   58.23078 -134.62942     59.126     51.626     51.141     6.2530    31.4876  1024.9865    24.7481     6.2488     50.007    83.8791     0.0874      7.796     3.5154     5.0239    153.206    156.998       4249          1  0.000e+00
   58.23078 -134.62942     59.006     51.505     51.021     6.2529    31.4877  1024.9860    24.7482     6.2487     50.055    83.8791     0.0874      7.796     3.5188     5.0287    153.354    157.149       4250          1  0.000e+00
   58.23078 -134.62942     59.190     51.691     51.205     6.2530    31.4878  1024.9869    24.7483     6.2488     50.054    83.8791     0.0874      7.796     3.5187     5.0286    153.352    157.147       4251          1  0.000e+00
   58.23078 -134.62942     59.150     51.626     51.141     6.2531    31.4873  1024.9862    24.7479     6.2489     50.052    83.8791     0.0874      7.796     3.5186     5.0284    153.346    157.141       4252          1  0.000e+00
   58.23078 -134.62942     59.094     51.570     51.085     6.2532    31.4874  1024.9860    24.7479     6.2490     50.057    83.8232     0.0874      7.796     3.5189     5.0289    153.360    157.156       4253          1  0.000e+00
   58.23078 -134.62942     59.126     51.626     51.141     6.2533    31.4871  1024.9860    24.7477     6.2492     50.063    83.8232     0.0874      7.796     3.5193     5.0295    153.378    157.174       4254          1  0.000e+00
   58.23078 -134.62942     59.150     51.626     51.141     6.2519    31.4885  1024.9873    24.7490     6.2477     50.062    83.8232     0.0874      7.796     3.5194     5.0295    153.379    157.175       4255          1  0.000e+00
   58.23078 -134.62942     59.070     51.570     51.085     6.2511    31.4892  1024.9877    24.7496     6.2469     50.061    83.8232     0.0874      7.796     3.5193     5.0295    153.377    157.173       4256          1  0.000e+00
   58.23078 -134.62942     59.224     51.626     51.141     6.2506    31.4893  1024.9881    24.7497     6.2464     50.060    83.8232     0.0874      7.796     3.5193     5.0294    153.376    157.172       4257          1  0.000e+00
   58.23078 -134.62942     59.321     51.626     51.141     6.2508    31.4895  1024.9882    24.7499     6.2466     50.059    83.8232     0.0874      7.796     3.5192     5.0293    153.372    157.168       4258          1  0.000e+00
   58.23078 -134.62942     59.290     51.570     51.085     6.2506    31.4896  1024.9881    24.7500     6.2464     50.064    83.8232     0.0874      7.791     3.5196     5.0299    153.389    157.185       4259          1  0.000e+00
   58.23078 -134.62942     59.346     51.626     51.141     6.2506    31.4897  1024.9884    24.7501     6.2464     50.071    83.8232     0.0874      7.796     3.5200     5.0305    153.409    157.205       4260          1  0.000e+00
   58.23078 -134.62942     59.346     51.626     51.141     6.2513    31.4892  1024.9879    24.7496     6.2471     50.070    83.8232     0.0874      7.796     3.5200     5.0304    153.405    157.202       4261          1  0.000e+00
   58.23078 -134.62942     59.363     51.570     51.085     6.2519    31.4884  1024.9870    24.7489     6.2477     50.069    83.8232     0.0874      7.791     3.5199     5.0302    153.400    157.197       4262          1  0.000e+00
   58.23078 -134.62942     59.468     51.626     51.141     6.2523    31.4884  1024.9872    24.7488     6.2481     50.069    83.8232     0.0874      7.796     3.5198     5.0302    153.398    157.195       4263          1  0.000e+00
   58.23078 -134.62942     59.436     51.570     51.085     6.2523    31.4886  1024.9870    24.7490     6.2482     50.125    83.8232     0.0874      7.796     3.5238     5.0358    153.570    157.371       4264          1  0.000e+00
   58.23078 -134.62942     59.468     51.626     51.141     6.2526    31.4883  1024.9871    24.7487     6.2484     50.131    83.8232     0.0874      7.796     3.5242     5.0364    153.588    157.389       4265          1  0.000e+00
   58.23078 -134.62942     59.492     51.626     51.141     6.2525    31.4884  1024.9871    24.7488     6.2483     50.080    83.8232     0.0874      7.796     3.5205     5.0312    153.430    157.228       4266          1  0.000e+00
   58.23078 -134.62942     59.566     51.626     51.141     6.2521    31.4886  1024.9874    24.7490     6.2479     50.085    83.8232     0.0874      7.796     3.5210     5.0318    153.450    157.247       4267          1  0.000e+00
   58.23078 -134.62942     59.534     51.570     51.085     6.2519    31.4889  1024.9873    24.7493     6.2477     50.084    83.8232     0.0874      7.796     3.5209     5.0317    153.446    157.244       4268          1  0.000e+00
   58.23078 -134.62942     59.590     51.626     51.141     6.2515    31.4891  1024.9878    24.7494     6.2474     50.084    83.8232     0.0874      7.796     3.5209     5.0317    153.446    157.244       4269          1  0.000e+00
   58.23050 -134.62902     36.062     25.310     25.073     9.0012    30.0010  1023.3222    23.2067     8.9987     71.910    99.1502     0.5856      8.055     4.7936     6.8506    209.229    214.084       6187          2  0.000e+00
   58.23050 -134.62902     36.184     25.310     25.073     9.0004    30.0014  1023.3226    23.2071     8.9979     71.911    99.1502     0.5856      8.055     4.7938     6.8508    209.235    214.091       6188          2  0.000e+00
   58.23050 -134.62902     36.257     25.334     25.097     9.0001    30.0016  1023.3230    23.2074     8.9975     71.912    99.1502     0.5856      8.055     4.7939     6.8510    209.240    214.096       6189          2  0.000e+00
   58.23050 -134.62902     36.209     25.310     25.073     8.9992    30.0021  1023.3233    23.2078     8.9967     71.913    99.1502     0.5856      8.055     4.7940     6.8512    209.245    214.102       6190          2  0.000e+00
   58.23050 -134.62902     36.273     25.374     25.137     8.9994    30.0016  1023.3233    23.2075     8.9969     71.970    99.1502     0.6149      8.055     4.7978     6.8566    209.412    214.272       6191          2  0.000e+00
   58.23050 -134.62902     36.087     25.310     25.073     8.9992    30.0021  1023.3234    23.2079     8.9967     71.976    99.1502     0.5856      8.055     4.7982     6.8572    209.429    214.289       6192          2  0.000e+00
   58.23050 -134.62902     35.989     25.310     25.073     8.9994    30.0023  1023.3235    23.2080     8.9969     71.927    99.2341     0.5856      8.055     4.7949     6.8524    209.283    214.141       6193          2  0.000e+00
   58.23050 -134.62902     36.053     25.374     25.137     8.9994    30.0022  1023.3237    23.2079     8.9969     71.928    99.2621     0.5856      8.055     4.7950     6.8525    209.287    214.144       6194          2  0.000e+00
   58.23050 -134.62902     35.989     25.310     25.073     8.9991    30.0024  1023.3236    23.2081     8.9966     71.928    99.2900     0.6149      8.055     4.7950     6.8525    209.288    214.145       6195          2  0.000e+00
   58.23050 -134.62902     36.077     25.374     25.137     8.9992    30.0023  1023.3238    23.2080     8.9967     71.923    99.2621     0.5856      8.055     4.7947     6.8521    209.273    214.130       6196          2  0.000e+00
   58.23050 -134.62902     36.209     25.310     25.073     8.9999    30.0019  1023.3231    23.2076     8.9974     71.916    99.2621     0.6149      8.055     4.7942     6.8514    209.252    214.108       6197          2  0.000e+00
   58.23050 -134.62902     36.370     25.374     25.137     9.0010    30.0006  1023.3222    23.2064     8.9985     71.917    99.2621     0.6149      8.055     4.7941     6.8513    209.250    214.106       6198          2  0.000e+00
   58.23050 -134.62902     36.331     25.310     25.073     9.0008    30.0009  1023.3222    23.2067     8.9982     71.916    99.2621     0.6149      8.051     4.7941     6.8513    209.249    214.105       6199          2  0.000e+00
   58.23050 -134.62902     36.370     25.374     25.137     9.0008    30.0012  1023.3227    23.2069     8.9982     71.917    99.2621     0.6149      8.055     4.7941     6.8513    209.251    214.107       6200          2  0.000e+00
   58.23050 -134.62902     36.135     25.310     25.073     9.0003    30.0015  1023.3228    23.2073     8.9977     71.861    99.2621     0.5856      8.055     4.7904     6.8460    209.089    213.941       6201          2  0.000e+00
   58.23050 -134.62902     35.809     25.374     25.137     9.0001    30.0016  1023.3231    23.2073     8.9975     71.911    99.2621     0.5856      8.055     4.7938     6.8509    209.237    214.093       6202          2  0.000e+00
   58.23050 -134.62902     35.598     25.310     25.073     8.9999    30.0019  1023.3231    23.2076     8.9974     71.911    99.2621     0.5269      8.055     4.7938     6.8509    209.237    214.093       6203          2  0.000e+00
   58.23050 -134.62902     35.687     25.374     25.137     9.0001    30.0016  1023.3231    23.2073     8.9976     71.912    99.2621     0.5562      8.055     4.7939     6.8509    209.239    214.094       6204          2  0.000e+00
   58.23050 -134.62902     35.623     25.310     25.073     9.0004    30.0020  1023.3231    23.2076     8.9979     71.911    99.2621     0.5269      8.055     4.7938     6.8508    209.235    214.091       6205          2  0.000e+00
