EcoFOCI/data/1_SampleCollection/2022_GOA-OA_CruiseData/CTD_raw_BottleFile_RC0083/RC0083_038.cnv
* Sea-Bird SBE 9 Data File:
* FileName = C:\Data\RC0083ctd\RC0083_038.hex
* Software Version Seasave V 7.26.7.107
* Temperature SN = 2060
* Conductivity SN = 1084
* Number of Bytes Per Scan = 31
* Number of Voltage Words = 4
* Number of Scans Averaged by the Deck Unit = 1
* NMEA Latitude = 58 13.26 N
* NMEA Longitude = 135 31.81 W
* NMEA UTC (Time) = Aug 18 2022  11:39:46
* NMEA baud rate = 4800
** Ship: R/V Rachel Carson
** Cruise ID: RC0083
** Tech: McHugh/Nomura
** Chief Scientist: Cross
** Station: ISA
** Cast:  CTD038
# nquan = 19
# nvalues = 15166                                 
# units = specified
# name 0 = latitude: Latitude [deg]
# name 1 = longitude: Longitude [deg]
# name 2 = sfdSM: Seafloor depth [salt water, m]
# name 3 = prDM: Pressure, Digiquartz [db]
# name 4 = depSM: Depth [salt water, m]
# name 5 = t090C: Temperature [ITS-90, deg C]
# name 6 = sal00: Salinity, Practical [PSU]
# name 7 = density00: Density [density, kg/m^3]
# name 8 = sigma-é00: Density [sigma-theta, kg/m^3]
# name 9 = potemp090C: Potential Temperature [ITS-90, deg C]
# name 10 = sbeox0PS: Oxygen, SBE 43 [% saturation]
# name 11 = CStarTr0: Beam Transmission, WET Labs C-Star [%]
# name 12 = flECO-AFL: Fluorescence, WET Labs ECO-AFL/FL [mg/m^3]
# name 13 = ph: pH
# name 14 = sbeox0ML/L: Oxygen, SBE 43 [ml/l]
# name 15 = sbeox0Mg/L: Oxygen, SBE 43 [mg/l]
# name 16 = sbox0Mm/Kg: Oxygen, SBE 43 [umol/kg]
# name 17 = sbeox0Mm/L: Oxygen, SBE 43 [umol/l]
# name 18 = flag:  0.000e+00
# span 0 =   58.22104,   58.22178                 
# span 1 = -135.53146, -135.53012                 
# span 2 =      3.208,    172.781                 
# span 3 =      2.907,     96.867                 
# span 4 =      2.880,     95.945                 
# span 5 =     6.2797,    10.9751                 
# span 6 =    26.0884,    32.0733                 
# span 7 =  1019.8658,  1025.6509                 
# span 8 =    19.8510,    25.2073                 
# span 9 =     6.2718,    10.9747                 
# span 10 =     43.034,     93.116                
# span 11 =    47.9670,    89.9764                
# span 12 =     0.0581,     2.8420                
# span 13 =      7.772,      8.198                
# span 14 =     3.0104,     6.1171                
# span 15 =     4.3021,     8.7419                
# span 16 =    131.142,    267.794                
# span 17 =    134.444,    273.188                
# span 18 = 0.0000e+00, 0.0000e+00                
# interval = seconds: 0.0416667
# start_time = Aug 18 2022 11:39:46 [NMEA time, header]
# bad_flag = -9.990e-29
*END*
[from data line 6477]
   58.22138 -135.53122    104.945     86.572     85.751     6.4152    31.9021  1025.4542    25.0553     6.4080     45.085    76.0199     0.0874      7.786     3.1488     4.4999    137.187    140.624  0.000e+00
   58.22138 -135.53122    104.945     86.572     85.751     6.4176    31.8992  1025.4517    25.0528     6.4104     45.076    76.0199     0.0874      7.791     3.1480     4.4988    137.154    140.590  0.000e+00
   58.22138 -135.53122    104.945     86.572     85.751     6.4191    31.8973  1025.4500    25.0511     6.4118     45.066    76.0199     0.0874      7.786     3.1473     4.4977    137.121    140.556  0.000e+00
   58.22138 -135.53122    104.969     86.572     85.751     6.4204    31.8955  1025.4484    25.0495     6.4131     45.055    76.0199     0.0874      7.786     3.1465     4.4966    137.087    140.521  0.000e+00
   58.22138 -135.53122    104.969     86.548     85.726     6.4194    31.8971  1025.4496    25.0509     6.4122     45.052    76.0199     0.0874      7.786     3.1463     4.4964    137.080    140.514  0.000e+00
   58.22138 -135.53122    105.050     86.629     85.807     6.4173    31.8997  1025.4523    25.0531     6.4101     45.042    76.0199     0.0874      7.786     3.1457     4.4955    137.052    140.485  0.000e+00
   58.22138 -135.53122    104.993     86.572     85.751     6.4156    31.9015  1025.4537    25.0548     6.4083     45.038    76.0199     0.0581      7.786     3.1455     4.4952    137.043    140.477  0.000e+00
   58.22138 -135.53122    104.993     86.572     85.750     6.4141    31.9033  1025.4553    25.0564     6.4069     45.090    76.0199     0.0874      7.786     3.1492     4.5005    137.206    140.644  0.000e+00
   58.22138 -135.53122    104.905     86.508     85.686     6.4141    31.9035  1025.4552    25.0566     6.4069     45.093    76.0199     0.0874      7.786     3.1494     4.5008    137.213    140.651  0.000e+00
   58.22138 -135.53122    105.121     86.726     85.903     6.4143    31.9033  1025.4560    25.0564     6.4070     45.096    76.0199     0.0874      7.786     3.1496     4.5011    137.224    140.662  0.000e+00
   58.22138 -135.53122    104.969     86.572     85.750     6.4148    31.9022  1025.4543    25.0554     6.4075     45.097    76.0199     0.0874      7.786     3.1496     4.5012    137.225    140.663  0.000e+00
   58.22138 -135.53122    105.025     86.629     85.807     6.4156    31.9014  1025.4539    25.0548     6.4083     45.098    75.9919     0.0874      7.786     3.1497     4.5012    137.227    140.665  0.000e+00
   58.22138 -135.53122    105.025     86.629     85.807     6.4161    31.9009  1025.4534    25.0542     6.4088     45.098    75.9919     0.0874      7.786     3.1497     4.5012    137.227    140.665  0.000e+00
   58.22138 -135.53122    104.952     86.605     85.782     6.4176    31.8964  1025.4496    25.0505     6.4104     45.098    75.9919     0.0874      7.786     3.1496     4.5011    137.224    140.662  0.000e+00
   58.22138 -135.53122    104.976     86.629     85.807     6.4179    31.8962  1025.4495    25.0503     6.4107     45.097    75.9919     0.0581      7.786     3.1495     4.5010    137.221    140.658  0.000e+00
   58.22138 -135.53122    104.920     86.572     85.750     6.4197    31.8959  1025.4488    25.0499     6.4125     45.095    75.9919     0.0581      7.786     3.1493     4.5006    137.209    140.646  0.000e+00
   58.22138 -135.53122    104.976     86.629     85.807     6.4211    31.8943  1025.4475    25.0484     6.4139     45.036    75.9919     0.0874      7.786     3.1451     4.4947    137.028    140.460  0.000e+00
   58.22138 -135.53122    104.976     86.629     85.806     6.4222    31.8931  1025.4465    25.0474     6.4149     45.026    75.9919     0.0874      7.791     3.1443     4.4936    136.994    140.426  0.000e+00
   58.22138 -135.53122    104.992     86.669     85.847     6.4226    31.8925  1025.4462    25.0468     6.4153     45.015    75.9919     0.0874      7.786     3.1436     4.4925    136.962    140.392  0.000e+00
   58.22138 -135.53122    104.952     86.629     85.806     6.4237    31.8914  1025.4450    25.0458     6.4165     45.061    75.9919     0.0874      7.786     3.1467     4.4969    137.097    140.530  0.000e+00
   58.22138 -135.53122    104.952     86.629     85.806     6.4239    31.8913  1025.4448    25.0457     6.4166     45.057    75.9919     0.0581      7.786     3.1464     4.4965    137.085    140.518  0.000e+00
   58.22138 -135.53122    104.952     86.629     85.806     6.4241    31.8910  1025.4446    25.0455     6.4169     45.060    75.9919     0.0874      7.786     3.1466     4.4968    137.095    140.528  0.000e+00
   58.22138 -135.53122    104.992     86.669     85.847     6.4241    31.8910  1025.4448    25.0455     6.4169     45.007    75.9919     0.0874      7.786     3.1429     4.4916    136.934    140.363  0.000e+00
   58.22138 -135.53122    104.952     86.629     85.806     6.4229    31.8923  1025.4458    25.0467     6.4157     45.059    75.9919     0.0874      7.786     3.1466     4.4968    137.094    140.527  0.000e+00
   58.22138 -135.53122    105.008     86.685     85.863     6.4204    31.8956  1025.4490    25.0496     6.4131     45.063    75.9919     0.0581      7.786     3.1470     4.4973    137.109    140.544  0.000e+00
   58.22138 -135.53122    104.952     86.629     85.806     6.4186    31.8976  1025.4505    25.0514     6.4113     45.065    75.9919     0.0581      7.786     3.1472     4.4977    137.120    140.555  0.000e+00
   58.22138 -135.53122    105.008     86.685     85.863     6.4175    31.8990  1025.4520    25.0526     6.4103     45.068    75.9919     0.0581      7.786     3.1475     4.4981    137.131    140.566  0.000e+00
   58.22138 -135.53122    104.967     86.669     85.846     6.4173    31.8992  1025.4521    25.0528     6.4101     45.070    75.9919     0.0581      7.786     3.1476     4.4982    137.137    140.572  0.000e+00
   58.22138 -135.53122    104.903     86.629     85.806     6.4171    31.8997  1025.4523    25.0532     6.4099     45.071    75.9919     0.0874      7.786     3.1477     4.4984    137.141    140.577  0.000e+00
   58.22138 -135.53122    104.935     86.685     85.862     6.4168    31.9000  1025.4529    25.0535     6.4096     45.073    75.9919     0.0581      7.786     3.1478     4.4986    137.147    140.583  0.000e+00
   58.22138 -135.53122    104.959     86.685     85.862     6.4162    31.9009  1025.4536    25.0542     6.4090     45.074    75.9359     0.0581      7.786     3.1479     4.4987    137.151    140.587  0.000e+00
   58.22138 -135.53122    104.943     86.669     85.846     6.4143    31.9038  1025.4561    25.0567     6.4070     45.074    75.8520     0.0874      7.786     3.1481     4.4989    137.157    140.593  0.000e+00
   58.22138 -135.53122    104.935     86.685     85.862     6.4110    31.9079  1025.4598    25.0604     6.4038     45.075    75.8241     0.0581      7.786     3.1483     4.4992    137.165    140.602  0.000e+00
   58.22138 -135.53122    104.935     86.685     85.862     6.4095    31.9101  1025.4618    25.0623     6.4022     45.075    75.8241     0.0874      7.791     3.1484     4.4993    137.168    140.606  0.000e+00
   58.22138 -135.53122    104.934     86.685     85.862     6.4076    31.9122  1025.4637    25.0643     6.4004     45.075    75.8241     0.0874      7.786     3.1485     4.4995    137.172    140.610  0.000e+00
   58.22138 -135.53122    104.934     86.685     85.862     6.4049    31.9152  1025.4664    25.0669     6.3977     45.075    75.8241     0.0581      7.786     3.1486     4.4996    137.176    140.615  0.000e+00
   58.22138 -135.53122    104.975     86.726     85.902     6.4038    31.9166  1025.4678    25.0682     6.3966     45.074    75.8241     0.0581      7.786     3.1486     4.4996    137.177    140.615  0.000e+00
   58.22138 -135.53122    104.934     86.685     85.862     6.4017    31.9196  1025.4702    25.0708     6.3945     45.081    75.8241     0.0874      7.786     3.1491     4.5004    137.201    140.641  0.000e+00
   58.22138 -135.53122    104.903     86.629     85.806     6.3982    31.9239  1025.4738    25.0746     6.3910     45.080    75.8241     0.0581      7.786     3.1492     4.5006    137.204    140.644  0.000e+00
   58.22138 -135.53122    105.023     86.750     85.926     6.3972    31.9254  1025.4757    25.0760     6.3900     45.079    75.8241     0.0581      7.786     3.1492     4.5005    137.203    140.644  0.000e+00
   58.22138 -135.53122    104.999     86.726     85.902     6.3965    31.9260  1025.4761    25.0765     6.3893     45.077    75.8241     0.0874      7.786     3.1491     4.5004    137.199    140.639  0.000e+00
   58.22138 -135.53122    104.959     86.685     85.862     6.3948    31.9283  1025.4780    25.0786     6.3876     45.075    75.8241     0.0874      7.786     3.1490     4.5003    137.195    140.635  0.000e+00
   58.22138 -135.53122    104.959     86.685     85.862     6.3937    31.9297  1025.4792    25.0798     6.3864     45.072    75.8241     0.0581      7.786     3.1489     4.5001    137.190    140.630  0.000e+00
   58.22138 -135.53122    104.927     86.629     85.806     6.3928    31.9312  1025.4803    25.0811     6.3856     45.069    75.8241     0.0874      7.786     3.1487     4.4998    137.181    140.622  0.000e+00
   58.22138 -135.53122    105.103     86.807     85.983     6.3925    31.9312  1025.4811    25.0811     6.3853     45.067    75.8241     0.0874      7.786     3.1486     4.4997    137.176    140.616  0.000e+00
   58.22138 -135.53122    105.023     86.726     85.902     6.3917    31.9318  1025.4813    25.0817     6.3845     45.063    75.8241     0.0874      7.786     3.1484     4.4993    137.166    140.606  0.000e+00
   58.22138 -135.53122    105.023     86.750     85.926     6.3911    31.9330  1025.4824    25.0827     6.3839     45.068    75.8241     0.0874      7.786     3.1487     4.4998    137.180    140.621  0.000e+00
   58.22138 -135.53122    104.959     86.685     85.862     6.3907    31.9332  1025.4824    25.0829     6.3834     45.063    75.8241     0.0874      7.786     3.1484     4.4994    137.168    140.609  0.000e+00
   58.22138 -135.53122    104.959     86.685     85.862     6.3903    31.9337  1025.4828    25.0833     6.3831     45.059    75.8241     0.0874      7.786     3.1482     4.4990    137.156    140.597  0.000e+00
   58.22138 -135.53122    105.055     86.782     85.958     6.3901    31.9336  1025.4832    25.0833     6.3829     45.055    75.8241     0.0581      7.786     3.1479     4.4987    137.145    140.585  0.000e+00
   58.22138 -135.53122    104.959     86.685     85.862     6.3903    31.9334  1025.4826    25.0831     6.3831     45.050    75.5164     0.0874      7.786     3.1475     4.4981    137.128    140.568  0.000e+00
   58.22138 -135.53122    104.998     86.750     85.926     6.3903    31.9334  1025.4829    25.0831     6.3831     45.045    74.9291     0.0874      7.786     3.1472     4.4976    137.114    140.553  0.000e+00
   58.22138 -135.53122    104.934     86.685     85.862     6.3903    31.9337  1025.4828    25.0833     6.3831     45.039    74.7333     0.0581      7.786     3.1468     4.4970    137.096    140.534  0.000e+00
   58.22138 -135.53122    104.998     86.750     85.926     6.3904    31.9334  1025.4828    25.0831     6.3832     45.034    74.7333     0.0874      7.786     3.1464     4.4965    137.079    140.517  0.000e+00
   58.22138 -135.53122    104.974     86.726     85.902     6.3907    31.9332  1025.4826    25.0830     6.3834     45.028    74.7612     0.0581      7.786     3.1459     4.4958    137.059    140.497  0.000e+00
   58.22138 -135.53122    104.998     86.750     85.926     6.3911    31.9323  1025.4819    25.0822     6.3839     45.021    74.7612     0.0874      7.786     3.1455     4.4952    137.039    140.477  0.000e+00
   58.22138 -135.53122    104.974     86.750     85.926     6.3916    31.9317  1025.4813    25.0816     6.3844     45.023    74.7612     0.0874      7.786     3.1455     4.4953    137.042    140.479  0.000e+00
   58.22138 -135.53122    104.974     86.750     85.926     6.3921    31.9314  1025.4811    25.0813     6.3849     45.024    74.7612     0.0874      7.786     3.1456     4.4954    137.045    140.482  0.000e+00
   58.22138 -135.53122    104.950     86.726     85.902     6.3922    31.9307  1025.4804    25.0808     6.3850     45.025    74.7612     0.0874      7.786     3.1457     4.4955    137.048    140.486  0.000e+00
   58.22138 -135.53122    104.974     86.750     85.926     6.3924    31.9307  1025.4805    25.0807     6.3851     45.026    74.7612     0.0581      7.786     3.1458     4.4956    137.052    140.490  0.000e+00
   58.22138 -135.53122    104.974     86.750     85.926     6.3925    31.9303  1025.4802    25.0804     6.3853     45.028    74.7612     0.0581      7.786     3.1458     4.4957    137.056    140.493  0.000e+00
   58.22138 -135.53122    104.934     86.685     85.862     6.3927    31.9301  1025.4796    25.0802     6.3855     45.028    74.7612     0.0581      7.786     3.1459     4.4958    137.058    140.496  0.000e+00
   58.22138 -135.53122    105.079     86.807     85.982     6.3930    31.9295  1025.4797    25.0797     6.3858     45.030    74.7612     0.0581      7.786     3.1460     4.4960    137.064    140.501  0.000e+00
   58.22138 -135.53122    104.943     86.669     85.846     6.3929    31.9300  1025.4795    25.0801     6.3857     45.031    74.7612     0.0874      7.786     3.1461     4.4960    137.065    140.503  0.000e+00
   58.22138 -135.53122    105.079     86.806     85.982     6.3932    31.9298  1025.4800    25.0800     6.3859     45.033    74.7612     0.0874      7.786     3.1462     4.4962    137.071    140.509  0.000e+00
   58.22138 -135.53122    105.023     86.750     85.926     6.3929    31.9304  1025.4802    25.0804     6.3856     45.026    74.7612     0.0581      7.786     3.1457     4.4955    137.050    140.487  0.000e+00
   58.22138 -135.53122    104.998     86.750     85.926     6.3927    31.9304  1025.4802    25.0804     6.3855     45.019    74.7612     0.0874      7.786     3.1452     4.4948    137.029    140.465  0.000e+00
   58.22138 -135.53122    105.055     86.782     85.958     6.3925    31.9306  1025.4805    25.0807     6.3853     44.955    74.7612     0.0874      7.786     3.1408     4.4885    136.835    140.267  0.000e+00
   58.22138 -135.53122    104.998     86.750     85.926     6.3922    31.9310  1025.4807    25.0810     6.3850     44.948    74.7612     0.0581      7.786     3.1403     4.4878    136.814    140.245  0.000e+00
   58.22138 -135.53122    104.959     86.685     85.862     6.3922    31.9311  1025.4805    25.0811     6.3850     44.941    74.7612     0.0874      7.786     3.1398     4.4871    136.792    140.223  0.000e+00
   58.22138 -135.53122    105.054     86.806     85.982     6.3925    31.9308  1025.4808    25.0808     6.3853     44.935    74.7053     0.0874      7.786     3.1394     4.4865    136.774    140.204  0.000e+00
   58.22138 -135.53122    104.998     86.750     85.926     6.3927    31.9304  1025.4802    25.0804     6.3855     44.920    74.5095     0.0581      7.786     3.1383     4.4850    136.729    140.159  0.000e+00
   58.22138 -135.53122    104.974     86.726     85.902     6.3925    31.9307  1025.4803    25.0807     6.3853     44.914    74.4256     0.0874      7.786     3.1379     4.4844    136.711    140.140  0.000e+00
   58.22138 -135.53122    104.998     86.750     85.926     6.3925    31.9305  1025.4803    25.0806     6.3853     44.909    74.4256     0.0874      7.786     3.1375     4.4838    136.694    140.122  0.000e+00
   58.22138 -135.53122    104.998     86.750     85.926     6.3921    31.9311  1025.4808    25.0811     6.3849     44.903    74.4256     0.0581      7.786     3.1372     4.4833    136.678    140.106  0.000e+00
