EcoFOCI/data/1_SampleCollection/2022_GOA-OA_CruiseData/CTD_raw_BottleFile_RC0083/RC0083_038.ros
* Sea-Bird SBE 9 Data File:
* FileName = C:\Data\RC0083ctd\RC0083_038.hex
* Software Version Seasave V 7.26.7.107
* Temperature SN = 2060
* Conductivity SN = 1084
* Number of Bytes Per Scan = 31
* Number of Voltage Words = 4
* Number of Scans Averaged by the Deck Unit = 1
* NMEA Latitude = 58 13.26 N
* NMEA Longitude = 135 31.81 W
* NMEA UTC (Time) = Aug 18 2022  11:39:46
* NMEA baud rate = 4800
** Ship: R/V Rachel Carson
** Cruise ID: RC0083
** Tech: McHugh/Nomura
** Chief Scientist: Cross
** Station: ISA
** Cast:  CTD038
# nquan = 21
# nvalues = 196                                   
# units = specified
# name 0 = latitude: Latitude [deg]
# name 1 = longitude: Longitude [deg]
# name 2 = sfdSM: Seafloor depth [salt water, m]
# name 3 = prDM: Pressure, Digiquartz [db]
# name 4 = depSM: Depth [salt water, m]
# name 5 = t090C: Temperature [ITS-90, deg C]
# name 6 = sal00: Salinity, Practical [PSU]
# name 7 = density00: Density [density, kg/m^3]
# name 8 = sigma-é00: Density [sigma-theta, kg/m^3]
# name 9 = potemp090C: Potential Temperature [ITS-90, deg C]
# name 10 = sbeox0PS: Oxygen, SBE 43 [% saturation]
# name 11 = CStarTr0: Beam Transmission, WET Labs C-Star [%]
# name 12 = flECO-AFL: Fluorescence, WET Labs ECO-AFL/FL [mg/m^3]
# name 13 = ph: pH
# name 14 = sbeox0ML/L: Oxygen, SBE 43 [ml/l]
# name 15 = sbeox0Mg/L: Oxygen, SBE 43 [mg/l]
# name 16 = sbox0Mm/Kg: Oxygen, SBE 43 [umol/kg]
# name 17 = sbeox0Mm/L: Oxygen, SBE 43 [umol/l]
# name 18 = scan: Scan Count
# name 19 = nbf: Bottles Fired
# name 20 = flag:  0.000e+00
# interval = seconds: 0.0416667
# start_time = Aug 18 2022 11:39:46 [NMEA time, header]
# bad_flag = -9.990e-29
*END*
[from data line 69]
   58.22158 -135.53124    106.313     52.571     52.076     7.1742    31.0124  1024.4986    24.2569     7.1696     54.475    88.4381     0.2046      7.870     3.7602     5.3737    163.954    167.931      10569          2  0.000e+00
   58.22158 -135.53124    106.313     52.571     52.076     7.1743    31.0124  1024.4987    24.2570     7.1697     54.478    88.4101     0.2046      7.870     3.7605     5.3741    163.965    167.942      10570          2  0.000e+00
   58.22158 -135.53124    106.313     52.571     52.076     7.1742    31.0130  1024.4992    24.2575     7.1695     54.483    88.4101     0.2046      7.870     3.7607     5.3745    163.977    167.955      10571          2  0.000e+00
   58.22158 -135.53124    106.313     52.571     52.076     7.1743    31.0130  1024.4991    24.2574     7.1697     54.487    88.4101     0.2046      7.870     3.7610     5.3749    163.989    167.967      10572          2  0.000e+00
   58.22158 -135.53124    106.313     52.571     52.076     7.1742    31.0126  1024.4989    24.2572     7.1696     54.491    88.4101     0.2046      7.870     3.7614     5.3754    164.004    167.982      10573          2  0.000e+00
   58.22158 -135.53124    106.313     52.571     52.076     7.1743    31.0129  1024.4990    24.2573     7.1697     54.496    88.3821     0.2046      7.870     3.7617     5.3758    164.018    167.997      10574          2  0.000e+00
   58.22158 -135.53124    106.313     52.571     52.076     7.1744    31.0123  1024.4985    24.2568     7.1698     54.446    88.3821     0.2046      7.870     3.7582     5.3708    163.866    167.841      10575          2  0.000e+00
   58.22158 -135.53124    106.377     52.636     52.140     7.1744    31.0125  1024.4990    24.2570     7.1698     54.445    88.3821     0.2046      7.870     3.7581     5.3707    163.863    167.837      10576          2  0.000e+00
   58.22158 -135.53124    106.313     52.571     52.076     7.1742    31.0126  1024.4988    24.2571     7.1696     54.443    88.4101     0.2046      7.870     3.7580     5.3706    163.859    167.834      10577          2  0.000e+00
   58.22158 -135.53124    106.289     52.571     52.076     7.1744    31.0125  1024.4987    24.2570     7.1698     54.443    88.4101     0.2046      7.870     3.7580     5.3706    163.857    167.832      10578          2  0.000e+00
   58.22158 -135.53124    106.289     52.571     52.076     7.1742    31.0128  1024.4990    24.2573     7.1695     54.443    88.3821     0.2046      7.870     3.7580     5.3706    163.859    167.834      10579          2  0.000e+00
   58.22158 -135.53124    106.289     52.571     52.076     7.1743    31.0125  1024.4988    24.2571     7.1697     54.444    88.4101     0.2046      7.870     3.7581     5.3707    163.862    167.836      10580          2  0.000e+00
   58.22158 -135.53124    106.345     52.628     52.132     7.1742    31.0124  1024.4989    24.2570     7.1695     54.446    88.4101     0.2046      7.870     3.7582     5.3709    163.868    167.843      10581          2  0.000e+00
   58.22158 -135.53124    106.289     52.571     52.076     7.1741    31.0124  1024.4987    24.2570     7.1695     54.448    88.4101     0.2046      7.870     3.7584     5.3711    163.874    167.849      10582          2  0.000e+00
   58.22158 -135.53124    106.289     52.571     52.076     7.1742    31.0129  1024.4991    24.2574     7.1695     54.443    88.4101     0.2046      7.870     3.7580     5.3706    163.858    167.833      10583          2  0.000e+00
   58.22158 -135.53122    106.353     52.636     52.140     7.1739    31.0129  1024.4994    24.2574     7.1693     54.447    88.4101     0.2046      7.870     3.7583     5.3710    163.870    167.845      10584          2  0.000e+00
   58.22158 -135.53122    106.289     52.571     52.076     7.1742    31.0124  1024.4987    24.2570     7.1695     54.450    88.4101     0.2046      7.870     3.7585     5.3713    163.879    167.854      10585          2  0.000e+00
   58.22158 -135.53122    106.289     52.571     52.076     7.1737    31.0131  1024.4993    24.2576     7.1691     54.446    88.4101     0.1753      7.870     3.7583     5.3710    163.870    167.845      10586          2  0.000e+00
   58.22158 -135.53122    106.345     52.628     52.132     7.1737    31.0131  1024.4995    24.2576     7.1690     54.500    88.3821     0.1753      7.870     3.7620     5.3762    164.030    168.009      10587          2  0.000e+00
   58.22158 -135.53122    106.353     52.636     52.140     7.1737    31.0132  1024.4997    24.2577     7.1690     54.448    88.4101     0.1753      7.870     3.7584     5.3711    163.875    167.850      10588          2  0.000e+00
   58.22158 -135.53122    106.289     52.571     52.076     7.1733    31.0134  1024.4996    24.2579     7.1687     54.445    88.4101     0.1753      7.870     3.7582     5.3709    163.867    167.842      10589          2  0.000e+00
   58.22158 -135.53122    106.345     52.628     52.132     7.1732    31.0134  1024.4998    24.2579     7.1686     54.443    88.4101     0.1753      7.870     3.7581     5.3707    163.861    167.836      10590          2  0.000e+00
   58.22158 -135.53122    106.289     52.571     52.076     7.1735    31.0132  1024.4994    24.2577     7.1689     54.440    88.3542     0.1753      7.870     3.7579     5.3704    163.852    167.827      10591          2  0.000e+00
   58.22158 -135.53122    106.345     52.628     52.132     7.1738    31.0129  1024.4994    24.2574     7.1692     54.439    88.3542     0.1753      7.870     3.7578     5.3702    163.847    167.821      10592          2  0.000e+00
   58.22158 -135.53122    106.353     52.636     52.140     7.1742    31.0130  1024.4994    24.2574     7.1695     54.430    88.3542     0.1753      7.870     3.7571     5.3693    163.818    167.792      10593          2  0.000e+00
   58.22158 -135.53122    106.345     52.628     52.132     7.1742    31.0126  1024.4991    24.2571     7.1696     54.484    88.3542     0.1753      7.870     3.7608     5.3746    163.981    167.959      10594          2  0.000e+00
   58.22158 -135.53122    106.289     52.571     52.076     7.1742    31.0128  1024.4990    24.2573     7.1695     54.433    88.3542     0.1753      7.870     3.7574     5.3696    163.830    167.804      10595          2  0.000e+00
   58.22158 -135.53122    106.345     52.628     52.132     7.1739    31.0128  1024.4993    24.2573     7.1693     54.433    88.3542     0.1753      7.870     3.7573     5.3696    163.828    167.802      10596          2  0.000e+00
   58.22158 -135.53122    106.353     52.636     52.140     7.1742    31.0130  1024.4994    24.2574     7.1695     54.488    88.3542     0.1753      7.870     3.7611     5.3750    163.992    167.970      10597          2  0.000e+00
   58.22164 -135.53130    124.669     26.134     25.890     7.6204    30.4389  1023.8665    23.7465     7.6180     60.113    87.3473     0.4097      7.922     4.1226     5.8915    179.843    184.113      12512          3  0.000e+00
   58.22164 -135.53130    124.202     25.835     25.594     7.6202    30.4393  1023.8654    23.7468     7.6179     60.056    87.3473     0.4097      7.922     4.1187     5.8860    179.673    183.940      12513          3  0.000e+00
   58.22164 -135.53130    124.434     26.069     25.826     7.6202    30.4395  1023.8667    23.7470     7.6178     60.052    87.3473     0.4097      7.922     4.1184     5.8856    179.660    183.926      12514          3  0.000e+00
   58.22164 -135.53130    124.522     26.134     25.890     7.6202    30.4395  1023.8670    23.7470     7.6178     60.046    87.3473     0.4097      7.922     4.1180     5.8850    179.643    183.909      12515          3  0.000e+00
   58.22164 -135.53130    124.346     25.956     25.714     7.6205    30.4394  1023.8660    23.7468     7.6181     60.038    87.3473     0.4097      7.922     4.1174     5.8842    179.619    183.884      12516          3  0.000e+00
   58.22164 -135.53130    124.458     26.069     25.826     7.6204    30.4395  1023.8667    23.7470     7.6180     60.033    87.3473     0.4097      7.922     4.1171     5.8837    179.603    183.868      12517          3  0.000e+00
   58.22164 -135.53130    124.402     26.013     25.770     7.6203    30.4393  1023.8663    23.7468     7.6180     60.026    87.3473     0.4097      7.922     4.1166     5.8831    179.583    183.848      12518          3  0.000e+00
   58.22164 -135.53130    124.402     26.013     25.770     7.6202    30.4395  1023.8665    23.7470     7.6178     60.020    87.3473     0.4097      7.922     4.1162     5.8825    179.565    183.829      12519          3  0.000e+00
   58.22164 -135.53130    124.402     26.013     25.770     7.6202    30.4395  1023.8665    23.7470     7.6178     60.014    87.3473     0.4097      7.922     4.1158     5.8818    179.546    183.810      12520          3  0.000e+00
   58.22164 -135.53130    124.402     26.013     25.770     7.6202    30.4398  1023.8666    23.7472     7.6178     60.007    87.3473     0.4097      7.922     4.1153     5.8812    179.527    183.791      12521          3  0.000e+00
   58.22164 -135.53130    119.762     26.013     25.770     7.6204    30.4393  1023.8662    23.7468     7.6181     60.001    87.3473     0.4097      7.922     4.1149     5.8806    179.508    183.771      12522          3  0.000e+00
   58.22164 -135.53130    109.091     26.013     25.770     7.6202    30.4393  1023.8663    23.7468     7.6178     59.995    87.3473     0.4097      7.922     4.1145     5.8800    179.491    183.753      12523          3  0.000e+00
   58.22164 -135.53130    105.574     26.013     25.770     7.6202    30.4395  1023.8664    23.7469     7.6178     59.989    87.3473     0.4097      7.922     4.1141     5.8794    179.472    183.734      12524          3  0.000e+00
   58.22164 -135.53130    105.648     26.013     25.770     7.6202    30.4389  1023.8660    23.7466     7.6178     59.982    87.3473     0.4097      7.922     4.1136     5.8788    179.454    183.715      12525          3  0.000e+00
   58.22164 -135.53130    106.087     26.013     25.770     7.6202    30.4392  1023.8662    23.7467     7.6178     59.976    87.3473     0.4097      7.917     4.1132     5.8782    179.435    183.696      12526          3  0.000e+00
   58.22164 -135.53130    106.209     26.013     25.770     7.6204    30.4391  1023.8661    23.7466     7.6181     59.970    87.3473     0.4097      7.922     4.1128     5.8775    179.415    183.676      12527          3  0.000e+00
   58.22164 -135.53130    106.209     26.013     25.770     7.6202    30.4393  1023.8663    23.7468     7.6178     59.964    87.3473     0.4097      7.922     4.1123     5.8770    179.397    183.657      12528          3  0.000e+00
   58.22164 -135.53130    106.065     25.892     25.650     7.6202    30.4396  1023.8659    23.7470     7.6179     59.957    87.3473     0.4097      7.922     4.1118     5.8762    179.375    183.635      12529          3  0.000e+00
   58.22164 -135.53130    106.305     26.134     25.890     7.6203    30.4390  1023.8666    23.7466     7.6180     60.015    87.3473     0.4097      7.922     4.1159     5.8820    179.550    183.814      12530          3  0.000e+00
   58.22164 -135.53130    106.185     26.013     25.770     7.6207    30.4386  1023.8657    23.7462     7.6183     60.015    87.3753     0.4390      7.922     4.1158     5.8819    179.549    183.813      12531          3  0.000e+00
   58.22164 -135.53130    106.185     26.013     25.770     7.6204    30.4386  1023.8657    23.7463     7.6181     59.968    87.4312     0.4390      7.922     4.1126     5.8773    179.409    183.669      12532          3  0.000e+00
   58.22164 -135.53130    106.185     26.013     25.770     7.6203    30.4387  1023.8658    23.7463     7.6180     59.969    87.4312     0.4390      7.922     4.1127     5.8775    179.413    183.673      12533          3  0.000e+00
   58.22164 -135.53130    106.065     25.892     25.650     7.6205    30.4386  1023.8651    23.7462     7.6181     60.017    87.4312     0.4390      7.922     4.1160     5.8822    179.557    183.821      12534          3  0.000e+00
   58.22164 -135.53130    106.241     26.069     25.826     7.6205    30.4387  1023.8660    23.7463     7.6181     60.019    87.4312     0.4390      7.922     4.1162     5.8824    179.564    183.828      12535          3  0.000e+00
   58.22164 -135.53130    106.305     26.134     25.890     7.6205    30.4385  1023.8662    23.7461     7.6182     59.965    87.4312     0.4390      7.922     4.1124     5.8771    179.401    183.661      12536          3  0.000e+00
   58.22164 -135.53130    111.452     25.956     25.714     7.6203    30.4389  1023.8657    23.7465     7.6180     59.957    87.4312     0.4390      7.922     4.1119     5.8763    179.378    183.638      12537          3  0.000e+00
   58.22164 -135.53130    121.862     26.013     25.770     7.6205    30.4386  1023.8657    23.7462     7.6181     59.959    87.4312     0.4390      7.922     4.1120     5.8764    179.382    183.641      12538          3  0.000e+00
   58.22164 -135.53130    124.941     25.892     25.650     7.6205    30.4384  1023.8650    23.7460     7.6181     60.014    87.4312     0.4390      7.922     4.1158     5.8819    179.548    183.812      12539          3  0.000e+00
   58.22164 -135.53130    125.035     26.134     25.890     7.6207    30.4382  1023.8659    23.7459     7.6183     59.969    87.4312     0.4390      7.922     4.1127     5.8775    179.413    183.673      12540          3  0.000e+00
   58.22164 -135.53130    124.500     26.013     25.770     7.6204    30.4386  1023.8657    23.7462     7.6181     59.970    87.4312     0.4390      7.922     4.1128     5.8775    179.415    183.676      12541          3  0.000e+00
   58.22164 -135.53130    124.353     26.013     25.770     7.6207    30.4381  1023.8653    23.7458     7.6183     60.027    87.4312     0.4390      7.922     4.1167     5.8831    179.585    183.850      12542          3  0.000e+00
   58.22164 -135.53130    124.378     26.013     25.770     7.6207    30.4385  1023.8656    23.7461     7.6183     60.036    87.4312     0.4390      7.922     4.1173     5.8840    179.612    183.877      12543          3  0.000e+00
   58.22164 -135.53130    124.402     26.013     25.770     7.6203    30.4383  1023.8655    23.7460     7.6180     59.989    87.4312     0.4390      7.922     4.1141     5.8795    179.474    183.736      12544          3  0.000e+00
   58.22164 -135.53130    124.402     26.013     25.770     7.6207    30.4384  1023.8655    23.7460     7.6183     60.047    87.4312     0.4683      7.922     4.1180     5.8851    179.645    183.910      12545          3  0.000e+00
   58.22164 -135.53130    124.402     26.013     25.770     7.6205    30.4383  1023.8655    23.7460     7.6182     60.056    87.4312     0.4683      7.922     4.1187     5.8860    179.673    183.939      12546          3  0.000e+00
   58.22164 -135.53130    124.346     25.956     25.714     7.6207    30.4385  1023.8653    23.7461     7.6183     60.065    87.4312     0.4390      7.922     4.1192     5.8868    179.698    183.965      12547          3  0.000e+00
   58.22164 -135.53130    124.402     26.013     25.770     7.6205    30.4384  1023.8655    23.7461     7.6181     60.074    87.4312     0.4390      7.922     4.1199     5.8878    179.728    183.996      12548          3  0.000e+00
   58.22164 -135.53130    124.402     26.013     25.770     7.6207    30.4387  1023.8657    23.7463     7.6183     60.084    87.4312     0.4390      7.922     4.1205     5.8887    179.755    184.023      12549          3  0.000e+00
   58.22164 -135.53130    124.402     26.013     25.770     7.6205    30.4383  1023.8654    23.7460     7.6181     60.085    87.4312     0.4390      7.922     4.1207     5.8889    179.761    184.030      12550          3  0.000e+00
