EcoFOCI/data/1_SampleCollection/2022_GOA-OA_CruiseData/CTD_raw_BottleFile_RC0083/RC0083_020.ros
* Sea-Bird SBE 9 Data File:
* FileName = C:\Data\RC0083ctd\RC0083_020.hex
* Software Version Seasave V 7.26.7.107
* Temperature SN = 2060
* Conductivity SN = 1084
* Number of Bytes Per Scan = 31
* Number of Voltage Words = 4
* Number of Scans Averaged by the Deck Unit = 1
* NMEA Latitude = 56 11.35 N
* NMEA Longitude = 134 37.16 W
* NMEA UTC (Time) = Aug 13 2022  19:18:30
* NMEA baud rate = 4800
** Ship: R/V Rachel Carson
** Cruise ID: RC0083 RC0083
** Tech: McHugh/Nomura
** Chief Scientist: Cross Cross
** Station: CS5
** Cast:  020
# nquan = 21
# nvalues = 392                                   
# units = specified
# name 0 = latitude: Latitude [deg]
# name 1 = longitude: Longitude [deg]
# name 2 = sfdSM: Seafloor depth [salt water, m]
# name 3 = prDM: Pressure, Digiquartz [db]
# name 4 = depSM: Depth [salt water, m]
# name 5 = t090C: Temperature [ITS-90, deg C]
# name 6 = sal00: Salinity, Practical [PSU]
# name 7 = density00: Density [density, kg/m^3]
# name 8 = sigma-é00: Density [sigma-theta, kg/m^3]
# name 9 = potemp090C: Potential Temperature [ITS-90, deg C]
# name 10 = sbeox0PS: Oxygen, SBE 43 [% saturation]
# name 11 = CStarTr0: Beam Transmission, WET Labs C-Star [%]
# name 12 = flECO-AFL: Fluorescence, WET Labs ECO-AFL/FL [mg/m^3]
# name 13 = ph: pH
# name 14 = sbeox0ML/L: Oxygen, SBE 43 [ml/l]
# name 15 = sbeox0Mg/L: Oxygen, SBE 43 [mg/l]
# name 16 = sbox0Mm/Kg: Oxygen, SBE 43 [umol/kg]
# name 17 = sbeox0Mm/L: Oxygen, SBE 43 [umol/l]
# name 18 = scan: Scan Count
# name 19 = nbf: Bottles Fired
# name 20 = flag:  0.000e+00
# interval = seconds: 0.0416667
# start_time = Aug 13 2022 19:18:30 [NMEA time, header]
# bad_flag = -9.990e-29
*END*
   56.19036 -134.62034    361.120    355.136    351.596     5.3404    33.8177  1028.3377    26.7019     5.3120     25.012   105.8348    -0.0884      7.697     1.7688     2.5279     76.942     78.997      14872          1  0.000e+00
   56.19036 -134.62034    361.032    355.047    351.508     5.3405    33.8183  1028.3377    26.7023     5.3120     25.018   105.8348    -0.0884      7.697     1.7693     2.5285     76.961     79.016      14873          1  0.000e+00
   56.19036 -134.62034    360.992    354.982    351.444     5.3403    33.8183  1028.3374    26.7023     5.3118     25.025   105.8348    -0.0884      7.702     1.7698     2.5292     76.983     79.038      14874          1  0.000e+00
   56.19036 -134.62034    360.968    354.957    351.420     5.3400    33.8178  1028.3369    26.7020     5.3115     25.023   105.8068    -0.0884      7.702     1.7697     2.5290     76.978     79.033      14875          1  0.000e+00
   56.19036 -134.62034    361.081    355.047    351.508     5.3398    33.8178  1028.3374    26.7021     5.3113     25.022   105.8348    -0.0884      7.702     1.7696     2.5289     76.973     79.029      14876          1  0.000e+00
   56.19036 -134.62034    360.872    354.835    351.299     5.3395    33.8184  1028.3369    26.7025     5.3110     25.028   105.8348    -0.0884      7.697     1.7700     2.5296     76.994     79.050      14877          1  0.000e+00
   56.19036 -134.62034    361.081    355.047    351.508     5.3392    33.8184  1028.3379    26.7026     5.3107     25.037   105.8907    -0.0884      7.697     1.7707     2.5304     77.021     79.078      14878          1  0.000e+00
   56.19036 -134.62034    360.896    354.860    351.323     5.3388    33.8186  1028.3373    26.7027     5.3104     25.044   105.9467    -0.0884      7.697     1.7712     2.5312     77.045     79.102      14879          1  0.000e+00
   56.19036 -134.62034    360.864    354.778    351.243     5.3389    33.8185  1028.3368    26.7027     5.3105     25.043   105.9746    -0.0884      7.702     1.7711     2.5311     77.042     79.099      14880          1  0.000e+00
   56.19036 -134.62034    361.009    354.925    351.387     5.3389    33.8186  1028.3376    26.7028     5.3104     25.043   105.9746    -0.0884      7.697     1.7711     2.5311     77.041     79.098      14881          1  0.000e+00
   56.19036 -134.62034    360.864    354.778    351.243     5.3389    33.8187  1028.3370    26.7028     5.3105     25.042   105.9467    -0.0884      7.697     1.7710     2.5310     77.037     79.094      14882          1  0.000e+00
   56.19036 -134.62034    360.743    354.681    351.146     5.3387    33.8187  1028.3366    26.7029     5.3103     25.050   105.9467    -0.0884      7.697     1.7716     2.5318     77.063     79.120      14883          1  0.000e+00
   56.19036 -134.62034    360.969    354.860    351.323     5.3388    33.8185  1028.3372    26.7027     5.3104     25.050   105.9467    -0.0884      7.697     1.7716     2.5318     77.063     79.121      14884          1  0.000e+00
   56.19036 -134.62034    360.817    354.657    351.122     5.3385    33.8188  1028.3365    26.7029     5.3101     25.049   105.9746    -0.0884      7.697     1.7716     2.5317     77.060     79.118      14885          1  0.000e+00
   56.19036 -134.62034    360.841    354.681    351.146     5.3385    33.8186  1028.3365    26.7028     5.3101     24.989   105.9467    -0.0884      7.697     1.7673     2.5257     76.876     78.929      14886          1  0.000e+00
   56.19036 -134.62034    360.817    354.657    351.122     5.3385    33.8184  1028.3362    26.7026     5.3101     25.040   105.9746    -0.0884      7.697     1.7709     2.5308     77.032     79.089      14887          1  0.000e+00
   56.19036 -134.62034    360.785    354.624    351.090     5.3382    33.8190  1028.3366    26.7032     5.3098     25.040   105.9746    -0.0884      7.702     1.7709     2.5308     77.032     79.089      14888          1  0.000e+00
   56.19036 -134.62034    360.866    354.657    351.122     5.3383    33.8188  1028.3366    26.7030     5.3099     25.040   105.9746    -0.0884      7.697     1.7709     2.5308     77.032     79.089      14889          1  0.000e+00
   56.19036 -134.62034    360.883    354.624    351.090     5.3383    33.8186  1028.3363    26.7028     5.3099     25.040   105.9746    -0.0884      7.697     1.7709     2.5308     77.032     79.089      14890          1  0.000e+00
   56.19036 -134.62034    360.818    354.559    351.026     5.3384    33.8189  1028.3362    26.7031     5.3100     25.099   105.9746    -0.0884      7.702     1.7751     2.5368     77.215     79.276      14891          1  0.000e+00
   56.19036 -134.62034    360.674    354.413    350.881     5.3383    33.8190  1028.3356    26.7032     5.3099     25.048   105.9746    -0.0884      7.697     1.7715     2.5316     77.056     79.114      14892          1  0.000e+00
   56.19036 -134.62034    360.818    354.559    351.026     5.3381    33.8187  1028.3361    26.7029     5.3097     25.048   105.9746    -0.0884      7.697     1.7715     2.5316     77.057     79.115      14893          1  0.000e+00
   56.19036 -134.62034    360.811    354.478    350.945     5.3382    33.8186  1028.3356    26.7029     5.3098     25.057   105.9746    -0.1177      7.697     1.7721     2.5325     77.083     79.142      14894          1  0.000e+00
   56.19036 -134.62034    360.795    354.437    350.905     5.3383    33.8188  1028.3356    26.7030     5.3099     25.056   105.9467    -0.0884      7.702     1.7721     2.5325     77.083     79.141      14895          1  0.000e+00
   56.19036 -134.62034    360.619    354.258    350.728     5.3382    33.8191  1028.3350    26.7032     5.3098     25.056   105.9746    -0.0884      7.702     1.7720     2.5324     77.081     79.139      14896          1  0.000e+00
   56.19036 -134.62034    360.836    354.478    350.945     5.3383    33.8188  1028.3358    26.7030     5.3099     25.057   105.9746    -0.0884      7.697     1.7721     2.5325     77.083     79.141      14897          1  0.000e+00
   56.19036 -134.62034    360.795    354.437    350.905     5.3383    33.8191  1028.3358    26.7032     5.3099     25.056   105.9467    -0.0884      7.702     1.7721     2.5325     77.083     79.141      14898          1  0.000e+00
   56.19036 -134.62034    360.788    354.356    350.825     5.3385    33.8188  1028.3352    26.7030     5.3101     25.056   105.9467    -0.0884      7.697     1.7721     2.5324     77.081     79.140      14899          1  0.000e+00
   56.19036 -134.62034    360.781    354.323    350.793     5.3385    33.8188  1028.3350    26.7029     5.3101     25.056   105.9467    -0.0884      7.697     1.7720     2.5324     77.081     79.139      14900          1  0.000e+00
   56.19036 -134.62034    360.748    354.291    350.761     5.3385    33.8190  1028.3350    26.7031     5.3101     25.056   105.9467    -0.0884      7.697     1.7720     2.5324     77.081     79.139      14901          1  0.000e+00
   56.19036 -134.62034    360.660    354.201    350.672     5.3385    33.8186  1028.3343    26.7028     5.3101     25.056   105.9467    -0.0884      7.697     1.7720     2.5324     77.080     79.138      14902          1  0.000e+00
   56.19036 -134.62034    360.684    354.201    350.672     5.3385    33.8187  1028.3344    26.7029     5.3101     25.056   105.9467    -0.0884      7.702     1.7720     2.5324     77.080     79.138      14903          1  0.000e+00
   56.19036 -134.62034    360.886    354.356    350.825     5.3384    33.8191  1028.3354    26.7032     5.3100     25.056   105.9467    -0.0884      7.702     1.7721     2.5324     77.082     79.140      14904          1  0.000e+00
   56.19036 -134.62034    360.693    354.136    350.608     5.3385    33.8191  1028.3344    26.7032     5.3101     25.055   105.9467    -0.0884      7.702     1.7720     2.5324     77.079     79.137      14905          1  0.000e+00
   56.19036 -134.62034    360.910    354.356    350.825     5.3385    33.8189  1028.3353    26.7031     5.3101     25.056   105.9467    -0.0884      7.697     1.7721     2.5324     77.081     79.140      14906          1  0.000e+00
   56.19036 -134.62034    360.693    354.136    350.608     5.3385    33.8189  1028.3342    26.7030     5.3101     25.055   105.9467    -0.0884      7.697     1.7720     2.5324     77.079     79.138      14907          1  0.000e+00
   56.19036 -134.62034    360.814    354.234    350.704     5.3385    33.8186  1028.3344    26.7028     5.3101     25.056   105.9467    -0.0884      7.702     1.7720     2.5324     77.080     79.139      14908          1  0.000e+00
   56.19036 -134.62034    360.806    354.201    350.672     5.3384    33.8189  1028.3346    26.7031     5.3100     25.056   105.9467    -0.0884      7.697     1.7720     2.5324     77.080     79.139      14909          1  0.000e+00
   56.19036 -134.62034    360.912    354.258    350.728     5.3385    33.8187  1028.3346    26.7029     5.3101     25.056   105.9467    -0.0884      7.697     1.7720     2.5324     77.081     79.139      14910          1  0.000e+00
   56.19036 -134.62034    360.767    354.112    350.584     5.3385    33.8188  1028.3341    26.7030     5.3101     25.055   105.9467    -0.0884      7.697     1.7720     2.5324     77.079     79.137      14911          1  0.000e+00
   56.19036 -134.62034    360.911    354.258    350.728     5.3384    33.8192  1028.3350    26.7033     5.3100     25.056   105.9467    -0.0884      7.702     1.7720     2.5324     77.081     79.139      14912          1  0.000e+00
   56.19036 -134.62034    360.856    354.177    350.648     5.3387    33.8188  1028.3343    26.7029     5.3103     25.056   105.9467    -0.0884      7.697     1.7720     2.5324     77.080     79.138      14913          1  0.000e+00
   56.19036 -134.62034    360.784    354.080    350.552     5.3385    33.8185  1028.3337    26.7028     5.3101     25.055   105.9467    -0.0884      7.697     1.7720     2.5324     77.079     79.137      14914          1  0.000e+00
   56.19036 -134.62034    361.025    354.323    350.793     5.3385    33.8184  1028.3347    26.7027     5.3101     25.056   105.9467    -0.0884      7.697     1.7721     2.5324     77.081     79.140      14915          1  0.000e+00
   56.19036 -134.62034    360.880    354.177    350.648     5.3388    33.8187  1028.3342    26.7028     5.3104     25.056   105.9467    -0.0884      7.697     1.7720     2.5324     77.079     79.138      14916          1  0.000e+00
   56.19036 -134.62034    360.960    354.258    350.728     5.3385    33.8189  1028.3348    26.7030     5.3101     25.056   105.9467    -0.0884      7.697     1.7720     2.5324     77.081     79.139      14917          1  0.000e+00
   56.19036 -134.62034    360.840    354.112    350.584     5.3385    33.8187  1028.3340    26.7029     5.3101     25.055   105.9187    -0.0884      7.702     1.7720     2.5324     77.079     79.137      14918          1  0.000e+00
   56.19036 -134.62034    361.130    354.380    350.849     5.3389    33.8183  1028.3349    26.7025     5.3105     25.056   105.8907    -0.0884      7.702     1.7720     2.5324     77.081     79.140      14919          1  0.000e+00
   56.19036 -134.62034    360.864    354.112    350.584     5.3389    33.8186  1028.3339    26.7028     5.3106     25.055   105.8628    -0.0884      7.702     1.7720     2.5323     77.078     79.137      14920          1  0.000e+00
   56.19112 -134.62042    299.540    202.856    200.908     5.6628    33.4077  1027.2726    26.3377     5.6464     32.205   105.4432    -0.0591      7.754     2.2665     3.2391     98.625    101.222      21382          2  0.000e+00
   56.19112 -134.62042    299.612    202.929    200.980     5.6628    33.4083  1027.2734    26.3382     5.6464     32.159   105.4432    -0.0591      7.754     2.2632     3.2344     98.483    101.077      21383          2  0.000e+00
   56.19112 -134.62042    299.612    202.929    200.980     5.6628    33.4085  1027.2736    26.3384     5.6464     32.163   105.4712    -0.0591      7.754     2.2635     3.2347     98.493    101.087      21384          2  0.000e+00
   56.19112 -134.62042    299.540    202.856    200.908     5.6628    33.4084  1027.2732    26.3382     5.6464     32.158   105.4712    -0.0591      7.754     2.2631     3.2342     98.477    101.071      21385          2  0.000e+00
   56.19112 -134.62042    299.612    202.929    200.980     5.6626    33.4082  1027.2734    26.3381     5.6462     32.162   105.4712    -0.0591      7.750     2.2634     3.2347     98.491    101.085      21386          2  0.000e+00
   56.19112 -134.62042    299.661    202.977    201.028     5.6629    33.4083  1027.2736    26.3381     5.6465     32.166   105.4712    -0.0591      7.754     2.2637     3.2351     98.503    101.098      21387          2  0.000e+00
   56.19112 -134.62042    299.556    202.872    200.924     5.6629    33.4082  1027.2731    26.3381     5.6465     32.161   105.4712    -0.0591      7.750     2.2634     3.2346     98.489    101.083      21388          2  0.000e+00
   56.19112 -134.62042    299.596    202.912    200.964     5.6629    33.4079  1027.2730    26.3379     5.6465     32.157   105.4992    -0.0591      7.750     2.2631     3.2342     98.477    101.071      21389          2  0.000e+00
   56.19112 -134.62042    299.612    202.929    200.980     5.6628    33.4084  1027.2735    26.3383     5.6464     32.153   105.4712    -0.0591      7.750     2.2628     3.2338     98.465    101.058      21390          2  0.000e+00
   56.19112 -134.62042    299.596    202.912    200.964     5.6626    33.4085  1027.2735    26.3384     5.6462     32.158   105.4712    -0.0591      7.750     2.2631     3.2343     98.478    101.072      21391          2  0.000e+00
   56.19112 -134.62042    299.612    202.929    200.980     5.6631    33.4080  1027.2731    26.3379     5.6467     32.163   105.4992    -0.0591      7.754     2.2635     3.2347     98.493    101.087      21392          2  0.000e+00
   56.19112 -134.62042    299.596    202.912    200.964     5.6628    33.4081  1027.2732    26.3380     5.6464     32.168   105.4992    -0.0591      7.750     2.2639     3.2353     98.509    101.104      21393          2  0.000e+00
   56.19114 -134.62042    299.612    202.929    200.980     5.6626    33.4084  1027.2735    26.3382     5.6462     32.165   105.4992    -0.0591      7.754     2.2636     3.2350     98.500    101.094      21394          2  0.000e+00
   56.19114 -134.62042    299.540    202.856    200.908     5.6628    33.4085  1027.2733    26.3384     5.6464     32.170   105.4712    -0.0591      7.750     2.2640     3.2355     98.516    101.110      21395          2  0.000e+00
   56.19114 -134.62042    299.669    202.985    201.036     5.6626    33.4083  1027.2737    26.3382     5.6462     32.177   105.4992    -0.0591      7.754     2.2645     3.2362     98.536    101.131      21396          2  0.000e+00
   56.19114 -134.62042    299.612    202.929    200.980     5.6626    33.4084  1027.2735    26.3382     5.6462     32.183   105.4992    -0.0591      7.754     2.2649     3.2368     98.554    101.150      21397          2  0.000e+00
   56.19114 -134.62042    299.596    202.912    200.964     5.6628    33.4083  1027.2733    26.3382     5.6464     32.189   105.4712    -0.0591      7.754     2.2653     3.2374     98.574    101.170      21398          2  0.000e+00
   56.19114 -134.62042    299.612    202.929    200.980     5.6624    33.4084  1027.2736    26.3383     5.6460     32.187   105.4992    -0.0591      7.754     2.2652     3.2373     98.570    101.166      21399          2  0.000e+00
   56.19114 -134.62042    299.596    202.912    200.964     5.6626    33.4086  1027.2736    26.3384     5.6462     32.194   105.4992    -0.0591      7.754     2.2657     3.2379     98.590    101.187      21400          2  0.000e+00
