EcoFOCI/data/1_SampleCollection/2022_GOA-OA_CruiseData/CTD_raw_BottleFile_RC0083/RC0083_025.ros
* Sea-Bird SBE 9 Data File:
* FileName = C:\Data\RC0083ctd\RC0083_025.hex
* Software Version Seasave V 7.26.7.107
* Temperature SN = 2060
* Conductivity SN = 1084
* Number of Bytes Per Scan = 31
* Number of Voltage Words = 4
* Number of Scans Averaged by the Deck Unit = 1
* NMEA Latitude = 56 31.10 N
* NMEA Longitude = 136 15.19 W
* NMEA UTC (Time) = Aug 15 2022  00:24:06
* NMEA baud rate = 4800
** Ship: R/V Rachel Carson
** Cruise ID: RC0083
** Tech: McHugh/Nomura
** Chief Scientist: Cross
** Station: SEC05
** Cast:  CTD025
# nquan = 21
# nvalues = 588                                   
# units = specified
# name 0 = latitude: Latitude [deg]
# name 1 = longitude: Longitude [deg]
# name 2 = sfdSM: Seafloor depth [salt water, m]
# name 3 = prDM: Pressure, Digiquartz [db]
# name 4 = depSM: Depth [salt water, m]
# name 5 = t090C: Temperature [ITS-90, deg C]
# name 6 = sal00: Salinity, Practical [PSU]
# name 7 = density00: Density [density, kg/m^3]
# name 8 = sigma-é00: Density [sigma-theta, kg/m^3]
# name 9 = potemp090C: Potential Temperature [ITS-90, deg C]
# name 10 = sbeox0PS: Oxygen, SBE 43 [% saturation]
# name 11 = CStarTr0: Beam Transmission, WET Labs C-Star [%]
# name 12 = flECO-AFL: Fluorescence, WET Labs ECO-AFL/FL [mg/m^3]
# name 13 = ph: pH
# name 14 = sbeox0ML/L: Oxygen, SBE 43 [ml/l]
# name 15 = sbeox0Mg/L: Oxygen, SBE 43 [mg/l]
# name 16 = sbox0Mm/Kg: Oxygen, SBE 43 [umol/kg]
# name 17 = sbeox0Mm/L: Oxygen, SBE 43 [umol/l]
# name 18 = scan: Scan Count
# name 19 = nbf: Bottles Fired
# name 20 = flag:  0.000e+00
# interval = seconds: 0.0416667
# start_time = Aug 15 2022 00:24:06 [NMEA time, header]
# bad_flag = -9.990e-29
*END*
[from data line 207]
   56.52078 -136.26588    398.136    302.489    299.504     4.8618    33.8709  1028.1960    26.7983     4.8388     21.121   106.8417    -0.0884      7.665     1.5102     2.1583     65.687     67.447      82628          5  0.000e+00
   56.52078 -136.26588    398.080    302.432    299.448     4.8629    33.8705  1028.1952    26.7978     4.8399     21.172   106.8137    -0.0884      7.665     1.5138     2.1634     65.844     67.608      82629          5  0.000e+00
   56.52078 -136.26588    398.136    302.489    299.504     4.8635    33.8705  1028.1954    26.7978     4.8405     21.113   106.8137    -0.0884      7.665     1.5096     2.1574     65.660     67.419      82630          5  0.000e+00
   56.52078 -136.26588    398.024    302.376    299.392     4.8645    33.8702  1028.1945    26.7974     4.8415     21.164   106.8417    -0.0884      7.665     1.5132     2.1625     65.815     67.579      82631          5  0.000e+00
   56.52078 -136.26588    397.960    302.311    299.327     4.8648    33.8702  1028.1942    26.7974     4.8418     21.163   106.8137    -0.1177      7.665     1.5132     2.1625     65.814     67.578      82632          5  0.000e+00
   56.52078 -136.26588    397.960    302.311    299.327     4.8650    33.8703  1028.1943    26.7975     4.8420     21.163   106.8137    -0.0884      7.665     1.5131     2.1624     65.812     67.576      82633          5  0.000e+00
   56.52078 -136.26588    397.960    302.311    299.327     4.8656    33.8703  1028.1942    26.7974     4.8426     21.171   106.8417    -0.0884      7.670     1.5137     2.1632     65.838     67.602      82634          5  0.000e+00
   56.52078 -136.26588    397.960    302.311    299.327     4.8663    33.8698  1028.1937    26.7969     4.8432     21.180   106.8417    -0.0884      7.670     1.5143     2.1641     65.864     67.629      82635          5  0.000e+00
   56.52078 -136.26588    397.904    302.254    299.271     4.8665    33.8694  1028.1931    26.7966     4.8435     21.188   106.8417    -0.0884      7.665     1.5149     2.1649     65.890     67.655      82636          5  0.000e+00
   56.52078 -136.26588    397.783    302.132    299.151     4.8668    33.8699  1028.1929    26.7969     4.8438     21.197   106.8417    -0.0884      7.670     1.5155     2.1658     65.915     67.681      82637          5  0.000e+00
   56.52078 -136.26588    397.904    302.254    299.271     4.8672    33.8699  1028.1934    26.7969     4.8442     21.196   106.8417    -0.0884      7.665     1.5154     2.1657     65.913     67.679      82638          5  0.000e+00
   56.52078 -136.26588    397.840    302.189    299.207     4.8675    33.8693  1028.1926    26.7964     4.8445     21.195   106.8417    -0.0884      7.670     1.5153     2.1656     65.908     67.674      82639          5  0.000e+00
   56.52078 -136.26588    397.783    302.132    299.151     4.8676    33.8699  1028.1928    26.7968     4.8446     21.193   106.8417    -0.1177      7.665     1.5152     2.1654     65.903     67.669      82640          5  0.000e+00
   56.52078 -136.26588    397.719    302.067    299.087     4.8681    33.8695  1028.1921    26.7965     4.8451     21.200   106.8417    -0.0884      7.665     1.5157     2.1661     65.925     67.691      82641          5  0.000e+00
   56.52078 -136.26588    397.848    302.197    299.215     4.8679    33.8697  1028.1929    26.7966     4.8449     21.199   106.8417    -0.0884      7.670     1.5156     2.1659     65.920     67.687      82642          5  0.000e+00
   56.52078 -136.26588    397.607    301.954    298.974     4.8681    33.8700  1028.1920    26.7969     4.8451     21.196   106.8417    -0.1177      7.665     1.5154     2.1656     65.911     67.677      82643          5  0.000e+00
   56.52078 -136.26588    397.663    302.011    299.031     4.8681    33.8702  1028.1924    26.7970     4.8451     21.203   106.8417    -0.1177      7.665     1.5159     2.1663     65.932     67.699      82644          5  0.000e+00
   56.52078 -136.26588    397.784    302.132    299.151     4.8688    33.8696  1028.1924    26.7964     4.8458     21.210   106.8417    -0.0884      7.665     1.5163     2.1670     65.953     67.720      82645          5  0.000e+00
   56.52078 -136.26588    397.848    302.197    299.215     4.8689    33.8697  1028.1928    26.7966     4.8459     21.217   106.8417    -0.0884      7.670     1.5168     2.1677     65.974     67.742      82646          5  0.000e+00
   56.52078 -136.26588    397.607    301.954    298.974     4.8691    33.8699  1028.1918    26.7967     4.8461     21.223   106.8417    -0.0884      7.670     1.5173     2.1683     65.992     67.761      82647          5  0.000e+00
   56.52078 -136.26588    397.727    302.076    299.095     4.8694    33.8691  1028.1917    26.7960     4.8464     21.230   106.8417    -0.0884      7.670     1.5178     2.1690     66.014     67.783      82648          5  0.000e+00
   56.52078 -136.26588    397.727    302.076    299.095     4.8695    33.8694  1028.1919    26.7962     4.8465     21.237   106.8417    -0.1177      7.665     1.5182     2.1697     66.035     67.804      82649          5  0.000e+00
   56.52078 -136.26588    397.663    302.011    299.031     4.8692    33.8699  1028.1920    26.7966     4.8462     21.234   106.8417    -0.0884      7.665     1.5180     2.1694     66.026     67.796      82650          5  0.000e+00
   56.52078 -136.26588    397.784    302.133    299.151     4.8689    33.8692  1028.1921    26.7962     4.8459     21.231   106.8417    -0.0884      7.665     1.5179     2.1692     66.019     67.788      82651          5  0.000e+00
   56.52078 -136.26588    397.663    302.011    299.031     4.8680    33.8693  1028.1917    26.7964     4.8450     21.228   106.8417    -0.0884      7.670     1.5176     2.1689     66.009     67.778      82652          5  0.000e+00
   56.52078 -136.26588    397.663    302.011    299.031     4.8674    33.8695  1028.1919    26.7966     4.8444     21.233   106.8417    -0.1177      7.665     1.5181     2.1695     66.027     67.797      82653          5  0.000e+00
   56.52078 -136.26588    397.840    302.189    299.208     4.8664    33.8701  1028.1933    26.7971     4.8434     21.239   106.8417    -0.0884      7.670     1.5185     2.1701     66.048     67.818      82654          5  0.000e+00
   56.52078 -136.26588    397.728    302.076    299.095     4.8662    33.8696  1028.1925    26.7968     4.8432     21.245   106.8417    -0.0884      7.665     1.5189     2.1707     66.065     67.835      82655          5  0.000e+00
   56.52078 -136.26588    397.720    302.068    299.087     4.8661    33.8700  1028.1928    26.7971     4.8431     21.250   106.8417    -0.0884      7.665     1.5193     2.1713     66.082     67.853      82656          5  0.000e+00
   56.52078 -136.26588    397.728    302.076    299.095     4.8659    33.8703  1028.1931    26.7974     4.8429     21.246   106.8417    -0.0884      7.670     1.5191     2.1709     66.071     67.841      82657          5  0.000e+00
   56.52078 -136.26588    397.840    302.190    299.208     4.8660    33.8697  1028.1931    26.7969     4.8430     21.243   106.8417    -0.1177      7.665     1.5188     2.1705     66.059     67.829      82658          5  0.000e+00
   56.52078 -136.26588    397.904    302.255    299.272     4.8660    33.8701  1028.1937    26.7972     4.8430     21.238   106.8137    -0.0884      7.665     1.5185     2.1701     66.046     67.815      82659          5  0.000e+00
   56.52078 -136.26588    397.840    302.190    299.208     4.8670    33.8702  1028.1933    26.7971     4.8440     21.233   106.8417    -0.0884      7.665     1.5181     2.1695     66.028     67.798      82660          5  0.000e+00
   56.52078 -136.26588    397.848    302.198    299.216     4.8676    33.8699  1028.1931    26.7969     4.8446     21.237   106.8417    -0.0884      7.665     1.5184     2.1699     66.040     67.810      82661          5  0.000e+00
   56.52078 -136.26588    397.784    302.133    299.152     4.8675    33.8698  1028.1928    26.7968     4.8445     21.241   106.8417    -0.0884      7.665     1.5186     2.1703     66.052     67.822      82662          5  0.000e+00
   56.52078 -136.26588    398.025    302.376    299.392     4.8669    33.8702  1028.1943    26.7972     4.8439     21.237   106.8417    -0.0884      7.670     1.5183     2.1699     66.039     67.809      82663          5  0.000e+00
   56.52078 -136.26588    397.961    302.312    299.328     4.8668    33.8700  1028.1938    26.7970     4.8438     21.231   106.8137    -0.0884      7.665     1.5179     2.1693     66.021     67.791      82664          5  0.000e+00
   56.52078 -136.26588    397.905    302.255    299.272     4.8664    33.8701  1028.1936    26.7971     4.8434     21.234   106.8417    -0.0884      7.670     1.5182     2.1696     66.032     67.802      82665          5  0.000e+00
   56.52100 -136.26658    298.094    201.400    199.461     5.9464    33.7885  1027.5303    26.6041     5.9296     33.773   106.6739    -0.0884      7.768     2.3551     3.3657    102.453    105.179      86898          6  0.000e+00
   56.52100 -136.26658    297.901    201.205    199.269     5.9469    33.7876  1027.5287    26.6034     5.9301     33.772   106.6739    -0.0884      7.768     2.3550     3.3655    102.449    105.174      86899          6  0.000e+00
   56.52100 -136.26658    298.037    201.343    199.405     5.9468    33.7881  1027.5297    26.6038     5.9299     33.772   106.6739    -0.0884      7.768     2.3550     3.3656    102.450    105.175      86900          6  0.000e+00
   56.52100 -136.26658    297.845    201.149    199.212     5.9468    33.7882  1027.5289    26.6039     5.9300     33.771   106.6459    -0.0884      7.768     2.3549     3.3654    102.446    105.171      86901          6  0.000e+00
   56.52100 -136.26658    297.981    201.287    199.349     5.9468    33.7885  1027.5298    26.6041     5.9299     33.771   106.6459    -0.0884      7.768     2.3549     3.3655    102.446    105.172      86902          6  0.000e+00
   56.52100 -136.26658    297.901    201.206    199.269     5.9468    33.7883  1027.5292    26.6039     5.9300     33.771   106.6739    -0.0884      7.768     2.3549     3.3654    102.445    105.170      86903          6  0.000e+00
   56.52100 -136.26658    297.861    201.165    199.229     5.9469    33.7880  1027.5288    26.6037     5.9301     33.770   106.6739    -0.0884      7.768     2.3549     3.3653    102.443    105.168      86904          6  0.000e+00
   56.52100 -136.26658    297.965    201.270    199.333     5.9471    33.7882  1027.5294    26.6038     5.9302     33.770   106.6739    -0.0884      7.768     2.3549     3.3653    102.443    105.168      86905          6  0.000e+00
   56.52100 -136.26658    297.741    201.044    199.108     5.9469    33.7882  1027.5284    26.6038     5.9301     33.769   106.6739    -0.0884      7.768     2.3548     3.3652    102.439    105.164      86906          6  0.000e+00
   56.52100 -136.26658    298.022    201.327    199.389     5.9471    33.7878  1027.5293    26.6035     5.9302     33.770   106.6739    -0.0884      7.768     2.3548     3.3653    102.442    105.167      86907          6  0.000e+00
   56.52100 -136.26658    297.861    201.165    199.229     5.9469    33.7882  1027.5289    26.6038     5.9301     33.769   106.6739    -0.0884      7.768     2.3548     3.3652    102.438    105.164      86908          6  0.000e+00
   56.52100 -136.26658    297.901    201.206    199.269     5.9469    33.7880  1027.5290    26.6037     5.9301     33.769   106.6739    -0.0884      7.768     2.3548     3.3652    102.438    105.163      86909          6  0.000e+00
   56.52100 -136.26658    297.917    201.222    199.285     5.9469    33.7882  1027.5292    26.6038     5.9301     33.768   106.6739    -0.0884      7.768     2.3547     3.3651    102.437    105.162      86910          6  0.000e+00
   56.52100 -136.26658    297.901    201.206    199.269     5.9472    33.7880  1027.5289    26.6036     5.9304     33.768   106.6459    -0.0884      7.768     2.3547     3.3651    102.435    105.160      86911          6  0.000e+00
   56.52100 -136.26658    297.797    201.100    199.165     5.9471    33.7882  1027.5286    26.6038     5.9303     33.776   106.6739    -0.0884      7.768     2.3552     3.3659    102.459    105.185      86912          6  0.000e+00
   56.52100 -136.26658    297.845    201.149    199.213     5.9469    33.7885  1027.5291    26.6041     5.9301     33.776   106.6739    -0.0884      7.768     2.3553     3.3659    102.460    105.186      86913          6  0.000e+00
   56.52100 -136.26658    297.917    201.222    199.285     5.9471    33.7882  1027.5292    26.6038     5.9302     33.776   106.6459    -0.0884      7.768     2.3553     3.3659    102.461    105.186      86914          6  0.000e+00
   56.52100 -136.26658    297.781    201.084    199.149     5.9472    33.7881  1027.5284    26.6037     5.9304     33.776   106.6459    -0.0884      7.768     2.3552     3.3659    102.459    105.184      86915          6  0.000e+00
   56.52100 -136.26658    297.917    201.222    199.285     5.9471    33.7882  1027.5291    26.6038     5.9302     33.776   106.6739    -0.0884      7.768     2.3553     3.3659    102.461    105.187      86916          6  0.000e+00
   56.52100 -136.26658    297.845    201.149    199.213     5.9471    33.7884  1027.5290    26.6040     5.9302     33.776   106.6739    -0.0884      7.768     2.3552     3.3659    102.460    105.185      86917          6  0.000e+00
   56.52100 -136.26658    297.917    201.222    199.285     5.9471    33.7887  1027.5295    26.6042     5.9302     33.776   106.6739    -0.0884      7.768     2.3553     3.3659    102.460    105.186      86918          6  0.000e+00
   56.52100 -136.26658    297.781    201.084    199.149     5.9471    33.7884  1027.5287    26.6039     5.9303     33.776   106.6459    -0.0884      7.768     2.3552     3.3659    102.459    105.184      86919          6  0.000e+00
   56.52100 -136.26658    298.038    201.344    199.405     5.9471    33.7881  1027.5296    26.6037     5.9302     33.777   106.6459    -0.0884      7.768     2.3553     3.3660    102.462    105.188      86920          6  0.000e+00
   56.52100 -136.26658    297.781    201.084    199.149     5.9471    33.7884  1027.5287    26.6040     5.9303     33.776   106.6459    -0.1177      7.768     2.3552     3.3659    102.459    105.184      86921          6  0.000e+00
   56.52100 -136.26658    297.982    201.287    199.349     5.9472    33.7878  1027.5291    26.6035     5.9304     33.776   106.6459    -0.0884      7.768     2.3553     3.3659    102.461    105.187      86922          6  0.000e+00
   56.52100 -136.26658    297.902    201.206    199.269     5.9472    33.7881  1027.5290    26.6037     5.9304     33.776   106.6739    -0.0884      7.768     2.3553     3.3659    102.460    105.186      86923          6  0.000e+00
   56.52100 -136.26658    297.982    201.287    199.349     5.9471    33.7888  1027.5300    26.6043     5.9302     33.776   106.6459    -0.1177      7.768     2.3553     3.3659    102.461    105.187      86924          6  0.000e+00
   56.52100 -136.26658    297.966    201.271    199.333     5.9471    33.7881  1027.5293    26.6037     5.9302     33.776   106.6739    -0.0884      7.768     2.3553     3.3659    102.461    105.187      86925          6  0.000e+00
   56.52100 -136.26658    297.982    201.287    199.349     5.9469    33.7882  1027.5295    26.6038     5.9301     33.776   106.6739    -0.0884      7.768     2.3553     3.3660    102.462    105.188      86926          6  0.000e+00
   56.52100 -136.26658    297.902    201.206    199.269     5.9468    33.7882  1027.5291    26.6038     5.9300     33.776   106.6739    -0.1177      7.768     2.3553     3.3659    102.461    105.187      86927          6  0.000e+00
