EcoFOCI/data/1_SampleCollection/2022_GOA-OA_CruiseData/CTD_raw_BottleFile_RC0083/RC0083_129.ros
* Sea-Bird SBE 9 Data File:
* FileName = C:\Data\RC0083ctd\RC0083_129.hex
* Software Version Seasave V 7.26.7.107
* Temperature SN = 2060
* Conductivity SN = 2881
* Number of Bytes Per Scan = 31
* Number of Voltage Words = 4
* Number of Scans Averaged by the Deck Unit = 1
* NMEA Latitude = 57 15.18 N
* NMEA Longitude = 134 42.62 W
* NMEA UTC (Time) = Aug 24 2022  07:10:06
* NMEA baud rate = 4800
** Ship: R/V Rachel Carson
** Cruise ID: RC0083
** Tech: McHugh/Nomura
** Chief Scientist: Cross
** Station: MSC3B
** Cast:  CTD129
# nquan = 21
# nvalues = 490                                   
# units = specified
# name 0 = latitude: Latitude [deg]
# name 1 = longitude: Longitude [deg]
# name 2 = sfdSM: Seafloor depth [salt water, m]
# name 3 = prDM: Pressure, Digiquartz [db]
# name 4 = depSM: Depth [salt water, m]
# name 5 = t090C: Temperature [ITS-90, deg C]
# name 6 = sal00: Salinity, Practical [PSU]
# name 7 = density00: Density [density, kg/m^3]
# name 8 = sigma-é00: Density [sigma-theta, kg/m^3]
# name 9 = potemp090C: Potential Temperature [ITS-90, deg C]
# name 10 = sbeox0PS: Oxygen, SBE 43 [% saturation]
# name 11 = CStarTr0: Beam Transmission, WET Labs C-Star [%]
# name 12 = flECO-AFL: Fluorescence, WET Labs ECO-AFL/FL [mg/m^3]
# name 13 = ph: pH
# name 14 = sbeox0ML/L: Oxygen, SBE 43 [ml/l]
# name 15 = sbeox0Mg/L: Oxygen, SBE 43 [mg/l]
# name 16 = sbox0Mm/Kg: Oxygen, SBE 43 [umol/kg]
# name 17 = sbeox0Mm/L: Oxygen, SBE 43 [umol/l]
# name 18 = scan: Scan Count
# name 19 = nbf: Bottles Fired
# name 20 = flag:  0.000e+00
# interval = seconds: 0.0416667
# start_time = Aug 24 2022 07:10:06 [NMEA time, header]
# bad_flag = -9.990e-29
*END*
[from data line 138]
   57.26050 -134.70778    452.598    357.662    354.063     5.1747    33.8004  1028.3563    26.7074     5.1465     19.394   101.7513    -0.0591      7.664     1.3771     1.9680     59.900     61.500      53711          3  0.000e+00
   57.26050 -134.70778    452.750    357.841    354.240     5.1748    33.7997  1028.3566    26.7068     5.1466     19.399   101.7513    -0.0591      7.664     1.3775     1.9686     59.919     61.519      53712          3  0.000e+00
   57.26050 -134.70778    452.686    357.752    354.152     5.1747    33.8004  1028.3568    26.7074     5.1465     19.397   101.7513    -0.0591      7.664     1.3773     1.9683     59.911     61.511      53713          3  0.000e+00
   57.26050 -134.70778    452.775    357.841    354.240     5.1750    33.7998  1028.3566    26.7069     5.1468     19.395   101.7513    -0.0591      7.664     1.3772     1.9681     59.905     61.504      53714          3  0.000e+00
   57.26050 -134.70778    452.750    357.841    354.240     5.1749    33.8003  1028.3570    26.7073     5.1467     19.393   101.7513    -0.0591      7.664     1.3770     1.9679     59.898     61.497      53715          3  0.000e+00
   57.26050 -134.70778    452.726    357.817    354.216     5.1749    33.8003  1028.3569    26.7073     5.1467     19.390   101.7513    -0.0591      7.664     1.3768     1.9677     59.890     61.490      53716          3  0.000e+00
   57.26050 -134.70778    452.751    357.841    354.240     5.1747    33.8003  1028.3571    26.7073     5.1465     19.388   101.7513    -0.0591      7.664     1.3767     1.9674     59.884     61.483      53717          3  0.000e+00
   57.26050 -134.70778    452.783    357.873    354.272     5.1750    33.7997  1028.3567    26.7068     5.1468     19.386   101.7513    -0.0591      7.664     1.3765     1.9672     59.877     61.476      53718          3  0.000e+00
   57.26050 -134.70778    452.775    357.841    354.240     5.1747    33.8004  1028.3572    26.7074     5.1465     19.323   101.7513    -0.0591      7.664     1.3721     1.9609     59.683     61.277      53719          3  0.000e+00
   57.26112 -134.70836    298.079    201.521    199.569     5.3330    33.5123  1027.3897    26.4594     5.3172     23.740   104.3524    -0.0591      7.693     1.6826     2.4046     73.208     75.145      60423          4  0.000e+00
   57.26112 -134.70836    298.023    201.440    199.488     5.3329    33.5127  1027.3897    26.4598     5.3171     23.731   104.3524    -0.0591      7.693     1.6820     2.4037     73.180     75.116      60424          4  0.000e+00
   57.26112 -134.70838    298.015    201.456    199.504     5.3329    33.5125  1027.3896    26.4596     5.3171     23.722   104.3524    -0.0591      7.693     1.6813     2.4028     73.152     75.088      60425          4  0.000e+00
   57.26112 -134.70838    297.943    201.383    199.432     5.3329    33.5122  1027.3891    26.4594     5.3171     23.720   104.3524    -0.0591      7.693     1.6812     2.4026     73.146     75.082      60426          4  0.000e+00
   57.26112 -134.70838    297.983    201.400    199.448     5.3329    33.5126  1027.3894    26.4597     5.3171     23.718   104.3524    -0.0591      7.693     1.6811     2.4024     73.141     75.076      60427          4  0.000e+00
   57.26112 -134.70838    298.200    201.618    199.665     5.3330    33.5128  1027.3906    26.4598     5.3172     23.717   104.3524    -0.0591      7.693     1.6810     2.4023     73.137     75.072      60428          4  0.000e+00
   57.26112 -134.70838    297.895    201.335    199.384     5.3330    33.5128  1027.3893    26.4598     5.3172     23.773   104.3524    -0.0591      7.693     1.6849     2.4080     73.310     75.250      60429          4  0.000e+00
   57.26112 -134.70838    297.967    201.383    199.432     5.3334    33.5128  1027.3895    26.4598     5.3176     23.778   104.3524    -0.0591      7.693     1.6853     2.4085     73.326     75.266      60430          4  0.000e+00
   57.26112 -134.70838    298.079    201.521    199.569     5.3333    33.5128  1027.3901    26.4598     5.3175     23.791   104.3524    -0.0591      7.693     1.6862     2.4098     73.365     75.307      60431          4  0.000e+00
   57.26112 -134.70838    298.144    201.562    199.609     5.3333    33.5127  1027.3902    26.4598     5.3174     23.796   104.3524    -0.0591      7.693     1.6866     2.4103     73.381     75.322      60432          4  0.000e+00
   57.26112 -134.70838    297.895    201.335    199.384     5.3330    33.5131  1027.3895    26.4601     5.3172     23.800   104.3524    -0.0591      7.693     1.6868     2.4107     73.393     75.335      60433          4  0.000e+00
   57.26112 -134.70838    297.983    201.400    199.448     5.3333    33.5130  1027.3897    26.4600     5.3175     23.738   104.3804    -0.0591      7.693     1.6824     2.4044     73.201     75.138      60434          4  0.000e+00
   57.26112 -134.70838    298.063    201.505    199.553     5.3329    33.5135  1027.3906    26.4604     5.3171     23.727   104.3804    -0.0591      7.693     1.6817     2.4033     73.169     75.105      60435          4  0.000e+00
   57.26112 -134.70838    298.039    201.456    199.505     5.3333    33.5126  1027.3896    26.4596     5.3175     23.723   104.3804    -0.0591      7.693     1.6814     2.4029     73.157     75.093      60436          4  0.000e+00
   57.26112 -134.70838    298.063    201.505    199.553     5.3330    33.5124  1027.3897    26.4595     5.3172     23.720   104.3804    -0.0591      7.693     1.6812     2.4026     73.147     75.082      60437          4  0.000e+00
   57.26112 -134.70838    297.983    201.400    199.448     5.3329    33.5125  1027.3893    26.4596     5.3171     23.716   104.3804    -0.0591      7.693     1.6809     2.4022     73.135     75.070      60438          4  0.000e+00
   57.26112 -134.70838    297.967    201.384    199.432     5.3329    33.5122  1027.3891    26.4594     5.3171     23.712   104.3804    -0.0591      7.693     1.6807     2.4018     73.124     75.059      60439          4  0.000e+00
   57.26112 -134.70838    298.104    201.521    199.569     5.3327    33.5124  1027.3899    26.4596     5.3169     23.717   104.3804    -0.0591      7.693     1.6810     2.4023     73.137     75.073      60440          4  0.000e+00
   57.26112 -134.70838    297.967    201.384    199.432     5.3327    33.5126  1027.3894    26.4598     5.3170     23.713   104.3804    -0.0591      7.693     1.6807     2.4019     73.126     75.061      60441          4  0.000e+00
   57.26112 -134.70838    298.104    201.521    199.569     5.3330    33.5120  1027.3895    26.4592     5.3172     23.718   104.3804    -0.0591      7.693     1.6810     2.4024     73.140     75.075      60442          4  0.000e+00
   57.26112 -134.70838    298.088    201.505    199.553     5.3329    33.5123  1027.3897    26.4595     5.3171     23.781   104.3804    -0.0591      7.693     1.6855     2.4088     73.335     75.276      60443          4  0.000e+00
   57.26112 -134.70838    297.919    201.335    199.384     5.3327    33.5121  1027.3888    26.4593     5.3170     23.785   104.3804    -0.0591      7.693     1.6858     2.4092     73.347     75.288      60444          4  0.000e+00
   57.26112 -134.70838    298.119    201.562    199.609     5.3329    33.5122  1027.3899    26.4594     5.3171     23.789   104.3804    -0.0591      7.693     1.6861     2.4096     73.361     75.302      60445          4  0.000e+00
   57.26112 -134.70838    297.839    201.278    199.328     5.3327    33.5122  1027.3885    26.4594     5.3170     23.792   104.3804    -0.0591      7.693     1.6863     2.4099     73.370     75.311      60446          4  0.000e+00
   57.26112 -134.70838    298.024    201.440    199.489     5.3329    33.5118  1027.3890    26.4591     5.3171     23.803   104.3804    -0.0591      7.693     1.6871     2.4111     73.405     75.347      60447          4  0.000e+00
   57.26112 -134.70838    297.959    201.400    199.449     5.3327    33.5122  1027.3891    26.4594     5.3170     23.807   104.3804    -0.0591      7.693     1.6874     2.4114     73.415     75.357      60448          4  0.000e+00
   57.26112 -134.70838    298.024    201.440    199.489     5.3329    33.5123  1027.3894    26.4595     5.3171     23.810   104.3804    -0.0591      7.693     1.6876     2.4117     73.424     75.367      60449          4  0.000e+00
   57.26112 -134.70838    298.040    201.457    199.505     5.3327    33.5121  1027.3893    26.4593     5.3169     23.812   104.3804    -0.0591      7.693     1.6878     2.4120     73.433     75.376      60450          4  0.000e+00
   57.26112 -134.70838    297.943    201.384    199.433     5.3329    33.5118  1027.3887    26.4591     5.3171     23.815   104.3804    -0.0591      7.693     1.6879     2.4122     73.440     75.383      60451          4  0.000e+00
   57.26112 -134.70838    297.983    201.400    199.449     5.3327    33.5117  1027.3887    26.4590     5.3170     23.817   104.3804    -0.0591      7.693     1.6881     2.4124     73.447     75.390      60452          4  0.000e+00
   57.26112 -134.70838    298.024    201.441    199.489     5.3326    33.5122  1027.3893    26.4594     5.3168     23.819   104.3804    -0.0591      7.688     1.6882     2.4126     73.453     75.396      60453          4  0.000e+00
   57.26112 -134.70838    297.959    201.400    199.449     5.3327    33.5120  1027.3890    26.4593     5.3170     23.820   104.3804    -0.0591      7.693     1.6883     2.4128     73.457     75.400      60454          4  0.000e+00
   57.26112 -134.70838    298.144    201.562    199.609     5.3326    33.5120  1027.3897    26.4593     5.3168     23.822   104.3524    -0.0591      7.693     1.6884     2.4130     73.462     75.406      60455          4  0.000e+00
   57.26112 -134.70838    297.839    201.278    199.328     5.3329    33.5121  1027.3884    26.4593     5.3171     23.822   104.3524    -0.0591      7.693     1.6884     2.4129     73.462     75.406      60456          4  0.000e+00
   57.26112 -134.70838    297.943    201.384    199.433     5.3327    33.5120  1027.3889    26.4593     5.3170     23.815   104.3524    -0.0591      7.693     1.6880     2.4123     73.442     75.385      60457          4  0.000e+00
   57.26112 -134.70838    297.959    201.400    199.449     5.3327    33.5120  1027.3889    26.4592     5.3170     23.815   104.3524    -0.0591      7.693     1.6880     2.4123     73.442     75.385      60458          4  0.000e+00
   57.26112 -134.70838    297.968    201.384    199.433     5.3326    33.5121  1027.3890    26.4593     5.3168     23.815   104.3524    -0.0591      7.693     1.6880     2.4123     73.441     75.384      60459          4  0.000e+00
   57.26112 -134.70838    297.959    201.400    199.449     5.3327    33.5122  1027.3891    26.4594     5.3170     23.814   104.3524    -0.0591      7.693     1.6879     2.4122     73.439     75.382      60460          4  0.000e+00
   57.26112 -134.70838    298.120    201.562    199.609     5.3327    33.5124  1027.3901    26.4596     5.3169     23.755   104.3524    -0.0591      7.693     1.6837     2.4062     73.256     75.194      60461          4  0.000e+00
   57.26112 -134.70838    297.807    201.222    199.272     5.3329    33.5123  1027.3884    26.4595     5.3171     23.746   104.3524    -0.0591      7.693     1.6830     2.4052     73.227     75.165      60462          4  0.000e+00
   57.26112 -134.70838    297.968    201.384    199.433     5.3329    33.5122  1027.3890    26.4593     5.3171     23.679   104.3524    -0.0591      7.693     1.6783     2.3985     73.022     74.954      60463          4  0.000e+00
   57.26112 -134.70838    298.015    201.457    199.505     5.3329    33.5116  1027.3889    26.4589     5.3171     23.723   104.3524    -0.0591      7.693     1.6815     2.4030     73.158     75.094      60464          4  0.000e+00
   57.26112 -134.70838    297.999    201.441    199.489     5.3329    33.5116  1027.3889    26.4589     5.3171     23.716   104.3524    -0.0591      7.693     1.6809     2.4022     73.134     75.069      60465          4  0.000e+00
   57.26112 -134.70838    297.839    201.279    199.329     5.3327    33.5117  1027.3882    26.4590     5.3170     23.707   104.3524    -0.0591      7.693     1.6803     2.4013     73.109     75.043      60466          4  0.000e+00
   57.26112 -134.70838    297.984    201.400    199.449     5.3326    33.5120  1027.3890    26.4592     5.3168     23.759   104.3524    -0.0591      7.693     1.6840     2.4066     73.267     75.206      60467          4  0.000e+00
   57.26112 -134.70838    297.968    201.384    199.433     5.3327    33.5122  1027.3890    26.4594     5.3170     23.706   104.3524    -0.0591      7.693     1.6802     2.4012     73.106     75.040      60468          4  0.000e+00
   57.26112 -134.70838    297.959    201.400    199.449     5.3329    33.5119  1027.3889    26.4591     5.3171     23.706   104.3524    -0.0591      7.693     1.6802     2.4012     73.105     75.039      60469          4  0.000e+00
   57.26112 -134.70838    297.968    201.384    199.433     5.3327    33.5122  1027.3890    26.4594     5.3170     23.706   104.3524    -0.0591      7.693     1.6802     2.4012     73.105     75.039      60470          4  0.000e+00
   57.26112 -134.70838    297.959    201.400    199.449     5.3329    33.5116  1027.3886    26.4589     5.3171     23.706   104.3524    -0.0591      7.693     1.6803     2.4012     73.106     75.040      60471          4  0.000e+00
   57.26152 -134.70914    248.655    151.570    150.120     5.7134    33.2504  1026.9057    26.2067     5.7011     28.599   104.7999    -0.0591      7.735     2.0124     2.8759     87.578     89.873      62752          5  0.000e+00
   57.26152 -134.70914    248.414    151.327    149.879     5.7137    33.2501  1026.9043    26.2065     5.7015     28.647   104.7999    -0.0591      7.735     2.0158     2.8808     87.727     90.026      62753          5  0.000e+00
   57.26152 -134.70914    248.574    151.514    150.064     5.7137    33.2498  1026.9048    26.2062     5.7015     28.646   104.7999    -0.0591      7.735     2.0157     2.8807     87.724     90.023      62754          5  0.000e+00
   57.26152 -134.70914    248.470    151.384    149.936     5.7139    33.2500  1026.9044    26.2064     5.7017     28.586   104.7999    -0.0591      7.735     2.0114     2.8746     87.537     89.831      62755          5  0.000e+00
   57.26152 -134.70914    248.478    151.392    149.944     5.7142    33.2501  1026.9045    26.2064     5.7020     28.577   104.7999    -0.0591      7.735     2.0108     2.8736     87.509     89.802      62756          5  0.000e+00
   57.26152 -134.70914    248.502    151.441    149.992     5.7143    33.2496  1026.9043    26.2060     5.7021     28.575   104.7720    -0.0591      7.735     2.0107     2.8735     87.504     89.797      62757          5  0.000e+00
   57.26152 -134.70914    248.470    151.384    149.936     5.7148    33.2490  1026.9035    26.2054     5.7026     28.573   104.7440    -0.0591      7.735     2.0106     2.8733     87.498     89.791      62758          5  0.000e+00
   57.26152 -134.70914    248.535    151.449    150.000     5.7150    33.2488  1026.9036    26.2052     5.7028     28.631   104.7440    -0.0591      7.735     2.0146     2.8790     87.674     89.971      62759          5  0.000e+00
   57.26152 -134.70914    248.446    151.384    149.936     5.7148    33.2492  1026.9037    26.2056     5.7026     28.636   104.7440    -0.0591      7.735     2.0150     2.8796     87.691     89.989      62760          5  0.000e+00
   57.26152 -134.70914    248.510    151.449    150.000     5.7148    33.2493  1026.9040    26.2057     5.7026     28.700   104.7440    -0.0591      7.735     2.0195     2.8861     87.888     90.191      62761          5  0.000e+00
