EcoFOCI/data/1_SampleCollection/2022_GOA-OA_CruiseData/CTD_raw_BottleFile_RC0083/RC0083_067.cnv
* Sea-Bird SBE 9 Data File:
* FileName = C:\Data\RC0083ctd\RC0083_067.hex
* Software Version Seasave V 7.26.7.107
* Temperature SN = 2060
* Conductivity SN = 1084
* Number of Bytes Per Scan = 31
* Number of Voltage Words = 4
* Number of Scans Averaged by the Deck Unit = 1
* NMEA Latitude = 58 58.45 N
* NMEA Longitude = 136 08.18 W
* NMEA UTC (Time) = Aug 20 2022  18:55:28
* NMEA baud rate = 4800
** Ship: R/V Rachel Carson
** Cruise ID: RC0083
** Tech: McHugh/Nomura
** Chief Scientist: Cross
** Station: GB17
** Cast:  CTD067
# nquan = 19
# nvalues = 16999                                 
# units = specified
# name 0 = latitude: Latitude [deg]
# name 1 = longitude: Longitude [deg]
# name 2 = sfdSM: Seafloor depth [salt water, m]
# name 3 = prDM: Pressure, Digiquartz [db]
# name 4 = depSM: Depth [salt water, m]
# name 5 = t090C: Temperature [ITS-90, deg C]
# name 6 = sal00: Salinity, Practical [PSU]
# name 7 = density00: Density [density, kg/m^3]
# name 8 = sigma-é00: Density [sigma-theta, kg/m^3]
# name 9 = potemp090C: Potential Temperature [ITS-90, deg C]
# name 10 = sbeox0PS: Oxygen, SBE 43 [% saturation]
# name 11 = CStarTr0: Beam Transmission, WET Labs C-Star [%]
# name 12 = flECO-AFL: Fluorescence, WET Labs ECO-AFL/FL [mg/m^3]
# name 13 = ph: pH
# name 14 = sbeox0ML/L: Oxygen, SBE 43 [ml/l]
# name 15 = sbeox0Mg/L: Oxygen, SBE 43 [mg/l]
# name 16 = sbox0Mm/Kg: Oxygen, SBE 43 [umol/kg]
# name 17 = sbeox0Mm/L: Oxygen, SBE 43 [umol/l]
# name 18 = flag:  0.000e+00
# span 0 =   58.97364,   58.97422                 
# span 1 = -136.13640, -136.13532                 
# span 2 =      3.476,    246.918                 
# span 3 =      2.843,    190.742                 
# span 4 =      2.816,    188.872                 
# span 5 =     4.7773,     7.4370                 
# span 6 =    11.6679,    30.9032                 
# span 7 =  1009.1931,  1025.3402                 
# span 8 =     9.1780,    24.4533                 
# span 9 =     4.7641,     7.4354                 
# span 10 =     69.479,    100.427                
# span 11 =    17.7045,    95.9338                
# span 12 =    -0.1177,     1.4940                
# span 13 =      7.912,      8.496                
# span 14 =     4.8260,     8.0379                
# span 15 =     6.8969,    11.4869                
# span 16 =    210.576,    355.130                
# span 17 =    215.531,    358.972                
# span 18 = 0.0000e+00, 0.0000e+00                
# interval = seconds: 0.0416667
# start_time = Aug 20 2022 18:55:28 [NMEA time, header]
# bad_flag = -9.990e-29
*END*
[from data line 12496]
   58.97378 -136.13564    198.664    101.000    100.031     5.5756    30.7154  1024.6866    24.2183     5.5680     73.927    93.1089    -0.1177      7.948     5.3078     7.5853    231.440    237.045  0.000e+00
   58.97378 -136.13564    198.752    101.089    100.120     5.5726    30.7189  1024.6901    24.2213     5.5651     73.936    93.1089    -0.1177      7.948     5.3086     7.5866    231.477    237.083  0.000e+00
   58.97378 -136.13564    198.639    101.000    100.031     5.5680    30.7232  1024.6936    24.2252     5.5604     73.942    93.1089    -0.0884      7.948     5.3095     7.5878    231.514    237.123  0.000e+00
   58.97378 -136.13564    198.576    100.911     99.943     5.5636    30.7269  1024.6966    24.2286     5.5560     73.947    93.1089    -0.0884      7.948     5.3103     7.5890    231.548    237.158  0.000e+00
   58.97378 -136.13564    198.632    100.968     99.999     5.5593    30.7299  1024.6998    24.2316     5.5518     73.953    93.1089    -0.0884      7.948     5.3111     7.5901    231.583    237.195  0.000e+00
   58.97378 -136.13564    198.544    100.879     99.911     5.5576    30.7308  1024.7003    24.2324     5.5500     74.012    93.1089    -0.0884      7.948     5.3156     7.5965    231.778    237.394  0.000e+00
   58.97378 -136.13564    198.456    100.790     99.823     5.5583    30.7282  1024.6978    24.2303     5.5507     74.021    93.1089    -0.0884      7.948     5.3162     7.5974    231.806    237.423  0.000e+00
   58.97378 -136.13564    198.488    100.822     99.855     5.5592    30.7266  1024.6965    24.2289     5.5516     74.038    93.1089    -0.1177      7.948     5.3174     7.5991    231.857    237.475  0.000e+00
   58.97378 -136.13564    198.456    100.790     99.823     5.5585    30.7273  1024.6970    24.2296     5.5510     73.997    93.1089    -0.1177      7.948     5.3145     7.5949    231.730    237.344  0.000e+00
   58.97378 -136.13564    198.424    100.757     99.791     5.5581    30.7264  1024.6962    24.2289     5.5506     74.052    93.1089    -0.0884      7.948     5.3185     7.6007    231.907    237.526  0.000e+00
   58.97378 -136.13564    198.335    100.668     99.703     5.5584    30.7251  1024.6947    24.2278     5.5509     74.065    93.1089    -0.0884      7.953     5.3195     7.6021    231.948    237.568  0.000e+00
   58.97378 -136.13564    198.319    100.700     99.735     5.5524    30.7295  1024.6991    24.2320     5.5448     74.080    93.1089    -0.0884      7.948     5.3211     7.6044    232.019    237.641  0.000e+00
   58.97378 -136.13564    198.335    100.668     99.703     5.5485    30.7324  1024.7016    24.2347     5.5410     74.092    93.1089    -0.0884      7.948     5.3224     7.6062    232.074    237.698  0.000e+00
   58.97378 -136.13564    198.223    100.579     99.615     5.5477    30.7320  1024.7010    24.2345     5.5402     74.045    93.1089    -0.0884      7.948     5.3191     7.6016    231.932    237.553  0.000e+00
   58.97378 -136.13564    198.279    100.611     99.647     5.5453    30.7331  1024.7022    24.2356     5.5378     74.105    93.1089    -0.1177      7.953     5.3237     7.6081    232.131    237.757  0.000e+00
   58.97378 -136.13564    198.191    100.522     99.559     5.5429    30.7355  1024.7040    24.2378     5.5354     74.114    93.1089    -0.0591      7.953     5.3246     7.6093    232.167    237.795  0.000e+00
   58.97378 -136.13564    198.223    100.555     99.591     5.5429    30.7348  1024.7036    24.2372     5.5354     74.122    93.0809    -0.0591      7.953     5.3252     7.6102    232.195    237.823  0.000e+00
   58.97378 -136.13564    198.127    100.458     99.495     5.5420    30.7342  1024.7028    24.2369     5.5345     74.185    93.0530    -0.0591      7.953     5.3299     7.6169    232.400    238.032  0.000e+00
   58.97378 -136.13564    198.103    100.433     99.471     5.5405    30.7337  1024.7025    24.2367     5.5330     74.191    93.0530    -0.0591      7.953     5.3305     7.6178    232.426    238.059  0.000e+00
   58.97378 -136.13564    195.971    100.401     99.439     5.5403    30.7319  1024.7009    24.2352     5.5328     74.137    93.0530    -0.0591      7.953     5.3267     7.6124    232.262    237.891  0.000e+00
   58.97378 -136.13564    171.030    100.369     99.407     5.5447    30.7268  1024.6962    24.2307     5.5371     74.187    93.0530    -0.0591      7.948     5.3299     7.6170    232.404    238.035  0.000e+00
   58.97378 -136.13564    157.795    100.344     99.382     5.5526    30.7175  1024.6879    24.2225     5.5451     74.186    93.0530    -0.0591      7.953     5.3292     7.6159    232.372    238.001  0.000e+00
   58.97378 -136.13564    156.298    100.312     99.350     5.5592    30.7119  1024.6826    24.2173     5.5517     74.249    93.0530    -0.0591      7.953     5.3330     7.6214    232.542    238.173  0.000e+00
   58.97378 -136.13564    157.372    100.312     99.350     5.5648    30.7082  1024.6790    24.2137     5.5573     74.253    93.0530    -0.0591      7.953     5.3328     7.6210    232.531    238.161  0.000e+00
   58.97378 -136.13564    157.797    100.223     99.262     5.5692    30.7057  1024.6761    24.2113     5.5616     74.263    93.0530    -0.0591      7.953     5.3330     7.6214    232.542    238.172  0.000e+00
   58.97378 -136.13564    157.814    100.191     99.230     5.5725    30.7044  1024.6746    24.2099     5.5650     74.263    93.0530    -0.0591      7.948     5.3327     7.6209    232.528    238.157  0.000e+00
   58.97378 -136.13564    157.797    100.223     99.262     5.5744    30.7044  1024.6745    24.2097     5.5669     74.263    93.0530    -0.0591      7.952     5.3324     7.6205    232.516    238.145  0.000e+00
   58.97378 -136.13564    157.685    100.134     99.174     5.5756    30.7059  1024.6751    24.2107     5.5680     74.260    93.0530    -0.0591      7.952     5.3320     7.6199    232.496    238.125  0.000e+00
   58.97378 -136.13564    157.652    100.102     99.142     5.5764    30.7070  1024.6757    24.2115     5.5688     74.255    93.0530    -0.0591      7.952     5.3315     7.6192    232.475    238.103  0.000e+00
   58.97378 -136.13564    157.620    100.069     99.110     5.5769    30.7092  1024.6773    24.2132     5.5694     74.256    93.0530    -0.0591      7.952     5.3314     7.6192    232.473    238.102  0.000e+00
   58.97378 -136.13564    157.596    100.045     99.086     5.5757    30.7142  1024.6812    24.2173     5.5682     74.257    93.0530    -0.0591      7.952     5.3314     7.6192    232.472    238.102  0.000e+00
   58.97378 -136.13564    157.564    100.013     99.054     5.5733    30.7187  1024.6849    24.2211     5.5658     74.256    93.0530    -0.0591      7.953     5.3315     7.6192    232.474    238.105  0.000e+00
   58.97378 -136.13564    157.532     99.980     99.022     5.5725    30.7199  1024.6858    24.2221     5.5650     74.309    93.0530    -0.0591      7.953     5.3354     7.6249    232.645    238.280  0.000e+00
   58.97378 -136.13564    157.508     99.956     98.998     5.5741    30.7184  1024.6843    24.2208     5.5666     74.312    93.0530    -0.0591      7.952     5.3355     7.6249    232.646    238.281  0.000e+00
   58.97378 -136.13564    157.476     99.924     98.966     5.5774    30.7141  1024.6804    24.2170     5.5699     74.312    93.0530    -0.0884      7.952     5.3352     7.6245    232.635    238.269  0.000e+00
   58.97378 -136.13564    170.941     99.835     98.878     5.5809    30.7100  1024.6764    24.2134     5.5734     74.309    93.0530    -0.0884      7.952     5.3347     7.6238    232.615    238.248  0.000e+00
   58.97378 -136.13564    183.176     99.835     98.878     5.5829    30.7076  1024.6742    24.2113     5.5754     74.314    93.0809    -0.0884      7.952     5.3349     7.6241    232.624    238.256  0.000e+00
   58.97378 -136.13564    185.674     99.867     98.910     5.5851    30.7072  1024.6738    24.2107     5.5777     74.318    93.1369    -0.0884      7.952     5.3349     7.6241    232.623    238.255  0.000e+00
   58.97378 -136.13564    184.967     99.770     98.814     5.5873    30.7083  1024.6740    24.2114     5.5798     74.318    93.1648    -0.1177      7.952     5.3346     7.6237    232.611    238.243  0.000e+00
   58.97378 -136.13564    184.455     99.746     98.790     5.5887    30.7086  1024.6739    24.2114     5.5812     74.318    93.1648    -0.0884      7.952     5.3344     7.6234    232.602    238.234  0.000e+00
   58.97378 -136.13564    184.325     99.713     98.758     5.5891    30.7093  1024.6743    24.2119     5.5817     74.316    93.1648    -0.0884      7.952     5.3342     7.6231    232.593    238.225  0.000e+00
   58.97378 -136.13564    184.318     99.681     98.725     5.5882    30.7106  1024.6753    24.2131     5.5807     74.313    93.1648    -0.1177      7.952     5.3340     7.6229    232.586    238.218  0.000e+00
   58.97378 -136.13564    184.350     99.713     98.758     5.5881    30.7118  1024.6763    24.2140     5.5806     74.309    93.1648    -0.0884      7.952     5.3337     7.6224    232.571    238.202  0.000e+00
   58.97378 -136.13564    184.206     99.568     98.613     5.5887    30.7108  1024.6749    24.2131     5.5812     74.301    93.1648    -0.0884      7.952     5.3331     7.6215    232.545    238.175  0.000e+00
   58.97378 -136.13564    184.198     99.535     98.581     5.5895    30.7121  1024.6756    24.2140     5.5820     74.301    93.1648    -0.1177      7.952     5.3329     7.6213    232.538    238.168  0.000e+00
   58.97378 -136.13564    184.286     99.624     98.669     5.5899    30.7144  1024.6778    24.2158     5.5825     74.300    93.1648    -0.1177      7.952     5.3328     7.6211    232.530    238.161  0.000e+00
   58.97378 -136.13564    184.198     99.535     98.581     5.5905    30.7146  1024.6775    24.2160     5.5830     74.297    93.1648    -0.0884      7.952     5.3325     7.6206    232.517    238.147  0.000e+00
   58.97378 -136.13564    184.117     99.479     98.525     5.5891    30.7157  1024.6783    24.2170     5.5816     74.285    93.1648    -0.0884      7.952     5.3317     7.6195    232.484    238.114  0.000e+00
   58.97378 -136.13564    184.085     99.446     98.493     5.5871    30.7174  1024.6797    24.2186     5.5796     74.271    93.1648    -0.0884      7.952     5.3309     7.6184    232.449    238.078  0.000e+00
   58.97378 -136.13564    184.322     99.414     98.461     5.5881    30.7160  1024.6783    24.2173     5.5806     74.263    93.1648    -0.0884      7.952     5.3303     7.6175    232.422    238.051  0.000e+00
   58.97378 -136.13564    191.802     99.446     98.493     5.5899    30.7139  1024.6766    24.2154     5.5825     74.255    93.1648    -0.0884      7.952     5.3295     7.6164    232.389    238.016  0.000e+00
   58.97378 -136.13564    196.305     99.357     98.405     5.5930    30.7105  1024.6731    24.2124     5.5855     74.244    93.1648    -0.0884      7.952     5.3284     7.6149    232.343    237.968  0.000e+00
   58.97378 -136.13564    196.876     99.268     98.317     5.5963    30.7097  1024.6717    24.2114     5.5889     74.231    93.1648    -0.1177      7.952     5.3271     7.6130    232.286    237.910  0.000e+00
   58.97378 -136.13564    196.558     99.293     98.341     5.5997    30.7080  1024.6701    24.2097     5.5922     74.218    93.1648    -0.1177      7.952     5.3259     7.6112    232.230    237.852  0.000e+00
   58.97378 -136.13564    196.419     99.325     98.373     5.6022    30.7059  1024.6683    24.2078     5.5947     74.212    93.1648    -0.0884      7.952     5.3252     7.6103    232.203    237.824  0.000e+00
   58.97378 -136.13564    196.226     99.179     98.229     5.6043    30.7045  1024.6663    24.2064     5.5968     74.204    93.1648    -0.0591      7.952     5.3244     7.6091    232.168    237.788  0.000e+00
   58.97378 -136.13564    196.282     99.236     98.285     5.6060    30.7032  1024.6653    24.2052     5.5985     74.197    93.1648    -0.0591      7.952     5.3237     7.6081    232.138    237.757  0.000e+00
   58.97378 -136.13564    196.243     99.147     98.197     5.6072    30.7026  1024.6643    24.2045     5.5998     74.179    93.2487    -0.0591      7.952     5.3223     7.6061    232.076    237.693  0.000e+00
   58.97378 -136.13564    196.211     99.115     98.165     5.6096    30.7004  1024.6621    24.2026     5.6021     74.168    93.3047    -0.0591      7.952     5.3213     7.6047    232.034    237.650  0.000e+00
   58.97378 -136.13564    196.179     99.082     98.133     5.6107    30.7012  1024.6624    24.2030     5.6032     74.157    93.3047    -0.0591      7.952     5.3203     7.6033    231.991    237.606  0.000e+00
   58.97378 -136.13564    196.155     99.058     98.109     5.6099    30.7045  1024.6651    24.2058     5.6024     74.088    93.3047    -0.0591      7.952     5.3154     7.5962    231.775    237.385  0.000e+00
   58.97378 -136.13564    196.179     99.082     98.133     5.6101    30.7061  1024.6664    24.2070     5.6027     74.125    93.3047    -0.0591      7.952     5.3179     7.5998    231.885    237.498  0.000e+00
   58.97378 -136.13564    196.091     98.993     98.045     5.6105    30.7068  1024.6665    24.2075     5.6031     74.102    93.3047    -0.0591      7.952     5.3162     7.5974    231.811    237.422  0.000e+00
   58.97378 -136.13564    196.042     98.969     98.020     5.6111    30.7071  1024.6666    24.2077     5.6036     74.087    93.3047    -0.0591      7.952     5.3150     7.5957    231.760    237.370  0.000e+00
   58.97378 -136.13564    196.199     98.880     97.932     5.6115    30.7072  1024.6662    24.2077     5.6040     74.070    93.3047    -0.0591      7.952     5.3138     7.5939    231.705    237.314  0.000e+00
   58.97378 -136.13564    196.548     98.937     97.988     5.6115    30.7073  1024.6665    24.2078     5.6040     73.997    93.3047    -0.0591      7.952     5.3085     7.5864    231.476    237.079  0.000e+00
   58.97378 -136.13564    196.557     98.848     97.900     5.6113    30.7079  1024.6666    24.2083     5.6039     73.979    93.3047    -0.0591      7.952     5.3073     7.5846    231.420    237.022  0.000e+00
   58.97378 -136.13564    196.501     98.815     97.868     5.6112    30.7106  1024.6686    24.2104     5.6037     73.961    93.3047    -0.0591      7.952     5.3059     7.5827    231.360    236.961  0.000e+00
   58.97378 -136.13564    196.477     98.791     97.844     5.6115    30.7115  1024.6692    24.2111     5.6040     73.935    93.3047    -0.0591      7.952     5.3039     7.5798    231.274    236.873  0.000e+00
   58.97378 -136.13564    196.420     98.759     97.812     5.6133    30.7101  1024.6677    24.2098     5.6059     73.916    93.3047    -0.0591      7.952     5.3024     7.5776    231.206    236.804  0.000e+00
   58.97378 -136.13564    196.413     98.726     97.780     5.6161    30.7073  1024.6650    24.2073     5.6087     73.896    93.3047    -0.0591      7.952     5.3007     7.5752    231.134    236.730  0.000e+00
   58.97378 -136.13564    196.381     98.694     97.748     5.6181    30.7051  1024.6629    24.2053     5.6107     73.885    93.3047    -0.0591      7.952     5.2997     7.5738    231.091    236.685  0.000e+00
   58.97378 -136.13564    196.381     98.694     97.748     5.6194    30.7034  1024.6614    24.2039     5.6120     73.874    93.3047    -0.0591      7.952     5.2988     7.5725    231.052    236.645  0.000e+00
   58.97378 -136.13564    196.292     98.605     97.660     5.6200    30.7023  1024.6600    24.2029     5.6125     73.862    93.3047    -0.0591      7.952     5.2979     7.5713    231.015    236.606  0.000e+00
   58.97378 -136.13564    196.268     98.581     97.636     5.6206    30.7039  1024.6612    24.2041     5.6132     73.851    93.3047    -0.0591      7.952     5.2970     7.5700    230.974    236.564  0.000e+00
