EcoFOCI/data/1_SampleCollection/2022_GOA-OA_CruiseData/CTD_raw_BottleFile_RC0083/RC0083_095.cnv
* Sea-Bird SBE 9 Data File:
* FileName = C:\Data\RC0083ctd\RC0083_095.hex
* Software Version Seasave V 7.26.7.107
* Temperature SN = 2060
* Conductivity SN = 2881
* Number of Bytes Per Scan = 31
* Number of Voltage Words = 4
* Number of Scans Averaged by the Deck Unit = 1
* NMEA Latitude = 57 10.01 N
* NMEA Longitude = 133 35.88 W
* NMEA UTC (Time) = Aug 22 2022  15:12:27
* NMEA baud rate = 4800
** Ship: R/V Rachel Carson
** Cruise ID: RC0083
** Tech: McHugh/Nomura
** Chief Scientist: Cross
** Station: FSA
** Cast:  CTD095
# nquan = 19
# nvalues = 15598                                 
# units = specified
# name 0 = latitude: Latitude [deg]
# name 1 = longitude: Longitude [deg]
# name 2 = sfdSM: Seafloor depth [salt water, m]
# name 3 = prDM: Pressure, Digiquartz [db]
# name 4 = depSM: Depth [salt water, m]
# name 5 = t090C: Temperature [ITS-90, deg C]
# name 6 = sal00: Salinity, Practical [PSU]
# name 7 = density00: Density [density, kg/m^3]
# name 8 = sigma-é00: Density [sigma-theta, kg/m^3]
# name 9 = potemp090C: Potential Temperature [ITS-90, deg C]
# name 10 = sbeox0PS: Oxygen, SBE 43 [% saturation]
# name 11 = CStarTr0: Beam Transmission, WET Labs C-Star [%]
# name 12 = flECO-AFL: Fluorescence, WET Labs ECO-AFL/FL [mg/m^3]
# name 13 = ph: pH
# name 14 = sbeox0ML/L: Oxygen, SBE 43 [ml/l]
# name 15 = sbeox0Mg/L: Oxygen, SBE 43 [mg/l]
# name 16 = sbox0Mm/Kg: Oxygen, SBE 43 [umol/kg]
# name 17 = sbeox0Mm/L: Oxygen, SBE 43 [umol/l]
# name 18 = flag:  0.000e+00
# span 0 =   57.16650,   57.16734                 
# span 1 = -133.59814, -133.59780                 
# span 2 =     10.097,    254.128                 
# span 3 =      2.869,    234.969                 
# span 4 =      2.843,    232.676                 
# span 5 =     5.5809,    11.7558                 
# span 6 =    26.4974,    33.4193                 
# span 7 =  1020.0525,  1027.4394                 
# span 8 =    20.0379,    26.3570                 
# span 9 =     5.5620,    11.7554                 
# span 10 =     24.612,     98.138                
# span 11 =    89.5848,   102.4505                
# span 12 =    -0.0591,     1.4061                
# span 13 =      7.682,      8.270                
# span 14 =     1.7353,     6.4467                
# span 15 =     2.4799,     9.2130                
# span 16 =     75.508,    281.680                
# span 17 =     77.498,    287.910                
# span 18 = 0.0000e+00, 0.0000e+00                
# interval = seconds: 0.0416667
# start_time = Aug 22 2022 15:12:27 [NMEA time, header]
# bad_flag = -9.990e-29
*END*
[from data line 7010]
   57.16664 -133.59784    246.227    185.131    183.346     5.6060    33.3842  1027.1794    26.3257     5.5911     25.524    99.2341    -0.0591      7.687     1.7990     2.5709     78.281     80.342  0.000e+00
   57.16664 -133.59784    246.171    185.074    183.290     5.6060    33.3845  1027.1794    26.3259     5.5912     25.529    99.2341    -0.0591      7.687     1.7993     2.5714     78.296     80.357  0.000e+00
   57.16664 -133.59784    246.316    185.196    183.410     5.6059    33.3844  1027.1799    26.3259     5.5910     25.535    99.2341    -0.0591      7.687     1.7997     2.5720     78.314     80.376  0.000e+00
   57.16664 -133.59784    246.194    185.220    183.434     5.6056    33.3844  1027.1800    26.3259     5.5908     25.540    99.2341    -0.0591      7.687     1.8001     2.5726     78.332     80.394  0.000e+00
   57.16664 -133.59784    246.104    185.252    183.466     5.6059    33.3844  1027.1802    26.3259     5.5910     25.539    99.2341    -0.0591      7.687     1.8000     2.5724     78.327     80.389  0.000e+00
   57.16664 -133.59784    246.104    185.252    183.466     5.6059    33.3846  1027.1803    26.3261     5.5910     25.537    99.2341    -0.0591      7.687     1.7999     2.5723     78.323     80.385  0.000e+00
   57.16664 -133.59784    246.160    185.309    183.522     5.6056    33.3848  1027.1807    26.3262     5.5908     25.536    99.2341    -0.0591      7.687     1.7998     2.5722     78.319     80.381  0.000e+00
   57.16664 -133.59784    246.047    185.196    183.410     5.6056    33.3848  1027.1802    26.3262     5.5908     25.534    99.2341    -0.0298      7.687     1.7997     2.5720     78.313     80.375  0.000e+00
   57.16664 -133.59784    246.368    185.520    183.731     5.6055    33.3847  1027.1817    26.3262     5.5906     25.534    99.2341    -0.0298      7.687     1.7997     2.5719     78.312     80.374  0.000e+00
   57.16664 -133.59784    246.280    185.431    183.643     5.6054    33.3851  1027.1816    26.3265     5.5905     25.540    99.2341    -0.0591      7.687     1.8001     2.5725     78.330     80.392  0.000e+00
   57.16664 -133.59784    246.304    185.431    183.643     5.6055    33.3848  1027.1814    26.3263     5.5906     25.546    99.2341    -0.0298      7.687     1.8005     2.5731     78.349     80.411  0.000e+00
   57.16664 -133.59784    246.280    185.431    183.642     5.6055    33.3848  1027.1813    26.3263     5.5906     25.552    99.2341    -0.0298      7.687     1.8010     2.5738     78.369     80.432  0.000e+00
   57.16664 -133.59784    246.344    185.520    183.731     5.6056    33.3847  1027.1816    26.3261     5.5908     25.559    99.2341    -0.0298      7.687     1.8015     2.5745     78.390     80.454  0.000e+00
   57.16664 -133.59784    246.205    185.552    183.763     5.6056    33.3847  1027.1818    26.3262     5.5907     25.567    99.2341    -0.0298      7.687     1.8020     2.5752     78.412     80.477  0.000e+00
   57.16664 -133.59784    246.156    185.552    183.763     5.6055    33.3850  1027.1821    26.3264     5.5906     25.567    99.2341    -0.0298      7.687     1.8020     2.5752     78.412     80.477  0.000e+00
   57.16664 -133.59784    246.156    185.552    183.763     5.6053    33.3855  1027.1825    26.3268     5.5905     25.567    99.2341    -0.0298      7.687     1.8020     2.5752     78.412     80.477  0.000e+00
   57.16664 -133.59784    246.276    185.673    183.883     5.6053    33.3850  1027.1826    26.3265     5.5904     25.567    99.3180    -0.0298      7.687     1.8020     2.5753     78.414     80.478  0.000e+00
   57.16664 -133.59784    246.131    185.576    183.787     5.6052    33.3851  1027.1823    26.3265     5.5903     25.567    99.3740    -0.0298      7.687     1.8020     2.5752     78.413     80.478  0.000e+00
   57.16664 -133.59784    246.225    185.795    184.003     5.6053    33.3853  1027.1834    26.3267     5.5904     25.567    99.4019    -0.0298      7.687     1.8021     2.5753     78.415     80.480  0.000e+00
   57.16664 -133.59784    246.088    185.730    183.939     5.6053    33.3855  1027.1833    26.3268     5.5904     25.567    99.3740    -0.0298      7.687     1.8020     2.5753     78.414     80.479  0.000e+00
   57.16664 -133.59784    246.088    185.730    183.939     5.6055    33.3846  1027.1826    26.3261     5.5906     25.575    99.4019    -0.0298      7.687     1.8026     2.5760     78.437     80.502  0.000e+00
   57.16664 -133.59784    246.177    185.795    184.003     5.6053    33.3850  1027.1832    26.3264     5.5904     25.582    99.3740    -0.0298      7.687     1.8031     2.5768     78.462     80.527  0.000e+00
   57.16664 -133.59784    246.184    185.876    184.083     5.6053    33.3850  1027.1836    26.3265     5.5904     25.583    99.3740    -0.0298      7.687     1.8032     2.5769     78.464     80.530  0.000e+00
   57.16664 -133.59784    246.013    185.852    184.059     5.6051    33.3855  1027.1839    26.3269     5.5902     25.584    99.4019    -0.0298      7.687     1.8032     2.5770     78.466     80.532  0.000e+00
   57.16664 -133.59784    246.013    185.852    184.059     5.6053    33.3849  1027.1834    26.3264     5.5904     25.584    99.3740    -0.0298      7.687     1.8033     2.5770     78.468     80.533  0.000e+00
   57.16664 -133.59784    246.158    185.973    184.180     5.6052    33.3851  1027.1841    26.3265     5.5903     25.519    99.4019    -0.0298      7.687     1.7987     2.5705     78.268     80.329  0.000e+00
   57.16664 -133.59784    246.157    185.997    184.204     5.6051    33.3853  1027.1844    26.3267     5.5901     25.572    99.3740    -0.0298      7.687     1.8024     2.5758     78.429     80.493  0.000e+00
   57.16664 -133.59784    246.133    185.973    184.180     5.6051    33.3854  1027.1843    26.3268     5.5901     25.572    99.3740    -0.0298      7.687     1.8024     2.5758     78.430     80.495  0.000e+00
   57.16664 -133.59784    246.189    186.030    184.236     5.6049    33.3851  1027.1844    26.3266     5.5900     25.573    99.4019    -0.0298      7.687     1.8025     2.5759     78.433     80.498  0.000e+00
   57.16664 -133.59784    246.253    186.095    184.300     5.6051    33.3849  1027.1845    26.3264     5.5901     25.574    99.3740    -0.0298      7.687     1.8025     2.5760     78.435     80.500  0.000e+00
   57.16664 -133.59784    246.253    186.095    184.300     5.6047    33.3853  1027.1849    26.3268     5.5898     25.574    99.3740    -0.0298      7.687     1.8026     2.5760     78.438     80.503  0.000e+00
   57.16664 -133.59784    246.277    186.119    184.324     5.6045    33.3857  1027.1853    26.3271     5.5896     25.575    99.4019    -0.0591      7.687     1.8026     2.5761     78.440     80.505  0.000e+00
   57.16664 -133.59784    246.043    186.030    184.236     5.6044    33.3862  1027.1853    26.3275     5.5895     25.575    99.3740    -0.0298      7.687     1.8026     2.5762     78.441     80.506  0.000e+00
   57.16664 -133.59784    246.266    186.329    184.532     5.6045    33.3855  1027.1862    26.3270     5.5895     25.577    99.4019    -0.0298      7.687     1.8028     2.5763     78.446     80.511  0.000e+00
   57.16664 -133.59784    246.186    186.273    184.476     5.6044    33.3860  1027.1863    26.3274     5.5895     25.577    99.3740    -0.0298      7.687     1.8028     2.5764     78.447     80.512  0.000e+00
   57.16664 -133.59784    246.210    186.273    184.476     5.6043    33.3861  1027.1864    26.3274     5.5893     25.578    99.3740    -0.0298      7.687     1.8028     2.5764     78.449     80.514  0.000e+00
   57.16664 -133.59784    246.234    186.297    184.500     5.6043    33.3862  1027.1866    26.3275     5.5893     25.520    99.4019    -0.0298      7.687     1.7987     2.5706     78.271     80.332  0.000e+00
   57.16664 -133.59784    246.266    186.329    184.532     5.6041    33.3864  1027.1869    26.3277     5.5892     25.514    99.4299    -0.0298      7.687     1.7983     2.5700     78.253     80.313  0.000e+00
   57.16664 -133.59784    246.330    186.394    184.596     5.6039    33.3871  1027.1878    26.3283     5.5889     25.508    99.4299    -0.0298      7.687     1.7979     2.5694     78.235     80.295  0.000e+00
   57.16664 -133.59784    246.330    186.394    184.596     5.6039    33.3867  1027.1875    26.3280     5.5889     25.503    99.4299    -0.0298      7.687     1.7975     2.5688     78.218     80.278  0.000e+00
   57.16664 -133.59782    246.354    186.418    184.620     5.6036    33.3871  1027.1880    26.3283     5.5886     25.497    99.4299    -0.0591      7.687     1.7972     2.5683     78.202     80.261  0.000e+00
   57.16664 -133.59782    246.369    186.508    184.709     5.6037    33.3868  1027.1881    26.3281     5.5888     25.493    99.4299    -0.0298      7.687     1.7968     2.5678     78.188     80.246  0.000e+00
   57.16664 -133.59782    246.223    186.508    184.709     5.6035    33.3869  1027.1882    26.3282     5.5886     25.488    99.4299    -0.0298      7.687     1.7965     2.5674     78.174     80.232  0.000e+00
   57.16664 -133.59782    246.174    186.508    184.709     5.6036    33.3871  1027.1883    26.3283     5.5886     25.483    99.4299    -0.0298      7.687     1.7962     2.5669     78.160     80.218  0.000e+00
   57.16664 -133.59782    246.206    186.540    184.741     5.6032    33.3878  1027.1891    26.3289     5.5883     25.472    99.4299    -0.0298      7.687     1.7954     2.5658     78.125     80.182  0.000e+00
   57.16664 -133.59782    246.294    186.629    184.829     5.6031    33.3877  1027.1895    26.3289     5.5881     25.468    99.4299    -0.0298      7.687     1.7951     2.5654     78.114     80.170  0.000e+00
   57.16664 -133.59782    246.318    186.629    184.829     5.6031    33.3877  1027.1894    26.3288     5.5881     25.464    99.4299    -0.0591      7.687     1.7949     2.5650     78.102     80.158  0.000e+00
   57.16664 -133.59782    246.262    186.572    184.773     5.6029    33.3878  1027.1893    26.3290     5.5879     25.461    99.4299    -0.0298      7.687     1.7946     2.5647     78.091     80.147  0.000e+00
   57.16664 -133.59782    246.439    186.750    184.949     5.6030    33.3875  1027.1898    26.3287     5.5880     25.458    99.4299    -0.0298      7.687     1.7944     2.5644     78.083     80.138  0.000e+00
   57.16664 -133.59782    246.382    186.718    184.917     5.6028    33.3878  1027.1899    26.3290     5.5878     25.514    99.4299    -0.0298      7.687     1.7983     2.5700     78.253     80.313  0.000e+00
   57.16664 -133.59782    246.414    186.750    184.949     5.6028    33.3881  1027.1904    26.3292     5.5878     25.459    99.4299    -0.0298      7.687     1.7945     2.5645     78.086     80.142  0.000e+00
   57.16664 -133.59782    246.373    186.807    185.005     5.6028    33.3879  1027.1905    26.3291     5.5878     25.457    99.4299    -0.0298      7.687     1.7943     2.5643     78.079     80.134  0.000e+00
   57.16664 -133.59782    246.339    186.872    185.069     5.6029    33.3882  1027.1910    26.3293     5.5879     25.455    99.4299    -0.0298      7.687     1.7942     2.5640     78.072     80.127  0.000e+00
   57.16664 -133.59782    246.307    186.840    185.037     5.6024    33.3889  1027.1914    26.3299     5.5875     25.452    99.4299    -0.0298      7.687     1.7940     2.5638     78.065     80.121  0.000e+00
   57.16664 -133.59782    246.339    186.872    185.069     5.6024    33.3885  1027.1913    26.3296     5.5874     25.451    99.4299    -0.0298      7.687     1.7939     2.5637     78.061     80.116  0.000e+00
   57.16664 -133.59782    246.395    186.929    185.125     5.6026    33.3881  1027.1912    26.3292     5.5876     25.391    99.4299    -0.0591      7.687     1.7897     2.5576     77.877     79.927  0.000e+00
   57.16664 -133.59782    246.264    186.993    185.190     5.6023    33.3888  1027.1921    26.3298     5.5873     25.442    99.4299    -0.0298      7.687     1.7933     2.5628     78.033     80.087  0.000e+00
   57.16664 -133.59782    246.126    186.953    185.149     5.6022    33.3888  1027.1919    26.3298     5.5872     25.441    99.4858    -0.0298      7.687     1.7932     2.5627     78.031     80.085  0.000e+00
   57.16664 -133.59782    246.223    187.050    185.246     5.6020    33.3888  1027.1924    26.3299     5.5870     25.441    99.4858    -0.0298      7.687     1.7932     2.5627     78.031     80.086  0.000e+00
   57.16664 -133.59782    246.223    187.050    185.246     5.6020    33.3894  1027.1928    26.3303     5.5870     25.441    99.4858    -0.0298      7.687     1.7932     2.5627     78.031     80.086  0.000e+00
   57.16664 -133.59782    246.279    187.107    185.302     5.6020    33.3890  1027.1928    26.3300     5.5870     25.441    99.4858    -0.0298      7.687     1.7933     2.5628     78.033     80.087  0.000e+00
   57.16664 -133.59782    246.271    187.074    185.270     5.6020    33.3893  1027.1929    26.3302     5.5870     25.442    99.4858    -0.0591      7.687     1.7933     2.5628     78.034     80.089  0.000e+00
   57.16664 -133.59782    246.367    187.172    185.366     5.6021    33.3892  1027.1932    26.3301     5.5871     25.443    99.4858    -0.0298      7.687     1.7934     2.5629     78.038     80.092  0.000e+00
   57.16664 -133.59782    246.423    187.228    185.422     5.6016    33.3895  1027.1938    26.3305     5.5866     25.445    99.4858    -0.0298      7.687     1.7935     2.5631     78.043     80.097  0.000e+00
   57.16664 -133.59782    246.343    187.172    185.366     5.6016    33.3895  1027.1936    26.3305     5.5866     25.446    99.4858    -0.0298      7.687     1.7936     2.5632     78.047     80.102  0.000e+00
   57.16664 -133.59782    246.414    187.293    185.486     5.6018    33.3892  1027.1939    26.3302     5.5868     25.389    99.4858    -0.0298      7.687     1.7896     2.5575     77.873     79.924  0.000e+00
   57.16664 -133.59782    246.267    187.317    185.510     5.6016    33.3897  1027.1943    26.3306     5.5866     25.443    99.4858    -0.0298      7.687     1.7934     2.5630     78.039     80.094  0.000e+00
   57.16664 -133.59782    246.170    187.293    185.486     5.6018    33.3897  1027.1942    26.3306     5.5868     25.446    99.4858    -0.0298      7.687     1.7936     2.5632     78.046     80.101  0.000e+00
   57.16664 -133.59782    246.226    187.350    185.542     5.6016    33.3898  1027.1946    26.3307     5.5866     25.449    99.4858    -0.0298      7.687     1.7938     2.5635     78.056     80.112  0.000e+00
   57.16664 -133.59782    246.250    187.350    185.542     5.6016    33.3897  1027.1945    26.3306     5.5866     25.452    99.4858    -0.0298      7.687     1.7940     2.5639     78.066     80.122  0.000e+00
   57.16664 -133.59782    246.331    187.431    185.622     5.6018    33.3895  1027.1947    26.3305     5.5867     25.456    99.4858    -0.0591      7.687     1.7943     2.5642     78.078     80.134  0.000e+00
   57.16664 -133.59782    246.346    187.471    185.663     5.6016    33.3897  1027.1951    26.3306     5.5866     25.460    99.4858    -0.0298      7.687     1.7946     2.5647     78.090     80.146  0.000e+00
   57.16664 -133.59782    246.346    187.471    185.663     5.6016    33.3897  1027.1951    26.3306     5.5865     25.464    99.4858    -0.0298      7.687     1.7949     2.5651     78.103     80.160  0.000e+00
   57.16664 -133.59782    246.402    187.528    185.719     5.6016    33.3896  1027.1953    26.3306     5.5866     25.469    99.4858    -0.0298      7.687     1.7952     2.5655     78.117     80.174  0.000e+00
   57.16664 -133.59782    246.426    187.552    185.743     5.6016    33.3899  1027.1956    26.3308     5.5866     25.408    99.4858    -0.0298      7.687     1.7909     2.5594     77.929     79.981  0.000e+00
