EcoFOCI/data/1_SampleCollection/2022_GOA-OA_CruiseData/CTD_raw_BottleFile_RC0083/RC0083_038.cnv
* Sea-Bird SBE 9 Data File:
* FileName = C:\Data\RC0083ctd\RC0083_038.hex
* Software Version Seasave V 7.26.7.107
* Temperature SN = 2060
* Conductivity SN = 1084
* Number of Bytes Per Scan = 31
* Number of Voltage Words = 4
* Number of Scans Averaged by the Deck Unit = 1
* NMEA Latitude = 58 13.26 N
* NMEA Longitude = 135 31.81 W
* NMEA UTC (Time) = Aug 18 2022  11:39:46
* NMEA baud rate = 4800
** Ship: R/V Rachel Carson
** Cruise ID: RC0083
** Tech: McHugh/Nomura
** Chief Scientist: Cross
** Station: ISA
** Cast:  CTD038
# nquan = 19
# nvalues = 15166                                 
# units = specified
# name 0 = latitude: Latitude [deg]
# name 1 = longitude: Longitude [deg]
# name 2 = sfdSM: Seafloor depth [salt water, m]
# name 3 = prDM: Pressure, Digiquartz [db]
# name 4 = depSM: Depth [salt water, m]
# name 5 = t090C: Temperature [ITS-90, deg C]
# name 6 = sal00: Salinity, Practical [PSU]
# name 7 = density00: Density [density, kg/m^3]
# name 8 = sigma-é00: Density [sigma-theta, kg/m^3]
# name 9 = potemp090C: Potential Temperature [ITS-90, deg C]
# name 10 = sbeox0PS: Oxygen, SBE 43 [% saturation]
# name 11 = CStarTr0: Beam Transmission, WET Labs C-Star [%]
# name 12 = flECO-AFL: Fluorescence, WET Labs ECO-AFL/FL [mg/m^3]
# name 13 = ph: pH
# name 14 = sbeox0ML/L: Oxygen, SBE 43 [ml/l]
# name 15 = sbeox0Mg/L: Oxygen, SBE 43 [mg/l]
# name 16 = sbox0Mm/Kg: Oxygen, SBE 43 [umol/kg]
# name 17 = sbeox0Mm/L: Oxygen, SBE 43 [umol/l]
# name 18 = flag:  0.000e+00
# span 0 =   58.22104,   58.22178                 
# span 1 = -135.53146, -135.53012                 
# span 2 =      3.208,    172.781                 
# span 3 =      2.907,     96.867                 
# span 4 =      2.880,     95.945                 
# span 5 =     6.2797,    10.9751                 
# span 6 =    26.0884,    32.0733                 
# span 7 =  1019.8658,  1025.6509                 
# span 8 =    19.8510,    25.2073                 
# span 9 =     6.2718,    10.9747                 
# span 10 =     43.034,     93.116                
# span 11 =    47.9670,    89.9764                
# span 12 =     0.0581,     2.8420                
# span 13 =      7.772,      8.198                
# span 14 =     3.0104,     6.1171                
# span 15 =     4.3021,     8.7419                
# span 16 =    131.142,    267.794                
# span 17 =    134.444,    273.188                
# span 18 = 0.0000e+00, 0.0000e+00                
# interval = seconds: 0.0416667
# start_time = Aug 18 2022 11:39:46 [NMEA time, header]
# bad_flag = -9.990e-29
*END*
[from data line 2134]
   58.22116 -135.53070    128.771     30.423     30.138     7.5922    30.4996  1023.9377    23.7980     7.5894     60.246    87.2914     0.3804      7.917     4.1327     5.9061    180.277    184.567  0.000e+00
   58.22116 -135.53072    128.827     30.480     30.194     7.5916    30.5002  1023.9386    23.7986     7.5888     60.218    87.2914     0.3804      7.917     4.1308     5.9033    180.194    184.482  0.000e+00
   58.22116 -135.53072    128.891     30.544     30.258     7.5905    30.5013  1023.9399    23.7996     7.5877     60.180    87.2914     0.3804      7.917     4.1283     5.8998    180.086    184.372  0.000e+00
   58.22116 -135.53072    128.907     30.560     30.274     7.5898    30.5021  1023.9406    23.8003     7.5870     60.197    87.2914     0.3804      7.917     4.1295     5.9015    180.136    184.423  0.000e+00
   58.22116 -135.53072    128.891     30.544     30.258     7.5897    30.5019  1023.9404    23.8001     7.5869     60.211    87.2634     0.3804      7.917     4.1305     5.9029    180.179    184.468  0.000e+00
   58.22116 -135.53072    129.003     30.657     30.370     7.5895    30.5022  1023.9412    23.8004     7.5867     60.224    87.2914     0.3804      7.917     4.1314     5.9042    180.219    184.508  0.000e+00
   58.22116 -135.53072    129.067     30.722     30.434     7.5891    30.5025  1023.9418    23.8007     7.5864     60.186    87.2914     0.3804      7.917     4.1288     5.9005    180.107    184.394  0.000e+00
   58.22116 -135.53072    128.954     30.657     30.370     7.5878    30.5041  1023.9430    23.8022     7.5850     60.201    87.2634     0.3804      7.917     4.1300     5.9021    180.156    184.444  0.000e+00
   58.22116 -135.53072    129.067     30.722     30.434     7.5848    30.5070  1023.9460    23.8049     7.5820     60.216    87.1795     0.3804      7.917     4.1311     5.9038    180.207    184.497  0.000e+00
   58.22116 -135.53072    129.123     30.778     30.490     7.5831    30.5090  1023.9480    23.8066     7.5804     60.179    87.0956     0.3804      7.917     4.1287     5.9004    180.102    184.390  0.000e+00
   58.22116 -135.53072    129.123     30.778     30.490     7.5829    30.5091  1023.9481    23.8067     7.5801     60.189    87.0956     0.4097      7.917     4.1294     5.9013    180.131    184.419  0.000e+00
   58.22116 -135.53072    129.123     30.778     30.490     7.5826    30.5093  1023.9483    23.8070     7.5798     60.203    87.0956     0.4097      7.917     4.1304     5.9028    180.175    184.464  0.000e+00
   58.22116 -135.53072    129.243     30.900     30.610     7.5835    30.5080  1023.9477    23.8058     7.5807     60.216    87.0956     0.4097      7.917     4.1312     5.9040    180.211    184.501  0.000e+00
   58.22116 -135.53072    129.203     30.859     30.570     7.5838    30.5079  1023.9474    23.8056     7.5811     60.232    87.0956     0.4097      7.917     4.1323     5.9055    180.259    184.550  0.000e+00
   58.22116 -135.53072    129.243     30.900     30.610     7.5838    30.5078  1023.9475    23.8056     7.5811     60.191    87.0956     0.4097      7.917     4.1295     5.9015    180.136    184.424  0.000e+00
   58.22116 -135.53072    129.363     31.021     30.730     7.5833    30.5087  1023.9488    23.8063     7.5806     60.196    87.0956     0.4097      7.917     4.1299     5.9020    180.152    184.441  0.000e+00
   58.22116 -135.53072    129.363     31.021     30.730     7.5825    30.5098  1023.9498    23.8074     7.5797     60.205    87.0956     0.4097      7.917     4.1305     5.9030    180.180    184.470  0.000e+00
   58.22116 -135.53072    129.363     31.021     30.730     7.5816    30.5109  1023.9508    23.8084     7.5788     60.163    87.0956     0.4097      7.917     4.1277     5.8989    180.056    184.343  0.000e+00
   58.22116 -135.53072    129.363     31.021     30.730     7.5809    30.5120  1023.9517    23.8092     7.5781     60.166    87.0956     0.4097      7.917     4.1280     5.8993    180.068    184.355  0.000e+00
   58.22116 -135.53072    129.475     31.134     30.843     7.5804    30.5123  1023.9526    23.8096     7.5776     60.175    87.0956     0.4097      7.917     4.1286     5.9002    180.095    184.383  0.000e+00
   58.22116 -135.53072    129.475     31.134     30.843     7.5801    30.5123  1023.9526    23.8096     7.5773     60.179    87.0956     0.4097      7.917     4.1290     5.9007    180.111    184.399  0.000e+00
   58.22116 -135.53072    129.475     31.134     30.843     7.5807    30.5115  1023.9519    23.8089     7.5779     60.133    87.0956     0.4097      7.917     4.1257     5.8961    179.970    184.255  0.000e+00
   58.22116 -135.53072    129.539     31.199     30.907     7.5798    30.5126  1023.9532    23.8099     7.5769     60.140    87.0956     0.4097      7.917     4.1263     5.8968    179.993    184.279  0.000e+00
   58.22116 -135.53072    129.555     31.215     30.923     7.5781    30.5146  1023.9551    23.8117     7.5753     60.151    87.0956     0.4097      7.917     4.1271     5.8981    180.030    184.317  0.000e+00
   58.22116 -135.53072    129.595     31.255     30.963     7.5770    30.5155  1023.9561    23.8125     7.5742     60.159    87.0956     0.4097      7.917     4.1278     5.8990    180.058    184.346  0.000e+00
   58.22116 -135.53072    129.595     31.255     30.963     7.5712    30.5214  1023.9615    23.8180     7.5683     60.171    87.0956     0.4097      7.917     4.1290     5.9008    180.112    184.401  0.000e+00
   58.22116 -135.53072    129.715     31.376     31.083     7.5625    30.5304  1023.9703    23.8262     7.5597     60.126    87.0956     0.4097      7.917     4.1265     5.8972    180.000    184.289  0.000e+00
   58.22116 -135.53072    129.715     31.376     31.083     7.5611    30.5318  1023.9716    23.8275     7.5583     60.132    87.0956     0.4097      7.917     4.1270     5.8979    180.021    184.311  0.000e+00
   58.22116 -135.53072    129.715     31.376     31.083     7.5622    30.5307  1023.9706    23.8265     7.5594     60.142    87.1235     0.4097      7.917     4.1276     5.8987    180.048    184.337  0.000e+00
   58.22116 -135.53072    129.771     31.433     31.139     7.5636    30.5291  1023.9694    23.8251     7.5608     60.149    87.1515     0.4097      7.917     4.1280     5.8993    180.064    184.354  0.000e+00
   58.22116 -135.53072    129.811     31.497     31.203     7.5609    30.5313  1023.9718    23.8272     7.5580     60.160    87.1515     0.3804      7.917     4.1289     5.9006    180.106    184.398  0.000e+00
   58.22116 -135.53072    129.771     31.433     31.139     7.5570    30.5362  1023.9759    23.8315     7.5542     60.119    87.1515     0.3511      7.917     4.1263     5.8969    179.992    184.282  0.000e+00
   58.22116 -135.53072    129.835     31.497     31.203     7.5551    30.5376  1023.9776    23.8329     7.5523     60.131    87.1515     0.3511      7.917     4.1273     5.8983    180.034    184.325  0.000e+00
   58.22116 -135.53072    129.971     31.635     31.339     7.5532    30.5391  1023.9796    23.8343     7.5503     60.140    87.1515     0.3511      7.917     4.1281     5.8994    180.068    184.360  0.000e+00
   58.22116 -135.53072    129.891     31.554     31.259     7.5516    30.5409  1023.9809    23.8360     7.5487     60.151    87.1515     0.3511      7.917     4.1290     5.9007    180.107    184.400  0.000e+00
   58.22116 -135.53072    129.931     31.619     31.323     7.5494    30.5434  1023.9834    23.8382     7.5466     60.161    87.1515     0.3511      7.917     4.1297     5.9018    180.139    184.433  0.000e+00
   58.22116 -135.53072    130.011     31.675     31.379     7.5470    30.5457  1023.9858    23.8403     7.5442     60.118    87.1515     0.3511      7.917     4.1269     5.8978    180.018    184.309  0.000e+00
   58.22116 -135.53072    129.962     31.675     31.379     7.5452    30.5466  1023.9868    23.8413     7.5424     60.119    87.1515     0.3511      7.917     4.1272     5.8982    180.028    184.320  0.000e+00
   58.22116 -135.53072    130.067     31.732     31.435     7.5441    30.5473  1023.9877    23.8420     7.5412     60.124    87.1515     0.3511      7.917     4.1276     5.8988    180.048    184.340  0.000e+00
   58.22116 -135.53072    130.067     31.732     31.435     7.5439    30.5479  1023.9882    23.8424     7.5411     60.133    87.1515     0.3511      7.917     4.1282     5.8996    180.073    184.366  0.000e+00
   58.22116 -135.53072    130.131     31.796     31.499     7.5417    30.5509  1023.9912    23.8451     7.5388     60.090    87.1515     0.3511      7.917     4.1254     5.8956    179.950    184.241  0.000e+00
   58.22116 -135.53072    130.147     31.813     31.515     7.5403    30.5526  1023.9928    23.8467     7.5375     60.099    87.1515     0.3511      7.912     4.1261     5.8966    179.980    184.272  0.000e+00
   58.22116 -135.53072    130.187     31.853     31.555     7.5412    30.5517  1023.9921    23.8458     7.5383     60.104    87.1515     0.3511      7.917     4.1264     5.8971    179.993    184.286  0.000e+00
   58.22116 -135.53072    130.187     31.853     31.555     7.5415    30.5508  1023.9914    23.8451     7.5387     60.113    87.1515     0.3511      7.917     4.1270     5.8979    180.019    184.312  0.000e+00
   58.22116 -135.53072    130.307     31.974     31.675     7.5403    30.5523  1023.9933    23.8464     7.5375     60.063    87.1515     0.3511      7.917     4.1237     5.8931    179.873    184.163  0.000e+00
   58.22116 -135.53072    130.243     31.909     31.611     7.5407    30.5516  1023.9924    23.8458     7.5378     60.064    87.1515     0.3511      7.917     4.1237     5.8932    179.875    184.164  0.000e+00
   58.22116 -135.53072    130.307     31.974     31.675     7.5413    30.5505  1023.9917    23.8448     7.5385     60.077    87.1515     0.3511      7.917     4.1245     5.8944    179.912    184.202  0.000e+00
   58.22116 -135.53072    130.363     32.031     31.731     7.5412    30.5498  1023.9914    23.8443     7.5383     60.086    87.1515     0.3511      7.917     4.1252     5.8953    179.941    184.231  0.000e+00
   58.22116 -135.53072    130.363     32.031     31.731     7.5412    30.5506  1023.9921    23.8450     7.5383     60.043    87.1235     0.3511      7.912     4.1222     5.8910    179.810    184.098  0.000e+00
   58.22116 -135.53072    130.427     32.095     31.795     7.5418    30.5503  1023.9921    23.8446     7.5390     60.052    87.1235     0.3511      7.912     4.1228     5.8919    179.836    184.124  0.000e+00
   58.22116 -135.53072    130.443     32.111     31.811     7.5427    30.5490  1023.9910    23.8435     7.5398     60.002    87.0956     0.3511      7.912     4.1193     5.8869    179.685    183.969  0.000e+00
   58.22116 -135.53072    130.434     32.152     31.851     7.5427    30.5493  1023.9915    23.8438     7.5398     59.997    87.0956     0.3511      7.912     4.1190     5.8864    179.669    183.953  0.000e+00
   58.22116 -135.53072    130.483     32.152     31.851     7.5408    30.5510  1023.9930    23.8453     7.5380     59.995    87.1235     0.3511      7.912     4.1190     5.8864    179.669    183.954  0.000e+00
   58.22116 -135.53072    130.539     32.208     31.907     7.5422    30.5499  1023.9922    23.8443     7.5393     59.997    87.0956     0.3511      7.912     4.1190     5.8865    179.672    183.956  0.000e+00
   58.22116 -135.53072    130.659     32.330     32.027     7.5446    30.5470  1023.9902    23.8417     7.5417     60.003    87.0956     0.3511      7.912     4.1193     5.8869    179.684    183.968  0.000e+00
   58.22116 -135.53072    130.539     32.208     31.907     7.5454    30.5456  1023.9884    23.8405     7.5425     59.949    87.1235     0.3511      7.912     4.1155     5.8814    179.518    183.798  0.000e+00
   58.22116 -135.53072    130.659     32.330     32.027     7.5454    30.5445  1023.9881    23.8396     7.5425     59.947    87.1235     0.3511      7.912     4.1154     5.8814    179.516    183.795  0.000e+00
   58.22116 -135.53072    130.659     32.330     32.027     7.5449    30.5448  1023.9884    23.8399     7.5420     59.893    87.0956     0.3511      7.912     4.1118     5.8761    179.356    183.632  0.000e+00
   58.22116 -135.53072    130.675     32.346     32.043     7.5443    30.5448  1023.9886    23.8400     7.5414     59.940    87.1235     0.3511      7.912     4.1150     5.8808    179.497    183.777  0.000e+00
   58.22116 -135.53072    130.779     32.451     32.147     7.5441    30.5445  1023.9888    23.8398     7.5412     59.886    87.1235     0.3511      7.912     4.1114     5.8756    179.339    183.614  0.000e+00
   58.22116 -135.53072    130.779     32.451     32.147     7.5442    30.5444  1023.9887    23.8397     7.5413     59.884    87.0956     0.3511      7.912     4.1112     5.8753    179.331    183.606  0.000e+00
   58.22116 -135.53072    130.779     32.451     32.147     7.5446    30.5436  1023.9881    23.8390     7.5417     59.885    87.0956     0.3511      7.912     4.1113     5.8754    179.334    183.609  0.000e+00
   58.22116 -135.53072    130.835     32.507     32.203     7.5449    30.5432  1023.9880    23.8387     7.5420     59.835    87.0956     0.3511      7.912     4.1078     5.8705    179.183    183.454  0.000e+00
   58.22116 -135.53072    130.899     32.572     32.267     7.5446    30.5434  1023.9885    23.8389     7.5417     59.829    87.1235     0.3511      7.912     4.1074     5.8700    179.167    183.439  0.000e+00
   58.22116 -135.53072    130.899     32.572     32.267     7.5439    30.5444  1023.9894    23.8398     7.5410     59.827    87.0956     0.3511      7.912     4.1073     5.8698    179.162    183.433  0.000e+00
   58.22116 -135.53072    130.899     32.572     32.267     7.5428    30.5469  1023.9914    23.8418     7.5399     59.828    87.0956     0.3511      7.912     4.1074     5.8700    179.167    183.439  0.000e+00
   58.22116 -135.53072    131.035     32.709     32.403     7.5401    30.5500  1023.9949    23.8446     7.5371     59.827    87.1235     0.3511      7.912     4.1075     5.8701    179.170    183.442  0.000e+00
   58.22116 -135.53072    131.011     32.685     32.379     7.5395    30.5501  1023.9949    23.8448     7.5366     59.772    87.0956     0.3511      7.912     4.1038     5.8647    179.008    183.276  0.000e+00
   58.22116 -135.53072    131.011     32.685     32.379     7.5412    30.5480  1023.9930    23.8429     7.5383     59.769    87.1235     0.3511      7.912     4.1035     5.8643    178.994    183.262  0.000e+00
   58.22116 -135.53072    131.075     32.750     32.443     7.5427    30.5458  1023.9914    23.8410     7.5397     59.714    87.1515     0.3511      7.912     4.0997     5.8588    178.828    183.091  0.000e+00
   58.22116 -135.53072    131.075     32.750     32.443     7.5426    30.5459  1023.9915    23.8411     7.5397     59.704    87.1795     0.3511      7.912     4.0990     5.8578    178.797    183.060  0.000e+00
   58.22116 -135.53072    131.107     32.806     32.499     7.5432    30.5448  1023.9908    23.8401     7.5402     59.698    87.1795     0.3511      7.912     4.0985     5.8572    178.778    183.040  0.000e+00
   58.22118 -135.53072    131.195     32.871     32.563     7.5438    30.5435  1023.9900    23.8390     7.5409     59.695    87.1795     0.3511      7.912     4.0983     5.8569    178.769    183.031  0.000e+00
   58.22118 -135.53072    131.211     32.887     32.579     7.5441    30.5427  1023.9895    23.8384     7.5411     59.696    87.1795     0.3511      7.912     4.0984     5.8570    178.771    183.033  0.000e+00
   58.22118 -135.53072    131.251     32.927     32.619     7.5432    30.5439  1023.9907    23.8395     7.5402     59.645    87.1795     0.3511      7.912     4.0949     5.8521    178.621    182.879  0.000e+00
