EcoFOCI/data/1_SampleCollection/2022_GOA-OA_CruiseData/CTD_raw_BottleFile_RC0083/RC0083_037.ros
* Sea-Bird SBE 9 Data File:
* FileName = C:\Data\RC0083ctd\RC0083_037.hex
* Software Version Seasave V 7.26.7.107
* Temperature SN = 2060
* Conductivity SN = 1084
* Number of Bytes Per Scan = 31
* Number of Voltage Words = 4
* Number of Scans Averaged by the Deck Unit = 1
* NMEA Latitude = 58 04.74 N
* NMEA Longitude = 135 00.17 W
* NMEA UTC (Time) = Aug 18 2022  09:04:23
* NMEA baud rate = 4800
** Ship: R/V Rachel Carson
** Cruise ID: RC0083
** Tech: McHugh/Nomura
** Chief Scientist: Cross
** Station: UCA
** Cast:  CTD037
# nquan = 21
# nvalues = 392                                   
# units = specified
# name 0 = latitude: Latitude [deg]
# name 1 = longitude: Longitude [deg]
# name 2 = sfdSM: Seafloor depth [salt water, m]
# name 3 = prDM: Pressure, Digiquartz [db]
# name 4 = depSM: Depth [salt water, m]
# name 5 = t090C: Temperature [ITS-90, deg C]
# name 6 = sal00: Salinity, Practical [PSU]
# name 7 = density00: Density [density, kg/m^3]
# name 8 = sigma-é00: Density [sigma-theta, kg/m^3]
# name 9 = potemp090C: Potential Temperature [ITS-90, deg C]
# name 10 = sbeox0PS: Oxygen, SBE 43 [% saturation]
# name 11 = CStarTr0: Beam Transmission, WET Labs C-Star [%]
# name 12 = flECO-AFL: Fluorescence, WET Labs ECO-AFL/FL [mg/m^3]
# name 13 = ph: pH
# name 14 = sbeox0ML/L: Oxygen, SBE 43 [ml/l]
# name 15 = sbeox0Mg/L: Oxygen, SBE 43 [mg/l]
# name 16 = sbox0Mm/Kg: Oxygen, SBE 43 [umol/kg]
# name 17 = sbeox0Mm/L: Oxygen, SBE 43 [umol/l]
# name 18 = scan: Scan Count
# name 19 = nbf: Bottles Fired
# name 20 = flag:  0.000e+00
# interval = seconds: 0.0416667
# start_time = Aug 18 2022 09:04:23 [NMEA time, header]
# bad_flag = -9.990e-29
*END*
[from data line 276]
   58.07778 -134.99972    123.973     25.579     25.340     7.9158    30.1444  1023.5923    23.4750     7.9135     63.870    93.2208     0.4976      7.964     4.3592     6.2297    190.215    194.680      30798          6  0.000e+00
   58.07778 -134.99972    123.973     25.579     25.340     7.9163    30.1439  1023.5919    23.4746     7.9140     63.861    93.2208     0.4976      7.968     4.3585     6.2288    190.187    194.652      30799          6  0.000e+00
   58.07778 -134.99972    123.909     25.514     25.276     7.9160    30.1438  1023.5916    23.4746     7.9136     63.907    93.2208     0.4976      7.968     4.3617     6.2333    190.327    194.794      30800          6  0.000e+00
   58.07778 -134.99972    123.973     25.579     25.340     7.9161    30.1436  1023.5917    23.4744     7.9137     63.906    93.2208     0.4976      7.964     4.3617     6.2332    190.324    194.792      30801          6  0.000e+00
   58.07778 -134.99972    123.973     25.579     25.340     7.9161    30.1437  1023.5918    23.4745     7.9138     63.905    93.1928     0.4976      7.968     4.3615     6.2331    190.319    194.787      30802          6  0.000e+00
   58.07778 -134.99972    123.909     25.514     25.276     7.9162    30.1441  1023.5918    23.4748     7.9139     63.903    93.2208     0.4976      7.968     4.3614     6.2329    190.312    194.780      30803          6  0.000e+00
   58.07778 -134.99972    123.973     25.579     25.340     7.9161    30.1437  1023.5918    23.4744     7.9138     63.902    93.2208     0.4976      7.968     4.3613     6.2328    190.310    194.778      30804          6  0.000e+00
   58.07778 -134.99972    123.909     25.514     25.276     7.9163    30.1436  1023.5914    23.4743     7.9140     63.907    93.2208     0.4976      7.968     4.3617     6.2333    190.325    194.793      30805          6  0.000e+00
   58.07778 -134.99972    123.973     25.579     25.340     7.9163    30.1438  1023.5919    23.4745     7.9140     63.852    93.2208     0.4976      7.968     4.3579     6.2278    190.159    194.622      30806          6  0.000e+00
   58.07778 -134.99972    123.973     25.579     25.340     7.9163    30.1437  1023.5918    23.4744     7.9140     63.899    93.2208     0.4976      7.968     4.3611     6.2325    190.300    194.767      30807          6  0.000e+00
   58.07778 -134.99972    123.973     25.579     25.340     7.9158    30.1443  1023.5923    23.4749     7.9135     63.898    93.2208     0.4976      7.964     4.3611     6.2324    190.299    194.766      30808          6  0.000e+00
   58.07778 -134.99972    123.909     25.514     25.276     7.9158    30.1441  1023.5919    23.4748     7.9135     63.897    93.2208     0.4976      7.968     4.3610     6.2323    190.295    194.762      30809          6  0.000e+00
   58.07778 -134.99972    123.973     25.579     25.340     7.9158    30.1444  1023.5924    23.4750     7.9135     63.896    93.2208     0.4976      7.968     4.3610     6.2322    190.293    194.760      30810          6  0.000e+00
   58.07778 -134.99972    123.909     25.514     25.276     7.9157    30.1447  1023.5923    23.4753     7.9134     63.902    93.2208     0.4976      7.968     4.3614     6.2328    190.311    194.779      30811          6  0.000e+00
   58.07778 -134.99972    123.973     25.579     25.340     7.9157    30.1447  1023.5926    23.4753     7.9134     63.909    93.2208     0.4976      7.968     4.3619     6.2335    190.333    194.801      30812          6  0.000e+00
   58.07778 -134.99972    123.973     25.579     25.340     7.9158    30.1444  1023.5923    23.4750     7.9135     63.916    93.2208     0.4976      7.968     4.3623     6.2342    190.353    194.822      30813          6  0.000e+00
   58.07778 -134.99972    123.909     25.514     25.276     7.9157    30.1445  1023.5922    23.4751     7.9134     63.923    93.2208     0.4976      7.968     4.3628     6.2349    190.374    194.843      30814          6  0.000e+00
   58.07778 -134.99972    123.973     25.579     25.340     7.9160    30.1444  1023.5924    23.4750     7.9136     63.924    93.2208     0.4976      7.968     4.3628     6.2349    190.375    194.844      30815          6  0.000e+00
   58.07772 -134.99946    108.927     10.391     10.295     9.5781    29.6018  1022.8542    22.8069     9.5770     85.147    93.7522     1.8749      8.134     5.6181     8.0289    245.312    250.906      32564          7  0.000e+00
   58.07772 -134.99946    109.223     10.690     10.591     9.5777    29.6022  1022.8560    22.8073     9.5766     85.099    93.7522     1.8749      8.134     5.6150     8.0244    245.174    250.766      32565          7  0.000e+00
   58.07772 -134.99946    109.127     10.593     10.495     9.5764    29.6034  1022.8566    22.8084     9.5753     85.095    93.7522     1.8749      8.134     5.6149     8.0242    245.169    250.761      32566          7  0.000e+00
   58.07772 -134.99946    109.159     10.625     10.527     9.5752    29.6050  1022.8582    22.8098     9.5741     85.094    93.7522     1.9042      8.134     5.6149     8.0242    245.169    250.761      32567          7  0.000e+00
   58.07772 -134.99946    109.047     10.512     10.415     9.5755    29.6049  1022.8576    22.8097     9.5744     85.092    93.7522     1.8749      8.134     5.6147     8.0240    245.160    250.752      32568          7  0.000e+00
   58.07772 -134.99946    109.191     10.658     10.559     9.5740    29.6057  1022.8591    22.8106     9.5729     85.093    93.7522     1.8749      8.134     5.6150     8.0243    245.171    250.764      32569          7  0.000e+00
   58.07772 -134.99946    109.103     10.569     10.471     9.5742    29.6051  1022.8582    22.8101     9.5731     85.093    93.7522     1.8749      8.134     5.6149     8.0243    245.170    250.762      32570          7  0.000e+00
   58.07772 -134.99946    109.103     10.569     10.471     9.5757    29.6039  1022.8570    22.8089     9.5746     85.094    93.7522     1.9042      8.134     5.6149     8.0242    245.167    250.759      32571          7  0.000e+00
   58.07772 -134.99946    109.127     10.593     10.495     9.5774    29.6016  1022.8551    22.8068     9.5763     85.096    93.7522     1.8749      8.134     5.6149     8.0242    245.169    250.760      32572          7  0.000e+00
   58.07772 -134.99946    109.159     10.626     10.527     9.5790    29.6000  1022.8538    22.8054     9.5779     85.099    93.7522     1.8749      8.134     5.6149     8.0243    245.172    250.763      32573          7  0.000e+00
   58.07772 -134.99946    109.159     10.626     10.527     9.5795    29.5999  1022.8536    22.8052     9.5784     85.103    93.7522     1.8749      8.134     5.6151     8.0246    245.180    250.771      32574          7  0.000e+00
   58.07772 -134.99946    109.071     10.537     10.439     9.5801    29.5994  1022.8526    22.8047     9.5790     85.106    93.7522     1.9042      8.134     5.6153     8.0248    245.188    250.779      32575          7  0.000e+00
   58.07772 -134.99946    109.159     10.626     10.527     9.5808    29.5992  1022.8528    22.8044     9.5797     85.113    93.7522     1.8749      8.134     5.6156     8.0253    245.203    250.794      32576          7  0.000e+00
   58.07772 -134.99946    109.103     10.569     10.471     9.5803    29.5998  1022.8531    22.8050     9.5793     85.118    93.7522     1.9042      8.134     5.6160     8.0259    245.220    250.812      32577          7  0.000e+00
   58.07772 -134.99946    109.127     10.593     10.495     9.5795    29.6008  1022.8541    22.8059     9.5784     85.126    93.7522     1.8749      8.134     5.6166     8.0267    245.244    250.837      32578          7  0.000e+00
   58.07772 -134.99946    109.159     10.626     10.527     9.5782    29.6023  1022.8557    22.8073     9.5771     85.134    93.7522     1.8749      8.134     5.6173     8.0276    245.273    250.867      32579          7  0.000e+00
   58.07772 -134.99946    109.103     10.569     10.471     9.5786    29.6015  1022.8547    22.8066     9.5775     85.196    93.7522     1.8749      8.134     5.6213     8.0335    245.451    251.049      32580          7  0.000e+00
   58.07772 -134.99946    109.127     10.593     10.495     9.5797    29.6003  1022.8537    22.8055     9.5786     85.158    93.7522     1.8749      8.134     5.6187     8.0297    245.336    250.931      32581          7  0.000e+00
   58.07772 -134.99946    109.103     10.569     10.471     9.5799    29.6002  1022.8535    22.8054     9.5788     85.167    93.7802     1.8749      8.134     5.6193     8.0306    245.363    250.959      32582          7  0.000e+00
   58.07772 -134.99946    109.159     10.626     10.527     9.5797    29.6008  1022.8543    22.8059     9.5786     85.233    93.7802     1.8749      8.134     5.6237     8.0368    245.553    251.153      32583          7  0.000e+00
   58.07772 -134.99946    109.103     10.569     10.471     9.5808    29.5997  1022.8530    22.8049     9.5797     85.243    93.8081     1.8749      8.134     5.6242     8.0376    245.579    251.179      32584          7  0.000e+00
   58.07772 -134.99946    109.127     10.593     10.495     9.5808    29.5995  1022.8529    22.8047     9.5797     85.255    93.8081     1.9042      8.134     5.6250     8.0387    245.612    251.213      32585          7  0.000e+00
   58.07772 -134.99946    109.159     10.626     10.527     9.5808    29.6001  1022.8535    22.8051     9.5797     85.267    93.8081     1.8749      8.134     5.6258     8.0398    245.646    251.248      32586          7  0.000e+00
   58.07772 -134.99946    109.103     10.569     10.471     9.5806    29.6005  1022.8536    22.8055     9.5795     85.278    93.8081     1.8749      8.134     5.6265     8.0409    245.678    251.281      32587          7  0.000e+00
   58.07772 -134.99946    109.127     10.593     10.495     9.5801    29.6008  1022.8540    22.8058     9.5790     85.236    93.8081     1.8749      8.134     5.6238     8.0370    245.559    251.159      32588          7  0.000e+00
   58.07772 -134.99946    109.103     10.569     10.471     9.5799    29.6012  1022.8543    22.8061     9.5788     85.242    93.8081     1.8749      8.134     5.6242     8.0376    245.577    251.177      32589          7  0.000e+00
   58.07772 -134.99946    109.159     10.626     10.527     9.5810    29.6000  1022.8534    22.8050     9.5799     85.304    93.8081     1.9042      8.134     5.6282     8.0432    245.751    251.355      32590          7  0.000e+00
   58.07772 -134.99946    109.127     10.593     10.495     9.5826    29.5981  1022.8516    22.8033     9.5815     85.317    93.7802     1.8749      8.134     5.6289     8.0443    245.782    251.387      32591          7  0.000e+00
   58.07772 -134.99946    109.103     10.569     10.471     9.5829    29.5979  1022.8513    22.8031     9.5818     85.330    93.7802     1.8749      8.134     5.6298     8.0455    245.820    251.425      32592          7  0.000e+00
   58.07772 -134.99946    109.103     10.569     10.471     9.5836    29.5974  1022.8507    22.8026     9.5825     85.344    93.8081     1.9042      8.134     5.6306     8.0467    245.857    251.464      32593          7  0.000e+00
   58.07772 -134.99946    109.127     10.593     10.495     9.5846    29.5970  1022.8503    22.8021     9.5835     85.358    93.8081     1.9042      8.134     5.6315     8.0479    245.894    251.501      32594          7  0.000e+00
   58.07772 -134.99946    109.103     10.569     10.471     9.5856    29.5961  1022.8494    22.8013     9.5845     85.366    93.8081     1.8749      8.134     5.6319     8.0485    245.911    251.518      32595          7  0.000e+00
   58.07772 -134.99946    109.159     10.626     10.527     9.5860    29.5961  1022.8496    22.8012     9.5849     85.381    93.8081     1.8749      8.134     5.6328     8.0498    245.953    251.561      32596          7  0.000e+00
   58.07772 -134.99946    109.128     10.594     10.495     9.5869    29.5961  1022.8493    22.8011     9.5858     85.389    93.8081     1.8749      8.134     5.6332     8.0504    245.970    251.578      32597          7  0.000e+00
   58.07772 -134.99946    109.104     10.569     10.471     9.5867    29.5963  1022.8494    22.8012     9.5856     85.396    93.8081     1.9042      8.134     5.6337     8.0512    245.993    251.602      32598          7  0.000e+00
   58.07772 -134.99946    109.104     10.569     10.471     9.5875    29.5957  1022.8488    22.8007     9.5864     85.404    93.8081     1.8749      8.134     5.6342     8.0518    246.013    251.622      32599          7  0.000e+00
   58.07772 -134.99946    109.128     10.594     10.495     9.5885    29.5954  1022.8485    22.8002     9.5874     85.413    93.8081     1.8749      8.134     5.6346     8.0524    246.032    251.641      32600          7  0.000e+00
   58.07772 -134.99946    109.160     10.626     10.527     9.5880    29.5955  1022.8488    22.8004     9.5869     85.367    93.8081     1.9042      8.134     5.6316     8.0482    245.902    251.509      32601          7  0.000e+00
   58.07772 -134.99946    109.104     10.569     10.471     9.5888    29.5953  1022.8483    22.8001     9.5877     85.361    93.7802     1.8749      8.134     5.6312     8.0475    245.882    251.488      32602          7  0.000e+00
   58.07772 -134.99946    109.128     10.594     10.495     9.5895    29.5949  1022.8480    22.7997     9.5884     85.356    93.7802     1.8749      8.134     5.6308     8.0470    245.865    251.471      32603          7  0.000e+00
   58.07772 -134.99946    109.104     10.569     10.471     9.5896    29.5946  1022.8476    22.7995     9.5885     85.351    93.7802     1.8749      8.134     5.6304     8.0465    245.850    251.456      32604          7  0.000e+00
   58.07772 -134.99946    109.104     10.569     10.471     9.5905    29.5944  1022.8474    22.7992     9.5894     85.346    93.7802     1.8749      8.134     5.6300     8.0459    245.832    251.437      32605          7  0.000e+00
   58.07772 -134.99946    109.072     10.537     10.439     9.5916    29.5939  1022.8466    22.7986     9.5905     85.341    93.7802     1.9042      8.134     5.6295     8.0452    245.811    251.415      32606          7  0.000e+00
   58.07772 -134.99946    109.224     10.691     10.591     9.5913    29.5938  1022.8473    22.7986     9.5902     85.338    93.7802     1.9042      8.134     5.6294     8.0450    245.804    251.408      32607          7  0.000e+00
   58.07772 -134.99946    109.104     10.569     10.471     9.5916    29.5940  1022.8468    22.7987     9.5905     85.332    93.7802     1.8749      8.134     5.6289     8.0443    245.784    251.388      32608          7  0.000e+00
   58.07772 -134.99946    109.104     10.569     10.471     9.5921    29.5934  1022.8463    22.7982     9.5910     85.327    93.7802     1.8749      8.134     5.6286     8.0438    245.768    251.372      32609          7  0.000e+00
   58.07772 -134.99946    109.128     10.594     10.495     9.5914    29.5937  1022.8468    22.7985     9.5902     85.268    93.7802     1.8749      8.134     5.6248     8.0383    245.602    251.202      32610          7  0.000e+00
   58.07772 -134.99946    109.104     10.569     10.471     9.5910    29.5941  1022.8470    22.7989     9.5899     85.257    93.7802     1.8749      8.134     5.6240     8.0373    245.571    251.170      32611          7  0.000e+00
   58.07772 -134.99946    109.160     10.626     10.527     9.5911    29.5943  1022.8474    22.7990     9.5900     85.246    93.7802     1.8749      8.134     5.6234     8.0363    245.541    251.139      32612          7  0.000e+00
   58.07762 -134.99914    101.578      2.974      2.946    10.7558    28.6136  1021.8620    21.8485    10.7555     99.535    89.1653     3.1643      8.248     6.4406     9.2043    281.489    287.639      34033          8  0.000e+00
