EcoFOCI/data/1_SampleCollection/2022_GOA-OA_CruiseData/CTD_raw_BottleFile_RC0083/RC0083_050.ros
* Sea-Bird SBE 9 Data File:
* FileName = C:\Data\RC0083ctd\RC0083_050.hex
* Software Version Seasave V 7.26.7.107
* Temperature SN = 2060
* Conductivity SN = 1084
* Number of Bytes Per Scan = 31
* Number of Voltage Words = 4
* Number of Scans Averaged by the Deck Unit = 1
* NMEA Latitude = 58 14.01 N
* NMEA Longitude = 137 00.36 W
* NMEA UTC (Time) = Aug 19 2022  09:01:05
* NMEA baud rate = 4800
** Ship: R/V Rachel Carson
** Cruise ID: RC0083
** Tech: McHugh/Nomura
** Chief Scientist: Cross
** Station: SEM2.5
** Cast:  CTD050
# nquan = 21
# nvalues = 294                                   
# units = specified
# name 0 = latitude: Latitude [deg]
# name 1 = longitude: Longitude [deg]
# name 2 = sfdSM: Seafloor depth [salt water, m]
# name 3 = prDM: Pressure, Digiquartz [db]
# name 4 = depSM: Depth [salt water, m]
# name 5 = t090C: Temperature [ITS-90, deg C]
# name 6 = sal00: Salinity, Practical [PSU]
# name 7 = density00: Density [density, kg/m^3]
# name 8 = sigma-é00: Density [sigma-theta, kg/m^3]
# name 9 = potemp090C: Potential Temperature [ITS-90, deg C]
# name 10 = sbeox0PS: Oxygen, SBE 43 [% saturation]
# name 11 = CStarTr0: Beam Transmission, WET Labs C-Star [%]
# name 12 = flECO-AFL: Fluorescence, WET Labs ECO-AFL/FL [mg/m^3]
# name 13 = ph: pH
# name 14 = sbeox0ML/L: Oxygen, SBE 43 [ml/l]
# name 15 = sbeox0Mg/L: Oxygen, SBE 43 [mg/l]
# name 16 = sbox0Mm/Kg: Oxygen, SBE 43 [umol/kg]
# name 17 = sbeox0Mm/L: Oxygen, SBE 43 [umol/l]
# name 18 = scan: Scan Count
# name 19 = nbf: Bottles Fired
# name 20 = flag:  0.000e+00
# interval = seconds: 0.0416667
# start_time = Aug 19 2022 09:01:05 [NMEA time, header]
# bad_flag = -9.990e-29
*END*
[from data line 138]
   58.23468 -137.00510    150.165     52.022     51.533     8.1113    31.4810  1024.7340    24.4962     8.1063     60.534    94.1158     0.2046      7.939     4.0775     5.8272    177.747    182.101      10113          3  0.000e+00
   58.23468 -137.00510    150.101     51.958     51.469     8.1124    31.4800  1024.7328    24.4952     8.1074     60.581    94.1158     0.2046      7.939     4.0806     5.8316    177.884    182.241      10114          3  0.000e+00
   58.23468 -137.00510    150.045     51.901     51.413     8.1129    31.4795  1024.7321    24.4948     8.1079     60.581    94.1158     0.2046      7.939     4.0806     5.8316    177.882    182.239      10115          3  0.000e+00
   58.23468 -137.00510    150.101     51.958     51.469     8.1132    31.4794  1024.7322    24.4947     8.1082     60.582    94.1158     0.2046      7.939     4.0806     5.8316    177.884    182.241      10116          3  0.000e+00
   58.23468 -137.00510    149.981     51.836     51.349     8.1132    31.4791  1024.7314    24.4945     8.1082     60.582    94.1158     0.2046      7.939     4.0806     5.8316    177.884    182.241      10117          3  0.000e+00
   58.23468 -137.00510    149.989     51.844     51.357     8.1132    31.4782  1024.7307    24.4937     8.1082     60.583    94.1158     0.2046      7.939     4.0807     5.8318    177.889    182.246      10118          3  0.000e+00
   58.23468 -137.00510    149.925     51.780     51.293     8.1130    31.4783  1024.7305    24.4938     8.1081     60.584    94.1158     0.2046      7.939     4.0808     5.8319    177.892    182.249      10119          3  0.000e+00
   58.23468 -137.00510    149.989     51.844     51.357     8.1129    31.4776  1024.7303    24.4933     8.1079     60.587    94.1158     0.2046      7.939     4.0810     5.8322    177.900    182.258      10120          3  0.000e+00
   58.23468 -137.00510    149.861     51.715     51.229     8.1122    31.4762  1024.7287    24.4923     8.1072     60.588    94.1158     0.2046      7.939     4.0812     5.8324    177.908    182.266      10121          3  0.000e+00
   58.23486 -137.00508    125.280     26.899     26.648     9.4157    31.3713  1024.3362    24.2140     9.4129     71.603    95.0667     0.7321      8.035     4.6878     6.6993    204.407    209.357      11886          4  0.000e+00
   58.23486 -137.00508    124.624     26.237     25.992     9.4167    31.3725  1024.3340    24.2148     9.4140     71.590    95.0667     0.7321      8.035     4.6868     6.6979    204.365    209.313      11887          4  0.000e+00
   58.23486 -137.00508    125.040     26.657     26.408     9.4186    31.3718  1024.3351    24.2139     9.4158     71.587    95.0667     0.7321      8.035     4.6864     6.6974    204.348    209.296      11888          4  0.000e+00
   58.23486 -137.00508    125.040     26.657     26.408     9.4199    31.3715  1024.3346    24.2135     9.4171     71.580    95.0667     0.7321      8.035     4.6858     6.6965    204.322    209.269      11889          4  0.000e+00
   58.23486 -137.00508    124.920     26.536     26.288     9.4198    31.3717  1024.3342    24.2136     9.4170     71.571    95.0667     0.7321      8.035     4.6853     6.6957    204.298    209.245      11890          4  0.000e+00
   58.23486 -137.00508    124.920     26.536     26.288     9.4206    31.3715  1024.3340    24.2134     9.4178     71.564    95.0667     0.7321      8.035     4.6847     6.6949    204.273    209.219      11891          4  0.000e+00
   58.23486 -137.00508    124.920     26.536     26.288     9.4221    31.3714  1024.3337    24.2131     9.4193     71.555    95.0667     0.7321      8.035     4.6840     6.6939    204.243    209.189      11892          4  0.000e+00
   58.23486 -137.00508    124.864     26.479     26.232     9.4232    31.3706  1024.3326    24.2123     9.4204     71.547    95.0667     0.7321      8.035     4.6834     6.6930    204.214    209.159      11893          4  0.000e+00
   58.23486 -137.00508    124.896     26.536     26.288     9.4231    31.3710  1024.3332    24.2126     9.4203     71.539    95.0667     0.7614      8.035     4.6828     6.6922    204.191    209.135      11894          4  0.000e+00
   58.23486 -137.00508    124.615     26.301     26.056     9.4239    31.3713  1024.3323    24.2127     9.4211     71.528    95.0667     0.7614      8.035     4.6820     6.6911    204.156    209.099      11895          4  0.000e+00
   58.23486 -137.00508    124.886     26.600     26.352     9.4254    31.3706  1024.3328    24.2120     9.4226     71.521    95.0667     0.7321      8.035     4.6815     6.6903    204.132    209.075      11896          4  0.000e+00
   58.23486 -137.00508    124.702     26.415     26.168     9.4265    31.3700  1024.3313    24.2113     9.4237     71.517    95.0667     0.7321      8.035     4.6811     6.6898    204.116    209.058      11897          4  0.000e+00
   58.23486 -137.00508    124.766     26.479     26.232     9.4269    31.3698  1024.3314    24.2111     9.4241     71.461    95.0667     0.7321      8.035     4.6774     6.6844    203.953    208.891      11898          4  0.000e+00
   58.23486 -137.00508    124.646     26.358     26.112     9.4267    31.3698  1024.3309    24.2111     9.4239     71.451    95.0667     0.7321      8.035     4.6767     6.6835    203.926    208.864      11899          4  0.000e+00
   58.23486 -137.00508    124.702     26.415     26.168     9.4269    31.3697  1024.3311    24.2110     9.4241     71.436    95.0667     0.7321      8.035     4.6758     6.6821    203.883    208.819      11900          4  0.000e+00
   58.23486 -137.00508    124.646     26.358     26.112     9.4273    31.3704  1024.3312    24.2115     9.4246     71.427    95.0667     0.7321      8.035     4.6751     6.6812    203.854    208.790      11901          4  0.000e+00
   58.23486 -137.00508    122.009     26.358     26.112     9.4293    31.3707  1024.3312    24.2114     9.4265     71.419    95.0667     0.7321      8.035     4.6743     6.6801    203.821    208.756      11902          4  0.000e+00
   58.23486 -137.00508    117.802     26.301     26.056     9.4316    31.3702  1024.3302    24.2107     9.4288     71.410    95.0667     0.7321      8.035     4.6736     6.6790    203.787    208.721      11903          4  0.000e+00
   58.23486 -137.00508    116.509     26.180     25.936     9.4326    31.3704  1024.3296    24.2107     9.4298     71.401    95.0667     0.7321      8.035     4.6729     6.6780    203.757    208.690      11904          4  0.000e+00
   58.23486 -137.00508    116.959     26.536     26.288     9.4324    31.3702  1024.3311    24.2105     9.4296     71.445    95.0947     0.7321      8.035     4.6757     6.6821    203.883    208.819      11905          4  0.000e+00
   58.23486 -137.00508    116.722     26.124     25.880     9.4315    31.3700  1024.3292    24.2105     9.4287     71.440    95.1227     0.7614      8.035     4.6755     6.6818    203.874    208.810      11906          4  0.000e+00
   58.23486 -137.00508    117.003     26.358     26.112     9.4313    31.3700  1024.3303    24.2106     9.4285     71.380    95.1506     0.7321      8.035     4.6716     6.6762    203.703    208.634      11907          4  0.000e+00
   58.23486 -137.00508    116.883     26.237     25.992     9.4321    31.3712  1024.3306    24.2114     9.4293     71.364    95.1506     0.7321      8.035     4.6705     6.6746    203.652    208.583      11908          4  0.000e+00
   58.23486 -137.00508    116.802     26.180     25.936     9.4347    31.3724  1024.3308    24.2119     9.4320     71.356    95.1506     0.7321      8.035     4.6696     6.6733    203.615    208.545      11909          4  0.000e+00
   58.23486 -137.00508    116.802     26.180     25.936     9.4380    31.3723  1024.3302    24.2113     9.4352     71.348    95.1506     0.7321      8.035     4.6688     6.6721    203.579    208.507      11910          4  0.000e+00
   58.23486 -137.00508    116.802     26.180     25.936     9.4403    31.3713  1024.3291    24.2101     9.4375     71.341    95.1506     0.7614      8.035     4.6681     6.6712    203.549    208.477      11911          4  0.000e+00
   58.23486 -137.00508    116.707     26.059     25.815     9.4423    31.3716  1024.3285    24.2101     9.4395     71.339    95.1506     0.7321      8.035     4.6678     6.6707    203.536    208.463      11912          4  0.000e+00
   58.23486 -137.00508    116.883     26.237     25.992     9.4460    31.3710  1024.3282    24.2090     9.4433     71.341    95.1506     0.7321      8.035     4.6675     6.6704    203.525    208.452      11913          4  0.000e+00
   58.23486 -137.00508    116.771     26.124     25.880     9.4483    31.3711  1024.3274    24.2087     9.4455     71.279    95.1506     0.7321      8.035     4.6633     6.6643    203.339    208.261      11914          4  0.000e+00
   58.23486 -137.00508    116.587     25.938     25.695     9.4513    31.3708  1024.3259    24.2080     9.4485     71.266    95.1506     0.7321      8.035     4.6621     6.6626    203.287    208.208      11915          4  0.000e+00
   58.23486 -137.00508    116.925     26.180     25.936     9.4537    31.3710  1024.3267    24.2078     9.4510     71.263    95.1506     0.7321      8.035     4.6617     6.6620    203.269    208.190      11916          4  0.000e+00
   58.23486 -137.00508    121.266     26.003     25.759     9.4565    31.3700  1024.3247    24.2065     9.4538     71.251    95.1506     0.7321      8.035     4.6606     6.6605    203.223    208.142      11917          4  0.000e+00
   58.23486 -137.00508    124.292     26.124     25.880     9.4575    31.3689  1024.3242    24.2055     9.4547     71.249    95.1506     0.7321      8.035     4.6604     6.6602    203.215    208.134      11918          4  0.000e+00
   58.23486 -137.00506    124.548     25.938     25.695     9.4567    31.3692  1024.3237    24.2059     9.4539     71.245    95.1506     0.7321      8.035     4.6602     6.6599    203.207    208.126      11919          4  0.000e+00
   58.23486 -137.00506    124.536     26.124     25.880     9.4569    31.3690  1024.3244    24.2058     9.4541     71.239    95.1506     0.7321      8.035     4.6598     6.6593    203.188    208.106      11920          4  0.000e+00
   58.23486 -137.00506    124.294     26.003     25.759     9.4584    31.3679  1024.3227    24.2046     9.4557     71.230    95.1506     0.7321      8.035     4.6591     6.6583    203.157    208.075      11921          4  0.000e+00
   58.23486 -137.00506    124.150     25.881     25.639     9.4583    31.3678  1024.3221    24.2045     9.4556     71.229    95.1506     0.7321      8.035     4.6590     6.6582    203.154    208.071      11922          4  0.000e+00
   58.23486 -137.00506    124.414     26.124     25.880     9.4571    31.3690  1024.3244    24.2057     9.4544     71.225    95.1506     0.7321      8.035     4.6588     6.6579    203.146    208.064      11923          4  0.000e+00
   58.23486 -137.00506    124.174     25.881     25.639     9.4569    31.3696  1024.3237    24.2062     9.4541     71.217    95.1506     0.7614      8.035     4.6583     6.6572    203.124    208.041      11924          4  0.000e+00
   58.23486 -137.00506    124.439     26.124     25.880     9.4586    31.3701  1024.3250    24.2063     9.4559     71.220    95.1506     0.7614      8.035     4.6584     6.6573    203.126    208.043      11925          4  0.000e+00
   58.23486 -137.00506    124.118     25.825     25.583     9.4599    31.3714  1024.3244    24.2071     9.4572     71.165    95.1227     0.7907      8.035     4.6546     6.6519    202.961    207.875      11926          4  0.000e+00
   58.23486 -137.00506    124.414     26.124     25.880     9.4623    31.3707  1024.3249    24.2062     9.4595     71.165    95.1227     0.7614      8.035     4.6543     6.6515    202.951    207.863      11927          4  0.000e+00
   58.23486 -137.00506    124.230     25.938     25.695     9.4639    31.3706  1024.3237    24.2059     9.4611     71.209    95.1227     0.7907      8.035     4.6571     6.6554    203.069    207.985      11928          4  0.000e+00
   58.23486 -137.00506    124.118     25.825     25.583     9.4665    31.3696  1024.3220    24.2047     9.4638     71.206    95.1227     0.7614      8.035     4.6566     6.6548    203.050    207.965      11929          4  0.000e+00
   58.23486 -137.00506    124.414     26.124     25.880     9.4695    31.3687  1024.3222    24.2035     9.4667     71.214    95.1227     0.7614      8.035     4.6569     6.6552    203.062    207.977      11930          4  0.000e+00
   58.23486 -137.00506    124.118     25.825     25.583     9.4712    31.3699  1024.3215    24.2041     9.4685     71.163    95.1227     0.7614      8.035     4.6533     6.6501    202.907    207.818      11931          4  0.000e+00
   58.23486 -137.00506    124.350     26.059     25.815     9.4742    31.3701  1024.3222    24.2038     9.4714     71.159    95.1227     0.7614      8.035     4.6528     6.6493    202.883    207.793      11932          4  0.000e+00
   58.23486 -137.00506    124.294     26.003     25.759     9.4769    31.3692  1024.3209    24.2028     9.4741     71.160    95.1227     0.7614      8.034     4.6526     6.6490    202.875    207.785      11933          4  0.000e+00
   58.23486 -137.00506    124.118     25.825     25.583     9.4788    31.3685  1024.3192    24.2019     9.4760     71.162    95.1227     0.7614      8.034     4.6525     6.6489    202.871    207.781      11934          4  0.000e+00
   58.23500 -137.00506    108.664      9.903      9.811    14.2730    31.5916  1023.5428    23.4988    14.2716    101.362    93.6403     2.4610      8.289     5.9793     8.5450    260.903    267.034      13111          5  0.000e+00
   58.23500 -137.00506    108.200      9.903      9.811    14.2731    31.5912  1023.5425    23.4985    14.2717    101.364    93.6403     2.4610      8.289     5.9794     8.5452    260.909    267.040      13112          5  0.000e+00
   58.23500 -137.00506    108.232      9.936      9.843    14.2731    31.5915  1023.5428    23.4987    14.2717    101.367    93.6403     2.4610      8.289     5.9795     8.5454    260.915    267.046      13113          5  0.000e+00
   58.23500 -137.00506    108.217      9.847      9.755    14.2728    31.5917  1023.5427    23.4989    14.2714    101.367    93.6403     2.4610      8.289     5.9796     8.5454    260.917    267.048      13114          5  0.000e+00
   58.23500 -137.00506    108.185      9.790      9.699    14.2719    31.5922  1023.5429    23.4995    14.2706    101.368    93.6403     2.4610      8.289     5.9797     8.5456    260.922    267.053      13115          5  0.000e+00
   58.23500 -137.00506    108.361      9.992      9.899    14.2714    31.5924  1023.5441    23.4998    14.2700    101.371    93.6403     2.4610      8.289     5.9799     8.5459    260.932    267.064      13116          5  0.000e+00
   58.23500 -137.00506    108.361      9.968      9.875    14.2717    31.5924  1023.5439    23.4996    14.2703    101.371    93.6403     2.4610      8.289     5.9799     8.5459    260.930    267.062      13117          5  0.000e+00
   58.23500 -137.00506    108.161      9.790      9.699    14.2719    31.5923  1023.5431    23.4996    14.2706    101.368    93.6123     2.4610      8.289     5.9797     8.5456    260.923    267.055      13118          5  0.000e+00
   58.23500 -137.00506    108.417     10.049      9.955    14.2716    31.5926  1023.5445    23.4998    14.2702    101.371    93.5844     2.4610      8.289     5.9799     8.5459    260.931    267.063      13119          5  0.000e+00
   58.23500 -137.00506    108.361      9.968      9.875    14.2706    31.5928  1023.5445    23.5002    14.2692    101.369    93.5564     2.4903      8.289     5.9799     8.5459    260.931    267.063      13120          5  0.000e+00
