EcoFOCI/data/1_SampleCollection/2022_GOA-OA_CruiseData/CTD_raw_BottleFile_RC0083/RC0083_099.cnv
* Sea-Bird SBE 9 Data File:
* FileName = C:\Data\RC0083ctd\RC0083_099.hex
* Software Version Seasave V 7.26.7.107
* Temperature SN = 2060
* Conductivity SN = 2881
* Number of Bytes Per Scan = 31
* Number of Voltage Words = 4
* Number of Scans Averaged by the Deck Unit = 1
* NMEA Latitude = 56 29.51 N
* NMEA Longitude = 132 43.97 W
* NMEA UTC (Time) = Aug 22 2022  23:31:32
* NMEA baud rate = 4800
** Ship: R/V Rachel Carson
** Cruise ID: RC0083
** Tech: McHugh/Nomura
** Chief Scientist: Cross
** Station: FWI7
** Cast:  CTD099
# nquan = 19
# nvalues = 9763                                  
# units = specified
# name 0 = latitude: Latitude [deg]
# name 1 = longitude: Longitude [deg]
# name 2 = sfdSM: Seafloor depth [salt water, m]
# name 3 = prDM: Pressure, Digiquartz [db]
# name 4 = depSM: Depth [salt water, m]
# name 5 = t090C: Temperature [ITS-90, deg C]
# name 6 = sal00: Salinity, Practical [PSU]
# name 7 = density00: Density [density, kg/m^3]
# name 8 = sigma-é00: Density [sigma-theta, kg/m^3]
# name 9 = potemp090C: Potential Temperature [ITS-90, deg C]
# name 10 = sbeox0PS: Oxygen, SBE 43 [% saturation]
# name 11 = CStarTr0: Beam Transmission, WET Labs C-Star [%]
# name 12 = flECO-AFL: Fluorescence, WET Labs ECO-AFL/FL [mg/m^3]
# name 13 = ph: pH
# name 14 = sbeox0ML/L: Oxygen, SBE 43 [ml/l]
# name 15 = sbeox0Mg/L: Oxygen, SBE 43 [mg/l]
# name 16 = sbox0Mm/Kg: Oxygen, SBE 43 [umol/kg]
# name 17 = sbeox0Mm/L: Oxygen, SBE 43 [umol/l]
# name 18 = flag:  0.000e+00
# span 0 =   56.49138,   56.49186                 
# span 1 = -132.73392, -132.73278                 
# span 2 =      3.031,    145.229                 
# span 3 =      2.324,    133.803                 
# span 4 =      2.303,    132.536                 
# span 5 =   -98.9762,    98.9762                 
# span 6 =     7.0813,    51.9669                 
# span 7 =   797.5634,  1026.0901                 
# span 8 =  -202.1064,    25.4768                 
# span 9 =   -98.9456,    98.9623                 
# span 10 =     -2.282,   1299.010                
# span 11 =    18.4597,    92.0740                
# span 12 =     0.0581,     8.7321                
# span 13 =      7.645,      8.589                
# span 14 = -1286.0198,     8.0288                
# span 15 = -1837.8509,    11.4740                
# span 16 = -71981.584,    355.499                
# span 17 = -57433.645,    358.568                
# span 18 = 0.0000e+00, 0.0000e+00                
# interval = seconds: 0.0416667
# start_time = Aug 22 2022 23:31:32 [NMEA time, header]
# bad_flag = -9.990e-29
*END*
[from data line 8305]
   56.49142 -132.73372     37.965     34.893     34.571     7.8226    31.2271  1024.4974    24.3376     7.8194     46.348    91.3189     0.2046      7.797     3.1477     4.4983    137.235    140.575  0.000e+00
   56.49142 -132.73372     37.934     34.788     34.467     7.8273    31.2169  1024.4883    24.3289     7.8241     46.338    91.3189     0.2046      7.797     3.1469     4.4972    137.201    140.539  0.000e+00
   56.49142 -132.73372     37.967     34.772     34.451     7.8324    31.2085  1024.4809    24.3216     7.8292     46.329    91.3748     0.2046      7.801     3.1461     4.4960    137.167    140.503  0.000e+00
   56.49142 -132.73372     37.967     34.772     34.451     7.8320    31.2087  1024.4811    24.3218     7.8288     46.328    91.4867     0.2046      7.801     3.1460     4.4959    137.164    140.500  0.000e+00
   56.49142 -132.73372     37.967     34.771     34.451     7.8329    31.2070  1024.4796    24.3203     7.8296     46.270    91.5147     0.2046      7.801     3.1421     4.4904    136.994    140.326  0.000e+00
   56.49142 -132.73372     37.863     34.666     34.347     7.8341    31.2057  1024.4779    24.3191     7.8309     46.320    91.5147     0.2046      7.801     3.1454     4.4951    137.139    140.474  0.000e+00
   56.49142 -132.73372     37.847     34.650     34.331     7.8328    31.2079  1024.4798    24.3211     7.8296     46.377    91.5147     0.2046      7.801     3.1493     4.5007    137.310    140.650  0.000e+00
   56.49142 -132.73372     37.791     34.594     34.275     7.8361    31.2018  1024.4743    24.3158     7.8329     46.328    91.5147     0.2046      7.801     3.1459     4.4958    137.160    140.495  0.000e+00
   56.49142 -132.73372     37.791     34.594     34.275     7.8413    31.1898  1024.4641    24.3056     7.8381     46.330    91.5147     0.2046      7.801     3.1459     4.4958    137.161    140.495  0.000e+00
   56.49142 -132.73372     37.791     34.594     34.275     7.8475    31.1767  1024.4530    24.2945     7.8442     46.332    91.5147     0.2046      7.801     3.1459     4.4958    137.163    140.495  0.000e+00
   56.49142 -132.73372     37.687     34.489     34.171     7.8519    31.1692  1024.4460    24.2881     7.8487     46.335    91.5147     0.2046      7.801     3.1459     4.4958    137.164    140.496  0.000e+00
   56.49142 -132.73372     37.671     34.473     34.155     7.8538    31.1661  1024.4432    24.2853     7.8506     46.333    91.5147     0.2046      7.801     3.1457     4.4955    137.156    140.486  0.000e+00
   56.49142 -132.73372     37.735     34.537     34.219     7.8547    31.1652  1024.4427    24.2845     7.8515     46.332    91.5147     0.2046      7.801     3.1456     4.4953    137.151    140.482  0.000e+00
   56.49142 -132.73372     37.615     34.416     34.099     7.8551    31.1651  1024.4420    24.2844     7.8519     46.387    91.5147     0.2046      7.796     3.1493     4.5006    137.312    140.646  0.000e+00
   56.49142 -132.73372     37.567     34.368     34.051     7.8567    31.1622  1024.4393    24.2819     7.8535     46.336    91.5147     0.2632      7.801     3.1457     4.4956    137.158    140.489  0.000e+00
   56.49142 -132.73372     37.551     34.351     34.035     7.8584    31.1594  1024.4368    24.2794     7.8552     46.342    91.5147     0.3218      7.801     3.1461     4.4961    137.174    140.504  0.000e+00
   56.49142 -132.73372     37.495     34.295     33.979     7.8569    31.1625  1024.4392    24.2821     7.8537     46.399    91.5147     0.3218      7.801     3.1500     4.5016    137.343    140.678  0.000e+00
   56.49142 -132.73372     37.551     34.351     34.035     7.8543    31.1681  1024.4442    24.2868     7.8511     46.350    91.5147     0.3218      7.801     3.1468     4.4970    137.202    140.534  0.000e+00
   56.49142 -132.73372     85.327     34.238     33.922     7.8529    31.1714  1024.4464    24.2896     7.8497     46.351    91.5147     0.3218      7.801     3.1469     4.4972    137.206    140.539  0.000e+00
   56.49142 -132.73372    127.909     34.133     33.818     7.8531    31.1699  1024.4448    24.2884     7.8500     46.415    91.5147     0.3218      7.801     3.1512     4.5034    137.396    140.733  0.000e+00
   56.49142 -132.73372    133.979     34.295     33.979     7.8545    31.1676  1024.4435    24.2864     7.8513     46.374    91.5147     0.3218      7.796     3.1484     4.4994    137.274    140.608  0.000e+00
   56.49142 -132.73372    133.858     34.174     33.858     7.8531    31.1693  1024.4445    24.2879     7.8499     46.377    91.5147     0.3218      7.801     3.1487     4.4998    137.285    140.619  0.000e+00
   56.49142 -132.73372    132.557     34.117     33.802     7.8506    31.1731  1024.4475    24.2913     7.8474     46.381    91.5147     0.3218      7.801     3.1490     4.5003    137.300    140.635  0.000e+00
   56.49142 -132.73372    132.192     34.069     33.754     7.8514    31.1694  1024.4443    24.2883     7.8482     46.385    91.5147     0.3218      7.801     3.1493     4.5007    137.313    140.648  0.000e+00
   56.49142 -132.73372    132.273     34.052     33.738     7.8552    31.1612  1024.4373    24.2813     7.8520     46.439    91.5147     0.3218      7.801     3.1529     4.5058    137.470    140.808  0.000e+00
   56.49142 -132.73372    132.346     34.052     33.738     7.8564    31.1563  1024.4333    24.2773     7.8533     46.450    91.5147     0.3218      7.801     3.1536     4.5068    137.502    140.841  0.000e+00
   56.49142 -132.73372    132.290     33.996     33.682     7.8584    31.1516  1024.4290    24.2733     7.8552     46.460    91.5147     0.3218      7.801     3.1543     4.5078    137.532    140.871  0.000e+00
   56.49142 -132.73372    132.234     33.939     33.626     7.8619    31.1442  1024.4225    24.2670     7.8588     46.465    91.5147     0.3218      7.801     3.1545     4.5081    137.542    140.879  0.000e+00
   56.49142 -132.73372    132.242     33.947     33.634     7.8641    31.1397  1024.4187    24.2631     7.8609     46.470    91.5147     0.3218      7.801     3.1548     4.5085    137.554    140.891  0.000e+00
   56.49142 -132.73372    132.170     33.875     33.562     7.8655    31.1387  1024.4174    24.2622     7.8623     46.474    91.5147     0.3511      7.801     3.1550     4.5088    137.564    140.901  0.000e+00
   56.49142 -132.73372    132.170     33.875     33.562     7.8657    31.1404  1024.4187    24.2635     7.8626     46.479    91.5147     0.3218      7.801     3.1553     4.5092    137.576    140.914  0.000e+00
   56.49142 -132.73372    132.170     33.875     33.562     7.8616    31.1473  1024.4247    24.2695     7.8585     46.491    91.5147     0.3218      7.801     3.1562     4.5105    137.617    140.957  0.000e+00
   56.49142 -132.73372    132.058     33.762     33.450     7.8583    31.1526  1024.4287    24.2741     7.8551     46.502    91.5147     0.3218      7.801     3.1571     4.5118    137.655    140.997  0.000e+00
   56.49142 -132.73372    132.066     33.770     33.458     7.8576    31.1555  1024.4312    24.2765     7.8544     46.514    91.5147     0.3218      7.801     3.1579     4.5130    137.690    141.033  0.000e+00
   56.49142 -132.73372    132.058     33.762     33.450     7.8550    31.1620  1024.4366    24.2819     7.8518     46.526    91.5147     0.3218      7.801     3.1588     4.5143    137.728    141.072  0.000e+00
   56.49142 -132.73372    131.994     33.697     33.386     7.8507    31.1724  1024.4450    24.2907     7.8476     46.595    91.5147     0.2925      7.801     3.1636     4.5210    137.934    141.285  0.000e+00
   56.49142 -132.73372    131.994     33.697     33.386     7.8462    31.1811  1024.4525    24.2981     7.8431     46.608    91.5147     0.2632      7.801     3.1646     4.5225    137.977    141.329  0.000e+00
   56.49142 -132.73372    131.938     33.640     33.330     7.8447    31.1842  1024.4549    24.3007     7.8416     46.619    91.5147     0.2632      7.801     3.1654     4.5237    138.013    141.366  0.000e+00
   56.49142 -132.73372    131.890     33.592     33.282     7.8418    31.1919  1024.4611    24.3072     7.8387     46.631    91.5147     0.2632      7.801     3.1662     4.5249    138.048    141.404  0.000e+00
   56.49142 -132.73372    131.874     33.576     33.266     7.8348    31.2041  1024.4716    24.3178     7.8317     46.643    91.5147     0.2632      7.801     3.1673     4.5264    138.093    141.451  0.000e+00
   56.49142 -132.73372    131.874     33.576     33.266     7.8340    31.2004  1024.4688    24.3150     7.8309     46.654    91.5147     0.2632      7.801     3.1682     4.5277    138.133    141.492  0.000e+00
   56.49142 -132.73372    131.762     33.463     33.154     7.8416    31.1799  1024.4512    24.2979     7.8385     46.720    91.5147     0.2632      7.801     3.1725     4.5338    138.324    141.685  0.000e+00
   56.49142 -132.73372    131.818     33.519     33.210     7.8508    31.1582  1024.4331    24.2795     7.8477     46.735    91.5147     0.2632      7.801     3.1734     4.5351    138.364    141.723  0.000e+00
   56.49142 -132.73372    127.978     33.414     33.106     7.8590    31.1409  1024.4179    24.2648     7.8559     46.743    91.4867     0.2632      7.801     3.1737     4.5355    138.379    141.737  0.000e+00
   56.49142 -132.73372     69.525     33.398     33.090     7.8625    31.1356  1024.4132    24.2602     7.8594     46.758    91.4867     0.2632      7.801     3.1746     4.5368    138.417    141.775  0.000e+00
   56.49142 -132.73372     36.826     33.398     33.090     7.8597    31.1459  1024.4216    24.2686     7.8566     46.773    91.4867     0.2632      7.801     3.1756     4.5382    138.460    141.820  0.000e+00
   56.49142 -132.73372     32.970     33.277     32.970     7.8538    31.1560  1024.4298    24.2774     7.8508     46.725    91.4867     0.2632      7.801     3.1725     4.5338    138.324    141.683  0.000e+00
   56.49142 -132.73372     35.305     33.341     33.034     7.8555    31.1478  1024.4234    24.2707     7.8524     46.782    91.4867     0.2632      7.801     3.1764     4.5394    138.498    141.860  0.000e+00
   56.49142 -132.73372     36.495     33.236     32.930     7.8594    31.1371  1024.4140    24.2617     7.8563     46.788    91.4867     0.2632      7.801     3.1768     4.5399    138.513    141.874  0.000e+00
   56.49142 -132.73372     36.545     33.164     32.858     7.8618    31.1322  1024.4095    24.2576     7.8587     46.793    91.4867     0.2632      7.801     3.1770     4.5403    138.526    141.886  0.000e+00
   56.49142 -132.73372     36.560     33.277     32.970     7.8626    31.1308  1024.4089    24.2564     7.8595     46.798    91.4867     0.2632      7.801     3.1774     4.5408    138.541    141.902  0.000e+00
   56.49142 -132.73372     36.399     33.164     32.858     7.8635    31.1281  1024.4061    24.2541     7.8604     46.802    91.4867     0.2632      7.801     3.1776     4.5411    138.552    141.912  0.000e+00
   56.49142 -132.73372     36.399     33.164     32.858     7.8641    31.1258  1024.4042    24.2522     7.8610     46.805    91.4867     0.2632      7.801     3.1779     4.5415    138.562    141.923  0.000e+00
   56.49142 -132.73372     36.351     33.115     32.810     7.8618    31.1277  1024.4058    24.2541     7.8587     46.802    91.4867     0.2632      7.801     3.1777     4.5413    138.557    141.918  0.000e+00
   56.49142 -132.73372     36.279     33.043     32.738     7.8560    31.1359  1024.4127    24.2613     7.8529     46.804    91.4867     0.2632      7.801     3.1781     4.5419    138.573    141.935  0.000e+00
   56.49142 -132.73372     36.279     33.043     32.738     7.8494    31.1491  1024.4239    24.2725     7.8464     46.812    91.4867     0.2339      7.801     3.1789     4.5429    138.604    141.968  0.000e+00
   56.49142 -132.73372     36.039     32.800     32.498     7.8461    31.1572  1024.4297    24.2794     7.8431     46.811    91.4867     0.2339      7.801     3.1789     4.5430    138.604    141.969  0.000e+00
   56.49142 -132.73372     36.399     33.164     32.858     7.8458    31.1508  1024.4263    24.2744     7.8428     46.869    91.4867     0.2339      7.801     3.1830     4.5488    138.784    142.153  0.000e+00
   56.49142 -132.73372     36.175     32.938     32.634     7.8483    31.1360  1024.4134    24.2625     7.8452     46.816    91.4867     0.2339      7.801     3.1795     4.5439    138.634    141.998  0.000e+00
   56.49142 -132.73372     36.159     32.921     32.618     7.8494    31.1305  1024.4088    24.2580     7.8463     46.814    91.4867     0.2339      7.801     3.1794     4.5437    138.630    141.993  0.000e+00
   56.49142 -132.73372     36.103     32.865     32.562     7.8482    31.1367  1024.4136    24.2630     7.8451     46.867    91.4867     0.2339      7.801     3.1830     4.5488    138.785    142.152  0.000e+00
   56.49142 -132.73372     70.666     32.800     32.498     7.8465    31.1414  1024.4172    24.2669     7.8434     46.869    91.4867     0.2339      7.801     3.1831     4.5490    138.791    142.159  0.000e+00
   56.49142 -132.73372    121.265     32.800     32.498     7.8468    31.1364  1024.4132    24.2629     7.8438     46.821    91.4867     0.2339      7.801     3.1799     4.5444    138.651    142.015  0.000e+00
   56.49142 -132.73372    132.458     32.760     32.458     7.8499    31.1227  1024.4018    24.2518     7.8469     46.815    91.4587     0.2339      7.801     3.1796     4.5439    138.638    142.000  0.000e+00
   56.49142 -132.73372    132.442     32.744     32.442     7.8529    31.1113  1024.3925    24.2424     7.8498     46.865    91.4028     0.2339      7.801     3.1830     4.5488    138.788    142.152  0.000e+00
   56.49142 -132.73372    131.392     32.744     32.442     7.8546    31.1068  1024.3886    24.2386     7.8515     46.926    91.4028     0.2339      7.801     3.1871     4.5547    138.968    142.337  0.000e+00
   56.49142 -132.73372    130.759     32.622     32.322     7.8561    31.1046  1024.3862    24.2367     7.8531     46.929    91.4308     0.2339      7.801     3.1873     4.5549    138.975    142.343  0.000e+00
   56.49142 -132.73372    130.832     32.622     32.322     7.8558    31.1070  1024.3881    24.2387     7.8528     46.932    91.4308     0.2339      7.801     3.1874     4.5552    138.982    142.351  0.000e+00
   56.49142 -132.73372    130.865     32.582     32.282     7.8529    31.1149  1024.3945    24.2452     7.8499     46.940    91.4308     0.2339      7.801     3.1880     4.5560    139.006    142.377  0.000e+00
   56.49142 -132.73372    130.930     32.622     32.322     7.8529    31.1188  1024.3978    24.2483     7.8498     46.941    91.4028     0.2339      7.801     3.1880     4.5559    139.005    142.375  0.000e+00
   56.49142 -132.73372    130.810     32.501     32.202     7.8531    31.1213  1024.3991    24.2502     7.8501     46.995    91.4028     0.2339      7.801     3.1916     4.5612    139.163    142.538  0.000e+00
   56.49142 -132.73374    130.810     32.501     32.202     7.8529    31.1204  1024.3985    24.2496     7.8499     46.999    91.4308     0.2339      7.801     3.1919     4.5616    139.176    142.551  0.000e+00
   56.49142 -132.73374    130.754     32.445     32.146     7.8529    31.1150  1024.3940    24.2453     7.8498     46.945    91.4308     0.2339      7.801     3.1884     4.5565    139.021    142.392  0.000e+00
   56.49142 -132.73374    130.754     32.445     32.146     7.8525    31.1129  1024.3924    24.2437     7.8495     47.002    91.4308     0.2339      7.801     3.1923     4.5622    139.195    142.569  0.000e+00
   56.49142 -132.73374    130.714     32.404     32.106     7.8520    31.1182  1024.3964    24.2480     7.8489     47.008    91.4028     0.2339      7.801     3.1927     4.5626    139.208    142.584  0.000e+00
