EcoFOCI/data/1_SampleCollection/2022_GOA-OA_CruiseData/CTD_raw_BottleFile_RC0083/RC0083_116.cnv
* Sea-Bird SBE 9 Data File:
* FileName = C:\Data\RC0083ctd\RC0083_116.hex
* Software Version Seasave V 7.26.7.107
* Temperature SN = 2060
* Conductivity SN = 2881
* Number of Bytes Per Scan = 31
* Number of Voltage Words = 4
* Number of Scans Averaged by the Deck Unit = 1
* NMEA Latitude = 56 03.63 N
* NMEA Longitude = 133 57.17 W
* NMEA UTC (Time) = Aug 23 2022  14:04:12
* NMEA baud rate = 4800
** Ship: R/V Rachel Carson
** Cruise ID: RC0083
** Tech: McHugh/Nomura
** Chief Scientist: Cross
** Station: LSS4
** Cast:  CTD116
# nquan = 19
# nvalues = 5261                                  
# units = specified
# name 0 = latitude: Latitude [deg]
# name 1 = longitude: Longitude [deg]
# name 2 = sfdSM: Seafloor depth [salt water, m]
# name 3 = prDM: Pressure, Digiquartz [db]
# name 4 = depSM: Depth [salt water, m]
# name 5 = t090C: Temperature [ITS-90, deg C]
# name 6 = sal00: Salinity, Practical [PSU]
# name 7 = density00: Density [density, kg/m^3]
# name 8 = sigma-é00: Density [sigma-theta, kg/m^3]
# name 9 = potemp090C: Potential Temperature [ITS-90, deg C]
# name 10 = sbeox0PS: Oxygen, SBE 43 [% saturation]
# name 11 = CStarTr0: Beam Transmission, WET Labs C-Star [%]
# name 12 = flECO-AFL: Fluorescence, WET Labs ECO-AFL/FL [mg/m^3]
# name 13 = ph: pH
# name 14 = sbeox0ML/L: Oxygen, SBE 43 [ml/l]
# name 15 = sbeox0Mg/L: Oxygen, SBE 43 [mg/l]
# name 16 = sbox0Mm/Kg: Oxygen, SBE 43 [umol/kg]
# name 17 = sbeox0Mm/L: Oxygen, SBE 43 [umol/l]
# name 18 = flag:  0.000e+00
# span 0 =   56.06042,   56.06086                 
# span 1 = -133.95378, -133.95290                 
# span 2 =      3.244,    116.470                 
# span 3 =      2.936,     75.337                 
# span 4 =      2.909,     74.637                 
# span 5 =     7.0249,     9.2571                 
# span 6 =    31.4121,    32.6602                 
# span 7 =  1024.2861,  1025.9189                 
# span 8 =    24.2706,    25.5736                 
# span 9 =     7.0181,     9.2567                 
# span 10 =     42.286,     71.753                
# span 11 =    94.1158,   101.1360                
# span 12 =     0.0581,     4.1606                
# span 13 =      7.822,      8.050                
# span 14 =     2.8964,     4.7201                
# span 15 =     4.1392,     6.7454                
# span 16 =    126.128,    205.798                
# span 17 =    129.351,    210.798                
# span 18 = 0.0000e+00, 0.0000e+00                
# interval = seconds: 0.0416667
# start_time = Aug 23 2022 14:04:12 [NMEA time, header]
# bad_flag = -9.990e-29
*END*
[from data line 991]
   56.06054 -133.95328     96.889      4.106      4.068     9.1952    31.4302  1024.3128    24.2941     9.1948     71.752    94.5074     2.8420      8.045     4.7187     6.7436    205.741    210.739  0.000e+00
   56.06054 -133.95328     96.913      4.130      4.092     9.1935    31.4306  1024.3134    24.2947     9.1930     71.750    94.5074     2.8713      8.040     4.7188     6.7436    205.743    210.742  0.000e+00
   56.06054 -133.95328     96.945      4.162      4.124     9.1923    31.4310  1024.3141    24.2952     9.1919     71.748    94.5074     2.8420      8.045     4.7187     6.7436    205.741    210.739  0.000e+00
   56.06054 -133.95328     96.945      4.162      4.124     9.1917    31.4313  1024.3144    24.2955     9.1912     71.744    94.5074     2.8713      8.040     4.7185     6.7433    205.732    210.730  0.000e+00
   56.06054 -133.95328     88.917      4.243      4.204     9.1908    31.4317  1024.3153    24.2959     9.1903     71.740    94.5074     2.8127      8.040     4.7184     6.7430    205.724    210.722  0.000e+00
   56.06054 -133.95328     41.241      4.283      4.244     9.1909    31.4318  1024.3155    24.2960     9.1904     71.740    94.6192     2.8713      8.040     4.7184     6.7430    205.724    210.723  0.000e+00
   56.06054 -133.95328     19.702      4.308      4.268     9.1916    31.4317  1024.3154    24.2958     9.1912     71.734    94.7591     2.8713      8.040     4.7179     6.7423    205.703    210.700  0.000e+00
   56.06054 -133.95328     18.139      4.283      4.244     9.1924    31.4314  1024.3149    24.2954     9.1919     71.732    94.7870     2.8420      8.040     4.7177     6.7420    205.694    210.691  0.000e+00
   56.06054 -133.95328     20.222      4.364      4.324     9.1928    31.4313  1024.3152    24.2953     9.1923     71.724    94.7870     2.8713      8.040     4.7171     6.7413    205.671    210.668  0.000e+00
   56.06054 -133.95328     21.060      4.348      4.308     9.1931    31.4316  1024.3153    24.2955     9.1927     71.721    94.7870     2.8713      8.040     4.7169     6.7409    205.659    210.655  0.000e+00
   56.06054 -133.95328     21.125      4.364      4.324     9.1934    31.4313  1024.3150    24.2952     9.1929     71.717    94.7870     2.8127      8.040     4.7166     6.7405    205.647    210.643  0.000e+00
   56.06054 -133.95328     21.068      4.404      4.364     9.1931    31.4314  1024.3154    24.2954     9.1927     71.712    94.7870     2.8713      8.040     4.7163     6.7401    205.636    210.632  0.000e+00
   56.06054 -133.95328     21.099      4.461      4.420     9.1920    31.4312  1024.3157    24.2954     9.1915     71.708    94.7870     2.8713      8.040     4.7162     6.7399    205.628    210.624  0.000e+00
   56.06054 -133.95328     21.067      4.429      4.388     9.1894    31.4314  1024.3161    24.2959     9.1890     71.702    94.7870     2.8127      8.040     4.7160     6.7397    205.622    210.617  0.000e+00
   56.06054 -133.95328     21.275      4.639      4.596     9.1861    31.4316  1024.3177    24.2966     9.1856     71.697    94.7870     2.8127      8.040     4.7161     6.7397    205.624    210.620  0.000e+00
   56.06054 -133.95328     21.243      4.606      4.564     9.1829    31.4320  1024.3183    24.2974     9.1825     71.696    94.7870     2.8127      8.040     4.7163     6.7400    205.633    210.629  0.000e+00
   56.06054 -133.95328     21.219      4.582      4.540     9.1805    31.4316  1024.3183    24.2975     9.1801     71.749    94.7870     2.8127      8.040     4.7201     6.7454    205.798    210.798  0.000e+00
   56.06054 -133.95328     21.243      4.606      4.564     9.1788    31.4319  1024.3189    24.2979     9.1783     71.697    94.7870     2.8420      8.040     4.7168     6.7408    205.656    210.653  0.000e+00
   56.06054 -133.95328     21.275      4.639      4.596     9.1779    31.4322  1024.3194    24.2983     9.1774     71.694    94.7870     2.8127      8.040     4.7167     6.7406    205.651    210.648  0.000e+00
   56.06054 -133.95328     21.681      4.703      4.660     9.1773    31.4323  1024.3199    24.2985     9.1768     71.685    94.7870     2.8713      8.040     4.7162     6.7399    205.628    210.624  0.000e+00
   56.06054 -133.95328     22.152      4.784      4.740     9.1766    31.4329  1024.3209    24.2991     9.1761     71.676    94.7870     2.8713      8.040     4.7156     6.7391    205.603    210.599  0.000e+00
   56.06054 -133.95328     22.225      4.760      4.716     9.1750    31.4340  1024.3218    24.3002     9.1745     71.665    94.7870     2.8713      8.040     4.7150     6.7382    205.577    210.572  0.000e+00
   56.06054 -133.95328     22.305      4.840      4.796     9.1739    31.4339  1024.3223    24.3003     9.1734     71.715    94.7870     2.8713      8.040     4.7185     6.7431    205.727    210.726  0.000e+00
   56.06054 -133.95328     22.377      4.937      4.892     9.1734    31.4338  1024.3228    24.3003     9.1729     71.660    94.7870     2.8713      8.040     4.7149     6.7380    205.570    210.566  0.000e+00
   56.06054 -133.95328     22.345      4.905      4.860     9.1728    31.4340  1024.3229    24.3006     9.1723     71.708    94.7870     2.8420      8.040     4.7181     6.7426    205.711    210.710  0.000e+00
   56.06054 -133.95330     22.321      4.881      4.836     9.1715    31.4342  1024.3231    24.3009     9.1710     71.644    94.7311     2.7834      8.040     4.7140     6.7368    205.535    210.529  0.000e+00
   56.06054 -133.95330     22.457      5.018      4.972     9.1708    31.4337  1024.3234    24.3006     9.1703     71.632    94.5353     2.7541      8.040     4.7133     6.7358    205.501    210.495  0.000e+00
   56.06054 -133.95330     22.497      5.058      5.012     9.1700    31.4336  1024.3237    24.3007     9.1695     71.623    94.4794     2.7541      8.040     4.7128     6.7351    205.480    210.473  0.000e+00
   56.06054 -133.95330     22.553      5.115      5.068     9.1672    31.4329  1024.3238    24.3005     9.1667     71.620    94.4794     2.7541      8.040     4.7129     6.7352    205.486    210.479  0.000e+00
   56.06054 -133.95330     22.641      5.204      5.156     9.1590    31.4329  1024.3255    24.3018     9.1585     71.618    94.4514     2.7541      8.040     4.7136     6.7363    205.517    210.511  0.000e+00
   56.06054 -133.95330     22.617      5.180      5.132     9.1518    31.4327  1024.3263    24.3027     9.1513     71.614    94.4794     2.7541      8.040     4.7142     6.7370    205.540    210.535  0.000e+00
   56.06054 -133.95330     22.697      5.260      5.212     9.1467    31.4335  1024.3281    24.3042     9.1462     71.611    94.4794     2.7541      8.040     4.7145     6.7375    205.553    210.549  0.000e+00
   56.06054 -133.95330     22.673      5.236      5.188     9.1454    31.4342  1024.3288    24.3050     9.1449     71.607    94.4794     2.7541      8.040     4.7143     6.7372    205.544    210.540  0.000e+00
   56.06054 -133.95330     23.274      5.301      5.252     9.1459    31.4330  1024.3280    24.3039     9.1453     71.602    94.4794     2.7541      8.040     4.7140     6.7367    205.531    210.526  0.000e+00
   56.06054 -133.95330     27.637      5.317      5.268     9.1426    31.4331  1024.3287    24.3045     9.1421     71.592    94.4794     2.7541      8.040     4.7136     6.7362    205.515    210.510  0.000e+00
   56.06054 -133.95330     29.922      5.478      5.428     9.1377    31.4328  1024.3300    24.3051     9.1371     71.588    94.4794     2.7541      8.040     4.7139     6.7367    205.528    210.524  0.000e+00
   56.06054 -133.95330     30.102      5.438      5.388     9.1338    31.4332  1024.3307    24.3059     9.1332     71.527    94.4794     2.7541      8.041     4.7103     6.7315    205.370    210.361  0.000e+00
   56.06054 -133.95330     29.946      5.478      5.428     9.1316    31.4335  1024.3315    24.3065     9.1311     71.572    94.4794     2.7541      8.041     4.7134     6.7360    205.507    210.502  0.000e+00
   56.06054 -133.95330     29.864      5.495      5.444     9.1315    31.4327  1024.3309    24.3059     9.1309     71.572    94.4794     2.7541      8.041     4.7135     6.7360    205.509    210.504  0.000e+00
   56.06054 -133.95330     29.904      5.535      5.484     9.1300    31.4323  1024.3310    24.3058     9.1294     71.566    94.4794     2.7541      8.041     4.7133     6.7357    205.500    210.495  0.000e+00
   56.06054 -133.95330     29.961      5.591      5.540     9.1267    31.4320  1024.3315    24.3061     9.1262     71.566    94.4794     2.7541      8.036     4.7137     6.7363    205.517    210.512  0.000e+00
   56.06054 -133.95330     30.009      5.616      5.564     9.1233    31.4332  1024.3331    24.3076     9.1227     71.567    94.4794     2.7541      8.041     4.7140     6.7368    205.531    210.527  0.000e+00
   56.06054 -133.95330     30.049      5.656      5.604     9.1220    31.4347  1024.3347    24.3090     9.1214     71.511    94.4794     2.7541      8.036     4.7104     6.7317    205.375    210.368  0.000e+00
   56.06054 -133.95330     30.049      5.680      5.628     9.1232    31.4346  1024.3346    24.3087     9.1226     71.505    94.4794     2.7541      8.036     4.7099     6.7310    205.354    210.345  0.000e+00
   56.06054 -133.95330     30.105      5.713      5.660     9.1206    31.4350  1024.3354    24.3094     9.1200     71.500    94.4794     2.7541      8.036     4.7099     6.7309    205.350    210.342  0.000e+00
   56.06054 -133.95330     30.169      5.777      5.725     9.1148    31.4366  1024.3378    24.3115     9.1142     71.496    94.5074     2.8127      8.036     4.7102     6.7313    205.363    210.355  0.000e+00
   56.06054 -133.95330     30.185      5.793      5.741     9.1128    31.4371  1024.3386    24.3123     9.1122     71.492    94.7591     2.8420      8.036     4.7100     6.7311    205.357    210.350  0.000e+00
   56.06054 -133.95330     30.201      5.834      5.781     9.1106    31.4372  1024.3392    24.3127     9.1100     71.432    94.8709     2.8420      8.036     4.7063     6.7258    205.195    210.184  0.000e+00
   56.06054 -133.95330     27.441      5.858      5.805     9.1097    31.4371  1024.3393    24.3127     9.1091     71.422    94.8709     2.8713      8.036     4.7058     6.7250    205.171    210.160  0.000e+00
   56.06054 -133.95330     25.510      5.955      5.901     9.1104    31.4373  1024.3399    24.3128     9.1098     71.413    94.8709     2.8127      8.036     4.7051     6.7241    205.143    210.130  0.000e+00
   56.06054 -133.95330     25.128      5.914      5.861     9.1102    31.4392  1024.3412    24.3143     9.1095     71.404    94.8709     2.8713      8.036     4.7044     6.7231    205.113    210.100  0.000e+00
   56.06054 -133.95330     25.266      5.955      5.901     9.1113    31.4393  1024.3413    24.3142     9.1107     71.395    94.8709     2.8127      8.036     4.7038     6.7221    205.084    210.070  0.000e+00
   56.06054 -133.95330     25.363      5.955      5.901     9.1122    31.4388  1024.3408    24.3137     9.1115     71.331    94.8709     2.8713      8.036     4.6995     6.7160    204.897    209.879  0.000e+00
   56.06054 -133.95330     25.443      6.036      5.981     9.1126    31.4378  1024.3403    24.3128     9.1120     71.319    94.8709     2.8713      8.036     4.6986     6.7148    204.860    209.841  0.000e+00
   56.06054 -133.95330     25.475      6.068      6.013     9.1126    31.4366  1024.3395    24.3118     9.1120     71.307    94.8709     2.8713      8.036     4.6979     6.7137    204.827    209.807  0.000e+00
   56.06054 -133.95330     25.443      6.036      5.981     9.1090    31.4387  1024.3415    24.3140     9.1084     71.295    94.8709     2.8420      8.036     4.6974     6.7131    204.807    209.787  0.000e+00
   56.06054 -133.95330     25.539      6.132      6.077     9.1069    31.4392  1024.3427    24.3148     9.1063     71.341    94.8709     2.8713      8.036     4.7006     6.7177    204.947    209.930  0.000e+00
   56.06054 -133.95330     25.539      6.132      6.077     9.1060    31.4395  1024.3431    24.3152     9.1053     71.336    94.8709     2.8127      8.036     4.7004     6.7173    204.937    209.920  0.000e+00
   56.06054 -133.95330     25.499      6.092      6.037     9.1066    31.4410  1024.3440    24.3163     9.1060     71.331    94.8709     2.8713      8.031     4.7000     6.7167    204.918    209.901  0.000e+00
   56.06054 -133.95330     25.595      6.189      6.133     9.1064    31.4424  1024.3455    24.3173     9.1057     71.272    94.8709     2.8127      8.031     4.6961     6.7112    204.748    209.727  0.000e+00
   56.06054 -133.95330     25.619      6.213      6.157     9.1059    31.4430  1024.3462    24.3179     9.1052     71.264    94.8709     2.8420      8.031     4.6955     6.7104    204.725    209.703  0.000e+00
   56.06054 -133.95330     25.659      6.254      6.197     9.1047    31.4436  1024.3470    24.3186     9.1040     71.256    94.8709     2.8713      8.031     4.6952     6.7098    204.707    209.685  0.000e+00
   56.06054 -133.95330     25.708      6.254      6.197     9.1036    31.4441  1024.3476    24.3191     9.1030     71.248    94.8709     2.8420      8.031     4.6948     6.7093    204.690    209.668  0.000e+00
   56.06054 -133.95330     25.861      6.334      6.277     9.1041    31.4440  1024.3478    24.3190     9.1034     71.242    94.8709     2.8713      8.031     4.6943     6.7086    204.670    209.648  0.000e+00
   56.06054 -133.95330     25.886      6.310      6.253     9.1049    31.4440  1024.3475    24.3188     9.1042     71.180    94.8709     2.8713      8.031     4.6901     6.7027    204.489    209.462  0.000e+00
   56.06054 -133.95330     25.822      6.270      6.213     9.1046    31.4457  1024.3487    24.3202     9.1039     71.175    94.8709     2.8127      8.031     4.6898     6.7022    204.472    209.445  0.000e+00
   56.06054 -133.95330     25.982      6.431      6.373     9.1049    31.4466  1024.3501    24.3209     9.1043     71.167    94.8989     2.7541      8.031     4.6892     6.7013    204.446    209.418  0.000e+00
   56.06054 -133.95330     25.918      6.367      6.309     9.1054    31.4484  1024.3512    24.3222     9.1048     71.157    94.8989     2.7541      8.031     4.6884     6.7003    204.414    209.386  0.000e+00
   56.06054 -133.95330     25.942      6.391      6.333     9.1068    31.4487  1024.3514    24.3223     9.1061     71.094    94.8989     2.7834      8.031     4.6841     6.6941    204.226    209.193  0.000e+00
   56.06054 -133.95330     26.038      6.488      6.429     9.1082    31.4491  1024.3519    24.3223     9.1076     71.083    94.8989     2.7541      8.031     4.6832     6.6928    204.186    209.152  0.000e+00
   56.06054 -133.95330     26.006      6.455      6.397     9.1110    31.4479  1024.3504    24.3210     9.1103     71.127    94.8989     2.7541      8.031     4.6858     6.6965    204.301    209.270  0.000e+00
   56.06054 -133.95330     26.038      6.488      6.429     9.1126    31.4470  1024.3495    24.3200     9.1120     71.073    94.8989     2.7834      8.031     4.6821     6.6912    204.140    209.104  0.000e+00
   56.06054 -133.95330     26.094      6.544      6.485     9.1117    31.4483  1024.3510    24.3212     9.1110     71.064    94.9269     2.7834      8.031     4.6817     6.6906    204.119    209.083  0.000e+00
   56.06054 -133.95330     26.062      6.512      6.453     9.1105    31.4493  1024.3517    24.3221     9.1098     71.063    94.8989     2.7541      8.031     4.6816     6.6905    204.118    209.082  0.000e+00
   56.06054 -133.95330     26.094      6.544      6.485     9.1090    31.4503  1024.3529    24.3231     9.1083     71.057    94.8989     2.7541      8.031     4.6814     6.6902    204.107    209.071  0.000e+00
