EcoFOCI/data/1_SampleCollection/2022_GOA-OA_CruiseData/CTD_raw_BottleFile_RC0083/RC0083_095.cnv
* Sea-Bird SBE 9 Data File:
* FileName = C:\Data\RC0083ctd\RC0083_095.hex
* Software Version Seasave V 7.26.7.107
* Temperature SN = 2060
* Conductivity SN = 2881
* Number of Bytes Per Scan = 31
* Number of Voltage Words = 4
* Number of Scans Averaged by the Deck Unit = 1
* NMEA Latitude = 57 10.01 N
* NMEA Longitude = 133 35.88 W
* NMEA UTC (Time) = Aug 22 2022  15:12:27
* NMEA baud rate = 4800
** Ship: R/V Rachel Carson
** Cruise ID: RC0083
** Tech: McHugh/Nomura
** Chief Scientist: Cross
** Station: FSA
** Cast:  CTD095
# nquan = 19
# nvalues = 15598                                 
# units = specified
# name 0 = latitude: Latitude [deg]
# name 1 = longitude: Longitude [deg]
# name 2 = sfdSM: Seafloor depth [salt water, m]
# name 3 = prDM: Pressure, Digiquartz [db]
# name 4 = depSM: Depth [salt water, m]
# name 5 = t090C: Temperature [ITS-90, deg C]
# name 6 = sal00: Salinity, Practical [PSU]
# name 7 = density00: Density [density, kg/m^3]
# name 8 = sigma-é00: Density [sigma-theta, kg/m^3]
# name 9 = potemp090C: Potential Temperature [ITS-90, deg C]
# name 10 = sbeox0PS: Oxygen, SBE 43 [% saturation]
# name 11 = CStarTr0: Beam Transmission, WET Labs C-Star [%]
# name 12 = flECO-AFL: Fluorescence, WET Labs ECO-AFL/FL [mg/m^3]
# name 13 = ph: pH
# name 14 = sbeox0ML/L: Oxygen, SBE 43 [ml/l]
# name 15 = sbeox0Mg/L: Oxygen, SBE 43 [mg/l]
# name 16 = sbox0Mm/Kg: Oxygen, SBE 43 [umol/kg]
# name 17 = sbeox0Mm/L: Oxygen, SBE 43 [umol/l]
# name 18 = flag:  0.000e+00
# span 0 =   57.16650,   57.16734                 
# span 1 = -133.59814, -133.59780                 
# span 2 =     10.097,    254.128                 
# span 3 =      2.869,    234.969                 
# span 4 =      2.843,    232.676                 
# span 5 =     5.5809,    11.7558                 
# span 6 =    26.4974,    33.4193                 
# span 7 =  1020.0525,  1027.4394                 
# span 8 =    20.0379,    26.3570                 
# span 9 =     5.5620,    11.7554                 
# span 10 =     24.612,     98.138                
# span 11 =    89.5848,   102.4505                
# span 12 =    -0.0591,     1.4061                
# span 13 =      7.682,      8.270                
# span 14 =     1.7353,     6.4467                
# span 15 =     2.4799,     9.2130                
# span 16 =     75.508,    281.680                
# span 17 =     77.498,    287.910                
# span 18 = 0.0000e+00, 0.0000e+00                
# interval = seconds: 0.0416667
# start_time = Aug 22 2022 15:12:27 [NMEA time, header]
# bad_flag = -9.990e-29
*END*
[from data line 3201]
   57.16652 -133.59788    154.121     55.371     54.854     6.6815    32.0622  1025.4022    25.1474     6.6768     43.922   102.0310     0.1460      7.814     3.0454     4.3522    132.672    136.008  0.000e+00
   57.16652 -133.59788    153.477     55.435     54.918     6.6811    32.0626  1025.4029    25.1478     6.6764     43.873   102.0310     0.1167      7.814     3.0420     4.3473    132.523    135.856  0.000e+00
   57.16652 -133.59788    153.404     55.435     54.918     6.6810    32.0632  1025.4033    25.1483     6.6762     43.871   102.0310     0.1167      7.814     3.0419     4.3472    132.518    135.851  0.000e+00
   57.16652 -133.59788    153.558     55.492     54.974     6.6806    32.0636  1025.4040    25.1487     6.6759     43.874   102.0310     0.1167      7.814     3.0421     4.3475    132.528    135.861  0.000e+00
   57.16652 -133.59788    153.582     55.492     54.974     6.6795    32.0654  1025.4055    25.1502     6.6747     43.881   102.0310     0.1167      7.814     3.0426     4.3483    132.551    135.885  0.000e+00
   57.16652 -133.59788    153.646     55.556     55.038     6.6777    32.0672  1025.4075    25.1518     6.6730     43.893   102.0310     0.1167      7.814     3.0435     4.3495    132.590    135.925  0.000e+00
   57.16652 -133.59788    153.671     55.556     55.038     6.6760    32.0690  1025.4091    25.1535     6.6713     43.845   102.0590     0.1167      7.814     3.0403     4.3449    132.449    135.780  0.000e+00
   57.16652 -133.59788    153.727     55.613     55.094     6.6753    32.0693  1025.4097    25.1538     6.6706     43.852   102.0590     0.1460      7.814     3.0408     4.3457    132.472    135.804  0.000e+00
   57.16652 -133.59788    153.727     55.613     55.094     6.6747    32.0698  1025.4102    25.1543     6.6699     43.856   102.0590     0.1167      7.814     3.0412     4.3462    132.487    135.819  0.000e+00
   57.16652 -133.59788    153.847     55.734     55.214     6.6741    32.0705  1025.4113    25.1549     6.6693     43.865   102.0590     0.1167      7.814     3.0418     4.3471    132.515    135.849  0.000e+00
   57.16652 -133.59788    153.783     55.670     55.150     6.6732    32.0716  1025.4120    25.1559     6.6685     43.878   102.0590     0.1753      7.814     3.0427     4.3483    132.553    135.888  0.000e+00
   57.16652 -133.59788    153.847     55.734     55.214     6.6722    32.0725  1025.4132    25.1567     6.6674     43.831   102.0590     0.1753      7.809     3.0395     4.3438    132.414    135.745  0.000e+00
   57.16652 -133.59788    153.903     55.791     55.270     6.6712    32.0728  1025.4138    25.1571     6.6664     43.838   102.0590     0.1753      7.814     3.0401     4.3446    132.440    135.772  0.000e+00
   57.16652 -133.59788    153.967     55.855     55.334     6.6700    32.0737  1025.4150    25.1580     6.6653     43.850   102.0590     0.1753      7.814     3.0410     4.3459    132.478    135.811  0.000e+00
   57.16652 -133.59788    153.959     55.847     55.326     6.6675    32.0761  1025.4172    25.1602     6.6627     43.859   102.0590     0.2046      7.814     3.0417     4.3470    132.510    135.844  0.000e+00
   57.16652 -133.59788    153.967     55.855     55.334     6.6633    32.0814  1025.4219    25.1649     6.6585     43.815   102.0590     0.1753      7.814     3.0389     4.3428    132.384    135.716  0.000e+00
   57.16652 -133.59788    154.023     55.912     55.390     6.6590    32.0866  1025.4268    25.1696     6.6542     43.825   102.0590     0.1753      7.809     3.0398     4.3442    132.424    135.757  0.000e+00
   57.16652 -133.59788    154.079     55.969     55.446     6.6562    32.0904  1025.4304    25.1729     6.6515     43.776   102.0590     0.1753      7.814     3.0365     4.3395    132.280    135.610  0.000e+00
   57.16652 -133.59788    154.079     55.969     55.446     6.6547    32.0927  1025.4324    25.1749     6.6499     43.781   102.0590     0.1753      7.809     3.0369     4.3401    132.298    135.629  0.000e+00
   57.16652 -133.59788    154.143     56.033     55.510     6.6529    32.0943  1025.4342    25.1764     6.6481     43.791   102.0590     0.1753      7.809     3.0377     4.3411    132.330    135.662  0.000e+00
   57.16652 -133.59788    154.199     56.090     55.566     6.6517    32.0952  1025.4354    25.1773     6.6469     43.804   102.0590     0.1753      7.809     3.0386     4.3425    132.373    135.706  0.000e+00
   57.16652 -133.59788    154.199     56.090     55.566     6.6508    32.0968  1025.4368    25.1787     6.6460     43.814   102.0590     0.1753      7.814     3.0394     4.3436    132.406    135.739  0.000e+00
   57.16652 -133.59788    154.199     56.090     55.566     6.6503    32.0978  1025.4376    25.1795     6.6455     43.828   102.0869     0.1753      7.809     3.0404     4.3450    132.449    135.784  0.000e+00
   57.16652 -133.59788    154.319     56.211     55.686     6.6497    32.0986  1025.4389    25.1802     6.6449     43.840   102.0590     0.1753      7.809     3.0412     4.3462    132.485    135.821  0.000e+00
   57.16652 -133.59788    154.255     56.146     55.622     6.6492    32.0995  1025.4393    25.1809     6.6444     43.854   102.0590     0.1753      7.809     3.0422     4.3477    132.529    135.866  0.000e+00
   57.16652 -133.59788    154.375     56.268     55.742     6.6484    32.1007  1025.4409    25.1820     6.6436     43.809   102.0869     0.2046      7.809     3.0392     4.3433    132.395    135.729  0.000e+00
   57.16652 -133.59788    154.375     56.268     55.742     6.6479    32.1014  1025.4415    25.1826     6.6431     43.761   102.1149     0.1753      7.809     3.0358     4.3385    132.249    135.579  0.000e+00
   57.16652 -133.59788    154.439     56.332     55.806     6.6476    32.1016  1025.4421    25.1828     6.6428     43.767   102.1429     0.1753      7.809     3.0362     4.3391    132.268    135.599  0.000e+00
   57.16652 -133.59788    154.439     56.332     55.806     6.6469    32.1030  1025.4432    25.1840     6.6421     43.776   102.1429     0.2046      7.809     3.0369     4.3401    132.297    135.629  0.000e+00
   57.16652 -133.59788    154.439     56.332     55.806     6.6468    32.1038  1025.4439    25.1847     6.6420     43.783   102.1429     0.2046      7.809     3.0374     4.3407    132.316    135.649  0.000e+00
   57.16652 -133.59788    154.551     56.445     55.918     6.6462    32.1050  1025.4454    25.1857     6.6414     43.787   102.1429     0.1753      7.809     3.0376     4.3411    132.329    135.661  0.000e+00
   57.16652 -133.59788    154.551     56.445     55.918     6.6452    32.1071  1025.4472    25.1874     6.6403     43.793   102.1429     0.1167      7.809     3.0381     4.3418    132.350    135.683  0.000e+00
   57.16652 -133.59788    154.551     56.445     55.918     6.6444    32.1083  1025.4483    25.1885     6.6396     43.803   102.1429     0.1167      7.809     3.0388     4.3428    132.380    135.715  0.000e+00
   57.16652 -133.59788    154.615     56.510     55.982     6.6440    32.1090  1025.4491    25.1891     6.6392     43.810   102.1429     0.1167      7.809     3.0393     4.3435    132.401    135.736  0.000e+00
   57.16652 -133.59788    154.647     56.567     56.039     6.6441    32.1092  1025.4496    25.1893     6.6393     43.762   102.1429     0.1460      7.809     3.0360     4.3388    132.257    135.588  0.000e+00
   57.16652 -133.59788    154.671     56.566     56.039     6.6438    32.1101  1025.4503    25.1900     6.6390     43.768   102.1429     0.1167      7.809     3.0364     4.3394    132.275    135.607  0.000e+00
   57.16652 -133.59788    154.735     56.631     56.103     6.6431    32.1111  1025.4515    25.1909     6.6382     43.721   102.1429     0.1167      7.809     3.0332     4.3347    132.133    135.461  0.000e+00
   57.16652 -133.59788    154.735     56.631     56.103     6.6429    32.1112  1025.4516    25.1910     6.6380     43.777   102.1429     0.1460      7.809     3.0371     4.3403    132.304    135.637  0.000e+00
   57.16652 -133.59788    154.791     56.688     56.159     6.6431    32.1111  1025.4517    25.1909     6.6382     43.729   102.1429     0.1460      7.809     3.0338     4.3356    132.159    135.488  0.000e+00
   57.16652 -133.59788    154.791     56.688     56.159     6.6424    32.1119  1025.4525    25.1916     6.6375     43.735   102.1429     0.1460      7.809     3.0342     4.3362    132.178    135.508  0.000e+00
   57.16652 -133.59788    154.847     56.744     56.215     6.6429    32.1113  1025.4522    25.1911     6.6381     43.687   102.1429     0.1167      7.809     3.0309     4.3314    132.032    135.358  0.000e+00
   57.16652 -133.59788    154.911     56.809     56.279     6.6424    32.1121  1025.4532    25.1918     6.6376     43.744   102.1429     0.1167      7.809     3.0348     4.3370    132.204    135.534  0.000e+00
   57.16652 -133.59788    154.911     56.809     56.279     6.6417    32.1128  1025.4538    25.1924     6.6369     43.753   102.1429     0.1460      7.809     3.0354     4.3380    132.232    135.563  0.000e+00
   57.16652 -133.59788    154.967     56.865     56.335     6.6400    32.1153  1025.4563    25.1946     6.6352     43.765   102.1429     0.1460      7.810     3.0363     4.3392    132.271    135.603  0.000e+00
   57.16652 -133.59788    154.967     56.865     56.335     6.6388    32.1165  1025.4574    25.1957     6.6339     43.722   102.1429     0.1460      7.810     3.0335     4.3351    132.146    135.475  0.000e+00
   57.16652 -133.59788    154.999     56.922     56.391     6.6378    32.1175  1025.4586    25.1966     6.6329     43.727   102.1429     0.1167      7.810     3.0339     4.3357    132.163    135.493  0.000e+00
   57.16652 -133.59788    155.087     56.987     56.455     6.6369    32.1185  1025.4598    25.1975     6.6320     43.678   102.1149     0.1167      7.810     3.0305     4.3309    132.017    135.343  0.000e+00
   57.16652 -133.59788    155.087     56.987     56.455     6.6359    32.1196  1025.4608    25.1985     6.6310     43.683   102.0869     0.1167      7.810     3.0309     4.3314    132.032    135.359  0.000e+00
   57.16652 -133.59788    155.119     57.043     56.511     6.6348    32.1212  1025.4624    25.1999     6.6299     43.684   102.0869     0.1167      7.810     3.0310     4.3316    132.037    135.365  0.000e+00
   57.16652 -133.59788    155.143     57.043     56.511     6.6338    32.1226  1025.4636    25.2011     6.6289     43.688   102.0869     0.1460      7.810     3.0313     4.3320    132.051    135.378  0.000e+00
   57.16652 -133.59788    155.087     56.987     56.455     6.6333    32.1234  1025.4641    25.2018     6.6284     43.688   102.0869     0.1167      7.810     3.0313     4.3320    132.051    135.378  0.000e+00
   57.16652 -133.59788    155.383     57.286     56.751     6.6329    32.1238  1025.4658    25.2022     6.6280     43.635   102.0869     0.1460      7.810     3.0277     4.3269    131.893    135.217  0.000e+00
   57.16652 -133.59788    136.509     57.164     56.631     6.6326    32.1238  1025.4653    25.2022     6.6278     43.634   102.0869     0.1167      7.810     3.0276     4.3267    131.889    135.213  0.000e+00
   57.16652 -133.59788    103.085     57.221     56.687     6.6324    32.1241  1025.4659    25.2026     6.6275     43.636   102.0869     0.1167      7.810     3.0278     4.3270    131.897    135.221  0.000e+00
   57.16652 -133.59788     93.146     57.221     56.687     6.6322    32.1252  1025.4667    25.2034     6.6273     43.641   102.0869     0.1460      7.810     3.0281     4.3275    131.912    135.236  0.000e+00
   57.16652 -133.59788     93.845     57.286     56.751     6.6314    32.1262  1025.4679    25.2043     6.6265     43.643   102.0869     0.1460      7.810     3.0283     4.3277    131.919    135.244  0.000e+00
   57.16652 -133.59788     95.212     57.286     56.751     6.6303    32.1281  1025.4696    25.2059     6.6254     43.647   102.0869     0.1167      7.805     3.0286     4.3282    131.933    135.258  0.000e+00
   57.16652 -133.59788     95.659     57.342     56.807     6.6294    32.1297  1025.4712    25.2073     6.6245     43.597   102.0869     0.1167      7.810     3.0252     4.3233    131.783    135.105  0.000e+00
   57.16652 -133.59788     95.674     57.407     56.871     6.6289    32.1304  1025.4721    25.2079     6.6240     43.601   102.0869     0.1167      7.805     3.0255     4.3237    131.795    135.118  0.000e+00
   57.16652 -133.59788     95.561     57.342     56.807     6.6283    32.1312  1025.4725    25.2086     6.6234     43.550   102.0869     0.1167      7.805     3.0220     4.3187    131.642    134.960  0.000e+00
   57.16652 -133.59788     95.738     57.520     56.983     6.6274    32.1325  1025.4745    25.2098     6.6224     43.547   102.0869     0.1167      7.805     3.0218     4.3185    131.635    134.954  0.000e+00
   57.16652 -133.59788     95.738     57.520     56.983     6.6265    32.1340  1025.4758    25.2111     6.6216     43.603   102.0869     0.1167      7.805     3.0257     4.3241    131.806    135.129  0.000e+00
   57.16652 -133.59788     95.657     57.463     56.927     6.6261    32.1348  1025.4762    25.2118     6.6212     43.611   102.0869     0.1167      7.805     3.0263     4.3249    131.831    135.155  0.000e+00
   57.16652 -133.59788     95.802     57.585     57.047     6.6247    32.1366  1025.4784    25.2133     6.6198     43.623   102.0869     0.1167      7.810     3.0272     4.3262    131.869    135.194  0.000e+00
   57.16652 -133.59788     95.802     57.585     57.047     6.6229    32.1389  1025.4804    25.2154     6.6180     43.573   102.0869     0.1167      7.805     3.0238     4.3213    131.722    135.044  0.000e+00
   57.16652 -133.59788     95.777     57.585     57.047     6.6218    32.1409  1025.4821    25.2171     6.6169     43.577   102.0869     0.1167      7.805     3.0241     4.3217    131.734    135.056  0.000e+00
   57.16652 -133.59788     95.657     57.463     56.927     6.6206    32.1421  1025.4826    25.2182     6.6157     43.518   102.0869     0.1167      7.805     3.0201     4.3160    131.560    134.877  0.000e+00
   57.16652 -133.59788     96.129     57.940     57.399     6.6183    32.1440  1025.4867    25.2200     6.6133     43.517   102.1149     0.1167      7.805     3.0201     4.3160    131.560    134.878  0.000e+00
   57.16652 -133.59788    103.069     57.698     57.159     6.6168    32.1453  1025.4867    25.2212     6.6119     43.514   102.1149     0.1460      7.805     3.0200     4.3158    131.553    134.871  0.000e+00
   57.16652 -133.59788    140.625     57.819     57.279     6.6151    32.1470  1025.4889    25.2228     6.6101     43.458   102.1149     0.1167      7.805     3.0162     4.3105    131.390    134.704  0.000e+00
   57.16652 -133.59788    156.954     57.762     57.223     6.6143    32.1488  1025.4901    25.2243     6.6093     43.398   102.1149     0.1167      7.805     3.0121     4.3046    131.209    134.519  0.000e+00
   57.16652 -133.59788    157.279     57.819     57.279     6.6135    32.1499  1025.4914    25.2253     6.6086     43.393   102.0869     0.1167      7.805     3.0117     4.3040    131.194    134.503  0.000e+00
   57.16652 -133.59788    156.513     57.884     57.343     6.6135    32.1501  1025.4918    25.2254     6.6085     43.447   102.1149     0.1167      7.805     3.0155     4.3095    131.359    134.672  0.000e+00
   57.16652 -133.59788    155.958     57.940     57.399     6.6131    32.1506  1025.4925    25.2259     6.6082     43.398   102.1149     0.1167      7.805     3.0121     4.3045    131.209    134.518  0.000e+00
   57.16652 -133.59788    155.934     57.940     57.399     6.6128    32.1508  1025.4927    25.2260     6.6079     43.394   102.1149     0.1167      7.805     3.0119     4.3042    131.200    134.509  0.000e+00
