EcoFOCI/data/1_SampleCollection/2022_GOA-OA_CruiseData/CTD_raw_BottleFile_RC0083/RC0083_008.ros
* Sea-Bird SBE 9 Data File:
* FileName = C:\Data\RC0083ctd\RC0083_008.hex
* Software Version Seasave V 7.26.7.107
* Temperature SN = 2060
* Conductivity SN = 1084
* Number of Bytes Per Scan = 31
* Number of Voltage Words = 4
* Number of Scans Averaged by the Deck Unit = 1
* NMEA Latitude = 54 34.38 N
* NMEA Longitude = 134 44.60 W
* NMEA UTC (Time) = Aug 12 2022  15:42:24
* NMEA baud rate = 4800
** Ship: R/V Rachel Carson
** Cruise ID: RC0083 RC0083
** Tech: McHugh/Nomura
** Chief Scientist: Cross Cross
** Station: DE8
** Cast:  008
# nquan = 21
# nvalues = 490                                   
# units = specified
# name 0 = latitude: Latitude [deg]
# name 1 = longitude: Longitude [deg]
# name 2 = sfdSM: Seafloor depth [salt water, m]
# name 3 = prDM: Pressure, Digiquartz [db]
# name 4 = depSM: Depth [salt water, m]
# name 5 = t090C: Temperature [ITS-90, deg C]
# name 6 = sal00: Salinity, Practical [PSU]
# name 7 = density00: Density [density, kg/m^3]
# name 8 = sigma-é00: Density [sigma-theta, kg/m^3]
# name 9 = potemp090C: Potential Temperature [ITS-90, deg C]
# name 10 = sbeox0PS: Oxygen, SBE 43 [% saturation]
# name 11 = CStarTr0: Beam Transmission, WET Labs C-Star [%]
# name 12 = flECO-AFL: Fluorescence, WET Labs ECO-AFL/FL [mg/m^3]
# name 13 = ph: pH
# name 14 = sbeox0ML/L: Oxygen, SBE 43 [ml/l]
# name 15 = sbeox0Mg/L: Oxygen, SBE 43 [mg/l]
# name 16 = sbox0Mm/Kg: Oxygen, SBE 43 [umol/kg]
# name 17 = sbeox0Mm/L: Oxygen, SBE 43 [umol/l]
# name 18 = scan: Scan Count
# name 19 = nbf: Bottles Fired
# name 20 = flag:  0.000e+00
# interval = seconds: 0.0416667
# start_time = Aug 12 2022 15:42:24 [NMEA time, header]
# bad_flag = -9.990e-29
*END*
   54.57276 -134.74624    598.290    504.798    499.657     4.3630    34.0189  1029.3049    26.9718     4.3257     11.493   107.1773    -0.0591      7.617     0.8308     1.1874     36.131     37.105      18278          1  0.000e+00
   54.57276 -134.74624    598.314    504.823    499.681     4.3630    34.0190  1029.3051    26.9718     4.3257     11.492   107.1773    -0.0591      7.617     0.8308     1.1873     36.128     37.103      18279          1  0.000e+00
   54.57276 -134.74624    598.112    504.619    499.480     4.3626    34.0195  1029.3046    26.9722     4.3253     11.491   107.1773    -0.0591      7.617     0.8307     1.1872     36.125     37.100      18280          1  0.000e+00
   54.57276 -134.74624    598.435    504.945    499.802     4.3625    34.0188  1029.3056    26.9717     4.3251     11.501   107.1493    -0.0591      7.617     0.8314     1.1882     36.157     37.132      18281          1  0.000e+00
   54.57276 -134.74624    598.290    504.798    499.657     4.3619    34.0190  1029.3052    26.9720     4.3246     11.500   107.1773    -0.0591      7.617     0.8314     1.1882     36.155     37.130      18282          1  0.000e+00
   54.57276 -134.74624    598.410    504.921    499.778     4.3612    34.0189  1029.3057    26.9719     4.3239     11.500   107.1773    -0.0591      7.617     0.8314     1.1882     36.155     37.130      18283          1  0.000e+00
   54.57276 -134.74624    598.378    504.888    499.746     4.3609    34.0192  1029.3058    26.9722     4.3236     11.500   107.1773    -0.0884      7.617     0.8314     1.1881     36.154     37.129      18284          1  0.000e+00
   54.57276 -134.74624    598.410    504.921    499.778     4.3609    34.0193  1029.3060    26.9723     4.3236     11.509   107.1773    -0.0884      7.617     0.8321     1.1891     36.185     37.161      18285          1  0.000e+00
   54.57276 -134.74624    598.475    504.986    499.842     4.3608    34.0194  1029.3065    26.9724     4.3234     11.510   107.1493    -0.0884      7.617     0.8321     1.1891     36.185     37.161      18286          1  0.000e+00
   54.57276 -134.74624    598.499    505.010    499.866     4.3611    34.0193  1029.3065    26.9723     4.3237     11.510   107.1773    -0.0884      7.617     0.8321     1.1891     36.185     37.161      18287          1  0.000e+00
   54.57276 -134.74624    598.475    504.986    499.842     4.3611    34.0194  1029.3064    26.9723     4.3237     11.510   107.1773    -0.0884      7.617     0.8321     1.1891     36.185     37.161      18288          1  0.000e+00
   54.57276 -134.74624    598.555    505.067    499.923     4.3611    34.0196  1029.3069    26.9725     4.3237     11.510   107.1493    -0.0884      7.617     0.8321     1.1891     36.185     37.161      18289          1  0.000e+00
   54.57276 -134.74624    598.596    505.108    499.963     4.3614    34.0191  1029.3067    26.9721     4.3240     11.448   107.1773    -0.0884      7.617     0.8276     1.1828     35.991     36.962      18290          1  0.000e+00
   54.57276 -134.74624    598.596    505.108    499.963     4.3614    34.0190  1029.3066    26.9720     4.3240     11.439   107.1493    -0.0884      7.617     0.8270     1.1818     35.962     36.932      18291          1  0.000e+00
   54.57276 -134.74624    598.676    505.189    500.044     4.3612    34.0189  1029.3070    26.9720     4.3239     11.430   107.1493    -0.0884      7.617     0.8263     1.1809     35.934     36.903      18292          1  0.000e+00
   54.57276 -134.74624    598.708    505.222    500.076     4.3611    34.0192  1029.3073    26.9722     4.3237     11.483   107.1493    -0.0884      7.617     0.8302     1.1864     36.101     37.075      18293          1  0.000e+00
   54.57276 -134.74624    598.708    505.222    500.076     4.3611    34.0191  1029.3072    26.9721     4.3237     11.484   107.1493    -0.0884      7.617     0.8303     1.1865     36.105     37.079      18294          1  0.000e+00
   54.57276 -134.74624    598.797    505.311    500.164     4.3606    34.0192  1029.3078    26.9722     4.3233     11.486   107.1493    -0.0884      7.617     0.8304     1.1867     36.110     37.084      18295          1  0.000e+00
   54.57276 -134.74624    598.773    505.287    500.140     4.3599    34.0193  1029.3079    26.9724     4.3226     11.487   107.1493    -0.0884      7.617     0.8305     1.1868     36.114     37.088      18296          1  0.000e+00
   54.57276 -134.74624    598.853    505.368    500.221     4.3597    34.0192  1029.3082    26.9724     4.3223     11.488   107.1493    -0.0884      7.618     0.8306     1.1870     36.119     37.093      18297          1  0.000e+00
   54.57276 -134.74624    598.950    505.466    500.317     4.3595    34.0195  1029.3089    26.9726     4.3221     11.490   107.1493    -0.0884      7.618     0.8307     1.1871     36.123     37.098      18298          1  0.000e+00
   54.57276 -134.74624    598.950    505.466    500.317     4.3597    34.0192  1029.3086    26.9723     4.3223     11.491   107.1493    -0.0884      7.618     0.8308     1.1872     36.127     37.102      18299          1  0.000e+00
   54.57276 -134.74624    598.918    505.434    500.285     4.3592    34.0191  1029.3085    26.9723     4.3219     11.430   107.1493    -0.0884      7.618     0.8264     1.1810     35.937     36.907      18300          1  0.000e+00
   54.57276 -134.74624    599.071    505.588    500.438     4.3591    34.0194  1029.3094    26.9726     4.3218     11.484   107.1493    -0.0884      7.618     0.8303     1.1866     36.106     37.080      18301          1  0.000e+00
   54.57276 -134.74624    599.071    505.588    500.438     4.3594    34.0189  1029.3090    26.9721     4.3220     11.486   107.1493    -0.0884      7.618     0.8304     1.1867     36.111     37.085      18302          1  0.000e+00
   54.57276 -134.74624    599.095    505.613    500.462     4.3594    34.0191  1029.3093    26.9723     4.3221     11.487   107.1493    -0.0884      7.618     0.8305     1.1869     36.117     37.091      18303          1  0.000e+00
   54.57276 -134.74624    599.127    505.645    500.494     4.3594    34.0191  1029.3094    26.9723     4.3220     11.489   107.1493    -0.0884      7.618     0.8306     1.1871     36.122     37.096      18304          1  0.000e+00
   54.57276 -134.74624    599.215    505.735    500.583     4.3590    34.0194  1029.3101    26.9725     4.3216     11.491   107.1493    -0.0884      7.618     0.8308     1.1873     36.128     37.102      18305          1  0.000e+00
   54.57276 -134.74624    599.191    505.710    500.559     4.3587    34.0192  1029.3099    26.9725     4.3213     11.492   107.1493    -0.0884      7.618     0.8309     1.1874     36.133     37.108      18306          1  0.000e+00
   54.57276 -134.74624    599.248    505.767    500.615     4.3577    34.0192  1029.3102    26.9725     4.3203     11.494   107.1493    -0.0884      7.618     0.8310     1.1876     36.140     37.114      18307          1  0.000e+00
   54.57276 -134.74624    599.336    505.857    500.704     4.3580    34.0186  1029.3101    26.9720     4.3206     11.496   107.1493    -0.0884      7.618     0.8312     1.1878     36.145     37.120      18308          1  0.000e+00
   54.57276 -134.74624    599.368    505.890    500.736     4.3568    34.0193  1029.3110    26.9727     4.3195     11.498   107.1493    -0.0884      7.618     0.8313     1.1880     36.151     37.126      18309          1  0.000e+00
   54.57276 -134.74624    599.312    505.833    500.680     4.3566    34.0196  1029.3110    26.9730     4.3192     11.499   107.1493    -0.0884      7.618     0.8314     1.1882     36.156     37.132      18310          1  0.000e+00
   54.57276 -134.74624    599.392    505.914    500.760     4.3566    34.0192  1029.3111    26.9727     4.3192     11.501   107.1493    -0.0884      7.618     0.8316     1.1884     36.162     37.137      18311          1  0.000e+00
   54.57276 -134.74624    599.489    506.012    500.857     4.3561    34.0189  1029.3113    26.9725     4.3187     11.503   107.1493    -0.0884      7.618     0.8317     1.1886     36.168     37.144      18312          1  0.000e+00
   54.57276 -134.74624    599.433    505.955    500.800     4.3560    34.0192  1029.3113    26.9727     4.3186     11.504   107.1493    -0.0884      7.618     0.8318     1.1887     36.173     37.149      18313          1  0.000e+00
   54.57276 -134.74624    599.513    506.036    500.881     4.3558    34.0198  1029.3122    26.9732     4.3184     11.506   107.1493    -0.0884      7.618     0.8319     1.1889     36.179     37.154      18314          1  0.000e+00
   54.57276 -134.74624    599.545    506.069    500.913     4.3559    34.0195  1029.3121    26.9729     4.3186     11.508   107.1493    -0.0884      7.618     0.8321     1.1891     36.184     37.160      18315          1  0.000e+00
   54.57276 -134.74624    599.513    506.036    500.881     4.3557    34.0196  1029.3121    26.9731     4.3183     11.509   107.1214    -0.0884      7.618     0.8322     1.1893     36.189     37.165      18316          1  0.000e+00
   54.57276 -134.74624    599.610    506.134    500.977     4.3557    34.0197  1029.3125    26.9731     4.3183     11.511   107.1493    -0.0884      7.618     0.8323     1.1895     36.195     37.171      18317          1  0.000e+00
   54.57276 -134.74624    599.610    506.134    500.977     4.3559    34.0194  1029.3123    26.9729     4.3185     11.513   107.1493    -0.0884      7.618     0.8324     1.1896     36.200     37.176      18318          1  0.000e+00
   54.57276 -134.74624    599.570    506.093    500.937     4.3558    34.0193  1029.3121    26.9728     4.3184     11.514   107.1493    -0.0884      7.618     0.8325     1.1898     36.205     37.181      18319          1  0.000e+00
   54.57276 -134.74624    599.610    506.134    500.977     4.3554    34.0192  1029.3122    26.9728     4.3180     11.516   107.1493    -0.0884      7.618     0.8327     1.1900     36.211     37.187      18320          1  0.000e+00
   54.57276 -134.74624    599.610    506.134    500.977     4.3553    34.0192  1029.3122    26.9728     4.3179     11.518   107.1493    -0.0884      7.618     0.8328     1.1901     36.216     37.193      18321          1  0.000e+00
   54.57276 -134.74624    599.634    506.158    501.002     4.3550    34.0201  1029.3131    26.9736     4.3176     11.519   107.1493    -0.0884      7.618     0.8329     1.1903     36.221     37.198      18322          1  0.000e+00
   54.57276 -134.74624    599.610    506.134    500.977     4.3552    34.0197  1029.3126    26.9732     4.3178     11.521   107.1493    -0.0884      7.618     0.8330     1.1905     36.226     37.203      18323          1  0.000e+00
   54.57276 -134.74624    599.610    506.134    500.977     4.3559    34.0188  1029.3118    26.9724     4.3185     11.523   107.1493    -0.0884      7.618     0.8331     1.1906     36.231     37.208      18324          1  0.000e+00
   54.57276 -134.74624    599.634    506.158    501.001     4.3562    34.0190  1029.3120    26.9725     4.3188     11.524   107.1493    -0.0884      7.618     0.8333     1.1908     36.236     37.213      18325          1  0.000e+00
   54.57276 -134.74624    599.610    506.134    500.977     4.3562    34.0193  1029.3122    26.9728     4.3188     11.526   107.1493    -0.0884      7.618     0.8334     1.1910     36.241     37.218      18326          1  0.000e+00
   54.57256 -134.74636    450.324    355.182    351.691     4.8586    33.9081  1028.4687    26.8286     4.8314     19.989   107.2053    -0.0884      7.670     1.4290     2.0422     62.153     63.821      24489          2  0.000e+00
   54.57256 -134.74636    450.268    355.125    351.635     4.8586    33.9083  1028.4686    26.8288     4.8314     19.979   107.2053    -0.0884      7.670     1.4283     2.0412     62.123     63.790      24490          2  0.000e+00
   54.57256 -134.74636    450.300    355.158    351.667     4.8585    33.9090  1028.4693    26.8293     4.8313     19.979   107.2053    -0.0884      7.670     1.4283     2.0412     62.122     63.789      24491          2  0.000e+00
   54.57256 -134.74636    450.444    355.304    351.812     4.8589    33.9082  1028.4693    26.8286     4.8317     19.979   107.2053    -0.0884      7.670     1.4283     2.0412     62.122     63.788      24492          2  0.000e+00
   54.57256 -134.74636    450.324    355.182    351.691     4.8589    33.9085  1028.4690    26.8289     4.8317     19.978   107.2053    -0.0884      7.670     1.4283     2.0411     62.119     63.786      24493          2  0.000e+00
   54.57256 -134.74636    450.477    355.337    351.844     4.8589    33.9088  1028.4699    26.8291     4.8317     20.038   107.2053    -0.0884      7.670     1.4325     2.0472     62.305     63.977      24494          2  0.000e+00
   54.57256 -134.74636    450.388    355.247    351.756     4.8590    33.9088  1028.4695    26.8291     4.8319     19.986   107.2053    -0.0884      7.670     1.4288     2.0419     62.144     63.812      24495          2  0.000e+00
   54.57256 -134.74636    450.477    355.337    351.844     4.8593    33.9085  1028.4697    26.8289     4.8321     19.986   107.2053    -0.0884      7.670     1.4288     2.0419     62.142     63.810      24496          2  0.000e+00
   54.57256 -134.74636    450.444    355.304    351.812     4.8593    33.9085  1028.4695    26.8289     4.8321     19.985   107.2332    -0.0884      7.670     1.4287     2.0418     62.140     63.807      24497          2  0.000e+00
   54.57256 -134.74636    450.444    355.304    351.812     4.8590    33.9081  1028.4692    26.8286     4.8319     19.984   107.2053    -0.0884      7.670     1.4287     2.0417     62.138     63.805      24498          2  0.000e+00
   54.57256 -134.74636    450.477    355.337    351.844     4.8590    33.9079  1028.4692    26.8284     4.8319     19.984   107.2332    -0.0884      7.670     1.4286     2.0417     62.136     63.803      24499          2  0.000e+00
   54.57256 -134.74636    450.501    355.361    351.868     4.8590    33.9078  1028.4693    26.8284     4.8319     19.983   107.2332    -0.0884      7.670     1.4286     2.0416     62.134     63.801      24500          2  0.000e+00
   54.57256 -134.74636    450.388    355.247    351.756     4.8589    33.9083  1028.4691    26.8287     4.8317     19.982   107.2332    -0.1177      7.670     1.4285     2.0415     62.131     63.798      24501          2  0.000e+00
   54.57256 -134.74636    450.597    355.458    351.965     4.8588    33.9082  1028.4700    26.8287     4.8316     19.982   107.2332    -0.0884      7.670     1.4285     2.0415     62.130     63.797      24502          2  0.000e+00
   54.57256 -134.74636    450.444    355.304    351.812     4.8588    33.9082  1028.4693    26.8287     4.8316     19.980   107.2332    -0.1177      7.670     1.4284     2.0414     62.127     63.793      24503          2  0.000e+00
   54.57256 -134.74636    450.477    355.337    351.844     4.8588    33.9079  1028.4693    26.8285     4.8316     19.980   107.2053    -0.0884      7.670     1.4284     2.0413     62.125     63.791      24504          2  0.000e+00
   54.57256 -134.74636    450.444    355.304    351.812     4.8588    33.9083  1028.4694    26.8288     4.8316     19.979   107.2332    -0.0884      7.670     1.4283     2.0412     62.122     63.789      24505          2  0.000e+00
   54.57256 -134.74636    450.501    355.361    351.868     4.8588    33.9087  1028.4699    26.8290     4.8316     19.978   107.2332    -0.0884      7.670     1.4283     2.0411     62.120     63.786      24506          2  0.000e+00
   54.57256 -134.74636    450.420    355.280    351.788     4.8588    33.9081  1028.4691    26.8286     4.8316     19.977   107.2332    -0.0884      7.670     1.4282     2.0410     62.117     63.784      24507          2  0.000e+00
