EcoFOCI/data/1_SampleCollection/2022_GOA-OA_CruiseData/CTD_raw_BottleFile_RC0083/RC0083_131.ros
* Sea-Bird SBE 9 Data File:
* FileName = C:\Data\RC0083ctd\RC0083_131.hex
* Software Version Seasave V 7.26.7.107
* Temperature SN = 2060
* Conductivity SN = 2881
* Number of Bytes Per Scan = 31
* Number of Voltage Words = 4
* Number of Scans Averaged by the Deck Unit = 1
* NMEA Latitude = 57 36.64 N
* NMEA Longitude = 134 45.44 W
* NMEA UTC (Time) = Aug 24 2022  11:30:11
* NMEA baud rate = 4800
** Ship: R/V Rachel Carson
** Cruise ID: RC0083
** Tech: McHugh/Nomura
** Chief Scientist: Cross
** Station: MCS4
** Cast:  CTD131
# nquan = 21
# nvalues = 441                                   
# units = specified
# name 0 = latitude: Latitude [deg]
# name 1 = longitude: Longitude [deg]
# name 2 = sfdSM: Seafloor depth [salt water, m]
# name 3 = prDM: Pressure, Digiquartz [db]
# name 4 = depSM: Depth [salt water, m]
# name 5 = t090C: Temperature [ITS-90, deg C]
# name 6 = sal00: Salinity, Practical [PSU]
# name 7 = density00: Density [density, kg/m^3]
# name 8 = sigma-é00: Density [sigma-theta, kg/m^3]
# name 9 = potemp090C: Potential Temperature [ITS-90, deg C]
# name 10 = sbeox0PS: Oxygen, SBE 43 [% saturation]
# name 11 = CStarTr0: Beam Transmission, WET Labs C-Star [%]
# name 12 = flECO-AFL: Fluorescence, WET Labs ECO-AFL/FL [mg/m^3]
# name 13 = ph: pH
# name 14 = sbeox0ML/L: Oxygen, SBE 43 [ml/l]
# name 15 = sbeox0Mg/L: Oxygen, SBE 43 [mg/l]
# name 16 = sbox0Mm/Kg: Oxygen, SBE 43 [umol/kg]
# name 17 = sbeox0Mm/L: Oxygen, SBE 43 [umol/l]
# name 18 = scan: Scan Count
# name 19 = nbf: Bottles Fired
# name 20 = flag:  0.000e+00
# interval = seconds: 0.0416667
# start_time = Aug 24 2022 11:30:11 [NMEA time, header]
# bad_flag = -9.990e-29
*END*
   57.61152 -134.75550    641.490    600.151    593.749     5.1242    33.8781  1029.5371    26.7771     5.0759     18.005    88.8576    -0.0591      7.630     1.2794     1.8283     55.646     57.136      21985          1  0.000e+00
   57.61152 -134.75550    684.533    600.241    593.837     5.1239    33.8781  1029.5376    26.7772     5.0756     17.994    89.0254    -0.0591      7.630     1.2785     1.8272     55.611     57.100      21986          1  0.000e+00
   57.61152 -134.75550    693.805    600.208    593.805     5.1240    33.8787  1029.5378    26.7776     5.0758     17.982    88.9975    -0.0591      7.630     1.2777     1.8259     55.574     57.062      21987          1  0.000e+00
   57.61152 -134.75550    693.837    600.241    593.837     5.1240    33.8784  1029.5378    26.7774     5.0758     17.979    88.9975    -0.0591      7.630     1.2775     1.8256     55.564     57.052      21988          1  0.000e+00
   57.61152 -134.75550    692.584    600.208    593.805     5.1239    33.8785  1029.5377    26.7774     5.0756     17.976    88.9695    -0.0591      7.630     1.2773     1.8254     55.556     57.043      21989          1  0.000e+00
   57.61152 -134.75550    692.201    600.241    593.837     5.1239    33.8784  1029.5378    26.7774     5.0756     18.036    88.9975    -0.0591      7.630     1.2816     1.8315     55.743     57.235      21990          1  0.000e+00
   57.61152 -134.75550    692.242    600.208    593.805     5.1242    33.8783  1029.5375    26.7773     5.0759     18.042    88.9695    -0.0591      7.630     1.2820     1.8321     55.760     57.254      21991          1  0.000e+00
   57.61152 -134.75550    692.291    600.184    593.781     5.1240    33.8786  1029.5377    26.7775     5.0758     18.111    88.9695    -0.0591      7.630     1.2869     1.8391     55.973     57.472      21992          1  0.000e+00
   57.61152 -134.75550    692.404    600.274    593.869     5.1240    33.8784  1029.5379    26.7773     5.0758     18.053    88.9695    -0.0591      7.630     1.2828     1.8332     55.795     57.290      21993          1  0.000e+00
   57.61152 -134.75550    692.372    600.241    593.837     5.1240    33.8782  1029.5377    26.7772     5.0758     18.050    88.9695    -0.0591      7.630     1.2825     1.8329     55.785     57.278      21994          1  0.000e+00
   57.61152 -134.75550    692.380    600.274    593.869     5.1240    33.8782  1029.5378    26.7772     5.0758     18.055    88.9695    -0.0591      7.630     1.2829     1.8334     55.800     57.294      21995          1  0.000e+00
   57.61152 -134.75550    692.348    600.241    593.837     5.1240    33.8782  1029.5377    26.7772     5.0758     18.060    88.9695    -0.0591      7.630     1.2832     1.8339     55.815     57.309      21996          1  0.000e+00
   57.61152 -134.75550    648.213    600.209    593.805     5.1239    33.8780  1029.5373    26.7771     5.0756     18.064    88.9695    -0.0591      7.630     1.2836     1.8344     55.830     57.325      21997          1  0.000e+00
   57.61152 -134.75550    613.185    600.298    593.894     5.1239    33.8782  1029.5379    26.7772     5.0756     18.007    88.9975    -0.0591      7.630     1.2795     1.8285     55.651     57.141      21998          1  0.000e+00
   57.61152 -134.75550    606.690    600.274    593.869     5.1240    33.8782  1029.5378    26.7772     5.0758     18.003    88.9695    -0.0591      7.630     1.2792     1.8282     55.641     57.131      21999          1  0.000e+00
   57.61152 -134.75550    608.636    600.241    593.837     5.1240    33.8780  1029.5374    26.7770     5.0758     18.055    88.9695    -0.0591      7.630     1.2829     1.8334     55.800     57.294      22000          1  0.000e+00
   57.61152 -134.75550    610.084    600.274    593.869     5.1242    33.8781  1029.5377    26.7771     5.0759     18.051    88.9695    -0.0591      7.630     1.2826     1.8330     55.789     57.283      22001          1  0.000e+00
   57.61152 -134.75550    610.328    600.298    593.894     5.1237    33.8785  1029.5382    26.7775     5.0755     18.056    88.9695    -0.0591      7.630     1.2830     1.8335     55.805     57.299      22002          1  0.000e+00
   57.61152 -134.75550    610.199    600.241    593.837     5.1239    33.8786  1029.5380    26.7775     5.0756     18.061    88.9695    -0.0591      7.630     1.2833     1.8340     55.819     57.314      22003          1  0.000e+00
   57.61152 -134.75550    610.158    600.274    593.869     5.1240    33.8783  1029.5378    26.7773     5.0758     18.066    88.9975    -0.0591      7.630     1.2837     1.8345     55.834     57.329      22004          1  0.000e+00
   57.61152 -134.75550    610.182    600.298    593.894     5.1240    33.8782  1029.5379    26.7772     5.0758     18.071    89.0814    -0.0591      7.630     1.2840     1.8350     55.850     57.345      22005          1  0.000e+00
   57.61152 -134.75550    610.158    600.274    593.870     5.1240    33.8783  1029.5378    26.7773     5.0758     18.067    89.1093    -0.0591      7.630     1.2838     1.8346     55.838     57.333      22006          1  0.000e+00
   57.61152 -134.75550    610.182    600.298    593.894     5.1240    33.8785  1029.5381    26.7774     5.0758     18.000    89.1093    -0.0591      7.630     1.2790     1.8278     55.630     57.120      22007          1  0.000e+00
   57.61152 -134.75550    610.158    600.274    593.870     5.1242    33.8779  1029.5375    26.7769     5.0759     18.050    89.1093    -0.0591      7.630     1.2826     1.8329     55.786     57.280      22008          1  0.000e+00
   57.61152 -134.75550    610.125    600.241    593.837     5.1239    33.8782  1029.5377    26.7773     5.0756     18.054    89.0814    -0.0591      7.630     1.2829     1.8334     55.799     57.293      22009          1  0.000e+00
   57.61152 -134.75550    610.158    600.274    593.870     5.1242    33.8784  1029.5379    26.7774     5.0759     17.996    89.1093    -0.0591      7.630     1.2787     1.8274     55.617     57.106      22010          1  0.000e+00
   57.61152 -134.75550    610.182    600.298    593.894     5.1240    33.8781  1029.5378    26.7771     5.0758     17.992    89.0814    -0.0591      7.630     1.2784     1.8270     55.606     57.095      22011          1  0.000e+00
   57.61152 -134.75550    610.158    600.274    593.870     5.1240    33.8784  1029.5379    26.7773     5.0758     17.988    89.0814    -0.0591      7.630     1.2782     1.8266     55.595     57.083      22012          1  0.000e+00
   57.61152 -134.75550    610.125    600.241    593.837     5.1240    33.8783  1029.5377    26.7773     5.0758     17.985    89.1093    -0.0591      7.630     1.2780     1.8263     55.585     57.073      22013          1  0.000e+00
   57.61152 -134.75550    652.453    600.274    593.870     5.1240    33.8780  1029.5376    26.7771     5.0758     17.983    89.0814    -0.0591      7.630     1.2778     1.8260     55.577     57.065      22014          1  0.000e+00
   57.61152 -134.75550    688.758    600.241    593.837     5.1242    33.8780  1029.5375    26.7771     5.0759     18.043    89.0814    -0.0591      7.630     1.2820     1.8322     55.763     57.256      22015          1  0.000e+00
   57.61152 -134.75550    693.870    600.274    593.870     5.1240    33.8782  1029.5378    26.7772     5.0758     18.049    89.0814    -0.0591      7.630     1.2825     1.8328     55.782     57.275      22016          1  0.000e+00
   57.61152 -134.75550    693.837    600.241    593.837     5.1240    33.8784  1029.5378    26.7774     5.0758     18.055    89.0814    -0.0591      7.630     1.2829     1.8334     55.800     57.294      22017          1  0.000e+00
   57.61152 -134.75550    692.438    600.209    593.805     5.1240    33.8779  1029.5372    26.7770     5.0758     18.061    89.0814    -0.0591      7.630     1.2833     1.8340     55.818     57.313      22018          1  0.000e+00
   57.61152 -134.75550    692.201    600.241    593.837     5.1240    33.8783  1029.5377    26.7773     5.0758     18.067    89.0814    -0.0591      7.630     1.2837     1.8346     55.836     57.331      22019          1  0.000e+00
   57.61152 -134.75550    692.331    600.274    593.870     5.1240    33.8780  1029.5376    26.7771     5.0758     18.073    89.0814    -0.0591      7.630     1.2842     1.8352     55.855     57.351      22020          1  0.000e+00
   57.61152 -134.75550    692.348    600.241    593.837     5.1240    33.8779  1029.5374    26.7770     5.0758     18.078    89.1093    -0.0591      7.630     1.2846     1.8358     55.873     57.369      22021          1  0.000e+00
   57.61152 -134.75550    692.316    600.209    593.805     5.1240    33.8784  1029.5376    26.7774     5.0758     18.084    89.1093    -0.0591      7.630     1.2850     1.8364     55.891     57.387      22022          1  0.000e+00
   57.61152 -134.75550    692.348    600.241    593.837     5.1244    33.8780  1029.5374    26.7770     5.0762     18.019    89.1093    -0.0591      7.630     1.2803     1.8297     55.688     57.179      22023          1  0.000e+00
   57.61152 -134.75550    692.291    600.184    593.781     5.1239    33.8787  1029.5378    26.7776     5.0757     18.007    89.0814    -0.0591      7.630     1.2795     1.8286     55.653     57.144      22024          1  0.000e+00
   57.61152 -134.75550    692.380    600.274    593.870     5.1242    33.8781  1029.5377    26.7772     5.0759     18.005    88.9136    -0.0591      7.630     1.2794     1.8283     55.646     57.136      22025          1  0.000e+00
   57.61152 -134.75550    692.291    600.184    593.781     5.1239    33.8781  1029.5373    26.7772     5.0757     17.940    88.8296    -0.0591      7.630     1.2747     1.8217     55.445     56.930      22026          1  0.000e+00
   57.61152 -134.75550    692.316    600.209    593.805     5.1242    33.8778  1029.5372    26.7769     5.0759     17.993    88.8017    -0.0591      7.630     1.2785     1.8271     55.609     57.098      22027          1  0.000e+00
   57.61152 -134.75550    692.348    600.241    593.837     5.1240    33.8782  1029.5376    26.7772     5.0758     17.992    88.8296    -0.0591      7.630     1.2784     1.8270     55.607     57.096      22028          1  0.000e+00
   57.61152 -134.75550    692.340    600.209    593.805     5.1242    33.8783  1029.5375    26.7773     5.0759     17.991    88.8296    -0.0591      7.630     1.2784     1.8269     55.604     57.093      22029          1  0.000e+00
   57.61152 -134.75550    692.372    600.241    593.837     5.1244    33.8779  1029.5374    26.7770     5.0762     17.983    88.8296    -0.0591      7.630     1.2777     1.8260     55.576     57.064      22030          1  0.000e+00
   57.61152 -134.75550    692.340    600.209    593.805     5.1242    33.8782  1029.5374    26.7772     5.0759     17.973    88.8296    -0.0591      7.630     1.2771     1.8251     55.548     57.036      22031          1  0.000e+00
   57.61152 -134.75550    692.291    600.184    593.781     5.1242    33.8781  1029.5373    26.7771     5.0759     18.027    88.8296    -0.0591      7.630     1.2809     1.8306     55.714     57.206      22032          1  0.000e+00
   57.61152 -134.75550    692.340    600.209    593.805     5.1242    33.8781  1029.5374    26.7771     5.0759     18.035    88.8296    -0.0591      7.630     1.2815     1.8314     55.738     57.231      22033          1  0.000e+00
   57.61144 -134.75536    449.566    354.632    351.056     5.1642    33.8119  1028.3528    26.7177     5.1363     18.906   100.3808    -0.0884      7.650     1.3427     1.9188     58.404     59.965      31407          2  0.000e+00
   57.61144 -134.75536    449.229    354.267    350.695     5.1640    33.8124  1028.3516    26.7182     5.1361     18.912   100.3808    -0.0884      7.650     1.3431     1.9194     58.421     59.982      31408          2  0.000e+00
   57.61144 -134.75536    449.422    354.486    350.912     5.1641    33.8123  1028.3524    26.7181     5.1362     18.919   100.3808    -0.0884      7.650     1.3436     1.9201     58.443     60.004      31409          2  0.000e+00
   57.61144 -134.75536    449.527    354.567    350.992     5.1641    33.8123  1028.3528    26.7180     5.1362     18.865   100.3808    -0.0884      7.650     1.3398     1.9146     58.276     59.833      31410          2  0.000e+00
   57.61144 -134.75536    449.446    354.486    350.912     5.1643    33.8120  1028.3521    26.7178     5.1364     18.864   100.3808    -0.0884      7.650     1.3397     1.9145     58.273     59.829      31411          2  0.000e+00
   57.61144 -134.75536    449.326    354.389    350.815     5.1641    33.8129  1028.3524    26.7185     5.1362     18.923   100.3808    -0.0884      7.650     1.3439     1.9206     58.457     60.018      31412          2  0.000e+00
   57.61144 -134.75536    449.390    354.454    350.879     5.1640    33.8126  1028.3526    26.7183     5.1361     18.922   100.3808    -0.0884      7.650     1.3438     1.9205     58.454     60.016      31413          2  0.000e+00
   57.61144 -134.75536    449.422    354.486    350.912     5.1641    33.8120  1028.3522    26.7178     5.1362     18.921   100.3808    -0.0884      7.650     1.3438     1.9204     58.451     60.012      31414          2  0.000e+00
   57.61144 -134.75536    449.350    354.389    350.815     5.1641    33.8122  1028.3519    26.7180     5.1362     18.919   100.3808    -0.0591      7.650     1.3436     1.9202     58.445     60.006      31415          2  0.000e+00
   57.61144 -134.75536    449.414    354.454    350.879     5.1640    33.8121  1028.3522    26.7179     5.1361     18.918   100.3808    -0.0591      7.650     1.3435     1.9200     58.440     60.001      31416          2  0.000e+00
   57.61144 -134.75536    449.446    354.486    350.912     5.1643    33.8120  1028.3521    26.7178     5.1364     18.915   100.3808    -0.0591      7.650     1.3433     1.9198     58.433     59.994      31417          2  0.000e+00
   57.61144 -134.75536    449.350    354.389    350.815     5.1640    33.8125  1028.3522    26.7182     5.1361     18.860   100.3808    -0.0591      7.650     1.3394     1.9142     58.262     59.819      31418          2  0.000e+00
   57.61144 -134.75536    449.390    354.429    350.855     5.1640    33.8125  1028.3523    26.7182     5.1361     18.858   100.3808    -0.0591      7.650     1.3393     1.9140     58.257     59.813      31419          2  0.000e+00
   57.61144 -134.75536    449.390    354.454    350.879     5.1640    33.8120  1028.3521    26.7178     5.1361     18.857   100.3808    -0.0591      7.650     1.3392     1.9138     58.252     59.808      31420          2  0.000e+00
   57.61144 -134.75536    449.414    354.454    350.880     5.1643    33.8120  1028.3520    26.7178     5.1364     18.908   100.3808    -0.0591      7.650     1.3428     1.9190     58.410     59.970      31421          2  0.000e+00
   57.61144 -134.75536    449.390    354.429    350.855     5.1640    33.8127  1028.3525    26.7184     5.1361     18.906   100.3808    -0.0591      7.650     1.3427     1.9188     58.404     59.964      31422          2  0.000e+00
   57.61144 -134.75536    449.350    354.389    350.815     5.1641    33.8122  1028.3519    26.7179     5.1362     18.904   100.3808    -0.0591      7.650     1.3425     1.9186     58.397     59.957      31423          2  0.000e+00
   57.61144 -134.75536    449.390    354.429    350.855     5.1640    33.8124  1028.3522    26.7181     5.1361     18.901   100.4368    -0.0591      7.650     1.3423     1.9183     58.389     59.949      31424          2  0.000e+00
   57.61144 -134.75536    449.326    354.389    350.815     5.1642    33.8123  1028.3520    26.7180     5.1363     18.898   100.4368    -0.0591      7.650     1.3421     1.9180     58.380     59.939      31425          2  0.000e+00
