EcoFOCI/data/1_SampleCollection/2022_GOA-OA_CruiseData/CTD_raw_BottleFile_RC0083/RC0083_025.ros
* Sea-Bird SBE 9 Data File:
* FileName = C:\Data\RC0083ctd\RC0083_025.hex
* Software Version Seasave V 7.26.7.107
* Temperature SN = 2060
* Conductivity SN = 1084
* Number of Bytes Per Scan = 31
* Number of Voltage Words = 4
* Number of Scans Averaged by the Deck Unit = 1
* NMEA Latitude = 56 31.10 N
* NMEA Longitude = 136 15.19 W
* NMEA UTC (Time) = Aug 15 2022  00:24:06
* NMEA baud rate = 4800
** Ship: R/V Rachel Carson
** Cruise ID: RC0083
** Tech: McHugh/Nomura
** Chief Scientist: Cross
** Station: SEC05
** Cast:  CTD025
# nquan = 21
# nvalues = 588                                   
# units = specified
# name 0 = latitude: Latitude [deg]
# name 1 = longitude: Longitude [deg]
# name 2 = sfdSM: Seafloor depth [salt water, m]
# name 3 = prDM: Pressure, Digiquartz [db]
# name 4 = depSM: Depth [salt water, m]
# name 5 = t090C: Temperature [ITS-90, deg C]
# name 6 = sal00: Salinity, Practical [PSU]
# name 7 = density00: Density [density, kg/m^3]
# name 8 = sigma-é00: Density [sigma-theta, kg/m^3]
# name 9 = potemp090C: Potential Temperature [ITS-90, deg C]
# name 10 = sbeox0PS: Oxygen, SBE 43 [% saturation]
# name 11 = CStarTr0: Beam Transmission, WET Labs C-Star [%]
# name 12 = flECO-AFL: Fluorescence, WET Labs ECO-AFL/FL [mg/m^3]
# name 13 = ph: pH
# name 14 = sbeox0ML/L: Oxygen, SBE 43 [ml/l]
# name 15 = sbeox0Mg/L: Oxygen, SBE 43 [mg/l]
# name 16 = sbox0Mm/Kg: Oxygen, SBE 43 [umol/kg]
# name 17 = sbeox0Mm/L: Oxygen, SBE 43 [umol/l]
# name 18 = scan: Scan Count
# name 19 = nbf: Bottles Fired
# name 20 = flag:  0.000e+00
# interval = seconds: 0.0416667
# start_time = Aug 15 2022 00:24:06 [NMEA time, header]
# bad_flag = -9.990e-29
*END*
[from data line 483]
   56.52152 -136.26826    122.034     23.619     23.402    14.2798    32.0754  1023.9758    23.8710    14.2765    104.524    97.3882     3.1643      8.303     6.1465     8.7839    268.102    274.502      96484         10  0.000e+00
   56.52152 -136.26826    122.058     23.643     23.426    14.2772    32.0764  1023.9772    23.8723    14.2738    104.541    97.3882     3.1643      8.303     6.1478     8.7859    268.160    274.562      96485         10  0.000e+00
   56.52152 -136.26826    121.985     23.643     23.426    14.2765    32.0771  1023.9779    23.8730    14.2731    104.554    97.3882     3.1643      8.303     6.1486     8.7870    268.195    274.598      96486         10  0.000e+00
   56.52152 -136.26826    121.228     23.643     23.426    14.2760    32.0756  1023.9768    23.8719    14.2726    104.557    97.3882     3.1643      8.303     6.1489     8.7874    268.207    274.610      96487         10  0.000e+00
   56.52152 -136.26826    120.893     23.700     23.482    14.2721    32.0763  1023.9784    23.8732    14.2687    104.503    97.3882     3.1643      8.303     6.1462     8.7835    268.088    274.488      96488         10  0.000e+00
   56.52152 -136.26826    120.869     23.700     23.482    14.2699    32.0773  1023.9796    23.8745    14.2665    104.486    97.3882     3.1643      8.303     6.1454     8.7824    268.054    274.454      96489         10  0.000e+00
   56.52152 -136.26826    120.893     23.700     23.482    14.2674    32.0774  1023.9803    23.8751    14.2640    104.517    97.3882     3.1643      8.303     6.1476     8.7855    268.148    274.550      96490         10  0.000e+00
   56.52162 -136.26844    108.855     10.317     10.222    14.7075    32.0586  1023.8136    23.7679    14.7060    103.751    95.1227     2.4610      8.333     6.0493     8.6450    263.887    270.160      98084         11  0.000e+00
   56.52162 -136.26844    109.175     10.640     10.542    14.7073    32.0586  1023.8151    23.7680    14.7058    103.747    95.1227     2.4903      8.333     6.0490     8.6447    263.879    270.151      98085         11  0.000e+00
   56.52162 -136.26844    109.151     10.616     10.518    14.7068    32.0588  1023.8153    23.7683    14.7053    103.739    95.1227     2.5196      8.333     6.0486     8.6441    263.860    270.131      98086         11  0.000e+00
   56.52162 -136.26844    109.031     10.495     10.398    14.7066    32.0586  1023.8146    23.7681    14.7051    103.729    95.1227     2.5196      8.333     6.0481     8.6433    263.837    270.108      98087         11  0.000e+00
   56.52162 -136.26844    109.055     10.519     10.422    14.7065    32.0583  1023.8145    23.7679    14.7050    103.722    95.1227     2.5196      8.333     6.0477     8.6427    263.818    270.089      98088         11  0.000e+00
   56.52162 -136.26844    109.151     10.616     10.518    14.7061    32.0585  1023.8152    23.7682    14.7046    103.662    95.1227     2.5196      8.333     6.0442     8.6378    263.668    269.935      98089         11  0.000e+00
   56.52162 -136.26844    109.095     10.559     10.462    14.7063    32.0584  1023.8148    23.7680    14.7048    103.654    95.1227     2.4903      8.333     6.0437     8.6371    263.646    269.913      98090         11  0.000e+00
   56.52162 -136.26844    109.055     10.519     10.422    14.7065    32.0586  1023.8148    23.7682    14.7050    103.646    95.1227     2.5196      8.333     6.0432     8.6364    263.625    269.891      98091         11  0.000e+00
   56.52162 -136.26844    109.151     10.616     10.519    14.7061    32.0586  1023.8153    23.7683    14.7046    103.641    95.1227     2.4903      8.333     6.0430     8.6360    263.613    269.879      98092         11  0.000e+00
   56.52162 -136.26844    109.095     10.559     10.463    14.7063    32.0585  1023.8150    23.7682    14.7048    103.633    95.1227     2.5196      8.333     6.0425     8.6354    263.595    269.860      98093         11  0.000e+00
   56.52162 -136.26844    109.119     10.584     10.487    14.7062    32.0585  1023.8150    23.7682    14.7047    103.628    95.1227     2.5196      8.333     6.0422     8.6349    263.581    269.846      98094         11  0.000e+00
   56.52162 -136.26844    109.095     10.559     10.463    14.7061    32.0589  1023.8153    23.7685    14.7046    103.622    95.1227     2.4903      8.333     6.0419     8.6345    263.566    269.830      98095         11  0.000e+00
   56.52162 -136.26844    109.095     10.559     10.463    14.7066    32.0587  1023.8150    23.7682    14.7051    103.617    95.1227     2.5196      8.333     6.0415     8.6340    263.551    269.815      98096         11  0.000e+00
   56.52162 -136.26844    109.119     10.584     10.487    14.7071    32.0584  1023.8148    23.7679    14.7056    103.613    95.1227     2.5196      8.333     6.0412     8.6335    263.537    269.801      98097         11  0.000e+00
   56.52162 -136.26844    109.031     10.495     10.399    14.7075    32.0589  1023.8147    23.7682    14.7060    103.613    95.1227     2.5196      8.333     6.0412     8.6334    263.534    269.798      98098         11  0.000e+00
   56.52162 -136.26844    109.095     10.559     10.463    14.7078    32.0588  1023.8148    23.7680    14.7063    103.615    95.1227     2.5196      8.333     6.0413     8.6336    263.539    269.803      98099         11  0.000e+00
   56.52162 -136.26844    108.999     10.463     10.367    14.7081    32.0585  1023.8141    23.7678    14.7066    103.616    95.1227     2.5196      8.333     6.0413     8.6336    263.541    269.805      98100         11  0.000e+00
   56.52162 -136.26844    109.031     10.495     10.399    14.7081    32.0585  1023.8143    23.7678    14.7066    103.619    95.1227     2.4903      8.333     6.0415     8.6339    263.549    269.813      98101         11  0.000e+00
   56.52162 -136.26844    109.031     10.495     10.399    14.7078    32.0586  1023.8144    23.7679    14.7063    103.623    95.1227     2.5196      8.333     6.0417     8.6343    263.560    269.824      98102         11  0.000e+00
   56.52162 -136.26844    108.943     10.406     10.311    14.7078    32.0582  1023.8137    23.7676    14.7063    103.626    95.1227     2.4903      8.333     6.0419     8.6345    263.569    269.833      98103         11  0.000e+00
   56.52162 -136.26844    108.911     10.374     10.279    14.7078    32.0584  1023.8137    23.7678    14.7063    103.631    95.1227     2.5196      8.333     6.0422     8.6349    263.579    269.844      98104         11  0.000e+00
   56.52162 -136.26844    108.911     10.374     10.279    14.7075    32.0590  1023.8142    23.7683    14.7060    103.636    95.1227     2.5782      8.333     6.0425     8.6354    263.594    269.859      98105         11  0.000e+00
   56.52162 -136.26844    108.879     10.341     10.247    14.7077    32.0588  1023.8139    23.7681    14.7062    103.642    95.1227     2.6075      8.333     6.0428     8.6358    263.608    269.873      98106         11  0.000e+00
   56.52162 -136.26844    108.855     10.317     10.223    14.7078    32.0584  1023.8134    23.7677    14.7063    103.696    95.1227     2.6368      8.333     6.0460     8.6403    263.745    270.014      98107         11  0.000e+00
   56.52162 -136.26844    108.799     10.261     10.167    14.7081    32.0585  1023.8132    23.7677    14.7066    103.707    95.1227     2.6368      8.333     6.0466     8.6412    263.772    270.041      98108         11  0.000e+00
   56.52162 -136.26844    108.767     10.228     10.135    14.7081    32.0584  1023.8130    23.7677    14.7067    103.714    95.1227     2.6075      8.333     6.0470     8.6418    263.789    270.059      98109         11  0.000e+00
   56.52162 -136.26844    108.735     10.196     10.103    14.7083    32.0580  1023.8125    23.7673    14.7068    103.721    95.1227     2.6075      8.333     6.0474     8.6423    263.807    270.077      98110         11  0.000e+00
   56.52162 -136.26844    108.679     10.140     10.047    14.7085    32.0582  1023.8123    23.7674    14.7070    103.728    95.1227     2.6075      8.333     6.0478     8.6429    263.823    270.093      98111         11  0.000e+00
   56.52162 -136.26844    108.647     10.107     10.015    14.7081    32.0591  1023.8129    23.7682    14.7067    103.735    95.1227     2.6075      8.333     6.0482     8.6435    263.842    270.113      98112         11  0.000e+00
   56.52162 -136.26844    108.623     10.083      9.991    14.7083    32.0585  1023.8123    23.7677    14.7069    103.743    95.1227     2.6075      8.333     6.0487     8.6441    263.862    270.133      98113         11  0.000e+00
   56.52162 -136.26844    108.559     10.018      9.927    14.7081    32.0586  1023.8122    23.7679    14.7067    103.750    95.1227     2.6075      8.333     6.0491     8.6448    263.881    270.153      98114         11  0.000e+00
   56.52162 -136.26844    108.583     10.043      9.951    14.7086    32.0585  1023.8121    23.7676    14.7072    103.759    95.0947     2.6075      8.333     6.0496     8.6454    263.901    270.174      98115         11  0.000e+00
   56.52162 -136.26844    108.439      9.897      9.807    14.7091    32.0584  1023.8113    23.7674    14.7077    103.766    95.0947     2.6075      8.333     6.0499     8.6459    263.916    270.189      98116         11  0.000e+00
   56.52162 -136.26844    108.439      9.897      9.807    14.7098    32.0587  1023.8114    23.7675    14.7084    103.769    95.0947     2.6075      8.333     6.0500     8.6461    263.921    270.194      98117         11  0.000e+00
   56.52162 -136.26844    108.407      9.865      9.775    14.7107    32.0585  1023.8109    23.7672    14.7093    103.778    95.0947     2.6075      8.333     6.0504     8.6466    263.938    270.211      98118         11  0.000e+00
   56.52162 -136.26844    108.327      9.784      9.695    14.7117    32.0580  1023.8099    23.7666    14.7103    103.786    95.0947     2.6075      8.333     6.0508     8.6472    263.954    270.227      98119         11  0.000e+00
   56.52162 -136.26844    108.263      9.720      9.631    14.7122    32.0579  1023.8095    23.7664    14.7108    103.789    95.0947     2.6075      8.333     6.0509     8.6473    263.960    270.233      98120         11  0.000e+00
   56.52162 -136.26844    108.287      9.744      9.655    14.7126    32.0576  1023.8093    23.7661    14.7112    103.793    95.0947     2.6075      8.333     6.0511     8.6476    263.969    270.243      98121         11  0.000e+00
   56.52162 -136.26844    108.207      9.663      9.575    14.7126    32.0576  1023.8089    23.7661    14.7112    103.796    95.0947     2.6368      8.333     6.0513     8.6479    263.977    270.250      98122         11  0.000e+00
   56.52162 -136.26844    108.151      9.607      9.519    14.7137    32.0569  1023.8079    23.7654    14.7123    103.799    95.0947     2.6075      8.333     6.0514     8.6480    263.980    270.254      98123         11  0.000e+00
   56.52162 -136.26844    108.111      9.566      9.479    14.7144    32.0569  1023.8075    23.7651    14.7130    103.803    95.0947     2.6075      8.333     6.0515     8.6482    263.986    270.259      98124         11  0.000e+00
   56.52162 -136.26844    108.087      9.542      9.455    14.7149    32.0564  1023.8069    23.7647    14.7135    103.806    95.0947     2.5782      8.333     6.0517     8.6484    263.993    270.267      98125         11  0.000e+00
   56.52162 -136.26844    108.031      9.486      9.399    14.7151    32.0566  1023.8068    23.7648    14.7137    103.810    95.0947     2.5196      8.333     6.0518     8.6486    264.000    270.274      98126         11  0.000e+00
   56.52162 -136.26844    107.999      9.453      9.367    14.7154    32.0565  1023.8065    23.7646    14.7140    103.813    95.0947     2.5196      8.333     6.0520     8.6489    264.008    270.282      98127         11  0.000e+00
   56.52162 -136.26844    107.967      9.421      9.335    14.7153    32.0562  1023.8062    23.7644    14.7139    103.817    95.0947     2.5196      8.333     6.0522     8.6492    264.018    270.292      98128         11  0.000e+00
   56.52162 -136.26844    107.879      9.332      9.247    14.7149    32.0568  1023.8063    23.7650    14.7136    103.820    95.0667     2.5196      8.333     6.0524     8.6495    264.026    270.301      98129         11  0.000e+00
   56.52162 -136.26844    107.855      9.308      9.223    14.7149    32.0568  1023.8062    23.7649    14.7136    103.818    95.0947     2.5196      8.333     6.0523     8.6494    264.022    270.297      98130         11  0.000e+00
   56.52162 -136.26844    107.855      9.308      9.223    14.7142    32.0570  1023.8065    23.7653    14.7129    103.822    95.0947     2.5196      8.333     6.0526     8.6498    264.035    270.310      98131         11  0.000e+00
   56.52162 -136.26844    107.815      9.268      9.183    14.7142    32.0572  1023.8065    23.7654    14.7129    103.825    95.0947     2.5196      8.333     6.0528     8.6501    264.043    270.318      98132         11  0.000e+00
   56.52178 -136.26862    102.784      4.140      4.102    14.8364    32.0455  1023.7487    23.7303    14.8358    103.704    96.2414     1.2302      8.333     6.0314     8.6194    263.116    269.360      99193         12  0.000e+00
   56.52178 -136.26862    102.512      3.866      3.830    14.8408    32.0458  1023.7468    23.7296    14.8403    103.692    96.2414     1.2302      8.333     6.0301     8.6176    263.062    269.304      99194         12  0.000e+00
   56.52178 -136.26862    102.392      3.720      3.686    14.8452    32.0452  1023.7447    23.7282    14.8447    103.681    96.2414     1.2302      8.333     6.0290     8.6160    263.013    269.254      99195         12  0.000e+00
   56.52178 -136.26862    102.392      3.720      3.686    14.8481    32.0447  1023.7437    23.7272    14.8475    103.673    96.2414     1.2302      8.333     6.0282     8.6149    262.979    269.218      99196         12  0.000e+00
   56.52178 -136.26862    102.472      3.801      3.766    14.8506    32.0430  1023.7422    23.7254    14.8501    103.666    96.2414     1.2302      8.333     6.0275     8.6139    262.951    269.189      99197         12  0.000e+00
   56.52178 -136.26862    102.392      3.720      3.686    14.8523    32.0420  1023.7407    23.7242    14.8518    103.605    96.2414     1.2302      8.333     6.0238     8.6086    262.788    269.022      99198         12  0.000e+00
   56.52178 -136.26862    102.352      3.680      3.646    14.8528    32.0422  1023.7406    23.7243    14.8522    103.592    96.2414     1.2302      8.333     6.0230     8.6074    262.752    268.986      99199         12  0.000e+00
   56.52178 -136.26862    102.336      3.664      3.630    14.8540    32.0424  1023.7404    23.7241    14.8535    103.632    96.2414     1.2302      8.333     6.0252     8.6106    262.848    269.084      99200         12  0.000e+00
   56.52178 -136.26862    102.377      3.680      3.646    14.8568    32.0423  1023.7398    23.7235    14.8563    103.573    96.2414     1.2302      8.333     6.0214     8.6052    262.683    268.915      99201         12  0.000e+00
   56.52178 -136.26862    102.216      3.543      3.510    14.8604    32.0434  1023.7392    23.7236    14.8598    103.613    96.2414     1.2302      8.333     6.0232     8.6078    262.763    268.997      99202         12  0.000e+00
   56.52178 -136.26862    102.265      3.567      3.534    14.8649    32.0438  1023.7387    23.7229    14.8644    103.612    96.2414     1.2302      8.333     6.0226     8.6069    262.737    268.970      99203         12  0.000e+00
   56.52178 -136.26862    102.280      3.607      3.574    14.8696    32.0434  1023.7376    23.7216    14.8691    103.559    96.2414     1.2302      8.333     6.0190     8.6018    262.580    268.809      99204         12  0.000e+00
