EcoFOCI/data/1_SampleCollection/2022_GOA-OA_CruiseData/CTD_raw_BottleFile_RC0083/RC0083_063.ros
* Sea-Bird SBE 9 Data File:
* FileName = C:\Data\RC0083ctd\RC0083_063.hex
* Software Version Seasave V 7.26.7.107
* Temperature SN = 2060
* Conductivity SN = 1084
* Number of Bytes Per Scan = 31
* Number of Voltage Words = 4
* Number of Scans Averaged by the Deck Unit = 1
* NMEA Latitude = 58 42.84 N
* NMEA Longitude = 136 06.86 W
* NMEA UTC (Time) = Aug 20 2022  15:08:42
* NMEA baud rate = 4800
** Ship: R/V Rachel Carson
** Cruise ID: RC0083
** Tech: McHugh/Nomura
** Chief Scientist: Cross
** Station: GB13
** Cast:  CTD063
# nquan = 21
# nvalues = 245                                   
# units = specified
# name 0 = latitude: Latitude [deg]
# name 1 = longitude: Longitude [deg]
# name 2 = sfdSM: Seafloor depth [salt water, m]
# name 3 = prDM: Pressure, Digiquartz [db]
# name 4 = depSM: Depth [salt water, m]
# name 5 = t090C: Temperature [ITS-90, deg C]
# name 6 = sal00: Salinity, Practical [PSU]
# name 7 = density00: Density [density, kg/m^3]
# name 8 = sigma-é00: Density [sigma-theta, kg/m^3]
# name 9 = potemp090C: Potential Temperature [ITS-90, deg C]
# name 10 = sbeox0PS: Oxygen, SBE 43 [% saturation]
# name 11 = CStarTr0: Beam Transmission, WET Labs C-Star [%]
# name 12 = flECO-AFL: Fluorescence, WET Labs ECO-AFL/FL [mg/m^3]
# name 13 = ph: pH
# name 14 = sbeox0ML/L: Oxygen, SBE 43 [ml/l]
# name 15 = sbeox0Mg/L: Oxygen, SBE 43 [mg/l]
# name 16 = sbox0Mm/Kg: Oxygen, SBE 43 [umol/kg]
# name 17 = sbeox0Mm/L: Oxygen, SBE 43 [umol/l]
# name 18 = scan: Scan Count
# name 19 = nbf: Bottles Fired
# name 20 = flag:  0.000e+00
# interval = seconds: 0.0416667
# start_time = Aug 20 2022 15:08:42 [NMEA time, header]
# bad_flag = -9.990e-29
*END*
[from data line 69]
   58.71366 -136.11326    107.710     51.050     50.567     7.3123    30.3062  1023.9184    23.6836     7.3079     67.286    93.1089     0.1753      7.961     4.6513     6.6471    202.920    207.725       7912          2  0.000e+00
   58.71366 -136.11326    107.678     51.041     50.559     7.3123    30.3062  1023.9184    23.6836     7.3079     67.284    93.1369     0.1753      7.961     4.6512     6.6470    202.916    207.721       7913          2  0.000e+00
   58.71366 -136.11326    107.637     51.050     50.567     7.3122    30.3065  1023.9187    23.6839     7.3077     67.283    93.1369     0.1753      7.961     4.6511     6.6469    202.912    207.718       7914          2  0.000e+00
   58.71366 -136.11326    107.629     51.041     50.559     7.3123    30.3063  1023.9185    23.6837     7.3078     67.282    93.1369     0.1753      7.961     4.6510     6.6468    202.908    207.714       7915          2  0.000e+00
   58.71366 -136.11326    107.573     50.985     50.503     7.3123    30.3064  1023.9183    23.6838     7.3079     67.280    93.1089     0.1753      7.961     4.6509     6.6466    202.903    207.708       7916          2  0.000e+00
   58.71366 -136.11326    107.685     51.098     50.615     7.3122    30.3062  1023.9187    23.6836     7.3077     67.280    93.1369     0.1753      7.961     4.6509     6.6466    202.903    207.709       7917          2  0.000e+00
   58.71366 -136.11326    107.661     51.050     50.567     7.3122    30.3063  1023.9185    23.6837     7.3077     67.278    93.1369     0.1753      7.961     4.6508     6.6464    202.898    207.703       7918          2  0.000e+00
   58.71366 -136.11326    107.653     51.041     50.559     7.3122    30.3067  1023.9188    23.6841     7.3077     67.285    93.1369     0.1753      7.961     4.6512     6.6470    202.916    207.722       7919          2  0.000e+00
   58.71366 -136.11326    107.597     50.985     50.503     7.3122    30.3067  1023.9185    23.6840     7.3077     67.291    93.1369     0.1753      7.961     4.6516     6.6476    202.935    207.742       7920          2  0.000e+00
   58.71366 -136.11326    107.653     51.041     50.559     7.3123    30.3063  1023.9185    23.6837     7.3079     67.291    93.1089     0.1753      7.961     4.6516     6.6476    202.935    207.741       7921          2  0.000e+00
   58.71366 -136.11326    107.597     50.985     50.503     7.3122    30.3066  1023.9185    23.6839     7.3077     67.297    93.0530     0.1753      7.961     4.6521     6.6483    202.955    207.761       7922          2  0.000e+00
   58.71366 -136.11326    107.709     51.098     50.615     7.3123    30.3064  1023.9189    23.6838     7.3079     67.306    92.9691     0.1753      7.961     4.6526     6.6491    202.979    207.786       7923          2  0.000e+00
   58.71366 -136.11326    107.661     51.050     50.567     7.3122    30.3064  1023.9186    23.6838     7.3077     67.305    92.9411     0.1753      7.961     4.6526     6.6491    202.979    207.786       7924          2  0.000e+00
   58.71366 -136.11326    107.629     51.041     50.559     7.3123    30.3058  1023.9181    23.6833     7.3079     67.305    92.9691     0.1753      7.961     4.6526     6.6491    202.979    207.786       7925          2  0.000e+00
   58.71366 -136.11326    107.661     51.050     50.567     7.3119    30.3069  1023.9190    23.6842     7.3074     67.305    92.9691     0.1753      7.961     4.6526     6.6491    202.980    207.787       7926          2  0.000e+00
   58.71366 -136.11326    107.653     51.041     50.559     7.3119    30.3067  1023.9189    23.6841     7.3074     67.305    92.9691     0.1753      7.961     4.6526     6.6491    202.979    207.787       7927          2  0.000e+00
   58.71366 -136.11326    107.661     51.050     50.567     7.3119    30.3066  1023.9188    23.6840     7.3074     67.305    92.9691     0.1753      7.961     4.6527     6.6491    202.980    207.788       7928          2  0.000e+00
   58.71366 -136.11326    107.653     51.041     50.559     7.3117    30.3068  1023.9189    23.6842     7.3072     67.305    92.9691     0.1753      7.961     4.6527     6.6491    202.980    207.788       7929          2  0.000e+00
   58.71366 -136.11326    107.661     51.050     50.567     7.3119    30.3069  1023.9190    23.6842     7.3074     67.305    92.9691     0.1753      7.961     4.6526     6.6491    202.980    207.787       7930          2  0.000e+00
   58.71366 -136.11326    107.653     51.041     50.559     7.3120    30.3066  1023.9188    23.6840     7.3075     67.305    92.9691     0.1753      7.961     4.6526     6.6491    202.979    207.787       7931          2  0.000e+00
   58.71366 -136.11326    116.745     51.050     50.567     7.3120    30.3067  1023.9189    23.6841     7.3075     67.305    92.9691     0.1753      7.961     4.6526     6.6491    202.979    207.787       7932          2  0.000e+00
   58.71366 -136.11326    141.646     51.041     50.559     7.3120    30.3064  1023.9186    23.6838     7.3075     67.305    92.9691     0.1753      7.961     4.6526     6.6491    202.980    207.787       7933          2  0.000e+00
   58.71366 -136.11326    150.430     50.985     50.503     7.3120    30.3067  1023.9186    23.6840     7.3075     67.360    92.9691     0.1460      7.961     4.6564     6.6545    203.146    207.957       7934          2  0.000e+00
   58.71366 -136.11326    150.566     51.098     50.615     7.3122    30.3064  1023.9188    23.6838     7.3077     67.313    92.9691     0.1460      7.956     4.6531     6.6498    203.001    207.809       7935          2  0.000e+00
   58.71366 -136.11326    149.404     50.985     50.503     7.3120    30.3063  1023.9183    23.6838     7.3075     67.311    92.9691     0.1167      7.961     4.6531     6.6497    202.998    207.806       7936          2  0.000e+00
   58.71366 -136.11326    149.118     51.041     50.559     7.3120    30.3064  1023.9186    23.6839     7.3075     67.312    92.9691     0.1167      7.961     4.6531     6.6497    202.999    207.807       7937          2  0.000e+00
   58.71366 -136.11326    149.143     51.041     50.559     7.3122    30.3064  1023.9186    23.6838     7.3077     67.311    92.9691     0.1460      7.961     4.6530     6.6497    202.997    207.805       7938          2  0.000e+00
   58.71366 -136.11326    149.175     51.050     50.567     7.3121    30.3062  1023.9185    23.6837     7.3076     67.311    92.9691     0.1167      7.961     4.6530     6.6497    202.997    207.805       7939          2  0.000e+00
   58.71366 -136.11326    149.192     51.041     50.559     7.3122    30.3061  1023.9183    23.6835     7.3077     67.311    92.9691     0.1167      7.961     4.6530     6.6496    202.996    207.803       7940          2  0.000e+00
   58.71348 -136.11308    124.491     26.103     25.858     7.4882    30.0335  1023.5660    23.4459     7.4858     69.262    94.0598     0.2632      7.980     4.7771     6.8270    208.459    213.346      10054          3  0.000e+00
   58.71348 -136.11308    124.547     26.160     25.914     7.4882    30.0337  1023.5664    23.4461     7.4858     69.205    94.0598     0.2632      7.980     4.7732     6.8213    208.286    213.170      10055          3  0.000e+00
   58.71348 -136.11308    104.491     26.103     25.858     7.4880    30.0339  1023.5663    23.4462     7.4857     69.195    94.0598     0.2632      7.980     4.7725     6.8204    208.256    213.139      10056          3  0.000e+00
   58.71348 -136.11308     53.721     26.103     25.858     7.4882    30.0332  1023.5657    23.4457     7.4858     69.193    94.0598     0.2632      7.980     4.7723     6.8202    208.250    213.133      10057          3  0.000e+00
   58.71348 -136.11308     36.293     26.160     25.914     7.4884    30.0333  1023.5660    23.4457     7.4861     69.240    94.0598     0.2632      7.980     4.7755     6.8247    208.389    213.275      10058          3  0.000e+00
   58.71348 -136.11308     36.319     26.038     25.794     7.4882    30.0336  1023.5657    23.4460     7.4858     69.236    94.0598     0.2632      7.980     4.7753     6.8244    208.379    213.265      10059          3  0.000e+00
   58.71348 -136.11308     38.564     26.160     25.914     7.4883    30.0332  1023.5659    23.4456     7.4860     69.234    94.0598     0.2632      7.980     4.7752     6.8242    208.375    213.260      10060          3  0.000e+00
   58.71348 -136.11308     39.167     26.103     25.858     7.4884    30.0337  1023.5660    23.4460     7.4861     69.231    94.0878     0.2632      7.980     4.7749     6.8238    208.363    213.248      10061          3  0.000e+00
   58.71348 -136.11308     39.143     26.103     25.858     7.4883    30.0338  1023.5661    23.4461     7.4860     69.172    94.0878     0.2632      7.980     4.7709     6.8181    208.186    213.068      10062          3  0.000e+00
   58.71348 -136.11308     39.045     26.103     25.858     7.4880    30.0337  1023.5661    23.4461     7.4857     69.162    94.0878     0.2632      7.980     4.7702     6.8171    208.156    213.037      10063          3  0.000e+00
   58.71348 -136.11308     39.020     26.103     25.858     7.4883    30.0336  1023.5660    23.4459     7.4860     69.151    94.0598     0.2632      7.980     4.7694     6.8160    208.124    213.003      10064          3  0.000e+00
   58.71348 -136.11308     39.020     26.103     25.858     7.4880    30.0339  1023.5663    23.4462     7.4857     69.141    94.1158     0.2632      7.980     4.7687     6.8150    208.093    212.972      10065          3  0.000e+00
   58.71348 -136.11308     39.020     26.103     25.858     7.4883    30.0339  1023.5662    23.4462     7.4860     69.138    94.1158     0.2632      7.980     4.7685     6.8147    208.083    212.961      10066          3  0.000e+00
   58.71348 -136.11308     39.101     26.160     25.914     7.4882    30.0339  1023.5665    23.4462     7.4858     69.136    94.1438     0.2632      7.980     4.7684     6.8145    208.077    212.955      10067          3  0.000e+00
   58.71348 -136.11308     39.045     26.103     25.858     7.4884    30.0335  1023.5659    23.4459     7.4861     69.188    94.1438     0.2632      7.980     4.7720     6.8196    208.234    213.116      10068          3  0.000e+00
   58.71348 -136.11308     39.020     26.103     25.858     7.4885    30.0335  1023.5659    23.4458     7.4862     69.193    94.1158     0.2632      7.980     4.7723     6.8201    208.248    213.131      10069          3  0.000e+00
   58.71348 -136.11308     39.045     26.103     25.858     7.4883    30.0335  1023.5659    23.4459     7.4860     69.142    94.1438     0.2632      7.980     4.7688     6.8151    208.097    212.976      10070          3  0.000e+00
   58.71348 -136.11308     39.020     26.103     25.858     7.4879    30.0340  1023.5663    23.4463     7.4856     69.140    94.1438     0.2632      7.980     4.7687     6.8150    208.092    212.971      10071          3  0.000e+00
   58.71348 -136.11308     39.020     26.103     25.858     7.4879    30.0336  1023.5660    23.4460     7.4856     69.131    94.1158     0.2632      7.980     4.7681     6.8141    208.064    212.943      10072          3  0.000e+00
   58.71348 -136.11308     71.824     26.160     25.914     7.4882    30.0338  1023.5664    23.4461     7.4858     69.130    94.1438     0.2339      7.980     4.7680     6.8139    208.059    212.937      10073          3  0.000e+00
   58.71348 -136.11308    103.963     26.038     25.794     7.4883    30.0338  1023.5658    23.4461     7.4860     69.127    94.1438     0.2632      7.980     4.7678     6.8136    208.050    212.928      10074          3  0.000e+00
   58.71348 -136.11308    110.993     26.160     25.914     7.4884    30.0336  1023.5662    23.4459     7.4860     69.127    94.1158     0.2632      7.980     4.7678     6.8136    208.050    212.928      10075          3  0.000e+00
   58.71348 -136.11308    109.423     26.103     25.858     7.4882    30.0334  1023.5658    23.4458     7.4858     69.126    94.1438     0.2632      7.980     4.7677     6.8135    208.047    212.925      10076          3  0.000e+00
   58.71348 -136.11308    108.129     26.103     25.858     7.4884    30.0335  1023.5659    23.4458     7.4861     69.180    94.1158     0.2632      7.980     4.7714     6.8189    208.211    213.093      10077          3  0.000e+00
   58.71348 -136.11308    107.885     26.103     25.858     7.4882    30.0336  1023.5660    23.4460     7.4858     69.132    94.1438     0.2632      7.980     4.7681     6.8141    208.065    212.943      10078          3  0.000e+00
   58.71348 -136.11308    107.958     26.103     25.858     7.4884    30.0338  1023.5661    23.4461     7.4861     69.187    94.1438     0.2632      7.980     4.7719     6.8195    208.229    213.112      10079          3  0.000e+00
   58.71348 -136.11308    108.007     26.103     25.858     7.4884    30.0334  1023.5658    23.4458     7.4861     69.194    94.1438     0.2339      7.980     4.7723     6.8202    208.250    213.133      10080          3  0.000e+00
   58.71348 -136.11308    108.031     26.103     25.858     7.4882    30.0337  1023.5661    23.4460     7.4858     69.145    94.1438     0.2339      7.980     4.7690     6.8154    208.105    212.985      10081          3  0.000e+00
   58.71348 -136.11308    108.087     26.160     25.914     7.4883    30.0335  1023.5661    23.4458     7.4860     69.146    94.1158     0.2339      7.980     4.7690     6.8154    208.106    212.986      10082          3  0.000e+00
   58.71348 -136.11308    108.031     26.103     25.858     7.4884    30.0336  1023.5659    23.4459     7.4861     69.145    94.1438     0.2339      7.980     4.7690     6.8154    208.105    212.985      10083          3  0.000e+00
   58.71348 -136.11308    108.007     26.103     25.858     7.4882    30.0336  1023.5660    23.4459     7.4858     69.146    94.1438     0.2339      7.980     4.7691     6.8155    208.108    212.987      10084          3  0.000e+00
   58.71346 -136.11306    108.031     26.103     25.858     7.4882    30.0337  1023.5661    23.4460     7.4858     69.091    94.1158     0.2339      7.980     4.7653     6.8101    207.944    212.819      10085          3  0.000e+00
   58.71346 -136.11306    108.031     26.103     25.858     7.4883    30.0341  1023.5664    23.4463     7.4860     69.086    94.1158     0.2339      7.980     4.7649     6.8095    207.926    212.801      10086          3  0.000e+00
   58.71346 -136.11306    108.031     26.103     25.858     7.4880    30.0337  1023.5661    23.4460     7.4857     69.129    94.1158     0.2339      7.980     4.7679     6.8138    208.057    212.935      10087          3  0.000e+00
   58.71346 -136.11306    117.026     26.135     25.890     7.4882    30.0336  1023.5662    23.4460     7.4858     69.131    94.1158     0.2339      7.980     4.7681     6.8140    208.063    212.941      10088          3  0.000e+00
   58.71346 -136.11306    123.929     26.103     25.858     7.4884    30.0338  1023.5661    23.4461     7.4861     69.133    94.1158     0.2339      7.980     4.7682     6.8142    208.068    212.946      10089          3  0.000e+00
   58.71346 -136.11306    125.174     26.103     25.858     7.4882    30.0337  1023.5661    23.4460     7.4858     69.136    94.1158     0.2339      7.980     4.7684     6.8145    208.077    212.956      10090          3  0.000e+00
   58.71346 -136.11306    124.784     26.103     25.858     7.4882    30.0335  1023.5660    23.4459     7.4858     69.083    94.1158     0.2339      7.980     4.7648     6.8093    207.920    212.795      10091          3  0.000e+00
   58.71346 -136.11306    124.515     26.103     25.858     7.4882    30.0337  1023.5661    23.4460     7.4858     69.135    94.1158     0.2339      7.980     4.7683     6.8144    208.076    212.954      10092          3  0.000e+00
