EcoFOCI/data/1_SampleCollection/2022_GOA-OA_CruiseData/CTD_raw_BottleFile_RC0083/RC0083_150.cnv
* Sea-Bird SBE 9 Data File:
* FileName = C:\Data\RC0083ctd\RC0083_150.hex
* Software Version Seasave V 7.26.7.107
* Temperature SN = 2060
* Conductivity SN = 2881
* Number of Bytes Per Scan = 31
* Number of Voltage Words = 4
* Number of Scans Averaged by the Deck Unit = 1
* NMEA Latitude = 54 56.30 N
* NMEA Longitude = 130 57.81 W
* NMEA UTC (Time) = Aug 28 2022  21:55:30
* NMEA baud rate = 4800
** Ship: R/V Rachel Carson
** Cruise ID: RC0083
** Tech: McHugh/Nomura
** Chief Scientist: Cross
** Station: RC5
** Cast:  CTD150
# nquan = 19
# nvalues = 5195                                  
# units = specified
# name 0 = latitude: Latitude [deg]
# name 1 = longitude: Longitude [deg]
# name 2 = sfdSM: Seafloor depth [salt water, m]
# name 3 = prDM: Pressure, Digiquartz [db]
# name 4 = depSM: Depth [salt water, m]
# name 5 = t090C: Temperature [ITS-90, deg C]
# name 6 = sal00: Salinity, Practical [PSU]
# name 7 = density00: Density [density, kg/m^3]
# name 8 = sigma-é00: Density [sigma-theta, kg/m^3]
# name 9 = potemp090C: Potential Temperature [ITS-90, deg C]
# name 10 = sbeox0PS: Oxygen, SBE 43 [% saturation]
# name 11 = CStarTr0: Beam Transmission, WET Labs C-Star [%]
# name 12 = flECO-AFL: Fluorescence, WET Labs ECO-AFL/FL [mg/m^3]
# name 13 = ph: pH
# name 14 = sbeox0ML/L: Oxygen, SBE 43 [ml/l]
# name 15 = sbeox0Mg/L: Oxygen, SBE 43 [mg/l]
# name 16 = sbox0Mm/Kg: Oxygen, SBE 43 [umol/kg]
# name 17 = sbeox0Mm/L: Oxygen, SBE 43 [umol/l]
# name 18 = flag:  0.000e+00
# span 0 =   54.93826,   54.93830                 
# span 1 = -130.96356, -130.96336                 
# span 2 =     16.563,    127.504                 
# span 3 =      2.155,     66.895                 
# span 4 =      2.135,     66.282                 
# span 5 =     7.4700,    14.0501                 
# span 6 =    26.7677,    32.0459                 
# span 7 =  1019.8385,  1025.3360                 
# span 8 =    19.8259,    25.0298                 
# span 9 =     7.4639,    14.0497                 
# span 10 =     42.574,     94.726                
# span 11 =    76.6352,   102.2827                
# span 12 =    -0.0005,     8.7907                
# span 13 =      7.817,      8.360                
# span 14 =     2.8964,     5.7902                
# span 15 =     4.1392,     8.2747                
# span 16 =    126.195,    253.538                
# span 17 =    129.352,    258.588                
# span 18 = 0.0000e+00, 0.0000e+00                
# interval = seconds: 0.0416667
# start_time = Aug 28 2022 21:55:30 [NMEA time, header]
# bad_flag = -9.990e-29
*END*
[from data line 2743]
   54.93828 -130.96336     79.039     65.820     65.217     7.4805    32.0445  1025.3288    25.0273     7.4744     43.364    97.8916     0.0288      7.821     2.9523     4.2191    128.630    131.849  0.000e+00
   54.93828 -130.96336     79.103     65.885     65.281     7.4793    32.0442  1025.3291    25.0272     7.4733     43.364    97.8916     0.0288      7.821     2.9524     4.2192    128.634    131.853  0.000e+00
   54.93828 -130.96336     79.078     65.885     65.281     7.4788    32.0440  1025.3290    25.0272     7.4728     43.358    97.8916     0.0288      7.821     2.9520     4.2187    128.617    131.836  0.000e+00
   54.93828 -130.96336     79.037     65.942     65.337     7.4782    32.0443  1025.3296    25.0274     7.4721     43.353    97.8916     0.0288      7.821     2.9517     4.2182    128.602    131.821  0.000e+00
   54.93828 -130.96336     78.996     65.950     65.345     7.4771    32.0450  1025.3303    25.0281     7.4710     43.347    97.8916     0.0288      7.821     2.9513     4.2178    128.588    131.807  0.000e+00
   54.93828 -130.96336     79.044     65.998     65.393     7.4766    32.0446  1025.3303    25.0279     7.4705     43.348    97.8916     0.0288      7.817     2.9515     4.2179    128.594    131.813  0.000e+00
   54.93828 -130.96336     79.108     66.063     65.457     7.4763    32.0447  1025.3307    25.0280     7.4702     43.344    97.8916     0.0288      7.817     2.9512     4.2175    128.581    131.800  0.000e+00
   54.93828 -130.96336     79.140     66.119     65.513     7.4764    32.0444  1025.3308    25.0278     7.4704     43.339    97.8916     0.0288      7.817     2.9509     4.2171    128.568    131.786  0.000e+00
   54.93828 -130.96336     78.986     66.063     65.457     7.4759    32.0445  1025.3306    25.0279     7.4699     43.335    97.8916     0.0288      7.817     2.9506     4.2167    128.556    131.773  0.000e+00
   54.93828 -130.96336     79.082     66.184     65.577     7.4758    32.0446  1025.3313    25.0280     7.4697     43.331    97.8916     0.0288      7.817     2.9504     4.2164    128.546    131.763  0.000e+00
   54.93828 -130.96336     79.018     66.119     65.513     7.4761    32.0447  1025.3310    25.0281     7.4700     43.270    97.8916     0.0288      7.817     2.9462     4.2104    128.364    131.577  0.000e+00
   54.93828 -130.96336     79.138     66.241     65.633     7.4761    32.0447  1025.3316    25.0281     7.4700     43.261    97.8077     0.0288      7.817     2.9456     4.2095    128.337    131.550  0.000e+00
   54.93828 -130.96336     79.089     66.241     65.633     7.4756    32.0442  1025.3313    25.0278     7.4695     43.309    97.7518     0.0288      7.817     2.9489     4.2142    128.481    131.696  0.000e+00
   54.93828 -130.96336     79.047     66.297     65.689     7.4750    32.0447  1025.3320    25.0282     7.4689     43.313    97.7518     0.0288      7.817     2.9492     4.2147    128.495    131.711  0.000e+00
   54.93828 -130.96336     78.975     66.249     65.641     7.4753    32.0444  1025.3315    25.0280     7.4692     43.261    97.7518     0.0288      7.817     2.9456     4.2095    128.338    131.550  0.000e+00
   54.93828 -130.96336     79.087     66.362     65.754     7.4756    32.0441  1025.3317    25.0277     7.4695     43.260    97.7518     0.0288      7.817     2.9455     4.2095    128.336    131.548  0.000e+00
   54.93828 -130.96336     79.111     66.362     65.754     7.4753    32.0445  1025.3320    25.0280     7.4692     43.260    97.7518     0.0288      7.817     2.9455     4.2095    128.336    131.548  0.000e+00
   54.93828 -130.96336     78.996     66.419     65.810     7.4754    32.0445  1025.3323    25.0280     7.4694     43.261    97.7518     0.0288      7.817     2.9456     4.2095    128.338    131.550  0.000e+00
   54.93828 -130.96336     78.899     66.419     65.810     7.4761    32.0442  1025.3320    25.0277     7.4700     43.256    97.7518     0.0288      7.817     2.9452     4.2090    128.321    131.532  0.000e+00
   54.93828 -130.96336     78.874     66.419     65.810     7.4767    32.0438  1025.3316    25.0273     7.4706     43.251    97.7518     0.0288      7.817     2.9448     4.2085    128.305    131.516  0.000e+00
   54.93828 -130.96336     79.027     66.548     65.938     7.4759    32.0434  1025.3320    25.0271     7.4698     43.248    97.7518     0.0288      7.817     2.9447     4.2082    128.298    131.509  0.000e+00
   54.93828 -130.96336     78.938     66.483     65.874     7.4745    32.0435  1025.3319    25.0273     7.4684     43.244    97.7518     0.0288      7.817     2.9445     4.2080    128.291    131.502  0.000e+00
   54.93828 -130.96336     78.865     66.483     65.874     7.4729    32.0444  1025.3329    25.0283     7.4668     43.178    97.7518     0.0288      7.817     2.9401     4.2017    128.098    131.304  0.000e+00
   54.93828 -130.96336     78.992     66.661     66.050     7.4717    32.0451  1025.3344    25.0290     7.4656     43.170    97.7518     0.0288      7.817     2.9396     4.2010    128.078    131.284  0.000e+00
   54.93828 -130.96336     78.928     66.596     65.986     7.4711    32.0451  1025.3342    25.0290     7.4650     43.161    97.7518     0.0288      7.817     2.9391     4.2003    128.055    131.260  0.000e+00
   54.93828 -130.96336     78.992     66.661     66.050     7.4706    32.0452  1025.3346    25.0292     7.4645     43.155    97.7518     0.0288      7.817     2.9387     4.1996    128.036    131.241  0.000e+00
   54.93828 -130.96336     79.032     66.726     66.114     7.4700    32.0456  1025.3353    25.0296     7.4639     43.149    97.7518     0.0288      7.817     2.9383     4.1991    128.019    131.224  0.000e+00
   54.93828 -130.96336     79.007     66.774     66.162     7.4706    32.0450  1025.3350    25.0291     7.4645     43.143    97.7518     0.0288      7.817     2.9379     4.1985    128.002    131.206  0.000e+00
   54.93828 -130.96336     79.103     66.895     66.282     7.4707    32.0450  1025.3356    25.0291     7.4646     43.139    97.7518     0.0288      7.817     2.9376     4.1981    127.989    131.192  0.000e+00
   54.93828 -130.96336     79.047     66.839     66.226     7.4703    32.0456  1025.3358    25.0296     7.4642     43.134    97.7518     0.0288      7.817     2.9373     4.1977    127.976    131.180  0.000e+00
   54.93828 -130.96336     79.047     66.839     66.226     7.4707    32.0459  1025.3360    25.0298     7.4646     43.137    97.7518     0.0288      7.817     2.9375     4.1979    127.984    131.187  0.000e+00
   54.93828 -130.96336     78.966     66.782     66.170     7.4732    32.0456  1025.3352    25.0292     7.4671     43.141    97.5839     0.0288      7.817     2.9376     4.1981    127.988    131.191  0.000e+00
   54.93828 -130.96336     78.829     66.718     66.106     7.4756    32.0454  1025.3344    25.0287     7.4695     43.146    97.4441     0.0288      7.817     2.9377     4.1983    127.995    131.198  0.000e+00
   54.93828 -130.96336     78.773     66.661     66.050     7.4776    32.0446  1025.3332    25.0278     7.4714     43.151    97.3882     0.0288      7.817     2.9380     4.1987    128.007    131.211  0.000e+00
   54.93828 -130.96336     78.773     66.661     66.050     7.4784    32.0442  1025.3328    25.0274     7.4723     43.152    97.4161     0.0288      7.817     2.9380     4.1987    128.007    131.210  0.000e+00
   54.93828 -130.96336     78.709     66.596     65.986     7.4783    32.0442  1025.3325    25.0273     7.4722     43.153    97.4161     0.0288      7.817     2.9381     4.1988    128.011    131.214  0.000e+00
   54.93828 -130.96336     78.724     66.661     66.050     7.4779    32.0433  1025.3321    25.0267     7.4718     43.156    97.4161     0.0288      7.817     2.9383     4.1991    128.021    131.225  0.000e+00
   54.93828 -130.96336     78.643     66.604     65.994     7.4764    32.0438  1025.3324    25.0273     7.4703     43.159    97.4161     0.0288      7.817     2.9386     4.1995    128.033    131.238  0.000e+00
   54.93828 -130.96336     78.611     66.596     65.986     7.4758    32.0442  1025.3328    25.0277     7.4697     43.156    97.4161     0.0288      7.817     2.9385     4.1993    128.027    131.231  0.000e+00
   54.93828 -130.96336     78.611     66.596     65.986     7.4763    32.0445  1025.3330    25.0279     7.4702     43.104    97.4161     0.0288      7.817     2.9349     4.1942    127.870    131.071  0.000e+00
   54.93828 -130.96336     78.675     66.661     66.050     7.4774    32.0448  1025.3334    25.0280     7.4713     43.097    97.4161     0.0288      7.817     2.9343     4.1934    127.846    131.046  0.000e+00
   54.93828 -130.96336     78.650     66.661     66.050     7.4792    32.0441  1025.3326    25.0272     7.4731     43.090    97.4161     0.0288      7.817     2.9337     4.1926    127.822    131.021  0.000e+00
   54.93828 -130.96336     78.626     66.661     66.050     7.4798    32.0439  1025.3323    25.0269     7.4737     43.091    97.4161     0.0288      7.817     2.9337     4.1926    127.822    131.021  0.000e+00
   54.93828 -130.96336     78.634     66.669     66.058     7.4802    32.0439  1025.3323    25.0269     7.4741     43.093    97.4161     0.0288      7.817     2.9338     4.1928    127.827    131.026  0.000e+00
   54.93828 -130.96336     78.682     66.718     66.106     7.4811    32.0431  1025.3318    25.0262     7.4750     43.039    97.4161     0.0288      7.817     2.9302     4.1875    127.666    130.861  0.000e+00
   54.93828 -130.96336     78.626     66.661     66.050     7.4812    32.0433  1025.3317    25.0263     7.4750     43.030    97.4161     0.0288      7.817     2.9295     4.1866    127.639    130.833  0.000e+00
   54.93828 -130.96336     78.602     66.661     66.050     7.4812    32.0438  1025.3321    25.0267     7.4751     42.966    97.4161     0.0288      7.817     2.9252     4.1803    127.448    130.637  0.000e+00
   54.93828 -130.96336     78.577     66.661     66.050     7.4813    32.0439  1025.3322    25.0268     7.4752     42.954    97.4161     0.0288      7.817     2.9243     4.1791    127.410    130.599  0.000e+00
   54.93828 -130.96336     78.585     66.669     66.058     7.4822    32.0433  1025.3316    25.0261     7.4761     42.943    97.4161     0.0288      7.817     2.9235     4.1780    127.375    130.563  0.000e+00
   54.93828 -130.96336     78.577     66.661     66.050     7.4821    32.0437  1025.3319    25.0265     7.4760     42.933    97.4161     0.0288      7.817     2.9228     4.1770    127.346    130.533  0.000e+00
   54.93828 -130.96336     78.513     66.596     65.986     7.4824    32.0427  1025.3307    25.0256     7.4762     42.924    97.4161     0.0288      7.817     2.9222     4.1761    127.319    130.506  0.000e+00
   54.93828 -130.96336     78.513     66.596     65.986     7.4818    32.0431  1025.3311    25.0260     7.4757     42.917    97.1085     0.0288      7.817     2.9217     4.1755    127.299    130.485  0.000e+00
   54.93828 -130.96336     78.553     66.661     66.050     7.4810    32.0432  1025.3316    25.0262     7.4748     42.911    96.5491     0.0288      7.817     2.9214     4.1750    127.285    130.471  0.000e+00
   54.93828 -130.96336     78.489     66.596     65.986     7.4800    32.0433  1025.3316    25.0264     7.4739     42.906    96.3813     0.0288      7.817     2.9211     4.1746    127.273    130.458  0.000e+00
   54.93828 -130.96336     78.497     66.604     65.994     7.4795    32.0439  1025.3321    25.0270     7.4734     42.903    96.4092     0.0288      7.817     2.9209     4.1743    127.264    130.449  0.000e+00
   54.93828 -130.96336     78.489     66.596     65.986     7.4803    32.0432  1025.3315    25.0264     7.4742     42.901    96.4372     0.0288      7.817     2.9208     4.1740    127.256    130.441  0.000e+00
   54.93828 -130.96336     78.528     66.661     66.050     7.4801    32.0439  1025.3323    25.0269     7.4740     42.843    96.4372     0.0288      7.817     2.9169     4.1685    127.087    130.267  0.000e+00
   54.93828 -130.96336     78.464     66.596     65.986     7.4808    32.0436  1025.3317    25.0266     7.4747     42.838    96.4372     0.0288      7.817     2.9164     4.1679    127.068    130.248  0.000e+00
   54.93828 -130.96336     78.528     66.661     66.050     7.4813    32.0435  1025.3318    25.0264     7.4752     42.891    96.4372     0.0288      7.817     2.9200     4.1730    127.224    130.408  0.000e+00
   54.93828 -130.96336     78.464     66.596     65.986     7.4824    32.0434  1025.3313    25.0262     7.4762     42.887    96.4372     0.0288      7.817     2.9197     4.1726    127.211    130.395  0.000e+00
   54.93828 -130.96336     78.472     66.604     65.994     7.4824    32.0431  1025.3311    25.0259     7.4763     42.886    96.4372     0.0288      7.817     2.9196     4.1724    127.206    130.389  0.000e+00
   54.93828 -130.96336     78.440     66.596     65.986     7.4821    32.0430  1025.3310    25.0259     7.4760     42.891    96.4372     0.0288      7.817     2.9200     4.1730    127.224    130.408  0.000e+00
   54.93828 -130.96336     78.440     66.596     65.986     7.4818    32.0434  1025.3314    25.0263     7.4757     42.842    96.4372     0.0288      7.817     2.9166     4.1682    127.077    130.257  0.000e+00
   54.93828 -130.96336     78.384     66.540     65.929     7.4816    32.0435  1025.3312    25.0264     7.4755     42.837    96.4372     0.0288      7.817     2.9164     4.1678    127.064    130.244  0.000e+00
   54.93828 -130.96336     78.440     66.596     65.986     7.4812    32.0433  1025.3314    25.0262     7.4751     42.778    96.4372     0.0288      7.817     2.9124     4.1620    126.890    130.066  0.000e+00
   54.93828 -130.96336     78.392     66.548     65.937     7.4811    32.0434  1025.3313    25.0264     7.4750     42.714    96.4372     0.0288      7.817     2.9080     4.1558    126.699    129.870  0.000e+00
   54.93828 -130.96336     78.384     66.540     65.929     7.4810    32.0437  1025.3314    25.0266     7.4748     42.758    96.4372     0.0288      7.817     2.9110     4.1601    126.832    130.006  0.000e+00
   54.93828 -130.96336     78.384     66.540     65.929     7.4814    32.0434  1025.3312    25.0263     7.4753     42.754    96.4372     0.0288      7.817     2.9107     4.1597    126.818    129.992  0.000e+00
   54.93828 -130.96336     78.384     66.540     65.929     7.4814    32.0437  1025.3314    25.0266     7.4753     42.752    96.4372     0.0288      7.817     2.9105     4.1594    126.810    129.984  0.000e+00
   54.93828 -130.96336     78.384     66.540     65.929     7.4816    32.0435  1025.3312    25.0264     7.4755     42.750    96.4372     0.0288      7.817     2.9104     4.1593    126.807    129.980  0.000e+00
   54.93828 -130.96336     78.408     66.540     65.929     7.4810    32.0430  1025.3309    25.0261     7.4748     42.751    96.4372     0.0288      7.817     2.9105     4.1594    126.811    129.984  0.000e+00
   54.93828 -130.96336     78.416     66.548     65.937     7.4800    32.0433  1025.3314    25.0265     7.4739     42.803    96.3813     0.0288      7.817     2.9142     4.1646    126.969    130.146  0.000e+00
   54.93828 -130.96336     78.352     66.483     65.873     7.4795    32.0437  1025.3314    25.0268     7.4734     42.806    96.2414     0.0288      7.817     2.9144     4.1649    126.977    130.155  0.000e+00
   54.93828 -130.96336     78.408     66.540     65.929     7.4795    32.0437  1025.3317    25.0268     7.4734     42.753    96.1855     0.0288      7.817     2.9108     4.1598    126.822    129.996  0.000e+00
   54.93828 -130.96336     78.352     66.483     65.873     7.4795    32.0439  1025.3316    25.0270     7.4734     42.752    96.1855     0.0288      7.817     2.9107     4.1597    126.817    129.991  0.000e+00
   54.93828 -130.96336     78.376     66.483     65.873     7.4811    32.0433  1025.3309    25.0263     7.4750     42.696    96.1855     0.0288      7.817     2.9067     4.1540    126.646    129.815  0.000e+00
