EcoFOCI/data/1_SampleCollection/2022_GOA-OA_CruiseData/CTD_raw_BottleFile_RC0083/RC0083_107.cnv
* Sea-Bird SBE 9 Data File:
* FileName = C:\Data\RC0083ctd\RC0083_107.hex
* Software Version Seasave V 7.26.7.107
* Temperature SN = 2060
* Conductivity SN = 2881
* Number of Bytes Per Scan = 31
* Number of Voltage Words = 4
* Number of Scans Averaged by the Deck Unit = 1
* NMEA Latitude = 56 12.48 N
* NMEA Longitude = 132 46.22 W
* NMEA UTC (Time) = Aug 23 2022  05:23:20
* NMEA baud rate = 4800
** Ship: R/V Rachel Carson
** Cruise ID: RC0083
** Tech: McHugh/Nomura
** Chief Scientist: Cross
** Station: UCLS2
** Cast:  CTD107
# nquan = 19
# nvalues = 13884                                 
# units = specified
# name 0 = latitude: Latitude [deg]
# name 1 = longitude: Longitude [deg]
# name 2 = sfdSM: Seafloor depth [salt water, m]
# name 3 = prDM: Pressure, Digiquartz [db]
# name 4 = depSM: Depth [salt water, m]
# name 5 = t090C: Temperature [ITS-90, deg C]
# name 6 = sal00: Salinity, Practical [PSU]
# name 7 = density00: Density [density, kg/m^3]
# name 8 = sigma-é00: Density [sigma-theta, kg/m^3]
# name 9 = potemp090C: Potential Temperature [ITS-90, deg C]
# name 10 = sbeox0PS: Oxygen, SBE 43 [% saturation]
# name 11 = CStarTr0: Beam Transmission, WET Labs C-Star [%]
# name 12 = flECO-AFL: Fluorescence, WET Labs ECO-AFL/FL [mg/m^3]
# name 13 = ph: pH
# name 14 = sbeox0ML/L: Oxygen, SBE 43 [ml/l]
# name 15 = sbeox0Mg/L: Oxygen, SBE 43 [mg/l]
# name 16 = sbox0Mm/Kg: Oxygen, SBE 43 [umol/kg]
# name 17 = sbeox0Mm/L: Oxygen, SBE 43 [umol/l]
# name 18 = flag:  0.000e+00
# span 0 =   56.20804,   56.20856                 
# span 1 = -132.77100, -132.77036                 
# span 2 =      4.170,    209.179                 
# span 3 =      2.505,    192.007                 
# span 4 =      2.482,    190.168                 
# span 5 =     5.8347,    14.2101                 
# span 6 =    27.8627,    33.5452                 
# span 7 =  1020.6872,  1027.3092                 
# span 8 =    20.6742,    26.4255                 
# span 9 =     5.8189,    14.2097                 
# span 10 =     20.450,    113.363                
# span 11 =    19.1869,   103.0659                
# span 12 =    -0.0884,    13.9189                
# span 13 =      7.633,      8.420                
# span 14 =     1.4318,     6.8977                
# span 15 =     2.0461,     9.8574                
# span 16 =     62.297,    301.679                
# span 17 =     63.942,    308.050                
# span 18 = 0.0000e+00, 0.0000e+00                
# interval = seconds: 0.0416667
# start_time = Aug 23 2022 05:23:20 [NMEA time, header]
# bad_flag = -9.990e-29
*END*
[from data line 12343]
   56.20850 -132.77078    137.563     39.317     38.955     7.3116    31.5436  1024.8367    24.6562     7.3080     36.614    94.4514     0.2046      7.755     2.5106     3.5879    109.425    112.123  0.000e+00
   56.20850 -132.77078    137.588     39.317     38.955     7.3157    31.5367  1024.8307    24.6502     7.3122     36.623    94.4514     0.2046      7.755     2.5111     3.5886    109.449    112.147  0.000e+00
   56.20850 -132.77078    137.467     39.196     38.835     7.3185    31.5313  1024.8255    24.6456     7.3150     36.631    94.4514     0.2046      7.755     2.5116     3.5893    109.469    112.167  0.000e+00
   56.20850 -132.77078    137.459     39.212     38.851     7.3208    31.5261  1024.8213    24.6412     7.3173     36.632    94.4514     0.2046      7.760     2.5116     3.5893    109.470    112.167  0.000e+00
   56.20850 -132.77078    137.588     39.317     38.955     7.3232    31.5209  1024.8173    24.6368     7.3196     36.638    94.4514     0.2046      7.760     2.5119     3.5898    109.486    112.183  0.000e+00
   56.20850 -132.77078    137.291     39.018     38.659     7.3244    31.5176  1024.8131    24.6340     7.3210     36.641    94.4514     0.2046      7.755     2.5121     3.5901    109.494    112.191  0.000e+00
   56.20850 -132.77078    137.363     39.091     38.731     7.3271    31.5131  1024.8096    24.6302     7.3236     36.644    94.4514     0.2046      7.755     2.5123     3.5903    109.500    112.197  0.000e+00
   56.20850 -132.77078    137.355     39.083     38.723     7.3327    31.5061  1024.8033    24.6239     7.3292     36.645    94.4514     0.2046      7.755     2.5121     3.5901    109.496    112.192  0.000e+00
   56.20850 -132.77078    137.267     39.018     38.659     7.3395    31.4985  1024.7961    24.6170     7.3360     36.644    94.4514     0.2046      7.755     2.5118     3.5897    109.483    112.178  0.000e+00
   56.20850 -132.77078    137.355     39.083     38.723     7.3459    31.4912  1024.7898    24.6104     7.3424     36.643    94.4514     0.2046      7.755     2.5115     3.5892    109.470    112.164  0.000e+00
   56.20850 -132.77078    137.219     38.970     38.611     7.3539    31.4828  1024.7816    24.6027     7.3504     36.696    94.4514     0.2046      7.755     2.5148     3.5939    109.615    112.312  0.000e+00
   56.20850 -132.77078    137.291     39.018     38.659     7.3657    31.4706  1024.7706    24.5915     7.3622     36.705    94.4514     0.2046      7.759     2.5149     3.5940    109.620    112.316  0.000e+00
   56.20850 -132.77078    137.171     38.897     38.539     7.3817    31.4539  1024.7547    24.5762     7.3782     36.710    94.4514     0.2046      7.759     2.5146     3.5937    109.610    112.304  0.000e+00
   56.20850 -132.77078    137.067     38.792     38.435     7.3983    31.4347  1024.7369    24.5589     7.3948     36.715    94.4514     0.2046      7.755     2.5143     3.5932    109.597    112.289  0.000e+00
   56.20850 -132.77078    137.059     38.784     38.427     7.4126    31.4166  1024.7208    24.5428     7.4091     36.768    94.4794     0.2046      7.759     2.5175     3.5977    109.736    112.429  0.000e+00
   56.20850 -132.77078    137.059     38.784     38.427     7.4235    31.4010  1024.7070    24.5290     7.4200     36.714    94.5074     0.2046      7.759     2.5134     3.5918    109.559    112.246  0.000e+00
   56.20850 -132.77078    137.059     38.784     38.427     7.4370    31.3823  1024.6904    24.5125     7.4335     36.708    94.5074     0.2046      7.759     2.5125     3.5906    109.523    112.207  0.000e+00
   56.20850 -132.77078    137.011     38.736     38.379     7.4440    31.3701  1024.6797    24.5019     7.4405     36.707    94.5074     0.2046      7.759     2.5122     3.5902    109.513    112.196  0.000e+00
   56.20850 -132.77078    136.971     38.719     38.363     7.4485    31.3598  1024.6709    24.4932     7.4450     36.762    94.5074     0.2339      7.759     2.5159     3.5955    109.674    112.360  0.000e+00
   56.20850 -132.77078    137.059     38.784     38.427     7.4576    31.3459  1024.6591    24.4811     7.4541     36.765    94.5074     0.2339      7.754     2.5158     3.5953    109.671    112.356  0.000e+00
   56.20850 -132.77078    136.771     38.493     38.139     7.4686    31.3304  1024.6441    24.4675     7.4651     36.765    94.5074     0.2339      7.754     2.5154     3.5948    109.655    112.338  0.000e+00
   56.20850 -132.77078    136.875     38.598     38.243     7.4807    31.3145  1024.6304    24.4532     7.4772     36.821    94.5074     0.2339      7.754     2.5188     3.5996    109.805    112.490  0.000e+00
   56.20850 -132.77078    136.819     38.542     38.187     7.4884    31.3040  1024.6208    24.4440     7.4849     36.825    94.5074     0.2339      7.759     2.5188     3.5996    109.806    112.490  0.000e+00
   56.20850 -132.77078    136.819     38.542     38.187     7.4969    31.2926  1024.6107    24.4339     7.4934     36.827    94.5074     0.2339      7.759     2.5187     3.5994    109.801    112.483  0.000e+00
   56.20850 -132.77078    136.771     38.493     38.139     7.5057    31.2809  1024.6001    24.4235     7.5022     36.827    94.5074     0.2339      7.754     2.5184     3.5990    109.789    112.470  0.000e+00
   56.20850 -132.77078    136.763     38.485     38.131     7.5146    31.2694  1024.5898    24.4132     7.5111     36.832    94.5074     0.2339      7.759     2.5184     3.5990    109.790    112.471  0.000e+00
   56.20850 -132.77078    108.052     38.542     38.187     7.5208    31.2589  1024.5810    24.4041     7.5173     36.836    94.5074     0.2339      7.759     2.5185     3.5991    109.795    112.475  0.000e+00
   56.20850 -132.77078     76.758     38.307     37.955     7.5235    31.2510  1024.5733    24.3975     7.5200     36.775    94.5074     0.2339      7.754     2.5143     3.5931    109.612    112.286  0.000e+00
   56.20850 -132.77078     69.709     38.315     37.963     7.5222    31.2466  1024.5701    24.3943     7.5187     36.764    94.5074     0.2339      7.759     2.5136     3.5922    109.586    112.259  0.000e+00
   56.20850 -132.77078     71.051     38.364     38.011     7.5171    31.2466  1024.5710    24.3950     7.5136     36.808    94.5074     0.2339      7.759     2.5170     3.5970    109.731    112.407  0.000e+00
   56.20850 -132.77078     72.240     38.307     37.955     7.5149    31.2453  1024.5701    24.3943     7.5114     36.806    94.5074     0.2339      7.759     2.5170     3.5970    109.731    112.407  0.000e+00
   56.20850 -132.77078     72.461     38.259     37.907     7.5177    31.2410  1024.5661    24.3905     7.5142     36.852    94.5074     0.2339      7.759     2.5200     3.6013    109.864    112.543  0.000e+00
   56.20850 -132.77078     72.396     38.243     37.891     7.5215    31.2377  1024.5629    24.3874     7.5181     36.852    94.5074     0.2339      7.759     2.5198     3.6011    109.857    112.536  0.000e+00
   56.20850 -132.77078     72.411     38.307     37.955     7.5265    31.2331  1024.5588    24.3831     7.5231     36.857    94.5074     0.2339      7.759     2.5200     3.6013    109.863    112.542  0.000e+00
   56.20850 -132.77078     72.267     38.186     37.835     7.5318    31.2280  1024.5536    24.3784     7.5284     36.859    94.4794     0.2339      7.759     2.5199     3.6012    109.861    112.540  0.000e+00
   56.20850 -132.77078     72.099     38.016     37.666     7.5382    31.2217  1024.5470    24.3726     7.5347     36.860    94.4794     0.2339      7.759     2.5197     3.6009    109.853    112.530  0.000e+00
   56.20850 -132.77078     72.147     38.065     37.714     7.5442    31.2145  1024.5407    24.3661     7.5408     36.860    94.4514     0.2339      7.759     2.5195     3.6006    109.844    112.520  0.000e+00
   56.20850 -132.77078     72.147     38.065     37.714     7.5457    31.2112  1024.5379    24.3633     7.5423     36.915    94.4514     0.2339      7.759     2.5232     3.6059    110.007    112.687  0.000e+00
   56.20850 -132.77078     72.147     38.065     37.714     7.5457    31.2086  1024.5359    24.3612     7.5423     36.919    94.4514     0.3218      7.759     2.5235     3.6063    110.019    112.699  0.000e+00
   56.20850 -132.77078     72.099     38.017     37.666     7.5466    31.2051  1024.5328    24.3584     7.5431     36.920    94.4514     0.3511      7.754     2.5236     3.6065    110.024    112.704  0.000e+00
   56.20850 -132.77078     72.027     37.944     37.594     7.5486    31.2006  1024.5287    24.3546     7.5452     36.863    94.4514     0.3511      7.759     2.5196     3.6008    109.852    112.527  0.000e+00
   56.20850 -132.77078     72.147     38.065     37.714     7.5503    31.1977  1024.5267    24.3521     7.5468     36.912    94.4514     0.3511      7.759     2.5229     3.6055    109.995    112.674  0.000e+00
   56.20850 -132.77078     81.667     37.766     37.418     7.5480    31.1990  1024.5267    24.3534     7.5445     36.913    94.4514     0.3511      7.759     2.5231     3.6058    110.005    112.684  0.000e+00
   56.20850 -132.77078    121.576     37.895     37.546     7.5478    31.1981  1024.5266    24.3527     7.5444     36.859    94.4514     0.3511      7.759     2.5194     3.6005    109.844    112.519  0.000e+00
   56.20850 -132.77078    137.474     37.823     37.474     7.5573    31.1885  1024.5174    24.3439     7.5538     36.851    94.4514     0.3511      7.754     2.5186     3.5993    109.806    112.479  0.000e+00
   56.20850 -132.77078    137.418     37.766     37.418     7.5675    31.1779  1024.5074    24.3341     7.5641     36.843    94.4514     0.3511      7.759     2.5175     3.5978    109.763    112.434  0.000e+00
   56.20850 -132.77078    136.716     37.895     37.546     7.5750    31.1700  1024.5008    24.3269     7.5715     36.890    94.4514     0.3511      7.759     2.5205     3.6020    109.892    112.566  0.000e+00
   56.20850 -132.77078    135.833     37.645     37.298     7.5801    31.1648  1024.4948    24.3221     7.5767     36.884    94.4514     0.3511      7.759     2.5199     3.6012    109.866    112.538  0.000e+00
   56.20850 -132.77078    136.009     37.823     37.474     7.5830    31.1600  1024.4915    24.3180     7.5795     36.879    94.4514     0.3511      7.759     2.5195     3.6006    109.848    112.519  0.000e+00
   56.20850 -132.77078    135.794     37.532     37.186     7.5869    31.1537  1024.4847    24.3125     7.5835     36.877    94.4514     0.3511      7.759     2.5192     3.6001    109.836    112.506  0.000e+00
   56.20850 -132.77078    135.947     37.661     37.314     7.5913    31.1461  1024.4787    24.3059     7.5879     36.931    94.4514     0.3511      7.759     2.5228     3.6053    109.993    112.667  0.000e+00
   56.20850 -132.77078    135.931     37.645     37.298     7.5960    31.1379  1024.4715    24.2988     7.5925     36.933    94.4514     0.3511      7.759     2.5228     3.6053    109.994    112.667  0.000e+00
   56.20850 -132.77078    135.794     37.532     37.186     7.5987    31.1328  1024.4667    24.2945     7.5953     36.934    94.4514     0.3511      7.759     2.5227     3.6052    109.992    112.664  0.000e+00
   56.20850 -132.77078    135.794     37.532     37.186     7.5998    31.1287  1024.4632    24.2911     7.5964     36.933    94.4514     0.3511      7.759     2.5227     3.6051    109.991    112.662  0.000e+00
   56.20850 -132.77078    135.827     37.540     37.194     7.6016    31.1248  1024.4600    24.2878     7.5982     36.987    94.3116     0.3511      7.759     2.5263     3.6104    110.151    112.826  0.000e+00
   56.20850 -132.77078    135.755     37.467     37.122     7.6029    31.1214  1024.4568    24.2849     7.5994     36.989    94.0878     0.3511      7.759     2.5264     3.6105    110.156    112.831  0.000e+00
   56.20850 -132.77078    135.875     37.588     37.242     7.6016    31.1201  1024.4565    24.2841     7.5982     36.990    94.0039     0.3511      7.759     2.5266     3.6108    110.164    112.839  0.000e+00
   56.20850 -132.77078    135.579     37.289     36.946     7.5975    31.1220  1024.4572    24.2861     7.5941     36.988    94.0039     0.3511      7.759     2.5267     3.6109    110.165    112.841  0.000e+00
   56.20850 -132.77078    135.651     37.362     37.018     7.5938    31.1237  1024.4594    24.2880     7.5904     36.986    94.0319     0.2925      7.759     2.5267     3.6109    110.166    112.842  0.000e+00
   56.20850 -132.77078    135.610     37.346     37.002     7.5925    31.1231  1024.4590    24.2877     7.5891     36.987    94.0039     0.2632      7.759     2.5269     3.6112    110.175    112.851  0.000e+00
   56.20850 -132.77078    135.635     37.346     37.002     7.5906    31.1245  1024.4604    24.2890     7.5872     36.931    94.0319     0.2632      7.759     2.5231     3.6058    110.011    112.683  0.000e+00
   56.20850 -132.77078    135.579     37.289     36.946     7.5841    31.1298  1024.4652    24.2941     7.5807     36.980    94.0319     0.2632      7.759     2.5268     3.6110    110.170    112.846  0.000e+00
   56.20850 -132.77078    135.506     37.241     36.898     7.5780    31.1357  1024.4704    24.2996     7.5746     36.978    94.0319     0.2632      7.759     2.5269     3.6112    110.173    112.850  0.000e+00
   56.20850 -132.77078    135.523     37.233     36.890     7.5777    31.1366  1024.4711    24.3003     7.5743     36.980    94.0319     0.2632      7.759     2.5270     3.6114    110.179    112.856  0.000e+00
   56.20850 -132.77078    135.459     37.168     36.826     7.5816    31.1335  1024.4678    24.2973     7.5782     36.974    94.0319     0.2632      7.759     2.5264     3.6105    110.153    112.830  0.000e+00
   56.20850 -132.77078    135.459     37.168     36.826     7.5902    31.1268  1024.4614    24.2909     7.5868     36.966    94.0319     0.2632      7.759     2.5255     3.6092    110.113    112.788  0.000e+00
   56.20850 -132.77078    135.354     37.063     36.722     7.6010    31.1187  1024.4531    24.2831     7.5976     36.955    94.0319     0.2632      7.759     2.5243     3.6075    110.062    112.735  0.000e+00
   56.20850 -132.77078    135.338     37.047     36.706     7.6081    31.1121  1024.4468    24.2769     7.6047     36.951    94.0319     0.2632      7.759     2.5237     3.6066    110.036    112.707  0.000e+00
   56.20850 -132.77078    135.402     37.112     36.770     7.6129    31.1068  1024.4423    24.2721     7.6095     37.002    94.0319     0.2632      7.759     2.5270     3.6113    110.181    112.855  0.000e+00
   56.20850 -132.77078    135.282     36.990     36.650     7.6155    31.1021  1024.4378    24.2681     7.6121     36.944    94.0319     0.2632      7.759     2.5230     3.6056    110.006    112.676  0.000e+00
   56.20850 -132.77078    135.354     37.063     36.722     7.6174    31.0975  1024.4342    24.2642     7.6141     36.999    94.0319     0.2632      7.759     2.5267     3.6109    110.169    112.842  0.000e+00
   56.20850 -132.77078    135.282     36.991     36.650     7.6202    31.0920  1024.4291    24.2594     7.6168     36.946    94.0319     0.2632      7.759     2.5230     3.6056    110.006    112.675  0.000e+00
   56.20850 -132.77078    135.106     36.813     36.474     7.6227    31.0870  1024.4241    24.2552     7.6194     36.997    94.0319     0.2632      7.759     2.5264     3.6105    110.157    112.829  0.000e+00
   56.20850 -132.77078    135.162     36.869     36.530     7.6238    31.0830  1024.4210    24.2519     7.6205     36.998    94.0319     0.2632      7.764     2.5265     3.6106    110.161    112.833  0.000e+00
   56.20850 -132.77078    135.178     36.885     36.546     7.6246    31.0792  1024.4180    24.2488     7.6212     36.998    93.9759     0.2632      7.764     2.5265     3.6106    110.162    112.833  0.000e+00
   56.20850 -132.77078    135.026     36.756     36.418     7.6259    31.0754  1024.4143    24.2456     7.6225     36.996    93.7522     0.2632      7.764     2.5263     3.6104    110.155    112.825  0.000e+00
