EcoFOCI/data/1_SampleCollection/2022_GOA-OA_CruiseData/CTD_raw_BottleFile_RC0083/RC0083_031.ros
* Sea-Bird SBE 9 Data File:
* FileName = C:\Data\RC0083ctd\RC0083_031.hex
* Software Version Seasave V 7.26.7.107
* Temperature SN = 2060
* Conductivity SN = 1084
* Number of Bytes Per Scan = 31
* Number of Voltage Words = 4
* Number of Scans Averaged by the Deck Unit = 1
* NMEA Latitude = 58 35.53 N
* NMEA Longitude = 135 04.67 W
* NMEA UTC (Time) = Aug 18 2022  02:27:57
* NMEA baud rate = 4800
** Ship: R/V Rachel Carson
** Cruise ID: RC0083
** Tech: McHugh/Nomura
** Chief Scientist: Cross
** Station: JH2
** Cast:  CTD031
# nquan = 21
# nvalues = 196                                   
# units = specified
# name 0 = latitude: Latitude [deg]
# name 1 = longitude: Longitude [deg]
# name 2 = sfdSM: Seafloor depth [salt water, m]
# name 3 = prDM: Pressure, Digiquartz [db]
# name 4 = depSM: Depth [salt water, m]
# name 5 = t090C: Temperature [ITS-90, deg C]
# name 6 = sal00: Salinity, Practical [PSU]
# name 7 = density00: Density [density, kg/m^3]
# name 8 = sigma-é00: Density [sigma-theta, kg/m^3]
# name 9 = potemp090C: Potential Temperature [ITS-90, deg C]
# name 10 = sbeox0PS: Oxygen, SBE 43 [% saturation]
# name 11 = CStarTr0: Beam Transmission, WET Labs C-Star [%]
# name 12 = flECO-AFL: Fluorescence, WET Labs ECO-AFL/FL [mg/m^3]
# name 13 = ph: pH
# name 14 = sbeox0ML/L: Oxygen, SBE 43 [ml/l]
# name 15 = sbeox0Mg/L: Oxygen, SBE 43 [mg/l]
# name 16 = sbox0Mm/Kg: Oxygen, SBE 43 [umol/kg]
# name 17 = sbeox0Mm/L: Oxygen, SBE 43 [umol/l]
# name 18 = scan: Scan Count
# name 19 = nbf: Bottles Fired
# name 20 = flag:  0.000e+00
# interval = seconds: 0.0416667
# start_time = Aug 18 2022 02:27:57 [NMEA time, header]
# bad_flag = -9.990e-29
*END*
[from data line 138]
   58.59652 -135.07706    149.469     51.321     50.837     6.9434    31.1155  1024.6043    24.3681     6.9390     66.245   100.9402     0.0288      7.919     4.5940     6.5653    200.287    205.167      26155          3  0.000e+00
   58.59654 -135.07706    149.461     51.313     50.829     6.9432    31.1160  1024.6047    24.3686     6.9387     66.240   100.9402     0.0288      7.919     4.5937     6.5648    200.273    205.153      26156          3  0.000e+00
   58.59654 -135.07706    149.405     51.256     50.773     6.9433    31.1158  1024.6043    24.3684     6.9389     66.235   100.9402     0.0288      7.919     4.5933     6.5643    200.258    205.138      26157          3  0.000e+00
   58.59654 -135.07706    149.461     51.313     50.829     6.9436    31.1156  1024.6044    24.3682     6.9392     66.232   100.9402     0.0288      7.919     4.5930     6.5639    200.246    205.125      26158          3  0.000e+00
   58.59654 -135.07706    149.469     51.321     50.837     6.9439    31.1154  1024.6042    24.3680     6.9395     66.276   100.9402     0.0288      7.919     4.5961     6.5683    200.379    205.262      26159          3  0.000e+00
   58.59654 -135.07706    149.469     51.321     50.837     6.9438    31.1156  1024.6044    24.3681     6.9394     66.224   100.9402     0.0288      7.919     4.5925     6.5631    200.221    205.100      26160          3  0.000e+00
   58.59654 -135.07706    149.461     51.313     50.829     6.9439    31.1154  1024.6042    24.3680     6.9395     66.220   100.9682     0.0288      7.919     4.5922     6.5627    200.209    205.088      26161          3  0.000e+00
   58.59654 -135.07706    149.405     51.256     50.773     6.9438    31.1156  1024.6041    24.3682     6.9394     66.216   100.9682     0.0288      7.919     4.5919     6.5623    200.198    205.076      26162          3  0.000e+00
   58.59654 -135.07706    149.461     51.313     50.829     6.9439    31.1154  1024.6042    24.3680     6.9395     66.214   100.9682     0.0288      7.919     4.5918     6.5621    200.189    205.068      26163          3  0.000e+00
   58.59704 -135.07712    102.347      3.749      3.714    12.9166    16.5300  1012.1635    12.1463    12.9162    105.084    97.5000     1.0251      8.407     7.0027    10.0075    308.986    312.739      28515          4  0.000e+00
   58.59704 -135.07712    102.131      3.531      3.498    12.9171    16.5297  1012.1622    12.1460    12.9168    105.074    97.5000     1.0251      8.407     7.0019    10.0065    308.954    312.707      28516          4  0.000e+00
   58.59704 -135.07712    102.051      3.451      3.418    12.9173    16.5293  1012.1615    12.1457    12.9169    105.067    97.5000     1.0251      8.407     7.0014    10.0057    308.931    312.683      28517          4  0.000e+00
   58.59704 -135.07712    102.067      3.467      3.434    12.9177    16.5282  1012.1607    12.1448    12.9173    105.060    97.5000     1.0251      8.407     7.0010    10.0051    308.911    312.663      28518          4  0.000e+00
   58.59704 -135.07712    102.171      3.572      3.538    12.9183    16.5268  1012.1599    12.1436    12.9179    105.001    97.5000     1.0251      8.407     6.9970     9.9994    308.737    312.486      28519          4  0.000e+00
   58.59704 -135.07712    102.067      3.467      3.434    12.9183    16.5264  1012.1591    12.1433    12.9179    104.988    97.5000     1.0251      8.407     6.9961     9.9982    308.698    312.447      28520          4  0.000e+00
   58.59704 -135.07712    102.171      3.572      3.538    12.9185    16.5262  1012.1595    12.1431    12.9181    105.036    97.5000     1.0251      8.407     6.9993    10.0027    308.840    312.590      28521          4  0.000e+00
   58.59704 -135.07712    102.067      3.467      3.434    12.9185    16.5258  1012.1587    12.1428    12.9181    105.034    97.5000     1.0251      8.407     6.9992    10.0026    308.835    312.585      28522          4  0.000e+00
   58.59704 -135.07712    102.051      3.451      3.418    12.9188    16.5244  1012.1574    12.1416    12.9185    105.034    97.5000     1.0251      8.407     6.9992    10.0026    308.835    312.584      28523          4  0.000e+00
   58.59704 -135.07712    102.107      3.507      3.474    12.9193    16.5232  1012.1567    12.1406    12.9189    105.034    97.5000     0.9958      8.407     6.9992    10.0026    308.836    312.586      28524          4  0.000e+00
   58.59704 -135.07712    102.067      3.467      3.434    12.9194    16.5225  1012.1559    12.1401    12.9190    105.034    97.5280     1.0251      8.407     6.9992    10.0026    308.837    312.586      28525          4  0.000e+00
   58.59704 -135.07712    102.107      3.507      3.474    12.9198    16.5217  1012.1554    12.1394    12.9194    105.035    97.5560     1.0251      8.407     6.9993    10.0026    308.838    312.587      28526          4  0.000e+00
   58.59704 -135.07712    102.067      3.467      3.434    12.9200    16.5215  1012.1551    12.1392    12.9196    105.088    97.5560     1.0544      8.407     7.0028    10.0077    308.994    312.745      28527          4  0.000e+00
   58.59704 -135.07712    102.107      3.507      3.474    12.9201    16.5215  1012.1552    12.1392    12.9197    105.095    97.5560     1.0544      8.407     7.0032    10.0083    309.013    312.764      28528          4  0.000e+00
   58.59704 -135.07712    102.131      3.531      3.498    12.9201    16.5217  1012.1556    12.1394    12.9197    105.102    97.5560     1.0544      8.407     7.0036    10.0089    309.032    312.783      28529          4  0.000e+00
   58.59704 -135.07712    102.051      3.451      3.418    12.9198    16.5232  1012.1564    12.1406    12.9194    105.107    97.5560     1.0544      8.407     7.0040    10.0094    309.046    312.798      28530          4  0.000e+00
   58.59704 -135.07712    102.131      3.531      3.498    12.9192    16.5247  1012.1580    12.1418    12.9188    105.114    97.5560     1.0544      8.407     7.0045    10.0101    309.068    312.821      28531          4  0.000e+00
   58.59704 -135.07712    102.107      3.507      3.475    12.9194    16.5248  1012.1580    12.1419    12.9190    105.120    97.5560     1.0544      8.407     7.0049    10.0106    309.084    312.837      28532          4  0.000e+00
   58.59706 -135.07712    102.083      3.507      3.475    12.9195    16.5247  1012.1578    12.1418    12.9191    105.179    97.5560     1.0544      8.407     7.0088    10.0163    309.258    313.013      28533          4  0.000e+00
   58.59706 -135.07712    102.131      3.531      3.499    12.9197    16.5246  1012.1578    12.1416    12.9193    105.191    97.5560     1.0544      8.407     7.0096    10.0174    309.291    313.047      28534          4  0.000e+00
   58.59706 -135.07712    102.107      3.507      3.475    12.9193    16.5247  1012.1579    12.1418    12.9189    105.202    97.5560     1.0544      8.407     7.0103    10.0185    309.326    313.082      28535          4  0.000e+00
   58.59706 -135.07712    102.131      3.531      3.499    12.9188    16.5263  1012.1593    12.1431    12.9184    105.213    97.5560     1.0544      8.407     7.0111    10.0196    309.359    313.115      28536          4  0.000e+00
   58.59706 -135.07712    102.171      3.572      3.539    12.9183    16.5292  1012.1618    12.1454    12.9179    105.225    97.5560     1.0544      8.407     7.0118    10.0206    309.389    313.147      28537          4  0.000e+00
   58.59706 -135.07712    102.131      3.532      3.499    12.9171    16.5347  1012.1661    12.1499    12.9168    105.235    97.5560     1.0544      8.407     7.0124    10.0214    309.415    313.174      28538          4  0.000e+00
   58.59706 -135.07712    102.171      3.572      3.539    12.9158    16.5402  1012.1706    12.1543    12.9155    105.246    97.5560     1.0544      8.407     7.0131    10.0224    309.444    313.205      28539          4  0.000e+00
   58.59706 -135.07712    102.187      3.588      3.555    12.9151    16.5430  1012.1730    12.1566    12.9147    105.256    97.5560     1.0544      8.407     7.0138    10.0234    309.473    313.235      28540          4  0.000e+00
   58.59706 -135.07712    102.171      3.572      3.539    12.9144    16.5459  1012.1753    12.1589    12.9140    105.266    97.5560     1.0544      8.407     7.0144    10.0243    309.500    313.263      28541          4  0.000e+00
   58.59706 -135.07712    102.147      3.572      3.539    12.9131    16.5501  1012.1788    12.1624    12.9127    105.329    97.5560     1.0544      8.407     7.0186    10.0303    309.684    313.451      28542          4  0.000e+00
   58.59706 -135.07712    102.187      3.588      3.555    12.9120    16.5550  1012.1828    12.1663    12.9116    105.344    97.5560     1.0544      8.407     7.0196    10.0316    309.725    313.493      28543          4  0.000e+00
   58.59706 -135.07712    102.171      3.572      3.539    12.9096    16.5677  1012.1929    12.1765    12.9092    105.358    97.5560     1.0544      8.408     7.0203    10.0327    309.755    313.527      28544          4  0.000e+00
   58.59706 -135.07712    102.251      3.653      3.619    12.9034    16.5867  1012.2089    12.1922    12.9030    105.373    97.5839     1.0544      8.408     7.0214    10.0343    309.800    313.577      28545          4  0.000e+00
   58.59706 -135.07712    102.171      3.572      3.539    12.8990    16.5944  1012.2152    12.1988    12.8986    105.386    97.6119     1.0251      8.408     7.0226    10.0360    309.849    313.629      28546          4  0.000e+00
   58.59706 -135.07712    102.251      3.653      3.619    12.8997    16.5873  1012.2100    12.1933    12.8992    105.400    97.6399     1.0251      8.408     7.0237    10.0376    309.901    313.680      28547          4  0.000e+00
   58.59706 -135.07712    102.227      3.629      3.595    12.9036    16.5754  1012.2000    12.1834    12.9032    105.411    97.6399     1.0251      8.408     7.0244    10.0386    309.936    313.712      28548          4  0.000e+00
   58.59706 -135.07712    102.131      3.532      3.499    12.9064    16.5666  1012.1923    12.1762    12.9060    105.416    97.6119     1.0251      8.408     7.0247    10.0390    309.950    313.724      28549          4  0.000e+00
   58.59706 -135.07712    102.347      3.750      3.715    12.9089    16.5609  1012.1886    12.1714    12.9085    105.430    97.6119     1.0251      8.408     7.0255    10.0402    309.987    313.760      28550          4  0.000e+00
   58.59706 -135.07712    102.227      3.629      3.595    12.9103    16.5567  1012.1845    12.1679    12.9099    105.439    97.6119     1.0251      8.408     7.0261    10.0410    310.013    313.785      28551          4  0.000e+00
   58.59706 -135.07712    102.251      3.653      3.619    12.9112    16.5536  1012.1821    12.1654    12.9108    105.450    97.6119     1.0251      8.408     7.0268    10.0420    310.045    313.816      28552          4  0.000e+00
   58.59706 -135.07712    102.283      3.685      3.651    12.9117    16.5539  1012.1824    12.1655    12.9113    105.454    97.6119     1.0251      8.407     7.0270    10.0423    310.054    313.826      28553          4  0.000e+00
   58.59706 -135.07712    102.251      3.653      3.619    12.9088    16.5619  1012.1889    12.1722    12.9084    105.457    97.6119     1.0251      8.408     7.0273    10.0427    310.066    313.840      28554          4  0.000e+00
   58.59706 -135.07712    102.283      3.685      3.651    12.9055    16.5738  1012.1988    12.1819    12.9051    105.461    97.6119     1.0251      8.408     7.0275    10.0430    310.072    313.849      28555          4  0.000e+00
   58.59706 -135.07712    102.251      3.653      3.619    12.9030    16.5804  1012.2041    12.1874    12.9026    105.463    97.6119     1.0251      8.408     7.0277    10.0433    310.079    313.858      28556          4  0.000e+00
   58.59706 -135.07712    102.283      3.685      3.651    12.9034    16.5798  1012.2037    12.1869    12.9030    105.464    97.6399     1.0251      8.408     7.0278    10.0435    310.083    313.862      28557          4  0.000e+00
   58.59706 -135.07712    102.283      3.685      3.651    12.9049    16.5769  1012.2012    12.1844    12.9044    105.465    97.6119     1.0251      8.408     7.0278    10.0434    310.081    313.860      28558          4  0.000e+00
   58.59706 -135.07712    102.251      3.653      3.619    12.9050    16.5758  1012.2002    12.1835    12.9046    105.465    97.6119     1.0251      8.408     7.0278    10.0434    310.082    313.860      28559          4  0.000e+00
   58.59706 -135.07712    102.283      3.685      3.651    12.9042    16.5769  1012.2013    12.1845    12.9038    105.464    97.6119     1.0251      8.408     7.0278    10.0434    310.084    313.862      28560          4  0.000e+00
   58.59706 -135.07712    102.307      3.709      3.675    12.9042    16.5781  1012.2024    12.1854    12.9038    105.463    97.6119     1.0251      8.408     7.0277    10.0433    310.078    313.857      28561          4  0.000e+00
   58.59706 -135.07712    102.283      3.685      3.651    12.9034    16.5812  1012.2048    12.1880    12.9030    105.461    97.6119     1.0251      8.408     7.0275    10.0430    310.070    313.849      28562          4  0.000e+00
   58.59706 -135.07712    102.251      3.653      3.619    12.9004    16.5904  1012.2122    12.1955    12.9000    105.452    97.6119     1.0251      8.408     7.0270    10.0423    310.045    313.826      28563          4  0.000e+00
