EcoFOCI/data/1_SampleCollection/2022_GOA-OA_CruiseData/CTD_raw_BottleFile_RC0083/RC0083_029.cnv
* Sea-Bird SBE 9 Data File:
* FileName = C:\Data\RC0083ctd\RC0083_029.hex
* Software Version Seasave V 7.26.7.107
* Temperature SN = 2060
* Conductivity SN = 1084
* Number of Bytes Per Scan = 31
* Number of Voltage Words = 4
* Number of Scans Averaged by the Deck Unit = 1
* NMEA Latitude = 58 37.53 N
* NMEA Longitude = 134 57.12 W
* NMEA UTC (Time) = Aug 18 2022  01:04:29
* NMEA baud rate = 4800
** Ship: R/V Rachel Carson
** Cruise ID: RC0083
** Tech: McHugh/Nomura
** Chief Scientist: Cross
** Station: JH1
** Cast:  CTD029
# nquan = 19
# nvalues = 9661                                  
# units = specified
# name 0 = latitude: Latitude [deg]
# name 1 = longitude: Longitude [deg]
# name 2 = sfdSM: Seafloor depth [salt water, m]
# name 3 = prDM: Pressure, Digiquartz [db]
# name 4 = depSM: Depth [salt water, m]
# name 5 = t090C: Temperature [ITS-90, deg C]
# name 6 = sal00: Salinity, Practical [PSU]
# name 7 = density00: Density [density, kg/m^3]
# name 8 = sigma-é00: Density [sigma-theta, kg/m^3]
# name 9 = potemp090C: Potential Temperature [ITS-90, deg C]
# name 10 = sbeox0PS: Oxygen, SBE 43 [% saturation]
# name 11 = CStarTr0: Beam Transmission, WET Labs C-Star [%]
# name 12 = flECO-AFL: Fluorescence, WET Labs ECO-AFL/FL [mg/m^3]
# name 13 = ph: pH
# name 14 = sbeox0ML/L: Oxygen, SBE 43 [ml/l]
# name 15 = sbeox0Mg/L: Oxygen, SBE 43 [mg/l]
# name 16 = sbox0Mm/Kg: Oxygen, SBE 43 [umol/kg]
# name 17 = sbeox0Mm/L: Oxygen, SBE 43 [umol/l]
# name 18 = flag:  0.000e+00
# span 0 =   58.62556,   58.62602                 
# span 1 = -134.95206, -134.95186                 
# span 2 =      5.562,    103.329                 
# span 3 =      3.146,     51.446                 
# span 4 =      3.116,     50.960                 
# span 5 =     7.7705,    12.9186                 
# span 6 =    14.6751,    30.7015                 
# span 7 =  1010.7441,  1024.1676                 
# span 8 =    10.7288,    23.9325                 
# span 9 =     7.7658,    12.9182                 
# span 10 =     70.792,    106.756                
# span 11 =    31.9967,   100.1291                
# span 12 =     0.1167,     2.6075                
# span 13 =      7.954,      8.403                
# span 14 =     4.8279,     7.1277                
# span 15 =     6.8996,    10.1861                
# span 16 =    210.580,    314.556                
# span 17 =    215.616,    318.321                
# span 18 = 0.0000e+00, 0.0000e+00                
# interval = seconds: 0.0416667
# start_time = Aug 18 2022 01:04:29 [NMEA time, header]
# bad_flag = -9.990e-29
*END*
[from data line 5258]
   58.62576 -134.95186     60.181     36.150     35.810     8.1376    30.4885  1023.8796    23.7140     8.1342     73.210    99.3460     0.2046      7.982     4.9604     7.0889    216.399    221.531  0.000e+00
   58.62576 -134.95186     60.278     36.150     35.810     8.1427    30.4866  1023.8773    23.7118     8.1393     73.159    99.3460     0.2046      7.982     4.9564     7.0832    216.225    221.352  0.000e+00
   58.62576 -134.95186     60.287     36.109     35.770     8.1561    30.4800  1023.8701    23.7047     8.1527     73.145    99.3180     0.2046      7.982     4.9542     7.0800    216.130    221.254  0.000e+00
   58.62576 -134.95186     60.240     36.036     35.697     8.1710    30.4715  1023.8610    23.6960     8.1676     73.192    99.3460     0.2046      7.982     4.9559     7.0825    216.209    221.332  0.000e+00
   58.62576 -134.95186     60.215     36.036     35.697     8.1819    30.4636  1023.8532    23.6882     8.1785     73.190    99.3460     0.2046      7.982     4.9548     7.0810    216.162    221.283  0.000e+00
   58.62576 -134.95186     60.120     35.915     35.577     8.1802    30.4643  1023.8535    23.6890     8.1768     73.187    99.3460     0.2046      7.982     4.9548     7.0809    216.161    221.282  0.000e+00
   58.62576 -134.95186     60.394     36.044     35.705     8.1782    30.4651  1023.8550    23.6899     8.1748     73.185    99.3460     0.2046      7.982     4.9549     7.0810    216.163    221.284  0.000e+00
   58.62576 -134.95186     60.315     35.915     35.577     8.1829    30.4626  1023.8518    23.6873     8.1795     73.177    99.3460     0.2046      7.982     4.9539     7.0796    216.122    221.241  0.000e+00
   58.62576 -134.95186     60.195     35.794     35.457     8.1920    30.4571  1023.8456    23.6817     8.1886     73.223    99.3460     0.2046      7.982     4.9561     7.0828    216.220    221.340  0.000e+00
   58.62576 -134.95186     60.195     35.794     35.457     8.1996    30.4517  1023.8403    23.6764     8.1963     73.226    99.3460     0.2046      7.982     4.9557     7.0822    216.203    221.321  0.000e+00
   58.62576 -134.95186     60.219     35.794     35.457     8.2008    30.4516  1023.8400    23.6762     8.1974     73.284    99.3460     0.2046      7.982     4.9595     7.0876    216.369    221.491  0.000e+00
   58.62576 -134.95186     60.308     35.810     35.473     8.2067    30.4472  1023.8358    23.6719     8.2033     73.292    99.3460     0.2046      7.982     4.9595     7.0876    216.369    221.491  0.000e+00
   58.62576 -134.95186     60.437     35.915     35.577     8.2132    30.4435  1023.8325    23.6681     8.2098     73.298    99.3460     0.2046      7.982     4.9593     7.0873    216.361    221.482  0.000e+00
   58.62576 -134.95186     60.373     35.850     35.513     8.2202    30.4390  1023.8277    23.6636     8.2168     73.245    99.3460     0.2046      7.982     4.9551     7.0813    216.178    221.294  0.000e+00
   58.62576 -134.95186     60.373     35.850     35.513     8.2243    30.4365  1023.8252    23.6610     8.2209     73.240    99.3460     0.2046      7.982     4.9543     7.0802    216.146    221.261  0.000e+00
   58.62576 -134.95186     60.382     35.810     35.473     8.2259    30.4368  1023.8249    23.6610     8.2226     73.288    99.3740     0.2046      7.982     4.9574     7.0846    216.280    221.397  0.000e+00
   58.62576 -134.95186     60.383     35.737     35.401     8.2282    30.4357  1023.8234    23.6598     8.2248     73.285    99.4019     0.2046      7.982     4.9570     7.0841    216.264    221.380  0.000e+00
   58.62576 -134.95186     60.463     35.794     35.457     8.2273    30.4364  1023.8243    23.6605     8.2239     73.290    99.4019     0.2046      7.982     4.9574     7.0846    216.280    221.397  0.000e+00
   58.62576 -134.95186     60.407     35.737     35.401     8.2243    30.4382  1023.8259    23.6623     8.2209     73.292    99.4019     0.2046      7.982     4.9578     7.0852    216.298    221.416  0.000e+00
   58.62576 -134.95186     60.407     35.737     35.401     8.2220    30.4395  1023.8273    23.6637     8.2186     73.293    99.4299     0.2046      7.982     4.9581     7.0856    216.309    221.427  0.000e+00
   58.62576 -134.95186     60.352     35.632     35.297     8.2187    30.4416  1023.8289    23.6658     8.2153     73.346    99.4019     0.2046      7.982     4.9620     7.0912    216.478    221.602  0.000e+00
   58.62576 -134.95186     60.505     35.737     35.401     8.2143    30.4446  1023.8324    23.6688     8.2109     73.351    99.4019     0.2046      7.982     4.9627     7.0922    216.510    221.635  0.000e+00
   58.62576 -134.95186     60.465     35.673     35.337     8.2160    30.4440  1023.8314    23.6681     8.2126     73.351    99.4019     0.2046      7.982     4.9626     7.0920    216.505    221.629  0.000e+00
   58.62576 -134.95186     60.409     35.616     35.281     8.2184    30.4426  1023.8297    23.6667     8.2150     73.357    99.4019     0.2339      7.982     4.9627     7.0923    216.512    221.636  0.000e+00
   58.62576 -134.95186     60.409     35.616     35.281     8.2205    30.4414  1023.8284    23.6653     8.2171     73.355    99.4019     0.2339      7.982     4.9624     7.0917    216.496    221.619  0.000e+00
   58.62576 -134.95186     60.305     35.511     35.177     8.2220    30.4406  1023.8271    23.6645     8.2187     73.356    99.4019     0.2339      7.982     4.9623     7.0917    216.495    221.618  0.000e+00
   58.62576 -134.95186     60.345     35.551     35.217     8.2225    30.4400  1023.8267    23.6640     8.2191     73.358    99.4019     0.2339      7.982     4.9624     7.0918    216.498    221.621  0.000e+00
   58.62576 -134.95186     60.265     35.495     35.161     8.2226    30.4398  1023.8263    23.6639     8.2192     73.412    99.4019     0.2339      7.982     4.9661     7.0970    216.657    221.784  0.000e+00
   58.62576 -134.95186     60.233     35.438     35.105     8.2221    30.4402  1023.8264    23.6642     8.2187     73.416    99.4019     0.2339      7.982     4.9664     7.0974    216.670    221.798  0.000e+00
   58.62576 -134.95186     60.241     35.446     35.113     8.2206    30.4413  1023.8275    23.6652     8.2173     73.426    99.4019     0.2339      7.977     4.9672     7.0986    216.705    221.833  0.000e+00
   58.62576 -134.95186     60.233     35.438     35.105     8.2192    30.4419  1023.8282    23.6659     8.2158     73.426    99.4019     0.2339      7.982     4.9674     7.0988    216.713    221.842  0.000e+00
   58.62576 -134.95186     60.233     35.438     35.105     8.2187    30.4423  1023.8286    23.6663     8.2153     73.432    99.4019     0.2339      7.982     4.9678     7.0995    216.732    221.862  0.000e+00
   58.62576 -134.95186     60.233     35.438     35.105     8.2199    30.4419  1023.8281    23.6659     8.2165     73.429    99.4019     0.2339      7.982     4.9674     7.0990    216.717    221.846  0.000e+00
   58.62576 -134.95186     60.113     35.317     34.985     8.2171    30.4430  1023.8288    23.6671     8.2137     73.423    99.4019     0.2339      7.982     4.9673     7.0988    216.712    221.840  0.000e+00
   58.62576 -134.95186     60.065     35.268     34.937     8.2112    30.4462  1023.8319    23.6705     8.2079     73.478    99.4019     0.2339      7.982     4.9716     7.1050    216.899    222.033  0.000e+00
   58.62576 -134.95186     60.113     35.317     34.985     8.2075    30.4489  1023.8348    23.6731     8.2041     73.484    99.4019     0.2339      7.982     4.9724     7.1060    216.931    222.067  0.000e+00
   58.62576 -134.95186     60.033     35.260     34.929     8.2085    30.4489  1023.8343    23.6729     8.2052     73.487    99.3740     0.2339      7.982     4.9724     7.1061    216.933    222.068  0.000e+00
   58.62576 -134.95186     59.993     35.196     34.865     8.2102    30.4483  1023.8333    23.6722     8.2069     73.487    99.3740     0.2339      7.982     4.9722     7.1058    216.925    222.060  0.000e+00
   58.62576 -134.95186     58.787     35.260     34.929     8.2161    30.4453  1023.8305    23.6691     8.2128     73.485    99.3740     0.2339      7.982     4.9716     7.1049    216.897    222.030  0.000e+00
   58.62576 -134.95186     48.671     35.155     34.825     8.2244    30.4398  1023.8245    23.6636     8.2211     73.535    99.3740     0.2339      7.982     4.9742     7.1086    217.011    222.147  0.000e+00
   58.62576 -134.95186     43.682     35.074     34.745     8.2280    30.4373  1023.8217    23.6611     8.2246     73.480    99.3740     0.2339      7.982     4.9701     7.1028    216.835    221.966  0.000e+00
   58.62576 -134.95186     43.363     35.196     34.865     8.2257    30.4387  1023.8236    23.6625     8.2224     73.474    99.3740     0.2339      7.982     4.9699     7.1025    216.826    221.957  0.000e+00
   58.62576 -134.95186     43.658     35.074     34.745     8.2201    30.4419  1023.8264    23.6658     8.2168     73.526    99.3740     0.2339      7.982     4.9740     7.1084    217.004    222.140  0.000e+00
   58.62578 -134.95186     43.878     35.074     34.745     8.2155    30.4451  1023.8296    23.6690     8.2122     73.530    99.3740     0.2339      7.982     4.9747     7.1093    217.031    222.168  0.000e+00
   58.62578 -134.95186     43.838     35.034     34.705     8.2161    30.4451  1023.8293    23.6689     8.2128     73.530    99.3740     0.2339      7.982     4.9746     7.1092    217.029    222.165  0.000e+00
   58.62578 -134.95186     43.797     35.018     34.689     8.2246    30.4408  1023.8246    23.6643     8.2212     73.527    99.3740     0.2339      7.982     4.9736     7.1078    216.986    222.120  0.000e+00
   58.62578 -134.95186     43.741     34.961     34.632     8.2327    30.4360  1023.8195    23.6594     8.2294     73.522    99.3740     0.2339      7.982     4.9725     7.1061    216.938    222.070  0.000e+00
   58.62578 -134.95186     43.741     34.961     34.632     8.2372    30.4333  1023.8167    23.6567     8.2339     73.523    99.3740     0.2339      7.982     4.9721     7.1056    216.923    222.054  0.000e+00
   58.62578 -134.95186     43.693     34.913     34.584     8.2402    30.4319  1023.8149    23.6551     8.2369     73.522    99.3740     0.2339      7.982     4.9718     7.1051    216.908    222.039  0.000e+00
   58.62578 -134.95186     43.677     34.897     34.568     8.2448    30.4288  1023.8118    23.6520     8.2415     73.574    99.3740     0.2339      7.982     4.9749     7.1096    217.045    222.179  0.000e+00
   58.62578 -134.95186     43.677     34.896     34.568     8.2482    30.4264  1023.8094    23.6497     8.2449     73.570    99.3740     0.2339      7.982     4.9743     7.1087    217.019    222.151  0.000e+00
   58.62578 -134.95186     43.621     34.840     34.512     8.2482    30.4262  1023.8090    23.6495     8.2449     73.563    99.3740     0.2339      7.982     4.9738     7.1081    216.999    222.131  0.000e+00
   58.62578 -134.95186     43.621     34.840     34.512     8.2503    30.4241  1023.8071    23.6476     8.2470     73.561    99.3740     0.2339      7.982     4.9735     7.1077    216.987    222.118  0.000e+00
   58.62578 -134.95186     45.746     34.791     34.464     8.2490    30.4252  1023.8079    23.6486     8.2457     73.557    99.3740     0.2339      7.982     4.9734     7.1075    216.981    222.112  0.000e+00
   58.62578 -134.95186     49.875     34.719     34.392     8.2462    30.4271  1023.8094    23.6505     8.2430     73.551    99.3740     0.2339      7.982     4.9732     7.1073    216.974    222.105  0.000e+00
   58.62578 -134.95186     51.169     34.719     34.392     8.2435    30.4287  1023.8111    23.6522     8.2402     73.544    99.3740     0.2339      7.982     4.9730     7.1069    216.964    222.095  0.000e+00
   58.62578 -134.95186     51.096     34.719     34.392     8.2416    30.4302  1023.8125    23.6536     8.2383     73.535    99.4019     0.2339      7.982     4.9726     7.1063    216.943    222.075  0.000e+00
   58.62578 -134.95186     50.925     34.719     34.392     8.2412    30.4316  1023.8137    23.6547     8.2379     73.586    99.4299     0.2339      7.982     4.9760     7.1112    217.093    222.229  0.000e+00
   58.62578 -134.95186     50.700     34.541     34.216     8.2483    30.4293  1023.8101    23.6520     8.2451     73.529    99.4299     0.2339      7.982     4.9714     7.1046    216.893    222.023  0.000e+00
   58.62578 -134.95186     50.836     34.678     34.352     8.2629    30.4196  1023.8010    23.6423     8.2596     73.527    99.4299     0.2339      7.982     4.9699     7.1026    216.831    221.958  0.000e+00
   58.62578 -134.95186     50.780     34.597     34.272     8.2707    30.4141  1023.7952    23.6369     8.2674     73.522    99.4299     0.2339      7.982     4.9690     7.1011    216.790    221.914  0.000e+00
   58.62578 -134.95186     50.724     34.541     34.216     8.2720    30.4122  1023.7933    23.6352     8.2687     73.573    99.4299     0.2339      7.982     4.9723     7.1059    216.936    222.063  0.000e+00
   58.62578 -134.95186     50.724     34.541     34.216     8.2707    30.4133  1023.7943    23.6362     8.2674     73.568    99.4019     0.2339      7.982     4.9720     7.1055    216.924    222.051  0.000e+00
   58.62578 -134.95186     50.724     34.541     34.216     8.2721    30.4128  1023.7937    23.6356     8.2688     73.559    99.4019     0.2339      7.982     4.9713     7.1046    216.894    222.020  0.000e+00
   58.62578 -134.95186     50.676     34.492     34.168     8.2736    30.4125  1023.7930    23.6351     8.2703     73.556    99.4019     0.2632      7.982     4.9710     7.1040    216.878    222.004  0.000e+00
   58.62578 -134.95186     50.668     34.484     34.160     8.2763    30.4103  1023.7909    23.6331     8.2730     73.607    99.4299     0.2632      7.982     4.9741     7.1085    217.016    222.145  0.000e+00
   58.62578 -134.95186     50.604     34.420     34.096     8.2801    30.4074  1023.7877    23.6302     8.2769     73.606    99.4299     0.2632      7.982     4.9738     7.1080    217.000    222.128  0.000e+00
   58.62578 -134.95186     50.604     34.420     34.096     8.2778    30.4079  1023.7885    23.6310     8.2746     73.605    99.4299     0.2632      7.982     4.9739     7.1082    217.007    222.135  0.000e+00
   58.62578 -134.95186     55.407     34.363     34.040     8.2691    30.4141  1023.7943    23.6370     8.2658     73.602    99.4299     0.2632      7.982     4.9745     7.1091    217.033    222.163  0.000e+00
   58.62578 -134.95186     60.210     34.379     34.056     8.2682    30.4147  1023.7950    23.6376     8.2649     73.659    99.4299     0.2632      7.982     4.9785     7.1147    217.204    222.339  0.000e+00
   58.62578 -134.95186     61.219     34.363     34.040     8.2663    30.4162  1023.7964    23.6391     8.2630     73.666    99.4019     0.2632      7.982     4.9791     7.1156    217.231    222.367  0.000e+00
   58.62578 -134.95186     60.936     34.298     33.976     8.2624    30.4188  1023.7987    23.6417     8.2591     73.671    99.4019     0.2632      7.982     4.9798     7.1166    217.260    222.397  0.000e+00
   58.62578 -134.95186     60.684     34.242     33.920     8.2578    30.4211  1023.8009    23.6442     8.2545     73.674    99.4299     0.2632      7.982     4.9804     7.1175    217.287    222.425  0.000e+00
   58.62578 -134.95186     60.740     34.298     33.976     8.2527    30.4244  1023.8044    23.6474     8.2495     73.675    99.4299     0.2632      7.982     4.9810     7.1183    217.312    222.451  0.000e+00
   58.62578 -134.95186     60.669     34.201     33.880     8.2492    30.4265  1023.8062    23.6496     8.2459     73.674    99.4299     0.2632      7.982     4.9812     7.1186    217.321    222.460  0.000e+00
