EcoFOCI/data/1_SampleCollection/2022_GOA-OA_CruiseData/CTD_raw_BottleFile_RC0083/RC0083_029.cnv
* Sea-Bird SBE 9 Data File:
* FileName = C:\Data\RC0083ctd\RC0083_029.hex
* Software Version Seasave V 7.26.7.107
* Temperature SN = 2060
* Conductivity SN = 1084
* Number of Bytes Per Scan = 31
* Number of Voltage Words = 4
* Number of Scans Averaged by the Deck Unit = 1
* NMEA Latitude = 58 37.53 N
* NMEA Longitude = 134 57.12 W
* NMEA UTC (Time) = Aug 18 2022  01:04:29
* NMEA baud rate = 4800
** Ship: R/V Rachel Carson
** Cruise ID: RC0083
** Tech: McHugh/Nomura
** Chief Scientist: Cross
** Station: JH1
** Cast:  CTD029
# nquan = 19
# nvalues = 9661                                  
# units = specified
# name 0 = latitude: Latitude [deg]
# name 1 = longitude: Longitude [deg]
# name 2 = sfdSM: Seafloor depth [salt water, m]
# name 3 = prDM: Pressure, Digiquartz [db]
# name 4 = depSM: Depth [salt water, m]
# name 5 = t090C: Temperature [ITS-90, deg C]
# name 6 = sal00: Salinity, Practical [PSU]
# name 7 = density00: Density [density, kg/m^3]
# name 8 = sigma-é00: Density [sigma-theta, kg/m^3]
# name 9 = potemp090C: Potential Temperature [ITS-90, deg C]
# name 10 = sbeox0PS: Oxygen, SBE 43 [% saturation]
# name 11 = CStarTr0: Beam Transmission, WET Labs C-Star [%]
# name 12 = flECO-AFL: Fluorescence, WET Labs ECO-AFL/FL [mg/m^3]
# name 13 = ph: pH
# name 14 = sbeox0ML/L: Oxygen, SBE 43 [ml/l]
# name 15 = sbeox0Mg/L: Oxygen, SBE 43 [mg/l]
# name 16 = sbox0Mm/Kg: Oxygen, SBE 43 [umol/kg]
# name 17 = sbeox0Mm/L: Oxygen, SBE 43 [umol/l]
# name 18 = flag:  0.000e+00
# span 0 =   58.62556,   58.62602                 
# span 1 = -134.95206, -134.95186                 
# span 2 =      5.562,    103.329                 
# span 3 =      3.146,     51.446                 
# span 4 =      3.116,     50.960                 
# span 5 =     7.7705,    12.9186                 
# span 6 =    14.6751,    30.7015                 
# span 7 =  1010.7441,  1024.1676                 
# span 8 =    10.7288,    23.9325                 
# span 9 =     7.7658,    12.9182                 
# span 10 =     70.792,    106.756                
# span 11 =    31.9967,   100.1291                
# span 12 =     0.1167,     2.6075                
# span 13 =      7.954,      8.403                
# span 14 =     4.8279,     7.1277                
# span 15 =     6.8996,    10.1861                
# span 16 =    210.580,    314.556                
# span 17 =    215.616,    318.321                
# span 18 = 0.0000e+00, 0.0000e+00                
# interval = seconds: 0.0416667
# start_time = Aug 18 2022 01:04:29 [NMEA time, header]
# bad_flag = -9.990e-29
*END*
[from data line 6172]
   58.62582 -134.95188     60.585     25.168     24.932     8.6213    30.1990  1023.5328    23.4177     8.6189     76.713    99.2900     0.3218      8.019     5.1509     7.3612    224.776    230.040  0.000e+00
   58.62582 -134.95188     60.585     25.168     24.932     8.6206    30.1994  1023.5332    23.4181     8.6182     76.659    99.2900     0.3218      8.019     5.1474     7.3561    224.623    229.883  0.000e+00
   58.62582 -134.95188     60.585     25.168     24.932     8.6203    30.1999  1023.5336    23.4186     8.6178     76.654    99.2900     0.3218      8.019     5.1471     7.3557    224.609    229.869  0.000e+00
   58.62582 -134.95188     60.585     25.168     24.932     8.6201    30.1996  1023.5334    23.4184     8.6177     76.649    99.2900     0.3511      8.019     5.1468     7.3553    224.596    229.855  0.000e+00
   58.62582 -134.95188     60.585     25.168     24.932     8.6200    30.1998  1023.5336    23.4185     8.6176     76.645    99.2900     0.3218      8.019     5.1465     7.3549    224.583    229.842  0.000e+00
   58.62582 -134.95188     60.529     25.111     24.875     8.6197    30.2001  1023.5336    23.4188     8.6172     76.640    99.2900     0.3218      8.019     5.1462     7.3544    224.570    229.830  0.000e+00
   58.62582 -134.95188     60.585     25.168     24.932     8.6190    30.2003  1023.5341    23.4190     8.6166     76.637    99.2900     0.3218      8.019     5.1460     7.3542    224.563    229.822  0.000e+00
   58.62582 -134.95188     60.585     25.168     24.931     8.6192    30.2005  1023.5342    23.4192     8.6167     76.633    99.2900     0.3218      8.019     5.1458     7.3538    224.552    229.810  0.000e+00
   58.62582 -134.95188     60.585     25.168     24.931     8.6198    30.2003  1023.5340    23.4190     8.6173     76.684    99.2900     0.3218      8.019     5.1492     7.3587    224.699    229.962  0.000e+00
   58.62582 -134.95188     60.585     25.168     24.931     8.6201    30.1996  1023.5334    23.4184     8.6177     76.633    99.2900     0.3218      8.019     5.1457     7.3537    224.548    229.806  0.000e+00
   58.62582 -134.95188     60.529     25.111     24.875     8.6203    30.1999  1023.5333    23.4185     8.6178     76.629    99.2900     0.3218      8.019     5.1454     7.3533    224.536    229.794  0.000e+00
   58.62582 -134.95188     60.585     25.167     24.931     8.6203    30.1995  1023.5333    23.4183     8.6178     76.627    99.3180     0.3218      8.019     5.1453     7.3531    224.530    229.788  0.000e+00
   58.62582 -134.95188     60.585     25.167     24.931     8.6203    30.1998  1023.5335    23.4185     8.6178     76.624    99.3180     0.3218      8.019     5.1451     7.3528    224.522    229.780  0.000e+00
   58.62582 -134.95188     58.069     25.167     24.931     8.6205    30.1994  1023.5332    23.4182     8.6180     76.622    99.3180     0.3218      8.019     5.1449     7.3526    224.515    229.772  0.000e+00
   58.62582 -134.95188     52.550     25.167     24.931     8.6210    30.1990  1023.5328    23.4178     8.6185     76.613    99.3180     0.3218      8.019     5.1443     7.3517    224.486    229.743  0.000e+00
   58.62582 -134.95188     50.743     25.167     24.931     8.6211    30.1991  1023.5329    23.4179     8.6187     76.611    99.3180     0.3218      8.019     5.1441     7.3515    224.479    229.736  0.000e+00
   58.62582 -134.95188     50.817     25.167     24.931     8.6208    30.1994  1023.5331    23.4181     8.6183     76.609    99.3180     0.3218      8.019     5.1440     7.3513    224.476    229.733  0.000e+00
   58.62582 -134.95188     50.980     25.111     24.875     8.6201    30.1996  1023.5331    23.4184     8.6177     76.600    99.3180     0.3218      8.019     5.1435     7.3506    224.452    229.709  0.000e+00
   58.62582 -134.95188     51.085     25.167     24.931     8.6200    30.1996  1023.5334    23.4184     8.6176     76.599    99.3180     0.3218      8.019     5.1435     7.3505    224.450    229.707  0.000e+00
   58.62582 -134.95188     51.085     25.167     24.931     8.6197    30.2002  1023.5339    23.4189     8.6172     76.598    99.3180     0.3218      8.019     5.1434     7.3504    224.448    229.704  0.000e+00
   58.62582 -134.95188     51.085     25.167     24.931     8.6197    30.1998  1023.5336    23.4186     8.6172     76.598    99.3180     0.3218      8.019     5.1434     7.3504    224.446    229.702  0.000e+00
   58.62582 -134.95188     51.085     25.167     24.931     8.6193    30.2000  1023.5338    23.4188     8.6169     76.597    99.3180     0.3511      8.019     5.1434     7.3504    224.446    229.702  0.000e+00
   58.62582 -134.95188     51.061     25.167     24.931     8.6197    30.1999  1023.5337    23.4186     8.6173     76.597    99.3180     0.3511      8.019     5.1433     7.3503    224.443    229.699  0.000e+00
   58.62582 -134.95188     50.475     25.167     24.931     8.6193    30.2000  1023.5338    23.4188     8.6169     76.597    99.3180     0.3511      8.019     5.1433     7.3503    224.445    229.702  0.000e+00
   58.62582 -134.95188     50.108     25.167     24.931     8.6193    30.2000  1023.5338    23.4188     8.6169     76.597    99.3180     0.3511      8.019     5.1434     7.3504    224.446    229.702  0.000e+00
   58.62582 -134.95188     50.060     25.167     24.931     8.6193    30.2000  1023.5338    23.4188     8.6169     76.598    99.3180     0.3511      8.019     5.1434     7.3504    224.448    229.704  0.000e+00
   58.62582 -134.95188     50.084     25.167     24.931     8.6190    30.2002  1023.5340    23.4190     8.6166     76.598    99.3180     0.3511      8.019     5.1435     7.3506    224.451    229.708  0.000e+00
   58.62582 -134.95188     50.084     25.167     24.931     8.6187    30.2004  1023.5342    23.4192     8.6162     76.600    99.3180     0.3511      8.019     5.1436     7.3507    224.456    229.713  0.000e+00
   58.62582 -134.95188     50.108     25.167     24.931     8.6186    30.2004  1023.5342    23.4192     8.6161     76.601    99.3180     0.3511      8.019     5.1437     7.3509    224.461    229.718  0.000e+00
   58.62582 -134.95188     50.084     25.167     24.931     8.6183    30.2003  1023.5342    23.4192     8.6159     76.603    99.3180     0.3511      8.019     5.1438     7.3511    224.467    229.724  0.000e+00
   58.62582 -134.95188     50.084     25.167     24.931     8.6179    30.2007  1023.5346    23.4195     8.6155     76.605    99.3180     0.3511      8.019     5.1440     7.3513    224.475    229.732  0.000e+00
   58.62582 -134.95188     50.084     25.167     24.931     8.6177    30.2012  1023.5350    23.4200     8.6153     76.607    99.3180     0.3511      8.019     5.1442     7.3516    224.482    229.739  0.000e+00
   58.62582 -134.95188     50.084     25.167     24.931     8.6174    30.2008  1023.5348    23.4197     8.6149     76.610    99.3180     0.3511      8.019     5.1444     7.3519    224.492    229.749  0.000e+00
   58.62582 -134.95188     50.084     25.167     24.931     8.6182    30.2005  1023.5344    23.4193     8.6158     76.612    99.3180     0.3511      8.019     5.1445     7.3520    224.496    229.754  0.000e+00
   58.62582 -134.95188     50.108     25.167     24.931     8.6195    30.1999  1023.5337    23.4187     8.6171     76.615    99.3180     0.3511      8.019     5.1446     7.3521    224.499    229.757  0.000e+00
   58.62582 -134.95188     50.028     25.111     24.875     8.6203    30.1996  1023.5331    23.4183     8.6178     76.618    99.3180     0.3511      8.019     5.1447     7.3523    224.504    229.761  0.000e+00
   58.62582 -134.95188     50.044     25.127     24.891     8.6210    30.1992  1023.5327    23.4179     8.6185     76.622    99.3180     0.3511      8.019     5.1449     7.3525    224.512    229.770  0.000e+00
   58.62582 -134.95188     51.034     25.288     25.051     8.6221    30.1985  1023.5328    23.4172     8.6196     76.627    99.3180     0.3511      8.019     5.1451     7.3529    224.523    229.781  0.000e+00
   58.62582 -134.95188     57.459     25.167     24.931     8.6226    30.1982  1023.5320    23.4169     8.6201     76.623    99.3180     0.3511      8.019     5.1448     7.3524    224.509    229.767  0.000e+00
   58.62582 -134.95188     60.633     25.167     24.931     8.6229    30.1976  1023.5314    23.4164     8.6205     76.620    99.3180     0.3511      8.019     5.1446     7.3521    224.500    229.757  0.000e+00
   58.62582 -134.95188     60.926     25.167     24.931     8.6228    30.1975  1023.5314    23.4163     8.6203     76.617    99.3180     0.3511      8.019     5.1444     7.3519    224.493    229.750  0.000e+00
   58.62582 -134.95188     60.658     25.167     24.931     8.6226    30.1981  1023.5319    23.4168     8.6201     76.622    99.3180     0.3511      8.019     5.1447     7.3523    224.506    229.763  0.000e+00
   58.62582 -134.95188     60.536     25.167     24.931     8.6211    30.1988  1023.5326    23.4175     8.6187     76.626    99.3180     0.3218      8.019     5.1452     7.3530    224.526    229.783  0.000e+00
   58.62584 -134.95188     60.511     25.167     24.931     8.6195    30.1996  1023.5335    23.4184     8.6171     76.632    99.3180     0.3218      8.019     5.1457     7.3537    224.547    229.806  0.000e+00
   58.62584 -134.95188     60.592     25.224     24.987     8.6180    30.2010  1023.5351    23.4198     8.6155     76.637    99.3180     0.3218      8.019     5.1462     7.3544    224.570    229.829  0.000e+00
   58.62584 -134.95188     60.479     25.111     24.875     8.6174    30.2013  1023.5349    23.4201     8.6149     76.642    99.3180     0.3218      8.019     5.1465     7.3549    224.585    229.845  0.000e+00
   58.62584 -134.95188     60.535     25.167     24.931     8.6165    30.2020  1023.5358    23.4208     8.6141     76.648    99.3180     0.3218      8.019     5.1470     7.3556    224.607    229.867  0.000e+00
   58.62584 -134.95188     60.592     25.224     24.987     8.6161    30.2022  1023.5363    23.4210     8.6137     76.655    99.3180     0.3218      8.019     5.1475     7.3563    224.628    229.889  0.000e+00
   58.62584 -134.95188     60.511     25.167     24.931     8.6159    30.2022  1023.5360    23.4210     8.6135     76.660    99.3180     0.3218      8.019     5.1479     7.3569    224.645    229.907  0.000e+00
   58.62584 -134.95188     60.511     25.167     24.931     8.6153    30.2030  1023.5368    23.4217     8.6128     76.667    99.3180     0.3218      8.019     5.1484     7.3576    224.666    229.929  0.000e+00
   58.62584 -134.95188     60.511     25.167     24.931     8.6154    30.2027  1023.5365    23.4215     8.6130     76.667    99.3180     0.3218      8.019     5.1484     7.3576    224.665    229.927  0.000e+00
   58.62584 -134.95188     60.511     25.167     24.931     8.6151    30.2028  1023.5366    23.4216     8.6126     76.666    99.3460     0.3218      8.019     5.1484     7.3576    224.666    229.928  0.000e+00
   58.62584 -134.95188     60.511     25.167     24.931     8.6154    30.2025  1023.5363    23.4213     8.6130     76.666    99.3740     0.3218      8.019     5.1484     7.3575    224.664    229.926  0.000e+00
   58.62584 -134.95188     60.535     25.167     24.931     8.6149    30.2028  1023.5367    23.4216     8.6125     76.666    99.4019     0.3218      8.019     5.1484     7.3576    224.665    229.927  0.000e+00
   58.62584 -134.95188     60.535     25.167     24.931     8.6149    30.2027  1023.5365    23.4215     8.6125     76.666    99.4019     0.3218      8.019     5.1484     7.3576    224.665    229.927  0.000e+00
   58.62584 -134.95188     60.535     25.167     24.931     8.6151    30.2029  1023.5367    23.4217     8.6126     76.665    99.4019     0.3218      8.019     5.1483     7.3575    224.663    229.925  0.000e+00
   58.62584 -134.95188     60.535     25.167     24.931     8.6166    30.2018  1023.5356    23.4206     8.6142     76.665    99.4019     0.3218      8.019     5.1482     7.3572    224.655    229.917  0.000e+00
   58.62584 -134.95188     60.535     25.167     24.931     8.6177    30.2010  1023.5348    23.4198     8.6153     76.671    99.4019     0.3218      8.019     5.1485     7.3577    224.671    229.932  0.000e+00
   58.62584 -134.95188     60.560     25.167     24.931     8.6193    30.2005  1023.5342    23.4192     8.6169     76.671    99.3740     0.3218      8.019     5.1483     7.3575    224.663    229.924  0.000e+00
   58.62584 -134.95188     60.560     25.167     24.931     8.6201    30.1997  1023.5335    23.4184     8.6177     76.671    99.4019     0.3218      8.019     5.1482     7.3574    224.660    229.921  0.000e+00
   58.62584 -134.95188     60.560     25.167     24.931     8.6206    30.1991  1023.5329    23.4179     8.6182     76.671    99.4019     0.3218      8.019     5.1482     7.3573    224.658    229.919  0.000e+00
   58.62584 -134.95188     60.560     25.167     24.931     8.6206    30.1991  1023.5329    23.4179     8.6182     76.671    99.4019     0.3218      8.019     5.1482     7.3573    224.658    229.919  0.000e+00
   58.62584 -134.95188     60.535     25.167     24.931     8.6210    30.1991  1023.5328    23.4178     8.6185     76.671    99.4019     0.3218      8.019     5.1482     7.3572    224.656    229.917  0.000e+00
   58.62584 -134.95188     60.535     25.167     24.931     8.6215    30.1987  1023.5324    23.4174     8.6190     76.671    99.4019     0.3218      8.019     5.1481     7.3572    224.654    229.915  0.000e+00
   58.62584 -134.95188     60.535     25.167     24.931     8.6222    30.1983  1023.5320    23.4170     8.6197     76.616    99.4019     0.3218      8.019     5.1444     7.3518    224.490    229.747  0.000e+00
   58.62584 -134.95188     60.535     25.167     24.931     8.6226    30.1982  1023.5320    23.4169     8.6201     76.664    99.4019     0.3218      8.019     5.1476     7.3564    224.630    229.890  0.000e+00
   58.62584 -134.95188     60.535     25.167     24.931     8.6239    30.1971  1023.5309    23.4159     8.6214     76.664    99.4019     0.3218      8.019     5.1475     7.3562    224.625    229.885  0.000e+00
   58.62584 -134.95188     60.535     25.167     24.931     8.6256    30.1965  1023.5301    23.4151     8.6231     76.610    99.4019     0.3218      8.019     5.1436     7.3507    224.457    229.713  0.000e+00
   58.62584 -134.95188     60.535     25.167     24.931     8.6256    30.1966  1023.5302    23.4152     8.6231     76.658    99.4019     0.3218      8.019     5.1469     7.3554    224.600    229.859  0.000e+00
   58.62584 -134.95188     60.479     25.110     24.875     8.6252    30.1970  1023.5303    23.4156     8.6228     76.603    99.4019     0.3218      8.019     5.1432     7.3502    224.440    229.696  0.000e+00
   58.62584 -134.95188     60.535     25.167     24.931     8.6249    30.1970  1023.5307    23.4156     8.6224     76.598    99.4019     0.3218      8.019     5.1429     7.3497    224.426    229.681  0.000e+00
   58.62584 -134.95188     60.591     25.223     24.987     8.6242    30.1969  1023.5309    23.4157     8.6218     76.593    99.3740     0.3218      8.019     5.1426     7.3493    224.415    229.670  0.000e+00
   58.62584 -134.95188     60.535     25.167     24.931     8.6224    30.1982  1023.5319    23.4169     8.6200     76.587    99.1502     0.3218      8.019     5.1424     7.3490    224.405    229.660  0.000e+00
   58.62584 -134.95188     60.479     25.110     24.875     8.6206    30.1989  1023.5325    23.4178     8.6182     76.582    99.0663     0.3218      8.019     5.1422     7.3488    224.397    229.652  0.000e+00
   58.62584 -134.95188     60.591     25.223     24.987     8.6195    30.1997  1023.5338    23.4185     8.6171     76.633    99.0383     0.3218      8.019     5.1458     7.3538    224.552    229.810  0.000e+00
