EcoFOCI/data/1_SampleCollection/2022_GOA-OA_CruiseData/CTD_raw_BottleFile_RC0083/RC0083_071.cnv
* Sea-Bird SBE 9 Data File:
* FileName = C:\Data\RC0083ctd\RC0083_071.hex
* Software Version Seasave V 7.26.7.107
* Temperature SN = 2060
* Conductivity SN = 1084
* Number of Bytes Per Scan = 31
* Number of Voltage Words = 4
* Number of Scans Averaged by the Deck Unit = 1
* NMEA Latitude = 59 03.51 N
* NMEA Longitude = 136 16.99 W
* NMEA UTC (Time) = Aug 20 2022  21:29:06
* NMEA baud rate = 4800
** Ship: R/V Rachel Carson
** Cruise ID: RC0083
** Tech: McHugh/Nomura
** Chief Scientist: Cross
** Station: GB22
** Cast:  CTD071
# nquan = 19
# nvalues = 15744                                 
# units = specified
# name 0 = latitude: Latitude [deg]
# name 1 = longitude: Longitude [deg]
# name 2 = sfdSM: Seafloor depth [salt water, m]
# name 3 = prDM: Pressure, Digiquartz [db]
# name 4 = depSM: Depth [salt water, m]
# name 5 = t090C: Temperature [ITS-90, deg C]
# name 6 = sal00: Salinity, Practical [PSU]
# name 7 = density00: Density [density, kg/m^3]
# name 8 = sigma-é00: Density [sigma-theta, kg/m^3]
# name 9 = potemp090C: Potential Temperature [ITS-90, deg C]
# name 10 = sbeox0PS: Oxygen, SBE 43 [% saturation]
# name 11 = CStarTr0: Beam Transmission, WET Labs C-Star [%]
# name 12 = flECO-AFL: Fluorescence, WET Labs ECO-AFL/FL [mg/m^3]
# name 13 = ph: pH
# name 14 = sbeox0ML/L: Oxygen, SBE 43 [ml/l]
# name 15 = sbeox0Mg/L: Oxygen, SBE 43 [mg/l]
# name 16 = sbox0Mm/Kg: Oxygen, SBE 43 [umol/kg]
# name 17 = sbeox0Mm/L: Oxygen, SBE 43 [umol/l]
# name 18 = flag:  0.000e+00
# span 0 =   59.05846,   59.05868                 
# span 1 = -136.28324, -136.28078                 
# span 2 =      2.118,    251.674                 
# span 3 =      2.121,    213.679                 
# span 4 =      2.101,    211.571                 
# span 5 =     4.5339,     7.3907                 
# span 6 =     8.4084,    30.8394                 
# span 7 =  1006.6767,  1025.3911                 
# span 8 =     6.6660,    24.4022                 
# span 9 =     4.5338,     7.3896                 
# span 10 =     71.771,    101.279                
# span 11 =     0.0001,    37.7303                
# span 12 =    -0.1177,     0.5562                
# span 13 =      7.912,      8.612                
# span 14 =     4.9757,     8.4477                
# span 15 =     7.1107,    12.0726                
# span 16 =    217.140,    374.085                
# span 17 =    222.213,    377.274                
# span 18 = 0.0000e+00, 0.0000e+00                
# interval = seconds: 0.0416667
# start_time = Aug 20 2022 21:29:06 [NMEA time, header]
# bad_flag = -9.990e-29
*END*
[from data line 11124]
   59.05860 -136.28172    221.741    147.618    146.185     4.8478    30.8002  1025.0512    24.3643     4.8375     73.139     2.3495     0.0288      7.921     5.3403     7.6318    232.823    238.496  0.000e+00
   59.05860 -136.28172    221.765    147.618    146.185     4.8479    30.8001  1025.0511    24.3642     4.8376     73.150     2.3495     0.0288      7.921     5.3410     7.6329    232.857    238.530  0.000e+00
   59.05860 -136.28172    221.741    147.618    146.185     4.8482    30.7998  1025.0508    24.3639     4.8379     73.161     2.3495     0.0288      7.921     5.3418     7.6340    232.892    238.566  0.000e+00
   59.05860 -136.28172    221.685    147.561    146.129     4.8483    30.7995  1025.0503    24.3637     4.8380     73.172     2.3495     0.0288      7.921     5.3427     7.6352    232.928    238.603  0.000e+00
   59.05860 -136.28172    221.620    147.497    146.065     4.8485    30.7990  1025.0495    24.3632     4.8382     73.127     2.3495     0.0288      7.921     5.3393     7.6304    232.783    238.454  0.000e+00
   59.05860 -136.28172    221.620    147.497    146.065     4.8485    30.7981  1025.0488    24.3625     4.8383     73.132     2.3495     0.0288      7.921     5.3397     7.6310    232.800    238.472  0.000e+00
   59.05860 -136.28172    221.620    147.497    146.065     4.8485    30.7994  1025.0499    24.3636     4.8382     73.138     2.3495     0.0288      7.921     5.3402     7.6316    232.819    238.491  0.000e+00
   59.05860 -136.28172    221.508    147.383    145.953     4.8486    30.8000  1025.0498    24.3640     4.8383     73.145     2.3495     0.0288      7.921     5.3406     7.6322    232.837    238.510  0.000e+00
   59.05860 -136.28172    221.711    147.440    146.009     4.8485    30.7999  1025.0500    24.3640     4.8383     73.212     2.3495     0.0288      7.921     5.3455     7.6392    233.051    238.729  0.000e+00
   59.05860 -136.28172    221.744    147.375    145.945     4.8479    30.8002  1025.0500    24.3642     4.8377     73.220     2.3495     0.0288      7.921     5.3462     7.6402    233.080    238.759  0.000e+00
   59.05860 -136.28172    221.688    147.318    145.889     4.8469    30.8015  1025.0509    24.3654     4.8367     73.229     2.3495     0.0288      7.921     5.3469     7.6412    233.112    238.792  0.000e+00
   59.05860 -136.28172    221.649    147.254    145.824     4.8466    30.8016  1025.0507    24.3655     4.8363     73.238     2.3495     0.0581      7.921     5.3476     7.6422    233.143    238.823  0.000e+00
   59.05860 -136.28172    221.657    147.262    145.832     4.8456    30.8014  1025.0506    24.3654     4.8353     73.248     2.3495     0.0581      7.921     5.3485     7.6435    233.181    238.863  0.000e+00
   59.05860 -136.28172    221.779    147.262    145.832     4.8450    30.8026  1025.0517    24.3664     4.8348     73.258     2.3495     0.0581      7.921     5.3493     7.6446    233.215    238.898  0.000e+00
   59.05860 -136.28172    221.788    147.197    145.768     4.8442    30.8041  1025.0527    24.3677     4.8340     73.269     2.3495     0.0581      7.921     5.3501     7.6458    233.250    238.934  0.000e+00
   59.05860 -136.28172    221.732    147.140    145.712     4.8438    30.8040  1025.0524    24.3677     4.8336     73.279     2.3495     0.0581      7.921     5.3509     7.6469    233.286    238.970  0.000e+00
   59.05860 -136.28172    221.732    147.140    145.712     4.8430    30.8040  1025.0524    24.3677     4.8328     73.349     2.3216     0.0581      7.921     5.3561     7.6543    233.511    239.201  0.000e+00
   59.05860 -136.28172    221.700    147.084    145.656     4.8418    30.8051  1025.0532    24.3688     4.8315     73.310     2.3216     0.0581      7.921     5.3534     7.6505    233.394    239.082  0.000e+00
   59.05860 -136.28172    221.847    147.084    145.656     4.8413    30.8054  1025.0535    24.3690     4.8311     73.313     2.3216     0.0581      7.921     5.3536     7.6509    233.406    239.093  0.000e+00
   59.05860 -136.28172    221.831    147.019    145.592     4.8420    30.8040  1025.0520    24.3678     4.8318     73.257     2.3216     0.0581      7.921     5.3495     7.6450    233.227    238.910  0.000e+00
   59.05860 -136.28172    221.807    147.019    145.592     4.8434    30.8016  1025.0499    24.3658     4.8332     73.261     2.3216     0.0581      7.921     5.3497     7.6452    233.233    238.916  0.000e+00
   59.05860 -136.28172    221.767    146.954    145.528     4.8441    30.8022  1025.0500    24.3662     4.8338     73.255     2.3216     0.0581      7.921     5.3492     7.6445    233.212    238.894  0.000e+00
   59.05860 -136.28172    221.775    146.962    145.536     4.8446    30.8017  1025.0496    24.3658     4.8344     73.309     2.3216     0.0581      7.921     5.3530     7.6500    233.380    239.066  0.000e+00
   59.05860 -136.28172    221.655    146.841    145.416     4.8456    30.8007  1025.0482    24.3649     4.8354     73.312     2.3216     0.0581      7.921     5.3531     7.6502    233.385    239.072  0.000e+00
   59.05860 -136.28172    221.711    146.897    145.472     4.8477    30.7985  1025.0465    24.3629     4.8375     73.316     2.3216     0.0581      7.921     5.3533     7.6504    233.391    239.077  0.000e+00
   59.05860 -136.28172    221.655    146.841    145.416     4.8501    30.7967  1025.0445    24.3612     4.8399     73.319     2.3216     0.0581      7.921     5.3533     7.6504    233.391    239.077  0.000e+00
   59.05860 -136.28172    221.591    146.776    145.351     4.8513    30.7956  1025.0432    24.3602     4.8410     73.323     2.3216     0.0581      7.921     5.3534     7.6505    233.397    239.083  0.000e+00
   59.05860 -136.28172    221.721    146.784    145.359     4.8523    30.7941  1025.0420    24.3590     4.8421     73.327     2.3216     0.0581      7.921     5.3536     7.6509    233.407    239.093  0.000e+00
   59.05860 -136.28172    221.843    146.784    145.359     4.8527    30.7947  1025.0424    24.3594     4.8424     73.331     2.3216     0.0581      7.921     5.3539     7.6512    233.417    239.103  0.000e+00
   59.05860 -136.28172    221.739    146.654    145.231     4.8527    30.7960  1025.0428    24.3604     4.8425     73.334     2.3216     0.0581      7.921     5.3540     7.6514    233.424    239.110  0.000e+00
   59.05860 -136.28172    221.803    146.719    145.295     4.8533    30.7960  1025.0430    24.3603     4.8431     73.339     2.3216     0.0288      7.921     5.3543     7.6518    233.436    239.123  0.000e+00
   59.05860 -136.28172    221.739    146.654    145.231     4.8538    30.7958  1025.0425    24.3601     4.8436     73.400     2.3216     0.0288      7.921     5.3587     7.6581    233.629    239.320  0.000e+00
   59.05860 -136.28172    221.683    146.598    145.175     4.8549    30.7949  1025.0414    24.3593     4.8447     73.345     2.3216     0.0288      7.921     5.3546     7.6522    233.449    239.136  0.000e+00
   59.05860 -136.28172    221.683    146.598    145.175     4.8557    30.7946  1025.0411    24.3590     4.8455     73.348     2.3216     0.0288      7.921     5.3547     7.6525    233.456    239.143  0.000e+00
   59.05860 -136.28172    221.627    146.541    145.119     4.8564    30.7933  1025.0397    24.3579     4.8462     73.351     2.3216     0.0288      7.921     5.3549     7.6527    233.463    239.150  0.000e+00
   59.05860 -136.28172    221.627    146.541    145.119     4.8565    30.7934  1025.0398    24.3579     4.8463     73.355     2.3216     0.0288      7.921     5.3551     7.6530    233.474    239.161  0.000e+00
   59.05860 -136.28172    221.507    146.420    144.999     4.8564    30.7946  1025.0402    24.3589     4.8462     73.357     2.3216     0.0288      7.921     5.3553     7.6532    233.480    239.167  0.000e+00
   59.05860 -136.28172    221.571    146.484    145.063     4.8560    30.7959  1025.0416    24.3600     4.8458     73.353     2.2936     0.0288      7.921     5.3550     7.6528    233.465    239.152  0.000e+00
   59.05860 -136.28172    221.507    146.420    144.999     4.8556    30.7961  1025.0415    24.3602     4.8454     73.346     2.2936     0.0288      7.921     5.3546     7.6522    233.447    239.134  0.000e+00
   59.05860 -136.28172    221.443    146.355    144.935     4.8559    30.7959  1025.0410    24.3600     4.8457     73.340     2.2936     0.0288      7.916     5.3540     7.6514    233.425    239.111  0.000e+00
   59.05860 -136.28172    210.852    146.363    144.943     4.8567    30.7952  1025.0404    24.3594     4.8465     73.333     2.2936     0.0288      7.921     5.3535     7.6507    233.401    239.086  0.000e+00
   59.05860 -136.28172    190.869    146.355    144.935     4.8578    30.7942  1025.0394    24.3585     4.8476     73.335     2.2936     0.0288      7.921     5.3535     7.6507    233.402    239.087  0.000e+00
   59.05860 -136.28172    184.651    146.241    144.822     4.8588    30.7922  1025.0372    24.3568     4.8486     73.336     2.2936     0.0288      7.921     5.3535     7.6507    233.403    239.088  0.000e+00
   59.05860 -136.28172    185.049    146.298    144.878     4.8597    30.7920  1025.0373    24.3565     4.8495     73.280     2.2936    -0.0005      7.921     5.3494     7.6448    233.222    238.902  0.000e+00
   59.05860 -136.28172    185.799    146.241    144.822     4.8604    30.7925  1025.0373    24.3568     4.8502     73.274     2.2936    -0.0005      7.921     5.3488     7.6439    233.196    238.876  0.000e+00
   59.05860 -136.28172    185.923    146.120    144.702     4.8608    30.7922  1025.0364    24.3565     4.8506     73.267     2.2936     0.0288      7.921     5.3482     7.6431    233.172    238.851  0.000e+00
   59.05860 -136.28172    186.019    146.241    144.822     4.8610    30.7925  1025.0372    24.3568     4.8508     73.263     2.2936     0.0288      7.921     5.3479     7.6426    233.157    238.836  0.000e+00
   59.05860 -136.28172    185.874    146.120    144.702     4.8616    30.7919  1025.0361    24.3563     4.8514     73.256     2.2936     0.0288      7.921     5.3474     7.6419    233.135    238.813  0.000e+00
   59.05860 -136.28172    185.794    146.063    144.646     4.8624    30.7914  1025.0353    24.3557     4.8522     73.242     2.2936     0.0288      7.921     5.3462     7.6403    233.086    238.763  0.000e+00
   59.05860 -136.28172    185.786    146.055    144.638     4.8634    30.7901  1025.0342    24.3546     4.8532     73.237     2.2936     0.0288      7.921     5.3458     7.6397    233.067    238.743  0.000e+00
   59.05860 -136.28172    185.738    146.007    144.590     4.8643    30.7893  1025.0333    24.3539     4.8542     73.232     2.2936     0.0581      7.921     5.3453     7.6390    233.048    238.723  0.000e+00
   59.05860 -136.28172    185.794    146.063    144.646     4.8649    30.7903  1025.0342    24.3546     4.8547     73.229     2.2936     0.0581      7.921     5.3450     7.6385    233.032    238.707  0.000e+00
   59.05860 -136.28172    185.673    145.942    144.526     4.8657    30.7898  1025.0332    24.3542     4.8556     73.224     2.2936     0.0581      7.921     5.3445     7.6379    233.012    238.687  0.000e+00
   59.05860 -136.28172    185.698    145.942    144.526     4.8664    30.7891  1025.0326    24.3535     4.8562     73.212     2.2936     0.0581      7.921     5.3436     7.6365    232.971    238.645  0.000e+00
   59.05860 -136.28172    185.497    145.764    144.349     4.8670    30.7889  1025.0315    24.3533     4.8568     73.198     2.2936     0.0581      7.921     5.3425     7.6350    232.924    238.597  0.000e+00
   59.05860 -136.28172    186.584    145.999    144.582     4.8679    30.7882  1025.0320    24.3527     4.8577     73.188     2.2936     0.0581      7.921     5.3417     7.6338    232.889    238.560  0.000e+00
   59.05860 -136.28172    206.725    145.820    144.406     4.8686    30.7873  1025.0303    24.3519     4.8584     73.174     2.2656     0.0581      7.921     5.3406     7.6323    232.842    238.512  0.000e+00
   59.05860 -136.28172    218.862    145.820    144.405     4.8690    30.7866  1025.0298    24.3513     4.8588     73.171     2.1538     0.0581      7.921     5.3404     7.6319    232.831    238.500  0.000e+00
   59.05860 -136.28172    220.442    145.764    144.349     4.8689    30.7881  1025.0306    24.3524     4.8587     73.168     2.0978     0.0581      7.921     5.3401     7.6315    232.818    238.488  0.000e+00
   59.05860 -136.28172    219.563    145.764    144.349     4.8686    30.7890  1025.0314    24.3532     4.8584     73.107     2.0978     0.0581      7.921     5.3357     7.6252    232.626    238.291  0.000e+00
   59.05860 -136.28172    219.011    145.699    144.285     4.8688    30.7891  1025.0312    24.3533     4.8587     73.154     2.0978     0.0581      7.921     5.3391     7.6301    232.774    238.443  0.000e+00
   59.05860 -136.28172    218.906    145.642    144.229     4.8690    30.7892  1025.0310    24.3533     4.8589     73.152     2.0978     0.0581      7.921     5.3389     7.6298    232.766    238.435  0.000e+00
   59.05860 -136.28172    219.011    145.699    144.285     4.8696    30.7887  1025.0308    24.3529     4.8595     73.152     2.0978     0.0581      7.921     5.3388     7.6297    232.762    238.430  0.000e+00
   59.05860 -136.28172    218.898    145.586    144.173     4.8704    30.7883  1025.0298    24.3525     4.8602     73.150     2.0978     0.0581      7.921     5.3386     7.6293    232.752    238.420  0.000e+00
   59.05860 -136.28172    218.898    145.586    144.173     4.8703    30.7874  1025.0291    24.3517     4.8601     73.091     2.0978     0.0581      7.921     5.3344     7.6233    232.569    238.233  0.000e+00
   59.05860 -136.28172    218.859    145.521    144.109     4.8701    30.7874  1025.0289    24.3518     4.8600     73.092     2.0978     0.0581      7.921     5.3344     7.6234    232.570    238.234  0.000e+00
   59.05860 -136.28172    218.834    145.521    144.109     4.8697    30.7889  1025.0301    24.3530     4.8596     73.085     2.0978     0.0581      7.921     5.3339     7.6227    232.548    238.211  0.000e+00
   59.05860 -136.28172    218.859    145.521    144.109     4.8693    30.7896  1025.0307    24.3536     4.8592     73.078     2.0978     0.0581      7.921     5.3334     7.6220    232.529    238.192  0.000e+00
   59.05860 -136.28172    218.738    145.399    143.989     4.8688    30.7906  1025.0310    24.3545     4.8586     73.063     2.0978     0.0581      7.921     5.3324     7.6205    232.481    238.143  0.000e+00
   59.05860 -136.28172    218.802    145.464    144.053     4.8680    30.7912  1025.0318    24.3550     4.8579     73.049     2.0978     0.0581      7.921     5.3314     7.6192    232.441    238.103  0.000e+00
   59.05860 -136.28172    218.951    145.343    143.933     4.8674    30.7916  1025.0316    24.3554     4.8572     73.035     2.0978     0.0581      7.921     5.3304     7.6177    232.397    238.057  0.000e+00
   59.05860 -136.28172    219.488    145.343    143.933     4.8668    30.7914  1025.0316    24.3553     4.8566     73.030     2.0978     0.0581      7.921     5.3302     7.6174    232.387    238.046  0.000e+00
   59.05860 -136.28172    219.603    145.286    143.876     4.8665    30.7913  1025.0312    24.3552     4.8564     73.026     2.0978     0.0581      7.921     5.3299     7.6170    232.374    238.034  0.000e+00
   59.05862 -136.28172    219.595    145.278    143.868     4.8660    30.7923  1025.0320    24.3561     4.8559     73.023     2.0978     0.0581      7.921     5.3297     7.6167    232.365    238.025  0.000e+00
   59.05862 -136.28172    219.578    145.286    143.876     4.8654    30.7932  1025.0329    24.3569     4.8553     73.020     2.0978     0.0581      7.921     5.3296     7.6165    232.360    238.019  0.000e+00
   59.05862 -136.28172    219.832    145.221    143.812     4.8657    30.7926  1025.0321    24.3564     4.8556     73.018     2.0978     0.0581      7.921     5.3294     7.6162    232.351    238.010  0.000e+00
