EcoFOCI/data/1_SampleCollection/2022_GOA-OA_CruiseData/CTD_raw_BottleFile_RC0083/RC0083_014.cnv
* Sea-Bird SBE 9 Data File:
* FileName = C:\Data\RC0083ctd\RC0083_014.hex
* Software Version Seasave V 7.26.7.107
* Temperature SN = 2060
* Conductivity SN = 1084
* Number of Bytes Per Scan = 31
* Number of Voltage Words = 4
* Number of Scans Averaged by the Deck Unit = 1
* NMEA Latitude = 55 45.82 N
* NMEA Longitude = 134 25.01 W
* NMEA UTC (Time) = Aug 13 2022  07:08:13
* NMEA baud rate = 4800
** Ship: R/V Rachel Carson
** Cruise ID: RC0083 RC0083
** Tech: McHugh/Nomura
** Chief Scientist: Cross Cross
** Station: POW3
** Cast:  014
# nquan = 19
# nvalues = 15279                                 
# units = specified
# name 0 = latitude: Latitude [deg]
# name 1 = longitude: Longitude [deg]
# name 2 = sfdSM: Seafloor depth [salt water, m]
# name 3 = prDM: Pressure, Digiquartz [db]
# name 4 = depSM: Depth [salt water, m]
# name 5 = t090C: Temperature [ITS-90, deg C]
# name 6 = sal00: Salinity, Practical [PSU]
# name 7 = density00: Density [density, kg/m^3]
# name 8 = sigma-é00: Density [sigma-theta, kg/m^3]
# name 9 = potemp090C: Potential Temperature [ITS-90, deg C]
# name 10 = sbeox0PS: Oxygen, SBE 43 [% saturation]
# name 11 = CStarTr0: Beam Transmission, WET Labs C-Star [%]
# name 12 = flECO-AFL: Fluorescence, WET Labs ECO-AFL/FL [mg/m^3]
# name 13 = ph: pH
# name 14 = sbeox0ML/L: Oxygen, SBE 43 [ml/l]
# name 15 = sbeox0Mg/L: Oxygen, SBE 43 [mg/l]
# name 16 = sbox0Mm/Kg: Oxygen, SBE 43 [umol/kg]
# name 17 = sbeox0Mm/L: Oxygen, SBE 43 [umol/l]
# name 18 = flag:  0.000e+00
# span 0 =   55.76370,   55.76574                 
# span 1 = -134.41786, -134.41692                 
# span 2 =      2.769,    133.497                 
# span 3 =      2.600,    118.584                 
# span 4 =      2.577,    117.473                 
# span 5 =     6.4916,    10.5889                 
# span 6 =    30.8547,    33.1278                 
# span 7 =  1023.6357,  1026.5535                 
# span 8 =    23.6204,    26.0126                 
# span 9 =     6.4814,    10.5886                 
# span 10 =     49.885,    120.541                
# span 11 =    66.8181,   104.5762                
# span 12 =    -0.1177,    18.8127                
# span 13 =      7.839,      8.315                
# span 14 =     3.4488,     7.7184                
# span 15 =     4.9287,    11.0303                
# span 16 =    150.122,    336.747                
# span 17 =    154.025,    344.702                
# span 18 = 0.0000e+00, 0.0000e+00                
# interval = seconds: 0.0416667
# start_time = Aug 13 2022 07:08:13 [NMEA time, header]
# bad_flag = -9.990e-29
*END*
[from data line 12115]
   55.76526 -134.41774    123.587     25.185     24.955     9.5148    31.1338  1024.1273    24.0129     9.5121     84.041    90.2561     5.0105      8.087     5.4985     7.8578    239.803    245.561  0.000e+00
   55.76526 -134.41774    123.467     25.064     24.835     9.5149    31.1335  1024.1265    24.0127     9.5123     84.046    90.2561     5.0105      8.087     5.4988     7.8583    239.817    245.576  0.000e+00
   55.76526 -134.41774    123.531     25.128     24.899     9.5144    31.1338  1024.1271    24.0129     9.5118     84.053    90.2561     4.9812      8.087     5.4993     7.8590    239.839    245.598  0.000e+00
   55.76526 -134.41774    123.531     25.128     24.899     9.5148    31.1337  1024.1270    24.0128     9.5121     84.059    90.2561     4.9812      8.087     5.4996     7.8595    239.854    245.614  0.000e+00
   55.76528 -134.41774    123.531     25.128     24.899     9.5152    31.1334  1024.1267    24.0125     9.5126     84.071    90.2561     4.9812      8.087     5.5004     7.8606    239.888    245.648  0.000e+00
   55.76528 -134.41774    123.467     25.064     24.835     9.5157    31.1334  1024.1263    24.0124     9.5131     84.076    90.2561     4.9812      8.087     5.5007     7.8610    239.899    245.660  0.000e+00
   55.76528 -134.41774    123.587     25.185     24.955     9.5157    31.1332  1024.1267    24.0123     9.5131     84.028    90.2561     4.9812      8.087     5.4975     7.8565    239.763    245.521  0.000e+00
   55.76528 -134.41774    123.587     25.185     24.955     9.5161    31.1335  1024.1269    24.0125     9.5134     84.082    90.2561     4.9812      8.087     5.5010     7.8615    239.913    245.674  0.000e+00
   55.76528 -134.41774    123.531     25.128     24.899     9.5159    31.1338  1024.1268    24.0127     9.5132     84.032    90.1722     4.9812      8.087     5.4977     7.8568    239.771    245.529  0.000e+00
   55.76528 -134.41774    123.587     25.185     24.955     9.5160    31.1332  1024.1266    24.0122     9.5133     84.031    89.8086     4.9812      8.087     5.4977     7.8568    239.770    245.527  0.000e+00
   55.76528 -134.41774    123.467     25.064     24.835     9.5159    31.1331  1024.1260    24.0122     9.5132     84.028    89.6687     4.9812      8.087     5.4975     7.8565    239.763    245.520  0.000e+00
   55.76528 -134.41774    123.707     25.306     25.075     9.5154    31.1335  1024.1275    24.0125     9.5127     84.030    89.6687     4.9812      8.087     5.4977     7.8567    239.768    245.526  0.000e+00
   55.76528 -134.41774    123.531     25.128     24.899     9.5150    31.1336  1024.1269    24.0127     9.5124     84.081    89.6687     4.9812      8.087     5.5011     7.8616    239.916    245.678  0.000e+00
   55.76528 -134.41774    123.763     25.363     25.131     9.5154    31.1334  1024.1277    24.0125     9.5127     84.088    89.6967     4.9812      8.087     5.5015     7.8622    239.936    245.698  0.000e+00
   55.76528 -134.41774    123.531     25.128     24.899     9.5154    31.1336  1024.1268    24.0126     9.5127     84.084    89.6967     5.0105      8.087     5.5012     7.8618    239.922    245.684  0.000e+00
   55.76528 -134.41774    123.763     25.363     25.131     9.5154    31.1334  1024.1277    24.0125     9.5127     84.090    89.6967     4.9812      8.087     5.5016     7.8624    239.942    245.703  0.000e+00
   55.76528 -134.41774    123.587     25.185     24.955     9.5150    31.1332  1024.1268    24.0124     9.5124     84.085    89.6967     4.9812      8.087     5.5014     7.8620    239.930    245.691  0.000e+00
   55.76528 -134.41774    123.827     25.427     25.195     9.5150    31.1323  1024.1272    24.0117     9.5124     84.084    89.6967     5.0105      8.087     5.5013     7.8620    239.929    245.690  0.000e+00
   55.76528 -134.41774    123.587     25.185     24.955     9.5146    31.1325  1024.1263    24.0119     9.5119     84.085    89.6967     5.1570      8.087     5.5014     7.8621    239.931    245.693  0.000e+00
   55.76528 -134.41774    123.883     25.484     25.251     9.5144    31.1323  1024.1275    24.0118     9.5117     84.029    89.6967     5.2449      8.087     5.4978     7.8569    239.774    245.531  0.000e+00
   55.76528 -134.41774    123.763     25.363     25.131     9.5137    31.1332  1024.1278    24.0126     9.5111     84.071    89.6967     5.2742      8.087     5.5006     7.8609    239.896    245.657  0.000e+00
   55.76528 -134.41774    123.827     25.427     25.195     9.5131    31.1340  1024.1288    24.0133     9.5104     84.067    89.6967     5.2449      8.087     5.5004     7.8606    239.885    245.646  0.000e+00
   55.76528 -134.41774    123.827     25.427     25.195     9.5128    31.1340  1024.1289    24.0133     9.5101     84.061    89.6967     5.2449      8.087     5.5000     7.8601    239.871    245.631  0.000e+00
   55.76528 -134.41774    123.883     25.484     25.251     9.5123    31.1341  1024.1293    24.0135     9.5096     84.062    89.6967     5.2449      8.087     5.5002     7.8603    239.877    245.637  0.000e+00
   55.76528 -134.41774    123.883     25.484     25.251     9.5111    31.1350  1024.1302    24.0144     9.5085     84.063    89.6967     5.2449      8.087     5.5003     7.8605    239.883    245.643  0.000e+00
   55.76528 -134.41774    123.883     25.484     25.251     9.5107    31.1348  1024.1301    24.0143     9.5080     84.063    89.6687     5.2449      8.087     5.5004     7.8606    239.886    245.646  0.000e+00
   55.76528 -134.41774     76.320     25.540     25.307     9.5103    31.1348  1024.1304    24.0144     9.5076     84.063    89.6967     5.2449      8.087     5.5004     7.8607    239.889    245.649  0.000e+00
   55.76528 -134.41774     35.285     25.605     25.371     9.5095    31.1352  1024.1312    24.0148     9.5068     84.063    89.6967     5.2449      8.087     5.5005     7.8608    239.893    245.654  0.000e+00
   55.76528 -134.41774     27.187     25.540     25.307     9.5096    31.1351  1024.1308    24.0147     9.5069     84.062    89.6967     5.2449      8.087     5.5004     7.8607    239.888    245.649  0.000e+00
   55.76528 -134.41774     29.456     25.661     25.427     9.5101    31.1347  1024.1309    24.0143     9.5074     84.062    89.8365     5.2449      8.087     5.5004     7.8606    239.887    245.647  0.000e+00
   55.76528 -134.41774     31.117     25.661     25.427     9.5101    31.1353  1024.1314    24.0148     9.5074     84.061    89.9204     5.2449      8.087     5.5003     7.8604    239.882    245.642  0.000e+00
   55.76528 -134.41774     31.410     25.661     25.427     9.5107    31.1355  1024.1315    24.0149     9.5080     84.059    89.9204     5.2449      8.087     5.5001     7.8602    239.874    245.634  0.000e+00
   55.76528 -134.41774     31.368     25.718     25.483     9.5113    31.1356  1024.1317    24.0149     9.5086     84.058    89.8925     5.2449      8.087     5.4999     7.8599    239.866    245.627  0.000e+00
   55.76528 -134.41774     31.295     25.718     25.483     9.5120    31.1350  1024.1311    24.0143     9.5092     84.062    89.9204     5.2449      8.087     5.5002     7.8603    239.877    245.637  0.000e+00
   55.76528 -134.41774     31.335     25.783     25.547     9.5116    31.1348  1024.1313    24.0142     9.5089     84.067    89.9204     5.2449      8.087     5.5006     7.8608    239.894    245.655  0.000e+00
   55.76528 -134.41774     31.335     25.783     25.547     9.5095    31.1359  1024.1325    24.0154     9.5068     84.072    89.9204     5.2449      8.087     5.5011     7.8616    239.917    245.679  0.000e+00
   55.76528 -134.41774     31.335     25.783     25.547     9.5087    31.1359  1024.1327    24.0155     9.5060     84.070    89.8925     5.2449      8.087     5.5011     7.8616    239.916    245.677  0.000e+00
   55.76528 -134.41774     31.415     25.839     25.603     9.5080    31.1356  1024.1328    24.0154     9.5053     84.069    89.8925     5.2449      8.087     5.5010     7.8615    239.915    245.677  0.000e+00
   55.76528 -134.41774     31.455     25.904     25.667     9.5064    31.1360  1024.1336    24.0159     9.5036     84.067    89.9204     5.1863      8.087     5.5011     7.8616    239.918    245.680  0.000e+00
   55.76528 -134.41774     31.391     25.839     25.603     9.5027    31.1366  1024.1344    24.0170     9.5000     84.063    89.9204     5.0984      8.087     5.5013     7.8619    239.927    245.689  0.000e+00
   55.76528 -134.41774     31.455     25.904     25.667     9.4972    31.1376  1024.1364    24.0187     9.4945     84.062    89.9204     5.0691      8.087     5.5018     7.8627    239.949    245.712  0.000e+00
   55.76528 -134.41774     31.455     25.904     25.667     9.4931    31.1390  1024.1381    24.0204     9.4903     84.059    89.9204     5.0691      8.087     5.5021     7.8630    239.959    245.723  0.000e+00
   55.76528 -134.41774     31.511     25.960     25.723     9.4899    31.1407  1024.1402    24.0222     9.4872     84.056    89.9204     5.0691      8.087     5.5022     7.8632    239.965    245.729  0.000e+00
   55.76528 -134.41774     55.386     25.904     25.667     9.4873    31.1419  1024.1412    24.0235     9.4846     84.052    89.9204     5.0984      8.087     5.5022     7.8632    239.964    245.729  0.000e+00
   55.76528 -134.41774    109.655     25.960     25.723     9.4853    31.1426  1024.1424    24.0244     9.4826     84.048    89.8925     5.0984      8.087     5.5022     7.8632    239.964    245.729  0.000e+00
   55.76528 -134.41774    125.723     25.960     25.723     9.4850    31.1431  1024.1428    24.0248     9.4823     84.043    89.8925     5.0984      8.087     5.5019     7.8628    239.951    245.716  0.000e+00
   55.76528 -134.41774    125.723     25.960     25.723     9.4860    31.1422  1024.1419    24.0240     9.4833     84.038    89.9204     5.0984      8.087     5.5015     7.8622    239.933    245.697  0.000e+00
   55.76528 -134.41774    124.893     25.960     25.723     9.4869    31.1406  1024.1405    24.0226     9.4841     84.040    89.9204     5.0984      8.087     5.5016     7.8623    239.936    245.700  0.000e+00
   55.76528 -134.41774    124.265     26.017     25.779     9.4857    31.1398  1024.1404    24.0222     9.4829     84.042    89.8925     5.0984      8.087     5.5019     7.8628    239.950    245.714  0.000e+00
   55.76528 -134.41774    124.113     25.839     25.603     9.4812    31.1423  1024.1423    24.0249     9.4785     84.043    89.9484     5.0984      8.087     5.5024     7.8634    239.970    245.735  0.000e+00
   55.76528 -134.41774    124.427     26.082     25.843     9.4763    31.1455  1024.1466    24.0281     9.4736     84.048    89.9764     5.0984      8.087     5.5032     7.8646    240.005    245.771  0.000e+00
   55.76528 -134.41774    124.356     25.960     25.723     9.4745    31.1463  1024.1470    24.0290     9.4718     84.048    90.0043     5.0984      8.087     5.5034     7.8649    240.014    245.781  0.000e+00
   55.76528 -134.41774    124.235     25.839     25.603     9.4744    31.1466  1024.1467    24.0292     9.4717     84.048    90.0043     5.0984      8.087     5.5034     7.8649    240.015    245.783  0.000e+00
   55.76528 -134.41774    124.476     26.082     25.843     9.4770    31.1446  1024.1458    24.0273     9.4742     84.052    90.0043     5.0984      8.087     5.5034     7.8650    240.016    245.783  0.000e+00
   55.76528 -134.41774    124.356     25.960     25.723     9.4783    31.1455  1024.1457    24.0278     9.4756     84.052    90.0043     5.0691      8.087     5.5033     7.8647    240.008    245.775  0.000e+00
   55.76528 -134.41774    124.356     25.960     25.723     9.4821    31.1443  1024.1442    24.0262     9.4793     84.047    90.0043     5.0984      8.087     5.5025     7.8636    239.974    245.740  0.000e+00
   55.76528 -134.41774    124.300     25.904     25.667     9.4872    31.1417  1024.1411    24.0234     9.4845     84.047    90.0043     5.0691      8.087     5.5019     7.8628    239.952    245.717  0.000e+00
   55.76528 -134.41774    124.356     25.960     25.723     9.4886    31.1411  1024.1407    24.0227     9.4859     84.042    90.0043     5.0691      8.087     5.5015     7.8621    239.931    245.695  0.000e+00
   55.76528 -134.41774    124.300     25.904     25.667     9.4918    31.1403  1024.1393    24.0216     9.4890     84.090    90.0043     4.9812      8.087     5.5042     7.8661    240.053    245.819  0.000e+00
   55.76528 -134.41774    124.300     25.904     25.667     9.4967    31.1386  1024.1372    24.0195     9.4940     84.089    90.0043     4.7467      8.087     5.5037     7.8653    240.029    245.794  0.000e+00
   55.76528 -134.41774    124.300     25.904     25.667     9.5001    31.1372  1024.1356    24.0179     9.4974     84.089    90.0043     4.6881      8.087     5.5033     7.8647    240.011    245.776  0.000e+00
   55.76528 -134.41774    124.235     25.839     25.603     9.5000    31.1374  1024.1354    24.0180     9.4973     84.094    90.0043     4.6588      8.087     5.5036     7.8652    240.027    245.792  0.000e+00
   55.76528 -134.41774    124.235     25.839     25.603     9.4990    31.1376  1024.1358    24.0184     9.4962     84.100    89.9764     4.6881      8.087     5.5041     7.8659    240.048    245.814  0.000e+00
   55.76528 -134.41774    124.235     25.839     25.603     9.4972    31.1385  1024.1367    24.0193     9.4945     84.105    90.0043     4.6881      8.087     5.5047     7.8667    240.072    245.839  0.000e+00
   55.76528 -134.41774    124.179     25.783     25.547     9.4965    31.1387  1024.1368    24.0196     9.4938     84.110    89.9764     4.6881      8.082     5.5051     7.8673    240.089    245.856  0.000e+00
   55.76528 -134.41774    124.115     25.718     25.483     9.4972    31.1391  1024.1367    24.0198     9.4945     84.114    89.9764     4.6881      8.087     5.5052     7.8675    240.096    245.863  0.000e+00
   55.76528 -134.41774    124.179     25.783     25.547     9.4994    31.1384  1024.1360    24.0189     9.4967     84.119    90.0043     4.6881      8.082     5.5053     7.8676    240.100    245.867  0.000e+00
   55.76528 -134.41774    124.115     25.718     25.483     9.5029    31.1374  1024.1344    24.0176     9.5002     84.177    90.0043     4.6881      8.087     5.5087     7.8725    240.248    246.018  0.000e+00
   55.76528 -134.41774    124.059     25.661     25.427     9.5063    31.1364  1024.1329    24.0163     9.5036     84.125    90.0043     4.6588      8.087     5.5049     7.8671    240.083    245.849  0.000e+00
   55.76528 -134.41774    124.115     25.718     25.483     9.5083    31.1359  1024.1324    24.0156     9.5056     84.183    89.9764     4.6881      8.087     5.5085     7.8722    240.240    246.009  0.000e+00
   55.76528 -134.41774    124.003     25.605     25.371     9.5100    31.1355  1024.1313    24.0150     9.5073     84.136    89.9484     4.6881      8.087     5.5052     7.8675    240.098    245.864  0.000e+00
   55.76528 -134.41774    113.820     25.605     25.371     9.5111    31.1351  1024.1308    24.0145     9.5084     84.139    89.9484     4.6881      8.087     5.5053     7.8676    240.099    245.865  0.000e+00
   55.76528 -134.41774     97.508     25.605     25.371     9.5121    31.1343  1024.1301    24.0137     9.5094     84.195    89.9484     4.6881      8.082     5.5089     7.8727    240.257    246.027  0.000e+00
   55.76528 -134.41774     92.828     25.540     25.307     9.5123    31.1346  1024.1299    24.0139     9.5096     84.203    89.9484     4.6881      8.087     5.5093     7.8734    240.277    246.047  0.000e+00
   55.76528 -134.41774     93.163     25.484     25.251     9.5131    31.1345  1024.1295    24.0137     9.5104     84.210    89.9484     4.6881      8.087     5.5097     7.8739    240.292    246.062  0.000e+00
