EcoFOCI/data/1_SampleCollection/2022_GOA-OA_CruiseData/CTD_raw_BottleFile_RC0083/RC0083_035.ros
* Sea-Bird SBE 9 Data File:
* FileName = C:\Data\RC0083ctd\RC0083_035.hex
* Software Version Seasave V 7.26.7.107
* Temperature SN = 2060
* Conductivity SN = 1084
* Number of Bytes Per Scan = 31
* Number of Voltage Words = 4
* Number of Scans Averaged by the Deck Unit = 1
* NMEA Latitude = 58 07.93 N
* NMEA Longitude = 135 04.00 W
* NMEA UTC (Time) = Aug 18 2022  07:40:47
* NMEA baud rate = 4800
** Ship: R/V Rachel Carson
** Cruise ID: RC0083
** Tech: McHugh/Nomura
** Chief Scientist: Cross
** Station: UCC
** Cast:  CTD035
# nquan = 21
# nvalues = 196                                   
# units = specified
# name 0 = latitude: Latitude [deg]
# name 1 = longitude: Longitude [deg]
# name 2 = sfdSM: Seafloor depth [salt water, m]
# name 3 = prDM: Pressure, Digiquartz [db]
# name 4 = depSM: Depth [salt water, m]
# name 5 = t090C: Temperature [ITS-90, deg C]
# name 6 = sal00: Salinity, Practical [PSU]
# name 7 = density00: Density [density, kg/m^3]
# name 8 = sigma-é00: Density [sigma-theta, kg/m^3]
# name 9 = potemp090C: Potential Temperature [ITS-90, deg C]
# name 10 = sbeox0PS: Oxygen, SBE 43 [% saturation]
# name 11 = CStarTr0: Beam Transmission, WET Labs C-Star [%]
# name 12 = flECO-AFL: Fluorescence, WET Labs ECO-AFL/FL [mg/m^3]
# name 13 = ph: pH
# name 14 = sbeox0ML/L: Oxygen, SBE 43 [ml/l]
# name 15 = sbeox0Mg/L: Oxygen, SBE 43 [mg/l]
# name 16 = sbox0Mm/Kg: Oxygen, SBE 43 [umol/kg]
# name 17 = sbeox0Mm/L: Oxygen, SBE 43 [umol/l]
# name 18 = scan: Scan Count
# name 19 = nbf: Bottles Fired
# name 20 = flag:  0.000e+00
# interval = seconds: 0.0416667
# start_time = Aug 18 2022 07:40:47 [NMEA time, header]
# bad_flag = -9.990e-29
*END*
[from data line 69]
   58.13148 -135.06794    109.687     51.095     50.615     7.2563    30.8919  1024.3862    24.1514     7.2518     56.655    91.0112     0.1167      7.875     3.9064     5.5827    170.348    174.462      12478          2  0.000e+00
   58.13148 -135.06794     91.746     51.103     50.623     7.2561    30.8923  1024.3866    24.1517     7.2516     56.653    91.0112     0.1167      7.875     3.9063     5.5824    170.340    174.454      12479          2  0.000e+00
   58.13148 -135.06794     89.980     51.095     50.615     7.2563    30.8921  1024.3864    24.1516     7.2518     56.650    91.0392     0.1167      7.875     3.9061     5.5821    170.331    174.444      12480          2  0.000e+00
   58.13148 -135.06794     91.502     51.103     50.623     7.2559    30.8926  1024.3869    24.1520     7.2514     56.703    91.0112     0.1167      7.875     3.9097     5.5874    170.491    174.609      12481          2  0.000e+00
   58.13148 -135.06794     92.202     51.095     50.615     7.2556    30.8932  1024.3874    24.1525     7.2511     56.651    91.0112     0.1167      7.880     3.9062     5.5824    170.337    174.451      12482          2  0.000e+00
   58.13148 -135.06794     92.315     51.160     50.679     7.2554    30.8934  1024.3878    24.1527     7.2509     56.649    91.1231     0.1167      7.875     3.9060     5.5821    170.330    174.444      12483          2  0.000e+00
   58.13148 -135.06794     92.266     51.160     50.679     7.2559    30.8928  1024.3873    24.1521     7.2514     56.646    91.1790     0.1167      7.875     3.9058     5.5818    170.319    174.433      12484          2  0.000e+00
   58.13148 -135.06794     92.097     51.038     50.559     7.2559    30.8925  1024.3865    24.1519     7.2514     56.642    91.1790     0.1167      7.875     3.9055     5.5814    170.308    174.421      12485          2  0.000e+00
   58.13148 -135.06794     92.217     51.160     50.679     7.2561    30.8921  1024.3867    24.1516     7.2516     56.640    91.1790     0.1167      7.875     3.9054     5.5812    170.301    174.414      12486          2  0.000e+00
   58.13148 -135.06794     92.217     51.160     50.679     7.2556    30.8928  1024.3873    24.1522     7.2511     56.637    91.1790     0.1167      7.875     3.9052     5.5809    170.293    174.406      12487          2  0.000e+00
   58.13148 -135.06794     92.153     51.095     50.615     7.2556    30.8930  1024.3872    24.1524     7.2511     56.689    91.1790     0.1167      7.875     3.9088     5.5860    170.450    174.566      12488          2  0.000e+00
   58.13148 -135.06794     92.161     51.103     50.623     7.2553    30.8933  1024.3875    24.1526     7.2508     56.693    91.1790     0.1167      7.875     3.9091     5.5865    170.463    174.580      12489          2  0.000e+00
   58.13148 -135.06794     92.217     51.160     50.679     7.2548    30.8939  1024.3883    24.1532     7.2503     56.641    91.1790     0.1167      7.875     3.9056     5.5814    170.309    174.422      12490          2  0.000e+00
   58.13148 -135.06794     92.217     51.160     50.679     7.2553    30.8933  1024.3878    24.1526     7.2508     56.638    91.1790     0.1167      7.875     3.9053     5.5810    170.296    174.409      12491          2  0.000e+00
   58.13148 -135.06794     92.153     51.095     50.615     7.2554    30.8930  1024.3872    24.1523     7.2509     56.634    91.1790     0.1167      7.875     3.9050     5.5806    170.284    174.397      12492          2  0.000e+00
   58.13148 -135.06794     92.381     51.103     50.623     7.2561    30.8921  1024.3865    24.1516     7.2516     56.622    91.1790     0.1167      7.875     3.9042     5.5794    170.248    174.360      12493          2  0.000e+00
   58.13148 -135.06794    124.776     51.216     50.735     7.2561    30.8922  1024.3871    24.1516     7.2516     56.619    91.1790     0.1167      7.875     3.9039     5.5791    170.239    174.350      12494          2  0.000e+00
   58.13148 -135.06794    147.790     51.103     50.623     7.2558    30.8928  1024.3870    24.1521     7.2513     56.614    91.1790     0.1167      7.880     3.9036     5.5787    170.225    174.336      12495          2  0.000e+00
   58.13148 -135.06794    150.679     51.160     50.679     7.2552    30.8942  1024.3885    24.1533     7.2506     56.611    91.1511     0.1167      7.875     3.9034     5.5784    170.215    174.326      12496          2  0.000e+00
   58.13148 -135.06794    150.264     51.160     50.679     7.2543    30.8958  1024.3899    24.1547     7.2498     56.607    91.1790     0.1167      7.875     3.9032     5.5780    170.205    174.316      12497          2  0.000e+00
   58.13148 -135.06794    149.392     51.216     50.735     7.2540    30.8963  1024.3905    24.1551     7.2495     56.603    91.1790     0.1167      7.875     3.9030     5.5777    170.195    174.306      12498          2  0.000e+00
   58.13148 -135.06794    149.133     51.103     50.623     7.2538    30.8963  1024.3901    24.1552     7.2493     56.599    91.1790     0.1167      7.875     3.9026     5.5773    170.181    174.292      12499          2  0.000e+00
   58.13148 -135.06794    149.262     51.160     50.679     7.2540    30.8960  1024.3901    24.1549     7.2495     56.595    91.1790     0.1167      7.880     3.9024     5.5769    170.170    174.280      12500          2  0.000e+00
   58.13148 -135.06794    149.367     51.216     50.735     7.2544    30.8956  1024.3900    24.1546     7.2499     56.591    91.1790     0.1167      7.880     3.9021     5.5765    170.158    174.268      12501          2  0.000e+00
   58.13148 -135.06794    149.247     51.095     50.615     7.2543    30.8962  1024.3899    24.1550     7.2498     56.587    91.1790     0.1167      7.875     3.9018     5.5760    170.143    174.253      12502          2  0.000e+00
   58.13148 -135.06794    149.367     51.216     50.735     7.2535    30.8976  1024.3916    24.1562     7.2490     56.584    91.1511     0.1167      7.875     3.9016     5.5758    170.136    174.245      12503          2  0.000e+00
   58.13148 -135.06794    149.311     51.160     50.679     7.2527    30.8994  1024.3929    24.1577     7.2482     56.579    91.1231     0.1167      7.875     3.9013     5.5754    170.124    174.234      12504          2  0.000e+00
   58.13148 -135.06794    149.311     51.160     50.679     7.2520    30.9000  1024.3935    24.1583     7.2475     56.583    91.1231     0.1167      7.875     3.9016     5.5758    170.137    174.247      12505          2  0.000e+00
   58.13148 -135.06794    149.311     51.160     50.679     7.2524    30.8988  1024.3925    24.1573     7.2479     56.587    91.1511     0.1167      7.875     3.9019     5.5762    170.149    174.259      12506          2  0.000e+00
   58.13140 -135.06814    124.014     25.621     25.381     7.9814    30.3222  1023.7228    23.6054     7.9791     65.935    97.3602     0.2925      7.968     4.4882     6.4140    195.819    200.441      14243          3  0.000e+00
   58.13140 -135.06814    123.606     25.209     24.973     7.9795    30.3232  1023.7220    23.6065     7.9772     65.932    97.3602     0.2925      7.968     4.4881     6.4140    195.818    200.441      14244          3  0.000e+00
   58.13140 -135.06814    123.838     25.443     25.205     7.9790    30.3229  1023.7229    23.6062     7.9766     65.927    97.3602     0.2925      7.963     4.4879     6.4136    195.806    200.429      14245          3  0.000e+00
   58.13140 -135.06814    123.782     25.386     25.149     7.9779    30.3229  1023.7228    23.6064     7.9755     65.926    97.3602     0.2925      7.968     4.4879     6.4137    195.809    200.432      14246          3  0.000e+00
   58.13140 -135.06814    123.838     25.443     25.205     7.9755    30.3236  1023.7240    23.6073     7.9732     65.927    97.3602     0.2925      7.968     4.4882     6.4141    195.819    200.442      14247          3  0.000e+00
   58.13140 -135.06814    123.782     25.386     25.149     7.9734    30.3245  1023.7247    23.6083     7.9710     65.870    97.3602     0.2925      7.968     4.4845     6.4089    195.660    200.280      14248          3  0.000e+00
   58.13140 -135.06814    123.789     25.443     25.205     7.9720    30.3255  1023.7259    23.6093     7.9697     65.918    97.3602     0.2925      7.968     4.4879     6.4137    195.807    200.430      14249          3  0.000e+00
   58.13140 -135.06814    105.083     25.443     25.205     7.9711    30.3267  1023.7270    23.6103     7.9688     65.917    97.3322     0.2925      7.968     4.4879     6.4137    195.806    200.430      14250          3  0.000e+00
   58.13140 -135.06814     91.215     25.322     25.085     7.9704    30.3277  1023.7273    23.6112     7.9681     65.860    97.3322     0.2925      7.968     4.4840     6.4081    195.637    200.256      14251          3  0.000e+00
   58.13140 -135.06814     88.966     25.443     25.205     7.9703    30.3282  1023.7283    23.6116     7.9679     65.852    97.3602     0.2925      7.968     4.4835     6.4074    195.615    200.234      14252          3  0.000e+00
   58.13140 -135.06814     89.796     25.443     25.205     7.9709    30.3280  1023.7280    23.6114     7.9686     65.892    97.3602     0.2925      7.968     4.4861     6.4111    195.729    200.351      14253          3  0.000e+00
   58.13140 -135.06814     90.278     25.386     25.149     7.9716    30.3274  1023.7272    23.6108     7.9692     65.827    97.3602     0.2925      7.968     4.4817     6.4047    195.534    200.151      14254          3  0.000e+00
   58.13140 -135.06814     90.487     25.500     25.261     7.9726    30.3269  1023.7272    23.6103     7.9702     65.818    97.3602     0.2925      7.968     4.4810     6.4038    195.505    200.121      14255          3  0.000e+00
   58.13140 -135.06814     90.326     25.386     25.149     7.9744    30.3261  1023.7258    23.6094     7.9720     65.807    97.3322     0.2925      7.968     4.4801     6.4025    195.467    200.082      14256          3  0.000e+00
   58.13140 -135.06814     90.382     25.443     25.205     7.9753    30.3258  1023.7257    23.6091     7.9730     65.798    97.3602     0.2925      7.968     4.4794     6.4015    195.436    200.050      14257          3  0.000e+00
   58.13140 -135.06814     90.358     25.443     25.205     7.9762    30.3257  1023.7255    23.6089     7.9738     65.844    97.3602     0.2925      7.968     4.4824     6.4058    195.568    200.185      14258          3  0.000e+00
   58.13140 -135.06814     90.326     25.386     25.149     7.9767    30.3250  1023.7246    23.6083     7.9744     65.786    97.3602     0.2925      7.968     4.4784     6.4001    195.393    200.006      14259          3  0.000e+00
   58.13140 -135.06814     90.438     25.500     25.261     7.9765    30.3247  1023.7249    23.6080     7.9742     65.777    97.3322     0.2925      7.968     4.4779     6.3993    195.369    199.981      14260          3  0.000e+00
   58.13140 -135.06814     90.302     25.386     25.149     7.9760    30.3252  1023.7249    23.6085     7.9736     65.711    97.3602     0.2925      7.968     4.4734     6.3930    195.176    199.784      14261          3  0.000e+00
   58.13140 -135.06814     90.382     25.443     25.205     7.9745    30.3267  1023.7266    23.6099     7.9721     65.751    97.3882     0.2925      7.968     4.4762     6.3970    195.297    199.908      14262          3  0.000e+00
   58.13140 -135.06814     90.382     25.443     25.205     7.9732    30.3277  1023.7275    23.6109     7.9709     65.742    97.4161     0.2925      7.968     4.4757     6.3962    195.274    199.885      14263          3  0.000e+00
   58.13140 -135.06814     90.302     25.386     25.149     7.9718    30.3286  1023.7281    23.6117     7.9694     65.732    97.4161     0.2925      7.968     4.4752     6.3955    195.251    199.861      14264          3  0.000e+00
   58.13140 -135.06814     99.230     25.500     25.261     7.9705    30.3302  1023.7301    23.6132     7.9681     65.724    97.4161     0.2925      7.968     4.4747     6.3948    195.229    199.839      14265          3  0.000e+00
   58.13140 -135.06814    118.661     25.443     25.205     7.9692    30.3315  1023.7310    23.6144     7.9668     65.721    97.4161     0.2925      7.968     4.4746     6.3947    195.227    199.837      14266          3  0.000e+00
   58.13140 -135.06814    124.954     25.386     25.149     7.9682    30.3323  1023.7316    23.6152     7.9658     65.719    97.4161     0.2632      7.964     4.4746     6.3946    195.223    199.834      14267          3  0.000e+00
   58.13140 -135.06814    124.815     25.443     25.205     7.9677    30.3325  1023.7321    23.6154     7.9653     65.718    97.4161     0.2632      7.968     4.4745     6.3946    195.223    199.833      14268          3  0.000e+00
   58.13140 -135.06814    124.033     25.443     25.205     7.9676    30.3323  1023.7319    23.6152     7.9652     65.717    97.4161     0.2632      7.968     4.4745     6.3945    195.220    199.830      14269          3  0.000e+00
   58.13140 -135.06814    123.789     25.443     25.205     7.9687    30.3309  1023.7307    23.6140     7.9663     65.716    97.4161     0.2632      7.968     4.4743     6.3943    195.214    199.824      14270          3  0.000e+00
   58.13140 -135.06814    123.653     25.306     25.069     7.9699    30.3294  1023.7286    23.6126     7.9676     65.714    97.4161     0.2632      7.968     4.4741     6.3940    195.205    199.814      14271          3  0.000e+00
   58.13140 -135.06814    123.894     25.500     25.261     7.9703    30.3289  1023.7291    23.6122     7.9679     65.716    97.4161     0.2632      7.968     4.4742     6.3941    195.208    199.817      14272          3  0.000e+00
   58.13140 -135.06814    123.894     25.500     25.261     7.9708    30.3286  1023.7288    23.6119     7.9684     65.716    97.4161     0.2632      7.968     4.4741     6.3940    195.206    199.815      14273          3  0.000e+00
   58.13140 -135.06814    123.782     25.386     25.149     7.9706    30.3286  1023.7283    23.6119     7.9683     65.715    97.4161     0.2632      7.968     4.4741     6.3940    195.205    199.814      14274          3  0.000e+00
   58.13140 -135.06814    123.838     25.443     25.205     7.9699    30.3290  1023.7290    23.6123     7.9676     65.716    97.4161     0.2632      7.968     4.4743     6.3942    195.211    199.820      14275          3  0.000e+00
   58.13140 -135.06814    123.838     25.443     25.205     7.9692    30.3294  1023.7294    23.6127     7.9668     65.772    97.4161     0.2632      7.968     4.4781     6.3997    195.380    199.994      14276          3  0.000e+00
   58.13140 -135.06814    123.782     25.386     25.149     7.9687    30.3304  1023.7300    23.6136     7.9663     65.725    97.4161     0.2632      7.968     4.4749     6.3951    195.239    199.850      14277          3  0.000e+00
   58.13140 -135.06814    123.838     25.443     25.205     7.9685    30.3306  1023.7304    23.6138     7.9662     65.726    97.4161     0.2632      7.968     4.4750     6.3953    195.245    199.855      14278          3  0.000e+00
   58.13140 -135.06814    123.782     25.386     25.149     7.9685    30.3307  1023.7302    23.6138     7.9662     65.720    97.4161     0.2632      7.968     4.4746     6.3947    195.226    199.836      14279          3  0.000e+00
   58.13140 -135.06814    123.838     25.443     25.205     7.9681    30.3313  1023.7310    23.6144     7.9657     65.722    97.4161     0.2632      7.968     4.4748     6.3949    195.233    199.843      14280          3  0.000e+00
   58.13140 -135.06814    123.838     25.443     25.205     7.9677    30.3317  1023.7314    23.6147     7.9653     65.724    97.3882     0.2632      7.968     4.4749     6.3951    195.239    199.850      14281          3  0.000e+00
