EcoFOCI/data/1_SampleCollection/2022_GOA-OA_CruiseData/CTD_raw_BottleFile_RC0083/RC0083_117.ros
* Sea-Bird SBE 9 Data File:
* FileName = C:\Data\RC0083ctd\RC0083_117.hex
* Software Version Seasave V 7.26.7.107
* Temperature SN = 2060
* Conductivity SN = 2881
* Number of Bytes Per Scan = 31
* Number of Voltage Words = 4
* Number of Scans Averaged by the Deck Unit = 1
* NMEA Latitude = 56 28.35 N
* NMEA Longitude = 134 27.35 W
* NMEA UTC (Time) = Aug 23 2022  18:32:24
* NMEA baud rate = 4800
** Ship: R/V Rachel Carson
** Cruise ID: RC0083
** Tech: McHugh/Nomura
** Chief Scientist: Cross
** Station: MCS1
** Cast:  CTD117
# nquan = 21
# nvalues = 392                                   
# units = specified
# name 0 = latitude: Latitude [deg]
# name 1 = longitude: Longitude [deg]
# name 2 = sfdSM: Seafloor depth [salt water, m]
# name 3 = prDM: Pressure, Digiquartz [db]
# name 4 = depSM: Depth [salt water, m]
# name 5 = t090C: Temperature [ITS-90, deg C]
# name 6 = sal00: Salinity, Practical [PSU]
# name 7 = density00: Density [density, kg/m^3]
# name 8 = sigma-é00: Density [sigma-theta, kg/m^3]
# name 9 = potemp090C: Potential Temperature [ITS-90, deg C]
# name 10 = sbeox0PS: Oxygen, SBE 43 [% saturation]
# name 11 = CStarTr0: Beam Transmission, WET Labs C-Star [%]
# name 12 = flECO-AFL: Fluorescence, WET Labs ECO-AFL/FL [mg/m^3]
# name 13 = ph: pH
# name 14 = sbeox0ML/L: Oxygen, SBE 43 [ml/l]
# name 15 = sbeox0Mg/L: Oxygen, SBE 43 [mg/l]
# name 16 = sbox0Mm/Kg: Oxygen, SBE 43 [umol/kg]
# name 17 = sbeox0Mm/L: Oxygen, SBE 43 [umol/l]
# name 18 = scan: Scan Count
# name 19 = nbf: Bottles Fired
# name 20 = flag:  0.000e+00
# interval = seconds: 0.0416667
# start_time = Aug 23 2022 18:32:24 [NMEA time, header]
# bad_flag = -9.990e-29
*END*
   56.47108 -134.45546    407.392    401.237    397.185     5.2727    33.8630  1028.5939    26.7461     5.2406     19.806   106.0585    -0.0884      7.654     1.4025     2.0043     61.005     62.636      16209          1  0.000e+00
   56.47108 -134.45546    407.360    401.229    397.177     5.2730    33.8625  1028.5934    26.7457     5.2409     19.795   106.0585    -0.0884      7.654     1.4018     2.0032     60.972     62.602      16210          1  0.000e+00
   56.47108 -134.45546    407.303    401.172    397.120     5.2735    33.8614  1028.5922    26.7448     5.2414     19.785   106.0585    -0.0884      7.649     1.4010     2.0022     60.939     62.569      16211          1  0.000e+00
   56.47108 -134.45546    407.360    401.229    397.177     5.2738    33.8615  1028.5925    26.7448     5.2417     19.775   106.0585    -0.0884      7.654     1.4003     2.0012     60.908     62.537      16212          1  0.000e+00
   56.47108 -134.45546    407.368    401.237    397.185     5.2743    33.8611  1028.5922    26.7444     5.2422     19.765   106.0585    -0.0884      7.654     1.3996     2.0002     60.878     62.506      16213          1  0.000e+00
   56.47108 -134.45546    407.295    401.164    397.112     5.2746    33.8612  1028.5918    26.7444     5.2425     19.756   106.0585    -0.0884      7.654     1.3989     1.9992     60.848     62.475      16214          1  0.000e+00
   56.47108 -134.45546    407.545    401.416    397.362     5.2740    33.8615  1028.5933    26.7448     5.2419     19.747   106.0585    -0.0884      7.654     1.3983     1.9984     60.823     62.449      16215          1  0.000e+00
   56.47108 -134.45546    407.199    401.042    396.992     5.2743    33.8613  1028.5914    26.7446     5.2422     19.738   106.0585    -0.0884      7.654     1.3976     1.9974     60.793     62.418      16216          1  0.000e+00
   56.47108 -134.45546    407.264    401.107    397.056     5.2746    33.8609  1028.5914    26.7442     5.2425     19.729   106.0585    -0.0884      7.654     1.3970     1.9965     60.767     62.392      16217          1  0.000e+00
   56.47108 -134.45546    407.392    401.237    397.185     5.2746    33.8609  1028.5920    26.7442     5.2425     19.722   106.0585    -0.0884      7.654     1.3965     1.9957     60.743     62.368      16218          1  0.000e+00
   56.47108 -134.45546    407.320    401.164    397.112     5.2746    33.8611  1028.5918    26.7444     5.2425     19.775   106.0585    -0.0884      7.654     1.4002     2.0011     60.906     62.535      16219          1  0.000e+00
   56.47108 -134.45546    407.272    401.115    397.064     5.2746    33.8613  1028.5917    26.7446     5.2425     19.714   106.0585    -0.0884      7.649     1.3959     1.9949     60.718     62.342      16220          1  0.000e+00
   56.47108 -134.45546    407.344    401.164    397.112     5.2746    33.8612  1028.5919    26.7445     5.2425     19.706   105.9746    -0.0884      7.654     1.3954     1.9942     60.695     62.319      16221          1  0.000e+00
   56.47108 -134.45546    407.473    401.294    397.241     5.2743    33.8620  1028.5931    26.7451     5.2422     19.768   105.9467    -0.0884      7.654     1.3998     2.0005     60.887     62.516      16222          1  0.000e+00
   56.47108 -134.45546    407.192    400.985    396.935     5.2743    33.8620  1028.5917    26.7451     5.2423     19.777   105.9187    -0.0884      7.654     1.4004     2.0013     60.912     62.542      16223          1  0.000e+00
   56.47108 -134.45546    407.320    401.115    397.064     5.2743    33.8620  1028.5923    26.7451     5.2422     19.786   105.9187    -0.0884      7.654     1.4011     2.0023     60.942     62.572      16224          1  0.000e+00
   56.47108 -134.45546    407.369    401.164    397.112     5.2738    33.8621  1028.5927    26.7453     5.2417     19.788   105.9187    -0.0884      7.654     1.4012     2.0025     60.948     62.579      16225          1  0.000e+00
   56.47108 -134.45546    407.256    401.050    397.000     5.2733    33.8630  1028.5929    26.7461     5.2412     19.790   105.9187    -0.0884      7.654     1.4013     2.0026     60.953     62.583      16226          1  0.000e+00
   56.47108 -134.45546    407.312    401.107    397.056     5.2730    33.8633  1028.5934    26.7463     5.2409     19.791   105.9187    -0.0884      7.649     1.4015     2.0028     60.959     62.589      16227          1  0.000e+00
   56.47108 -134.45546    407.312    401.107    397.056     5.2732    33.8631  1028.5933    26.7461     5.2411     19.793   105.9187    -0.0884      7.654     1.4016     2.0030     60.964     62.594      16228          1  0.000e+00
   56.47108 -134.45546    407.320    401.115    397.064     5.2728    33.8634  1028.5936    26.7464     5.2407     19.795   105.9467    -0.0884      7.649     1.4017     2.0032     60.969     62.600      16229          1  0.000e+00
   56.47108 -134.45546    407.393    401.164    397.112     5.2724    33.8639  1028.5942    26.7468     5.2403     19.796   105.9187    -0.0884      7.654     1.4018     2.0034     60.975     62.606      16230          1  0.000e+00
   56.47108 -134.45546    407.224    400.993    396.943     5.2728    33.8635  1028.5931    26.7465     5.2407     19.798   105.9187    -0.0884      7.649     1.4019     2.0035     60.978     62.609      16231          1  0.000e+00
   56.47108 -134.45546    407.273    401.042    396.992     5.2727    33.8633  1028.5932    26.7463     5.2407     19.799   105.9187    -0.0884      7.654     1.4020     2.0036     60.984     62.615      16232          1  0.000e+00
   56.47108 -134.45546    407.281    401.050    397.000     5.2731    33.8626  1028.5926    26.7457     5.2410     19.809   105.9467    -0.0884      7.654     1.4027     2.0046     61.013     62.645      16233          1  0.000e+00
   56.47108 -134.45546    407.273    401.042    396.992     5.2730    33.8626  1028.5926    26.7457     5.2409     19.758   105.9467    -0.0884      7.654     1.3991     1.9995     60.857     62.484      16234          1  0.000e+00
   56.47108 -134.45546    407.281    401.050    397.000     5.2735    33.8621  1028.5922    26.7453     5.2414     19.761   105.9467    -0.0884      7.649     1.3993     1.9998     60.865     62.493      16235          1  0.000e+00
   56.47108 -134.45546    407.297    401.042    396.992     5.2733    33.8620  1028.5921    26.7452     5.2412     19.756   105.9467    -0.0884      7.649     1.3990     1.9993     60.852     62.479      16236          1  0.000e+00
   56.47108 -134.45546    407.442    401.164    397.112     5.2736    33.8618  1028.5924    26.7450     5.2415     19.753   105.9187    -0.0884      7.654     1.3987     1.9989     60.839     62.466      16237          1  0.000e+00
   56.47108 -134.45546    407.153    400.871    396.823     5.2735    33.8623  1028.5915    26.7455     5.2415     19.756   105.9187    -0.0884      7.654     1.3990     1.9992     60.850     62.477      16238          1  0.000e+00
   56.47108 -134.45546    407.297    401.042    396.992     5.2739    33.8618  1028.5918    26.7450     5.2418     19.753   105.9187    -0.0884      7.654     1.3987     1.9989     60.841     62.468      16239          1  0.000e+00
   56.47108 -134.45546    407.329    401.050    397.000     5.2738    33.8622  1028.5922    26.7454     5.2417     19.811   105.9187    -0.0884      7.654     1.4028     2.0048     61.019     62.651      16240          1  0.000e+00
   56.47108 -134.45546    407.321    401.042    396.992     5.2739    33.8621  1028.5921    26.7453     5.2418     19.755   105.9467    -0.0884      7.654     1.3989     1.9991     60.847     62.474      16241          1  0.000e+00
   56.47108 -134.45546    407.273    400.993    396.943     5.2738    33.8621  1028.5919    26.7453     5.2417     19.813   105.9746    -0.0884      7.654     1.4030     2.0050     61.026     62.658      16242          1  0.000e+00
   56.47108 -134.45546    407.321    401.042    396.992     5.2737    33.8625  1028.5924    26.7456     5.2416     19.819   105.9746    -0.0884      7.654     1.4034     2.0056     61.042     62.675      16243          1  0.000e+00
   56.47108 -134.45546    407.394    401.115    397.064     5.2736    33.8621  1028.5924    26.7453     5.2415     19.824   105.9746    -0.0884      7.654     1.4038     2.0061     61.059     62.692      16244          1  0.000e+00
   56.47108 -134.45546    407.169    400.863    396.815     5.2738    33.8625  1028.5916    26.7456     5.2418     19.768   105.9746    -0.0884      7.654     1.3998     2.0004     60.885     62.513      16245          1  0.000e+00
   56.47108 -134.45546    407.354    401.050    397.000     5.2739    33.8622  1028.5922    26.7453     5.2418     19.827   105.9746    -0.0884      7.654     1.4039     2.0064     61.067     62.700      16246          1  0.000e+00
   56.47108 -134.45546    407.290    400.985    396.935     5.2738    33.8623  1028.5920    26.7455     5.2418     19.832   105.9746    -0.0884      7.654     1.4043     2.0069     61.083     62.717      16247          1  0.000e+00
   56.47108 -134.45546    407.346    401.042    396.992     5.2739    33.8618  1028.5919    26.7450     5.2418     19.838   105.9746    -0.0884      7.654     1.4047     2.0075     61.101     62.735      16248          1  0.000e+00
   56.47108 -134.45546    407.298    400.993    396.944     5.2738    33.8623  1028.5920    26.7454     5.2417     19.843   105.9746    -0.0884      7.654     1.4051     2.0080     61.117     62.752      16249          1  0.000e+00
   56.47108 -134.45546    407.370    401.042    396.992     5.2736    33.8621  1028.5921    26.7453     5.2415     19.849   105.9746    -0.0884      7.654     1.4055     2.0086     61.135     62.770      16250          1  0.000e+00
   56.47108 -134.45546    407.443    401.115    397.064     5.2737    33.8621  1028.5924    26.7453     5.2416     19.862   105.9746    -0.0884      7.654     1.4065     2.0100     61.177     62.814      16251          1  0.000e+00
   56.47108 -134.45546    407.250    400.920    396.871     5.2736    33.8626  1028.5920    26.7457     5.2415     19.876   105.9746    -0.0591      7.654     1.4074     2.0114     61.218     62.856      16252          1  0.000e+00
   56.47108 -134.45546    407.322    400.993    396.944     5.2737    33.8623  1028.5921    26.7455     5.2416     19.829   105.9746    -0.0591      7.654     1.4041     2.0067     61.075     62.709      16253          1  0.000e+00
   56.47108 -134.45546    407.370    401.042    396.992     5.2739    33.8618  1028.5918    26.7450     5.2418     19.829   105.9746    -0.0591      7.654     1.4041     2.0066     61.073     62.706      16254          1  0.000e+00
   56.47108 -134.45546    407.322    400.993    396.944     5.2737    33.8624  1028.5921    26.7455     5.2416     19.828   105.9746    -0.0591      7.654     1.4040     2.0065     61.070     62.704      16255          1  0.000e+00
   56.47108 -134.45546    407.370    401.042    396.992     5.2738    33.8625  1028.5924    26.7456     5.2417     19.828   105.9746    -0.0591      7.654     1.4040     2.0065     61.070     62.703      16256          1  0.000e+00
   56.47108 -134.45546    407.378    401.050    397.000     5.2740    33.8620  1028.5921    26.7452     5.2419     19.828   105.9746    -0.0591      7.654     1.4040     2.0065     61.070     62.703      16257          1  0.000e+00
   56.47098 -134.45524    350.558    254.406    251.926     5.6092    33.7734  1027.8054    26.6340     5.5885     24.724   106.3942    -0.0884      7.697     1.7380     2.4838     75.605     77.618      22603          2  0.000e+00
   56.47098 -134.45524    350.165    254.009    251.532     5.6092    33.7739  1027.8040    26.6343     5.5885     24.723   106.4221    -0.0884      7.697     1.7379     2.4836     75.600     77.614      22604          2  0.000e+00
   56.47098 -134.45524    350.558    254.406    251.926     5.6094    33.7736  1027.8055    26.6340     5.5887     24.724   106.4221    -0.0884      7.697     1.7379     2.4837     75.603     77.617      22605          2  0.000e+00
   56.47098 -134.45524    350.438    254.284    251.805     5.6095    33.7731  1027.8045    26.6336     5.5888     24.723   106.4221    -0.0884      7.697     1.7379     2.4836     75.600     77.614      22606          2  0.000e+00
   56.47098 -134.45524    350.462    254.309    251.829     5.6095    33.7733  1027.8049    26.6339     5.5888     24.722   106.4221    -0.0884      7.697     1.7378     2.4835     75.598     77.611      22607          2  0.000e+00
   56.47098 -134.45524    350.558    254.406    251.926     5.6097    33.7733  1027.8052    26.6338     5.5890     24.721   106.4221    -0.0591      7.697     1.7377     2.4834     75.594     77.608      22608          2  0.000e+00
   56.47098 -134.45524    350.382    254.228    251.749     5.6096    33.7732  1027.8044    26.6338     5.5889     24.719   106.4221    -0.0591      7.697     1.7376     2.4832     75.588     77.602      22609          2  0.000e+00
   56.47098 -134.45524    350.462    254.309    251.829     5.6099    33.7728  1027.8044    26.6334     5.5891     24.718   106.4221    -0.0591      7.697     1.7375     2.4830     75.583     77.596      22610          2  0.000e+00
   56.47098 -134.45524    350.502    254.349    251.869     5.6100    33.7729  1027.8047    26.6335     5.5893     24.716   106.4221    -0.0591      7.697     1.7373     2.4828     75.577     77.590      22611          2  0.000e+00
   56.47098 -134.45524    350.582    254.430    251.950     5.6099    33.7728  1027.8050    26.6334     5.5891     24.714   106.4221    -0.0591      7.697     1.7372     2.4826     75.571     77.583      22612          2  0.000e+00
   56.47098 -134.45524    350.502    254.349    251.869     5.6100    33.7729  1027.8046    26.6334     5.5893     24.651   106.4221    -0.0591      7.697     1.7328     2.4764     75.380     77.388      22613          2  0.000e+00
   56.47098 -134.45524    350.502    254.349    251.869     5.6100    33.7733  1027.8049    26.6338     5.5893     24.641   106.4221    -0.0591      7.697     1.7321     2.4754     75.349     77.356      22614          2  0.000e+00
   56.47098 -134.45524    350.703    254.552    252.070     5.6100    33.7730  1027.8056    26.6335     5.5893     24.640   106.4221    -0.0591      7.697     1.7320     2.4752     75.344     77.351      22615          2  0.000e+00
   56.47098 -134.45524    350.502    254.349    251.869     5.6099    33.7734  1027.8050    26.6338     5.5891     24.637   106.4221    -0.0591      7.697     1.7318     2.4749     75.336     77.342      22616          2  0.000e+00
   56.47098 -134.45524    350.582    254.430    251.950     5.6099    33.7735  1027.8055    26.6339     5.5891     24.635   106.4221    -0.0591      7.697     1.7317     2.4748     75.331     77.337      22617          2  0.000e+00
   56.47098 -134.45524    350.558    254.406    251.926     5.6100    33.7731  1027.8051    26.6336     5.5893     24.693   106.4221    -0.0591      7.697     1.7357     2.4805     75.507     77.518      22618          2  0.000e+00
   56.47098 -134.45524    350.614    254.463    251.982     5.6099    33.7734  1027.8056    26.6338     5.5891     24.691   106.4221    -0.0591      7.697     1.7356     2.4804     75.502     77.513      22619          2  0.000e+00
   56.47098 -134.45524    350.582    254.430    251.950     5.6099    33.7732  1027.8053    26.6337     5.5891     24.697   106.4221    -0.0591      7.697     1.7360     2.4809     75.519     77.530      22620          2  0.000e+00
   56.47098 -134.45524    350.614    254.463    251.982     5.6095    33.7735  1027.8057    26.6340     5.5888     24.695   106.4221    -0.0591      7.697     1.7359     2.4807     75.513     77.524      22621          2  0.000e+00
