EcoFOCI/data/1_SampleCollection/2022_GOA-OA_CruiseData/CTD_raw_BottleFile_RC0083/RC0083_119.ros
* Sea-Bird SBE 9 Data File:
* FileName = C:\Data\RC0083ctd\RC0083_119.hex
* Software Version Seasave V 7.26.7.107
* Temperature SN = 2060
* Conductivity SN = 2881
* Number of Bytes Per Scan = 31
* Number of Voltage Words = 4
* Number of Scans Averaged by the Deck Unit = 1
* NMEA Latitude = 56 43.21 N
* NMEA Longitude = 134 32.23 W
* NMEA UTC (Time) = Aug 23 2022  21:46:55
* NMEA baud rate = 4800
** Ship: R/V Rachel Carson
** Cruise ID: RC0083
** Tech: McHugh/Nomura
** Chief Scientist: Cross
** Station: MCS2
** Cast:  CTD119
# nquan = 21
# nvalues = 441                                   
# units = specified
# name 0 = latitude: Latitude [deg]
# name 1 = longitude: Longitude [deg]
# name 2 = sfdSM: Seafloor depth [salt water, m]
# name 3 = prDM: Pressure, Digiquartz [db]
# name 4 = depSM: Depth [salt water, m]
# name 5 = t090C: Temperature [ITS-90, deg C]
# name 6 = sal00: Salinity, Practical [PSU]
# name 7 = density00: Density [density, kg/m^3]
# name 8 = sigma-é00: Density [sigma-theta, kg/m^3]
# name 9 = potemp090C: Potential Temperature [ITS-90, deg C]
# name 10 = sbeox0PS: Oxygen, SBE 43 [% saturation]
# name 11 = CStarTr0: Beam Transmission, WET Labs C-Star [%]
# name 12 = flECO-AFL: Fluorescence, WET Labs ECO-AFL/FL [mg/m^3]
# name 13 = ph: pH
# name 14 = sbeox0ML/L: Oxygen, SBE 43 [ml/l]
# name 15 = sbeox0Mg/L: Oxygen, SBE 43 [mg/l]
# name 16 = sbox0Mm/Kg: Oxygen, SBE 43 [umol/kg]
# name 17 = sbeox0Mm/L: Oxygen, SBE 43 [umol/l]
# name 18 = scan: Scan Count
# name 19 = nbf: Bottles Fired
# name 20 = flag:  0.000e+00
# interval = seconds: 0.0416667
# start_time = Aug 23 2022 21:46:55 [NMEA time, header]
# bad_flag = -9.990e-29
*END*
[from data line 138]
   56.71692 -134.53588    299.543    202.868    200.911     5.4987    33.5787  1027.4281    26.4926     5.4825     23.454   105.2474    -0.0591      7.702     1.6551     2.3653     72.010     73.918      42193          3  0.000e+00
   56.71692 -134.53588    299.567    202.916    200.959     5.4981    33.5796  1027.4291    26.4933     5.4819     23.462   105.2474    -0.0591      7.702     1.6557     2.3661     72.034     73.942      42194          3  0.000e+00
   56.71692 -134.53588    299.543    202.868    200.911     5.4977    33.5804  1027.4296    26.4940     5.4815     23.468   105.2474    -0.0591      7.702     1.6562     2.3668     72.055     73.964      42195          3  0.000e+00
   56.71692 -134.53588    299.535    202.860    200.903     5.4973    33.5809  1027.4300    26.4945     5.4811     23.475   105.2474    -0.0591      7.702     1.6566     2.3675     72.075     73.985      42196          3  0.000e+00
   56.71692 -134.53588    299.607    202.933    200.975     5.4970    33.5809  1027.4303    26.4945     5.4808     23.481   105.2754    -0.0591      7.707     1.6571     2.3682     72.096     74.006      42197          3  0.000e+00
   56.71692 -134.53588    299.359    202.681    200.726     5.4961    33.5819  1027.4301    26.4954     5.4799     23.487   105.3593    -0.0591      7.702     1.6575     2.3687     72.113     74.024      42198          3  0.000e+00
   56.71692 -134.53588    299.728    203.054    201.095     5.4931    33.5840  1027.4339    26.4974     5.4769     23.494   105.3873    -0.0591      7.702     1.6581     2.3696     72.138     74.050      42199          3  0.000e+00
   56.71692 -134.53588    299.543    202.868    200.911     5.4901    33.5868  1027.4355    26.5000     5.4739     23.499   105.3873    -0.0591      7.702     1.6585     2.3702     72.158     74.070      42200          3  0.000e+00
   56.71692 -134.53588    299.535    202.860    200.903     5.4871    33.5894  1027.4380    26.5024     5.4709     23.504   105.3873    -0.0591      7.702     1.6590     2.3709     72.178     74.090      42201          3  0.000e+00
   56.71670 -134.53586    249.511    152.330    150.879     5.7626    33.3514  1026.9828    26.2807     5.7502     27.587   105.6949    -0.0591      7.735     1.9376     2.7691     84.319     86.535      44780          4  0.000e+00
   56.71670 -134.53586    249.327    152.144    150.694     5.7626    33.3509  1026.9815    26.2802     5.7502     27.592   105.6949    -0.0591      7.735     1.9380     2.7696     84.335     86.551      44781          4  0.000e+00
   56.71670 -134.53586    249.511    152.330    150.879     5.7627    33.3512  1026.9826    26.2805     5.7504     27.598   105.6949    -0.0591      7.735     1.9384     2.7702     84.354     86.571      44782          4  0.000e+00
   56.71670 -134.53586    249.623    152.443    150.991     5.7626    33.3513  1026.9832    26.2806     5.7502     27.605   105.6949    -0.0591      7.735     1.9389     2.7709     84.373     86.591      44783          4  0.000e+00
   56.71670 -134.53586    249.455    152.273    150.823     5.7627    33.3514  1026.9825    26.2806     5.7504     27.610   105.6949    -0.0591      7.735     1.9392     2.7714     84.389     86.607      44784          4  0.000e+00
   56.71670 -134.53586    249.503    152.322    150.871     5.7627    33.3509  1026.9823    26.2803     5.7504     27.616   105.6949    -0.0591      7.735     1.9397     2.7720     84.407     86.626      44785          4  0.000e+00
   56.71670 -134.53586    249.455    152.273    150.823     5.7630    33.3508  1026.9820    26.2801     5.7506     27.621   105.6949    -0.0591      7.735     1.9401     2.7725     84.424     86.643      44786          4  0.000e+00
   56.71670 -134.53586    249.479    152.322    150.871     5.7627    33.3511  1026.9825    26.2804     5.7504     27.620   105.6949    -0.0591      7.735     1.9400     2.7724     84.421     86.639      44787          4  0.000e+00
   56.71670 -134.53586    249.455    152.273    150.823     5.7626    33.3515  1026.9826    26.2807     5.7502     27.618   105.6949    -0.0591      7.735     1.9398     2.7722     84.415     86.633      44788          4  0.000e+00
   56.71670 -134.53586    249.447    152.265    150.815     5.7627    33.3515  1026.9825    26.2807     5.7504     27.558   105.6949    -0.0591      7.735     1.9356     2.7662     84.230     86.444      44789          4  0.000e+00
   56.71670 -134.53586    249.511    152.330    150.879     5.7628    33.3511  1026.9825    26.2804     5.7505     27.549   105.6949    -0.0591      7.735     1.9350     2.7653     84.204     86.416      44790          4  0.000e+00
   56.71670 -134.53586    249.503    152.322    150.871     5.7627    33.3511  1026.9825    26.2804     5.7504     27.598   105.6949    -0.0591      7.735     1.9384     2.7702     84.354     86.571      44791          4  0.000e+00
   56.71670 -134.53586    249.455    152.273    150.823     5.7630    33.3512  1026.9823    26.2804     5.7506     27.538   105.6949    -0.0591      7.735     1.9342     2.7641     84.168     86.380      44792          4  0.000e+00
   56.71670 -134.53586    249.423    152.265    150.815     5.7628    33.3509  1026.9820    26.2802     5.7505     27.536   105.6949    -0.0591      7.735     1.9340     2.7639     84.162     86.374      44793          4  0.000e+00
   56.71670 -134.53586    249.447    152.265    150.815     5.7631    33.3505  1026.9817    26.2798     5.7507     27.527   105.6949    -0.0591      7.735     1.9334     2.7630     84.134     86.345      44794          4  0.000e+00
   56.71670 -134.53586    249.455    152.273    150.823     5.7628    33.3510  1026.9821    26.2803     5.7505     27.518   105.6949    -0.0591      7.735     1.9328     2.7621     84.107     86.317      44795          4  0.000e+00
   56.71670 -134.53586    249.327    152.144    150.695     5.7630    33.3512  1026.9817    26.2805     5.7506     27.450   105.6949    -0.0591      7.735     1.9280     2.7553     83.900     86.105      44796          4  0.000e+00
   56.71670 -134.53586    249.511    152.330    150.879     5.7630    33.3513  1026.9826    26.2805     5.7506     27.435   105.6949    -0.0591      7.735     1.9269     2.7538     83.854     86.057      44797          4  0.000e+00
   56.71670 -134.53586    249.447    152.265    150.815     5.7627    33.3515  1026.9825    26.2807     5.7504     27.477   105.6949    -0.0591      7.735     1.9299     2.7581     83.984     86.191      44798          4  0.000e+00
   56.71670 -134.53586    249.391    152.209    150.759     5.7631    33.3509  1026.9818    26.2802     5.7508     27.469   105.6949    -0.0591      7.735     1.9293     2.7572     83.957     86.164      44799          4  0.000e+00
   56.71670 -134.53586    249.383    152.201    150.751     5.7627    33.3512  1026.9820    26.2805     5.7504     27.460   105.6949    -0.0591      7.735     1.9288     2.7564     83.932     86.138      44800          4  0.000e+00
   56.71670 -134.53586    249.391    152.209    150.759     5.7627    33.3512  1026.9820    26.2805     5.7504     27.459   105.6949    -0.0591      7.735     1.9287     2.7563     83.929     86.134      44801          4  0.000e+00
   56.71670 -134.53586    249.447    152.265    150.815     5.7630    33.3510  1026.9821    26.2802     5.7506     27.459   105.6949    -0.0591      7.735     1.9286     2.7562     83.926     86.132      44802          4  0.000e+00
   56.71670 -134.53586    249.279    152.095    150.647     5.7627    33.3512  1026.9815    26.2805     5.7504     27.399   105.6949    -0.0591      7.735     1.9245     2.7502     83.745     85.946      44803          4  0.000e+00
   56.71670 -134.53586    249.383    152.201    150.751     5.7628    33.3513  1026.9821    26.2806     5.7505     27.393   105.6949    -0.0591      7.735     1.9240     2.7496     83.725     85.925      44804          4  0.000e+00
   56.71670 -134.53586    249.455    152.273    150.823     5.7630    33.3513  1026.9824    26.2805     5.7506     27.386   105.7229    -0.0591      7.735     1.9235     2.7489     83.706     85.906      44805          4  0.000e+00
   56.71670 -134.53586    249.383    152.201    150.751     5.7628    33.3512  1026.9820    26.2805     5.7505     27.373   105.7229    -0.0591      7.735     1.9226     2.7476     83.665     85.864      44806          4  0.000e+00
   56.71670 -134.53586    249.327    152.144    150.695     5.7631    33.3509  1026.9814    26.2802     5.7508     27.360   105.7229    -0.0591      7.735     1.9217     2.7463     83.625     85.823      44807          4  0.000e+00
   56.71670 -134.53586    249.335    152.152    150.703     5.7627    33.3512  1026.9818    26.2805     5.7504     27.348   105.7509    -0.0591      7.735     1.9208     2.7451     83.588     85.784      44808          4  0.000e+00
   56.71670 -134.53586    249.383    152.201    150.751     5.7630    33.3507  1026.9816    26.2801     5.7506     27.336   105.7509    -0.0591      7.735     1.9200     2.7438     83.551     85.746      44809          4  0.000e+00
   56.71670 -134.53586    249.335    152.152    150.703     5.7630    33.3511  1026.9817    26.2804     5.7506     27.331   105.7229    -0.0591      7.735     1.9196     2.7434     83.536     85.731      44810          4  0.000e+00
   56.71670 -134.53586    249.263    152.079    150.631     5.7630    33.3511  1026.9813    26.2804     5.7506     27.326   105.7229    -0.0591      7.735     1.9193     2.7429     83.523     85.718      44811          4  0.000e+00
   56.71670 -134.53586    249.391    152.209    150.759     5.7627    33.3514  1026.9822    26.2806     5.7504     27.323   105.7229    -0.0591      7.735     1.9191     2.7426     83.514     85.708      44812          4  0.000e+00
   56.71670 -134.53586    249.327    152.144    150.695     5.7628    33.3512  1026.9817    26.2805     5.7505     27.320   105.7229    -0.0591      7.735     1.9189     2.7423     83.504     85.699      44813          4  0.000e+00
   56.71670 -134.53586    249.279    152.095    150.647     5.7626    33.3516  1026.9818    26.2808     5.7503     27.318   105.7229    -0.0591      7.735     1.9187     2.7421     83.497     85.691      44814          4  0.000e+00
   56.71670 -134.53586    249.327    152.144    150.695     5.7628    33.3515  1026.9820    26.2807     5.7505     27.309   105.7229    -0.0591      7.735     1.9181     2.7412     83.469     85.663      44815          4  0.000e+00
   56.71670 -134.53586    249.279    152.095    150.647     5.7627    33.3510  1026.9814    26.2803     5.7504     27.300   105.7229    -0.0591      7.735     1.9175     2.7403     83.442     85.635      44816          4  0.000e+00
   56.71670 -134.53586    249.327    152.144    150.695     5.7627    33.3511  1026.9816    26.2804     5.7504     27.292   105.7229    -0.0591      7.735     1.9169     2.7395     83.417     85.609      44817          4  0.000e+00
   56.71670 -134.53586    249.159    151.974    150.527     5.7630    33.3511  1026.9808    26.2804     5.7506     27.290   105.7229    -0.0591      7.735     1.9168     2.7393     83.412     85.604      44818          4  0.000e+00
   56.71670 -134.53586    249.263    152.079    150.631     5.7626    33.3514  1026.9816    26.2806     5.7503     27.290   105.7509    -0.0591      7.735     1.9168     2.7393     83.413     85.605      44819          4  0.000e+00
   56.71670 -134.53586    249.335    152.152    150.703     5.7628    33.3509  1026.9815    26.2802     5.7505     27.291   105.7229    -0.0591      7.735     1.9169     2.7394     83.415     85.607      44820          4  0.000e+00
   56.71670 -134.53586    249.263    152.079    150.631     5.7627    33.3514  1026.9816    26.2806     5.7504     27.292   105.7229    -0.0591      7.735     1.9169     2.7394     83.416     85.609      44821          4  0.000e+00
   56.71670 -134.53586    249.215    152.031    150.583     5.7630    33.3511  1026.9811    26.2804     5.7506     27.293   105.7229    -0.0591      7.735     1.9170     2.7396     83.420     85.612      44822          4  0.000e+00
   56.71670 -134.53586    249.327    152.144    150.695     5.7627    33.3507  1026.9813    26.2801     5.7504     27.295   105.7229    -0.0591      7.735     1.9172     2.7398     83.428     85.621      44823          4  0.000e+00
   56.71670 -134.53586    249.207    152.023    150.575     5.7627    33.3508  1026.9809    26.2802     5.7504     27.298   105.7229    -0.0591      7.735     1.9173     2.7400     83.435     85.627      44824          4  0.000e+00
   56.71670 -134.53586    249.279    152.096    150.647     5.7626    33.3513  1026.9816    26.2805     5.7503     27.301   105.6949    -0.0591      7.735     1.9176     2.7404     83.445     85.638      44825          4  0.000e+00
   56.71670 -134.53586    249.151    151.966    150.519     5.7630    33.3508  1026.9806    26.2801     5.7506     27.304   105.6949    -0.0591      7.735     1.9178     2.7407     83.455     85.648      44826          4  0.000e+00
   56.71670 -134.53586    249.335    152.152    150.703     5.7628    33.3510  1026.9816    26.2803     5.7505     27.251   105.6949    -0.0591      7.735     1.9140     2.7354     83.293     85.481      44827          4  0.000e+00
   56.71670 -134.53586    249.207    152.023    150.575     5.7630    33.3508  1026.9808    26.2801     5.7506     27.307   105.6949    -0.0591      7.735     1.9180     2.7410     83.464     85.657      44828          4  0.000e+00
   56.71650 -134.53582    199.372    101.696    100.739     6.2233    32.7667  1026.2298    25.7615     6.2149     35.548   105.3313    -0.0298      7.791     2.4796     3.5436    107.959    110.741      47224          5  0.000e+00
   56.71650 -134.53582    199.340    101.663    100.707     6.2232    32.7668  1026.2298    25.7617     6.2147     35.505   105.3593    -0.0298      7.791     2.4766     3.5393    107.828    110.606      47225          5  0.000e+00
   56.71650 -134.53582    199.492    101.817    100.860     6.2228    32.7669  1026.2306    25.7618     6.2143     35.512   105.3593    -0.0298      7.791     2.4772     3.5401    107.851    110.630      47226          5  0.000e+00
   56.71650 -134.53582    199.308    101.631    100.675     6.2228    32.7668  1026.2297    25.7617     6.2144     35.575   105.3593    -0.0298      7.791     2.4815     3.5463    108.041    110.825      47227          5  0.000e+00
   56.71650 -134.53582    199.404    101.728    100.772     6.2226    32.7668  1026.2302    25.7617     6.2141     35.594   105.3593    -0.0298      7.791     2.4829     3.5482    108.099    110.884      47228          5  0.000e+00
   56.71650 -134.53582    199.428    101.752    100.796     6.2227    32.7660  1026.2297    25.7611     6.2142     35.611   105.3593    -0.0591      7.791     2.4841     3.5500    108.153    110.940      47229          5  0.000e+00
   56.71650 -134.53582    199.404    101.728    100.772     6.2226    32.7663  1026.2297    25.7613     6.2141     35.621   105.3593    -0.0298      7.791     2.4848     3.5510    108.183    110.970      47230          5  0.000e+00
   56.71650 -134.53582    199.428    101.753    100.796     6.2226    32.7666  1026.2301    25.7616     6.2141     35.630   105.3593    -0.0298      7.791     2.4854     3.5519    108.209    110.997      47231          5  0.000e+00
   56.71650 -134.53582    199.340    101.664    100.707     6.2227    32.7663  1026.2295    25.7614     6.2142     35.637   105.3593    -0.0298      7.796     2.4859     3.5526    108.231    111.019      47232          5  0.000e+00
   56.71650 -134.53582    199.428    101.753    100.796     6.2226    32.7661  1026.2297    25.7612     6.2141     35.644   105.3593    -0.0298      7.791     2.4864     3.5533    108.252    111.041      47233          5  0.000e+00
