EcoFOCI/data/1_SampleCollection/2022_GOA-OA_CruiseData/CTD_raw_BottleFile_RC0083/RC0083_102.cnv
* Sea-Bird SBE 9 Data File:
* FileName = C:\Data\RC0083ctd\RC0083_102.hex
* Software Version Seasave V 7.26.7.107
* Temperature SN = 2060
* Conductivity SN = 2881
* Number of Bytes Per Scan = 31
* Number of Voltage Words = 4
* Number of Scans Averaged by the Deck Unit = 1
* NMEA Latitude = 56 25.80 N
* NMEA Longitude = 132 35.11 W
* NMEA UTC (Time) = Aug 23 2022  00:50:52
* NMEA baud rate = 4800
** Ship: R/V Rachel Carson
** Cruise ID: RC0083
** Tech: McHugh/Nomura
** Chief Scientist: Cross
** Station: WI4
** Cast:  CTD102
# nquan = 19
# nvalues = 13173                                 
# units = specified
# name 0 = latitude: Latitude [deg]
# name 1 = longitude: Longitude [deg]
# name 2 = sfdSM: Seafloor depth [salt water, m]
# name 3 = prDM: Pressure, Digiquartz [db]
# name 4 = depSM: Depth [salt water, m]
# name 5 = t090C: Temperature [ITS-90, deg C]
# name 6 = sal00: Salinity, Practical [PSU]
# name 7 = density00: Density [density, kg/m^3]
# name 8 = sigma-é00: Density [sigma-theta, kg/m^3]
# name 9 = potemp090C: Potential Temperature [ITS-90, deg C]
# name 10 = sbeox0PS: Oxygen, SBE 43 [% saturation]
# name 11 = CStarTr0: Beam Transmission, WET Labs C-Star [%]
# name 12 = flECO-AFL: Fluorescence, WET Labs ECO-AFL/FL [mg/m^3]
# name 13 = ph: pH
# name 14 = sbeox0ML/L: Oxygen, SBE 43 [ml/l]
# name 15 = sbeox0Mg/L: Oxygen, SBE 43 [mg/l]
# name 16 = sbox0Mm/Kg: Oxygen, SBE 43 [umol/kg]
# name 17 = sbeox0Mm/L: Oxygen, SBE 43 [umol/l]
# name 18 = flag:  0.000e+00
# span 0 =   56.42972,   56.43002                 
# span 1 = -132.58572, -132.58506                 
# span 2 =      5.278,    261.169                 
# span 3 =      3.155,    194.769                 
# span 4 =      3.126,    192.898                 
# span 5 =     5.8466,    13.3743                 
# span 6 =    13.9753,    33.5477                 
# span 7 =  1010.1226,  1027.3222                 
# span 8 =    10.1067,    26.4260                 
# span 9 =     5.8306,    13.3739                 
# span 10 =     19.773,    102.851                
# span 11 =    22.7110,    99.4019                
# span 12 =    -0.0591,    15.6478                
# span 13 =      7.604,      8.490                
# span 14 =     1.3842,     6.8883                
# span 15 =     1.9782,     9.8440                
# span 16 =     60.229,    304.460                
# span 17 =     61.819,    307.630                
# span 18 = 0.0000e+00, 0.0000e+00                
# interval = seconds: 0.0416667
# start_time = Aug 23 2022 00:50:52 [NMEA time, header]
# bad_flag = -9.990e-29
*END*
[from data line 6401]
   56.42998 -132.58528    205.771    186.730    184.941     5.8871    33.4980  1027.2413    26.3817     5.8716     20.081    81.5577    -0.0298      7.604     1.4050     2.0078     61.133     62.746  0.000e+00
   56.42998 -132.58528    205.811    186.795    185.005     5.8866    33.4983  1027.2418    26.3820     5.8711     20.077    81.5577    -0.0298      7.604     1.4047     2.0075     61.122     62.734  0.000e+00
   56.42998 -132.58528    205.737    186.819    185.029     5.8867    33.4985  1027.2421    26.3821     5.8713     20.080    81.5577    -0.0298      7.604     1.4049     2.0078     61.131     62.744  0.000e+00
   56.42998 -132.58528    205.809    186.917    185.125     5.8867    33.4984  1027.2425    26.3821     5.8713     20.084    81.5577    -0.0298      7.604     1.4052     2.0082     61.143     62.756  0.000e+00
   56.42998 -132.58528    205.745    186.852    185.061     5.8866    33.4982  1027.2420    26.3819     5.8712     20.088    81.5577    -0.0298      7.604     1.4055     2.0085     61.154     62.768  0.000e+00
   56.42998 -132.58528    205.809    186.917    185.125     5.8866    33.4983  1027.2425    26.3820     5.8711     20.092    81.5577    -0.0298      7.604     1.4058     2.0090     61.167     62.781  0.000e+00
   56.42998 -132.58528    205.784    186.941    185.149     5.8869    33.4981  1027.2424    26.3818     5.8714     20.038    81.5018    -0.0298      7.604     1.4020     2.0035     61.002     62.612  0.000e+00
   56.42998 -132.58528    205.743    186.973    185.181     5.8866    33.4985  1027.2428    26.3821     5.8711     20.095    81.2780    -0.0298      7.604     1.4059     2.0092     61.175     62.789  0.000e+00
   56.42998 -132.58528    205.775    187.030    185.237     5.8866    33.4984  1027.2430    26.3821     5.8711     20.100    81.1661    -0.0298      7.604     1.4063     2.0098     61.191     62.806  0.000e+00
   56.42998 -132.58528    205.775    187.030    185.237     5.8864    33.4985  1027.2431    26.3822     5.8710     20.098    81.1661    -0.0298      7.604     1.4062     2.0096     61.186     62.800  0.000e+00
   56.42998 -132.58528    205.863    187.119    185.326     5.8866    33.4983  1027.2434    26.3820     5.8712     20.097    81.1661    -0.0298      7.604     1.4061     2.0094     61.181     62.795  0.000e+00
   56.42998 -132.58528    205.790    187.095    185.302     5.8859    33.4990  1027.2439    26.3826     5.8704     20.153    81.1941    -0.0298      7.604     1.4101     2.0151     61.355     62.973  0.000e+00
   56.42998 -132.58528    205.741    187.095    185.302     5.8861    33.4988  1027.2437    26.3825     5.8706     20.166    81.1941    -0.0298      7.604     1.4109     2.0163     61.392     63.011  0.000e+00
   56.42998 -132.58528    205.861    187.241    185.446     5.8858    33.4993  1027.2448    26.3829     5.8703     20.113    81.1941    -0.0298      7.604     1.4072     2.0110     61.230     62.846  0.000e+00
   56.42998 -132.58528    205.773    187.152    185.358     5.8859    33.4996  1027.2446    26.3831     5.8704     20.052    81.1941    -0.0298      7.604     1.4029     2.0049     61.045     62.655  0.000e+00
   56.42998 -132.58528    205.837    187.216    185.422     5.8856    33.4997  1027.2450    26.3832     5.8702     20.043    81.1941    -0.0298      7.604     1.4024     2.0041     61.019     62.629  0.000e+00
   56.42998 -132.58528    205.820    187.273    185.478     5.8857    33.4995  1027.2451    26.3831     5.8702     20.093    81.1941    -0.0298      7.604     1.4059     2.0091     61.172     62.786  0.000e+00
   56.42998 -132.58528    205.771    187.297    185.502     5.8855    33.4999  1027.2456    26.3834     5.8700     20.092    81.1661    -0.0298      7.604     1.4058     2.0090     61.168     62.782  0.000e+00
   56.42998 -132.58528    205.803    187.330    185.534     5.8853    33.5002  1027.2460    26.3837     5.8698     20.032    81.1941    -0.0298      7.604     1.4016     2.0030     60.986     62.595  0.000e+00
   56.42998 -132.58528    205.803    187.330    185.534     5.8855    33.5000  1027.2458    26.3835     5.8700     20.082    81.1941    -0.0298      7.604     1.4051     2.0080     61.139     62.752  0.000e+00
   56.42998 -132.58528    205.803    187.330    185.534     5.8851    33.5003  1027.2461    26.3838     5.8696     20.023    81.1941    -0.0298      7.604     1.4009     2.0021     60.957     62.566  0.000e+00
   56.42998 -132.58528    205.729    187.354    185.558     5.8851    33.5003  1027.2462    26.3838     5.8696     20.074    81.1941    -0.0298      7.604     1.4045     2.0071     61.112     62.724  0.000e+00
   56.42998 -132.58528    205.721    187.395    185.598     5.8853    33.5002  1027.2463    26.3837     5.8698     20.073    81.1941    -0.0298      7.604     1.4044     2.0071     61.109     62.721  0.000e+00
   56.42998 -132.58528    205.777    187.451    185.655     5.8850    33.5003  1027.2467    26.3838     5.8696     20.072    81.1941    -0.0298      7.604     1.4044     2.0070     61.107     62.719  0.000e+00
   56.42998 -132.58528    205.745    187.419    185.622     5.8850    33.5004  1027.2466    26.3839     5.8695     20.013    81.1941    -0.0298      7.604     1.4002     2.0011     60.926     62.534  0.000e+00
   56.42998 -132.58528    205.752    187.451    185.655     5.8848    33.5008  1027.2471    26.3842     5.8693     20.064    81.1941    -0.0298      7.604     1.4038     2.0062     61.082     62.693  0.000e+00
   56.42998 -132.58528    205.703    187.451    185.655     5.8848    33.5009  1027.2472    26.3843     5.8693     20.063    81.1661    -0.0298      7.604     1.4037     2.0061     61.080     62.691  0.000e+00
   56.42998 -132.58528    205.719    187.516    185.719     5.8845    33.5012  1027.2478    26.3846     5.8690     20.011    80.9144    -0.0298      7.604     1.4001     2.0009     60.923     62.531  0.000e+00
   56.42998 -132.58528    205.743    187.541    185.743     5.8842    33.5016  1027.2482    26.3849     5.8687     20.004    80.7746    -0.0298      7.604     1.3997     2.0003     60.902     62.509  0.000e+00
   56.42998 -132.58528    205.799    187.573    185.775     5.8842    33.5014  1027.2482    26.3848     5.8687     19.998    80.7466    -0.0298      7.604     1.3992     1.9996     60.882     62.488  0.000e+00
   56.42998 -132.58528    205.750    187.573    185.775     5.8840    33.5016  1027.2484    26.3850     5.8685     19.991    80.7466    -0.0298      7.604     1.3988     1.9990     60.863     62.469  0.000e+00
   56.42998 -132.58528    205.677    187.597    185.799     5.8842    33.5015  1027.2484    26.3849     5.8687     20.044    80.7466    -0.0298      7.609     1.4024     2.0042     61.022     62.632  0.000e+00
   56.42998 -132.58528    205.684    187.630    185.831     5.8840    33.5019  1027.2489    26.3851     5.8685     19.986    80.7466    -0.0298      7.604     1.3984     1.9985     60.847     62.452  0.000e+00
   56.42998 -132.58528    205.684    187.630    185.831     5.8838    33.5019  1027.2489    26.3852     5.8683     19.980    80.7466    -0.0298      7.604     1.3980     1.9979     60.830     62.435  0.000e+00
   56.42998 -132.58528    205.749    187.694    185.895     5.8840    33.5016  1027.2490    26.3850     5.8685     19.975    80.7466    -0.0298      7.604     1.3976     1.9973     60.813     62.417  0.000e+00
   56.42998 -132.58528    205.245    187.654    185.855     5.8836    33.5020  1027.2491    26.3853     5.8681     19.970    80.7466    -0.0298      7.604     1.3973     1.9968     60.797     62.401  0.000e+00
   56.42998 -132.58528    204.926    187.751    185.951     5.8835    33.5018  1027.2494    26.3852     5.8680     19.907    80.7466    -0.0298      7.604     1.3928     1.9905     60.605     62.204  0.000e+00
   56.42998 -132.58528    204.828    187.751    185.951     5.8837    33.5018  1027.2494    26.3852     5.8682     19.961    80.7466    -0.0298      7.604     1.3966     1.9959     60.770     62.374  0.000e+00
   56.42998 -132.58528    204.820    187.719    185.919     5.8832    33.5026  1027.2499    26.3858     5.8677     20.023    80.7746    -0.0298      7.604     1.4010     2.0021     60.959     62.568  0.000e+00
   56.42998 -132.58528    204.877    187.751    185.951     5.8830    33.5027  1027.2502    26.3859     5.8675     19.975    80.7466    -0.0298      7.604     1.3977     1.9974     60.814     62.419  0.000e+00
   56.42998 -132.58528    204.990    187.816    186.015     5.8829    33.5027  1027.2505    26.3860     5.8674     20.038    80.7746    -0.0298      7.604     1.4021     2.0037     61.007     62.616  0.000e+00
   56.42998 -132.58528    205.039    187.816    186.015     5.8831    33.5027  1027.2505    26.3859     5.8676     19.992    80.7746    -0.0298      7.604     1.3988     1.9990     60.864     62.470  0.000e+00
   56.42998 -132.58528    205.055    187.832    186.032     5.8827    33.5029  1027.2508    26.3861     5.8672     19.990    80.7466    -0.0298      7.604     1.3987     1.9988     60.858     62.464  0.000e+00
   56.42998 -132.58528    205.039    187.816    186.016     5.8827    33.5031  1027.2508    26.3863     5.8672     19.988    80.7466    -0.0298      7.604     1.3985     1.9986     60.853     62.458  0.000e+00
   56.42998 -132.58528    205.095    187.873    186.072     5.8824    33.5037  1027.2516    26.3868     5.8669     19.986    80.7466    -0.0298      7.604     1.3984     1.9985     60.849     62.454  0.000e+00
   56.42998 -132.58528    205.143    187.897    186.096     5.8824    33.5037  1027.2517    26.3868     5.8669     19.985    80.7466    -0.0298      7.604     1.3984     1.9984     60.845     62.451  0.000e+00
   56.42998 -132.58528    205.144    187.873    186.072     5.8822    33.5040  1027.2518    26.3870     5.8667     19.926    80.7466    -0.0298      7.604     1.3942     1.9925     60.665     62.266  0.000e+00
   56.42998 -132.58528    205.264    187.994    186.192     5.8819    33.5047  1027.2530    26.3877     5.8664     19.919    80.5788    -0.0298      7.604     1.3937     1.9918     60.644     62.244  0.000e+00
   56.42998 -132.58528    205.320    188.051    186.248     5.8821    33.5045  1027.2531    26.3875     5.8665     19.912    80.4110    -0.0298      7.609     1.3933     1.9911     60.623     62.223  0.000e+00
   56.42998 -132.58528    205.168    187.897    186.096     5.8816    33.5052  1027.2530    26.3881     5.8660     19.906    80.3830    -0.0298      7.604     1.3928     1.9905     60.604     62.203  0.000e+00
   56.42998 -132.58528    205.264    187.994    186.192     5.8818    33.5048  1027.2531    26.3877     5.8663     19.901    80.3830    -0.0298      7.604     1.3924     1.9899     60.588     62.187  0.000e+00
   56.42998 -132.58528    205.320    188.051    186.248     5.8819    33.5048  1027.2533    26.3877     5.8664     19.896    80.3830    -0.0298      7.609     1.3921     1.9895     60.573     62.171  0.000e+00
   56.42998 -132.58528    205.288    188.019    186.216     5.8816    33.5052  1027.2536    26.3881     5.8660     19.891    80.3830    -0.0298      7.604     1.3918     1.9890     60.560     62.158  0.000e+00
   56.42998 -132.58528    205.384    188.116    186.312     5.8815    33.5050  1027.2539    26.3880     5.8660     19.888    80.3830    -0.0298      7.604     1.3916     1.9887     60.549     62.147  0.000e+00
   56.42998 -132.58528    205.296    188.051    186.248     5.8818    33.5049  1027.2535    26.3878     5.8663     19.884    80.3830    -0.0298      7.604     1.3913     1.9883     60.538     62.136  0.000e+00
   56.42998 -132.58528    205.392    188.172    186.368     5.8816    33.5051  1027.2542    26.3880     5.8660     19.875    80.3830    -0.0298      7.609     1.3906     1.9874     60.509     62.106  0.000e+00
   56.42998 -132.58528    205.352    188.132    186.328     5.8819    33.5051  1027.2540    26.3879     5.8664     19.872    80.3830    -0.0298      7.604     1.3905     1.9871     60.501     62.098  0.000e+00
   56.42998 -132.58528    205.335    188.116    186.312     5.8818    33.5051  1027.2539    26.3880     5.8662     19.929    80.3830    -0.0298      7.604     1.3944     1.9928     60.674     62.275  0.000e+00
   56.42998 -132.58528    205.448    188.229    186.425     5.8814    33.5050  1027.2544    26.3879     5.8659     19.935    80.3830    -0.0298      7.604     1.3949     1.9934     60.693     62.294  0.000e+00
   56.42998 -132.58528    205.391    188.197    186.392     5.8816    33.5053  1027.2544    26.3881     5.8661     19.882    80.4110    -0.0298      7.609     1.3912     1.9881     60.532     62.129  0.000e+00
   56.42998 -132.58528    205.423    188.229    186.425     5.8818    33.5050  1027.2544    26.3879     5.8662     19.889    80.3830    -0.0298      7.604     1.3916     1.9888     60.552     62.150  0.000e+00
   56.42998 -132.58528    205.367    188.173    186.368     5.8816    33.5054  1027.2545    26.3882     5.8660     19.896    80.3830    -0.0298      7.604     1.3922     1.9895     60.575     62.173  0.000e+00
   56.42998 -132.58528    205.487    188.294    186.489     5.8818    33.5050  1027.2547    26.3879     5.8662     19.898    80.3830    -0.0298      7.604     1.3923     1.9897     60.579     62.178  0.000e+00
   56.42998 -132.58528    205.447    188.254    186.449     5.8814    33.5053  1027.2548    26.3882     5.8659     19.892    80.3830    -0.0298      7.604     1.3919     1.9891     60.563     62.161  0.000e+00
   56.42998 -132.58528    205.439    188.294    186.489     5.8813    33.5058  1027.2554    26.3886     5.8657     19.887    80.4110    -0.0298      7.604     1.3915     1.9886     60.547     62.145  0.000e+00
   56.42998 -132.58528    205.591    188.472    186.665     5.8815    33.5055  1027.2559    26.3884     5.8659     19.890    80.3830    -0.0298      7.604     1.3917     1.9889     60.555     62.153  0.000e+00
   56.42998 -132.58528    205.254    188.132    186.328     5.8813    33.5058  1027.2547    26.3886     5.8657     19.892    80.3830    -0.0298      7.604     1.3918     1.9891     60.562     62.160  0.000e+00
   56.42998 -132.58528    205.470    188.351    186.545     5.8813    33.5057  1027.2555    26.3885     5.8657     19.889    80.4390    -0.0298      7.604     1.3916     1.9888     60.552     62.150  0.000e+00
   56.42998 -132.58528    205.535    188.416    186.609     5.8811    33.5058  1027.2559    26.3886     5.8656     19.893    80.5508    -0.0298      7.604     1.3919     1.9892     60.564     62.162  0.000e+00
   56.42998 -132.58528    205.414    188.318    186.513     5.8813    33.5060  1027.2556    26.3887     5.8657     19.889    80.5788    -0.0298      7.609     1.3917     1.9888     60.554     62.152  0.000e+00
   56.42998 -132.58528    205.486    188.416    186.609     5.8810    33.5060  1027.2561    26.3888     5.8654     19.894    80.5508    -0.0298      7.604     1.3920     1.9893     60.570     62.168  0.000e+00
   56.42998 -132.58528    205.486    188.416    186.609     5.8814    33.5056  1027.2557    26.3884     5.8658     19.900    80.5508    -0.0298      7.604     1.3924     1.9899     60.585     62.184  0.000e+00
   56.42998 -132.58528    205.486    188.416    186.609     5.8810    33.5062  1027.2563    26.3890     5.8654     19.905    80.5788    -0.0298      7.604     1.3928     1.9905     60.603     62.203  0.000e+00
   56.42998 -132.58528    205.566    188.497    186.689     5.8810    33.5060  1027.2565    26.3888     5.8654     19.905    80.5788    -0.0298      7.604     1.3928     1.9904     60.601     62.201  0.000e+00
   56.42998 -132.58528    205.517    188.472    186.665     5.8810    33.5059  1027.2563    26.3887     5.8654     19.911    80.5788    -0.0298      7.604     1.3932     1.9911     60.622     62.221  0.000e+00
