EcoFOCI/data/1_SampleCollection/2022_GOA-OA_CruiseData/CTD_raw_BottleFile_RC0083/RC0083_024.ros
* Sea-Bird SBE 9 Data File:
* FileName = C:\Data\RC0083ctd\RC0083_024.hex
* Software Version Seasave V 7.26.7.107
* Temperature SN = 2060
* Conductivity SN = 1084
* Number of Bytes Per Scan = 31
* Number of Voltage Words = 4
* Number of Scans Averaged by the Deck Unit = 1
* NMEA Latitude = 56 36.41 N
* NMEA Longitude = 135 59.87 W
* NMEA UTC (Time) = Aug 14 2022  22:41:56
* NMEA baud rate = 4800
** Ship: R/V Rachel Carson
** Cruise ID: RC0083
** Tech: McHugh/Nomura
** Chief Scientist: Cross
** Station: SEC04
** Cast:  CTD024
# nquan = 21
# nvalues = 490                                   
# units = specified
# name 0 = latitude: Latitude [deg]
# name 1 = longitude: Longitude [deg]
# name 2 = sfdSM: Seafloor depth [salt water, m]
# name 3 = prDM: Pressure, Digiquartz [db]
# name 4 = depSM: Depth [salt water, m]
# name 5 = t090C: Temperature [ITS-90, deg C]
# name 6 = sal00: Salinity, Practical [PSU]
# name 7 = density00: Density [density, kg/m^3]
# name 8 = sigma-é00: Density [sigma-theta, kg/m^3]
# name 9 = potemp090C: Potential Temperature [ITS-90, deg C]
# name 10 = sbeox0PS: Oxygen, SBE 43 [% saturation]
# name 11 = CStarTr0: Beam Transmission, WET Labs C-Star [%]
# name 12 = flECO-AFL: Fluorescence, WET Labs ECO-AFL/FL [mg/m^3]
# name 13 = ph: pH
# name 14 = sbeox0ML/L: Oxygen, SBE 43 [ml/l]
# name 15 = sbeox0Mg/L: Oxygen, SBE 43 [mg/l]
# name 16 = sbox0Mm/Kg: Oxygen, SBE 43 [umol/kg]
# name 17 = sbeox0Mm/L: Oxygen, SBE 43 [umol/l]
# name 18 = scan: Scan Count
# name 19 = nbf: Bottles Fired
# name 20 = flag:  0.000e+00
# interval = seconds: 0.0416667
# start_time = Aug 14 2022 22:41:56 [NMEA time, header]
# bad_flag = -9.990e-29
*END*
[from data line 138]
   56.60852 -135.99634    298.687    202.001    200.054     5.9392    33.7792  1027.5266    26.5976     5.9223     34.500   106.6459    -0.0884      7.749     2.4063     3.4389    104.682    107.466      29338          3  0.000e+00
   56.60852 -135.99634    298.695    202.009    200.062     5.9396    33.7795  1027.5269    26.5979     5.9227     34.505   106.6459    -0.0884      7.749     2.4067     3.4393    104.696    107.481      29339          3  0.000e+00
   56.60852 -135.99634    298.743    202.057    200.111     5.9402    33.7788  1027.5265    26.5973     5.9233     34.510   106.6459    -0.0884      7.749     2.4070     3.4398    104.711    107.496      29340          3  0.000e+00
   56.60852 -135.99634    298.815    202.130    200.183     5.9399    33.7795  1027.5274    26.5979     5.9229     34.516   106.6179    -0.0884      7.749     2.4074     3.4404    104.728    107.514      29341          3  0.000e+00
   56.60852 -135.99634    298.871    202.187    200.239     5.9397    33.7796  1027.5278    26.5979     5.9228     34.521   106.6459    -0.0884      7.749     2.4078     3.4409    104.745    107.531      29342          3  0.000e+00
   56.60852 -135.99634    298.863    202.179    200.231     5.9401    33.7791  1027.5273    26.5975     5.9232     34.526   106.6179    -0.0884      7.749     2.4081     3.4414    104.760    107.546      29343          3  0.000e+00
   56.60852 -135.99634    298.936    202.252    200.303     5.9401    33.7789  1027.5275    26.5973     5.9232     34.532   106.6179    -0.0884      7.749     2.4085     3.4420    104.777    107.563      29344          3  0.000e+00
   56.60852 -135.99634    299.040    202.357    200.407     5.9396    33.7795  1027.5285    26.5979     5.9226     34.537   106.6459    -0.0884      7.749     2.4089     3.4426    104.794    107.582      29345          3  0.000e+00
   56.60852 -135.99634    298.871    202.187    200.239     5.9381    33.7795  1027.5279    26.5981     5.9212     34.542   106.6459    -0.0884      7.749     2.4093     3.4431    104.812    107.599      29346          3  0.000e+00
   56.60864 -135.99620    248.776    151.586    150.143     6.3388    33.5258  1027.0429    26.3466     6.3258     46.544   106.8417    -0.0884      7.820     3.2217     4.6041    140.187    143.880      31800          4  0.000e+00
   56.60864 -135.99620    248.768    151.578    150.135     6.3387    33.5261  1027.0431    26.3468     6.3257     46.544   106.8417    -0.0884      7.820     3.2217     4.6041    140.186    143.879      31801          4  0.000e+00
   56.60864 -135.99620    248.712    151.521    150.079     6.3391    33.5252  1027.0421    26.3461     6.3261     46.534   106.8417    -0.0884      7.820     3.2210     4.6031    140.155    143.848      31802          4  0.000e+00
   56.60864 -135.99620    248.648    151.456    150.015     6.3400    33.5242  1027.0409    26.3452     6.3270     46.465   106.8417    -0.0884      7.820     3.2162     4.5962    139.947    143.634      31803          4  0.000e+00
   56.60864 -135.99620    248.776    151.586    150.143     6.3408    33.5228  1027.0403    26.3440     6.3278     46.446   106.8417    -0.0884      7.820     3.2148     4.5943    139.888    143.574      31804          4  0.000e+00
   56.60864 -135.99620    248.648    151.456    150.015     6.3413    33.5222  1027.0391    26.3434     6.3283     46.433   106.8417    -0.0884      7.820     3.2139     4.5929    139.847    143.531      31805          4  0.000e+00
   56.60864 -135.99620    248.656    151.464    150.023     6.3413    33.5220  1027.0390    26.3432     6.3283     46.420   106.8417    -0.0884      7.820     3.2130     4.5916    139.808    143.491      31806          4  0.000e+00
   56.60864 -135.99620    248.648    151.456    150.015     6.3419    33.5215  1027.0386    26.3428     6.3289     46.463   106.8417    -0.0884      7.820     3.2159     4.5959    139.936    143.623      31807          4  0.000e+00
   56.60864 -135.99620    248.600    151.408    149.967     6.3413    33.5224  1027.0391    26.3436     6.3283     46.398   106.8417    -0.0884      7.820     3.2115     4.5895    139.744    143.425      31808          4  0.000e+00
   56.60864 -135.99620    248.648    151.456    150.015     6.3415    33.5221  1027.0391    26.3433     6.3284     46.383   106.8417    -0.0884      7.820     3.2104     4.5880    139.698    143.378      31809          4  0.000e+00
   56.60864 -135.99620    248.584    151.392    149.951     6.3412    33.5223  1027.0390    26.3436     6.3282     46.375   106.8417    -0.0884      7.820     3.2099     4.5872    139.673    143.353      31810          4  0.000e+00
   56.60864 -135.99620    248.536    151.343    149.903     6.3410    33.5224  1027.0388    26.3436     6.3280     46.358   106.8417    -0.0884      7.820     3.2087     4.5856    139.624    143.302      31811          4  0.000e+00
   56.60864 -135.99620    248.584    151.392    149.951     6.3408    33.5226  1027.0393    26.3438     6.3278     46.350   106.8417    -0.0884      7.820     3.2081     4.5848    139.598    143.276      31812          4  0.000e+00
   56.60864 -135.99620    248.600    151.408    149.967     6.3407    33.5231  1027.0397    26.3442     6.3277     46.332   106.8417    -0.0884      7.820     3.2069     4.5830    139.546    143.222      31813          4  0.000e+00
   56.60864 -135.99620    248.528    151.335    149.895     6.3407    33.5223  1027.0388    26.3436     6.3277     46.371   106.8137    -0.0884      7.820     3.2096     4.5869    139.662    143.342      31814          4  0.000e+00
   56.60864 -135.99620    248.479    151.286    149.847     6.3403    33.5230  1027.0392    26.3442     6.3273     46.367   106.8137    -0.0884      7.820     3.2094     4.5866    139.653    143.332      31815          4  0.000e+00
   56.60864 -135.99620    248.528    151.335    149.895     6.3395    33.5240  1027.0403    26.3451     6.3265     46.315   106.8137    -0.0884      7.820     3.2058     4.5815    139.498    143.173      31816          4  0.000e+00
   56.60864 -135.99620    248.536    151.343    149.903     6.3392    33.5247  1027.0409    26.3457     6.3262     46.361   106.8137    -0.0884      7.820     3.2090     4.5860    139.635    143.314      31817          4  0.000e+00
   56.60864 -135.99620    248.528    151.335    149.895     6.3394    33.5243  1027.0405    26.3453     6.3264     46.365   106.8137    -0.0884      7.820     3.2093     4.5864    139.647    143.326      31818          4  0.000e+00
   56.60864 -135.99620    248.480    151.286    149.847     6.3402    33.5238  1027.0398    26.3449     6.3272     46.303   106.8137    -0.0884      7.820     3.2049     4.5802    139.458    143.132      31819          4  0.000e+00
   56.60864 -135.99620    248.472    151.278    149.839     6.3403    33.5234  1027.0394    26.3445     6.3273     46.298   106.7857    -0.0884      7.820     3.2046     4.5797    139.444    143.118      31820          4  0.000e+00
   56.60864 -135.99620    248.536    151.343    149.903     6.3397    33.5242  1027.0404    26.3452     6.3267     46.294   106.8137    -0.0884      7.820     3.2043     4.5793    139.432    143.106      31821          4  0.000e+00
   56.60864 -135.99620    248.472    151.278    149.839     6.3398    33.5239  1027.0399    26.3450     6.3268     46.281   106.8137    -0.0884      7.820     3.2034     4.5780    139.393    143.065      31822          4  0.000e+00
   56.60864 -135.99620    248.480    151.286    149.847     6.3403    33.5237  1027.0397    26.3447     6.3273     46.210   106.8137    -0.0884      7.820     3.1985     4.5710    139.179    142.846      31823          4  0.000e+00
   56.60864 -135.99620    248.472    151.278    149.839     6.3418    33.5217  1027.0379    26.3430     6.3288     46.254   106.8137    -0.0884      7.820     3.2015     4.5753    139.309    142.979      31824          4  0.000e+00
   56.60864 -135.99620    248.480    151.286    149.847     6.3420    33.5213  1027.0376    26.3427     6.3290     46.258   106.8137    -0.0884      7.820     3.2017     4.5756    139.319    142.989      31825          4  0.000e+00
   56.60864 -135.99620    248.472    151.278    149.839     6.3415    33.5218  1027.0380    26.3431     6.3285     46.253   106.8137    -0.0884      7.820     3.2014     4.5752    139.306    142.976      31826          4  0.000e+00
   56.60864 -135.99620    248.472    151.278    149.839     6.3416    33.5219  1027.0381    26.3432     6.3286     46.240   106.8137    -0.0884      7.820     3.2005     4.5739    139.267    142.936      31827          4  0.000e+00
   56.60864 -135.99620    248.480    151.287    149.847     6.3416    33.5220  1027.0382    26.3432     6.3286     46.235   106.8137    -0.0884      7.820     3.2002     4.5734    139.252    142.921      31828          4  0.000e+00
   56.60864 -135.99620    248.472    151.278    149.839     6.3420    33.5214  1027.0376    26.3427     6.3290     46.230   106.8137    -0.0884      7.820     3.1998     4.5729    139.236    142.904      31829          4  0.000e+00
   56.60864 -135.99620    248.480    151.287    149.847     6.3424    33.5211  1027.0374    26.3424     6.3294     46.225   106.8137    -0.0884      7.820     3.1995     4.5723    139.220    142.888      31830          4  0.000e+00
   56.60864 -135.99620    248.528    151.335    149.895     6.3425    33.5211  1027.0376    26.3424     6.3295     46.221   106.8137    -0.0884      7.820     3.1991     4.5719    139.206    142.873      31831          4  0.000e+00
   56.60864 -135.99620    248.480    151.287    149.847     6.3429    33.5207  1027.0370    26.3420     6.3299     46.215   106.8137    -0.0884      7.820     3.1987     4.5713    139.189    142.856      31832          4  0.000e+00
   56.60864 -135.99620    248.472    151.278    149.839     6.3437    33.5201  1027.0364    26.3415     6.3307     46.210   106.8137    -0.0884      7.820     3.1983     4.5708    139.172    142.838      31833          4  0.000e+00
   56.60864 -135.99620    248.536    151.343    149.903     6.3442    33.5193  1027.0359    26.3407     6.3312     46.206   106.7857    -0.0884      7.820     3.1980     4.5703    139.157    142.823      31834          4  0.000e+00
   56.60864 -135.99620    248.408    151.214    149.775     6.3446    33.5188  1027.0350    26.3404     6.3316     46.257   106.7857    -0.0884      7.820     3.2015     4.5753    139.311    142.981      31835          4  0.000e+00
   56.60864 -135.99620    248.600    151.408    149.967     6.3446    33.5192  1027.0361    26.3406     6.3315     46.204   106.7857    -0.0884      7.820     3.1978     4.5700    139.150    142.816      31836          4  0.000e+00
   56.60864 -135.99620    248.584    151.392    149.951     6.3448    33.5184  1027.0354    26.3400     6.3318     46.141   106.7857    -0.0884      7.820     3.1935     4.5639    138.962    142.622      31837          4  0.000e+00
   56.60864 -135.99620    248.536    151.343    149.903     6.3447    33.5186  1027.0353    26.3401     6.3317     46.185   106.7857    -0.0884      7.820     3.1966     4.5682    139.095    142.759      31838          4  0.000e+00
   56.60864 -135.99620    248.528    151.335    149.895     6.3434    33.5208  1027.0372    26.3420     6.3304     46.189   106.7857    -0.0884      7.820     3.1968     4.5686    139.107    142.771      31839          4  0.000e+00
   56.60864 -135.99620    248.600    151.408    149.968     6.3423    33.5224  1027.0389    26.3434     6.3292     46.193   106.7857    -0.1177      7.820     3.1972     4.5691    139.122    142.787      31840          4  0.000e+00
   56.60864 -135.99620    248.584    151.392    149.952     6.3416    33.5222  1027.0388    26.3434     6.3286     46.188   106.7857    -0.0884      7.820     3.1969     4.5688    139.111    142.775      31841          4  0.000e+00
   56.60864 -135.99620    248.600    151.408    149.968     6.3416    33.5226  1027.0392    26.3437     6.3286     46.135   106.7857    -0.0884      7.820     3.1933     4.5635    138.951    142.611      31842          4  0.000e+00
   56.60864 -135.99620    248.584    151.392    149.952     6.3416    33.5226  1027.0391    26.3437     6.3286     46.124   106.7857    -0.0884      7.820     3.1925     4.5623    138.916    142.575      31843          4  0.000e+00
   56.60864 -135.99620    248.648    151.457    150.016     6.3416    33.5225  1027.0393    26.3436     6.3286     46.121   106.7857    -0.0884      7.820     3.1923     4.5621    138.908    142.567      31844          4  0.000e+00
   56.60864 -135.99620    248.656    151.465    150.024     6.3413    33.5230  1027.0399    26.3441     6.3282     46.119   106.7857    -0.0884      7.820     3.1921     4.5619    138.902    142.561      31845          4  0.000e+00
   56.60864 -135.99620    248.704    151.513    150.072     6.3405    33.5238  1027.0408    26.3448     6.3275     46.118   106.7857    -0.0884      7.820     3.1921     4.5618    138.900    142.559      31846          4  0.000e+00
   56.60864 -135.99620    248.656    151.465    150.024     6.3399    33.5245  1027.0412    26.3454     6.3269     46.117   106.7857    -0.0884      7.820     3.1920     4.5617    138.897    142.557      31847          4  0.000e+00
   56.60864 -135.99620    248.704    151.513    150.072     6.3397    33.5241  1027.0412    26.3452     6.3267     46.174   106.7857    -0.0884      7.820     3.1960     4.5674    139.070    142.734      31848          4  0.000e+00
   56.60882 -135.99610    198.986    101.305    100.353     6.4598    32.8897  1026.2945    25.8286     6.4511     67.192   106.8137    -0.0591      7.949     4.6574     6.6559    202.762    207.999      34353          5  0.000e+00
   56.60882 -135.99610    199.018    101.337    100.385     6.4590    32.8907  1026.2955    25.8296     6.4504     67.171   106.8137    -0.0591      7.949     4.6560     6.6539    202.701    207.937      34354          5  0.000e+00
   56.60882 -135.99610    198.986    101.305    100.353     6.4601    32.8913  1026.2957    25.8299     6.4514     67.149   106.8137    -0.0591      7.949     4.6543     6.6515    202.627    207.861      34355          5  0.000e+00
   56.60882 -135.99610    198.954    101.273    100.321     6.4659    32.8890  1026.2930    25.8274     6.4572     67.133   106.8137    -0.0591      7.949     4.6527     6.6491    202.556    207.787      34356          5  0.000e+00
   56.60882 -135.99610    199.042    101.362    100.409     6.4703    32.8873  1026.2915    25.8254     6.4617     67.118   106.8137    -0.0591      7.949     4.6512     6.6470    202.493    207.722      34357          5  0.000e+00
   56.60882 -135.99610    198.954    101.273    100.321     6.4706    32.8881  1026.2917    25.8261     6.4619     67.102   106.8137    -0.0884      7.949     4.6500     6.6454    202.443    207.671      34358          5  0.000e+00
   56.60882 -135.99610    198.922    101.240    100.289     6.4696    32.8892  1026.2925    25.8270     6.4610     67.087   106.8137    -0.0884      7.949     4.6490     6.6439    202.398    207.626      34359          5  0.000e+00
   56.60882 -135.99610    198.954    101.273    100.321     6.4695    32.8893  1026.2928    25.8272     6.4608     67.071   106.8137    -0.0884      7.949     4.6480     6.6424    202.352    207.578      34360          5  0.000e+00
   56.60882 -135.99610    199.042    101.362    100.409     6.4696    32.8898  1026.2935    25.8275     6.4610     67.056   106.8137    -0.0884      7.949     4.6469     6.6408    202.304    207.529      34361          5  0.000e+00
   56.60882 -135.99610    198.954    101.273    100.321     6.4693    32.8904  1026.2937    25.8280     6.4606     67.038   106.8137    -0.0884      7.949     4.6457     6.6392    202.253    207.477      34362          5  0.000e+00
