EcoFOCI/data/1_SampleCollection/2022_GOA-OA_CruiseData/CTD_raw_BottleFile_RC0083/RC0083_048.ros
* Sea-Bird SBE 9 Data File:
* FileName = C:\Data\RC0083ctd\RC0083_048.hex
* Software Version Seasave V 7.26.7.107
* Temperature SN = 2060
* Conductivity SN = 1084
* Number of Bytes Per Scan = 31
* Number of Voltage Words = 4
* Number of Scans Averaged by the Deck Unit = 1
* NMEA Latitude = 58 10.30 N
* NMEA Longitude = 137 13.34 W
* NMEA UTC (Time) = Aug 19 2022  07:25:00
* NMEA baud rate = 4800
** Ship: R/V Rachel Carson
** Cruise ID: RC0083
** Tech: McHugh/Nomura
** Chief Scientist: Cross
** Station: SEM10
** Cast:  CTD048
# nquan = 21
# nvalues = 294                                   
# units = specified
# name 0 = latitude: Latitude [deg]
# name 1 = longitude: Longitude [deg]
# name 2 = sfdSM: Seafloor depth [salt water, m]
# name 3 = prDM: Pressure, Digiquartz [db]
# name 4 = depSM: Depth [salt water, m]
# name 5 = t090C: Temperature [ITS-90, deg C]
# name 6 = sal00: Salinity, Practical [PSU]
# name 7 = density00: Density [density, kg/m^3]
# name 8 = sigma-é00: Density [sigma-theta, kg/m^3]
# name 9 = potemp090C: Potential Temperature [ITS-90, deg C]
# name 10 = sbeox0PS: Oxygen, SBE 43 [% saturation]
# name 11 = CStarTr0: Beam Transmission, WET Labs C-Star [%]
# name 12 = flECO-AFL: Fluorescence, WET Labs ECO-AFL/FL [mg/m^3]
# name 13 = ph: pH
# name 14 = sbeox0ML/L: Oxygen, SBE 43 [ml/l]
# name 15 = sbeox0Mg/L: Oxygen, SBE 43 [mg/l]
# name 16 = sbox0Mm/Kg: Oxygen, SBE 43 [umol/kg]
# name 17 = sbeox0Mm/L: Oxygen, SBE 43 [umol/l]
# name 18 = scan: Scan Count
# name 19 = nbf: Bottles Fired
# name 20 = flag:  0.000e+00
# interval = seconds: 0.0416667
# start_time = Aug 19 2022 07:25:00 [NMEA time, header]
# bad_flag = -9.990e-29
*END*
[from data line 276]
   58.17256 -137.22380      4.206      3.038      3.010    14.5110    31.6666  1023.5204    23.5069    14.5106    102.337    95.1227     1.8749      8.302     6.0050     8.5817    262.022    268.181      13173          6  0.000e+00
   58.17256 -137.22380      4.126      2.957      2.930    14.5109    31.6670  1023.5204    23.5073    14.5105    102.339    95.1227     1.8749      8.302     6.0051     8.5819    262.029    268.188      13174          6  0.000e+00
   58.17256 -137.22380      4.062      2.917      2.890    14.5110    31.6668  1023.5200    23.5071    14.5106    102.343    95.1227     1.8749      8.302     6.0053     8.5822    262.037    268.196      13175          6  0.000e+00
   58.17256 -137.22380      4.013      2.892      2.866    14.5111    31.6667  1023.5199    23.5070    14.5107    102.293    95.1227     1.8749      8.302     6.0024     8.5780    261.909    268.066      13176          6  0.000e+00
   58.17256 -137.22380      3.982      2.836      2.810    14.5112    31.6667  1023.5196    23.5070    14.5108    102.343    95.1227     1.8749      8.302     6.0053     8.5822    262.038    268.197      13177          6  0.000e+00
   58.17256 -137.22380      3.966      2.795      2.770    14.5111    31.6668  1023.5195    23.5071    14.5107    102.346    95.1227     1.8749      8.302     6.0055     8.5824    262.045    268.204      13178          6  0.000e+00
   58.17256 -137.22380      4.145      2.779      2.754    14.5113    31.6663  1023.5190    23.5066    14.5109    102.349    95.1227     1.8749      8.302     6.0056     8.5826    262.052    268.212      13179          6  0.000e+00
   58.17256 -137.22380      4.228      2.739      2.713    14.5112    31.6663  1023.5188    23.5066    14.5108    102.351    95.1227     1.8749      8.302     6.0058     8.5829    262.058    268.218      13180          6  0.000e+00
   58.17256 -137.22380      4.228      2.715      2.689    14.5111    31.6665  1023.5189    23.5069    14.5107    102.353    95.1227     1.8749      8.302     6.0059     8.5830    262.064    268.224      13181          6  0.000e+00
   58.17256 -137.22380      4.132      2.618      2.593    14.5112    31.6666  1023.5185    23.5069    14.5108    102.301    95.1227     1.8749      8.302     6.0029     8.5787    261.931    268.088      13182          6  0.000e+00
   58.17256 -137.22380      4.132      2.594      2.569    14.5111    31.6668  1023.5186    23.5071    14.5108    102.298    95.1227     1.9042      8.302     6.0027     8.5784    261.923    268.080      13183          6  0.000e+00
   58.17256 -137.22380      4.247      2.561      2.537    14.5109    31.6667  1023.5184    23.5070    14.5106    102.348    95.1227     1.9042      8.302     6.0056     8.5826    262.051    268.211      13184          6  0.000e+00
   58.17256 -137.22380      4.352      2.594      2.569    14.5107    31.6665  1023.5185    23.5070    14.5103    102.356    95.1227     1.9042      8.302     6.0061     8.5834    262.073    268.233      13185          6  0.000e+00
   58.17256 -137.22380      4.256      2.497      2.473    14.5108    31.6668  1023.5182    23.5071    14.5105    102.362    95.1227     1.9042      8.302     6.0065     8.5838    262.088    268.249      13186          6  0.000e+00
   58.17256 -137.22380      4.240      2.480      2.457    14.5107    31.6668  1023.5182    23.5072    14.5103    102.316    95.1227     1.9042      8.302     6.0038     8.5800    261.972    268.130      13187          6  0.000e+00
   58.17256 -137.22380      4.142      2.480      2.457    14.5104    31.6670  1023.5184    23.5074    14.5101    102.366    95.1227     1.9042      8.302     6.0068     8.5843    262.101    268.262      13188          6  0.000e+00
   58.17256 -137.22380      3.980      2.440      2.417    14.5107    31.6668  1023.5180    23.5071    14.5103    102.368    95.1227     1.9042      8.302     6.0068     8.5844    262.104    268.265      13189          6  0.000e+00
   58.17256 -137.22380      3.907      2.416      2.393    14.5104    31.6670  1023.5181    23.5074    14.5101    102.317    95.1227     1.9042      8.302     6.0039     8.5801    261.974    268.132      13190          6  0.000e+00
