EcoFOCI/data/1_SampleCollection/2022_GOA-OA_CruiseData/CTD_raw_BottleFile_RC0083/RC0083_110.cnv
* Sea-Bird SBE 9 Data File:
* FileName = C:\Data\RC0083ctd\RC0083_110.hex
* Software Version Seasave V 7.26.7.107
* Temperature SN = 2060
* Conductivity SN = 2881
* Number of Bytes Per Scan = 31
* Number of Voltage Words = 4
* Number of Scans Averaged by the Deck Unit = 1
* NMEA Latitude = 56 21.37 N
* NMEA Longitude = 133 39.50 W
* NMEA UTC (Time) = Aug 23 2022  09:26:08
* NMEA baud rate = 4800
** Ship: R/V Rachel Carson
** Cruise ID: RC0083
** Tech: McHugh/Nomura
** Chief Scientist: Cross
** Station: USS1
** Cast:  CTD110
# nquan = 19
# nvalues = 4765                                  
# units = specified
# name 0 = latitude: Latitude [deg]
# name 1 = longitude: Longitude [deg]
# name 2 = sfdSM: Seafloor depth [salt water, m]
# name 3 = prDM: Pressure, Digiquartz [db]
# name 4 = depSM: Depth [salt water, m]
# name 5 = t090C: Temperature [ITS-90, deg C]
# name 6 = sal00: Salinity, Practical [PSU]
# name 7 = density00: Density [density, kg/m^3]
# name 8 = sigma-é00: Density [sigma-theta, kg/m^3]
# name 9 = potemp090C: Potential Temperature [ITS-90, deg C]
# name 10 = sbeox0PS: Oxygen, SBE 43 [% saturation]
# name 11 = CStarTr0: Beam Transmission, WET Labs C-Star [%]
# name 12 = flECO-AFL: Fluorescence, WET Labs ECO-AFL/FL [mg/m^3]
# name 13 = ph: pH
# name 14 = sbeox0ML/L: Oxygen, SBE 43 [ml/l]
# name 15 = sbeox0Mg/L: Oxygen, SBE 43 [mg/l]
# name 16 = sbox0Mm/Kg: Oxygen, SBE 43 [umol/kg]
# name 17 = sbeox0Mm/L: Oxygen, SBE 43 [umol/l]
# name 18 = flag:  0.000e+00
# span 0 =   56.35476,   56.35610                 
# span 1 = -133.66224, -133.65836                 
# span 2 =      6.682,     62.751                 
# span 3 =      1.880,     50.935                 
# span 4 =      1.863,     50.464                 
# span 5 =     7.4031,    10.9830                 
# span 6 =    27.9410,    32.2362                 
# span 7 =  1021.2975,  1025.4055                 
# span 8 =    21.2882,    25.1883                 
# span 9 =     7.3987,    10.9828                 
# span 10 =     46.255,     94.827                
# span 11 =    76.4953,    98.5629                
# span 12 =     0.2925,     8.2925                
# span 13 =      7.826,      8.154                
# span 14 =     3.1486,     6.2571                
# span 15 =     4.4996,     8.9420                
# span 16 =    137.165,    273.105                
# span 17 =    140.615,    279.442                
# span 18 = 0.0000e+00, 0.0000e+00                
# interval = seconds: 0.0416667
# start_time = Aug 23 2022 09:26:08 [NMEA time, header]
# bad_flag = -9.990e-29
*END*
[from data line 3048]
   56.35514 -133.66086     59.230     45.561     45.140     7.4329    32.2067  1025.3699    25.1611     7.4288     46.367    98.1153     0.4390      7.826     3.1568     4.5113    137.521    140.982  0.000e+00
   56.35514 -133.66086     59.287     45.569     45.148     7.4336    32.2059  1025.3691    25.1603     7.4294     46.360    98.1153     0.4097      7.826     3.1563     4.5106    137.499    140.958  0.000e+00
   56.35514 -133.66086     59.215     45.496     45.076     7.4344    32.2053  1025.3683    25.1598     7.4302     46.352    98.1153     0.4097      7.826     3.1557     4.5098    137.475    140.934  0.000e+00
   56.35514 -133.66086     59.167     45.447     45.028     7.4351    32.2050  1025.3677    25.1594     7.4309     46.346    98.1153     0.4390      7.826     3.1552     4.5091    137.454    140.912  0.000e+00
   56.35514 -133.66086     59.208     45.439     45.020     7.4370    32.2028  1025.3657    25.1575     7.4328     46.346    98.1153     0.4390      7.826     3.1552     4.5091    137.452    140.910  0.000e+00
   56.35514 -133.66086     59.185     45.318     44.899     7.4394    32.2005  1025.3630    25.1553     7.4352     46.340    98.1153     0.4390      7.826     3.1546     4.5083    137.429    140.886  0.000e+00
   56.35514 -133.66086     59.282     45.391     44.971     7.4409    32.1993  1025.3622    25.1542     7.4367     46.336    98.1153     0.4097      7.826     3.1543     4.5078    137.414    140.870  0.000e+00
   56.35514 -133.66086     59.210     45.318     44.899     7.4415    32.1989  1025.3614    25.1538     7.4373     46.332    98.1153     0.4097      7.826     3.1539     4.5073    137.399    140.855  0.000e+00
   56.35514 -133.66086     59.162     45.270     44.851     7.4421    32.1983  1025.3607    25.1532     7.4380     46.272    98.1153     0.4390      7.826     3.1498     4.5014    137.219    140.671  0.000e+00
   56.35514 -133.66086     59.227     45.262     44.843     7.4428    32.1977  1025.3600    25.1526     7.4387     46.269    98.1153     0.4097      7.826     3.1496     4.5011    137.210    140.662  0.000e+00
   56.35514 -133.66086     59.285     45.197     44.779     7.4436    32.1970  1025.3591    25.1520     7.4395     46.324    98.1153     0.4390      7.826     3.1533     4.5064    137.371    140.826  0.000e+00
   56.35514 -133.66086     59.261     45.148     44.731     7.4438    32.1971  1025.3589    25.1520     7.4396     46.329    98.1153     0.4390      7.826     3.1537     4.5069    137.387    140.842  0.000e+00
   56.35514 -133.66086     59.253     45.140     44.723     7.4433    32.1971  1025.3589    25.1521     7.4392     46.273    98.1153     0.4097      7.826     3.1498     4.5014    137.220    140.672  0.000e+00
   56.35514 -133.66086     59.205     45.092     44.675     7.4435    32.1970  1025.3586    25.1520     7.4393     46.267    98.1433     0.4390      7.826     3.1494     4.5009    137.203    140.654  0.000e+00
   56.35514 -133.66086     59.175     44.962     44.547     7.4438    32.1967  1025.3577    25.1517     7.4396     46.262    98.1433     0.4390      7.826     3.1491     4.5003    137.186    140.637  0.000e+00
   56.35514 -133.66086     59.280     45.019     44.603     7.4441    32.1963  1025.3576    25.1513     7.4400     46.258    98.1433     0.4097      7.826     3.1488     4.4999    137.175    140.625  0.000e+00
   56.35514 -133.66086     59.256     44.971     44.555     7.4441    32.1965  1025.3576    25.1515     7.4400     46.255    98.1433     0.4097      7.826     3.1486     4.4996    137.165    140.615  0.000e+00
   56.35514 -133.66086     59.168     44.906     44.491     7.4445    32.1959  1025.3568    25.1510     7.4403     46.309    98.1433     0.3511      7.826     3.1522     4.5048    137.324    140.777  0.000e+00
   56.35514 -133.66086     59.200     44.914     44.499     7.4450    32.1952  1025.3562    25.1504     7.4408     46.313    98.1433     0.3511      7.826     3.1525     4.5052    137.336    140.790  0.000e+00
   56.35514 -133.66086     59.250     44.841     44.427     7.4454    32.1950  1025.3557    25.1502     7.4413     46.261    98.1433     0.3511      7.826     3.1489     4.5001    137.180    140.630  0.000e+00
   56.35514 -133.66088     59.243     44.785     44.371     7.4454    32.1949  1025.3553    25.1501     7.4413     46.317    98.1433     0.3511      7.826     3.1527     4.5055    137.345    140.800  0.000e+00
   56.35514 -133.66088     59.275     44.793     44.379     7.4470    32.1931  1025.3537    25.1484     7.4429     46.273    98.1433     0.3511      7.826     3.1496     4.5011    137.212    140.663  0.000e+00
   56.35514 -133.66088     59.003     44.542     44.131     7.4480    32.1922  1025.3517    25.1476     7.4439     46.272    98.1433     0.3511      7.826     3.1495     4.5010    137.208    140.658  0.000e+00
   56.35514 -133.66088     59.356     44.849     44.435     7.4481    32.1917  1025.3527    25.1472     7.4440     46.276    98.1433     0.3511      7.826     3.1498     4.5014    137.219    140.669  0.000e+00
   56.35514 -133.66088     59.269     44.663     44.251     7.4479    32.1921  1025.3522    25.1475     7.4438     46.271    98.1433     0.3511      7.826     3.1495     4.5009    137.204    140.655  0.000e+00
   56.35514 -133.66088     59.142     44.486     44.075     7.4486    32.1914  1025.3507    25.1469     7.4445     46.266    98.1433     0.3511      7.826     3.1491     4.5004    137.190    140.640  0.000e+00
   56.35514 -133.66088     59.326     44.671     44.259     7.4512    32.1887  1025.3491    25.1444     7.4471     46.264    98.1433     0.3511      7.826     3.1489     4.5000    137.179    140.628  0.000e+00
   56.35514 -133.66088     59.238     44.607     44.195     7.4538    32.1859  1025.3462    25.1418     7.4498     46.268    98.1433     0.3511      7.826     3.1490     4.5002    137.183    140.632  0.000e+00
   56.35514 -133.66088     59.199     44.494     44.083     7.4555    32.1844  1025.3443    25.1404     7.4514     46.272    98.1433     0.3511      7.826     3.1491     4.5004    137.192    140.641  0.000e+00
   56.35514 -133.66088     59.288     44.486     44.075     7.4571    32.1826  1025.3427    25.1388     7.4530     46.277    98.1433     0.3511      7.826     3.1494     4.5009    137.205    140.654  0.000e+00
   56.35514 -133.66088     59.161     44.308     43.899     7.4574    32.1828  1025.3419    25.1389     7.4534     46.283    98.1433     0.3511      7.826     3.1498     4.5013    137.219    140.669  0.000e+00
   56.35514 -133.66088     59.401     44.550     44.139     7.4550    32.1851  1025.3452    25.1410     7.4510     46.292    98.1433     0.3511      7.826     3.1505     4.5024    137.251    140.702  0.000e+00
   56.35514 -133.66088     59.193     44.364     43.955     7.4535    32.1868  1025.3459    25.1426     7.4494     46.299    98.1153     0.3511      7.826     3.1511     4.5032    137.275    140.727  0.000e+00
   56.35514 -133.66088     58.780     44.243     43.835     7.4529    32.1875  1025.3459    25.1432     7.4489     46.307    98.1153     0.3511      7.826     3.1516     4.5040    137.300    140.752  0.000e+00
   56.35514 -133.66088     58.615     44.372     43.963     7.4545    32.1858  1025.3450    25.1416     7.4504     46.310    98.1153     0.3511      7.826     3.1518     4.5043    137.308    140.760  0.000e+00
   56.35514 -133.66088     58.413     44.243     43.835     7.4548    32.1852  1025.3438    25.1411     7.4508     46.313    98.1153     0.3511      7.826     3.1520     4.5045    137.316    140.768  0.000e+00
   56.35514 -133.66088     58.334     44.138     43.730     7.4548    32.1855  1025.3437    25.1414     7.4508     46.317    98.1153     0.3511      7.826     3.1522     4.5048    137.326    140.779  0.000e+00
   56.35514 -133.66088     58.526     44.308     43.899     7.4550    32.1855  1025.3444    25.1414     7.4509     46.322    98.1153     0.3511      7.826     3.1526     4.5054    137.342    140.795  0.000e+00
   56.35514 -133.66088     58.601     44.187     43.778     7.4555    32.1849  1025.3433    25.1408     7.4514     46.383    98.1153     0.3511      7.826     3.1567     4.5113    137.522    140.979  0.000e+00
   56.35514 -133.66088     58.700     44.138     43.730     7.4567    32.1832  1025.3416    25.1393     7.4527     46.394    98.1153     0.3804      7.826     3.1574     4.5123    137.553    141.011  0.000e+00
   56.35514 -133.66088     58.652     44.065     43.658     7.4581    32.1821  1025.3402    25.1383     7.4540     46.406    98.1153     0.3804      7.826     3.1581     4.5133    137.583    141.042  0.000e+00
   56.35514 -133.66088     58.636     44.073     43.666     7.4587    32.1816  1025.3397    25.1378     7.4547     46.411    98.1153     0.3511      7.826     3.1585     4.5138    137.599    141.057  0.000e+00
   56.35514 -133.66088     58.652     44.065     43.658     7.4596    32.1808  1025.3389    25.1370     7.4555     46.423    98.1153     0.3511      7.826     3.1592     4.5149    137.632    141.092  0.000e+00
   56.35514 -133.66088     58.728     43.944     43.538     7.4600    32.1806  1025.3382    25.1369     7.4560     46.372    98.1153     0.3511      7.826     3.1557     4.5098    137.479    140.935  0.000e+00
   56.35514 -133.66090     58.897     44.017     43.610     7.4594    32.1817  1025.3395    25.1378     7.4553     46.373    98.1153     0.3511      7.826     3.1558     4.5099    137.481    140.937  0.000e+00
   56.35514 -133.66090     58.794     43.888     43.482     7.4571    32.1841  1025.3410    25.1399     7.4531     46.322    98.1153     0.3511      7.826     3.1525     4.5052    137.337    140.790  0.000e+00
   56.35514 -133.66090     58.825     43.944     43.538     7.4560    32.1848  1025.3421    25.1407     7.4519     46.381    98.1153     0.3511      7.826     3.1565     4.5110    137.512    140.969  0.000e+00
   56.35514 -133.66090     58.826     43.896     43.490     7.4538    32.1872  1025.3440    25.1429     7.4498     46.382    98.1153     0.3511      7.826     3.1567     4.5112    137.521    140.979  0.000e+00
   56.35514 -133.66090     58.908     43.831     43.426     7.4517    32.1895  1025.3458    25.1449     7.4476     46.384    98.1153     0.3511      7.826     3.1569     4.5116    137.530    140.988  0.000e+00
   56.35514 -133.66090     58.990     43.839     43.434     7.4511    32.1902  1025.3465    25.1456     7.4471     46.386    98.1153     0.3804      7.826     3.1571     4.5118    137.538    140.996  0.000e+00
   56.35514 -133.66090     58.982     43.831     43.426     7.4517    32.1893  1025.3456    25.1448     7.4476     46.388    98.1153     0.3511      7.826     3.1572     4.5120    137.544    141.002  0.000e+00
   56.35514 -133.66090     58.918     43.766     43.362     7.4527    32.1887  1025.3447    25.1441     7.4487     46.390    98.1153     0.3511      7.826     3.1573     4.5121    137.547    141.006  0.000e+00
   56.35514 -133.66090     58.870     43.718     43.314     7.4537    32.1872  1025.3432    25.1428     7.4497     46.449    98.0874     0.3511      7.826     3.1613     4.5178    137.720    141.183  0.000e+00
   56.35514 -133.66090     58.798     43.645     43.242     7.4546    32.1867  1025.3423    25.1423     7.4506     46.458    98.0035     0.3804      7.826     3.1618     4.5185    137.743    141.206  0.000e+00
   56.35514 -133.66090     58.862     43.710     43.306     7.4553    32.1859  1025.3419    25.1416     7.4513     46.467    97.9755     0.3804      7.826     3.1624     4.5194    137.769    141.233  0.000e+00
   56.35514 -133.66090     58.814     43.661     43.258     7.4562    32.1848  1025.3407    25.1406     7.4522     46.476    97.9755     0.3804      7.826     3.1630     4.5202    137.793    141.258  0.000e+00
   56.35514 -133.66090     58.741     43.588     43.186     7.4566    32.1845  1025.3401    25.1404     7.4526     46.484    97.9755     0.3511      7.826     3.1635     4.5210    137.818    141.282  0.000e+00
   56.35514 -133.66090     58.565     43.411     43.010     7.4562    32.1853  1025.3400    25.1411     7.4522     46.486    97.9755     0.4097      7.826     3.1636     4.5211    137.823    141.288  0.000e+00
   56.35514 -133.66090     58.870     43.718     43.314     7.4562    32.1853  1025.3413    25.1410     7.4522     46.490    97.9755     0.4097      7.826     3.1639     4.5215    137.835    141.300  0.000e+00
   56.35514 -133.66090     58.685     43.532     43.130     7.4567    32.1846  1025.3399    25.1404     7.4528     46.497    97.9755     0.4097      7.826     3.1644     4.5222    137.856    141.322  0.000e+00
   56.35514 -133.66090     58.629     43.475     43.074     7.4571    32.1845  1025.3395    25.1402     7.4531     46.505    97.9755     0.4097      7.826     3.1649     4.5230    137.879    141.345  0.000e+00
   56.35514 -133.66090     58.621     43.467     43.066     7.4579    32.1836  1025.3386    25.1394     7.4540     46.507    97.9755     0.4097      7.826     3.1650     4.5231    137.883    141.349  0.000e+00
   56.35514 -133.66090     58.736     43.411     43.010     7.4579    32.1833  1025.3381    25.1392     7.4540     46.509    97.9755     0.4097      7.826     3.1651     4.5233    137.888    141.354  0.000e+00
   56.35514 -133.66090     58.866     43.419     43.018     7.4579    32.1832  1025.3381    25.1391     7.4540     46.454    97.9755     0.4097      7.826     3.1614     4.5179    137.725    141.187  0.000e+00
   56.35514 -133.66090     58.827     43.354     42.954     7.4579    32.1834  1025.3380    25.1393     7.4540     46.449    97.9755     0.4097      7.826     3.1610     4.5174    137.710    141.172  0.000e+00
   56.35514 -133.66090     58.827     43.354     42.954     7.4574    32.1842  1025.3386    25.1400     7.4535     46.444    97.9755     0.4097      7.826     3.1607     4.5170    137.697    141.159  0.000e+00
   56.35514 -133.66090     58.771     43.297     42.898     7.4571    32.1847  1025.3388    25.1404     7.4531     46.446    97.9755     0.4097      7.826     3.1609     4.5172    137.702    141.164  0.000e+00
   56.35514 -133.66090     58.934     43.289     42.890     7.4557    32.1864  1025.3404    25.1420     7.4517     46.504    97.9755     0.4097      7.826     3.1649     4.5230    137.879    141.345  0.000e+00
   56.35514 -133.66090     58.983     43.241     42.842     7.4553    32.1867  1025.3404    25.1423     7.4514     46.506    97.9755     0.4097      7.826     3.1650     4.5232    137.884    141.351  0.000e+00
   56.35512 -133.66092     59.031     43.289     42.890     7.4553    32.1864  1025.3404    25.1420     7.4514     46.514    97.9755     0.4097      7.826     3.1656     4.5240    137.909    141.376  0.000e+00
   56.35512 -133.66092     58.855     43.112     42.714     7.4555    32.1865  1025.3396    25.1420     7.4515     46.515    97.9755     0.4097      7.826     3.1656     4.5240    137.910    141.377  0.000e+00
   56.35512 -133.66092     58.944     43.176     42.778     7.4560    32.1861  1025.3395    25.1417     7.4520     46.516    97.9755     0.4097      7.826     3.1657     4.5241    137.914    141.381  0.000e+00
   56.35512 -133.66092     59.026     43.112     42.714     7.4566    32.1850  1025.3383    25.1408     7.4526     46.573    97.9755     0.4097      7.826     3.1696     4.5296    138.082    141.553  0.000e+00
   56.35512 -133.66092     59.099     43.112     42.714     7.4572    32.1848  1025.3380    25.1405     7.4533     46.580    97.9475     0.4097      7.826     3.1700     4.5302    138.100    141.572  0.000e+00
   56.35512 -133.66092     59.107     43.120     42.722     7.4570    32.1844  1025.3378    25.1402     7.4530     46.530    97.9196     0.4097      7.826     3.1666     4.5254    137.952    141.420  0.000e+00
