EcoFOCI/data/1_SampleCollection/2022_GOA-OA_CruiseData/CTD_raw_BottleFile_RC0083/RC0083_060.ros
* Sea-Bird SBE 9 Data File:
* FileName = C:\Data\RC0083ctd\RC0083_060.hex
* Software Version Seasave V 7.26.7.107
* Temperature SN = 2060
* Conductivity SN = 1084
* Number of Bytes Per Scan = 31
* Number of Voltage Words = 4
* Number of Scans Averaged by the Deck Unit = 1
* NMEA Latitude = 58 48.70 N
* NMEA Longitude = 136 28.46 W
* NMEA UTC (Time) = Aug 20 2022  07:32:43
* NMEA baud rate = 4800
** Ship: R/V Rachel Carson
** Cruise ID: RC0083
** Tech: McHugh/Nomura
** Chief Scientist: Cross
** Station: GB07
** Cast:  CTD060
# nquan = 21
# nvalues = 294                                   
# units = specified
# name 0 = latitude: Latitude [deg]
# name 1 = longitude: Longitude [deg]
# name 2 = sfdSM: Seafloor depth [salt water, m]
# name 3 = prDM: Pressure, Digiquartz [db]
# name 4 = depSM: Depth [salt water, m]
# name 5 = t090C: Temperature [ITS-90, deg C]
# name 6 = sal00: Salinity, Practical [PSU]
# name 7 = density00: Density [density, kg/m^3]
# name 8 = sigma-é00: Density [sigma-theta, kg/m^3]
# name 9 = potemp090C: Potential Temperature [ITS-90, deg C]
# name 10 = sbeox0PS: Oxygen, SBE 43 [% saturation]
# name 11 = CStarTr0: Beam Transmission, WET Labs C-Star [%]
# name 12 = flECO-AFL: Fluorescence, WET Labs ECO-AFL/FL [mg/m^3]
# name 13 = ph: pH
# name 14 = sbeox0ML/L: Oxygen, SBE 43 [ml/l]
# name 15 = sbeox0Mg/L: Oxygen, SBE 43 [mg/l]
# name 16 = sbox0Mm/Kg: Oxygen, SBE 43 [umol/kg]
# name 17 = sbeox0Mm/L: Oxygen, SBE 43 [umol/l]
# name 18 = scan: Scan Count
# name 19 = nbf: Bottles Fired
# name 20 = flag:  0.000e+00
# interval = seconds: 0.0416667
# start_time = Aug 20 2022 07:32:43 [NMEA time, header]
# bad_flag = -9.990e-29
*END*
[from data line 276]
   58.80882 -136.46766    101.635      3.031      3.003     8.8819    23.2132  1017.9362    17.9222     8.8816    115.051    54.5676     3.9555      8.404     8.0350    11.4828    352.525    358.843      33031          6  0.000e+00
   58.80882 -136.46766    101.675      3.072      3.043     8.8794    23.2030  1017.9287    17.9145     8.8792    115.058    54.5397     3.9555      8.399     8.0364    11.4848    352.590    358.907      33032          6  0.000e+00
   58.80882 -136.46766    101.635      3.031      3.003     8.8754    23.1961  1017.9237    17.9096     8.8751    115.063    54.5676     3.9555      8.404     8.0379    11.4870    352.656    358.972      33033          6  0.000e+00
   58.80882 -136.46766    101.675      3.072      3.043     8.8809    23.1942  1017.9216    17.9074     8.8807    115.122    54.5676     3.9555      8.399     8.0411    11.4915    352.797    359.114      33034          6  0.000e+00
   58.80882 -136.46766    101.699      3.096      3.067     8.8845    23.1926  1017.9201    17.9058     8.8842    115.132    54.5676     3.9262      8.404     8.0412    11.4917    352.805    359.122      33035          6  0.000e+00
   58.80882 -136.46766    101.619      3.015      2.987     8.8928    23.1865  1017.9138    17.8999     8.8925    115.140    54.5676     3.9262      8.399     8.0406    11.4908    352.777    359.092      33036          6  0.000e+00
   58.80882 -136.46766    101.699      3.096      3.067     8.9014    23.1848  1017.9117    17.8974     8.9011    115.149    54.5676     3.9555      8.404     8.0397    11.4896    352.741    359.054      33037          6  0.000e+00
   58.80882 -136.46766    101.675      3.072      3.043     8.9064    23.1911  1017.9158    17.9016     8.9062    115.211    54.5676     3.9262      8.399     8.0428    11.4940    352.876    359.193      33038          6  0.000e+00
   58.80882 -136.46766    101.635      3.031      3.003     8.9053    23.2021  1017.9244    17.9104     8.9050    115.226    54.5676     3.9555      8.404     8.0435    11.4949    352.902    359.222      33039          6  0.000e+00
   58.80882 -136.46766    101.675      3.072      3.043     8.9014    23.2128  1017.9335    17.9193     8.9011    115.187    54.5676     3.9555      8.404     8.0409    11.4913    352.785    359.107      33040          6  0.000e+00
   58.80882 -136.46766    101.635      3.031      3.003     8.9051    23.2149  1017.9344    17.9204     8.9048    115.247    54.5676     3.9555      8.404     8.0443    11.4961    352.935    359.259      33041          6  0.000e+00
   58.80882 -136.46766    101.675      3.072      3.043     8.9099    23.2150  1017.9340    17.9198     8.9096    115.259    54.5676     3.9555      8.404     8.0443    11.4961    352.934    359.259      33042          6  0.000e+00
   58.80882 -136.46766    101.699      3.096      3.067     8.9076    23.2228  1017.9406    17.9263     8.9073    115.272    54.5676     3.9262      8.404     8.0452    11.4974    352.972    359.299      33043          6  0.000e+00
   58.80882 -136.46766    101.619      3.015      2.987     8.9048    23.2276  1017.9443    17.9303     8.9045    115.337    54.5676     3.9555      8.399     8.0500    11.5043    353.181    359.514      33044          6  0.000e+00
   58.80882 -136.46766    101.699      3.096      3.067     8.9081    23.2040  1017.9258    17.9115     8.9078    115.300    54.5676     3.9262      8.399     8.0480    11.5014    353.100    359.425      33045          6  0.000e+00
   58.80882 -136.46766    101.675      3.072      3.043     8.9122    23.1593  1017.8903    17.8761     8.9119    115.362    54.5676     3.9262      8.399     8.0540    11.5099    353.373    359.690      33046          6  0.000e+00
   58.80882 -136.46766    101.635      3.031      3.003     8.9118    23.1261  1017.8642    17.8502     8.9115    115.377    54.5676     3.9555      8.404     8.0568    11.5139    353.504    359.815      33047          6  0.000e+00
   58.80882 -136.46766    101.675      3.072      3.043     8.8995    23.1118  1017.8549    17.8407     8.8992    115.393    54.5676     3.9555      8.399     8.0609    11.5199    353.691    360.001      33048          6  0.000e+00
