EcoFOCI/data/1_SampleCollection/2022_GOA-OA_CruiseData/CTD_raw_BottleFile_RC0083/RC0083_015.cnv
* Sea-Bird SBE 9 Data File:
* FileName = C:\Data\RC0083ctd\RC0083_015.hex
* Software Version Seasave V 7.26.7.107
* Temperature SN = 2060
* Conductivity SN = 1084
* Number of Bytes Per Scan = 31
* Number of Voltage Words = 4
* Number of Scans Averaged by the Deck Unit = 1
* NMEA Latitude = 55 47.82 N
* NMEA Longitude = 134 21.35 W
* NMEA UTC (Time) = Aug 13 2022  08:05:54
* NMEA baud rate = 4800
** Ship: R/V Rachel Carson
** Cruise ID: RC0083 RC0083
** Tech: McHugh/Nomura
** Chief Scientist: Cross Cross
** Station: POW2
** Cast:  015
# nquan = 19
# nvalues = 13897                                 
# units = specified
# name 0 = latitude: Latitude [deg]
# name 1 = longitude: Longitude [deg]
# name 2 = sfdSM: Seafloor depth [salt water, m]
# name 3 = prDM: Pressure, Digiquartz [db]
# name 4 = depSM: Depth [salt water, m]
# name 5 = t090C: Temperature [ITS-90, deg C]
# name 6 = sal00: Salinity, Practical [PSU]
# name 7 = density00: Density [density, kg/m^3]
# name 8 = sigma-é00: Density [sigma-theta, kg/m^3]
# name 9 = potemp090C: Potential Temperature [ITS-90, deg C]
# name 10 = sbeox0PS: Oxygen, SBE 43 [% saturation]
# name 11 = CStarTr0: Beam Transmission, WET Labs C-Star [%]
# name 12 = flECO-AFL: Fluorescence, WET Labs ECO-AFL/FL [mg/m^3]
# name 13 = ph: pH
# name 14 = sbeox0ML/L: Oxygen, SBE 43 [ml/l]
# name 15 = sbeox0Mg/L: Oxygen, SBE 43 [mg/l]
# name 16 = sbox0Mm/Kg: Oxygen, SBE 43 [umol/kg]
# name 17 = sbeox0Mm/L: Oxygen, SBE 43 [umol/l]
# name 18 = flag:  0.000e+00
# span 0 =   55.79704,   55.79744                 
# span 1 = -134.35580, -134.35456                 
# span 2 =      9.330,    111.616                 
# span 3 =      2.213,     88.856                 
# span 4 =      2.193,     88.030                 
# span 5 =     7.0278,    10.0992                 
# span 6 =    31.1783,    32.7263                 
# span 7 =  1023.9723,  1026.0313                 
# span 8 =    23.9584,    25.6253                 
# span 9 =     7.0199,    10.0988                 
# span 10 =     54.398,     98.473                
# span 11 =    80.6068,   103.1498                
# span 12 =    -0.0005,    11.1057                
# span 13 =      7.876,      8.199                
# span 14 =     3.7222,     6.3711                
# span 15 =     5.3193,     9.1049                
# span 16 =    162.084,    277.866                
# span 17 =    166.231,    284.533                
# span 18 = 0.0000e+00, 0.0000e+00                
# interval = seconds: 0.0416667
# start_time = Aug 13 2022 08:05:54 [NMEA time, header]
# bad_flag = -9.990e-29
*END*
[from data line 8077]
   55.79724 -134.35496     96.647     51.850     51.372     7.3904    32.4886  1025.6262    25.3887     7.3857     56.525   102.4505     0.2339      7.898     3.8450     5.4949    167.467    171.718  0.000e+00
   55.79724 -134.35496     96.671     51.850     51.372     7.3889    32.4900  1025.6275    25.3899     7.3842     56.530   102.4226     0.2339      7.898     3.8454     5.4955    167.484    171.736  0.000e+00
   55.79724 -134.35496     96.647     51.850     51.372     7.3873    32.4915  1025.6289    25.3914     7.3826     56.534   102.3946     0.2339      7.898     3.8458     5.4961    167.501    171.754  0.000e+00
   55.79724 -134.35496     96.671     51.850     51.372     7.3865    32.4914  1025.6289    25.3914     7.3818     56.538   102.3946     0.2339      7.898     3.8462     5.4966    167.517    171.771  0.000e+00
   55.79724 -134.35496     96.647     51.850     51.372     7.3868    32.4907  1025.6283    25.3907     7.3821     56.543   102.3666     0.2339      7.898     3.8465     5.4970    167.529    171.783  0.000e+00
   55.79724 -134.35496     96.671     51.850     51.372     7.3882    32.4893  1025.6270    25.3895     7.3834     56.491   102.3946     0.2339      7.898     3.8429     5.4918    167.373    171.623  0.000e+00
   55.79724 -134.35496     96.745     51.850     51.372     7.3893    32.4889  1025.6265    25.3890     7.3845     56.536   102.3666     0.2339      7.898     3.8459     5.4961    167.503    171.756  0.000e+00
   55.79724 -134.35496     96.850     51.906     51.428     7.3894    32.4895  1025.6272    25.3895     7.3847     56.533   102.3666     0.2339      7.898     3.8456     5.4958    167.493    171.746  0.000e+00
   55.79724 -134.35496     96.793     51.850     51.372     7.3894    32.4896  1025.6271    25.3895     7.3847     56.473   102.3946     0.2339      7.898     3.8416     5.4900    167.316    171.564  0.000e+00
   55.79724 -134.35496     96.793     51.850     51.372     7.3899    32.4895  1025.6269    25.3894     7.3852     56.518   102.3946     0.2339      7.898     3.8446     5.4943    167.447    171.698  0.000e+00
   55.79724 -134.35496     96.818     51.850     51.372     7.3906    32.4888  1025.6263    25.3888     7.3858     56.514   102.3946     0.2339      7.898     3.8443     5.4938    167.433    171.684  0.000e+00
   55.79724 -134.35496     96.867     51.850     51.372     7.3906    32.4888  1025.6263    25.3887     7.3858     56.454   102.3946     0.2339      7.898     3.8402     5.4880    167.256    171.502  0.000e+00
   55.79724 -134.35496     96.867     51.850     51.372     7.3898    32.4895  1025.6269    25.3894     7.3850     56.450   102.3946     0.2339      7.898     3.8400     5.4877    167.247    171.493  0.000e+00
   55.79724 -134.35496     96.827     51.785     51.308     7.3894    32.4896  1025.6268    25.3896     7.3847     56.502   102.3946     0.2339      7.898     3.8435     5.4928    167.401    171.651  0.000e+00
   55.79724 -134.35496     96.891     51.850     51.372     7.3899    32.4894  1025.6268    25.3893     7.3852     56.450   102.3946     0.2339      7.898     3.8400     5.4877    167.246    171.492  0.000e+00
   55.79724 -134.35496     96.827     51.785     51.308     7.3912    32.4882  1025.6254    25.3882     7.3864     56.439   102.3666     0.2339      7.898     3.8391     5.4864    167.209    171.454  0.000e+00
   55.79724 -134.35496     96.859     51.793     51.316     7.3918    32.4876  1025.6249    25.3876     7.3871     56.435   102.3666     0.2339      7.898     3.8388     5.4861    167.197    171.442  0.000e+00
   55.79724 -134.35496     96.859     51.793     51.316     7.3918    32.4878  1025.6251    25.3878     7.3871     56.488   102.3946     0.2339      7.898     3.8424     5.4912    167.353    171.601  0.000e+00
   55.79724 -134.35496     96.876     51.785     51.308     7.3918    32.4877  1025.6249    25.3877     7.3871     56.492   102.3946     0.2339      7.898     3.8427     5.4916    167.365    171.614  0.000e+00
   55.79724 -134.35496     96.884     51.793     51.316     7.3911    32.4887  1025.6259    25.3886     7.3863     56.441   102.3946     0.2339      7.898     3.8392     5.4867    167.215    171.460  0.000e+00
   55.79724 -134.35496     96.844     51.728     51.252     7.3906    32.4889  1025.6258    25.3889     7.3858     56.438   102.3946     0.2046      7.898     3.8391     5.4864    167.207    171.453  0.000e+00
   55.79724 -134.35496     96.893     51.728     51.252     7.3923    32.4878  1025.6247    25.3877     7.3876     56.435   102.3946     0.2046      7.898     3.8388     5.4860    167.194    171.439  0.000e+00
   55.79724 -134.35496     96.893     51.728     51.252     7.3999    32.4817  1025.6188    25.3819     7.3951     56.432   102.4785     0.2046      7.898     3.8380     5.4849    167.164    171.407  0.000e+00
   55.79724 -134.35496     96.813     51.672     51.196     7.4029    32.4798  1025.6167    25.3800     7.3982     56.430   102.5065     0.2046      7.898     3.8376     5.4844    167.147    171.389  0.000e+00
   55.79724 -134.35496     96.795     51.728     51.252     7.3997    32.4822  1025.6193    25.3824     7.3949     56.429   102.5065     0.2046      7.898     3.8378     5.4846    167.154    171.397  0.000e+00
   55.79724 -134.35496     96.089     51.607     51.132     7.3966    32.4849  1025.6212    25.3848     7.3919     56.427   102.5065     0.2046      7.898     3.8379     5.4847    167.158    171.401  0.000e+00
   55.79724 -134.35496     95.852     51.664     51.188     7.4011    32.4815  1025.6182    25.3816     7.3963     56.426   102.5065     0.2046      7.898     3.8375     5.4842    167.142    171.384  0.000e+00
   55.79724 -134.35496     95.796     51.607     51.132     7.4079    32.4758  1025.6125    25.3762     7.4032     56.417   102.5065     0.2046      7.898     3.8364     5.4826    167.095    171.335  0.000e+00
   55.79724 -134.35496     95.821     51.607     51.132     7.4115    32.4731  1025.6099    25.3735     7.4067     56.416   102.5065     0.2046      7.898     3.8361     5.4822    167.082    171.321  0.000e+00
   55.79724 -134.35496     95.813     51.550     51.076     7.4123    32.4730  1025.6095    25.3733     7.4076     56.415   102.5065     0.2046      7.898     3.8360     5.4820    167.076    171.315  0.000e+00
   55.79724 -134.35496     96.009     51.550     51.076     7.4132    32.4728  1025.6092    25.3731     7.4085     56.407   102.5065     0.2046      7.898     3.8354     5.4812    167.050    171.289  0.000e+00
   55.79724 -134.35496     96.106     51.550     51.076     7.4152    32.4711  1025.6076    25.3715     7.4105     56.399   102.5065     0.2046      7.898     3.8347     5.4802    167.022    171.259  0.000e+00
   55.79724 -134.35496     96.042     51.486     51.012     7.4151    32.4719  1025.6079    25.3720     7.4104     56.391   102.5065     0.2046      7.898     3.8342     5.4794    166.997    171.234  0.000e+00
   55.79724 -134.35496     96.050     51.494     51.020     7.4137    32.4723  1025.6085    25.3726     7.4090     56.384   102.5065     0.2046      7.898     3.8338     5.4789    166.980    171.217  0.000e+00
   55.79724 -134.35496     95.986     51.429     50.956     7.4120    32.4737  1025.6095    25.3739     7.4072     56.384   102.5065     0.2046      7.898     3.8339     5.4790    166.984    171.221  0.000e+00
   55.79724 -134.35496     95.986     51.429     50.956     7.4108    32.4739  1025.6099    25.3743     7.4060     56.329   102.5065     0.2046      7.898     3.8302     5.4738    166.825    171.058  0.000e+00
   55.79724 -134.35496     95.922     51.364     50.892     7.4105    32.4745  1025.6100    25.3747     7.4058     56.377   102.5065     0.2046      7.898     3.8336     5.4786    166.970    171.207  0.000e+00
   55.79724 -134.35496     95.930     51.373     50.900     7.4105    32.4750  1025.6105    25.3752     7.4058     56.371   102.5065     0.2046      7.898     3.8331     5.4779    166.951    171.187  0.000e+00
   55.79724 -134.35496     95.922     51.364     50.892     7.4106    32.4750  1025.6104    25.3751     7.4059     56.372   102.5065     0.2046      7.898     3.8332     5.4780    166.954    171.190  0.000e+00
   55.79724 -134.35496     95.957     51.251     50.780     7.4120    32.4740  1025.6089    25.3741     7.4073     56.373   102.5065     0.2046      7.898     3.8331     5.4779    166.952    171.188  0.000e+00
   55.79724 -134.35496     96.208     51.308     50.836     7.4137    32.4721  1025.6075    25.3725     7.4090     56.375   102.5065     0.2046      7.898     3.8332     5.4780    166.953    171.189  0.000e+00
   55.79724 -134.35496     96.201     51.251     50.780     7.4159    32.4709  1025.6059    25.3712     7.4112     56.321   102.5065     0.2046      7.898     3.8293     5.4725    166.786    171.017  0.000e+00
   55.79724 -134.35496     96.137     51.187     50.715     7.4175    32.4694  1025.6043    25.3698     7.4128     56.315   102.5065     0.2046      7.898     3.8289     5.4718    166.766    170.997  0.000e+00
   55.79724 -134.35496     96.145     51.195     50.723     7.4188    32.4690  1025.6038    25.3693     7.4141     56.311   102.5065     0.2046      7.898     3.8285     5.4713    166.750    170.980  0.000e+00
   55.79724 -134.35496     96.203     51.130     50.659     7.4201    32.4677  1025.6023    25.3681     7.4154     56.300   102.5065     0.2046      7.898     3.8276     5.4701    166.712    170.942  0.000e+00
   55.79724 -134.35496     96.300     51.130     50.659     7.4207    32.4668  1025.6015    25.3673     7.4160     56.297   102.5065     0.2046      7.898     3.8274     5.4697    166.702    170.931  0.000e+00
   55.79724 -134.35496     96.325     51.130     50.659     7.4214    32.4668  1025.6014    25.3672     7.4167     56.294   102.5065     0.2046      7.898     3.8272     5.4694    166.692    170.921  0.000e+00
   55.79724 -134.35496     96.244     51.073     50.603     7.4219    32.4663  1025.6007    25.3668     7.4172     56.292   102.5065     0.2046      7.898     3.8270     5.4691    166.684    170.912  0.000e+00
   55.79724 -134.35496     96.205     51.009     50.539     7.4240    32.4646  1025.5988    25.3651     7.4193     56.290   102.5065     0.2046      7.898     3.8267     5.4687    166.673    170.900  0.000e+00
   55.79724 -134.35496     96.213     51.017     50.547     7.4246    32.4642  1025.5984    25.3648     7.4199     56.289   102.5065     0.2046      7.898     3.8266     5.4686    166.669    170.896  0.000e+00
   55.79724 -134.35496     96.124     50.952     50.483     7.4255    32.4639  1025.5978    25.3644     7.4208     56.289   102.5065     0.2046      7.898     3.8265     5.4685    166.664    170.892  0.000e+00
   55.79724 -134.35496     96.124     50.952     50.483     7.4267    32.4629  1025.5968    25.3634     7.4220     56.289   102.5065     0.2046      7.898     3.8264     5.4684    166.662    170.889  0.000e+00
   55.79724 -134.35496     96.124     50.952     50.483     7.4276    32.4629  1025.5967    25.3633     7.4229     56.290   102.5065     0.2046      7.898     3.8264     5.4684    166.662    170.889  0.000e+00
   55.79724 -134.35496     96.053     50.831     50.363     7.4291    32.4616  1025.5949    25.3620     7.4245     56.291   102.4785     0.2046      7.898     3.8264     5.4683    166.660    170.887  0.000e+00
   55.79724 -134.35496     96.280     50.888     50.419     7.4298    32.4607  1025.5944    25.3613     7.4252     56.286   102.4785     0.2046      7.898     3.8260     5.4678    166.644    170.871  0.000e+00
   55.79724 -134.35496     96.217     50.774     50.307     7.4311    32.4601  1025.5931    25.3606     7.4264     56.288   102.5065     0.2046      7.898     3.8261     5.4678    166.645    170.872  0.000e+00
   55.79724 -134.35496     96.297     50.831     50.363     7.4328    32.4586  1025.5920    25.3592     7.4281     56.292   102.5065     0.2046      7.898     3.8262     5.4680    166.651    170.877  0.000e+00
   55.79724 -134.35496     96.217     50.774     50.307     7.4345    32.4573  1025.5905    25.3579     7.4298     56.287   102.5065     0.2046      7.903     3.8258     5.4674    166.634    170.859  0.000e+00
   55.79724 -134.35496     96.265     50.774     50.307     7.4358    32.4563  1025.5895    25.3570     7.4312     56.292   102.5065     0.2046      7.898     3.8260     5.4677    166.642    170.868  0.000e+00
   55.79724 -134.35496     96.356     50.718     50.251     7.4361    32.4566  1025.5894    25.3571     7.4315     56.296   102.5065     0.2046      7.903     3.8262     5.4681    166.654    170.880  0.000e+00
   55.79724 -134.35496     96.341     50.653     50.187     7.4365    32.4563  1025.5889    25.3569     7.4318     56.293   102.5065     0.2339      7.903     3.8260     5.4678    166.645    170.871  0.000e+00
   55.79724 -134.35496     96.405     50.718     50.251     7.4372    32.4557  1025.5886    25.3563     7.4325     56.292   102.4785     0.2925      7.898     3.8259     5.4676    166.639    170.864  0.000e+00
   55.79724 -134.35496     96.277     50.588     50.123     7.4377    32.4553  1025.5876    25.3559     7.4331     56.297   102.4785     0.3218      7.898     3.8262     5.4680    166.652    170.878  0.000e+00
   55.79724 -134.35496     96.316     50.653     50.187     7.4381    32.4551  1025.5877    25.3557     7.4334     56.296   102.4226     0.3218      7.898     3.8261     5.4679    166.650    170.875  0.000e+00
   55.79724 -134.35496     96.252     50.588     50.123     7.4380    32.4554  1025.5876    25.3559     7.4333     56.295   102.4226     0.3218      7.898     3.8261     5.4678    166.647    170.872  0.000e+00
   55.79724 -134.35496     96.204     50.540     50.075     7.4380    32.4552  1025.5873    25.3558     7.4333     56.295   102.4226     0.3218      7.898     3.8260     5.4678    166.645    170.870  0.000e+00
   55.79724 -134.35496     96.252     50.588     50.123     7.4378    32.4555  1025.5878    25.3561     7.4332     56.303   102.4226     0.3218      7.903     3.8266     5.4686    166.669    170.895  0.000e+00
   55.79724 -134.35496     96.204     50.540     50.075     7.4371    32.4560  1025.5880    25.3565     7.4325     56.311   102.4226     0.3218      7.898     3.8272     5.4694    166.694    170.921  0.000e+00
   55.79724 -134.35496     96.140     50.475     50.011     7.4375    32.4560  1025.5877    25.3565     7.4328     56.311   102.4226     0.3218      7.898     3.8272     5.4694    166.695    170.922  0.000e+00
   55.79724 -134.35496     96.140     50.475     50.011     7.4381    32.4558  1025.5874    25.3562     7.4335     56.313   102.4226     0.3218      7.903     3.8272     5.4695    166.697    170.924  0.000e+00
   55.79724 -134.35496     96.196     50.532     50.067     7.4381    32.4554  1025.5874    25.3559     7.4335     56.315   102.4226     0.3218      7.903     3.8274     5.4697    166.704    170.931  0.000e+00
   55.79724 -134.35496     95.425     50.419     49.955     7.4377    32.4553  1025.5868    25.3559     7.4331     56.316   102.4226     0.3218      7.903     3.8275     5.4699    166.709    170.936  0.000e+00
   55.79724 -134.35496     77.605     50.475     50.011     7.4375    32.4558  1025.5875    25.3563     7.4328     56.319   102.4226     0.3218      7.898     3.8277     5.4702    166.718    170.946  0.000e+00
   55.79724 -134.35496     66.731     50.419     49.955     7.4377    32.4556  1025.5871    25.3562     7.4331     56.321   102.4226     0.3218      7.898     3.8278     5.4704    166.724    170.952  0.000e+00
   55.79724 -134.35496     65.209     50.411     49.947     7.4381    32.4555  1025.5869    25.3560     7.4335     56.324   102.4226     0.3218      7.903     3.8280     5.4706    166.732    170.959  0.000e+00
