EcoFOCI/data/1_SampleCollection/2022_GOA-OA_CruiseData/CTD_raw_BottleFile_RC0083/RC0083_028.ros
* Sea-Bird SBE 9 Data File:
* FileName = C:\Data\RC0083ctd\RC0083_028.hex
* Software Version Seasave V 7.26.7.107
* Temperature SN = 2060
* Conductivity SN = 1084
* Number of Bytes Per Scan = 31
* Number of Voltage Words = 4
* Number of Scans Averaged by the Deck Unit = 1
* NMEA Latitude = 58 49.84 N
* NMEA Longitude = 135 11.23 W
* NMEA UTC (Time) = Aug 17 2022  22:51:05
* NMEA baud rate = 4800
** Ship: R/V Rachel Carson
** Cruise ID: RC0083
** Tech: McHugh/Nomura
** Chief Scientist: Cross
** Station: LC03
** Cast:  CTD028
# nquan = 21
# nvalues = 245                                   
# units = specified
# name 0 = latitude: Latitude [deg]
# name 1 = longitude: Longitude [deg]
# name 2 = sfdSM: Seafloor depth [salt water, m]
# name 3 = prDM: Pressure, Digiquartz [db]
# name 4 = depSM: Depth [salt water, m]
# name 5 = t090C: Temperature [ITS-90, deg C]
# name 6 = sal00: Salinity, Practical [PSU]
# name 7 = density00: Density [density, kg/m^3]
# name 8 = sigma-é00: Density [sigma-theta, kg/m^3]
# name 9 = potemp090C: Potential Temperature [ITS-90, deg C]
# name 10 = sbeox0PS: Oxygen, SBE 43 [% saturation]
# name 11 = CStarTr0: Beam Transmission, WET Labs C-Star [%]
# name 12 = flECO-AFL: Fluorescence, WET Labs ECO-AFL/FL [mg/m^3]
# name 13 = ph: pH
# name 14 = sbeox0ML/L: Oxygen, SBE 43 [ml/l]
# name 15 = sbeox0Mg/L: Oxygen, SBE 43 [mg/l]
# name 16 = sbox0Mm/Kg: Oxygen, SBE 43 [umol/kg]
# name 17 = sbeox0Mm/L: Oxygen, SBE 43 [umol/l]
# name 18 = scan: Scan Count
# name 19 = nbf: Bottles Fired
# name 20 = flag:  0.000e+00
# interval = seconds: 0.0416667
# start_time = Aug 17 2022 22:51:05 [NMEA time, header]
# bad_flag = -9.990e-29
*END*
   58.83306 -135.18928    294.351    287.044    284.167     5.2903    33.7304  1027.9616    26.6379     5.2676     19.278    60.9725    -0.0591      7.591     1.3657     1.9518     59.412     60.994      10848          1  0.000e+00
   58.83306 -135.18928    294.455    287.150    284.272     5.2899    33.7307  1027.9624    26.6382     5.2672     19.279    60.9725    -0.0591      7.591     1.3658     1.9519     59.415     60.998      10849          1  0.000e+00
   58.83306 -135.18928    294.278    286.971    284.095     5.2901    33.7308  1027.9616    26.6383     5.2674     19.220    60.9725    -0.0591      7.591     1.3617     1.9460     59.234     60.812      10850          1  0.000e+00
   58.83306 -135.18928    294.318    287.036    284.159     5.2900    33.7307  1027.9618    26.6382     5.2673     19.213    60.9725    -0.0591      7.591     1.3611     1.9452     59.211     60.788      10851          1  0.000e+00
   58.83306 -135.18928    294.351    287.044    284.167     5.2898    33.7310  1027.9622    26.6385     5.2671     19.205    60.9725    -0.0591      7.591     1.3606     1.9445     59.189     60.766      10852          1  0.000e+00
   58.83306 -135.18928    294.343    287.036    284.159     5.2902    33.7305  1027.9617    26.6380     5.2675     19.257    60.9725    -0.0591      7.591     1.3643     1.9497     59.349     60.930      10853          1  0.000e+00
   58.83306 -135.18928    294.318    287.036    284.159     5.2901    33.7281  1027.9598    26.6361     5.2674     19.259    60.9725    -0.0591      7.591     1.3645     1.9499     59.356     60.937      10854          1  0.000e+00
   58.83306 -135.18928    294.318    287.036    284.159     5.2899    33.7284  1027.9600    26.6364     5.2672     19.261    60.9725    -0.0591      7.591     1.3646     1.9501     59.362     60.943      10855          1  0.000e+00
   58.83306 -135.18928    294.351    287.044    284.167     5.2903    33.7298  1027.9612    26.6375     5.2676     19.263    60.9725    -0.0591      7.591     1.3647     1.9503     59.366     60.947      10856          1  0.000e+00
   58.83306 -135.18928    294.342    287.036    284.159     5.2900    33.7306  1027.9618    26.6381     5.2673     19.197    60.9725    -0.0591      7.591     1.3600     1.9436     59.162     60.738      10857          1  0.000e+00
   58.83306 -135.18928    294.342    287.036    284.159     5.2901    33.7305  1027.9617    26.6381     5.2674     19.249    60.9725    -0.0298      7.591     1.3637     1.9489     59.322     60.902      10858          1  0.000e+00
   58.83306 -135.18928    294.294    286.988    284.111     5.2900    33.7304  1027.9614    26.6380     5.2673     19.241    60.9725    -0.0298      7.591     1.3632     1.9481     59.300     60.879      10859          1  0.000e+00
   58.83306 -135.18928    294.342    287.036    284.159     5.2901    33.7304  1027.9616    26.6380     5.2674     19.243    60.9725    -0.0298      7.591     1.3633     1.9483     59.304     60.884      10860          1  0.000e+00
   58.83306 -135.18928    294.278    286.971    284.095     5.2899    33.7308  1027.9616    26.6383     5.2672     19.244    60.9725    -0.0298      7.591     1.3634     1.9484     59.309     60.888      10861          1  0.000e+00
   58.83306 -135.18928    294.342    287.036    284.159     5.2901    33.7305  1027.9617    26.6381     5.2674     19.246    61.0005    -0.0298      7.591     1.3635     1.9486     59.313     60.893      10862          1  0.000e+00
   58.83306 -135.18928    294.294    286.988    284.111     5.2899    33.7308  1027.9617    26.6383     5.2672     19.247    61.0005    -0.0298      7.591     1.3636     1.9487     59.318     60.898      10863          1  0.000e+00
   58.83306 -135.18928    294.367    287.036    284.159     5.2900    33.7307  1027.9618    26.6382     5.2673     19.249    61.0285    -0.0298      7.591     1.3637     1.9489     59.322     60.903      10864          1  0.000e+00
   58.83306 -135.18928    294.303    286.971    284.095     5.2902    33.7309  1027.9617    26.6384     5.2675     19.250    61.0285    -0.0298      7.591     1.3638     1.9490     59.326     60.906      10865          1  0.000e+00
   58.83306 -135.18930    294.303    286.971    284.095     5.2900    33.7306  1027.9615    26.6382     5.2673     19.251    61.0005    -0.0298      7.591     1.3639     1.9491     59.331     60.911      10866          1  0.000e+00
   58.83306 -135.18930    294.319    286.987    284.111     5.2899    33.7305  1027.9615    26.6380     5.2672     19.253    61.0005    -0.0298      7.591     1.3640     1.9493     59.336     60.916      10867          1  0.000e+00
   58.83306 -135.18930    294.278    286.971    284.095     5.2900    33.7306  1027.9615    26.6382     5.2673     19.254    61.0285    -0.0298      7.591     1.3641     1.9494     59.340     60.921      10868          1  0.000e+00
   58.83306 -135.18930    294.303    286.971    284.095     5.2900    33.7306  1027.9615    26.6381     5.2674     19.256    61.0285    -0.0298      7.591     1.3642     1.9496     59.344     60.925      10869          1  0.000e+00
   58.83306 -135.18930    294.367    287.036    284.159     5.2900    33.7304  1027.9617    26.6380     5.2673     19.257    61.0005    -0.0298      7.591     1.3643     1.9497     59.349     60.930      10870          1  0.000e+00
   58.83306 -135.18930    294.294    286.987    284.111     5.2902    33.7306  1027.9615    26.6381     5.2675     19.259    61.0285    -0.0298      7.591     1.3644     1.9499     59.353     60.934      10871          1  0.000e+00
   58.83306 -135.18930    294.303    286.971    284.095     5.2900    33.7306  1027.9614    26.6381     5.2673     19.260    61.0005    -0.0298      7.591     1.3645     1.9500     59.358     60.939      10872          1  0.000e+00
   58.83306 -135.18930    294.391    287.036    284.159     5.2900    33.7305  1027.9617    26.6381     5.2673     19.262    61.0005    -0.0298      7.591     1.3646     1.9502     59.363     60.944      10873          1  0.000e+00
   58.83306 -135.18930    294.327    286.971    284.095     5.2900    33.7307  1027.9616    26.6382     5.2673     19.204    61.0005    -0.0298      7.591     1.3605     1.9443     59.185     60.762      10874          1  0.000e+00
   58.83306 -135.18930    294.343    286.987    284.111     5.2901    33.7305  1027.9615    26.6381     5.2674     19.197    61.0005    -0.0298      7.591     1.3600     1.9436     59.164     60.740      10875          1  0.000e+00
   58.83306 -135.18930    294.327    286.971    284.095     5.2899    33.7310  1027.9618    26.6385     5.2672     19.191    61.0005    -0.0298      7.591     1.3596     1.9430     59.144     60.719      10876          1  0.000e+00
   58.83306 -135.18930    294.391    287.036    284.159     5.2900    33.7307  1027.9619    26.6382     5.2673     19.244    61.0005    -0.0298      7.591     1.3633     1.9483     59.307     60.887      10877          1  0.000e+00
   58.83306 -135.18930    294.343    286.987    284.111     5.2902    33.7307  1027.9616    26.6382     5.2675     19.246    61.0285    -0.0591      7.591     1.3635     1.9486     59.314     60.894      10878          1  0.000e+00
   58.83306 -135.18930    294.391    287.036    284.159     5.2901    33.7306  1027.9617    26.6381     5.2674     19.249    61.0285    -0.0591      7.591     1.3637     1.9489     59.322     60.903      10879          1  0.000e+00
   58.83306 -135.18930    294.391    287.036    284.159     5.2900    33.7308  1027.9619    26.6383     5.2673     19.251    61.0285    -0.0591      7.591     1.3639     1.9491     59.330     60.911      10880          1  0.000e+00
   58.83306 -135.18930    294.391    287.036    284.159     5.2900    33.7310  1027.9621    26.6384     5.2673     19.254    61.0005    -0.0591      7.591     1.3641     1.9494     59.338     60.919      10881          1  0.000e+00
   58.83306 -135.18930    294.399    287.044    284.167     5.2899    33.7310  1027.9622    26.6385     5.2672     19.256    61.0285    -0.0591      7.591     1.3642     1.9496     59.346     60.927      10882          1  0.000e+00
   58.83306 -135.18930    294.391    287.036    284.159     5.2901    33.7308  1027.9619    26.6383     5.2674     19.259    61.0844    -0.0591      7.591     1.3644     1.9499     59.354     60.935      10883          1  0.000e+00
   58.83306 -135.18930    294.367    287.036    284.159     5.2900    33.7309  1027.9620    26.6384     5.2673     19.261    61.0844    -0.0591      7.591     1.3646     1.9501     59.362     60.943      10884          1  0.000e+00
   58.83306 -135.18930    294.391    287.036    284.159     5.2901    33.7308  1027.9619    26.6383     5.2674     19.264    61.0844    -0.0591      7.591     1.3648     1.9504     59.369     60.951      10885          1  0.000e+00
   58.83306 -135.18930    294.399    287.044    284.167     5.2900    33.7311  1027.9622    26.6385     5.2673     19.267    61.0844    -0.0591      7.591     1.3650     1.9507     59.377     60.959      10886          1  0.000e+00
   58.83306 -135.18930    294.447    287.093    284.215     5.2901    33.7309  1027.9622    26.6383     5.2674     19.269    61.0844    -0.0591      7.591     1.3651     1.9509     59.385     60.967      10887          1  0.000e+00
   58.83306 -135.18930    294.391    287.036    284.159     5.2900    33.7304  1027.9616    26.6380     5.2673     19.272    61.0844    -0.0591      7.591     1.3653     1.9512     59.393     60.975      10888          1  0.000e+00
   58.83306 -135.18930    294.447    287.093    284.215     5.2900    33.7303  1027.9618    26.6379     5.2673     19.274    61.0844    -0.0591      7.591     1.3655     1.9515     59.402     60.984      10889          1  0.000e+00
   58.83306 -135.18930    294.399    287.044    284.167     5.2902    33.7306  1027.9618    26.6381     5.2675     19.277    61.0844    -0.0591      7.591     1.3657     1.9517     59.409     60.991      10890          1  0.000e+00
   58.83306 -135.18930    294.303    286.971    284.095     5.2901    33.7308  1027.9616    26.6383     5.2674     19.220    61.0844    -0.0591      7.591     1.3617     1.9460     59.234     60.812      10891          1  0.000e+00
   58.83306 -135.18930    294.543    287.215    284.336     5.2900    33.7304  1027.9624    26.6379     5.2673     19.274    61.0844    -0.0591      7.591     1.3655     1.9514     59.400     60.982      10892          1  0.000e+00
   58.83306 -135.18930    294.415    287.109    284.231     5.2900    33.7312  1027.9626    26.6386     5.2673     19.277    61.0844    -0.0591      7.591     1.3657     1.9517     59.408     60.991      10893          1  0.000e+00
   58.83306 -135.18930    294.423    287.093    284.215     5.2900    33.7310  1027.9623    26.6384     5.2673     19.279    61.0844    -0.0591      7.591     1.3659     1.9520     59.417     61.000      10894          1  0.000e+00
   58.83306 -135.18930    294.399    287.093    284.215     5.2900    33.7309  1027.9623    26.6384     5.2673     19.282    61.0844    -0.0591      7.591     1.3661     1.9523     59.426     61.009      10895          1  0.000e+00
   58.83306 -135.18930    294.399    287.093    284.215     5.2900    33.7306  1027.9621    26.6382     5.2673     19.285    61.0844    -0.0591      7.591     1.3663     1.9526     59.435     61.018      10896          1  0.000e+00
   58.83342 -135.18970    301.000    204.375    202.367     5.3033    33.5217  1027.4139    26.4704     5.2873     21.190    96.8288    -0.0884      7.591     1.5029     2.1478     65.387     67.118      14630          2  0.000e+00
   58.83342 -135.18970    301.040    204.416    202.407     5.3035    33.5213  1027.4138    26.4701     5.2875     21.195    96.8288    -0.0884      7.591     1.5032     2.1482     65.401     67.132      14631          2  0.000e+00
   58.83342 -135.18970    301.000    204.375    202.367     5.3033    33.5214  1027.4137    26.4702     5.2873     21.199    96.8288    -0.0884      7.586     1.5035     2.1487     65.415     67.146      14632          2  0.000e+00
   58.83342 -135.18970    301.040    204.416    202.407     5.3036    33.5216  1027.4140    26.4703     5.2876     21.195    96.8567    -0.0884      7.591     1.5032     2.1483     65.403     67.134      14633          2  0.000e+00
   58.83342 -135.18970    301.112    204.489    202.479     5.3037    33.5216  1027.4144    26.4703     5.2877     21.200    96.8288    -0.0884      7.591     1.5036     2.1488     65.418     67.150      14634          2  0.000e+00
   58.83342 -135.18970    301.176    204.553    202.544     5.3035    33.5216  1027.4147    26.4703     5.2875     21.206    96.8288    -0.0884      7.591     1.5040     2.1493     65.436     67.168      14635          2  0.000e+00
   58.83342 -135.18970    301.104    204.480    202.471     5.3038    33.5214  1027.4141    26.4701     5.2878     21.203    96.8567    -0.0884      7.591     1.5037     2.1490     65.425     67.156      14636          2  0.000e+00
   58.83342 -135.18970    301.112    204.489    202.479     5.3036    33.5221  1027.4148    26.4707     5.2876     21.258    96.8567    -0.0884      7.591     1.5076     2.1546     65.594     67.331      14637          2  0.000e+00
   58.83342 -135.18970    301.112    204.489    202.479     5.3038    33.5224  1027.4149    26.4708     5.2878     21.204    96.8288    -0.0884      7.591     1.5038     2.1491     65.430     67.162      14638          2  0.000e+00
   58.83342 -135.18970    301.160    204.537    202.527     5.3040    33.5222  1027.4150    26.4707     5.2880     21.201    96.8567    -0.0884      7.591     1.5036     2.1488     65.419     67.151      14639          2  0.000e+00
   58.83342 -135.18970    301.232    204.610    202.600     5.3040    33.5226  1027.4156    26.4710     5.2880     21.206    96.8567    -0.0884      7.591     1.5040     2.1493     65.436     67.168      14640          2  0.000e+00
   58.83342 -135.18970    301.160    204.537    202.527     5.3040    33.5228  1027.4155    26.4711     5.2880     21.212    96.8288    -0.0884      7.591     1.5044     2.1499     65.453     67.185      14641          2  0.000e+00
   58.83342 -135.18970    301.232    204.610    202.600     5.3043    33.5227  1027.4157    26.4710     5.2883     21.218    96.7728    -0.0884      7.591     1.5048     2.1505     65.471     67.204      14642          2  0.000e+00
   58.83342 -135.18970    301.232    204.610    202.600     5.3041    33.5227  1027.4157    26.4710     5.2881     21.224    96.7728    -0.0591      7.591     1.5053     2.1512     65.491     67.225      14643          2  0.000e+00
   58.83342 -135.18970    301.224    204.602    202.592     5.3040    33.5225  1027.4156    26.4709     5.2880     21.231    96.7728    -0.0591      7.591     1.5057     2.1519     65.512     67.246      14644          2  0.000e+00
   58.83342 -135.18970    301.232    204.610    202.600     5.3037    33.5230  1027.4160    26.4713     5.2877     21.229    96.7728    -0.0591      7.591     1.5056     2.1517     65.507     67.241      14645          2  0.000e+00
   58.83342 -135.18970    301.280    204.659    202.648     5.3038    33.5229  1027.4162    26.4713     5.2878     21.237    96.7728    -0.0591      7.591     1.5061     2.1524     65.529     67.264      14646          2  0.000e+00
   58.83342 -135.18970    301.296    204.675    202.664     5.3038    33.5226  1027.4160    26.4711     5.2878     21.244    96.7728    -0.0591      7.591     1.5067     2.1532     65.552     67.287      14647          2  0.000e+00
   58.83342 -135.18970    301.296    204.675    202.664     5.3036    33.5226  1027.4160    26.4710     5.2876     21.243    96.7728    -0.0591      7.591     1.5066     2.1531     65.549     67.284      14648          2  0.000e+00
