EcoFOCI/data/1_SampleCollection/2022_GOA-OA_CruiseData/CTD_raw_BottleFile_RC0083/RC0083_100.cnv
* Sea-Bird SBE 9 Data File:
* FileName = C:\Data\RC0083ctd\RC0083_100.hex
* Software Version Seasave V 7.26.7.107
* Temperature SN = 2060
* Conductivity SN = 2881
* Number of Bytes Per Scan = 31
* Number of Voltage Words = 4
* Number of Scans Averaged by the Deck Unit = 1
* NMEA Latitude = 56 27.95 N
* NMEA Longitude = 132 41.97 W
* NMEA UTC (Time) = Aug 22 2022  23:55:31
* NMEA baud rate = 4800
** Ship: R/V Rachel Carson
** Cruise ID: RC0083
** Tech: McHugh/Nomura
** Chief Scientist: Cross
** Station: WI6
** Cast:  CTD100
# nquan = 19
# nvalues = 9447                                  
# units = specified
# name 0 = latitude: Latitude [deg]
# name 1 = longitude: Longitude [deg]
# name 2 = sfdSM: Seafloor depth [salt water, m]
# name 3 = prDM: Pressure, Digiquartz [db]
# name 4 = depSM: Depth [salt water, m]
# name 5 = t090C: Temperature [ITS-90, deg C]
# name 6 = sal00: Salinity, Practical [PSU]
# name 7 = density00: Density [density, kg/m^3]
# name 8 = sigma-é00: Density [sigma-theta, kg/m^3]
# name 9 = potemp090C: Potential Temperature [ITS-90, deg C]
# name 10 = sbeox0PS: Oxygen, SBE 43 [% saturation]
# name 11 = CStarTr0: Beam Transmission, WET Labs C-Star [%]
# name 12 = flECO-AFL: Fluorescence, WET Labs ECO-AFL/FL [mg/m^3]
# name 13 = ph: pH
# name 14 = sbeox0ML/L: Oxygen, SBE 43 [ml/l]
# name 15 = sbeox0Mg/L: Oxygen, SBE 43 [mg/l]
# name 16 = sbox0Mm/Kg: Oxygen, SBE 43 [umol/kg]
# name 17 = sbeox0Mm/L: Oxygen, SBE 43 [umol/l]
# name 18 = flag:  0.000e+00
# span 0 =   56.46564,   56.46580                 
# span 1 = -132.70008, -132.69936                 
# span 2 =      1.964,    147.271                 
# span 3 =      1.861,    134.885                 
# span 4 =      1.844,    133.608                 
# span 5 =     6.6098,    13.1595                 
# span 6 =     7.0250,    32.5682                 
# span 7 =  1004.8015,  1026.1746                 
# span 8 =     4.7926,    25.5563                 
# span 9 =     6.5982,    13.1593                 
# span 10 =     33.637,    106.029                
# span 11 =     7.2161,    91.5147                
# span 12 =     0.0581,    10.3145                
# span 13 =      7.704,      8.479                
# span 14 =     2.3282,     7.3732                
# span 15 =     3.3273,    10.5371                
# span 16 =    101.388,    326.582                
# span 17 =    103.978,    329.287                
# span 18 = 0.0000e+00, 0.0000e+00                
# interval = seconds: 0.0416667
# start_time = Aug 22 2022 23:55:31 [NMEA time, header]
# bad_flag = -9.990e-29
*END*
[from data line 7467]
   56.46566 -132.70000    143.049     52.350     51.865     7.5762    31.6714  1024.9607    24.7208     7.5713     44.483    88.9975     0.1753      7.792     3.0292     4.3290    132.021    135.284  0.000e+00
   56.46566 -132.70000    142.897     52.172     51.689     7.5767    31.6706  1024.9592    24.7201     7.5719     44.477    88.9975     0.1753      7.792     3.0288     4.3285    132.004    135.267  0.000e+00
   56.46566 -132.70000    143.318     52.350     51.865     7.5765    31.6699  1024.9595    24.7196     7.5717     44.474    88.9975     0.1753      7.792     3.0286     4.3282    131.995    135.258  0.000e+00
   56.46566 -132.70000    143.328     52.237     51.753     7.5769    31.6695  1024.9586    24.7192     7.5721     44.525    88.9695     0.1753      7.792     3.0321     4.3332    132.147    135.414  0.000e+00
   56.46566 -132.70000    143.264     52.172     51.689     7.5767    31.6698  1024.9586    24.7195     7.5719     44.527    88.9975     0.1753      7.792     3.0322     4.3333    132.151    135.417  0.000e+00
   56.46566 -132.70000    143.208     52.115     51.633     7.5764    31.6717  1024.9598    24.7210     7.5716     44.528    88.9975     0.1753      7.792     3.0322     4.3334    132.153    135.420  0.000e+00
   56.46566 -132.70000    143.313     52.172     51.689     7.5762    31.6733  1024.9614    24.7223     7.5714     44.529    88.9975     0.1753      7.792     3.0323     4.3335    132.156    135.423  0.000e+00
   56.46566 -132.70000    143.412     52.051     51.569     7.5757    31.6745  1024.9619    24.7233     7.5710     44.529    88.9975     0.1753      7.788     3.0323     4.3335    132.157    135.424  0.000e+00
   56.46566 -132.70000    143.494     52.059     51.577     7.5751    31.6762  1024.9633    24.7247     7.5703     44.530    88.9695     0.1753      7.788     3.0324     4.3336    132.159    135.426  0.000e+00
   56.46566 -132.70000    143.494     52.059     51.577     7.5747    31.6770  1024.9640    24.7254     7.5700     44.473    88.9695     0.1753      7.792     3.0286     4.3281    131.992    135.256  0.000e+00
   56.46566 -132.70000    143.405     51.994     51.513     7.5745    31.6771  1024.9638    24.7255     7.5698     44.467    88.9975     0.1753      7.792     3.0282     4.3275    131.974    135.237  0.000e+00
   56.46566 -132.70000    143.349     51.938     51.457     7.5745    31.6774  1024.9637    24.7257     7.5697     44.517    88.9695     0.1753      7.792     3.0316     4.3324    132.123    135.390  0.000e+00
   56.46566 -132.70000    143.349     51.938     51.457     7.5741    31.6783  1024.9645    24.7265     7.5693     44.517    88.9695     0.1753      7.792     3.0316     4.3324    132.124    135.390  0.000e+00
   56.46566 -132.70000    143.309     51.873     51.392     7.5731    31.6804  1024.9660    24.7283     7.5683     44.460    88.9975     0.1753      7.792     3.0277     4.3269    131.955    135.218  0.000e+00
   56.46566 -132.70000    143.285     51.873     51.392     7.5720    31.6831  1024.9683    24.7305     7.5672     44.511    89.0254     0.1753      7.792     3.0312     4.3318    132.105    135.372  0.000e+00
   56.46566 -132.70000    143.229     51.816     51.336     7.5715    31.6850  1024.9696    24.7322     7.5667     44.516    89.0254     0.1753      7.792     3.0315     4.3324    132.121    135.389  0.000e+00
   56.46566 -132.70000    143.173     51.760     51.280     7.5718    31.6861  1024.9702    24.7329     7.5670     44.465    89.0254     0.1753      7.792     3.0280     4.3274    131.968    135.232  0.000e+00
   56.46566 -132.70000    143.165     51.752     51.272     7.5717    31.6867  1024.9706    24.7334     7.5670     44.522    89.0254     0.1753      7.792     3.0319     4.3329    132.135    135.404  0.000e+00
   56.46566 -132.70000    143.173     51.760     51.280     7.5714    31.6871  1024.9710    24.7338     7.5666     44.528    89.0254     0.1753      7.792     3.0323     4.3335    132.155    135.423  0.000e+00
   56.46566 -132.70000    143.109     51.695     51.216     7.5704    31.6890  1024.9723    24.7354     7.5657     44.528    89.0254     0.1753      7.792     3.0323     4.3335    132.154    135.423  0.000e+00
   56.46566 -132.70000    142.149     51.639     51.160     7.5704    31.6891  1024.9722    24.7355     7.5656     44.527    89.0254     0.1753      7.792     3.0323     4.3334    132.152    135.420  0.000e+00
   56.46566 -132.70000    137.412     51.639     51.160     7.5704    31.6891  1024.9721    24.7355     7.5656     44.526    89.0254     0.1753      7.792     3.0322     4.3333    132.149    135.418  0.000e+00
   56.46566 -132.70000    135.272     51.574     51.096     7.5703    31.6894  1024.9721    24.7357     7.5656     44.525    89.0254     0.1753      7.792     3.0321     4.3332    132.145    135.414  0.000e+00
   56.46566 -132.70000    135.126     51.574     51.096     7.5701    31.6887  1024.9716    24.7352     7.5654     44.523    89.0254     0.2046      7.792     3.0320     4.3331    132.143    135.411  0.000e+00
   56.46566 -132.70000    135.265     51.517     51.040     7.5711    31.6846  1024.9679    24.7318     7.5664     44.584    89.0254     0.2046      7.788     3.0362     4.3391    132.325    135.597  0.000e+00
   56.46566 -132.70000    135.363     51.518     51.040     7.5731    31.6756  1024.9606    24.7245     7.5683     44.532    89.0254     0.2046      7.792     3.0327     4.3340    132.172    135.440  0.000e+00
   56.46566 -132.70000    135.299     51.453     50.976     7.5746    31.6666  1024.9530    24.7172     7.5699     44.536    89.0254     0.2046      7.792     3.0330     4.3345    132.188    135.455  0.000e+00
   56.46566 -132.70000    135.218     51.396     50.920     7.5752    31.6623  1024.9493    24.7138     7.5705     44.540    89.0254     0.2046      7.788     3.0333     4.3349    132.202    135.469  0.000e+00
   56.46566 -132.70000    135.243     51.396     50.920     7.5757    31.6603  1024.9477    24.7121     7.5710     44.538    89.0254     0.2046      7.792     3.0332     4.3347    132.196    135.463  0.000e+00
   56.46566 -132.70000    135.187     51.340     50.864     7.5760    31.6602  1024.9473    24.7120     7.5713     44.535    89.0254     0.2046      7.792     3.0330     4.3345    132.187    135.454  0.000e+00
   56.46566 -132.70000    135.162     51.340     50.864     7.5752    31.6623  1024.9490    24.7137     7.5705     44.532    89.0254     0.2046      7.792     3.0328     4.3342    132.180    135.447  0.000e+00
   56.46566 -132.70000    135.123     51.275     50.800     7.5751    31.6635  1024.9497    24.7147     7.5704     44.529    89.0254     0.2046      7.792     3.0326     4.3339    132.170    135.436  0.000e+00
   56.46566 -132.70000    135.131     51.283     50.808     7.5750    31.6646  1024.9506    24.7156     7.5703     44.526    89.0254     0.2046      7.792     3.0324     4.3336    132.160    135.427  0.000e+00
   56.46566 -132.70000    106.642     51.219     50.744     7.5746    31.6662  1024.9516    24.7169     7.5699     44.529    89.0254     0.2046      7.792     3.0326     4.3339    132.168    135.435  0.000e+00
   56.46566 -132.70000     78.698     51.162     50.688     7.5747    31.6671  1024.9521    24.7176     7.5700     44.532    88.9975     0.2046      7.792     3.0327     4.3341    132.175    135.442  0.000e+00
   56.46566 -132.70000     72.675     51.097     50.624     7.5745    31.6683  1024.9527    24.7185     7.5698     44.535    88.9695     0.2046      7.792     3.0329     4.3343    132.182    135.450  0.000e+00
   56.46566 -132.70000     74.090     51.219     50.744     7.5745    31.6693  1024.9541    24.7193     7.5698     44.532    88.9975     0.2046      7.788     3.0327     4.3341    132.174    135.441  0.000e+00
   56.46566 -132.70000     75.093     51.097     50.624     7.5745    31.6696  1024.9538    24.7196     7.5698     44.528    88.9695     0.2046      7.792     3.0324     4.3336    132.161    135.428  0.000e+00
   56.46566 -132.70000     75.257     51.041     50.568     7.5744    31.6694  1024.9534    24.7195     7.5697     44.523    88.9695     0.2046      7.792     3.0321     4.3332    132.149    135.415  0.000e+00
   56.46566 -132.70000     75.208     51.041     50.568     7.5743    31.6695  1024.9534    24.7195     7.5696     44.463    88.9975     0.2046      7.788     3.0280     4.3273    131.969    135.232  0.000e+00
   56.46566 -132.70000     75.159     51.041     50.568     7.5741    31.6700  1024.9539    24.7200     7.5694     44.459    88.9695     0.2046      7.792     3.0278     4.3270    131.958    135.220  0.000e+00
   56.46566 -132.70000     75.015     50.920     50.448     7.5736    31.6709  1024.9541    24.7208     7.5689     44.455    88.9695     0.2046      7.788     3.0275     4.3266    131.946    135.208  0.000e+00
   56.46566 -132.70000     75.039     50.920     50.448     7.5734    31.6722  1024.9552    24.7218     7.5687     44.501    88.9695     0.2046      7.792     3.0307     4.3311    132.084    135.349  0.000e+00
   56.46566 -132.70000     75.039     50.920     50.448     7.5731    31.6735  1024.9562    24.7229     7.5685     44.441    88.9975     0.1753      7.788     3.0265     4.3252    131.904    135.166  0.000e+00
   56.46566 -132.70000     74.983     50.863     50.392     7.5727    31.6754  1024.9575    24.7244     7.5680     44.437    88.9695     0.1460      7.792     3.0263     4.3248    131.892    135.153  0.000e+00
   56.46566 -132.70000     74.983     50.863     50.392     7.5726    31.6761  1024.9581    24.7249     7.5679     44.490    88.9695     0.1460      7.792     3.0299     4.3300    132.050    135.315  0.000e+00
   56.46566 -132.70000     74.919     50.798     50.328     7.5724    31.6769  1024.9584    24.7256     7.5677     44.493    88.9695     0.1460      7.792     3.0301     4.3303    132.057    135.322  0.000e+00
   56.46566 -132.70000     74.863     50.742     50.272     7.5722    31.6774  1024.9586    24.7261     7.5676     44.495    88.9695     0.1460      7.792     3.0302     4.3305    132.065    135.330  0.000e+00
   56.46566 -132.70000     75.278     50.742     50.272     7.5723    31.6751  1024.9568    24.7242     7.5676     44.498    88.9975     0.1460      7.788     3.0305     4.3308    132.075    135.340  0.000e+00
   56.46566 -132.70000    100.570     50.685     50.216     7.5725    31.6736  1024.9553    24.7230     7.5678     44.494    88.9975     0.1460      7.792     3.0302     4.3305    132.064    135.329  0.000e+00
   56.46566 -132.70000    117.444     50.685     50.216     7.5730    31.6725  1024.9544    24.7221     7.5683     44.490    88.9975     0.1460      7.792     3.0299     4.3301    132.052    135.317  0.000e+00
   56.46566 -132.70000    119.969     50.621     50.152     7.5734    31.6715  1024.9532    24.7213     7.5688     44.486    88.9975     0.1460      7.792     3.0296     4.3296    132.038    135.302  0.000e+00
   56.46566 -132.70000    118.845     50.621     50.152     7.5736    31.6702  1024.9522    24.7202     7.5690     44.488    88.9695     0.1460      7.792     3.0298     4.3298    132.045    135.309  0.000e+00
   56.46566 -132.70000    118.130     50.564     50.096     7.5735    31.6698  1024.9516    24.7199     7.5688     44.433    88.9695     0.1460      7.792     3.0261     4.3245    131.883    135.144  0.000e+00
   56.46566 -132.70000    117.976     50.508     50.040     7.5738    31.6697  1024.9512    24.7198     7.5691     44.485    88.9695     0.1460      7.788     3.0296     4.3296    132.038    135.302  0.000e+00
   56.46566 -132.70000    118.017     50.499     50.032     7.5733    31.6731  1024.9540    24.7225     7.5687     44.488    88.9975     0.1460      7.792     3.0297     4.3298    132.043    135.307  0.000e+00
   56.46566 -132.70000    118.050     50.508     50.040     7.5735    31.6727  1024.9537    24.7222     7.5688     44.490    88.9975     0.1460      7.792     3.0299     4.3300    132.050    135.314  0.000e+00
   56.46566 -132.70000    117.930     50.386     49.920     7.5747    31.6642  1024.9463    24.7153     7.5701     44.492    88.9695     0.1460      7.792     3.0301     4.3303    132.058    135.322  0.000e+00
   56.46566 -132.70000    117.986     50.443     49.976     7.5760    31.6564  1024.9402    24.7090     7.5714     44.488    88.9975     0.1460      7.792     3.0299     4.3300    132.050    135.313  0.000e+00
   56.46566 -132.70000    117.866     50.322     49.856     7.5764    31.6538  1024.9375    24.7069     7.5717     44.426    88.9975     0.1460      7.792     3.0257     4.3240    131.869    135.127  0.000e+00
   56.46566 -132.70000    117.930     50.386     49.920     7.5767    31.6524  1024.9367    24.7058     7.5721     44.479    88.9975     0.1460      7.788     3.0293     4.3291    132.026    135.288  0.000e+00
   56.46566 -132.70000    117.745     50.201     49.736     7.5767    31.6537  1024.9369    24.7068     7.5720     44.480    88.9975     0.1460      7.788     3.0293     4.3292    132.028    135.290  0.000e+00
   56.46566 -132.70000    117.866     50.322     49.856     7.5764    31.6568  1024.9399    24.7093     7.5717     44.476    88.9695     0.1460      7.792     3.0290     4.3288    132.015    135.277  0.000e+00
   56.46566 -132.70000    117.809     50.265     49.800     7.5761    31.6580  1024.9406    24.7102     7.5715     44.478    88.9975     0.1753      7.788     3.0291     4.3289    132.019    135.281  0.000e+00
   56.46566 -132.70000    128.832     50.201     49.736     7.5760    31.6566  1024.9392    24.7091     7.5714     44.423    88.9975     0.2046      7.792     3.0254     4.3236    131.857    135.115  0.000e+00
   56.46566 -132.70000    142.540     50.209     49.744     7.5769    31.6542  1024.9372    24.7071     7.5723     44.412    88.9975     0.2046      7.788     3.0247     4.3226    131.826    135.083  0.000e+00
   56.46566 -132.70000    145.814     50.087     49.624     7.5772    31.6525  1024.9354    24.7058     7.5726     44.407    88.9695     0.2046      7.792     3.0244     4.3221    131.812    135.068  0.000e+00
   56.46566 -132.70000    145.382     50.144     49.680     7.5774    31.6513  1024.9346    24.7048     7.5728     44.404    88.9975     0.2046      7.792     3.0241     4.3218    131.802    135.058  0.000e+00
   56.46566 -132.70000    144.764     50.087     49.624     7.5772    31.6524  1024.9353    24.7057     7.5726     44.400    88.9695     0.2046      7.788     3.0239     4.3214    131.790    135.046  0.000e+00
   56.46566 -132.70000    144.586     50.031     49.568     7.5770    31.6540  1024.9363    24.7070     7.5724     44.396    88.9695     0.2046      7.792     3.0236     4.3210    131.778    135.034  0.000e+00
   56.46566 -132.70000    144.602     50.023     49.560     7.5764    31.6566  1024.9384    24.7091     7.5718     44.393    88.9695     0.2046      7.792     3.0234     4.3207    131.768    135.024  0.000e+00
   56.46566 -132.70000    144.571     49.966     49.504     7.5760    31.6575  1024.9389    24.7099     7.5714     44.390    88.9975     0.2046      7.788     3.0232     4.3204    131.759    135.015  0.000e+00
   56.46566 -132.70000    144.507     49.902     49.440     7.5759    31.6561  1024.9375    24.7088     7.5713     44.387    88.9975     0.2046      7.792     3.0230     4.3202    131.752    135.008  0.000e+00
   56.46566 -132.70000    144.515     49.910     49.448     7.5762    31.6553  1024.9369    24.7081     7.5716     44.391    88.9695     0.2046      7.792     3.0233     4.3206    131.764    135.020  0.000e+00
   56.46566 -132.70000    144.531     49.902     49.440     7.5760    31.6563  1024.9376    24.7089     7.5714     44.446    88.9695     0.2046      7.788     3.0270     4.3259    131.926    135.186  0.000e+00
