EcoFOCI/data/1_SampleCollection/2022_GOA-OA_CruiseData/CTD_raw_BottleFile_RC0083/RC0083_027.ros
* Sea-Bird SBE 9 Data File:
* FileName = C:\Data\RC0083ctd\RC0083_027.hex
* Software Version Seasave V 7.26.7.107
* Temperature SN = 2060
* Conductivity SN = 1084
* Number of Bytes Per Scan = 31
* Number of Voltage Words = 4
* Number of Scans Averaged by the Deck Unit = 1
* NMEA Latitude = 59 01.12 N
* NMEA Longitude = 135 13.18 W
* NMEA UTC (Time) = Aug 17 2022  20:53:06
* NMEA baud rate = 4800
** Ship: R/V Rachel Carson
** Cruise ID: RC0083
** Tech: McHugh/Nomura
** Chief Scientist: Cross
** Station: LC04
** Cast:  CTD027
# nquan = 21
# nvalues = 294                                   
# units = specified
# name 0 = latitude: Latitude [deg]
# name 1 = longitude: Longitude [deg]
# name 2 = sfdSM: Seafloor depth [salt water, m]
# name 3 = prDM: Pressure, Digiquartz [db]
# name 4 = depSM: Depth [salt water, m]
# name 5 = t090C: Temperature [ITS-90, deg C]
# name 6 = sal00: Salinity, Practical [PSU]
# name 7 = density00: Density [density, kg/m^3]
# name 8 = sigma-é00: Density [sigma-theta, kg/m^3]
# name 9 = potemp090C: Potential Temperature [ITS-90, deg C]
# name 10 = sbeox0PS: Oxygen, SBE 43 [% saturation]
# name 11 = CStarTr0: Beam Transmission, WET Labs C-Star [%]
# name 12 = flECO-AFL: Fluorescence, WET Labs ECO-AFL/FL [mg/m^3]
# name 13 = ph: pH
# name 14 = sbeox0ML/L: Oxygen, SBE 43 [ml/l]
# name 15 = sbeox0Mg/L: Oxygen, SBE 43 [mg/l]
# name 16 = sbox0Mm/Kg: Oxygen, SBE 43 [umol/kg]
# name 17 = sbeox0Mm/L: Oxygen, SBE 43 [umol/l]
# name 18 = scan: Scan Count
# name 19 = nbf: Bottles Fired
# name 20 = flag:  0.000e+00
# interval = seconds: 0.0416667
# start_time = Aug 17 2022 20:53:06 [NMEA time, header]
# bad_flag = -9.990e-29
*END*
[from data line 138]
   59.02182 -135.22088    199.150    101.491    100.517     4.6681    31.8629  1025.6971    25.2250     4.6610     54.115    92.9131    -0.0591      7.694     3.9402     5.6309    171.639    175.969      15147          3  0.000e+00
   59.02182 -135.22088    199.238    101.580    100.605     4.6682    31.8631  1025.6976    25.2251     4.6612     54.059    92.9131    -0.0591      7.694     3.9361     5.6251    171.461    175.786      15148          3  0.000e+00
   59.02182 -135.22088    199.150    101.491    100.517     4.6682    31.8619  1025.6963    25.2242     4.6612     54.051    92.9131    -0.0591      7.694     3.9355     5.6243    171.436    175.760      15149          3  0.000e+00
   59.02182 -135.22088    199.174    101.515    100.541     4.6681    31.8609  1025.6957    25.2234     4.6610     54.052    92.9131    -0.0591      7.694     3.9356     5.6244    171.441    175.765      15150          3  0.000e+00
   59.02182 -135.22088    199.150    101.491    100.517     4.6682    31.8605  1025.6952    25.2231     4.6612     54.053    92.9131    -0.0591      7.694     3.9357     5.6245    171.442    175.767      15151          3  0.000e+00
   59.02182 -135.22088    199.174    101.515    100.541     4.6679    31.8611  1025.6958    25.2235     4.6609     54.102    92.8851    -0.0591      7.694     3.9393     5.6296    171.600    175.929      15152          3  0.000e+00
   59.02182 -135.22088    199.118    101.458    100.485     4.6681    31.8624  1025.6965    25.2246     4.6610     54.110    92.8572    -0.0591      7.694     3.9398     5.6304    171.624    175.953      15153          3  0.000e+00
   59.02182 -135.22088    199.094    101.434    100.461     4.6682    31.8626  1025.6966    25.2247     4.6612     54.052    92.8572    -0.0591      7.699     3.9356     5.6243    171.437    175.762      15154          3  0.000e+00
   59.02182 -135.22088    199.118    101.458    100.485     4.6681    31.8619  1025.6961    25.2242     4.6610     54.051    92.8572    -0.0591      7.694     3.9355     5.6243    171.437    175.762      15155          3  0.000e+00
   59.02236 -135.22116    146.050     47.871     47.418     7.6742    30.6901  1024.1563    23.9366     7.6698     82.017   101.3877    -0.0005      8.022     5.6086     8.0153    244.626    250.482      17808          4  0.000e+00
   59.02236 -135.22116    146.283     48.105     47.650     7.6868    30.6910  1024.1563    23.9356     7.6825     82.065   101.3877    -0.0005      8.022     5.6103     8.0176    244.698    250.555      17809          4  0.000e+00
   59.02236 -135.22116    146.106     47.928     47.474     7.7124    30.6869  1024.1488    23.9290     7.7081     82.153   101.3877    -0.0005      8.022     5.6131     8.0217    244.824    250.682      17810          4  0.000e+00
   59.02236 -135.22116    146.042     47.863     47.410     7.7247    30.6794  1024.1409    23.9214     7.7204     82.193   101.3877    -0.0005      8.022     5.6146     8.0238    244.889    250.748      17811          4  0.000e+00
   59.02236 -135.22116    145.994     47.814     47.362     7.7186    30.6768  1024.1395    23.9202     7.7142     82.235   101.3877    -0.0005      8.022     5.6183     8.0292    245.053    250.915      17812          4  0.000e+00
   59.02236 -135.22116    146.042     47.863     47.410     7.7120    30.6709  1024.1360    23.9164     7.7076     82.276   101.3877    -0.0005      8.022     5.6222     8.0346    245.221    251.086      17813          4  0.000e+00
   59.02236 -135.22116    145.874     47.693     47.242     7.7029    30.6703  1024.1360    23.9172     7.6985     82.312   101.3877    -0.0005      8.022     5.6258     8.0399    245.381    251.250      17814          4  0.000e+00
   59.02236 -135.22116    145.922     47.742     47.290     7.7003    30.6712  1024.1373    23.9182     7.6959     82.347   101.3877    -0.0005      8.022     5.6285     8.0438    245.499    251.371      17815          4  0.000e+00
   59.02236 -135.22116    145.922     47.742     47.290     7.6968    30.6739  1024.1399    23.9209     7.6925     82.435   101.3877    -0.0005      8.022     5.6349     8.0528    245.775    251.654      17816          4  0.000e+00
   59.02236 -135.22116    145.874     47.693     47.242     7.6980    30.6754  1024.1407    23.9219     7.6937     82.463   101.3877    -0.0005      8.022     5.6366     8.0552    245.849    251.730      17817          4  0.000e+00
   59.02236 -135.22116    145.810     47.629     47.178     7.7082    30.6771  1024.1403    23.9218     7.7039     82.486   101.3877    -0.0005      8.022     5.6368     8.0555    245.857    251.738      17818          4  0.000e+00
   59.02236 -135.22116    145.754     47.572     47.122     7.7234    30.6769  1024.1378    23.9196     7.7191     82.505   101.3877    -0.0005      8.022     5.6361     8.0546    245.829    251.709      17819          4  0.000e+00
   59.02236 -135.22116    145.746     47.564     47.114     7.7341    30.6757  1024.1353    23.9171     7.7297     82.522   101.3318    -0.0005      8.022     5.6360     8.0544    245.823    251.703      17820          4  0.000e+00
   59.02236 -135.22116    145.698     47.516     47.066     7.7414    30.6742  1024.1330    23.9150     7.7371     82.537   101.3038    -0.0005      8.022     5.6361     8.0545    245.829    251.708      17821          4  0.000e+00
   59.02236 -135.22116    145.690     47.507     47.058     7.7460    30.6727  1024.1311    23.9132     7.7416     82.549   101.3318    -0.0005      8.022     5.6364     8.0550    245.844    251.723      17822          4  0.000e+00
   59.02236 -135.22116    145.634     47.451     47.002     7.7471    30.6722  1024.1303    23.9127     7.7428     82.559   101.3318     0.0288      8.022     5.6370     8.0558    245.868    251.747      17823          4  0.000e+00
   59.02236 -135.22116    145.634     47.451     47.002     7.7481    30.6708  1024.1290    23.9114     7.7437     82.559   101.3038     0.0288      8.022     5.6369     8.0557    245.865    251.744      17824          4  0.000e+00
   59.02236 -135.22116    145.634     47.451     47.002     7.7476    30.6674  1024.1265    23.9088     7.7432     82.501   101.3318     0.0288      8.022     5.6331     8.0503    245.700    251.575      17825          4  0.000e+00
   59.02236 -135.22116    145.570     47.386     46.938     7.7444    30.6647  1024.1245    23.9071     7.7400     82.543   101.3038     0.0288      8.022     5.6365     8.0551    245.849    251.727      17826          4  0.000e+00
   59.02236 -135.22116    145.570     47.386     46.938     7.7392    30.6624  1024.1234    23.9060     7.7348     82.528   101.3038     0.0288      8.022     5.6362     8.0547    245.836    251.713      17827          4  0.000e+00
   59.02236 -135.22116    145.514     47.330     46.882     7.7348    30.6605  1024.1222    23.9051     7.7305     82.452   101.3318     0.0288      8.022     5.6317     8.0482    245.639    251.511      17828          4  0.000e+00
   59.02236 -135.22116    145.514     47.330     46.882     7.7335    30.6610  1024.1228    23.9057     7.7291     82.422   101.3038     0.0288      8.022     5.6298     8.0455    245.555    251.425      17829          4  0.000e+00
   59.02236 -135.22116    145.458     47.273     46.826     7.7354    30.6613  1024.1225    23.9056     7.7311     82.387   101.3318     0.0288      8.022     5.6271     8.0417    245.439    251.307      17830          4  0.000e+00
   59.02236 -135.22116    145.450     47.265     46.818     7.7392    30.6608  1024.1215    23.9047     7.7348     82.356   101.3318     0.0288      8.022     5.6246     8.0381    245.328    251.193      17831          4  0.000e+00
   59.02236 -135.22116    145.458     47.273     46.826     7.7420    30.6597  1024.1204    23.9035     7.7377     82.260   101.3318     0.0288      8.022     5.6177     8.0282    245.027    250.885      17832          4  0.000e+00
   59.02236 -135.22116    145.394     47.208     46.762     7.7425    30.6588  1024.1193    23.9027     7.7382     82.216   101.3318     0.0288      8.022     5.6146     8.0239    244.896    250.750      17833          4  0.000e+00
   59.02236 -135.22116    145.458     47.273     46.826     7.7411    30.6571  1024.1184    23.9016     7.7368     82.172   101.3038     0.0288      8.022     5.6118     8.0199    244.774    250.625      17834          4  0.000e+00
   59.02236 -135.22116    145.394     47.208     46.762     7.7385    30.6564  1024.1179    23.9014     7.7342     82.068   101.3318     0.0288      8.022     5.6051     8.0103    244.481    250.324      17835          4  0.000e+00
   59.02236 -135.22116    145.338     47.152     46.706     7.7369    30.6555  1024.1172    23.9009     7.7326     81.962   101.3038     0.0288      8.022     5.5981     8.0002    244.175    250.011      17836          4  0.000e+00
   59.02236 -135.22116    145.338     47.152     46.706     7.7361    30.6550  1024.1169    23.9006     7.7318     81.910   101.3038     0.0288      8.022     5.5947     7.9954    244.027    249.859      17837          4  0.000e+00
   59.02236 -135.22116    145.394     47.209     46.762     7.7348    30.6532  1024.1159    23.8994     7.7305     81.858   101.3038     0.0288      8.022     5.5913     7.9906    243.881    249.709      17838          4  0.000e+00
   59.02236 -135.22116    145.338     47.152     46.706     7.7296    30.6505  1024.1143    23.8980     7.7253     81.748   101.3038     0.0288      8.022     5.5846     7.9809    243.587    249.408      17839          4  0.000e+00
   59.02236 -135.22116    145.338     47.152     46.706     7.7250    30.6487  1024.1135    23.8972     7.7207     81.685   101.3038     0.0288      8.022     5.5810     7.9758    243.429    249.247      17840          4  0.000e+00
   59.02236 -135.22116    145.226     47.039     46.594     7.7226    30.6481  1024.1129    23.8971     7.7183     81.572   101.3038     0.0288      8.022     5.5736     7.9652    243.106    248.916      17841          4  0.000e+00
   59.02236 -135.22116    145.338     47.152     46.706     7.7202    30.6474  1024.1131    23.8968     7.7159     81.454   101.3038     0.0288      8.022     5.5658     7.9541    242.768    248.569      17842          4  0.000e+00
   59.02236 -135.22116    145.282     47.095     46.650     7.7179    30.6480  1024.1137    23.8976     7.7136     81.326   101.3038     0.0581      8.022     5.5573     7.9420    242.398    248.191      17843          4  0.000e+00
   59.02236 -135.22116    145.274     47.087     46.642     7.7178    30.6471  1024.1130    23.8970     7.7135     81.254   101.3038     0.0581      8.022     5.5525     7.9350    242.186    247.974      17844          4  0.000e+00
   59.02236 -135.22116    145.218     47.031     46.586     7.7136    30.6426  1024.1098    23.8940     7.7093     81.127   101.3038     0.0581      8.022     5.5445     7.9236    241.839    247.617      17845          4  0.000e+00
   59.02236 -135.22116    145.282     47.095     46.650     7.7015    30.6380  1024.1081    23.8920     7.6972     81.059   101.3038     0.0581      8.022     5.5415     7.9194    241.710    247.485      17846          4  0.000e+00
   59.02236 -135.22116    145.154     46.966     46.522     7.6894    30.6363  1024.1078    23.8923     7.6851     80.934   101.3038     0.0581      8.022     5.5346     7.9095    241.408    247.176      17847          4  0.000e+00
   59.02236 -135.22116    145.282     47.095     46.650     7.6833    30.6360  1024.1090    23.8929     7.6790     80.868   101.3038     0.0581      8.022     5.5309     7.9042    241.245    247.009      17848          4  0.000e+00
   59.02236 -135.22116    145.154     46.966     46.522     7.6794    30.6374  1024.1101    23.8946     7.6751     80.745   101.3038     0.0581      8.022     5.5229     7.8928    240.896    246.652      17849          4  0.000e+00
   59.02236 -135.22116    145.162     46.974     46.530     7.6776    30.6371  1024.1101    23.8946     7.6733     80.625   101.3038     0.0581      8.022     5.5149     7.8814    240.549    246.297      17850          4  0.000e+00
   59.02236 -135.22116    145.218     47.031     46.586     7.6719    30.6353  1024.1098    23.8940     7.6676     80.501   101.3038     0.0581      8.027     5.5072     7.8704    240.213    245.953      17851          4  0.000e+00
   59.02236 -135.22116    145.154     46.966     46.522     7.6569    30.6315  1024.1086    23.8930     7.6526     80.429   101.3038     0.0581      8.022     5.5043     7.8662    240.085    245.822      17852          4  0.000e+00
   59.02236 -135.22116    145.106     46.918     46.474     7.6372    30.6265  1024.1071    23.8918     7.6329     80.311   101.3038     0.0581      8.022     5.4989     7.8585    239.851    245.582      17853          4  0.000e+00
   59.02236 -135.22116    145.154     46.966     46.522     7.6233    30.6221  1024.1058    23.8902     7.6190     80.190   101.3038     0.0581      8.022     5.4925     7.8494    239.573    245.296      17854          4  0.000e+00
   59.02236 -135.22116    145.106     46.918     46.474     7.6137    30.6174  1024.1032    23.8878     7.6095     80.064   101.3038     0.0581      8.027     5.4852     7.8390    239.255    244.971      17855          4  0.000e+00
   59.02236 -135.22116    145.098     46.910     46.466     7.5990    30.6138  1024.1023    23.8870     7.5947     79.943   101.3038     0.0581      8.027     5.4789     7.8299    238.980    244.688      17856          4  0.000e+00
   59.02262 -135.22132    124.600     26.214     25.968     8.4418    29.9153  1023.3416    23.2216     8.4393     88.073   100.6605     0.1460      8.124     5.9486     8.5012    259.636    265.665      19207          5  0.000e+00
   59.02262 -135.22132    124.536     26.150     25.904     8.4449    29.9149  1023.3405    23.2209     8.4424     88.132   100.6605     0.1460      8.124     5.9522     8.5063    259.794    265.827      19208          5  0.000e+00
   59.02262 -135.22132    124.600     26.214     25.968     8.4491    29.9130  1023.3387    23.2187     8.4466     88.145   100.6605     0.1460      8.124     5.9526     8.5069    259.812    265.844      19209          5  0.000e+00
   59.02262 -135.22132    124.600     26.215     25.968     8.4505    29.9123  1023.3380    23.2180     8.4480     88.104   100.6605     0.1460      8.124     5.9497     8.5027    259.683    265.712      19210          5  0.000e+00
   59.02262 -135.22132    124.536     26.150     25.904     8.4509    29.9116  1023.3371    23.2174     8.4484     88.166   100.6605     0.1753      8.124     5.9538     8.5086    259.864    265.897      19211          5  0.000e+00
   59.02262 -135.22132    124.536     26.150     25.904     8.4522    29.9110  1023.3364    23.2167     8.4497     88.181   100.6605     0.1460      8.124     5.9547     8.5098    259.902    265.936      19212          5  0.000e+00
   59.02262 -135.22132    124.536     26.150     25.904     8.4529    29.9105  1023.3359    23.2162     8.4504     88.141   100.6605     0.1460      8.124     5.9520     8.5059    259.783    265.814      19213          5  0.000e+00
   59.02262 -135.22132    124.536     26.150     25.904     8.4527    29.9109  1023.3363    23.2166     8.4502     88.151   100.6605     0.1460      8.124     5.9526     8.5069    259.812    265.844      19214          5  0.000e+00
   59.02262 -135.22132    124.536     26.150     25.904     8.4520    29.9114  1023.3368    23.2171     8.4495     88.217   100.6885     0.1460      8.124     5.9571     8.5133    260.008    266.045      19215          5  0.000e+00
   59.02262 -135.22132    124.424     26.037     25.792     8.4519    29.9109  1023.3359    23.2167     8.4494     88.226   100.6885     0.1460      8.124     5.9578     8.5143    260.038    266.076      19216          5  0.000e+00
