EcoFOCI/data/1_SampleCollection/2022_GOA-OA_CruiseData/CTD_raw_BottleFile_RC0083/RC0083_126.cnv
* Sea-Bird SBE 9 Data File:
* FileName = C:\Data\RC0083ctd\RC0083_126.hex
* Software Version Seasave V 7.26.7.107
* Temperature SN = 2060
* Conductivity SN = 2881
* Number of Bytes Per Scan = 31
* Number of Voltage Words = 4
* Number of Scans Averaged by the Deck Unit = 1
* NMEA Latitude = 56 59.78 N
* NMEA Longitude = 134 31.21 W
* NMEA UTC (Time) = Aug 24 2022  03:35:11
* NMEA baud rate = 4800
** Ship: R/V Rachel Carson
** Cruise ID: RC0083
** Tech: McHugh/Nomura
** Chief Scientist: Cross
** Station: FSW5
** Cast:  CTD126
# nquan = 19
# nvalues = 4613                                  
# units = specified
# name 0 = latitude: Latitude [deg]
# name 1 = longitude: Longitude [deg]
# name 2 = sfdSM: Seafloor depth [salt water, m]
# name 3 = prDM: Pressure, Digiquartz [db]
# name 4 = depSM: Depth [salt water, m]
# name 5 = t090C: Temperature [ITS-90, deg C]
# name 6 = sal00: Salinity, Practical [PSU]
# name 7 = density00: Density [density, kg/m^3]
# name 8 = sigma-é00: Density [sigma-theta, kg/m^3]
# name 9 = potemp090C: Potential Temperature [ITS-90, deg C]
# name 10 = sbeox0PS: Oxygen, SBE 43 [% saturation]
# name 11 = CStarTr0: Beam Transmission, WET Labs C-Star [%]
# name 12 = flECO-AFL: Fluorescence, WET Labs ECO-AFL/FL [mg/m^3]
# name 13 = ph: pH
# name 14 = sbeox0ML/L: Oxygen, SBE 43 [ml/l]
# name 15 = sbeox0Mg/L: Oxygen, SBE 43 [mg/l]
# name 16 = sbox0Mm/Kg: Oxygen, SBE 43 [umol/kg]
# name 17 = sbeox0Mm/L: Oxygen, SBE 43 [umol/l]
# name 18 = flag:  0.000e+00
# span 0 =   56.99638,   56.99690                 
# span 1 = -134.52022, -134.51960                 
# span 2 =      8.555,     58.120                 
# span 3 =      2.390,     46.040                 
# span 4 =      2.368,     45.612                 
# span 5 =     7.8510,    11.8635                 
# span 6 =    25.4002,    30.8866                 
# span 7 =  1019.3713,  1024.2775                 
# span 8 =    19.3437,    24.0665                 
# span 9 =     7.8468,    11.8631                 
# span 10 =     58.583,    101.492                
# span 11 =    92.4097,   103.2616                
# span 12 =     0.2339,     3.6918                
# span 13 =      7.945,      8.333                
# span 14 =     3.9846,     6.5372                
# span 15 =     5.6945,     9.3424                
# span 16 =    173.775,    286.063                
# span 17 =    177.954,    291.953                
# span 18 = 0.0000e+00, 0.0000e+00                
# interval = seconds: 0.0416667
# start_time = Aug 24 2022 03:35:11 [NMEA time, header]
# bad_flag = -9.990e-29
*END*
[from data line 1753]
   56.99662 -134.52004     56.998     24.502     24.276     8.6988    29.4567  1022.9377    22.8256     8.6964     71.900   100.8843     0.7614      8.076     4.8426     6.9206    211.445    216.271  0.000e+00
   56.99662 -134.52004     52.586     24.559     24.332     8.6958    29.4594  1022.9405    22.8282     8.6934     71.917   100.8843     0.7614      8.076     4.8440     6.9226    211.506    216.334  0.000e+00
   56.99662 -134.52004     49.094     24.559     24.332     8.6943    29.4614  1022.9423    22.8300     8.6919     71.934   100.8843     0.7614      8.076     4.8452     6.9243    211.558    216.388  0.000e+00
   56.99662 -134.52004     48.515     24.615     24.388     8.6946    29.4612  1022.9423    22.8297     8.6922     71.950   100.8843     0.7614      8.076     4.8463     6.9259    211.606    216.437  0.000e+00
   56.99662 -134.52004     48.774     24.680     24.452     8.6954    29.4605  1022.9419    22.8290     8.6930     71.910   100.8843     0.7614      8.076     4.8436     6.9219    211.485    216.313  0.000e+00
   56.99662 -134.52004     48.921     24.680     24.452     8.6946    29.4607  1022.9422    22.8293     8.6922     71.919   100.8843     0.7614      8.076     4.8442     6.9229    211.514    216.343  0.000e+00
   56.99662 -134.52004     48.865     24.599     24.372     8.6910    29.4624  1022.9437    22.8312     8.6886     71.932   100.8843     0.7614      8.076     4.8455     6.9247    211.568    216.399  0.000e+00
   56.99662 -134.52004     49.065     24.801     24.572     8.6885    29.4629  1022.9454    22.8320     8.6861     71.953   100.9122     0.7614      8.076     4.8471     6.9270    211.641    216.473  0.000e+00
   56.99662 -134.52004     49.041     24.801     24.572     8.6858    29.4653  1022.9477    22.8342     8.6834     71.916   100.9962     0.7614      8.071     4.8448     6.9237    211.539    216.369  0.000e+00
   56.99662 -134.52004     49.041     24.801     24.572     8.6823    29.4692  1022.9512    22.8377     8.6799     71.927   101.0521     0.7614      8.071     4.8458     6.9252    211.583    216.415  0.000e+00
   56.99662 -134.52004     49.041     24.801     24.572     8.6786    29.4737  1022.9553    22.8418     8.6762     71.887   101.0521     0.7614      8.071     4.8434     6.9218    211.477    216.308  0.000e+00
   56.99662 -134.52004     49.097     24.858     24.628     8.6828    29.4696  1022.9517    22.8380     8.6804     71.897   101.0241     0.7614      8.071     4.8437     6.9222    211.491    216.321  0.000e+00
   56.99662 -134.52004     49.097     24.858     24.628     8.6854    29.4665  1022.9490    22.8352     8.6830     71.960   101.0241     0.7614      8.071     4.8478     6.9280    211.670    216.504  0.000e+00
   56.99662 -134.52004     49.153     24.914     24.684     8.6805    29.4710  1022.9534    22.8394     8.6781     71.924   101.0241     0.7614      8.071     4.8457     6.9251    211.579    216.411  0.000e+00
   56.99662 -134.52004     49.153     24.914     24.684     8.6789    29.4721  1022.9545    22.8405     8.6765     71.935   101.0241     0.7614      8.071     4.8466     6.9263    211.617    216.450  0.000e+00
   56.99662 -134.52004     50.120     24.979     24.748     8.6809    29.4701  1022.9530    22.8387     8.6785     71.894   101.0241     0.7614      8.071     4.8438     6.9222    211.493    216.323  0.000e+00
   56.99662 -134.52004     54.443     24.979     24.748     8.6798    29.4716  1022.9543    22.8400     8.6773     71.903   101.0241     0.7614      8.071     4.8444     6.9231    211.519    216.350  0.000e+00
   56.99662 -134.52004     56.355     25.035     24.804     8.6711    29.4806  1022.9628    22.8483     8.6687     71.916   101.0241     0.7614      8.071     4.8460     6.9254    211.587    216.421  0.000e+00
   56.99662 -134.52004     56.516     25.100     24.868     8.6575    29.4926  1022.9745    22.8597     8.6551     71.935   101.0241     0.7614      8.071     4.8483     6.9287    211.687    216.526  0.000e+00
   56.99662 -134.52004     56.281     25.035     24.804     8.6466    29.5026  1022.9836    22.8691     8.6441     71.950   101.0241     0.7614      8.071     4.8503     6.9315    211.769    216.612  0.000e+00
   56.99662 -134.52004     56.304     25.156     24.924     8.6404    29.5085  1022.9897    22.8746     8.6380     71.915   101.0241     0.7614      8.071     4.8484     6.9288    211.687    216.529  0.000e+00
   56.99664 -134.52004     56.248     25.100     24.868     8.6350    29.5135  1022.9941    22.8793     8.6326     71.933   101.0241     0.7614      8.071     4.8500     6.9312    211.757    216.601  0.000e+00
   56.99664 -134.52004     56.360     25.213     24.980     8.6321    29.5162  1022.9972    22.8818     8.6296     71.950   101.0241     0.7614      8.071     4.8514     6.9332    211.817    216.664  0.000e+00
   56.99664 -134.52004     56.304     25.156     24.924     8.6314    29.5165  1022.9972    22.8821     8.6290     71.964   101.0241     0.7614      8.071     4.8524     6.9346    211.860    216.708  0.000e+00
   56.99664 -134.52004     56.360     25.213     24.980     8.6321    29.5149  1022.9962    22.8808     8.6297     71.982   101.0241     0.7614      8.066     4.8536     6.9363    211.913    216.762  0.000e+00
   56.99664 -134.52004     56.399     25.278     25.044     8.6321    29.5138  1022.9956    22.8799     8.6296     71.943   101.0241     0.7614      8.066     4.8510     6.9325    211.799    216.645  0.000e+00
   56.99664 -134.52004     56.375     25.278     25.044     8.6322    29.5132  1022.9951    22.8794     8.6298     71.957   101.0241     0.7614      8.066     4.8519     6.9339    211.840    216.686  0.000e+00
   56.99664 -134.52004     56.350     25.278     25.044     8.6319    29.5132  1022.9952    22.8795     8.6294     71.974   101.0241     0.7614      8.066     4.8531     6.9356    211.893    216.741  0.000e+00
   56.99664 -134.52004     56.406     25.334     25.100     8.6324    29.5122  1022.9945    22.8786     8.6300     71.990   101.1360     0.7614      8.066     4.8542     6.9371    211.939    216.788  0.000e+00
   56.99664 -134.52004     56.350     25.278     25.044     8.6339    29.5101  1022.9925    22.8768     8.6314     72.003   101.1919     0.7614      8.066     4.8549     6.9382    211.972    216.821  0.000e+00
   56.99664 -134.52004     56.414     25.391     25.156     8.6334    29.5107  1022.9935    22.8774     8.6309     71.964   101.1919     0.7028      8.066     4.8524     6.9345    211.861    216.708  0.000e+00
   56.99664 -134.52004     56.365     25.391     25.156     8.6320    29.5117  1022.9945    22.8783     8.6296     71.979   101.1919     0.7028      8.066     4.8535     6.9361    211.908    216.756  0.000e+00
   56.99664 -134.52004     56.365     25.391     25.156     8.6335    29.5093  1022.9924    22.8762     8.6311     71.990   101.1919     0.7028      8.066     4.8542     6.9371    211.939    216.788  0.000e+00
   56.99664 -134.52004     56.429     25.455     25.220     8.6346    29.5073  1022.9910    22.8745     8.6322     71.950   101.1640     0.7028      8.066     4.8514     6.9332    211.819    216.664  0.000e+00
   56.99664 -134.52004     56.429     25.455     25.220     8.6352    29.5067  1022.9904    22.8739     8.6327     71.963   101.1919     0.7028      8.066     4.8523     6.9344    211.856    216.702  0.000e+00
   56.99664 -134.52004     56.436     25.512     25.276     8.6337    29.5087  1022.9924    22.8757     8.6312     71.981   101.1919     0.7028      8.066     4.8535     6.9362    211.911    216.759  0.000e+00
   56.99664 -134.52004     56.412     25.512     25.276     8.6355    29.5062  1022.9902    22.8735     8.6330     71.989   101.1640     0.7028      8.066     4.8540     6.9368    211.930    216.778  0.000e+00
   56.99664 -134.52004     56.476     25.577     25.340     8.6365    29.5044  1022.9890    22.8720     8.6340     71.995   101.1919     0.7028      8.066     4.8543     6.9373    211.945    216.792  0.000e+00
   56.99664 -134.52004     56.412     25.512     25.276     8.6364    29.5048  1022.9890    22.8723     8.6340     72.002   101.1919     0.7028      8.066     4.8548     6.9380    211.967    216.815  0.000e+00
   56.99664 -134.52004     56.532     25.633     25.396     8.6353    29.5064  1022.9910    22.8737     8.6329     72.015   101.1919     0.7028      8.066     4.8557     6.9393    212.006    216.856  0.000e+00
   56.99664 -134.52004     56.483     25.633     25.396     8.6329    29.5096  1022.9938    22.8766     8.6304     72.023   101.1919     0.7028      8.066     4.8564     6.9403    212.037    216.888  0.000e+00
   56.99664 -134.52004     56.458     25.633     25.396     8.6314    29.5108  1022.9950    22.8777     8.6289     71.978   101.1640     0.7028      8.066     4.8535     6.9362    211.910    216.758  0.000e+00
   56.99664 -134.52004     56.514     25.690     25.452     8.6326    29.5083  1022.9931    22.8756     8.6301     71.992   101.1919     0.7028      8.066     4.8544     6.9375    211.950    216.799  0.000e+00
   56.99664 -134.52004     56.514     25.690     25.452     8.6360    29.5042  1022.9894    22.8718     8.6335     71.953   101.1919     0.7028      8.066     4.8515     6.9333    211.824    216.669  0.000e+00
   56.99664 -134.52004     56.490     25.690     25.452     8.6380    29.5019  1022.9873    22.8698     8.6355     71.961   101.1919     0.7028      8.066     4.8519     6.9339    211.843    216.688  0.000e+00
   56.99664 -134.52004     56.505     25.754     25.516     8.6394    29.4997  1022.9857    22.8678     8.6369     71.967   101.1919     0.7028      8.066     4.8523     6.9344    211.857    216.702  0.000e+00
   56.99664 -134.52004     56.481     25.754     25.516     8.6410    29.4975  1022.9837    22.8659     8.6385     72.031   101.1640     0.7028      8.066     4.8565     6.9404    212.042    216.890  0.000e+00
   56.99664 -134.52004     56.537     25.811     25.572     8.6414    29.4969  1022.9835    22.8654     8.6389     72.049   101.1640     0.7028      8.066     4.8576     6.9420    212.092    216.942  0.000e+00
   56.99664 -134.52004     56.537     25.811     25.572     8.6397    29.4987  1022.9851    22.8670     8.6372     72.007   101.2479     0.7028      8.066     4.8549     6.9382    211.974    216.821  0.000e+00
   56.99664 -134.52004     56.593     25.867     25.628     8.6349    29.5035  1022.9898    22.8714     8.6324     72.012   101.2758     0.7028      8.066     4.8557     6.9392    212.005    216.854  0.000e+00
   56.99664 -134.52004     56.617     25.867     25.628     8.6319    29.5061  1022.9923    22.8739     8.6294     72.019   101.3038     0.7028      8.066     4.8564     6.9403    212.036    216.886  0.000e+00
   56.99664 -134.52004     56.593     25.867     25.628     8.6303    29.5073  1022.9935    22.8751     8.6278     71.973   101.3038     0.6735      8.066     4.8534     6.9360    211.905    216.753  0.000e+00
   56.99664 -134.52004     56.657     25.932     25.692     8.6291    29.5087  1022.9950    22.8764     8.6266     72.035   101.2758     0.6735      8.066     4.8577     6.9421    212.093    216.945  0.000e+00
   56.99664 -134.52004     56.681     25.932     25.692     8.6278    29.5092  1022.9956    22.8770     8.6253     71.988   101.3038     0.6442      8.066     4.8546     6.9377    211.959    216.807  0.000e+00
   56.99664 -134.52004     56.664     25.989     25.748     8.6251    29.5109  1022.9976    22.8787     8.6226     71.993   101.2758     0.6442      8.066     4.8553     6.9386    211.986    216.836  0.000e+00
   56.99664 -134.52004     56.559     25.932     25.692     8.6226    29.5128  1022.9992    22.8805     8.6201     72.001   101.2758     0.6735      8.066     4.8559     6.9396    212.016    216.867  0.000e+00
   56.99664 -134.52004     56.591     25.989     25.748     8.6217    29.5135  1023.0002    22.8812     8.6192     72.011   101.2758     0.6442      8.066     4.8567     6.9407    212.049    216.901  0.000e+00
   56.99664 -134.52004     56.655     26.053     25.812     8.6213    29.5140  1023.0009    22.8817     8.6188     72.018   101.2758     0.6735      8.066     4.8572     6.9414    212.070    216.922  0.000e+00
   56.99664 -134.52004     56.655     26.053     25.812     8.6208    29.5164  1023.0028    22.8836     8.6183     72.026   101.2758     0.6735      8.066     4.8577     6.9422    212.093    216.947  0.000e+00
   56.99664 -134.52004     56.557     26.053     25.812     8.6201    29.5199  1023.0057    22.8864     8.6176     71.974   101.2758     0.6735      8.066     4.8542     6.9372    211.939    216.790  0.000e+00
   56.99664 -134.52004     56.564     26.110     25.868     8.6177    29.5246  1023.0099    22.8904     8.6152     71.976   101.2758     0.7028      8.066     4.8544     6.9375    211.948    216.800  0.000e+00
   56.99664 -134.52004     56.620     26.166     25.924     8.6145    29.5270  1023.0126    22.8928     8.6119     71.986   101.2758     0.6735      8.066     4.8554     6.9388    211.989    216.842  0.000e+00
   56.99664 -134.52004     56.564     26.110     25.868     8.6109    29.5283  1023.0139    22.8944     8.6083     71.935   101.2758     0.6442      8.066     4.8523     6.9345    211.855    216.705  0.000e+00
   56.99664 -134.52004     56.620     26.166     25.924     8.6081    29.5291  1023.0151    22.8954     8.6056     71.938   101.2758     0.6442      8.066     4.8528     6.9351    211.875    216.726  0.000e+00
   56.99664 -134.52004     56.587     26.231     25.988     8.6054    29.5270  1023.0142    22.8942     8.6029     71.937   101.2758     0.6735      8.066     4.8531     6.9356    211.888    216.739  0.000e+00
   56.99664 -134.52004     56.538     26.231     25.988     8.6045    29.5235  1023.0115    22.8915     8.6019     71.882   101.3038     0.6442      8.066     4.8496     6.9305    211.736    216.583  0.000e+00
   56.99664 -134.52004     56.594     26.288     26.044     8.6070    29.5212  1023.0096    22.8893     8.6044     71.879   101.2758     0.6735      8.066     4.8492     6.9300    211.719    216.566  0.000e+00
   56.99664 -134.52004     56.562     26.231     25.988     8.6115    29.5201  1023.0079    22.8879     8.6090     71.822   101.2758     0.6735      8.066     4.8449     6.9238    211.531    216.372  0.000e+00
   56.99664 -134.52004     56.633     26.352     26.108     8.6149    29.5197  1023.0077    22.8871     8.6124     71.875   101.3318     0.6735      8.066     4.8481     6.9284    211.671    216.515  0.000e+00
   56.99664 -134.52004     56.496     26.288     26.044     8.6149    29.5193  1023.0070    22.8868     8.6124     71.873   101.4437     0.6735      8.066     4.8480     6.9282    211.665    216.510  0.000e+00
   56.99664 -134.52004     56.592     26.409     26.164     8.6136    29.5196  1023.0080    22.8871     8.6111     71.875   101.4437     0.6735      8.066     4.8482     6.9286    211.677    216.522  0.000e+00
   56.99664 -134.52004     56.536     26.352     26.108     8.6145    29.5197  1023.0077    22.8871     8.6119     71.877   101.4437     0.6442      8.066     4.8483     6.9287    211.680    216.524  0.000e+00
   56.99664 -134.52004     56.592     26.409     26.164     8.6154    29.5199  1023.0080    22.8872     8.6129     71.883   101.4437     0.6735      8.066     4.8485     6.9291    211.691    216.536  0.000e+00
   56.99664 -134.52004     56.623     26.465     26.221     8.6159    29.5201  1023.0083    22.8872     8.6134     71.834   101.4437     0.6442      8.066     4.8452     6.9243    211.547    216.388  0.000e+00
   56.99664 -134.52004     56.575     26.465     26.221     8.6151    29.5204  1023.0087    22.8876     8.6125     71.832   101.4437     0.6442      8.066     4.8452     6.9242    211.544    216.386  0.000e+00
