EcoFOCI/data/1_SampleCollection/2022_GOA-OA_CruiseData/CTD_raw_BottleFile_RC0083/RC0083_076.cnv
* Sea-Bird SBE 9 Data File:
* FileName = C:\Data\RC0083ctd\RC0083_076.hex
* Software Version Seasave V 7.26.7.107
* Temperature SN = 2060
* Conductivity SN = 1084
* Number of Bytes Per Scan = 31
* Number of Voltage Words = 4
* Number of Scans Averaged by the Deck Unit = 1
* NMEA Latitude = 58 24.84 N
* NMEA Longitude = 135 59.68 W
* NMEA UTC (Time) = Aug 21 2022  04:04:57
* NMEA baud rate = 4800
** Ship: R/V Rachel Carson
** Cruise ID: RC0083
** Tech: McHugh/Nomura
** Chief Scientist: Cross
** Station: GB01
** Cast:  CTD076
# nquan = 19
# nvalues = 8959                                  
# units = specified
# name 0 = latitude: Latitude [deg]
# name 1 = longitude: Longitude [deg]
# name 2 = sfdSM: Seafloor depth [salt water, m]
# name 3 = prDM: Pressure, Digiquartz [db]
# name 4 = depSM: Depth [salt water, m]
# name 5 = t090C: Temperature [ITS-90, deg C]
# name 6 = sal00: Salinity, Practical [PSU]
# name 7 = density00: Density [density, kg/m^3]
# name 8 = sigma-é00: Density [sigma-theta, kg/m^3]
# name 9 = potemp090C: Potential Temperature [ITS-90, deg C]
# name 10 = sbeox0PS: Oxygen, SBE 43 [% saturation]
# name 11 = CStarTr0: Beam Transmission, WET Labs C-Star [%]
# name 12 = flECO-AFL: Fluorescence, WET Labs ECO-AFL/FL [mg/m^3]
# name 13 = ph: pH
# name 14 = sbeox0ML/L: Oxygen, SBE 43 [ml/l]
# name 15 = sbeox0Mg/L: Oxygen, SBE 43 [mg/l]
# name 16 = sbox0Mm/Kg: Oxygen, SBE 43 [umol/kg]
# name 17 = sbeox0Mm/L: Oxygen, SBE 43 [umol/l]
# name 18 = flag:  0.000e+00
# span 0 =   58.41404,   58.41534                 
# span 1 = -135.99464, -135.99430                 
# span 2 =      6.220,     67.623                 
# span 3 =      2.894,     55.107                 
# span 4 =      2.867,     54.587                 
# span 5 =     7.6606,    10.2799                 
# span 6 =    27.1385,    31.5384                 
# span 7 =  1020.7941,  1024.8558                 
# span 8 =    20.7782,    24.6047                 
# span 9 =     7.6555,    10.2795                 
# span 10 =     55.754,     90.304                
# span 11 =    80.3271,    89.7526                
# span 12 =     0.2339,     3.7797                
# span 13 =      7.893,      8.176                
# span 14 =     3.7927,     6.0012                
# span 15 =     5.4202,     8.5763                
# span 16 =    165.317,    262.435                
# span 17 =    169.383,    268.013                
# span 18 = 0.0000e+00, 0.0000e+00                
# interval = seconds: 0.0416667
# start_time = Aug 21 2022 04:04:57 [NMEA time, header]
# bad_flag = -9.990e-29
*END*
[from data line 8686]
   58.41528 -135.99438     13.045      3.209      3.179     9.6386    27.7720  1021.3850    21.3703     9.6382     84.294    80.9424     3.2229      8.143     5.6201     8.0317    245.742    250.994  0.000e+00
   58.41528 -135.99438     31.784      3.193      3.163     9.6391    27.7717  1021.3846    21.3700     9.6388     84.281    80.9424     3.2229      8.139     5.6192     8.0304    245.703    250.954  0.000e+00
   58.41528 -135.99438     59.052      3.209      3.179     9.6510    27.7627  1021.3759    21.3612     9.6507     84.273    80.9424     3.2229      8.143     5.6175     8.0279    245.629    250.876  0.000e+00
   58.41528 -135.99438     66.362      3.193      3.163     9.6537    27.7603  1021.3735    21.3589     9.6534     84.318    80.9424     3.2522      8.143     5.6202     8.0319    245.751    250.999  0.000e+00
   58.41528 -135.99438     65.621      3.209      3.179     9.6553    27.7580  1021.3716    21.3569     9.6550     84.314    80.9424     3.2815      8.143     5.6199     8.0313    245.735    250.983  0.000e+00
   58.41528 -135.99438     64.506      3.193      3.163     9.6382    27.7698  1021.3833    21.3687     9.6379     84.257    80.9424     3.2815      8.143     5.6177     8.0283    245.639    250.888  0.000e+00
   58.41528 -135.99438     64.229      3.209      3.179     9.6443    27.7642  1021.3781    21.3634     9.6440     84.297    80.9704     3.2815      8.143     5.6199     8.0314    245.734    250.984  0.000e+00
   58.41528 -135.99438     64.318      3.250      3.219     9.6510    27.7570  1021.3716    21.3568     9.6507     84.288    80.9983     3.2815      8.143     5.6187     8.0297    245.685    250.932  0.000e+00
   58.41528 -135.99438     64.207      3.088      3.059     9.6497    27.7577  1021.3716    21.3575     9.6494     84.277    80.9983     3.2815      8.143     5.6181     8.0288    245.657    250.904  0.000e+00
   58.41528 -135.99438     64.423      3.306      3.275     9.6536    27.7547  1021.3697    21.3546     9.6532     84.267    80.9704     3.2815      8.143     5.6171     8.0274    245.613    250.858  0.000e+00
   58.41528 -135.99438     64.311      3.193      3.163     9.6654    27.7455  1021.3601    21.3456     9.6651     84.258    80.9704     3.2815      8.143     5.6153     8.0249    245.539    250.780  0.000e+00
   58.41528 -135.99438     64.327      3.209      3.179     9.6715    27.7391  1021.3543    21.3397     9.6711     84.256    80.9704     3.2815      8.143     5.6147     8.0239    245.512    250.752  0.000e+00
   58.41528 -135.99438     64.311      3.193      3.163     9.6732    27.7352  1021.3510    21.3364     9.6728     84.254    80.9704     3.2815      8.138     5.6144     8.0236    245.503    250.741  0.000e+00
   58.41528 -135.99438     64.327      3.209      3.179     9.6835    27.7251  1021.3416    21.3270     9.6832     84.304    80.9704     3.2815      8.143     5.6168     8.0270    245.610    250.848  0.000e+00
   58.41528 -135.99438     64.367      3.249      3.219     9.7159    27.6959  1021.3141    21.2993     9.7155     84.302    80.9704     3.2815      8.138     5.6137     8.0226    245.480    250.709  0.000e+00
   58.41528 -135.99438     64.271      3.153      3.123     9.7341    27.6775  1021.2965    21.2821     9.7338     84.299    80.9704     3.2815      8.138     5.6119     8.0200    245.406    250.629  0.000e+00
   58.41528 -135.99438     64.367      3.249      3.219     9.7453    27.6663  1021.2865    21.2717     9.7450     84.297    80.9704     3.2815      8.138     5.6108     8.0185    245.361    250.580  0.000e+00
   58.41528 -135.99438     64.327      3.209      3.179     9.7562    27.6575  1021.2778    21.2632     9.7558     84.293    80.9704     3.2815      8.138     5.6095     8.0166    245.306    250.522  0.000e+00
   58.41528 -135.99438     64.311      3.193      3.163     9.7620    27.6526  1021.2731    21.2585     9.7617     84.350    80.9704     3.2815      8.138     5.6128     8.0212    245.448    250.666  0.000e+00
   58.41528 -135.99438     64.327      3.209      3.179     9.7714    27.6444  1021.2653    21.2507     9.7710     84.357    80.9704     3.2815      8.143     5.6124     8.0206    245.433    250.648  0.000e+00
   58.41528 -135.99438     64.311      3.193      3.163     9.7802    27.6382  1021.2591    21.2445     9.7799     84.363    80.9704     3.2815      8.138     5.6119     8.0199    245.412    250.626  0.000e+00
   58.41528 -135.99438     64.327      3.209      3.179     9.7787    27.6394  1021.2603    21.2456     9.7783     84.369    80.9983     3.2815      8.138     5.6124     8.0207    245.436    250.650  0.000e+00
   58.41528 -135.99438     64.367      3.249      3.219     9.7748    27.6411  1021.2624    21.2476     9.7745     84.374    80.9704     3.2815      8.138     5.6132     8.0218    245.468    250.684  0.000e+00
   58.41528 -135.99438     64.271      3.153      3.123     9.7711    27.6437  1021.2645    21.2501     9.7708     84.437    80.9704     3.2815      8.138     5.6178     8.0283    245.668    250.889  0.000e+00
   58.41528 -135.99438     64.367      3.249      3.219     9.7732    27.6433  1021.2643    21.2495     9.7729     84.392    80.9704     3.2815      8.138     5.6145     8.0236    245.525    250.743  0.000e+00
   58.41528 -135.99438     64.311      3.193      3.163     9.7745    27.6414  1021.2625    21.2479     9.7742     84.445    80.9704     3.2815      8.138     5.6180     8.0286    245.678    250.898  0.000e+00
   58.41528 -135.99438     64.327      3.209      3.179     9.7774    27.6382  1021.2596    21.2449     9.7771     84.450    80.9144     3.2815      8.138     5.6180     8.0287    245.682    250.901  0.000e+00
   58.41528 -135.99438     64.367      3.249      3.219     9.7742    27.6420  1021.2632    21.2484     9.7738     84.461    80.8865     3.2815      8.138     5.6190     8.0302    245.725    250.946  0.000e+00
   58.41528 -135.99438     63.741      3.209      3.179     9.7739    27.6441  1021.2647    21.2501     9.7736     84.524    80.8865     3.2815      8.138     5.6232     8.0361    245.905    251.130  0.000e+00
   58.41528 -135.99438     42.186      3.193      3.163     9.7683    27.6514  1021.2712    21.2566     9.7680     84.538    80.8865     3.2815      8.138     5.6245     8.0380    245.963    251.192  0.000e+00
   58.41528 -135.99438     28.600      3.209      3.179     9.7663    27.6554  1021.2747    21.2600     9.7660     84.496    80.8865     3.2815      8.138     5.6218     8.0342    245.845    251.072  0.000e+00
   58.41528 -135.99438     26.606      3.193      3.163     9.7575    27.6638  1021.2825    21.2679     9.7571     84.556    80.8865     3.2815      8.138     5.6266     8.0410    246.052    251.285  0.000e+00
   58.41528 -135.99438     27.550      3.209      3.179     9.7492    27.6718  1021.2901    21.2755     9.7488     84.620    80.8865     3.2815      8.138     5.6317     8.0482    246.271    251.510  0.000e+00
   58.41528 -135.99438     28.072      3.193      3.163     9.7361    27.6830  1021.3008    21.2862     9.7357     84.636    80.8865     3.3108      8.138     5.6339     8.0514    246.366    251.610  0.000e+00
   58.41528 -135.99438     28.161      3.209      3.179     9.7252    27.6920  1021.3095    21.2948     9.7249     84.649    80.8865     3.2815      8.138     5.6358     8.0542    246.448    251.696  0.000e+00
   58.41528 -135.99438     28.152      3.249      3.219     9.6881    27.7215  1021.3383    21.3235     9.6878     84.665    80.8865     3.2815      8.138     5.6404     8.0608    246.643    251.902  0.000e+00
   58.41528 -135.99438     28.088      3.209      3.179     9.6601    27.7447  1021.3604    21.3458     9.6598     84.676    80.8865     3.2815      8.138     5.6439     8.0657    246.788    252.056  0.000e+00
   58.41528 -135.99438     28.072      3.193      3.163     9.6832    27.7286  1021.3443    21.3297     9.6829     84.733    80.8865     3.2815      8.138     5.6454     8.0678    246.857    252.122  0.000e+00
   58.41528 -135.99438     28.088      3.209      3.179     9.7038    27.7146  1021.3303    21.3157     9.7035     84.795    80.8865     3.2815      8.138     5.6474     8.0707    246.950    252.214  0.000e+00
   58.41528 -135.99438     28.072      3.193      3.163     9.6792    27.7345  1021.3495    21.3349     9.6789     84.759    80.8865     3.2815      8.138     5.6473     8.0706    246.942    252.210  0.000e+00
   58.41528 -135.99438     28.072      3.193      3.163     9.6461    27.7597  1021.3742    21.3596     9.6458     84.824    80.8865     3.2815      8.138     5.6549     8.0814    247.267    252.548  0.000e+00
   58.41528 -135.99438     28.088      3.209      3.179     9.6285    27.7735  1021.3876    21.3730     9.6282     84.836    80.8865     3.2815      8.139     5.6575     8.0851    247.375    252.663  0.000e+00
   58.41528 -135.99438     28.072      3.193      3.163     9.6378    27.7662  1021.3805    21.3660     9.6375     84.842    80.8865     3.2815      8.139     5.6570     8.0844    247.355    252.640  0.000e+00
   58.41528 -135.99438     28.088      3.209      3.179     9.6717    27.7398  1021.3549    21.3402     9.6714     84.849    80.8865     3.2815      8.138     5.6541     8.0803    247.237    252.513  0.000e+00
   58.41528 -135.99438     39.996      3.249      3.219     9.6976    27.7198  1021.3356    21.3207     9.6973     84.910    80.8865     3.3987      8.138     5.6556     8.0825    247.308    252.581  0.000e+00
   58.41528 -135.99438     50.034      3.153      3.123     9.6974    27.7197  1021.3350    21.3206     9.6971     84.922    80.8865     3.5453      8.134     5.6565     8.0837    247.346    252.620  0.000e+00
   58.41528 -135.99438     52.059      3.249      3.219     9.7015    27.7160  1021.3320    21.3171     9.7012     84.988    80.8865     3.5746      8.138     5.6605     8.0895    247.523    252.799  0.000e+00
   58.41528 -135.99438     51.482      3.209      3.179     9.7162    27.7045  1021.3206    21.3059     9.7159     85.001    80.9144     3.5746      8.133     5.6599     8.0886    247.499    252.772  0.000e+00
   58.41528 -135.99438     51.075      3.193      3.163     9.7179    27.7026  1021.3187    21.3042     9.7175     85.012    80.9144     3.5746      8.133     5.6606     8.0895    247.528    252.801  0.000e+00
   58.41528 -135.99438     51.018      3.209      3.179     9.7118    27.7068  1021.3231    21.3084     9.7115     85.023    80.9144     3.5746      8.133     5.6619     8.0914    247.584    252.860  0.000e+00
   58.41528 -135.99438     51.026      3.193      3.163     9.6895    27.7219  1021.3382    21.3236     9.6892     85.088    80.9144     3.5746      8.134     5.6684     8.1008    247.867    253.152  0.000e+00
   58.41528 -135.99438     51.067      3.209      3.179     9.6690    27.7350  1021.3516    21.3369     9.6687     85.101    80.9144     3.5746      8.134     5.6714     8.1051    247.995    253.287  0.000e+00
   58.41528 -135.99438     51.051      3.193      3.163     9.6680    27.7341  1021.3509    21.3363     9.6677     85.115    80.9144     3.5746      8.134     5.6726     8.1066    248.044    253.336  0.000e+00
   58.41528 -135.99438     51.067      3.209      3.179     9.6906    27.7145  1021.3322    21.3176     9.6903     85.124    80.9144     3.5746      8.134     5.6710     8.1044    247.979    253.265  0.000e+00
   58.41528 -135.99438     51.051      3.193      3.163     9.7009    27.7053  1021.3234    21.3089     9.7005     85.124    80.8865     3.5746      8.134     5.6700     8.1030    247.940    253.224  0.000e+00
   58.41528 -135.99438     51.082      3.249      3.219     9.6971    27.7079  1021.3263    21.3115     9.6968     85.185    80.9144     3.5746      8.134     5.6745     8.1094    248.135    253.423  0.000e+00
   58.41528 -135.99438     51.042      3.209      3.179     9.6961    27.7089  1021.3271    21.3124     9.6958     85.194    80.9144     3.5746      8.134     5.6752     8.1104    248.165    253.454  0.000e+00
   58.41528 -135.99438     51.051      3.193      3.163     9.6990    27.7083  1021.3261    21.3115     9.6987     85.255    80.9144     3.5746      8.134     5.6788     8.1156    248.325    253.617  0.000e+00
   58.41528 -135.99438     51.311      3.209      3.179     9.6835    27.7220  1021.3392    21.3246     9.6832     85.267    80.9144     3.5746      8.134     5.6811     8.1189    248.421    253.718  0.000e+00
   58.41528 -135.99438     59.305      3.193      3.163     9.6766    27.7283  1021.3451    21.3305     9.6763     85.274    80.8865     3.5746      8.134     5.6822     8.1205    248.469    253.769  0.000e+00
   58.41528 -135.99438     64.254      3.209      3.179     9.6801    27.7264  1021.3432    21.3285     9.6797     85.277    80.9144     3.5746      8.134     5.6821     8.1202    248.462    253.761  0.000e+00
   58.41528 -135.99438     64.921      3.193      3.163     9.6915    27.7188  1021.3354    21.3208     9.6912     85.275    80.9144     3.5746      8.134     5.6808     8.1184    248.407    253.703  0.000e+00
   58.41528 -135.99438     64.596      3.209      3.179     9.7080    27.7073  1021.3240    21.3093     9.7076     85.330    80.9144     3.5746      8.133     5.6828     8.1213    248.499    253.794  0.000e+00
   58.41528 -135.99438     64.440      3.249      3.219     9.7141    27.7030  1021.3199    21.3050     9.7138     85.336    80.9144     3.5746      8.133     5.6826     8.1210    248.491    253.785  0.000e+00
   58.41528 -135.99438     64.376      3.209      3.179     9.7092    27.7074  1021.3239    21.3092     9.7089     85.340    80.9144     3.5160      8.133     5.6833     8.1220    248.521    253.817  0.000e+00
   58.41528 -135.99438     64.384      3.193      3.163     9.7043    27.7122  1021.3283    21.3137     9.7040     85.395    80.9144     3.4280      8.133     5.6874     8.1279    248.699    254.000  0.000e+00
   58.41528 -135.99438     64.400      3.209      3.179     9.7007    27.7153  1021.3314    21.3167     9.7003     85.399    80.9424     3.3987      8.134     5.6880     8.1288    248.726    254.028  0.000e+00
   58.41528 -135.99438     64.440      3.249      3.219     9.6973    27.7185  1021.3345    21.3197     9.6969     85.407    80.9704     3.3987      8.134     5.6888     8.1299    248.760    254.064  0.000e+00
   58.41528 -135.99438     64.400      3.209      3.179     9.6906    27.7276  1021.3424    21.3278     9.6903     85.411    80.9983     3.3987      8.134     5.6896     8.1310    248.791    254.097  0.000e+00
   58.41528 -135.99438     64.384      3.193      3.163     9.6757    27.7456  1021.3587    21.3441     9.6754     85.467    80.9983     3.3987      8.134     5.6946     8.1381    249.005    254.320  0.000e+00
   58.41528 -135.99438     64.440      3.249      3.219     9.6695    27.7564  1021.3683    21.3535     9.6691     85.472    80.9983     3.3987      8.134     5.6953     8.1391    249.034    254.351  0.000e+00
   58.41528 -135.99438     64.400      3.209      3.179     9.6637    27.7643  1021.3752    21.3605     9.6634     85.471    80.9983     3.3987      8.134     5.6957     8.1397    249.051    254.370  0.000e+00
   58.41528 -135.99438     64.440      3.249      3.219     9.6435    27.7821  1021.3923    21.3775     9.6431     85.532    80.9983     3.3987      8.134     5.7017     8.1483    249.307    254.637  0.000e+00
   58.41528 -135.99438     63.912      3.209      3.179     9.6152    27.8044  1021.4138    21.3992     9.6149     85.535    80.9983     3.3987      8.134     5.7046     8.1525    249.431    254.769  0.000e+00
   58.41528 -135.99438     63.359      3.193      3.163     9.5854    27.8253  1021.4345    21.4199     9.5851     85.542    80.9983     3.3987      8.134     5.7081     8.1574    249.577    254.923  0.000e+00
