EcoFOCI/data/1_SampleCollection/2022_GOA-OA_CruiseData/CTD_raw_BottleFile_RC0083/RC0083_049.ros
* Sea-Bird SBE 9 Data File:
* FileName = C:\Data\RC0083ctd\RC0083_049.hex
* Software Version Seasave V 7.26.7.107
* Temperature SN = 2060
* Conductivity SN = 1084
* Number of Bytes Per Scan = 31
* Number of Voltage Words = 4
* Number of Scans Averaged by the Deck Unit = 1
* NMEA Latitude = 58 12.65 N
* NMEA Longitude = 137 05.13 W
* NMEA UTC (Time) = Aug 19 2022  08:16:29
* NMEA baud rate = 4800
** Ship: R/V Rachel Carson
** Cruise ID: RC0083
** Tech: McHugh/Nomura
** Chief Scientist: Cross
** Station: SEM05
** Cast:  CTD049
# nquan = 21
# nvalues = 294                                   
# units = specified
# name 0 = latitude: Latitude [deg]
# name 1 = longitude: Longitude [deg]
# name 2 = sfdSM: Seafloor depth [salt water, m]
# name 3 = prDM: Pressure, Digiquartz [db]
# name 4 = depSM: Depth [salt water, m]
# name 5 = t090C: Temperature [ITS-90, deg C]
# name 6 = sal00: Salinity, Practical [PSU]
# name 7 = density00: Density [density, kg/m^3]
# name 8 = sigma-é00: Density [sigma-theta, kg/m^3]
# name 9 = potemp090C: Potential Temperature [ITS-90, deg C]
# name 10 = sbeox0PS: Oxygen, SBE 43 [% saturation]
# name 11 = CStarTr0: Beam Transmission, WET Labs C-Star [%]
# name 12 = flECO-AFL: Fluorescence, WET Labs ECO-AFL/FL [mg/m^3]
# name 13 = ph: pH
# name 14 = sbeox0ML/L: Oxygen, SBE 43 [ml/l]
# name 15 = sbeox0Mg/L: Oxygen, SBE 43 [mg/l]
# name 16 = sbox0Mm/Kg: Oxygen, SBE 43 [umol/kg]
# name 17 = sbeox0Mm/L: Oxygen, SBE 43 [umol/l]
# name 18 = scan: Scan Count
# name 19 = nbf: Bottles Fired
# name 20 = flag:  0.000e+00
# interval = seconds: 0.0416667
# start_time = Aug 19 2022 08:16:29 [NMEA time, header]
# bad_flag = -9.990e-29
*END*
[from data line 207]
   58.21202 -137.08564    109.152     10.766     10.666    14.5044    31.6025  1023.5069    23.4592    14.5029    101.554    93.6123     2.1094      8.292     5.9622     8.5206    260.169    266.272      11690          5  0.000e+00
   58.21202 -137.08564    109.120     10.734     10.634    14.5029    31.6031  1023.5076    23.4599    14.5013    101.554    93.6123     2.1094      8.292     5.9624     8.5208    260.175    266.279      11691          5  0.000e+00
   58.21202 -137.08564    109.064     10.677     10.578    14.5022    31.6032  1023.5075    23.4601    14.5007    101.554    93.6123     2.1387      8.292     5.9624     8.5209    260.177    266.281      11692          5  0.000e+00
   58.21202 -137.08564    109.088     10.701     10.602    14.5017    31.6041  1023.5085    23.4610    14.5002    101.554    93.6123     2.1094      8.292     5.9625     8.5210    260.180    266.284      11693          5  0.000e+00
   58.21202 -137.08564    109.064     10.677     10.578    14.5010    31.6043  1023.5086    23.4613    14.4994    101.555    93.6123     2.1094      8.292     5.9626     8.5211    260.184    266.289      11694          5  0.000e+00
   58.21202 -137.08564    109.064     10.677     10.578    14.4998    31.6045  1023.5090    23.4617    14.4983    101.561    93.6123     2.1094      8.292     5.9631     8.5218    260.206    266.311      11695          5  0.000e+00
   58.21202 -137.08564    109.008     10.621     10.522    14.4991    31.6048  1023.5092    23.4620    14.4976    101.562    93.6123     2.1094      8.292     5.9632     8.5220    260.211    266.316      11696          5  0.000e+00
   58.21202 -137.08564    109.032     10.645     10.546    14.4985    31.6049  1023.5095    23.4622    14.4970    101.563    93.6123     2.1094      8.292     5.9634     8.5222    260.218    266.324      11697          5  0.000e+00
   58.21202 -137.08564    109.008     10.621     10.522    14.4981    31.6046  1023.5092    23.4621    14.4966    101.565    93.5844     2.1094      8.292     5.9635     8.5224    260.225    266.330      11698          5  0.000e+00
   58.21202 -137.08564    108.944     10.556     10.458    14.4982    31.6036  1023.5082    23.4613    14.4967    101.566    93.6123     2.0508      8.292     5.9636     8.5226    260.229    266.334      11699          5  0.000e+00
   58.21202 -137.08564    108.912     10.524     10.426    14.4983    31.6031  1023.5076    23.4609    14.4968    101.568    93.5844     2.0215      8.292     5.9637     8.5227    260.233    266.339      11700          5  0.000e+00
   58.21202 -137.08564    108.944     10.556     10.458    14.4980    31.6042  1023.5087    23.4618    14.4965    101.570    93.6123     1.9921      8.292     5.9639     8.5229    260.240    266.346      11701          5  0.000e+00
   58.21202 -137.08564    108.888     10.499     10.402    14.4981    31.6047  1023.5088    23.4622    14.4966    101.572    93.6123     2.0215      8.292     5.9639     8.5231    260.243    266.349      11702          5  0.000e+00
   58.21202 -137.08564    108.792     10.403     10.306    14.4980    31.6052  1023.5087    23.4626    14.4965    101.574    93.5844     2.0215      8.292     5.9640     8.5232    260.247    266.353      11703          5  0.000e+00
   58.21202 -137.08564    108.944     10.556     10.458    14.4982    31.6045  1023.5089    23.4620    14.4967    101.579    93.6123     2.0215      8.292     5.9643     8.5236    260.260    266.366      11704          5  0.000e+00
   58.21202 -137.08564    108.824     10.435     10.338    14.4986    31.6035  1023.5075    23.4612    14.4971    101.633    93.6123     2.0215      8.292     5.9675     8.5281    260.399    266.508      11705          5  0.000e+00
   58.21202 -137.08564     71.021     10.435     10.338    14.4984    31.6034  1023.5074    23.4611    14.4969    101.641    93.5844     2.0215      8.292     5.9680     8.5289    260.422    266.532      11706          5  0.000e+00
   58.21202 -137.08564     29.207     10.403     10.306    14.4986    31.6038  1023.5075    23.4614    14.4971    101.597    93.5844     2.0215      8.292     5.9653     8.5251    260.305    266.412      11707          5  0.000e+00
   58.21202 -137.08564     19.537     10.378     10.282    14.4990    31.6034  1023.5071    23.4610    14.4975    101.600    93.5844     2.0215      8.292     5.9655     8.5253    260.311    266.418      11708          5  0.000e+00
   58.21202 -137.08564     21.246     10.378     10.282    14.4991    31.6031  1023.5067    23.4607    14.4976    101.603    93.5844     2.0215      8.292     5.9657     8.5256    260.321    266.428      11709          5  0.000e+00
   58.21202 -137.08564     22.899     10.346     10.250    14.4998    31.6035  1023.5068    23.4609    14.4983    101.607    93.5844     2.0215      8.292     5.9658     8.5257    260.325    266.432      11710          5  0.000e+00
   58.21202 -137.08564     23.242     10.322     10.226    14.5005    31.6041  1023.5070    23.4612    14.4990    101.610    93.5844     2.0215      8.292     5.9659     8.5259    260.330    266.438      11711          5  0.000e+00
   58.21202 -137.08564     23.144     10.322     10.226    14.5008    31.6053  1023.5078    23.4620    14.4994    101.615    93.5844     2.0215      8.292     5.9661     8.5261    260.337    266.445      11712          5  0.000e+00
   58.21202 -137.08564     22.975     10.225     10.130    14.5015    31.6050  1023.5071    23.4617    14.5001    101.618    93.6123     2.0215      8.292     5.9662     8.5263    260.342    266.450      11713          5  0.000e+00
   58.21202 -137.08564     23.046     10.322     10.226    14.5017    31.6056  1023.5079    23.4621    14.5002    101.624    93.5844     1.9921      8.292     5.9665     8.5267    260.355    266.464      11714          5  0.000e+00
   58.21202 -137.08564     23.007     10.257     10.162    14.5017    31.6054  1023.5074    23.4619    14.5003    101.622    93.5844     2.0215      8.292     5.9664     8.5266    260.352    266.461      11715          5  0.000e+00
   58.21202 -137.08564     23.007     10.257     10.162    14.5020    31.6053  1023.5073    23.4618    14.5005    101.622    93.5564     2.0215      8.292     5.9664     8.5265    260.350    266.458      11716          5  0.000e+00
   58.21202 -137.08564     23.039     10.289     10.194    14.5015    31.6055  1023.5077    23.4620    14.5001    101.622    93.4445     2.0215      8.292     5.9664     8.5266    260.352    266.460      11717          5  0.000e+00
   58.21202 -137.08564     23.007     10.257     10.162    14.5017    31.6051  1023.5072    23.4617    14.5002    101.568    93.4166     2.0215      8.292     5.9633     8.5221    260.214    266.319      11718          5  0.000e+00
   58.21202 -137.08564     22.831     10.079      9.986    14.5010    31.6051  1023.5066    23.4618    14.4996    101.614    93.4166     1.9921      8.292     5.9660     8.5260    260.334    266.442      11719          5  0.000e+00
   58.21202 -137.08564     23.151     10.403     10.306    14.5012    31.6050  1023.5079    23.4618    14.4997    101.565    93.4166     1.9921      8.292     5.9631     8.5219    260.208    266.313      11720          5  0.000e+00
   58.21202 -137.08564     22.926     10.201     10.106    14.5013    31.6048  1023.5068    23.4616    14.4999    101.557    93.4166     1.9921      8.292     5.9626     8.5212    260.187    266.292      11721          5  0.000e+00
   58.21202 -137.08564     22.982     10.257     10.162    14.5006    31.6050  1023.5074    23.4619    14.4992    101.553    93.4166     1.9921      8.292     5.9625     8.5210    260.180    266.284      11722          5  0.000e+00
   58.21202 -137.08564     52.157     10.225     10.130    14.5005    31.6045  1023.5069    23.4615    14.4991    101.548    93.4166     1.9921      8.292     5.9622     8.5206    260.168    266.272      11723          5  0.000e+00
   58.21202 -137.08564     98.775     10.201     10.106    14.5003    31.6036  1023.5061    23.4608    14.4989    101.543    93.4166     1.9921      8.292     5.9620     8.5203    260.159    266.262      11724          5  0.000e+00
   58.21202 -137.08564    110.162     10.257     10.162    14.4994    31.6039  1023.5068    23.4612    14.4980    101.487    93.4166     1.9921      8.292     5.9588     8.5157    260.019    266.119      11725          5  0.000e+00
   58.21202 -137.08564    110.162     10.257     10.162    14.4990    31.6044  1023.5073    23.4617    14.4975    101.478    93.4166     1.9921      8.292     5.9583     8.5150    259.997    266.097      11726          5  0.000e+00
   58.21202 -137.08564    108.957     10.225     10.130    14.4993    31.6042  1023.5069    23.4615    14.4978    101.469    93.4166     1.9921      8.292     5.9577     8.5142    259.973    266.072      11727          5  0.000e+00
   58.21208 -137.08570     37.932      3.188      3.158    14.4869    31.6010  1023.4756    23.4614    14.4865    101.562    93.3327     1.9042      8.297     5.9648     8.5244    260.283    266.390      12518          6  0.000e+00
   58.21208 -137.08570     37.644      2.873      2.846    14.4871    31.6005  1023.4738    23.4610    14.4867    101.560    93.3327     1.8749      8.297     5.9647     8.5242    260.277    266.384      12519          6  0.000e+00
   58.21208 -137.08570     63.057      2.889      2.862    14.4869    31.6011  1023.4743    23.4615    14.4865    101.614    93.3327     1.9042      8.297     5.9679     8.5287    260.416    266.526      12520          6  0.000e+00
   58.21208 -137.08570     95.869      2.929      2.902    14.4871    31.6009  1023.4743    23.4613    14.4867    101.621    93.3327     1.9042      8.297     5.9682     8.5292    260.432    266.542      12521          6  0.000e+00
   58.21208 -137.08570    102.958      2.986      2.958    14.4870    31.6011  1023.4748    23.4615    14.4866    101.626    93.3327     1.9042      8.297     5.9686     8.5297    260.447    266.557      12522          6  0.000e+00
   58.21208 -137.08570    102.862      2.889      2.862    14.4872    31.6011  1023.4743    23.4614    14.4868    101.630    93.3327     1.9042      8.297     5.9688     8.5299    260.454    266.564      12523          6  0.000e+00
   58.21208 -137.08570    101.649      2.873      2.846    14.4869    31.6011  1023.4742    23.4615    14.4865    101.633    93.3327     1.9042      8.297     5.9690     8.5303    260.465    266.576      12524          6  0.000e+00
   58.21208 -137.08570    101.492      3.010      2.982    14.4871    31.6009  1023.4746    23.4613    14.4867    101.585    93.3606     1.8749      8.297     5.9662     8.5263    260.342    266.450      12525          6  0.000e+00
   58.21208 -137.08570    101.486      2.929      2.902    14.4872    31.6010  1023.4744    23.4614    14.4868    101.582    93.3886     1.9042      8.297     5.9660     8.5260    260.332    266.440      12526          6  0.000e+00
   58.21208 -137.08570    101.494      2.889      2.862    14.4871    31.6010  1023.4742    23.4614    14.4867    101.632    93.3886     1.9042      8.297     5.9689     8.5301    260.460    266.570      12527          6  0.000e+00
   58.21208 -137.08570    101.590      2.986      2.958    14.4872    31.6011  1023.4747    23.4615    14.4868    101.582    93.3886     1.9042      8.297     5.9659     8.5259    260.331    266.439      12528          6  0.000e+00
   58.21208 -137.08570    101.470      2.889      2.862    14.4871    31.6012  1023.4744    23.4616    14.4867    101.630    93.3886     1.9042      8.297     5.9688     8.5299    260.454    266.564      12529          6  0.000e+00
   58.21208 -137.08570    101.510      2.929      2.902    14.4872    31.6011  1023.4744    23.4614    14.4868    101.631    93.3886     2.0508      8.297     5.9688     8.5300    260.456    266.567      12530          6  0.000e+00
   58.21208 -137.08570    101.614      3.010      2.982    14.4869    31.6009  1023.4747    23.4614    14.4865    101.632    93.3886     2.1094      8.297     5.9689     8.5302    260.461    266.572      12531          6  0.000e+00
   58.21208 -137.08570    101.534      2.929      2.902    14.4870    31.6008  1023.4742    23.4613    14.4866    101.583    93.3886     2.1094      8.297     5.9660     8.5260    260.335    266.442      12532          6  0.000e+00
   58.21208 -137.08570    101.590      2.986      2.958    14.4869    31.6012  1023.4749    23.4616    14.4865    101.583    93.3886     2.1094      8.297     5.9660     8.5260    260.335    266.442      12533          6  0.000e+00
   58.21208 -137.08570    101.614      3.010      2.982    14.4870    31.6012  1023.4749    23.4616    14.4866    101.582    93.3886     2.1094      8.297     5.9660     8.5260    260.333    266.440      12534          6  0.000e+00
   58.21208 -137.08570    101.534      2.929      2.902    14.4871    31.6012  1023.4745    23.4615    14.4867    101.575    93.3886     2.1094      8.297     5.9655     8.5253    260.313    266.421      12535          6  0.000e+00
   58.21208 -137.08570    101.614      3.010      2.982    14.4877    31.6010  1023.4746    23.4612    14.4873    101.569    93.3886     2.1094      8.297     5.9651     8.5248    260.296    266.402      12536          6  0.000e+00
   58.21208 -137.08570    101.654      3.050      3.022    14.4884    31.6016  1023.4751    23.4616    14.4880    101.567    93.3886     2.1094      8.297     5.9649     8.5245    260.287    266.394      12537          6  0.000e+00
   58.21208 -137.08570    101.614      3.010      2.982    14.4891    31.6015  1023.4747    23.4613    14.4887    101.565    93.3886     2.1094      8.297     5.9647     8.5242    260.277    266.384      12538          6  0.000e+00
   58.21208 -137.08570    101.590      2.986      2.958    14.4898    31.6014  1023.4744    23.4611    14.4894    101.562    93.3886     2.1094      8.297     5.9645     8.5238    260.267    266.373      12539          6  0.000e+00
   58.21208 -137.08570    101.670      3.066      3.038    14.4903    31.6016  1023.4748    23.4612    14.4899    101.561    93.3886     2.1094      8.297     5.9643     8.5236    260.260    266.366      12540          6  0.000e+00
   58.21208 -137.08570    101.654      3.050      3.022    14.4906    31.6017  1023.4748    23.4612    14.4902    101.558    93.3886     2.1094      8.297     5.9641     8.5233    260.250    266.356      12541          6  0.000e+00
   58.21208 -137.08570    101.710      3.107      3.078    14.4905    31.6011  1023.4745    23.4607    14.4900    101.555    93.3886     2.1094      8.297     5.9640     8.5231    260.246    266.352      12542          6  0.000e+00
   58.21208 -137.08570    101.670      3.066      3.038    14.4898    31.6013  1023.4747    23.4611    14.4893    101.552    93.3886     2.1094      8.297     5.9639     8.5229    260.240    266.346      12543          6  0.000e+00
   58.21208 -137.08570    101.710      3.107      3.078    14.4890    31.6012  1023.4750    23.4612    14.4885    101.549    93.3886     2.1094      8.297     5.9638     8.5228    260.237    266.343      12544          6  0.000e+00
   58.21208 -137.08570    101.734      3.131      3.102    14.4879    31.6012  1023.4752    23.4613    14.4875    101.545    93.3886     2.1094      8.297     5.9637     8.5228    260.234    266.340      12545          6  0.000e+00
   58.21208 -137.08570    101.710      3.107      3.078    14.4876    31.6011  1023.4751    23.4613    14.4872    101.541    93.3327     2.1094      8.297     5.9635     8.5225    260.226    266.331      12546          6  0.000e+00
   58.21208 -137.08570    101.790      3.187      3.158    14.4876    31.6013  1023.4757    23.4616    14.4871    101.538    93.3047     2.1094      8.297     5.9633     8.5222    260.218    266.323      12547          6  0.000e+00
