EcoFOCI/data/1_SampleCollection/2022_GOA-OA_CruiseData/CTD_raw_BottleFile_RC0083/RC0083_106.cnv
* Sea-Bird SBE 9 Data File:
* FileName = C:\Data\RC0083ctd\RC0083_106.hex
* Software Version Seasave V 7.26.7.107
* Temperature SN = 2060
* Conductivity SN = 2881
* Number of Bytes Per Scan = 31
* Number of Voltage Words = 4
* Number of Scans Averaged by the Deck Unit = 1
* NMEA Latitude = 56 12.35 N
* NMEA Longitude = 132 42.74 W
* NMEA UTC (Time) = Aug 23 2022  04:52:22
* NMEA baud rate = 4800
** Ship: R/V Rachel Carson
** Cruise ID: RC0083
** Tech: McHugh/Nomura
** Chief Scientist: Cross
** Station: UCLS1
** Cast:  CTD106
# nquan = 19
# nvalues = 16796                                 
# units = specified
# name 0 = latitude: Latitude [deg]
# name 1 = longitude: Longitude [deg]
# name 2 = sfdSM: Seafloor depth [salt water, m]
# name 3 = prDM: Pressure, Digiquartz [db]
# name 4 = depSM: Depth [salt water, m]
# name 5 = t090C: Temperature [ITS-90, deg C]
# name 6 = sal00: Salinity, Practical [PSU]
# name 7 = density00: Density [density, kg/m^3]
# name 8 = sigma-é00: Density [sigma-theta, kg/m^3]
# name 9 = potemp090C: Potential Temperature [ITS-90, deg C]
# name 10 = sbeox0PS: Oxygen, SBE 43 [% saturation]
# name 11 = CStarTr0: Beam Transmission, WET Labs C-Star [%]
# name 12 = flECO-AFL: Fluorescence, WET Labs ECO-AFL/FL [mg/m^3]
# name 13 = ph: pH
# name 14 = sbeox0ML/L: Oxygen, SBE 43 [ml/l]
# name 15 = sbeox0Mg/L: Oxygen, SBE 43 [mg/l]
# name 16 = sbox0Mm/Kg: Oxygen, SBE 43 [umol/kg]
# name 17 = sbeox0Mm/L: Oxygen, SBE 43 [umol/l]
# name 18 = flag:  0.000e+00
# span 0 =   56.20500,   56.20586                 
# span 1 = -132.71236, -132.71202                 
# span 2 =      5.000,    325.903                 
# span 3 =      3.005,    247.487                 
# span 4 =      2.977,    245.084                 
# span 5 =     5.7864,    14.9087                 
# span 6 =    27.3851,    33.5914                 
# span 7 =  1020.1459,  1027.6071                 
# span 8 =    20.1291,    26.4685                 
# span 9 =     5.7660,    14.9082                 
# span 10 =     20.711,    117.128                
# span 11 =    81.9493,   103.2896                
# span 12 =    -0.0591,    10.7247                
# span 13 =      7.624,      8.429                
# span 14 =     1.4513,     7.0865                
# span 15 =     2.0740,    10.1273                
# span 16 =     63.145,    310.063                
# span 17 =     64.813,    316.483                
# span 18 = 0.0000e+00, 0.0000e+00                
# interval = seconds: 0.0416667
# start_time = Aug 23 2022 04:52:22 [NMEA time, header]
# bad_flag = -9.990e-29
*END*
[from data line 3581]
   56.20532 -132.71220    188.621     90.837     89.989     6.3823    32.8333  1026.2119    25.7940     6.3746     33.557   102.8141     0.0288      7.700     2.3310     3.3313    101.487    104.105  0.000e+00
   56.20532 -132.71220    188.765     90.982     90.133     6.3821    32.8332  1026.2125    25.7939     6.3744     33.560   102.8141     0.0288      7.700     2.3313     3.3316    101.497    104.115  0.000e+00
   56.20532 -132.71220    188.709     90.925     90.077     6.3816    32.8338  1026.2128    25.7944     6.3739     33.564   102.8701     0.0288      7.700     2.3316     3.3321    101.510    104.129  0.000e+00
   56.20532 -132.71220    188.741     90.958     90.109     6.3812    32.8345  1026.2135    25.7950     6.3735     33.571   102.8701     0.0288      7.700     2.3320     3.3327    101.530    104.149  0.000e+00
   56.20532 -132.71220    188.741     90.982     90.133     6.3805    32.8350  1026.2142    25.7956     6.3728     33.572   102.8980     0.0288      7.700     2.3322     3.3329    101.536    104.155  0.000e+00
   56.20532 -132.71220    188.829     91.047     90.197     6.3803    32.8353  1026.2147    25.7958     6.3726     33.518   102.8980     0.0288      7.700     2.3284     3.3276    101.373    103.988  0.000e+00
   56.20532 -132.71220    188.797     91.014     90.165     6.3797    32.8358  1026.2150    25.7963     6.3720     33.459   102.8701     0.0581      7.704     2.3244     3.3217    101.195    103.806  0.000e+00
   56.20532 -132.71220    188.885     91.103     90.253     6.3797    32.8359  1026.2155    25.7963     6.3720     33.453   102.8980     0.0581      7.700     2.3240     3.3212    101.178    103.788  0.000e+00
   56.20532 -132.71220    188.941     91.160     90.309     6.3794    32.8363  1026.2161    25.7967     6.3717     33.450   102.8701     0.0581      7.700     2.3237     3.3208    101.167    103.777  0.000e+00
   56.20532 -132.71220    188.917     91.136     90.285     6.3787    32.8366  1026.2164    25.7970     6.3710     33.448   102.8980     0.0581      7.700     2.3236     3.3207    101.163    103.773  0.000e+00
   56.20532 -132.71220    188.941     91.160     90.309     6.3782    32.8378  1026.2174    25.7980     6.3705     33.449   102.8701     0.0581      7.700     2.3237     3.3208    101.166    103.776  0.000e+00
   56.20532 -132.71220    189.005     91.225     90.373     6.3778    32.8384  1026.2183    25.7986     6.3701     33.452   102.8701     0.0581      7.700     2.3239     3.3211    101.176    103.786  0.000e+00
   56.20532 -132.71220    189.037     91.257     90.405     6.3773    32.8394  1026.2193    25.7994     6.3696     33.507   102.8701     0.0288      7.700     2.3278     3.3266    101.344    103.959  0.000e+00
   56.20532 -132.71220    189.005     91.225     90.373     6.3763    32.8405  1026.2202    25.8004     6.3686     33.456   102.8980     0.0288      7.700     2.3243     3.3216    101.191    103.802  0.000e+00
   56.20532 -132.71220    189.061     91.281     90.429     6.3759    32.8407  1026.2206    25.8006     6.3681     33.401   102.8701     0.0288      7.700     2.3204     3.3161    101.025    103.631  0.000e+00
   56.20532 -132.71220    189.158     91.378     90.525     6.3750    32.8414  1026.2217    25.8013     6.3673     33.399   102.8701     0.0288      7.700     2.3203     3.3160    101.019    103.625  0.000e+00
   56.20532 -132.71220    189.182     91.402     90.549     6.3733    32.8430  1026.2233    25.8028     6.3655     33.398   102.8701     0.0288      7.700     2.3204     3.3160    101.021    103.627  0.000e+00
   56.20532 -132.71220    189.101     91.346     90.493     6.3718    32.8444  1026.2244    25.8041     6.3641     33.342   102.8980     0.0288      7.700     2.3165     3.3106    100.854    103.457  0.000e+00
   56.20532 -132.71220    189.214     91.435     90.581     6.3702    32.8462  1026.2264    25.8057     6.3625     33.347   102.8980     0.0288      7.700     2.3169     3.3111    100.872    103.475  0.000e+00
   56.20532 -132.71220    189.213     91.459     90.605     6.3686    32.8480  1026.2281    25.8073     6.3609     33.405   102.8701     0.0288      7.700     2.3210     3.3170    101.049    103.657  0.000e+00
   56.20532 -132.71220    189.302     91.524     90.669     6.3668    32.8499  1026.2301    25.8090     6.3591     33.350   102.8701     0.0288      7.700     2.3173     3.3116    100.886    103.490  0.000e+00
   56.20532 -132.71220    189.245     91.491     90.637     6.3655    32.8514  1026.2314    25.8104     6.3577     33.291   102.8701     0.0288      7.700     2.3132     3.3058    100.708    103.307  0.000e+00
   56.20532 -132.71220    189.358     91.580     90.725     6.3651    32.8518  1026.2322    25.8108     6.3573     33.342   102.8701     0.0288      7.700     2.3168     3.3109    100.864    103.467  0.000e+00
   56.20532 -132.71220    189.333     91.580     90.725     6.3641    32.8528  1026.2330    25.8117     6.3563     33.338   102.8701     0.0288      7.700     2.3165     3.3105    100.852    103.455  0.000e+00
   56.20532 -132.71220    189.390     91.613     90.757     6.3634    32.8534  1026.2338    25.8122     6.3557     33.285   102.8701     0.0288      7.700     2.3129     3.3053    100.694    103.293  0.000e+00
   56.20532 -132.71220    189.414     91.637     90.781     6.3632    32.8541  1026.2344    25.8128     6.3554     33.285   102.8701     0.0288      7.700     2.3129     3.3054    100.695    103.294  0.000e+00
   56.20532 -132.71220    189.453     91.702     90.845     6.3628    32.8543  1026.2350    25.8130     6.3550     33.288   102.8701     0.0288      7.700     2.3131     3.3057    100.705    103.304  0.000e+00
   56.20532 -132.71220    189.454     91.677     90.821     6.3622    32.8546  1026.2352    25.8133     6.3545     33.294   102.8701     0.0288      7.700     2.3135     3.3062    100.722    103.322  0.000e+00
   56.20532 -132.71220    189.534     91.758     90.901     6.3616    32.8556  1026.2364    25.8142     6.3538     33.295   102.8701     0.0288      7.700     2.3136     3.3064    100.726    103.326  0.000e+00
   56.20532 -132.71220    189.566     91.791     90.933     6.3612    32.8558  1026.2368    25.8144     6.3535     33.355   102.8701     0.0288      7.700     2.3178     3.3124    100.910    103.515  0.000e+00
   56.20532 -132.71220    189.574     91.823     90.965     6.3606    32.8566  1026.2376    25.8151     6.3528     33.310   102.8701     0.0288      7.700     2.3147     3.3079    100.773    103.375  0.000e+00
   56.20532 -132.71220    189.598     91.823     90.965     6.3603    32.8572  1026.2381    25.8156     6.3525     33.310   102.8701     0.0288      7.700     2.3147     3.3080    100.774    103.376  0.000e+00
   56.20532 -132.71220    189.630     91.855     90.998     6.3599    32.8574  1026.2384    25.8158     6.3522     33.313   102.8701     0.0581      7.700     2.3149     3.3082    100.782    103.384  0.000e+00
   56.20532 -132.71220    189.654     91.879     91.022     6.3599    32.8575  1026.2387    25.8159     6.3522     33.317   102.8701     0.0288      7.700     2.3152     3.3087    100.795    103.397  0.000e+00
   56.20532 -132.71220    189.710     91.936     91.078     6.3598    32.8575  1026.2389    25.8159     6.3520     33.316   102.8701     0.0288      7.700     2.3152     3.3086    100.794    103.396  0.000e+00
   56.20532 -132.71220    189.726     91.977     91.118     6.3596    32.8572  1026.2389    25.8157     6.3519     33.267   102.8701     0.0288      7.700     2.3117     3.3037    100.644    103.243  0.000e+00
   56.20532 -132.71220    189.774     92.001     91.142     6.3594    32.8576  1026.2393    25.8160     6.3516     33.206   102.8701     0.0288      7.700     2.3075     3.2977    100.460    103.054  0.000e+00
   56.20532 -132.71220    189.806     92.057     91.198     6.3594    32.8577  1026.2397    25.8161     6.3516     33.198   102.8701     0.0288      7.700     2.3070     3.2969    100.437    103.030  0.000e+00
   56.20532 -132.71220    189.782     92.033     91.174     6.3591    32.8580  1026.2398    25.8164     6.3513     33.192   102.8701     0.0288      7.700     2.3066     3.2963    100.419    103.012  0.000e+00
   56.20532 -132.71220    189.806     92.057     91.198     6.3590    32.8584  1026.2403    25.8167     6.3512     33.189   102.8701     0.0288      7.700     2.3063     3.2960    100.409    103.001  0.000e+00
   56.20532 -132.71220    189.870     92.122     91.262     6.3593    32.8581  1026.2404    25.8165     6.3515     33.188   102.8701     0.0288      7.700     2.3063     3.2959    100.405    102.997  0.000e+00
   56.20532 -132.71220    189.902     92.154     91.294     6.3590    32.8581  1026.2405    25.8165     6.3512     33.189   102.8421     0.0288      7.700     2.3063     3.2960    100.409    103.001  0.000e+00
   56.20532 -132.71220    189.950     92.179     91.318     6.3588    32.8584  1026.2409    25.8167     6.3511     33.192   102.8980     0.0288      7.700     2.3066     3.2963    100.418    103.011  0.000e+00
   56.20532 -132.71220    189.958     92.211     91.350     6.3586    32.8584  1026.2411    25.8168     6.3508     33.190   102.9260     0.0288      7.700     2.3065     3.2962    100.414    103.007  0.000e+00
   56.20532 -132.71220    189.982     92.235     91.374     6.3586    32.8586  1026.2413    25.8169     6.3508     33.191   102.9260     0.0288      7.700     2.3065     3.2962    100.415    103.008  0.000e+00
   56.20532 -132.71220    189.982     92.235     91.374     6.3586    32.8587  1026.2414    25.8170     6.3508     33.193   102.9260     0.0288      7.700     2.3066     3.2964    100.422    103.015  0.000e+00
   56.20532 -132.71220    190.102     92.332     91.470     6.3583    32.8589  1026.2421    25.8172     6.3505     33.197   102.9260     0.0288      7.700     2.3070     3.2969    100.436    103.029  0.000e+00
   56.20532 -132.71220    190.102     92.357     91.494     6.3582    32.8591  1026.2423    25.8174     6.3504     33.146   102.9260     0.0288      7.700     2.3034     3.2918    100.282    102.871  0.000e+00
   56.20532 -132.71220    190.046     92.300     91.438     6.3580    32.8596  1026.2425    25.8178     6.3502     33.148   102.9260    -0.0005      7.700     2.3035     3.2920    100.286    102.875  0.000e+00
   56.20532 -132.71220    190.134     92.389     91.526     6.3578    32.8595  1026.2428    25.8177     6.3500     33.095   102.9260    -0.0005      7.700     2.2998     3.2867    100.126    102.711  0.000e+00
   56.20532 -132.71220    190.222     92.478     91.614     6.3577    32.8597  1026.2434    25.8179     6.3499     33.095   102.9260    -0.0005      7.700     2.2999     3.2867    100.126    102.711  0.000e+00
   56.20532 -132.71220    190.222     92.478     91.614     6.3576    32.8602  1026.2438    25.8183     6.3497     33.097   102.9260    -0.0005      7.700     2.3000     3.2869    100.133    102.718  0.000e+00
   56.20532 -132.71220    190.223     92.454     91.590     6.3569    32.8607  1026.2442    25.8188     6.3491     33.102   102.9260    -0.0005      7.700     2.3004     3.2874    100.148    102.734  0.000e+00
   56.20532 -132.71220    190.278     92.534     91.670     6.3567    32.8608  1026.2447    25.8189     6.3489     33.109   102.9540    -0.0005      7.700     2.3009     3.2882    100.171    102.758  0.000e+00
   56.20532 -132.71220    190.310     92.567     91.702     6.3564    32.8610  1026.2451    25.8191     6.3486     33.112   102.9260    -0.0005      7.700     2.3011     3.2885    100.181    102.767  0.000e+00
   56.20532 -132.71220    190.342     92.599     91.734     6.3560    32.8614  1026.2455    25.8194     6.3482     33.110   102.9260    -0.0005      7.700     2.3010     3.2884    100.176    102.762  0.000e+00
   56.20532 -132.71220    190.342     92.599     91.734     6.3555    32.8622  1026.2462    25.8202     6.3476     33.110   102.9260    -0.0005      7.700     2.3010     3.2884    100.177    102.763  0.000e+00
   56.20532 -132.71220    190.455     92.688     91.822     6.3550    32.8627  1026.2471    25.8206     6.3471     33.113   102.9260    -0.0005      7.700     2.3012     3.2886    100.185    102.772  0.000e+00
   56.20532 -132.71220    190.398     92.656     91.790     6.3545    32.8629  1026.2472    25.8209     6.3466     33.116   102.9260    -0.0005      7.700     2.3015     3.2891    100.197    102.784  0.000e+00
   56.20532 -132.71220    190.398     92.656     91.790     6.3537    32.8638  1026.2480    25.8217     6.3458     33.122   102.9260    -0.0005      7.700     2.3019     3.2897    100.216    102.804  0.000e+00
   56.20532 -132.71220    190.551     92.809     91.942     6.3524    32.8651  1026.2499    25.8229     6.3445     33.131   102.9260    -0.0005      7.700     2.3026     3.2906    100.244    102.832  0.000e+00
   56.20532 -132.71220    190.518     92.777     91.910     6.3507    32.8665  1026.2511    25.8242     6.3428     33.090   102.9260    -0.0005      7.700     2.2998     3.2866    100.123    102.709  0.000e+00
   56.20532 -132.71220    190.550     92.809     91.942     6.3482    32.8693  1026.2537    25.8267     6.3404     33.096   102.9260    -0.0005      7.700     2.3003     3.2873    100.144    102.731  0.000e+00
   56.20532 -132.71220    190.599     92.834     91.966     6.3461    32.8719  1026.2562    25.8291     6.3383     33.097   102.9260    -0.0005      7.700     2.3004     3.2876    100.151    102.737  0.000e+00
   56.20532 -132.71220    190.639     92.898     92.031     6.3451    32.8733  1026.2577    25.8302     6.3373     33.100   102.9260    -0.0005      7.700     2.3007     3.2879    100.161    102.749  0.000e+00
   56.20532 -132.71220    190.727     92.987     92.119     6.3441    32.8741  1026.2589    25.8311     6.3362     33.162   102.9260    -0.0005      7.700     2.3051     3.2942    100.352    102.945  0.000e+00
   56.20532 -132.71220    190.639     92.898     92.031     6.3428    32.8758  1026.2600    25.8326     6.3349     33.111   102.9540    -0.0005      7.700     2.3015     3.2891    100.198    102.786  0.000e+00
   56.20532 -132.71220    190.695     92.955     92.087     6.3420    32.8770  1026.2613    25.8336     6.3341     33.112   102.9260    -0.0005      7.700     2.3017     3.2893    100.203    102.792  0.000e+00
   56.20532 -132.71220    190.783     93.044     92.175     6.3408    32.8782  1026.2628    25.8347     6.3330     33.122   102.9260     0.0288      7.700     2.3024     3.2904    100.236    102.825  0.000e+00
   56.20532 -132.71220    190.815     93.076     92.207     6.3397    32.8794  1026.2640    25.8358     6.3319     33.127   102.9260     0.0288      7.700     2.3028     3.2909    100.252    102.842  0.000e+00
   56.20532 -132.71220    190.727     92.987     92.119     6.3386    32.8807  1026.2648    25.8369     6.3307     33.127   102.9260     0.0288      7.700     2.3028     3.2909    100.251    102.842  0.000e+00
   56.20532 -132.71220    190.871     93.133     92.263     6.3374    32.8822  1026.2668    25.8383     6.3296     33.078   102.9540     0.0288      7.700     2.2994     3.2861    100.105    102.691  0.000e+00
   56.20532 -132.71220    190.871     93.133     92.263     6.3366    32.8834  1026.2679    25.8393     6.3287     33.081   102.9260     0.0288      7.695     2.2996     3.2864    100.115    102.702  0.000e+00
   56.20532 -132.71220    190.903     93.165     92.295     6.3354    32.8847  1026.2692    25.8405     6.3275     33.079   102.9260     0.0581      7.695     2.2996     3.2863    100.112    102.699  0.000e+00
   56.20532 -132.71220    190.935     93.197     92.327     6.3349    32.8851  1026.2697    25.8409     6.3271     33.079   102.9540     0.0288      7.700     2.2996     3.2863    100.112    102.699  0.000e+00
   56.20532 -132.71220    190.935     93.197     92.327     6.3349    32.8849  1026.2695    25.8407     6.3271     33.080   102.9540     0.0288      7.700     2.2997     3.2865    100.117    102.704  0.000e+00
