EcoFOCI/data/1_SampleCollection/2022_GOA-OA_CruiseData/CTD_raw_BottleFile_RC0083/RC0083_048.ros
* Sea-Bird SBE 9 Data File:
* FileName = C:\Data\RC0083ctd\RC0083_048.hex
* Software Version Seasave V 7.26.7.107
* Temperature SN = 2060
* Conductivity SN = 1084
* Number of Bytes Per Scan = 31
* Number of Voltage Words = 4
* Number of Scans Averaged by the Deck Unit = 1
* NMEA Latitude = 58 10.30 N
* NMEA Longitude = 137 13.34 W
* NMEA UTC (Time) = Aug 19 2022  07:25:00
* NMEA baud rate = 4800
** Ship: R/V Rachel Carson
** Cruise ID: RC0083
** Tech: McHugh/Nomura
** Chief Scientist: Cross
** Station: SEM10
** Cast:  CTD048
# nquan = 21
# nvalues = 294                                   
# units = specified
# name 0 = latitude: Latitude [deg]
# name 1 = longitude: Longitude [deg]
# name 2 = sfdSM: Seafloor depth [salt water, m]
# name 3 = prDM: Pressure, Digiquartz [db]
# name 4 = depSM: Depth [salt water, m]
# name 5 = t090C: Temperature [ITS-90, deg C]
# name 6 = sal00: Salinity, Practical [PSU]
# name 7 = density00: Density [density, kg/m^3]
# name 8 = sigma-é00: Density [sigma-theta, kg/m^3]
# name 9 = potemp090C: Potential Temperature [ITS-90, deg C]
# name 10 = sbeox0PS: Oxygen, SBE 43 [% saturation]
# name 11 = CStarTr0: Beam Transmission, WET Labs C-Star [%]
# name 12 = flECO-AFL: Fluorescence, WET Labs ECO-AFL/FL [mg/m^3]
# name 13 = ph: pH
# name 14 = sbeox0ML/L: Oxygen, SBE 43 [ml/l]
# name 15 = sbeox0Mg/L: Oxygen, SBE 43 [mg/l]
# name 16 = sbox0Mm/Kg: Oxygen, SBE 43 [umol/kg]
# name 17 = sbeox0Mm/L: Oxygen, SBE 43 [umol/l]
# name 18 = scan: Scan Count
# name 19 = nbf: Bottles Fired
# name 20 = flag:  0.000e+00
# interval = seconds: 0.0416667
# start_time = Aug 19 2022 07:25:00 [NMEA time, header]
# bad_flag = -9.990e-29
*END*
[from data line 138]
   58.17230 -137.22314    123.390     50.852     50.374     8.4143    32.1616  1025.2175    24.9857     8.4092     88.464   105.3313     0.2632      8.091     5.8921     8.4205    256.728    263.143       9467          3  0.000e+00
   58.17230 -137.22314    123.214     50.675     50.198     8.4004    32.1651  1025.2215    24.9904     8.3954     88.511   105.3313     0.2632      8.091     5.8970     8.4274    256.939    263.360       9468          3  0.000e+00
   58.17230 -137.22314    123.454     50.917     50.438     8.3903    32.1675  1025.2260    24.9938     8.3852     88.520   105.3313     0.2632      8.091     5.8989     8.4301    257.019    263.443       9469          3  0.000e+00
   58.17230 -137.22314    123.214     50.675     50.198     8.3834    32.1671  1025.2256    24.9945     8.3784     88.522   105.3313     0.2632      8.091     5.8999     8.4315    257.063    263.488       9470          3  0.000e+00
   58.17230 -137.22314    123.454     50.917     50.438     8.3732    32.1727  1025.2326    25.0004     8.3682     88.528   105.3313     0.2632      8.091     5.9014     8.4337    257.128    263.557       9471          3  0.000e+00
   58.17230 -137.22314    123.334     50.796     50.318     8.3680    32.1774  1025.2365    25.0048     8.3630     88.527   105.3313     0.2632      8.091     5.9019     8.4344    257.148    263.578       9472          3  0.000e+00
   58.17230 -137.22314    123.334     50.796     50.318     8.3688    32.1746  1025.2342    25.0025     8.3638     88.526   105.3313     0.2339      8.091     5.9018     8.4342    257.144    263.573       9473          3  0.000e+00
   58.17230 -137.22314    123.214     50.675     50.198     8.3642    32.1755  1025.2350    25.0039     8.3592     88.522   105.3313     0.2339      8.091     5.9021     8.4347    257.159    263.589       9474          3  0.000e+00
   58.17230 -137.22314    123.463     50.852     50.374     8.3612    32.1762  1025.2368    25.0049     8.3562     88.520   105.3313     0.2339      8.091     5.9024     8.4351    257.170    263.600       9475          3  0.000e+00
   58.17238 -137.22340     68.263     26.089     25.845    12.9567    31.8265  1024.0612    23.9447    12.9532     98.326   100.2969     1.5819      8.243     5.9502     8.5034    259.521    265.735      11004          4  0.000e+00
   58.17238 -137.22340     68.375     26.202     25.957    12.9619    31.8249  1024.0594    23.9424    12.9584     98.316   100.2969     1.5819      8.247     5.9490     8.5017    259.469    265.681      11005          4  0.000e+00
   58.17238 -137.22340     68.319     26.145     25.901    12.9640    31.8251  1024.0589    23.9421    12.9606     98.300   100.2969     1.5819      8.247     5.9477     8.4999    259.415    265.626      11006          4  0.000e+00
   58.17238 -137.22340     68.319     26.145     25.901    12.9643    31.8258  1024.0593    23.9426    12.9609     98.282   100.2969     1.5819      8.247     5.9466     8.4983    259.365    265.575      11007          4  0.000e+00
   58.17238 -137.22340     68.319     26.145     25.901    12.9640    31.8265  1024.0599    23.9432    12.9606     98.266   100.2969     1.5819      8.247     5.9457     8.4970    259.325    265.534      11008          4  0.000e+00
   58.17238 -137.22340     65.200     26.202     25.957    12.9643    31.8260  1024.0598    23.9428    12.9609     98.254   100.2969     1.5819      8.247     5.9449     8.4959    259.292    265.500      11009          4  0.000e+00
   58.17238 -137.22340     53.154     26.145     25.901    12.9628    31.8256  1024.0595    23.9428    12.9594     98.286   100.2969     1.5819      8.247     5.9470     8.4989    259.384    265.595      11010          4  0.000e+00
   58.17238 -137.22340     48.392     26.145     25.901    12.9608    31.8241  1024.0587    23.9420    12.9574     98.220   100.2969     1.5819      8.247     5.9433     8.4936    259.223    265.429      11011          4  0.000e+00
   58.17238 -137.22340     48.277     26.202     25.957    12.9565    31.8229  1024.0589    23.9420    12.9530     98.259   100.2969     1.5819      8.247     5.9463     8.4978    259.350    265.560      11012          4  0.000e+00
   58.17238 -137.22340     48.790     26.202     25.957    12.9522    31.8234  1024.0601    23.9431    12.9487     98.246   100.2969     1.6405      8.248     5.9460     8.4974    259.339    265.549      11013          4  0.000e+00
   58.17238 -137.22340     48.961     26.202     25.957    12.9501    31.8244  1024.0613    23.9443    12.9466     98.231   100.2969     1.7284      8.248     5.9453     8.4964    259.308    265.517      11014          4  0.000e+00
   58.17238 -137.22340     48.905     26.145     25.901    12.9492    31.8250  1024.0617    23.9450    12.9457     98.217   100.2969     1.7577      8.248     5.9446     8.4954    259.276    265.485      11015          4  0.000e+00
   58.17238 -137.22340     48.936     26.202     25.957    12.9476    31.8255  1024.0627    23.9457    12.9442     98.203   100.2969     1.7577      8.248     5.9439     8.4944    259.246    265.454      11016          4  0.000e+00
   58.17238 -137.22340     49.000     26.267     26.021    12.9462    31.8254  1024.0631    23.9459    12.9427     98.192   100.2969     1.7577      8.248     5.9434     8.4937    259.225    265.432      11017          4  0.000e+00
   58.17238 -137.22340     48.936     26.202     25.957    12.9437    31.8264  1024.0641    23.9471    12.9402     98.183   100.2969     1.7577      8.248     5.9431     8.4933    259.212    265.420      11018          4  0.000e+00
   58.17238 -137.22340     48.936     26.202     25.957    12.9417    31.8264  1024.0645    23.9475    12.9382     98.172   100.2969     1.7577      8.248     5.9427     8.4928    259.195    265.402      11019          4  0.000e+00
   58.17238 -137.22340     49.000     26.267     26.021    12.9408    31.8268  1024.0653    23.9480    12.9373     98.160   100.2969     1.7577      8.248     5.9421     8.4919    259.168    265.374      11020          4  0.000e+00
   58.17238 -137.22340     48.936     26.202     25.957    12.9400    31.8269  1024.0652    23.9482    12.9366     98.198   100.2969     1.7577      8.248     5.9445     8.4953    259.272    265.481      11021          4  0.000e+00
   58.17238 -137.22340     48.936     26.202     25.957    12.9396    31.8273  1024.0656    23.9486    12.9362     98.139   100.2969     1.7577      8.252     5.9409     8.4902    259.117    265.323      11022          4  0.000e+00
   58.17238 -137.22340     49.000     26.267     26.021    12.9402    31.8269  1024.0655    23.9482    12.9367     98.127   100.2969     1.7577      8.252     5.9401     8.4891    259.082    265.287      11023          4  0.000e+00
   58.17238 -137.22340     49.000     26.267     26.021    12.9407    31.8270  1024.0655    23.9482    12.9372     98.112   100.2969     1.7577      8.252     5.9392     8.4877    259.040    265.243      11024          4  0.000e+00
   58.17238 -137.22340     48.936     26.202     25.957    12.9430    31.8263  1024.0641    23.9471    12.9396     98.100   100.2969     1.7577      8.248     5.9382     8.4863    258.997    265.199      11025          4  0.000e+00
   58.17238 -137.22340     68.561     26.267     26.021    12.9445    31.8260  1024.0639    23.9466    12.9410     98.088   100.2969     1.7577      8.252     5.9373     8.4850    258.958    265.159      11026          4  0.000e+00
   58.17238 -137.22340    112.444     26.267     26.021    12.9445    31.8264  1024.0642    23.9470    12.9410     98.073   100.2969     1.7284      8.252     5.9364     8.4837    258.919    265.120      11027          4  0.000e+00
   58.17238 -137.22340    126.021     26.267     26.021    12.9448    31.8262  1024.0640    23.9468    12.9414     98.111   100.2969     1.7577      8.252     5.9386     8.4869    259.017    265.219      11028          4  0.000e+00
   58.17238 -137.22340    126.021     26.267     26.021    12.9444    31.8266  1024.0644    23.9471    12.9409     98.104   100.2969     1.7577      8.252     5.9383     8.4864    259.001    265.204      11029          4  0.000e+00
   58.17238 -137.22340    124.590     26.202     25.957    12.9438    31.8275  1024.0649    23.9479    12.9403     98.096   100.2969     1.7577      8.252     5.9378     8.4857    258.980    265.182      11030          4  0.000e+00
   58.17238 -137.22340    124.092     26.267     26.021    12.9435    31.8273  1024.0651    23.9478    12.9400     98.033   100.2969     1.7577      8.252     5.9341     8.4804    258.817    265.016      11031          4  0.000e+00
   58.17238 -137.22340    124.116     26.267     26.021    12.9422    31.8286  1024.0664    23.9491    12.9387     98.017   100.2969     1.7577      8.252     5.9332     8.4791    258.778    264.976      11032          4  0.000e+00
   58.17238 -137.22340    124.126     26.202     25.957    12.9417    31.8279  1024.0657    23.9487    12.9382     98.004   100.2969     1.7577      8.252     5.9325     8.4781    258.748    264.945      11033          4  0.000e+00
   58.17238 -137.22340    124.214     26.267     26.021    12.9424    31.8267  1024.0649    23.9476    12.9389     97.991   100.2969     1.8163      8.252     5.9317     8.4770    258.713    264.909      11034          4  0.000e+00
   58.17238 -137.22340    124.150     26.202     25.957    12.9419    31.8267  1024.0647    23.9477    12.9384     98.029   100.2969     1.8456      8.252     5.9341     8.4804    258.817    265.015      11035          4  0.000e+00
   58.17238 -137.22340    124.214     26.267     26.021    12.9404    31.8264  1024.0650    23.9477    12.9369     98.020   100.2969     1.8456      8.252     5.9337     8.4798    258.800    264.998      11036          4  0.000e+00
   58.17238 -137.22340    124.150     26.202     25.957    12.9371    31.8270  1024.0658    23.9488    12.9336     98.008   100.3249     1.8456      8.252     5.9333     8.4793    258.784    264.981      11037          4  0.000e+00
   58.17238 -137.22340    124.150     26.202     25.957    12.9331    31.8282  1024.0675    23.9505    12.9297     98.001   100.2969     1.8456      8.252     5.9333     8.4793    258.784    264.982      11038          4  0.000e+00
   58.17238 -137.22340    124.150     26.202     25.957    12.9304    31.8285  1024.0683    23.9513    12.9270     97.992   100.2969     1.8456      8.252     5.9331     8.4790    258.776    264.974      11039          4  0.000e+00
   58.17238 -137.22340    124.094     26.145     25.901    12.9292    31.8295  1024.0690    23.9523    12.9257     97.982   100.2969     1.8456      8.252     5.9326     8.4783    258.754    264.951      11040          4  0.000e+00
   58.17238 -137.22340    124.150     26.226     25.981    12.9300    31.8301  1024.0697    23.9526    12.9266     97.972   100.2969     1.8456      8.252     5.9319     8.4773    258.722    264.919      11041          4  0.000e+00
   58.17238 -137.22340    124.070     26.145     25.901    12.9324    31.8303  1024.0691    23.9523    12.9290     97.959   100.2969     1.8163      8.252     5.9308     8.4757    258.674    264.870      11042          4  0.000e+00
   58.17238 -137.22340    124.126     26.202     25.957    12.9348    31.8293  1024.0681    23.9511    12.9314     97.952   100.3249     1.8456      8.252     5.9301     8.4747    258.645    264.839      11043          4  0.000e+00
   58.17238 -137.22340    124.070     26.145     25.901    12.9378    31.8282  1024.0664    23.9496    12.9344     97.943   100.2969     1.8456      8.252     5.9292     8.4735    258.606    264.800      11044          4  0.000e+00
   58.17238 -137.22340    124.070     26.145     25.901    12.9395    31.8276  1024.0656    23.9488    12.9361     97.933   100.2969     1.8456      8.252     5.9285     8.4724    258.574    264.766      11045          4  0.000e+00
   58.17238 -137.22340    124.014     26.089     25.845    12.9400    31.8273  1024.0650    23.9485    12.9366     97.922   100.2969     1.8456      8.252     5.9278     8.4714    258.543    264.735      11046          4  0.000e+00
   58.17238 -137.22340    124.070     26.145     25.901    12.9398    31.8271  1024.0651    23.9484    12.9364     97.918   100.2969     1.8456      8.252     5.9275     8.4710    258.532    264.724      11047          4  0.000e+00
   58.17238 -137.22340    124.014     26.089     25.845    12.9387    31.8279  1024.0658    23.9493    12.9352     97.959   100.2969     1.8456      8.252     5.9301     8.4747    258.645    264.840      11048          4  0.000e+00
   58.17238 -137.22340    124.014     26.089     25.845    12.9388    31.8280  1024.0658    23.9493    12.9354     97.957   100.2969     1.8456      8.252     5.9300     8.4746    258.640    264.834      11049          4  0.000e+00
   58.17238 -137.22340    124.014     26.089     25.845    12.9402    31.8282  1024.0657    23.9492    12.9367     97.955   100.2969     1.8456      8.252     5.9297     8.4741    258.626    264.819      11050          4  0.000e+00
   58.17238 -137.22340    123.950     26.024     25.781    12.9415    31.8289  1024.0656    23.9494    12.9381     97.897   100.2969     1.8456      8.252     5.9260     8.4688    258.465    264.655      11051          4  0.000e+00
   58.17238 -137.22340    124.014     26.089     25.845    12.9440    31.8285  1024.0652    23.9487    12.9406     97.947   100.2690     1.8456      8.252     5.9287     8.4728    258.584    264.777      11052          4  0.000e+00
   58.17248 -137.22366     52.927     12.013     11.902    14.5173    31.6732  1023.5643    23.5110    14.5156    102.341    95.2905     2.1387      8.297     6.0042     8.5806    261.987    268.147      12307          5  0.000e+00
   58.17248 -137.22366     77.496     11.892     11.781    14.5173    31.6730  1023.5636    23.5108    14.5156    102.343    95.2905     2.1094      8.297     6.0043     8.5808    261.994    268.154      12308          5  0.000e+00
   58.17248 -137.22366    106.195     12.046     11.934    14.5173    31.6731  1023.5644    23.5109    14.5156    102.350    95.2905     2.1094      8.297     6.0047     8.5813    262.011    268.171      12309          5  0.000e+00
   58.17248 -137.22366    111.781     11.892     11.781    14.5173    31.6731  1023.5637    23.5109    14.5156    102.400    95.2905     2.1094      8.297     6.0077     8.5856    262.140    268.303      12310          5  0.000e+00
   58.17248 -137.22366    111.708     11.892     11.781    14.5179    31.6728  1023.5633    23.5106    14.5162    102.410    95.2905     2.0508      8.297     6.0082     8.5863    262.162    268.325      12311          5  0.000e+00
   58.17248 -137.22366    110.480     11.836     11.725    14.5176    31.6731  1023.5633    23.5108    14.5159    102.413    95.2905     2.0508      8.297     6.0084     8.5866    262.172    268.336      12312          5  0.000e+00
   58.17248 -137.22366    110.348     11.925     11.813    14.5180    31.6730  1023.5636    23.5107    14.5163    102.418    95.2905     2.0215      8.297     6.0087     8.5870    262.183    268.347      12313          5  0.000e+00
   58.17248 -137.22366    110.365     11.892     11.781    14.5184    31.6728  1023.5632    23.5104    14.5167    102.427    95.2905     2.0508      8.297     6.0091     8.5877    262.204    268.368      12314          5  0.000e+00
   58.17248 -137.22366    110.358     11.836     11.725    14.5188    31.6724  1023.5626    23.5101    14.5171    102.436    95.2905     2.0508      8.297     6.0096     8.5883    262.224    268.389      12315          5  0.000e+00
   58.17248 -137.22366    110.326     11.803     11.693    14.5190    31.6726  1023.5626    23.5102    14.5173    102.439    95.2905     2.0508      8.297     6.0098     8.5886    262.231    268.396      12316          5  0.000e+00
