EcoFOCI/data/1_SampleCollection/2022_GOA-OA_CruiseData/CTD_raw_BottleFile_RC0083/RC0083_018.ros
* Sea-Bird SBE 9 Data File:
* FileName = C:\Data\RC0083ctd\RC0083_018.hex
* Software Version Seasave V 7.26.7.107
* Temperature SN = 2060
* Conductivity SN = 1084
* Number of Bytes Per Scan = 31
* Number of Voltage Words = 4
* Number of Scans Averaged by the Deck Unit = 1
* NMEA Latitude = 56 10.89 N
* NMEA Longitude = 134 27.43 W
* NMEA UTC (Time) = Aug 13 2022  16:55:27
* NMEA baud rate = 4800
** Ship: R/V Rachel Carson
** Cruise ID: RC0083 RC0083
** Tech: McHugh/Nomura
** Chief Scientist: Cross Cross
** Station: CS3
** Cast:  018
# nquan = 21
# nvalues = 392                                   
# units = specified
# name 0 = latitude: Latitude [deg]
# name 1 = longitude: Longitude [deg]
# name 2 = sfdSM: Seafloor depth [salt water, m]
# name 3 = prDM: Pressure, Digiquartz [db]
# name 4 = depSM: Depth [salt water, m]
# name 5 = t090C: Temperature [ITS-90, deg C]
# name 6 = sal00: Salinity, Practical [PSU]
# name 7 = density00: Density [density, kg/m^3]
# name 8 = sigma-é00: Density [sigma-theta, kg/m^3]
# name 9 = potemp090C: Potential Temperature [ITS-90, deg C]
# name 10 = sbeox0PS: Oxygen, SBE 43 [% saturation]
# name 11 = CStarTr0: Beam Transmission, WET Labs C-Star [%]
# name 12 = flECO-AFL: Fluorescence, WET Labs ECO-AFL/FL [mg/m^3]
# name 13 = ph: pH
# name 14 = sbeox0ML/L: Oxygen, SBE 43 [ml/l]
# name 15 = sbeox0Mg/L: Oxygen, SBE 43 [mg/l]
# name 16 = sbox0Mm/Kg: Oxygen, SBE 43 [umol/kg]
# name 17 = sbeox0Mm/L: Oxygen, SBE 43 [umol/l]
# name 18 = scan: Scan Count
# name 19 = nbf: Bottles Fired
# name 20 = flag:  0.000e+00
# interval = seconds: 0.0416667
# start_time = Aug 13 2022 16:55:27 [NMEA time, header]
# bad_flag = -9.990e-29
*END*
[from data line 345]
   56.17388 -134.46530    102.081      3.481      3.449    10.2799    29.7817  1022.8513    22.8355    10.2795    113.047    80.5508     7.5599      8.364     7.3363    10.4843    320.325    327.640      53510          8  0.000e+00
   56.17388 -134.46530    102.161      3.561      3.529    10.2807    29.7813  1022.8512    22.8350    10.2803    113.157    80.5229     7.5306      8.364     7.3433    10.4944    320.632    327.954      53511          8  0.000e+00
   56.17388 -134.46530    102.201      3.602      3.569    10.2813    29.7786  1022.8492    22.8328    10.2810    113.267    80.5229     7.5599      8.364     7.3505    10.5046    320.946    328.275      53512          8  0.000e+00
   56.17388 -134.46530    102.161      3.561      3.529    10.2823    29.7763  1022.8470    22.8309    10.2819    113.323    80.6068     7.5306      8.364     7.3541    10.5098    321.103    328.434      53513          8  0.000e+00
   56.17388 -134.46530    102.145      3.545      3.513    10.2832    29.7748  1022.8457    22.8296    10.2828    113.428    80.8305     7.5306      8.364     7.3608    10.5194    321.398    328.735      53514          8  0.000e+00
   56.17388 -134.46530    102.402      3.804      3.769    10.2830    29.7731  1022.8456    22.8283    10.2826    113.537    80.9144     7.5306      8.364     7.3681    10.5297    321.713    329.058      53515          8  0.000e+00
   56.17388 -134.46530    102.146      3.545      3.513    10.2825    29.7741  1022.8452    22.8291    10.2821    113.640    80.9144     7.2376      8.364     7.3747    10.5392    322.005    329.356      53516          8  0.000e+00
   56.17388 -134.46530    102.162      3.562      3.529    10.2820    29.7756  1022.8466    22.8304    10.2816    113.746    80.8865     6.9738      8.364     7.3817    10.5491    322.306    329.665      53517          8  0.000e+00
   56.17388 -134.46530    102.202      3.602      3.569    10.2800    29.7804  1022.8508    22.8344    10.2796    113.846    80.8865     6.9152      8.364     7.3883    10.5586    322.593    329.959      53518          8  0.000e+00
   56.17388 -134.46530    102.282      3.683      3.649    10.2774    29.7867  1022.8565    22.8398    10.2770    113.947    80.8865     6.9152      8.364     7.3949    10.5680    322.881    330.256      53519          8  0.000e+00
   56.17388 -134.46530    102.202      3.602      3.569    10.2747    29.7902  1022.8593    22.8429    10.2743    114.043    80.8865     6.9445      8.364     7.4014    10.5774    323.166    330.548      53520          8  0.000e+00
   56.17388 -134.46530    102.162      3.562      3.529    10.2739    29.7885  1022.8579    22.8417    10.2735    114.146    80.8865     6.9445      8.364     7.4083    10.5872    323.465    330.854      53521          8  0.000e+00
   56.17388 -134.46530    102.258      3.659      3.625    10.2733    29.7863  1022.8568    22.8402    10.2729    114.195    80.8865     6.9445      8.364     7.4117    10.5920    323.613    331.005      53522          8  0.000e+00
   56.17388 -134.46530    102.162      3.562      3.529    10.2730    29.7851  1022.8554    22.8393    10.2726    114.287    80.8865     6.9445      8.359     7.4178    10.6007    323.880    331.278      53523          8  0.000e+00
   56.17388 -134.46530    102.258      3.659      3.625    10.2730    29.7841  1022.8551    22.8385    10.2726    114.381    80.8865     6.9445      8.359     7.4239    10.6095    324.148    331.551      53524          8  0.000e+00
   56.17388 -134.46530    102.202      3.602      3.569    10.2734    29.7836  1022.8543    22.8380    10.2730    114.416    80.8865     6.9445      8.359     7.4261    10.6127    324.247    331.652      53525          8  0.000e+00
   56.17388 -134.46530    102.218      3.618      3.585    10.2733    29.7833  1022.8542    22.8378    10.2729    114.499    80.8865     6.9445      8.364     7.4315    10.6204    324.482    331.893      53526          8  0.000e+00
   56.17388 -134.46530    102.202      3.602      3.569    10.2730    29.7837  1022.8545    22.8382    10.2726    114.579    80.8865     6.9445      8.359     7.4368    10.6279    324.711    332.127      53527          8  0.000e+00
   56.17388 -134.46530    102.282      3.683      3.649    10.2728    29.7837  1022.8549    22.8382    10.2724    114.658    80.8865     6.9445      8.359     7.4420    10.6353    324.937    332.358      53528          8  0.000e+00
   56.17388 -134.46530    102.082      3.481      3.449    10.2736    29.7830  1022.8533    22.8376    10.2732    114.676    80.8865     6.9445      8.359     7.4430    10.6368    324.984    332.406      53529          8  0.000e+00
   56.17388 -134.46530    102.218      3.618      3.585    10.2733    29.7833  1022.8542    22.8378    10.2729    114.752    80.8865     6.9445      8.359     7.4479    10.6439    325.199    332.625      53530          8  0.000e+00
   56.17388 -134.46530    102.146      3.546      3.513    10.2733    29.7831  1022.8537    22.8376    10.2729    114.767    80.8865     6.9445      8.359     7.4490    10.6453    325.242    332.670      53531          8  0.000e+00
   56.17388 -134.46530    102.106      3.505      3.473    10.2728    29.7844  1022.8546    22.8387    10.2724    114.834    80.8865     6.9445      8.359     7.4534    10.6516    325.435    332.867      53532          8  0.000e+00
   56.17388 -134.46530    102.378      3.780      3.745    10.2723    29.7860  1022.8572    22.8400    10.2719    114.904    80.9704     6.9445      8.359     7.4579    10.6581    325.632    333.070      53533          8  0.000e+00
   56.17388 -134.46530    102.042      3.441      3.409    10.2721    29.7867  1022.8563    22.8407    10.2718    114.908    81.4458     6.9445      8.359     7.4581    10.6584    325.641    333.079      53534          8  0.000e+00
   56.17388 -134.46530    102.202      3.602      3.569    10.2718    29.7870  1022.8573    22.8409    10.2714    114.970    81.6696     6.9445      8.359     7.4622    10.6642    325.820    333.262      53535          8  0.000e+00
   56.17388 -134.46530    102.218      3.618      3.585    10.2710    29.7897  1022.8596    22.8432    10.2706    114.974    81.6976     6.9152      8.359     7.4624    10.6646    325.830    333.273      53536          8  0.000e+00
   56.17388 -134.46530    102.082      3.481      3.449    10.2701    29.7926  1022.8614    22.8456    10.2697    115.020    81.6696     6.9152      8.359     7.4655    10.6689    325.960    333.407      53537          8  0.000e+00
   56.17388 -134.46530    102.106      3.505      3.473    10.2698    29.7924  1022.8614    22.8455    10.2694    115.018    81.6696     6.9152      8.359     7.4654    10.6688    325.957    333.404      53538          8  0.000e+00
   56.17388 -134.46530    102.146      3.546      3.513    10.2696    29.7914  1022.8608    22.8447    10.2693    115.054    81.6416     6.9152      8.359     7.4678    10.6723    326.064    333.513      53539          8  0.000e+00
   56.17388 -134.46530    101.986      3.384      3.353    10.2698    29.7899  1022.8589    22.8435    10.2694    115.037    81.6696     6.9152      8.359     7.4667    10.6707    326.017    333.464      53540          8  0.000e+00
   56.17388 -134.46530    102.202      3.602      3.569    10.2698    29.7882  1022.8585    22.8422    10.2694    115.029    81.6696     6.9152      8.359     7.4663    10.6701    325.998    333.444      53541          8  0.000e+00
   56.17388 -134.46530    102.146      3.546      3.513    10.2695    29.7871  1022.8575    22.8414    10.2691    115.062    81.6696     6.9152      8.359     7.4685    10.6733    326.096    333.544      53542          8  0.000e+00
   56.17388 -134.46530    102.042      3.441      3.409    10.2686    29.7884  1022.8581    22.8425    10.2683    115.044    81.6696     6.9152      8.359     7.4674    10.6717    326.048    333.496      53543          8  0.000e+00
   56.17388 -134.46530    102.082      3.481      3.449    10.2685    29.7889  1022.8588    22.8430    10.2681    115.073    81.6696     6.9152      8.359     7.4693    10.6744    326.131    333.580      53544          8  0.000e+00
   56.17388 -134.46530    102.042      3.441      3.409    10.2688    29.7882  1022.8579    22.8423    10.2685    115.098    81.6696     6.9152      8.359     7.4709    10.6767    326.201    333.652      53545          8  0.000e+00
   56.17388 -134.46530    102.082      3.481      3.449    10.2692    29.7865  1022.8568    22.8410    10.2688    115.074    81.6696     6.9152      8.359     7.4694    10.6745    326.133    333.582      53546          8  0.000e+00
   56.17388 -134.46530    102.106      3.505      3.473    10.2700    29.7846  1022.8553    22.8394    10.2696    115.046    81.6696     6.9152      8.359     7.4676    10.6719    326.054    333.501      53547          8  0.000e+00
   56.17388 -134.46530    101.906      3.303      3.273    10.2703    29.7846  1022.8543    22.8393    10.2700    115.013    81.6696     6.9152      8.359     7.4654    10.6688    325.959    333.403      53548          8  0.000e+00
   56.17388 -134.46530    101.986      3.384      3.353    10.2719    29.7801  1022.8509    22.8355    10.2716    114.976    81.6696     6.9152      8.359     7.4629    10.6652    325.851    333.292      53549          8  0.000e+00
   56.17388 -134.46530    102.026      3.425      3.393    10.2757    29.7724  1022.8444    22.8289    10.2754    114.935    81.6696     6.9152      8.359     7.4600    10.6610    325.726    333.162      53550          8  0.000e+00
   56.17388 -134.46530    101.986      3.384      3.353    10.2805    29.7648  1022.8376    22.8222    10.2802    114.891    81.6696     6.9152      8.364     7.4567    10.6564    325.585    333.016      53551          8  0.000e+00
   56.17388 -134.46530    101.906      3.303      3.273    10.2843    29.7582  1022.8314    22.8164    10.2840    114.899    81.6696     6.9152      8.359     7.4569    10.6567    325.597    333.026      53552          8  0.000e+00
   56.17388 -134.46530    101.930      3.328      3.297    10.2866    29.7548  1022.8285    22.8134    10.2863    114.860    81.6416     6.9152      8.364     7.4542    10.6527    325.477    332.902      53553          8  0.000e+00
   56.17388 -134.46530    101.937      3.360      3.329    10.2874    29.7536  1022.8276    22.8123    10.2871    114.819    81.2221     6.9152      8.359     7.4515    10.6489    325.360    332.783      53554          8  0.000e+00
   56.17388 -134.46530    101.866      3.263      3.233    10.2888    29.7512  1022.8251    22.8103    10.2884    114.824    80.9704     6.9152      8.364     7.4516    10.6491    325.369    332.790      53555          8  0.000e+00
   56.17388 -134.46530    101.906      3.303      3.273    10.2905    29.7480  1022.8225    22.8075    10.2902    114.727    80.9144     6.9152      8.364     7.4452    10.6400    325.089    332.503      53556          8  0.000e+00
