EcoFOCI/data/1_SampleCollection/2022_GOA-OA_CruiseData/CTD_raw_BottleFile_RC0083/RC0083_048.cnv
* Sea-Bird SBE 9 Data File:
* FileName = C:\Data\RC0083ctd\RC0083_048.hex
* Software Version Seasave V 7.26.7.107
* Temperature SN = 2060
* Conductivity SN = 1084
* Number of Bytes Per Scan = 31
* Number of Voltage Words = 4
* Number of Scans Averaged by the Deck Unit = 1
* NMEA Latitude = 58 10.30 N
* NMEA Longitude = 137 13.34 W
* NMEA UTC (Time) = Aug 19 2022  07:25:00
* NMEA baud rate = 4800
** Ship: R/V Rachel Carson
** Cruise ID: RC0083
** Tech: McHugh/Nomura
** Chief Scientist: Cross
** Station: SEM10
** Cast:  CTD048
# nquan = 19
# nvalues = 13290                                 
# units = specified
# name 0 = latitude: Latitude [deg]
# name 1 = longitude: Longitude [deg]
# name 2 = sfdSM: Seafloor depth [salt water, m]
# name 3 = prDM: Pressure, Digiquartz [db]
# name 4 = depSM: Depth [salt water, m]
# name 5 = t090C: Temperature [ITS-90, deg C]
# name 6 = sal00: Salinity, Practical [PSU]
# name 7 = density00: Density [density, kg/m^3]
# name 8 = sigma-é00: Density [sigma-theta, kg/m^3]
# name 9 = potemp090C: Potential Temperature [ITS-90, deg C]
# name 10 = sbeox0PS: Oxygen, SBE 43 [% saturation]
# name 11 = CStarTr0: Beam Transmission, WET Labs C-Star [%]
# name 12 = flECO-AFL: Fluorescence, WET Labs ECO-AFL/FL [mg/m^3]
# name 13 = ph: pH
# name 14 = sbeox0ML/L: Oxygen, SBE 43 [ml/l]
# name 15 = sbeox0Mg/L: Oxygen, SBE 43 [mg/l]
# name 16 = sbox0Mm/Kg: Oxygen, SBE 43 [umol/kg]
# name 17 = sbeox0Mm/L: Oxygen, SBE 43 [umol/l]
# name 18 = flag:  0.000e+00
# span 0 =   58.17160,   58.17256                 
# span 1 = -137.22380, -137.22232                 
# span 2 =      3.561,    128.979                 
# span 3 =      2.117,    115.361                 
# span 4 =      2.097,    114.258                 
# span 5 =     6.4477,    14.5465                 
# span 6 =    31.0769,    32.7787                 
# span 7 =  1023.0630,  1026.2721                 
# span 8 =    23.0527,    25.7427                 
# span 9 =     6.4379,    14.5452                 
# span 10 =     59.535,    103.109                
# span 11 =    94.9828,   106.6179                
# span 12 =    -0.1177,     2.5782                
# span 13 =      7.882,      8.302                
# span 14 =     4.1306,     6.1583                
# span 15 =     5.9030,     8.8009                
# span 16 =    179.842,    268.211                
# span 17 =    184.471,    275.031                
# span 18 = 0.0000e+00, 0.0000e+00                
# interval = seconds: 0.0416667
# start_time = Aug 19 2022 07:25:00 [NMEA time, header]
# bad_flag = -9.990e-29
*END*
[from data line 11658]
   58.17242 -137.22352    112.241     13.712     13.584    14.1623    31.7116  1023.6752    23.6143    14.1604    102.246    96.7728     2.1680      8.289     6.0405     8.6325    263.545    269.769  0.000e+00
   58.17242 -137.22352    112.224     13.744     13.616    14.1612    31.7114  1023.6755    23.6144    14.1593    102.260    96.8008     2.1680      8.289     6.0415     8.6339    263.587    269.812  0.000e+00
   58.17242 -137.22352    112.224     13.744     13.616    14.1615    31.7106  1023.6748    23.6137    14.1595    102.322    96.7728     2.1680      8.289     6.0451     8.6391    263.747    269.975  0.000e+00
   58.17242 -137.22352    112.249     13.744     13.616    14.1619    31.7095  1023.6738    23.6128    14.1600    102.332    96.7728     2.1094      8.289     6.0457     8.6399    263.773    270.001  0.000e+00
   58.17242 -137.22352    112.281     13.776     13.648    14.1614    31.7095  1023.6741    23.6129    14.1595    102.338    96.7728     2.1094      8.289     6.0461     8.6405    263.791    270.020  0.000e+00
   58.17242 -137.22352    112.305     13.801     13.672    14.1623    31.7099  1023.6743    23.6130    14.1603    102.393    96.7728     2.0801      8.289     6.0492     8.6449    263.926    270.158  0.000e+00
   58.17242 -137.22352    112.192     13.687     13.560    14.1634    31.7099  1023.6736    23.6127    14.1614    102.446    96.7728     2.1094      8.289     6.0522     8.6493    264.058    270.293  0.000e+00
   58.17242 -137.22352    112.128     13.623     13.496    14.1651    31.7099  1023.6729    23.6124    14.1632    102.447    96.7728     2.1094      8.289     6.0521     8.6491    264.052    270.287  0.000e+00
   58.17242 -137.22352    112.096     13.591     13.464    14.1678    31.7101  1023.6724    23.6120    14.1659    102.450    96.7728     2.1094      8.289     6.0519     8.6488    264.044    270.278  0.000e+00
   58.17242 -137.22352    112.072     13.566     13.440    14.1715    31.7098  1023.6713    23.6110    14.1696    102.453    96.7728     2.1094      8.289     6.0517     8.6484    264.033    270.267  0.000e+00
   58.17242 -137.22352    112.016     13.510     13.384    14.1748    31.7092  1023.6699    23.6099    14.1729    102.505    96.7728     2.1094      8.289     6.0543     8.6522    264.149    270.386  0.000e+00
   58.17242 -137.22352    111.832     13.324     13.200    14.1758    31.7087  1023.6685    23.6093    14.1739    102.502    96.7728     2.1094      8.289     6.0541     8.6519    264.139    270.375  0.000e+00
   58.17242 -137.22352    111.896     13.389     13.264    14.1767    31.7099  1023.6695    23.6100    14.1748    102.499    96.7728     2.1094      8.289     6.0537     8.6514    264.123    270.359  0.000e+00
   58.17242 -137.22352    111.808     13.300     13.176    14.1859    31.7090  1023.6665    23.6074    14.1840    102.541    96.7728     2.1094      8.289     6.0551     8.6533    264.184    270.421  0.000e+00
   58.17242 -137.22352    111.776     13.267     13.144    14.1950    31.7084  1023.6640    23.6051    14.1931    102.537    96.7728     2.1094      8.289     6.0538     8.6514    264.126    270.361  0.000e+00
   58.17242 -137.22352    111.776     13.267     13.144    14.2036    31.7074  1023.6615    23.6026    14.2017    102.528    96.7728     2.1094      8.289     6.0522     8.6493    264.061    270.293  0.000e+00
   58.17242 -137.22352    111.632     13.146     13.024    14.2096    31.7063  1023.6588    23.6004    14.2078    102.519    96.7728     2.1094      8.289     6.0510     8.6475    264.008    270.239  0.000e+00
   58.17242 -137.22352    111.624     13.114     12.992    14.2159    31.7078  1023.6585    23.6003    14.2140    102.560    96.7728     2.1094      8.289     6.0526     8.6498    264.077    270.310  0.000e+00
   58.17242 -137.22352    111.480     12.969     12.848    14.2335    31.7067  1023.6535    23.5959    14.2317    102.547    96.7728     2.0801      8.289     6.0497     8.6456    263.951    270.179  0.000e+00
   58.17242 -137.22352    111.536     13.025     12.904    14.2490    31.7031  1023.6477    23.5898    14.2472    102.590    96.8008     2.0801      8.289     6.0504     8.6467    263.985    270.213  0.000e+00
   58.17242 -137.22352    111.360     12.847     12.728    14.2542    31.6987  1023.6424    23.5854    14.2524    102.530    96.8288     2.0801      8.289     6.0465     8.6410    263.814    270.036  0.000e+00
   58.17242 -137.22352    111.336     12.823     12.704    14.2495    31.6985  1023.6432    23.5862    14.2477    102.518    96.8288     2.0801      8.289     6.0463     8.6408    263.806    270.028  0.000e+00
   58.17242 -137.22352    103.075     12.791     12.672    14.2485    31.7003  1023.6446    23.5878    14.2467    102.553    96.8288     2.1094      8.289     6.0485     8.6439    263.900    270.125  0.000e+00
   58.17242 -137.22352     55.507     12.670     12.552    14.2524    31.7015  1023.6442    23.5879    14.2506    102.541    96.8288     2.0215      8.289     6.0472     8.6421    263.845    270.069  0.000e+00
   58.17242 -137.22352     34.132     12.613     12.496    14.2568    31.7011  1023.6427    23.5867    14.2550    102.525    96.8288     1.9042      8.289     6.0458     8.6400    263.782    270.004  0.000e+00
   58.17242 -137.22352     32.586     12.581     12.464    14.2605    31.7000  1023.6410    23.5851    14.2587    102.511    96.8288     1.8749      8.289     6.0445     8.6382    263.728    269.949  0.000e+00
   58.17242 -137.22352     34.500     12.492     12.376    14.2638    31.6990  1023.6391    23.5836    14.2621    102.540    96.8288     1.9042      8.289     6.0459     8.6401    263.787    270.008  0.000e+00
   58.17242 -137.22352     35.274     12.435     12.320    14.2659    31.6987  1023.6382    23.5830    14.2641    102.523    96.8288     1.9042      8.289     6.0446     8.6383    263.732    269.951  0.000e+00
   58.17242 -137.22352     35.259     12.371     12.256    14.2682    31.6984  1023.6372    23.5822    14.2665    102.448    96.8288     1.9042      8.289     6.0399     8.6317    263.529    269.743  0.000e+00
   58.17242 -137.22352     35.098     12.282     12.168    14.2716    31.6981  1023.6359    23.5813    14.2698    102.423    96.8288     1.9042      8.289     6.0380     8.6289    263.446    269.658  0.000e+00
   58.17242 -137.22352     34.961     12.193     12.080    14.2754    31.6981  1023.6347    23.5805    14.2737    102.399    96.8288     1.9042      8.289     6.0361     8.6262    263.364    269.574  0.000e+00
   58.17242 -137.22352     34.961     12.193     12.080    14.2804    31.6983  1023.6338    23.5797    14.2786    102.373    96.8288     1.9042      8.293     6.0340     8.6232    263.270    269.478  0.000e+00
   58.17242 -137.22352     34.841     12.072     11.960    14.2910    31.6981  1023.6309    23.5773    14.2893    102.394    96.8288     1.8749      8.288     6.0339     8.6231    263.269    269.476  0.000e+00
   58.17242 -137.22352     34.817     12.048     11.936    14.3026    31.6968  1023.6274    23.5739    14.3009    102.370    96.8288     1.9042      8.293     6.0312     8.6192    263.149    269.353  0.000e+00
   58.17242 -137.22352     34.729     11.959     11.848    14.3104    31.6950  1023.6240    23.5709    14.3087    102.290    96.8288     1.9042      8.293     6.0256     8.6111    262.905    269.102  0.000e+00
   58.17242 -137.22352     34.609     11.838     11.727    14.3134    31.6932  1023.6214    23.5689    14.3117    102.312    96.8288     1.9042      8.288     6.0266     8.6126    262.949    269.147  0.000e+00
   58.17242 -137.22352     34.577     11.805     11.695    14.3141    31.6951  1023.6226    23.5702    14.3124    102.290    96.8288     1.9042      8.288     6.0251     8.6105    262.886    269.082  0.000e+00
   58.17244 -137.22354     36.018     11.781     11.671    14.3241    31.6959  1023.6210    23.5687    14.3224    102.265    96.8288     1.9042      8.288     6.0224     8.6066    262.766    268.959  0.000e+00
   58.17244 -137.22354     48.897     11.717     11.607    14.3371    31.6941  1023.6167    23.5646    14.3354    102.241    96.8288     1.9042      8.293     6.0195     8.6024    262.640    268.829  0.000e+00
   58.17244 -137.22354     55.288     11.660     11.551    14.3439    31.6919  1023.6133    23.5616    14.3423    102.215    96.5491     1.8749      8.288     6.0172     8.5991    262.541    268.727  0.000e+00
   58.17244 -137.22354     55.891     11.628     11.519    14.3460    31.6906  1023.6117    23.5601    14.3443    102.192    96.1575     1.9042      8.293     6.0156     8.5969    262.474    268.658  0.000e+00
   58.17244 -137.22354     55.297     11.595     11.487    14.3477    31.6897  1023.6105    23.5590    14.3460    102.166    96.0736     1.9042      8.293     6.0139     8.5945    262.401    268.583  0.000e+00
   58.17244 -137.22354     54.997     11.539     11.431    14.3471    31.6896  1023.6103    23.5591    14.3455    102.144    96.0736     1.8749      8.293     6.0127     8.5927    262.345    268.526  0.000e+00
   58.17244 -137.22354     54.916     11.482     11.375    14.3444    31.6894  1023.6105    23.5595    14.3428    102.119    96.1016     1.9042      8.293     6.0115     8.5911    262.295    268.475  0.000e+00
   58.17244 -137.22354     54.965     11.506     11.399    14.3446    31.6900  1023.6110    23.5599    14.3430    102.097    96.1016     1.9335      8.293     6.0102     8.5892    262.239    268.417  0.000e+00
   58.17244 -137.22354     54.901     11.418     11.311    14.3446    31.6904  1023.6109    23.5602    14.3430    102.078    96.1016     1.9628      8.293     6.0091     8.5876    262.188    268.366  0.000e+00
   58.17244 -137.22354     54.821     11.361     11.255    14.3433    31.6902  1023.6108    23.5603    14.3417    102.057    96.1016     1.9628      8.293     6.0080     8.5861    262.142    268.318  0.000e+00
   58.17244 -137.22354     54.789     11.329     11.223    14.3430    31.6896  1023.6103    23.5600    14.3414    102.087    96.1016     1.9628      8.293     6.0099     8.5887    262.223    268.401  0.000e+00
   58.17244 -137.22354     54.757     11.296     11.191    14.3429    31.6898  1023.6102    23.5601    14.3413    102.073    96.1016     1.9628      8.293     6.0090     8.5875    262.187    268.364  0.000e+00
   58.17244 -137.22354     54.821     11.361     11.255    14.3441    31.6896  1023.6102    23.5597    14.3425    102.058    96.1016     1.9628      8.293     6.0080     8.5861    262.142    268.318  0.000e+00
   58.17244 -137.22354     54.701     11.240     11.135    14.3456    31.6907  1023.6102    23.5603    14.3441    102.039    96.1016     1.9628      8.293     6.0067     8.5841    262.083    268.257  0.000e+00
   58.17244 -137.22354     54.757     11.272     11.167    14.3487    31.6901  1023.6092    23.5591    14.3471    102.025    96.1016     1.9628      8.293     6.0055     8.5824    262.032    268.205  0.000e+00
   58.17244 -137.22354     54.701     11.240     11.135    14.3499    31.6886  1023.6076    23.5577    14.3483    102.009    96.1016     1.9628      8.293     6.0044     8.5809    261.987    268.158  0.000e+00
   58.17244 -137.22354     55.653     11.240     11.135    14.3402    31.6898  1023.6106    23.5607    14.3386    101.992    96.1016     1.9628      8.293     6.0046     8.5811    261.991    268.164  0.000e+00
   58.17244 -137.22354     88.441     11.208     11.103    14.3313    31.6897  1023.6122    23.5624    14.3297    101.978    96.1016     1.9628      8.293     6.0048     8.5815    262.002    268.176  0.000e+00
   58.17244 -137.22354    109.035     11.240     11.135    14.3232    31.6918  1023.6156    23.5657    14.3216    102.021    96.1016     1.9335      8.293     6.0083     8.5865    262.153    268.331  0.000e+00
   58.17244 -137.22354    111.135     11.240     11.135    14.3179    31.6939  1023.6183    23.5684    14.3164    102.015    96.1016     1.9628      8.293     6.0085     8.5868    262.161    268.340  0.000e+00
   58.17244 -137.22354    110.518     11.183     11.079    14.3161    31.6946  1023.6190    23.5694    14.3145    102.007    96.1016     1.9335      8.293     6.0082     8.5863    262.147    268.326  0.000e+00
   58.17244 -137.22354    109.736     11.208     11.103    14.3166    31.6944  1023.6189    23.5691    14.3150    101.997    96.1016     1.9628      8.293     6.0076     8.5855    262.121    268.299  0.000e+00
   58.17244 -137.22354    109.614     11.183     11.079    14.3183    31.6946  1023.6186    23.5689    14.3167    102.044    95.9617     1.9628      8.293     6.0101     8.5891    262.233    268.413  0.000e+00
   58.17244 -137.22354    109.663     11.183     11.079    14.3230    31.6939  1023.6170    23.5674    14.3215    102.042    95.6820     1.9628      8.293     6.0095     8.5881    262.203    268.383  0.000e+00
   58.17244 -137.22356    109.736     11.208     11.103    14.3257    31.6938  1023.6165    23.5668    14.3241    102.039    95.5981     1.9628      8.293     6.0090     8.5874    262.181    268.360  0.000e+00
   58.17244 -137.22356    109.768     11.240     11.135    14.3257    31.6942  1023.6170    23.5671    14.3241    102.040    95.5981     1.9628      8.293     6.0090     8.5874    262.183    268.362  0.000e+00
   58.17244 -137.22356    109.712     11.183     11.079    14.3272    31.6940  1023.6162    23.5666    14.3257    102.038    95.5981     1.9628      8.293     6.0087     8.5871    262.171    268.349  0.000e+00
   58.17244 -137.22356    109.768     11.240     11.135    14.3291    31.6907  1023.6136    23.5637    14.3275    102.037    95.6261     1.9921      8.293     6.0085     8.5868    262.163    268.341  0.000e+00
   58.17244 -137.22356    109.800     11.272     11.167    14.3220    31.6913  1023.6157    23.5656    14.3204    102.087    95.6261     2.0215      8.293     6.0123     8.5922    262.328    268.510  0.000e+00
   58.17244 -137.22356    109.768     11.240     11.135    14.3139    31.6929  1023.6184    23.5685    14.3123    102.039    95.5981     2.0215      8.293     6.0105     8.5895    262.246    268.427  0.000e+00
   58.17244 -137.22356    109.824     11.296     11.191    14.3097    31.6940  1023.6204    23.5703    14.3081    102.093    95.5981     2.0215      8.293     6.0141     8.5947    262.403    268.588  0.000e+00
   58.17244 -137.22356    109.824     11.296     11.191    14.3078    31.6950  1023.6216    23.5714    14.3062    102.101    95.6261     2.0215      8.293     6.0148     8.5957    262.434    268.620  0.000e+00
   58.17244 -137.22356    109.856     11.329     11.223    14.3080    31.6965  1023.6228    23.5725    14.3064    102.157    95.6261     2.0215      8.293     6.0180     8.6003    262.573    268.762  0.000e+00
   58.17244 -137.22356    109.824     11.296     11.191    14.3100    31.6967  1023.6224    23.5723    14.3084    102.162    95.6261     2.0215      8.293     6.0180     8.6003    262.575    268.764  0.000e+00
   58.17244 -137.22356    109.888     11.361     11.255    14.3124    31.6965  1023.6220    23.5716    14.3108    102.172    95.5981     2.0215      8.293     6.0183     8.6008    262.590    268.779  0.000e+00
   58.17244 -137.22356    109.856     11.329     11.223    14.3158    31.6958  1023.6206    23.5703    14.3142    102.180    95.5981     1.9921      8.293     6.0184     8.6009    262.593    268.783  0.000e+00
   58.17244 -137.22356    109.888     11.361     11.255    14.3192    31.6958  1023.6201    23.5696    14.3175    102.188    95.6261     2.0215      8.293     6.0184     8.6010    262.594    268.784  0.000e+00
   58.17244 -137.22356    109.944     11.417     11.311    14.3217    31.6944  1023.6188    23.5681    14.3201    102.194    95.5981     2.0215      8.293     6.0186     8.6011    262.600    268.789  0.000e+00
