EcoFOCI/data/1_SampleCollection/2022_GOA-OA_CruiseData/CTD_raw_BottleFile_RC0083/RC0083_066.ros
* Sea-Bird SBE 9 Data File:
* FileName = C:\Data\RC0083ctd\RC0083_066.hex
* Software Version Seasave V 7.26.7.107
* Temperature SN = 2060
* Conductivity SN = 1084
* Number of Bytes Per Scan = 31
* Number of Voltage Words = 4
* Number of Scans Averaged by the Deck Unit = 1
* NMEA Latitude = 58 53.63 N
* NMEA Longitude = 136 05.61 W
* NMEA UTC (Time) = Aug 20 2022  17:36:24
* NMEA baud rate = 4800
** Ship: R/V Rachel Carson
** Cruise ID: RC0083
** Tech: McHugh/Nomura
** Chief Scientist: Cross
** Station: GB16
** Cast:  CTD066
# nquan = 21
# nvalues = 343                                   
# units = specified
# name 0 = latitude: Latitude [deg]
# name 1 = longitude: Longitude [deg]
# name 2 = sfdSM: Seafloor depth [salt water, m]
# name 3 = prDM: Pressure, Digiquartz [db]
# name 4 = depSM: Depth [salt water, m]
# name 5 = t090C: Temperature [ITS-90, deg C]
# name 6 = sal00: Salinity, Practical [PSU]
# name 7 = density00: Density [density, kg/m^3]
# name 8 = sigma-é00: Density [sigma-theta, kg/m^3]
# name 9 = potemp090C: Potential Temperature [ITS-90, deg C]
# name 10 = sbeox0PS: Oxygen, SBE 43 [% saturation]
# name 11 = CStarTr0: Beam Transmission, WET Labs C-Star [%]
# name 12 = flECO-AFL: Fluorescence, WET Labs ECO-AFL/FL [mg/m^3]
# name 13 = ph: pH
# name 14 = sbeox0ML/L: Oxygen, SBE 43 [ml/l]
# name 15 = sbeox0Mg/L: Oxygen, SBE 43 [mg/l]
# name 16 = sbox0Mm/Kg: Oxygen, SBE 43 [umol/kg]
# name 17 = sbeox0Mm/L: Oxygen, SBE 43 [umol/l]
# name 18 = scan: Scan Count
# name 19 = nbf: Bottles Fired
# name 20 = flag:  0.000e+00
# interval = seconds: 0.0416667
# start_time = Aug 20 2022 17:36:24 [NMEA time, header]
# bad_flag = -9.990e-29
*END*
[from data line 207]
   58.89090 -136.09520    149.025     50.874     50.392     7.1463    30.2758  1023.9157    23.6814     7.1419     67.521    92.4097     0.0288      7.986     4.6864     6.6973    204.452    209.293      28788          5  0.000e+00
   58.89090 -136.09520    149.025     50.874     50.392     7.1463    30.2758  1023.9157    23.6814     7.1419     67.521    92.4097     0.0288      7.986     4.6864     6.6973    204.453    209.294      28789          5  0.000e+00
   58.89090 -136.09520    149.025     50.874     50.392     7.1464    30.2757  1023.9155    23.6813     7.1420     67.578    92.3817     0.0288      7.986     4.6903     6.7029    204.623    209.469      28790          5  0.000e+00
   58.89090 -136.09520    149.025     50.874     50.392     7.1464    30.2755  1023.9154    23.6812     7.1420     67.586    92.3817     0.0288      7.986     4.6909     6.7037    204.647    209.494      28791          5  0.000e+00
   58.89090 -136.09520    149.089     50.938     50.456     7.1463    30.2754  1023.9156    23.6811     7.1419     67.587    92.3817     0.0288      7.986     4.6909     6.7038    204.651    209.497      28792          5  0.000e+00
   58.89090 -136.09520    148.961     50.809     50.328     7.1464    30.2742  1023.9141    23.6801     7.1420     67.585    92.3817     0.0288      7.986     4.6909     6.7037    204.648    209.495      28793          5  0.000e+00
   58.89090 -136.09520    149.025     50.874     50.392     7.1463    30.2754  1023.9153    23.6811     7.1419     67.593    92.3817     0.0288      7.986     4.6914     6.7045    204.671    209.518      28794          5  0.000e+00
   58.89090 -136.09520    149.025     50.874     50.392     7.1463    30.2762  1023.9159    23.6817     7.1419     67.545    92.3817     0.0288      7.986     4.6880     6.6997    204.524    209.367      28795          5  0.000e+00
   58.89090 -136.09520    149.025     50.874     50.392     7.1463    30.2760  1023.9158    23.6815     7.1419     67.538    92.4097     0.0288      7.986     4.6875     6.6989    204.502    209.344      28796          5  0.000e+00
   58.89090 -136.09520    149.081     50.930     50.448     7.1459    30.2759  1023.9160    23.6815     7.1415     67.642    92.3817     0.0288      7.986     4.6948     6.7094    204.821    209.671      28797          5  0.000e+00
   58.89090 -136.09520    149.025     50.874     50.392     7.1463    30.2756  1023.9155    23.6812     7.1419     67.656    92.3817     0.0288      7.986     4.6958     6.7107    204.861    209.713      28798          5  0.000e+00
   58.89090 -136.09520    149.025     50.874     50.392     7.1459    30.2759  1023.9157    23.6815     7.1415     67.559    92.2978     0.0288      7.986     4.6890     6.7011    204.568    209.412      28799          5  0.000e+00
   58.89090 -136.09520    149.025     50.874     50.392     7.1461    30.2744  1023.9146    23.6803     7.1417     67.543    92.2419     0.0288      7.986     4.6880     6.6996    204.522    209.365      28800          5  0.000e+00
   58.89090 -136.09520    149.025     50.874     50.392     7.1459    30.2744  1023.9145    23.6803     7.1415     67.598    92.2419     0.0288      7.986     4.6918     6.7051    204.690    209.537      28801          5  0.000e+00
   58.89090 -136.09520    149.025     50.874     50.392     7.1459    30.2760  1023.9158    23.6816     7.1415     67.605    92.2419     0.0288      7.986     4.6922     6.7057    204.708    209.555      28802          5  0.000e+00
   58.89090 -136.09520    149.025     50.874     50.392     7.1459    30.2758  1023.9157    23.6814     7.1415     67.597    92.2419     0.0288      7.986     4.6916     6.7048    204.682    209.529      28803          5  0.000e+00
   58.89090 -136.09520    149.025     50.874     50.392     7.1461    30.2753  1023.9153    23.6810     7.1417     67.547    92.2419     0.0288      7.986     4.6882     6.6999    204.532    209.375      28804          5  0.000e+00
   58.89090 -136.09520    149.089     50.938     50.456     7.1461    30.2754  1023.9156    23.6811     7.1417     67.547    92.2698     0.0288      7.986     4.6882     6.6999    204.530    209.374      28805          5  0.000e+00
   58.89090 -136.09520    148.961     50.809     50.328     7.1458    30.2758  1023.9154    23.6815     7.1414     67.641    92.2698     0.0288      7.986     4.6948     6.7093    204.817    209.668      28806          5  0.000e+00
   58.89090 -136.09520    149.025     50.874     50.392     7.1459    30.2752  1023.9152    23.6810     7.1415     67.591    92.2419     0.0288      7.986     4.6913     6.7043    204.667    209.514      28807          5  0.000e+00
   58.89090 -136.09520    149.057     50.930     50.448     7.1459    30.2741  1023.9146    23.6801     7.1415     67.597    92.2419    -0.0005      7.986     4.6918     6.7050    204.687    209.534      28808          5  0.000e+00
   58.89090 -136.09520    148.969     50.817     50.336     7.1459    30.2753  1023.9150    23.6811     7.1415     67.610    92.2419     0.0288      7.986     4.6926     6.7061    204.722    209.570      28809          5  0.000e+00
   58.89090 -136.09520    149.081     50.930     50.448     7.1459    30.2755  1023.9157    23.6812     7.1415     67.609    92.2698     0.0288      7.986     4.6925     6.7061    204.719    209.567      28810          5  0.000e+00
   58.89090 -136.09520    149.025     50.874     50.392     7.1459    30.2753  1023.9152    23.6810     7.1415     67.606    92.2419     0.0288      7.986     4.6923     6.7058    204.711    209.559      28811          5  0.000e+00
   58.89090 -136.09520    148.961     50.809     50.328     7.1459    30.2753  1023.9150    23.6810     7.1415     67.555    92.2698     0.0288      7.986     4.6888     6.7007    204.557    209.401      28812          5  0.000e+00
   58.89090 -136.09520    149.089     50.938     50.456     7.1459    30.2754  1023.9156    23.6811     7.1415     67.554    92.2419     0.0288      7.986     4.6887     6.7007    204.554    209.398      28813          5  0.000e+00
   58.89090 -136.09520    149.025     50.874     50.392     7.1459    30.2757  1023.9156    23.6814     7.1415     67.593    92.2419     0.0288      7.986     4.6914     6.7044    204.670    209.517      28814          5  0.000e+00
   58.89090 -136.09520    149.025     50.874     50.392     7.1461    30.2744  1023.9146    23.6803     7.1417     67.590    92.2419     0.0288      7.986     4.6912     6.7042    204.664    209.510      28815          5  0.000e+00
   58.89090 -136.09520    149.025     50.874     50.392     7.1459    30.2744  1023.9145    23.6803     7.1415     67.595    92.2419     0.0288      7.986     4.6916     6.7047    204.679    209.526      28816          5  0.000e+00
   58.89090 -136.09520    149.025     50.874     50.392     7.1459    30.2756  1023.9155    23.6813     7.1415     67.648    92.2698     0.0288      7.986     4.6952     6.7100    204.838    209.689      28817          5  0.000e+00
   58.89090 -136.09520    149.025     50.874     50.392     7.1461    30.2753  1023.9153    23.6810     7.1417     67.708    92.2419     0.0288      7.986     4.6994     6.7159    205.019    209.874      28818          5  0.000e+00
   58.89090 -136.09520    148.961     50.809     50.328     7.1459    30.2756  1023.9152    23.6813     7.1415     67.670    92.3258     0.0288      7.986     4.6967     6.7121    204.903    209.756      28819          5  0.000e+00
   58.89090 -136.09520    149.089     50.938     50.456     7.1461    30.2756  1023.9158    23.6813     7.1417     67.666    92.4097     0.0288      7.986     4.6964     6.7117    204.891    209.743      28820          5  0.000e+00
   58.89090 -136.09520    149.081     50.930     50.448     7.1463    30.2750  1023.9152    23.6808     7.1419     67.723    92.4376     0.0288      7.986     4.7004     6.7174    205.065    209.921      28821          5  0.000e+00
   58.89090 -136.09520    148.969     50.817     50.336     7.1459    30.2749  1023.9147    23.6807     7.1415     67.675    92.4376     0.0288      7.986     4.6971     6.7126    204.920    209.773      28822          5  0.000e+00
   58.89090 -136.09520    149.081     50.930     50.448     7.1464    30.2736  1023.9141    23.6797     7.1420     67.676    92.4376     0.0288      7.986     4.6972     6.7127    204.924    209.776      28823          5  0.000e+00
   58.89090 -136.09520    149.025     50.874     50.392     7.1461    30.2750  1023.9150    23.6808     7.1417     67.739    92.4376     0.0288      7.986     4.7015     6.7190    205.113    209.970      28824          5  0.000e+00
   58.89090 -136.09520    149.025     50.874     50.392     7.1464    30.2756  1023.9155    23.6812     7.1420     67.753    92.4376     0.0288      7.986     4.7024     6.7203    205.153    210.011      28825          5  0.000e+00
   58.89068 -136.09532    123.970     25.578     25.338     7.4292    29.9486  1023.5047    23.3870     7.4270     66.406    60.5810     0.1460      7.994     4.5889     6.5580    200.256    204.939      31015          6  0.000e+00
   58.89068 -136.09532    123.914     25.522     25.282     7.4290    29.9493  1023.5050    23.3876     7.4267     66.415    60.5810     0.1460      7.994     4.5895     6.5588    200.282    204.966      31016          6  0.000e+00
   58.89068 -136.09532    123.970     25.578     25.338     7.4291    29.9487  1023.5047    23.3871     7.4269     66.370    60.5810     0.1460      7.994     4.5864     6.5544    200.147    204.828      31017          6  0.000e+00
   58.89068 -136.09532    123.850     25.457     25.218     7.4288    29.9486  1023.5042    23.3870     7.4266     66.366    60.5810     0.1460      7.994     4.5861     6.5541    200.136    204.817      31018          6  0.000e+00
   58.89068 -136.09532    123.914     25.522     25.282     7.4288    29.9479  1023.5039    23.3865     7.4266     66.372    60.5810     0.1460      7.994     4.5866     6.5547    200.156    204.837      31019          6  0.000e+00
   58.89068 -136.09532    123.970     25.578     25.338     7.4288    29.9487  1023.5049    23.3872     7.4265     66.380    60.5810     0.1460      7.994     4.5871     6.5554    200.179    204.860      31020          6  0.000e+00
   58.89068 -136.09532    123.850     25.457     25.218     7.4285    29.9496  1023.5050    23.3879     7.4263     66.380    60.6369     0.1460      7.994     4.5871     6.5555    200.179    204.861      31021          6  0.000e+00
   58.89068 -136.09532    123.914     25.522     25.282     7.4285    29.9496  1023.5053    23.3879     7.4263     66.383    60.6928     0.1460      7.994     4.5873     6.5558    200.188    204.870      31022          6  0.000e+00
   58.89068 -136.09532    123.914     25.522     25.282     7.4285    29.9494  1023.5052    23.3877     7.4263     66.442    60.7208     0.1460      7.994     4.5914     6.5616    200.366    205.053      31023          6  0.000e+00
   58.89068 -136.09532    123.890     25.522     25.282     7.4287    29.9492  1023.5049    23.3875     7.4265     66.398    60.7208     0.1460      7.994     4.5884     6.5572    200.234    204.917      31024          6  0.000e+00
   58.89068 -136.09532    123.890     25.522     25.282     7.4285    29.9496  1023.5053    23.3879     7.4263     66.404    60.7208     0.1460      7.994     4.5888     6.5578    200.251    204.935      31025          6  0.000e+00
   58.89068 -136.09532    123.914     25.522     25.282     7.4286    29.9487  1023.5046    23.3872     7.4264     66.411    60.6928     0.1460      7.994     4.5893     6.5585    200.273    204.957      31026          6  0.000e+00
   58.89068 -136.09532    123.914     25.522     25.282     7.4287    29.9484  1023.5043    23.3869     7.4265     66.412    60.7208     0.1460      7.994     4.5893     6.5586    200.275    204.959      31027          6  0.000e+00
   58.89068 -136.09532    123.914     25.522     25.282     7.4288    29.9492  1023.5049    23.3875     7.4266     66.413    60.6928     0.1460      7.994     4.5894     6.5587    200.278    204.962      31028          6  0.000e+00
   58.89068 -136.09532    123.914     25.522     25.282     7.4288    29.9492  1023.5050    23.3875     7.4265     66.415    60.7208     0.1460      7.994     4.5895     6.5589    200.285    204.969      31029          6  0.000e+00
   58.89068 -136.09532    123.850     25.457     25.218     7.4290    29.9489  1023.5044    23.3873     7.4268     66.418    60.7208     0.1460      7.994     4.5897     6.5592    200.293    204.977      31030          6  0.000e+00
   58.89068 -136.09532    123.890     25.522     25.282     7.4286    29.9494  1023.5051    23.3877     7.4264     66.423    60.7208     0.1460      7.994     4.5901     6.5597    200.308    204.993      31031          6  0.000e+00
   58.89068 -136.09532    123.914     25.522     25.282     7.4287    29.9492  1023.5050    23.3876     7.4265     66.428    60.7208     0.1460      7.994     4.5904     6.5602    200.323    205.009      31032          6  0.000e+00
   58.89068 -136.09532    123.914     25.522     25.282     7.4284    29.9493  1023.5051    23.3876     7.4261     66.434    60.7208     0.1460      7.994     4.5909     6.5608    200.343    205.029      31033          6  0.000e+00
   58.89068 -136.09534    123.914     25.522     25.282     7.4285    29.9479  1023.5040    23.3865     7.4263     66.441    60.7208     0.1460      7.994     4.5914     6.5615    200.365    205.051      31034          6  0.000e+00
   58.89068 -136.09534    123.850     25.457     25.218     7.4284    29.9488  1023.5044    23.3873     7.4261     66.393    60.6928     0.1460      7.994     4.5880     6.5568    200.219    204.902      31035          6  0.000e+00
   58.89068 -136.09534    123.970     25.578     25.338     7.4280    29.9500  1023.5060    23.3883     7.4258     66.396    60.7208     0.1460      7.994     4.5882     6.5571    200.228    204.911      31036          6  0.000e+00
   58.89068 -136.09534    123.850     25.457     25.218     7.4280    29.9496  1023.5051    23.3880     7.4258     66.446    60.7208     0.1460      7.994     4.5917     6.5620    200.379    205.065      31037          6  0.000e+00
   58.89068 -136.09534    123.946     25.554     25.314     7.4280    29.9500  1023.5058    23.3883     7.4258     66.450    60.7208     0.1460      7.994     4.5920     6.5624    200.391    205.078      31038          6  0.000e+00
   58.89068 -136.09534    123.914     25.522     25.282     7.4282    29.9499  1023.5056    23.3881     7.4260     66.453    60.7208     0.1460      7.994     4.5922     6.5627    200.401    205.088      31039          6  0.000e+00
   58.89068 -136.09534    123.914     25.522     25.282     7.4285    29.9496  1023.5053    23.3879     7.4263     66.458    60.7208     0.1460      7.994     4.5925     6.5631    200.414    205.101      31040          6  0.000e+00
   58.89068 -136.09534    123.850     25.457     25.218     7.4284    29.9492  1023.5047    23.3875     7.4261     66.462    60.5530     0.1460      7.994     4.5928     6.5636    200.429    205.116      31041          6  0.000e+00
   58.89068 -136.09534    123.914     25.522     25.282     7.4284    29.9489  1023.5048    23.3874     7.4261     66.469    60.1055     0.1460      7.994     4.5933     6.5643    200.448    205.136      31042          6  0.000e+00
   58.89068 -136.09534    123.890     25.522     25.282     7.4285    29.9502  1023.5058    23.3883     7.4263     66.475    59.9657     0.1460      7.994     4.5937     6.5648    200.464    205.153      31043          6  0.000e+00
   58.89068 -136.09534    123.914     25.522     25.282     7.4284    29.9504  1023.5059    23.3885     7.4261     66.482    59.9657     0.1460      7.994     4.5941     6.5655    200.486    205.175      31044          6  0.000e+00
