EcoFOCI/data/1_SampleCollection/2022_GOA-OA_CruiseData/CTD_raw_BottleFile_RC0083/RC0083_075.cnv
* Sea-Bird SBE 9 Data File:
* FileName = C:\Data\RC0083ctd\RC0083_075.hex
* Software Version Seasave V 7.26.7.107
* Temperature SN = 2060
* Conductivity SN = 1084
* Number of Bytes Per Scan = 31
* Number of Voltage Words = 4
* Number of Scans Averaged by the Deck Unit = 1
* NMEA Latitude = 58 29.33 N
* NMEA Longitude = 136 03.82 W
* NMEA UTC (Time) = Aug 21 2022  03:18:24
* NMEA baud rate = 4800
** Ship: R/V Rachel Carson
** Cruise ID: RC0083
** Tech: McHugh/Nomura
** Chief Scientist: Cross
** Station: GB02
** Cast:  CTD075
# nquan = 19
# nvalues = 8662                                  
# units = specified
# name 0 = latitude: Latitude [deg]
# name 1 = longitude: Longitude [deg]
# name 2 = sfdSM: Seafloor depth [salt water, m]
# name 3 = prDM: Pressure, Digiquartz [db]
# name 4 = depSM: Depth [salt water, m]
# name 5 = t090C: Temperature [ITS-90, deg C]
# name 6 = sal00: Salinity, Practical [PSU]
# name 7 = density00: Density [density, kg/m^3]
# name 8 = sigma-é00: Density [sigma-theta, kg/m^3]
# name 9 = potemp090C: Potential Temperature [ITS-90, deg C]
# name 10 = sbeox0PS: Oxygen, SBE 43 [% saturation]
# name 11 = CStarTr0: Beam Transmission, WET Labs C-Star [%]
# name 12 = flECO-AFL: Fluorescence, WET Labs ECO-AFL/FL [mg/m^3]
# name 13 = ph: pH
# name 14 = sbeox0ML/L: Oxygen, SBE 43 [ml/l]
# name 15 = sbeox0Mg/L: Oxygen, SBE 43 [mg/l]
# name 16 = sbox0Mm/Kg: Oxygen, SBE 43 [umol/kg]
# name 17 = sbeox0Mm/L: Oxygen, SBE 43 [umol/l]
# name 18 = flag:  0.000e+00
# span 0 =   58.48766,   58.48878                 
# span 1 = -136.06362, -136.06326                 
# span 2 =      7.434,    113.439                 
# span 3 =      2.017,     78.954                 
# span 4 =      1.998,     78.204                 
# span 5 =     7.8280,     9.6412                 
# span 6 =    21.3996,    30.9524                 
# span 7 =  1016.4194,  1024.4805                 
# span 8 =    16.4067,    24.1194                 
# span 9 =     7.8241,     9.6410                 
# span 10 =     58.868,    108.720                
# span 11 =    59.1266,    89.8365                
# span 12 =     0.2925,     6.2998                
# span 13 =      7.907,      8.320                
# span 14 =     4.0037,     7.5039                
# span 15 =     5.7216,    10.7238                
# span 16 =    174.593,    329.244                
# span 17 =    178.803,    335.123                
# span 18 = 0.0000e+00, 0.0000e+00                
# interval = seconds: 0.0416667
# start_time = Aug 21 2022 03:18:24 [NMEA time, header]
# bad_flag = -9.990e-29
*END*
[from data line 5867]
   58.48774 -136.06326     87.563     70.601     69.932     7.8433    30.9206  1024.4180    24.0946     7.8367     59.184    88.9415     0.3804      7.911     4.0256     5.7530    175.553    179.783  0.000e+00
   58.48774 -136.06326     87.563     70.601     69.932     7.8434    30.9220  1024.4191    24.0957     7.8368     59.241    88.9415     0.3511      7.911     4.0294     5.7585    175.720    179.954  0.000e+00
   58.48774 -136.06326     87.654     70.544     69.876     7.8436    30.9230  1024.4196    24.0964     7.8370     59.242    88.9415     0.3804      7.911     4.0294     5.7584    175.719    179.954  0.000e+00
   58.48774 -136.06326     87.671     70.488     69.820     7.8436    30.9243  1024.4204    24.0975     7.8371     59.193    88.9415     0.3804      7.911     4.0261     5.7537    175.575    179.805  0.000e+00
   58.48774 -136.06326     87.751     70.544     69.876     7.8434    30.9249  1024.4211    24.0979     7.8368     59.243    88.8296     0.3804      7.911     4.0294     5.7585    175.721    179.955  0.000e+00
   58.48774 -136.06326     87.607     70.423     69.756     7.8436    30.9251  1024.4207    24.0981     7.8371     59.241    88.7737     0.3804      7.911     4.0293     5.7583    175.716    179.950  0.000e+00
   58.48774 -136.06326     87.639     70.431     69.764     7.8434    30.9258  1024.4213    24.0987     7.8368     59.248    88.7737     0.3511      7.911     4.0298     5.7590    175.736    179.971  0.000e+00
   58.48774 -136.06326     87.704     70.423     69.756     7.8434    30.9260  1024.4214    24.0988     7.8369     59.254    88.7737     0.3511      7.911     4.0302     5.7596    175.754    179.989  0.000e+00
   58.48774 -136.06326     87.673     70.366     69.700     7.8436    30.9254  1024.4207    24.0983     7.8371     59.260    88.7737     0.3804      7.911     4.0306     5.7601    175.770    180.006  0.000e+00
   58.48774 -136.06326     87.609     70.302     69.636     7.8436    30.9253  1024.4203    24.0982     7.8371     59.209    88.7737     0.4097      7.911     4.0272     5.7552    175.620    179.853  0.000e+00
   58.48774 -136.06326     87.673     70.366     69.700     7.8434    30.9253  1024.4206    24.0983     7.8369     59.201    88.7737     0.3511      7.911     4.0266     5.7544    175.596    179.828  0.000e+00
   58.48774 -136.06326     87.521     70.189     69.524     7.8436    30.9246  1024.4193    24.0977     7.8371     59.198    88.7737     0.3804      7.911     4.0264     5.7541    175.587    179.818  0.000e+00
   58.48774 -136.06326     87.770     70.366     69.700     7.8434    30.9244  1024.4199    24.0976     7.8369     59.197    88.7737     0.3804      7.911     4.0264     5.7541    175.587    179.818  0.000e+00
   58.48774 -136.06326     87.530     70.124     69.459     7.8434    30.9238  1024.4184    24.0971     7.8369     59.186    88.7737     0.3511      7.911     4.0256     5.7530    175.555    179.785  0.000e+00
   58.48774 -136.06326     87.594     70.189     69.524     7.8433    30.9238  1024.4187    24.0971     7.8367     59.185    88.7737     0.3804      7.911     4.0255     5.7529    175.550    179.781  0.000e+00
   58.48774 -136.06326     87.602     70.197     69.532     7.8434    30.9230  1024.4181    24.0965     7.8369     59.238    88.7737     0.3511      7.911     4.0292     5.7581    175.710    179.944  0.000e+00
   58.48774 -136.06326     87.579     70.124     69.459     7.8433    30.9224  1024.4173    24.0960     7.8367     59.242    88.7737     0.3804      7.911     4.0295     5.7586    175.724    179.958  0.000e+00
   58.48774 -136.06326     87.596     70.067     69.403     7.8433    30.9226  1024.4172    24.0962     7.8367     59.191    88.7737     0.4097      7.911     4.0260     5.7536    175.571    179.801  0.000e+00
   58.48774 -136.06326     87.621     70.067     69.403     7.8437    30.9227  1024.4172    24.0962     7.8372     59.188    88.7737     0.4097      7.911     4.0258     5.7532    175.560    179.791  0.000e+00
   58.48774 -136.06326     87.621     70.067     69.403     7.8433    30.9239  1024.4181    24.0971     7.8367     59.241    88.7737     0.4097      7.911     4.0294     5.7584    175.718    179.952  0.000e+00
   58.48774 -136.06326     87.565     70.011     69.347     7.8433    30.9250  1024.4188    24.0980     7.8367     59.245    88.7737     0.4097      7.911     4.0296     5.7587    175.728    179.962  0.000e+00
   58.48774 -136.06326     87.638     70.011     69.347     7.8434    30.9254  1024.4191    24.0984     7.8369     59.249    88.7737     0.4097      7.911     4.0298     5.7591    175.738    179.973  0.000e+00
   58.48774 -136.06326     87.647     69.946     69.283     7.8434    30.9258  1024.4191    24.0987     7.8369     59.252    88.7737     0.4097      7.911     4.0300     5.7593    175.747    179.982  0.000e+00
   58.48774 -136.06326     87.599     69.897     69.235     7.8436    30.9258  1024.4188    24.0986     7.8371     59.199    88.7737     0.4097      7.911     4.0264     5.7542    175.590    179.821  0.000e+00
   58.48774 -136.06326     87.591     69.889     69.227     7.8433    30.9258  1024.4189    24.0987     7.8368     59.195    88.8296     0.4097      7.911     4.0262     5.7539    175.579    179.811  0.000e+00
   58.48774 -136.06326     87.527     69.825     69.163     7.8434    30.9259  1024.4186    24.0987     7.8369     59.191    88.9136     0.4097      7.911     4.0259     5.7534    175.566    179.797  0.000e+00
   58.48774 -136.06326     87.762     69.889     69.227     7.8434    30.9264  1024.4193    24.0991     7.8369     59.243    88.9136     0.4097      7.911     4.0294     5.7585    175.720    179.955  0.000e+00
   58.48774 -136.06326     87.796     69.825     69.163     7.8436    30.9271  1024.4195    24.0996     7.8371     59.246    88.9136     0.4097      7.911     4.0296     5.7587    175.726    179.960  0.000e+00
   58.48774 -136.06326     87.740     69.768     69.107     7.8436    30.9288  1024.4206    24.1010     7.8371     59.248    88.9136     0.4097      7.911     4.0297     5.7588    175.730    179.965  0.000e+00
   58.48774 -136.06326     87.684     69.712     69.051     7.8437    30.9307  1024.4218    24.1025     7.8373     59.250    88.9136     0.4097      7.911     4.0297     5.7589    175.733    179.968  0.000e+00
   58.48774 -136.06326     87.740     69.768     69.107     7.8436    30.9316  1024.4228    24.1032     7.8371     59.252    88.9136     0.4097      7.911     4.0299     5.7591    175.740    179.976  0.000e+00
   58.48774 -136.06326     87.757     69.712     69.051     7.8437    30.9322  1024.4230    24.1036     7.8373     59.254    88.8856     0.4097      7.911     4.0300     5.7592    175.742    179.978  0.000e+00
   58.48774 -136.06326     87.694     69.598     68.939     7.8437    30.9328  1024.4229    24.1041     7.8373     59.254    88.9136     0.4097      7.911     4.0300     5.7593    175.743    179.980  0.000e+00
   58.48774 -136.06326     87.742     69.647     68.987     7.8441    30.9325  1024.4229    24.1038     7.8376     59.256    88.9136     0.4097      7.911     4.0301     5.7594    175.747    179.983  0.000e+00
   58.48774 -136.06326     87.686     69.590     68.931     7.8437    30.9327  1024.4228    24.1040     7.8373     59.256    88.9136     0.4097      7.911     4.0301     5.7595    175.750    179.986  0.000e+00
   58.48774 -136.06326     87.646     69.526     68.867     7.8437    30.9331  1024.4229    24.1043     7.8373     59.256    88.8856     0.4097      7.911     4.0301     5.7595    175.749    179.986  0.000e+00
   58.48774 -136.06326     87.744     69.526     68.867     7.8436    30.9326  1024.4224    24.1039     7.8371     59.257    88.9136     0.4097      7.911     4.0302     5.7595    175.752    179.988  0.000e+00
   58.48774 -136.06326     87.768     69.526     68.867     7.8439    30.9295  1024.4200    24.1015     7.8374     59.257    88.9136     0.3511      7.911     4.0302     5.7596    175.754    179.990  0.000e+00
   58.48774 -136.06326     87.592     69.348     68.691     7.8434    30.9287  1024.4186    24.1009     7.8370     59.255    88.9136     0.3511      7.911     4.0302     5.7595    175.753    179.988  0.000e+00
   58.48774 -136.06326     87.712     69.469     68.811     7.8434    30.9279  1024.4186    24.1003     7.8369     59.255    88.8856     0.3511      7.911     4.0302     5.7596    175.755    179.990  0.000e+00
   58.48774 -136.06326     87.769     69.477     68.819     7.8436    30.9264  1024.4174    24.0991     7.8371     59.255    88.9136     0.3511      7.911     4.0302     5.7596    175.753    179.989  0.000e+00
   58.48774 -136.06326     87.802     69.412     68.755     7.8434    30.9249  1024.4159    24.0979     7.8369     59.253    88.9136     0.3511      7.911     4.0301     5.7595    175.751    179.986  0.000e+00
   58.48774 -136.06326     87.763     69.348     68.691     7.8434    30.9237  1024.4147    24.0970     7.8370     59.251    88.9136     0.3511      7.911     4.0300     5.7593    175.747    179.982  0.000e+00
   58.48774 -136.06326     87.763     69.348     68.691     7.8433    30.9228  1024.4140    24.0963     7.8368     59.249    88.9136     0.3511      7.911     4.0300     5.7592    175.743    179.978  0.000e+00
   58.48774 -136.06326     87.763     69.348     68.691     7.8434    30.9232  1024.4143    24.0966     7.8370     59.247    88.9136     0.3511      7.911     4.0298     5.7590    175.736    179.970  0.000e+00
   58.48774 -136.06326     87.651     69.234     68.579     7.8434    30.9235  1024.4140    24.0969     7.8370     59.244    88.9415     0.3511      7.911     4.0296     5.7586    175.726    179.960  0.000e+00
   58.48774 -136.06326     87.756     69.291     68.635     7.8434    30.9229  1024.4138    24.0964     7.8370     59.242    88.9415     0.3511      7.911     4.0294     5.7584    175.720    179.954  0.000e+00
   58.48774 -136.06326     87.643     69.178     68.523     7.8434    30.9228  1024.4132    24.0963     7.8370     59.238    88.9415     0.3511      7.911     4.0292     5.7581    175.709    179.943  0.000e+00
   58.48774 -136.06326     87.699     69.234     68.579     7.8434    30.9231  1024.4137    24.0965     7.8370     59.235    88.9415     0.3511      7.911     4.0290     5.7578    175.700    179.933  0.000e+00
   58.48774 -136.06326     87.635     69.170     68.515     7.8434    30.9233  1024.4136    24.0967     7.8370     59.231    88.9415     0.3511      7.911     4.0287     5.7574    175.687    179.921  0.000e+00
   58.48774 -136.06326     87.653     69.113     68.458     7.8436    30.9238  1024.4136    24.0970     7.8372     59.234    88.9415     0.3511      7.911     4.0289     5.7576    175.695    179.929  0.000e+00
   58.48774 -136.06326     87.726     69.113     68.458     7.8433    30.9258  1024.4153    24.0987     7.8368     59.238    88.9415     0.3511      7.911     4.0291     5.7580    175.705    179.939  0.000e+00
   58.48774 -136.06326     87.662     69.048     68.394     7.8434    30.9277  1024.4164    24.1001     7.8370     59.233    88.9415     0.3511      7.911     4.0287     5.7575    175.689    179.923  0.000e+00
   58.48774 -136.06326     87.662     69.048     68.394     7.8434    30.9290  1024.4175    24.1012     7.8370     59.236    88.9415     0.3511      7.911     4.0289     5.7577    175.697    179.931  0.000e+00
   58.48774 -136.06326     87.630     68.992     68.338     7.8436    30.9280  1024.4165    24.1004     7.8372     59.239    88.9136     0.3511      7.911     4.0291     5.7580    175.706    179.940  0.000e+00
   58.48774 -136.06326     87.882     69.000     68.346     7.8434    30.9273  1024.4159    24.0998     7.8370     59.243    88.9415     0.3511      7.911     4.0294     5.7584    175.717    179.952  0.000e+00
   58.48774 -136.06326     87.916     68.935     68.282     7.8436    30.9250  1024.4138    24.0980     7.8372     59.245    88.9415     0.3511      7.911     4.0296     5.7587    175.728    179.962  0.000e+00
   58.48774 -136.06326     87.876     68.871     68.218     7.8434    30.9247  1024.4133    24.0977     7.8370     59.193    88.9415     0.3511      7.911     4.0260     5.7536    175.572    179.803  0.000e+00
   58.48774 -136.06326     87.940     68.935     68.282     7.8436    30.9233  1024.4125    24.0966     7.8372     59.182    88.9415     0.3511      7.911     4.0253     5.7526    175.542    179.772  0.000e+00
   58.48774 -136.06326     87.876     68.871     68.218     7.8433    30.9211  1024.4105    24.0950     7.8369     59.170    88.9136     0.3511      7.911     4.0247     5.7516    175.512    179.741  0.000e+00
   58.48774 -136.06326     87.925     68.871     68.218     7.8431    30.9198  1024.4095    24.0940     7.8367     59.159    88.9415     0.3511      7.911     4.0239     5.7506    175.482    179.710  0.000e+00
   58.48774 -136.06326     87.830     68.749     68.098     7.8433    30.9202  1024.4092    24.0942     7.8369     59.147    88.9415     0.3511      7.911     4.0231     5.7494    175.445    179.672  0.000e+00
   58.48774 -136.06326     87.902     68.822     68.170     7.8434    30.9202  1024.4096    24.0943     7.8370     59.137    88.9415     0.3511      7.911     4.0224     5.7484    175.413    179.640  0.000e+00
   58.48774 -136.06326     87.805     68.749     68.098     7.8433    30.9208  1024.4097    24.0947     7.8369     59.125    88.9415     0.3511      7.911     4.0216     5.7473    175.379    179.604  0.000e+00
   58.48774 -136.06326     87.773     68.693     68.042     7.8433    30.9209  1024.4095    24.0948     7.8369     59.121    88.9136     0.3511      7.911     4.0213     5.7469    175.367    179.592  0.000e+00
   58.48774 -136.06326     87.854     68.749     68.098     7.8431    30.9202  1024.4093    24.0943     7.8367     59.119    88.8856     0.3511      7.911     4.0212     5.7466    175.360    179.585  0.000e+00
   58.48774 -136.06326     87.742     68.636     67.986     7.8433    30.9191  1024.4078    24.0934     7.8369     59.107    88.8576     0.3511      7.911     4.0204     5.7456    175.327    179.551  0.000e+00
   58.48774 -136.06326     87.742     68.636     67.986     7.8429    30.9173  1024.4065    24.0920     7.8365     59.097    88.8576     0.3511      7.911     4.0198     5.7447    175.300    179.523  0.000e+00
   58.48774 -136.06326     87.678     68.571     67.922     7.8429    30.9151  1024.4045    24.0903     7.8365     59.093    88.8576     0.3511      7.911     4.0196     5.7444    175.292    179.515  0.000e+00
   58.48774 -136.06326     87.735     68.580     67.930     7.8431    30.9136  1024.4033    24.0891     7.8367     59.091    88.8576     0.3511      7.911     4.0194     5.7442    175.286    179.508  0.000e+00
   58.48774 -136.06326     87.695     68.515     67.866     7.8431    30.9136  1024.4030    24.0891     7.8367     59.088    88.8576     0.3511      7.911     4.0192     5.7439    175.277    179.499  0.000e+00
   58.48774 -136.06326     87.695     68.515     67.866     7.8431    30.9136  1024.4030    24.0891     7.8367     59.086    88.8576     0.3511      7.911     4.0191     5.7437    175.271    179.493  0.000e+00
   58.48774 -136.06326     87.695     68.515     67.866     7.8431    30.9146  1024.4038    24.0899     7.8367     59.077    88.8576     0.3511      7.911     4.0184     5.7428    175.242    179.464  0.000e+00
   58.48774 -136.06326     87.639     68.458     67.810     7.8431    30.9164  1024.4049    24.0913     7.8368     59.067    88.8576     0.3511      7.911     4.0177     5.7418    175.211    179.432  0.000e+00
   58.48774 -136.06326     87.648     68.394     67.746     7.8429    30.9187  1024.4065    24.0932     7.8365     59.057    88.8576     0.3511      7.911     4.0170     5.7407    175.180    179.401  0.000e+00
