EcoFOCI/data/1_SampleCollection/2022_GOA-OA_CruiseData/CTD_raw_BottleFile_RC0083/RC0083_002.ros
* Sea-Bird SBE 9 Data File:
* FileName = C:\Data\RC0083ctd\RC0083_002.hex
* Software Version Seasave V 7.26.7.107
* Temperature SN = 2060
* Conductivity SN = 1084
* Number of Bytes Per Scan = 31
* Number of Voltage Words = 4
* Number of Scans Averaged by the Deck Unit = 1
* NMEA Latitude = 54 40.91 N
* NMEA Longitude = 132 54.84 W
* NMEA UTC (Time) = Aug 12 2022  04:38:53
* NMEA baud rate = 4800
** Ship: R/V Rachel Carson
** Cruise ID: RC0083 RC0083
** Tech: McHugh/Nomura
** Chief Scientist: Cross Cross
** Station: DE2
** Cast:  002
# nquan = 21
# nvalues = 294                                   
# units = specified
# name 0 = latitude: Latitude [deg]
# name 1 = longitude: Longitude [deg]
# name 2 = sfdSM: Seafloor depth [salt water, m]
# name 3 = prDM: Pressure, Digiquartz [db]
# name 4 = depSM: Depth [salt water, m]
# name 5 = t090C: Temperature [ITS-90, deg C]
# name 6 = sal00: Salinity, Practical [PSU]
# name 7 = density00: Density [density, kg/m^3]
# name 8 = sigma-é00: Density [sigma-theta, kg/m^3]
# name 9 = potemp090C: Potential Temperature [ITS-90, deg C]
# name 10 = sbeox0PS: Oxygen, SBE 43 [% saturation]
# name 11 = CStarTr0: Beam Transmission, WET Labs C-Star [%]
# name 12 = flECO-AFL: Fluorescence, WET Labs ECO-AFL/FL [mg/m^3]
# name 13 = ph: pH
# name 14 = sbeox0ML/L: Oxygen, SBE 43 [ml/l]
# name 15 = sbeox0Mg/L: Oxygen, SBE 43 [mg/l]
# name 16 = sbox0Mm/Kg: Oxygen, SBE 43 [umol/kg]
# name 17 = sbeox0Mm/L: Oxygen, SBE 43 [umol/l]
# name 18 = scan: Scan Count
# name 19 = nbf: Bottles Fired
# name 20 = flag:  0.000e+00
# interval = seconds: 0.0416667
# start_time = Aug 12 2022 04:38:53 [NMEA time, header]
# bad_flag = -9.990e-29
*END*
[from data line 276]
   54.68410 -132.91066      3.131      3.160      3.131    14.0679    29.2765  1021.7694    21.7553    14.0675    106.863    75.8800     3.4867      8.280     6.4215     9.1770    280.678    286.785      22836          6  0.000e+00
   54.68410 -132.91066      3.171      3.200      3.171    14.0664    29.2771  1021.7704    21.7561    14.0659    106.882    75.9080     3.4867      8.280     6.4228     9.1789    280.736    286.844      22837          6  0.000e+00
   54.68410 -132.91066      4.001      3.224      3.195    14.0652    29.2779  1021.7713    21.7569    14.0647    106.901    75.9080     3.6625      8.280     6.4241     9.1807    280.793    286.902      22838          6  0.000e+00
   54.68410 -132.91066      4.317      3.321      3.291    14.0647    29.2778  1021.7718    21.7570    14.0643    106.922    75.9080     3.7504      8.280     6.4255     9.1826    280.851    286.961      22839          6  0.000e+00
   54.68410 -132.91066      4.219      3.321      3.291    14.0632    29.2783  1021.7725    21.7577    14.0627    106.937    75.9080     3.7504      8.280     6.4266     9.1842    280.898    287.010      22840          6  0.000e+00
   54.68410 -132.91066      4.170      3.345      3.315    14.0606    29.2793  1021.7738    21.7589    14.0602    106.953    75.9080     3.7504      8.280     6.4278     9.1860    280.952    287.066      22841          6  0.000e+00
   54.68410 -132.91066      4.202      3.378      3.347    14.0602    29.2793  1021.7741    21.7591    14.0597    106.964    75.9080     3.7504      8.280     6.4285     9.1870    280.983    287.097      22842          6  0.000e+00
   54.68410 -132.91066      4.251      3.402      3.371    14.0601    29.2796  1021.7744    21.7593    14.0597    107.023    75.9080     3.7504      8.280     6.4320     9.1920    281.137    287.254      22843          6  0.000e+00
   54.68410 -132.91066      4.339      3.442      3.411    14.0607    29.2788  1021.7739    21.7586    14.0602    107.033    75.9080     3.7504      8.280     6.4326     9.1929    281.163    287.281      22844          6  0.000e+00
   54.68410 -132.91066      4.444      3.523      3.491    14.0611    29.2791  1021.7744    21.7587    14.0607    107.044    75.9080     3.7504      8.280     6.4332     9.1937    281.189    287.307      22845          6  0.000e+00
   54.68410 -132.91066      4.476      3.555      3.523    14.0612    29.2793  1021.7747    21.7588    14.0607    107.049    75.9639     3.7504      8.280     6.4335     9.1941    281.201    287.320      22846          6  0.000e+00
   54.68410 -132.91066      4.500      3.580      3.548    14.0622    29.2789  1021.7743    21.7583    14.0617    107.053    76.0758     3.7504      8.280     6.4336     9.1943    281.207    287.326      22847          6  0.000e+00
   54.68410 -132.91066      4.596      3.677      3.644    14.0632    29.2784  1021.7742    21.7578    14.0627    107.058    76.1038     3.7504      8.280     6.4338     9.1945    281.215    287.333      22848          6  0.000e+00
   54.68410 -132.91066      4.596      3.677      3.644    14.0630    29.2783  1021.7741    21.7577    14.0625    107.061    76.0758     3.7504      8.280     6.4340     9.1948    281.224    287.343      22849          6  0.000e+00
   54.68410 -132.91066      4.676      3.757      3.724    14.0603    29.2781  1021.7748    21.7581    14.0598    107.065    76.1038     3.7504      8.280     6.4346     9.1957    281.250    287.369      22850          6  0.000e+00
   54.68410 -132.91066      4.660      3.741      3.708    14.0520    29.2806  1021.7784    21.7617    14.0515    107.062    76.0758     3.7504      8.280     6.4354     9.1968    281.284    287.405      22851          6  0.000e+00
   54.68410 -132.91066      4.796      3.879      3.844    14.0453    29.2834  1021.7825    21.7652    14.0448    107.113    76.1038     3.7504      8.280     6.4393     9.2024    281.452    287.577      22852          6  0.000e+00
   54.68410 -132.91066      4.836      3.919      3.884    14.0437    29.2829  1021.7826    21.7652    14.0432    107.120    76.0758     3.7504      8.285     6.4399     9.2032    281.478    287.605      22853          6  0.000e+00
