EcoFOCI/data/1_SampleCollection/2022_GOA-OA_CruiseData/CTD_raw_BottleFile_RC0083/RC0083_013.cnv
* Sea-Bird SBE 9 Data File:
* FileName = C:\Data\RC0083ctd\RC0083_013.hex
* Software Version Seasave V 7.26.7.107
* Temperature SN = 2060
* Conductivity SN = 1084
* Number of Bytes Per Scan = 31
* Number of Voltage Words = 4
* Number of Scans Averaged by the Deck Unit = 1
* NMEA Latitude = 55 43.96 N
* NMEA Longitude = 134 28.39 W
* NMEA UTC (Time) = Aug 13 2022  05:59:07
* NMEA baud rate = 4800
** Ship: R/V Rachel Carson
** Cruise ID: RC0083 RC0083
** Tech: McHugh/Nomura
** Chief Scientist: Cross Cross
** Station: POW4
** Cast:  013
# nquan = 19
# nvalues = 19001                                 
# units = specified
# name 0 = latitude: Latitude [deg]
# name 1 = longitude: Longitude [deg]
# name 2 = sfdSM: Seafloor depth [salt water, m]
# name 3 = prDM: Pressure, Digiquartz [db]
# name 4 = depSM: Depth [salt water, m]
# name 5 = t090C: Temperature [ITS-90, deg C]
# name 6 = sal00: Salinity, Practical [PSU]
# name 7 = density00: Density [density, kg/m^3]
# name 8 = sigma-é00: Density [sigma-theta, kg/m^3]
# name 9 = potemp090C: Potential Temperature [ITS-90, deg C]
# name 10 = sbeox0PS: Oxygen, SBE 43 [% saturation]
# name 11 = CStarTr0: Beam Transmission, WET Labs C-Star [%]
# name 12 = flECO-AFL: Fluorescence, WET Labs ECO-AFL/FL [mg/m^3]
# name 13 = ph: pH
# name 14 = sbeox0ML/L: Oxygen, SBE 43 [ml/l]
# name 15 = sbeox0Mg/L: Oxygen, SBE 43 [mg/l]
# name 16 = sbox0Mm/Kg: Oxygen, SBE 43 [umol/kg]
# name 17 = sbeox0Mm/L: Oxygen, SBE 43 [umol/l]
# name 18 = flag:  0.000e+00
# span 0 =   55.73262,   55.73536                 
# span 1 = -134.47316, -134.47222                 
# span 2 =      3.152,    220.919                 
# span 3 =      2.218,    170.310                 
# span 4 =      2.198,    168.695                 
# span 5 =     5.9763,    10.4611                 
# span 6 =    30.9938,    33.6433                 
# span 7 =  1023.7675,  1027.2659                 
# span 8 =    23.7558,    26.4853                 
# span 9 =     5.9621,    10.4609                 
# span 10 =     33.843,    110.031                
# span 11 =    75.5444,   105.1635                
# span 12 =    -0.1177,    12.4244                
# span 13 =      7.734,      8.241                
# span 14 =     2.3603,     7.1047                
# span 15 =     3.3730,    10.1533                
# span 16 =    102.690,    309.891                
# span 17 =    105.409,    317.295                
# span 18 = 0.0000e+00, 0.0000e+00                
# interval = seconds: 0.0416667
# start_time = Aug 13 2022 05:59:07 [NMEA time, header]
# bad_flag = -9.990e-29
*END*
[from data line 534]
   55.73266 -134.47308    110.242     11.716     11.610    10.0291    31.1631  1024.0061    23.9530    10.0278     95.455    86.5082     6.5343      8.156     6.1739     8.8232    269.278    275.728  0.000e+00
   55.73266 -134.47308    110.154     11.627     11.522    10.0292    31.1630  1024.0056    23.9529    10.0280     95.481    86.4803     6.5343      8.156     6.1756     8.8255    269.349    275.801  0.000e+00
   55.73266 -134.47308    110.210     11.684     11.578    10.0296    31.1630  1024.0058    23.9528    10.0283     95.509    86.5082     6.5343      8.156     6.1774     8.8281    269.427    275.880  0.000e+00
   55.73266 -134.47308    110.210     11.684     11.578    10.0299    31.1630  1024.0057    23.9528    10.0286     95.531    86.5082     6.5343      8.151     6.1787     8.8300    269.487    275.942  0.000e+00
   55.73266 -134.47308    110.178     11.652     11.546    10.0297    31.1633  1024.0058    23.9530    10.0284     95.554    86.5082     6.5343      8.156     6.1802     8.8321    269.552    276.008  0.000e+00
   55.73266 -134.47308    110.210     11.684     11.578    10.0298    31.1630  1024.0058    23.9528    10.0285     95.578    86.5082     6.5343      8.156     6.1818     8.8344    269.620    276.078  0.000e+00
   55.73266 -134.47308    110.210     11.684     11.578    10.0297    31.1634  1024.0061    23.9531    10.0284     95.602    86.5082     6.5343      8.156     6.1833     8.8366    269.689    276.148  0.000e+00
   55.73266 -134.47308    110.242     11.716     11.610    10.0300    31.1634  1024.0062    23.9531    10.0288     95.676    86.5082     6.5343      8.156     6.1880     8.8433    269.893    276.358  0.000e+00
   55.73266 -134.47308    110.210     11.684     11.578    10.0297    31.1634  1024.0061    23.9531    10.0284     95.701    86.4803     6.5343      8.151     6.1897     8.8457    269.966    276.432  0.000e+00
   55.73266 -134.47308    110.210     11.684     11.577    10.0299    31.1630  1024.0058    23.9528    10.0286     95.720    86.5082     6.5343      8.151     6.1909     8.8474    270.019    276.486  0.000e+00
   55.73266 -134.47308    110.274     11.748     11.642    10.0297    31.1632  1024.0062    23.9530    10.0284     95.739    86.5082     6.5343      8.156     6.1922     8.8493    270.075    276.544  0.000e+00
   55.73266 -134.47308    110.242     11.716     11.610    10.0294    31.1637  1024.0065    23.9534    10.0281     95.758    86.5082     6.5343      8.151     6.1934     8.8510    270.129    276.599  0.000e+00
   55.73266 -134.47308    110.274     11.748     11.642    10.0292    31.1641  1024.0070    23.9538    10.0279     95.832    86.5082     6.5343      8.151     6.1982     8.8579    270.337    276.812  0.000e+00
   55.73266 -134.47308    110.330     11.805     11.698    10.0292    31.1640  1024.0072    23.9536    10.0279     95.857    86.4803     6.5343      8.156     6.1999     8.8603    270.409    276.887  0.000e+00
   55.73266 -134.47308    110.298     11.773     11.665    10.0289    31.1640  1024.0071    23.9537    10.0276     95.882    86.3124     6.0654      8.151     6.2015     8.8626    270.480    276.959  0.000e+00
   55.73266 -134.47308    110.330     11.805     11.697    10.0292    31.1640  1024.0072    23.9537    10.0279     95.900    86.2565     5.6845      8.151     6.2026     8.8642    270.530    277.010  0.000e+00
   55.73266 -134.47308    110.274     11.748     11.641    10.0292    31.1636  1024.0066    23.9533    10.0279     95.917    86.2565     5.6258      8.156     6.2037     8.8658    270.578    277.059  0.000e+00
   55.73266 -134.47308    110.330     11.805     11.697    10.0291    31.1639  1024.0071    23.9536    10.0278     95.989    86.2565     5.6258      8.151     6.2084     8.8724    270.781    277.267  0.000e+00
   55.73266 -134.47308    110.242     11.716     11.609    10.0292    31.1637  1024.0065    23.9534    10.0279     96.010    86.2565     5.6552      8.151     6.2098     8.8744    270.840    277.328  0.000e+00
   55.73266 -134.47308    110.330     11.805     11.697    10.0294    31.1633  1024.0066    23.9531    10.0281     96.033    86.2565     5.6552      8.151     6.2112     8.8765    270.904    277.393  0.000e+00
   55.73266 -134.47308    110.330     11.805     11.697    10.0294    31.1635  1024.0068    23.9533    10.0281     96.047    86.2565     5.6552      8.151     6.2121     8.8777    270.944    277.434  0.000e+00
   55.73266 -134.47308    110.242     11.716     11.609    10.0296    31.1632  1024.0061    23.9530    10.0283     96.059    86.2565     5.6552      8.151     6.2129     8.8789    270.977    277.468  0.000e+00
   55.73266 -134.47308    110.386     11.861     11.753    10.0298    31.1630  1024.0066    23.9528    10.0285     96.073    86.2565     5.6552      8.151     6.2138     8.8801    271.016    277.507  0.000e+00
   55.73266 -134.47308    110.274     11.748     11.641    10.0296    31.1633  1024.0063    23.9531    10.0283     96.082    86.2565     5.6552      8.151     6.2144     8.8810    271.044    277.536  0.000e+00
   55.73266 -134.47308    110.330     11.805     11.697    10.0299    31.1630  1024.0063    23.9528    10.0286     96.147    86.2565     5.6552      8.151     6.2186     8.8870    271.225    277.722  0.000e+00
   55.73266 -134.47308    110.362     11.837     11.729    10.0297    31.1632  1024.0066    23.9530    10.0284     96.163    86.2565     5.6552      8.151     6.2196     8.8884    271.270    277.768  0.000e+00
   55.73266 -134.47308    110.330     11.805     11.697    10.0298    31.1635  1024.0067    23.9532    10.0285     96.176    86.2565     5.6552      8.151     6.2204     8.8896    271.306    277.805  0.000e+00
   55.73266 -134.47308    110.330     11.805     11.697    10.0296    31.1637  1024.0069    23.9534    10.0283     96.188    86.2565     5.6552      8.151     6.2213     8.8908    271.342    277.842  0.000e+00
   55.73266 -134.47308    110.330     11.805     11.697    10.0299    31.1631  1024.0064    23.9529    10.0286     96.193    86.2565     5.6552      8.151     6.2215     8.8912    271.354    277.854  0.000e+00
   55.73266 -134.47308    110.362     11.837     11.729    10.0297    31.1632  1024.0066    23.9530    10.0284     96.203    86.2565     5.6552      8.151     6.2222     8.8921    271.383    277.883  0.000e+00
   55.73266 -134.47308     71.307     11.805     11.697    10.0297    31.1636  1024.0068    23.9533    10.0284     96.204    86.2565     5.6552      8.151     6.2223     8.8922    271.385    277.886  0.000e+00
   55.73266 -134.47308     24.982     11.805     11.697    10.0298    31.1632  1024.0065    23.9530    10.0285     96.211    86.2565     5.6552      8.151     6.2227     8.8928    271.404    277.905  0.000e+00
   55.73266 -134.47308     13.741     11.773     11.665    10.0297    31.1634  1024.0065    23.9531    10.0284     96.270    86.2565     5.6552      8.151     6.2265     8.8983    271.571    278.076  0.000e+00
   55.73266 -134.47308     15.475     11.748     11.641    10.0299    31.1635  1024.0064    23.9532    10.0286     96.279    86.2565     5.6552      8.151     6.2271     8.8992    271.597    278.103  0.000e+00
   55.73266 -134.47308     17.387     11.805     11.697    10.0299    31.1631  1024.0064    23.9529    10.0286     96.234    86.3404     5.6258      8.151     6.2242     8.8950    271.471    277.973  0.000e+00
   55.73266 -134.47308     17.771     11.748     11.641    10.0299    31.1630  1024.0061    23.9528    10.0286     96.289    86.3963     5.5672      8.151     6.2277     8.9000    271.624    278.130  0.000e+00
   55.73266 -134.47308     17.721     11.772     11.665    10.0299    31.1632  1024.0063    23.9530    10.0286     96.294    86.3963     5.5672      8.151     6.2281     8.9006    271.640    278.147  0.000e+00
   55.73266 -134.47308     17.624     11.748     11.641    10.0300    31.1634  1024.0063    23.9531    10.0288     96.298    86.3684     5.5672      8.151     6.2283     8.9009    271.649    278.156  0.000e+00
   55.73266 -134.47308     17.600     11.748     11.641    10.0299    31.1636  1024.0065    23.9533    10.0286     96.355    86.3963     5.5672      8.156     6.2320     8.9061    271.809    278.320  0.000e+00
   55.73266 -134.47308     17.648     11.772     11.665    10.0302    31.1635  1024.0065    23.9531    10.0290     96.308    86.3963     5.5672      8.151     6.2289     8.9017    271.675    278.182  0.000e+00
   55.73266 -134.47308     17.624     11.748     11.641    10.0302    31.1634  1024.0063    23.9530    10.0290     96.306    86.3963     5.5672      8.156     6.2288     8.9016    271.671    278.178  0.000e+00
   55.73266 -134.47308     17.624     11.748     11.641    10.0302    31.1637  1024.0065    23.9533    10.0290     96.358    86.3684     5.5672      8.156     6.2321     8.9063    271.816    278.327  0.000e+00
   55.73266 -134.47308     17.560     11.684     11.577    10.0305    31.1632  1024.0058    23.9528    10.0292     96.359    86.3963     5.5672      8.156     6.2322     8.9064    271.818    278.329  0.000e+00
   55.73266 -134.47308     17.568     11.716     11.609    10.0304    31.1638  1024.0064    23.9533    10.0291     96.359    86.3963     5.5672      8.151     6.2322     8.9064    271.819    278.330  0.000e+00
   55.73266 -134.47308     17.560     11.684     11.577    10.0304    31.1638  1024.0063    23.9533    10.0291     96.357    86.3684     5.5672      8.156     6.2321     8.9062    271.813    278.324  0.000e+00
   55.73266 -134.47308     17.609     11.684     11.577    10.0307    31.1635  1024.0060    23.9530    10.0294     96.408    86.3963     5.5672      8.151     6.2353     8.9108    271.954    278.468  0.000e+00
   55.73266 -134.47308     17.577     11.651     11.545    10.0309    31.1635  1024.0058    23.9530    10.0296     96.408    86.3684     5.5672      8.156     6.2353     8.9108    271.953    278.467  0.000e+00
   55.73266 -134.47308     17.577     11.627     11.521    10.0309    31.1638  1024.0060    23.9533    10.0296     96.406    86.3963     5.5672      8.156     6.2351     8.9106    271.947    278.461  0.000e+00
   55.73266 -134.47306     17.553     11.627     11.521    10.0309    31.1632  1024.0055    23.9528    10.0297     96.402    86.3963     5.5672      8.151     6.2349     8.9103    271.938    278.451  0.000e+00
   55.73266 -134.47306     17.577     11.627     11.521    10.0309    31.1637  1024.0059    23.9532    10.0296     96.457    86.3684     5.5672      8.151     6.2385     8.9154    272.092    278.610  0.000e+00
   55.73266 -134.47306     17.521     11.595     11.489    10.0307    31.1638  1024.0058    23.9533    10.0295     96.407    86.3684     5.5672      8.151     6.2353     8.9108    271.953    278.467  0.000e+00
   55.73266 -134.47306     17.553     11.627     11.521    10.0305    31.1639  1024.0061    23.9534    10.0292     96.405    86.3963     5.5672      8.151     6.2351     8.9106    271.946    278.460  0.000e+00
   55.73266 -134.47306     17.577     11.627     11.521    10.0307    31.1631  1024.0055    23.9528    10.0294     96.454    86.3684     5.5672      8.156     6.2383     8.9152    272.085    278.603  0.000e+00
   55.73266 -134.47306     17.521     11.595     11.489    10.0307    31.1633  1024.0054    23.9529    10.0295     96.453    86.3684     5.5672      8.156     6.2382     8.9150    272.082    278.599  0.000e+00
   55.73266 -134.47306     17.521     11.570     11.465    10.0306    31.1634  1024.0054    23.9530    10.0293     96.450    86.4803     5.6258      8.151     6.2380     8.9148    272.073    278.590  0.000e+00
   55.73266 -134.47306     17.457     11.506     11.401    10.0302    31.1635  1024.0052    23.9531    10.0290     96.444    86.5642     5.7431      8.156     6.2377     8.9143    272.059    278.576  0.000e+00
   55.73266 -134.47306     17.521     11.570     11.465    10.0306    31.1627  1024.0048    23.9524    10.0293     96.444    86.5921     5.8017      8.151     6.2377     8.9143    272.059    278.576  0.000e+00
   55.73266 -134.47306     17.425     11.473     11.369    10.0304    31.1631  1024.0048    23.9528    10.0291     96.441    86.5921     5.8017      8.156     6.2375     8.9140    272.050    278.566  0.000e+00
   55.73266 -134.47306     17.457     11.506     11.401    10.0304    31.1633  1024.0051    23.9529    10.0291     96.437    86.5921     5.8017      8.156     6.2372     8.9136    272.038    278.555  0.000e+00
   55.73266 -134.47306     17.401     11.449     11.345    10.0307    31.1632  1024.0047    23.9528    10.0295     96.430    86.5921     5.8017      8.156     6.2367     8.9129    272.017    278.533  0.000e+00
   55.73266 -134.47306     17.425     11.473     11.369    10.0307    31.1633  1024.0049    23.9529    10.0295     96.422    86.5921     5.8017      8.156     6.2362     8.9122    271.996    278.511  0.000e+00
   55.73266 -134.47306     17.401     11.449     11.345    10.0304    31.1634  1024.0049    23.9530    10.0291     96.419    86.5921     5.8017      8.156     6.2361     8.9120    271.988    278.503  0.000e+00
   55.73266 -134.47306     17.337     11.384     11.281    10.0305    31.1632  1024.0045    23.9529    10.0293     96.413    86.5921     5.8017      8.151     6.2357     8.9114    271.972    278.486  0.000e+00
   55.73266 -134.47306     17.401     11.449     11.345    10.0304    31.1631  1024.0047    23.9528    10.0291     96.408    86.5921     5.8017      8.156     6.2354     8.9110    271.957    278.471  0.000e+00
   55.73266 -134.47306     17.305     11.352     11.249    10.0302    31.1631  1024.0043    23.9528    10.0290     96.399    86.5642     5.8017      8.156     6.2348     8.9101    271.932    278.446  0.000e+00
   55.73266 -134.47306     17.337     11.384     11.281    10.0304    31.1626  1024.0040    23.9524    10.0291     96.390    86.5921     5.8017      8.151     6.2342     8.9093    271.907    278.420  0.000e+00
   55.73266 -134.47306     17.281     11.328     11.225    10.0300    31.1632  1024.0043    23.9529    10.0288     96.384    86.5921     5.8017      8.156     6.2339     8.9089    271.893    278.406  0.000e+00
   55.73266 -134.47306     17.305     11.352     11.249    10.0298    31.1632  1024.0044    23.9529    10.0285     96.379    86.5921     5.8017      8.156     6.2336     8.9084    271.880    278.392  0.000e+00
   55.73266 -134.47306     17.281     11.328     11.225    10.0300    31.1630  1024.0041    23.9528    10.0288     96.372    86.5921     5.8017      8.156     6.2331     8.9077    271.857    278.369  0.000e+00
   55.73266 -134.47306     17.225     11.271     11.169    10.0299    31.1632  1024.0040    23.9530    10.0287     96.362    86.5921     5.8017      8.151     6.2325     8.9069    271.832    278.343  0.000e+00
   55.73266 -134.47306     17.281     11.328     11.225    10.0302    31.1629  1024.0040    23.9527    10.0290     96.353    86.5921     5.8017      8.151     6.2319     8.9060    271.805    278.315  0.000e+00
   55.73266 -134.47306     32.831     11.174     11.073    10.0299    31.1631  1024.0035    23.9528    10.0287     96.340    86.5921     5.8017      8.156     6.2311     8.9048    271.770    278.280  0.000e+00
   55.73266 -134.47306     89.835     11.207     11.105    10.0297    31.1632  1024.0037    23.9529    10.0285     96.328    86.5642     5.8017      8.156     6.2303     8.9038    271.737    278.246  0.000e+00
   55.73266 -134.47306    111.105     11.207     11.105    10.0299    31.1630  1024.0036    23.9528    10.0287     96.321    86.5642     5.8017      8.156     6.2298     8.9031    271.716    278.225  0.000e+00
   55.73266 -134.47306    111.073     11.174     11.073    10.0297    31.1632  1024.0036    23.9530    10.0285     96.313    86.5082     5.8017      8.156     6.2293     8.9023    271.693    278.201  0.000e+00
