EcoFOCI/data/1_SampleCollection/2022_GOA-OA_CruiseData/CTD_raw_BottleFile_RC0083/RC0083_074.cnv
* Sea-Bird SBE 9 Data File:
* FileName = C:\Data\RC0083ctd\RC0083_074.hex
* Software Version Seasave V 7.26.7.107
* Temperature SN = 2060
* Conductivity SN = 1084
* Number of Bytes Per Scan = 31
* Number of Voltage Words = 4
* Number of Scans Averaged by the Deck Unit = 1
* NMEA Latitude = 58 34.16 N
* NMEA Longitude = 136 04.02 W
* NMEA UTC (Time) = Aug 21 2022  02:40:00
* NMEA baud rate = 4800
** Ship: R/V Rachel Carson
** Cruise ID: RC0083
** Tech: McHugh/Nomura
** Chief Scientist: Cross
** Station: GB03
** Cast:  CTD074
# nquan = 19
# nvalues = 7809                                  
# units = specified
# name 0 = latitude: Latitude [deg]
# name 1 = longitude: Longitude [deg]
# name 2 = sfdSM: Seafloor depth [salt water, m]
# name 3 = prDM: Pressure, Digiquartz [db]
# name 4 = depSM: Depth [salt water, m]
# name 5 = t090C: Temperature [ITS-90, deg C]
# name 6 = sal00: Salinity, Practical [PSU]
# name 7 = density00: Density [density, kg/m^3]
# name 8 = sigma-é00: Density [sigma-theta, kg/m^3]
# name 9 = potemp090C: Potential Temperature [ITS-90, deg C]
# name 10 = sbeox0PS: Oxygen, SBE 43 [% saturation]
# name 11 = CStarTr0: Beam Transmission, WET Labs C-Star [%]
# name 12 = flECO-AFL: Fluorescence, WET Labs ECO-AFL/FL [mg/m^3]
# name 13 = ph: pH
# name 14 = sbeox0ML/L: Oxygen, SBE 43 [ml/l]
# name 15 = sbeox0Mg/L: Oxygen, SBE 43 [mg/l]
# name 16 = sbox0Mm/Kg: Oxygen, SBE 43 [umol/kg]
# name 17 = sbeox0Mm/L: Oxygen, SBE 43 [umol/l]
# name 18 = flag:  0.000e+00
# span 0 =   58.56856,   58.56934                 
# span 1 = -136.06706, -136.06660                 
# span 2 =      6.134,    130.548                 
# span 3 =      3.365,     98.741                 
# span 4 =      3.333,     97.798                 
# span 5 =     7.2808,     9.7470                 
# span 6 =    21.5461,    30.5382                 
# span 7 =  1016.5269,  1024.3009                 
# span 8 =    16.5102,    23.8478                 
# span 9 =     7.2721,     9.7466                 
# span 10 =     62.710,    127.095                
# span 11 =    35.9683,    88.1584                
# span 12 =     0.1753,    14.7980                
# span 13 =      7.921,      8.486                
# span 14 =     4.2934,     8.7805                
# span 15 =     6.1357,    12.5482                
# span 16 =    187.289,    385.614                
# span 17 =    191.744,    392.136                
# span 18 = 0.0000e+00, 0.0000e+00                
# interval = seconds: 0.0416667
# start_time = Aug 21 2022 02:40:00 [NMEA time, header]
# bad_flag = -9.990e-29
*END*
[from data line 1981]
   58.56890 -136.06684    115.633     30.005     29.723     7.9318    30.0891  1023.5672    23.4295     7.9291     67.549    87.5990     0.5856      7.949     4.6102     6.5885    201.180    205.894  0.000e+00
   58.56890 -136.06684    115.665     30.062     29.779     7.9315    30.0898  1023.5680    23.4301     7.9287     67.523    87.5990     0.5856      7.949     4.6085     6.5860    201.104    205.816  0.000e+00
   58.56890 -136.06684    115.689     30.062     29.779     7.9310    30.0912  1023.5691    23.4312     7.9282     67.439    87.5990     0.5856      7.949     4.6028     6.5778    200.853    205.559  0.000e+00
   58.56890 -136.06684    101.499     30.183     29.900     7.9304    30.0935  1023.5716    23.4331     7.9276     67.415    87.5990     0.5856      7.949     4.6011     6.5755    200.781    205.486  0.000e+00
   58.56890 -136.06684     68.329     30.126     29.844     7.9297    30.0959  1023.5734    23.4352     7.9270     67.324    87.5710     0.5856      7.949     4.5949     6.5666    200.510    205.209  0.000e+00
   58.56890 -136.06684     57.396     30.183     29.900     7.9286    30.0983  1023.5757    23.4372     7.9258     67.294    87.5990     0.5856      7.949     4.5929     6.5637    200.422    205.119  0.000e+00
   58.56890 -136.06684     57.705     30.247     29.964     7.9287    30.0975  1023.5753    23.4365     7.9260     67.213    87.5990     0.5856      7.949     4.5874     6.5558    200.180    204.872  0.000e+00
   58.56890 -136.06684     59.072     30.247     29.964     7.9294    30.0953  1023.5735    23.4347     7.9266     67.177    87.5990     0.5856      7.949     4.5849     6.5523    200.073    204.762  0.000e+00
   58.56890 -136.06684     59.487     30.247     29.964     7.9291    30.0974  1023.5752    23.4364     7.9263     67.097    87.5710     0.5856      7.949     4.5794     6.5445    199.834    204.518  0.000e+00
   58.56890 -136.06684     59.479     30.264     29.980     7.9276    30.1028  1023.5797    23.4408     7.9248     67.016    87.5990     0.5856      7.949     4.5739     6.5365    199.591    204.269  0.000e+00
   58.56890 -136.06684     59.526     30.361     30.076     7.9262    30.1080  1023.5844    23.4451     7.9234     66.989    87.5990     0.5856      7.949     4.5720     6.5339    199.509    204.186  0.000e+00
   58.56890 -136.06684     59.502     30.361     30.076     7.9249    30.1105  1023.5865    23.4473     7.9221     66.966    87.5990     0.5856      7.949     4.5705     6.5317    199.443    204.119  0.000e+00
   58.56890 -136.06684     59.526     30.361     30.076     7.9245    30.1112  1023.5871    23.4479     7.9217     66.948    87.5990     0.5856      7.949     4.5693     6.5300    199.391    204.067  0.000e+00
   58.56890 -136.06684     59.590     30.425     30.140     7.9245    30.1114  1023.5876    23.4480     7.9217     66.874    87.5990     0.5856      7.949     4.5643     6.5228    199.169    203.839  0.000e+00
   58.56890 -136.06684     59.622     30.482     30.196     7.9240    30.1131  1023.5892    23.4494     7.9212     66.798    87.5990     0.5856      7.949     4.5591     6.5154    198.943    203.608  0.000e+00
   58.56890 -136.06684     59.646     30.482     30.196     7.9236    30.1140  1023.5900    23.4502     7.9208     66.775    87.6270     0.5856      7.949     4.5575     6.5131    198.875    203.539  0.000e+00
   58.56890 -136.06684     59.622     30.482     30.196     7.9234    30.1141  1023.5901    23.4503     7.9205     66.702    87.6270     0.5856      7.949     4.5526     6.5061    198.660    203.318  0.000e+00
   58.56890 -136.06684     59.742     30.603     30.316     7.9239    30.1125  1023.5893    23.4489     7.9211     66.685    87.6270     0.5856      7.949     4.5514     6.5044    198.607    203.265  0.000e+00
   58.56890 -136.06684     59.646     30.482     30.196     7.9245    30.1116  1023.5880    23.4481     7.9217     66.616    87.6270     0.5856      7.949     4.5466     6.4976    198.401    203.053  0.000e+00
   58.56890 -136.06684     59.758     30.619     30.332     7.9243    30.1114  1023.5885    23.4481     7.9214     66.603    87.6270     0.5856      7.949     4.5458     6.4964    198.365    203.017  0.000e+00
   58.56890 -136.06684     59.766     30.603     30.316     7.9242    30.1118  1023.5888    23.4484     7.9214     66.596    87.6270     0.5856      7.949     4.5453     6.4957    198.343    202.994  0.000e+00
   58.56890 -136.06684     59.822     30.660     30.372     7.9238    30.1127  1023.5898    23.4491     7.9210     66.533    87.6270     0.5856      7.949     4.5410     6.4896    198.155    202.802  0.000e+00
   58.56890 -136.06684     59.798     30.660     30.372     7.9237    30.1130  1023.5901    23.4494     7.9209     66.523    87.6270     0.5856      7.949     4.5404     6.4886    198.127    202.773  0.000e+00
   58.56890 -136.06684     59.862     30.724     30.436     7.9238    30.1128  1023.5902    23.4492     7.9209     66.521    87.6270     0.5856      7.949     4.5402     6.4884    198.119    202.765  0.000e+00
   58.56890 -136.06684     62.165     30.781     30.492     7.9235    30.1130  1023.5906    23.4494     7.9207     66.469    87.6270     0.5856      7.949     4.5367     6.4834    197.966    202.608  0.000e+00
   58.56890 -136.06684    104.411     30.781     30.492     7.9234    30.1131  1023.5907    23.4495     7.9206     66.471    87.6270     0.5856      7.949     4.5368     6.4836    197.973    202.615  0.000e+00
   58.56890 -136.06684    128.782     30.781     30.492     7.9235    30.1128  1023.5905    23.4493     7.9207     66.417    87.6270     0.5856      7.949     4.5332     6.4783    197.813    202.451  0.000e+00
   58.56890 -136.06684    130.548     30.837     30.548     7.9234    30.1135  1023.5913    23.4498     7.9206     66.419    87.6270     0.5856      7.949     4.5332     6.4785    197.816    202.455  0.000e+00
   58.56890 -136.06684    130.133     30.837     30.548     7.9230    30.1161  1023.5934    23.4519     7.9202     66.371    87.6270     0.5856      7.949     4.5299     6.4737    197.671    202.307  0.000e+00
   58.56890 -136.06684    129.236     30.918     30.628     7.9222    30.1198  1023.5968    23.4549     7.9193     66.371    87.6270     0.5856      7.949     4.5299     6.4738    197.671    202.308  0.000e+00
   58.56890 -136.06684    129.122     30.902     30.612     7.9209    30.1233  1023.5996    23.4578     7.9181     66.377    87.6270     0.5856      7.949     4.5304     6.4744    197.690    202.327  0.000e+00
   58.56890 -136.06684    129.251     30.958     30.668     7.9196    30.1282  1023.6039    23.4619     7.9167     66.328    87.6270     0.5856      7.949     4.5270     6.4696    197.542    202.176  0.000e+00
   58.56890 -136.06684    129.300     30.958     30.668     7.9180    30.1341  1023.6087    23.4667     7.9151     66.333    87.6270     0.5856      7.949     4.5273     6.4700    197.555    202.191  0.000e+00
   58.56890 -136.06684    129.364     31.023     30.732     7.9171    30.1375  1023.6118    23.4695     7.9143     66.282    87.6270     0.5856      7.949     4.5239     6.4650    197.402    202.035  0.000e+00
   58.56890 -136.06684    129.420     31.080     30.788     7.9167    30.1397  1023.6139    23.4713     7.9138     66.286    87.6549     0.5856      7.949     4.5241     6.4654    197.412    202.046  0.000e+00
   58.56890 -136.06684    129.420     31.080     30.788     7.9163    30.1411  1023.6150    23.4724     7.9135     66.240    87.7109     0.5856      7.949     4.5210     6.4609    197.276    201.907  0.000e+00
   58.56890 -136.06684    129.420     31.080     30.788     7.9157    30.1422  1023.6160    23.4734     7.9129     66.242    87.7109     0.5856      7.949     4.5211     6.4612    197.283    201.914  0.000e+00
   58.56890 -136.06684     99.091     31.080     30.788     7.9155    30.1417  1023.6156    23.4730     7.9126     66.195    87.7109     0.5856      7.949     4.5180     6.4567    197.146    201.774  0.000e+00
   58.56890 -136.06684     67.538     31.201     30.908     7.9154    30.1411  1023.6157    23.4726     7.9125     66.205    87.7109     0.5562      7.949     4.5187     6.4576    197.175    201.803  0.000e+00
   58.56890 -136.06684     60.497     31.217     30.924     7.9150    30.1413  1023.6160    23.4728     7.9121     66.157    87.7109     0.5562      7.949     4.5154     6.4530    197.035    201.660  0.000e+00
   58.56890 -136.06684     61.848     31.201     30.908     7.9149    30.1418  1023.6163    23.4732     7.9120     66.164    87.7109     0.5562      7.949     4.5159     6.4537    197.056    201.682  0.000e+00
   58.56890 -136.06684     63.262     31.322     31.028     7.9147    30.1430  1023.6178    23.4741     7.9118     66.172    87.7109     0.5562      7.949     4.5164     6.4545    197.078    201.705  0.000e+00
   58.56890 -136.06684     63.443     31.257     30.964     7.9147    30.1435  1023.6180    23.4746     7.9119     66.130    87.7109     0.5562      7.949     4.5135     6.4503    196.951    201.574  0.000e+00
   58.56890 -136.06684     63.458     31.322     31.028     7.9147    30.1434  1023.6181    23.4745     7.9118     66.136    87.7109     0.5562      7.949     4.5139     6.4509    196.969    201.593  0.000e+00
   58.56890 -136.06684     63.441     31.379     31.084     7.9151    30.1428  1023.6179    23.4739     7.9122     66.093    87.7109     0.5562      7.949     4.5110     6.4467    196.841    201.462  0.000e+00
   58.56890 -136.06684     63.441     31.379     31.084     7.9157    30.1405  1023.6160    23.4720     7.9128     66.097    87.7109     0.5562      7.949     4.5113     6.4471    196.855    201.475  0.000e+00
   58.56890 -136.06684     63.441     31.379     31.084     7.9167    30.1366  1023.6128    23.4689     7.9138     66.046    87.7109     0.5562      7.949     4.5078     6.4421    196.701    201.318  0.000e+00
   58.56890 -136.06684     63.497     31.435     31.140     7.9168    30.1361  1023.6127    23.4684     7.9139     66.049    87.7109     0.5562      7.949     4.5080     6.4424    196.712    201.328  0.000e+00
   58.56890 -136.06684     63.521     31.459     31.164     7.9163    30.1382  1023.6145    23.4702     7.9134     66.059    87.7109     0.5562      7.949     4.5087     6.4433    196.739    201.357  0.000e+00
   58.56890 -136.06684     63.561     31.500     31.204     7.9158    30.1386  1023.6150    23.4705     7.9130     66.067    87.6829     0.5562      7.949     4.5093     6.4443    196.768    201.386  0.000e+00
   58.56890 -136.06684     63.561     31.500     31.204     7.9161    30.1384  1023.6149    23.4704     7.9132     66.027    87.7109     0.5562      7.949     4.5065     6.4403    196.646    201.261  0.000e+00
   58.56890 -136.06684     63.561     31.500     31.204     7.9150    30.1395  1023.6159    23.4714     7.9121     66.089    87.7109     0.5562      7.949     4.5108     6.4464    196.834    201.454  0.000e+00
   58.56890 -136.06684     63.673     31.613     31.316     7.9152    30.1397  1023.6166    23.4715     7.9123     66.054    87.7109     0.5562      7.949     4.5084     6.4430    196.729    201.347  0.000e+00
   58.56890 -136.06684     83.551     31.613     31.316     7.9154    30.1384  1023.6155    23.4704     7.9125     66.010    87.7109     0.5562      7.945     4.5055     6.4388    196.600    201.215  0.000e+00
   58.56890 -136.06684    111.243     31.613     31.316     7.9154    30.1377  1023.6150    23.4699     7.9125     65.966    87.7109     0.5562      7.949     4.5024     6.4344    196.468    201.079  0.000e+00
   58.56890 -136.06684    118.633     31.678     31.380     7.9151    30.1389  1023.6162    23.4709     7.9122     65.914    87.7389     0.5562      7.949     4.4989     6.4294    196.313    200.920  0.000e+00
   58.56890 -136.06684    117.819     31.694     31.396     7.9150    30.1395  1023.6167    23.4714     7.9121     66.026    87.7389     0.5562      7.945     4.5066     6.4403    196.648    201.263  0.000e+00
   58.56890 -136.06684    116.735     31.734     31.436     7.9147    30.1392  1023.6168    23.4712     7.9118     66.041    87.7389     0.5562      7.945     4.5076     6.4419    196.694    201.311  0.000e+00
   58.56890 -136.06684    115.993     31.799     31.500     7.9155    30.1361  1023.6145    23.4687     7.9126     66.000    87.7389     0.5562      7.945     4.5048     6.4378    196.571    201.184  0.000e+00
   58.56890 -136.06684    115.588     31.734     31.436     7.9168    30.1311  1023.6101    23.4646     7.9139     66.010    87.7389     0.5562      7.949     4.5055     6.4389    196.604    201.217  0.000e+00
   58.56890 -136.06684    115.708     31.855     31.556     7.9186    30.1263  1023.6067    23.4606     7.9157     65.973    87.7389     0.5562      7.949     4.5029     6.4352    196.492    201.102  0.000e+00
   58.56890 -136.06684    115.732     31.855     31.556     7.9184    30.1285  1023.6084    23.4623     7.9155     65.989    87.7389     0.5562      7.945     4.5040     6.4366    196.537    201.148  0.000e+00
   58.56890 -136.06684    115.812     31.912     31.612     7.9133    30.1433  1023.6210    23.4746     7.9103     66.004    87.7389     0.5562      7.949     4.5051     6.4383    196.584    201.199  0.000e+00
   58.56890 -136.06684    115.812     31.912     31.612     7.9079    30.1588  1023.6339    23.4875     7.9049     65.962    87.7389     0.5562      7.945     4.5023     6.4343    196.460    201.074  0.000e+00
   58.56890 -136.06684    115.836     31.936     31.636     7.9041    30.1691  1023.6426    23.4961     7.9011     65.974    87.7389     0.5562      7.945     4.5032     6.4356    196.497    201.114  0.000e+00
   58.56888 -136.06684    115.877     31.977     31.676     7.9004    30.1765  1023.6491    23.5024     7.8974     65.984    87.7389     0.5562      7.949     4.5041     6.4368    196.533    201.152  0.000e+00
   58.56888 -136.06684    115.877     31.977     31.676     7.8984    30.1811  1023.6530    23.5063     7.8955     65.943    87.7389     0.5562      7.945     4.5014     6.4329    196.415    201.031  0.000e+00
   58.56888 -136.06684    115.957     32.033     31.732     7.8983    30.1801  1023.6525    23.5055     7.8953     65.950    87.7389     0.5562      7.945     4.5019     6.4336    196.436    201.053  0.000e+00
   58.56888 -136.06684    116.135     32.090     31.788     7.9020    30.1693  1023.6437    23.4965     7.8991     65.961    87.7389     0.5562      7.945     4.5026     6.4346    196.468    201.084  0.000e+00
   58.56888 -136.06684    116.128     32.033     31.732     7.9053    30.1613  1023.6367    23.4898     7.9024     65.921    87.7668     0.5562      7.945     4.4998     6.4306    196.347    200.959  0.000e+00
   58.56888 -136.06684    116.184     32.090     31.788     7.9041    30.1658  1023.6407    23.4935     7.9012     65.930    87.7668     0.5562      7.945     4.5003     6.4314    196.370    200.984  0.000e+00
   58.56888 -136.06684    116.248     32.154     31.852     7.9020    30.1731  1023.6470    23.4995     7.8990     65.943    87.7389     0.5562      7.945     4.5012     6.4327    196.410    201.026  0.000e+00
   58.56888 -136.06684    116.320     32.227     31.924     7.8996    30.1794  1023.6526    23.5048     7.8966     65.962    87.7668     0.5562      7.945     4.5026     6.4347    196.468    201.086  0.000e+00
   58.56888 -136.06684    116.248     32.154     31.852     7.8966    30.1859  1023.6578    23.5103     7.8937     65.923    87.7389     0.5562      7.945     4.5000     6.4310    196.355    200.971  0.000e+00
   58.56888 -136.06684    116.368     32.275     31.972     7.8942    30.1915  1023.6631    23.5150     7.8912     65.938    87.7668     0.5562      7.945     4.5012     6.4326    196.404    201.022  0.000e+00
   58.56888 -136.06684    116.368     32.275     31.972     7.8918    30.1961  1023.6671    23.5190     7.8888     65.951    87.8228     0.5562      7.945     4.5021     6.4340    196.445    201.066  0.000e+00
