EcoFOCI/data/1_SampleCollection/2022_GOA-OA_CruiseData/CTD_raw_BottleFile_RC0083/RC0083_104.cnv
* Sea-Bird SBE 9 Data File:
* FileName = C:\Data\RC0083ctd\RC0083_104.hex
* Software Version Seasave V 7.26.7.107
* Temperature SN = 2060
* Conductivity SN = 2881
* Number of Bytes Per Scan = 31
* Number of Voltage Words = 4
* Number of Scans Averaged by the Deck Unit = 1
* NMEA Latitude = 56 27.34 N
* NMEA Longitude = 132 28.44 W
* NMEA UTC (Time) = Aug 23 2022  01:43:30
* NMEA baud rate = 4800
** Ship: R/V Rachel Carson
** Cruise ID: RC0083
** Tech: McHugh/Nomura
** Chief Scientist: Cross
** Station: WI2
** Cast:  CTD104
# nquan = 19
# nvalues = 11558                                 
# units = specified
# name 0 = latitude: Latitude [deg]
# name 1 = longitude: Longitude [deg]
# name 2 = sfdSM: Seafloor depth [salt water, m]
# name 3 = prDM: Pressure, Digiquartz [db]
# name 4 = depSM: Depth [salt water, m]
# name 5 = t090C: Temperature [ITS-90, deg C]
# name 6 = sal00: Salinity, Practical [PSU]
# name 7 = density00: Density [density, kg/m^3]
# name 8 = sigma-é00: Density [sigma-theta, kg/m^3]
# name 9 = potemp090C: Potential Temperature [ITS-90, deg C]
# name 10 = sbeox0PS: Oxygen, SBE 43 [% saturation]
# name 11 = CStarTr0: Beam Transmission, WET Labs C-Star [%]
# name 12 = flECO-AFL: Fluorescence, WET Labs ECO-AFL/FL [mg/m^3]
# name 13 = ph: pH
# name 14 = sbeox0ML/L: Oxygen, SBE 43 [ml/l]
# name 15 = sbeox0Mg/L: Oxygen, SBE 43 [mg/l]
# name 16 = sbox0Mm/Kg: Oxygen, SBE 43 [umol/kg]
# name 17 = sbeox0Mm/L: Oxygen, SBE 43 [umol/l]
# name 18 = flag:  0.000e+00
# span 0 =   56.45524,   56.45572                 
# span 1 = -132.47400, -132.47302                 
# span 2 =      5.501,    232.025                 
# span 3 =      2.802,    169.764                 
# span 4 =      2.776,    168.144                 
# span 5 =     5.8306,    12.3061                 
# span 6 =     9.7599,    33.5615                 
# span 7 =  1007.0513,  1027.2198                 
# span 8 =     7.0374,    26.4387                 
# span 9 =     5.8167,    12.3057                 
# span 10 =     19.569,     99.012                
# span 11 =     2.1538,    96.5771                
# span 12 =    -0.0591,    14.4757                
# span 13 =      7.604,      8.477                
# span 14 =     1.3691,     6.6121                
# span 15 =     1.9566,     9.4493                
# span 16 =     59.572,    292.811                
# span 17 =     61.143,    295.295                
# span 18 = 0.0000e+00, 0.0000e+00                
# interval = seconds: 0.0416667
# start_time = Aug 23 2022 01:43:30 [NMEA time, header]
# bad_flag = -9.990e-29
*END*
[from data line 7391]
   56.45548 -132.47344    180.341    127.725    126.519     6.0275    33.2690  1026.7710    26.1829     6.0169     20.766    79.1803    -0.0591      7.633     1.4503     2.0727     63.119     64.772  0.000e+00
   56.45548 -132.47344    180.341    127.725    126.519     6.0267    33.2696  1026.7715    26.1834     6.0161     20.775    79.1244    -0.0298      7.633     1.4510     2.0736     63.147     64.800  0.000e+00
   56.45548 -132.47344    180.221    127.604    126.399     6.0259    33.2712  1026.7723    26.1848     6.0153     20.777    79.1524    -0.0298      7.633     1.4511     2.0738     63.154     64.808  0.000e+00
   56.45548 -132.47344    180.277    127.661    126.455     6.0246    33.2729  1026.7741    26.1863     6.0140     20.781    79.1524    -0.0298      7.633     1.4514     2.0742     63.166     64.820  0.000e+00
   56.45548 -132.47344    180.221    127.604    126.399     6.0228    33.2747  1026.7754    26.1879     6.0123     20.784    79.1524    -0.0591      7.633     1.4517     2.0746     63.178     64.833  0.000e+00
   56.45548 -132.47344    180.221    127.604    126.399     6.0210    33.2768  1026.7774    26.1898     6.0104     20.782    79.1524    -0.0591      7.633     1.4516     2.0744     63.172     64.826  0.000e+00
   56.45548 -132.47344    180.165    127.547    126.343     6.0189    33.2794  1026.7794    26.1921     6.0084     20.779    79.1524    -0.0591      7.633     1.4514     2.0742     63.166     64.820  0.000e+00
   56.45548 -132.47344    180.100    127.483    126.279     6.0182    33.2801  1026.7798    26.1928     6.0076     20.777    79.1524    -0.0591      7.633     1.4513     2.0740     63.159     64.813  0.000e+00
   56.45548 -132.47344    180.100    127.483    126.279     6.0179    33.2814  1026.7808    26.1938     6.0073     20.840    79.1524    -0.0591      7.633     1.4557     2.0803     63.351     65.010  0.000e+00
   56.45548 -132.47344    179.924    127.305    126.102     6.0179    33.2822  1026.7806    26.1944     6.0073     20.793    79.1524    -0.0298      7.633     1.4524     2.0757     63.210     64.866  0.000e+00
   56.45548 -132.47344    180.294    127.604    126.399     6.0174    33.2833  1026.7829    26.1954     6.0068     20.807    79.1524    -0.0298      7.633     1.4534     2.0771     63.253     64.909  0.000e+00
   56.45548 -132.47344    180.249    127.361    126.159     6.0172    33.2840  1026.7824    26.1959     6.0067     20.814    79.1524    -0.0591      7.633     1.4538     2.0777     63.271     64.929  0.000e+00
   56.45548 -132.47344    180.298    127.361    126.159     6.0161    33.2857  1026.7838    26.1974     6.0055     20.872    79.1524    -0.0591      7.633     1.4579     2.0835     63.449     65.111  0.000e+00
   56.45548 -132.47344    180.242    127.305    126.102     6.0156    33.2863  1026.7842    26.1980     6.0051     20.821    79.1524    -0.0591      7.633     1.4544     2.0785     63.295     64.953  0.000e+00
   56.45548 -132.47344    180.242    127.305    126.102     6.0159    33.2862  1026.7841    26.1979     6.0054     20.821    79.1524    -0.0591      7.628     1.4544     2.0785     63.296     64.954  0.000e+00
   56.45548 -132.47344    180.283    127.248    126.046     6.0171    33.2853  1026.7829    26.1970     6.0065     20.822    79.1524    -0.0591      7.633     1.4544     2.0785     63.297     64.955  0.000e+00
   56.45548 -132.47344    180.413    127.256    126.054     6.0175    33.2851  1026.7827    26.1968     6.0070     20.881    79.1524    -0.0298      7.633     1.4585     2.0844     63.476     65.138  0.000e+00
   56.45548 -132.47344    180.334    127.127    125.926     6.0189    33.2840  1026.7811    26.1957     6.0084     20.889    79.1524    -0.0298      7.633     1.4590     2.0851     63.497     65.160  0.000e+00
   56.45548 -132.47344    180.454    127.248    126.046     6.0195    33.2839  1026.7815    26.1956     6.0089     20.897    79.1524    -0.0298      7.633     1.4596     2.0859     63.521     65.185  0.000e+00
   56.45548 -132.47344    180.334    127.127    125.926     6.0194    33.2843  1026.7813    26.1959     6.0088     20.905    79.2643    -0.0591      7.633     1.4601     2.0867     63.545     65.209  0.000e+00
   56.45548 -132.47344    180.334    127.127    125.926     6.0188    33.2847  1026.7817    26.1963     6.0083     20.913    79.4600    -0.0591      7.633     1.4607     2.0875     63.569     65.235  0.000e+00
   56.45548 -132.47344    180.270    127.062    125.862     6.0180    33.2847  1026.7815    26.1964     6.0075     20.920    79.5439    -0.0591      7.633     1.4613     2.0883     63.594     65.260  0.000e+00
   56.45548 -132.47344    180.214    127.005    125.806     6.0172    33.2854  1026.7819    26.1971     6.0067     20.921    79.5439    -0.0591      7.633     1.4613     2.0884     63.598     65.264  0.000e+00
   56.45548 -132.47344    180.214    127.005    125.806     6.0153    33.2867  1026.7832    26.1983     6.0047     20.878    79.5439    -0.0591      7.633     1.4584     2.0842     63.469     65.132  0.000e+00
   56.45548 -132.47344    180.270    127.062    125.862     6.0138    33.2885  1026.7850    26.2000     6.0033     20.938    79.5439    -0.0298      7.633     1.4626     2.0902     63.652     65.319  0.000e+00
   56.45548 -132.47344    180.094    126.884    125.686     6.0132    33.2891  1026.7848    26.2005     6.0027     20.938    79.5439    -0.0298      7.633     1.4627     2.0903     63.654     65.322  0.000e+00
   56.45548 -132.47344    180.094    126.884    125.686     6.0130    33.2896  1026.7852    26.2009     6.0025     20.939    79.5439    -0.0591      7.633     1.4627     2.0904     63.657     65.325  0.000e+00
   56.45548 -132.47344    180.094    126.884    125.686     6.0129    33.2896  1026.7851    26.2009     6.0024     20.947    79.5439    -0.0298      7.633     1.4633     2.0911     63.681     65.349  0.000e+00
   56.45548 -132.47344    180.037    126.827    125.630     6.0127    33.2903  1026.7854    26.2014     6.0022     20.947    79.5439    -0.0591      7.633     1.4633     2.0912     63.682     65.350  0.000e+00
   56.45548 -132.47344    180.037    126.827    125.630     6.0127    33.2910  1026.7860    26.2020     6.0022     20.948    79.5160    -0.0591      7.633     1.4633     2.0912     63.682     65.351  0.000e+00
   56.45548 -132.47344    179.981    126.771    125.574     6.0124    33.2914  1026.7861    26.2024     6.0019     21.005    79.5439    -0.0591      7.633     1.4673     2.0970     63.858     65.531  0.000e+00
   56.45548 -132.47344    203.043    126.706    125.509     6.0122    33.2924  1026.7866    26.2032     6.0017     20.961    79.5439    -0.0298      7.633     1.4642     2.0925     63.722     65.392  0.000e+00
   56.45548 -132.47344    222.335    126.706    125.509     6.0132    33.2917  1026.7859    26.2025     6.0027     21.018    79.5439    -0.0298      7.633     1.4682     2.0982     63.895     65.569  0.000e+00
   56.45548 -132.47344    225.574    126.771    125.574     6.0151    33.2901  1026.7847    26.2010     6.0046     20.966    79.5439    -0.0298      7.633     1.4645     2.0929     63.735     65.404  0.000e+00
   56.45548 -132.47344    224.948    126.706    125.509     6.0171    33.2883  1026.7828    26.1994     6.0066     21.022    79.5160    -0.0591      7.633     1.4684     2.0984     63.903     65.577  0.000e+00
   56.45548 -132.47344    224.071    126.584    125.389     6.0178    33.2873  1026.7813    26.1984     6.0073     21.034    79.5439    -0.0591      7.633     1.4692     2.0996     63.938     65.613  0.000e+00
   56.45548 -132.47344    223.924    126.584    125.389     6.0182    33.2864  1026.7806    26.1977     6.0077     21.038    79.5439    -0.0591      7.633     1.4695     2.1000     63.951     65.627  0.000e+00
   56.45548 -132.47342    223.981    126.593    125.397     6.0183    33.2860  1026.7803    26.1974     6.0078     20.991    79.5160    -0.0591      7.633     1.4662     2.0954     63.809     65.481  0.000e+00
   56.45548 -132.47342    223.941    126.528    125.333     6.0188    33.2843  1026.7786    26.1960     6.0083     20.995    79.5160    -0.0591      7.633     1.4665     2.0958     63.822     65.494  0.000e+00
   56.45548 -132.47342    224.022    126.584    125.389     6.0196    33.2832  1026.7779    26.1950     6.0091     21.000    79.5439    -0.0298      7.633     1.4668     2.0962     63.834     65.506  0.000e+00
   56.45548 -132.47342    223.789    126.350    125.157     6.0209    33.2819  1026.7756    26.1938     6.0104     21.003    79.5439    -0.0298      7.633     1.4670     2.0965     63.844     65.516  0.000e+00
   56.45548 -132.47342    223.910    126.471    125.277     6.0226    33.2799  1026.7744    26.1920     6.0121     21.008    79.5439    -0.0591      7.633     1.4673     2.0969     63.856     65.528  0.000e+00
   56.45548 -132.47342    223.821    126.406    125.213     6.0246    33.2776  1026.7720    26.1900     6.0142     21.012    79.5439    -0.0591      7.633     1.4675     2.0972     63.866     65.539  0.000e+00
   56.45548 -132.47342    223.845    126.406    125.213     6.0265    33.2760  1026.7705    26.1884     6.0160     21.009    79.5439    -0.0591      7.633     1.4672     2.0968     63.855     65.527  0.000e+00
   56.45548 -132.47342    203.554    126.285    125.093     6.0281    33.2738  1026.7680    26.1865     6.0176     21.005    79.5439    -0.0591      7.633     1.4670     2.0964     63.843     65.515  0.000e+00
   56.45548 -132.47342    183.774    126.285    125.093     6.0297    33.2720  1026.7664    26.1849     6.0192     21.002    79.5439    -0.0591      7.633     1.4667     2.0960     63.831     65.502  0.000e+00
   56.45548 -132.47342    179.518    126.228    125.037     6.0311    33.2698  1026.7642    26.1830     6.0207     21.056    79.5439    -0.0298      7.633     1.4704     2.1014     63.993     65.669  0.000e+00
   56.45548 -132.47342    180.477    126.285    125.093     6.0322    33.2676  1026.7626    26.1811     6.0217     21.058    79.5439    -0.0298      7.633     1.4706     2.1016     64.001     65.677  0.000e+00
   56.45548 -132.47342    181.283    126.285    125.093     6.0332    33.2654  1026.7607    26.1792     6.0228     21.067    79.5439    -0.0298      7.633     1.4712     2.1025     64.028     65.704  0.000e+00
   56.45548 -132.47342    181.082    126.107    124.916     6.0336    33.2642  1026.7589    26.1782     6.0231     21.069    79.5439    -0.0591      7.633     1.4713     2.1026     64.032     65.708  0.000e+00
   56.45548 -132.47342    181.025    126.172    124.981     6.0335    33.2635  1026.7586    26.1777     6.0230     21.070    79.5439    -0.0591      7.633     1.4714     2.1028     64.036     65.712  0.000e+00
   56.45548 -132.47342    180.912    126.107    124.916     6.0329    33.2634  1026.7583    26.1777     6.0225     21.070    79.5439    -0.0298      7.633     1.4714     2.1028     64.038     65.715  0.000e+00
   56.45548 -132.47342    180.912    126.107    124.916     6.0323    33.2633  1026.7584    26.1777     6.0218     21.070    79.5439    -0.0005      7.633     1.4715     2.1029     64.039     65.716  0.000e+00
   56.45548 -132.47342    180.791    125.986    124.796     6.0318    33.2634  1026.7579    26.1779     6.0213     21.070    79.5439     0.0288      7.633     1.4714     2.1028     64.037     65.714  0.000e+00
   56.45548 -132.47342    181.034    126.107    124.916     6.0326    33.2628  1026.7579    26.1773     6.0221     21.069    79.5439     0.0288      7.633     1.4713     2.1027     64.034     65.710  0.000e+00
   56.45548 -132.47342    180.906    125.929    124.740     6.0329    33.2626  1026.7569    26.1771     6.0225     21.066    79.5439     0.0288      7.633     1.4712     2.1025     64.027     65.703  0.000e+00
   56.45548 -132.47342    180.906    125.929    124.740     6.0328    33.2627  1026.7570    26.1772     6.0224     21.122    79.5439    -0.0005      7.633     1.4751     2.1080     64.196     65.876  0.000e+00
   56.45548 -132.47342    180.906    125.929    124.740     6.0323    33.2630  1026.7573    26.1775     6.0219     21.133    79.5439    -0.0005      7.633     1.4758     2.1091     64.229     65.911  0.000e+00
   56.45548 -132.47342    180.850    125.872    124.684     6.0320    33.2632  1026.7573    26.1777     6.0216     21.078    79.5439    -0.0005      7.633     1.4720     2.1037     64.063     65.740  0.000e+00
   56.45548 -132.47342    180.850    125.872    124.684     6.0323    33.2626  1026.7567    26.1772     6.0219     21.074    79.5719    -0.0005      7.633     1.4717     2.1032     64.050     65.726  0.000e+00
   56.45548 -132.47342    180.786    125.808    124.620     6.0337    33.2612  1026.7552    26.1759     6.0232     21.126    79.8236    -0.0005      7.633     1.4754     2.1084     64.209     65.889  0.000e+00
   56.45548 -132.47342    180.730    125.751    124.564     6.0349    33.2603  1026.7541    26.1750     6.0245     21.134    80.0194     0.0288      7.633     1.4759     2.1092     64.232     65.913  0.000e+00
   56.45548 -132.47342    180.666    125.686    124.500     6.0357    33.2595  1026.7530    26.1742     6.0253     21.135    80.0194     0.0288      7.633     1.4759     2.1092     64.232     65.913  0.000e+00
   56.45548 -132.47342    180.688    125.808    124.620     6.0370    33.2583  1026.7524    26.1731     6.0266     21.135    79.9914    -0.0005      7.633     1.4759     2.1091     64.231     65.912  0.000e+00
   56.45548 -132.47342    180.397    125.686    124.500     6.0381    33.2571  1026.7508    26.1721     6.0276     21.133    79.9914    -0.0005      7.633     1.4757     2.1090     64.225     65.906  0.000e+00
   56.45548 -132.47342    180.317    125.630    124.444     6.0389    33.2555  1026.7492    26.1707     6.0285     21.138    79.9914    -0.0005      7.633     1.4760     2.1094     64.239     65.920  0.000e+00
   56.45548 -132.47342    180.317    125.630    124.444     6.0399    33.2541  1026.7479    26.1695     6.0295     21.200    79.9914    -0.0005      7.633     1.4804     2.1156     64.428     66.114  0.000e+00
   56.45548 -132.47342    180.261    125.573    124.388     6.0400    33.2536  1026.7472    26.1691     6.0296     21.211    79.9914    -0.0005      7.633     1.4811     2.1166     64.459     66.146  0.000e+00
   56.45548 -132.47342    180.343    125.508    124.323     6.0399    33.2529  1026.7465    26.1686     6.0295     21.162    79.9914     0.0288      7.633     1.4777     2.1118     64.313     65.996  0.000e+00
   56.45548 -132.47342    180.490    125.508    124.323     6.0399    33.2524  1026.7461    26.1682     6.0295     21.223    79.9914     0.0288      7.633     1.4819     2.1178     64.496     66.184  0.000e+00
   56.45548 -132.47342    180.578    125.573    124.388     6.0397    33.2521  1026.7462    26.1680     6.0293     21.173    79.9914     0.0288      7.633     1.4785     2.1129     64.346     66.030  0.000e+00
   56.45548 -132.47342    180.458    125.452    124.267     6.0389    33.2528  1026.7462    26.1686     6.0285     21.232    79.9914    -0.0005      7.633     1.4826     2.1188     64.525     66.213  0.000e+00
   56.45548 -132.47342    180.410    125.403    124.219     6.0381    33.2532  1026.7464    26.1690     6.0277     21.231    79.9914    -0.0005      7.633     1.4826     2.1188     64.524     66.213  0.000e+00
   56.45548 -132.47342    180.394    125.387    124.203     6.0378    33.2534  1026.7465    26.1692     6.0274     21.237    79.9914    -0.0591      7.633     1.4830     2.1194     64.542     66.231  0.000e+00
   56.45548 -132.47342    180.394    125.387    124.203     6.0373    33.2542  1026.7472    26.1699     6.0269     21.184    79.9914    -0.0591      7.633     1.4793     2.1141     64.381     66.066  0.000e+00
