EcoFOCI/data/1_SampleCollection/2022_GOA-OA_CruiseData/CTD_raw_BottleFile_RC0083/RC0083_131.ros
* Sea-Bird SBE 9 Data File:
* FileName = C:\Data\RC0083ctd\RC0083_131.hex
* Software Version Seasave V 7.26.7.107
* Temperature SN = 2060
* Conductivity SN = 2881
* Number of Bytes Per Scan = 31
* Number of Voltage Words = 4
* Number of Scans Averaged by the Deck Unit = 1
* NMEA Latitude = 57 36.64 N
* NMEA Longitude = 134 45.44 W
* NMEA UTC (Time) = Aug 24 2022  11:30:11
* NMEA baud rate = 4800
** Ship: R/V Rachel Carson
** Cruise ID: RC0083
** Tech: McHugh/Nomura
** Chief Scientist: Cross
** Station: MCS4
** Cast:  CTD131
# nquan = 21
# nvalues = 441                                   
# units = specified
# name 0 = latitude: Latitude [deg]
# name 1 = longitude: Longitude [deg]
# name 2 = sfdSM: Seafloor depth [salt water, m]
# name 3 = prDM: Pressure, Digiquartz [db]
# name 4 = depSM: Depth [salt water, m]
# name 5 = t090C: Temperature [ITS-90, deg C]
# name 6 = sal00: Salinity, Practical [PSU]
# name 7 = density00: Density [density, kg/m^3]
# name 8 = sigma-é00: Density [sigma-theta, kg/m^3]
# name 9 = potemp090C: Potential Temperature [ITS-90, deg C]
# name 10 = sbeox0PS: Oxygen, SBE 43 [% saturation]
# name 11 = CStarTr0: Beam Transmission, WET Labs C-Star [%]
# name 12 = flECO-AFL: Fluorescence, WET Labs ECO-AFL/FL [mg/m^3]
# name 13 = ph: pH
# name 14 = sbeox0ML/L: Oxygen, SBE 43 [ml/l]
# name 15 = sbeox0Mg/L: Oxygen, SBE 43 [mg/l]
# name 16 = sbox0Mm/Kg: Oxygen, SBE 43 [umol/kg]
# name 17 = sbeox0Mm/L: Oxygen, SBE 43 [umol/l]
# name 18 = scan: Scan Count
# name 19 = nbf: Bottles Fired
# name 20 = flag:  0.000e+00
# interval = seconds: 0.0416667
# start_time = Aug 24 2022 11:30:11 [NMEA time, header]
# bad_flag = -9.990e-29
*END*
[from data line 276]
   57.61140 -134.75532    174.364     76.551     75.830     6.0814    32.5069  1025.9268    25.5738     6.0751     39.550   104.9678    -0.0005      7.787     2.7727     3.9625    120.743    123.830      46112          6  0.000e+00
   57.61140 -134.75532    174.284     76.494     75.774     6.0816    32.5069  1025.9265    25.5737     6.0754     39.494   104.9678    -0.0005      7.787     2.7688     3.9568    120.569    123.652      46113          6  0.000e+00
   57.61140 -134.75532    174.284     76.494     75.774     6.0816    32.5065  1025.9262    25.5734     6.0754     39.546   104.9398    -0.0005      7.787     2.7724     3.9620    120.727    123.815      46114          6  0.000e+00
   57.61140 -134.75532    174.308     76.494     75.774     6.0820    32.5064  1025.9261    25.5733     6.0758     39.546   104.9678    -0.0005      7.792     2.7724     3.9621    120.729    123.816      46115          6  0.000e+00
   57.61140 -134.75532    174.364     76.551     75.830     6.0818    32.5073  1025.9271    25.5741     6.0755     39.547   104.9678    -0.0005      7.787     2.7725     3.9622    120.731    123.819      46116          6  0.000e+00
   57.61140 -134.75532    174.284     76.494     75.774     6.0818    32.5074  1025.9269    25.5741     6.0755     39.554   104.9678    -0.0005      7.787     2.7730     3.9628    120.753    123.841      46117          6  0.000e+00
   57.61140 -134.75532    174.284     76.494     75.774     6.0820    32.5065  1025.9262    25.5734     6.0758     39.504   104.9678    -0.0005      7.787     2.7695     3.9578    120.600    123.684      46118          6  0.000e+00
   57.61140 -134.75532    174.364     76.551     75.830     6.0815    32.5065  1025.9265    25.5735     6.0752     39.498   104.9678    -0.0005      7.787     2.7691     3.9573    120.583    123.667      46119          6  0.000e+00
   57.61140 -134.75532    174.364     76.551     75.830     6.0805    32.5071  1025.9271    25.5740     6.0742     39.492   104.9678    -0.0005      7.787     2.7687     3.9568    120.567    123.651      46120          6  0.000e+00
   57.61140 -134.75532    174.308     76.494     75.774     6.0796    32.5073  1025.9271    25.5743     6.0733     39.543   104.9678    -0.0005      7.787     2.7723     3.9620    120.726    123.813      46121          6  0.000e+00
   57.61140 -134.75532    174.252     76.438     75.718     6.0788    32.5080  1025.9275    25.5750     6.0725     39.486   104.9678    -0.0005      7.787     2.7684     3.9563    120.552    123.635      46122          6  0.000e+00
   57.61140 -134.75532    174.388     76.599     75.878     6.0786    32.5082  1025.9284    25.5751     6.0724     39.487   104.9678    -0.0005      7.787     2.7685     3.9564    120.557    123.640      46123          6  0.000e+00
   57.61140 -134.75532    174.365     76.551     75.830     6.0783    32.5078  1025.9279    25.5749     6.0720     39.538   104.9678    -0.0005      7.787     2.7721     3.9616    120.714    123.801      46124          6  0.000e+00
   57.61140 -134.75532    174.365     76.551     75.830     6.0784    32.5079  1025.9280    25.5749     6.0721     39.481   104.9678    -0.0005      7.787     2.7681     3.9558    120.539    123.622      46125          6  0.000e+00
   57.61140 -134.75532    174.309     76.494     75.774     6.0788    32.5075  1025.9274    25.5746     6.0725     39.532   104.9678    -0.0005      7.787     2.7716     3.9609    120.693    123.780      46126          6  0.000e+00
   57.61140 -134.75532    174.365     76.551     75.830     6.0783    32.5073  1025.9276    25.5745     6.0720     39.532   104.9398    -0.0005      7.787     2.7717     3.9610    120.696    123.782      46127          6  0.000e+00
   57.61140 -134.75532    174.340     76.551     75.830     6.0783    32.5072  1025.9275    25.5744     6.0720     39.532   104.9678    -0.0005      7.787     2.7716     3.9610    120.695    123.782      46128          6  0.000e+00
   57.61140 -134.75532    174.284     76.494     75.774     6.0784    32.5069  1025.9269    25.5742     6.0722     39.531   104.9678    -0.0005      7.787     2.7716     3.9609    120.692    123.779      46129          6  0.000e+00
   57.61142 -134.75540    148.799     50.739     50.264     6.2375    31.6789  1025.1351    24.9009     6.2334     53.002   104.1287    -0.0005      7.868     3.7226     5.3199    162.211    166.250      48259          7  0.000e+00
   57.61142 -134.75540    148.718     50.682     50.208     6.2360    31.6800  1025.1359    24.9020     6.2319     52.998   104.1567    -0.0005      7.868     3.7224     5.3197    162.203    166.242      48260          7  0.000e+00
   57.61142 -134.75540    148.855     50.795     50.320     6.2351    31.6800  1025.1365    24.9021     6.2309     53.001   104.1567    -0.0005      7.868     3.7227     5.3202    162.218    166.258      48261          7  0.000e+00
   57.61142 -134.75540    148.831     50.795     50.320     6.2358    31.6796  1025.1361    24.9017     6.2317     53.004   104.1567    -0.0005      7.868     3.7229     5.3204    162.224    166.264      48262          7  0.000e+00
   57.61142 -134.75540    148.799     50.739     50.264     6.2364    31.6793  1025.1355    24.9014     6.2322     53.006   104.1567    -0.0005      7.868     3.7230     5.3205    162.229    166.269      48263          7  0.000e+00
   57.61142 -134.75540    148.831     50.796     50.320     6.2362    31.6795  1025.1360    24.9015     6.2320     53.010   104.1567    -0.0005      7.868     3.7232     5.3209    162.239    166.279      48264          7  0.000e+00
   57.61142 -134.75540    148.855     50.796     50.320     6.2364    31.6794  1025.1359    24.9014     6.2323     53.012   104.1567    -0.0005      7.868     3.7234     5.3211    162.247    166.287      48265          7  0.000e+00
   57.61142 -134.75540    148.743     50.682     50.208     6.2360    31.6792  1025.1352    24.9013     6.2319     53.007   104.1567    -0.0005      7.868     3.7231     5.3207    162.234    166.274      48266          7  0.000e+00
   57.61142 -134.75540    148.855     50.796     50.320     6.2364    31.6788  1025.1354    24.9010     6.2322     53.004   104.1567    -0.0005      7.868     3.7228     5.3203    162.222    166.261      48267          7  0.000e+00
   57.61142 -134.75540    148.855     50.796     50.320     6.2364    31.6786  1025.1353    24.9008     6.2323     52.999   104.1567    -0.0005      7.868     3.7225     5.3198    162.207    166.246      48268          7  0.000e+00
   57.61142 -134.75540    148.831     50.796     50.320     6.2367    31.6791  1025.1356    24.9011     6.2325     52.994   104.1567    -0.0005      7.868     3.7221     5.3193    162.191    166.229      48269          7  0.000e+00
   57.61142 -134.75540    148.799     50.739     50.264     6.2364    31.6789  1025.1352    24.9010     6.2323     52.995   104.1567    -0.0005      7.868     3.7222     5.3194    162.196    166.234      48270          7  0.000e+00
   57.61142 -134.75540    148.855     50.796     50.320     6.2367    31.6781  1025.1348    24.9004     6.2325     52.997   104.1567    -0.0005      7.868     3.7224     5.3196    162.202    166.241      48271          7  0.000e+00
   57.61142 -134.75540    148.775     50.739     50.264     6.2349    31.6792  1025.1356    24.9014     6.2308     52.942   104.1567    -0.0005      7.868     3.7186     5.3142    162.037    166.072      48272          7  0.000e+00
   57.61142 -134.75540    148.887     50.852     50.376     6.2332    31.6796  1025.1367    24.9020     6.2291     52.931   104.1567    -0.0005      7.868     3.7180     5.3134    162.011    166.045      48273          7  0.000e+00
   57.61142 -134.75540    148.799     50.739     50.264     6.2325    31.6800  1025.1366    24.9024     6.2284     52.919   104.2126    -0.0005      7.868     3.7172     5.3122    161.976    166.009      48274          7  0.000e+00
   57.61142 -134.75540    148.855     50.796     50.320     6.2322    31.6798  1025.1367    24.9022     6.2281     52.965   104.2685    -0.0005      7.868     3.7204     5.3169    162.118    166.155      48275          7  0.000e+00
   57.61142 -134.75540    148.831     50.796     50.320     6.2306    31.6811  1025.1380    24.9035     6.2265     52.967   104.2685    -0.0005      7.868     3.7207     5.3172    162.128    166.165      48276          7  0.000e+00
   57.61142 -134.75540    148.855     50.796     50.320     6.2304    31.6805  1025.1375    24.9031     6.2263     52.962   104.2406    -0.0298      7.868     3.7203     5.3167    162.113    166.151      48277          7  0.000e+00
   57.61142 -134.75540    148.831     50.796     50.320     6.2303    31.6807  1025.1376    24.9032     6.2261     52.956   104.2406    -0.0298      7.868     3.7200     5.3162    162.097    166.134      48278          7  0.000e+00
   57.61142 -134.75540    148.831     50.796     50.321     6.2310    31.6807  1025.1376    24.9031     6.2269     52.950   104.2406    -0.0298      7.868     3.7195     5.3155    162.076    166.112      48279          7  0.000e+00
   57.61142 -134.75540    148.799     50.739     50.264     6.2328    31.6801  1025.1366    24.9024     6.2287     52.944   104.2406    -0.0298      7.868     3.7189     5.3146    162.050    166.085      48280          7  0.000e+00
   57.61142 -134.75540    148.911     50.852     50.377     6.2340    31.6795  1025.1365    24.9018     6.2299     52.938   104.2406    -0.0298      7.868     3.7184     5.3140    162.029    166.063      48281          7  0.000e+00
   57.61142 -134.75540    148.855     50.796     50.321     6.2338    31.6786  1025.1356    24.9011     6.2296     52.938   104.2406    -0.0298      7.868     3.7184     5.3140    162.030    166.065      48282          7  0.000e+00
   57.61142 -134.75540    148.855     50.796     50.321     6.2300    31.6797  1025.1369    24.9025     6.2258     52.989   104.2406    -0.0298      7.868     3.7223     5.3196    162.199    166.238      48283          7  0.000e+00
   57.61142 -134.75540    148.831     50.796     50.321     6.2258    31.6820  1025.1393    24.9048     6.2217     52.939   104.2406    -0.0298      7.868     3.7191     5.3150    162.059    166.095      48284          7  0.000e+00
   57.61142 -134.75540    148.855     50.796     50.321     6.2236    31.6835  1025.1407    24.9063     6.2194     52.996   104.2406    -0.0298      7.868     3.7233     5.3209    162.240    166.281      48285          7  0.000e+00
   57.61142 -134.75540    148.855     50.796     50.321     6.2236    31.6834  1025.1406    24.9061     6.2195     52.945   104.2406    -0.0298      7.868     3.7197     5.3158    162.084    166.121      48286          7  0.000e+00
   57.61142 -134.75540    148.855     50.796     50.321     6.2226    31.6834  1025.1408    24.9063     6.2184     52.944   104.2406    -0.0298      7.868     3.7197     5.3159    162.087    166.124      48287          7  0.000e+00
   57.61142 -134.75540    148.831     50.796     50.321     6.2233    31.6829  1025.1402    24.9058     6.2192     52.944   104.2406    -0.0298      7.868     3.7196     5.3157    162.082    166.119      48288          7  0.000e+00
   57.61142 -134.75540    148.855     50.796     50.321     6.2234    31.6832  1025.1405    24.9060     6.2193     52.950   104.2406    -0.0298      7.868     3.7201     5.3163    162.101    166.138      48289          7  0.000e+00
   57.61142 -134.75540    148.855     50.796     50.321     6.2234    31.6833  1025.1406    24.9061     6.2193     52.950   104.2406    -0.0298      7.868     3.7200     5.3163    162.100    166.137      48290          7  0.000e+00
   57.61142 -134.75540    148.856     50.796     50.321     6.2219    31.6837  1025.1411    24.9066     6.2178     52.950   104.2406    -0.0298      7.868     3.7202     5.3165    162.105    166.142      48291          7  0.000e+00
   57.61142 -134.75540    148.831     50.796     50.321     6.2189    31.6845  1025.1421    24.9076     6.2148     52.950   104.2406    -0.0298      7.868     3.7204     5.3168    162.116    166.154      48292          7  0.000e+00
   57.61142 -134.75540    148.775     50.739     50.265     6.2175    31.6843  1025.1418    24.9076     6.2134     52.949   104.2406    -0.0298      7.868     3.7205     5.3170    162.120    166.158      48293          7  0.000e+00
   57.61142 -134.75540    148.856     50.796     50.321     6.2187    31.6850  1025.1425    24.9080     6.2146     53.006   104.1846    -0.0298      7.868     3.7244     5.3225    162.289    166.331      48294          7  0.000e+00
   57.61142 -134.75540    148.912     50.853     50.377     6.2202    31.6855  1025.1430    24.9082     6.2160     53.013   104.1567    -0.0298      7.868     3.7247     5.3230    162.302    166.345      48295          7  0.000e+00
   57.61142 -134.75540    148.800     50.740     50.265     6.2221    31.6852  1025.1420    24.9078     6.2179     53.011   104.1567    -0.0298      7.868     3.7244     5.3225    162.289    166.331      48296          7  0.000e+00
   57.61142 -134.75540    148.831     50.796     50.321     6.2239    31.6840  1025.1411    24.9066     6.2197     52.952   104.1567    -0.0005      7.868     3.7201     5.3164    162.104    166.141      48297          7  0.000e+00
   57.61142 -134.75540    148.831     50.796     50.321     6.2254    31.6834  1025.1404    24.9060     6.2213     52.950   104.1567    -0.0005      7.864     3.7199     5.3161    162.093    166.130      48298          7  0.000e+00
   57.61142 -134.75540    148.856     50.796     50.321     6.2264    31.6826  1025.1396    24.9051     6.2223     52.955   104.1567    -0.0005      7.868     3.7202     5.3165    162.106    166.143      48299          7  0.000e+00
   57.61142 -134.75540    148.800     50.740     50.265     6.2261    31.6828  1025.1396    24.9054     6.2220     52.960   104.1567    -0.0005      7.868     3.7206     5.3171    162.123    166.160      48300          7  0.000e+00
   57.61142 -134.75540    148.800     50.740     50.265     6.2261    31.6825  1025.1394    24.9052     6.2220     52.966   104.1567    -0.0005      7.868     3.7210     5.3176    162.141    166.179      48301          7  0.000e+00
   57.61142 -134.75540    148.831     50.796     50.321     6.2264    31.6823  1025.1394    24.9049     6.2223     52.915   104.1567    -0.0005      7.868     3.7174     5.3125    161.984    166.019      48302          7  0.000e+00
   57.61142 -134.75540    148.800     50.740     50.265     6.2266    31.6827  1025.1395    24.9053     6.2225     52.908   104.1567    -0.0005      7.868     3.7169     5.3118    161.961    165.995      48303          7  0.000e+00
   57.61142 -134.75540    148.856     50.796     50.321     6.2267    31.6825  1025.1396    24.9051     6.2226     52.902   104.1567    -0.0005      7.868     3.7164     5.3111    161.942    165.975      48304          7  0.000e+00
   57.61142 -134.75540    148.800     50.740     50.265     6.2271    31.6828  1025.1395    24.9053     6.2230     52.895   104.1567    -0.0005      7.868     3.7159     5.3104    161.919    165.952      48305          7  0.000e+00
   57.61142 -134.75540    148.775     50.740     50.265     6.2272    31.6830  1025.1396    24.9054     6.2231     52.889   104.1567    -0.0005      7.868     3.7155     5.3098    161.900    165.932      48306          7  0.000e+00
   57.61142 -134.75540    148.800     50.740     50.265     6.2280    31.6830  1025.1395    24.9053     6.2239     52.940   104.1567    -0.0005      7.868     3.7190     5.3148    162.054    166.090      48307          7  0.000e+00
   57.61142 -134.75546    108.834     10.395     10.299    11.2485    28.8418  1021.9901    21.9430    11.2473     98.713    84.1588     5.1863      8.326     6.3106     9.0185    275.780    281.831      50720          8  0.000e+00
