EcoFOCI/data/1_SampleCollection/2022_GOA-OA_CruiseData/CTD_raw_BottleFile_RC0083/RC0083_033.ros
* Sea-Bird SBE 9 Data File:
* FileName = C:\Data\RC0083ctd\RC0083_033.hex
* Software Version Seasave V 7.26.7.107
* Temperature SN = 2060
* Conductivity SN = 1084
* Number of Bytes Per Scan = 31
* Number of Voltage Words = 4
* Number of Scans Averaged by the Deck Unit = 1
* NMEA Latitude = 58 27.04 N
* NMEA Longitude = 135 02.64 W
* NMEA UTC (Time) = Aug 18 2022  04:23:59
* NMEA baud rate = 4800
** Ship: R/V Rachel Carson
** Cruise ID: RC0083
** Tech: McHugh/Nomura
** Chief Scientist: Cross
** Station: LC01
** Cast:  CTD033
# nquan = 21
# nvalues = 392                                   
# units = specified
# name 0 = latitude: Latitude [deg]
# name 1 = longitude: Longitude [deg]
# name 2 = sfdSM: Seafloor depth [salt water, m]
# name 3 = prDM: Pressure, Digiquartz [db]
# name 4 = depSM: Depth [salt water, m]
# name 5 = t090C: Temperature [ITS-90, deg C]
# name 6 = sal00: Salinity, Practical [PSU]
# name 7 = density00: Density [density, kg/m^3]
# name 8 = sigma-é00: Density [sigma-theta, kg/m^3]
# name 9 = potemp090C: Potential Temperature [ITS-90, deg C]
# name 10 = sbeox0PS: Oxygen, SBE 43 [% saturation]
# name 11 = CStarTr0: Beam Transmission, WET Labs C-Star [%]
# name 12 = flECO-AFL: Fluorescence, WET Labs ECO-AFL/FL [mg/m^3]
# name 13 = ph: pH
# name 14 = sbeox0ML/L: Oxygen, SBE 43 [ml/l]
# name 15 = sbeox0Mg/L: Oxygen, SBE 43 [mg/l]
# name 16 = sbox0Mm/Kg: Oxygen, SBE 43 [umol/kg]
# name 17 = sbeox0Mm/L: Oxygen, SBE 43 [umol/l]
# name 18 = scan: Scan Count
# name 19 = nbf: Bottles Fired
# name 20 = flag:  0.000e+00
# interval = seconds: 0.0416667
# start_time = Aug 18 2022 04:23:59 [NMEA time, header]
# bad_flag = -9.990e-29
*END*
   58.45152 -135.04592    561.998    557.376    551.448     5.2067    33.8217  1029.2861    26.7226     5.1618     20.394    87.7389    -0.0884      7.616     1.4468     2.0676     62.933     64.615      22369          1  0.000e+00
   58.45152 -135.04592    561.788    557.189    551.263     5.2065    33.8219  1029.2854    26.7227     5.1616     20.396    87.7389    -0.0884      7.616     1.4470     2.0678     62.939     64.621      22370          1  0.000e+00
   58.45152 -135.04592    561.852    557.254    551.327     5.2065    33.8223  1029.2860    26.7230     5.1616     20.399    87.7389    -0.0884      7.616     1.4471     2.0681     62.947     64.629      22371          1  0.000e+00
   58.45152 -135.04592    561.909    557.311    551.384     5.2064    33.8221  1029.2861    26.7229     5.1615     20.401    87.7389    -0.0884      7.616     1.4473     2.0684     62.955     64.637      22372          1  0.000e+00
   58.45152 -135.04592    561.852    557.254    551.327     5.2062    33.8220  1029.2859    26.7229     5.1613     20.403    87.7389    -0.0884      7.616     1.4475     2.0686     62.962     64.645      22373          1  0.000e+00
   58.45152 -135.04592    561.852    557.254    551.327     5.2065    33.8223  1029.2860    26.7230     5.1616     20.406    87.7389    -0.0884      7.616     1.4476     2.0688     62.969     64.652      22374          1  0.000e+00
   58.45152 -135.04592    561.828    557.254    551.327     5.2064    33.8223  1029.2860    26.7231     5.1615     20.408    87.7389    -0.0884      7.616     1.4478     2.0691     62.977     64.660      22375          1  0.000e+00
   58.45152 -135.04592    561.828    557.254    551.327     5.2064    33.8224  1029.2861    26.7231     5.1615     20.401    87.7668    -0.0884      7.616     1.4473     2.0683     62.953     64.636      22376          1  0.000e+00
   58.45152 -135.04592    561.828    557.254    551.327     5.2068    33.8218  1029.2856    26.7226     5.1619     20.403    87.7668    -0.0884      7.616     1.4474     2.0685     62.959     64.641      22377          1  0.000e+00
   58.45152 -135.04592    561.828    557.254    551.327     5.2065    33.8219  1029.2857    26.7227     5.1616     20.405    87.7389    -0.0884      7.616     1.4476     2.0687     62.966     64.648      22378          1  0.000e+00
   58.45152 -135.04592    561.804    557.254    551.327     5.2065    33.8220  1029.2858    26.7228     5.1616     20.407    87.7389    -0.0591      7.616     1.4477     2.0689     62.972     64.655      22379          1  0.000e+00
   58.45152 -135.04592    561.804    557.254    551.327     5.2065    33.8222  1029.2859    26.7229     5.1616     20.409    87.7389    -0.0591      7.616     1.4478     2.0691     62.978     64.661      22380          1  0.000e+00
   58.45152 -135.04592    561.804    557.254    551.327     5.2064    33.8222  1029.2860    26.7230     5.1615     20.411    87.7389    -0.0591      7.616     1.4480     2.0693     62.984     64.667      22381          1  0.000e+00
   58.45152 -135.04592    561.739    557.189    551.263     5.2064    33.8220  1029.2855    26.7228     5.1615     20.412    87.7389    -0.0591      7.616     1.4481     2.0695     62.990     64.673      22382          1  0.000e+00
   58.45152 -135.04592    561.804    557.254    551.327     5.2062    33.8222  1029.2860    26.7230     5.1613     20.415    87.7389    -0.0591      7.616     1.4483     2.0697     62.997     64.680      22383          1  0.000e+00
   58.45152 -135.04592    561.804    557.254    551.327     5.2062    33.8220  1029.2859    26.7229     5.1613     20.417    87.7389    -0.0591      7.616     1.4484     2.0699     63.003     64.687      22384          1  0.000e+00
   58.45152 -135.04592    561.739    557.189    551.263     5.2065    33.8218  1029.2853    26.7226     5.1616     20.418    87.7668    -0.0591      7.616     1.4485     2.0701     63.008     64.692      22385          1  0.000e+00
   58.45152 -135.04592    561.804    557.254    551.327     5.2063    33.8218  1029.2857    26.7227     5.1614     20.421    87.7668    -0.0591      7.616     1.4487     2.0703     63.015     64.699      22386          1  0.000e+00
   58.45152 -135.04592    561.804    557.254    551.327     5.2062    33.8224  1029.2862    26.7232     5.1613     20.423    87.7668    -0.0591      7.616     1.4488     2.0705     63.021     64.705      22387          1  0.000e+00
   58.45152 -135.04592    561.618    557.067    551.142     5.2064    33.8222  1029.2851    26.7230     5.1615     20.352    87.7668    -0.0591      7.616     1.4439     2.0634     62.805     64.483      22388          1  0.000e+00
   58.45152 -135.04592    561.924    557.377    551.448     5.2064    33.8218  1029.2862    26.7227     5.1615     20.346    87.7668    -0.0591      7.616     1.4434     2.0627     62.784     64.462      22389          1  0.000e+00
   58.45152 -135.04592    561.804    557.254    551.327     5.2062    33.8223  1029.2861    26.7231     5.1613     20.400    87.7668    -0.0591      7.616     1.4472     2.0682     62.951     64.634      22390          1  0.000e+00
   58.45152 -135.04592    561.739    557.189    551.263     5.2062    33.8220  1029.2855    26.7228     5.1614     20.340    87.7389    -0.0591      7.616     1.4430     2.0622     62.768     64.445      22391          1  0.000e+00
   58.45152 -135.04592    561.804    557.254    551.327     5.2062    33.8220  1029.2858    26.7228     5.1613     20.395    87.7668    -0.0591      7.616     1.4469     2.0678     62.938     64.620      22392          1  0.000e+00
   58.45152 -135.04592    561.683    557.132    551.207     5.2063    33.8223  1029.2855    26.7230     5.1614     20.398    87.7668    -0.0591      7.616     1.4471     2.0680     62.945     64.627      22393          1  0.000e+00
   58.45152 -135.04592    561.860    557.311    551.384     5.2062    33.8223  1029.2864    26.7231     5.1613     20.401    87.7668    -0.0591      7.616     1.4473     2.0684     62.955     64.638      22394          1  0.000e+00
   58.45152 -135.04592    561.804    557.254    551.327     5.2062    33.8221  1029.2859    26.7229     5.1613     20.404    87.7668    -0.0591      7.620     1.4475     2.0687     62.964     64.646      22395          1  0.000e+00
   58.45152 -135.04592    561.804    557.254    551.327     5.2062    33.8223  1029.2861    26.7231     5.1613     20.397    87.7389    -0.0591      7.620     1.4470     2.0679     62.942     64.624      22396          1  0.000e+00
   58.45152 -135.04592    561.804    557.254    551.327     5.2064    33.8218  1029.2856    26.7226     5.1615     20.399    87.7668    -0.0591      7.616     1.4472     2.0682     62.949     64.631      22397          1  0.000e+00
   58.45152 -135.04592    561.804    557.254    551.327     5.2062    33.8220  1029.2858    26.7228     5.1613     20.401    87.7668    -0.0591      7.616     1.4474     2.0684     62.956     64.639      22398          1  0.000e+00
   58.45152 -135.04592    561.804    557.254    551.327     5.2062    33.8222  1029.2860    26.7230     5.1613     20.342    87.7389    -0.0591      7.616     1.4431     2.0624     62.773     64.451      22399          1  0.000e+00
   58.45152 -135.04592    561.860    557.311    551.384     5.2062    33.8220  1029.2861    26.7228     5.1613     20.397    87.7668    -0.0591      7.616     1.4471     2.0680     62.943     64.625      22400          1  0.000e+00
   58.45152 -135.04592    561.804    557.254    551.328     5.2062    33.8223  1029.2860    26.7230     5.1613     20.390    87.7668    -0.0591      7.616     1.4465     2.0672     62.921     64.602      22401          1  0.000e+00
   58.45152 -135.04592    561.860    557.311    551.384     5.2062    33.8220  1029.2861    26.7228     5.1613     20.392    87.7389    -0.0591      7.616     1.4467     2.0675     62.929     64.610      22402          1  0.000e+00
   58.45152 -135.04592    561.562    557.010    551.086     5.2062    33.8221  1029.2848    26.7229     5.1614     20.394    87.7668    -0.0591      7.620     1.4468     2.0677     62.933     64.615      22403          1  0.000e+00
   58.45152 -135.04592    562.077    557.556    551.625     5.2061    33.8220  1029.2873    26.7229     5.1612     20.398    87.7389    -0.0591      7.616     1.4471     2.0681     62.946     64.628      22404          1  0.000e+00
   58.45152 -135.04592    561.836    557.311    551.384     5.2063    33.8220  1029.2861    26.7228     5.1614     20.400    87.6270    -0.0591      7.616     1.4472     2.0682     62.951     64.633      22405          1  0.000e+00
   58.45152 -135.04592    561.836    557.311    551.384     5.2061    33.8222  1029.2862    26.7230     5.1612     20.392    87.5431    -0.0591      7.616     1.4467     2.0675     62.928     64.609      22406          1  0.000e+00
   58.45152 -135.04592    561.860    557.311    551.384     5.2062    33.8218  1029.2860    26.7227     5.1613     20.322    87.5151    -0.0591      7.620     1.4417     2.0604     62.712     64.388      22407          1  0.000e+00
   58.45152 -135.04592    561.900    557.377    551.448     5.2062    33.8226  1029.2869    26.7234     5.1613     20.315    87.5431    -0.0591      7.616     1.4412     2.0596     62.689     64.365      22408          1  0.000e+00
   58.45152 -135.04592    561.836    557.311    551.384     5.2062    33.8225  1029.2865    26.7232     5.1613     20.308    87.5431    -0.0591      7.616     1.4407     2.0589     62.667     64.341      22409          1  0.000e+00
   58.45152 -135.04592    561.900    557.377    551.448     5.2061    33.8220  1029.2864    26.7229     5.1612     20.363    87.5431    -0.0591      7.616     1.4446     2.0645     62.837     64.516      22410          1  0.000e+00
   58.45152 -135.04592    561.924    557.377    551.448     5.2063    33.8221  1029.2864    26.7229     5.1614     20.366    87.5431    -0.0591      7.616     1.4448     2.0648     62.845     64.525      22411          1  0.000e+00
   58.45152 -135.04592    561.836    557.311    551.384     5.2062    33.8223  1029.2863    26.7231     5.1613     20.368    87.5431    -0.0591      7.616     1.4450     2.0650     62.853     64.533      22412          1  0.000e+00
   58.45152 -135.04592    561.876    557.377    551.448     5.2062    33.8217  1029.2861    26.7226     5.1613     20.371    87.5431    -0.0591      7.616     1.4452     2.0653     62.863     64.543      22413          1  0.000e+00
   58.45152 -135.04592    561.876    557.377    551.448     5.2064    33.8215  1029.2860    26.7224     5.1615     20.374    87.5431    -0.0591      7.616     1.4454     2.0656     62.871     64.551      22414          1  0.000e+00
   58.45152 -135.04592    561.932    557.434    551.505     5.2063    33.8220  1029.2867    26.7228     5.1614     20.315    87.5431    -0.0591      7.616     1.4412     2.0597     62.690     64.365      22415          1  0.000e+00
   58.45152 -135.04592    561.876    557.377    551.448     5.2062    33.8221  1029.2865    26.7229     5.1613     20.370    87.5431    -0.0591      7.616     1.4451     2.0653     62.860     64.540      22416          1  0.000e+00
   58.45152 -135.04592    561.876    557.377    551.448     5.2064    33.8218  1029.2862    26.7227     5.1615     20.374    87.5431    -0.0591      7.616     1.4454     2.0656     62.870     64.550      22417          1  0.000e+00
   58.45162 -135.04708    398.421    302.825    299.788     5.2469    33.7308  1028.0400    26.6435     5.2230     21.524    96.3253    -0.0591      7.635     1.5264     2.1814     66.402     68.171      32182          2  0.000e+00
   58.45162 -135.04708    398.485    302.890    299.853     5.2471    33.7305  1028.0400    26.6432     5.2232     21.473    96.3253    -0.0591      7.635     1.5229     2.1763     66.246     68.011      32183          2  0.000e+00
   58.45162 -135.04708    398.477    302.882    299.845     5.2472    33.7301  1028.0396    26.6428     5.2234     21.473    96.3253    -0.0591      7.635     1.5228     2.1763     66.245     68.010      32184          2  0.000e+00
   58.45162 -135.04708    398.485    302.890    299.853     5.2469    33.7305  1028.0400    26.6432     5.2230     21.473    96.3253    -0.0591      7.635     1.5228     2.1763     66.244     68.009      32185          2  0.000e+00
   58.45162 -135.04708    398.485    302.890    299.853     5.2471    33.7306  1028.0401    26.6433     5.2232     21.472    96.3253    -0.0591      7.635     1.5228     2.1762     66.243     68.007      32186          2  0.000e+00
   58.45162 -135.04708    398.477    302.882    299.845     5.2471    33.7307  1028.0402    26.6433     5.2232     21.472    96.3253    -0.0591      7.635     1.5228     2.1762     66.241     68.006      32187          2  0.000e+00
   58.45162 -135.04708    398.485    302.890    299.853     5.2471    33.7303  1028.0398    26.6430     5.2232     21.472    96.3253    -0.0591      7.635     1.5227     2.1761     66.240     68.005      32188          2  0.000e+00
   58.45162 -135.04708    398.477    302.882    299.845     5.2471    33.7303  1028.0399    26.6431     5.2232     21.471    96.3813    -0.0591      7.635     1.5227     2.1761     66.239     68.004      32189          2  0.000e+00
   58.45162 -135.04708    398.485    302.890    299.853     5.2471    33.7306  1028.0401    26.6433     5.2232     21.471    96.4092    -0.0591      7.635     1.5227     2.1761     66.238     68.003      32190          2  0.000e+00
   58.45162 -135.04708    398.477    302.882    299.845     5.2471    33.7304  1028.0399    26.6431     5.2232     21.471    96.4092    -0.0591      7.635     1.5227     2.1760     66.237     68.002      32191          2  0.000e+00
   58.45162 -135.04708    398.485    302.890    299.853     5.2469    33.7306  1028.0401    26.6433     5.2230     21.470    96.4092    -0.0591      7.635     1.5226     2.1760     66.236     68.001      32192          2  0.000e+00
   58.45162 -135.04708    398.421    302.826    299.788     5.2471    33.7302  1028.0395    26.6430     5.2232     21.470    96.4092    -0.0591      7.635     1.5226     2.1759     66.234     67.999      32193          2  0.000e+00
   58.45162 -135.04708    398.541    302.947    299.909     5.2472    33.7306  1028.0403    26.6432     5.2234     21.470    96.4092    -0.0591      7.635     1.5226     2.1759     66.234     67.998      32194          2  0.000e+00
   58.45162 -135.04708    398.485    302.891    299.853     5.2471    33.7306  1028.0401    26.6432     5.2232     21.469    96.4092    -0.0591      7.635     1.5225     2.1759     66.232     67.997      32195          2  0.000e+00
   58.45162 -135.04708    398.421    302.826    299.788     5.2471    33.7304  1028.0397    26.6431     5.2232     21.469    96.4092    -0.0591      7.635     1.5225     2.1758     66.231     67.995      32196          2  0.000e+00
   58.45162 -135.04708    398.485    302.891    299.853     5.2472    33.7303  1028.0398    26.6430     5.2234     21.468    96.4092    -0.0884      7.635     1.5225     2.1758     66.230     67.995      32197          2  0.000e+00
   58.45162 -135.04708    398.477    302.882    299.845     5.2471    33.7301  1028.0397    26.6429     5.2232     21.468    96.4092    -0.0884      7.635     1.5225     2.1758     66.229     67.994      32198          2  0.000e+00
   58.45162 -135.04708    398.485    302.891    299.853     5.2471    33.7301  1028.0397    26.6429     5.2232     21.468    96.4092    -0.0884      7.635     1.5225     2.1757     66.228     67.993      32199          2  0.000e+00
   58.45162 -135.04708    398.485    302.891    299.853     5.2471    33.7301  1028.0397    26.6429     5.2232     21.467    96.3813    -0.0884      7.635     1.5224     2.1757     66.227     67.991      32200          2  0.000e+00
