EcoFOCI/data/1_SampleCollection/2022_GOA-OA_CruiseData/CTD_raw_BottleFile_RC0083/RC0083_076.ros
* Sea-Bird SBE 9 Data File:
* FileName = C:\Data\RC0083ctd\RC0083_076.hex
* Software Version Seasave V 7.26.7.107
* Temperature SN = 2060
* Conductivity SN = 1084
* Number of Bytes Per Scan = 31
* Number of Voltage Words = 4
* Number of Scans Averaged by the Deck Unit = 1
* NMEA Latitude = 58 24.84 N
* NMEA Longitude = 135 59.68 W
* NMEA UTC (Time) = Aug 21 2022  04:04:57
* NMEA baud rate = 4800
** Ship: R/V Rachel Carson
** Cruise ID: RC0083
** Tech: McHugh/Nomura
** Chief Scientist: Cross
** Station: GB01
** Cast:  CTD076
# nquan = 21
# nvalues = 196                                   
# units = specified
# name 0 = latitude: Latitude [deg]
# name 1 = longitude: Longitude [deg]
# name 2 = sfdSM: Seafloor depth [salt water, m]
# name 3 = prDM: Pressure, Digiquartz [db]
# name 4 = depSM: Depth [salt water, m]
# name 5 = t090C: Temperature [ITS-90, deg C]
# name 6 = sal00: Salinity, Practical [PSU]
# name 7 = density00: Density [density, kg/m^3]
# name 8 = sigma-é00: Density [sigma-theta, kg/m^3]
# name 9 = potemp090C: Potential Temperature [ITS-90, deg C]
# name 10 = sbeox0PS: Oxygen, SBE 43 [% saturation]
# name 11 = CStarTr0: Beam Transmission, WET Labs C-Star [%]
# name 12 = flECO-AFL: Fluorescence, WET Labs ECO-AFL/FL [mg/m^3]
# name 13 = ph: pH
# name 14 = sbeox0ML/L: Oxygen, SBE 43 [ml/l]
# name 15 = sbeox0Mg/L: Oxygen, SBE 43 [mg/l]
# name 16 = sbox0Mm/Kg: Oxygen, SBE 43 [umol/kg]
# name 17 = sbeox0Mm/L: Oxygen, SBE 43 [umol/l]
# name 18 = scan: Scan Count
# name 19 = nbf: Bottles Fired
# name 20 = flag:  0.000e+00
# interval = seconds: 0.0416667
# start_time = Aug 21 2022 04:04:57 [NMEA time, header]
# bad_flag = -9.990e-29
*END*
[from data line 69]
   58.41478 -135.99430     64.501     25.669     25.429     8.1009    30.2674  1023.6634    23.5457     8.0985     64.293    88.3821     1.0544      7.958     4.3661     6.2396    190.504    194.990       6143          2  0.000e+00
   58.41478 -135.99430     64.565     25.734     25.493     8.1012    30.2664  1023.6629    23.5449     8.0988     64.339    88.3821     1.0544      7.958     4.3693     6.2441    190.642    195.131       6144          2  0.000e+00
   58.41478 -135.99430     64.501     25.669     25.429     8.1012    30.2662  1023.6624    23.5448     8.0988     64.282    88.3821     1.0544      7.958     4.3653     6.2385    190.472    194.956       6145          2  0.000e+00
   58.41478 -135.99430     64.501     25.669     25.429     8.1012    30.2661  1023.6623    23.5447     8.0988     64.328    88.3542     1.0544      7.958     4.3685     6.2430    190.609    195.097       6146          2  0.000e+00
   58.41478 -135.99430     64.501     25.669     25.429     8.1009    30.2664  1023.6626    23.5450     8.0985     64.334    88.3542     1.0837      7.958     4.3689     6.2436    190.627    195.115       6147          2  0.000e+00
   58.41478 -135.99430     64.565     25.734     25.493     8.1010    30.2661  1023.6626    23.5447     8.0986     64.340    88.3542     1.0544      7.954     4.3693     6.2442    190.645    195.134       6148          2  0.000e+00
   58.41478 -135.99430     64.525     25.669     25.429     8.1012    30.2663  1023.6624    23.5448     8.0988     64.338    88.3542     1.0544      7.958     4.3692     6.2440    190.639    195.128       6149          2  0.000e+00
   58.41478 -135.99430     64.501     25.669     25.429     8.1012    30.2656  1023.6619    23.5443     8.0988     64.337    88.3542     1.0544      7.958     4.3691     6.2439    190.637    195.125       6150          2  0.000e+00
   58.41478 -135.99430     64.565     25.734     25.493     8.1013    30.2647  1023.6615    23.5435     8.0989     64.336    88.3542     1.0837      7.958     4.3691     6.2439    190.636    195.124       6151          2  0.000e+00
   58.41478 -135.99430     64.501     25.669     25.429     8.1016    30.2635  1023.6602    23.5426     8.0992     64.335    88.3262     1.0544      7.953     4.3690     6.2437    190.631    195.119       6152          2  0.000e+00
   58.41478 -135.99430     64.501     25.669     25.429     8.1025    30.2607  1023.6579    23.5403     8.1001     64.341    88.3542     1.0837      7.958     4.3694     6.2443    190.649    195.137       6153          2  0.000e+00
   58.41478 -135.99430     64.476     25.669     25.429     8.1030    30.2598  1023.6571    23.5395     8.1006     64.347    88.3542     1.0544      7.958     4.3698     6.2449    190.667    195.155       6154          2  0.000e+00
   58.41478 -135.99430     64.476     25.669     25.429     8.1035    30.2599  1023.6571    23.5395     8.1011     64.354    88.3542     1.0544      7.953     4.3702     6.2454    190.684    195.173       6155          2  0.000e+00
   58.41478 -135.99430     64.540     25.734     25.493     8.1028    30.2605  1023.6580    23.5400     8.1004     64.354    88.3542     1.0544      7.958     4.3703     6.2455    190.687    195.176       6156          2  0.000e+00
   58.41478 -135.99430     64.476     25.669     25.429     8.1030    30.2604  1023.6576    23.5400     8.1006     64.298    88.3542     1.0837      7.958     4.3664     6.2401    190.521    195.005       6157          2  0.000e+00
   58.41478 -135.99430     64.476     25.669     25.429     8.1031    30.2603  1023.6575    23.5398     8.1007     64.298    88.3542     1.0544      7.958     4.3665     6.2401    190.521    195.006       6158          2  0.000e+00
   58.41478 -135.99430     64.501     25.669     25.429     8.1030    30.2604  1023.6576    23.5399     8.1006     64.292    88.3542     1.0544      7.958     4.3660     6.2395    190.503    194.987       6159          2  0.000e+00
   58.41478 -135.99430     64.476     25.669     25.429     8.1031    30.2601  1023.6573    23.5397     8.1007     64.341    88.3542     1.0544      7.958     4.3694     6.2442    190.648    195.135       6160          2  0.000e+00
   58.41478 -135.99430     64.476     25.669     25.429     8.1033    30.2592  1023.6566    23.5390     8.1009     64.342    88.3542     1.0544      7.958     4.3694     6.2443    190.650    195.138       6161          2  0.000e+00
   58.41478 -135.99430     64.501     25.669     25.429     8.1033    30.2596  1023.6570    23.5393     8.1009     64.343    88.3542     1.0544      7.958     4.3695     6.2444    190.652    195.140       6162          2  0.000e+00
   58.41478 -135.99430     64.501     25.669     25.429     8.1029    30.2602  1023.6574    23.5398     8.1005     64.344    88.3542     1.0544      7.958     4.3696     6.2445    190.656    195.144       6163          2  0.000e+00
   58.41478 -135.99430     64.501     25.669     25.429     8.1035    30.2593  1023.6567    23.5391     8.1011     64.352    88.3542     1.0544      7.958     4.3701     6.2453    190.679    195.167       6164          2  0.000e+00
   58.41478 -135.99430     64.501     25.669     25.429     8.1035    30.2594  1023.6567    23.5391     8.1011     64.353    88.3542     1.0837      7.958     4.3701     6.2454    190.682    195.171       6165          2  0.000e+00
   58.41478 -135.99430     64.501     25.669     25.429     8.1031    30.2600  1023.6572    23.5396     8.1007     64.299    88.3542     1.0544      7.958     4.3665     6.2402    190.523    195.008       6166          2  0.000e+00
   58.41478 -135.99430     64.525     25.669     25.429     8.1030    30.2603  1023.6575    23.5399     8.1006     64.293    88.3542     1.0837      7.958     4.3661     6.2396    190.507    194.991       6167          2  0.000e+00
   58.41478 -135.99430     64.525     25.669     25.429     8.1033    30.2597  1023.6570    23.5394     8.1009     64.295    88.3542     1.0544      7.958     4.3662     6.2398    190.512    194.997       6168          2  0.000e+00
   58.41478 -135.99430     64.525     25.669     25.429     8.1030    30.2600  1023.6573    23.5397     8.1006     64.346    88.3542     1.0544      7.958     4.3697     6.2447    190.663    195.151       6169          2  0.000e+00
   58.41478 -135.99430     64.469     25.613     25.373     8.1030    30.2604  1023.6573    23.5399     8.1006     64.348    88.3542     1.0544      7.958     4.3698     6.2449    190.668    195.156       6170          2  0.000e+00
   58.41478 -135.99430     64.525     25.669     25.429     8.1026    30.2610  1023.6581    23.5405     8.1002     64.295    88.3821     1.0544      7.958     4.3663     6.2399    190.514    194.998       6171          2  0.000e+00
   58.41508 -135.99434     25.309     10.314     10.217     8.7593    28.7788  1022.3337    22.2865     8.7583     75.482    84.0749     2.3438      8.037     5.0993     7.2874    222.769    227.733       7582          3  0.000e+00
   58.41508 -135.99434     32.034     10.225     10.129     8.7593    28.7789  1022.3334    22.2865     8.7583     75.479    84.1029     2.3438      8.037     5.0991     7.2871    222.760    227.724       7583          3  0.000e+00
   58.41508 -135.99434     45.854     10.346     10.249     8.7593    28.7790  1022.3340    22.2866     8.7583     75.477    84.1029     2.3438      8.037     5.0990     7.2869    222.755    227.720       7584          3  0.000e+00
   58.41508 -135.99434     50.080     10.249     10.153     8.7593    28.7789  1022.3335    22.2866     8.7583     75.474    84.0749     2.3438      8.037     5.0987     7.2866    222.745    227.709       7585          3  0.000e+00
   58.41508 -135.99434     49.861     10.225     10.129     8.7596    28.7787  1022.3332    22.2864     8.7586     75.470    84.0749     2.3438      8.037     5.0985     7.2862    222.733    227.697       7586          3  0.000e+00
   58.41508 -135.99434     49.363     10.289     10.193     8.7594    28.7791  1022.3338    22.2867     8.7584     75.468    84.1029     2.3438      8.037     5.0983     7.2860    222.726    227.690       7587          3  0.000e+00
   58.41508 -135.99434     49.216     10.314     10.217     8.7595    28.7790  1022.3338    22.2866     8.7585     75.464    84.0749     2.3438      8.037     5.0980     7.2856    222.715    227.679       7588          3  0.000e+00
   58.41508 -135.99434     49.217     10.289     10.193     8.7596    28.7790  1022.3337    22.2866     8.7586     75.460    84.1029     2.3438      8.037     5.0978     7.2852    222.703    227.666       7589          3  0.000e+00
   58.41508 -135.99434     49.177     10.225     10.129     8.7594    28.7796  1022.3339    22.2871     8.7584     75.455    84.1029     2.3438      8.037     5.0974     7.2847    222.688    227.652       7590          3  0.000e+00
   58.41508 -135.99434     49.289     10.314     10.217     8.7591    28.7793  1022.3341    22.2869     8.7581     75.452    84.0749     2.3438      8.037     5.0972     7.2845    222.680    227.642       7591          3  0.000e+00
   58.41508 -135.99434     49.265     10.289     10.193     8.7594    28.7793  1022.3339    22.2868     8.7584     75.392    84.0749     2.3438      8.037     5.0932     7.2786    222.502    227.461       7592          3  0.000e+00
   58.41508 -135.99434     49.241     10.289     10.193     8.7595    28.7792  1022.3338    22.2867     8.7585     75.442    84.0749     2.3438      8.037     5.0966     7.2835    222.650    227.612       7593          3  0.000e+00
   58.41508 -135.99434     49.201     10.249     10.153     8.7593    28.7795  1022.3340    22.2870     8.7583     75.437    84.1029     2.3438      8.037     5.0962     7.2830    222.635    227.597       7594          3  0.000e+00
   58.41508 -135.99434     49.241     10.289     10.193     8.7590    28.7798  1022.3344    22.2873     8.7580     75.439    84.0749     2.3438      8.037     5.0964     7.2833    222.643    227.606       7595          3  0.000e+00
   58.41508 -135.99434     48.762     10.225     10.129     8.7589    28.7799  1022.3342    22.2874     8.7579     75.434    84.1029     2.3438      8.037     5.0960     7.2827    222.627    227.589       7596          3  0.000e+00
   58.41508 -135.99434     32.522     10.249     10.153     8.7593    28.7796  1022.3341    22.2871     8.7583     75.429    84.0749     2.3438      8.037     5.0956     7.2822    222.610    227.571       7597          3  0.000e+00
   58.41508 -135.99434     22.232     10.289     10.193     8.7593    28.7794  1022.3341    22.2869     8.7583     75.423    84.1029     2.3438      8.037     5.0953     7.2817    222.595    227.556       7598          3  0.000e+00
   58.41508 -135.99434     20.718     10.289     10.193     8.7593    28.7795  1022.3341    22.2870     8.7583     75.417    84.0749     2.3438      8.037     5.0949     7.2811    222.578    227.539       7599          3  0.000e+00
   58.41508 -135.99434     21.386     10.249     10.153     8.7595    28.7794  1022.3338    22.2869     8.7585     75.411    84.0749     2.3438      8.037     5.0944     7.2805    222.558    227.518       7600          3  0.000e+00
   58.41508 -135.99434     21.842     10.289     10.193     8.7599    28.7786  1022.3334    22.2863     8.7589     75.405    84.1309     2.3438      8.037     5.0940     7.2798    222.539    227.498       7601          3  0.000e+00
   58.41508 -135.99434     21.826     10.225     10.129     8.7598    28.7792  1022.3335    22.2867     8.7588     75.404    84.1868     2.3438      8.037     5.0940     7.2798    222.537    227.497       7602          3  0.000e+00
   58.41508 -135.99434     21.866     10.313     10.217     8.7599    28.7791  1022.3339    22.2866     8.7589     75.406    84.2148     2.3438      8.037     5.0940     7.2799    222.540    227.500       7603          3  0.000e+00
   58.41508 -135.99434     21.778     10.225     10.129     8.7601    28.7789  1022.3333    22.2864     8.7591     75.405    84.1868     2.3438      8.037     5.0940     7.2798    222.538    227.497       7604          3  0.000e+00
   58.41508 -135.99434     21.842     10.289     10.193     8.7600    28.7793  1022.3338    22.2867     8.7590     75.406    84.1868     2.3438      8.037     5.0940     7.2799    222.540    227.500       7605          3  0.000e+00
   58.41508 -135.99434     21.842     10.289     10.193     8.7593    28.7798  1022.3344    22.2872     8.7583     75.406    84.1868     2.3438      8.037     5.0941     7.2800    222.544    227.504       7606          3  0.000e+00
   58.41508 -135.99434     21.802     10.249     10.153     8.7595    28.7798  1022.3341    22.2872     8.7585     75.406    84.1868     2.3438      8.037     5.0941     7.2800    222.543    227.502       7607          3  0.000e+00
   58.41508 -135.99434     21.778     10.225     10.129     8.7591    28.7799  1022.3342    22.2873     8.7581     75.406    84.1868     2.3438      8.037     5.0942     7.2801    222.545    227.505       7608          3  0.000e+00
   58.41508 -135.99434     21.842     10.289     10.193     8.7586    28.7801  1022.3347    22.2876     8.7576     75.407    84.1868     2.3438      8.037     5.0943     7.2802    222.550    227.510       7609          3  0.000e+00
   58.41508 -135.99434     21.802     10.249     10.153     8.7586    28.7805  1022.3348    22.2879     8.7576     75.407    84.1868     2.3438      8.037     5.0943     7.2802    222.549    227.509       7610          3  0.000e+00
   58.41508 -135.99434     21.842     10.289     10.193     8.7593    28.7798  1022.3344    22.2872     8.7583     75.353    84.1868     2.3438      8.037     5.0905     7.2749    222.387    227.343       7611          3  0.000e+00
   58.41508 -135.99434     26.198     10.225     10.129     8.7589    28.7801  1022.3344    22.2876     8.7579     75.401    84.1868     2.3438      8.037     5.0938     7.2796    222.530    227.490       7612          3  0.000e+00
   58.41508 -135.99434     52.781     10.313     10.217     8.7588    28.7798  1022.3345    22.2873     8.7579     75.402    84.1868     2.3438      8.037     5.0939     7.2797    222.535    227.495       7613          3  0.000e+00
   58.41508 -135.99434     64.708     10.225     10.129     8.7586    28.7804  1022.3346    22.2878     8.7576     75.402    84.1868     2.3438      8.037     5.0939     7.2797    222.535    227.494       7614          3  0.000e+00
   58.41508 -135.99434     65.651     10.289     10.193     8.7585    28.7805  1022.3350    22.2879     8.7575     75.396    84.1868     2.3438      8.037     5.0935     7.2792    222.518    227.477       7615          3  0.000e+00
   58.41508 -135.99434     64.512     10.249     10.153     8.7587    28.7801  1022.3345    22.2876     8.7577     75.396    84.1868     2.3438      8.037     5.0935     7.2791    222.517    227.476       7616          3  0.000e+00
   58.41508 -135.99434     64.064     10.289     10.193     8.7585    28.7809  1022.3353    22.2882     8.7575     75.397    84.1868     2.3145      8.037     5.0936     7.2792    222.519    227.478       7617          3  0.000e+00
   58.41508 -135.99434     63.975     10.225     10.129     8.7587    28.7806  1022.3348    22.2880     8.7577     75.396    84.1868     2.3438      8.037     5.0935     7.2791    222.517    227.476       7618          3  0.000e+00
   58.41508 -135.99434     64.048     10.249     10.153     8.7587    28.7803  1022.3346    22.2877     8.7577     75.397    84.1868     2.3438      8.037     5.0936     7.2792    222.519    227.478       7619          3  0.000e+00
   58.41508 -135.99434     64.113     10.289     10.193     8.7591    28.7803  1022.3348    22.2876     8.7581     75.398    84.1868     2.3145      8.037     5.0936     7.2792    222.519    227.478       7620          3  0.000e+00
