EcoFOCI/data/1_SampleCollection/2022_GOA-OA_CruiseData/CTD_raw_BottleFile_RC0083/RC0083_131.ros
* Sea-Bird SBE 9 Data File:
* FileName = C:\Data\RC0083ctd\RC0083_131.hex
* Software Version Seasave V 7.26.7.107
* Temperature SN = 2060
* Conductivity SN = 2881
* Number of Bytes Per Scan = 31
* Number of Voltage Words = 4
* Number of Scans Averaged by the Deck Unit = 1
* NMEA Latitude = 57 36.64 N
* NMEA Longitude = 134 45.44 W
* NMEA UTC (Time) = Aug 24 2022  11:30:11
* NMEA baud rate = 4800
** Ship: R/V Rachel Carson
** Cruise ID: RC0083
** Tech: McHugh/Nomura
** Chief Scientist: Cross
** Station: MCS4
** Cast:  CTD131
# nquan = 21
# nvalues = 441                                   
# units = specified
# name 0 = latitude: Latitude [deg]
# name 1 = longitude: Longitude [deg]
# name 2 = sfdSM: Seafloor depth [salt water, m]
# name 3 = prDM: Pressure, Digiquartz [db]
# name 4 = depSM: Depth [salt water, m]
# name 5 = t090C: Temperature [ITS-90, deg C]
# name 6 = sal00: Salinity, Practical [PSU]
# name 7 = density00: Density [density, kg/m^3]
# name 8 = sigma-é00: Density [sigma-theta, kg/m^3]
# name 9 = potemp090C: Potential Temperature [ITS-90, deg C]
# name 10 = sbeox0PS: Oxygen, SBE 43 [% saturation]
# name 11 = CStarTr0: Beam Transmission, WET Labs C-Star [%]
# name 12 = flECO-AFL: Fluorescence, WET Labs ECO-AFL/FL [mg/m^3]
# name 13 = ph: pH
# name 14 = sbeox0ML/L: Oxygen, SBE 43 [ml/l]
# name 15 = sbeox0Mg/L: Oxygen, SBE 43 [mg/l]
# name 16 = sbox0Mm/Kg: Oxygen, SBE 43 [umol/kg]
# name 17 = sbeox0Mm/L: Oxygen, SBE 43 [umol/l]
# name 18 = scan: Scan Count
# name 19 = nbf: Bottles Fired
# name 20 = flag:  0.000e+00
# interval = seconds: 0.0416667
# start_time = Aug 24 2022 11:30:11 [NMEA time, header]
# bad_flag = -9.990e-29
*END*
[from data line 138]
   57.61142 -134.75534    299.344    202.805    200.833     5.2770    33.5258  1027.4131    26.4767     5.2612     22.871   104.0448    -0.0884      7.669     1.6231     2.3195     70.616     72.486      37587          3  0.000e+00
   57.61142 -134.75534    299.312    202.748    200.777     5.2771    33.5258  1027.4129    26.4767     5.2613     22.819   104.0727    -0.0884      7.669     1.6193     2.3142     70.454     72.319      37588          3  0.000e+00
   57.61142 -134.75534    299.352    202.789    200.817     5.2770    33.5253  1027.4127    26.4763     5.2612     22.819   104.0727    -0.0591      7.669     1.6193     2.3142     70.454     72.319      37589          3  0.000e+00
   57.61142 -134.75534    299.344    202.805    200.833     5.2773    33.5256  1027.4129    26.4765     5.2614     22.819   104.0727    -0.0591      7.669     1.6193     2.3142     70.453     72.319      37590          3  0.000e+00
   57.61142 -134.75534    299.352    202.789    200.817     5.2772    33.5253  1027.4126    26.4762     5.2614     22.878   104.0727    -0.0591      7.673     1.6235     2.3202     70.636     72.506      37591          3  0.000e+00
   57.61142 -134.75534    299.344    202.805    200.833     5.2773    33.5252  1027.4126    26.4761     5.2614     22.878   104.0727    -0.0591      7.669     1.6235     2.3202     70.636     72.507      37592          3  0.000e+00
   57.61142 -134.75534    299.352    202.789    200.817     5.2770    33.5255  1027.4128    26.4764     5.2612     22.885   104.0727    -0.0591      7.669     1.6240     2.3209     70.659     72.530      37593          3  0.000e+00
   57.61142 -134.75534    299.368    202.805    200.834     5.2771    33.5255  1027.4129    26.4764     5.2613     22.892   104.0727    -0.0591      7.669     1.6246     2.3217     70.681     72.553      37594          3  0.000e+00
   57.61142 -134.75534    299.400    202.862    200.890     5.2772    33.5251  1027.4128    26.4761     5.2614     22.900   104.0727    -0.0591      7.669     1.6251     2.3224     70.704     72.576      37595          3  0.000e+00
   57.61140 -134.75532    249.615    152.570    151.105     5.5222    33.2566  1026.9387    26.2344     5.5102     27.832   105.0237    -0.0591      7.707     1.9672     2.8113     85.608     87.854      40383          4  0.000e+00
   57.61140 -134.75532    249.391    152.319    150.856     5.5224    33.2563  1026.9373    26.2342     5.5103     27.775   105.0237    -0.0591      7.707     1.9631     2.8055     85.433     87.674      40384          4  0.000e+00
   57.61140 -134.75532    249.375    152.327    150.864     5.5222    33.2564  1026.9374    26.2343     5.5102     27.828   104.9957    -0.0591      7.707     1.9669     2.8110     85.598     87.844      40385          4  0.000e+00
   57.61140 -134.75532    249.391    152.319    150.856     5.5224    33.2563  1026.9372    26.2341     5.5103     27.772   105.0237    -0.0591      7.707     1.9630     2.8053     85.425     87.666      40386          4  0.000e+00
   57.61140 -134.75532    249.431    152.384    150.921     5.5224    33.2560  1026.9373    26.2339     5.5103     27.775   105.0237    -0.0591      7.707     1.9631     2.8055     85.433     87.674      40387          4  0.000e+00
   57.61140 -134.75532    249.423    152.376    150.913     5.5222    33.2562  1026.9375    26.2341     5.5102     27.777   104.9957    -0.0591      7.707     1.9633     2.8058     85.441     87.682      40388          4  0.000e+00
   57.61140 -134.75532    249.375    152.327    150.865     5.5222    33.2559  1026.9370    26.2338     5.5102     27.773   105.0237    -0.0591      7.707     1.9630     2.8053     85.427     87.668      40389          4  0.000e+00
   57.61140 -134.75532    249.423    152.376    150.913     5.5224    33.2538  1026.9355    26.2322     5.5103     27.834   105.0237    -0.0591      7.707     1.9674     2.8116     85.617     87.863      40390          4  0.000e+00
   57.61140 -134.75532    249.431    152.384    150.921     5.5221    33.2556  1026.9370    26.2336     5.5100     27.844   104.9957    -0.0591      7.707     1.9681     2.8126     85.647     87.894      40391          4  0.000e+00
   57.61140 -134.75532    249.391    152.319    150.857     5.5221    33.2565  1026.9374    26.2343     5.5101     27.847   105.0237    -0.0591      7.707     1.9682     2.8128     85.654     87.901      40392          4  0.000e+00
   57.61140 -134.75532    249.448    152.376    150.913     5.5221    33.2565  1026.9377    26.2344     5.5100     27.856   104.9957    -0.0591      7.707     1.9689     2.8138     85.685     87.933      40393          4  0.000e+00
   57.61140 -134.75532    249.456    152.384    150.921     5.5224    33.2560  1026.9373    26.2339     5.5103     27.866   104.9678    -0.0591      7.707     1.9696     2.8148     85.714     87.963      40394          4  0.000e+00
   57.61140 -134.75532    249.448    152.376    150.913     5.5222    33.2563  1026.9376    26.2342     5.5101     27.810   104.9398    -0.0591      7.707     1.9657     2.8091     85.542     87.786      40395          4  0.000e+00
   57.61140 -134.75532    249.456    152.384    150.921     5.5222    33.2566  1026.9379    26.2344     5.5102     27.754   104.9398    -0.0591      7.707     1.9617     2.8035     85.371     87.610      40396          4  0.000e+00
   57.61140 -134.75532    249.448    152.376    150.913     5.5220    33.2563  1026.9375    26.2342     5.5099     27.809   104.9398    -0.0591      7.707     1.9656     2.8090     85.539     87.783      40397          4  0.000e+00
   57.61140 -134.75532    249.431    152.384    150.921     5.5224    33.2560  1026.9373    26.2339     5.5103     27.864   104.9398    -0.0591      7.707     1.9694     2.8145     85.706     87.955      40398          4  0.000e+00
   57.61140 -134.75532    249.367    152.319    150.857     5.5221    33.2563  1026.9373    26.2342     5.5101     27.866   104.9398    -0.0591      7.707     1.9696     2.8148     85.715     87.964      40399          4  0.000e+00
   57.61140 -134.75532    249.520    152.449    150.985     5.5220    33.2565  1026.9381    26.2344     5.5099     27.869   104.9398    -0.0591      7.707     1.9699     2.8151     85.725     87.974      40400          4  0.000e+00
   57.61140 -134.75532    249.423    152.376    150.913     5.5221    33.2567  1026.9379    26.2345     5.5100     27.879   104.9398    -0.0591      7.707     1.9705     2.8161     85.753     88.003      40401          4  0.000e+00
   57.61140 -134.75532    249.319    152.270    150.809     5.5221    33.2564  1026.9372    26.2343     5.5101     27.822   104.9398    -0.0591      7.707     1.9665     2.8104     85.580     87.825      40402          4  0.000e+00
   57.61140 -134.75532    249.543    152.497    151.033     5.5222    33.2563  1026.9381    26.2341     5.5102     27.819   104.9398    -0.0591      7.707     1.9663     2.8100     85.568     87.813      40403          4  0.000e+00
   57.61140 -134.75532    249.423    152.376    150.913     5.5221    33.2565  1026.9377    26.2344     5.5100     27.806   104.9398    -0.0591      7.707     1.9654     2.8087     85.530     87.774      40404          4  0.000e+00
   57.61140 -134.75532    249.495    152.449    150.985     5.5224    33.2564  1026.9379    26.2342     5.5103     27.736   104.9398    -0.0591      7.707     1.9604     2.8016     85.312     87.551      40405          4  0.000e+00
   57.61140 -134.75532    249.448    152.376    150.913     5.5221    33.2566  1026.9378    26.2344     5.5100     27.782   104.9398    -0.0591      7.707     1.9636     2.8062     85.455     87.696      40406          4  0.000e+00
   57.61140 -134.75532    249.431    152.384    150.921     5.5221    33.2565  1026.9378    26.2344     5.5100     27.718   104.9398    -0.0591      7.707     1.9592     2.7999     85.260     87.497      40407          4  0.000e+00
   57.61140 -134.75532    249.448    152.376    150.913     5.5221    33.2562  1026.9375    26.2341     5.5100     27.707   104.9398    -0.0591      7.707     1.9583     2.7987     85.224     87.460      40408          4  0.000e+00
   57.61140 -134.75532    249.520    152.449    150.985     5.5221    33.2566  1026.9381    26.2344     5.5100     27.754   104.9398    -0.0591      7.707     1.9617     2.8034     85.369     87.608      40409          4  0.000e+00
   57.61140 -134.75532    249.448    152.376    150.913     5.5221    33.2563  1026.9376    26.2342     5.5100     27.691   104.9398    -0.0591      7.707     1.9572     2.7971     85.175     87.409      40410          4  0.000e+00
   57.61140 -134.75532    249.456    152.384    150.921     5.5220    33.2565  1026.9378    26.2344     5.5099     27.738   104.9398    -0.0591      7.707     1.9606     2.8018     85.320     87.559      40411          4  0.000e+00
   57.61140 -134.75532    249.448    152.376    150.913     5.5221    33.2565  1026.9377    26.2344     5.5100     27.734   104.9398    -0.0591      7.707     1.9603     2.8014     85.307     87.545      40412          4  0.000e+00
   57.61140 -134.75532    249.512    152.441    150.977     5.5220    33.2566  1026.9381    26.2345     5.5099     27.730   104.9398    -0.0591      7.707     1.9600     2.8010     85.296     87.533      40413          4  0.000e+00
   57.61140 -134.75532    249.431    152.384    150.921     5.5221    33.2562  1026.9376    26.2341     5.5100     27.733   104.9398    -0.0591      7.707     1.9602     2.8013     85.305     87.543      40414          4  0.000e+00
   57.61140 -134.75532    249.448    152.376    150.913     5.5220    33.2565  1026.9378    26.2344     5.5099     27.729   104.9678    -0.0591      7.707     1.9599     2.8009     85.293     87.531      40415          4  0.000e+00
   57.61140 -134.75532    249.432    152.384    150.921     5.5221    33.2565  1026.9378    26.2344     5.5100     27.784   104.9678    -0.0591      7.707     1.9638     2.8064     85.461     87.703      40416          4  0.000e+00
   57.61140 -134.75532    249.448    152.376    150.913     5.5222    33.2564  1026.9376    26.2342     5.5102     27.728   104.9678    -0.0591      7.707     1.9599     2.8008     85.290     87.527      40417          4  0.000e+00
   57.61140 -134.75532    249.456    152.384    150.921     5.5217    33.2569  1026.9381    26.2347     5.5097     27.724   104.9678    -0.0591      7.707     1.9596     2.8004     85.278     87.515      40418          4  0.000e+00
   57.61140 -134.75532    249.448    152.376    150.913     5.5220    33.2564  1026.9376    26.2343     5.5099     27.727   104.9678    -0.0591      7.707     1.9598     2.8008     85.288     87.525      40419          4  0.000e+00
   57.61140 -134.75532    249.432    152.384    150.921     5.5222    33.2562  1026.9375    26.2341     5.5102     27.782   104.9678    -0.0591      7.707     1.9637     2.8063     85.455     87.697      40420          4  0.000e+00
   57.61140 -134.75532    249.367    152.319    150.857     5.5217    33.2569  1026.9378    26.2347     5.5097     27.726   104.9678    -0.0591      7.707     1.9597     2.8007     85.285     87.522      40421          4  0.000e+00
   57.61140 -134.75532    249.344    152.271    150.809     5.5220    33.2564  1026.9372    26.2343     5.5099     27.722   104.9678    -0.0591      7.707     1.9594     2.8002     85.271     87.508      40422          4  0.000e+00
   57.61140 -134.75532    249.568    152.498    151.033     5.5220    33.2565  1026.9383    26.2344     5.5099     27.719   104.9678    -0.0591      7.707     1.9592     2.7999     85.261     87.498      40423          4  0.000e+00
   57.61140 -134.75532    249.448    152.376    150.913     5.5217    33.2566  1026.9378    26.2345     5.5097     27.714   104.9678    -0.0591      7.707     1.9589     2.7994     85.247     87.484      40424          4  0.000e+00
   57.61140 -134.75532    249.432    152.384    150.921     5.5220    33.2563  1026.9376    26.2342     5.5099     27.659   104.9678    -0.0591      7.707     1.9550     2.7939     85.078     87.310      40425          4  0.000e+00
   57.61140 -134.75532    249.392    152.319    150.857     5.5221    33.2562  1026.9372    26.2341     5.5101     27.706   104.9678    -0.0591      7.707     1.9583     2.7987     85.224     87.459      40426          4  0.000e+00
   57.61140 -134.75532    249.432    152.384    150.921     5.5221    33.2567  1026.9379    26.2345     5.5100     27.703   104.9678    -0.0591      7.707     1.9581     2.7983     85.213     87.449      40427          4  0.000e+00
   57.61140 -134.75532    249.368    152.320    150.857     5.5220    33.2568  1026.9377    26.2346     5.5099     27.707   104.9678    -0.0591      7.707     1.9584     2.7987     85.224     87.460      40428          4  0.000e+00
   57.61140 -134.75532    249.432    152.384    150.921     5.5221    33.2568  1026.9380    26.2346     5.5100     27.711   104.9678    -0.0591      7.707     1.9587     2.7991     85.237     87.474      40429          4  0.000e+00
   57.61140 -134.75532    249.392    152.320    150.857     5.5220    33.2568  1026.9377    26.2346     5.5099     27.723   104.9678    -0.0591      7.707     1.9595     2.8003     85.273     87.510      40430          4  0.000e+00
   57.61140 -134.75532    249.376    152.328    150.865     5.5221    33.2565  1026.9375    26.2344     5.5100     27.728   104.9678    -0.0591      7.707     1.9598     2.8008     85.289     87.526      40431          4  0.000e+00
   57.61140 -134.75532    199.334    101.764    100.799     5.9383    32.7770  1026.2742    25.8048     5.9300     35.367   104.9957    -0.0005      7.763     2.4834     3.5490    108.117    110.907      43738          5  0.000e+00
   57.61140 -134.75532    199.607    102.039    101.072     5.9388    32.7766  1026.2750    25.8045     5.9305     35.313   104.9957    -0.0005      7.763     2.4795     3.5435    107.950    110.736      43739          5  0.000e+00
   57.61140 -134.75532    199.366    101.821    100.855     5.9386    32.7768  1026.2742    25.8047     5.9304     35.308   104.9678    -0.0005      7.763     2.4792     3.5430    107.935    110.720      43740          5  0.000e+00
   57.61140 -134.75532    199.430    101.861    100.896     5.9384    32.7772  1026.2748    25.8050     5.9301     35.297   104.9957    -0.0005      7.763     2.4784     3.5419    107.902    110.686      43741          5  0.000e+00
   57.61140 -134.75532    199.510    101.942    100.976     5.9386    32.7773  1026.2752    25.8051     5.9303     35.344   104.9678    -0.0298      7.763     2.4817     3.5466    108.045    110.833      43742          5  0.000e+00
   57.61140 -134.75532    199.430    101.861    100.896     5.9388    32.7771  1026.2746    25.8048     5.9305     35.339   104.9957    -0.0298      7.763     2.4813     3.5461    108.029    110.817      43743          5  0.000e+00
   57.61140 -134.75532    199.510    101.942    100.976     5.9394    32.7765  1026.2745    25.8043     5.9311     35.342   104.9678    -0.0298      7.763     2.4815     3.5463    108.036    110.824      43744          5  0.000e+00
   57.61140 -134.75532    199.430    101.861    100.896     5.9396    32.7768  1026.2743    25.8045     5.9313     35.344   104.9957    -0.0298      7.763     2.4816     3.5465    108.041    110.829      43745          5  0.000e+00
   57.61140 -134.75532    199.366    101.821    100.856     5.9401    32.7764  1026.2738    25.8042     5.9318     35.339   104.9957    -0.0298      7.763     2.4812     3.5459    108.025    110.812      43746          5  0.000e+00
   57.61140 -134.75532    199.486    101.942    100.976     5.9397    32.7767  1026.2746    25.8045     5.9314     35.276   104.9957    -0.0298      7.763     2.4769     3.5397    107.835    110.618      43747          5  0.000e+00
