EcoFOCI/data/1_SampleCollection/2022_GOA-OA_CruiseData/CTD_raw_BottleFile_RC0083/RC0083_081.ros
* Sea-Bird SBE 9 Data File:
* FileName = C:\Data\RC0083ctd\RC0083_081.hex
* Software Version Seasave V 7.26.7.107
* Temperature SN = 2060
* Conductivity SN = 2881
* Number of Bytes Per Scan = 31
* Number of Voltage Words = 4
* Number of Scans Averaged by the Deck Unit = 1
* NMEA Latitude = 58 12.37 N
* NMEA Longitude = 134 26.53 W
* NMEA UTC (Time) = Aug 22 2022  01:33:07
* NMEA baud rate = 4800
** Ship: R/V Rachel Carson
** Cruise ID: RC0083
** Tech: McHugh/Nomura
** Chief Scientist: Cross
** Station: SPB
** Cast:  CTD081
# nquan = 21
# nvalues = 196                                   
# units = specified
# name 0 = latitude: Latitude [deg]
# name 1 = longitude: Longitude [deg]
# name 2 = sfdSM: Seafloor depth [salt water, m]
# name 3 = prDM: Pressure, Digiquartz [db]
# name 4 = depSM: Depth [salt water, m]
# name 5 = t090C: Temperature [ITS-90, deg C]
# name 6 = sal00: Salinity, Practical [PSU]
# name 7 = density00: Density [density, kg/m^3]
# name 8 = sigma-é00: Density [sigma-theta, kg/m^3]
# name 9 = potemp090C: Potential Temperature [ITS-90, deg C]
# name 10 = sbeox0PS: Oxygen, SBE 43 [% saturation]
# name 11 = CStarTr0: Beam Transmission, WET Labs C-Star [%]
# name 12 = flECO-AFL: Fluorescence, WET Labs ECO-AFL/FL [mg/m^3]
# name 13 = ph: pH
# name 14 = sbeox0ML/L: Oxygen, SBE 43 [ml/l]
# name 15 = sbeox0Mg/L: Oxygen, SBE 43 [mg/l]
# name 16 = sbox0Mm/Kg: Oxygen, SBE 43 [umol/kg]
# name 17 = sbeox0Mm/L: Oxygen, SBE 43 [umol/l]
# name 18 = scan: Scan Count
# name 19 = nbf: Bottles Fired
# name 20 = flag:  0.000e+00
# interval = seconds: 0.0416667
# start_time = Aug 22 2022 01:33:07 [NMEA time, header]
# bad_flag = -9.990e-29
*END*
[from data line 69]
   58.20608 -134.44198     79.455     50.356     49.882     6.3448    31.4493  1024.9390    24.7066     6.3407     48.799    80.4110     0.2339      7.777     3.4240     4.8932    149.229    152.916       5971          2  0.000e+00
   58.20608 -134.44198     79.391     50.291     49.818     6.3458    31.4487  1024.9381    24.7060     6.3417     48.798    80.4110     0.2339      7.777     3.4239     4.8930    149.223    152.910       5972          2  0.000e+00
   58.20608 -134.44198     79.335     50.235     49.762     6.3479    31.4470  1024.9362    24.7044     6.3438     48.803    80.4110     0.2339      7.777     3.4241     4.8934    149.233    152.920       5973          2  0.000e+00
   58.20608 -134.44198     79.335     50.235     49.762     6.3494    31.4461  1024.9353    24.7035     6.3453     48.808    80.4110     0.2339      7.777     3.4244     4.8938    149.245    152.932       5974          2  0.000e+00
   58.20608 -134.44198     79.391     50.291     49.818     6.3497    31.4463  1024.9357    24.7037     6.3455     48.814    80.4110     0.2339      7.777     3.4247     4.8943    149.261    152.948       5975          2  0.000e+00
   58.20608 -134.44198     79.335     50.235     49.762     6.3498    31.4463  1024.9355    24.7037     6.3457     48.818    80.4110     0.2339      7.777     3.4250     4.8947    149.274    152.962       5976          2  0.000e+00
   58.20608 -134.44198     79.335     50.235     49.762     6.3498    31.4466  1024.9357    24.7039     6.3457     48.766    80.4110     0.2339      7.777     3.4214     4.8895    149.114    152.798       5977          2  0.000e+00
   58.20608 -134.44198     79.391     50.291     49.818     6.3498    31.4464  1024.9358    24.7037     6.3457     48.764    80.4110     0.2339      7.777     3.4212     4.8893    149.109    152.793       5978          2  0.000e+00
   58.20608 -134.44198     79.391     50.291     49.818     6.3495    31.4466  1024.9360    24.7039     6.3454     48.756    80.4390     0.2339      7.777     3.4207     4.8885    149.083    152.766       5979          2  0.000e+00
   58.20608 -134.44198     79.335     50.235     49.762     6.3487    31.4471  1024.9362    24.7044     6.3446     48.810    80.4110     0.2339      7.777     3.4245     4.8940    149.253    152.940       5980          2  0.000e+00
   58.20608 -134.44198     79.335     50.235     49.762     6.3482    31.4475  1024.9366    24.7048     6.3441     48.814    80.4110     0.2339      7.777     3.4249     4.8945    149.267    152.954       5981          2  0.000e+00
   58.20608 -134.44198     79.335     50.235     49.762     6.3481    31.4472  1024.9364    24.7046     6.3440     48.818    80.4110     0.2339      7.777     3.4251     4.8949    149.279    152.967       5982          2  0.000e+00
   58.20608 -134.44198     79.391     50.291     49.818     6.3477    31.4475  1024.9369    24.7048     6.3436     48.822    80.4110     0.2339      7.777     3.4254     4.8953    149.292    152.980       5983          2  0.000e+00
   58.20608 -134.44198     79.335     50.235     49.762     6.3476    31.4480  1024.9371    24.7053     6.3435     48.825    80.4110     0.2339      7.777     3.4256     4.8956    149.301    152.990       5984          2  0.000e+00
   58.20608 -134.44198     79.335     50.235     49.762     6.3474    31.4479  1024.9370    24.7052     6.3433     48.828    80.4110     0.2339      7.777     3.4259     4.8959    149.311    153.000       5985          2  0.000e+00
   58.20608 -134.44198     79.335     50.235     49.762     6.3469    31.4484  1024.9375    24.7056     6.3428     48.831    80.4110     0.2339      7.777     3.4261     4.8962    149.321    153.010       5986          2  0.000e+00
   58.20608 -134.44198     79.391     50.291     49.818     6.3469    31.4482  1024.9375    24.7055     6.3428     48.834    80.4110     0.2339      7.777     3.4263     4.8965    149.330    153.019       5987          2  0.000e+00
   58.20608 -134.44198     79.335     50.235     49.762     6.3463    31.4486  1024.9377    24.7059     6.3422     48.893    80.3271     0.2339      7.777     3.4305     4.9025    149.511    153.205       5988          2  0.000e+00
   58.20608 -134.44198     79.335     50.235     49.762     6.3453    31.4492  1024.9383    24.7065     6.3412     48.851    80.2991     0.2339      7.777     3.4276     4.8984    149.386    153.077       5989          2  0.000e+00
   58.20608 -134.44198     79.391     50.291     49.818     6.3448    31.4496  1024.9389    24.7068     6.3407     48.853    80.2991     0.2339      7.777     3.4278     4.8986    149.394    153.085       5990          2  0.000e+00
   58.20608 -134.44198     79.335     50.235     49.762     6.3453    31.4489  1024.9381    24.7063     6.3412     48.904    80.2991     0.2339      7.777     3.4313     4.9037    149.549    153.244       5991          2  0.000e+00
   58.20608 -134.44198     79.391     50.291     49.818     6.3452    31.4492  1024.9385    24.7065     6.3411     48.905    80.2991     0.2339      7.777     3.4314     4.9038    149.551    153.246       5992          2  0.000e+00
   58.20608 -134.44198     79.335     50.235     49.762     6.3450    31.4495  1024.9386    24.7068     6.3409     48.904    80.2991     0.2339      7.777     3.4313     4.9037    149.549    153.244       5993          2  0.000e+00
   58.20608 -134.44198     79.335     50.235     49.762     6.3452    31.4496  1024.9386    24.7068     6.3411     48.852    80.2991     0.2339      7.777     3.4277     4.8985    149.390    153.081       5994          2  0.000e+00
   58.20608 -134.44198     79.391     50.291     49.818     6.3456    31.4494  1024.9387    24.7066     6.3415     48.908    80.2991     0.2339      7.777     3.4316     4.9041    149.560    153.255       5995          2  0.000e+00
   58.20608 -134.44198     79.335     50.235     49.762     6.3479    31.4472  1024.9364    24.7046     6.3438     48.912    80.2991     0.2046      7.777     3.4317     4.9043    149.567    153.262       5996          2  0.000e+00
   58.20608 -134.44198     79.215     50.113     49.642     6.3503    31.4455  1024.9342    24.7029     6.3462     48.915    80.2991     0.2046      7.777     3.4318     4.9044    149.570    153.264       5997          2  0.000e+00
   58.20608 -134.44198     79.455     50.356     49.882     6.3515    31.4445  1024.9344    24.7020     6.3473     48.920    80.2991     0.2046      7.777     3.4321     4.9048    149.582    153.277       5998          2  0.000e+00
   58.20608 -134.44198     79.391     50.291     49.818     6.3508    31.4454  1024.9349    24.7028     6.3467     48.923    80.2991     0.2046      7.777     3.4323     4.9051    149.591    153.287       5999          2  0.000e+00
   58.20612 -134.44188    113.546     14.905     14.767    10.6191    28.3731  1021.7518    21.6842    10.6175     86.426    95.5142     2.5782      8.196     5.6177     8.0282    245.560    250.885       8067          3  0.000e+00
   58.20612 -134.44188    113.690     15.051     14.911    10.6177    28.3734  1021.7530    21.6847    10.6160     86.428    95.5142     2.5782      8.196     5.6179     8.0286    245.571    250.896       8068          3  0.000e+00
   58.20612 -134.44188    113.521     14.905     14.767    10.6185    28.3732  1021.7521    21.6844    10.6169     86.426    95.5142     2.5782      8.196     5.6177     8.0283    245.562    250.887       8069          3  0.000e+00
   58.20612 -134.44188     88.637     14.905     14.767    10.6176    28.3739  1021.7527    21.6850    10.6160     86.481    95.4583     2.5782      8.196     5.6214     8.0335    245.721    251.050       8070          3  0.000e+00
   58.20612 -134.44186     63.516     14.962     14.823    10.6163    28.3741  1021.7533    21.6854    10.6147     86.431    95.3744     2.5489      8.196     5.6183     8.0291    245.587    250.913       8071          3  0.000e+00
   58.20612 -134.44186     58.086     15.027     14.887    10.6157    28.3744  1021.7540    21.6858    10.6140     86.432    95.3744     2.5782      8.196     5.6184     8.0292    245.591    250.917       8072          3  0.000e+00
   58.20612 -134.44186     59.145     14.938     14.798    10.6150    28.3750  1021.7541    21.6863    10.6133     86.430    95.3744     2.5782      8.196     5.6184     8.0292    245.590    250.916       8073          3  0.000e+00
   58.20612 -134.44186     60.114     14.905     14.766    10.6152    28.3744  1021.7535    21.6859    10.6136     86.430    95.3744     2.5782      8.196     5.6183     8.0291    245.588    250.913       8074          3  0.000e+00
   58.20612 -134.44186     60.390     14.962     14.822    10.6140    28.3749  1021.7544    21.6865    10.6123     86.430    95.3744     2.5782      8.196     5.6185     8.0293    245.594    250.920       8075          3  0.000e+00
   58.20612 -134.44186     60.341     14.962     14.822    10.6124    28.3753  1021.7549    21.6870    10.6107     86.430    95.3744     2.5782      8.196     5.6186     8.0296    245.602    250.928       8076          3  0.000e+00
   58.20612 -134.44186     60.293     14.962     14.822    10.6127    28.3749  1021.7546    21.6867    10.6111     86.429    95.3744     2.5782      8.196     5.6186     8.0295    245.599    250.925       8077          3  0.000e+00
   58.20612 -134.44186     60.244     14.938     14.798    10.6132    28.3751  1021.7545    21.6867    10.6115     86.428    95.3744     2.5782      8.196     5.6185     8.0293    245.594    250.920       8078          3  0.000e+00
   58.20612 -134.44186     60.293     14.962     14.822    10.6125    28.3755  1021.7551    21.6871    10.6109     86.428    95.3744     2.5782      8.196     5.6185     8.0294    245.597    250.923       8079          3  0.000e+00
   58.20612 -134.44186     60.293     14.962     14.822    10.6099    28.3768  1021.7565    21.6886    10.6082     86.428    95.3744     2.5782      8.196     5.6188     8.0298    245.608    250.935       8080          3  0.000e+00
   58.20612 -134.44186     60.293     14.962     14.822    10.6092    28.3769  1021.7567    21.6888    10.6076     86.422    95.3744     2.4903      8.196     5.6185     8.0294    245.595    250.921       8081          3  0.000e+00
   58.20612 -134.44186     60.293     14.962     14.822    10.6087    28.3770  1021.7569    21.6889    10.6071     86.477    95.3744     2.2266      8.196     5.6221     8.0345    245.752    251.082       8082          3  0.000e+00
   58.20612 -134.44186     60.269     14.938     14.798    10.6081    28.3773  1021.7570    21.6892    10.6064     86.481    95.3744     2.1094      8.196     5.6224     8.0350    245.767    251.097       8083          3  0.000e+00
   58.20612 -134.44186     60.293     14.962     14.822    10.6077    28.3775  1021.7574    21.6895    10.6060     86.486    95.3744     2.1094      8.196     5.6228     8.0355    245.781    251.112       8084          3  0.000e+00
   58.20612 -134.44186     68.888     14.962     14.822    10.6076    28.3776  1021.7575    21.6895    10.6059     86.434    95.3744     2.1094      8.196     5.6194     8.0307    245.636    250.964       8085          3  0.000e+00
   58.20612 -134.44186     78.461     14.962     14.822    10.6073    28.3776  1021.7575    21.6896    10.6056     86.433    95.3744     2.1387      8.196     5.6194     8.0307    245.635    250.962       8086          3  0.000e+00
   58.20612 -134.44186     80.683     14.962     14.822    10.6050    28.3786  1021.7587    21.6908    10.6033     86.432    95.3744     2.1387      8.196     5.6196     8.0309    245.642    250.970       8087          3  0.000e+00
   58.20612 -134.44186     80.292     14.962     14.822    10.6040    28.3794  1021.7595    21.6915    10.6023     86.431    95.3744     2.1094      8.196     5.6196     8.0310    245.643    250.971       8088          3  0.000e+00
   58.20612 -134.44186     79.878     14.938     14.798    10.6048    28.3789  1021.7588    21.6910    10.6031     86.429    95.3744     2.1387      8.196     5.6194     8.0307    245.634    250.962       8089          3  0.000e+00
   58.20612 -134.44186     79.804     14.962     14.822    10.6058    28.3781  1021.7582    21.6902    10.6041     86.428    95.3185     2.1387      8.196     5.6192     8.0304    245.627    250.955       8090          3  0.000e+00
   58.20612 -134.44186     79.853     14.962     14.822    10.6057    28.3783  1021.7584    21.6904    10.6041     86.482    95.2345     2.1387      8.196     5.6227     8.0354    245.780    251.111       8091          3  0.000e+00
   58.20612 -134.44186     79.853     14.962     14.822    10.6046    28.3784  1021.7586    21.6907    10.6030     86.486    95.2066     2.1387      8.196     5.6231     8.0360    245.796    251.128       8092          3  0.000e+00
   58.20612 -134.44186     79.797     14.905     14.766    10.6046    28.3785  1021.7584    21.6908    10.6030     86.494    95.2066     2.1387      8.196     5.6236     8.0368    245.820    251.152       8093          3  0.000e+00
   58.20612 -134.44186     79.885     14.994     14.854    10.6060    28.3780  1021.7582    21.6902    10.6043     86.498    95.2066     2.1387      8.196     5.6238     8.0369    245.826    251.158       8094          3  0.000e+00
   58.20612 -134.44186     79.853     14.962     14.822    10.6060    28.3780  1021.7581    21.6901    10.6043     86.446    95.2066     2.1387      8.196     5.6204     8.0321    245.678    251.007       8095          3  0.000e+00
   58.20612 -134.44186     79.853     14.962     14.822    10.6035    28.3795  1021.7596    21.6917    10.6018     86.500    95.2066     2.1094      8.201     5.6241     8.0374    245.840    251.173       8096          3  0.000e+00
   58.20612 -134.44186     79.797     14.905     14.766    10.6027    28.3802  1021.7600    21.6924    10.6010     86.447    95.2066     2.1387      8.196     5.6208     8.0327    245.694    251.024       8097          3  0.000e+00
   58.20612 -134.44186     79.853     14.962     14.822    10.6045    28.3786  1021.7588    21.6909    10.6028     86.445    95.2066     2.1094      8.196     5.6205     8.0322    245.682    251.011       8098          3  0.000e+00
   58.20612 -134.44186     79.829     14.938     14.798    10.6051    28.3783  1021.7583    21.6905    10.6035     86.443    95.2066     2.1387      8.196     5.6203     8.0319    245.672    251.001       8099          3  0.000e+00
   58.20612 -134.44186     79.828     14.962     14.822    10.6045    28.3781  1021.7584    21.6905    10.6028     86.441    95.2066     2.1387      8.196     5.6202     8.0319    245.670    250.999       8100          3  0.000e+00
   58.20612 -134.44186     79.828     14.962     14.822    10.6042    28.3780  1021.7584    21.6904    10.6025     86.439    95.2066     2.1387      8.196     5.6201     8.0317    245.666    250.995       8101          3  0.000e+00
   58.20612 -134.44186     79.828     14.962     14.822    10.6043    28.3778  1021.7582    21.6903    10.6026     86.437    95.2066     2.3731      8.196     5.6200     8.0315    245.660    250.988       8102          3  0.000e+00
   58.20612 -134.44186     79.828     14.962     14.822    10.6045    28.3778  1021.7582    21.6903    10.6028     86.434    95.2066     2.5196      8.196     5.6198     8.0313    245.652    250.981       8103          3  0.000e+00
   58.20612 -134.44186     79.804     14.937     14.798    10.6047    28.3778  1021.7580    21.6902    10.6031     86.432    95.2066     2.5489      8.196     5.6196     8.0310    245.644    250.972       8104          3  0.000e+00
   58.20612 -134.44186     79.828     14.962     14.822    10.6053    28.3779  1021.7581    21.6902    10.6037     86.430    95.2066     2.5489      8.196     5.6194     8.0307    245.635    250.963       8105          3  0.000e+00
