EcoFOCI/data/1_SampleCollection/2022_GOA-OA_CruiseData/CTD_raw_BottleFile_RC0083/RC0083_111.cnv
* Sea-Bird SBE 9 Data File:
* FileName = C:\Data\RC0083ctd\RC0083_111.hex
* Software Version Seasave V 7.26.7.107
* Temperature SN = 2060
* Conductivity SN = 2881
* Number of Bytes Per Scan = 31
* Number of Voltage Words = 4
* Number of Scans Averaged by the Deck Unit = 1
* NMEA Latitude = 56 20.56 N
* NMEA Longitude = 133 42.66 W
* NMEA UTC (Time) = Aug 23 2022  09:44:35
* NMEA baud rate = 4800
** Ship: R/V Rachel Carson
** Cruise ID: RC0083
** Tech: McHugh/Nomura
** Chief Scientist: Cross
** Station: USS2
** Cast:  CTD111
# nquan = 19
# nvalues = 13376                                 
# units = specified
# name 0 = latitude: Latitude [deg]
# name 1 = longitude: Longitude [deg]
# name 2 = sfdSM: Seafloor depth [salt water, m]
# name 3 = prDM: Pressure, Digiquartz [db]
# name 4 = depSM: Depth [salt water, m]
# name 5 = t090C: Temperature [ITS-90, deg C]
# name 6 = sal00: Salinity, Practical [PSU]
# name 7 = density00: Density [density, kg/m^3]
# name 8 = sigma-é00: Density [sigma-theta, kg/m^3]
# name 9 = potemp090C: Potential Temperature [ITS-90, deg C]
# name 10 = sbeox0PS: Oxygen, SBE 43 [% saturation]
# name 11 = CStarTr0: Beam Transmission, WET Labs C-Star [%]
# name 12 = flECO-AFL: Fluorescence, WET Labs ECO-AFL/FL [mg/m^3]
# name 13 = ph: pH
# name 14 = sbeox0ML/L: Oxygen, SBE 43 [ml/l]
# name 15 = sbeox0Mg/L: Oxygen, SBE 43 [mg/l]
# name 16 = sbox0Mm/Kg: Oxygen, SBE 43 [umol/kg]
# name 17 = sbeox0Mm/L: Oxygen, SBE 43 [umol/l]
# name 18 = flag:  0.000e+00
# span 0 =   56.34004,   56.34266                 
# span 1 = -133.71654, -133.71096                 
# span 2 =      2.100,    223.329                 
# span 3 =      1.739,    187.817                 
# span 4 =      1.724,    186.018                 
# span 5 =     6.8514,     9.4232                 
# span 6 =    29.7833,    32.8361                 
# span 7 =  1022.9806,  1026.5952                 
# span 8 =    22.9723,    25.7365                 
# span 9 =     6.8348,     9.4230                 
# span 10 =     40.821,     73.475                
# span 11 =    83.7673,   100.0732                
# span 12 =    -0.0005,     8.4390                
# span 13 =      7.794,      8.088                
# span 14 =     2.8037,     4.8708                
# span 15 =     4.0067,     6.9608                
# span 16 =    122.073,    212.598                
# span 17 =    125.211,    217.528                
# span 18 = 0.0000e+00, 0.0000e+00                
# interval = seconds: 0.0416667
# start_time = Aug 23 2022 09:44:35 [NMEA time, header]
# bad_flag = -9.990e-29
*END*
[from data line 7620]
   56.34100 -133.71464    192.166    174.812    173.143     6.9472    32.7329  1026.4436    25.6423     6.9316     41.196    99.6816     0.0288      7.799     2.8264     4.0391    123.069    126.225  0.000e+00
   56.34100 -133.71464    192.110    174.755    173.086     6.9425    32.7384  1026.4483    25.6473     6.9269     41.194    99.6816     0.0288      7.799     2.8264     4.0393    123.072    126.229  0.000e+00
   56.34100 -133.71464    192.110    174.755    173.086     6.9404    32.7405  1026.4503    25.6492     6.9247     41.134    99.6816     0.0288      7.799     2.8224     4.0335    122.897    126.049  0.000e+00
   56.34100 -133.71464    192.078    174.698    173.030     6.9466    32.7335  1026.4437    25.6429     6.9309     41.181    99.7096     0.0288      7.799     2.8254     4.0378    123.028    126.183  0.000e+00
   56.34100 -133.71464    192.127    174.698    173.030     6.9538    32.7248  1026.4358    25.6351     6.9382     41.184    99.7655     0.0288      7.799     2.8253     4.0376    123.024    126.177  0.000e+00
   56.34100 -133.71464    192.031    174.577    172.910     6.9585    32.7201  1026.4310    25.6308     6.9429     41.179    99.7935     0.0288      7.799     2.8247     4.0368    123.001    126.153  0.000e+00
   56.34100 -133.71464    192.087    174.634    172.966     6.9551    32.7249  1026.4355    25.6350     6.9395     41.176    99.7935     0.0288      7.799     2.8246     4.0367    122.995    126.148  0.000e+00
   56.34100 -133.71464    191.967    174.512    172.846     6.9493    32.7315  1026.4409    25.6410     6.9336     41.171    99.7935     0.0288      7.799     2.8246     4.0366    122.992    126.145  0.000e+00
   56.34100 -133.71464    192.016    174.512    172.846     6.9457    32.7356  1026.4446    25.6446     6.9301     41.166    99.7935     0.0288      7.799     2.8244     4.0363    122.984    126.137  0.000e+00
   56.34100 -133.71464    192.138    174.512    172.846     6.9442    32.7371  1026.4460    25.6461     6.9286     41.167    99.7935     0.0288      7.799     2.8245     4.0366    122.990    126.144  0.000e+00
   56.34100 -133.71464    192.050    174.399    172.734     6.9425    32.7388  1026.4470    25.6476     6.9269     41.168    99.7935     0.0288      7.799     2.8247     4.0367    122.995    126.149  0.000e+00
   56.34100 -133.71464    192.050    174.399    172.734     6.9425    32.7389  1026.4471    25.6477     6.9269     41.168    99.7935     0.0288      7.799     2.8247     4.0368    122.996    126.151  0.000e+00
   56.34100 -133.71464    191.986    174.334    172.670     6.9493    32.7312  1026.4398    25.6407     6.9337     41.110    99.7935     0.0288      7.799     2.8204     4.0306    122.809    125.958  0.000e+00
   56.34100 -133.71464    192.132    174.334    172.670     6.9550    32.7246  1026.4339    25.6348     6.9393     41.110    99.7935     0.0288      7.799     2.8201     4.0302    122.799    125.947  0.000e+00
   56.34100 -133.71464    192.272    174.277    172.613     6.9604    32.7184  1026.4280    25.6292     6.9448     41.110    99.7935     0.0288      7.799     2.8199     4.0299    122.789    125.936  0.000e+00
   56.34100 -133.71464    192.232    174.212    172.549     6.9651    32.7138  1026.4234    25.6249     6.9495     41.161    99.7935     0.0288      7.799     2.8232     4.0346    122.933    126.083  0.000e+00
   56.34100 -133.71464    192.296    174.277    172.613     6.9667    32.7120  1026.4221    25.6233     6.9511     41.162    99.7935     0.0288      7.799     2.8232     4.0346    122.932    126.082  0.000e+00
   56.34100 -133.71464    192.120    174.099    172.437     6.9698    32.7088  1026.4183    25.6203     6.9542     41.161    99.7935     0.0288      7.799     2.8229     4.0343    122.923    126.073  0.000e+00
   56.34100 -133.71464    192.249    174.156    172.493     6.9742    32.7041  1026.4143    25.6161     6.9585     41.161    99.7935     0.0288      7.799     2.8227     4.0340    122.915    126.064  0.000e+00
   56.34100 -133.71464    192.242    174.099    172.437     6.9781    32.6998  1026.4101    25.6121     6.9625     41.160    99.7935     0.0288      7.799     2.8225     4.0336    122.905    126.053  0.000e+00
   56.34100 -133.71464    192.202    174.034    172.373     6.9781    32.7003  1026.4102    25.6126     6.9625     41.217    99.7935     0.0288      7.799     2.8264     4.0392    123.075    126.227  0.000e+00
   56.34100 -133.71464    192.178    174.034    172.373     6.9758    32.7026  1026.4123    25.6146     6.9602     41.222    99.7935     0.0288      7.799     2.8269     4.0399    123.096    126.249  0.000e+00
   56.34100 -133.71464    192.146    173.978    172.317     6.9719    32.7074  1026.4164    25.6190     6.9563     41.176    99.7935     0.0288      7.799     2.8239     4.0357    122.966    126.116  0.000e+00
   56.34100 -133.71464    192.131    173.913    172.253     6.9712    32.7080  1026.4166    25.6195     6.9556     41.232    99.7655     0.0288      7.799     2.8278     4.0412    123.134    126.289  0.000e+00
   56.34100 -133.71464    192.268    173.978    172.317     6.9716    32.7072  1026.4162    25.6188     6.9560     41.179    99.6816     0.0288      7.799     2.8241     4.0360    122.975    126.126  0.000e+00
   56.34100 -133.71464    192.148    173.856    172.197     6.9719    32.7044  1026.4135    25.6166     6.9563     41.176    99.6257     0.0288      7.799     2.8239     4.0357    122.967    126.117  0.000e+00
   56.34100 -133.71464    192.067    173.799    172.140     6.9734    32.7046  1026.4132    25.6166     6.9578     41.173    99.6257     0.0288      7.799     2.8236     4.0352    122.953    126.103  0.000e+00
   56.34100 -133.71464    192.092    173.799    172.140     6.9763    32.7022  1026.4109    25.6143     6.9607     41.170    99.6257     0.0288      7.799     2.8233     4.0347    122.937    126.086  0.000e+00
   56.34100 -133.71464    192.189    173.799    172.140     6.9791    32.6992  1026.4081    25.6116     6.9635     41.166    99.6536     0.0288      7.799     2.8229     4.0342    122.922    126.070  0.000e+00
   56.34100 -133.71464    192.174    173.735    172.076     6.9816    32.6970  1026.4058    25.6095     6.9660     41.220    99.6257     0.0288      7.799     2.8264     4.0393    123.077    126.229  0.000e+00
   56.34100 -133.71464    192.093    173.678    172.020     6.9838    32.6946  1026.4033    25.6073     6.9682     41.164    99.6536     0.0288      7.799     2.8225     4.0336    122.906    126.053  0.000e+00
   56.34100 -133.71464    192.093    173.678    172.020     6.9878    32.6899  1026.3990    25.6030     6.9722     41.217    99.6257     0.0288      7.799     2.8260     4.0386    123.057    126.208  0.000e+00
   56.34100 -133.71464    192.078    173.613    171.956     6.9942    32.6823  1026.3919    25.5962     6.9786     41.166    99.6257     0.0288      7.799     2.8222     4.0333    122.896    126.041  0.000e+00
   56.34100 -133.71464    192.176    173.613    171.956     7.0019    32.6741  1026.3844    25.5887     6.9863     41.225    99.6257     0.0288      7.799     2.8259     4.0386    123.058    126.207  0.000e+00
   56.34100 -133.71464    192.200    173.613    171.956     7.0084    32.6670  1026.3779    25.5823     6.9928     41.233    99.6257     0.0288      7.799     2.8262     4.0389    123.068    126.217  0.000e+00
   56.34100 -133.71464    192.088    173.500    171.844     7.0138    32.6617  1026.3725    25.5774     6.9982     41.182    99.6257     0.0288      7.799     2.8224     4.0335    122.906    126.049  0.000e+00
   56.34100 -133.71464    192.144    173.557    171.900     7.0168    32.6581  1026.3695    25.5742     7.0012     41.234    99.6257     0.0288      7.799     2.8259     4.0385    123.057    126.204  0.000e+00
   56.34100 -133.71464    192.186    173.500    171.844     7.0170    32.6584  1026.3695    25.5744     7.0014     41.235    99.6257     0.0288      7.799     2.8259     4.0385    123.056    126.203  0.000e+00
   56.34100 -133.71464    192.244    173.435    171.780     7.0150    32.6611  1026.3716    25.5768     6.9994     41.241    99.6257     0.0581      7.799     2.8264     4.0392    123.080    126.228  0.000e+00
   56.34100 -133.71464    192.268    173.435    171.780     7.0132    32.6630  1026.3733    25.5785     6.9976     41.241    99.6257     0.0581      7.799     2.8265     4.0393    123.083    126.231  0.000e+00
   56.34100 -133.71464    192.188    173.378    171.724     7.0112    32.6651  1026.3750    25.5804     6.9956     41.247    99.6257     0.0581      7.799     2.8270     4.0401    123.104    126.253  0.000e+00
   56.34100 -133.71464    192.188    173.378    171.724     7.0106    32.6658  1026.3756    25.5810     6.9951     41.246    99.6536     0.0581      7.799     2.8269     4.0400    123.102    126.251  0.000e+00
   56.34098 -133.71466    192.172    173.314    171.659     7.0098    32.6668  1026.3762    25.5820     6.9942     41.244    99.6257     0.0581      7.799     2.8269     4.0399    123.098    126.247  0.000e+00
   56.34098 -133.71466    192.165    173.281    171.627     7.0097    32.6671  1026.3763    25.5822     6.9941     41.242    99.6257     0.0581      7.799     2.8267     4.0396    123.091    126.240  0.000e+00
   56.34098 -133.71466    192.141    173.257    171.603     7.0106    32.6664  1026.3755    25.5815     6.9951     41.246    99.5138     0.0581      7.799     2.8269     4.0399    123.101    126.250  0.000e+00
   56.34098 -133.71466    192.141    173.257    171.603     7.0124    32.6643  1026.3737    25.5797     6.9968     41.307    99.4579     0.0581      7.799     2.8311     4.0459    123.281    126.435  0.000e+00
   56.34098 -133.71466    192.109    173.200    171.547     7.0143    32.6621  1026.3714    25.5776     6.9988     41.374    99.4579     0.0581      7.799     2.8356     4.0523    123.478    126.637  0.000e+00
   56.34098 -133.71466    192.509    173.135    171.483     7.0158    32.6607  1026.3698    25.5763     7.0002     41.325    99.4579     0.0581      7.799     2.8321     4.0474    123.328    126.482  0.000e+00
   56.34098 -133.71466    192.777    173.135    171.483     7.0168    32.6595  1026.3687    25.5753     7.0012     41.326    99.4579     0.0581      7.799     2.8322     4.0474    123.330    126.484  0.000e+00
   56.34098 -133.71466    192.826    173.135    171.483     7.0183    32.6580  1026.3673    25.5739     7.0027     41.333    99.4579     0.0581      7.799     2.8326     4.0480    123.349    126.503  0.000e+00
   56.34098 -133.71466    192.746    173.079    171.427     7.0190    32.6571  1026.3662    25.5731     7.0034     41.282    99.4579     0.0581      7.799     2.8290     4.0430    123.194    126.345  0.000e+00
   56.34098 -133.71466    192.746    173.079    171.427     7.0215    32.6547  1026.3640    25.5708     7.0059     41.275    99.4579     0.0581      7.799     2.8284     4.0421    123.168    126.318  0.000e+00
   56.34098 -133.71466    192.697    173.079    171.427     7.0228    32.6531  1026.3626    25.5694     7.0072     41.390    99.4579     0.0581      7.799     2.8362     4.0533    123.509    126.667  0.000e+00
   56.34098 -133.71466    192.633    173.014    171.363     7.0231    32.6528  1026.3620    25.5692     7.0075     41.344    99.4579     0.0581      7.799     2.8331     4.0487    123.370    126.524  0.000e+00
   56.34098 -133.71466    192.577    172.957    171.307     7.0224    32.6539  1026.3627    25.5701     7.0069     41.406    99.4579     0.0581      7.799     2.8373     4.0549    123.557    126.716  0.000e+00
   56.34098 -133.71466    192.577    172.957    171.307     7.0218    32.6547  1026.3634    25.5708     7.0062     41.359    99.4579     0.0581      7.799     2.8341     4.0503    123.416    126.572  0.000e+00
   56.34098 -133.71466    192.601    172.957    171.307     7.0216    32.6547  1026.3634    25.5708     7.0060     41.420    99.4579     0.0581      7.799     2.8383     4.0563    123.600    126.760  0.000e+00
   56.34098 -133.71466    192.569    172.901    171.251     7.0227    32.6536  1026.3622    25.5698     7.0071     41.428    99.4579     0.0581      7.799     2.8389     4.0570    123.623    126.784  0.000e+00
   56.34098 -133.71466    192.594    172.901    171.251     7.0229    32.6531  1026.3617    25.5694     7.0074     41.379    99.4579     0.0581      7.799     2.8355     4.0522    123.475    126.632  0.000e+00
   56.34098 -133.71466    192.530    172.836    171.186     7.0237    32.6523  1026.3607    25.5687     7.0082     41.379    99.4579     0.0581      7.799     2.8355     4.0522    123.476    126.633  0.000e+00
   56.34098 -133.71466    192.530    172.836    171.186     7.0244    32.6517  1026.3601    25.5681     7.0088     41.380    99.4579     0.0581      7.799     2.8355     4.0522    123.476    126.633  0.000e+00
   56.34098 -133.71466    192.571    172.779    171.130     7.0244    32.6515  1026.3597    25.5679     7.0088     41.373    99.4579     0.0581      7.799     2.8350     4.0515    123.454    126.611  0.000e+00
   56.34098 -133.71466    192.629    172.714    171.066     7.0261    32.6495  1026.3576    25.5661     7.0106     41.364    99.4579     0.0581      7.799     2.8344     4.0506    123.427    126.582  0.000e+00
   56.34098 -133.71466    192.718    172.779    171.130     7.0293    32.6462  1026.3549    25.5631     7.0137     41.414    99.4579     0.0581      7.799     2.8376     4.0552    123.568    126.727  0.000e+00
   56.34098 -133.71466    192.654    172.714    171.066     7.0301    32.6456  1026.3540    25.5625     7.0145     41.475    99.5138     0.0581      7.799     2.8417     4.0611    123.749    126.912  0.000e+00
   56.34098 -133.71466    192.597    172.658    171.010     7.0296    32.6459  1026.3541    25.5629     7.0140     41.484    99.5697     0.0581      7.799     2.8424     4.0621    123.777    126.941  0.000e+00
   56.34098 -133.71466    192.541    172.601    170.954     7.0294    32.6462  1026.3541    25.5631     7.0139     41.492    99.5697     0.0581      7.804     2.8429     4.0629    123.801    126.966  0.000e+00
   56.34098 -133.71466    192.566    172.601    170.954     7.0266    32.6500  1026.3574    25.5665     7.0111     41.500    99.5697     0.0581      7.804     2.8436     4.0637    123.828    126.994  0.000e+00
   56.34098 -133.71466    192.566    172.601    170.954     7.0187    32.6589  1026.3655    25.5745     7.0032     41.506    99.5697     0.0581      7.804     2.8444     4.0649    123.863    127.031  0.000e+00
   56.34098 -133.71466    192.502    172.536    170.890     7.0117    32.6663  1026.3720    25.5813     6.9962     41.519    99.5697     0.0581      7.804     2.8456     4.0666    123.912    127.082  0.000e+00
   56.34098 -133.71466    192.502    172.536    170.890     7.0098    32.6685  1026.3740    25.5833     6.9943     41.530    99.5697     0.0581      7.804     2.8464     4.0678    123.949    127.120  0.000e+00
   56.34098 -133.71466    192.934    172.480    170.834     7.0102    32.6678  1026.3731    25.5827     6.9946     41.533    99.5697     0.0581      7.804     2.8466     4.0681    123.958    127.129  0.000e+00
   56.34098 -133.71466    193.251    172.480    170.834     7.0113    32.6663  1026.3718    25.5814     6.9958     41.542    99.5697     0.0581      7.799     2.8472     4.0689    123.983    127.154  0.000e+00
   56.34098 -133.71466    193.180    172.358    170.713     7.0116    32.6660  1026.3710    25.5811     6.9961     41.543    99.5697     0.0581      7.804     2.8472     4.0689    123.984    127.156  0.000e+00
   56.34098 -133.71466    193.300    172.504    170.858     7.0122    32.6654  1026.3710    25.5805     6.9967     41.601    99.5697     0.0581      7.804     2.8512     4.0746    124.159    127.335  0.000e+00
